0.9999942183494568 -0.003397720865905285 -0.00015285650442820042 0.04147066920995712 0.003398188157007098 0.9999892115592957 0.003167590359225869 -0.9224968552589417 0.0001420922635588795 -0.003168091643601656 0.9999949932098389 -0.015786241739988327
0.9999768137931824 -0.00584217207506299 -0.003498929552733898 0.0383814200758934 0.005845498759299517 0.999982476234436 0.0009412327781319618 -0.9254094958305359 0.0034933693241328 -0.0009616636671125889 0.9999934434890747 0.6510446667671204
0.9999644756317139 -0.004623806569725275 -0.007046977523714304 0.01347057893872261 0.004620271269232035 0.9999892115592957 -0.0005178940482437611 -0.9287680983543396 0.007049296051263809 0.0004853167338296771 0.9999750256538391 1.3601654767990112
0.9999327063560486 -0.004428959917277098 -0.010719213634729385 -0.004558932036161423 0.00440878514200449 0.9999884963035583 -0.0019049643306061625 -0.9293365478515625 0.010727525688707829 0.0018575774738565087 0.9999407529830933 2.0610129833221436
0.9998741149902344 -0.0030891471542418003 -0.015559378080070019 -0.025029629468917847 0.0030482118017971516 0.9999918341636658 -0.002653964329510927 -0.9297284483909607 0.015567449852824211 0.0026062026154249907 0.9998754858970642 2.788043737411499
0.9997974038124084 -0.003869590349495411 -0.019751835614442825 -0.04378035292029381 0.0038159352261573076 0.9999889135360718 -0.0027534321416169405 -0.9405665993690491 0.019762268289923668 0.002677503740414977 0.9998010993003845 3.5280449390411377
0.9997026324272156 -0.0020776409655809402 -0.0242956280708313 -0.06816509366035461 0.001978193409740925 0.9999895095825195 -0.004116568248718977 -0.9420307278633118 0.024303924292325974 0.004067283123731613 0.9996963143348694 4.282889366149902
0.99958336353302 0.0005841343081556261 -0.028856586664915085 -0.10127472877502441 -0.0007203485583886504 0.9999886751174927 -0.004710188135504723 -0.9505285620689392 0.028853505849838257 0.004729012027382851 0.9995725154876709 5.042487621307373
0.9994462132453918 0.000554962083697319 -0.03326909616589546 -0.12984588742256165 -0.0006508358055725694 0.9999956488609314 -0.0028710097540169954 -0.9576582312583923 0.03326735645532608 0.002891073701903224 0.9994422793388367 5.833919525146484
0.9992810487747192 7.344457844737917e-05 -0.03791232779622078 -0.162947878241539 -8.940303814597428e-05 0.9999999403953552 -0.0004192302003502846 -0.9602277278900146 0.037912290543317795 0.00042231869883835316 0.9992809891700745 6.635293960571289
0.9991609454154968 -0.00030971819069236517 -0.04095377400517464 -0.2053934931755066 0.0004060638602823019 0.9999971389770508 0.00234425556845963 -0.9652431011199951 0.040952932089567184 -0.0023589185439050198 0.9991582632064819 7.438915729522705
0.9990555644035339 0.0009265560656785965 -0.04344133287668228 -0.24754029512405396 -0.0008621593588031828 0.9999985098838806 0.0015011087525635958 -0.971790075302124 0.043442659080028534 -0.0014622380258515477 0.9990548491477966 8.246384620666504
0.9989603757858276 0.0005188522627577186 -0.04558337479829788 -0.29253894090652466 -0.0004612961201928556 0.9999991059303284 0.0012731687165796757 -0.9744533896446228 0.04558398947119713 -0.0012508179061114788 0.9989597201347351 9.06615924835205
0.9988943338394165 -0.0020577299874275923 -0.046966418623924255 -0.3374055325984955 0.0020874144975095987 0.9999976754188538 0.000583002925850451 -0.9787310361862183 0.0469651073217392 -0.0006803965661674738 0.9988963007926941 9.893767356872559
0.9987806081771851 -0.0025612693279981613 -0.04930225387215614 -0.3736579418182373 0.0026376161258667707 0.9999954104423523 0.0014835491310805082 -0.9841440320014954 0.04929821938276291 -0.0016117808409035206 0.9987828135490417 10.739006042480469
0.9986996054649353 -0.004017339088022709 -0.05082280933856964 -0.4193735122680664 0.004076868295669556 0.9999910593032837 0.0010676903184503317 -0.9879820346832275 0.05081807076931 -0.0012734998017549515 0.998707115650177 11.59130573272705
0.9986128211021423 -0.0018342396942898631 -0.05262162908911705 -0.4710357189178467 0.0017722937045618892 0.999997615814209 -0.0012238378403708339 -0.9954934120178223 0.05262375622987747 0.0011288797250017524 0.998613715171814 12.44814682006836
0.9985405802726746 -0.001458919607102871 -0.05398548021912575 -0.5192146301269531 0.0012506544589996338 0.9999916553497314 -0.0038913844618946314 -1.0033231973648071 0.05399071052670479 0.0038181873969733715 0.9985341429710388 13.312589645385742
0.9984605312347412 0.0024168810341507196 -0.05541209504008293 -0.5803729295730591 -0.0027229797560721636 0.9999814629554749 -0.005449195858091116 -1.0132746696472168 0.055397890508174896 0.0055916933342814445 0.9984486699104309 14.187112808227539
0.9983882308006287 0.0035874154418706894 -0.056641653180122375 -0.6322175860404968 -0.003885144367814064 0.9999791979789734 -0.005147114861756563 -1.022127628326416 0.056622009724378586 0.005358879454433918 0.9983813166618347 15.069701194763184
0.9983116984367371 0.002640963764861226 -0.05802440270781517 -0.6878283023834229 -0.0028618101496249437 0.9999889731407166 -0.003723322181031108 -1.0325440168380737 0.058013927191495895 0.0038830905687063932 0.9983082413673401 15.962950706481934
0.9982425570487976 0.003659902373328805 -0.0591476671397686 -0.7482888102531433 -0.003794778371229768 0.9999904036521912 -0.0021681676153093576 -1.0433192253112793 0.05913916975259781 0.0023888088762760162 0.9982469081878662 16.860843658447266
0.9981802105903625 0.002743724500760436 -0.060238417237997055 -0.8020813465118408 -0.0028587838169187307 0.9999942779541016 -0.001823974889703095 -1.057771921157837 0.06023306027054787 0.0019928645342588425 0.9981822967529297 17.75010871887207
0.9980819225311279 0.0025200298987329006 -0.06185632571578026 -0.8616116046905518 -0.0026836551260203123 0.999993085861206 -0.0025623231194913387 -1.0676878690719604 0.061849445104599 0.0027234090957790613 0.9980817437171936 18.65711212158203
0.9980145692825317 0.0011584737803786993 -0.06297241896390915 -0.9199239015579224 -0.0013690694468095899 0.999993622303009 -0.003301209770143032 -1.0790733098983765 0.0629681944847107 0.003380870446562767 0.9980098009109497 19.57238006591797
0.9979758858680725 0.0009773561032488942 -0.06358612328767776 -0.9762805700302124 -0.0010798190487548709 0.999998152256012 -0.001577045302838087 -1.0869526863098145 0.06358445435762405 0.0016425137873739004 0.9979750514030457 20.47395133972168
0.9979670643806458 0.0021276301704347134 -0.0636962279677391 -1.0413541793823242 -0.0020203643944114447 0.9999964237213135 0.0017483800183981657 -1.0941886901855469 0.06369971483945847 -0.0016161362873390317 0.9979677796363831 21.395687103271484
0.9980161786079407 0.0029681159649044275 -0.06288829445838928 -1.1023612022399902 -0.0026081453543156385 0.9999797344207764 0.0058052814565598965 -1.1062787771224976 0.0629042387008667 -0.005629742983728647 0.9980037212371826 22.324438095092773
0.9981323480606079 0.0013883047504350543 -0.06107253208756447 -1.157431721687317 -0.0008681504405103624 0.9999630451202393 0.008542709052562714 -1.1090145111083984 0.06108212471008301 -0.008473732508718967 0.9980968832969666 23.2394962310791
0.9982183575630188 0.0016189051093533635 -0.05964422598481178 -1.2167643308639526 -0.0010703593725338578 0.9999568462371826 0.009227773174643517 -1.1092464923858643 0.05965658277273178 -0.009147491306066513 0.9981770515441895 24.181011199951172
0.9983033537864685 0.002034995937719941 -0.058192599564790726 -1.2752296924591064 -0.0016702882712706923 0.9999787211418152 0.006315211765468121 -1.1124298572540283 0.05820421129465103 -0.0062072984874248505 0.9982853531837463 25.113529205322266
0.9983661770820618 0.002897541271522641 -0.057064373046159744 -1.3330937623977661 -0.0027997426223009825 0.9999944567680359 0.0017936978256329894 -1.1218881607055664 0.05706925690174103 -0.001631002058275044 0.9983688592910767 26.04559898376465
0.998450517654419 0.0020149992778897285 -0.05561066046357155 -1.3924803733825684 -0.0020702583715319633 0.9999974370002747 -0.0009360918775200844 -1.1289527416229248 0.055608637630939484 0.0010497703915461898 0.9984520673751831 26.99368667602539
0.9984905123710632 -0.0005448441370390356 -0.05492161214351654 -1.446724534034729 0.0005491455085575581 0.9999998211860657 6.322143599390984e-05 -1.1340481042861938 0.05492156371474266 -9.32859256863594e-05 0.9984907507896423 27.954845428466797
0.998472273349762 -0.0019843915943056345 -0.055218324065208435 -1.4957760572433472 0.002263156697154045 0.9999849796295166 0.0049863457679748535 -1.1439530849456787 0.05520760267972946 -0.00510369660332799 0.9984617829322815 28.917375564575195
0.9984025955200195 -0.00574977183714509 -0.05620555207133293 -1.5493721961975098 0.0062268078327178955 0.9999459981918335 0.008315903134644032 -1.1495416164398193 0.056154705584049225 -0.008652601391077042 0.9983845353126526 29.891000747680664
0.9982739686965942 -0.013132825493812561 -0.057241760194301605 -1.593923568725586 0.0135966120287776 0.9998777508735657 0.007720293011516333 -1.1527620553970337 0.05713338032364845 -0.008485261350870132 0.9983304738998413 30.8551082611084
0.9981610774993896 -0.015456446446478367 -0.058612994849681854 -1.647764801979065 0.015711842104792595 0.9998689889907837 0.003898932132869959 -1.1557408571243286 0.05854504927992821 -0.004812679719179869 0.9982731342315674 31.828506469726562
0.9980712532997131 -0.015595890581607819 -0.06008761003613472 -1.7066874504089355 0.015624753199517727 0.9998780488967896 1.048298418027116e-05 -1.1601392030715942 0.060080111026763916 -0.0009493172983638942 0.998193085193634 32.800228118896484
0.9979733228683472 -0.014269012026488781 -0.062012866139411926 -1.775556206703186 0.01425698772072792 0.9998981356620789 -0.0006364423898048699 -1.1675680875778198 0.062015634030103683 -0.00024896429385989904 0.9980751872062683 33.777793884277344
0.9979225993156433 -0.014128809794783592 -0.06285477429628372 -1.8387165069580078 0.01419065147638321 0.99989914894104 0.0005375599139370024 -1.1759376525878906 0.06284082680940628 -0.0014283936470746994 0.9980224967002869 34.76762390136719
0.9978740811347961 -0.011098726652562618 -0.06421880424022675 -1.9082210063934326 0.01134165097028017 0.9999297857284546 0.0034194469917565584 -1.187213659286499 0.06417632848024368 -0.004140525124967098 0.9979299306869507 35.76267623901367
0.9977957010269165 -0.0114893252030015 -0.06535818427801132 -1.975062608718872 0.011824820190668106 0.9999188184738159 0.004748673178255558 -1.1929641962051392 0.06529831886291504 -0.005511054769158363 0.9978505969047546 36.75050735473633
0.9977319240570068 -0.010440042242407799 -0.06649938970804214 -2.0415780544281006 0.010950621217489243 0.9999132752418518 0.007318067364394665 -1.196980357170105 0.06641723215579987 -0.008029678836464882 0.9977596998214722 37.72309494018555
0.9977549910545349 -0.010130404494702816 -0.0661996528506279 -2.1084370613098145 0.010837080888450146 0.9998879432678223 0.010324576869606972 -1.2064193487167358 0.06608764082193375 -0.011018807999789715 0.9977529644966125 38.72208023071289
0.9977461695671082 -0.0043928856030106544 -0.06695804744958878 -2.184098720550537 0.00523190014064312 0.9999099373817444 0.012360265478491783 -1.2017722129821777 0.06689772754907608 -0.012682723812758923 0.9976791739463806 39.714073181152344
0.9977505207061768 -0.004226058255881071 -0.06690366566181183 -2.2615408897399902 0.0050361244939267635 0.9999160766601562 0.011943957768380642 -1.2072153091430664 0.06684756278991699 -0.012254025787115097 0.9976879358291626 40.702476501464844
0.9977455139160156 -0.004456831607967615 -0.06696245819330215 -2.3248777389526367 0.005158805754035711 0.9999334812164307 0.010313840582966805 -1.206755518913269 0.06691203266382217 -0.010636035352945328 0.9977021217346191 41.703948974609375
0.9977477192878723 -0.002204630523920059 -0.06704210489988327 -2.404059886932373 0.0027406143490225077 0.9999649524688721 0.007903814315795898 -1.206860899925232 0.06702233850955963 -0.008069748058915138 0.9977188110351562 42.69935989379883
0.9977074861526489 -0.0024889043997973204 -0.06762811541557312 -2.472658395767212 0.0030510369688272476 0.9999616146087646 0.008210097439587116 -1.2148478031158447 0.06760510057210922 -0.008397611789405346 0.9976767897605896 43.67124557495117
0.9976209998130798 -0.0042571029625833035 -0.06880640983581543 -2.5432825088500977 0.004925571382045746 0.9999423027038574 0.009548460133373737 -1.2217903137207031 0.06876179575920105 -0.009864655323326588 0.9975842833518982 44.65569305419922
0.9975698590278625 -0.003666175762191415 -0.0695754885673523 -2.6130282878875732 0.004424914717674255 0.9999323487281799 0.01075427420437336 -1.2292674779891968 0.06953133642673492 -0.011036005802452564 0.9975187182426453 45.62924575805664
0.9975380897521973 -0.002238533226773143 -0.07009098678827286 -2.673133373260498 0.002763233380392194 0.9999688267707825 0.007389920298010111 -1.2339833974838257 0.07007227092981339 -0.007565405685454607 0.9975131750106812 46.59107208251953
0.9974555373191833 -0.0019720522686839104 -0.07126346230506897 -2.7463455200195312 0.0022030954714864492 0.9999925494194031 0.003163643181324005 -1.236990213394165 0.07125670462846756 -0.0033125942572951317 0.997452437877655 47.55776596069336
0.9974409341812134 -0.0006780560361221433 -0.07149212062358856 -2.828662872314453 0.0008071435149759054 0.999998152256012 0.0017767450772225857 -1.2396191358566284 0.07149077951908112 -0.0018299021758139133 0.9974396824836731 48.510581970214844
0.9974047541618347 -0.00271172309294343 -0.07194749265909195 -2.8853814601898193 0.0031070015393197536 0.999980628490448 0.005382634233683348 -1.2467290163040161 0.07193151116371155 -0.005592205096036196 0.9973939061164856 49.500518798828125
0.997381329536438 -0.004521414637565613 -0.07218023389577866 -2.9550540447235107 0.005145411007106304 0.9999509453773499 0.008461378514766693 -1.2535808086395264 0.07213842868804932 -0.0088106170296669 0.9973556995391846 50.46946716308594
0.9973635077476501 -0.006099083926528692 -0.0723114162683487 -3.029676914215088 0.006785262376070023 0.999934196472168 0.009247370064258575 -1.2641657590866089 0.07225026935338974 -0.009713640436530113 0.9973392486572266 51.43167495727539
0.99730384349823 -0.00910102017223835 -0.0728166475892067 -3.086286783218384 0.009690476581454277 0.999923050403595 0.007745891343802214 -1.2680273056030273 0.07274054735898972 -0.008430635556578636 0.9973152875900269 52.38130187988281
0.9972665309906006 -0.011896432377398014 -0.07292473316192627 -3.1579911708831787 0.012405958957970142 0.9999017119407654 0.006538024637848139 -1.2753002643585205 0.07283978164196014 -0.0074248542077839375 0.9973161220550537 53.335304260253906
0.9971594214439392 -0.013535760343074799 -0.07409360259771347 -3.2287631034851074 0.014143427833914757 0.9998705387115479 0.0076828147284686565 -1.2802854776382446 0.07397999614477158 -0.00870892871171236 0.9972217082977295 54.2918701171875
0.9969925880432129 -0.017167022451758385 -0.07557125389575958 -3.2884843349456787 0.01811664178967476 0.9997650980949402 0.011898285709321499 -1.286852240562439 0.07534924894571304 -0.013231600634753704 0.9970694184303284 55.23604202270508
0.996965229511261 -0.017772654071450233 -0.07579132914543152 -3.3665599822998047 0.01907806657254696 0.999681293964386 0.01653464324772358 -1.2840410470962524 0.07547330111265182 -0.017930416390299797 0.9969866275787354 56.17991256713867
0.9969377517700195 -0.015767265111207962 -0.0765930637717247 -3.444908618927002 0.017244894057512283 0.9996770024299622 0.018668968230485916 -1.2812740802764893 0.07627398520708084 -0.019932640716433525 0.9968875646591187 57.115516662597656
0.9968119263648987 -0.015143181197345257 -0.07833711057901382 -3.514064073562622 0.016343453899025917 0.9997583627700806 0.014703488908708096 -1.2806506156921387 0.07809552550315857 -0.01593691296875477 0.996818482875824 58.06595993041992
0.9967713356018066 -0.013266723603010178 -0.07918907701969147 -3.5929927825927734 0.013869894668459892 0.9998788237571716 0.007071655709296465 -1.2872744798660278 0.07908566296100616 -0.008147167973220348 0.9968345165252686 58.97576904296875
0.9967422485351562 -0.011086580343544483 -0.07988676428794861 -3.674746036529541 0.011298122815787792 0.9999338388442993 0.002196507528424263 -1.2928441762924194 0.07985711097717285 -0.0030919243581593037 0.996801495552063 59.88570022583008
0.9967235922813416 -0.006432985886931419 -0.08062676340341568 -3.759495735168457 0.006697512231767178 0.9999730587005615 0.003010861575603485 -1.2993483543395996 0.08060522377490997 -0.0035409964621067047 0.9967397451400757 60.78908920288086
0.9966021180152893 -0.004349551163613796 -0.08225119858980179 -3.8316292762756348 0.0048279534094035625 0.9999725222587585 0.0056183529086411 -1.315199851989746 0.08222451061010361 -0.0059963674284517765 0.9965957403182983 61.67885971069336
0.9965262413024902 -0.0016511857975274324 -0.08326273411512375 -3.910358428955078 0.002231301972642541 0.9999738931655884 0.006874721497297287 -1.3229020833969116 0.08324921131134033 -0.007036625873297453 0.9965038299560547 62.56410217285156
0.9964133501052856 -0.000816612970083952 -0.08461450785398483 -3.985450267791748 0.0014276300789788365 0.9999732971191406 0.007160935550928116 -1.337580680847168 0.08460639417171478 -0.00725605059415102 0.9963880181312561 63.443565368652344
0.9963133931159973 0.0006655600154772401 -0.08578529953956604 -4.077618598937988 9.996954759117216e-06 0.9999690055847168 0.007874307222664356 -1.3411188125610352 0.08578786998987198 -0.007846135646104813 0.9962825179100037 64.3006362915039
0.9961872100830078 0.0017406003316864371 -0.08722362667322159 -4.15554141998291 -0.0010135287884622812 0.9999643564224243 0.008379315957427025 -1.348775863647461 0.08723509311676025 -0.008258963003754616 0.9961534738540649 65.14422607421875
0.9960525631904602 0.0011825325200334191 -0.08875655382871628 -4.221696376800537 -0.0004056051548104733 0.9999613761901855 0.008770984597504139 -1.353421688079834 0.08876349776983261 -0.008700361475348473 0.9960147142410278 65.94135284423828
0.9959728121757507 0.0012267641723155975 -0.0896468237042427 -4.298591613769531 -0.0003633000887930393 0.9999533891677856 0.009647514671087265 -1.3570072650909424 0.08965449035167694 -0.009576095268130302 0.9959267973899841 66.74725341796875
0.9958219528198242 0.00388674926944077 -0.09123338013887405 -4.3765997886657715 -0.0027610347606241703 0.999918520450592 0.012461810372769833 -1.3647129535675049 0.09127438068389893 -0.012157844379544258 0.9957515001296997 67.54742431640625
0.9956987500190735 0.0056451973505318165 -0.09247811883687973 -4.456610202789307 -0.004130108281970024 0.9998542666435242 0.01656641624867916 -1.3679240942001343 0.09255817532539368 -0.016113216057419777 0.995576798915863 68.33596801757812
0.9955199956893921 0.00840632151812315 -0.0941767767071724 -4.53641939163208 -0.0067117661237716675 0.999809980392456 0.018295666202902794 -1.3691890239715576 0.09431269764900208 -0.017581608146429062 0.9953873753547668 69.1097640991211
0.9953860640525818 0.011094832792878151 -0.09530654549598694 -4.621331214904785 -0.0097750723361969 0.9998498558998108 0.01430327445268631 -1.3740040063858032 0.09545093774795532 -0.013305652886629105 0.9953452348709106 69.85774993896484
0.9952495098114014 0.011066485196352005 -0.096725694835186 -4.693327903747559 -0.010434094816446304 0.999920666217804 0.007041355594992638 -1.378916621208191 0.096795953810215 -0.00599866034463048 0.995286226272583 70.57916259765625
0.9951127767562866 0.010147280991077423 -0.09822140634059906 -4.767261505126953 -0.01007886789739132 0.9999485015869141 0.0011926949955523014 -1.3844977617263794 0.09822846204042435 -0.00019690560293383896 0.9951638579368591 71.28440856933594
0.9950637817382812 0.010563403367996216 -0.09867309033870697 -4.839151859283447 -0.010644754394888878 0.9999433159828186 -0.0002979867858812213 -1.3855621814727783 0.09866435825824738 0.0013468668330460787 0.9951198697090149 71.97457122802734
0.9949679970741272 0.013496308587491512 -0.09927976131439209 -4.9200286865234375 -0.013216529041528702 0.9999065399169922 0.003475294215604663 -1.3966279029846191 0.09931737929582596 -0.0021456731483340263 0.9950534105300903 72.65149688720703
0.9948347210884094 0.014041370712220669 -0.1005319356918335 -4.993143081665039 -0.013528198935091496 0.9998916983604431 0.005784532055258751 -1.4120068550109863 0.10060227662324905 -0.004394637420773506 0.9949169754981995 73.30259704589844
0.9947817325592041 0.010761521756649017 -0.10145659744739532 -5.057120323181152 -0.010575764812529087 0.9999411702156067 0.002368641085922718 -1.4192144870758057 0.10147613286972046 -0.0012833001092076302 0.9948370456695557 73.93299102783203
0.9948290586471558 0.0025303703732788563 -0.10153224319219589 -5.103043079376221 -0.002777561079710722 0.9999935030937195 -0.0022933112923055887 -1.440380573272705 0.10152578353881836 0.0025634649209678173 0.994829535484314 74.54518127441406
0.9949227571487427 -0.0014011957682669163 -0.10063160210847855 -5.155438423156738 0.000664913619402796 0.9999727606773376 -0.007349785882979631 -1.4426065683364868 0.10063915699720383 0.007245558314025402 0.9948965311050415 75.14444732666016
0.995227038860321 0.0009252160089090466 -0.09758282452821732 -5.213289260864258 -0.0016349464422091842 0.9999728798866272 -0.007193402852863073 -1.4594712257385254 0.09757348895072937 0.00731861125677824 0.9952014684677124 75.72509765625
0.9956080913543701 0.005888490006327629 -0.09343401342630386 -5.279352188110352 -0.0063265045173466206 0.9999703168869019 -0.00439244182780385 -1.4681751728057861 0.0934053584933281 0.004964260850101709 0.9956157803535461 76.29328918457031
0.99605393409729 0.004408880602568388 -0.08864131569862366 -5.331618309020996 -0.004524716176092625 0.9999891519546509 -0.0011059015523642302 -1.4791622161865234 0.08863547444343567 0.0015026135370135307 0.9960629940032959 76.84891510009766
0.9965296983718872 0.0006195331225171685 -0.08323604613542557 -5.360681533813477 -0.00036132815876044333 0.9999950528144836 0.0031170975416898727 -1.4877879619598389 0.08323755860328674 -0.0030762054957449436 0.99652498960495 77.38948059082031
0.9972082376480103 -0.0037910188548266888 -0.07457498461008072 -5.398075580596924 0.004287955351173878 0.9999697208404541 0.006504613906145096 -1.497559666633606 0.07454806566238403 -0.006806227844208479 0.997194230556488 77.92227935791016
0.997925341129303 -0.00016587764548603445 -0.06438082456588745 -5.419515132904053 0.0005791980074718595 0.9999793171882629 0.006401323713362217 -1.506164312362671 0.06437844038009644 -0.006425332743674517 0.997904896736145 78.43534851074219
0.9987750053405762 0.005066556856036186 -0.04922085627913475 -5.448400974273682 -0.004788198973983526 0.9999719262123108 0.005771533586084843 -1.5084537267684937 0.049248699098825455 -0.005528785288333893 0.9987713098526001 78.94117736816406
0.9994675517082214 0.010241223499178886 -0.030977793037891388 -5.464171886444092 -0.010046283714473248 0.9999287724494934 0.006441994104534388 -1.5120906829833984 0.03104155883193016 -0.006127352826297283 0.9994993805885315 79.43658447265625
0.9999220371246338 0.008742553181946278 -0.008913148194551468 -5.453012943267822 -0.008678978309035301 0.9999366998672485 0.007146445102989674 -1.517279863357544 0.008975069969892502 -0.00706853112205863 0.9999347925186157 79.91517639160156
0.9998425245285034 0.005100221838802099 0.016996918246150017 -5.416909694671631 -0.005244947038590908 0.9999502897262573 0.008480999618768692 -1.5248794555664062 -0.016952821984887123 -0.008568811230361462 0.9998195767402649 80.35953521728516
0.9989190101623535 0.003885991871356964 0.046320121735334396 -5.370594024658203 -0.004360525403171778 0.9999390244483948 0.01014801487326622 -1.5304434299468994 -0.046277858316898346 -0.010339025408029556 0.9988751411437988 80.81769561767578
0.9968269467353821 0.0034636203199625015 0.07952290028333664 -5.315634727478027 -0.004441863391548395 0.9999166131019592 0.012127792462706566 -1.539820671081543 -0.07947427034378052 -0.012442541308701038 0.996759295463562 81.26481628417969
0.9931255578994751 0.0035383482463657856 0.11700040847063065 -5.238649368286133 -0.004998774733394384 0.999913215637207 0.012191160582005978 -1.533515453338623 -0.11694710701704025 -0.01269221305847168 0.9930570721626282 81.70814514160156
0.9872786402702332 0.003645216813310981 0.1589578539133072 -5.153790473937988 -0.005739935673773289 0.999902606010437 0.01272068452090025 -1.539960265159607 -0.15889602899551392 -0.013471268117427826 0.9872034192085266 82.1162109375
0.9789509773254395 0.003272899193689227 0.20406921207904816 -5.037851333618164 -0.006025315262377262 0.9998990893363953 0.012867793440818787 -1.5431933403015137 -0.20400646328926086 -0.013826522044837475 0.9788719415664673 82.53185272216797
0.9674414396286011 0.00548979127779603 0.25303545594215393 -4.903667449951172 -0.008541013114154339 0.9999033808708191 0.010961581021547318 -1.5483367443084717 -0.25295084714889526 -0.01276586577296257 0.9673948884010315 82.9342269897461
0.9518758654594421 0.006521031726151705 0.3064144253730774 -4.753971099853516 -0.00963279977440834 0.9999161958694458 0.008644318208098412 -1.5560013055801392 -0.3063323497772217 -0.011179948225617409 0.9518589377403259 83.3181381225586
0.9320912957191467 0.007080853916704655 0.36215436458587646 -4.572776794433594 -0.009998878464102745 0.9999308586120605 0.0061838338151574135 -1.552257776260376 -0.3620855212211609 -0.009385034441947937 0.9320976734161377 83.6866226196289
0.9078090190887451 0.0067300437949597836 0.4193298816680908 -4.381547927856445 -0.009890640154480934 0.9999366998672485 0.005363778211176395 -1.5657225847244263 -0.4192672371864319 -0.009016726166009903 0.9078181385993958 84.02110290527344
0.8789229393005371 0.006964605301618576 0.4769130051136017 -4.171024322509766 -0.009887514635920525 0.9999445676803589 0.0036194140557199717 -1.5683526992797852 -0.47686129808425903 -0.007896671071648598 0.8789430856704712 84.31938171386719
0.8453089594841003 0.005885726772248745 0.5342453718185425 -3.929729461669922 -0.008080254308879375 0.9999657869338989 0.0017684511840343475 -1.5715066194534302 -0.5342167615890503 -0.0058117276057600975 0.8453275561332703 84.62403106689453
0.8084407448768616 0.005228059366345406 0.5885543823242188 -3.6670989990234375 -0.006988620385527611 0.9999753832817078 0.00071693304926157 -1.5785006284713745 -0.5885361433029175 -0.004692781250923872 0.8084573745727539 84.91107940673828
0.7687616348266602 0.004236066248267889 0.6395214200019836 -3.38739013671875 -0.006637259852141142 0.9999769926071167 0.0013549202121794224 -1.5807486772537231 -0.6395009756088257 -0.005286280531436205 0.7687720656394958 85.17626190185547
0.7263504862785339 0.004032239783555269 0.687312662601471 -3.0967864990234375 -0.00868750549852848 0.9999566674232483 0.0033145153429359198 -1.5819251537322998 -0.6872696280479431 -0.008378531783819199 0.7263542413711548 85.41668701171875
0.6814146637916565 0.003165579866617918 0.7318906784057617 -2.7929229736328125 -0.0076304334215819836 0.9999669790267944 0.002779122442007065 -1.579314947128296 -0.7318578958511353 -0.007478378247469664 0.681416392326355 85.63634490966797
0.6354139447212219 0.0011669525410979986 0.7721707820892334 -2.4633407592773438 -0.0048124766908586025 0.9999854564666748 0.0024489129427820444 -1.5934805870056152 -0.7721566557884216 -0.005272128619253635 0.6354103088378906 85.83824157714844
0.5889531373977661 -0.0016162421088665724 0.8081656098365784 -2.1200637817382812 0.0016412913100793958 0.9999983906745911 0.0008037895895540714 -1.587916612625122 -0.8081655502319336 0.0008530411869287491 0.5889548063278198 86.02346801757812
0.5434538722038269 -0.0007474099402315915 0.8394387364387512 -1.8007621765136719 -0.0009112533298321068 0.9999985098838806 0.0014803142985329032 -1.6108487844467163 -0.8394385576248169 -0.001569423358887434 0.5434523820877075 86.16337585449219
0.49686938524246216 0.0022371832747012377 0.867822527885437 -1.459991455078125 -0.004883456043899059 0.9999880790710449 0.00021811260376125574 -1.6139044761657715 -0.8678115606307983 -0.004346346482634544 0.4968743920326233 86.3150634765625
0.4514937996864319 0.004184969700872898 0.8922644853591919 -1.1167831420898438 -0.005907719489187002 0.9999811053276062 -0.0017008312279358506 -1.6207313537597656 -0.8922547101974487 -0.004503333009779453 0.4515099823474884 86.4500503540039
0.40883851051330566 0.0020525299478322268 0.9126044511795044 -0.7649784088134766 0.0009872851660475135 0.9999959468841553 -0.0026913767214864492 -1.6188838481903076 -0.9126062393188477 0.0020013386383652687 0.4088348150253296 86.56298828125
0.36845117807388306 -0.00615517795085907 0.9296267628669739 -0.3984413146972656 0.015412922948598862 0.9998810887336731 0.0005115349777042866 -1.6285607814788818 -0.9295193552970886 0.014139789156615734 0.3685021996498108 86.6642074584961
0.33338797092437744 -0.008990404196083546 0.9427468776702881 -0.02852630615234375 0.019171155989170074 0.9998124837875366 0.002755019348114729 -1.6223737001419067 -0.9425948262214661 0.017155054956674576 0.33349770307540894 86.7514877319336
0.3004474937915802 -0.0051786997355520725 0.9537842869758606 0.3744468688964844 0.01751301996409893 0.9998465776443481 -8.789946150500327e-05 -1.6245522499084473 -0.9536375999450684 0.0167300496250391 0.3004921078681946 86.86972045898438
0.269513875246048 0.002521584276109934 0.9629931449890137 0.7422714233398438 0.006291138473898172 0.9999706149101257 -0.004379117861390114 -1.6369034051895142 -0.9629760384559631 0.007238555233925581 0.269490122795105 86.96881103515625
0.24125787615776062 0.006630688905715942 0.9704383611679077 1.1210250854492188 0.0010918930638581514 0.9999741911888123 -0.007103949319571257 -1.6528289318084717 -0.9704604148864746 0.0027734951581805944 0.2412443608045578 87.05121612548828
0.21556738018989563 0.008291767910122871 0.9764537811279297 1.5142173767089844 0.002217034576460719 0.9999571442604065 -0.008980798535048962 -1.6638835668563843 -0.9764864444732666 0.004100796300917864 0.21553975343704224 87.11803436279297
0.19163885712623596 0.009786784648895264 0.9814167022705078 1.92742919921875 0.009464356116950512 0.9998853206634521 -0.011819036677479744 -1.670702576637268 -0.9814198613166809 0.011553463526070118 0.19152426719665527 87.18023681640625
0.1716323047876358 0.016269510611891747 0.9850268363952637 2.347616195678711 0.015748661011457443 0.9996905326843262 -0.019255775958299637 -1.6644703149795532 -0.9850351810455322 0.018817761912941933 0.17132295668125153 87.22572326660156
0.15172961354255676 0.02352772280573845 0.9881419539451599 2.766879081726074 0.017212335020303726 0.9995021224021912 -0.026441171765327454 -1.6597187519073486 -0.9882721304893494 0.02102014049887657 0.15124911069869995 87.27669525146484
0.13426834344863892 0.024122094735503197 0.9906513690948486 3.2087574005126953 0.015489447861909866 0.9995303750038147 -0.026437662541866302 -1.6688575744628906 -0.9908239245414734 0.018894381821155548 0.1338316649198532 87.33181762695312
0.1190308928489685 0.019960254430770874 0.9926899075508118 3.6669931411743164 0.012984166853129864 0.9996811151504517 -0.021657725796103477 -1.6860475540161133 -0.9928056597709656 0.015467192977666855 0.11873377114534378 87.37779235839844
0.1043819710612297 0.016259627416729927 0.9944044947624207 4.14009952545166 0.013317582197487354 0.9997538328170776 -0.017745038494467735 -1.7063649892807007 -0.9944481253623962 0.015095324255526066 0.10413975268602371 87.42362213134766
0.09118952602148056 0.013893870636820793 0.9957366585731506 4.621483325958252 0.015920313075184822 0.9997544884681702 -0.015407919883728027 -1.7162880897521973 -0.99570631980896 0.017257478088140488 0.09094593673944473 87.45475006103516
0.07939577102661133 0.012824947014451027 0.9967606663703918 5.116104602813721 0.0192144475877285 0.9997117519378662 -0.014393423683941364 -1.7310142517089844 -0.9966579675674438 0.020294982939958572 0.07912646234035492 87.48271942138672
0.06914745271205902 0.013657061383128166 0.997512936592102 5.63433313369751 0.022088604047894478 0.9996402263641357 -0.015217364765703678 -1.741161823272705 -0.9973618388175964 0.023085908964276314 0.06882091611623764 87.51327514648438
0.061516184359788895 0.014269547536969185 0.9980040788650513 6.176602363586426 0.024621402844786644 0.9995718002319336 -0.01580960489809513 -1.7472963333129883 -0.9978023767471313 0.02554481104016304 0.06113851070404053 87.5381851196289
0.05599629506468773 0.01449018158018589 0.9983258247375488 6.726371765136719 0.026297394186258316 0.99952632188797 -0.01598263345658779 -1.7590513229370117 -0.9980846643447876 0.02714833803474903 0.055588722229003906 87.56412506103516
0.050329647958278656 0.01553040649741888 0.9986119866371155 7.28975772857666 0.027673017233610153 0.999473512172699 -0.01693851500749588 -1.771506905555725 -0.998349130153656 0.02848711609840393 0.04987338185310364 87.58969116210938
0.044362623244524 0.016178471967577934 0.9988844990730286 7.883135795593262 0.028236784040927887 0.9994490742683411 -0.017441673204302788 -1.7820128202438354 -0.9986163973808289 0.028979044407606125 0.043881356716156006 87.61277770996094
0.0397835299372673 0.01594323106110096 0.9990811347961426 8.486446380615234 0.030674085021018982 0.9993818998336792 -0.01716947741806507 -1.7961479425430298 -0.9987374544143677 0.0313289612531662 0.03926990553736687 87.63433837890625
0.03703201934695244 0.016275348141789436 0.9991815090179443 9.1107177734375 0.032175906002521515 0.9993296265602112 -0.01747027225792408 -1.8071529865264893 -0.9987958669662476 0.03279653936624527 0.0364835187792778 87.65119934082031
0.033911604434251785 0.01563868299126625 0.9993024468421936 9.750110626220703 0.03312955051660538 0.9993104934692383 -0.016763068735599518 -1.8216687440872192 -0.9988754987716675 0.03367490693926811 0.033370114862918854 87.67011260986328
0.03151752054691315 0.014877482317388058 0.9993924498558044 10.408881187438965 0.0350995697081089 0.9992560148239136 -0.01598237454891205 -1.8379676342010498 -0.9988867044448853 0.03558197245001793 0.03097187727689743 87.68921661376953
0.030983924865722656 0.014562349766492844 0.9994137287139893 11.084449768066406 0.0399555042386055 0.9990766048431396 -0.01579614169895649 -1.850980520248413 -0.9987209439277649 0.040421515703201294 0.03037346713244915 87.70100402832031
0.03202931582927704 0.014382382854819298 0.9993834495544434 11.785177230834961 0.0429941788315773 0.9989510178565979 -0.015754086896777153 -1.8608810901641846 -0.9985617995262146 0.04347226768732071 0.031377363950014114 87.71698760986328
0.03439920395612717 0.014402155764400959 0.9993044137954712 12.489836692810059 0.04476889595389366 0.9988702535629272 -0.01593698374927044 -1.8727214336395264 -0.9984049797058105 0.04528597369790077 0.03371557965874672 87.74067687988281
0.03819931298494339 0.014315878972411156 0.9991676211357117 13.216668128967285 0.047270093113183975 0.9987519979476929 -0.016117112711071968 -1.887375831604004 -0.9981515407562256 0.04784640669822693 0.03747493401169777 87.76737213134766
0.04277031123638153 0.013721432536840439 0.9989906549453735 13.967315673828125 0.047875046730041504 0.99872887134552 -0.0157675351947546 -1.9057207107543945 -0.9979372024536133 0.04850110784173012 0.0420590341091156 87.79744720458984
0.04661669209599495 0.012086228467524052 0.9988397359848022 14.722105026245117 0.04939685016870499 0.998675525188446 -0.014389634132385254 -1.9197454452514648 -0.9976907968521118 0.050010330975055695 0.04595793038606644 87.8370361328125
0.05052375793457031 0.010404272936284542 0.9986686706542969 15.493144035339355 0.049381256103515625 0.9986965656280518 -0.0129028195515275 -1.9354000091552734 -0.9975012540817261 0.04996741935610771 0.049944132566452026 87.88219451904297
0.05468868836760521 0.008560835383832455 0.9984666109085083 16.28636932373047 0.045991450548172 0.9988803267478943 -0.011083454824984074 -1.9466530084609985 -0.997443675994873 0.046527065336704254 0.05423372611403465 87.93202209472656
0.05826304480433464 0.007585608400404453 0.9982724189758301 17.079822540283203 0.0450642965734005 0.9989318251609802 -0.010220743715763092 -1.96030592918396 -0.9972835183143616 0.045581940561532974 0.05785897374153137 87.99420166015625
0.062407251447439194 0.008566657081246376 0.9980140924453735 17.883642196655273 0.04277034103870392 0.999021589756012 -0.01124979741871357 -1.9750573635101318 -0.9971339702606201 0.04338746517896652 0.06197980046272278 88.05308532714844
0.06552386283874512 0.012473332695662975 0.9977730512619019 18.695960998535156 0.04013519361615181 0.9990797638893127 -0.015125351026654243 -1.9980766773223877 -0.9970435500144958 0.041036877781152725 0.0649629458785057 88.10482788085938
0.06675676256418228 0.01785159297287464 0.9976096153259277 19.49710464477539 0.03426763787865639 0.9992089867591858 -0.020173292607069016 -2.0157101154327393 -0.9971806406974792 0.035532426089048386 0.06609223783016205 88.17191314697266
0.0666918233036995 0.021227121353149414 0.9975478053092957 20.308000564575195 0.03149736300110817 0.9992306232452393 -0.02336871065199375 -2.0341544151306152 -0.9972763657569885 0.03297863528132439 0.06597191095352173 88.23377227783203
0.06700543314218521 0.020464925095438957 0.997542679309845 21.138774871826172 0.02906358242034912 0.9993253350257874 -0.022453712299466133 -2.066511631011963 -0.9973292350769043 0.030496684834361076 0.06636543571949005 88.29296875
0.06696367263793945 0.01878327503800392 0.9975786209106445 21.95334243774414 0.026181161403656006 0.9994454383850098 -0.020575862377882004 -2.092564821243286 -0.997411847114563 0.027495600283145905 0.06643477082252502 88.35713195800781
0.06721838563680649 0.017262328416109085 0.9975889325141907 22.77195930480957 0.02753525972366333 0.9994373321533203 -0.0191496629267931 -2.1231179237365723 -0.9973582625389099 0.02875608019530773 0.06670525670051575 88.40833282470703
0.06692388653755188 0.016224240884184837 0.9976261258125305 23.58919906616211 0.02481221780180931 0.9995315074920654 -0.01791970618069172 -2.1553094387054443 -0.9974494576454163 0.025952570140361786 0.06648997217416763 88.48184967041016
0.06732502579689026 0.016917066648602486 0.9975876808166504 24.416236877441406 0.02283576689660549 0.9995681643486023 -0.01849178969860077 -2.180565357208252 -0.9974697232246399 0.02402563765645027 0.06690962612628937 88.53688049316406
0.06760156154632568 0.017650693655014038 0.997556209564209 25.22795295715332 0.019834233447909355 0.9996222257614136 -0.019031358882784843 -2.206105947494507 -0.9975151419639587 0.02107231505215168 0.06722591072320938 88.59491729736328
0.06602657586336136 0.018665863201022148 0.997643232345581 26.046276092529297 0.01691461354494095 0.9996604919433594 -0.01982305571436882 -2.2362351417541504 -0.9976745843887329 0.018183602020144463 0.06568843871355057 88.66820526123047
0.06339012086391449 0.018521923571825027 0.9978168606758118 26.852214813232422 0.013970891945064068 0.9997133612632751 -0.019444676116108894 -2.2602274417877197 -0.9978910088539124 0.015172993764281273 0.06311316788196564 88.71843719482422
0.05985170975327492 0.017491193488240242 0.9980539679527283 27.662826538085938 0.011584197171032429 0.9997668862342834 -0.018215900287032127 -2.2834267616271973 -0.9981400966644287 0.012651904486119747 0.05963514372706413 88.76188659667969
0.05504937842488289 0.014948558062314987 0.9983717203140259 28.474559783935547 0.009731264784932137 0.9998323917388916 -0.015507005155086517 -2.308464765548706 -0.9984362125396729 0.010569068603217602 0.054894693195819855 88.81117248535156
0.04875093698501587 0.012991676107048988 0.998726487159729 29.283823013305664 0.0073098307475447655 0.9998840093612671 -0.0133635513484478 -2.332280397415161 -0.9987842440605164 0.007952007465064526 0.04865030571818352 88.85513305664062
0.04142037779092789 0.013194330967962742 0.9990546703338623 30.091812133789062 0.007166888099163771 0.9998831748962402 -0.013502408750355244 -2.35549259185791 -0.999116063117981 0.007719386834651232 0.04132097214460373 88.8858413696289
