1.0 0.0 0.0 0.0 0.0 1.0 0.0 0.0 0.0 0.0 1.0 0.0
0.9990408420562744 -0.00047847485984675586 0.04378600791096687 0.0451604425907135 0.0005826291162520647 0.9999970197677612 -0.00236598146148026 -0.020326536148786545 -0.043784745037555695 0.0023892230819910765 0.9990381598472595 1.0270460844039917
0.9960269927978516 -0.00458978395909071 0.08893367648124695 0.13866013288497925 0.0052682338282465935 0.9999586939811707 -0.007395484484732151 -0.03941080719232559 -0.08889608085155487 0.007834624499082565 0.9960100650787354 2.0488340854644775
0.9908632636070251 -0.0038960245437920094 0.13481411337852478 0.2695603668689728 0.0055062477476894855 0.9999178647994995 -0.011573223397135735 -0.06110436096787453 -0.13475793600082397 0.012209799140691757 0.9908033013343811 3.0577409267425537
0.9835101962089539 -0.0009899536380544305 0.18084967136383057 0.4490755498409271 0.003507095854729414 0.999901294708252 -0.013599187135696411 -0.09276951849460602 -0.1808183491230011 0.014009196311235428 0.983416736125946 4.089014053344727
0.9739629626274109 -0.003572585294023156 0.22667892277240753 0.6835550665855408 0.006836144719272852 0.9998838901519775 -0.013613886199891567 -0.12328261137008667 -0.22660401463508606 0.01480903010815382 0.9738743901252747 5.096274375915527
0.962272584438324 -0.0040571922436356544 0.2720569670200348 0.9572523236274719 0.008422769606113434 0.999853789806366 -0.014880716800689697 -0.1534215807914734 -0.27195674180984497 0.016610775142908096 0.9621660709381104 6.101234436035156
0.9487262964248657 -0.0068209352903068066 0.31602513790130615 1.2840030193328857 0.013020371086895466 0.9997618794441223 -0.017509547993540764 -0.18677203357219696 -0.3158304691314697 0.020726529881358147 0.9485892057418823 7.082729339599609
0.9335665106773376 -0.008510652929544449 0.35830315947532654 1.6586936712265015 0.01652798242866993 0.9996767640113831 -0.019319022074341774 -0.21848611533641815 -0.3580229878425598 0.023957625031471252 0.9334053993225098 8.036502838134766
0.9162283539772034 -0.008387318812310696 0.40056896209716797 2.068023204803467 0.01800454594194889 0.9996328353881836 -0.020251287147402763 -0.250342458486557 -0.40025201439857483 0.02576686069369316 0.9160428047180176 8.96787166595459
0.8966843485832214 -0.009048080071806908 0.442577987909317 2.5258703231811523 0.019297823309898376 0.999639630317688 -0.01866164617240429 -0.28908878564834595 -0.4422496557235718 0.025274397805333138 0.8965358138084412 9.890287399291992
0.8748736381530762 -0.008802356198430061 0.48427122831344604 3.0187525749206543 0.01988496258854866 0.9996446371078491 -0.01775367744266987 -0.32476329803466797 -0.4839429557323456 0.02516194060444832 0.8747376799583435 10.77796459197998
0.8509149551391602 -0.008910100907087326 0.5252279043197632 3.5513832569122314 0.020694628357887268 0.9996485710144043 -0.016568804159760475 -0.3595978617668152 -0.5248957276344299 0.024968039244413376 0.8508002758026123 11.642361640930176
0.8253858089447021 -0.009297264739871025 0.5644925236701965 4.134088516235352 0.022590704262256622 0.999607503414154 -0.016567863523960114 -0.3962500989437103 -0.5641169548034668 0.026427166536450386 0.8252719044685364 12.490508079528809
0.7980524897575378 -0.010908753611147404 0.602489173412323 4.744081497192383 0.025888584554195404 0.9995336532592773 -0.016194118186831474 -0.4282684326171875 -0.6020315885543823 0.028521351516246796 0.7979627251625061 13.290157318115234
0.7692592740058899 -0.009928950108587742 0.6388596296310425 5.4091033935546875 0.026508452370762825 0.9995144009590149 -0.016385044902563095 -0.469262033700943 -0.638386607170105 0.02953953482210636 0.7691488265991211 14.100407600402832
0.7387997508049011 -0.013324971310794353 0.673793375492096 6.087676048278809 0.031686101108789444 0.9993856549263 -0.014979217201471329 -0.5005583167076111 -0.6731797456741333 0.03241652622818947 0.7387679815292358 14.831707954406738
0.7066660523414612 -0.012460475787520409 0.7074375152587891 6.837262153625488 0.03200576826930046 0.9993844032287598 -0.014368167147040367 -0.5324292182922363 -0.7068229913711548 0.03279557824134827 0.7066298127174377 15.57583236694336
0.6726860404014587 -0.011182887479662895 0.739843487739563 7.588603973388672 0.03302108123898506 0.9993433356285095 -0.014918385073542595 -0.5668488144874573 -0.7391908764839172 0.03446581959724426 0.6726135015487671 16.2540283203125
0.6368727087974548 -0.012242798693478107 0.7708716988563538 8.391607284545898 0.03782911226153374 0.9991657137870789 -0.015384837985038757 -0.5921133756637573 -0.7700403332710266 0.038959577679634094 0.6368045210838318 16.92404556274414
0.600179135799408 -0.010356556624174118 0.7997985482215881 9.180047988891602 0.03789490461349487 0.9991614818572998 -0.015498722903430462 -0.619766354560852 -0.7989674210548401 0.039610300213098526 0.6000684499740601 17.512409210205078
0.5624172687530518 -0.009159551933407784 0.8268029689788818 10.044559478759766 0.040714189410209656 0.9990324974060059 -0.016627512872219086 -0.6494541168212891 -0.8258505463600159 0.04301420599222183 0.5622460842132568 18.102447509765625
0.5235262513160706 -0.007293045055121183 0.8519783616065979 10.88874340057373 0.04532992094755173 0.9987855553627014 -0.019304735586047173 -0.6734229326248169 -0.8508028388023376 0.0487266443669796 0.5232210159301758 18.62188148498535
0.4848637878894806 -0.006284319795668125 0.8745670914649963 11.789386749267578 0.04696602374315262 0.9987183213233948 -0.01886174827814102 -0.6999994516372681 -0.8733276724815369 0.050220318138599396 0.48453760147094727 19.11174774169922
0.44627320766448975 -0.008199586533010006 0.8948591947555542 12.697794914245605 0.052166663110256195 0.9984959363937378 -0.016866708174347878 -0.7297649383544922 -0.8933749794960022 0.05420897901058197 0.4460297226905823 19.56332778930664
0.4095209538936615 -0.00869815144687891 0.9122592210769653 13.631756782531738 0.055942993611097336 0.99831223487854 -0.015594644472002983 -0.7536943554878235 -0.9105839133262634 0.05742084980010986 0.40931636095046997 19.969310760498047
0.3743177056312561 -0.006429274566471577 0.9272781014442444 14.590764999389648 0.05781197175383568 0.9981924891471863 -0.01641620695590973 -0.7845427989959717 -0.9254966378211975 0.05975266918540001 0.37401282787323 20.344276428222656
0.3410848081111908 -0.007368446793407202 0.9400035738945007 15.54911994934082 0.05850802734494209 0.9981968998908997 -0.013405310921370983 -0.8087690472602844 -0.9382099509239197 0.05957011505961418 0.3409009575843811 20.686187744140625
0.30764925479888916 -0.008880424313247204 0.9514582753181458 16.54283905029297 0.06106303632259369 0.9980794191360474 -0.010428853332996368 -0.8304892778396606 -0.9495384693145752 0.06130737066268921 0.30760055780410767 21.001943588256836
0.2750460207462311 -0.008841391652822495 0.9613904356956482 17.534963607788086 0.06174955517053604 0.9980555176734924 -0.008487463928759098 -0.8536705374717712 -0.9594460129737854 0.06169987842440605 0.2750571072101593 21.27602195739746
0.24288374185562134 -0.006034806836396456 0.9700366258621216 18.540315628051758 0.059136904776096344 0.9982128739356995 -0.008596965111792088 -0.8766822814941406 -0.96825110912323 0.059453025460243225 0.2428065687417984 21.53041648864746
0.21213634312152863 -0.004454443696886301 0.9772299528121948 19.566539764404297 0.05909331515431404 0.9982181191444397 -0.008277815766632557 -0.8932077884674072 -0.9754517674446106 0.05950378254055977 0.21202154457569122 21.750795364379883
0.18159861862659454 -0.004336283076554537 0.9833630919456482 20.597488403320312 0.0609138086438179 0.9981194734573364 -0.00684765912592411 -0.9132510423660278 -0.9814842939376831 0.061143919825553894 0.18152131140232086 21.9399356842041
0.15094202756881714 -0.004358820617198944 0.9885329604148865 21.672042846679688 0.06262105703353882 0.998024046421051 -0.0051611256785690784 -0.9257519245147705 -0.9865571856498718 0.06268201023340225 0.15091674029827118 22.098567962646484
0.12026515603065491 -0.005163792986422777 0.9927283525466919 22.765148162841797 0.06092024967074394 0.9981402158737183 -0.00218830700032413 -0.9398962259292603 -0.9908708333969116 0.06074043735861778 0.12035608291625977 22.234426498413086
0.09130537509918213 -0.005491087678819895 0.9958077669143677 23.849714279174805 0.06171250715851784 0.9980939626693726 -0.00015470974904019386 -0.9532415270805359 -0.9939088821411133 0.06146792322397232 0.09147020429372787 22.324661254882812
0.06420294940471649 -0.005196141079068184 0.9979233145713806 24.973052978515625 0.06445198506116867 0.9979202747344971 0.0010495082242414355 -0.9586431384086609 -0.9958533644676208 0.06425075978040695 0.06440429389476776 22.389402389526367
0.03932368382811546 -0.0046164835803210735 0.999215841293335 26.097349166870117 0.06868329644203186 0.997636616230011 0.00190618890337646 -0.9665189385414124 -0.9968631267547607 0.06855446100234985 0.03954782709479332 22.417573928833008
0.016611026600003242 -0.004133617039769888 0.9998534321784973 27.280031204223633 0.07302236557006836 0.9973260760307312 0.002910013310611248 -0.970095694065094 -0.9971919059753418 0.07296331971883774 0.016868455335497856 22.429561614990234
-0.0035235018003731966 -0.004397019278258085 0.9999841451644897 28.43781852722168 0.07862367480993271 0.9968934655189514 0.004660464357584715 -0.972861111164093 -0.9968982338905334 0.07863884419202805 -0.003166845766827464 22.41876983642578
-0.02060258947312832 -0.004997519310563803 0.999775230884552 29.626726150512695 0.08317941427230835 0.9965121150016785 0.006695304531604052 -0.9730247259140015 -0.9963216185569763 0.08329867571592331 -0.020115038380026817 22.374942779541016
-0.036276675760746 -0.004788840655237436 0.9993302822113037 30.84788703918457 0.08636948466300964 0.9962317943572998 0.007909289561212063 -0.9718682169914246 -0.9956024885177612 0.08659858256578445 -0.035726360976696014 22.317340850830078
-0.050858598202466965 -0.005477211903780699 0.9986908435821533 32.05375289916992 0.08853800594806671 0.9960228800773621 0.009971401654183865 -0.9700157642364502 -0.9947735071182251 0.08892923593521118 -0.0501713901758194 22.266403198242188
-0.0637902244925499 -0.00657494505867362 0.9979416131973267 33.2662467956543 0.08876939117908478 0.9959770441055298 0.012236298061907291 -0.9685323238372803 -0.994007408618927 0.08936722576618195 -0.06294993311166763 22.17629623413086
-0.07596679031848907 -0.0063812630251049995 0.9970899224281311 34.47328567504883 0.08850656449794769 0.995989203453064 0.01311740092933178 -0.9656505584716797 -0.9931745529174805 0.08924549072980881 -0.07509731501340866 22.091564178466797
-0.08681483566761017 -0.0038283721078187227 0.9962171316146851 35.701637268066406 0.08857420086860657 0.9960026741027832 0.011546301655471325 -0.9646860361099243 -0.9922792315483093 0.08924153447151184 -0.08612870424985886 21.985179901123047
-0.09715178608894348 -0.00024228938855230808 0.9952695369720459 36.93589782714844 0.08902616053819656 0.9959890842437744 0.008932618424296379 -0.9545725584030151 -0.9912799000740051 0.08947283774614334 -0.09674052894115448 21.868606567382812
-0.10663546621799469 0.002164035104215145 0.9942957758903503 38.197200775146484 0.09029467403888702 0.9958868622779846 0.007516356185078621 -0.9530993700027466 -0.9901897311210632 0.09058113396167755 -0.1063922569155693 21.739669799804688
-0.11399536579847336 0.0032657678239047527 0.9934759140014648 39.487510681152344 0.09009827673435211 0.9959078431129456 0.0070644705556333065 -0.9452643394470215 -0.9893873333930969 0.09031578153371811 -0.11382310837507248 21.596580505371094
-0.11958402395248413 0.0038510258309543133 0.9928166270256042 40.786781311035156 0.08987466990947723 0.9959287643432617 0.006962239276617765 -0.9412580728530884 -0.9887477159500122 0.09006164222955704 -0.11944328993558884 21.44029998779297
-0.12491411715745926 0.005461213178932667 0.9921526312828064 42.112186431884766 0.09107993543148041 0.9958255887031555 0.005985727068036795 -0.9356917142868042 -0.9879781603813171 0.09111288189888 -0.12489010393619537 21.279695510864258
-0.12946008145809174 0.006908678915351629 0.9915605783462524 43.44533157348633 0.089954674243927 0.995934247970581 0.004805510398000479 -0.9332953691482544 -0.9874958992004395 0.08981765806674957 -0.12955522537231445 21.108217239379883
-0.13374002277851105 0.007676113396883011 0.9909866452217102 44.818084716796875 0.09057419747114182 0.9958796501159668 0.004509555641561747 -0.9293088912963867 -0.9868687391281128 0.09036091715097427 -0.1338842213153839 20.93495750427246
-0.13732314109802246 0.006653059273958206 0.9905039668083191 46.21322250366211 0.08965583145618439 0.995956301689148 0.005740175023674965 -0.9234439730644226 -0.9864603877067566 0.08959272503852844 -0.13736435770988464 20.765626907348633
-0.13922567665576935 0.004775214474648237 0.9902491569519043 47.6287727355957 0.09097875654697418 0.9958207607269287 0.007989222183823586 -0.9232960939407349 -0.9860726594924927 0.09120393544435501 -0.1390782743692398 20.553085327148438
-0.14173923432826996 0.0038306559436023235 0.9898965954780579 49.06775665283203 0.09088871628046036 0.9958188533782959 0.00916040875017643 -0.9131901264190674 -0.9857227802276611 0.09126882255077362 -0.1414947807788849 20.355377197265625
-0.1436275690793991 0.004542709328234196 0.9896213412284851 50.49193572998047 0.09396301954984665 0.995534360408783 0.00906736496835947 -0.9125392436981201 -0.9851608872413635 0.09429013729095459 -0.14341303706169128 20.158443450927734
-0.14469514787197113 0.004514806903898716 0.9894659519195557 51.931983947753906 0.09351249039173126 0.9955763220787048 0.00913216732442379 -0.8994854688644409 -0.9850475788116455 0.0938488095998764 -0.1444772481918335 19.95918846130371
-0.1451670527458191 0.0056917848996818066 0.9893907904624939 53.39875411987305 0.09583613276481628 0.9953622221946716 0.008335296995937824 -0.8912206292152405 -0.9847548007965088 0.09602941572666168 -0.14503927528858185 19.747760772705078
-0.14494894444942474 0.0059584565460681915 0.9894211888313293 54.893821716308594 0.09530480951070786 0.9954162240028381 0.00796747487038374 -0.8797869682312012 -0.9848384857177734 0.0954514741897583 -0.1448524445295334 19.525619506835938
-0.1449018269777298 0.007265150547027588 0.9894194602966309 56.41251754760742 0.09506193548440933 0.9954493641853333 0.00661252299323678 -0.8759604692459106 -0.9848688840866089 0.095014289021492 -0.1449330896139145 19.320354461669922
-0.14371070265769958 0.007514783646911383 0.9895911812782288 57.946319580078125 0.09574504941701889 0.9953856468200684 0.006345529109239578 -0.8649967908859253 -0.9849772453308105 0.09566037356853485 -0.1437670886516571 19.09970474243164
-0.1418803334236145 0.006029166746884584 0.9898656010627747 59.5100212097168 0.09516525268554688 0.9954326748847961 0.00757724279537797 -0.8642910718917847 -0.9852986335754395 0.09527584910392761 -0.14180611073970795 18.876895904541016
-0.1407708078622818 0.007003137841820717 0.9900174140930176 61.09006118774414 0.0961499959230423 0.9953447580337524 0.0066307708621025085 -0.8562272787094116 -0.9853622317314148 0.0961235910654068 -0.14078886806964874 18.656902313232422
-0.13978566229343414 0.00752011826261878 0.9901532530784607 62.6812629699707 0.09584293514490128 0.9953784942626953 0.005970899015665054 -0.849651038646698 -0.9855324029922485 0.09573384374380112 -0.13986040651798248 18.440921783447266
-0.13896284997463226 0.007995028048753738 0.9902652502059937 64.28961181640625 0.0970543622970581 0.995263397693634 0.005584158468991518 -0.8496658205986023 -0.9855301976203918 0.09688558429479599 -0.13908062875270844 18.216388702392578
-0.1378166526556015 0.008152377791702747 0.9904241561889648 65.91236877441406 0.09633490443229675 0.9953353404998779 0.005212114192545414 -0.8371266722679138 -0.9857617020606995 0.09613073617219925 -0.13795912265777588 17.986345291137695
-0.1368512213230133 0.006499445531517267 0.9905702471733093 67.56439208984375 0.09833060204982758 0.9951287508010864 0.007055410649627447 -0.8326466083526611 -0.9856991767883301 0.09836891293525696 -0.13682368397712708 17.754169464111328
-0.13616378605365753 0.00491146557033062 0.9906741380691528 69.26435852050781 0.1007465273141861 0.9948723316192627 0.008914881385862827 -0.8244298696517944 -0.9855504035949707 0.10102086514234543 -0.13596034049987793 17.50398826599121
-0.13477468490600586 0.005509973969310522 0.9908609390258789 70.94955444335938 0.10216860473155975 0.9947319626808167 0.00836524460464716 -0.8242505788803101 -0.9855949282646179 0.10236229747533798 -0.13462764024734497 17.26339340209961
-0.13452650606632233 0.007794427685439587 0.9908793568611145 72.61528015136719 0.10397940874099731 0.9945595264434814 0.006293363403528929 -0.8122177124023438 -0.9854394197463989 0.10387767106294632 -0.13460507988929749 17.046655654907227
-0.13362228870391846 0.0074172839522361755 0.9910045862197876 74.31912231445312 0.10317305475473404 0.994642436504364 0.00646684505045414 -0.8100525140762329 -0.9856472015380859 0.10310907661914825 -0.13367164134979248 16.818782806396484
-0.13334012031555176 0.007260574493557215 0.991043746471405 76.07323455810547 0.10382252186536789 0.9945735335350037 0.006682386621832848 -0.8070435523986816 -0.9856172204017639 0.10378370434045792 -0.13337038457393646 16.56909942626953
-0.1330309510231018 0.006418027449399233 0.9910911321640015 77.80670928955078 0.10395388305187225 0.9945537447929382 0.007512941956520081 -0.799128532409668 -0.9856451749801636 0.10402723401784897 -0.1329735815525055 16.333051681518555
-0.132878839969635 0.006510518491268158 0.9911108613014221 79.5299072265625 0.10541283339262009 0.9943994283676147 0.0076006376184523106 -0.7988955974578857 -0.9855108261108398 0.10548576712608337 -0.13282091915607452 16.10296630859375
-0.13297174870967865 0.006272915750741959 0.9910999536514282 81.30330657958984 0.10646004229784012 0.994284987449646 0.007990226149559021 -0.792662501335144 -0.9853857159614563 0.10657500475645065 -0.13287962973117828 15.86655044555664
-0.1328648328781128 0.007374197710305452 0.9911068677902222 83.05813598632812 0.10674455761909485 0.9942623972892761 0.006912183482199907 -0.7848108410835266 -0.9853692054748535 0.10671365261077881 -0.13288967311382294 15.62755298614502
-0.13324643671512604 0.008365107700228691 0.9910475611686707 84.85508728027344 0.10643189400434494 0.9943023920059204 0.005917199421674013 -0.7779408693313599 -0.9853515028953552 0.1062675341963768 -0.1333775520324707 15.376652717590332
-0.1344214677810669 0.009148591198027134 0.9908820390701294 86.64089965820312 0.1058407574892044 0.9943695664405823 0.0051773968152701855 -0.7815508246421814 -0.9852555394172668 0.10557165741920471 -0.13463294506072998 15.13902759552002
-0.13583743572235107 0.009497947059571743 0.9906855821609497 88.43528747558594 0.1050136536359787 0.994458794593811 0.004864780232310295 -0.7867310047149658 -0.9851499199867249 0.1046963483095169 -0.13608215749263763 14.903589248657227
-0.13690663874149323 0.008542099967598915 0.9905471205711365 90.25560760498047 0.10384555906057358 0.994576632976532 0.005775973200798035 -0.7889073491096497 -0.985125720500946 0.10365470498800278 -0.13705118000507355 14.660902976989746
-0.138136088848114 0.008290337398648262 0.9903785586357117 92.09379577636719 0.10384006053209305 0.9945749640464783 0.006157950963824987 -0.7874586582183838 -0.9849546551704407 0.10369160771369934 -0.1382475644350052 14.413207054138184
-0.1384260505437851 0.007370320148766041 0.9903453588485718 93.94385528564453 0.10159404575824738 0.994802713394165 0.006796868983656168 -0.7848289608955383 -0.9851481318473816 0.10155405104160309 -0.13845539093017578 14.154433250427246
-0.1404191106557846 0.008063695393502712 0.9900594353675842 95.7750244140625 0.10120052099227905 0.994846522808075 0.0062504843808710575 -0.786763608455658 -0.9849065542221069 0.10107220709323883 -0.14051151275634766 13.90650463104248
-0.1427600383758545 0.008850399404764175 0.9897177219390869 97.64847564697266 0.10053175687789917 0.9949180483818054 0.005604121368378401 -0.7828928828239441 -0.9846384525299072 0.10029810667037964 -0.14292427897453308 13.630566596984863
-0.14671066403388977 0.00989830307662487 0.989129900932312 99.52275848388672 0.10093854367733002 0.994879961013794 0.005015655420720577 -0.7759921550750732 -0.984015941619873 0.10057719051837921 -0.1469586044549942 13.349675178527832
-0.15118390321731567 0.008841700851917267 0.9884660840034485 101.39908599853516 0.0989622250199318 0.9950716495513916 0.006235285196453333 -0.7774267792701721 -0.9835394024848938 0.09876345843076706 -0.15131382644176483 13.069069862365723
-0.15598905086517334 0.008106298744678497 0.9877254962921143 103.29393768310547 0.09756948798894882 0.995202362537384 0.0072412495501339436 -0.7776975035667419 -0.9829280972480774 0.09750141203403473 -0.15603163838386536 12.78000545501709
-0.16045939922332764 0.00880721490830183 0.9870030879974365 105.19418334960938 0.09613127261400223 0.9953457713127136 0.006746632046997547 -0.7796969413757324 -0.9823499917984009 0.0959644466638565 -0.1605592519044876 12.47561264038086
-0.16459116339683533 0.010718153789639473 0.9863037467002869 107.10977172851562 0.09661459922790527 0.9953076839447021 0.005306729581207037 -0.7746137380599976 -0.9816188812255859 0.0961647480726242 -0.16485442221164703 12.14517593383789
-0.16943706572055817 0.012376900762319565 0.9854632616043091 109.03917694091797 0.09638723731040955 0.995335578918457 0.004071589559316635 -0.7825900316238403 -0.9808163046836853 0.09567594528198242 -0.1698397547006607 11.82353401184082
-0.1740647405385971 0.012307410128414631 0.9846572875976562 110.96588134765625 0.09532658010721207 0.9954363107681274 0.004409408196806908 -0.7932091951370239 -0.9801093339920044 0.09463153779506683 -0.17444360256195068 11.490575790405273
-0.17878824472427368 0.01211477629840374 0.9838129878044128 112.9156494140625 0.09359057247638702 0.9955995678901672 0.004748295061290264 -0.7960069179534912 -0.9794261455535889 0.092924565076828 -0.17913533747196198 11.139900207519531
-0.18330277502536774 0.011715667322278023 0.9829866290092468 114.87942504882812 0.09196653217077255 0.9957482218742371 0.005281730554997921 -0.7950126528739929 -0.97874516248703 0.09137003868818283 -0.18360085785388947 10.771867752075195
-0.18952104449272156 0.01074928231537342 0.9818178415298462 116.80964660644531 0.09049912542104721 0.9958748817443848 0.006565930787473917 -0.7981814742088318 -0.9776970744132996 0.09009803086519241 -0.1897120624780655 10.424060821533203
-0.19475571811199188 0.010657585225999355 0.9807939529418945 118.79061126708984 0.0911753848195076 0.9958081841468811 0.007283911108970642 -0.7985092997550964 -0.9766048789024353 0.0908428281545639 -0.19491104781627655 10.030731201171875
-0.20015476644039154 0.011890881694853306 0.9796921014785767 120.72856140136719 0.0916132777929306 0.9957725405693054 0.006630880758166313 -0.8005736470222473 -0.9754716753959656 0.09108000993728638 -0.2003980129957199 9.64579963684082
-0.205871120095253 0.013029448688030243 0.9784923791885376 122.69000244140625 0.0911613330245018 0.995818555355072 0.005919840186834335 -0.8023837804794312 -0.9743237495422363 0.09041938185691833 -0.2061980813741684 9.246757507324219
-0.21191971004009247 0.013249201700091362 0.9771972894668579 124.66696166992188 0.09139219671487808 0.995794951915741 0.006318395957350731 -0.786961555480957 -0.9730043411254883 0.09064719825983047 -0.21223944425582886 8.840412139892578
-0.21745401620864868 0.013199404813349247 0.9759814143180847 126.64501190185547 0.09033472090959549 0.9958891868591309 0.006658429745584726 -0.7843923568725586 -0.9718813896179199 0.08961290121078491 -0.21775250136852264 8.407556533813477
-0.22270573675632477 0.01396296638995409 0.9747856855392456 128.626953125 0.0896192267537117 0.9959567785263062 0.006208749953657389 -0.7816937565803528 -0.9707577228546143 0.08874226361513138 -0.2230565845966339 7.961292266845703
-0.22820870578289032 0.014583312906324863 0.9735029935836792 130.6235809326172 0.08885707706212997 0.996026873588562 0.005909161176532507 -0.7825475931167603 -0.9695490002632141 0.0878511518239975 -0.22859783470630646 7.515323638916016
-0.2327592819929123 0.01398405060172081 0.9724338054656982 132.6106719970703 0.09012395143508911 0.9959041476249695 0.00725028058513999 -0.7818830013275146 -0.9683495163917542 0.08932716399431229 -0.23306626081466675 7.046758651733398
-0.23652294278144836 0.01419040560722351 0.9715222716331482 134.61436462402344 0.09251901507377625 0.9956789016723633 0.007981065660715103 -0.7708687782287598 -0.9672109484672546 0.09177199751138687 -0.23681378364562988 6.558254241943359
-0.2398821860551834 0.014879700727760792 0.9706881046295166 136.6122283935547 0.09370581805706024 0.9955686330795288 0.007896044291555882 -0.7691031694412231 -0.9662689566612244 0.09285324066877365 -0.24021349847316742 6.0640106201171875
-0.24300497770309448 0.01562657579779625 0.9698991179466248 138.6129913330078 0.09417057782411575 0.9955273866653442 0.007554633542895317 -0.7657613754272461 -0.9654431343078613 0.09317177534103394 -0.24338966608047485 5.569053649902344
-0.24662618339061737 0.015410947613418102 0.9689881205558777 140.6479034423828 0.09318426251411438 0.9956176280975342 0.007882724516093731 -0.7662975788116455 -0.9646201729774475 0.09223852306604385 -0.2469814568758011 5.062046051025391
-0.25044992566108704 0.016076231375336647 0.9679960012435913 142.66360473632812 0.09199065715074539 0.995733380317688 0.007263886276632547 -0.7654532194137573 -0.9637492299079895 0.0908658504486084 -0.25086018443107605 4.548336029052734
-0.25497934222221375 0.01677715592086315 0.9668008685112 144.68875122070312 0.09138968586921692 0.9957918524742126 0.006822424475103617 -0.7702626585960388 -0.9626180529594421 0.09009522199630737 -0.2554396390914917 4.021823883056641
-0.2595290541648865 0.015889646485447884 0.9656045436859131 146.7208251953125 0.08890707045793533 0.9960117340087891 0.007505869492888451 -0.77205491065979 -0.96163409948349 0.08779706805944443 -0.25990667939186096 3.4909629821777344
-0.26397648453712463 0.01625317707657814 0.9643921852111816 148.75242614746094 0.08931846916675568 0.9959736466407776 0.007663100957870483 -0.7711713314056396 -0.9603846073150635 0.0881609171628952 -0.2643653154373169 2.9340057373046875
-0.26890289783477783 0.01649770513176918 0.9630259871482849 150.80311584472656 0.08873321861028671 0.996025562286377 0.007713682949542999 -0.7756547927856445 -0.9590713977813721 0.08752664178609848 -0.2692980170249939 2.3771438598632812
-0.2740422785282135 0.016990473493933678 0.9615676999092102 152.85679626464844 0.08833508938550949 0.9960620403289795 0.007575114723294973 -0.7702029943466187 -0.95765221118927 0.0870160385966301 -0.2744639813899994 1.813079833984375
-0.2789270877838135 0.016252469271421432 0.9601747393608093 154.9017791748047 0.08812658488750458 0.996070921421051 0.008740369230508804 -0.7756088972091675 -0.9562602043151855 0.08705485612154007 -0.2792634665966034 1.233001708984375
-0.28333815932273865 0.01632116548717022 0.9588811993598938 156.9574737548828 0.08861716836690903 0.9960229992866516 0.009231975302100182 -0.7708548307418823 -0.9549170136451721 0.08758910745382309 -0.28365767002105713 0.6407279968261719
-0.28810274600982666 0.016930874437093735 0.9574497938156128 159.0357208251953 0.08928101509809494 0.9959635138511658 0.009253297932446003 -0.7696958780288696 -0.9534283876419067 0.08814799040555954 -0.2884514331817627 0.037769317626953125
-0.29184797406196594 0.018241794779896736 0.9562907218933105 161.10032653808594 0.08975201845169067 0.9959287643432617 0.008393285796046257 -0.764132022857666 -0.9522442817687988 0.08827859908342361 -0.2922970652580261 -0.5841941833496094
-0.29582715034484863 0.019602740183472633 0.9550403356552124 163.1585693359375 0.08949265629053116 0.9959608912467957 0.007278013043105602 -0.7673218250274658 -0.9510401487350464 0.08762213587760925 -0.29638656973838806 -1.2076377868652344
-0.2995986044406891 0.020910289138555527 0.95383620262146 165.2441864013672 0.0901494100689888 0.9959071278572083 0.006483220960944891 -0.7669717073440552 -0.9497966766357422 0.08793013542890549 -0.3002573847770691 -1.8479652404785156
-0.3034279942512512 0.02163759618997574 0.952608585357666 167.33163452148438 0.08959227055311203 0.9959609508514404 0.005914915818721056 -0.768921434879303 -0.948633074760437 0.08714111149311066 -0.30414095520973206 -2.4980926513671875
-0.3072189390659332 0.021676672622561455 0.9513919353485107 169.4254913330078 0.08998581022024155 0.9959226250648499 0.0063665215857326984 -0.7736561298370361 -0.9473747611045837 0.08756770938634872 -0.3079168200492859 -3.1622161865234375
-0.3113619089126587 0.02211577817797661 0.9500340223312378 171.512451171875 0.08977644890546799 0.9959424138069153 0.00623864121735096 -0.771912693977356 -0.9460413455963135 0.08723316341638565 -0.31208398938179016 -3.8315391540527344
-0.31552138924598694 0.023277131840586662 0.9486329555511475 173.6024627685547 0.09226012229919434 0.995715320110321 0.006253888364881277 -0.7736533880233765 -0.9444227814674377 0.08949422836303711 -0.31631696224212646 -4.5251312255859375
-0.3183496296405792 0.02376900427043438 0.947675347328186 175.68817138671875 0.09437869489192963 0.9955135583877563 0.006735493894666433 -0.7727917432785034 -0.943263590335846 0.09158462285995483 -0.3191646635532379 -5.231800079345703
-0.32082751393318176 0.02330036275088787 0.9468511343002319 177.73934936523438 0.09534051269292831 0.9954140186309814 0.007809415925294161 -0.7763656377792358 -0.9423268437385559 0.09277871251106262 -0.3215777277946472 -5.921821594238281
-0.3237054646015167 0.023097043856978416 0.9458759427070618 179.8275909423828 0.09495094418525696 0.9954482913017273 0.008187351748347282 -0.7684094905853271 -0.9413816332817078 0.09246208518743515 -0.3244251012802124 -6.636219024658203
-0.3266564607620239 0.023414507508277893 0.9448531866073608 181.9340057373047 0.09410781413316727 0.9955309629440308 0.007864785380661488 -0.7728369235992432 -0.9404463171958923 0.09148713946342468 -0.32740020751953125 -7.359645843505859
-0.3295339345932007 0.02576478011906147 0.9437921047210693 184.03944396972656 0.09372856467962265 0.9955823421478271 0.005547597538679838 -0.7699846029281616 -0.9394798278808594 0.09028840810060501 -0.3304930627346039 -8.088741302490234
-0.33308538794517517 0.027640704065561295 0.9424914717674255 186.15887451171875 0.09314720332622528 0.9956454038619995 0.003719531698152423 -0.7720400094985962 -0.9382844567298889 0.08902934938669205 -0.33420953154563904 -8.82565689086914
-0.33625781536102295 0.028760656714439392 0.9413306713104248 188.2811279296875 0.09243902564048767 0.9957149624824524 0.0025983694940805435 -0.7829400300979614 -0.9372223615646362 0.08788938075304031 -0.3374755084514618 -9.575904846191406
-0.34039512276649475 0.029956119135022163 0.9398051500320435 190.4439239501953 0.09095994383096695 0.995853841304779 0.0012028017081320286 -0.7911252379417419 -0.9358725547790527 0.08589404076337814 -0.34170857071876526 -10.336471557617188
-0.3433096408843994 0.030261538922786713 0.9387346506118774 192.55337524414062 0.09194741398096085 0.9957627058029175 0.001526647829450667 -0.8045930862426758 -0.9347107410430908 0.08683831989765167 -0.344637393951416 -11.12887954711914
-0.34793922305107117 0.029179176315665245 0.9370629191398621 194.73255920410156 0.09109799563884735 0.995837926864624 0.00281606731005013 -0.8140264749526978 -0.9330806136131287 0.08634436875581741 -0.3491491973400116 -11.908287048339844
-0.35191524028778076 0.02855384536087513 0.9355962872505188 196.88864135742188 0.09100184589624405 0.9958433508872986 0.0038368930108845234 -0.8240849375724792 -0.9315977692604065 0.08649126440286636 -0.3530508279800415 -12.710601806640625
-0.35598471760749817 0.028952285647392273 0.9340431690216064 199.04013061523438 0.09131848067045212 0.9958139657974243 0.003936524502933025 -0.828225314617157 -0.9300192594528198 0.08669673651456833 -0.35713836550712585 -13.522037506103516
-0.35966625809669495 0.029380768537521362 0.932618260383606 201.18588256835938 0.09043433517217636 0.9958963990211487 0.0035019526258111 -0.8287512063980103 -0.9286882281303406 0.08560027927160263 -0.36084726452827454 -14.338642120361328
-0.36411693692207336 0.02952665090560913 0.9308850765228271 203.3647003173828 0.08927533030509949 0.9960014224052429 0.0033280965872108936 -0.8465901017189026 -0.9270645976066589 0.08431689441204071 -0.36529698967933655 -15.174137115478516
-0.3678029179573059 0.030072109773755074 0.9294173717498779 205.53822326660156 0.08907999843358994 0.9960198998451233 0.0030249778646975756 -0.858866274356842 -0.9256272315979004 0.08390509337186813 -0.36901789903640747 -16.01601791381836
-0.37079110741615295 0.03071543388068676 0.9282082319259644 207.66482543945312 0.09049039334058762 0.9958922266960144 0.0031930089462548494 -0.8764466643333435 -0.9242972731590271 0.08517788350582123 -0.37204742431640625 -16.861797332763672
-0.373334676027298 0.03035646863281727 0.9272000789642334 209.79779052734375 0.09113377332687378 0.9958301782608032 0.004091350827366114 -0.8892109394073486 -0.923209547996521 0.08602666109800339 -0.3745444416999817 -17.717132568359375
-0.37594613432884216 0.03055400401353836 0.9261375665664673 211.9683837890625 0.09311852604150772 0.9956427216529846 0.00495248194783926 -0.8961386680603027 -0.9219508767127991 0.08810244500637054 -0.3771531283855438 -18.60456085205078
-0.37853842973709106 0.031107716262340546 0.9250627160072327 214.13063049316406 0.09401136636734009 0.9955586194992065 0.004991399124264717 -0.908470630645752 -0.9207988381385803 0.08885584771633148 -0.3797816336154938 -19.49176788330078
-0.38162094354629517 0.032120734453201294 0.9237605929374695 216.3175048828125 0.09431116282939911 0.995533287525177 0.0043451301753520966 -0.9191589951515198 -0.9194948077201843 0.08877913653850555 -0.3829457461833954 -20.385963439941406
-0.38429132103919983 0.03223801404237747 0.9226488471031189 218.49200439453125 0.09351048618555069 0.9956095218658447 0.004160614684224129 -0.931047797203064 -0.9184638261795044 0.08787623047828674 -0.38561877608299255 -21.28341293334961
-0.38748329877853394 0.033592868596315384 0.9212644696235657 220.6593780517578 0.09332748502492905 0.9956310987472534 0.0029489200096577406 -0.9465981125831604 -0.9171404838562012 0.08712197095155716 -0.38892555236816406 -22.185649871826172
-0.39030104875564575 0.03462314233183861 0.9200359582901001 222.83599853515625 0.09301276504993439 0.9956629276275635 0.001989040058106184 -0.9588805437088013 -0.9159768223762512 0.0863514095544815 -0.39182865619659424 -23.103713989257812
-0.39308810234069824 0.03449167683720589 0.9188537001609802 225.00335693359375 0.09054184705018997 0.9958917498588562 0.0013505390379577875 -0.9763734340667725 -0.9150322079658508 0.08372560888528824 -0.39459607005119324 -24.015396118164062
-0.3962413966655731 0.035572994500398636 0.9174569845199585 227.16796875 0.09177015721797943 0.9957796931266785 0.001024857978336513 -0.996036171913147 -0.9135485887527466 0.0846012681722641 -0.3978336751461029 -24.941211700439453
-0.39912983775138855 0.035270921885967255 0.9162158966064453 229.3152618408203 0.09299823641777039 0.9956638216972351 0.0021833176724612713 -1.0159227848052979 -0.9121659398078918 0.08607786893844604 -0.40067943930625916 -25.873817443847656
-0.4019681215286255 0.034108709543943405 0.9150182008743286 231.47703552246094 0.0932193174958229 0.9956381916999817 0.0038373651914298534 -1.0358835458755493 -0.9108961820602417 0.08683988451957703 -0.40339434146881104 -26.813488006591797
-0.4051766097545624 0.03374382108449936 0.9136154055595398 233.59829711914062 0.0919976606965065 0.9957510232925415 0.004022321663796902 -1.0492675304412842 -0.9095978736877441 0.08568023145198822 -0.40655943751335144 -27.739635467529297
-0.40839046239852905 0.0337831936776638 0.9121819138526917 235.7308349609375 0.0906672403216362 0.9958743453025818 0.0037095900624990463 -1.0681562423706055 -0.9082932472229004 0.08421998471021652 -0.409768670797348 -28.68425750732422
-0.41217610239982605 0.03325458616018295 0.9104970693588257 237.90457153320312 0.08893018960952759 0.996030330657959 0.0038795641157776117 -1.0792553424835205 -0.9067537188529968 0.08256974816322327 -0.4134972095489502 -29.65082550048828
-0.4162561595439911 0.03250271826982498 0.9086662530899048 240.067138671875 0.08791803568601608 0.9961168766021729 0.004644076805561781 -1.0950225591659546 -0.9049868583679199 0.08182127773761749 -0.4174973666667938 -30.619712829589844
-0.4198248088359833 0.0331895537674427 0.9069980978965759 242.21347045898438 0.08808575570583344 0.9961035251617432 0.004322335589677095 -1.106589674949646 -0.9033205509185791 0.08170823752880096 -0.42111241817474365 -31.607208251953125
-0.4237406849861145 0.032962094992399216 0.9051836133003235 244.3589630126953 0.08758121728897095 0.9961462020874023 0.004724627826362848 -1.1197683811187744 -0.9015394449234009 0.08127908408641815 -0.4249945282936096 -32.59973907470703
-0.4282078444957733 0.03212397173047066 0.9031091332435608 246.51766967773438 0.08613322675228119 0.9962689876556396 0.005402236711233854 -1.1353496313095093 -0.8995659947395325 0.08010097593069077 -0.42937710881233215 -33.59416961669922
-0.43227776885032654 0.03201698511838913 0.9011719226837158 248.63856506347656 0.08511871844530106 0.9963560104370117 0.005431402008980513 -1.143481969833374 -0.8977141380310059 0.07905448973178864 -0.4334278404712677 -34.596229553222656
-0.4358093738555908 0.03325246647000313 0.8994244933128357 250.77334594726562 0.08583410084247589 0.99629807472229 0.0047563184052705765 -1.1589486598968506 -0.8959367275238037 0.07927415519952774 -0.43705031275749207 -35.623268127441406
-0.43951115012168884 0.0332268662750721 0.8976223468780518 252.84844970703125 0.08588022738695145 0.9962920546531677 0.005171061959117651 -1.1795459985733032 -0.8941221833229065 0.07936076074838638 -0.44073495268821716 -36.62499237060547
-0.4430006742477417 0.03323107212781906 0.8959051370620728 254.97222900390625 0.08572617173194885 0.996303915977478 0.005434174556285143 -1.1912251710891724 -0.8924132585525513 0.07920988649129868 -0.4442119896411896 -37.666168212890625
-0.4469605088233948 0.03373580425977707 0.8939173221588135 257.0830078125 0.08494126796722412 0.9963740706443787 0.004868372343480587 -1.2042086124420166 -0.8905118107795715 0.07810645550489426 -0.44820547103881836 -38.70338439941406
-0.45069974660873413 0.03414725512266159 0.8920222520828247 259.19927978515625 0.08503660559654236 0.9963661432266235 0.004823669325560331 -1.215071439743042 -0.8886160254478455 0.07802858203649521 -0.4519658088684082 -39.76609802246094
-0.45427945256233215 0.03484930098056793 0.8901773691177368 261.31146240234375 0.0855894610285759 0.9963194727897644 0.0046737841330468655 -1.2140917778015137 -0.8867381811141968 0.07831300795078278 -0.45559021830558777 -40.838897705078125
-0.4577906131744385 0.03624061122536659 0.8883211016654968 263.42169189453125 0.08710063993930817 0.9961904883384705 0.004245436284691095 -1.2205158472061157 -0.8847830891609192 0.07931686192750931 -0.4592032730579376 -41.91639709472656
-0.4615385830402374 0.03832089900970459 0.886292040348053 265.5469055175781 0.0893014445900917 0.9959986209869385 0.0034396254923194647 -1.2323215007781982 -0.8826138377189636 0.08073469251394272 -0.46311402320861816 -43.014320373535156
-0.4645578861236572 0.03913583979010582 0.884677529335022 267.6677551269531 0.09094839543104172 0.9958487153053284 0.0037046491634100676 -1.2469396591186523 -0.8808600306510925 0.08218101412057877 -0.4661886990070343 -44.12579345703125
-0.46764087677001953 0.04114021733403206 0.8829606175422668 269.7876892089844 0.09240993112325668 0.9957177639007568 0.002548950957134366 -1.2495899200439453 -0.87907475233078 0.08278634399175644 -0.4694401025772095 -45.24732208251953
-0.47062259912490845 0.043607283383607864 0.8812564015388489 271.8992614746094 0.09406635910272598 0.9955654740333557 0.0009711655438877642 -1.268608808517456 -0.8773060441017151 0.08335363864898682 -0.4726375341415405 -46.34657287597656
