1.0 0.0 0.0 0.0 0.0 1.0 0.0 0.0 0.0 0.0 1.0 0.0
0.9990431666374207 -0.0004879955085925758 0.043732475489377975 0.04946712404489517 0.0005862631951458752 0.9999972581863403 -0.0022342228330671787 -0.025343405082821846 -0.04373126104474068 0.002257723594084382 0.9990407824516296 1.0415382385253906
0.9960196614265442 -0.004652468487620354 0.08901254832744598 0.13856682181358337 0.005324485711753368 0.9999591708183289 -0.007313741371035576 -0.03879475221037865 -0.08897487819194794 0.007758575491607189 0.9960035681724548 2.076841354370117
0.990856945514679 -0.004099193029105663 0.13485464453697205 0.2699468433856964 0.005700191482901573 0.99991774559021 -0.011488063260912895 -0.05956960842013359 -0.13479645550251007 0.01215172465890646 0.9907987117767334 3.085706949234009
0.9835220575332642 -0.00132461404427886 0.1807830035686493 0.45007097721099854 0.0037985602393746376 0.9999037384986877 -0.013339092023670673 -0.10078361630439758 -0.18074794113636017 0.013806006871163845 0.9834324717521667 4.102670192718506
0.9740280508995056 -0.003952374216169119 0.22639279067516327 0.6909813284873962 0.0071330927312374115 0.9998869895935059 -0.013233219273388386 -0.13336271047592163 -0.22631490230560303 0.014504407532513142 0.973946213722229 5.101632118225098
0.9623346924781799 -0.004452782217413187 0.2718310058116913 0.9632733464241028 0.008745457045733929 0.9998553395271301 -0.014582286588847637 -0.1606273055076599 -0.2717268168926239 0.01641032285988331 0.9622344374656677 6.121267795562744
0.9488223195075989 -0.0070958915166556835 0.31573057174682617 1.2934752702713013 0.01319336611777544 0.9997653961181641 -0.01717899553477764 -0.19448111951351166 -0.31553465127944946 0.020465364679694176 0.9486933350563049 7.102334499359131
0.9336029291152954 -0.00862727127969265 0.3582053780555725 1.6641061305999756 0.01651628129184246 0.9996836185455322 -0.01896986924111843 -0.22758795320987701 -0.35792839527130127 0.023626549169421196 0.9334501028060913 8.057005882263184
0.9163804650306702 -0.008935332298278809 0.40020865201950073 2.0790274143218994 0.018377235159277916 0.9996358156204224 -0.01976083032786846 -0.2606353461742401 -0.3998863399028778 0.0254631657153368 0.916210949420929 8.98961353302002
0.8968029618263245 -0.009165984578430653 0.44233518838882446 2.52423095703125 0.019243845716118813 0.9996472597122192 -0.018301017582416534 -0.29631567001342773 -0.44201141595840454 0.024924635887145996 0.8966630697250366 9.891201972961426
0.8749709725379944 -0.008977127261459827 0.4840921461582184 3.0186028480529785 0.01978246308863163 0.9996559619903564 -0.01721787638962269 -0.3377966582775116 -0.48377108573913574 0.024641679599881172 0.8748475909233093 10.776166915893555
0.8510890603065491 -0.009294233284890652 0.5249390602111816 3.5530972480773926 0.02075563371181488 0.9996572732925415 -0.01595202647149563 -0.37278690934181213 -0.5246108770370483 0.02447204478085041 0.8509902954101562 11.664820671081543
0.8256787061691284 -0.00985635444521904 0.5640544295310974 4.130458354949951 0.022821294143795967 0.9996125102043152 -0.015939107164740562 -0.4129681885242462 -0.5636786818504333 0.026033036410808563 0.8255837559700012 12.46971607208252
0.7982111573219299 -0.011351956985890865 0.602270781993866 4.74290657043457 0.02590729109942913 0.9995442032814026 -0.015495861880481243 -0.44560176134109497 -0.6018203496932983 0.02797217294573784 0.7981414794921875 13.289994239807129
0.7694061994552612 -0.010225129313766956 0.6386779546737671 5.39031982421875 0.02643442153930664 0.9995251297950745 -0.015842938795685768 -0.479126513004303 -0.6382125020027161 0.02907273918390274 0.7693110704421997 14.0714750289917
0.7388277053833008 -0.013338400982320309 0.6737623810768127 6.066525459289551 0.031123222783207893 0.9994126558303833 -0.014343529008328915 -0.5132400989532471 -0.6731752753257751 0.0315670482814312 0.7388088703155518 14.804007530212402
0.7069640159606934 -0.012713836506009102 0.7071352005004883 6.795997142791748 0.03177431970834732 0.9993998408317566 -0.01379806362092495 -0.541694164276123 -0.7065354585647583 0.03222348168492317 0.7069435715675354 15.521940231323242
0.672636091709137 -0.011253845877945423 0.7398879528045654 7.547011375427246 0.03237522393465042 0.9993744492530823 -0.014231798239052296 -0.5780718326568604 -0.7392649054527283 0.03352685272693634 0.6725795865058899 16.211904525756836
0.6373205780982971 -0.0129920719191432 0.7704892158508301 8.325993537902832 0.03771843761205673 0.9991853833198547 -0.014350942336022854 -0.6059431433677673 -0.7696751952171326 0.038207799196243286 0.6372913718223572 16.843475341796875
0.6004260778427124 -0.010820087976753712 0.79960697889328 9.147686004638672 0.03719630092382431 0.9992040991783142 -0.014409773983061314 -0.6315543055534363 -0.798814594745636 0.03839442506432533 0.6003507375717163 17.464481353759766
0.5625753402709961 -0.009593813680112362 0.8266903758049011 9.965537071228027 0.040139760822057724 0.999070405960083 -0.015721414238214493 -0.6610829830169678 -0.8257709741592407 0.04202762991189957 0.5624374747276306 18.01682472229004
0.5237441062927246 -0.007887964136898518 0.851839005947113 10.82451343536377 0.04468521848320961 0.9988347887992859 -0.01822509430348873 -0.6898877620697021 -0.8507027626037598 0.047609902918338776 0.5234864354133606 18.538822174072266
0.4849926829338074 -0.006618767511099577 0.8744930624961853 11.692116737365723 0.04624670371413231 0.9987661838531494 -0.018089009448885918 -0.7083369493484497 -0.8732944130897522 0.049215465784072876 0.4847005009651184 19.018632888793945
0.4463975429534912 -0.008834564127027988 0.8947910666465759 12.584564208984375 0.05141332373023033 0.9985527396202087 -0.015790287405252457 -0.7443214654922485 -0.8933565020561218 0.05305293947458267 0.44620567560195923 19.4539737701416
0.40943577885627747 -0.009297613054513931 0.9122915863990784 13.511594772338867 0.055063460022211075 0.9983770847320557 -0.014537492766976357 -0.7697484493255615 -0.9106757640838623 0.05618610233068466 0.40928328037261963 19.85991668701172
0.37405818700790405 -0.0067223962396383286 0.9273808598518372 14.45949935913086 0.05595481023192406 0.9983155727386475 -0.015332736074924469 -0.7948623895645142 -0.9257156848907471 0.05762675404548645 0.3738042712211609 20.229597091674805
0.34061241149902344 -0.007643991149961948 0.9401727318763733 15.416462898254395 0.05656940117478371 0.9983219504356384 -0.012377593666315079 -0.8179852962493896 -0.9385004639625549 0.05740097910165787 0.3404732644557953 20.57765769958496
0.30740806460380554 -0.009146816097199917 0.9515337944030762 16.40660285949707 0.05895473062992096 0.998215913772583 -0.009450706653296947 -0.8410770297050476 -0.949749767780304 0.05900264158844948 0.3073989152908325 20.892467498779297
0.2748742699623108 -0.008965497836470604 0.9614383578300476 17.39521598815918 0.05992233380675316 0.9981725215911865 -0.007823687978088856 -0.8580385446548462 -0.9596111178398132 0.05976216122508049 0.2749091386795044 21.168256759643555
0.24266289174556732 -0.0062460582703351974 0.9700905680656433 18.399269104003906 0.05735781416296959 0.9983222484588623 -0.007919912226498127 -0.8781349062919617 -0.9684134721755981 0.0575641468167305 0.2426139861345291 21.423809051513672
0.21163438260555267 -0.004544897470623255 0.9773382544517517 19.427202224731445 0.05727884918451309 0.9983280301094055 -0.007760744541883469 -0.8916968703269958 -0.9756690263748169 0.057623255997896194 0.2115408480167389 21.654592514038086
0.1812785565853119 -0.004421915393322706 0.9834218621253967 20.457895278930664 0.058965329080820084 0.9982396364212036 -0.006380800157785416 -0.9132983088493347 -0.9816624522209167 0.059144504368305206 0.1812201589345932 21.84302520751953
0.15063981711864471 -0.004746613092720509 0.9885773062705994 21.526140213012695 0.06082718446850777 0.9981381893157959 -0.004476351663470268 -0.9271886944770813 -0.9867156147956848 0.06080668792128563 0.1506481021642685 22.000381469726562
0.12027425318956375 -0.005189233459532261 0.9927271604537964 22.62134552001953 0.05939926207065582 0.998232364654541 -0.0019785305485129356 -0.9341799020767212 -0.9909620881080627 0.05920521914958954 0.12036988884210587 22.12818717956543
0.09112277626991272 -0.005742628127336502 0.9958230257034302 23.707441329956055 0.059790946543216705 0.9982109069824219 0.0002852281031664461 -0.949945330619812 -0.9940431118011475 0.05951521545648575 0.09130311012268066 22.22117805480957
0.06453301012516022 -0.0053712124936282635 0.9979011416435242 24.823823928833008 0.06272601336240768 0.9980299472808838 0.001315493369475007 -0.9510595202445984 -0.995942234992981 0.0625094473361969 0.0647428035736084 22.278095245361328
0.039655305445194244 -0.004772239830344915 0.9992019534111023 25.941659927368164 0.0669044554233551 0.997757077217102 0.0021101045422255993 -0.9560801982879639 -0.9969709515571594 0.0667673721909523 0.03988564759492874 22.304208755493164
0.016803128644824028 -0.004311675671488047 0.9998494386672974 27.12417221069336 0.07107582688331604 0.9974660873413086 0.003106921212747693 -0.9549083709716797 -0.9973292946815491 0.07101292163133621 0.017067009583115578 22.322803497314453
-0.0031812628731131554 -0.00438723573461175 0.9999853372573853 28.27709197998047 0.07664858549833298 0.997047483921051 0.004618189763277769 -0.9546557664871216 -0.9970530867576599 0.07666215300559998 -0.0028355945833027363 22.311059951782227
-0.02040550485253334 -0.005161429289728403 0.9997784495353699 29.467144012451172 0.08113057911396027 0.9966802597045898 0.006801311857998371 -0.9554446935653687 -0.9964945912361145 0.08125139027833939 -0.0199190154671669 22.266366958618164
-0.03613807633519173 -0.004793544299900532 0.9993352293968201 30.674535751342773 0.08435104042291641 0.9964054822921753 0.007829803042113781 -0.9526503682136536 -0.9957805871963501 0.08457794040441513 -0.0356038361787796 22.215221405029297
-0.04988126456737518 -0.0054390449076890945 0.9987403154373169 31.870195388793945 0.08651986718177795 0.9962024688720703 0.009746385738253593 -0.9496433734893799 -0.9950006008148193 0.08689704537391663 -0.04922124370932579 22.143203735351562
-0.06279071420431137 -0.006484274286776781 0.9980055689811707 33.08503723144531 0.08704900741577148 0.9961323738098145 0.011948893778026104 -0.945500910282135 -0.9942232370376587 0.0876256600022316 -0.06198342144489288 22.047805786132812
-0.07465172559022903 -0.006172766909003258 0.997190535068512 34.28618621826172 0.08652989566326141 0.9961690306663513 0.012644249014556408 -0.9389309287071228 -0.9934483766555786 0.08723069727420807 -0.07383160293102264 21.96225357055664
-0.08623024076223373 -0.0036392828915268183 0.9962685108184814 35.51337432861328 0.0862533301115036 0.9962113499641418 0.011104575358331203 -0.9362484216690063 -0.9925343990325928 0.08688901364803314 -0.08558965474367142 21.866756439208984
-0.09639983624219894 -0.00017536577070131898 0.9953426718711853 36.751285552978516 0.08666287362575531 0.9962008595466614 0.008568894118070602 -0.9260910153388977 -0.9915627241134644 0.0870852991938591 -0.09601841121912003 21.74314308166504
-0.10494444519281387 0.0023060261737555265 0.9944754242897034 38.00037384033203 0.08794543892145157 0.996100902557373 0.006970863323658705 -0.9204379916191101 -0.990581750869751 0.08819114416837692 -0.10473807901144028 21.603477478027344
-0.1123572513461113 0.0033022647257894278 0.9936623573303223 39.28778839111328 0.08787302672863007 0.996109664440155 0.006625746376812458 -0.9147980213165283 -0.9897748231887817 0.08806057274341583 -0.11221033334732056 21.46558952331543
-0.11757340282201767 0.00397466542199254 0.9930562376976013 40.59162902832031 0.08752705156803131 0.9961417317390442 0.006375795695930719 -0.9077452421188354 -0.9891993403434753 0.08766890317201614 -0.11746765673160553 21.305343627929688
-0.1226075291633606 0.00576357077807188 0.9924384951591492 41.91081237792969 0.08904197812080383 0.9960142374038696 0.005216061137616634 -0.9009713530540466 -0.9884527921676636 0.08900821954011917 -0.12263204157352448 21.14377784729004
-0.1269163191318512 0.0072938320226967335 0.9918866157531738 43.24461364746094 0.08793973177671432 0.9961181879043579 0.003927335143089294 -0.8978680372238159 -0.9880074858665466 0.08772469311952591 -0.12706506252288818 20.97157859802246
-0.13147756457328796 0.007908288389444351 0.9912876486778259 44.61623764038086 0.08863092213869095 0.9960573315620422 0.003809054149314761 -0.8985337615013123 -0.9873490929603577 0.0883595421910286 -0.1316600888967514 20.80449676513672
-0.13567028939723969 0.007199648302048445 0.9907279014587402 46.035404205322266 0.08813516795635223 0.9960967898368835 0.004830564372241497 -0.8913992643356323 -0.9868261218070984 0.08797331154346466 -0.13577528297901154 20.63913345336914
-0.13776540756225586 0.0054160733707249165 0.9904500842094421 47.45820617675781 0.08880839496850967 0.9960246682167053 0.0069061326794326305 -0.884149432182312 -0.98647540807724 0.08891169726848602 -0.13769875466823578 20.43332290649414
-0.1406111866235733 0.003403138369321823 0.9900590181350708 48.90467834472656 0.08845658600330353 0.9960379600524902 0.009139182046055794 -0.8911659121513367 -0.9861054420471191 0.08886232227087021 -0.14035513997077942 20.233741760253906
-0.1434244066476822 0.0042869108729064465 0.9896519780158997 50.338294982910156 0.09095402806997299 0.9958155751228333 0.008867820724844933 -0.8830726146697998 -0.9854729175567627 0.09128470718860626 -0.14321419596672058 20.049842834472656
-0.14467790722846985 0.004403136670589447 0.9894689321517944 51.82665252685547 0.09100693464279175 0.9958106279373169 0.0088754678145051 -0.8701051473617554 -0.9852847456932068 0.09133261442184448 -0.14447250962257385 19.819786071777344
-0.14524422585964203 0.005070661660283804 0.9893828630447388 53.29511260986328 0.09317384660243988 0.9956129193305969 0.008575595915317535 -0.8681529760360718 -0.984998881816864 0.09343016147613525 -0.14507946372032166 19.60434913635254
-0.1455044448375702 0.005285394378006458 0.9893434643745422 54.7893180847168 0.09257318824529648 0.9956713318824768 0.008295701816678047 -0.8586578369140625 -0.9850170016288757 0.09279374778270721 -0.14536389708518982 19.38650131225586
-0.1451881229877472 0.006937569938600063 0.9893797636032104 56.30793380737305 0.09219963103532791 0.9957189559936523 0.006547958590090275 -0.847375750541687 -0.9850987195968628 0.09217111766338348 -0.14520619809627533 19.167259216308594
-0.14427614212036133 0.0066853840835392475 0.989514946937561 57.84544372558594 0.0925024077296257 0.9956895112991333 0.0067602042108774185 -0.8405270576477051 -0.9852043390274048 0.09250784665346146 -0.14427264034748077 18.950408935546875
-0.14268027245998383 0.005111107602715492 0.9897555708885193 59.39887619018555 0.09162744134664536 0.9957606792449951 0.008066626265645027 -0.8436921238899231 -0.9855185151100159 0.0918397456407547 -0.1425437033176422 18.73432731628418
-0.14189477264881134 0.00593410013243556 0.9898639917373657 60.985530853271484 0.09263362735509872 0.995673418045044 0.007309893611818552 -0.8347798585891724 -0.9855378866195679 0.09273193776607513 -0.14183051884174347 18.5145206451416
-0.1410878300666809 0.006300925277173519 0.9899770617485046 62.5804328918457 0.0922810435295105 0.9957095980644226 0.0068141380324959755 -0.8317680954933167 -0.9856867790222168 0.09231749922037125 -0.14106397330760956 18.295682907104492
-0.1395169496536255 0.006780746392905712 0.9901964664459229 64.20238494873047 0.09357043355703354 0.9955922365188599 0.00636621518060565 -0.829849898815155 -0.9857888221740723 0.09354129433631897 -0.13953649997711182 18.043201446533203
-0.13882556557655334 0.006631471682339907 0.9902945756912231 65.84379577636719 0.09283818304538727 0.9956609606742859 0.006347217131406069 -0.8208092451095581 -0.9859555959701538 0.09281831234693527 -0.13883882761001587 17.81732749938965
-0.13770824670791626 0.004643598105758429 0.9904619455337524 67.50122833251953 0.09516198933124542 0.9954249858856201 0.008563918061554432 -0.8158843517303467 -0.985890805721283 0.09543365240097046 -0.13752011954784393 17.570674896240234
-0.13656263053417206 0.0026228788774460554 0.9906279444694519 69.1617431640625 0.09637392312288284 0.9952882528305054 0.010650369338691235 -0.8062087297439575 -0.985932469367981 0.09692513197660446 -0.13617196679115295 17.337120056152344
-0.13654258847236633 0.0037929059471935034 0.990626871585846 70.9154052734375 0.09785810112953186 0.9951532483100891 0.009677987545728683 -0.7929070591926575 -0.9857890009880066 0.09826231747865677 -0.13625195622444153 17.100509643554688
-0.13584627211093903 0.005605373997241259 0.9907140731811523 72.60060119628906 0.09968800842761993 0.9949862360954285 0.00803962629288435 -0.7849484086036682 -0.9857019186019897 0.09985445439815521 -0.13572393357753754 16.86972427368164
-0.135539248585701 0.005318539682775736 0.9907577037811279 74.33685302734375 0.09856537729501724 0.995097279548645 0.008142270147800446 -0.7786787748336792 -0.9858568906784058 0.09875801205635071 -0.1353989690542221 16.640485763549805
-0.13515445590019226 0.005396897438913584 0.9908098578453064 76.05183410644531 0.09931021928787231 0.9950233101844788 0.00812686700373888 -0.7702768445014954 -0.9858350157737732 0.09949592500925064 -0.1350177824497223 16.404691696166992
-0.13540427386760712 0.0037583194207400084 0.9907833337783813 77.7874984741211 0.09849438816308975 0.9950904846191406 0.00968596525490284 -0.7712551951408386 -0.9858826398849487 0.09889812022447586 -0.13510967791080475 16.190637588500977
-0.13485027849674225 0.003906152443960309 0.990858256816864 79.51024627685547 0.10009194165468216 0.9949309229850769 0.009699746966362 -0.763836145401001 -0.985797643661499 0.10048495978116989 -0.13455772399902344 15.952764511108398
-0.13481181859970093 0.004303314723074436 0.9908618927001953 81.279052734375 0.10132381319999695 0.9948084950447083 0.009465169161558151 -0.7426503300666809 -0.9856770634651184 0.1016739159822464 -0.13454796373844147 15.720518112182617
-0.13436266779899597 0.005017995368689299 0.9909195303916931 83.02442932128906 0.10154353827238083 0.9947927594184875 0.008731082081794739 -0.7369287610054016 -0.9857157468795776 0.10179460793733597 -0.13417257368564606 15.477495193481445
-0.13508541882038116 0.0060149431228637695 0.9908156394958496 84.80661010742188 0.10106204450130463 0.9948500394821167 0.00773912388831377 -0.72459876537323 -0.9856663942337036 0.10117929428815842 -0.1349976360797882 15.25253677368164
-0.1358673870563507 0.006883534602820873 0.9907031059265137 86.5981216430664 0.10048976540565491 0.9949142932891846 0.006868611089885235 -0.7207515239715576 -0.985617458820343 0.10048875212669373 -0.1358681321144104 15.002049446105957
-0.13786204159259796 0.007393995765596628 0.990423858165741 88.39704132080078 0.09942256659269333 0.9950246214866638 0.0064107817597687244 -0.7168902158737183 -0.9854487180709839 0.09935429692268372 -0.13791126012802124 14.776447296142578
-0.1384274810552597 0.006593512371182442 0.990350604057312 90.20974731445312 0.09858153015375137 0.9951031804084778 0.007154202088713646 -0.7149083018302917 -0.9854539632797241 0.09862061589956284 -0.1383996456861496 14.529440879821777
-0.13937105238437653 0.006441970355808735 0.990219235420227 92.0408706665039 0.09880942851305008 0.9950786232948303 0.0074336109682917595 -0.7089055776596069 -0.9852981567382812 0.09887901693582535 -0.13932166993618011 14.280035972595215
-0.14011259377002716 0.005384230986237526 0.9901209473609924 93.9070816040039 0.09613801538944244 0.9953343272209167 0.008191964589059353 -0.7027050256729126 -0.9854572415351868 0.09633605927228928 -0.13997650146484375 14.027789115905762
-0.14190852642059326 0.005993269849568605 0.9898615479469299 95.73164367675781 0.09577099978923798 0.9953736066818237 0.007703277748078108 -0.7021017670631409 -0.9852359294891357 0.09589318931102753 -0.14182601869106293 13.781407356262207
-0.14427383244037628 0.007067559286952019 0.98951256275177 97.60850524902344 0.09506327658891678 0.9954483509063721 0.006750549655407667 -0.6906285881996155 -0.9849609136581421 0.0950402319431305 -0.1442890167236328 13.50455379486084
-0.14836937189102173 0.008014711551368237 0.9888994693756104 99.47859191894531 0.09545241296291351 0.9954143762588501 0.006253676023334265 -0.682676374912262 -0.9843146800994873 0.09532070904970169 -0.14845401048660278 13.228944778442383
-0.15279297530651093 0.0069519104436039925 0.988233745098114 101.35137176513672 0.09352270513772964 0.9955892562866211 0.007456097286194563 -0.6817337870597839 -0.9838230609893799 0.093561552464962 -0.15276920795440674 12.948921203613281
-0.15755094587802887 0.0063161118887364864 0.9874905943870544 103.24478149414062 0.09214295446872711 0.9957108497619629 0.008332422003149986 -0.6787814497947693 -0.9832026362419128 0.0923030823469162 -0.15745718777179718 12.65839672088623
-0.16186557710170746 0.0069701517932116985 0.9867882132530212 105.14566802978516 0.09074463695287704 0.995843231678009 0.007850978523492813 -0.679526150226593 -0.9826315641403198 0.09081653505563736 -0.1618252396583557 12.35303783416748
-0.16587074100971222 0.008903814479708672 0.9861072301864624 107.06048583984375 0.09167193621397018 0.9957684874534607 0.006428866181522608 -0.6755160093307495 -0.9818773865699768 0.09146472811698914 -0.1659850776195526 12.018457412719727
-0.17069828510284424 0.010471670888364315 0.9852676391601562 108.99041748046875 0.0912741869688034 0.9958119988441467 0.005229574628174305 -0.6820266246795654 -0.9810866117477417 0.09082217514514923 -0.17093920707702637 11.693848609924316
-0.17533214390277863 0.010767531581223011 0.9844504594802856 110.93647003173828 0.09025398641824722 0.9959052801132202 0.005181553773581982 -0.6841332316398621 -0.9803635478019714 0.08975905925035477 -0.1755860298871994 11.352054595947266
-0.17993788421154022 0.010297541506588459 0.9836241006851196 112.87578582763672 0.08823831379413605 0.9960829615592957 0.005713779479265213 -0.68816739320755 -0.9797123670578003 0.08782144635915756 -0.18014170229434967 11.003913879394531
-0.18460354208946228 0.009903996251523495 0.9827631711959839 114.84581756591797 0.08663956820964813 0.9962201714515686 0.006234881933778524 -0.6862413287162781 -0.9789867401123047 0.0862971693277359 -0.1847638487815857 10.631804466247559
-0.19050675630569458 0.009291084483265877 0.9816418290138245 116.78260803222656 0.08557988703250885 0.9963054656982422 0.007178568281233311 -0.6856290102005005 -0.9779484272003174 0.08537635207176208 -0.1905980110168457 10.284143447875977
-0.19561021029949188 0.00918118841946125 0.9806386232376099 118.76187896728516 0.08596221357584 0.9962677955627441 0.007819557562470436 -0.6821693181991577 -0.9769068956375122 0.08582744002342224 -0.19566935300827026 9.890042304992676
-0.20122425258159637 0.010400003753602505 0.9794899821281433 120.7126235961914 0.0863577127456665 0.9962384700775146 0.007163300644606352 -0.6881567239761353 -0.9757310748100281 0.08602794259786606 -0.20136545598506927 9.508999824523926
-0.20661389827728271 0.011371253989636898 0.9783564209938049 122.67221069335938 0.08591368049383163 0.9962809681892395 0.006564065348356962 -0.6899656057357788 -0.9746432900428772 0.08541042357683182 -0.2068224549293518 9.103585243225098
-0.21269017457962036 0.011456451378762722 0.9770525097846985 124.67485809326172 0.08594819158315659 0.9962748289108276 0.007027832325547934 -0.6805527806282043 -0.9733322262763977 0.08547066152095795 -0.21288251876831055 8.696234703063965
-0.21822844445705414 0.011378698982298374 0.9758313894271851 126.66097259521484 0.0848333016037941 0.9963679909706116 0.007353391032665968 -0.6764289736747742 -0.9722034335136414 0.08438771963119507 -0.21840111911296844 8.262088775634766
-0.22343114018440247 0.012185852974653244 0.9746435284614563 128.64877319335938 0.0841684639453888 0.9964280724525452 0.006836889777332544 -0.672587513923645 -0.9710788726806641 0.08356182277202606 -0.2236587256193161 7.815181732177734
-0.22884313762187958 0.012869118712842464 0.9733782410621643 130.64918518066406 0.08353181183338165 0.9964841604232788 0.006463891360908747 -0.672957718372345 -0.9698727130889893 0.08278726786375046 -0.22911354899406433 7.363948345184326
-0.2332029640674591 0.012102399952709675 0.9723527431488037 132.62754821777344 0.08454481512308121 0.9963884949684143 0.007875131443142891 -0.6698942184448242 -0.9687458872795105 0.08404386788606644 -0.23338398337364197 6.893492221832275
-0.23672257363796234 0.012104684486985207 0.971501886844635 134.62840270996094 0.08690820634365082 0.9961777925491333 0.008764486759901047 -0.6606346368789673 -0.967682421207428 0.08650623261928558 -0.23686981201171875 6.397253036499023
-0.2405310571193695 0.012828121893107891 0.9705566763877869 136.65542602539062 0.08818701654672623 0.9960660338401794 0.008689917623996735 -0.6583762764930725 -0.9666270613670349 0.08768067508935928 -0.2407160848379135 5.902710437774658
-0.2434641271829605 0.013514073565602303 0.969815731048584 138.66619873046875 0.08860201388597488 0.9960319995880127 0.008363405242562294 -0.6541368365287781 -0.9658544063568115 0.08796381205320358 -0.2436954230070114 5.394700527191162
-0.24730722606182098 0.013665118254721165 0.9688407182693481 140.7067108154297 0.08789117634296417 0.996094822883606 0.00838566105812788 -0.6500115394592285 -0.9649425745010376 0.08722639083862305 -0.24754248559474945 4.89073371887207
-0.25057095289230347 0.01418911013752222 0.9679941534996033 142.7232666015625 0.08667707443237305 0.996205747127533 0.007834234274923801 -0.6481995582580566 -0.9642100930213928 0.08586594462394714 -0.250850111246109 4.3639068603515625
-0.25541532039642334 0.014843761920928955 0.9667174220085144 144.7528076171875 0.08589308708906174 0.99627685546875 0.007396072149276733 -0.6521666646003723 -0.963008463382721 0.0849234014749527 -0.25573939085006714 3.838043689727783
-0.25971055030822754 0.013992754742503166 0.9655851125717163 146.7886505126953 0.08402925729751587 0.9964298605918884 0.008161361329257488 -0.6534420847892761 -0.9620236754417419 0.08325698971748352 -0.25995922088623047 3.298725128173828
-0.2646465003490448 0.014477990567684174 0.9642367959022522 148.8237762451172 0.08462399244308472 0.9963786602020264 0.008265485987067223 -0.6522728800773621 -0.9606252312660217 0.08378501236438751 -0.2649133503437042 2.750465154647827
-0.26968327164649963 0.014641175046563148 0.9628377556800842 150.87828063964844 0.08379713445901871 0.9964480400085449 0.008318651467561722 -0.6537330150604248 -0.9592961072921753 0.0829264372587204 -0.26995226740837097 2.191936731338501
-0.2750096321105957 0.014992127195000648 0.9613245725631714 152.93673706054688 0.08331282436847687 0.9964889287948608 0.00829307734966278 -0.648927628993988 -0.9578248858451843 0.08237133920192719 -0.2752930521965027 1.6272931098937988
-0.2793964445590973 0.014248201623558998 0.9600702524185181 154.97048950195312 0.0832548514008522 0.9964835047721863 0.009439948946237564 -0.6548349261283875 -0.9565595984458923 0.08256798982620239 -0.27960023283958435 1.0441585779190063
-0.28392452001571655 0.014348573051393032 0.9587392807006836 157.02740478515625 0.08368232846260071 0.9964436292648315 0.009869126603007317 -0.6481645107269287 -0.9551879167556763 0.08303160220384598 -0.2841155230998993 0.4526388645172119
-0.2882159650325775 0.015056236647069454 0.9574470520019531 159.1012420654297 0.08443455398082733 0.9963813424110413 0.009748462587594986 -0.6448453664779663 -0.9538356065750122 0.08365129679441452 -0.28844428062438965 -0.15768982470035553
-0.29175737500190735 0.016637293621897697 0.9563475847244263 161.1650390625 0.08516251295804977 0.9963295459747314 0.008648065850138664 -0.6360697150230408 -0.9526934623718262 0.08396808803081512 -0.2921033203601837 -0.7815678119659424
-0.2955893278121948 0.017869766801595688 0.9551479816436768 163.2301483154297 0.08489872515201569 0.9963603615760803 0.00763277430087328 -0.6388417482376099 -0.951535165309906 0.08334699273109436 -0.29603061079978943 -1.4084805250167847
-0.2992713451385498 0.019418198615312576 0.9539704322814941 165.3158416748047 0.08602552115917206 0.9962703585624695 0.006707960274070501 -0.6374117732048035 -0.9502822160720825 0.08407330513000488 -0.29982563853263855 -2.049312114715576
-0.30270761251449585 0.019959988072514534 0.9528743624687195 167.39955139160156 0.08527712523937225 0.9963377714157104 0.00622028112411499 -0.6394060254096985 -0.9492607116699219 0.08314131200313568 -0.3033011853694916 -2.7011005878448486
-0.30644840002059937 0.020006274804472923 0.9516769051551819 169.49615478515625 0.08561655879020691 0.9963060617446899 0.006624812260270119 -0.6431344151496887 -0.948029100894928 0.08350946754217148 -0.3070293366909027 -3.3649914264678955
-0.31081029772758484 0.02021973766386509 0.950256884098053 171.59083557128906 0.08543596416711807 0.9963208436965942 0.0067445323802530766 -0.6428449153900146 -0.9466243386268616 0.08328240364789963 -0.31139427423477173 -4.031099319458008
-0.31504321098327637 0.02098928764462471 0.9488452076911926 173.69384765625 0.08724500238895416 0.9961627721786499 0.006931790616363287 -0.6446267366409302 -0.9450587630271912 0.0849657952785492 -0.315665602684021 -4.723961353302002
-0.3180318772792816 0.02147950604557991 0.9478365778923035 175.7863311767578 0.08948060870170593 0.9959605932235718 0.007453760597854853 -0.6444855332374573 -0.9438479542732239 0.08718353509902954 -0.31866931915283203 -5.429747581481934
-0.3204860985279083 0.021096212789416313 0.9470182657241821 177.8485870361328 0.09058552980422974 0.9958526492118835 0.008471517823636532 -0.6457794904708862 -0.9429119229316711 0.08850115537643433 -0.3210679292678833 -6.125565528869629
-0.32327622175216675 0.02080165594816208 0.946075975894928 179.935302734375 0.0902458056807518 0.9958795309066772 0.008940496481955051 -0.638927698135376 -0.9419915080070496 0.08826963603496552 -0.32382142543792725 -6.838552951812744
-0.3258742392063141 0.021259739995002747 0.9451740384101868 182.00289916992188 0.08927085995674133 0.9959721565246582 0.008376198820769787 -0.6401835083961487 -0.9411889910697937 0.08710610121488571 -0.32645952701568604 -7.547852039337158
-0.3286515474319458 0.02339586429297924 0.9441614151000977 184.10995483398438 0.08889015763998032 0.9960217475891113 0.006260696332901716 -0.6379191875457764 -0.9402588605880737 0.0859842598438263 -0.32942381501197815 -8.279624938964844
-0.33210867643356323 0.025631316006183624 0.9428927302360535 186.2356719970703 0.08859209716320038 0.9960594177246094 0.00412759929895401 -0.6356511116027832 -0.9390714764595032 0.08490366488695145 -0.33307066559791565 -9.019920349121094
-0.33500614762306213 0.026389287784695625 0.9418463110923767 188.3544921875 0.08779340237379074 0.9961333274841309 0.0033169896341860294 -0.6492509245872498 -0.9381168484687805 0.08379910886287689 -0.3360276222229004 -9.77463436126709
-0.33878785371780396 0.027226833626627922 0.9404686689376831 190.515380859375 0.08604840934276581 0.996288537979126 0.0021546529605984688 -0.6563454270362854 -0.9369195699691772 0.0816558301448822 -0.339873343706131 -10.535470008850098
-0.3415662348270416 0.02798812836408615 0.9394407868385315 192.63687133789062 0.08734630048274994 0.9961757659912109 0.002079377416521311 -0.6648132801055908 -0.9357901215553284 0.08276694267988205 -0.342704713344574 -11.324682235717773
-0.34540921449661255 0.02667812816798687 0.938072919845581 194.80917358398438 0.08627964556217194 0.9962650537490845 0.003436086932197213 -0.6744605302810669 -0.9344775676727295 0.08212347328662872 -0.3464208245277405 -12.107129096984863
-0.3487294912338257 0.02587338536977768 0.9368662238121033 196.96311950683594 0.08634107559919357 0.9962549209594727 0.0046251919120550156 -0.6867799758911133 -0.9332379102706909 0.08250296115875244 -0.3496573865413666 -12.908875465393066
-0.35277634859085083 0.02597896382212639 0.9353469610214233 199.12237548828125 0.08619184046983719 0.9962669610977173 0.00483721075579524 -0.6876615285873413 -0.9317294955253601 0.08232573419809341 -0.3536985516548157 -13.713419914245605
-0.35623350739479065 0.02621019445359707 0.9340292811393738 201.2758331298828 0.08544144779443741 0.996332585811615 0.004628375638276339 -0.6952100396156311 -0.9304823875427246 0.0814536064863205 -0.35716643929481506 -14.524548530578613
-0.3603456914424896 0.026642436161637306 0.932438313961029 203.4522705078125 0.08444768190383911 0.9964191317558289 0.004164698999375105 -0.7074971795082092 -0.9289884567260742 0.08024297654628754 -0.36130526661872864 -15.351804733276367
-0.3641231954097748 0.027106886729598045 0.930956244468689 205.63597106933594 0.08385492116212845 0.9964709281921387 0.0037835284601897 -0.7167227864265442 -0.9275681376457214 0.07944293320178986 -0.36511117219924927 -16.1817569732666
-0.3667357861995697 0.028004150837659836 0.9299035668373108 207.74533081054688 0.08589282631874084 0.9962968826293945 0.0038708702195435762 -0.7355687022209167 -0.9263516068458557 0.08129164576530457 -0.3677830696105957 -17.0203857421875
-0.3692699670791626 0.02758415788412094 0.9289126396179199 209.88937377929688 0.08642364293336868 0.9962470531463623 0.004772264510393143 -0.7487353682518005 -0.9252949357032776 0.08204229176044464 -0.37026795744895935 -17.86960220336914
-0.3715989887714386 0.027394553646445274 0.92798912525177 212.0574188232422 0.0881013497710228 0.9960941076278687 0.0058737932704389095 -0.7557921409606934 -0.924203634262085 0.0839397981762886 -0.3725610077381134 -18.745553970336914
-0.3745611906051636 0.02817268669605255 0.9267741441726685 214.25242614746094 0.08931133151054382 0.9959867596626282 0.005819037090986967 -0.7646600008010864 -0.9228909611701965 0.0849510207772255 -0.3755740523338318 -19.625490188598633
-0.37745627760887146 0.029108954593539238 0.9255697727203369 216.4539794921875 0.08937286585569382 0.9959849715232849 0.005123617127537727 -0.7728361487388611 -0.9217045307159424 0.08465476334095001 -0.378542423248291 -20.516075134277344
-0.38017094135284424 0.029441604390740395 0.9244474768638611 218.63299560546875 0.08889209479093552 0.9960295557975769 0.0048347581177949905 -0.7808659672737122 -0.9206346869468689 0.08401411771774292 -0.3812785744667053 -21.403654098510742
-0.3831474781036377 0.030797090381383896 0.9231736063957214 220.8032989501953 0.0888245701789856 0.9960406422615051 0.003637194400653243 -0.7959131598472595 -0.9194063544273376 0.08339408785104752 -0.3843660354614258 -22.29732894897461
-0.3856731057167053 0.0320446603000164 0.9220788478851318 222.97369384765625 0.08882231265306473 0.996044397354126 0.002536102430894971 -0.8083522915840149 -0.9183499813079834 0.08287928998470306 -0.38699379563331604 -23.20501708984375
-0.38802340626716614 0.03198810666799545 0.9210942387580872 225.15573120117188 0.08683425933122635 0.9962209463119507 0.0019829722587019205 -0.8266414999961853 -0.917549729347229 0.08075195550918579 -0.38933461904525757 -24.11856460571289
-0.3911624848842621 0.03296131640672684 0.9197311997413635 227.3298797607422 0.08764948695898056 0.9961501359939575 0.0015773792983964086 -0.8438024520874023 -0.9161383509635925 0.08123096078634262 -0.392545610666275 -25.034988403320312
-0.3939942717552185 0.032384537160396576 0.918542206287384 229.48788452148438 0.08872698247432709 0.9960517883300781 0.0029408105183392763 -0.8638630509376526 -0.91482013463974 0.08265813440084457 -0.39531198143959045 -25.955373764038086
-0.3965562582015991 0.031210364773869514 0.9174797534942627 231.6533966064453 0.08892446756362915 0.9960278868675232 0.004552843514829874 -0.8816660642623901 -0.9136935472488403 0.08339184522628784 -0.397756427526474 -26.883068084716797
-0.3998756408691406 0.031047016382217407 0.9160434007644653 233.78485107421875 0.08789075165987015 0.9961196184158325 0.004605500493198633 -0.8925756216049194 -0.9123457074165344 0.0823533833026886 -0.40105265378952026 -27.80068016052246
-0.4030955135822296 0.03129388764500618 0.9146227240562439 235.9234161376953 0.08688055723905563 0.9962098598480225 0.004204878583550453 -0.9090800285339355 -0.9110245704650879 0.08115790039300919 -0.40428656339645386 -28.733631134033203
-0.4068376123905182 0.030690127983689308 0.9129847288131714 238.1047821044922 0.08510120213031769 0.9963623881340027 0.004429292399436235 -0.9182840585708618 -0.9095278382301331 0.07949808239936829 -0.40796953439712524 -29.690649032592773
-0.4101812243461609 0.03028375655412674 0.9115011096000671 240.2568817138672 0.08443676680326462 0.9964166879653931 0.004892074503004551 -0.930208146572113 -0.908086895942688 0.07897084206342697 -0.41126853227615356 -30.6480770111084
-0.41363731026649475 0.030440647155046463 0.9099327325820923 242.4091339111328 0.08423895388841629 0.9964332580566406 0.004958936013281345 -0.947038471698761 -0.9065362811088562 0.07870298624038696 -0.41472625732421875 -31.622989654541016
-0.41730421781539917 0.030434714630246162 0.9082570672035217 244.5607452392578 0.08403987437486649 0.9964486956596375 0.00522270193323493 -0.9607126116752625 -0.9048725366592407 0.07850924879312515 -0.4183800220489502 -32.6007194519043
-0.4213470220565796 0.02971629798412323 0.9064125418663025 246.72207641601562 0.0826396495103836 0.9965629577636719 0.005743301007896662 -0.9759111404418945 -0.9031264781951904 0.07732553780078888 -0.42235448956489563 -33.583290100097656
-0.425042062997818 0.029941322281956673 0.904678225517273 248.83999633789062 0.082073874771595 0.9966106414794922 0.0055765691213309765 -0.982787549495697 -0.9014449119567871 0.07662072032690048 -0.42605888843536377 -34.567501068115234
-0.42861366271972656 0.030876126140356064 0.9029600620269775 250.99346923828125 0.08263751119375229 0.9965662956237793 0.005149122327566147 -0.9989887475967407 -0.8997007012367249 0.0768253356218338 -0.42969346046447754 -35.57765579223633
-0.4321570098400116 0.031090427190065384 0.9012622833251953 253.10205078125 0.08259347081184387 0.9965696334838867 0.005225527100265026 -1.018376111984253 -0.8980080485343933 0.07669661194086075 -0.43324247002601624 -36.5760498046875
-0.4354132413864136 0.03116426058113575 0.899691104888916 255.24937438964844 0.0827333927154541 0.9965563416481018 0.005519976373761892 -1.0294597148895264 -0.8964208364486694 0.07683797925710678 -0.4364922344684601 -37.6114387512207
-0.4394643306732178 0.031652431935071945 0.8977023363113403 257.3741760253906 0.08175650238990784 0.9966403841972351 0.004882442764937878 -1.0401115417480469 -0.8945317268371582 0.07553865760564804 -0.4405757486820221 -38.62831115722656
-0.4428824186325073 0.032122913748025894 0.8960040807723999 259.4927978515625 0.08225782960653305 0.9965988993644714 0.004929540678858757 -1.0554964542388916 -0.8927983045578003 0.0758865550160408 -0.44401848316192627 -39.667606353759766
-0.44641101360321045 0.03231668099761009 0.8942442536354065 261.61236572265625 0.0822586789727211 0.9965982437133789 0.005048323888331652 -1.0591977834701538 -0.8910391330718994 0.07581298053264618 -0.44755080342292786 -40.718727111816406
-0.4496799409389496 0.03385503217577934 0.8925479054450989 263.7347412109375 0.08376031368970871 0.9964762330055237 0.004402677994221449 -1.0621004104614258 -0.8892537355422974 0.07673988491296768 -0.4509310722351074 -41.78311538696289
-0.4531203806400299 0.035967662930488586 0.890723466873169 265.85980224609375 0.08638297766447067 0.996255099773407 0.0037148764822632074 -1.0729988813400269 -0.8872541189193726 0.07862664759159088 -0.4545304775238037 -42.86525344848633
-0.4560002088546753 0.03676784411072731 0.8892198204994202 267.9932861328125 0.08782874047756195 0.9961281418800354 0.0038510733284056187 -1.0849614143371582 -0.8856353163719177 0.07985514402389526 -0.45746397972106934 -43.96019744873047
-0.45886415243148804 0.03876122832298279 0.887660562992096 270.11370849609375 0.08954805880784988 0.995978593826294 0.002799541223794222 -1.092300295829773 -0.8839823603630066 0.08077289164066315 -0.4604898691177368 -45.05780029296875
-0.4613097012042999 0.041206881403923035 0.8862816691398621 272.2566833496094 0.0916047990322113 0.9957944750785828 0.0013817145954817533 -1.1095082759857178 -0.8824975490570068 0.08182506263256073 -0.46314436197280884 -46.17295455932617
