0.9998850226402283 0.0011531825875863433 -0.015118971467018127 10.006623268127441 -0.0012683005770668387 0.9999702572822571 -0.007606767117977142 3.0549590587615967 0.015109749510884285 0.007625068072229624 0.9998567700386047 -3.9157044887542725
0.9998637437820435 -0.0012427520705386996 -0.016460318118333817 9.976079940795898 0.001166375819593668 0.9999884963035583 -0.004648810252547264 3.026643991470337 0.01646590605378151 0.0046289777383208275 0.9998537302017212 -2.392972469329834
0.9998370409011841 -0.0016349132638424635 -0.017979828640818596 9.949799537658691 0.0015677332412451506 0.9999916553497314 -0.003749864874407649 2.9966890811920166 0.017985811457037926 0.0037210655864328146 0.9998313188552856 -0.8737557530403137
0.9998133182525635 -0.000645171501673758 -0.01930975541472435 9.909368515014648 0.0005653434200212359 0.9999912977218628 -0.004139261320233345 2.9719064235687256 0.019312256947159767 0.0041275713592767715 0.9998049736022949 0.638577938079834
0.9997832179069519 0.00015396307571791112 -0.02082003280520439 9.872729301452637 -0.00023917679209262133 0.9999915957450867 -0.004090438596904278 2.9426429271698 0.020819228142499924 0.004094531759619713 0.9997748732566833 2.139911413192749
0.9997517466545105 -0.00015652336878702044 -0.022281834855675697 9.8344087600708 6.590717384824529e-05 0.9999917149543762 -0.004067486617714167 2.9211935997009277 0.02228228747844696 0.00406500743702054 0.9997435212135315 3.6388180255889893
0.9997155666351318 -0.0007793260156176984 -0.023837413638830185 9.790163040161133 0.0006984676001593471 0.9999939799308777 -0.003400204237550497 2.8910281658172607 0.02383992075920105 0.0033825873397290707 0.9997100830078125 5.135039329528809
0.9996708631515503 -0.002391582587733865 -0.025541696697473526 9.745185852050781 0.0022819675505161285 0.9999880194664001 -0.004319892730563879 2.8679141998291016 0.025551723316311836 0.004260185174643993 0.9996644854545593 6.631786823272705
0.999630331993103 -0.0035469208378344774 -0.02695620246231556 9.706292152404785 0.0034376364201307297 0.9999856948852539 -0.00409942539408803 2.8424997329711914 0.026970358565449715 0.004005244933068752 0.9996281266212463 8.112801551818848
0.9995948076248169 -0.0031978110782802105 -0.028284896165132523 9.657301902770996 0.003079730784520507 0.9999863505363464 -0.004217230249196291 2.815300226211548 0.028297994285821915 0.004128411412239075 0.9995909929275513 9.60329532623291
0.9995657801628113 -0.0029177083633840084 -0.029318522661924362 9.611948013305664 0.0027977044228464365 0.9999875426292419 -0.004133304581046104 2.7887890338897705 0.029330216348171234 0.004049485549330711 0.9995615482330322 11.075369834899902
0.9995467066764832 -0.0012259302893653512 -0.030080942437052727 9.558300018310547 0.0011224130867049098 0.9999935030937195 -0.0034579390194267035 2.761258363723755 0.030084986239671707 0.0034226090647280216 0.9995415210723877 12.550436019897461
0.9995314478874207 7.733754318905994e-05 -0.030608108267188072 9.5104341506958 -0.00016999842773657292 0.9999954104423523 -0.003024738747626543 2.7388553619384766 0.030607733875513077 0.003028523875400424 0.999526858329773 14.04021167755127
0.9995078444480896 0.0009212450822815299 -0.031353894621133804 9.456570625305176 -0.0009888351196423173 0.9999973177909851 -0.002140276599675417 2.714752197265625 0.031351834535598755 0.0021702274680137634 0.9995059967041016 15.508893966674805
0.9994978308677673 0.00047852503485046327 -0.03168385848402977 9.407374382019043 -0.0005398151115514338 0.9999979734420776 -0.0019259004620835185 2.685563325881958 0.031682878732681274 0.00194203678984195 0.9994960427284241 16.98289680480957
0.9994757175445557 0.0015437506372109056 -0.03234022110700607 9.354827880859375 -0.001605252269655466 0.9999969601631165 -0.0018758364021778107 2.6634764671325684 0.03233722224831581 0.00192676717415452 0.9994751811027527 18.445566177368164
0.9994653463363647 0.0012719470541924238 -0.03267066553235054 9.316783905029297 -0.0013173515908420086 0.999998152256012 -0.00136827293317765 2.6405465602874756 0.03266886621713638 0.0014105790760368109 0.9994652271270752 19.90715980529785
0.9994691610336304 0.0024908403865993023 -0.03248390555381775 9.259902000427246 -0.00250023091211915 0.9999968409538269 -0.0002484543656464666 2.6200973987579346 0.03248318284749985 0.00032953970367088914 0.9994722008705139 21.353975296020508
0.9994705319404602 0.002761625684797764 -0.03241979703307152 9.208584785461426 -0.0028105154633522034 0.9999949336051941 -0.0014625428011640906 2.595827102661133 0.03241559490561485 0.0015528846997767687 0.9994732737541199 22.794029235839844
0.9994704127311707 0.0030588298104703426 -0.03239402920007706 9.15416145324707 -0.0031773997470736504 0.9999884366989136 -0.003609403967857361 2.5771238803863525 0.03238261491060257 0.0037104226648807526 0.9994686245918274 24.226484298706055
0.999487578868866 0.0012708071153610945 -0.03198160603642464 9.099475860595703 -0.0013926560059189796 0.9999918341636658 -0.0037879867013543844 2.551999807357788 0.03197652846574783 0.0038305851630866528 0.9994812607765198 25.6424503326416
0.9994974732398987 0.0008698086603544652 -0.031682636588811874 9.043952941894531 -0.0009034592658281326 0.999998927116394 -0.0010478177573531866 2.5233817100524902 0.03168169781565666 0.0010759150609374046 0.9994974136352539 27.056243896484375
0.9995048642158508 -0.001025935634970665 -0.031445667147636414 8.995036125183105 0.0010325938928872347 0.9999994039535522 0.0001955056213773787 2.502218246459961 0.031445443630218506 -0.00022787756461184472 0.9995054602622986 28.46200942993164
0.9995059370994568 -0.0015085824998095632 -0.03139195218682289 8.943982124328613 0.0014907660661265254 0.9999987483024597 -0.0005909389583393931 2.4822840690612793 0.03139280155301094 0.0005438500083982944 0.999506950378418 29.86143684387207
0.9995235204696655 -0.0018209499539807439 -0.030812537297606468 8.900046348571777 0.0017502035479992628 0.999995768070221 -0.0023228328209370375 2.4577836990356445 0.030816638842225075 0.0022677991073578596 0.9995224475860596 31.254798889160156
0.9995311498641968 -0.00033801872632466257 -0.03061498887836933 8.851801872253418 0.00024579442106187344 0.9999954104423523 -0.0030160960741341114 2.432328939437866 0.03061586804687977 0.0030071577057242393 0.9995266795158386 32.603633880615234
0.9995635747909546 -8.526564488420263e-05 -0.029540805146098137 8.803803443908691 -2.7448000764707103e-05 0.9999927282333374 -0.0038150998298078775 2.4039623737335205 0.02954091504216194 0.0038142455741763115 0.999556303024292 33.95555114746094
0.9995995759963989 0.00027456527459435165 -0.028293872252106667 8.759175300598145 -0.0003481818421278149 0.9999966025352478 -0.002596963196992874 2.3756895065307617 0.02829306200146675 0.0026057749055325985 0.9995962977409363 35.28824996948242
0.9996390342712402 0.0006644318345934153 -0.026855632662773132 8.716082572937012 -0.0006840061396360397 0.9999995231628418 -0.0007196972146630287 2.35158371925354 0.026855140924453735 0.0007378069567494094 0.9996389746665955 36.61561965942383
0.9996821284294128 0.0003085733624175191 -0.025207864120602608 8.675118446350098 -0.00030300268554128706 0.9999999403953552 0.00022480328334495425 2.3279941082000732 0.02520793117582798 -0.0002170941443182528 0.9996821880340576 37.904293060302734
0.999737024307251 0.0008293340215459466 -0.022917907685041428 8.644317626953125 -0.0008067257003858685 0.9999991059303284 0.0009957224829122424 2.3054869174957275 0.022918716073036194 -0.0009769703028723598 0.9997367858886719 39.199153900146484
0.9998180270195007 0.00025022902991622686 -0.019074594601988792 8.604804039001465 -0.0002442475233692676 0.9999998807907104 0.00031591870356351137 2.285581111907959 0.01907467097043991 -0.0003112016129307449 0.999817967414856 40.45949935913086
0.9998753070831299 -0.00037405508919619024 -0.01578589156270027 8.586834907531738 0.0003529975365381688 0.9999991655349731 -0.0013366899220272899 2.2611379623413086 0.01578637585043907 0.0013309509959071875 0.999874472618103 41.71242904663086
0.999923825263977 -0.00043361156713217497 -0.012334558181464672 8.563019752502441 0.0003949482343159616 0.9999949932098389 -0.0031368136405944824 2.2395405769348145 0.01233585737645626 0.0031317034736275673 0.9999189376831055 42.93043518066406
0.999966561794281 0.00015650599380023777 -0.008179481141269207 8.549886703491211 -0.00017642317106947303 0.9999970197677612 -0.002434359397739172 2.2131760120391846 0.008179075084626675 0.0024357219226658344 0.9999635815620422 44.16276550292969
0.9999961853027344 0.0006139229517430067 -0.002723356243222952 8.532739639282227 -0.0006210576393641531 0.9999964237213135 -0.0026197447441518307 2.1907622814178467 0.002721739001572132 0.0026214267127215862 0.999992847442627 45.36565399169922
0.9999922513961792 0.0015589201357215643 0.003614756278693676 8.533620834350586 -0.0015459522837772965 0.9999924302101135 -0.0035874387249350548 2.1672990322113037 -0.003620321862399578 0.0035818233154714108 0.999987006187439 46.59101104736328
0.9999381303787231 0.003188567701727152 0.010666608810424805 8.547130584716797 -0.003150849137455225 0.999988853931427 -0.003551103873178363 2.1459147930145264 -0.010677809827029705 0.003517276607453823 0.9999367594718933 47.76704788208008
0.9998070597648621 0.004415309987962246 0.019142713397741318 8.561964988708496 -0.004362994804978371 0.9999867677688599 -0.0027738111093640327 2.127474308013916 -0.019154705107212067 0.0026897576171904802 0.9998128414154053 48.9559326171875
0.999552309513092 0.006129937712103128 0.029284844174981117 8.590546607971191 -0.0060815149918198586 0.9999799728393555 -0.0017422899836674333 2.0965068340301514 -0.0292949341237545 0.0015634126029908657 0.9995697140693665 50.10163116455078
0.999068021774292 0.008464453741908073 0.04232592135667801 8.623671531677246 -0.008388387970626354 0.9999628067016602 -0.001974437152966857 2.0782411098480225 -0.04234105721116066 0.0016175505006685853 0.9991019368171692 51.25186538696289
0.9983043074607849 0.010642395354807377 0.05723142623901367 8.677268028259277 -0.010577758774161339 0.9999430179595947 -0.0014322652714326978 2.056058883666992 -0.05724341794848442 0.0008244565105997026 0.9983598589897156 52.38614273071289
0.9972253441810608 0.012954295612871647 0.07330627739429474 8.748614311218262 -0.0129970982670784 0.9999155402183533 0.00010685797315090895 2.035658359527588 -0.07329869270324707 -0.0010593306506052613 0.9973095059394836 53.50909423828125
0.9957534670829773 0.01317905355244875 0.0911111980676651 8.84267520904541 -0.013296528719365597 0.999911367893219 0.000682475627399981 2.019817352294922 -0.09109414368867874 -0.0018910403596237302 0.9958404302597046 54.62226486206055
0.9938536882400513 0.012589323334395885 0.10998309403657913 8.959078788757324 -0.012656602077186108 0.9999198913574219 -8.641649037599564e-05 1.9992893934249878 -0.10997538268566132 -0.0013061265926808119 0.9939334988594055 55.7091178894043
0.9914124011993408 0.011956746689975262 0.13022585213184357 9.09550952911377 -0.011910511180758476 0.9999284148216248 -0.0011339352931827307 1.9844549894332886 -0.13023008406162262 -0.00042686055530793965 0.9914836883544922 56.79185485839844
0.988415002822876 0.009454838931560516 0.15148091316223145 9.252622604370117 -0.009337755851447582 0.9999552965164185 -0.0014842600794509053 1.9678480625152588 -0.15148817002773285 5.2570816478691995e-05 0.9884591102600098 57.85720443725586
0.9849497675895691 0.0041677989065647125 0.17279039323329926 9.444286346435547 -0.004365224391222 0.9999901056289673 0.0007625938160344958 1.9515578746795654 -0.17278553545475006 -0.00150538538582623 0.984958291053772 58.90000534057617
0.9806534647941589 -0.0012024207971990108 0.19574826955795288 9.654911041259766 0.000768219877500087 0.999997079372406 0.0022940661292523146 1.9335641860961914 -0.19575050473213196 -0.0020993053913116455 0.9806514382362366 59.933868408203125
0.9755271077156067 -0.006533757317811251 0.2197820246219635 9.890643119812012 0.006309940945357084 0.9999785423278809 0.0017203346360474825 1.9171431064605713 -0.2197885662317276 -0.0002914202632382512 0.9755474925041199 60.95119857788086
0.9694478511810303 -0.012950443662703037 0.24495549499988556 10.15202522277832 0.013327986933290958 0.9999110698699951 0.00011636549606919289 1.8995312452316284 -0.24493519961833954 0.0031519532203674316 0.9695343375205994 61.95762252807617
0.9623808264732361 -0.016472116112709045 0.27120429277420044 10.436347961425781 0.016822097823023796 0.9998579621315002 0.0010343169560655951 1.8838807344436646 -0.2711828052997589 0.003566817846149206 0.9625213146209717 62.936256408691406
0.9542590975761414 -0.01902223378419876 0.29837560653686523 10.732417106628418 0.0188783910125494 0.9998161196708679 0.0033644200302660465 1.871199607849121 -0.29838472604751587 0.0024223222862929106 0.9544426202774048 63.87759017944336
0.9450350999832153 -0.023413224145770073 0.3261294662952423 11.062827110290527 0.02267790213227272 0.9997245073318481 0.00605698162689805 1.8627792596817017 -0.3261813521385193 0.0016718721017241478 0.9453057646751404 64.82133483886719
0.9345719814300537 -0.026151111349463463 0.35481175780296326 11.418206214904785 0.025767916813492775 0.9996510744094849 0.005805933382362127 1.8517673015594482 -0.3548397421836853 0.0037166965194046497 0.9349196553230286 65.74317169189453
0.922838568687439 -0.025027019903063774 0.3843732178211212 11.789223670959473 0.02620108611881733 0.999654233455658 0.0021827686578035355 1.8416967391967773 -0.38429492712020874 0.008056649938225746 0.9231752157211304 66.65003204345703
0.9103500843048096 -0.02688456140458584 0.4129648804664612 12.198383331298828 0.03089827112853527 0.9995178580284119 -0.0030429803300648928 1.8270760774612427 -0.41268396377563477 0.015530077740550041 0.9107418656349182 67.51972961425781
0.8966080546379089 -0.029097165912389755 0.4418679475784302 12.628421783447266 0.035043030977249146 0.9993717670440674 -0.005297912284731865 1.8123588562011719 -0.44143617153167725 0.020234540104866028 0.8970643877983093 68.37437438964844
0.881464421749115 -0.029704079031944275 0.47131529450416565 13.08376693725586 0.03462378680706024 0.9993988275527954 -0.0017682762118056417 1.795308232307434 -0.4709794521331787 0.01787739247083664 0.8819630146026611 69.22218322753906
0.8642024993896484 -0.028318185359239578 0.5023466944694519 13.564912796020508 0.030461369082331657 0.999528169631958 0.003941559698432684 1.7831705808639526 -0.5022213459014893 0.011895865201950073 0.8646572232246399 70.05580139160156
0.8451120853424072 -0.028655344620347023 0.5338207483291626 14.072854995727539 0.028934063389897346 0.9995505213737488 0.007848966866731644 1.7692337036132812 -0.5338056087493896 0.008812349289655685 0.8455612063407898 70.86983489990234
0.824569582939148 -0.022749513387680054 0.5653030276298523 14.59996223449707 0.025298602879047394 0.999674379825592 0.0033285673707723618 1.757630467414856 -0.5651947259902954 0.011556743644177914 0.8248765468597412 71.64460754394531
0.803071916103363 -0.01572183147072792 0.5956746935844421 15.152809143066406 0.022339070215821266 0.9997435212135315 -0.003730360884219408 1.7490211725234985 -0.595463216304779 0.01630256511271 0.8032171130180359 72.40254974365234
0.7810465097427368 -0.013233745470643044 0.6243327260017395 15.733331680297852 0.02150115557014942 0.9997525811195374 -0.005706781521439552 1.739679217338562 -0.6241026520729065 0.017881136387586594 0.7811376452445984 73.13191986083984
0.7581707835197449 -0.015589085407555103 0.6518697142601013 16.350711822509766 0.022774366661906242 0.9997373223304749 -0.002580069936811924 1.7307723760604858 -0.6516581773757935 0.016802050173282623 0.7583266496658325 73.8408432006836
0.7341108918190002 -0.016463499516248703 0.6788299679756165 16.967748641967773 0.02357550337910652 0.9997212886810303 -0.001249385648407042 1.701095700263977 -0.6786202192306519 0.016920942813158035 0.7342944145202637 74.51348114013672
0.7090790867805481 -0.014188301749527454 0.7049862146377563 17.60916519165039 0.024171940982341766 0.999699056148529 -0.004192686639726162 1.6918728351593018 -0.7047145366668701 0.020013827830553055 0.7092087268829346 75.15888977050781
0.6833623647689819 -0.012211672030389309 0.7299772500991821 18.27426528930664 0.024296894669532776 0.9996866583824158 -0.006021746899932623 1.6724079847335815 -0.7296749949455261 0.02185121364891529 0.6834449172019958 75.77688598632812
0.6566924452781677 -0.00959303043782711 0.7540974020957947 18.95648765563965 0.022620804607868195 0.9997196793556213 -0.006981282029300928 1.6610891819000244 -0.7538192272186279 0.02164284512400627 0.6567253470420837 76.37461853027344
0.6289650797843933 -0.008292092941701412 0.7773892879486084 19.671415328979492 0.02269844152033329 0.9997126460075378 -0.007701182272285223 1.6383947134017944 -0.7771021127700806 0.022489303722977638 0.6289725303649902 76.95866394042969
0.6009033918380737 -0.0019979672506451607 0.7993192076683044 20.397520065307617 0.0213405042886734 0.9996804594993591 -0.013544339686632156 1.617967128753662 -0.7990367412567139 0.02519671432673931 0.6007540225982666 77.49874877929688
0.5709066390991211 0.0074647595174610615 0.8209809064865112 21.157909393310547 0.02030383050441742 0.9995244741439819 -0.02320735529065132 1.59927499294281 -0.820763885974884 0.029918290674686432 0.5704835653305054 78.04048156738281
0.5408318638801575 0.015815451741218567 0.8409820199012756 21.92961311340332 0.019455648958683014 0.9993205070495605 -0.03130500018596649 1.5747095346450806 -0.8409057259559631 0.03329259157180786 0.5401567220687866 78.52995300292969
0.5090215802192688 0.020686043426394463 0.8605051040649414 22.73352813720703 0.016964707523584366 0.9992758631706238 -0.03405728191137314 1.5404787063598633 -0.8605865836143494 0.031934112310409546 0.5083019733428955 79.0186767578125
0.47673311829566956 0.020409416407346725 0.8788110613822937 23.557241439819336 0.015141157433390617 0.9993914365768433 -0.03142346441745758 1.506975531578064 -0.8789176344871521 0.028286820277571678 0.47613391280174255 79.47136688232422
0.4438362121582031 0.019115015864372253 0.895904004573822 24.401809692382812 0.010902672074735165 0.9995832443237305 -0.026728367432951927 1.4726306200027466 -0.8960416316986084 0.02163076400756836 0.44344285130500793 79.8979721069336
0.4097069203853607 0.02029607445001602 0.9119913578033447 25.247562408447266 0.006670753005892038 0.9996590614318848 -0.025243889540433884 1.4361385107040405 -0.9121928215026855 0.016426265239715576 0.4094318151473999 80.28406524658203
0.3745424151420593 0.023500898852944374 0.9269118905067444 26.128307342529297 -0.00022084791271481663 0.9996809363365173 -0.025256646797060966 1.4051493406295776 -0.927209734916687 0.009254978969693184 0.3744281232357025 80.66610717773438
0.3394620418548584 0.025427157059311867 0.9402759671211243 27.020540237426758 -0.005047342274338007 0.9996693730354309 -0.02521107904613018 1.373612403869629 -0.9406061768531799 0.003812310518696904 0.3394782245159149 80.9823989868164
0.30332088470458984 0.024468611925840378 0.9525743126869202 27.930755615234375 -0.007441055029630661 0.9997006058692932 -0.023309744894504547 1.3397231101989746 -0.9528593420982361 -1.7824582755565643e-05 0.30341216921806335 81.28921508789062
0.26700061559677124 0.024660661816596985 0.963380753993988 28.87447738647461 -0.008092117495834827 0.9996946454048157 -0.02334749884903431 1.3167755603790283 -0.963662326335907 -0.0015619943151250482 0.2671186625957489 81.56448364257812
0.23104749619960785 0.024115445092320442 0.9726434946060181 29.817140579223633 -0.007419638801366091 0.9997073411941528 -0.023023951798677444 1.2892507314682007 -0.9729142189025879 -0.0018970384262502193 0.2311587780714035 81.79014587402344
0.19619247317314148 0.022928886115550995 0.9802972674369812 30.773155212402344 -0.00542358448728919 0.9997366070747375 -0.022298118099570274 1.2600445747375488 -0.9805504679679871 -0.0009420036803930998 0.19626519083976746 81.97225189208984
0.16178065538406372 0.02161557972431183 0.9865899682044983 31.74512481689453 0.0033714566379785538 0.9997421503067017 -0.022456588223576546 1.224596619606018 -0.9868209362030029 0.006959286518394947 0.16166605055332184 82.12401580810547
0.1281810700893402 0.024824125692248344 0.9914400577545166 32.71024703979492 0.005325008183717728 0.99965500831604 -0.02571827359497547 1.1902964115142822 -0.9917365312576294 0.008576021529734135 0.12800465524196625 82.24324035644531
0.09477679431438446 0.029641643166542053 0.9950571656227112 33.68103790283203 0.006086996756494045 0.9995205998420715 -0.030354376882314682 1.1524657011032104 -0.995479941368103 0.008933800272643566 0.09455092996358871 82.34806823730469
0.06568393111228943 0.03390194848179817 0.9972643852233887 34.69120788574219 0.013085936196148396 0.99930739402771 -0.03483328968286514 1.1251620054244995 -0.997754693031311 0.015338125638663769 0.06519480794668198 82.41776275634766
0.04007674381136894 0.03204692527651787 0.9986825585365295 35.67559051513672 0.015314019285142422 0.9993484616279602 -0.032682836055755615 1.09027099609375 -0.9990792870521545 0.01660366728901863 0.03955986350774765 82.4507827758789
0.01785973459482193 0.02873639017343521 0.9994274377822876 36.66162109375 0.016611479222774506 0.9994403719902039 -0.029033605009317398 1.0482772588729858 -0.999702513217926 0.01712050475180149 0.017372380942106247 82.46273040771484
-0.0006840589339844882 0.026691842824220657 0.9996435046195984 37.724185943603516 0.016969043761491776 0.9995000958442688 -0.026676403358578682 1.0125517845153809 -0.9998556971549988 0.016944747418165207 -0.0011366502149030566 82.46534729003906
-0.017220815643668175 0.029767367988824844 0.9994085431098938 38.71869659423828 0.01903151534497738 0.9993853569030762 -0.029438743367791176 0.9749821424484253 -0.9996705651283264 0.018513299524784088 -0.017776742577552795 82.44422149658203
-0.032237548381090164 0.03385543078184128 0.9989067316055298 39.71934127807617 0.021250838413834572 0.9992234706878662 -0.033180344849824905 0.9379851818084717 -0.9992542266845703 0.02015795186161995 -0.03293196111917496 82.41426086425781
-0.043815728276968 0.039429984986782074 0.9982612133026123 40.73680877685547 0.025331683456897736 0.9989434480667114 -0.038345079869031906 0.9002113342285156 -0.9987184405326843 0.023607522249221802 -0.044768258929252625 82.35984802246094
-0.05277086794376373 0.04263903573155403 0.9976958632469177 41.73139190673828 0.03062649816274643 0.9986871480941772 -0.04106147959828377 0.853378176689148 -0.9981369376182556 0.028389081358909607 -0.05400747433304787 82.30194854736328
-0.05898774415254593 0.04814488813281059 0.9970970153808594 42.713497161865234 0.0343838632106781 0.9983416795730591 -0.046170853078365326 0.8033397197723389 -0.9976663589477539 0.03156053647398949 -0.06054532527923584 82.24205780029297
-0.06202477216720581 0.05272383242845535 0.9966810345649719 43.73366165161133 0.036567557603120804 0.998053252696991 -0.050520773977041245 0.7467687129974365 -0.9974044561386108 0.03331265226006508 -0.06383201479911804 82.16490936279297
-0.0644243136048317 0.056679822504520416 0.9963116645812988 44.74254608154297 0.03883632645010948 0.9977717399597168 -0.05425162613391876 0.6884150505065918 -0.9971665740013123 0.03519795835018158 -0.06648200750350952 82.09037780761719
-0.06714003533124924 0.05933763086795807 0.995977520942688 45.755008697509766 0.03988371044397354 0.9975917339324951 -0.056745193898677826 0.6228339672088623 -0.9969460964202881 0.03591340407729149 -0.06934494525194168 82.01959228515625
-0.07005727291107178 0.06315600872039795 0.9955416917800903 46.76004409790039 0.04044562578201294 0.9973530173301697 -0.06042471155524254 0.5604407787322998 -0.9967226982116699 0.036032114177942276 -0.0724261999130249 81.9559097290039
-0.07145337015390396 0.06689973920583725 0.9951978325843811 47.77204513549805 0.042149290442466736 0.9970594644546509 -0.06399863213300705 0.4952974319458008 -0.9965530037879944 0.03737396374344826 -0.0740630254149437 81.86371612548828
-0.07387766987085342 0.06840820610523224 0.9949183464050293 48.790279388427734 0.044697169214487076 0.9968690276145935 -0.06522335857152939 0.4265117645263672 -0.9962651133537292 0.039651475846767426 -0.07670401781797409 81.78678131103516
-0.07626273483037949 0.06663459539413452 0.9948587417602539 49.81936264038086 0.044924020767211914 0.9969807863235474 -0.06333299726247787 0.34409284591674805 -0.9960752725601196 0.03986310213804245 -0.0790259838104248 81.71422576904297
-0.07808415591716766 0.06675403565168381 0.994709312915802 50.840049743652344 0.04444544017314911 0.9969967603683472 -0.06341860443353653 0.2813277244567871 -0.9959555268287659 0.03925830498337746 -0.08081657439470291 81.6273193359375
-0.08026529848575592 0.0683339312672615 0.9944283366203308 51.87461853027344 0.044271886348724365 0.9969072341918945 -0.06493087112903595 0.21489572525024414 -0.9957898259162903 0.03881353512406349 -0.08304230868816376 81.53583526611328
-0.08250998705625534 0.0705343559384346 0.9940909743309021 52.89309310913086 0.04391258955001831 0.9967807531356812 -0.06708043813705444 0.13856196403503418 -0.9956222772598267 0.038118310272693634 -0.08534171432256699 81.44684600830078
-0.08493804186582565 0.07252456992864609 0.9937432408332825 53.930091857910156 0.04223472625017166 0.9967131614685059 -0.06913138926029205 0.05730581283569336 -0.9954907298088074 0.036098603159189224 -0.08772192150354385 81.3551025390625
-0.08756014704704285 0.07601570338010788 0.9932546615600586 54.949623107910156 0.039955854415893555 0.9965498447418213 -0.07274560630321503 -0.025432348251342773 -0.9953575730323792 0.0333167240023613 -0.09029530733823776 81.2702865600586
-0.08980192989110947 0.08041335642337799 0.9927080273628235 55.99152374267578 0.0365312397480011 0.9963304400444031 -0.07740211486816406 -0.10213947296142578 -0.9952894449234009 0.02931399457156658 -0.09241000562906265 81.18356323242188
-0.09250818938016891 0.08294272422790527 0.992251455783844 57.035560607910156 0.03385229781270027 0.9962103962898254 -0.0801175981760025 -0.1837925910949707 -0.9951363205909729 0.026178453117609024 -0.09496545046567917 81.08416748046875
-0.09549788385629654 0.0815819725394249 0.9920809864997864 58.086917877197266 0.031724490225315094 0.996379017829895 -0.07888161391019821 -0.2689034938812256 -0.994924008846283 0.023940226063132286 -0.09774024784564972 80.986083984375
-0.09814586490392685 0.07735157757997513 0.9921613335609436 59.144649505615234 0.029159635305404663 0.9967701435089111 -0.07482638955116272 -0.35803914070129395 -0.9947447180747986 0.02158716320991516 -0.10008440911769867 80.87944793701172
-0.1004786491394043 0.07573189586400986 0.9920527935028076 60.199005126953125 0.029568739235401154 0.9968857765197754 -0.07310601323843002 -0.44275832176208496 -0.9944997429847717 0.0219881609082222 -0.10240504145622253 80.7748794555664
-0.10272051393985748 0.07589512318372726 0.99181067943573 61.235443115234375 0.02877633646130562 0.9968942999839783 -0.07330383360385895 -0.5314791202545166 -0.9942939281463623 0.0210108682513237 -0.10458549112081528 80.67666625976562
-0.10375141352415085 0.0787464827299118 0.9914811253547668 62.30173110961914 0.02980363368988037 0.9966593384742737 -0.07603902369737625 -0.6148204803466797 -0.9941565990447998 0.02166058123111725 -0.10575177520513535 80.5645751953125
-0.10440772026777267 0.0818343460559845 0.9911620616912842 63.37138366699219 0.03034660965204239 0.9964070320129395 -0.07907070219516754 -0.6965999603271484 -0.994071364402771 0.021822815760970116 -0.10651598870754242 80.44951629638672
-0.10451274365186691 0.08232419937849045 0.9911103844642639 64.43425750732422 0.029336979612708092 0.9963895678520203 -0.07966911792755127 -0.7885956764221191 -0.994090735912323 0.020749742165207863 -0.10655056685209274 80.33261108398438
-0.10494397580623627 0.0808446854352951 0.9911865592002869 65.4959945678711 0.026408448815345764 0.9965652823448181 -0.0784873366355896 -0.8818917274475098 -0.9941273927688599 0.017938924953341484 -0.1067185029387474 80.23326110839844
-0.10473577678203583 0.08045050501823425 0.9912406802177429 66.55973052978516 0.02250909060239792 0.9966590404510498 -0.07851193845272064 -0.9667973518371582 -0.9942452311515808 0.014088919386267662 -0.10619673132896423 80.12174224853516
-0.10479462146759033 0.08153952658176422 0.9911454319953918 67.62847900390625 0.018757130950689316 0.99661785364151 -0.08000651746988297 -1.0572161674499512 -0.9943168759346008 0.010206792503595352 -0.1059696301817894 80.0145034790039
-0.10487183183431625 0.08204864710569382 0.9910953044891357 68.71124267578125 0.014743126928806305 0.9966094493865967 -0.08094511926174164 -1.1488032341003418 -0.9943764805793762 0.0061229802668094635 -0.10572591423988342 79.90670776367188
-0.10541404783725739 0.08138144761323929 0.9910928010940552 69.80036163330078 0.010936932638287544 0.9966802597045898 -0.08067699521780014 -1.2443771362304688 -0.9943682551383972 0.0023350263945758343 -0.10595417022705078 79.79985046386719
-0.10569389164447784 0.07644352316856384 0.991456151008606 70.89275360107422 0.011105048470199108 0.9970693588256836 -0.07569247484207153 -1.3303711414337158 -0.9943366646766663 0.003009936073794961 -0.10623306035995483 79.68730163574219
-0.10624668002128601 0.06762731075286865 0.9920373558998108 71.98085021972656 0.014567786827683449 0.9976833462715149 -0.06645198911428452 -1.416490077972412 -0.9942331314086914 0.0073914858512580395 -0.10698572546243668 79.57743072509766
-0.10549955070018768 0.06193522363901138 0.99248868227005 73.10113525390625 0.020547762513160706 0.9979812502861023 -0.06009377911686897 -1.503652811050415 -0.994206964969635 0.014053556136786938 -0.10655920207500458 79.44156646728516
-0.10529149323701859 0.06428036093711853 0.9923616647720337 74.1951904296875 0.028939884155988693 0.9976840615272522 -0.06155453249812126 -1.5759913921356201 -0.9940201640129089 0.022237662225961685 -0.1069079115986824 79.32356262207031
-0.10397214442491531 0.07012901455163956 0.9921046495437622 75.31397247314453 0.03380376100540161 0.9971838593482971 -0.06694541126489639 -1.6455726623535156 -0.9940056204795837 0.026576409116387367 -0.10604996234178543 79.18975067138672
-0.10256026685237885 0.07549650967121124 0.9918577075004578 76.41181945800781 0.03811264783143997 0.9966817498207092 -0.07192278653383255 -1.730198860168457 -0.9939963817596436 0.03042590245604515 -0.10509730130434036 79.06834411621094
-0.10231298208236694 0.08021008223295212 0.9915132522583008 77.51105499267578 0.038600288331508636 0.9963133931159973 -0.07661528140306473 -1.8135411739349365 -0.9940030574798584 0.030433956533670425 -0.10503191500902176 78.96534729003906
-0.10198293626308441 0.07730288803577423 0.9917780160903931 78.6595458984375 0.03577864170074463 0.9966162443161011 -0.07400090992450714 -1.900848150253296 -0.9941425323486328 0.027937645092606544 -0.10440362989902496 78.8414535522461
-0.10121269524097443 0.0728013888001442 0.9921974539756775 79.78568267822266 0.03489148989319801 0.9969651103019714 -0.06959197670221329 -1.9870388507843018 -0.9942527413368225 0.02757565677165985 -0.10344567894935608 78.72102355957031
-0.10107418894767761 0.07105663418769836 0.9923381209373474 80.92410278320312 0.03316579759120941 0.9971324801445007 -0.06802182644605637 -2.074263095855713 -0.9943259358406067 0.02603643573820591 -0.10314100980758667 78.60596466064453
-0.101121686398983 0.07146821171045303 0.9923036694526672 82.05682373046875 0.030814023688435555 0.9971628785133362 -0.06867803633213043 -2.1547048091888428 -0.9943967461585999 0.023632030934095383 -0.10303700715303421 78.49687957763672
-0.10122400522232056 0.07669705897569656 0.9919028878211975 83.19371032714844 0.031967535614967346 0.996759831905365 -0.07381031662225723 -2.2415411472320557 -0.9943498373031616 0.024237314239144325 -0.10334783047437668 78.38639831542969
-0.09995833039283752 0.07949339598417282 0.9918110370635986 84.32120513916016 0.031838081777095795 0.9965484738349915 -0.07666432857513428 -2.3302550315856934 -0.9944821000099182 0.023914121091365814 -0.10214424133300781 78.26510620117188
-0.09916754066944122 0.07852672785520554 0.9919674396514893 85.47115325927734 0.03188903257250786 0.9966201186180115 -0.07570706307888031 -2.4171624183654785 -0.9945597052574158 0.024125194177031517 -0.1013365164399147 78.1474380493164
-0.09909716993570328 0.07152919471263885 0.9925037026405334 86.62187957763672 0.033091604709625244 0.9970982670783997 -0.0685562863945961 -2.5103607177734375 -0.9945273995399475 0.02604980207979679 -0.10117663443088531 78.03373718261719
-0.09958583861589432 0.0699520856142044 0.9925670623779297 87.77916717529297 0.03235974162817001 0.9972258806228638 -0.06703370064496994 -2.596853017807007 -0.9945026636123657 0.025443604215979576 -0.10157319158315659 77.92171478271484
-0.09935265779495239 0.07311031222343445 0.9923627376556396 88.943359375 0.02976040542125702 0.9970692992210388 -0.07047753036022186 -2.6800005435943604 -0.9946072697639465 0.022530987858772278 -0.10123727470636368 77.81105041503906
-0.09923660010099411 0.07638265937566757 0.9921278953552246 90.09518432617188 0.028881996870040894 0.9968504905700684 -0.07385735958814621 -2.763896942138672 -0.9946446418762207 0.021325277164578438 -0.1011301577091217 77.7056884765625
-0.09910053759813309 0.07584310322999954 0.9921829104423523 91.28608703613281 0.02787894941866398 0.9969112873077393 -0.0734199583530426 -2.852154016494751 -0.9946867823600769 0.020385056734085083 -0.10090889036655426 77.5861587524414
-0.09839102625846863 0.07261348515748978 0.9924951195716858 92.47374725341797 0.02736680395901203 0.9971545338630676 -0.07024137675762177 -2.9389288425445557 -0.9947714805603027 0.02025029808282852 -0.10009828209877014 77.46318817138672
-0.09809638559818268 0.07156458497047424 0.9926004409790039 93.66133880615234 0.027580905705690384 0.9972232580184937 -0.06917213648557663 -3.026301622390747 -0.9947945475578308 0.02059127949178219 -0.0997978150844574 77.35435485839844
-0.09675437211990356 0.07141537219285965 0.9927428960800171 94.84288024902344 0.029763486236333847 0.997184157371521 -0.06883405148983002 -3.12835431098938 -0.9948631525039673 0.022887496277689934 -0.09860750287771225 77.23379516601562
-0.09565825015306473 0.07218832522630692 0.9927932024002075 96.03965759277344 0.0316200852394104 0.9970839619636536 -0.0694536343216896 -3.2062809467315674 -0.9949118494987488 0.024748394265770912 -0.09766189754009247 77.11670684814453
-0.09537194669246674 0.07089401036500931 0.9929139614105225 97.23139953613281 0.031199563294649124 0.9971835613250732 -0.06820204854011536 -3.3044161796569824 -0.9949526786804199 0.024473920464515686 -0.09731520712375641 77.02140045166016
-0.09328104555606842 0.07155255973339081 0.993065357208252 98.4368667602539 0.03258315101265907 0.9970994591712952 -0.06878260523080826 -3.3911819458007812 -0.9951066374778748 0.02594108134508133 -0.09534188359975815 76.88235473632812
-0.09198231250047684 0.06998584419488907 0.9932981729507446 99.64006805419922 0.03259248659014702 0.9972041845321655 -0.06724290549755096 -3.4749059677124023 -0.9952270984649658 0.02618889883160591 -0.09400614351034164 76.7715835571289
-0.0909646600484848 0.06906942278146744 0.9934559464454651 100.85440826416016 0.031014608219265938 0.9973044395446777 -0.06649718433618546 -3.563397169113159 -0.9953710436820984 0.024762753397226334 -0.0928616151213646 76.66139221191406
-0.0894656553864479 0.06817453354597092 0.9936538934707642 102.0684585571289 0.03217679262161255 0.9973317384719849 -0.06552976369857788 -3.651092052459717 -0.9954699873924255 0.026109931990504265 -0.09142058342695236 76.55351257324219
-0.0874364823102951 0.06878680735826492 0.9937924146652222 103.29999542236328 0.03016791306436062 0.9973383545875549 -0.06637800484895706 -3.7423338890075684 -0.9957131743431091 0.024176783859729767 -0.0892789214849472 76.4408950805664
-0.0868200734257698 0.07175939530134201 0.9936361908912659 104.51911926269531 0.030306929722428322 0.9971309304237366 -0.06936369091272354 -3.82631254196167 -0.995762825012207 0.024091899394989014 -0.08874579519033432 76.34447479248047
-0.08591806888580322 0.07062386721372604 0.9937959313392639 105.74014282226562 0.027608249336481094 0.9972701668739319 -0.06848390400409698 -3.911362886428833 -0.9959195256233215 0.021552961319684982 -0.08763333410024643 76.24786376953125
-0.08502548933029175 0.0692320466041565 0.9939706325531006 106.98229217529297 0.02480044960975647 0.9974210858345032 -0.06735090166330338 -4.010775566101074 -0.9960700869560242 0.018924374133348465 -0.08652321994304657 76.14427947998047
-0.08505108952522278 0.07038329541683197 0.9938876032829285 108.22327423095703 0.02199297398328781 0.9973915219306946 -0.06874939799308777 -4.097663879394531 -0.9961338639259338 0.016011331230401993 -0.08637718111276627 76.04368591308594
-0.08514399826526642 0.06992252171039581 0.9939121603965759 109.44670867919922 0.01891358196735382 0.9974682331085205 -0.06855244934558868 -4.186978340148926 -0.9961891174316406 0.012961609289050102 -0.0862509086728096 75.9397201538086
-0.08630991727113724 0.06716476380825043 0.9940017461776733 110.6928482055664 0.016017071902751923 0.9976894855499268 -0.06602317094802856 -4.280266284942627 -0.9961395263671875 0.010222543962299824 -0.0871862918138504 75.83612060546875
-0.08753310143947601 0.06578151881694794 0.9939872622489929 111.95604705810547 0.014126937836408615 0.9977990388870239 -0.06478969752788544 -4.371362686157227 -0.9960614442825317 0.008370754308998585 -0.08826973289251328 75.73342895507812
-0.08951202780008316 0.06529736518859863 0.9938430190086365 113.22245025634766 0.012018118053674698 0.9978468418121338 -0.06447798758745193 -4.4576239585876465 -0.9959132671356201 0.006172566208988428 -0.09010405093431473 75.63628387451172
-0.0905640497803688 0.06494736671447754 0.9937705993652344 114.4688720703125 0.012159345671534538 0.9978689551353455 -0.06410709768533707 -4.5571112632751465 -0.9958164095878601 0.0062778000719845295 -0.09116076678037643 75.51749420166016
-0.09297844767570496 0.06370661407709122 0.9936279654502869 115.72781372070312 0.01160499732941389 0.9979525208473206 -0.0628979504108429 -4.642478942871094 -0.9956004619598389 0.005682895891368389 -0.09352736920118332 75.40582275390625
-0.09619990736246109 0.059097666293382645 0.9936060905456543 117.00008392333984 0.008566729724407196 0.9982479810714722 -0.058544352650642395 -4.727869987487793 -0.9953251481056213 0.002879994222894311 -0.09653764218091965 75.29478454589844
-0.10091443359851837 0.05895666033029556 0.9931467175483704 118.25945281982422 0.0077376230619847775 0.9982589483261108 -0.05847391486167908 -4.810642242431641 -0.9948650002479553 0.0017837326740846038 -0.10119492560625076 75.17729187011719
-0.10594914853572845 0.06518634408712387 0.992232620716095 119.50020599365234 0.0034947094973176718 0.9978671669960022 -0.06518332660198212 -4.894197463989258 -0.994365394115448 -0.003438555868342519 -0.1059509813785553 75.04593658447266
-0.11354677379131317 0.06821906566619873 0.9911878108978271 120.7210693359375 0.004150085616856813 0.9976637363433838 -0.0681893602013588 -4.981988906860352 -0.993523895740509 -0.0036291677970439196 -0.1135646253824234 74.92090606689453
-0.12196487933397293 0.06433029472827911 0.990447461605072 121.9780502319336 0.006115849129855633 0.9979271292686462 -0.06406299024820328 -5.072876930236816 -0.9925155639648438 -0.0017560055712237954 -0.12210546433925629 74.75965881347656
-0.1327270269393921 0.062417734414339066 0.9891852736473083 123.20840454101562 0.00838427059352398 0.9980501532554626 -0.0618521086871624 -5.160380840301514 -0.9911171793937683 8.414778858423233e-05 -0.13299156725406647 74.5969009399414
-0.14575541019439697 0.06301916390657425 0.9873114228248596 124.43684387207031 0.00839888583868742 0.9980120062828064 -0.06246224790811539 -5.252775192260742 -0.9892849922180176 -0.0008118930272758007 -0.14599491655826569 74.42265319824219
