1.0 0.0 0.0 0.0 0.0 1.0 0.0 0.0 0.0 0.0 1.0 0.0
0.9999986290931702 0.0008062456618063152 0.0014592497609555721 -0.006333693861961365 -0.0007995649939402938 0.9999892115592957 -0.004572940059006214 -0.0021944930776953697 -0.0014629209181293845 0.004571767058223486 0.9999884963035583 0.9639664888381958
0.9999966621398926 -0.0014461921527981758 0.002148530213162303 -0.0026015043258666992 0.0014576823450624943 0.999984622001648 -0.005356062203645706 -0.0008184752659872174 -0.002140751341357827 0.005359176080673933 0.9999833703041077 1.918664574623108
0.9999933242797852 -0.0024598182644695044 0.0026964887510985136 -0.01028498075902462 0.0024633370339870453 0.9999961256980896 -0.0013022205093875527 -0.004309676121920347 -0.00269327568821609 0.001308854203671217 0.9999955296516418 2.853682041168213
0.9999853372573853 -0.004994634538888931 0.002099344739690423 -0.007995519787073135 0.004984229803085327 0.999975323677063 0.004932945594191551 -0.00849712360650301 -0.0021239311899989843 -0.004922410007566214 0.9999856352806091 3.8016393184661865
0.9999628067016602 -0.008625942282378674 0.0003832532383967191 -0.002468286780640483 0.008623944595456123 0.9999505281448364 0.0049387793987989426 -0.004658811260014772 -0.00042583569302223623 -0.004935290198773146 0.999987781047821 4.7422308921813965
0.9999375939369202 -0.011163296177983284 -0.00012191013229312375 -0.006869961507618427 0.011163524352014065 0.9999355673789978 0.002059750258922577 -0.0027551332022994757 9.890867659123614e-05 -0.002060983330011368 0.9999978542327881 5.66864013671875
0.9999298453330994 -0.011796049773693085 -0.000990437576547265 -0.013481725938618183 0.011794539168477058 0.9999293684959412 -0.0015160676557570696 0.0026162047870457172 0.001008251216262579 0.0015042794402688742 0.9999983310699463 6.588443279266357
0.9999333024024963 -0.011451308615505695 -0.0014993604272603989 -0.017867933958768845 0.011448556557297707 0.9999327063560486 -0.0018321595853194594 -0.0028204708360135555 0.0015202403301373124 0.001814871677197516 0.9999971985816956 7.521388053894043
0.9999315738677979 -0.011405465193092823 -0.0025996281765401363 -0.02671453356742859 0.011405709199607372 0.9999348521232605 7.871776324464008e-05 -0.002243452938273549 0.0025985618121922016 -0.00010836318688234314 0.9999966025352478 8.433735847473145
0.9999368190765381 -0.010838581249117851 -0.002975777955725789 -0.037521738559007645 0.010846310295164585 0.9999378323554993 0.0025936311576515436 0.0037223983090370893 0.0029474811162799597 -0.002625743392854929 0.9999921321868896 9.376069068908691
0.9999306797981262 -0.011078057810664177 -0.003969346638768911 -0.04485172778367996 0.011094614863395691 0.9999298453330994 0.004173778463155031 0.0050882077775895596 0.003922829870134592 -0.004217527806758881 0.9999833703041077 10.29726791381836
0.9999154210090637 -0.012138022109866142 -0.0046529704704880714 -0.048747144639492035 0.012161860242486 0.9999128580093384 0.005129966419190168 0.005341433919966221 0.004590298049151897 -0.005186122842133045 0.9999760389328003 11.210602760314941
0.9999062418937683 -0.01253066398203373 -0.005513367243111134 -0.057403627783060074 0.012560253962874413 0.9999067187309265 0.005365411285310984 0.005795337725430727 0.0054456209763884544 -0.0054341577924788 0.9999704360961914 12.12376880645752
0.9998968243598938 -0.013012035749852657 -0.006085975561290979 -0.0677829161286354 0.013035837560892105 0.9999074339866638 0.003887583501636982 0.009543280117213726 0.006034827325493097 -0.0039665172807872295 0.9999739527702332 13.021159172058105
0.9998846650123596 -0.013295548968017101 -0.0073382179252803326 -0.07887373864650726 0.013308512978255749 0.9999099373817444 0.0017206260235980153 0.0171723160892725 0.007314680609852076 -0.0018180884653702378 0.9999715685844421 13.927616119384766
0.9998509883880615 -0.014625766314566135 -0.00917656347155571 -0.08548636734485626 0.0146273048594594 0.9998930096626282 0.00010044698865385726 0.025247588753700256 0.009174113161861897 -0.00023466059064958245 0.999957799911499 14.83216381072998
0.9998420476913452 -0.014209290035068989 -0.010673820972442627 -0.10542245209217072 0.01420596893876791 0.9998989105224609 -0.00038700475124642253 0.022783024236559868 0.010678242892026901 0.0002353119052713737 0.99994295835495 15.740530967712402
0.9998376369476318 -0.013219773769378662 -0.012239414267241955 -0.11801087856292725 0.013203047215938568 0.9999117851257324 -0.0014464856358245015 0.02613876573741436 0.012257457710802555 0.0012846533209085464 0.9999240040779114 16.640321731567383
0.9998320937156677 -0.012413007207214832 -0.013478568755090237 -0.14123176038265228 0.012396362610161304 0.9999222755432129 -0.001317713176831603 0.027825282886624336 0.013493875972926617 0.0011504067806527019 0.9999082684516907 17.51191520690918
0.9998034238815308 -0.012938177213072777 -0.015027347952127457 -0.15879316627979279 0.012929464690387249 0.9999162554740906 -0.0006767086451873183 0.02991276979446411 0.015034842304885387 0.0004822801274713129 0.9998868703842163 18.403024673461914
0.999786376953125 -0.012620707973837852 -0.016369881108403206 -0.18031641840934753 0.01263846643269062 0.9999196529388428 0.0009817847749218345 0.026198552921414375 0.016356173902750015 -0.0011884651612490416 0.9998655319213867 19.293630599975586
0.9997677803039551 -0.012206237763166428 -0.017759498208761215 -0.2020941972732544 0.012235946021974087 0.9999239444732666 0.0015651058638468385 0.026856819167733192 0.01773904263973236 -0.0017820462817326188 0.999841034412384 20.173707962036133
0.9997243881225586 -0.0128828389570117 -0.019626343622803688 -0.2134239673614502 0.012917804531753063 0.9999151229858398 0.0016557719791308045 0.02477620355784893 0.019603349268436432 -0.0019088448025286198 0.9998059868812561 21.05626678466797
0.9996892213821411 -0.012706797569990158 -0.02144540473818779 -0.23530422151088715 0.012728976085782051 0.9999184608459473 0.0008979873964563012 0.02895297482609749 0.021432247012853622 -0.001170686213299632 0.9997696280479431 21.927963256835938
0.9996603727340698 -0.01298820786178112 -0.02259773015975952 -0.2586871385574341 0.013021576218307018 0.9999142289161682 0.0013300013961270452 0.03022698499262333 0.022578522562980652 -0.001623807824216783 0.9997437596321106 22.790348052978516
0.9996420741081238 -0.012832095846533775 -0.02347654290497303 -0.2839337885379791 0.01290657464414835 0.9999121427536011 0.003023690078407526 0.03480451554059982 0.0234356801956892 -0.0033256092574447393 0.9997197985649109 23.642484664916992
0.9996216893196106 -0.013564239256083965 -0.023925941437482834 -0.30942925810813904 0.013714060187339783 0.999887228012085 0.00610882043838501 0.035525232553482056 0.02384038269519806 -0.006434631533920765 0.9996950626373291 24.471843719482422
0.9995856881141663 -0.013966203667223454 -0.025165623053908348 -0.32625019550323486 0.01416862290352583 0.9998685717582703 0.007883235812187195 0.03800002858042717 0.02505221590399742 -0.008236533030867577 0.9996522068977356 25.313501358032227
0.9995973110198975 -0.013075736351311207 -0.02518358640372753 -0.3617587685585022 0.013245278969407082 0.9998906254768372 0.006577256601303816 0.0407838337123394 0.025094831362366676 -0.006908171344548464 0.9996612071990967 26.143949508666992
0.9995973706245422 -0.011112002655863762 -0.02610786259174347 -0.38375741243362427 0.011212469078600407 0.999930202960968 0.0037048454396426678 0.04477844014763832 0.026064874604344368 -0.003996086772531271 0.9996522665023804 26.94963836669922
0.9995853900909424 -0.010596372187137604 -0.02677072025835514 -0.41076231002807617 0.01065058447420597 0.9999415278434753 0.0018832952482625842 0.04999541863799095 0.026749197393655777 -0.0021676383912563324 0.9996398687362671 27.750398635864258
0.9995717406272888 -0.009509507566690445 -0.027673479169607162 -0.4386584162712097 0.009553511627018452 0.9999533295631409 0.0014583459123969078 0.05365563929080963 0.027658315375447273 -0.0017220998415723443 0.9996160268783569 28.54816246032715
0.9995554685592651 -0.009104754775762558 -0.028388293460011482 -0.47147685289382935 0.009145314805209637 0.999957263469696 0.0012992614647373557 0.04955216869711876 0.028375254943966866 -0.001558303483761847 0.999596118927002 29.33545684814453
0.9994745850563049 -0.009904967620968819 -0.03086160495877266 -0.49091076850891113 0.009916204027831554 0.9999508261680603 0.00021099887089803815 0.0479932576417923 0.030858000740408897 -0.0005169179639779031 0.9995236396789551 30.10364532470703
0.9994059801101685 -0.010140437632799149 -0.0329362116754055 -0.5183453559875488 0.010149386711418629 0.9999485015869141 0.00010453756840433925 0.048475056886672974 0.03293345123529434 -0.00043875782284885645 0.9994574785232544 30.87026023864746
0.9993510246276855 -0.010013786144554615 -0.03460197150707245 -0.5507141947746277 0.01006201934069395 0.9999486207962036 0.0012200424680486321 0.05133640021085739 0.034587979316711426 -0.0015674163587391376 0.9994004368782043 31.628793716430664
0.9992635846138 -0.010047038085758686 -0.037032078951597214 -0.5726287364959717 0.010175981558859348 0.9999427795410156 0.0032951042521744967 0.05535081773996353 0.03699684888124466 -0.0036695152521133423 0.9993086457252502 32.39239501953125
0.9991864562034607 -0.009270571172237396 -0.039248570799827576 -0.6007459163665771 0.009455730207264423 0.9999449849128723 0.004534590989351273 0.05977729335427284 0.039204373955726624 -0.004902025684714317 0.9992191195487976 33.13338851928711
0.9991350173950195 -0.00791905913501978 -0.04082194343209267 -0.6445555686950684 0.008130742236971855 0.9999542832374573 0.005022090394049883 0.057247478514909744 0.04078031703829765 -0.005349659360945225 0.9991538524627686 33.854488372802734
0.9990710020065308 -0.005415997002273798 -0.04275108501315117 -0.6814277172088623 0.005603601224720478 0.9999752044677734 0.004269690252840519 0.057125531136989594 0.04272690415382385 -0.004505284130573273 0.9990766048431396 34.57981491088867
0.9989913702011108 -0.0037029022350907326 -0.04475046321749687 -0.713438093662262 0.0038631586357951164 0.9999864101409912 0.0034951616544276476 0.06255634129047394 0.04473691061139107 -0.003664514049887657 0.9989920854568481 35.28731155395508
0.9989043474197388 -0.003283020807430148 -0.046683169901371 -0.7404252290725708 0.0034886994399130344 0.9999845623970032 0.004325049929320812 0.0707552507519722 0.04666825011372566 -0.004483174532651901 0.9989004135131836 36.00120544433594
0.9988773465156555 -0.002077228156849742 -0.04732571169734001 -0.7867799997329712 0.002382399281486869 0.9999767541885376 0.006392814218997955 0.06901450455188751 0.04731132835149765 -0.006498387083411217 0.9988590478897095 36.68775939941406
0.9988545179367065 0.0005225084605626762 -0.04784693568944931 -0.8197829723358154 -0.0001916628098115325 0.9999760985374451 0.006918997038155794 0.07233128696680069 0.04784940183162689 -0.006901901680976152 0.9988307356834412 37.36935043334961
0.9989113807678223 0.003924601245671511 -0.04648175835609436 -0.8600603938102722 -0.0037053972482681274 0.9999816417694092 0.004801138769835234 0.07221493870019913 0.046499744057655334 -0.00462367944419384 0.9989076256752014 38.037452697753906
0.9989898800849915 0.005475192796438932 -0.044601041823625565 -0.8966206908226013 -0.005384353920817375 0.9999831914901733 0.002156550297513604 0.06731738895177841 0.0446120947599411 -0.001914224005304277 0.9990025162696838 38.68339157104492
0.9990639686584473 0.005743027664721012 -0.042875029146671295 -0.9212244153022766 -0.00574636273086071 0.999983549118042 4.5445460273185745e-05 0.0751049667596817 0.04287458211183548 0.00020097264496143907 0.99908047914505 39.33076477050781
0.9992048740386963 0.006581030786037445 -0.039324380457401276 -0.9588986039161682 -0.006540948525071144 0.9999778866767883 0.0011478301603347063 0.0735524594783783 0.03933107107877731 -0.0008896984509192407 0.9992258548736572 39.96332931518555
0.999276876449585 0.011589969508349895 -0.03621569648385048 -0.988576352596283 -0.011459206230938435 0.9999270439147949 0.003816155716776848 0.07565848529338837 0.03625728189945221 -0.0033983923494815826 0.9993367195129395 40.60319900512695
0.99933922290802 0.015890205278992653 -0.03268975764513016 -1.0065160989761353 -0.015673382207751274 0.9998534917831421 0.006878345739096403 0.08089777082204819 0.03279426693916321 -0.006361441686749458 0.9994418621063232 41.2388801574707
0.9993805289268494 0.020654847845435143 -0.02849392220377922 -1.029203176498413 -0.020435938611626625 0.9997594952583313 0.007952495478093624 0.08326277136802673 0.028651326894760132 -0.007365269120782614 0.9995623230934143 41.84543991088867
0.9994316697120667 0.024548491463065147 -0.023103419691324234 -1.0497311353683472 -0.024368800222873688 0.9996708631515503 0.008027340285480022 0.09066661447286606 0.023292873054742813 -0.007459776476025581 0.9997007846832275 42.42608642578125
0.9994502067565918 0.02845185063779354 -0.017019566148519516 -1.0735054016113281 -0.028281815350055695 0.9995484352111816 0.010149222798645496 0.09693189710378647 0.017300643026828766 -0.009662298485636711 0.9998036623001099 43.00417709350586
0.9993873834609985 0.033242180943489075 -0.010947446338832378 -1.0728130340576172 -0.03311799839138985 0.9993870854377747 0.011336100287735462 0.09613436460494995 0.011317571625113487 -0.010966595262289047 0.9998758435249329 43.551116943359375
0.9993246793746948 0.03653055056929588 -0.003985332325100899 -1.0779321193695068 -0.03648515045642853 0.9992744326591492 0.01092482265084982 0.09968086332082748 0.004381529986858368 -0.010772038251161575 0.9999324083328247 44.08342361450195
0.9991994500160217 0.039880331605672836 0.0031719703692942858 -1.0782692432403564 -0.03991308435797691 0.9991421699523926 0.011037265881896019 0.1005076915025711 -0.0027290794532746077 -0.01115503255277872 0.9999340772628784 44.593017578125
0.9989831447601318 0.04380964860320091 0.010649450123310089 -1.0767496824264526 -0.043920233845710754 0.9989811182022095 0.010382106527686119 0.10612649470567703 -0.010183761827647686 -0.01083927508443594 0.9998894333839417 45.088924407958984
0.9986854791641235 0.04789194464683533 0.018268054351210594 -1.0736604928970337 -0.04803679510951042 0.9988167881965637 0.007574531715363264 0.11062949895858765 -0.01788368448615074 -0.008442112244665623 0.9998044371604919 45.561500549316406
0.9983932375907898 0.05010845884680748 0.026456255465745926 -1.0658588409423828 -0.05025262385606766 0.9987249374389648 0.004812201019376516 0.10583550482988358 -0.026181388646364212 -0.006133964750915766 0.9996383786201477 46.010318756103516
0.9981314539909363 0.050590015947818756 0.03426467627286911 -1.0488189458847046 -0.05077534168958664 0.9986996650695801 0.004559642169624567 0.10891939699649811 -0.033989451825618744 -0.0062909238040447235 0.9994023442268372 46.43748092651367
0.9978700280189514 0.04965502768754959 0.04230595752596855 -1.0263054370880127 -0.04994378611445427 0.9987351894378662 0.0057954806834459305 0.1106194257736206 -0.04196467623114586 -0.007896057330071926 0.999087929725647 46.83635330200195
0.9974058270454407 0.051628317683935165 0.05016147345304489 -1.0042258501052856 -0.05202297493815422 0.9986240863800049 0.006593294907361269 0.11309869587421417 -0.04975205659866333 -0.009185739792883396 0.9987193942070007 47.22712326049805
0.9967444539070129 0.05480828881263733 0.05913091450929642 -0.9922281503677368 -0.055310267955064774 0.9984453916549683 0.006885049398988485 0.10967199504375458 -0.058661628514528275 -0.010133182629942894 0.9982264041900635 47.583961486816406
0.9959211945533752 0.05973660573363304 0.06761962175369263 -0.9646522998809814 -0.060298625379800797 0.9981604218482971 0.006299489643424749 0.11003760993480682 -0.06711892038583755 -0.010351165197789669 0.9976912140846252 47.91221237182617
0.9950215220451355 0.0635845884680748 0.07674003392457962 -0.9440769553184509 -0.06426344066858292 0.9979124069213867 0.006406744476407766 0.10912778228521347 -0.07617244869470596 -0.011306428350508213 0.99703049659729 48.20962142944336
0.9943138957023621 0.06263620406389236 0.08611935377120972 -0.912994384765625 -0.06348780542612076 0.9979567527770996 0.007182780187577009 0.10675464570522308 -0.08549348264932632 -0.012609465979039669 0.9962588548660278 48.4981575012207
0.9934320449829102 0.06143093854188919 0.09653452783823013 -0.8733468651771545 -0.06222648546099663 0.9980482459068298 0.005249359644949436 0.10758742690086365 -0.09602363407611847 -0.011221885681152344 0.9953157901763916 48.77635192871094
0.9922813773155212 0.06006031483411789 0.10849176347255707 -0.8415893912315369 -0.06050427630543709 0.9981676340103149 0.0008019463857635856 0.10352864116430283 -0.10824481397867203 -0.007359972223639488 0.9940969944000244 49.02757263183594
0.9906888604164124 0.061014071106910706 0.12170808762311935 -0.7998633980751038 -0.061045266687870026 0.9981289505958557 -0.003475878154858947 0.10746893286705017 -0.12169244140386581 -0.00398618821054697 0.9925598502159119 49.29585266113281
0.9885685443878174 0.06252600252628326 0.13719584047794342 -0.7596717476844788 -0.06233891844749451 0.9980388879776001 -0.005664070136845112 0.10546601563692093 -0.13728094100952148 -0.0029533193446695805 0.9905277490615845 49.55588150024414
0.9860656261444092 0.06455456465482712 0.15332087874412537 -0.7096740007400513 -0.06426751613616943 0.9979093074798584 -0.006832688115537167 0.09937891364097595 -0.1534414440393448 -0.003116075647994876 0.988152801990509 49.805213928222656
0.9832702279090881 0.0649612694978714 0.17017537355422974 -0.6548608541488647 -0.06454417109489441 0.9978829026222229 -0.007988044060766697 0.09743373095989227 -0.17033401131629944 -0.0031294224318116903 0.9853814244270325 50.06318664550781
0.9800102710723877 0.06391511857509613 0.1884007304906845 -0.5963332056999207 -0.06328491121530533 0.9979515075683594 -0.009364784695208073 0.09798179566860199 -0.18861337006092072 -0.002745339646935463 0.9820475578308105 50.31573486328125
0.9761021733283997 0.06347484141588211 0.20783469080924988 -0.5289738178253174 -0.0628603920340538 0.9979764223098755 -0.009566323831677437 0.09529794752597809 -0.2080213576555252 -0.003726861672475934 0.9781171083450317 50.56232833862305
0.9716484546661377 0.06325221806764603 0.22781221568584442 -0.4540294110774994 -0.062453486025333405 0.9979902505874634 -0.01072052400559187 0.09071257710456848 -0.22803246974945068 -0.003811086295172572 0.9736460447311401 50.79578399658203
0.9663397073745728 0.06566618382930756 0.24874769151210785 -0.37865549325942993 -0.06443559378385544 0.9978359341621399 -0.013095208443701267 0.08995635062456131 -0.24906928837299347 -0.003373784013092518 0.9684798121452332 51.03226089477539
0.9600876569747925 0.06683523952960968 0.27159664034843445 -0.29415881633758545 -0.06512941420078278 0.9977595806121826 -0.015300369821488857 0.08918514102697372 -0.2720107436180115 -0.002999235177412629 0.9622895121574402 51.284996032714844
0.9528107047080994 0.068374864757061 0.2957642674446106 -0.19963742792606354 -0.06656081229448318 0.997650682926178 -0.016210123896598816 0.07590220868587494 -0.2961777448654175 -0.004241127986460924 0.9551234245300293 51.51613235473633
0.9443065524101257 0.0711127296090126 0.3212909996509552 -0.09965270757675171 -0.06928464025259018 0.9974496960639954 -0.017135322093963623 0.06963841617107391 -0.321690171957016 -0.006079532206058502 0.9468255043029785 51.75325012207031
0.9344692826271057 0.07314274460077286 0.3484496474266052 0.009070266038179398 -0.07127666473388672 0.9972907304763794 -0.01819119229912758 0.06070238724350929 -0.34883618354797363 -0.007837221026420593 0.9371510148048401 51.988224029541016
0.9232631921768188 0.0737704187631607 0.37701836228370667 0.1275826096534729 -0.07170286029577255 0.9972347617149353 -0.01953696645796299 0.053105324506759644 -0.37741705775260925 -0.008995532058179379 0.9259997010231018 52.22415542602539
0.9106721878051758 0.07181042432785034 0.40684089064598083 0.27100077271461487 -0.0689457505941391 0.9973840117454529 -0.02171754464507103 0.044756971299648285 -0.40733611583709717 -0.008272385224699974 0.913240909576416 52.46385192871094
0.8957273960113525 0.06913813203573227 0.4391951858997345 0.4146721661090851 -0.06502280384302139 0.9975847005844116 -0.02442752569913864 0.037669587880373 -0.4398232698440552 -0.0066772932186722755 0.898059606552124 52.69133377075195
0.8784122467041016 0.06845149397850037 0.47297608852386475 0.5710404515266418 -0.06235978379845619 0.9976447224617004 -0.028569508343935013 0.026985542848706245 -0.47381770610809326 -0.004398880526423454 0.8806120157241821 52.91167449951172
0.858934223651886 0.07042679190635681 0.5072200894355774 0.7335631251335144 -0.061793845146894455 0.9975143671035767 -0.03386085480451584 0.021607214584946632 -0.5083439350128174 -0.002258824883028865 0.8611510992050171 53.132484436035156
0.8371744751930237 0.07235879451036453 0.542128324508667 0.921302080154419 -0.061346638947725296 0.9973781108856201 -0.03838801383972168 0.012317582033574581 -0.543484628200531 -0.0011202840832993388 0.8394184112548828 53.35906219482422
0.8125989437103271 0.07498494535684586 0.5779794454574585 1.115394949913025 -0.06210174411535263 0.9971831440925598 -0.04206017032265663 0.0024863644503057003 -0.579505205154419 -0.0017154763918370008 0.8149666786193848 53.58393478393555
0.785020649433136 0.07915771752595901 0.6143913269042969 1.3238749504089355 -0.06524233520030975 0.9968510270118713 -0.045072056353092194 -0.008689697831869125 -0.616024374961853 -0.0047018141485750675 0.7877130508422852 53.81553268432617
0.7551054358482361 0.08363549411296844 0.6502467393875122 1.551184892654419 -0.06908834725618362 0.9964580535888672 -0.047936104238033295 -0.023698676377534866 -0.651952862739563 -0.008727658540010452 0.7582092881202698 54.04542922973633
0.7220625281333923 0.08456436544656754 0.6866401433944702 1.8105343580245972 -0.06858517974615097 0.9963619709014893 -0.05058535933494568 -0.04217385873198509 -0.688419759273529 -0.010567531920969486 0.7252355813980103 54.28091812133789
0.6853799223899841 0.08222266286611557 0.7235287427902222 2.0966527462005615 -0.06504585593938828 0.996545672416687 -0.05163239687681198 -0.06003808230161667 -0.7252747416496277 -0.011674722656607628 0.6883606314659119 54.50797653198242
0.6462419629096985 0.08064018934965134 0.7588599920272827 2.3834524154663086 -0.06211747229099274 0.9966599941253662 -0.053011029958724976 -0.0847301036119461 -0.7606002688407898 -0.012880508787930012 0.6490926742553711 54.713340759277344
0.6035860776901245 0.07988594472408295 0.793285608291626 2.716214656829834 -0.05995224788784981 0.9966983795166016 -0.05475437268614769 -0.10745424032211304 -0.7950405478477478 -0.014510280452668667 0.6063826680183411 54.93406295776367
0.5573906302452087 0.08000072836875916 0.8263870477676392 3.075111150741577 -0.05658368021249771 0.9966928958892822 -0.058322496712207794 -0.12418656796216965 -0.8283199667930603 -0.014251603744924068 0.560073971748352 55.14315414428711
0.5086652636528015 0.07859355211257935 0.857369601726532 3.443204402923584 -0.053306978195905685 0.9967890977859497 -0.05974762514233589 -0.15141713619232178 -0.8593125343322754 -0.015312236733734608 0.5112216472625732 55.334224700927734
0.4601147174835205 0.07726392894983292 0.8844912052154541 3.8798983097076416 -0.05174822360277176 0.9968464970588684 -0.06015905365347862 -0.16765674948692322 -0.8863500356674194 -0.018090777099132538 0.46266207098960876 55.52632522583008
0.4110759198665619 0.0748908668756485 0.9085196256637573 4.3179216384887695 -0.050731513649225235 0.9969546794891357 -0.05922633409500122 -0.18902619183063507 -0.9101883172988892 -0.021744059398770332 0.4136233627796173 55.68583297729492
0.3603533208370209 0.07483067363500595 0.9298095703125 4.7783613204956055 -0.05385829135775566 0.9967833757400513 -0.05934759974479675 -0.20914877951145172 -0.9312596917152405 -0.02869185246527195 0.36322444677352905 55.85430908203125
0.3112654983997345 0.07565771043300629 0.9473065137863159 5.2378644943237305 -0.052232593297958374 0.9966810345649719 -0.062438495457172394 -0.2268962860107422 -0.9488864541053772 -0.030045321211218834 0.3141842186450958 55.9761848449707
0.26361557841300964 0.07170400023460388 0.9619592428207397 5.719518661499023 -0.04142580181360245 0.9971548914909363 -0.06297513842582703 -0.269618421792984 -0.9637379050254822 -0.02324870228767395 0.2658360004425049 56.07187271118164
0.21959978342056274 0.06604442000389099 0.9733520150184631 6.230540752410889 -0.02769552543759346 0.9977258443832397 -0.061449818313121796 -0.29201963543891907 -0.9751968383789062 -0.013463130220770836 0.22092953324317932 56.14472961425781
0.17730285227298737 0.06505806744098663 0.9820036292076111 6.7500104904174805 -0.01860227808356285 0.9978558421134949 -0.06274960190057755 -0.32167670130729675 -0.9839804768562317 -0.007141820155084133 0.17813292145729065 56.20580291748047
0.13876137137413025 0.06653967499732971 0.9880879521369934 7.295292854309082 -0.015404959209263325 0.997764527797699 -0.06502793729305267 -0.3459644913673401 -0.9902060627937317 -0.006198091898113489 0.1394762247800827 56.265926361083984
0.10620772838592529 0.06733168661594391 0.9920616745948792 7.797975540161133 -0.006759031675755978 0.997730553150177 -0.06699281930923462 -0.3790076971054077 -0.9943209886550903 0.0004097789933439344 0.1064218059182167 56.28019714355469
0.07719188928604126 0.06570199131965637 0.9948490858078003 8.35895824432373 0.0006882644374854863 0.9978225827217102 -0.06595177203416824 -0.41337811946868896 -0.9970159530639648 0.005775660742074251 0.07697859406471252 56.302337646484375
0.05243545025587082 0.06379608064889908 0.9965844750404358 8.92955493927002 0.007174749858677387 0.9979075193405151 -0.06425827741622925 -0.45035532116889954 -0.9985985159873962 0.010519656352698803 0.0518680177628994 56.310020446777344
0.03238632529973984 0.06289047002792358 0.9974947571754456 9.506561279296875 0.01216860581189394 0.9979195594787598 -0.0633123442530632 -0.4758596122264862 -0.9994012713432312 0.014188575558364391 0.03155365586280823 56.31352615356445
0.01664508506655693 0.06507882475852966 0.9977412819862366 10.083202362060547 0.01530554797500372 0.9977460503578186 -0.06533446907997131 -0.5000922679901123 -0.9997442960739136 0.016358476132154465 0.015611500479280949 56.307220458984375
0.003214535303413868 0.06509703397750854 0.9978737831115723 10.677377700805664 0.016107449308037758 0.9977461099624634 -0.06514059752225876 -0.5293639898300171 -0.9998650550842285 0.016282597556710243 0.0021587435621768236 56.303104400634766
-0.008524524047970772 0.0656328946352005 0.9978073239326477 11.291593551635742 0.016488466411828995 0.9977172017097473 -0.06548609584569931 -0.5722792744636536 -0.9998276829719543 0.015894075855612755 -0.009587249718606472 56.29941177368164
-0.017428860068321228 0.06840477138757706 0.9975054264068604 11.913154602050781 0.021672142669558525 0.9974483251571655 -0.06802220642566681 -0.6084324717521667 -0.9996131658554077 0.020432529971003532 -0.01886686496436596 56.274940490722656
-0.023833859711885452 0.0704570859670639 0.997230052947998 12.534067153930664 0.02596413344144821 0.997220516204834 -0.06983587145805359 -0.6407434344291687 -0.9993786811828613 0.02422775700688362 -0.025596968829631805 56.24568176269531
-0.028541631996631622 0.06983301788568497 0.9971503615379333 13.184968948364258 0.026162028312683105 0.9972670674324036 -0.06909237056970596 -0.6781429648399353 -0.9992501139640808 0.024115465581417084 -0.030290603637695312 56.23176574707031
-0.032071299850940704 0.06703910231590271 0.9972347021102905 13.843425750732422 0.02393251657485962 0.997513473033905 -0.06628815084695816 -0.7119227051734924 -0.9991990327835083 0.021740389987826347 -0.0335959754884243 56.20702362060547
-0.03459174185991287 0.060000792145729065 0.9975987672805786 14.521349906921387 0.02166678197681904 0.9980065226554871 -0.05927402526140213 -0.7514309287071228 -0.9991666674613953 0.019564364105463028 -0.03582281246781349 56.19233703613281
-0.03600792586803436 0.05461158603429794 0.9978581666946411 15.211142539978027 0.023077797144651413 0.9982848763465881 -0.05380215868353844 -0.7825374007225037 -0.999085009098053 0.021091066300868988 -0.037206489592790604 56.16303253173828
-0.03640127182006836 0.05206663906574249 0.9979799389839172 15.906670570373535 0.02558949962258339 0.9983628988265991 -0.05115324258804321 -0.81780606508255 -0.9990095496177673 0.023675763979554176 -0.03767402842640877 56.133766174316406
-0.03612127527594566 0.054293159395456314 0.997871458530426 16.6025333404541 0.029080519452691078 0.998157262802124 -0.053256046026945114 -0.8572800159454346 -0.998924195766449 0.027094939723610878 -0.03763358294963837 56.10462951660156
-0.03535293787717819 0.06173395738005638 0.9974663853645325 17.3009090423584 0.029835017397999763 0.9977105855941772 -0.06069163978099823 -0.886904776096344 -0.9989293813705444 0.027613801881670952 -0.03711383417248726 56.082820892333984
-0.03325941413640976 0.06977060437202454 0.9970085024833679 18.00343894958496 0.03066750429570675 0.997161865234375 -0.0687582939863205 -0.9221993684768677 -0.9989761114120483 0.02828889712691307 -0.035304706543684006 56.06175231933594
-0.030927522107958794 0.07081431150436401 0.9970100522041321 18.736989974975586 0.03136594966053963 0.9970645904541016 -0.06984522193670273 -0.9548832178115845 -0.9990293383598328 0.02911202609539032 -0.03305790573358536 56.03126907348633
-0.02859654650092125 0.06647834181785583 0.9973780512809753 19.46787452697754 0.030945630744099617 0.9973666667938232 -0.06559032946825027 -0.9969136714935303 -0.9991118907928467 0.028988836333155632 -0.030578460544347763 56.01374816894531
-0.02631700225174427 0.0600348599255085 0.9978493452072144 20.21150016784668 0.030066518113017082 0.9977909326553345 -0.05923838913440704 -1.0417935848236084 -0.9992014169692993 0.028442878276109695 -0.028063910081982613 55.998085021972656
-0.023295830935239792 0.058068715035915375 0.9980407953262329 20.946565628051758 0.02839980460703373 0.9979472160339355 -0.057400379329919815 -1.0866652727127075 -0.999325156211853 0.027006972581148148 -0.024897148832678795 55.984291076660156
-0.020106757059693336 0.06355579942464828 0.9977757334709167 21.689706802368164 0.035965580493211746 0.9973774552345276 -0.06280568242073059 -1.1316403150558472 -0.9991507530212402 0.034622758626937866 -0.022339852526783943 55.963287353515625
-0.016967544332146645 0.06906607747077942 0.9974677562713623 22.424381256103516 0.03769940137863159 0.9969462156295776 -0.0683886706829071 -1.1728758811950684 -0.9991450905799866 0.036443546414375305 -0.01951947808265686 55.950382232666016
-0.0147689925506711 0.06979411840438843 0.9974520802497864 23.163005828857422 0.03156012296676636 0.9970963597297668 -0.06930192559957504 -1.2135491371154785 -0.9993927478790283 0.030456189066171646 -0.016928819939494133 55.955726623535156
-0.01117077749222517 0.06621075421571732 0.9977431297302246 23.917482376098633 0.027317525818943977 0.9974531531333923 -0.06588567048311234 -1.2563107013702393 -0.9995644688606262 0.026519877836108208 -0.01295104157179594 55.95195770263672
-0.006327075883746147 0.06262918561697006 0.9980168342590332 24.66054916381836 0.031361173838377 0.9975582957267761 -0.06240159273147583 -1.304791808128357 -0.999488115310669 0.030904153361916542 -0.008275751024484634 55.938899993896484
-0.0026174739468842745 0.06352201104164124 0.997977077960968 25.403331756591797 0.03580980375409126 0.9973463416099548 -0.06338795274496078 -1.3532915115356445 -0.9993552565574646 0.035571444779634476 -0.004885238129645586 55.92885971069336
-6.542660230479669e-06 0.06800450384616852 0.9976850748062134 26.13603973388672 0.03563576564192772 0.9970514178276062 -0.06796107441186905 -1.3988842964172363 -0.9993649125099182 0.035552822053432465 -0.002429915824905038 55.93610382080078
0.003739270381629467 0.06895390897989273 0.9976128339767456 26.89341163635254 0.031813591718673706 0.9971066117286682 -0.06903816759586334 -1.4416871070861816 -0.9994868040084839 0.03199579939246178 0.0015347792068496346 55.945369720458984
0.007682647090405226 0.06841883808374405 0.9976271390914917 27.644609451293945 0.031121743842959404 0.9971568584442139 -0.06862625479698181 -1.4875143766403198 -0.9994860291481018 0.031575124710798264 0.0055314903147518635 55.95387649536133
0.011081757955253124 0.06508880853652954 0.9978179335594177 28.386138916015625 0.03530088812112808 0.997231662273407 -0.06544262915849686 -1.5370498895645142 -0.9993153214454651 0.03594907745718956 0.00875338725745678 55.96224594116211
0.01490243524312973 0.06585222482681274 0.9977180361747742 29.136627197265625 0.03940866142511368 0.9970148801803589 -0.06639444828033447 -1.5828325748443604 -0.999112069606781 0.04030817002058029 0.012262801639735699 55.96328353881836
0.01862443797290325 0.06669504195451736 0.9975995421409607 29.896286010742188 0.0429069809615612 0.9968001246452332 -0.0674426332116127 -1.6350114345550537 -0.9989054799079895 0.04406006261706352 0.01570316031575203 55.96729278564453
0.021523645147681236 0.06679623574018478 0.9975343942642212 30.648971557617188 0.04336008056998253 0.9967643618583679 -0.0676802545785904 -1.6785285472869873 -0.9988276958465576 0.04470990598201752 0.018557710573077202 55.982940673828125
0.02485107257962227 0.06521343439817429 0.9975618124008179 31.396650314331055 0.044595349580049515 0.9968043565750122 -0.06627486646175385 -1.7270618677139282 -0.9986960887908936 0.0461336150765419 0.021863440051674843 56.00829315185547
0.028177587315440178 0.06422112137079239 0.9975377321243286 32.1331787109375 0.046971943229436874 0.9967465996742249 -0.0654970034956932 -1.7732408046722412 -0.9984987378120422 0.04870183393359184 0.02506932243704796 56.031429290771484
0.031213413923978806 0.06437835097312927 0.9974372982978821 32.89082717895508 0.045050330460071564 0.9968187808990479 -0.06574821472167969 -1.8248794078826904 -0.998496949672699 0.046987105160951614 0.028213851153850555 56.050132751464844
0.03419221192598343 0.06619184464216232 0.9972208738327026 33.64392852783203 0.041999444365501404 0.9968276619911194 -0.06760580837726593 -1.8678096532821655 -0.9985324144363403 0.044194307178258896 0.03130372241139412 56.085479736328125
0.0371340848505497 0.06641330569982529 0.9971010088920593 34.39194869995117 0.04397724196314812 0.9967138171195984 -0.06802532821893692 -1.9125456809997559 -0.9983421564102173 0.04637579992413521 0.03409138321876526 56.10908126831055
0.03979550674557686 0.06600605696439743 0.9970253705978394 35.15544891357422 0.04178812727332115 0.9968328475952148 -0.06766124814748764 -1.9596753120422363 -0.9983336329460144 0.04435642808675766 0.03691119700670242 56.15007019042969
0.04181981459259987 0.06644509732723236 0.9969133138656616 35.90451431274414 0.03981013223528862 0.9968830347061157 -0.06811308115720749 -2.0045549869537354 -0.9983316659927368 0.04253572225570679 0.039044275879859924 56.19234848022461
0.04444961994886398 0.06644143164157867 0.9967997074127197 36.68519973754883 0.037070389837026596 0.9969890713691711 -0.06810710579156876 -2.0565075874328613 -0.9983236193656921 0.039979081600904465 0.04185277223587036 56.23410415649414
0.048010703176259995 0.06858041137456894 0.9964897036552429 37.44943618774414 0.03573295474052429 0.9968836307525635 -0.07032914459705353 -2.101646661758423 -0.9982074499130249 0.03898407146334648 0.045410510152578354 56.27204895019531
0.05127352848649025 0.07241014391183853 0.996056079864502 38.21320724487305 0.034407928586006165 0.996647834777832 -0.07422436773777008 -2.1489052772521973 -0.9980918169021606 0.03807797282934189 0.04861016944050789 56.31462478637695
0.054478153586387634 0.07406477630138397 0.9957642555236816 38.98777770996094 0.03472570702433586 0.9965015053749084 -0.07601944357156754 -2.2089788913726807 -0.9979109764099121 0.038720015436410904 0.05171561241149902 56.36708068847656
0.056878022849559784 0.07611455768346786 0.9954755306243896 39.75856018066406 0.02867906354367733 0.9965535998344421 -0.07783560454845428 -2.26261830329895 -0.9979690909385681 0.03297644108533859 0.05449910834431648 56.42642593383789
0.05965862050652504 0.0753263458609581 0.9953726530075073 40.5383415222168 0.024742476642131805 0.9967308044433594 -0.07691209018230438 -2.314187526702881 -0.9979121088981628 0.029216453433036804 0.05759982392191887 56.48175048828125
0.06370554119348526 0.07598931342363358 0.995071530342102 41.31328582763672 0.027285005897283554 0.9965914487838745 -0.07785221189260483 -2.367899179458618 -0.9975957274436951 0.032110147178173065 0.06141502410173416 56.5316047668457
0.06763622909784317 0.07742565870285034 0.9947012662887573 42.08171844482422 0.026248348876833916 0.9965011477470398 -0.0793505534529686 -2.421917676925659 -0.9973646998405457 0.03147623687982559 0.06536728143692017 56.581932067871094
0.07075031101703644 0.07833828032016754 0.9944131374359131 42.86542510986328 0.022297946736216545 0.9965381026268005 -0.08009211719036102 -2.4769952297210693 -0.9972447752952576 0.027839915826916695 0.06875859200954437 56.662635803222656
0.07470276206731796 0.07573676109313965 0.994325578212738 43.66243362426758 0.02127237804234028 0.9967637062072754 -0.07752063125371933 -2.5389649868011475 -0.9969789385795593 0.026942675933241844 0.07284989207983017 56.72844314575195
0.07978732883930206 0.07569596916437149 0.9939336776733398 44.46674346923828 0.021511029452085495 0.9967495799064636 -0.0776372104883194 -2.6053640842437744 -0.9965797662734985 0.027574997395277023 0.07789967209100723 56.78577423095703
0.08522412925958633 0.07933264970779419 0.9931984543800354 45.26250076293945 0.01836797408759594 0.9965306520462036 -0.08117491751909256 -2.6618175506591797 -0.996192455291748 0.025161102414131165 0.08347127586603165 56.85978317260742
0.09058977663516998 0.08805841207504272 0.9919875860214233 46.05248260498047 0.016137631610035896 0.995822548866272 -0.0898725613951683 -2.723156690597534 -0.995757520198822 0.024149863049387932 0.08879029005765915 56.953433990478516
0.09845870733261108 0.09234724193811417 0.9908470511436462 46.83319854736328 0.015358727425336838 0.995425283908844 -0.09430010616779327 -2.789104700088501 -0.9950225353240967 0.024502821266651154 0.09658995270729065 57.02593994140625
0.10523568838834763 0.0954136922955513 0.989859402179718 47.61777877807617 0.010109023191034794 0.9952324032783508 -0.09700633585453033 -2.858564853668213 -0.994395911693573 0.020215041935443878 0.10376942157745361 57.1299934387207
0.11229870468378067 0.09392113238573074 0.9892258048057556 48.424400329589844 0.006769958417862654 0.9954277276992798 -0.09527849406003952 -2.9244112968444824 -0.9936514496803284 0.017396671697497368 0.11114940047264099 57.224700927734375
0.11959532648324966 0.09253686666488647 0.9885007739067078 49.2328987121582 0.006707180291414261 0.9955488443374634 -0.09400813281536102 -2.9908649921417236 -0.9928001165390015 0.017872987315058708 0.11844232678413391 57.333717346191406
0.12759153544902802 0.08894266933202744 0.9878306984901428 50.062007904052734 0.006323831621557474 0.9958778023719788 -0.09048401564359665 -3.0620779991149902 -0.99180668592453 0.01779186725616455 0.1265030950307846 57.437774658203125
0.13538049161434174 0.08272281289100647 0.9873342514038086 50.86470413208008 0.004547502379864454 0.9964460730552673 -0.08410976827144623 -3.138192653656006 -0.9907832741737366 0.015876729041337967 0.1345231682062149 57.55002212524414
0.14270804822444916 0.07569485157728195 0.9868660569190979 51.67464065551758 0.0018637257162481546 0.9970489740371704 -0.07674539089202881 -3.195418357849121 -0.9897631406784058 0.012791432440280914 0.14214584231376648 57.673789978027344
0.15002456307411194 0.07322386652231216 0.9859669804573059 52.48319625854492 0.001390154124237597 0.997236967086792 -0.07427236437797546 -3.2618134021759033 -0.9886813163757324 0.012513325549662113 0.1495082676410675 57.802574157714844
