1.0 0.0 0.0 0.0 0.0 1.0 0.0 0.0 0.0 0.0 1.0 0.0
0.9999986290931702 0.0007659498951397836 0.0014587931800633669 -0.006263908930122852 -0.000759271380957216 0.9999892711639404 -0.0045731631107628345 -0.0023607383482158184 -0.001462280284613371 0.0045720492489635944 0.9999884963035583 0.9640170931816101
0.9999966621398926 -0.001444662339054048 0.002150613581761718 -0.0027063307352364063 0.001456131343729794 0.9999846816062927 -0.005340965930372477 -0.0009621297940611839 -0.0021428647451102734 0.005344079807400703 0.9999834299087524 1.918493628501892
0.9999933242797852 -0.002537020482122898 0.002676357515156269 -0.010153628885746002 0.002540427027270198 0.9999960660934448 -0.0012701565865427256 -0.004009350668638945 -0.0026731244288384914 0.0012769470922648907 0.9999955892562866 2.850362539291382
0.9999850392341614 -0.0050860242918133736 0.0019786308985203505 -0.007069943007081747 0.005076352972537279 0.9999752044677734 0.004862511530518532 -0.0072941966354846954 -0.002003312576562166 -0.0048523941077291965 0.9999862313270569 3.7990670204162598
0.999962568283081 -0.008631591685116291 0.0005031893961131573 -0.004615947604179382 0.008628983050584793 0.9999503493309021 0.004972450435161591 -0.004498345777392387 -0.000546084251254797 -0.0049679214134812355 0.9999875426292419 4.737339496612549
0.9999372363090515 -0.011205185204744339 -0.0001214621661347337 -0.007314257323741913 0.011205409653484821 0.9999352693557739 0.0020252172835171223 -0.001770169474184513 9.876136027742177e-05 -0.0020264512859284878 0.9999979138374329 5.663692474365234
0.9999287128448486 -0.011884696781635284 -0.001174378558062017 -0.01007413025945425 0.011882741004228592 0.9999279975891113 -0.0016582189127802849 0.004827449098229408 0.001194001524709165 0.001644145930185914 0.9999979138374329 6.591232776641846
0.9999327063560486 -0.011499925516545773 -0.001513246214017272 -0.018495745956897736 0.011496959254145622 0.9999319911003113 -0.001953222556039691 -0.0011386824771761894 0.0015356052899733186 0.0019356933189556003 0.9999969601631165 7.514379501342773
0.9999325275421143 -0.011333128437399864 -0.002561948262155056 -0.02821817249059677 0.01133307907730341 0.9999358057975769 -3.357371315360069e-05 -0.0016787261702120304 0.002562164328992367 4.536588676273823e-06 0.9999967217445374 8.425213813781738
0.9999349117279053 -0.011011198163032532 -0.002967070322483778 -0.03874402120709419 0.011018745601177216 0.9999361634254456 0.002540437737479806 0.005028039216995239 0.002938907127827406 -0.0025729662738740444 0.9999923706054688 9.366564750671387
0.9999290108680725 -0.011280233971774578 -0.003828318789601326 -0.04770464450120926 0.011296642944216728 0.9999269843101501 0.00429200055077672 0.005053732544183731 0.003779625054448843 -0.00433494383469224 0.9999834895133972 10.28858470916748
0.9999125003814697 -0.012422028928995132 -0.004549496807157993 -0.05102641507983208 0.01244478952139616 0.9999101161956787 0.0050088511779904366 0.006823588162660599 0.004486866295337677 -0.005065029952675104 0.9999771118164062 11.202338218688965
0.9999033212661743 -0.01278083585202694 -0.0054740384221076965 -0.0586770698428154 0.012810051441192627 0.9999037384986877 0.0053355577401816845 0.006506338715553284 0.005405318457633257 -0.005405163858085871 0.9999707937240601 12.11730670928955
0.9998964667320251 -0.013008548878133297 -0.006155175622552633 -0.06431328505277634 0.013031275011599064 0.9999083876609802 0.003666621632874012 0.013791978359222412 0.006106913089752197 -0.0037464515771716833 0.9999743103981018 13.012788772583008
0.9998860359191895 -0.013356141746044159 -0.0070406533777713776 -0.08559399098157883 0.013367874547839165 0.9999093413352966 0.0016219038516283035 0.018985792994499207 0.007018352393060923 -0.0017158370465040207 0.9999738335609436 13.921821594238281
0.9998500943183899 -0.014750299043953419 -0.009068277664482594 -0.08537457138299942 0.014750903472304344 0.9998912215232849 -1.511070877313614e-07 0.026437805965542793 0.00906729232519865 -0.0001336138229817152 0.999958872795105 14.82547664642334
0.9998327493667603 -0.014701598323881626 -0.010874581523239613 -0.09801929444074631 0.014701123349368572 0.9998919367790222 -0.00012375334335956722 0.01736111007630825 0.010875223204493523 -3.6135930713498965e-05 0.999940812587738 15.72918701171875
0.9998396039009094 -0.013275356963276863 -0.01202300749719143 -0.12384156882762909 0.013265091925859451 0.9999115467071533 -0.0009333334746770561 0.017793547362089157 0.012034335173666477 0.000773697393015027 0.999927282333374 16.631610870361328
0.9998385310173035 -0.011545690707862377 -0.013769923709332943 -0.13933591544628143 0.011533727869391441 0.9999330639839172 -0.0009478782885707915 0.01708182506263256 0.01377994567155838 0.0007889067637734115 0.9999046921730042 17.525705337524414
0.9998076558113098 -0.01254901010543108 -0.01507425494492054 -0.15968887507915497 0.012551503255963326 0.9999212622642517 7.070592255331576e-05 0.014017567038536072 0.015072179958224297 -0.0002598968567326665 0.9998863339424133 18.421905517578125
0.9997914433479309 -0.011818762868642807 -0.016652017831802368 -0.1744118481874466 0.011841684579849243 0.9999290704727173 0.0012785959988832474 0.015848420560359955 0.016635723412036896 -0.0014755174051970243 0.9998605251312256 19.304723739624023
0.9997647404670715 -0.011508784256875515 -0.018384777009487152 -0.1915164440870285 0.011540019884705544 0.9999321699142456 0.0015937755815684795 0.02076052501797676 0.01836518570780754 -0.0018055615946650505 0.9998297095298767 20.18898582458496
0.9997224807739258 -0.01268818136304617 -0.01985090784728527 -0.21310032904148102 0.012723979540169239 0.9999176263809204 0.001678049098700285 0.019823314622044563 0.019827980548143387 -0.0019301656866446137 0.9998015761375427 21.06601905822754
0.999682605266571 -0.012554971501231194 -0.021841345354914665 -0.23435014486312866 0.012573286890983582 0.999920666217804 0.0007013868307694793 0.02379492297768593 0.021830808371305466 -0.0009757817606441677 0.9997612237930298 21.942895889282227
0.9996695518493652 -0.012471940368413925 -0.022477950900793076 -0.25548020005226135 0.012506742030382156 0.9999207258224487 0.0014083096757531166 0.02030976302921772 0.022458605468273163 -0.0016889702528715134 0.9997463226318359 22.80180549621582
0.9996466636657715 -0.012316795997321606 -0.023557104170322418 -0.2786788046360016 0.012397443875670433 0.99991774559021 0.0032805604860186577 0.02442249283194542 0.0235147625207901 -0.0035714490804821253 0.999717116355896 23.6586856842041
0.9996126294136047 -0.01345407497137785 -0.024365371093153954 -0.2991439998149872 0.01360591035336256 0.9998890161514282 0.00607652310281992 0.027013204991817474 0.024280913174152374 -0.00640568183735013 0.9996846318244934 24.5036563873291
0.9996034502983093 -0.012912088073790073 -0.02502404898405075 -0.3237576484680176 0.01310658361762762 0.9998849630355835 0.007623938377946615 0.02702176570892334 0.024922732263803482 -0.007948894053697586 0.9996576905250549 25.347881317138672
0.9995901584625244 -0.012387655675411224 -0.025807160884141922 -0.34980282187461853 0.012554754503071308 0.9999011158943176 0.006322982721030712 0.03227190673351288 0.025726281106472015 -0.0066443937830626965 0.9996469020843506 26.181373596191406
0.9995945692062378 -0.010420327074825764 -0.026495978236198425 -0.37961480021476746 0.010524163953959942 0.9999374151229858 0.003782589454203844 0.03428369760513306 0.026454905048012733 -0.004059904254972935 0.9996417164802551 26.994115829467773
0.9995791912078857 -0.010282508097589016 -0.02712135948240757 -0.4057411253452301 0.01034502498805523 0.9999441504478455 0.0021657345350831747 0.03468455746769905 0.02709757536649704 -0.0024453948717564344 0.9996297359466553 27.786033630371094
0.9995629787445068 -0.00938452873378992 -0.028027988970279694 -0.43459412455558777 0.009434893727302551 0.999954104423523 0.0016652392223477364 0.038389116525650024 0.028011072427034378 -0.0019289529882371426 0.9996057152748108 28.57977294921875
0.9995341300964355 -0.0090280557051301 -0.02915429323911667 -0.46414971351623535 0.009064960293471813 0.9999582767486572 0.0011338646290823817 0.03895624354481697 0.029142839834094048 -0.0013976191403344274 0.9995742440223694 29.366052627563477
0.9994627237319946 -0.00928584672510624 -0.03143302723765373 -0.48701557517051697 0.009308954700827599 0.999956488609314 0.0005888387677259743 0.03369121253490448 0.031426191329956055 -0.0008811309235170484 0.9995056986808777 30.159019470214844
0.9993959069252014 -0.009603706188499928 -0.03339793160557747 -0.5162230730056763 0.009628222323954105 0.9999535083770752 0.000573327240999788 0.03353329747915268 0.033390872180461884 -0.0008945435984060168 0.9994419813156128 30.924531936645508
0.9993489980697632 -0.00903571117669344 -0.0349295474588871 -0.5534453988075256 0.009088373742997646 0.9999577403068542 0.0013491803547367454 0.04035899043083191 0.03491588309407234 -0.001665754709392786 0.9993888735771179 31.689058303833008
0.9992473125457764 -0.009787542745471 -0.037537045776844025 -0.5719579458236694 0.00993743073195219 0.9999433159828186 0.003808533074334264 0.03904230147600174 0.037497635930776596 -0.004178687930107117 0.9992879629135132 32.44846725463867
0.9991782903671265 -0.008671168237924576 -0.03959038481116295 -0.606360912322998 0.008884777314960957 0.9999468922615051 0.0052227359265089035 0.04203382134437561 0.03954299911856651 -0.005570197012275457 0.9992022514343262 33.183712005615234
0.999128520488739 -0.007401654496788979 -0.04107803478837013 -0.6479563117027283 0.007630002219229937 0.9999563097953796 0.005404879804700613 0.0429704487323761 0.04103622958064079 -0.005713594611734152 0.999141275882721 33.90931701660156
0.9990576505661011 -0.004742209799587727 -0.04314367473125458 -0.6843770146369934 0.004958566278219223 0.9999758005142212 0.0049091726541519165 0.04010552167892456 0.04311934486031532 -0.005118477623909712 0.9990568161010742 34.63381576538086
0.9989720582962036 -0.0031598855275660753 -0.04522150382399559 -0.7152624130249023 0.0033447425812482834 0.9999863505363464 0.004012719262391329 0.047190889716148376 0.04520820453763008 -0.004159847740083933 0.9989688992500305 35.345664978027344
0.9988950490951538 -0.002680579898878932 -0.046919677406549454 -0.7481743097305298 0.002923103515058756 0.9999827742576599 0.005101063288748264 0.052284255623817444 0.04690519720315933 -0.005232577212154865 0.9988856315612793 36.05096435546875
0.9988632202148438 -0.0015394065994769335 -0.04764314368367195 -0.7921879887580872 0.001878077513538301 0.9999732971191406 0.007064545061439276 0.05239444971084595 0.04763098806142807 -0.007145992014557123 0.9988394379615784 36.7397346496582
0.9988414645195007 0.0011317506432533264 -0.048108335584402084 -0.8267250657081604 -0.0007711449870839715 0.9999715089797974 0.007513605523854494 0.05688805878162384 0.04811547324061394 -0.0074678026139736176 0.9988138675689697 37.4178466796875
0.9989010691642761 0.004467908293008804 -0.0466528981924057 -0.8680733442306519 -0.004225417505949736 0.9999769926071167 0.00529510248452425 0.05943499505519867 0.046675484627485275 -0.0050921570509672165 0.998897135257721 38.08832931518555
0.9989751577377319 0.005971652455627918 -0.04486573860049248 -0.9034525156021118 -0.005861278623342514 0.9999793767929077 0.0025912292767316103 0.05448451638221741 0.04488028585910797 -0.0023256028071045876 0.9989896416664124 38.732994079589844
0.999052882194519 0.006124353501945734 -0.04307879880070686 -0.9291397929191589 -0.006107358727604151 0.9999811053276062 0.0005260759498924017 0.06177955120801926 0.043081220239400864 -0.0002624797634780407 0.9990714192390442 39.379024505615234
0.9991841912269592 0.007236578967422247 -0.039728835225105286 -0.9618876576423645 -0.007179129868745804 0.999972939491272 0.0015885019674897194 0.06262186914682388 0.03973925858736038 -0.0013019881444051862 0.9992092251777649 40.017364501953125
0.9992514848709106 0.012183086015284061 -0.036715924739837646 -0.9925980567932129 -0.012031257152557373 0.9999181628227234 0.004353388212621212 0.06333290040493011 0.03676595911383629 -0.003908390179276466 0.9993162751197815 40.653743743896484
0.9993184804916382 0.016606098040938377 -0.032967355102300644 -1.0162032842636108 -0.01636868342757225 0.9998383522033691 0.007458462845534086 0.06917980313301086 0.03308587148785591 -0.006913748569786549 0.9994285702705383 41.28935241699219
0.9993617534637451 0.021329203620553017 -0.028656192123889923 -1.0398187637329102 -0.021100375801324844 0.9997432827949524 0.008264145813882351 0.0739586353302002 0.028825102373957634 -0.007654215209186077 0.9995551705360413 41.89650344848633
0.9994116425514221 0.0251857228577137 -0.023284533992409706 -1.0615434646606445 -0.024991042912006378 0.9996505975723267 0.008614446967840195 0.08030521869659424 0.023493368178606033 -0.008027472533285618 0.9996917247772217 42.479774475097656
0.9994311928749084 0.02891993150115013 -0.017343543469905853 -1.0828328132629395 -0.028740571811795235 0.9995317459106445 0.010503048077225685 0.08720850944519043 0.017639167606830597 -0.00999861117452383 0.9997944235801697 43.05595397949219
0.9993642568588257 0.03387950733304024 -0.011099792085587978 -1.0862241983413696 -0.03374892845749855 0.9993612170219421 0.011747686192393303 0.08533233404159546 0.011490708217024803 -0.011365612037479877 0.9998693466186523 43.6066780090332
0.9992989897727966 0.037211302667856216 -0.004088845103979111 -1.0918834209442139 -0.037162136286497116 0.9992429614067078 0.011505307629704475 0.0875953733921051 0.004513876512646675 -0.011345292441546917 0.999925434589386 44.13958740234375
0.9991707801818848 0.04058261960744858 0.0032617012038826942 -1.0955860614776611 -0.04061797633767128 0.9991070032119751 0.011626182124018669 0.08906474709510803 -0.002786966972053051 -0.0117490254342556 0.9999271035194397 44.648353576660156
0.9989476203918457 0.04463423043489456 0.010557577945291996 -1.0920908451080322 -0.04474913328886032 0.9989386200904846 0.010909571312367916 0.09532633423805237 -0.010059433057904243 -0.01137053407728672 0.9998847246170044 45.14539337158203
0.9986553192138672 0.048561032861471176 0.018148809671401978 -1.0866583585739136 -0.04871540144085884 0.998779296875 0.008162577636539936 0.09882095456123352 -0.01773027330636978 -0.009035728871822357 0.9998019337654114 45.6171875
0.9983420372009277 0.05106521397829056 0.02656259760260582 -1.083913803100586 -0.05122360214591026 0.9986730813980103 0.005316502880305052 0.0954115241765976 -0.026255860924720764 -0.006668320391327143 0.9996329545974731 46.06730651855469
0.9980806708335876 0.0513991080224514 0.034542012959718704 -1.069637417793274 -0.051600806415081024 0.9986553192138672 0.004972525872290134 0.09894126653671265 -0.034239985048770905 -0.0067453766241669655 0.9993909001350403 46.494728088378906
0.9978177547454834 0.05064527317881584 0.04236399382352829 -1.0446789264678955 -0.05095669999718666 0.9986808896064758 0.006303179077804089 0.10028058290481567 -0.04198889434337616 -0.008448152802884579 0.9990824460983276 46.89263153076172
0.9973503947257996 0.05257558077573776 0.05028006061911583 -1.0223863124847412 -0.05299670994281769 0.9985695481300354 0.007078527472913265 0.10305379331111908 -0.04983598738908768 -0.009724450297653675 0.9987101554870605 47.28044128417969
0.9966973066329956 0.05558352172374725 0.05920489504933357 -1.0096752643585205 -0.056110553443431854 0.9983980059623718 0.007275392767041922 0.10114702582359314 -0.05870566889643669 -0.010573381558060646 0.9982193112373352 47.64287567138672
0.9958912134170532 0.06044641137123108 0.06743292510509491 -0.9776828289031982 -0.06102852523326874 0.9981141090393066 0.0066041056998074055 0.10356256365776062 -0.06690657138824463 -0.010692302137613297 0.9977019429206848 47.968109130859375
0.994972825050354 0.06431864202022552 0.07676059007644653 -0.9613780975341797 -0.0650288388133049 0.9978602528572083 0.006786060519516468 0.10056209564208984 -0.07615988701581955 -0.011743598617613316 0.9970264434814453 48.2688102722168
0.9942438006401062 0.06356417387723923 0.08624938130378723 -0.9341893196105957 -0.06444510072469711 0.9978933334350586 0.007465374190360308 0.09881100058555603 -0.08559314906597137 -0.012980751693248749 0.9962456226348877 48.552791595458984
0.9933606386184692 0.0624077208340168 0.09664350003004074 -0.8912367820739746 -0.06323390454053879 0.9979835152626038 0.005506868939846754 0.10016077756881714 -0.0961049497127533 -0.011581452563405037 0.9953038096427917 48.82953643798828
0.9922263622283936 0.06086208298802376 0.10854759067296982 -0.8589029312133789 -0.061351925134658813 0.9981154799461365 0.0011756604071706533 0.09517598152160645 -0.10827147215604782 -0.007826125249266624 0.9940905570983887 49.0862922668457
0.9906233549118042 0.061873383820056915 0.1218075081706047 -0.817298412322998 -0.06196076422929764 0.9980738759040833 -0.0030738760251551867 0.0982406884431839 -0.12176308035850525 -0.00450223358348012 0.9925490021705627 49.35248565673828
0.988489031791687 0.0633876770734787 0.13737326860427856 -0.7786865234375 -0.06326967477798462 0.9979828596115112 -0.00522975716739893 0.09532713890075684 -0.13742764294147491 -0.0035220044665038586 0.990505576133728 49.61687469482422
0.9860318303108215 0.06505376845598221 0.15332718193531036 -0.7260375022888184 -0.06480700522661209 0.9978759288787842 -0.006612109486013651 0.09345012903213501 -0.15343166887760162 -0.0034169242717325687 0.988153338432312 49.8663330078125
0.9831942319869995 0.06575898081064224 0.17030832171440125 -0.6728544235229492 -0.06539125740528107 0.9978294372558594 -0.007773691788315773 0.09223267436027527 -0.1704498529434204 -0.0034936279989778996 0.9853602051734924 50.12481689453125
0.979961097240448 0.0645064115524292 0.188454732298851 -0.6124668121337891 -0.06391426175832748 0.9979128241539001 -0.009223897010087967 0.09508883953094482 -0.18865638971328735 -0.0030058855190873146 0.9820385575294495 50.38425064086914
0.9760693311691284 0.06400660425424576 0.20782646536827087 -0.5452413558959961 -0.06344471871852875 0.9979413151741028 -0.009375154972076416 0.08874064683914185 -0.20799867808818817 -0.004034689161926508 0.978120744228363 50.6231689453125
0.9716114401817322 0.06383910030126572 0.22780637443065643 -0.4695882797241211 -0.06311709433794022 0.997951328754425 -0.010460738092660904 0.08292239904403687 -0.22800743579864502 -0.0042147040367126465 0.9736502766609192 50.857460021972656
0.966305136680603 0.06626129150390625 0.24872441589832306 -0.3935222625732422 -0.06512688845396042 0.9977949261665344 -0.012796197086572647 0.0819329023361206 -0.24902385473251343 -0.003833615453913808 0.9684898257255554 51.095462799072266
0.960044264793396 0.06750887632369995 0.27158334851264954 -0.3122377395629883 -0.06592459976673126 0.9977123737335205 -0.014963746070861816 0.077883780002594 -0.27197226881980896 -0.0035381640773266554 0.962298572063446 51.341793060302734
0.9527467489242554 0.06897424906492233 0.29583144187927246 -0.21602916717529297 -0.06724078953266144 0.997607946395874 -0.016042247414588928 0.06906938552856445 -0.29623016715049744 -0.00460773566737771 0.9551056027412415 51.580780029296875
0.9442006945610046 0.07175353914499283 0.32145997881889343 -0.1196737289428711 -0.07005104422569275 0.99740070104599 -0.016875481233000755 0.06192648410797119 -0.3218351900577545 -0.006584761198610067 0.9467728734016418 51.817169189453125
0.9343318939208984 0.07388577610254288 0.3486613631248474 -0.009185791015625 -0.07213917374610901 0.9972320199012756 -0.01800982840359211 0.05385035276412964 -0.34902694821357727 -0.008324984461069107 0.9370757341384888 52.055137634277344
0.9231235980987549 0.07457596063613892 0.37720200419425964 0.11053276062011719 -0.07258781045675278 0.9971712231636047 -0.019505467265844345 0.0479588508605957 -0.3775896430015564 -0.009374304674565792 0.9259256720542908 52.29315185546875
0.9105859994888306 0.07248060405254364 0.40691471099853516 0.2523307800292969 -0.06974352151155472 0.9973316192626953 -0.021576307713985443 0.037647128105163574 -0.4073927700519562 -0.00873258151113987 0.9132113456726074 52.52606201171875
0.8956562876701355 0.06995508819818497 0.4392108619213104 0.3956642150878906 -0.06599107384681702 0.9975240230560303 -0.02430853620171547 0.029984116554260254 -0.4398238956928253 -0.007211897987872362 0.8980551362037659 52.75326919555664
0.8783303499221802 0.06915054470300674 0.4730263650417328 0.5522785186767578 -0.0631977990269661 0.99759441614151 -0.028488121926784515 0.01970219612121582 -0.47385838627815247 -0.004872241988778114 0.8805876970291138 52.970218658447266
0.8588571548461914 0.07115673273801804 0.5072485208511353 0.7179985046386719 -0.06267321854829788 0.9974612593650818 -0.03380740061402321 0.013877034187316895 -0.5083664059638977 -0.0027551616076380014 0.8611364364624023 53.196022033691406
0.8370979428291321 0.07301764190196991 0.5421581864356995 0.9040794372558594 -0.062162019312381744 0.9973292350769043 -0.03834112733602524 0.004297733306884766 -0.5435097813606262 -0.0016063557704910636 0.8394013047218323 53.421932220458984
0.8125107288360596 0.07570292800664902 0.5780097842216492 1.1003284454345703 -0.06297247856855392 0.997127890586853 -0.042074866592884064 -0.004823923110961914 -0.5795348882675171 -0.002212420804426074 0.8149443864822388 53.649784088134766
0.7849460244178772 0.07989832013845444 0.6143906116485596 1.3116607666015625 -0.06615358591079712 0.9967892169952393 -0.04510938748717308 -0.015921950340270996 -0.6160221695899963 -0.005235703196376562 0.7877113223075867 53.88206481933594
0.7549951672554016 0.08433454483747482 0.6502845883369446 1.5339641571044922 -0.06989817321300507 0.9963953495025635 -0.0480678491294384 -0.031241178512573242 -0.6519942283630371 -0.009162697941064835 0.7581685185432434 54.10823440551758
0.7219620943069458 0.08525728434324265 0.6866598725318909 1.7960739135742188 -0.06939426809549332 0.9962980151176453 -0.05074075236916542 -0.04973745346069336 -0.6884439587593079 -0.011017353273928165 0.7252057790756226 54.343849182128906
0.6852583289146423 0.08289185911417007 0.7235674858093262 2.0649757385253906 -0.06591009348630905 0.9964833855628967 -0.05173659697175026 -0.07023131847381592 -0.7253115773200989 -0.01223746407777071 0.6883119940757751 54.55878448486328
0.646298885345459 0.08111371099948883 0.7587610483169556 2.374876022338867 -0.0626172125339508 0.996618390083313 -0.05320512503385544 -0.09279501438140869 -0.7605109810829163 -0.013125085271894932 0.6491925120353699 54.77550506591797
0.6034537553787231 0.08057570457458496 0.7933164834976196 2.7033538818359375 -0.060829415917396545 0.9966340661048889 -0.05495506897568703 -0.11615574359893799 -0.7950745820999146 -0.015094131231307983 0.6063239574432373 54.997406005859375
0.557219386100769 0.08073824644088745 0.8264307975769043 3.0580101013183594 -0.05739917606115341 0.9966261982917786 -0.0586642250418663 -0.13050484657287598 -0.8283790946006775 -0.014747601933777332 0.5599737763404846 55.20088577270508
0.5088815093040466 0.0799381360411644 0.8571169376373291 3.455699920654297 -0.054276205599308014 0.9966774582862854 -0.06072959676384926 -0.1479349136352539 -0.859123706817627 -0.015616877004504204 0.5115295648574829 55.40874481201172
0.460244745016098 0.07855086028575897 0.8843101263046265 3.867155075073242 -0.0525454618036747 0.9967420101165771 -0.06119025498628616 -0.16459965705871582 -0.8862357139587402 -0.01830398105084896 0.46287286281585693 55.590362548828125
0.41057494282722473 0.07577195018529892 0.908673107624054 4.293210983276367 -0.0515272356569767 0.9968768954277039 -0.0598449744284153 -0.19399034976959229 -0.910369873046875 -0.022250566631555557 0.41319698095321655 55.7512321472168
0.3604460060596466 0.0759044662117958 0.9296866655349731 4.756525039672852 -0.054784659296274185 0.9966856837272644 -0.060134246945381165 -0.21240055561065674 -0.931169867515564 -0.029257414862513542 0.3634098470211029 55.9127197265625
0.31045737862586975 0.07633639872074127 0.9475172758102417 5.217611312866211 -0.053110551089048386 0.9966062903404236 -0.06288941204547882 -0.2357083559036255 -0.9491024613380432 -0.030798688530921936 0.31345805525779724 56.049354553222656
0.2639569640159607 0.07274103909730911 0.9617876410484314 5.704222679138184 -0.04170859605073929 0.9970802664756775 -0.06396358460187912 -0.26956045627593994 -0.9636322855949402 -0.023231184110045433 0.26622018218040466 56.13176345825195
0.21949701011180878 0.06722164899110794 0.9732946157455444 6.218864440917969 -0.02804187871515751 0.9976459741592407 -0.06257952004671097 -0.292227566242218 -0.9752100706100464 -0.013556994497776031 0.22086533904075623 56.21259689331055
0.17698033154010773 0.0658322423696518 0.9820102453231812 6.74898624420166 -0.01944349706172943 0.9977996349334717 -0.06338656693696976 -0.3302273750305176 -0.9840222597122192 -0.00787553284317255 0.1778709441423416 56.28095245361328
0.1388847529888153 0.06753528118133545 0.9880030155181885 7.242805480957031 -0.016227327287197113 0.9976931214332581 -0.06591655313968658 -0.3510025143623352 -0.9901756048202515 -0.006877843756228685 0.1396603137254715 56.31438446044922
0.10634808242321014 0.0681600272655487 0.9919900298118591 7.785541534423828 -0.007605451624840498 0.9976743459701538 -0.0677352249622345 -0.3875253200531006 -0.9942999482154846 -0.0003410194767639041 0.10661911219358444 56.34321975708008
0.07768423855304718 0.06636254489421844 0.9947668313980103 8.349365234375 -0.000188393983989954 0.9977831244468689 -0.06654905527830124 -0.4233529567718506 -0.9969781041145325 0.0049824039451777935 0.07752451300621033 56.361488342285156
0.052777282893657684 0.06460952758789062 0.9965139627456665 8.924020767211914 0.006656940095126629 0.9978598356246948 -0.06504935771226883 -0.45899367332458496 -0.9985841512680054 0.0100668640807271 0.05223424732685089 56.37516403198242
0.032651420682668686 0.06409002095460892 0.9974098205566406 9.476461410522461 0.011709768325090408 0.9978488683700562 -0.06450159102678299 -0.4782973527908325 -0.9993982315063477 0.013785505667328835 0.03183070570230484 56.36980438232422
0.016723917797207832 0.0658750981092453 0.9976876974105835 10.064481735229492 0.01470861118286848 0.9977030754089355 -0.06612266600131989 -0.5059677362442017 -0.9997519850730896 0.015780432149767876 0.015716567635536194 56.36882781982422
0.003225017338991165 0.06542792916297913 0.9978520274162292 10.649331092834473 0.01477002538740635 0.9977453947067261 -0.06546865403652191 -0.5440980195999146 -0.9998857378959656 0.014949439093470573 0.00225137360394001 56.36149978637695
-0.008029736578464508 0.06655215471982956 0.9977505803108215 11.260351181030273 0.016002926975488663 0.997663676738739 -0.06641755998134613 -0.5778355598449707 -0.9998397827148438 0.015433616936206818 -0.009076006710529327 56.34530258178711
-0.01756022684276104 0.06925757974386215 0.9974442720413208 11.909019470214844 0.020847825333476067 0.997406542301178 -0.06888793408870697 -0.6170664429664612 -0.9996283650398254 0.019584860652685165 -0.018958553671836853 56.33838653564453
-0.023878512904047966 0.07117383182048798 0.9971780776977539 12.531045913696289 0.024961337447166443 0.9971939325332642 -0.0705772414803505 -0.6520796418190002 -0.999403178691864 0.02320561558008194 -0.025588098913431168 56.30788803100586
-0.028276413679122925 0.07053869217634201 0.9971082210540771 13.185309410095215 0.02516384981572628 0.9972411394119263 -0.06983449310064316 -0.6898855566978455 -0.9992833733558655 0.02311641350388527 -0.029973424971103668 56.28822326660156
-0.03195742890238762 0.06786979734897614 0.997182309627533 13.847990036010742 0.02348547987639904 0.9974673986434937 -0.06713653355836868 -0.7219158411026001 -0.9992133378982544 0.021273793652653694 -0.03347044065594673 56.270233154296875
-0.03478548675775528 0.0610472597181797 0.9975285530090332 14.544824600219727 0.020987821742892265 0.9979572296142578 -0.060341596603393555 -0.7631136775016785 -0.9991743564605713 0.018836939707398415 -0.03599567711353302 56.25654602050781
-0.03581492230296135 0.055546436458826065 0.9978135824203491 15.231827735900879 0.02238692343235016 0.9982481598854065 -0.05476709082722664 -0.7965787053108215 -0.9991075992584229 0.020376499742269516 -0.036995694041252136 56.22754669189453
-0.03635139763355255 0.05287577956914902 0.9979392886161804 15.909496307373047 0.0246728528290987 0.9983423352241516 -0.05199838802218437 -0.8309108018875122 -0.9990343451499939 0.02273179590702057 -0.03759574145078659 56.201473236083984
-0.0364389643073082 0.055210210382938385 0.997809648513794 16.61859893798828 0.028112709522247314 0.9981340765953064 -0.05420152097940445 -0.8702805042266846 -0.9989403486251831 0.02607608400285244 -0.037923093885183334 56.179443359375
-0.03518446907401085 0.06290991604328156 0.997398853302002 17.33253288269043 0.02906794287264347 0.997658908367157 -0.06190091371536255 -0.8959692120552063 -0.9989579319953918 0.026814378798007965 -0.03693076968193054 56.146759033203125
-0.033278610557317734 0.07070206105709076 0.9969423413276672 18.03961753845215 0.03016980178654194 0.9971111416816711 -0.0697069764137268 -0.9383103847503662 -0.9989906549453735 0.02775779739022255 -0.03531553968787193 56.123321533203125
-0.03130178153514862 0.07131066918373108 0.99696284532547 18.758018493652344 0.0310946274548769 0.9970383048057556 -0.07033977657556534 -0.9749702215194702 -0.9990261793136597 0.028798429295420647 -0.033426448702812195 56.107479095458984
-0.028930500149726868 0.06692522019147873 0.9973384737968445 19.49700164794922 0.03037199191749096 0.9973542094230652 -0.06604525446891785 -1.0187153816223145 -0.9991199374198914 0.028380434960126877 -0.030886612832546234 56.0849494934082
-0.026291493326425552 0.060466665774583817 0.99782395362854 20.233667373657227 0.030094021931290627 0.9977644085884094 -0.059670113027095795 -1.0607357025146484 -0.9992011785507202 0.028459720313549042 -0.02805240824818611 56.066280364990234
-0.023677237331867218 0.05923159793019295 0.9979634284973145 20.99419593811035 0.028264548629522324 0.9978839159011841 -0.05855628475546837 -1.1026077270507812 -0.9993200302124023 0.026820534840226173 -0.025301292538642883 56.05550003051758
-0.020380543544888496 0.06465837359428406 0.9976993799209595 21.719240188598633 0.035929471254348755 0.9973093867301941 -0.06389915198087692 -1.145034909248352 -0.9991464018821716 0.03454451262950897 -0.022648848593235016 56.03546905517578
-0.016946008428931236 0.06995395570993423 0.9974063038825989 22.456249237060547 0.03789727762341499 0.9968776702880859 -0.06927299499511719 -1.1898694038391113 -0.9991379380226135 0.036625079810619354 -0.019544163718819618 56.01728820800781
-0.014469007030129433 0.0709831565618515 0.997372567653656 23.191938400268555 0.031588148325681686 0.997011661529541 -0.07049919664859772 -1.2275681495666504 -0.9993962645530701 0.03048509918153286 -0.016667991876602173 56.016029357910156
-0.011585717089474201 0.06739792972803116 0.997658908367157 23.945993423461914 0.026895826682448387 0.9973858594894409 -0.06706715375185013 -1.276149034500122 -0.9995711445808411 0.02605583518743515 -0.013368154875934124 56.027713775634766
-0.006704439874738455 0.06332895159721375 0.9979701042175293 24.706212997436523 0.03114912286400795 0.9975215196609497 -0.0630912110209465 -1.3325884342193604 -0.9994922280311584 0.0306628979742527 -0.00866046454757452 56.01434326171875
-0.0030490735080093145 0.06401333957910538 0.9979442954063416 25.444116592407227 0.03569866716861725 0.9973198175430298 -0.06386420875787735 -1.3820925951004028 -0.9993579387664795 0.035430558025836945 -0.0053260913118720055 56.00382995605469
-0.0008688438683748245 0.06826351583003998 0.9976670145988464 26.176822662353516 0.03541531041264534 0.9970435500144958 -0.06819002330303192 -1.4317797422409058 -0.9993723630905151 0.035273440182209015 -0.0032838494516909122 56.01665115356445
0.00351137388497591 0.06983352452516556 0.9975524544715881 26.94068145751953 0.03152690455317497 0.9970549941062927 -0.06990965455770493 -1.4685970544815063 -0.9994967579841614 0.03169521316885948 0.0012993981363251805 56.02095413208008
0.007421107031404972 0.06934967637062073 0.9975648522377014 27.691919326782227 0.030930647626519203 0.9970990419387817 -0.0695473775267601 -1.5151934623718262 -0.9994940161705017 0.03137144073843956 0.005254549905657768 56.02911376953125
0.011027714237570763 0.06574882566928864 0.9977752566337585 28.433988571166992 0.03492877259850502 0.997201681137085 -0.06609705835580826 -1.568787693977356 -0.9993289709091187 0.035579971969127655 0.008700329810380936 56.03353500366211
0.014501187019050121 0.06668220460414886 0.9976688623428345 29.193971633911133 0.03920123353600502 0.996968686580658 -0.06720520555973053 -1.6176793575286865 -0.9991260766983032 0.04008440673351288 0.011843204498291016 56.040042877197266
0.017919303849339485 0.06768068671226501 0.9975460767745972 29.938194274902344 0.04238637909293175 0.9967578649520874 -0.06838862597942352 -1.663846492767334 -0.9989405870437622 0.04350784793496132 0.014992471784353256 56.05487060546875
0.020713940262794495 0.06756842881441116 0.9974995851516724 30.69291877746582 0.04240911826491356 0.9967562556266785 -0.06839872151613235 -1.7104260921478271 -0.9988855719566345 0.04371988773345947 0.017781231552362442 56.068355560302734
0.024042852222919464 0.06605727970600128 0.9975261092185974 31.443195343017578 0.04401219263672829 0.9967771768569946 -0.06706849485635757 -1.7584452629089355 -0.9987416863441467 0.04551582410931587 0.021058043465018272 56.095638275146484
0.027669481933116913 0.06512755155563354 0.9974933862686157 32.19697189331055 0.045546747744083405 0.9967567920684814 -0.06634291261434555 -1.8098371028900146 -0.9985789656639099 0.04726824909448624 0.0246133990585804 56.11043930053711
0.03034205734729767 0.06568881869316101 0.9973787069320679 32.9452018737793 0.04383654519915581 0.9967906475067139 -0.0669836699962616 -1.8506908416748047 -0.998577892780304 0.04575406387448311 0.02736510895192623 56.14327621459961
0.033538807183504105 0.06726513803005219 0.9971712827682495 33.70692825317383 0.04058663919568062 0.9968178272247314 -0.0686064064502716 -1.9005415439605713 -0.9986130595207214 0.0427728109061718 0.0307020153850317 56.17257308959961
0.03627780079841614 0.06740306317806244 0.9970661401748657 34.45599365234375 0.042397938668727875 0.9967206120491028 -0.06892235577106476 -1.9456007480621338 -0.9984419345855713 0.0447738952934742 0.033301085233688354 56.20036315917969
0.0392339862883091 0.06731849163770676 0.9969599843025208 35.22488021850586 0.040570300072431564 0.9967979192733765 -0.06890416890382767 -1.9920554161071777 -0.9984061121940613 0.043150339275598526 0.036377232521772385 56.230960845947266
0.04158215597271919 0.06741830706596375 0.9968579411506653 35.98046112060547 0.03905639052391052 0.9968485236167908 -0.06904685497283936 -2.0412566661834717 -0.9983714818954468 0.04180478677153587 0.03881799429655075 56.267581939697266
0.04406946524977684 0.06748371571302414 0.9967467188835144 36.7426872253418 0.036020442843437195 0.9969598054885864 -0.06909075379371643 -2.09232234954834 -0.9983789920806885 0.03894804045557976 0.041504696011543274 56.3131217956543
0.04694565385580063 0.06931720674037933 0.9964894652366638 37.5042610168457 0.034712549299001694 0.9968734979629517 -0.0709792748093605 -2.142956018447876 -0.9982941150665283 0.03792285546660423 0.04439270496368408 56.35935974121094
0.05020379275083542 0.07276655733585358 0.9960847496986389 38.271507263183594 0.032967329025268555 0.9966780543327332 -0.07447151839733124 -2.1955063343048096 -0.9981947541236877 0.0365770049393177 0.04763810709118843 56.40084457397461
0.05415361374616623 0.0750059261918068 0.9957115650177002 39.04520797729492 0.03323441371321678 0.9964869022369385 -0.0768718495965004 -2.2467589378356934 -0.9979793429374695 0.037254784256219864 0.05147058144211769 56.438018798828125
0.057103391736745834 0.07693775743246078 0.9953992962837219 39.81420135498047 0.027483109384775162 0.9965271949768066 -0.07860155403614044 -2.302009344100952 -0.9979898929595947 0.031845081597566605 0.054790593683719635 56.491512298583984
0.05905809998512268 0.07627743482589722 0.9953360557556152 40.59547424316406 0.0235527865588665 0.9966923594474792 -0.07777886092662811 -2.355802536010742 -0.9979766607284546 0.028036411851644516 0.05706621706485748 56.559452056884766
0.06276329606771469 0.0769185721874237 0.9950600862503052 41.355857849121094 0.026010800153017044 0.9965610504150391 -0.07867522537708282 -2.408574342727661 -0.9976893663406372 0.030820226296782494 0.060546744614839554 56.60955810546875
0.06631729751825333 0.07806671410799026 0.9947400093078613 42.13567352294922 0.025314340367913246 0.9964821338653564 -0.07989107817411423 -2.466623306274414 -0.9974772930145264 0.030479345470666885 0.06410778313875198 56.6662712097168
0.07023738324642181 0.07927601784467697 0.9943752884864807 42.922916412353516 0.021673543378710747 0.9964804649353027 -0.0809747725725174 -2.517167568206787 -0.9972947239875793 0.02723909169435501 0.06827200204133987 56.73064041137695
0.07462779432535172 0.0769873633980751 0.9942352175712585 43.72486877441406 0.020535141229629517 0.9966853857040405 -0.07871846854686737 -2.577700138092041 -0.9970000386238098 0.026291340589523315 0.07279947400093079 56.792903900146484
0.07933676987886429 0.07675686478614807 0.9938883781433105 44.52024459838867 0.0202073585242033 0.9967024326324463 -0.07858723402023315 -2.6478662490844727 -0.9966430068016052 0.02631871961057186 0.0775240957736969 56.858612060546875
0.08470408618450165 0.08032873272895813 0.9931629300117493 45.3147087097168 0.01693488284945488 0.9964851140975952 -0.08204174786806107 -2.7054758071899414 -0.99626225233078 0.023768369108438492 0.08304600417613983 56.93011474609375
0.09009063988924026 0.08874395489692688 0.9919717907905579 46.10692596435547 0.014663271605968475 0.9957959651947021 -0.0904177650809288 -2.7700345516204834 -0.9958255290985107 0.02269134856760502 0.0884106233716011 57.02592468261719
0.09734422713518143 0.09365714341402054 0.9908342361450195 46.89788055419922 0.013483230024576187 0.9953468441963196 -0.0954083651304245 -2.833616256713867 -0.9951593279838562 0.02264709770679474 0.09562847763299942 57.11227035522461
0.10481798648834229 0.09656604379415512 0.989791989326477 47.69710922241211 0.008955012075603008 0.9951425194740295 -0.09803636372089386 -2.9039556980133057 -0.9944510459899902 0.019139576703310013 0.10344407707452774 57.190181732177734
0.11186383664608002 0.09499749541282654 0.9891723394393921 48.51388931274414 0.005281442776322365 0.9953491687774658 -0.09618797153234482 -2.97210693359375 -0.9937095642089844 0.01598421111702919 0.11084184050559998 57.29648208618164
0.11933673918247223 0.09326303750276566 0.9884637594223022 49.32658386230469 0.004879343789070845 0.9955112338066101 -0.0945170521736145 -3.0468943119049072 -0.992841899394989 0.016102416440844536 0.11834600567817688 57.39969253540039
0.12718406319618225 0.08941515535116196 0.9878406524658203 50.15267562866211 0.00477079302072525 0.9958617091178894 -0.09075543284416199 -3.1217119693756104 -0.9918676018714905 0.01625543273985386 0.12623117864131927 57.50530242919922
0.13442565500736237 0.08412189781665802 0.9873465299606323 50.96123504638672 0.0030477121472358704 0.9963502287864685 -0.08530395478010178 -3.1863439083099365 -0.9909189939498901 0.014476188458502293 0.13367865979671478 57.62225341796875
0.14119912683963776 0.07706692814826965 0.9869769215583801 51.7817497253418 0.0005097652901895344 0.9969595074653625 -0.07791933417320251 -3.2464609146118164 -0.9899811148643494 0.011505267582833767 0.14073053002357483 57.758644104003906
0.14876672625541687 0.07424929738044739 0.9860809445381165 52.58735275268555 0.0007054322632029653 0.9971688389778137 -0.07519063353538513 -3.310284376144409 -0.9888721108436584 0.01188147533684969 0.14829319715499878 57.88764572143555
0.15626204013824463 0.0760985016822815 0.9847797751426697 53.39087677001953 0.0007413234561681747 0.9970183372497559 -0.07716185599565506 -3.37119460105896 -0.9877154231071472 0.012787510640919209 0.1557396948337555 58.01918029785156
