1.0 0.0 0.0 0.0 0.0 1.0 0.0 0.0 0.0 0.0 1.0 0.0
1.0 -5.1065057050436735e-05 0.00011740216723410413 -0.01460786908864975 5.089591650175862e-05 0.9999989867210388 0.0014402669621631503 -0.012579856440424919 -0.00011747558892238885 -0.0014402609085664153 0.999998927116394 1.3157137632369995
0.9999985098838806 -0.001611568033695221 -0.000663969898596406 -0.010832387022674084 0.0016127201961353421 0.9999971985816956 0.001738405553624034 -0.03861396014690399 0.0006611665012314916 -0.0017394740134477615 0.9999982714653015 2.617624521255493
0.9999958276748657 -0.0028027703519910574 -0.0006564671639353037 -0.01572519727051258 0.0028032197151333094 0.9999958276748657 0.0006846091127954423 -0.05387454852461815 0.0006545456708408892 -0.0006864465540274978 0.999999463558197 3.929840564727783
0.9999950528144836 -0.003053693100810051 -0.0006456624832935631 -0.02472621202468872 0.003054188098758459 0.9999949932098389 0.0007667709141969681 -0.07179747521877289 0.0006433177622966468 -0.0007687390316277742 0.999999463558197 5.255873203277588
0.9999934434890747 -0.0035715934354811907 -0.0006330408505164087 -0.024830564856529236 0.0035726462956517935 0.9999922513961792 0.0016699073603376746 -0.09746526181697845 0.0006270716548897326 -0.001672157784923911 0.9999983906745911 6.57244873046875
0.9999871253967285 -0.005065099336206913 -0.0003291659231763333 -0.03223440423607826 0.005065954755991697 0.9999837279319763 0.0026487514842301607 -0.11064726114273071 0.0003157443425152451 -0.0026503847911953926 0.9999964833259583 7.896974086761475
0.9999892115592957 -0.004630723502486944 -0.0003451778902672231 -0.03912407532334328 0.004631873685866594 0.9999834299087524 0.0034092210698872805 -0.13507495820522308 0.00032938504591584206 -0.0034107835963368416 0.9999940991401672 9.235259056091309
0.9999937415122986 -0.003497686004266143 -0.0004979424411430955 -0.05011165887117386 0.003498425707221031 0.999992847442627 0.001493917778134346 -0.15156830847263336 0.0004927135887555778 -0.001495650503784418 0.9999988675117493 10.580972671508789
0.9999987483024597 -0.0013554302277043462 -0.0008644902845844626 -0.05151597037911415 0.0013550951844081283 0.9999990463256836 -0.00038741808384656906 -0.17432375252246857 0.0008650146191939712 0.0003862460143864155 0.9999995827674866 11.935770988464355
0.9999970197677612 0.002403329825028777 -0.0004224904696457088 -0.07510118186473846 -0.0024038893170654774 0.9999962449073792 -0.0013299043057486415 -0.2021530270576477 0.00041929256985895336 0.0013309160713106394 0.9999990463256836 13.240988731384277
0.9999883770942688 0.004777293652296066 -0.0006096782744862139 -0.08584955334663391 -0.004778201691806316 0.9999874234199524 -0.0014962827553972602 -0.22422923147678375 0.000602522399276495 0.0014991785865277052 0.9999987483024597 14.580634117126465
0.9999833106994629 0.005777100101113319 -7.313116657314822e-05 -0.10235335677862167 -0.005777132697403431 0.9999831914901733 -0.0004504965618252754 -0.24782317876815796 7.05273705534637e-05 0.00045091152423992753 0.9999998807907104 15.926370620727539
0.9999945163726807 0.003296301933005452 0.00011409036233089864 -0.1033916026353836 -0.0032965652644634247 0.9999915957450867 0.002387974178418517 -0.2677000164985657 -0.00010621795081533492 -0.00238833692856133 0.9999971389770508 17.282346725463867
0.9999993443489075 -0.001102906302548945 9.751704783411697e-05 -0.09742456674575806 0.0011024805717170238 0.9999902844429016 0.0042660413309931755 -0.29136794805526733 -0.00010222121636616066 -0.004265930969268084 0.9999908804893494 18.653188705444336
0.9999942183494568 -0.003401508554816246 0.00010507857950869948 -0.10654245316982269 0.0034013031981885433 0.9999925494194031 0.0019008491653949022 -0.3054119348526001 -0.00011154354433529079 -0.0019004809437319636 0.999998152256012 19.978782653808594
0.9999911189079285 -0.004227428697049618 0.00013692596985492855 -0.11852341145277023 0.004227413330227137 0.9999909996986389 0.00011417653877288103 -0.3236966133117676 -0.00013740741997025907 -0.00011359655763953924 1.0 21.324180603027344
0.9999971389770508 -0.0019820965826511383 0.001402251305989921 -0.13873423635959625 0.0019838984590023756 0.9999971985816956 -0.0012840949930250645 -0.3492330014705658 -0.0013997021596878767 0.001286873361095786 0.9999982118606567 22.676355361938477
0.9999979734420776 0.0010749108623713255 0.0017102033598348498 -0.13287144899368286 -0.0010755808325484395 0.9999993443489075 0.00039070480852387846 -0.3703555762767792 -0.0017097824020311236 -0.00039254347211681306 0.9999984502792358 24.043426513671875
0.9999961256980896 0.0016852013068273664 0.002222368959337473 -0.1362834870815277 -0.0016938616754487157 0.9999909996986389 0.003900904906913638 -0.387690007686615 -0.0022157749626785517 -0.0039046541787683964 0.999989926815033 25.423736572265625
0.9999949932098389 -0.0006636322941631079 0.0030965483747422695 -0.14392545819282532 0.0006451092194765806 0.9999818801879883 0.00597906019538641 -0.4030110836029053 -0.003100460162386298 -0.005977032706141472 0.9999774098396301 26.792226791381836
0.9999806880950928 -0.005914009176194668 0.0019094349117949605 -0.122134730219841 0.0059059057384729385 0.9999736547470093 0.004222134128212929 -0.4258785843849182 -0.0019343543099239469 -0.004210775718092918 0.9999892711639404 28.189899444580078
0.999981701374054 -0.005675766617059708 0.0020691966637969017 -0.12662476301193237 0.0056711905635893345 0.9999814629554749 0.002210332779213786 -0.44102296233177185 -0.0020817036274820566 -0.002198557136580348 0.9999954104423523 29.564075469970703
0.9999744296073914 -0.0065796030685305595 0.002798839472234249 -0.13355109095573425 0.006581078749150038 0.9999781847000122 -0.0005183935863897204 -0.4633805751800537 -0.0027953677345067263 0.0005367996054701507 0.9999959468841553 30.936344146728516
0.9999884366989136 -0.0032469190191477537 0.003565208986401558 -0.14618359506130219 0.0032504573464393616 0.999994158744812 -0.0009869318455457687 -0.488541841506958 -0.003561984049156308 0.00099850888364017 0.9999932050704956 32.31359100341797
0.9999898672103882 -0.002523726550862193 0.003735411213710904 -0.143331378698349 0.0025361001025885344 0.9999912977218628 -0.0033114736434072256 -0.5120041370391846 -0.003727022325620055 0.0033209132961928844 0.9999875426292419 33.6999397277832
0.9999910593032837 -0.0018541620811447501 0.003799005411565304 -0.14174522459506989 0.0018644194351509213 0.9999946355819702 -0.002698278985917568 -0.5343773365020752 -0.003793981159105897 0.0027053379453718662 0.9999891519546509 35.091827392578125
0.9999918341636658 -0.0011280685430392623 0.0038805166259407997 -0.1548619419336319 0.0011348836123943329 0.9999977946281433 -0.0017544976435601711 -0.5571730136871338 -0.0038785289507359266 0.0017588876653462648 0.9999909400939941 36.48196792602539
0.9999937415122986 0.0001558517396915704 0.0035469746217131615 -0.1604718565940857 -0.00015627899847459048 0.9999999403953552 0.0001201556297019124 -0.5827714204788208 -0.003546955995261669 -0.00012070918455719948 0.9999937415122986 37.881290435791016
0.9999907612800598 0.0027684199158102274 0.003293205052614212 -0.15843957662582397 -0.002769721206277609 0.9999960660934448 0.00039083065348677337 -0.6102597713470459 -0.0032921095844358206 -0.00039994833059608936 0.9999944567680359 39.296695709228516
0.9999785423278809 0.005343172699213028 0.003801339538767934 -0.1724078357219696 -0.005342982709407806 0.9999856352806091 -6.0152349760755897e-05 -0.6301748752593994 -0.0038016068283468485 3.9840611862018704e-05 0.9999927878379822 40.68670654296875
0.9999670386314392 0.007263510022312403 0.0036323152016848326 -0.17142964899539948 -0.007264557760208845 0.9999735951423645 0.000275484228041023 -0.650528609752655 -0.003630218096077442 -0.00030186231015250087 0.9999933838844299 42.10911560058594
0.9999631643295288 0.007929742336273193 0.003301692195236683 -0.17454448342323303 -0.007930487394332886 0.9999685287475586 0.00021241710055619478 -0.6714465022087097 -0.003299903590232134 -0.00023859333305153996 0.9999945163726807 43.50920486450195
0.9999704360961914 0.0071331714279949665 0.0028496114537119865 -0.1777072697877884 -0.007133718580007553 0.9999745488166809 0.0001823117636376992 -0.6985087394714355 -0.002848238218575716 -0.00020263470651116222 0.9999959468841553 44.92981719970703
0.9999777674674988 0.0062859938479959965 0.0022180485539138317 -0.17841187119483948 -0.006285536102950573 0.9999802708625793 -0.00021376501535996795 -0.7194592356681824 -0.0022193484473973513 0.0001998186344280839 0.9999975562095642 46.32387161254883
0.9999839067459106 0.0055679501965641975 0.0010280896676704288 -0.17932844161987305 -0.005567942280322313 0.9999845027923584 -1.0070257303596009e-05 -0.7428746819496155 -0.0010281294817104936 4.345723027654458e-06 0.9999994039535522 47.7423210144043
0.9999828934669495 0.005844107363373041 -5.0162896513938904e-05 -0.1830473244190216 -0.005844052415341139 0.9999824166297913 0.001027615275233984 -0.7620989680290222 5.616771522909403e-05 -0.0010273046791553497 0.999999463558197 49.170040130615234
0.999979555606842 0.006281616166234016 -0.001188598689623177 -0.18963505327701569 -0.0062805828638374805 0.9999799132347107 0.00087189074838534 -0.7877833843231201 0.0011940515832975507 -0.000864407978951931 0.999998927116394 50.58115005493164
0.9999750256538391 0.006662838160991669 -0.0023492551408708096 -0.20432761311531067 -0.00665958970785141 0.9999769330024719 0.0013875144068151712 -0.8071267008781433 0.002358445432037115 -0.001371834659948945 0.9999962449073792 51.999881744384766
0.9999738335609436 0.0063957152888178825 -0.003362509422004223 -0.2165219485759735 -0.006388131994754076 0.9999769926071167 0.002260875888168812 -0.8313106894493103 0.0033768927678465843 -0.0022393364924937487 0.999991774559021 53.42988967895508
0.9999796152114868 0.005136565305292606 -0.003801429644227028 -0.2294985055923462 -0.005124066956341267 0.9999814629554749 0.0032902169041335583 -0.8520456552505493 0.0038182600401341915 -0.003270670771598816 0.9999873638153076 54.867958068847656
0.9999845623970032 0.0032270916271954775 -0.00452795997262001 -0.24166443943977356 -0.0032110472675412893 0.9999885559082031 0.0035462602972984314 -0.8734970092773438 0.00453935144469142 -0.0035316660068929195 0.9999834299087524 56.29332733154297
0.9999886751174927 0.00040396719123236835 -0.0047353641130030155 -0.26160928606987 -0.00039012375054880977 0.9999956488609314 0.002923995489254594 -0.8946982026100159 0.004736524540930986 -0.0029221156146377325 0.9999845027923584 57.684104919433594
0.9999872446060181 -0.0005798382335342467 -0.005028802435845137 -0.27298298478126526 0.0005963422008790076 0.9999943971633911 0.0032810012344270945 -0.9141849875450134 0.005026872735470533 -0.003283957950770855 0.9999819993972778 59.10942077636719
0.9999880790710449 -0.002086478751152754 -0.004419677425175905 -0.28290215134620667 0.00210366933606565 0.9999902248382568 0.0038883909583091736 -0.935458242893219 0.004411520902067423 -0.0038976415526121855 0.9999826550483704 60.543724060058594
0.9999867081642151 -0.003460745560005307 -0.0038476604968309402 -0.29302892088890076 0.003479073056951165 0.9999825954437256 0.004766808822751045 -0.9540709257125854 0.0038310971576720476 -0.004780129995197058 0.9999812245368958 61.97362518310547
0.9999843835830688 -0.004603848792612553 -0.0031709976028651 -0.31345316767692566 0.004617923870682716 0.999979555606842 0.0044458950869739056 -0.9809846878051758 0.003150464268401265 -0.004460468888282776 0.9999850988388062 63.37223815917969
0.9999809861183167 -0.00567071046680212 -0.002440364332869649 -0.32743698358535767 0.005679641850292683 0.999977171421051 0.0036688426043838263 -0.99797123670578 0.0024195038713514805 -0.0036826333962380886 0.9999902844429016 64.78507995605469
0.9999793767929077 -0.006016293540596962 -0.002233331324532628 -0.3260669708251953 0.00602381955832243 0.9999761581420898 0.00337882898747921 -1.024359941482544 0.002212950261309743 -0.0033922125585377216 0.999991774559021 66.19055938720703
0.9999867081642151 -0.004978399258106947 -0.0013723894953727722 -0.33433547616004944 0.004982822109013796 0.9999823570251465 0.003238419070839882 -1.0405821800231934 0.0013562437379732728 -0.00324521423317492 0.9999937415122986 67.62175750732422
0.9999983310699463 -0.001636787666939199 -0.0008248427766375244 -0.35402610898017883 0.0016404269263148308 0.9999887943267822 0.004431082867085934 -1.0605933666229248 0.0008175806142389774 -0.004432428628206253 0.9999898076057434 68.99604797363281
0.9999987483024597 0.0015819455729797482 0.0001320500741712749 -0.37183529138565063 -0.001582666183821857 0.9999828338623047 0.0056488667614758015 -1.0810611248016357 -0.00012311158934608102 -0.00564906932413578 0.9999840259552002 70.39604949951172
0.9999850988388062 0.005371558479964733 0.0008777396869845688 -0.38062649965286255 -0.005377064924687147 0.9999650716781616 0.006396688520908356 -1.1020097732543945 -0.000843348796479404 -0.006401313468813896 0.9999791383743286 71.78763580322266
0.9999552369117737 0.009348181076347828 0.0014217612333595753 -0.3954623341560364 -0.009356684051454067 0.9999375939369202 0.006096065044403076 -1.1196365356445312 -0.0013646853622049093 -0.006109095178544521 0.9999804496765137 73.18254852294922
0.9999135136604309 0.012989879585802555 0.0020632317755371332 -0.4059082269668579 -0.013000661507248878 0.9999014139175415 0.005301401484757662 -1.1392093896865845 -0.0019941639620810747 -0.005327767226845026 0.9999838471412659 74.59163665771484
0.9998891353607178 0.014631704427301884 0.002758213086053729 -0.41387712955474854 -0.014646260999143124 0.999878466129303 0.005334585905075073 -1.1594905853271484 -0.002679823897778988 -0.005374391563236713 0.9999819397926331 75.97319030761719
0.9998908638954163 0.014484137296676636 0.0028881041798740625 -0.41682326793670654 -0.014500495977699757 0.999878466129303 0.005726423114538193 -1.176771879196167 -0.0028048111125826836 -0.005767677444964647 0.9999794363975525 77.37696838378906
0.999899685382843 0.013795983046293259 0.0031882470939308405 -0.4262751042842865 -0.013812882825732231 0.9998902678489685 0.005340125877410173 -1.1967252492904663 -0.003114225110039115 -0.00538362842053175 0.999980628490448 78.75416564941406
0.999920666217804 0.012257982045412064 0.0029329753015190363 -0.4281854033470154 -0.012271340005099773 0.9999141693115234 0.004579659551382065 -1.2167911529541016 -0.002876586513593793 -0.004615286365151405 0.9999851584434509 80.13925170898438
0.99992835521698 0.011691631749272346 0.0025366335175931454 -0.4303433895111084 -0.011703208088874817 0.9999209046363831 0.004597142338752747 -1.2363252639770508 -0.002482684561982751 -0.004626499488949776 0.9999862313270569 81.51704406738281
0.999930202960968 0.011584640480577946 0.0023284098133444786 -0.43500134348869324 -0.011595463380217552 0.9999217987060547 0.004689159337431192 -1.2552235126495361 -0.0022739055566489697 -0.004715831018984318 0.9999862909317017 82.89109802246094
0.9999383091926575 0.011014065705239773 0.0013946274993941188 -0.4268155097961426 -0.011019732803106308 0.9999307990074158 0.004122430458664894 -1.2719093561172485 -0.0013491258723661304 -0.004137545358389616 0.9999905228614807 84.2662124633789
0.9999364018440247 0.011241592466831207 0.0009321983088739216 -0.445586621761322 -0.011245636269450188 0.9999268651008606 0.004452334716916084 -1.287156581878662 -0.0008820788352750242 -0.004462534561753273 0.9999896287918091 85.62355041503906
0.9999405741691589 0.010902890004217625 -0.00017826994007918984 -0.444865882396698 -0.010901786386966705 0.9999263882637024 0.005327064543962479 -1.3086307048797607 0.00023633723321836442 -0.005324804689735174 0.9999857544898987 86.9826889038086
0.999962568283081 0.008569737896323204 -0.0012316384818404913 -0.4546097218990326 -0.008561947382986546 0.9999441504478455 0.0061980863101780415 -1.3243541717529297 0.0012846856843680143 -0.0061873081140220165 0.9999800324440002 88.3928451538086
0.9999752640724182 0.006525921169668436 -0.0026139391120523214 -0.45606255531311035 -0.006507860030978918 0.9999552369117737 0.0068597011268138885 -1.3498218059539795 0.0026585878804326057 -0.0068425205536186695 0.9999729990959167 89.73491668701172
0.9999861717224121 0.003695665393024683 -0.0037368808407336473 -0.4592939615249634 -0.003668892662972212 0.9999677538871765 0.007146090269088745 -1.369102954864502 0.0037631706800311804 -0.007132281549274921 0.9999674558639526 91.10391235351562
0.9999868869781494 0.0029884078539907932 -0.004154595080763102 -0.4716835021972656 -0.0029614081140607595 0.9999746084213257 0.00648981798440218 -1.3833613395690918 0.004173883702605963 -0.006477430462837219 0.9999702572822571 92.47481536865234
0.999988853931427 0.002069676760584116 -0.004223261959850788 -0.4822341799736023 -0.0020443559624254704 0.9999799728393555 0.005991047248244286 -1.4013750553131104 0.004235576372593641 -0.005982346832752228 0.9999731183052063 93.81208038330078
0.9999877214431763 0.002085343236103654 -0.004480114206671715 -0.493261456489563 -0.0020614778622984886 0.9999837279319763 0.005324989091604948 -1.4175262451171875 0.004491145256906748 -0.005315688438713551 0.9999758005142212 95.18617248535156
0.9999885559082031 0.0021513430401682854 -0.004277507774531841 -0.5114893317222595 -0.002130948705598712 0.9999862909317017 0.004766908474266529 -1.4371018409729004 0.004287704825401306 -0.004757738206535578 0.9999794960021973 96.54423522949219
0.9999880790710449 0.0024836547672748566 -0.004211084451526403 -0.5268071889877319 -0.002465090248733759 0.9999872446060181 0.004407887347042561 -1.4595186710357666 0.004221978597342968 -0.004397454671561718 0.9999814033508301 97.88611602783203
0.99998539686203 0.004192311316728592 -0.0034142425283789635 -0.5468887090682983 -0.004176701884716749 0.9999808073043823 0.00456606037914753 -1.4794899225234985 0.0034333192743360996 -0.004551733378320932 0.9999836683273315 99.2181625366211
0.9999856352806091 0.004519471433013678 -0.002906347159296274 -0.5658045411109924 -0.004500551149249077 0.9999688863754272 0.006483560428023338 -1.5021326541900635 0.0029355583246797323 -0.006470385938882828 0.9999747276306152 100.55018615722656
0.9999794960021973 0.005619566887617111 -0.0030800371896475554 -0.5760663747787476 -0.005596961360424757 0.9999576807022095 0.007299518212676048 -1.5146417617797852 0.0031209266744554043 -0.00728212995454669 0.9999685287475586 101.90388488769531
0.9999842643737793 0.004903780296444893 -0.002736791269853711 -0.5901972651481628 -0.0048872362822294235 0.9999698996543884 0.006019634194672108 -1.529097080230713 0.002766227815300226 -0.006006163079291582 0.9999780654907227 103.23932647705078
0.9999811053276062 0.005608703009784222 -0.0025169397704303265 -0.6053887605667114 -0.005599647294729948 0.9999778866767883 0.0035910261794924736 -1.5504744052886963 0.002537025138735771 -0.0035768644884228706 0.9999904036521912 104.5401611328125
0.9999856948852539 0.004719018470495939 -0.002523987088352442 -0.6133529543876648 -0.00471332436427474 0.9999863505363464 0.002257120329886675 -1.5645029544830322 0.0025346039328724146 -0.002245191950351 0.9999943375587463 105.8963394165039
0.9999931454658508 0.002481164177879691 -0.0027281425427645445 -0.6210383176803589 -0.0024711184669286013 0.9999901652336121 0.003679468994960189 -1.5888949632644653 0.002737244823947549 -0.00367270247079432 0.9999895095825195 107.20905303955078
0.9999979138374329 4.8003562369558495e-06 -0.0020391622092574835 -0.6314742565155029 6.597944775421638e-06 0.9999843835830688 0.005589742213487625 -1.6042512655258179 0.0020391568541526794 -0.005589744076132774 0.9999822974205017 108.55176544189453
0.9999985098838806 -0.0012501503806561232 -0.0011869880836457014 -0.6359748840332031 0.0012573606800287962 0.999980628490448 0.00609325198456645 -1.6205604076385498 0.0011793477460741997 -0.006094735115766525 0.9999806880950928 109.88582611083984
0.9999971389770508 -0.002284848131239414 -0.000661280588246882 -0.6392248868942261 0.002288089832291007 0.9999851584434509 0.004943761974573135 -1.639021635055542 0.0006499751470983028 -0.004945261403918266 0.9999876022338867 111.2038345336914
0.9999998807907104 -0.0003429794742260128 0.00040099251782521605 -0.6541759967803955 0.0003419412241782993 0.9999966025352478 0.0025862264446914196 -1.6607539653778076 -0.0004018781764898449 -0.0025860893074423075 0.9999966025352478 112.5352554321289
0.9999969601631165 0.0016907990211620927 0.0018116631545126438 -0.6616668701171875 -0.0016915331361815333 0.9999985694885254 0.00040393066592514515 -1.6788592338562012 -0.0018109774682670832 -0.00040699378587305546 0.9999983310699463 113.8802261352539
0.9999806880950928 0.005326515529304743 0.003209369722753763 -0.6742886304855347 -0.005327673628926277 0.9999856948852539 0.0003522119368426502 -1.7000652551651 -0.0032074477057904005 -0.0003693036560434848 0.9999947547912598 115.1916275024414
0.9999701976776123 0.006318714935332537 0.0044458406046032906 -0.674348771572113 -0.006328960880637169 0.9999772906303406 0.002294377889484167 -1.7207101583480835 -0.004431241657584906 -0.0023224467877298594 0.9999874830245972 116.5450668334961
0.9999597668647766 0.006656105630099773 0.006005788687616587 -0.6844274997711182 -0.0066836210899055 0.9999672174453735 0.004573200363665819 -1.7445765733718872 -0.005975150503218174 -0.004613156896084547 0.9999715089797974 117.86186981201172
0.999954104423523 0.006295021623373032 0.0072226193733513355 -0.6857883930206299 -0.006330852396786213 0.9999678134918213 0.004948735702782869 -1.75807523727417 -0.007191234268248081 -0.004994234070181847 0.9999616742134094 119.20133972167969
0.9999479055404663 0.006516757886856794 0.007857819087803364 -0.6821545362472534 -0.006550924386829138 0.9999691843986511 0.004330126568675041 -1.772578239440918 -0.00782935880124569 -0.004381377249956131 0.9999597668647766 120.5510482788086
0.9999275207519531 0.008036348037421703 0.008963013999164104 -0.6723225116729736 -0.00807094108313322 0.9999601244926453 0.0038300026208162308 -1.7894525527954102 -0.00893187802284956 -0.0039020648691803217 0.9999525547027588 121.89871215820312
0.999886691570282 0.010705215856432915 0.010577205568552017 -0.6819815635681152 -0.010741264559328556 0.9999366998672485 0.0033573724795132875 -1.8077011108398438 -0.010540593415498734 -0.003470605006441474 0.999938428401947 123.235107421875
0.9998674988746643 0.011367126367986202 0.01164762768894434 -0.6762019395828247 -0.011395163834095001 0.9999323487281799 0.002343768486753106 -1.8248695135116577 -0.01162019744515419 -0.002476184628903866 0.9999294281005859 124.58067321777344
0.9998379945755005 0.012820959091186523 0.012632068246603012 -0.6693581342697144 -0.012842847034335136 0.999916136264801 0.001653098501265049 -1.8511661291122437 -0.012609812431037426 -0.0018150624819099903 0.9999188184738159 125.919921875
0.9998352527618408 0.011881913989782333 0.01372329518198967 -0.6615631580352783 -0.01190454512834549 0.9999279379844666 0.001568432548083365 -1.8694205284118652 -0.013703669421374798 -0.001731543568894267 0.9999045729637146 127.27096557617188
0.9998332262039185 0.011293941177427769 0.014352240599691868 -0.6417531967163086 -0.011334465816617012 0.9999319911003113 0.0027453736402094364 -1.894317388534546 -0.014320258982479572 -0.0029075907077640295 0.9998932480812073 128.62901306152344
0.9998418092727661 0.009828654117882252 0.014826569706201553 -0.6253700256347656 -0.009882265701889992 0.9999448657035828 0.0035469848662614822 -1.913944959640503 -0.014790892601013184 -0.003692943835631013 0.9998838305473328 129.9689178466797
0.99982750415802 0.009606912732124329 0.015895765274763107 -0.6237530708312988 -0.00966925173997879 0.9999458193778992 0.0038496628403663635 -1.9310462474822998 -0.01585792563855648 -0.004002699162811041 0.999866247177124 131.33372497558594
0.9998554587364197 0.0070329648442566395 0.015476774424314499 -0.5988380908966064 -0.007092679850757122 0.999967634677887 0.0038069940637797117 -1.9423210620880127 -0.015449503436684608 -0.00391621608287096 0.9998729825019836 132.703857421875
0.9998617172241211 0.0058221095241606236 0.015572845004498959 -0.5905756950378418 -0.005895695183426142 0.9999716281890869 0.004683496430516243 -1.9680602550506592 -0.015545135363936424 -0.00477466220036149 0.9998676776885986 134.04925537109375
0.9998747706413269 0.004283832386136055 0.015232513658702374 -0.5809915065765381 -0.004355699755251408 0.9999794960021973 0.004687979351729155 -1.9891321659088135 -0.015212117694318295 -0.004753739573061466 0.9998729228973389 135.39134216308594
0.9999011158943176 0.003020551288500428 0.01373363845050335 -0.5622645616531372 -0.0030804788693785667 0.9999858140945435 0.00434453459456563 -2.0022056102752686 -0.013720322400331497 -0.004386411514133215 0.999896228313446 136.74632263183594
0.999920666217804 0.0016856800066307187 0.012484807521104813 -0.5495035648345947 -0.0017485434655100107 0.9999858140945435 0.005025951191782951 -2.015886068344116 -0.012476160190999508 -0.005047382786870003 0.9999094009399414 138.10105895996094
0.9999317526817322 -4.40127078036312e-05 0.011683558113873005 -0.5379593372344971 -1.9316377802169882e-05 0.9999853372573853 0.005420185159891844 -2.038522720336914 -0.011683625169098377 -0.005420040804892778 0.9999170303344727 139.44493103027344
0.999947190284729 -0.0006677443743683398 0.010260187089443207 -0.5276074409484863 0.0006127100205048919 0.9999854564666748 0.005366088356822729 -2.053952693939209 -0.010263620875775814 -0.005359517876058817 0.9999329447746277 140.78614807128906
0.9999567866325378 -0.0007073089946061373 0.009264971129596233 -0.522847056388855 0.0006627191905863583 0.9999881982803345 0.004814911168068647 -2.0726206302642822 -0.009268265217542648 -0.004808563739061356 0.9999454021453857 142.13186645507812
0.9999648332595825 -0.0007847985834814608 0.008351771160960197 -0.5241786241531372 0.0007469551055692136 0.9999894499778748 0.004533348139375448 -2.0902042388916016 -0.008355239406228065 -0.00452694995328784 0.9999548196792603 143.46884155273438
0.9999676942825317 -0.0035363684874027967 0.007218813523650169 -0.5079277753829956 0.0035196589305996895 0.9999911189079285 0.0023261585738509893 -2.113067865371704 -0.007226975169032812 -0.0023006757255643606 0.9999711513519287 144.8231964111328
0.9999426007270813 -0.008897134102880955 0.005977042950689793 -0.49415427446365356 0.00888773612678051 0.9999592304229736 0.0015972878318279982 -2.1300041675567627 -0.005991011392325163 -0.0015440736897289753 0.9999808073043823 146.18545532226562
0.9998477697372437 -0.01672121323645115 0.004988467786461115 -0.482588529586792 0.016699017956852913 0.9998505711555481 0.004458343610167503 -2.1559224128723145 -0.005062272772192955 -0.004374362528324127 0.9999775886535645 147.53565979003906
0.9997026920318604 -0.024127470329403877 0.0034926102962344885 -0.4752122759819031 0.02410689927637577 0.999692440032959 0.0058157555758953094 -2.1708924770355225 -0.003631855361163616 -0.005729831755161285 0.9999769926071167 148.884765625
0.9996052384376526 -0.02800123579800129 0.0022805584594607353 -0.4579574763774872 0.027995377779006958 0.9996047616004944 0.002561065601184964 -2.187469005584717 -0.0023513701744377613 -0.002496209926903248 0.999994158744812 150.2401123046875
0.9996340870857239 -0.026902969926595688 0.0028113967273384333 -0.46438562870025635 0.02690439112484455 0.9996379017829895 -0.0004687387845478952 -2.2164363861083984 -0.0027977684512734413 0.0005442062392830849 0.9999958872795105 151.57809448242188
0.9997189044952393 -0.023381320759654045 0.003930341452360153 -0.4772077202796936 0.023390095680952072 0.9997240304946899 -0.0022022994235157967 -2.2451021671295166 -0.0038777634035795927 0.0022936114110052586 0.9999898672103882 152.90921020507812
0.9997131824493408 -0.02348361536860466 0.004685110412538052 -0.4760415554046631 0.02349507063627243 0.9997209906578064 -0.002405857900157571 -2.2690892219543457 -0.004627304617315531 0.0025152447633445263 0.9999861121177673 154.26690673828125
0.9996324181556702 -0.026595577597618103 0.005270382855087519 -0.477236807346344 0.026590412482619286 0.9996458888053894 0.0010473714210093021 -2.2931199073791504 -0.005296372342854738 -0.0009068448562175035 0.9999855160713196 155.6122589111328
0.9994595646858215 -0.03237774968147278 0.005669835489243269 -0.46330225467681885 0.03235597908496857 0.9994688630104065 0.003889628453180194 -2.3163037300109863 -0.005792761221528053 -0.003704073140397668 0.9999762773513794 156.95675659179688
0.9993354082107544 -0.03599358722567558 0.005767816212028265 -0.4576183557510376 0.03596225753426552 0.9993383288383484 0.00544574623927474 -2.3332529067993164 -0.005960010923445225 -0.005234702490270138 0.9999684691429138 158.29153442382812
0.9992728233337402 -0.03770123049616814 0.005697301588952541 -0.4416155219078064 0.037671253085136414 0.9992761611938477 0.005280757788568735 -2.3522205352783203 -0.005892270244657993 -0.005062292795628309 0.9999698400497437 159.6505584716797
0.9993358850479126 -0.035822793841362 0.006668837275356054 -0.4369492530822754 0.03578321263194084 0.9993417859077454 0.0059622288681566715 -2.366157054901123 -0.006878032349050045 -0.005719637498259544 0.9999600648880005 161.00157165527344
0.9994739890098572 -0.031472351402044296 0.007819762453436852 -0.43546462059020996 0.03143288940191269 0.9994927048683167 0.005119106266647577 -2.3834331035614014 -0.00797690637409687 -0.004870615899562836 0.9999563694000244 162.3603973388672
0.9995571970939636 -0.028332801535725594 0.009088216349482536 -0.45231902599334717 0.02830599807202816 0.9995946288108826 0.0030646980740129948 -2.4041805267333984 -0.00917136576026678 -0.0028060891199856997 0.9999539256095886 163.6916961669922
0.9996277093887329 -0.025508202612400055 0.009687669575214386 -0.4425245523452759 0.02548740804195404 0.9996725916862488 0.002264269394800067 -2.419002056121826 -0.009742256253957748 -0.002016512444242835 0.9999504685401917 165.0460968017578
0.9996758103370667 -0.023200079798698425 0.01048772782087326 -0.44535505771636963 0.02316243201494217 0.9997248649597168 0.003697092877700925 -2.4438090324401855 -0.010570614598691463 -0.0034529732074588537 0.9999381303787231 166.40245056152344
0.9997144341468811 -0.021655259653925896 0.010101011954247952 -0.42981255054473877 0.02162078022956848 0.9997600317001343 0.003510367590934038 -2.468356132507324 -0.010174605995416641 -0.0032909729052335024 0.9999428391456604 167.7713623046875
0.9997656345367432 -0.019260719418525696 0.009883290156722069 -0.4251488447189331 0.01925397664308548 0.9998143315315247 0.0007765127229504287 -2.4808530807495117 -0.009896410629153252 -0.0005860380479134619 0.9999508857727051 169.13133239746094
0.9998320937156677 -0.0156953576952219 0.009462092071771622 -0.42452359199523926 0.015714304521679878 0.9998745918273926 -0.00193140865303576 -2.5032849311828613 -0.009430591948330402 0.0020797746255993843 0.9999533891677856 170.4844512939453
0.9999027848243713 -0.010255428031086922 0.009444703347980976 -0.4226325750350952 0.010284693911671638 0.999942421913147 -0.003055513370782137 -2.5317323207855225 -0.009412824176251888 0.0031523522920906544 0.9999507069587708 171.86532592773438
0.9999332427978516 -0.005957202985882759 0.009902827441692352 -0.42470836639404297 0.005975774955004454 0.9999803900718689 -0.0018469084752723575 -2.5560219287872314 -0.009891631081700325 0.001905961660668254 0.9999492764472961 173.23077392578125
0.9999403953552246 -0.0030672228895127773 0.010477546602487564 -0.4227653741836548 0.003066028468310833 0.9999952912330627 0.00013007002416998148 -2.5796046257019043 -0.010477897711098194 -9.793785284273326e-05 0.9999450445175171 174.60299682617188
0.9999414682388306 -0.0021189511753618717 0.010609552264213562 -0.4182765483856201 0.0020957558881491423 0.9999953508377075 0.002196921268478036 -2.5972814559936523 -0.01061415858566761 -0.0021745581179857254 0.9999412298202515 175.98428344726562
0.999936044216156 -0.005769096780568361 0.009725640527904034 -0.40717148780822754 0.005736195482313633 0.999977707862854 0.0034073381684720516 -2.620709180831909 -0.009745083749294281 -0.0033513314556330442 0.9999468922615051 177.36962890625
0.9999442100524902 -0.007276503834873438 0.00765219796448946 -0.3913770914077759 0.007252711337059736 0.9999687671661377 0.0031325945165008307 -2.6307179927825928 -0.007674753665924072 -0.003076920285820961 0.9999657869338989 178.7688751220703
0.9999462366104126 -0.008455343544483185 0.006000205874443054 -0.3905421495437622 0.008459057658910751 0.9999640583992004 -0.000593785778619349 -2.6639044284820557 -0.005994969513267279 0.0006445099716074765 0.9999818205833435 180.14306640625
0.9999662041664124 -0.006936198566108942 0.004408881068229675 -0.38594740629196167 0.006957459729164839 0.99996417760849 -0.0048255231231451035 -2.6858174800872803 -0.004375251941382885 0.004856035113334656 0.9999786615371704 181.54037475585938
0.9999912977218628 -0.0017470079474151134 0.003793996060267091 -0.39461976289749146 0.0017679185839369893 0.9999832510948181 -0.005515162367373705 -2.714925765991211 -0.0037842965684831142 0.005521820858120918 0.9999775886535645 182.9428253173828
0.999991774559021 0.0015056420816108584 0.0037625720724463463 -0.40324729681015015 -0.0014885652344673872 0.9999886155128479 -0.004537300206720829 -2.7434842586517334 -0.003769360715523362 0.004531663376837969 0.9999826550483704 184.34793090820312
0.9999846816062927 0.003670993261039257 0.004137134179472923 -0.413385808467865 -0.0036661869380623102 0.9999926090240479 -0.0011688362574204803 -2.7683303356170654 -0.004141394980251789 0.0011536508100107312 0.9999907612800598 185.75115966796875
0.9999815225601196 0.00425856513902545 0.00434124143794179 -0.41266465187072754 -0.004262889269739389 0.9999903440475464 0.0009872717782855034 -2.792123317718506 -0.004336994607001543 -0.001005759579129517 0.9999901056289673 187.15101623535156
0.9999838471412659 0.0034662308171391487 0.004499444738030434 -0.4124176502227783 -0.0034747382160276175 0.9999921917915344 0.0018844505539163947 -2.8097896575927734 -0.004492877516895533 -0.001900054281577468 0.9999880790710449 188.56488037109375
0.9999890923500061 0.0015790770994499326 0.004409296903759241 -0.4132688641548157 -0.0015892289811745286 0.9999961256980896 0.002299944870173931 -2.824840784072876 -0.004405647981911898 -0.0023069269955158234 0.9999876618385315 189.99415588378906
0.9999896883964539 -0.0007684543379582465 0.004456161521375179 -0.4033912420272827 0.0007545073167420924 0.9999948143959045 0.0031306578312069178 -2.8537516593933105 -0.004458543844521046 -0.0031272631604224443 0.9999851584434509 191.43482971191406
0.9999810457229614 -0.003438137471675873 0.005106916651129723 -0.4117860198020935 0.0034215454943478107 0.9999889135360718 0.0032541353721171618 -2.872117757797241 -0.005118047818541527 -0.0032366004306823015 0.9999816417694092 192.86758422851562
0.9999643564224243 -0.00672183046117425 0.005108709912747145 -0.3925490379333496 0.0067004188895225525 0.9999687671661377 0.004196780268102884 -2.8914246559143066 -0.005136761348694563 -0.004162400960922241 0.9999781250953674 194.290283203125
0.9999236464500427 -0.01109027024358511 0.005452036391943693 -0.3902043104171753 0.011059584096074104 0.9999231100082397 0.0056268456391990185 -2.9058408737182617 -0.005514021962881088 -0.005566120147705078 0.9999693036079407 195.7197723388672
0.9998865723609924 -0.013771552592515945 0.00609516492113471 -0.38284289836883545 0.013736460357904434 0.999889075756073 0.005762030836194754 -2.9266843795776367 -0.006173841655254364 -0.0056776502169668674 0.9999648332595825 197.14585876464844
0.9999141693115234 -0.011311703361570835 0.0065970649011433125 -0.383794903755188 0.011305715888738632 0.9999356865882874 0.0009438716806471348 -2.9383835792541504 -0.006607316434383392 -0.0008692066185176373 0.999977707862854 198.5768585205078
0.9999667406082153 -0.004572679754346609 0.00677019776776433 -0.3840324878692627 0.004597425926476717 0.9999827146530151 -0.003643979784101248 -2.9652650356292725 -0.00675341859459877 0.003674982348456979 0.9999704360961914 200.0184326171875
0.9999526739120483 0.004908077418804169 0.008398759178817272 -0.39755725860595703 -0.004876815248280764 0.9999810457229614 -0.0037386170588433743 -2.993793249130249 -0.008416951633989811 0.003697481704875827 0.9999577403068542 201.46096801757812
0.999873697757721 0.012742294929921627 0.009492652490735054 -0.4125049114227295 -0.012740230187773705 0.9999188184738159 -0.00027786893770098686 -3.013031244277954 -0.00949542224407196 0.00015689549036324024 0.9999549388885498 202.89822387695312
0.9998595118522644 0.013321460224688053 0.010174144990742207 -0.4015772342681885 -0.013345022685825825 0.9999083876609802 0.0022515577729791403 -3.0432403087615967 -0.010143219493329525 -0.002387015614658594 0.9999457001686096 204.3465576171875
0.9998823404312134 0.011659003794193268 0.009968288242816925 -0.4020209312438965 -0.011686288751661777 0.9999280571937561 0.002683350583538413 -3.0589599609375 -0.009936286136507988 -0.0027995272539556026 0.9999467134475708 205.77845764160156
0.9999275207519531 0.008266774006187916 0.008748662658035755 -0.38621771335601807 -0.00829106755554676 0.9999618530273438 0.0027441964484751225 -3.0808091163635254 -0.008725641295313835 -0.002816533436998725 0.9999579787254333 207.23382568359375
0.999947190284729 0.006626864429563284 0.007853533141314983 -0.38139116764068604 -0.006643976084887981 0.9999756217002869 0.002154748421162367 -3.0998857021331787 -0.007839062251150608 -0.002206813544034958 0.9999668598175049 208.7029266357422
0.9999542832374573 0.006727865431457758 0.006789935752749443 -0.36908626556396484 -0.006741051562130451 0.9999754428863525 0.0019210635218769312 -3.121746301651001 -0.006776845082640648 -0.001966747222468257 0.9999751448631287 210.17286682128906
0.9999427199363708 0.007869028486311436 0.007256822194904089 -0.3754540681838989 -0.007883235812187195 0.9999670386314392 0.001931333215907216 -3.1422171592712402 -0.007241385523229837 -0.001988429808989167 0.9999718070030212 211.62518310546875
0.999940037727356 0.008366401307284832 0.007067817263305187 -0.37039077281951904 -0.008386860601603985 0.999960720539093 0.002870018593966961 -3.166384220123291 -0.00704352930188179 -0.002929123118519783 0.9999709129333496 213.08851623535156
0.9999402165412903 0.008488977327942848 0.006894885562360287 -0.37279748916625977 -0.00850636325776577 0.999960720539093 0.0024961563758552074 -3.187770128250122 -0.006873425096273422 -0.002554657869040966 0.9999731183052063 214.5616455078125
0.9999455213546753 0.007963390089571476 0.006750841625034809 -0.36945581436157227 -0.00797252357006073 0.9999673366546631 0.0013270663330331445 -3.211667776107788 -0.006740054115653038 -0.001380815519951284 0.9999763369560242 216.03933715820312
0.999954879283905 0.007209367118775845 0.006184629164636135 -0.3643394708633423 -0.007216607686132193 0.9999732971191406 0.0011490759206935763 -3.228456735610962 -0.006176181137561798 -0.0011936561204493046 0.9999802112579346 217.49459838867188
0.9999526739120483 0.0076690963469445705 0.005987697746604681 -0.3670903444290161 -0.007675295230001211 0.999970018863678 0.0010124769760295749 -3.2495408058166504 -0.005979752633720636 -0.001058386405929923 0.9999815821647644 218.97354125976562
0.9999515414237976 0.007888497784733772 0.0058768861927092075 -0.37006938457489014 -0.007893589325249195 0.9999684691429138 0.0008438133518211544 -3.2705562114715576 -0.005870044697076082 -0.0008901623077690601 0.9999822974205017 220.45497131347656
0.999950647354126 0.008252270519733429 0.00551779055967927 -0.37141191959381104 -0.008255617693066597 0.9999657273292542 0.0005841671954840422 -3.2921812534332275 -0.005512779578566551 -0.0006296911742538214 0.9999845623970032 221.93983459472656
0.9999501705169678 0.008641812950372696 0.004992416128516197 -0.3635812997817993 -0.00864409003406763 0.9999625086784363 0.0004352617834229022 -3.317699670791626 -0.004988467786461115 -0.0004783949989359826 0.9999874234199524 223.42257690429688
