1.0 0.0 0.0 0.0 0.0 1.0 0.0 0.0 0.0 0.0 1.0 0.0
1.0 -6.648802809650078e-05 0.0001218690667883493 -0.014873076230287552 6.631216820096597e-05 0.9999989867210388 0.0014424410182982683 -0.01267093513160944 -0.00012196484749438241 -0.0014424328692257404 0.999998927116394 1.3156399726867676
0.9999985694885254 -0.0015522507019340992 -0.0006793978973291814 -0.009801297448575497 0.0015534627018496394 0.9999971985816956 0.0017871209420263767 -0.04015449434518814 0.0006766219157725573 -0.0017881740350276232 0.999998152256012 2.618730306625366
0.9999959468841553 -0.002747471909970045 -0.0006499566370621324 -0.015131550841033459 0.0027479222044348717 0.9999960064888 0.0006935920682735741 -0.054861582815647125 0.0006480484153144062 -0.0006953752599656582 0.999999463558197 3.9321398735046387
0.9999952912330627 -0.0030199673492461443 -0.0005656692082993686 -0.024788329377770424 0.0030203836504369974 0.999995231628418 0.0007367089274339378 -0.07221220433712006 0.0005634416593238711 -0.0007384141208603978 0.9999995231628418 5.260648727416992
0.9999927282333374 -0.0037475479766726494 -0.0006752735353074968 -0.0237270575016737 0.0037488029338419437 0.999991238117218 0.0018668604316189885 -0.10103249549865723 0.0006682715029455721 -0.0018693784950301051 0.9999979734420776 6.577945709228516
0.9999864101409912 -0.0052009448409080505 -0.00042409953312017024 -0.029941173270344734 0.005202141590416431 0.9999824166297913 0.002872298937290907 -0.11499384045600891 0.000409153348300606 -0.0028744663577526808 0.999995768070221 7.90150785446167
0.9999893307685852 -0.004596973769366741 -0.0004565598792396486 -0.0388403944671154 0.00459856353700161 0.9999831318855286 0.003547124331817031 -0.13673338294029236 0.0004402461345307529 -0.0035491865128278732 0.999993622303009 9.241600036621094
0.9999931454658508 -0.003648949321359396 -0.000710279040504247 -0.04684542492032051 0.0036500822752714157 0.9999920725822449 0.001600282615981996 -0.1522742211818695 0.0007044340018182993 -0.0016028645914047956 0.9999985098838806 10.592315673828125
0.9999987483024597 -0.0012723976979032159 -0.0009554856806062162 -0.055475182831287384 0.0012721511302515864 0.9999991655349731 -0.00025861538597382605 -0.17934927344322205 0.0009558140300214291 0.00025739939883351326 0.9999995231628418 11.92536449432373
0.9999971985816956 0.0022897205781191587 -0.0006539950845763087 -0.07231888175010681 -0.002290467033162713 0.9999967217445374 -0.0011431523598730564 -0.20263448357582092 0.0006513753905892372 0.0011446471326053143 0.9999991655349731 13.262299537658691
0.9999890923500061 0.00463624345138669 -0.00045490250340662897 -0.09239261597394943 -0.004636829718947411 0.9999884366989136 -0.001295795082114637 -0.22245164215564728 0.0004488896520342678 0.0012978900922462344 0.9999990463256836 14.605379104614258
0.9999833106994629 0.0057472833432257175 -0.0005746982060372829 -0.09498259425163269 -0.0057475329376757145 0.9999834895133972 -0.0004328219802118838 -0.2433038055896759 0.0005722010973840952 0.00043611787259578705 0.9999997615814209 15.963200569152832
0.9999938607215881 0.0034887988585978746 0.00032781707704998553 -0.11305391043424606 -0.0034895590506494045 0.9999911785125732 0.0023476521018892527 -0.26717427372932434 -0.00031962370849214494 -0.002348781330510974 0.9999971985816956 17.316394805908203
0.9999995827674866 -0.000718539347872138 0.0004396967124193907 -0.11516597867012024 0.0007166398572735488 0.9999904632568359 0.0043045165948569775 -0.28764134645462036 -0.0004427855019457638 -0.0043042004108428955 0.9999906420707703 18.671297073364258
0.9999958276748657 -0.0028747920878231525 0.00022503689979203045 -0.12209346145391464 0.0028743857983499765 0.9999943375587463 0.001786179724149406 -0.2998921573162079 -0.0002301705244462937 -0.0017855255864560604 0.9999983906745911 20.01405906677246
0.9999893307685852 -0.004612484946846962 9.027943974615482e-07 -0.11852927505970001 0.004612484481185675 0.9999892711639404 0.0002342804364161566 -0.33177968859672546 -1.9833826172543922e-06 -0.00023427375708706677 0.9999999403953552 21.391361236572266
0.9999980926513672 -0.0015513887628912926 0.001224968582391739 -0.14207206666469574 0.0015531644457951188 0.9999977350234985 -0.001449685194529593 -0.346897691488266 -0.0012227168772369623 0.001451584859751165 0.9999982118606567 22.737565994262695
0.9999988675117493 0.000517191831022501 0.0014320622431114316 -0.14065377414226532 -0.0005182439927011728 0.9999997019767761 0.0007344704354181886 -0.37066903710365295 -0.0014316817978397012 -0.0007352120010182261 0.9999986886978149 24.123046875
0.9999979734420776 0.0010594220366328955 0.0017059629317373037 -0.14381708204746246 -0.001066816272214055 0.9999900460243225 0.004339325707405806 -0.3903413712978363 -0.0017013485776260495 -0.004341137129813433 0.9999891519546509 25.49471092224121
0.9999971985816956 -0.0009582855855114758 0.002167672850191593 -0.14417795836925507 0.0009449052740819752 0.9999805688858032 0.006165335886180401 -0.4003183841705322 -0.0021735390182584524 -0.006163270678371191 0.9999786019325256 26.876178741455078
0.9999809861183167 -0.005880368407815695 0.0018448260379955173 -0.13170409202575684 0.005872355308383703 0.9999734163284302 0.0043192156590521336 -0.4194255471229553 -0.0018701755907386541 -0.004308300092816353 0.9999889731407166 28.312870025634766
0.999981164932251 -0.005811101291328669 0.0019420195603743196 -0.13380275666713715 0.0058068642392754555 0.9999807476997375 0.0021800308022648096 -0.4344092309474945 -0.001954650739207864 -0.002168712904676795 0.9999957084655762 29.68975257873535
0.9999762177467346 -0.006347225047647953 0.0026890276931226254 -0.1400727480649948 0.006348548922687769 0.9999796748161316 -0.00048394722398370504 -0.4558126628398895 -0.002685901476070285 0.0005010071326978505 0.9999962449073792 31.07136344909668
0.9999884963035583 -0.0031970590353012085 0.0035762351471930742 -0.15513263642787933 0.003200709354132414 0.9999943375587463 -0.0010153446346521378 -0.48061850666999817 -0.003572968766093254 0.0010267795296385884 0.999993085861206 32.445037841796875
0.9999899864196777 -0.0022203736007213593 0.0038705498445779085 -0.15954655408859253 0.0022329757921397686 0.9999921917915344 -0.003254675306379795 -0.5058767199516296 -0.0038632932119071484 0.003263284685090184 0.9999871850013733 33.825706481933594
0.999991238117218 -0.001603572629392147 0.0038601714186370373 -0.15703848004341125 0.0016138216014951468 0.9999951720237732 -0.002653480274602771 -0.528816282749176 -0.003855897579342127 0.0026596863754093647 0.9999890327453613 35.21900939941406
0.999991238117218 -0.000841811706777662 0.004107446409761906 -0.17849741876125336 0.0008484229329042137 0.9999983310699463 -0.0016080975765362382 -0.5528462529182434 -0.004106087144464254 0.0016115682665258646 0.9999902844429016 36.613006591796875
0.999992847442627 0.0006011418881826103 0.0037407181225717068 -0.18391773104667664 -0.0006013493984937668 0.9999998807907104 5.435205457615666e-05 -0.5752304196357727 -0.003740685759112239 -5.66012786293868e-05 0.9999929666519165 38.01310729980469
0.9999880194664001 0.002913045696914196 0.003937944769859314 -0.19409403204917908 -0.002915965160354972 0.9999954700469971 0.000735835637897253 -0.6073899865150452 -0.0039357831701636314 -0.0007473097066394985 0.9999919533729553 39.4096565246582
0.9999751448631287 0.0054663303308188915 0.004463055171072483 -0.20671936869621277 -0.005467389710247517 0.9999849796295166 0.00022514088777825236 -0.6262307167053223 -0.004461757838726044 -0.00024953647516667843 0.9999900460243225 40.80087661743164
0.9999639987945557 0.0074676163494586945 0.004010236356407404 -0.20925818383693695 -0.007470276206731796 0.999971866607666 0.0006488687940873206 -0.6462326645851135 -0.004005277529358864 -0.0006788030732423067 0.999991774559021 42.22129440307617
0.9999592304229736 0.008247089572250843 0.0036647694651037455 -0.21059609949588776 -0.008249104954302311 0.9999657273292542 0.0005353144952096045 -0.6641241908073425 -0.003660229267552495 -0.0005655237473547459 0.999993085861206 43.62289047241211
0.9999686479568481 0.007241992745548487 0.003204294014722109 -0.22321514785289764 -0.007244028616696596 0.9999735951423645 0.0006239197682589293 -0.6913167834281921 -0.003199690254405141 -0.0006471120286732912 0.999994695186615 45.015159606933594
0.999978244304657 0.006209200248122215 0.0022607778664678335 -0.21884307265281677 -0.006209535989910364 0.9999807476997375 0.00014120609557721764 -0.7100799083709717 -0.0022598570212721825 -0.00015524131595157087 0.9999974966049194 46.422019958496094
0.9999856352806091 0.005209079943597317 0.0012664638925343752 -0.2278701663017273 -0.005209757015109062 0.9999862909317017 0.0005321002681739628 -0.7345705628395081 -0.0012636748142540455 -0.0005386905977502465 0.9999990463256836 47.82017135620117
0.9999855160713196 0.005368923302739859 0.00012719091319013387 -0.22957880795001984 -0.005369079299271107 0.9999847412109375 0.0012666627299040556 -0.7491044402122498 -0.0001203882711706683 -0.0012673272285610437 0.9999991655349731 49.25301742553711
0.9999820590019226 0.0059148878790438175 -0.0009208127157762647 -0.2427568882703781 -0.00591342942789197 0.9999812841415405 0.001578509691171348 -0.7818647623062134 0.0009301321697421372 -0.001573036191985011 0.9999983310699463 50.658199310302734
0.9999805092811584 0.0057730525732040405 -0.002326458226889372 -0.25475379824638367 -0.005768385250121355 0.9999813437461853 0.0020078408997505903 -0.7990458607673645 0.0023380061611533165 -0.0019943818915635347 0.9999952912330627 52.07255172729492
0.9999766945838928 0.00611487589776516 -0.003028356935828924 -0.2730906307697296 -0.006106121465563774 0.9999771118164062 0.002891792915761471 -0.821955144405365 0.0030459710396826267 -0.002873233985155821 0.9999911785125732 53.48926544189453
0.9999821186065674 0.004731463734060526 -0.003649413352832198 -0.2847289443016052 -0.004718190990388393 0.9999822378158569 0.0036368321161717176 -0.8379762768745422 0.0036665559746325016 -0.003619549097493291 0.9999867081642151 54.927242279052734
0.9999862313270569 0.0027377118822187185 -0.0044707972556352615 -0.2957812249660492 -0.0027193715795874596 0.9999879002571106 0.004103216342628002 -0.8615094423294067 0.004481976386159658 -0.0040910025127232075 0.9999815821647644 56.36631774902344
0.9999876022338867 0.00031464913627132773 -0.0049685644917190075 -0.3095642328262329 -0.00029557468951679766 0.9999926090240479 0.0038392548449337482 -0.8810588717460632 0.004969736095517874 -0.0038377391174435616 0.9999802708625793 57.784305572509766
0.9999870657920837 -0.0008928288007155061 -0.005031830631196499 -0.32460883259773254 0.0009132647537626326 0.9999913573265076 0.0040604774840176105 -0.9045839905738831 0.005028162617236376 -0.0040650200098752975 0.9999790191650391 59.19668197631836
0.9999866485595703 -0.002147819846868515 -0.004712898284196854 -0.33390119671821594 0.0021694116294384003 0.9999872446060181 0.004581140354275703 -0.9195787906646729 0.004702998325228691 -0.004591303877532482 0.9999783039093018 60.624549865722656
0.9999889731407166 -0.002759244292974472 -0.0037925178185105324 -0.3532428443431854 0.0027789308223873377 0.9999826550483704 0.0051954868249595165 -0.9391438961029053 0.003778117476031184 -0.005205968860536814 0.9999793171882629 62.05103302001953
0.9999831318855286 -0.004828061442822218 -0.0032099296804517508 -0.3702614903450012 0.0048448615707457066 0.9999745488166809 0.0052467831410467625 -0.9643040895462036 0.003184516215696931 -0.005262246821075678 0.9999811053276062 63.455528259277344
0.9999804496765137 -0.005661902949213982 -0.002703185426071286 -0.3770901560783386 0.005672859959304333 0.9999756813049316 0.00406245794147253 -0.9831404089927673 0.0026801181957125664 -0.004077712539583445 0.9999880790710449 64.83905029296875
0.9999790191650391 -0.005927147343754768 -0.002638676203787327 -0.37188276648521423 0.0059372237883508205 0.9999750852584839 0.0038273530080914497 -1.003069519996643 0.002615925157442689 -0.0038429382257163525 0.9999891519546509 66.25463104248047
0.9999933242797852 -0.003378560533747077 -0.0013491467107087374 -0.3940980136394501 0.003383232979103923 0.9999882578849792 0.0034761480055749416 -1.0249404907226562 0.0013373863184824586 -0.0034806893672794104 0.9999929666519165 67.65141296386719
0.9999997615814209 -0.00022047646052669734 -0.0006484317127615213 -0.4125991463661194 0.00022359553258866072 0.9999883770942688 0.004813997074961662 -1.0442225933074951 0.0006473626708611846 -0.004814140032976866 0.9999881982803345 69.04441833496094
0.9999956488609314 0.0029327645897865295 0.00036041243583895266 -0.4304116666316986 -0.00293495855294168 0.9999761581420898 0.006245109252631664 -1.065212368965149 -0.0003420884895604104 -0.006246139761060476 0.9999803900718689 70.44432830810547
0.9999746084213257 0.007079089526087046 0.0008498951210640371 -0.44180670380592346 -0.007084747776389122 0.9999514222145081 0.006851172540336847 -1.0877089500427246 -0.0008013537735678256 -0.006857019383460283 0.9999761581420898 71.7986831665039
0.9999405145645142 0.010828071273863316 0.0013639322714880109 -0.4535047709941864 -0.010836656205356121 0.9999204874038696 0.006452644243836403 -1.102905511856079 -0.001293953857384622 -0.006467039696872234 0.999978244304657 73.19764709472656
0.9998911619186401 0.01460659597069025 0.0020688967779278755 -0.47414612770080566 -0.014617880806326866 0.9998777508735657 0.005547947250306606 -1.118568778038025 -0.001987607916817069 -0.005577586591243744 0.999982476234436 74.5810775756836
0.9998642802238464 0.01625157706439495 0.0026948158629238605 -0.4804394543170929 -0.01626652665436268 0.9998518824577332 0.005621938966214657 -1.1388916969299316 -0.002603051485493779 -0.005665011703968048 0.9999805092811584 75.9751968383789
0.9998623132705688 0.01633904129266739 0.002889857394620776 -0.4860222339630127 -0.016355233266949654 0.9998501539230347 0.005670703016221523 -1.1487849950790405 -0.002796770306304097 -0.005717185791581869 0.9999797344207764 77.38471221923828
0.9998722672462463 0.015674952417612076 0.0031161184888333082 -0.49187254905700684 -0.01569157838821411 0.9998623132705688 0.005384115502238274 -1.1704317331314087 -0.0030312933959066868 -0.005432324018329382 0.999980628490448 78.75578308105469
0.9998952150344849 0.014150417409837246 0.0030502232257276773 -0.49868494272232056 -0.014164195396006107 0.9998893737792969 0.004543672315776348 -1.1891496181488037 -0.0029855910688638687 -0.004586401395499706 0.9999850392341614 80.14144897460938
0.9999043345451355 0.013593263924121857 0.0025520746130496264 -0.5007367134094238 -0.013604968786239624 0.999896764755249 0.004626200534403324 -1.2071342468261719 -0.00248892605304718 -0.004660479724407196 0.9999860525131226 81.52291107177734
0.999907910823822 0.013367234729230404 0.0023367516696453094 -0.505017876625061 -0.013378017581999302 0.9998996257781982 0.00466242665424943 -1.225191354751587 -0.002274193102493882 -0.004693258088082075 0.9999863505363464 82.88980102539062
0.9999145269393921 0.012989743612706661 0.0014617289416491985 -0.50018709897995 -0.012995668686926365 0.9999070167541504 0.004119798541069031 -1.2431976795196533 -0.0014080782420933247 -0.004138441756367683 0.9999904036521912 84.2624282836914
0.9999133348464966 0.013122095726430416 0.001039171707816422 -0.5182957649230957 -0.013126659207046032 0.9999036192893982 0.0045152874663472176 -1.2583818435668945 -0.000979821546934545 -0.004528537858277559 0.9999892115592957 85.62178039550781
0.9999167919158936 0.012901423498988152 1.1076454939029645e-05 -0.5205248594284058 -0.012901303358376026 0.9999029636383057 0.005259841680526733 -1.2808341979980469 5.6784065236570314e-05 -0.005259545985609293 0.9999861717224121 86.98455810546875
0.9999426007270813 0.010672170668840408 -0.0009998120367527008 -0.536765992641449 -0.010665886104106903 0.9999246001243591 0.0060950047336518764 -1.2941986322402954 0.001064783544279635 -0.006083991378545761 0.9999809265136719 88.4044418334961
0.9999583959579468 0.008871891535818577 -0.0021100291050970554 -0.5402823686599731 -0.008857125416398048 0.9999369382858276 0.0069075836800038815 -1.3244061470031738 0.0021711797453463078 -0.006888608913868666 0.9999738931655884 89.72757720947266
0.9999784231185913 0.00593579700216651 -0.002805689349770546 -0.5503475069999695 -0.005915244109928608 0.9999560713768005 0.0072776335291564465 -1.3443608283996582 0.0028487646486610174 -0.007260880898684263 0.9999696016311646 91.09889221191406
0.9999816417694092 0.0050626168958842754 -0.0033354018814861774 -0.5577521920204163 -0.0050399224273860455 0.9999643564224243 0.0067776162177324295 -1.3693087100982666 0.003369595156982541 -0.006760682910680771 0.9999713897705078 92.4620132446289
0.9999856948852539 0.00415796646848321 -0.003381213638931513 -0.5727254152297974 -0.004136048723012209 0.9999704957008362 0.006463510915637016 -1.3858792781829834 0.003407988930121064 -0.006449433043599129 0.9999733567237854 93.80632781982422
0.9999831914901733 0.004737314768135548 -0.003344910219311714 -0.5914815068244934 -0.004718348383903503 0.9999728798866272 0.005655848421156406 -1.3989644050598145 0.003371613333001733 -0.0056399698369205 0.9999784231185913 95.178955078125
0.9999842047691345 0.004519622307270765 -0.0033529356587678194 -0.608604371547699 -0.004501813556998968 0.999975860118866 0.005300360731780529 -1.4194732904434204 0.003376810345798731 -0.005285182502120733 0.9999803304672241 96.53174591064453
0.9999837279319763 0.005025694612413645 -0.0027323635295033455 -0.6285330057144165 -0.005013037472963333 0.9999766945838928 0.004619891755282879 -1.439178466796875 0.002755517838522792 -0.004606119357049465 0.9999855756759644 97.87136840820312
0.9999763369560242 0.006335663143545389 -0.0026742008049041033 -0.6478654742240906 -0.006322948727756739 0.9999687671661377 0.004736700095236301 -1.4545053243637085 0.0027041274588555098 -0.004719678778201342 0.9999852180480957 99.21051025390625
0.9999743700027466 0.006839219480752945 -0.002119197975844145 -0.6511603593826294 -0.006825939752161503 0.9999573826789856 0.00621161749586463 -1.4744874238967896 0.0021615903824567795 -0.0061969938687980175 0.9999784827232361 100.57169342041016
0.9999675750732422 0.007740959990769625 -0.002218912821263075 -0.6707021594047546 -0.0077236006036400795 0.9999402761459351 0.007728161755949259 -1.4917646646499634 0.002278603846207261 -0.0077107734978199005 0.9999676942825317 101.8966293334961
0.9999710917472839 0.0073722354136407375 -0.0018612575950101018 -0.6734656691551208 -0.007360795512795448 0.9999544024467468 0.006080157123506069 -1.5125362873077393 0.0019059974001720548 -0.006066281348466873 0.9999797940254211 103.26484680175781
0.9999668598175049 0.008068197406828403 -0.0010698569240048528 -0.6968571543693542 -0.008063923567533493 0.9999597072601318 0.003939569462090731 -1.5277321338653564 0.0011015989584848285 -0.003930811770260334 0.9999917149543762 104.58712768554688
0.9999754428863525 0.006780811119824648 -0.0017412416636943817 -0.7020773887634277 -0.00677619781345129 0.999973475933075 0.0026411355938762426 -1.5512136220932007 0.0017591045470908284 -0.0026292717084288597 0.9999949932098389 105.91963958740234
0.99998939037323 0.00420943321660161 -0.0018366846488788724 -0.7109113931655884 -0.0042014033533632755 0.9999816417694092 0.004353793803602457 -1.5734226703643799 0.0018549779197201133 -0.004346031229943037 0.999988853931427 107.2466812133789
0.9999964237213135 0.0025206701830029488 -0.0008977468824014068 -0.7291442155838013 -0.0025155104231089354 0.9999806880950928 0.005702626425772905 -1.5823115110397339 0.0009121038601733744 -0.005700347479432821 0.9999833106994629 108.58631134033203
0.9999996423721313 0.0008015069761313498 -0.00028073802241124213 -0.7357829213142395 -0.0007997117354534566 0.9999796748161316 0.006336710415780544 -1.6030268669128418 0.00028581125661730766 -0.006336483173072338 0.9999799132347107 109.91754913330078
0.9999997615814209 0.000261065608356148 0.0006755304057151079 -0.7427278161048889 -0.00026423658709973097 0.9999889135360718 0.004698207601904869 -1.6155790090560913 -0.0006742965197190642 -0.004698383621871471 0.9999887347221375 111.26651000976562
0.9999964833259583 0.002317731035873294 0.001305920071899891 -0.7519868612289429 -0.0023210332728922367 0.9999940991401672 0.0025328900665044785 -1.6335450410842896 -0.0013000419130548835 -0.002535911975428462 0.9999959468841553 112.59068298339844
0.9999856352806091 0.0046613262966275215 0.0026461277157068253 -0.7654532194137573 -0.004661544691771269 0.9999890923500061 7.653878128621727e-05 -1.6515854597091675 -0.002645741682499647 -8.887268631951883e-05 0.9999964833259583 113.9083251953125
0.9999635815620422 0.007670555729418993 0.003742361441254616 -0.7696108222007751 -0.0076712979935109615 0.999970555305481 0.0001837973832152784 -1.672325611114502 -0.0037408412899821997 -0.00021249946439638734 0.9999929070472717 115.22904968261719
0.9999457597732544 0.008908629417419434 0.005399178713560104 -0.7724491953849792 -0.008920624852180481 0.999957799911499 0.0022014479618519545 -1.696935772895813 -0.005379338748753071 -0.0022494925651699305 0.999983012676239 116.57459259033203
0.9999400973320007 0.009009312838315964 0.006211687810719013 -0.7666057348251343 -0.009037586860358715 0.9999488592147827 0.004539004527032375 -1.7146477699279785 -0.006170475855469704 -0.004594871774315834 0.9999704360961914 117.90716552734375
0.9999381899833679 0.008479606360197067 0.007190702948719263 -0.7710636854171753 -0.008515791967511177 0.999951183795929 0.005016432609409094 -1.7328866720199585 -0.007147814612835646 -0.005077355541288853 0.9999614953994751 119.24307250976562
0.9999249577522278 0.00925560761243105 0.008025077171623707 -0.7644426822662354 -0.009290063753724098 0.9999477863311768 0.004266898613423109 -1.7470632791519165 -0.007985163480043411 -0.004341131541877985 0.9999586343765259 120.58732604980469
0.9998993277549744 0.010638214647769928 0.009401713497936726 -0.7659206986427307 -0.01067646499723196 0.9999349117279053 0.004027695395052433 -1.7688699960708618 -0.009358255192637444 -0.00412766681984067 0.9999476671218872 121.9090805053711
0.9998639225959778 0.012480202130973339 0.010784965939819813 -0.7626007199287415 -0.012520972639322281 0.9999147057533264 0.0037211093585938215 -1.7831319570541382 -0.010737604461610317 -0.0038556414656341076 0.9999349117279053 123.25630950927734
0.9998417496681213 0.01340155303478241 0.011697319336235523 -0.7583677768707275 -0.01343303732573986 0.9999063014984131 0.00261725764721632 -1.8025583028793335 -0.011661145836114883 -0.002773973857983947 0.9999281764030457 124.59098815917969
0.9998120069503784 0.014110949821770191 0.013293631374835968 -0.7547492384910583 -0.014138626866042614 0.9998980760574341 0.0019902412313967943 -1.8223799467086792 -0.013264193199574947 -0.0021778219379484653 0.9999096393585205 125.91844940185547
0.9998162388801575 0.01344641949981451 0.01366505865007639 -0.7455670237541199 -0.013468717224895954 0.9999080896377563 0.0015411326894536614 -1.8358200788497925 -0.013643082231283188 -0.0017249002121388912 0.9999054670333862 127.29252624511719
0.9998066425323486 0.01305487472563982 0.014707204885780811 -0.7370308041572571 -0.013093751855194569 0.9999110698699951 0.0025501595810055733 -1.8516490459442139 -0.014672604389488697 -0.0027422388084232807 0.9998885989189148 128.64317321777344
0.9998177289962769 0.011334490962326527 0.015360021032392979 -0.7261513471603394 -0.01139045599848032 0.999928891658783 0.0035609561018645763 -1.8707375526428223 -0.015318564139306545 -0.003735264763236046 0.9998756647109985 130.01353454589844
0.9998152256011963 0.010835210792720318 0.015878798440098763 -0.7104377150535583 -0.010894861072301865 0.9999338984489441 0.003674866398796439 -1.8845553398132324 -0.015837932005524635 -0.003847184358164668 0.9998670816421509 131.36331176757812
0.9998322129249573 0.008500762283802032 0.01622256077826023 -0.6992676258087158 -0.008564083836972713 0.999955952167511 0.003837892320007086 -1.9006247520446777 -0.016189219430088997 -0.0039761802181601524 0.9998610019683838 132.70639038085938
0.9998446106910706 0.006990592461079359 0.016182683408260345 -0.6991077661514282 -0.007062522228807211 0.9999654293060303 0.004391971975564957 -1.9162594079971313 -0.016151418909430504 -0.004505580291152 0.9998593926429749 134.0449676513672
0.9998624920845032 0.005407119635492563 0.015675803646445274 -0.6867821216583252 -0.005469019059091806 0.9999774694442749 0.003908516373485327 -1.9324144124984741 -0.015654316172003746 -0.003993710968643427 0.9998694658279419 135.39395141601562
0.9998895525932312 0.003999616485089064 0.014315393753349781 -0.6708275675773621 -0.004053766839206219 0.9999847412109375 0.0037555734161287546 -1.946191668510437 -0.014300156384706497 -0.003813189920037985 0.9998904466629028 136.73683166503906
0.9999119639396667 0.002599391620606184 0.013012751936912537 -0.6505570411682129 -0.002661888487637043 0.9999849796295166 0.0047877333126962185 -1.9669989347457886 -0.013000113889575005 -0.004821950104087591 0.9999038577079773 138.10284423828125
0.9999284148216248 0.0009166929521597922 0.011926861479878426 -0.6383219957351685 -0.0009805101435631514 0.9999852180480957 0.005345968529582024 -1.9886142015457153 -0.011921784840524197 -0.0053572808392345905 0.9999145865440369 139.44747924804688
0.9999447464942932 0.001113704638555646 0.010453266091644764 -0.6288556456565857 -0.0011632140958681703 0.9999880790710449 0.00473139388486743 -2.0009243488311768 -0.010447872802615166 -0.0047432915307581425 0.999934196472168 140.78575134277344
0.999955952167511 0.0005040331743657589 0.009361865930259228 -0.6240417957305908 -0.0005445019342005253 0.9999905228614807 0.004320686683058739 -2.0208654403686523 -0.009359599091112614 -0.004325594287365675 0.9999468922615051 142.1268310546875
0.9999660849571228 0.0007449772674590349 0.008194413036108017 -0.6204798221588135 -0.0007773836841806769 0.9999918937683105 0.003952226135879755 -2.0390310287475586 -0.00819140113890171 -0.003958462737500668 0.9999586343765259 143.4595947265625
0.999971330165863 -0.001707313465885818 0.00737836305052042 -0.6226642727851868 0.0016980677610263228 0.9999977350234985 0.0012591639533638954 -2.053496837615967 -0.007380496244877577 -0.0012465992476791143 0.9999720454216003 144.79100036621094
0.9999518990516663 -0.007544314954429865 0.006254501640796661 -0.610336184501648 0.007537280209362507 0.9999709129333496 0.0011475926730781794 -2.0777080059051514 -0.0062629771418869495 -0.0011003956897184253 0.9999797940254211 146.16477966308594
0.9998815059661865 -0.014420379884541035 0.005383271723985672 -0.6044414043426514 0.014401454478502274 0.9998899698257446 0.003537969198077917 -2.0941245555877686 -0.005433698650449514 -0.003460023319348693 0.9999792575836182 147.50704956054688
0.9997601509094238 -0.021589074283838272 0.003667805576696992 -0.59299236536026 0.021570757031440735 0.9997550249099731 0.004962814971804619 -2.112715721130371 -0.0037740496918559074 -0.004882507957518101 0.9999809861183167 148.8573455810547
0.999695897102356 -0.02454097755253315 0.0024154470302164555 -0.5801082253456116 0.024538114666938782 0.9996981620788574 0.0012078500585630536 -2.1274666786193848 -0.0024443597067147493 -0.0011482122354209423 0.9999963641166687 150.2040557861328
0.9996991753578186 -0.02434990555047989 0.00294144032523036 -0.5753429532051086 0.024355793371796608 0.9997013807296753 -0.0019824712071567774 -2.148172616958618 -0.0028922888450324535 0.0020535162184387445 0.9999937415122986 151.55960083007812
0.9997726082801819 -0.02104845643043518 0.0034124620724469423 -0.5840908288955688 0.021061280742287636 0.9997710585594177 -0.0037662889808416367 -2.1823160648345947 -0.003332406049594283 0.003837304189801216 0.9999870657920837 152.87562561035156
0.9997736215591431 -0.02083054929971695 0.004331762436777353 -0.5951801538467407 0.02084612473845482 0.9997762441635132 -0.0035816989839076996 -2.2137980461120605 -0.004256184678524733 0.003671188373118639 0.9999841451644897 154.20208740234375
0.999699056148529 -0.024095725268125534 0.0046057794243097305 -0.5851843357086182 0.024098144844174385 0.9997094869613647 -0.00047042869846336544 -2.2333133220672607 -0.004593105986714363 0.0005812778836116195 0.9999892711639404 155.57093811035156
0.9995638132095337 -0.02911241538822651 0.004966645501554012 -0.5716015100479126 0.029103847220540047 0.9995748400688171 0.0017890251474455 -2.249281644821167 -0.00501661654561758 -0.0016436962177976966 0.9999860525131226 156.93206787109375
0.9994407296180725 -0.03305838629603386 0.005040842108428478 -0.569930374622345 0.03303990513086319 0.9994471073150635 0.0037075174041092396 -2.2776999473571777 -0.005160619970411062 -0.0035388951655477285 0.9999804496765137 158.27398681640625
0.9994056224822998 -0.03409897908568382 0.005056722555309534 -0.5657806992530823 0.034082576632499695 0.9994136095046997 0.003295805538073182 -2.2902672290802 -0.0051661403849720955 -0.003121500601992011 0.9999818205833435 159.61398315429688
0.999454140663147 -0.03250570222735405 0.005901630502194166 -0.5700615644454956 0.0324813649058342 0.9994636178016663 0.004173911642283201 -2.3151981830596924 -0.006034141406416893 -0.00397994089871645 0.9999738335609436 160.96519470214844
0.9995743036270142 -0.02831914834678173 0.007012080401182175 -0.5768805146217346 0.028298864141106606 0.999595046043396 0.0029747202061116695 -2.3292806148529053 -0.007093482185155153 -0.0027750201988965273 0.9999709725379944 162.30767822265625
0.9996710419654846 -0.024420129135251045 0.007831786759197712 -0.572203516960144 0.024415068328380585 0.9997016191482544 0.0007410658872686327 -2.3459527492523193 -0.00784754566848278 -0.0005496085505001247 0.9999690651893616 163.65618896484375
0.9997334480285645 -0.02144423872232437 0.008548874408006668 -0.569172203540802 0.021445151418447495 0.9997700452804565 -1.48272101796465e-05 -2.3646492958068848 -0.008546589873731136 0.00019815513223875314 0.9999634623527527 165.0069122314453
0.9997759461402893 -0.019219400361180305 0.008862825110554695 -0.5689200162887573 0.019210753962397575 0.9998149275779724 0.0010599102824926376 -2.3850619792938232 -0.008881554938852787 -0.0008894112543202937 0.99996018409729 166.36216735839844
0.9998058676719666 -0.017818603664636612 0.008403795771300793 -0.5595204830169678 0.017811201512813568 0.9998408555984497 0.000954874383751303 -2.4095194339752197 -0.008419472724199295 -0.0008050072938203812 0.9999642372131348 167.71803283691406
0.9998484253883362 -0.015457013621926308 0.008011149242520332 -0.5591539740562439 0.015470507554709911 0.9998789429664612 -0.0016248662723228335 -2.428966760635376 -0.007985062897205353 0.0017485566204413772 0.9999666213989258 169.06634521484375
0.9999032616615295 -0.0117137236520648 0.007489687297493219 -0.557799220085144 0.01175022590905428 0.9999192357063293 -0.004848375450819731 -2.4459149837493896 -0.00743228942155838 0.004935912787914276 0.9999601244926453 170.42959594726562
0.9999529123306274 -0.0061980304308235645 0.007470904849469662 -0.5668177604675293 0.00624329736456275 0.9999621510505676 -0.006050962954759598 -2.474409818649292 -0.007433118298649788 0.006097320932894945 0.9999537467956543 171.7802734375
0.9999676942825317 -0.0015095464186742902 0.007896360009908676 -0.5746138691902161 0.0015484754694625735 0.9999865889549255 -0.004926224704831839 -2.5011491775512695 -0.00788881815969944 0.004938292317092419 0.9999566674232483 173.1324005126953
0.9999629855155945 0.0011770781129598618 0.00852090585976839 -0.5802769064903259 -0.0011509901378303766 0.9999946355819702 -0.0030658987816423178 -2.5269341468811035 -0.008524468168616295 0.00305597810074687 0.9999589323997498 174.4936065673828
0.9999603629112244 0.002374417847022414 0.00857992097735405 -0.5786232352256775 -0.0023658787831664085 0.9999967217445374 -0.001005296129733324 -2.5475072860717773 -0.00858228001743555 0.0009849572088569403 0.9999626874923706 175.868896484375
0.9999695420265198 -0.0008311205892823637 0.007758995518088341 -0.5757593512535095 0.0008307034731842577 0.9999997615814209 5.70469674130436e-05 -2.5730838775634766 -0.007759040221571922 -5.059971954324283e-05 0.9999698996543884 177.2418212890625
0.9999774694442749 -0.0027315032202750444 0.006127051077783108 -0.5686319470405579 0.002731352113187313 0.9999961853027344 3.299692252767272e-05 -2.5927679538726807 -0.006127117667347193 -1.6261041309917346e-05 0.999981164932251 178.64239501953125
0.9999861121177673 -0.0029112009797245264 0.004398855846375227 -0.5708410143852234 0.0029302930925041437 0.9999862313270569 -0.004339998587965965 -2.617095470428467 -0.004386160988360643 0.004352828022092581 0.9999808669090271 180.04013061523438
0.9999951720237732 -0.0019476499874144793 0.0024168214295059443 -0.5592583417892456 0.0019674247596412897 0.9999645352363586 -0.008206968195736408 -2.649679183959961 -0.0024007505271583796 0.008211684413254261 0.9999634027481079 181.46485900878906
0.9999940395355225 0.002857998013496399 0.0018918010173365474 -0.5743210911750793 -0.002841285662725568 0.9999574422836304 -0.008778754621744156 -2.680629253387451 -0.0019168100552633405 0.008773325942456722 0.9999596476554871 182.86355590820312
0.9999784231185913 0.006356121972203255 0.0016569211147725582 -0.5822364687919617 -0.006342778913676739 0.9999483227729797 -0.007937395945191383 -2.712315320968628 -0.0017072866903617978 0.007926716469228268 0.999967098236084 184.25636291503906
0.9999599456787109 0.008643971756100655 0.0023163771256804466 -0.5997095704078674 -0.008633647114038467 0.9999529123306274 -0.004430555738508701 -2.746913433074951 -0.002354565542191267 0.004410379566252232 0.9999874830245972 185.6346893310547
0.9999521970748901 0.009442721493542194 0.00252803647890687 -0.603807806968689 -0.009436806663870811 0.9999527335166931 -0.0023414650931954384 -2.7737746238708496 -0.002550026634708047 0.0023174965754151344 0.9999940395355225 187.02914428710938
0.9999569654464722 0.00881341751664877 0.00288051413372159 -0.6111195087432861 -0.008809341117739677 0.9999601244926453 -0.0014252284308895469 -2.795607566833496 -0.0028929607942700386 0.001399791450239718 0.9999948143959045 188.43350219726562
0.9999684691429138 0.007397893816232681 0.00288779498077929 -0.6125784516334534 -0.007395194377750158 0.9999721646308899 -0.0009440999710932374 -2.81862211227417 -0.0028946991078555584 0.0009227144764736295 0.9999954104423523 189.87045288085938
0.9999839067459106 0.004799081478267908 0.0030193892307579517 -0.6162043213844299 -0.004797728732228279 0.9999884366989136 -0.0004549059085547924 -2.8435750007629395 -0.0030215373262763023 0.00044041246292181313 0.9999953508377075 191.29107666015625
0.9999939799308777 0.001592768239788711 0.00308186374604702 -0.6075582504272461 -0.0015919854631647468 0.9999986886978149 -0.0002565363247413188 -2.8692545890808105 -0.0030822681728750467 0.00025162840029224753 0.9999951720237732 192.74691772460938
0.9999916553497314 -0.0016348332865163684 0.0037368687335401773 -0.6092660427093506 0.0016316311666741967 0.9999983310699463 0.0008597588166594505 -2.893078565597534 -0.0037382678128778934 -0.0008536544628441334 0.9999926686286926 194.16995239257812
0.9999740719795227 -0.006009436212480068 0.003974061459302902 -0.6078367233276367 0.006000163033604622 0.9999792575836182 0.002341249957680702 -2.912036657333374 -0.003988048527389765 -0.0023173445370048285 0.99998939037323 195.61468505859375
0.9999567270278931 -0.008360354229807854 0.004088086541742086 -0.5955914855003357 0.00835155975073576 0.9999628067016602 0.0021633231081068516 -2.9306488037109375 -0.004106021486222744 -0.0021290876902639866 0.9999893307685852 197.0614471435547
0.9999684691429138 -0.006394980475306511 0.004697252530604601 -0.6046683192253113 0.006405399646610022 0.9999770522117615 -0.0022066370584070683 -2.956875801086426 -0.004683032166212797 0.0022366554476320744 0.9999865293502808 198.49794006347656
0.9999850988388062 0.000956001109443605 0.005369576159864664 -0.6217406988143921 -0.0009147563250735402 0.9999701380729675 -0.007678408641368151 -2.976421594619751 -0.005376756191253662 0.007673381362110376 0.9999561309814453 199.9199981689453
0.9999240636825562 0.010309207253158092 0.006740874145179987 -0.630671501159668 -0.010258609429001808 0.9999192953109741 -0.007497933693230152 -3.011698007583618 -0.00681762769818306 0.007428213022649288 0.9999490976333618 201.35194396972656
0.9998195767402649 0.017622321844100952 0.007093596737831831 -0.6339855790138245 -0.01759600080549717 0.9998380541801453 -0.0037558453623205423 -3.0408642292022705 -0.007158635184168816 0.003630348714068532 0.9999677538871765 202.77577209472656
0.9997850656509399 0.018839793279767036 0.008652349933981895 -0.649408757686615 -0.018829772248864174 0.9998219609260559 -0.0012387213064357638 -3.0758166313171387 -0.008674146607518196 0.0010755331022664905 0.999961793422699 204.1923828125
0.9998309016227722 0.01655912585556507 0.007995880208909512 -0.6402624845504761 -0.01655375398695469 0.9998627305030823 -0.0007378790760412812 -3.0992467403411865 -0.008007001131772995 0.0006053926190361381 0.9999677538871765 205.6378173828125
0.9998831152915955 0.013580509461462498 0.007038159761577845 -0.6355981230735779 -0.01357539277523756 0.9999075531959534 -0.0007748085772618651 -3.123826265335083 -0.007048031315207481 0.000679172168020159 0.9999749064445496 207.08062744140625
0.9999091625213623 0.01192259881645441 0.0062920344062149525 -0.6326553225517273 -0.011912493966519833 0.9999277591705322 -0.0016410991083830595 -3.142456293106079 -0.006311144679784775 0.001565996091812849 0.9999788403511047 208.5397186279297
0.9999162554740906 0.011758827604353428 0.005404023453593254 -0.6182470321655273 -0.011749002151191235 0.9999293684959412 -0.0018464759923517704 -3.1731739044189453 -0.005425353534519672 0.0017828295240178704 0.9999836683273315 210.044921875
0.9998925924301147 0.013502038083970547 0.005700771231204271 -0.6242475509643555 -0.013493877835571766 0.9999077916145325 -0.0014675997663289309 -3.2046570777893066 -0.005720061715692282 0.0013905164087191224 0.9999826550483704 211.49143981933594
0.9998821020126343 0.014167692512273788 0.00592130096629262 -0.6271305680274963 -0.01416531577706337 0.9998994469642639 -0.0004432208661455661 -3.233004093170166 -0.00592698622494936 0.000359291210770607 0.9999823570251465 212.94985961914062
0.9998853802680969 0.014179089106619358 0.005306611303240061 -0.6220081448554993 -0.014173428528010845 0.9998989105224609 -0.0011028877925127745 -3.2565484046936035 -0.005321714095771313 0.0010275485692545772 0.9999853372573853 214.43804931640625
0.9998903274536133 0.013910206966102123 0.005097408778965473 -0.6234704256057739 -0.013898102566599846 0.9999005198478699 -0.0024025801103562117 -3.283846855163574 -0.005130323115736246 0.0023314720019698143 0.9999842047691345 215.90716552734375
0.999899685382843 0.013389421626925468 0.004600802436470985 -0.6208786368370056 -0.013376228511333466 0.9999063014984131 -0.0028865463100373745 -3.301936626434326 -0.004639020189642906 0.0028247153386473656 0.9999852776527405 217.3901824951172
0.999896228313446 0.013695837929844856 0.0044716475531458855 -0.6270148754119873 -0.013683225028216839 0.9999023675918579 -0.002839277731254697 -3.330467700958252 -0.0045100972056388855 0.0027777960058301687 0.9999859929084778 218.86264038085938
0.9998927116394043 0.01399522740393877 0.004322763066738844 -0.6321542263031006 -0.013982773758471012 0.9998980164527893 -0.0028974157758057117 -3.3589158058166504 -0.004362872336059809 0.00283666024915874 0.999986469745636 220.3455810546875
0.9998935461044312 0.014037730172276497 0.003979366272687912 -0.6383125185966492 -0.014024937525391579 0.9998964071273804 -0.0032245907932519913 -3.3858275413513184 -0.004024220164865255 0.0031684369314461946 0.9999868869781494 221.82501220703125
0.9998854994773865 0.014661988243460655 0.003727557836100459 -0.6375450491905212 -0.014651195146143436 0.9998884201049805 -0.0029071562457829714 -3.4261021614074707 -0.0037697667721658945 0.0028522105421870947 0.999988853931427 223.30259704589844
