0.9999988675117493 0.0011933008208870888 -0.0009068024228326976 0.009599188342690468 -0.0011938917450606823 0.9999990463256836 -0.0006514675915241241 0.19381143152713776 0.0009060241864062846 0.0006525494973175228 0.9999994039535522 -1.8148199319839478
0.9999971389770508 -0.00042992678936570883 -0.0023432595189660788 0.006594946142286062 0.000426220940425992 0.9999986290931702 -0.001581792370416224 0.18574407696723938 0.0023439363576471806 0.0015807892195880413 0.9999960064888 -1.2505868673324585
0.9999942779541016 -0.0006201379583217204 -0.0033093628007918596 0.0006658068741671741 0.0006094549898989499 0.9999945759773254 -0.0032281060703098774 0.17542557418346405 0.0033113467507064342 0.0032260711304843426 0.9999893307685852 -0.6953460574150085
0.9999843239784241 -0.0013317413395270705 -0.005438614636659622 -0.0010965238325297832 0.0013089260319247842 0.9999903440475464 -0.004196505062282085 0.15759965777397156 0.005444151349365711 0.004189320839941502 0.999976396560669 -0.129981130361557
0.999968409538269 -0.003191461320966482 -0.007275898475199938 -0.012647127732634544 0.003146464703604579 0.9999759197235107 -0.0061874305829405785 0.15096907317638397 0.007295470684766769 0.006164342164993286 0.9999544620513916 0.4368545413017273
0.9999457597732544 -0.0057508195750415325 -0.008673865348100662 -0.019591424614191055 0.005685118958353996 0.9999551177024841 -0.007580198347568512 0.12527813017368317 0.008717069402337074 0.007530475966632366 0.999933660030365 0.9680426120758057
0.999923825263977 -0.006989931222051382 -0.010174290277063847 -0.027135085314512253 0.006907152943313122 0.9999428987503052 -0.00814857892692089 0.1114070862531662 0.01023066695779562 0.008077682927250862 0.9999150037765503 1.5376932621002197
0.9999082684516907 -0.007048181723803282 -0.011567706242203712 -0.03844299539923668 0.006961778271943331 0.9999476671218872 -0.007492781616747379 0.09871932119131088 0.011619912460446358 0.007411561906337738 0.9999050498008728 2.1181342601776123
0.9998959302902222 -0.007353824097663164 -0.012415900826454163 -0.05302744358778 0.007254841737449169 0.9999417662620544 -0.007998536340892315 0.08506633341312408 0.012473995797336102 0.007907628081738949 0.9998909831047058 2.7109415531158447
0.9998810887336731 -0.006832452490925789 -0.013824442401528358 -0.06012383848428726 0.006685285363346338 0.9999207854270935 -0.010663804598152637 0.06830650568008423 0.013896205462515354 0.010570116341114044 0.9998475909233093 3.292527914047241
0.9998714923858643 -0.005298091564327478 -0.015127562917768955 -0.07369661331176758 0.00507993483915925 0.9998830556869507 -0.014423402957618237 0.05330043286085129 0.015202210284769535 0.01434470247477293 0.9997815489768982 3.898930788040161
0.999858558177948 -0.00397005258128047 -0.016342341899871826 -0.09342535585165024 0.003673641011118889 0.9998289346694946 -0.018127821385860443 0.039840590208768845 0.016411514952778816 0.018065225332975388 0.9997021555900574 4.508746147155762
0.9998443722724915 -0.0019706415478140116 -0.017535177990794182 -0.11249131709337234 0.0016516658943146467 0.9998332262039185 -0.01818658970296383 0.02697419561445713 0.017568092793226242 0.018154798075556755 0.9996808767318726 5.144594192504883
0.9998217821121216 0.00030077152769081295 -0.018873736262321472 -0.12175858020782471 -0.0005150666693225503 0.9999354481697083 -0.011350317858159542 0.016085309907794 0.018869105726480484 0.011358014307916164 0.9997574090957642 5.761332035064697
0.9998130798339844 0.0013467586832121015 -0.019289962947368622 -0.1442616581916809 -0.0013583601685240865 0.999998927116394 -0.0005883355042897165 0.0006964076310396194 0.019289148971438408 0.000614429300185293 0.9998137354850769 6.423437595367432
0.9997912049293518 0.0020692916586995125 -0.020328907296061516 -0.15958766639232635 -0.001948953722603619 0.9999804496765137 0.005937567912042141 -0.008765608072280884 0.020340798422694206 -0.0058967070654034615 0.9997756481170654 7.108601093292236
0.9997550249099731 0.004526451695710421 -0.02166476845741272 -0.17825110256671906 -0.004422580823302269 0.9999784827232361 0.004839971661567688 -0.024067023769021034 0.021686207503080368 -0.004742972552776337 0.9997535347938538 7.773430824279785
0.9997319579124451 0.006456873379647732 -0.022232238203287125 -0.20357513427734375 -0.006510112900286913 0.9999760985374451 -0.00232315412722528 -0.03024769015610218 0.022216707468032837 0.0024672658182680607 0.9997501373291016 8.46353530883789
0.9997046589851379 0.006109184585511684 -0.02351773902773857 -0.22334031760692596 -0.0063039087690413 0.9999462962150574 -0.008214693516492844 -0.030750077217817307 0.023466290906071663 0.008360522799193859 0.9996896982192993 9.175477981567383
0.9996883869171143 0.003694969229400158 -0.024683792144060135 -0.24016548693180084 -0.003861271543428302 0.999970018863678 -0.006693047471344471 -0.0320405513048172 0.0246583204716444 0.006786273792386055 0.9996728897094727 9.912443161010742
0.9996877908706665 0.0032794198486953974 -0.02476964145898819 -0.26699358224868774 -0.003218745579943061 0.9999917149543762 0.00248901080340147 -0.044041723012924194 0.024777593091130257 -0.002408506814390421 0.999690055847168 10.653888702392578
0.9996855854988098 0.0029243389144539833 -0.024902885779738426 -0.2918359637260437 -0.0026764192152768373 0.9999465942382812 0.009982967749238014 -0.050306349992752075 0.024930749088525772 -0.009913178160786629 0.9996400475502014 11.428064346313477
0.9996710419654846 0.0020499390084296465 -0.025567887350916862 -0.3155006766319275 -0.001733996905386448 0.999921977519989 0.012373045086860657 -0.051588598638772964 0.025591254234313965 -0.012324639596045017 0.9995965361595154 12.216853141784668
0.9996674656867981 0.00019220022659283131 -0.025788428261876106 -0.3352526128292084 0.00010155707423109561 0.9999351501464844 0.011389253661036491 -0.051583223044872284 0.025788944214582443 -0.011388083919882774 0.9996025562286377 13.0238618850708
0.9996777176856995 -0.00047502591041848063 -0.025381945073604584 -0.3609910011291504 0.0007037441828288138 0.9999592304229736 0.009002886712551117 -0.0519329272210598 0.025376638397574425 -0.00901784934103489 0.9996373057365417 13.842300415039062
0.9996916055679321 0.002321445383131504 -0.024725446477532387 -0.38799697160720825 -0.0021831842605024576 0.9999818205833435 0.005617399234324694 -0.05312632396817207 0.024738039821386337 -0.005561684723943472 0.9996785521507263 14.678269386291504
0.9997113943099976 -0.0011045942083001137 -0.023999489843845367 -0.40793636441230774 0.0011040529934689403 0.9999993443489075 -3.5801815101876855e-05 -0.05795013904571533 0.023999515920877457 9.29588441067608e-06 0.9997119903564453 15.532532691955566
0.9997196793556213 -0.0037867326755076647 -0.023371931165456772 -0.42712315917015076 0.003637786488980055 0.9999728798866272 -0.006412109360098839 -0.0661330595612526 0.02339557558298111 0.0063252877444028854 0.9997063279151917 16.406396865844727
0.9997453093528748 -0.0028741825371980667 -0.02238270826637745 -0.4466318190097809 0.0026135051157325506 0.9999285340309143 -0.011666916310787201 -0.08126579225063324 0.022414643317461014 0.011605446226894855 0.9996814131736755 17.28470802307129
0.999758780002594 -0.0016396112041547894 -0.021900219842791557 -0.4758325517177582 0.001366127748042345 0.9999210238456726 -0.012496821582317352 -0.09633030742406845 0.02191898040473461 0.012463889084756374 0.9996820688247681 18.189613342285156
0.9997395873069763 -0.0015816678060218692 -0.022764939814805984 -0.4929889738559723 0.0013083876110613346 0.9999269843101501 -0.012014323845505714 -0.11415929347276688 0.022782277315855026 0.011981410905718803 0.9996686577796936 19.125152587890625
0.9997475743293762 0.00020883871184196323 -0.022467253729701042 -0.525687038898468 -0.0005093479412607849 0.9999105334281921 -0.013370508328080177 -0.1406904011964798 0.022462451830506325 0.013378575444221497 0.9996581673622131 20.067873001098633
0.9997424483299255 0.0032044569961726665 -0.0224660225212574 -0.5532280206680298 -0.0035508121363818645 0.9998751282691956 -0.015393908135592937 -0.1628303974866867 0.022413894534111023 0.015469716861844063 0.999629020690918 20.998741149902344
0.9997222423553467 0.006408018060028553 -0.022681398317217827 -0.5830562710762024 -0.00677564786747098 0.9998462796211243 -0.016168856993317604 -0.1864674985408783 0.022574307397007942 0.016318047419190407 0.9996119737625122 21.96344566345215
0.9997100234031677 0.008171942085027695 -0.022651487961411476 -0.615156888961792 -0.008536572568118572 0.9998347759246826 -0.01604776456952095 -0.21399690210819244 0.022516608238220215 0.016236476600170135 0.9996145963668823 22.939815521240234
0.9996998310089111 0.009231510572135448 -0.022692518308758736 -0.6482815146446228 -0.009598346427083015 0.9998241066932678 -0.016110071912407875 -0.2407737821340561 0.022539809346199036 0.016323048621416092 0.9996126890182495 23.920669555664062
0.9996922612190247 0.009532754309475422 -0.022902559489011765 -0.6730870008468628 -0.009901979006826878 0.9998219609260559 -0.016062505543231964 -0.26972851157188416 0.022745361551642418 0.016284339129924774 0.9996086359024048 24.892024993896484
0.9996744394302368 0.010538819245994091 -0.023236766457557678 -0.6998467445373535 -0.01088332012295723 0.999832034111023 -0.014749347232282162 -0.30009087920188904 0.02307741902768612 0.01499743852764368 0.9996211528778076 25.894744873046875
0.9996616840362549 0.011052178218960762 -0.0235451553016901 -0.728367269039154 -0.011355812661349773 0.9998535513877869 -0.012801386415958405 -0.3273370862007141 0.02340022474527359 0.013064427301287651 0.9996408224105835 26.90975570678711
0.9996457695960999 0.011229651048779488 -0.02413022145628929 -0.7531331181526184 -0.011513205245137215 0.9998658895492554 -0.011644361540675163 -0.3548550307750702 0.023996222764253616 0.011918052099645138 0.999640941619873 27.93442153930664
0.9996466636657715 0.012001791968941689 -0.023716874420642853 -0.795708954334259 -0.012307784520089626 0.9998423457145691 -0.01279829815030098 -0.3834499418735504 0.023559536784887314 0.013085676357150078 0.9996367692947388 28.947641372680664
0.9996163249015808 0.013103139586746693 -0.024401593953371048 -0.8208364248275757 -0.013438836671411991 0.9998165369033813 -0.013644376769661903 -0.41155630350112915 0.02421833574771881 0.013967071659862995 0.999609112739563 29.981582641601562
0.9996294379234314 0.012567652389407158 -0.024146728217601776 -0.8603060841560364 -0.012881043367087841 0.9998342394828796 -0.012867247685790062 -0.43694576621055603 0.023981014266610146 0.013173512183129787 0.9996256232261658 31.015661239624023
0.9996171593666077 0.012352341786026955 -0.024758363142609596 -0.8941157460212708 -0.012610345147550106 0.9998674392700195 -0.010291931219398975 -0.46062880754470825 0.02462795376777649 0.010600201785564423 0.9996404051780701 32.070838928222656
0.999603271484375 0.012765876948833466 -0.025108087807893753 -0.9278318881988525 -0.012937710620462894 0.9998937845230103 -0.006693253293633461 -0.48273178935050964 0.02501997910439968 0.0070154378190636635 0.9996622800827026 33.125457763671875
0.9995871186256409 0.013051902875304222 -0.02559906244277954 -0.9662073850631714 -0.013164077885448933 0.999904453754425 -0.004218339920043945 -0.5050348043441772 0.025541558861732483 0.00455358624458313 0.9996633529663086 34.178138732910156
0.9995723366737366 0.012825928628444672 -0.026277687400579453 -0.9895452857017517 -0.012932473793625832 0.9999088048934937 -0.003888700855895877 -0.5273950099945068 0.026225414127111435 0.004226873628795147 0.9996471405029297 35.274356842041016
0.9995644092559814 0.012380169704556465 -0.026789674535393715 -1.0190509557724 -0.01253447774797678 0.9999057650566101 -0.005599737633019686 -0.5438224077224731 0.02671782299876213 0.005933092907071114 0.9996254444122314 36.350921630859375
0.9995366334915161 0.012965936213731766 -0.02754095196723938 -1.0586724281311035 -0.01314350962638855 0.9998939633369446 -0.006276424508541822 -0.5613150000572205 0.027456650510430336 0.0066355010494589806 0.9996010065078735 37.443504333496094
0.9995247721672058 0.012440986931324005 -0.028205566108226776 -1.0943057537078857 -0.01258364599198103 0.9999088048934937 -0.004885904956609011 -0.5866849422454834 0.028142215684056282 0.005238511133939028 0.9995902180671692 38.512977600097656
0.9994985461235046 0.01245525199919939 -0.029110094532370567 -1.1310546398162842 -0.012541918084025383 0.9999174475669861 -0.0027965258341282606 -0.6103318929672241 0.02907286025583744 0.0031602198723703623 0.999572217464447 39.61840057373047
0.999477744102478 0.012638495303690434 -0.029739947989583015 -1.1682049036026 -0.012653591111302376 0.9999198913574219 -0.00031946218223311007 -0.6304963827133179 0.029733525589108467 0.0006956126308068633 0.999557614326477 40.705135345458984
0.9994433522224426 0.013799861073493958 -0.030372541397809982 -1.2044100761413574 -0.013811849988996983 0.9999046325683594 -0.0001849814289016649 -0.6559534668922424 0.030367089435458183 0.0006043796893209219 0.9995386004447937 41.776939392089844
0.9994063377380371 0.015276805497705936 -0.030881118029356003 -1.246472954750061 -0.015412285923957825 0.999872624874115 -0.004153870511800051 -0.677501380443573 0.03081372380256653 0.0046273525804281235 0.9995144009590149 42.87993240356445
0.9993885159492493 0.017239874228835106 -0.030419351533055305 -1.289838194847107 -0.017505938187241554 0.9998106360435486 -0.008501973003149033 -0.6959884166717529 0.0302670169621706 0.009029296226799488 0.9995010495185852 43.97542190551758
0.9993853569030762 0.017496416345238686 -0.030376803129911423 -1.329936146736145 -0.01777132786810398 0.999803364276886 -0.008803660050034523 -0.7205973267555237 0.030216798186302185 0.00933808647096157 0.9994997382164001 45.060401916503906
0.999403178691864 0.0183017086237669 -0.029298370704054832 -1.3824272155761719 -0.01849374733865261 0.9998091459274292 -0.006296988110989332 -0.7436229586601257 0.029177533462643623 0.006835067644715309 0.9995508790016174 46.12767028808594
0.9993773102760315 0.01877926103770733 -0.0298722293227911 -1.4134691953659058 -0.018899353221058846 0.9998143315315247 -0.0037428210489451885 -0.7762933373451233 0.029796399176120758 0.004305058158934116 0.9995466470718384 47.24561309814453
0.999399721622467 0.01701284945011139 -0.030176430940628052 -1.4416921138763428 -0.017097938805818558 0.9998504519462585 -0.0025639745872467756 -0.7995380163192749 0.030128298327326775 0.003078390611335635 0.9995412826538086 48.35446548461914
0.9994216561317444 0.016853829845786095 -0.029533851891756058 -1.4812036752700806 -0.01695205457508564 0.999851405620575 -0.0030786392744630575 -0.8262831568717957 0.02947758138179779 0.003577518044039607 0.9995590448379517 49.44411849975586
0.9994380474090576 0.015883907675743103 -0.029515139758586884 -1.5177161693572998 -0.016040464863181114 0.9998583793640137 -0.00507527869194746 -0.8458819389343262 0.029430344700813293 0.005545862950384617 0.9995514154434204 50.53106689453125
0.9994423985481262 0.016524184495210648 -0.02901293709874153 -1.5599404573440552 -0.016746899113059044 0.9998319149017334 -0.0074502346105873585 -0.8714208006858826 0.028884951025247574 0.007931957021355629 0.9995512962341309 51.63215637207031
0.9994680285453796 0.015491290017962456 -0.028698788955807686 -1.5932466983795166 -0.015783766284585 0.9998254776000977 -0.009992902167141438 -0.8983241319656372 0.028538981452584267 0.010440561920404434 0.9995381832122803 52.72663497924805
0.9994930028915405 0.01405259408056736 -0.028569983318448067 -1.630296230316162 -0.014433181844651699 0.9998091459274292 -0.013158951885998249 -0.9334326386451721 0.028379615396261215 0.013564636930823326 0.9995052218437195 53.81137466430664
0.9995166659355164 0.012369641102850437 -0.02852002903819084 -1.6589890718460083 -0.012792565859854221 0.9998101592063904 -0.01469461526721716 -0.9698325991630554 0.028332848101854324 0.01505235768854618 0.999485194683075 54.903926849365234
0.9995452761650085 0.010925176553428173 -0.028104908764362335 -1.6969685554504395 -0.01127720158547163 0.9998595118522644 -0.01239749789237976 -1.0016264915466309 0.027965515851974487 0.012708802707493305 0.9995280504226685 55.99154281616211
0.9995590448379517 0.009526627138257027 -0.028122631832957268 -1.7273744344711304 -0.009710881859064102 0.9999321699142456 -0.006422616075724363 -1.0291595458984375 0.028059538453817368 0.006692879367619753 0.9995837807655334 57.09125518798828
0.9995794892311096 0.007866619154810905 -0.02790968492627144 -1.7564414739608765 -0.00788951851427555 0.9999686479568481 -0.0007104260730557144 -1.0516023635864258 0.02790321595966816 0.000930321286432445 0.999610185623169 58.19943618774414
0.9995847344398499 0.006132905371487141 -0.028152979910373688 -1.7841633558273315 -0.006143694277852774 0.9999811053276062 -0.00029670906951650977 -1.0690373182296753 0.02815062180161476 0.00046954918070696294 0.9996035695075989 59.289794921875
0.9996120929718018 0.0029432806186378 -0.0276945773512125 -1.8172115087509155 -0.0030363663099706173 0.9999898672103882 -0.0033196727745234966 -1.087665319442749 0.027684524655342102 0.0034024761989712715 0.999610960483551 60.381900787353516
0.9996246099472046 0.0017071166075766087 -0.027344461530447006 -1.8593100309371948 -0.001881155651062727 0.9999780654907227 -0.006340226158499718 -1.1104991436004639 0.027333039790391922 0.006389285437762737 0.9996059536933899 61.48257064819336
0.9996157288551331 0.003717579413205385 -0.027468232437968254 -1.8975911140441895 -0.0040037063881754875 0.9999381899833679 -0.010368989780545235 -1.1373642683029175 0.02742798812687397 0.010474979877471924 0.9995688796043396 62.5701789855957
0.99961918592453 0.004000724758952856 -0.027303176000714302 -1.9324774742126465 -0.004399002064019442 0.9998845458030701 -0.014542793855071068 -1.1672600507736206 0.027241844683885574 0.01465736236423254 0.9995214343070984 63.65026092529297
0.9996275305747986 0.006659125443547964 -0.02646678127348423 -1.9743666648864746 -0.007065398618578911 0.9998582005500793 -0.01528654433786869 -1.1958932876586914 0.02636122889816761 0.015467848628759384 0.9995328187942505 64.77023315429688
0.9996225833892822 0.010438768193125725 -0.025413865223526955 -2.018948554992676 -0.010740031488239765 0.9998733401298523 -0.011746766045689583 -1.2254074811935425 0.025288023054599762 0.012015275657176971 0.999608039855957 65.87308502197266
0.9995987415313721 0.01209333911538124 -0.025614380836486816 -2.052460193634033 -0.012333757244050503 0.9998811483383179 -0.009248933754861355 -1.2600754499435425 0.025499487295746803 0.009561142884194851 0.9996291399002075 66.97323608398438
0.9995980858802795 0.01220681332051754 -0.02558676153421402 -2.0808351039886475 -0.01243369560688734 0.9998846054077148 -0.008726812899112701 -1.2885165214538574 0.025477280840277672 0.009041445329785347 0.9996344447135925 68.07251739501953
0.9996187090873718 0.010490785352885723 -0.025542788207530975 -2.109236240386963 -0.010695362463593483 0.9999116659164429 -0.007885768078267574 -1.3175842761993408 0.025457803159952164 0.008155950345098972 0.9996426105499268 69.168701171875
0.9996227622032166 0.009588849730789661 -0.02573603205382824 -2.145906686782837 -0.009758267551660538 0.9999315142631531 -0.00646542152389884 -1.3451911211013794 0.025672269985079765 0.006714122369885445 0.9996477961540222 70.27452850341797
0.9996341466903687 0.008171348832547665 -0.02578326128423214 -2.1835122108459473 -0.00829057116061449 0.999955415725708 -0.004520499613136053 -1.3668793439865112 0.025745170190930367 0.0047326041385531425 0.9996573328971863 71.3630599975586
0.9996082186698914 0.007053290959447622 -0.027086179703474045 -2.2036619186401367 -0.0071415347047150135 0.999969482421875 -0.0031625849660485983 -1.389770746231079 0.027063045650720596 0.0033547834027558565 0.9996280670166016 72.44670867919922
0.9996109008789062 0.0063046352006495 -0.02717168629169464 -2.2430245876312256 -0.006411936599761248 0.9999719262123108 -0.0038636925164610147 -1.4256383180618286 0.027146566659212112 0.004036411643028259 0.9996232986450195 73.5669937133789
0.9995812177658081 0.006625490728765726 -0.028169941157102585 -2.272221088409424 -0.006848738994449377 0.9999458193778992 -0.007835958153009415 -1.449450135231018 0.02811649814248085 0.00802560430020094 0.9995724558830261 74.6468276977539
0.9995675086975098 0.007332944311201572 -0.02847834676504135 -2.31426739692688 -0.007615750189870596 0.9999226331710815 -0.009834793396294117 -1.475798487663269 0.028404025360941887 0.010047425515949726 0.9995460510253906 75.73906707763672
0.9995286464691162 0.008915354497730732 -0.029377631843090057 -2.3472111225128174 -0.00915580801665783 0.9999255537986755 -0.008060584776103497 -1.502850890159607 0.02930358052253723 0.008325759321451187 0.9995359182357788 76.8226547241211
0.9995092153549194 0.010235067456960678 -0.029604775831103325 -2.3941197395324707 -0.010356754064559937 0.9999385476112366 -0.003959988243877888 -1.5271655321121216 0.02956242859363556 0.004264655523002148 0.9995537996292114 77.91031646728516
0.9994768500328064 0.011517813429236412 -0.03022271953523159 -2.432467222213745 -0.01151763740926981 0.9999337196350098 0.00017991197819355875 -1.550927996635437 0.030222788453102112 0.0001682770816842094 0.9995431303977966 78.98209381103516
0.999444842338562 0.012671598233282566 -0.030810894444584846 -2.4733057022094727 -0.012648291885852814 0.999919593334198 0.0009511834941804409 -1.575033187866211 0.030820468440651894 -0.0005609499057754874 0.9995247721672058 80.06639099121094
0.9994352459907532 0.01226850412786007 -0.031283438205718994 -2.514158248901367 -0.012314308434724808 0.9999233484268188 -0.0012720051454380155 -1.5980440378189087 0.03126543387770653 0.0016565207624807954 0.9995097517967224 81.14667510986328
0.9994348287582397 0.012208383530378342 -0.03131881356239319 -2.5604476928710938 -0.01227367203682661 0.9999228715896606 -0.0018933096434921026 -1.6189568042755127 0.03129328042268753 0.0022766366600990295 0.9995076060295105 82.2090072631836
0.9994123578071594 0.012063485570251942 -0.032086025923490524 -2.596973419189453 -0.012142844498157501 0.9999237060546875 -0.0022796718403697014 -1.6381747722625732 0.03205607831478119 0.002667947905138135 0.9994824528694153 83.27754211425781
0.9993813037872314 0.010244911536574364 -0.0336465910077095 -2.6193649768829346 -0.010314501821994781 0.9999449849128723 -0.0018953956896439195 -1.6638356447219849 0.03362532705068588 0.002241270849481225 0.9994319677352905 84.30765533447266
0.9993835091590881 0.009277218952775002 -0.033861562609672546 -2.660609006881714 -0.009309610351920128 0.9999563097953796 -0.0007990939193405211 -1.6800734996795654 0.03385266661643982 0.0011138392146676779 0.9994261860847473 85.32916259765625
0.9993655681610107 0.009270114824175835 -0.034388136118650436 -2.699054002761841 -0.00918970350176096 0.9999545812606812 0.0024956688284873962 -1.7123595476150513 0.03440971300005913 -0.0021780687384307384 0.9994054436683655 86.34239959716797
0.9993438124656677 0.008368497714400291 -0.03524018079042435 -2.7416481971740723 -0.008262591436505318 0.9999608397483826 0.003149863099679351 -1.7289859056472778 0.03526516258716583 -0.0028566212859004736 0.9993739128112793 87.32164764404297
0.9992729425430298 0.00722477538511157 -0.03743309900164604 -2.7800724506378174 -0.007091017905622721 0.9999679923057556 0.0037047413643449545 -1.7491878271102905 0.03745866194367409 -0.0034366098698228598 0.999292254447937 88.27682495117188
0.9991604685783386 0.007039185147732496 -0.04035837948322296 -2.830514907836914 -0.006945870351046324 0.9999728798866272 0.0024519090075045824 -1.77030348777771 0.040374550968408585 -0.0021695264149457216 0.9991822838783264 89.21778869628906
0.9989960789680481 0.006439629942178726 -0.04433238133788109 -2.8657021522521973 -0.006381208077073097 0.9999786019325256 0.001459206105209887 -1.7837533950805664 0.044340830296278 -0.0011748464312404394 0.999015748500824 90.15875244140625
0.9988583326339722 0.006106211803853512 -0.04738005995750427 -2.9121150970458984 -0.006024857517331839 0.9999802112579346 0.0018596933223307133 -1.8024895191192627 0.04739047586917877 -0.0015721118543297052 0.9988752007484436 91.04952239990234
0.9986822009086609 0.007456077728420496 -0.0507759153842926 -2.9612815380096436 -0.0073153916746377945 0.999968945980072 0.0029559945687651634 -1.8230254650115967 0.050796378403902054 -0.0025806534104049206 0.9987056851387024 91.92042541503906
0.9985385537147522 0.008399435319006443 -0.05338682606816292 -3.019719362258911 -0.00818625371903181 0.9999576210975647 0.004210590850561857 -1.8428449630737305 0.05341992899775505 -0.0037673995830118656 0.9985650181770325 92.7695083618164
0.9983407855033875 0.009652072563767433 -0.056767191737890244 -3.0644564628601074 -0.009350795298814774 0.9999407529830933 0.005570490378886461 -1.8568629026412964 0.05681759491562843 -0.005030428990721703 0.998371958732605 93.58834075927734
0.9982108473777771 0.011169446632266045 -0.05873941630125046 -3.130542516708374 -0.010810756124556065 0.9999209046363831 0.006420729216188192 -1.870913028717041 0.058806486427783966 -0.005774225573986769 0.9982526898384094 94.37486267089844
0.9980067610740662 0.013026836328208447 -0.061746541410684586 -3.1745033264160156 -0.012630762532353401 0.9998970627784729 0.006800509057939053 -1.8854039907455444 0.06182877719402313 -0.006007048767060041 0.9980686902999878 95.14482879638672
0.9977926015853882 0.014497922733426094 -0.06480570137500763 -3.221536159515381 -0.014147840440273285 0.999882698059082 0.00585772143676877 -1.9045847654342651 0.0648830235004425 -0.004927930422127247 0.997880756855011 95.86951446533203
0.9976128339767456 0.01593988761305809 -0.06719042360782623 -3.284538984298706 -0.015827994793653488 0.9998722672462463 0.0021973869297653437 -1.9224450588226318 0.06721686571836472 -0.001128651900216937 0.9977378249168396 96.56178283691406
0.9974279999732971 0.018764518201351166 -0.06917600333690643 -3.3535525798797607 -0.01888810470700264 0.9998209476470947 -0.001132845995016396 -1.9419572353363037 0.06914234906435013 0.0024365358985960484 0.9976038336753845 97.25479888916016
0.9972475171089172 0.02067486010491848 -0.07120397686958313 -3.4072625637054443 -0.02100522629916668 0.999771773815155 -0.0038940247613936663 -1.954362154006958 0.07110720872879028 0.005378962494432926 0.9974542260169983 97.885986328125
0.9971184134483337 0.0226307213306427 -0.07240637391805649 -3.4527056217193604 -0.02304793708026409 0.9997221231460571 -0.004931759554892778 -1.968843698501587 0.07227464765310287 0.006586366333067417 0.9973630309104919 98.51753997802734
0.9971370100975037 0.025243163108825684 -0.07127764821052551 -3.5112059116363525 -0.025620082393288612 0.9996622204780579 -0.0043786391615867615 -1.9869970083236694 0.07114303112030029 0.006192242726683617 0.9974469542503357 99.10326385498047
0.9972588419914246 0.028971605002880096 -0.06808456778526306 -3.5627827644348145 -0.02923641726374626 0.9995683431625366 -0.0028960767667740583 -2.003082275390625 0.06797128170728683 0.004878687206655741 0.997675359249115 99.65921783447266
0.9975386261940002 0.03145817667245865 -0.06266594678163528 -3.601715564727783 -0.03161546587944031 0.9994989633560181 -0.0015196691965684295 -2.0166051387786865 0.06258674710988998 0.00349714164622128 0.998033344745636 100.19364929199219
0.9979490041732788 0.03219572827219963 -0.05532710999250412 -3.620148181915283 -0.03220623359084129 0.9994810223579407 0.0007019244367256761 -2.0358543395996094 0.055320993065834045 0.0010813933331519365 0.9984679818153381 100.71980285644531
0.9984371662139893 0.03221101313829422 -0.04566917568445206 -3.6370246410369873 -0.03210930898785591 0.9994800686836243 0.00295888795517385 -2.0438084602355957 0.04574074223637581 -0.0014878575457260013 0.9989522099494934 101.22344207763672
0.9989187717437744 0.031984247267246246 -0.03373749554157257 -3.651369333267212 -0.031865548342466354 0.9994839429855347 0.004050211049616337 -2.0534443855285645 0.033849623054265976 -0.002970767905935645 0.9994224905967712 101.69336700439453
0.9993144273757935 0.030940700322389603 -0.020330077037215233 -3.6549506187438965 -0.03086191415786743 0.9995149970054626 0.004177494905889034 -2.066661834716797 0.02044946327805519 -0.003547204891219735 0.9997845888137817 102.15227508544922
0.9995125532150269 0.03077942319214344 -0.005234675016254187 -3.6471800804138184 -0.03076365776360035 0.9995220303535461 0.0030656130984425545 -2.0758063793182373 0.0053265281021595 -0.002903080778196454 0.9999815821647644 102.5960464477539
0.9994785785675049 0.029577715322375298 0.012950542382895947 -3.634206533432007 -0.029583783820271492 0.9995622634887695 0.00027737271739169955 -2.0929901599884033 -0.012936671264469624 -0.0006603540387004614 0.9999160766601562 103.01332092285156
0.9989984035491943 0.028921417891979218 0.03414248302578926 -3.603184461593628 -0.028787491843104362 0.9995758533477783 -0.004407648462802172 -2.104445219039917 -0.034255482256412506 0.0034203575924038887 0.9994072318077087 103.4316635131836
0.9979230165481567 0.02686808817088604 0.05854535102844238 -3.562467336654663 -0.026362810283899307 0.9996083974838257 -0.00938591081649065 -2.1147165298461914 -0.05877460539340973 0.007822996936738491 0.99824059009552 103.8388900756836
0.9960842132568359 0.024188358336687088 0.08503639698028564 -3.4831795692443848 -0.023230815306305885 0.9996553063392639 -0.012232069857418537 -2.130248546600342 -0.08530296385288239 0.010208707302808762 0.9963027834892273 104.24169158935547
0.9931192398071289 0.021875660866498947 0.11504621803760529 -3.4109339714050293 -0.020436536520719528 0.9996976852416992 -0.013673892244696617 -2.1405091285705566 -0.11531057208776474 0.011228660121560097 0.9932660460472107 104.63609313964844
0.9888298511505127 0.019480831921100616 0.14776994287967682 -3.3273167610168457 -0.017335109412670135 0.9997249841690063 -0.01579480990767479 -2.1544764041900635 -0.14803701639175415 0.013056771829724312 0.9888956546783447 105.02452850341797
0.9828789234161377 0.017030905932188034 0.1834637075662613 -3.22808837890625 -0.014075864106416702 0.9997496008872986 -0.017397262156009674 -2.168349027633667 -0.18371407687664032 0.01451699249446392 0.9828725457191467 105.39380645751953
0.9749915599822998 0.013741593807935715 0.22181656956672668 -3.113079786300659 -0.009943818673491478 0.9997843503952026 -0.018228989094495773 -2.1810781955718994 -0.2220192551612854 0.015567407943308353 0.974918007850647 105.75225067138672
0.965164065361023 0.01160615123808384 0.26138782501220703 -2.9843556880950928 -0.00684678740799427 0.9997939467430115 -0.019111379981040955 -2.1986305713653564 -0.2615557909011841 0.016655951738357544 0.9650446176528931 106.09371948242188
0.9527169466018677 0.012173958122730255 0.3036153316497803 -2.8626089096069336 -0.006452172063291073 0.999782383441925 -0.019841592758893967 -2.221243143081665 -0.30379077792167664 0.016944443807005882 0.9525881409645081 106.41714477539062
0.9375765919685364 0.014165558852255344 0.34749025106430054 -2.7213733196258545 -0.007398557849228382 0.999756395816803 -0.02079307660460472 -2.23136305809021 -0.3477001488208771 0.01692417822778225 0.9374530911445618 106.72687530517578
0.9197004437446594 0.015020024962723255 0.39233332872390747 -2.5502753257751465 -0.007681557442992926 0.9997650980949402 -0.020267875865101814 -2.237614870071411 -0.39254558086395264 0.01562664471566677 0.9195998311042786 107.05207061767578
0.899070143699646 0.013695352710783482 0.43759042024612427 -2.371929407119751 -0.006116819567978382 0.9998059868812561 -0.01872354745864868 -2.256141185760498 -0.43776193261146545 0.014157122932374477 0.8989794850349426 107.36449432373047
0.8760583996772766 0.01225003320723772 0.48204943537712097 -2.1802403926849365 -0.0036058879923075438 0.9998157024383545 -0.018854504451155663 -2.2778406143188477 -0.48219162225723267 0.01477943267673254 0.8759411573410034 107.63677215576172
0.8508912920951843 0.013334926217794418 0.5251724720001221 -1.9724618196487427 -0.0022466513328254223 0.9997610449790955 -0.02174539677798748 -2.2888259887695312 -0.5253369808197021 0.017323089763522148 0.8507179021835327 107.90229034423828
0.8230305910110474 0.015452982857823372 0.5677867531776428 -1.7514190673828125 -0.001275569316931069 0.9996776580810547 -0.025358406826853752 -2.305131435394287 -0.5679956078529358 0.02014649286866188 0.822784960269928 108.17063903808594
0.7918117046356201 0.020104577764868736 0.6104342341423035 -1.5173580646514893 -0.002575087361037731 0.9995591044425964 -0.029580138623714447 -2.3239777088165283 -0.6107598543167114 0.0218499805778265 0.7915143966674805 108.44075012207031
0.7580580711364746 0.026127995923161507 0.6516634225845337 -1.2670432329177856 -0.005709440913051367 0.9994247555732727 -0.03342965245246887 -2.337801933288574 -0.6521620154380798 0.021620985120534897 0.7577712535858154 108.6822738647461
0.7203077077865601 0.031295742839574814 0.6929482221603394 -0.9918373227119446 -0.00704061146825552 0.9992601275444031 -0.03781116381287575 -2.3370773792266846 -0.6936189532279968 0.022356895729899406 0.7199951410293579 108.9390640258789
0.6810562610626221 0.031519316136837006 0.7315523028373718 -0.697371244430542 -0.0049666836857795715 0.9992489814758301 -0.03842931613326073 -2.3592426776885986 -0.7322142124176025 0.022539136931300163 0.6807013154029846 109.16474151611328
0.640426754951477 0.02909407950937748 0.7674678564071655 -0.38339152932167053 -0.0012046851916238666 0.9993190765380859 -0.03687809035181999 -2.3778741359710693 -0.7680183053016663 0.02269315905869007 0.6400256752967834 109.36187744140625
0.5962736010551453 0.027505341917276382 0.8023099899291992 -0.05385908856987953 0.0012640542117878795 0.9993794560432434 -0.035200852900743484 -2.3808743953704834 -0.8027803301811218 0.022003501653671265 0.5958687663078308 109.56283569335938
0.5517874360084534 0.025910208001732826 0.8335821032524109 0.28045544028282166 0.0016970407450571656 0.9994803071022034 -0.03219016641378403 -2.3997693061828613 -0.8339831233024597 0.019176751375198364 0.5514568090438843 109.70046997070312
0.5038755536079407 0.0234410110861063 0.8634580373764038 0.6391002535820007 0.004012344870716333 0.9995574355125427 -0.029477233067154884 -2.4099338054656982 -0.8637669682502747 0.01831734925508499 0.5035584568977356 109.86333465576172
0.4530504047870636 0.019608866423368454 0.8912692666053772 1.0114221572875977 0.0075691272504627705 0.9996374249458313 -0.025840621441602707 -2.4213271141052246 -0.8914528489112854 0.01845323108136654 0.4527376592159271 110.01424407958984
0.40055325627326965 0.019649697467684746 0.9160627722740173 1.3701975345611572 0.0037113584112375975 0.9997270703315735 -0.02306712605059147 -2.451812267303467 -0.9162660241127014 0.012639446184039116 0.4003710448741913 110.14561462402344
0.3492720425128937 0.024421127513051033 0.936703085899353 1.7668709754943848 0.0006468602223321795 0.9996537566184998 -0.02630353346467018 -2.4682862758636475 -0.9370212554931641 0.009793002158403397 0.34913524985313416 110.26628875732422
0.2978302538394928 0.03067830018699169 0.9541257619857788 2.157494306564331 0.000371746311429888 0.9994796514511108 -0.03225261718034744 -2.465956449508667 -0.9546188116073608 0.009960494004189968 0.2976638674736023 110.37293243408203
0.25191766023635864 0.03217179328203201 0.9672136902809143 2.574688673019409 0.0020821006037294865 0.999427080154419 -0.03378557041287422 -2.4942052364349365 -0.9677464365959167 0.010525020770728588 0.2517063319683075 110.44093322753906
0.21105852723121643 0.03224073722958565 0.9769415259361267 2.9991376399993896 0.009204416535794735 0.9993460178375244 -0.03496864438056946 -2.5079269409179688 -0.9774301648139954 0.01637260988354683 0.21062375605106354 110.48880767822266
0.17586356401443481 0.03152453899383545 0.9839096069335938 3.430495023727417 0.018160104751586914 0.9992130994796753 -0.03526078909635544 -2.5273663997650146 -0.984247088432312 0.02406899444758892 0.17515268921852112 110.5286636352539
0.14527586102485657 0.032723747193813324 0.9888498187065125 3.8862500190734863 0.02255220152437687 0.9990836977958679 -0.03637564182281494 -2.5465567111968994 -0.9891341328620911 0.027585243806242943 0.14440475404262543 110.56800842285156
0.11724331229925156 0.03089912049472332 0.9926223158836365 4.363003730773926 0.020717857405543327 0.9992221593856812 -0.033551644533872604 -2.566164255142212 -0.9928870797157288 0.024498717859387398 0.11651196330785751 110.6098861694336
0.09191859513521194 0.027858179062604904 0.9953767657279968 4.858267784118652 0.014456800185143948 0.9994658827781677 -0.029307642951607704 -2.580141067504883 -0.9956616163253784 0.017083879560232162 0.0914667621254921 110.6440658569336
0.0680580735206604 0.02356758527457714 0.9974029064178467 5.35830545425415 0.010267786681652069 0.9996514916419983 -0.024321336299180984 -2.6026878356933594 -0.9976285099983215 0.011896384879946709 0.0677923858165741 110.67156982421875
0.04567496106028557 0.021235767751932144 0.9987305998802185 5.860658168792725 0.014219837263226509 0.9996588230133057 -0.021905822679400444 -2.6263322830200195 -0.9988550543785095 0.01520233228802681 0.045357413589954376 110.68376922607422
0.02544492296874523 0.022087400779128075 0.9994322657585144 6.39562463760376 0.02219843864440918 0.9994968175888062 -0.022653989493846893 -2.6445586681365967 -0.9994297027587891 0.02276226319372654 0.024941816926002502 110.67366027832031
0.008035088889300823 0.024558987468481064 0.9996660351753235 6.944781303405762 0.027018867433071136 0.9993279576301575 -0.02476785145699978 -2.665363073348999 -0.9996026158332825 0.027208855375647545 0.007366131525486708 110.65694427490234
-0.006414528004825115 0.02978564240038395 0.9995356798171997 7.541411399841309 0.027568969875574112 0.9991816282272339 -0.029598165303468704 -2.6795976161956787 -0.999599277973175 0.027366312220692635 -0.007230442948639393 110.6543960571289
-0.017147919163107872 0.03475335240364075 0.9992488026618958 8.15987491607666 0.0248264130204916 0.9991024136543274 -0.03432222455739975 -2.6935741901397705 -0.9995446801185608 0.02421920746564865 -0.017995333299040794 110.65058898925781
-0.023442132398486137 0.0345211885869503 0.9991289973258972 8.777305603027344 0.027460981160402298 0.9990487098693848 -0.033874113112688065 -2.7093346118927 -0.999347984790802 0.02664298005402088 -0.024367816746234894 110.62680053710938
-0.02581195719540119 0.03161953017115593 0.9991666674613953 9.419990539550781 0.03405940160155296 0.9989472031593323 -0.030732711777091026 -2.727933645248413 -0.9990864396095276 0.033237747848033905 -0.026861727237701416 110.60047149658203
-0.02572746016085148 0.029477357864379883 0.9992343187332153 10.071269035339355 0.035258736461400986 0.9989700317382812 -0.028561744838953018 -2.758211374282837 -0.9990471005439758 0.034496914595365524 -0.026740295812487602 110.58293151855469
-0.023392267525196075 0.029388966038823128 0.9992942214012146 10.746956825256348 0.03430105000734329 0.9990028738975525 -0.028577446937561035 -2.7816832065582275 -0.9991377592086792 0.03360835090279579 -0.024377016350626945 110.57221221923828
-0.021676216274499893 0.029779551550745964 0.9993214011192322 11.435417175292969 0.031307950615882874 0.9990862607955933 -0.02909344621002674 -2.8059439659118652 -0.999274730682373 0.03065607137978077 -0.02258874662220478 110.55752563476562
-0.021090881898999214 0.03086668811738491 0.9993008971214294 12.1446533203125 0.02930728904902935 0.9991128444671631 -0.030242329463362694 -2.834420919418335 -0.9993479251861572 0.028648965060710907 -0.021976787596940994 110.56275177001953
-0.019857656210660934 0.031756285578012466 0.9992983341217041 12.861593246459961 0.02936204895377159 0.9990828633308411 -0.031165968626737595 -2.860260248184204 -0.9993715882301331 0.02872256003320217 -0.020771872252225876 110.54242706298828
-0.01952936127781868 0.03148554265499115 0.9993133544921875 13.609931945800781 0.028730953112244606 0.9991089701652527 -0.030917618423700333 -2.8854618072509766 -0.9993963837623596 0.028107427060604095 -0.020416565239429474 110.54116821289062
