0.9999839067459106 0.0035370874684304 0.004434093367308378 -0.14127610623836517 -0.0035350145772099495 0.999993622303009 -0.00047527009155601263 0.15519215166568756 -0.004435746464878321 0.0004595878708641976 0.9999900460243225 -2.0305683612823486
0.9999936819076538 0.0019221248803660274 0.0029921378009021282 -0.14120924472808838 -0.001917974790558219 0.9999971985816956 -0.0013893385184928775 0.14707854390144348 -0.0029947999864816666 0.001383590861223638 0.9999945759773254 -1.4664027690887451
0.9999964237213135 0.0017356546595692635 0.002027274575084448 -0.1442175805568695 -0.0017294769641011953 0.9999938607215881 -0.0030450699850916862 0.13706640899181366 -0.0020325477235019207 0.0030415530782192945 0.9999933242797852 -0.9111244082450867
0.999999463558197 0.0010200252290815115 -9.345868602395058e-05 -0.1431264728307724 -0.0010203915880993009 0.9999914169311523 -0.004007906187325716 0.11928633600473404 8.936924859881401e-05 0.004007999319583178 0.9999919533729553 -0.3454916477203369
0.9999978542327881 -0.000799167959485203 -0.0019313404336571693 -0.15181170403957367 0.0007875565206632018 0.9999816417694092 -0.006005191244184971 0.11295534670352936 0.0019361036829650402 0.006003656890243292 0.999980092048645 0.2213258147239685
0.99998939037323 -0.003379102097824216 -0.0031317267566919327 -0.1593308299779892 0.003354978049173951 0.9999648928642273 -0.007676425389945507 0.09250044822692871 0.003157556289806962 0.007665836717933416 0.9999656081199646 0.7737018465995789
0.9999791383743286 -0.004516373388469219 -0.004619870334863663 -0.16303253173828125 0.004477718845009804 0.9999551773071289 -0.008343338035047054 0.08008437603712082 0.004657345358282328 0.008322476409375668 0.9999544620513916 1.3451275825500488
0.9999718070030212 -0.004540885798633099 -0.005979641806334257 -0.17158100008964539 0.0044946675188839436 0.9999601244926453 -0.007720084395259619 0.06782658398151398 0.0060144588351249695 0.007692989893257618 0.9999523162841797 1.9271938800811768
0.99996417760849 -0.004885707516223192 -0.006915060803294182 -0.18164591491222382 0.004829238168895245 0.9999550580978394 -0.008159169927239418 0.05309189856052399 0.006954611744731665 0.008125481195747852 0.9999428391456604 2.5196306705474854
0.999955952167511 -0.004448299761861563 -0.008264126256108284 -0.18740226328372955 0.004358620382845402 0.9999317526817322 -0.01083823200315237 0.03692668676376343 0.008311775512993336 0.010801734402775764 0.9999071359634399 3.1131274700164795
0.9999518990516663 -0.0027180572506040335 -0.009424117393791676 -0.20100975036621094 0.0025806096382439137 0.9998905658721924 -0.014566335827112198 0.02069569006562233 0.009462677873671055 0.014541314914822578 0.9998494386672974 3.7154457569122314
0.9999405741691589 -0.0015204818919301033 -0.010796290822327137 -0.21308131515979767 0.00132261891849339 0.9998314380645752 -0.018310561776161194 0.00828620046377182 0.010822311043739319 0.01829519309103489 0.999774158000946 4.330476760864258
0.9999287724494934 0.00035250780638307333 -0.011930779553949833 -0.22890853881835938 -0.0005700672045350075 0.9998335838317871 -0.018236765637993813 -0.006968982517719269 0.011922365985810757 0.01824226602911949 0.9997625350952148 4.959860801696777
0.9999090433120728 0.002581921173259616 -0.013239805586636066 -0.23755274713039398 -0.0027350778691470623 0.9999294281005859 -0.011562870815396309 -0.014973223209381104 0.013209019787609577 0.011598031967878342 0.9998455047607422 5.604640007019043
0.9999013543128967 0.003689219243824482 -0.013551385141909122 -0.25509539246559143 -0.0037009501829743385 0.999992847442627 -0.0008406685665249825 -0.030602002516388893 0.013548186048865318 0.0008907383307814598 0.9999078512191772 6.261699199676514
0.999884307384491 0.004215865861624479 -0.014619261026382446 -0.2678685188293457 -0.004131803754717112 0.9999748468399048 0.0057755159214138985 -0.040842510759830475 0.014643238857388496 -0.005714442580938339 0.9998764395713806 6.9487481117248535
0.9998483657836914 0.0067448690533638 -0.01605464704334736 -0.2830224335193634 -0.006670486181974411 0.9999667406082153 0.004682168830186129 -0.056308820843696594 0.016085689887404442 -0.004574365448206663 0.9998602867126465 7.634368896484375
0.9998255968093872 0.008629712276160717 -0.01655757799744606 -0.3071063756942749 -0.00867138709872961 0.9999593496322632 -0.0024468107149004936 -0.06274635344743729 0.016535790637135506 0.0025899610482156277 0.9998599290847778 8.329188346862793
0.9998041391372681 0.008451903238892555 -0.017890723422169685 -0.3192465305328369 -0.008602060377597809 0.9999282956123352 -0.008332743309438229 -0.06346085667610168 0.017819013446569443 0.008485009893774986 0.999805212020874 9.033665657043457
0.9998007416725159 0.005927929189056158 -0.019060421735048294 -0.3335283398628235 -0.006057858467102051 0.9999588131904602 -0.006766239181160927 -0.06562769412994385 0.019019529223442078 0.0068803573958575726 0.9997954368591309 9.772774696350098
0.9997978806495667 0.005711033940315247 -0.019275696948170662 -0.3563042879104614 -0.00566346338018775 0.9999809265136719 0.0025215644855052233 -0.08049941807985306 0.01928972639143467 -0.0024118872825056314 0.999811053276062 10.539183616638184
0.9997947216033936 0.005269334185868502 -0.019557666033506393 -0.3752015233039856 -0.005074829328805208 0.9999373555183411 0.009981503710150719 -0.08625531196594238 0.019609032198786736 -0.009880201891064644 0.9997589588165283 11.314902305603027
0.9997895956039429 0.004387029446661472 -0.02003684639930725 -0.396335244178772 -0.00413909088820219 0.9999145865440369 0.012398885563015938 -0.0872170627117157 0.02008953131735325 -0.012313342653214931 0.999722421169281 12.10382080078125
0.9997906684875488 0.0025037049781531096 -0.020307963714003563 -0.41220998764038086 -0.0022723134607076645 0.9999323487281799 0.011409208178520203 -0.08705167472362518 0.02033514901995659 -0.011360673233866692 0.9997287392616272 12.908843994140625
0.9998041987419128 0.00228210655041039 -0.019652072340250015 -0.4321137070655823 -0.0021084765903651714 0.9999585747718811 0.00885138101875782 -0.08870507031679153 0.019671456888318062 -0.008808212354779243 0.9997677206993103 13.736067771911621
0.9998056292533875 0.005047187674790621 -0.019055504351854324 -0.45358312129974365 -0.004942800384014845 0.9999724626541138 0.005521194078028202 -0.09047966450452805 0.019082846119999886 -0.005425931885838509 0.9998031854629517 14.572367668151855
0.9998307228088379 0.0017390502616763115 -0.018313633278012276 -0.4697089195251465 -0.001744904089719057 0.9999983906745911 -0.0003036707639694214 -0.09292818605899811 0.018313078209757805 0.0003355778753757477 0.999832272529602 15.429983139038086
0.9998442530632019 -0.0008709459798410535 -0.017625775188207626 -0.4833955764770508 0.0007545899134129286 0.9999778866767883 -0.006607038900256157 -0.10316093266010284 0.017631137743592262 0.006592712365090847 0.9998227953910828 16.299348831176758
0.9998610615730286 1.6707306713215075e-05 -0.016668468713760376 -0.4980888366699219 -0.00021412945352494717 0.9999299645423889 -0.01184233371168375 -0.11778326332569122 0.01666710153222084 0.011844259686768055 0.9997909665107727 17.20073127746582
0.9998674988746643 0.0012863544980064034 -0.016230275854468346 -0.5217243432998657 -0.0014931802870705724 0.99991774559021 -0.012737538665533066 -0.13255026936531067 0.016212554648518562 0.012760085985064507 0.9997872114181519 18.105640411376953
0.9998530149459839 0.0012345908908173442 -0.01710309274494648 -0.5343866348266602 -0.0014429898001253605 0.9999247789382935 -0.012177873402833939 -0.1518183946609497 0.017086772248148918 0.012200761586427689 0.9997796416282654 19.04472541809082
0.9998537302017212 0.002941580954939127 -0.016847524791955948 -0.5602319836616516 -0.0031676748767495155 0.9999050498008728 -0.013409074395895004 -0.17821718752384186 0.016806485131382942 0.01346047967672348 0.9997682571411133 19.9835205078125
0.9998422861099243 0.006256802938878536 -0.016622643917798996 -0.5792598724365234 -0.006515265442430973 0.9998579621315002 -0.015540419146418571 -0.20144590735435486 0.016523050144314766 0.01564626581966877 0.9997410774230957 20.936193466186523
0.9998127818107605 0.009470815770328045 -0.016872940585017204 -0.6032423377037048 -0.009745961055159569 0.9998195171356201 -0.01629992388188839 -0.22501571476459503 0.01671552285552025 0.016461314633488655 0.9997247457504272 21.901491165161133
0.9997988939285278 0.011221446096897125 -0.016621505841612816 -0.6351794600486755 -0.011490833945572376 0.9998027086257935 -0.016201311722397804 -0.25278356671333313 0.016436422243714333 0.016389045864343643 0.99973064661026 22.884008407592773
0.9997839331626892 0.012162760831415653 -0.016860347241163254 -0.6582912802696228 -0.012437027879059315 0.9997904300689697 -0.016258742660284042 -0.2798048257827759 0.01665906421840191 0.016464918851852417 0.9997256398200989 23.85892677307129
0.9997764825820923 0.012154239229857922 -0.017294442281126976 -0.6664718985557556 -0.01243431493639946 0.9997917413711548 -0.0161802489310503 -0.3090510964393616 0.017094183713197708 0.016391677781939507 0.9997194409370422 24.847766876220703
0.9997565150260925 0.013142767362296581 -0.017721913754940033 -0.6873316168785095 -0.013407128863036633 0.9997993111610413 -0.014881884679198265 -0.33893021941185 0.017522770911455154 0.015115858986973763 0.9997321367263794 25.849010467529297
0.9997480511665344 0.013441727496683598 -0.017971834167838097 -0.709037184715271 -0.013675584457814693 0.9998225569725037 -0.012953436002135277 -0.3661186695098877 0.017794528976082802 0.013195949606597424 0.9997545480728149 26.866086959838867
0.9997355937957764 0.014111800119280815 -0.018154960125684738 -0.735709547996521 -0.014328104443848133 0.9998272657394409 -0.011839942075312138 -0.3954458236694336 0.017984744161367416 0.01209693681448698 0.9997650384902954 27.883506774902344
0.9997332692146301 0.014142623171210289 -0.018260223791003227 -0.7575147151947021 -0.014377578161656857 0.9998146891593933 -0.01280057430267334 -0.42329755425453186 0.018075810745358467 0.013059697113931179 0.9997513294219971 28.90897560119629
0.9997114539146423 0.015139163471758366 -0.018652595579624176 -0.7811959981918335 -0.015398095361888409 0.9997859597206116 -0.013817233964800835 -0.4493870437145233 0.01843942329287529 0.014100459404289722 0.9997305870056152 29.944766998291016
0.999710738658905 0.015166209079325199 -0.018664462491869926 -0.8147934079170227 -0.01541118137538433 0.9997960329055786 -0.013051996938884258 -0.47523197531700134 0.018462706357240677 0.013335862196981907 0.9997405409812927 30.984529495239258
0.9997016787528992 0.014828682877123356 -0.019406845793128014 -0.8358736038208008 -0.015036126598715782 0.9998308420181274 -0.010587295517325401 -0.4975816607475281 0.019246570765972137 0.010875942185521126 0.9997555613517761 32.035545349121094
0.9996845722198486 0.015264669433236122 -0.01994233950972557 -0.8607935905456543 -0.015408959239721298 0.9998560547828674 -0.007101839408278465 -0.5184767246246338 0.019831063225865364 0.007406889460980892 0.9997758865356445 33.093631744384766
0.999686598777771 0.014790653251111507 -0.020193181931972504 -0.8897754549980164 -0.014883357100188732 0.9998793601989746 -0.004448231775313616 -0.5480586886405945 0.020124955102801323 0.004747380502521992 0.9997861981391907 34.1590576171875
0.9996761679649353 0.014972485601902008 -0.020571157336235046 -0.9174529314041138 -0.015056668780744076 0.9998788833618164 -0.003943559713661671 -0.5679355263710022 0.020509622991085052 0.004252016544342041 0.9997806549072266 35.229827880859375
0.9996628165245056 0.014371703378856182 -0.02162511833012104 -0.9354981780052185 -0.01448735035955906 0.9998815655708313 -0.005200726445764303 -0.5934082269668579 0.021547814831137657 0.005512263625860214 0.9997527003288269 36.317176818847656
0.9996529221534729 0.014782184734940529 -0.02180682122707367 -0.9765050411224365 -0.01492000836879015 0.9998696446418762 -0.006171077024191618 -0.6063477993011475 0.021712755784392357 0.006494293455034494 0.9997431635856628 37.398521423339844
0.9996428489685059 0.014309919439256191 -0.02256980910897255 -1.0057809352874756 -0.014419129118323326 0.999885082244873 -0.004683481063693762 -0.6360538005828857 0.022500187158584595 0.0050072441808879375 0.9997342824935913 38.496212005615234
0.9996112585067749 0.01497574895620346 -0.023515019565820694 -1.0362991094589233 -0.015049614943563938 0.9998824000358582 -0.002967522945255041 -0.6517897248268127 0.023467807099223137 0.0033202606718987226 0.9997190237045288 39.58292007446289
0.9996129870414734 0.014301183633506298 -0.023858822882175446 -1.0717254877090454 -0.014307734556496143 0.9998976588249207 -0.00010390393435955048 -0.6796130537986755 0.023854894563555717 0.0004452294670045376 0.9997153282165527 40.678165435791016
0.9995773434638977 0.016066819429397583 -0.024225709959864616 -1.1101566553115845 -0.01607094332575798 0.9998708367347717 2.4501699954271317e-05 -0.7055097222328186 0.024222973734140396 0.0003648386336863041 0.9997065663337708 41.75245666503906
0.9995460510253906 0.016957847401499748 -0.024902252480387688 -1.1305675506591797 -0.017058826982975006 0.9998469948768616 -0.0038481245283037424 -0.7298038005828857 0.024833189323544502 0.004271180368959904 0.9996824860572815 42.840328216552734
0.9995267391204834 0.01818850450217724 -0.02480848878622055 -1.1665221452713013 -0.01839352212846279 0.9997983574867249 -0.0080609992146492 -0.7492885589599609 0.02465686947107315 0.008513499982655048 0.9996597170829773 43.920753479003906
0.9995207786560059 0.01849590241909027 -0.02482195384800434 -1.2008026838302612 -0.01870889961719513 0.999789834022522 -0.008376398123800755 -0.7747051119804382 0.024661807343363762 0.0088367760181427 0.9996568560600281 45.0030403137207
0.9995085597038269 0.01927168108522892 -0.024724790826439857 -1.2332736253738403 -0.019410518929362297 0.9997971057891846 -0.005387580953538418 -0.8027682900428772 0.024615950882434845 0.0058648549020290375 0.9996797442436218 46.10575485229492
0.9995062351226807 0.019577793776988983 -0.024577239528298378 -1.264393925666809 -0.0196693055331707 0.9998003840446472 -0.0034871322568506002 -0.8241021037101746 0.02450406737625599 0.003968827426433563 0.9996918439865112 47.207340240478516
0.9995403289794922 0.01799081079661846 -0.024404628202319145 -1.2968968152999878 -0.01804673671722412 0.9998348951339722 -0.002073301002383232 -0.8474591374397278 0.02436329983174801 0.002512771636247635 0.9997000694274902 48.295589447021484
0.999534010887146 0.01802450232207775 -0.024635639041662216 -1.3200957775115967 -0.018099509179592133 0.9998322129249573 -0.002825000323355198 -0.8720445036888123 0.024580584838986397 0.0032695771660655737 0.9996924996376038 49.390567779541016
0.9995545744895935 0.017400983721017838 -0.024247869849205017 -1.3569737672805786 -0.017526686191558838 0.9998340010643005 -0.0049811601638793945 -0.89105224609375 0.024157166481018066 0.005403926130384207 0.9996935129165649 50.480953216552734
0.9995675683021545 0.01744658499956131 -0.023669550195336342 -1.3879351615905762 -0.017617879435420036 0.9998199343681335 -0.007047788240015507 -0.9194259643554688 0.023542329668998718 0.00746174855157733 0.9996949434280396 51.56618881225586
0.9995895028114319 0.01662454940378666 -0.023331928998231888 -1.4180076122283936 -0.0168532095849514 0.9998114109039307 -0.009637943468987942 -0.9456415176391602 0.023167302832007408 0.010027204640209675 0.999681293964386 52.65800857543945
0.9996173977851868 0.015100371092557907 -0.02317589335143566 -1.447347640991211 -0.015397105365991592 0.9998010396957397 -0.012678941711783409 -0.9817744493484497 0.022979827597737312 0.01303093321621418 0.9996510148048401 53.745338439941406
0.9996412992477417 0.013010751456022263 -0.023407865315675735 -1.4665048122406006 -0.013350382447242737 0.9998069405555725 -0.014411911368370056 -1.013465404510498 0.02321583591401577 0.014719245955348015 0.999622106552124 54.830074310302734
0.9996681213378906 0.01145499013364315 -0.023073751479387283 -1.4956969022750854 -0.011732487939298153 0.9998600482940674 -0.011927273124456406 -1.04666006565094 0.022933896631002426 0.012194027192890644 0.9996625781059265 55.916175842285156
0.999686598777771 0.010120151564478874 -0.022900039330124855 -1.5222402811050415 -0.010262352414429188 0.9999287128448486 -0.006100630387663841 -1.0729773044586182 0.02283666655421257 0.006333726458251476 0.9997190833091736 57.01313400268555
0.9997087717056274 0.008233904838562012 -0.022683508694171906 -1.5465401411056519 -0.008242192678153515 0.999966025352478 -0.0002718934847507626 -1.0963536500930786 0.022680500522255898 0.00045877619413658977 0.9997426271438599 58.11891174316406
0.9997161626815796 0.006517759989947081 -0.022912481799721718 -1.5699009895324707 -0.006513260304927826 0.99997878074646 0.00027096481062471867 -1.1140649318695068 0.02291376143693924 -0.00012165296357125044 0.9997374415397644 59.210899353027344
0.99974125623703 0.0035574929788708687 -0.022469015792012215 -1.5975435972213745 -0.0036217134911566973 0.9999895095825195 -0.0028180971276015043 -1.1317193508148193 0.0224587582051754 0.0028987438417971134 0.9997435808181763 60.30134963989258
0.9997503757476807 0.0022556695621460676 -0.02222856879234314 -1.6276100873947144 -0.002389743225648999 0.9999790787696838 -0.00600688299164176 -1.1565477848052979 0.022214556112885475 0.006058503873646259 0.9997348785400391 61.40520095825195
0.9997426271438599 0.004393331240862608 -0.022254256531596184 -1.6615160703659058 -0.004615022335201502 0.9999400973320007 -0.009920218959450722 -1.183790683746338 0.02220933884382248 0.010020369663834572 0.9997031092643738 62.492279052734375
0.9997444748878479 0.0047267428599298 -0.0221070758998394 -1.6891580820083618 -0.005042825359851122 0.999885618686676 -0.014263991266489029 -1.2110763788223267 0.022037124261260033 0.014371827244758606 0.9996538758277893 63.57544708251953
0.9997397661209106 0.007349025458097458 -0.02159416489303112 -1.7190865278244019 -0.007671607192605734 0.999859631061554 -0.0148936677724123 -1.2415930032730103 0.02148168347775936 0.015055456198751926 0.9996558427810669 64.67831420898438
0.9997209906578064 0.011633666232228279 -0.020557358860969543 -1.7586841583251953 -0.011864936910569668 0.9998672008514404 -0.011164035648107529 -1.278249740600586 0.020424751564860344 0.011404831893742085 0.9997263550758362 65.79531860351562
0.9997089505195618 0.01299913227558136 -0.020321281626820564 -1.7898690700531006 -0.01318332739174366 0.9998729228973389 -0.008956621401011944 -1.3054091930389404 0.02020227164030075 0.009221917018294334 0.9997533559799194 66.88975524902344
0.9997159838676453 0.012048115022480488 -0.020560337230563164 -1.8110737800598145 -0.012217726558446884 0.9998921751976013 -0.00814385712146759 -1.333752989768982 0.02046000212430954 0.008392744697630405 0.9997554421424866 67.98417663574219
0.9997270107269287 0.010928484611213207 -0.020650746300816536 -1.8315520286560059 -0.01108668465167284 0.9999099373817444 -0.007561843376606703 -1.3614305257797241 0.020566247403621674 0.007788729388266802 0.9997581243515015 69.09310150146484
0.9997340440750122 0.009877441450953484 -0.020838789641857147 -1.8577090501785278 -0.010000521317124367 0.999933123588562 -0.005810337606817484 -1.3923927545547485 0.020780004560947418 0.006017190869897604 0.9997659921646118 70.18704223632812
0.9997428059577942 0.007816063240170479 -0.021291112527251244 -1.8817949295043945 -0.007897290401160717 0.9999618530273438 -0.0037336957175284624 -1.4178484678268433 0.02126111462712288 0.0039008772000670433 0.9997663497924805 71.28068542480469
0.9997307062149048 0.007339548319578171 -0.022012874484062195 -1.9136466979980469 -0.007390712387859821 0.9999701976776123 -0.0022438475862145424 -1.4443309307098389 0.021995749324560165 0.002405934501439333 0.9997550845146179 72.38814544677734
0.9997296333312988 0.006707430351525545 -0.022258296608924866 -1.9458377361297607 -0.006787057500332594 0.9999709129333496 -0.0035038525238633156 -1.4688165187835693 0.022234143689274788 0.0036539738066494465 0.9997460246086121 73.47787475585938
0.9997140169143677 0.006839867681264877 -0.022914428263902664 -1.9754395484924316 -0.007008248940110207 0.9999489784240723 -0.0072760251350700855 -1.4958829879760742 0.022863496094942093 0.007434534840285778 0.9997109770774841 74.56620025634766
0.9996851086616516 0.007446796167641878 -0.023964524269104004 -1.9996838569641113 -0.0076694549061357975 0.9999281764030457 -0.009212684817612171 -1.5225582122802734 0.02389420010149479 0.00939357839524746 0.9996703863143921 75.64628601074219
0.9996592402458191 0.009262213483452797 -0.024401599541306496 -2.0356011390686035 -0.009451337158679962 0.9999260902404785 -0.007646576967090368 -1.5492405891418457 0.02432897500693798 0.007874598726630211 0.9996730089187622 76.73387145996094
0.9996324181556702 0.010321293957531452 -0.025069789960980415 -2.06772780418396 -0.010412970557808876 0.9999395608901978 -0.003529010806232691 -1.5712183713912964 0.02503184974193573 0.0037887627258896828 0.9996795654296875 77.81106567382812
0.9996131062507629 0.011304921470582485 -0.025414422154426575 -2.104785442352295 -0.011287659406661987 0.9999359250068665 0.0008225907222367823 -1.602048635482788 0.025422094389796257 -0.000535402970854193 0.9996766448020935 78.88970184326172
0.9995812773704529 0.012609828263521194 -0.02604297176003456 -2.1410791873931885 -0.012581609189510345 0.9999200105667114 0.0012472085654735565 -1.618118405342102 0.02605661191046238 -0.000919023877941072 0.9996600151062012 79.9617919921875
0.9995752573013306 0.012507752515375614 -0.026327025145292282 -2.1785426139831543 -0.012538660317659378 0.9999208450317383 -0.0010092288721352816 -1.6359474658966064 0.026312323287129402 0.0013389058876782656 0.9996528625488281 81.0306396484375
0.9995646476745605 0.012280214577913284 -0.02683154121041298 -2.217789888381958 -0.012321162037551403 0.9999231696128845 -0.0013613401679322124 -1.6648533344268799 0.026812760159373283 0.00169134302996099 0.9996389746665955 82.10060119628906
0.9995566010475159 0.011649643070995808 -0.027403511106967926 -2.2484560012817383 -0.01169213093817234 0.9999306797981262 -0.0013907905668020248 -1.6879003047943115 0.02738540805876255 0.0017105791484937072 0.9996235370635986 83.1543197631836
0.9995508193969727 0.010228368453681469 -0.028168244287371635 -2.2841084003448486 -0.010263676755130291 0.9999467134475708 -0.0011091770138591528 -1.7059192657470703 0.02815539576113224 0.0013977884082123637 0.9996026158332825 84.19702911376953
0.9995408058166504 0.009359817020595074 -0.028820006176829338 -2.3128726482391357 -0.009359455667436123 0.9999561905860901 0.00014742727216798812 -1.7301521301269531 0.028820132836699486 0.0001223799481522292 0.9995845556259155 85.22745513916016
0.9995296001434326 0.00966726429760456 -0.02910510078072548 -2.350314140319824 -0.009587191976606846 0.9999498128890991 0.0028894024435430765 -1.7513329982757568 0.02913157269358635 -0.0026090070605278015 0.9995721578598022 86.23284912109375
0.9995028376579285 0.008554097265005112 -0.030345382168889046 -2.384617328643799 -0.008435462601482868 0.9999561905860901 0.004035305231809616 -1.7745940685272217 0.030378568917512894 -0.0037773214280605316 0.9995312690734863 87.2103500366211
0.9994484186172485 0.007112952880561352 -0.032437216490507126 -2.4207890033721924 -0.006990739144384861 0.9999679923057556 0.003879561787471175 -1.787400722503662 0.03246377408504486 -0.003650662489235401 0.9994661808013916 88.1882095336914
0.99933922290802 0.006259560585021973 -0.03580475598573685 -2.456845760345459 -0.0061531332321465015 0.9999762773513794 0.0030818863306194544 -1.807765245437622 0.03582319989800453 -0.0028595386538654566 0.9993540048599243 89.11998748779297
0.9992204308509827 0.006177482660859823 -0.038992349058389664 -2.5012059211730957 -0.006097286008298397 0.9999790787696838 0.0021753055043518543 -1.8263108730316162 0.03900497034192085 -0.001935862354002893 0.999237060546875 90.04075622558594
0.9990910291671753 0.006184219848364592 -0.04217567294836044 -2.5448708534240723 -0.006076658610254526 0.9999779462814331 0.0026780308689922094 -1.8460654020309448 0.042191311717033386 -0.002419309690594673 0.9991065859794617 90.93817138671875
0.9989393353462219 0.007266146596521139 -0.04546932876110077 -2.588587760925293 -0.00710142869502306 0.9999675750732422 0.0037830821238458157 -1.863471508026123 0.04549534618854523 -0.0034561720676720142 0.9989585280418396 91.80442810058594
0.9988006353378296 0.007994178682565689 -0.04830522462725639 -2.6409645080566406 -0.00776936998590827 0.9999580979347229 0.004839892964810133 -1.8799293041229248 0.04834188520908356 -0.00445878691971302 0.9988210201263428 92.65145111083984
0.9986264705657959 0.009340176358819008 -0.05155494064092636 -2.686149835586548 -0.009029190987348557 0.9999396800994873 0.00626175245270133 -1.8930423259735107 0.0516103133559227 -0.005787651985883713 0.9986505508422852 93.46944427490234
0.9984930157661438 0.010606209747493267 -0.05384426563978195 -2.7415831089019775 -0.010238413698971272 0.9999223947525024 0.007102014496922493 -1.908106803894043 0.053915418684482574 -0.0065400321036577225 0.9985240697860718 94.25653839111328
0.9983224272727966 0.012795018032193184 -0.05646764859557152 -2.790426731109619 -0.012369628064334393 0.9998924732208252 0.007876450195908546 -1.9292056560516357 0.056562356650829315 -0.00716475211083889 0.9983733892440796 95.02261352539062
0.9981226325035095 0.01450858823955059 -0.059504084289073944 -2.83642578125 -0.014134151861071587 0.9998776316642761 0.00670870253816247 -1.9426438808441162 0.05959414690732956 -0.005855066701769829 0.9982055425643921 95.75349426269531
0.9979633688926697 0.015858959406614304 -0.06178680434823036 -2.8934872150421143 -0.015695352107286453 0.9998718500137329 0.003132397774606943 -1.961606502532959 0.06182856112718582 -0.0021562515757977962 0.9980844855308533 96.44444274902344
0.9977624416351318 0.018437113612890244 -0.06426580250263214 -2.951612710952759 -0.01850796304643154 0.999828577041626 -0.0005072373896837234 -1.9735355377197266 0.06424544751644135 0.001695530954748392 0.9979326725006104 97.11961364746094
0.9975861310958862 0.01986646093428135 -0.06653658300638199 -2.9924497604370117 -0.020129650831222534 0.9997919797897339 -0.00328746042214334 -1.991567850112915 0.06645742803812027 0.00461888313293457 0.9977785348892212 97.76441192626953
0.9974786043167114 0.022074706852436066 -0.06744788587093353 -3.039750099182129 -0.022406887263059616 0.9997401833534241 -0.004172394052147865 -2.0067172050476074 0.0673382505774498 0.005673170555382967 0.9977140426635742 98.38238525390625
0.9974898099899292 0.024469615891575813 -0.06644778698682785 -3.090855360031128 -0.024776652455329895 0.9996858239173889 -0.0038005097303539515 -2.0204827785491943 0.06633391976356506 0.00543732475489378 0.9977827072143555 98.96560668945312
0.9976316690444946 0.028264950960874557 -0.06270786374807358 -3.1517419815063477 -0.0284736268222332 0.9995916485786438 -0.002436402253806591 -2.0343711376190186 0.06261336803436279 0.004216151311993599 0.9980290532112122 99.53594970703125
0.9978417158126831 0.03065331093966961 -0.0580725260078907 -3.1688148975372314 -0.030767658725380898 0.9995260238647461 -0.001075750682502985 -2.049663782119751 0.05801202356815338 0.002860184758901596 0.9983117580413818 100.08208465576172
0.9982190132141113 0.03148641437292099 -0.05066981911659241 -3.198052406311035 -0.03145969659090042 0.9995041489601135 0.0013249651528894901 -2.067573308944702 0.05068641155958176 0.0002714516595005989 0.9987145662307739 100.59171295166016
0.9986753463745117 0.031580518931150436 -0.04062546044588089 -3.2198472023010254 -0.03145783767104149 0.9994984269142151 0.0036556969862431288 -2.078678607940674 0.04072052985429764 -0.002372865565121174 0.999167799949646 101.09387969970703
0.9990871548652649 0.03122980333864689 -0.029147718101739883 -3.216444492340088 -0.031102975830435753 0.9995046854019165 0.004794564098119736 -2.090451955795288 0.029283015057444572 -0.0038836058229207993 0.9995635747909546 101.57675170898438
0.9994180202484131 0.030289921909570694 -0.015691883862018585 -3.21527099609375 -0.030215030536055565 0.9995310306549072 0.00498788058757782 -2.1026387214660645 0.015835603699088097 -0.004510846920311451 0.999864399433136 102.03509521484375
0.9995414614677429 0.030277090147137642 -0.0003970954567193985 -3.2084643840789795 -0.03027534857392311 0.9995343089103699 0.0038262230809777975 -2.1107728481292725 0.0005127619951963425 -0.003812447190284729 0.9999926090240479 102.47290802001953
0.9994361400604248 0.02889159694314003 0.01710721105337143 -3.1790037155151367 -0.028907064348459244 0.9995818734169006 0.0006575500592589378 -2.12119197845459 -0.017081061378121376 -0.0011516979429870844 0.9998534321784973 102.89895629882812
0.9988498091697693 0.028497468680143356 0.03856036812067032 -3.154473304748535 -0.028373412787914276 0.9995903968811035 -0.003760584630072117 -2.13592267036438 -0.038651734590530396 0.002662170212715864 0.9992492198944092 103.31593322753906
0.9976819157600403 0.026413649320602417 0.06271390616893768 -3.105787754058838 -0.025903308764100075 0.9996245503425598 -0.008936852216720581 -2.1429576873779297 -0.06292641162872314 0.007291639223694801 0.9979915022850037 103.7217025756836
0.9956690073013306 0.02423139102756977 0.08975648134946823 -3.0431976318359375 -0.023257680237293243 0.9996589422225952 -0.011878605000674725 -2.154531717300415 -0.09001370519399643 0.009739633649587631 0.9958929419517517 104.13651275634766
0.9926305413246155 0.021271368488669395 0.1192985400557518 -2.9629735946655273 -0.01987869292497635 0.9997197985649109 -0.012851878069341183 -2.1719393730163574 -0.11953850090503693 0.010385668836534023 0.9927753210067749 104.52899932861328
0.9882146120071411 0.019131407141685486 0.15187454223632812 -2.874608039855957 -0.017050787806510925 0.9997423887252808 -0.01499025896191597 -2.184279441833496 -0.15212218463420868 0.012224014848470688 0.9882860779762268 104.88420867919922
0.9820044040679932 0.01689308136701584 0.18810075521469116 -2.7820472717285156 -0.014058483764529228 0.9997667670249939 -0.01639358326792717 -2.2007689476013184 -0.18833386898040771 0.01345415972173214 0.9820128679275513 105.25467681884766
0.9740103483200073 0.013441365212202072 0.22610417008399963 -2.6577320098876953 -0.009732267819344997 0.9997992515563965 -0.01751110516488552 -2.211585521697998 -0.22629418969154358 0.014855493791401386 0.973945677280426 105.61949920654297
0.9638195633888245 0.011446810327470303 0.2663097381591797 -2.533143997192383 -0.006778019480407238 0.9998068809509277 -0.01844397373497486 -2.2277603149414062 -0.26646941900253296 0.015971612185239792 0.9637110233306885 105.96676635742188
0.9512991309165955 0.012108338065445423 0.30803149938583374 -2.403736114501953 -0.00648347195237875 0.9997930526733398 -0.01927761361002922 -2.2474372386932373 -0.3082011938095093 0.016341663897037506 0.9511808156967163 106.28751373291016
0.9359118938446045 0.014254328794777393 0.3519456386566162 -2.2559242248535156 -0.007588549982756376 0.9997648596763611 -0.020312119275331497 -2.2578814029693604 -0.35215237736701965 0.016339600086212158 0.9358000755310059 106.60839080810547
0.9178729057312012 0.014543980360031128 0.39660799503326416 -2.0848426818847656 -0.007520729675889015 0.9997863173484802 -0.019257802516222 -2.270637273788452 -0.3968032896518707 0.014693433418869972 0.9177861213684082 106.929931640625
0.897331178188324 0.01327674649655819 0.4411582350730896 -1.9030647277832031 -0.005921086296439171 0.9998196959495544 -0.018046073615550995 -2.2838940620422363 -0.44131824374198914 0.01358116790652275 0.897247850894928 107.23533630371094
0.873934805393219 0.012271050363779068 0.48588818311691284 -1.7102470397949219 -0.003677575383335352 0.9998196363449097 -0.018635714426636696 -2.2983274459838867 -0.4860292375087738 0.014499510638415813 0.8738223314285278 107.50933837890625
0.8485326766967773 0.013654923997819424 0.5289667844772339 -1.4893608093261719 -0.002831768710166216 0.9997698664665222 -0.02126585692167282 -2.3130691051483154 -0.5291354656219482 0.016546865925192833 0.8483760356903076 107.79833221435547
0.8208349347114563 0.014900073409080505 0.5709709525108337 -1.2732963562011719 -0.001256164745427668 0.9997043609619141 -0.02428242936730385 -2.336275577545166 -0.571164071559906 0.019214637577533722 0.8206111192703247 108.048583984375
0.7894707322120667 0.019538983702659607 0.6134771108627319 -1.0399742126464844 -0.0028005000203847885 0.9995973706245422 -0.028232848271727562 -2.3577334880828857 -0.6137818098068237 0.020570965483784676 0.7892076373100281 108.31358337402344
0.7554882168769836 0.025767898187041283 0.6546553373336792 -0.7833023071289062 -0.005935836583375931 0.9994544386863708 -0.03248944506049156 -2.367570161819458 -0.6551353335380554 0.020659465342760086 0.7552290558815002 108.56389617919922
0.7177814245223999 0.030579902231693268 0.6955966353416443 -0.511749267578125 -0.007573862560093403 0.9993188381195068 -0.03611676022410393 -2.372424840927124 -0.6962273716926575 0.020655591040849686 0.7175241708755493 108.80918884277344
0.6785308718681335 0.030562737956643105 0.7339358329772949 -0.21507644653320312 -0.005599208641797304 0.9993202686309814 -0.036437418311834335 -2.395813226699829 -0.7345506548881531 0.02061445266008377 0.6782407760620117 109.031982421875
0.6375779509544373 0.027991821989417076 0.7698770761489868 0.0991058349609375 -0.0011266907677054405 0.9993723630905151 -0.03540293127298355 -2.408815860748291 -0.7703850269317627 0.021704718470573425 0.6372094750404358 109.23042297363281
0.5928620100021362 0.026234403252601624 0.8048766255378723 0.42584228515625 0.0007177856750786304 0.9994516372680664 -0.03310515359044075 -2.4166910648345947 -0.8053037524223328 0.020204517990350723 0.5925180912017822 109.44097900390625
0.5483220815658569 0.02511599101126194 0.8358901143074036 0.7618522644042969 0.002367849927395582 0.999498188495636 -0.03158518299460411 -2.4214248657226562 -0.83626389503479 0.019298110157251358 0.5479875206947327 109.56991577148438
0.5002366304397583 0.022608842700719833 0.8655934929847717 1.1214637756347656 0.004424978978931904 0.9995793104171753 -0.02866572141647339 -2.4334282875061035 -0.8658774495124817 0.01816987805068493 0.49992606043815613 109.73381042480469
0.44927307963371277 0.018825234845280647 0.8931961059570312 1.4905128479003906 0.007901681587100029 0.9996550679206848 -0.02504350058734417 -2.4445536136627197 -0.8933595418930054 0.01830911822617054 0.44896942377090454 109.87928771972656
0.3966776728630066 0.01894359663128853 0.9177624583244324 1.8485946655273438 0.004368311259895563 0.9997367262840271 -0.02252371609210968 -2.47257924079895 -0.9179475903511047 0.01294372696429491 0.39649054408073425 110.00920104980469
0.3448140025138855 0.023690249770879745 0.938372015953064 2.2369842529296875 0.0011172844097018242 0.9996703267097473 -0.02564835175871849 -2.488175392150879 -0.9386703968048096 0.009892337955534458 0.3446738123893738 110.13265991210938
0.2946356534957886 0.02964572049677372 0.9551496505737305 2.658853530883789 0.0004979390650987625 0.9995138049125671 -0.031176278367638588 -2.492947578430176 -0.9556095004081726 0.009661251679062843 0.2944776713848114 110.23074340820312
0.24799437820911407 0.03180341422557831 0.9682393670082092 3.0655136108398438 0.0024743550457060337 0.9994369745254517 -0.03346191346645355 -2.5066323280334473 -0.9687582850456238 0.010694132186472416 0.2477761059999466 110.29943084716797
0.20708084106445312 0.031520530581474304 0.9778159260749817 3.4884395599365234 0.009713850915431976 0.9993653297424316 -0.03427238017320633 -2.5258092880249023 -0.9782755970954895 0.016595508903265 0.2066432535648346 110.34423065185547
0.17189547419548035 0.03139210119843483 0.984614908695221 3.92181396484375 0.018391048535704613 0.9992157220840454 -0.035068344324827194 -2.53838849067688 -0.9849435091018677 0.024136191233992577 0.17118331789970398 110.38128662109375
0.14128679037094116 0.0326676070690155 0.9894295930862427 4.373249053955078 0.02253209799528122 0.9990904331207275 -0.03620406985282898 -2.555685520172119 -0.9897122979164124 0.027409076690673828 0.14042222499847412 110.41839599609375
0.1130734235048294 0.030787775292992592 0.9931095242500305 4.84498405456543 0.020893607288599014 0.9992251992225647 -0.03335626795887947 -2.5787770748138428 -0.9933668971061707 0.024521343410015106 0.11234249174594879 110.4631576538086
0.08740517497062683 0.027533596381545067 0.9957922697067261 5.353072166442871 0.014738972298800945 0.9994728565216064 -0.02892906963825226 -2.5929934978485107 -0.996063768863678 0.017205504700541496 0.08695328235626221 110.50828552246094
0.0638379231095314 0.02349623292684555 0.9976836442947388 5.847253322601318 0.009761390276253223 0.9996602535247803 -0.0241673793643713 -2.6131491661071777 -0.9979125261306763 0.01128157414495945 0.06358686089515686 110.53384399414062
0.04117394611239433 0.02093859761953354 0.9989326000213623 6.371651649475098 0.013972640037536621 0.9996705651283264 -0.021529991179704666 -2.6350364685058594 -0.9990541934967041 0.014844200573861599 0.04086780920624733 110.53827667236328
0.021156389266252518 0.021829145029187202 0.9995378255844116 6.909064292907715 0.021662509068846703 0.9995167851448059 -0.02228720299899578 -2.6534578800201416 -0.9995414018630981 0.02212401293218136 0.02067330852150917 110.52088165283203
0.0038442835211753845 0.02426861599087715 0.9996980428695679 7.461935043334961 0.027174564078450203 0.9993337392807007 -0.02436426840722561 -2.672680139541626 -0.9996232986450195 0.02726002410054207 0.0031822435557842255 110.5013656616211
-0.011203773319721222 0.02958367019891739 0.999499499797821 8.070114135742188 0.025901945307850838 0.9992354512214661 -0.029285509139299393 -2.6958723068237305 -0.9996016621589661 0.025560874491930008 -0.011961475014686584 110.51095581054688
-0.02187405526638031 0.03456275537610054 0.9991632103919983 8.687959671020508 0.024951154366135597 0.9991098046302795 -0.03401467576622963 -2.6990644931793213 -0.9994493126869202 0.024186231195926666 -0.022716954350471497 110.50175476074219
-0.027976881712675095 0.034066181629896164 0.9990279078483582 9.306865692138672 0.026089346036314964 0.9991035461425781 -0.03333815932273865 -2.7282745838165283 -0.9992680549621582 0.025131285190582275 -0.0288405641913414 110.468017578125
-0.03056460991501808 0.0311741940677166 0.9990465044975281 9.953032493591309 0.0326659120619297 0.9990106821060181 -0.030173707753419876 -2.7468366622924805 -0.9989988207817078 0.031712524592876434 -0.03155270591378212 110.44181060791016
-0.030105656012892723 0.029221821576356888 0.9991194009780884 10.604205131530762 0.034184399992227554 0.9990179538726807 -0.028188804164528847 -2.775005578994751 -0.9989619255065918 0.033305663615465164 -0.031075019389390945 110.41705322265625
-0.027984825894236565 0.028835127130150795 0.9991923570632935 11.285605430603027 0.03261178359389305 0.999078094959259 -0.027918457984924316 -2.8000566959381104 -0.9990761280059814 0.031804151833057404 -0.02889939397573471 110.39952850341797
-0.026440460234880447 0.02919255755841732 0.9992241859436035 11.992786407470703 0.02955365739762783 0.9991593956947327 -0.028408650308847427 -2.8280935287475586 -0.999213457107544 0.028779583051800728 -0.027280982583761215 110.38948822021484
-0.025351816788315773 0.030552702024579048 0.9992116093635559 12.707439422607422 0.028955405578017235 0.9991359114646912 -0.029815740883350372 -2.8460988998413086 -0.9992592334747314 0.028176691383123398 -0.02621457166969776 110.37881469726562
-0.02466166950762272 0.03125489875674248 0.9992071986198425 13.432294845581055 0.027976365759968758 0.9991412162780762 -0.030562348663806915 -2.8776230812072754 -0.9993042945861816 0.02720046602189541 -0.025514891371130943 110.3700942993164
-0.023676548153162003 0.03085518814623356 0.9992433190345764 14.184439659118652 0.0273439884185791 0.999169647693634 -0.030205009505152702 -2.9069631099700928 -0.9993456602096558 0.02660815417766571 -0.024500595405697823 110.3577651977539
