1.0 -4.792607796844095e-06 -2.1242735783744138e-06 1.589737985341344e-05 4.792606887349393e-06 1.0 -4.4098590024077566e-07 3.6745229863299755e-06 2.1242756247374928e-06 4.409757252687996e-07 1.0 -9.435729566575901e-07
0.9999973177909851 0.0010362695902585983 0.0020667461212724447 -0.009298978373408318 -0.0010340475710108876 0.9999988675117493 -0.0010758970165625215 -0.016910327598452568 -0.0020678588189184666 0.0010737570701166987 0.9999972581863403 1.2061196565628052
0.9999866485595703 0.0015266055706888437 0.004931736271828413 -0.03794701397418976 -0.0015220550121739507 0.9999983906745911 -0.0009263376123271883 -0.0339357852935791 -0.004933142568916082 0.0009188188123516738 0.9999874234199524 2.410501003265381
0.9999815225601196 0.001091435900889337 0.005979599896818399 -0.03645151108503342 -0.0010879833716899157 0.9999992251396179 -0.0005806071567349136 -0.05298423394560814 -0.005980228073894978 0.0005740906926803291 0.9999819397926331 3.612529754638672
0.9999757409095764 0.0009347866871394217 0.0069099655374884605 -0.0332740843296051 -0.000929898233152926 0.9999992847442627 -0.0007106359698809683 -0.07301300764083862 -0.006910625379532576 0.0007041930803097785 0.9999758005142212 4.806265830993652
0.9999725222587585 0.0004962268867529929 0.007398384157568216 -0.024806220084428787 -0.0004935922333970666 0.9999998211860657 -0.00035793642746284604 -0.0976397693157196 -0.007398561574518681 0.00035427481634542346 0.9999725818634033 6.026571273803711
0.9999685287475586 0.0007207711460068822 0.00789372343569994 -0.018127037212252617 -0.0007103712414391339 0.9999988675117493 -0.00132021214812994 -0.1200416162610054 -0.007894666865468025 0.0013145632110536098 0.9999679923057556 7.2282023429870605
0.9999619126319885 0.0006223874515853822 0.008704791776835918 -0.01090608723461628 -0.0006100786267779768 0.9999988079071045 -0.0014166124165058136 -0.14513219892978668 -0.008705663494765759 0.0014112481148913503 0.9999611377716064 8.445894241333008
0.9999586939811707 0.00038956900243647397 0.009077567607164383 -0.008323282934725285 -0.0003902092284988612 0.9999999403953552 6.875592953292653e-05 -0.16889463365077972 -0.009077540598809719 -7.229526090668514e-05 0.9999587535858154 9.642232894897461
0.9999701380729675 6.974369171075523e-05 0.007727242074906826 -0.006577273830771446 -7.875112351030111e-05 0.9999993443489075 0.0011653737165033817 -0.19206805527210236 -0.0077271549962460995 -0.001165947294794023 0.9999694228172302 10.831104278564453
0.9999828934669495 -0.0017101233825087547 0.005592104513198137 -0.007435253821313381 0.0017065993743017316 0.9999983310699463 0.0006348885945044458 -0.2139335572719574 -0.005593182053416967 -0.0006253343890421093 0.9999841451644897 12.037656784057617
0.9999912977218628 -0.001322600175626576 0.003953839652240276 -0.017531665042042732 0.001321840682066977 0.9999991059303284 0.00019467674428597093 -0.23157791793346405 -0.003954093903303146 -0.0001894486922537908 0.9999921321868896 13.237997055053711
0.9999963641166687 -0.0014101590495556593 0.0023253015242516994 -0.01108737476170063 0.001409990480169654 0.999998927116394 7.41353869671002e-05 -0.25556832551956177 -0.002325403969734907 -7.085638935677707e-05 0.9999972581863403 14.431143760681152
0.9999990463256836 -2.167522325180471e-05 0.001365932752378285 -0.011139647103846073 2.1886435206397437e-05 1.0 -0.00015464070020243526 -0.276710569858551 -0.001365929376333952 0.00015467044431716204 0.9999990463256836 15.631978034973145
0.9999995231628418 -0.00016613745538052171 0.0008648535585962236 -0.01574716903269291 0.00016620257520116866 0.9999999403953552 -7.521505904151127e-05 -0.2963237762451172 -0.0008648408693261445 7.535873737651855e-05 0.9999996423721313 16.831506729125977
0.9999993443489075 -0.0011230282252654433 -7.992244354682043e-05 -0.01399265043437481 0.0011230440577492118 0.9999994039535522 0.00019903563952539116 -0.31484267115592957 7.969888247316703e-05 -0.00019912523566745222 1.0 18.00938606262207
0.9999995231628418 -0.0009546813671477139 -0.00021049035422038287 -0.021159257739782333 0.0009548140224069357 0.9999993443489075 0.0006316935759969056 -0.34022024273872375 0.00020988726464565843 -0.0006318943342193961 0.9999997019767761 19.22540855407715
0.9999986886978149 -0.0007403871859423816 -0.0014570775674656034 -0.024378551170229912 0.0007402724004350603 0.9999997615814209 -7.925002137199044e-05 -0.3636886775493622 0.0014571360079571605 7.817126606823877e-05 0.999998927116394 20.42080307006836
0.9999986886978149 -0.001121009700000286 -0.0011530896881595254 -0.04277139902114868 0.0011198323918506503 0.9999988079071045 -0.0010208893800154328 -0.3882747292518616 0.0011542331194505095 0.0010195969371125102 0.9999988079071045 21.626659393310547
0.9999980926513672 5.8711437304737046e-05 -0.0019268455216661096 -0.05011012777686119 -5.988815246382728e-05 0.9999997615814209 -0.0006104755448177457 -0.40655896067619324 0.001926809549331665 0.0006105898646637797 0.9999979138374329 22.827455520629883
0.9999969005584717 -0.0004370937531348318 -0.002440868644043803 -0.06678298115730286 0.00043538649333640933 0.9999996423721313 -0.0006999363540671766 -0.4318421185016632 0.002441174117848277 0.0006988715031184256 0.9999967813491821 24.01236343383789
0.9999939203262329 -0.0002568465133663267 -0.003459891537204385 -0.07703707367181778 0.0002525739255361259 0.9999991655349731 -0.001235238742083311 -0.4549510180950165 0.003460206091403961 0.0012343573616817594 0.9999932050704956 25.205158233642578
0.9999904036521912 -3.1433919502887875e-05 -0.0043821497820317745 -0.08660425990819931 3.0080242140684277e-05 0.9999999403953552 -0.0003089676611125469 -0.4834999740123749 0.004382158163934946 0.0003088328812737018 0.9999903440475464 26.394329071044922
0.9999860525131226 -0.0015714034670963883 -0.00505282636731863 -0.09703753143548965 0.0015789649914950132 0.999997615814209 0.001492808572947979 -0.5032035112380981 0.005050467327237129 -0.0015007659094408154 0.9999861121177673 27.599044799804688
0.9999797344207764 -0.001616932451725006 -0.006146776024252176 -0.10559295117855072 0.001625790260732174 0.9999976754188538 0.0014363931259140372 -0.5245108008384705 0.0061444384045898914 -0.0014463573461398482 0.9999800324440002 28.787485122680664
0.9999719858169556 -0.002423733239993453 -0.00707154581323266 -0.11844375729560852 0.0024295737966895103 0.9999967217445374 0.0008175369584932923 -0.5475993752479553 0.007069540210068226 -0.0008346947724930942 0.9999746680259705 29.98780059814453
0.9999663233757019 -0.0024846300948411226 -0.007819537073373795 -0.12974219024181366 0.002481857780367136 0.9999967813491821 -0.00036417270894162357 -0.5652531981468201 0.007820415310561657 0.00034475346910767257 0.9999693632125854 31.175029754638672
0.9999596476554871 -0.001955348765477538 -0.008768774569034576 -0.14379437267780304 0.0019535792525857687 0.9999980330467224 -0.0002103501174133271 -0.5856281518936157 0.008769168518483639 0.0001932110608322546 0.9999615550041199 32.3697395324707
0.9999522566795349 -0.0020446819253265858 -0.009560612961649895 -0.1588606983423233 0.0020474009215831757 0.9999979138374329 0.00027464673621580005 -0.6060954332351685 0.00956003088504076 -0.0002942080900538713 0.9999542832374573 33.573509216308594
0.9999479055404663 -0.002845281735062599 -0.009797323495149612 -0.17846311628818512 0.0028498980682343245 0.9999958276748657 0.0004572387842927128 -0.6278248429298401 0.009795982390642166 -0.0004851363191846758 0.9999518990516663 34.768924713134766
0.9999370574951172 -0.0035229609347879887 -0.01064699050039053 -0.18940289318561554 0.0035299942828714848 0.9999935626983643 0.0006418925477191806 -0.6524308919906616 0.010644661262631416 -0.0006794360233470798 0.9999430775642395 35.967796325683594
0.9999305009841919 -0.0035520310048013926 -0.011233188211917877 -0.20903140306472778 0.0035566180013120174 0.9999935626983643 0.0003883667814079672 -0.6700670719146729 0.011231735348701477 -0.00042829191079363227 0.9999368786811829 37.167850494384766
0.999932050704956 -0.0042321947403252125 -0.010863613337278366 -0.23375873267650604 0.004246113821864128 0.9999901652336121 0.0012584204087033868 -0.6966678500175476 0.010858181864023209 -0.0013044633669778705 0.9999401569366455 38.35183334350586
0.9999328255653381 -0.0039116195403039455 -0.010904618538916111 -0.24438323080539703 0.00393647002056241 0.9999896883964539 0.0022583953104913235 -0.7091603875160217 0.01089567132294178 -0.0023011695593595505 0.9999380111694336 39.55546951293945
0.9999248385429382 -0.003740631276741624 -0.01167527586221695 -0.2505699694156647 0.003779323073104024 0.9999874234199524 0.0032936614006757736 -0.734329879283905 0.011662809178233147 -0.003337538568302989 0.9999264478683472 40.74406814575195
0.9999316334724426 -0.0027480681892484426 -0.011364376172423363 -0.26890695095062256 0.0027778276707977057 0.9999926686286926 0.002603724133223295 -0.7478929758071899 0.011357137002050877 -0.0026351138949394226 0.999932050704956 41.931312561035156
0.999937117099762 -0.002054534386843443 -0.011024088598787785 -0.28807955980300903 0.002076190896332264 0.9999958872795105 0.0019533939193934202 -0.7574524879455566 0.01102002989500761 -0.001976159168407321 0.9999372959136963 43.12794876098633
0.9999470710754395 0.00048126967158168554 -0.010276355780661106 -0.3114354610443115 -0.0004396716831251979 0.9999917149543762 0.004049820825457573 -0.7757235765457153 0.010278220288455486 -0.004045088309794664 0.99993896484375 44.34476089477539
0.9999586343765259 0.00041473450255580246 -0.009086718782782555 -0.3285495340824127 -0.0003440409782342613 0.9999696612358093 0.007780052721500397 -0.8035975694656372 0.009089669212698936 -0.007776603568345308 0.9999284744262695 45.528831481933594
0.9999737739562988 0.0007539095240645111 -0.007205218076705933 -0.34946683049201965 -0.0006804760778322816 0.9999478459358215 0.01018873043358326 -0.8103809356689453 0.007212522905319929 -0.010183559730648994 0.9999220967292786 46.724788665771484
0.9999810457229614 0.001453712466172874 -0.005973591934889555 -0.3514462113380432 -0.0013702923897653818 0.9999018311500549 0.013945267535746098 -0.8189284801483154 0.00599327776581049 -0.01393681950867176 0.9998849630355835 47.9271125793457
0.9999915361404419 0.0005051885964348912 -0.004086408764123917 -0.37519773840904236 -0.0004426336381584406 0.9998828768730164 0.015294508077204227 -0.8326637148857117 0.004093657247722149 -0.015292567200958729 0.9998747110366821 49.126678466796875
0.999995768070221 -0.0016173510812222958 -0.002418146701529622 -0.3835664391517639 0.0016504889354109764 0.9999039173126221 0.01376519538462162 -0.8357424736022949 0.002395651303231716 -0.013769127428531647 0.9999023675918579 50.34059524536133
0.9999990463256836 -0.00022578545031137764 -0.001340518705546856 -0.390704870223999 0.00024200460757128894 0.9999265670776367 0.012111303396522999 -0.8392269611358643 0.0013376872520893812 -0.012111617252230644 0.9999257326126099 51.532588958740234
0.9999997019767761 -0.00039444532012566924 -0.0005273158894851804 -0.39830151200294495 0.00040052508120425045 0.9999328255653381 0.011579655110836029 -0.8438915014266968 0.0005227136425673962 -0.011579862795770168 0.9999327659606934 52.739253997802734
0.9999996423721313 -0.0006053895340301096 -0.0005280819605104625 -0.4083459973335266 0.0006112928967922926 0.9999364614486694 0.011251317337155342 -0.852954089641571 0.0005212376709096134 -0.01125163584947586 0.999936580657959 53.93254852294922
0.9999974370002747 -0.0019306279718875885 -0.0011682941112667322 -0.40843525528907776 0.0019423026824370027 0.9999474883079529 0.010075759142637253 -0.862557053565979 0.001148780225776136 -0.010078003630042076 0.9999485611915588 55.15237808227539
0.9999935030937195 -0.0017605210887268186 -0.0031384804751724005 -0.41377556324005127 0.0017937824595719576 0.9999419450759888 0.010626792907714844 -0.8687732219696045 0.0031195899937301874 -0.010632351972162724 0.9999386072158813 56.364654541015625
0.9999889135360718 -0.0020339381881058216 -0.004249559249728918 -0.428106427192688 0.002083782572299242 0.9999287128448486 0.011758120730519295 -0.8792641162872314 0.0042253402061760426 -0.011766847223043442 0.9999218583106995 57.560726165771484
0.9999834895133972 -0.0025350626092404127 -0.005165998823940754 -0.4391553997993469 0.0025971585419028997 0.9999240040779114 0.012049157172441483 -0.8860386610031128 0.005135060753673315 -0.012062376365065575 0.9999141097068787 58.76854705810547
0.9999790787696838 -0.0012153106508776546 -0.006349867209792137 -0.4463776648044586 0.0012929493095725775 0.9999243021011353 0.012236950919032097 -0.8992051482200623 0.006334514822810888 -0.012244905345141888 0.999904990196228 59.961212158203125
0.9999737739562988 -0.0008968219626694918 -0.0071824523620307446 -0.45719289779663086 0.0009816999081522226 0.999929666519165 0.01182260736823082 -0.9032694697380066 0.00717134540900588 -0.011829349212348461 0.9999042749404907 61.167083740234375
0.999972403049469 -0.0023250915110111237 -0.007044782862067223 -0.4730527698993683 0.00240486953407526 0.9999327659606934 0.011337187141180038 -0.9112491607666016 0.007017949130386114 -0.011353815905749798 0.9999108910560608 62.36751174926758
0.999968945980072 -0.0032150857150554657 -0.007174224592745304 -0.4872310161590576 0.0032917654607445 0.9999372959136963 0.010702123865485191 -0.9212955236434937 0.007139366585761309 -0.010725407861173153 0.9999170303344727 63.57846450805664
0.9999631643295288 -0.0037841754965484142 -0.007692719344049692 -0.4957922101020813 0.003878135932609439 0.9999175667762756 0.012236264534294605 -0.9382067322731018 0.007645780686289072 -0.012265648692846298 0.9998955130577087 64.76372528076172
0.9999608993530273 -0.0038955898489803076 -0.0079348711296916 -0.5124439597129822 0.004001955967396498 0.9999017119407654 0.0134334247559309 -0.9398194551467896 0.007881760597229004 -0.013464653864502907 0.9998782873153687 65.95503234863281
0.9999604225158691 -0.003391638398170471 -0.008223663084208965 -0.5259689688682556 0.0034910046961158514 0.9999207258224487 0.012098828330636024 -0.9529380798339844 0.008181976154446602 -0.012127060443162918 0.9998930096626282 67.16754913330078
0.9999675154685974 -0.0015367870219051838 -0.00790258590131998 -0.5479447841644287 0.0016232953639701009 0.9999387264251709 0.010952066630125046 -0.96021968126297 0.007885269820690155 -0.010964539833366871 0.9999088048934937 68.36589050292969
0.9999669790267944 0.000365838612196967 -0.008120892569422722 -0.5602436065673828 -0.0002739800256676972 0.9999359846115112 0.011309620924293995 -0.9694157838821411 0.008124509826302528 -0.011307022534310818 0.9999030828475952 69.55919647216797
0.9999645352363586 0.0026296789292246103 -0.008001433685421944 -0.576288640499115 -0.00253823003731668 0.9999315738677979 0.01141779962927103 -0.9755042791366577 0.008030910044908524 -0.011397086083889008 0.9999028444290161 70.74407958984375
0.9999628067016602 0.0037346261087805033 -0.007776965852826834 -0.5967992544174194 -0.0036426144652068615 0.999923586845398 0.011812029406428337 -0.9818807244300842 0.007820485159754753 -0.01178326178342104 0.9998999238014221 71.94818878173828
0.9999683499336243 0.004485738929361105 -0.006571867037564516 -0.6152306199073792 -0.004401113837957382 0.9999079704284668 0.012835217639803886 -0.9892944693565369 0.006628836505115032 -0.012805887497961521 0.9998959898948669 73.14372253417969
0.9999671578407288 0.006258080247789621 -0.005151908379048109 -0.6223838329315186 -0.0061890254728496075 0.9998922348022461 0.013312316499650478 -0.9926469326019287 0.005234661512076855 -0.013279994949698448 0.9998980760574341 74.33795166015625
0.9999841451644897 0.005160679575055838 -0.0022401786409318447 -0.6285985112190247 -0.005135023966431618 0.9999228119850159 0.011311427690088749 -1.003814697265625 0.0022983804810792208 -0.011299745179712772 0.9999334812164307 75.50924682617188
0.9999970197677612 0.0024632439017295837 0.00013357253919821233 -0.6314981579780579 -0.002464023418724537 0.9999777674674988 0.00618791813030839 -1.012337327003479 -0.00011832705786218867 -0.006188230123370886 0.9999808669090271 76.68450164794922
0.9999900460243225 0.003361818380653858 0.0029239312279969454 -0.6342540383338928 -0.0033792895264923573 0.9999763369560242 0.005991054233163595 -1.025933027267456 -0.002903721295297146 -0.006000875495374203 0.999977707862854 77.86335754394531
0.9999843239784241 0.0021714940667152405 0.005159846972674131 -0.6270947456359863 -0.0022210520692169666 0.9999513030052185 0.009618306532502174 -1.0396584272384644 -0.005138709209859371 -0.00962961558252573 0.9999404549598694 79.04459381103516
0.9999600648880005 0.0025158904027193785 0.008568407967686653 -0.6215990781784058 -0.002607787726446986 0.9999390244483948 0.010730923153460026 -1.0479376316070557 -0.008540887385606766 -0.010752839036285877 0.9999056458473206 80.22476196289062
0.9999100565910339 0.0028018674347549677 0.013113977387547493 -0.6180260181427002 -0.002919283928349614 0.9999557733535767 0.008942989632487297 -1.0567636489868164 -0.013088339008390903 -0.008980467915534973 0.9998739361763 81.38900756835938
0.999864935874939 0.001338684349320829 0.016381971538066864 -0.6010096073150635 -0.001438543782569468 0.9999804496765137 0.006085419096052647 -1.0710569620132446 -0.01637350581586361 -0.006108164321631193 0.9998472929000854 82.55626678466797
0.9998054504394531 -2.95084237222909e-06 0.01972203142940998 -0.5813683867454529 -4.922313382849097e-05 0.9999964833259583 0.0026449859142303467 -1.085835337638855 -0.019721968099474907 -0.0026454422622919083 0.9998019933700562 83.71678161621094
0.9997264742851257 -0.0004154236812610179 0.023383045569062233 -0.5595887303352356 0.00037434761179611087 0.9999983310699463 0.001761004445143044 -1.1027995347976685 -0.023383736610412598 -0.001751769334077835 0.9997250437736511 84.8713607788086
0.9996442794799805 -0.0007090299623087049 0.026661450043320656 -0.531193733215332 0.0006165825179778039 0.9999937415122986 0.003475505392998457 -1.1221237182617188 -0.026663748547434807 -0.0034578300546854734 0.9996384978294373 86.0419692993164
0.9995253086090088 0.0005028567975386977 0.030807355418801308 -0.5120473504066467 -0.0006384819280356169 0.9999900460243225 0.004392682574689388 -1.145936369895935 -0.030804844573140144 -0.004410266410559416 0.9995157122612 87.20378112792969
0.9994110465049744 -6.739452510373667e-05 0.0343160554766655 -0.47113320231437683 3.6415201520867413e-06 0.9999982714653015 0.001857879338786006 -1.1610643863677979 -0.03431611880660057 -0.001856659771874547 0.9994092583656311 88.35891723632812
0.9992989301681519 -0.0001974074839381501 0.037437960505485535 -0.4310125708580017 0.0002012090990319848 1.0 -9.777157538337633e-05 -1.182993769645691 -0.037437938153743744 0.00010523607488721609 0.9992989301681519 89.50719451904297
0.999168336391449 1.888990846055094e-05 0.04077492281794548 -0.3916235566139221 1.3046629646851216e-05 0.9999997019767761 -0.0007829725509509444 -1.196911334991455 -0.04077492281794548 0.0007828532834537327 0.9991680383682251 90.67212677001953
0.9990443587303162 -0.0007648852188140154 0.04370155185461044 -0.34497904777526855 0.0007490963907912374 0.9999996423721313 0.0003776659432332963 -1.213768720626831 -0.04370182752609253 -0.00034456842695362866 0.9990445375442505 91.83172607421875
0.9989134669303894 -0.002062320476397872 0.0465584397315979 -0.29967620968818665 0.001975983614102006 0.9999962449073792 0.001900321338325739 -1.2360715866088867 -0.04656219109892845 -0.0018062572926282883 0.9989137649536133 92.98800659179688
0.9987838268280029 -0.002791167702525854 0.04922507330775261 -0.24403437972068787 0.0026147288735955954 0.999989926815033 0.0036483672447502613 -1.2522406578063965 -0.04923475906252861 -0.0035152200143784285 0.9987810254096985 94.15061950683594
0.9986623525619507 -0.0043982104398310184 0.0515182800590992 -0.1815025955438614 0.004166106693446636 0.999980628490448 0.004611778073012829 -1.2673823833465576 -0.05153756961226463 -0.004390978720039129 0.9986613988876343 95.31192779541016
0.9985285401344299 -0.005171069875359535 0.05398369953036308 -0.13117186725139618 0.005047336220741272 0.9999844431877136 0.0024281502701342106 -1.2845605611801147 -0.053995415568351746 -0.002152103465050459 0.9985388517379761 96.46041107177734
0.9983992576599121 -0.006634545046836138 0.056168802082538605 -0.06399497389793396 0.006710154935717583 0.9999767541885376 -0.0011576185934245586 -1.3016176223754883 -0.05615982413291931 0.0015326670836657286 0.9984205365180969 97.61788177490234
0.9982888698577881 -0.005795033182948828 0.058188457041978836 -0.004101602826267481 0.006032087840139866 0.9999741315841675 -0.003899071365594864 -1.3203564882278442 -0.05816436931490898 0.004243397153913975 0.998297929763794 98.77906036376953
0.9981861114501953 -0.005734600126743317 0.05992945656180382 0.06305497139692307 0.006035031285136938 0.9999701380729675 -0.0048332829028368 -1.341490387916565 -0.05989995226264 0.005186192225664854 0.9981909394264221 99.95038604736328
0.9981693625450134 -0.0056774308905005455 0.060213904827833176 0.13070879876613617 0.0059439437463879585 0.9999732971191406 -0.00424791919067502 -1.363917589187622 -0.060188185423612595 0.004598050843924284 0.9981764554977417 101.12894439697266
0.9982211589813232 -0.0057100169360637665 0.059345509856939316 0.1978331357240677 0.005860109347850084 0.9999800324440002 -0.002355426549911499 -1.3883088827133179 -0.05933087691664696 0.0026990079786628485 0.998234748840332 102.31002044677734
0.9982964396476746 -0.005804228130728006 0.05805651471018791 0.25878509879112244 0.005868843756616116 0.9999822974205017 -0.0009425447206012905 -1.4063997268676758 -0.05805002525448799 0.0012816637754440308 0.9983128905296326 103.5069351196289
0.9984029531478882 -0.005497748032212257 0.056224025785923004 0.3176700174808502 0.005515483673661947 0.9999848008155823 -0.0001602684351382777 -1.4228503704071045 -0.056222282350063324 0.00047011522110551596 0.9984181523323059 104.70018005371094
0.998557984828949 -0.005568242631852627 0.05339460074901581 0.3831062614917755 0.00556373642757535 0.9999845027923584 0.00023303658235818148 -1.43901526927948 -0.05339507386088371 6.437300180550665e-05 0.9985734820365906 105.90451049804688
0.9986966252326965 -0.00465872697532177 0.050825148820877075 0.4302749037742615 0.00466199591755867 0.9999890923500061 5.423743277788162e-05 -1.4564552307128906 -0.0508248507976532 0.00018277989875059575 0.9987075924873352 107.10147857666016
0.998871922492981 -0.003222511615604162 0.047376301139593124 0.4686111509799957 0.0032456167973577976 0.9999946355819702 -0.0004107933200430125 -1.4722139835357666 -0.04737472161650658 0.0005640952731482685 0.9988771080970764 108.29230499267578
0.9990608096122742 -0.0031870498787611723 0.04321306198835373 0.5231533646583557 0.003186964662745595 0.9999949336051941 7.087364792823792e-05 -1.4902855157852173 -0.043213069438934326 6.691143789794296e-05 0.9990658760070801 109.49871826171875
0.9992351531982422 -0.0031078557949513197 0.03898300603032112 0.5738659501075745 0.0030595839489251375 0.9999945163726807 0.00129789172206074 -1.510266900062561 -0.03898682817816734 -0.0011776271276175976 0.9992390275001526 110.72880554199219
0.9993972778320312 -0.0022399392910301685 0.03464033827185631 0.6093950271606445 0.0021764449775218964 0.9999958872795105 0.0018705592956393957 -1.5271801948547363 -0.034644387662410736 -0.0017940393881872296 0.9993981122970581 111.92511749267578
0.9995412826538086 -0.002128731459379196 0.030210912227630615 0.6404902935028076 0.0020592964719980955 0.9999951124191284 0.0023292626719921827 -1.542606234550476 -0.030215727165341377 -0.002265981398522854 0.9995407462120056 113.14257049560547
0.9996851682662964 -0.0015075432602316141 0.025044066831469536 0.6692821383476257 0.0014466866850852966 0.9999959468841553 0.002447911538183689 -1.558042287826538 -0.025047656148672104 -0.00241091032512486 0.9996833205223083 114.3598861694336
0.9997920393943787 -0.0008741554920561612 0.020374149084091187 0.6874300241470337 0.0008251811959780753 0.9999967217445374 0.0024120172020047903 -1.5796360969543457 -0.020376192405819893 -0.0023947034496814013 0.9997894763946533 115.59922790527344
0.999882161617279 -0.0005700929323211312 0.01534393522888422 0.698151707649231 0.0005372362793423235 0.9999975562095642 0.0021453783847391605 -1.5963331460952759 -0.015345120802521706 -0.002136882161721587 0.9998799562454224 116.82027435302734
0.9999438524246216 0.0005056778318248689 0.010583964176476002 0.7104619741439819 -0.0005208214861340821 0.9999988079071045 0.0014280659379437566 -1.614408016204834 -0.010583230294287205 -0.0014334983425214887 0.9999428987503052 118.0398178100586
0.9999709129333496 0.0025363611057400703 0.007181163411587477 0.7118978500366211 -0.0025462638586759567 0.9999958276748657 0.0013702440774068236 -1.6308796405792236 -0.007177657913416624 -0.00138848926872015 0.9999732375144958 119.27916717529297
0.9999814033508301 0.003938795067369938 0.004652052186429501 0.7157509326934814 -0.003946223761886358 0.9999909996986389 0.0015888576162979007 -1.6500693559646606 -0.004645752254873514 -0.001607186277396977 0.9999879002571106 120.49369049072266
0.9999752044677734 0.005696588195860386 0.004142564255744219 0.7022812962532043 -0.005700861569494009 0.9999832510948181 0.0010204502614215016 -1.6705106496810913 -0.00413668155670166 -0.001044041127897799 0.9999908804893494 121.74958038330078
0.9999648928642273 0.007996315136551857 0.002502492628991604 0.7029480934143066 -0.00800001434981823 0.9999669790267944 0.001471574418246746 -1.6882530450820923 -0.0024906424805521965 -0.0014915427891537547 0.999995768070221 122.99382019042969
0.9999542236328125 0.009353406727313995 0.0020058511290699244 0.6919769644737244 -0.009357664734125137 0.9999539852142334 0.002124362625181675 -1.703745722770691 -0.0019858889281749725 -0.002143035177141428 0.9999957084655762 124.2330322265625
0.9999592304229736 0.008925597183406353 0.001377464854158461 0.6852068901062012 -0.00892906915396452 0.9999569654464722 0.002535720355808735 -1.7185124158859253 -0.001354773179627955 -0.002547916490584612 0.9999958276748657 125.48072052001953
0.9999188780784607 0.012725730426609516 0.0005790157010778785 0.6734680533409119 -0.012728155590593815 0.9999092817306519 0.004394585266709328 -1.732480525970459 -0.0005230393726378679 -0.004401599057018757 0.9999901056289673 126.7265853881836
0.9999045729637146 0.013813280500471592 -1.8856017049984075e-05 0.6626427173614502 -0.013812722638249397 0.9998748302459717 0.007718953303992748 -1.746514916419983 0.0001254777453141287 -0.00771795678883791 0.9999701976776123 127.97640228271484
0.9999184608459473 0.012755362316966057 -0.0006448432104662061 0.6592381000518799 -0.012750370427966118 0.9998925924301147 0.007229253649711609 -1.7575863599777222 0.0007369857048615813 -0.0072204419411718845 0.9999736547470093 129.23370361328125
0.9999220967292786 0.012434476055204868 -0.0011088858591392636 0.6481584310531616 -0.012427869252860546 0.9999061226844788 0.005778580904006958 -1.7648102045059204 0.0011806351831182837 -0.005764349363744259 0.9999826550483704 130.48719787597656
0.9999498724937439 0.009870286099612713 -0.0016747505869716406 0.6430734992027283 -0.009858912788331509 0.9999291896820068 0.0066686710342764854 -1.7770785093307495 0.0017404538812115788 -0.006651826202869415 0.999976396560669 131.74591064453125
0.9999681115150452 0.007539051119238138 -0.002615673467516899 0.63653165102005 -0.007516214624047279 0.9999344944953918 0.008633348159492016 -1.7874222993850708 0.0026805889792740345 -0.008613413199782372 0.9999592900276184 133.0127716064453
0.9999896883964539 0.0038880433421581984 -0.0023454753682017326 0.6218273639678955 -0.003863645950332284 0.9999393224716187 0.010318102315068245 -1.7967966794967651 0.0023854500614106655 -0.010308933444321156 0.9999440312385559 134.28506469726562
0.9999942183494568 0.0021953885443508625 -0.002580523956567049 0.6132825613021851 -0.0021652185823768377 0.9999300241470337 0.011636286042630672 -1.8079766035079956 0.0026058885268867016 -0.011630631983280182 0.9999289512634277 135.56103515625
0.9999930262565613 -0.0021966472268104553 -0.0030137065332382917 0.6187507510185242 0.0022256714291870594 0.9999507665634155 0.009661330841481686 -1.8099356889724731 0.0029923347756266594 -0.009667973965406418 0.9999487996101379 136.8145294189453
0.9999865293502808 -0.004348008427768946 -0.0028411797247827053 0.6105591654777527 0.004373430740088224 0.9999499320983887 0.009003506042063236 -1.820462942123413 0.002801890019327402 -0.009015810675919056 0.999955415725708 138.08648681640625
0.9999808669090271 -0.005505747627466917 -0.002826432464644313 0.6100850105285645 0.005529108457267284 0.9999500513076782 0.008324945345520973 -1.823040246963501 0.002780456328764558 -0.008340415544807911 0.9999613761901855 139.36476135253906
0.999980628490448 -0.005750010721385479 -0.0023724702186882496 0.6011515855789185 0.005769631359726191 0.9999484419822693 0.008348073810338974 -1.8293341398239136 0.0023243462201207876 -0.00836160033941269 0.9999623894691467 140.64138793945312
0.9999813437461853 -0.0057181185111403465 -0.0021518380381166935 0.6033019423484802 0.005740836262702942 0.9999262690544128 0.010703077539801598 -1.84101140499115 0.0020904778502881527 -0.01071523129940033 0.9999403953552246 141.909423828125
0.9999935626983643 -0.003231252310797572 -0.0015407855389639735 0.590971052646637 0.003249998204410076 0.9999187588691711 0.01232292503118515 -1.8496416807174683 0.0015008426271378994 -0.01232785452157259 0.9999228715896606 143.18666076660156
0.9999939799308777 -0.003409469500184059 -0.000648446090053767 0.5826742649078369 0.0034160977229475975 0.9999389052391052 0.01051026675850153 -1.858199954032898 0.0006125724175944924 -0.01051241997629404 0.9999445080757141 144.47116088867188
0.9999960064888 -0.002792629413306713 -0.00016238245007116348 0.5731992721557617 0.0027939574792981148 0.9999568462371826 0.00884782150387764 -1.8687876462936401 0.00013766656047664583 -0.008848242461681366 0.9999607801437378 145.74256896972656
0.9999964237213135 -0.002627951093018055 0.0004159899544902146 0.5632991790771484 0.002625276567414403 0.999976634979248 0.00630420446395874 -1.882889747619629 -0.0004325472400523722 -0.006303091067820787 0.9999800324440002 147.0239715576172
0.9999915957450867 -0.004037411883473396 0.0007312761736102402 0.5616178512573242 0.004035670310258865 0.9999889731407166 0.0023680292069911957 -1.900768756866455 -0.0007408292731270194 -0.0023650580551475286 0.9999968409538269 148.30810546875
0.9999911189079285 -0.0039327372796833515 0.001558147487230599 0.5503198504447937 0.0039351582527160645 0.9999909996986389 -0.0015540467575192451 -1.9161033630371094 -0.0015520219458267093 0.0015601642662659287 0.9999975562095642 149.58631896972656
0.9999899864196777 -0.0041974978521466255 0.001525777275674045 0.5517493486404419 0.004201072268188 0.9999884366989136 -0.002347376197576523 -1.9400352239608765 -0.0015159063041210175 0.002353762509301305 0.9999960660934448 150.8546142578125
0.9999901652336121 -0.004123380407691002 0.001624150900170207 0.5454458594322205 0.0041267843917012215 0.9999892711639404 -0.002097657648846507 -1.963734745979309 -0.0016154840122908354 0.002104339189827442 0.9999964833259583 152.12461853027344
0.9999919533729553 -0.0038024550303816795 0.00128545134793967 0.5474249124526978 0.0038040850777179003 0.9999919533729553 -0.001267711748369038 -1.9941273927688599 -0.0012806205777451396 0.0012725915294140577 0.9999983906745911 153.38421630859375
0.9999918341636658 -0.003916085697710514 0.0010094409808516502 0.5473743081092834 0.003916393034160137 0.999992311000824 -0.00030189965036697686 -2.0164504051208496 -0.0010082508670166135 0.00030585037893615663 0.9999994039535522 154.64295959472656
0.9999960064888 -0.0025606900453567505 0.0011743840295821428 0.529836893081665 0.002560368273407221 0.9999966621398926 0.00027540267910808325 -2.0394816398620605 -0.0011750850826501846 -0.0002723948855418712 0.9999992847442627 155.916748046875
0.9999975562095642 -0.002064626896753907 0.0007000415353104472 0.5229090452194214 0.002064590575173497 0.9999977946281433 5.2419734856812283e-05 -2.0617165565490723 -0.0007001481135375798 -5.097428220324218e-05 0.9999997615814209 157.1839141845703
0.9999974966049194 -0.002164403675124049 -0.0004184908466413617 0.5255928039550781 0.002164500765502453 0.9999977350234985 0.00023308939125854522 -2.086174488067627 0.00041798531310632825 -0.0002339947095606476 0.9999998807907104 158.46090698242188
0.9999960064888 -0.0026310000102967024 -0.001005748170427978 0.5163141489028931 0.0026323951315134764 0.9999955296516418 0.0013883323408663273 -2.107116937637329 0.0010020919144153595 -0.0013909742701798677 0.9999985098838806 159.72601318359375
0.9999983906745911 -0.0012118362355977297 -0.0012677209451794624 0.5017596483230591 0.00121401681099087 0.9999977946281433 0.0017207837663590908 -2.126899003982544 0.0012656329199671745 -0.0017223200993612409 0.9999977350234985 161.00942993164062
0.9999969005584717 -0.0011732495622709394 -0.002209205413237214 0.49662232398986816 0.0011743057984858751 0.9999992251396179 0.0004769146325998008 -2.144650936126709 0.0022086440585553646 -0.0004795075219590217 0.9999974966049194 162.27847290039062
0.999996542930603 -0.000651014328468591 -0.002557459520176053 0.4831167459487915 0.0006498345755971968 0.9999997019767761 -0.0004621508705895394 -2.169382333755493 0.002557759638875723 0.0004604873538482934 0.9999966025352478 163.53329467773438
0.9999942183494568 0.00021316969650797546 -0.0033974028192460537 0.4752407670021057 -0.00021451088832691312 0.9999999403953552 -0.0003944696218241006 -2.1900064945220947 0.003397318534553051 0.0003951961116399616 0.9999940991401672 164.7970428466797
0.9999914765357971 -3.348386235302314e-05 -0.004110074136406183 0.46030062437057495 2.7744859835365787e-05 0.9999990463256836 -0.0013964659301564097 -2.213144063949585 0.0041101183742284775 0.0013963402016088367 0.9999905228614807 166.06800842285156
0.9999867677688599 0.00020041079551447183 -0.005142033100128174 0.4518153667449951 -0.000213115694350563 0.9999970197677612 -0.002470400184392929 -2.236562967300415 0.005141521338373423 0.0024714635219424963 0.9999837279319763 167.3384552001953
0.9999851584434509 0.00028416619170457125 -0.005428607109934092 0.4343872368335724 -0.00029677810380235314 0.9999972581863403 -0.002322606509551406 -2.260108709335327 0.005427931435406208 0.00232418323867023 0.9999825954437256 168.60302734375
0.9999809861183167 0.0006262984243221581 -0.006124969106167555 0.42025628685951233 -0.0006318780360743403 0.9999993443489075 -0.0009090553503483534 -2.2839901447296143 0.006124394480139017 0.0009129080572165549 0.9999809265136719 169.88136291503906
0.9999776482582092 0.0006670105503872037 -0.006654954515397549 0.40780627727508545 -0.0006696693017147481 0.9999997019767761 -0.0003973268030676991 -2.3097610473632812 0.006654688622802496 0.00040177442133426666 0.9999777674674988 171.14828491210938
0.9999712705612183 0.001135806436650455 -0.007496108300983906 0.3906409442424774 -0.0011357753537595272 0.9999994039535522 8.375869583687745e-06 -2.332690954208374 0.007496113423258066 1.380449390353533e-07 0.9999719262123108 172.41429138183594
0.9999678134918213 0.0014340399065986276 -0.007888698019087315 0.37087109684944153 -0.001432316261343658 0.999998927116394 0.00022410662495531142 -2.355760097503662 0.00788901001214981 -0.00021280029613990337 0.9999688863754272 173.69732666015625
0.9999600648880005 0.0020382720977067947 -0.008704114705324173 0.35607418417930603 -0.002042320789769292 0.9999977946281433 -0.0004562927351798862 -2.380892038345337 0.008703164756298065 0.0004740510485135019 0.9999620318412781 174.95201110839844
0.9999562501907349 0.0028731408528983593 -0.008896552957594395 0.33035561442375183 -0.002882555825635791 0.999995231628418 -0.0010456511517986655 -2.401449203491211 0.008893503807485104 0.0010712502989917994 0.9999598860740662 176.22157287597656
0.9999523758888245 0.0028374113608151674 -0.00934465229511261 0.3043883740901947 -0.002847353694960475 0.9999953508377075 -0.0010508530540391803 -2.4177708625793457 0.00934162549674511 0.0010774105321615934 0.9999558329582214 177.4810333251953
0.9999503493309021 0.0030424592550843954 -0.009484353475272655 0.28589189052581787 -0.00306070689111948 0.9999935030937195 -0.0019100654171779752 -2.445388078689575 0.009478479623794556 0.0019389992812648416 0.9999532103538513 178.740966796875
0.9999505281448364 0.0020649221260100603 -0.009734764695167542 0.2686243951320648 -0.0021023249719291925 0.9999904632568359 -0.003833511145785451 -2.46415114402771 0.009726754389703274 0.003853787202388048 0.9999452829360962 180.00523376464844
0.9999520778656006 -0.0012149797985330224 -0.009715469554066658 0.2501429617404938 0.001180768944323063 0.999993085861206 -0.0035262408200651407 -2.4923932552337646 0.009719684720039368 0.003514599986374378 0.9999465942382812 181.27166748046875
0.9999467134475708 -0.0008636477869004011 -0.010288754478096962 0.23818160593509674 0.0008679483435116708 0.9999996423721313 0.00041340486495755613 -2.5170395374298096 0.01028839498758316 -0.0004223128198646009 0.9999469518661499 182.5448455810547
0.9999428391456604 -0.0016282934229820967 -0.010564286261796951 0.22228901088237762 0.0016767686465755105 0.9999880790710449 0.004581324756145477 -2.5380258560180664 0.010556702502071857 -0.004598776809871197 0.9999337196350098 183.81016540527344
0.9999431371688843 -0.0008315358427353203 -0.010630082339048386 0.20385389029979706 0.0008748270920477808 0.9999913573265076 0.004068480804562569 -2.5538125038146973 0.01062660664319992 -0.004077548161149025 0.9999352097511292 185.06814575195312
0.9999489188194275 0.0009380366536788642 -0.010068939067423344 0.1783052235841751 -0.000931526708882302 0.9999994039535522 0.0006512011750601232 -2.5691165924072266 0.010069545358419418 -0.0006417880649678409 0.9999490976333618 186.31594848632812
0.9999435544013977 0.0010262076975777745 -0.010573542676866055 0.15700924396514893 -0.0010370573727414012 0.999998927116394 -0.0010206738952547312 -2.5945560932159424 0.010572483763098717 0.0010315816616639495 0.9999435544013977 187.5631103515625
0.9999390840530396 0.0011831143638119102 -0.010975361801683903 0.14066335558891296 -0.0011924500577151775 0.999998927116394 -0.0008440783713012934 -2.616342782974243 0.010974353179335594 0.0008571145590394735 0.9999393820762634 188.81349182128906
0.9999443888664246 0.0004523228853940964 -0.010533667169511318 0.11630088835954666 -0.00044649592018686235 0.9999997019767761 0.0005555351381190121 -2.6410341262817383 0.010533913969993591 -0.0005508009344339371 0.9999443292617798 190.0695343017578
0.9999432563781738 0.0007678495021536946 -0.010626972652971745 0.10167691111564636 -0.000738782633561641 0.9999959468841553 0.0027388890739530325 -2.6627471446990967 0.010629033669829369 -0.002730882726609707 0.9999397397041321 191.32235717773438
0.99995356798172 0.0001891654683277011 -0.00963725708425045 0.07948818802833557 -0.00015506702766288072 0.9999937415122986 0.0035387950483709574 -2.6847312450408936 0.009637866169214249 -0.003537136595696211 0.9999473094940186 192.5641326904297
0.9999656677246094 0.0001518267672508955 -0.008276233449578285 0.06240638345479965 -0.00012764411803800613 0.999995768070221 0.0029223980382084846 -2.7040352821350098 0.008276640437543392 -0.0029212413355708122 0.9999615550041199 193.8056640625
0.999974250793457 -0.0009547497611492872 -0.007119102403521538 0.05234622210264206 0.0009643220691941679 0.9999986886978149 0.0013413109118118882 -2.7237231731414795 0.007117812056094408 -0.0013481415808200836 0.9999738335609436 195.03614807128906
0.9999822974205017 -0.0012571384431794286 -0.005810761358588934 0.04140384495258331 0.001256609451957047 0.9999992251396179 -9.472364763496444e-05 -2.7449357509613037 0.005810875445604324 8.742021600482985e-05 0.9999831318855286 196.27406311035156
