1.0 -3.3407136470486876e-06 -3.333172344355262e-06 1.578772207722068e-05 3.340708644827828e-06 1.0 -1.4970433994676569e-06 6.938469141459791e-06 3.3331773465761216e-06 1.4970322581575601e-06 1.0 5.738879167438427e-07
0.9999973177909851 0.0010437170276418328 0.002072422532364726 -0.009584750048816204 -0.0010414908174425364 0.9999988675117493 -0.001074982457794249 -0.016834454610943794 -0.002073542447760701 0.001072821207344532 0.9999972581863403 1.206045150756836
0.9999904036521912 0.0019776790868490934 0.003913624677807093 -0.022191505879163742 -0.0019765906035900116 0.9999980330467224 -0.0002819212677422911 -0.04316070303320885 -0.003914174623787403 0.0002741828211583197 0.999992311000824 2.4079978466033936
0.9999855160713196 0.0015015690587460995 0.005171041004359722 -0.02266530506312847 -0.0015016969991847873 0.9999988675117493 2.0878027498838492e-05 -0.06134707108139992 -0.0051710037514567375 -2.8643120458582416e-05 0.9999866485595703 3.6075942516326904
0.9999805688858032 0.0013163060648366809 0.0060941665433347225 -0.02048853598535061 -0.0013156592613086104 0.9999991655349731 -0.00011015656491508707 -0.08052027225494385 -0.006094306707382202 0.00010213657515123487 0.9999814629554749 4.801693916320801
0.9999758005142212 0.001102376845665276 0.0068716565147042274 -0.01740742102265358 -0.001104454742744565 0.9999993443489075 0.00029861097573302686 -0.10605884343385696 -0.006871323101222515 -0.0003061931929551065 0.9999763369560242 5.99931526184082
0.9999712109565735 0.0014025972923263907 0.007456437684595585 -0.010362371802330017 -0.0013979823561385274 0.9999988675117493 -0.0006240978837013245 -0.12750455737113953 -0.007457304280251265 0.0006136559532023966 0.9999719858169556 7.19956636428833
0.9999616146087646 0.0014912759652361274 0.008631967008113861 -0.012712366878986359 -0.0014852199237793684 0.9999986290931702 -0.0007079461356624961 -0.1536167562007904 -0.008633011020720005 0.0006950985989533365 0.9999625086784363 8.382981300354004
0.9999606609344482 0.0009459584252908826 0.008811727166175842 -0.007503189146518707 -0.0009517489233985543 0.9999993443489075 0.0006529726088047028 -0.17271269857883453 -0.008811102248728275 -0.0006613334990106523 0.9999609589576721 9.57530689239502
0.9999717473983765 0.00032862575608305633 0.007508274633437395 -0.004943445324897766 -0.0003426826442591846 0.9999982714653015 0.0018709730356931686 -0.19694148004055023 -0.007507645059376955 -0.0018734933109954 0.999970018863678 10.770330429077148
0.9999856948852539 -0.001079992507584393 0.005241343751549721 -0.006417974829673767 0.0010736259864643216 0.9999986290931702 0.0012173011200502515 -0.2154305875301361 -0.005242651328444481 -0.001211656373925507 0.9999855160713196 11.975259780883789
0.9999938607215881 -0.0008233096450567245 0.0034259073436260223 -0.011723771691322327 0.0008209160878323019 0.999999463558197 0.0007000683108344674 -0.23220564424991608 -0.0034264817368239164 -0.0006972515839152038 0.9999938607215881 13.169988632202148
0.9999976754188538 -0.0006966145592741668 0.0020320992916822433 -0.012699965387582779 0.0006953675765544176 0.9999995231628418 0.0006143890204839408 -0.25440219044685364 -0.002032526768743992 -0.0006129743997007608 0.9999977946281433 14.369584083557129
0.9999989867210388 0.0007555355550721288 0.001155050122179091 -0.01634998619556427 -0.0007561504025943577 0.9999995231628418 0.0005319853662513196 -0.2775246202945709 -0.0011546475579962134 -0.0005328581901267171 0.9999991655349731 15.568997383117676
0.9999996423721313 0.0005502687417902052 0.0006700839148834348 -0.021482013165950775 -0.0005506487796083093 0.9999997615814209 0.000567179755307734 -0.29612648487091064 -0.0006697715725749731 -0.0005675485008396208 0.9999995827674866 16.772010803222656
1.0 -0.0002947107423096895 -0.00012850528582930565 -0.023494651541113853 0.0002948234905488789 0.9999995827674866 0.000879688304848969 -0.3135465383529663 0.00012824591249227524 -0.0008797261398285627 0.9999995827674866 17.958843231201172
0.9999998211860657 -0.0003478582657407969 -0.0003911187523044646 -0.030399348586797714 0.00034847334609366953 0.9999986290931702 0.001573636895045638 -0.34173908829689026 0.00039057081448845565 -0.0015737726353108883 0.9999986886978149 19.157583236694336
0.999998927116394 -0.00014090107288211584 -0.0014828136190772057 -0.035678930580616 0.0001421386405127123 0.9999996423721313 0.0008345986134372652 -0.36426132917404175 0.0014826953411102295 -0.0008348083938471973 0.9999985694885254 20.353246688842773
0.9999988675117493 -0.00037464607157744467 -0.001400202396325767 -0.048702485859394073 0.00037429860094562173 0.9999998807907104 -0.000248475291300565 -0.3823831081390381 0.001400295295752585 0.00024795084027573466 0.999998927116394 21.554536819458008
0.999997079372406 0.000825541268568486 -0.002242906717583537 -0.0562027245759964 -0.0008247965015470982 0.9999995231628418 0.00033299362985417247 -0.4018077850341797 0.002243180526420474 -0.00033114280086010695 0.9999974370002747 22.751384735107422
0.9999964237213135 0.0001331434614257887 -0.0026709449011832476 -0.07217595726251602 -0.00013252142525743693 0.9999999403953552 0.0002330864517716691 -0.4273635149002075 0.0026709758676588535 -0.00023273166152648628 0.9999964237213135 23.947723388671875
0.9999934434890747 0.00036544466274790466 -0.003604553174227476 -0.08368438482284546 -0.0003664580872282386 0.9999998211860657 -0.0002804647374432534 -0.44923678040504456 0.0036044504959136248 0.00028178392676636577 0.9999935030937195 25.140893936157227
0.9999901056289673 0.0003283752012066543 -0.004464711528271437 -0.09386459738016129 -0.0003257274511270225 0.9999997615814209 0.0005937598762102425 -0.47811734676361084 0.004464905243366957 -0.0005922996788285673 0.9999898076057434 26.336347579956055
0.9999856948852539 -0.0012631440768018365 -0.005194973666220903 -0.10457159578800201 0.0012748714070767164 0.9999966621398926 0.002254718914628029 -0.49591389298439026 0.005192108452320099 -0.0022613094188272953 0.9999840259552002 27.537261962890625
0.9999794960021973 -0.0013205604627728462 -0.0062552765011787415 -0.11248307675123215 0.0013356686104089022 0.9999961853027344 0.00241175782866776 -0.5175453424453735 0.0062520671635866165 -0.0024200635962188244 0.9999775290489197 28.73607063293457
0.9999725222587585 -0.0020976602099835873 -0.007112376391887665 -0.12549030780792236 0.0021098721772432327 0.9999963045120239 0.0017099465476348996 -0.5383065938949585 0.007108764722943306 -0.0017249055672436953 0.9999731779098511 29.934398651123047
0.9999663233757019 -0.002129808533936739 -0.00791759230196476 -0.13726618885993958 0.0021353622432798147 0.9999974966049194 0.0006930262898094952 -0.5578098297119141 0.007916095666587353 -0.0007099098875187337 0.999968409538269 31.12761116027832
0.9999605417251587 -0.0017068802844733 -0.008719414472579956 -0.15417395532131195 0.0017130018677562475 0.9999982714653015 0.0006945593049749732 -0.575129508972168 0.008718213066458702 -0.0007094683242030442 0.9999616742134094 32.31782150268555
0.9999522566795349 -0.0019192969193682075 -0.009583842009305954 -0.1671750247478485 0.0019305931637063622 0.9999973773956299 0.0011695021530613303 -0.5937207937240601 0.00958157330751419 -0.0011879487428814173 0.9999533891677856 33.5238151550293
0.9999490976333618 -0.0023049204610288143 -0.009822677820920944 -0.18572662770748138 0.002318520564585924 0.9999963641166687 0.0013734478270635009 -0.6139938235282898 0.00981947686523199 -0.0013961519580334425 0.9999508261680603 34.714111328125
0.9999392032623291 -0.0030296165496110916 -0.010608605109155178 -0.19715067744255066 0.0030473575461655855 0.9999939799308777 0.001656562788411975 -0.6378740072250366 0.010603522881865501 -0.001688790274783969 0.9999423623085022 35.912899017333984
0.9999359250068665 -0.003181064035743475 -0.010865222662687302 -0.22028261423110962 0.003196270437911153 0.9999939203262329 0.0013824704801663756 -0.6570167541503906 0.010860759764909744 -0.0014171100920066237 0.9999399781227112 37.10977554321289
0.9999330043792725 -0.003932024352252483 -0.01088651828467846 -0.23676471412181854 0.003954637795686722 0.9999900460243225 0.0020565649028867483 -0.6760866641998291 0.010878324508666992 -0.0020994795486330986 0.9999386072158813 38.308509826660156
0.9999349117279053 -0.003849784145131707 -0.010741484351456165 -0.2568244934082031 0.003887021681293845 0.9999865293502808 0.0034479317255318165 -0.6984822154045105 0.010728065855801105 -0.0034894596319645643 0.9999363422393799 39.52229690551758
0.9999378323554993 -0.002958215307444334 -0.010755019262433052 -0.27254047989845276 0.0030004018917679787 0.9999878406524658 0.0039084292948246 -0.7095062732696533 0.010743326507508755 -0.00394045514985919 0.9999345541000366 40.724422454833984
0.9999374747276306 -0.00258201383985579 -0.010876809246838093 -0.29106372594833374 0.0026229156646877527 0.9999895691871643 0.0037478813901543617 -0.728317379951477 0.01086701825261116 -0.0037761761341243982 0.9999337792396545 41.92441177368164
0.99994295835495 -0.001429210533387959 -0.010577614419162273 -0.312627375125885 0.001469473005272448 0.9999917149543762 0.0037995772436261177 -0.7493223547935486 0.010572097264230251 -0.003814904484897852 0.9999368190765381 43.1240234375
0.9999479055404663 0.0009910626104101539 -0.010153612121939659 -0.3324793875217438 -0.0009341969271190464 0.9999839067459106 0.0056037623435258865 -0.7627324461936951 0.010159003548324108 -0.005593985319137573 0.9999327063560486 44.32194900512695
0.9999610781669617 0.001173183904029429 -0.008741782046854496 -0.3458532392978668 -0.0010965809924528003 0.9999610781669617 0.008762463927268982 -0.7783774137496948 0.008751722984015942 -0.008752536028623581 0.9999232888221741 45.529937744140625
0.9999780654907227 0.0017759716138243675 -0.00637244014069438 -0.3654654622077942 -0.0017024322878569365 0.999932050704956 0.011527130380272865 -0.7861835360527039 0.006392479408532381 -0.011516030877828598 0.999913215637207 46.749271392822266
0.9999824166297913 0.0022614633198827505 -0.0054869577288627625 -0.36962825059890747 -0.002179829403758049 0.9998875260353088 0.014838464558124542 -0.7906416654586792 0.005519896745681763 -0.014826241880655289 0.9998748302459717 47.95266342163086
0.9999920129776001 0.0008102423162199557 -0.003895619884133339 -0.3854861259460449 -0.000747842772398144 0.9998717904090881 0.015992702916264534 -0.7957870960235596 0.00390807818621397 -0.01598966307938099 0.9998645186424255 49.16263961791992
0.9999982118606567 -0.00037069269455969334 -0.0018528271466493607 -0.39062774181365967 0.00039767383714206517 0.9998936057090759 0.014583082869648933 -0.7985196113586426 0.001847225008532405 -0.01458379440009594 0.9998919367790222 50.38347244262695
0.999999463558197 0.00046855732216499746 -0.000932781957089901 -0.3944395184516907 -0.0004561870591714978 0.9999125599861145 0.013218097388744354 -0.8056502938270569 0.0009388947510160506 -0.013217664323747158 0.9999122023582458 51.597930908203125
0.9999999403953552 0.0003714425256475806 2.5168948923237622e-05 -0.40288373827934265 -0.000371728150639683 0.9999217987060547 0.012507974170148373 -0.808504045009613 -2.0520987163763493e-05 -0.012507983483374119 0.9999217987060547 52.78657913208008
1.0 0.00012319712550379336 -0.00025529207778163254 -0.4048585891723633 -0.00012014769890811294 0.9999290108680725 0.01191009022295475 -0.811389148235321 0.0002567416522651911 -0.011910058557987213 0.9999291300773621 53.99083709716797
0.9999996423721313 -0.00015913663082756102 -0.0007809286471456289 -0.4114072918891907 0.0001673489750828594 0.9999445676803589 0.01052714791148901 -0.8140690326690674 0.000779210589826107 -0.010527275502681732 0.999944269657135 55.200927734375
0.9999982118606567 -0.0001340375019935891 -0.001882878947071731 -0.4267404079437256 0.0001554974733153358 0.9999349117279053 0.01140190102159977 -0.8254457116127014 0.0018812281778082252 -0.011402170173823833 0.9999332427978516 56.4036750793457
0.9999945759773254 -0.0001339452137472108 -0.0032912935130298138 -0.4357339143753052 0.00017499885871075094 0.9999220371246338 0.012476278468966484 -0.830011785030365 0.0032893663737922907 -0.01247678603976965 0.9999167919158936 57.60845184326172
0.9999902248382568 -0.0004705469764303416 -0.004392529837787151 -0.4429377019405365 0.0005278598400764167 0.9999146461486816 0.013055795803666115 -0.8421019315719604 0.004386011976748705 -0.01305798813700676 0.9999050498008728 58.81161117553711
0.999984860420227 0.0004593686026055366 -0.0054763853549957275 -0.45309901237487793 -0.0003895186528097838 0.9999186396598816 0.012748993933200836 -0.8455067276954651 0.005481795873492956 -0.012746666558086872 0.999903678894043 60.010162353515625
0.9999818801879883 0.0008517286041751504 -0.005955078639090061 -0.46831098198890686 -0.0007763691246509552 0.9999197125434875 0.012645535171031952 -0.8543452024459839 0.0059653716161847115 -0.01264068391174078 0.9999022483825684 61.21839904785156
0.9999821782112122 -0.00015827390598133206 -0.005951521918177605 -0.48003217577934265 0.00022849759261589497 0.9999302625656128 0.011800462380051613 -0.8565317392349243 0.0059492397122085094 -0.011801612563431263 0.999912679195404 62.41382598876953
0.99997878074646 -0.001151828677393496 -0.006399884354323149 -0.49095308780670166 0.001223789993673563 0.9999359250068665 0.011251620016992092 -0.8708780407905579 0.006386514753103256 -0.011259213089942932 0.999916136264801 63.62656021118164
0.9999772310256958 -0.0015037059783935547 -0.006579234264791012 -0.5032844543457031 0.00158565619494766 0.9999210238456726 0.012468489818274975 -0.8761664628982544 0.006559965666383505 -0.012478639371693134 0.9999006390571594 64.830322265625
0.9999749064445496 -0.0023624515160918236 -0.006680140271782875 -0.5197334289550781 0.0024558245204389095 0.9998989701271057 0.0140042370185256 -0.8852981328964233 0.0066463821567595005 -0.014020289294421673 0.9998796582221985 66.03150177001953
0.9999728798866272 -0.0015564797213301063 -0.007198041770607233 -0.5303614139556885 0.0016457304591313004 0.9999215602874756 0.012410075403749943 -0.8931083679199219 0.007178161758929491 -0.01242158468812704 0.9998970031738281 67.23107147216797
0.9999759197235107 0.0003504229534883052 -0.006933487951755524 -0.5506598949432373 -0.0002726888342294842 0.999937117099762 0.01120916660875082 -0.898692786693573 0.0069369785487651825 -0.011207008734345436 0.9999130368232727 68.43045043945312
0.9999728202819824 0.0022059998009353876 -0.0070313396863639355 -0.565477192401886 -0.0021229751873761415 0.9999281764030457 0.011793451383709908 -0.9090378880500793 0.00705685093998909 -0.011778201907873154 0.9999057054519653 69.62251281738281
0.9999667406082153 0.0045832195319235325 -0.006750157102942467 -0.5820518732070923 -0.004501278977841139 0.9999165534973145 0.012104599736630917 -0.9167483448982239 0.006805073469877243 -0.012073812074959278 0.9999039173126221 70.80615234375
0.9999620318412781 0.005730210803449154 -0.0065580313093960285 -0.6009010672569275 -0.005648237187415361 0.9999065399169922 0.012450636364519596 -0.9233954548835754 0.006628763396292925 -0.01241312175989151 0.9999009370803833 72.0099868774414
0.9999647736549377 0.006231264211237431 -0.00560745457187295 -0.614630401134491 -0.00615489250048995 0.9998894929885864 0.013535338453948498 -0.9309020042419434 0.00569117721170187 -0.013500348664820194 0.9998926520347595 73.2060775756836
0.9999605417251587 0.00810244306921959 -0.003644496202468872 -0.6253504753112793 -0.008049572817981243 0.9998654127120972 0.0142947593703866 -0.9357737302780151 0.0037598281633108854 -0.014264857396483421 0.9998912215232849 74.40015411376953
0.9999755620956421 0.0069109611213207245 -0.001030634855851531 -0.629655659198761 -0.006898317486047745 0.9999065399169922 0.01180394645780325 -0.943433403968811 0.0011121142888441682 -0.011796549893915653 0.9999297261238098 75.56717681884766
0.9999902844429016 0.004156762734055519 0.001451637945137918 -0.6320342421531677 -0.004166485276073217 0.999968409538269 0.006759705021977425 -0.9520227313041687 -0.0014234936097636819 -0.006765688303858042 0.9999760985374451 76.7414321899414
0.9999766945838928 0.005465456284582615 0.004087158478796482 -0.6318256855010986 -0.0054910797625780106 0.9999651312828064 0.006284639239311218 -0.9614723920822144 -0.0040526678785681725 -0.006306935101747513 0.9999719262123108 77.92396545410156
0.9999697804450989 0.00410825852304697 0.006600161083042622 -0.6259815096855164 -0.004174412693828344 0.9999409317970276 0.01004076935350895 -0.9754112362861633 -0.006558520253747702 -0.010068017058074474 0.9999278783798218 79.10704803466797
0.9999403953552246 0.004242133814841509 0.010055992752313614 -0.6190465688705444 -0.004357148427516222 0.9999249577522278 0.011443255469202995 -0.9864967465400696 -0.010006694123148918 -0.011486389674246311 0.9998839497566223 80.28154754638672
0.9998907446861267 0.004361419007182121 0.014122165739536285 -0.608659029006958 -0.00449779350310564 0.9999434351921082 0.009639431722462177 -0.994784414768219 -0.014079324901103973 -0.009701898321509361 0.999853789806366 81.450439453125
0.9998358488082886 0.0033232879359275103 0.017810853198170662 -0.5957878828048706 -0.0034412627574056387 0.9999723434448242 0.0065971906296908855 -1.0070395469665527 -0.017788436263799667 -0.006657400634139776 0.9998196363449097 82.61438751220703
0.999775767326355 0.0020660371519625187 0.021072177216410637 -0.5729395151138306 -0.0021322036627680063 0.999992847442627 0.003118020249530673 -1.0213303565979004 -0.02106557972729206 -0.003162251552566886 0.9997730851173401 83.77811431884766
0.9996923804283142 0.0016989688156172633 0.024740343913435936 -0.549654483795166 -0.0017544064903631806 0.9999960064888 0.0022192480973899364 -1.0376852750778198 -0.024736475199460983 -0.0022619706578552723 0.9996914267539978 84.93156433105469
0.9996036291122437 0.0012791641056537628 0.028123119845986366 -0.5192296504974365 -0.0013934439048171043 0.9999908208847046 0.004044325556606054 -1.0583155155181885 -0.028117693960666656 -0.004081910941749811 0.9995962381362915 86.09757232666016
0.9994823336601257 0.0024927551858127117 0.03207533806562424 -0.49557924270629883 -0.002643567742779851 0.9999856352806091 0.00466025760397315 -1.07735013961792 -0.03206326439976692 -0.004742639139294624 0.9994745850563049 87.26190948486328
0.9993566274642944 0.0020142761059105396 0.03580689802765846 -0.45632290840148926 -0.0020960194524377584 0.9999952912330627 0.0022455118596553802 -1.0919380187988281 -0.035802211612463 -0.0023191191721707582 0.9993561506271362 88.40769958496094
0.9992344379425049 0.001873664208687842 0.039075180888175964 -0.41458773612976074 -0.001878501265309751 0.9999983310699463 8.707959204912186e-05 -1.1101106405258179 -0.03907494619488716 -0.00016041588969528675 0.9992362260818481 89.55638122558594
0.9991093873977661 0.0019691740162670612 0.042148053646087646 -0.36852502822875977 -0.001960322493687272 0.9999979734420776 -0.0002513391664251685 -1.1305623054504395 -0.042148467153310776 0.00016849131498020142 0.9991112947463989 90.7206039428711
0.9989883899688721 0.0004929593997076154 0.04496565833687782 -0.3174738883972168 -0.0005357927875593305 0.9999994039535522 0.0009405294549651444 -1.1502623558044434 -0.04496515542268753 -0.0009636702015995979 0.9989882111549377 91.87718200683594
0.9988594651222229 -4.198841634206474e-05 0.04774685576558113 -0.26971864700317383 -7.304885366465896e-05 0.999997079372406 0.0024075673427432775 -1.1673941612243652 -0.047746818512678146 -0.0024083093740046024 0.9988565444946289 93.0346908569336
0.9987239241600037 -0.0008982619037851691 0.050497353076934814 -0.2136540412902832 0.000684367201756686 0.9999906420707703 0.004252895712852478 -1.1846818923950195 -0.05050069838762283 -0.004212908912450075 0.9987151622772217 94.20308685302734
0.9985939264297485 -0.0022690605837851763 0.05296298861503601 -0.15639066696166992 0.0019925786182284355 0.9999841451644897 0.005272494163364172 -1.198167324066162 -0.05297411233186722 -0.0051595475524663925 0.9985825419425964 95.36044311523438
0.9984696507453918 -0.003317308844998479 0.05520320683717728 -0.09409666061401367 0.0031678234227001667 0.9999910593032837 0.0027952047530561686 -1.2120449542999268 -0.055212002247571945 -0.002616052981466055 0.998471200466156 96.51891326904297
0.9983594417572021 -0.004919780883938074 0.05704464390873909 -0.02335643768310547 0.004971879068762064 0.9999873638153076 -0.0007713937666267157 -1.2297420501708984 -0.057040125131607056 0.001053747721016407 0.9983713626861572 97.67405700683594
0.9982259273529053 -0.003948079887777567 0.05940838158130646 0.03792715072631836 0.004158133640885353 0.9999855160713196 -0.0034125521779060364 -1.2515366077423096 -0.05939405411481857 0.0036535260733217 0.9982279539108276 98.84236907958984
0.9981139302253723 -0.004022268578410149 0.06125511974096298 0.10320472717285156 0.004299680702388287 0.9999810457229614 -0.004397653043270111 -1.269258737564087 -0.06123625859618187 0.004652736708521843 0.9981124997138977 100.01912689208984
0.9980984926223755 -0.003894627094268799 0.06151607632637024 0.16778039932250977 0.004131602123379707 0.9999845027923584 -0.0037255166098475456 -1.2921276092529297 -0.061500612646341324 0.003972592763602734 0.998099148273468 101.19259643554688
0.9981586933135986 -0.0035669724456965923 0.06055213138461113 0.24016094207763672 0.003690487239509821 0.9999913573265076 -0.001928107114508748 -1.3112738132476807 -0.06054472550749779 0.002148024272173643 0.9981631636619568 102.38081359863281
0.9982211589813232 -0.0043905326165258884 0.05945736542344093 0.3008995056152344 0.004426132887601852 0.9999901056289673 -0.00046706158900633454 -1.3325728178024292 -0.059454720467329025 0.0007293967646546662 0.9982307553291321 103.57073974609375
0.9983435869216919 -0.0039060008712112904 0.057401400059461594 0.3644695281982422 0.0038996869698166847 0.9999923706054688 0.00022199831437319517 -1.3478565216064453 -0.057401832193136215 2.216838765889406e-06 0.9983511567115784 104.76081848144531
0.9984962344169617 -0.0036870583426207304 0.054696980863809586 0.42324066162109375 0.0036492031067609787 0.9999930262565613 0.0007919571362435818 -1.366268277168274 -0.05469952151179314 -0.0005911658518016338 0.9985026717185974 105.95787811279297
0.9986408948898315 -0.003107983386144042 0.0520256869494915 0.4784674644470215 0.003069089725613594 0.9999949336051941 0.0008274572319351137 -1.3874754905700684 -0.05202799290418625 -0.0006666611880064011 0.9986453652381897 107.16529083251953
0.9988301992416382 -0.0017238148720934987 0.04832465574145317 0.5265936851501465 0.0017176747787743807 0.9999985694885254 0.0001685848692432046 -1.3993597030639648 -0.04832487925887108 -8.538184920325875e-05 0.9988316893577576 108.36956024169922
0.9990174770355225 -0.0015141849871724844 0.04429080709815025 0.573523998260498 0.0014868342550471425 0.9999986886978149 0.0006504604243673384 -1.4173091650009155 -0.04429173842072487 -0.0005839682416990399 0.9990184903144836 109.57477569580078
0.9991868734359741 -0.000806292227935046 0.04031045362353325 0.6182210445404053 0.0007408244418911636 0.9999983906745911 0.0016390096861869097 -1.4328851699829102 -0.04031170904636383 -0.0016078141052275896 0.9991859197616577 110.79686737060547
0.999356210231781 -0.0005262788035906851 0.03587111085653305 0.6612832546234131 0.0004361561150290072 0.9999967217445374 0.0025201805401593447 -1.4532842636108398 -0.035872314125299454 -0.002502912888303399 0.9993532299995422 112.01710510253906
0.999507486820221 -0.00038291089003905654 0.0313776433467865 0.6926991939544678 0.00028843473410233855 0.9999953508377075 0.0030154110863804817 -1.4668186902999878 -0.031378649175167084 -0.0030048759654164314 0.9995030164718628 113.23751831054688
0.9996489882469177 0.0002492860076017678 0.02649201825261116 0.7220728397369385 -0.0003341745468787849 0.9999947547912598 0.0031999254133552313 -1.488547444343567 -0.026491086930036545 -0.0032076553907245398 0.9996439218521118 114.46356201171875
0.9997737407684326 0.0005720286280848086 0.021267540752887726 0.7427910566329956 -0.0006372129428200424 0.9999951124191284 0.003058315021917224 -1.5027227401733398 -0.02126568742096424 -0.0030711747240275145 0.9997691512107849 115.69051361083984
0.9998610615730286 0.001257876050658524 0.01661709137260914 0.7533825635910034 -0.0013035816373303533 0.9999954104423523 0.002739978488534689 -1.518186092376709 -0.016613565385341644 -0.00276125967502594 0.9998582005500793 116.91279602050781
0.9999269247055054 0.0023549555335193872 0.01185261458158493 0.7601208090782166 -0.0023788833059370518 0.999995231628418 0.0020050816237926483 -1.5325194597244263 -0.011847833171486855 -0.002033131429925561 0.9999277591705322 118.13264465332031
0.999954879283905 0.004406450781971216 0.008431931957602501 0.7621220350265503 -0.004424495622515678 0.9999879002571106 0.0021224867086857557 -1.5532786846160889 -0.008422479964792728 -0.002159697702154517 0.9999621510505676 119.37028503417969
0.9999611377716064 0.006248195189982653 0.006212532054632902 0.7636805772781372 -0.006261317990720272 0.9999781847000122 0.0020953624043613672 -1.5662660598754883 -0.006199304014444351 -0.0021341799292713404 0.9999784827232361 120.61384582519531
0.9999557733535767 0.007603066507726908 0.005536387208849192 0.7546300292015076 -0.007612588349729776 0.9999696016311646 0.001700850436463952 -1.5836483240127563 -0.00552328722551465 -0.0017429216532036662 0.9999831914901733 121.8493881225586
0.9999439120292664 0.009763099253177643 0.0041019506752491 0.7587571144104004 -0.009771188721060753 0.9999503493309021 0.0019567834679037333 -1.6000921726226807 -0.004082642495632172 -0.0019967546686530113 0.9999896883964539 123.10514831542969
0.999932587146759 0.011122830212116241 0.0033684740774333477 0.7475703954696655 -0.01113195065408945 0.9999344944953918 0.002701025689020753 -1.6154155731201172 -0.0033382107503712177 -0.0027383414562791586 0.9999906420707703 124.35319519042969
0.999935507774353 0.011016134172677994 0.002788672223687172 0.7389043569564819 -0.011024712584912777 0.9999344944953918 0.0030792229808866978 -1.631085753440857 -0.0027545688208192587 -0.0031097682658582926 0.9999913573265076 125.60077667236328
0.99988853931427 0.014797065407037735 0.001994668273255229 0.7332763671875 -0.014807273633778095 0.9998767971992493 0.005203895270824432 -1.6485882997512817 -0.001917420537211001 -0.0052328514866530895 0.9999843835830688 126.86201477050781
0.9998739361763 0.01582193188369274 0.0013495467137545347 0.7244872450828552 -0.015832673758268356 0.9998396635055542 0.008359413594007492 -1.6593575477600098 -0.001217068755067885 -0.008379727602005005 0.9999641180038452 128.11956787109375
0.9998965859413147 0.014360739849507809 0.0007298231939785182 0.7244027256965637 -0.014366040006279945 0.9998658299446106 0.007869676686823368 -1.6698408126831055 -0.0006167108658701181 -0.007879347540438175 0.9999687671661377 129.3800048828125
0.9999018311500549 0.014011809602379799 7.145962445065379e-05 0.719745397567749 -0.014011978171765804 0.9998812675476074 0.006408939603716135 -1.6784543991088867 1.8349557649344206e-05 -0.006409311667084694 0.9999794363975525 130.6326446533203
0.9999309182167053 0.011727135628461838 -0.0007982535171322525 0.7198525071144104 -0.011720798909664154 0.9999030232429504 0.007525118067860603 -1.691748857498169 0.00088642438640818 -0.007515241391956806 0.999971330165863 131.88877868652344
0.9999539256095886 0.009421011433005333 -0.0018049704376608133 0.717721164226532 -0.009403944946825504 0.9999130964279175 0.009242051281034946 -1.7004215717315674 0.00189188402146101 -0.009224653244018555 0.9999555945396423 133.1588897705078
0.9999809861183167 0.005910644773393869 -0.0017147866310551763 0.7071266174316406 -0.005891419947147369 0.9999220371246338 0.011007692664861679 -1.7082715034484863 0.0017797157634049654 -0.010997381061315536 0.9999379515647888 134.42881774902344
0.9999905228614807 0.004048345144838095 -0.0015951759414747357 0.6950883865356445 -0.004028740338981152 0.999918520450592 0.01210852898657322 -1.7174683809280396 0.0016440660692751408 -0.01210198737680912 0.999925434589386 135.70870971679688
0.9999979734420776 -0.0003304507117718458 -0.0019945669919252396 0.7019195556640625 0.00035143710556440055 0.9999445080757141 0.010530552826821804 -1.7258824110031128 0.0019909783732146025 -0.010531233623623848 0.9999424815177917 136.96388244628906
0.9999944567680359 -0.002644713269546628 -0.0020248359069228172 0.6972512602806091 0.0026641625445336103 0.9999497532844543 0.009663679637014866 -1.732863426208496 0.0019991775043308735 -0.009669022634625435 0.999951183795929 138.23648071289062
0.9999904632568359 -0.004057291429489851 -0.0015927301719784737 0.6911753416061401 0.004071854520589113 0.9999489784240723 0.00924933236092329 -1.7396197319030762 0.0015551218530163169 -0.009255729615688324 0.9999558925628662 139.5106658935547
0.9999923706054688 -0.003754876321181655 -0.0011019350495189428 0.6845645308494568 0.0037653108593076468 0.9999465346336365 0.009625328704714775 -1.746957540512085 0.001065733376890421 -0.009629405103623867 0.9999530911445618 140.79965209960938
0.999993085861206 -0.003555495757609606 -0.001122820540331304 0.6833394765853882 0.0035682173911482096 0.9999270439147949 0.011539158411324024 -1.7536596059799194 0.001081709866411984 -0.011543084867298603 0.9999328255653381 142.0697479248047
0.999999463558197 -0.0010041665518656373 -2.611291711218655e-05 0.671617329120636 0.0010044240625575185 0.9999119639396667 0.013229395262897015 -1.7633808851242065 1.2827033060602844e-05 -0.013229414820671082 0.9999125003814697 143.37261962890625
0.9999992251396179 -0.0011529338080435991 0.0004752263193950057 0.6673420071601868 0.001147340633906424 0.9999319314956665 0.01160641759634018 -1.7700022459030151 -0.0004885753733105958 -0.011605862528085709 0.9999325275421143 144.6485595703125
0.9999991655349731 -0.0007876798626966774 0.000958623131737113 0.6590208411216736 0.0007781339809298515 0.9999505281448364 0.009918083436787128 -1.7829874753952026 -0.0009663879754953086 -0.009917332790791988 0.9999502897262573 145.91810607910156
0.9999976754188538 -0.0010707242181524634 0.0018094733823090792 0.6540902853012085 0.0010572854662314057 0.9999719858169556 0.007411742117255926 -1.7905627489089966 -0.0018173583084717393 -0.00740981288254261 0.9999708533287048 147.18881225585938
0.9999966621398926 -0.0018837262177839875 0.0017546021845191717 0.6539518237113953 0.0018782569095492363 0.9999935030937195 0.0031134523451328278 -1.8054819107055664 -0.00176045554690063 -0.003110148012638092 0.9999935626983643 148.45640563964844
0.9999951720237732 -0.0016632761107757688 0.0026099425740540028 0.6471537947654724 0.0016640933463349938 0.9999985694885254 -0.00031103307264856994 -1.8265811204910278 -0.0026094212662428617 0.000315374752972275 0.999996542930603 149.7287139892578
0.9999946355819702 -0.0024546014610677958 0.0021474312525242567 0.6532222032546997 0.0024572836700826883 0.9999962449073792 -0.001247444306500256 -1.84716796875 -0.002144360914826393 0.0012527145445346832 0.9999969005584717 151.00355529785156
0.9999931454658508 -0.002404158702120185 0.002817874075844884 0.6414923667907715 0.0024071282241493464 0.999996542930603 -0.0010508859995752573 -1.8717714548110962 -0.002815338084474206 0.0010576616041362286 0.9999954104423523 152.27525329589844
0.9999955892562866 -0.0016200252575799823 0.002520759357139468 0.6397420167922974 0.0016211976762861013 0.9999985694885254 -0.00046303035924211144 -1.8959707021713257 -0.0025200059171766043 0.0004671149654313922 0.9999966621398926 153.53579711914062
0.9999963641166687 -0.001004317426122725 0.0024804575368762016 0.636937141418457 0.0010030248668044806 0.9999992847442627 0.0005221258033998311 -1.9165068864822388 -0.0024809795431792736 -0.0005196359124965966 0.9999967813491821 154.7956085205078
0.9999977946281433 -0.00046403254964388907 0.0020474286284297705 0.6339243650436401 0.0004617550875991583 0.9999992847442627 0.001112729893065989 -1.9375051259994507 -0.0020479431841522455 -0.0011117820395156741 0.9999973177909851 156.064453125
0.9999984502792358 -0.0004945809487253428 0.0016864935168996453 0.6296461820602417 0.0004934215685352683 0.9999996423721313 0.0006878212443552911 -1.9580961465835571 -0.0016868326347321272 -0.0006869880598969758 0.9999983310699463 157.32748413085938
0.999999463558197 -8.054267527768388e-05 0.001019456540234387 0.6201286315917969 7.93702929513529e-05 0.9999992847442627 0.0011500371620059013 -1.9790037870407104 -0.0010195481590926647 -0.0011499556712806225 0.9999988675117493 158.59449768066406
0.9999998211860657 -0.00044028868433088064 0.0004541266825981438 0.6199926137924194 0.00043935002759099007 0.9999977946281433 0.002063022693619132 -1.9991931915283203 -0.0004550339945126325 -0.0020628226920962334 0.9999977946281433 159.8634033203125
0.9999997615814209 0.0005849752342328429 0.0004035336314700544 0.601347029209137 -0.0005859532975591719 0.9999969005584717 0.0024265069514513016 -2.018495559692383 -0.00040211313171312213 -0.002426742808893323 0.9999970197677612 161.11529541015625
0.9999992251396179 0.0010851374827325344 -0.0006013669189997017 0.6034185886383057 -0.0010843430645763874 0.9999985098838806 0.0013202481204643846 -2.038297176361084 0.0006027978379279375 -0.0013195949140936136 0.9999988675117493 162.38966369628906
0.999998152256012 0.001322412397712469 -0.0013961258810013533 0.5957507491111755 -0.001322103664278984 0.9999991059303284 0.0002220291644334793 -2.060734748840332 0.0013964185491204262 -0.00022018293384462595 0.999998927116394 163.6542510986328
0.9999953508377075 0.0024292482994496822 -0.0018955636769533157 0.5820887684822083 -0.0024283016100525856 0.9999969005584717 0.0005017452058382332 -2.0864412784576416 0.0018967760261148214 -0.0004971398157067597 0.9999980926513672 164.92027282714844
0.9999942779541016 0.0023325320798903704 -0.002452037762850523 0.5673909187316895 -0.002333662938326597 0.9999971389770508 -0.00045833620242774487 -2.1064815521240234 0.002450960921123624 0.000464055803604424 0.9999968409538269 166.1973419189453
0.999990701675415 0.002537703840062022 -0.003486793488264084 0.5595285296440125 -0.0025426428765058517 0.9999957084655762 -0.0014128410257399082 -2.1318106651306152 0.003483193228021264 0.0014216935960575938 0.9999929666519165 167.4698944091797
0.9999887943267822 0.0029321792535483837 -0.003720842534676194 0.5433433055877686 -0.002937596756964922 0.9999946355819702 -0.0014513499336317182 -2.1464498043060303 0.0037165686953812838 0.0014622639864683151 0.9999920129776001 168.7410888671875
0.9999848008155823 0.0032071268651634455 -0.004492383450269699 0.5319514274597168 -0.0032062612008303404 0.9999948740005493 0.00019981944933533669 -2.1731109619140625 0.0044929999858140945 -0.00018541270401328802 0.9999898672103882 170.01927185058594
0.9999827146530151 0.002813497558236122 -0.005181976594030857 0.5244829654693604 -0.00281136529520154 0.9999959468841553 0.000418774172430858 -2.194828987121582 0.0051831346936523914 -0.00040419850847683847 0.9999864101409912 171.2867889404297
0.9999756813049316 0.003541468409821391 -0.0060054706409573555 0.5098342895507812 -0.003538941266015172 0.9999936819076538 0.00043137383181601763 -2.21010684967041 0.006006959360092878 -0.00041011034045368433 0.9999818205833435 172.5591278076172
0.9999693036079407 0.0038340166211128235 -0.006824224255979061 0.4934574365615845 -0.0038307025097310543 0.9999924898147583 0.0004985561245121062 -2.230858325958252 0.0068260859698057175 -0.0004723993188235909 0.9999765753746033 173.8533477783203
0.9999656081199646 0.0042309691198170185 -0.00713491952046752 0.4763216972351074 -0.004231665749102831 0.9999910593032837 -8.264190546469763e-05 -2.25351881980896 0.0071345060132443905 0.00011283162893960252 0.9999745488166809 175.0931396484375
0.9999594688415527 0.00506959855556488 -0.007438039872795343 0.45387256145477295 -0.0050767818465828896 0.9999866485595703 -0.0009471520897932351 -2.2710514068603516 0.00743313692510128 0.0009848750196397305 0.9999719262123108 176.36300659179688
0.9999544024467468 0.005009036511182785 -0.008134011179208755 0.4357532262802124 -0.0050125871784985065 0.9999873638153076 -0.00041617118404246867 -2.291229248046875 0.008131822571158409 0.0004569246375467628 0.9999668002128601 177.62496948242188
0.9999551773071289 0.005030788481235504 -0.008020861074328423 0.41467368602752686 -0.005044654943048954 0.9999858140945435 -0.001709651667624712 -2.3127341270446777 0.008012146688997746 0.0017500371905043721 0.9999663829803467 178.8764190673828
0.9999580979347229 0.003996427170932293 -0.008234295062720776 0.3988833427429199 -0.0040232939645648 0.9999866485595703 -0.0032488652504980564 -2.334606170654297 0.008221201598644257 0.0032818587496876717 0.9999608397483826 180.14007568359375
0.999963641166687 0.000928124412894249 -0.008480836637318134 0.380016565322876 -0.0009534626733511686 0.9999950528144836 -0.0029840709175914526 -2.362748861312866 0.00847802497446537 0.002992048393934965 0.9999595880508423 181.40606689453125
0.999961793422699 0.0011999644339084625 -0.008654440753161907 0.37468457221984863 -0.0011950742918998003 0.9999991059303284 0.0005701812915503979 -2.3830840587615967 0.008655119687318802 -0.0005598169518634677 0.999962329864502 182.66424560546875
0.9999586939811707 0.00035185302840545774 -0.009080134332180023 0.36182451248168945 -0.0003080369206145406 0.999988317489624 0.004826398566365242 -2.4036781787872314 0.009081726893782616 -0.004823402035981417 0.9999470710754395 183.9300079345703
0.9999611377716064 0.0012966000940650702 -0.008715122938156128 0.3398045301437378 -0.001259178388863802 0.9999901056289673 0.004297943785786629 -2.418894052505493 0.008720608428120613 -0.004286803305149078 0.9999527931213379 185.18096923828125
0.9999631643295288 0.0030246225651353598 -0.008032593876123428 0.3140144348144531 -0.0030161007307469845 0.9999949336051941 0.0010727543849498034 -2.435368061065674 0.008035796694457531 -0.0010484876111149788 0.9999671578407288 186.4283447265625
0.9999554753303528 0.002973622176796198 -0.008949466980993748 0.2981516122817993 -0.0029814676381647587 0.9999951124191284 -0.0008634064579382539 -2.456563711166382 0.008946855552494526 0.0008900506654754281 0.9999595880508423 187.67674255371094
0.9999508857727051 0.003002189565449953 -0.00944702047854662 0.28357088565826416 -0.003006841754540801 0.9999954104423523 -0.0004782845498993993 -2.4798500537872314 0.00944554153829813 0.0005066667217761278 0.9999552965164185 188.9276580810547
0.999958872795105 0.0026699011214077473 -0.008681156672537327 0.2588315010070801 -0.0026646775659173727 0.9999962449073792 0.0006132344715297222 -2.5016024112701416 0.008682760410010815 -0.000590076670050621 0.9999621510505676 190.1826934814453
0.9999591112136841 0.0028415422420948744 -0.008585130795836449 0.2422109842300415 -0.00281687849201262 0.9999918341636658 0.0028835677076131105 -2.5245625972747803 0.00859325286000967 -0.002859266474843025 0.9999589920043945 191.43138122558594
0.9999675154685974 0.0022523426450788975 -0.007730914745479822 0.2258232831954956 -0.0022242290433496237 0.9999908804893494 0.003643166273832321 -2.544839382171631 0.007739049382507801 -0.0036258529871702194 0.9999634623527527 192.67938232421875
0.9999781847000122 0.00225113146007061 -0.0062039014883339405 0.2104257345199585 -0.0022325022146105766 0.9999930262565613 0.0030081255827099085 -2.5634939670562744 0.006210630759596825 -0.0029942099936306477 0.9999762773513794 193.92117309570312
0.999987781047821 0.0012162079801782966 -0.00478725740686059 0.19744408130645752 -0.0012091168900951743 0.999998152256012 0.0014838636852800846 -2.5834314823150635 0.004789055325090885 -0.0014780572382733226 0.9999874234199524 195.15049743652344
0.9999936819076538 0.0009461449808441103 -0.003420203924179077 0.18252360820770264 -0.0009464959730394185 0.999999463558197 -0.00010096188634634018 -2.603999614715576 0.0034201075322926044 0.00010419858153909445 0.999994158744812 196.38265991210938
