1.0 1.2231442951815552e-06 -1.2478125427151099e-05 3.0412591513595544e-05 -1.223154981744301e-06 1.0 -8.600682122050785e-07 1.073266730600153e-06 1.2478124517656397e-05 8.60083503084752e-07 1.0 9.093528205994517e-06
0.9999788999557495 0.0004122612008359283 -0.006487227976322174 -0.008197924122214317 -0.0004097162454854697 0.9999998211860657 0.0003936201974283904 -0.0019297306425869465 0.0064873890951275826 -0.00039095396641641855 0.9999788999557495 0.09180057793855667
0.9999070763587952 0.0009530668030492961 -0.013598285615444183 -0.016293294727802277 -0.0009508543880656362 0.9999995231628418 0.0001691655197646469 -0.0018617120804265141 0.01359844021499157 -0.0001562198158353567 0.9999074935913086 0.18850703537464142
0.999772310256958 0.0013914303854107857 -0.021295111626386642 -0.02608722262084484 -0.001403742702677846 0.9999988675117493 -0.0005632460815832019 -0.0021547747310250998 0.021294303238391876 0.0005930106271989644 0.9997730851173401 0.2853946089744568
0.9995414614677429 0.0017129284096881747 -0.030231641605496407 -0.04295673966407776 -0.001773569849319756 0.9999964833259583 -0.0019791922532022 -0.001906158635392785 0.03022814355790615 0.0020319027826189995 0.9995409846305847 0.39067938923835754
0.9991249442100525 0.001923126052133739 -0.04178014397621155 -0.0590122789144516 -0.002068066503852606 0.9999920129776001 -0.003426182782277465 -0.004939326085150242 0.04177321866154671 0.003509588772431016 0.9991209506988525 0.5011595487594604
0.9984782934188843 0.0017306419322267175 -0.055118970572948456 -0.08419127017259598 -0.0019563022069633007 0.999989926815033 -0.004040365573018789 -0.008012240752577782 0.05511142686009407 0.00414204690605402 0.9984716176986694 0.6260631084442139
0.9974275827407837 0.001856524497270584 -0.07165737450122833 -0.10881977528333664 -0.0021801600232720375 0.999987781047821 -0.004438481759279966 -0.0040851859375834465 0.0716482549905777 0.004583288915455341 0.9974194169044495 0.7612219452857971
0.9959043264389038 0.00020713913545478135 -0.09041301906108856 -0.13516782224178314 -0.0005879771197214723 0.9999910593032837 -0.004185588099062443 -0.009281077422201633 0.09041134268045425 0.004221606533974409 0.9958955645561218 0.9165048003196716
0.9939111471176147 -0.0007675998494960368 -0.11018167436122894 -0.17597122490406036 0.00028822929016314447 0.9999904036521912 -0.004366590641438961 -0.012760511599481106 0.1101839691400528 0.0043082451447844505 0.9939019083976746 1.075522541999817
0.9920894503593445 0.0029486215207725763 -0.12549789249897003 -0.37263938784599304 -0.0036361764650791883 0.9999796152114868 -0.005249898415058851 -0.011860165745019913 0.12547984719276428 0.005664701573550701 0.9920799732208252 1.303911805152893
0.9886103272438049 0.006379805970937014 -0.1503625065088272 -0.4115094542503357 -0.007410719525068998 0.9999527335166931 -0.006296845152974129 -0.01981082186102867 0.1503152698278427 0.007339420262724161 0.9886108040809631 1.4687527418136597
0.9843576550483704 0.01075726468116045 -0.1758531630039215 -0.47681480646133423 -0.012275002896785736 0.999896228313446 -0.007545187138020992 -0.026757702231407166 0.17575374245643616 0.009585760533809662 0.9843875169754028 1.6436280012130737
0.9791141152381897 0.013691244646906853 -0.20285002887248993 -0.5483530759811401 -0.01575598120689392 0.9998392462730408 -0.008567223325371742 -0.02953430637717247 0.20270010828971863 0.0115843890234828 0.9791723489761353 1.825211524963379
0.9725937247276306 0.01441775169223547 -0.23206351697444916 -0.626836359500885 -0.01691373996436596 0.9998185038566589 -0.008769418112933636 -0.030440060421824455 0.23189495503902435 0.012454141862690449 0.9726611375808716 2.0122413635253906
0.9646997451782227 0.01615488901734352 -0.26285645365715027 -0.7134532928466797 -0.01894516870379448 0.9997878670692444 -0.008084012195467949 -0.035002510994672775 0.26267009973526 0.012778502888977528 0.9648011326789856 2.208373785018921
0.9532855153083801 0.014963568188250065 -0.30169984698295593 -0.5858823657035828 -0.017397727817296982 0.9998342990875244 -0.005382558796554804 -0.07012707740068436 0.30156925320625305 0.01038000825792551 0.9533877372741699 2.212035894393921
0.9419654011726379 0.016646098345518112 -0.33529698848724365 -0.6845787167549133 -0.019186293706297874 0.9998070001602173 -0.004264710936695337 -0.0704139843583107 0.33516114950180054 0.010450316593050957 0.94210284948349 2.397597551345825
0.9293366074562073 0.018898552283644676 -0.36874958872795105 -0.7870989441871643 -0.02175719477236271 0.9997568726539612 -0.00359539408236742 -0.07528422772884369 0.36859193444252014 0.011364287696778774 0.9295217990875244 2.578657627105713
0.9154296517372131 0.02173045463860035 -0.4018907845020294 -0.9095732569694519 -0.025073915719985962 0.9996809363365173 -0.0030602423939853907 -0.074246346950531 0.40169602632522583 0.012878411449491978 0.9156824946403503 2.760688066482544
0.8993375301361084 0.022503068670630455 -0.43667563796043396 -1.0269923210144043 -0.02613873779773712 0.9996556639671326 -0.002318032318726182 -0.07597948610782623 0.4364730715751648 0.013498843647539616 0.899616003036499 2.93444561958313
0.8808804750442505 0.018271582201123238 -0.4729859530925751 -1.1507339477539062 -0.022257693111896515 0.9997483491897583 -0.002831768710166216 -0.07756315916776657 0.4728150963783264 0.013022025115787983 0.8810654878616333 3.11034893989563
0.8606579303741455 0.01435253955423832 -0.5089812874794006 -1.3524866104125977 -0.018678652122616768 0.9998197555541992 -0.003391038393601775 -0.0724247470498085 0.5088409185409546 0.012425608932971954 0.8607708811759949 3.3462040424346924
0.8356003761291504 0.01598794385790825 -0.549105167388916 -1.5130739212036133 -0.01927633211016655 0.9998141527175903 -0.00022278816322796047 -0.07558873295783997 0.5489996075630188 0.010770893655717373 0.8357531428337097 3.5267553329467773
0.8064716458320618 0.021639490500092506 -0.5908766984939575 -1.6896398067474365 -0.023918524384498596 0.9997060894966125 0.003966169431805611 -0.08222182840108871 0.5907888412475586 0.010934295132756233 0.80675208568573 3.6894004344940186
0.7740152478218079 0.02478470280766487 -0.6326815485954285 -1.889245629310608 -0.027225011959671974 0.9996122121810913 0.005852099973708391 -0.08428093791007996 0.6325812935829163 0.012695148587226868 0.7743898630142212 3.8580286502838135
0.738167405128479 0.023610396310687065 -0.6742042303085327 -2.1081018447875977 -0.02605901099741459 0.9996394515037537 0.006475737784057856 -0.08440675586462021 0.6741140484809875 0.012788916938006878 0.7385164499282837 4.03395938873291
0.6981953978538513 0.01940719038248062 -0.7156441807746887 -2.325897693634033 -0.01996213011443615 0.9997715950012207 0.0076368823647499084 -0.08345325291156769 0.7156288623809814 0.008953745476901531 0.6984233260154724 4.201624870300293
0.655242383480072 0.01555861160159111 -0.7552584409713745 -2.5634148120880127 -0.014451329596340656 0.9998630881309509 0.008059962652623653 -0.08042051643133163 0.7552803754806519 0.005633259657770395 0.6553775668144226 4.365545749664307
0.6113541126251221 0.015046564862132072 -0.791214108467102 -2.8288464546203613 -0.011722761206328869 0.9998816847801208 0.009956883266568184 -0.07818512618541718 0.7912703156471252 0.0031880319584161043 0.6114581227302551 4.503627777099609
0.5630296468734741 0.015483922325074673 -0.8262916803359985 -3.1071324348449707 -0.009240272454917431 0.9998798966407776 0.012440541759133339 -0.07359012961387634 0.8263850808143616 0.0006307667936198413 0.5631051063537598 4.6438422203063965
0.5118765234947205 0.01617136411368847 -0.8589068055152893 -3.401777505874634 -0.0074522350914776325 0.9998686909675598 0.01438412070274353 -0.06962431222200394 0.8590266108512878 -0.0009621167555451393 0.5119298696517944 4.769111156463623
0.4599980115890503 0.017243826761841774 -0.8877524137496948 -3.704761266708374 -0.0067585608921945095 0.9998503923416138 0.015919215977191925 -0.059348732233047485 0.8878942131996155 -0.0013228788739070296 0.46004578471183777 4.861166000366211
0.4053713381290436 0.019379684701561928 -0.9139466285705566 -4.03658390045166 -0.0052847168408334255 0.9998082518577576 0.018856346607208252 -0.05622059479355812 0.9141368865966797 -0.0028138745110481977 0.4053960144519806 4.956667900085449
0.3498694896697998 0.021351756528019905 -0.936555027961731 -4.389883041381836 -0.005172665696591139 0.9997690320014954 0.020860562101006508 -0.04868433251976967 0.9367842078208923 -0.002453987253829837 0.3498990833759308 5.038832187652588
0.29445284605026245 0.02439061552286148 -0.9553546905517578 -4.772397041320801 -0.0022764515597373247 0.9996894001960754 0.02482086606323719 -0.041848283261060715 0.9556633234024048 -0.005133755970746279 0.2944168746471405 5.119722843170166
0.24085937440395355 0.026220574975013733 -0.9702057838439941 -5.132899284362793 0.002099089091643691 0.9996185898780823 0.02753659151494503 -0.043023768812417984 0.9705577492713928 -0.008668994531035423 0.2407124787569046 5.178781032562256
0.19000111520290375 0.02662593498826027 -0.9814227223396301 -5.517672061920166 0.004442841280251741 0.9995986223220825 0.0279791671782732 -0.03824908286333084 0.981773853302002 -0.009676377288997173 0.18980655074119568 5.213381767272949
0.1423867791891098 0.027805639430880547 -0.9894205331802368 -5.914286136627197 0.001798706129193306 0.9995964169502258 0.0283504668623209 -0.033642321825027466 0.989809513092041 -0.005816408898681402 0.14227932691574097 5.232203006744385
0.10000818222761154 0.028059514239430428 -0.9945909380912781 -6.357500076293945 -0.00044559402158483863 0.9996034502983093 0.02815612591803074 -0.020030159503221512 0.9949865341186523 -0.00237265951000154 0.09998106211423874 5.2336506843566895
0.062172118574380875 0.02676359750330448 -0.9977065324783325 -6.806177139282227 -0.0011380786309018731 0.9996416568756104 0.02674458734691143 -0.013625849038362503 0.9980648159980774 -0.0005272988928481936 0.062180325388908386 5.224093437194824
0.027648424729704857 0.023773936554789543 -0.9993349313735962 -7.272801399230957 0.0008047696319408715 0.9997162818908691 0.023805273696780205 -0.00605024816468358 0.9996173977851868 -0.0014624126488342881 0.027621448040008545 5.224330902099609
-0.003384711453691125 0.02102537453174591 -0.9997731447219849 -7.74946403503418 0.0012716263299807906 0.9997782111167908 0.021021174266934395 -0.00016885569493751973 0.9999934434890747 -0.0012001871364191175 -0.0034106974489986897 5.19412899017334
-0.030273888260126114 0.019333893433213234 -0.9993547201156616 -8.239580154418945 0.0007785223424434662 0.9998130798339844 0.01931917853653431 0.004408548586070538 0.9995413422584534 -0.00019315337704028934 -0.030283289030194283 5.1576995849609375
-0.05073093622922897 0.016902567818760872 -0.9985693097114563 -8.748637199401855 -0.00014921132242307067 0.9998566508293152 0.016931938007473946 0.016522642225027084 0.998712420463562 0.0010079708881676197 -0.050721149891614914 5.108522891998291
-0.06735623627901077 0.015832578763365746 -0.9976033568382263 -9.26452922821045 0.000682846934068948 0.9998745322227478 0.01582251861691475 0.03185706213116646 0.9977287650108337 0.0003845350001938641 -0.06735859811306 5.068802356719971
-0.08030665665864944 0.01612354815006256 -0.9966397881507874 -9.802906036376953 0.0008319542976096272 0.9998698830604553 0.016108769923448563 0.040535345673561096 0.9967698454856873 0.00046448278590105474 -0.08030962944030762 5.013942241668701
-0.08994664251804352 0.017663339152932167 -0.9957900047302246 -10.359601020812988 0.0009670049184933305 0.9998437762260437 0.01764790341258049 0.04206742346286774 0.9959461092948914 0.000624435895588249 -0.08994966745376587 4.954500198364258
-0.0967601090669632 0.018872709944844246 -0.9951288104057312 -10.934277534484863 -0.000964317936450243 0.9998180866241455 0.019055403769016266 0.04198519140481949 0.9953072667121887 0.00280342367477715 -0.09672429412603378 4.889455318450928
-0.10113031417131424 0.01986081898212433 -0.9946750402450562 -11.52737045288086 -0.000716386828571558 0.9997990727424622 0.020035969093441963 0.049377236515283585 0.9948728680610657 0.002738815965130925 -0.10109575092792511 4.819627285003662
-0.10250638425350189 0.020524434745311737 -0.9945206642150879 -12.13428020477295 0.0012562117772176862 0.9997889995574951 0.020503677427768707 0.060434866696596146 0.994731605052948 0.0008524293662048876 -0.10251052677631378 4.7554144859313965
-0.10183444619178772 0.022815387696027756 -0.994539737701416 -12.746060371398926 0.0031437466386705637 0.999739408493042 0.022612769156694412 0.06458694487810135 0.9947963356971741 -0.0008238215814344585 -0.10187964141368866 4.699155807495117
-0.10006097704172134 0.024974418804049492 -0.9946678280830383 -13.403804779052734 0.0023972776252776384 0.9996880888938904 0.024859309196472168 0.07907325029373169 0.9949784278869629 0.00010295196261722594 -0.1000896543264389 4.627033233642578
-0.09840165078639984 0.025056587532162666 -0.9948313236236572 -14.057680130004883 0.00014579424168914557 0.9996833801269531 0.025164373219013214 0.08529016375541687 0.9951468110084534 0.0023311751428991556 -0.0983741506934166 4.557387828826904
-0.09669184684753418 0.022640924900770187 -0.9950568675994873 -14.722492218017578 -0.0009401728748343885 0.9997387528419495 0.022838812321424484 0.09634704887866974 0.9953138828277588 0.0031438523437827826 -0.0966452956199646 4.488978862762451
-0.09534812718629837 0.022276295349001884 -0.995194673538208 -15.402168273925781 -0.001985827460885048 0.9997433423995972 0.022568369284272194 0.10782214999198914 0.9954420328140259 0.004128136672079563 -0.09527940303087234 4.418959140777588
-0.09362532198429108 0.02493450790643692 -0.9952951669692993 -16.09885025024414 -0.0018334788037464023 0.9996802806854248 0.025216836482286453 0.119432732462883 0.9956057667732239 0.004185786470770836 -0.09354967623949051 4.349828243255615
-0.09185152500867844 0.02856755256652832 -0.9953628778457642 -16.820053100585938 -0.002423659898340702 0.9995789527893066 0.02891221083700657 0.13231278955936432 0.995769739151001 0.005068052560091019 -0.09174362570047379 4.280696868896484
-0.09014648199081421 0.030431587249040604 -0.995463490486145 -17.55059814453125 -0.002461917931213975 0.9995231628417969 0.030778637155890465 0.14529730379581451 0.9959254860877991 0.005225335713475943 -0.09002858400344849 4.211470603942871
-0.08838467299938202 0.02980019897222519 -0.9956405758857727 -18.28728675842285 -0.004530257545411587 0.9995300769805908 0.030318770557641983 0.15745967626571655 0.9960761070251465 0.007190222851932049 -0.0882081389427185 4.13843297958374
-0.08643901348114014 0.026922497898340225 -0.9958932995796204 -19.04010009765625 -0.007038326468318701 0.9995934367179871 0.027633413672447205 0.16843758523464203 0.996232271194458 0.009398028254508972 -0.08621437102556229 4.0630059242248535
-0.08479684591293335 0.026372073218226433 -0.9960492253303528 -19.8159122467041 -0.007935736328363419 0.9996000528335571 0.027141686528921127 0.18472038209438324 0.9963666200637817 0.01020591426640749 -0.08455365896224976 3.9885923862457275
-0.08341893553733826 0.028384968638420105 -0.996110200881958 -20.595998764038086 -0.005491266958415508 0.9995659589767456 0.02894330397248268 0.2024046629667282 0.9964994192123413 0.007884327322244644 -0.08322685211896896 3.922520637512207
-0.08248011767864227 0.030813133344054222 -0.9961162209510803 -21.39499282836914 -0.0033629273530095816 0.999507486820221 0.03119649551808834 0.21204175055027008 0.9965870380401611 0.005922956392168999 -0.08233589679002762 3.8607075214385986
-0.08087213337421417 0.03231867030262947 -0.9962003231048584 -22.180208206176758 -0.002569698728621006 0.9994640946388245 0.03263315558433533 0.22783899307250977 0.996721088886261 0.005199048202484846 -0.08074575662612915 3.789576768875122
-0.0801849290728569 0.027376830577850342 -0.9964039921760559 -22.985464096069336 -0.002369471825659275 0.9996145963668823 0.02765573002398014 0.2431235909461975 0.9967771768569946 0.004578523337841034 -0.08008917421102524 3.7206780910491943
-0.07964777946472168 0.02056412398815155 -0.9966108798980713 -23.792095184326172 -0.0013822675682604313 0.9997839331626892 0.02074006199836731 0.24888309836387634 0.9968220591545105 0.0030294822063297033 -0.07960215210914612 3.6522023677825928
-0.08031563460826874 0.015991510823369026 -0.996641218662262 -24.604150772094727 0.0020255364943295717 0.9998717308044434 0.015880117192864418 0.25923213362693787 0.9967674612998962 -0.0007433114224113524 -0.08033773303031921 3.5911874771118164
-0.08038755506277084 0.017085349187254906 -0.9966172575950623 -25.437166213989258 0.002939190249890089 0.9998527765274048 0.016903741285204887 0.2646987736225128 0.996759295463562 -0.00157039740588516 -0.08042594790458679 3.5133821964263916
-0.08024894446134567 0.024641847237944603 -0.9964701533317566 -26.278295516967773 0.0024909065105021 0.9996961951255798 0.02452102117240429 0.2695412337779999 0.9967717528343201 -0.0005143279558978975 -0.0802859514951706 3.4359729290008545
-0.08074744790792465 0.0317932590842247 -0.9962274432182312 -27.119596481323242 0.0012239782372489572 0.9994935393333435 0.031798284500837326 0.2806490659713745 0.9967337846755981 0.001348269870504737 -0.08074546605348587 3.3692705631256104
-0.08097594976425171 0.0371364988386631 -0.996023952960968 -27.957876205444336 -0.0011047814041376114 0.9993016719818115 0.03734852746129036 0.2915896475315094 0.9967153668403625 0.004124721512198448 -0.0808783769607544 3.2874605655670166
-0.08142577111721039 0.03751162812113762 -0.9959732294082642 -28.799480438232422 -0.0026390384882688522 0.9992798566818237 0.03785192221403122 0.30264225602149963 0.9966759085655212 0.005710533354431391 -0.08126812428236008 3.209742784500122
-0.08169224858283997 0.03374246507883072 -0.9960862398147583 -29.637767791748047 -0.002778571331873536 0.9994151592254639 0.034083109349012375 0.32033729553222656 0.9966537952423096 0.005552022717893124 -0.0815507099032402 3.134615898132324
-0.0820414274930954 0.030935272574424744 -0.9961486458778381 -30.473541259765625 -0.002832595491781831 0.999506950378418 0.03127284720540047 0.337807297706604 0.9966248273849487 0.005387356039136648 -0.08191334456205368 3.0615859031677246
-0.08254126459360123 0.032150425016880035 -0.9960688948631287 -31.316253662109375 -0.0039756326004862785 0.9994608759880066 0.03258936479687691 0.3524417579174042 0.9965797066688538 0.006649971939623356 -0.08236895501613617 2.988825798034668
-0.08198495209217072 0.034853190183639526 -0.9960238933563232 -32.14342498779297 -0.005404796451330185 0.999358057975769 0.035414740443229675 0.35831785202026367 0.996618926525116 0.008286780677735806 -0.08174395561218262 2.907801389694214
-0.08201707899570465 0.03351365774869919 -0.996067225933075 -32.975643157958984 -0.005764600355178118 0.9994016885757446 0.03410051017999649 0.37003225088119507 0.9966142773628235 0.008538753725588322 -0.08177482336759567 2.83612322807312
-0.08169685304164886 0.027988171204924583 -0.9962641596794128 -33.81340789794922 -0.006611997727304697 0.9995683431625366 0.028623202815651894 0.3841777443885803 0.9966353178024292 0.008925721049308777 -0.08147653937339783 2.7576944828033447
-0.08137504756450653 0.023937609046697617 -0.9963960647583008 -34.62962341308594 -0.008249601349234581 0.9996611475944519 0.02468978613615036 0.3928641378879547 0.9966493844985962 0.010229005478322506 -0.08115001022815704 2.688446044921875
-0.08102565258741379 0.024516621604561806 -0.9964104890823364 -35.46894454956055 -0.00792649108916521 0.9996500611305237 0.02524089254438877 0.40374457836151123 0.996680498123169 0.009943199343979359 -0.08080296963453293 2.619272470474243
-0.0801602154970169 0.027250593528151512 -0.9964094758033752 -36.30583190917969 -0.006478605326265097 0.9995909333229065 0.027858803048729897 0.40830954909324646 0.996760904788971 0.008688513189554214 -0.07995088398456573 2.5408124923706055
-0.07974708825349808 0.032427381724119186 -0.9962876439094543 -37.13164138793945 -0.006696369964629412 0.999430775642395 0.03306569904088974 0.4128979742527008 0.9967926144599915 0.009308403357863426 -0.07948455959558487 2.472313404083252
-0.07902472466230392 0.03786369785666466 -0.9961533546447754 -37.974098205566406 -0.005646148230880499 0.9992454051971436 0.0384291410446167 0.43176236748695374 0.9968566298484802 0.008661282248795033 -0.07875131070613861 2.403078556060791
-0.07928010821342468 0.04100406542420387 -0.9960086345672607 -38.81284713745117 -0.00618672976270318 0.9991141557693481 0.04162435978651047 0.4453369379043579 0.9968331456184387 0.009462022222578526 -0.07895620912313461 2.331986904144287
-0.07866678386926651 0.04060600325465202 -0.9960736036300659 -39.6405029296875 -0.0053324210457503796 0.9991387128829956 0.04115210101008415 0.4716070890426636 0.996886670589447 0.008548788726329803 -0.07838251441717148 2.2566726207733154
-0.07885365188121796 0.03639533743262291 -0.9962216019630432 -40.45329284667969 -0.005471548531204462 0.9993024468421936 0.036940980702638626 0.48530223965644836 0.9968711137771606 0.008363804779946804 -0.07859952002763748 2.193174123764038
-0.07836715877056122 0.03222713991999626 -0.9964035153388977 -41.2819709777832 -0.0064131272956728935 0.9994403719902039 0.032829754054546356 0.5003592371940613 0.9969038963317871 0.008962836116552353 -0.07811664044857025 2.119468927383423
-0.07828959822654724 0.029586467891931534 -0.996491551399231 -42.09925079345703 -0.010388340801000595 0.9994810223579407 0.03049139492213726 0.5103875994682312 0.9968764781951904 0.012739052064716816 -0.07794161885976791 2.044973611831665
-0.07881245762109756 0.027900228276848793 -0.9964989423751831 -42.91545104980469 -0.01410561241209507 0.999476969242096 0.02909921109676361 0.5211960077285767 0.9967895746231079 0.016349608078598976 -0.07837769389152527 1.9744094610214233
-0.0792514905333519 0.025668922811746597 -0.9965240955352783 -43.73591995239258 -0.012069317512214184 0.9995704293251038 0.026707245036959648 0.5343572497367859 0.9967815279960632 0.014143952168524265 -0.07890764623880386 1.9026809930801392
-0.08055118471384048 0.022044362500309944 -0.9965066909790039 -44.5546760559082 -0.007958422414958477 0.9997092485427856 0.022758519276976585 0.5378816723823547 0.99671870470047 0.009763846173882484 -0.08035232871770859 1.840010643005371
-0.08114900439977646 0.020799392834305763 -0.9964848756790161 -45.38252639770508 -0.003499111859127879 0.9997701644897461 0.021152911707758904 0.5447945594787598 0.996695876121521 0.005203350447118282 -0.08105755597352982 1.7687805891036987
-0.08314326405525208 0.02411331795156002 -0.9962458610534668 -46.20518493652344 -0.0034130150452256203 0.9996944069862366 0.024481626227498055 0.5526208877563477 0.9965317249298096 0.005435683764517307 -0.08303555846214294 1.697277307510376
-0.08459446579217911 0.030769549310207367 -0.9959402680397034 -47.010467529296875 -0.0011933755595237017 0.9995192289352417 0.030981482937932014 0.5524454712867737 0.9964147210121155 0.0038093936163932085 -0.08451706916093826 1.6260226964950562
-0.08663247525691986 0.034541141241788864 -0.9956413507461548 -47.815345764160156 0.0009738781373016536 0.9994012117385864 0.034586843103170395 0.5601171255111694 0.9962397813796997 0.0020267099607735872 -0.086614228785038 1.5563583374023438
-0.088134765625 0.033501580357551575 -0.9955450296401978 -48.625205993652344 0.0009816661477088928 0.9994367361068726 0.033545635640621185 0.5718525648117065 0.9961080551147461 0.0019792437087744474 -0.08811800181865692 1.4800854921340942
-0.08939336240291595 0.029728040099143982 -0.995552659034729 -49.42348098754883 -0.0021849083714187145 0.9995461702346802 0.030043480917811394 0.5798302888870239 0.9959939122200012 0.0048608784563839436 -0.08928782492876053 1.4014408588409424
-0.09043467044830322 0.026012128219008446 -0.9955626130104065 -50.213951110839844 -0.0071253604255616665 0.9996163249015808 0.02676529996097088 0.5877861380577087 0.9958769083023071 0.00951425265520811 -0.09021462500095367 1.3142549991607666
-0.09164313226938248 0.024546749889850616 -0.9954892992973328 -51.000858306884766 -0.011454613879323006 0.9996039867401123 0.0257027018815279 0.5968888998031616 0.9957260489463806 0.013758421875536442 -0.09132566303014755 1.2294245958328247
-0.09266471117734909 0.025412574410438538 -0.995373010635376 -51.79862594604492 -0.013019703328609467 0.9995578527450562 0.02673148922622204 0.6051814556121826 0.9956122636795044 0.015436526387929916 -0.09229287505149841 1.1473348140716553
-0.09328803420066833 0.027267634868621826 -0.9952656626701355 -52.584835052490234 -0.013465694151818752 0.9994989633560181 0.028645774349570274 0.6078602075576782 0.9955480694770813 0.016074253246188164 -0.09287410974502563 1.0645251274108887
-0.09442600607872009 0.026625048369169235 -0.9951758980751038 -53.372276306152344 -0.015043580904603004 0.9994900226593018 0.02816786617040634 0.6164699196815491 0.9954181909561157 0.017630787566304207 -0.09397731721401215 0.9839030504226685
-0.09491241723299026 0.026555810123682022 -0.9951313734054565 -54.15244674682617 -0.015676558017730713 0.9994802474975586 0.02816704660654068 0.6234030723571777 0.9953621625900269 0.01827363856136799 -0.09444678574800491 0.9013071656227112
-0.09547848999500275 0.028334008529782295 -0.9950280785560608 -54.92721939086914 -0.0140999099239707 0.9994560480117798 0.02981306053698063 0.6317355036735535 0.9953315854072571 0.016876310110092163 -0.09502704441547394 0.8244283199310303
-0.09560481458902359 0.031029967591166496 -0.9949355721473694 -55.70036315917969 -0.01340782456099987 0.9993832111358643 0.032457057386636734 0.6443129777908325 0.9953290820121765 0.01644297130405903 -0.09512979537248611 0.7475124001502991
-0.09594327211380005 0.03547259420156479 -0.9947545528411865 -56.47882843017578 -0.01328602246940136 0.999230146408081 0.03691361844539642 0.6517896056175232 0.9952980875968933 0.016757944598793983 -0.09539811313152313 0.6679608225822449
-0.0964181199669838 0.037506911903619766 -0.9946340322494507 -57.24082565307617 -0.013714289292693138 0.9991448521614075 0.03900644928216934 0.6645397543907166 0.995246410369873 0.01740162819623947 -0.09582128375768661 0.5917182564735413
-0.09720287472009659 0.03760293498635292 -0.9945539832115173 -57.9954948425293 -0.013107486069202423 0.9991509914398193 0.03905780240893364 0.6760632991790771 0.9951782822608948 0.016832632943987846 -0.09662745893001556 0.5146344900131226
-0.0975906252861023 0.03579985350370407 -0.9945825934410095 -58.735206604003906 -0.012439833953976631 0.9992309212684631 0.03718779236078262 0.6842594742774963 0.9951488375663757 0.016001621261239052 -0.09707023948431015 0.44206321239471436
-0.09769777208566666 0.03207768499851227 -0.9946990013122559 -59.46510314941406 -0.01204429380595684 0.9993690848350525 0.03341125324368477 0.7001762390136719 0.9951432347297668 0.015244652517139912 -0.09724978357553482 0.36531466245651245
-0.09721063077449799 0.029099922627210617 -0.994838297367096 -60.19710159301758 -0.012594353407621384 0.9994565844535828 0.030465662479400635 0.7104052305221558 0.9951841235160828 0.015490933321416378 -0.09679129719734192 0.28284022212028503
-0.09617285430431366 0.026892591267824173 -0.9950012564659119 -60.904541015625 -0.01308442372828722 0.9995144605636597 0.02827925607562065 0.7186322212219238 0.9952786564826965 0.01573871448636055 -0.09577427804470062 0.2138659954071045
-0.09361105412244797 0.02613317407667637 -0.9952658414840698 -61.59795379638672 -0.016039546579122543 0.9994860887527466 0.02775261178612709 0.7216446399688721 0.9954796433448792 0.01856156252324581 -0.09314379096031189 0.13948987424373627
-0.08915706723928452 0.026946429163217545 -0.995652973651886 -62.286949157714844 -0.015661291778087616 0.999472439289093 0.028452211990952492 0.7296866774559021 0.9958943724632263 0.018129929900169373 -0.08868800848722458 0.07130902260541916
-0.08343838155269623 0.028930271044373512 -0.9960929155349731 -62.94636917114258 -0.015657976269721985 0.9994170069694519 0.03033841960132122 0.7299004197120667 0.9963898658752441 0.018128186464309692 -0.08293674886226654 0.017382321879267693
-0.07656891644001007 0.030299406498670578 -0.996603786945343 -63.585426330566406 -0.014572840183973312 0.999397337436676 0.031503964215517044 0.7365772128105164 0.9969577789306641 0.016935572028160095 -0.07608122378587723 -0.026182763278484344
-0.0676196739077568 0.03159273415803909 -0.9972108602523804 -64.2228012084961 -0.015817916020751 0.9993389844894409 0.03273274749517441 0.7414706349372864 0.9975857734680176 0.017987174913287163 -0.06707524508237839 -0.07143064588308334
-0.0558520145714283 0.03324499726295471 -0.9978854060173035 -64.84784698486328 -0.017840789631009102 0.9992526769638062 0.03428910672664642 0.7501974105834961 0.9982796907424927 0.01971817947924137 -0.055217161774635315 -0.10946738719940186
-0.040819842368364334 0.03467565029859543 -0.998564600944519 -65.45265197753906 -0.020938536152243614 0.9991485476493835 0.03555186092853546 0.7588062286376953 0.998947024345398 0.022359704598784447 -0.040059030055999756 -0.13779136538505554
-0.022780781611800194 0.035760022699832916 -0.9991007447242737 -66.04753112792969 -0.021875346079468727 0.9991030097007751 0.036258894950151443 0.76971036195755 0.99950110912323 0.02268168143928051 -0.02197808399796486 -0.14186911284923553
-0.0006428725318983197 0.03660117834806442 -0.9993297457695007 -66.60989379882812 -0.023189371451735497 0.9990606904029846 0.03660624101758003 0.7821890711784363 0.9997308850288391 0.023197362199425697 0.00020649516955018044 -0.12670773267745972
0.025128742679953575 0.0369802750647068 -0.9990000128746033 -67.13060760498047 -0.0228371974080801 0.9990760087966919 0.036408644169569016 0.786734402179718 0.9994233250617981 0.021899452432990074 0.025950049981474876 -0.10581306368112564
0.054520122706890106 0.0363248772919178 -0.9978516697883606 -67.6548080444336 -0.02138783596456051 0.9991512298583984 0.035203609615564346 0.7964963912963867 0.9982835650444031 0.01942257769405842 0.055250756442546844 -0.05878070741891861
0.0886952131986618 0.03623468056321144 -0.995399534702301 -68.16271209716797 -0.020331677049398422 0.9991957545280457 0.03456121310591698 0.8038354516029358 0.9958512187004089 0.01717272214591503 0.08936057984828949 0.00906179565936327
0.126045823097229 0.03638659417629242 -0.9913569092750549 -68.63736724853516 -0.019950108602643013 0.9992179870605469 0.034138575196266174 0.8123745322227478 0.9918237924575806 0.015474650077521801 0.12667317688465118 0.09760529547929764
0.16740934550762177 0.03646951541304588 -0.9852127432823181 -69.08294677734375 -0.019711412489414215 0.9992396235466003 0.033639345318078995 0.8101333975791931 0.9856904149055481 0.013788389973342419 0.1680009365081787 0.1887550950050354
0.21253730356693268 0.03730439022183418 -0.9764406681060791 -69.50542449951172 -0.019422592595219612 0.9992349147796631 0.03394760563969612 0.8211087584495544 0.9769598841667175 0.011749872006475925 0.21309921145439148 0.29962876439094543
0.26032277941703796 0.036157719790935516 -0.9648444056510925 -69.92321014404297 -0.015237323008477688 0.9993280172348022 0.033338844776153564 0.8117066621780396 0.9654014110565186 0.006022784858942032 0.2606987953186035 0.45665299892425537
0.31022337079048157 0.0311850905418396 -0.9501520991325378 -70.3288345336914 -0.007689162157475948 0.9995115399360657 0.030294617637991905 0.8117164373397827 0.9506325721740723 -0.0020922261755913496 0.31031158566474915 0.6335756778717041
0.3624289035797119 0.02629724331200123 -0.9316402673721313 -70.69368743896484 -0.003461655927821994 0.9996329545974731 0.026869799941778183 0.8110454678535461 0.932004988193512 -0.006513373460620642 0.36238691210746765 0.7997885346412659
0.4146895408630371 0.02169013023376465 -0.9097043871879578 -71.07755279541016 0.0013870371039956808 0.9996996521949768 0.024468176066875458 0.8176615834236145 0.9099619388580322 -0.011408491060137749 0.41453492641448975 1.0175349712371826
0.46569424867630005 0.02073539048433304 -0.8847026824951172 -71.4544906616211 0.001051909988746047 0.9997117519378662 0.023984648287296295 0.8327447175979614 0.8849450349807739 -0.012100141495466232 0.4655382037162781 1.2560324668884277
0.5139005780220032 0.01980683207511902 -0.8576210737228394 -71.82366943359375 0.0026606672909110785 0.9996918439865112 0.024682283401489258 0.8339336514472961 0.857845664024353 -0.014966080896556377 0.5136894583702087 1.5141600370407104
0.558732807636261 0.015058632008731365 -0.8292109966278076 -72.17662811279297 0.010540679097175598 0.9996255040168762 0.025255834683775902 0.8454806208610535 0.8292807936668396 -0.02285170927643776 0.558364748954773 1.804928183555603
0.6022602915763855 0.008509268052875996 -0.7982543706893921 -72.49543762207031 0.0208886805921793 0.9994328022003174 0.02641371823847294 0.845454752445221 0.7980265021324158 -0.032582417130470276 0.6017408967018127 2.113251209259033
0.6445702314376831 0.003571880515664816 -0.7645367980003357 -72.81333923339844 0.021984471008181572 0.9994890093803406 0.023204369470477104 0.8480262756347656 0.7642289996147156 -0.03176478296518326 0.6441622972488403 2.4298439025878906
0.688368558883667 0.00018799779354594648 -0.725361168384552 -73.11299896240234 0.01784645952284336 0.9996928572654724 0.017195414751768112 0.8369653820991516 0.7251415252685547 -0.024781912565231323 0.6881538033485413 2.6978743076324463
0.728925883769989 -0.006826680153608322 -0.684558629989624 -73.39604949951172 0.01467119436711073 0.9998764395713806 0.005650904029607773 0.8420718908309937 0.6844354271888733 -0.01416238397359848 0.7289358973503113 3.039755344390869
0.7678824067115784 -0.009260863997042179 -0.6405239701271057 -73.66358184814453 0.009867116808891296 0.9999477863311768 -0.0026284714695066214 0.8461692929267883 0.6405149102210999 -0.004301767796278 0.7679336667060852 3.408249855041504
0.8047571778297424 -0.010184230282902718 -0.5935168266296387 -73.91923522949219 0.008082699961960316 0.9999481439590454 -0.006198795046657324 0.8503785133361816 0.5935491323471069 0.00019130355212837458 0.8047977089881897 3.8026273250579834
0.8382717370986938 -0.010541901923716068 -0.5451507568359375 -74.14937591552734 0.00831517018377781 0.9999439716339111 -0.006550369784235954 0.8290964961051941 0.5451892614364624 0.0009579659672454 0.8383123874664307 4.227381706237793
0.8691182136535645 -0.008989999070763588 -0.4945226311683655 -74.40754699707031 0.004880489315837622 0.9999420046806335 -0.009600683115422726 0.8327241539955139 0.4945802390575409 0.005930616520345211 0.8691117167472839 4.684268474578857
0.8947054147720337 -0.007644320838153362 -0.4465913474559784 -74.6129379272461 0.004390966147184372 0.9999557733535767 -0.008319376967847347 0.8220407962799072 0.4466352164745331 0.005482423584908247 0.8946993947029114 5.164109706878662
0.915515661239624 -0.001750390394590795 -0.40227845311164856 -74.8023681640625 -0.001335799228399992 0.9999717473983765 -0.007391113322228193 0.8122922778129578 0.4022800624370575 0.007304042112082243 0.91548752784729 5.660311698913574
0.9327943325042725 0.0027690508868545294 -0.3603985011577606 -74.98733520507812 -0.006366794928908348 0.9999410510063171 -0.00879588071256876 0.8043465614318848 0.36035293340682983 0.01049933210015297 0.9327569603919983 6.174464225769043
0.9460257887840271 0.007884204387664795 -0.3239956498146057 -75.15982055664062 -0.010896352119743824 0.9999126195907593 -0.007483785040676594 0.7964977025985718 0.32390838861465454 0.01061022374778986 0.9460289478302002 6.714580059051514
0.9559393525123596 0.008523116819560528 -0.2934407591819763 -75.3290786743164 -0.010735240764915943 0.9999247193336487 -0.005928832106292248 0.7899649739265442 0.29336822032928467 0.008817760273814201 0.9559587836265564 7.261540412902832
0.9630576968193054 0.00773870013654232 -0.26918381452560425 -75.47415161132812 -0.009326075203716755 0.9999457597732544 -0.004618659149855375 0.7808009386062622 0.2691335082054138 0.006958464160561562 0.9630776643753052 7.842547416687012
0.9687480926513672 0.008314870297908783 -0.24790708720684052 -75.61585235595703 -0.009165536612272263 0.9999553561210632 -0.0022774541284888983 0.7680802941322327 0.2478771060705185 0.0044784811325371265 0.9687811136245728 8.441713333129883
0.9732468724250793 0.010860408656299114 -0.22950473427772522 -75.75772094726562 -0.011063472367823124 0.9999386072158813 0.0004019594343844801 0.7608076333999634 0.22949501872062683 0.0021479125134646893 0.9733074307441711 9.060229301452637
0.9767377972602844 0.01586080528795719 -0.2138497233390808 -75.90264129638672 -0.015885986387729645 0.9998724460601807 0.0016008508391678333 0.7591745257377625 0.21384784579277039 0.001833600690588355 0.976865291595459 9.693339347839355
0.9794552326202393 0.019417844712734222 -0.20072434842586517 -76.0455093383789 -0.019202424213290215 0.9998109936714172 0.0030203540809452534 0.7513784170150757 0.20074504613876343 0.0008960923878476024 0.9796431064605713 10.35369873046875
0.9821199178695679 0.018007982522249222 -0.18739312887191772 -76.17285919189453 -0.017801670357584953 0.9998375773429871 0.0027838961686939 0.7424728274345398 0.18741287291049957 0.0006017915438860655 0.9822810292243958 11.021736145019531
0.9846168160438538 0.017936453223228455 -0.173804372549057 -76.28433227539062 -0.017760446295142174 0.9998389482498169 0.0025680065155029297 0.7354462742805481 0.17382243275642395 0.000558340921998024 0.9847767949104309 11.702179908752441
0.987143874168396 0.01805008575320244 -0.1588120460510254 -76.39683532714844 -0.01781288906931877 0.9998370409011841 0.0029170375782996416 0.7353547811508179 0.15883883833885193 -5.063410571892746e-05 0.9873045086860657 12.39931869506836
0.989275336265564 0.01943289302289486 -0.14476443827152252 -76.4963150024414 -0.019137412309646606 0.9998108744621277 0.003433522768318653 0.7299970984458923 0.14480380713939667 -0.0006262824172154069 0.9894601702690125 13.10425853729248
0.9910788536071777 0.019815251231193542 -0.13179506361484528 -76.6063461303711 -0.01987805962562561 0.9998019933700562 0.0008392265299335122 0.719616711139679 0.13178563117980957 0.001788090681657195 0.9912766218185425 13.843276023864746
0.9924245476722717 0.020833350718021393 -0.1210765466094017 -76.69617462158203 -0.02153175137937069 0.9997581839561462 -0.004462674725800753 0.7006071209907532 0.12095431983470917 0.007035857066512108 0.9926331043243408 14.578207969665527
0.9936242699623108 0.019177457317709923 -0.11109893023967743 -76.78155517578125 -0.020505579188466072 0.9997311234474182 -0.010824075900018215 0.6938061714172363 0.11086148768663406 0.013033212162554264 0.9937504529953003 15.318638801574707
0.9945041537284851 0.018946606665849686 -0.10296909511089325 -76.86068725585938 -0.0201878659427166 0.9997353553771973 -0.011025874875485897 0.6845667362213135 0.10273296386003494 0.013044004328548908 0.9946234822273254 16.076379776000977
0.9951349496841431 0.02047141082584858 -0.09637051075696945 -76.93598937988281 -0.021026479080319405 0.9997676610946655 -0.004747633356601 0.6697465777397156 0.09625093638896942 0.006750868167728186 0.9953342080116272 16.84697151184082
0.9955127239227295 0.025504952296614647 -0.0911266878247261 -77.01033020019531 -0.025319278240203857 0.9996742606163025 0.003193164709955454 0.6505997180938721 0.09117844700813293 -0.0008715756121091545 0.995834231376648 17.613143920898438
0.9958624243736267 0.0261274091899395 -0.0870363786816597 -77.09440612792969 -0.02563835121691227 0.9996486306190491 0.006732359528541565 0.6445879936218262 0.0871816873550415 -0.004473033826798201 0.9961823225021362 18.413326263427734
0.9961994290351868 0.025029949843883514 -0.08342784643173218 -77.16132354736328 -0.024646999314427376 0.9996803998947144 0.005617192946374416 0.6353573203086853 0.08354178071022034 -0.0035395976155996323 0.9964979290962219 19.18387794494629
0.9964389801025391 0.025165384635329247 -0.08047400414943695 -77.22167205810547 -0.024853786453604698 0.9996793270111084 0.004871472250670195 0.6228872537612915 0.08057078719139099 -0.002854040125384927 0.9967448115348816 19.946937561035156
