1.0 1.6787227252734738e-07 8.475902177451644e-06 2.7066316761192866e-05 -1.6787249990102282e-07 1.0 2.7482984776838748e-08 2.7029415150536806e-07 -8.475902177451644e-06 -2.7484409415023947e-08 1.0 4.3496652324392926e-07
0.9999790787696838 0.00040064784116111696 -0.006457832176238298 -0.008264314383268356 -0.0003980572510045022 0.9999998211860657 0.0004024366498924792 -0.001977634849026799 0.006457992363721132 -0.0003998576430603862 0.9999790787696838 0.09157972782850266
0.999907374382019 0.0009713084436953068 -0.013576122932136059 -0.016358157619833946 -0.0009689652943052351 0.9999995231628418 0.00017917474906425923 -0.00205726595595479 0.013576289638876915 -0.00016600335948169231 0.9999078512191772 0.18855704367160797
0.9997727274894714 0.0013903205981478095 -0.021274331957101822 -0.02607749216258526 -0.0014025997370481491 0.9999988675117493 -0.0005622650496661663 -0.002157445764169097 0.021273525431752205 0.0005919765681028366 0.9997735023498535 0.2853771448135376
0.9995420575141907 0.0017007578862830997 -0.030212320387363434 -0.0429520420730114 -0.0017611129442229867 0.9999964833259583 -0.001971201039850712 -0.002009137999266386 0.03020886331796646 0.0020235057454556227 0.9995415210723877 0.3905147314071655
0.999125599861145 0.0019278957042843103 -0.04176529496908188 -0.058873504400253296 -0.00207294849678874 0.9999919533729553 -0.0034300165716558695 -0.004861482419073582 0.04175834730267525 0.003513594623655081 0.9991215467453003 0.5012769103050232
0.9984794855117798 0.001734735444188118 -0.05509765073657036 -0.08420402556657791 -0.001960204914212227 0.999989926815033 -0.004038401413708925 -0.007949157617986202 0.05509008839726448 0.004140263423323631 0.9984728097915649 0.626078188419342
0.997428834438324 0.0018521472811698914 -0.07164004445075989 -0.10864695906639099 -0.002175838453695178 0.999987781047821 -0.004440522287040949 -0.003983822651207447 0.07163093984127045 0.004584982059895992 0.9974206686019897 0.7612534761428833
0.9959059953689575 0.00020486977882683277 -0.09039504826068878 -0.134721577167511 -0.0005848495056852698 0.9999911189079285 -0.0041770776733756065 -0.009317805990576744 0.09039338678121567 0.004212844185531139 0.9958972334861755 0.9168664813041687
0.9939135313034058 -0.0007549929432570934 -0.11016055941581726 -0.17597879469394684 0.0002753034932538867 0.9999904036521912 -0.00436960207298398 -0.012636933475732803 0.11016280204057693 0.004312679171562195 0.9939042329788208 1.0754398107528687
0.9912686347961426 -0.0007281327852979302 -0.1318558305501938 -0.2221086472272873 9.1347232228145e-05 0.999988317489624 -0.004835392348468304 -0.010624367743730545 0.13185781240463257 0.004781127907335758 0.9912571310997009 1.2284798622131348
0.9877659678459167 0.0028398919384926558 -0.15591776371002197 -0.2775700092315674 -0.003854835405945778 0.9999732971191406 -0.006207497324794531 -0.015405643731355667 0.15589600801467896 0.0067325918935239315 0.9877505302429199 1.3968839645385742
0.9833897948265076 0.007233962416648865 -0.1813623458147049 -0.34417420625686646 -0.00875860545784235 0.9999327063560486 -0.007607132662087679 -0.022043678909540176 0.18129509687423706 0.009069257415831089 0.9833868741989136 1.5719399452209473
0.9780074954032898 0.010193156078457832 -0.20832102000713348 -0.4172951579093933 -0.012265687808394432 0.9998872876167297 -0.00865936279296875 -0.025257021188735962 0.20820927619934082 0.01102412212640047 0.9780221581459045 1.753482699394226
0.9713200330734253 0.010845777578651905 -0.2375287413597107 -0.4953223168849945 -0.013364720158278942 0.9998701810836792 -0.00899701751768589 -0.026316266506910324 0.23740032315254211 0.011913485825061798 0.9713388085365295 1.9394456148147583
0.9632745385169983 0.012740922160446644 -0.2682161331176758 -0.585450291633606 -0.015563510358333588 0.9998435378074646 -0.008399956859648228 -0.030795589089393616 0.2680671513080597 0.01226584892719984 0.963322103023529 2.137050151824951
0.9538614153862 0.014628411270678043 -0.29989102482795715 -0.6781169176101685 -0.01764601096510887 0.9998172521591187 -0.007356361020356417 -0.03353305160999298 0.299728661775589 0.01230882853269577 0.9539450407028198 2.317113161087036
0.942610502243042 0.016480963677167892 -0.33348754048347473 -0.7791733145713806 -0.019713178277015686 0.9997857809066772 -0.0063103362917900085 -0.03341209515929222 0.33331209421157837 0.012522287666797638 0.9427334070205688 2.5071780681610107
0.9300735592842102 0.018741384148597717 -0.36689493060112 -0.881800651550293 -0.022338176146149635 0.9997350573539734 -0.005559439770877361 -0.039290715008974075 0.36669349670410156 0.013366452418267727 0.9302457571029663 2.6850483417510986
0.9161972999572754 0.021412087604403496 -0.40015509724617004 -1.0003466606140137 -0.025565076619386673 0.9996604323387146 -0.005042636767029762 -0.038448646664619446 0.39991122484207153 0.014850047416985035 0.916433572769165 2.865149974822998
0.9001506567001343 0.02209392376244068 -0.4350179433822632 -1.1154367923736572 -0.026639282703399658 0.999635636806488 -0.004352683201432228 -0.0400729700922966 0.43476325273513794 0.015506637282669544 0.9004112482070923 3.037050724029541
0.8817872405052185 0.01813342794775963 -0.47129881381988525 -1.240042805671692 -0.023073866963386536 0.9997226595878601 -0.004705801606178284 -0.04377729445695877 0.47108274698257446 0.015024199150502682 0.8819609880447388 3.212815761566162
0.8605794906616211 0.01370286289602518 -0.5091317892074585 -1.3762134313583374 -0.01875384710729122 0.999812662601471 -0.0047902693040668964 -0.04948935657739639 0.5089707970619202 0.013670586049556732 0.8606752157211304 3.3893353939056396
0.8355427980422974 0.015284456312656403 -0.549212634563446 -1.5378496646881104 -0.019387712702155113 0.9998105764389038 -0.001670941011980176 -0.05203680694103241 0.5490831136703491 0.012044119648635387 0.8356810212135315 3.570322275161743
0.8063626885414124 0.020804375410079956 -0.5910553932189941 -1.715795636177063 -0.023940159007906914 0.9997101426124573 0.002527507022023201 -0.058812931180000305 0.5909366607666016 0.012111872434616089 0.8066269755363464 3.7369232177734375
0.7738243937492371 0.02405555732548237 -0.6329432725906372 -1.9176980257034302 -0.02746940776705742 0.9996129274368286 0.004407583270221949 -0.06114444136619568 0.632804274559021 0.013975881040096283 0.7741855978965759 3.9112138748168945
0.7379465699195862 0.023201683536171913 -0.6744601130485535 -2.126554489135742 -0.02656153216958046 0.9996330142021179 0.005325997713953257 -0.06421943008899689 0.6743361949920654 0.013984397985041142 0.7382919788360596 4.074324131011963
0.6978503465652466 0.018733644858002663 -0.7159984707832336 -2.343266248703003 -0.020450688898563385 0.9997714757919312 0.006226047407835722 -0.06103287637233734 0.7159513831138611 0.010297812521457672 0.6980741620063782 4.243460655212402
0.6549781560897827 0.015132656320929527 -0.7554963231086731 -2.582223415374756 -0.015157641842961311 0.999861478805542 0.006886380258947611 -0.0599951297044754 0.7554956674575806 0.00694111455231905 0.6551167964935303 4.406613349914551
0.611088752746582 0.014575248584151268 -0.7914278507232666 -2.843109607696533 -0.012388900853693485 0.9998841285705566 0.008848359808325768 -0.059113312512636185 0.7914650440216064 0.004397787619382143 0.6111985445022583 4.540932655334473
0.5626558065414429 0.015161525458097458 -0.8265522122383118 -3.1217873096466064 -0.009844324551522732 0.9998838305473328 0.0116396714001894 -0.056765757501125336 0.8266326785087585 0.001587720587849617 0.5627395510673523 4.682842254638672
0.5117025971412659 0.01571160927414894 -0.8590189814567566 -3.4176692962646484 -0.008160680532455444 0.9998765587806702 0.013426744379103184 -0.05115150660276413 0.859123945236206 0.00013968138955533504 0.5117676258087158 4.806089878082275
0.4597220718860626 0.01724560558795929 -0.887895405292511 -3.72015643119812 -0.007769991643726826 0.9998512268066406 0.015397089533507824 -0.04491373151540756 0.8880288600921631 -0.00017944264982361346 0.45978766679763794 4.8982744216918945
0.40512615442276 0.01943100243806839 -0.9140543341636658 -4.053448677062988 -0.006296507082879543 0.9998096823692322 0.018463267013430595 -0.04300909489393234 0.9142391681671143 -0.001724601723253727 0.40517130494117737 4.994709014892578
0.34951484203338623 0.021236784756183624 -0.936690092086792 -4.406710624694824 -0.006022506393492222 0.9997734427452087 0.020419787615537643 -0.034559428691864014 0.936911404132843 -0.001495797885581851 0.34956350922584534 5.081676959991455
0.2941729724407196 0.024435538798570633 -0.9554398059844971 -4.776522636413574 -0.0032998526003211737 0.9996931552886963 0.024551324546337128 -0.030687779188156128 0.9557464718818665 -0.004069524817168713 0.2941632866859436 5.154882431030273
0.2406119555234909 0.02631213702261448 -0.9702646732330322 -5.126101493835449 0.0014799541095271707 0.9996213912963867 0.027475258335471153 -0.03383691608905792 0.9706202149391174 -0.008046822622418404 0.2404819130897522 5.211251258850098
0.18972375988960266 0.02675163373351097 -0.9814729690551758 -5.5146484375 0.003637040499597788 0.9996027946472168 0.02794884704053402 -0.028119072318077087 0.9818307161331177 -0.008872217498719692 0.18955108523368835 5.24584436416626
0.14198510348796844 0.027938563376665115 -0.9894744753837585 -5.929413318634033 0.0012450042413547635 0.9995958209037781 0.02840300090610981 -0.021782100200653076 0.9898680448532104 -0.005264702253043652 0.1418929249048233 5.267017364501953
0.0997544527053833 0.028365883976221085 -0.9946076273918152 -6.3451032638549805 -0.0005416744388639927 0.9995949268341064 0.02845379337668419 -0.014038607478141785 0.9950119256973267 -0.0022996398620307446 0.09972941875457764 5.265045166015625
0.06197892501950264 0.02661629393696785 -0.9977225065231323 -6.791143894195557 -0.0008225806523114443 0.9996453523635864 0.026616491377353668 -0.0024902373552322388 0.9980770945549011 -0.0008289544493891299 0.061978839337825775 5.261290073394775
0.027625657618045807 0.023799898102879524 -0.9993349313735962 -7.250077724456787 -0.0004636671510525048 0.9997168183326721 0.023796172812581062 0.006906002759933472 0.9996181726455688 -0.00019402602629270405 0.027628865092992783 5.245233535766602
-0.003530152142047882 0.021118508651852608 -0.9997707009315491 -7.718864917755127 -0.0003052959218621254 0.9997768998146057 0.02111971564590931 0.011813074350357056 0.999993622303009 0.0003797816170845181 -0.003522925078868866 5.215321063995361
-0.03034364804625511 0.019248610362410545 -0.9993541240692139 -8.219932556152344 -0.00024892110377550125 0.9998143911361694 0.019265031442046165 0.01726624369621277 0.9995394945144653 0.0008333316072821617 -0.030333220958709717 5.18118953704834
-0.05114311724901199 0.016796842217445374 -0.9985500574111938 -8.727715492248535 -0.0009022754384204745 0.9998573064804077 0.016865044832229614 0.030793510377407074 0.9986909031867981 0.0017634975956752896 -0.05112066492438316 5.139554500579834
-0.06752809882164001 0.015955619513988495 -0.9975897073745728 -9.249946594238281 -0.0006428170017898083 0.9998711943626404 0.016035618260502815 0.043304115533828735 0.9977171421051025 0.0017241224413737655 -0.06750912964344025 5.089967250823975
-0.08070500195026398 0.016276966780424118 -0.9966050982475281 -9.78799819946289 0.0003410743665881455 0.9998670220375061 0.016302619129419327 0.050411611795425415 0.9967379570007324 0.0009757865336723626 -0.08069983124732971 5.038590431213379
-0.09008406102657318 0.017509091645479202 -0.9957802295684814 -10.336077690124512 -5.7006312999874353e-05 0.9998453259468079 0.01758572831749916 0.0536770224571228 0.9959341883659363 0.0016409597592428327 -0.09006913006305695 4.978294849395752
-0.09699296951293945 0.018975837156176567 -0.9951040744781494 -10.904580116271973 -0.001974620623514056 0.999812662601471 0.01925808936357498 0.054378435015678406 0.9952831864356995 0.003832852700725198 -0.09693731367588043 4.916047096252441
-0.1014174073934555 0.019938677549362183 -0.9946441054344177 -11.49604320526123 -0.001892338041216135 0.9997935891151428 0.02023484744131565 0.06111985445022583 0.9948422312736511 0.003934369422495365 -0.10135872662067413 4.847169399261475
-0.10250578075647354 0.020637093111872673 -0.9945182800292969 -12.11206340789795 -0.0003443873720243573 0.9997840523719788 0.020781856030225754 0.06918449699878693 0.9947323799133301 0.0024727601557970047 -0.10247651487588882 4.776176452636719
-0.10184615850448608 0.02268930897116661 -0.9945414066314697 -12.72946834564209 0.0024537984281778336 0.9997425675392151 0.022556690499186516 0.08158835768699646 0.9947971105575562 -0.00014309206744655967 -0.10187561810016632 4.720432281494141
-0.1003037765622139 0.02520383521914482 -0.9946375489234924 -13.366199493408203 0.0018629353726282716 0.9996821284294128 0.02514379471540451 0.08665210008621216 0.9949550628662109 0.0006690726149827242 -0.10031884908676147 4.654094696044922
-0.09856341034173965 0.025270693004131317 -0.9948098659515381 -14.015024185180664 -0.000517039094120264 0.9996761083602905 0.02544553577899933 0.09173044562339783 0.9951305985450745 0.0030223545618355274 -0.09851841628551483 4.5841875076293945
-0.09702307730913162 0.022816993296146393 -0.9950205087661743 -14.672419548034668 -0.0017558429390192032 0.9997317790985107 0.02309623546898365 0.10232910513877869 0.9952805638313293 0.0039879679679870605 -0.09695699065923691 4.517996788024902
-0.0956457108259201 0.022522438317537308 -0.9951606392860413 -15.370028495788574 -0.002978017320856452 0.999733030796051 0.022912144660949707 0.11223231256008148 0.9954109787940979 0.0051550534553825855 -0.09555307030677795 4.443850040435791
-0.09396408498287201 0.02516585774719715 -0.995257556438446 -16.071674346923828 -0.002364701358601451 0.999671995639801 0.025500737130641937 0.1287251114845276 0.9955727458000183 0.004749639891088009 -0.0938737690448761 4.377371788024902
-0.09189219772815704 0.028620459139347076 -0.9953575730323792 -16.791337966918945 -0.0036683257203549147 0.9995703101158142 0.029080254957079887 0.1389012634754181 0.9957622289657593 0.006323544308543205 -0.0917477235198021 4.304549217224121
-0.08993364125490189 0.030775420367717743 -0.995472252368927 -17.519718170166016 -0.004030933603644371 0.9995030164718628 0.031264204531908035 0.14590388536453247 0.9959395527839661 0.006824384909123182 -0.08976489305496216 4.2314066886901855
-0.08836742490530014 0.03031045012176037 -0.99562668800354 -18.240421295166016 -0.006215340457856655 0.9995008111000061 0.030980028212070465 0.15878555178642273 0.9960684776306152 0.00892578810453415 -0.08813490718603134 4.16640043258667
-0.08686912804841995 0.027043430134654045 -0.995852530002594 -18.999160766601562 -0.008559811860322952 0.9995743036270142 0.02789117768406868 0.1773512065410614 0.996182918548584 0.010947193019092083 -0.08660067617893219 4.094113349914551
-0.08505312353372574 0.02634836919605732 -0.9960280060768127 -19.772565841674805 -0.009520435705780983 0.9995831847190857 0.027255389839410782 0.19542112946510315 0.9963309168815613 0.011800775304436684 -0.08476682007312775 4.019184589385986
-0.08370640128850937 0.02857011929154396 -0.9960808753967285 -20.541175842285156 -0.006883295252919197 0.9995484948158264 0.02924802340567112 0.20959460735321045 0.9964666962623596 0.009304565377533436 -0.08347195386886597 3.9589624404907227
-0.08244288712739944 0.031010622158646584 -0.9961131811141968 -21.330331802368164 -0.004592220298945904 0.999493420124054 0.03149592503905296 0.21616122126579285 0.9965852499008179 0.007170986849814653 -0.08225870877504349 3.8914384841918945
-0.0811266377568245 0.032804302871227264 -0.9961637854576111 -22.12689208984375 -0.003956999629735947 0.9994397759437561 0.033234428614377975 0.23219597339630127 0.9966959357261658 0.006638018414378166 -0.08095137774944305 3.824841022491455
-0.08049120754003525 0.02797846868634224 -0.996362566947937 -22.93218421936035 -0.0038372394628822803 0.9995898008346558 0.028379086405038834 0.24649104475975037 0.9967479705810547 0.006107548251748085 -0.0803508386015892 3.7550127506256104
-0.08021329343318939 0.02118968963623047 -0.9965524673461914 -23.735652923583984 -0.002601931570097804 0.9997661709785461 0.021467456594109535 0.2525879740715027 0.9967742562294006 0.004314935766160488 -0.0801394060254097 3.689049243927002
-0.08054161816835403 0.016368074342608452 -0.9966168999671936 -24.55569076538086 0.0006048966315574944 0.9998657703399658 0.0163725558668375 0.2666201889514923 0.9967511296272278 0.0007158210501074791 -0.0805407166481018 3.623687267303467
-0.08076441287994385 0.01750107668340206 -0.9965795874595642 -25.382484436035156 0.001710172975435853 0.9998467564582825 0.017419859766960144 0.2710074484348297 0.9967317581176758 -0.0002974190574605018 -0.0807819738984108 3.5517513751983643
-0.0806029811501503 0.0252264142036438 -0.996427059173584 -26.224515914916992 0.0012591256527230144 0.9996814727783203 0.025206951424479485 0.275206983089447 0.9967454671859741 0.0007771283853799105 -0.08060906082391739 3.4729599952697754
-0.08138704299926758 0.032248057425022125 -0.9961607456207275 -27.065248489379883 5.2028750360477716e-05 0.9994765520095825 0.03235114738345146 0.28753387928009033 0.9966825246810913 0.0025811349041759968 -0.08134610950946808 3.409325361251831
-0.08138357102870941 0.037805940955877304 -0.9959656000137329 -27.90044403076172 -0.0019588361028581858 0.9992724657058716 0.038091517984867096 0.29788661003112793 0.9966809153556824 0.005050957668572664 -0.08125031739473343 3.3308002948760986
-0.08186405897140503 0.03789548948407173 -0.9959228038787842 -28.74875259399414 -0.0038276035338640213 0.999257504940033 0.03833700343966484 0.3107081651687622 0.9966362714767456 0.006950419396162033 -0.08165823668241501 3.249178409576416
-0.08202802389860153 0.034358978271484375 -0.9960375428199768 -29.587753295898438 -0.003808180568739772 0.9993875622749329 0.03478815406560898 0.32738131284713745 0.9966228008270264 0.006646695546805859 -0.0818469226360321 3.1735548973083496
-0.08243296295404434 0.03162707760930061 -0.9960946440696716 -30.42306137084961 -0.003766230773180723 0.9994792938232422 0.032046232372522354 0.3444010615348816 0.9965895414352417 0.006393187213689089 -0.08227091282606125 3.1005520820617676
-0.08271647989749908 0.03280280530452728 -0.9960331320762634 -31.25759506225586 -0.005034990143030882 0.9994316101074219 0.03333287313580513 0.36081695556640625 0.9965603947639465 0.007772194687277079 -0.08250430226325989 3.0247061252593994
-0.08227472007274628 0.03533795103430748 -0.9959831237792969 -32.08570098876953 -0.0069346497766673565 0.9993266463279724 0.03602943196892738 0.364116907119751 0.9965855479240417 0.009871103800833225 -0.08197427541017532 2.947098731994629
-0.08229085803031921 0.03383361175656319 -0.9960339069366455 -32.916988372802734 -0.007437295746058226 0.9993748664855957 0.034561555832624435 0.3772342801094055 0.9965806007385254 0.010251898318529129 -0.08198778331279755 2.8751771450042725
-0.08194885402917862 0.02848474122583866 -0.9962294101715088 -33.75027084350586 -0.008014077320694923 0.9995402693748474 0.029238637536764145 0.39239662885665894 0.996604323387146 0.010379931889474392 -0.08168290555477142 2.798764944076538
-0.08161225914955139 0.024574387818574905 -0.996361255645752 -34.56581115722656 -0.00967524666339159 0.9996293187141418 0.02544749714434147 0.3986552059650421 0.9966171979904175 0.011716865934431553 -0.08134426921606064 2.728649616241455
-0.08131413161754608 0.025232603773474693 -0.9963690638542175 -35.40459060668945 -0.009277412667870522 0.9996170401573181 0.02607198804616928 0.4098886251449585 0.9966453313827515 0.011363749392330647 -0.08104889839887619 2.6600348949432373
-0.08031546324491501 0.027953777462244034 -0.9963774085044861 -36.23869323730469 -0.0078502856194973 0.9995579123497009 0.028675800189375877 0.41499996185302734 0.996738612651825 0.01012495718896389 -0.08006051927804947 2.5799925327301025
-0.08005537837743759 0.03285141661763191 -0.9962488412857056 -37.060707092285156 -0.007954898290336132 0.9994038939476013 0.033594682812690735 0.4239724278450012 0.9967586994171143 0.010614493861794472 -0.079746313393116 2.5149223804473877
-0.07957914471626282 0.038202717900276184 -0.9960961937904358 -37.903446197509766 -0.006654683500528336 0.9992228150367737 0.03885427117347717 0.44460511207580566 0.9968063235282898 0.0097206961363554 -0.07926306128501892 2.448286533355713
-0.07961946725845337 0.04157629981637001 -0.9959577918052673 -38.737422943115234 -0.007566026411950588 0.9990758299827576 0.042311303317546844 0.4551159143447876 0.9967966675758362 0.010904249735176563 -0.07923131436109543 2.374638080596924
-0.07922375947237015 0.041285399347543716 -0.9960014820098877 -39.56428527832031 -0.0067114438861608505 0.9990972280502319 0.04194756597280502 0.47997379302978516 0.9968343377113342 0.01000785268843174 -0.07887515425682068 2.3037452697753906
-0.07902838289737701 0.03694722801446915 -0.9961874485015869 -40.38161849975586 -0.006937809754163027 0.9992683529853821 0.03761187940835953 0.49556803703308105 0.9968482255935669 0.009883766062557697 -0.07871421426534653 2.2321605682373047
-0.07858801633119583 0.03281765058636665 -0.9963669180870056 -41.212398529052734 -0.007769150193780661 0.9994074702262878 0.033530592918395996 0.5117943286895752 0.9968769550323486 0.01037602685391903 -0.07828648388385773 2.15853214263916
-0.07859159260988235 0.030183415859937668 -0.996449887752533 -42.02803039550781 -0.011963346973061562 0.9994410872459412 0.031217588111758232 0.5221711993217468 0.9968351721763611 0.014374316670000553 -0.07818656414747238 2.084449052810669
-0.07920686900615692 0.028742525726556778 -0.9964437484741211 -42.84506607055664 -0.01569453813135624 0.999424397945404 0.030076058581471443 0.5303191542625427 0.996734619140625 0.018020953983068466 -0.078710176050663 2.013901948928833
-0.07965093106031418 0.026480793952941895 -0.9964709877967834 -43.660770416259766 -0.01365900319069624 0.9995242953300476 0.027653738856315613 0.5428674221038818 0.9967291951179504 0.015813447535037994 -0.07925133407115936 1.9426226615905762
-0.08077363669872284 0.022634055465459824 -0.9964754581451416 -44.48086166381836 -0.00938806775957346 0.9996804594993591 0.02346784435212612 0.5491583347320557 0.9966882467269897 0.011250561103224754 -0.08053534477949142 1.87603759765625
-0.08136838674545288 0.02135416865348816 -0.9964553117752075 -45.30794143676758 -0.004883847199380398 0.9997498393058777 0.02182357758283615 0.5570849180221558 0.9966720938682556 0.006642285268753767 -0.08124376088380814 1.806074619293213
-0.08350315690040588 0.02475816197693348 -0.9961999654769897 -46.126380920410156 -0.004922301508486271 0.9996688961982727 0.025256969034671783 0.5640939474105835 0.9964953660964966 0.007012633141130209 -0.08335363864898682 1.736297607421875
-0.08510132879018784 0.031033478677272797 -0.995888888835907 -46.93624496459961 -0.002649592934176326 0.9995041489601135 0.0313725546002388 0.5676906704902649 0.9963687658309937 0.005308547057211399 -0.08497690409421921 1.6632716655731201
-0.08689092844724655 0.034845855087041855 -0.9956082105636597 -47.75155258178711 -0.00042880623368546367 0.9993866682052612 0.0350155234336853 0.5756893157958984 0.9962176084518433 0.003469455288723111 -0.08682270348072052 1.585282325744629
-0.08829822391271591 0.03409038856625557 -0.9955105781555176 -48.54814147949219 -0.0010393724078312516 0.9994105100631714 0.03431611880660057 0.5840867757797241 0.9960934519767761 0.004064758773893118 -0.08821074664592743 1.5162816047668457
-0.08894354104995728 0.03009093925356865 -0.995582103729248 -49.350059509277344 -0.004301662091165781 0.9995226263999939 0.030594339594244957 0.5948357582092285 0.9960272908210754 0.007003826089203358 -0.08877162635326385 1.428321361541748
-0.09010329097509384 0.02644749917089939 -0.9955812692642212 -50.13924789428711 -0.009094095788896084 0.9995838403701782 0.027376871556043625 0.6031884551048279 0.9958907961845398 0.011520655825734138 -0.08982528001070023 1.3427810668945312
-0.09163200855255127 0.025189289823174477 -0.9954743385314941 -50.930816650390625 -0.013405334204435349 0.9995582103729248 0.026526574045419693 0.6106702089309692 0.9957026243209839 0.015775347128510475 -0.0912538692355156 1.2562155723571777
-0.09270758181810379 0.0261712446808815 -0.9953493475914001 -51.720611572265625 -0.014757907949388027 0.9995085597038269 0.027655167505145073 0.6186891794204712 0.9955840110778809 0.017253117635846138 -0.09227579087018967 1.180154800415039
-0.0936252698302269 0.027775371447205544 -0.995219886302948 -52.5078239440918 -0.014765610918402672 0.9994621276855469 0.029282832518219948 0.626252293586731 0.9954979419708252 0.017436645925045013 -0.09316477924585342 1.101236343383789
-0.09468038380146027 0.02722924016416073 -0.9951351881027222 -53.291080474853516 -0.016362817957997322 0.9994482398033142 0.02890406735241413 0.6337674260139465 0.9953733682632446 0.01901986263692379 -0.09418259561061859 1.0200986862182617
-0.09532635658979416 0.027090493589639664 -0.9950773119926453 -54.06853103637695 -0.01711288094520569 0.9994373321533203 0.028848567977547646 0.6419209241867065 0.9952989816665649 0.019778672605752945 -0.09480912983417511 0.9393749237060547
-0.09581062942743301 0.02902362309396267 -0.9949763417243958 -54.846805572509766 -0.015381117351353168 0.9994122982025146 0.030634136870503426 0.6502419710159302 0.9952807426452637 0.01823892444372177 -0.09530792385339737 0.8633689880371094
-0.09609448164701462 0.031771015375852585 -0.9948650002479553 -55.61311340332031 -0.014772569760680199 0.9993348717689514 0.03334064781665802 0.6626678705215454 0.995262622833252 0.01790056750178337 -0.09556122869253159 0.7909388542175293
-0.0962318480014801 0.036093056201934814 -0.9947043657302856 -56.398807525634766 -0.014729652553796768 0.9991812705993652 0.03768051415681839 0.6707948446273804 0.9952499270439148 0.018277714028954506 -0.09562142193317413 0.7044806480407715
-0.09677600115537643 0.03815596550703049 -0.9945746064186096 -57.16173553466797 -0.015107943676412106 0.9990934133529663 0.03979939594864845 0.6849055290222168 0.9951915740966797 0.018877601251006126 -0.09611181914806366 0.6288051605224609
-0.0974729061126709 0.03814798220992088 -0.9945067763328552 -57.91386795043945 -0.014659878797829151 0.9991016983985901 0.039761077612638474 0.6961452960968018 0.9951301217079163 0.01845497451722622 -0.09682610630989075 0.5516529083251953
-0.0978899672627449 0.03646629676222801 -0.9945288896560669 -58.65533447265625 -0.013976402580738068 0.9991795420646667 0.03801249340176582 0.7040082216262817 0.9950990080833435 0.017620978876948357 -0.0972999781370163 0.4774632453918457
-0.0980849340558052 0.03264717385172844 -0.9946423768997192 -59.38304901123047 -0.013498198240995407 0.9993261694908142 0.034132007509469986 0.7204647064208984 0.9950864315032959 0.01677371747791767 -0.09757817536592484 0.40451812744140625
-0.09765913337469101 0.029613390564918518 -0.9947792291641235 -60.1166877746582 -0.014057660475373268 0.9994164109230042 0.031131496652960777 0.7322953939437866 0.995120644569397 0.01702454313635826 -0.09718583524227142 0.3218522071838379
-0.0965692400932312 0.027442025020718575 -0.9949479103088379 -60.82384490966797 -0.01456583384424448 0.9994738101959229 0.028980612754821777 0.7413128614425659 0.9952196478843689 0.017290880903601646 -0.09611871838569641 0.251495361328125
-0.0940239429473877 0.026633216068148613 -0.9952136278152466 -61.518409729003906 -0.01729784533381462 0.9994474649429321 0.028380753472447395 0.7465637922286987 0.9954196214675903 0.019883519038558006 -0.09351130574941635 0.17631864547729492
-0.08966102451086044 0.02747393026947975 -0.9955933690071106 -62.20923614501953 -0.017040470615029335 0.999430775642395 0.029114458709955215 0.7530686855316162 0.9958265423774719 0.019575810059905052 -0.08914182335138321 0.10791254043579102
-0.08409975469112396 0.02927887625992298 -0.9960270524024963 -62.86381530761719 -0.016925456002354622 0.9993820190429688 0.03080659918487072 0.75504469871521 0.9963136315345764 0.019449038431048393 -0.08355223387479782 0.05514192581176758
-0.07692211866378784 0.0307321660220623 -0.9965633153915405 -63.50568771362305 -0.015841469168663025 0.999360978603363 0.032041195780038834 0.7624248266220093 0.9969112277030945 0.018251704052090645 -0.07638611644506454 0.008135795593261719
-0.06798981130123138 0.031949810683727264 -0.9971743226051331 -64.14382934570312 -0.017094530165195465 0.9993029832839966 0.03318355605006218 0.768541693687439 0.9975395202636719 0.0193023681640625 -0.06739626079797745 -0.03725576400756836
-0.056049637496471405 0.03378758952021599 -0.9978561997413635 -64.76931762695312 -0.019078411161899567 0.9992084503173828 0.03490501642227173 0.7760382890701294 0.9982457160949707 0.020993921905755997 -0.055360667407512665 -0.07762694358825684
-0.04122309014201164 0.03528270125389099 -0.9985268115997314 -65.37255096435547 -0.022195501253008842 0.9990973472595215 0.03621917590498924 0.7835500240325928 0.9989033937454224 0.02365587092936039 -0.04040275886654854 -0.10414695739746094
-0.022803472355008125 0.03631846234202385 -0.9990800619125366 -65.94759368896484 -0.02368675172328949 0.9990397691726685 0.03685763478279114 0.7957968711853027 0.9994593262672424 0.024505438283085823 -0.021921304985880852 -0.1115807294845581
-0.0005369726568460464 0.0373084619641304 -0.9993036389350891 -66.5186996459961 -0.024915939196944237 0.9989930987358093 0.03731025755405426 0.80291748046875 0.9996894001960754 0.02491862140595913 0.0003931429237127304 -0.10480040311813354
0.025096800178289413 0.03778288885951042 -0.9989707469940186 -67.06420135498047 -0.024210071191191673 0.9990153908729553 0.037176359444856644 0.8085800409317017 0.9993918538093567 0.02325213886797428 0.025986814871430397 -0.07617318630218506
0.05409112200140953 0.03720398247241974 -0.9978427290916443 -67.57884216308594 -0.02264706790447235 0.9990942478179932 0.03602299839258194 0.8183674812316895 0.9982792735099792 0.020649680867791176 0.05488469824194908 -0.01993560791015625
0.08827512711286545 0.037022147327661514 -0.9954078793525696 -68.0793685913086 -0.021474238485097885 0.9991475343704224 0.035256847739219666 0.8248088359832764 0.9958646893501282 0.01826331950724125 0.08899490535259247 0.04498720169067383
0.1252080798149109 0.036540437489748 -0.9914574027061462 -68.54371643066406 -0.021448327228426933 0.9991876482963562 0.03411669656634331 0.8426839113235474 0.9918986558914185 0.016993414610624313 0.1258901059627533 0.13919925689697266
0.16684314608573914 0.03725447878241539 -0.9852793216705322 -68.9672622680664 -0.021168177947402 0.9991908669471741 0.03419595956802368 0.8305339813232422 0.9857562184333801 0.015151209197938442 0.16749675571918488 0.21226119995117188
0.21195828914642334 0.03800453245639801 -0.9765394330024719 -69.42134094238281 -0.020293228328227997 0.9991992115974426 0.034481748938560486 0.8401769399642944 0.9770680665969849 0.012508445419371128 0.212559774518013 0.3374214172363281
0.2608480453491211 0.0367823950946331 -0.9646788835525513 -69.85545349121094 -0.017128316685557365 0.9992928504943848 0.033470723778009415 0.8414030075073242 0.9652279615402222 0.007792551536113024 0.2612936198711395 0.48227882385253906
0.3104148805141449 0.03179734945297241 -0.9500691890716553 -70.25836181640625 -0.009344496764242649 0.9994941353797913 0.03039841540157795 0.8402223587036133 0.9505552649497986 -0.0005582030862569809 0.31055498123168945 0.6658096313476562
0.36125418543815613 0.026488106697797775 -0.9320910573005676 -70.64411163330078 -0.0040466152131557465 0.9996315240859985 0.026839109137654305 0.8422829508781433 0.9324586391448975 -0.005923926830291748 0.3612282872200012 0.8614387512207031
0.41337430477142334 0.02237204648554325 -0.9102862477302551 -71.01057434082031 0.0010131830349564552 0.9996861219406128 0.025029318407177925 0.8370816111564636 0.9105606079101562 -0.011268770322203636 0.41322195529937744 1.071868896484375
0.46487119793891907 0.021440068259835243 -0.8851186037063599 -71.37670135498047 0.0006890898221172392 0.9996976852416992 0.02457740530371666 0.8499364852905273 0.8853780031204224 -0.012035257183015347 0.4647158980369568 1.2926025390625
0.5133391618728638 0.02011753059923649 -0.8579500317573547 -71.74638366699219 0.001770489732734859 0.999698281288147 0.024500636383891106 0.8606082201004028 0.8581839799880981 -0.014096126891672611 0.5131486058235168 1.5493011474609375
0.5587076544761658 0.015905704349279404 -0.8292121291160583 -72.09977722167969 0.009504405781626701 0.9996275901794434 0.0255784559994936 0.8643002510070801 0.8293102383613586 -0.022172048687934875 0.5583484768867493 1.8322525024414062
0.6020714640617371 0.008832172490656376 -0.7983933091163635 -72.4204330444336 0.02040909230709076 0.9994418621063232 0.026446841657161713 0.8706693649291992 0.7981812953948975 -0.032217372208833694 0.6015552878379822 2.1465721130371094
0.644228458404541 0.004164478275924921 -0.7648217082023621 -72.73049926757812 0.021165039390325546 0.9995051622390747 0.023270176723599434 0.8728594183921814 0.7645401954650879 -0.0311787948012352 0.6438215374946594 2.4616470336914062
0.6859601140022278 0.0007535351905971766 -0.7276387214660645 -73.00682067871094 0.017506316304206848 0.9996929168701172 0.017538845539093018 0.8582197427749634 0.7274284958839417 -0.024769222363829613 0.6857362985610962 2.752605438232422
0.7265000939369202 -0.00639925803989172 -0.6871364116668701 -73.28823852539062 0.014439488761126995 0.9998779296875 0.005954881198704243 0.865416407585144 0.6870144009590149 -0.014248122461140156 0.7265040874481201 3.0923919677734375
0.7655562162399292 -0.008845415897667408 -0.6433080434799194 -73.56181335449219 0.00957612507045269 0.9999513626098633 -0.0023533329367637634 0.8688679933547974 0.6432976126670837 -0.004358790814876556 0.76560378074646 3.4660911560058594
0.8025705218315125 -0.00992464367300272 -0.5964747071266174 -73.82952880859375 0.0080321179702878 0.9999507069587708 -0.0058306194841861725 0.872704029083252 0.5965031385421753 -0.00011146999895572662 0.8026106953620911 3.8676300048828125
0.8365287184715271 -0.009714205749332905 -0.54783695936203 -74.06338500976562 0.0072310976684093475 0.9999514818191528 -0.0066894241608679295 0.854847252368927 0.5478753447532654 0.0016344323521479964 0.8365584015846252 4.280902862548828
0.8670226335525513 -0.008422749117016792 -0.4981975555419922 -74.28560638427734 0.004371249116957188 0.999947190284729 -0.00929818395525217 0.8519037961959839 0.49824953079223633 0.0058839893899858 0.867013692855835 4.729217529296875
0.8928134441375732 -0.007088188081979752 -0.45037078857421875 -74.49462127685547 0.003952334634959698 0.9999610781669617 -0.007902850396931171 0.8399094343185425 0.4504091739654541 0.005275756120681763 0.8928066492080688 5.205667495727539
0.9137311577796936 -0.0013752465602010489 -0.4063167870044708 -74.68439483642578 -0.0015069071669131517 0.9999759793281555 -0.006773336324840784 0.8285262584686279 0.40631628036499023 0.006801290437579155 0.9137071967124939 5.701250076293945
0.9313649535179138 0.0038450330030173063 -0.36406663060188293 -74.88211059570312 -0.00744671793654561 0.9999362230300903 -0.008489720523357391 0.8200291991233826 0.36401084065437317 0.01061812974512577 0.9313341975212097 6.202445983886719
0.9447282552719116 0.008711212314665318 -0.32773882150650024 -75.05201721191406 -0.01173329632729292 0.9999048709869385 -0.007244768552482128 0.8151979446411133 0.32764458656311035 0.010689793154597282 0.9447406530380249 6.741306304931641
0.9547451734542847 0.009471124969422817 -0.297274112701416 -75.21646881103516 -0.011614644899964333 0.99991774559021 -0.00544508034363389 0.8052710890769958 0.297198086977005 0.008651397190988064 0.9547766447067261 7.29615592956543
0.9620670676231384 0.008982612751424313 -0.2726650834083557 -75.37095642089844 -0.010501137934625149 0.9999363422393799 -0.004110380541533232 0.795762836933136 0.27261078357696533 0.006817753426730633 0.9621003866195679 7.868492126464844
0.9678467512130737 0.00922941043972969 -0.25137144327163696 -75.51759338378906 -0.010104908607900143 0.9999465346336365 -0.002192316111177206 0.7909963726997375 0.2513377368450165 0.00466191116720438 0.9678881764411926 8.468038558959961
0.972370445728302 0.011156431399285793 -0.2331760674715042 -75.65579223632812 -0.011403122916817665 0.99993497133255 0.00029009999707341194 0.7851766347885132 0.23316410183906555 0.0023768506944179535 0.9724344611167908 9.08505630493164
0.9759075045585632 0.016579633578658104 -0.21755382418632507 -75.81364440917969 -0.016634415835142136 0.999860405921936 0.0015796980587765574 0.7808256149291992 0.2175496369600296 0.0020772411953657866 0.9760470390319824 9.728419303894043
0.9787224531173706 0.020020071417093277 -0.20420978963375092 -75.95092010498047 -0.019826387986540794 0.9997988343238831 0.002994548063725233 0.7730812430381775 0.20422868430614471 0.0011179110733792186 0.9789225459098816 10.375795364379883
0.9813930988311768 0.018978148698806763 -0.1910693645477295 -76.07169342041016 -0.01879616267979145 0.9998195171356201 0.002764976117759943 0.7649996876716614 0.19108732044696808 0.0008778413757681847 0.981572687625885 11.033754348754883
0.9839426875114441 0.018640998750925064 -0.17750830948352814 -76.19114685058594 -0.018490804359316826 0.9998258948326111 0.0025005091447383165 0.7577863931655884 0.17752400040626526 0.0008219133596867323 0.9841160774230957 11.717804908752441
0.9864122867584229 0.019446969032287598 -0.16313347220420837 -76.3040542602539 -0.019229451194405556 0.9998108744621277 0.0029124682769179344 0.7529668807983398 0.16315920650959015 0.00026407293626107275 0.9865996837615967 12.424766540527344
0.9886083602905273 0.02073734439909458 -0.1490750014781952 -76.40827941894531 -0.020519740879535675 0.9997850060462952 0.002997807925567031 0.7533265948295593 0.14910510182380676 9.53218259382993e-05 0.9888213276863098 13.134862899780273
0.9904948472976685 0.021386906504631042 -0.13587720692157745 -76.51007843017578 -0.021537285298109055 0.9997680187225342 0.0003633925225585699 0.740184485912323 0.13585343956947327 0.002566487528383732 0.9907255172729492 13.850348472595215
0.9919288158416748 0.021280575543642044 -0.1249973326921463 -76.60330200195312 -0.022056881338357925 0.9997451305389404 -0.004829758778214455 0.7291520833969116 0.12486269325017929 0.007547828368842602 0.9921453595161438 14.590827941894531
0.9930407404899597 0.020255591720342636 -0.11601649224758148 -76.69110107421875 -0.021673204377293587 0.9997048377990723 -0.01097049005329609 0.7145423889160156 0.11576002836227417 0.013408591039478779 0.9931868314743042 15.34792709350586
0.9939828515052795 0.019960178062319756 -0.10770212858915329 -76.77204895019531 -0.021289505064487457 0.9997105598449707 -0.01120685413479805 0.7070283889770508 0.10744725912809372 0.01343234721571207 0.9941200017929077 16.105224609375
0.9946415424346924 0.02157607115805149 -0.10110680013895035 -76.85037231445312 -0.022181393578648567 0.9997421503067017 -0.004866431467235088 0.6900749802589417 0.10097571462392807 0.007083045784384012 0.9948636293411255 16.87427520751953
0.9950397610664368 0.026370292529463768 -0.09591866284608841 -76.93612670898438 -0.02618083544075489 0.999652087688446 0.0032333992421627045 0.6723807454109192 0.0959705263376236 -0.0007061297073960304 0.9953839778900146 17.649866104125977
0.9954185485839844 0.02683102898299694 -0.09177197515964508 -77.00654602050781 -0.02631930075585842 0.9996306300163269 0.006781985051929951 0.6675517559051514 0.09192004799842834 -0.004335535690188408 0.9957569241523743 18.422149658203125
0.9957810044288635 0.026240039616823196 -0.08792895823717117 -77.0931167602539 -0.025816619396209717 0.9996491074562073 0.005949377082288265 0.6509554982185364 0.08805421739816666 -0.0036542476154863834 0.9961090087890625 19.20233154296875
0.9960622787475586 0.02592208981513977 -0.08478149026632309 -77.16124725341797 -0.025586668401956558 0.9996598958969116 0.005040697753429413 0.6422716379165649 0.08488332480192184 -0.0028515730518847704 0.9963868260383606 19.967361450195312
