1.0 0.0 0.0 0.0 0.0 1.0 0.0 0.0 0.0 0.0 1.0 0.0
0.9999956488609314 0.0029414824675768614 0.00015621213242411613 -0.005923889577388763 -0.002941696671769023 0.999994695186615 0.0013894765870645642 -0.01295460294932127 -0.00015212417929433286 -0.0013899300247430801 0.9999990463256836 0.772566556930542
0.9999846816062927 0.005481895059347153 0.0006581812631338835 -0.01396837830543518 -0.005483148619532585 0.9999831318855286 0.0019185497658327222 -0.03003459796309471 -0.0006476529524661601 -0.0019221300026401877 0.9999979138374329 1.5358190536499023
0.999976396560669 0.0067555890418589115 0.0012367883464321494 -0.02331492118537426 -0.006757788825780153 0.9999755620956421 0.001783962594345212 -0.048013899475336075 -0.0012247066479176283 -0.0017922783736139536 0.999997615814209 2.2698659896850586
0.9999610185623169 0.008758233860135078 0.0011252883123233914 -0.02636861801147461 -0.00875990092754364 0.9999604821205139 0.0014851379673928022 -0.06112547963857651 -0.0011122364085167646 -0.00149493757635355 0.9999982118606567 2.9974780082702637
0.9999585151672363 0.0089216697961092 0.0018331249011680484 -0.03582184016704559 -0.008923819288611412 0.9999595284461975 0.001166821108199656 -0.07387726753950119 -0.0018226407701149583 -0.0011831310112029314 0.9999975562095642 3.7117223739624023
0.9999562501907349 0.009144200943410397 0.0019451288972049952 -0.03456572815775871 -0.009148292243480682 0.9999560117721558 0.0021064176689833403 -0.08794163912534714 -0.0019257819512858987 -0.0021241200156509876 0.9999958872795105 4.400356769561768
0.9999447464942932 0.010079852305352688 0.0029894972685724497 -0.048073481768369675 -0.010094800963997841 0.9999364614486694 0.005028603598475456 -0.10203205049037933 -0.0029386193491518497 -0.005058503709733486 0.9999828934669495 5.079827308654785
0.9999441504478455 0.009700239636003971 0.004220707342028618 -0.03860045224428177 -0.0097368648275733 0.999914288520813 0.008744843304157257 -0.10654312372207642 -0.00413551926612854 -0.008785448968410492 0.9999528527259827 5.749527454376221
0.9999442100524902 0.009094210341572762 0.005373870953917503 -0.03320186212658882 -0.009159814566373825 0.9998822808265686 0.012312246486544609 -0.11739879101514816 -0.005261268466711044 -0.012360782362520695 0.9999096989631653 6.381743431091309
0.9999414086341858 0.008469625376164913 0.006734626833349466 -0.03686656057834625 -0.0085667809471488 0.9998577237129211 0.014530893415212631 -0.12501689791679382 -0.006610597483813763 -0.014587737619876862 0.9998716711997986 6.990795612335205
0.999931275844574 0.008943736553192139 0.007577567361295223 -0.025215890258550644 -0.009053952060639858 0.9998518824577332 0.01463742833584547 -0.13838644325733185 -0.00744553143158555 -0.01470502931624651 0.9998641610145569 7.5600104331970215
0.9999164938926697 0.009689010679721832 0.008548282086849213 -0.024423375725746155 -0.009792907163500786 0.9998776912689209 0.012196961790323257 -0.1486675888299942 -0.008429059758782387 -0.012279655784368515 0.9998891353607178 8.107155799865723
0.9999093413352966 0.009537450037896633 0.009503370150923729 -0.02386149764060974 -0.009623748250305653 0.9999125003814697 0.009076633490622044 -0.1502104252576828 -0.009415971115231514 -0.009167268872261047 0.9999136924743652 8.636554718017578
0.999910295009613 0.00789681263267994 0.010818359442055225 -0.007761627435684204 -0.007980111986398697 0.9999387264251709 0.00767847616225481 -0.1592509150505066 -0.01075706072151661 -0.0077641187235713005 0.9999120235443115 9.140987396240234
0.9999088048934937 0.003901056945323944 0.012933442369103432 -0.005023732781410217 -0.003970046527683735 0.9999780654907227 0.005312859080731869 -0.16536852717399597 -0.012912431731820107 -0.0053637223318219185 0.9999022483825684 9.598084449768066
0.9998860359191895 0.0019875760190188885 0.014964098110795021 0.0051850080490112305 -0.00205319095402956 0.9999882578849792 0.00437075225636363 -0.17326974868774414 -0.014955236576497555 -0.004400978796184063 0.999878466129303 10.043253898620605
0.9998385906219482 0.006293591111898422 0.016821667551994324 0.010390207171440125 -0.006334678269922733 0.9999770522117615 0.0023903462570160627 -0.18418046832084656 -0.016806237399578094 -0.002496520057320595 0.9998556971549988 10.45610237121582
0.9997433423995972 0.010888539254665375 0.019868221133947372 0.01134808361530304 -0.010921829380095005 0.9999391436576843 0.0015678401105105877 -0.18982385098934174 -0.01984994299709797 -0.0017844343092292547 0.9998013377189636 10.84854793548584
0.9996783137321472 0.011079893447458744 0.022814486175775528 0.023417621850967407 -0.011148329824209213 0.9999336004257202 0.002874741330742836 -0.20095235109329224 -0.022781118750572205 -0.003128159325569868 0.9997355937957764 11.193390846252441
0.9996325969696045 0.006900913082063198 0.026210930198431015 0.035332173109054565 -0.006991609465330839 0.9999698996543884 0.0033702098298817873 -0.2064444124698639 -0.026186883449554443 -0.003552228445187211 0.9996507167816162 11.516620635986328
0.9995821118354797 0.0026332929264754057 0.028787022456526756 0.05301696062088013 -0.0027177706360816956 0.9999921321868896 0.0028958262410014868 -0.20741572976112366 -0.0287791695445776 -0.002972852671518922 0.9995813965797424 11.79709243774414
0.9995139837265015 -0.0008505570003762841 0.031161803752183914 0.0683140754699707 0.0007159551023505628 0.9999904036521912 0.004330355674028397 -0.21374493837356567 -0.03116518445312977 -0.004305941052734852 0.9995051026344299 12.053502082824707
0.9994338750839233 -0.0011824487010017037 0.03362315148115158 0.07816779613494873 0.001002527424134314 0.9999850988388062 0.005367465317249298 -0.21985109150409698 -0.03362899273633957 -0.0053307185880839825 0.9994202256202698 12.286069869995117
0.9993572235107422 -0.0005616232519969344 0.03584564849734306 0.08265763521194458 0.00040638717473484576 0.9999905228614807 0.004337817430496216 -0.22360126674175262 -0.0358477421104908 -0.004320461302995682 0.999347984790802 12.492391586303711
0.9992985129356384 0.0001167259324574843 0.03744976595044136 0.10198092460632324 -0.0002406933781458065 0.9999945163726807 0.0033057366963475943 -0.2339840978384018 -0.037449173629283905 -0.0033124322071671486 0.9992930293083191 12.685056686401367
0.9991719126701355 0.0025725332088768482 0.040605831891298294 0.09825408458709717 -0.002670776564627886 0.999993622303009 0.0023653781972825527 -0.23716506361961365 -0.04059948772192001 -0.002471868647262454 0.9991724491119385 12.843497276306152
0.9990919232368469 0.005521770101040602 0.04224846512079239 0.10178074240684509 -0.005598641932010651 0.9999828338623047 0.0017014073673635721 -0.24274803698062897 -0.04223835468292236 -0.0019363965839147568 0.9991057515144348 13.01361083984375
0.9990318417549133 0.006906482391059399 0.04344823211431503 0.10972380638122559 -0.006929369177669287 0.9999759197235107 0.00037615629844367504 -0.250909686088562 -0.04344458878040314 -0.0006768608000129461 0.9990556836128235 13.170879364013672
0.9989503026008606 0.005802109371870756 0.04543883353471756 0.11858627200126648 -0.005750678945332766 0.9999826550483704 -0.0012624973896890879 -0.2590206563472748 -0.04544536769390106 0.0009998672176152468 0.9989663362503052 13.319183349609375
0.9988847970962524 0.0045614587143063545 0.046993765980005264 0.1249653697013855 -0.004435857757925987 0.9999862909317017 -0.0027766511775553226 -0.25973743200302124 -0.047005780041217804 0.0025650965981185436 0.998891294002533 13.460119247436523
0.9988238215446472 0.003707032185047865 0.04834486544132233 0.13263452053070068 -0.003533381735906005 0.999987006187439 -0.0036768822465091944 -0.26323723793029785 -0.04835786297917366 0.0035017370246350765 0.9988239407539368 13.59716510772705
0.9987467527389526 0.004748784005641937 0.049824073910713196 0.13879072666168213 -0.004491807427257299 0.9999760389328003 -0.0052683791145682335 -0.2646932601928711 -0.04984790086746216 0.005037976428866386 0.9987440705299377 13.731841087341309
0.9986808896064758 0.0052180178463459015 0.051081232726573944 0.14440524578094482 -0.004865520168095827 0.9999634623527527 -0.007022663950920105 -0.27136510610580444 -0.05111601948738098 0.006764864083379507 0.9986697435379028 13.85278606414795
0.9986344575881958 0.0054272739216685295 0.05195789411664009 0.15435892343521118 -0.004944704007357359 0.9999434947967529 -0.009411739185452461 -0.27169206738471985 -0.05200602859258652 0.009141971357166767 0.9986048936843872 13.980735778808594
0.9986041784286499 0.004717473406344652 0.05260602757334709 0.1627148985862732 -0.004111279733479023 0.9999238848686218 -0.01162554882466793 -0.2773302495479584 -0.0526568666100502 0.011393044143915176 0.9985476136207581 14.105402946472168
0.9986228942871094 0.004043159540742636 0.05230562388896942 0.1651291847229004 -0.0033457118552178144 0.9999043345451355 -0.013414781540632248 -0.2815687358379364 -0.05235486105084419 0.01322130672633648 0.9985409379005432 14.228984832763672
0.9987351894378662 0.0032693773973733187 0.050172459334135056 0.1728946566581726 -0.002537147607654333 0.9998893737792969 -0.014651009812951088 -0.2853785753250122 -0.05021480470895767 0.014505184255540371 0.9986329674720764 14.35411262512207
0.99887615442276 0.003711606841534376 0.04725300893187523 0.17699867486953735 -0.0029771828558295965 0.9998737573623657 -0.015603305771946907 -0.2876964807510376 -0.04730496183037758 0.015445086173713207 0.9987610578536987 14.487367630004883
0.9990571141242981 0.004255130887031555 0.04320676997303963 0.17374420166015625 -0.0035214233212172985 0.9998485445976257 -0.017043251544237137 -0.2871922552585602 -0.04327274486422539 0.016875028610229492 0.998920738697052 14.607817649841309
0.9992822408676147 0.0038908892311155796 0.03768131136894226 0.16952651739120483 -0.003212663345038891 0.9998319745063782 -0.018042827025055885 -0.29330819845199585 -0.03774518519639969 0.017908820882439613 0.9991268515586853 14.732376098632812
0.9995224475860596 0.003858439391478896 0.0306569654494524 0.17149019241333008 -0.0032945272978395224 0.9998248219490051 -0.018423501402139664 -0.30011361837387085 -0.03072267957031727 0.018313707783818245 0.9993601441383362 14.847808837890625
0.9997268319129944 0.0037187200505286455 0.023071184754371643 0.1731608659029007 -0.0032799490727484226 0.9998136758804321 -0.019026922062039375 -0.30617421865463257 -0.023137638345360756 0.018946055322885513 0.9995526671409607 14.972746849060059
0.9998782873153687 0.003534201765432954 0.015197520144283772 0.16187429428100586 -0.003227073699235916 0.9997909665107727 -0.020186344161629677 -0.3043310344219208 -0.015265688300132751 0.02013484016060829 0.9996806979179382 15.102448463439941
0.999981164932251 0.002818718086928129 0.0054497867822647095 0.14923810958862305 -0.0027011341881006956 0.999765932559967 -0.021464217454195023 -0.3056926727294922 -0.005509011447429657 0.021449090912938118 0.999754786491394 15.238167762756348
0.9999681711196899 0.0013571056770160794 -0.007862916216254234 0.14582553505897522 -0.0015385177684947848 0.9997316598892212 -0.023111894726753235 -0.3089308738708496 0.007829437032341957 0.023123254999518394 0.999701976776123 15.388289451599121
0.9997162222862244 0.0004786183126270771 -0.023814842104911804 0.12067633867263794 -0.001074849278666079 0.9996861219406128 -0.025029592216014862 -0.3123335540294647 0.023795388638973236 0.025048092007637024 0.9994029998779297 15.540217399597168
0.9990731477737427 0.0009084648336283863 -0.04303768277168274 0.09329187870025635 -0.0020360678900033236 0.999655544757843 -0.026163771748542786 -0.3134602904319763 0.042999085038900375 0.02622714638710022 0.9987307190895081 15.72017765045166
0.9979027509689331 0.001874029403552413 -0.06470330059528351 0.05689966678619385 -0.0035334734711796045 0.9996674656867981 -0.025542084127664566 -0.3227653503417969 0.06463392078876495 0.02571714296936989 0.9975776672363281 15.886609077453613
0.9960687756538391 0.0022288728505373 -0.08855533599853516 0.022775769233703613 -0.004370332695543766 0.9997024536132812 -0.023995643481612206 -0.3295412063598633 0.08847551047801971 0.024288322776556015 0.995782196521759 16.09754753112793
0.9933469891548157 0.0032747252844274044 -0.11511408537626266 -0.024915337562561035 -0.005926938261836767 0.9997246265411377 -0.02270513027906418 -0.3345407247543335 0.11500804126262665 0.023236343637108803 0.9930927157402039 16.307907104492188
0.9894357919692993 0.0044423178769648075 -0.14490389823913574 -0.09903216361999512 -0.007464196532964706 0.9997656941413879 -0.02031737193465233 -0.34438058733940125 0.14477969706058502 0.021184323355555534 0.9892371296882629 16.53476333618164
0.9839610457420349 0.0044491407461464405 -0.1783280074596405 -0.1662294864654541 -0.0076119182631373405 0.9998255372047424 -0.017055461183190346 -0.3459174633026123 0.17822100222110748 0.018139328807592392 0.983823299407959 16.78562355041504
0.9765933156013489 0.005583586171269417 -0.21502122282981873 -0.2532165050506592 -0.00855789054185152 0.9998801350593567 -0.012904134579002857 -0.35533684492111206 0.2149234116077423 0.014442222192883492 0.9765241742134094 17.027034759521484
0.9669263362884521 0.006963577587157488 -0.254960834980011 -0.3579871654510498 -0.009268791414797306 0.9999263286590576 -0.007841099984943867 -0.3578224778175354 0.2548874616622925 0.009944943711161613 0.9669196009635925 17.289993286132812
0.9551259875297546 0.010614794678986073 -0.2960096597671509 -0.49212026596069336 -0.01202340517193079 0.9999234080314636 -0.002938703401014209 -0.3609084486961365 0.2959558367729187 0.006365876644849777 0.9551804065704346 17.571718215942383
0.9409353137016296 0.01411226112395525 -0.33829233050346375 -0.6296248435974121 -0.014522608369588852 0.9998936653137207 0.0013181718531996012 -0.36350685358047485 0.3382749557495117 0.003672571387141943 0.9410401582717896 17.845521926879883
0.924210250377655 0.016555016860365868 -0.3815249502658844 -0.7792415618896484 -0.014879029244184494 0.9998623728752136 0.0073425984010100365 -0.36971527338027954 0.3815939724445343 -0.001109384000301361 0.9243293404579163 18.11809730529785
0.9049366116523743 0.020102761685848236 -0.42507117986679077 -0.9321489334106445 -0.015153174288570881 0.999772310256958 0.01502224337309599 -0.37508270144462585 0.42527633905410767 -0.007153000682592392 0.9050352573394775 18.379777908325195
0.8832539916038513 0.024315888062119484 -0.4682639539241791 -1.1148371696472168 -0.016193188726902008 0.9996405243873596 0.021364985033869743 -0.37373629212379456 0.4686151146888733 -0.011288022622466087 0.8833303451538086 18.64532470703125
0.8584145307540894 0.030018843710422516 -0.5120773911476135 -1.3306145668029785 -0.019326286390423775 0.9994701743125916 0.02619323693215847 -0.3774844706058502 0.5125922560691833 -0.012588107027113438 0.858539879322052 18.934310913085938
0.8303974270820618 0.033164672553539276 -0.5561835169792175 -1.556279182434082 -0.020035821944475174 0.9993587136268616 0.02967672608792782 -0.3753803074359894 0.5568110346794128 -0.01349988766014576 0.8305296301841736 19.207307815551758
0.799490213394165 0.03717769682407379 -0.5995275378227234 -1.8064298629760742 -0.02278137020766735 0.9992414712905884 0.03158489614725113 -0.3722802400588989 0.6002469658851624 -0.011593760922551155 0.7997307181358337 19.471294403076172
0.7653384208679199 0.0401349700987339 -0.6423755288124084 -2.0717926025390625 -0.0232582725584507 0.999126672744751 0.03471405804157257 -0.366149365901947 0.6432077884674072 -0.011627458035945892 0.7656034231185913 19.74372673034668
0.728835940361023 0.04406164214015007 -0.6832691431045532 -2.3889074325561523 -0.024618566036224365 0.9989683628082275 0.03815961256623268 -0.34698522090911865 0.6842457056045532 -0.010990992188453674 0.7291687726974487 20.013622283935547
0.6900619864463806 0.04426848515868187 -0.7223951816558838 -2.722269058227539 -0.021622227504849434 0.9989430904388428 0.04056093096733093 -0.3257109522819519 0.7234272360801697 -0.012369759380817413 0.6902897953987122 20.28180694580078
0.6487743854522705 0.04412688687443733 -0.759700357913971 -3.070629119873047 -0.01908719167113304 0.9989468455314636 0.041723206639289856 -0.3112022876739502 0.7607414126396179 -0.01256839744746685 0.6489332914352417 20.54345703125
0.6066441535949707 0.042962782084941864 -0.7938119173049927 -3.4560928344726562 -0.013538727536797523 0.9989520311355591 0.04371889680624008 -0.29874247312545776 0.7948583364486694 -0.01577460765838623 0.6065899729728699 20.78904151916504
0.5612038969993591 0.04291321709752083 -0.8265644311904907 -3.8621158599853516 -0.008499852381646633 0.9989011287689209 0.046089474111795425 -0.283663272857666 0.8276339769363403 -0.018839914351701736 0.5609519481658936 21.043460845947266
0.5151875019073486 0.044403109699487686 -0.8559265732765198 -4.284344673156738 -0.006283195689320564 0.9988259077072144 0.048034440726041794 -0.2636617422103882 0.8570544123649597 -0.019368788227438927 0.514861524105072 21.247272491455078
0.4653415381908417 0.04386654496192932 -0.8840434551239014 -4.742046356201172 -0.005160109605640173 0.9988886713981628 0.04684901982545853 -0.2397977113723755 0.8851161003112793 -0.0172390379011631 0.46505075693130493 21.443283081054688
0.41329026222229004 0.043111901730298996 -0.9095781445503235 -5.226274013519287 0.0005179033614695072 0.9988672733306885 0.0475793182849884 -0.22341370582580566 0.9105991721153259 -0.020135145634412766 0.41279980540275574 21.62943458557129
0.3587885797023773 0.04198437184095383 -0.9324741959571838 -5.734614372253418 0.005477613303810358 0.9988760948181152 0.04708172008395195 -0.19856423139572144 0.9334027767181396 -0.022000117227435112 0.35815536975860596 21.808303833007812
0.30533167719841003 0.040855277329683304 -0.9513692259788513 -6.250959396362305 0.007889306172728539 0.9989363551139832 0.045429978519678116 -0.17325055599212646 0.9522134065628052 -0.021376853808760643 0.30468451976776123 21.93879508972168
0.2518293261528015 0.04658900201320648 -0.9666495323181152 -6.810744762420654 0.009128388948738575 0.9986817836761475 0.050510939210653305 -0.14399337768554688 0.9677286744117737 -0.021544083952903748 0.2510720491409302 22.048179626464844
0.2002396136522293 0.05183601751923561 -0.9783746600151062 -7.403264045715332 0.011266128160059452 0.9984115362167358 0.0552033968269825 -0.11703377962112427 0.9796822667121887 -0.022076399996876717 0.19933754205703735 22.13882827758789
0.15243662893772125 0.05295883119106293 -0.9868934750556946 -7.994587421417236 0.016995523124933243 0.998275101184845 0.05619475245475769 -0.09107297658920288 0.9881671071052551 -0.025338904932141304 0.15127362310886383 22.205055236816406
0.10790954530239105 0.054350513964891434 -0.9926739931106567 -8.611259460449219 0.01916724443435669 0.9982051849365234 0.05673695355653763 -0.06800228357315063 0.9939758777618408 -0.025149283930659294 0.10667412728071213 22.247386932373047
0.06783123314380646 0.05267515778541565 -0.9963053464889526 -9.24682331085205 0.019374065101146698 0.9983474016189575 0.05410217121243477 -0.04089832305908203 0.997508704662323 -0.02297230251133442 0.06669863313436508 22.258808135986328
0.032244499772787094 0.048199668526649475 -0.9983170628547668 -9.881733894348145 0.016823304817080498 0.9986687898635864 0.04876002296805382 -0.00541311502456665 0.9993383288383484 -0.018367236480116844 0.03139070048928261 22.25404930114746
0.003974372521042824 0.04804078862071037 -0.9988374710083008 -10.559409141540527 0.014197273179888725 0.9987419843673706 0.04809268191456795 0.03140714764595032 0.9998912215232849 -0.014371907338500023 0.003287332132458687 22.229042053222656
-0.016952931880950928 0.05232475697994232 -0.9984862208366394 -11.264540672302246 0.013382586650550365 0.9985522031784058 0.05210099369287491 0.060224831104278564 0.9997667074203491 -0.012479063123464584 -0.01762862130999565 22.19871711730957
-0.03020843304693699 0.05838220566511154 -0.9978371262550354 -11.98315143585205 0.015130232088267803 0.9982050657272339 0.05794568359851837 0.09254133701324463 0.9994291067123413 -0.013347061350941658 -0.031037544831633568 22.17952537536621
-0.0381530337035656 0.06093325838446617 -0.997412383556366 -12.727243423461914 0.014694515615701675 0.9980653524398804 0.06041106581687927 0.12741607427597046 0.999163806438446 -0.012351625598967075 -0.038974612951278687 22.142229080200195
-0.041986383497714996 0.05809842050075531 -0.9974275231361389 -13.490785598754883 0.015770098194479942 0.9982220530509949 0.05748085305094719 0.16213321685791016 0.9989936947822571 -0.013316117227077484 -0.04282795265316963 22.103506088256836
-0.04094500094652176 0.05413983389735222 -0.9976935386657715 -14.269350051879883 0.023053308948874474 0.9983162879943848 0.05322752520442009 0.199745774269104 0.9988954067230225 -0.02082073502242565 -0.04212416335940361 22.074831008911133
-0.03698364272713661 0.0526588000357151 -0.9979274868965149 -15.082423210144043 0.03509273752570152 0.9980631470680237 0.051365405321121216 0.24454766511917114 0.9986996054649353 -0.03312033414840698 -0.038759950548410416 22.06551742553711
-0.031405966728925705 0.052712053060531616 -0.9981157779693604 -15.906710624694824 0.03553756698966026 0.9980357885360718 0.05158963054418564 0.2834336757659912 0.9988747239112854 -0.03385038673877716 -0.03321753442287445 22.0422306060791
-0.026188312098383904 0.05170826241374016 -0.9983187913894653 -16.7581787109375 0.03375673294067383 0.9981375336647034 0.05081335827708244 0.30869001150131226 0.999086856842041 -0.032369259744882584 -0.027885043993592262 22.012367248535156
-0.02334754541516304 0.04507547616958618 -0.9987107515335083 -17.617460250854492 0.03749973699450493 0.9983194470405579 0.04418116435408592 0.34757500886917114 0.9990238547325134 -0.03641986474394798 -0.024998627603054047 22.004398345947266
-0.021139828488230705 0.034186918288469315 -0.9991918802261353 -18.510507583618164 0.0350797176361084 0.9988252520561218 0.03343218192458153 0.3872460722923279 0.9991608262062073 -0.034344617277383804 -0.02231426164507866 21.982772827148438
-0.0203150175511837 0.025994999334216118 -0.9994555711746216 -19.410783767700195 0.0272701233625412 0.9993044137954712 0.025436773896217346 0.41271093487739563 0.9994215965270996 -0.02673853002488613 -0.0210097748786211 21.943449020385742
-0.021548425778746605 0.023004237562417984 -0.9995031952857971 -20.3245792388916 0.021705131977796555 0.9995104074478149 0.02253646031022072 0.436415433883667 0.999532163143158 -0.02120872214436531 -0.022037183865904808 21.91010856628418
-0.02525068074464798 0.029302172362804413 -0.9992516040802002 -21.284053802490234 0.01248254906386137 0.999501645565033 0.02899407036602497 0.45150303840637207 0.9996031522750854 -0.011741087771952152 -0.02560386434197426 21.87339973449707
-0.030345560982823372 0.037608563899993896 -0.9988317489624023 -22.24913787841797 0.007910591550171375 0.9992696046829224 0.03738471865653992 0.4748026728630066 0.9995080828666687 -0.006766889244318008 -0.03062090463936329 21.82767677307129
-0.03468403220176697 0.04699734225869179 -0.9982926845550537 -23.22629737854004 0.006408102810382843 0.9988835453987122 0.046802520751953125 0.5102561116218567 0.9993777871131897 -0.004773860331624746 -0.03494647890329361 21.774267196655273
-0.03661373630166054 0.05701512470841408 -0.9977017045021057 -24.269845962524414 0.005202380940318108 0.9983684420585632 0.05686230584979057 0.5506988763809204 0.9993159770965576 -0.0031084821093827486 -0.036850616335868835 21.74619483947754
-0.037568699568510056 0.06497759371995926 -0.9971792697906494 -25.288551330566406 0.007141042500734329 0.9978757500648499 0.0647539347410202 0.5953773856163025 0.9992685317993164 -0.004688177723437548 -0.037952907383441925 21.70574951171875
-0.039118703454732895 0.06579488515853882 -0.9970661401748657 -26.316699981689453 0.00808790698647499 0.9978180527687073 0.06552718579769135 0.6487771272659302 0.9992018342018127 -0.005500839091837406 -0.039565492421388626 21.662742614746094
-0.04072142019867897 0.06284454464912415 -0.9971922039985657 -27.313899993896484 0.006741032004356384 0.9980146288871765 0.062621109187603 0.7000491619110107 0.9991477131843567 -0.004172084853053093 -0.04106421023607254 21.614383697509766
-0.043384402990341187 0.058069001883268356 -0.9973694682121277 -28.332534790039062 0.006434381939470768 0.9983049631118774 0.05784358084201813 0.7466793656349182 0.9990377426147461 -0.003907947335392237 -0.043684497475624084 21.562471389770508
-0.04788254573941231 0.05275232344865799 -0.9974589943885803 -29.365060806274414 0.006414803210645914 0.9986000657081604 0.052504729479551315 0.7932772636413574 0.9988323450088501 -0.0038844423834234476 -0.04815389961004257 21.504308700561523
-0.05370641127228737 0.04825834557414055 -0.9973899722099304 -30.388675689697266 0.006943170912563801 0.9988254308700562 0.047953929752111435 0.8313977718353271 0.9985326528549194 -0.004349615424871445 -0.05397839471697807 21.4489803314209
-0.06031103432178497 0.04629912227392197 -0.9971053004264832 -31.411373138427734 0.006052015349268913 0.9989223480224609 0.04601743072271347 0.871751070022583 0.9981613159179688 -0.003259137971326709 -0.06052623316645622 21.370393753051758
-0.06707344204187393 0.048922233283519745 -0.9965479373931885 -32.43387222290039 0.006763791665434837 0.9987965226173401 0.04857737943530083 0.9098042249679565 0.9977251291275024 -0.0034821906592696905 -0.06732361018657684 21.29621124267578
-0.07347626239061356 0.05356098711490631 -0.9958576560020447 -33.5237922668457 0.00484441639855504 0.9985641837120056 0.053349126130342484 0.9539678692817688 0.9972853064537048 -0.000904453860130161 -0.07363024353981018 21.20989990234375
-0.07970081269741058 0.056259531527757645 -0.9952300190925598 -34.5827751159668 0.0017089537577703595 0.9984123110771179 0.05630257725715637 0.9991595149040222 0.996817409992218 0.0027865590527653694 -0.07967041432857513 21.11463737487793
-0.08436614274978638 0.058417465537786484 -0.9947208762168884 -35.65236282348633 -0.0011300251353532076 0.9982737898826599 0.058721959590911865 1.0499475002288818 0.9964341521263123 0.006078204605728388 -0.08415450155735016 21.013914108276367
-0.08723332732915878 0.059836000204086304 -0.9943892359733582 -36.725528717041016 -0.005567336920648813 0.9981495141983032 0.060550667345523834 1.0988155603408813 0.9961724877357483 0.010818134993314743 -0.08673879504203796 20.918174743652344
-0.0889282077550888 0.060918331146240234 -0.9941734075546265 -37.799896240234375 -0.009706945158541203 0.9980274438858032 0.062022771686315536 1.152935266494751 0.9959907531738281 0.015165961347520351 -0.08816146850585938 20.810091018676758
-0.09023095667362213 0.06070113554596901 -0.9940692782402039 -38.87128829956055 -0.010815054178237915 0.998022198677063 0.06192420423030853 1.1957428455352783 0.9958621263504028 0.016338391229510307 -0.08939602971076965 20.70274543762207
-0.09161496162414551 0.05986103415489197 -0.9939936399459839 -39.951839447021484 -0.011568039655685425 0.9980601668357849 0.06117214635014534 1.2465465068817139 0.9957272410392761 0.017102839425206184 -0.09074477851390839 20.593700408935547
-0.09290646016597748 0.05912091210484505 -0.9939180612564087 -41.04463195800781 -0.01212684903293848 0.998094379901886 0.06050288677215576 1.3001244068145752 0.9956009387969971 0.01767420396208763 -0.09201245754957199 20.49493408203125
-0.09369972348213196 0.05819831043481827 -0.9938980937004089 -42.13319396972656 -0.014468682929873466 0.9981051087379456 0.059808678925037384 1.3518954515457153 0.9954953193664551 0.019984455779194832 -0.09268011897802353 20.379133224487305
-0.09457602351903915 0.05560068041086197 -0.9939637780189514 -43.20857620239258 -0.019193902611732483 0.9981516599655151 0.057661253958940506 1.399807333946228 0.9953325986862183 0.024531420320272446 -0.09333404153585434 20.26854705810547
-0.09479687362909317 0.05072017014026642 -0.9942036867141724 -44.29784393310547 -0.024137074127793312 0.998290479183197 0.053230125457048416 1.4462096691131592 0.9952040314674377 0.02904321998357773 -0.09341058880090714 20.154966354370117
-0.09397406876087189 0.050127722322940826 -0.9943118691444397 -45.40635681152344 -0.026029348373413086 0.9982665181159973 0.0527871698141098 1.4911367893218994 0.9952343106269836 0.03084191493690014 -0.09250637143850327 20.041086196899414
-0.09248079359531403 0.054299112409353256 -0.9942327737808228 -46.51534652709961 -0.027162233367562294 0.9980028867721558 0.05703155696392059 1.5365753173828125 0.9953439235687256 0.032279908657073975 -0.09082120656967163 19.934764862060547
-0.09052532911300659 0.057624220848083496 -0.9942256212234497 -47.620079040527344 -0.027030806988477707 0.9978145956993103 0.060293421149253845 1.579233169555664 0.9955273866653442 0.032332804054021835 -0.08876986056566238 19.828723907470703
-0.08918397128582001 0.05713542923331261 -0.9943750500679016 -48.72750473022461 -0.024992527440190315 0.9979106783866882 0.059580110013484955 1.6345295906066895 0.9957015514373779 0.03016553819179535 -0.08756967633962631 19.72808265686035
-0.08649656176567078 0.05626171827316284 -0.9946622252464294 -49.84321212768555 -0.024921737611293793 0.9979694485664368 0.05861600860953331 1.686936378479004 0.9959403872489929 0.029858794063329697 -0.0849188044667244 19.62285614013672
-0.08228523284196854 0.056658193469047546 -0.994996964931488 -50.95327377319336 -0.029468057677149773 0.9978078007698059 0.05925523117184639 1.7396087646484375 0.996173083782196 0.034196458756923676 -0.08043526113033295 19.519262313842773
-0.07666714489459991 0.057682670652866364 -0.9953867793083191 -52.097660064697266 -0.03423779457807541 0.9975840449333191 0.06044707074761391 1.7889235019683838 0.996468722820282 0.03871414437890053 -0.07450699806213379 19.41819190979004
-0.07094742357730865 0.0572250671684742 -0.9958371520042419 -53.217525482177734 -0.03788727521896362 0.9974779486656189 0.060018595308065414 1.8415695428848267 0.9967602491378784 0.041987717151641846 -0.06860040128231049 19.328777313232422
-0.06484556943178177 0.056036870926618576 -0.9963207840919495 -54.35393524169922 -0.039615485817193985 0.9974904656410217 0.05868103727698326 1.9029202461242676 0.9971086978912354 0.04327493906021118 -0.06246291473507881 19.240707397460938
-0.059467993676662445 0.0554436594247818 -0.9966892600059509 -55.49303436279297 -0.03902049735188484 0.9975642561912537 0.05782049894332886 1.9523848295211792 0.9974672794342041 0.042329784482717514 -0.05715969204902649 19.174482345581055
-0.054117124527692795 0.055322546511888504 -0.9970009326934814 -56.63235855102539 -0.03732374310493469 0.9976543188095093 0.05738471820950508 2.0000224113464355 0.9978368878364563 0.04031730070710182 -0.05192532762885094 19.108604431152344
-0.048589348793029785 0.05554497614502907 -0.9972732067108154 -57.782257080078125 -0.036609746515750885 0.997682511806488 0.0573514886200428 2.058244228363037 0.9981476664543152 0.03929658606648445 -0.046443257480859756 19.04984474182129
-0.042870666831731796 0.057354431599378586 -0.997433066368103 -58.921897888183594 -0.03572368994355202 0.997624397277832 0.058900874108076096 2.105297565460205 0.9984418153762817 0.038157105445861816 -0.04071991145610809 18.996021270751953
-0.0368681475520134 0.05836539342999458 -0.997614324092865 -60.07210159301758 -0.03648209944367409 0.9975488781929016 0.0597098171710968 2.162492275238037 0.9986539483070374 0.03859644755721092 -0.034648485481739044 18.93734359741211
-0.03231993690133095 0.057837024331092834 -0.9978028535842896 -61.22795867919922 -0.03606756776571274 0.9976065158843994 0.058993931859731674 2.206265926361084 0.9988265633583069 0.03789500147104263 -0.030156543478369713 18.912490844726562
-0.027565794065594673 0.053254224359989166 -0.9982004165649414 -62.37159729003906 -0.03615596517920494 0.9978734254837036 0.05423523858189583 2.2546815872192383 0.9989659190177917 0.03758593648672104 -0.025581717491149902 18.876510620117188
-0.022885994985699654 0.04766043275594711 -0.9986013770103455 -63.53837966918945 -0.036295317113399506 0.9981648921966553 0.048471417278051376 2.304683208465576 0.9990790486335754 0.037353869527578354 -0.02111414447426796 18.845901489257812
-0.019438771530985832 0.04764586314558983 -0.9986751079559326 -64.71472930908203 -0.035543981939554214 0.998199462890625 0.04831501841545105 2.3384389877319336 0.9991790652275085 0.03643606975674629 -0.017710253596305847 18.821325302124023
-0.015592070296406746 0.050047218799591064 -0.9986250996589661 -65.88394927978516 -0.035052862018346786 0.9981052875518799 0.05056846886873245 2.380690097808838 0.9992638230323792 0.03579314053058624 -0.013808229938149452 18.79168701171875
-0.014021489769220352 0.049971647560596466 -0.9986522197723389 -67.04402923583984 -0.03504226729273796 0.9981123208999634 0.05043664202094078 2.416594982147217 0.999287486076355 0.03570222854614258 -0.012243901379406452 18.774917602539062
-0.012723457999527454 0.04940592870116234 -0.9986976981163025 -68.2164535522461 -0.036906786262989044 0.9980748891830444 0.04984530806541443 2.46651029586792 0.9992377161979675 0.03749292343854904 -0.010875548236072063 18.74907112121582
-0.012083393521606922 0.050348952412605286 -0.9986585378646851 -69.3685531616211 -0.03814297914505005 0.9979813694953918 0.05077633634209633 2.5076613426208496 0.9991992712020874 0.03870536386966705 -0.01013854332268238 18.734134674072266
-0.011390598490834236 0.050246380269527435 -0.99867182970047 -70.55657196044922 -0.0386304035782814 0.9979689717292786 0.05065162107348442 2.546361207962036 0.9991886019706726 0.03915605694055557 -0.009426426142454147 18.721426010131836
-0.010228142142295837 0.04784774035215378 -0.9988021850585938 -71.73043823242188 -0.03924209624528885 0.9980658888816833 0.04821431636810303 2.5931949615478516 0.9991773962974548 0.039688240736722946 -0.008330712094902992 18.702394485473633
-0.010023662820458412 0.046225063502788544 -0.9988807439804077 -72.89964294433594 -0.03724160045385361 0.998220682144165 0.046568237245082855 2.6375503540039062 0.9992560148239136 0.03766670823097229 -0.008284330368041992 18.696260452270508
-0.009333162568509579 0.046743739396333694 -0.9988633394241333 -74.10094451904297 -0.03391322121024132 0.9983173608779907 0.04703507199883461 2.6653637886047363 0.9993811845779419 0.03431365266442299 -0.00773222791031003 18.679611206054688
-0.008994734846055508 0.04724560305476189 -0.9988427758216858 -75.28630828857422 -0.031958043575286865 0.9983593821525574 0.04751051962375641 2.708881139755249 0.9994487166404724 0.032348401844501495 -0.007470101583749056 18.666255950927734
-0.009144676849246025 0.05045543983578682 -0.9986844062805176 -76.47611999511719 -0.031076092272996902 0.998229444026947 0.050717003643512726 2.7414040565490723 0.9994751214981079 0.031498994678258896 -0.0075605278834700584 18.657543182373047
-0.008203467354178429 0.05415424332022667 -0.9984989166259766 -77.6578598022461 -0.03350456431508064 0.9979569315910339 0.05440012365579605 2.782853126525879 0.9994048476219177 0.033900536596775055 -0.006372292526066303 18.630836486816406
-0.00836483296006918 0.05420435220003128 -0.9984948039054871 -78.85311889648438 -0.03553065285086632 0.997883141040802 0.05446880683302879 2.826042652130127 0.9993335604667664 0.03593279421329498 -0.006421209312975407 18.62618064880371
-0.007783807814121246 0.05195653438568115 -0.998619019985199 -80.02909851074219 -0.03675195947289467 0.9979597926139832 0.05220869556069374 2.871316909790039 0.999294102191925 0.03710758686065674 -0.005858422722667456 18.608715057373047
-0.007723604794591665 0.049365799874067307 -0.9987509250640869 -81.21855926513672 -0.036426715552806854 0.99810391664505 0.04961550980806351 2.9184587001800537 0.9993064999580383 0.03676442429423332 -0.005910725332796574 18.592763900756836
-0.00758840749040246 0.04877970367670059 -0.9987808465957642 -82.40023040771484 -0.034139037132263184 0.9982145428657532 0.049011439085006714 2.958859443664551 0.9993882775306702 0.03446933627128601 -0.005909566301852465 18.57940101623535
-0.007751862984150648 0.05012713372707367 -0.9987127780914307 -83.58773040771484 -0.033056993037462234 0.9981840252876282 0.050357189029455185 2.995664119720459 0.9994235038757324 0.03340480104088783 -0.0060807326808571815 18.573131561279297
-0.007532184012234211 0.05294964835047722 -0.9985687732696533 -84.75933074951172 -0.031874414533376694 0.9980769157409668 0.05316400155425072 3.0360546112060547 0.9994634389877319 0.032229237258434296 -0.005829959642142057 18.56412124633789
-0.007282859645783901 0.05566750094294548 -0.9984227418899536 -85.94015502929688 -0.03247848153114319 0.9979092478752136 0.05587578937411308 3.073432445526123 0.999445915222168 0.03283419460058212 -0.005459637846797705 18.55427360534668
-0.006859314627945423 0.055793646723032 -0.9984187483787537 -87.12448120117188 -0.035409193485975266 0.9978024959564209 0.05600247532129288 3.1129343509674072 0.9993492960929871 0.03573734313249588 -0.004868632648140192 18.52712059020996
-0.006712811999022961 0.05365407466888428 -0.998537003993988 -88.2956771850586 -0.03483621031045914 0.9979408383369446 0.05385623127222061 3.1578192710876465 0.9993705153465271 0.035146769136190414 -0.00482988404110074 18.518417358398438
-0.006585117429494858 0.05235783010721207 -0.9986066222190857 -89.46920776367188 -0.033378999680280685 0.9980603456497192 0.05254928767681122 3.1998131275177 0.9994210600852966 0.033678535372018814 -0.004824691452085972 18.507612228393555
-0.0059386128559708595 0.05335649475455284 -0.9985578060150146 -90.62068176269531 -0.03178674727678299 0.9980607628822327 0.053518980741500854 3.2404932975769043 0.999476969242096 0.03205873817205429 -0.0042310659773647785 18.492725372314453
-0.005992508959025145 0.05585428699851036 -0.9984209537506104 -91.7994384765625 -0.0295390747487545 0.9979932904243469 0.05600765347480774 3.291750907897949 0.9995457530021667 0.02982805296778679 -0.004330599680542946 18.488542556762695
-0.005863940343260765 0.05881352350115776 -0.998251736164093 -92.9659423828125 -0.028177687898278236 0.9978628158569336 0.058956120163202286 3.3287148475646973 0.999585747718811 0.028474146500229836 -0.004194178618490696 18.484521865844727
-0.005155144724994898 0.06047045812010765 -0.9981566071510315 -94.13410186767578 -0.028689894825220108 0.9977501034736633 0.06059398874640465 3.379606246948242 0.999575138092041 0.028949379920959473 -0.0034086545929312706 18.469392776489258
-0.004591222852468491 0.0623985156416893 -0.9980407953262329 -95.29824829101562 -0.031431835144758224 0.9975491166114807 0.0625123679637909 3.430614948272705 0.9994953274726868 0.03165726363658905 -0.0026186699979007244 18.452335357666016
-0.004591105505824089 0.06171697378158569 -0.9980831146240234 -96.44384765625 -0.03375580906867981 0.9975152611732483 0.06183713302016258 3.4753830432891846 0.9994195699691772 0.03397499769926071 -0.0024963917676359415 18.446008682250977
-0.004512573592364788 0.05745389312505722 -0.9983379244804382 -97.59638977050781 -0.03609069064259529 0.997688353061676 0.0575796440243721 3.528960943222046 0.9993383288383484 0.036290545016527176 -0.0024285907857120037 18.428327560424805
-0.004278623964637518 0.05568282678723335 -0.998439371585846 -98.75556945800781 -0.037732239812612534 0.9977284669876099 0.05580487847328186 3.5781631469726562 0.999278724193573 0.037912122905254364 -0.002167867263779044 18.41513442993164
-0.003983481787145138 0.054438695311546326 -0.9985092878341675 -99.90929412841797 -0.03728177770972252 0.997814953327179 0.05454956367611885 3.6106879711151123 0.9992968440055847 0.03744350001215935 -0.00194520631339401 18.405105590820312
-0.0039343321695923805 0.05489230155944824 -0.9984844923019409 -101.07648468017578 -0.03588126227259636 0.9978415966033936 0.054998330771923065 3.657123565673828 0.9993483424186707 0.03604327142238617 -0.0019562344532459974 18.4044132232666
-0.003824732732027769 0.05695582926273346 -0.9983693361282349 -102.21927642822266 -0.03607693314552307 0.997718870639801 0.05705692991614342 3.7013134956359863 0.9993417263031006 0.03623632714152336 -0.0017612159717828035 18.389474868774414
