1.0 0.0 0.0 0.0 0.0 1.0 0.0 0.0 0.0 0.0 1.0 0.0
0.9999957084655762 0.0029355280566960573 0.0001493456948082894 -0.005904055200517178 -0.0029357310850173235 0.9999947547912598 0.0013771620579063892 -0.012903140857815742 -0.00014530221233144403 -0.0013775945408269763 0.9999990463256836 0.7725048661231995
0.9999844431877136 0.005538615398108959 0.000678231765050441 -0.012953434139490128 -0.0055399066768586636 0.9999828338623047 0.0019173495238646865 -0.029540637508034706 -0.0006676006596535444 -0.0019210772588849068 0.9999979138374329 1.5399796962738037
0.9999762177467346 0.006788778584450483 0.0011939882533624768 -0.02143320068717003 -0.006790795363485813 0.9999755024909973 0.0016940038185566664 -0.04738447070121765 -0.0011824587127193809 -0.0017020717496052384 0.9999978542327881 2.2738897800445557
0.9999614953994751 0.008706712163984776 0.0010775885311886668 -0.02487928979098797 -0.008708256296813488 0.9999610781669617 0.001437852974049747 -0.06128564104437828 -0.0010650273179635406 -0.0014471816830337048 0.9999983906745911 3.0009517669677734
0.999958872795105 0.008895983919501305 0.0017598168924450874 -0.034638188779354095 -0.008898012340068817 0.9999597668647766 0.0011470989556983113 -0.07449900358915329 -0.0017495412612333894 -0.0011627109488472342 0.9999977946281433 3.713809013366699
0.9999564290046692 0.0091432835906744 0.001886101090349257 -0.030335841700434685 -0.009147100150585175 0.9999561309814453 0.002024488989263773 -0.0867081955075264 -0.0018675077008083463 -0.0020416532643139362 0.9999961256980896 4.410467147827148
0.9999461770057678 0.009933150373399258 0.003003264544531703 -0.04943559691309929 -0.009948219172656536 0.9999377727508545 0.0050446889363229275 -0.103279709815979 -0.0029529682360589504 -0.005074294749647379 0.9999827742576599 5.079282760620117
0.9999427199363708 0.00976502988487482 0.004367598798125982 -0.042054783552885056 -0.009803025983273983 0.9999135136604309 0.008764823898673058 -0.10809394717216492 -0.0042816330678761005 -0.008807135745882988 0.9999520778656006 5.7516350746154785
0.9999435544013977 0.008988386020064354 0.0056499638594686985 -0.040569473057985306 -0.009058141149580479 0.9998815059661865 0.012444534339010715 -0.12035060673952103 -0.005537438206374645 -0.0124950110912323 0.9999066591262817 6.376999378204346
0.9999410510063171 0.00841962918639183 0.0068478998728096485 -0.04275728762149811 -0.008519737981259823 0.9998552799224854 0.014723583124577999 -0.1293424665927887 -0.006722941994667053 -0.014781058765947819 0.9998682141304016 6.983551979064941
0.9999290108680725 0.009072121232748032 0.007724341936409473 -0.0275585800409317 -0.00918444711714983 0.9998507499694824 0.014632683247327805 -0.1392269730567932 -0.007590439636260271 -0.014702586457133293 0.9998630881309509 7.572353839874268
0.9999153017997742 0.009637661278247833 0.008744974620640278 -0.025846514850854874 -0.00974282342940569 0.999879777431488 0.01206351350992918 -0.14798061549663544 -0.008627659641206264 -0.012147692032158375 0.9998890161514282 8.124152183532715
0.9999076128005981 0.009616907685995102 0.009606706909835339 -0.02272971346974373 -0.009702760726213455 0.9999130368232727 0.008930481038987637 -0.14928148686885834 -0.009519987739622593 -0.009022867307066917 0.9999139904975891 8.658733367919922
0.9999061226844788 0.008003870025277138 0.011118443682789803 -0.01071882899850607 -0.008088825270533562 0.9999383091926575 0.007617120631039143 -0.15952056646347046 -0.011056790128350258 -0.007706341799348593 0.9999092221260071 9.155608177185059
0.9999039173126221 0.004221641458570957 0.013203267939388752 -0.007674794178456068 -0.004291315097361803 0.9999770522117615 0.005253160372376442 -0.16368329524993896 -0.013180785812437534 -0.005309315863996744 0.9998990893363953 9.618489265441895
0.9998858571052551 0.0021688540000468493 0.014947903342545033 0.004742209333926439 -0.002233656123280525 0.9999881386756897 0.00431986665353179 -0.17228202521800995 -0.01493835635483265 -0.004352761898189783 0.9998789429664612 10.062583923339844
0.9998423457145691 0.006523732095956802 0.016513045877218246 0.014662263914942741 -0.006562341004610062 0.999975860118866 0.0022849664092063904 -0.18271785974502563 -0.016497740522027016 -0.0023929711896926165 0.9998610615730286 10.479290008544922
0.9997450113296509 0.010904829949140549 0.019771305844187737 0.013316687196493149 -0.010937580838799477 0.9999390244483948 0.0015491972444579005 -0.1900881975889206 -0.01975320838391781 -0.0017650523222982883 0.9998033046722412 10.86474323272705
0.9996727705001831 0.011132137849926949 0.023028478026390076 0.020262964069843292 -0.011200057342648506 0.9999333024024963 0.002822454087436199 -0.20153342187404633 -0.022995522245764732 -0.003079452086240053 0.9997307658195496 11.208499908447266
0.9996287822723389 0.006998836528509855 0.026329662650823593 0.031819578260183334 -0.007087728939950466 0.9999695420265198 0.0032842939253896475 -0.20745053887367249 -0.026305872946977615 -0.003469692310318351 0.999647855758667 11.523938179016113
0.9995790719985962 0.0025189740117639303 0.02890285849571228 0.04882315546274185 -0.0026012291200459003 0.9999926686286926 0.0028086835518479347 -0.20811748504638672 -0.02889556810259819 -0.002882684115320444 0.9995782971382141 11.807165145874023
0.9995086789131165 -0.0007659477414563298 0.031333718448877335 0.0631447359919548 0.0006343434215523303 0.9999908804893494 0.004209819715470076 -0.21365658938884735 -0.03133665397763252 -0.004187875427305698 0.9995001554489136 12.065192222595215
0.9994346499443054 -0.0012777486117556691 0.033597953617572784 0.07535342872142792 0.0011008060537278652 0.99998539686203 0.00528442719951272 -0.2195367068052292 -0.0336042195558548 -0.0052444543689489365 0.9994215369224548 12.295148849487305
0.9993535876274109 -0.0006227929261513054 0.03594478964805603 0.07854137569665909 0.0004694070667028427 0.9999907612800598 0.004275538958609104 -0.22428888082504272 -0.03594712167978287 -0.004255902487784624 0.9993447065353394 12.500557899475098
0.9992961883544922 0.00018888682825490832 0.0375126376748085 0.09888748079538345 -0.00030493762460537255 0.9999951720237732 0.0030879375990480185 -0.23282693326473236 -0.03751187399029732 -0.003097203094512224 0.9992914199829102 12.69857406616211
0.9991715550422668 0.002497164998203516 0.040620818734169006 0.09518636763095856 -0.002591382246464491 0.9999940991401672 0.0022669292520731688 -0.23789288103580475 -0.04061491787433624 -0.0023703151382505894 0.9991720914840698 12.85577392578125
0.9990887641906738 0.005116650834679604 0.04237513989210129 0.0979706197977066 -0.005194093566387892 0.9999850392341614 0.0017176448600366712 -0.24452818930149078 -0.04236571490764618 -0.0019361799350008368 0.9991003274917603 13.023683547973633
0.999024510383606 0.0067299180664122105 0.043645404279232025 0.105027936398983 -0.006740516982972622 0.9999772906303406 9.567621600581333e-05 -0.25045648217201233 -0.0436437651515007 -0.0003897754068020731 0.9990471005439758 13.180944442749023
0.9989390969276428 0.005887937266379595 0.04567365348339081 0.11333432048559189 -0.005826927255839109 0.9999819397926331 -0.0014688081573694944 -0.2576337158679962 -0.04568147659301758 0.001201112987473607 0.9989553689956665 13.32975959777832
0.9988715052604675 0.004843642469495535 0.04724891111254692 0.11691053211688995 -0.004712451249361038 0.9999847412109375 -0.0028876056894659996 -0.2626175582408905 -0.047262176871299744 0.0026616891846060753 0.9988790154457092 13.467161178588867
0.9988119602203369 0.004138609394431114 0.04855437949299812 0.1280178278684616 -0.003950749058276415 0.9999843239784241 -0.003964425064623356 -0.26262712478637695 -0.04857003316283226 0.0037678887601941824 0.9988126754760742 13.60391616821289
0.9987581372261047 0.004728839732706547 0.04959690943360329 0.14038360118865967 -0.004471426829695702 0.9999759197235107 -0.005299768410623074 -0.26616370677948 -0.04962077736854553 0.005071416962891817 0.9987552762031555 13.741230010986328
0.9986838698387146 0.0055633047595620155 0.05098486319184303 0.14381569623947144 -0.0052033946849405766 0.9999606013298035 -0.007189171388745308 -0.2720259130001068 -0.05102284997701645 0.006914415396749973 0.9986736178398132 13.860036849975586
0.9986156821250916 0.00589414220303297 0.05226748809218407 0.1462186723947525 -0.005381967406719923 0.9999361038208008 -0.009934457018971443 -0.2689357101917267 -0.05232270434498787 0.009639402851462364 0.9985837340354919 13.98486328125
0.9985954761505127 0.0048931860364973545 0.052754227072000504 0.1571667641401291 -0.004274521954357624 0.9999208450317383 -0.011833754368126392 -0.2771875560283661 -0.05280795693397522 0.011591634713113308 0.9985373616218567 14.106995582580566
0.9986158609390259 0.0042447373270988464 0.0524231381714344 0.16285143792629242 -0.0035324743948876858 0.9999002814292908 -0.013671989552676678 -0.2801397144794464 -0.0524759441614151 0.013467883691191673 0.9985313415527344 14.231111526489258
0.9987291097640991 0.0038412120193243027 0.05025186389684677 0.16887550055980682 -0.003089738544076681 0.9998822808265686 -0.0150233069434762 -0.2830392122268677 -0.05030365660786629 0.014848947525024414 0.9986236095428467 14.35749626159668
0.9988707304000854 0.0036837225779891014 0.047366827726364136 0.1710911989212036 -0.0029463903047144413 0.9998735189437866 -0.015626849606633186 -0.28904005885124207 -0.04741840064525604 0.015469642356038094 0.9987553358078003 14.481346130371094
0.9990552663803101 0.004353160038590431 0.04323907196521759 0.17528924345970154 -0.0036125527694821358 0.9998456239700317 -0.01719159632921219 -0.28622788190841675 -0.043307237327098846 0.017019150778651237 0.9989168047904968 14.61236572265625
0.9992930293083191 0.004224320407956839 0.03735636919736862 0.17632734775543213 -0.003540772944688797 0.9998254179954529 -0.018345292657613754 -0.2894054651260376 -0.03742733597755432 0.01820005476474762 0.9991335868835449 14.745363235473633
0.9995189309120178 0.004216611385345459 0.03072723001241684 0.1705152541399002 -0.0036415166687220335 0.9998177289962769 -0.018748095259070396 -0.29586952924728394 -0.030800679698586464 0.018627183511853218 0.999351978302002 14.853336334228516
0.9997075796127319 0.004578129854053259 0.02374417707324028 0.1639990359544754 -0.0041122836992144585 0.9997988939285278 -0.01963123120367527 -0.2954539954662323 -0.023829273879528046 0.019527848809957504 0.9995253682136536 14.979768753051758
0.9998721480369568 0.0038680548314005136 0.015514359809458256 0.158606618642807 -0.0035524843260645866 0.9997872710227966 -0.02031676098704338 -0.301626980304718 -0.015589645132422447 0.02025904878973961 0.9996732473373413 15.111804008483887
0.9999800324440002 0.003092898754402995 0.0055130524560809135 0.14971432089805603 -0.002972064772620797 0.9997581839561462 -0.02179301343858242 -0.30221647024154663 -0.005579122342169285 0.021776190027594566 0.9997473359107971 15.243792533874512
0.9999684691429138 0.0015816304367035627 -0.007776837795972824 0.14385810494422913 -0.0017627490451559424 0.9997261166572571 -0.023338021710515022 -0.306354284286499 0.007737788371741772 0.023350995033979416 0.9996973872184753 15.392224311828613
0.9997197985649109 0.0006184697267599404 -0.02366538718342781 0.12024186551570892 -0.0012175419833511114 0.9996789693832397 -0.025308232754468918 -0.3088405132293701 0.023642132058739662 0.02532995492219925 0.9993995428085327 15.546817779541016
0.9990785717964172 0.0010493743466213346 -0.04290618747472763 0.09348846971988678 -0.002189291175454855 0.9996456503868103 -0.026529306545853615 -0.3090140223503113 0.0428631417453289 0.026598796248435974 0.9987268447875977 15.729390144348145
0.9979006052017212 0.0018741495441645384 -0.06473797559738159 0.06179727986454964 -0.0035750004462897778 0.9996512532234192 -0.026167001575231552 -0.3162654638290405 0.06466635316610336 0.02634350210428238 0.9975591897964478 15.907211303710938
0.9960784912109375 0.0019734730012714863 -0.08845242857933044 0.023731255903840065 -0.004158300347626209 0.9996906518936157 -0.024523133412003517 -0.324768990278244 0.08837666362524033 0.024794775992631912 0.995778501033783 16.109603881835938
0.9933823943138123 0.003157326253131032 -0.11481065303087234 -0.029382934793829918 -0.005827462300658226 0.9997200965881348 -0.022928662598133087 -0.33032625913619995 0.1147061213850975 0.023445984348654747 0.9931227564811707 16.32370948791504
0.9894363284111023 0.004349017981439829 -0.14490269124507904 -0.09627826511859894 -0.00741072790697217 0.9997604489326477 -0.02059635892510414 -0.33961454033851624 0.14477840065956116 0.02145261876285076 0.989231526851654 16.550960540771484
0.984002947807312 0.004603669047355652 -0.17809247970581055 -0.17218132317066193 -0.00781607162207365 0.9998190402984619 -0.017340440303087234 -0.34091806411743164 0.17798040807247162 0.018455026671290398 0.983860969543457 16.806583404541016
0.9767023921012878 0.00569454301148653 -0.21452274918556213 -0.2650931477546692 -0.008752989582717419 0.9998731017112732 -0.013309752568602562 -0.3485298156738281 0.21441973745822906 0.014877380803227425 0.976628303527832 17.05301284790039
0.9670724868774414 0.007110388018190861 -0.2544020116329193 -0.367992103099823 -0.0094345323741436 0.9999240636825562 -0.007916705682873726 -0.35400673747062683 0.25432640314102173 0.010056192986667156 0.9670661687850952 17.307037353515625
0.9552255272865295 0.010822653770446777 -0.2956807315349579 -0.49924102425575256 -0.012279331684112549 0.9999200105667114 -0.003070015925914049 -0.35715457797050476 0.2956238090991974 0.006563320755958557 0.9552819132804871 17.59125328063965
0.9411032795906067 0.014176731929183006 -0.33782199025154114 -0.6375671625137329 -0.01458350196480751 0.9998927116394043 0.001333929947577417 -0.36160528659820557 0.3378047049045563 0.0036712612491101027 0.9412091374397278 17.864154815673828
0.9243600964546204 0.01652050018310547 -0.3811632990837097 -0.7876549959182739 -0.014967711642384529 0.9998632073402405 0.007038152776658535 -0.364404559135437 0.38122737407684326 -0.0008006460266187787 0.9244809746742249 18.138134002685547
0.9049900770187378 0.02033412456512451 -0.42494651675224304 -0.9495912790298462 -0.015473956242203712 0.9997694492340088 0.014885781332850456 -0.37294456362724304 0.4251512289047241 -0.006895878817886114 0.9050961136817932 18.41766929626465
0.8833006024360657 0.02440718561410904 -0.46817126870155334 -1.126682162284851 -0.016325905919075012 0.999639630317688 0.021312087774276733 -0.37040436267852783 0.46852269768714905 -0.011181660927832127 0.8833807110786438 18.677753448486328
0.8585082292556763 0.029988737776875496 -0.5119221806526184 -1.3351885080337524 -0.01938997209072113 0.9994730353355408 0.02603224664926529 -0.3716215491294861 0.5124331116676331 -0.012422739528119564 0.858637273311615 18.952713012695312
0.8305948972702026 0.03332142531871796 -0.5558792948722839 -1.5596063137054443 -0.02029208466410637 0.9993563294410706 0.029584616422653198 -0.3714655041694641 0.5565072894096375 -0.013292881660163403 0.8307363390922546 19.221586227416992
0.7997148036956787 0.037032607942819595 -0.5992368459701538 -1.8097121715545654 -0.02268512360751629 0.9992470145225525 0.03147852048277855 -0.3671284317970276 0.5999513268470764 -0.011580074205994606 0.7999526262283325 19.485158920288086
0.7654702663421631 0.04026108235120773 -0.6422105431556702 -2.076880931854248 -0.02348058484494686 0.9991236925125122 0.03464924916625023 -0.36148813366889954 0.6430427432060242 -0.011443489231169224 0.7657447457313538 19.761945724487305
0.7290505766868591 0.04415068030357361 -0.6830344200134277 -2.3963592052459717 -0.024822255596518517 0.99896639585495 0.03807768225669861 -0.34334439039230347 0.6840096116065979 -0.01080609392374754 0.729392945766449 20.03285789489746
0.690028965473175 0.04420051351189613 -0.7224307656288147 -2.7276418209075928 -0.021819600835442543 0.9989502429962158 0.04027784243226051 -0.319606751203537 0.7234526872634888 -0.012029735371470451 0.6902691125869751 20.303340911865234
0.6487228274345398 0.04400685429573059 -0.7597513198852539 -3.0758280754089355 -0.01919703744351864 0.998955249786377 0.04147057607769966 -0.3054606020450592 0.7607825398445129 -0.012317932210862637 0.6488898992538452 20.565990447998047
0.6066069006919861 0.04283279925584793 -0.7938472032546997 -3.4580764770507812 -0.01358626876026392 0.9989602565765381 0.04351812228560448 -0.2946508824825287 0.7948859333992004 -0.01561297383159399 0.606558084487915 20.807872772216797
0.5615259408950806 0.042864181101322174 -0.8263481259346008 -3.866389513015747 -0.008796070702373981 0.9989100694656372 0.045838113874197006 -0.2782965898513794 0.8274123668670654 -0.018470674753189087 0.561290979385376 21.057207107543945
0.5161696076393127 0.04440867900848389 -0.8553342819213867 -4.27949333190918 -0.006638324353843927 0.9988322854042053 0.0478530079126358 -0.26219314336776733 0.8564605712890625 -0.01902228780090809 0.5158617496490479 21.244873046875
0.4661601781845093 0.04389512166380882 -0.883610725402832 -4.735073566436768 -0.005462657194584608 0.9988921284675598 0.046740055084228516 -0.2384631633758545 0.8846834301948547 -0.016961492598056793 0.4658835232257843 21.444063186645508
0.41410908102989197 0.04307756945490837 -0.9092074036598206 -5.2219767570495605 2.7888434487977065e-05 0.9988788962364197 0.04733884334564209 -0.22076918184757233 0.9102272987365723 -0.019628800451755524 0.41364362835884094 21.6319637298584
0.359122097492218 0.041862960904836655 -0.932351291179657 -5.73169469833374 0.005095872562378645 0.9988906383514404 0.04681342840194702 -0.19536034762859344 0.9332767724990845 -0.021562879905104637 0.358510285615921 21.81947898864746
0.30621838569641113 0.040734969079494476 -0.9510893821716309 -6.243154525756836 0.007867831736803055 0.9989416599273682 0.04531765729188919 -0.17183926701545715 0.9519287943840027 -0.021360106766223907 0.30557379126548767 21.942934036254883
0.25298041105270386 0.04618457704782486 -0.9663683772087097 -6.802999019622803 0.008662783540785313 0.9987117648124695 0.049998119473457336 -0.13880325853824615 0.9674326181411743 -0.021019982174038887 0.2522544264793396 22.04987907409668
0.20124459266662598 0.05170082673430443 -0.978175699710846 -7.398169994354248 0.011145282536745071 0.9984205961227417 0.05506383627653122 -0.114473357796669 0.97947758436203 -0.02198334038257599 0.20035050809383392 22.14376449584961
0.15347494184970856 0.05276104807853699 -0.9867429733276367 -7.984653949737549 0.016840104013681412 0.9982888698577881 0.055997662246227264 -0.08808425068855286 0.988008975982666 -0.025211092084646225 0.15232381224632263 22.208120346069336
0.10900857299566269 0.05429942533373833 -0.992556631565094 -8.602692604064941 0.019584929570555687 0.9981958270072937 0.05675886198878288 -0.06775984913110733 0.9938478469848633 -0.025626353919506073 0.10774844884872437 22.25279998779297
0.06910628825426102 0.05256917327642441 -0.9962232708930969 -9.23729133605957 0.019071228802204132 0.9983584880828857 0.05400478467345238 -0.03850232809782028 0.9974269866943359 -0.022731272503733635 0.06799032539129257 22.26059341430664
0.03338037058711052 0.04815220832824707 -0.9982820749282837 -9.876419067382812 0.016846615821123123 0.9986696839332581 0.04873422160744667 -0.00521938968449831 0.9993006587028503 -0.018444443121552467 0.03252476826310158 22.261302947998047
0.005165844690054655 0.04798457771539688 -0.9988347291946411 -10.55177116394043 0.014480582438409328 0.9987397193908691 0.04805491119623184 0.03125663101673126 0.9998818039894104 -0.014711951836943626 0.004464490804821253 22.236963272094727
-0.01621413044631481 0.05228876322507858 -0.9985002875328064 -11.251453399658203 0.01336138416081667 0.9985539317131042 0.05207459256052971 0.06063437834382057 0.9997792840003967 -0.012497003190219402 -0.016889331862330437 22.214929580688477
-0.029055941849946976 0.05823830887675285 -0.9978797435760498 -11.975668907165527 0.014828507788479328 0.9982165098190308 0.05782619118690491 0.09486852586269379 0.9994678497314453 -0.013116872869431973 -0.029867710545659065 22.1816349029541
-0.03717275336384773 0.0609767809510231 -0.9974467754364014 -12.720197677612305 0.014542033895850182 0.9980639219284058 0.06047255918383598 0.12697122991085052 0.9992030262947083 -0.012256973423063755 -0.03798751160502434 22.150421142578125
-0.040641311556100845 0.058167602866888046 -0.997479259967804 -13.480889320373535 0.015476575121283531 0.9982209205627441 0.05758026987314224 0.1619279384613037 0.9990538954734802 -0.013097425922751427 -0.04146924242377281 22.111116409301758
-0.0400383397936821 0.054346662014722824 -0.9977191686630249 -14.261658668518066 0.023067481815814972 0.9983038306236267 0.053452830761671066 0.19793178141117096 0.9989318251609802 -0.02087470144033432 -0.041224073618650436 22.085092544555664
-0.035812415182590485 0.05255085602402687 -0.9979758858680725 -15.069217681884766 0.03474273905158043 0.9980782270431519 0.051309507340192795 0.24326187372207642 0.9987543821334839 -0.032834891229867935 -0.037569351494312286 22.069894790649414
-0.03006209433078766 0.052599139511585236 -0.998163104057312 -15.893667221069336 0.035231221467256546 0.9980496168136597 0.0515320859849453 0.2811860740184784 0.9989268779754639 -0.03361734375357628 -0.03185659274458885 22.046022415161133
-0.025096246972680092 0.05144624784588814 -0.9983603358268738 -16.75062370300293 0.0333096943795681 0.9981634020805359 0.05059877038002014 0.3100762367248535 0.9991298913955688 -0.031985241919755936 -0.026763813570141792 22.020448684692383
-0.022083705291152 0.04474925622344017 -0.9987541437149048 -17.62479019165039 0.03692617267370224 0.998352587223053 0.043914780020713806 0.35199546813964844 0.9990739822387695 -0.035910364240407944 -0.023699741810560226 22.012361526489258
-0.019904403015971184 0.034167662262916565 -0.9992178678512573 -18.499359130859375 0.03475392609834671 0.998835563659668 0.0334622897207737 0.38274285197257996 0.9991976618766785 -0.03406069055199623 -0.02106868475675583 21.990407943725586
-0.01932351104915142 0.025805244222283363 -0.9994801878929138 -19.399534225463867 0.027020229026675224 0.9993152618408203 0.025278586894273758 0.40771356225013733 0.9994481205940247 -0.02651771530508995 -0.02000753954052925 21.957624435424805
-0.020682839676737785 0.022893810644745827 -0.999523937702179 -20.323938369750977 0.021482521668076515 0.9995172023773193 0.022449122741818428 0.434585839509964 0.999555230140686 -0.02100798487663269 -0.021164672449231148 21.926118850708008
-0.024083908647298813 0.029163353145122528 -0.9992844462394714 -21.279733657836914 0.012195941992104053 0.9995086193084717 0.028875958174467087 0.45041167736053467 0.9996355175971985 -0.011491771787405014 -0.0244277473539114 21.882789611816406
-0.029216423630714417 0.03741457685828209 -0.9988726377487183 -22.24652099609375 0.007696866057813168 0.9992780685424805 0.03720463439822197 0.47469377517700195 0.9995434284210205 -0.006601203698664904 -0.029483309015631676 21.837547302246094
-0.03345179930329323 0.04710400477051735 -0.9983296990394592 -23.214258193969727 0.0063583762384951115 0.998878538608551 0.04691684618592262 0.5073694586753845 0.9994200468063354 -0.0047783032059669495 -0.03371379151940346 21.790464401245117
-0.03533297777175903 0.05684527009725571 -0.9977575540542603 -24.25389862060547 0.004639056045562029 0.9983794689178467 0.0567164309322834 0.5498336553573608 0.9993648529052734 -0.002624692628160119 -0.035539429634809494 21.754236221313477
-0.036391668021678925 0.06470730900764465 -0.997240424156189 -25.273517608642578 0.0066375466994941235 0.9978950619697571 0.06450757384300232 0.5954943299293518 0.999315619468689 -0.004271692596375942 -0.03674456477165222 21.71658706665039
-0.038101810961961746 0.06541962921619415 -0.9971300959587097 -26.304336547851562 0.007746053393930197 0.9978440403938293 0.06517048180103302 0.6502252221107483 0.9992438554763794 -0.00524070905521512 -0.03852640837430954 21.677261352539062
-0.039489272981882095 0.06265970319509506 -0.99725341796875 -27.295442581176758 0.006282153073698282 0.9980277419090271 0.06245958060026169 0.699918270111084 0.9992002248764038 -0.0037984149530529976 -0.03980502486228943 21.628080368041992
-0.04213995486497879 0.057640086859464645 -0.9974476099014282 -28.31475257873535 0.005719715263694525 0.9983319640159607 0.05744953826069832 0.7492725849151611 0.9990952610969543 -0.0032841952051967382 -0.04239935055375099 21.57684898376465
-0.04666662961244583 0.052533410489559174 -0.9975281953811646 -29.34328269958496 0.0058751218020915985 0.9986133575439453 0.05231569707393646 0.7917500138282776 0.9988932609558105 -0.003419202519580722 -0.04691055789589882 21.521892547607422
-0.052260689437389374 0.04803384467959404 -0.9974775910377502 -30.360437393188477 0.006083956453949213 0.998839259147644 0.04778066650032997 0.8318225145339966 0.9986149668693542 -0.00357155897654593 -0.05249226465821266 21.46135711669922
-0.05868971720337868 0.04612089693546295 -0.9972103238105774 -31.38320541381836 0.005124223884195089 0.998932957649231 0.04589898884296417 0.872003436088562 0.9982631802558899 -0.0024161303881555796 -0.05886342376470566 21.382293701171875
-0.06581256538629532 0.04842553287744522 -0.9966563582420349 -32.433589935302734 0.005540748592466116 0.9988240003585815 0.048164986073970795 0.914592444896698 0.9978166222572327 -0.0023523597046732903 -0.06600349396467209 21.31638526916504
-0.07207752764225006 0.053238607943058014 -0.9959771633148193 -33.50259780883789 0.0038774562999606133 0.9985818266868591 0.053097229450941086 0.9559325575828552 0.9973914623260498 -3.474041659501381e-05 -0.07218173891305923 21.230670928955078
-0.0782204121351242 0.05618389695882797 -0.9953516721725464 -34.564998626708984 0.0011309372493997216 0.9984149932861328 0.05626793950796127 0.9988670945167542 0.9969353675842285 0.003275621449574828 -0.07815998047590256 21.138343811035156
-0.08284004032611847 0.058361031115055084 -0.9948524832725525 -35.63862228393555 -0.0021115606650710106 0.9982711672782898 0.05873740464448929 1.0484814643859863 0.9965605735778809 0.0069665005430579185 -0.08257358521223068 21.038251876831055
-0.08535997569561005 0.0599299781024456 -0.9945461750030518 -36.71773910522461 -0.006734076887369156 0.9981318116188049 0.06072401627898216 1.0927326679229736 0.9963273406028748 0.011880750767886639 -0.08479693531990051 20.9300537109375
-0.0871797576546669 0.060847047716379166 -0.9943325519561768 -37.783653259277344 -0.010746563784778118 0.9980173707008362 0.06201475113630295 1.1506370306015015 0.9961346387863159 0.0160920899361372 -0.08635300397872925 20.830303192138672
-0.08844313770532608 0.06015807390213013 -0.9942628741264343 -38.86029052734375 -0.011457047425210476 0.9980470538139343 0.061406176537275314 1.206640362739563 0.9960153102874756 0.016822274774312973 -0.08758116513490677 20.722070693969727
-0.0895823985338211 0.059738729149103165 -0.9941862225532532 -39.95111846923828 -0.012310913763940334 0.9980570077896118 0.06108060106635094 1.2513558864593506 0.9959033131599426 0.017711089923977852 -0.08867288380861282 20.612842559814453
-0.09077515453100204 0.058911483734846115 -0.9941273927688599 -41.01993942260742 -0.01327172014862299 0.998088538646698 0.06035808101296425 1.3017287254333496 0.9957829117774963 0.018672795966267586 -0.08981979638338089 20.507699966430664
-0.09183916449546814 0.057963285595178604 -0.9940853714942932 -42.10848617553711 -0.015572921372950077 0.998098611831665 0.059636007994413376 1.3569767475128174 0.9956520795822144 0.020957736298441887 -0.09076189994812012 20.39792251586914
-0.0923314318060875 0.05554402992129326 -0.9941778779029846 -43.18939971923828 -0.020144283771514893 0.998134434223175 0.05763590708374977 1.402282476425171 0.9955244660377502 0.025348607450723648 -0.09104028344154358 20.283960342407227
-0.09259576350450516 0.050548020750284195 -0.9944198727607727 -44.276241302490234 -0.024864191189408302 0.9982817769050598 0.05305956304073334 1.4511994123458862 0.9953932762145996 0.029638536274433136 -0.09117982536554337 20.174604415893555
-0.09176862984895706 0.05011657625436783 -0.9945183992385864 -45.38560104370117 -0.02667076140642166 0.9982507228851318 0.05276569351553917 1.4913239479064941 0.9954231381416321 0.03136680647730827 -0.09027143567800522 20.061140060424805
-0.09014876931905746 0.05398958921432495 -0.9944638609886169 -46.496055603027344 -0.02742712013423443 0.9980162382125854 0.05666873976588249 1.5394200086593628 0.9955506324768066 0.03238390013575554 -0.08848915994167328 19.956796646118164
-0.08816224336624146 0.05745207518339157 -0.9944478273391724 -47.592041015625 -0.02742435596883297 0.9978169798851013 0.06007799878716469 1.5807247161865234 0.9957285523414612 0.032568711787462234 -0.08639417588710785 19.85233497619629
-0.08666906505823135 0.057174354791641235 -0.9945951700210571 -48.72720718383789 -0.025700820609927177 0.9978912472724915 0.05960340052843094 1.6356289386749268 0.9959055781364441 0.030727682635188103 -0.0850168764591217 19.749740600585938
-0.08428599685430527 0.05620253458619118 -0.9948554039001465 -49.83619689941406 -0.025484692305326462 0.9979598522186279 0.05853703245520592 1.687887191772461 0.9961156845092773 0.030287431553006172 -0.08268174529075623 19.653837203979492
-0.08011430501937866 0.05634897202253342 -0.9951916337013245 -50.97330093383789 -0.030000681057572365 0.9978122115135193 0.05891244858503342 1.7476189136505127 0.9963341355323792 0.03457615524530411 -0.078248530626297 19.55044937133789
-0.07409977167844772 0.05721500515937805 -0.9956081509590149 -52.097450256347656 -0.03512158617377281 0.9975837469100952 0.059942517429590225 1.8012157678604126 0.9966322183609009 0.03940906748175621 -0.07191125303506851 19.449535369873047
-0.0681280568242073 0.0567951463162899 -0.9960586428642273 -53.220733642578125 -0.03916412591934204 0.9974566102027893 0.059553585946559906 1.8538761138916016 0.9969075918197632 0.04306703805923462 -0.06573044508695602 19.355098724365234
-0.06242571026086807 0.05607593432068825 -0.9964730143547058 -54.37044143676758 -0.04047296196222305 0.9974567294120789 0.05866680666804314 1.9070160388946533 0.9972286224365234 0.0439925342798233 -0.059997398406267166 19.278430938720703
-0.05675685033202171 0.05518174171447754 -0.9968618154525757 -55.50843811035156 -0.03997579962015152 0.997545063495636 0.0574956014752388 1.9622218608856201 0.9975873827934265 0.043113622814416885 -0.05441158264875412 19.212385177612305
-0.05126043036580086 0.05461990460753441 -0.9971905946731567 -56.652530670166016 -0.03874120116233826 0.9976429343223572 0.05663616210222244 2.0156633853912354 0.9979336261749268 0.041535552591085434 -0.049023572355508804 19.14369773864746
-0.04561863839626312 0.05555921792984009 -0.9974128007888794 -57.79094314575195 -0.03757124021649361 0.9976503849029541 0.05729084461927414 2.062776565551758 0.9982522130012512 0.040087562054395676 -0.04342402517795563 19.087556838989258
-0.039847616106271744 0.0567907877266407 -0.9975906014442444 -58.95347213745117 -0.03672530874609947 0.9976256489753723 0.05825973302125931 2.1183786392211914 0.9985306262969971 0.03895832970738411 -0.03766734525561333 19.03736114501953
-0.034585967659950256 0.058057934045791626 -0.9977139830589294 -60.10895919799805 -0.037253957241773605 0.9975425004959106 0.05933937057852745 2.1711881160736084 0.998707115650177 0.03922110050916672 -0.032338082790374756 18.99812889099121
-0.02928134612739086 0.057253167033195496 -0.9979301691055298 -61.27793884277344 -0.03693915531039238 0.9976143836975098 0.058318912982940674 2.2210705280303955 0.9988884329795837 0.0385703518986702 -0.02709660306572914 18.963346481323242
-0.024679213762283325 0.05283098295331001 -0.9982984066009521 -62.432220458984375 -0.036962009966373444 0.9978715777397156 0.053722139447927475 2.265436887741089 0.9990118741989136 0.03822493925690651 -0.0226739514619112 18.932886123657227
-0.020462898537516594 0.047486189752817154 -0.9986622929573059 -63.58419418334961 -0.036900267004966736 0.9981550574302673 0.048218172043561935 2.3099365234375 0.9991094470024109 0.03783758729696274 -0.018672890961170197 18.91034507751465
-0.016313252970576286 0.047462355345487595 -0.9987397789955139 -64.77233123779297 -0.03653590381145477 0.9981773495674133 0.04803239554166794 2.345244884490967 0.9991991519927979 0.03727342560887337 -0.01454943884164095 18.87419891357422
-0.0137495007365942 0.05011139437556267 -0.998649001121521 -65.95547485351562 -0.03574243187904358 0.9980804920196533 0.05057497322559357 2.378401517868042 0.9992663860321045 0.03638952225446701 -0.011932006105780602 18.87456512451172
-0.011263178661465645 0.049831315875053406 -0.9986941814422607 -67.12242889404297 -0.03638864681124687 0.998075544834137 0.05021083354949951 2.4219810962677 0.9992743134498596 0.036906659603118896 -0.009428209625184536 18.8480224609375
-0.010688437148928642 0.04959538206458092 -0.9987122416496277 -68.28343200683594 -0.038191378116607666 0.9980202913284302 0.04996975511312485 2.466623306274414 0.9992132782936096 0.038676295429468155 -0.00877316202968359 18.836719512939453
-0.009449871256947517 0.05063842982053757 -0.998672366142273 -69.47351837158203 -0.03912294656038284 0.9979333877563477 0.05097118392586708 2.5063202381134033 0.9991897344589233 0.03955267369747162 -0.007449217606335878 18.81051254272461
-0.008049785159528255 0.049819860607385635 -0.9987257719039917 -70.65348052978516 -0.039716482162475586 0.9979541301727295 0.05010148882865906 2.551837682723999 0.9991786479949951 0.040069181472063065 -0.006054645404219627 18.792354583740234
-0.006663498003035784 0.04802705720067024 -0.9988238215446472 -71.82023620605469 -0.039997607469558716 0.998033881187439 0.04825591295957565 2.591064691543579 0.9991775751113892 0.04027211666107178 -0.004729429725557566 18.770124435424805
-0.006403427571058273 0.047031376510858536 -0.9988728761672974 -73.0226058959961 -0.03825210779905319 0.9981507062911987 0.04724259302020073 2.628671884536743 0.9992476105690002 0.038511503487825394 -0.004592536482959986 18.767240524291992
-0.00544981611892581 0.04610982537269592 -0.9989215135574341 -74.20927429199219 -0.03534757345914841 0.998303234577179 0.04627412557601929 2.675649642944336 0.999360203742981 0.035561639815568924 -0.003810698399320245 18.75398063659668
-0.005755372811108828 0.047647058963775635 -0.9988476634025574 -75.38603973388672 -0.03275914490222931 0.9983190298080444 0.04781060665845871 2.7034807205200195 0.99944669008255 0.03299655020236969 -0.004184821620583534 18.753299713134766
-0.005817986559122801 0.050376296043395996 -0.9987133741378784 -76.57331085205078 -0.03256460279226303 0.9981909990310669 0.05053964629769325 2.744051456451416 0.9994527101516724 0.03281673789024353 -0.004166977945715189 18.74262237548828
-0.00547417439520359 0.053868405520915985 -0.9985330700874329 -77.75182342529297 -0.03478845953941345 0.9979332685470581 0.0540267713367939 2.7854204177856445 0.9993797540664673 0.035033173859119415 -0.003588862018659711 18.734825134277344
-0.005095092114061117 0.05402278155088425 -0.9985266923904419 -78.94869232177734 -0.036638423800468445 0.9978591203689575 0.054173607379198074 2.8324551582336426 0.999315619468689 0.03686045482754707 -0.003104875097051263 18.722631454467773
-0.004874983336776495 0.05178467929363251 -0.9986463785171509 -80.12629699707031 -0.037779130041599274 0.9979357123374939 0.05193224921822548 2.8785886764526367 0.9992742538452148 0.03798115998506546 -0.0029085404239594936 18.712282180786133
-0.004471393767744303 0.049621663987636566 -0.9987580180168152 -81.31031799316406 -0.037536293268203735 0.9980557560920715 0.04975481703877449 2.9162845611572266 0.9992852210998535 0.03771214559674263 -0.002600087784230709 18.694677352905273
-0.0051322998479008675 0.049306705594062805 -0.9987704753875732 -82.48212432861328 -0.03549978509545326 0.9981451034545898 0.04945824295282364 2.949326515197754 0.9993565082550049 0.03570997342467308 -0.003372402396053076 18.699827194213867
-0.00481055211275816 0.05043921619653702 -0.9987155199050903 -83.65541076660156 -0.034371618181467056 0.9981285333633423 0.0505751334130764 2.9925079345703125 0.9993975758552551 0.03457076475024223 -0.003067871555685997 18.690290451049805
-0.004173661582171917 0.053212832659482956 -0.9985744953155518 -84.84075164794922 -0.033342648297548294 0.9980204701423645 0.053322672843933105 3.0356316566467285 0.9994352459907532 0.03351766616106033 -0.00239114323630929 18.67340660095215
-0.004085324704647064 0.055762309581041336 -0.9984356760978699 -86.00584411621094 -0.034044601023197174 0.9978575110435486 0.055869318544864655 3.0738954544067383 0.9994118809700012 0.034219592809677124 -0.0021781662944704294 18.66962432861328
-0.0037384547758847475 0.05589640513062477 -0.9984295964241028 -87.16864013671875 -0.03551340848207474 0.9977993965148926 0.05599408969283104 3.1190385818481445 0.9993622303009033 0.035666972398757935 -0.0017451560124754906 18.65605354309082
-0.003919446375221014 0.05404330790042877 -0.998530924320221 -88.34330749511719 -0.03504597023129463 0.9979177713394165 0.05414767190814018 3.159290075302124 0.999377965927124 0.035206712782382965 -0.002017285441979766 18.649126052856445
-0.0033625129144638777 0.0523906908929348 -0.9986209869384766 -89.51444244384766 -0.03420506417751312 0.9980362057685852 0.052475184202194214 3.2055962085723877 0.9994091987609863 0.03433433920145035 -0.0015638828044757247 18.644052505493164
-0.0032586692832410336 0.053594838827848434 -0.998557448387146 -90.67573547363281 -0.0325627401471138 0.9980274438858032 0.053672660142183304 3.245588541030884 0.9994643926620483 0.032690662890672684 -0.001507046865299344 18.635921478271484
-0.002932414412498474 0.05619329214096069 -0.9984155297279358 -91.85073852539062 -0.030566835775971413 0.997948408126831 0.05625675991177559 3.2968170642852783 0.9995284676551819 0.030683377757668495 -0.0012087473878636956 18.623964309692383
-0.003183097578585148 0.05879949405789375 -0.998264729976654 -93.00994873046875 -0.028524676337838173 0.9978581666946411 0.058866508305072784 3.340008497238159 0.9995880126953125 0.028662558645009995 -0.0014990434283390641 18.630184173583984
-0.00296123418956995 0.06094062328338623 -0.9981369972229004 -94.17987823486328 -0.029144803062081337 0.9977120757102966 0.06100115180015564 3.3838722705841064 0.9995707273483276 0.029271146282553673 -0.0011783563531935215 18.62249755859375
-0.0025669559836387634 0.06230287626385689 -0.998054027557373 -95.34172821044922 -0.03197816014289856 0.997541606426239 0.06235316023230553 3.4427428245544434 0.9994853138923645 0.03207598999142647 -0.0005683139315806329 18.608613967895508
-0.001761972438544035 0.061873748898506165 -0.9980823993682861 -96.49580383300781 -0.033876627683639526 0.9975073337554932 0.06189791113138199 3.485708475112915 0.999424397945404 0.03392073139548302 0.00033849364263005555 18.595773696899414
-0.001878932467661798 0.05735159292817116 -0.9983522295951843 -97.64815521240234 -0.036158062517642975 0.9976972341537476 0.05738202854990959 3.541715383529663 0.9993442893028259 0.03620629012584686 0.00019911673734895885 18.584373474121094
-0.0013736779801547527 0.0557728037238121 -0.9984424710273743 -98.80560302734375 -0.03756384551525116 0.9977360367774963 0.05578501150012016 3.589031457901001 0.999293327331543 0.037581972777843475 0.0007244731532409787 18.571557998657227
-0.00142235541716218 0.054430849850177765 -0.9985164999961853 -99.96827697753906 -0.0367899090051651 0.9978386759757996 0.05444630980491638 3.6248178482055664 0.9993219971656799 0.03681277856230736 0.000583224929869175 18.57144546508789
-0.0013832440599799156 0.05505593866109848 -0.9984822869300842 -101.13673400878906 -0.03564218431711197 0.9978461265563965 0.05507023259997368 3.669611930847168 0.9993637204170227 0.035664260387420654 0.0005820489022880793 18.572711944580078
-0.0012853564694523811 0.05684468150138855 -0.9983821511268616 -102.27812957763672 -0.0358862541615963 0.9977373480796814 0.05685416981577873 3.7161448001861572 0.9993550181388855 0.035901281982660294 0.0007574943592771888 18.560741424560547
