1.0 0.0 0.0 0.0 0.0 1.0 0.0 0.0 0.0 0.0 1.0 0.0
0.999933660030365 -0.002522059017792344 0.011241273954510689 0.01572200283408165 0.0025105660315603018 0.9999963045120239 0.001036386820487678 -0.004181026481091976 -0.011243846267461777 -0.0010080960346385837 0.9999362826347351 0.2954202890396118
0.9998286962509155 -0.004533815197646618 0.017943361774086952 0.025982700288295746 0.00451319757848978 0.9999890923500061 0.0011893826304003596 -0.008821338415145874 -0.017948558554053307 -0.0011081970296800137 0.9998382925987244 0.5823141932487488
0.9997761845588684 -0.00748297106474638 0.019789056852459908 0.03816438093781471 0.007484062574803829 0.9999719858169556 1.889566374302376e-05 -0.01298804022371769 -0.019788645207881927 0.00012921111192554235 0.9998041987419128 0.8880707621574402
0.9998149871826172 -0.008615182712674141 0.017198951914906502 0.0491136871278286 0.008647453971207142 0.9999609589576721 -0.0018028735648840666 -0.009863062761723995 -0.01718274876475334 0.001951267127878964 0.9998504519462585 1.2028307914733887
0.9998856782913208 -0.011495589278638363 0.009823424741625786 0.059958502650260925 0.011528518982231617 0.9999281167984009 -0.003302079625427723 -0.011113656684756279 -0.009784759022295475 0.0034149514976888895 0.9999462962150574 1.522021770477295
0.9999130368232727 -0.013034757226705551 -0.0019983546808362007 0.05750150978565216 0.0130231324583292 0.9998987317085266 -0.005723430775105953 -0.00833394005894661 0.0020727559458464384 0.005696907173842192 0.9999816417694092 1.862015724182129
0.9997503757476807 -0.012269651517271996 -0.01867285929620266 0.03944629430770874 0.01215840969234705 0.9999077320098877 -0.006059307139366865 -0.011574815958738327 0.018745485693216324 0.005830760113894939 0.9998072981834412 2.2013328075408936
0.9992303848266602 -0.007711205631494522 -0.03846091032028198 0.011275485157966614 0.007495775353163481 0.9999553561210632 -0.005742325447499752 -0.02097466215491295 0.03850347548723221 0.005449611693620682 0.9992436766624451 2.5401649475097656
0.9983066320419312 -0.004243217408657074 -0.05801808834075928 -0.0335373729467392 0.0038350492250174284 0.9999670386314392 -0.007144737523049116 -0.02255907654762268 0.058046504855155945 0.0069101364351809025 0.998289942741394 2.8955752849578857
0.9969075322151184 -0.004023604094982147 -0.07848042249679565 -0.07324443757534027 0.003431042656302452 0.9999645948410034 -0.007683812640607357 -0.025831900537014008 0.07850855588912964 0.007390781305730343 0.9968859553337097 3.260157346725464
0.9949954152107239 -0.005408630706369877 -0.09977494925260544 -0.11838343739509583 0.004686419386416674 0.9999610781669617 -0.007471353281289339 -0.02465854585170746 0.09981149435043335 0.006966375280171633 0.9949818849563599 3.6330552101135254
0.9928746819496155 -0.007189037743955851 -0.11894567310810089 -0.18427115678787231 0.006515265442430973 0.9999604225158691 -0.006052429787814617 -0.03844979405403137 0.11898449063301086 0.005234342534095049 0.9928823113441467 4.016313076019287
0.9905571937561035 -0.005925820209085941 -0.1369723528623581 -0.25317105650901794 0.0051891678012907505 0.9999701976776123 -0.005734561942517757 -0.0408763512969017 0.13700222969055176 0.004969637840986252 0.9905582666397095 4.414286136627197
0.9882029294967651 -0.004848102573305368 -0.15307284891605377 -0.3250448703765869 0.004137830808758736 0.9999791979789734 -0.004958327393978834 -0.04917517676949501 0.15309369564056396 0.004266445059329271 0.9882024526596069 4.82138729095459
0.9860900044441223 -0.0037734045181423426 -0.16616934537887573 -0.41324859857559204 0.002974488539621234 0.9999827742576599 -0.005056444089859724 -0.055893056094646454 0.16618555784225464 0.004491840489208698 0.9860842823982239 5.243073463439941
0.9839263558387756 -0.005587776657193899 -0.17848771810531616 -0.49962544441223145 0.004587225615978241 0.999971330165863 -0.00601792149245739 -0.061560891568660736 0.1785162091255188 0.005102427676320076 0.9839237332344055 5.676739692687988
0.9820592403411865 -0.009326478466391563 -0.18834201991558075 -0.5873574018478394 0.00791955180466175 0.9999348521232605 -0.008221225813031197 -0.0695299431681633 0.18840642273426056 0.006582146510481834 0.9820690751075745 6.12846040725708
0.9805313348770142 -0.008328118361532688 -0.19618621468544006 -0.6862804889678955 0.006482354365289211 0.9999285340309143 -0.010048474185168743 -0.07801938056945801 0.1962558478116989 0.00858109537512064 0.9805152416229248 6.5853400230407715
0.9790689945220947 -0.007697874680161476 -0.2033829391002655 -0.7948722839355469 0.005396300461143255 0.9999150037765503 -0.011868596076965332 -0.08287222683429718 0.20345701277256012 0.010522658936679363 0.9790273308753967 7.048792839050293
0.9773367047309875 -0.008559208363294601 -0.21151748299598694 -0.9050055742263794 0.005539677105844021 0.9998742341995239 -0.014864024706184864 -0.09137943387031555 0.2116180807352066 0.013355420902371407 0.9772611856460571 7.530166149139404
0.9755986928939819 -0.012450844049453735 -0.21920789778232574 -1.0211799144744873 0.009031645022332668 0.9998215436935425 -0.016593193635344505 -0.10205347090959549 0.2193753868341446 0.014208490960299969 0.9755370020866394 8.028119087219238
0.9735950827598572 -0.018932467326521873 -0.2274954468011856 -1.1291319131851196 0.015203351154923439 0.9997199773788452 -0.018133362755179405 -0.111066535115242 0.22777505218982697 0.014195859432220459 0.9736102223396301 8.543831825256348
0.971589982509613 -0.019481297582387924 -0.23586736619472504 -1.253826379776001 0.015201871283352375 0.9996854066848755 -0.019948430359363556 -0.13399145007133484 0.23618179559707642 0.01579606905579567 0.9715805053710938 9.050053596496582
0.9694554805755615 -0.015508977696299553 -0.24477671086788177 -1.402583122253418 0.009748537093400955 0.9996467232704163 -0.024727530777454376 -0.14109736680984497 0.24507376551628113 0.021586023271083832 0.9692640900611877 9.576350212097168
0.9673399925231934 -0.012234151363372803 -0.2531871199607849 -1.563515067100525 0.005413074977695942 0.999603807926178 -0.027619976550340652 -0.15975168347358704 0.2534247636795044 0.025347385555505753 0.9670229554176331 10.118645668029785
0.9649165272712708 -0.014949273318052292 -0.2621311545372009 -1.7164095640182495 0.0073671480640769005 0.99952632188797 -0.029883921146392822 -0.17535383999347687 0.26245373487472534 0.026904325932264328 0.9645695090293884 10.694774627685547
0.9625359773635864 -0.018154539167881012 -0.2705453038215637 -1.8692437410354614 0.010017920285463333 0.9994558691978455 -0.0314256027340889 -0.19933010637760162 0.27096864581108093 0.02753797359764576 0.9621942043304443 11.251483917236328
0.9603080153465271 -0.017802244052290916 -0.27837294340133667 -2.045258045196533 0.008759377524256706 0.9993937015533447 -0.033694908022880554 -0.22311170399188995 0.2788040339946747 0.02991911582648754 0.9598819017410278 11.825106620788574
0.9580751061439514 -0.0166168250143528 -0.28603482246398926 -2.241450309753418 0.006146755535155535 0.9992790222167969 -0.0374632403254509 -0.24887414276599884 0.286451131105423 0.03413441777229309 0.9574865698814392 12.418861389160156
0.9557069540023804 -0.017402125522494316 -0.29380494356155396 -2.428129196166992 0.005109026096761227 0.999081015586853 -0.04255681484937668 -0.27912211418151855 0.2942754924297333 0.03917078301310539 0.9549176096916199 13.018699645996094
0.9538432359695435 -0.019422607496380806 -0.2996762692928314 -2.6189987659454346 0.004653523210436106 0.998742401599884 -0.04991871118545532 -0.31572484970092773 0.3002689778804779 0.0462200753390789 0.9527340531349182 13.620373725891113
0.9524429440498352 -0.020135991275310516 -0.30405083298683167 -2.823667526245117 0.0025487286038696766 0.9983057975769043 -0.058129601180553436 -0.35076743364334106 0.3047062158584595 0.054590191692113876 0.9508807063102722 14.241813659667969
0.9512086510658264 -0.019793927669525146 -0.3079127371311188 -3.0414462089538574 -0.000842275214381516 0.9977698922157288 -0.06674281507730484 -0.3935549855232239 0.30854713916778564 0.06374569237232208 0.9490706920623779 14.860427856445312
0.949958324432373 -0.019307084381580353 -0.3117794394493103 -3.266284942626953 -0.0044622961431741714 0.9971475601196289 -0.075344979763031 -0.4446747899055481 0.3123447895050049 0.0729658305644989 0.9471624493598938 15.500273704528809
0.9488374590873718 -0.018689759075641632 -0.3152114152908325 -3.500344753265381 -0.007681399583816528 0.9965851306915283 -0.08221255987882614 -0.4985409379005432 0.31567153334617615 0.0804276168346405 0.9454537630081177 16.14217758178711
0.94700688123703 -0.01669439859688282 -0.3207792341709137 -3.733419418334961 -0.012515131384134293 0.9959725737571716 -0.08878093957901001 -0.5610224008560181 0.32096949219703674 0.08809074759483337 0.9429839253425598 16.812061309814453
0.9455135464668274 -0.015689276158809662 -0.32520443201065063 -3.9773108959198 -0.016076160594820976 0.9953702092170715 -0.09476152807474136 -0.627044677734375 0.3251855969429016 0.0948263481259346 0.9408838152885437 17.463804244995117
0.9439572691917419 -0.014397261664271355 -0.3297536075115204 -4.236299514770508 -0.01976570300757885 0.9947896599769592 -0.10001473128795624 -0.6997072696685791 0.32947543263435364 0.1009274423122406 0.9387542605400085 18.14000701904297
0.9420834183692932 -0.01149467658251524 -0.33518150448799133 -4.4862542152404785 -0.024509044364094734 0.994380533695221 -0.10298793017864227 -0.7752145528793335 0.33448177576065063 0.10523819923400879 0.9365077614784241 18.83303451538086
0.9404000043869019 -0.01028217189013958 -0.3399147391319275 -4.75865364074707 -0.026894401758909225 0.994163453578949 -0.10447809845209122 -0.8520853519439697 0.33900508284568787 0.10739301890134811 0.9346347451210022 19.53343963623047
0.9379963874816895 -0.010084337554872036 -0.3464982509613037 -5.02141809463501 -0.027624957263469696 0.9942229390144348 -0.10371825844049454 -0.9338072538375854 0.34554246068000793 0.10685932636260986 0.9322990775108337 20.248003005981445
0.9357543587684631 -0.010010047815740108 -0.3525103032588959 -5.290623664855957 -0.027695367112755775 0.9944237470626831 -0.10175669938325882 -1.016502022743225 0.3515632450580597 0.1049821749329567 0.930259108543396 20.932233810424805
0.9333012104034424 -0.010429784655570984 -0.35894304513931274 -5.583778381347656 -0.027272168546915054 0.9946324229240417 -0.0998123437166214 -1.0989710092544556 0.35805749893188477 0.10294413566589355 0.9280071258544922 21.65298843383789
0.9300491809844971 -0.009333315305411816 -0.36731642484664917 -5.871747016906738 -0.028385810554027557 0.9948645830154419 -0.09715217351913452 -1.1758239269256592 0.366336852312088 0.10078287124633789 0.9250081777572632 22.37203598022461
0.9266377091407776 -0.007455841638147831 -0.375881552696228 -6.180614471435547 -0.0291045643389225 0.9953802227973938 -0.09149367362260818 -1.2533655166625977 0.37482720613479614 0.09572136402130127 0.9221398830413818 23.110387802124023
0.9232138395309448 -0.003938857465982437 -0.3842664361000061 -6.508131504058838 -0.03157251328229904 0.9957894682884216 -0.0860612690448761 -1.3376896381378174 0.38298749923706055 0.09158521145582199 0.9192022085189819 23.861148834228516
0.9195500612258911 -0.00014037115033715963 -0.39297303557395935 -6.838968276977539 -0.034900687634944916 0.9960193037986755 -0.0820227861404419 -1.4142334461212158 0.3914201855659485 0.08913909643888474 0.9158845543861389 24.612382888793945
0.9157552719116211 0.0010984099935740232 -0.40173494815826416 -7.184031963348389 -0.03645399212837219 0.996097981929779 -0.08037342876195908 -1.4870401620864868 0.4000791013240814 0.08824723213911057 0.912222146987915 25.36063575744629
0.9117885828018188 0.0011867014691233635 -0.41065797209739685 -7.530255317687988 -0.03721058741211891 0.9961208701133728 -0.07974052429199219 -1.5562784671783447 0.40897032618522644 0.08798734098672867 0.9082958102226257 26.100788116455078
0.9079874753952026 0.0015027823392301798 -0.4189947545528412 -7.897798538208008 -0.03785477951169014 0.9961982369422913 -0.07846060395240784 -1.6265428066253662 0.41728395223617554 0.08710219711065292 0.9045922756195068 26.872150421142578
0.9038867354393005 0.0019302163273096085 -0.42776766419410706 -8.285146713256836 -0.03856978192925453 0.996284544467926 -0.07700364291667938 -1.692336082458496 0.42602965235710144 0.0861014723777771 0.9006026387214661 27.668590545654297
0.9001731276512146 0.0014300430193543434 -0.4355299472808838 -8.64836311340332 -0.03758286312222481 0.9965195655822754 -0.0744059607386589 -1.7691341638565063 0.43390771746635437 0.08334668725728989 0.8970938920974731 28.410785675048828
0.8964052200317383 0.0016080404166132212 -0.44323259592056274 -9.046717643737793 -0.03645096346735954 0.9968734979629517 -0.0701027363538742 -1.8393919467926025 0.4417341649532318 0.07899671047925949 0.8936612606048584 29.201818466186523
0.8925565481185913 0.004103220067918301 -0.4509168267250061 -9.460929870605469 -0.03713485598564148 0.9972310066223145 -0.06443117558956146 -1.9077712297439575 0.44940385222435 0.07425319403409958 0.8902373909950256 29.997312545776367
0.8887566328048706 0.004298437852412462 -0.45835936069488525 -9.88511848449707 -0.0358082540333271 0.9975512623786926 -0.06007711589336395 -1.9728190898895264 0.45697876811027527 0.06980699300765991 0.886734127998352 30.804821014404297
0.8852246403694153 0.0031400788575410843 -0.46515315771102905 -10.321991920471191 -0.03435911238193512 0.9976869821548462 -0.05865319445729256 -2.028972864151001 0.4638930559158325 0.06790350377559662 0.8832849264144897 31.6075496673584
0.8817241191864014 0.0028653559274971485 -0.4717566967010498 -10.757238388061523 -0.03388339653611183 0.9977836012840271 -0.05726849287748337 -2.095484495162964 0.47054702043533325 0.06647973507642746 0.8798670172691345 32.43365478515625
0.8786073327064514 0.0035442770458757877 -0.47753190994262695 -11.21613597869873 -0.0340612530708313 0.9978907108306885 -0.05526261776685715 -2.1536221504211426 0.4763287901878357 0.06481947004795074 0.8768748641014099 33.26115036010742
0.8755417466163635 0.001473426353186369 -0.4831402599811554 -11.6754789352417 -0.03151769936084747 0.9980394244194031 -0.05407232418656349 -2.2053627967834473 0.48211339116096497 0.06257005035877228 0.8738716244697571 34.09223175048828
0.8729686141014099 0.000585180358029902 -0.4877760708332062 -12.175521850585938 -0.0308790635317564 0.9980596899986267 -0.054066628217697144 -2.2664926052093506 0.48679807782173157 0.06226053833961487 0.8712928891181946 34.9445686340332
0.8706105947494507 -0.0015827057650312781 -0.4919702708721161 -12.635627746582031 -0.029061952605843544 0.998083233833313 -0.05464012920856476 -2.3184380531311035 0.4911136329174042 0.06186789646744728 0.8688956499099731 35.790550231933594
0.8692340850830078 -0.0010672543430700898 -0.49439963698387146 -13.138113975524902 -0.030056672170758247 0.9980339407920837 -0.05499890074133873 -2.3781137466430664 0.49348628520965576 0.06266693025827408 0.8674929738044739 36.65652084350586
0.8686894774436951 -0.0012046402553096414 -0.4953555762767792 -13.638389587402344 -0.029467524960637093 0.9981004595756531 -0.054103512316942215 -2.4381322860717773 0.494479775428772 0.06159605458378792 0.867003858089447 37.521942138671875
0.8683918118476868 -0.0013512545265257359 -0.4958769679069519 -14.146831512451172 -0.02845512330532074 0.9982126951217651 -0.05255141481757164 -2.4979805946350098 0.4950616955757141 0.05974544212222099 0.8668013215065002 38.40946578979492
0.8682889342308044 -0.001993259647861123 -0.49605464935302734 -14.670087814331055 -0.027387849986553192 0.998274028301239 -0.051950711756944656 -2.560391426086426 0.4953020513057709 0.05869410187005997 0.8667357563972473 39.2891845703125
0.8675230145454407 -0.004306177143007517 -0.49737825989723206 -15.190805435180664 -0.02518841065466404 0.9982991218566895 -0.0525764524936676 -2.6226305961608887 0.49675872921943665 0.05813945457339287 0.8659390807151794 40.19859313964844
0.8664480447769165 -0.0068265581503510475 -0.4992205798625946 -15.721973419189453 -0.022610049694776535 0.9983440637588501 -0.05289382487535477 -2.6857852935791016 0.4987550973892212 0.057117145508527756 0.8648589849472046 41.1093635559082
0.8647052049636841 -0.007138162851333618 -0.5022290349006653 -16.263931274414062 -0.02156912535429001 0.99844890832901 -0.051327235996723175 -2.7417027950286865 0.50181645154953 0.05521556735038757 0.8632100224494934 42.04839324951172
0.8626915812492371 -0.006583517417311668 -0.5056875944137573 -16.806846618652344 -0.020009486004710197 0.9986879825592041 -0.04713757708668709 -2.8071255683898926 0.5053344368934631 0.05078374594449997 0.8614279627799988 42.96083450317383
0.8600105047225952 -0.006338392850011587 -0.5102370977401733 -17.359054565429688 -0.01822192221879959 0.9989035725593567 -0.04312208294868469 -2.8682422637939453 0.5099509954452515 0.04638294503092766 0.8589521050453186 43.87760543823242
0.8558852076530457 -0.006853144615888596 -0.5171204209327698 -17.929271697998047 -0.01673094928264618 0.9990218877792358 -0.040930915623903275 -2.9337918758392334 0.5168951749801636 0.04368407651782036 0.8549333214759827 44.807437896728516
0.850669801235199 -0.010351951234042645 -0.5255985856056213 -18.49561882019043 -0.014832181856036186 0.9989354610443115 -0.04368014633655548 -2.9872682094573975 0.5254911780357361 0.04495314881205559 0.8496106266975403 45.714847564697266
0.8445744514465332 -0.013698944821953773 -0.5352626442909241 -19.054885864257812 -0.013294876553118229 0.9988278746604919 -0.046540506184101105 -3.049844741821289 0.5352729558944702 0.04642317816615105 0.8434025645256042 46.602569580078125
0.8386284112930298 -0.013574113138020039 -0.5445346832275391 -19.642154693603516 -0.01350686326622963 0.9988638162612915 -0.0457012765109539 -3.1096725463867188 0.5445364117622375 0.045681338757276535 0.8374922871589661 47.488311767578125
0.8327019810676575 -0.009914310649037361 -0.5536324977874756 -20.237098693847656 -0.015138755552470684 0.9990583062171936 -0.04066063463687897 -3.1690359115600586 0.5535142421722412 0.04223950207233429 0.8317678570747375 48.373817443847656
0.8273664116859436 -0.005306461825966835 -0.5616375207901001 -20.841354370117188 -0.018345771357417107 0.9991664290428162 -0.036466069519519806 -3.222599983215332 0.5613629221916199 0.04047446697950363 0.8265794515609741 49.25824737548828
0.8234201669692993 -0.005331285763531923 -0.5674070119857788 -21.46487045288086 -0.01946195214986801 0.9991022348403931 -0.0376305915415287 -3.2790040969848633 0.5670982599258423 0.04202863574028015 0.8225771188735962 50.12985610961914
0.8199295401573181 -0.007528395392000675 -0.5724149346351624 -22.0736083984375 -0.020059261471033096 0.9989215731620789 -0.04187077283859253 -3.3362321853637695 0.5721129179000854 0.04581330344080925 0.8188943266868591 51.00634002685547
0.8171029686927795 -0.009638261049985886 -0.5764111876487732 -22.704151153564453 -0.022814633324742317 0.9985362887382507 -0.04903801530599594 -3.3922688961029053 0.5760401487350464 0.053219713270664215 0.8156871199607849 51.87244415283203
0.8137157559394836 -0.010741179808974266 -0.5811637043952942 -23.329696655273438 -0.023021092638373375 0.9984493851661682 -0.05068648234009743 -3.451605796813965 0.5808069705963135 0.05462341755628586 0.812206506729126 52.74885940551758
0.810480535030365 -0.009073023684322834 -0.5856953859329224 -23.968372344970703 -0.022253843024373055 0.998681366443634 -0.04626528173685074 -3.5181069374084473 0.5853428840637207 0.05053108185529709 0.8092097043991089 53.61189651489258
0.8072957396507263 -0.006501539144665003 -0.5901111364364624 -24.604656219482422 -0.022054962813854218 0.998908281326294 -0.04117752984166145 -3.577545166015625 0.589734673500061 0.046257324516773224 0.8062711954116821 54.476837158203125
0.804402768611908 -0.003946586046367884 -0.5940712094306946 -25.24597930908203 -0.02370472624897957 0.9989683628082275 -0.0387338325381279 -3.6248350143432617 0.5936112403869629 0.0452398918569088 0.8034793138504028 55.32362365722656
0.8012122511863708 -0.0037238376680761576 -0.5983686447143555 -25.89699935913086 -0.02497362345457077 0.9989012479782104 -0.03965601325035095 -3.671743392944336 0.5978589057922363 0.046716317534446716 0.8002389073371887 56.18427276611328
0.7975950837135315 -0.0052080899477005005 -0.6031707525253296 -26.557418823242188 -0.02440836653113365 0.9988650679588318 -0.04090080410242081 -3.72908878326416 0.6026991605758667 0.04734469950199127 0.7965625524520874 57.053001403808594
0.79341721534729 -0.00786927342414856 -0.608627200126648 -27.199684143066406 -0.023576194420456886 0.99876868724823 -0.04364798590540886 -3.7881898880004883 0.6082212328910828 0.04898017644882202 0.7922548651695251 57.89162063598633
0.7893848419189453 -0.009038520976901054 -0.6138319969177246 -27.873205184936523 -0.022761669009923935 0.9987731575965881 -0.04397807642817497 -3.8465447425842285 0.6134764552116394 0.048687469214200974 0.7882106900215149 58.74235534667969
0.7845991849899292 -0.008952210657298565 -0.6199386119842529 -28.54791831970215 -0.022546377032995224 0.9988223910331726 -0.042958345264196396 -3.9064579010009766 0.6195931434631348 0.04768244922161102 0.7834734916687012 59.59846115112305
0.7797677516937256 -0.008628206327557564 -0.6260094046592712 -29.234333038330078 -0.022692939266562462 0.9988584518432617 -0.04203382879495621 -3.970604419708252 0.6256574392318726 0.04698261618614197 0.778681755065918 60.433773040771484
0.7745732665061951 -0.010074752382934093 -0.6324039697647095 -29.915809631347656 -0.022325534373521805 0.9988145232200623 -0.0432564802467823 -4.022304058074951 0.6320900917053223 0.047624070197343826 0.7734301090240479 61.25322723388672
0.7695104479789734 -0.01140469778329134 -0.6385325193405151 -30.621065139770508 -0.021822450682520866 0.9987871646881104 -0.0441378690302372 -4.081324100494385 0.6382614374160767 0.04789889231324196 0.7683281302452087 62.085304260253906
0.76359623670578 -0.012718244455754757 -0.6455686092376709 -31.32282257080078 -0.021254532039165497 0.9987691044807434 -0.04481703042984009 -4.14298152923584 0.6453440189361572 0.04794338345527649 0.7623860836029053 62.92875671386719
0.7579939961433411 -0.014830493368208408 -0.6520929932594299 -32.04833984375 -0.01982465386390686 0.9987557530403137 -0.04575883224606514 -4.209787368774414 0.6519600749015808 0.04761243984103203 0.7567567825317383 63.758766174316406
0.7516548037528992 -0.016556240618228912 -0.6593488454818726 -32.77702331542969 -0.01915024407207966 0.9987155199050903 -0.04690893366932869 -4.26998233795166 0.6592784523963928 0.047886017709970474 0.7503722906112671 64.59539031982422
0.7457065582275391 -0.017496414482593536 -0.6660447120666504 -33.54423141479492 -0.01831156760454178 0.9987393617630005 -0.04673771932721138 -4.34075927734375 0.666022777557373 0.04704894870519638 0.7444460988044739 65.42411804199219
0.7391188144683838 -0.017506510019302368 -0.6733475923538208 -34.29874038696289 -0.017243754118680954 0.9988427758216858 -0.04489721357822418 -4.404543876647949 0.6733543276786804 0.04479541257023811 0.7379616498947144 66.25599670410156
0.732901394367218 -0.017763879150152206 -0.6801029443740845 -35.071136474609375 -0.016924401745200157 0.9988736510276794 -0.04432827979326248 -4.461236000061035 0.6801243424415588 0.0439985990524292 0.7317752242088318 67.06817626953125
0.7263383865356445 -0.019427567720413208 -0.6870627403259277 -35.82685470581055 -0.015462977811694145 0.9988855719566345 -0.04459167644381523 -4.529102325439453 0.6871632933616638 0.043012671172618866 0.725228488445282 67.86708068847656
0.7195200324058533 -0.021930180490016937 -0.6941252946853638 -36.61083984375 -0.014529518783092499 0.9988071322441101 -0.04661737009882927 -4.58795690536499 0.6943195462226868 0.04362744837999344 0.718343198299408 68.69186401367188
0.713756799697876 -0.021163716912269592 -0.7000738382339478 -37.414794921875 -0.016078371554613113 0.9987849593162537 -0.04658658802509308 -4.647799491882324 0.7002089619636536 0.04450754448771477 0.7125492691993713 69.4883041381836
0.7083145380020142 -0.02033214271068573 -0.705604076385498 -38.228050231933594 -0.016602160409092903 0.9988287687301636 -0.04544741287827492 -4.713995456695557 0.7057016491889954 0.04390562325716019 0.7071474194526672 70.28974914550781
0.7031658887863159 -0.02012002281844616 -0.7107411026954651 -39.045772552490234 -0.017177453264594078 0.9988271594047546 -0.0452696792781353 -4.775738716125488 0.7108181118965149 0.044040825217962265 0.7019956111907959 71.09304809570312
0.6985012292861938 -0.02046656608581543 -0.715316116809845 -39.86640930175781 -0.0181588064879179 0.9987620711326599 -0.04630846157670021 -4.838240623474121 0.7153782248497009 0.0453357994556427 0.6972650289535522 71.88433837890625
0.6932945847511292 -0.022385865449905396 -0.7203065156936646 -40.71145248413086 -0.018810756504535675 0.9986146688461304 -0.04914053902029991 -4.91025447845459 0.7204087972640991 0.047618377953767776 0.6919130682945251 72.68029022216797
0.6884292364120483 -0.025573180988430977 -0.7248525023460388 -41.55413055419922 -0.017088541761040688 0.9985288977622986 -0.051458485424518585 -4.974642276763916 0.7251021265983582 0.04781220480799675 0.6869794726371765 73.46944427490234
0.6831033825874329 -0.02558250166475773 -0.7298734188079834 -42.41310119628906 -0.01820540614426136 0.9984792470932007 -0.0520361065864563 -5.047236919403076 0.7300947308540344 0.0488336905837059 0.6815989017486572 74.26934814453125
0.6783057451248169 -0.025213420391082764 -0.7343470454216003 -43.29541778564453 -0.018104903399944305 0.998534083366394 -0.05100739002227783 -5.113640308380127 0.7345566749572754 0.047893885523080826 0.6768549680709839 75.0682144165039
0.6734240651130676 -0.025351062417030334 -0.7388216257095337 -44.175086975097656 -0.017305519431829453 0.9985973238945007 -0.0500384159386158 -5.182718753814697 0.7390538454055786 0.04648275673389435 0.6720407605171204 75.85470581054688
0.6679762601852417 -0.02665131911635399 -0.7437052130699158 -45.060977935791016 -0.01670939102768898 0.9985694289207458 -0.05079253017902374 -5.253225326538086 0.7439950108528137 0.04635506495833397 0.6665753126144409 76.65061950683594
0.6634778380393982 -0.027819599956274033 -0.7476785778999329 -45.93755340576172 -0.015725623816251755 0.9985692501068115 -0.051109395921230316 -5.320613861083984 0.7480306625366211 0.04566766694188118 0.6620910167694092 77.41836547851562
0.6589490175247192 -0.028516272082924843 -0.751646876335144 -46.84404754638672 -0.014745315536856651 0.9985994696617126 -0.05081208050251007 -5.395002841949463 0.7520430684089661 0.044565845280885696 0.6576055884361267 78.20114135742188
0.654638946056366 -0.029338590800762177 -0.7553722262382507 -47.740089416503906 -0.013384444639086723 0.9986401200294495 -0.05038665235042572 -5.469379901885986 0.7558231353759766 0.04309530556201935 0.6533560156822205 78.9810562133789
0.6509048342704773 -0.03241898864507675 -0.7584668397903442 -48.6524658203125 -0.010522429831326008 0.9986064434051514 -0.051713425666093826 -5.541666507720947 0.7590864300727844 0.04164142906665802 0.6496566534042358 79.75236511230469
0.6467952728271484 -0.03693585842847824 -0.7617688179016113 -49.56273651123047 -0.007914576679468155 0.9984476566314697 -0.05513174459338188 -5.611720085144043 0.762622594833374 0.04168802127242088 0.6454988718032837 80.51372528076172
0.6420833468437195 -0.041390176862478256 -0.7655168175697327 -50.484806060791016 -0.003666391596198082 0.998364269733429 -0.057055067270994186 -5.680670738220215 0.7666260600090027 0.039440788328647614 0.6408812403678894 81.28656005859375
0.6351938843727112 -0.04473333805799484 -0.7710561752319336 -51.41545867919922 0.0010375222191214561 0.9983698725700378 -0.057066380977630615 -5.75742769241333 0.7723520398139954 0.03544823080301285 0.6342048048973083 82.06246185302734
0.6270982027053833 -0.04850798100233078 -0.7774283289909363 -52.34700012207031 0.006124759558588266 0.9983353018760681 -0.057351142168045044 -5.845277309417725 0.7789161205291748 0.031203238293528557 0.6263513565063477 82.80825805664062
0.6180646419525146 -0.04936525598168373 -0.7845758199691772 -53.29966735839844 0.008777827955782413 0.9983975887298584 -0.05590394511818886 -5.926446914672852 0.7860783338546753 0.027665380388498306 0.6175075173377991 83.54813385009766
0.6094942688941956 -0.047646135091781616 -0.7913573384284973 -54.265838623046875 0.009165721014142036 0.9985491037368774 -0.05306142941117287 -6.008719444274902 0.7927374839782715 0.025087274610996246 0.6090466976165771 84.28411102294922
0.6006743907928467 -0.04762127250432968 -0.7980741262435913 -55.24687957763672 0.00875895470380783 0.9985564947128296 -0.052991628646850586 -6.085046768188477 0.7994457483291626 0.024840418249368668 0.6002244353294373 85.01592254638672
0.5911663770675659 -0.04915647581219673 -0.8050501942634583 -56.248512268066406 0.008399144746363163 0.9984621405601501 -0.05479854717850685 -6.162657737731934 0.8065058588981628 0.025633327662944794 0.590670108795166 85.7325210571289
0.581173837184906 -0.05115789920091629 -0.8121697306632996 -57.25434875488281 0.00873853825032711 0.998356819152832 -0.05663253366947174 -6.246939659118652 0.8137325048446655 0.0258161798119545 0.5806660652160645 86.44377136230469
0.5714585781097412 -0.05311814695596695 -0.8189099431037903 -58.28663635253906 0.009164986200630665 0.9982537627220154 -0.05835559964179993 -6.32077693939209 0.8205797076225281 0.025842513889074326 0.5709475874900818 87.15851593017578
0.5610102415084839 -0.05345212295651436 -0.826081395149231 -59.31443786621094 0.011971238069236279 0.9983326196670532 -0.05646781995892525 -6.411249160766602 0.8277223706245422 0.021789804100990295 0.5607147216796875 87.86974334716797
0.5509737133979797 -0.053692352026700974 -0.8327934741973877 -60.350372314453125 0.013384238816797733 0.9983682036399841 -0.055512409657239914 -6.490102767944336 0.8344151377677917 0.0194395799189806 0.5507934093475342 88.5425796508789
0.540863037109375 -0.054579030722379684 -0.839337944984436 -61.40746307373047 0.013604306615889072 0.9983295798301697 -0.05615115165710449 -6.567867279052734 0.8410006165504456 0.01895146816968918 0.5407021045684814 89.21089172363281
0.530447781085968 -0.05519971624016762 -0.8459184169769287 -62.482337951660156 0.012979788705706596 0.9982895851135254 -0.05700335651636124 -6.658679962158203 0.8476182222366333 0.01925746165215969 0.530256986618042 89.88238525390625
0.5199790596961975 -0.05607769265770912 -0.8523362278938293 -63.54969787597656 0.01217682845890522 0.9982278943061829 -0.05824769660830498 -6.7377166748046875 0.8540922403335571 0.019908826798200607 0.5197404026985168 90.5405044555664
0.5101423263549805 -0.05695413425564766 -0.8582022786140442 -64.63214874267578 0.01183326542377472 0.9981753826141357 -0.05920932814478874 -6.8284173011779785 0.8600086569786072 0.020049845799803734 0.5098854899406433 91.17861938476562
0.5003327131271362 -0.05686385929584503 -0.8639639616012573 -65.72245788574219 0.010612992569804192 0.9981688857078552 -0.05955076590180397 -6.9150309562683105 0.8657681345939636 0.020625948905944824 0.5000200271606445 91.80679321289062
0.49192383885383606 -0.05490926280617714 -0.8689049482345581 -66.8497314453125 0.009855504147708416 0.9982964992523193 -0.05750635638833046 -6.999805450439453 0.8705824613571167 0.019725248217582703 0.49162694811820984 92.42897033691406
0.48392054438591003 -0.05363784357905388 -0.8734665513038635 -67.965576171875 0.0103645920753479 0.9984011054039001 -0.055567607283592224 -7.0806427001953125 0.8750505447387695 0.017837174236774445 0.48370274901390076 93.04460144042969
0.4763939082622528 -0.05312209576368332 -0.8776257038116455 -69.0716781616211 0.010126937180757523 0.9984384179115295 -0.054937683045864105 -7.174485206604004 0.8791735768318176 0.017284316942095757 0.47618794441223145 93.64073181152344
0.4683305621147156 -0.05638497322797775 -0.8817523717880249 -70.17543029785156 0.01190849021077156 0.9982738494873047 -0.057511091232299805 -7.255671501159668 0.8834730982780457 0.01643386296927929 0.4681936204433441 94.23233032226562
0.4612221419811249 -0.05971395596861839 -0.8852730989456177 -71.30747985839844 0.014812079258263111 0.9981120228767395 -0.05960821732878685 -7.344632148742676 0.8871610760688782 0.01437989342957735 0.46123582124710083 94.82205200195312
0.45542699098587036 -0.06260450929403305 -0.888069212436676 -72.44776916503906 0.01588292606174946 0.997937023639679 -0.06220443919301033 -7.4397759437561035 0.8901314735412598 0.014224446378648281 0.45548179745674133 95.39952087402344
0.4496617019176483 -0.06629470735788345 -0.8907353281974792 -73.58908081054688 0.0180100966244936 0.9977119565010071 -0.06516478210687637 -7.534450531005859 0.8930174112319946 0.013259881176054478 0.4498268663883209 95.98358154296875
0.4449766278266907 -0.06723153591156006 -0.8930149674415588 -74.72732543945312 0.021341657266020775 0.9976908564567566 -0.06447791308164597 -7.63856315612793 0.8952878713607788 0.009632748551666737 0.4453839659690857 96.54754638671875
0.4406896233558655 -0.06463844329118729 -0.8953292965888977 -75.87445831298828 0.02290528640151024 0.99788898229599 -0.06076854467391968 -7.734707832336426 0.8973672986030579 0.006272292695939541 0.4412398934364319 97.11561584472656
0.43677935004234314 -0.0631324052810669 -0.8973506689071655 -77.01284790039062 0.026694554835557938 0.998004674911499 -0.05722043290734291 -7.831045627593994 0.8991724848747253 0.0010383289773017168 0.43759316205978394 97.67280578613281
0.43365469574928284 -0.062391676008701324 -0.898916482925415 -78.15959167480469 0.02700943686068058 0.9980517625808716 -0.05624254420399666 -7.915038108825684 0.9006742238998413 0.00011061104305554181 0.4344949722290039 98.22245788574219
0.43092256784439087 -0.06244730204343796 -0.9002255797386169 -79.29471588134766 0.028778713196516037 0.9980462789535522 -0.05545709654688835 -8.000788688659668 0.9019299149513245 -0.002009621122851968 0.4318777620792389 98.75703430175781
0.4289937913417816 -0.0611775740981102 -0.9012333154678345 -80.42672729492188 0.03001275658607483 0.9981184005737305 -0.053468044847249985 -8.094331741333008 0.902808666229248 -0.004111038520932198 0.4300226867198944 99.28083801269531
0.42565762996673584 -0.06063451990485191 -0.9028505086898804 -81.55581665039062 0.032485444098711014 0.99813312292099 -0.05171804130077362 -8.171757698059082 0.9043009877204895 -0.007315320428460836 0.42683276534080505 99.83619689941406
0.42340078949928284 -0.06183067336678505 -0.9038299918174744 -82.68538665771484 0.03499525785446167 0.9980398416519165 -0.05188193917274475 -8.251815795898438 0.905266284942627 -0.009662903845310211 0.42473462224006653 100.36815643310547
0.4205738604068756 -0.061994463205337524 -0.9051377177238464 -83.78131866455078 0.036776959896087646 0.9980075359344482 -0.05126680061221123 -8.332125663757324 0.9065126180648804 -0.01172672864049673 0.42201587557792664 100.8929214477539
0.41807952523231506 -0.06118553504347801 -0.9063474535942078 -84.88358306884766 0.04008379578590393 0.9979997873306274 -0.048882946372032166 -8.410484313964844 0.9075256586074829 -0.015892891213297844 0.41969582438468933 101.41539764404297
0.4162674844264984 -0.06069527193903923 -0.9072141051292419 -85.99723052978516 0.04209546372294426 0.9979860782623291 -0.04745303466916084 -8.488279342651367 0.9082671999931335 -0.018436439335346222 0.4179841876029968 101.91586303710938
0.41488364338874817 -0.06248104199767113 -0.9077265858650208 -87.091064453125 0.04449186846613884 0.997839093208313 -0.04834834858775139 -8.559980392456055 0.9087859392166138 -0.020327521488070488 0.41676703095436096 102.41058349609375
0.4131733179092407 -0.06293883919715881 -0.9084748029708862 -88.16816711425781 0.04567916691303253 0.997785210609436 -0.04835141822695732 -8.649399757385254 0.9095060229301453 -0.02152085490524769 0.4151332676410675 102.90953826904297
0.41249334812164307 -0.06384310871362686 -0.9087206721305847 -89.23485565185547 0.04526624083518982 0.9977453351020813 -0.049550049006938934 -8.729226112365723 0.9098352789878845 -0.02069530077278614 0.41445329785346985 103.39181518554688
0.41286203265190125 -0.06436024606227875 -0.9085167050361633 -90.27555084228516 0.044875867664813995 0.9977261424064636 -0.05028674006462097 -8.811399459838867 0.9096874594688416 -0.020008984953165054 0.4148114025592804 103.87686920166016
0.4151451289653778 -0.06440015137195587 -0.9074729084968567 -91.32772064208984 0.04299818351864815 0.9977655410766602 -0.05113735795021057 -8.889558792114258 0.9087384343147278 -0.017790261656045914 0.4169866442680359 104.34724426269531
0.419429749250412 -0.06449803709983826 -0.9054935574531555 -92.36339569091797 0.040822774171829224 0.9978037476539612 -0.052163925021886826 -8.96701431274414 0.9068694114685059 -0.015085659921169281 0.4211415946483612 104.82374572753906
0.4244719445705414 -0.06482130289077759 -0.9031176567077637 -93.4019775390625 0.039254412055015564 0.9978137016296387 -0.05316826328635216 -9.048295974731445 0.9045897722244263 -0.012882914394140244 0.42608845233917236 105.30228424072266
0.43034106492996216 -0.06513946503400803 -0.9003129601478577 -94.42796325683594 0.03916577622294426 0.9978009462356567 -0.05347203090786934 -9.122493743896484 0.9018163084983826 -0.012250242754817009 0.43194589018821716 105.78909301757812
0.4369909167289734 -0.06402285397052765 -0.8971844911575317 -95.43327331542969 0.03795057162642479 0.9978876709938049 -0.052724458277225494 -9.196914672851562 0.8986649513244629 -0.011008561588823795 0.43849751353263855 106.28134155273438
0.44529104232788086 -0.062287624925374985 -0.8932167291641235 -96.44857788085938 0.0367714986205101 0.9980078935623169 -0.05126362293958664 -9.275005340576172 0.894630491733551 -0.010017684660851955 0.44669437408447266 106.77445220947266
0.45458003878593445 -0.062133003026247025 -0.8885361552238464 -97.42406463623047 0.036232467740774155 0.9980281591415405 -0.05125277861952782 -9.348400115966797 0.8899686336517334 -0.008895372040569782 0.45593494176864624 107.26236724853516
0.46415606141090393 -0.061725225299596786 -0.883600115776062 -98.40985107421875 0.03513440489768982 0.9980668425559998 -0.05126533284783363 -9.41779899597168 0.8850563168525696 -0.007249657530337572 0.4654274582862854 107.77108764648438
0.4736463129520416 -0.062072306871414185 -0.8785249590873718 -99.37979125976562 0.03408946096897125 0.9980578422546387 -0.05213899165391922 -9.498948097229004 0.8800551295280457 -0.005253000184893608 0.4748423993587494 108.29490661621094
0.48395153880119324 -0.06395497918128967 -0.8727545738220215 -100.35246276855469 0.032854609191417694 0.997950553894043 -0.0549110509455204 -9.566661834716797 0.8744778037071228 -0.002099724719300866 0.4850609600543976 108.83219909667969
0.49548861384391785 -0.06477140635251999 -0.8661961555480957 -101.30714416503906 0.030992429703474045 0.9978991746902466 -0.05689120665192604 -9.639935493469238 0.8680614233016968 0.0013434214051812887 0.4964551031589508 109.37200164794922
0.508302628993988 -0.06275595724582672 -0.8588889241218567 -102.26199340820312 0.02846524864435196 0.9980206489562988 -0.056075673550367355 -9.71942138671875 0.8607079386711121 0.00405492726713419 0.5090828537940979 109.92074584960938
0.5217075943946838 -0.06017874553799629 -0.8509992957115173 -103.20120239257812 0.026861190795898438 0.9981730580329895 -0.05411887913942337 -9.794994354248047 0.8527013659477234 0.005375379230827093 0.5223709940910339 110.47273254394531
0.5335389971733093 -0.05739858001470566 -0.8438255786895752 -104.1073989868164 0.026490243151783943 0.9983391165733337 -0.05115947872400284 -9.883846282958984 0.8453606963157654 0.0049424245953559875 0.5341732501983643 111.0464096069336
0.5453996062278748 -0.05718608945608139 -0.8362230658531189 -105.01993560791016 0.02709832228720188 0.9983512759208679 -0.050599414855241776 -9.952095031738281 0.8377379179000854 0.0049366638995707035 0.5460501313209534 111.63395690917969
