1.0 0.0 0.0 0.0 0.0 1.0 0.0 0.0 0.0 0.0 1.0 0.0
0.9999336004257202 -0.0025279303081333637 0.011241049505770206 0.015696482732892036 0.0025169732980430126 0.9999963641166687 0.000988761312328279 -0.0038528009317815304 -0.011243508197367191 -0.0009604022488929331 0.9999363422393799 0.2953576445579529
0.9998283386230469 -0.004554527811706066 0.017960527911782265 0.025868799537420273 0.004533831961452961 0.9999890327453613 0.0011928572785109282 -0.008773203007876873 -0.017965763807296753 -0.0011112225474789739 0.9998379945755005 0.582629382610321
0.9997767806053162 -0.007455130573362112 0.019768813624978065 0.03825196623802185 0.007457029074430466 0.9999722242355347 -2.2338137569022365e-05 -0.012769528664648533 -0.01976809836924076 0.00016974977916106582 0.9998045563697815 0.8866773247718811
0.9998143315315247 -0.00866937916725874 0.01720753312110901 0.04945699870586395 0.008701475337147713 0.9999605417251587 -0.001791211194358766 -0.010057439096271992 -0.0171913243830204 0.0019406095379963517 0.999850332736969 1.202175259590149
0.999882698059082 -0.011543198488652706 0.010068989358842373 0.05667264759540558 0.011577821336686611 0.9999272227287292 -0.003387088654562831 -0.010905466973781586 -0.010029158554971218 0.003503268351778388 0.9999435544013977 1.5198607444763184
0.9999111294746399 -0.013165612705051899 -0.0021108288783580065 0.05957837030291557 0.01315346546471119 0.9998974204063416 -0.005668945144861937 -0.008813216350972652 0.0021852473728358746 0.005640675313770771 0.999981701374054 1.862257957458496
0.999747097492218 -0.012405815534293652 -0.018755212426185608 0.0404454804956913 0.01229422353208065 0.999906063079834 -0.006053584162145853 -0.01137949526309967 0.018828554078936577 0.005821472033858299 0.9998058080673218 2.199709177017212
0.9992295503616333 -0.007818727754056454 -0.03846049681305885 0.012305867858231068 0.007603050675243139 0.9999545812606812 -0.005750812590122223 -0.02071784995496273 0.03850371390581131 0.00545396376401186 0.9992435574531555 2.5386321544647217
0.9983024001121521 -0.004377484787255526 -0.05807797610759735 -0.033330705016851425 0.003970952704548836 0.9999668002128601 -0.007113331463187933 -0.022933846339583397 0.05810718238353729 0.006870631594210863 0.9982867240905762 2.89314603805542
0.9969116449356079 -0.0040865810588002205 -0.07842501997947693 -0.0746123269200325 0.0035021365620195866 0.9999650716781616 -0.007588371634483337 -0.02665730193257332 0.07845328748226166 0.007290280889719725 0.9968911409378052 3.2586312294006348
0.9949740171432495 -0.005576279480010271 -0.0999784916639328 -0.11616379767656326 0.004862086847424507 0.9999608993530273 -0.0073857055976986885 -0.025937499478459358 0.10001576691865921 0.0068624806590378284 0.994962215423584 3.6319990158081055
0.9928364157676697 -0.0073960390873253345 -0.11925236880779266 -0.18119214475154877 0.006701688747853041 0.9999581575393677 -0.006222509313374758 -0.03650738671422005 0.11929342150688171 0.005378741305321455 0.9928444623947144 4.012598991394043
0.9905873537063599 -0.005984534975141287 -0.136751189827919 -0.25790756940841675 0.005187155678868294 0.9999673962593079 -0.006186476442962885 -0.03596300631761551 0.13678377866744995 0.005418895743787289 0.9905861020088196 4.408870697021484
0.988154947757721 -0.004963290877640247 -0.15337932109832764 -0.3218608498573303 0.004247406497597694 0.9999784827232361 -0.004994730930775404 -0.04891837760806084 0.15340080857276917 0.004284103866666555 0.9881547689437866 4.820145606994629
0.9860589504241943 -0.0038086825516074896 -0.16635268926620483 -0.41186389327049255 0.0029824336525052786 0.9999818801879883 -0.005216378252953291 -0.05402081459760666 0.16636955738067627 0.004647519439458847 0.9860524535179138 5.2367753982543945
0.9838736057281494 -0.005547011271119118 -0.17877882719039917 -0.49539297819137573 0.004505443852394819 0.9999704360961914 -0.006231492850929499 -0.05802502483129501 0.1788080930709839 0.00532552320510149 0.9838695526123047 5.6674981117248535
0.9820222854614258 -0.009350013919174671 -0.18853363394737244 -0.5857341885566711 0.007903194054961205 0.9999332427978516 -0.008424381725490093 -0.06720466911792755 0.1885998249053955 0.006782912649214268 0.9820305705070496 6.1214094161987305
0.9804969429969788 -0.008434183895587921 -0.1963532716035843 -0.6857380867004395 0.006553170271217823 0.9999261498451233 -0.010227478109300137 -0.07633376121520996 0.19642503559589386 0.00874127447605133 0.980479896068573 6.578559398651123
0.9790114760398865 -0.007902425713837147 -0.20365159213542938 -0.7940925359725952 0.005569746717810631 0.9999122023582458 -0.012024878524243832 -0.08136031776666641 0.20372873544692993 0.010638206265866756 0.9789695143699646 7.043686389923096
0.9772680401802063 -0.008744420483708382 -0.21182705461978912 -0.9039087891578674 0.005706193391233683 0.9998720288276672 -0.014950030483305454 -0.08996500819921494 0.21193066239356995 0.013401460833847523 0.977192759513855 7.527983665466309
0.975527286529541 -0.012593282386660576 -0.2195175439119339 -1.0204452276229858 0.009105538949370384 0.999815821647644 -0.01689278520643711 -0.0998314619064331 0.21968984603881836 0.014480547979474068 0.9754623174667358 8.025589942932129
0.973536491394043 -0.01909387856721878 -0.2277325540781021 -1.131912112236023 0.015328656882047653 0.9997151494026184 -0.018290909007191658 -0.11044274270534515 0.2280169427394867 0.014316033571958542 0.9735519289970398 8.542621612548828
0.9714347720146179 -0.020055850967764854 -0.2364577353000641 -1.2494343519210815 0.01573312282562256 0.999673068523407 -0.020154090598225594 -0.13029569387435913 0.23678462207317352 0.01585816964507103 0.9714327454566956 9.049736976623535
0.9692662954330444 -0.01616227813065052 -0.2454826384782791 -1.3959382772445679 0.010334118269383907 0.9996337294578552 -0.025011321529746056 -0.13697318732738495 0.24579699337482452 0.021705787628889084 0.9690782427787781 9.576119422912598
0.9670566320419312 -0.0130967041477561 -0.25422403216362 -1.553114414215088 0.006234217435121536 0.9995945692062378 -0.02778082899749279 -0.15681323409080505 0.2544848322868347 0.025280749425292015 0.9667462706565857 10.121774673461914
0.9647480249404907 -0.015550432726740837 -0.2627156674861908 -1.7122275829315186 0.007931165397167206 0.9995172619819641 -0.03003760799765587 -0.1725405752658844 0.2630559802055359 0.026895079761743546 0.9644056558609009 10.693829536437988
0.9623185992240906 -0.019007178023457527 -0.27125927805900574 -1.8637430667877197 0.010785533115267754 0.9994370937347412 -0.03176797553896904 -0.19521157443523407 0.27171045541763306 0.027645237743854523 0.9619818925857544 11.250229835510254
0.9601240158081055 -0.01865675300359726 -0.27895110845565796 -2.0416994094848633 0.009490914642810822 0.9993708729743958 -0.034172870218753815 -0.21796971559524536 0.2794131636619568 0.030162690207362175 0.9596970677375793 11.82497787475586
0.9578591585159302 -0.017608467489480972 -0.2866978645324707 -2.233961343765259 0.007035000715404749 0.9992579221725464 -0.03786865621805191 -0.24495333433151245 0.287151962518692 0.03425591439008713 0.9572722911834717 12.412070274353027
0.9555155038833618 -0.018197523429989815 -0.2943786084651947 -2.424727439880371 0.0057746851816773415 0.9990578293800354 -0.04301459714770317 -0.2743126451969147 0.29488399624824524 0.03940117359161377 0.9547203779220581 13.015982627868652
0.9535349607467651 -0.020545657724142075 -0.3005809783935547 -2.6102805137634277 0.0056028845719993114 0.9987087845802307 -0.0504908412694931 -0.30836060643196106 0.30123022198677063 0.046460654586553574 0.9524189233779907 13.622407913208008
0.9520812630653381 -0.02130395919084549 -0.3051023781299591 -2.8139469623565674 0.003506710520014167 0.9982659220695496 -0.05876171961426735 -0.3436248004436493 0.3058251142501831 0.05487602949142456 0.9505049586296082 14.244245529174805
0.950890839099884 -0.020972536876797676 -0.3088149130344391 -3.0295984745025635 0.00015967540093697608 0.9977349042892456 -0.06726748496294022 -0.38742876052856445 0.3095262050628662 0.0639147087931633 0.9487404823303223 14.857282638549805
0.9494969248771667 -0.021151797845959663 -0.3130626380443573 -3.2528185844421387 -0.0029058766085654497 0.9970898032188416 -0.07618079334497452 -0.4340348243713379 0.31376293301582336 0.073243148624897 0.9466722011566162 15.505613327026367
0.9484054446220398 -0.020533910021185875 -0.3163948357105255 -3.4894843101501465 -0.006126677617430687 0.9965274333953857 -0.08303921669721603 -0.4894617199897766 0.3170013129711151 0.08069328218698502 0.94498610496521 16.146238327026367
0.9465354681015015 -0.01844176836311817 -0.3220721483230591 -3.718787908554077 -0.011150808073580265 0.9958978295326233 -0.08979585021734238 -0.5500583648681641 0.32240694761276245 0.08858633041381836 0.9424468874931335 16.804410934448242
0.9449654221534729 -0.01771237701177597 -0.32669034600257874 -3.9614250659942627 -0.01436972338706255 0.9953229427337646 -0.09552905708551407 -0.6179963946342468 0.326854407787323 0.09496612101793289 0.9402912259101868 17.473548889160156
0.9433224201202393 -0.016417015343904495 -0.3314712345600128 -4.217813014984131 -0.01817733608186245 0.9947208166122437 -0.10099650919437408 -0.6884316802024841 0.33137935400009155 0.1012975424528122 0.938044011592865 18.15199089050293
0.9415654540061951 -0.013338395394384861 -0.33656588196754456 -4.472036361694336 -0.023006118834018707 0.994335412979126 -0.1037675142288208 -0.767668604850769 0.33604347705841064 0.10544697195291519 0.9359250664710999 18.837038040161133
0.9398419260978699 -0.012174638919532299 -0.34139284491539 -4.743168830871582 -0.02541515789926052 0.9941030740737915 -0.1054183691740036 -0.8435829281806946 0.3406631350517273 0.10775313526391983 0.9339903593063354 19.53759002685547
0.9375364184379578 -0.012179994024336338 -0.34767380356788635 -5.007360935211182 -0.025845570489764214 0.9941865801811218 -0.10452425479888916 -0.926310658454895 0.3469257056713104 0.10698114335536957 0.9317712187767029 20.236181259155273
0.9352306723594666 -0.011982670985162258 -0.3538360595703125 -5.282807350158691 -0.02611302025616169 0.99437016248703 -0.10269420593976974 -1.009995937347412 0.3530745804309845 0.1052824929356575 0.9296526312828064 20.950599670410156
0.9326121211051941 -0.012623204849660397 -0.3606596291065216 -5.5664520263671875 -0.02552826702594757 0.9945767521858215 -0.100822813808918 -1.0943117141723633 0.3599763512611389 0.10323558747768402 0.9272321462631226 21.662803649902344
0.9292862415313721 -0.011743522249162197 -0.36917367577552795 -5.865397930145264 -0.0263773612678051 0.9948325157165527 -0.09804318100214005 -1.1729600429534912 0.368417352437973 0.100847989320755 0.9241743683815002 22.401865005493164
0.9259240031242371 -0.009783169254660606 -0.37758341431617737 -6.172851085662842 -0.027009375393390656 0.9953904151916504 -0.09202390164136887 -1.2543984651565552 0.3767431676387787 0.09540542960166931 0.921391487121582 23.137916564941406
0.9224981069564819 -0.005330039653927088 -0.38596487045288086 -6.499736309051514 -0.03075878508388996 0.9957100749015808 -0.08726722747087479 -1.331693172454834 0.38477420806884766 0.09237567335367203 0.9183765053749084 23.881763458251953
0.9191147685050964 -0.001457281643524766 -0.393987238407135 -6.836460590362549 -0.03386736288666725 0.9959995746612549 -0.08269162476062775 -1.4152835607528687 0.3925316035747528 0.08934639394283295 0.9153884649276733 24.61736488342285
0.9152505993843079 -0.00038400478661060333 -0.40288498997688293 -7.18172550201416 -0.035320788621902466 0.9960727095603943 -0.0811890959739685 -1.486837387084961 0.40133389830589294 0.08853858709335327 0.9116423726081848 25.373485565185547
0.9110555052757263 -0.0007546764682047069 -0.41228291392326355 -7.523410797119141 -0.03579499199986458 0.9960774183273315 -0.08092246949672699 -1.5499625205993652 0.4107268154621124 0.08848251402378082 0.9074548482894897 26.105764389038086
0.9072137475013733 -0.0004814103012904525 -0.4206697344779968 -7.890969276428223 -0.036468151956796646 0.9961446523666382 -0.07978697121143341 -1.6199531555175781 0.4190863072872162 0.08772486448287964 0.9036985039710999 26.87642478942871
0.9031203389167786 -2.1509144971787464e-06 -0.42938753962516785 -8.281510353088379 -0.03723297268152237 0.9962329864501953 -0.07831619679927826 -1.6864506006240845 0.4277702569961548 0.08671631664037704 0.899718165397644 27.66908836364746
0.8993110060691833 -0.0005898128147237003 -0.43730950355529785 -8.637727737426758 -0.03627805784344673 0.9964515566825867 -0.07594842463731766 -1.7607567310333252 0.4358026385307312 0.08416597545146942 0.896098256111145 28.40091323852539
0.8957388401031494 -0.00026992917992174625 -0.4445805251598358 -9.04004955291748 -0.03509533777832985 0.9968363046646118 -0.07131516188383102 -1.8348746299743652 0.4431931972503662 0.07948246598243713 0.8928954005241394 29.18660545349121
0.8916237950325012 0.0023106883745640516 -0.45277100801467896 -9.44841480255127 -0.036286186426877975 0.9971351623535156 -0.06636812537908554 -1.8965222835540771 0.4513205289840698 0.07560473680496216 0.8891533613204956 29.976593017578125
0.8878893256187439 0.00249143922701478 -0.4600503146648407 -9.873397827148438 -0.035015005618333817 0.9974507689476013 -0.06217658147215843 -1.9608137607574463 0.45872268080711365 0.07131458818912506 0.8857131600379944 30.779998779296875
0.8841871619224548 0.0011756535386666656 -0.46713125705718994 -10.310576438903809 -0.03310875967144966 0.9976395964622498 -0.060157544910907745 -2.0247490406036377 0.4659579396247864 0.06865666061639786 0.8821391463279724 31.58428955078125
0.8807113170623779 0.0007542210514657199 -0.47365283966064453 -10.739982604980469 -0.03268393129110336 0.9977118968963623 -0.059183865785598755 -2.086646318435669 0.4725244343280792 0.06760474294424057 0.8787208199501038 32.397972106933594
0.8776193261146545 0.0013865024084225297 -0.4793563187122345 -11.201260566711426 -0.03293798863887787 0.9978067874908447 -0.05741773173213005 -2.1447501182556152 0.47822535037994385 0.06617993861436844 0.875740110874176 33.22324752807617
0.8743780851364136 -0.0008483341662213206 -0.4852447211742401 -11.653921127319336 -0.030040347948670387 0.9979856610298157 -0.055875394493341446 -2.2011942863464355 0.48431476950645447 0.06343314051628113 0.8725912570953369 34.05020523071289
0.8718588948249817 -0.0014280832838267088 -0.4897550940513611 -12.157422065734863 -0.029530081897974014 0.9980230331420898 -0.05547940731048584 -2.2679994106292725 0.4888661503791809 0.06283272802829742 0.8700931072235107 34.8985710144043
0.8694391250610352 -0.003754471195861697 -0.494025856256485 -12.620787620544434 -0.027793655171990395 0.9980157017707825 -0.05649887025356293 -2.3165810108184814 0.49325770139694214 0.06285311281681061 0.8676095604896545 35.747596740722656
0.867966890335083 -0.0034783799201250076 -0.49660995602607727 -13.125205039978027 -0.02850564941763878 0.9979777336120605 -0.05681179463863373 -2.377272844314575 0.4958033859729767 0.06346693634986877 0.8661126494407654 36.61335372924805
0.8676354289054871 -0.0032785809598863125 -0.49719008803367615 -13.624112129211426 -0.028284726664423943 0.9980334043502808 -0.05594029650092125 -2.4396302700042725 0.49639570713043213 0.06259867548942566 0.8658363819122314 37.46373748779297
0.8674071431159973 -0.0030067211482673883 -0.497590035200119 -14.134328842163086 -0.027839025482535362 0.9981222748756409 -0.054560672491788864 -2.499675989151001 0.49681976437568665 0.06117874011397362 0.8656947016716003 38.34589767456055
0.8672100305557251 -0.00409622211009264 -0.49792563915252686 -14.650197982788086 -0.02611902542412281 0.9982153177261353 -0.0537019707262516 -2.567514181137085 0.4972569942474365 0.05957622453570366 0.8655554056167603 39.21705627441406
0.8664072155952454 -0.006451246328651905 -0.49929648637771606 -15.172455787658691 -0.023817259818315506 0.9982445240020752 -0.054227035492658615 -2.6320958137512207 0.4987697899341583 0.05887455865740776 0.864732563495636 40.125267028808594
0.8653146624565125 -0.00898276548832655 -0.501148521900177 -15.70544147491455 -0.02133430354297161 0.9982731342315674 -0.05473054572939873 -2.6955368518829346 0.5007748007774353 0.05805079638957977 0.8636287450790405 41.03510665893555
0.8637185096740723 -0.009211951866745949 -0.5038905739784241 -16.252323150634766 -0.020320644602179527 0.9983832836151123 -0.053083691745996475 -2.7548587322235107 0.5035648941993713 0.05608873814344406 0.8621348142623901 41.97113037109375
0.8616672158241272 -0.008566748350858688 -0.5074015259742737 -16.79292869567871 -0.018956473097205162 0.9986164569854736 -0.04905201494693756 -2.819758653640747 0.5071195960044861 0.05188506096601486 0.8603126406669617 42.8717041015625
0.8589497208595276 -0.008417027071118355 -0.5119908452033997 -17.343050003051758 -0.01691042073071003 0.998853325843811 -0.04479099065065384 -2.884293794631958 0.5117805600166321 0.047131188213825226 0.8578224182128906 43.78313446044922
0.8548612594604492 -0.008783896453678608 -0.518782377243042 -17.913923263549805 -0.01571076549589634 0.998960018157959 -0.04280269891023636 -2.9509475231170654 0.5186187624931335 0.044740837067365646 0.853834331035614 44.70063781738281
0.8497656583786011 -0.012066775932908058 -0.5270226001739502 -18.48308563232422 -0.013953679241240025 0.9988728165626526 -0.045369088649749756 -3.0092415809631348 0.5269758701324463 0.045907001942396164 0.8486394882202148 45.60270690917969
0.8434266448020935 -0.01597904972732067 -0.537006676197052 -19.042390823364258 -0.011959067545831203 0.9987516403198242 -0.04850161448121071 -3.0704245567321777 0.5371113419532776 0.04732966050505638 0.8421825170516968 46.50132751464844
0.8374027609825134 -0.015956319868564606 -0.5463535189628601 -19.63019561767578 -0.01213528960943222 0.9987847208976746 -0.04776953160762787 -3.130159854888916 0.5464516878128052 0.04663250222802162 0.8361913561820984 47.383792877197266
0.8313344717025757 -0.01259443536400795 -0.5556297302246094 -20.23015022277832 -0.013394641689956188 0.9989987015724182 -0.042685359716415405 -3.1933388710021973 0.5556110143661499 0.042928267270326614 0.830333411693573 48.27806091308594
0.8262485265731812 -0.007713883649557829 -0.5632530450820923 -20.843393325805664 -0.01686188206076622 0.9991194009780884 -0.0384182445704937 -3.2504961490631104 0.5630534291267395 0.041240524500608444 0.8253907561302185 49.1579475402832
0.8223514556884766 -0.00730593828484416 -0.5689329504966736 -21.457624435424805 -0.018601931631565094 0.9990379214286804 -0.039716869592666626 -3.3060221672058105 0.5686756372451782 0.04324447736144066 0.8214243054389954 50.01645278930664
0.8185164332389832 -0.0106971962377429 -0.5743833780288696 -22.07130241394043 -0.017637183889746666 0.9988874197006226 -0.04373668506741524 -3.3678433895111084 0.5742122530937195 0.04592970013618469 0.8174171447753906 50.904151916503906
0.8154003024101257 -0.013036333955824375 -0.578750729560852 -22.69782066345215 -0.020210184156894684 0.9984959959983826 -0.050965145230293274 -3.4252541065216064 0.5785446763038635 0.0532536581158638 0.8139104247093201 51.775386810302734
0.8121671676635742 -0.014075427316129208 -0.5832549333572388 -23.332120895385742 -0.020329684019088745 0.9984191656112671 -0.05240295082330704 -3.4895644187927246 0.5830703973770142 0.05441734939813614 0.8105970621109009 52.652976989746094
0.8088902235031128 -0.012536846101284027 -0.587826132774353 -23.97361946105957 -0.0196299497038126 0.9986394643783569 -0.04831065237522125 -3.5556745529174805 0.5876320600509644 0.05061701685190201 0.8075435161590576 53.514347076416016
0.8057644963264465 -0.009850870817899704 -0.5921542048454285 -24.608455657958984 -0.01963060162961483 0.998867928981781 -0.04332886263728142 -3.6137821674346924 0.5919106006622314 0.04653719812631607 0.8046590089797974 54.35783386230469
0.8028714060783386 -0.007512782700359821 -0.5961048603057861 -25.253210067749023 -0.020654214546084404 0.9989697337150574 -0.040408529341220856 -3.6724376678466797 0.5957943201065063 0.044754933565855026 0.8018891215324402 55.21728515625
0.7994793057441711 -0.0074621280655264854 -0.6006472110748291 -25.90345001220703 -0.021908843889832497 0.9988952279090881 -0.041571084409952164 -3.7191433906555176 0.6002938747406006 0.0463947057723999 0.7984326481819153 56.08114242553711
0.7960231900215149 -0.008984612300992012 -0.6051995158195496 -26.565717697143555 -0.02130373939871788 0.9988543391227722 -0.04284965246915817 -3.777198076248169 0.6048912405967712 0.04700232669711113 0.7949197888374329 56.943084716796875
0.7916026711463928 -0.011677032336592674 -0.6109244227409363 -27.207496643066406 -0.02024048939347267 0.998767614364624 -0.045316677540540695 -3.843261957168579 0.6107007265090942 0.04823821783065796 0.7903908491134644 57.78770065307617
0.7874331474304199 -0.012798985466361046 -0.6162670850753784 -27.880298614501953 -0.01951007917523384 0.9987660050392151 -0.04567187279462814 -3.9036149978637695 0.6160911917686462 0.04798697307705879 0.7862117886543274 58.6360969543457
0.7826943397521973 -0.012462898157536983 -0.6222814321517944 -28.561349868774414 -0.019583990797400475 0.9988114237785339 -0.044636331498622894 -3.965695858001709 0.6220980882644653 0.04712336137890816 0.7815199494361877 59.49102783203125
0.778081476688385 -0.012315686792135239 -0.6280426383018494 -29.24930191040039 -0.019198555499315262 0.9988745450973511 -0.04337263107299805 -4.036360740661621 0.6278699636459351 0.0458049550652504 0.776969313621521 60.31635665893555
0.7725096344947815 -0.014313865453004837 -0.6348417401313782 -29.934572219848633 -0.01818467676639557 0.9988372325897217 -0.04464902728796005 -4.09110164642334 0.6347426176071167 0.046036191284656525 0.771351158618927 61.14804458618164
0.7673608064651489 -0.0156374741345644 -0.6410248875617981 -30.6431884765625 -0.017796950414776802 0.9987980723381042 -0.04566962644457817 -4.150833606719971 0.6409686207771301 0.04645336791872978 0.7661601901054382 61.98115921020508
0.7614234089851379 -0.017093690112233162 -0.6480294466018677 -31.348133087158203 -0.01715974695980549 0.998770534992218 -0.04650792479515076 -4.2139811515808105 0.6480277180671692 0.046532247215509415 0.7601940035820007 62.82431411743164
0.7559661269187927 -0.018333017826080322 -0.6543539762496948 -32.07320022583008 -0.016782844439148903 0.9987365007400513 -0.04737056419253349 -4.282280921936035 0.654395580291748 0.04679245874285698 0.754703164100647 63.636207580566406
0.7499627470970154 -0.01990649290382862 -0.6611805558204651 -32.804771423339844 -0.016155552119016647 0.9986976981163025 -0.04839317873120308 -4.346184730529785 0.6612828373908997 0.04697481542825699 0.7486644387245178 64.460205078125
0.7436628341674805 -0.021526269614696503 -0.6682082414627075 -33.55465316772461 -0.014495758339762688 0.9987273812294006 -0.048306550830602646 -4.416282653808594 0.6683976650238037 0.0456099733710289 0.7424045205116272 65.27890014648438
0.7370526194572449 -0.02140667289495468 -0.6754962801933289 -34.312965393066406 -0.013567025773227215 0.9988281726837158 -0.046456508338451385 -4.4828314781188965 0.6756992340087891 0.04340536519885063 0.735898494720459 66.10919952392578
0.7305441498756409 -0.02203480713069439 -0.6825097799301147 -35.0822639465332 -0.012904471717774868 0.9988552927970886 -0.04606068506836891 -4.539319038391113 0.6827434301376343 0.042456794530153275 0.7294235825538635 66.92506408691406
0.7239170670509338 -0.02371397241950035 -0.6894793510437012 -35.84269332885742 -0.011690348386764526 0.9988439083099365 -0.04662851244211197 -4.607684135437012 0.6897879838943481 0.04181542992591858 0.7228029370307922 67.72628021240234
0.7171180248260498 -0.02634880505502224 -0.6964535117149353 -36.62225341796875 -0.010247737169265747 0.9987784028053284 -0.04833841323852539 -4.668859004974365 0.6968762874603271 0.04180142283439636 0.7159721255302429 68.54006958007812
0.7114751935005188 -0.02563798800110817 -0.7022433280944824 -37.42962646484375 -0.0116584999486804 0.9987660050392151 -0.0482754148542881 -4.731185436248779 0.7026143670082092 0.04253386706113815 0.7102984189987183 69.33094787597656
0.7056111693382263 -0.025446882471442223 -0.7081420421600342 -38.245262145996094 -0.011638987809419632 0.9988038539886475 -0.04748912900686264 -4.794337272644043 0.7085036039352417 0.041750915348529816 0.7044711112976074 70.14277648925781
0.7004412412643433 -0.025321852415800095 -0.7132606506347656 -39.06155014038086 -0.012227015569806099 0.9987979531288147 -0.04746612533926964 -4.855736255645752 0.7136052846908569 0.04196827858686447 0.6992897391319275 70.94194030761719
0.6956520080566406 -0.025882545858621597 -0.717912495136261 -39.89176940917969 -0.013138891197741032 0.9987251162528992 -0.048738040030002594 -4.918281078338623 0.7182587385177612 0.04333729296922684 0.694425106048584 71.7330551147461
0.6903419494628906 -0.02776787430047989 -0.7229501605033875 -40.726470947265625 -0.013376973569393158 0.9986024498939514 -0.0511290468275547 -4.99684476852417 0.7233595848083496 0.0449674129486084 0.6890057325363159 72.52041625976562
0.6856068968772888 -0.030951766297221184 -0.7273136377334595 -41.573795318603516 -0.011731971986591816 0.9984962344169617 -0.05355150252580643 -5.063713550567627 0.7278774380683899 0.045248109847307205 0.6842127442359924 73.30433654785156
0.6801169514656067 -0.03078603744506836 -0.7324569225311279 -42.43575668334961 -0.013380477204918861 0.998430073261261 -0.05438954383134842 -5.138752460479736 0.7329815030097961 0.046791866421699524 0.6786373257637024 74.1063003540039
0.6751659512519836 -0.030619462952017784 -0.7370300889015198 -43.299888610839844 -0.01278481911867857 0.9985023140907288 -0.053193870931863785 -5.208981513977051 0.7375550866127014 0.045337483286857605 0.6737633347511292 74.89234924316406
0.6700600981712341 -0.03061550483107567 -0.7416751384735107 -44.1857795715332 -0.011920774355530739 0.9985764622688293 -0.05198981240391731 -5.285192966461182 0.7422110438346863 0.043677642941474915 0.6687413454055786 75.68222045898438
0.664720356464386 -0.03206300735473633 -0.7464038729667664 -45.06456756591797 -0.011387336067855358 0.9985277652740479 -0.05303455516695976 -5.35296630859375 0.7470054626464844 0.043752703815698624 0.6633766889572144 76.46554565429688
0.6601247787475586 -0.0324956551194191 -0.7504527568817139 -45.965274810791016 -0.010957697406411171 0.9985408782958984 -0.052876997739076614 -5.429193019866943 0.7510760426521301 0.04312864691019058 0.6588054895401001 77.23983764648438
0.655246913433075 -0.033701613545417786 -0.7546626329421997 -46.85251235961914 -0.009136669337749481 0.9985776543617249 -0.05252738296985626 -5.50059700012207 0.7553594708442688 0.04131350666284561 0.6540070176124573 78.02433776855469
0.6518178582191467 -0.03392878174781799 -0.7576162815093994 -47.782474517822266 -0.009150443598628044 0.9985741376876831 -0.05259236693382263 -5.575713634490967 0.7583203911781311 0.04121316224336624 0.6505780816078186 78.79344177246094
0.648090124130249 -0.036274563521146774 -0.7606993317604065 -48.68107986450195 -0.007261907681822777 0.998525083065033 -0.05380239710211754 -5.6471405029296875 0.7615291476249695 0.0403929203748703 0.6468709111213684 79.5477523803711
0.6435078382492065 -0.04110265150666237 -0.7643350958824158 -49.61079788208008 -0.003946642391383648 0.9983657598495483 -0.05701056122779846 -5.726099967956543 0.7654292583465576 0.039703305810689926 0.6422940492630005 80.33489227294922
0.6389091610908508 -0.045628346502780914 -0.767927885055542 -50.52657699584961 0.00028803182067349553 0.9982534646987915 -0.059074077755212784 -5.7961297035217285 0.7692822217941284 0.03752177953720093 0.6378064155578613 81.09666442871094
0.6319175958633423 -0.04882388561964035 -0.773496150970459 -51.46474075317383 0.004885021597146988 0.9982448816299438 -0.059019383043050766 -5.877445220947266 0.775020182132721 0.033516835421323776 0.6310469508171082 81.87358856201172
0.6233212351799011 -0.05288447439670563 -0.7801754474639893 -52.40140151977539 0.009703747928142548 0.998156726360321 -0.05990759655833244 -5.957335948944092 0.7819055914878845 0.02977105602622032 0.622685432434082 82.62596130371094
0.6144806742668152 -0.0534919835627079 -0.7871163487434387 -53.36466598510742 0.012524551711976528 0.9982343912124634 -0.058061856776475906 -6.04484748840332 0.788832426071167 0.025819608941674232 0.6140657067298889 83.3690185546875
0.6056127548217773 -0.0518643893301487 -0.7940675020217896 -54.3411979675293 0.012526647187769413 0.9983715415000916 -0.05565474554896355 -6.12470006942749 0.7956608533859253 0.02375822514295578 0.6052762269973755 84.11014556884766
0.5965928435325623 -0.05154528468847275 -0.8008871078491211 -55.322296142578125 0.012185672298073769 0.9984020590782166 -0.05518011003732681 -6.212012767791748 0.8024515509605408 0.02316070906817913 0.5962676405906677 84.82816314697266
0.5871702432632446 -0.05332443118095398 -0.8077051639556885 -56.31716537475586 0.011595827527344227 0.9982795119285583 -0.05747636780142784 -6.283536434173584 0.8093804121017456 0.02438240684568882 0.5867783427238464 85.542236328125
0.5774930119514465 -0.05551132932305336 -0.8145062327384949 -57.32400894165039 0.011890958063304424 0.9981516599655151 -0.059596579521894455 -6.366036415100098 0.8163090348243713 0.02473134547472 0.5770857334136963 86.25028228759766
0.5677402019500732 -0.057377710938453674 -0.8212057948112488 -58.35711669921875 0.012271593324840069 0.9980469346046448 -0.061249662190675735 -6.447031497955322 0.8231163024902344 0.024696391075849533 0.5673354864120483 86.94762420654297
0.5571408867835999 -0.057774513959884644 -0.8284057378768921 -59.3674430847168 0.015363587066531181 0.998123288154602 -0.059278201311826706 -6.541179656982422 0.8302757740020752 0.020299028605222702 0.5569829344749451 87.6333236694336
0.5475586652755737 -0.05758832022547722 -0.8347832560539246 -60.418243408203125 0.016260184347629547 0.9981728196144104 -0.05819437652826309 -6.628488063812256 0.8366093039512634 0.018291102722287178 0.5474945306777954 88.30780792236328
0.5369302034378052 -0.05815950408577919 -0.8416194915771484 -61.47514724731445 0.016470108181238174 0.9981533885002136 -0.058469176292419434 -6.716190814971924 0.8434658646583557 0.01753230020403862 0.5368965268135071 88.9850845336914
0.5260516405105591 -0.05910660699009895 -0.8483961224555969 -62.50053405761719 0.015866689383983612 0.9980903267860413 -0.05969739332795143 -6.804527282714844 0.8503046035766602 0.017942674458026886 0.5259849429130554 89.62859344482422
0.516178548336029 -0.059457771480083466 -0.8544146418571472 -63.5758056640625 0.014044646173715591 0.9980408549308777 -0.06096775084733963 -6.890408515930176 0.8563659191131592 0.019470293074846268 0.516002357006073 90.27027130126953
0.5061995983123779 -0.06059844046831131 -0.8602847456932068 -64.6559066772461 0.013053620234131813 0.9979523420333862 -0.06261488050222397 -6.979578018188477 0.8623175621032715 0.020465794950723648 0.5059540867805481 90.9006118774414
0.4964812397956848 -0.060296159237623215 -0.8659507036209106 -65.74886322021484 0.012541142292320728 0.9979787468910217 -0.062298983335494995 -7.07645320892334 0.867956817150116 0.020070258527994156 0.4962339401245117 91.52294921875
0.48790645599365234 -0.058129120618104935 -0.8709582090377808 -66.8669204711914 0.011689993552863598 0.9981258511543274 -0.06006781756877899 -7.167407512664795 0.8728176355361938 0.019125977531075478 0.4876715838909149 92.14160919189453
0.4791302978992462 -0.056577496230602264 -0.8759183883666992 -67.9782485961914 0.012511871755123138 0.9982592463493347 -0.05763572081923485 -7.257242679595947 0.8776545524597168 0.016655640676617622 0.4790041744709015 92.76512908935547
0.4717899262905121 -0.05692886933684349 -0.8798711895942688 -69.07366943359375 0.012612464837729931 0.9982471466064453 -0.05782509595155716 -7.344240665435791 0.8816207051277161 0.01618395932018757 0.4716809391975403 93.33267211914062
0.46375399827957153 -0.06062180548906326 -0.883887529373169 -70.20533752441406 0.014795987866818905 0.9980470538139343 -0.06068839505314827 -7.427248954772949 0.8858404755592346 0.015066498890519142 0.4637452960014343 93.93292999267578
0.4571110010147095 -0.06375981867313385 -0.8871212601661682 -71.33484649658203 0.017371689900755882 0.9978768825531006 -0.06276893615722656 -7.518129348754883 0.8892399668693542 0.013281580992043018 0.45724818110466003 94.50077819824219
0.4509158432483673 -0.06674975901842117 -0.8900669813156128 -72.45104217529297 0.018795892596244812 0.9976886510848999 -0.06529858708381653 -7.614034652709961 0.8923685550689697 0.012714569456875324 0.4511282444000244 95.07218170166016
0.44515034556388855 -0.07021073997020721 -0.8926990628242493 -73.59754943847656 0.020913757383823395 0.9974645972251892 -0.068021759390831 -7.716527462005615 0.8952115774154663 0.011610220186412334 0.4454900920391083 95.64810943603516
0.44042181968688965 -0.07132212072610855 -0.8949534893035889 -74.73470306396484 0.024224508553743362 0.9974207282066345 -0.06756680458784103 -7.820000648498535 0.8974640965461731 0.00807808618992567 0.44101354479789734 96.20491790771484
0.4362354874610901 -0.06834514439105988 -0.8972333073616028 -75.88507843017578 0.02572980336844921 0.9976511001586914 -0.06348444521427155 -7.92349100112915 0.8994646668434143 0.004608535673469305 0.4369693398475647 96.7660903930664
0.4319131076335907 -0.06680137664079666 -0.8994379043579102 -77.02845001220703 0.029196947813034058 0.9977661967277527 -0.0600837767124176 -8.023122787475586 0.9014425277709961 -0.0003098709275946021 0.43289870023727417 97.32369995117188
0.42918622493743896 -0.06621140986680984 -0.9007859230041504 -78.16808319091797 0.02960628643631935 0.9978048205375671 -0.0592365562915802 -8.109391212463379 0.9027306437492371 -0.0012454171665012836 0.4302043616771698 97.85406494140625
0.42622479796409607 -0.06617633998394012 -0.9021934866905212 -79.29654693603516 0.03139762207865715 0.9978018999099731 -0.058356042951345444 -8.199652671813965 0.9040722846984863 -0.003453941084444523 0.4273656904697418 98.38851928710938
0.4241746962070465 -0.06489379703998566 -0.9032522439956665 -80.43726348876953 0.03238050639629364 0.9978781342506409 -0.05648600310087204 -8.297463417053223 0.9050012826919556 -0.0052878339774906635 0.42537596821784973 98.90718078613281
0.42149755358695984 -0.06452706456184387 -0.9045308232307434 -81.5701904296875 0.03529354929924011 0.9978768229484558 -0.05473987013101578 -8.379556655883789 0.9061424732208252 -0.008851384744048119 0.4228799641132355 99.43734741210938
0.4186459481716156 -0.06572528183460236 -0.905768096446991 -82.70604705810547 0.038106534630060196 0.9977706074714661 -0.05478842929005623 -8.461666107177734 0.9073497653007507 -0.01157873123884201 0.42021721601486206 99.97306060791016
0.416077584028244 -0.06609731167554855 -0.9069237112998962 -83.79022216796875 0.03993503749370575 0.9977205991744995 -0.054393306374549866 -8.544960021972656 0.9084517955780029 -0.013586199842393398 0.41776880621910095 100.48509216308594
0.4139517545700073 -0.06537441909313202 -0.90794837474823 -84.89576721191406 0.04322579875588417 0.9977043867111206 -0.052129559218883514 -8.625384330749512 0.9092719554901123 -0.017667675390839577 0.41582736372947693 100.99686431884766
0.41173669695854187 -0.06461235135793686 -0.9090093374252319 -86.00267791748047 0.04516388475894928 0.9977043867111206 -0.05045975744724274 -8.709550857543945 0.9101830124855042 -0.020278261974453926 0.4137096107006073 101.49817657470703
0.410190612077713 -0.06639332324266434 -0.9095798134803772 -87.10076141357422 0.047502417117357254 0.9975481629371643 -0.051392391324043274 -8.786380767822266 0.910761833190918 -0.022126564756035805 0.4123387634754181 101.99382781982422
0.40843021869659424 -0.06680921465158463 -0.9103413224220276 -88.16170501708984 0.04862184450030327 0.9974943399429321 -0.05139081925153732 -8.87772274017334 0.9114936590194702 -0.023272914811968803 0.41065514087677 102.4833984375
0.40802204608917236 -0.0677541196346283 -0.9104544520378113 -89.23558807373047 0.048158325254917145 0.9974513053894043 -0.05264599621295929 -8.960189819335938 0.9117010235786438 -0.022365236654877663 0.41024506092071533 102.95706176757812
0.4087257981300354 -0.06861575692892075 -0.9100742936134338 -90.2796401977539 0.047930795699357986 0.9974075555801392 -0.05367400497198105 -9.041932106018066 0.9113977551460266 -0.021682633087038994 0.41095495223999023 103.42884063720703
0.4106391668319702 -0.06851158291101456 -0.9092203378677368 -91.3298568725586 0.04588630795478821 0.9974623322486877 -0.05443675071001053 -9.122466087341309 0.9106425642967224 -0.019366897642612457 0.4127408266067505 103.89944458007812
0.415214478969574 -0.06871794164180756 -0.9071244597434998 -92.36580657958984 0.04387366399168968 0.9974952340126038 -0.05548173934221268 -9.203642845153809 0.908664882183075 -0.01676204800605774 0.4171893298625946 104.36793518066406
0.4199187755584717 -0.06896736472845078 -0.9049374461174011 -93.40464782714844 0.04269075766205788 0.9975057244300842 -0.056212376803159714 -9.291101455688477 0.906557023525238 -0.015027827583253384 0.4218156337738037 104.84403228759766
0.4258212447166443 -0.06905338168144226 -0.9021684527397156 -94.41681671142578 0.042471397668123245 0.9975098967552185 -0.05630457028746605 -9.374457359313965 0.9038099050521851 -0.014340679161250591 0.4276937246322632 105.31961059570312
0.4325060248374939 -0.067928247153759 -0.8990685939788818 -95.4232406616211 0.0413418747484684 0.9976032376289368 -0.055485013872385025 -9.452417373657227 0.9006826877593994 -0.01317157968878746 0.4342776834964752 105.80715942382812
0.4409458041191101 -0.06613146513700485 -0.895094096660614 -96.43770599365234 0.039945755153894424 0.9977396130561829 -0.05403686687350273 -9.533421516418457 0.8966444134712219 -0.011927886866033077 0.44259074330329895 106.28924560546875
0.450045108795166 -0.06597327440977097 -0.8905654549598694 -97.41295623779297 0.039773691445589066 0.9977585077285767 -0.053814616054296494 -9.610719680786133 0.8921196460723877 -0.011202068999409676 0.45166030526161194 106.77647399902344
0.459390789270401 -0.06556317955255508 -0.8858112096786499 -98.40017700195312 0.03875316306948662 0.9978018999099731 -0.053754378110170364 -9.683133125305176 0.8873885273933411 -0.00963372178375721 0.4609217643737793 107.2834701538086
0.4693121314048767 -0.06594324111938477 -0.8805665969848633 -99.37679290771484 0.037428632378578186 0.9977970123291016 -0.05477410927414894 -9.765851020812988 0.8822387456893921 -0.0072522531263530254 0.47074639797210693 107.79783630371094
0.4795527160167694 -0.06786541640758514 -0.8748847246170044 -100.35106658935547 0.03636613115668297 0.9976853728294373 -0.057457685470581055 -9.835076332092285 0.8767591118812561 -0.004262183327227831 0.4809108078479767 108.33158111572266
0.4911498725414276 -0.06900618970394135 -0.8683373928070068 -101.30756378173828 0.03475988656282425 0.9976158738136292 -0.059618934988975525 -9.909368515014648 0.8703812956809998 -0.0009014790412038565 0.4923775792121887 108.86634063720703
0.5038573145866394 -0.06714677065610886 -0.861173152923584 -102.25726318359375 0.03271474316716194 0.9977421760559082 -0.05865442380309105 -9.992088317871094 0.8631672263145447 0.0013803974725306034 0.5049163103103638 109.41278839111328
0.5164418816566467 -0.06483887881040573 -0.8538640141487122 -103.19015502929688 0.031225919723510742 0.9978919625282288 -0.056889425963163376 -10.067087173461914 0.8557528257369995 0.0027173934504389763 0.5173778533935547 109.97030639648438
0.5291991829872131 -0.06003612279891968 -0.8463709950447083 -104.1219711303711 0.02859756536781788 0.9981890916824341 -0.05292427912354469 -10.172342300415039 0.848015546798706 0.0038033360615372658 0.5299577713012695 110.53734588623047
0.5409407615661621 -0.059583354741334915 -0.8389474749565125 -105.03671264648438 0.02896132878959179 0.9982156753540039 -0.05222097411751747 -10.243882179260254 0.8405619859695435 0.003951416816562414 0.5417010188102722 111.1231460571289
