1.0 0.0 0.0 0.0 0.0 1.0 0.0 0.0 0.0 0.0 1.0 0.0
0.9998738169670105 0.0014842982636764646 0.01581527292728424 0.01064246241003275 -0.0014695272548124194 0.9999984502792358 -0.0009455552790313959 -0.0031771797221153975 -0.01581665314733982 0.0009221950313076377 0.999874472618103 0.12632517516613007
0.9992917776107788 0.0043086702935397625 0.037380825728178024 0.02702573500573635 -0.0042964499443769455 0.999990701675415 -0.0004072345036547631 -0.0047088670544326305 -0.037382230162620544 0.000246341252932325 0.999301016330719 0.2725621163845062
0.9978950619697571 0.005960727110505104 0.06457508355379105 0.05635100603103638 -0.00603604456409812 0.9999812841415405 0.0009713211911730468 -0.00494786910712719 -0.06456808745861053 -0.001359054702334106 0.9979124069213867 0.4363599419593811
0.9951286911964417 0.005685440730303526 0.09841995686292648 0.10282527655363083 -0.006031164899468422 0.999976634979248 0.003215579781681299 -0.004281699191778898 -0.09839937835931778 -0.0037935024593025446 0.9951397776603699 0.608940601348877
0.9906279444694519 0.002608267357572913 0.1365627944469452 0.16377346217632294 -0.00335144717246294 0.9999807476997375 0.0052124024368822575 -0.005373601336032152 -0.1365465670824051 -0.00562123442068696 0.9906176924705505 0.793109655380249
0.984346330165863 -0.0001708697236608714 0.1762448400259018 0.237047478556633 -0.00079401268158108 0.9999850988388062 0.005404133815318346 -0.004444960504770279 -0.1762431561946869 -0.005459479056298733 0.984331488609314 0.9879165887832642
0.9755622744560242 -0.0003871980879921466 0.21972282230854034 0.3205564618110657 -0.0010974414180964231 0.9999774098396301 0.006634776014834642 -0.0013099320931360126 -0.21972043812274933 -0.006713769864290953 0.9755397439002991 1.1929223537445068
0.9634423851966858 -0.00019734470697585493 0.26791536808013916 0.41365963220596313 -0.002428316278383136 0.9999521970748901 0.009468953125178814 0.0016105095855891705 -0.2679044306278229 -0.00977337546646595 0.963395893573761 1.4060174226760864
0.9489373564720154 -0.003840615274384618 0.31544122099876404 0.5287756323814392 -0.0015043611638247967 0.9998594522476196 0.016699209809303284 -0.0034620289225131273 -0.31546106934547424 -0.01632104441523552 0.9487981796264648 1.619226098060608
0.9319958686828613 -0.013142929412424564 0.3622303903102875 0.6705181002616882 0.004489502403885126 0.9996843338012695 0.024720683693885803 -0.00774082075804472 -0.36244094371795654 -0.021413343027234077 0.9317607283592224 1.8269091844558716
0.910574197769165 -0.018316933885216713 0.4129396677017212 0.8255794644355774 0.007006429135799408 0.9995580911636353 0.028887921944260597 -0.004830556455999613 -0.4132862687110901 -0.023411359637975693 0.9103001356124878 2.0540778636932373
0.8851222395896912 -0.019654063507914543 0.46494343876838684 0.9935989379882812 0.005014808848500252 0.999452531337738 0.0327020138502121 0.00031824305187910795 -0.4653315842151642 -0.026613673195242882 0.8847362399101257 2.282430648803711
0.8567661643028259 -0.02182421274483204 0.5152429938316345 1.1715598106384277 0.0029951429460197687 0.9992977380752563 0.037346936762332916 0.002146677579730749 -0.5156962871551514 -0.03045436553657055 0.8562299609184265 2.4913015365600586
0.8242233395576477 -0.026227103546261787 0.5656570792198181 1.37147855758667 0.003339549992233515 0.9991345405578613 0.041459519416093826 0.008245757780969143 -0.5662549138069153 -0.032282862812280655 0.8235977292060852 2.7058353424072266
0.7881330847740173 -0.03181769698858261 0.6146818399429321 1.6058419942855835 0.005300721153616905 0.9989768266677856 0.04491342976689339 0.010058448649942875 -0.6154818534851074 -0.032139506191015244 0.7874954342842102 2.9217216968536377
0.7496832609176636 -0.035568851977586746 0.6608402132987976 1.8436659574508667 0.005635430105030537 0.99886155128479 0.04736936092376709 0.017679398879408836 -0.6617726683616638 -0.03178790211677551 0.749030351638794 3.1299612522125244
0.7095353007316589 -0.03902208060026169 0.7035885453224182 2.1099908351898193 0.006962307263165712 0.998805046081543 0.04837408289313316 0.02744513377547264 -0.7046353816986084 -0.029424520209431648 0.70895916223526 3.3296637535095215
0.6672253012657166 -0.040235236287117004 0.7437685132026672 2.4159939289093018 0.005401298403739929 0.998775064945221 0.04918475076556206 0.04778368026018143 -0.7448363900184631 -0.028799988329410553 0.6666253209114075 3.561760187149048
0.6246534585952759 -0.03979770839214325 0.779887318611145 2.7504665851593018 0.0007179907406680286 0.9987292885780334 0.050390154123306274 0.0776725485920906 -0.7809017896652222 -0.03091643564403057 0.623888373374939 3.77850079536438
0.582338273525238 -0.040848731994628906 0.8119196891784668 3.093705654144287 -0.00256710359826684 0.9986392855644226 0.0520840622484684 0.08336842805147171 -0.8129425644874573 -0.03241482004523277 0.5814410448074341 3.993173122406006
0.5421556830406189 -0.04183518514037132 0.8392359614372253 3.4560728073120117 -0.00494346022605896 0.9985837340354919 0.05297207087278366 0.09643995016813278 -0.8402634859085083 -0.03286783769726753 0.5411810874938965 4.193410396575928
0.5028193593025208 -0.04388892278075218 0.863276481628418 3.862717390060425 -0.0067030261270701885 0.9984821081161499 0.05466696619987488 0.11563878506422043 -0.8643654584884644 -0.033274177461862564 0.5017620325088501 4.406149864196777
0.4653790593147278 -0.04343936964869499 0.8840448260307312 4.2986931800842285 -0.00944328960031271 0.9984944462776184 0.05403422564268112 0.13759855926036835 -0.8850610256195068 -0.03349468857049942 0.4642682671546936 4.604918956756592
0.429226815700531 -0.04299921169877052 0.9021726250648499 4.76019811630249 -0.010681252926588058 0.9985545873641968 0.05267477408051491 0.1513957977294922 -0.9031335711479187 -0.03224576264619827 0.4281471371650696 4.7994771003723145
0.3957449495792389 -0.041441503912210464 0.9174249172210693 5.252659320831299 -0.009507383219897747 0.9987428784370422 0.04921591654419899 0.17578192055225372 -0.9183112382888794 -0.02819925919175148 0.39485347270965576 4.976308822631836
0.36636117100715637 -0.03940420597791672 0.9296379685401917 5.772722244262695 -0.007191906217485666 0.998953104019165 0.04517649486660957 0.2017701417207718 -0.9304449558258057 -0.02323678508400917 0.36569422483444214 5.151089668273926
0.340772807598114 -0.03760186955332756 0.9393934011459351 6.321966648101807 -0.006604889407753944 0.9990794658660889 0.042386941611766815 0.22347252070903778 -0.9401224851608276 -0.020648907870054245 0.3402107357978821 5.3402862548828125
0.3205641806125641 -0.03684566542506218 0.9465098977088928 6.894840717315674 -0.005459401290863752 0.9991547465324402 0.040744006633758545 0.24961800873279572 -0.9472110867500305 -0.018228447064757347 0.32009202241897583 5.517331123352051
0.3060835897922516 -0.037116698920726776 0.9512808322906494 7.493588447570801 -0.004369357135146856 0.9991744756698608 0.04039127752184868 0.27645793557167053 -0.9519945979118347 -0.016519593074917793 0.3056686818599701 5.698163986206055
0.2944144010543823 -0.03932144492864609 0.9548685550689697 8.129487991333008 -0.003037083428353071 0.99910968542099 0.042079709470272064 0.29276731610298157 -0.9556730389595032 -0.015288890339434147 0.2940328121185303 5.884438991546631
0.2834496796131134 -0.040740326046943665 0.9581213593482971 8.772336959838867 -0.004780035000294447 0.9990247488021851 0.043893709778785706 0.3210570812225342 -0.9589751362800598 -0.017021512612700462 0.28297847509384155 6.083640098571777
0.2727523148059845 -0.0424807108938694 0.9611460566520691 9.447957992553711 -0.006122021470218897 0.9989277720451355 0.045887891203165054 0.34760937094688416 -0.962064802646637 -0.01840018481016159 0.2721997797489166 6.2742109298706055
0.26289770007133484 -0.04413186013698578 0.9638139009475708 10.150519371032715 -0.006976067554205656 0.9988402128219604 0.04763852432370186 0.3776143789291382 -0.9647985100746155 -0.019247688353061676 0.26228493452072144 6.461235523223877
0.25255298614501953 -0.04608405753970146 0.9664850234985352 10.869802474975586 -0.008034137077629566 0.9987307786941528 0.04972101002931595 0.4056437909603119 -0.9675496816635132 -0.02032206393778324 0.25186219811439514 6.6521782875061035
0.2426469326019287 -0.04755721986293793 0.9689483046531677 11.626275062561035 -0.008750694803893566 0.9986497759819031 0.05120638757944107 0.43102604150772095 -0.9700751900672913 -0.020904043689370155 0.2419031709432602 6.8268327713012695
0.23250684142112732 -0.04873771592974663 0.9713728427886963 12.38559341430664 -0.008572585880756378 0.9986022114753723 0.05215584859251976 0.4666474759578705 -0.9725569486618042 -0.020453765988349915 0.2317640483379364 6.9989705085754395
0.22208839654922485 -0.05177677795290947 0.9736508131027222 13.162738800048828 -0.010095607489347458 0.9984133839607239 0.05539639666676521 0.497655987739563 -0.9749742150306702 -0.022132493555545807 0.22121332585811615 7.179631233215332
0.21094796061515808 -0.05500313267111778 0.9759485721588135 13.96393871307373 -0.011794653721153736 0.9981998205184937 0.05880654230713844 0.5370842814445496 -0.9774261116981506 -0.023916095495224 0.20991943776607513 7.3576202392578125
0.1986865997314453 -0.05894923955202103 0.9782886505126953 14.738171577453613 -0.012560510076582432 0.9979543089866638 0.06268523633480072 0.5706645250320435 -0.9799826145172119 -0.024742521345615387 0.19753968715667725 7.509066581726074
0.18566614389419556 -0.061004381626844406 0.9807173609733582 15.53597640991211 -0.013491770252585411 0.9978185296058655 0.06462235748767853 0.6097436547279358 -0.982520341873169 -0.02522979862987995 0.184438094496727 7.656484603881836
0.17213179171085358 -0.061820536851882935 0.9831322431564331 16.343687057495117 -0.014127484522759914 0.9977712035179138 0.06521458178758621 0.6453307867050171 -0.9849726557731628 -0.02511468529701233 0.17087478935718536 7.790900230407715
0.1570584923028946 -0.060788825154304504 0.985716700553894 17.152624130249023 -0.014933325350284576 0.9978435039520264 0.06391607224941254 0.6836823225021362 -0.9874763488769531 -0.02475859224796295 0.15581201016902924 7.929449558258057
0.1403198093175888 -0.05946953594684601 0.9883185625076294 17.986011505126953 -0.01604635640978813 0.9979268312454224 0.06232590973377228 0.7253522276878357 -0.989976167678833 -0.024604473263025284 0.13907462358474731 8.04567813873291
0.12009777128696442 -0.057813867926597595 0.9910772442817688 18.80829429626465 -0.018723908811807632 0.9979933500289917 0.060486260801553726 0.7633865475654602 -0.9925854802131653 -0.025821106508374214 0.11877427250146866 8.141619682312012
0.09426309168338776 -0.05615769326686859 0.9939621686935425 19.634801864624023 -0.023419873788952827 0.998006284236908 0.058607228100299835 0.8027753233909607 -0.9952717423439026 -0.028802966699004173 0.09275996685028076 8.224796295166016
0.06407561898231506 -0.05580497160553932 0.996383547782898 20.475061416625977 -0.027033613994717598 0.997971773147583 0.057632409036159515 0.8333393931388855 -0.9975787401199341 -0.030628681182861328 0.06243704631924629 8.270843505859375
0.03061814047396183 -0.0556647963821888 0.9979799389839172 21.294919967651367 -0.02928945980966091 0.997969388961792 0.05656280741095543 0.8641239404678345 -0.9991018772125244 -0.03096214309334755 0.028925573453307152 8.29539966583252
-0.0029464580584317446 -0.055441319942474365 0.9984576106071472 22.15224266052246 -0.03100065141916275 0.9979870915412903 0.05532371252775192 0.8926199674606323 -0.9995149970054626 -0.030789826065301895 -0.004659219644963741 8.277069091796875
-0.03770778328180313 -0.05413935333490372 0.9978211522102356 23.03803253173828 -0.03185119479894638 0.998089075088501 0.05295022949576378 0.9222956895828247 -0.9987810254096985 -0.02978515811264515 -0.03936011716723442 8.250728607177734
-0.07087191939353943 -0.05232495442032814 0.9961121082305908 23.886180877685547 -0.03368993476033211 0.9981790781021118 0.050036538392305374 0.9507138133049011 -0.9969162940979004 -0.030012764036655426 -0.07250568270683289 8.184907913208008
-0.10388082265853882 -0.04941853508353233 0.9933612942695618 24.732961654663086 -0.03604074940085411 0.9982959032058716 0.04589506611227989 0.9760791063308716 -0.9939365386962891 -0.031033866107463837 -0.10548488050699234 8.099431037902832
-0.135825052857399 -0.04499547928571701 0.9897105693817139 25.581228256225586 -0.03263423219323158 0.9986292719841003 0.04092232882976532 0.9931718111038208 -0.9901952147483826 -0.026740165427327156 -0.1371072679758072 7.965389251708984
-0.16653726994991302 -0.03875957801938057 0.9852730631828308 26.40359115600586 -0.027595674619078636 0.9990188479423523 0.03463592752814293 1.0088030099868774 -0.9856489300727844 -0.021421104669570923 -0.16744348406791687 7.809805393218994
-0.1971423476934433 -0.03251061215996742 0.9798356294631958 27.232925415039062 -0.021201152354478836 0.9993576407432556 0.028892681002616882 1.020046591758728 -0.9801455736160278 -0.015077674761414528 -0.1977049708366394 7.626218795776367
-0.22603684663772583 -0.026961350813508034 0.973745584487915 28.05760955810547 -0.014724189415574074 0.9995972514152527 0.02425919473171234 1.023179054260254 -0.9740074872970581 -0.008854144252836704 -0.22634278237819672 7.415255069732666
-0.2538430094718933 -0.020494913682341576 0.9670283794403076 28.876449584960938 -0.007056612987071276 0.9997881054878235 0.019336868077516556 1.0333664417266846 -0.9672197103500366 -0.0019154149340465665 -0.2539338767528534 7.189266204833984
-0.2801933288574219 -0.00998777151107788 0.9598916172981262 29.68423080444336 -0.0009772810153663158 0.9999483227729797 0.010119295679032803 1.0276724100112915 -0.9599431753158569 0.001897274749353528 -0.28018859028816223 6.936626434326172
-0.30546385049819946 0.005299135576933622 0.9521889090538025 30.465532302856445 0.0034788125194609165 0.9999840259552002 -0.0044491165317595005 1.0110409259796143 -0.9521973133087158 0.0019534423481673002 -0.30547744035720825 6.674141883850098
-0.33034613728523254 0.02267262153327465 0.9435874819755554 31.246370315551758 0.0045282114297151566 0.9997379779815674 -0.02243650332093239 0.9894828200340271 -0.9438490271568298 -0.0031390488147735596 -0.3303622305393219 6.396401882171631
-0.35515397787094116 0.03756378963589668 0.9340527653694153 32.02227020263672 0.004906477406620979 0.9992533922195435 -0.03832031413912773 0.9582361578941345 -0.9347948431968689 -0.009026702493429184 -0.3550731837749481 6.087650299072266
-0.37952813506126404 0.04765186831355095 0.9239521622657776 32.78359603881836 0.008526829071342945 0.9988104701042175 -0.048010069876909256 0.9114730358123779 -0.925140917301178 -0.010342789813876152 -0.3794829845428467 5.767495155334473
-0.4031979441642761 0.05195966735482216 0.9136364459991455 33.5362663269043 0.011757036671042442 0.9985984563827515 -0.051603052765131 0.8619391918182373 -0.9150371551513672 -0.010064586997032166 -0.4032437801361084 5.420264720916748
-0.42549440264701843 0.051854152232408524 0.9034742116928101 34.28562927246094 0.015456553548574448 0.998627781867981 -0.05003608763217926 0.8093685507774353 -0.9048290848731995 -0.00732547789812088 -0.4257119596004486 5.059514999389648
-0.44575434923171997 0.047520823776721954 0.8938930630683899 35.01814651489258 0.018688708543777466 0.9988662600517273 -0.043781936168670654 0.7547820210456848 -0.8949602246284485 -0.0028102819342166185 -0.44613707065582275 4.681133270263672
-0.46353352069854736 0.04630710557103157 0.8848686218261719 35.738624572753906 0.02635195478796959 0.9989121556282043 -0.03847093880176544 0.7071478366851807 -0.8856874108314514 0.005485443398356438 -0.4642496705055237 4.287200927734375
-0.4769956171512604 0.0465085431933403 0.8776742815971375 36.44179153442383 0.02852194756269455 0.998892068862915 -0.03743094578385353 0.6585640907287598 -0.8784427642822266 0.007178579922765493 -0.4777936637401581 3.8927860260009766
-0.48806002736091614 0.05089355632662773 0.8713249564170837 37.13859176635742 0.03292478248476982 0.9986615180969238 -0.039888862520456314 0.6091069579124451 -0.8721888065338135 0.00922002550214529 -0.489082396030426 3.4937686920166016
-0.49813276529312134 0.05324172228574753 0.8654646277427673 37.82674789428711 0.03341355547308922 0.9985504150390625 -0.042197175323963165 0.5635384917259216 -0.8664566874504089 0.007898456417024136 -0.49918967485427856 3.09334135055542
-0.5085917115211487 0.052817873656749725 0.8593863248825073 38.525421142578125 0.027881523594260216 0.9986035227775574 -0.044873662292957306 0.5122512578964233 -0.8605563044548035 0.0011386307887732983 -0.5093539953231812 2.68235445022583
-0.5196532607078552 0.05155974254012108 0.8528202176094055 39.21239471435547 0.02760072983801365 0.9986695647239685 -0.04355940222740173 0.4635721445083618 -0.8539314270019531 0.0009026792249642313 -0.5203848481178284 2.2684133052825928
-0.5282256007194519 0.05265739932656288 0.847469687461853 39.884647369384766 0.029555585235357285 0.9986106157302856 -0.04362660273909569 0.4164857864379883 -0.8485895395278931 0.002002777298912406 -0.529047966003418 1.8420283794403076
-0.5358517169952393 0.0555083341896534 0.8424854278564453 40.57505798339844 0.03172615170478821 0.9984555840492249 -0.04560564085841179 0.3753224313259125 -0.8437157869338989 0.002290954813361168 -0.5367852449417114 1.4051225185394287
-0.5390599966049194 0.05841560661792755 0.8402391076087952 41.27735900878906 0.033346060663461685 0.9982900619506836 -0.04801037162542343 0.3254914879798889 -0.8416069746017456 0.002138186478987336 -0.5400862097740173 0.948335587978363
-0.538746178150177 0.06080099195241928 0.8402711749076843 41.98099899291992 0.03292165324091911 0.9981499314308167 -0.0511169359087944 0.28176504373550415 -0.8418245911598206 0.00012405838060658425 -0.5397511720657349 0.4985366761684418
-0.5354055166244507 0.06074097380042076 0.8424080610275269 42.705589294433594 0.035133834928274155 0.9981489777565002 -0.04964066296815872 0.22533002495765686 -0.8438640236854553 0.003019139636307955 -0.5365485548973083 0.034262605011463165
-0.529832661151886 0.059611767530441284 0.8460046052932739 43.44770431518555 0.03316096216440201 0.9982200264930725 -0.04956934601068497 0.17176125943660736 -0.8474536538124084 0.0017908603185787797 -0.530866265296936 -0.4184766709804535
-0.523077130317688 0.05825701355934143 0.850291907787323 44.18515396118164 0.030819222331047058 0.9983016848564148 -0.049438588321208954 0.12295243889093399 -0.8517278432846069 0.0003451424418017268 -0.5239841938018799 -0.8523808121681213
-0.5159551501274109 0.0579257495701313 0.854654848575592 44.95845031738281 0.029299214482307434 0.9983206987380981 -0.049975018948316574 0.07140157371759415 -0.856114387512207 -0.0007441528141498566 -0.5167858600616455 -1.3129746913909912
-0.5101650357246399 0.056290749460458755 0.8582324385643005 45.74298095703125 0.026296189054846764 0.9984102845191956 -0.04985347390174866 0.014584938064217567 -0.859674334526062 -0.0028652523178607225 -0.5108342170715332 -1.7635382413864136
-0.5052129030227661 0.05385570228099823 0.8613126277923584 46.563636779785156 0.02168538235127926 0.9985278844833374 -0.04971561208367348 -0.04132905602455139 -0.8627221584320068 -0.006439074873924255 -0.5056371092796326 -2.247440814971924
-0.503892719745636 0.05105073004961014 0.8622563481330872 47.390682220458984 0.017559099942445755 0.9986510276794434 -0.04886477440595627 -0.09835175424814224 -0.8635877370834351 -0.009482153691351414 -0.5041093230247498 -2.7193329334259033
-0.5044831037521362 0.04859136417508125 0.8620531558990479 48.221866607666016 0.014664764516055584 0.9987533688545227 -0.04771475866436958 -0.15754488110542297 -0.8632970452308655 -0.011429481208324432 -0.5045666694641113 -3.1924519538879395
-0.505440890789032 0.04768611118197441 0.8615425229072571 49.06734848022461 0.013689108192920685 0.9987893104553223 -0.047251682728528976 -0.21536169946193695 -0.8627526164054871 -0.01208918634802103 -0.5054816603660583 -3.680224657058716
-0.5058353543281555 0.04663517326116562 0.8613684773445129 49.930484771728516 0.01329786702990532 0.9988404512405396 -0.046268898993730545 -0.2722782492637634 -0.8625274300575256 -0.011950081214308739 -0.5058690905570984 -4.184134006500244
-0.5059796571731567 0.0462472103536129 0.8613046407699585 50.80211639404297 0.013366103172302246 0.9988620281219482 -0.04578125849366188 -0.32840630412101746 -0.8624417781829834 -0.011652098037302494 -0.506022036075592 -4.695052623748779
-0.5063402652740479 0.045238811522722244 0.8611463308334351 51.68272399902344 0.013320164754986763 0.9989140629768372 -0.04464416578412056 -0.3872884511947632 -0.8622308969497681 -0.011134526692330837 -0.5063930153846741 -5.203168869018555
-0.5062386393547058 0.04514182731509209 0.8612111806869507 52.56899642944336 0.013495909050107002 0.9989214539527893 -0.044426947832107544 -0.44708916544914246 -0.8622878193855286 -0.010867812670767307 -0.5063018798828125 -5.72294807434082
-0.5067748427391052 0.04367279261350632 0.8609715104103088 53.46547317504883 0.011101479642093182 0.9989636540412903 -0.04413802921772003 -0.5021628737449646 -0.8620069622993469 -0.012809987179934978 -0.5067344903945923 -6.242250442504883
-0.5066201686859131 0.04266209155321121 0.8611131906509399 54.35185241699219 0.010202059522271156 0.9990018606185913 -0.04349129647016525 -0.5641980767250061 -0.8621090054512024 -0.013248440809547901 -0.5065496563911438 -6.755239486694336
-0.5056543946266174 0.041964221745729446 0.8617148995399475 55.24704360961914 0.009189804084599018 0.9990217089653015 -0.04325827211141586 -0.6292879581451416 -0.8626871705055237 -0.013954746536910534 -0.5055453777313232 -7.278285503387451
-0.5046128630638123 0.040511421859264374 0.8623947501182556 56.12651443481445 0.00911912601441145 0.9990928769111633 -0.04159700497984886 -0.6877263784408569 -0.8632975816726685 -0.013126102276146412 -0.5045245289802551 -7.79104471206665
-0.5022843480110168 0.03829410299658775 0.863854169845581 57.01301193237305 0.00948031060397625 0.9992026686668396 -0.03878174349665642 -0.749351978302002 -0.864650547504425 -0.011289856396615505 -0.5022469162940979 -8.306526184082031
-0.5001774430274963 0.03686735779047012 0.8651377558708191 57.89795684814453 0.009444883093237877 0.9992660880088806 -0.03712262585759163 -0.8088645339012146 -0.8658715486526489 -0.010396773926913738 -0.5001585483551025 -8.80574893951416
-0.49765485525131226 0.03684759512543678 0.8665921092033386 58.785465240478516 0.010013043880462646 0.999274730682373 -0.03673912212252617 -0.8642256855964661 -0.8673173189163208 -0.009606176055967808 -0.4976629316806793 -9.31174373626709
-0.49558961391448975 0.036944229155778885 0.8677707314491272 59.67070007324219 0.009651413187384605 0.9992675185203552 -0.037030551582574844 -0.9213114380836487 -0.8685032725334167 -0.009976743720471859 -0.4955831468105316 -9.812516212463379
-0.49457162618637085 0.037556733936071396 0.8683250546455383 60.550514221191406 0.009802144020795822 0.999243438243866 -0.03763620927929878 -0.9751009345054626 -0.8690816164016724 -0.010102352127432823 -0.49456557631492615 -10.315001487731934
-0.4954894781112671 0.039019372314214706 0.8677371740341187 61.42564010620117 0.009725936688482761 0.999177098274231 -0.03937617316842079 -1.034606695175171 -0.8685595393180847 -0.011070922948420048 -0.49546125531196594 -10.808881759643555
-0.49846699833869934 0.040574830025434494 0.8659586310386658 62.29780960083008 0.008238877169787884 0.9990807175636292 -0.04206981509923935 -1.0957276821136475 -0.8668695688247681 -0.013835887424647808 -0.49834302067756653 -11.301657676696777
-0.5027737021446228 0.041278284043073654 0.8634319305419922 63.17844009399414 0.006975842174142599 0.9990203380584717 -0.04369838535785675 -1.1543511152267456 -0.8643898367881775 -0.015947233885526657 -0.5025691986083984 -11.816412925720215
-0.5083436369895935 0.040064677596092224 0.8602218627929688 64.04167938232422 0.008667407557368279 0.9991045594215393 -0.04141116142272949 -1.2134733200073242 -0.8611106276512146 -0.01359520386904478 -0.50823575258255 -12.322734832763672
-0.5138245820999146 0.03754868358373642 0.857073187828064 64.89714050292969 0.009949344210326672 0.9992352724075317 -0.03781212121248245 -1.2748956680297852 -0.8578375577926636 -0.010901483707129955 -0.5138052701950073 -12.8345308303833
-0.5190598368644714 0.03490038961172104 0.85402512550354 65.75733947753906 0.006696447264403105 0.9993014335632324 -0.03676725551486015 -1.3344470262527466 -0.8547117114067078 -0.013365467078983784 -0.5189309120178223 -13.346519470214844
-0.5244985818862915 0.03809867426753044 0.8505585789680481 66.60437774658203 0.009181558154523373 0.9991933107376099 -0.03909457474946976 -1.392510175704956 -0.8513619303703308 -0.012695593759417534 -0.5244251489639282 -13.85921573638916
-0.5293572545051575 0.03998514264822006 0.8474562764167786 67.44404602050781 0.009122949093580246 0.9990991950035095 -0.04144145920872688 -1.441281795501709 -0.8483499884605408 -0.014206038787961006 -0.5292451977729797 -14.380426406860352
-0.5342071056365967 0.040813710540533066 0.8443678617477417 68.27021789550781 0.007541700731962919 0.9990242123603821 -0.0435178242623806 -1.4992709159851074 -0.8453200459480286 -0.01687956415116787 -0.5339936017990112 -14.89128589630127
-0.5375743508338928 0.04106133058667183 0.8422159552574158 69.07750701904297 0.007103438954800367 0.9989987015724182 -0.044171083718538284 -1.560423493385315 -0.8431864380836487 -0.01776261068880558 -0.537327766418457 -15.412611961364746
-0.540625274181366 0.04080655425786972 0.8402732610702515 69.89645385742188 0.008528164587914944 0.9990374445915222 -0.04302972927689552 -1.6176230907440186 -0.8412203192710876 -0.016096968203783035 -0.540452778339386 -15.938230514526367
-0.5428426861763 0.03383827209472656 0.839152455329895 70.7117919921875 0.009003217332065105 0.9993650317192078 -0.034474603831768036 -1.6655757427215576 -0.8397861123085022 -0.011159216985106468 -0.542802631855011 -16.46696662902832
-0.5455654859542847 0.024232463911175728 0.8377177715301514 71.53697967529297 0.007060581818223 0.9996793270111084 -0.02431926317512989 -1.7229517698287964 -0.8380383849143982 -0.0073529803194105625 -0.545561671257019 -16.995439529418945
-0.5475471019744873 0.023069310933351517 0.8364567756652832 72.35326385498047 0.008224531076848507 0.9997199177742004 -0.022188274189829826 -1.7636076211929321 -0.836734414100647 -0.005269662942737341 -0.5475835204124451 -17.52155303955078
-0.5482938885688782 0.027725540101528168 0.8358259797096252 73.14423370361328 0.008732659742236137 0.9995856285095215 -0.027429135516285896 -1.8098104000091553 -0.8362400531768799 -0.007740247529000044 -0.5483089089393616 -18.039094924926758
-0.5500080585479736 0.03337570279836655 0.8344921469688416 73.94856262207031 0.009261436760425568 0.9993834495544434 -0.03386641666293144 -1.8531790971755981 -0.8351079821586609 -0.010898208245635033 -0.5499780774116516 -18.553255081176758
-0.5494425892829895 0.03767390921711922 0.8346816897392273 74.72201538085938 0.01586807146668434 0.9992731809616089 -0.034657448530197144 -1.9004300832748413 -0.8353806734085083 -0.005797489546239376 -0.5496411323547363 -19.091169357299805
-0.5491464734077454 0.03923379257321358 0.8348047137260437 75.51306915283203 0.019515996798872948 0.999226987361908 -0.034123338758945465 -1.9502604007720947 -0.8354981541633606 -0.002446669153869152 -0.5494877696037292 -19.62397575378418
-0.5488196015357971 0.03589852899312973 0.8351696729660034 76.31839752197266 0.017871633172035217 0.9993529319763184 -0.031211625784635544 -1.9920103549957275 -0.8357496857643127 -0.0022037080489099026 -0.5491060614585876 -20.14450454711914
-0.5482941269874573 0.030872097238898277 0.8357155323028564 77.1068344116211 0.016093922778964043 0.999522864818573 -0.026364430785179138 -2.031346321105957 -0.836130678653717 -0.0010055196471512318 -0.548529326915741 -20.657690048217773
-0.5480273962020874 0.023669807240366936 0.8361254334449768 77.89216613769531 0.01322229951620102 0.9997196793556213 -0.019634610041975975 -2.080375909805298 -0.8363558650016785 0.0002951980277430266 -0.5481867790222168 -21.146495819091797
-0.5474119782447815 0.018685581162571907 0.8366546034812927 78.71342468261719 0.004708085674792528 0.9998036623001099 -0.01924886181950569 -2.1072089672088623 -0.8368500471115112 -0.0065980153158307076 -0.5473924279212952 -21.67229461669922
-0.5456587076187134 0.01349550299346447 0.8378987908363342 79.50952911376953 -0.0030991018284112215 0.9998310208320618 -0.01812184602022171 -2.134644031524658 -0.8380017876625061 -0.012485077604651451 -0.5455247163772583 -22.1752872467041
-0.5433851480484009 0.01451942790299654 0.8393579125404358 80.29253387451172 0.00031458379817195237 0.999853789806366 -0.01709207333624363 -2.168381690979004 -0.8394834995269775 -0.009023528546094894 -0.543310284614563 -22.687774658203125
-0.5406927466392517 0.017588846385478973 0.8410362005233765 81.07624816894531 0.0049637481570243835 0.9998307228088379 -0.01771862432360649 -2.212165355682373 -0.8412054777145386 -0.005405639763921499 -0.5406885147094727 -23.182601928710938
-0.5358954071998596 0.020253390073776245 0.8440415263175964 81.8849105834961 0.006528165657073259 0.9997817873954773 -0.01984565332531929 -2.242786407470703 -0.8442592620849609 -0.00512514915317297 -0.5359105467796326 -23.6844539642334
-0.5271361470222473 0.023719293996691704 0.8494496941566467 82.67157745361328 0.012707090005278587 0.9997186064720154 -0.020029732957482338 -2.2678728103637695 -0.8496857285499573 0.0002356345794396475 -0.5272892713546753 -24.19881820678711
-0.5189193487167358 0.027197308838367462 0.8543903827667236 83.46407318115234 0.020378487184643745 0.999603271484375 -0.019442781805992126 -2.306861400604248 -0.8545802235603333 0.007321944460272789 -0.5192677974700928 -24.690454483032227
-0.5095819234848022 0.02610871009528637 0.8600258827209473 84.26524353027344 0.017099546268582344 0.9996493458747864 -0.02021559327840805 -2.3350822925567627 -0.8602522611618042 0.004404551349580288 -0.5098497271537781 -25.15079689025879
-0.49850696325302124 0.023752406239509583 0.8665602207183838 85.08888244628906 0.014285254292190075 0.9997138977050781 -0.019184255972504616 -2.3625550270080566 -0.8667680025100708 0.002815547399222851 -0.49870365858078003 -25.616252899169922
-0.4875521659851074 0.020153183490037918 0.8728612065315247 85.89497375488281 0.014380085282027721 0.9997833371162415 -0.015051383525133133 -2.399716854095459 -0.8729754090309143 0.005213484633713961 -0.48773640394210815 -26.053932189941406
-0.47632670402526855 0.019254088401794434 0.8790575265884399 86.70797729492188 0.014080657623708248 0.9997990727424622 -0.01426894310861826 -2.433237314224243 -0.8791556358337402 0.005581029690802097 -0.4765021502971649 -26.490921020507812
-0.46479371190071106 0.018664825707674026 0.885222315788269 87.5233383178711 0.014166750013828278 0.9998065829277039 -0.013642446137964725 -2.4574007987976074 -0.885305643081665 0.006199799943715334 -0.4649682343006134 -26.90687370300293
-0.4530308246612549 0.019643904641270638 0.8912784457206726 88.36181640625 0.015616070479154587 0.9997787475585938 -0.014097719453275204 -2.4896912574768066 -0.8913580179214478 0.007531563751399517 -0.4532373249530792 -27.32713508605957
-0.4405990242958069 0.023479169234633446 0.8973969221115112 89.19315338134766 0.015023307874798775 0.999710738658905 -0.01878000609576702 -2.522874355316162 -0.8975782990455627 0.0052074166014790535 -0.4408242702484131 -27.738609313964844
-0.42933231592178345 0.0325709693133831 0.9025591015815735 90.01509094238281 0.01765916869044304 0.9994611144065857 -0.027667738497257233 -2.5584352016448975 -0.9029739499092102 0.004059788305312395 -0.4296761751174927 -28.123125076293945
-0.41607633233070374 0.03754974901676178 0.9085540771484375 90.85328674316406 0.017013324424624443 0.9992936253547668 -0.033508606255054474 -2.5895302295684814 -0.9091705083847046 0.0015153904678300023 -0.41642123460769653 -28.510774612426758
-0.40491753816604614 0.033770229667425156 0.9137293696403503 91.7043228149414 0.013717329129576683 0.9994295835494995 -0.030858786776661873 -2.6282711029052734 -0.9142503142356873 3.866212136927061e-05 -0.40514981746673584 -28.884965896606445
-0.3932702839374542 0.029619909822940826 0.9189456701278687 92.54454040527344 0.012537455186247826 0.9995607733726501 -0.02685282565653324 -2.6768743991851807 -0.9193374514579773 0.0009608201216906309 -0.3934688866138458 -29.23444175720215
-0.38330069184303284 0.0304139144718647 0.923122763633728 93.38453674316406 0.00981772318482399 0.9995354413986206 -0.028854932636022568 -2.7209153175354004 -0.9235715270042419 -0.0019971514120697975 -0.3834211826324463 -29.575204849243164
-0.3768722414970398 0.03480054438114166 0.9256113171577454 94.2332992553711 0.005046976264566183 0.9993563890457153 -0.035518232733011246 -2.7682182788848877 -0.9262515306472778 -0.008714296855032444 -0.37680524587631226 -29.904619216918945
-0.37186500430107117 0.03909881412982941 0.9274630546569824 95.05725860595703 -0.0018658182816579938 0.9990791082382202 -0.04286600276827812 -2.814037799835205 -0.9282849431037903 -0.01767084375023842 -0.37144961953163147 -30.219833374023438
-0.3684810400009155 0.04114404693245888 0.9287243485450745 95.90230560302734 -0.004293906036764383 0.9989342093467712 -0.04595810920000076 -2.865654945373535 -0.9296253323554993 -0.020922549068927765 -0.36791160702705383 -30.544336318969727
-0.36472001671791077 0.04080657288432121 0.9302226901054382 96.7352066040039 -0.005204140208661556 0.9989343285560608 -0.04586121439933777 -2.922170639038086 -0.9311026334762573 -0.021567514166235924 -0.3641189932823181 -30.8598575592041
-0.3600274324417114 0.0409664586186409 0.9320418238639832 97.56705474853516 -0.006438151933252811 0.9989025592803955 -0.046392135322093964 -2.9765143394470215 -0.9329195022583008 -0.02270306833088398 -0.35936856269836426 -31.172677993774414
-0.35397541522979736 0.03689991682767868 0.9345265030860901 98.4145278930664 -0.008241969160735607 0.9990594387054443 -0.04256987199187279 -3.0312530994415283 -0.9352184534072876 -0.022771025076508522 -0.3533383309841156 -31.4885196685791
-0.3486780822277069 0.032750364392995834 0.9366701245307922 99.26976013183594 -0.008729948662221432 0.9992324709892273 -0.03818758577108383 -3.0876190662384033 -0.9372019171714783 -0.021492255851626396 -0.34812453389167786 -31.801525115966797
-0.34310704469680786 0.029744211584329605 0.9388251900672913 100.11161041259766 -0.011191402561962605 0.999298095703125 -0.035750195384025574 -3.1361751556396484 -0.9392296671867371 -0.022772913798689842 -0.34253332018852234 -32.098876953125
-0.3373877704143524 0.027825769037008286 0.9409543871879578 100.97402954101562 -0.019502904266119003 0.9991418123245239 -0.03653942793607712 -3.1870625019073486 -0.9411636590957642 -0.030679304152727127 -0.3365556001663208 -32.3900032043457
-0.3312881588935852 0.028113078325986862 0.9431107044219971 101.8169174194336 -0.026426617056131363 0.9988874197006226 -0.039058636873960495 -3.234151840209961 -0.9431594014167786 -0.03786288946866989 -0.33017662167549133 -32.66490173339844
-0.32477670907974243 0.032208479940891266 0.9452421069145203 102.65826416015625 -0.024375665932893753 0.9988029599189758 -0.042408790439367294 -3.285351037979126 -0.9454764723777771 -0.03681429475545883 -0.3236028254032135 -32.94560623168945
-0.31774961948394775 0.03544662147760391 0.9475118517875671 103.5102310180664 -0.02305474877357483 0.9987167716026306 -0.04509364441037178 -3.335554599761963 -0.9478943943977356 -0.03617313131690025 -0.3165246546268463 -33.2285270690918
-0.31074297428131104 0.03377630561590195 0.9498936533927917 104.36743927001953 -0.024477317929267883 0.9987525939941406 -0.043521009385585785 -3.3842833042144775 -0.9501787424087524 -0.03677469864487648 -0.3095286190509796 -33.50648498535156
-0.30400410294532776 0.02881660684943199 0.9522348046302795 105.22347259521484 -0.024815334007143974 0.9989636540412903 -0.03815310075879097 -3.436267137527466 -0.952347457408905 -0.03522872179746628 -0.3029739260673523 -33.76960754394531
-0.29664334654808044 0.026139382272958755 0.9546305537223816 106.08600616455078 -0.025570150464773178 0.9990494847297668 -0.035301364958286285 -3.4886374473571777 -0.9546459317207336 -0.034881964325904846 -0.2956930100917816 -34.03594207763672
-0.29062291979789734 0.029455862939357758 0.9563841223716736 106.93990325927734 -0.028280461207032204 0.998824954032898 -0.0393567755818367 -3.5316851139068604 -0.9564195871353149 -0.038484975695610046 -0.2894483804702759 -34.283485412597656
-0.28417620062828064 0.032008204609155655 0.9582376480102539 107.7973861694336 -0.027565786615014076 0.9987566471099854 -0.041536614298820496 -3.5836949348449707 -0.9583756327629089 -0.038218289613723755 -0.28294050693511963 -34.529075622558594
-0.2774204611778259 0.03250105306506157 0.960198700428009 108.65160369873047 -0.029787367209792137 0.998656153678894 -0.042408932000398636 -3.6319711208343506 -0.9602866172790527 -0.040366899222135544 -0.27607953548431396 -34.76530075073242
-0.2704889476299286 0.03205442428588867 0.9621893167495728 109.51522064208984 -0.02955140359699726 0.9986981153488159 -0.04157812148332596 -3.6835403442382812 -0.9622693657875061 -0.039680469781160355 -0.26918959617614746 -35.0020751953125
-0.2621521055698395 0.03206874802708626 0.9644936919212341 110.37367248535156 -0.02541869506239891 0.998871386051178 -0.040120676159858704 -3.7341678142547607 -0.9646917581558228 -0.035033877938985825 -0.26104122400283813 -35.236610412597656
-0.2544362246990204 0.033236242830753326 0.966518223285675 111.23040008544922 -0.022482670843601227 0.998935878276825 -0.040269576013088226 -3.784738063812256 -0.9668281078338623 -0.03197595477104187 -0.2534182369709015 -35.46302795410156
-0.2476767748594284 0.033834438771009445 0.9682518243789673 112.09329223632812 -0.021570686250925064 0.9989497065544128 -0.0404248870909214 -3.8341357707977295 -0.9686025381088257 -0.030898157507181168 -0.24668681621551514 -35.68227767944336
-0.241221621632576 0.0326799675822258 0.9699196815490723 112.97189331054688 -0.02744428813457489 0.9988033175468445 -0.04047863185405731 -3.885707139968872 -0.9700819253921509 -0.03638307750225067 -0.24003611505031586 -35.88054656982422
-0.23502443730831146 0.030577877536416054 0.9715083837509155 113.83560180664062 -0.03170646354556084 0.9987319707870483 -0.039105065166950226 -3.9389231204986572 -0.9714722037315369 -0.03999374061822891 -0.2337569147348404 -36.08111572265625
-0.23067398369312286 0.030855517834424973 0.9725418090820312 114.69735717773438 -0.029022030532360077 0.9988341927528381 -0.038573332130908966 -3.981228828430176 -0.9725982546806335 -0.037122998386621475 -0.22950959205627441 -36.27753448486328
-0.22612875699996948 0.03081665374338627 0.9736098647117615 115.55422973632812 -0.027298791334033012 0.9989063739776611 -0.037957701832056046 -4.035562992095947 -0.9737148284912109 -0.03516170382499695 -0.22504019737243652 -36.475643157958984
-0.22104336321353912 0.032238367944955826 0.9747309684753418 116.42510986328125 -0.026764575392007828 0.9988764524459839 -0.03910645842552185 -4.080441951751709 -0.9748966693878174 -0.03473248332738876 -0.2199321836233139 -36.67190933227539
-0.21494589745998383 0.03152845427393913 0.976116955280304 117.29035949707031 -0.020651068538427353 0.9991084933280945 -0.03681854531168938 -4.124173164367676 -0.9764075875282288 -0.028071848675608635 -0.21410317718982697 -36.86601257324219
-0.21021093428134918 0.030308712273836136 0.9771861433982849 118.1610107421875 -0.013402053155004978 0.9993361234664917 -0.03387875482439995 -4.169354438781738 -0.97756427526474 -0.020217983052134514 -0.20966514945030212 -37.0538215637207
-0.2051626294851303 0.029455911368131638 0.9782845377922058 119.01493072509766 -0.012022033333778381 0.9993957281112671 -0.03261278569698334 -4.21500825881958 -0.9786540865898132 -0.01845189556479454 -0.2046845406293869 -37.23104476928711
