1.0 0.0 0.0 0.0 0.0 1.0 0.0 0.0 0.0 0.0 1.0 0.0
0.9998737573623657 0.0015000138664618134 0.01581689529120922 0.010611847043037415 -0.0014854026958346367 0.9999984502792358 -0.0009354769135825336 -0.003371339524164796 -0.015818273648619652 0.0009118643938563764 0.999874472618103 0.12609745562076569
0.9992923140525818 0.004317334853112698 0.0373668298125267 0.027237802743911743 -0.004305643495172262 0.9999906420707703 -0.00039334496250376105 -0.004874540958553553 -0.037368178367614746 0.00023217833950184286 0.999301552772522 0.2725875973701477
0.997895359992981 0.005977718159556389 0.06456851214170456 0.056390181183815 -0.006051060277968645 0.9999812245368958 0.00094037369126454 -0.004414036870002747 -0.06456167995929718 -0.0013291025534272194 0.9979128241539001 0.43623900413513184
0.9951246976852417 0.005731712095439434 0.09845787286758423 0.10203047841787338 -0.0060776714235544205 0.9999763369560242 0.003214219119399786 -0.0045374538749456406 -0.09843713045120239 -0.003796943696215749 0.9951359629631042 0.6078048348426819
0.99062180519104 0.0026483326219022274 0.13660676777362823 0.16317182779312134 -0.003391326405107975 0.9999806880950928 0.0052064815536141396 -0.005825223866850138 -0.13659033179283142 -0.0056209322065114975 0.9906116724014282 0.7908315062522888
0.984337568283081 -0.00019115743634756655 0.17629368603229523 0.23640163242816925 -0.0007790717063471675 0.9999849200248718 0.005434250924736261 -0.004829129204154015 -0.1762920469045639 -0.0054864827543497086 0.9843226075172424 0.9858594536781311
0.975545346736908 -0.0003858268610201776 0.21979786455631256 0.31917378306388855 -0.0010981380473822355 0.9999773502349854 0.006629281211644411 -0.0013403957709670067 -0.21979543566703796 -0.006708532106131315 0.9755228757858276 1.1915816068649292
0.9633737206459045 -0.00018271274166181684 0.2681620419025421 0.4118569493293762 -0.0024481003638356924 0.9999520778656006 0.009476136416196823 0.00226016528904438 -0.26815086603164673 -0.009785549715161324 0.9633272290229797 1.4093014001846313
0.9488990902900696 -0.003731404198333621 0.3155575692653656 0.5270354151725769 -0.0016111996956169605 0.9998596906661987 0.016668107360601425 -0.0031546857208013535 -0.3155755400657654 -0.016324777156114578 0.9487599730491638 1.618167757987976
0.9319202303886414 -0.013174334540963173 0.3624238669872284 0.6688580513000488 0.004552030004560947 0.9996861219406128 0.024634335190057755 -0.006330754607915878 -0.36263468861579895 -0.02130746841430664 0.9316878318786621 1.8286068439483643
0.9105373620986938 -0.01828719675540924 0.41302183270454407 0.8233214616775513 0.006998996250331402 0.9995598196983337 0.02882728911936283 -0.004537612199783325 -0.41336724162101746 -0.023357581347227097 0.9102647304534912 2.0518417358398438
0.8850013613700867 -0.019664281979203224 0.4651729464530945 0.9921901822090149 0.005016780924052 0.9994524717330933 0.03270537778735161 0.0005627721548080444 -0.4655614197254181 -0.026610631495714188 0.884615421295166 2.284708261489868
0.8567162156105042 -0.02181391417980194 0.515326738357544 1.1682231426239014 0.0029931652825325727 0.999298632144928 0.03732452169060707 0.001513838768005371 -0.5157793760299683 -0.030434060841798782 0.8561806082725525 2.4876084327697754
0.8241879343986511 -0.026321277022361755 0.5657044649124146 1.3730329275131226 0.003509342670440674 0.9991374611854553 0.04137535020709038 0.009040206670761108 -0.5663054585456848 -0.032115813344717026 0.8235694766044617 2.7058045864105225
0.7880535125732422 -0.03201218694448471 0.6147739887237549 1.6024819612503052 0.005564698483794928 0.9989766478538513 0.04488502815365791 0.01137503981590271 -0.6155818104743958 -0.03195076808333397 0.7874251008033752 2.9188926219940186
0.7496159076690674 -0.035852182656526566 0.6609014868736267 1.8485486507415771 0.005982471629977226 0.9988580346107483 0.047399941831827164 0.0199156254529953 -0.6618461608886719 -0.03157792612910271 0.7489744424819946 3.1327009201049805
0.7095187306404114 -0.039031948894262314 0.7036048173904419 2.112048387527466 0.007051803171634674 0.9988080859184265 0.04829706251621246 0.03133305907249451 -0.7046512961387634 -0.02930598519742489 0.7089483141899109 3.3327062129974365
0.6670461297035217 -0.040732331573963165 0.7439022064208984 2.4141011238098145 0.0058203996159136295 0.9987587332725525 0.04946793243288994 0.04536640644073486 -0.7449936270713806 -0.02866758219897747 0.6664552092552185 3.55592942237854
0.6241276860237122 -0.04049072414636612 0.7802724242210388 2.7220635414123535 0.0004966888809576631 0.9986766576766968 0.05142709240317345 0.06228439509868622 -0.781322181224823 -0.031709522008895874 0.6233218908309937 3.769200086593628
0.5822587013244629 -0.04101355001330376 0.8119683265686035 3.0744595527648926 -0.0026891634333878756 0.9986241459846497 0.052370160818099976 0.07790334522724152 -0.8129990696907043 -0.03267649933695793 0.5813474059104919 3.9779434204101562
0.5419456958770752 -0.04232681915163994 0.8393468260765076 3.4502577781677246 -0.004069423768669367 0.9985870122909546 0.052984558045864105 0.0988810807466507 -0.84040367603302 -0.0321304053068161 0.5410076379776001 4.187090873718262
0.5026304125785828 -0.04430939257144928 0.863365113735199 3.857099771499634 -0.005959874019026756 0.9984843730926514 0.054713644087314606 0.11806845664978027 -0.86448073387146 -0.032646290957927704 0.5016045570373535 4.3987507820129395
0.46556732058525085 -0.04396433383226395 0.8839197754859924 4.290090560913086 -0.00912817195057869 0.9984736442565918 0.054469890892505646 0.13634857535362244 -0.8849653601646423 -0.03342796862125397 0.46445542573928833 4.598173141479492
0.4289659857749939 -0.04323434829711914 0.9022853970527649 4.754573822021484 -0.010199454613029957 0.998558521270752 0.05269646272063255 0.15696865320205688 -0.9032630920410156 -0.031807802617549896 0.42790669202804565 4.791759014129639
0.39500194787979126 -0.0418485663831234 0.9177266359329224 5.247096061706543 -0.008888212963938713 0.9987410306930542 0.04936846345663071 0.18032051622867584 -0.9186372756958008 -0.027657583355903625 0.39413270354270935 4.9780426025390625
0.36592185497283936 -0.03974831849336624 0.9297963380813599 5.763462066650391 -0.006707966793328524 0.9989488124847412 0.04534447565674782 0.2054813951253891 -0.9306213855743408 -0.022829575464129448 0.36527055501937866 5.151965141296387
0.3408905863761902 -0.037977732717990875 0.9393354654312134 6.315642833709717 -0.0055908639915287495 0.9990841150283813 0.0424223467707634 0.22924411296844482 -0.9400862455368042 -0.019713079556822777 0.340366005897522 5.327751636505127
0.3205932378768921 -0.03748355805873871 0.9464749097824097 6.884096622467041 -0.004240790847688913 0.9991498589515686 0.04100611060857773 0.253506064414978 -0.9472074508666992 -0.0171600840985775 0.3201616704463959 5.504718780517578
0.305606484413147 -0.0380137637257576 0.9513987898826599 7.486429214477539 -0.003652815008535981 0.9991484880447388 0.04109499230980873 0.2740253806114197 -0.9521508812904358 -0.01603417843580246 0.3052074611186981 5.701135635375977
0.2941184341907501 -0.03925710171461105 0.9549623727798462 8.11089038848877 -0.0027567455545067787 0.9991170763969421 0.041921284049749374 0.30080240964889526 -0.9557650685310364 -0.014962411485612392 0.293750524520874 5.883774757385254
0.2836175262928009 -0.040833257138729095 0.958067774772644 8.776793479919434 -0.004138801712542772 0.9990315437316895 0.04380436986684799 0.33029553294181824 -0.9589285850524902 -0.01638893596827984 0.2831737995147705 6.068857192993164
0.2728287875652313 -0.04276595264673233 0.9611116051673889 9.447925567626953 -0.005381115712225437 0.9989280104637146 0.0459761768579483 0.3498346209526062 -0.9620475769042969 -0.01771547645330429 0.2723061442375183 6.268100738525391
0.2630741596221924 -0.044462524354457855 0.9637505412101746 10.152170181274414 -0.006298124324530363 0.9988371133804321 0.04780042916536331 0.3790070414543152 -0.964755117893219 -0.018644874915480614 0.2624882161617279 6.453570365905762
0.25301629304885864 -0.04611298814415932 0.9663624167442322 10.866658210754395 -0.00730569614097476 0.9987437725067139 0.049570973962545395 0.4124913811683655 -0.9674344658851624 -0.01960221491754055 0.25236159563064575 6.6349992752075195
0.24230483174324036 -0.04744261875748634 0.9690393805503845 11.61544418334961 -0.007734413258731365 0.9986774325370789 0.05082760378718376 0.44602882862091064 -0.9701693654060364 -0.01981072686612606 0.24161741137504578 6.825313091278076
0.23187518119812012 -0.049010057002305984 0.9715100526809692 12.376198768615723 -0.007686168421059847 0.9986064434051514 0.052211493253707886 0.47554367780685425 -0.9727152585983276 -0.019573738798499107 0.23117530345916748 7.005120277404785
0.22200654447078705 -0.05180216580629349 0.9736681580543518 13.154924392700195 -0.008771886117756367 0.9984411597251892 0.05512025207281113 0.5131497979164124 -0.9750058054924011 -0.02077796310186386 0.22120605409145355 7.176033973693848
0.21010684967041016 -0.055095233023166656 0.9761248230934143 13.959625244140625 -0.010395292192697525 0.9982285499572754 0.05858037620782852 0.5517197847366333 -0.9776231050491333 -0.0224552433937788 0.2091619074344635 7.36331844329834
0.1979602873325348 -0.05893993005156517 0.9784364700317383 14.76160717010498 -0.011431792750954628 0.9979838132858276 0.06243036314845085 0.5861131548881531 -0.9801433682441711 -0.023544013500213623 0.19688737392425537 7.523529529571533
0.18504387140274048 -0.06122849881649017 0.9808210134506226 15.55599594116211 -0.012297017499804497 0.9978347420692444 0.06461058557033539 0.6220881938934326 -0.9826533794403076 -0.024016965180635452 0.18389025330543518 7.6725006103515625
0.1713801920413971 -0.06135071814060211 0.9832929372787476 16.365516662597656 -0.012598722241818905 0.9978411793708801 0.06445428729057312 0.6659141778945923 -0.9851244688034058 -0.02343442104756832 0.17023727297782898 7.806327819824219
0.15587304532527924 -0.06076612323522568 0.9859062433242798 17.173845291137695 -0.014393576420843601 0.9978602528572083 0.06377855688333511 0.6944893598556519 -0.9876722097396851 -0.024132078513503075 0.15466488897800446 7.950432777404785
0.1392805129289627 -0.05968121439218521 0.9884528517723083 17.994415283203125 -0.014964967034757137 0.997941255569458 0.06236279383301735 0.7319267392158508 -0.9901398420333862 -0.023478085175156593 0.13810065388679504 8.063590049743652
0.1190258115530014 -0.058037519454956055 0.9911934733390808 18.809701919555664 -0.017448129132390022 0.9980136752128601 0.0605321004986763 0.7698376178741455 -0.992737889289856 -0.024499358609318733 0.1177767664194107 8.155376434326172
0.09453657269477844 -0.05658306926488876 0.9939121007919312 19.641868591308594 -0.021499304100871086 0.9980344772338867 0.05886268615722656 0.8060972690582275 -0.995289146900177 -0.02693309262394905 0.09313429892063141 8.221785545349121
0.06290673464536667 -0.056062251329422 0.9964435696601868 20.479455947875977 -0.02554151974618435 0.9980035424232483 0.05776248872280121 0.8382366299629211 -0.9976924657821655 -0.029084330424666405 0.06134924292564392 8.285648345947266
0.02925582230091095 -0.05576251074671745 0.9980153441429138 21.322904586791992 -0.02894340083003044 0.9979767799377441 0.05660879611968994 0.8751449584960938 -0.9991527795791626 -0.03054209239780903 0.027582678943872452 8.31091594696045
-0.005099557340145111 -0.05533207207918167 0.9984549880027771 22.154273986816406 -0.029928676784038544 0.9980291128158569 0.05515560135245323 0.9025043845176697 -0.9995390176773071 -0.029601166024804115 -0.006745506078004837 8.298200607299805
-0.038988687098026276 -0.05458333343267441 0.9977476596832275 23.002593994140625 -0.03146040439605713 0.9980789422988892 0.05337207764387131 0.9259756207466125 -0.9987443089485168 -0.029308635741472244 -0.0406310074031353 8.257848739624023
-0.07272473722696304 -0.05264667421579361 0.9959614872932434 23.865041732788086 -0.03366171196103096 0.9981663823127747 0.05030525475740433 0.9556046724319458 -0.9967838525772095 -0.02986733242869377 -0.07436356693506241 8.200616836547852
-0.10451991111040115 -0.04971490055322647 0.9932793378829956 24.714183807373047 -0.036579154431819916 0.9982661604881287 0.04611537605524063 0.9816957712173462 -0.9938498735427856 -0.03151334449648857 -0.10615722835063934 8.108907699584961
-0.13665899634361267 -0.04503815248608589 0.9895936846733093 25.5551700592041 -0.03367558494210243 0.9985998272895813 0.04079756513237953 1.0036351680755615 -0.9900455474853516 -0.027749795466661453 -0.13798433542251587 7.975360870361328
-0.16833439469337463 -0.0391436405479908 0.984952449798584 26.386842727661133 -0.02832263521850109 0.9989907741546631 0.03486102819442749 1.0200951099395752 -0.9853230118751526 -0.022028127685189247 -0.16927315294742584 7.818057060241699
-0.19810311496257782 -0.03272775188088417 0.9796346426010132 27.217239379882812 -0.02099175937473774 0.9993548393249512 0.02914157509803772 1.0308823585510254 -0.979956328868866 -0.01479121670126915 -0.19866234064102173 7.6268768310546875
-0.2274617850780487 -0.027071522548794746 0.9734106659889221 28.038330078125 -0.015514040365815163 0.99958735704422 0.02417427860200405 1.0335304737091064 -0.973663330078125 -0.009602810256183147 -0.22778791189193726 7.429785251617432
-0.2554876208305359 -0.020975809544324875 0.9665848612785339 28.857521057128906 -0.006874077022075653 0.9997787475585938 0.01987919770181179 1.0360901355743408 -0.9667878150939941 -0.0015654907329007983 -0.2555752694606781 7.19441032409668
-0.2810553312301636 -0.010522578842937946 0.9596338868141174 29.652925491333008 -0.00041396700544282794 0.9999411106109619 0.010843312367796898 1.0279000997543335 -0.9596914649009705 0.002650314010679722 -0.28104308247566223 6.936513900756836
-0.30670788884162903 0.0052222078666090965 0.951789379119873 30.44401741027832 0.00419272854924202 0.9999825954437256 -0.004135553725063801 1.0160527229309082 -0.951794445514679 0.0027221874333918095 -0.3067244589328766 6.669137954711914
-0.3310941457748413 0.022049497812986374 0.943340003490448 31.219635009765625 0.004486038349568844 0.999752402305603 -0.021793561056256294 0.9923285841941833 -0.943587064743042 -0.002983860671520233 -0.33111104369163513 6.386172294616699
-0.3564763069152832 0.03694438189268112 0.9335737228393555 31.987804412841797 0.004788430407643318 0.9992769360542297 -0.03771605342626572 0.9601387977600098 -0.9342921376228333 -0.008974526077508926 -0.3563954830169678 6.087396621704102
-0.38059359788894653 0.04755900055170059 0.9235185980796814 32.74706268310547 0.008892741985619068 0.998818576335907 -0.04777195677161217 0.9163898229598999 -0.924699604511261 -0.009969087317585945 -0.38056689500808716 5.759954452514648
-0.4039331376552582 0.05159623548388481 0.9133324027061462 33.499576568603516 0.011392791755497456 0.9986143708229065 -0.05137542262673378 0.8676247596740723 -0.9147175550460815 -0.010346826165914536 -0.40396133065223694 5.421026229858398
-0.42664456367492676 0.05114833638072014 0.9029719829559326 34.251407623291016 0.015014158561825752 0.998662531375885 -0.049474652856588364 0.8113415241241455 -0.9042947888374329 -0.007550724782049656 -0.4268418848514557 5.0578765869140625
-0.44651737809181213 0.047010619193315506 0.8935391306877136 34.99286651611328 0.01903204619884491 0.9988918900489807 -0.04304276034235954 0.75513756275177 -0.8945724368095398 -0.002213454572483897 -0.446917325258255 4.668028831481934
-0.46445074677467346 0.04600679874420166 0.8844031095504761 35.72125244140625 0.027196748182177544 0.9989196062088013 -0.037681397050619125 0.7051180601119995 -0.8851813077926636 0.006551737431436777 -0.46520015597343445 4.2696990966796875
-0.4780062437057495 0.04589936137199402 0.8771563172340393 36.42781448364258 0.02845750004053116 0.9989187121391296 -0.036762967705726624 0.6571029424667358 -0.8778952956199646 0.007388746365904808 -0.4787956774234772 3.877274513244629
-0.4888644516468048 0.050188761204481125 0.870914876461029 37.123661041259766 0.03237645700573921 0.9986996054649353 -0.039379049092531204 0.6124014854431152 -0.871758759021759 0.00894611794501543 -0.4898536801338196 3.473054885864258
-0.4989003837108612 0.052497487515211105 0.8650677800178528 37.817657470703125 0.03274034336209297 0.9985927939414978 -0.04171862453222275 0.568411111831665 -0.8660406470298767 0.007509178016334772 -0.4999171495437622 3.070394515991211
-0.509861171245575 0.05175492540001869 0.8586984276771545 38.50545120239258 0.02676922269165516 0.9986597895622253 -0.04429607465863228 0.5170066356658936 -0.8598402142524719 0.000401841476559639 -0.5105631351470947 2.673032760620117
-0.5209580659866333 0.0503586046397686 0.8520954847335815 39.202945709228516 0.026016900315880775 0.9987311363220215 -0.043118398636579514 0.46909773349761963 -0.8531856536865234 -0.0002939901314675808 -0.5216072201728821 2.252300262451172
-0.5294370055198669 0.05174250528216362 0.8467698693275452 39.876739501953125 0.028210395947098732 0.9986599683761597 -0.04338551685214043 0.4250667095184326 -0.8478800058364868 0.000917813740670681 -0.5301873087882996 1.8201618194580078
-0.5367469787597656 0.054884880781173706 0.8419561982154846 40.558837890625 0.031527433544397354 0.9984897375106812 -0.04499015212059021 0.37390637397766113 -0.8431539535522461 0.0023963842540979385 -0.5376667976379395 1.3828678131103516
-0.5400194525718689 0.057665545493364334 0.839674711227417 41.25355529785156 0.032653532922267914 0.9983344674110413 -0.047561224550008774 0.329243540763855 -0.8410188555717468 0.0017343586077913642 -0.5410030484199524 0.9288234710693359
-0.5399686694145203 0.059935618191957474 0.8395484089851379 41.95763397216797 0.03230335935950279 0.9982022643089294 -0.05048554763197899 0.2819000482559204 -0.8410649299621582 -0.00014037871733307838 -0.5409340858459473 0.482452392578125
-0.5362648963928223 0.060394737869501114 0.8418861627578735 42.68007278442383 0.03444578871130943 0.9981717467308044 -0.049664970487356186 0.23511624336242676 -0.8433464765548706 0.0023658424615859985 -0.5373649597167969 0.014783859252929688
-0.5306833386421204 0.05903458222746849 0.8455117344856262 43.41411590576172 0.03297073394060135 0.9982542395591736 -0.04900522902607918 0.17381298542022705 -0.846928596496582 0.001870881300419569 -0.5317032933235168 -0.4327678680419922
-0.5238934755325317 0.05739608407020569 0.8498477339744568 44.160682678222656 0.030416537076234818 0.9983514547348022 -0.04867510497570038 0.12440896034240723 -0.8512405157089233 0.00034885850618593395 -0.5247755646705627 -0.8796405792236328
-0.5166622996330261 0.05695074051618576 0.854293167591095 44.931861877441406 0.028874076902866364 0.9983767867088318 -0.049093395471572876 0.0722736120223999 -0.8557022213935852 -0.0006977790617384017 -0.5174680948257446 -1.3425159454345703
-0.5108253359794617 0.05533832684159279 0.8579015135765076 45.718955993652344 0.025660114362835884 0.998462975025177 -0.04912617802619934 0.01743471622467041 -0.8593013882637024 -0.0030810502357780933 -0.5114601850509644 -1.794790267944336
-0.5061278343200684 0.05315737426280975 0.8608187437057495 46.533653259277344 0.021452410146594048 0.9985659122467041 -0.04905037209391594 -0.03597688674926758 -0.8621914982795715 -0.006359123159199953 -0.5065423846244812 -2.2719249725341797
-0.5047088265419006 0.05031951889395714 0.8618219494819641 47.35765075683594 0.01730036921799183 0.9986889362335205 -0.048179201781749725 -0.09159862995147705 -0.8631162047386169 -0.009406627155840397 -0.5049176812171936 -2.74566650390625
-0.5051844120025635 0.047965750098228455 0.8616774678230286 48.20054626464844 0.014500860124826431 0.9987850785255432 -0.04709635674953461 -0.15075623989105225 -0.8628895878791809 -0.011297281831502914 -0.5052661895751953 -3.227731704711914
-0.5061229467391968 0.04672497883439064 0.8611947894096375 49.04508590698242 0.013498510234057903 0.9988382458686829 -0.046259909868240356 -0.21063494682312012 -0.8623557090759277 -0.011788355186581612 -0.5061656832695007 -3.716838836669922
-0.5064737796783447 0.04607226699590683 0.8610236048698425 49.91104507446289 0.012994789518415928 0.9988659024238586 -0.04580419510602951 -0.2635687589645386 -0.86215740442276 -0.012009801343083382 -0.5064980983734131 -4.223749160766602
-0.5067558884620667 0.04567716643214226 0.8608787059783936 50.779258728027344 0.013173416256904602 0.9988890290260315 -0.045245297253131866 -0.32004404067993164 -0.8619888424873352 -0.011587608605623245 -0.5067945718765259 -4.7301483154296875
-0.5069507956504822 0.04457167908549309 0.8608218431472778 51.657596588134766 0.012808063067495823 0.9989414811134338 -0.044180385768413544 -0.37748241424560547 -0.861879825592041 -0.011371821165084839 -0.506985068321228 -5.240034103393555
-0.5070062279701233 0.044408753514289856 0.860797643661499 52.54338836669922 0.012946633622050285 0.9989515542984009 -0.043910641223192215 -0.43688106536865234 -0.8618451952934265 -0.011118532158434391 -0.507049560546875 -5.757938385009766
-0.5071655511856079 0.042904872447252274 0.8607800602912903 53.440528869628906 0.01063688937574625 0.9989956021308899 -0.04352693632245064 -0.4925878047943115 -0.8617831468582153 -0.012919338420033455 -0.507112443447113 -6.282766342163086
-0.5073486566543579 0.041939735412597656 0.8607196807861328 54.317054748535156 0.009890264831483364 0.9990325570106506 -0.042849428951740265 -0.5537759065628052 -0.8616840839385986 -0.01322685182094574 -0.5072726607322693 -6.786001205444336
-0.506679356098175 0.04121064394712448 0.8611491322517395 55.20743942260742 0.009020532481372356 0.9990556240081787 -0.0425027571618557 -0.617185115814209 -0.8620873689651489 -0.013767244294285774 -0.5065726041793823 -7.302711486816406
-0.5053106546401978 0.03982009366154671 0.8620181679725647 56.08824157714844 0.00896487757563591 0.9991230368614197 -0.04089834913611412 -0.67616868019104 -0.8628909587860107 -0.012938487343490124 -0.5052246451377869 -7.82220458984375
-0.502940833568573 0.03761247172951698 0.8635020852088928 56.9747314453125 0.009147722274065018 0.9992283582687378 -0.03819642215967178 -0.7360538244247437 -0.86427241563797 -0.011311459355056286 -0.5028968453407288 -8.337940216064453
-0.5007858276367188 0.03606706112623215 0.8648194074630737 57.857177734375 0.009170393459498882 0.9992964863777161 -0.036365143954753876 -0.796633243560791 -0.8655225038528442 -0.01028041634708643 -0.5007643699645996 -8.840383529663086
-0.4981783926486969 0.03594339266419411 0.8663292527198792 58.7440299987793 0.009355838410556316 0.9993051290512085 -0.03608044236898422 -0.8505516052246094 -0.8670241236686707 -0.009869256988167763 -0.4981685280799866 -9.347795486450195
-0.4964887201786041 0.035868704319000244 0.8673017024993896 59.62895965576172 0.00950789824128151 0.9993106722831726 -0.03588533401489258 -0.9099972248077393 -0.8679910898208618 -0.00957044679671526 -0.49648749828338623 -9.844198226928711
-0.4953494369983673 0.03673672676086426 0.8679166436195374 60.50890350341797 0.009563534520566463 0.9992753863334656 -0.0368385836482048 -0.9610599279403687 -0.8686411380767822 -0.009947624057531357 -0.4953419268131256 -10.348932266235352
-0.4962138831615448 0.03830074146389961 0.8673551082611084 61.38298034667969 0.009435703977942467 0.9992053508758545 -0.03872482851147652 -1.0185565948486328 -0.8681491017341614 -0.011031693778932095 -0.4961809813976288 -10.84379768371582
-0.4992109537124634 0.03989572077989578 0.8655615448951721 62.25669860839844 0.007724788039922714 0.9991046786308289 -0.04159577190876007 -1.0775108337402344 -0.8664460182189941 -0.014078786596655846 -0.4990721344947815 -11.338716506958008
-0.503656804561615 0.04041512683033943 0.8629579544067383 63.128997802734375 0.006304081995040178 0.9990504384040833 -0.0431094691157341 -1.1353245973587036 -0.8638808131217957 -0.01627221703529358 -0.503433346748352 -11.84408187866211
-0.5091627240180969 0.039062827825546265 0.8597833514213562 63.99132537841797 0.007908860221505165 0.9991396069526672 -0.04071063920855522 -1.19535231590271 -0.8606340289115906 -0.013928432017564774 -0.5090336203575134 -12.351905822753906
-0.5144429802894592 0.036584287881851196 0.8567438125610352 64.84728240966797 0.008931390009820461 0.9992638230323792 -0.03730715066194534 -1.253312349319458 -0.8574780821800232 -0.011540488339960575 -0.5143911242485046 -12.867050170898438
-0.5199149250984192 0.03396609425544739 0.8535425066947937 65.7109603881836 0.006166652776300907 0.9993323683738708 -0.036011431366205215 -1.315769910812378 -0.8541958332061768 -0.013459376059472561 -0.519777238368988 -13.379426956176758
-0.524848997592926 0.03731176629662514 0.8503772616386414 66.55670166015625 0.008669450879096985 0.9992213249206543 -0.038491807878017426 -1.3724855184555054 -0.8511513471603394 -0.012830080464482307 -0.5247637033462524 -13.899087905883789
-0.5301271677017212 0.03897756710648537 0.8470216989517212 67.40133666992188 0.008505208417773247 0.9991369843482971 -0.04065432399511337 -1.4219064712524414 -0.8478755354881287 -0.014347861520946026 -0.5300011038780212 -14.418712615966797
-0.5351439118385315 0.03984484821557999 0.8438207507133484 68.22602844238281 0.007376883644610643 0.999069333076477 -0.04249727353453636 -1.479730248451233 -0.8447288274765015 -0.016517385840415955 -0.5349395871162415 -14.928836822509766
-0.5383325219154358 0.04007820412516594 0.8417789936065674 69.03478240966797 0.00651862658560276 0.9990366697311401 -0.043396662920713425 -1.5392234325408936 -0.8427073359489441 -0.017874594777822495 -0.5380751490592957 -15.452962875366211
-0.5417071580886841 0.04001553729176521 0.8396142721176147 69.85153198242188 0.008029639720916748 0.9990671277046204 -0.04243434965610504 -1.592718243598938 -0.8405289649963379 -0.016245191916823387 -0.5415230393409729 -15.975608825683594
-0.5437542796134949 0.03284116089344025 0.8386016488075256 70.67137145996094 0.008316910825669765 0.9993959069252014 -0.0337454192340374 -1.6429190635681152 -0.8392033576965332 -0.011374641209840775 -0.5436988472938538 -16.505722045898438
-0.5462235808372498 0.023313695564866066 0.8373149037361145 71.49214172363281 0.006621668115258217 0.9997015595436096 -0.023515433073043823 -1.699786901473999 -0.8376132249832153 -0.007300263736397028 -0.5462149381637573 -17.039453506469727
-0.548276424407959 0.021991584450006485 0.8360080122947693 72.30894470214844 0.007641629781574011 0.9997442364692688 -0.021287158131599426 -1.7406387329101562 -0.8362623453140259 -0.005282781086862087 -0.5483042001724243 -17.565637588500977
-0.5487314462661743 0.026682622730731964 0.8355726599693298 73.09577178955078 0.00827270932495594 0.9996148347854614 -0.02648823894560337 -1.7865839004516602 -0.8359577655792236 -0.007622477598488331 -0.5487408638000488 -18.085691452026367
-0.5504419207572937 0.032834429293870926 0.8342275619506836 73.89459991455078 0.009799855761229992 0.9994115829467773 -0.03286975994706154 -1.8309540748596191 -0.8348159193992615 -0.00991758145391941 -0.5504397749900818 -18.59888458251953
-0.5502228736877441 0.036968670785427094 0.8341991901397705 74.67132568359375 0.01600736938416958 0.999302864074707 -0.03372729942202568 -1.8763829469680786 -0.8348643779754639 -0.0052041965536773205 -0.5504311323165894 -19.13019371032715
-0.5499456524848938 0.03845665231347084 0.8343145847320557 75.46128845214844 0.019687706604599953 0.9992586374282837 -0.03308222070336342 -1.9262123107910156 -0.8349683880805969 -0.001767683424986899 -0.5502951145172119 -19.663034439086914
-0.5495521426200867 0.03511744737625122 0.834721028804779 76.2633056640625 0.017867209389805794 0.9993816614151001 -0.03028169833123684 -1.9658045768737793 -0.8352684378623962 -0.0017272335244342685 -0.5498397350311279 -20.183610916137695
-0.5489754676818848 0.030249716714024544 0.8352909088134766 77.058837890625 0.015779199078679085 0.9995418787002563 -0.02582748606801033 -2.00050950050354 -0.8356894850730896 -0.0009984355419874191 -0.549201250076294 -20.703121185302734
-0.5486878156661987 0.02312624081969261 0.8357073664665222 77.85052490234375 0.013292373158037663 0.999732255935669 -0.01893807202577591 -2.0491862297058105 -0.8359216451644897 0.0007174455095082521 -0.5488483309745789 -21.204225540161133
-0.5486835837364197 0.017797064036130905 0.8358405232429504 78.65167236328125 0.0047544860281050205 0.9998236894607544 -0.018167594447731972 -2.0811212062835693 -0.8360165357589722 -0.005994271486997604 -0.548671543598175 -21.699188232421875
-0.5467073917388916 0.012846044264733791 0.8372251391410828 79.4480972290039 -0.00241782795637846 0.9998539090156555 -0.01692020148038864 -2.1104249954223633 -0.8373203277587891 -0.011274666525423527 -0.5465965270996094 -22.210559844970703
-0.545316219329834 0.013103807345032692 0.8381277918815613 80.23983764648438 -0.0001487281988374889 0.9998762607574463 -0.015729447826743126 -2.1436405181884766 -0.8382303714752197 -0.008702177554368973 -0.5452468395233154 -22.709741592407227
-0.5415494441986084 0.01665850169956684 0.8405038118362427 81.02839660644531 0.0045152874663472176 0.999846875667572 -0.01690736413002014 -2.1760709285736084 -0.8406566381454468 -0.005361057817935944 -0.5415418148040771 -23.23443031311035
-0.5360472798347473 0.019952651113271713 0.8439521193504333 81.81842041015625 0.006360685918480158 0.9997877478599548 -0.019596831873059273 -2.2032556533813477 -0.8441640138626099 -0.005136715713888407 -0.5360605120658875 -23.738059997558594
-0.5281788110733032 0.021990137174725533 0.8488483428955078 82.60614013671875 0.011316131800413132 0.9997581243515015 -0.018858347088098526 -2.237917184829712 -0.8490577936172485 -0.0003548974054865539 -0.528299868106842 -24.231660842895508
-0.5197938680648804 0.025865765288472176 0.8539000153541565 83.41178131103516 0.018432654440402985 0.99964839220047 -0.019060177728533745 -2.2682080268859863 -0.8540929555892944 0.005832279566675425 -0.5200878977775574 -24.740644454956055
-0.5102959275245667 0.02483523078262806 0.8596401810646057 84.21266174316406 0.01650702767074108 0.9996816515922546 -0.019082237035036087 -2.3034486770629883 -0.8598403334617615 0.004452515859156847 -0.5105435252189636 -25.204177856445312
-0.49946731328964233 0.022612327709794044 0.8660375475883484 85.02220153808594 0.01435281801968813 0.9997380971908569 -0.017825603485107422 -2.332246780395508 -0.8662137985229492 0.003526774002239108 -0.49966108798980713 -25.661617279052734
-0.4879074692726135 0.019180377945303917 0.8726846575737 85.82794952392578 0.014576192013919353 0.9997981786727905 -0.01382477767765522 -2.366537570953369 -0.8727736473083496 0.005975205451250076 -0.48808860778808594 -26.103740692138672
-0.47672951221466064 0.018514245748519897 0.8788550496101379 86.63941955566406 0.013538042083382607 0.9998142719268799 -0.013718780130147934 -2.3917932510375977 -0.8789458870887756 0.005357828922569752 -0.4768916964530945 -26.54121971130371
-0.4656088054180145 0.01750878244638443 0.8848174214363098 87.48226165771484 0.013848837465047836 0.9998261332511902 -0.01249703299254179 -2.4181995391845703 -0.8848822712898254 0.006434965878725052 -0.46577024459838867 -26.968732833862305
-0.4536643624305725 0.018559416756033897 0.8909794092178345 88.30073547363281 0.014850064180791378 0.999801754951477 -0.013264944776892662 -2.4450066089630127 -0.8910488486289978 0.007213270291686058 -0.4538499712944031 -27.381397247314453
-0.4414249360561371 0.02229643613100052 0.8970211148262024 89.11954498291016 0.0144703583791852 0.9997381567955017 -0.01772869937121868 -2.4814884662628174 -0.897181510925293 0.005154329352080822 -0.44163188338279724 -27.782207489013672
-0.4298754334449768 0.03091290593147278 0.902358889579773 89.94539642333984 0.017436867579817772 0.9995115399360657 -0.025934386998414993 -2.5217881202697754 -0.9027197957038879 0.004585756920278072 -0.43020451068878174 -28.173412322998047
-0.4166375696659088 0.035877034068107605 0.9083644151687622 90.79486846923828 0.016743382439017296 0.9993543028831482 -0.031791139394044876 -2.553744077682495 -0.9089184999465942 0.0019637064542621374 -0.4169691503047943 -28.573566436767578
-0.4052636921405792 0.0322616845369339 0.9136303067207336 91.63697052001953 0.01476919837296009 0.9994778037071228 -0.028741830959916115 -2.5947587490081787 -0.9140805006027222 0.0018455646932125092 -0.4055285155773163 -28.937623977661133
-0.39434874057769775 0.028844837099313736 0.918507993221283 92.48986053466797 0.013616474345326424 0.999580979347229 -0.025544796139001846 -2.637660503387451 -0.9188600778579712 0.0024332809261977673 -0.39457622170448303 -29.287996292114258
-0.383604496717453 0.028820879757404327 0.923047661781311 93.34236145019531 0.00847635418176651 0.9995807409286499 -0.027687866240739822 -2.676506996154785 -0.9234585762023926 -0.0027971123345196247 -0.38368797302246094 -29.64600372314453
-0.37707197666168213 0.0335361622273922 0.9255766272544861 94.19204711914062 0.004725789651274681 0.9994010329246521 -0.0342857651412487 -2.723529577255249 -0.9261718392372131 -0.008554120548069477 -0.3770045340061188 -29.975139617919922
-0.3720526695251465 0.038652077317237854 0.9274065494537354 95.03421020507812 -0.0005951090133748949 0.9991225004196167 -0.041879769414663315 -2.767434597015381 -0.9282113909721375 -0.016133388504385948 -0.37170320749282837 -30.29977035522461
-0.36901506781578064 0.04063494876027107 0.9285346865653992 95.87537384033203 -0.003461444517597556 0.9989767670631409 -0.04509330168366432 -2.8174564838409424 -0.9294169545173645 -0.01985417865216732 -0.36849677562713623 -30.61895179748535
-0.36498624086380005 0.04045490548014641 0.9301335215568542 96.71516418457031 -0.004433663096278906 0.9989686608314514 -0.04518857225775719 -2.873095989227295 -0.9310023784637451 -0.020617106929421425 -0.3644304871559143 -30.944307327270508
-0.3602951169013977 0.040331773459911346 0.9319660067558289 97.55636596679688 -0.005915405228734016 0.998945951461792 -0.045517273247241974 -2.9264516830444336 -0.9328195452690125 -0.021912606433033943 -0.3596767783164978 -31.257545471191406
-0.3546167314052582 0.03576136752963066 0.9343276023864746 98.41022491455078 -0.010157903656363487 0.9990620017051697 -0.042094431817531586 -2.9752001762390137 -0.9349564909934998 -0.02441820129752159 -0.35392093658447266 -31.578439712524414
-0.3494964838027954 0.03197212889790535 0.9363920092582703 99.25048065185547 -0.010128023102879524 0.9992302656173706 -0.037897832691669464 -3.0276074409484863 -0.9368829727172852 -0.02272895723581314 -0.3489036560058594 -31.882007598876953
-0.3437490463256836 0.029257502406835556 0.9386056661605835 100.1025390625 -0.01191168837249279 0.9992982745170593 -0.03551183268427849 -3.0765364170074463 -0.9389860033988953 -0.02338753454387188 -0.3431593179702759 -32.18519592285156
-0.3381944000720978 0.027306821197271347 0.9406799674034119 100.95136260986328 -0.020353948697447777 0.9991328716278076 -0.03632131218910217 -3.1246120929718018 -0.9408561587333679 -0.03143021836876869 -0.33734530210494995 -32.46821212768555
-0.3320932984352112 0.027700424194335938 0.9428396821022034 101.80503845214844 -0.027270782738924026 0.9988688230514526 -0.038952041417360306 -3.1708903312683105 -0.942852258682251 -0.038647688925266266 -0.33096224069595337 -32.7504997253418
-0.3249650299549103 0.031665340065956116 0.945195734500885 102.65467071533203 -0.024761810898780823 0.9988119006156921 -0.041974831372499466 -3.225668430328369 -0.9454017281532288 -0.03704511746764183 -0.32379481196403503 -33.04349899291992
-0.31803271174430847 0.03504268079996109 0.9474318623542786 103.49352264404297 -0.0232161283493042 0.9987291693687439 -0.044733162969350815 -3.2739408016204834 -0.9477955102920532 -0.03622230887413025 -0.3168148994445801 -33.31882858276367
-0.31161385774612427 0.03296073526144028 0.9496369957923889 104.34707641601562 -0.024866212159395218 0.9987730383872986 -0.04282578453421593 -3.325408458709717 -0.9498834013938904 -0.03695898503065109 -0.3104119598865509 -33.59003448486328
-0.3049373924732208 0.02818615734577179 0.9519551992416382 105.20042419433594 -0.025088824331760406 0.9989772439002991 -0.037615060806274414 -3.3745296001434326 -0.9520418643951416 -0.03535367175936699 -0.30391842126846313 -33.85161590576172
-0.29795873165130615 0.025598624721169472 0.9542354345321655 106.06102752685547 -0.026011237874627113 0.9990515112876892 -0.034922849386930466 -3.425949811935425 -0.9542243480682373 -0.03522641584277153 -0.29701024293899536 -34.11223220825195
-0.2913964092731476 0.02874169498682022 0.9561704993247986 106.9197769165039 -0.02841346338391304 0.998847484588623 -0.038683634251356125 -3.469653606414795 -0.9561803340911865 -0.038440387696027756 -0.290243923664093 -34.363731384277344
-0.28512024879455566 0.03153984621167183 0.9579727053642273 107.77426147460938 -0.02801191620528698 0.9987573623657227 -0.04121977835893631 -3.5198726654052734 -0.9580822587013245 -0.03858725354075432 -0.2838824987411499 -34.61044692993164
-0.2786403000354767 0.0317908450961113 0.9598692655563354 108.63018035888672 -0.029985882341861725 0.9986767768859863 -0.0417807400226593 -3.569854736328125 -0.9599272012710571 -0.040424324572086334 -0.2773182988166809 -34.845008850097656
-0.2716419994831085 0.03136846423149109 0.9618869423866272 109.49266052246094 -0.03069574572145939 0.9986777901649475 -0.04123690724372864 -3.620514392852783 -0.9619086980819702 -0.040727514773607254 -0.2703199088573456 -35.08333206176758
-0.2633393704891205 0.031029993668198586 0.9642041325569153 110.35403442382812 -0.02670125849545002 0.9988652467727661 -0.039437998086214066 -3.6719985008239746 -0.9643336534500122 -0.03613103926181793 -0.26221200823783875 -35.31968688964844
-0.2558036148548126 0.03246740624308586 0.9661834239959717 111.21086120605469 -0.023589901626110077 0.9989286065101624 -0.03981335461139679 -3.7202653884887695 -0.9664409160614014 -0.03297657147049904 -0.254763662815094 -35.546875
-0.24896599352359772 0.0331573486328125 0.9679444432258606 112.07111358642578 -0.02242971770465374 0.998948335647583 -0.03998856619000435 -3.769881248474121 -0.9682524800300598 -0.03166650980710983 -0.24796050786972046 -35.76588821411133
-0.24248060584068298 0.03206231817603111 0.9696264266967773 112.95399475097656 -0.028332076966762543 0.998793363571167 -0.0401119627058506 -3.818864345550537 -0.969742476940155 -0.03719790279865265 -0.24127964675426483 -35.96922302246094
-0.23653265833854675 0.03019154816865921 0.9711542725563049 113.82321166992188 -0.032741278409957886 0.9987017512321472 -0.03902235999703407 -3.8689441680908203 -0.9710717797279358 -0.041026897728443146 -0.23523704707622528 -36.165870666503906
-0.23224924504756927 0.030279768630862236 0.9721848964691162 114.68465423583984 -0.03034200333058834 0.9988032579421997 -0.038357362151145935 -3.9130027294158936 -0.9721829295158386 -0.038406502455472946 -0.23105259239673615 -36.365447998046875
-0.2274249643087387 0.030238427221775055 0.9733260273933411 115.54222869873047 -0.028467366471886635 0.9988841414451599 -0.037684060633182526 -3.9673566818237305 -0.9733794331550598 -0.03627833351492882 -0.2263103872537613 -36.567527770996094
-0.22234074771404266 0.03183494508266449 0.9744491577148438 116.4119873046875 -0.027760395780205727 0.9988548159599304 -0.03896637633442879 -4.010896682739258 -0.9745737314224243 -0.03571491315960884 -0.22120240330696106 -36.76509475708008
-0.2166070193052292 0.030972886830568314 0.9757674336433411 117.27545928955078 -0.021788984537124634 0.9990941882133484 -0.036550186574459076 -4.055089950561523 -0.9760157465934753 -0.029178008437156677 -0.21573595702648163 -36.95386505126953
-0.2115444839000702 0.029719693586230278 0.9769163131713867 118.14424896240234 -0.014438183046877384 0.9993335604667664 -0.03352814540266991 -4.10188627243042 -0.9772617816925049 -0.021197594702243805 -0.21097439527511597 -37.14468765258789
-0.2068212479352951 0.028948068618774414 0.977950394153595 119.00041198730469 -0.013422688469290733 0.9993841648101807 -0.032421208918094635 -4.146026134490967 -0.9782867431640625 -0.019832119345664978 -0.20630529522895813 -37.32175827026367
