0.9999995827674866 -0.0008785946411080658 -0.00027699724887497723 0.07818087190389633 0.0008793779998086393 0.9999955892562866 0.0028406984638422728 -0.6678604483604431 0.0002745001984294504 -0.0028409408405423164 0.9999959468841553 -0.018982715904712677
0.999987781047821 -0.003358385292813182 -0.0036343145184218884 0.07505392283201218 0.003360786708071828 0.999994158744812 0.0006548636592924595 -0.6712632775306702 0.0036320937797427177 -0.0006670702714473009 0.9999932050704956 0.6477193236351013
0.9999668002128601 -0.002264853799715638 -0.007829120382666588 0.062024835497140884 0.0022583522368222475 0.999997079372406 -0.0008391803130507469 -0.6728677153587341 0.007830998860299587 0.0008214715635403991 0.9999690055847168 1.363279938697815
0.9999305605888367 -0.0019030207768082619 -0.011628560721874237 0.04564117267727852 0.001876623136922717 0.9999956488609314 -0.0022805656772106886 -0.673180341720581 0.011632850393652916 0.0022585850674659014 0.9999297857284546 2.066661834716797
0.999864399433136 -0.0005906009464524686 -0.01645689643919468 0.02417904883623123 0.0005408334545791149 0.9999952912330627 -0.003028412349522114 -0.6740573644638062 0.016458606347441673 0.003019101917743683 0.9998599886894226 2.793678045272827
0.9997825026512146 -0.001452513737604022 -0.020803801715373993 0.008784666657447815 0.0013881439808756113 0.9999942183494568 -0.003108244389295578 -0.683575451374054 0.020808199420571327 0.0030786897987127304 0.9997787475585938 3.537062644958496
0.9996792674064636 0.0003078703593928367 -0.02532552368938923 -0.016744203865528107 -0.0004194880311843008 0.9999902248382568 -0.004402116872370243 -0.68602055311203 0.025323918089270592 0.0044113281182944775 0.9996695518493652 4.291656017303467
0.9995472431182861 0.00299711967818439 -0.02993732877075672 -0.04956594854593277 -0.0031488591339439154 0.999982476234436 -0.005022689700126648 -0.6942905187606812 0.029921751469373703 0.005114684347063303 0.9995391368865967 5.051567077636719
0.9994031190872192 0.0031898533925414085 -0.0343976654112339 -0.08036155998706818 -0.003309299936518073 0.9999886751174927 -0.003416139632463455 -0.6978306770324707 0.03438638150691986 0.003527933033183217 0.9994024038314819 5.854736804962158
0.999234139919281 0.0026228302158415318 -0.039038483053445816 -0.1142871230840683 -0.0026545212604105473 0.9999961853027344 -0.0007599776145070791 -0.70240718126297 0.0390363410115242 0.0008630247320979834 0.9992374777793884 6.656566619873047
0.9991161823272705 0.002263664035126567 -0.04197388514876366 -0.15872639417648315 -0.002184860873967409 0.9999957084655762 0.0019232253544032574 -0.7073678970336914 0.04197806492447853 -0.001829818356782198 0.9991169571876526 7.459784507751465
0.9989936351776123 0.0034898167941719294 -0.04471585899591446 -0.20004768669605255 -0.003455227008089423 0.999993622303009 0.0008508090977557003 -0.7095947861671448 0.04471854865550995 -0.0006954492419026792 0.998999297618866 8.278764724731445
0.9989016652107239 0.0030414192005991936 -0.04675580561161041 -0.24646583199501038 -0.0030093223322182894 0.9999951720237732 0.0007568563451059163 -0.7140948176383972 0.046757880598306656 -0.000615321914665401 0.9989060759544373 9.09868049621582
0.9988306760787964 0.0004847130330745131 -0.04834213852882385 -0.29069045186042786 -0.0004869320255238563 0.9999998807907104 -3.4138618502765894e-05 -0.7174957990646362 0.04834211245179176 5.7637866120785475e-05 0.9988307952880859 9.92590045928955
0.9987085461616516 -0.00013082855730317533 -0.05080818384885788 -0.32792508602142334 0.0001746412890497595 0.9999995827674866 0.0008578777778893709 -0.7230151295661926 0.05080805718898773 -0.000865642970893532 0.9987080097198486 10.777203559875488
0.9986281991004944 -0.001607474172487855 -0.05233747884631157 -0.37446293234825134 0.0016380134038627148 0.9999986290931702 0.0005406190175563097 -0.7288208603858948 0.05233653634786606 -0.0006256067426875234 0.9986292719841003 11.628935813903809
0.9985370635986328 0.000499987043440342 -0.054071392863988876 -0.42790907621383667 -0.0005805891123600304 0.9999988079071045 -0.00147496338468045 -0.7397041320800781 0.05407058820128441 0.0015041991136968136 0.9985359907150269 12.487005233764648
0.9984581470489502 0.0009023058810271323 -0.055504053831100464 -0.4796576499938965 -0.0011511112097650766 0.9999894499778748 -0.004450843669474125 -0.7430695295333862 0.05549945682287216 0.004507870879024267 0.9984485507011414 13.356245040893555
0.9983612895011902 0.004724336788058281 -0.05702915042638779 -0.5404555797576904 -0.005073356442153454 0.9999691843986511 -0.005976780783385038 -0.7545398473739624 0.05699915811419487 0.006256314925849438 0.9983546137809753 14.22890853881836
0.9982819557189941 0.0057325283996760845 -0.058310747146606445 -0.5927057266235352 -0.006067874375730753 0.999966025352478 -0.005575584247708321 -0.7647308707237244 0.05827680230140686 0.0059198299422860146 0.9982829093933105 15.11381721496582
0.9982039928436279 0.00463639572262764 -0.05972679704427719 -0.6487655639648438 -0.004874122329056263 0.9999807476997375 -0.0038351677358150482 -0.7783772945404053 0.05970786511898041 0.00411939574405551 0.9982073307037354 16.007749557495117
0.9981362819671631 0.0056245760060846806 -0.06076440215110779 -0.7132459878921509 -0.005780314095318317 0.9999803900718689 -0.0023874989710748196 -0.7877652645111084 0.060749784111976624 0.00273428694345057 0.9981492161750793 16.904539108276367
0.9980779886245728 0.004937819205224514 -0.061773091554641724 -0.7689083814620972 -0.005097059532999992 0.9999840259552002 -0.0024205194786190987 -0.7998733520507812 0.06176016107201576 0.0027307295240461826 0.9980872273445129 17.797657012939453
0.9979797601699829 0.004872377496212721 -0.06334574520587921 -0.8309352993965149 -0.005100074224174023 0.9999811053276062 -0.0034333127550780773 -0.8079290390014648 0.06332782655954361 0.0037494455464184284 0.9979857206344604 18.703523635864258
0.9979133009910583 0.003248217748478055 -0.06448572129011154 -0.8906898498535156 -0.003504805965349078 0.9999863505363464 -0.0038662715815007687 -0.8224472403526306 0.06447228044271469 0.0040842145681381226 0.9979112148284912 19.624248504638672
0.9978755116462708 0.0034408913925290108 -0.0650581419467926 -0.9503828883171082 -0.0035934369079768658 0.9999909996986389 -0.0022278884425759315 -0.8307821750640869 0.06504989415407181 0.0024569386150687933 0.997878909111023 20.530357360839844
0.9978611469268799 0.004697567783296108 -0.06520003825426102 -1.0167402029037476 -0.004643861670047045 0.9999887943267822 0.000975240720435977 -0.836592972278595 0.06520389020442963 -0.0006703750696033239 0.9978716969490051 21.456233978271484
0.9979249835014343 0.005402472801506519 -0.06415945291519165 -1.0827867984771729 -0.005084995646029711 0.9999740123748779 0.005110514350235462 -0.8501743078231812 0.06418538838624954 -0.004773659165948629 0.9979265332221985 22.385055541992188
0.9980215430259705 0.0036750826984643936 -0.06276513636112213 -1.1319892406463623 -0.00318142375908792 0.9999632239341736 0.007963304407894611 -0.8537997007369995 0.0627920925617218 -0.007747866678982973 0.9979965686798096 23.309253692626953
0.9981238842010498 0.003906112164258957 -0.0611010417342186 -1.1954503059387207 -0.0033939231652766466 0.9999582767486572 0.008484200574457645 -0.8537980318069458 0.06113162264227867 -0.008260911330580711 0.9980955719947815 24.251800537109375
0.9981991052627563 0.00445494893938303 -0.059821415692567825 -1.2535417079925537 -0.004126507788896561 0.9999756813049316 0.0056127822026610374 -0.8571431636810303 0.059844959527254105 -0.005355820059776306 0.9981933236122131 25.185279846191406
0.9982526302337646 0.00509579386562109 -0.058870699256658554 -1.3110219240188599 -0.00503495940938592 0.9999865889549255 0.0011816492769867182 -0.866584300994873 0.05887593328952789 -0.0008831723826006055 0.9982649087905884 26.127065658569336
0.9983395934104919 0.004140872973948717 -0.05745309218764305 -1.371598243713379 -0.004243658389896154 0.9999896287918091 -0.0016671349294483662 -0.8727601170539856 0.05744559317827225 0.0019081782083958387 0.998346745967865 27.075294494628906
0.998409628868103 0.002006849739700556 -0.056339412927627563 -1.4335874319076538 -0.0020454800687730312 0.9999976754188538 -0.0006280199158936739 -0.8787587881088257 0.05633802339434624 0.0007422621129080653 0.9984114170074463 28.032394409179688
0.998375654220581 4.741645170724951e-05 -0.05697391554713249 -1.4814008474349976 0.00020522823615465313 0.9999901652336121 0.004428532440215349 -0.8896371126174927 0.05697356536984444 -0.004433031659573317 0.9983658194541931 29.007123947143555
0.9983185529708862 -0.0036383892875164747 -0.057849735021591187 -1.5375595092773438 0.004090472590178251 0.9999620318412781 0.007698296569287777 -0.8950520753860474 0.05781952664256096 -0.007921986281871796 0.9982955455780029 29.98057746887207
0.9982059001922607 -0.011053303256630898 -0.05884421989321709 -1.5838475227355957 0.011496110819280148 0.9999079704284668 0.00719185546040535 -0.8997859954833984 0.05875932052731514 -0.007855432108044624 0.9982412457466125 30.941194534301758
0.9980891942977905 -0.013502136804163456 -0.0602959468960762 -1.6391750574111938 0.013735841028392315 0.9998996257781982 0.0034631385933607817 -0.9033923149108887 0.060243140906095505 -0.004284736700356007 0.9981744885444641 31.91699981689453
0.9980157613754272 -0.013220086693763733 -0.06156150624155998 -1.702378749847412 0.013201821595430374 0.9999126195907593 -0.0007034508744254708 -0.908033013343811 0.061565425246953964 -0.00011066845763707533 0.9981030225753784 32.88842010498047
0.9979056715965271 -0.011913260444998741 -0.06358020752668381 -1.771599531173706 0.011845544911921024 0.9999288320541382 -0.0014419034123420715 -0.9145117998123169 0.06359285116195679 0.0006857418920844793 0.9979756474494934 33.871150970458984
0.9978495240211487 -0.011888113804161549 -0.06445887684822083 -1.8357559442520142 0.011908533051609993 0.9999290704727173 -6.741964170942083e-05 -0.9260744452476501 0.06445512175559998 -0.0007003357750363648 0.9979203343391418 34.866233825683594
0.9977957606315613 -0.008764313533902168 -0.06577754020690918 -1.9082618951797485 0.0089670829474926 0.9999558329582214 0.002788054756820202 -0.9369387626647949 0.06575019657611847 -0.0033717420883476734 0.9978303909301758 35.86039733886719
0.9977092742919922 -0.008965064771473408 -0.06704983115196228 -1.9765595197677612 0.009268302470445633 0.9999481439590454 0.004212880972772837 -0.9466932415962219 0.06700858473777771 -0.004824668634682894 0.9977407455444336 36.85559844970703
0.9976509213447571 -0.007893952541053295 -0.06804566085338593 -2.0464131832122803 0.008374616503715515 0.9999419450759888 0.006781470496207476 -0.9514801502227783 0.06798817962408066 -0.00733539741486311 0.9976591467857361 37.82883834838867
0.9976685047149658 -0.007824062369763851 -0.06779520213603973 -2.120800018310547 0.008505895733833313 0.9999160766601562 0.00977444089949131 -0.9572693109512329 0.06771302223205566 -0.01032831147313118 0.9976513981819153 38.841392517089844
0.9976491928100586 -0.001953690778464079 -0.06849952042102814 -2.1951537132263184 0.00277358153834939 0.9999256134033203 0.01187624130398035 -0.9561858177185059 0.06847121566534042 -0.01203831285238266 0.9975804686546326 39.82416534423828
0.9976420402526855 -0.0021179027389734983 -0.06859954446554184 -2.274165630340576 0.0029001194052398205 0.9999318718910217 0.011305066756904125 -0.9578450918197632 0.06857092678546906 -0.011477356776595116 0.9975802302360535 40.83053970336914
0.9976529479026794 -0.0021488438360393047 -0.0684397965669632 -2.350602149963379 0.0028216117061674595 0.9999486207962036 0.009734910912811756 -0.9579625725746155 0.06841536611318588 -0.009905173443257809 0.9976077675819397 41.82792663574219
0.9976410269737244 0.0002544097078498453 -0.06864721328020096 -2.421680212020874 0.0002524850133340806 0.9999727010726929 0.007375273387879133 -0.9633128643035889 0.06864722818136215 -0.007375207729637623 0.9976137280464172 42.81972122192383
0.9975701570510864 -0.00030027711181901395 -0.0696687325835228 -2.4809818267822266 0.0008069409523159266 0.9999734163284302 0.00724443793296814 -0.9625152349472046 0.06966473907232285 -0.007283054292201996 0.9975438714027405 43.79566955566406
0.9974938631057739 -0.0019511347636580467 -0.0707264393568039 -2.5550200939178467 0.0025602674577385187 0.9999603033065796 0.00852289143949747 -0.970192551612854 0.07070700079202652 -0.008682609535753727 0.997459352016449 44.779571533203125
0.9974499344825745 -0.0012574512511491776 -0.07135782390832901 -2.6291425228118896 0.0019349086796864867 0.9999537467956543 0.009425481781363487 -0.9759361743927002 0.07134266942739487 -0.00953951571136713 0.9974062442779541 45.75242614746094
0.9974040985107422 0.00015009715571068227 -0.07200758159160614 -2.693197727203369 0.00029647728661075234 0.9999808073043823 0.006191047839820385 -0.9824656248092651 0.07200712710618973 -0.006196324713528156 0.9973848462104797 46.73187255859375
0.9973409175872803 0.0007222952554002404 -0.07287415862083435 -2.7722411155700684 -0.0005836290074512362 0.9999979734420776 0.0019240966066718102 -0.9875511527061462 0.07287541031837463 -0.0018764487467706203 0.9973392486572266 47.69547653198242
0.9973164796829224 0.0019049167167395353 -0.07318755984306335 -2.8543598651885986 -0.0018790357280522585 0.9999982118606567 0.0004224702715873718 -0.9895338416099548 0.07318823039531708 -0.0002838145010173321 0.9973180890083313 48.65011978149414
0.997285008430481 -0.0001573899935465306 -0.07363849133253098 -2.920429229736328 0.0004914436722174287 0.9999896883964539 0.004518301226198673 -1.006948471069336 0.07363701611757278 -0.004542223177850246 0.9972747564315796 49.63966369628906
0.9972572326660156 -0.0020554284565150738 -0.0739852637052536 -2.990396022796631 0.002623574808239937 0.9999678730964661 0.0075828214175999165 -1.0143184661865234 0.07396727800369263 -0.007756128907203674 0.9972304701805115 50.611148834228516
0.9972497224807739 -0.003433795180171728 -0.07403542846441269 -3.067667007446289 0.004045938607305288 0.9999589323997498 0.008119860664010048 -1.0242482423782349 0.07400449365377426 -0.008397070690989494 0.9972226023674011 51.57088088989258
0.9972050786018372 -0.006639920640736818 -0.074416384100914 -3.1337225437164307 0.007179309148341417 0.9999498724937439 0.006983098108321428 -1.0283458232879639 0.07436627894639969 -0.007497839629650116 0.9972028136253357 52.52446746826172
0.9971723556518555 -0.009392405860126019 -0.07455857843160629 -3.2067713737487793 0.009860130958259106 0.9999340176582336 0.005907631013542414 -1.0374360084533691 0.07449816912412643 -0.006626083515584469 0.9971991777420044 53.478546142578125
0.997083842754364 -0.01102057471871376 -0.075513556599617 -3.2819528579711914 0.011586930602788925 0.999907910823822 0.007066045887768269 -1.0435395240783691 0.07542872428894043 -0.007920410484075546 0.9971197843551636 54.43285369873047
0.9969117641448975 -0.014517700299620628 -0.0771758109331131 -3.3378114700317383 0.015409094281494617 0.9998210668563843 0.010967202484607697 -1.046680212020874 0.07700277864933014 -0.012122541666030884 0.9969571828842163 55.3777961730957
0.996896505355835 -0.015114406123757362 -0.07725946605205536 -3.4190571308135986 0.01636669598519802 0.9997442364692688 0.015601425431668758 -1.0455726385116577 0.07700392603874207 -0.01681748777627945 0.9968889355659485 56.31969451904297
0.9968730211257935 -0.013026163913309574 -0.07793961465358734 -3.5003373622894287 0.01446520909667015 0.9997345805168152 0.01792757213115692 -1.0453239679336548 0.0776854082942009 -0.018998920917510986 0.9967969059944153 57.25762939453125
0.9967263340950012 -0.012606349773705006 -0.07986082881689072 -3.57070255279541 0.013757706619799137 0.9998090267181396 0.013883222825825214 -1.0438796281814575 0.07967054843902588 -0.014936475083231926 0.9967093467712402 58.21387481689453
0.9966587424278259 -0.010944260284304619 -0.08094142377376556 -3.645820379257202 0.011503268033266068 0.9999130964279175 0.006443237420171499 -1.049811601638794 0.08086387068033218 -0.0073527991771698 0.9966979622840881 59.116886138916016
0.9966246485710144 -0.008735132403671741 -0.08162648230791092 -3.729236602783203 0.008895045146346092 0.9999591708183289 0.0015956396237015724 -1.0565078258514404 0.08160921186208725 -0.002316324505954981 0.9966617226600647 60.026336669921875
0.9965604543685913 -0.004170015454292297 -0.08276486396789551 -3.80989408493042 0.004371575079858303 0.9999879002571106 0.00225426210090518 -1.062853217124939 0.0827544629573822 -0.00260832067579031 0.9965665340423584 60.92766571044922
0.9964789748191833 -0.001705467700958252 -0.0838255062699318 -3.8962860107421875 0.002121318131685257 0.9999858736991882 0.004872089251875877 -1.076685905456543 0.0838160291314125 -0.005032755434513092 0.9964685440063477 61.82849884033203
0.9963873028755188 0.0009856848046183586 -0.0849187895655632 -3.97577166557312 -0.0004623175482265651 0.9999807476997375 0.0061825960874557495 -1.08525550365448 0.08492326736450195 -0.006121001206338406 0.9963686466217041 62.71377182006836
0.9962823390960693 0.0020691852550953627 -0.08612298965454102 -4.0546674728393555 -0.001534848241135478 0.9999791979789734 0.006270101293921471 -1.0994670391082764 0.0861341580748558 -0.006114605814218521 0.9962647557258606 63.58761978149414
0.9961586594581604 0.003065831493586302 -0.08751209080219269 -4.13508415222168 -0.002443555509671569 0.9999709129333496 0.007216977421194315 -1.1042523384094238 0.0875316932797432 -0.006975414231419563 0.996137261390686 64.43169403076172
0.9960299134254456 0.004029744304716587 -0.08892782777547836 -4.215003967285156 -0.0033367513678967953 0.9999629259109497 0.00794004276394844 -1.1135220527648926 0.08895652741193771 -0.007611789274960756 0.996006429195404 65.27642059326172
0.9958998560905457 0.003912522457540035 -0.09037772566080093 -4.289464473724365 -0.003188569564372301 0.9999616742134094 0.008153291419148445 -1.120342493057251 0.09040616452693939 -0.007831686176359653 0.9958741664886475 66.08793640136719
0.995816707611084 0.0038246293552219868 -0.09129362553358078 -4.367104530334473 -0.003006958169862628 0.9999541640281677 0.009092363528907299 -1.1242194175720215 0.09132423251867294 -0.008779811672866344 0.9957824349403381 66.89318084716797
0.9956492781639099 0.006423515733331442 -0.0929582491517067 -4.445303916931152 -0.005353123880922794 0.9999165534973145 0.011759533546864986 -1.1291427612304688 0.09302601218223572 -0.011210753582417965 0.9956005811691284 67.69635772705078
0.995528519153595 0.008140604943037033 -0.0941096618771553 -4.527594089508057 -0.006674103904515505 0.9998515248298645 0.015887167304754257 -1.133103370666504 0.09422503411769867 -0.015188029035925865 0.9954351186752319 68.48397064208984
0.9953364133834839 0.010995511896908283 -0.09583573788404465 -4.608497619628906 -0.009355105459690094 0.9998022317886353 0.017549432814121246 -1.1344438791275024 0.096009761095047 -0.016571035608649254 0.9952424764633179 69.25904846191406
0.9951837658882141 0.013890783302485943 -0.0970371663570404 -4.6925554275512695 -0.012632527388632298 0.9998281002044678 0.013569140806794167 -1.1398378610610962 0.09720896929502487 -0.012277965433895588 0.9951882362365723 70.00809478759766
0.9950489401817322 0.013705121353268623 -0.09843722730875015 -4.765888214111328 -0.01315663568675518 0.9998940825462341 0.006218971684575081 -1.1445016860961914 0.09851205348968506 -0.004893079400062561 0.9951237440109253 70.72880554199219
0.9948955178260803 0.012907208874821663 -0.10008178651332855 -4.839249610900879 -0.01292406115680933 0.9999163746833801 0.00047998668742366135 -1.1524204015731812 0.10007960349321365 0.0008159262361004949 0.9949790239334106 71.43824768066406
0.9948479533195496 0.013321394100785255 -0.1004992350935936 -4.912924289703369 -0.01346927136182785 0.9999089241027832 -0.0007929905550554395 -1.1556622982025146 0.10047952830791473 0.0021425560116767883 0.9949368238449097 72.12843322753906
0.9947438836097717 0.016396736726164818 -0.10107327252626419 -4.995484352111816 -0.016196325421333313 0.9998648762702942 0.0028032155241817236 -1.1651878356933594 0.10110558569431305 -0.0011514660436660051 0.9948750138282776 72.80855560302734
0.9945981502532959 0.01690511405467987 -0.10241527855396271 -5.068239212036133 -0.016462577506899834 0.9998511672019958 0.0051647634245455265 -1.1815521717071533 0.10248735547065735 -0.0034508444368839264 0.9947282671928406 73.45941925048828
0.9945505261421204 0.013669701293110847 -0.10335621982812881 -5.133009910583496 -0.013545984402298927 0.9999064207077026 0.0018988570664077997 -1.190294861793518 0.10337250679731369 -0.000488447374664247 0.9946426153182983 74.08635711669922
0.9946147799491882 0.005332810338586569 -0.10350381582975388 -5.183223724365234 -0.005694724153727293 0.9999786019325256 -0.003201426938176155 -1.2048908472061157 0.10348453372716904 0.003773611970245838 0.9946238994598389 74.70201873779297
0.9947193264961243 0.0012499046279117465 -0.10262589901685715 -5.2363762855529785 -0.002099513541907072 0.9999644160270691 -0.008171102032065392 -1.210137963294983 0.10261204093694687 0.008343417197465897 0.9946864247322083 75.3020248413086
0.9950270652770996 0.0036927592009305954 -0.09953701496124268 -5.297601699829102 -0.004534689709544182 0.9999558925628662 -0.00823354721069336 -1.2235558032989502 0.09950222074985504 0.008643971756100655 0.9949997663497925 75.8836441040039
0.9954077005386353 0.008708840236067772 -0.09532869607210159 -5.362673282623291 -0.009256239980459213 0.9999430179595947 -0.0053015416488051414 -1.2332085371017456 0.0952770933508873 0.006159582640975714 0.9954317212104797 76.44950866699219
0.9958718419075012 0.007334460038691759 -0.09047415852546692 -5.416228294372559 -0.00753958011046052 0.9999696612358093 -0.001925620948895812 -1.2459068298339844 0.09045731276273727 0.0025998088531196117 0.9958969354629517 77.00548553466797
0.9963905811309814 0.0036513819359242916 -0.08480899035930634 -5.451576232910156 -0.0035108281299471855 0.9999921321868896 0.0018063588067889214 -1.247502088546753 0.08481492847204208 -0.0015020892024040222 0.9963956475257874 77.55033111572266
0.9970743656158447 -0.0009216908365488052 -0.07643304765224457 -5.485719203948975 0.0013594705378636718 0.9999829530715942 0.00567579036578536 -1.2657045125961304 0.07642651349306107 -0.005763093940913677 0.9970585703849792 78.07891082763672
0.9977980852127075 0.0027483997400850058 -0.0662674531340599 -5.5086870193481445 -0.00239925435744226 0.9999828338623047 0.005347743164747953 -1.270826816558838 0.0662810206413269 -0.005176975857466459 0.9977875351905823 78.59049987792969
0.9986642003059387 0.007904876954853535 -0.05106307938694954 -5.539679527282715 -0.007674213964492083 0.9999595284461975 0.004711697809398174 -1.2742793560028076 0.051098257303237915 -0.0043135350570082664 0.9986843466758728 79.09647369384766
0.9993748664855957 0.012807957828044891 -0.032951176166534424 -5.553696632385254 -0.012641632929444313 0.9999063014984131 0.005251083057373762 -1.2782554626464844 0.03301533684134483 -0.004831244237720966 0.9994431734085083 79.58938598632812
0.9998754262924194 0.011450463905930519 -0.01085427775979042 -5.543359756469727 -0.011387460865080357 0.9999180436134338 0.00584847666323185 -1.2827212810516357 0.010920349508523941 -0.005724146030843258 0.9999240040779114 80.0708999633789
0.9998458623886108 0.00813639909029007 0.015558325685560703 -5.516238212585449 -0.008249684236943722 0.9999397993087769 0.0072312080301344395 -1.293046236038208 -0.015498553402721882 -0.0073584457859396935 0.9998528361320496 80.52132415771484
0.9989703297615051 0.006947789341211319 0.04483453929424286 -5.469989776611328 -0.0073464675806462765 0.9999348521232605 0.008733568713068962 -1.2981170415878296 -0.044770944863557816 -0.009053951129317284 0.9989562630653381 80.97821044921875
0.9969190359115601 0.006599637679755688 0.07815974950790405 -5.417241096496582 -0.00745935644954443 0.9999147057533264 0.010712667368352413 -1.3081932067871094 -0.07808239012956619 -0.01126268319785595 0.9968833327293396 81.42809295654297
0.9932774305343628 0.006641295272856951 0.1155676394701004 -5.339876174926758 -0.007928702048957348 0.9999114871025085 0.010683730244636536 -1.304310917854309 -0.11548646539449692 -0.01152821071445942 0.9932421445846558 81.86951446533203
0.9874991178512573 0.006323900073766708 0.15749776363372803 -5.257396697998047 -0.008214868605136871 0.9999017715454102 0.011358235031366348 -1.3164637088775635 -0.1574104279279709 -0.012510070577263832 0.9874539971351624 82.27304077148438
0.9792134165763855 0.0060042887926101685 0.20274436473846436 -5.1436767578125 -0.008497294038534164 0.9998986124992371 0.011428091675043106 -1.3210508823394775 -0.20265519618988037 -0.01291331835091114 0.9791650176048279 82.69001770019531
0.9678022861480713 0.00823220144957304 0.2515771687030792 -5.00794792175293 -0.010986307635903358 0.9998941421508789 0.009544757194817066 -1.3281618356704712 -0.25147193670272827 -0.012001343071460724 0.9677901864051819 83.09114837646484
0.9522994160652161 0.00958311092108488 0.30501484870910645 -4.859209060668945 -0.012196316383779049 0.9999034404754639 0.006663155741989613 -1.3311278820037842 -0.3049215078353882 -0.01006537675857544 0.9523242712020874 83.47505187988281
0.9325771331787109 0.009830478578805923 0.36083686351776123 -4.679174423217773 -0.012194963172078133 0.9999164938926697 0.0042764111422002316 -1.3320350646972656 -0.36076468229293823 -0.008388474583625793 0.9326190948486328 83.84573364257812
0.9083375930786133 0.009378627873957157 0.41813257336616516 -4.491535186767578 -0.011990017257630825 0.9999216198921204 0.003618684597313404 -1.348947525024414 -0.41806578636169434 -0.008300404995679855 0.9083788394927979 84.17781066894531
0.8793291449546814 0.010143384337425232 0.4761064648628235 -4.282077789306641 -0.012216080911457539 0.9999246001243591 0.001258833333849907 -1.3485076427459717 -0.4760577976703644 -0.006923086009919643 0.8793867230415344 84.48519897460938
0.8459795117378235 0.009019230492413044 0.5331389904022217 -4.038715362548828 -0.0100206034258008 0.9999493360519409 -0.0010157673386856914 -1.3508853912353516 -0.5331211090087891 -0.0044830571860075 0.8460270762443542 84.78618621826172
0.808932363986969 0.008398079313337803 0.5878416299819946 -3.7803382873535156 -0.009029144421219826 0.9999575018882751 -0.001860624528490007 -1.3618688583374023 -0.5878322720527649 -0.0038025896064937115 0.8089738488197327 85.07685852050781
0.7692214846611023 0.0074188970029354095 0.6389390230178833 -3.5022850036621094 -0.008292225189507008 0.9999643564224243 -0.0016278132097795606 -1.363120436668396 -0.6389283537864685 -0.004046077840030193 0.769255518913269 85.34339904785156
0.7270755171775818 0.007081820163875818 0.686521053314209 -3.2098388671875 -0.010271245613694191 0.9999471306800842 0.0005630230298265815 -1.3682152032852173 -0.686480700969696 -0.007460786961019039 0.7271097302436829 85.58168029785156
0.6825758218765259 0.0062386044301092625 0.7307881116867065 -2.906391143798828 -0.009233566001057625 0.9999573826789856 8.794770110398531e-05 -1.3681323528289795 -0.730756402015686 -0.0068078115582466125 0.6826043128967285 85.79371643066406
0.6362464427947998 0.004406200721859932 0.7714732885360718 -2.5779380798339844 -0.006748305168002844 0.9999772310256958 -0.00014584267046302557 -1.3843876123428345 -0.7714563608169556 -0.005113345570862293 0.6362617015838623 86.00154113769531
0.5899651646614075 0.001244010985828936 0.8074277639389038 -2.246196746826172 2.414223490632139e-05 0.9999988079071045 -0.0015583473723381758 -1.386344075202942 -0.8074287176132202 0.00093886349350214 0.5899643898010254 86.17630004882812
0.5434961318969727 0.0029625240713357925 0.8394064903259277 -1.9114456176757812 -0.0022505673114210367 0.9999954104423523 -0.0020721019245684147 -1.397550344467163 -0.8394087553024292 -0.0007629618048667908 0.5435001850128174 86.34225463867188
0.4966600835323334 0.00632462790235877 0.8679220676422119 -1.5722885131835938 -0.00576616358011961 0.9999754428863525 -0.003987280186265707 -1.397479772567749 -0.8679258823394775 -0.003024257952347398 0.496684193611145 86.49781036376953
0.45121848583221436 0.007889555767178535 0.8923787474632263 -1.2344627380371094 -0.0066427625715732574 0.9999628663063049 -0.005481894128024578 -1.4098962545394897 -0.8923888206481934 -0.003454328514635563 0.4512540400028229 86.62982177734375
0.40833580493927 0.00591817032545805 0.9128126502037048 -0.8784465789794922 -0.00046807818580418825 0.9999802112579346 -0.006273926701396704 -1.4141758680343628 -0.9128316640853882 0.0021346011199057102 0.40833044052124023 86.75106811523438
0.3678252696990967 -0.0016194391064345837 0.9298934936523438 -0.5129756927490234 0.013773019425570965 0.9998982548713684 -0.0037066496443003416 -1.4192861318588257 -0.9297929406166077 0.014170839451253414 0.3678101599216461 86.85518646240234
0.3325046896934509 -0.00496853981167078 0.9430884718894958 -0.1460285186767578 0.01774904876947403 0.9998419284820557 -0.0009902422316372395 -1.4200670719146729 -0.9429345726966858 0.01706818677484989 0.33254027366638184 86.94583129882812
0.2991715669631958 -0.001384445931762457 0.9541983604431152 0.21784019470214844 0.015006833709776402 0.9998821020126343 -0.0032543926499783993 -1.4289814233779907 -0.9540812969207764 0.015293121337890625 0.299157053232193 87.04202270507812
0.2682996392250061 0.006179450079798698 0.9633157253265381 0.5885086059570312 0.00392498355358839 0.9999641180038452 -0.0075077153742313385 -1.4420206546783447 -0.9633276462554932 0.005795313511043787 0.2682657837867737 87.14155578613281
0.23963047564029694 0.010908196680247784 0.9708028435707092 0.9714984893798828 -0.0010605595307424664 0.9999391436576843 -0.01097379345446825 -1.456141710281372 -0.9708635807037354 0.0016000621253624558 0.23962746560573578 87.23286437988281
0.2138470560312271 0.012490281835198402 0.9767873287200928 1.3623409271240234 0.0002545029274187982 0.9999174475669861 -0.012841767631471157 -1.4686672687530518 -0.9768671989440918 0.002994769951328635 0.2138262391090393 87.29847717285156
0.19036930799484253 0.013997713103890419 0.9816127419471741 1.7728729248046875 0.007279764395207167 0.9998506307601929 -0.01566958799958229 -1.4753798246383667 -0.9816855788230896 0.010128919035196304 0.19023898243904114 87.35488891601562
0.17049431800842285 0.019858725368976593 0.9851586222648621 2.1813459396362305 0.014149743132293224 0.9996444582939148 -0.02259952388703823 -1.478298306465149 -0.985257089138031 0.017792830243706703 0.1701527088880539 87.3935317993164
0.15075597167015076 0.027047134935855865 0.9882009029388428 2.610025405883789 0.016187507659196854 0.9994240999221802 -0.029823821038007736 -1.4717113971710205 -0.9884384870529175 0.02049262449145317 0.15023134648799896 87.45085144042969
0.13313329219818115 0.02767905965447426 0.9907114505767822 3.0490798950195312 0.0138099305331707 0.9994611144065857 -0.029779307544231415 -1.483647346496582 -0.9910019040107727 0.017646275460720062 0.132679283618927 87.50545501708984
0.11782172322273254 0.023488886654376984 0.9927569627761841 3.511434555053711 0.011533031240105629 0.9996204376220703 -0.025020036846399307 -1.5052939653396606 -0.9929677248001099 0.014397398568689823 0.11750607192516327 87.55540466308594
0.10330909490585327 0.02016710489988327 0.9944447875022888 3.97860050201416 0.011560499668121338 0.9997025728225708 -0.02147470787167549 -1.523229956626892 -0.9945821166038513 0.013714811764657497 0.10304522514343262 87.59774017333984
0.08996961265802383 0.0178369153290987 0.9957847595214844 4.465692043304443 0.014372658915817738 0.9997122287750244 -0.019205842167139053 -1.5335880517959595 -0.9958407878875732 0.01604001596570015 0.08968735486268997 87.6323471069336
0.07832284271717072 0.017123471945524216 0.9967809915542603 4.96002197265625 0.018106644973158836 0.9996631145477295 -0.018595727160573006 -1.5456364154815674 -0.9967635869979858 0.01950482651591301 0.07798640429973602 87.65800476074219
0.06806843727827072 0.017735842615365982 0.9975229501724243 5.467861652374268 0.0212444756180048 0.9995895028114319 -0.019222255796194077 -1.5582374334335327 -0.9974543452262878 0.022500278428196907 0.06766369938850403 87.68338775634766
0.06025639921426773 0.01834183745086193 0.9980143904685974 6.002190113067627 0.023411480709910393 0.9995301365852356 -0.01978319324553013 -1.5670913457870483 -0.997908353805542 0.02455705590546131 0.05979866534471512 87.70714569091797
0.054810263216495514 0.01841287687420845 0.9983270168304443 6.553257942199707 0.024714570492506027 0.9994984865188599 -0.019791370257735252 -1.585409164428711 -0.9981908798217773 0.025757990777492523 0.05432771518826485 87.73440551757812
0.049384430050849915 0.01947745867073536 0.9985899329185486 7.112697601318359 0.02610686793923378 0.9994430541992188 -0.020785193890333176 -1.5978927612304688 -0.9984385967254639 0.027096524834632874 0.04884842783212662 87.75537109375
0.04351477324962616 0.02019411325454712 0.9988486766815186 7.698887348175049 0.02626950480043888 0.9994269013404846 -0.021350227296352386 -1.6147745847702026 -0.9987073540687561 0.027168311178684235 0.04295934736728668 87.77788543701172
0.038648348301649094 0.020072773098945618 0.9990512728691101 8.30530071258545 0.02860897406935692 0.9993661642074585 -0.02118583582341671 -1.6290580034255981 -0.9988431930541992 0.02940063178539276 0.03804958611726761 87.80059814453125
0.03585468977689743 0.020109882578253746 0.9991546869277954 8.928316116333008 0.02988727018237114 0.9993287324905396 -0.021185889840126038 -1.6430460214614868 -0.9989100098609924 0.030621619895100594 0.03522959351539612 87.81693267822266
0.03307041898369789 0.01953374594449997 0.9992620944976807 9.567899703979492 0.03111368976533413 0.9993042945861816 -0.02056427113711834 -1.661616325378418 -0.9989685416221619 0.03177078813314438 0.032439637929201126 87.83031463623047
0.03055555932223797 0.01887086220085621 0.999354898929596 10.224183082580566 0.03322569653391838 0.999250054359436 -0.019884763285517693 -1.6790409088134766 -0.998980700969696 0.03381185978651047 0.029905645176768303 87.84883117675781
0.029957646504044533 0.018538549542427063 0.9993792176246643 10.902538299560547 0.03756294026970863 0.9991008639335632 -0.019659381359815598 -1.694651484489441 -0.9988450407981873 0.0381285734474659 0.029234347864985466 87.86264038085938
0.031137904152274132 0.018075421452522278 0.9993516206741333 11.592098236083984 0.041315317153930664 0.9989586472511292 -0.019355617463588715 -1.7102196216583252 -0.9986608028411865 0.041891224682331085 0.030358687043190002 87.87858581542969
0.03334289416670799 0.01780199259519577 0.9992854595184326 12.299657821655273 0.04299591854214668 0.9988901615142822 -0.01922958716750145 -1.7307662963867188 -0.9985186457633972 0.043606359511613846 0.03254047781229019 87.90562438964844
0.03716377541422844 0.01802751049399376 0.999146580696106 13.02895450592041 0.045266177505254745 0.9987806081771851 -0.019704606384038925 -1.7474567890167236 -0.9982834458351135 0.04595983400940895 0.03630242124199867 87.93011474609375
0.04153985157608986 0.01740705780684948 0.998985230922699 13.77182674407959 0.04576709121465683 0.9987655878067017 -0.01930631883442402 -1.7664813995361328 -0.9980880618095398 0.04652262479066849 0.04069190099835396 87.96233367919922
0.04565030336380005 0.01584070548415184 0.9988318681716919 14.5260009765625 0.047407206147909164 0.9987133145332336 -0.018005508929491043 -1.7829312086105347 -0.9978319406509399 0.04817378893494606 0.044840604066848755 87.99475860595703
0.049294423311948776 0.014441357925534248 0.9986798763275146 15.29137134552002 0.04648955538868904 0.9987785816192627 -0.01673748902976513 -1.8006312847137451 -0.9977017641067505 0.047253239899873734 0.04856283590197563 88.04251098632812
0.053656306117773056 0.012326098047196865 0.9984833002090454 16.081762313842773 0.04404176399111748 0.9989215135574341 -0.014698213897645473 -1.8146642446517944 -0.9975877404212952 0.044763609766960144 0.05305558443069458 88.08757019042969
0.057260528206825256 0.011398814618587494 0.9982941746711731 16.874801635742188 0.04323162883520126 0.9989684820175171 -0.01388621237128973 -1.8301376104354858 -0.9974227547645569 0.04395301267504692 0.0567086860537529 88.14897918701172
0.06158777326345444 0.012002154253423214 0.9980294704437256 17.681827545166016 0.040870532393455505 0.9990587830543518 -0.014536626636981964 -1.8514119386672974 -0.9972645044326782 0.041685279458761215 0.061039261519908905 88.20536041259766
0.06479888409376144 0.016081497073173523 0.997768759727478 18.484201431274414 0.03820858150720596 0.9990969300270081 -0.01858431100845337 -1.875685453414917 -0.9971665740013123 0.039327580481767654 0.06412593275308609 88.25122833251953
0.06607063859701157 0.021818028762936592 0.9975763559341431 19.28493881225586 0.03244094178080559 0.99918532371521 -0.024001818150281906 -1.8913739919662476 -0.9972875118255615 0.033948130905628204 0.06530901789665222 88.31646728515625
0.06585328280925751 0.02453967183828354 0.997527539730072 20.093368530273438 0.02958836778998375 0.9992098808288574 -0.026534385979175568 -1.9200870990753174 -0.9973904490470886 0.0312625914812088 0.06507516652345657 88.378662109375
0.06603433191776276 0.024104401469230652 0.9975261688232422 20.911584854125977 0.02707323245704174 0.9992968440055847 -0.02593938447535038 -1.9509243965148926 -0.9974499940872192 0.02871914766728878 0.06533531844615936 88.44092559814453
0.06621894985437393 0.022213084623217583 0.9975578188896179 21.721464157104492 0.0241862703114748 0.9994227290153503 -0.02386011928319931 -1.982216238975525 -0.9975119233131409 0.025707198306918144 0.06564348191022873 88.50035858154297
0.06616496294736862 0.02079688012599945 0.9975919723510742 22.546058654785156 0.025255970656871796 0.9994275569915771 -0.022510241717100143 -2.0136032104492188 -0.9974890351295471 0.026684541255235672 0.06560184061527252 88.5551986694336
0.06603261828422546 0.02010388672351837 0.9976149201393127 23.36963653564453 0.022669050842523575 0.9995087385177612 -0.021642526611685753 -2.0455846786499023 -0.9975599646568298 0.024044092744588852 0.06554444134235382 88.62458801269531
0.0663103312253952 0.020450452342629433 0.9975894689559937 24.18276023864746 0.020975608378648758 0.9995404481887817 -0.021884707733988762 -2.074014663696289 -0.9975785613059998 0.022376226261258125 0.0658508762717247 88.68323516845703
0.06622001528739929 0.021077819168567657 0.9975824356079102 24.98866081237793 0.0179697647690773 0.9995895028114319 -0.0223130714148283 -2.10267972946167 -0.997643232345581 0.019403893500566483 0.0658140704035759 88.74430084228516
0.06502314656972885 0.02244640700519085 0.9976311922073364 25.80537223815918 0.015353452414274216 0.9996061325073242 -0.02349153906106949 -2.131223201751709 -0.9977656602859497 0.016844574362039566 0.06465289741754532 88.80452728271484
0.06203094497323036 0.022304540500044823 0.9978249669075012 26.619342803955078 0.012332466430962086 0.9996567368507385 -0.02311215177178383 -2.1567890644073486 -0.9979979991912842 0.013739310204982758 0.061734579503536224 88.86551666259766
0.05782099813222885 0.02112315408885479 0.9981034398078918 27.427997589111328 0.009547624737024307 0.9997187256813049 -0.021710436791181564 -2.1858177185058594 -0.9982813596725464 0.01078483834862709 0.05760306864976883 88.92440795898438
0.05353694036602974 0.018570100888609886 0.998393177986145 28.25530242919922 0.008107401430606842 0.9997860193252563 -0.019030751660466194 -2.213137626647949 -0.9985329508781433 0.009113225154578686 0.05337493121623993 88.96821594238281
0.047753144055604935 0.016373751685023308 0.9987249970436096 29.068687438964844 0.005900736432522535 0.9998435974121094 -0.016674229875206947 -2.240394115447998 -0.9988417029380798 0.006689461413770914 0.04764905571937561 89.00717163085938
0.04013652354478836 0.01698094978928566 0.9990498423576355 29.87859344482422 0.0054260254837572575 0.9998371005058289 -0.017212318256497383 -2.262737274169922 -0.999179482460022 0.006111714523285627 0.0400378555059433 89.04204559326172
