1.0 0.0 0.0 0.0 0.0 1.0 0.0 0.0 0.0 0.0 1.0 0.0
0.9990399479866028 -0.0003902357420884073 0.043806809931993484 0.04552246630191803 0.0004907586262561381 0.9999971985816956 -0.002283957554027438 -0.02129003033041954 -0.043805789202451706 0.002303263172507286 0.9990373849868774 1.0260869264602661
0.9960193634033203 -0.004502436146140099 0.08902361243963242 0.137226864695549 0.0051698326133191586 0.99996018409729 -0.0072676995769143105 -0.039781756699085236 -0.0889873281121254 0.0076990071684122086 0.9960029721260071 2.0483336448669434
0.9908531904220581 -0.003994438797235489 0.13488513231277466 0.2682972550392151 0.005581199657171965 0.999919593334198 -0.01138770580291748 -0.061482544988393784 -0.13482877612113953 0.012036364525556564 0.9907957315444946 3.0566704273223877
0.9834813475608826 -0.0010016093729063869 0.1810062974691391 0.447559118270874 0.0034903453197330236 0.999903678894043 -0.013431450352072716 -0.09623627364635468 -0.18097537755966187 0.013841354288160801 0.983390212059021 4.074459075927734
0.9739528894424438 -0.0035333374980837107 0.22672294080257416 0.6841174364089966 0.006724619772285223 0.9998888373374939 -0.013304862193763256 -0.12829676270484924 -0.22665071487426758 0.014482935890555382 0.9738684296607971 5.07827615737915
0.9622498154640198 -0.003947171848267317 0.27213922142982483 0.9563902020454407 0.008233081549406052 0.9998593926429749 -0.014608933590352535 -0.15873965620994568 -0.27204328775405884 0.01629798673093319 0.9621469974517822 6.081231594085693
0.9487118124961853 -0.00667881453409791 0.3160715401172638 1.2833740711212158 0.012785962782800198 0.999769389629364 -0.017252163961529732 -0.19194133579730988 -0.3158835172653198 0.02040860988199711 0.948578417301178 7.0546793937683105
0.9335814118385315 -0.008276131935417652 0.35827013850212097 1.6570203304290771 0.01620381884276867 0.9996856451034546 -0.01913096196949482 -0.22401563823223114 -0.3579992353916168 0.02366565354168415 0.9334219098091125 8.006534576416016
0.9162760972976685 -0.008427063003182411 0.40045854449272156 2.067927122116089 0.01788504049181938 0.9996422529220581 -0.019886167719960213 -0.2584603428840637 -0.4001477062702179 0.02538343332707882 0.9160990715026855 8.938464164733887
0.8967015147209167 -0.008760934695601463 0.4425489902496338 2.5135557651519775 0.018820086494088173 0.9996545910835266 -0.018343936651945114 -0.29513019323349 -0.44223544001579285 0.024777844548225403 0.8965566754341125 9.84149169921875
0.8750460743904114 -0.009006005711853504 0.48395586013793945 3.0113747119903564 0.01990317553281784 0.999650776386261 -0.017384503036737442 -0.33483704924583435 -0.4836302697658539 0.024844497442245483 0.8749197125434875 10.723978996276855
0.8510442972183228 -0.008944625034928322 0.5250177383422852 3.543243408203125 0.020487705245614052 0.9996591806411743 -0.016179198399186134 -0.3703641891479492 -0.52469402551651 0.02452561818063259 0.85093754529953 11.593440055847168
0.8256458640098572 -0.009787140414118767 0.5641037821769714 4.130497455596924 0.02285156026482582 0.9996092915534973 -0.016103383153676987 -0.4075091481208801 -0.5637257099151611 0.026186345145106316 0.8255468010902405 12.434215545654297
0.7983579635620117 -0.011545860208570957 0.6020724177360535 4.742961406707764 0.02615918405354023 0.9995372891426086 -0.015519518405199051 -0.44199174642562866 -0.6016146540641785 0.028139851987361908 0.7982906699180603 13.239465713500977
0.7695042490959167 -0.01021332386881113 0.638559877872467 5.393585681915283 0.02653694897890091 0.9995198845863342 -0.01599203795194626 -0.4755336344242096 -0.6380899548530579 0.029251372441649437 0.7694058418273926 14.031242370605469
0.7389532923698425 -0.013496984727680683 0.673621416091919 6.070928573608398 0.0315169021487236 0.9993972778320312 -0.014549224637448788 -0.5093114972114563 -0.6730190515518188 0.031981658190488815 0.7389333248138428 14.762093544006348
0.707107663154602 -0.012769575230777264 0.706990659236908 6.8010101318359375 0.031842947006225586 0.9993976354598999 -0.013797221705317497 -0.540203869342804 -0.7063886523246765 0.03226877748966217 0.70708829164505 15.479722023010254
0.6729518175125122 -0.011485232971608639 0.7395972609519958 7.548551559448242 0.03294835984706879 0.9993523359298706 -0.014460389502346516 -0.5728946328163147 -0.7389522194862366 0.03409965708851814 0.6728944182395935 16.161724090576172
0.637500524520874 -0.012986081652343273 0.7703405022621155 8.333198547363281 0.0378013551235199 0.9991809725761414 -0.014438986778259277 -0.6016286611557007 -0.7695220708847046 0.03832477703690529 0.6374692320823669 16.805694580078125
0.6007483005523682 -0.010993529111146927 0.7993625998497009 9.157610893249512 0.03768110275268555 0.9991834759712219 -0.014576990157365799 -0.6284881234169006 -0.7985497117042542 0.03887796029448509 0.6006720066070557 17.42351531982422
0.5629472136497498 -0.009868267923593521 0.8264339566230774 9.977487564086914 0.04048201069235802 0.9990577697753906 -0.015645848587155342 -0.660589337348938 -0.8255009055137634 0.04226349666714668 0.5628162026405334 17.977249145507812
0.5239643454551697 -0.00834200344979763 0.8516992926597595 10.83477783203125 0.045287810266017914 0.9988104104995728 -0.018078116700053215 -0.6867225766181946 -0.8505352735519409 0.04804388806223869 0.5237187743186951 18.505786895751953
0.48505693674087524 -0.0067524597980082035 0.874456524848938 11.705121040344238 0.0463714525103569 0.9987620115280151 -0.018009699881076813 -0.7062557339668274 -0.8732522130012512 0.04928555339574814 0.48476946353912354 18.988651275634766
0.4466218054294586 -0.009062100201845169 0.8946769833564758 12.592698097229004 0.051695290952920914 0.9985396265983582 -0.015692120417952538 -0.7388529181480408 -0.8932281732559204 0.05325902998447418 0.4464379847049713 19.411048889160156
0.4097447097301483 -0.009629324078559875 0.9121494293212891 13.524231910705566 0.05536189302802086 0.9983634352684021 -0.01432953029870987 -0.7644833922386169 -0.9105187058448792 0.05636976286768913 0.40960726141929626 19.81808090209961
0.3747658133506775 -0.007178723346441984 0.9270917177200317 14.45850658416748 0.05716205760836601 0.9982466101646423 -0.015377391129732132 -0.789057731628418 -0.9253556728363037 0.05875739827752113 0.374519020318985 20.185781478881836
0.34134799242019653 -0.008035048842430115 0.939902663230896 15.416058540344238 0.05747399851679802 0.9982707500457764 -0.012339022941887379 -0.812566339969635 -0.9381781816482544 0.058231864124536514 0.3412195146083832 20.534503936767578
0.30791085958480835 -0.009544136002659798 0.9513672590255737 16.40804100036621 0.05978110432624817 0.998167872428894 -0.009334567934274673 -0.8351093530654907 -0.9495351314544678 0.05974800884723663 0.3079172968864441 20.85153579711914
0.2754453420639038 -0.009378980845212936 0.9612709879875183 17.396255493164062 0.060708217322826385 0.9981263279914856 -0.007656934205442667 -0.8521767258644104 -0.9593979120254517 0.060466114431619644 0.2754985988140106 21.12836456298828
0.2431684136390686 -0.006579363252967596 0.9699617028236389 18.40049934387207 0.057839084416627884 0.9982960224151611 -0.007728639990091324 -0.8745013475418091 -0.9682581424713135 0.057981062680482864 0.243134543299675 21.385204315185547
0.21254639327526093 -0.004998566582798958 0.9771382212638855 19.440174102783203 0.05788450315594673 0.998295247554779 -0.007484198547899723 -0.8877100348472595 -0.9754349589347839 0.05815190076828003 0.21247339248657227 21.608366012573242
0.1821766197681427 -0.00491663021966815 0.983253538608551 20.47327423095703 0.06000232324004173 0.9981794357299805 -0.006125927437096834 -0.9078000783920288 -0.9814333319664001 0.060113489627838135 0.18213996291160583 21.797334671020508
0.15143436193466187 -0.00493944576010108 0.9884549975395203 21.541440963745117 0.06162118911743164 0.9980896711349487 -0.004452964756637812 -0.918578028678894 -0.986544668674469 0.061584100127220154 0.15144942700862885 21.959962844848633
0.12105821073055267 -0.005742644891142845 0.992628812789917 22.632699966430664 0.05998935177922249 0.9981977939605713 -0.0015412685461342335 -0.9311801791191101 -0.9908310770988464 0.05973372980952263 0.12118454277515411 22.090984344482422
0.09207137674093246 -0.006158960983157158 0.995733380317688 23.716896057128906 0.060553278774023056 0.9981648921966553 0.0005748880794271827 -0.9439247846603394 -0.9939095377922058 0.06024198979139328 0.09227535128593445 22.180959701538086
0.06512148678302765 -0.005901738069951534 0.9978598952293396 24.840667724609375 0.0633695051074028 0.9979885816574097 0.001766929985024035 -0.945957601070404 -0.9958631992340088 0.0631188377737999 0.06536448746919632 22.243539810180664
0.04023347422480583 -0.005221279803663492 0.9991766810417175 25.96619987487793 0.06757242232561111 0.997711181640625 0.002492708619683981 -0.9499106407165527 -0.9969028234481812 0.06741650402545929 0.04049420729279518 22.27585792541504
0.017786497250199318 -0.004721308592706919 0.9998306035995483 27.14870262145996 0.07190582901239395 0.997405469417572 0.0034306880552321672 -0.9496670365333557 -0.9972528219223022 0.07183262705802917 0.018079837784171104 22.28696632385254
-0.0023928405717015266 -0.004699424374848604 0.9999861121177673 28.306060791015625 0.07746247947216034 0.9969833493232727 0.004870671313256025 -0.9464479088783264 -0.9969923496246338 0.07747307419776917 -0.002021593041718006 22.281164169311523
-0.019618963822722435 -0.005434368271380663 0.999792754650116 29.496665954589844 0.08194741606712341 0.996612012386322 0.00702513474971056 -0.9470767974853516 -0.9964434504508972 0.08206825703382492 -0.019107161089777946 22.236604690551758
-0.03538568690419197 -0.005209759809076786 0.9993600845336914 30.71480941772461 0.08496628701686859 0.9963500499725342 0.008202583529055119 -0.9435839056968689 -0.9957552552223206 0.085202157497406 -0.03481387719511986 22.188186645507812
-0.04955676198005676 -0.006028214003890753 0.9987531304359436 31.908201217651367 0.0872146338224411 0.9961358904838562 0.010339888744056225 -0.942525327205658 -0.9949561357498169 0.08761831372976303 -0.04883952811360359 22.12822914123535
-0.0625210776925087 -0.006881220731884241 0.9980198740959167 33.12047576904297 0.08737070113420486 0.9960994124412537 0.012341328896582127 -0.9356816411018372 -0.9942119121551514 0.08796930313110352 -0.06167598068714142 22.03740692138672
-0.07452911138534546 -0.006528447847813368 0.9971974492073059 34.323055267333984 0.08728879690170288 0.9960976243019104 0.013045086525380611 -0.928112268447876 -0.993391215801239 0.08801640570163727 -0.07366840541362762 21.95213508605957
-0.08555223792791367 -0.003986563067883253 0.9963257312774658 35.54838562011719 0.08707245439291 0.996135950088501 0.011462519876658916 -0.9269508123397827 -0.9925216436386108 0.08773316442966461 -0.08487454056739807 21.84789276123047
-0.0957537516951561 -0.0004587500880006701 0.9954049587249756 36.7859001159668 0.08736511319875717 0.9961368441581726 0.008863240480422974 -0.9159826040267944 -0.9915636777877808 0.08781232684850693 -0.09534375369548798 21.728506088256836
-0.10481154918670654 0.0019548304844647646 0.9944901466369629 38.049320220947266 0.0889844000339508 0.9960053563117981 0.007420457433909178 -0.9145132303237915 -0.9905030131340027 0.08927185833454132 -0.10456681251525879 21.5932674407959
-0.11197671294212341 0.003009150270372629 0.9937064051628113 39.33564376831055 0.08879721164703369 0.9960253238677979 0.006990023422986269 -0.9056866765022278 -0.98973548412323 0.08902105689048767 -0.11179883778095245 21.44835090637207
-0.11745881289243698 0.0038567213341593742 0.9930701851844788 40.632938385009766 0.08854564279317856 0.996050238609314 0.006604746449738741 -0.8967276215553284 -0.9891223311424255 0.0887078270316124 -0.11733635514974594 21.290586471557617
-0.12237303704023361 0.005337148439139128 0.9924697875976562 41.952213287353516 0.08990505337715149 0.9959338307380676 0.005729652009904385 -0.8932163119316101 -0.9884037375450134 0.08992920815944672 -0.12235528975725174 21.127002716064453
-0.12715673446655273 0.00687263673171401 0.9918588399887085 43.29362869262695 0.08862774819135666 0.9960548281669617 0.004460408352315426 -0.8892556428909302 -0.9879150986671448 0.08847340196371078 -0.12726421654224396 20.96534538269043
-0.13152000308036804 0.007744564209133387 0.9912832975387573 44.665245056152344 0.08926086127758026 0.9959999918937683 0.004061404149979353 -0.8850523233413696 -0.9872866868972778 0.08901696652173996 -0.13168521225452423 20.79636001586914
-0.13408076763153076 0.006798758637160063 0.9909470677375793 46.06103515625 0.0889735221862793 0.9960203766822815 0.005205058958381414 -0.8804418444633484 -0.9869681000709534 0.0888659656047821 -0.13415208458900452 20.60273551940918
-0.13651888072490692 0.004550497978925705 0.9906269907951355 47.48881530761719 0.0898095965385437 0.9959284067153931 0.007801863364875317 -0.8818333148956299 -0.9865580797195435 0.0900329127907753 -0.1363717019557953 20.402446746826172
-0.13843759894371033 0.003559533739462495 0.9903647303581238 48.92106628417969 0.08967657387256622 0.9959306120872498 0.008955848403275013 -0.8724155426025391 -0.9863027930259705 0.09005232155323029 -0.13819345831871033 20.191022872924805
-0.1389843225479126 0.0047444230876863 0.990283191204071 50.338600158691406 0.0924462080001831 0.9956838488578796 0.008204344660043716 -0.8594772219657898 -0.985970139503479 0.09268820285797119 -0.1388230323791504 19.979124069213867
-0.13963715732097626 0.0047866883687675 0.9901911616325378 51.8158073425293 0.09220082312822342 0.9957066774368286 0.008188844658434391 -0.839234471321106 -0.9859007596969604 0.09243989735841751 -0.13947901129722595 19.746219635009766
-0.13996905088424683 0.006546856835484505 0.9901342391967773 53.28782272338867 0.0943300873041153 0.9955180883407593 0.006752397399395704 -0.8230870366096497 -0.9856523275375366 0.09434457868337631 -0.13995927572250366 19.538936614990234
-0.13951487839221954 0.006656606215983629 0.9901975989341736 54.77642059326172 0.09396164864301682 0.9955542683601379 0.006546202581375837 -0.8179330825805664 -0.9857519268989563 0.09395388513803482 -0.1395200937986374 19.32212257385254
-0.1388888657093048 0.008196444250643253 0.9902740120887756 56.292442321777344 0.09391449391841888 0.995568037033081 0.004931525327265263 -0.8130019903182983 -0.9858447313308716 0.09368602931499481 -0.13904310762882233 19.11005401611328
-0.13768956065177917 0.0082973912358284 0.9904407262802124 57.8271484375 0.09439514577388763 0.9955233335494995 0.00478269811719656 -0.8046711087226868 -0.9859671592712402 0.0941513255238533 -0.1378564089536667 18.900150299072266
-0.13592952489852905 0.006694901268929243 0.9906958937644958 59.385047912597656 0.09382167458534241 0.9955700039863586 0.006145070306956768 -0.8092990517616272 -0.986266016960144 0.09378404915332794 -0.13595549762248993 18.681596755981445
-0.13492143154144287 0.007366486359387636 0.9908289909362793 60.973358154296875 0.09489420801401138 0.9954720735549927 0.005520765203982592 -0.8049203753471375 -0.986301839351654 0.09476879239082336 -0.13500957190990448 18.46775245666504
-0.1340017169713974 0.008277752436697483 0.9909465312957764 62.593875885009766 0.09397157281637192 0.9955651760101318 0.004391067195683718 -0.7892128229141235 -0.986515462398529 0.09370922297239304 -0.134185329079628 18.26123046875
-0.13305829465389252 0.008965760469436646 0.9910677671432495 64.20805358886719 0.09509406983852386 0.9954611659049988 0.003761586733162403 -0.7858971953392029 -0.9865356683731079 0.09474516659975052 -0.13330693542957306 18.040334701538086
-0.1316172331571579 0.008833370171487331 0.9912612438201904 65.84536743164062 0.09463945031166077 0.9955047369003296 0.0036948081105947495 -0.7811232805252075 -0.9867726564407349 0.09429872781038284 -0.13186153769493103 17.815282821655273
-0.13049113750457764 0.007595765870064497 0.991420328617096 67.49107360839844 0.09640374779701233 0.9953294396400452 0.005062985699623823 -0.7709723711013794 -0.9867514371871948 0.09623731672763824 -0.13061393797397614 17.587432861328125
-0.12919312715530396 0.005870337598025799 0.9916020631790161 69.15145111083984 0.09817011654376984 0.9951457381248474 0.0068990024738013744 -0.7665538191795349 -0.9867480993270874 0.09823700040578842 -0.12914229929447174 17.361316680908203
-0.12961740791797638 0.00684809684753418 0.9915404319763184 70.90888977050781 0.09889665246009827 0.9950792789459229 0.006055555306375027 -0.7576912641525269 -0.9866198897361755 0.09884493798017502 -0.1296568512916565 17.141189575195312
-0.12858407199382782 0.008539257571101189 0.991661787033081 72.59764099121094 0.10097800940275192 0.9948784112930298 0.004526383243501186 -0.7576339840888977 -0.9865443110466003 0.10071807354688644 -0.1287877857685089 16.916160583496094
-0.12781651318073273 0.009049387648701668 0.9917565584182739 74.31128692626953 0.10037712007761002 0.9949420094490051 0.003858038457110524 -0.7494056820869446 -0.9867053031921387 0.10004277527332306 -0.1280783861875534 16.691131591796875
-0.12672071158885956 0.009238116443157196 0.9918954372406006 76.0254898071289 0.10128365457057953 0.9948508143424988 0.003673963015899062 -0.7468017339706421 -0.9867540001869202 0.10092834383249283 -0.12700387835502625 16.45818519592285
-0.12669159471988678 0.008332532830536366 0.9919071793556213 77.7602767944336 0.10122495889663696 0.9948530793190002 0.004571705590933561 -0.7456104159355164 -0.9867637753486633 0.10098495334386826 -0.12688298523426056 16.241361618041992
-0.12660354375839233 0.008460638113319874 0.9919173121452332 79.49405670166016 0.10270894318819046 0.9947006106376648 0.004624895751476288 -0.7461176514625549 -0.9866217374801636 0.10246431827545166 -0.12680160999298096 16.028587341308594
-0.12735691666603088 0.008225900121033192 0.9918228387832642 81.26957702636719 0.10334531962871552 0.9946327805519104 0.005021051503717899 -0.7426680326461792 -0.9864583015441895 0.1031397208571434 -0.1275234818458557 15.817392349243164
-0.12685245275497437 0.00919906236231327 0.991878867149353 83.02708435058594 0.10371385514736176 0.9945989847183228 0.004039783496409655 -0.7391740679740906 -0.9864845275878906 0.10338402539491653 -0.12712137401103973 15.582451820373535
-0.12682779133319855 0.010225611738860607 0.9918721914291382 84.8332748413086 0.10352257639169693 0.9946226477622986 0.002983163809403777 -0.7356186509132385 -0.9865078926086426 0.10305951535701752 -0.12720438838005066 15.330450057983398
-0.12777221202850342 0.010945598594844341 0.9917431473731995 86.62582397460938 0.10294852405786514 0.9946839809417725 0.002285422757267952 -0.7444764971733093 -0.9864460229873657 0.10239052027463913 -0.1282198578119278 15.104315757751465
-0.1293943077325821 0.011386934667825699 0.991527795791626 88.42755889892578 0.10199921578168869 0.9947826862335205 0.0018865790916606784 -0.7512434124946594 -0.9863332509994507 0.10137917846441269 -0.12988069653511047 14.886031150817871
-0.13008862733840942 0.0104201165959239 0.9914476275444031 90.2474136352539 0.10099567472934723 0.9948828816413879 0.0027954978868365288 -0.759662389755249 -0.9863451719284058 0.10049556195735931 -0.13047534227371216 14.653342247009277
-0.13114432990550995 0.010271692648530006 0.9913100600242615 92.08175659179688 0.10115663707256317 0.9948657751083374 0.003073875792324543 -0.7610990405082703 -0.9861888885498047 0.10068073123693466 -0.13151006400585175 14.421102523803711
-0.1317102015018463 0.009464303962886333 0.9912430047988892 93.9512939453125 0.09864380955696106 0.9951162934303284 0.003605891950428486 -0.7595490217208862 -0.9863680005073547 0.09825492650270462 -0.13200056552886963 14.18304443359375
-0.1333547979593277 0.009996119886636734 0.9910179376602173 95.7751693725586 0.09850798547267914 0.9951310753822327 0.0032179648987948895 -0.7693607807159424 -0.9861605763435364 0.09805230796337128 -0.13369019329547882 13.946981430053711
-0.13567912578582764 0.011126442812383175 0.990690290927887 97.65887451171875 0.09789760410785675 0.9951940178871155 0.0022304619196802378 -0.766437828540802 -0.9859042763710022 0.09728885442018509 -0.13611632585525513 13.683097839355469
-0.14005061984062195 0.01220322959125042 0.9900691509246826 99.54554748535156 0.0983155369758606 0.9951539635658264 0.0016413603443652391 -0.7643159627914429 -0.9852511286735535 0.0975690558552742 -0.1405716836452484 13.420735359191895
-0.14486092329025269 0.011211991310119629 0.9893884658813477 101.43222045898438 0.09628884494304657 0.9953494071960449 0.0028185497503727674 -0.7708016037940979 -0.9847556948661804 0.09567537158727646 -0.1452668309211731 13.158916473388672
-0.14906045794487 0.010467699728906155 0.9887726902961731 103.32604217529297 0.0948919951915741 0.9954804182052612 0.0037665441632270813 -0.7771717309951782 -0.9842644333839417 0.09438806027173996 -0.14938007295131683 12.876232147216797
-0.1534908562898636 0.011122261174023151 0.9880874752998352 105.23909759521484 0.09346728026866913 0.9956168532371521 0.0033123220782727003 -0.7867270112037659 -0.9837197065353394 0.09286226332187653 -0.15385764837265015 12.582831382751465
-0.15757054090499878 0.012911906465888023 0.987423300743103 107.1728515625 0.09400760382413864 0.9955694675445557 0.001983068650588393 -0.7885164618492126 -0.983022928237915 0.09313777834177017 -0.15808624029159546 12.260759353637695
-0.16248895227909088 0.014310692436993122 0.9866065979003906 109.11123657226562 0.09379660338163376 0.99559086561203 0.0010068004485219717 -0.807482123374939 -0.9822421073913574 0.0927039235830307 -0.16311481595039368 11.950530052185059
-0.16685894131660461 0.0144047811627388 0.9858755469322205 111.0692367553711 0.09246569126844406 0.9957152009010315 0.0011012217728421092 -0.8181167840957642 -0.9816354513168335 0.09134341776371002 -0.16747592389583588 11.6135892868042
-0.17158670723438263 0.014155839569866657 0.9850672483444214 113.01629638671875 0.09080665558576584 0.9958674311637878 0.0015063709579408169 -0.831206202507019 -0.9809750914573669 0.08970914036035538 -0.17216306924819946 11.279865264892578
-0.1762310415506363 0.013644276186823845 0.9842542409896851 114.9926986694336 0.08902744948863983 0.996026873588562 0.0021329172886908054 -0.8376885652542114 -0.9803146123886108 0.08800153434276581 -0.17674556374549866 10.922194480895996
-0.18213099241256714 0.013038747012615204 0.983187735080719 116.95698547363281 0.08821246027946472 0.9960969090461731 0.0031310105696320534 -0.8447815179824829 -0.9793093204498291 0.08729968219995499 -0.18257030844688416 10.585518836975098
-0.18711762130260468 0.012792141176760197 0.9822542071342468 118.93777465820312 0.0884380042552948 0.9960741400718689 0.003875155234709382 -0.8501428961753845 -0.9783484935760498 0.08759371191263199 -0.18751433491706848 10.206550598144531
-0.1920861005783081 0.014351950027048588 0.9812731146812439 120.89664459228516 0.08916924893856049 0.9960123300552368 0.0028875283896923065 -0.8588931560516357 -0.9773186445236206 0.08805403858423233 -0.19259989261627197 9.833642959594727
-0.19800114631652832 0.015471919439733028 0.980079710483551 122.86678314208984 0.08899573981761932 0.9960295557975769 0.0022557051852345467 -0.867777407169342 -0.9761533141136169 0.08766955137252808 -0.1985919177532196 9.451403617858887
-0.20350509881973267 0.015512533485889435 0.9789509773254395 124.85331726074219 0.0894664078950882 0.9959859848022461 0.0028158791828900576 -0.8721020221710205 -0.9749776721000671 0.08815627545118332 -0.20407608151435852 9.062394142150879
-0.2090558558702469 0.015405301004648209 0.9777823090553284 126.84878540039062 0.08845160901546478 0.9960752725601196 0.0032179835252463818 -0.8795137405395508 -0.9738951921463013 0.087159164249897 -0.20959798991680145 8.6460599899292
-0.214216411113739 0.016212953254580498 0.976651668548584 128.84384155273438 0.08784450590610504 0.9961304664611816 0.002731290878728032 -0.8840955495834351 -0.9728280901908875 0.08637857437133789 -0.21481172740459442 8.215540885925293
-0.21955499053001404 0.016853278502821922 0.975454568862915 130.83839416503906 0.08710266649723053 0.9961963891983032 0.002393397269770503 -0.8929089307785034 -0.9717040061950684 0.08549018204212189 -0.22018787264823914 7.782425403594971
-0.22388584911823273 0.015963615849614143 0.9744846224784851 132.82553100585938 0.08806470781564713 0.9961069822311401 0.0039148577488958836 -0.9007017016410828 -0.9706284999847412 0.08669417351484299 -0.22442010045051575 7.331070899963379
-0.22733427584171295 0.016118906438350677 0.9736832976341248 134.8318634033203 0.09041789919137955 0.9958931803703308 0.004624069202691317 -0.8952698707580566 -0.9696100950241089 0.08908960968255997 -0.22785814106464386 6.850620269775391
-0.2311095893383026 0.01698012836277485 0.9727795124053955 136.86697387695312 0.09191662073135376 0.9957567453384399 0.004456032533198595 -0.9023452997207642 -0.9685761332511902 0.09044443815946579 -0.2316896915435791 6.372054100036621
-0.23420101404190063 0.017707066610455513 0.9720268845558167 138.88058471679688 0.09226851165294647 0.9957257509231567 0.004092478659003973 -0.9062734842300415 -0.9677997827529907 0.0906459391117096 -0.23483380675315857 5.885578632354736
-0.23768103122711182 0.017869336530566216 0.9711788892745972 140.91969299316406 0.09166134893894196 0.9957817792892456 0.004110680893063545 -0.9096072912216187 -0.9670087695121765 0.08999660611152649 -0.2383163720369339 5.395263195037842
-0.2412993460893631 0.01833220385015011 0.9702775478363037 142.94044494628906 0.09025928378105164 0.9959115982055664 0.003630144754424691 -0.9173603057861328 -0.9662442207336426 0.08845248073339462 -0.24196749925613403 4.8890862464904785
-0.24610404670238495 0.018983881920576096 0.9690575003623962 144.972900390625 0.08948399871587753 0.9959830045700073 0.0032142060808837414 -0.9299955368041992 -0.965103805065155 0.08750616014003754 -0.24681420624256134 4.383944511413574
-0.25034916400909424 0.018295520916581154 0.9679827094078064 146.99383544921875 0.08767066150903702 0.9961420893669128 0.0038464940153062344 -0.9380083680152893 -0.9641779661178589 0.08582665026187897 -0.25098732113838196 3.8686347007751465
-0.2552335262298584 0.018668517470359802 0.9666991233825684 149.0313262939453 0.08788760006427765 0.996122419834137 0.003967864438891411 -0.9436617493629456 -0.9628767371177673 0.08597361296415329 -0.2558845579624176 3.341627359390259
-0.26025980710983276 0.018919531255960464 0.96535325050354 151.0917205810547 0.08733730763196945 0.996170699596405 0.004022677894681692 -0.9545117616653442 -0.9615805149078369 0.08535829931497574 -0.26091548800468445 2.80060076713562
-0.2655031085014343 0.019185900688171387 0.9639191031455994 153.1507568359375 0.08683615177869797 0.9962142109870911 0.004089562688022852 -0.959835946559906 -0.9601914286613464 0.08478881418704987 -0.26616400480270386 2.2547757625579834
-0.27010250091552734 0.01836244948208332 0.9626564979553223 155.19667053222656 0.0866585522890091 0.9962239265441895 0.005311940796673298 -0.974780797958374 -0.958923876285553 0.08485716581344604 -0.2706737518310547 1.6911535263061523
-0.2747329771518707 0.01846180483698845 0.9613433480262756 157.2580108642578 0.08723793178796768 0.9961706399917603 0.005800245795398951 -0.9779236912727356 -0.9575548768043518 0.0854591429233551 -0.27529141306877136 1.1208889484405518
-0.2792937159538269 0.01916789822280407 0.960014283657074 159.33750915527344 0.08791886270046234 0.9961113929748535 0.005689319688826799 -0.9845518469810486 -0.9561721086502075 0.08599237352609634 -0.2798929214477539 0.533272922039032
-0.28277021646499634 0.020482439547777176 0.958968997001648 161.40733337402344 0.08859830349683762 0.9960556030273438 0.004850325640290976 -0.9859855771064758 -0.9550871253013611 0.08633457124233246 -0.2834694981575012 -0.0743623822927475
-0.2866702377796173 0.02194744162261486 0.9577777981758118 163.47898864746094 0.08819424360990524 0.9960969090461731 0.0035716956481337547 -0.9951470494270325 -0.953961193561554 0.08549439162015915 -0.2874869704246521 -0.6819117665290833
-0.2904700040817261 0.023373357951641083 0.9565985798835754 165.5700225830078 0.08932849764823914 0.9959984421730042 0.0027884524315595627 -1.003890872001648 -0.9527053236961365 0.08626149594783783 -0.2913955748081207 -1.3009719848632812
-0.2939976751804352 0.023865031078457832 0.9555081725120544 167.6591339111328 0.08859958499670029 0.9960644841194153 0.0023829909041523933 -1.0150450468063354 -0.9516908526420593 0.08535823971033096 -0.2949550747871399 -1.9336326122283936
-0.2978338301181793 0.0238632969558239 0.954319417476654 169.76515197753906 0.08890591561794281 0.9960359930992126 0.002840239554643631 -1.0274567604064941 -0.9504685997962952 0.08569057285785675 -0.2987748384475708 -2.579552412033081
-0.3019475042819977 0.02427658997476101 0.9530153274536133 171.86050415039062 0.08894848823547363 0.996032178401947 0.002809504047036171 -1.034936785697937 -0.9491658806800842 0.08561759442090988 -0.3029087483882904 -3.2292025089263916
-0.30623099207878113 0.025144046172499657 0.9516251087188721 173.96556091308594 0.09095244854688644 0.9958508610725403 0.0029557175002992153 -1.045421838760376 -0.9476022720336914 0.08745776116847992 -0.3072473406791687 -3.901238203048706
-0.30900639295578003 0.025593683123588562 0.9507155418395996 176.0553741455078 0.09325780719518661 0.9956358075141907 0.003508158028125763 -1.0522751808166504 -0.9464766383171082 0.0897456705570221 -0.31004464626312256 -4.590001583099365
-0.31147274374961853 0.02536643296480179 0.9499164819717407 178.127685546875 0.09449952095746994 0.9955151081085205 0.004401820711791515 -1.061060905456543 -0.9455446004867554 0.09113769233226776 -0.31247296929359436 -5.267345905303955
-0.3142179250717163 0.024727871641516685 0.9490287899971008 180.21788024902344 0.0937500149011612 0.9955826997756958 0.005099201574921608 -1.06448233127594 -0.9447105526924133 0.09057372063398361 -0.31514817476272583 -5.961106300354004
-0.31725937128067017 0.02544429339468479 0.9479973912239075 182.33372497558594 0.09303285926580429 0.9956532716751099 0.004411244299262762 -1.0718847513198853 -0.9437643885612488 0.08959441632032394 -0.3182474374771118 -6.661770820617676
-0.32022273540496826 0.027582842856645584 0.9469406604766846 184.44712829589844 0.09267609566450119 0.9956935048103333 0.0023369344417005777 -1.0805383920669556 -0.9427982568740845 0.08850710839033127 -0.321399986743927 -7.369136333465576
-0.3238982558250427 0.029647978022694588 0.9456272721290588 186.58456420898438 0.09233830124139786 0.9957275390625 0.00040915911085903645 -1.0890861749649048 -0.9415750503540039 0.08745013177394867 -0.32525214552879333 -8.0860013961792
-0.3269723057746887 0.03044995851814747 0.9445432424545288 188.71226501464844 0.09148421883583069 0.9958064556121826 -0.0004334976547397673 -1.1106575727462769 -0.9405954480171204 0.08626905828714371 -0.3283868134021759 -8.820901870727539
-0.3308347463607788 0.03143277019262314 0.9431650042533875 190.87973022460938 0.08959341794252396 0.9959768652915955 -0.0017660685116425157 -1.1233818531036377 -0.9394261240959167 0.08391710370779037 -0.3323199152946472 -9.564207077026367
-0.3341280519962311 0.031839895993471146 0.9419897198677063 193.0119171142578 0.09065532684326172 0.995881199836731 -0.0015056001720950007 -1.1435513496398926 -0.9381577968597412 0.08489332348108292 -0.3356383740901947 -10.329795837402344
-0.3379978537559509 0.03071509674191475 0.9406455159187317 195.18348693847656 0.08974957466125488 0.9959643483161926 -0.000272127304924652 -1.160339593887329 -0.9368577599525452 0.08433055877685547 -0.3393905460834503 -11.095670700073242
-0.3415975272655487 0.030350757762789726 0.9393561482429504 197.35244750976562 0.09010574966669083 0.9959321618080139 0.0005882843397557735 -1.1768479347229004 -0.9355170130729675 0.08484235405921936 -0.34294262528419495 -11.879532814025879
-0.3453322649002075 0.030420443043112755 0.9379873275756836 199.50949096679688 0.09023956209421158 0.9959195852279663 0.0009235788020305336 -1.1889350414276123 -0.934131920337677 0.08496247977018356 -0.3466683030128479 -12.671826362609863
-0.3488563597202301 0.030611179769039154 0.9366761445999146 201.6700897216797 0.08944924920797348 0.9959912300109863 0.0007649148465134203 -1.2053945064544678 -0.932897686958313 0.08405181765556335 -0.350195974111557 -13.468360900878906
-0.3530356287956238 0.03095666691660881 0.9350975751876831 203.8555908203125 0.08841006457805634 0.9960840940475464 0.0004025957896374166 -1.2276248931884766 -0.9314233660697937 0.08281418681144714 -0.35439011454582214 -14.277239799499512
-0.35668542981147766 0.0317130945622921 0.9336861371994019 206.05279541015625 0.08826744556427002 0.9960967898368835 -0.0001130931414081715 -1.2435858249664307 -0.9300453662872314 0.08237376809120178 -0.35809245705604553 -15.096616744995117
-0.3594116270542145 0.03211422637104988 0.9326263666152954 208.16427612304688 0.08956573158502579 0.9959807991981506 0.0002206748613389209 -1.2730402946472168 -0.9288709759712219 0.08361067622900009 -0.3608434498310089 -15.910480499267578
-0.3618844747543335 0.032092202454805374 0.9316704273223877 210.3122100830078 0.0907851830124855 0.995870053768158 0.0009596403688192368 -1.2941585779190063 -0.9277918338775635 0.08492912352085114 -0.3633033335208893 -16.7447452545166
-0.36443954706192017 0.03161654993891716 0.9306901693344116 212.4976806640625 0.09226009249687195 0.9957324266433716 0.0023010955192148685 -1.3107128143310547 -0.9266455173492432 0.08670417964458466 -0.36580124497413635 -17.605632781982422
-0.36717110872268677 0.032307978719472885 0.9295920729637146 214.6929473876953 0.09322817623615265 0.9956423044204712 0.002219794550910592 -1.3271502256393433 -0.9254695773124695 0.08747922629117966 -0.3685830533504486 -18.470388412475586
-0.370118647813797 0.033710166811943054 0.9283726811408997 216.89808654785156 0.09384750574827194 0.9955857992172241 0.0012638665502890944 -1.3419663906097412 -0.9242321848869324 0.08759323507547379 -0.37164849042892456 -19.34269905090332
-0.37272921204566956 0.03399033844470978 0.9273174405097961 219.0782012939453 0.0933012142777443 0.9956373572349548 0.0010072396835312247 -1.3592342138290405 -0.923237681388855 0.08689526468515396 -0.37427449226379395 -20.213144302368164
-0.37570494413375854 0.03510003164410591 0.9260743856430054 221.2542724609375 0.09280689060688019 0.9956842660903931 -8.695286669535562e-05 -1.38401198387146 -0.9220806360244751 0.08591341972351074 -0.37734097242355347 -21.09029197692871
-0.3783848285675049 0.036180540919303894 0.9249409437179565 223.44114685058594 0.09273789077997208 0.9956900477409363 -0.001009779516607523 -1.4059041738510132 -0.9209911227226257 0.08539499342441559 -0.3801092803478241 -21.98372459411621
-0.380896657705307 0.036074116826057434 0.9239137768745422 225.6255645751953 0.0907108336687088 0.9958761930465698 -0.001487045199610293 -1.4324464797973633 -0.9201571941375732 0.08324255049228668 -0.38259825110435486 -22.876848220825195
-0.38415417075157166 0.037161439657211304 0.9225206971168518 227.8023681640625 0.0916338711977005 0.9957908391952515 -0.0019549564458429813 -1.4541425704956055 -0.9187104105949402 0.08378315716981888 -0.3859424591064453 -23.771757125854492
-0.38669106364250183 0.03689229488372803 0.9214709997177124 229.95904541015625 0.09314059466123581 0.9956526756286621 -0.0007762326276861131 -1.4834955930709839 -0.9174937009811401 0.08552621304988861 -0.3884461522102356 -24.678821563720703
-0.38951095938682556 0.03570365905761719 0.9203294515609741 232.1307830810547 0.09339245408773422 0.9956289529800415 0.0009016322437673807 -1.5102115869522095 -0.9162745475769043 0.08630304783582687 -0.3911428153514862 -25.59042739868164
-0.39296790957450867 0.035318244248628616 0.9188736081123352 234.27064514160156 0.09241985529661179 0.9957192540168762 0.0012525905622169375 -1.5300315618515015 -0.9148960709571838 0.08541440963745117 -0.39454981684684753 -26.494232177734375
-0.396027147769928 0.03562629222869873 0.9175474047660828 236.40847778320312 0.09115051478147507 0.9958369135856628 0.000675822258926928 -1.5531224012374878 -0.9137035012245178 0.08390254527330399 -0.3976258635520935 -27.412986755371094
-0.3998129367828369 0.03486253693699837 0.9159334897994995 238.5987091064453 0.08922220766544342 0.9960111975669861 0.001035799621604383 -1.572478175163269 -0.9122438430786133 0.08213574439287186 -0.4013287127017975 -28.352140426635742
-0.403482586145401 0.03454501926898956 0.9143349528312683 240.76568603515625 0.08859558403491974 0.9960667490959167 0.0014629638753831387 -1.5921940803527832 -0.9106879830360413 0.08159632980823517 -0.40495607256889343 -29.29413604736328
-0.4070967435836792 0.03464710712432861 0.9127275943756104 242.91891479492188 0.08822332322597504 0.9960995316505432 0.0015376608353108168 -1.6145524978637695 -0.9091143608093262 0.08114983886480331 -0.4085655212402344 -30.247943878173828
-0.41096967458724976 0.03442017361521721 0.9109990000724792 245.07778930664062 0.08796088397502899 0.9961218237876892 0.0020445301197469234 -1.6374638080596924 -0.907395601272583 0.08097250014543533 -0.41240349411964417 -31.209789276123047
-0.4151444435119629 0.0337117537856102 0.9091306924819946 247.2483367919922 0.08647341281175613 0.9962509274482727 0.0025448324158787727 -1.6585489511489868 -0.9056364893913269 0.07967211306095123 -0.4165031909942627 -32.17763900756836
-0.4192714989185333 0.03373675048351288 0.9072338342666626 249.37274169921875 0.08562672138214111 0.9963241219520569 0.0025220850948244333 -1.674696922302246 -0.9038138389587402 0.07874089479446411 -0.4206191301345825 -33.141868591308594
-0.4231036901473999 0.034593742340803146 0.9054206609725952 251.53408813476562 0.08606190979480743 0.99628746509552 0.0021512655075639486 -1.698779821395874 -0.9019848108291626 0.07883243262767792 -0.42451012134552 -34.13589096069336
-0.42659884691238403 0.03493877500295639 0.903765857219696 253.6417999267578 0.08613921701908112 0.9962807297706604 0.002144426107406616 -1.7250010967254639 -0.9003296494483948 0.07876448333263397 -0.4280218482017517 -35.122596740722656
-0.43046310544013977 0.034908171743154526 0.9019328951835632 255.79405212402344 0.08609841018915176 0.9962834119796753 0.0025320693384855986 -1.7450350522994995 -0.8984923958778381 0.07874494791030884 -0.4318687915802002 -36.13737106323242
-0.4344671964645386 0.035030487924814224 0.9000061750411987 257.9204406738281 0.08462714403867722 0.9964105486869812 0.00206996058113873 -1.765440821647644 -0.8967031240463257 0.07706429809331894 -0.43587222695350647 -37.14240646362305
-0.4380207359790802 0.0355476550757885 0.8982617855072021 260.0474548339844 0.08525186032056808 0.9963571429252625 0.0021418300457298756 -1.7886496782302856 -0.894913375377655 0.07751665264368057 -0.4394555985927582 -38.17206573486328
-0.44193345308303833 0.0355290025472641 0.8963439464569092 262.17401123046875 0.08513418585062027 0.9963663816452026 0.002480915514752269 -1.7988728284835815 -0.8929988741874695 0.07740594446659088 -0.44335246086120605 -39.20520782470703
-0.4455016851425171 0.03704249858856201 0.8945143818855286 264.3059387207031 0.08666232973337173 0.9962359070777893 0.0019062211504206061 -1.8079032897949219 -0.8910768032073975 0.07836993038654327 -0.44703492522239685 -40.26247024536133
-0.4492228329181671 0.039014413952827454 0.8925674557685852 266.4430847167969 0.08847200125455856 0.9960781931877136 0.0009884483879432082 -1.8208048343658447 -0.8890284299850464 0.07941127568483353 -0.45091280341148376 -41.334407806396484
-0.4521372318267822 0.03986048325896263 0.8910572528839111 268.5791931152344 0.09017238020896912 0.9959254264831543 0.0012033090461045504 -1.8405914306640625 -0.8873786330223083 0.08089281618595123 -0.4538893699645996 -42.418556213378906
-0.4554441273212433 0.041934624314308167 0.8892763257026672 270.7185974121094 0.09171432256698608 0.9957853555679321 1.4465168533206452e-05 -1.8488327264785767 -0.8855276107788086 0.08156595379114151 -0.45737066864967346 -43.508460998535156
