1.0 0.0 0.0 0.0 0.0 1.0 0.0 0.0 0.0 0.0 1.0 0.0
0.9990398287773132 -0.000541962799616158 0.04380828142166138 0.04558486491441727 0.0006458373973146081 0.9999970197677612 -0.0023569997865706682 -0.020212315022945404 -0.04380687326192856 0.00238302955403924 0.9990371465682983 1.0263553857803345
0.9960318207740784 -0.004720890894532204 0.08887253701686859 0.13897931575775146 0.005399299785494804 0.9999582171440125 -0.007394659798592329 -0.03788254037499428 -0.08883389830589294 0.007845167070627213 0.9960154891014099 2.050417900085449
0.9908725023269653 -0.004143458791077137 0.13473907113075256 0.2702365219593048 0.005750829353928566 0.9999168515205383 -0.011542486026883125 -0.059673458337783813 -0.13468006253242493 0.012211991474032402 0.9908139109611511 3.05880069732666
0.9835368990898132 -0.0012322027469053864 0.1807033270597458 0.4497039318084717 0.0037391725927591324 0.9999013543128967 -0.013533411547541618 -0.09321503341197968 -0.18066880106925964 0.013986291363835335 0.9834445118904114 4.080772876739502
0.9739999771118164 -0.0037131214048713446 0.22651760280132294 0.6848211288452148 0.006947958841919899 0.9998849034309387 -0.013485122472047806 -0.12368272244930267 -0.2264414280653 0.014708345755934715 0.9739137291908264 5.083212852478027
0.9623229503631592 -0.004193838220089674 0.27187636494636536 0.9579143524169922 0.008551773615181446 0.9998531341552734 -0.014846259728074074 -0.15257953107357025 -0.2717741131782532 0.016611920669674873 0.9622176885604858 6.0905327796936035
0.9487733840942383 -0.0069779399782419205 0.3158801198005676 1.2838209867477417 0.013131331652402878 0.9997631311416626 -0.017355864867568016 -0.18724742531776428 -0.3156841993331909 0.020614709705114365 0.9486402869224548 7.072356224060059
0.933616578578949 -0.008534697815775871 0.3581721782684326 1.6563997268676758 0.01652989536523819 0.9996777176856995 -0.01926625706255436 -0.21806539595127106 -0.357892245054245 0.023907843977212906 0.9334567785263062 8.029111862182617
0.9163155555725098 -0.008586467243731022 0.4003649652004242 2.0669798851013184 0.018164316192269325 0.9996322989463806 -0.02013397216796875 -0.25052979588508606 -0.4000447988510132 0.02572142705321312 0.9161345958709717 8.961094856262207
0.8968092203140259 -0.008918141946196556 0.44232773780822754 2.512986660003662 0.019183676689863205 0.9996404051780701 -0.018739867955446243 -0.2859880328178406 -0.4420015215873718 0.025291556492447853 0.8966577053070068 9.860952377319336
0.8750059008598328 -0.009081006981432438 0.4840271472930908 3.0082409381866455 0.020135559141635895 0.9996415376663208 -0.01764567382633686 -0.3277367055416107 -0.48369333148002625 0.025186220183968544 0.8748750686645508 10.750395774841309
0.8509467244148254 -0.009052070789039135 0.5251740217208862 3.5353801250457764 0.020706629380583763 0.9996524453163147 -0.01632089912891388 -0.36351320147514343 -0.524843692779541 0.024762799963355064 0.850838303565979 11.615800857543945
0.8254694938659668 -0.009546755813062191 0.5643659830093384 4.127993583679199 0.02281195856630802 0.9996044635772705 -0.016456693410873413 -0.4011302590370178 -0.5639855861663818 0.026458796113729477 0.8253606557846069 12.469722747802734
0.7982219457626343 -0.0111117884516716 0.602260947227478 4.747674942016602 0.02614104188978672 0.9995269775390625 -0.016205299645662308 -0.42974770069122314 -0.6017958521842957 0.02867916040122509 0.7981346845626831 13.288082122802734
0.7693799138069153 -0.009929327294230461 0.6387142539024353 5.405640602111816 0.026596859097480774 0.9995100498199463 -0.016499755904078484 -0.4652237892150879 -0.6382375359535217 0.029682369902729988 0.7692670822143555 14.089073181152344
0.7388893365859985 -0.013171738013625145 0.6736979484558105 6.082512378692627 0.03150749206542969 0.999390721321106 -0.01501687802374363 -0.49716225266456604 -0.6730896234512329 0.032322339713573456 0.7388542294502258 14.82015609741211
0.7068482637405396 -0.012671242468059063 0.7072516083717346 6.826498031616211 0.032233964651823044 0.9993779063224792 -0.014310553669929504 -0.5315104722976685 -0.7066304087638855 0.03291291743516922 0.706817090511322 15.557304382324219
0.6728118658065796 -0.011292981915175915 0.7397273182868958 7.5734148025512695 0.03331679478287697 0.9993316531181335 -0.015046760439872742 -0.5634008646011353 -0.7390630841255188 0.03476898744702339 0.6727384328842163 16.231204986572266
0.6372043490409851 -0.012493294663727283 0.7705935835838318 8.380800247192383 0.03816930204629898 0.999153196811676 -0.015363398008048534 -0.5886617302894592 -0.7697490453720093 0.03920264542102814 0.6371416449546814 16.90399169921875
0.600443959236145 -0.010905935429036617 0.7995924353599548 9.165245056152344 0.038524080067873 0.9991405010223389 -0.015301540493965149 -0.6178187131881714 -0.7987382411956787 0.03999127447605133 0.6003480553627014 17.4893856048584
0.5627885460853577 -0.009688920341432095 0.8265441060066223 10.03271484375 0.04121353477239609 0.999016523361206 -0.016351347789168358 -0.6508298516273499 -0.8255728483200073 0.043267153203487396 0.5626343488693237 18.077655792236328
0.5238574743270874 -0.007792778313159943 0.851770281791687 10.875465393066406 0.04580739140510559 0.9987689256668091 -0.01903490349650383 -0.6748864650726318 -0.8505733609199524 0.048988956958055496 0.5235694646835327 18.597034454345703
0.4850674271583557 -0.00693571288138628 0.8744492530822754 11.78180980682373 0.047502994537353516 0.9987010359764099 -0.01842925325036049 -0.7042196989059448 -0.8731855750083923 0.050478383898735046 0.48476675152778625 19.093107223510742
0.4464891850948334 -0.00857895240187645 0.8947479128837585 12.683080673217773 0.052759576588869095 0.9984666705131531 -0.01675419695675373 -0.7271374464035034 -0.8932322263717651 0.05468708276748657 0.44625720381736755 19.539737701416016
0.4097760319709778 -0.009276538155972958 0.9121389389038086 13.643986701965332 0.05661313235759735 0.9982793927192688 -0.015280711464583874 -0.7575933933258057 -0.9104276895523071 0.057900723069906235 0.40959611535072327 19.954910278320312
0.37456831336021423 -0.006852421909570694 0.9271739721298218 14.578763961791992 0.05803678184747696 0.9981850981712341 -0.016068998724222183 -0.7868723273277283 -0.9253811836242676 0.05982912331819534 0.3742862641811371 20.324111938476562
0.3410601317882538 -0.007706541568040848 0.9400098919868469 15.546300888061523 0.058464691042900085 0.9982044696807861 -0.013028875924646854 -0.8129162192344666 -0.9382216334342957 0.05940103158354759 0.3408983051776886 20.672441482543945
0.307526171207428 -0.009310402907431126 0.9514940977096558 16.546432495117188 0.06092405319213867 0.9980930685997009 -0.00992448441684246 -0.8354527950286865 -0.9495872259140015 0.06102090701460838 0.3075069785118103 20.990633010864258
0.2749488651752472 -0.009266339242458344 0.9614142179489136 17.533428192138672 0.06150680407881737 0.9980748295783997 -0.007970265112817287 -0.8591443300247192 -0.9594894647598267 0.06132493168115616 0.2749894857406616 21.263036727905273
0.24269025027751923 -0.006514752749353647 0.9700818657875061 18.533510208129883 0.05883559212088585 0.9982355237007141 -0.008015371859073639 -0.8848038911819458 -0.9683180451393127 0.059020597487688065 0.24264533817768097 21.515766143798828
0.21188615262508392 -0.004909170791506767 0.9772820472717285 19.56236457824707 0.05868950113654137 0.998246431350708 -0.007710089907050133 -0.8997607827186584 -0.9755305051803589 0.05898986756801605 0.21180272102355957 21.736480712890625
0.181364968419075 -0.00484456168487668 0.9834038615226746 20.597164154052734 0.06045323237776756 0.9981516003608704 -0.0062319193966686726 -0.9213895797729492 -0.9815559387207031 0.06058020144701004 0.1813225895166397 21.926593780517578
0.1506672203540802 -0.005013715010136366 0.98857182264328 21.671125411987305 0.06209585815668106 0.9980604648590088 -0.004402126185595989 -0.9353932738304138 -0.9866323471069336 0.062049467116594315 0.1506863385438919 22.083118438720703
0.12006887793540955 -0.005627830047160387 0.9927496314048767 22.75735092163086 0.060597676783800125 0.9981608986854553 -0.001670527271926403 -0.9478621482849121 -0.9909144043922424 0.06035890430212021 0.12018907815217972 22.216552734375
0.09075213968753815 -0.006090295035392046 0.995854914188385 23.84636878967285 0.061259303241968155 0.9981217384338379 0.0005216054851189256 -0.9625799059867859 -0.9939876198768616 0.06095803901553154 0.09095477312803268 22.314178466796875
0.0635761171579361 -0.005816544871777296 0.9979601502418518 24.971704483032227 0.06396353244781494 0.9979507327079773 0.0017416254850104451 -0.968896210193634 -0.9959251880645752 0.06372231245040894 0.06381789594888687 22.378917694091797
0.038572780787944794 -0.005198449362069368 0.9992422461509705 26.093931198120117 0.06816036999225616 0.9976710677146912 0.0025591468438506126 -0.9729580283164978 -0.9969284534454346 0.06801000982522964 0.03883727639913559 22.41257095336914
0.015657290816307068 -0.00471978634595871 0.9998663067817688 27.267709732055664 0.07236413657665253 0.9973718523979187 0.0035748337395489216 -0.9768604636192322 -0.9972553849220276 0.07229848206043243 0.015957685187458992 22.426254272460938
-0.004437828436493874 -0.004895970690995455 0.9999781847000122 28.427810668945312 0.07797171175479889 0.996941864490509 0.005227136425673962 -0.9787418246269226 -0.9969456791877747 0.07799320667982101 -0.004042509477585554 22.413454055786133
-0.02181065082550049 -0.0056379190646111965 0.9997462034225464 29.617891311645508 0.08235550671815872 0.9965754151344299 0.007416722364723682 -0.9809706807136536 -0.9963642954826355 0.08249635249376297 -0.02127164788544178 22.370004653930664
-0.037279073148965836 -0.005403224378824234 0.9992902874946594 30.83265495300293 0.08551893383264542 0.9962995052337646 0.008577386848628521 -0.9778730869293213 -0.995638906955719 0.08577799052000046 -0.03667904809117317 22.30862045288086
-0.05185660347342491 -0.006053205579519272 0.9986361861228943 32.04206848144531 0.08782463520765305 0.9960795640945435 0.010598217137157917 -0.9756052494049072 -0.9947852492332458 0.08825445175170898 -0.051121681928634644 22.252201080322266
-0.06484059989452362 -0.007143031340092421 0.9978700280189514 33.25899887084961 0.08797851949930191 0.9960395097732544 0.012846684083342552 -0.973658561706543 -0.9940097332000732 0.08862412720918655 -0.06395536661148071 22.161970138549805
-0.07686177641153336 -0.006841233000159264 0.9970182776451111 34.46409225463867 0.08780530840158463 0.9960447549819946 0.01360360812395811 -0.9678567051887512 -0.9931679368019104 0.08858910948038101 -0.07595707476139069 22.071292877197266
-0.08825411647558212 -0.004101153928786516 0.996089518070221 35.69545364379883 0.08773350715637207 0.9960731863975525 0.011874326504766941 -0.9633733034133911 -0.992226779460907 0.08843839168548584 -0.08754774183034897 21.969812393188477
-0.0984601378440857 -0.0008579220157116652 0.9951406121253967 36.93655014038086 0.08814365416765213 0.9960616827011108 0.009579731151461601 -0.9578814506530762 -0.9912297129631042 0.08865854889154434 -0.09799674898386002 21.84554672241211
-0.1079462543129921 0.0016966452822089195 0.9941554069519043 38.19411087036133 0.08935319632291794 0.9959678649902344 0.008002310991287231 -0.953514814376831 -0.9901331067085266 0.08969477564096451 -0.1076626181602478 21.71908950805664
-0.11525297909975052 0.0028830994851887226 0.9933319687843323 39.48538589477539 0.08938509970903397 0.9959690570831299 0.007480300031602383 -0.9441978931427002 -0.9893063306808472 0.0896512046456337 -0.11504610627889633 21.57179832458496
-0.12086924910545349 0.003477636491879821 0.9926623702049255 40.79043960571289 0.08895409852266312 0.9960086941719055 0.007341933436691761 -0.9394357204437256 -0.9886747002601624 0.08918879181146622 -0.12069617956876755 21.413009643554688
-0.12622542679309845 0.005161164794117212 0.9919881820678711 42.11489486694336 0.09032586961984634 0.9958922863006592 0.006312029901891947 -0.9331896901130676 -0.9878807663917542 0.09039893746376038 -0.12617310881614685 21.253459930419922
-0.1307125985622406 0.006646298803389072 0.99139803647995 43.44637680053711 0.08921747654676437 0.9959991574287415 0.005085888784378767 -0.9285666942596436 -0.9873978495597839 0.08911482244729996 -0.1307826042175293 21.078195571899414
-0.13505488634109497 0.007209095172584057 0.990811824798584 44.81671142578125 0.0898263156414032 0.9959447979927063 0.00499753886833787 -0.9253263473510742 -0.9867579936981201 0.08967593312263489 -0.13515475392341614 20.90190887451172
-0.13750587403774261 0.006861572619527578 0.9904772043228149 46.19493103027344 0.08977312594652176 0.9959466457366943 0.005563551560044289 -0.9142642617225647 -0.9864243268966675 0.08968324214220047 -0.1375645101070404 20.71337127685547
-0.14036783576011658 0.004297416657209396 0.9900901913642883 47.63731002807617 0.09063749760389328 0.9958474040031433 0.008527522906661034 -0.9264311790466309 -0.9859420657157898 0.09093627333641052 -0.14017446339130402 20.510459899902344
-0.14194993674755096 0.00341467815451324 0.9898679256439209 49.04441833496094 0.09089559316635132 0.9958141446113586 0.009599505923688412 -0.911933422088623 -0.9856916666030884 0.09133728593587875 -0.14166615903377533 20.304309844970703
-0.14429429173469543 0.004080933053046465 0.9895264506340027 50.474613189697266 0.09323734790086746 0.9955986738204956 0.009490040130913258 -0.9033917784690857 -0.9851324558258057 0.09363017231225967 -0.14403970539569855 20.111650466918945
-0.1454463005065918 0.004438470117747784 0.9893563389778137 51.939178466796875 0.09339083731174469 0.9955864548683167 0.009263063780963421 -0.8861863017082214 -0.9849485158920288 0.09374406188726425 -0.1452188938856125 19.881893157958984
-0.1461714208126068 0.0059302570298314095 0.9892414808273315 53.4146842956543 0.09565751999616623 0.9953808188438416 0.008167404681444168 -0.873340368270874 -0.9846235513687134 0.09582222998142242 -0.14606353640556335 19.66762351989746
-0.14604587852954865 0.006013674661517143 0.9892595410346985 54.91442108154297 0.09531224519014359 0.9954150915145874 0.008019995875656605 -0.8661569356918335 -0.9846755862236023 0.09545984119176865 -0.14594943821430206 19.44247055053711
-0.14515569806098938 0.007358549162745476 0.9893813729286194 56.423362731933594 0.09506605565547943 0.995449423789978 0.006543802097439766 -0.8588332533836365 -0.9848310351371765 0.09500645846128464 -0.14519470930099487 19.216806411743164
-0.14369069039821625 0.007429010700434446 0.9895947575569153 57.9554443359375 0.09558390080928802 0.9954007863998413 0.006406332366168499 -0.8490228652954102 -0.9849957823753357 0.0955098494887352 -0.14373993873596191 18.992557525634766
-0.14207135140895844 0.0062006753869354725 0.9898369312286377 59.487735748291016 0.09506577998399734 0.9954434037208557 0.007409001234918833 -0.8465748429298401 -0.9852807521820068 0.09515224397182465 -0.14201347529888153 18.767927169799805
-0.14086635410785675 0.0070445179007947445 0.9900035262107849 61.06880187988281 0.09597368538379669 0.9953621625900269 0.006573330610990524 -0.8363526463508606 -0.9853656888008118 0.0959402322769165 -0.14088918268680573 18.543312072753906
-0.13991186022758484 0.00788855366408825 0.9901325106620789 62.659339904785156 0.09578999876976013 0.9953857660293579 0.005605313461273909 -0.8264353275299072 -0.9855196475982666 0.09562904387712479 -0.1400219202041626 18.328659057617188
-0.13889262080192566 0.008592290803790092 0.9902701377868652 64.26459503173828 0.09702486544847488 0.9952694177627563 0.004972782451659441 -0.8226999640464783 -0.9855430126190186 0.09677152335643768 -0.13906928896903992 18.103759765625
-0.13808633387088776 0.008250627666711807 0.9903858304023743 65.88626861572266 0.09642442315816879 0.9953269958496094 0.005152357276529074 -0.8190475106239319 -0.9857153296470642 0.0962088406085968 -0.1382366418838501 17.878185272216797
-0.13689228892326355 0.006860927678644657 0.9905620813369751 67.53934478759766 0.09858007729053497 0.9951063990592957 0.006731026340276003 -0.8123728036880493 -0.9856685996055603 0.09857112914323807 -0.13689875602722168 17.64327621459961
-0.13654011487960815 0.004949131049215794 0.9906222820281982 69.2344970703125 0.10081446915864944 0.9948651790618896 0.008925202302634716 -0.8091610074043274 -0.9854913949966431 0.10108769685029984 -0.13633796572685242 17.39806365966797
-0.13516190648078918 0.005980169866234064 0.9908055067062378 70.91918182373047 0.10230263322591782 0.9947214722633362 0.007951930165290833 -0.8043383955955505 -0.9855280518531799 0.10243679583072662 -0.13506026566028595 17.157909393310547
-0.1348082721233368 0.008068596012890339 0.9908388257026672 72.59132385253906 0.10429184883832932 0.99452805519104 0.00609075091779232 -0.7934139966964722 -0.9853678941726685 0.10415749251842499 -0.13491207361221313 16.93096923828125
-0.13369035720825195 0.008075659163296223 0.9909902811050415 74.2915267944336 0.10340940207242966 0.9946216940879822 0.00584527850151062 -0.7867501974105835 -0.9856131076812744 0.10325916856527328 -0.13380645215511322 16.701187133789062
-0.1342306286096573 0.007693315856158733 0.99092036485672 76.02477264404297 0.10410690307617188 0.994545578956604 0.00638091703876853 -0.7898572683334351 -0.9854663610458374 0.10401814430952072 -0.13429942727088928 16.468414306640625
-0.13401584327220917 0.006586270406842232 0.9909573197364807 77.74958801269531 0.10372265428304672 0.9945785999298096 0.007416984532028437 -0.7845315337181091 -0.9855360984802246 0.10377872735261917 -0.1339724361896515 16.234636306762695
-0.13398686051368713 0.006963003426790237 0.9909586310386658 79.46614074707031 0.1051609069108963 0.9944289326667786 0.007231349591165781 -0.7793806195259094 -0.9853875637054443 0.10517901927232742 -0.1339726448059082 16.00792694091797
-0.1341145783662796 0.006567745003849268 0.9909440279006958 81.23934173583984 0.10605581104755402 0.9943297505378723 0.00776343047618866 -0.7742744088172913 -0.9852742552757263 0.10613656044006348 -0.134050652384758 15.770238876342773
-0.13429102301597595 0.007785482332110405 0.9909113645553589 82.99195861816406 0.10635223984718323 0.9943065643310547 0.006600989960134029 -0.7647368907928467 -0.9852182865142822 0.10627210140228271 -0.13435445725917816 15.529803276062012
-0.13475632667541504 0.008678901940584183 0.9908407330513 84.78204345703125 0.10586792975664139 0.9943639039993286 0.00568848941475153 -0.7589930295944214 -0.9852069616317749 0.10566483438014984 -0.13491566479206085 15.28306770324707
-0.13594478368759155 0.009309763088822365 0.9906726479530334 86.56682586669922 0.10525158792734146 0.9944325685501099 0.005098024383187294 -0.7633867859840393 -0.9851096272468567 0.10496291518211365 -0.13616779446601868 15.043041229248047
-0.13760551810264587 0.009772644378244877 0.9904388189315796 88.36495208740234 0.104311004281044 0.9945336580276489 0.004679281264543533 -0.7663195133209229 -0.9849791526794434 0.10395754873752594 -0.13787271082401276 14.806114196777344
-0.1384393870830536 0.00883396901190281 0.9903314709663391 90.17456817626953 0.10326831042766571 0.9946379661560059 0.005563594866544008 -0.7695881128311157 -0.9849721789360046 0.10304008424282074 -0.13860934972763062 14.559000015258789
-0.1394975632429123 0.008665849454700947 0.990184485912323 92.00812530517578 0.10319676250219345 0.9946438074111938 0.0058335205540061 -0.7652647495269775 -0.984830379486084 0.10299759358167648 -0.13964465260505676 14.310367584228516
-0.1398986428976059 0.007696850690990686 0.990135908126831 93.85346221923828 0.10077399015426636 0.9948880076408386 0.006504805758595467 -0.7620552182197571 -0.9850242733955383 0.10068996250629425 -0.13995914161205292 14.05217170715332
-0.14188112318515778 0.008456158451735973 0.989847719669342 95.68252563476562 0.10048790276050568 0.9949207901954651 0.005904070101678371 -0.7636895775794983 -0.9847699403762817 0.10030540823936462 -0.14201021194458008 13.803610801696777
-0.14426842331886292 0.009391048923134804 0.9894940257072449 97.55086517333984 0.0997360348701477 0.9950008392333984 0.0050982222892344 -0.7587404251098633 -0.9844995141029358 0.09942371398210526 -0.14448386430740356 13.530051231384277
-0.14867223799228668 0.010441269725561142 0.9888313412666321 99.4308853149414 0.10010664165019989 0.994966447353363 0.004545125178992748 -0.7519341707229614 -0.9838066101074219 0.0996643453836441 -0.14896905422210693 13.25556468963623
-0.15325264632701874 0.00939205102622509 0.9881424307823181 101.31172180175781 0.09808100759983063 0.995161771774292 0.005752778146415949 -0.7539669871330261 -0.9833075404167175 0.0977996215224266 -0.15343235433101654 12.974772453308105
-0.15810604393482208 0.00864177942276001 0.9873843193054199 103.2016372680664 0.09642300754785538 0.9953176975250244 0.006728633306920528 -0.7541194558143616 -0.9827029705047607 0.09627041965723038 -0.1581990122795105 12.6852388381958
-0.16255970299243927 0.009426586329936981 0.9866536855697632 105.10389709472656 0.09523212164640427 0.995435893535614 0.006179818417876959 -0.7562972903251648 -0.9820922613143921 0.09496571123600006 -0.16271547973155975 12.373540878295898
-0.16685566306114197 0.011294773779809475 0.9859166145324707 107.02583312988281 0.09570108354091644 0.9953985810279846 0.0047929659485816956 -0.7526025772094727 -0.9813258647918701 0.09515304118394852 -0.1671687811613083 12.040206909179688
-0.171872079372406 0.013004652224481106 0.9850334525108337 108.95378112792969 0.09527507424354553 0.9954448342323303 0.003481816966086626 -0.7594317197799683 -0.9805011749267578 0.094447560608387 -0.1723281890153885 11.719600677490234
-0.17646022140979767 0.01300353929400444 0.984221875667572 110.8835678100586 0.09420909732580185 0.9955454468727112 0.0037375129759311676 -0.7694071531295776 -0.9797889590263367 0.09338216483592987 -0.17689920961856842 11.378030776977539
-0.18151019513607025 0.012855702079832554 0.983305037021637 112.8359375 0.09228062629699707 0.9957249164581299 0.004016183782368898 -0.772149920463562 -0.9790496826171875 0.09146898239850998 -0.18192058801651 11.028390884399414
-0.18628938496112823 0.012361312285065651 0.9824171662330627 114.79882049560547 0.09063880890607834 0.9958729147911072 0.004656624514609575 -0.774898111820221 -0.9783051609992981 0.08991260081529617 -0.18664096295833588 10.659467697143555
-0.19215437769889832 0.011553999967873096 0.981296718120575 116.72525024414062 0.0895632654428482 0.9959641695022583 0.005811293143779039 -0.7780889868736267 -0.9772692322731018 0.08900479972362518 -0.19241368770599365 10.297525405883789
-0.197658970952034 0.01156332716345787 0.9802027344703674 118.70397186279297 0.09027088433504105 0.9958963394165039 0.006454758811742067 -0.7796616554260254 -0.9761056303977966 0.08975958824157715 -0.19789168238639832 9.904117584228516
-0.20330710709095 0.012937193736433983 0.979029655456543 120.6327133178711 0.09009426832199097 0.9959177374839783 0.005548783577978611 -0.7794464230537415 -0.9749611616134644 0.08933304995298386 -0.20364275574684143 9.517786026000977
-0.20899605751037598 0.013728518038988113 0.9778201580047607 122.59476470947266 0.08965091407299042 0.9959597587585449 0.005178496241569519 -0.7858894467353821 -0.973798394203186 0.08874475210905075 -0.20938245952129364 9.110794067382812
-0.2153116911649704 0.014166239649057388 0.9764425754547119 124.56754302978516 0.0899055153131485 0.9959357380867004 0.00537568423897028 -0.7723714113235474 -0.9723979234695435 0.08894502371549606 -0.21571026742458344 8.699783325195312
-0.220961794257164 0.014057847671210766 0.9751811027526855 126.54428100585938 0.0887763574719429 0.9960349202156067 0.005756959319114685 -0.773198664188385 -0.9712335467338562 0.0878451019525528 -0.22133368253707886 8.261051177978516
-0.22632889449596405 0.014846953563392162 0.9739377498626709 128.52734375 0.08801767975091934 0.9961049556732178 0.005269143730401993 -0.7716055512428284 -0.9700660109519958 0.08691628277301788 -0.22675415873527527 7.807621002197266
-0.2317875474691391 0.015421670861542225 0.9726441502571106 130.52468872070312 0.08722227066755295 0.9961763620376587 0.004990863148123026 -0.7738314867019653 -0.9688482880592346 0.08599305897951126 -0.23224635422229767 7.351255416870117
-0.2363751232624054 0.0149374445900321 0.97154700756073 132.50445556640625 0.08828157931566238 0.9960764050483704 0.006164124235510826 -0.7680521011352539 -0.9676430821418762 0.0872267633676529 -0.23676641285419464 6.877809524536133
-0.24029532074928284 0.01496109738945961 0.970584511756897 134.50791931152344 0.09077635407447815 0.9958457946777344 0.007123738527297974 -0.7657420039176941 -0.9664459824562073 0.08981792628765106 -0.24065521359443665 6.380435943603516
-0.24364018440246582 0.016014665365219116 0.969733476638794 136.4999237060547 0.09249614179134369 0.9956898093223572 0.006795825436711311 -0.7657298445701599 -0.9654448628425598 0.09135234355926514 -0.244071364402771 5.878938674926758
-0.24673104286193848 0.01656661368906498 0.968942403793335 138.4958953857422 0.09284582734107971 0.9956584572792053 0.006618821993470192 -0.7666765451431274 -0.9646260738372803 0.09159532189369202 -0.24719800055027008 5.3740234375
-0.2506001591682434 0.016549404710531235 0.9679492115974426 140.5237579345703 0.09209758788347244 0.9957267045974731 0.006819560658186674 -0.7701364755630493 -0.9636999368667603 0.09085478633642197 -0.25105342268943787 4.863609313964844
-0.253913015127182 0.017045799642801285 0.9670767784118652 142.52078247070312 0.09056366235017776 0.9958711266517639 0.0062248120084404945 -0.7711190581321716 -0.9629778861999512 0.08916258811950684 -0.2544083595275879 4.334880828857422
-0.2584584355354309 0.017745496705174446 0.9658592939376831 144.54197692871094 0.0899607390165329 0.9959285259246826 0.005775016732513905 -0.7775659561157227 -0.9618244767189026 0.08838200569152832 -0.2590024769306183 3.8007164001464844
-0.2630489468574524 0.017228813841938972 0.9646287560462952 146.57583618164062 0.0883122906088829 0.9960729479789734 0.006291844416409731 -0.7768322825431824 -0.960732102394104 0.08684362471103668 -0.2635374367237091 3.2610130310058594
-0.26755666732788086 0.01770067773759365 0.9633795022964478 148.60206604003906 0.08861257880926132 0.9960461258888245 0.006309238262474537 -0.7793319821357727 -0.9594587683677673 0.08705562353134155 -0.26806727051734924 2.702442169189453
-0.27232852578163147 0.017923351377248764 0.9620373845100403 150.65097045898438 0.08792004734277725 0.9961073994636536 0.006329847499728203 -0.7848571538925171 -0.958179235458374 0.08630617707967758 -0.27284425497055054 2.137248992919922
-0.2774997651576996 0.018069712445139885 0.9605557322502136 152.70443725585938 0.08735068142414093 0.9961563348770142 0.00649575050920248 -0.7858452200889587 -0.9567464590072632 0.08570776134729385 -0.2780115604400635 1.5663871765136719
-0.2822651267051697 0.017642248421907425 0.9591742157936096 154.7449951171875 0.08738987147808075 0.9961466789245605 0.007394745945930481 -0.7877651453018188 -0.9553477764129639 0.08590938150882721 -0.28271931409835815 0.9810943603515625
-0.2872987687587738 0.017602188512682915 0.957679271697998 156.80284118652344 0.08752033114433289 0.9961310029029846 0.00794670544564724 -0.7874270677566528 -0.9538341760635376 0.08609949052333832 -0.2877277731895447 0.3867645263671875
-0.291721373796463 0.018359724432229996 0.9563270807266235 158.87608337402344 0.08827690035104752 0.9960653185844421 0.0078056626953184605 -0.7859618663787842 -0.9524210095405579 0.08669866621494293 -0.29219427704811096 -0.22796249389648438
-0.29552045464515686 0.019554724916815758 0.955136239528656 160.93524169921875 0.08862464129924774 0.9960402846336365 0.007028413005173206 -0.785010814666748 -0.9512168765068054 0.0867256298661232 -0.2960833013057709 -0.8584060668945312
-0.29951298236846924 0.02109561115503311 0.9538589715957642 162.99044799804688 0.08850821852684021 0.9960587620735168 0.005762787535786629 -0.7895691394805908 -0.9499780535697937 0.0861503928899765 -0.30019959807395935 -1.4872817993164062
-0.3030187487602234 0.022442849352955818 0.9527202844619751 165.0735321044922 0.08925170451402664 0.9959969520568848 0.004924779292196035 -0.7906501889228821 -0.9487959742546082 0.08652422577142715 -0.30380886793136597 -2.1393699645996094
-0.30649441480636597 0.02312450110912323 0.9515915513038635 167.16122436523438 0.0888347253203392 0.9960366487503052 0.004407871048897505 -0.7962511777877808 -0.94771808385849 0.08588536083698273 -0.30733391642570496 -2.801441192626953
-0.30993929505348206 0.023271014913916588 0.9504714608192444 169.25552368164062 0.08922605216503143 0.9960002899169922 0.004710007458925247 -0.8034103512763977 -0.9465602040290833 0.08626662939786911 -0.3107760548591614 -3.476470947265625
-0.31380167603492737 0.023486550897359848 0.9491980075836182 171.3481903076172 0.08890628814697266 0.9960286617279053 0.004746811464428902 -0.8061908483505249 -0.9453170895576477 0.08587924391031265 -0.31464359164237976 -4.157135009765625
-0.31785446405410767 0.02473927102982998 0.9478167295455933 173.4493408203125 0.09162957966327667 0.9957818984985352 0.004737157840281725 -0.8099526166915894 -0.9437015056610107 0.08835377544164658 -0.3187805712223053 -4.859630584716797
-0.32076069712638855 0.024838466197252274 0.9468344449996948 175.53854370117188 0.09336996078491211 0.9956161379814148 0.005512925796210766 -0.8150472044944763 -0.9425469040870667 0.09017420560121536 -0.3216736912727356 -5.5715484619140625
-0.3231918215751648 0.02468334138393402 0.946011483669281 177.60508728027344 0.09455714374780655 0.995499312877655 0.006329574156552553 -0.818781852722168 -0.941597580909729 0.09149781614542007 -0.3240712285041809 -6.2758331298828125
-0.3258120119571686 0.024454500526189804 0.945118248462677 179.6875 0.09420453011989594 0.9955301284790039 0.006716374307870865 -0.8143264055252075 -0.9407294988632202 0.09122268855571747 -0.3266594111919403 -6.993038177490234
-0.3283856213092804 0.02499384433031082 0.9442129731178284 181.7884063720703 0.09360086917877197 0.9955905079841614 0.006199401803314686 -0.8191279172897339 -0.9398945569992065 0.09041497111320496 -0.3292770981788635 -7.7228546142578125
-0.3310422897338867 0.02691039629280567 0.9432321190834045 183.88900756835938 0.09288038313388824 0.9956685900688171 0.004191442858427763 -0.8229686617851257 -0.9390336871147156 0.0889953076839447 -0.332107812166214 -8.458881378173828
-0.3341076076030731 0.028988204896450043 0.9420890212059021 186.00900268554688 0.09264232218265533 0.9956969022750854 0.0022174580954015255 -0.8272607326507568 -0.9379709362983704 0.08801817893981934 -0.3353555202484131 -9.205764770507812
-0.3372609615325928 0.02993163838982582 0.9409351944923401 188.1366424560547 0.09187569469213486 0.9957696795463562 0.0012552145635709167 -0.8430978059768677 -0.9369171261787415 0.08687242120504379 -0.3385842740535736 -9.963497161865234
-0.3409767746925354 0.031054938212037086 0.9395586252212524 190.29583740234375 0.09026747196912766 0.995917558670044 -0.00015863166481722146 -0.8538573384284973 -0.9357277750968933 0.084757499396801 -0.3423880338668823 -10.730960845947266
-0.3445417881011963 0.031249716877937317 0.938250720500946 192.4303436279297 0.09102024883031845 0.9958490133285522 0.00025610197917558253 -0.8698573112487793 -0.9343480467796326 0.08548806607723236 -0.3459559679031372 -11.514957427978516
-0.34847700595855713 0.029934635385870934 0.93683922290802 194.59857177734375 0.0900702252984047 0.995934009552002 0.001680630026385188 -0.883763313293457 -0.9329797029495239 0.08496697247028351 -0.3497563302516937 -12.30487060546875
-0.35172420740127563 0.029674729332327843 0.9356331825256348 196.74871826171875 0.09022674709558487 0.9959184527397156 0.0023313749115914106 -0.8930898904800415 -0.9317452311515808 0.08523913472890854 -0.3529660701751709 -13.115360260009766
-0.3554092049598694 0.029710043221712112 0.9342384934425354 198.90139770507812 0.09018766134977341 0.9959213137626648 0.002638164907693863 -0.8995132446289062 -0.930349588394165 0.0851944163441658 -0.35663917660713196 -13.931442260742188
-0.358981192111969 0.03014429286122322 0.932857871055603 201.0557861328125 0.08962021768093109 0.9959733486175537 0.002303734887391329 -0.9082002639770508 -0.9290321469306946 0.08442992717027664 -0.3602372407913208 -14.74905014038086
-0.36255818605422974 0.030619541183114052 0.9314579367637634 203.2200164794922 0.08886450529098511 0.996042013168335 0.0018467844929546118 -0.9262992143630981 -0.9277147650718689 0.08344312012195587 -0.3638441264629364 -15.58901596069336
-0.36624008417129517 0.031258586794137955 0.9299951791763306 205.40737915039062 0.08809895813465118 0.9961109757423401 0.0012132935225963593 -0.9356471300125122 -0.9263405203819275 0.08237598091363907 -0.3675696849822998 -16.42699432373047
-0.3688077926635742 0.03186185285449028 0.9289594292640686 207.50643920898438 0.08981268107891083 0.9959575533866882 0.0014969042968004942 -0.9630131125450134 -0.9251564741134644 0.08398441225290298 -0.3701784908771515 -17.261863708496094
-0.3711766004562378 0.03178655356168747 0.9280180931091309 209.64952087402344 0.09088509529829025 0.9958587884902954 0.002240778412669897 -0.9805215001106262 -0.9241037964820862 0.08517470955848694 -0.3725283741950989 -18.119384765625
-0.37361958622932434 0.031518954783678055 0.9270463585853577 211.82325744628906 0.09260105341672897 0.9956972599029541 0.0034671705216169357 -0.9936665892601013 -0.9229482412338257 0.08714084327220917 -0.3749306797981262 -19.002361297607422
-0.37675729393959045 0.03223935142159462 0.9257507920265198 214.01824951171875 0.09346380084753036 0.9956169128417969 0.003364966483786702 -1.0070418119430542 -0.9215846657752991 0.08779196441173553 -0.3781191408634186 -19.88861846923828
-0.37993815541267395 0.033599723130464554 0.9244014024734497 216.2108612060547 0.09392859041690826 0.995576024055481 0.0024188440293073654 -1.0199999809265137 -0.9202306270599365 0.08774673193693161 -0.38141337037086487 -20.777137756347656
-0.38266775012016296 0.03369005024433136 0.9232715964317322 218.38571166992188 0.09339409321546555 0.9956263899803162 0.0023787140380591154 -1.037208914756775 -0.9191533923149109 0.08713836967945099 -0.3841404914855957 -21.67138671875
-0.38554278016090393 0.03492309898138046 0.9220287799835205 220.55569458007812 0.09310335665941238 0.9956557154655457 0.001218981808051467 -1.0575129985809326 -0.9179806709289551 0.08631393313407898 -0.3871192932128906 -22.573707580566406
-0.3885723352432251 0.0360589474439621 0.920712411403656 222.73858642578125 0.09283281117677689 0.9956817030906677 0.0001835873699747026 -1.073735237121582 -0.9167298674583435 0.08554363995790482 -0.390241801738739 -23.486400604248047
-0.39085349440574646 0.036338720470666885 0.919735312461853 224.9097442626953 0.09085921943187714 0.9958634972572327 -0.0007347273058257997 -1.0939522981643677 -0.915957510471344 0.08327925950288773 -0.3925384283065796 -24.404766082763672
-0.3940427601337433 0.03711720183491707 0.9183422923088074 227.0789794921875 0.09180327504873276 0.9957767128944397 -0.0008559234556742013 -1.1197092533111572 -0.9144957661628723 0.0839695855975151 -0.3957861065864563 -25.326671600341797
-0.3966671824455261 0.03695058077573776 0.9172185063362122 229.2306365966797 0.09353804588317871 0.9956156611442566 0.0003433238307479769 -1.1453542709350586 -0.913184404373169 0.08593101054430008 -0.3983844220638275 -26.257362365722656
-0.399846613407135 0.03597637265920639 0.9158757328987122 231.39862060546875 0.09359247982501984 0.9956090450286865 0.0017515774816274643 -1.165938377380371 -0.9117911458015442 0.08641944825649261 -0.4014580249786377 -27.18825912475586
-0.40350866317749023 0.03521871566772461 0.9142977595329285 233.53964233398438 0.09223539382219315 0.995734453201294 0.0023507485166192055 -1.1858456134796143 -0.9103150367736816 0.08527915924787521 -0.4050358235836029 -28.11389923095703
-0.40650200843811035 0.03567096218466759 0.91295325756073 235.6661376953125 0.0911327451467514 0.9958373308181763 0.0016683859284967184 -1.206851840019226 -0.9090934991836548 0.08387814462184906 -0.4080606698989868 -29.057777404785156
-0.4105066955089569 0.03491491079330444 0.9111889004707336 237.84884643554688 0.0891740694642067 0.9960141777992249 0.0020092513877898455 -1.2223477363586426 -0.9074867367744446 0.08207923918962479 -0.4119839370250702 -30.019989013671875
-0.4140685796737671 0.034440211951732635 0.9095938801765442 240.002197265625 0.08845509588718414 0.9960768222808838 0.0025521062780171633 -1.2414491176605225 -0.9059376120567322 0.08151495456695557 -0.4154905080795288 -30.983688354492188
-0.41759592294692993 0.03458547592163086 0.907974362373352 242.1382598876953 0.08825841546058655 0.9960941076278687 0.002649819478392601 -1.26765775680542 -0.9043362736701965 0.08124293386936188 -0.4190172851085663 -31.96265411376953
-0.42140913009643555 0.034570157527923584 0.9062114357948303 244.2839813232422 0.08802120387554169 0.9961143136024475 0.002932115225121379 -1.2847990989685059 -0.9025887846946716 0.08100144565105438 -0.4228145480155945 -32.94812774658203
-0.4258289635181427 0.03370687738060951 0.9041755795478821 246.44644165039062 0.0864284560084343 0.9962517023086548 0.0035647961776703596 -1.30265474319458 -0.900666356086731 0.07966449856758118 -0.42714595794677734 -33.938499450683594
-0.4299889802932739 0.033848993480205536 0.902199387550354 248.56723022460938 0.08574745804071426 0.9963109493255615 0.003487424459308386 -1.3149313926696777 -0.8987529277801514 0.07886086404323578 -0.4313051998615265 -34.93473815917969
-0.43349331617355347 0.034689780324697495 0.9004888534545898 250.71469116210938 0.08611869812011719 0.9962801337242126 0.0030773691833019257 -1.3356763124465942 -0.8970323801040649 0.07888294011354446 -0.4348682761192322 -35.957862854003906
-0.4368841350078583 0.035025786608457565 0.8988355994224548 252.80438232421875 0.08639153093099594 0.9962561726570129 0.0031690294854342937 -1.3600306510925293 -0.8953595757484436 0.07903627306222916 -0.43827447295188904 -36.96630096435547
-0.44019460678100586 0.03536356985569 0.897205650806427 254.9479522705078 0.08667314052581787 0.9962314963340759 0.0032576285302639008 -1.373975157737732 -0.8937093615531921 0.07919763773679733 -0.4416007697582245 -38.00907897949219
-0.44409438967704773 0.03552200272679329 0.8952755928039551 257.06011962890625 0.08536907285451889 0.9963453412055969 0.0028144868556410074 -1.3934690952301025 -0.8919036984443665 0.07767874747514725 -0.4455038905143738 -39.04283905029297
-0.4478050172328949 0.03598503768444061 0.8934067487716675 259.1730041503906 0.08585739135742188 0.9963033199310303 0.0029050305020064116 -1.4085960388183594 -0.889999508857727 0.07800646871328354 -0.44923922419548035 -40.096107482910156
-0.45122572779655457 0.03626999631524086 0.8916726112365723 261.2561340332031 0.08618856221437454 0.9962740540504456 0.0030904088634997606 -1.4252946376800537 -0.8882380723953247 0.07824644446372986 -0.4526706039905548 -41.14966583251953
-0.45509323477745056 0.037910595536231995 0.8896363973617554 263.40655517578125 0.08762843906879425 0.9961503744125366 0.002376778982579708 -1.4266808032989502 -0.8861214518547058 0.07903911173343658 -0.45666342973709106 -42.22749328613281
-0.45843493938446045 0.040107909590005875 0.8878223299980164 265.5188293457031 0.09006239473819733 0.9959349036216736 0.0015125335194170475 -1.4449816942214966 -0.8841527700424194 0.08065279573202133 -0.4601835608482361 -43.319419860839844
-0.46138709783554077 0.04063687473535538 0.8862677812576294 267.6443786621094 0.09110580384731293 0.9958396553993225 0.0017683652695268393 -1.4614895582199097 -0.8825087547302246 0.08156005293130875 -0.4631698727607727 -44.41943359375
-0.46405357122421265 0.04284347593784332 0.8847703337669373 269.7616882324219 0.0931771844625473 0.9956493377685547 0.0006579388282261789 -1.4726077318191528 -0.8808928728103638 0.08274572342634201 -0.4660266935825348 -45.53326416015625
-0.4665346145629883 0.045301035046577454 0.8833419680595398 271.86212158203125 0.09501215070486069 0.995475709438324 -0.0008712587296031415 -1.4952044486999512 -0.8793851137161255 0.0835217535495758 -0.4687279760837555 -46.62370300292969
