0.9998936653137207 0.0033562351018190384 -0.01419221330434084 10.280107498168945 -0.003464408917352557 0.9999650716781616 -0.007604352198541164 3.468322515487671 0.014166195876896381 0.007652711123228073 0.9998703598976135 -3.820284843444824
0.999879002571106 0.000965427840128541 -0.01552558783441782 10.250731468200684 -0.0010386384092271328 0.9999883770942688 -0.004708122927695513 3.4411377906799316 0.015520863234996796 0.004723679274320602 0.9998683333396912 -2.2957000732421875
0.999854564666748 0.0005123420269228518 -0.017043769359588623 10.226009368896484 -0.000577220693230629 0.9999926090240479 -0.003801911836490035 3.4106292724609375 0.01704169437289238 0.003811196656897664 0.9998475313186646 -0.7754669189453125
0.9998281002044678 0.0016116681508719921 -0.01846720278263092 10.188567161560059 -0.0016884596552699804 0.9999901056289673 -0.004143445286899805 3.3855838775634766 0.018460340797901154 0.004173915833234787 0.9998208284378052 0.739120602607727
0.9997974634170532 0.002366552595049143 -0.019987227395176888 10.154215812683105 -0.0024514610413461924 0.9999880790710449 -0.004224703181535006 3.358088493347168 0.019976990297436714 0.004272845573723316 0.9997913241386414 2.241567373275757
0.9997684359550476 0.002081356942653656 -0.02141881175339222 10.11766529083252 -0.0021712437737733126 0.9999889731407166 -0.004174237605184317 3.3341617584228516 0.021409885957837105 0.004219776950776577 0.9997618794441223 3.7411160469055176
0.9997309446334839 0.0015623021172359586 -0.023141592741012573 10.075240135192871 -0.0016440947074443102 0.9999924898147583 -0.0035158528480678797 3.305380344390869 0.023135924711823463 0.0035529558081179857 0.9997259974479675 5.253514766693115
0.9996909499168396 -0.00013114415924064815 -0.02486279048025608 10.03217601776123 2.0972795027773827e-05 0.9999901652336121 -0.00443137064576149 3.281968116760254 0.02486312761902809 0.004429479129612446 0.9996809959411621 6.750460624694824
0.9996585249900818 -0.0010915967868641019 -0.026112079620361328 9.991216659545898 0.0009837675606831908 0.9999909400939941 -0.00414196215569973 3.2555582523345947 0.02611636370420456 0.00411485880613327 0.9996504187583923 8.23871898651123
0.9996227622032166 -0.0008081074338406324 -0.027454303577542305 9.947633743286133 0.0006923734326846898 0.9999908208847046 -0.004224766511470079 3.2288122177124023 0.0274574663490057 0.004204163793474436 0.9996141195297241 9.726746559143066
0.9995954036712646 -0.0006640944629907608 -0.028438201174139977 9.892589569091797 0.000544859969522804 0.9999910593032837 -0.004200298804789782 3.202012300491333 0.02844073437154293 0.004183103330433369 0.9995867013931274 11.210439682006836
0.9995683431625366 0.0009534542914479971 -0.02936371974647045 9.853754043579102 -0.0010577491484582424 0.9999932050704956 -0.0035364958457648754 3.1738741397857666 0.029360147193074226 0.003566028783097863 0.9995625615119934 12.677143096923828
0.9995527863502502 0.0021910755895078182 -0.029820051044225693 9.797868728637695 -0.0022806425113230944 0.999993085861206 -0.0029699087608605623 3.150212526321411 0.029813338071107864 0.0030365902930498123 0.9995508790016174 14.150721549987793
0.9995302557945251 0.00315612624399364 -0.03048320673406124 9.750356674194336 -0.003213438903912902 0.9999932646751404 -0.0018313599284738302 3.121182918548584 0.030477216467261314 0.0019284558948129416 0.9995335936546326 15.620643615722656
0.9995179176330566 0.0030704790260642767 -0.030894776806235313 9.698625564575195 -0.003132362151518464 0.9999932050704956 -0.001954824896529317 3.1011643409729004 0.030888564884662628 0.002050656359642744 0.9995206594467163 17.082008361816406
0.9994962215423584 0.0037537263706326485 -0.031514622271060944 9.64571762084961 -0.0038177832029759884 0.9999907612800598 -0.001972677418962121 3.0829601287841797 0.03150692582130432 0.0020919996313750744 0.9995013475418091 18.551132202148438
0.9994937181472778 0.004571136552840471 -0.03148474544286728 9.590537071228027 -0.004622807260602713 0.9999880194664001 -0.0015685537364333868 3.0627880096435547 0.031477198004722595 0.0017133080400526524 0.9995030164718628 20.004432678222656
0.999491810798645 0.005180867854505777 -0.03145156428217888 9.541580200195312 -0.005188305862247944 0.9999865293502808 -0.00015489698853343725 3.034464120864868 0.031450334936380386 0.00031799860880710185 0.9995052814483643 21.460784912109375
0.9994907379150391 0.005399676971137524 -0.03144822642207146 9.492142677307129 -0.005446638446301222 0.9999843239784241 -0.0014078215463086963 3.0102484226226807 0.031440120190382004 0.001578391995280981 0.9995043873786926 22.89995765686035
0.9994822144508362 0.005984679330140352 -0.03161218389868736 9.440231323242188 -0.006101964507251978 0.9999749064445496 -0.003614957444369793 2.990131378173828 0.03158974274992943 0.0038059819489717484 0.9994936585426331 24.326671600341797
0.9995094537734985 0.003955035004764795 -0.031066061928868294 9.388192176818848 -0.0040738205425441265 0.999984622001648 -0.003761298954486847 2.9647114276885986 0.031050706282258034 0.0038860116619616747 0.9995102286338806 25.761924743652344
0.9995167255401611 0.0031084977090358734 -0.03092864155769348 9.338326454162598 -0.0031403589528054 0.9999945759773254 -0.0009816396050155163 2.9380149841308594 0.030925419181585312 0.0010782915633171797 0.9995210766792297 27.17125701904297
0.9995294213294983 0.0017061862163245678 -0.030627908185124397 9.289766311645508 -0.001699957181699574 0.9999985098838806 0.0002294081059517339 2.9151089191436768 0.030628250911831856 -0.00017723215569276363 0.9995308518409729 28.592336654663086
0.9995296001434326 0.0012718327343463898 -0.030644891783595085 9.241092681884766 -0.0012903891038149595 0.9999989867210388 -0.0005857564392499626 2.8970389366149902 0.030644115060567856 0.0006250255974009633 0.9995301365852356 29.992002487182617
0.999553382396698 0.0009988402016460896 -0.029866328462958336 9.19136905670166 -0.0010672835633158684 0.9999967813491821 -0.0022757789120078087 2.870981216430664 0.02986396662890911 0.002306639216840267 0.9995512366294861 31.38630485534668
0.999564528465271 0.0021986463107168674 -0.0294245146214962 9.141481399536133 -0.0022930437698960304 0.9999923706054688 -0.0031747515313327312 2.8479785919189453 0.029417311772704124 0.003240840509533882 0.9995619058609009 32.74442672729492
0.9995853900909424 0.0023515501525253057 -0.028697941452264786 9.102070808410645 -0.0024660229682922363 0.9999891519546509 -0.003954146523028612 2.8187806606292725 0.028688333928585052 0.0040232776664197445 0.9995802640914917 34.10032653808594
0.9996228218078613 0.00306182773783803 -0.027292201295495033 9.056256294250488 -0.0031362134031951427 0.9999914765357971 -0.0026831296272575855 2.790598154067993 0.02728375419974327 0.0027677121106535196 0.9996238350868225 35.43406295776367
0.9996591210365295 0.0033065828029066324 -0.02589881792664528 9.013813018798828 -0.003326697973534465 0.9999942183494568 -0.0007336418493650854 2.764967203140259 0.025896241888403893 0.0008195474511012435 0.999664306640625 36.76226043701172
0.9996999502182007 0.0029731420800089836 -0.024316061288118362 8.977717399597168 -0.0029682221356779337 0.9999955892562866 0.00023841060465201735 2.7425405979156494 0.024316662922501564 -0.00016616372158750892 0.9997043013572693 38.0554313659668
0.999750554561615 0.003296999493613839 -0.022091025486588478 8.947734832763672 -0.0032764056231826544 0.999994158744812 0.0009683541720733047 2.716118812561035 0.022094089537858963 -0.0008957315585575998 0.9997555017471313 39.33309555053711
0.9998250007629395 0.003082873532548547 -0.01845354586839676 8.909751892089844 -0.0030752879101783037 0.9999951720237732 0.0004394326242618263 2.6944377422332764 0.018454816192388535 -0.0003826039610430598 0.9998295903205872 40.6048469543457
0.9998850226402283 0.002365998923778534 -0.014979132451117039 8.886957168579102 -0.002387476386502385 0.9999961256980896 -0.0014161070575937629 2.670569896697998 0.01497572660446167 0.0014517055824398994 0.9998868107795715 41.84845733642578
0.9999337792396545 0.0021323857363313437 -0.011307950131595135 8.86273193359375 -0.00216714502312243 0.9999929070472717 -0.003062488744035363 2.6473147869110107 0.011301340535283089 0.0030867906752973795 0.9999313950538635 43.07410430908203
0.9999656677246094 0.0024801515974104404 -0.007911092601716518 8.855563163757324 -0.002499287249520421 0.9999939799308777 -0.0024098267313092947 2.6233537197113037 0.007905067875981331 0.0024295153561979532 0.9999658465385437 44.28404998779297
0.9999949932098389 0.0024286536499857903 -0.0020089130848646164 8.840448379516602 -0.002433724468573928 0.9999938011169434 -0.0025254935026168823 2.6014745235443115 0.002002767287194729 0.0025303708389401436 0.9999948143959045 45.5197639465332
0.9999802708625793 0.004234375432133675 0.004639439284801483 8.837776184082031 -0.004217620473355055 0.9999845623970032 -0.0036153136752545834 2.5810632705688477 -0.00465467618778348 0.003595676040276885 0.9999827146530151 46.69448471069336
0.9999126195907593 0.00586279109120369 0.011851529590785503 8.843893051147461 -0.005817849189043045 0.9999758005142212 -0.0038230661302804947 2.5620296001434326 -0.011873656883835793 0.0037537815514951944 0.999922513961792 47.894283294677734
0.9997718930244446 0.006652494426816702 0.02030222676694393 8.865802764892578 -0.0065950267016887665 0.9999740123748779 -0.0028963154181838036 2.5405116081237793 -0.020320968702435493 0.002761759562417865 0.9997897148132324 49.082786560058594
0.9994865655899048 0.008823066018521786 0.030802465975284576 8.893976211547852 -0.008768024854362011 0.9999596476554871 -0.0019215273205190897 2.516214370727539 -0.03081817924976349 0.001650462974794209 0.9995236992835999 50.25004577636719
0.9989869594573975 0.01121980044990778 0.04357897862792015 8.926065444946289 -0.011137589812278748 0.9999356865882874 -0.0021288201678544283 2.4938480854034424 -0.043600067496299744 0.001641297829337418 0.9990476965904236 51.37408447265625
0.9982247352600098 0.01289442554116249 0.05814669653773308 8.985167503356934 -0.012810838408768177 0.9999163150787354 -0.0018100832821801305 2.473391532897949 -0.05816517397761345 0.0010619619861245155 0.998306393623352 52.50949478149414
0.9971056580543518 0.015364017337560654 0.07445940375328064 9.055938720703125 -0.015373601578176022 0.9998816847801208 -0.00044450408313423395 2.450761079788208 -0.07445744425058365 -0.0007014914881438017 0.997223973274231 53.62580490112305
0.9956109523773193 0.015573037788271904 0.09228315204381943 9.151071548461914 -0.015665864571928978 0.9998772740364075 0.0002815231855493039 2.432149648666382 -0.09226743876934052 -0.0017259836895391345 0.9957327842712402 54.73918533325195
0.9936287999153137 0.015858186408877373 0.11158125102519989 9.259974479675293 -0.015902522951364517 0.9998733997344971 -0.0004926823312416673 2.413015365600586 -0.1115749329328537 -0.0012848802143707871 0.9937551617622375 55.84151840209961
0.9911803603172302 0.01474908646196127 0.13169659674167633 9.404491424560547 -0.014645317569375038 0.9998912215232849 -0.0017565444577485323 2.402940273284912 -0.13170817494392395 -0.00018768716836348176 0.9912886023521423 56.94016647338867
0.9882515668869019 0.011326659470796585 0.15241554379463196 9.563889503479004 -0.01117188110947609 0.9999358654022217 -0.0018718783976510167 2.378467559814453 -0.15242700278759003 0.00014711848052684218 0.9883147478103638 57.96855163574219
0.9847405552864075 0.0063267364166677 0.17391377687454224 9.750969886779785 -0.006461313460022211 0.9999791383743286 0.00020765746012330055 2.362614870071411 -0.17390884459018707 -0.0013282004510983825 0.9847608804702759 59.007896423339844
0.9803273677825928 0.0009901567827910185 0.1973760575056076 9.955934524536133 -0.0013433987041935325 0.9999977350234985 0.0016558034112676978 2.343306064605713 -0.19737397134304047 -0.001888384111225605 0.9803264737129211 60.04978561401367
0.9753125905990601 -0.004106488544493914 0.22079093754291534 10.198274612426758 0.003955688793212175 0.9999914765357971 0.001125139882788062 2.325758218765259 -0.2207936942577362 -0.00022398296277970076 0.9753205180168152 61.05997848510742
0.9691623449325562 -0.010122673586010933 0.24621494114398956 10.454021453857422 0.010602247901260853 0.9999436140060425 -0.0006222114316187799 2.306511402130127 -0.24619482457637787 0.003213457064703107 0.9692149758338928 62.05707550048828
0.9620479345321655 -0.014120734296739101 0.2725149989128113 10.740751266479492 0.014651908539235592 0.9998926520347595 8.580007124692202e-05 2.2937560081481934 -0.27248701453208923 0.0039103212766349316 0.9621515274047852 63.039878845214844
0.9538537263870239 -0.016144370660185814 0.29983726143836975 11.038532257080078 0.016141023486852646 0.9998666048049927 0.0024881453718990088 2.2749109268188477 -0.2998374402523041 0.002466353354975581 0.9539871215820312 64.0018539428711
0.9445712566375732 -0.020685454830527306 0.32765406370162964 11.369643211364746 0.020062267780303955 0.9997847080230713 0.005282288882881403 2.264075994491577 -0.32769283652305603 0.001583985285833478 0.9447829127311707 64.95231628417969
0.9340997338294983 -0.023735009133815765 0.3562221825122833 11.726639747619629 0.02350047416985035 0.9997113943099976 0.004986690357327461 2.2491707801818848 -0.3562377393245697 0.003713324200361967 0.9343879222869873 65.86837005615234
0.9223501086235046 -0.022663142532110214 0.3856898546218872 12.098836898803711 0.024041863158345222 0.999710202217102 0.0012485673651099205 2.238250494003296 -0.38560640811920166 0.008121086284518242 0.9226275682449341 66.77116394042969
0.9097956418991089 -0.024462616071105003 0.4143349826335907 12.506291389465332 0.02867330238223076 0.9995810389518738 -0.0039448365569114685 2.220137357711792 -0.414064884185791 0.015469349920749664 0.9101158976554871 67.63911437988281
0.8960742354393005 -0.026593433693051338 0.4431069493293762 12.938196182250977 0.032685521990060806 0.9994469285011292 -0.0061157383024692535 2.203115224838257 -0.4426993131637573 0.019963338971138 0.8964478969573975 68.49470520019531
0.8808619976043701 -0.027123820036649704 0.4725954532623291 13.395322799682617 0.0322982594370842 0.9994742274284363 -0.0028369992505759 2.187102794647217 -0.47227004170417786 0.01776301860809326 0.881274938583374 69.34375
0.8635901808738708 -0.025788111612200737 0.5035345554351807 13.882234573364258 0.028394827619194984 0.9995936155319214 0.0024946494959294796 2.174802780151367 -0.5033943057060242 0.012143421918153763 0.863971471786499 70.17627716064453
0.8442993760108948 -0.026113487780094147 0.5352351665496826 14.382171630859375 0.026708237826824188 0.9996212124824524 0.006639796309173107 2.1581780910491943 -0.5352058410644531 0.008689207024872303 0.8446769714355469 70.98693084716797
0.8237428069114685 -0.020150896161794662 0.5666053891181946 14.909320831298828 0.02305375598371029 0.9997320771217346 0.002038694452494383 2.145949363708496 -0.5664947032928467 0.01138302218168974 0.8239867091178894 71.75862121582031
0.8021494150161743 -0.013256119564175606 0.5969762206077576 15.464881896972656 0.020318487659096718 0.999780535697937 -0.005101127550005913 2.136227607727051 -0.5967776775360107 0.01622151955962181 0.8022426962852478 72.51249694824219
0.779971718788147 -0.010686920024454594 0.6257235407829285 16.045734405517578 0.019675124436616898 0.999778687953949 -0.00744975171983242 2.1301636695861816 -0.6255054473876953 0.018121784552931786 0.7800093293190002 73.25811004638672
0.756959080696106 -0.0129371527582407 0.6533342599868774 16.660181045532227 0.020827986299991608 0.9997736811637878 -0.0043342444114387035 2.1167500019073486 -0.6531304121017456 0.016888484358787537 0.7570573091506958 73.96688842773438
0.7330371141433716 -0.013803084380924702 0.6800485849380493 17.290435791015625 0.021712137386202812 0.9997594356536865 -0.0031115966849029064 2.0894460678100586 -0.6798421144485474 0.01704622246325016 0.7331603765487671 74.63656616210938
0.7078942656517029 -0.011816403828561306 0.7062196731567383 17.938251495361328 0.022796908393502235 0.9997214674949646 -0.006123714614659548 2.077589273452759 -0.7059503793716431 0.020434565842151642 0.7079663276672363 75.29867553710938
0.6821913719177246 -0.009805380366742611 0.7311079502105713 18.60566520690918 0.023165814578533173 0.9996979832649231 -0.008208228275179863 2.061697006225586 -0.7308065295219421 0.022536292672157288 0.6822125315666199 75.9083480834961
0.6553182601928711 -0.006999035365879536 0.7553204298019409 19.29351043701172 0.02130933478474617 0.9997303485870361 -0.009224227629601955 2.047652244567871 -0.7550522089004517 0.022140180692076683 0.6552907228469849 76.51535034179688
0.6277385354042053 -0.005263710394501686 0.7784063220024109 20.000343322753906 0.021241305395960808 0.9997206330299377 -0.010369579307734966 2.029438018798828 -0.7781343460083008 0.02304375357925892 0.6276749968528748 77.08210754394531
0.5988200306892395 0.0008260202594101429 0.8008832335472107 20.727054595947266 0.020265832543373108 0.9996636509895325 -0.01618378981947899 2.0041394233703613 -0.8006271719932556 0.025921739637851715 0.5986018180847168 77.64836883544922
0.5692291855812073 0.010190735571086407 0.8221157193183899 21.477737426757812 0.0193221103399992 0.9994811415672302 -0.02576785907149315 1.9839136600494385 -0.8219517469406128 0.030552828684449196 0.5687370300292969 78.1665267944336
0.5383449792861938 0.0183732770383358 0.8425241708755493 22.239233016967773 0.01845715008676052 0.9992653727531433 -0.033584900200366974 1.9519567489624023 -0.8425224423408508 0.0336308591067791 0.5376104712486267 78.66351318359375
0.5070335865020752 0.023530468344688416 0.8616050481796265 23.04737663269043 0.015931712463498116 0.9992006421089172 -0.03666362911462784 1.9206774234771729 -0.8617790341377258 0.03231653571128845 0.5062534213066101 79.14193725585938
0.4745676517486572 0.022928478196263313 0.8799204230308533 23.874359130859375 0.014339741319417953 0.9993265867233276 -0.0337737575173378 1.8816834688186646 -0.8801023364067078 0.02864575944840908 0.47391921281814575 79.59554290771484
0.4417387843132019 0.021960387006402016 0.8968749046325684 24.714061737060547 0.00992297101765871 0.9995194673538208 -0.0293610617518425 1.8461211919784546 -0.8970890045166016 0.021869579330086708 0.4413086175918579 80.01409912109375
0.4071778357028961 0.02310943603515625 0.913056492805481 25.57891845703125 0.006048643961548805 0.9995896220207214 -0.027996987104415894 1.809768557548523 -0.9133289456367493 0.01692250184714794 0.4068709909915924 80.40763854980469
0.3724316656589508 0.026196233928203583 0.9276898503303528 26.439373016357422 -0.000986008788459003 0.9996121525764465 -0.027831342071294785 1.772805094718933 -0.9280591011047363 0.009450562298297882 0.372312992811203 80.77649688720703
0.3371007442474365 0.028117557987570763 0.9410486817359924 27.329729080200195 -0.0057695601135492325 0.999596893787384 -0.02780015766620636 1.7378275394439697 -0.941450834274292 0.003942016512155533 0.33712702989578247 81.09419250488281
0.3013157844543457 0.02719372697174549 0.9531365633010864 28.24280548095703 -0.00789090059697628 0.9996300935745239 -0.026025667786598206 1.701821208000183 -0.953491747379303 0.00032084109261631966 0.3014189600944519 81.39183044433594
0.26454460620880127 0.02726939506828785 0.9639877676963806 29.186792373657227 -0.008679494261741638 0.9996269941329956 -0.02589566819369793 1.674867033958435 -0.9643344283103943 -0.0015163691714406013 0.26468250155448914 81.67385864257812
0.2291138768196106 0.026840733364224434 0.9730295538902283 30.132633209228516 -0.007774044759571552 0.9996384382247925 -0.02574421651661396 1.6466763019561768 -0.9733685255050659 -0.0016660181572660804 0.22923961281776428 81.89014434814453
0.19384188950061798 0.025482412427663803 0.980701744556427 31.092342376708984 -0.005690610036253929 0.9996749758720398 -0.024850621819496155 1.6134406328201294 -0.9810162782669067 -0.000763700227253139 0.19392386078834534 82.07466888427734
0.15947456657886505 0.02435619942843914 0.9869015216827393 32.06623077392578 0.002983375685289502 0.9996791481971741 -0.0251536313444376 1.5768110752105713 -0.9871975183486938 0.0069556632079184055 0.15935075283050537 82.22465515136719
0.12585575878620148 0.027562085539102554 0.9916656017303467 33.031253814697266 0.005053668282926083 0.9995832443237305 -0.028423521667718887 1.5401650667190552 -0.9920356273651123 0.008588814176619053 0.12566402554512024 82.34127807617188
0.09254436194896698 0.032336506992578506 0.9951833486557007 33.999473571777344 0.005949079990386963 0.9994367361068726 -0.033027928322553635 1.5000807046890259 -0.9956908226013184 0.008976972661912441 0.09229981899261475 82.44425201416016
0.06352698057889938 0.036548975855112076 0.9973105788230896 35.02010726928711 0.013349066488444805 0.9992086291313171 -0.037468843162059784 1.4678332805633545 -0.997890830039978 0.01569344848394394 0.06298881769180298 82.50897216796875
0.0379900261759758 0.0347796306014061 0.9986726641654968 36.003746032714844 0.0156895462423563 0.9992502331733704 -0.03539657965302467 1.4305472373962402 -0.9991549253463745 0.017013439908623695 0.03741586580872536 82.53955841064453
0.015853717923164368 0.03149209916591644 0.9993782639503479 36.99684143066406 0.01685873419046402 0.9993533492088318 -0.03175874799489975 1.387011170387268 -0.9997321367263794 0.017351744696497917 0.015312559902668 82.5505599975586
-0.0028396365232765675 0.029139287769794464 0.9995713233947754 38.04417037963867 0.01740395836532116 0.9994254112243652 -0.029085593298077583 1.344795823097229 -0.999844491481781 0.01731390506029129 -0.0033451456110924482 82.55084228515625
-0.01923281140625477 0.03213665634393692 0.9992983937263489 39.04011535644531 0.019534239545464516 0.9993045926094055 -0.031760890036821365 1.3043712377548218 -0.9996241331100464 0.01890968345105648 -0.0198472011834383 82.52599334716797
-0.03420944884419441 0.036722853779792786 0.9987397789955139 40.0446662902832 0.021548360586166382 0.9991194605827332 -0.03599872440099716 1.2708648443222046 -0.9991823434829712 0.02028970792889595 -0.03497064486145973 82.49349975585938
-0.04624663665890694 0.041853178292512894 0.9980529546737671 41.039424896240234 0.02580416575074196 0.9988385438919067 -0.04069043695926666 1.2282932996749878 -0.998596727848053 0.023872127756476402 -0.04727290943264961 82.44324493408203
-0.0551631823182106 0.04539410024881363 0.9974449872970581 42.03785705566406 0.03109312802553177 0.9985596537590027 -0.04372524470090866 1.1784937381744385 -0.9979931712150574 0.028601661324501038 -0.056495167315006256 82.38471984863281
-0.06069457530975342 0.050603341311216354 0.9968727827072144 43.058387756347656 0.035704102367162704 0.9981850385665894 -0.04849611595273018 1.1236659288406372 -0.9975175857543945 0.032648999243974686 -0.06239115819334984 82.3051528930664
-0.063958078622818 0.055167056620121 0.996426522731781 44.06105422973633 0.03765483200550079 0.9978932738304138 -0.05283128097653389 1.0663952827453613 -0.9972419142723083 0.03414129465818405 -0.06590063124895096 82.23358917236328
-0.06707555055618286 0.059246063232421875 0.9959872961044312 45.073394775390625 0.03938959911465645 0.9976144433021545 -0.05669013038277626 1.0041186809539795 -0.9969700574874878 0.03542901575565338 -0.0692492127418518 82.16362762451172
-0.06958570331335068 0.06219608336687088 0.9956352114677429 46.073638916015625 0.03990953415632248 0.9974290132522583 -0.05951884016394615 0.9398274421691895 -0.9967774152755737 0.0355936735868454 -0.0718890130519867 82.09139251708984
-0.0718676745891571 0.06555034965276718 0.9952577352523804 47.096893310546875 0.041348185390233994 0.9971760511398315 -0.06269092857837677 0.8721568584442139 -0.9965567588806152 0.03664664924144745 -0.07437510788440704 82.00900268554688
-0.0737970694899559 0.06957746297121048 0.9948431849479675 48.1051025390625 0.04252687469124794 0.9968753457069397 -0.06656496226787567 0.8052868843078613 -0.9963661432266235 0.03739526867866516 -0.07652539759874344 81.92649841308594
-0.07572659105062485 0.07086777687072754 0.9946070313453674 49.11336898803711 0.04550689086318016 0.9966775178909302 -0.06755053997039795 0.7313497066497803 -0.9960896372795105 0.040146104991436005 -0.07869995385408401 81.84281158447266
-0.07829327881336212 0.06940648704767227 0.9945113658905029 50.13172912597656 0.0455549992620945 0.996780514717102 -0.0659785196185112 0.6547620296478271 -0.9958890080451965 0.04013929143548012 -0.08120305091142654 81.76799011230469
-0.08013170212507248 0.06928281486034393 0.9943735599517822 51.1551628112793 0.04500002786517143 0.9968159794807434 -0.06582663953304291 0.581681489944458 -0.9957680106163025 0.03947204351425171 -0.08299428224563599 81.6806640625
-0.08270640671253204 0.0706535056233406 0.9940662980079651 52.17985534667969 0.044686008244752884 0.996743381023407 -0.06712590157985687 0.51070237159729 -0.9955715537071228 0.038869116455316544 -0.0855943113565445 81.60369873046875
-0.08500102162361145 0.07263258099555969 0.9937300086021423 53.19154357910156 0.04421650245785713 0.996631920337677 -0.06906253099441528 0.4287753105163574 -0.9953992962837219 0.038068875670433044 -0.08792627602815628 81.51139831542969
-0.08761962503194809 0.07489801198244095 0.9933343529701233 54.22669219970703 0.04253362864255905 0.9965413212776184 -0.07138803601264954 0.3486063480377197 -0.9952455163002014 0.03599511831998825 -0.09050224721431732 81.41983795166016
-0.09027749300003052 0.07839199155569077 0.992826521396637 55.25576400756836 0.03976201266050339 0.9963860511779785 -0.0750574916601181 0.26846981048583984 -0.9951226115226746 0.03270077705383301 -0.09306826442480087 81.33364868164062
-0.09252496063709259 0.08294875919818878 0.9922491908073425 56.295310974121094 0.03601657226681709 0.9961506724357605 -0.07991642504930496 0.19030427932739258 -0.9950588941574097 0.028343146666884422 -0.09515632688999176 81.2442626953125
-0.09528165310621262 0.08522320538759232 0.9917954206466675 57.3387451171875 0.033800236880779266 0.9960310459136963 -0.08233994990587234 0.099029541015625 -0.9948763251304626 0.02567744441330433 -0.09778404235839844 81.14619445800781
-0.09792091697454453 0.08382586389780045 0.9916574954986572 58.41023254394531 0.03172202780842781 0.996202826499939 -0.0810777097940445 0.011301517486572266 -0.9946884512901306 0.023518187925219536 -0.10020822286605835 81.03318786621094
-0.10090908408164978 0.07963750511407852 0.9917032122612 59.468685150146484 0.028569642454385757 0.9966119527816772 -0.07712465524673462 -0.07551383972167969 -0.9944853782653809 0.02055002935230732 -0.10284243524074554 80.93111419677734
-0.10351207852363586 0.07777033746242523 0.9915830492973328 60.51310729980469 0.029100976884365082 0.9967483878135681 -0.07513758540153503 -0.16757798194885254 -0.9942024350166321 0.021078387275338173 -0.10543868690729141 80.82966613769531
-0.1050427034497261 0.07825756072998047 0.9913837313652039 61.58426284790039 0.028925223276019096 0.9967175722122192 -0.07561379671096802 -0.26013731956481934 -0.9940469861030579 0.020733319222927094 -0.10696150362491608 80.71157836914062
-0.10659155994653702 0.0812862291932106 0.9909747242927551 62.63069152832031 0.029568884521722794 0.9964710474014282 -0.078556589782238 -0.3404216766357422 -0.9938631653785706 0.02092854678630829 -0.10861893743276596 80.60731506347656
-0.10691056400537491 0.08376777172088623 0.9907335638999939 63.68393325805664 0.03082079067826271 0.9962450265884399 -0.08090786635875702 -0.43235349655151367 -0.9937908053398132 0.021885287016630173 -0.1090908944606781 80.48128509521484
-0.10729316622018814 0.08477988839149475 0.9906061291694641 64.76658630371094 0.02940600924193859 0.9961923956871033 -0.08207300305366516 -0.5203642845153809 -0.9937925934791565 0.020323898643255234 -0.1093776747584343 80.36348724365234
-0.10749830305576324 0.08344682306051254 0.9906970858573914 65.83110046386719 0.026541410014033318 0.9963570833206177 -0.08104362338781357 -0.6150517463684082 -0.9938508868217468 0.017582446336746216 -0.10932150483131409 80.25395202636719
-0.1079092025756836 0.08280240744352341 0.9907064437866211 66.89088439941406 0.022233296185731888 0.9964772462844849 -0.08086302131414413 -0.7038230895996094 -0.9939121007919312 0.01330080721527338 -0.10937003791332245 80.15231323242188
-0.10732197761535645 0.0840933546423912 0.9906615018844604 67.97181701660156 0.018789567053318024 0.9964101314544678 -0.08254579454660416 -0.8008766174316406 -0.9940467476844788 0.00975512433797121 -0.10851677507162094 80.03174591064453
-0.10748733580112457 0.08459431678056717 0.9906009435653687 69.04631042480469 0.014566872268915176 0.9964005947113037 -0.08350896835327148 -0.8914923667907715 -0.9940997362136841 0.005453800782561302 -0.10833270847797394 79.92322540283203
-0.10758791863918304 0.08358320593833923 0.9906759262084961 70.13076782226562 0.011208431795239449 0.9964984655380249 -0.08285719901323318 -0.9924907684326172 -0.994132399559021 0.00218948838301003 -0.10814802348613739 79.80628204345703
-0.10808001458644867 0.07831119745969772 0.9910529255867004 71.22615814208984 0.011918568052351475 0.99692302942276 -0.07747524231672287 -1.0888361930847168 -0.9940707683563232 0.003438406391069293 -0.10868079215288162 79.69712829589844
-0.1084984540939331 0.06990129500627518 0.9916359782218933 72.32137298583984 0.014794843271374702 0.9975277781486511 -0.06869785487651825 -1.1727032661437988 -0.9939864277839661 0.007217487785965204 -0.10926440358161926 79.58312225341797
-0.10806762427091599 0.06455440074205399 0.992045521736145 73.41767120361328 0.02069687657058239 0.9978194236755371 -0.06267553567886353 -1.2573657035827637 -0.9939281344413757 0.013759046792984009 -0.10916804522275925 79.4581298828125
-0.10727780312299728 0.0667564868927002 0.9919853210449219 74.52759552001953 0.02912983112037182 0.9975259900093079 -0.06397910416126251 -1.3318603038787842 -0.9938023686408997 0.022032825276255608 -0.10895699262619019 79.32270812988281
-0.10610537230968475 0.07244127243757248 0.9917126297950745 75.61676025390625 0.03475989028811455 0.9970033168792725 -0.06910871714353561 -1.4061775207519531 -0.9937472343444824 0.02713901177048683 -0.10830546915531158 79.20182800292969
-0.10560482740402222 0.07798276841640472 0.9913456439971924 76.716064453125 0.038168057799339294 0.9965035915374756 -0.07432257384061813 -1.49153470993042 -0.9936753511428833 0.029988914728164673 -0.10821203887462616 79.08415222167969
-0.10511346906423569 0.0823841542005539 0.991041898727417 77.81196594238281 0.03855181857943535 0.9961510300636292 -0.07871992886066437 -1.5779576301574707 -0.9937126636505127 0.029931942000985146 -0.1078849658370018 78.97261047363281
-0.10481082648038864 0.07948654890060425 0.9913106560707092 78.9311752319336 0.035230379551649094 0.9964718818664551 -0.0761755034327507 -1.6669182777404785 -0.9938678741455078 0.026940230280160904 -0.10724137723445892 78.86065673828125
-0.1042623221874237 0.07488948106765747 0.9917263388633728 80.03041076660156 0.03517201542854309 0.9968147873878479 -0.07157604396343231 -1.7618787288665771 -0.9939277172088623 0.02741832099854946 -0.1065642461180687 78.74968719482422
-0.10427327454090118 0.07317794114351273 0.9918527603149414 81.19883728027344 0.032762572169303894 0.9970008730888367 -0.07011342793703079 -1.8448894023895264 -0.9940088987350464 0.025184694677591324 -0.10635804384946823 78.61900329589844
-0.10419793426990509 0.07391218841075897 0.9918062686920166 82.32777404785156 0.030800653621554375 0.9969962239265442 -0.0710630863904953 -1.9287211894989014 -0.9940794706344604 0.02314366027712822 -0.10616149753332138 78.50605010986328
-0.10438887029886246 0.07851362228393555 0.9914325475692749 83.44583892822266 0.03254980221390724 0.9966146349906921 -0.07549680024385452 -2.02994966506958 -0.9940037131309509 0.02438991516828537 -0.10659108310937881 78.40259552001953
-0.10309404134750366 0.08137375861406326 0.9913373589515686 84.61341094970703 0.03173017501831055 0.9964097738265991 -0.07849035412073135 -2.110717296600342 -0.994165301322937 0.023363428190350533 -0.10530590265989304 78.25958251953125
-0.10203742235898972 0.08015628159046173 0.9915459156036377 85.76387023925781 0.0318605899810791 0.9965003132820129 -0.07727811485528946 -2.2016923427581787 -0.9942702054977417 0.02370598167181015 -0.10423415899276733 78.13365173339844
-0.10207873582839966 0.07333094626665115 0.9920699000358582 86.917236328125 0.033291034400463104 0.9969725012779236 -0.07026787847280502 -2.2975480556488037 -0.9942192435264587 0.025854170322418213 -0.10421096533536911 78.01741027832031
-0.1025630533695221 0.07179445028305054 0.9921322464942932 88.08158874511719 0.03246079012751579 0.9971023201942444 -0.06879843026399612 -2.3852438926696777 -0.9941967725753784 0.02514921873807907 -0.10459636896848679 77.89764404296875
-0.10259454697370529 0.07490713149309158 0.9918989539146423 89.230224609375 0.02990620769560337 0.9969420433044434 -0.07219471782445908 -2.4719817638397217 -0.9942736029624939 0.02225714549422264 -0.10452102869749069 77.79301452636719
-0.10236220061779022 0.07826388627290726 0.9916636943817139 90.38458251953125 0.029068222269415855 0.9967097043991089 -0.07566162943840027 -2.557136058807373 -0.9943224191665649 0.02108100615441799 -0.10430042445659637 77.68061065673828
-0.10228528827428818 0.07783246785402298 0.9917055368423462 91.57074737548828 0.028130052611231804 0.9967619180679321 -0.07532796263694763 -2.646036386489868 -0.9943572878837585 0.02019178308546543 -0.10414353013038635 77.56095886230469
-0.10170188546180725 0.07470785081386566 0.9920058250427246 92.75812530517578 0.027540845796465874 0.9970054030418396 -0.07226082682609558 -2.7337756156921387 -0.9944336414337158 0.019971612840890884 -0.10345485806465149 77.43545532226562
-0.10124177485704422 0.07365060597658157 0.9921318888664246 93.94413757324219 0.027787256985902786 0.9970762133598328 -0.07118208706378937 -2.823655128479004 -0.9944736957550049 0.020362017676234245 -0.10299230366945267 77.3209457397461
-0.09954642504453659 0.07364343106746674 0.9923039674758911 95.14199829101562 0.029740778729319572 0.9970320463180542 -0.07101079076528549 -2.923166275024414 -0.9945883750915527 0.022443018853664398 -0.10144117474555969 77.18868255615234
-0.0985473170876503 0.07432810217142105 0.9923526048660278 96.3372573852539 0.031609706580638885 0.9969372749328613 -0.07153242826461792 -3.004683256149292 -0.9946302175521851 0.024318646639585495 -0.10059497505426407 77.06957244873047
-0.09760911017656326 0.07316341251134872 0.9925318360328674 97.53707885742188 0.03133491054177284 0.9970256686210632 -0.07041306793689728 -3.1050140857696533 -0.9947314262390137 0.024227941408753395 -0.09961134940385818 76.95842742919922
-0.09594554454088211 0.07376701384782791 0.9926495552062988 98.73716735839844 0.03258395567536354 0.9969484806060791 -0.07093705981969833 -3.1913421154022217 -0.994853138923645 0.025538349524140358 -0.09805639833211899 76.8223648071289
-0.09450452029705048 0.07257236540317535 0.9928756952285767 99.94271850585938 0.03239583224058151 0.9970353245735168 -0.06979288160800934 -3.273097515106201 -0.9949972033500671 0.025569286197423935 -0.09657537192106247 76.70477294921875
-0.09343227744102478 0.07133975625038147 0.9930664896965027 101.15798950195312 0.031112218275666237 0.9971516728401184 -0.06870603561401367 -3.3671514987945557 -0.9951394200325012 0.024477144703269005 -0.09538569301366806 76.59130859375
-0.09183750301599503 0.07053612172603607 0.9932726621627808 102.37139892578125 0.032291799783706665 0.9971743226051331 -0.06782751530408859 -3.456941843032837 -0.9952502846717834 0.02584545686841011 -0.09385574609041214 76.47962188720703
-0.08976592123508453 0.07134556025266647 0.9934042096138 103.59965515136719 0.030225519090890884 0.9971666932106018 -0.06888455152511597 -3.549659252166748 -0.9955041408538818 0.023842675611376762 -0.0916680321097374 76.36483764648438
-0.08941046893596649 0.07407167553901672 0.9932366609573364 104.81060791015625 0.02989579737186432 0.9969810247421265 -0.07165971398353577 -3.636247158050537 -0.9955461025238037 0.023286474868655205 -0.09135495871305466 76.26802062988281
-0.08882708102464676 0.0726592168211937 0.9933933615684509 106.0319595336914 0.027235908433794975 0.9971400499343872 -0.07049788534641266 -3.7271738052368164 -0.9956745505332947 0.020793849602341652 -0.09055197238922119 76.17234802246094
-0.08779637515544891 0.07151135802268982 0.9935683012008667 107.27499389648438 0.024292774498462677 0.9972769618034363 -0.06963164359331131 -3.8263418674468994 -0.9958421587944031 0.01802312396466732 -0.08929449319839478 76.06124877929688
-0.08779758960008621 0.07278936356306076 0.9934754371643066 108.51420593261719 0.021413130685687065 0.9972342252731323 -0.07117238640785217 -3.914527416229248 -0.9959080815315247 0.015024653635919094 -0.08911339938640594 75.9569091796875
-0.08763128519058228 0.07233057916164398 0.9935235381126404 109.74312591552734 0.018730994313955307 0.99730384349823 -0.07095366716384888 -4.006631374359131 -0.9959768652915955 0.012391926720738411 -0.08874982595443726 75.843994140625
-0.08865092694759369 0.06966009736061096 0.9936238527297974 110.98787689208984 0.01601092703640461 0.9975222945213318 -0.06850491464138031 -4.1023783683776855 -0.995934009552002 0.00983581691980362 -0.0895465835928917 75.73580932617188
-0.08998291194438934 0.06823054701089859 0.9936033487319946 112.25245666503906 0.014042282477021217 0.9976382255554199 -0.06723591685295105 -4.197268009185791 -0.995844304561615 0.007902373559772968 -0.0907285064458847 75.6287612915039
-0.09187814593315125 0.0678025633096695 0.993459165096283 113.51609802246094 0.011796290054917336 0.9976832270622253 -0.0669998899102211 -4.285967826843262 -0.9957003593444824 0.005563308950513601 -0.0924651101231575 75.52723693847656
-0.09301690757274628 0.06751351803541183 0.993372917175293 114.76691436767578 0.011922656558454037 0.9977025389671326 -0.06669136881828308 -4.385143280029297 -0.9955930709838867 0.005640222225338221 -0.09360815584659576 75.40623474121094
-0.09547726809978485 0.06619331985712051 0.9932283163070679 116.02505493164062 0.011577796190977097 0.9977929592132568 -0.06538458168506622 -4.475216865539551 -0.995364248752594 0.005256654694676399 -0.09603291004896164 75.29109191894531
-0.09865780174732208 0.06151970475912094 0.9932180047035217 117.28913879394531 0.008710860274732113 0.9981023669242859 -0.06095698103308678 -4.563880443572998 -0.9950832724571228 0.0026379013434052467 -0.09900648146867752 75.1764144897461
-0.10330427438020706 0.061328742653131485 0.9927573204040527 118.54927825927734 0.007885810919106007 0.9981164336204529 -0.060839228332042694 -4.650815010070801 -0.9946184754371643 0.0015437431866303086 -0.10359332710504532 75.05462646484375
-0.1084069088101387 0.06760333478450775 0.9918054342269897 119.78844451904297 0.003707281779497862 0.9977056980133057 -0.0676002949476242 -4.735208034515381 -0.9940996766090393 -0.003651438280940056 -0.10840880125761032 74.92158508300781
-0.11590170115232468 0.07076200097799301 0.9907369017601013 121.01207733154297 0.004382673650979996 0.9974856972694397 -0.07073133438825607 -4.824270248413086 -0.9932510852813721 -0.0038558044470846653 -0.11592043191194534 74.79185485839844
-0.12444997578859329 0.06686434894800186 0.9899703860282898 122.26542663574219 0.006204595789313316 0.9977596998214722 -0.06661047786474228 -4.918869495391846 -0.9922063946723938 -0.002147307153791189 -0.12458605319261551 74.62876892089844
-0.13526347279548645 0.06484019756317139 0.9886857867240906 123.49504089355469 0.00852426327764988 0.9978955388069153 -0.06427798420190811 -5.010589599609375 -0.9907729029655457 -0.0002666455402504653 -0.13553155958652496 74.46385192871094
-0.1482519954442978 0.0654505118727684 0.9867814183235168 124.72346496582031 0.008623161353170872 0.9978551864624023 -0.06488948315382004 -5.106409072875977 -0.9889119863510132 -0.001110822195187211 -0.14849840104579926 74.28659057617188
