1.0 0.0 0.0 0.0 0.0 1.0 0.0 0.0 0.0 0.0 1.0 0.0
0.9999986886978149 0.0007606728468090296 0.0014472913462668657 -0.006149045657366514 -0.0007540636579506099 0.9999893307685852 -0.004561667796224356 -0.002458783332258463 -0.0014507458545267582 0.004560570698231459 0.9999885559082031 0.964011549949646
0.9999966621398926 -0.0014518008101731539 0.002142457291483879 -0.00261521665379405 0.001463231397792697 0.9999846816062927 -0.00534338504076004 -0.0009540319442749023 -0.0021346670109778643 0.005346502177417278 0.9999834299087524 1.9185153245925903
0.9999932646751404 -0.0025422091130167246 0.0026439446955919266 -0.009601686149835587 0.0025456047151237726 0.9999959468841553 -0.0012816078960895538 -0.0038611036725342274 -0.002640676451846957 0.0012883294839411974 0.9999957084655762 2.8509814739227295
0.9999851584434509 -0.00510393176227808 0.0019192607142031193 -0.006011962890625 0.005094510968774557 0.9999750256538391 0.004882132168859243 -0.007361384108662605 -0.0019441309850662947 -0.004872282035648823 0.9999862313270569 3.8005969524383545
0.9999622106552124 -0.008689390495419502 0.0004386676009744406 -0.0031923523638397455 0.008687118999660015 0.9999500513076782 0.004941257182508707 -0.004194289445877075 -0.00048158224672079086 -0.004937258083373308 0.9999877214431763 4.738394260406494
0.9999367594718933 -0.011242593638598919 -0.00020981721172574908 -0.0058844550512731075 0.011242999695241451 0.9999346733093262 0.002048276597633958 -0.001848757266998291 0.00018677559273783118 -0.0020505059510469437 0.9999978542327881 5.665000915527344
0.9999282360076904 -0.011907909996807575 -0.0012302445247769356 -0.008987202309072018 0.0119059132412076 0.9999278783798218 -0.0016183180268853903 0.0045431265607476234 0.0012494265101850033 0.001603554468601942 0.9999978542327881 6.59263277053833
0.9999321699142456 -0.011537234298884869 -0.0015977321891114116 -0.017001403495669365 0.011534170247614384 0.9999317526817322 -0.001914573018439114 -0.001249479129910469 0.0016197118675336242 0.001896014902740717 0.9999969005584717 7.51602029800415
0.999932050704956 -0.01135401614010334 -0.0026579308323562145 -0.02684601955115795 0.011354015208780766 0.9999354481697083 -1.5811179764568806e-05 -0.0017068278975784779 0.002657939214259386 -1.4368095435202122e-05 0.9999964833259583 8.426920890808105
0.9999356269836426 -0.010951366275548935 -0.0030019585974514484 -0.03745676577091217 0.01095903106033802 0.9999366402626038 0.00254813046194613 0.0054913777858018875 0.002973863622173667 -0.0025808645877987146 0.9999922513961792 9.368733406066895
0.9999299645423889 -0.011180727742612362 -0.0038703319150954485 -0.04630663990974426 0.011197280138731003 0.9999281167984009 0.0042818160727620125 0.0056614987552165985 0.0038221797440201044 -0.004324853420257568 0.9999833703041077 10.291141510009766
0.9999125599861145 -0.01239720918238163 -0.004604893270879984 -0.04947787895798683 0.012420318089425564 0.9999102354049683 0.005024004727602005 0.007255472242832184 0.004542195703834295 -0.00508075999096036 0.9999766945838928 11.204933166503906
0.9999040365219116 -0.012705188244581223 -0.005534105934202671 -0.057201892137527466 0.012734825722873211 0.9999045729637146 0.0053534479811787605 0.006676431745290756 0.005465561058372259 -0.00542340986430645 0.9999703168869019 12.119558334350586
0.9998968243598938 -0.012939861044287682 -0.006229431368410587 -0.06266091763973236 0.01296326145529747 0.9999089241027832 0.0037308521568775177 0.013282541185617447 0.006180588621646166 -0.0038112220354378223 0.9999735951423645 13.01821517944336
0.9998860955238342 -0.013318061828613281 -0.0071057542227208614 -0.08422921597957611 0.013330136425793171 0.9999098181724548 0.0016549169085919857 0.018922820687294006 0.007083073258399963 -0.0017494489438831806 0.9999733567237854 13.92824935913086
0.9998505711555481 -0.01468783337622881 -0.00911700539290905 -0.08428123593330383 0.014688972383737564 0.9998920559883118 5.7966448366642e-05 0.02632821351289749 0.009115168824791908 -0.00019187736324965954 0.9999584555625916 14.830567359924316
0.9998344779014587 -0.014595194719731808 -0.010857626795768738 -0.09733923524618149 0.014591523446142673 0.9998934268951416 -0.0004171283508185297 0.021941833198070526 0.010862557217478752 0.00025863005430437624 0.9999409914016724 15.728282928466797
0.9998416304588318 -0.013183877803385258 -0.011952606029808521 -0.1231922134757042 0.013170493766665459 0.9999125599861145 -0.0011976766400039196 0.0218677818775177 0.011967349797487259 0.0010400653118267655 0.999927818775177 16.627819061279297
0.9998379349708557 -0.011485569179058075 -0.013856984674930573 -0.13710451126098633 0.011470625177025795 0.9999334812164307 -0.001157380291260779 0.02018197998404503 0.013869354501366615 0.0009982442716136575 0.9999032616615295 17.522912979125977
0.9998100399971008 -0.012369316071271896 -0.015058722347021103 -0.1575392782688141 0.01236631814390421 0.9999234676361084 -0.0002921106352005154 0.018431425094604492 0.015061182901263237 0.00010583420225884765 0.9998866319656372 18.420257568359375
0.9997901320457458 -0.011832386255264282 -0.016723034903407097 -0.17295938730239868 0.011852013878524303 0.9999291896820068 0.0010749576613307 0.01846175268292427 0.016709132120013237 -0.001272933674044907 0.9998595714569092 19.30254554748535
0.9997662901878357 -0.011391673237085342 -0.01837734691798687 -0.19113552570343018 0.01141594722867012 0.9999340772628784 0.001216431614011526 0.02493702620267868 0.018362276256084442 -0.0014259421732276678 0.9998303651809692 20.185531616210938
0.9997212290763855 -0.012782768346369267 -0.019851772114634514 -0.21230648458003998 0.012814606539905071 0.9999167919158936 0.0014774259179830551 0.021994110196828842 0.019831232726573944 -0.0017314065480604768 0.9998018145561218 21.064537048339844
0.9996806383132935 -0.012629018165171146 -0.02189023420214653 -0.2331332117319107 0.012642723508179188 0.9999199509620667 0.0004878705367445946 0.025808334350585938 0.021882323548197746 -0.0007644668803550303 0.9997603297233582 21.94090461730957
0.9996709227561951 -0.01250628661364317 -0.022395506501197815 -0.25630539655685425 0.012541494332253933 0.9999202489852905 0.0014322604984045029 0.019477324560284615 0.022375812754034996 -0.0017126627499237657 0.999748170375824 22.79867172241211
0.9996477365493774 -0.012354008853435516 -0.02349000982940197 -0.2789965867996216 0.01243431307375431 0.999917209148407 0.003275669179856777 0.0238533653318882 0.02344760298728943 -0.0035665978211909533 0.9997186660766602 23.656286239624023
0.9996134638786316 -0.013490323908627033 -0.02430965006351471 -0.2996603846549988 0.013643816113471985 0.9998878836631775 0.006159280426800251 0.02569238841533661 0.02422383986413479 -0.006488576997071505 0.999685525894165 24.50031852722168
0.9996076226234436 -0.012975324876606464 -0.024824941530823708 -0.32628482580184937 0.01316771935671568 0.9998843669891357 0.007602297235280275 0.026545390486717224 0.02472342923283577 -0.00792620051652193 0.9996629357337952 25.342687606811523
0.9995951056480408 -0.012406758964061737 -0.025607600808143616 -0.3531482517719269 0.012573291547596455 0.9999006986618042 0.006352489814162254 0.03117033839225769 0.025526246055960655 -0.006671887822449207 0.9996519088745117 26.174959182739258
0.9995951652526855 -0.010478860698640347 -0.026453854516148567 -0.3795589208602905 0.010582562536001205 0.9999368786811829 0.0037831165827810764 0.0332355871796608 0.026412542909383774 -0.004061534069478512 0.9996429085731506 26.98809814453125
0.9995798468589783 -0.010560219176113605 -0.026992304250597954 -0.4070354700088501 0.010624157264828682 0.9999410510063171 0.0022263892460614443 0.03304191678762436 0.02696719765663147 -0.002512224018573761 0.9996331334114075 27.781005859375
0.9995620846748352 -0.009722558781504631 -0.027945464476943016 -0.4349077641963959 0.009774571284651756 0.9999507069587708 0.0017252180259674788 0.03700889274477959 0.02792731299996376 -0.0019976175390183926 0.9996079802513123 28.5772762298584
0.9995348453521729 -0.009330550208687782 -0.02903170697391033 -0.464961439371109 0.009372669272124767 0.9999552965164185 0.0013150733429938555 0.036317069083452225 0.029018130153417587 -0.0015865662135183811 0.9995776414871216 29.360918045043945
0.9994636178016663 -0.009561891667544842 -0.03132234886288643 -0.48684456944465637 0.009587782435119152 0.9999538064002991 0.0006765105063095689 0.03219391033053398 0.031314436346292496 -0.0009764595306478441 0.9995090961456299 30.15526580810547
0.9993985891342163 -0.009901522658765316 -0.03323318064212799 -0.5171343684196472 0.009925780817866325 0.9999505877494812 0.0005650458624586463 0.032599762082099915 0.03322594612836838 -0.0008945713634602726 0.9994475245475769 30.921138763427734
0.9993493556976318 -0.009406116791069508 -0.034817226231098175 -0.5534955859184265 0.009462484158575535 0.9999541640281677 0.0014545123558491468 0.038444578647613525 0.03480195254087448 -0.0017830238211899996 0.9993926882743835 31.684059143066406
0.99925297498703 -0.009941834025084972 -0.03734583407640457 -0.5724334716796875 0.010089104995131493 0.9999420642852783 0.003756952239200473 0.03946438431739807 0.03730631247162819 -0.004130931571125984 0.9992952942848206 32.444820404052734
0.9991824626922607 -0.008894355967640877 -0.039436325430870056 -0.6062231659889221 0.009105253033339977 0.9999452233314514 0.005171420983970165 0.042202889919281006 0.03938816860318184 -0.005526271648705006 0.9992086291313171 33.18039321899414
0.9991360306739807 -0.007562018930912018 -0.04086713492870331 -0.6483922004699707 0.007788759656250477 0.9999551773071289 0.0053918929770588875 0.04294538497924805 0.0408245325088501 -0.005705538205802441 0.9991500377655029 33.9053955078125
0.9990636110305786 -0.004971880931407213 -0.04297730699181557 -0.6840817928314209 0.0051844483241438866 0.9999748468399048 0.004836000967770815 0.040649473667144775 0.04295219108462334 -0.005054286681115627 0.9990643262863159 34.63129806518555
0.99897700548172 -0.0033755970653146505 -0.045092977583408356 -0.7148560881614685 0.003559136064723134 0.9999856948852539 0.003990577533841133 0.04715345799922943 0.04507885128259659 -0.004146987572312355 0.9989748001098633 35.34267044067383
0.9989049434661865 -0.0029322532936930656 -0.04669325798749924 -0.7497342824935913 0.0031720520928502083 0.9999821782112122 0.005062354262918234 0.05206647515296936 0.04667758196592331 -0.0052049243822693825 0.9988964796066284 36.044376373291016
0.9988710284233093 -0.0016589672304689884 -0.04747498407959938 -0.7918331623077393 0.001992262667044997 0.9999736547470093 0.006973981391638517 0.05251091718673706 0.04746217280626297 -0.007060690317302942 0.9988480806350708 36.737144470214844
0.9988570809364319 0.0009968781378120184 -0.04778490215539932 -0.8277894258499146 -0.0006389236077666283 0.9999716281890869 0.007505639456212521 0.05610145628452301 0.047791026532649994 -0.007466530427336693 0.9988294839859009 37.41514587402344
0.9989229440689087 0.004446583800017834 -0.04618614539504051 -0.8702329993247986 -0.004206802695989609 0.9999772906303406 0.005287540145218372 0.05806027352809906 0.04620860517024994 -0.005087549798190594 0.9989188313484192 38.08304977416992
0.9989864826202393 0.005871754139661789 -0.044629164040088654 -0.9042960405349731 -0.005760991480201483 0.9999799728393555 0.00261006411164999 0.051833245903253555 0.044643599539995193 -0.0023503100965172052 0.9990001916885376 38.73046112060547
0.9990672469139099 0.006100408732891083 -0.042747706174850464 -0.9304499626159668 -0.0060811531729996204 0.9999813437461853 0.0005804605316370726 0.059560537338256836 0.04275044798851013 -0.00031996332108974457 0.9990857839584351 39.378074645996094
0.9991967678070068 0.007162383757531643 -0.03942865878343582 -0.9631085991859436 -0.007108324207365513 0.9999735951423645 0.0015111095272004604 0.06102527305483818 0.03943844139575958 -0.0012296239146962762 0.99922114610672 40.01498031616211
0.999260663986206 0.012118317186832428 -0.03648756444454193 -0.9921361207962036 -0.01197103876620531 0.9999192357063293 0.004252167418599129 0.06216730922460556 0.03653614595532417 -0.003812229260802269 0.9993250966072083 40.65135955810547
0.999327540397644 0.016477905213832855 -0.032754506915807724 -1.013818383216858 -0.016244350001215935 0.9998407363891602 0.00738375261425972 0.06772041320800781 0.03287096321582794 -0.006846711505204439 0.9994361400604248 41.29132843017578
0.9993625283241272 0.02142566815018654 -0.028556909412145615 -1.0370635986328125 -0.021196888759732246 0.9997408986091614 0.008290277794003487 0.07224082946777344 0.028727136552333832 -0.007679674308747053 0.9995577335357666 41.898502349853516
0.9994176030158997 0.025088874623179436 -0.023129422217607498 -1.0580224990844727 -0.02489636093378067 0.9996532797813416 0.008574206382036209 0.07780560851097107 0.023336514830589294 -0.007993374019861221 0.9996956586837769 42.48109817504883
0.9994333386421204 0.029030796140432358 -0.017037957906723022 -1.0821034908294678 -0.028853651136159897 0.9995279908180237 0.01055233832448721 0.08573970198631287 0.017336253076791763 -0.010054750367999077 0.9997991323471069 43.05510330200195
0.9993720650672913 0.03376993536949158 -0.010729591362178326 -1.0867037773132324 -0.033642932772636414 0.9993641972541809 0.011804664507508278 0.08175203204154968 0.011121413670480251 -0.011436276137828827 0.9998727440834045 43.60680389404297
0.9992985129356384 0.037268996238708496 -0.0036755981855094433 -1.0931390523910522 -0.03722459450364113 0.9992409348487854 0.011486504226922989 0.08472344279289246 0.00410089734941721 -0.011341623961925507 0.999927282333374 44.14023208618164
0.9991719722747803 0.04054346680641174 0.0034105265513062477 -1.0921630859375 -0.04058064892888069 0.9991082549095154 0.01164953876286745 0.08528667688369751 -0.0029351748526096344 -0.011778293177485466 0.9999262690544128 44.6485595703125
0.9989527463912964 0.04447474703192711 0.01074286736547947 -1.0885632038116455 -0.04459194466471672 0.9989454746246338 0.010928048752248287 0.09207817912101746 -0.010245520621538162 -0.011395649053156376 0.9998825192451477 45.146759033203125
0.9986416697502136 0.04862532019615173 0.018723193556070328 -1.0893068313598633 -0.048785191029310226 0.9987757802009583 0.008178776130080223 0.09572708606719971 -0.01830257475376129 -0.009081080555915833 0.9997912645339966 45.61491775512695
0.9983461499214172 0.05093364790081978 0.02665666863322258 -1.0786699056625366 -0.05109402909874916 0.9986793994903564 0.005370084196329117 0.09286858141422272 -0.026347950100898743 -0.006723199971020222 0.9996302127838135 46.07167053222656
0.9980872869491577 0.05132617801427841 0.03445708379149437 -1.0622334480285645 -0.05152568966150284 0.9986594915390015 0.00492677791044116 0.0972370058298111 -0.034158024936914444 -0.006692779716104269 0.9993940591812134 46.50074768066406
0.9978175163269043 0.0505557544529438 0.04247670620679855 -1.038978099822998 -0.05087294057011604 0.9986844658851624 0.006419138517230749 0.09712840616703033 -0.04209630936384201 -0.008566044270992279 0.999076783657074 46.89571762084961
0.9973558783531189 0.05239512026309967 0.050359949469566345 -1.0169296264648438 -0.052818745374679565 0.998578667640686 0.007117340806871653 0.09972769021987915 -0.049915462732315063 -0.009758470579981804 0.9987057447433472 47.2835693359375
0.9966934323310852 0.0555158406496048 0.05933128297328949 -1.0050654411315918 -0.05605115368962288 0.9984004497528076 0.00739527540281415 0.09730583429336548 -0.05882583186030388 -0.01069640927016735 0.9982109069824219 47.64152145385742
0.9958796501159668 0.06036439538002014 0.06767440587282181 -0.9742076396942139 -0.06095675006508827 0.9981177449226379 0.006720691453665495 0.09982004761695862 -0.0671413242816925 -0.010818210430443287 0.9976848363876343 47.96538162231445
0.9949737787246704 0.06419675797224045 0.07684949040412903 -0.955322265625 -0.06491192430257797 0.9978675246238708 0.006842302158474922 0.0977025032043457 -0.07624636590480804 -0.011796360835433006 0.9970192313194275 48.26904296875
0.9942429661750793 0.06346597522497177 0.08633139729499817 -0.9287319183349609 -0.06434891372919083 0.9978994131088257 0.007480349391698837 0.09665694832801819 -0.08567530661821365 -0.012992613948881626 0.9962384104728699 48.55461120605469
0.9933534860610962 0.06227445974946022 0.0968022495508194 -0.8866939544677734 -0.06310764700174332 0.9979912042617798 0.005566452629864216 0.09693711996078491 -0.09626114368438721 -0.011638416908681393 0.9952880144119263 48.83000183105469
0.9922224283218384 0.06073104962706566 0.10865707695484161 -0.8536195755004883 -0.0612311027944088 0.9981228113174438 0.001268487423658371 0.09188391268253326 -0.10837607085704803 -0.007911812514066696 0.9940784573554993 49.08729934692383
0.9906253814697266 0.0617598220705986 0.12184861302375793 -0.8113446235656738 -0.06185947731137276 0.9980804324150085 -0.002968540182337165 0.09471778571605682 -0.12179804593324661 -0.0045967791229486465 0.9925441741943359 49.3541145324707
0.9884892702102661 0.06328967958688736 0.13741664588451385 -0.7731461524963379 -0.06318746507167816 0.9979885816574097 -0.005110329948365688 0.09185019135475159 -0.13746365904808044 -0.0036315026227384806 0.9905001521110535 49.621002197265625
0.9860111474990845 0.06507725268602371 0.15344980359077454 -0.7205328941345215 -0.06485674530267715 0.9978739023208618 -0.006447614636272192 0.08931317925453186 -0.1535431146621704 -0.0035948362201452255 0.9881353974342346 49.865787506103516
0.9831802248954773 0.06571615487337112 0.1704055219888687 -0.6668844223022461 -0.06537409871816635 0.9978317618370056 -0.007623800542205572 0.08854249119758606 -0.1705370396375656 -0.0036445411387830973 0.9853445291519165 50.12480163574219
0.9799251556396484 0.06461433321237564 0.18860413134098053 -0.607844352722168 -0.06404789537191391 0.9979053735733032 -0.009102869778871536 0.09139475226402283 -0.1887972503900528 -0.0031595684122294188 0.9820109605789185 50.38557815551758
0.9760342240333557 0.06400522589683533 0.2079915553331375 -0.5408258438110352 -0.06346898525953293 0.9979409575462341 -0.009257685393095016 0.08544591069221497 -0.20815585553646088 -0.004165197256952524 0.9780867695808411 50.62818145751953
0.9715709090232849 0.06394003331661224 0.2279510200023651 -0.46482086181640625 -0.06325818598270416 0.9979440569877625 -0.010303770191967487 0.0796123743057251 -0.2281411588191986 -0.004408923909068108 0.9736180901527405 50.861183166503906
0.9662795066833496 0.06621017307043076 0.24883754551410675 -0.3875761032104492 -0.06509678065776825 0.9977980256080627 -0.012709825299680233 0.07927161455154419 -0.24913114309310913 -0.003917283844202757 0.9684618711471558 51.09505081176758
0.9600062370300293 0.06754140555858612 0.2717095613479614 -0.30625152587890625 -0.06601069122552872 0.9977094531059265 -0.014780538156628609 0.07368028163909912 -0.2720855176448822 -0.0037463291082531214 0.9622657299041748 51.34016036987305
0.9527291655540466 0.06891947984695435 0.29590073227882385 -0.20910167694091797 -0.06722042709589005 0.9976110458374023 -0.015924185514450073 0.06538617610931396 -0.29629138112068176 -0.004719139542430639 0.9550858736038208 51.57842254638672
0.944212019443512 0.07167745381593704 0.3214437961578369 -0.1109323501586914 -0.07000124454498291 0.9974056482315063 -0.016785183921456337 0.05826616287231445 -0.3218129575252533 -0.006652694195508957 0.9467798471450806 51.815147399902344
0.9343078136444092 0.07384587079286575 0.3487343490123749 -0.000690460205078125 -0.07212894409894943 0.9972342252731323 -0.017924830317497253 0.05088663101196289 -0.34909355640411377 -0.008406528271734715 0.9370502233505249 52.05426025390625
0.9230967164039612 0.0745818167924881 0.3772662878036499 0.11937522888183594 -0.07263427972793579 0.9971697926521301 -0.01940874755382538 0.044911086559295654 -0.3776460289955139 -0.009486312977969646 0.925901472568512 52.293331146240234
0.9105521440505981 0.07240350544452667 0.4070042371749878 0.26104164123535156 -0.06968150287866592 0.9973369240760803 -0.021528152748942375 0.0350041389465332 -0.40747904777526855 -0.008758161216974258 0.9131725430488586 52.528194427490234
0.8955526947975159 0.07008079439401627 0.4394018054008484 0.40419960021972656 -0.06614352762699127 0.997514545917511 -0.024286657571792603 0.027790427207946777 -0.44001173973083496 -0.00731359887868166 0.897962212562561 52.75594711303711
0.8782643675804138 0.06935389339923859 0.4731190800666809 0.5610160827636719 -0.06346600502729416 0.9975792765617371 -0.028420064598321915 0.016033291816711426 -0.47394484281539917 -0.005066646263003349 0.8805399537086487 52.97399139404297
0.8587978482246399 0.07116657495498657 0.5073476433753967 0.7226943969726562 -0.06271503120660782 0.9974603652954102 -0.03375653922557831 0.012185096740722656 -0.5084615349769592 -0.002828286262229085 0.8610800504684448 53.193763732910156
0.8370535969734192 0.07301397621631622 0.5422273278236389 0.910491943359375 -0.06218389421701431 0.9973294734954834 -0.03830081224441528 0.002871990203857422 -0.5435758233070374 -0.0016579745570197701 0.8393585085868835 53.420162200927734
0.8124158978462219 0.07578931003808975 0.5781318545341492 1.1046905517578125 -0.06311823427677155 0.9971210956573486 -0.04201958328485489 -0.007031083106994629 -0.5796520709991455 -0.002353277988731861 0.8148607611656189 53.646759033203125
0.7848971486091614 0.07985150068998337 0.6144593358039856 1.3156814575195312 -0.06614886224269867 0.9967926740646362 -0.045040152966976166 -0.01805257797241211 -0.6160850524902344 -0.00529389176517725 0.7876618504524231 53.878421783447266
0.7549129128456116 0.08430776000022888 0.650383472442627 1.539621353149414 -0.06989497691392899 0.9963972568511963 -0.048032283782958984 -0.033064842224121094 -0.6520898342132568 -0.009198340587317944 0.7580859661102295 54.10683822631836
0.7218492031097412 0.0852007269859314 0.6867856979370117 1.7987537384033203 -0.06938865780830383 0.9963022470474243 -0.050667211413383484 -0.05212140083312988 -0.6885629296302795 -0.01108105294406414 0.7250919342041016 54.341209411621094
0.685155987739563 0.08279572427272797 0.7236753702163696 2.076498031616211 -0.06582485139369965 0.996491551399231 -0.051687464118003845 -0.07115697860717773 -0.7254158854484558 -0.012221843004226685 0.6882022619247437 54.566375732421875
0.646066427230835 0.08126915246248245 0.7589423656463623 2.3724937438964844 -0.06289462745189667 0.9966024160385132 -0.053177881985902786 -0.09449136257171631 -0.7606855034828186 -0.013376948423683643 0.6489827036857605 54.77362823486328
0.6034000515937805 0.08052340894937515 0.7933627367019653 2.704233169555664 -0.06073347106575966 0.9966395497322083 -0.05496382713317871 -0.11739778518676758 -0.7951225638389587 -0.01501850038766861 0.606262743473053 54.9934196472168
0.5571652054786682 0.08049498498439789 0.826491117477417 3.068950653076172 -0.05728764086961746 0.9966453313827515 -0.05844743549823761 -0.13569676876068115 -0.828423261642456 -0.014782851561903954 0.5599074959754944 55.205257415771484
0.5084627270698547 0.07912679016590118 0.8574407696723938 3.436433792114258 -0.053871121257543564 0.996741533279419 -0.06003621593117714 -0.16189086437225342 -0.8593971729278564 -0.01566511206328869 0.51106858253479 55.39595031738281
0.4599601924419403 0.0779617503285408 0.884510338306427 3.8687610626220703 -0.052555933594703674 0.9967819452285767 -0.06052751466631889 -0.17739081382751465 -0.8863828182220459 -0.018646005541086197 0.4625774323940277 55.58578109741211
0.4108777344226837 0.07551850378513336 0.9085573554039001 4.306333541870117 -0.05145067349076271 0.9968959093093872 -0.05959353968501091 -0.19995880126953125 -0.9102375507354736 -0.02226022258400917 0.41348788142204285 55.74663162231445
0.3600824177265167 0.07526504993438721 0.9298794269561768 4.759269714355469 -0.05463259667158127 0.9967308640480042 -0.059520356357097626 -0.22236359119415283 -0.9313194751739502 -0.029369501397013664 0.3630172610282898 55.91038131713867
0.3109578490257263 0.07616332918405533 0.9473670721054077 5.231660842895508 -0.053109604865312576 0.9966188669204712 -0.06269054859876633 -0.24171984195709229 -0.9489387273788452 -0.030820176005363464 0.3139514923095703 56.03973388671875
0.2632753849029541 0.07242446392774582 0.961998462677002 5.708976745605469 -0.04234921187162399 0.997084379196167 -0.06347598880529404 -0.2823735475540161 -0.963790774345398 -0.024028202518820763 0.26557493209838867 56.13350296020508
0.21920928359031677 0.06680144369602203 0.9733883142471313 6.221036911010742 -0.02866993099451065 0.9976636171340942 -0.06201085448265076 -0.30459409952163696 -0.9752565622329712 -0.01431361585855484 0.2206123322248459 56.207420349121094
0.17712298035621643 0.06577960401773453 0.9819881319999695 6.743335723876953 -0.019389037042856216 0.9978035688400269 -0.06334178894758224 -0.33338767290115356 -0.9839978218078613 -0.007820517756044865 0.17800931632518768 56.26675033569336
0.13847267627716064 0.06719967722892761 0.9880837202072144 7.283143520355225 -0.016364723443984985 0.9977142810821533 -0.06556125730276108 -0.36005640029907227 -0.9902310967445374 -0.007091265171766281 0.13925588130950928 56.32361602783203
0.10611189901828766 0.06810106337070465 0.9920194149017334 7.792089462280273 -0.00752820773050189 0.9976783990859985 -0.06768428534269333 -0.39253002405166626 -0.9943256974220276 -0.00028602094971574843 0.1063782274723053 56.34003829956055
0.07700805366039276 0.06631994247436523 0.9948222637176514 8.354393005371094 -0.0002824899274855852 0.9977867603302002 -0.06649570912122726 -0.430029034614563 -0.9970304369926453 0.004839676897972822 0.076856330037117 56.36336135864258
0.051998961716890335 0.0645281970500946 0.9965602159500122 8.922035217285156 0.006276055704802275 0.9978694319725037 -0.064940445125103 -0.4663749933242798 -0.9986273050308228 0.009631303139030933 0.051483191549777985 56.375328063964844
0.032175175845623016 0.06367611885070801 0.9974518418312073 9.499277114868164 0.011596335098147392 0.9978776574134827 -0.06407736241817474 -0.49035829305648804 -0.9994149208068848 0.013628484681248665 0.031368471682071686 56.3751220703125
0.016253266483545303 0.06579065322875977 0.9977010488510132 10.075295448303223 0.014361150562763214 0.9977145791053772 -0.06602548807859421 -0.5147789716720581 -0.9997647404670715 0.0154012655839324 0.015271291136741638 56.37084197998047
0.0026661502197384834 0.06542502343654633 0.9978539347648621 10.672857284545898 0.014756187796592712 0.9977462291717529 -0.06545740365982056 -0.5515566468238831 -0.9998874664306641 0.014899042434990406 0.0016947174444794655 56.36983108520508
-0.008904833346605301 0.06633001565933228 0.9977579712867737 11.286136627197266 0.015715371817350388 0.997683584690094 -0.06618481874465942 -0.5872933864593506 -0.999836802482605 0.01509077101945877 -0.00992660503834486 56.36264419555664
-0.017651908099651337 0.06904791295528412 0.9974571466445923 11.909708023071289 0.02059488743543625 0.9974260330200195 -0.06868129223585129 -0.62680584192276 -0.9996320009231567 0.019330162554979324 -0.01902850717306137 56.33732986450195
-0.02421952411532402 0.07113859057426453 0.9971722960472107 12.537060737609863 0.024610983207821846 0.9972050786018372 -0.07054314762353897 -0.6578759551048279 -0.9994036555290222 0.02283286675810814 -0.02590261958539486 56.30805969238281
-0.028651736676692963 0.07050847262144089 0.9970995783805847 13.177644729614258 0.025211529806256294 0.99724280834198 -0.06979413330554962 -0.6918134689331055 -0.9992713928222656 0.023138683289289474 -0.03035036288201809 56.28665542602539
-0.03243734687566757 0.06782805919647217 0.997169554233551 13.828214645385742 0.022786837071180344 0.9974853992462158 -0.06710830330848694 -0.726656973361969 -0.9992139935493469 0.02054552547633648 -0.03390137106180191 56.270565032958984
-0.035102810710668564 0.06096215546131134 0.9975226521492004 14.529553413391113 0.020965849980711937 0.997963011264801 -0.06025127321481705 -0.7676672339439392 -0.9991637468338013 0.018798919394612312 -0.03630943223834038 56.256710052490234
-0.03623560443520546 0.055405907332897186 0.9978062510490417 15.218212127685547 0.022225867956876755 0.9982596039772034 -0.05462394282221794 -0.8021859526634216 -0.9990960955619812 0.020197777077555656 -0.03740399330854416 56.22989273071289
-0.036822784692049026 0.05270667001605034 0.9979310631752014 15.89953899383545 0.024661028757691383 0.9983518719673157 -0.05181893706321716 -0.8371461033821106 -0.9990174174308777 0.022701885551214218 -0.03806190565228462 56.202735900878906
-0.03655296191573143 0.054861921817064285 0.9978247284889221 16.606456756591797 0.027988657355308533 0.9981564879417419 -0.053854864090681076 -0.8783362507820129 -0.9989396929740906 0.025959216058254242 -0.03802108392119408 56.1746940612793
-0.035500913858413696 0.06237590312957764 0.997421145439148 17.31376838684082 0.02911369688808918 0.9976911544799805 -0.0613565631210804 -0.9066404700279236 -0.998945415019989 0.026860402897000313 -0.037234947085380554 56.138614654541016
-0.03341623395681381 0.07056406140327454 0.9969473481178284 18.025197982788086 0.029802953824400902 0.9971312284469604 -0.06957811862230301 -0.9400031566619873 -0.9989970326423645 0.027386939153075218 -0.03542338311672211 56.118900299072266
-0.030639681965112686 0.07106497883796692 0.9970009922981262 18.761953353881836 0.030790001153945923 0.9970631003379822 -0.07012316584587097 -0.97640061378479 -0.9990560412406921 0.028549112379550934 -0.032737791538238525 56.087547302246094
-0.028727848082780838 0.06701085716485977 0.9973385334014893 19.508338928222656 0.029934167861938477 0.9973605275154114 -0.06615009903907776 -1.0164332389831543 -0.9991388916969299 0.02795414999127388 -0.03065793216228485 56.072017669677734
-0.026628486812114716 0.060583360493183136 0.9978078603744507 20.253337860107422 0.02940855547785759 0.9977772831916809 -0.05979667603969574 -1.0606651306152344 -0.9992126822471619 0.027751795947551727 -0.028350966051220894 56.054386138916016
-0.02374850958585739 0.0588514618575573 0.9979842901229858 20.988346099853516 0.027759863063693047 0.9979196786880493 -0.05818707123398781 -1.1044665575027466 -0.9993324279785156 0.026322050020098686 -0.02533281408250332 56.04267120361328
-0.020262889564037323 0.06429944932460785 0.9977248907089233 21.718788146972656 0.03504529222846031 0.9973622560501099 -0.06356434524059296 -1.1475797891616821 -0.999180257320404 0.033677566796541214 -0.022462831810116768 56.018898010253906
-0.017057664692401886 0.06987397372722626 0.9974099397659302 22.45037078857422 0.03698444738984108 0.9969165921211243 -0.06920689344406128 -1.188010334968567 -0.9991703033447266 0.03570815175771713 -0.019589316099882126 56.0076789855957
-0.014901271089911461 0.07039930671453476 0.9974075555801392 23.204715728759766 0.030674371868371964 0.9970810413360596 -0.0699179619550705 -1.234988808631897 -0.9994183778762817 0.029552988708019257 -0.01701722852885723 56.00871276855469
-0.011791077442467213 0.06696432828903198 0.9976856112480164 23.948623657226562 0.026241084560751915 0.9974322319030762 -0.06663716584444046 -1.2776042222976685 -0.9995861649513245 0.025394633412361145 -0.013518014922738075 56.012760162353516
-0.006632189266383648 0.06354892253875732 0.9979567527770996 24.692340850830078 0.030334852635860443 0.9975321888923645 -0.06332027912139893 -1.3250986337661743 -0.9995178580284119 0.029852917417883873 -0.008543568663299084 56.00065994262695
-0.0028951503336429596 0.06425154954195023 0.9979295134544373 25.432296752929688 0.03525128588080406 0.9973201155662537 -0.06411004066467285 -1.3748912811279297 -0.9993743300437927 0.03499269112944603 -0.005152340047061443 55.9870491027832
-0.0005860738456249237 0.06873934715986252 0.9976344704627991 26.169126510620117 0.03472862392663956 0.9970342516899109 -0.06867758929729462 -1.4280338287353516 -0.9993966221809387 0.034606218338012695 -0.0029715579003095627 55.99455261230469
0.00337959174066782 0.06943120062351227 0.9975809454917908 26.91252899169922 0.031040500849485397 0.9970986843109131 -0.0695028007030487 -1.4727975130081177 -0.9995124340057373 0.031200310215353966 0.0012146071530878544 56.00632095336914
0.007328866980969906 0.0688343420624733 0.9976012110710144 27.651473999023438 0.030357230454683304 0.9971528053283691 -0.06902642548084259 -1.518232822418213 -0.999512255191803 0.0307902954518795 0.005218381527811289 56.008304595947266
0.010895445942878723 0.06574541330337524 0.9977769255638123 28.401121139526367 0.03415916487574577 0.9972293376922607 -0.06608231365680695 -1.5654830932617188 -0.9993570446968079 0.034803226590156555 0.008619450032711029 56.01401901245117
0.014511233195662498 0.0663156509399414 0.9976931810379028 29.159143447875977 0.038898177444934845 0.9970053434371948 -0.0668356865644455 -1.6190742254257202 -0.999137818813324 0.03977831080555916 0.011888219974935055 56.0161018371582
0.01831641234457493 0.0673789456486702 0.9975593090057373 29.910341262817383 0.041752688586711884 0.9968047142028809 -0.06809461116790771 -1.6639347076416016 -0.9989600777626038 0.0428980328142643 0.01544463075697422 56.027923583984375
0.020872600376605988 0.0672735720872879 0.9975162744522095 30.656002044677734 0.042113084346055984 0.9967889189720154 -0.06810571998357773 -1.7085602283477783 -0.9988948106765747 0.04343002662062645 0.01797247678041458 56.04375457763672
0.024001384153962135 0.0660245344042778 0.9975293278694153 31.410608291625977 0.0435003936290741 0.9968026876449585 -0.06702310591936111 -1.7536168098449707 -0.9987651109695435 0.0450015589594841 0.02105255052447319 56.073486328125
0.0278654545545578 0.0649387538433075 0.9975001215934753 32.16571807861328 0.04529319703578949 0.9967805743217468 -0.06615720689296722 -1.8070733547210693 -0.998585045337677 0.0470234677195549 0.024834465235471725 56.086673736572266
0.030287958681583405 0.0649508535861969 0.9974286556243896 32.90692901611328 0.04379381984472275 0.9968420267105103 -0.06624248623847961 -1.8531200885772705 -0.9985813498497009 0.045687559992074966 0.027347862720489502 56.11327362060547
0.033780358731746674 0.0667271763086319 0.9971992373466492 33.663963317871094 0.0407397635281086 0.9968474507331848 -0.06808371096849442 -1.897672176361084 -0.9985985159873962 0.042925551533699036 0.030955415219068527 56.14015579223633
0.036832548677921295 0.06707349419593811 0.9970679879188538 34.41680908203125 0.04256364330649376 0.9967342019081116 -0.0686233714222908 -1.9388689994812012 -0.9984145164489746 0.04496641084551811 0.03385736420750618 56.16228485107422
0.03912609815597534 0.06646672636270523 0.9970212578773499 35.17658615112305 0.04020434245467186 0.99687260389328 -0.06803455203771591 -1.992034673690796 -0.9984250664710999 0.042746495455503464 0.036331482231616974 56.21007537841797
0.041058141738176346 0.06671027094125748 0.9969273209571838 35.9251594543457 0.03859344869852066 0.9969181418418884 -0.06829910725355148 -2.0389106273651123 -0.9984111189842224 0.04127908870577812 0.038357026875019073 56.249595642089844
0.04402380436658859 0.06694662570953369 0.9967848658561707 36.691566467285156 0.036181531846523285 0.9969907402992249 -0.0685584545135498 -2.0839226245880127 -0.9983750581741333 0.03908340260386467 0.04146909713745117 56.29413604736328
0.047151707112789154 0.06860249489545822 0.9965291619300842 37.45625305175781 0.03450896590948105 0.9969313740730286 -0.07026301324367523 -2.1393284797668457 -0.9982914924621582 0.03770221024751663 0.04463960975408554 56.3262825012207
0.05049633979797363 0.07241882383823395 0.9960951805114746 38.2188835144043 0.03338262811303139 0.9966878294944763 -0.07415422797203064 -2.1851890087127686 -0.9981662034988403 0.03699679672718048 0.04791155457496643 56.36872482299805
0.053861312568187714 0.07406474649906158 0.9957978129386902 38.980125427246094 0.03395691141486168 0.9965328574180603 -0.0759560838341713 -2.2432618141174316 -0.9979709386825562 0.037905316799879074 0.051159560680389404 56.416603088378906
0.05659010261297226 0.07612884789705276 0.9954907298088074 39.74556350708008 0.027720708400011063 0.996584415435791 -0.07778830826282501 -2.2974648475646973 -0.9980126023292542 0.03199775889515877 0.054286468774080276 56.473262786865234
0.0592067614197731 0.07556211948394775 0.995381772518158 40.528099060058594 0.02419438585639 0.9967294335365295 -0.07710354030132294 -2.3453893661499023 -0.9979525804519653 0.02864770032465458 0.05718494951725006 56.529083251953125
0.06304596364498138 0.07604401558637619 0.9951092600822449 41.310546875 0.026177600026130676 0.9966238141059875 -0.07781826704740524 -2.4031026363372803 -0.9976672530174255 0.03095570020377636 0.060842450708150864 56.576873779296875
0.06692562252283096 0.07719589024782181 0.9947672486305237 42.088050842285156 0.02575192227959633 0.9965366721153259 -0.07906574755907059 -2.458510398864746 -0.9974254965782166 0.03090868890285492 0.06470590084791183 56.6287956237793
0.07121562957763672 0.07837282121181488 0.9943771958351135 42.878089904785156 0.022140851244330406 0.996538519859314 -0.08012887090444565 -2.509235143661499 -0.9972151517868042 0.027722785249352455 0.06923388689756393 56.687713623046875
0.07479437440633774 0.07596947997808456 0.9943010210990906 43.67781066894531 0.021034415811300278 0.9967519044876099 -0.07773902267217636 -2.5706734657287598 -0.9969771504402161 0.026728978380560875 0.07295346260070801 56.76346969604492
0.07977721095085144 0.07608135789632797 0.9939051270484924 44.483604431152344 0.020649151876568794 0.9967429041862488 -0.07795603573322296 -2.636720657348633 -0.9965988397598267 0.02674240805208683 0.07794636487960815 56.82518005371094
0.08522812277078629 0.07964339107275009 0.9931732416152954 45.27797317504883 0.017445942386984825 0.9965280890464783 -0.0814095139503479 -2.6941070556640625 -0.9962087869644165 0.024265220388770103 0.08354276418685913 56.89725112915039
0.09046529233455658 0.08793707191944122 0.9920095205307007 46.07065200805664 0.015248958952724934 0.9958547949790955 -0.08966855704784393 -2.7603390216827393 -0.9957828521728516 0.023239005357027054 0.08874936401844025 56.99507141113281
0.097992442548275 0.09307222813367844 0.990825355052948 46.85725402832031 0.014156916178762913 0.9953859448432922 -0.09490074962377548 -2.818291425704956 -0.9950864911079407 0.02332659251987934 0.09622270613908768 57.0762939453125
0.10519468784332275 0.09546221792697906 0.9898591041564941 47.64937210083008 0.008999944664537907 0.9952495694160461 -0.09693852066993713 -2.895967483520508 -0.9944109320640564 0.019106095656752586 0.1038358211517334 57.168582916259766
0.11240734159946442 0.09452413022518158 0.9891560673713684 48.45992660522461 0.005886314902454615 0.9953842759132385 -0.09578824788331985 -2.9535882472991943 -0.9936447739601135 0.016589783132076263 0.11133211106061935 57.26396942138672
0.11950673162937164 0.09294167906045914 0.9884735941886902 49.268524169921875 0.005827535875141621 0.9955257773399353 -0.09430935233831406 -3.0231399536132812 -0.9928163290023804 0.01703096181154251 0.11843042820692062 57.37542724609375
0.12756578624248505 0.08941562473773956 0.9877912998199463 50.098426818847656 0.005478672683238983 0.9958493113517761 -0.09085255861282349 -3.093959331512451 -0.9918149709701538 0.01700146310031414 0.12654642760753632 57.479454040527344
0.13463735580444336 0.0841478556394577 0.9873155355453491 50.90230178833008 0.003058465663343668 0.9963476657867432 -0.08533472567796707 -3.1613473892211914 -0.9908901453018188 0.014508914202451706 0.13388827443122864 57.60361862182617
0.14231811463832855 0.07693330943584442 0.9868265986442566 51.71051025390625 0.0009147224482148886 0.9969642758369446 -0.07785557955503464 -3.2183799743652344 -0.9898205399513245 0.011982928961515427 0.1418156921863556 57.720977783203125
0.14913655817508698 0.07404664903879166 0.9860401749610901 52.53532409667969 0.0003851779329124838 0.9971877336502075 -0.07494203746318817 -3.292935848236084 -0.988816499710083 0.011556400917470455 0.1486886441707611 57.86159896850586
0.15637756884098053 0.07558289170265198 0.984801173210144 53.335201263427734 0.0002378277713432908 0.9970647096633911 -0.07656189054250717 -3.3564789295196533 -0.9876973628997803 0.012206774204969406 0.15590062737464905 57.9954719543457
