1.0 0.0 0.0 0.0 0.0 1.0 0.0 0.0 0.0 0.0 1.0 0.0
0.9999986290931702 0.0008136205142363906 0.0014579463750123978 -0.00629653874784708 -0.0008069496834650636 0.9999892115592957 -0.004570255056023598 -0.0021782168187201023 -0.0014616490807384253 0.004569072276353836 0.9999884963035583 0.9640225172042847
0.9999966621398926 -0.0014571392675861716 0.002146091079339385 -0.0026310477405786514 0.0014686124632135034 0.9999845623970032 -0.005354274529963732 -0.000893916585482657 -0.0021382560953497887 0.0053574079647660255 0.9999833703041077 1.9185364246368408
0.9999933838844299 -0.002504922915250063 0.002638384001329541 -0.009390406310558319 0.0025083364453166723 0.9999960064888 -0.001291303662583232 -0.004284068010747433 -0.002635139273479581 0.0012979130260646343 0.9999957084655762 2.8516929149627686
0.9999852180480957 -0.0050164032727479935 0.002068671863526106 -0.007229268085211515 0.005006202030926943 0.9999754428863525 0.004906941205263138 -0.008042951114475727 -0.00209323619492352 -0.004896513186395168 0.9999857544898987 3.800286054611206
0.9999632835388184 -0.00856120977550745 0.0003484184271655977 -0.001803215709514916 0.008559399284422398 0.9999513626098633 0.004900696687400341 -0.0048752836883068085 -0.0003903573960997164 -0.004897534381598234 0.9999879002571106 4.74033784866333
0.9999373555183411 -0.011187417432665825 -0.00017835914331953973 -0.006285671144723892 0.01118775736540556 0.9999353289604187 0.002032683463767171 -0.0016937123145908117 0.00015560720930807292 -0.0020345516968518496 0.9999979138374329 5.666585445404053
0.9999288320541382 -0.011875802651047707 -0.0011560710845515132 -0.009406881406903267 0.01187405176460743 0.9999282956123352 -0.0015107383951544762 0.003748495364561677 0.0011739296605810523 0.001496903714723885 0.9999982118606567 6.592648506164551
0.999934732913971 -0.011318915523588657 -0.0015247345436364412 -0.018337104469537735 0.011316194199025631 0.9999343156814575 -0.0017821096116676927 -0.0034976275637745857 0.0015448059421032667 0.0017647392814978957 0.9999972581863403 7.517490863800049
0.9999322891235352 -0.011348342522978783 -0.0025731322821229696 -0.028140408918261528 0.011348791420459747 0.999935507774353 0.0001598754315637052 -0.002936844015493989 0.0025711525231599808 -0.0001890669809654355 0.9999967217445374 8.430500030517578
0.9999389052391052 -0.01064809039235115 -0.0029371771961450577 -0.03813385218381882 0.010655682533979416 0.9999399185180664 0.002581588923931122 0.00418687192723155 0.002909511560574174 -0.0026127290911972523 0.9999923706054688 9.371017456054688
0.9999315738677979 -0.011017192155122757 -0.003921028692275286 -0.04653574526309967 0.011033912189304829 0.9999300241470337 0.004268067888915539 0.005298883654177189 0.003873731940984726 -0.004311040509492159 0.9999831914901733 10.292424201965332
0.9999167323112488 -0.012093840166926384 -0.0045057060196995735 -0.05073278024792671 0.012116631492972374 0.9999136924743652 0.00506535405293107 0.006737289018929005 0.004444057121872902 -0.0051195258274674416 0.9999769926071167 11.207744598388672
0.999906599521637 -0.012478752993047237 -0.0055770897306501865 -0.05558118596673012 0.01250767707824707 0.9999083280563354 0.005181261338293552 0.008027126081287861 0.005511922761797905 -0.005250533111393452 0.9999709725379944 12.121288299560547
0.9999023675918579 -0.012681924737989902 -0.005862785503268242 -0.07110375165939331 0.012703638523817062 0.9999125003814697 0.0036812436301261187 0.012330419383943081 0.005815587472170591 -0.0037553629372268915 0.9999760389328003 13.021525382995605
0.9998918175697327 -0.012866808101534843 -0.0071265515871346 -0.082368403673172 0.012877997942268848 0.9999158978462219 0.0015262482920661569 0.01998651772737503 0.007106314413249493 -0.0016178583027794957 0.9999734163284302 13.92774772644043
0.9998601078987122 -0.014206888154149055 -0.00882961880415678 -0.09031018614768982 0.014206638559699059 0.9998990893363953 -9.098729788092896e-05 0.02816953882575035 0.008830019272863865 -3.446461050771177e-05 0.9999610185623169 14.833792686462402
0.999851405620575 -0.013729527592658997 -0.010418678633868694 -0.10887720435857773 0.013724226504564285 0.9999057054519653 -0.0005800523795187473 0.02570541575551033 0.010425658896565437 0.0004369774251244962 0.9999455213546753 15.74063491821289
0.9998456835746765 -0.012925843708217144 -0.011894467286765575 -0.12418116629123688 0.01290772296488285 0.999915361404419 -0.0015989741077646613 0.02786412462592125 0.011914129368960857 0.0014451965689659119 0.9999279379844666 16.634809494018555
0.9998456239700317 -0.011569825001060963 -0.01322586927562952 -0.14455360174179077 0.011554226279258728 0.9999324083328247 -0.0012553673004731536 0.022906094789505005 0.013239500112831593 0.001102358684875071 0.9999117255210876 17.5283203125
0.9998177289962769 -0.012127234600484371 -0.014745212160050869 -0.16224391758441925 0.012118421494960785 0.9999262690544128 -0.0006868106429465115 0.02559015527367592 0.014752454124391079 0.0005079968250356615 0.9998910427093506 18.419584274291992
0.9997962117195129 -0.01185725349932909 -0.0163421668112278 -0.17989623546600342 0.011874801479279995 0.9999290108680725 0.000977199524641037 0.02185075730085373 0.016329418867826462 -0.001171060255728662 0.9998659491539001 19.311656951904297
0.9997732639312744 -0.011649075895547867 -0.01783035323023796 -0.2007051259279251 0.01168395858258009 0.9999300837516785 0.0018533800030127168 0.020200548693537712 0.01780751161277294 -0.0020612883381545544 0.9998393654823303 20.190942764282227
0.999725878238678 -0.012775823473930359 -0.019624434411525726 -0.21402333676815033 0.012812354601919651 0.9999163746833801 0.0017369347624480724 0.020482122898101807 0.019600601866841316 -0.001987893832847476 0.9998059272766113 21.079336166381836
0.999717116355896 -0.01199101097881794 -0.02053861692547798 -0.23960767686367035 0.012004819698631763 0.9999276995658875 0.0005491859628818929 0.027980230748653412 0.020530549809336662 -0.0007955930195748806 0.9997888803482056 21.926240921020508
0.9996806383132935 -0.012073365971446037 -0.02220207266509533 -0.2595653831958771 0.01209354493767023 0.9999265074729919 0.000774795247707516 0.030872568488121033 0.022191086784005165 -0.0010430493857711554 0.9997532367706299 22.788740158081055
0.9996601343154907 -0.011877516284584999 -0.023205028846859932 -0.28389859199523926 0.011945661157369614 0.9999247193336487 0.0028003144543617964 0.032192885875701904 0.023170018568634987 -0.003076562425121665 0.9997267723083496 23.649267196655273
0.9996330142021179 -0.013075821101665497 -0.023724358528852463 -0.3041847348213196 0.01321319118142128 0.9998967051506042 0.005642694421112537 0.03351407125592232 0.023648124188184738 -0.005954097956418991 0.9997025728225708 24.49688148498535
0.999603807926178 -0.013343545608222485 -0.02478194050490856 -0.3228471577167511 0.013522595167160034 0.9998834729194641 0.007071554195135832 0.03756647929549217 0.024684693664312363 -0.007403868716210127 0.9996678829193115 25.337678909301758
0.9996041655540466 -0.012533624656498432 -0.025186359882354736 -0.35369235277175903 0.012689578346908092 0.9999011754989624 0.006041697226464748 0.03805768862366676 0.02510814368724823 -0.006358909886330366 0.9996644854545593 26.16205406188965
0.9996107220649719 -0.010688495822250843 -0.02577015943825245 -0.38045307993888855 0.010783255100250244 0.9999355673789978 0.0035409103147685528 0.039272889494895935 0.02573065087199211 -0.003817416960373521 0.9996615648269653 26.973587036132812
0.9995909333229065 -0.010318431071937084 -0.026672275736927986 -0.40497535467147827 0.010367642156779766 0.9999446868896484 0.001707355841062963 0.044551339000463486 0.026653185486793518 -0.0019831859972327948 0.9996427893638611 27.7762451171875
0.9995812177658081 -0.009158266708254814 -0.02744896151125431 -0.43370407819747925 0.009196802973747253 0.9999568462371826 0.0012779514072462916 0.04839121922850609 0.027436070144176483 -0.001529858447611332 0.9996223449707031 28.57091522216797
0.9995405673980713 -0.009352964349091053 -0.02882763184607029 -0.45695996284484863 0.00939178466796875 0.9999551177024841 0.0012114940909668803 0.04131685197353363 0.0288150105625391 -0.0014816804323345423 0.9995836615562439 29.357952117919922
0.9994717836380005 -0.009253536351025105 -0.031152617186307907 -0.4827313721179962 0.009264849126338959 0.9999570846557617 0.000218767614569515 0.0423341803252697 0.031149255111813545 -0.0005072763306088746 0.9995145797729492 30.13416290283203
0.9994233250617981 -0.009059189818799496 -0.03272589296102524 -0.5155707597732544 0.009074362926185131 0.9999587535858154 0.0003151377313770354 0.04151253029704094 0.032721687108278275 -0.0006119227618910372 0.9994643330574036 30.89897918701172
0.9993521571159363 -0.009269710630178452 -0.034773632884025574 -0.5379909873008728 0.009320213459432125 0.9999557137489319 0.0012904873583465815 0.04452848434448242 0.03476013243198395 -0.0016137493075802922 0.9993943572044373 31.663928985595703
0.9992695450782776 -0.009435604326426983 -0.037030577659606934 -0.5670526027679443 0.009578892029821873 0.9999472498893738 0.003693920560181141 0.045205701142549515 0.03699376434087753 -0.0040459344163537025 0.9993072748184204 32.41747283935547
0.9992059469223022 -0.008589254692196846 -0.038904428482055664 -0.5993390679359436 0.008798538707196712 0.9999476075172424 0.005211407784372568 0.047017186880111694 0.03885762393474579 -0.00554957240819931 0.999229371547699 33.1489372253418
0.9991406798362732 -0.007418826222419739 -0.0407768152654171 -0.6334454417228699 0.007643872871994972 0.999956488609314 0.005365853663533926 0.047663815319538116 0.040735241025686264 -0.005672937259078026 0.9991538524627686 33.88308334350586
0.9990940093994141 -0.00478130578994751 -0.04228519648313522 -0.6774563193321228 0.004973511677235365 0.9999777674674988 0.004441447090357542 0.05062461644411087 0.04226302355527878 -0.0046477303840219975 0.9990956783294678 34.58769607543945
0.9990057349205017 -0.003016563132405281 -0.044480036944150925 -0.708836555480957 0.0031933996360749006 0.9999872446060181 0.00390509027056396 0.05305982753634453 0.04446769505739212 -0.004043249879032373 0.9990026354789734 35.30305099487305
0.9989258050918579 -0.0029257573187351227 -0.04624534770846367 -0.737177312374115 0.003155443584546447 0.9999830722808838 0.004894479177892208 0.055476460605859756 0.046230241656303406 -0.005035147070884705 0.9989181160926819 36.014862060546875
0.9988876581192017 -0.001460957690142095 -0.047129981219768524 -0.7809737324714661 0.001789771136827767 0.9999743700027466 0.006935297977179289 0.057240746915340424 0.04711863026022911 -0.007011935114860535 0.9988647103309631 36.691062927246094
0.9988983273506165 0.0015221716603264213 -0.04690270870923996 -0.824588418006897 -0.001176230376586318 0.9999719858169556 0.007402440533041954 0.06024293228983879 0.04691266268491745 -0.0073391166515648365 0.9988720417022705 37.38239288330078
0.99892258644104 0.0037935744039714336 -0.04625190421938896 -0.8478950262069702 -0.003557911841198802 0.9999802708625793 0.005176465958356857 0.06338667869567871 0.04627062752842903 -0.005006327759474516 0.9989163279533386 38.05040740966797
0.99899822473526 0.005383276380598545 -0.04442495480179787 -0.8843854069709778 -0.005285970866680145 0.9999833106994629 0.0023075221106410027 0.06432273238897324 0.04443663731217384 -0.002070381073281169 0.9990100264549255 38.6932373046875
0.9990768432617188 0.005857893731445074 -0.042557962238788605 -0.9110984802246094 -0.005861390382051468 0.9999828338623047 4.262401125743054e-05 0.07404304295778275 0.0425574816763401 0.00020686350762844086 0.9990940093994141 39.34450149536133
0.9992087483406067 0.006707671098411083 -0.03920433297753334 -0.9426409006118774 -0.006674835924059153 0.999977171421051 0.0009683654643595219 0.07288887351751328 0.03920993581414223 -0.0007059172494336963 0.9992307424545288 39.981048583984375
0.9992650151252747 0.011709222570061684 -0.03649953752756119 -0.9677598476409912 -0.011585628613829613 0.9999264478683472 0.0035958418156951666 0.07500667124986649 0.03653895854949951 -0.0031703293789178133 0.9993271827697754 40.632041931152344
0.9993366599082947 0.01583820953965187 -0.03279219567775726 -0.993861198425293 -0.01560822781175375 0.9998518228530884 0.007257454097270966 0.0743890330195427 0.03290228173136711 -0.006740811746567488 0.9994358420372009 41.255279541015625
0.9993691444396973 0.021239379420876503 -0.02846432663500309 -1.0200506448745728 -0.02101524919271469 0.9997459650039673 0.008150248788297176 0.07872115820646286 0.028630200773477554 -0.007546921260654926 0.9995615482330322 41.860565185546875
0.9994280934333801 0.024816254153847694 -0.022972365841269493 -1.042953372001648 -0.024632956832647324 0.9996626973152161 0.00822792761027813 0.08451052010059357 0.023168805986642838 -0.007657343987375498 0.9997022151947021 42.44411087036133
0.9994421005249023 0.028658410534262657 -0.017154725268483162 -1.0579606294631958 -0.028484070673584938 0.9995409250259399 0.010322240181267262 0.08598723262548447 0.017442669719457626 -0.009827842935919762 0.9997995495796204 43.01671600341797
0.9993855357170105 0.03344938904047012 -0.010466550476849079 -1.071967363357544 -0.03333013877272606 0.9993797540664673 0.011367619037628174 0.09043186902999878 0.010840297676622868 -0.01101178303360939 0.9998806118965149 43.575401306152344
0.9993130564689636 0.036870501935482025 -0.003717695828527212 -1.073966383934021 -0.03682684525847435 0.9992588758468628 0.011197529733181 0.09171685576438904 0.004127800464630127 -0.011052927002310753 0.9999303817749023 44.10900115966797
0.9991832971572876 0.040204115211963654 0.004036791156977415 -1.0822820663452148 -0.04024703428149223 0.9991271495819092 0.011182470247149467 0.09321333467960358 -0.0035836875904351473 -0.011335805989801884 0.9999293684959412 44.61104202270508
0.9989587664604187 0.0442887544631958 0.010944071225821972 -1.0721179246902466 -0.044404130429029465 0.998958170413971 0.010534793138504028 0.09956929087638855 -0.010466096922755241 -0.011009786278009415 0.9998846650123596 45.110774993896484
0.9986556172370911 0.04829501360654831 0.018825899809598923 -1.07082200050354 -0.048444610089063644 0.9987971186637878 0.007572649512439966 0.10491258651018143 -0.01843753643333912 -0.008474482223391533 0.9997941255569458 45.58144760131836
0.998350203037262 0.050696663558483124 0.026958845555782318 -1.0632301568984985 -0.050847239792346954 0.9986943006515503 0.0049291010946035385 0.10162746161222458 -0.026673752814531326 -0.006291751284152269 0.9996243715286255 46.03392028808594
0.9980887174606323 0.051219794899225235 0.034575995057821274 -1.0451730489730835 -0.05141301080584526 0.9986664056777954 0.004721744451671839 0.10357130318880081 -0.034288033843040466 -0.006490375846624374 0.9993909001350403 46.460289001464844
0.9978209137916565 0.050259556621313095 0.042750075459480286 -1.0243092775344849 -0.050562020391225815 0.9987028241157532 0.006022606045007706 0.10504307597875595 -0.04239192232489586 -0.008171011693775654 0.9990676641464233 46.85969924926758
0.9973441362380981 0.05237078294157982 0.05061531439423561 -1.000611424446106 -0.05277910828590393 0.9985832571983337 0.006763801444321871 0.10680849105119705 -0.05018938332796097 -0.009417269378900528 0.9986953139305115 47.24774932861328
0.9966848492622375 0.05532120168209076 0.059655848890542984 -0.9894574284553528 -0.05584290251135826 0.9984142184257507 0.007112470455467701 0.1036793440580368 -0.0591677762567997 -0.010420246981084347 0.9981936812400818 47.60392761230469
0.9958630800247192 0.06033629551529884 0.06794238090515137 -0.9582288265228271 -0.06090320274233818 0.9981236457824707 0.006301825400441885 0.10815519839525223 -0.06743467599153519 -0.01041366346180439 0.9976693987846375 47.930416107177734
0.9949586391448975 0.06409362703561783 0.07713198661804199 -0.9397788047790527 -0.06478893011808395 0.9978775382041931 0.006543766241520643 0.10487347096204758 -0.07654886692762375 -0.011508074589073658 0.9969994425773621 48.2292594909668
0.9942382574081421 0.06308338791131973 0.08666464686393738 -0.9130429625511169 -0.06393904238939285 0.9979283809661865 0.0071304067969322205 0.10394720733165741 -0.08603529632091522 -0.012630578130483627 0.9962120652198792 48.51371383666992
0.9933573603630066 0.061842210590839386 0.09703980386257172 -0.8716368675231934 -0.06264238059520721 0.9980223774909973 0.005218025296926498 0.10413013398647308 -0.09652521461248398 -0.011262168176472187 0.995266854763031 48.792320251464844
0.992190420627594 0.06062409654259682 0.10900865495204926 -0.838452160358429 -0.061087626963853836 0.9981319904327393 0.0009146879310719669 0.09930506348609924 -0.10874956846237183 -0.007566624321043491 0.994040310382843 49.04806137084961
0.9905810952186584 0.0617256797850132 0.12222536653280258 -0.7964532375335693 -0.061788175255060196 0.9980840086936951 -0.00328246527351439 0.10192177444696426 -0.12219378352165222 -0.004300533793866634 0.9924969673156738 49.31525802612305
0.9884412288665771 0.06325623393058777 0.1377774327993393 -0.7563774585723877 -0.06311000883579254 0.9979918003082275 -0.005433917045593262 0.09907235950231552 -0.13784447312355042 -0.003324027406051755 0.9904483556747437 49.57415771484375
0.9859499931335449 0.06510880589485168 0.15382911264896393 -0.7057166695594788 -0.06484179943799973 0.9978725910186768 -0.006757770664989948 0.09577669203281403 -0.15394183993339539 -0.003311730921268463 0.9880743622779846 49.82705307006836
0.9831387996673584 0.06561122834682465 0.1706850230693817 -0.6501400470733643 -0.06520609557628632 0.9978398084640503 -0.007984691299498081 0.09516473114490509 -0.17084018886089325 -0.003279642667621374 0.9852933287620544 50.08759307861328
0.9798785448074341 0.06441166996955872 0.1889159083366394 -0.5918721556663513 -0.06378620117902756 0.9979192614555359 -0.009395425207912922 0.096993587911129 -0.18912801146507263 -0.00284385122358799 0.9819483160972595 50.34130096435547
0.9759922027587891 0.06375278532505035 0.20826631784439087 -0.5233633518218994 -0.06314502656459808 0.9979583621025085 -0.00957222655415535 0.09155788272619247 -0.20845137536525726 -0.0038085628766566515 0.9780253171920776 50.58637237548828
0.9714809060096741 0.0638955608010292 0.22834688425064087 -0.4497079849243164 -0.0631365180015564 0.997948169708252 -0.01063531544059515 0.08746856451034546 -0.22855789959430695 -0.004085023421794176 0.9735217094421387 50.82262420654297
0.9661675691604614 0.06611334532499313 0.2492978572845459 -0.3720676898956299 -0.06492234766483307 0.9978054761886597 -0.013006182387471199 0.08540287613868713 -0.24961066246032715 -0.0036188489757478237 0.9683395028114319 51.05951690673828
0.9599443674087524 0.06724108755588531 0.27200278639793396 -0.2882072925567627 -0.06561493873596191 0.9977309703826904 -0.015080143697559834 0.0798742026090622 -0.2723996341228485 -0.0033713453449308872 0.9621783494949341 51.30244445800781
0.9526316523551941 0.0688738226890564 0.2962251603603363 -0.19308051466941833 -0.06709036976099014 0.9976154565811157 -0.016194365918636322 0.07321064919233322 -0.29663413763046265 -0.00444659311324358 0.9549807906150818 51.53886413574219
0.9440851211547852 0.07164943218231201 0.32182255387306213 -0.09440578520298004 -0.0698539987206459 0.997409999370575 -0.017139069736003876 0.06683698296546936 -0.3222169876098633 -0.006299852393567562 0.9466448426246643 51.776493072509766
0.9342541098594666 0.07356898486614227 0.34893694519996643 0.014932475984096527 -0.0717318058013916 0.9972578883171082 -0.018202485516667366 0.05788157135248184 -0.3493192493915558 -0.008024131879210472 0.9369694590568542 52.01165008544922
0.9229806065559387 0.07436838746070862 0.3775925636291504 0.13265128433704376 -0.0723072811961174 0.9971886873245239 -0.019653741270303726 0.0517234280705452 -0.37799271941185 -0.00916267279535532 0.9257633090019226 52.250850677490234
0.9104739427566528 0.07213152945041656 0.40722739696502686 0.27691978216171265 -0.06929044425487518 0.997359573841095 -0.021741928532719612 0.04201140254735947 -0.4077204167842865 -0.008421511389315128 0.9130680561065674 52.48512649536133
0.8954859375953674 0.06970333307981491 0.4395979344844818 0.4197671711444855 -0.06565065681934357 0.9975433349609375 -0.02443789131939411 0.03397904708981514 -0.4402214288711548 -0.006976104807108641 0.8978621959686279 52.7098388671875
0.8781709671020508 0.06871210038661957 0.4733860194683075 0.5752564072608948 -0.06261593848466873 0.9976264834403992 -0.028647879138588905 0.023574290797114372 -0.47423094511032104 -0.0044837757013738155 0.8803891539573669 52.9283447265625
0.8586419820785522 0.07091175764799118 0.5076469779014587 0.740780234336853 -0.06232042610645294 0.9974793791770935 -0.03392532467842102 0.018143203109502792 -0.5087730884552002 -0.0025070691481232643 0.8608970046043396 53.15534973144531
0.836816132068634 0.07294609397649765 0.5426026582717896 0.9288651943206787 -0.06193462014198303 0.9973350167274475 -0.03856191411614418 0.010518752969801426 -0.5439695119857788 -0.0013366565108299255 0.8391039371490479 53.383827209472656
0.8122691512107849 0.07553999871015549 0.5783705115318298 1.1255065202713013 -0.0626925602555275 0.9971407055854797 -0.04218883067369461 -0.0003418241685722023 -0.5799037218093872 -0.0019908398389816284 0.8146824836730957 53.608760833740234
0.7847276926040649 0.07963520288467407 0.6147037148475647 1.334695816040039 -0.0657719224691391 0.9968116879463196 -0.045173387974500656 -0.011988256126642227 -0.6163411140441895 -0.004981429781764746 0.7874635457992554 53.839332580566406
0.7547253370285034 0.08419844508171082 0.650615394115448 1.5614776611328125 -0.06959033012390137 0.9964094758033752 -0.048222873359918594 -0.02546502649784088 -0.6523395776748657 -0.008881517685949802 0.7578747868537903 54.06980895996094
0.7216304540634155 0.08514342457056046 0.6870226263999939 1.8227863311767578 -0.06908485293388367 0.9963109493255615 -0.050908949226140976 -0.04354133456945419 -0.6888227462768555 -0.010725410655140877 0.7248504757881165 54.30623245239258
0.6850307583808899 0.0826789140701294 0.7238073348999023 2.104921340942383 -0.06546910852193832 0.9965056777000427 -0.05186692625284195 -0.06473639607429504 -0.7255663871765137 -0.011856582015752792 0.6880500316619873 54.53073501586914
0.645801305770874 0.08137228339910507 0.7591569423675537 2.3890862464904785 -0.06275936961174011 0.9965972304344177 -0.05343467369675636 -0.08491206914186478 -0.7609217762947083 -0.013136026449501514 0.6487106084823608 54.73422622680664
0.6032657623291016 0.0805015116930008 0.793467104434967 2.7226107120513916 -0.06045878306031227 0.9966460466384888 -0.05514886602759361 -0.10870374739170074 -0.795245349407196 -0.0147026302292943 0.6061094403266907 54.95231628417969
0.5568807721138 0.08067066222429276 0.8266656398773193 3.0796291828155518 -0.05713239312171936 0.9966353178024292 -0.05877019092440605 -0.12524278461933136 -0.8286252021789551 -0.014501391910016537 0.559615969657898 55.16362762451172
0.5080283284187317 0.07928516715765 0.8576835989952087 3.4463183879852295 -0.05395010486245155 0.9967283010482788 -0.06018256023526192 -0.1533503383398056 -0.8596491813659668 -0.015697674825787544 0.510643720626831 55.35457229614258
0.4596059322357178 0.0780632346868515 0.8846856951713562 3.8919243812561035 -0.05229499936103821 0.9967799186706543 -0.060786303132772446 -0.16812707483768463 -0.8865820169448853 -0.018326884135603905 0.4622083008289337 55.552520751953125
0.4106375575065613 0.07565830647945404 0.9086543321609497 4.32765007019043 -0.05123590677976608 0.9968914985656738 -0.05985086411237717 -0.19045013189315796 -0.9103580117225647 -0.02197871543467045 0.4132375121116638 55.708229064941406
0.3600507080554962 0.07558528333902359 0.929865837097168 4.784457206726074 -0.054323408752679825 0.9967199563980103 -0.059985190629959106 -0.21098916232585907 -0.9313498139381409 -0.02891576662659645 0.3629758059978485 55.87187194824219
0.31005361676216125 0.07616137713193893 0.9476636648178101 5.235701084136963 -0.05302036926150322 0.9966199398040771 -0.06274886429309845 -0.23508509993553162 -0.9492394924163818 -0.03078996017575264 0.3130437731742859 56.00423049926758
0.263313889503479 0.07275509089231491 0.9619628190994263 5.716238021850586 -0.0416906513273716 0.9970787167549133 -0.06399916857481003 -0.26627472043037415 -0.9638089537620544 -0.02325298823416233 0.26557794213294983 56.086055755615234
0.21928201615810394 0.06721761077642441 0.9733433723449707 6.234003067016602 -0.02807004749774933 0.9976456165313721 -0.06257206946611404 -0.2893565595149994 -0.9752575755119324 -0.01360087189823389 0.22065255045890808 56.16136169433594
0.17684128880500793 0.06603869795799255 0.9820213913917542 6.767648696899414 -0.01946684904396534 0.9977860450744629 -0.06359326839447021 -0.3254142999649048 -0.9840468764305115 -0.00787094235420227 0.1777353733778 56.23086166381836
0.13838903605937958 0.06744038313627243 0.9880790710449219 7.274285793304443 -0.015966083854436874 0.9977009892463684 -0.06586092710494995 -0.3484477400779724 -0.9902492165565491 -0.006661319639533758 0.13914765417575836 56.2751579284668
0.10570179671049118 0.06813352555036545 0.9920609593391418 7.813403606414795 -0.007451389450579882 0.9976761341094971 -0.06772524118423462 -0.38415753841400146 -0.9943699836730957 -0.00023355110897682607 0.10596385598182678 56.303245544433594
0.07682020962238312 0.06633692234754562 0.9948357343673706 8.378962516784668 1.7413709429092705e-05 0.9977841377258301 -0.0665348619222641 -0.42093625664711 -0.9970449805259705 0.005128549411892891 0.07664883881807327 56.32659912109375
0.051964495331048965 0.06463909894227982 0.9965547919273376 8.938518524169922 0.006837284658104181 0.9978566765785217 -0.06508005410432816 -0.45513200759887695 -0.9986255168914795 0.010195584036409855 0.051411163061857224 56.33144760131836
0.03204568848013878 0.06403990834951401 0.9974327087402344 9.504450798034668 0.012166369706392288 0.9978464245796204 -0.06445734202861786 -0.4745631217956543 -0.9994122982025146 0.014200715348124504 0.031197533011436462 56.32958984375
0.016234194859862328 0.06593639403581619 0.997691810131073 10.093958854675293 0.015125964768230915 0.9976928234100342 -0.06618258357048035 -0.5012600421905518 -0.9997537732124329 0.016165470704436302 0.0151993902400136 56.327247619628906
0.0026581264100968838 0.0656767338514328 0.9978374242782593 10.67800521850586 0.015325968153774738 0.9977210760116577 -0.06570989638566971 -0.5379761457443237 -0.999879002571106 0.015467489138245583 0.0016455060103908181 56.319149017333984
-0.008632941171526909 0.06656188517808914 0.9977450370788574 11.288949966430664 0.016532352194190025 0.9976552724838257 -0.06641285866498947 -0.5739906430244446 -0.9998260736465454 0.015921730548143387 -0.009713123552501202 56.304595947265625
-0.01794464699923992 0.0694701299071312 0.9974226355552673 11.93281364440918 0.021426668390631676 0.9973808526992798 -0.06908173859119415 -0.6103651523590088 -0.9996093511581421 0.020131796598434448 -0.019386161118745804 56.293094635009766
-0.02435273677110672 0.07111397385597229 0.9971708655357361 12.55197811126709 0.025478925555944443 0.9971867799758911 -0.07049287110567093 -0.648156464099884 -0.9993786811828613 0.023690149188041687 -0.02609613724052906 56.26247787475586
-0.02913440205156803 0.0705985352396965 0.9970792531967163 13.204620361328125 0.025591732934117317 0.9972283840179443 -0.06986130774021149 -0.6849401593208313 -0.9992477893829346 0.023481618613004684 -0.03086039610207081 56.24858093261719
-0.03268465772271156 0.06804882735013962 0.9971464276313782 13.864296913146973 0.023539738729596138 0.9974551796913147 -0.0672982931137085 -0.7181863784790039 -0.9991884827613831 0.021272946149110794 -0.034203339368104935 56.2259521484375
-0.03509772941470146 0.06096567586064339 0.9975225329399109 14.538581848144531 0.02135338820517063 0.9979555010795593 -0.06024080514907837 -0.7585787773132324 -0.9991557598114014 0.019186172634363174 -0.036327797919511795 56.20802307128906
-0.036580998450517654 0.05554875731468201 0.9977856278419495 15.218270301818848 0.022578105330467224 0.9982449412345886 -0.054746560752391815 -0.7911052703857422 -0.9990755915641785 0.020525427535176277 -0.037770986557006836 56.181907653808594
-0.03706429898738861 0.05271153524518013 0.9979217052459717 15.917770385742188 0.025238310918211937 0.9983386993408203 -0.05179617553949356 -0.8299111127853394 -0.9989940524101257 0.02326606586575508 -0.03833307698369026 56.15029525756836
-0.036940280348062515 0.0550965741276741 0.997797429561615 16.610095977783203 0.028759684413671494 0.9981238842010498 -0.05404987186193466 -0.8670212626457214 -0.9989034533500671 0.026699723675847054 -0.0384555421769619 56.12211990356445
-0.036297108978033066 0.06272121518850327 0.9973708391189575 17.31006622314453 0.029353560879826546 0.9976648092269897 -0.061671435832977295 -0.895200252532959 -0.9989097714424133 0.027037890627980232 -0.03805344179272652 56.101192474365234
-0.03397247940301895 0.0707816556096077 0.9969131350517273 18.01802635192871 0.030150244012475014 0.9971075057983398 -0.06976799666881561 -0.9320565462112427 -0.9989678859710693 0.027686981484293938 -0.03600829839706421 56.08134078979492
-0.031563229858875275 0.07135720551013947 0.9969512820243835 18.758398056030273 0.031026620417833328 0.9970375299453735 -0.07038108259439468 -0.9717233777046204 -0.9990200996398926 0.028710579499602318 -0.03368369862437248 56.04764938354492
-0.029433654621243477 0.06701026856899261 0.9973180890083313 19.489492416381836 0.03050379827618599 0.9973456859588623 -0.06611189246177673 -1.0143028497695923 -0.9991012215614319 0.02847607247531414 -0.031399600207805634 56.032493591308594
-0.02690356969833374 0.06043778732419014 0.9978093504905701 20.231868743896484 0.029840439558029175 0.9977743029594421 -0.059631090611219406 -1.0605920553207397 -0.9991925954818726 0.028170783072710037 -0.028647182509303093 56.01298904418945
-0.023984357714653015 0.05864299461245537 0.9979907274246216 20.969615936279297 0.028314832597970963 0.9979174137115479 -0.05795818567276001 -1.1049065589904785 -0.9993112683296204 0.026867857202887535 -0.02559487335383892 55.999324798583984
-0.02088606171309948 0.06401465833187103 0.9977303147315979 21.712512969970703 0.03562174737453461 0.9973620772361755 -0.06324535608291626 -1.1530898809432983 -0.9991470575332642 0.03421995788812637 -0.02311128005385399 55.978973388671875
-0.018150944262742996 0.06956176459789276 0.9974125027656555 22.4460391998291 0.0372503288090229 0.9969313144683838 -0.06885033845901489 -1.1940600872039795 -0.9991410970687866 0.03590423986315727 -0.020686443895101547 55.971317291259766
-0.015665769577026367 0.07001005113124847 0.9974232912063599 23.18426513671875 0.031175721436738968 0.9970948696136475 -0.06949735432863235 -1.2373206615447998 -0.9993911981582642 0.030006662011146545 -0.017802871763706207 55.97140121459961
-0.012333933264017105 0.0666642114520073 0.9976992011070251 23.937885284423828 0.026851298287510872 0.9974374771118164 -0.06631477177143097 -1.2792869806289673 -0.9995633363723755 0.02597160078585148 -0.014092346653342247 55.969947814941406
-0.007342783268541098 0.06283537298440933 0.9979968070983887 24.685169219970703 0.030895652249455452 0.9975615739822388 -0.0625806525349617 -1.3341981172561646 -0.9994955658912659 0.03037424571812153 -0.009266217239201069 55.95684814453125
-0.00359444972127676 0.06381085515022278 0.9979555010795593 25.428482055664062 0.03546220064163208 0.9973423480987549 -0.0636439248919487 -1.381095290184021 -0.9993645548820496 0.035160936415195465 -0.0058477697893977165 55.94596481323242
-0.0009635824826546013 0.06835489720106125 0.9976605772972107 26.163375854492188 0.035116348415613174 0.997048020362854 -0.06827902048826218 -1.4266793727874756 -0.999382734298706 0.03496840223670006 -0.0033611131366342306 55.9517936706543
0.00286573707126081 0.0692259892821312 0.997596800327301 26.92020606994629 0.031630806624889374 0.99709552526474 -0.06928205490112305 -1.473466157913208 -0.9994955062866211 0.03175333887338638 0.0006677402998320758 55.96010208129883
0.0067880237475037575 0.06878077983856201 0.9976086616516113 27.670244216918945 0.03104270249605179 0.9971363544464111 -0.06895944476127625 -1.518826961517334 -0.9994950294494629 0.03143656253814697 0.004633444361388683 55.96651077270508
0.010291500017046928 0.06516020745038986 0.9978217482566833 28.411041259765625 0.034904658794403076 0.9972431659698486 -0.06548241525888443 -1.5710866451263428 -0.9993376731872559 0.035502538084983826 0.007988733239471912 55.9732780456543
0.013954080641269684 0.06594569236040115 0.9977255463600159 29.15990447998047 0.03883356600999832 0.9970342516899109 -0.06644311547279358 -1.6172789335250854 -0.9991483092308044 0.03967239707708359 0.01135179027915001 55.97644805908203
0.01739317737519741 0.06678369641304016 0.9976158142089844 29.92428970336914 0.042545463889837265 0.9968135952949524 -0.06747177243232727 -1.6721357107162476 -0.9989430904388428 0.04361756891012192 0.014496412128210068 55.984764099121094
0.020429646596312523 0.06678944081068039 0.9975578784942627 30.677343368530273 0.04300390183925629 0.9967840909957886 -0.06761833280324936 -1.7170225381851196 -0.9988660216331482 0.04428029805421829 0.017491741105914116 55.99782943725586
0.02379864640533924 0.06503939628601074 0.9975988864898682 31.42520523071289 0.04437273368239403 0.9968293905258179 -0.0660477727651596 -1.767179012298584 -0.9987315535545349 0.04583803564310074 0.020837213844060898 56.02217102050781
0.027565395459532738 0.064442940056324 0.9975406527519226 32.167388916015625 0.046635035425424576 0.9967503547668457 -0.06568057835102081 -1.8091299533843994 -0.9985316395759583 0.04833085089921951 0.02447052113711834 56.03764724731445
0.030182622373104095 0.06424526870250702 0.9974777102470398 32.920448303222656 0.04470719397068024 0.9968467950820923 -0.06555743515491486 -1.8659635782241821 -0.9985440969467163 0.04657311737537384 0.027215225622057915 56.06005859375
0.033413004130125046 0.06616313755512238 0.9972492456436157 33.67567825317383 0.04174412786960602 0.9968432188034058 -0.06753484159708023 -1.9073866605758667 -0.9985694885253906 0.04388583451509476 0.030545605346560478 56.08991622924805
0.03656653314828873 0.06609165668487549 0.9971433281898499 34.42624282836914 0.04376780986785889 0.9967473149299622 -0.06767041981220245 -1.9545730352401733 -0.9983722567558289 0.046117253601551056 0.03355490416288376 56.110355377197266
0.03880152106285095 0.06521759927272797 0.9971164464950562 35.18345260620117 0.041775476187467575 0.9968895316123962 -0.0668283998966217 -2.008019208908081 -0.9983733296394348 0.044248055666685104 0.035956330597400665 56.15544128417969
0.04102982580661774 0.06613707542419434 0.9969666004180908 35.93839645385742 0.039426833391189575 0.9969225525856018 -0.06775674968957901 -2.0466842651367188 -0.9983798265457153 0.04208728298544884 0.03829598426818848 56.19520568847656
0.04352518543601036 0.06611442565917969 0.9968622922897339 36.71585464477539 0.03690008819103241 0.9970205426216125 -0.06773605942726135 -2.1001884937286377 -0.9983706474304199 0.03973253443837166 0.040955882519483566 56.24111557006836
0.04722330719232559 0.06822691857814789 0.9965515732765198 37.481624603271484 0.03554336354136467 0.9969180226325989 -0.06993629038333893 -2.1457388401031494 -0.9982517957687378 0.038723424077034 0.04465275630354881 56.27678680419922
0.05026635155081749 0.07173269242048264 0.9961563944816589 38.2416877746582 0.0342765748500824 0.9967058300971985 -0.07350185513496399 -2.1958165168762207 -0.9981474280357361 0.037839509546756744 0.047642018646001816 56.32259750366211
0.05343020334839821 0.07371149212121964 0.9958472847938538 39.009376525878906 0.034986693412065506 0.9965212941169739 -0.07563851773738861 -2.2501180171966553 -0.9979585409164429 0.0388827919960022 0.050665415823459625 56.370235443115234
0.055962421000003815 0.07577450573444366 0.9955533742904663 39.79129409790039 0.02852683886885643 0.9965875148773193 -0.07745679467916489 -2.3054261207580566 -0.9980252981185913 0.03273465111851692 0.05360984429717064 56.43763732910156
0.05861813947558403 0.07500308752059937 0.9954590201377869 40.572078704833984 0.024747420102357864 0.9967579245567322 -0.07655823975801468 -2.355583667755127 -0.997973620891571 0.029122741892933846 0.05657196789979935 56.491065979003906
0.06260089576244354 0.07567042112350464 0.9951659440994263 41.346290588378906 0.027296490967273712 0.9966187477111816 -0.07749798148870468 -2.4089226722717285 -0.997665286064148 0.032015979290008545 0.06032368913292885 56.54090118408203
0.06649475544691086 0.07696286588907242 0.9948140978813171 42.11494064331055 0.026334915310144424 0.9965380430221558 -0.07885649800300598 -2.4633843898773193 -0.9974392056465149 0.03144189342856407 0.06423774361610413 56.5906867980957
0.07005159556865692 0.07798226922750473 0.9944906234741211 42.90192413330078 0.022252105176448822 0.9965694546699524 -0.07971272617578506 -2.516740083694458 -0.9972952008247375 0.027713513001799583 0.06807602196931839 56.66264724731445
0.07395727187395096 0.07567678391933441 0.9943858981132507 43.69296646118164 0.021429818123579025 0.9967657327651978 -0.07745173573493958 -2.575263023376465 -0.9970311522483826 0.02703762985765934 0.0720963329076767 56.73028564453125
0.07872142642736435 0.07557975500822067 0.9940274953842163 44.50300979614258 0.021677764132618904 0.9967563152313232 -0.07750401645898819 -2.642012119293213 -0.9966609477996826 0.027649523690342903 0.07682768255472183 56.786808013916016
0.08409924805164337 0.07891382277011871 0.9933277368545532 45.29810333251953 0.0185584407299757 0.9965621829032898 -0.0807420164346695 -2.7016401290893555 -0.9962846040725708 0.02522495575249195 0.0823456197977066 56.85951232910156
0.08948781341314316 0.08758870512247086 0.9921290874481201 46.0900764465332 0.016426363959908485 0.9958603978157043 -0.08939974755048752 -2.7635397911071777 -0.9958524703979492 0.024297261610627174 0.08767860382795334 56.953548431396484
0.09682700783014297 0.09238747507333755 0.9910040497779846 46.87293243408203 0.015418549068272114 0.9954239130020142 -0.09430601447820663 -2.825373649597168 -0.9951817989349365 0.024411214515566826 0.09495943784713745 57.03609848022461
0.10435312241315842 0.09510127454996109 0.9899829030036926 47.65621566772461 0.010403732769191265 0.9952587485313416 -0.09670473635196686 -2.8952770233154297 -0.9944859147071838 0.020390957593917847 0.1028689444065094 57.1261100769043
0.11131535470485687 0.09339414536952972 0.9893869161605835 48.461360931396484 0.007412194274365902 0.9954685568809509 -0.09480217099189758 -2.964240312576294 -0.9937574863433838 0.017886463552713394 0.11011867970228195 57.22304916381836
0.11872134357690811 0.09198854863643646 0.9886574149131775 49.271759033203125 0.007380885072052479 0.9955900311470032 -0.0935199111700058 -3.0308899879455566 -0.9929001331329346 0.018399972468614578 0.1175188347697258 57.33019256591797
0.12673668563365936 0.08851402252912521 0.9879793524742126 50.100433349609375 0.006827991921454668 0.9959092736244202 -0.09010037034749985 -3.1006791591644287 -0.9919129014015198 0.01816493272781372 0.12561386823654175 57.43370056152344
0.1345069259405136 0.08256632834672928 0.9874668121337891 50.90640640258789 0.0048865885473787785 0.996455192565918 -0.08398351073265076 -3.1734063625335693 -0.9909006357192993 0.01612170599400997 0.13362665474414825 57.545799255371094
0.1417282223701477 0.07556633651256561 0.9870171546936035 51.71694564819336 0.0023661446757614613 0.9970533847808838 -0.07667447626590729 -3.229739189147949 -0.9899027943611145 0.013202358968555927 0.14113178849220276 57.670379638671875
0.1483534425497055 0.0728573277592659 0.9862469434738159 52.537445068359375 0.002149125561118126 0.997256338596344 -0.07399389892816544 -3.299710273742676 -0.9889320731163025 0.013096819631755352 0.1477898359298706 57.808494567871094
0.15584959089756012 0.07443097233772278 0.9849724769592285 53.33879470825195 0.00204442604444921 0.9971305727958679 -0.0756731927394867 -3.362046003341675 -0.9877787232398987 0.01380733959376812 0.1552502065896988 57.938846588134766
