1.0 0.0 0.0 0.0 0.0 1.0 0.0 0.0 0.0 0.0 1.0 0.0
1.0 -5.1065057050436735e-05 0.00011740216723410413 -0.01460786908864975 5.089591650175862e-05 0.9999989867210388 0.0014402669621631503 -0.012579856440424919 -0.00011747558892238885 -0.0014402609085664153 0.999998927116394 1.3157137632369995
0.9999984502792358 -0.0016322345472872257 -0.0006564680952578783 -0.01094148587435484 0.0016333857784047723 0.9999971389770508 0.001756946207024157 -0.03907134756445885 0.0006535985157825053 -0.001758015831001103 0.999998152256012 2.6180927753448486
0.9999958276748657 -0.002822668757289648 -0.000638565281406045 -0.01584158092737198 0.0028231043834239244 0.999995768070221 0.0006820250418968499 -0.054081983864307404 0.0006366375018842518 -0.0006838248227722943 0.9999995231628418 3.9305708408355713
0.9999949932098389 -0.0031127321999520063 -0.0006253422470763326 -0.024740664288401604 0.0031132122967392206 0.9999948143959045 0.0007680239505134523 -0.0721970796585083 0.0006229483406059444 -0.0007699669222347438 0.9999995231628418 5.2567291259765625
0.9999933838844299 -0.0035860829520970583 -0.0005842386744916439 -0.025917235761880875 0.0035870771389454603 0.9999921321868896 0.0017085858853533864 -0.09774433821439743 0.0005781069048680365 -0.0017106703016906977 0.9999983906745911 6.573731422424316
0.9999870657920837 -0.005084116477519274 -0.0002122267906088382 -0.03379351273179054 0.00508467061445117 0.9999834895133972 0.002694446360692382 -0.11103890836238861 0.00019852432888001204 -0.0026954906061291695 0.9999963641166687 7.898985385894775
0.9999892711639404 -0.004604007117450237 -0.00031222449615597725 -0.040013495832681656 0.004605029709637165 0.9999837279319763 0.003357718698680401 -0.13399814069271088 0.0002967604377772659 -0.003359121037647128 0.9999943375587463 9.238238334655762
0.9999939203262329 -0.0034564908128231764 -0.0005062675336375833 -0.050754353404045105 0.003457220271229744 0.999993085861206 0.0014474130002781749 -0.15050667524337769 0.000501261034514755 -0.0014491550391539931 0.9999988675117493 10.584187507629395
0.9999987483024597 -0.0012868361081928015 -0.0008231570827774704 -0.052830517292022705 0.0012864582240581512 0.9999989867210388 -0.0004588887095451355 -0.17314456403255463 0.0008237467845901847 0.00045782956294715405 0.9999995231628418 11.939335823059082
0.9999971389770508 0.0023545739240944386 -0.00043134726001881063 -0.07440203428268433 -0.002355177653953433 0.9999963641166687 -0.0014048087177798152 -0.2017439901828766 0.00042803792166523635 0.001405820483341813 0.999998927116394 13.247194290161133
0.9999884366989136 0.0047548930160701275 -0.0006848759949207306 -0.0842972844839096 -0.004755953326821327 0.9999874830245972 -0.001554700080305338 -0.2239714413881302 0.0006774751236662269 0.0015579398022964597 0.9999985694885254 14.586493492126465
0.9999828934669495 0.005836054217070341 -3.6913188523612916e-05 -0.10124485939741135 -0.005836070515215397 0.9999828934669495 -0.0004467705439310521 -0.24815228581428528 3.430517972446978e-05 0.0004469784034881741 0.9999998211860657 15.937216758728027
0.9999943971633911 0.0033352018799632788 0.0001347888319287449 -0.10401138663291931 -0.0033355013001710176 0.9999918341636658 0.002288209507241845 -0.2664681077003479 -0.00012715603224933147 -0.00228864629752934 0.9999973773956299 17.29046630859375
0.9999994039535522 -0.0010978903155773878 9.803696593735367e-05 -0.09728900343179703 0.0010974387405440211 0.9999893307685852 0.0044936505146324635 -0.29392290115356445 -0.0001029694321914576 -0.0044935401529073715 0.9999898672103882 18.660877227783203
0.9999949336051941 -0.0031549318227916956 -6.601934728678316e-05 -0.09852069616317749 0.0031550396233797073 0.9999935030937195 0.0017016250640153885 -0.30301690101623535 6.065064371796325e-05 -0.0017018248327076435 0.9999985694885254 19.99734115600586
0.9999919533729553 -0.00399566488340497 3.4066491934936494e-05 -0.11201103031635284 0.003995664417743683 0.9999920725822449 2.375978510826826e-05 -0.3227539360523224 -3.416118852328509e-05 -2.3623695597052574e-05 1.0 21.341686248779297
0.9999973773956299 -0.0019094632007181644 0.0012252706801518798 -0.12914107739925385 0.0019112412119284272 0.9999971389770508 -0.0014513564528897405 -0.34718582034111023 -0.0012224959209561348 0.0014536944217979908 0.999998152256012 22.691980361938477
0.9999980330467224 0.0012255910551175475 0.0015424200100824237 -0.12688219547271729 -0.0012260973453521729 0.9999992847442627 0.0003273955953773111 -0.37080544233322144 -0.0015420174458995461 -0.00032928609289228916 0.9999987483024597 24.068527221679688
0.9999962449073792 0.0017514278879389167 0.0020947870798408985 -0.13066811859607697 -0.0017594331875443459 0.9999911189079285 0.0038257334381341934 -0.38836637139320374 -0.002088067587465048 -0.003829405177384615 0.9999904632568359 25.4503231048584
0.9999959468841553 -0.0006653415621258318 0.0027605213690549135 -0.13360819220542908 0.0006490512751042843 0.9999824166297913 0.005897900089621544 -0.40435415506362915 -0.002764396369457245 -0.005896084476262331 0.9999788403511047 26.821752548217773
0.9999821782112122 -0.005672865081578493 0.0018674606690183282 -0.12119334191083908 0.005665048956871033 0.9999752640724182 0.004164403770118952 -0.4268934428691864 -0.0018910386133939028 -0.004153750371187925 0.9999895691871643 28.209545135498047
0.9999829530715942 -0.005444760899990797 0.0021139339078217745 -0.12722483277320862 0.00544096389785409 0.999983549118042 0.0017975722439587116 -0.43899017572402954 -0.0021236867178231478 -0.0017860396765172482 0.9999961256980896 29.584110260009766
0.9999763369560242 -0.0062439353205263615 0.0028908196836709976 -0.1363518238067627 0.006245627999305725 0.9999803304672241 -0.0005768847768194973 -0.46390044689178467 -0.0028871612157672644 0.0005949261249043047 0.9999956488609314 30.948509216308594
0.9999895095825195 -0.002828646218404174 0.0036085168831050396 -0.14840435981750488 0.002833039965480566 0.9999952912330627 -0.0012131305411458015 -0.4871305823326111 -0.0036050681956112385 0.0012233408633619547 0.9999927878379822 32.327579498291016
0.9999905824661255 -0.002313857665285468 0.00366408284753561 -0.13953271508216858 0.0023260770831257105 0.9999917149543762 -0.0033341767266392708 -0.5143875479698181 -0.0036563377361744642 0.003342668293043971 0.9999877214431763 33.7164306640625
0.9999917149543762 -0.0015065362676978111 0.0037796813994646072 -0.1391095519065857 0.0015171065460890532 0.9999949336051941 -0.0027952678501605988 -0.5358519554138184 -0.0037754508666694164 0.002800978720188141 0.9999889731407166 35.108970642089844
0.999992311000824 -0.0009143930510617793 0.003838638076558709 -0.15137793123722076 0.0009211959550157189 0.9999980330467224 -0.001770791714079678 -0.5604727268218994 -0.003837011521682143 0.0017743140924721956 0.9999910593032837 36.49526596069336
0.9999933838844299 0.00034259122912772 0.0036125320475548506 -0.15820494294166565 -0.00034324778243899345 0.9999999403953552 0.00018113816622644663 -0.5861177444458008 -0.0036124701146036386 -0.00018237694166600704 0.9999934434890747 37.89561462402344
0.9999896287918091 0.002989483065903187 0.00343231949955225 -0.15882450342178345 -0.0029907592106610537 0.9999954700469971 0.00036669845576398075 -0.6124855279922485 -0.003431207500398159 -0.00037695991341024637 0.9999940395355225 39.304996490478516
0.9999764561653137 0.005659527610987425 0.003871605731546879 -0.17105816304683685 -0.005659043788909912 0.9999839067459106 -0.00013606756692752242 -0.6315790414810181 -0.0038723137695342302 0.00011415479821152985 0.9999924898147583 40.69569778442383
0.9999637603759766 0.007644655182957649 0.003772574942559004 -0.17141039669513702 -0.007645594887435436 0.9999707341194153 0.00023407794651575387 -0.653036892414093 -0.003770675277337432 -0.0002629130322020501 0.999992847442627 42.11682891845703
0.9999601244926453 0.008307644166052341 0.0032900876831263304 -0.17128561437129974 -0.00830844510346651 0.9999654293060303 0.0002300165651831776 -0.6754810810089111 -0.00328806322067976 -0.00025734290829859674 0.9999945759773254 43.515350341796875
0.9999685287475586 0.007355391979217529 0.0029430007562041283 -0.17746208608150482 -0.00735637778416276 0.9999728798866272 0.00032412863220088184 -0.7028671503067017 -0.0029405371751636267 -0.0003457682905718684 0.9999955892562866 44.934627532958984
0.9999764561653137 0.006461326964199543 0.0022724878508597612 -0.17769894003868103 -0.006460998672991991 0.9999791383743286 -0.00015180854825302958 -0.7225359678268433 -0.0022734212689101696 0.0001371224643662572 0.9999974370002747 46.33647537231445
0.9999826550483704 0.005801368970423937 0.0011270428076386452 -0.177687406539917 -0.005801395513117313 0.9999833106994629 2.1357649529818445e-05 -0.7448387742042542 -0.0011269000824540854 -2.789570135064423e-05 0.9999993443489075 47.753334045410156
0.999981701374054 0.006045729387551546 2.0492705516517162e-05 -0.1812550276517868 -0.0060457494109869 0.9999811053276062 0.001178983598947525 -0.7657761573791504 -1.3364478945732117e-05 -0.001179085811600089 0.9999992847442627 49.18125915527344
0.9999775290489197 0.006610457319766283 -0.0010993870673701167 -0.18830862641334534 -0.006609432864934206 0.999977707862854 0.0009330366738140583 -0.7894081473350525 0.0011055304203182459 -0.0009257493657059968 0.9999989867210388 50.589324951171875
0.9999733567237854 0.006933746859431267 -0.0022332912776619196 -0.2026793360710144 -0.006930649280548096 0.9999750256538391 0.0013913942966610193 -0.808402955532074 0.002242883201688528 -0.0013758791610598564 0.9999966025352478 52.00950241088867
0.9999700784683228 0.006951934192329645 -0.003370055230334401 -0.21490415930747986 -0.0069441115483641624 0.9999732971191406 0.0023272926919162273 -0.8322526812553406 0.003386144293472171 -0.0023038210347294807 0.9999915957450867 53.431209564208984
0.9999768137931824 0.005706394091248512 -0.0036946539767086506 -0.2303503304719925 -0.005694286432117224 0.9999784231185913 0.0032797714229673147 -0.8521367907524109 0.00371328997425735 -0.0032586571760475636 0.999987781047821 54.870052337646484
0.999983549118042 0.0036424007266759872 -0.004428229294717312 -0.24041476845741272 -0.0036273992154747248 0.9999877214431763 0.00339094502851367 -0.8720976114273071 0.004440526012331247 -0.0033748261630535126 0.9999844431877136 56.299076080322266
0.9999875426292419 0.001202716026455164 -0.004830492194741964 -0.2552996277809143 -0.0011891961330547929 0.9999952912330627 0.0028006951324641705 -0.8941125273704529 0.004833837505429983 -0.0027949162758886814 0.9999843835830688 57.69874954223633
0.9999865889549255 0.0002061136910924688 -0.005164661444723606 -0.2671172320842743 -0.00018909423670265824 0.9999945163726807 0.0032956309150904417 -0.9149318933486938 0.005165311973541975 -0.003294610418379307 0.9999812245368958 59.121734619140625
0.9999895691871643 -0.0010546768316999078 -0.004447183571755886 -0.27761414647102356 0.001071292208507657 0.9999924302101135 0.003735440317541361 -0.9340189099311829 0.004443209618330002 -0.0037401653826236725 0.9999831318855286 60.540496826171875
0.9999887347221375 -0.00249975617043674 -0.004046733491122723 -0.2842879891395569 0.0025185411795973778 0.9999859929084778 0.004643614403903484 -0.9531328082084656 0.004035070538520813 -0.0046537527814507484 0.9999810457229614 61.974029541015625
0.9999875426292419 -0.0036686884704977274 -0.0033656961750239134 -0.3029114902019501 0.003682999638840556 0.9999841451644897 0.004255818668752909 -0.9803624749183655 0.003350029466673732 -0.004268161952495575 0.9999852180480957 63.38037109375
0.9999846816062927 -0.004807712510228157 -0.0027271301951259375 -0.3166341781616211 0.004816892556846142 0.9999827146530151 0.0033697637263685465 -0.9972039461135864 0.0027108825743198395 -0.003382848808541894 0.9999905824661255 64.78679656982422
0.9999834895133972 -0.005180389620363712 -0.0024822219274938107 -0.3158980906009674 0.005188586190342903 0.9999810457229614 0.003307610284537077 -1.0264041423797607 0.002465039724484086 -0.0033204343635588884 0.9999914765357971 66.19886779785156
0.9999895691871643 -0.004317463841289282 -0.001462167827412486 -0.3264656662940979 0.0043221330270171165 0.9999854564666748 0.003205225570127368 -1.0428391695022583 0.0014483084669336677 -0.003211512230336666 0.9999938011169434 67.63269805908203
0.9999992847442627 -0.0007846204098314047 -0.000862631481140852 -0.34723910689353943 0.0007883037906140089 0.9999905228614807 0.004277860280126333 -1.0616521835327148 0.0008592668455094099 -0.004278537817299366 0.9999904036521912 69.00932312011719
0.9999964833259583 0.0026529293972998857 1.5263794921338558e-06 -0.3637691140174866 -0.002652897033840418 0.9999810457229614 0.0055559976026415825 -1.0814220905303955 1.3213430065661669e-05 -0.005555982701480389 0.9999845623970032 70.40382385253906
0.9999799132347107 0.0062784659676253796 0.0008228671504184604 -0.3747822940349579 -0.0062835016287863255 0.9999606013298035 0.006267767399549484 -1.1037429571151733 -0.000783482741098851 -0.006272812373936176 0.9999800324440002 71.79927825927734
0.9999468922615051 0.010196102783083916 0.0014383536763489246 -0.39053550362586975 -0.01020453404635191 0.9999300837516785 0.005980419926345348 -1.121230959892273 -0.0013772761449217796 -0.005994780920445919 0.9999811053276062 73.19375610351562
0.9999011158943176 0.01391560398042202 0.0020245311316102743 -0.400892972946167 -0.013925743289291859 0.9998900890350342 0.005083219613879919 -1.1403475999832153 -0.0019535725004971027 -0.005110910162329674 0.9999850392341614 74.60132598876953
0.9998741149902344 0.015619812533259392 0.0027960024308413267 -0.4105985462665558 -0.01563408598303795 0.9998644590377808 0.005157368257641792 -1.1614686250686646 -0.002715066075325012 -0.005200430750846863 0.9999827742576599 75.98017120361328
0.9998764395713806 0.015447093173861504 0.00290363235399127 -0.4118894636631012 -0.01546288002282381 0.9998652935028076 0.005494252312928438 -1.1772358417510986 -0.0028183709364384413 -0.005538471508771181 0.9999806880950928 77.37983703613281
0.9998844265937805 0.014833544380962849 0.0033283045049756765 -0.42136213183403015 -0.01485024206340313 0.9998769164085388 0.005049381870776415 -1.1963379383087158 -0.0032529947347939014 -0.005098225083202124 0.999981701374054 78.75326538085938
0.9999054074287415 0.013403082266449928 0.0030758066568523645 -0.42426663637161255 -0.01341561134904623 0.9999016523361206 0.004088883753865957 -1.2136023044586182 -0.0030207005329430103 -0.0041297608986496925 0.9999868869781494 80.14605712890625
0.9999165534973145 0.012653916142880917 0.0025928702671080828 -0.42514821887016296 -0.01266478281468153 0.999910831451416 0.004217799752950668 -1.2338935136795044 -0.002539267996326089 -0.004250286612659693 0.9999877214431763 81.51970672607422
0.9999158382415771 0.012719648890197277 0.0025409788358956575 -0.4316076636314392 -0.012730468064546585 0.9999097585678101 0.004287537652999163 -1.2529284954071045 -0.002486213343217969 -0.004319523926824331 0.9999876022338867 82.88496398925781
0.9999252557754517 0.012118463404476643 0.0015686600236222148 -0.4244540333747864 -0.012124159373342991 0.9999197721481323 0.0036749760620296 -1.2678461074829102 -0.0015239990316331387 -0.0036937203258275986 0.9999920129776001 84.2702407836914
0.9999249577522278 0.012203052639961243 0.0010697710094973445 -0.43972647190093994 -0.0122073320671916 0.9999171495437622 0.0040894257836043835 -1.2855846881866455 -0.0010197790106758475 -0.0041021788492798805 0.9999910593032837 85.63847351074219
0.9999300837516785 0.011822579428553581 7.660836854483932e-05 -0.44120022654533386 -0.01182281319051981 0.9999181032180786 0.004905015230178833 -1.3084884881973267 -1.861215969256591e-05 -0.004905578214675188 0.9999879598617554 87.0027847290039
0.9999512434005737 0.009838273748755455 -0.0008314332808367908 -0.4582015872001648 -0.009833325631916523 0.9999350309371948 0.005762356333434582 -1.3234708309173584 0.0008880708483047783 -0.005753899924457073 0.9999831318855286 88.42796325683594
0.9999670386314392 0.007816140539944172 -0.0022096086759120226 -0.4543786644935608 -0.0078016286715865135 0.9999483823776245 0.006502234842628241 -1.3532943725585938 0.0022603170946240425 -0.006484780926257372 0.999976396560669 89.75816345214844
0.9999831914901733 0.004895278252661228 -0.0030915425159037113 -0.4614764451980591 -0.0048747132532298565 0.9999661445617676 0.006625108886510134 -1.372257947921753 0.003123869188129902 -0.006609926465898752 0.9999732375144958 91.1155014038086
0.9999855756759644 0.003941165283322334 -0.003656181739643216 -0.4660482406616211 -0.003918228205293417 0.9999727010726929 0.006259693298488855 -1.3973970413208008 0.0036807525902986526 -0.00624527782201767 0.9999736547470093 92.49677276611328
0.9999872446060181 0.003199394792318344 -0.003926570061594248 -0.47885382175445557 -0.003176702419295907 0.9999783635139465 0.005771883763372898 -1.4108428955078125 0.003944950643926859 -0.0057593355886638165 0.9999756217002869 93.83891296386719
0.9999862313270569 0.003398878499865532 -0.004001613240689039 -0.49255430698394775 -0.003377957036718726 0.9999805688858032 0.00522341625764966 -1.431220293045044 0.004019288811832666 -0.005209826864302158 0.9999783635139465 95.19976043701172
0.9999883770942688 0.0032757925800979137 -0.003537379438057542 -0.5148352980613708 -0.0032586741726845503 0.999983012676239 0.004834306426346302 -1.4499621391296387 0.0035531551111489534 -0.004822723101824522 0.9999820590019226 96.5549545288086
0.9999857544898987 0.0040749176405370235 -0.0034372846130281687 -0.5263278484344482 -0.0040616197511553764 0.9999842643737793 0.0038664897438138723 -1.467284917831421 0.0034529860131442547 -0.003852474270388484 0.9999865889549255 97.90110778808594
0.9999805092811584 0.005539577919989824 -0.0028774135280400515 -0.5516191124916077 -0.0055275242775678635 0.999975860118866 0.004180308897048235 -1.4843339920043945 0.0029005017131567 -0.004164321813732386 0.9999870657920837 99.24742126464844
0.999979555606842 0.005712175741791725 -0.00287590897642076 -0.5496104955673218 -0.005695378873497248 0.9999668598175049 0.005815236363559961 -1.5096867084503174 0.0029090309981256723 -0.005798737518489361 0.9999789595603943 100.57817077636719
0.9999745488166809 0.006496309768408537 -0.0029573431238532066 -0.570030152797699 -0.006475536618381739 0.9999546408653259 0.006980604492127895 -1.5229878425598145 0.0030025572050362825 -0.006961275823414326 0.9999712705612183 101.90680694580078
0.9999773502349854 0.006206822581589222 -0.0026130275800824165 -0.5704970955848694 -0.006192210130393505 0.9999653697013855 0.005563569720834494 -1.5475026369094849 0.002647468587383628 -0.005547263193875551 0.9999811053276062 103.2777328491211
0.9999780058860779 0.006220114417374134 -0.0023067642468959093 -0.5885363817214966 -0.006212350446730852 0.9999750852584839 0.0033577214926481247 -1.5630214214324951 0.002327591646462679 -0.003343316726386547 0.9999916553497314 104.6022720336914
0.999980628490448 0.0055868844501674175 -0.002719675190746784 -0.593139111995697 -0.005581208970397711 0.9999823570251465 0.0020896007772535086 -1.585517168045044 0.0027313008904457092 -0.0020743815694004297 0.9999940991401672 105.93463134765625
0.9999920725822449 0.003029434010386467 -0.002586166840046644 -0.6019071936607361 -0.003020753851160407 0.9999898672103882 0.003353589214384556 -1.603845238685608 0.0025962998624891043 -0.0033457502722740173 0.9999910593032837 107.2667465209961
0.9999974370002747 0.00153287872672081 -0.0016540639335289598 -0.619303822517395 -0.001524345832876861 0.9999855160713196 0.005147963762283325 -1.6180686950683594 0.0016619315138086677 -0.0051454296335577965 0.99998539686203 108.60113525390625
0.9999995231628418 -0.00017707786173559725 -0.0008941685082390904 -0.6244154572486877 0.00018219037156086415 0.9999836087226868 0.005720839835703373 -1.6382337808609009 0.0008931407355703413 -0.005721000488847494 0.9999833106994629 109.94019317626953
0.9999998211860657 -0.0005933218635618687 -1.2650380995182786e-05 -0.6345952153205872 0.0005933692445978522 0.999991238117218 0.00414814380928874 -1.6510610580444336 1.0189084605372045e-05 -0.00414815079420805 0.9999914169311523 111.28230285644531
0.9999986290931702 0.0014638861175626516 0.0007421813788823783 -0.6460237503051758 -0.001465496839955449 0.999996542930603 0.0021741881500929594 -1.6710906028747559 -0.0007389960810542107 -0.00217527337372303 0.9999974370002747 112.60820007324219
0.9999919533729553 0.0035072150640189648 0.0019541983492672443 -0.6558711528778076 -0.0035068120341748 0.9999938011169434 -0.00020934693748131394 -1.691720962524414 -0.001954920357093215 0.0002024922432610765 0.9999980926513672 113.93663024902344
0.9999749660491943 0.0063127512112259865 0.0032158857211470604 -0.6613227128982544 -0.006312304642051458 0.9999800324440002 -0.00014871629537083209 -1.7127478122711182 -0.003216759767383337 0.0001284128666156903 0.9999948740005493 115.25717163085938
0.9999586343765259 0.007651002611964941 0.00492196436971426 -0.6669083833694458 -0.007660292088985443 0.9999688267707825 0.0018711686134338379 -1.7367416620254517 -0.004907494876533747 -0.0019087946275249124 0.9999860525131226 116.59756469726562
0.999950647354126 0.007830030284821987 0.0061081331223249435 -0.6654874086380005 -0.007854917086660862 0.9999608397483826 0.004060800187289715 -1.7538740634918213 -0.006076098419725895 -0.004108578432351351 0.9999730587005615 117.92644500732422
0.9999508261680603 0.00721349474042654 0.006803130730986595 -0.6669117212295532 -0.007245953194797039 0.9999624490737915 0.0047585549764335155 -1.7761157751083374 -0.0067685493268072605 -0.00480761518701911 0.9999655485153198 119.26041412353516
0.9999419450759888 0.007744150701910257 0.007485299836844206 -0.6552789807319641 -0.007774652447551489 0.9999616146087646 0.004054407589137554 -1.791475772857666 -0.007453612983226776 -0.004112367983907461 0.9999637603759766 120.6127700805664
0.9999141097068787 0.009420656599104404 0.009109258651733398 -0.6605877876281738 -0.009455804713070393 0.9999479651451111 0.0038232195656746626 -1.812178134918213 -0.009072770364582539 -0.003909026738256216 0.9999511241912842 121.93065643310547
0.9998831748962402 0.011194035410881042 0.010407335124909878 -0.6561558246612549 -0.011229436844587326 0.999931275844574 0.0033495358657091856 -1.8237543106079102 -0.010369126684963703 -0.003466013353317976 0.9999401569366455 123.27722930908203
0.999860405921936 0.01212488766759634 0.011492093093693256 -0.6530942916870117 -0.01215300615876913 0.9999232888221741 0.0023801338393241167 -1.847609519958496 -0.011462351307272911 -0.002519464585930109 0.9999311566352844 124.60098266601562
0.9998295307159424 0.013512583449482918 0.012586225755512714 -0.6480709314346313 -0.01352712418884039 0.9999079704284668 0.0010708096669986844 -1.858993411064148 -0.012570597231388092 -0.0012408822076395154 0.9999201893806458 125.95497131347656
0.9998313188552856 0.012397455051541328 0.013553420081734657 -0.639106035232544 -0.012415693141520023 0.9999220371246338 0.0012622610665857792 -1.8830190896987915 -0.013536719605326653 -0.001430323114618659 0.999907374382019 127.2928237915039
0.999819815158844 0.012090310454368591 0.014637711457908154 -0.6305538415908813 -0.012125619687139988 0.9999237060546875 0.002325948793441057 -1.900734543800354 -0.01460847444832325 -0.002503020688891411 0.9998902082443237 128.64263916015625
0.9998310208320618 0.010342953726649284 0.015205862931907177 -0.614837646484375 -0.010394610464572906 0.9999404549598694 0.003322017379105091 -1.9233593940734863 -0.015170597471296787 -0.0034795147366821766 0.9998788833618164 129.99317932128906
0.9998288154602051 0.009684072807431221 0.015772072598338127 -0.6011276245117188 -0.009744908660650253 0.999945342540741 0.0037849051877856255 -1.9411664009094238 -0.015734558925032616 -0.003937954548746347 0.9998685121536255 131.33995056152344
0.99984210729599 0.00782649777829647 0.015955084934830666 -0.5905919075012207 -0.007885050028562546 0.9999624490737915 0.003610324114561081 -1.954196810722351 -0.01592622697353363 -0.003735561389476061 0.999866247177124 132.69390869140625
0.999858558177948 0.006351424381136894 0.015574333257973194 -0.5781867504119873 -0.006419070530682802 0.9999700784683228 0.004297297447919846 -1.9767574071884155 -0.015546576119959354 -0.004396660719066858 0.9998694658279419 134.034912109375
0.9998756051063538 0.004870465956628323 0.015003837645053864 -0.5666999816894531 -0.0049307155422866344 0.9999798536300659 0.003981282468885183 -1.9927833080291748 -0.014984146691858768 -0.004054766148328781 0.9998794794082642 135.385498046875
0.9998978972434998 0.003710072487592697 0.013798086903989315 -0.553230881690979 -0.003760639810934663 0.9999862313270569 0.003640680806711316 -2.0084075927734375 -0.013784388080239296 -0.003692199010401964 0.9998981952667236 136.71844482421875
0.9999179244041443 0.0024659489281475544 0.012571210041642189 -0.5403275489807129 -0.0025217016227543354 0.9999870657920837 0.004421015735715628 -2.023730993270874 -0.012560144998133183 -0.004452354274690151 0.9999112486839294 138.0724639892578
0.9999338984489441 0.00045983243035152555 0.011488835327327251 -0.5252043008804321 -0.0005162160377949476 0.9999879598617554 0.004905210342258215 -2.047241687774658 -0.01148643996566534 -0.004910816438496113 0.999921977519989 139.42147827148438
0.9999465942382812 0.00033095444086939096 0.010324736125767231 -0.5178854465484619 -0.00037929374957457185 0.9999889731407166 0.004680280573666096 -2.0602200031280518 -0.010323073714971542 -0.0046839467249810696 0.9999357461929321 140.76046752929688
0.999957263469696 -0.0003186358662787825 0.00923360139131546 -0.514278769493103 0.0002782133815344423 0.9999904036521912 0.0043787178583443165 -2.0838005542755127 -0.009234908036887646 -0.004375962074846029 0.9999477863311768 142.1025390625
0.999967098236084 -0.0002823605900630355 0.008106251247227192 -0.5130867958068848 0.00025187680148519576 0.999992847442627 0.0037613098975270987 -2.099609136581421 -0.008107254281640053 -0.003759144339710474 0.9999600648880005 143.43521118164062
0.9999694228172302 -0.002832529367879033 0.007290953770279884 -0.5060582160949707 0.002820694586262107 0.999994695186615 0.0016330659855157137 -2.122814655303955 -0.007295540999621153 -0.001612450578249991 0.9999720454216003 144.7762908935547
0.999946117401123 -0.00832234788686037 0.006214397959411144 -0.4913874864578247 0.008316397666931152 0.9999649524688721 0.0009827637113630772 -2.140728235244751 -0.006222359370440245 -0.0009310293244197965 0.9999802112579346 146.1487579345703
0.99986732006073 -0.015291238203644753 0.005613803397864103 -0.49194079637527466 0.015271209180355072 0.9998769760131836 0.003593364730477333 -2.166905164718628 -0.00566805899143219 -0.0035071582533419132 0.9999777674674988 147.47418212890625
0.9997351765632629 -0.02270202338695526 0.0037515785079449415 -0.4796180725097656 0.02268233709037304 0.9997291564941406 0.005209797993302345 -2.1821508407592773 -0.0038688352797180414 -0.0051233237609267235 0.9999793171882629 148.82196044921875
0.9996452927589417 -0.026508046314120293 0.002571800723671913 -0.46192243695259094 0.02650381624698639 0.9996473789215088 0.0016645214054733515 -2.1964378356933594 -0.0026150173507630825 -0.001595768379047513 0.9999952912330627 150.17893981933594
0.9996699690818787 -0.025489475578069687 0.0032071610912680626 -0.46923866868019104 0.025493618100881577 0.9996741414070129 -0.001258004573173821 -2.225619077682495 -0.0031740504782646894 0.0013393517583608627 0.9999939799308777 151.51559448242188
0.9997507333755493 -0.02197190187871456 0.003959753550589085 -0.4797670841217041 0.021984737366437912 0.9997530579566956 -0.0032272329553961754 -2.2534780502319336 -0.003887868020683527 0.0033134822733700275 0.9999868869781494 152.8392333984375
0.9997425079345703 -0.022070588544011116 0.005277622025460005 -0.48961377143859863 0.022087102755904198 0.9997512698173523 -0.0030915006063878536 -2.282477617263794 -0.0052080778405070305 0.003207271918654442 0.9999812841415405 154.17312622070312
0.9996663331985474 -0.025101713836193085 0.0060873678885400295 -0.4921148419380188 0.02509923465549946 0.999684751033783 0.0004829629324376583 -2.308229446411133 -0.006097572389990091 -0.0003300136886537075 0.9999813437461853 155.5160675048828
0.9994984865188599 -0.031012820079922676 0.00639839144423604 -0.4738529920578003 0.03099238872528076 0.9995142817497253 0.0032687366474419832 -2.3318283557891846 -0.0064966571517288685 -0.003068795893341303 0.9999741911888123 156.8634490966797
0.9993791580200195 -0.034706961363554 0.00604666443541646 -0.46106022596359253 0.0346793532371521 0.9993879199028015 0.0046120029874145985 -2.3478167057037354 -0.006203031167387962 -0.004399444907903671 0.9999710917472839 158.20254516601562
0.9993310570716858 -0.03601408004760742 0.006359113845974207 -0.45240819454193115 0.03598597273230553 0.9993422627449036 0.0044801607728004456 -2.3673646450042725 -0.006516279187053442 -0.004248324781656265 0.9999697208404541 159.5573272705078
0.9993884563446045 -0.034206125885248184 0.007258926052600145 -0.45065343379974365 0.034168045967817307 0.9994019865989685 0.005306484643369913 -2.3842029571533203 -0.00743609806522727 -0.0050552161410450935 0.9999595880508423 160.8993377685547
0.999513566493988 -0.030101042240858078 0.008159155026078224 -0.4423724412918091 0.030066264793276787 0.9995384812355042 0.00435203080996871 -2.4012374877929688 -0.008286390453577042 -0.004104598890990019 0.999957263469696 162.2616729736328
0.9995969533920288 -0.026634978130459785 0.009826484136283398 -0.46102726459503174 0.026612695306539536 0.9996429681777954 0.0023911031894385815 -2.4223010540008545 -0.009886662475764751 -0.0021286301780492067 0.9999488592147827 163.5686798095703
0.9996622204780579 -0.02370876632630825 0.010654378682374954 -0.4534738063812256 0.023691164329648018 0.9997177124023438 0.0017753627616912127 -2.4408884048461914 -0.010693464428186417 -0.001522348029538989 0.9999416470527649 164.9196319580078
0.9997023940086365 -0.021725818514823914 0.011094300076365471 -0.45420682430267334 0.021693821996450424 0.9997602701187134 0.0029961306136101484 -2.4607748985290527 -0.011156734079122543 -0.0027545613702386618 0.9999338984489441 166.2740478515625
0.9997522234916687 -0.019826123490929604 0.01012042909860611 -0.432603120803833 0.019801514223217964 0.9998008608818054 0.0025255547370761633 -2.4832046031951904 -0.010168484412133694 -0.0023245292250066996 0.9999455809593201 167.64039611816406
0.9997958540916443 -0.017325639724731445 0.010398403741419315 -0.43398261070251465 0.017326967790722847 0.999849796295166 -3.783164356718771e-05 -2.497445583343506 -0.010396189987659454 0.0002179967559641227 0.999945878982544 168.99864196777344
0.9998572468757629 -0.013692869804799557 0.009902025572955608 -0.43104088306427 0.013721410185098648 0.9999018311500549 -0.002820434747263789 -2.5180234909057617 -0.009862435050308704 0.002955902134999633 0.9999469518661499 170.34498596191406
0.9999147057533264 -0.008345461450517178 0.010045074857771397 -0.43366575241088867 0.008385229855775833 0.9999570846557617 -0.00392336817458272 -2.5487585067749023 -0.010011902078986168 0.004007263109087944 0.9999418258666992 171.7164764404297
0.9999385476112366 -0.0038700031582266092 0.010383651591837406 -0.43436169624328613 0.003898672992363572 0.9999886155128479 -0.00274227699264884 -2.5735559463500977 -0.010372919961810112 0.002782591385766864 0.9999423027038574 173.08673095703125
0.9999393820762634 -0.0007200316758826375 0.010979639366269112 -0.43519437313079834 0.000729694205801934 0.9999993443489075 -0.0008760780328884721 -2.5991053581237793 -0.01097900327295065 0.0008840368827804923 0.9999392628669739 174.45205688476562
0.9999397993087769 0.0002996695111505687 0.010968897491693497 -0.4285597801208496 -0.0003138562897220254 0.9999990463256836 0.0012916616396978498 -2.6210954189300537 -0.01096850074827671 -0.0012950263917446136 0.9999390244483948 175.83358764648438
0.9999469518661499 -0.0030816972721368074 0.00983431376516819 -0.41625118255615234 0.00305777695029974 0.9999923706054688 0.0024464265443384647 -2.6431541442871094 -0.009841776452958584 -0.002416225615888834 0.9999486804008484 177.21339416503906
0.9999513030052185 -0.0051827989518642426 0.008395942859351635 -0.40390264987945557 0.0051635559648275375 0.9999841451644897 0.0023117936216294765 -2.6592020988464355 -0.008407792076468468 -0.0022683285642415285 0.9999620914459229 178.6113739013672
0.9999643564224243 -0.005260924343019724 0.006598486099392176 -0.40124690532684326 0.005274970084428787 0.9999838471412659 -0.002113181399181485 -2.6796839237213135 -0.006587263196706772 0.002147912746295333 0.9999760389328003 180.01068115234375
0.9999786019325256 -0.004497034475207329 0.0047525325790047646 -0.3931806683540344 0.004524520132690668 0.999972939491272 -0.005788429174572229 -2.7123825550079346 -0.004726373590528965 0.005809807684272528 0.9999719262123108 181.406005859375
0.9999911785125732 0.000517999054864049 0.004155410453677177 -0.40297967195510864 -0.0004912707954645157 0.9999791979789734 -0.0064306119456887245 -2.7393698692321777 -0.004158655647188425 0.006428515072911978 0.9999706745147705 182.80873107910156
0.999983012676239 0.00416976772248745 0.004069348331540823 -0.4091968536376953 -0.004146579187363386 0.999975323677063 -0.005690207704901695 -2.768105983734131 -0.0040929741226136684 0.005673238541930914 0.9999754428863525 184.2032470703125
0.9999714493751526 0.0059767528437078 0.004619713872671127 -0.4200522303581238 -0.005966997239738703 0.9999799728393555 -0.0021226222161203623 -2.7978270053863525 -0.0046323081478476524 0.0020949961617588997 0.999987006187439 185.5931854248047
0.9999657273292542 0.00666032312437892 0.004917765501886606 -0.4219381809234619 -0.006660540588200092 0.9999778270721436 2.7790782041847706e-05 -2.820819616317749 -0.004917472135275602 -6.0544811276486143e-05 0.9999879002571106 186.9925994873047
0.999968945980072 0.005973248742520809 0.005144540220499039 -0.42231661081314087 -0.005977816414088011 0.9999817609786987 0.0008728309185244143 -2.8352489471435547 -0.005139232613146305 -0.0009035568800754845 0.9999864101409912 188.4163818359375
0.9999774694442749 0.004447606857866049 0.005026592407375574 -0.41794127225875854 -0.004454479087144136 0.9999891519546509 0.0013568365247920156 -2.85762882232666 -0.005020503420382738 -0.0013791965320706367 0.999986469745636 189.84732055664062
0.9999850392341614 0.0012416261015459895 0.005309215746819973 -0.4196969270706177 -0.0012532391119748354 0.9999967813491821 0.00218475260771811 -2.884049892425537 -0.005306486506015062 -0.002191373845562339 0.9999834895133972 191.27890014648438
0.9999858736991882 -0.0013773342361673713 0.005128588527441025 -0.3990876078605652 0.0013671857304871082 0.999997079372406 0.0019817990250885487 -2.9000988006591797 -0.005131303332746029 -0.001974759390577674 0.999984860420227 192.71432495117188
0.9999725222587585 -0.004732629284262657 0.005697661079466343 -0.4014962911605835 0.004713163711130619 0.999983012676239 0.003425043076276779 -2.9237213134765625 -0.005713772960007191 -0.0033980950247496367 0.9999778866767883 194.1390380859375
0.9999396800994873 -0.009164437651634216 0.006054752506315708 -0.38954269886016846 0.009135812520980835 0.9999470114707947 0.00473890732973814 -2.9394731521606445 -0.006097861565649509 -0.0046833050437271595 0.9999703764915466 195.59384155273438
0.9999111890792847 -0.011687367223203182 0.006407871842384338 -0.37995660305023193 0.011657636612653732 0.9999212026596069 0.004657496698200703 -2.95615553855896 -0.006461800541728735 -0.004582381807267666 0.9999686479568481 197.0365447998047
0.999930202960968 -0.009717865847051144 0.006722693797200918 -0.3800889253616333 0.009715383872389793 0.9999527335166931 0.0004017457249574363 -2.9811904430389404 -0.006726279854774475 -0.0003364041040185839 0.9999773502349854 198.47311401367188
0.9999716877937317 -0.002486045239493251 0.00709712877869606 -0.38538217544555664 0.0025193674955517054 0.9999858140945435 -0.004690137691795826 -3.0012519359588623 -0.007085368502885103 0.004707885906100273 0.9999637603759766 199.89797973632812
0.9999412298202515 0.006717897951602936 0.008507337421178818 -0.39691126346588135 -0.006677162833511829 0.9999661445617676 -0.004807584453374147 -3.0278172492980957 -0.008539346046745777 0.004750498104840517 0.9999522566795349 201.34487915039062
0.9998498558998108 0.014607013203203678 0.009323593229055405 -0.4006161689758301 -0.014595829881727695 0.9998927116394043 -0.0012664585374295712 -3.0497641563415527 -0.009341091848909855 0.0011301827616989613 0.9999557137489319 202.79173278808594
0.999834418296814 0.014900252223014832 0.010447460226714611 -0.4016144275665283 -0.014914736151695251 0.9998878836631775 0.001309828134253621 -3.0803987979888916 -0.010426770895719528 -0.0014654321130365133 0.9999445676803589 204.22474670410156
0.9998661875724792 0.01310297567397356 0.009791046380996704 -0.3952951431274414 -0.013119951821863651 0.9999125003814697 0.0016717547550797462 -3.098458766937256 -0.009768283925950527 -0.0017999892588704824 0.999950647354126 205.6576690673828
0.999913215637207 0.009856998920440674 0.0087368693202734 -0.3797473907470703 -0.009870318695902824 0.999950110912323 0.0014827377162873745 -3.11598801612854 -0.008721820078790188 -0.001568844891153276 0.999960720539093 207.12429809570312
0.9999334812164307 0.00805901549756527 0.00824766792356968 -0.3818798065185547 -0.008066640235483646 0.9999670386314392 0.0008917648228816688 -3.1349129676818848 -0.008240208961069584 -0.0009582365746609867 0.9999655485153198 208.57676696777344
0.9999369978904724 0.0085488585755229 0.007283033337444067 -0.35952794551849365 -0.008550908416509628 0.9999634027481079 0.00025051727425307035 -3.156092882156372 -0.007280625402927399 -0.0003127780510112643 0.999973475933075 210.0807342529297
0.999919593334198 0.010301073081791401 0.007395117077976465 -0.3677253723144531 -0.010305536910891533 0.9999467134475708 0.0005657243309542537 -3.181032180786133 -0.007388893980532885 -0.0006418892880901694 0.9999725222587585 211.51919555664062
0.9999182820320129 0.010873871855437756 0.006716415286064148 -0.3593560457229614 -0.010881999507546425 0.9999399781227112 0.001174609991721809 -3.2037086486816406 -0.006703239865601063 -0.0012476020492613316 0.9999767541885376 212.9770965576172
0.9999164938926697 0.010859576985239983 0.00700392946600914 -0.36310911178588867 -0.010866775177419186 0.9999403953552246 0.0009903735481202602 -3.2264063358306885 -0.006992756389081478 -0.0010664009023457766 0.9999749660491943 214.4507293701172
0.9999246597290039 0.010283639654517174 0.006699972320348024 -0.3616209030151367 -0.01028344128280878 0.9999471306800842 -6.382924038916826e-05 -3.254391670227051 -0.0067002736032009125 -5.074311047792435e-06 0.9999775290489197 215.9221954345703
0.9999331831932068 0.009685559198260307 0.006305083632469177 -0.35442984104156494 -0.00968245230615139 0.9999529719352722 -0.0005233331467024982 -3.267881155014038 -0.006309856195002794 0.00046224953257478774 0.9999799728393555 217.39683532714844
0.9999307990074158 0.010085027664899826 0.006052877753973007 -0.3557777404785156 -0.010080898180603981 0.9999488592147827 -0.000712487380951643 -3.2908246517181396 -0.006059754174202681 0.0006514196866191924 0.9999814033508301 218.87245178222656
0.9999287724494934 0.010366573929786682 0.005909803323447704 -0.3568803071975708 -0.010361057706177235 0.999945878982544 -0.0009628559346310794 -3.313119411468506 -0.005919464863836765 0.0009015555260702968 0.9999820590019226 220.35472106933594
0.9999316334724426 0.010287375189363956 0.005553671158850193 -0.3534224033355713 -0.010281430557370186 0.9999465942382812 -0.0010978810023516417 -3.339250087738037 -0.00556466868147254 0.0010407062945887446 0.9999839663505554 221.85006713867188
0.9999262094497681 0.011028707958757877 0.0050886995159089565 -0.3520174026489258 -0.011023513972759247 0.9999386668205261 -0.0010477002942934632 -3.3717191219329834 -0.005099942907691002 0.0009915278060361743 0.999986469745636 223.314697265625
