1.0 0.0 0.0 0.0 0.0 1.0 0.0 0.0 0.0 0.0 1.0 0.0
1.0 -6.618591578444466e-05 0.00012043832248309627 -0.01479860208928585 6.601170025533065e-05 0.999998927116394 0.0014459481462836266 -0.012693071737885475 -0.00012053389946231619 -0.0014459401136264205 0.999998927116394 1.315588355064392
0.9999985098838806 -0.0015967831714078784 -0.0006965745124034584 -0.008921838365495205 0.0015979941235855222 0.9999971389770508 0.0017407960258424282 -0.039096634835004807 0.0006937928847037256 -0.0017419063951820135 0.9999982714653015 2.621150493621826
0.9999960660934448 -0.002729375846683979 -0.0006656691548414528 -0.014767858199775219 0.002729830564931035 0.9999960660934448 0.0006840283167548478 -0.0545060932636261 0.0006637995829805732 -0.0006858427659608424 0.999999463558197 3.9337751865386963
0.9999951720237732 -0.0030505680479109287 -0.0005875464994460344 -0.02353709563612938 0.003051013220101595 0.9999950528144836 0.0007583856931887567 -0.07276541739702225 0.0005852300091646612 -0.0007601745892316103 0.9999995231628418 5.257082939147949
0.9999929070472717 -0.003692574566230178 -0.0007080415380187333 -0.02283894270658493 0.0036938763223588467 0.9999914765357971 0.0018452773801982403 -0.10001000761985779 0.0007012216374278069 -0.0018478797283023596 0.9999980330467224 6.582311630249023
0.9999865293502808 -0.005164263769984245 -0.0005241349572315812 -0.02865394577383995 0.005165797658264637 0.9999822974205017 0.0029682647436857224 -0.11562075465917587 0.0005087967729195952 -0.0029709322843700647 0.9999953508377075 7.904893398284912
0.9999892711639404 -0.004613296594470739 -0.0004480189236346632 -0.038865551352500916 0.004614846780896187 0.9999831318855286 0.0035245988983660936 -0.13539430499076843 0.0004317513376008719 -0.003526628017425537 0.9999936819076538 9.245460510253906
0.9999931454658508 -0.0036446410231292248 -0.0006934714037925005 -0.04685831815004349 0.0036457167007029057 0.9999920725822449 0.0015562857734039426 -0.1508132815361023 0.0006877939449623227 -0.001558802672661841 0.9999985098838806 10.59506893157959
0.9999986886978149 -0.0012706395937129855 -0.0010121430968865752 -0.05383564159274101 0.001270328531973064 0.9999991655349731 -0.0003079237067140639 -0.17734622955322266 0.0010125335538759828 0.0003066376375500113 0.9999994039535522 11.928287506103516
0.9999969005584717 0.0024426018353551626 -0.0005515310913324356 -0.07619628310203552 -0.00244327774271369 0.9999963045120239 -0.0012274982873350382 -0.20007729530334473 0.00054853071924299 0.0012288418365642428 0.9999991059303284 13.260698318481445
0.9999890327453613 0.004636568017303944 -0.0005324896774254739 -0.09142956137657166 -0.004637273494154215 0.9999883770942688 -0.0013311676448211074 -0.22108468413352966 0.0005263113416731358 0.0013336223782971501 0.9999989867210388 14.610260963439941
0.999982476234436 0.0058822790160775185 -0.000649760477244854 -0.09553812444210052 -0.005882634315639734 0.9999825954437256 -0.0005460405955091119 -0.24134543538093567 0.0006465371116064489 0.0005498534301295877 0.9999995827674866 15.964820861816406
0.9999942183494568 0.003380530048161745 0.0002765537064988166 -0.11132241785526276 -0.0033811454195529222 0.9999917149543762 0.002258104970678687 -0.26461607217788696 -0.0002689178509172052 -0.002259026514366269 0.9999974370002747 17.318675994873047
0.9999995827674866 -0.0008424423285759985 0.0003767994639929384 -0.11372867226600647 0.0008408667636103928 0.9999909996986389 0.004162592813372612 -0.28395381569862366 -0.0003803028375841677 -0.0041622743010520935 0.999991238117218 18.67708396911621
0.9999949932098389 -0.003126259660348296 0.000271388707915321 -0.12133712321519852 0.0031257513910531998 0.9999933242797852 0.0018545457860454917 -0.2995670735836029 -0.00027718470664694905 -0.0018536881543695927 0.9999982714653015 20.01735496520996
0.9999884366989136 -0.004803251009434462 0.00010218450188403949 -0.12540625035762787 0.0048032356426119804 0.9999883770942688 0.0001556834758957848 -0.32708266377449036 -0.00010293111699866131 -0.00015519087901338935 1.0 21.379213333129883
0.9999971985816956 -0.001974196173250675 0.001319626346230507 -0.14764706790447235 0.00197618268430233 0.9999968409538269 -0.0015052917879074812 -0.34375765919685364 -0.0013166506541892886 0.0015078953001648188 0.9999979734420776 22.72540283203125
0.9999986290931702 0.00042012386256828904 0.0015555889112874866 -0.1509346067905426 -0.00042068606126122177 0.9999997615814209 0.0003611015563365072 -0.35978615283966064 -0.0015554368728771806 -0.00036175549030303955 0.9999987483024597 24.108766555786133
0.9999974370002747 0.0009666463593021035 0.0020174901001155376 -0.15466175973415375 -0.0009750010212883353 0.9999908208847046 0.004144245758652687 -0.3809950351715088 -0.002013465855270624 -0.004146202467381954 0.99998939037323 25.481870651245117
0.9999964237213135 -0.0010690074414014816 0.002427171915769577 -0.1558864861726761 0.0010545216500759125 0.9999815821647644 0.005961648188531399 -0.39290153980255127 -0.002433500485494733 -0.005959067493677139 0.9999793171882629 26.868051528930664
0.9999784827232361 -0.006327657960355282 0.001724138273857534 -0.1392301619052887 0.00632012402638793 0.9999706149101257 0.004340500570833683 -0.41599681973457336 -0.001751552801579237 -0.004329511430114508 0.9999890923500061 28.301977157592773
0.9999780058860779 -0.006368173751980066 0.0018095489358529449 -0.14255453646183014 0.00636444753035903 0.9999775886535645 0.00205719075165689 -0.4299200773239136 -0.0018226089887320995 -0.0020456300117075443 0.9999962449073792 29.67586898803711
0.9999739527702332 -0.0066153197549283504 0.002867858624085784 -0.15468929708003998 0.006616965867578983 0.9999779462814331 -0.0005648941732943058 -0.44976478815078735 -0.002864058595150709 0.0005838560755364597 0.9999956488609314 31.043659210205078
0.9999880194664001 -0.003267314750701189 0.003643603064119816 -0.16768580675125122 0.0032710833474993706 0.999994158744812 -0.0010286802425980568 -0.47454240918159485 -0.003640220733359456 0.001040586386807263 0.9999927878379822 32.42380905151367
0.9999896287918091 -0.0023954929783940315 0.0038590114563703537 -0.169380784034729 0.0024088413920253515 0.9999911189079285 -0.003458067774772644 -0.4991607964038849 -0.003850693581625819 0.003467328380793333 0.9999865889549255 33.7978401184082
0.9999909996986389 -0.0018253116868436337 0.0038233334198594093 -0.16705842316150665 0.0018360831309109926 0.9999943375587463 -0.0028156598564237356 -0.5223703980445862 -0.0038181724958121777 0.002822654787451029 0.9999887943267822 35.19102478027344
0.9999914765357971 -0.0010383387561887503 0.003992677200585604 -0.18351146578788757 0.0010456498712301254 0.9999979138374329 -0.001829455140978098 -0.546723484992981 -0.003990767989307642 0.0018336144275963306 0.9999903440475464 36.584075927734375
0.9999935030937195 0.00045423622941598296 0.0035791536793112755 -0.1884899139404297 -0.00045391751336865127 0.9999999403953552 -8.9931272668764e-05 -0.5710275173187256 -0.003579194424673915 8.83061729837209e-05 0.9999935030937195 37.9829216003418
0.999989926815033 0.0027214803267270327 0.0035679058637470007 -0.19224953651428223 -0.0027236465830355883 0.9999961256980896 0.0006024602334946394 -0.6033948659896851 -0.0035662525333464146 -0.0006121718906797469 0.9999934434890747 39.37717819213867
0.9999776482582092 0.005222998093813658 0.004167710896581411 -0.205893874168396 -0.0052237072959542274 0.9999864101409912 0.0001592919579707086 -0.6229466199874878 -0.004166821483522654 -0.0001810593530535698 0.9999913573265076 40.764163970947266
0.9999657869338989 0.007354904897511005 0.003785680513828993 -0.20982526242733002 -0.007356240414083004 0.9999728798866272 0.00033895461820065975 -0.6404181718826294 -0.0037830849178135395 -0.00036679135519079864 0.9999927878379822 42.18330383300781
0.9999642372131348 0.007837964221835136 0.0031937845051288605 -0.20907187461853027 -0.007839232683181763 0.9999691843986511 0.0003851099172607064 -0.6614807844161987 -0.003190667601302266 -0.0004101328959222883 0.9999948143959045 43.585533142089844
0.999967098236084 0.00749479653313756 0.0031076862942427397 -0.22617602348327637 -0.007495607249438763 0.999971866607666 0.0002489497128408402 -0.6852895021438599 -0.0031057337764650583 -0.00027223548386245966 0.9999950528144836 44.974578857421875
0.9999769330024719 0.006436383351683617 0.0021921417210251093 -0.22287921607494354 -0.0064360774122178555 0.9999792575836182 -0.00014694857236463577 -0.7056043744087219 -0.002193042077124119 0.00013283635780680925 0.9999974966049194 46.380733489990234
0.9999855160713196 0.005221526138484478 0.0012592835118994117 -0.2339804321527481 -0.005221818573772907 0.999986469745636 0.00022919417824596167 -0.7303174734115601 -0.0012580695329234004 -0.00023576671082992107 0.9999991655349731 47.77016830444336
0.9999848008155823 0.005507579538971186 0.00013122304517310113 -0.23606429994106293 -0.0055077094584703445 0.9999843835830688 0.0010091194417327642 -0.7462640404701233 -0.00012566325312945992 -0.0010098268976435065 0.9999995231628418 49.200801849365234
0.9999836683273315 0.00560090783983469 -0.0012332911137491465 -0.24433013796806335 -0.005599386990070343 0.999983549118042 0.001232946407981217 -0.7771068811416626 0.0012401764979586005 -0.001226020511239767 0.9999984502792358 50.60911178588867
0.9999809265136719 0.005672866012901068 -0.002456501591950655 -0.2586168646812439 -0.005668582860380411 0.9999824166297913 0.0017469400772824883 -0.7961161136627197 0.0024663684889674187 -0.0017329818801954389 0.9999954104423523 52.021141052246094
0.9999761581420898 0.006080551538616419 -0.0032817083410918713 -0.27874693274497986 -0.0060723284259438515 0.9999783635139465 0.0025100770872086287 -0.8169691562652588 0.003296900074928999 -0.002490089740604162 0.9999914765357971 53.42577362060547
0.9999814033508301 0.004661101382225752 -0.0039442237466573715 -0.29035940766334534 -0.004647798836231232 0.999983549118042 0.0033752652816474438 -0.8350138068199158 0.00395989092066884 -0.003356870263814926 0.9999865293502808 54.86087417602539
0.9999852180480957 0.002710482571274042 -0.004713587928563356 -0.30187830328941345 -0.0026925436686724424 0.9999891519546509 0.0038079973310232162 -0.857853889465332 0.004723857622593641 -0.0037952493876218796 0.9999816417694092 56.29772186279297
0.9999865293502808 0.00028202563407830894 -0.005175699479877949 -0.3162321150302887 -0.00026534649077802896 0.9999948143959045 0.0032229756470769644 -0.8740670680999756 0.005176580976694822 -0.003221558639779687 0.9999814033508301 57.71399688720703
0.9999855160713196 -0.0008698904421180487 -0.005316769704222679 -0.33002349734306335 0.0008888844749890268 0.9999932050704956 0.0035711294040083885 -0.9002832770347595 0.005313626956194639 -0.0035758030135184526 0.9999794960021973 59.122310638427734
0.9999865889549255 -0.0020098660606890917 -0.004784917924553156 -0.3422040343284607 0.00202899519354105 0.9999899864196777 0.003996316343545914 -0.9151384234428406 0.004776837304234505 -0.004005970899015665 0.999980628490448 60.54841613769531
0.9999874830245972 -0.0025614008773118258 -0.004294693004339933 -0.35603252053260803 0.0025812166277319193 0.999985933303833 0.004614738747477531 -0.9365559220314026 0.004282813519239426 -0.004625765606760979 0.9999801516532898 61.9701042175293
0.9999845027923584 -0.00428401306271553 -0.0035490933805704117 -0.37623050808906555 0.00430054496973753 0.9999797940254211 0.004663567058742046 -0.9613203406333923 0.0035290431696921587 -0.004678757861256599 0.9999828338623047 63.36555099487305
0.9999796152114868 -0.005712923128157854 -0.002861476968973875 -0.3851415812969208 0.005723295267671347 0.9999769926071167 0.003629548940807581 -0.9864073395729065 0.0028406756464391947 -0.0036458519753068686 0.9999892711639404 64.7484130859375
0.9999793171882629 -0.005892775021493435 -0.002590040909126401 -0.38294482231140137 0.005901094991713762 0.9999774694442749 0.0032163504511117935 -1.0053598880767822 0.002571028657257557 -0.0032315682619810104 0.9999914765357971 66.16254425048828
0.9999925494194031 -0.0034801182337105274 -0.0016805777559056878 -0.40055614709854126 0.0034851825330406427 0.99998939037323 0.0030195959843695164 -1.029284954071045 0.0016700513660907745 -0.0030254304874688387 0.9999940395355225 67.55670166015625
0.9999997019767761 -0.00024449589545838535 -0.0007666627061553299 -0.42146578431129456 0.00024778052465990186 0.999990701675415 0.00428709015250206 -1.0488998889923096 0.0007656075758859515 -0.004287279210984707 0.9999905228614807 68.95355224609375
0.999995768070221 0.0029259209986776114 0.00015599715698044747 -0.43858760595321655 -0.0029267636127769947 0.9999794363975525 0.00570895429700613 -1.0706120729446411 -0.00013928997213952243 -0.005709386430680752 0.9999837279319763 70.35319519042969
0.9999735355377197 0.007243449799716473 0.0006550158723257482 -0.4493914246559143 -0.007247385568916798 0.999954342842102 0.006221146788448095 -1.093092918395996 -0.0006099235033616424 -0.006225730758160353 0.9999804496765137 71.71792602539062
0.9999414682388306 0.010768930427730083 0.0010253762593492866 -0.45783671736717224 -0.010774831287562847 0.99992436170578 0.005936014000326395 -1.109631896018982 -0.0009613742586225271 -0.005946715362370014 0.9999818801879883 73.12480163574219
0.9998894333839417 0.014740797691047192 0.001953654456883669 -0.4857565462589264 -0.014750850386917591 0.9998775124549866 0.005235434975475073 -1.1308465003967285 -0.0018762407125905156 -0.005263674072921276 0.9999843835830688 74.49563598632812
0.9998634457588196 0.0162724107503891 0.002854335820302367 -0.49627405405044556 -0.01628721132874489 0.9998536109924316 0.005240218248218298 -1.1499931812286377 -0.002768646227195859 -0.005285992287099361 0.9999821782112122 75.88987731933594
0.9998646378517151 0.016199998557567596 0.0028720698319375515 -0.4970858097076416 -0.016215315088629723 0.9998539686203003 0.00539224362000823 -1.1617215871810913 -0.002784295938909054 -0.005438085179775953 0.9999813437461853 77.30437469482422
0.9998674988746643 0.015925027430057526 0.003371193539351225 -0.5092751979827881 -0.015942201018333435 0.9998596906661987 0.005129492841660976 -1.1895850896835327 -0.0032890336588025093 -0.0051825568079948425 0.9999811053276062 78.65055084228516
0.9998893141746521 0.014510106295347214 0.003270037705078721 -0.515432596206665 -0.01452387124300003 0.999885618686676 0.004226136486977339 -1.207417368888855 -0.0032083417754620314 -0.00427316315472126 0.9999856352806091 80.04364776611328
0.999900758266449 0.013812257908284664 0.002769548911601305 -0.5175099968910217 -0.013824309222400188 0.9998947978019714 0.004380811471492052 -1.228094458580017 -0.002708749147132039 -0.004418664611876011 0.9999865889549255 81.42020416259766
0.9999004006385803 0.01387014240026474 0.002576068975031376 -0.5203473567962646 -0.013881121762096882 0.9998944401741028 0.004294170066714287 -1.2440049648284912 -0.002516236389055848 -0.004329501185566187 0.9999874830245972 82.80899810791016
0.999910831451416 0.013235410675406456 0.0017333923606202006 -0.5166946649551392 -0.01324185635894537 0.9999052286148071 0.003760808613151312 -1.2611526250839233 -0.0016834521666169167 -0.0037834267131984234 0.9999914169311523 84.18611145019531
0.999907910823822 0.013503274880349636 0.0012995406286790967 -0.5372404456138611 -0.013508608564734459 0.9998999238014221 0.004187288228422403 -1.2792179584503174 -0.0012428686022758484 -0.004204457625746727 0.9999903440475464 85.5579833984375
0.9999135732650757 0.013138673268258572 0.0004929722636006773 -0.537115216255188 -0.01314098946750164 0.9999009370803833 0.00503693800419569 -1.3036760091781616 -0.0004267447511665523 -0.005042980890721083 0.9999871850013733 86.90137481689453
0.9999361634254456 0.011296053417026997 -0.00013570072769653052 -0.5669108033180237 -0.011294989846646786 0.9999167919158936 0.0062341815792024136 -1.3337944746017456 0.00020611111540347338 -0.006232250947505236 0.9999805688858032 88.28753662109375
0.9999591112136841 0.008914327248930931 -0.001510030822828412 -0.5784674286842346 -0.00890384055674076 0.9999371767044067 0.006813375279307365 -1.345141887664795 0.0015706728445366025 -0.006799650844186544 0.9999756217002869 89.66078186035156
0.999975860118866 0.006581760011613369 -0.0022071890998631716 -0.5826432704925537 -0.006566086318343878 0.9999536871910095 0.007034795358777046 -1.3756849765777588 0.0022533880546689034 -0.007020133081823587 0.9999728202819824 91.01606750488281
0.9999803304672241 0.005600089207291603 -0.0028268196620047092 -0.5912890434265137 -0.005582206416875124 0.9999645948410034 0.006294959224760532 -1.3898999691009521 0.002861972199752927 -0.006279055029153824 0.9999761581420898 92.38944244384766
0.9999867677688599 0.004393631126731634 -0.002671708818525076 -0.6031818985939026 -0.004377409350126982 0.9999721050262451 0.006047199945896864 -1.410746693611145 0.0026982035487890244 -0.006035424768924713 0.9999781250953674 93.7147445678711
0.9999840259552002 0.004604297690093517 -0.003246600739657879 -0.6089438199996948 -0.004586631897836924 0.9999746680259705 0.0054277474991977215 -1.4260345697402954 0.003271509660407901 -0.005412771366536617 0.9999799728393555 95.07913970947266
0.99998539686203 0.004454879555851221 -0.0030622868798673153 -0.6199686527252197 -0.0044399444013834 0.999978244304657 0.004866787698119879 -1.4457764625549316 0.003083901247009635 -0.004853120539337397 0.9999834299087524 96.44550323486328
0.9999815821647644 0.005252605304121971 -0.00305288122035563 -0.6332192420959473 -0.005239596590399742 0.999977171421051 0.004253395367413759 -1.46675705909729 0.003075153101235628 -0.004237321205437183 0.9999862909317017 97.78275299072266
0.9999720454216003 0.006952575407922268 -0.0027427945751696825 -0.6495720744132996 -0.006940987892448902 0.9999670386314392 0.00421218341216445 -1.4792492389678955 0.0027719896752387285 -0.0041930279694497585 0.9999873638153076 99.12020111083984
0.9999702572822571 0.007333727087825537 -0.0023829832207411528 -0.6639810800552368 -0.007319730240851641 0.9999561905860901 0.0058303102850914 -1.4980520009994507 0.0024256366305053234 -0.005812693852931261 0.9999801516532898 100.4522705078125
0.9999629855155945 0.008315122686326504 -0.0022182774264365435 -0.6829361915588379 -0.008298704400658607 0.99993896484375 0.007310481742024422 -1.520774483680725 0.002278929343447089 -0.007291803136467934 0.9999707937240601 101.79003143310547
0.9999668598175049 0.007868909277021885 -0.0021058281417936087 -0.69447922706604 -0.007856271229684353 0.9999514818191528 0.005944389384239912 -1.534263014793396 0.0021525018382817507 -0.005927649326622486 0.999980092048645 103.12907409667969
0.999967098236084 0.007907360792160034 -0.0018021153518930078 -0.7103429436683655 -0.007900835946202278 0.9999624490737915 0.0035980967804789543 -1.55653715133667 0.0018304986879229546 -0.0035837404429912567 0.9999918937683105 104.42173767089844
0.9999740123748779 0.00689336284995079 -0.0020999819971621037 -0.7160119414329529 -0.006888833362609148 0.9999740123748779 0.0021565542556345463 -1.5700464248657227 0.0021147930528968573 -0.002142032142728567 0.9999954700469971 105.77073669433594
0.9999877214431763 0.004571037366986275 -0.0019281166605651379 -0.7284064292907715 -0.004563597496598959 0.9999821782112122 0.003845395054668188 -1.5990192890167236 0.001945659751072526 -0.0038365484215319157 0.9999907612800598 107.07852172851562
0.9999964237213135 0.002365762833505869 -0.0012656114995479584 -0.7386637330055237 -0.0023582892026752234 0.9999799728393555 0.0058744982816278934 -1.615488886833191 0.0012794837821274996 -0.005871492438018322 0.9999819993972778 108.4214096069336
0.999999463558197 0.0009612335124984384 -0.00024941444280557334 -0.7470593452453613 -0.000959636818151921 0.999979555606842 0.0063249231316149235 -1.6332508325576782 0.00025548902340233326 -0.0063246795907616615 0.9999799728393555 109.74384307861328
1.0 -5.013442932977341e-05 0.00018563226331025362 -0.7486621141433716 4.918294871458784e-05 0.9999869465827942 0.005121617577970028 -1.6511164903640747 -0.00018588661623653024 -0.005121609661728144 0.9999868869781494 111.06431579589844
0.9999966025352478 0.0021020486019551754 0.0015572112752124667 -0.7710451483726501 -0.002106328960508108 0.9999939799308777 0.0027526027988642454 -1.6716526746749878 -0.0015514157712459564 -0.0027558738365769386 0.9999949932098389 112.3849868774414
0.9999872446060181 0.004168305080384016 0.0028361266013234854 -0.7771559357643127 -0.004170294385403395 0.9999910593032837 0.0006959940074011683 -1.6907442808151245 -0.0028332001529634 -0.0007078128401190042 0.999995768070221 113.72732543945312
0.9999627470970154 0.007487466558814049 0.004283910151571035 -0.7888638377189636 -0.007490205112844706 0.9999717473983765 0.0006232895539142191 -1.7114648818969727 -0.0042791226878762245 -0.0006553535931743681 0.9999906420707703 115.02627563476562
0.9999427795410156 0.009018209762871265 0.0057572671212255955 -0.7949629426002502 -0.009031054563820362 0.9999567866325378 0.002208913443610072 -1.727762222290039 -0.005737097933888435 -0.0022607811260968447 0.9999810457229614 116.3722915649414
0.9999361634254456 0.008934561163187027 0.00693539110943675 -0.7978357672691345 -0.008966464549303055 0.9999492168426514 0.004582398571074009 -1.7514405250549316 -0.006894098129123449 -0.004644291941076517 0.9999654293060303 117.69615936279297
0.9999361038208008 0.00828480999916792 0.007698440458625555 -0.7957560420036316 -0.00832435768097639 0.9999521374702454 0.005119079723954201 -1.7681635618209839 -0.007655662950128317 -0.005182837601751089 0.999957263469696 119.03247833251953
0.9999194145202637 0.009181749075651169 0.008770368993282318 -0.7939453721046448 -0.009220193140208721 0.9999480247497559 0.004352804273366928 -1.7792260646820068 -0.008729947730898857 -0.0044333189725875854 0.9999520778656006 120.37442016601562
0.99989253282547 0.010660030879080296 0.010065433569252491 -0.7864341735839844 -0.010699743404984474 0.9999351501464844 0.0038997135125100613 -1.7961336374282837 -0.010023209266364574 -0.004006991628557444 0.9999418258666992 121.71419525146484
0.9998493790626526 0.013182314112782478 0.01128977257758379 -0.7912207841873169 -0.013222637586295605 0.9999064207077026 0.0035043396055698395 -1.814050555229187 -0.01124251913279295 -0.003653092309832573 0.9999301433563232 123.05162811279297
0.9998236298561096 0.01388207171112299 0.012647646479308605 -0.7879794239997864 -0.013913906179368496 0.999900221824646 0.0024325186386704445 -1.8295775651931763 -0.012612615711987019 -0.002608067588880658 0.9999170899391174 124.39922332763672
0.9997985363006592 0.015018437057733536 0.013314074836671352 -0.7781234979629517 -0.015042828395962715 0.9998853206634521 0.0017336739692837 -1.855094075202942 -0.013286510482430458 -0.0019336058758199215 0.9999098777770996 125.72561645507812
0.9997975826263428 0.01405613124370575 0.014390642754733562 -0.7698209285736084 -0.014079660177230835 0.999899685382843 0.001535030547529459 -1.8725277185440063 -0.014367624185979366 -0.001737335347570479 0.9998952746391296 127.07068634033203
0.9997949004173279 0.013520414009690285 0.015075327828526497 -0.7558851838111877 -0.013566890731453896 0.9999035000801086 0.0029849126003682613 -1.8987740278244019 -0.015033516101539135 -0.0031888261437416077 0.9998818635940552 128.40057373046875
0.9997945427894592 0.0126510513946414 0.01584109477698803 -0.7416566014289856 -0.012709672562777996 0.9999127388000488 0.0036053864751011133 -1.9192652702331543 -0.015794100239872932 -0.0038059810176491737 0.9998680353164673 129.7058563232422
0.9997983574867249 0.011646797880530357 0.016365090385079384 -0.7321616411209106 -0.011711182072758675 0.9999239444732666 0.003843838581815362 -1.9318172931671143 -0.01631908118724823 -0.004034717101603746 0.9998586773872375 131.06884765625
0.9998303055763245 0.009437821805477142 0.01581956259906292 -0.7045701146125793 -0.009501244872808456 0.9999470710754395 0.003938843961805105 -1.9494796991348267 -0.015781549736857414 -0.004088481422513723 0.9998671412467957 132.42440795898438
0.9998429417610168 0.008042986504733562 0.015799980610609055 -0.696757435798645 -0.008113881573081017 0.999957263469696 0.004428002517670393 -1.9621728658676147 -0.015763692557811737 -0.004555504769086838 0.9998652935028076 133.78143310546875
0.9998635649681091 0.006607390008866787 0.015138352289795876 -0.6842637062072754 -0.006672168616205454 0.9999688267707825 0.004232554696500301 -1.9808919429779053 -0.015109911561012268 -0.004332982935011387 0.9998764395713806 135.1270294189453
0.9998858571052551 0.005204160697758198 0.014182562939822674 -0.6753255724906921 -0.005262322258204222 0.9999778270721436 0.004066612105816603 -1.9970312118530273 -0.014161083847284317 -0.00414078077301383 0.9998911619186401 136.45816040039062
0.9999161958694458 0.0035218021366745234 0.012457374483346939 -0.6476160883903503 -0.003582977456972003 0.9999816417694092 0.00489185331389308 -2.011263847351074 -0.012439919635653496 -0.004936079028993845 0.9999104142189026 137.8164825439453
0.9999285340309143 0.0020591714419424534 0.011780064553022385 -0.6429005265235901 -0.002120020566508174 0.9999844431877136 0.0051552546210587025 -2.028799533843994 -0.011769267730414867 -0.005179860629141331 0.9999173283576965 139.1585235595703
0.9999508857727051 0.0017631066730245948 0.009751454927027225 -0.6247272491455078 -0.0018102015601471066 0.9999867081642151 0.004822812043130398 -2.0445430278778076 -0.009742820635437965 -0.00484022730961442 0.999940812587738 140.4874725341797
0.9999611377716064 0.0010117796482518315 0.008752641268074512 -0.6224779486656189 -0.0010519332718104124 0.9999889135360718 0.004584225360304117 -2.0657784938812256 -0.008747906424105167 -0.004593254067003727 0.9999512434005737 141.8297576904297
0.9999703764915466 0.0013919551856815815 0.007589112501591444 -0.621788501739502 -0.0014244526391848922 0.9999898076057434 0.004278369247913361 -2.0857510566711426 -0.0075830803252756596 -0.004289052449166775 0.9999620318412781 143.15667724609375
0.9999772310256958 -0.001192977768369019 0.006658162456005812 -0.6230886578559875 0.0011804844252765179 0.9999974966049194 0.0018799882382154465 -2.103736639022827 -0.00666038878262043 -0.0018720850348472595 0.9999760985374451 144.484375
0.9999611973762512 -0.006559267174452543 0.00587011082097888 -0.6147633790969849 0.006551560014486313 0.9999776482582092 0.0013312483206391335 -2.1213178634643555 -0.005878712050616741 -0.001292738365009427 0.9999818801879883 145.86863708496094
0.9998950362205505 -0.01338063646107912 0.0055483197793364525 -0.6166449189186096 0.013361151330173016 0.9999045133590698 0.0035343170166015625 -2.1358633041381836 -0.005595081485807896 -0.0034598142374306917 0.9999783635139465 147.21124267578125
0.9997844099998474 -0.02046656422317028 0.0035034851171076298 -0.6030394434928894 0.020449092611670494 0.9997786283493042 0.004952102433890104 -2.156873941421509 -0.003604061668738723 -0.004879390820860863 0.9999815821647644 148.5631866455078
0.9997081756591797 -0.02404920943081379 0.0022837137803435326 -0.5867529511451721 0.024045702069997787 0.9997096061706543 0.0015515073901042342 -2.1723344326019287 -0.002320363186299801 -0.0014961407287046313 0.9999961256980896 149.91665649414062
0.9997352957725525 -0.022817276418209076 0.00294890278019011 -0.5931915640830994 0.022822095081210136 0.9997382164001465 -0.0016123924870043993 -2.1992528438568115 -0.002911340445280075 0.0016792656388133764 0.9999943375587463 151.26303100585938
0.9998052716255188 -0.019330404698848724 0.003956416621804237 -0.6036360859870911 0.019344700500369072 0.9998064041137695 -0.003607275662943721 -2.2263424396514893 -0.0038859201595187187 0.003683109302073717 0.9999856352806091 152.58822631835938
0.9997866749763489 -0.019980942830443382 0.005236935801804066 -0.6164488792419434 0.019998708739876747 0.9997944831848145 -0.003362674731761217 -2.258707046508789 -0.005168669391423464 0.0034666897263377905 0.999980628490448 153.9267120361328
0.9997169375419617 -0.02305993251502514 0.005857268813997507 -0.6172530055046082 0.023059075698256493 0.9997341632843018 0.00021345277491491288 -2.2846901416778564 -0.005860632751137018 -7.832905976101756e-05 0.9999828338623047 155.26588439941406
0.9995592832565308 -0.028968578204512596 0.006489450577646494 -0.6101454496383667 0.028948478400707245 0.9995758533477783 0.003169426927343011 -2.311438798904419 -0.006578511092811823 -0.0029801703058183193 0.9999738931655884 156.6151885986328
0.9994417428970337 -0.032761357724666595 0.006548896431922913 -0.6021931767463684 0.03273214399814606 0.9994539022445679 0.004518669098615646 -2.327338695526123 -0.006693358067423105 -0.004301787354052067 0.9999682903289795 157.95191955566406
0.9993912577629089 -0.0342540517449379 0.006612545810639858 -0.5953641533851624 0.03422429412603378 0.9994037747383118 0.004562310874462128 -2.351567029953003 -0.006764881778508425 -0.004333225078880787 0.9999677538871765 159.3154754638672
0.9994441866874695 -0.03247145190834999 0.007542571984231472 -0.5950416326522827 0.03243207186460495 0.999459981918335 0.0052863056771457195 -2.3681015968322754 -0.007710152771323919 -0.005038747098296881 0.9999576210975647 160.65475463867188
0.9995619654655457 -0.028384556993842125 0.008380533196032047 -0.580410897731781 0.028348900377750397 0.9995887279510498 0.004342954605817795 -2.384935140609741 -0.008500359021127224 -0.004103474318981171 0.9999554753303528 162.02862548828125
0.9996362924575806 -0.024982299655675888 0.010151932947337627 -0.6056116223335266 0.024958930909633636 0.999685525894165 0.002422132296487689 -2.403900623321533 -0.010209252126514912 -0.002167870057746768 0.9999455213546753 163.33995056152344
0.9996922016143799 -0.022367756813764572 0.01073368638753891 -0.5927362442016602 0.02235029637813568 0.9997486472129822 0.0017439457587897778 -2.421565055847168 -0.010769996792078018 -0.0015035078395158052 0.9999408721923828 164.6978302001953
0.9997383952140808 -0.019684873521327972 0.011645376682281494 -0.5999249219894409 0.019652942195534706 0.9998027682304382 0.002849879441782832 -2.440603494644165 -0.01169917918741703 -0.002620267914608121 0.9999281167984009 166.03851318359375
0.9997784495353699 -0.017940113320946693 0.01101075578480959 -0.5819682478904724 0.017912309616804123 0.9998362064361572 0.002618404570966959 -2.4664828777313232 -0.01105592492967844 -0.002420596545562148 0.9999359846115112 167.40579223632812
0.9998176693916321 -0.01582229509949684 0.010690869763493538 -0.5706830620765686 0.015823425725102425 0.9998748302459717 -2.1197931346250698e-05 -2.481635332107544 -0.010689196176826954 0.00019036023877561092 0.9999428391456604 168.7744903564453
0.9998789429664612 -0.011754441075026989 0.010191668756306171 -0.5672715306282043 0.011784682981669903 0.9999263286590576 -0.0029122494161128998 -2.5001468658447266 -0.01015668548643589 0.003032002365216613 0.9999438524246216 170.12960815429688
0.9999270439147949 -0.00654319953173399 0.01015563402324915 -0.5667572021484375 0.006583953741937876 0.9999703764915466 -0.003984734881669283 -2.531400203704834 -0.010129260830581188 0.0040513090789318085 0.9999405145645142 171.5054168701172
0.9999405741691589 -0.002026934176683426 0.010712015442550182 -0.5709493160247803 0.002056445926427841 0.9999942183494568 -0.0027447484899312258 -2.5575904846191406 -0.010706390254199505 0.0027666143141686916 0.9999387860298157 172.8728485107422
0.9999359250068665 0.0010419460013508797 0.01126968115568161 -0.5687856674194336 -0.001031318912282586 0.9999990463256836 -0.0009487317292951047 -2.581132173538208 -0.011270659044384956 0.0009370482875965536 0.9999359846115112 174.23814392089844
0.9999341368675232 0.0022094936575740576 0.011266135610640049 -0.5636402368545532 -0.002222643466666341 0.9999968409538269 0.0011548218317329884 -2.6004607677459717 -0.011263550259172916 -0.0011797863990068436 0.9999358654022217 175.6169891357422
0.9999430775642395 -0.0012943883193656802 0.010590149089694023 -0.5600398182868958 0.0012705400586128235 0.9999966621398926 0.002258328488096595 -2.622713565826416 -0.010593036189675331 -0.002244745148345828 0.999941349029541 176.97445678710938
0.9999598264694214 -0.002965641673654318 0.00845993123948574 -0.542897641658783 0.002948466222733259 0.9999935030937195 0.00204199249856174 -2.634744644165039 -0.008465932682156563 -0.0020169662311673164 0.9999621510505676 178.3684844970703
0.9999690651893616 -0.003866645973175764 0.006853435188531876 -0.5454155802726746 0.003879363415762782 0.999990701675415 -0.0018432762008160353 -2.6657121181488037 -0.0068462444469332695 0.0018698062049224973 0.99997478723526 179.74310302734375
0.9999838471412659 -0.002219104440882802 0.005234524607658386 -0.5397096872329712 0.0022517344914376736 0.9999779462814331 -0.006235954351723194 -2.6890859603881836 -0.005220571532845497 0.006247640587389469 0.9999668002128601 181.13580322265625
0.9999855756759644 0.0030176250729709864 0.004447339102625847 -0.5456686615943909 -0.00298702297732234 0.9999719262123108 -0.006871678866446018 -2.719252824783325 -0.004467950202524662 0.006858295761048794 0.9999665021896362 182.55914306640625
0.9999678730964661 0.006708228494971991 0.004374322481453419 -0.554885745048523 -0.00668160617351532 0.9999592304229736 -0.006072603166103363 -2.747434139251709 -0.004414880182594061 0.006043180823326111 0.9999719858169556 183.95034790039062
0.999951958656311 0.008577287197113037 0.004738946910947561 -0.5653371810913086 -0.008565664291381836 0.9999602437019348 -0.0024674611631780863 -2.7777926921844482 -0.004759922623634338 0.002426750957965851 0.9999857544898987 185.3478546142578
0.999944269657135 0.00926801934838295 0.005049652885645628 -0.5662137269973755 -0.009266482666134834 0.9999570250511169 -0.0003275597409810871 -2.8014843463897705 -0.005052471067756414 0.00028074902365915477 0.9999871850013733 186.73175048828125
0.999951183795929 0.008507747203111649 0.005025834776461124 -0.5637322664260864 -0.008510006591677666 0.9999637007713318 0.00042849514284171164 -2.818272352218628 -0.005022007040679455 -0.00047124410048127174 0.9999873042106628 188.16336059570312
0.9999661445617676 0.006586855743080378 0.0049351174384355545 -0.5640072226524353 -0.006591535173356533 0.9999778270721436 0.0009327034931629896 -2.836381435394287 -0.0049288650043308735 -0.0009652018779888749 0.9999873638153076 189.58676147460938
0.9999764561653137 0.0044669960625469685 0.0052142878994345665 -0.5598604679107666 -0.004475237801671028 0.9999886751174927 0.0015699173090979457 -2.863497018814087 -0.005207216367125511 -0.0015932153910398483 0.9999851584434509 191.02992248535156
0.9999812245368958 0.0022169959265738726 0.005733123980462551 -0.5635258555412292 -0.002225298900157213 0.9999964237213135 0.0014420440420508385 -2.880556106567383 -0.005729906726628542 -0.0014547744067385793 0.9999825358390808 192.46139526367188
0.9999797344207764 -0.0015422746073454618 0.006165213882923126 -0.5642302632331848 0.001524320337921381 0.9999945163726807 0.00291578215546906 -2.908071279525757 -0.006169676780700684 -0.0029063252732157707 0.9999767541885376 193.85171508789062
0.9999600052833557 -0.005910225212574005 0.006704322528094053 -0.5621693134307861 0.005881508346647024 0.9999735355377197 0.004294928163290024 -2.9233100414276123 -0.006729527842253447 -0.00425532553344965 0.9999683499336243 195.2777862548828
0.9999349117279053 -0.009037216193974018 0.006965541280806065 -0.5484206676483154 0.009005370549857616 0.9999489188194275 0.004589799325913191 -2.949253797531128 -0.007006664294749498 -0.00452677346765995 0.9999651908874512 196.70896911621094
0.9999498128890991 -0.006909681484103203 0.0072563039138913155 -0.5462015867233276 0.006909508258104324 0.9999760389328003 4.8843256081454456e-05 -2.9656291007995605 -0.007256468292325735 1.296685695706401e-06 0.9999736547470093 198.14248657226562
0.9999735355377197 0.00039460486732423306 0.007264880463480949 -0.5422872304916382 -0.0003565926745068282 0.9999861717224121 -0.005232923198491335 -2.98311448097229 -0.007266846019774675 0.0052301944233477116 0.9999598860740662 199.56765747070312
0.999908447265625 0.010054039768874645 0.009050506167113781 -0.5590860843658447 -0.010006312280893326 0.9999358654022217 -0.005303532816469669 -3.0117132663726807 -0.009103246964514256 0.005212486255913973 0.9999449849128723 201.0109405517578
0.999794602394104 0.01757781393826008 0.010087752714753151 -0.5692633390426636 -0.017561648041009903 0.9998443126678467 -0.0016889562830328941 -3.0354573726654053 -0.010115872137248516 0.0015114516718313098 0.999947726726532 202.43885803222656
0.9997727870941162 0.018176410347223282 0.011132750660181046 -0.5684716701507568 -0.018187055364251137 0.9998341798782349 0.0008558796835131943 -3.068979263305664 -0.011115348897874355 -0.0010581573005765676 0.9999376535415649 203.87103271484375
0.999807596206665 0.01641763746738434 0.01073373481631279 -0.5624463558197021 -0.016429616138339043 0.9998644590377808 0.0010288039920851588 -3.0847291946411133 -0.010715389624238014 -0.0012049571378156543 0.999941885471344 205.30747985839844
0.999870777130127 0.012935184873640537 0.009537454694509506 -0.5481871366500854 -0.012948279269039631 0.9999153017997742 0.001312401844188571 -3.111922264099121 -0.009519672021269798 -0.0014357262989506125 0.9999536275863647 206.7655792236328
0.9998961091041565 0.011337008327245712 0.008893206715583801 -0.5469467639923096 -0.011342624202370644 0.9999354481697083 0.0005814540782012045 -3.1292474269866943 -0.00888604111969471 -0.0006822660216130316 0.9999602437019348 208.21713256835938
0.9999001622200012 0.01166786253452301 0.007966781966388226 -0.52158522605896 -0.011668833903968334 0.9999319314956665 7.548530265921727e-05 -3.1507320404052734 -0.007965358905494213 -0.00016844086349010468 0.9999682903289795 209.72402954101562
0.9998827576637268 0.012944413349032402 0.008177392184734344 -0.5338389277458191 -0.012949523515999317 0.9999160170555115 0.0005719775799661875 -3.1835074424743652 -0.008169300854206085 -0.0006778037641197443 0.9999663233757019 211.16697692871094
0.9998691082000732 0.013796906918287277 0.00844726711511612 -0.5345582962036133 -0.013808387331664562 0.9999038577079773 0.0013022595085203648 -3.205491781234741 -0.008428486995398998 -0.0014187321066856384 0.9999634623527527 212.6243133544922
0.9998725652694702 0.013897805474698544 0.007845384068787098 -0.5267499089241028 -0.013904199004173279 0.9999029636383057 0.0007609640015289187 -3.226058006286621 -0.007834047079086304 -0.0008699506870470941 0.999968945980072 214.1090850830078
0.9998767375946045 0.013560157269239426 0.00790487602353096 -0.5263737440109253 -0.013559667393565178 0.9999080896377563 -0.0001156071011791937 -3.2542176246643066 -0.007905716076493263 8.405232620134484e-06 0.9999687075614929 215.57986450195312
0.999891996383667 0.012830575928092003 0.007165228016674519 -0.5196930766105652 -0.012826007790863514 0.9999175071716309 -0.0006827859324403107 -3.2698779106140137 -0.0071733975782990456 0.0005908107850700617 0.9999740719795227 217.06370544433594
0.9998863935470581 0.013307961635291576 0.007080956362187862 -0.5230904221534729 -0.013303270563483238 0.9999112486839294 -0.0007089741993695498 -3.29437255859375 -0.007089762948453426 0.0006146935047581792 0.9999746680259705 218.53756713867188
0.9998814463615417 0.013761376030743122 0.006922636181116104 -0.5240468382835388 -0.013755864463746548 0.9999050498008728 -0.0008430855232290924 -3.318441867828369 -0.0069335815496742725 0.0007477588369511068 0.9999756813049316 220.0228271484375
0.9998785853385925 0.014147792011499405 0.006533483508974314 -0.5235516428947449 -0.01413870882242918 0.9998990893363953 -0.0014342883368954062 -3.3397910594940186 -0.006553116254508495 0.0013417392037808895 0.9999776482582092 221.50599670410156
0.9998763799667358 0.014537745155394077 0.005986098200082779 -0.5149279832839966 -0.014530906453728676 0.9998936653137207 -0.0011842303210869431 -3.372400999069214 -0.006002678070217371 0.0010971006704494357 0.9999814033508301 222.9661865234375
