0.9999929666519165 0.00043789439951069653 0.0037293219938874245 0.1905582994222641 -0.0004442979989107698 0.9999984502792358 0.001716434140689671 -0.5564340949058533 -0.0037285645958036184 -0.0017180789727717638 0.9999915957450867 -2.0393259525299072
0.9999967217445374 -0.0011523637222126126 0.0023073628544807434 0.18967491388320923 0.0011506043374538422 0.9999990463256836 0.0007637470262125134 -0.5627918243408203 -0.002308241091668606 -0.0007610895554535091 0.9999970197677612 -1.4752689599990845
0.999998152256012 -0.0013664445141330361 0.001329551450908184 0.1868896633386612 0.0013675873633474112 0.9999987483024597 -0.0008590079378336668 -0.5721516013145447 -0.0013283761218190193 0.0008608244825154543 0.9999987483024597 -0.9198569059371948
0.9999975562095642 -0.0020880314987152815 -0.0007924521341919899 0.1877412497997284 0.002086576074361801 0.9999961853027344 -0.0018327790312469006 -0.5885686278343201 0.000796276144683361 0.0018311210442334414 0.9999980330467224 -0.35421431064605713
0.9999889731407166 -0.003897398943081498 -0.0026411518920212984 0.17891456186771393 0.003887283382937312 0.9999851584434509 -0.0038244412280619144 -0.5938957333564758 0.002656018128618598 0.003814131487160921 0.9999892115592957 0.21287848055362701
0.9999693632125854 -0.006645709276199341 -0.00413916539400816 0.1770593672990799 0.00662253238260746 0.9999624490737915 -0.005588141269981861 -0.6111595630645752 0.004176147282123566 0.005560557823628187 0.9999757409095764 0.780196487903595
0.9999536871910095 -0.007834186777472496 -0.005581595469266176 0.1716524064540863 0.007799667306244373 0.9999504685401917 -0.0061796861700713634 -0.6235849261283875 0.005629729945212603 0.006135863717645407 0.9999653100967407 1.3514435291290283
0.9999460577964783 -0.00782347097992897 -0.006837163120508194 0.1611763834953308 0.007785618305206299 0.999954342842102 -0.0055455113761126995 -0.635090172290802 0.0068802363239228725 0.005491980351507664 0.9999611973762512 1.9320331811904907
0.9999343752861023 -0.008285094052553177 -0.007915993221104145 0.15274286270141602 0.008237788453698158 0.9999480843544006 -0.00599006749689579 -0.6477291584014893 0.00796521082520485 0.005924464203417301 0.9999507069587708 2.5275721549987793
0.9999276995658875 -0.007634004577994347 -0.009290086105465889 0.1475525200366974 0.00755257299169898 0.9999330043792725 -0.008769197389483452 -0.6624192595481873 0.009356408379971981 0.008698399178683758 0.9999184012413025 3.124377489089966
0.9999280571937561 -0.005948137026280165 -0.01041165180504322 0.13335081934928894 0.005817752797156572 0.9999048113822937 -0.012508627958595753 -0.6770326495170593 0.010485065169632435 0.012447157874703407 0.9998675584793091 3.7275595664978027
0.9999178647994995 -0.0047769695520401 -0.011886203661561012 0.1215662807226181 0.004583922680467367 0.9998579621315002 -0.01621580682694912 -0.6883261203765869 0.011961979791522026 0.016159992665052414 0.9997978806495667 4.344936847686768
0.9999117255210876 -0.002866164082661271 -0.0129713648930192 0.10419535636901855 0.0026551811024546623 0.9998642802238464 -0.016253387555480003 -0.7008551359176636 0.013016192242503166 0.016217511147260666 0.9997837543487549 4.973906517028809
0.9998986721038818 -0.0006490090163424611 -0.014218728989362717 0.09530071914196014 0.000514463521540165 0.9999550580978394 -0.009464157745242119 -0.7092016935348511 0.014224236831068993 0.009455885738134384 0.9998541474342346 5.617677211761475
0.9998935461044312 0.0004964752588421106 -0.014580132439732552 0.07713499665260315 -0.00047970545710995793 0.9999992251396179 0.0011536702513694763 -0.7220706939697266 0.014580695889890194 -0.0011465540155768394 0.9998931288719177 6.275096416473389
0.9998783469200134 0.0009888764470815659 -0.015564773231744766 0.06288649141788483 -0.0008658405859023333 0.9999682903289795 0.00790952518582344 -0.732525110244751 0.015572105534374714 -0.007895086891949177 0.9998475909233093 6.962001323699951
0.9998480081558228 0.0035605498123914003 -0.017062120139598846 0.04890337586402893 -0.003446865128353238 0.9999716877937317 0.006687780376523733 -0.7455117106437683 0.017085451632738113 -0.006627952679991722 0.9998320937156677 7.649480819702148
0.999828040599823 0.00544796884059906 -0.01772812381386757 0.028384074568748474 -0.005457417573779821 0.9999849796295166 -0.00048462534323334694 -0.7499940395355225 0.01772521808743477 0.0005812924355268478 0.9998427629470825 8.341859817504883
0.9998081922531128 0.005119863897562027 -0.018906738609075546 0.01030568778514862 -0.0052412208169698715 0.9999659657478333 -0.006374729331582785 -0.7490190863609314 0.018873458728194237 0.006472600158303976 0.9998008608818054 9.051342010498047
0.999798595905304 0.0026558353565633297 -0.01989164389669895 -0.005599036812782288 -0.0027522528544068336 0.999984622001648 -0.004821323789656162 -0.7492992877960205 0.019878532737493515 0.004875100217759609 0.9997905492782593 9.788451194763184
0.999790608882904 0.002244452014565468 -0.020339777693152428 -0.022888198494911194 -0.002157504204660654 0.9999883770942688 0.004295710939913988 -0.7597252726554871 0.020349182188510895 -0.004250928293913603 0.9997838139533997 10.55665111541748
0.9997854828834534 0.0018244115635752678 -0.02062997594475746 -0.042328476905822754 -0.001579337753355503 0.9999280571937561 0.011889554560184479 -0.7652482390403748 0.02065018005669117 -0.011854422278702259 0.9997164607048035 11.332160949707031
0.9997758865356445 0.0009200472850352526 -0.02114616148173809 -0.06543666124343872 -0.0006190194981172681 0.999898374080658 0.01423770934343338 -0.7647435069084167 0.02115710638463497 -0.014221429824829102 0.9996749758720398 12.12169361114502
0.9997694492340088 -0.0009182031499221921 -0.021452000364661217 -0.07890847325325012 0.001202914398163557 0.9999113082885742 0.013262895867228508 -0.7636554837226868 0.02143792062997818 -0.013285643421113491 0.9996818900108337 12.928653717041016
0.9997808337211609 -0.0012960887979716063 -0.020893966779112816 -0.09817446768283844 0.001519879326224327 0.9999415278434753 0.010698436759412289 -0.7622350454330444 0.020878877490758896 -0.010727847926318645 0.9997244477272034 13.76590347290039
0.9997946619987488 0.0014763151993975043 -0.02020796574652195 -0.1216527670621872 -0.0013270628405734897 0.9999716281890869 0.0073972176760435104 -0.7626996040344238 0.020218314602971077 -0.00736888125538826 0.9997684359550476 14.601835250854492
0.9998080134391785 -0.0019065740052610636 -0.019502615556120872 -0.13876555860042572 0.0019365642219781876 0.9999969601631165 0.00151897594332695 -0.7634509205818176 0.019499661400914192 -0.0015564514324069023 0.9998087286949158 15.45949649810791
0.9998118281364441 -0.004592281300574541 -0.018845004960894585 -0.15354403853416443 0.004505162592977285 0.9999789595603943 -0.00466278288513422 -0.7722664475440979 0.01886601932346821 0.004577006213366985 0.9998115301132202 16.330615997314453
0.9998313188552856 -0.0034336133394390345 -0.018042564392089844 -0.16523736715316772 0.003254103707149625 0.9999449253082275 -0.009969204664230347 -0.7859992384910583 0.018075797706842422 0.009908812120556831 0.9997875094413757 17.254535675048828
0.9998435378074646 -0.002184337005019188 -0.017553817480802536 -0.1903221160173416 0.0019941041246056557 0.9999390840530396 -0.010847342200577259 -0.7988704442977905 0.017576443031430244 0.010810640640556812 0.9997870922088623 18.159107208251953
0.9998286366462708 -0.0022156049963086843 -0.01838182657957077 -0.2054101675748825 0.002025412395596504 0.999944269657135 -0.010358915664255619 -0.8160910606384277 0.018403751775622368 0.010319908149540424 0.9997774362564087 19.09600257873535
0.9998354315757751 -0.0004208530590403825 -0.018136706203222275 -0.2318102866411209 0.0002106025640387088 0.9999327063560486 -0.011592897586524487 -0.8409373164176941 0.018140364438295364 0.011587169021368027 0.9997683167457581 20.037015914916992
0.999837338924408 0.0026788038667291403 -0.017834855243563652 -0.24791334569454193 -0.0029225964099168777 0.9999024271965027 -0.013657458126544952 -0.8634297847747803 0.017796536907553673 0.013707357458770275 0.9997476935386658 20.999736785888672
0.999819278717041 0.0059083495289087296 -0.01806606911122799 -0.2731305658817291 -0.00617010984569788 0.9998762607574463 -0.014467829838395119 -0.8849517107009888 0.017978353425860405 0.014576681889593601 0.9997320771217346 21.965503692626953
0.9998102784156799 0.0075918883085250854 -0.017941975966095924 -0.3051445484161377 -0.007850587368011475 0.9998655915260315 -0.014392504468560219 -0.9105958938598633 0.017830299213528633 0.014530625194311142 0.999735414981842 22.948436737060547
0.9998018741607666 0.008825790137052536 -0.01784101314842701 -0.3324401378631592 -0.009083734825253487 0.9998546242713928 -0.014428997412323952 -0.9357163906097412 0.017711075022816658 0.01458820141851902 0.9997367858886719 23.922222137451172
0.9997935891151428 0.008254650980234146 -0.01856260932981968 -0.34323519468307495 -0.008522273041307926 0.9998602271080017 -0.014384683221578598 -0.9611120820045471 0.018441274762153625 0.014539910480380058 0.999724268913269 24.894620895385742
0.9997738003730774 0.009788090363144875 -0.018882226198911667 -0.3600149154663086 -0.010037485510110855 0.9998630285263062 -0.01315864734351635 -0.99726402759552 0.01875084452331066 0.013345201499760151 0.9997350573539734 25.935453414916992
0.9997638463973999 0.010453025810420513 -0.019055532291531563 -0.38439494371414185 -0.010662201792001724 0.9998835921287537 -0.010908740572631359 -1.0250015258789062 0.018939286470413208 0.011109335348010063 0.9997588992118835 26.951038360595703
0.9997498989105225 0.011036600917577744 -0.019451702013611794 -0.4090280532836914 -0.011226551607251167 0.9998900294303894 -0.00968327559530735 -1.0517054796218872 0.0193426962941885 0.009899227879941463 0.9997639656066895 27.9724063873291
0.99974125623703 0.01122279092669487 -0.019785365089774132 -0.4275675415992737 -0.011438301764428616 0.999876081943512 -0.01081304531544447 -1.073953628540039 0.019661564379930496 0.011036557145416737 0.999745786190033 29.010902404785156
0.9997259378433228 0.01239440031349659 -0.019859982654452324 -0.4593691825866699 -0.012636297382414341 0.999846875667572 -0.012101219035685062 -1.099301815032959 0.019706957042217255 0.012348858639597893 0.9997294545173645 30.024282455444336
0.9997248649597168 0.01211462914943695 -0.020084362477064133 -0.48837676644325256 -0.012336322106420994 0.9998639225959778 -0.0109510887414217 -1.1271564960479736 0.019948961213231087 0.011195843107998371 0.9997382760047913 31.061016082763672
0.9997203350067139 0.01204719115048647 -0.020349841564893723 -0.5194940567016602 -0.0122231962159276 0.9998887777328491 -0.008546760305762291 -1.1480975151062012 0.02024461328983307 0.008793110027909279 0.999756395816803 32.11697006225586
0.9997019171714783 0.011635866947472095 -0.0214608833193779 -0.5387225151062012 -0.011743771843612194 0.9999189972877502 -0.004908888600766659 -1.17033851146698 0.021402020007371902 0.005159458611160517 0.9997576475143433 33.16981506347656
0.9996902346611023 0.011838827282190323 -0.021888822317123413 -0.5692318677902222 -0.011902624741196632 0.9999252557754517 -0.0027867318131029606 -1.1881307363510132 0.02185419574379921 0.0030464036390185356 0.9997565746307373 34.23090362548828
0.9996837377548218 0.011357844807207584 -0.022438783198595047 -0.5966360569000244 -0.011399513110518456 0.9999335408210754 -0.001729960786178708 -1.2143945693969727 0.022417642176151276 0.001985205104574561 0.9997467994689941 35.295555114746094
0.9996777176856995 0.011153810657560825 -0.02280455455183983 -0.6304628849029541 -0.011235218495130539 0.9999309778213501 -0.0034447824582457542 -1.2300087213516235 0.022764556109905243 0.0036998861469328403 0.9997340440750122 36.36977767944336
0.9996533393859863 0.011731203645467758 -0.023569876328110695 -0.660035252571106 -0.011830656789243221 0.9999216198921204 -0.004084455315023661 -1.2455790042877197 0.02352011576294899 0.004361886065453291 0.9997138381004333 37.454036712646484
0.9996437430381775 0.011647053062915802 -0.02401442639529705 -0.6953542232513428 -0.011720474809408188 0.9999269843101501 -0.00291894911788404 -1.2606492042541504 0.02397868223488331 0.003199370112270117 0.9997072815895081 38.53823471069336
0.9996307492256165 0.011714670807123184 -0.024515800178050995 -0.7402976751327515 -0.011747932992875576 0.999930202960968 -0.001213159179314971 -1.2788441181182861 0.02449987828731537 0.001500721089541912 0.9996987581253052 39.63539505004883
0.9996199607849121 0.011156881228089333 -0.025203555822372437 -0.7737008333206177 -0.01111600175499916 0.999936580657959 0.0017615151591598988 -1.306599736213684 0.02522161230444908 -0.0014806832186877728 0.9996808171272278 40.72941207885742
0.9995853304862976 0.012756319716572762 -0.025813130661845207 -0.7936485409736633 -0.012721682898700237 0.9999179244041443 0.001505563035607338 -1.3258652687072754 0.025830218568444252 -0.0011765523813664913 0.9996656179428101 41.77832794189453
0.9995554089546204 0.013960765674710274 -0.026342615485191345 -0.8279997110366821 -0.014019591733813286 0.9998995661735535 -0.0020498079247772694 -1.3473751544952393 0.026311352849006653 0.002418209332972765 0.9996508955955505 42.85232162475586
0.9995415806770325 0.01527424342930317 -0.02614162303507328 -0.869123101234436 -0.015442517586052418 0.9998612403869629 -0.006247248966246843 -1.367072582244873 0.026042573153972626 0.006648078095167875 0.9996386766433716 43.93490219116211
0.9995424151420593 0.01575590670108795 -0.025822332128882408 -0.9158704876899719 -0.01592813804745674 0.9998520612716675 -0.006477850954979658 -1.3890248537063599 0.025716448202729225 0.006886188872158527 0.9996455311775208 45.007362365722656
0.9995256066322327 0.01598380319774151 -0.026326676830649376 -0.9329530000686646 -0.016088994219899178 0.9998633861541748 -0.0037887534126639366 -1.4151220321655273 0.026262521743774414 0.004210525657981634 0.9996461868286133 46.120216369628906
0.9995250105857849 0.01642865687608719 -0.02607518620789051 -0.9669164419174194 -0.016477111726999283 0.9998629093170166 -0.0016447023954242468 -1.4379040002822876 0.026044590398669243 0.0020735645666718483 0.9996585845947266 47.20820999145508
0.9995494484901428 0.014939926564693451 -0.026032287627458572 -1.0049290657043457 -0.01496094185858965 0.9998878240585327 -0.0006126672960817814 -1.453714370727539 0.026020213961601257 0.001001858152449131 0.999660849571228 48.28945541381836
0.9995555877685547 0.015167663805186749 -0.025664830580353737 -1.0376884937286377 -0.015203848481178284 0.9998836517333984 -0.00121538364328444 -1.479134440422058 0.02564341202378273 0.0016050473786890507 0.9996697902679443 49.38618469238281
0.9995668530464172 0.01434650830924511 -0.02569478750228882 -1.0689220428466797 -0.01443721354007721 0.999890148639679 -0.0033480431884527206 -1.4973429441452026 0.025643933564424515 0.0037175535690039396 0.9996641874313354 50.478126525878906
0.9995757937431335 0.014255284331738949 -0.02539921924471855 -1.097939372062683 -0.01440366916358471 0.9998801946640015 -0.005668732337653637 -1.5153594017028809 0.025315366685390472 0.006032169330865145 0.9996613264083862 51.571861267089844
0.9995931386947632 0.013476064428687096 -0.02513701654970646 -1.1328872442245483 -0.013673771172761917 0.9998767375946045 -0.007709861267358065 -1.550670862197876 0.025030022487044334 0.00805044174194336 0.9996542930603027 52.66798782348633
0.99961918592453 0.011751199141144753 -0.024967189878225327 -1.1663389205932617 -0.012030737474560738 0.999866247177124 -0.011075764894485474 -1.57939875125885 0.024833697825670242 0.011371920816600323 0.9996269345283508 53.75129699707031
0.999648928642273 0.010030942969024181 -0.024517539888620377 -1.1952638626098633 -0.010344027541577816 0.9998660683631897 -0.01267654076218605 -1.6118525266647339 0.024387100711464882 0.012925702147185802 0.9996190071105957 54.819889068603516
0.9996704459190369 0.00849063228815794 -0.024221118539571762 -1.2245198488235474 -0.008739951066672802 0.9999096393585205 -0.010206244885921478 -1.641707181930542 0.024132275953888893 0.01041457336395979 0.9996545314788818 55.90201187133789
0.9996886253356934 0.007258220575749874 -0.023873379454016685 -1.255269169807434 -0.007361947558820248 0.9999638199806213 -0.004259863868355751 -1.6695311069488525 0.023841600865125656 0.004434292204678059 0.9997057914733887 56.994747161865234
0.9996968507766724 0.005527423229068518 -0.0239939596503973 -1.2729228734970093 -0.005497111938893795 0.9999840259552002 0.001329063787125051 -1.6851516962051392 0.024000922217965126 -0.0011967633618041873 0.9997112154960632 58.0939826965332
0.9997000694274902 0.0038396150339394808 -0.02418837882578373 -1.2980632781982422 -0.00379928364418447 0.9999913573265076 0.0017131357453763485 -1.6993736028671265 0.024194752797484398 -0.0016207234002649784 0.9997059106826782 59.186031341552734
0.9997180700302124 0.0008483082638122141 -0.02372855506837368 -1.3268797397613525 -0.0008760453201830387 0.9999988675117493 -0.0011585422325879335 -1.7174441814422607 0.023727547377347946 0.0011790033895522356 0.9997177720069885 60.27541732788086
0.99972003698349 -0.000730085710529238 -0.02365368790924549 -1.3575153350830078 0.0006238323985598981 0.9999896287918091 -0.004499113652855158 -1.735817551612854 0.023656725883483887 0.0044830963015556335 0.9997100830078125 61.36735153198242
0.9997186660766602 0.0013588136062026024 -0.023679658770561218 -1.3927057981491089 -0.0015556912403553724 0.9999643564224243 -0.008297773078083992 -1.762902021408081 0.02366754040122032 0.008332276716828346 0.9996851682662964 62.454830169677734
0.9997214674949646 0.0016259188996627927 -0.02354169450700283 -1.4242817163467407 -0.0019216325599700212 0.9999194741249084 -0.012544097378849983 -1.7898693084716797 0.023519406095147133 0.012585842981934547 0.9996441602706909 63.532108306884766
0.9997276663780212 0.00419385451823473 -0.022954784333705902 -1.458584189414978 -0.004500219598412514 0.9999012351036072 -0.013311097398400307 -1.8161202669143677 0.022896690294146538 0.013410774059593678 0.9996477961540222 64.63702392578125
0.9997267723083496 0.008166894316673279 -0.021899256855249405 -1.500887155532837 -0.008382203057408333 0.999917209148407 -0.009758137166500092 -1.8434064388275146 0.021817751228809357 0.009939035400748253 0.9997124671936035 65.73921203613281
0.9997120499610901 0.009906181134283543 -0.021852834150195122 -1.5327093601226807 -0.010077751241624355 0.9999191164970398 -0.007755049504339695 -1.8715696334838867 0.02177424542605877 0.007973043248057365 0.999731183052063 66.84398651123047
0.9997156858444214 0.009426165372133255 -0.021900523453950882 -1.5572447776794434 -0.009574945084750652 0.9999316930770874 -0.006698508746922016 -1.9022550582885742 0.02183588594198227 0.006906298920512199 0.9997377395629883 67.91353607177734
0.9997285008430481 0.00760297616943717 -0.02202792465686798 -1.580765724182129 -0.00773207563906908 0.9999533891677856 -0.005781539250165224 -1.9294761419296265 0.021982941776514053 0.005950290709733963 0.9997406601905823 69.00799560546875
0.9997350573539734 0.0068491012789309025 -0.02197369374334812 -1.6149829626083374 -0.0069488780573010445 0.9999658465385437 -0.004467560909688473 -1.9539293050765991 0.021942347288131714 0.004619070794433355 0.9997485876083374 70.10628509521484
0.999740481376648 0.005025336053222418 -0.022218918427824974 -1.6450564861297607 -0.005081391427665949 0.9999840259552002 -0.0024671372957527637 -1.9781379699707031 0.02220616675913334 0.0025794003158807755 0.9997500777244568 71.19825744628906
0.9997205138206482 0.0034882600884884596 -0.023380758240818977 -1.6646208763122559 -0.0035130674950778484 0.9999933242797852 -0.0010200440883636475 -1.9971028566360474 0.02337704598903656 0.0011018970981240273 0.9997261762619019 72.29251861572266
0.9997108578681946 0.002661710372194648 -0.0238952599465847 -1.6903256177902222 -0.0027095675468444824 0.9999943375587463 -0.001970633864402771 -2.02649188041687 0.023889882490038872 0.0020348101388663054 0.9997124671936035 73.36924743652344
0.9997028708457947 0.003358385758474469 -0.024142015725374222 -1.7314176559448242 -0.003494353499263525 0.999978244304657 -0.005592022556811571 -2.055393695831299 0.02412271313369274 0.005674722138792276 0.9996928572654724 74.45252990722656
0.9996757507324219 0.004117876756936312 -0.025128882378339767 -1.7586647272109985 -0.004307078663259745 0.9999626874923706 -0.007479783613234758 -2.0807530879974365 0.02509715035557747 0.007585588842630386 0.9996562004089355 75.53431701660156
0.9996585845947266 0.005979946814477444 -0.025434287264943123 -1.795846700668335 -0.006133796647191048 0.9999632835388184 -0.005975180305540562 -2.103476047515869 0.025397619232535362 0.006129148416221142 0.9996586441993713 76.60557556152344
0.9996370077133179 0.0071867951191961765 -0.025966402143239975 -1.8313454389572144 -0.0072341482155025005 0.9999723434448242 -0.001730090007185936 -2.124734401702881 0.025953248143196106 0.0019173058681190014 0.9996613264083862 77.68292999267578
0.9996140599250793 0.008236361667513847 -0.02652798406779766 -1.8680758476257324 -0.008177240379154682 0.9999637603759766 0.0023363521322607994 -2.150660276412964 0.026546265929937363 -0.002118524396792054 0.999645471572876 78.7586441040039
0.9995895624160767 0.009420450776815414 -0.02705165185034275 -1.9073810577392578 -0.009338141418993473 0.9999513030052185 0.003167385933920741 -2.170278549194336 0.027080174535512924 -0.002913473639637232 0.9996290802955627 79.82686614990234
0.9995737671852112 0.009329092688858509 -0.027661951258778572 -1.9419050216674805 -0.009309313260018826 0.9999563097953796 0.0008437049109488726 -2.1846957206726074 0.02766861580312252 -0.0005858311196789145 0.9996170401573181 80.90025329589844
0.9995654225349426 0.008933675475418568 -0.02809171751141548 -1.9801620244979858 -0.00893011037260294 0.99996018409729 0.0002523277944419533 -2.2084717750549316 0.02809285745024681 -1.3555306850321358e-06 0.9996052980422974 81.95636749267578
0.9995591044425964 0.008221867494285107 -0.028529061004519463 -2.013749837875366 -0.00821947306394577 0.9999660849571228 0.0002012263284996152 -2.22965407371521 0.028529750183224678 3.3356052881572396e-05 0.9995929598808289 83.01056671142578
0.9995381832122803 0.007134018931537867 -0.029535409063100815 -2.0481655597686768 -0.007128047291189432 0.9999745488166809 0.00030745496042072773 -2.2433223724365234 0.029536854475736618 -9.67832311289385e-05 0.9995636343955994 84.05207061767578
0.9995366930961609 0.005913326516747475 -0.02985743060708046 -2.08358097076416 -0.005869926884770393 0.9999815821647644 0.001541045494377613 -2.2646093368530273 0.029865995049476624 -0.0013650705805048347 0.9995529651641846 85.07255554199219
0.9995284080505371 0.006227857433259487 -0.030069757252931595 -2.1229453086853027 -0.006100366357713938 0.9999720454216003 0.004329758696258068 -2.2847962379455566 0.030095884576439857 -0.004144280217587948 0.9995384216308594 86.07693481445312
0.999494731426239 0.005190405994653702 -0.03135688602924347 -2.1577112674713135 -0.0050308071076869965 0.9999739527702332 0.0051665352657437325 -2.3037521839141846 0.03138288855552673 -0.005006174556910992 0.9994948506355286 87.05638122558594
0.9994360208511353 0.004087654873728752 -0.03333037346601486 -2.199629306793213 -0.0039046043530106544 0.9999769330024719 0.005555244628340006 -2.322138786315918 0.0333523191511631 -0.005421970039606094 0.9994288682937622 88.0179672241211
0.9993190169334412 0.0031496339943259954 -0.036761343479156494 -2.235599994659424 -0.002979799872264266 0.999984622001648 0.004673773422837257 -2.33964467048645 0.03677549585700035 -0.004561049398034811 0.9993130564689636 88.9516372680664
0.9991979598999023 0.0029922269750386477 -0.03993203490972519 -2.2809176445007324 -0.0028462866321206093 0.9999890327453613 0.0037110657431185246 -2.356194019317627 0.039942700415849686 -0.003594431094825268 0.9991955161094666 89.87268829345703
0.9990780353546143 0.0029970253817737103 -0.04282668977975845 -2.3324172496795654 -0.002819339046254754 0.9999871850013733 0.004208771977573633 -2.3738698959350586 0.04283875599503517 -0.004084148909896612 0.9990736246109009 90.75830078125
0.9989245533943176 0.004147923085838556 -0.0461786687374115 -2.3763022422790527 -0.003908846061676741 0.9999785423278809 0.005266325548291206 -2.389695644378662 0.04619951546192169 -0.005080156959593296 0.9989191889762878 91.62484741210938
0.9987865090370178 0.004970182664692402 -0.04899786040186882 -2.428053855895996 -0.004661983344703913 0.9999686479568481 0.00640237657353282 -2.407749652862549 0.04902814328670502 -0.00616618013009429 0.9987783432006836 92.4648208618164
0.9986149072647095 0.00625664321705699 -0.052241407334804535 -2.473484754562378 -0.0058474973775446415 0.9999510645866394 0.007981004193425179 -2.4206149578094482 0.05228879302740097 -0.0076644690707325935 0.9986025094985962 93.2833251953125
0.9984778761863708 0.007545081898570061 -0.05463507026433945 -2.5294415950775146 -0.007088948041200638 0.9999384880065918 0.008537732064723969 -2.431804895401001 0.05469611659646034 -0.008137430995702744 0.9984698295593262 94.07050323486328
0.9983241558074951 0.00952990259975195 -0.057079341262578964 -2.580374240875244 -0.00901692733168602 0.999916672706604 0.009237868711352348 -2.4492108821868896 0.05716262012720108 -0.00870770774781704 0.9983268976211548 94.834716796875
0.9981249570846558 0.011198511347174644 -0.06017392501235008 -2.626239061355591 -0.010737290605902672 0.9999104738235474 0.007982677780091763 -2.4606540203094482 0.060257915407419205 -0.007321605458855629 0.9981560111045837 95.5662841796875
0.9979680180549622 0.012544997967779636 -0.0624704584479332 -2.6831114292144775 -0.012292930856347084 0.9999147057533264 0.004417674150317907 -2.479093313217163 0.06252054125070572 -0.003640754148364067 0.9980370402336121 96.25827026367188
0.9977685809135437 0.015135160647332668 -0.06502741575241089 -2.740553617477417 -0.015120749361813068 0.9998854398727417 0.000713779591023922 -2.4894018173217773 0.06503076106309891 0.00027107633650302887 0.9978832602500916 96.93460083007812
0.9975973963737488 0.016907598823308945 -0.06718260049819946 -2.784522533416748 -0.01708022691309452 0.9998521208763123 -0.001995939528569579 -2.5071890354156494 0.06713893264532089 0.003138638334348798 0.9977386593818665 97.57872772216797
0.9974915981292725 0.01905697025358677 -0.06817133724689484 -2.831573247909546 -0.019287247210741043 0.9998101592063904 -0.0027212388813495636 -2.523160219192505 0.06810654699802399 0.004029249772429466 0.9976699352264404 98.19670867919922
0.9975172877311707 0.021528329700231552 -0.06705118715763092 -2.8849050998687744 -0.021736374124884605 0.9997609257698059 -0.0023746525403112173 -2.5356087684631348 0.06698403507471085 0.003826206550002098 0.9977467656135559 98.78121185302734
0.9976785778999329 0.025268513709306717 -0.0632370114326477 -2.948399543762207 -0.02537810616195202 0.9996775388717651 -0.0009302914841100574 -2.551154136657715 0.06319311261177063 0.0025329673662781715 0.9979981184005737 99.35601043701172
0.9978843331336975 0.027697686105966568 -0.05881888046860695 -2.9609992504119873 -0.02771834470331669 0.9996156096458435 0.00046477257274091244 -2.5648818016052246 0.058809153735637665 0.0011665713973343372 0.9982685446739197 99.89804077148438
0.9982810616493225 0.028478557243943214 -0.05122413486242294 -2.99397349357605 -0.02837592549622059 0.9995936155319214 0.002729936968535185 -2.580336809158325 0.05128106474876404 -0.0012717125937342644 0.9986834526062012 100.4053955078125
0.9987378120422363 0.028657978400588036 -0.04125164449214935 -3.0190975666046143 -0.028464030474424362 0.9995808601379395 0.005281464196741581 -2.5913145542144775 0.0413857027888298 -0.0041006095707416534 0.99913489818573 100.90595245361328
0.9991616606712341 0.028077172115445137 -0.029793094843626022 -3.013908624649048 -0.027902763336896896 0.999591052532196 0.006253940984606743 -2.602510690689087 0.029956508427858353 -0.005417387466877699 0.9995366334915161 101.3743896484375
0.999496579170227 0.027173856273293495 -0.016376502811908722 -3.0125932693481445 -0.02707323245704174 0.9996132850646973 0.0063352324068546295 -2.611898422241211 0.016542326658964157 -0.005888677667826414 0.9998458623886108 101.83191680908203
0.9996297955513 0.027189159765839577 -0.000995507463812828 -3.007377862930298 -0.027183497324585915 0.999616265296936 0.0053186239674687386 -2.620673656463623 0.0011397339403629303 -0.0052895937114953995 0.9999853372573853 102.2734146118164
0.9995282888412476 0.02578846924006939 0.01667620800435543 -2.979763984680176 -0.025830352678894997 0.9996637105941772 0.0023011351004242897 -2.6320180892944336 -0.016611265018582344 -0.0027308017015457153 0.9998582601547241 102.6959228515625
0.9989553689956665 0.025308828800916672 0.0380496084690094 -2.9540743827819824 -0.025240367278456688 0.9996787905693054 -0.00227870000526309 -2.643688201904297 -0.03809504956007004 0.0013159336522221565 0.9992731809616089 103.11380004882812
0.9977978467941284 0.02327585779130459 0.06210973858833313 -2.904102325439453 -0.022860344499349594 0.9997113943099976 -0.0073923226445913315 -2.649397373199463 -0.06226387992501259 0.005956193432211876 0.9980419874191284 103.51615905761719
0.9957757592201233 0.021063175052404404 0.0893697738647461 -2.84311580657959 -0.020235689356923103 0.9997435808181763 -0.010155233554542065 -2.661409378051758 -0.08956076204776764 0.008303876966238022 0.9959466457366943 103.93136596679688
0.9927549362182617 0.01816009357571602 0.11877616494894028 -2.7647438049316406 -0.01693831756711006 0.9997928142547607 -0.011287909932434559 -2.673295021057129 -0.11895652115345001 0.009194259531795979 0.9928568005561829 104.32129669189453
0.9882835149765015 0.015913095325231552 0.15179693698883057 -2.6913042068481445 -0.01412576250731945 0.9998178482055664 -0.0128456586971879 -2.6902427673339844 -0.1519736647605896 0.010550906881690025 0.988328218460083 104.65860748291016
0.9820837378501892 0.013639526441693306 0.18795093894004822 -2.5960025787353516 -0.011211642995476723 0.9998395442962646 -0.013974731788039207 -2.707852840423584 -0.18811140954494476 0.011617116630077362 0.9820789098739624 105.02899169921875
0.9740418791770935 0.010213539935648441 0.22613723576068878 -2.475666046142578 -0.006996291223913431 0.9998627305030823 -0.0150238536298275 -2.7169277667999268 -0.22625964879989624 0.013051740825176239 0.9739795327186584 105.39458465576172
0.9638683199882507 0.008375441655516624 0.26624739170074463 -2.348878860473633 -0.0043282341212034225 0.9998661279678345 -0.015784084796905518 -2.7325267791748047 -0.26634395122528076 0.0140613978728652 0.9637754559516907 105.74234008789062
0.9513250589370728 0.008583336137235165 0.3080698251724243 -2.225107192993164 -0.0037797102704644203 0.9998618960380554 -0.01618599146604538 -2.7559103965759277 -0.30816617608070374 0.014233722351491451 0.9512260556221008 106.0567855834961
0.9359337687492371 0.010848771780729294 0.3520088791847229 -2.0765533447265625 -0.005144448950886726 0.9998400807380676 -0.01713641546666622 -2.76415753364563 -0.3521384000778198 0.01422765851020813 0.9358397722244263 106.37875366210938
0.9180142283439636 0.011554181575775146 0.3963790535926819 -1.9003105163574219 -0.005555011332035065 0.9998521208763123 -0.016279594972729683 -2.7718114852905273 -0.3965085744857788 0.012743009254336357 0.9179425835609436 106.70108032226562
0.8974027037620544 0.010097107850015163 0.4410969316959381 -1.7193832397460938 -0.0038704369217157364 0.999879777431488 -0.01501382328569889 -2.7833633422851562 -0.4411955177783966 0.011766206473112106 0.8973339200019836 107.0106201171875
0.8742092847824097 0.009035160765051842 0.4854651689529419 -1.5243186950683594 -0.0017280657775700092 0.999878466129303 -0.015497241169214249 -2.79703688621521 -0.48554614186286926 0.012708916328847408 0.8741186857223511 107.27992248535156
0.8484763503074646 0.010696597397327423 0.5291251540184021 -1.3078575134277344 -0.0011952542699873447 0.9998319149017334 -0.01829557865858078 -2.808497667312622 -0.5292319655418396 0.014890925958752632 0.848346471786499 107.5760498046875
0.8199588060379028 0.013239541091024876 0.5722693204879761 -1.1059799194335938 -0.00013553073222283274 0.9997369050979614 -0.02293488197028637 -2.8146183490753174 -0.5724225044250488 0.018728094175457954 0.819744884967804 107.83480834960938
0.7886472344398499 0.01788855530321598 0.6145856976509094 -0.8703804016113281 -0.0016513568116351962 0.9996346831321716 -0.02697701007127762 -2.8336262702941895 -0.6148437261581421 0.020260443910956383 0.7883886098861694 108.09823608398438
0.7544211149215698 0.024094868451356888 0.6559483408927917 -0.6160545349121094 -0.005018909461796284 0.9995085597038269 -0.030942464247345924 -2.845909357070923 -0.656371533870697 0.02005150355398655 0.7541712522506714 108.35027313232422
0.7166669964790344 0.028951827436685562 0.6968144178390503 -0.34293365478515625 -0.006604397669434547 0.9993749856948853 -0.03473031148314476 -2.848188877105713 -0.6973841786384583 0.020288024097681046 0.716410219669342 108.59676361083984
0.6774309277534485 0.02886589989066124 0.7350196838378906 -0.0464630126953125 -0.00462380051612854 0.9993771314620972 -0.03498629480600357 -2.8704025745391846 -0.7355718612670898 0.020302213728427887 0.6771425008773804 108.81536865234375
0.6363059282302856 0.02637629210948944 0.7709857821464539 0.2676734924316406 -0.00039653200656175613 0.9994264245033264 -0.03386423736810684 -2.883843183517456 -0.7714366912841797 0.02124229446053505 0.6359514594078064 109.01565551757812
0.5915887951850891 0.02458411082625389 0.8058649301528931 0.5950431823730469 0.0014096428640186787 0.9995020031929016 -0.031526122242212296 -2.890899658203125 -0.8062386512756348 0.01978648453950882 0.5912594795227051 109.22463989257812
0.5456823706626892 0.023698873817920685 0.8376569151878357 0.9143447875976562 0.000279604340903461 0.9995947480201721 -0.028462542220950127 -2.9114174842834473 -0.8379920721054077 0.01576572097837925 0.5454546213150024 109.44064331054688
0.4974100589752197 0.02131541818380356 0.8672536611557007 1.2744674682617188 0.002297054510563612 0.9996622204780579 -0.025887232273817062 -2.9201765060424805 -0.8675125241279602 0.014868696220219135 0.49719297885894775 109.60406494140625
0.4462991952896118 0.017517954111099243 0.8947122693061829 1.6439476013183594 0.005362960044294596 0.9997380375862122 -0.022249441593885422 -2.931851387023926 -0.8948677778244019 0.014728215523064137 0.4460882544517517 109.7481689453125
0.3937985897064209 0.017698995769023895 0.9190263748168945 2.0026588439941406 0.0017943838611245155 0.9997978806495667 -0.020023413002490997 -2.9556400775909424 -0.9191950559616089 0.009534277021884918 0.3936871886253357 109.87663269042969
0.34207990765571594 0.022354261949658394 0.9394049644470215 2.3900375366210938 -0.0014300085604190826 0.999728262424469 -0.02326899580657482 -2.9713191986083984 -0.9396697878837585 0.00661649601534009 0.34201884269714355 109.992431640625
0.2925889492034912 0.027661941945552826 0.955838143825531 2.7763614654541016 -0.003291270462796092 0.9996047019958496 -0.02792106755077839 -2.989147663116455 -0.9562326073646545 0.005023473873734474 0.2925643026828766 110.08748626708984
0.24586035311222076 0.029768671840429306 0.9688480496406555 3.1832923889160156 -0.0014926943695172668 0.9995387196540833 -0.03033287636935711 -3.0020668506622314 -0.9693042039871216 0.006011457182466984 0.24579139053821564 110.15617370605469
0.2048129141330719 0.029481664299964905 0.9783570170402527 3.604522705078125 0.005596107803285122 0.999494731426239 -0.03129013627767563 -3.0203983783721924 -0.9787851572036743 0.011883612722158432 0.20454442501068115 110.20097351074219
0.1696191430091858 0.029354153200984 0.9850724339485168 4.036264419555664 0.014113835990428925 0.9993814826011658 -0.032210804522037506 -3.0316946506500244 -0.9854086637496948 0.01936671882867813 0.16909998655319214 110.23767852783203
0.1390218585729599 0.030700281262397766 0.9898133277893066 4.489902496337891 0.018325183540582657 0.9992684721946716 -0.033567361533641815 -3.047231435775757 -0.9901197552680969 0.0228051096200943 0.13835756480693817 110.27323150634766
0.11083614826202393 0.02868596650660038 0.993424654006958 4.962311744689941 0.016650943085551262 0.9993894696235657 -0.030715947970747948 -3.072093963623047 -0.9936991930007935 0.019945893436670303 0.11029087007045746 110.3163070678711
0.08506853878498077 0.025611011311411858 0.9960460066795349 5.47300910949707 0.010376079007983208 0.9995926022529602 -0.02658838778734207 -3.082644462585449 -0.9963210225105286 0.012596888467669487 0.084768146276474 110.36389923095703
0.061550628393888474 0.02155996300280094 0.9978711009025574 5.953671932220459 0.005042666103690863 0.9997472167015076 -0.021911542862653732 -3.100160837173462 -0.9980912208557129 0.006380599457770586 0.06142634525895119 110.39167022705078
0.038847461342811584 0.019066650420427322 0.9990631937980652 6.477837085723877 0.009275422431528568 0.9997680187225342 -0.01944076269865036 -3.1209487915039062 -0.9992021322250366 0.010021958500146866 0.038661595433950424 110.39540100097656
0.018789738416671753 0.01995914801955223 0.9996241927146912 7.015944480895996 0.01690424419939518 0.9996514320373535 -0.020277436822652817 -3.1381349563598633 -0.9996805191040039 0.017278900370001793 0.018445786088705063 110.37633514404297
0.0013807900249958038 0.02248677797615528 0.9997462630271912 7.567600250244141 0.02220216765999794 0.999500036239624 -0.022511905059218407 -3.1562001705169678 -0.9997525811195374 0.022227618843317032 0.0008808523416519165 110.35513305664062
-0.013704415410757065 0.02771008387207985 0.9995220899581909 8.172958374023438 0.02121179923415184 0.9993990659713745 -0.027415838092565536 -3.1775124073028564 -0.9996811151504517 0.02082594484090805 -0.014283958822488785 110.36446380615234
-0.023834655061364174 0.032453667372465134 0.9991889595985413 8.781355857849121 0.020190462470054626 0.9992846846580505 -0.0319751501083374 -3.1842963695526123 -0.9995119571685791 0.019411969929933548 -0.024472864344716072 110.34754180908203
-0.03055722266435623 0.03203876316547394 0.9990193843841553 9.401077270507812 0.02205549366772175 0.9992644190788269 -0.03137199580669403 -3.2053351402282715 -0.9992896318435669 0.02107522450387478 -0.03124137595295906 110.3285140991211
-0.033103108406066895 0.029398106038570404 0.9990195631980896 10.048447608947754 0.02829839661717415 0.9991940855979919 -0.02846555970609188 -3.2217066287994385 -0.9990512728691101 0.027328351512551308 -0.03390834853053093 110.30115509033203
-0.03263210132718086 0.02751346305012703 0.9990886449813843 10.700934410095215 0.02940305322408676 0.999214768409729 -0.026556575670838356 -3.250387191772461 -0.9990348219871521 0.028509661555290222 -0.03341545909643173 110.27605438232422
-0.03025740012526512 0.027021082118153572 0.9991768598556519 11.381173133850098 0.028091633692383766 0.9992626309394836 -0.02617272175848484 -3.277949333190918 -0.9991472959518433 0.027276596054434776 -0.03099416010081768 110.25523376464844
-0.028749311342835426 0.027531549334526062 0.9992074370384216 12.065062522888184 0.024933021515607834 0.9993292689323425 -0.026817532256245613 -3.298497438430786 -0.9992756247520447 0.024142274633049965 -0.02941647358238697 110.24127197265625
-0.027668219059705734 0.028684141114354134 0.9992055892944336 12.778337478637695 0.023857925087213516 0.9993223547935486 -0.028026867657899857 -3.320801019668579 -0.9993323683738708 0.02306351438164711 -0.028333814814686775 110.23169708251953
-0.026814782992005348 0.029517775401473045 0.9992044568061829 13.513045310974121 0.02351321280002594 0.9993060231208801 -0.028889771550893784 -3.3491780757904053 -0.9993638396263123 0.022719839587807655 -0.027490226551890373 110.21521759033203
-0.026272499933838844 0.029137559235095978 0.9992300868034363 14.262561798095703 0.02265130914747715 0.999335765838623 -0.0285450778901577 -3.3729283809661865 -0.9993982315063477 0.02188391610980034 -0.0269150547683239 110.20619201660156
