0.9999879598617554 0.0034080184996128082 0.0035251122899353504 -0.4477482736110687 -0.0034045581705868244 0.9999937415122986 -0.0009871718939393759 0.06574206054210663 -0.0035284545738250017 0.0009751585894264281 0.9999933242797852 -1.545613169670105
0.9999962449073792 0.0017889252630993724 0.0020866000559180975 -0.44826892018318176 -0.001784931286238134 0.9999966621398926 -0.001914318185299635 0.05749080330133438 -0.0020900177769362926 0.0019105864921584725 0.9999960064888 -0.9813750386238098
0.999998152256012 0.001582957454957068 0.0011113444343209267 -0.451650470495224 -0.0015789850149303675 0.9999924302101135 -0.003566050436347723 0.04709853604435921 -0.0011169812642037868 0.0035642890725284815 0.9999930262565613 -0.42606455087661743
0.9999990463256836 0.0009057216229848564 -0.0010236504022032022 -0.4510538876056671 -0.0009103344054892659 0.9999894499778748 -0.00451489444822073 0.028911089524626732 0.0010195503709837794 0.004515822511166334 0.9999893307685852 0.13909034430980682
0.9999954700469971 -0.0009339291718788445 -0.0028496882878243923 -0.46031850576400757 0.0009153700084425509 0.9999784231185913 -0.006507126148790121 0.022221215069293976 0.0028557043988257647 0.00650448864325881 0.9999748468399048 0.7060680389404297
0.999985933303833 -0.003735273377969861 -0.0037475223653018475 -0.4754456877708435 0.0037055080756545067 0.9999617338180542 -0.007918454706668854 -0.003769021714106202 0.0037769570481032133 0.007904455997049809 0.9999616146087646 1.2580134868621826
0.9999741911888123 -0.004946198780089617 -0.005212423857301474 -0.4801732301712036 0.004901669453829527 0.9999516606330872 -0.008521315641701221 -0.0169395562261343 0.005254320800304413 0.008495545946061611 0.999950110912323 1.8293765783309937
0.9999667406082153 -0.00495210150256753 -0.006481991149485111 -0.49166038632392883 0.004901147447526455 0.9999570846557617 -0.007853369228541851 -0.03067634627223015 0.006520604249089956 0.007821338251233101 0.9999481439590454 2.4086828231811523
0.9999574422836304 -0.005401591770350933 -0.007473466917872429 -0.5000485777854919 0.005339221563190222 0.9999509453773499 -0.00834027398377657 -0.04352865368127823 0.007518150843679905 0.008300017565488815 0.9999372363090515 3.004671096801758
0.999950110912323 -0.00476133543998003 -0.00877694133669138 -0.506486177444458 0.004665188957005739 0.9999291896820068 -0.010942691005766392 -0.06209652125835419 0.008828421123325825 0.010901196859776974 0.9999015927314758 3.5970325469970703
0.9999454021453857 -0.0030595192220062017 -0.009996349923312664 -0.5190984010696411 0.0029117113444954157 0.999886691570282 -0.014767435379326344 -0.07712219655513763 0.010040397755801678 0.01473752036690712 0.9998409748077393 4.203423023223877
0.9999341368675232 -0.0018231896683573723 -0.011333752423524857 -0.5328758358955383 0.0016131192678585649 0.9998272061347961 -0.018516425043344498 -0.0890822485089302 0.011365552432835102 0.01849691942334175 0.9997642636299133 4.817442893981934
0.9999229907989502 0.0001638872199691832 -0.012413806281983852 -0.5494353175163269 -0.0003941887116525322 0.9998278021812439 -0.018551817163825035 -0.10333502292633057 0.012408630922436714 0.018555279821157455 0.9997507929801941 5.446797847747803
0.9999020099639893 0.002430030144751072 -0.013787917792797089 -0.5574968457221985 -0.002591605531051755 0.9999280571937561 -0.011712883599102497 -0.11400900781154633 0.013758465647697449 0.011747468262910843 0.999836266040802 6.088825702667236
0.9998947978019714 0.003242442151531577 -0.014140824787318707 -0.5775051712989807 -0.003257413860410452 0.9999942183494568 -0.0010358659783378243 -0.12787237763404846 0.014137383550405502 0.001081820810213685 0.9998995065689087 6.751570224761963
0.9998771548271179 0.004026514012366533 -0.015149193815886974 -0.5893239378929138 -0.003941588569432497 0.999976396560669 0.00563162611797452 -0.13960815966129303 0.01517151016741991 -0.0055712200701236725 0.9998694062232971 7.43459939956665
0.9998422265052795 0.006453722715377808 -0.016550708562135696 -0.6055716276168823 -0.006381031591445208 0.9999697804450989 0.004441068973392248 -0.15421772003173828 0.01657886989414692 -0.004334758501499891 0.9998531937599182 8.120165824890137
0.9998180270195007 0.008318171836435795 -0.01716431975364685 -0.628186047077179 -0.008366093970835209 0.999961256980896 -0.002722067292779684 -0.16065725684165955 0.017141010612249374 0.0028651705943048 0.9998490214347839 8.813197135925293
0.999798595905304 0.008104383945465088 -0.018359163776040077 -0.6445037126541138 -0.008264793083071709 0.9999282360076904 -0.00867838878184557 -0.16082580387592316 0.01828750967979431 0.008828375488519669 0.9997938275337219 9.52292251586914
0.9997921586036682 0.005680017173290253 -0.019579827785491943 -0.6571140289306641 -0.005819021724164486 0.9999582171440125 -0.007049753330647945 -0.1636117398738861 0.019538966938853264 0.007162223104387522 0.999783456325531 10.260619163513184
0.9997889399528503 0.0052939523011446 -0.019849766045808792 -0.6780195236206055 -0.005252845585346222 0.9999839663505554 0.0021224557422101498 -0.1762423813343048 0.019860683009028435 -0.002017739461734891 0.9998006820678711 11.023263931274414
0.9997854232788086 0.004767720587551594 -0.02015628293156624 -0.6975171566009521 -0.004575677681714296 0.9999438524246216 0.009563039988279343 -0.18140198290348053 0.02020074613392353 -0.009468760341405869 0.999751091003418 11.800532341003418
0.9997758269309998 0.0037975788582116365 -0.020828859880566597 -0.7168740630149841 -0.0035460544750094414 0.9999204874038696 0.012099436484277248 -0.18449117243289948 0.02087315358221531 -0.012022864073514938 0.9997098445892334 12.59244441986084
0.9997797012329102 0.0021621822379529476 -0.020878389477729797 -0.7346226572990417 -0.001932145794853568 0.9999372959136963 0.011031826958060265 -0.1848801076412201 0.02090093493461609 -0.010989055968821049 0.9997211694717407 13.393324851989746
0.9997944235801697 0.0015477618435397744 -0.02021234855055809 -0.7540271282196045 -0.001372828264720738 0.9999614357948303 0.00866579357534647 -0.1862417310476303 0.020224977284669876 -0.008636264130473137 0.9997581243515015 14.227012634277344
0.9998002648353577 0.004295222461223602 -0.01951650157570839 -0.7774010300636292 -0.00419136555865407 0.9999768137931824 0.005359278060495853 -0.18871884047985077 0.019539063796401024 -0.005276407580822706 0.999795138835907 15.064027786254883
0.9998221397399902 0.0008666684152558446 -0.018841980025172234 -0.7915917634963989 -0.0008742962963879108 0.999999463558197 -0.00039659347385168076 -0.19175317883491516 0.01884162612259388 0.00041299566510133445 0.9998223781585693 15.918566703796387
0.9998345971107483 -0.0018488597124814987 -0.018089305609464645 -0.8086751103401184 0.0017294479766860604 0.9999765753746033 -0.006614630576223135 -0.20303484797477722 0.018101109191775322 0.0065822540782392025 0.9998144507408142 16.79125213623047
0.9998534321784973 -0.0008513444336131215 -0.017100740224123 -0.8243556022644043 0.000648182409349829 0.9999291300773621 -0.011882385239005089 -0.21838946640491486 0.017109647393226624 0.01186955813318491 0.9997830986976624 17.70886993408203
0.9998619556427002 0.00045168696669861674 -0.016608120873570442 -0.8487046957015991 -0.0006638953345827758 0.9999181032180786 -0.012774105183780193 -0.23305608332157135 0.016600994393229485 0.012783367186784744 0.9997804760932922 18.6136474609375
0.9998466968536377 0.0004086070694029331 -0.017505131661891937 -0.860286295413971 -0.0006216828478500247 0.9999257326126099 -0.01216849498450756 -0.2525818645954132 0.017498861998319626 0.012177512049674988 0.9997727274894714 19.549829483032227
0.9998483657836914 0.0020858836360275745 -0.017285671085119247 -0.8872849345207214 -0.002317168051376939 0.9999078512191772 -0.013370942324399948 -0.2799442708492279 0.01725618913769722 0.013408971019089222 0.999761164188385 20.491880416870117
0.9998388290405273 0.004865082446485758 -0.01728013902902603 -0.9009233713150024 -0.0051347860135138035 0.9998651146888733 -0.015597756952047348 -0.3015159070491791 0.017201928421854973 0.015683967620134354 0.9997290372848511 21.46303367614746
0.9998127818107605 0.008131193928420544 -0.01755840703845024 -0.9251354336738586 -0.008421982638537884 0.9998275637626648 -0.016551263630390167 -0.32383131980895996 0.017420798540115356 0.016696039587259293 0.999708890914917 22.428647994995117
0.9997975826263428 0.009802194312214851 -0.01756751537322998 -0.9521052837371826 -0.010089565999805927 0.9998154640197754 -0.016344869509339333 -0.35272571444511414 0.01740405708551407 0.016518807038664818 0.9997121095657349 23.40459632873535
0.9997883439064026 0.01097875740379095 -0.017394600436091423 -0.9832789301872253 -0.011264135129749775 0.9998021125793457 -0.016393885016441345 -0.37906113266944885 0.017211174592375755 0.01658635027706623 0.9997143149375916 24.387283325195312
0.9997841119766235 0.010430095717310905 -0.017966460436582565 -0.9957219362258911 -0.010726749897003174 0.9998064041137695 -0.016495032235980034 -0.4042772948741913 0.017790937796235085 0.016684191301465034 0.9997025728225708 25.360349655151367
0.9997657537460327 0.011657494120299816 -0.01824282296001911 -1.0128775835037231 -0.011936789378523827 0.9998120665550232 -0.015276541002094746 -0.4410495460033417 0.018061306327581406 0.015490720979869366 0.9997168779373169 26.4010009765625
0.9997507929801941 0.01237930916249752 -0.018580731004476547 -1.03468656539917 -0.012623266316950321 0.9998348355293274 -0.013070113956928253 -0.47040483355522156 0.018415862694382668 0.013301406055688858 0.9997419118881226 27.417463302612305
0.9997403025627136 0.012956909835338593 -0.018748484551906586 -1.0603386163711548 -0.013180343434214592 0.9998429417610168 -0.01184329017996788 -0.4988967776298523 0.01859208755195141 0.012087324634194374 0.9997540712356567 28.438312530517578
0.9997316598892212 0.013180211186408997 -0.019052475690841675 -1.0804240703582764 -0.0134282186627388 0.9998259544372559 -0.012948199175298214 -0.5247030854225159 0.018878499045968056 0.013200564309954643 0.99973464012146 29.470958709716797
0.999713122844696 0.01432948000729084 -0.019189806655049324 -1.1075776815414429 -0.014601865783333778 0.9997934699058533 -0.014130082912743092 -0.5521792769432068 0.01898336596786976 0.0144062340259552 0.9997159838676453 30.49639129638672
0.9997119307518005 0.013889006339013577 -0.019572177901864052 -1.1330211162567139 -0.014144114218652248 0.9998159408569336 -0.012956577353179455 -0.5821640491485596 0.019388621672987938 0.013229675590991974 0.9997244477272034 31.531354904174805
0.9997094869613647 0.013758918270468712 -0.019789673388004303 -1.164597988128662 -0.013970129191875458 0.9998463988304138 -0.010574230924248695 -0.6053390502929688 0.019641146063804626 0.010847622528672218 0.9997482299804688 32.58799743652344
0.9996983408927917 0.013855468481779099 -0.020278602838516235 -1.1940275430679321 -0.013993872329592705 0.9998796582221985 -0.0066991844214499 -0.6322005987167358 0.020183339715003967 0.006980939768254757 0.9997718930244446 33.63026809692383
0.9996835589408875 0.013949903659522533 -0.020933479070663452 -1.2167835235595703 -0.014048225246369839 0.9998910427093506 -0.004557367414236069 -0.6570581793785095 0.020867615938186646 0.004850005265325308 0.99977046251297 34.71815872192383
0.9996722936630249 0.014310460537672043 -0.021226273849606514 -1.2477309703826904 -0.014402798376977444 0.9998874664306641 -0.004203682765364647 -0.6742540001869202 0.02116372622549534 0.0045080240815877914 0.9997658133506775 35.79000473022461
0.9996665716171265 0.01362599991261959 -0.021933652460575104 -1.2727292776107788 -0.013746820390224457 0.9998911023139954 -0.005367209203541279 -0.7001181840896606 0.021858129650354385 0.005666937213391066 0.9997450113296509 36.878658294677734
0.9996472001075745 0.014141186140477657 -0.02248169295489788 -1.308207631111145 -0.014277182519435883 0.9998806715011597 -0.005900310352444649 -0.7199217081069946 0.022395571693778038 0.006219204515218735 0.9997297525405884 37.95857620239258
0.9996364712715149 0.013583965599536896 -0.02328934520483017 -1.3357126712799072 -0.01370091363787651 0.9998942613601685 -0.004869240801781416 -0.7425152659416199 0.023220738396048546 0.005186556372791529 0.9997168779373169 39.04371643066406
0.9996054768562317 0.014191650785505772 -0.024236224591732025 -1.3667352199554443 -0.014275278896093369 0.9998927116394043 -0.003280988661572337 -0.756809413433075 0.024187060073018074 0.003625673707574606 0.9997009038925171 40.130882263183594
0.999606728553772 0.013575184158980846 -0.024535860866308212 -1.4049113988876343 -0.013580603525042534 0.9999077916145325 -5.420174420578405e-05 -0.7900159955024719 0.0245328638702631 0.0003873926470987499 0.9996989369392395 41.22224426269531
0.9995773434638977 0.015273164957761765 -0.024736231192946434 -1.4465551376342773 -0.015284743160009384 0.9998831152915955 -0.00027907101321034133 -0.811018705368042 0.024729078635573387 0.0006570399273186922 0.9996939897537231 42.29747772216797
0.9995417594909668 0.01646239310503006 -0.02540118247270584 -1.4699703454971313 -0.016573883593082428 0.9998538494110107 -0.004184814635664225 -0.8349320888519287 0.025328578427433968 0.004603893030434847 0.999668538570404 43.388465881347656
0.9995276927947998 0.01764986291527748 -0.02515554055571556 -1.5081266164779663 -0.017864950001239777 0.9998055100440979 -0.008351268246769905 -0.8552709817886353 0.02500324696302414 0.00879672635346651 0.9996486306190491 44.470184326171875
0.9995120167732239 0.018066028133034706 -0.025485292077064514 -1.5382369756698608 -0.018295036628842354 0.9997940063476562 -0.008781385608017445 -0.8795133829116821 0.025321397930383682 0.009243353269994259 0.9996365904808044 45.5514030456543
0.9995078444480896 0.01856118068099022 -0.02528979815542698 -1.5731971263885498 -0.01872154511511326 0.9998059868812561 -0.006119048222899437 -0.9055997729301453 0.025171315297484398 0.0065895006991922855 0.9996614456176758 46.649539947509766
0.999502420425415 0.01898561790585518 -0.025188196450471878 -1.6080580949783325 -0.019087933003902435 0.9998103976249695 -0.003827690379694104 -0.9329385161399841 0.025110751390457153 0.00430657621473074 0.9996753931045532 47.76090621948242
0.9995310306549072 0.01746799796819687 -0.025149410590529442 -1.6396081447601318 -0.017537379637360573 0.9998429417610168 -0.0025407716166228056 -0.9555636048316956 0.025101080536842346 0.0029806350357830524 0.9996804594993591 48.84933090209961
0.9995406866073608 0.01739300973713398 -0.02481694333255291 -1.6683820486068726 -0.01747189648449421 0.9998428821563721 -0.002965389285236597 -0.9835500121116638 0.024761470034718513 0.0033976263366639614 0.9996876120567322 49.93833541870117
0.9995616674423218 0.01669197715818882 -0.02445073053240776 -1.7074142694473267 -0.016825273633003235 0.9998445510864258 -0.005256137810647488 -1.002326250076294 0.024359196424484253 0.005665223579853773 0.9996871948242188 51.03095626831055
0.9995704293251038 0.016491517424583435 -0.02422773651778698 -1.7318788766860962 -0.0166741032153368 0.999833881855011 -0.007353560067713261 -1.0252083539962769 0.02410244196653366 0.007754375692456961 0.9996793866157532 52.11894607543945
0.9995863437652588 0.015832016244530678 -0.024010781198740005 -1.7640613317489624 -0.016072047874331474 0.9998223781585693 -0.009836936369538307 -1.0558326244354248 0.023850779980421066 0.010218769311904907 0.9996632933616638 53.222328186035156
0.9996144771575928 0.014168377965688705 -0.023876609280705452 -1.794851303100586 -0.014484203420579433 0.999809205532074 -0.013106775470077991 -1.0907589197158813 0.023686349391937256 0.013447555713355541 0.9996289610862732 54.30390930175781
0.9996333122253418 0.012536141090095043 -0.024002697318792343 -1.8186304569244385 -0.012894944287836552 0.9998065829277039 -0.014852446503937244 -1.1221367120742798 0.023811861872673035 0.015156513080000877 0.9996015429496765 55.39389419555664
0.9996618032455444 0.010981312952935696 -0.02357376553118229 -1.8467864990234375 -0.011274738237261772 0.9998601675033569 -0.012350545264780521 -1.1558924913406372 0.023434843868017197 0.012612157501280308 0.9996458292007446 56.4825325012207
0.9996906518936157 0.009699266403913498 -0.022903401404619217 -1.881864070892334 -0.009857144206762314 0.99992835521698 -0.006790406070649624 -1.1809366941452026 0.022835901007056236 0.007014067377895117 0.9997146129608154 57.58394241333008
0.9997082948684692 0.00817781314253807 -0.022724997252225876 -1.9070531129837036 -0.008199742063879967 0.9999659657478333 -0.0008720073383301497 -1.203499436378479 0.02271709404885769 0.0010580914095044136 0.9997413754463196 58.68040466308594
0.999724805355072 0.006405544001609087 -0.02256583981215954 -1.9331738948822021 -0.006412465125322342 0.9999793767929077 -0.00023431883892044425 -1.2245534658432007 0.02256387658417225 0.000378956989152357 0.9997453093528748 59.776065826416016
0.9997342824935913 0.0032065697014331818 -0.022829579189419746 -1.9529699087142944 -0.0032806736417114735 0.9999895095825195 -0.0032092344481498003 -1.2418029308319092 0.022819049656391144 0.0032832780852913857 0.9997342228889465 60.871028900146484
0.9997409582138062 0.0016272899229079485 -0.02270141988992691 -1.9828661680221558 -0.0017747010570019484 0.9999774098396301 -0.006474810652434826 -1.26251220703125 0.02269037254154682 0.006513421423733234 0.9997212886810303 61.960208892822266
0.9997407793998718 0.004037864506244659 -0.02240707166492939 -2.0217769145965576 -0.004269099328666925 0.9999380111694336 -0.010281507857143879 -1.2962061166763306 0.022364169359207153 0.010374500416219234 0.9996960759162903 63.05709457397461
0.9997397661209106 0.004107126034796238 -0.022441554814577103 -2.0479507446289062 -0.004434684757143259 0.9998840093612671 -0.014565868303179741 -1.322936773300171 0.022379131987690926 0.014661597087979317 0.9996420741081238 64.14959716796875
0.999736487865448 0.007206642534583807 -0.021796032786369324 -2.0838332176208496 -0.007540006656199694 0.9998552203178406 -0.015251400880515575 -1.3530914783477783 0.021682970225811005 0.015411725267767906 0.9996461272239685 65.24787139892578
0.9997265934944153 0.011004332453012466 -0.020627887919545174 -2.1298835277557373 -0.011246196925640106 0.9998689293861389 -0.011646060273051262 -1.3862810134887695 0.020497025921940804 0.011874862015247345 0.9997193813323975 66.35196685791016
0.9997152090072632 0.012215163558721542 -0.020496906712651253 -2.1585640907287598 -0.012412337586283684 0.9998776912689209 -0.009520248509943485 -1.4139342308044434 0.020378105342388153 0.009771953336894512 0.9997445940971375 67.44508361816406
0.9997254014015198 0.011333337053656578 -0.020507004112005234 -2.183856964111328 -0.011513492092490196 0.9998959302902222 -0.008688444271683693 -1.4410141706466675 0.02040640264749527 0.00892216619104147 0.9997519850730896 68.5365982055664
0.99973064661026 0.010460448451340199 -0.020717548206448555 -2.206529140472412 -0.010629608295857906 0.9999109506607056 -0.008071702904999256 -1.4703480005264282 0.020631272345781326 0.00828974787145853 0.9997527599334717 69.64302062988281
0.999739944934845 0.009382368065416813 -0.020784402266144753 -2.234369993209839 -0.009517781436443329 0.9999340772628784 -0.006425793748348951 -1.501590371131897 0.02072274312376976 0.006621942855417728 0.9997633695602417 70.73390197753906
0.999745786190033 0.007743599824607372 -0.02117547206580639 -2.263157606124878 -0.007842440158128738 0.9999586939811707 -0.004588608164340258 -1.5250076055526733 0.02113906294107437 0.004753509070724249 0.999765157699585 71.83761596679688
0.9997313618659973 0.0065566059201955795 -0.022234169766306877 -2.2854855060577393 -0.0066240690648555756 0.9999737739562988 -0.0029619147535413504 -1.5479586124420166 0.022214166820049286 0.003108400385826826 0.9997483491897583 72.92829895019531
0.9997227191925049 0.006246124394237995 -0.022704588249325752 -2.315408945083618 -0.006336444057524204 0.9999723434448242 -0.003908277489244938 -1.5791679620742798 0.022679544985294342 0.004051060415804386 0.9997345209121704 74.01323699951172
0.9997174143791199 0.006271727848798037 -0.022928491234779358 -2.3473260402679443 -0.006449598353356123 0.9999496340751648 -0.007691928651183844 -1.6072334051132202 0.022879093885421753 0.007837635464966297 0.9997075200080872 75.09610748291016
0.9996873140335083 0.006713918410241604 -0.024086186662316322 -2.369715929031372 -0.006954156793653965 0.999926745891571 -0.009904235601425171 -1.6318087577819824 0.024017924442887306 0.010068638250231743 0.999660849571228 76.17501068115234
0.9996638298034668 0.008785096928477287 -0.0243902076035738 -2.407660722732544 -0.008987905457615852 0.9999258518218994 -0.008218042552471161 -1.6599836349487305 0.024316200986504555 0.008434497751295567 0.9996687173843384 77.25303649902344
0.9996443390846252 0.009663122706115246 -0.02485446259379387 -2.4403111934661865 -0.009764975868165493 0.9999445080757141 -0.003979852423071861 -1.6821327209472656 0.024814622476696968 0.004221141804009676 0.999683141708374 78.33445739746094
0.9996173977851868 0.010859038680791855 -0.025439614430069923 -2.475480794906616 -0.010857813991606236 0.9999410510063171 0.0001862573262769729 -1.7117968797683716 0.025440135970711708 9.00324885151349e-05 0.9996763467788696 79.40510559082031
0.9995865225791931 0.012119696475565434 -0.026074206456542015 -2.511443853378296 -0.012101516127586365 0.9999263882637024 0.0008549588383175433 -1.7306052446365356 0.02608264982700348 -0.0005390678998082876 0.9996596574783325 80.47698211669922
0.9995818138122559 0.012091977521777153 -0.02626974694430828 -2.551466226577759 -0.012137080542743206 0.9999250769615173 -0.0015581278130412102 -1.7480989694595337 0.026248937472701073 0.0018763142870739102 0.999653697013855 81.5408706665039
0.9995718598365784 0.011896071955561638 -0.026731999590992928 -2.589266061782837 -0.011956127360463142 0.9999263286590576 -0.0020879264920949936 -1.772631049156189 0.026705192402005196 0.00240664416924119 0.9996404647827148 82.61638641357422
0.9995689988136292 0.01105975266546011 -0.02719222940504551 -2.6197521686553955 -0.011131229810416698 0.99993497133255 -0.0024786721915006638 -1.7941874265670776 0.02716304548084736 0.0027802870608866215 0.9996271729469299 83.67332458496094
0.9995500445365906 0.009666228666901588 -0.02839340828359127 -2.6478888988494873 -0.009737912565469742 0.9999496936798096 -0.0023874598555266857 -1.8110897541046143 0.02836889959871769 0.0026628782507032156 0.9995940327644348 84.71546173095703
0.9995453357696533 0.009023336693644524 -0.0287739597260952 -2.683115243911743 -0.009047823958098888 0.9999587535858154 -0.0007208910537883639 -1.8385212421417236 0.028766268864274025 0.0009809047915041447 0.9995856881141663 85.74592590332031
0.9995405077934265 0.009224431589245796 -0.028874507173895836 -2.7206366062164307 -0.009169173426926136 0.9999558329582214 0.0020455599296838045 -1.8627758026123047 0.028892097994685173 -0.001779864658601582 0.9995809197425842 86.74774932861328
0.999502420425415 0.008265901356935501 -0.030441274866461754 -2.7525317668914795 -0.00817786529660225 0.9999619126319885 0.0030153929255902767 -1.885761022567749 0.03046504408121109 -0.0027649477124214172 0.9995319843292236 87.73186492919922
0.9994518160820007 0.00756103778257966 -0.0322326235473156 -2.797178268432617 -0.007461112923920155 0.9999669790267944 0.0032192557118833065 -1.9027247428894043 0.032255902886390686 -0.00297699891962111 0.9994751214981079 88.69606018066406
0.999359130859375 0.006560307927429676 -0.03518971428275108 -2.8338913917541504 -0.006483642850071192 0.999976396560669 0.0022922914940863848 -1.9231904745101929 0.035203926265239716 -0.002062664832919836 0.999377965927124 89.62911224365234
0.9992438554763794 0.0061339386738836765 -0.03839502111077309 -2.87809681892395 -0.0060784583911299706 0.9999803304672241 0.001561557874083519 -1.945188045501709 0.03840385004878044 -0.0013269948540255427 0.9992613792419434 90.54530334472656
0.9991022348403931 0.006327942479401827 -0.04188935458660126 -2.923537492752075 -0.006253828294575214 0.9999786019325256 0.0019000996835529804 -1.9612174034118652 0.041900478303432465 -0.0016364252660423517 0.9991204142570496 91.45431518554688
0.9989539980888367 0.007480249274522066 -0.04511099308729172 -2.968608856201172 -0.00735462224110961 0.9999685883522034 0.0029501663520932198 -1.9787201881408691 0.04513164609670639 -0.0026153060607612133 0.9989776015281677 92.32002258300781
0.9988096356391907 0.008296043612062931 -0.04806811735033989 -3.0191941261291504 -0.008107500150799751 0.9999587535858154 0.004116049036383629 -1.9983166456222534 0.04810027405619621 -0.0037214369513094425 0.9988355040550232 93.169921875
0.998638391494751 0.00970589928328991 -0.051255591213703156 -3.0652434825897217 -0.009428543038666248 0.9999395608901978 0.005650246050208807 -2.0126614570617676 0.05130733177065849 -0.0051592867821455 0.9986695051193237 93.98619842529297
0.9985008239746094 0.010756300762295723 -0.05366942659020424 -3.11930251121521 -0.01041841134428978 0.9999241828918457 0.006571557372808456 -2.030082941055298 0.053736038506031036 -0.006002555135637522 0.9985370635986328 94.77560424804688
0.9983403086662292 0.012857887893915176 -0.056135643273591995 -3.1690211296081543 -0.012481989338994026 0.999897301197052 0.007041743025183678 -2.04664945602417 0.05622041970491409 -0.00632937066257 0.9983982443809509 95.533935546875
0.9981397390365601 0.014546424150466919 -0.05920623987913132 -3.21492075920105 -0.014232640154659748 0.9998824000358582 0.005718118045479059 -2.0587947368621826 0.05928245186805725 -0.004864820279181004 0.9982293248176575 96.26660919189453
0.9979743957519531 0.01599901169538498 -0.06157201528549194 -3.2711281776428223 -0.015900973230600357 0.9998714923858643 0.002081939484924078 -2.0783531665802 0.06159740686416626 -0.0010986676206812263 0.9981004595756531 96.95559692382812
0.9977699518203735 0.018519164994359016 -0.06412674486637115 -3.3287558555603027 -0.018651427701115608 0.9998249411582947 -0.001464421977289021 -2.0918610095977783 0.06408840417861938 0.0026572104543447495 0.997940719127655 97.63414764404297
0.9975947737693787 0.02028886415064335 -0.06628011912107468 -3.3703415393829346 -0.02061004564166069 0.9997789263725281 -0.0041655548848211765 -2.110008955001831 0.06618096679449081 0.005521571729332209 0.9977923631668091 98.28205871582031
0.9974841475486755 0.022372227162122726 -0.06726797670125961 -3.4161198139190674 -0.022757982835173607 0.9997286796569824 -0.0049736276268959045 -2.1269149780273438 0.06713844835758209 0.0064919982105493546 0.9977225065231323 98.89928436279297
0.9974910616874695 0.02484872192144394 -0.06628840416669846 -3.466970205307007 -0.02519865706562996 0.9996725916862488 -0.0044479151256382465 -2.1432478427886963 0.06615617871284485 0.006107134744524956 0.9977905750274658 99.48233795166016
0.9976378679275513 0.0285948496311903 -0.06245783343911171 -3.5298869609832764 -0.02885388396680355 0.9995783567428589 -0.003249144647270441 -2.1551146507263184 0.062338583171367645 0.005043621174991131 0.9980423450469971 100.05502319335938
0.9978399872779846 0.03107548877596855 -0.05787624418735504 -3.546644926071167 -0.0312334056943655 0.9995104670524597 -0.001825678045861423 -2.1711392402648926 0.057791177183389664 0.0036294066812843084 0.9983221292495728 100.6006088256836
0.9982226490974426 0.0319046676158905 -0.050335872918367386 -3.574049711227417 -0.03191734105348587 0.9994903206825256 0.0005522897699847817 -2.190260648727417 0.050327837467193604 0.0010552785824984312 0.9987322092056274 101.1078109741211
0.998672604560852 0.03198299556970596 -0.04037618637084961 -3.597856283187866 -0.03189297392964363 0.9994871616363525 0.0028718318790197372 -2.1998536586761475 0.04044732451438904 -0.001580302370712161 0.9991804361343384 101.61248016357422
0.9990971684455872 0.03141024708747864 -0.0286101084202528 -3.5994343757629395 -0.031301386654376984 0.9995008707046509 0.0042450204491615295 -2.2176425457000732 0.02872917242348194 -0.003345650853589177 0.9995816349983215 102.09244537353516
0.9994178414344788 0.03052934631705284 -0.015232061967253685 -3.597733974456787 -0.030465347692370415 0.9995260238647461 0.0044164895080029964 -2.2296535968780518 0.015359679237008095 -0.003949868027120829 0.9998742341995239 102.55017852783203
0.9995377063751221 0.030402958393096924 6.32267547189258e-05 -3.589340925216675 -0.030402999371290207 0.9995324015617371 0.0032725452911108732 -2.2381935119628906 3.630095670814626e-05 -0.003272954374551773 0.9999946355819702 102.9927749633789
0.9994212985038757 0.029050830751657486 0.01770094223320484 -3.562192916870117 -0.02905704453587532 0.9995777606964111 9.397770190844312e-05 -2.2486181259155273 -0.017690733075141907 -0.0006082601612433791 0.9998433589935303 103.41439056396484
0.9988183975219727 0.02874888852238655 0.03918322175741196 -3.536309242248535 -0.028592566028237343 0.9995808601379395 -0.004544188734143972 -2.2617995738983154 -0.039297427982091904 0.003418469801545143 0.999221682548523 103.83200073242188
0.9976538419723511 0.026541151106357574 0.06310705840587616 -3.485658645629883 -0.02598513662815094 0.9996161460876465 -0.009615298360586166 -2.2708396911621094 -0.0633380264043808 0.00795289222151041 0.9979603886604309 104.23644256591797
0.995608389377594 0.02435348741710186 0.09039285033941269 -3.4247286319732666 -0.023307019844651222 0.9996488094329834 -0.012614649720489979 -2.282268524169922 -0.09066830575466156 0.010452463291585445 0.9958263039588928 104.64752197265625
0.992526650428772 0.021518098190426826 0.12011603266000748 -3.3493306636810303 -0.020051700994372368 0.9997090697288513 -0.013403652235865593 -2.300879955291748 -0.12036949396133423 0.010894950479269028 0.9926693439483643 105.03755187988281
0.9881178736686707 0.01916414126753807 0.15249846875667572 -3.265035629272461 -0.01696160063147545 0.9997323155403137 -0.015730978921055794 -2.3114259243011475 -0.1527591049671173 0.012957445345818996 0.9881784319877625 105.38168334960938
0.9818187952041626 0.01691621169447899 0.1890653520822525 -3.1756114959716797 -0.013928567059338093 0.9997564554214478 -0.01711980812251568 -2.328171491622925 -0.18930886685848236 0.014175141230225563 0.9818152189254761 105.75337982177734
0.9738017320632935 0.013510841876268387 0.22699691355228424 -3.0528910160064697 -0.00968915969133377 0.9997920393943787 -0.01794171892106533 -2.3428452014923096 -0.22719210386276245 0.01527226809412241 0.9737301468849182 106.11437225341797
0.9636009335517883 0.0115212956443429 0.26709628105163574 -2.9269087314605713 -0.006746798288077116 0.9998006820678711 -0.018786413595080376 -2.3600881099700928 -0.26725950837135315 0.016300559043884277 0.9634866714477539 106.46408081054688
0.9511427879333496 0.011777297593653202 0.3085266053676605 -2.7950968742370605 -0.0059810820966959 0.999787449836731 -0.019725797697901726 -2.3796422481536865 -0.3086933493614197 0.016916729509830475 0.9510111212730408 106.7803955078125
0.9356552362442017 0.014178444631397724 0.3526305556297302 -2.646653413772583 -0.007385237608104944 0.9997605085372925 -0.020602334290742874 -2.3913791179656982 -0.3528381884098053 0.016672419384121895 0.9355358481407166 107.10633850097656
0.917695164680481 0.014771795831620693 0.3970106542110443 -2.4684760570526123 -0.007451580837368965 0.9997726678848267 -0.01997467875480652 -2.399677276611328 -0.39721548557281494 0.015372308902442455 0.9175965785980225 107.43099975585938
0.8970990180969238 0.013244680128991604 0.44163110852241516 -2.292198419570923 -0.0056029800325632095 0.9998112916946411 -0.01860320381820202 -2.414576292037964 -0.44179409742355347 0.014214464463293552 0.8970038294792175 107.72996520996094
0.8737854957580566 0.011980338953435421 0.4861638844013214 -2.0967278480529785 -0.003086772747337818 0.9998129606246948 -0.019090112298727036 -2.429825782775879 -0.4863016903400421 0.015179985202848911 0.8736591339111328 108.00418090820312
0.8483221530914307 0.013587637804448605 0.5293060541152954 -1.8759361505508423 -0.0024679258931428194 0.9997613430023193 -0.021709173917770386 -2.4444684982299805 -0.529474675655365 0.017110086977481842 0.8481531739234924 108.29336547851562
0.8204464912414551 0.015517937019467354 0.5715126991271973 -1.6585339307785034 -0.001347746467217803 0.999681293964386 -0.025208955630660057 -2.464383363723755 -0.5717217326164246 0.019912343472242355 0.8202059268951416 108.55177307128906
0.7891095876693726 0.020167209208011627 0.6139212846755981 -1.4241214990615845 -0.0028031186666339636 0.9995685815811157 -0.02923264540731907 -2.485325574874878 -0.6142460703849792 0.021346865221858025 0.7888258099555969 108.81633758544922
0.7550520896911621 0.02639271505177021 0.6551333665847778 -1.1685854196548462 -0.006041090935468674 0.9994271397590637 -0.033300481736660004 -2.4976773262023926 -0.6556369066238403 0.02118588052690029 0.754779040813446 109.0663833618164
0.717175304889679 0.03128105029463768 0.6961904764175415 -0.8971303105354309 -0.007550796959549189 0.99928218126297 -0.03712109848856926 -2.501178026199341 -0.696851909160614 0.021365541964769363 0.7168967127799988 109.31452178955078
0.6779987812042236 0.031164631247520447 0.734402060508728 -0.5990277528762817 -0.0053194244392216206 0.9992826581001282 -0.03749405965209007 -2.523231029510498 -0.7350437045097351 0.021514328196644783 0.6776782870292664 109.53558349609375
0.63707435131073 0.02879301644861698 0.7702643871307373 -0.28572940826416016 -0.0011675871210172772 0.9993368983268738 -0.036390215158462524 -2.5381619930267334 -0.7708013653755188 0.022283922880887985 0.6366856098175049 109.73255920410156
0.5923000574111938 0.02696811407804489 0.8052660226821899 0.04207392781972885 0.0007104284013621509 0.9994217157363892 -0.03399287536740303 -2.5477967262268066 -0.8057171106338501 0.020706070587038994 0.5919384956359863 109.9441146850586
0.5476877093315125 0.025825709104537964 0.8362841606140137 0.37246155738830566 0.0026962775737047195 0.9994637966156006 -0.03263075277209282 -2.550968647003174 -0.8366785049438477 0.02012631483376026 0.5473244190216064 110.06798553466797
0.49973827600479126 0.023381156846880913 0.8658608198165894 0.7322932481765747 0.004869348835200071 0.9995440244674683 -0.02980143204331398 -2.5621931552886963 -0.8661627769470215 0.019109098240733147 0.49939650297164917 110.22965240478516
0.44847601652145386 0.019531674683094025 0.8935814499855042 1.101939082145691 0.008448886685073376 0.9996238946914673 -0.026089902967214584 -2.5742177963256836 -0.8937548995018005 0.01925046555697918 0.4481423497200012 110.37859344482422
0.3959987163543701 0.019669895991683006 0.91804039478302 1.459368109703064 0.0048507098108530045 0.9997117519378662 -0.02351214922964573 -2.6023428440093994 -0.9182382822036743 0.013763928785920143 0.39578917622566223 110.50590515136719
0.34415408968925476 0.02429043874144554 0.9385989904403687 1.8469641208648682 0.0016830213135108352 0.9996477365493774 -0.026487460359930992 -2.620152235031128 -0.9389116764068604 0.010695447213947773 0.3439919054508209 110.62875366210938
0.29371774196624756 0.030175022780895233 0.9554157853126526 2.2587239742279053 0.0006951470859348774 0.9994946122169495 -0.031780876219272614 -2.6282756328582764 -0.9558919668197632 0.009998760186135769 0.2935483157634735 110.72574615478516
0.24711638689041138 0.03257888928055763 0.9684379696846008 2.6638851165771484 0.0024024760350584984 0.9994109869003296 -0.034233883023262024 -2.6408209800720215 -0.9689828753471375 0.010786402970552444 0.24689257144927979 110.79400634765625
0.20594170689582825 0.03208216279745102 0.9780381917953491 3.0862741470336914 0.009800583124160767 0.9993446469306946 -0.034844741225242615 -2.661390542984009 -0.9785152077674866 0.016761330887675285 0.2054922878742218 110.84042358398438
0.17087431252002716 0.03181081637740135 0.9847791790962219 3.52138090133667 0.018713107332587242 0.9991936087608337 -0.03552345186471939 -2.6755547523498535 -0.9851151704788208 0.02449832484126091 0.17014120519161224 110.8756332397461
0.14029639959335327 0.03322603553533554 0.989551842212677 3.9723126888275146 0.02283525839447975 0.9990622401237488 -0.036782898008823395 -2.6914751529693604 -0.9898462295532227 0.027757182717323303 0.13940609991550446 110.91268920898438
0.11192840337753296 0.031253453344106674 0.9932246804237366 4.442453861236572 0.021318702027201653 0.9991997480392456 -0.033843912184238434 -2.715968608856201 -0.9934875965118408 0.02496235817670822 0.11117249727249146 110.95845794677734
0.08636081218719482 0.028077496215701103 0.9958681464195251 4.955799102783203 0.015049038454890251 0.9994519352912903 -0.029483577236533165 -2.729973793029785 -0.9961502552032471 0.017533084377646446 0.08589090406894684 111.00359344482422
0.06294190883636475 0.024152226746082306 0.9977248907089233 5.440869331359863 0.010078839026391506 0.9996408820152283 -0.024834437295794487 -2.7487690448760986 -0.9979662895202637 0.011619036085903645 0.06267587095499039 111.0275650024414
0.04051778465509415 0.02164456620812416 0.9989443421363831 5.965978622436523 0.01430490892380476 0.9996502995491028 -0.022240081802010536 -2.770920515060425 -0.9990763664245605 0.015190926380455494 0.04019399359822273 111.02973175048828
0.020220080390572548 0.02243047207593918 0.9995439052581787 6.503427028656006 0.02223959006369114 0.9994908571243286 -0.02287917397916317 -2.7910232543945312 -0.9995482563972473 0.022692067548632622 0.019710948690772057 111.0133285522461
0.002797272289171815 0.024892812594771385 0.9996862411499023 7.055920124053955 0.027333952486515045 0.9993147253990173 -0.024960048496723175 -2.8106191158294678 -0.9996224641799927 0.02739519439637661 0.00211493787355721 110.99549102783203
-0.012021871283650398 0.030268751084804535 0.999469518661499 7.664698600769043 0.02686414122581482 0.9991906881332397 -0.029937181621789932 -2.8304269313812256 -0.9995667934417725 0.026489989832043648 -0.012825277633965015 111.00025177001953
-0.02227823995053768 0.035318177193403244 0.9991277456283569 8.274724960327148 0.025884320959448814 0.999061107635498 -0.03473866730928421 -2.8330821990966797 -0.9994166493415833 0.025087833404541016 -0.02317151241004467 110.9834213256836
-0.02890065684914589 0.03482195734977722 0.9989755749702454 8.894856452941895 0.02771702967584133 0.9990366101264954 -0.03402222692966461 -2.8569388389587402 -0.9991979598999023 0.026705371215939522 -0.02983797900378704 110.96411895751953
-0.03159358724951744 0.032056618481874466 0.998986542224884 9.541635513305664 0.03377550095319748 0.9989489912986755 -0.030987238511443138 -2.8762779235839844 -0.9989299774169922 0.03276227414608002 -0.03264310956001282 110.93917083740234
-0.031118128448724747 0.030232848599553108 0.9990583658218384 10.193573951721191 0.034961502999067307 0.9989637136459351 -0.02914102002978325 -2.907057762145996 -0.9989041090011597 0.0340217649936676 -0.032142866402864456 110.91556549072266
-0.028687849640846252 0.029812270775437355 0.9991438984870911 10.874824523925781 0.03355451673269272 0.999020516872406 -0.028845161199569702 -2.936802625656128 -0.9990250468254089 0.03269828110933304 -0.029660092666745186 110.89202117919922
-0.02720475383102894 0.030279766768217087 0.9991711974143982 11.555384635925293 0.030334770679473877 0.99910569190979 -0.029451852664351463 -2.96079158782959 -0.9991694688796997 0.029508395120501518 -0.02809895947575569 110.877197265625
-0.026127252727746964 0.03143801912665367 0.9991642236709595 12.270635604858398 0.029356636106967926 0.9990984201431274 -0.03066830150783062 -2.983928680419922 -0.9992274641990662 0.028530824929475784 -0.02702661231160164 110.87052917480469
-0.025212986394762993 0.03225116431713104 0.9991617202758789 13.00121021270752 0.02881796471774578 0.9990875124931335 -0.031521573662757874 -3.01336932182312 -0.9992666244506836 0.02799905836582184 -0.026119394227862358 110.85366821289062
-0.024606121703982353 0.032012421637773514 0.9991844892501831 13.75104808807373 0.028139565140008926 0.9991133213043213 -0.03131717070937157 -3.0381383895874023 -0.9993010759353638 0.027346022427082062 -0.025485118851065636 110.84528350830078
