1.0 -2.875252221201663e-06 -3.864448899548734e-06 2.311021671630442e-05 2.875247218980803e-06 1.0 -1.2928061323691509e-06 5.742439952882705e-06 3.864452537527541e-06 1.2927949910590542e-06 1.0 -3.0301073365990305e-06
0.9999972581863403 0.0010454478906467557 0.0020783860236406326 -0.009705404751002789 -0.001043169293552637 0.9999988675117493 -0.001097099157050252 -0.016513312235474586 -0.0020795303862541914 0.0010949280112981796 0.9999972581863403 1.2056866884231567
0.9999733567237854 0.002185001503676176 0.006963939405977726 -0.06517500430345535 -0.002180820796638727 0.9999974370002747 -0.0006078843725845218 -0.041133299469947815 -0.00696524977684021 0.0005926810554228723 0.9999755620956421 2.4066202640533447
0.9999620914459229 0.0016654442297294736 0.008549683727324009 -0.06707682460546494 -0.0016626641154289246 0.9999985694885254 -0.0003322575648780912 -0.05995621532201767 -0.00855022482573986 0.0003180297208018601 0.9999634027481079 3.603288412094116
0.9999529719352722 0.0015557804144918919 0.00957574974745512 -0.060998354107141495 -0.0015513371909037232 0.9999986290931702 -0.0004714222450274974 -0.07985416054725647 -0.009576470591127872 0.0004565448616631329 0.9999540448188782 4.803754806518555
0.9999489784240723 0.0013368051731958985 0.010005557909607887 -0.052701812237501144 -0.001337475492618978 0.9999990463256836 6.0298130847513676e-05 -0.10450813919305801 -0.010005469433963299 -7.367724901996553e-05 0.9999499320983887 6.005680084228516
0.9999426007270813 0.0015889793867245317 0.010595496743917465 -0.04133371263742447 -0.001579232863150537 0.9999983310699463 -0.0009281691745854914 -0.1261456161737442 -0.010596953332424164 0.0009113832493312657 0.9999434351921082 7.204391956329346
0.9999318718910217 0.0013075812021270394 0.011596204712986946 -0.03754199296236038 -0.0012951958924531937 0.9999985694885254 -0.0010754757095128298 -0.15251566469669342 -0.011597596108913422 0.001060382928699255 0.9999321699142456 8.404674530029297
0.9999375939369202 0.0009939087321981788 0.01112248282879591 -0.020555684342980385 -0.0010009397519752383 0.9999992251396179 0.0006265919655561447 -0.17825643718242645 -0.01112185139209032 -0.0006376857636496425 0.9999379515647888 9.616035461425781
0.999951183795929 0.000436291127698496 0.009864717721939087 -0.017295364290475845 -0.0004528127028606832 0.9999984502792358 0.001672648824751377 -0.20136237144470215 -0.00986397359520197 -0.001677033957093954 0.9999499320983887 10.803194999694824
0.9999692440032959 -0.0008115023374557495 0.00779036246240139 -0.016446230933070183 0.0008029116434045136 0.9999990463256836 0.0011058530071750283 -0.22219769656658173 -0.007791251875460148 -0.0010995641350746155 0.9999690651893616 12.020888328552246
0.9999821186065674 -0.00040767245809547603 0.005945067852735519 -0.021261151880025864 0.00040354582597501576 0.9999996423721313 0.0006953557603992522 -0.23978576064109802 -0.005945348180830479 -0.0006929442170076072 0.9999821186065674 13.219017028808594
0.9999895691871643 -0.0006704995757900178 0.0045232814736664295 -0.01490337960422039 0.0006682789535261691 0.9999996423721313 0.000492310558911413 -0.2622694671154022 -0.0045236097648739815 -0.0004892825381830335 0.9999896883964539 14.414700508117676
0.9999900460243225 0.0008818557253107429 0.004377742297947407 -0.03289225697517395 -0.0008825297118164599 0.9999995827674866 0.00015203039220068604 -0.27864599227905273 -0.004377606324851513 -0.000155892368638888 0.9999904036521912 15.577756881713867
0.9999925494194031 0.0006973450072109699 0.0038014135789126158 -0.03342876210808754 -0.0006982946651987731 0.9999997615814209 0.0002485170552972704 -0.2981314957141876 -0.003801239188760519 -0.0002511697239242494 0.9999927282333374 16.776470184326172
0.9999957084655762 -0.00023654238611925393 0.0029370414558798075 -0.03166047856211662 0.00023478310322389007 0.9999997615814209 0.0005993021768517792 -0.31749144196510315 -0.0029371820855885744 -0.0005986100295558572 0.9999955296516418 17.96884536743164
0.9999960064888 -0.00013826919894199818 0.002813151106238365 -0.03485291451215744 0.0001352846884401515 0.9999993443489075 0.00106106698513031 -0.3416932225227356 -0.0028132961597293615 -0.0010606823489069939 0.9999954700469971 19.140140533447266
0.9999989867210388 0.00010092339653056115 0.0014411908341571689 -0.03286274895071983 -0.0001013596702250652 0.9999999403953552 0.00030259130289778113 -0.36429914832115173 -0.0014411602169275284 -0.0003027371712960303 0.9999988675117493 20.33599090576172
0.9999977350234985 1.19367678053095e-05 0.0021119099110364914 -0.054120875895023346 -1.0295746506017167e-05 0.9999997019767761 -0.0007769102812744677 -0.3850196897983551 -0.0021119185257703066 0.0007768867653794587 0.9999974370002747 21.52879524230957
0.9999983310699463 0.0011614845134317875 0.0014019866939634085 -0.058358509093523026 -0.0011611084919422865 0.9999993443489075 -0.0002689342072699219 -0.4045850932598114 -0.0014022979885339737 0.000267305935267359 0.9999989867210388 22.725887298583984
0.9999997019767761 0.00040559546323493123 0.0006679158541373909 -0.07012992352247238 -0.0004053828597534448 0.9999998807907104 -0.0003185705572832376 -0.43113815784454346 -0.0006680455408059061 0.00031829968793317676 0.9999997019767761 23.91964340209961
0.9999997615814209 0.0006587745156139135 -0.0002862807014025748 -0.07683725655078888 -0.0006590145640075207 0.9999993443489075 -0.0008387760608457029 -0.4536701440811157 0.00028572778683155775 0.0008389644790440798 0.9999995827674866 25.112207412719727
0.9999990463256836 0.0008374176686629653 -0.001115915714763105 -0.08624710142612457 -0.0008373454911634326 0.9999996423721313 6.519272574223578e-05 -0.4823657274246216 0.0011159697314724326 -6.42582745058462e-05 0.9999994039535522 26.303936004638672
0.9999979734420776 -0.0009298424702137709 -0.0018301536329090595 -0.09273532032966614 0.0009332045447081327 0.9999978542327881 0.001837095944210887 -0.5028738975524902 0.0018284422112628818 -0.0018388000316917896 0.9999966621398926 27.50860023498535
0.9999955296516418 -0.0007733653183095157 -0.0028823609463870525 -0.09927912056446075 0.0007787960348650813 0.9999978542327881 0.0018835259834304452 -0.5229830741882324 0.002880898304283619 -0.0018857625545933843 0.9999940991401672 28.699554443359375
0.9999915361404419 -0.001566049992106855 -0.003809572895988822 -0.10735580325126648 0.001570492284372449 0.9999980926513672 0.001163436914794147 -0.543465793132782 0.0038077430799603462 -0.0011694098357111216 0.9999921321868896 29.897546768188477
0.9999889731407166 -0.0015481698792427778 -0.00442979671061039 -0.11752600967884064 0.0015487363561987877 0.9999988079071045 0.00012440854334272444 -0.5618807673454285 0.0044295997358858585 -0.0001312677632085979 0.9999901652336121 31.093042373657227
0.9999861121177673 -0.0009934349218383431 -0.00517348712310195 -0.13098357617855072 0.0009945081546902657 0.9999994039535522 0.00020487238361965865 -0.5808932185173035 0.005173280835151672 -0.00021001459390390664 0.9999865889549255 32.286529541015625
0.9999818801879883 -0.0009607902611605823 -0.005954382475465536 -0.14211922883987427 0.0009645363315939903 0.9999994039535522 0.0006263006944209337 -0.6005542874336243 0.005953777115792036 -0.0006320324609987438 0.9999820590019226 33.49195861816406
0.9999789595603943 -0.0018973873229697347 -0.0061926813796162605 -0.15813304483890533 0.0019028399838134646 0.9999977946281433 0.0008747599786147475 -0.6205680966377258 0.006191008258610964 -0.0008865254349075258 0.9999803900718689 34.68638610839844
0.9999712109565735 -0.0026159905828535557 -0.007121354807168245 -0.16505645215511322 0.002623045351356268 0.9999960660934448 0.0009814930381253362 -0.643711268901825 0.00711875781416893 -0.0010001445189118385 0.9999740719795227 35.886138916015625
0.9999676942825317 -0.0027319188229739666 -0.007563167251646519 -0.18183642625808716 0.0027368972077965736 0.9999960064888 0.000647956330794841 -0.660575807094574 0.007561365608125925 -0.0006686350097879767 0.9999711513519287 37.085548400878906
0.9999710321426392 -0.0032645093742758036 -0.006878596264868975 -0.20901724696159363 0.003274586983025074 0.9999936819076538 0.0014544334262609482 -0.6844242215156555 0.0068738022819161415 -0.0014769160188734531 0.9999752640724182 38.28303527832031
0.9999732375144958 -0.0027756926137953997 -0.006768262013792992 -0.21794745326042175 0.0027923742309212685 0.999993085861206 0.002456535352393985 -0.6969104409217834 0.006761396303772926 -0.0024753687903285027 0.9999740123748779 39.485755920410156
0.9999741315841675 -0.0021849260665476322 -0.006853408645838499 -0.2304210215806961 0.0022081963252276182 0.9999918937683105 0.003389792749658227 -0.719548225402832 0.006845945492386818 -0.003404838964343071 0.9999707937240601 40.682029724121094
0.9999715089797974 -0.0017692509572952986 -0.007353886496275663 -0.23272931575775146 0.0017914791824296117 0.9999938607215881 0.003017140319570899 -0.7350309491157532 0.007348501589149237 -0.0030302286613732576 0.9999683499336243 41.88693618774414
0.9999731779098511 -0.001082919305190444 -0.007254323456436396 -0.24400067329406738 0.001099918968975544 0.9999967217445374 0.0023398268967866898 -0.7450497150421143 0.007251765113323927 -0.002347743371501565 0.9999709129333496 43.07843017578125
0.9999783635139465 0.0012450129725039005 -0.006455504801124334 -0.26414018869400024 -0.0012176845921203494 0.9999902844429016 0.004235577303916216 -0.7609777450561523 0.006460713688284159 -0.004227624740451574 0.9999701380729675 44.300804138183594
0.999988317489624 0.0013099969364702702 -0.004655986092984676 -0.2841299772262573 -0.001273005735129118 0.999967634677887 0.007939010858535767 -0.786171555519104 0.004666235763579607 -0.007932991720736027 0.9999576210975647 45.48918914794922
0.9999947547912598 0.001518590608611703 -0.002881017280742526 -0.2990407645702362 -0.0014891269383952022 0.9999468922615051 0.010201575234532356 -0.7904790639877319 0.0028963563963770866 -0.010197230614721775 0.9999437928199768 46.6875
0.9999963641166687 0.0021076800767332315 -0.001740510226227343 -0.294677197933197 -0.0020831506699323654 0.9999001622200012 0.013976894319057465 -0.8003739714622498 0.0017697956645861268 -0.013973215594887733 0.999900758266449 47.887115478515625
0.9999989867210388 0.0014981928979977965 9.702373790787533e-05 -0.3158177435398102 -0.001499523175880313 0.999877393245697 0.015585093759000301 -0.8140051364898682 -7.366324280155823e-05 -0.015585221350193024 0.999878466129303 49.08906173706055
0.9999983906745911 -0.0004562918038573116 0.0017464678967371583 -0.31908470392227173 0.00043170564458705485 0.9999011754989624 0.01405217032879591 -0.8154635429382324 -0.0017527074087411165 -0.014051392674446106 0.999899685382843 50.30378723144531
0.9999962449073792 0.0007624418358318508 0.002648906083777547 -0.31730571389198303 -0.000795374799054116 0.9999221563339233 0.012453937903046608 -0.8217929005622864 -0.002639204263687134 -0.012455997988581657 0.9999189376831055 51.50321578979492
0.9999932646751404 0.0004449206462595612 0.003635405097156763 -0.3240770101547241 -0.00048827071441337466 0.9999287128448486 0.011932244524359703 -0.8265934586524963 -0.0036298364866524935 -0.011933939531445503 0.9999222159385681 52.69611740112305
0.9999934434890747 0.00022284530859906226 0.003608709666877985 -0.32509997487068176 -0.00026360974879935384 0.9999361634254456 0.011299596168100834 -0.8299689888954163 -0.0036059608682990074 -0.011300473473966122 0.999929666519165 53.89814376831055
0.9999946355819702 -0.00020132496138103306 0.003246186999604106 -0.33377015590667725 0.00016801584570202976 0.9999473690986633 0.010258093476295471 -0.8366560339927673 -0.003248080611228943 -0.010257493704557419 0.9999421238899231 55.11127853393555
0.9999985098838806 0.0002049667527899146 0.001694111037068069 -0.3393488824367523 -0.0002233455888926983 0.9999410510063171 0.010855640284717083 -0.8417023420333862 -0.0016917866887524724 -0.010856003500521183 0.9999396204948425 56.32532501220703
1.0 -2.0822781152673997e-05 0.0005433994811028242 -0.3483338952064514 1.434829846402863e-05 0.9999290704727173 0.011911631561815739 -0.8500178456306458 -0.0005436092033050954 -0.011911620385944843 0.999928891658783 57.51203155517578
0.9999995231628418 -0.000810669211205095 -0.0006837507244199514 -0.35011354088783264 0.0008190951775759459 0.9999226331710815 0.01241428405046463 -0.8597696423530579 0.0006736338837072253 -0.012414837256073952 0.9999227523803711 58.72039031982422
0.9999983310699463 0.0007174690836109221 -0.0016398136503994465 -0.35637375712394714 -0.0006973721319809556 0.9999250769615173 0.01222348865121603 -0.8677722215652466 0.0016484622610732913 -0.01222232636064291 0.9999238848686218 59.91312789916992
0.9999963641166687 0.001090311910957098 -0.0024735138285905123 -0.3621034324169159 -0.0010604357812553644 0.9999268651008606 0.012047749012708664 -0.8726997375488281 0.0024864685256034136 -0.01204508263617754 0.9999243021011353 61.11769104003906
0.9999974370002747 -0.00012654859165195376 -0.0022497563622891903 -0.3738466501235962 0.0001526547275716439 0.999932587146759 0.011607598513364792 -0.8824347853660583 0.002248135395348072 -0.011607911437749863 0.9999300837516785 62.311641693115234
0.9999961256980896 -0.001135071855969727 -0.002532400656491518 -0.3812064528465271 0.001162480330094695 0.9999405145645142 0.010848063975572586 -0.8921506404876709 0.0025199369993060827 -0.010850965045392513 0.9999379515647888 63.52108383178711
0.9999947547912598 -0.0016566719859838486 -0.0027577150613069534 -0.38861986994743347 0.0016903437208384275 0.9999235272407532 0.012252569198608398 -0.9048725366592407 0.0027372054755687714 -0.01225716806948185 0.9999210834503174 64.71331787109375
0.9999940991401672 -0.0015694743487983942 -0.003017690498381853 -0.40042799711227417 0.001610256265848875 0.9999067783355713 0.013559607788920403 -0.9063159823417664 0.002996128285303712 -0.013564388267695904 0.9999035000801086 65.90995788574219
0.9999953508377075 -0.0010189004242420197 -0.002867995062842965 -0.4174538850784302 0.0010536767076700926 0.9999255537986755 0.012150228954851627 -0.9179555177688599 0.0028554024174809456 -0.012153195217251778 0.9999220967292786 67.11103820800781
0.9999968409538269 0.0007400010945275426 -0.0023845923133194447 -0.43486660718917847 -0.000713877787347883 0.9999398589134216 0.010937287472188473 -0.9241471886634827 0.0023925425484776497 -0.010935554280877113 0.9999373555183411 68.3088150024414
0.9999929070472717 0.002653819974511862 -0.0026541748084127903 -0.4420416057109833 -0.0026233484968543053 0.9999313354492188 0.011418839916586876 -0.9348813891410828 0.0026842968072742224 -0.01141179446130991 0.999931275844574 69.50321197509766
0.9999850988388062 0.0048427581787109375 -0.002529853256419301 -0.45171329379081726 -0.004813260864466429 0.9999219179153442 0.01153840683400631 -0.9409083724021912 0.002585532609373331 -0.011526059359312057 0.999930202960968 70.68914794921875
0.9999808073043823 0.0058745271526277065 -0.001958537148311734 -0.47036823630332947 -0.0058502149768173695 0.9999085068702698 0.012196280062198639 -0.9498316645622253 0.0020300059113651514 -0.012184588238596916 0.9999237060546875 71.89060974121094
0.9999792575836182 0.006395697593688965 -0.0007550554582849145 -0.48162201046943665 -0.006385170854628086 0.9998924136161804 0.013206164352595806 -0.9572737812995911 0.0008394368342123926 -0.01320106815546751 0.9999125003814697 73.08544158935547
0.9999644160270691 0.008401338942348957 0.0007386729121208191 -0.48406389355659485 -0.008410549722611904 0.9998734593391418 0.013503216207027435 -0.9584594964981079 -0.0006251348531804979 -0.013508949428796768 0.9999085068702698 74.28173828125
0.9999677538871765 0.007204500492662191 0.003545634914189577 -0.4820772707462311 -0.007244844455271959 0.9999076128005981 0.011500495485961437 -0.969056248664856 -0.0034624524414539337 -0.011525814421474934 0.9999275803565979 75.45188903808594
0.999972939491272 0.0044861542992293835 0.005825328640639782 -0.4770983159542084 -0.00452296482399106 0.9999697804450989 0.006321248132735491 -0.9767613410949707 -0.005796794779598713 -0.006347425747662783 0.9999630451202393 76.62632751464844
0.9999435544013977 0.0053899046033620834 0.009154781699180603 -0.48043695092201233 -0.0054458267986774445 0.999966561794281 0.0060945977456867695 -0.990694522857666 -0.009121626615524292 -0.006144109647721052 0.999939501285553 77.80168151855469
0.9999256134033203 0.004148673731833696 0.011467009782791138 -0.46694517135620117 -0.004260807763785124 0.999943196773529 0.009771804325282574 -1.0045360326766968 -0.011425819247961044 -0.00981993693858385 0.9998865127563477 78.98614501953125
0.9998815655708313 0.004595445469021797 0.014684787951409817 -0.4528357982635498 -0.004755908157676458 0.9999291300773621 0.01091093011200428 -1.0128635168075562 -0.014633606187999249 -0.010979474522173405 0.9998326301574707 80.16734313964844
0.9998090267181396 0.004603988025337458 0.01899433694779873 -0.4394606947898865 -0.0047796121798455715 0.999946117401123 0.009211107157170773 -1.0224547386169434 -0.01895090751349926 -0.009300131350755692 0.9997771382331848 81.33367919921875
0.9997377395629883 0.003540218574926257 0.022626535966992378 -0.41927608847618103 -0.0036795989144593477 0.9999744892120361 0.006121380720287561 -1.034295916557312 -0.022604286670684814 -0.006203032098710537 0.9997251629829407 82.51023864746094
0.9996595978736877 0.0021448007319122553 0.026001470163464546 -0.3924799859523773 -0.002215370535850525 0.9999938607215881 0.0026855606120079756 -1.0487890243530273 -0.02599555253982544 -0.0027422490529716015 0.9996582865715027 83.6722183227539
0.9995643496513367 0.0017924185376614332 0.029460089281201363 -0.3614497482776642 -0.0018463805317878723 0.9999966025352478 0.0018045955803245306 -1.0652446746826172 -0.02945675700902939 -0.0018582037882879376 0.9995642900466919 84.82848358154297
0.9994511008262634 0.0014010511804372072 0.033097561448812485 -0.32868582010269165 -0.001521819387562573 0.9999921917915344 0.0036239447072148323 -1.085740089416504 -0.03309222683310509 -0.0036723243538290262 0.9994455575942993 86.00037384033203
0.9993006587028503 0.0026175440289080143 0.037301842123270035 -0.3030662536621094 -0.002784551354125142 0.9999862313270569 0.004425939172506332 -1.1096473932266235 -0.03728974983096123 -0.004526712466031313 0.9992942214012146 87.16207122802734
0.9991661906242371 0.0021297051571309566 0.04077272489666939 -0.25426894426345825 -0.0022098589688539505 0.9999957084655762 0.0019208969315513968 -1.123188853263855 -0.04076845943927765 -0.002009397139772773 0.9991666078567505 88.32425689697266
0.99903404712677 0.0017795832827687263 0.04390773922204971 -0.20798301696777344 -0.0017726655350998044 0.9999983310699463 -0.00019649358000606298 -1.1438028812408447 -0.0439080186188221 0.00011847051064250991 0.9990355968475342 89.47193145751953
0.9988778829574585 0.0021504652686417103 0.0473100021481514 -0.16033470630645752 -0.0021179772447794676 0.9999974966049194 -0.0007368248770944774 -1.1580907106399536 -0.04731146618723869 0.0006357966340146959 0.9988799691200256 90.64549255371094
0.998740017414093 0.0013229353353381157 0.05016568675637245 -0.10524196922779083 -0.001341974246315658 0.9999990463256836 0.00034584454260766506 -1.1753159761428833 -0.05016518011689186 -0.00041272977250628173 0.9987408518791199 91.80101776123047
0.998583197593689 0.00011687602091114968 0.05321222171187401 -0.057388786226511 -0.00021786399884149432 0.9999982118606567 0.001892036758363247 -1.1948364973068237 -0.053211912512779236 -0.0019009492825716734 0.9985814094543457 92.95918273925781
0.9984351396560669 -0.0006331690237857401 0.05591878667473793 0.004831303842365742 0.00043763549183495343 0.9999937415122986 0.003508924273774028 -1.2089723348617554 -0.05592065677046776 -0.003478961531072855 0.9984291791915894 94.12127685546875
0.9983005523681641 -0.002252347767353058 0.05823137238621712 0.07498212158679962 0.0019964640960097313 0.9999880790710449 0.004452065099030733 -1.2240896224975586 -0.058240700513124466 -0.004328242037445307 0.9982931613922119 95.28343963623047
0.9981493949890137 -0.0029919063672423363 0.06073475256562233 0.1320902705192566 0.002858970547094941 0.9999933242797852 0.0022755798418074846 -1.2412478923797607 -0.060741156339645386 -0.0020977298263460398 0.9981513023376465 96.43032836914062
0.9980051517486572 -0.004418365657329559 0.06297685950994492 0.2038440853357315 0.0045144702307879925 0.999988853931427 -0.0013838170561939478 -1.256962776184082 -0.06297003477811813 0.0016653644852340221 0.9980140328407288 97.58467864990234
0.9978852868080139 -0.003490540897473693 0.06490594148635864 0.27298736572265625 0.003766436828300357 0.9999843239784241 -0.004128826316446066 -1.2745816707611084 -0.06489051878452301 0.004364558961242437 0.9978829026222229 98.7469253540039
0.9977670311927795 -0.003545155515894294 0.0666964128613472 0.3468548357486725 0.0038933907635509968 0.9999794363975525 -0.005091954953968525 -1.2966499328613281 -0.06667698919773102 0.005340259522199631 0.9977602958679199 99.91038513183594
0.9977444410324097 -0.0033383623231202364 0.06704504042863846 0.42134788632392883 0.0036486387252807617 0.9999831914901733 -0.004505973309278488 -1.318800449371338 -0.06702886521816254 0.004740431904792786 0.9977397322654724 101.0892562866211
0.9977989792823792 -0.003484753891825676 0.06621988862752914 0.4928867518901825 0.0036561170127242804 0.9999902844429016 -0.0024667850229889154 -1.3480063676834106 -0.06621062755584717 0.0027034631930291653 0.9978020191192627 102.26185607910156
0.9978765845298767 -0.0036374772898852825 0.0650327056646347 0.560346245765686 0.0037106953095644712 0.9999926686286926 -0.0010051068384200335 -1.3663612604141235 -0.06502856314182281 0.0012442891020327806 0.997882604598999 103.45648956298828
0.9980040788650513 -0.0034255622886121273 0.06305515766143799 0.6281957030296326 0.0034468432422727346 0.9999939799308777 -0.00022872138652019203 -1.384476900100708 -0.06305399537086487 0.00044560630340129137 0.9980100393295288 104.65007781982422
0.9981797337532043 -0.0035678481217473745 0.06020335853099823 0.701072633266449 0.0035610178019851446 0.999993622303009 0.00022074018488638103 -1.4029759168624878 -0.06020376831293106 -5.95309666096e-06 0.9981861114501953 105.8521728515625
0.9983322024345398 -0.002715350827202201 0.05766593664884567 0.756695032119751 0.0027151836548000574 0.9999963045120239 8.124560554279014e-05 -1.4197394847869873 -0.05766594037413597 7.54635184421204e-05 0.9983359575271606 107.05191802978516
0.9985265731811523 -0.0012709060683846474 0.05424920469522476 0.80302494764328 0.0012948143994435668 0.9999991059303284 -0.0004055672907270491 -1.435530424118042 -0.054248638451099396 0.00047521234955638647 0.9985274076461792 108.24224090576172
0.9987496137619019 -0.0011230517411604524 0.049978941679000854 0.864631712436676 0.001126633258536458 0.9999993443489075 -4.3479943997226655e-05 -1.4517103433609009 -0.04997886344790459 9.973353007808328e-05 0.9987502098083496 109.46031188964844
0.9989545345306396 -0.001237940276041627 0.04569660499691963 0.9230071306228638 0.0011856185737997293 0.9999986290931702 0.0011720650363713503 -1.473615288734436 -0.04569799080491066 -0.001116661005653441 0.9989546537399292 110.68512725830078
0.9991331696510315 -0.0002874121128115803 0.04162750765681267 0.9615061283111572 0.00020772818243131042 0.999998152256012 0.0019185238052159548 -1.4918017387390137 -0.041627977043390274 -0.0019082133658230305 0.9991313815116882 111.88934326171875
0.9993070363998413 -0.0001716030528768897 0.037220828235149384 1.000139832496643 8.434915071120486e-05 0.9999972581863403 0.002345775254070759 -1.5061746835708618 -0.03722112998366356 -0.0023410101421177387 0.9993042945861816 113.11030578613281
0.9994828701019287 0.0005033802008256316 0.03215176239609718 1.0371404886245728 -0.0005794059834443033 0.999997079372406 0.0023553157225251198 -1.5197670459747314 -0.03215048462152481 -0.0023727265652269125 0.9994801878929138 114.32847595214844
0.9996229410171509 0.001090961741283536 0.02743736281991005 1.0593972206115723 -0.0011603923048824072 0.9999961853027344 0.002514718798920512 -1.5426188707351685 -0.027434514835476875 -0.0025456086732447147 0.9996203780174255 115.5678939819336
0.9997458457946777 0.001419189153239131 0.02250133454799652 1.0764102935791016 -0.0014691409887745976 0.9999964833259583 0.0022035741712898016 -1.5579954385757446 -0.022498128935694695 -0.0022360715083777905 0.9997444152832031 116.79122161865234
0.9998367428779602 0.0024924599565565586 0.01789664663374424 1.0923430919647217 -0.0025185258127748966 0.9999958276748657 0.0014340816996991634 -1.5745048522949219 -0.017892995849251747 -0.001478920690715313 0.9998388290405273 118.00770568847656
0.9998847246170044 0.004456378519535065 0.014512920752167702 1.1003952026367188 -0.004475985653698444 0.9999890923500061 0.0013188030570745468 -1.590254306793213 -0.014506885781884193 -0.0013836106518283486 0.9998937845230103 119.242919921875
0.9999030828475952 0.00618727644905448 0.012464530766010284 1.1005605459213257 -0.006206908263266087 0.9999794960021973 0.0015369808534160256 -1.610363483428955 -0.012454764917492867 -0.0016141983214765787 0.9999211430549622 120.4493637084961
0.9999016523361206 0.007807796820998192 0.0116502046585083 1.1059373617172241 -0.007821300067007542 0.9999687671661377 0.0011139309499412775 -1.6296206712722778 -0.011641144752502441 -0.0012049413053318858 0.9999314546585083 121.71540832519531
0.9998955130577087 0.009979738853871822 0.010458655655384064 1.1142499446868896 -0.009994887746870518 0.9999490976333618 0.0013971795560792089 -1.6464848518371582 -0.010444180108606815 -0.001501566614024341 0.9999443292617798 122.95809173583984
0.9998911023139954 0.011216286569833755 0.009603757411241531 1.1135544776916504 -0.01123810838907957 0.9999343752861023 0.002221331698819995 -1.6637738943099976 -0.009578213095664978 -0.002329017501324415 0.9999514222145081 124.19403839111328
0.9998990297317505 0.010892022401094437 0.00912108737975359 1.114803671836853 -0.010916342958807945 0.9999369382858276 0.00262108794413507 -1.6785389184951782 -0.009091963991522789 -0.0027203925419598818 0.9999549984931946 125.44284057617188
0.9998593926429749 0.014701388776302338 0.008065774105489254 1.1157891750335693 -0.014738528989255428 0.9998809695243835 0.004564774222671986 -1.6940741539001465 -0.007997705601155758 -0.004683011211454868 0.9999570250511169 126.67656707763672
0.999851644039154 0.015596474520862103 0.007308456115424633 1.1153305768966675 -0.015654314309358597 0.9998461008071899 0.00792477186769247 -1.7078704833984375 -0.007183732930570841 -0.008038005791604519 0.9999418258666992 127.92729187011719
0.9998734593391418 0.014531872235238552 0.006468033418059349 1.1222752332687378 -0.014580531045794487 0.9998652935028076 0.007540731690824032 -1.722619652748108 -0.00635758088901639 -0.0076340860687196255 0.9999505877494812 129.1822967529297
0.9998804330825806 0.01412293966859579 0.006301401648670435 1.1210190057754517 -0.01416043285280466 0.9998820424079895 0.005945276934653521 -1.731837511062622 -0.006216693669557571 -0.006033795885741711 0.9999624490737915 130.43521118164062
0.9999213218688965 0.011555299162864685 0.0048903594724833965 1.132786750793457 -0.011589604429900646 0.9999080300331116 0.0070456285029649734 -1.7423570156097412 -0.004808496218174696 -0.007101751863956451 0.9999631643295288 131.68978881835938
0.9999458193778992 0.009308429434895515 0.004674239549785852 1.1239720582962036 -0.009349933825433254 0.9999163150787354 0.008937651291489601 -1.7530150413513184 -0.004590654745697975 -0.008980870246887207 0.9999490976333618 132.94871520996094
0.9999712109565735 0.005950434599071741 0.004691039212048054 1.1197830438613892 -0.006001410540193319 0.9999222159385681 0.010928559117019176 -1.766492486000061 -0.004625644534826279 -0.010956395417451859 0.9999292492866516 134.21798706054688
0.99998539686203 0.0038597597740590572 0.0037631159648299217 1.128546953201294 -0.00390451867133379 0.9999207854270935 0.011960294097661972 -1.773582100868225 -0.00371665321290493 -0.011974814347922802 0.9999213814735413 135.48220825195312
0.9999907612800598 -0.000539864064194262 0.004271155688911676 1.1302037239074707 0.0004968554130755365 0.9999492168426514 0.010064274072647095 -1.7792599201202393 -0.004276372026652098 -0.010062058456242085 0.9999402165412903 136.75750732421875
0.9999843835830688 -0.0031123908702284098 0.004656282253563404 1.1299519538879395 0.003071838989853859 0.9999575018882751 0.008690997026860714 -1.782840609550476 -0.004683134611696005 -0.008676557801663876 0.9999513030052185 138.02944946289062
0.9999805688858032 -0.004147631116211414 0.004656035453081131 1.132632851600647 0.004106841515749693 0.9999533891677856 0.008736354298889637 -1.7955323457717896 -0.004692052491009235 -0.008717062883079052 0.9999510049819946 139.2921905517578
0.9999766945838928 -0.00417828606441617 0.0053838263265788555 1.1312848329544067 0.00413022143766284 0.9999517202377319 0.008908027783036232 -1.802255630493164 -0.005420786794275045 -0.008885584771633148 0.9999457597732544 140.57400512695312
0.9999777674674988 -0.003760159481316805 0.0054932269267737865 1.135596513748169 0.0036964763421565294 0.9999263882637024 0.011557446792721748 -1.8170663118362427 -0.005536280106753111 -0.011536885984241962 0.9999181032180786 141.84671020507812
0.9999778270721436 -0.0013284117449074984 0.006545793265104294 1.1331908702850342 0.001245207036845386 0.9999185800552368 0.012698991224169731 -1.8229515552520752 -0.006562130991369486 -0.012690559029579163 0.9998979568481445 143.1444549560547
0.9999750256538391 -0.0014169961214065552 0.00692706648260355 1.138722538948059 0.0013405171921476722 0.9999382495880127 0.01103279646486044 -1.829432487487793 -0.006942272651940584 -0.011023234575986862 0.9999151229858398 144.41970825195312
0.9999698400497437 -0.0012070515658706427 0.007684676442295313 1.1356407403945923 0.0011351148132234812 0.9999555349349976 0.009358460083603859 -1.8444502353668213 -0.007695632055401802 -0.009349454194307327 0.9999266862869263 145.68898010253906
0.9999656081199646 -0.001201030914671719 0.008205109275877476 1.1399648189544678 0.001145659713074565 0.999976634979248 0.006749770604074001 -1.853214979171753 -0.008213023655116558 -0.006740138400346041 0.9999436140060425 146.96400451660156
0.9999610781669617 -0.002239256165921688 0.008525451645255089 1.1481014490127563 0.002214816864579916 0.9999933838844299 0.0028749792836606503 -1.8733631372451782 -0.008531833067536354 -0.0028559849597513676 0.9999595880508423 148.21673583984375
0.9999547600746155 -0.0020880678202956915 0.009290503337979317 1.1473671197891235 0.002094944706186652 0.9999974966049194 -0.0007304841419681907 -1.8935942649841309 -0.00928895641118288 0.0007499140338040888 0.9999565482139587 149.50355529785156
0.9999551177024841 -0.002690665191039443 0.00908652413636446 1.1587117910385132 0.0027060036081820726 0.9999949336051941 -0.001676154788583517 -1.9152131080627441 -0.009081969037652016 0.0017006676644086838 0.999957263469696 150.777587890625
0.999951183795929 -0.002951017115265131 0.009422030299901962 1.162617564201355 0.0029659729916602373 0.9999943375587463 -0.0015736729837954044 -1.9379143714904785 -0.009417331777513027 0.0016015417641028762 0.9999544024467468 152.05532836914062
0.9999569058418274 -0.0020913321059197187 0.009049705229699612 1.1702626943588257 0.0021014970261603594 0.9999971389770508 -0.0011137508554384112 -1.9608075618743896 -0.00904734805226326 0.0011327206157147884 0.9999585151672363 153.3189697265625
0.9999582767486572 -0.0013729000929743052 0.009024104103446007 1.1745208501815796 0.0013725635362789035 0.9999990463256836 4.359837475931272e-05 -1.98326575756073 -0.00902415532618761 -3.1210358429234475e-05 0.9999592304229736 154.57579040527344
0.9999632239341736 -0.0009568838286213577 0.008518828079104424 1.1816859245300293 0.0009513529948890209 0.9999994039535522 0.0006533466512337327 -2.005803346633911 -0.008519447408616543 -0.0006452181842178106 0.9999635219573975 155.8436279296875
0.9999659657478333 -0.001004370511509478 0.008191507309675217 1.1831814050674438 0.0010019968030974269 0.999999463558197 0.00029387391987256706 -2.0281970500946045 -0.008191797882318497 -0.000285655987681821 0.9999663233757019 157.1186065673828
0.9999730587005615 -0.0003612322616390884 0.007338562980294228 1.1842728853225708 0.0003575567388907075 0.9999998211860657 0.0005021627875976264 -2.0474939346313477 -0.007338743656873703 -0.0004995252238586545 0.9999728798866272 158.38438415527344
0.9999754428863525 -0.0010170324239879847 0.006952268071472645 1.1887530088424683 0.0010055425809696317 0.999998152256012 0.0016559927025809884 -2.0695109367370605 -0.006953940261155367 -0.0016489609843119979 0.9999744892120361 159.66131591796875
0.9999775886535645 0.00021803072013426572 0.006697570439428091 1.1805024147033691 -0.0002323890948900953 0.9999977350234985 0.002143143443390727 -2.0904531478881836 -0.006697087548673153 -0.002144651487469673 0.999975323677063 160.9102020263672
0.9999825358390808 0.0003277147188782692 0.005897826515138149 1.1883162260055542 -0.0003327036392875016 0.9999995827674866 0.000844936294015497 -2.1085124015808105 -0.00589754618704319 -0.0008468838059343398 0.9999822378158569 162.1936492919922
0.9999856352806091 0.0006326302536763251 0.005325817037373781 1.1861660480499268 -0.0006311575998552144 0.9999997615814209 -0.00027821550611406565 -2.1312644481658936 -0.005325991194695234 0.0002748499973677099 0.9999858140945435 163.45921325683594
0.9999877214431763 0.0015335045754909515 0.004716200288385153 1.1819185018539429 -0.0015336180804297328 0.9999988079071045 2.046246299869381e-05 -2.159456968307495 -0.004716162104159594 -2.769509592326358e-05 0.999988853931427 164.71226501464844
0.9999904632568359 0.0014815067406743765 0.0040944525972008705 1.1764520406723022 -0.0014778354670852423 0.9999983906745911 -0.0008994872332550585 -2.1799356937408447 -0.004095777403563261 0.0008934277575463057 0.999991238117218 165.9912872314453
0.9999933838844299 0.001787748304195702 0.0031934063881635666 1.1740128993988037 -0.0017820482607930899 0.9999968409538269 -0.0017869161674752831 -2.206669807434082 -0.0031965915113687515 0.001781213446520269 0.9999932646751404 167.2705841064453
0.9999938607215881 0.0021865807939320803 0.0027881336864084005 1.1678098440170288 -0.0021814857609570026 0.9999958872795105 -0.0018293126486241817 -2.2215592861175537 -0.002792120212689042 0.001823218772187829 0.9999944567680359 168.52903747558594
0.9999943971633911 0.0026285205967724323 0.002055572113022208 1.16476309299469 -0.0026279021985828876 0.999996542930603 -0.00030343810794875026 -2.2475950717926025 -0.00205636047758162 0.0002980344579555094 0.9999978542327881 169.80511474609375
0.9999964237213135 0.0021271747536957264 0.0015700631774961948 1.1622241735458374 -0.0021271498408168554 0.9999976754188538 -1.751117997628171e-05 -2.267338991165161 -0.0015700951917096972 1.4171248949423898e-05 0.9999987483024597 171.0635223388672
0.9999960660934448 0.002657903591170907 0.000799282977823168 1.1561650037765503 -0.0026581864804029465 0.9999963641166687 0.00035341334296390414 -2.2887635231018066 -0.0007983403629623353 -0.00035553661291487515 0.9999995231628418 172.33535766601562
0.9999954104423523 0.003029199782758951 8.102123683784157e-05 1.1490229368209839 -0.0030292426235973835 0.9999952912330627 0.0005320595810189843 -2.3081865310668945 -7.940855721244588e-05 -0.000532302598003298 0.9999998807907104 173.60780334472656
0.9999951124191284 0.003118217457085848 -0.0003067174111492932 1.143589735031128 -0.0031183832325041294 0.9999949932098389 -0.0005398895591497421 -2.328280448913574 0.0003050326486118138 0.0005408432916738093 0.9999998211860657 174.8953857421875
0.999993085861206 0.003538932418450713 -0.0011684728087857366 1.1309210062026978 -0.0035397892352193594 0.9999934434890747 -0.0007317425915971398 -2.3561220169067383 0.0011658763978630304 0.0007358734728768468 0.9999991059303284 176.17356872558594
0.9999879002571106 0.004843624774366617 -0.0008494627545587718 1.1161645650863647 -0.0048441714607179165 0.9999880194664001 -0.0006421071593649685 -2.3690669536590576 0.0008463423000648618 0.0006462143501266837 0.9999993443489075 177.42543029785156
0.9999889135360718 0.004572206176817417 -0.0011638904688879848 1.1121550798416138 -0.004574307706207037 0.9999879002571106 -0.001809269073419273 -2.391831874847412 0.0011556033277884126 0.0018145731883123517 0.999997615814209 178.6920623779297
0.9999950528144836 0.002955840900540352 -0.0010732170194387436 1.0993479490280151 -0.0029597231186926365 0.9999890327453613 -0.003633585525676608 -2.411497116088867 0.0010624657152220607 0.003636743873357773 0.9999927878379822 179.95611572265625
0.9999989867210388 0.00014844643010292202 -0.0013830612879246473 1.0983984470367432 -0.0001529408327769488 0.999994695186615 -0.0032501232344657183 -2.4409384727478027 0.001382571877911687 0.0032503316178917885 0.9999937415122986 181.21658325195312
0.9999982118606567 0.00026993307983502746 -0.001866736332885921 1.093700647354126 -0.00026968258316628635 1.0 0.00013436809240374714 -2.4617059230804443 0.001866773935034871 -0.0001338641159236431 0.9999982118606567 182.4842071533203
0.999998927116394 -0.00040456640999764204 -0.0013847682857885957 1.0760889053344727 0.0004112083406653255 0.9999883770942688 0.004799045156687498 -2.484990358352661 0.0013828121591359377 -0.004799609072506428 0.9999874830245972 183.74273681640625
0.9999980926513672 0.0008304135408252478 -0.0017584622837603092 1.0761256217956543 -0.0008232285035774112 0.9999913573265076 0.004082508850842714 -2.5004160404205322 0.001761837862432003 -0.004081053659319878 0.9999901652336121 185.00486755371094
0.9999969601631165 0.001989923184737563 -0.0014473884366452694 1.058525562286377 -0.001988748786970973 0.9999976754188538 0.0008121337159536779 -2.516813278198242 0.0014489995082840323 -0.0008092528441920877 0.9999986290931702 186.23573303222656
0.9999960660934448 0.0022909704130142927 -0.0016126132104545832 1.0529392957687378 -0.002292780438438058 0.9999967217445374 -0.0011216991115361452 -2.5367228984832764 0.0016100361244753003 0.0011253922712057829 0.9999980926513672 187.48074340820312
0.9999955892562866 0.002297518774867058 -0.0018855270463973284 1.036672830581665 -0.0022988691926002502 0.999997079372406 -0.0007144054397940636 -2.5612003803253174 0.001883880002424121 0.0007187368464656174 0.9999979734420776 188.7333526611328
0.9999954700469971 0.002265406074002385 -0.001981220208108425 1.0332337617874146 -0.0022649557795375586 0.9999973177909851 0.00022946728859096766 -2.5813000202178955 0.0019817338325083256 -0.00022497896861750633 0.9999980330467224 189.97886657714844
0.9999960064888 0.002458600327372551 -0.0013849816750735044 1.0185664892196655 -0.0024549318477511406 0.9999935030937195 0.0026441386435180902 -2.607593059539795 0.0013914700830355287 -0.002640727674588561 0.9999955296516418 191.24017333984375
0.9999985098838806 0.001440857769921422 -0.0009540329920127988 1.0148844718933105 -0.0014372661244124174 0.9999919533729553 0.00375466444529593 -2.6319386959075928 0.0009594345465302467 -0.0037532877177000046 0.9999924898147583 192.4909210205078
0.9999986290931702 0.0015697252238169312 0.0005544466548599303 1.0107200145721436 -0.0015712673775851727 0.9999948740005493 0.002792002633213997 -2.6469149589538574 -0.0005500585539266467 -0.002792870393022895 0.9999959468841553 193.73114013671875
0.9999980330467224 0.0001987151918001473 0.0019971393048763275 1.0076229572296143 -0.00020179172861389816 0.9999988675117493 0.0015404471196234226 -2.6676559448242188 -0.001996830105781555 -0.0015408474719151855 0.9999968409538269 194.96043395996094
0.9999939203262329 0.0006679270300082862 0.0034189647994935513 1.007124662399292 -0.00066697399597615 0.9999997019767761 -0.0002798737841658294 -2.6896564960479736 -0.0034191524609923363 0.00027759181102737784 0.9999940991401672 196.19091796875
