1.0 -2.309430783498101e-06 5.455896712192043e-08 -2.953602917799003e-09 2.309430783498101e-06 1.0 -4.6418028887273977e-07 2.9800969514326425e-06 -5.455789775510311e-08 4.641804025595775e-07 1.0 2.6761154003906995e-06
0.9999973177909851 0.0010355908889323473 0.0020725992508232594 -0.009611791931092739 -0.001033371896483004 0.9999988675117493 -0.0010714101372286677 -0.016851842403411865 -0.0020737063605338335 0.001069265534169972 0.9999972581863403 1.2062255144119263
0.9999949932098389 0.001474501215852797 0.002788892248645425 -0.0015138606540858746 -0.0014724564971402287 0.9999986290931702 -0.0007350424421019852 -0.0356936976313591 -0.002789971884340048 0.0007309321663342416 0.999995768070221 2.401355028152466
0.9999911189079285 0.0009359827381558716 0.0041125863790512085 -0.003865341655910015 -0.0009339441894553602 0.9999995827674866 -0.0004975478514097631 -0.05408003553748131 -0.00411304971203208 0.0004937025369144976 0.9999914169311523 3.5987324714660645
0.999987006187439 0.0007593757472932339 0.0050470526330173016 -0.0030607059597969055 -0.0007561639067716897 0.9999995231628418 -0.0006382631254382432 -0.07371239364147186 -0.005047534592449665 0.0006344383000396192 0.999987006187439 4.792544841766357
0.9999842047691345 0.0003742873086594045 0.005610969383269548 0.003961198031902313 -0.0003722424735315144 0.9999998807907104 -0.000365476036677137 -0.09764954447746277 -0.00561110582202673 0.0003633816377259791 0.9999842047691345 5.995357036590576
0.9999799728393555 0.0006571426638402045 0.006304893642663956 0.008421007543802261 -0.0006490203086286783 0.999998927116394 -0.001290229964070022 -0.11958692967891693 -0.006305735558271408 0.001286112004891038 0.9999793171882629 7.194680690765381
0.999973714351654 0.0006958282319828868 0.007215229794383049 0.011924996972084045 -0.0006863967864774168 0.9999988675117493 -0.0013095577014610171 -0.14610159397125244 -0.007216133642941713 0.0013045708183199167 0.9999730587005615 8.376822471618652
0.9999729990959167 0.0003330481704324484 0.007338816300034523 0.017417531460523605 -0.00033417122904211283 0.9999999403953552 0.00015180221816990525 -0.16819749772548676 -0.0073387655429542065 -0.00015425053425133228 0.9999730587005615 9.571245193481445
0.999981701374054 -0.00021601379557978362 0.006051078904420137 0.01783304661512375 0.00020790078269783407 0.9999991059303284 0.0013413503766059875 -0.19249247014522552 -0.0060513634234666824 -0.0013400678290054202 0.9999808073043823 10.766046524047852
0.9999922513961792 -0.0016397363506257534 0.003571059089154005 0.02148263528943062 0.0016372378449887037 0.9999983906745911 0.0007023126818239689 -0.21301986277103424 -0.0035722050815820694 -0.0006964606000110507 0.9999933838844299 11.967352867126465
0.9999974370002747 -0.0014378568157553673 0.0017694832058623433 0.014384875074028969 0.001437511877156794 0.999998927116394 0.0001960488734766841 -0.23067986965179443 -0.0017697627190500498 -0.00019350479124113917 0.9999983906745911 13.1622314453125
0.9999988079071045 -0.0014528540195897222 0.00034634978510439396 0.01138804666697979 0.001452803728170693 0.999998927116394 0.00014528213068842888 -0.2547312378883362 -0.00034656026400625706 -0.00014477892545983195 0.9999999403953552 14.36073112487793
0.9999998211860657 0.0001200013721245341 -0.0006070747622288764 0.007492934353649616 -0.00011995972454315051 1.0 6.868721538921818e-05 -0.27629560232162476 0.0006070830277167261 -6.861437577754259e-05 0.9999998211860657 15.55975341796875
0.9999995231628418 -7.807292422512546e-05 -0.0010380430612713099 -0.00045748427510261536 7.816278957761824e-05 1.0 8.655782585265115e-05 -0.29542604088783264 0.0010380363091826439 -8.663891640026122e-05 0.9999995231628418 16.76296043395996
0.9999976754188538 -0.0009212683071382344 -0.0019490490667521954 -0.0030550621449947357 0.0009221439249813557 0.999999463558197 0.0004484651144593954 -0.3138013780117035 0.0019486347446218133 -0.000450261402875185 0.9999980330467224 17.949655532836914
0.9999972581863403 -0.0009860058780759573 -0.0021170955151319504 -0.011516012251377106 0.0009878268465399742 0.9999991655349731 0.0008592448430135846 -0.3373906910419464 0.002116246847435832 -0.000861333857756108 0.9999973177909851 19.15314292907715
0.9999951124191284 -0.0007186306756921113 -0.003019894240424037 -0.02015816792845726 0.000718869618140161 0.9999996423721313 7.80159025453031e-05 -0.35994067788124084 0.003019837662577629 -8.01864662207663e-05 0.9999954104423523 20.35003662109375
0.999994158744812 -0.0009790891781449318 -0.0032647759653627872 -0.03149954602122307 0.0009764630231074989 0.9999992251396179 -0.0008058940875343978 -0.3813229501247406 0.0032655615359544754 0.0008027015719562769 0.9999943375587463 21.5548152923584
0.9999918937683105 0.00038352899719029665 -0.003985880874097347 -0.0419369637966156 -0.00038474032771773636 0.9999998807907104 -0.00030319386860355735 -0.399379163980484 0.003985763527452946 0.0003047249047085643 0.9999919533729553 22.751157760620117
0.9999895095825195 -0.00018291310698259622 -0.004580686800181866 -0.05832403898239136 0.00018081936286762357 0.9999998807907104 -0.00045747810509055853 -0.42340272665023804 0.004580768756568432 0.0004566450079437345 0.99998939037323 23.946857452392578
0.999984622001648 -4.074806201970205e-05 -0.005541358143091202 -0.07236357778310776 3.4850054362323135e-05 0.9999993443489075 -0.001064444426447153 -0.4451996684074402 0.005541397724300623 0.0010642348788678646 0.999984085559845 25.139789581298828
0.9999783635139465 0.0001192507625091821 -0.006580848712474108 -0.07895615696907043 -0.00012030964717268944 0.9999999403953552 -0.00016049164696596563 -0.47169211506843567 0.006580830086022615 0.00016127990966197103 0.999978244304657 26.33647918701172
0.9999714493751526 -0.0016911057755351067 -0.007371204439550638 -0.09128204733133316 0.0017027200665324926 0.9999973177909851 0.0015696696937084198 -0.4918188452720642 0.0073685296811163425 -0.0015821756096556783 0.9999715089797974 27.537342071533203
0.9999653100967407 -0.001397315296344459 -0.008208331651985645 -0.10406458377838135 0.0014110165648162365 0.999997615814209 0.0016636373475193977 -0.5124102234840393 0.008205987513065338 -0.0016751617658883333 0.9999649524688721 28.73979949951172
0.9999563097953796 -0.0021287137642502785 -0.009101973846554756 -0.12038388848304749 0.0021377098746597767 0.9999972581863403 0.0009787530871108174 -0.5332679748535156 0.009099865332245827 -0.0009981675539165735 0.9999580979347229 29.938993453979492
0.9999475479125977 -0.0022721171844750643 -0.009986309334635735 -0.1310548484325409 0.002272192854434252 0.9999974370002747 -3.762407686735969e-06 -0.5548038482666016 0.009986292570829391 -1.8928611098090187e-05 0.999950110912323 31.139915466308594
0.9999394416809082 -0.001718948595225811 -0.010870863683521748 -0.1491810828447342 0.0017199786379933357 0.9999985098838806 8.53584278956987e-05 -0.5739079117774963 0.01087070070207119 -0.00010405090870335698 0.9999409317970276 32.33244705200195
0.9999288320541382 -0.0019857825245708227 -0.01176146324723959 -0.16501913964748383 0.0019924999214708805 0.9999978542327881 0.0005594588001258671 -0.5935043692588806 0.011760327033698559 -0.0005828536814078689 0.999930739402771 33.535823822021484
0.999922513961792 -0.0023965456057339907 -0.012217537499964237 -0.1822509467601776 0.0024064683821052313 0.9999967813491821 0.0007975727203302085 -0.6158711910247803 0.012215586379170418 -0.0008269120589829981 0.9999250173568726 34.72736740112305
0.9999104142189026 -0.0032564401626586914 -0.012980189174413681 -0.1958765983581543 0.00327182631008327 0.9999939799308777 0.001164316781796515 -0.6413397789001465 0.012976317666471004 -0.001206681365147233 0.9999151229858398 35.92652893066406
0.9999064803123474 -0.00326597155071795 -0.013274294324219227 -0.21870040893554688 0.003276411211118102 0.9999943375587463 0.0007648015744052827 -0.6576327085494995 0.013271722011268139 -0.0008082221611402929 0.9999116063117981 37.135841369628906
0.9999037384986877 -0.0038829364348202944 -0.013316071592271328 -0.23756733536720276 0.003903538454324007 0.9999912977218628 0.00152150250505656 -0.6780523657798767 0.013310045935213566 -0.0015733360778540373 0.9999102354049683 38.334938049316406
0.9999055862426758 -0.003783345688134432 -0.013210604898631573 -0.260287880897522 0.0038192537613213062 0.9999890327453613 0.0026940039824694395 -0.6966934204101562 0.013200267218053341 -0.0027442038990557194 0.9999090433120728 39.551719665527344
0.9999047517776489 -0.003106813644990325 -0.013452081941068172 -0.2758025527000427 0.0031494544818997383 0.9999900460243225 0.0031498009338974953 -0.7092784643173218 0.013442164286971092 -0.003191867843270302 0.9999045133590698 40.75176239013672
0.999904453754425 -0.002625509165227413 -0.013573622331023216 -0.29650768637657166 0.0026654270477592945 0.9999921917915344 0.0029235698748379946 -0.7275175452232361 0.013565842062234879 -0.0029594702646136284 0.9999035596847534 41.95153045654297
0.9999144077301025 -0.0013754548272117972 -0.013009053654968739 -0.32283103466033936 0.00141332414932549 0.9999948143959045 0.002902250736951828 -0.7453863620758057 0.01300499215722084 -0.0029203882440924644 0.9999111890792847 43.1469612121582
0.9999165534973145 0.0010692077921703458 -0.012876112014055252 -0.3419322669506073 -0.0010089384159073234 0.9999884963035583 0.004686294123530388 -0.7593816518783569 0.012880971655249596 -0.004672911483794451 0.9999061226844788 44.3438835144043
0.9999390840530396 0.001652705715969205 -0.010917840525507927 -0.36681851744651794 -0.0015682396478950977 0.9999688267707825 0.007740548811852932 -0.7748777866363525 0.010930294170975685 -0.007722955662757158 0.9999104738235474 45.555484771728516
0.9999593496322632 0.0019584496039897203 -0.008804046548902988 -0.3837931752204895 -0.0018654942978173494 0.9999425411224365 0.010554088279604912 -0.7831383943557739 0.008824210613965988 -0.01053723506629467 0.999905526638031 46.774681091308594
0.9999651312828064 0.0023665628395974636 -0.008002613671123981 -0.38997626304626465 -0.002255164086818695 0.9999008178710938 0.013900816440582275 -0.7891066074371338 0.008034717291593552 -0.013882284983992577 0.9998713731765747 47.9774284362793
0.9999796152114868 0.001141972723416984 -0.006294058170169592 -0.4089493155479431 -0.001046756748110056 0.9998852610588074 0.015110512264072895 -0.7962701916694641 0.006310592871159315 -0.015103615820407867 0.9998660087585449 49.18532180786133
0.9999890923500061 -0.00014048381126485765 -0.0046732667833566666 -0.4100962281227112 0.00020339056209195405 0.9999092817306519 0.013463251292705536 -0.7941259741783142 0.004670952446758747 -0.013464052230119705 0.999898374080658 50.39993667602539
0.9999931454658508 0.0008490897016599774 -0.0036168775986880064 -0.4207705855369568 -0.0008061507833190262 0.9999293684959412 0.011856725439429283 -0.8000895977020264 0.003626690711826086 -0.01185372844338417 0.9999231100082397 51.61540222167969
0.9999957084655762 0.0005993947852402925 -0.0028722963761538267 -0.42724981904029846 -0.0005662707844749093 0.9999334812164307 0.011519216001033783 -0.8076074719429016 0.002879009349271655 -0.011517541483044624 0.9999295473098755 52.8012580871582
0.9999952912330627 0.0004641245468519628 -0.0030137370340526104 -0.43414145708084106 -0.0004313921963330358 0.9999410510063171 0.010852620005607605 -0.811339795589447 0.003018595976755023 -0.010851268656551838 0.999936580657959 54.00444412231445
0.9999937415122986 -1.451917523809243e-05 -0.00354580394923687 -0.44398233294487 4.83500916743651e-05 0.9999544024467468 0.009541239589452744 -0.8156687617301941 0.0035455038305372 -0.009541349485516548 0.999948263168335 55.2124137878418
0.9999866485595703 -2.6637088012648746e-05 -0.00517255999147892 -0.452675461769104 7.987802382558584e-05 0.9999470114707947 0.010293024592101574 -0.8254621028900146 0.0051720114424824715 -0.01029330026358366 0.9999336004257202 56.4190673828125
0.9999788999557495 -0.0002538311237003654 -0.006492697633802891 -0.46606022119522095 0.00032697146525606513 0.9999365210533142 0.011266438290476799 -0.8308080434799194 0.006489424966275692 -0.01126832328736782 0.9999154210090637 57.6216926574707
0.9999712109565735 -0.0004028007679153234 -0.0075787873938679695 -0.4765189588069916 0.0004931666771881282 0.9999287724494934 0.011925446800887585 -0.8436960577964783 0.007573443930596113 -0.011928841471672058 0.9999001622200012 58.82572937011719
0.9999626278877258 0.00045688365935347974 -0.008631541393697262 -0.4905704855918884 -0.00035616368404589593 0.9999319314956665 0.011666769161820412 -0.8488714694976807 0.008636281825602055 -0.01166325993835926 0.9998946785926819 60.02348327636719
0.9999567866325378 0.0008520385017618537 -0.009257759898900986 -0.5069020390510559 -0.0007450829143635929 0.9999330043792725 0.01155038457363844 -0.8587613105773926 0.009266980923712254 -0.011542989872395992 0.9998904466629028 61.23295974731445
0.9999576210975647 -4.129951776121743e-05 -0.009212126024067402 -0.5233705043792725 0.00014045904390513897 0.9999420642852783 0.010763627476990223 -0.8624095916748047 0.009211146272718906 -0.010764466598629951 0.999899685382843 62.429771423339844
0.9999529123306274 -0.0010247798636555672 -0.009652470238506794 -0.5365675091743469 0.0011223359033465385 0.9999483227729797 0.010106860660016537 -0.8759820461273193 0.009641612879931927 -0.010117216035723686 0.9999022483825684 63.639991760253906
0.9999484419822693 -0.0014753210125491023 -0.010047459974884987 -0.5496233701705933 0.0015894151292741299 0.999934196472168 0.011356985196471214 -0.8827429413795471 0.010030044242739677 -0.011372367851436138 0.9998850226402283 64.84326934814453
0.9999455809593201 -0.0024196484591811895 -0.010147912427783012 -0.5711367726325989 0.0025508147664368153 0.9999131560325623 0.012932506389915943 -0.8944537043571472 0.010115738958120346 -0.012957688421010971 0.9998648762702942 66.04801177978516
0.999941885471344 -0.001326350262388587 -0.01069571916013956 -0.5826187133789062 0.0014473317423835397 0.9999349117279053 0.011311430484056473 -0.9025880694389343 0.010680021718144417 -0.011326255276799202 0.9998788237571716 67.24395751953125
0.9999454021453857 0.0005871191970072687 -0.010432145558297634 -0.6069937348365784 -0.0004824385978281498 0.9999495148658752 0.010034101083874702 -0.9087240695953369 0.010437510907649994 -0.010028521530330181 0.9998952746391296 68.44315338134766
0.9999396204948425 0.002523729344829917 -0.010692422278225422 -0.6232288479804993 -0.002412456786260009 0.9999428987503052 0.010406861081719398 -0.9169344902038574 0.01071807648986578 -0.010380437597632408 0.9998886585235596 69.64073181152344
0.9999327063560486 0.00480585265904665 -0.010562813840806484 -0.6420666575431824 -0.004692710004746914 0.9999316334724426 0.01071022916585207 -0.9258934259414673 0.010613564401865005 -0.010659938678145409 0.9998868107795715 70.82563781738281
0.9999275803565979 0.006015038583427668 -0.010422108694911003 -0.6637171506881714 -0.0058990297839045525 0.999920666217804 0.011126209981739521 -0.9342648386955261 0.010488207451999187 -0.011063924990594387 0.999883770942688 72.0274887084961
0.9999332427978516 0.006604328285902739 -0.009472827427089214 -0.6819425821304321 -0.006489794701337814 0.999906063079834 0.012070917524397373 -0.9415743350982666 0.009551660157740116 -0.012008636258542538 0.9998822808265686 73.22344207763672
0.999935507774353 0.008359462954103947 -0.007692981511354446 -0.695550262928009 -0.008260241709649563 0.9998834133148193 0.012840400449931622 -0.9486717581748962 0.007799423299729824 -0.012776026502251625 0.9998879432678223 74.41650390625
0.9999619722366333 0.007193560712039471 -0.004927344620227814 -0.7036803960800171 -0.007141325157135725 0.9999191164970398 0.010537822730839252 -0.957362174987793 0.005002748686820269 -0.01050223596394062 0.9999322891235352 75.58760070800781
0.999987006187439 0.004403542261570692 -0.0025616022758185863 -0.7092453241348267 -0.004389553796499968 0.9999755620956421 0.005441237241029739 -0.9671915173530579 0.002585501177236438 -0.005429922603070736 0.9999818801879883 76.76181030273438
0.9999834895133972 0.005738740786910057 0.00016471589333377779 -0.715019702911377 -0.005739483516663313 0.999971330165863 0.004930983297526836 -0.9773120284080505 -0.00013641352416016161 -0.004931846633553505 0.9999878406524658 77.94503784179688
0.9999870657920837 0.004349989350885153 0.0026513636112213135 -0.7135587334632874 -0.004372850060462952 0.9999527931213379 0.008678002282977104 -0.9925952553749084 -0.002613489283248782 -0.008689483627676964 0.999958872795105 79.12834167480469
0.9999725818634033 0.004425169434398413 0.005924462806433439 -0.7077649831771851 -0.004484181758016348 0.9999400973320007 0.009984811767935753 -1.004852294921875 -0.005879923701286316 -0.010011103004217148 0.999932587146759 80.30223083496094
0.9999386668205261 0.004508142825216055 0.010111739858984947 -0.7031874060630798 -0.004590993747115135 0.999955952167511 0.008185313083231449 -1.0149662494659424 -0.010074393823742867 -0.00823123287409544 0.999915361404419 81.4701156616211
0.9999018907546997 0.003479365026578307 0.013568219728767872 -0.6910477876663208 -0.003547254716977477 0.9999812245368958 0.004982683341950178 -1.027421474456787 -0.013550628907978535 -0.005030324682593346 0.9998955130577087 82.63313293457031
0.9998549222946167 0.0020984718576073647 0.01690267212688923 -0.6739228963851929 -0.0021246422547847033 0.999996542930603 0.0015304795233532786 -1.0432190895080566 -0.01689939759671688 -0.001566169667057693 0.9998559951782227 83.79463958740234
0.9997856616973877 0.0017658598953858018 0.02062392607331276 -0.6558831930160522 -0.0017793775768950582 0.9999982118606567 0.0006371024064719677 -1.0613055229187012 -0.02062276192009449 -0.0006736635114066303 0.9997870326042175 84.94857025146484
0.9997150897979736 0.001147321774624288 0.02383916638791561 -0.6285066604614258 -0.0012054803082719445 0.9999963045120239 0.0024253965821117163 -1.0829700231552124 -0.023836296051740646 -0.0024534438271075487 0.9997128844261169 86.11093139648438
0.9996141195297241 0.002487064804881811 0.027664663270115852 -0.6084272861480713 -0.002572637517005205 0.9999920129776001 0.0030580477323383093 -1.1046639680862427 -0.027656838297843933 -0.0031280387192964554 0.9996126294136047 87.27513885498047
0.9995077848434448 0.0016994051402434707 0.03132464736700058 -0.5708928108215332 -0.0017172154039144516 0.9999983906745911 0.0005416827625595033 -1.1176406145095825 -0.03132367134094238 -0.0005952072096988559 0.9995090961456299 88.42127990722656
0.9994023442268372 0.0015509652439504862 0.03453213348984718 -0.5337913036346436 -0.0014952714554965496 0.9999975562095642 -0.0016385791823267937 -1.1376216411590576 -0.03453459590673447 0.0015859648119658232 0.9994022250175476 89.5697021484375
0.9992839694023132 0.0017602727748453617 0.03779342398047447 -0.4942762851715088 -0.0016879400936886668 0.9999966621398926 -0.0019457131857052445 -1.1592869758605957 -0.03779672458767891 0.0018805268919095397 0.9992836117744446 90.73135375976562
0.9991679787635803 0.000915403594262898 0.040773000568151474 -0.4521336555480957 -0.0008900708053261042 0.9999994039535522 -0.0006394600495696068 -1.1794297695159912 -0.04077356308698654 0.0006026370683684945 0.9991682171821594 91.88662719726562
0.9990622401237488 -0.0003159113402944058 0.04329394921660423 -0.39931440353393555 0.00028635223861783743 0.9999997019767761 0.0006889533251523972 -1.1990132331848145 -0.04329415783286095 -0.0006759099778719246 0.9990621209144592 93.04668426513672
0.9989383816719055 -0.0010724207386374474 0.04605358839035034 -0.34935426712036133 0.0009549770038574934 0.9999962449073792 0.002572084777057171 -1.2185249328613281 -0.046056173741817474 -0.0025253735948354006 0.9989356398582458 94.2083740234375
0.9988296627998352 -0.0025903284549713135 0.04829663783311844 -0.29047441482543945 0.0024269449058920145 0.9999911785125732 0.003441260429099202 -1.2337151765823364 -0.048305124044418335 -0.003320019692182541 0.9988270998001099 95.37110900878906
0.9987091422080994 -0.003668728983029723 0.050661422312259674 -0.23981285095214844 0.003610498271882534 0.9999927282333374 0.001240889891050756 -1.253284215927124 -0.05066560208797455 -0.0010563755640760064 0.9987150430679321 96.51690673828125
0.9985998272895813 -0.005153540521860123 0.05264806002378464 -0.175811767578125 0.005285695660859346 0.9999831914901733 -0.002371228300035 -1.2711877822875977 -0.05263495817780495 0.00264618918299675 0.9986103177070618 97.66976928710938
0.9984805583953857 -0.004487051162868738 0.05492174252867699 -0.1197199821472168 0.00477483170107007 0.9999755620956421 -0.005109727848321199 -1.2943018674850464 -0.05489747226238251 0.005364206153899431 0.998477578163147 98.83373260498047
0.9983851909637451 -0.004553194623440504 0.056623466312885284 -0.05665016174316406 0.0049056620337069035 0.9999694228172302 -0.0060872966423630714 -1.3145122528076172 -0.056594010442495346 0.00635524233803153 0.9983770847320557 100.01367950439453
0.9983575344085693 -0.004162910860031843 0.057139404118061066 -0.0038428306579589844 0.004478212911635637 0.9999754428863525 -0.005391160491853952 -1.337482213973999 -0.05711556598544121 0.005638189148157835 0.9983516335487366 101.17798614501953
0.9984137415885925 -0.004282873589545488 0.056138716638088226 0.06102752685546875 0.004484373610466719 0.9999839663505554 -0.003463838016614318 -1.3630043268203735 -0.05612298101186752 0.0037100911140441895 0.9984169602394104 102.36013793945312
0.9984791874885559 -0.004902958404272795 0.05491151288151741 0.1206350326538086 0.005026019178330898 0.9999851584434509 -0.0021031976211816072 -1.3852686882019043 -0.054900385439395905 0.0023759854957461357 0.9984890222549438 103.55172729492188
0.9985921382904053 -0.004363414365798235 0.05286508798599243 0.18100452423095703 0.004438028205186129 0.9999893307685852 -0.0012940792366862297 -1.4038043022155762 -0.052858877927064896 0.001526873791590333 0.9986008405685425 104.74913787841797
0.9987311959266663 -0.004307906609028578 0.05017393082380295 0.2353219985961914 0.004360745195299387 0.9999901652336121 -0.0009436828549951315 -1.4231047630310059 -0.05016935616731644 0.0011612813686951995 0.9987400770187378 105.93863677978516
0.9988589286804199 -0.0034004298504441977 0.04763573035597801 0.2768993377685547 0.003446185728535056 0.9999936819076538 -0.0008784473757259548 -1.443415641784668 -0.04763243719935417 0.0010416066506877542 0.9988644123077393 107.14299774169922
0.9990348815917969 -0.0018727275310084224 0.04388321936130524 0.32085514068603516 0.0019429015228524804 0.9999969601631165 -0.0015565147623419762 -1.456868290901184 -0.0438801571726799 0.0016402732580900192 0.9990355372428894 108.35051727294922
0.999207079410553 -0.0016087502008304 0.03978261351585388 0.36771440505981445 0.00165376381482929 0.9999980330467224 -0.0010986051056534052 -1.4746326208114624 -0.03978076949715614 0.0011635252740234137 0.9992077350616455 109.55530548095703
0.9993621706962585 -0.0009784908033907413 0.03570029139518738 0.408252477645874 0.0009795536752790213 0.9999995827674866 -1.2274133041501045e-05 -1.4944597482681274 -0.03570026904344559 4.72367973998189e-05 0.9993624687194824 110.77754211425781
0.999508261680603 -0.0007472232100553811 0.03134706988930702 0.44187331199645996 0.0007247116300277412 0.9999994039535522 0.0007295010145753622 -1.5132808685302734 -0.03134760633111 -0.000706424645613879 0.9995083212852478 111.98759460449219
0.9996346235275269 -0.0006104723433963954 0.027020195499062538 0.4675021171569824 0.0005756980390287936 0.9999989867210388 0.0012947359355166554 -1.5317035913467407 -0.027020959183573723 -0.0012787074083462358 0.9996339678764343 113.21135711669922
0.9997605085372925 -7.451666169799864e-05 0.021879728883504868 0.4929535388946533 4.7380002797581255e-05 0.9999992251396179 0.0012407854665070772 -1.5461063385009766 -0.021879807114601135 -0.0012394519289955497 0.9997597932815552 114.42693328857422
0.9998552203178406 0.0004737709532491863 0.01701013743877411 0.5075103044509888 -0.0004981040838174522 0.9999988675117493 0.001426299219019711 -1.5707807540893555 -0.017009444534778595 -0.0014345654053613544 0.9998542666435242 115.65785217285156
0.9999209046363831 0.0008172307861968875 0.012552618980407715 0.5132684111595154 -0.0008342064102180302 0.9999987483024597 0.0013471809215843678 -1.5861235857009888 -0.012551501393318176 -0.0013575456105172634 0.9999203085899353 116.88258361816406
0.9999710917472839 0.0018953720573335886 0.007360789924860001 0.5166577100753784 -0.0018974365666508675 0.9999980926513672 0.0002735282469075173 -1.6047818660736084 -0.0073602586053311825 -0.000287486967863515 0.9999728202819824 118.11775207519531
0.9999850988388062 0.003876034403219819 0.0038454572204500437 0.5164369940757751 -0.003876956645399332 0.9999924302101135 0.00023243841133080423 -1.6244890689849854 -0.00384452729485929 -0.00024734361795708537 0.9999925494194031 119.35086059570312
0.9999838471412659 0.00546829542145133 0.0015041420701891184 0.5136345624923706 -0.0054689329117536545 0.999984860420227 0.0004204671422485262 -1.6442584991455078 -0.001501820283010602 -0.00042868650052696466 0.9999986886978149 120.57301330566406
0.9999750852584839 0.007025023922324181 0.000731226580683142 0.5011012554168701 -0.007025070954114199 0.999975323677063 6.277269858401269e-05 -1.6649096012115479 -0.0007307673222385347 -6.790811312384903e-05 0.9999997019767761 121.8338623046875
0.9999578595161438 0.009162909351289272 -0.000510424142703414 0.4960689842700958 -0.009162765927612782 0.9999579787254333 0.0002844595874194056 -1.6820484399795532 0.000513009144924581 -0.00027977084391750395 0.9999998211860657 123.0812759399414
0.9999445676803589 0.010435697622597218 -0.001407038071192801 0.4823077321052551 -0.010434181429445744 0.9999449849128723 0.0010820183670148253 -1.7007538080215454 0.0014182520098984241 -0.0010672772768884897 0.9999984502792358 124.32523345947266
0.9999462366104126 0.010171647183597088 -0.001984182745218277 0.47253239154815674 -0.010168857872486115 0.9999473094940186 0.001410333439707756 -1.7160918712615967 0.0019984235987067223 -0.001390080782584846 0.9999970197677612 125.57322692871094
0.999897837638855 0.013984494842588902 -0.0029459737706929445 0.4602460265159607 -0.013974261470139027 0.9998963475227356 0.0034649709705263376 -1.7355905771255493 0.0029941238462924957 -0.003423449117690325 0.9999896287918091 126.82154846191406
0.9998787045478821 0.015145065262913704 -0.003619779832661152 0.4460912048816681 -0.01512057427316904 0.9998632073402405 0.006700004450976849 -1.7494683265686035 0.0037207563873380423 -0.006644458044320345 0.9999710321426392 128.07537841796875
0.999891996383667 0.01397488359361887 -0.004548447206616402 0.44258302450180054 -0.013947044499218464 0.9998841285705566 0.006095367483794689 -1.7625572681427002 0.004633102100342512 -0.006031271535903215 0.9999710917472839 129.33108520507812
0.9998953342437744 0.013606315478682518 -0.004907646682113409 0.42919921875 -0.01358211413025856 0.9998955726623535 0.004931509494781494 -1.7792203426361084 0.004974234849214554 -0.00486433831974864 0.9999758005142212 130.58836364746094
0.9999240040779114 0.011259118095040321 -0.0050134784542024136 0.41549134254455566 -0.011227639392018318 0.9999172687530518 0.0062629906460642815 -1.7920801639556885 0.005083580035716295 -0.006206225138157606 0.9999678134918213 131.8451385498047
0.9999398589134216 0.009200330823659897 -0.005974976811558008 0.40376830101013184 -0.009151657111942768 0.9999250769615173 0.00812348909676075 -1.8043328523635864 0.0060492693446576595 -0.008068319410085678 0.9999491572380066 133.11346435546875
0.999963641166687 0.005564179737120867 -0.006463845260441303 0.391883909702301 -0.005502064246684313 0.9999390244483948 0.009587978944182396 -1.8125231266021729 0.0065167988650500774 -0.009552066214382648 0.9999330639839172 134.38160705566406
0.9999693632125854 0.0034416040871292353 -0.007028613705188036 0.3834232687950134 -0.0033662549685686827 0.999937117099762 0.010704122483730316 -1.8215514421463013 0.007065010257065296 -0.010680136270821095 0.9999179244041443 135.65028381347656
0.9999787211418152 -0.0007716756663285196 -0.00647664675489068 0.36978769302368164 0.0008296188316307962 0.9999595880508423 0.00894854310899973 -1.8308031558990479 0.006469479762017727 -0.008953724056482315 0.99993896484375 136.91529846191406
0.9999749064445496 -0.003160165622830391 -0.006344606634229422 0.35759949684143066 0.0032093923073261976 0.999964714050293 0.007763608358800411 -1.838168740272522 0.006319849286228418 -0.0077837747521698475 0.9999496936798096 138.1887969970703
0.9999712705612183 -0.004646779503673315 -0.0059887259267270565 0.3441525101661682 0.004693333525210619 0.9999586343765259 0.007782995235174894 -1.8531869649887085 0.005952312145382166 -0.0078108771704137325 0.9999517798423767 139.45452880859375
0.9999727010726929 -0.0046185459941625595 -0.005772402044385672 0.33781564235687256 0.004664409440010786 0.9999573826789856 0.007957350462675095 -1.858646035194397 0.005735405255109072 -0.007984058931469917 0.9999516606330872 140.73971557617188
0.9999767541885376 -0.004125380422919989 -0.005421665031462908 0.32540363073349 0.004179142881184816 0.9999418258666992 0.009942734614014626 -1.8682857751846313 0.005380332004278898 -0.009965162724256516 0.9999358654022217 142.01364135742188
0.9999876022338867 -0.0017556645907461643 -0.004655380733311176 0.3134821653366089 0.001809207838959992 0.9999319314956665 0.011522173881530762 -1.8801305294036865 0.004634834825992584 -0.011530452407896519 0.9999227523803711 143.30711364746094
0.9999887943267822 -0.0018842796562239528 -0.004333981778472662 0.30584025382995605 0.0019269014010205865 0.99994957447052 0.009851247072219849 -1.8886191844940186 0.0043152011930942535 -0.009859487414360046 0.9999420046806335 144.58242797851562
0.9999924302101135 -0.001606942736543715 -0.003544009290635586 0.2886611223220825 0.0016356098931282759 0.9999657869338989 0.008100857958197594 -1.901990294456482 0.003530869958922267 -0.008106594905257225 0.9999608397483826 145.85540771484375
0.9999942183494568 -0.0016827763756737113 -0.0029471893794834614 0.278982013463974 0.0016996930353343487 0.9999819993972778 0.005746845155954361 -1.9147796630859375 0.002937464974820614 -0.005751822143793106 0.9999790787696838 147.12969970703125
0.9999923706054688 -0.002582194982096553 -0.002927477704361081 0.27641794085502625 0.0025869624223560095 0.9999953508377075 0.0016257520765066147 -1.9319865703582764 0.0029232660308480263 -0.0016333134844899178 0.9999943971633911 148.39675903320312
0.9999940991401672 -0.0026407332625240088 -0.002191913779824972 0.2626884877681732 0.0026364848017692566 0.9999946355819702 -0.001938898116350174 -1.9572299718856812 0.002197022084146738 0.001933107734657824 0.9999957084655762 149.68043518066406
0.9999916553497314 -0.003372834762558341 -0.002312058350071311 0.2589949667453766 0.0033661392517387867 0.9999901652336121 -0.002893706550821662 -1.9796627759933472 0.0023217955604195595 0.002885899506509304 0.9999931454658508 150.9567108154297
0.999991774559021 -0.003433853853493929 -0.0021611470729112625 0.2507743835449219 0.0034278433304280043 0.9999902844429016 -0.002778539666905999 -2.004323959350586 0.0021706672850996256 0.0027711091097444296 0.9999937415122986 152.2261505126953
0.9999938011169434 -0.002557559870183468 -0.0024236312601715326 0.24186810851097107 0.002552433405071497 0.9999944567680359 -0.0021160279866307974 -2.0312445163726807 0.002429029904305935 0.002109828870743513 0.9999948143959045 153.48838806152344
0.9999947547912598 -0.0019579099025577307 -0.002583281137049198 0.234237402677536 0.001954961335286498 0.9999974370002747 -0.001143449917435646 -2.055056095123291 0.002585513051599264 0.0011383937671780586 0.9999959468841553 154.7510223388672
0.9999948143959045 -0.0015419151168316603 -0.0028457771986722946 0.22389039397239685 0.0015408146427944303 0.9999987483024597 -0.00038891442818567157 -2.0797572135925293 0.0028463732451200485 0.00038452778244391084 0.9999958276748657 156.01893615722656
0.9999921917915344 -0.0015371466288343072 -0.0036429190076887608 0.21906280517578125 0.0015340654645115137 0.9999984502792358 -0.0008483820129185915 -2.102187395095825 0.0036442172713577747 0.0008427869761362672 0.9999929666519165 157.27816772460938
0.9999895691871643 -0.0011544094886630774 -0.004424272105097771 0.20338529348373413 0.0011515928199514747 0.9999991655349731 -0.0006391252391040325 -2.123457431793213 0.004425006452947855 0.0006340236868709326 0.9999899864196777 158.54547119140625
0.999985933303833 -0.001631936989724636 -0.005036014132201672 0.19857656955718994 0.001633634208701551 0.9999985694885254 0.00033291036379523575 -2.145045280456543 0.0050354632548987865 -0.000341132894391194 0.9999872446060181 159.8165740966797
0.9999852776527405 -0.0006024065078236163 -0.005374537315219641 0.1829545497894287 0.0006075504934415221 0.9999993443489075 0.0009554738644510508 -2.168433904647827 0.005373958498239517 -0.0009587251115590334 0.9999850988388062 161.06100463867188
0.9999813437461853 -0.00017176308028865606 -0.00610211631283164 0.17183423042297363 0.00016942141519393772 0.9999999403953552 -0.00038428508560173213 -2.1895928382873535 0.006102181505411863 0.0003832440997939557 0.9999812841415405 162.3457489013672
0.9999772310256958 0.0001645353768253699 -0.006738760508596897 0.15659213066101074 -0.00017470998864155263 0.9999988675117493 -0.001509313122369349 -2.2141497135162354 0.0067385039292275906 0.001510455971583724 0.9999761581420898 163.60897827148438
0.9999716877937317 0.0010245256125926971 -0.007446490228176117 0.13915860652923584 -0.0010347262723371387 0.9999984502792358 -0.0013661350822076201 -2.238927125930786 0.007445077877491713 0.0013738013803958893 0.999971330165863 164.86013793945312
0.9999675750732422 0.0009105291683226824 -0.008001727052032948 0.11903131008148193 -0.000926393608096987 0.9999975562095642 -0.00197913427837193 -2.264784097671509 0.007999904453754425 0.00198648264631629 0.999966025352478 166.13836669921875
0.9999587535858154 0.001171856070868671 -0.009000934660434723 0.09862780570983887 -0.0012020306894555688 0.999993622303009 -0.0033476848620921373 -2.286874294281006 0.008996956050395966 0.0033583666663616896 0.9999538660049438 167.41336059570312
0.9999551177024841 0.0017207552446052432 -0.009319567121565342 0.08339142799377441 -0.001750401221215725 0.9999933838844299 -0.00317383068613708 -2.307663917541504 0.009314047172665596 0.0031900007743388414 0.9999515414237976 168.68092346191406
0.9999449849128723 0.0018610880943015218 -0.01032068207859993 0.06744801998138428 -0.0018796706572175026 0.9999966621398926 -0.0017911100294440985 -2.333709955215454 0.01031731627881527 0.0018104111077263951 0.9999451637268066 169.95864868164062
0.9999382495880127 0.0015315070049837232 -0.011008950881659985 0.05301797389984131 -0.0015488318167626858 0.9999974966049194 -0.001565331476740539 -2.357893466949463 0.011006524786353111 0.0015822856221348047 0.9999381899833679 171.22592163085938
0.9999251961708069 0.002018784172832966 -0.012068464420735836 0.03475213050842285 -0.00203254004009068 0.9999971985816956 -0.0011276453733444214 -2.380610704421997 0.012066155672073364 0.0011520906118676066 0.9999265074729919 172.49761962890625
0.9999135136604309 0.002411213470622897 -0.012927411124110222 0.012056827545166016 -0.0024247351102530956 0.999996542930603 -0.0010304006282240152 -2.4052491188049316 0.012924881651997566 0.0010616572108119726 0.9999158978462219 173.78274536132812
0.9999127984046936 0.0029564250726252794 -0.012866731733083725 -0.02028656005859375 -0.0029814476147294044 0.9999936819076538 -0.0019260194385424256 -2.427579164505005 0.012860958464443684 0.0019642130937427282 0.9999153017997742 175.03114318847656
0.9999028444290161 0.003884725971147418 -0.013384410180151463 -0.04705643653869629 -0.003921992611140013 0.9999884366989136 -0.0027592156548053026 -2.447686195373535 0.013373536989092827 0.002811441197991371 0.9999065399169922 176.29995727539062
0.9999004006385803 0.003722774563357234 -0.013610896654427052 -0.08316826820373535 -0.003753264434635639 0.9999904632568359 -0.0022152394521981478 -2.4709224700927734 0.013602519407868385 0.002266103867441416 0.9999048709869385 177.5642852783203
0.9998952150344849 0.003853500820696354 -0.013955481350421906 -0.09960770606994629 -0.0039056220557540655 0.9999854564666748 -0.0037094843573868275 -2.4921414852142334 0.013940983451902866 0.0037636004853993654 0.9998956918716431 178.81524658203125
0.9998952150344849 0.002819271059706807 -0.014199580997228622 -0.12275552749633789 -0.0028934685979038477 0.9999822974205017 -0.005207505542784929 -2.517394542694092 0.014184648171067238 0.005248045548796654 0.9998856782913208 180.08042907714844
0.9998975396156311 -0.00040104021900333464 -0.014313804917037487 -0.14642882347106934 0.0003260497469455004 0.9999862909317017 -0.005241005681455135 -2.5447652339935303 0.014315709471702576 0.005235800985246897 0.9998838305473328 181.34759521484375
0.9998895525932312 -0.00021157451556064188 -0.014858664944767952 -0.1553497314453125 0.00019182257528882474 0.9999991059303284 -0.0013307315530255437 -2.5711896419525146 0.014858934096992016 0.001327734556980431 0.9998886585235596 182.59127807617188
0.9998914003372192 -0.0010404175845906138 -0.01470448449254036 -0.18177556991577148 0.0010823238408192992 0.9999954104423523 0.002842204412445426 -2.5936484336853027 0.014701460488140583 -0.002857810351997614 0.9998878240585327 183.85787963867188
0.9998897314071655 -0.0001048768826876767 -0.014847765676677227 -0.20487093925476074 0.00013661822595167905 0.9999977350234985 0.0021368113812059164 -2.6093480587005615 0.01484750583767891 -0.002138604177162051 0.9998874664306641 185.1106414794922
0.9998983144760132 0.0015244492096826434 -0.014172089286148548 -0.23781061172485352 -0.001536952331662178 0.9999985098838806 -0.0008713707793504 -2.62992000579834 0.014170737005770206 0.0008930638432502747 0.99989914894104 186.35873413085938
0.9998835325241089 0.001855014357715845 -0.015144388191401958 -0.25844287872314453 -0.0019013313576579094 0.9999935626983643 -0.00304454960860312 -2.6511409282684326 0.015138640999794006 0.00307298987172544 0.9998806118965149 187.61122131347656
0.9998829960823059 0.002207915298640728 -0.015132802538573742 -0.28693366050720215 -0.002251922618597746 0.9999933242797852 -0.002891665091738105 -2.673954963684082 0.015126315876841545 0.0029254048131406307 0.9998812675476074 188.85935974121094
0.9998867511749268 0.001408401527442038 -0.014983021654188633 -0.3091139793395996 -0.0014326529344543815 0.999997615814209 -0.0016079754568636417 -2.7004952430725098 0.014980723150074482 0.0016292588552460074 0.9998863935470581 190.1067657470703
0.9998868703842163 0.0016292037907987833 -0.014951311983168125 -0.332763671875 -0.0016205302672460675 0.9999984502792358 0.0005922067211940885 -2.7252745628356934 0.014952254481613636 -0.0005679103778675199 0.999888002872467 191.35629272460938
0.999899685382843 0.0009439612040296197 -0.014134300872683525 -0.3568439483642578 -0.0009232836891897023 0.9999985098838806 0.0014693884877488017 -2.7493693828582764 0.01413566991686821 -0.001456191181205213 0.9998989701271057 192.60240173339844
0.9999183416366577 0.0008587099728174508 -0.012751000002026558 -0.37909793853759766 -0.0008485236903652549 0.9999992847442627 0.0008042601984925568 -2.7708215713500977 0.0127516845241189 -0.000793374958448112 0.9999183416366577 193.84408569335938
0.9999369978904724 4.245483796694316e-05 -0.011219886131584644 -0.3996250629425049 -5.041514668846503e-05 0.9999997615814209 -0.0007092049345374107 -2.7927238941192627 0.011219854466617107 0.0007097259513102472 0.9999368190765381 195.07705688476562
0.9999483227729797 -0.0004937230260111392 -0.010154067538678646 -0.41783738136291504 0.00047163208364509046 0.9999975562095642 -0.0021778582595288754 -2.816317558288574 0.010155117139220238 0.0021729569416493177 0.9999460577964783 196.3046112060547
