1.0 -1.0461845704412553e-05 6.051989203115227e-06 -1.1121557690785266e-05 1.0461850251886062e-05 1.0 -7.578523195661546e-07 5.959809186606435e-06 -6.051981472410262e-06 7.579155862913467e-07 1.0 -2.611733407320571e-06
0.9999790191650391 0.0004005689697805792 -0.006468703038990498 -0.00823773443698883 -0.0003980308538302779 0.9999998211860657 0.0003936467692255974 -0.0019249307224527001 0.006468859501183033 -0.00039106374606490135 0.9999790191650391 0.09178902953863144
0.9999074339866638 0.0009447432239539921 -0.01357116736471653 -0.01644035428762436 -0.0009423851734027267 0.9999995231628418 0.0001801451580831781 -0.001954025123268366 0.013571332208812237 -0.00016733921074774116 0.9999078512191772 0.18846511840820312
0.9997726082801819 0.0013791461242362857 -0.02127896621823311 -0.02610105648636818 -0.001391457743011415 0.9999988675117493 -0.0005637882277369499 -0.002149311127141118 0.02127816341817379 0.0005932687781751156 0.999773383140564 0.2853687107563019
0.9995419383049011 0.0016888966783881187 -0.030215546488761902 -0.04295326769351959 -0.0017493462655693293 0.9999964833259583 -0.0019742874428629875 -0.0020022946409881115 0.03021210804581642 0.002026240574195981 0.9995414614677429 0.39066097140312195
0.9991258382797241 0.0019134233007207513 -0.04175920784473419 -0.05907560884952545 -0.0020584037993103266 0.9999920129776001 -0.0034290982875972986 -0.004906375892460346 0.04175231233239174 0.0035120579414069653 0.9991217851638794 0.501144289970398
0.9984797835350037 0.001724690431728959 -0.055091794580221176 -0.08434756100177765 -0.0019509134581312537 0.9999898672103882 -0.004052774049341679 -0.007874676026403904 0.05508424714207649 0.004154092166572809 0.9984731078147888 0.6260417699813843
0.9974282383918762 0.0018143539782613516 -0.07164911925792694 -0.10853908956050873 -0.0021370025351643562 0.9999879002571106 -0.0044267792254686356 -0.004286026116460562 0.07164022326469421 0.004568508826196194 0.997420072555542 0.7613873481750488
0.995904803276062 0.00020669415243901312 -0.09040741622447968 -0.1347786784172058 -0.0005883146659471095 0.9999910593032837 -0.004194491542875767 -0.009108188562095165 0.09040573239326477 0.004230502527207136 0.99589604139328 0.9171918034553528
0.9939138293266296 -0.0007637074450030923 -0.11015740782022476 -0.1762194186449051 0.00028362852754071355 0.9999904036521912 -0.004373721778392792 -0.012680167332291603 0.11015968769788742 0.004315858706831932 0.9939045310020447 1.0752716064453125
0.9912887215614319 -0.0007429210818372667 -0.13170433044433594 -0.22137358784675598 0.00013592274626716971 0.9999893307685852 -0.004617726430296898 -0.014488556422293186 0.1317063421010971 0.004559598863124847 0.9912782907485962 1.219367265701294
0.987784743309021 0.002916204510256648 -0.1557973176240921 -0.2768036127090454 -0.003897626418620348 0.9999743700027466 -0.005994237493723631 -0.018962187692523003 0.15577585995197296 0.0065282550640404224 0.9877707958221436 1.3898671865463257
0.983407199382782 0.00728981476277113 -0.18126587569713593 -0.34339776635169983 -0.008765991777181625 0.9999345541000366 -0.0073439073748886585 -0.025980187579989433 0.18120047450065613 0.008811025880277157 0.983406662940979 1.5650577545166016
0.9780129194259644 0.010151147842407227 -0.20829719305038452 -0.4150129556655884 -0.012172985821962357 0.9998903274536133 -0.008426918648183346 -0.028820550069212914 0.20818880200386047 0.01077723316848278 0.9780292510986328 1.7446541786193848
0.9713494777679443 0.010780094191432 -0.23741084337234497 -0.49350130558013916 -0.013262069784104824 0.9998728036880493 -0.008859675377607346 -0.02791038528084755 0.2372850924730301 0.011754399165511131 0.9713689684867859 1.9298412799835205
0.963313639163971 0.012654154561460018 -0.268079549074173 -0.583854615688324 -0.015408850274980068 0.9998477697372437 -0.008174163289368153 -0.03450377285480499 0.2679353356361389 0.012005079537630081 0.9633620977401733 2.1262454986572266
0.9538834691047668 0.014795358292758465 -0.29981210827827454 -0.6742373108863831 -0.017741067335009575 0.9998173713684082 -0.007105313241481781 -0.03774731606245041 0.29965224862098694 0.012096628546714783 0.953971803188324 2.3042092323303223
0.9426378011703491 0.016463294625282288 -0.33341118693351746 -0.7735862135887146 -0.019589416682720184 0.9997900724411011 -0.006016256753355265 -0.03788314387202263 0.33324211835861206 0.012202481739223003 0.9427623152732849 2.4901845455169678
0.9301097989082336 0.018630681559443474 -0.3668087124824524 -0.876351535320282 -0.022139353677630424 0.9997406005859375 -0.005360247101634741 -0.04264404997229576 0.3666136562824249 0.013106528669595718 0.9302809834480286 2.6706371307373047
0.9162387251853943 0.021575814113020897 -0.40005138516426086 -0.997638463973999 -0.025646034628152847 0.999659538269043 -0.004822940099984407 -0.04150335490703583 0.3998110890388489 0.014678698033094406 0.9164800047874451 2.852818250656128
0.9002081751823425 0.022371580824255943 -0.4348847568035126 -1.1134498119354248 -0.026794446632266045 0.9996327757835388 -0.0040406398475170135 -0.04452449083328247 0.43463465571403503 0.01528991386294365 0.9004770517349243 3.025164842605591
0.8817877173423767 0.01803901419043541 -0.4713013768196106 -1.2359157800674438 -0.022862115874886513 0.9997285008430481 -0.004509671125560999 -0.046483371406793594 0.47109201550483704 0.01475152000784874 0.8819607496261597 3.202275037765503
0.8605288863182068 0.013788488693535328 -0.5092149972915649 -1.372872233390808 -0.01864941045641899 0.9998161792755127 -0.004442919511348009 -0.05385269969701767 0.5090601444244385 0.01331981923431158 0.8606278896331787 3.3805739879608154
0.8355145454406738 0.015356598421931267 -0.5492537617683411 -1.5354083776474 -0.019228294491767883 0.9998142719268799 -0.0012958876322954893 -0.05664444342255592 0.5491318702697754 0.011643946170806885 0.835654616355896 3.5624234676361084
0.8063852787017822 0.020968588069081306 -0.5910186171531677 -1.712636113166809 -0.02394295297563076 0.99970942735672 0.002800673944875598 -0.06262513250112534 0.5909056067466736 0.011892308481037617 0.8066529631614685 3.7253124713897705
0.7738837599754333 0.02408464439213276 -0.6328694820404053 -1.9153393507003784 -0.027272529900074005 0.9996169805526733 0.004692364949733019 -0.0652473047375679 0.6327401399612427 0.013628605753183365 0.7742442488670349 3.900254249572754
0.7379229068756104 0.02321735769510269 -0.6744856238365173 -2.124176263809204 -0.02636285126209259 0.9996369481086731 0.005567471031099558 -0.06744097173213959 0.6743699312210083 0.013672997243702412 0.7382669448852539 4.065673351287842
0.697915256023407 0.018854811787605286 -0.7159320116043091 -2.3408191204071045 -0.020230961963534355 0.9997735023498535 0.006608231458812952 -0.06531385332345963 0.7158944606781006 0.009872006252408028 0.6981386542320251 4.232950687408447
0.6549878716468811 0.015095369890332222 -0.7554885745048523 -2.5794384479522705 -0.014949068427085876 0.9998635649681091 0.0070177833549678326 -0.06235342100262642 0.7554915547370911 0.006697285920381546 0.6551241278648376 4.3968987464904785
0.6105490922927856 0.014788039028644562 -0.7918403148651123 -2.841898202896118 -0.012327942065894604 0.9998819231987 0.00916785653680563 -0.06252732872962952 0.7918824553489685 0.004164333920925856 0.6106593608856201 4.5426483154296875
0.562396764755249 0.015314229764044285 -0.8267257213592529 -3.1185977458953857 -0.009895941242575645 0.9998814463615417 0.01178984809666872 -0.059061288833618164 0.8268083333969116 0.0015506558120250702 0.562481701374054 4.678194046020508
0.5111474990844727 0.015863919630646706 -0.8593465685844421 -3.416898250579834 -0.008090429939329624 0.9998741149902344 0.013645858503878117 -0.05384184792637825 0.8594550490379333 -2.2561565856449306e-05 0.5112114548683167 4.806314468383789
0.45873504877090454 0.017213717103004456 -0.8884062767028809 -3.7193443775177 -0.007528398185968399 0.9998517036437988 0.015485735610127449 -0.046388719230890274 0.8885412216186523 -0.00041557292570360005 0.4587966501712799 4.905134677886963
0.40405237674713135 0.019399601966142654 -0.9145300984382629 -4.0511064529418945 -0.006160274147987366 0.9998100996017456 0.01848692074418068 -0.043550003319978714 0.9147151112556458 -0.0018359272507950664 0.40409520268440247 5.001327991485596
0.34854763746261597 0.021207978948950768 -0.9370510578155518 -4.404811859130859 -0.0058769360184669495 0.9997736811637878 0.020441563799977303 -0.03551187738776207 0.9372727274894714 -0.0016178691294044256 0.34859341382980347 5.083531856536865
0.293047159910202 0.02430080436170101 -0.9557891488075256 -4.786958694458008 -0.00312609551474452 0.9996959567070007 0.024458661675453186 -0.029412798583507538 0.956092894077301 -0.004179652780294418 0.29303401708602905 5.162642955780029
0.2395767867565155 0.02624990977346897 -0.9705224633216858 -5.128317832946777 0.0012526899809017777 0.9996251463890076 0.027346285060048103 -0.033124376088380814 0.9708766341209412 -0.007767298724502325 0.23945412039756775 5.216054439544678
0.18866564333438873 0.02664831280708313 -0.9816797375679016 -5.514960289001465 0.0035642655566334724 0.9996064901351929 0.027819950133562088 -0.027663903310894966 0.9820349216461182 -0.008747635409235954 0.1884964108467102 5.250211238861084
0.14104852080345154 0.027762511745095253 -0.9896133542060852 -5.930752754211426 0.0009837213438004255 0.9996022582054138 0.028182949870824814 -0.020335741341114044 0.9900022149085999 -0.004948665853589773 0.14096508920192719 5.270914077758789
0.09873446077108383 0.02805251069366932 -0.9947183132171631 -6.354727745056152 -0.0007144228438846767 0.9996041655540466 0.028119390830397606 -0.008947976864874363 0.9951135516166687 -0.0020657030399888754 0.0987154170870781 5.269502639770508
0.06087827682495117 0.026664163917303085 -0.9977889657020569 -6.799267768859863 -0.0018831301713362336 0.99964439868927 0.026598850265145302 -0.0025066849775612354 0.9981434345245361 0.00025967517285607755 0.060906827449798584 5.25917911529541
0.02629687637090683 0.023835131898522377 -0.9993699789047241 -7.265900135040283 -4.287798219593242e-05 0.9997157454490662 0.023842250928282738 0.0042209322564303875 0.9996541738510132 -0.0005841255187988281 0.026290426030755043 5.258939266204834
-0.004656418692320585 0.021161573007702827 -0.999765157699585 -7.741904258728027 0.00036198701127432287 0.9997760653495789 0.02116011641919613 0.008752907626330853 0.9999890923500061 -0.0002633715921547264 -0.004663038067519665 5.2266082763671875
-0.0315728634595871 0.019326958805322647 -0.999314546585083 -8.232064247131348 -0.0001820252073230222 0.99981290102005 0.019342346116900444 0.01574018783867359 0.9995015263557434 0.0007925936370156705 -0.03156343847513199 5.190561294555664
-0.05205212160944939 0.016878006979823112 -0.9985016584396362 -8.74120044708252 -0.0011328872060403228 0.9998555183410645 0.01695994660258293 0.027056805789470673 0.9986437559127808 0.002013991354033351 -0.05202547833323479 5.1415324211120605
-0.0687561184167862 0.015952004119753838 -0.9975059628486633 -9.258071899414062 -0.00019028120732400566 0.9998719096183777 0.01600295677781105 0.03896648809313774 0.9976334571838379 0.0012901078443974257 -0.06874427944421768 5.1010518074035645
-0.0816807821393013 0.016232088208198547 -0.9965263605117798 -9.795811653137207 5.009739470551722e-05 0.9998673796653748 0.016282403841614723 0.04786284640431404 0.9966585040092468 0.0012800360564142466 -0.08167077600955963 5.045612335205078
-0.09134253859519958 0.017757099121809006 -0.995661199092865 -10.352059364318848 0.00019504896772559732 0.9998412728309631 0.017813753336668015 0.05064643546938896 0.9958195090293884 0.0014329509576782584 -0.09133150428533554 4.985692501068115
-0.0982084795832634 0.01880529336631298 -0.9949880838394165 -10.926091194152832 -0.0019191923784092069 0.9998160004615784 0.019085969775915146 0.05028977617621422 0.9951639771461487 0.0037839775905013084 -0.09815432876348495 4.920758247375488
-0.10261733829975128 0.01982300728559494 -0.994523286819458 -11.517784118652344 -0.0017578845145180821 0.9997962713241577 0.02010948769748211 0.05693669244647026 0.994719386100769 0.0038118395023047924 -0.1025615930557251 4.850961208343506
-0.10404990613460541 0.02054816670715809 -0.9943597912788391 -12.125253677368164 0.0004173233173787594 0.9997873902320862 0.02061665616929531 0.0687231719493866 0.9945720434188843 0.0017301917541772127 -0.1040363609790802 4.7854905128479
-0.1031612977385521 0.022752709686756134 -0.9944043755531311 -12.742745399475098 0.002430497668683529 0.9997410774230957 0.022622674703598022 0.07388666272163391 0.9946616888046265 -8.311329293064773e-05 -0.1031898781657219 4.727893352508545
-0.10161746293306351 0.02524787373840809 -0.9945031404495239 -13.379680633544922 0.001898295944556594 0.9996809959411621 0.0251853596419096 0.08017434179782867 0.9948217272758484 0.0006714108167216182 -0.1016329675912857 4.660796165466309
-0.09981060773134232 0.02534474804997444 -0.9946836829185486 -14.033098220825195 -0.0004062676744069904 0.999674379825592 0.025512682273983955 0.0851922407746315 0.9950063824653625 0.0029505437705665827 -0.09976783394813538 4.587034702301025
-0.09819192439317703 0.022646218538284302 -0.9949098825454712 -14.690291404724121 -0.001747842412441969 0.9997356534004211 0.02292856201529503 0.09694833308458328 0.995166003704071 0.003990345634520054 -0.0981263741850853 4.518354415893555
-0.0970834419131279 0.022468697279691696 -0.9950225949287415 -15.379500389099121 -0.0029420244973152876 0.9997344017028809 0.0228621456772089 0.10674935579299927 0.9952719211578369 0.005146916024386883 -0.09699156135320663 4.448125839233398
-0.09539780020713806 0.025233864784240723 -0.9951193332672119 -16.082674026489258 -0.0023715230636298656 0.9996700882911682 0.025576608255505562 0.12194428592920303 0.995436429977417 0.004799900576472282 -0.09530648589134216 4.379849433898926
-0.0933261513710022 0.028749054297804832 -0.995220422744751 -16.79926872253418 -0.003688323311507702 0.9995661973953247 0.02922046184539795 0.13190056383609772 0.995628833770752 0.006397727411240339 -0.0931796282529831 4.307775974273682
-0.09165412932634354 0.030790939927101135 -0.9953146576881409 -17.53140640258789 -0.003983793314546347 0.999502420425415 0.03128734603524208 0.1401018500328064 0.9957829713821411 0.006832742132246494 -0.09148586541414261 4.236140251159668
-0.08984870463609695 0.03030930832028389 -0.9954941272735596 -18.2597713470459 -0.005859352182596922 0.9995034337043762 0.030960217118263245 0.15286760032176971 0.9959381818771362 0.008614686317741871 -0.0896264910697937 4.1691107749938965
-0.08816844969987869 0.027143627405166626 -0.9957356452941895 -19.02027130126953 -0.008214585483074188 0.9995748400688171 0.027975650504231453 0.17050930857658386 0.9960717558860779 0.010646125301718712 -0.08790798485279083 4.092506408691406
-0.0863598883152008 0.02674924209713936 -0.9959048628807068 -19.794143676757812 -0.009245151653885841 0.9995748996734619 0.027649512514472008 0.1863507181406021 0.9962210655212402 0.011595099233090878 -0.08607587963342667 4.016463279724121
-0.08518250286579132 0.028883280232548714 -0.9959466457366943 -20.56412696838379 -0.0069182137958705425 0.9995384216308594 0.029579157009720802 0.20249320566654205 0.9963412880897522 0.009409797377884388 -0.08494336903095245 3.9553089141845703
-0.08377455919981003 0.03137537091970444 -0.9959906935691833 -21.347238540649414 -0.004181200172752142 0.9994843006134033 0.031837113201618195 0.20709063112735748 0.9964759349822998 0.006831576582044363 -0.08360017836093903 3.886789321899414
-0.08257056027650833 0.032896846532821655 -0.9960421323776245 -22.14799690246582 -0.003748329123482108 0.9994376301765442 0.033319730311632156 0.22516554594039917 0.9965781569480896 0.006484721787273884 -0.08240082114934921 3.8178884983062744
-0.08186712861061096 0.028052471578121185 -0.9962483644485474 -22.95165252685547 -0.0037111793644726276 0.9995882511138916 0.02845148555934429 0.23953461647033691 0.9966363906860352 0.0060264975763857365 -0.08172930777072906 3.7469258308410645
-0.08159883320331573 0.021269798278808594 -0.9964383244514465 -23.756072998046875 -0.0023360305931419134 0.9997653961181641 0.021532122045755386 0.24638736248016357 0.9966625571250916 0.004084705840796232 -0.08152999728918076 3.6800849437713623
-0.08172609657049179 0.01675049215555191 -0.996514081954956 -24.574932098388672 0.0007556222844868898 0.9998595118522644 0.01674475520849228 0.2573825716972351 0.9966545104980469 0.0006154948496259749 -0.08172726631164551 3.612736701965332
-0.08207478374242783 0.017727183178067207 -0.9964684844017029 -25.39641761779785 0.0017966612940654159 0.9998428225517273 0.01763922907412052 0.263670951128006 0.9966244697570801 -0.00034258037339895964 -0.0820937380194664 3.5414412021636963
-0.08195819705724716 0.02528040111064911 -0.996315062046051 -26.237882614135742 0.001442859647795558 0.9996802806854248 0.02524709701538086 0.2688315510749817 0.9966347217559814 0.0006316635408438742 -0.08196845650672913 3.4622745513916016
-0.0827949047088623 0.032501738518476486 -0.9960364103317261 -27.08023452758789 0.00020101730478927493 0.9994685649871826 0.03259702026844025 0.28063473105430603 0.9965665340423584 0.0024986464995890856 -0.08275743573904037 3.397240161895752
-0.08296913653612137 0.03776032477617264 -0.9958364367485046 -27.911828994750977 -0.0020854484755545855 0.9992731213569641 0.0380643866956234 0.29196059703826904 0.9965499043464661 0.005234934855252504 -0.08283007144927979 3.318018674850464
-0.08314594626426697 0.038023438304662704 -0.9958117008209229 -28.76524543762207 -0.0038360892795026302 0.999252200126648 0.03847510740160942 0.30387818813323975 0.9965299963951111 0.007019072771072388 -0.08293791115283966 3.2324492931365967
-0.08343682438135147 0.034142471849918365 -0.9959279894828796 -29.602718353271484 -0.004000254441052675 0.9993933439254761 0.03459640219807625 0.32284143567085266 0.996505081653595 0.006870579440146685 -0.08324962854385376 3.1567816734313965
-0.08388923108577728 0.031376928091049194 -0.9959809184074402 -30.438657760620117 -0.0038731687236577272 0.9994863271713257 0.031813591718673706 0.34124669432640076 0.9964675903320312 0.00652642035856843 -0.08372461795806885 3.0826430320739746
-0.08397506177425385 0.03265530616044998 -0.9959326386451721 -31.27506446838379 -0.005281548015773296 0.999434232711792 0.03321544826030731 0.3562522530555725 0.9964538812637329 0.008049335330724716 -0.08375507593154907 3.0030617713928223
-0.0837249681353569 0.03538072109222412 -0.9958605766296387 -32.10993194580078 -0.006910151336342096 0.9993249773979187 0.03608475252985954 0.35947948694229126 0.9964649677276611 0.009902744553983212 -0.08342395722866058 2.9275126457214355
-0.08369846642017365 0.03387649729847908 -0.9959150552749634 -32.942626953125 -0.007370540872216225 0.9993736743927002 0.03461357578635216 0.3726814091205597 0.9964638948440552 0.010237537324428558 -0.08339634537696838 2.853870391845703
-0.0834680050611496 0.028530722483992577 -0.9961019158363342 -33.780792236328125 -0.007807610090821981 0.9995406270027161 0.02928345650434494 0.38848865032196045 0.9964799284934998 0.010221406817436218 -0.0832069143652916 2.7741057872772217
-0.0829942375421524 0.02446681447327137 -0.9962497353553772 -34.596187591552734 -0.009572437033057213 0.9996328353881836 0.025347352027893066 0.3958728611469269 0.9965040683746338 0.011640219949185848 -0.08272957056760788 2.7027587890625
-0.08275178074836731 0.025173775851726532 -0.9962522387504578 -35.4345703125 -0.009196863509714603 0.9996190667152405 0.026022769510746002 0.4066106379032135 0.9965277910232544 0.011315825395286083 -0.08248873054981232 2.633732557296753
-0.0817672461271286 0.02779594250023365 -0.9962638020515442 -36.269981384277344 -0.007829846814274788 0.9995622038841248 0.02853059396147728 0.41268566250801086 0.9966207146644592 0.010133461095392704 -0.08151381462812424 2.5531442165374756
-0.08140970021486282 0.032779887318611145 -0.9961415529251099 -37.09746170043945 -0.00805751048028469 0.9994047284126282 0.03354576230049133 0.42024123668670654 0.9966481328010559 0.01075737178325653 -0.08109711855649948 2.4834611415863037
-0.08073986321687698 0.03820236399769783 -0.9960028529167175 -37.94139099121094 -0.006863778457045555 0.9992202520370483 0.03888217359781265 0.4392138123512268 0.9967115521430969 0.009975683875381947 -0.08041469752788544 2.411956787109375
-0.08114518225193024 0.04126482456922531 -0.9958477020263672 -38.77592468261719 -0.0073172240518033504 0.9990909695625305 0.041995447129011154 0.45447996258735657 0.996675431728363 0.01069456897675991 -0.08076948672533035 2.3455140590667725
-0.08047935366630554 0.04104369506239891 -0.9959108233451843 -39.603275299072266 -0.006825289689004421 0.9991057515144348 0.041726917028427124 0.4782675802707672 0.9967328310012817 0.01015553530305624 -0.08012725412845612 2.266840696334839
-0.08047856390476227 0.03676394000649452 -0.9960780739784241 -40.41769790649414 -0.007153236772865057 0.9992725253105164 0.03745978698134422 0.49248796701431274 0.9967306852340698 0.010139893740415573 -0.08015704900026321 2.1984241008758545
-0.07987431436777115 0.03259140998125076 -0.9962719678878784 -41.24577713012695 -0.008068135939538479 0.9994114637374878 0.03334096446633339 0.5083528757095337 0.996772289276123 0.010701143182814121 -0.07956435531377792 2.121793746948242
-0.07981765270233154 0.030222048982977867 -0.9963512420654297 -42.06460189819336 -0.012185717932879925 0.9994359612464905 0.031291812658309937 0.5145624876022339 0.9967349767684937 0.014638894237577915 -0.07940436899662018 2.0460145473480225
-0.08062344789505005 0.02832900732755661 -0.9963419437408447 -42.88076400756836 -0.015885356813669205 0.9994325637817383 0.0297023206949234 0.5288470983505249 0.9966181516647339 0.01822195015847683 -0.08012767136096954 1.9792677164077759
-0.08087736368179321 0.02603493072092533 -0.9963840246200562 -43.70211410522461 -0.013800309970974922 0.9995337724685669 0.027237409725785255 0.5438690185546875 0.9966285824775696 0.015953296795487404 -0.08048035204410553 1.9008733034133911
-0.08213130384683609 0.022491389885544777 -0.9963676333427429 -44.52488327026367 -0.009606674313545227 0.9996809363365173 0.023358069360256195 0.5457745790481567 0.9965751767158508 0.011490206234157085 -0.08188902586698532 1.8364776372909546
-0.08287885040044785 0.021403517574071884 -0.9963297843933105 -45.3515739440918 -0.00526854395866394 0.9997459053993225 0.021915165707468987 0.5524206161499023 0.996545672416687 0.007065509911626577 -0.0827450230717659 1.7669031620025635
-0.08474965393543243 0.02483307383954525 -0.9960927367210388 -46.17527389526367 -0.005102969706058502 0.9996654987335205 0.025356311351060867 0.559076189994812 0.9963891506195068 0.0072319707833230495 -0.08459457755088806 1.6910609006881714
-0.0865355134010315 0.03133150562644005 -0.9957559108734131 -46.9874153137207 -0.0029865752439945936 0.9994926452636719 0.031708624213933945 0.5598328113555908 0.9962443113327026 0.005717821419239044 -0.08639803528785706 1.6188212633132935
-0.08815309405326843 0.03497203066945076 -0.9954927563667297 -47.78611373901367 -0.0009055114933289587 0.9993802905082703 0.03518877923488617 0.5709194540977478 0.9961065053939819 0.004003430251032114 -0.08806680142879486 1.546546459197998
-0.08961747586727142 0.03411496803164482 -0.9953917860984802 -48.59600067138672 -0.0008597907144576311 0.9994102120399475 0.0343300998210907 0.5813643932342529 0.9959759712219238 0.003932405263185501 -0.08953528106212616 1.469300627708435
-0.0905902162194252 0.030193019658327103 -0.9954304099082947 -49.392616271972656 -0.004252590239048004 0.9995195269584656 0.03070405311882496 0.5907028913497925 0.9958792328834534 0.007014644797891378 -0.09041827917098999 1.3864504098892212
-0.09179883450269699 0.026413794606924057 -0.9954271912574768 -50.181087493896484 -0.00921801757067442 0.9995827674865723 0.027374152094125748 0.5994389057159424 0.9957349300384521 0.011688780970871449 -0.09151704609394073 1.299293875694275
-0.09319569170475006 0.02495145983994007 -0.9953351020812988 -50.98518371582031 -0.013177797198295593 0.999567449092865 0.02629142813384533 0.6098397970199585 0.9955605864524841 0.015566572546958923 -0.09282657504081726 1.2134023904800415
-0.09415376931428909 0.026061823591589928 -0.995216429233551 -51.78235626220703 -0.014786292798817158 0.9995104074478149 0.027573147788643837 0.6171204447746277 0.9954478144645691 0.01731167919933796 -0.09372232109308243 1.1299211978912354
-0.09475602954626083 0.027824642136693 -0.9951115846633911 -52.569061279296875 -0.015108969993889332 0.9994540214538574 0.029384760186076164 0.6214122772216797 0.9953858256340027 0.017819495871663094 -0.09428388625383377 1.0457953214645386
-0.09594816714525223 0.027103237807750702 -0.9950172901153564 -53.353912353515625 -0.016823317855596542 0.9994422793388367 0.028846021741628647 0.6300913691520691 0.9952441453933716 0.019507214426994324 -0.09543870389461517 0.9649929404258728
-0.09630704671144485 0.02701481431722641 -0.994985044002533 -54.13361740112305 -0.01759335771203041 0.9994292855262756 0.0288383811712265 0.6381330490112305 0.9951961636543274 0.02028246782720089 -0.09577680379152298 0.881138265132904
-0.09703412652015686 0.028783146291971207 -0.9948647022247314 -54.90911102294922 -0.01597154140472412 0.9994078874588013 0.030472375452518463 0.6475123763084412 0.9951528906822205 0.018846387043595314 -0.09651698172092438 0.8040515184402466
-0.0973278284072876 0.03150440379977226 -0.9947535991668701 -55.67958068847656 -0.015291234478354454 0.9993335604667664 0.033145565539598465 0.6603232026100159 0.9951348900794983 0.01843699999153614 -0.09678123146295547 0.7285847067832947
-0.09751985222101212 0.035863686352968216 -0.9945871829986572 -56.45840072631836 -0.015068785287439823 0.9991827607154846 0.03750690072774887 0.6697144508361816 0.9951195120811462 0.01864488795399666 -0.09689973294734955 0.6448974609375
-0.09802825003862381 0.03811563178896904 -0.994453489780426 -57.2203254699707 -0.015380296856164932 0.9990888833999634 0.03980941325426102 0.6822686791419983 0.9950648546218872 0.019197437912225723 -0.09735269844532013 0.5678797364234924
-0.0987187922000885 0.038060784339904785 -0.9943872094154358 -57.974586486816406 -0.01491270400583744 0.9990994930267334 0.03972162306308746 0.694019079208374 0.9950036406517029 0.018750272691249847 -0.09806229174137115 0.4886300563812256
-0.09899099916219711 0.03621884807944298 -0.9944289326667786 -58.71518325805664 -0.014588587917387486 0.9991771578788757 0.03784402087330818 0.702540397644043 0.9949814081192017 0.01825353316962719 -0.0983811616897583 0.4129847288131714
-0.09924348443746567 0.03249715641140938 -0.9945322871208191 -59.45013427734375 -0.013928884640336037 0.9993232488632202 0.03404366225004196 0.719272255897522 0.994965672492981 0.01723133958876133 -0.09872366487979889 0.33437684178352356
-0.09874913096427917 0.029484199360013008 -0.9946754574775696 -60.1800651550293 -0.014508240856230259 0.9994120597839355 0.031064948067069054 0.7309454083442688 0.9950066208839417 0.017498629167675972 -0.09826330840587616 0.2536718547344208
-0.0977592021226883 0.027259161695837975 -0.994836688041687 -60.88591003417969 -0.014876599423587322 0.9994730353355408 0.0288480743765831 0.739599883556366 0.995098888874054 0.01761995069682598 -0.09730217605829239 0.18416975438594818
-0.09547793120145798 0.026630638167262077 -0.9950752258300781 -61.58033752441406 -0.017735745757818222 0.9994378089904785 0.028449149802327156 0.7421262860298157 0.9952735900878906 0.02036467008292675 -0.09495193511247635 0.11113651096820831
-0.0907781645655632 0.027244171127676964 -0.9954984188079834 -62.2741584777832 -0.01773509755730629 0.9994229674339294 0.028968816623091698 0.7518183588981628 0.9957132339477539 0.020284997299313545 -0.09024260193109512 0.0365419015288353
-0.08523643016815186 0.02941305935382843 -0.9959264397621155 -62.93352127075195 -0.017452459782361984 0.9993667006492615 0.03100833110511303 0.751046895980835 0.9962078928947449 0.020024411380290985 -0.08466912806034088 -0.015485052950680256
-0.07832767814397812 0.03068040870130062 -0.9964554905891418 -63.567474365234375 -0.016308017075061798 0.999353289604187 0.032051537185907364 0.7587007880210876 0.9967942833900452 0.01876073330640793 -0.07777667790651321 -0.056051481515169144
-0.06931215524673462 0.031989794224500656 -0.997081995010376 -64.20521545410156 -0.01765131950378418 0.9992899298667908 0.033287666738033295 0.763812243938446 0.9974388480186462 0.01990705169737339 -0.06869827955961227 -0.10365068167448044
-0.057594023644924164 0.03371481969952583 -0.9977706670761108 -64.83049774169922 -0.019669540226459503 0.9991973042488098 0.03489840775728226 0.7719036936759949 0.9981462955474854 0.02163562923669815 -0.05688464269042015 -0.14194874465465546
-0.042520295828580856 0.03519795462489128 -0.9984754323959351 -65.43480682373047 -0.022734317928552628 0.9990864396095276 0.036187637597322464 0.7802618741989136 0.9988369345664978 0.024238362908363342 -0.04168124496936798 -0.17217274010181427
-0.024320850148797035 0.036213893443346024 -0.999048113822937 -66.0333480834961 -0.023720821365714073 0.9990414381027222 0.0367911122739315 0.7928279638290405 0.9994226694107056 0.024593032896518707 -0.023438509553670883 -0.17947030067443848
-0.0024191876873373985 0.037074971944093704 -0.9993095993995667 -66.59602355957031 -0.024929234758019447 0.9989996552467346 0.037123825401067734 0.8038690090179443 0.9996862411499023 0.025001827627420425 -0.0014925251016393304 -0.16319327056407928
0.023366056382656097 0.037708401679992676 -0.9990155696868896 -67.11212921142578 -0.024581635370850563 0.9990079402923584 0.037133172154426575 0.8053227663040161 0.9994246959686279 0.02368977852165699 0.02426980994641781 -0.14035119116306305
0.05289680138230324 0.036903418600559235 -0.997917890548706 -67.63632202148438 -0.0231736209243536 0.999093234539032 0.035718511790037155 0.816929280757904 0.9983310699462891 0.02123597450554371 0.053704019635915756 -0.09597410261631012
0.08705759793519974 0.03649844601750374 -0.9955344200134277 -68.143798828125 -0.021939292550086975 0.9991565346717834 0.034712690860033035 0.8286560773849487 0.9959616661071777 0.01881931908428669 0.08778491616249084 -0.029100602492690086
0.12441898137331009 0.037016432732343674 -0.9915390014648438 -68.62001037597656 -0.02174387127161026 0.9991656541824341 0.03457271307706833 0.8324833512306213 0.9919914603233337 0.017258400097489357 0.12512004375457764 0.05845356360077858
0.1657785326242447 0.037139080464839935 -0.9854634404182434 -69.06645965576172 -0.021669868379831314 0.9991865754127502 0.0340108722448349 0.8311767578125 0.9859248399734497 0.015716593712568283 0.1664484739303589 0.14812161028385162
0.21103981137275696 0.03818949684500694 -0.9767311215400696 -69.48900604248047 -0.021345701068639755 0.9991782903671265 0.03445505350828171 0.8389555215835571 0.9772443175315857 0.01357762236148119 0.21168158948421478 0.25780922174453735
0.25932660698890686 0.036774665117263794 -0.9650893211364746 -69.9232177734375 -0.017398923635482788 0.9992904663085938 0.033402685075998306 0.8348739147186279 0.9656329154968262 0.008129311725497246 0.25978246331214905 0.4132900834083557
0.309058278799057 0.03168293461203575 -0.9505152106285095 -70.326904296875 -0.009696372784674168 0.9994980096817017 0.030162891373038292 0.8371469974517822 0.9509935975074768 -0.00010553953325143084 0.30921033024787903 0.5908182263374329
0.3605102598667145 0.027182860299944878 -0.9323590993881226 -70.67906951904297 -0.005263972096145153 0.999618649482727 0.027108415961265564 0.8284431099891663 0.9327403903007507 -0.004864949733018875 0.36051586270332336 0.7651785612106323
0.4127289056777954 0.022224752232432365 -0.9105827212333679 -71.06246185302734 -0.00037010834785178304 0.9997063279151917 0.024232249706983566 0.8391172885894775 0.9108538627624512 -0.009664335288107395 0.4126158654689789 0.9829513430595398
0.4638264775276184 0.021317655220627785 -0.8856695890426636 -71.4406967163086 -0.0005974158411845565 0.9997178316116333 0.02374987304210663 0.8536621332168579 0.8859258890151978 -0.010486708022654057 0.4637083113193512 1.2206535339355469
0.5121327638626099 0.02062845416367054 -0.8586586117744446 -71.81134033203125 0.0008314334554597735 0.9996992349624634 0.02451271563768387 0.853175699710846 0.8589058518409729 -0.013267681933939457 0.5119616389274597 1.4771705865859985
0.5569428205490112 0.015959518030285835 -0.8303974270820618 -72.16358947753906 0.008829702623188496 0.9996451139450073 0.025134339928627014 0.8624027371406555 0.8305038809776306 -0.02133055217564106 0.5566043257713318 1.7686221599578857
0.6008129715919495 0.009521864354610443 -0.7993329167366028 -72.48621368408203 0.01912665367126465 0.9994716048240662 0.026282381266355515 0.8610829710960388 0.7991607785224915 -0.031079357489943504 0.6003134250640869 2.073607921600342
0.6432175636291504 0.004312300123274326 -0.7656713128089905 -72.80582427978516 0.020383067429065704 0.9995333552360535 0.02275262586772442 0.8665930032730103 0.7654121518135071 -0.030241623520851135 0.642829418182373 2.3898606300354004
0.6850807666778564 0.0011059042299166322 -0.7284662127494812 -73.07573699951172 0.01650930941104889 0.9997183680534363 0.017043760046362877 0.8502044081687927 0.7282798886299133 -0.023702828213572502 0.6848697066307068 2.674358367919922
0.7257755398750305 -0.006045978982001543 -0.6879050135612488 -73.35880279541016 0.013436881825327873 0.9998951554298401 0.005388557445257902 0.8555217981338501 0.6878002882003784 -0.013154176995158195 0.7257808446884155 3.0149025917053223
0.7649936079978943 -0.008531816303730011 -0.643981397151947 -73.63006591796875 0.008626601658761501 0.9999582767486572 -0.0030003429856151342 0.859636127948761 0.6439801454544067 -0.003260126570239663 0.7650353312492371 3.3819639682769775
0.8020196557044983 -0.009431821294128895 -0.597223162651062 -73.88555145263672 0.006942079868167639 0.9999549388885498 -0.006469464860856533 0.8621841669082642 0.5972573757171631 0.001042664865963161 0.8020490407943726 3.77524995803833
0.8358055949211121 -0.009724420495331287 -0.5489393472671509 -74.1163101196289 0.007053904235363007 0.9999507665634155 -0.006973902229219675 0.8404157161712646 0.548980176448822 0.0019566614646464586 0.8358331322669983 4.195346832275391
0.8665733337402344 -0.007623401470482349 -0.4989914298057556 -74.36557006835938 0.0031266824807971716 0.999946653842926 -0.009846852160990238 0.8402495384216309 0.49903982877731323 0.006972831673920155 0.8665509819984436 4.651042938232422
0.8923932313919067 -0.006445381790399551 -0.4512125849723816 -74.573486328125 0.0027776325587183237 0.9999575614929199 -0.008790463209152222 0.8303147554397583 0.45125001668930054 0.0065912469290196896 0.892373263835907 5.130511283874512
0.9134709239006042 -0.0004403210186865181 -0.40690377354621887 -74.76604461669922 -0.003025002544745803 0.9999644160270691 -0.007873009890317917 0.8199831247329712 0.4068928062915802 0.008422650396823883 0.9134371280670166 5.62416934967041
0.930944561958313 0.004097726661711931 -0.36513763666152954 -74.95269012451172 -0.008090266957879066 0.999923050403595 -0.009405165910720825 0.8123594522476196 0.36507096886634827 0.011709747835993767 0.9309060573577881 6.1386260986328125
0.9443383812904358 0.008960014209151268 -0.3288537263870239 -75.12773895263672 -0.012328601442277431 0.9998906850814819 -0.00815967284142971 0.8039012551307678 0.32874467968940735 0.011759797111153603 0.9443456530570984 6.673455238342285
0.9543476104736328 0.009784319438040257 -0.2985379099845886 -75.29749298095703 -0.012287694029510021 0.9999033212661743 -0.006509583909064531 0.7947631478309631 0.29844534397125244 0.009880749508738518 0.9543755054473877 7.23025369644165
0.9615713953971863 0.009041507728397846 -0.2744060456752777 -75.44488525390625 -0.010892760008573532 0.9999270439147949 -0.0052233487367630005 0.7854351997375488 0.2743387818336487 0.008011662401258945 0.9615997076034546 7.81125020980835
0.9673563838005066 0.00939437747001648 -0.2532455623149872 -75.58838653564453 -0.010488024912774563 0.9999406337738037 -0.0029688156209886074 0.773050844669342 0.25320255756378174 0.005527948960661888 0.9673974514007568 8.4091215133667
0.972023069858551 0.012062172405421734 -0.23457542061805725 -75.73921203613281 -0.012530109845101833 0.999921441078186 -0.0005044590216130018 0.7674698829650879 0.2345508486032486 0.0034296028316020966 0.9720977544784546 9.028999328613281
0.9755533933639526 0.01700732111930847 -0.21910357475280762 -75.884521484375 -0.017275046557188034 0.9998505115509033 0.0006939665181562304 0.7654270529747009 0.21908260881900787 0.003108022967353463 0.9757013320922852 9.660063743591309
0.9783255457878113 0.020272767171263695 -0.20607775449752808 -76.02059936523438 -0.020265059545636177 0.9997922778129578 0.002148381434381008 0.7569191455841064 0.206078439950943 0.002074360614642501 0.9785332083702087 10.308582305908203
0.9810203313827515 0.01947629079222679 -0.19292442500591278 -76.149169921875 -0.01947907917201519 0.9998084306716919 0.0018825544975697994 0.7477284073829651 0.1929241418838501 0.001911165309138596 0.9812118411064148 10.968195915222168
0.983580470085144 0.019348949193954468 -0.17943024635314941 -76.26366424560547 -0.019389266148209572 0.9998108148574829 0.0015292296884581447 0.7406547665596008 0.17942588031291962 0.001974900020286441 0.9837695360183716 11.647902488708496
0.9861963987350464 0.019534781575202942 -0.16442342102527618 -76.37995910644531 -0.019487332552671432 0.9998082518577576 0.001901800511404872 0.7393167614936829 0.16442902386188507 0.0013286250177770853 0.986388087272644 12.343502044677734
0.9883866310119629 0.020969413220882416 -0.15050683915615082 -76.47968292236328 -0.02086828090250492 0.9997797608375549 0.0022514904849231243 0.7345463633537292 0.15052089095115662 0.0009154764120467007 0.9886064529418945 13.046065330505371
0.9902389645576477 0.0212930366396904 -0.13774456083774567 -76.58480072021484 -0.021505601704120636 0.9997687935829163 -5.496491939993575e-05 0.7176108360290527 0.1377115249633789 0.0030167081858962774 0.9904678463935852 13.77422046661377
0.9917105436325073 0.021816575899720192 -0.1266261637210846 -76.69071960449219 -0.022693825885653496 0.9997273683547974 -0.005489245988428593 0.7039344906806946 0.12647190690040588 0.008317376486957073 0.9919352531433105 14.518879890441895
0.9929636716842651 0.020161734893918037 -0.11668989062309265 -76.78030395507812 -0.021668212488293648 0.999697208404541 -0.011655854992568493 0.6944608688354492 0.11641956865787506 0.014102303422987461 0.9930999875068665 15.259504318237305
0.9938867092132568 0.01983500085771084 -0.10860861092805862 -76.86195373535156 -0.02126908116042614 0.9997010827064514 -0.012061488814651966 0.6858654022216797 0.1083369106054306 0.014297759160399437 0.994011402130127 16.013826370239258
0.9945825934410095 0.02161841094493866 -0.10167619585990906 -76.94391632080078 -0.02231181412935257 0.9997348785400391 -0.005687312688678503 0.6690285801887512 0.10152629762887955 0.007925082929432392 0.9948012828826904 16.783203125
0.9949555993080139 0.02655341848731041 -0.0967375636100769 -77.02301788330078 -0.026456670835614204 0.999647319316864 0.0022828562650829554 0.6504310369491577 0.09676407277584076 0.00028801229200325906 0.9953073263168335 17.55550193786621
0.995335042476654 0.02738976664841175 -0.0925089567899704 -77.10651397705078 -0.0269476231187582 0.9996187090873718 0.006025461945682764 0.637694239616394 0.09263872355222702 -0.0035044574178755283 0.9956936240196228 18.332134246826172
0.9956732988357544 0.026456434279680252 -0.08907661586999893 -77.17462921142578 -0.026128387078642845 0.9996468424797058 0.004846987314522266 0.6274710297584534 0.08917339146137238 -0.0024985887575894594 0.9960130453109741 19.100996017456055
0.995943546295166 0.026439184322953224 -0.08600804954767227 -77.24275207519531 -0.026192080229520798 0.9996489882469177 0.004000430461019278 0.6161104440689087 0.08608362078666687 -0.0017314734868705273 0.9962863922119141 19.866744995117188
