1.0 4.449333118827781e-06 -1.0617585758154746e-05 2.4864721126505174e-05 -4.449364496394992e-06 1.0 -2.9429947971948422e-06 2.7379203402233543e-06 1.0617573025228921e-05 2.9430420909193344e-06 1.0 7.347531663981499e-06
0.9999788999557495 0.0004164119018241763 -0.006481965538114309 -0.008214911445975304 -0.0004138705553486943 0.9999998211860657 0.0003933979896828532 -0.0018600703915581107 0.006482128519564867 -0.00039070702041499317 0.9999788999557495 0.09168605506420135
0.9999070763587952 0.0009622757788747549 -0.01359830517321825 -0.016327273100614548 -0.0009599831537343562 0.9999995231628418 0.00017511962505523115 -0.00202849879860878 0.013598467223346233 -0.00016204919666051865 0.9999075531959534 0.18853726983070374
0.9997721910476685 0.0013891548151150346 -0.021299798041582108 -0.025983598083257675 -0.0014015466440469027 0.9999988675117493 -0.0005668631638400257 -0.002022373490035534 0.021298987790942192 0.0005965866730548441 0.9997729659080505 0.2853653132915497
0.9995415210723877 0.0017215845873579383 -0.030230456963181496 -0.04297011345624924 -0.0017821182264015079 0.9999964833259583 -0.001975573832169175 -0.0019549222197383642 0.030226947739720345 0.0020285421051084995 0.9995410442352295 0.3905617892742157
0.9991250038146973 0.001933664665557444 -0.0417795330286026 -0.058799996972084045 -0.0020782924257218838 0.9999920129776001 -0.003418535692617297 -0.005077878478914499 0.04177258536219597 0.003502374514937401 0.9991210103034973 0.5008563995361328
0.998478353023529 0.0017426731064915657 -0.05511724203824997 -0.084064781665802 -0.0019681272096931934 0.999989926815033 -0.004036429803818464 -0.008053767494857311 0.055109649896621704 0.00413876585662365 0.998471736907959 0.6257744431495667
0.9974268674850464 0.0018313770415261388 -0.07166782021522522 -0.1084495335817337 -0.0021542496979236603 0.9999879002571106 -0.004428088665008545 -0.004157050512731075 0.07165884226560593 0.004571085330098867 0.9974187016487122 0.7611935138702393
0.9959042072296143 0.00023007368145044893 -0.09041473269462585 -0.13448917865753174 -0.0006112107075750828 0.9999910593032837 -0.004187765531241894 -0.00889645516872406 0.09041296690702438 0.004225875250995159 0.9958953857421875 0.9169557094573975
0.9939117431640625 -0.0007392423576675355 -0.11017655581235886 -0.1760210245847702 0.0002586425107438117 0.9999904036521912 -0.004376315977424383 -0.01244349591434002 0.11017873138189316 0.004321175627410412 0.9939023852348328 1.075384259223938
0.991219162940979 -0.0009985268115997314 -0.1322253793478012 -0.21424004435539246 0.000382099358830601 0.9999889135360718 -0.004687238018959761 -0.012658467516303062 0.13222858309745789 0.004595555830746889 0.9912086129188538 1.2180700302124023
0.9877055883407593 0.0026249599177390337 -0.15630313754081726 -0.2688082158565521 -0.0036375545896589756 0.9999741315841675 -0.006192714441567659 -0.016118798404932022 0.15628285706043243 0.00668514147400856 0.987689733505249 1.3848929405212402
0.9833190441131592 0.007044154219329357 -0.18175247311592102 -0.3353935778141022 -0.008567418903112411 0.9999343752861023 -0.0075972313061356544 -0.02274714782834053 0.18168701231479645 0.009027650579810143 0.9833149909973145 1.5596938133239746
0.9779353141784668 0.009979937225580215 -0.20866957306861877 -0.40882083773612976 -0.012054523453116417 0.9998897910118103 -0.008672596886754036 -0.025833960622549057 0.20855998992919922 0.010996650904417038 0.9779478311538696 1.741361379623413
0.9712349772453308 0.010631549172103405 -0.23788559436798096 -0.4870583713054657 -0.013148688711225986 0.9998730421066284 -0.008997044526040554 -0.027126820757985115 0.23775972425937653 0.011866128072142601 0.9712514877319336 1.927391529083252
0.9631779789924622 0.012492716312408447 -0.26857441663742065 -0.5770742893218994 -0.0153132863342762 0.9998472929000854 -0.008409623056650162 -0.031449176371097565 0.26842835545539856 0.012212719768285751 0.9632222652435303 2.1247808933258057
0.9537005424499512 0.01438191905617714 -0.3004137873649597 -0.6603832244873047 -0.017338529229164124 0.9998239278793335 -0.007178018800914288 -0.037209607660770416 0.3002576231956482 0.012054411694407463 0.9537819027900696 2.2931084632873535
0.9424359798431396 0.016238832846283913 -0.3339923918247223 -0.7617385387420654 -0.019406793639063835 0.999792754650116 -0.00615041283890605 -0.03702063113451004 0.3338233232498169 0.012278091162443161 0.9425557255744934 2.483248472213745
0.9298712015151978 0.018417537212371826 -0.3674238920211792 -0.863858163356781 -0.02194291725754738 0.9997445940971375 -0.005419507157057524 -0.042864542454481125 0.36723020672798157 0.013101795688271523 0.9300378561019897 2.6609957218170166
0.9159858226776123 0.021220922470092773 -0.40064895153045654 -0.9828515648841858 -0.025289475917816162 0.999668300151825 -0.004869410768151283 -0.04257398843765259 0.40041273832321167 0.01459251157939434 0.9162187576293945 2.840559720993042
0.8999136686325073 0.021790947765111923 -0.43552327156066895 -1.0991673469543457 -0.026263967156410217 0.999646008014679 -0.004252522252500057 -0.04319719225168228 0.43527644872665405 0.015265473164618015 0.9001674056053162 3.014206647872925
0.8815010786056519 0.01777775026857853 -0.471847265958786 -1.2218666076660156 -0.022636475041508675 0.9997330904006958 -0.00462241331115365 -0.046893246471881866 0.4716391861438751 0.01475562434643507 0.8816681504249573 3.18815541267395
0.8603377938270569 0.01369533035904169 -0.5095400810241699 -1.3578449487686157 -0.01871696673333645 0.9998135566711426 -0.004730024375021458 -0.05289071053266525 0.5093803405761719 0.013606463558971882 0.86043381690979 3.360767364501953
0.8352875709533691 0.015290137380361557 -0.5496008992195129 -1.5198047161102295 -0.01938706822693348 0.9998106360435486 -0.001649430487304926 -0.05495348200201988 0.5494716167449951 0.012032894417643547 0.8354257345199585 3.541743755340576
0.8060457110404968 0.02083606831729412 -0.591486394405365 -1.6970796585083008 -0.02397656999528408 0.9997093081474304 0.002542405854910612 -0.062163516879081726 0.5913674235343933 0.012132520787417889 0.8063108921051025 3.708950996398926
0.7734819650650024 0.024035844951868057 -0.6333624124526978 -1.8994808197021484 -0.027440551668405533 0.9996136426925659 0.00442366860806942 -0.06428983062505722 0.6332240104675293 0.01395818404853344 0.7738426923751831 3.883127450942993
0.7376813888549805 0.02311629429459572 -0.6747531294822693 -2.1097354888916016 -0.026463842019438744 0.999635636806488 0.005314516834914684 -0.06743551790714264 0.6746301651000977 0.013936145231127739 0.7380243539810181 4.045369625091553
0.6975464820861816 0.018631093204021454 -0.7162972688674927 -2.325681686401367 -0.02031051740050316 0.9997742772102356 0.006225575692951679 -0.06434693932533264 0.7162516713142395 0.010205736383795738 0.697767436504364 4.214407444000244
0.6547092795372009 0.015021384693682194 -0.7557315230369568 -2.565237045288086 -0.014935225248336792 0.999864399433136 0.006935158744454384 -0.0640513226389885 0.7557332515716553 0.006746506784111261 0.6548448801040649 4.377167701721191
0.6109659075737 0.014698931947350502 -0.7915204763412476 -2.827699661254883 -0.012359250336885452 0.9998828172683716 0.009028355590999126 -0.06449047476053238 0.7915604710578918 0.004266582429409027 0.6110759973526001 4.510548114776611
0.5626024007797241 0.015254771336913109 -0.826586902141571 -3.10516095161438 -0.009839126840233803 0.9998825192451477 0.011756130494177341 -0.06159627437591553 0.8266690969467163 0.0015188660472631454 0.5626863241195679 4.649467945098877
0.5115642547607422 0.01578696258366108 -0.8590999841690063 -3.4023098945617676 -0.008068282157182693 0.9998754262924194 0.013569491915404797 -0.0561455562710762 0.8592070937156677 -1.0207295417785645e-05 0.5116279721260071 4.775195121765137
0.4592830240726471 0.017004230991005898 -0.8881271481513977 -3.703023910522461 -0.007571776397526264 0.9998553991317749 0.01522775273770094 -0.047628745436668396 0.8882576823234558 -0.00026914841146208346 0.45934540033340454 4.871681213378906
0.4045940637588501 0.01917467638850212 -0.9142954349517822 -4.036833763122559 -0.0061168665997684 0.999814510345459 0.01826135627925396 -0.04567600041627884 0.9144759774208069 -0.0017958141397684813 0.40463632345199585 4.9697771072387695
0.3491758406162262 0.021017272025346756 -0.9368215799331665 -4.389510154724121 -0.006050501950085163 0.9997782111167908 0.020174512639641762 -0.03692525625228882 0.9370377063751221 -0.0013762125745415688 0.34922558069229126 5.052549362182617
0.293701171875 0.02421354502439499 -0.9555906057357788 -4.759821891784668 -0.0032147846650332212 0.9996985793113708 0.024343125522136688 -0.03379830718040466 0.9558918476104736 -0.004077585879713297 0.2936905026435852 5.127633571624756
0.2399844378232956 0.02596520446240902 -0.9704293608665466 -5.120622634887695 0.0018948438810184598 0.9996278285980225 0.02721503935754299 -0.034519582986831665 0.9707748889923096 -0.008369998075067997 0.23984591662883759 5.186535835266113
0.18912528455257416 0.0263652503490448 -0.9815989136695862 -5.51009464263916 0.004097042139619589 0.9996095895767212 0.02763839066028595 -0.029094383120536804 0.9819444417953491 -0.009248770773410797 0.18894341588020325 5.220669269561768
0.14146849513053894 0.027418244630098343 -0.9895628690719604 -5.919081687927246 0.0013234599027782679 0.9996102452278137 0.027885831892490387 -0.021893471479415894 0.9899419546127319 -0.005254614166915417 0.14137707650661469 5.2410359382629395
0.09925317764282227 0.0277412049472332 -0.9946754574775696 -6.34523868560791 -0.0006252529565244913 0.9996128678321838 0.027816519141197205 -0.010536670684814453 0.9950620532035828 -0.0021389550529420376 0.09923212230205536 5.238880634307861
0.06130276620388031 0.026322806254029274 -0.9977720975875854 -6.792572021484375 -0.0014687501825392246 0.9996535778045654 0.026282204315066338 -0.00369417667388916 0.9981181621551514 -0.00014569656923413277 0.06132018566131592 5.23009729385376
0.026864051818847656 0.023557089269161224 -0.999361515045166 -7.257554054260254 0.00022375289699994028 0.9997221231460571 0.02357160858809948 0.0026193559169769287 0.999639093875885 -0.0008568388293497264 0.026851318776607513 5.22796630859375
-0.0042508989572525024 0.020969705656170845 -0.9997710585594177 -7.733053207397461 0.0006669835420325398 0.999779999256134 0.02096705324947834 0.006189599633216858 0.9999907612800598 -0.0005777020705863833 -0.004263950511813164 5.197798252105713
-0.031073840335011482 0.019054673612117767 -0.999335527420044 -8.226198196411133 0.00016039260663092136 0.9998183846473694 0.019058894366025925 0.013811230659484863 0.9995171427726746 0.00043194711906835437 -0.031071249395608902 5.160272121429443
-0.0514916330575943 0.01659572124481201 -0.9985355734825134 -8.731340408325195 -0.000821748049929738 0.9998608827590942 0.01666012406349182 0.024820171296596527 0.998673141002655 0.0016784011386334896 -0.05147082731127739 5.112044334411621
-0.06816459447145462 0.015710685402154922 -0.9975504875183105 -9.246725082397461 -0.00010842080519068986 0.9998759031295776 0.01575472205877304 0.03528402000665665 0.9976740479469299 0.0011820694198831916 -0.06815443187952042 5.071821212768555
-0.08118860423564911 0.0160684697329998 -0.9965692758560181 -9.784287452697754 0.00022370810620486736 0.9998703002929688 0.0161034744232893 0.04389061778783798 0.9966987371444702 0.0010844777571037412 -0.08118165284395218 5.0171661376953125
-0.09071199595928192 0.01753135770559311 -0.9957228899002075 -10.340075492858887 0.00032657620613463223 0.9998455047607422 0.017574194818735123 0.04648354649543762 0.9958771467208862 0.0012690108269453049 -0.09070371091365814 4.957340240478516
-0.09760448336601257 0.018727919086813927 -0.9950490593910217 -10.912751197814941 -0.0015129913808777928 0.9998189806938171 0.018966106697916985 0.045661747455596924 0.9952240586280823 0.0033566777128726244 -0.09755846858024597 4.893356800079346
-0.1020616888999939 0.019754203036427498 -0.994581937789917 -11.504377365112305 -0.001278352807275951 0.9997994303703308 0.019989013671875 0.05226430296897888 0.9947772026062012 0.0033115395344793797 -0.10201596468687057 4.825916290283203
-0.1033884733915329 0.020486686378717422 -0.9944300651550293 -12.111659049987793 0.0007553152972832322 0.999789297580719 0.02051856368780136 0.06335760653018951 0.9946408271789551 0.0013702746946364641 -0.10338214784860611 4.758725166320801
-0.10264749825000763 0.022604383528232574 -0.9944608807563782 -12.727102279663086 0.0025984817184507847 0.9997444748878479 0.02245626226067543 0.07117833197116852 0.9947144389152527 -0.0002790096332319081 -0.10267999768257141 4.700793743133545
-0.1009654849767685 0.024944471195340157 -0.994577169418335 -13.386162757873535 0.0017798208864405751 0.9996885657310486 0.024891983717679977 0.07969306409358978 0.9948883652687073 0.0007430622936226428 -0.10097843408584595 4.629270553588867
-0.09936117380857468 0.024957386776804924 -0.9947383999824524 -14.040475845336914 -0.00047938874922692776 0.9996840953826904 0.02512935921549797 0.08626759052276611 0.9950512647628784 0.0029737488366663456 -0.09931782633066177 4.559614658355713
-0.09766028076410294 0.022508414462208748 -0.9949653148651123 -14.705142974853516 -0.001746467431075871 0.9997387528419495 0.022787829861044884 0.09750720858573914 0.9952182769775391 0.0039631398394703865 -0.0975954607129097 4.4904584884643555
-0.09625590592622757 0.022248992696404457 -0.995107889175415 -15.384183883666992 -0.0025281752459704876 0.9997414350509644 0.022597139701247215 0.10833790898323059 0.9953534603118896 0.00469091534614563 -0.09617477655410767 4.418893337249756
-0.09456871449947357 0.024950122460722923 -0.9952056407928467 -16.08366584777832 -0.0019544840324670076 0.9996793270111084 0.025247998535633087 0.12197977304458618 0.9955164194107056 0.004332784563302994 -0.09448962658643723 4.351824760437012
-0.0927526131272316 0.02850850485265255 -0.9952810406684875 -16.80580711364746 -0.0030942768789827824 0.9995769262313843 0.028919920325279236 0.13243189454078674 0.9956843852996826 0.005762072745710611 -0.09262517094612122 4.281569004058838
-0.09094138443470001 0.030489802360534668 -0.995389461517334 -17.53399658203125 -0.0030549135990440845 0.9995179772377014 0.030895370990037918 0.1446828842163086 0.9958515763282776 0.005850496236234903 -0.09080441296100616 4.210336208343506
-0.08933807909488678 0.02963799424469471 -0.9955602288246155 -18.273454666137695 -0.0049734460189938545 0.9995314478874207 0.030202513560652733 0.1616629958152771 0.9959889650344849 0.007649600505828857 -0.08914881199598312 4.13698673248291
-0.08735863119363785 0.026874683797359467 -0.9958142638206482 -19.027183532714844 -0.007345555815845728 0.9995914697647095 0.027621014043688774 0.16999715566635132 0.9961498379707336 0.00972774438560009 -0.08712552487850189 4.061700820922852
-0.08570677042007446 0.026296069845557213 -0.9959732890129089 -19.80231285095215 -0.008314396254718304 0.99959796667099 0.027107249945402145 0.18573084473609924 0.9962856769561768 0.01060419250279665 -0.08545368164777756 3.986973285675049
-0.08425538241863251 0.028463587164878845 -0.9960375428199768 -20.583498001098633 -0.005895655602216721 0.9995601773262024 0.029062969610095024 0.20306378602981567 0.9964267611503601 0.008321004919707775 -0.0840504989027977 3.9184842109680176
-0.08337031304836273 0.030881809070706367 -0.9960400462150574 -21.382532119750977 -0.003631309838965535 0.9995036125183105 0.031293146312236786 0.212320476770401 0.9965120553970337 0.006225849036127329 -0.08321679383516312 3.856398344039917
-0.08144986629486084 0.03244810923933983 -0.9961490631103516 -22.18170166015625 -0.003211965085938573 0.9994561076164246 0.03281845897436142 0.22921964526176453 0.9966721534729004 0.005872655659914017 -0.08130136132240295 3.771273612976074
-0.08106585592031479 0.027793196961283684 -0.9963211417198181 -22.967866897583008 -0.0031571940053254366 0.9995989799499512 0.02814152091741562 0.23687976598739624 0.9967037439346313 0.00542689673602581 -0.08094559609889984 3.718628406524658
-0.08063618093729019 0.021068066358566284 -0.9965207576751709 -23.775867462158203 -0.0018631484126672149 0.9997716546058655 0.021287553012371063 0.2447255253791809 0.9967418909072876 0.0035732139367610216 -0.08057849854230881 3.6496715545654297
-0.08109302073717117 0.016472406685352325 -0.9965704083442688 -24.596975326538086 0.0016069133998826146 0.9998643398284912 0.016396095976233482 0.25652486085891724 0.9967052936553955 -0.0002717922325246036 -0.08110850304365158 3.5880024433135986
-0.08164326846599579 0.017007067799568176 -0.9965164661407471 -25.42910385131836 0.00270069669932127 0.999854564666748 0.01684276945888996 0.26826930046081543 0.9966579675674438 -0.0013161895330995321 -0.08167732506990433 3.518914222717285
-0.08165794610977173 0.024526651948690414 -0.9963585138320923 -26.279239654541016 0.0016102339141070843 0.9996991157531738 0.024476919323205948 0.2725383937358856 0.9966591596603394 0.0003943647025153041 -0.08167287707328796 3.4400651454925537
-0.08201660215854645 0.031641893088817596 -0.9961285591125488 -27.117521286010742 0.0001608978636795655 0.9994962811470032 0.0317356213927269 0.28267520666122437 0.9966309666633606 0.0024425729643553495 -0.0819803848862648 3.3732690811157227
-0.08259712159633636 0.037132322788238525 -0.9958910346031189 -27.963237762451172 -0.0016470028785988688 0.9992991089820862 0.03739599883556366 0.29406607151031494 0.9965816140174866 0.004729037173092365 -0.08247808367013931 3.2992844581604004
-0.08258603513240814 0.037776872515678406 -0.9958677291870117 -28.798925399780273 -0.003545918734744191 0.9992638230323792 0.03819975256919861 0.30135440826416016 0.9965776205062866 0.006686032749712467 -0.08239128440618515 3.2181460857391357
-0.08291754126548767 0.03394214063882828 -0.9959782361984253 -29.63577651977539 -0.003481615334749222 0.9994038343429565 0.0343487411737442 0.3207687735557556 0.9965503215789795 0.006315725855529308 -0.08274993300437927 3.1432785987854004
-0.08302057534456253 0.0310628991574049 -0.9960636496543884 -30.474105834960938 -0.0034223084803670645 0.9994993805885315 0.03145528584718704 0.3404696583747864 0.9965419173240662 0.006020273081958294 -0.08287269622087479 3.0614871978759766
-0.08322983235120773 0.03236333280801773 -0.9960046410560608 -31.30685806274414 -0.00499920267611742 0.9994463920593262 0.032892920076847076 0.3548240065574646 0.9965177774429321 0.007716902066022158 -0.08302196115255356 2.988570213317871
-0.08338940888643265 0.03473656624555588 -0.9959114193916321 -32.148658752441406 -0.00593104213476181 0.999357283115387 0.03535337373614311 0.36517101526260376 0.9964993596076965 0.008854889310896397 -0.08312977850437164 2.917858839035034
-0.0829877182841301 0.03338542953133583 -0.9959911704063416 -32.977516174316406 -0.0071311770007014275 0.9993932247161865 0.034093644469976425 0.37063705921173096 0.9965250492095947 0.009931943379342556 -0.08269926905632019 2.8370890617370605
-0.0827731192111969 0.028168383985757828 -0.9961702823638916 -33.8023796081543 -0.007567358203232288 0.9995538592338562 0.028892837464809418 0.3844333291053772 0.9965397119522095 0.009929925203323364 -0.08252301812171936 2.767087459564209
-0.08240310847759247 0.023885302245616913 -0.9963127374649048 -34.636077880859375 -0.009223337285220623 0.9996516108512878 0.024728186428546906 0.3972181975841522 0.9965563416481018 0.011227008886635303 -0.08215410262346268 2.6866912841796875
-0.08186840265989304 0.02482796460390091 -0.9963338375091553 -35.46354293823242 -0.009074496105313301 0.9996296763420105 0.02565574273467064 0.4006285071372986 0.9966018199920654 0.011141622439026833 -0.08161279559135437 2.6179616451263428
-0.08132514357566833 0.027369003742933273 -0.9963117241859436 -36.29184341430664 -0.007818321697413921 0.999574601650238 0.028096813708543777 0.4071858525276184 0.9966568946838379 0.010074462741613388 -0.08107656240463257 2.5485973358154297
-0.08085266500711441 0.032279569655656815 -0.9962033033370972 -37.139892578125 -0.007501139771193266 0.9994274973869324 0.03299284353852272 0.419048547744751 0.9966978430747986 0.010140220634639263 -0.08056424558162689 2.471623182296753
-0.08012831956148148 0.0375024750828743 -0.9960788488388062 -37.9788818359375 -0.007132218685001135 0.9992449283599854 0.038195423781871796 0.4403892159461975 0.9967590570449829 0.010164786130189896 -0.07980035245418549 2.400742769241333
-0.08024075627326965 0.040874745696783066 -0.9959370493888855 -38.8084716796875 -0.007422993425279856 0.9991066455841064 0.04160288721323013 0.4527026414871216 0.9967477917671204 0.010731080546975136 -0.07986565679311752 2.3279507160186768
-0.08011192083358765 0.04087373986840248 -0.9959474802017212 -39.63871765136719 -0.0067613027058541775 0.9991136193275452 0.041547540575265884 0.47199976444244385 0.9967629313468933 0.010062354616820812 -0.07976455986499786 2.261148452758789
-0.07985836267471313 0.03661304712295532 -0.99613356590271 -40.46149826049805 -0.007384356576949358 0.9992760419845581 0.037320539355278015 0.48843860626220703 0.9967788457870483 0.010336162522435188 -0.07953018695116043 2.1888961791992188
-0.07945811748504639 0.03236912190914154 -0.9963124990463257 -41.29201889038086 -0.008214388974010944 0.9994174838066101 0.03312511742115021 0.5036954283714294 0.9968043565750122 0.010816159658133984 -0.07914592325687408 2.1122207641601562
-0.0793694406747818 0.029972784221172333 -0.9963945746421814 -42.114681243896484 -0.012378724291920662 0.9994410872459412 0.031050480902194977 0.5115923881530762 0.9967684149742126 0.014798551797866821 -0.0789540559053421 2.0351645946502686
-0.07979916781187057 0.02761957421898842 -0.9964281916618347 -42.93407440185547 -0.015341718681156635 0.9994636178016663 0.028932353481650352 0.5312154293060303 0.9966930150985718 0.017595697194337845 -0.079332634806633 1.9642069339752197
-0.08041226118803024 0.02558385767042637 -0.9964333176612854 -43.75213623046875 -0.0131801413372159 0.9995558261871338 0.026727668941020966 0.5409203171730042 0.9966745972633362 0.015282363630831242 -0.08003933727741241 1.8937733173370361
-0.08154553174972534 0.022209126502275467 -0.9964221119880676 -44.58195114135742 -0.010060712695121765 0.9996823668479919 0.023105144500732422 0.5417812466621399 0.9966189861297607 0.011908834800124168 -0.08129618316888809 1.8249497413635254
-0.08237941563129425 0.02075626328587532 -0.996384859085083 -45.3977165222168 -0.005337803158909082 0.9997595548629761 0.021267883479595184 0.5532898902893066 0.996586799621582 0.007070540450513363 -0.08224881440401077 1.7610018253326416
-0.08408048748970032 0.024136345833539963 -0.9961666464805603 -46.21849822998047 -0.00528287049382925 0.9996817708015442 0.024667412042617798 0.5581892728805542 0.9964449405670166 0.007336662150919437 -0.0839262306690216 1.679255485534668
-0.08574995398521423 0.030345166102051735 -0.9958544373512268 -47.03346252441406 -0.0030675935558974743 0.9995232820510864 0.03072110190987587 0.563432514667511 0.9963119626045227 0.005689209792762995 -0.08561598509550095 1.615339994430542
-0.08739875257015228 0.033892370760440826 -0.995596706867218 -47.85643768310547 -0.0011693182168528438 0.9994168877601624 0.03412506356835365 0.5766139030456543 0.9961726665496826 0.004146657418459654 -0.08730817586183548 1.5376434326171875
-0.0890607163310051 0.033165790140628815 -0.9954738020896912 -48.667606353759766 -0.00118613475933671 0.9994412660598755 0.033404089510440826 0.583104133605957 0.9960255026817322 0.004155758302658796 -0.0889715924859047 1.4634013175964355
-0.08991837501525879 0.02908610738813877 -0.9955243468284607 -49.46653366088867 -0.0042429640889167786 0.9995531439781189 0.02958705462515354 0.5934653282165527 0.9959401488304138 0.006884393282234669 -0.08975476771593094 1.3790783882141113
-0.09091167151927948 0.02541302889585495 -0.9955347180366516 -50.25899124145508 -0.009239469654858112 0.9996097087860107 0.026360798627138138 0.6007822155952454 0.9958161115646362 0.011594715528190136 -0.09064138680696487 1.2909083366394043
-0.09254448115825653 0.02438320778310299 -0.9954099655151367 -51.04951095581055 -0.01317402720451355 0.9995826482772827 0.025710225105285645 0.6048110127449036 0.995621383190155 0.015492897480726242 -0.0921846330165863 1.2094640731811523
-0.09349462389945984 0.02538701519370079 -0.9952961206436157 -51.84758758544922 -0.014879843220114708 0.9995275735855103 0.026892706751823425 0.611763596534729 0.9955085515975952 0.017324173822999 -0.09307270497083664 1.1247587203979492
-0.09439603984355927 0.027006983757019043 -0.9951682686805725 -52.63525390625 -0.014851831831037998 0.9994825720787048 0.02853282354772091 0.618052065372467 0.9954238533973694 0.017473459243774414 -0.09394609183073044 1.0440516471862793
-0.09528832137584686 0.026658477261662483 -0.9950926899909973 -53.42304611206055 -0.016912207007408142 0.9994537234306335 0.028394790366292 0.6219209432601929 0.9953060150146484 0.019534900784492493 -0.0947854071855545 0.9613885879516602
-0.09580754488706589 0.026479966938495636 -0.9950475692749023 -54.20410919189453 -0.017509600147604942 0.9994466304779053 0.028282931074500084 0.6296437978744507 0.9952458143234253 0.020132603123784065 -0.09529086202383041 0.8776164054870605
-0.09634774178266525 0.02825675718486309 -0.9949465394020081 -54.98073196411133 -0.015931596979498863 0.9994252324104309 0.029926715418696404 0.6393761038780212 0.9952201843261719 0.018734462559223175 -0.09584218263626099 0.7993979454040527
-0.09660457074642181 0.030962862074375153 -0.9948410987854004 -55.753963470458984 -0.015472326427698135 0.999348521232605 0.032605595886707306 0.6511819362640381 0.9952025413513184 0.018542354926466942 -0.096062570810318 0.7220878601074219
-0.09679010510444641 0.03542987257242203 -0.994674026966095 -56.53654098510742 -0.015285762958228588 0.9991954565048218 0.037078361958265305 0.6584362983703613 0.995187520980835 0.018793167546391487 -0.09617064893245697 0.6393637657165527
-0.09746164828538895 0.03747456520795822 -0.9945334792137146 -57.29685974121094 -0.015480603091418743 0.9991128444671631 0.03916417434811592 0.6722970008850098 0.9951187968254089 0.019212983548641205 -0.09679505974054337 0.5632748603820801
-0.09802131354808807 0.03746338561177254 -0.9944789409637451 -58.049835205078125 -0.015111569315195084 0.9991198778152466 0.03912770375609398 0.6837983131408691 0.9950695633888245 0.018863487988710403 -0.09736891835927963 0.4847989082336426
-0.09830537438392639 0.03569423407316208 -0.9945158958435059 -58.79339599609375 -0.014455338008701801 0.9991999268531799 0.03729121387004852 0.6923327445983887 0.9950513243675232 0.01804199256002903 -0.0977107435464859 0.4084506034851074
-0.0984303206205368 0.03193270042538643 -0.9946314692497253 -59.51701354980469 -0.014044322073459625 0.9993409514427185 0.033473752439022064 0.7069535255432129 0.9950447678565979 0.017263758927583694 -0.09791696816682816 0.3345527648925781
-0.09811897575855255 0.02900952287018299 -0.9947518110275269 -60.25547409057617 -0.01451262179762125 0.9994270205497742 0.030577337369322777 0.7168558835983276 0.9950687885284424 0.017436672002077103 -0.09764174371957779 0.2508668899536133
-0.09697728604078293 0.026652060449123383 -0.9949297308921814 -60.96254348754883 -0.014932660385966301 0.999489963054657 0.02822972647845745 0.7267310619354248 0.9951745271682739 0.017594587057828903 -0.09652983397245407 0.1791367530822754
-0.09463164955377579 0.02595759741961956 -0.9951738715171814 -61.65553665161133 -0.01775924116373062 0.9994568228721619 0.027758046984672546 0.729595422744751 0.9953538775444031 0.020300325006246567 -0.09411926567554474 0.10757875442504883
-0.09002820402383804 0.026687797158956528 -0.9955816268920898 -62.35304641723633 -0.01762521080672741 0.9994416832923889 0.028385082259774208 0.7379298210144043 0.9957832098007202 0.020102795213460922 -0.0895075649023056 0.0327296257019043
-0.08442426472902298 0.028486305847764015 -0.9960227012634277 -63.007633209228516 -0.017682569101452827 0.9993910193443298 0.03008144348859787 0.7396613359451294 0.9962729811668396 0.020151842385530472 -0.08386915177106857 -0.019909381866455078
-0.0775466337800026 0.0302442479878664 -0.9965298771858215 -63.64616775512695 -0.016447149217128754 0.9993650913238525 0.0316101498901844 0.7424613237380981 0.9968529939651489 0.018841344863176346 -0.0769999623298645 -0.06042766571044922
-0.06853002309799194 0.031448788940906525 -0.9971532225608826 -64.28404235839844 -0.01771918684244156 0.9993070363998413 0.032734476029872894 0.7483319044113159 0.9974915981292725 0.01991204172372818 -0.06792530417442322 -0.10687637329101562
-0.05684942752122879 0.0334281250834465 -0.9978229999542236 -64.90739440917969 -0.019733205437660217 0.99920654296875 0.03459874540567398 0.7539025545120239 0.998187780380249 0.02165716513991356 -0.05614466592669487 -0.14440155029296875
-0.041878655552864075 0.03478978946805 -0.9985167980194092 -65.51301574707031 -0.022655673325061798 0.9991035461425781 0.03576043248176575 0.7635921239852905 0.9988657832145691 0.024119671434164047 -0.041052933782339096 -0.17222380638122559
-0.02371283620595932 0.03597032651305199 -0.999071478843689 -66.10861206054688 -0.023862190544605255 0.9990473389625549 0.036535829305648804 0.7734298706054688 0.9994340538978577 0.0247064046561718 -0.02283192053437233 -0.1768181324005127
-0.0017704814672470093 0.03659827262163162 -0.9993284940719604 -66.67327117919922 -0.025070911273360252 0.9990143775939941 0.036631178110837936 0.7872089147567749 0.9996840953826904 0.025118932127952576 -0.0008511766791343689 -0.16119351983070374
0.024273190647363663 0.03706425055861473 -0.9990180730819702 -67.1809310913086 -0.024769233539700508 0.9990280270576477 0.03646280616521835 0.7888504266738892 0.9993984699249268 0.023859839886426926 0.02516765147447586 -0.14301443099975586
0.05369408801198006 0.03628505393862724 -0.9978979825973511 -67.70616149902344 -0.023248840123414993 0.9991141557693481 0.03507831692695618 0.7991297245025635 0.9982867240905762 0.02131647802889347 0.0544901043176651 -0.09644770622253418
0.08797017484903336 0.035971641540527344 -0.995473325252533 -68.21082305908203 -0.022117143496870995 0.9991719126701355 0.03415078669786453 0.8105424642562866 0.9958775639533997 0.019012775272130966 0.08869291841983795 -0.030784130096435547
0.12542413175106049 0.036127686500549316 -0.9914451837539673 -68.68336486816406 -0.021708045154809952 0.9991974234580994 0.03366396948695183 0.8181259632110596 0.9918657541275024 0.017300065606832504 0.12610773742198944 0.05593585968017578
0.16674254834651947 0.03645269200205803 -0.98532634973526 -69.13359832763672 -0.021487263962626457 0.9992133378982544 0.033330246806144714 0.812737226486206 0.9857662916183472 0.015614395961165428 0.16739465296268463 0.14650726318359375
0.2117811143398285 0.037618909031152725 -0.9765928983688354 -69.55187225341797 -0.021411843597888947 0.9991977214813232 0.033846355974674225 0.8192517757415771 0.9770826101303101 0.01374263595789671 0.21241670846939087 0.2589731216430664
0.259919136762619 0.03597576916217804 -0.9649599194526672 -69.97969818115234 -0.017367206513881683 0.9993183612823486 0.0325787290930748 0.8183621168136597 0.9654740691184998 0.008290824480354786 0.2603667378425598 0.4126605987548828
0.3095487356185913 0.03121485933661461 -0.9503710865974426 -70.38150787353516 -0.009599098935723305 0.9995126724243164 0.029702352359890938 0.8159458637237549 0.9508350491523743 -7.161726534832269e-05 0.30969753861427307 0.5914268493652344
0.36126235127449036 0.026353199034929276 -0.9320917129516602 -70.74446105957031 -0.005303924437612295 0.9996424317359924 0.026207368820905685 0.8139939308166504 0.9324491024017334 -0.004523990675806999 0.36127302050590515 0.7664604187011719
0.4135574400424957 0.02160743623971939 -0.9102215766906738 -71.12635040283203 -0.0003454016987234354 0.9997220039367676 0.023575127124786377 0.8208838701248169 0.9104779958724976 -0.009435275569558144 0.4134499430656433 0.9829788208007812
0.46484774351119995 0.02077799290418625 -0.8851467370986938 -71.50979614257812 -0.0005734842270612717 0.9997313618659973 0.023166589438915253 0.8333666920661926 0.8853904604911804 -0.01026131957769394 0.46473485231399536 1.2197227478027344
0.5131482481956482 0.0196602214127779 -0.8580747842788696 -71.87875366210938 0.001044491771608591 0.9997224807739258 0.02353028953075409 0.8371086120605469 0.8582993149757385 -0.012970779091119766 0.512985348701477 1.4758796691894531
0.5577282905578613 0.014794392511248589 -0.8298916816711426 -72.22830200195312 0.00916907750070095 0.9996702671051025 0.023983091115951538 0.8484914302825928 0.829973042011261 -0.02098539099097252 0.5574088096618652 1.7706718444824219
0.6015859842300415 0.008376178331673145 -0.7987640500068665 -72.54995727539062 0.019428759813308716 0.9994957447052002 0.025113828480243683 0.8475878238677979 0.7985717058181763 -0.030627122148871422 0.6011199951171875 2.0734634399414062
0.6452152132987976 0.004534933250397444 -0.7639873623847961 -72.84757232666016 0.019757073372602463 0.9995488524436951 0.022618770599365234 0.8386364579200745 0.7637453675270081 -0.02968813106417656 0.644834578037262 2.356494903564453
0.6863120198249817 -0.00029770005494356155 -0.727307140827179 -73.1488265991211 0.017202632501721382 0.9997267127037048 0.015823787078261375 0.8411622643470764 0.7271037101745605 -0.023371651768684387 0.6861296892166138 2.678913116455078
0.7271647453308105 -0.0070237061008811 -0.6864268183708191 -73.43525695800781 0.013591009192168713 0.9998989105224609 0.004166370257735252 0.8462255597114563 0.6863282918930054 -0.012358869425952435 0.7271868586540222 3.016193389892578
0.7660864591598511 -0.010210258886218071 -0.6426563858985901 -73.70331573486328 0.009421372786164284 0.9999446868896484 -0.004655847325921059 0.8542189002037048 0.6426684856414795 -0.0024879220873117447 0.7661402821540833 3.3843116760253906
0.8030924201011658 -0.009535516612231731 -0.595778226852417 -73.94065856933594 0.006659956648945808 0.9999531507492065 -0.007026959210634232 0.8420255184173584 0.5958172678947449 0.0016754410462453961 0.8031182885169983 3.752960205078125
0.8369037508964539 -0.010919811204075813 -0.5472410321235657 -74.17369079589844 0.007261484861373901 0.9999345541000366 -0.008847896941006184 0.8377283811569214 0.547301709651947 0.0034310549963265657 0.8369282484054565 4.179157257080078
0.8672120571136475 -0.009512228891253471 -0.4978482127189636 -74.39407348632812 0.004541704896837473 0.9999270439147949 -0.011194000020623207 0.8326559066772461 0.4979183077812195 0.0074464911594986916 0.8671918511390686 4.624818801879883
0.8927239775657654 -0.008288520388305187 -0.4505276083946228 -74.5918960571289 0.004180810414254665 0.9999401569366455 -0.010111953131854534 0.8189266920089722 0.450584352016449 0.007143612485378981 0.8927052617073059 5.099740982055664
0.9143026471138 -0.0016527321422472596 -0.4050283133983612 -74.81816101074219 -0.0023017176426947117 0.999954342842102 -0.009276200085878372 0.811600923538208 0.40502506494522095 0.009413515217602253 0.9142571091651917 5.599851608276367
0.931618869304657 0.0025067913811653852 -0.3634280562400818 -75.00125122070312 -0.007034911308437586 0.9999132752418518 -0.011136405169963837 0.8059693574905396 0.36336857080459595 0.01293156947940588 0.9315556883811951 6.115663528442383
0.9450400471687317 0.00770659651607275 -0.3268635869026184 -75.1788330078125 -0.01149692852050066 0.999887228012085 -0.009665596298873425 0.796635627746582 0.3267521858215332 0.012892302125692368 0.9450221061706543 6.657497406005859
0.9549304246902466 0.008041519671678543 -0.2967206537723541 -75.33394622802734 -0.010847963392734528 0.9999107122421265 -0.007812904193997383 0.784217894077301 0.2966312766075134 0.010679595172405243 0.9549323320388794 7.207435607910156
0.9622004628181458 0.007712657563388348 -0.2722333073616028 -75.49299621582031 -0.009826181456446648 0.9999312162399292 -0.006401227321475744 0.7752724885940552 0.2721652388572693 0.008834277279675007 0.9622099995613098 7.784675598144531
0.9679584503173828 0.007979159243404865 -0.25098344683647156 -75.63621520996094 -0.009397401474416256 0.9999459385871887 -0.004452752880752087 0.7686824798583984 0.250934362411499 0.006668673828244209 0.9679811596870422 8.380937576293945
0.9725058078765869 0.01017650868743658 -0.23265574872493744 -75.77788543701172 -0.01088322140276432 0.9999391436576843 -0.001754128374159336 0.759551465511322 0.23262377083301544 0.0042379447259008884 0.9725576639175415 8.997356414794922
0.9760007262229919 0.01528995856642723 -0.21723002195358276 -75.92112731933594 -0.015787934884428978 0.9998751282691956 -0.0005569350905716419 0.7538501024246216 0.21719439327716827 0.0039731827564537525 0.9761203527450562 9.633563041687012
0.978755533695221 0.018870742991566658 -0.20416109263896942 -76.06658935546875 -0.019099406898021698 0.9998172521591187 0.0008505618898198009 0.7453139424324036 0.2041398584842682 0.0030668633989989758 0.9789369106292725 10.284368515014648
0.9814400672912598 0.017477750778198242 -0.19097113609313965 -76.19215393066406 -0.017680857330560684 0.9998434782028198 0.0006404953310266137 0.7373294830322266 0.19095245003700256 0.002747925464063883 0.9815953969955444 10.948646545410156
0.984000563621521 0.017736414447426796 -0.17728020250797272 -76.30989074707031 -0.017960231751203537 0.9998385906219482 0.0003422586596570909 0.7279542684555054 0.17725765705108643 0.002847210504114628 0.984160304069519 11.625925064086914
0.9864943027496338 0.017927687615156174 -0.16281144320964813 -76.41980743408203 -0.018010346218943596 0.999837338924408 0.0009684255346655846 0.7220003008842468 0.1628023236989975 0.001976944040507078 0.9866567850112915 12.327888488769531
0.9887199997901917 0.01947791874408722 -0.14850376546382904 -76.53496551513672 -0.019509000703692436 0.9998089075088501 0.0012474661925807595 0.7159575819969177 0.14849968254566193 0.0016637658700346947 0.9889110326766968 13.050568580627441
0.9905462265014648 0.019663846120238304 -0.1357632577419281 -76.63201141357422 -0.020055482164025307 0.9997977018356323 -0.00151743832975626 0.7046863436698914 0.13570594787597656 0.004225891083478928 0.9907401204109192 13.771539688110352
0.9919379949569702 0.02034175954759121 -0.12508104741573334 -76.71283721923828 -0.021319126710295677 0.9997516870498657 -0.006480136886239052 0.6844935417175293 0.12491817772388458 0.009094513021409512 0.9921253323554993 14.496781349182129
0.9931294918060303 0.018482213839888573 -0.11555132269859314 -76.80078887939453 -0.0200869832187891 0.999717116355896 -0.01273886114358902 0.6749215126037598 0.11528316885232925 0.014972418546676636 0.993219792842865 15.243382453918457
0.9940797090530396 0.018577149137854576 -0.10705338418483734 -76.88561248779297 -0.020056352019309998 0.9997174143791199 -0.012757305055856705 0.660313606262207 0.10678612440824509 0.014828880317509174 0.9941715002059937 16.00479507446289
0.9947664141654968 0.021165866404771805 -0.09995853155851364 -76.98568725585938 -0.021945837885141373 0.9997366666793823 -0.006709665060043335 0.6447960734367371 0.09979020059108734 0.008868223987519741 0.9949689507484436 16.801679611206055
0.9951425790786743 0.025845805183053017 -0.09499134868383408 -77.0652847290039 -0.02585301175713539 0.9996650815010071 0.0011550174094736576 0.6296400427818298 0.09498938173055649 0.0013064052909612656 0.9954774379730225 17.57419204711914
0.9955692887306213 0.026630938053131104 -0.09018073230981827 -77.14857482910156 -0.026306621730327606 0.9996424317359924 0.004783197306096554 0.6177843809127808 0.09027588367462158 -0.002389654517173767 0.9959139823913574 18.34129524230957
0.9958848357200623 0.025319887325167656 -0.08701924979686737 -77.20941162109375 -0.02506737783551216 0.9996777176856995 0.003993482328951359 0.6014580130577087 0.087092325091362 -0.001795702613890171 0.9961985945701599 19.102153778076172
0.9961777329444885 0.02425004355609417 -0.08391521871089935 -77.29293060302734 -0.024090947583317757 0.9997054934501648 0.0029081501998007298 0.6000805497169495 0.08396102488040924 -0.0008754376322031021 0.9964686036109924 19.889781951904297
