1.0 0.0 0.0 0.0 0.0 1.0 0.0 0.0 0.0 0.0 1.0 0.0
0.9999955892562866 0.002971288748085499 0.00014120071136858314 -0.0056632147170603275 -0.002971476409584284 0.999994695186615 0.0013484571827575564 -0.012446379289031029 -0.00013719330308958888 -0.0013488708063960075 0.9999991059303284 0.7727950215339661
0.9999849200248718 0.005444494541734457 0.0006014467217028141 -0.013147925026714802 -0.005445642396807671 0.9999833106994629 0.0019225137075409293 -0.030076276510953903 -0.0005909695173613727 -0.0019257597159594297 0.9999979734420776 1.5388880968093872
0.9999769926071167 0.006684040185064077 0.00110219931229949 -0.020715657621622086 -0.006685990374535322 0.9999760985374451 0.001775683369487524 -0.048066336661577225 -0.001090303878299892 -0.0017830117139965296 0.9999977946281433 2.2751379013061523
0.9999625086784363 0.008613266050815582 0.0009561475017108023 -0.023826133459806442 -0.00861465372145176 0.9999618530273438 0.001456046593375504 -0.06140120327472687 -0.0009435700485482812 -0.001464228960685432 0.9999984502792358 3.0025267601013184
0.9999589323997498 0.008908497169613838 0.0016651118639856577 -0.03322957083582878 -0.008910511620342731 0.9999595284461975 0.001206136541441083 -0.07481023669242859 -0.0016542996745556593 -0.0012209241976961493 0.9999979138374329 3.7174432277679443
0.9999582767486572 0.008956142701208591 0.0018013851949945092 -0.032257478684186935 -0.00895998626947403 0.9999576210975647 0.002138036536052823 -0.0882963091135025 -0.0017821603687480092 -0.002154087880626321 0.9999961256980896 4.4063215255737305
0.9999465346336365 0.009952547028660774 0.002801761496812105 -0.044570714235305786 -0.009966658428311348 0.9999374747276306 0.005068267695605755 -0.1029084175825119 -0.002751144114881754 -0.005095921456813812 0.9999833106994629 5.086966037750244
0.99994295835495 0.009829641319811344 0.004180707968771458 -0.039291106164455414 -0.009865942411124706 0.9999129772186279 0.008752625435590744 -0.10626868158578873 -0.004094308707863092 -0.00879337266087532 0.9999529123306274 5.751474857330322
0.9999434351921082 0.009146529249846935 0.005430398974567652 -0.03693960979580879 -0.009212426841259003 0.9998827576637268 0.012236502952873707 -0.11630804091691971 -0.005317840725183487 -0.012285837903618813 0.9999104142189026 6.3799967765808105
0.9999428391456604 0.008378224447369576 0.006641307845711708 -0.03829720616340637 -0.008473778143525124 0.9998590350151062 0.014492678456008434 -0.12479832023382187 -0.006518949754536152 -0.014548128470778465 0.9998729228973389 6.985872745513916
0.9999313950538635 0.00909549742937088 0.007382929790765047 -0.023374993354082108 -0.009202169254422188 0.9998518228530884 0.01454527210444212 -0.13581043481826782 -0.007249538321048021 -0.014612211845815182 0.9998669028282166 7.567653179168701
0.9999176859855652 0.009764479473233223 0.008326445706188679 -0.021698378026485443 -0.009864618070423603 0.999878466129303 0.012071550823748112 -0.14594820141792297 -0.008207561448216438 -0.012152694165706635 0.9998924732208252 8.1163330078125
0.9999114871025085 0.009562205523252487 0.009248102083802223 -0.01942596584558487 -0.009645585902035236 0.9999128580093384 0.009013516828417778 -0.14839336276054382 -0.009161105379462242 -0.009101923555135727 0.9999166131019592 8.647465705871582
0.9999095797538757 0.008129706606268883 0.010709414258599281 -0.007200002670288086 -0.008211944252252579 0.9999369382858276 0.007657431997358799 -0.15753015875816345 -0.010646487586200237 -0.007744685281068087 0.9999133348464966 9.14307975769043
0.9999094009399414 0.004131031222641468 0.01281093992292881 -0.006513580679893494 -0.004198294132947922 0.9999774694442749 0.00522796344012022 -0.16222012042999268 -0.012789055705070496 -0.005281275138258934 0.9999042749404907 9.61193561553955
0.9998919367790222 0.0020483604166656733 0.014553090557456017 0.009847909212112427 -0.002109282650053501 0.9999890923500061 0.004172113258391619 -0.16842497885227203 -0.014544384554028511 -0.004202359355986118 0.9998853802680969 10.057184219360352
0.9998446702957153 0.006399144884198904 0.01642509363591671 0.014626726508140564 -0.006434339564293623 0.999977171421051 0.0020908054430037737 -0.17770858108997345 -0.01641133800148964 -0.0021961659658700228 0.9998629093170166 10.470780372619629
0.9997509121894836 0.010785129852592945 0.01954452507197857 0.013932555913925171 -0.010813352651894093 0.9999406933784485 0.0013389196246862411 -0.18592701852321625 -0.01952892541885376 -0.0015499279834330082 0.9998080730438232 10.860404014587402
0.9996842741966248 0.011150014586746693 0.022515183314681053 0.02641555666923523 -0.011208327487111092 0.999934196472168 0.0024653933942317963 -0.19446052610874176 -0.022486217319965363 -0.002716973191127181 0.9997434616088867 11.207277297973633
0.999642014503479 0.007027114741504192 0.02581973746418953 0.039739131927490234 -0.007107023149728775 0.9999702572822571 0.0030043749138712883 -0.20053967833518982 -0.025797858834266663 -0.0031868014484643936 0.9996621012687683 11.53179931640625
0.9995864629745483 0.0027851390186697245 0.028621388599276543 0.0528179407119751 -0.0028632653411477804 0.999992311000824 0.0026890060398727655 -0.20279403030872345 -0.028613682836294174 -0.0027698446065187454 0.9995867013931274 11.80559253692627
0.999519407749176 -0.0007262388244271278 0.030990583822131157 0.06843125820159912 0.000596527592279017 0.9999911189079285 0.004194548353552818 -0.2095567137002945 -0.030993347987532616 -0.004174046218395233 0.9995108842849731 12.062040328979492
0.9994395971298218 -0.0010315654799342155 0.033459294587373734 0.07768520712852478 0.000856570026371628 0.9999859929084778 0.005244015716016293 -0.21603736281394958 -0.033464230597019196 -0.005212416872382164 0.9994262456893921 12.294676780700684
0.9993616938591003 -0.0004951274022459984 0.03572249412536621 0.08153024315834045 0.0003457779239397496 0.999991238117218 0.004186883103102446 -0.21988199651241302 -0.035724252462387085 -0.0041718571446835995 0.9993529915809631 12.497413635253906
0.9993025064468384 0.00036617188015952706 0.037340886890888214 0.10135272145271301 -0.00047847619862295687 0.9999954700469971 0.0029986463487148285 -0.22818785905838013 -0.03733961656689644 -0.003014421323314309 0.9992980360984802 12.694729804992676
0.999171793460846 0.002858544234186411 0.040590859949588776 0.09595605731010437 -0.0029481956735253334 0.9999933838844299 0.002148975385352969 -0.232261061668396 -0.04058445245027542 -0.002266865223646164 0.9991735219955444 12.85285472869873
0.9990957975387573 0.005665841046720743 0.04213918372988701 0.10078388452529907 -0.0057330443523824215 0.999982476234436 0.0014741235645487905 -0.23829735815525055 -0.04213009402155876 -0.0017143760342150927 0.9991106390953064 13.022639274597168
0.9990358352661133 0.007044860627502203 0.043334752321243286 0.10924383997917175 -0.007059201598167419 0.9999751448631287 0.00017793336883187294 -0.24678298830986023 -0.04333242401480675 -0.00048367027193307877 0.9990606307983398 13.179880142211914
0.9989591836929321 0.005911734886467457 0.04522794112563133 0.11889854073524475 -0.005856119561940432 0.9999818801879883 -0.0013620811514556408 -0.2557537853717804 -0.045235179364681244 0.0010958032216876745 0.9989757537841797 13.32800006866455
0.9988859295845032 0.004829995334148407 0.04694070667028427 0.1237945556640625 -0.00469503877684474 0.9999845027923584 -0.0029848902486264706 -0.2555975615978241 -0.04695438593626022 0.002761176787316799 0.9988932013511658 13.468557357788086
0.9988310933113098 0.0038881900254637003 0.0481792651116848 0.13200336694717407 -0.0037019774317741394 0.99998539686203 -0.0039536310359835625 -0.2587716281414032 -0.048193931579589844 0.0037706508301198483 0.9988309144973755 13.607940673828125
0.9987552165985107 0.004865548107773066 0.049640070647001266 0.14021188020706177 -0.0045981863513588905 0.999974250793457 -0.005498792044818401 -0.2609366774559021 -0.04966554790735245 0.005263693165034056 0.9987519979476929 13.74082088470459
0.9986854195594788 0.005396084859967232 0.05097358673810959 0.1442413330078125 -0.005036494228988886 0.9999614953994751 -0.007180257700383663 -0.26778948307037354 -0.0510103777050972 0.0069140903651714325 0.9986740946769714 13.8622407913208
0.9986451268196106 0.005503542721271515 0.051745668053627014 0.154718279838562 -0.00500449538230896 0.9999396800994873 -0.009768877178430557 -0.26701974868774414 -0.0517963171005249 0.00949668139219284 0.9986124038696289 13.989934921264648
0.9986162781715393 0.0049829925410449505 0.05235028266906738 0.1632709503173828 -0.00436404999345541 0.9999192357063293 -0.011930765584111214 -0.27178701758384705 -0.05240551009774208 0.011685797944664955 0.998557448387146 14.115679740905762
0.9986379146575928 0.004120911005884409 0.05201118066906929 0.16792994737625122 -0.003409548196941614 0.9998995065689087 -0.013758443295955658 -0.27625954151153564 -0.05206265300512314 0.013562370091676712 0.9985517263412476 14.241493225097656
0.9987431764602661 0.0034941229969263077 0.049998264759778976 0.17289584875106812 -0.002751100342720747 0.9998847842216492 -0.014922094531357288 -0.28179800510406494 -0.05004465579986572 0.014765789732336998 0.9986377358436584 14.364860534667969
0.9988940954208374 0.0037963634822517633 0.04686165973544121 0.1785672903060913 -0.003060090821236372 0.9998709559440613 -0.01577339507639408 -0.2848167419433594 -0.04691549018025398 0.01561255007982254 0.9987767934799194 14.494257926940918
0.9990602135658264 0.0042770556174218655 0.04313237965106964 0.1727094054222107 -0.0035367205273360014 0.9998452663421631 -0.017225991934537888 -0.2832452058792114 -0.043199386447668076 0.017057254910469055 0.9989208579063416 14.616374015808105
0.9992842078208923 0.004247936420142651 0.037589747458696365 0.16833168268203735 -0.0035585290752351284 0.9998245239257812 -0.018388250842690468 -0.2875480353832245 -0.03766126185655594 0.01824132353067398 0.9991240501403809 14.740792274475098
0.9995280504226685 0.004010183736681938 0.030453583225607872 0.1723867654800415 -0.003442728193476796 0.9998198747634888 -0.018663082271814346 -0.2951696813106537 -0.030522938817739487 0.01854943297803402 0.9993619322776794 14.857322692871094
0.9997319579124451 0.0038699768483638763 0.022821536287665367 0.17446361482143402 -0.0034314971417188644 0.9998093247413635 -0.019221385940909386 -0.30115702748298645 -0.022891569882631302 0.019137924537062645 0.9995546936988831 14.982295989990234
0.9998804926872253 0.0037757528480142355 0.014994656667113304 0.1638527810573578 -0.0034702427219599485 0.999786913394928 -0.020348604768514633 -0.30049195885658264 -0.015068291686475277 0.02029413916170597 0.9996805191040039 15.116233825683594
0.9999833106994629 0.0028643212281167507 0.005004538223147392 0.15239191055297852 -0.0027559648733586073 0.9997644424438477 -0.02152600698173046 -0.30299580097198486 -0.005065016448497772 0.021511856466531754 0.999755859375 15.247770309448242
0.9999656081199646 0.0014089572941884398 -0.008169293403625488 0.14726193249225616 -0.0015982578042894602 0.9997292160987854 -0.02321220375597477 -0.3043556809425354 0.008134378120303154 0.023224465548992157 0.999697208404541 15.397970199584961
0.9997082352638245 0.0006092015537433326 -0.024145185947418213 0.12392881512641907 -0.0012190064880996943 0.9996803998947144 -0.025249117985367775 -0.3066551089286804 0.024122091010212898 0.025271184742450714 0.9993895888328552 15.549758911132812
0.9990558624267578 0.0010822135955095291 -0.04342938959598541 0.09718149900436401 -0.002222629962489009 0.999653697013855 -0.026219408959150314 -0.3100803792476654 0.04338598996400833 0.02629118598997593 0.9987123608589172 15.730043411254883
0.9978799223899841 0.002392762340605259 -0.06503812223672867 0.05715608596801758 -0.00408350583165884 0.9996567964553833 -0.025875713676214218 -0.31504908204078674 0.06495388597249985 0.026086442172527313 0.9975472688674927 15.90455150604248
0.9960560202598572 0.0027785333804786205 -0.088682621717453 0.02089107036590576 -0.004965111613273621 0.9996888637542725 -0.02444516494870186 -0.32145747542381287 0.08858712017536163 0.024789074435830116 0.9957599639892578 16.113693237304688
0.993331253528595 0.0035412823781371117 -0.11524093151092529 -0.02512979507446289 -0.006218873430043459 0.9997187852859497 -0.022883495315909386 -0.3299427926540375 0.11512748897075653 0.023447563871741295 0.9930739402770996 16.324060440063477
0.9893779754638672 0.004498816095292568 -0.14529599249362946 -0.09213066101074219 -0.007569471374154091 0.9997593760490417 -0.020587872713804245 -0.3385745882987976 0.14516839385032654 0.021469000726938248 0.9891740083694458 16.5456485748291
0.9839536547660828 0.004657148849219084 -0.17836304008960724 -0.16696429252624512 -0.00786544382572174 0.9998196363449097 -0.017284542322158813 -0.34136292338371277 0.17825037240982056 0.0184100903570652 0.9838129281997681 16.80233383178711
0.9765920639038086 0.005906467325985432 -0.2150186002254486 -0.2548341751098633 -0.008965742774307728 0.9998719096183777 -0.013255423866212368 -0.348813533782959 0.2149127870798111 0.014872941188514233 0.9765200018882751 17.043521881103516
0.9668445587158203 0.007157576736062765 -0.25526490807533264 -0.3491940498352051 -0.009517557919025421 0.999922513961792 -0.008011197671294212 -0.351987361907959 0.2551878094673157 0.01017508190125227 0.9668379426002502 17.297103881835938
0.9551084041595459 0.010747155174612999 -0.2960614264011383 -0.487180233001709 -0.012212011963129044 0.9999207258224487 -0.003098999848589301 -0.35555848479270935 0.29600468277931213 0.006575386971235275 0.9551638960838318 17.57828712463379
0.9409526586532593 0.014278876595199108 -0.33823680877685547 -0.6278667449951172 -0.014814517460763454 0.9998897910118103 0.0009979438036680222 -0.35603418946266174 0.33821386098861694 0.004071797709912062 0.941060483455658 17.852245330810547
0.9241858720779419 0.016754452139139175 -0.3815750777721405 -0.7781586647033691 -0.015243204310536385 0.9998594522476196 0.006983006373047829 -0.3617214262485504 0.38163843750953674 -0.0006371708586812019 0.9243115186691284 18.129358291625977
0.9048612117767334 0.020153071731328964 -0.42522940039634705 -0.9357991218566895 -0.015370786190032959 0.9997740983963013 0.014674652367830276 -0.36647552251815796 0.425429105758667 -0.006742413155734539 0.9049666523933411 18.399091720581055
0.8830106258392334 0.024348486214876175 -0.468720942735672 -1.1126494407653809 -0.016303416341543198 0.999642014503479 0.02121449075639248 -0.36723437905311584 0.4690696597099304 -0.01109087374061346 0.8830914497375488 18.665603637695312
0.8583967685699463 0.03031381592154503 -0.5120898485183716 -1.3314762115478516 -0.019734226167201996 0.9994650483131409 0.026084866374731064 -0.37149178981781006 0.5126065611839294 -0.01228547003120184 0.8585357069969177 18.945953369140625
0.8303622007369995 0.03352734446525574 -0.5562145709991455 -1.5535306930541992 -0.020594757050275803 0.9993528127670288 0.0294931810349226 -0.3693583607673645 0.5568433403968811 -0.013034917414188385 0.8305152654647827 19.215669631958008
0.7993754148483276 0.03744484856724739 -0.5996638536453247 -1.8049077987670898 -0.023186638951301575 0.9992352724075317 0.03148660063743591 -0.36657100915908813 0.6003842353820801 -0.011265428736805916 0.7996323108673096 19.483036041259766
0.7652168273925781 0.04063227027654648 -0.6424890756607056 -2.076338768005371 -0.023944152519106865 0.999112069606781 0.03466784954071045 -0.3604225516319275 0.6433271765708923 -0.011144571006298065 0.7655102014541626 19.75920295715332
0.728227972984314 0.04438968747854233 -0.6838958263397217 -2.389739990234375 -0.025037173181772232 0.9989572167396545 0.03817925229668617 -0.3422929048538208 0.6848773956298828 -0.010680382139980793 0.7285799980163574 20.041912078857422
0.6897702813148499 0.04440822824835777 -0.7226651310920715 -2.720643997192383 -0.021876612678170204 0.9989398121833801 0.040504660457372665 -0.32012295722961426 0.7236977219581604 -0.01212944183498621 0.6900104880332947 20.297508239746094
0.6484628319740295 0.04417010024189949 -0.759963870048523 -3.0692834854125977 -0.01929050125181675 0.9989481568336487 0.04159995913505554 -0.3048167824745178 0.7610018849372864 -0.012315945699810982 0.6486327648162842 20.55984878540039
0.6061460375785828 0.043057944625616074 -0.7941871285438538 -3.45245361328125 -0.0136235561221838 0.9989491105079651 0.04376152902841568 -0.294533908367157 0.7952367067337036 -0.015706222504377365 0.6060956716537476 20.805681228637695
0.5605950951576233 0.042929116636514664 -0.826976478099823 -3.8604698181152344 -0.008585328236222267 0.9989028573036194 0.046034105122089386 -0.2776572108268738 0.8280454874038696 -0.018706634640693665 0.560348629951477 21.06342124938965
0.5146887302398682 0.04463423788547516 -0.8562146425247192 -4.285885810852051 -0.006896804086863995 0.9988270998001099 0.04792279750108719 -0.2578219771385193 0.8573493361473083 -0.01876017451286316 0.5143930315971375 21.265352249145508
0.4646652340888977 0.044104475528001785 -0.8843874335289001 -4.742626190185547 -0.005805006716400385 0.9988890886306763 0.04676467925310135 -0.23377758264541626 0.8854673504829407 -0.016596047207713127 0.4644050598144531 21.463130950927734
0.4127119481563568 0.04348337650299072 -0.9098230600357056 -5.22833251953125 0.000121348537504673 0.9988572001457214 0.04779364913702011 -0.2197333574295044 0.9108615517616272 -0.019835418090224266 0.4122350513935089 21.64722442626953
0.35842573642730713 0.04232869669795036 -0.9325981140136719 -5.73882532119751 0.005067702382802963 0.9988685250282288 0.04728425294160843 -0.19480645656585693 0.9335445165634155 -0.02167402021586895 0.35780566930770874 21.82430648803711
0.3048783540725708 0.041101835668087006 -0.9515039920806885 -6.248889446258545 0.007574584800750017 0.9989320635795593 0.045577604323625565 -0.16940361261367798 0.9523611664772034 -0.021102871745824814 0.30424150824546814 21.953405380249023
0.25155121088027954 0.04666459560394287 -0.9667183756828308 -6.8107123374938965 0.008453333750367165 0.9986929297447205 0.05040770396590233 -0.13829630613327026 0.9678071737289429 -0.020852109417319298 0.25082799792289734 22.062360763549805
0.199782133102417 0.052031055092811584 -0.9784579873085022 -7.402732849121094 0.011076471768319607 0.9984053373336792 0.05535339191555977 -0.11275017261505127 0.9797776937484741 -0.0218964833766222 0.19888724386692047 22.154258728027344
0.1521511971950531 0.05326765030622482 -0.9869207739830017 -7.986202239990234 0.01668165810406208 0.9982659816741943 0.056451763957738876 -0.08823502063751221 0.9882164597511292 -0.02505268156528473 0.1509987711906433 22.215734481811523
0.1077009066939354 0.054696258157491684 -0.9926775693893433 -8.602840423583984 0.01904819719493389 0.9981886148452759 0.05706655606627464 -0.06570833921432495 0.9940008521080017 -0.02505483850836754 0.1064639538526535 22.257417678833008
0.06774652004241943 0.05289928615093231 -0.9962992072105408 -9.23708438873291 0.018862582743167877 0.9983470439910889 0.054290641099214554 -0.03672271966934204 0.9975242018699646 -0.022470775991678238 0.06663672626018524 22.26590919494629
0.03199826553463936 0.048606906086206436 -0.9983053207397461 -9.878396034240723 0.01690230518579483 0.9986476302146912 0.04916533827781677 -0.003964900970458984 0.9993449449539185 -0.018446868285536766 0.031133420765399933 22.267919540405273
0.0036567971110343933 0.048446204513311386 -0.99881911277771 -10.554593086242676 0.014323405921459198 0.9987208247184753 0.0484938770532608 0.03319105505943298 0.9998906850814819 -0.014483824372291565 0.0029582083225250244 22.24347496032715
-0.017622731626033783 0.052815113216638565 -0.9984487295150757 -11.251639366149902 0.013435844331979752 0.9985262155532837 0.052582066506147385 0.06151878833770752 0.9997543692588806 -0.012488365173339844 -0.018306376412510872 22.219966888427734
-0.030292555689811707 0.058667875826358795 -0.997817873954773 -11.97701358795166 0.0148128941655159 0.9981926679611206 0.058240216225385666 0.09776490926742554 0.9994312524795532 -0.013016324490308762 -0.031106848269701004 22.183914184570312
-0.03858659043908119 0.061472631990909576 -0.9973626136779785 -12.716551780700684 0.01475965790450573 0.9980321526527405 0.0609428733587265 0.12887001037597656 0.9991462230682373 -0.012369153089821339 -0.03941797465085983 22.15345001220703
-0.042115192860364914 0.058687712997198105 -0.9973875880241394 -13.47598934173584 0.0156903937458992 0.9981891512870789 0.05807232856750488 0.1643921136856079 0.9989895820617676 -0.013203675858676434 -0.04295975714921951 22.11332130432129
-0.04145343601703644 0.05476856976747513 -0.9976382255554199 -14.253942489624023 0.023162176832556725 0.9982808828353882 0.053841426968574524 0.20083671808242798 0.9988719820976257 -0.020875558257102966 -0.0426507331430912 22.086441040039062
-0.03731193020939827 0.053093455731868744 -0.9978922009468079 -15.063470840454102 0.03498578444123268 0.9980447292327881 0.05179344117641449 0.24656134843826294 0.9986909627914429 -0.03297952190041542 -0.03909650444984436 22.0716552734375
-0.03161637485027313 0.05320281907916069 -0.9980830550193787 -15.88723087310791 0.03541969880461693 0.9980146288871765 0.05207718163728714 0.28455662727355957 0.9988722205162048 -0.03370531648397446 -0.03343803435564041 22.047019958496094
-0.02652600035071373 0.051995228976011276 -0.9982950091362 -16.747018814086914 0.03352583572268486 0.9981308579444885 0.0510958656668663 0.3152177929878235 0.9990857243537903 -0.03211330622434616 -0.02821960486471653 22.01988410949707
-0.023653555661439896 0.045420050621032715 -0.9986879229545593 -17.62024688720703 0.03712315112352371 0.9983183741569519 0.044523995369672775 0.3561137318611145 0.9990307092666626 -0.036021292209625244 -0.025299910455942154 22.012950897216797
-0.021409358829259872 0.03458939120173454 -0.9991722702980042 -18.49501609802246 0.03475433215498924 0.9988230466842651 0.0338326171040535 0.3919699192047119 0.9991665482521057 -0.03400123119354248 -0.022586291655898094 21.989831924438477
-0.020850343629717827 0.026348885148763657 -0.9994353652000427 -19.39417266845703 0.027334414422512054 0.9992939829826355 0.02577490359544754 0.4164454936981201 0.9994089007377625 -0.026781568303704262 -0.021555855870246887 21.95608901977539
-0.02211267501115799 0.02340952306985855 -0.9994813799858093 -20.31263542175293 0.021685563027858734 0.9995017647743225 0.02293023094534874 0.44221964478492737 0.9995202422142029 -0.021167268976569176 -0.022609304636716843 21.92028045654297
-0.025634977966547012 0.029683470726013184 -0.9992305040359497 -21.269779205322266 0.012491762638092041 0.99949049949646 0.02937071956694126 0.45793357491493225 0.9995933175086975 -0.011729231104254723 -0.025992712005972862 21.88045883178711
-0.030556071549654007 0.037967752665281296 -0.998811662197113 -22.233503341674805 0.007943783886730671 0.9992558360099792 0.03774162009358406 0.48217689990997314 0.9995014667510986 -0.006781106349080801 -0.030834944918751717 21.831480026245117
-0.03497323393821716 0.04743169993162155 -0.9982621073722839 -23.209266662597656 0.006471483502537012 0.9988628029823303 0.04723353311419487 0.5179236531257629 0.9993672370910645 -0.004808326251804829 -0.03524041920900345 21.78157615661621
-0.036887019872665405 0.05730626359581947 -0.9976748824119568 -24.246068954467773 0.0049110590480268 0.9983527064323425 0.05716361105442047 0.55987149477005 0.99930739402771 -0.002791044767946005 -0.0371076874434948 21.747650146484375
-0.037959977984428406 0.06508549302816391 -0.9971573948860168 -25.26527976989746 0.0068315682001411915 0.9978702664375305 0.06487195193767548 0.6065633893013 0.9992559552192688 -0.004349610768258572 -0.038323767483234406 21.708419799804688
-0.03949547931551933 0.06602905690670013 -0.9970356822013855 -26.29341697692871 0.0077940733171999454 0.9978042244911194 0.06577121466398239 0.6590222120285034 0.9991893768310547 -0.005173303186893463 -0.03992339223623276 21.664623260498047
-0.04100258648395538 0.06308240443468094 -0.9971656203269958 -27.283138275146484 0.006497562862932682 0.9980006217956543 0.06286807358264923 0.7093443870544434 0.9991379380226135 -0.0039013929199427366 -0.041330479085445404 21.615360260009766
-0.04383710026741028 0.058121249079704285 -0.9973465800285339 -28.302501678466797 0.006167231593281031 0.9983028769493103 0.05790591984987259 0.7578519582748413 0.9990196824073792 -0.003612440312281251 -0.0441211462020874 21.565465927124023
-0.04823301360011101 0.05304635688662529 -0.9974265694618225 -29.336294174194336 0.006251769606024027 0.9985851645469666 0.05280565842986107 0.8024660348892212 0.9988165497779846 -0.0036887042224407196 -0.04849641025066376 21.50566291809082
-0.05390176922082901 0.04847089946269989 -0.997369110584259 -30.356454849243164 0.00637104781344533 0.9988174438476562 0.048196978867053986 0.8429401516914368 0.9985259175300598 -0.0037563838995993137 -0.054146841168403625 21.44625473022461
-0.06040792912244797 0.046660374850034714 -0.997082531452179 -31.37870979309082 0.005458689294755459 0.9989073276519775 0.0464150533080101 0.8823767900466919 0.9981589317321777 -0.0026389267295598984 -0.06059662625193596 21.36616325378418
-0.06745798140764236 0.04896216094493866 -0.9965199828147888 -32.42964172363281 0.005679196212440729 0.9987978339195251 0.04868962988257408 0.9244781732559204 0.9977059364318848 -0.002374928444623947 -0.06765495240688324 21.297483444213867
-0.07363145798444748 0.053730931133031845 -0.9958370327949524 -33.497398376464844 0.004131974186748266 0.9985555410385132 0.053572092205286026 0.9665498733520508 0.997277021408081 -0.00017018269863910973 -0.07374709844589233 21.20887565612793
-0.07970830053091049 0.056634321808815 -0.9952080249786377 -34.549659729003906 0.0009414065862074494 0.9983885288238525 0.05673990398645401 1.0078368186950684 0.9968177080154419 0.003585746278986335 -0.07963316142559052 21.10921859741211
-0.0847340077161789 0.05904994159936905 -0.9946523308753967 -35.6129035949707 -0.0013753504026681185 0.9982345104217529 0.05937977135181427 1.0527849197387695 0.9964026808738708 0.00639948109164834 -0.08450319617986679 21.01766586303711
-0.08722394704818726 0.06013227626681328 -0.9943722486495972 -36.68650436401367 -0.006078630220144987 0.9981257915496826 0.06089246645569801 1.105719804763794 0.9961702823638916 0.01135570090264082 -0.08669495582580566 20.90996551513672
-0.08871843665838242 0.061381347477436066 -0.9941636323928833 -37.75642395019531 -0.010552267543971539 0.9979854226112366 0.06255899369716644 1.1579973697662354 0.9960008859634399 0.016040818765759468 -0.08789201080799103 20.80043601989746
-0.09023953229188919 0.0611063577234745 -0.9940437078475952 -38.836002349853516 -0.011042403988540173 0.9979931712150574 0.06235157325863838 1.2063982486724854 0.9958588480949402 0.01660320907831192 -0.08938367664813995 20.689123153686523
-0.09154970943927765 0.06048703193664551 -0.9939618110656738 -39.91856002807617 -0.011505567468702793 0.9980226159095764 0.06179388239979744 1.256737232208252 0.9957339763641357 0.01709330454468727 -0.09067273885011673 20.578258514404297
-0.09264728426933289 0.05941968038678169 -0.9939244389533997 -41.004432678222656 -0.012530239298939705 0.9980692863464355 0.06083544343709946 1.31401526927948 0.9956202507019043 0.018090350553393364 -0.09172385185956955 20.476917266845703
-0.09337594360113144 0.0585174635052681 -0.9939097762107849 -42.0911865234375 -0.014876803383231163 0.9980778098106384 0.06016050651669502 1.3674819469451904 0.995519757270813 0.020403746515512466 -0.09232591837644577 20.362600326538086
-0.09419853240251541 0.056011222302913666 -0.9939765334129333 -43.17499542236328 -0.019421802833676338 0.9981226921081543 0.058085452765226364 1.4150561094284058 0.9953639507293701 0.024776384234428406 -0.09293383359909058 20.249746322631836
-0.09443847090005875 0.05091293901205063 -0.994227945804596 -44.259178161621094 -0.024297373369336128 0.9982760548591614 0.05342816188931465 1.4637655019760132 0.9952341318130493 0.02920280024409294 -0.09303861111402512 20.138092041015625
-0.09362313151359558 0.05046968534588814 -0.9943276643753052 -45.367313385009766 -0.02616851031780243 0.9982445240020752 0.053132444620132446 1.5079905986785889 0.9952637553215027 0.030994508415460587 -0.09213807433843613 20.02375030517578
-0.09205435961484909 0.05460793897509575 -0.994255542755127 -46.4783935546875 -0.02693880721926689 0.9979930520057678 0.05730738118290901 1.553948163986206 0.995389461517334 0.0320594497025013 -0.09039853513240814 19.917827606201172
-0.09011509269475937 0.05805201828479767 -0.994238018989563 -47.5818977355957 -0.027022911235690117 0.9977896809577942 0.0607086680829525 1.5949382781982422 0.9955646991729736 0.0323379710316658 -0.0883471742272377 19.809852600097656
-0.08885907381772995 0.05765140429139137 -0.9943743348121643 -48.68712615966797 -0.025044195353984833 0.9978785514831543 0.060092560946941376 1.649658441543579 0.9957293272018433 0.030243072658777237 -0.08722672611474991 19.710947036743164
-0.08596216142177582 0.05678391829133034 -0.9946790337562561 -49.80443572998047 -0.02506871335208416 0.9979350566864014 0.05913630127906799 1.703133463859558 0.9959828853607178 0.030018802732229233 -0.08436115831136703 19.601728439331055
-0.08169855922460556 0.05706363171339035 -0.9950222373008728 -50.915409088134766 -0.02957935258746147 0.9977809190750122 0.05965053290128708 1.7573285102844238 0.9962179660797119 0.034305471926927567 -0.07982936501502991 19.49947166442871
-0.07596813142299652 0.058118339627981186 -0.9954150319099426 -52.056087493896484 -0.03439084440469742 0.9975531101226807 0.060867827385663986 1.8064770698547363 0.99651700258255 0.03885718062520027 -0.0737835243344307 19.394105911254883
-0.07054691761732101 0.057612232863903046 -0.9958432912826538 -53.17359161376953 -0.03815720975399017 0.9974440932273865 0.060407958924770355 1.8602946996688843 0.9967784285545349 0.042260196059942245 -0.0681682825088501 19.30917739868164
-0.06421001255512238 0.056711167097091675 -0.9963237047195435 -54.30472183227539 -0.040161240845918655 0.9974282383918762 0.05936231091618538 1.9171665906906128 0.9971279501914978 0.04382524639368057 -0.06176728382706642 19.218585968017578
-0.05856313556432724 0.05594390258193016 -0.9967149496078491 -55.44795227050781 -0.03929930180311203 0.9975253939628601 0.058298468589782715 1.972033977508545 0.997509777545929 0.04258434474468231 -0.05621965229511261 19.149858474731445
-0.05310308560729027 0.055770378559827805 -0.99703049659729 -56.5848503112793 -0.0375378243625164 0.9976220726966858 0.05780278146266937 2.0205459594726562 0.9978832006454468 0.0404958613216877 -0.050883300602436066 19.084156036376953
-0.04744407907128334 0.05581798404455185 -0.9973130822181702 -57.74171829223633 -0.03689751774072647 0.9976580142974854 0.05759258195757866 2.085693120956421 0.9981921911239624 0.03953079879283905 -0.04527341574430466 19.02246856689453
-0.041399989277124405 0.0572793111205101 -0.9974994659423828 -58.884700775146484 -0.03614017739892006 0.9976161122322083 0.05878597870469093 2.1410470008850098 0.9984889030456543 0.03848354145884514 -0.03923121839761734 18.963424682617188
-0.035757895559072495 0.05834896117448807 -0.9976556301116943 -60.0474853515625 -0.03710070624947548 0.9975283741950989 0.05967127904295921 2.1968159675598145 0.9986715316772461 0.03914744034409523 -0.033504728227853775 18.917335510253906
-0.031005457043647766 0.05802132934331894 -0.9978337287902832 -61.19797897338867 -0.03643978759646416 0.9975844621658325 0.05913911759853363 2.2363533973693848 0.9988547563552856 0.03819448500871658 -0.02881627157330513 18.883527755737305
-0.02627846598625183 0.053353432565927505 -0.9982299208641052 -62.343177795410156 -0.03669574484229088 0.997850239276886 0.05429915711283684 2.286468505859375 0.9989808201789856 0.03805768862366676 -0.024264128878712654 18.849584579467773
-0.021467622369527817 0.047795619815588 -0.9986264705657959 -63.50743865966797 -0.0368318036198616 0.9981407523155212 0.048564158380031586 2.3355958461761475 0.9990909099578857 0.03782377392053604 -0.019667310640215874 18.81862449645996
-0.018082138150930405 0.04769594967365265 -0.9986981749534607 -64.6859359741211 -0.036141153424978256 0.9981775879859924 0.048325441777706146 2.3715715408325195 0.9991831183433533 0.036967940628528595 -0.016325395554304123 18.796161651611328
-0.01430362556129694 0.05010094493627548 -0.9986417293548584 -65.85626983642578 -0.03566570580005646 0.9980827569961548 0.05058375000953674 2.4144210815429688 0.9992614984512329 0.03634079173207283 -0.01248931884765625 18.769153594970703
-0.012240137904882431 0.0499589778482914 -0.9986763000488281 -67.01084899902344 -0.03591180220246315 0.9980847835540771 0.050369538366794586 2.453524351119995 0.9992799758911133 0.03648079186677933 -0.010422577150166035 18.749433517456055
-0.011411982588469982 0.049494240432977676 -0.9987092018127441 -68.1988754272461 -0.03770105168223381 0.9980427622795105 0.04989200457930565 2.500419855117798 0.9992238879203796 0.03822175785899162 -0.009523661807179451 18.73052215576172
-0.010902310721576214 0.05054120719432831 -0.9986624717712402 -69.37471771240234 -0.03842183202505112 0.9979630708694458 0.05092526227235794 2.5403833389282227 0.9992021322250366 0.038925644010305405 -0.008938216604292393 18.716093063354492
-0.009209757670760155 0.05016472935676575 -0.9986985325813293 -70.53973388671875 -0.03934413939714432 0.9979493618011475 0.050489913672208786 2.5793752670288086 0.9991832375526428 0.039757926017045975 -0.007217185106128454 18.688493728637695
-0.008520646952092648 0.048080891370773315 -0.9988070130348206 -71.7254409790039 -0.03969937935471535 0.9980394840240479 0.04838261753320694 2.6214661598205566 0.9991753101348877 0.04006427526473999 -0.006595161277800798 18.68202018737793
-0.007869443856179714 0.04684223607182503 -0.9988712668418884 -72.90542602539062 -0.03808567300438881 0.9981634020805359 0.04710909351706505 2.663158893585205 0.999243438243866 0.038413409143686295 -0.006070972885936499 18.670074462890625
-0.007013255730271339 0.04724229872226715 -0.9988587498664856 -74.08831787109375 -0.0346834771335125 0.9982708096504211 0.04745800420641899 2.6954808235168457 0.9993736743927002 0.03497672826051712 -0.005362602416425943 18.650501251220703
-0.007265437860041857 0.04715706780552864 -0.9988610744476318 -75.2870101928711 -0.03276402875781059 0.9983400106430054 0.047370776534080505 2.7431445121765137 0.9994366765022278 0.0330708809196949 -0.005708320531994104 18.64614486694336
-0.007373163476586342 0.049854643642902374 -0.9987293481826782 -76.4736557006836 -0.03218211978673935 0.9982272982597351 0.050067171454429626 2.7829647064208984 0.9994548559188843 0.03251037746667862 -0.005755663849413395 18.635032653808594
-0.007179488427937031 0.05367705971002579 -0.9985325336456299 -77.65165710449219 -0.03440352901816368 0.9979538321495056 0.0538933128118515 2.821519136428833 0.9993822574615479 0.03473996743559837 -0.005318117327988148 18.62485122680664
-0.006381742190569639 0.05353040620684624 -0.9985458254814148 -78.83259582519531 -0.03658013790845871 0.9978853464126587 0.05372878164052963 2.8677845001220703 0.9993103742599487 0.03686982020735741 -0.004410098772495985 18.605459213256836
-0.00585184944793582 0.05117763206362724 -0.9986724257469177 -80.00862121582031 -0.03795410320162773 0.9979585409164429 0.051363445818424225 2.9136030673980713 0.9992623329162598 0.03820427879691124 -0.0038975027855485678 18.590702056884766
-0.0048493919894099236 0.04882051795721054 -0.9987958073616028 -81.18843078613281 -0.038010124117136 0.9980766773223877 0.048969920724630356 2.9518849849700928 0.9992656111717224 0.038201820105314255 -0.0029843912925571203 18.56199836730957
-0.005874386057257652 0.048616014420986176 -0.9988002181053162 -82.36353302001953 -0.035299886018037796 0.998184859752655 0.04879367724061012 2.9851832389831543 0.9993594288825989 0.035544175654649734 -0.004147583153098822 18.568981170654297
-0.00559247937053442 0.049810655415058136 -0.9987430572509766 -83.53814697265625 -0.03408883139491081 0.9981686472892761 0.049972888082265854 3.0283901691436768 0.9994031190872192 0.034325458109378815 -0.0038842512294650078 18.559255599975586
-0.004748115781694651 0.05232084169983864 -0.998619019985199 -84.72012329101562 -0.03305749222636223 0.9980762600898743 0.05244958773255348 3.073906421661377 0.9994421005249023 0.03326087445020676 -0.0030093861278146505 18.542261123657227
-0.004963873419910669 0.05548223853111267 -0.9984473586082458 -85.8730697631836 -0.03362169861793518 0.9978858828544617 0.05561818554997444 3.1015772819519043 0.9994222521781921 0.033845581114292145 -0.003087972290813923 18.540342330932617
-0.004647761583328247 0.055662140250205994 -0.9984387755393982 -87.04007720947266 -0.03499713912606239 0.9978289604187012 0.05579104647040367 3.1467976570129395 0.9993765950202942 0.03520181030035019 -0.002689655404537916 18.525529861450195
-0.004733828362077475 0.05333524942398071 -0.9985654354095459 -88.21151733398438 -0.034609418362379074 0.9979696869850159 0.05346749722957611 3.1919589042663574 0.9993897080421448 0.03481287509202957 -0.002878314582630992 18.517732620239258
-0.004271714016795158 0.052122440189123154 -0.9986315369606018 -89.37372589111328 -0.03343021497130394 0.9980751276016235 0.052236393094062805 3.2328262329101562 0.9994319081306458 0.0336076021194458 -0.00252102711237967 18.512176513671875
-0.004262017551809549 0.05316200479865074 -0.9985767006874084 -90.53618621826172 -0.03180253505706787 0.9980735182762146 0.05327095463871956 3.275301694869995 0.9994851350784302 0.03198431432247162 -0.0025631203316152096 18.503625869750977
-0.0036488843616098166 0.055834777653217316 -0.9984333515167236 -91.70805358886719 -0.029825111851096153 0.9979897141456604 0.05591898038983345 3.324460744857788 0.9995484352111816 0.02998242899775505 -0.001976270228624344 18.488216400146484
-0.003909428138285875 0.05831098183989525 -0.9982907772064209 -92.8630599975586 -0.027679765596985817 0.9979096055030823 0.05839711055159569 3.3671152591705322 0.999609112739563 0.02786075323820114 -0.002287222072482109 18.493804931640625
-0.003699450520798564 0.0601193867623806 -0.9981843829154968 -94.03189849853516 -0.02833430841565132 0.9977840781211853 0.060200296342372894 3.4151175022125244 0.9995917081832886 0.02850557118654251 -0.0019878114107996225 18.485736846923828
-0.0029914528131484985 0.0618257038295269 -0.9980824589729309 -95.19741821289062 -0.03125559911131859 0.9975934028625488 0.06188908591866493 3.4693357944488525 0.9995068907737732 0.03138080984354019 -0.0010518545750528574 18.466636657714844
-0.002534864703193307 0.06161832436919212 -0.9980965852737427 -96.35259246826172 -0.03333134576678276 0.9975401163101196 0.061668600887060165 3.5094451904296875 0.9994411468505859 0.033424217253923416 -0.00047480780631303787 18.455724716186523
-0.0025021075271070004 0.0571054145693779 -0.9983649849891663 -97.50508880615234 -0.035683829337358475 0.9977272748947144 0.05715835839509964 3.565260171890259 0.9993600249290466 0.03576850891113281 -0.0004586807335726917 18.440780639648438
-0.0019238214008510113 0.05544064939022064 -0.9984601736068726 -98.66277313232422 -0.03702200949192047 0.9977735877037048 0.05547385662794113 3.613978624343872 0.9993125200271606 0.03707171604037285 0.00013298605335876346 18.426877975463867
-0.001975762890651822 0.053930412977933884 -0.9985427260398865 -99.82842254638672 -0.03655058145523071 0.9978734850883484 0.053966596722602844 3.6516611576080322 0.9993298649787903 0.03660393878817558 -3.7355718518483627e-07 18.427122116088867
-0.0018145464127883315 0.05430013686418533 -0.9985230565071106 -100.99200439453125 -0.03525744006037712 0.9979003667831421 0.05433034524321556 3.6976704597473145 0.9993765950202942 0.035303954035043716 0.00010374702833360061 18.428186416625977
-0.0018483101157471538 0.05652733892202377 -0.9983991980552673 -102.1423110961914 -0.035690486431121826 0.9977612495422363 0.05655728280544281 3.7413456439971924 0.9993610978126526 0.03573790565133095 0.00017331640992779285 18.415700912475586
