1.0 0.0 0.0 0.0 0.0 1.0 0.0 0.0 0.0 0.0 1.0 0.0
0.9999956488609314 0.0029486974235624075 0.00014667358482256532 -0.0058669219724833965 -0.002948897425085306 0.999994695186615 0.0013822136679664254 -0.01289402600377798 -0.00014259708405006677 -0.0013826402137055993 0.9999990463256836 0.7725052833557129
0.9999848008155823 0.00548704294487834 0.0005849356530234218 -0.011861217208206654 -0.005488140974193811 0.9999831318855286 0.0018925045151263475 -0.02942584455013275 -0.0005745415692217648 -0.0018956856802105904 0.9999980330467224 1.5401216745376587
0.9999765753746033 0.006744427140802145 0.001110261888243258 -0.02007823996245861 -0.006746368482708931 0.9999756813049316 0.0017547545721754432 -0.04734811559319496 -0.001098400098271668 -0.0017622036393731833 0.9999977946281433 2.2756764888763428
0.9999618530273438 0.00867415126413107 0.000989360618405044 -0.023056140169501305 -0.008675578981637955 0.999961256980896 0.0014498158125206828 -0.06060852110385895 -0.0009767464362084866 -0.0014583439333364367 0.9999984502792358 3.0031731128692627
0.9999587535858154 0.008911976590752602 0.0017385685350745916 -0.03363429382443428 -0.008914029225707054 0.9999595880508423 0.001176529680378735 -0.07398688793182373 -0.0017280137399211526 -0.0011919785756617785 0.9999977946281433 3.718648910522461
0.9999570250511169 0.009103909134864807 0.0017378389602527022 -0.027190450578927994 -0.009107396006584167 0.9999565482139587 0.0020089205354452133 -0.08570733666419983 -0.0017194749088957906 -0.0020246615167707205 0.999996542930603 4.416228771209717
0.9999457001686096 0.010014785453677177 0.002863591304048896 -0.045352328568696976 -0.010029114782810211 0.9999369978904724 0.0050341845490038395 -0.10231494903564453 -0.002812994411215186 -0.005062630400061607 0.9999832510948181 5.087869167327881
0.9999434351921082 0.009814544580876827 0.004095579031854868 -0.03601928800344467 -0.009849890135228634 0.9999136328697205 0.008700956590473652 -0.1050979420542717 -0.004009830299764872 -0.008740806020796299 0.9999537467956543 5.7544355392456055
0.9999452233314514 0.009062101133167744 0.005230102222412825 -0.03159601613879204 -0.009126240387558937 0.9998818039894104 0.012372572906315327 -0.11666780710220337 -0.00511736236512661 -0.012419627048075199 0.9999097585678101 6.384603023529053
0.9999426603317261 0.008420063182711601 0.006613318808376789 -0.0372152142226696 -0.008515805006027222 0.9998573064804077 0.014584766700863838 -0.12581254541873932 -0.006489570718258619 -0.014640248380601406 0.9998717308044434 6.985785484313965
0.9999343156814575 0.008893793448805809 0.0072334809228777885 -0.019153857603669167 -0.008997864089906216 0.999854564666748 0.014484588988125324 -0.13528643548488617 -0.007103605195879936 -0.01454872265458107 0.9998689293861389 7.570704936981201
0.9999198317527771 0.009595350362360477 0.008264645002782345 -0.016569724306464195 -0.00969406682997942 0.9998811483383179 0.01198862586170435 -0.14504200220108032 -0.00814862735569477 -0.012067783623933792 0.9998939633369446 8.124794960021973
0.9999127388000488 0.009540339931845665 0.009133104234933853 -0.016324618831276894 -0.009621270932257175 0.9999144673347473 0.008858883753418922 -0.14609932899475098 -0.00904780626296997 -0.008945981971919537 0.999919056892395 8.651344299316406
0.9999130964279175 0.00785758625715971 0.010587567463517189 -0.0037654340267181396 -0.007937424816191196 0.9999401569366455 0.007520101964473724 -0.15668660402297974 -0.010527845472097397 -0.007603486534208059 0.9999156594276428 9.152210235595703
0.9999123215675354 0.0038950671441853046 0.012661858461797237 -0.0016897793393582106 -0.003960521426051855 0.9999789595603943 0.005148435477167368 -0.16156555712223053 -0.012641537003219128 -0.0051981303840875626 0.999906599521637 9.611970901489258
0.9998940825462341 0.0018529606750234962 0.014434420503675938 0.012665447778999805 -0.0019145830301567912 0.9999890923500061 0.004256472922861576 -0.16955767571926117 -0.01442637573927641 -0.004283658228814602 0.9998867511749268 10.058897972106934
0.9998499155044556 0.006229515187442303 0.016165688633918762 0.019244536757469177 -0.006266973912715912 0.9999777674674988 0.0022675544023513794 -0.17982997000217438 -0.016151202842593193 -0.002368524670600891 0.999866783618927 10.475188255310059
0.9997560977935791 0.0107743414118886 0.019276035949587822 0.020127976313233376 -0.010802685283124447 0.9999407529830933 0.0013668572064489126 -0.18546804785728455 -0.019260168075561523 -0.0015747570432722569 0.9998132586479187 10.86283016204834
0.9996877312660217 0.0110156936571002 0.0224281195551157 0.028562137857079506 -0.011079082265496254 0.9999349117279053 0.002703955164179206 -0.19809934496879578 -0.0223968755453825 -0.0029515931382775307 0.9997448325157166 11.208146095275879
0.9996412992477417 0.006859978195279837 0.025886185467243195 0.038652777671813965 -0.0069471136666834354 0.9999704957008362 0.0032776545267552137 -0.20474159717559814 -0.025862935930490494 -0.003456313395872712 0.999659538269043 11.520855903625488
0.9995917677879333 0.002663268940523267 0.02844623103737831 0.056320078670978546 -0.0027431356720626354 0.9999924302101135 0.002768987789750099 -0.20385515689849854 -0.028438637033104897 -0.002845889190211892 0.9995914697647095 11.809761047363281
0.9995271563529968 -0.0008533463696949184 0.030733808875083923 0.07186964154243469 0.0007239279220812023 0.9999908804893494 0.004221844021230936 -0.21076089143753052 -0.030737128108739853 -0.004197598900645971 0.9995186924934387 12.065577507019043
0.9994466304779053 -0.0011297088349238038 0.03324277326464653 0.08163592219352722 0.0009573461138643324 0.9999859929084778 0.005200440064072609 -0.21548695862293243 -0.0332481823861599 -0.005165737122297287 0.9994337558746338 12.299142837524414
0.9993744492530823 -0.0006270378944464028 0.03535819053649902 0.08826019614934921 0.00047743369941599667 0.9999909996986389 0.004239413887262344 -0.22054274380207062 -0.03536053001880646 -0.004219880793243647 0.9993656277656555 12.503376960754395
0.9993144869804382 0.0001517856289865449 0.037020646035671234 0.10639580339193344 -0.0002658955636434257 0.999995231628418 0.0030774406623095274 -0.2293679416179657 -0.0370200015604496 -0.0030851741321384907 0.999309778213501 12.700064659118652
0.9991912841796875 0.0026512439362704754 0.04012174531817436 0.10268402844667435 -0.00274024554528296 0.9999939203262329 0.0021634637378156185 -0.23243370652198792 -0.04011576995253563 -0.0022716575767844915 0.9991924166679382 12.858359336853027
0.9991086721420288 0.005555744282901287 0.04184407368302345 0.10577599704265594 -0.005620370618999004 0.9999831318855286 0.0014269727980718017 -0.23805929720401764 -0.04183544963598251 -0.0016608798177912831 0.9991230964660645 13.026923179626465
0.9990441203117371 0.00689292699098587 0.04316702485084534 0.11205624043941498 -0.0069063338451087475 0.9999760985374451 0.00016145767585840076 -0.24688714742660522 -0.04316488280892372 -0.00045942902215756476 0.9990678429603577 13.18372631072998
0.9989629983901978 0.005841363221406937 0.04515378549695015 0.12083607912063599 -0.0057799373753368855 0.9999821782112122 -0.0014908164739608765 -0.25446683168411255 -0.045161690562963486 0.0012282837415114045 0.9989789128303528 13.332300186157227
0.9988947510719299 0.004567592870444059 0.04677871987223625 0.12539401650428772 -0.0044387467205524445 0.9999860525131226 -0.0028578692581504583 -0.2567302882671356 -0.04679111763834953 0.0026470720767974854 0.9989011883735657 13.47313117980957
0.9988402724266052 0.0036797476932406425 0.0480043888092041 0.1338425874710083 -0.0035044089891016483 0.9999868273735046 -0.0037361986469477415 -0.2602219581604004 -0.048017509281635284 0.0035636392422020435 0.9988401532173157 13.61227035522461
0.9987658262252808 0.004568606615066528 0.04945546016097069 0.14157481491565704 -0.004315028432756662 0.9999769926071167 -0.005232951603829861 -0.26246950030326843 -0.04947822913527489 0.0050130924209952354 0.9987626075744629 13.74588394165039
0.9986966252326965 0.005128731485456228 0.050781406462192535 0.14642736315727234 -0.004779719281941652 0.9999641180038452 -0.00699188094586134 -0.26959776878356934 -0.05081544816493988 0.006740047596395016 0.9986853003501892 13.866880416870117
0.9986522197723389 0.005238998681306839 0.051636431366205215 0.15520569682121277 -0.00475394818931818 0.9999433755874634 -0.009511916898190975 -0.27000123262405396 -0.05168335139751434 0.00925362203270197 0.9986206293106079 13.993050575256348
0.9986148476600647 0.004658117424696684 0.05240772292017937 0.16279640793800354 -0.004054282791912556 0.9999241828918457 -0.011622288264334202 -0.27544596791267395 -0.052457887679338455 0.011393716558814049 0.9985581636428833 14.117210388183594
0.998641848564148 0.0037898027803748846 0.051962342113256454 0.16742484271526337 -0.0030970268417149782 0.9999053478240967 -0.013406305573880672 -0.2803468406200409 -0.05200823396444321 0.013227168470621109 0.9985591173171997 14.24575138092041
0.9987492561340332 0.003209867747500539 0.04989469051361084 0.17317797243595123 -0.0024773196782916784 0.9998883605003357 -0.014736796729266644 -0.28359439969062805 -0.04993642121553421 0.014594761654734612 0.9986457824707031 14.370075225830078
0.9988979697227478 0.003570313099771738 0.04679744690656662 0.17852899432182312 -0.0028411655221134424 0.9998736381530762 -0.015638194978237152 -0.2855850160121918 -0.04684736952185631 0.015488003380596638 0.9987819790840149 14.498918533325195
0.9990686178207397 0.004041838925331831 0.042957402765750885 0.1743883192539215 -0.0033113155514001846 0.9998488426208496 -0.017063334584236145 -0.2844509780406952 -0.04301987588405609 0.016905197873711586 0.9989312291145325 14.623665809631348
0.9992966651916504 0.0037603150121867657 0.03731149062514305 0.1716831922531128 -0.0030808686278760433 0.9998286962509155 -0.018250921741127968 -0.28860288858413696 -0.037373729050159454 0.018123134970664978 0.9991369843482971 14.745914459228516
0.999531090259552 0.003880556672811508 0.030371468514204025 0.17232370376586914 -0.0033210073597729206 0.9998242259025574 -0.018452303484082222 -0.29701298475265503 -0.030437737703323364 0.01834278367459774 0.9993683695793152 14.859368324279785
0.9997252821922302 0.004185141064226627 0.023059073835611343 0.16947701573371887 -0.0037370382342487574 0.9998040199279785 -0.019441751763224602 -0.29667723178863525 -0.023135920986533165 0.019350240007042885 0.9995450973510742 14.984013557434082
0.9998859167098999 0.003578568808734417 0.014670168980956078 0.16764485836029053 -0.003283410333096981 0.9997926950454712 -0.020094553008675575 -0.30190879106521606 -0.01473903562873602 0.02004409208893776 0.9996905326843262 15.120918273925781
0.9999841451644897 0.0026683835312724113 0.004947385750710964 0.15299880504608154 -0.0025619904045015574 0.9997680187225342 -0.021387845277786255 -0.30377933382987976 -0.005003307946026325 0.021374830976128578 0.9997590184211731 15.249397277832031
0.9999642968177795 0.0013217693194746971 -0.008338808082044125 0.14838473498821259 -0.001513320254161954 0.9997341632843018 -0.023006746545433998 -0.3069612681865692 0.00830618292093277 0.023018544539809227 0.9997005462646484 15.400117874145508
0.9997029304504395 0.00040506161167286336 -0.024370059370994568 0.12522052228450775 -0.0010168533772230148 0.9996845126152039 -0.02509707771241665 -0.3079253137111664 0.02435220777988434 0.025114400312304497 0.9993879795074463 15.55624008178711
0.9990537166595459 0.0010430843103677034 -0.0434798039495945 0.09648649394512177 -0.002179637085646391 0.9996569156646729 -0.026100587099790573 -0.31083062291145325 0.04343767091631889 0.02617065981030464 0.9987133145332336 15.734213829040527
0.9978713989257812 0.0021334972698241472 -0.06517742574214935 0.06134501472115517 -0.003816845128312707 0.9996621012687683 -0.025713570415973663 -0.3163164556026459 0.06510055065155029 0.02590760961174965 0.9975423812866211 15.898929595947266
0.9960534572601318 0.002598421648144722 -0.08871722221374512 0.020940041169524193 -0.004764914978295565 0.9996954202651978 -0.024217167869210243 -0.32372283935546875 0.08862727880477905 0.02454431913793087 0.9957624673843384 16.11381721496582
0.9933103322982788 0.003194705117493868 -0.11543110758066177 -0.024311814457178116 -0.005858001299202442 0.9997242093086243 -0.022740738466382027 -0.3316687047481537 0.11532662808895111 0.0232648067176342 0.9930551648139954 16.322879791259766
0.9893694519996643 0.004245871677994728 -0.14536170661449432 -0.09230120480060577 -0.00730640534311533 0.9997625946998596 -0.02052721194922924 -0.3394336700439453 0.14524003863334656 0.02137106843292713 0.9891656041145325 16.544841766357422
0.9839400053024292 0.00449301116168499 -0.17844247817993164 -0.16869667172431946 -0.0076768966391682625 0.9998233318328857 -0.017156165093183517 -0.34271472692489624 0.17833389341831207 0.018250523135066032 0.9838008284568787 16.799875259399414
0.9765492081642151 0.005483975168317556 -0.21522434055805206 -0.2544187605381012 -0.008504158817231655 0.9998778700828552 -0.013109225779771805 -0.3508882522583008 0.215126171708107 0.014632107689976692 0.9764767289161682 17.044042587280273
0.966869592666626 0.006707997061312199 -0.25518277287483215 -0.3528250753879547 -0.00901657436043024 0.9999282360076904 -0.007878021337091923 -0.35474833846092224 0.25511160492897034 0.009917893446981907 0.966860830783844 17.29865837097168
0.9551039934158325 0.01057600136846304 -0.29608193039894104 -0.48916712403297424 -0.011970622465014458 0.9999241232872009 -0.002897817874327302 -0.3592054545879364 0.29602882266044617 0.006312002893537283 0.9551581740379333 17.579856872558594
0.940918505191803 0.014174720272421837 -0.3383362889289856 -0.6291287541389465 -0.014601819217205048 0.9998925924301147 0.0012829711195081472 -0.3608168065547943 0.3383181095123291 0.003733153687790036 0.9410244822502136 17.854835510253906
0.9241309762001038 0.016372494399547577 -0.3817247450351715 -0.7714073657989502 -0.014850891195237637 0.9998656511306763 0.006932027172297239 -0.36267390847206116 0.381786972284317 -0.0007371484534814954 0.924250066280365 18.123075485229492
0.9047797918319702 0.02005600929260254 -0.4254071116447449 -0.934931755065918 -0.015155059285461903 0.9997740983963013 0.014902163296937943 -0.37173232436180115 0.42560985684394836 -0.007036106660962105 0.9048793911933899 18.400163650512695
0.8830859661102295 0.024243831634521484 -0.46858444809913635 -1.1169477701187134 -0.016152895987033844 0.9996429681777954 0.02127852477133274 -0.36922791600227356 0.46893301606178284 -0.01122177392244339 0.8831624388694763 18.665050506591797
0.8584017157554626 0.02996789664030075 -0.5121020674705505 -1.3303382396697998 -0.019346896559000015 0.9994731545448303 0.026058677583932877 -0.3734770119190216 0.5126131176948547 -0.012461229227483273 0.858529269695282 18.937030792236328
0.8301482200622559 0.03381877765059471 -0.5565161108970642 -1.540004014968872 -0.020699894055724144 0.9993399977684021 0.029850829392671585 -0.3768902122974396 0.5571584105491638 -0.01326078549027443 0.8303002715110779 19.201902389526367
0.7991694808006287 0.03693724051117897 -0.5999698638916016 -1.8017514944076538 -0.022721536457538605 0.9992532134056091 0.03125372901558876 -0.36613738536834717 0.6006763577461243 -0.0113447867333889 0.7994118332862854 19.479270935058594
0.7650647163391113 0.039874862879514694 -0.6427175998687744 -2.071241617202759 -0.023145774379372597 0.9991388320922852 0.03443581238389015 -0.36108776926994324 0.6435373425483704 -0.011469428427517414 0.7653288245201111 19.75373649597168
0.7280318737030029 0.04420166462659836 -0.6841168999671936 -2.3726251125335693 -0.02464904636144638 0.9989618062973022 0.0383128747344017 -0.34680524468421936 0.6851000785827637 -0.011030166409909725 0.728365421295166 20.0229434967041
0.688445508480072 0.044436004012823105 -0.7239255309104919 -2.699537754058838 -0.02151983603835106 0.9989334940910339 0.0408514067530632 -0.3271235525608063 0.7249687910079956 -0.01254520658403635 0.6886675357818604 20.29559898376465
0.6477487683296204 0.04469304531812668 -0.7605419754981995 -3.074174404144287 -0.01965443789958954 0.9989258050918579 0.04196205362677574 -0.3091355264186859 0.7616004347801208 -0.012232840992510319 0.6479313969612122 20.574939727783203
0.6066058874130249 0.04334205761551857 -0.793820321559906 -3.4339325428009033 -0.013608451001346111 0.9989326000213623 0.04414201155304909 -0.3032342791557312 0.7948861122131348 -0.015974143519997597 0.6065482497215271 20.78193473815918
0.561356782913208 0.042958490550518036 -0.8264581561088562 -3.836005926132202 -0.008460569195449352 0.9988975524902344 0.0461750254034996 -0.2853519916534424 0.8275306224822998 -0.01892836019396782 0.5611013174057007 21.02860450744629
0.5152304172515869 0.04479297623038292 -0.8558803796768188 -4.27311372756958 -0.006727172993123531 0.9988138675689697 0.04822380468249321 -0.2670435309410095 0.8570253252983093 -0.019088715314865112 0.5149206519126892 21.238889694213867
0.465378999710083 0.04426240548491478 -0.8840041160583496 -4.730146408081055 -0.0063862670212984085 0.9988906979560852 0.04665280878543854 -0.2390957474708557 0.8850884437561035 -0.016065753996372223 0.4651454985141754 21.433937072753906
0.41263002157211304 0.043693192303180695 -0.9098501801490784 -5.1828107833862305 -0.00018293247558176517 0.9988528490066528 0.04788435623049736 -0.23121288418769836 0.9108986854553223 -0.019592083990573883 0.41216471791267395 21.61652374267578
0.35948267579078674 0.04271026700735092 -0.9321738481521606 -5.686638832092285 0.004070545081049204 0.9988707304000854 0.04733593389391899 -0.20717304944992065 0.933142900466919 -0.02081090398132801 0.3589029014110565 21.778583526611328
0.30480536818504333 0.04155323654413223 -0.9515077471733093 -6.212845802307129 0.00697391526773572 0.9989235997200012 0.045857954770326614 -0.1814509481191635 0.9523891806602478 -0.02061348408460617 0.30418750643730164 21.920249938964844
0.2518831193447113 0.047267988324165344 -0.966602623462677 -6.782429218292236 0.007838520221412182 0.9986740946769714 0.05087893083691597 -0.15014822781085968 0.9677259922027588 -0.02039227820932865 0.2511785924434662 22.027719497680664
0.2010613977909088 0.052698615938425064 -0.9781601428985596 -7.372954845428467 0.010895663872361183 0.9983698725700378 0.056027017533779144 -0.1287311464548111 0.9795181155204773 -0.02192257158458233 0.20015938580036163 22.113998413085938
0.15283159911632538 0.053606066852808 -0.9867972731590271 -7.975867748260498 0.016312699764966965 0.9982548356056213 0.056754931807518005 -0.09696555882692337 0.9881175756454468 -0.024771276861429214 0.15169045329093933 22.192476272583008
0.10843968391418457 0.05513525381684303 -0.9925729036331177 -8.594670295715332 0.019384345039725304 0.9981536865234375 0.057563018053770065 -0.07656913250684738 0.993914008140564 -0.02548249438405037 0.1071707159280777 22.237333297729492
0.06836695969104767 0.053399719297885895 -0.9962300658226013 -9.230834007263184 0.01865118183195591 0.9983236193656921 0.0547918826341629 -0.045112404972314835 0.9974858164787292 -0.022326823323965073 0.0672563910484314 22.245220184326172
0.03263332322239876 0.04892553389072418 -0.9982692003250122 -9.866035461425781 0.016515715047717094 0.998638391494751 0.0494835264980793 -0.012015129439532757 0.9993308782577515 -0.018101945519447327 0.031780850142240524 22.245101928710938
0.004210569895803928 0.04897993430495262 -0.9987908601760864 -10.542826652526855 0.01448998972773552 0.9986918568611145 0.049036163836717606 0.023716283962130547 0.999886155128479 -0.014678940176963806 0.003495339071378112 22.22258758544922
-0.017030421644449234 0.0530376099050045 -0.9984472990036011 -11.238428115844727 0.013095807284116745 0.9985182881355286 0.05281800031661987 0.05472535640001297 0.9997692108154297 -0.01217595860362053 -0.017699753865599632 22.197729110717773
-0.02995104342699051 0.0589308962225914 -0.9978126287460327 -11.966337203979492 0.014495928771793842 0.9981811046600342 0.05851753428578377 0.09151044487953186 0.9994462728500366 -0.012711559422314167 -0.030750822275877 22.164608001708984
-0.03802024573087692 0.06172243505716324 -0.9973689317703247 -12.7098388671875 0.014315227046608925 0.9980218410491943 0.061217136681079865 0.1219278872013092 0.9991744160652161 -0.011950071901082993 -0.03882860764861107 22.13311767578125
-0.041508883237838745 0.05898743122816086 -0.9973953366279602 -13.471357345581055 0.01533522643148899 0.9981757402420044 0.058395374566316605 0.15671052038669586 0.9990204572677612 -0.01287135574966669 -0.042337752878665924 22.093345642089844
-0.0407656691968441 0.05507313832640648 -0.9976497888565063 -14.252958297729492 0.022678351029753685 0.9982736110687256 0.05418090149760246 0.19482481479644775 0.9989112615585327 -0.02041633240878582 -0.041944265365600586 22.06410789489746
-0.03663792833685875 0.053291380405426025 -0.9979066252708435 -15.060818672180176 0.03453456982970238 0.9980481863021851 0.0520310141146183 0.2412831336259842 0.9987317323684692 -0.0325559638440609 -0.03840681165456772 22.050739288330078
-0.030844319611787796 0.05363732576370239 -0.9980840086936951 -15.885475158691406 0.035132866352796555 0.9980002641677856 0.052547093480825424 0.27700239419937134 0.998906672000885 -0.03344476968050003 -0.03266707435250282 22.025976181030273
-0.025861719623208046 0.05236070230603218 -0.9982932806015015 -16.737512588500977 0.03319472447037697 0.9981217384338379 0.05149174854159355 0.30663686990737915 0.9991142153739929 -0.031806401908397675 -0.02755124121904373 21.99858856201172
-0.02294284477829933 0.04574396088719368 -0.9986897110939026 -17.60856056213379 0.03687421232461929 0.9983116984367371 0.04487953707575798 0.34793710708618164 0.9990565776824951 -0.035796232521533966 -0.024590885266661644 21.9910888671875
-0.02067522145807743 0.0348687544465065 -0.9991779923439026 -18.492605209350586 0.03442476689815521 0.998823881149292 0.034144069999456406 0.385964572429657 0.9991934299468994 -0.03369054198265076 -0.021851252764463425 21.96834373474121
-0.02013390138745308 0.026602240279316902 -0.9994433522224426 -19.390644073486328 0.02683180570602417 0.9993002414703369 0.026057908311486244 0.41119641065597534 0.999437153339386 -0.0262922216206789 -0.02083360031247139 21.933895111083984
-0.021257838234305382 0.02368546649813652 -0.999493420124054 -20.3123722076416 0.02122657746076584 0.9995047450065613 0.02323427051305771 0.4377710223197937 0.9995487332344055 -0.0207219161093235 -0.0217500701546669 21.898473739624023
-0.02496030554175377 0.029964860528707504 -0.9992392063140869 -21.259246826171875 0.01198442280292511 0.9994878172874451 0.029672954231500626 0.4534147381782532 0.9996165633201599 -0.011234660632908344 -0.02530663274228573 21.860334396362305
-0.029993221163749695 0.038215529173612595 -0.9988192319869995 -22.221893310546875 0.0074532171711325645 0.9992495775222778 0.0380081832408905 0.4774470329284668 0.99952232837677 -0.006304428447037935 -0.03025554120540619 21.813661575317383
-0.03423561155796051 0.04771009087562561 -0.9982743859291077 -23.191030502319336 0.005955392029136419 0.998852014541626 0.04753345623612404 0.5124639868736267 0.999396026134491 -0.004317780025303364 -0.03448043763637543 21.764232635498047
-0.03625379130244255 0.05758122354745865 -0.9976823329925537 -24.232667922973633 0.004386216402053833 0.9983382821083069 0.05745968967676163 0.5554799437522888 0.9993329644203186 -0.0022929194383323193 -0.036446113139390945 21.731231689453125
-0.03718528151512146 0.06532701104879379 -0.9971708059310913 -25.251338958740234 0.006369309965521097 0.9978561401367188 0.06513439118862152 0.6025195121765137 0.9992880821228027 -0.0039292494766414165 -0.03752164915204048 21.690893173217773
-0.038845717906951904 0.06605487316846848 -0.9970595240592957 -26.28008270263672 0.00725157605484128 0.9978050589561462 0.06582173705101013 0.6580793261528015 0.9992189407348633 -0.004673360846936703 -0.03923945128917694 21.649198532104492
-0.040304847061634064 0.06337983906269073 -0.9971752166748047 -27.283130645751953 0.0059878649190068245 0.9979835748672485 0.06318920850753784 0.7071501016616821 0.9991694688796997 -0.003424119669944048 -0.04060308262705803 21.599599838256836
-0.04323611781001091 0.058440953493118286 -0.9973541498184204 -28.299243927001953 0.005617170128971338 0.9982860088348389 0.05825206637382507 0.7557121515274048 0.9990490674972534 -0.0030837147496640682 -0.04349028691649437 21.55196762084961
-0.04764879494905472 0.05342018976807594 -0.9974346160888672 -29.331636428833008 0.005814974196255207 0.9985668063163757 0.0532030425965786 0.7993711829185486 0.998847246170044 -0.003264996223151684 -0.04789113998413086 21.49340057373047
-0.05316901579499245 0.04874870926141739 -0.9973949193954468 -30.34836196899414 0.00598569680005312 0.9988053441047668 0.04849855974316597 0.8416227102279663 0.998567521572113 -0.0033914833329617977 -0.053397286683321 21.432392120361328
-0.05983886867761612 0.04685469716787338 -0.9971078634262085 -31.37141990661621 0.00509524904191494 0.9988991618156433 0.04663309454917908 0.882207453250885 0.9981950521469116 -0.002290040720254183 -0.06001172587275505 21.355178833007812
-0.06664346158504486 0.04918145760893822 -0.9965641498565674 -32.424957275390625 0.005385220982134342 0.9987876415252686 0.04893107712268829 0.9247733354568481 0.9977623224258423 -0.0021057818084955215 -0.06682750582695007 21.283571243286133
-0.07296489924192429 0.05393832176923752 -0.9958750009536743 -33.4931526184082 0.0037870267406105995 0.9985442757606506 0.05380543693900108 0.9677035212516785 0.9973273277282715 0.00015450311184395105 -0.0730629414319992 21.197874069213867
-0.07933869957923889 0.05700387433171272 -0.9952165484428406 -34.5556526184082 0.0006888433708809316 0.9983665347099304 0.0571293905377388 1.007346272468567 0.9968474507331848 0.0038470227736979723 -0.0792483538389206 21.10642433166504
-0.08383747935295105 0.0593290813267231 -0.994711697101593 -35.61147689819336 -0.001873544417321682 0.9982147812843323 0.05969593673944473 1.053672432899475 0.9964776635169983 0.0068683922290802 -0.08357664942741394 21.004833221435547
-0.08630822598934174 0.06043737754225731 -0.9944336414337158 -36.68506622314453 -0.00663497531786561 0.9981011748313904 0.061236146837472916 1.106563687324524 0.996246337890625 0.011883227154612541 -0.08574334532022476 20.89749526977539
-0.08798108994960785 0.06175568699836731 -0.9942060112953186 -37.759979248046875 -0.010773680172860622 0.9979589581489563 0.06294220685958862 1.1585135459899902 0.996063768863678 0.016248980537056923 -0.0871361792087555 20.792558670043945
-0.08931291848421097 0.0612400621175766 -0.9941191077232361 -38.84096908569336 -0.011842604726552963 0.9979721307754517 0.06254136562347412 1.2092615365982056 0.9959332346916199 0.01735871285200119 -0.08840657770633698 20.679677963256836
-0.09056407958269119 0.060639865696430206 -0.9940426349639893 -39.92333984375 -0.012265981175005436 0.9980008602142334 0.06199882924556732 1.2599908113479614 0.9958151578903198 0.017807776108384132 -0.08963921666145325 20.56962776184082
-0.09177809953689575 0.059485889971256256 -0.9940010905265808 -41.01974105834961 -0.01376649085432291 0.9980428814888 0.06099886819720268 1.3192795515060425 0.9956842660903931 0.01928226463496685 -0.09077958017587662 20.46909523010254
-0.09255801886320114 0.05855821445584297 -0.9939838647842407 -42.10780715942383 -0.015941670164465904 0.998054027557373 0.06028246134519577 1.3719364404678345 0.9955796599388123 0.021425388753414154 -0.09144439548254013 20.355913162231445
-0.09297385811805725 0.05634629726409912 -0.9940729141235352 -43.17317581176758 -0.020564960315823555 0.9980758428573608 0.05849659442901611 1.414291262626648 0.9954560995101929 0.025881722569465637 -0.09163620322942734 20.239707946777344
-0.0937364399433136 0.051341794431209564 -0.9942723512649536 -44.282325744628906 -0.02529478818178177 0.9982242584228516 0.05393056198954582 1.4631550312042236 0.9952756762504578 0.030205167829990387 -0.09227130562067032 20.134807586669922
-0.09279453754425049 0.05028919503092766 -0.9944144487380981 -45.38604736328125 -0.027186699211597443 0.9982233643531799 0.05301876366138458 1.5178686380386353 0.9953140616416931 0.031954698264598846 -0.09126247465610504 20.019824981689453
-0.091459721326828 0.054807260632514954 -0.9942993521690369 -46.50471496582031 -0.02761347033083439 0.9979606866836548 0.05754908546805382 1.5598599910736084 0.9954257607460022 0.032719485461711884 -0.08975978940725327 19.919715881347656
-0.08945589512586594 0.05802242085337639 -0.9942992329597473 -47.61261749267578 -0.027791829779744148 0.9977675676345825 0.06072520837187767 1.6058917045593262 0.9956029057502747 0.03306562826037407 -0.08764363825321198 19.811553955078125
-0.08796686679124832 0.05760350078344345 -0.99445641040802 -48.72563171386719 -0.0259648896753788 0.9978547692298889 0.06009713187813759 1.6629443168640137 0.9957849383354187 0.031107507646083832 -0.08628249168395996 19.711715698242188
-0.08545969426631927 0.05656628683209419 -0.994734525680542 -49.8329963684082 -0.025659261271357536 0.9979310035705566 0.058952491730451584 1.7159287929534912 0.9960111379623413 0.030562210828065872 -0.08383142948150635 19.611255645751953
-0.08135475963354111 0.05699079483747482 -0.9950546026229858 -50.967323303222656 -0.030160147696733475 0.9977658987045288 0.0596119649708271 1.77403724193573 0.9962287545204163 0.03486071527004242 -0.07945414632558823 19.508333206176758
-0.07551358640193939 0.05794095620512962 -0.9954599738121033 -52.089942932128906 -0.03516792133450508 0.9975343942642212 0.060729485005140305 1.824306845664978 0.9965243935585022 0.03959415853023529 -0.07328974455595016 19.404937744140625
-0.06915732473134995 0.05709555372595787 -0.9959705471992493 -53.21120834350586 -0.03934910148382187 0.9974278211593628 0.05991138517856598 1.8836390972137451 0.9968294501304626 0.043333858251571655 -0.06673277914524078 19.307804107666016
-0.0638769268989563 0.05642665550112724 -0.996361255645752 -54.36684799194336 -0.04050426185131073 0.9974308609962463 0.0590839758515358 1.9400607347488403 0.9971354603767395 0.04413097724318504 -0.06142730265855789 19.239126205444336
-0.05818839743733406 0.05538932979106903 -0.9967678189277649 -55.5038948059082 -0.04021516069769859 0.9975190758705139 0.05777871981263161 1.996996521949768 0.9974952936172485 0.04344722628593445 -0.05581654980778694 19.17177391052246
-0.052702777087688446 0.05516696348786354 -0.9970852732658386 -56.646297454833984 -0.03882186487317085 0.9976049065589905 0.05724772438406944 2.045860528945923 0.9978553652763367 0.041725825518369675 -0.050434865057468414 19.102869033813477
-0.04736176133155823 0.05594649538397789 -0.9973098039627075 -57.78702926635742 -0.037478215992450714 0.9976276755332947 0.05774415284395218 2.0950684547424316 0.9981744885444641 0.04011226072907448 -0.04515262693166733 19.04839324951172
-0.04107731208205223 0.05764608085155487 -0.9974915981292725 -58.93912887573242 -0.03675486892461777 0.9975714087486267 0.05916427820920944 2.1446151733398438 0.9984797239303589 0.039092984050512314 -0.03885877504944801 18.988142013549805
-0.035786647349596024 0.05893775820732117 -0.9976199865341187 -60.09916687011719 -0.037352778017520905 0.99748295545578 0.06026958301663399 2.196336030960083 0.9986611604690552 0.0394207201898098 -0.03349508345127106 18.944332122802734
-0.03085426241159439 0.05788678675889969 -0.997846245765686 -61.248661041259766 -0.03689420595765114 0.9975752234458923 0.05901186540722847 2.250096082687378 0.9988427758216858 0.03863551467657089 -0.028643760830163956 18.913393020629883
-0.02570490911602974 0.05354122444987297 -0.998234748840332 -62.399532318115234 -0.03708633780479431 0.9978262782096863 0.054474301636219025 2.298340082168579 0.9989814162254333 0.03842112421989441 -0.023663384839892387 18.87285041809082
-0.02112388424575329 0.04833722114562988 -0.9986076951026917 -63.55508041381836 -0.03715915605425835 0.9981024265289307 0.049098800867795944 2.3389830589294434 0.9990860819816589 0.03814457356929779 -0.019287630915641785 18.842039108276367
-0.01760098524391651 0.04795338585972786 -0.9986944794654846 -64.71754455566406 -0.036931686103343964 0.9981364011764526 0.04857746884226799 2.3805549144744873 0.9991627931594849 0.03773847967386246 -0.01579718478024006 18.82061195373535
-0.01377954613417387 0.05061398819088936 -0.9986231923103333 -65.87741088867188 -0.03632160276174545 0.9980335831642151 0.05108529329299927 2.4175472259521484 0.9992451071739197 0.036975521594285965 -0.011914066970348358 18.786951065063477
-0.012402971275150776 0.05024152994155884 -0.9986600875854492 -67.05870056152344 -0.036157917231321335 0.9980611801147461 0.05066046491265297 2.455476760864258 0.9992690682411194 0.03673780709505081 -0.010562296025454998 18.781753540039062
-0.01128359604626894 0.04971754178404808 -0.9986996054649353 -68.2311782836914 -0.03802923858165741 0.998019278049469 0.05011333152651787 2.5055418014526367 0.999212920665741 0.03854524344205856 -0.009370526298880577 18.759214401245117
-0.010010131634771824 0.05079043656587601 -0.9986591339111328 -69.3883285522461 -0.03915775194764137 0.9979232549667358 0.05114550143480301 2.5461223125457764 0.9991828799247742 0.03961721807718277 -0.008000503294169903 18.74024200439453
-0.009623006917536259 0.05083024874329567 -0.9986608624458313 -70.57342529296875 -0.03946439176797867 0.9979097843170166 0.05117228627204895 2.5838348865509033 0.9991746544837952 0.03990396857261658 -0.007596907671540976 18.73114013671875
-0.008442671038210392 0.048447784036397934 -0.9987899661064148 -71.74456787109375 -0.03989502787590027 0.9980140328407288 0.04874737560749054 2.6304397583007812 0.9991682171821594 0.04025831073522568 -0.0064930785447359085 18.714887619018555
-0.007475815713405609 0.047012463212013245 -0.9988662004470825 -72.92782592773438 -0.03794410452246666 0.9981615543365479 0.04726326838135719 2.6746344566345215 0.9992519617080688 0.03825441002845764 -0.005678224842995405 18.699134826660156
-0.007586647756397724 0.04719105735421181 -0.9988572001457214 -74.11937713623047 -0.034902606159448624 0.9982646703720093 0.04742816835641861 2.705974578857422 0.9993619322776794 0.03522253781557083 -0.005926392041146755 18.69527244567871
-0.007257848512381315 0.04745596647262573 -0.9988469481468201 -75.30543518066406 -0.032865628600120544 0.9983222484588623 0.047669846564531326 2.75177264213562 0.9994333982467651 0.03317371383309364 -0.005686001852154732 18.683443069458008
-0.007223896216601133 0.05078227445483208 -0.9986836314201355 -76.49828338623047 -0.0324532687664032 0.9981715679168701 0.050990991294384 2.783717393875122 0.9994471669197083 0.032778896391391754 -0.0055626388639211655 18.674856185913086
-0.006208447273820639 0.05440395325422287 -0.9984996914863586 -77.67778015136719 -0.0348709374666214 0.9978998303413391 0.054588090628385544 2.826047897338867 0.9993726015090942 0.035157524049282074 -0.004298291634768248 18.649686813354492
-0.00587195809930563 0.054487112909555435 -0.9984972476959229 -78.86509704589844 -0.037373896688222885 0.9978047609329224 0.054669126868247986 2.8687548637390137 0.9992841482162476 0.037638742476701736 -0.0038226726464927197 18.633516311645508
-0.005752064753323793 0.052344195544719696 -0.9986124634742737 -80.05974578857422 -0.03867238759994507 0.9978703856468201 0.052528053522109985 2.908557415008545 0.9992353916168213 0.03892088308930397 -0.003715540049597621 18.62587547302246
-0.005268348380923271 0.049738992005586624 -0.9987483620643616 -81.24177551269531 -0.03838727995753288 0.9980161190032959 0.049905017018318176 2.9559197425842285 0.9992491006851196 0.03860215097665787 -0.0033485509920865297 18.61391830444336
-0.004995676688849926 0.049631278961896896 -0.9987550377845764 -82.4229965209961 -0.03609621524810791 0.9981076717376709 0.04977966845035553 2.988959312438965 0.9993358254432678 0.036299966275691986 -0.0031947214156389236 18.597455978393555
-0.005102795083075762 0.05069337412714958 -0.9987012147903442 -83.59834289550781 -0.03503397852182388 0.9980921149253845 0.05084146186709404 3.0332531929016113 0.9993730783462524 0.035247910767793655 -0.0033170683309435844 18.592777252197266
-0.004111494403332472 0.05329592153429985 -0.9985703229904175 -84.77884674072266 -0.03395826742053032 0.9979953169822693 0.05340505763888359 3.0793800354003906 0.9994148015975952 0.03412929177284241 -0.002293414669111371 18.5764217376709
-0.004227502271533012 0.056118641048669815 -0.9984151721000671 -85.93756866455078 -0.034898143261671066 0.9978076219558716 0.0562322661280632 3.1127498149871826 0.999381959438324 0.035080552101135254 -0.0022597971837967634 18.57288360595703
-0.004136714618653059 0.056266337633132935 -0.9984071850776672 -87.10293579101562 -0.03621622920036316 0.9977523684501648 0.05637948960065842 3.1587796211242676 0.9993354082107544 0.03639177232980728 -0.0020896613132208586 18.562490463256836
-0.003572416491806507 0.05402094125747681 -0.9985334277153015 -88.2711181640625 -0.035912614315748215 0.9978887438774109 0.05411454290151596 3.203807830810547 0.9993485808372498 0.036053262650966644 -0.0016248407773673534 18.54778289794922
-0.0034463745541870594 0.05255846679210663 -0.9986119270324707 -89.442138671875 -0.034861594438552856 0.9980044364929199 0.052646808326244354 3.2480666637420654 0.999386191368103 0.034994643181562424 -0.0016072256257757545 18.545597076416016
-0.00352215813472867 0.053925711661577225 -0.9985387921333313 -90.60498046875 -0.033257029950618744 0.9979861378669739 0.05401318147778511 3.287064790725708 0.999440610408783 0.033398669213056564 -0.0017216566484421492 18.53904151916504
-0.0028436267748475075 0.05638837069272995 -0.998404860496521 -91.77764129638672 -0.0312795527279377 0.9979152679443359 0.05644981563091278 3.3391597270965576 0.9995065927505493 0.03139018267393112 -0.0010738956043496728 18.524499893188477
-0.00328744831494987 0.05894242599606514 -0.9982559680938721 -92.9317398071289 -0.029291097074747086 0.9978274703025818 0.059013571590185165 3.380110025405884 0.9995655417442322 0.029434019699692726 -0.0015538176521658897 18.531503677368164
-0.003027067519724369 0.06105105206370354 -0.9981300830841064 -94.10272216796875 -0.029973363503813744 0.9976806044578552 0.061114467680454254 3.4252049922943115 0.9995461106300354 0.030102310702204704 -0.0011901409598067403 18.52358627319336
-0.0024681948125362396 0.06254851073026657 -0.9980388283729553 -95.26427459716797 -0.0328042134642601 0.9974996447563171 0.06259583681821823 3.4822773933410645 0.9994587898254395 0.032894380390644073 -0.0004101686063222587 18.50713348388672
-0.0016908268444240093 0.062173664569854736 -0.998063862323761 -96.42019653320312 -0.034981805831193924 0.9974507093429565 0.062194742262363434 3.5250236988067627 0.9993864893913269 0.03501923382282257 0.0004884307272732258 18.494115829467773
-0.0017867987044155598 0.05793783441185951 -0.9983185529708862 -97.57250213623047 -0.03738117218017578 0.997618556022644 0.05796411260962486 3.578458309173584 0.9992994666099548 0.03742188960313797 0.00038324081106111407 18.482297897338867
-0.0008015140774659812 0.05608534440398216 -0.9984256625175476 -98.7307357788086 -0.03872235491871834 0.997675359249115 0.05607428774237633 3.6298277378082275 0.9992496967315674 0.03870633244514465 0.0013721055584028363 18.463687896728516
-0.0009996328735724092 0.054588861763477325 -0.9985083341598511 -99.90554809570312 -0.038574595004320145 0.9977636337280273 0.05458676442503929 3.670281171798706 0.9992552399635315 0.038571614772081375 0.0011083459248766303 18.469179153442383
-0.0008373311720788479 0.055013507604599 -0.998485267162323 -101.0750961303711 -0.0372907817363739 0.9977895021438599 0.05500643327832222 3.7169742584228516 0.9993041157722473 0.037280354648828506 0.0012160163605585694 18.469770431518555
-0.000946297193877399 0.05705805867910385 -0.9983704090118408 -102.21549987792969 -0.03728589043021202 0.9976746439933777 0.057053640484809875 3.7627153396606445 0.9993041753768921 0.03727912902832031 0.0011833641910925508 18.462377548217773
