1.0 0.0 0.0 0.0 0.0 1.0 0.0 0.0 0.0 0.0 1.0 0.0
0.9999336004257202 -0.0025279303081333637 0.011241049505770206 0.015696482732892036 0.0025169732980430126 0.9999963641166687 0.000988761312328279 -0.0038528009317815304 -0.011243508197367191 -0.0009604022488929331 0.9999363422393799 0.2953576445579529
0.9998283982276917 -0.004557912703603506 0.017955254763364792 0.025937708094716072 0.004537048749625683 0.9999889731407166 0.0012025530450046062 -0.008871648460626602 -0.01796053722500801 -0.0011208828072994947 0.9998380541801453 0.5826444029808044
0.9997767806053162 -0.007430680096149445 0.019777288660407066 0.038120511919260025 0.007432914804667234 0.999972403049469 -3.947498043999076e-05 -0.012536673806607723 -0.019776448607444763 0.00018646907119546086 0.9998044371604919 0.8865520358085632
0.9998152852058411 -0.008709278889000416 0.017133193090558052 0.05025909096002579 0.008741350844502449 0.99996018409729 -0.0017979544354602695 -0.01007048599421978 -0.01711685210466385 0.0019473896827548742 0.9998515844345093 1.2015008926391602
0.9998822808265686 -0.011556862853467464 0.010090918280184269 0.05640154704451561 0.011591792106628418 0.9999269843101501 -0.0034098480828106403 -0.010661017149686813 -0.010050774551928043 0.0035264187026768923 0.9999432563781738 1.5202903747558594
0.9999116063117981 -0.013132907450199127 -0.0020440160296857357 0.05861020088195801 0.013121196068823338 0.9998980164527893 -0.005641405936330557 -0.009176114574074745 0.0021178952883929014 0.005614087916910648 0.9999819993972778 1.8619176149368286
0.9997492432594299 -0.012376104481518269 -0.018661968410015106 0.03961315378546715 0.012265649624168873 0.9999066591262817 -0.006021519191563129 -0.011931532062590122 0.018734749406576157 0.005791108123958111 0.9998077154159546 2.199880599975586
0.9992327094078064 -0.007762287277728319 -0.038389723747968674 0.011997390538454056 0.007548494730144739 0.9999552965164185 -0.0057108039036393166 -0.0213980320841074 0.03843233361840248 0.0054166377522051334 0.9992465376853943 2.539605140686035
0.9983022809028625 -0.004362970124930143 -0.05808215215802193 -0.03234026953577995 0.003952442668378353 0.9999663829803467 -0.007181055843830109 -0.022226940840482712 0.0581115260720253 0.006939297541975975 0.9982859492301941 2.8942668437957764
0.9969174265861511 -0.004070664290338755 -0.07835152000188828 -0.07420125603675842 0.003476504934951663 0.9999641180038452 -0.007718169596046209 -0.02485007792711258 0.07838012278079987 0.007421988528221846 0.996895968914032 3.2616827487945557
0.9949851632118225 -0.005553338676691055 -0.09986789524555206 -0.11718204617500305 0.004832505248486996 0.9999604821205139 -0.007458334788680077 -0.025102589279413223 0.09990537166595459 0.006938321050256491 0.994972825050354 3.6332809925079346
0.9928504824638367 -0.0074654221534729 -0.11913105100393295 -0.1816062033176422 0.006800536531955004 0.9999589323997498 -0.0059866891242563725 -0.03984122723340988 0.11917086690664291 0.005133732687681913 0.9928604960441589 4.014824390411377
0.9905369877815247 -0.006117256823927164 -0.1371099352836609 -0.25166240334510803 0.005389762111008167 0.9999693632125854 -0.0056765442714095116 -0.04183906316757202 0.1371404528617859 0.004883837420493364 0.9905396103858948 4.413293361663818
0.988158643245697 -0.005029184278100729 -0.1533532291650772 -0.32137903571128845 0.0043280525133013725 0.9999786019325256 -0.004905496723949909 -0.05049164220690727 0.15337462723255157 0.004183688201010227 0.9881592392921448 4.824353218078613
0.9860707521438599 -0.0038906694389879704 -0.16628095507621765 -0.4119894206523895 0.003073203144595027 0.9999818801879883 -0.005173189099878073 -0.055029358714818954 0.16629807651042938 0.004590115509927273 0.9860647916793823 5.240067005157471
0.9839081764221191 -0.00562473526224494 -0.1785861700773239 -0.49644529819488525 0.004608924966305494 0.9999706745147705 -0.006102440878748894 -0.060034915804862976 0.1786152720451355 0.0051811509765684605 0.9839053153991699 5.670012474060059
0.9820348620414734 -0.009499127976596355 -0.18846064805984497 -0.586188018321991 0.008070080541074276 0.999932587146759 -0.008348621428012848 -0.06819039583206177 0.18852724134922028 0.006677743047475815 0.9820452332496643 6.125290870666504
0.980524480342865 -0.008503863587975502 -0.19621266424655914 -0.6870035529136658 0.00662005553022027 0.9999254941940308 -0.010254710912704468 -0.07680610567331314 0.19628526270389557 0.008756055496633053 0.9805077314376831 6.579585552215576
0.979007363319397 -0.007896238937973976 -0.2036718875169754 -0.7941714525222778 0.005554124712944031 0.9999116659164429 -0.012068497017025948 -0.08137248456478119 0.2037491798400879 0.010683929547667503 0.9789648056030273 7.053077220916748
0.9772653579711914 -0.008731605485081673 -0.2118399739265442 -0.9040457010269165 0.0056793116964399815 0.9998711347579956 -0.015012680552899837 -0.08979020267724991 0.21194374561309814 0.01346826832741499 0.9771890044212341 7.536929607391357
0.9755329489707947 -0.01264694333076477 -0.21948908269405365 -1.020961880683899 0.009205088950693607 0.9998182654380798 -0.016696851700544357 -0.10127449780702591 0.21966034173965454 0.014267913065850735 0.9754720330238342 8.034198760986328
0.9734968543052673 -0.01913120038807392 -0.22789902985095978 -1.128639578819275 0.015326205641031265 0.9997122287750244 -0.018454138189554214 -0.10953685641288757 0.2281864881515503 0.014472219161689281 0.9735098481178284 8.557191848754883
0.9714664220809937 -0.01985461264848709 -0.23634470999240875 -1.2521036863327026 0.01550181396305561 0.9996745586395264 -0.02026132494211197 -0.1311493217945099 0.2366700917482376 0.01601942628622055 0.9714580178260803 9.064987182617188
0.9692975878715515 -0.016010358929634094 -0.2453690767288208 -1.3987418413162231 0.010166672058403492 0.9996342062950134 -0.02506416290998459 -0.13856828212738037 0.24568058550357819 0.021800043061375618 0.9691057205200195 9.59062385559082
0.9670611619949341 -0.012891377322375774 -0.2542174756526947 -1.5550155639648438 0.005978432483971119 0.9995914697647095 -0.027946945279836655 -0.15732339024543762 0.2544739246368408 0.025506582111120224 0.9667432904243469 10.13845157623291
0.9647825956344604 -0.015331622213125229 -0.26260170340538025 -1.7143946886062622 0.007665061391890049 0.999514639377594 -0.03019426204264164 -0.173197403550148 0.26293718814849854 0.027118034660816193 0.9644318222999573 10.708895683288574
0.9623978734016418 -0.0187928918749094 -0.27099278569221497 -1.8691871166229248 0.010603636503219604 0.9994428157806396 -0.03165212646126747 -0.19919973611831665 0.27143657207489014 0.027588436380028725 0.962060809135437 11.272202491760254
0.9601979851722717 -0.01839379407465458 -0.2787139415740967 -2.0465168952941895 0.009281964972615242 0.9993794560432434 -0.033976972103118896 -0.22241802513599396 0.27916595339775085 0.030037609860301018 0.9597729444503784 11.844985961914062
0.9579843878746033 -0.017172280699014664 -0.2863057553768158 -2.239718198776245 0.006681739818304777 0.9992713928222656 -0.03757788613438606 -0.25056612491607666 0.2867424488067627 0.03408600762486458 0.9574010968208313 12.431941986083984
0.9554592967033386 -0.01841040886938572 -0.2945482134819031 -2.4225056171417236 0.006045371759682894 0.9990638494491577 -0.04283532872796059 -0.2786034047603607 0.29506102204322815 0.03914675861597061 0.9546761512756348 13.042960166931152
0.9536411762237549 -0.02012871764600277 -0.3002724349498749 -2.6192140579223633 0.005224432330578566 0.9987176060676575 -0.050356507301330566 -0.3120904862880707 0.30090096592903137 0.04645328223705292 0.9525232911109924 13.64989185333252
0.9522988796234131 -0.020577166229486465 -0.3044723868370056 -2.828238010406494 0.0027154344134032726 0.9982559680938721 -0.05897209048271179 -0.34687820076942444 0.30515483021736145 0.055332280695438385 0.9506939053535461 14.264925003051758
0.9510589241981506 -0.02039932645857334 -0.30833548307418823 -3.035541534423828 -0.0003787386231124401 0.9977409243583679 -0.06717827171087265 -0.39042726159095764 0.309009313583374 0.06400727480649948 0.9489026665687561 14.883992195129395
0.9496312737464905 -0.019662735983729362 -0.31275200843811035 -3.2554147243499756 -0.004378278739750385 0.9970996379852295 -0.07598178088665009 -0.4423447251319885 0.31333890557289124 0.07352399080991745 0.946790874004364 15.52560043334961
0.9483264684677124 -0.01949918642640114 -0.316696435213089 -3.4823403358459473 -0.007220870349556208 0.9965251684188843 -0.08297906816005707 -0.4954078793525696 0.3172139525413513 0.08097808063030243 0.9448903203010559 16.15682601928711
0.9468061923980713 -0.017294935882091522 -0.3213396668434143 -3.721128463745117 -0.012263116426765919 0.9958903193473816 -0.08973263949155807 -0.5499919652938843 0.3215710520744324 0.08890002220869064 0.9427029490470886 16.815889358520508
0.9451884031295776 -0.016403771936893463 -0.32611343264579773 -3.966665506362915 -0.015703173354268074 0.9952981472015381 -0.09557748585939407 -0.6156522035598755 0.32614797353744507 0.0954597219824791 0.9404866099357605 17.48356056213379
0.9436078071594238 -0.014308594167232513 -0.3307563364505768 -4.215094089508057 -0.02026979811489582 0.9946942925453186 -0.10085798054933548 -0.6894657611846924 0.3304446339607239 0.10187473148107529 0.9383112192153931 18.141420364379883
0.9416965246200562 -0.01202938798815012 -0.33624833822250366 -4.463304042816162 -0.02445344813168049 0.9942708611488342 -0.10405462980270386 -0.759901225566864 0.33557364344596863 0.10621032118797302 0.9360073208808899 18.83417320251465
0.9399113655090332 -0.011061594821512699 -0.3412393629550934 -4.731867790222168 -0.02662591263651848 0.994056224822998 -0.10556183010339737 -0.8377038836479187 0.3403787612915039 0.10830456763505936 0.9340301752090454 19.539714813232422
0.9375843405723572 -0.010772746056318283 -0.3475911319255829 -5.001459121704102 -0.027343910187482834 0.994141697883606 -0.10456785559654236 -0.9214402437210083 0.3466813266277313 0.10754567384719849 0.931797206401825 20.239456176757812
0.9353008270263672 -0.011093773879110813 -0.35367950797080994 -5.271225929260254 -0.027128946036100388 0.9943184852600098 -0.10293067246675491 -1.002788782119751 0.35281193256378174 0.10586609691381454 0.9296860098838806 20.94116973876953
0.9327638745307922 -0.01133944932371378 -0.3603096604347229 -5.561168670654297 -0.026890110224485397 0.9945318698883057 -0.10091200470924377 -1.086493730545044 0.3594837188720703 0.10381583124399185 0.9273583889007568 21.662410736083984
0.9296730756759644 -0.010085676796734333 -0.3682475686073303 -5.852616786956787 -0.02810594066977501 0.9947696328163147 -0.0982009619474411 -1.1620391607284546 0.36731192469596863 0.10164473205804825 0.9245270490646362 22.363630294799805
0.9263839721679688 -0.008271299302577972 -0.3764895498752594 -6.163607120513916 -0.0285782590508461 0.9953315258026123 -0.09218616038560867 -1.2439595460891724 0.37549445033073425 0.0961591973900795 0.9218227863311768 23.096967697143555
0.9227322936058044 -0.004823652096092701 -0.38541120290756226 -6.488560199737549 -0.03115074709057808 0.995717465877533 -0.08704157173633575 -1.3248555660247803 0.38418060541152954 0.09232193231582642 0.9186304807662964 23.856298446655273
0.9190962910652161 -0.0010204591089859605 -0.3940315842628479 -6.821749210357666 -0.03469226509332657 0.995903730392456 -0.08350042253732681 -1.3975062370300293 0.3925027549266815 0.09041479974985123 0.9152960181236267 24.603548049926758
0.915138304233551 0.00022137543419376016 -0.4031398594379425 -7.167486667633057 -0.036322932690382004 0.9959779381752014 -0.08190713077783585 -1.4692540168762207 0.40150022506713867 0.08959958702325821 0.911465585231781 25.360864639282227
0.9111810922622681 -0.00015647282998543233 -0.4120060205459595 -7.517701625823975 -0.03642662987112999 0.9960532784461975 -0.08093839138746262 -1.5418697595596313 0.4103925824165344 0.08875752240419388 0.9075791835784912 26.099702835083008
0.907609224319458 2.2832397007732652e-05 -0.41981592774391174 -7.890991687774658 -0.03693512827157974 0.996126651763916 -0.0797966867685318 -1.6101218461990356 0.4181879460811615 0.08793016523122787 0.9040946364402771 26.866374969482422
0.9035283923149109 0.0005333837470971048 -0.42852771282196045 -8.276372909545898 -0.03761560842394829 0.9962379336357117 -0.07807055860757828 -1.680284023284912 0.4268738925457001 0.0866582840681076 0.900149405002594 27.657798767089844
0.8993783593177795 -0.00019554038590285927 -0.4371708333492279 -8.633957862854004 -0.036599405109882355 0.9964556694030762 -0.07574055343866348 -1.7563567161560059 0.43563616275787354 0.08411961048841476 0.8961834907531738 28.404863357543945
0.8959829211235046 0.0003195126773789525 -0.44408831000328064 -9.039200782775879 -0.03557108715176582 0.9968383312225342 -0.0710502341389656 -1.8316255807876587 0.4426615238189697 0.07945650815963745 0.893161416053772 29.185964584350586
0.8917357325553894 0.00225781905464828 -0.45255082845687866 -9.44495964050293 -0.03608561307191849 0.9971582293510437 -0.06613052636384964 -1.8897258043289185 0.4511154890060425 0.07530153542757034 0.8892831206321716 29.982315063476562
0.887896716594696 0.0023169040214270353 -0.4600369930267334 -9.866195678710938 -0.03461173176765442 0.9974895119667053 -0.06177884712815285 -1.956120252609253 0.4587390124797821 0.07077590376138687 0.8857478499412537 30.78681182861328
0.8842107653617859 0.00111013266723603 -0.4670868217945099 -10.305289268493652 -0.032908398658037186 0.9976602792739868 -0.05992552638053894 -2.017780303955078 0.46592748165130615 0.06835788488388062 0.8821784257888794 31.5925235748291
0.8807648420333862 0.0014061422552913427 -0.47355177998542786 -10.738941192626953 -0.03337400034070015 0.9976933598518372 -0.05911022797226906 -2.0801992416381836 0.4723763167858124 0.06786651909351349 0.8787802457809448 32.40925216674805
0.8778289556503296 0.0021632276475429535 -0.4789692461490631 -11.200859069824219 -0.033720120787620544 0.9977877736091614 -0.05729399994015694 -2.13838791847229 0.4777856469154358 0.0664452388882637 0.8759599924087524 33.22939682006836
0.8745392560958862 7.893722067819908e-05 -0.4849547743797302 -11.655233383178711 -0.030999062582850456 0.9979641437530518 -0.05573948100209236 -2.1956229209899902 0.4839630126953125 0.06377949565649033 0.8727611303329468 34.05950164794922
0.8720685243606567 -0.0006427744519896805 -0.48938339948654175 -12.162761688232422 -0.030601197853684425 0.997970700263977 -0.055841315537691116 -2.258140802383423 0.488426148891449 0.06367316842079163 0.87027907371521 34.91027069091797
0.8696492910385132 -0.0025766987819224596 -0.49366334080696106 -12.622422218322754 -0.029122844338417053 0.9979771971702576 -0.056512489914894104 -2.310425043106079 0.49281030893325806 0.06352292746305466 0.8678149580955505 35.75331115722656
0.8682896494865417 -0.0021469041239470243 -0.49605292081832886 -13.125779151916504 -0.029986396431922913 0.997934877872467 -0.056807152926921844 -2.371680736541748 0.4951503872871399 0.06419989466667175 0.8664320707321167 36.61861801147461
0.8678359985351562 -0.0019603732507675886 -0.49684685468673706 -13.630290031433105 -0.029768891632556915 0.9979904890060425 -0.055934641510248184 -2.4353673458099365 0.49595803022384644 0.0633326843380928 0.8660337924957275 37.473777770996094
0.8675652742385864 -0.001946031115949154 -0.4973194897174835 -14.137659072875977 -0.02885996364057064 0.9981101155281067 -0.054251354187726974 -2.498680353164673 0.49648523330688477 0.06141921877861023 0.8658695220947266 38.35783386230469
0.8674536347389221 -0.0026120489928871393 -0.49751123785972595 -14.659579277038574 -0.02775893546640873 0.9981743693351746 -0.05364074185490608 -2.5651638507843018 0.49674302339553833 0.060341235250234604 0.8657974600791931 39.230464935302734
0.8667045831680298 -0.005021716468036175 -0.49879661202430725 -15.181661605834961 -0.025549083948135376 0.9981899261474609 -0.054443299770355225 -2.627349376678467 0.4981672167778015 0.059930045157670975 0.8650074601173401 40.13872528076172
0.8656074404716492 -0.007297375239431858 -0.5006700754165649 -15.715002059936523 -0.023280637338757515 0.9982259273529053 -0.05479920282959938 -2.693120241165161 0.5001817345619202 0.059090517461299896 0.8639019131660461 41.04676055908203
0.8640152812004089 -0.007673133164644241 -0.5034070611000061 -16.259981155395508 -0.021966680884361267 0.9983571171760559 -0.052919551730155945 -2.754335403442383 0.5029860138893127 0.05678148940205574 0.862427294254303 41.981224060058594
0.8619948625564575 -0.00679225055500865 -0.5068715810775757 -16.80813980102539 -0.021029995754361153 0.9985701441764832 -0.0491451695561409 -2.8172807693481445 0.5064806342124939 0.05302238091826439 0.8606196641921997 42.89168167114258
0.8592343926429749 -0.006510973442345858 -0.5115407109260559 -17.355915069580078 -0.019298909232020378 0.9987947344779968 -0.045129187405109406 -2.879178762435913 0.5112180113792419 0.04864872246980667 0.8580731749534607 43.8067626953125
0.8552296161651611 -0.0071252440102398396 -0.518200159072876 -17.93204689025879 -0.017677752301096916 0.9989225268363953 -0.042910266667604446 -2.9478278160095215 0.5179474949836731 0.04585874080657959 0.854182243347168 44.7313346862793
0.8499298691749573 -0.010570717975497246 -0.5267897844314575 -18.496326446533203 -0.01580643095076084 0.9988371133804321 -0.04554528370499611 -3.0041158199310303 0.5266585946083069 0.04703696072101593 0.8487745523452759 45.63778305053711
0.8438543081283569 -0.014246421866118908 -0.5363831520080566 -19.06513214111328 -0.014019963331520557 0.9987207055091858 -0.04858281835913658 -3.066779613494873 0.536389172077179 0.048516880720853806 0.8425750732421875 46.53641891479492
0.8378365635871887 -0.014263632707297802 -0.545734703540802 -19.650300979614258 -0.01410924457013607 0.9987589716911316 -0.047765281051397324 -3.127436876296997 0.545738697052002 0.047719404101371765 0.8365955352783203 47.41684341430664
0.8317476511001587 -0.010865284129977226 -0.5550475716590881 -20.250415802001953 -0.015484738163650036 0.998965322971344 -0.042759284377098083 -3.1885945796966553 0.5549379587173462 0.044159699231386185 0.8307188749313354 48.31554412841797
0.8266575932502747 -0.005976762156933546 -0.5626735687255859 -20.858613967895508 -0.018809279426932335 0.9990913271903992 -0.03824625536799431 -3.248819351196289 0.5623909831047058 0.04220004752278328 0.8257939219474792 49.193172454833984
0.8225812911987305 -0.006242669187486172 -0.5686132907867432 -21.478546142578125 -0.020015114918351173 0.9990022778511047 -0.0399225652217865 -3.300769805908203 0.5682951807975769 0.04422041401267052 0.8216356635093689 50.06776428222656
0.8188406825065613 -0.009198556654155254 -0.5739471316337585 -22.09731101989746 -0.019695710390806198 0.9988324642181396 -0.04410766437649727 -3.362399101257324 0.5736827850341797 0.047421447932720184 0.8177036643028259 50.96049499511719
0.8159300684928894 -0.010653768666088581 -0.5780526399612427 -22.71929931640625 -0.023141680285334587 0.9984270930290222 -0.05106627196073532 -3.4209542274475098 0.5776875019073486 0.05504360422492027 0.8144000172615051 51.80725860595703
0.8125011920928955 -0.012031198479235172 -0.5828354954719543 -23.350419998168945 -0.022933026775717735 0.9983534812927246 -0.05257830023765564 -3.4846770763397217 0.582508385181427 0.05608610808849335 0.8108873963356018 52.69112777709961
0.8093740940093994 -0.010593222454190254 -0.5871979594230652 -23.982154846191406 -0.02225731685757637 0.9985657930374146 -0.04869316518306732 -3.549225330352783 0.5868714451789856 0.052480436861515045 0.8079774975776672 53.53715133666992
0.8060518503189087 -0.008150710724294186 -0.5917888879776001 -24.622472763061523 -0.021965766325592995 0.9988042712211609 -0.043675221502780914 -3.6080520153045654 0.5914372205734253 0.048203591257333755 0.8049089312553406 54.405921936035156
0.8028281927108765 -0.0064796446822583675 -0.5961753129959106 -25.25649642944336 -0.021930435672402382 0.9989433884620667 -0.040389418601989746 -3.671992301940918 0.595806896686554 0.045500144362449646 0.8018378019332886 55.263851165771484
0.8001213669776917 -0.005529891699552536 -0.5998126268386841 -25.92864418029785 -0.023786814883351326 0.9988783597946167 -0.04093950241804123 -3.7260499000549316 0.599366307258606 0.0470241978764534 0.7990924715995789 56.11796188354492
0.7968212366104126 -0.006674054078757763 -0.6041780710220337 -26.592256546020508 -0.024050956591963768 0.9987961649894714 -0.04275284707546234 -3.7811439037323 0.603736162185669 0.04859745129942894 0.7957016229629517 56.979881286621094
0.7924241423606873 -0.0099209388718009 -0.609889805316925 -27.258119583129883 -0.02242468297481537 0.9987179040908813 -0.04538210108876228 -3.8423707485198975 0.6095581650733948 0.049638453871011734 0.791185736656189 57.84267044067383
0.7881172895431519 -0.011110479012131691 -0.6154248714447021 -27.92723846435547 -0.021619202569127083 0.9987204670906067 -0.045715946704149246 -3.9021496772766113 0.6151453852653503 0.04933452233672142 0.786868691444397 58.69492721557617
0.7833163142204285 -0.011150222271680832 -0.6215232610702515 -28.602283477783203 -0.02130858413875103 0.9987698197364807 -0.044773656874895096 -3.9632797241210938 0.6212579607963562 0.04831571877002716 0.7821151614189148 59.542930603027344
0.778491735458374 -0.010911467485129833 -0.6275599598884583 -29.287689208984375 -0.021304551512002945 0.9988132119178772 -0.04379492253065109 -4.024374961853027 0.6272931694984436 0.04746386408805847 0.777335524559021 60.38332748413086
0.773166835308075 -0.012082231231033802 -0.6340875625610352 -29.984024047851562 -0.021291635930538177 0.9987603425979614 -0.044992595911026 -4.081910133361816 0.6338452100753784 0.048287533223629 0.7719511389732361 61.21918487548828
0.7675431370735168 -0.013808834366500378 -0.6408484578132629 -30.687660217285156 -0.020316286012530327 0.9987414479255676 -0.04585340619087219 -4.144299030303955 0.6406752467155457 0.048214126378297806 0.7662967443466187 62.06446075439453
0.7614971995353699 -0.015755562111735344 -0.6479766964912415 -31.39068603515625 -0.018698398023843765 0.9987544417381287 -0.04625893756747246 -4.213172912597656 0.6478984355926514 0.04734217748045921 0.7602541446685791 62.907432556152344
0.755736231803894 -0.017274344339966774 -0.6546483039855957 -32.11026382446289 -0.018434761092066765 0.998694658279419 -0.047634150832891464 -4.271641731262207 0.65461665391922 0.04806714132428169 0.754431426525116 63.72816848754883
0.7498671412467957 -0.01944849081337452 -0.6613024473190308 -32.84282684326172 -0.016880985349416733 0.9986799359321594 -0.048512306064367294 -4.3370866775512695 0.6613730192184448 0.04754122719168663 0.7485489249229431 64.55060577392578
0.7434520125389099 -0.020730547606945038 -0.6684678792953491 -33.582763671875 -0.01584179513156414 0.99869304895401 -0.048590321093797684 -4.400848865509033 0.6686015725135803 0.04671429842710495 0.7421520352363586 65.37840270996094
0.7371881008148193 -0.020417222753167152 -0.6753790378570557 -34.33167266845703 -0.015223639085888863 0.9987877607345581 -0.04681099206209183 -4.466513156890869 0.6755160689353943 0.044790223240852356 0.7359836101531982 66.1841812133789
0.7310222387313843 -0.020731423050165176 -0.6820385456085205 -35.0992317199707 -0.014822624623775482 0.9988201260566711 -0.046247582882642746 -4.527459144592285 0.6821925640106201 0.04391761124134064 0.7298524379730225 66.9933090209961
0.7240890264511108 -0.02278311550617218 -0.6893301010131836 -35.861289978027344 -0.0131619181483984 0.9988157749176025 -0.04683755338191986 -4.597856521606445 0.6895809173583984 0.042987462133169174 0.7229316830635071 67.79743194580078
0.7175309658050537 -0.02459876611828804 -0.6960921287536621 -36.64482879638672 -0.012702299281954765 0.9987478852272034 -0.04838763549923897 -4.661829471588135 0.6964108347892761 0.04356158897280693 0.7163199782371521 68.60381317138672
0.7115293145179749 -0.02382253296673298 -0.7022523880004883 -37.45500183105469 -0.014560593292117119 0.9987106323242188 -0.04863223433494568 -4.720198154449463 0.7025054693222046 0.04482847824692726 0.7102649807929993 69.40621948242188
0.7061943411827087 -0.02345305308699608 -0.7076295018196106 -38.26596450805664 -0.014546358957886696 0.9987596869468689 -0.04761888086795807 -4.785534858703613 0.7078686356544495 0.043921612203121185 0.7049772143363953 70.205322265625
0.7010732293128967 -0.023063458502292633 -0.7127162218093872 -39.088951110839844 -0.015379278920590878 0.9987553358078003 -0.047447703778743744 -4.854331016540527 0.7129234075546265 0.04422536864876747 0.6998459100723267 71.00897216796875
0.6961157321929932 -0.024214889854192734 -0.7175211310386658 -39.920257568359375 -0.015257228165864944 0.9987064003944397 -0.048506394028663635 -4.920311450958252 0.7177673578262329 0.04471345245838165 0.6948457956314087 71.80669403076172
0.6909933686256409 -0.025856347754597664 -0.722398579120636 -40.74126052856445 -0.015949899330735207 0.9985714554786682 -0.05099773034453392 -4.992496013641357 0.7226850390434265 0.04676127806305885 0.6895938515663147 72.5871810913086
0.686032772064209 -0.028885124251246452 -0.7269970178604126 -41.61372375488281 -0.015083009377121925 0.9984322786331177 -0.05390293896198273 -5.05543327331543 0.7274143099784851 0.047944482415914536 0.6845215559005737 73.38471221923828
0.6806617379188538 -0.029704896733164787 -0.7319954037666321 -42.45856475830078 -0.014740982092916965 0.9984201192855835 -0.05422382429242134 -5.126524925231934 0.7324495315551758 0.04769841209053993 0.6791484355926514 74.16756439208984
0.675885796546936 -0.028617465868592262 -0.7364505529403687 -43.33135986328125 -0.01534538809210062 0.9984828233718872 -0.052883081138134 -5.205011367797852 0.7368465662002563 0.047044046223163605 0.6744212508201599 74.95947265625
0.6706953048706055 -0.029052723199129105 -0.7411637902259827 -44.198638916015625 -0.014557480812072754 0.99852454662323 -0.05231434106826782 -5.27177095413208 0.7415900826454163 0.04587646201252937 0.669282853603363 75.74390411376953
0.665315568447113 -0.030247168615460396 -0.7459492683410645 -45.09598159790039 -0.0137739023193717 0.998511552810669 -0.052773211151361465 -5.3488287925720215 0.7464351654052734 0.04538547620177269 0.6639086604118347 76.54264831542969
0.6605939269065857 -0.031207531690597534 -0.750094473361969 -45.97233581542969 -0.01274743303656578 0.9985253214836121 -0.052769873291254044 -5.421693325042725 0.7506351470947266 0.0444212406873703 0.6592220067977905 77.30744171142578
0.6563922762870789 -0.031665459275245667 -0.7537547945976257 -46.88010787963867 -0.01246429793536663 0.9985271692276001 -0.05280269682407379 -5.494836807250977 0.7543166875839233 0.044054314494132996 0.6550308465957642 78.08051300048828
0.652081310749054 -0.032828956842422485 -0.7574379444122314 -47.77474594116211 -0.01084818784147501 0.9985557198524475 -0.052618756890296936 -5.569754600524902 0.7580714821815491 0.042528532445430756 0.650783360004425 78.85540008544922
0.6482241749763489 -0.03558308631181717 -0.7606176733970642 -48.70003128051758 -0.008197327144443989 0.998523473739624 -0.05369879677891731 -5.6458821296691895 0.7614054083824158 0.04104389250278473 0.6469753980636597 79.63436889648438
0.644026517868042 -0.03979842737317085 -0.7639672756195068 -49.61063766479492 -0.005772673990577459 0.9983645677566528 -0.05687559023499489 -5.720333576202393 0.7649814486503601 0.04103952646255493 0.6427434682846069 80.39108276367188
0.6393458843231201 -0.04447469115257263 -0.7676319479942322 -50.53889846801758 -0.0015949727967381477 0.9982469081878662 -0.0591643825173378 -5.787936687469482 0.7689175605773926 0.039050858467817307 0.6381540894508362 81.16399383544922
0.6322386264801025 -0.04770895093679428 -0.7733034491539001 -51.47114944458008 0.0031302161514759064 0.9982513189315796 -0.059027910232543945 -5.867861747741699 0.7747674584388733 0.03489911928772926 0.631282389163971 81.93953704833984
0.6243105530738831 -0.05157353729009628 -0.7794719338417053 -52.40922164916992 0.007951298728585243 0.9981861114501953 -0.05967618152499199 -5.952932357788086 0.7811357378959656 0.0310586579144001 0.6235882043838501 82.68098449707031
0.6153122782707214 -0.05259019881486893 -0.7865272164344788 -53.36402893066406 0.010713511146605015 0.9982377886772156 -0.0583646334707737 -6.035650253295898 0.7882106304168701 0.027486009523272514 0.6147914528846741 83.42086791992188
0.6064821481704712 -0.05078009143471718 -0.7934739589691162 -54.33723831176758 0.010969757102429867 0.9983978271484375 -0.05551004782319069 -6.120105743408203 0.7950214743614197 0.02496163174510002 0.6060673594474792 84.15787506103516
0.5979358553886414 -0.050939835608005524 -0.7999237179756165 -55.320556640625 0.01057960744947195 0.9983930587768555 -0.05567038431763649 -6.196767330169678 0.8014740943908691 0.024824438616633415 0.5975139141082764 84.8761978149414
0.5878646969795227 -0.052561406046152115 -0.8072500228881836 -56.314491271972656 0.010151940397918224 0.9982876777648926 -0.05760723724961281 -6.275857925415039 0.8088955283164978 0.025670107454061508 0.5873916149139404 85.609130859375
0.5781683921813965 -0.05430563539266586 -0.8141082525253296 -57.32625198364258 0.010209279134869576 0.9981859922409058 -0.059334173798561096 -6.365115165710449 0.8158535957336426 0.02599368430674076 0.5776739716529846 86.30133819580078
0.568645179271698 -0.056213073432445526 -0.8206599950790405 -58.356239318847656 0.010740360245108604 0.9980846047401428 -0.06092408299446106 -6.443675994873047 0.8225128650665283 0.025830000638961792 0.5681597590446472 87.00570678710938
0.5580540299415588 -0.05653632432222366 -0.8278763890266418 -59.3878173828125 0.013585153967142105 0.9981650710105896 -0.059007998555898666 -6.537594318389893 0.8296933174133301 0.021682824939489365 0.5577980875968933 87.71678924560547
0.5480285882949829 -0.05676040053367615 -0.8345315456390381 -60.41921615600586 0.014696069061756134 0.9981943964958191 -0.058241114020347595 -6.619123458862305 0.8363304138183594 0.01965346932411194 0.5478732585906982 88.37728118896484
0.5382533073425293 -0.05746203660964966 -0.8408219218254089 -61.47545623779297 0.014958457089960575 0.9981671571731567 -0.05863938853144646 -6.703461647033691 0.8426503539085388 0.018985450267791748 0.5381263494491577 89.03677368164062
0.5274465680122375 -0.058348461985588074 -0.8475821614265442 -62.55535888671875 0.014673538506031036 0.9981157183647156 -0.05958007276058197 -6.796265125274658 0.8494613766670227 0.01898828335106373 0.5273088812828064 89.70330810546875
0.517000138759613 -0.058968063443899155 -0.8539516925811768 -63.62968063354492 0.013346112333238125 0.9980583190917969 -0.06083906441926956 -6.881607532501221 0.8558812737464905 0.020056867972016335 0.5167832970619202 90.36620330810547
0.5072269439697266 -0.060054242610931396 -0.8597175478935242 -64.7150650024414 0.012789229862391949 0.9979838132858276 -0.06216706708073616 -6.972057342529297 0.8617176413536072 0.020537685602903366 0.5069723725318909 90.99885559082031
0.4974629878997803 -0.05975900962948799 -0.865424394607544 -65.80278015136719 0.011342283338308334 0.9979872107505798 -0.06239292398095131 -7.064040660858154 0.8674110770225525 0.021222280338406563 0.49713945388793945 91.62191772460938
0.48881852626800537 -0.05776074528694153 -0.870471179485321 -66.93407440185547 0.01051639299839735 0.9981233477592468 -0.060325656086206436 -7.151484966278076 0.8723220825195312 0.02033407799899578 0.4885087013244629 92.24536895751953
0.4807513356208801 -0.05641455948352814 -0.8750402927398682 -68.05155181884766 0.011113904416561127 0.9982401132583618 -0.058251313865184784 -7.237417221069336 0.8767865300178528 0.01827928051352501 0.4805322587490082 92.8575210571289
0.47320398688316345 -0.056270796805620193 -0.879153847694397 -69.16183471679688 0.010767508298158646 0.9982528686523438 -0.058098193258047104 -7.329516410827637 0.8808870911598206 0.018025998026132584 0.47298312187194824 93.45104217529297
0.46519678831100464 -0.05919917672872543 -0.8832255005836487 -70.25456237792969 0.012636586092412472 0.998103678226471 -0.06024329364299774 -7.418091297149658 0.8851170539855957 0.016864027827978134 0.4650627672672272 94.03660583496094
0.45812126994132996 -0.06248198449611664 -0.8866909742355347 -71.38971710205078 0.015476335771381855 0.997935950756073 -0.062324948608875275 -7.510429859161377 0.8887549638748169 0.014829658903181553 0.4581426978111267 94.62210083007812
0.452192097902298 -0.06536071002483368 -0.8895224928855896 -72.52548217773438 0.01657320186495781 0.9977548718452454 -0.06488841027021408 -7.609644889831543 0.8917666077613831 0.014599794521927834 0.4522601068019867 95.19638061523438
0.4463772773742676 -0.06912444531917572 -0.8921710848808289 -73.66728973388672 0.018679799512028694 0.9975144267082214 -0.06794033199548721 -7.707048416137695 0.8946499228477478 0.013661441393196583 0.44655901193618774 95.77142333984375
0.44141775369644165 -0.07012733072042465 -0.8945571184158325 -74.81547546386719 0.021274704486131668 0.9974789619445801 -0.06769776344299316 -7.806543350219727 0.8970494270324707 0.010851556435227394 0.4417969286441803 96.33956909179688
0.43713951110839844 -0.06694360077381134 -0.8968988656997681 -75.94210052490234 0.02307012490928173 0.9977326989173889 -0.06322556734085083 -7.923913478851318 0.8990979194641113 0.006946824956685305 0.43769264221191406 96.90513610839844
0.4330854117870331 -0.06529029458761215 -0.8989851474761963 -77.08450317382812 0.026433225721120834 0.9978640675544739 -0.05973735451698303 -8.019092559814453 0.9009652733802795 0.0021083015017211437 0.43388620018959045 97.46038055419922
0.43026018142700195 -0.06430436670780182 -0.9004116654396057 -78.21501159667969 0.02769731543958187 0.9979303479194641 -0.05803370848298073 -8.117060661315918 0.9022799134254456 3.061059760511853e-05 0.43115073442459106 97.98725128173828
0.42649683356285095 -0.06436668336391449 -0.9021958112716675 -79.37108612060547 0.029896952211856842 0.9979228377342224 -0.0570630244910717 -8.210134506225586 0.9039947986602783 -0.002635706216096878 0.4275352656841278 98.55313110351562
0.42427754402160645 -0.06352265924215317 -0.9033014178276062 -80.50592041015625 0.03132786601781845 0.9979689121246338 -0.05546535551548004 -8.296876907348633 0.9049901962280273 -0.004765804391354322 0.4254058301448822 99.0812759399414
0.4217982590198517 -0.06306219100952148 -0.9044939279556274 -81.65990447998047 0.03375738114118576 0.997978925704956 -0.053837768733501434 -8.378728866577148 0.9060609936714172 -0.007824665866792202 0.4230746328830719 99.61688232421875
0.41989758610725403 -0.06379961967468262 -0.905326247215271 -82.8268814086914 0.0351165235042572 0.9979212284088135 -0.05403759330511093 -8.47010326385498 0.9068918824195862 -0.009101657196879387 0.4212651252746582 100.12899780273438
0.4175049364566803 -0.06449542939662933 -0.9063829183578491 -83.94562530517578 0.03718084469437599 0.997855007648468 -0.053877782076597214 -8.547677040100098 0.9079136252403259 -0.011205846443772316 0.41900739073753357 100.64256286621094
0.4153161644935608 -0.06328342109918594 -0.9074732065200806 -85.05013275146484 0.04067324101924896 0.9978713989257812 -0.050972823053598404 -8.634221076965332 0.9087673425674438 -0.015740036964416504 0.41700610518455505 101.15811920166016
0.4132051467895508 -0.06272914260625839 -0.9084749221801758 -86.1462631225586 0.04229409992694855 0.9978699684143066 -0.049665000289678574 -8.70905590057373 0.9096552729606628 -0.01790129952132702 0.41497811675071716 101.65621948242188
0.4113146662712097 -0.06473181396722794 -0.9091919660568237 -87.2464828491211 0.04558733478188515 0.9976876378059387 -0.05040893703699112 -8.783488273620605 0.9103527069091797 -0.02071370929479599 0.41331446170806885 102.15647888183594
0.41003015637397766 -0.06590155512094498 -0.9096879959106445 -88.3275375366211 0.04676103964447975 0.9975934028625488 -0.05119285732507706 -8.86266803741455 0.9108725190162659 -0.021547341719269753 0.41212499141693115 102.64349365234375
0.4093509912490845 -0.06712424755096436 -0.9099044799804688 -89.39539337158203 0.0472315214574337 0.9975118041038513 -0.05233841761946678 -8.947636604309082 0.9111536741256714 -0.02155139297246933 0.4115028381347656 103.13031005859375
0.41039738059043884 -0.06784603744745255 -0.9093794226646423 -90.48069763183594 0.04599722847342491 0.9974991083145142 -0.053662121295928955 -9.02729320526123 0.9107459783554077 -0.019806137308478355 0.4124917984008789 103.59829711914062
0.41257256269454956 -0.06789636611938477 -0.9083908796310425 -91.5263442993164 0.04438744857907295 0.9975321888923645 -0.05439922958612442 -9.105578422546387 0.9098426699638367 -0.017877517268061638 0.414568156003952 104.07270812988281
0.4173997640609741 -0.06779565662145615 -0.9061905145645142 -92.55362701416016 0.04168001934885979 0.9975919723510742 -0.05543554574251175 -9.188446998596191 0.9077666401863098 -0.01463125366717577 0.41922035813331604 104.53268432617188
0.42186254262924194 -0.06900643557310104 -0.9040298461914062 -93.58509826660156 0.041193410754203796 0.9975284934043884 -0.056920602917671204 -9.26131534576416 0.905723512172699 -0.013227405026555061 0.4236624836921692 105.01475524902344
0.427264541387558 -0.06899796426296234 -0.9014900326728821 -94.59579467773438 0.04049070179462433 0.9975436329841614 -0.057158973067998886 -9.33854866027832 0.9032195210456848 -0.012079956941306591 0.4290087819099426 105.50020599365234
0.43439188599586487 -0.06741078197956085 -0.8981978893280029 -95.5982894897461 0.03984443098306656 0.9976574778556824 -0.055605534464120865 -9.43094539642334 0.8998422622680664 -0.01163358986377716 0.4360602796077728 105.9758071899414
0.4430329501628876 -0.06602336466312408 -0.8940708041191101 -96.60877990722656 0.03848351165652275 0.9977657794952393 -0.05461132153868675 -9.509225845336914 0.8956789970397949 -0.01021236926317215 0.4445839822292328 106.45987701416016
0.45143187046051025 -0.06526938825845718 -0.8899152278900146 -97.59241485595703 0.03801494464278221 0.9978224039077759 -0.05389963090419769 -9.587599754333496 0.891495406627655 -0.009498067200183868 0.45293012261390686 106.96607208251953
0.46137407422065735 -0.06530391424894333 -0.8847990036010742 -98.60247039794922 0.036888569593429565 0.9978370666503906 -0.054411474615335464 -9.655892372131348 0.8864384889602661 -0.007534926291555166 0.46278509497642517 107.47338104248047
0.47087064385414124 -0.06542687863111496 -0.8797727823257446 -99.57392883300781 0.035729698836803436 0.9978421926498413 -0.05508425831794739 -9.739469528198242 0.8814784288406372 -0.00549645209684968 0.47219231724739075 107.99632263183594
0.48114538192749023 -0.067279152572155 -0.8740552663803101 -100.53824615478516 0.034129031002521515 0.9977322816848755 -0.05801185220479965 -9.81068229675293 0.8759762048721313 -0.0019185231067240238 0.4823504686355591 108.51911163330078
0.4928937256336212 -0.06833800673484802 -0.8674017190933228 -101.49717712402344 0.03240855038166046 0.9976609349250793 -0.06018456071615219 -9.884957313537598 0.8694857358932495 0.0015533610712736845 0.4939556121826172 109.04979705810547
0.505050778388977 -0.06652222573757172 -0.8605222105979919 -102.45044708251953 0.03025279939174652 0.9977771043777466 -0.05937691777944565 -9.966694831848145 0.8625592589378357 0.003955154679715633 0.5059406161308289 109.60865783691406
0.5180363059043884 -0.06371179968118668 -0.8529825210571289 -103.3681411743164 0.028476737439632416 0.9979538917541504 -0.05724555626511574 -10.046713829040527 0.8548845052719116 0.0053651160560548306 0.5187906622886658 110.15206146240234
0.530231237411499 -0.06130525469779968 -0.8456337451934814 -104.28083038330078 0.02778257057070732 0.9981030821800232 -0.0549384169280529 -10.12663745880127 0.8473977446556091 0.005636189132928848 0.5309287309646606 110.7242660522461
0.5420817136764526 -0.06132091209292412 -0.8380853533744812 -105.18132019042969 0.028463514521718025 0.9981015920639038 -0.05461845546960831 -10.194769859313965 0.8398436307907104 0.005752814467996359 0.5427979826927185 111.30377960205078
