1.0 0.0 0.0 0.0 0.0 1.0 0.0 0.0 0.0 0.0 1.0 0.0
0.999933660030365 -0.0025161108933389187 0.011239498853683472 0.015811186283826828 0.002504711737856269 0.9999963641166687 0.0010281786089763045 -0.004090018570423126 -0.011242044158279896 -0.0009999587200582027 0.9999362826347351 0.2953292429447174
0.9998287558555603 -0.004519660957157612 0.017944663763046265 0.025898290798068047 0.004499353002756834 0.9999892115592957 0.0011718927416950464 -0.00866166315972805 -0.017949765548110008 -0.0010909526608884335 0.9998382925987244 0.5823533535003662
0.9997768998146057 -0.007500867359340191 0.019744114950299263 0.038499850779771805 0.007502712309360504 0.999971866607666 -1.9367189452168532e-05 -0.012782011181116104 -0.019743414595723152 0.0001674972882028669 0.9998050928115845 0.8863389492034912
0.9998151063919067 -0.008641189895570278 0.01717836782336235 0.04959581792354584 0.008672526106238365 0.9999608397483826 -0.0017505181021988392 -0.010400171391665936 -0.017162568867206573 0.0018991742981597781 0.9998509287834167 1.2013758420944214
0.9998758435249329 -0.011470399796962738 0.01080054696649313 0.05035611242055893 0.011508203111588955 0.9999277591705322 -0.0034444821067154408 -0.010256655514240265 -0.010760258883237839 0.0035683494061231613 0.9999357461929321 1.5198712348937988
0.9999118447303772 -0.01317778043448925 -0.0016074856976047158 0.046371374279260635 0.013168920762836933 0.9998986721038818 -0.005403109360486269 -0.012740962207317352 0.0016785241896286607 0.005381464492529631 0.999984085559845 1.8467553853988647
0.9997572898864746 -0.012368150055408478 -0.01822827011346817 0.026096675544977188 0.01226695068180561 0.9999087452888489 -0.0056531657464802265 -0.01864641159772873 0.018296528607606888 0.0054281894117593765 0.9998177886009216 2.183471202850342
0.9992530941963196 -0.008019649423658848 -0.03780094161629677 -0.005669251084327698 0.007812040392309427 0.99995356798172 -0.005636675748974085 -0.022470517084002495 0.03784439340233803 0.005337164271622896 0.9992693066596985 2.5288867950439453
0.9983300566673279 -0.004373511299490929 -0.057601090520620346 -0.04178357869386673 0.00398528715595603 0.9999685287475586 -0.006853029597550631 -0.02935250848531723 0.05762925744056702 0.006612028460949659 0.9983162879943848 2.8761544227600098
0.99692702293396 -0.004088371992111206 -0.0782291516661644 -0.07779628038406372 0.0035262643359601498 0.9999670386314392 -0.0073222010396420956 -0.03151595592498779 0.0782565176486969 0.0070238434709608555 0.9969085454940796 3.240872383117676
0.995026171207428 -0.005528513342142105 -0.09946088492870331 -0.12576454877853394 0.004844261333346367 0.9999629259109497 -0.007119797170162201 -0.032869793474674225 0.09949655830860138 0.006602568551898003 0.9950159788131714 3.6137309074401855
0.9929031729698181 -0.007410774473100901 -0.11869461834430695 -0.18921592831611633 0.006750014610588551 0.999959409236908 -0.0059679425321519375 -0.0425078347325325 0.11873403936624527 0.0051243980415165424 0.9929128289222717 4.0034942626953125
0.9906538128852844 -0.0060668527148664 -0.1362658441066742 -0.26590031385421753 0.005316420923918486 0.9999686479568481 -0.005870366003364325 -0.041444405913352966 0.13629721105098724 0.005091053433716297 0.9906550049781799 4.3994526863098145
0.9882442951202393 -0.00511647155508399 -0.15279752016067505 -0.32964026927948 0.0044403416104614735 0.99997878074646 -0.004765914753079414 -0.05366677790880203 0.1528186798095703 0.00403141463175416 0.9882460832595825 4.8103203773498535
0.9859944581985474 -0.004320851527154446 -0.16672241687774658 -0.40968307852745056 0.003493242897093296 0.9999800324440002 -0.00525693129748106 -0.05778583884239197 0.16674181818962097 0.004600902553647757 0.9859898090362549 5.233839511871338
0.983997642993927 -0.005968345794826746 -0.17808140814304352 -0.5029243230819702 0.005048066843301058 0.9999714493751526 -0.005620405077934265 -0.06851676851511002 0.17810986936092377 0.004631498828530312 0.9839997291564941 5.65975284576416
0.9822232723236084 -0.009774752892553806 -0.1874624639749527 -0.5962206125259399 0.00841374322772026 0.9999321103096008 -0.008054498583078384 -0.07416971772909164 0.18752849102020264 0.006334053352475166 0.98223876953125 6.107761859893799
0.9805806875228882 -0.00900275819003582 -0.19590896368026733 -0.6877255439758301 0.0072410255670547485 0.9999266266822815 -0.009706996381282806 -0.08190084993839264 0.1959819793701172 0.008099909871816635 0.9805740118026733 6.57110071182251
0.9789892435073853 -0.00872347503900528 -0.20372527837753296 -0.7923539876937866 0.006464125122874975 0.9999100565910339 -0.01175299659371376 -0.08649902045726776 0.2038094699382782 0.010189151391386986 0.9789575934410095 7.047509670257568
0.9773713946342468 -0.00991148967295885 -0.2112981528043747 -0.9008142352104187 0.007102482486516237 0.999876081943512 -0.014048858545720577 -0.10272007435560226 0.2114112377166748 0.012230210937559605 0.977320671081543 7.5056352615356445
0.9755316376686096 -0.01394446287304163 -0.2194165140390396 -1.0094847679138184 0.010722772218286991 0.9998165965080261 -0.015867095440626144 -0.11073248088359833 0.21959753334522247 0.013126099482178688 0.9755022525787354 8.003811836242676
0.9736785888671875 -0.020008768886327744 -0.22704552114009857 -1.126745581626892 0.016464395448565483 0.9997114539146423 -0.01749413274228573 -0.12261112779378891 0.2273300290107727 0.013295495882630348 0.9737269878387451 8.512852668762207
0.9715569615364075 -0.020698556676506996 -0.23589959740638733 -1.2485888004302979 0.01653432287275791 0.9996708035469055 -0.019617274403572083 -0.1387380063533783 0.23622800409793854 0.015158861875534058 0.971579372882843 9.031414031982422
0.9694989919662476 -0.01672724261879921 -0.24452362954616547 -1.401151418685913 0.011085529811680317 0.9996400475502014 -0.024430405348539352 -0.14503797888755798 0.2448442578315735 0.02097458206117153 0.9693354964256287 9.560853004455566
0.9673783779144287 -0.01357425656169653 -0.25297221541404724 -1.5598793029785156 0.00686538964509964 0.999601423740387 -0.02738410048186779 -0.16378997266292572 0.2532430589199066 0.024754036217927933 0.9670860171318054 10.097512245178223
0.9650169014930725 -0.016141725704073906 -0.26169025897979736 -1.7124838829040527 0.008960741572082043 0.999550461769104 -0.028610937297344208 -0.18980513513088226 0.26203444600105286 0.02526509203016758 0.9647277593612671 10.667537689208984
0.9626187682151794 -0.01908532902598381 -0.2701866626739502 -1.8716884851455688 0.011134368367493153 0.9994595646858215 -0.03092995285987854 -0.20830829441547394 0.27063092589378357 0.02676539123058319 0.9623110890388489 11.233768463134766
0.9604228138923645 -0.018590237945318222 -0.2779251039028168 -2.0510363578796387 0.009798979386687279 0.9994076490402222 -0.03298754245042801 -0.23388642072677612 0.27837368845939636 0.028958603739738464 0.9600362181663513 11.810341835021973
0.9580947160720825 -0.01734667643904686 -0.28592586517333984 -2.2439026832580566 0.0070609175600111485 0.9992915987968445 -0.03696537762880325 -0.2600180506706238 0.28636452555656433 0.033397432416677475 0.9575385451316833 12.400020599365234
0.9556905031204224 -0.018511883914470673 -0.29379069805145264 -2.425459384918213 0.006426866166293621 0.9990949630737305 -0.04204704985022545 -0.28808173537254333 0.29430320858955383 0.03829580917954445 0.9549444913864136 12.997204780578613
0.9538905024528503 -0.019780781120061874 -0.2995023727416992 -2.6227643489837646 0.005173155106604099 0.9987613558769226 -0.049487609416246414 -0.32191652059555054 0.3001103103160858 0.04565638676285744 0.9528113007545471 13.606045722961426
0.9525971412658691 -0.02042682096362114 -0.3035482168197632 -2.8308017253875732 0.002959366189315915 0.9983183145523071 -0.05789322406053543 -0.357170969247818 0.30422037839889526 0.054250605404376984 0.9510557055473328 14.2149658203125
0.9513896703720093 -0.020722296088933945 -0.30729159712791443 -3.0411248207092285 0.00030276965117082 0.9977964162826538 -0.06634930521249771 -0.39608949422836304 0.3079893887042999 0.06303101032972336 0.9492995738983154 14.833134651184082
0.9499563574790955 -0.02005455270409584 -0.3117380142211914 -3.2603654861450195 -0.003629290498793125 0.9971612095832825 -0.07520830631256104 -0.4454419016838074 0.31236132979393005 0.07257600873708725 0.9471870064735413 15.471595764160156
0.9485976099967957 -0.01982150971889496 -0.31586357951164246 -3.4834280014038086 -0.006597560830414295 0.9965813755989075 -0.08235257863998413 -0.4976881146430969 0.3164161443710327 0.08020336925983429 0.9452239274978638 16.10793113708496
0.947150468826294 -0.01766662299633026 -0.32030266523361206 -3.7227587699890137 -0.011425062082707882 0.995991051197052 -0.08871936798095703 -0.5580742955207825 0.3205859661102295 0.0876900777220726 0.9431516528129578 16.764354705810547
0.9455274343490601 -0.016785936430096626 -0.3251091539859772 -3.965933322906494 -0.014876727014780045 0.9953984022140503 -0.09466065466403961 -0.6227543354034424 0.325202077627182 0.09434081614017487 0.9409268498420715 17.43376350402832
0.9439041614532471 -0.014516719616949558 -0.32990044355392456 -4.216743469238281 -0.01961381547152996 0.9948047399520874 -0.09989336133003235 -0.698960542678833 0.3296366333961487 0.10076035559177399 0.9387156367301941 18.10776710510254
0.9420967698097229 -0.011988339945673943 -0.33512651920318604 -4.465909481048584 -0.023986833170056343 0.9943917989730835 -0.10300293564796448 -0.768213152885437 0.3344819247722626 0.1050773561000824 0.9365257620811462 18.799030303955078
0.940333366394043 -0.011194093152880669 -0.34007033705711365 -4.734989643096924 -0.025957301259040833 0.9941860437393188 -0.10450052469968796 -0.8456577062606812 0.3392629027366638 0.10709264129400253 0.9345757365226746 19.504749298095703
0.9381495714187622 -0.010629866272211075 -0.34606704115867615 -5.00730562210083 -0.026996178552508354 0.9942398071289062 -0.1037229374051094 -0.927384614944458 0.34517619013786316 0.10665010660886765 0.9324586987495422 20.201831817626953
0.9358007311820984 -0.010662960819900036 -0.3523681163787842 -5.276027202606201 -0.02707586996257305 0.9944159984588623 -0.10199856013059616 -1.0088733434677124 0.3514880836009979 0.10499099642038345 0.9302865266799927 20.915119171142578
0.9333502054214478 -0.011113292537629604 -0.35879504680633545 -5.567381381988525 -0.02657807245850563 0.9946377873420715 -0.09994663298130035 -1.0925041437149048 0.3579818308353424 0.10282128304243088 0.9280500411987305 21.636037826538086
0.9300076961517334 -0.00990094244480133 -0.3674066960811615 -5.853690147399902 -0.027794409543275833 0.994880199432373 -0.09716548770666122 -1.170252799987793 0.36648765206336975 0.10057652741670609 0.9249709248542786 22.36001205444336
0.9267377257347107 -0.00794263742864132 -0.3756251931190491 -6.168792247772217 -0.02845681458711624 0.9954207539558411 -0.09125658869743347 -1.2498794794082642 0.3746299743652344 0.09526000916957855 0.9222679138183594 23.09685707092285
0.9232204556465149 -0.004239409230649471 -0.3842475712299347 -6.488566875457764 -0.031319357454776764 0.9957823753356934 -0.08623655885457993 -1.3298730850219727 0.38299259543418884 0.09164973348379135 0.919193685054779 23.83977508544922
0.9195661544799805 -0.0005877766525372863 -0.392934650182724 -6.821526527404785 -0.03458686172962189 0.9959962964057922 -0.0824318528175354 -1.4039226770401 0.3914099335670471 0.08939192444086075 0.9158642292022705 24.593769073486328
0.9158058166503906 0.001136232167482376 -0.40161988139152527 -7.167428970336914 -0.036669205874204636 0.9960557222366333 -0.08079810440540314 -1.4770498275756836 0.3999439775943756 0.08872244507074356 0.9122352004051208 25.340852737426758
0.911816418170929 0.0008188135689124465 -0.4105973541736603 -7.51393985748291 -0.03694538399577141 0.9961051940917969 -0.08005842566490173 -1.5479722023010254 0.408932626247406 0.08816827088594437 0.9082953929901123 26.085020065307617
0.9079529643058777 0.0011225967900827527 -0.4190703332424164 -7.8818464279174805 -0.03768116980791092 0.9961645603179932 -0.07897108793258667 -1.6168344020843506 0.4173743426799774 0.08749312162399292 0.9045129418373108 26.85970687866211
0.9039344787597656 0.0017959484830498695 -0.42766740918159485 -8.2647705078125 -0.03854632005095482 0.9962632656097412 -0.07728930562734604 -1.6874603033065796 0.4259305000305176 0.08634946495294571 0.9006259441375732 27.6501407623291
0.9001137018203735 0.0006279810331761837 -0.4356546401977539 -8.628137588500977 -0.03674076497554779 0.9965459108352661 -0.0744742676615715 -1.7657959461212158 0.4341030716896057 0.08304157853126526 0.8970276713371277 28.394821166992188
0.8964477777481079 0.0009261351660825312 -0.4431483745574951 -9.029064178466797 -0.035881463438272476 0.9968661069869995 -0.07050149887800217 -1.833591341972351 0.4416942596435547 0.07910171896219254 0.8936716914176941 29.184690475463867
0.8925268650054932 0.0032413143198937178 -0.45098257064819336 -9.440263748168945 -0.03622042015194893 0.9972591996192932 -0.06451527774333954 -1.9026309251785278 0.4495374262332916 0.07391639053821564 0.8901979327201843 29.97732162475586
0.8887791037559509 0.003356811124831438 -0.45832350850105286 -9.865106582641602 -0.03485879674553871 0.9975719451904297 -0.06029171496629715 -1.9661846160888672 0.4570083022117615 0.069562628865242 0.8867380619049072 30.783369064331055
0.8851078748703003 0.002237399574369192 -0.46538063883781433 -10.299349784851074 -0.03324815630912781 0.9977372884750366 -0.05843789130449295 -2.0267298221588135 0.4641968607902527 0.06719688326120377 0.8831793665885925 31.588687896728516
0.8815723061561584 0.0018326797289773822 -0.4720454514026642 -10.733980178833008 -0.03288231045007706 0.9978017807006836 -0.05753573775291443 -2.088256597518921 0.47090238332748413 0.06624385714530945 0.8796945810317993 32.42129135131836
0.8785600662231445 0.0024667680263519287 -0.4776255786418915 -11.196229934692383 -0.03298652172088623 0.9979124069213867 -0.0555226169526577 -2.1463186740875244 0.4764915406703949 0.06453514844179153 0.8768072724342346 33.24816131591797
0.8753728866577148 0.0004621486004907638 -0.4834481477737427 -11.650901794433594 -0.030483093112707138 0.9980623722076416 -0.05424121022224426 -2.199540853500366 0.48248639702796936 0.062218282371759415 0.8736909031867981 34.07987594604492
0.8728750348091125 -0.00032505483250133693 -0.487943559885025 -12.152494430541992 -0.02993808127939701 0.9980800151824951 -0.054220687597990036 -2.261211395263672 0.4870243966579437 0.06193598359823227 0.871189534664154 34.9290771484375
0.8704944252967834 -0.00242233881726861 -0.4921721816062927 -12.614350318908691 -0.028156280517578125 0.9981050491333008 -0.05471182242035866 -2.313920497894287 0.49137207865715027 0.06148407235741615 0.868776798248291 35.77724838256836
0.8690489530563354 -0.0019537960179150105 -0.49472224712371826 -13.116089820861816 -0.029126886278390884 0.9980554580688477 -0.05510704964399338 -2.373598575592041 0.4938678741455078 0.062300439924001694 0.8673022389411926 36.64564514160156
0.868641197681427 -0.0018808511085808277 -0.4954380989074707 -13.618759155273438 -0.028807371854782104 0.9981092214584351 -0.054296523332595825 -2.4331884384155273 0.4946034550666809 0.06143646687269211 0.8669446110725403 37.506370544433594
0.8684201836585999 -0.0019139116629958153 -0.49582523107528687 -14.126728057861328 -0.027762508019804955 0.9982361197471619 -0.052478283643722534 -2.4969441890716553 0.4950510859489441 0.059338558465242386 0.8668351769447327 38.38794708251953
0.8682449460029602 -0.002509497804567218 -0.4961296319961548 -14.654703140258789 -0.026891609653830528 0.9982790946960449 -0.052110739052295685 -2.5552706718444824 0.49540671706199646 0.058586589992046356 0.8666832447052002 39.27489471435547
0.8674289584159851 -0.004919982049614191 -0.497536838054657 -15.174736022949219 -0.02469303272664547 0.9982933402061462 -0.05292278900742531 -2.615617275238037 0.4969480633735657 0.05819245055317879 0.8658269047737122 40.18604278564453
0.8664677739143372 -0.007233981508761644 -0.4991808235645294 -15.709216117858887 -0.02223358489573002 0.9983437657356262 -0.05306030437350273 -2.6804938316345215 0.4987379014492035 0.05707360804080963 0.8648717403411865 41.09115219116211
0.864801824092865 -0.007618878502398729 -0.5020555853843689 -16.252525329589844 -0.02106877975165844 0.998453676700592 -0.05144333839416504 -2.736722946166992 0.5016711950302124 0.05506598576903343 0.8633039593696594 42.029380798339844
0.8627443313598633 -0.007027278654277325 -0.5055913329124451 -16.79462432861328 -0.019564248621463776 0.998690664768219 -0.04726548120379448 -2.8021745681762695 0.5052617192268372 0.050669535994529724 0.8614773750305176 42.9393424987793
0.8599540591239929 -0.006964807398617268 -0.5103238821029663 -17.344188690185547 -0.017674628645181656 0.9989007115364075 -0.043416596949100494 -2.861224889755249 0.5100652575492859 0.04635606333613396 0.858885645866394 43.85835647583008
0.8558861017227173 -0.007394145708531141 -0.5171115398406982 -17.914701461791992 -0.016231726855039597 0.9990211129188538 -0.0411505363881588 -2.9274983406066895 0.5169095993041992 0.04361378401517868 0.8549282550811768 44.78757858276367
0.850654125213623 -0.010693907737731934 -0.5256170630455017 -18.479135513305664 -0.014532801695168018 0.9989327192306519 -0.04384347423911095 -2.980863332748413 0.525524914264679 0.04493432119488716 0.8495907187461853 45.69112014770508
0.844539225101471 -0.014422370120882988 -0.5352994203567505 -19.041881561279297 -0.012679126113653183 0.9988183975219727 -0.046914584934711456 -3.0407683849334717 0.5353435277938843 0.046408332884311676 0.8433585166931152 46.58641815185547
0.8384613394737244 -0.01431597862392664 -0.5447729229927063 -19.62845802307129 -0.012898039072751999 0.9988535642623901 -0.04610006511211395 -3.100084066390991 0.5448084473609924 0.04567962884902954 0.8373154401779175 47.47642517089844
0.8325812816619873 -0.010900820605456829 -0.5537956357002258 -20.221668243408203 -0.01421651802957058 0.9990563988685608 -0.04103850945830345 -3.159414768218994 0.5537203550338745 0.04204093664884567 0.8316408395767212 48.35756301879883
0.8273955583572388 -0.005902678705751896 -0.5615887641906738 -20.82931137084961 -0.01763444021344185 0.9991787075996399 -0.036483071744441986 -3.218486785888672 0.5613427758216858 0.04008923098444939 0.8266117572784424 49.238990783691406
0.8234218955039978 -0.006075787357985973 -0.5673971176147461 -21.45066261291504 -0.01868145912885666 0.9991102814674377 -0.03780967742204666 -3.272554874420166 0.5671221613883972 0.041733115911483765 0.8225757479667664 50.11032485961914
0.8198698163032532 -0.008548623882234097 -0.572486162185669 -22.060291290283203 -0.019029341638088226 0.9989292025566101 -0.04216879606246948 -3.3298022747039795 0.5722336769104004 0.04546695947647095 0.8188292980194092 50.988792419433594
0.817131519317627 -0.010467052459716797 -0.5763561725616455 -22.69208335876465 -0.021942606195807457 0.99854576587677 -0.04924355819821358 -3.3873071670532227 0.5760334730148315 0.05288522318005562 0.81571364402771 51.85399627685547
0.8136469125747681 -0.011822688393294811 -0.5812391042709351 -23.321847915649414 -0.021864984184503555 0.99846351146698 -0.05091691017150879 -3.4473772048950195 0.580947995185852 0.05413717404007912 0.8121382594108582 52.744285583496094
0.8103902339935303 -0.010159319266676903 -0.5858023762702942 -23.96056365966797 -0.021192194893956184 0.9986870884895325 -0.04663678631186485 -3.513155221939087 0.5855069160461426 0.050208430737257004 0.8091110587120056 53.605712890625
0.8073320388793945 -0.007510764990001917 -0.5900495052337646 -24.599611282348633 -0.0210888534784317 0.998913049697876 -0.041569918394088745 -3.5711076259613037 0.5897203087806702 0.046004198491573334 0.806296169757843 54.468101501464844
0.8043106198310852 -0.005039210896939039 -0.5941877365112305 -25.24359893798828 -0.022536084055900574 0.9989858865737915 -0.038977764546871185 -3.621695041656494 0.593781590461731 0.04474090039730072 0.8033813834190369 55.32662582397461
0.8011562824249268 -0.004790115635842085 -0.5984360575675964 -25.897193908691406 -0.023876212537288666 0.9989159107208252 -0.03995998948812485 -3.668809175491333 0.5979787707328796 0.04630258306860924 0.8001734018325806 56.18816375732422
0.7974790334701538 -0.0062948837876319885 -0.6033138632774353 -26.55311393737793 -0.02307693473994732 0.9988956451416016 -0.04092613235116005 -3.729386329650879 0.6029052734375 0.046560365706682205 0.7964531183242798 57.05641174316406
0.7933153510093689 -0.009267136454582214 -0.6087403893470764 -27.200300216674805 -0.022073183208703995 0.9987888932228088 -0.0439709797501564 -3.785250186920166 0.608410656452179 0.04831968992948532 0.79215008020401 57.897911071777344
0.7893537878990173 -0.01033535785973072 -0.6138516068458557 -27.874351501464844 -0.02132278122007847 0.9987934827804565 -0.04423562064766884 -3.845517158508301 0.613568127155304 0.048006583005189896 0.7881811261177063 58.7478141784668
0.7846384644508362 -0.010398000478744507 -0.6198664307594299 -28.54781150817871 -0.0208811704069376 0.9988487958908081 -0.04318705573678017 -3.905123233795166 0.619601845741272 0.046829767525196075 0.7835181355476379 59.5875358581543
0.7796429395675659 -0.010018114000558853 -0.6261440515518188 -29.229198455810547 -0.020851043984293938 0.998902440071106 -0.04194479435682297 -3.9739737510681152 0.6258770227432251 0.0457577258348465 0.7785783410072327 60.4289436340332
0.7743290662765503 -0.011864379979670048 -0.6326719522476196 -29.92074203491211 -0.02012147568166256 0.9988569617271423 -0.04335810989141464 -4.025568962097168 0.6324631571769714 0.04630373418331146 0.7732052206993103 61.265289306640625
0.7690768837928772 -0.013268520124256611 -0.6390185952186584 -30.625961303710938 -0.019666660577058792 0.998819887638092 -0.044408783316612244 -4.083131313323975 0.6388536095619202 0.04672113060951233 0.7679083347320557 62.10235595703125
0.7633072137832642 -0.014681168831884861 -0.6458688974380493 -31.32233238220215 -0.01892191357910633 0.9988047480583191 -0.045066192746162415 -4.147006511688232 0.6457586884498596 0.04662042111158371 0.7621169686317444 62.928955078125
0.7577304840087891 -0.016330022364854813 -0.652363121509552 -32.04804229736328 -0.017834380269050598 0.998795211315155 -0.045716866850852966 -4.216922760009766 0.6523237228393555 0.04627556353807449 0.7565263509750366 63.75904846191406
0.7516067028045654 -0.01802137680351734 -0.6593652367591858 -32.77667236328125 -0.017164034768939018 0.9987538456916809 -0.04686252027750015 -4.2780351638793945 0.6593881249427795 0.046539559960365295 0.7503607869148254 64.58763122558594
0.7454801797866821 -0.01903688721358776 -0.6662557721138 -33.53733825683594 -0.016406212002038956 0.9987651109695435 -0.046894725412130356 -4.346335411071777 0.6663258671760559 0.04588981717824936 0.7442473769187927 65.41548919677734
0.73915696144104 -0.018926016986370087 -0.6732671856880188 -34.29185485839844 -0.015417585149407387 0.9988677501678467 -0.04500531777739525 -4.411477565765381 0.6733565926551819 0.04364614188671112 0.7380284070968628 66.24099731445312
0.7327794432640076 -0.019340628758072853 -0.6801912784576416 -35.064247131347656 -0.01501195877790451 0.9988932013511658 -0.044575225561857224 -4.466711044311523 0.6803005933761597 0.042874809354543686 0.7316781282424927 67.05540466308594
0.7261715531349182 -0.020972449332475662 -0.6871935725212097 -35.820865631103516 -0.013796127401292324 0.9988889098167419 -0.04506372660398483 -4.532923698425293 0.6873750686645508 0.0422046035528183 0.7250753045082092 67.85846710205078
0.7193053960800171 -0.023413097485899925 -0.6942993402481079 -36.606510162353516 -0.012727372348308563 0.9988200068473816 -0.04686788097023964 -4.5946125984191895 0.6945773959159851 0.04254891723394394 0.7181586623191833 68.68253326416016
0.713593602180481 -0.022694677114486694 -0.7001923322677612 -37.41099166870117 -0.01428048312664032 0.9987962245941162 -0.04692685231566429 -4.653993129730225 0.7004144191741943 0.04348577931523323 0.7124105095863342 69.47737884521484
0.7080829739570618 -0.0221245139837265 -0.7057826519012451 -38.22532653808594 -0.014390900731086731 0.9988492727279663 -0.045749232172966 -4.719576358795166 0.7059826254844666 0.04255109652876854 0.7069498300552368 70.28330993652344
0.7028713226318359 -0.021900953724980354 -0.7109798192977905 -39.04052734375 -0.015039474703371525 0.9988449215888977 -0.04563627764582634 -4.781710624694824 0.711158037185669 0.042769186198711395 0.7017300724983215 71.08653259277344
0.6982399225234985 -0.022306853905320168 -0.715516209602356 -39.86601638793945 -0.016012711450457573 0.9987775683403015 -0.04676385596394539 -4.843484878540039 0.7156847715377808 0.04410974681377411 0.6970292329788208 71.87977600097656
0.6930752396583557 -0.024227404966950417 -0.7204580307006836 -40.70561599731445 -0.016661930829286575 0.9986295700073242 -0.04961035028100014 -4.916715145111084 0.7206726670265198 0.046387929469347 0.6917217969894409 72.67203521728516
0.6883744597434998 -0.02733784355223179 -0.7248402237892151 -41.54877471923828 -0.015078441239893436 0.9985342025756836 -0.051980260759592056 -4.9814581871032715 0.7251988053321838 0.04671133682131767 0.6869532465934753 73.45663452148438
0.6828775405883789 -0.027352159842848778 -0.7300205826759338 -42.40791702270508 -0.01607469469308853 0.9984942078590393 -0.052447859197854996 -5.055673599243164 0.7303559184074402 0.047550320625305176 0.6814097166061401 74.26084899902344
0.6780577898025513 -0.02683820016682148 -0.7345184087753296 -43.28990173339844 -0.016204150393605232 0.9985443949699402 -0.05144389718770981 -5.126067161560059 0.7348299622535706 0.0467841774225235 0.6766359210014343 75.05790710449219
0.6731326580047607 -0.026903193444013596 -0.7390322685241699 -44.168800354003906 -0.015317704528570175 0.9986163973808289 -0.05030473321676254 -5.197299003601074 0.7393631339073181 0.04518203064799309 0.6717891693115234 75.84471130371094
0.6676984429359436 -0.02826707810163498 -0.7438949346542358 -45.053672790527344 -0.014635983854532242 0.9985871315002441 -0.051081907004117966 -5.268301963806152 0.7442878484725952 0.04499494656920433 0.6663414835929871 76.6408920288086
0.663284420967102 -0.02948208712041378 -0.7477864027023315 -45.93038558959961 -0.013628419488668442 0.998582124710083 -0.05145828798413277 -5.335277080535889 0.7482432126998901 0.044322628527879715 0.6619423031806946 77.40625
0.6586662530899048 -0.029744820669293404 -0.7518470287322998 -46.83638000488281 -0.013163594529032707 0.9986098408699036 -0.05103948712348938 -5.411998748779297 0.7523200511932373 0.04351498931646347 0.6573591232299805 78.18831634521484
0.6543464660644531 -0.030589593574404716 -0.7555758953094482 -47.73155975341797 -0.011803604662418365 0.9986465573310852 -0.05065253749489784 -5.486623764038086 0.7561026811599731 0.042062826454639435 0.6530998945236206 78.96809387207031
0.6506778597831726 -0.033699315041303635 -0.7586057782173157 -48.64984130859375 -0.008790160529315472 0.9986135363578796 -0.05190068110823631 -5.5611042976379395 0.7593030333518982 0.04043889045715332 0.6494795083999634 79.74353790283203
0.6465096473693848 -0.0382552370429039 -0.7619460821151733 -49.55980682373047 -0.006311031058430672 0.998439610004425 -0.05548383295536041 -5.629991054534912 0.7628797292709351 0.04067949950695038 0.6452594995498657 80.50552368164062
0.6418020129203796 -0.04251349717378616 -0.7656910419464111 -50.48748016357422 -0.002173379063606262 0.9983572959899902 -0.05725357308983803 -5.700717449188232 0.7668672800064087 0.03840959072113037 0.6406553387641907 81.28233337402344
0.6348016858100891 -0.045725248754024506 -0.7713208794593811 -51.42010498046875 0.002534878673031926 0.9983652830123901 -0.0570986233651638 -5.7790398597717285 0.7726708650588989 0.0342910960316658 0.6338798999786377 82.05951690673828
0.6267107129096985 -0.04956080764532089 -0.7776743769645691 -52.3534049987793 0.00742568913847208 0.9983099699020386 -0.05763760581612587 -5.86404275894165 0.7792165875434875 0.03034733608365059 0.6260195970535278 82.80908203125
0.6175556182861328 -0.050527747720479965 -0.7849026322364807 -53.304542541503906 0.010103044100105762 0.9983616471290588 -0.05632007494568825 -5.944099426269531 0.7864624261856079 0.02685086987912655 0.6170542240142822 83.55027770996094
0.6090471148490906 -0.048896949738264084 -0.791625440120697 -54.27101135253906 0.01064639538526535 0.9985119104385376 -0.05348494276404381 -6.026028633117676 0.7930625677108765 0.02414688840508461 0.6086612343788147 84.28584289550781
0.600072979927063 -0.04896637797355652 -0.7984452247619629 -55.25350570678711 0.010130897164344788 0.99850994348526 -0.053621891885995865 -6.1004815101623535 0.7998811602592468 0.02408808097243309 0.5996748208999634 85.022705078125
0.5906206369400024 -0.0502648800611496 -0.8053823113441467 -56.25330352783203 0.009634125046432018 0.9984261393547058 -0.05524787679314613 -6.182075500488281 0.8068917393684387 0.02487138658761978 0.590175449848175 85.73526763916016
0.5807082653045654 -0.05223429203033447 -0.8124343156814575 -57.25172805786133 0.009929832071065903 0.998319685459137 -0.05708792433142662 -6.266504764556885 0.8140511512756348 0.02508409321308136 0.5802512168884277 86.43843841552734
0.571162760257721 -0.05404948070645332 -0.8190554976463318 -58.28233337402344 0.010486139915883541 0.9982287883758545 -0.05856068432331085 -6.344005107879639 0.8207697868347168 0.024858953431248665 0.5707178115844727 87.14873504638672
0.5605822801589966 -0.05449794605374336 -0.8263034820556641 -59.31312561035156 0.013249596580862999 0.9982946515083313 -0.05685262754559517 -6.432990550994873 0.8279926776885986 0.02092238888144493 0.560348391532898 87.8636474609375
0.5505462288856506 -0.054652824997901917 -0.8330137729644775 -60.34844970703125 0.0144754434004426 0.9983296394348145 -0.055932000279426575 -6.514236927032471 0.8346791863441467 0.01873490773141384 0.5504177212715149 88.53437805175781
0.5405522584915161 -0.05554109066724777 -0.839475154876709 -61.4074821472168 0.01475784182548523 0.9982909560203552 -0.05654578283429146 -6.592283248901367 0.8411810398101807 0.018177110701799393 0.5404481291770935 89.20032501220703
0.5298954248428345 -0.056258369237184525 -0.846194863319397 -62.48059844970703 0.014163832180202007 0.9982451796531677 -0.057497743517160416 -6.683043003082275 0.8479446172714233 0.018482431769371033 0.5297625064849854 89.87504577636719
0.5195838212966919 -0.0570572167634964 -0.8525122404098511 -63.5482177734375 0.01315611694008112 0.9981837868690491 -0.05878845974802971 -6.762117862701416 0.8543182015419006 0.01932978257536888 0.5193908214569092 90.52965545654297
0.5097078084945679 -0.058090757578611374 -0.8583841919898987 -64.63093566894531 0.012636808678507805 0.9981158375740051 -0.06004330515861511 -6.8507513999938965 0.8602548241615295 0.019757308065891266 0.5094815492630005 91.16738891601562
0.49974554777145386 -0.05791492015123367 -0.8642339110374451 -65.72151184082031 0.011435799300670624 0.9981163740158081 -0.06027400493621826 -6.939591884613037 0.8660967350006104 0.020238462835550308 0.49946656823158264 91.7977294921875
0.49147236347198486 -0.05556369200348854 -0.869118869304657 -66.84407043457031 0.010254655964672565 0.9982627034187317 -0.058021146804094315 -7.027585506439209 0.8708328008651733 0.01960328035056591 0.49118825793266296 92.41582489013672
0.4835600256919861 -0.054365623742341995 -0.8736212849617004 -67.9604721069336 0.010748689994215965 0.9983628988265991 -0.05617878586053848 -7.108300685882568 0.875245213508606 0.017775531858205795 0.4833526909351349 93.02960205078125
0.4758732318878174 -0.05395711585879326 -0.8778571486473083 -69.06956481933594 0.010457008145749569 0.9983929991722107 -0.055697206407785416 -7.20125675201416 0.8794517517089844 0.01732505112886429 0.47567272186279297 93.62840270996094
0.4678444266319275 -0.05707664415240288 -0.8819659352302551 -70.17149353027344 0.012327996082603931 0.998236894607544 -0.05806168541312218 -7.2866010665893555 0.8837248682975769 0.016290966421365738 0.46772313117980957 94.21903991699219
0.4609992802143097 -0.06035749986767769 -0.8853455781936646 -71.30424499511719 0.01523211132735014 0.9980754852294922 -0.0601113885641098 -7.376521587371826 0.8872697949409485 0.014225629158318043 0.46103137731552124 94.80471801757812
0.45495569705963135 -0.06331674754619598 -0.8882602453231812 -72.44168090820312 0.016185212880373 0.9978922605514526 -0.06284164637327194 -7.470841407775879 0.8903669714927673 0.014213484711945057 0.45502156019210815 95.38299560546875
0.4492960274219513 -0.06710787117481232 -0.8908588886260986 -73.58374786376953 0.018474992364645004 0.9976593852043152 -0.06583540141582489 -7.566074371337891 0.8931918740272522 0.013120978139340878 0.4494842290878296 95.96421813964844
0.44459885358810425 -0.068130724132061 -0.8931348919868469 -74.720703125 0.021504653617739677 0.9976276159286499 -0.0653967559337616 -7.667185306549072 0.8954716324806213 0.009868772700428963 0.4450092017650604 96.5269546508789
0.4402455687522888 -0.06536580622196198 -0.8954949378967285 -75.86749267578125 0.02310272864997387 0.997840940952301 -0.0614786371588707 -7.766729354858398 0.8975802063941956 0.0063773212023079395 0.44080519676208496 97.09478759765625
0.4365266263484955 -0.0639447569847107 -0.8974160552024841 -77.00387573242188 0.026866203173995018 0.9979527592658997 -0.05804000422358513 -7.862839698791504 0.899290144443512 0.0012258444912731647 0.437350869178772 97.64692687988281
0.4332484304904938 -0.06311242282390594 -0.8990620970726013 -78.14922332763672 0.027242129668593407 0.9980063438415527 -0.05693044513463974 -7.949993133544922 0.9008627533912659 0.00017266380018554628 0.43410396575927734 98.19338989257812
0.43036770820617676 -0.06327841430902481 -0.9004330039024353 -79.279296875 0.02879461832344532 0.9979945421218872 -0.05637205019593239 -8.033369064331055 0.9021942019462585 -0.0016669131582602859 0.4313267469406128 98.73088073730469
0.4283093512058258 -0.06192372366786003 -0.9015079736709595 -80.41838073730469 0.030510297045111656 0.9980713725090027 -0.05406103655695915 -8.129718780517578 0.9031170010566711 -0.004350426606833935 0.4293725788593292 99.255615234375
0.4252738058567047 -0.06135379895567894 -0.9029827117919922 -81.55133819580078 0.033207397907972336 0.998085618019104 -0.0521760918200016 -8.214863777160645 0.9044553637504578 -0.007796588819473982 0.4264969825744629 99.8056869506836
0.4228515326976776 -0.06245611235499382 -0.9040441513061523 -82.6805419921875 0.03573402017354965 0.9979953765869141 -0.0522327683866024 -8.296363830566406 0.9054941534996033 -0.010218429379165173 0.4242357313632965 100.33882141113281
0.420258104801178 -0.06279123574495316 -0.9052295088768005 -83.77737426757812 0.03748384118080139 0.9979528188705444 -0.05182088539004326 -8.376675605773926 0.9066300988197327 -0.01215333491563797 0.4217512309551239 100.8609619140625
0.4177231788635254 -0.061978261917829514 -0.9064579606056213 -84.87933349609375 0.040852051228284836 0.9979429244995117 -0.049407605081796646 -8.45544719696045 0.9076554775238037 -0.01639196276664734 0.4193958044052124 101.38288879394531
0.4157574772834778 -0.06134108453989029 -0.9074045419692993 -85.99163818359375 0.04271745681762695 0.9979388117790222 -0.04788883030414581 -8.534456253051758 0.9084717631340027 -0.0188518725335598 0.4175208806991577 101.88816833496094
0.41407662630081177 -0.0630677193403244 -0.9080545902252197 -87.0874252319336 0.04489155486226082 0.9977977871894836 -0.04882998391985893 -8.608293533325195 0.9091344475746155 -0.020544622093439102 0.41599592566490173 102.39179229736328
0.41272231936454773 -0.0637168139219284 -0.9086255431175232 -88.15682983398438 0.046439193189144135 0.9977248907089233 -0.04887091740965843 -8.69329833984375 0.9096723794937134 -0.022025715559720993 0.41474229097366333 102.87577819824219
0.4121206998825073 -0.06404802948236465 -0.9088753461837769 -89.23795318603516 0.045529820024967194 0.997727632522583 -0.04966435208916664 -8.77880859375 0.9099909663200378 -0.020913220942020416 0.41410031914711 103.36058044433594
0.4125891327857971 -0.06488922238349915 -0.9086031317710876 -90.29605102539062 0.04445864260196686 0.9977052211761475 -0.05106428638100624 -8.852436065673828 0.9098315834999084 -0.019326694309711456 0.4145272970199585 103.8406982421875
0.4146644175052643 -0.06445139646530151 -0.907689094543457 -91.3306884765625 0.04216568544507027 0.9977779388427734 -0.05158548057079315 -8.932637214660645 0.9089969396591187 -0.016882669180631638 0.41646066308021545 104.31632995605469
0.41936901211738586 -0.06447717547416687 -0.9055232405662537 -92.36676025390625 0.04060022532939911 0.9978086352348328 -0.05224538967013359 -9.017531394958496 0.9069074988365173 -0.014854351989924908 0.4210678040981293 104.77998352050781
0.42418548464775085 -0.06512827426195145 -0.9032303094863892 -93.38956451416016 0.03918387368321419 0.997796356678009 -0.053545061498880386 -9.092215538024902 0.9047271609306335 -0.012679019942879677 0.42580270767211914 105.2591323852539
0.4303794205188751 -0.06512697041034698 -0.9002954959869385 -94.40099334716797 0.03874741494655609 0.9978073835372925 -0.05365801975131035 -9.169329643249512 0.9018160700798035 -0.011790813878178596 0.4319591820240021 105.72954559326172
0.43705180287361145 -0.06411099433898926 -0.8971485495567322 -95.43336486816406 0.038164183497428894 0.9978799223899841 -0.0527174212038517 -9.250999450683594 0.8986262679100037 -0.011198699474334717 0.4385719895362854 106.2284927368164
0.44548729062080383 -0.0629005953669548 -0.8930759429931641 -96.43477630615234 0.036785613745450974 0.9979725480079651 -0.051939062774181366 -9.322534561157227 0.8945321440696716 -0.009714148007333279 0.446897953748703 106.71726989746094
0.45423007011413574 -0.06296207755804062 -0.8886567950248718 -97.41705322265625 0.03704163059592247 0.9979716539382935 -0.05177358165383339 -9.394559860229492 0.8901140093803406 -0.00940017867833376 0.4556409418582916 107.2171401977539
0.46377190947532654 -0.0620296448469162 -0.8837804794311523 -98.4302978515625 0.03567807376384735 0.9980443716049194 -0.05132705345749855 -9.468854904174805 0.8852359652519226 -0.00772752845659852 0.46507805585861206 107.7359619140625
0.47355833649635315 -0.06203938275575638 -0.878574788570404 -99.40284729003906 0.03431941196322441 0.9980583190917969 -0.051978129893541336 -9.549365997314453 0.8800935745239258 -0.0055375006049871445 0.4747680127620697 108.25650024414062
0.4837658107280731 -0.06397578865289688 -0.872856080532074 -100.36661529541016 0.033252060413360596 0.9979481101036072 -0.054715000092983246 -9.617230415344238 0.874565601348877 -0.002555015031248331 0.4849005341529846 108.78486633300781
0.49550288915634155 -0.06518933922052383 -0.8661565780639648 -101.32469940185547 0.03148087114095688 0.9978723526000977 -0.05709334835410118 -9.685964584350586 0.868035614490509 0.0010225550504401326 0.4965009093284607 109.32179260253906
0.5076014399528503 -0.06348986178636551 -0.8592495918273926 -102.27091979980469 0.02929450199007988 0.9979764223098755 -0.05643467232584953 -9.762950897216797 0.8610938787460327 0.003475031815469265 0.5084341764450073 109.87646484375
0.5203607082366943 -0.0609954334795475 -0.8517653942108154 -103.18470764160156 0.02771678753197193 0.9981266260147095 -0.05454370379447937 -9.83554744720459 0.8534966111183167 0.004774200264364481 0.521076500415802 110.42669677734375
0.5327945351600647 -0.05840827524662018 -0.8442265391349792 -104.09911346435547 0.026861831545829773 0.998279869556427 -0.05211392790079117 -9.914030075073242 0.8458182215690613 0.005088549107313156 0.5334469676017761 110.99856567382812
0.5445713996887207 -0.05816865339875221 -0.8366949558258057 -104.9984130859375 0.027333399280905724 0.9982930421829224 -0.05161304399371147 -9.982931137084961 0.8382689356803894 0.005237273871898651 0.5452317595481873 111.58262634277344
0.5562235116958618 -0.05687738582491875 -0.8290841579437256 -105.88137817382812 0.02647257037460804 0.9983614683151245 -0.050730109214782715 -10.073111534118652 0.830610990524292 0.006269295699894428 0.556817889213562 112.16471862792969
