1.0 0.0 0.0 0.0 0.0 1.0 0.0 0.0 0.0 0.0 1.0 0.0
0.9998737573623657 0.0015176921151578426 0.015817008912563324 0.010558942332863808 -0.0015027179615572095 0.9999983906745911 -0.0009585520019754767 -0.0031083037611097097 -0.015818437561392784 0.0009346624719910324 0.999874472618103 0.12627938389778137
0.9992919564247131 0.004308249335736036 0.03737605735659599 0.027095800265669823 -0.004296062048524618 0.999990701675415 -0.0004063876694999635 -0.004715269431471825 -0.03737746179103851 0.0002455301000736654 0.9993011951446533 0.2725931704044342
0.9978951215744019 0.005976222455501556 0.06457260996103287 0.05632937699556351 -0.0060518295504152775 0.9999812245368958 0.0009753537597134709 -0.004986628890037537 -0.06456556916236877 -0.0013640832621604204 0.9979125261306763 0.4362523853778839
0.9951273202896118 0.005723405163735151 0.09843171387910843 0.10235079377889633 -0.006069481372833252 0.9999763369560242 0.0032168105244636536 -0.0044860756024718285 -0.09841097891330719 -0.003798565361648798 0.9951385855674744 0.6076856851577759
0.9906246662139893 0.0026540393009781837 0.1365860253572464 0.16307373344898224 -0.003396558342501521 0.9999806880950928 0.00520350830629468 -0.005611267872154713 -0.136569544672966 -0.0056186458095908165 0.9906145334243774 0.7916986346244812
0.9843389391899109 -0.0001605543220648542 0.1762862205505371 0.23611240088939667 -0.0008085221634246409 0.9999849200248718 0.0054253339767456055 -0.004642339888960123 -0.17628446221351624 -0.005482897628098726 0.9843239784240723 0.9869606494903564
0.975549042224884 -0.000336417811922729 0.21978123486042023 0.31902778148651123 -0.0011487171286717057 0.9999773502349854 0.006629502400755882 -0.0015793874626979232 -0.21977850794792175 -0.006719872355461121 0.9755265712738037 1.19109046459198
0.9633951783180237 -7.211242336779833e-05 0.268085241317749 0.41081443428993225 -0.002552045276388526 0.9999521970748901 0.00944004487246275 0.002578268526121974 -0.26807311177253723 -0.009778660722076893 0.9633488655090332 1.40631902217865
0.9489147663116455 -0.0037394354585558176 0.31551069021224976 0.5281744599342346 -0.0016006032237783074 0.9998598694801331 0.01666424237191677 -0.0033912251237779856 -0.3155287504196167 -0.016317954286932945 0.9487757086753845 1.6187613010406494
0.9319467544555664 -0.013134973123669624 0.36235731840133667 0.6695953011512756 0.0044659897685050964 0.9996836185455322 0.024751130491495132 -0.008049451746046543 -0.36256781220436096 -0.021448452025651932 0.9317106008529663 1.8274691104888916
0.9105494022369385 -0.018307898193597794 0.4129946827888489 0.8240487575531006 0.007025042548775673 0.9995598793029785 0.02882164902985096 -0.0047512175515294075 -0.41334056854248047 -0.023342231288552284 0.9102771878242493 2.0525362491607666
0.8850768804550171 -0.019668083637952805 0.4650290608406067 0.9915774464607239 0.005041338503360748 0.9994533061981201 0.03267613798379898 -3.890095467795618e-05 -0.4654175043106079 -0.02657652273774147 0.8846921324729919 2.281100273132324
0.8567222952842712 -0.02185903675854206 0.5153145790100098 1.1689119338989258 0.003039218485355377 0.9992981553077698 0.037336286157369614 0.0014157772529870272 -0.5157690048217773 -0.03042067028582096 0.8561874032020569 2.488959312438965
0.8241697549819946 -0.026259923353791237 0.5657336711883545 1.3684760332107544 0.003398034954443574 0.9991357326507568 0.041427042335271835 0.007946635596454144 -0.5663325786590576 -0.03222053125500679 0.8235466480255127 2.7031567096710205
0.7880399823188782 -0.032167110592126846 0.6147830486297607 1.6013036966323853 0.005683965981006622 0.9989715814590454 0.04498307406902313 0.008785710670053959 -0.6155977845191956 -0.03195406123995781 0.7874124050140381 2.919692039489746
0.7496274709701538 -0.03583066537976265 0.6608893275260925 1.8420463800430298 0.005928524769842625 0.9988569617271423 0.04742931202054024 0.01770622283220291 -0.6618334054946899 -0.03163622319698334 0.7489831447601318 3.129027843475342
0.7095948457717896 -0.039061516523361206 0.703526496887207 2.112743854522705 0.00709151616320014 0.9988075494766235 0.04830356314778328 0.03089987300336361 -0.7045742273330688 -0.029286885634064674 0.7090255618095398 3.3328857421875
0.6671499609947205 -0.04072422906756401 0.7438094615936279 2.413001537322998 0.005860789678990841 0.9987605810165405 0.04942626506090164 0.04640394076704979 -0.7449003458023071 -0.028615418821573257 0.6665616631507874 3.5558736324310303
0.6242501735687256 -0.04051508754491806 0.7801732420921326 2.724710464477539 0.0005838156794197857 0.9986781477928162 0.05139510706067085 0.0627194195985794 -0.7812243103981018 -0.03162792697548866 0.6234486699104309 3.7689778804779053
0.5823541879653931 -0.0409778468310833 0.8119017481803894 3.075042486190796 -0.0025900136679410934 0.9986300468444824 0.05226004496216774 0.08073019981384277 -0.8129310011863708 -0.032536689192056656 0.581450343132019 3.9787404537200928
0.5419732332229614 -0.0421309694647789 0.839339017868042 3.45475435256958 -0.004096226766705513 0.9985982179641724 0.05277005583047867 0.10261359065771103 -0.8403857350349426 -0.03203807771205902 0.5410410761833191 4.190746307373047
0.5027075409889221 -0.044163115322589874 0.86332768201828 3.861394166946411 -0.006035474594682455 0.9984905123710632 0.05459170415997505 0.12021905183792114 -0.8644354939460754 -0.032654255628585815 0.5016822218894958 4.401944637298584
0.46525606513023376 -0.0439734011888504 0.8840832710266113 4.299358367919922 -0.008879552595317364 0.9984831213951111 0.05433647707104683 0.13858594000339508 -0.8851315975189209 -0.03313063830137253 0.46415993571281433 4.602554798126221
0.42898789048194885 -0.043156735599040985 0.90227872133255 4.762304306030273 -0.009906478226184845 0.9985732436180115 0.05247261002659798 0.16082905232906342 -0.9032558798789978 -0.03144851326942444 0.42794832587242126 4.799562931060791
0.39515864849090576 -0.04162522405385971 0.9176692962646484 5.255144119262695 -0.008913399651646614 0.9987519979476929 0.049141332507133484 0.18408337235450745 -0.9185696244239807 -0.027598174288868904 0.39429450035095215 4.98336935043335
0.3664470314979553 -0.03994201123714447 0.9295811653137207 5.778229713439941 -0.006370858289301395 0.998947024345398 0.045433931052684784 0.2082887887954712 -0.9304171204566956 -0.02257135696709156 0.36580660939216614 5.146393299102783
0.340728759765625 -0.03792068362236023 0.9393965601921082 6.332681179046631 -0.005688400473445654 0.9990848302841187 0.04239336773753166 0.23240073025226593 -0.940144419670105 -0.01978830248117447 0.3402012288570404 5.341897010803223
0.32090258598327637 -0.03745121881365776 0.9463714361190796 6.903069972991943 -0.004318820312619209 0.9991496801376343 0.04100429266691208 0.2551169693470001 -0.9471023678779602 -0.017245592549443245 0.3204679489135742 5.513347625732422
0.3065250813961029 -0.03776722028851509 0.9511130452156067 7.503415584564209 -0.0033800601959228516 0.9991630911827087 0.040764544159173965 0.2820611000061035 -0.9518565535545349 -0.015710171312093735 0.30614084005355835 5.692633152008057
0.29467275738716125 -0.03951827809214592 0.9547806978225708 8.132315635681152 -0.001950564095750451 0.9991176128387451 0.0419553741812706 0.30172646045684814 -0.9555962681770325 -0.014225466176867485 0.29433566331863403 5.880856513977051
0.28366976976394653 -0.04106174036860466 0.9580424427986145 8.787705421447754 -0.003753284690901637 0.9990274906158447 0.04392968863248825 0.32897627353668213 -0.9589146971702576 -0.01605732925236225 0.28323981165885925 6.08225154876709
0.27304351329803467 -0.04286269098520279 0.9610463380813599 9.461816787719727 -0.0050096833147108555 0.9989299774169922 0.04597560688853264 0.3553314208984375 -0.9619886875152588 -0.017367877066135406 0.27253657579421997 6.271169662475586
0.26291486620903015 -0.044537823647260666 0.9637905955314636 10.15641975402832 -0.005946760531514883 0.9988401532173157 0.04777974635362625 0.3844652473926544 -0.9648007750511169 -0.018293438479304314 0.2623450756072998 6.461222171783447
0.25254401564598083 -0.04653351008892059 0.9664657711982727 10.888168334960938 -0.006952241063117981 0.9987297058105469 0.04990362375974655 0.4142162799835205 -0.9675604701042175 -0.01932196505367756 0.25189971923828125 6.655523777008057
0.24280013144016266 -0.0478704497218132 0.9688944816589355 11.633100509643555 -0.007456487510353327 0.9986600279808044 0.051209647208452225 0.44242969155311584 -0.970047652721405 -0.01965825818479061 0.24211785197257996 6.8241472244262695
0.23257620632648468 -0.04916209354996681 0.9713348150253296 12.389315605163574 -0.007335168309509754 0.9986044764518738 0.052298616617918015 0.4767713248729706 -0.9725504517555237 -0.019288320094347 0.23189102113246918 6.997899532318115
0.22216489911079407 -0.05230843275785446 0.9736049175262451 13.169224739074707 -0.008707698434591293 0.9984135627746582 0.05562830716371536 0.5052486658096313 -0.9749701619148254 -0.020836515352129936 0.22135694324970245 7.178230285644531
0.21136724948883057 -0.05546855553984642 0.9758315086364746 13.970810890197754 -0.010296360589563847 0.9982066750526428 0.0589706189930439 0.5477529764175415 -0.977352499961853 -0.02251197025179863 0.21041706204414368 7.350543022155762
0.19872675836086273 -0.05945970490574837 0.9782495498657227 14.753610610961914 -0.011110392399132252 0.9979569315910339 0.06291458010673523 0.5807392597198486 -0.9799919724464417 -0.02337154746055603 0.19766011834144592 7.512881278991699
0.18557153642177582 -0.06141043081879616 0.9807099103927612 15.55254077911377 -0.012096523307263851 0.9978268146514893 0.06477118283510208 0.6212806105613708 -0.9825563430786133 -0.023882869631052017 0.18442539870738983 7.662325859069824
0.1721506416797638 -0.06218436360359192 0.9831059575080872 16.356170654296875 -0.012674913741648197 0.9977829456329346 0.06533222645521164 0.6566992998123169 -0.9849891066551208 -0.023707766085863113 0.1709807962179184 7.793824195861816
0.15768073499202728 -0.06160162389278412 0.9855669140815735 17.16377830505371 -0.01339101605117321 0.9978271126747131 0.06451036781072617 0.6914810538291931 -0.9873993396759033 -0.02336978353559971 0.15651322901248932 7.9238739013671875
0.14061005413532257 -0.06006563827395439 0.9882413148880005 17.984161376953125 -0.01510907057672739 0.9979115724563599 0.06280316412448883 0.7336671352386475 -0.9899497628211975 -0.023762166500091553 0.1394088715314865 8.046241760253906
0.12023750692605972 -0.058500904589891434 0.9910199642181396 18.80415153503418 -0.017867857590317726 0.9979730248451233 0.06107920780777931 0.770897626876831 -0.9925842881202698 -0.025051413103938103 0.11894851177930832 8.143192291259766
0.09444564580917358 -0.05713501200079918 0.9938890337944031 19.623886108398438 -0.022734269499778748 0.9979676604270935 0.059529826045036316 0.8069334626197815 -0.9952704310417175 -0.028217677026987076 0.09295478463172913 8.224759101867676
0.0647471696138382 -0.05658543482422829 0.9962961077690125 20.465648651123047 -0.026018617674708366 0.9979559183120728 0.05837060138583183 0.8402698040008545 -0.9975624680519104 -0.02970157563686371 0.06314253807067871 8.26731014251709
0.03121267817914486 -0.057175129652023315 0.9978761672973633 21.275596618652344 -0.02851557917892933 0.9979053139686584 0.058068737387657166 0.8625853061676025 -0.9991058707237244 -0.03026749938726425 0.029516922309994698 8.291399955749512
-0.0035663312301039696 -0.05605253204703331 0.9984214305877686 22.16683578491211 -0.030827751383185387 0.9979594349861145 0.055916476994752884 0.9037148356437683 -0.9995183348655701 -0.030579673126339912 -0.005287026986479759 8.29101848602295
-0.03798584267497063 -0.05442747101187706 0.9977948665618896 23.015771865844727 -0.03195631131529808 0.998071014881134 0.053225964307785034 0.9398354291915894 -0.9987671971321106 -0.029864011332392693 -0.039651867002248764 8.255916595458984
-0.07037927955389023 -0.052724648267030716 0.9961259365081787 23.855060577392578 -0.03376530483365059 0.9981558322906494 0.05044646933674812 0.9636325240135193 -0.9969485998153687 -0.030084116384387016 -0.07202975451946259 8.18409538269043
-0.10290874540805817 -0.04986065253615379 0.9934402704238892 24.690019607543945 -0.03578663244843483 0.9982818365097046 0.04639656841754913 0.9865303039550781 -0.9940468072891235 -0.03077727183699608 -0.10451626777648926 8.095626831054688
-0.1352788656949997 -0.045770227909088135 0.9897497892379761 25.535717010498047 -0.03312624618411064 0.9985830187797546 0.041651006788015366 1.0028331279754639 -0.9902536273002625 -0.027152199298143387 -0.13660337030887604 7.974612712860107
-0.1668749302625656 -0.0396106131374836 0.9851821064949036 26.37196922302246 -0.027889331802725792 0.9989824891090393 0.03544143959879875 1.024003267288208 -0.985583484172821 -0.02156178653240204 -0.1678098738193512 7.8159708976745605
-0.19721974432468414 -0.033594049513339996 0.9797835946083069 27.204221725463867 -0.02114325575530529 0.9993259906768799 0.03000820241868496 1.0326476097106934 -0.980131208896637 -0.01479760929942131 -0.19779713451862335 7.630987167358398
-0.2259613573551178 -0.02739720232784748 0.9737508893013 28.021520614624023 -0.014591360464692116 0.9995874762535095 0.024738172069191933 1.0414254665374756 -0.9740269780158997 -0.00861847773194313 -0.22626788914203644 7.423308372497559
-0.25367602705955505 -0.021072255447506905 0.9670596718788147 28.839174270629883 -0.006172119174152613 0.9997775554656982 0.020166127011179924 1.045827865600586 -0.9672695398330688 -0.0008531446801498532 -0.25374966859817505 7.187861919403076
-0.2794771194458008 -0.010717024095356464 0.9600924849510193 29.634464263916016 0.0006969343521632254 0.9999351501464844 0.011364640668034554 1.0375480651855469 -0.9601520895957947 0.003845278639346361 -0.27945154905319214 6.933386325836182
-0.3052750527858734 0.004941851366311312 0.9522514343261719 30.42660903930664 0.00526038371026516 0.9999800324440002 -0.003503157990053296 1.0252236127853394 -0.9522497057914734 0.003939780406653881 -0.3052949905395508 6.668382167816162
-0.32980889081954956 0.02180415950715542 0.9437958002090454 31.201005935668945 0.005577316042035818 0.9997608065605164 -0.021148106083273888 1.0018155574798584 -0.9440312385559082 -0.0017109852051362395 -0.32985159754753113 6.389736175537109
-0.35507598519325256 0.03693963959813118 0.93410724401474 31.96988296508789 0.006018556654453278 0.9992886781692505 -0.037229470908641815 0.9729340076446533 -0.9348180294036865 -0.007597311865538359 -0.35504576563835144 6.090690612792969
-0.3794039487838745 0.046879447996616364 0.9240426421165466 32.731346130371094 0.009806085377931595 0.9988632202148438 -0.0466490164399147 0.9249628186225891 -0.925179123878479 -0.008637581020593643 -0.3794323801994324 5.765544414520264
-0.4026576578617096 0.051449500024318695 0.9139035940170288 33.47146987915039 0.012686370871961117 0.9986369013786316 -0.050630178302526474 0.8802536129951477 -0.9152626395225525 -0.008792512118816376 -0.4027615189552307 5.434145927429199
-0.425251841545105 0.05078794062137604 0.9036489129066467 34.22521209716797 0.016387147828936577 0.9986926913261414 -0.04841800034046173 0.8214918971061707 -0.9049266576766968 -0.005781618412584066 -0.4255281686782837 5.06827974319458
-0.4453169107437134 0.046882566064596176 0.8941447734832764 34.96668243408203 0.020176704972982407 0.9989000558853149 -0.042326442897319794 0.7700183987617493 -0.8951456546783447 -0.0008077840320765972 -0.4457729756832123 4.684340953826904
-0.4632377028465271 0.04596761241555214 0.8850411176681519 35.6940803527832 0.028099680319428444 0.9989136457443237 -0.03717435896396637 0.7221693992614746 -0.8857884407043457 0.007648809347301722 -0.4640261232852936 4.288888931274414
-0.47673922777175903 0.045944638550281525 0.8778432607650757 36.40129852294922 0.02978694997727871 0.9989039897918701 -0.036104027181863785 0.6751408576965332 -0.8785399198532104 0.008936063386499882 -0.4775852859020233 3.895026683807373
-0.4878145754337311 0.05016988515853882 0.8715044260025024 37.099403381347656 0.033909041434526443 0.9986826777458191 -0.03851095587015152 0.6293509602546692 -0.8722884654998779 0.010765671730041504 -0.4888731837272644 3.493225574493408
-0.49757522344589233 0.05252247303724289 0.8658291697502136 37.792625427246094 0.034205131232738495 0.9985769391059875 -0.040918100625276566 0.5859250426292419 -0.8667460680007935 0.009255963377654552 -0.49866363406181335 3.088338851928711
-0.5089734196662903 0.051838263869285583 0.8592199087142944 38.48151397705078 0.028097372502088547 0.9986535906791687 -0.04360659793019295 0.5352879762649536 -0.8603235483169556 0.0019472237909212708 -0.5097446441650391 2.6961209774017334
-0.5196096897125244 0.05023565515875816 0.8529255390167236 39.18177032470703 0.027054540812969208 0.9987367987632751 -0.04234178736805916 0.49116137623786926 -0.853975236415863 0.0010743052698671818 -0.520312488079071 2.2682337760925293
-0.528171718120575 0.0517021007835865 0.8475620746612549 39.85591125488281 0.029138628393411636 0.9986603260040283 -0.04276103898882866 0.44711610674858093 -0.8486374616622925 0.002111622830852866 -0.5289706587791443 1.836618185043335
-0.53550124168396 0.05490224435925484 0.8427479863166809 40.54036331176758 0.03234453499317169 0.998485803604126 -0.0444955974817276 0.39983439445495605 -0.8439149260520935 0.0034308398608118296 -0.536466121673584 1.399002194404602
-0.538764238357544 0.05743007734417915 0.8404968976974487 41.23176956176758 0.033563822507858276 0.998344898223877 -0.04670100286602974 0.3517259359359741 -0.8417876958847046 0.003049459308385849 -0.5397999882698059 0.9524643421173096
-0.5384154915809631 0.05970515310764313 0.8405616879463196 41.9339599609375 0.033257655799388885 0.99821537733078 -0.04960034787654877 0.3055424988269806 -0.8420228958129883 0.0012495166156440973 -0.5394402146339417 0.5026887655258179
-0.534995973110199 0.06007478013634682 0.8427160382270813 42.65689468383789 0.03530694171786308 0.9981871247291565 -0.048743344843387604 0.2581227421760559 -0.8441165089607239 0.003676234045997262 -0.5361471176147461 0.04326670244336128
-0.5294156670570374 0.058736804872751236 0.8463267683982849 43.39516067504883 0.033872537314891815 0.9982683658599854 -0.048093054443597794 0.19824934005737305 -0.8476860523223877 0.0032060188241302967 -0.5304884910583496 -0.4100579619407654
-0.5225550532341003 0.057317230850458145 0.8506767749786377 44.149513244628906 0.031230710446834564 0.998354971408844 -0.048083096742630005 0.15148963034152985 -0.8520333766937256 0.0014411821030080318 -0.5234853625297546 -0.8588807582855225
-0.5152767300605774 0.05664871260523796 0.8551496267318726 44.9208984375 0.029607726261019707 0.9983940124511719 -0.04829747602343559 0.09835969656705856 -0.856512188911438 0.00043246985296718776 -0.5161264538764954 -1.3193564414978027
-0.509746253490448 0.05529383197426796 0.8585460186004639 45.70903778076172 0.0266096331179142 0.9984683990478516 -0.048506394028663635 0.04585915431380272 -0.8599130511283875 -0.0018803584389388561 -0.5104368329048157 -1.7670902013778687
-0.5047504901885986 0.05313476547598839 0.8616284132003784 46.52894592285156 0.022386495023965836 0.9985739588737488 -0.04846567288041115 -0.008418470621109009 -0.8629748821258545 -0.005174231715500355 -0.5052202939987183 -2.2489709854125977
-0.5033029317855835 0.05038478970527649 0.862639844417572 47.352176666259766 0.018234478309750557 0.9986956119537354 -0.04769266024231911 -0.06296209990978241 -0.8639176487922668 -0.008274069055914879 -0.5035651922225952 -2.720475435256958
-0.5040117502212524 0.04785677418112755 0.8623698949813843 48.186668395996094 0.015389146283268929 0.9988028407096863 -0.04643387719988823 -0.12231694906949997 -0.8635596632957458 -0.01013207994401455 -0.5041448473930359 -3.1905596256256104
-0.5052173733711243 0.046785157173871994 0.8617228865623474 49.03335189819336 0.01441049575805664 0.9988475441932678 -0.04578131437301636 -0.18066082894802094 -0.8628717660903931 -0.01071165967732668 -0.5053092837333679 -3.6771161556243896
-0.5052520632743835 0.04610861837863922 0.8617391586303711 49.900665283203125 0.013970359228551388 0.9988777041435242 -0.045255374163389206 -0.2326957732439041 -0.862858772277832 -0.01082656066864729 -0.5053290724754333 -4.188762664794922
-0.5054552555084229 0.045557186007499695 0.8616492748260498 50.771026611328125 0.014088984578847885 0.9989078640937805 -0.04454953595995903 -0.289629727602005 -0.8627378344535828 -0.010378032922744751 -0.5055450201034546 -4.697321891784668
-0.5056496858596802 0.044455498456954956 0.8615928292274475 51.649757385253906 0.013709433376789093 0.9989594221115112 -0.04349743574857712 -0.34689846634864807 -0.8626300096511841 -0.010182506404817104 -0.5057328939437866 -5.205686092376709
-0.5056635737419128 0.04435838758945465 0.8615897297859192 52.537353515625 0.013866367749869823 0.9989661574363708 -0.043293025344610214 -0.40591931343078613 -0.8626192808151245 -0.009944587014615536 -0.5057559609413147 -5.7234272956848145
-0.505800187587738 0.04292167350649834 0.8615822196006775 53.43306350708008 0.0116193275898695 0.9990097284317017 -0.0429467111825943 -0.4601650536060333 -0.8625723123550415 -0.011711450293660164 -0.5057981610298157 -6.246187686920166
-0.5059948563575745 0.04192309454083443 0.861517071723938 54.31725311279297 0.010654767043888569 0.9990455508232117 -0.04235764965415001 -0.520619809627533 -0.8624706864356995 -0.012253488413989544 -0.5059586763381958 -6.752591133117676
-0.5053457021713257 0.0409727618098259 0.8619437217712402 55.21060562133789 0.00964436400681734 0.9990778565406799 -0.04183712601661682 -0.5852132439613342 -0.8628631234169006 -0.012829313986003399 -0.5052748918533325 -7.27068567276001
-0.5040947198867798 0.03963807597756386 0.8627382516860962 56.079986572265625 0.009321535006165504 0.9991377592086792 -0.04045834019780159 -0.6394886374473572 -0.8635982275009155 -0.01235279068350792 -0.5040294528007507 -7.776640892028809
-0.5018014311790466 0.037541717290878296 0.8641677498817444 56.96673583984375 0.009334130212664604 0.9992344975471497 -0.03798927366733551 -0.6985182762145996 -0.8649324774742126 -0.01099681667983532 -0.5017677545547485 -8.290544509887695
-0.4995047450065613 0.03610707446932793 0.865558385848999 57.85329055786133 0.009990731254220009 0.9993047118186951 -0.03592080995440483 -0.7569519877433777 -0.8662535548210144 -0.009295050986111164 -0.49951815605163574 -8.797310829162598
-0.4969772696495056 0.03601749986410141 0.8670157790184021 58.74049758911133 0.010383174754679203 0.9993135929107666 -0.03556172922253609 -0.8110232353210449 -0.8677014112472534 -0.008670992217957973 -0.49701008200645447 -9.301905632019043
-0.49500882625579834 0.03607119247317314 0.8681389093399048 59.62599182128906 0.010359286330640316 0.9993119239807129 -0.03561462089419365 -0.8684183359146118 -0.868826150894165 -0.008636250160634518 -0.4950419068336487 -9.80062198638916
-0.4940029978752136 0.036704305559396744 0.8686851263046265 60.508426666259766 0.009982935152947903 0.9992821216583252 -0.03654530644416809 -0.9185906052589417 -0.8694028854370117 -0.009381462819874287 -0.49401479959487915 -10.303411483764648
-0.49450382590293884 0.038564532995224 0.8683194518089294 61.38343811035156 0.010441583581268787 0.9992066621780396 -0.03843117877840996 -0.9751473069190979 -0.8691126704216003 -0.00993773527443409 -0.49451419711112976 -10.801712989807129
-0.49757665395736694 0.04018136486411095 0.8664888143539429 62.25630569458008 0.008990428410470486 0.9991117119789124 -0.041168730705976486 -1.0350922346115112 -0.8673734068870544 -0.012694492004811764 -0.4974959194660187 -11.293015480041504
-0.5023050904273987 0.040538810193538666 0.8637396693229675 63.13216781616211 0.007004937157034874 0.9990584254264832 -0.0428161695599556 -1.0904910564422607 -0.8646621108055115 -0.01545633189380169 -0.5021160840988159 -11.797386169433594
-0.5076135396957397 0.03931893780827522 0.860687255859375 63.99359893798828 0.008875631727278233 0.9991438388824463 -0.040409427136182785 -1.1495004892349243 -0.8615391850471497 -0.012873228639364243 -0.5075278282165527 -12.305638313293457
-0.5126772522926331 0.03702681139111519 0.8577826023101807 64.85052490234375 0.010387832298874855 0.9992639422416687 -0.03692539036273956 -1.209153175354004 -0.8585186004638672 -0.0100203026086092 -0.5126845836639404 -12.82390308380127
-0.5185754895210266 0.03418773412704468 0.8543480038642883 65.71945190429688 0.0066910553723573685 0.9993318915367126 -0.03592807427048683 -1.2669509649276733 -0.85500568151474 -0.012914926744997501 -0.5184577703475952 -13.330659866333008
-0.523806631565094 0.037303678691387177 0.8510199785232544 66.56385040283203 0.009312175214290619 0.9992316365242004 -0.03806871920824051 -1.3261195421218872 -0.8517863154411316 -0.01201579812914133 -0.5237515568733215 -13.8458251953125
-0.5288845300674438 0.03933103755116463 0.8477819561958313 67.40744018554688 0.009288188070058823 0.9991340041160583 -0.040558312088251114 -1.372261643409729 -0.8486429452896118 -0.013576305471360683 -0.5287918448448181 -14.363569259643555
-0.5338495969772339 0.03993843495845795 0.8446357846260071 68.23579406738281 0.007687859702855349 0.9990718364715576 -0.042381830513477325 -1.4308273792266846 -0.8455445170402527 -0.016132082790136337 -0.5336611270904541 -14.873258590698242
-0.5371896028518677 0.04036810249090195 0.8424948453903198 69.03980255126953 0.007034242618829012 0.9990337491035461 -0.04338349401950836 -1.4887380599975586 -0.8434320688247681 -0.017378849908709526 -0.5369544625282288 -15.391589164733887
-0.5403181910514832 0.03998126834630966 0.840510368347168 69.85464477539062 0.008417345583438873 0.9990774393081665 -0.04211290925741196 -1.5459656715393066 -0.8414187431335449 -0.015679500997066498 -0.5401561856269836 -15.914255142211914
-0.5421262383460999 0.0329442098736763 0.8396509885787964 70.67697143554688 0.008708624169230461 0.999397873878479 -0.0335891917347908 -1.5941721200942993 -0.8402518630027771 -0.010897376574575901 -0.5420867204666138 -16.44951629638672
-0.544973611831665 0.02336195483803749 0.8381276726722717 71.49501037597656 0.007075237110257149 0.9997042417526245 -0.023265227675437927 -1.651375651359558 -0.8384233713150024 -0.006748983170837164 -0.5449777245521545 -16.975309371948242
-0.5468631386756897 0.022307569161057472 0.8369247913360596 72.31139373779297 0.008216346614062786 0.9997397661209106 -0.02127855084836483 -1.6901721954345703 -0.8371816873550415 -0.004759990610182285 -0.5469041466712952 -17.50176429748535
-0.5475866794586182 0.026929499581456184 0.8363154530525208 73.10403442382812 0.008704510517418385 0.9996112585067749 -0.026488272473216057 -1.7352449893951416 -0.8367037177085876 -0.007224909495562315 -0.5476081967353821 -18.020830154418945
-0.5490438938140869 0.03320986032485962 0.8351334929466248 73.89915466308594 0.010549279861152172 0.9994060397148132 -0.032806869596242905 -1.7802685499191284 -0.8357269763946533 -0.009202354587614536 -0.549068033695221 -18.53194808959961
-0.5488907098770142 0.037122517824172974 0.8350694179534912 74.6802978515625 0.016687942668795586 0.9993008971214294 -0.033454347401857376 -1.8292559385299683 -0.8357275724411011 -0.00442719180136919 -0.5491264462471008 -19.06617546081543
-0.5486105680465698 0.038615260273218155 0.8351858854293823 75.47177124023438 0.020372731611132622 0.9992536306381226 -0.032818734645843506 -1.878758192062378 -0.8358298540115356 -0.0009896891424432397 -0.5489877462387085 -19.598220825195312
-0.5482757091522217 0.03511606529355049 0.835560142993927 76.2766342163086 0.018748756498098373 0.9993830323219299 -0.029698537662625313 -1.921269178390503 -0.8360875844955444 -0.0006172730936668813 -0.5485957264900208 -20.117948532104492
-0.5477794408798218 0.03026728332042694 0.8360751867294312 77.069580078125 0.016491195186972618 0.9995418190956116 -0.025380346924066544 -1.954298734664917 -0.836460292339325 -0.00011495612125145271 -0.548027515411377 -20.633934020996094
-0.5474420189857483 0.02313755825161934 0.836523711681366 77.86817932128906 0.013951033353805542 0.9997310638427734 -0.018521834164857864 -2.002746820449829 -0.8367273211479187 0.0015307394787669182 -0.5476176142692566 -21.138092041015625
-0.5474665760993958 0.017675522714853287 0.8366408944129944 78.67045593261719 0.005402956623584032 0.9998307228088379 -0.017587704584002495 -2.035707473754883 -0.8368101119995117 -0.0051083434373140335 -0.5474693775177002 -21.63128089904785
-0.5457158088684082 0.012832900509238243 0.8378720879554749 79.4695816040039 -0.0019284767331555486 0.9998608827590942 -0.016569968312978745 -2.0633955001831055 -0.837968111038208 -0.010658307932317257 -0.545615017414093 -22.13750457763672
-0.5437608957290649 0.013408835977315903 0.839133083820343 80.25687408447266 0.0012454994721338153 0.9998841285705566 -0.015170454978942871 -2.0989646911621094 -0.839239239692688 -0.007203959859907627 -0.5437145829200745 -22.642986297607422
-0.540253758430481 0.01674310863018036 0.8413355946540833 81.049072265625 0.0054798973724246025 0.999850869178772 -0.01637881062924862 -2.129927635192871 -0.8414843678474426 -0.004238279536366463 -0.5402647852897644 -23.163225173950195
-0.5346922874450684 0.020061908289790154 0.8448086380958557 81.83924102783203 0.0072599477134644985 0.9997903108596802 -0.019147368147969246 -2.1555299758911133 -0.8450155854225159 -0.004104683641344309 -0.5347257852554321 -23.6654109954834
-0.5269991159439087 0.02209244854748249 0.8495786190032959 82.62857818603516 0.01234368048608303 0.9997556209564209 -0.018340786918997765 -2.1909339427948 -0.8497762084007263 0.0008213500259444118 -0.5271429419517517 -24.157094955444336
-0.5182687640190125 0.025909902527928352 0.8548251986503601 83.4317398071289 0.019972415640950203 0.9996350407600403 -0.018190113827586174 -2.225911855697632 -0.8549845218658447 0.007645558100193739 -0.5185970664024353 -24.665733337402344
-0.5092424154281616 0.02486194297671318 0.8602639436721802 84.23344421386719 0.01709907501935959 0.9996777176856995 -0.01876906491816044 -2.253655433654785 -0.860453188419342 0.005151713266968727 -0.5095033049583435 -25.119985580444336
-0.4985761046409607 0.02258884161710739 0.8665516376495361 85.04135131835938 0.015117201954126358 0.9997349381446838 -0.017362819984555244 -2.2836782932281494 -0.8667140603065491 0.00444314768537879 -0.49878543615341187 -25.572948455810547
-0.4868526756763458 0.019225452095270157 0.8732724785804749 85.8505630493164 0.015443733893334866 0.9997909069061279 -0.013400869444012642 -2.3175008296966553 -0.8733475208282471 0.006962338928133249 -0.48704782128334045 -26.018001556396484
-0.4757215082645416 0.018672730773687363 0.8793977499008179 86.66162109375 0.014436661265790462 0.999805748462677 -0.013419720344245434 -2.3415772914886475 -0.8794774413108826 0.00631151907145977 -0.4758986532688141 -26.45292091369629
-0.4650057554244995 0.01729458197951317 0.8851386904716492 87.50006103515625 0.014002892188727856 0.9998278021812439 -0.012179083190858364 -2.3666539192199707 -0.8851968050003052 0.006731157191097736 -0.4651678800582886 -26.870153427124023
-0.45276424288749695 0.0185700710862875 0.8914368748664856 88.32015991210938 0.014799428172409534 0.9998019337654114 -0.013310802169144154 -2.390127420425415 -0.8915073275566101 0.007166099734604359 -0.4529493749141693 -27.28628158569336
-0.4405173361301422 0.022189291194081306 0.8974698185920715 89.13946533203125 0.014879337511956692 0.9997376799583435 -0.017414359375834465 -2.429126024246216 -0.8976207971572876 0.005682427901774645 -0.4407319724559784 -27.687152862548828
-0.4293956160545349 0.030943086370825768 0.9025862216949463 89.95975494384766 0.017290903255343437 0.9995113611221313 -0.026039978489279747 -2.464524507522583 -0.9029508829116821 0.004425077233463526 -0.42972084879875183 -28.070173263549805
-0.41599515080451965 0.035878736525774 0.9086587429046631 90.79887390136719 0.01606876775622368 0.9993553757667542 -0.03210344910621643 -2.4949734210968018 -0.9092247486114502 0.001246148836798966 -0.4163035750389099 -28.460006713867188
-0.4051702618598938 0.03136858716607094 0.9137029647827148 91.654296875 0.011909830383956432 0.9995076060295105 -0.029033100232481956 -2.5276169776916504 -0.9141636490821838 -0.0008812993764877319 -0.40534430742263794 -28.832426071166992
-0.39343592524528503 0.02793118916451931 0.9189276695251465 92.49713897705078 0.009962758049368858 0.9996091723442078 -0.026118017733097076 -2.5667331218719482 -0.9192980527877808 -0.0011207129573449492 -0.3935604393482208 -29.187604904174805
-0.3837555944919586 0.028534049168229103 0.9229937791824341 93.34180450439453 0.007697308901697397 0.9995865225791931 -0.027701564133167267 -2.613734245300293 -0.9234026670455933 -0.00352606363594532 -0.38381659984588623 -29.526880264282227
-0.3763938546180725 0.03305933251976967 0.9258697032928467 94.19500732421875 0.0033945010509341955 0.9994056224822998 -0.03430505841970444 -2.658691883087158 -0.9264535307884216 -0.009769348427653313 -0.37628236413002014 -29.86962890625
-0.37146705389022827 0.0381334088742733 0.9276626706123352 95.03451538085938 -0.0021085371263325214 0.9991189241409302 -0.041915085166692734 -2.7029812335968018 -0.9284437894821167 -0.017526086419820786 -0.3710593581199646 -30.190502166748047
-0.3684117794036865 0.04040125012397766 0.9287844300270081 95.88098907470703 -0.003948837984353304 0.9989782571792603 -0.04502096027135849 -2.755117654800415 -0.9296543002128601 -0.020253874361515045 -0.3678758442401886 -30.510793685913086
-0.3647776246070862 0.03984902426600456 0.9302415251731873 96.71864318847656 -0.005924834404140711 0.9989641904830933 -0.04511622339487076 -2.8099586963653564 -0.9310758113861084 -0.021968917921185493 -0.36416369676589966 -30.83373260498047
-0.3602476418018341 0.040093742311000824 0.9319946765899658 97.55410766601562 -0.00701491953805089 0.998931348323822 -0.0456848107278347 -2.860780954360962 -0.9328303337097168 -0.022995715960860252 -0.35958144068717957 -31.1444091796875
-0.3537726104259491 0.03555487096309662 0.9346554279327393 98.41890716552734 -0.009841138496994972 0.9990804195404053 -0.04173056036233902 -2.916691303253174 -0.9352796673774719 -0.023961205035448074 -0.35309746861457825 -31.47232437133789
-0.3485710918903351 0.031835611909627914 0.9367415308952332 99.25680541992188 -0.009581228718161583 0.9992496967315674 -0.03752525895833969 -2.968161106109619 -0.9372333884239197 -0.022055357694625854 -0.34800463914871216 -31.77449607849121
-0.3430691659450531 0.02878325618803501 0.9388691782951355 100.11054229736328 -0.012131906114518642 0.9993112087249756 -0.03506934270262718 -3.0188727378845215 -0.939231812953949 -0.023421479389071465 -0.3424836993217468 -32.07547378540039
-0.3374103605747223 0.026858769357204437 0.9409744739532471 100.96199798583984 -0.02073175087571144 0.9991384148597717 -0.03595287725329399 -3.065572738647461 -0.9411293864250183 -0.031638920307159424 -0.336562842130661 -32.35981750488281
-0.3312629759311676 0.02729986421763897 0.9431435465812683 101.81549835205078 -0.027540013194084167 0.9988756775856018 -0.03858603537082672 -3.1119227409362793 -0.94313645362854 -0.03875631093978882 -0.3301387131214142 -32.64191436767578
-0.3243977129459381 0.031197546049952507 0.9454061985015869 102.66190338134766 -0.025525866076350212 0.9988032579421997 -0.04171830415725708 -3.166033983230591 -0.9455763101577759 -0.037665631622076035 -0.3232131600379944 -32.93063735961914
-0.3173222541809082 0.034740179777145386 0.947681188583374 103.50333404541016 -0.024185797199606895 0.9987072348594666 -0.04470907896757126 -3.2130508422851562 -0.9480093717575073 -0.037107616662979126 -0.3160718083381653 -33.20882034301758
-0.3109790086746216 0.03243933618068695 0.9498630166053772 104.3554458618164 -0.025635451078414917 0.9987674355506897 -0.042502373456954956 -3.2661988735198975 -0.9500709772109985 -0.037567514926195145 -0.3097641170024872 -33.47734451293945
-0.30414247512817383 0.02782915160059929 0.9522199034690857 105.21255493164062 -0.025921331718564034 0.9989614486694336 -0.037474557757377625 -3.313523769378662 -0.9522737860679626 -0.036080412566661835 -0.30310526490211487 -33.74156951904297
-0.29713937640190125 0.02530497871339321 0.9544987082481384 106.07058715820312 -0.027023091912269592 0.9990255832672119 -0.03489784151315689 -3.3637442588806152 -0.9544516205787659 -0.036163028329610825 -0.2961660623550415 -33.99934005737305
-0.2906050384044647 0.028438696637749672 0.9564203023910522 106.92821502685547 -0.02925601229071617 0.9988267421722412 -0.03858896717429161 -3.407824993133545 -0.9563957452774048 -0.03919519856572151 -0.2894320487976074 -34.25027847290039
-0.2843390107154846 0.031208787113428116 0.9582157135009766 107.78197479248047 -0.028705095872282982 0.998744785785675 -0.04104670137166977 -3.45796275138855 -0.9582939743995667 -0.03917685151100159 -0.28308627009391785 -34.49541091918945
-0.2776722311973572 0.03159361332654953 0.9601562023162842 108.63816833496094 -0.030819740146398544 0.9986516833305359 -0.041773200035095215 -3.506887197494507 -0.9601814150810242 -0.041191019117832184 -0.27632415294647217 -34.73073959350586
-0.2707085609436035 0.03097779117524624 0.9621627926826477 109.5026626586914 -0.03146415576338768 0.9986633062362671 -0.04100553318858147 -3.560450792312622 -0.9621469974517822 -0.04137418419122696 -0.26937204599380493 -34.97064208984375
-0.26240190863609314 0.030761446803808212 0.964468240737915 110.36195373535156 -0.027512511238455772 0.9988468885421753 -0.039343249052762985 -3.6116244792938232 -0.9645664095878601 -0.036858685314655304 -0.2612529695034027 -35.20625305175781
-0.25505706667900085 0.03199903294444084 0.9663963913917542 111.22071838378906 -0.024615563452243805 0.9989134073257446 -0.03957241773605347 -3.6605618000030518 -0.9666126370429993 -0.03388161584734917 -0.25399231910705566 -35.42869567871094
-0.2481987029314041 0.032624468207359314 0.9681596159934998 112.08177185058594 -0.02346896193921566 0.9989368915557861 -0.03967810794711113 -3.707637071609497 -0.9684247970581055 -0.0325697585940361 -0.24716916680335999 -35.64724349975586
-0.2415982484817505 0.03149624168872833 0.9698651432991028 112.9505844116211 -0.029517555609345436 0.998772144317627 -0.03978796675801277 -3.754948139190674 -0.9699273109436035 -0.03824074938893318 -0.24037189781665802 -35.846527099609375
-0.23592939972877502 0.02932768501341343 0.971327543258667 113.81934356689453 -0.034578561782836914 0.9986580610275269 -0.03855180740356445 -3.8050036430358887 -0.9711548089981079 -0.04268261045217514 -0.23459871113300323 -36.042869567871094
-0.23144324123859406 0.029201621189713478 0.9724100828170776 114.697265625 -0.032145168632268906 0.998773992061615 -0.03764420747756958 -3.8552703857421875 -0.9723172783851624 -0.039970774203538895 -0.23022082448005676 -36.24576187133789
-0.22709809243679047 0.029395416378974915 0.9734281897544861 115.56680297851562 -0.03074800968170166 0.9988295435905457 -0.03733590990304947 -3.903437376022339 -0.9733864068984985 -0.03840988874435425 -0.22592847049236298 -36.437744140625
-0.2219058722257614 0.031158115714788437 0.9745700359344482 116.4364013671875 -0.029153890907764435 0.9988303780555725 -0.03857196867465973 -3.954400062561035 -0.974632203578949 -0.03697185590863228 -0.2207379788160324 -36.63908004760742
-0.21609137952327728 0.03018837608397007 0.9759063124656677 117.29779052734375 -0.02299538068473339 0.9990872740745544 -0.03599723055958748 -3.998037576675415 -0.9761022925376892 -0.03022003173828125 -0.21519996225833893 -36.82970428466797
-0.21085010468959808 0.029192322865128517 0.977082371711731 118.17377471923828 -0.015998845919966698 0.9993169903755188 -0.033309102058410645 -4.040020942687988 -0.9773874878883362 -0.022655418142676353 -0.21023905277252197 -37.025028228759766
-0.20540572702884674 0.028402166441082954 0.9782646894454956 119.04920959472656 -0.014029928483068943 0.9993906617164612 -0.03196137398481369 -4.089449882507324 -0.9785763025283813 -0.020290035754442215 -0.20488208532333374 -37.21242904663086
