1.0 0.0 0.0 0.0 0.0 1.0 0.0 0.0 0.0 0.0 1.0 0.0
0.9998737573623657 0.0014997409889474511 0.01581806130707264 0.010597972199320793 -0.0014851302839815617 0.9999984502792358 -0.0009353799978271127 -0.0033713490702211857 -0.01581943966448307 0.0009117700392380357 0.999874472618103 0.12610773742198944
0.9992923140525818 0.004323015920817852 0.03736606240272522 0.027238331735134125 -0.004311309661716223 0.9999906420707703 -0.00039386205025948584 -0.004892205353826284 -0.03736741468310356 0.00023248665092978626 0.999301552772522 0.2725963890552521
0.9978956580162048 0.006015196908265352 0.0645608901977539 0.05638875812292099 -0.0060896677896380424 0.9999809861183167 0.0009567751549184322 -0.004723271355032921 -0.06455390900373459 -0.0013479160843417048 0.9979133009910583 0.4362930655479431
0.9951303005218506 0.005670410580933094 0.09840599447488785 0.10250375419855118 -0.0060219853185117245 0.9999764561653137 0.003276032628491521 -0.0045227352529764175 -0.09838511794805527 -0.0038526791613548994 0.9951409697532654 0.6103395819664001
0.9906291961669922 0.0025987750850617886 0.13655421137809753 0.1633116900920868 -0.0033455879893153906 0.999980628490448 0.005239767022430897 -0.005019018426537514 -0.13653792440891266 -0.005647520534694195 0.9906187653541565 0.7951334714889526
0.9843357801437378 -0.0001781340251909569 0.1763039529323578 0.23614613711833954 -0.0007947246776893735 0.999984860420227 0.005447454284876585 -0.00370172131806612 -0.1763022541999817 -0.005502237472683191 0.9843207001686096 0.9914276599884033
0.9755606651306152 -0.0004699237470049411 0.21972963213920593 0.3203839063644409 -0.0010261443676427007 0.9999769926071167 0.006694493815302849 -0.000905187800526619 -0.21972773969173431 -0.006756359711289406 0.9755378365516663 1.1947270631790161
0.9633767604827881 -0.0002986494218930602 0.26815104484558105 0.4119552969932556 -0.002356033306568861 0.9999513030052185 0.009578119963407516 0.0021330034360289574 -0.26814085245132446 -0.009859112091362476 0.9633292555809021 1.4108848571777344
0.9489516615867615 -0.003885661717504263 0.31539762020111084 0.5297001600265503 -0.0014689960516989231 0.9998588562011719 0.016737988218665123 -0.0025439560413360596 -0.3154180645942688 -0.016346855089068413 0.9488120079040527 1.6201622486114502
0.9319466352462769 -0.01342560164630413 0.36234670877456665 0.6706830263137817 0.004747125785797834 0.9996803998947144 0.02483047917485237 -0.007003210484981537 -0.3625643253326416 -0.02142057567834854 0.9317125082015991 1.8331730365753174
0.9105785489082336 -0.01822306588292122 0.41293415427207947 0.8244562745094299 0.006894793827086687 0.9995583295822144 0.028907189145684242 -0.004086948931217194 -0.41327860951423645 -0.023475170135498047 0.9103019833564758 2.052757501602173
0.8850265145301819 -0.01967921108007431 0.46512430906295776 0.9930118322372437 0.004988545086234808 0.9994497299194336 0.032794222235679626 0.0011830776929855347 -0.465513676404953 -0.02670346200466156 0.884637713432312 2.2858364582061768
0.8568180799484253 -0.02206573262810707 0.5151464939117432 1.1818714141845703 0.00324844429269433 0.9992949962615967 0.03740072622895241 0.003908328711986542 -0.5156086087226868 -0.030372194945812225 0.8562857508659363 2.4996414184570312
0.8243842124938965 -0.02633478492498398 0.5654176473617554 1.3652724027633667 0.0034582524094730616 0.9991328120231628 0.041493259370326996 0.007947169244289398 -0.5660200715065002 -0.0322510302066803 0.8237603902816772 2.6979026794433594
0.7882363200187683 -0.03193502128124237 0.6145433187484741 1.5959937572479248 0.0055152736604213715 0.9989790916442871 0.04483829066157341 0.01024213433265686 -0.6153479218482971 -0.03195379301905632 0.7876077890396118 2.9075992107391357
0.7497342824935913 -0.03559631109237671 0.6607808470726013 1.8399218320846558 0.005646225064992905 0.9988598823547363 0.04740234464406967 0.017397597432136536 -0.6617148518562317 -0.031808242201805115 0.7490805387496948 3.1297502517700195
0.7094860672950745 -0.038483720272779465 0.7036677598953247 2.1101720333099365 0.0063912030309438705 0.9988182187080383 0.04818149656057358 0.03244774043560028 -0.7046903371810913 -0.02968681789934635 0.7088935971260071 3.3383684158325195
0.6671190857887268 -0.040055323392152786 0.7438734173774719 2.4115424156188965 0.0052399178966879845 0.9987810254096985 0.04908207803964615 0.04982447624206543 -0.7449325323104858 -0.028845755383372307 0.6665158867835999 3.5625500679016113
0.6239404082298279 -0.04007330536842346 0.7804437279701233 2.742076873779297 0.00011747283861041069 0.9986891746520996 0.05118558928370476 0.06599380075931549 -0.7814719080924988 -0.03184507414698601 0.6231271624565125 3.7897305488586426
0.5823313593864441 -0.04069502651691437 0.8119322061538696 3.086594820022583 -0.002956731477752328 0.998633623123169 0.052173350006341934 0.08061030507087708 -0.8129462003707886 -0.03278283774852753 0.5814154744148254 3.9933042526245117
0.5416247844696045 -0.041820261627435684 0.8395794630050659 3.459479570388794 -0.004865181632339954 0.998589038848877 0.05287928134202957 0.1005479246377945 -0.8406063914299011 -0.03272543102502823 0.540657103061676 4.198803901672363
0.5029358863830566 -0.04403036832809448 0.8632015585899353 3.8711986541748047 -0.006469356827437878 0.9984819293022156 0.054700084030628204 0.11727657914161682 -0.8642995953559875 -0.033094994723796844 0.5018874406814575 4.404060363769531
0.46570348739624023 -0.04354214295744896 0.8838688731193542 4.298539638519287 -0.00965710636228323 0.9984791278839111 0.05427645519375801 0.13504688441753387 -0.8848881125450134 -0.033812351524829865 0.46457475423812866 4.6044182777404785
0.42897891998291016 -0.042873069643974304 0.9022965431213379 4.7574028968811035 -0.01075712125748396 0.9985597133636475 0.05256132036447525 0.15494795143604279 -0.9032504558563232 -0.03225381299853325 0.42789986729621887 4.795740127563477
0.3955632448196411 -0.04119590297341347 0.9175143837928772 5.249737739562988 -0.009640363045036793 0.998752236366272 0.04899963364005089 0.18058019876480103 -0.9183881878852844 -0.028227627277374268 0.3946725130081177 4.97609806060791
0.36609238386154175 -0.039524663239717484 0.9297387599945068 5.759454727172852 -0.007308339700102806 0.9989446997642517 0.045344434678554535 0.2003105729818344 -0.9305498003959656 -0.023395098745822906 0.3654172420501709 5.153406143188477
0.34066879749298096 -0.03782649710774422 0.939422070980072 6.306948184967041 -0.006166211329400539 0.9990789890289307 0.0424647182226181 0.22134864330291748 -0.9401631355285645 -0.020259080454707146 0.3401218056678772 5.333467483520508
0.3204592168331146 -0.037319544702768326 0.9465268850326538 6.8820295333862305 -0.0047653550282120705 0.9991474747657776 0.041007623076438904 0.2458675503730774 -0.9472503066062927 -0.017651813104748726 0.32000812888145447 5.5109052658081055
0.30532941222190857 -0.03790103271603584 0.951492190361023 7.488844394683838 -0.003601719392463565 0.9991545677185059 0.04095534235239029 0.2682962119579315 -0.9522399306297302 -0.015931881964206696 0.3049347400665283 5.7083635330200195
0.29428043961524963 -0.038932543247938156 0.9549257159233093 8.11591625213623 -0.0032022416125983 0.9991241693496704 0.04172135517001152 0.29261788725852966 -0.9557137489318848 -0.015335680916905403 0.29389798641204834 5.886909484863281
0.2832813858985901 -0.0405011922121048 0.9581812024116516 8.77334976196289 -0.004440777935087681 0.999041736125946 0.043541207909584045 0.3228907883167267 -0.959026575088501 -0.016589483246207237 0.28283005952835083 6.07981014251709
0.27263808250427246 -0.0424654483795166 0.9611790776252747 9.444284439086914 -0.005930691491812468 0.9989323019981384 0.04581565037369728 0.34483209252357483 -0.9620984196662903 -0.01819154992699623 0.27209508419036865 6.26947021484375
0.2627732455730438 -0.044125430285930634 0.9638481140136719 10.145158767700195 -0.006863683927804232 0.9988429546356201 0.04759875312447548 0.3714553713798523 -0.9648331999778748 -0.019123228266835213 0.2621663510799408 6.457547187805176
0.2525925934314728 -0.04616598039865494 0.9664707779884338 10.86397933959961 -0.007767293602228165 0.9987321496009827 0.04973705857992172 0.39950576424598694 -0.967541515827179 -0.020070074126124382 0.25191381573677063 6.642550468444824
0.24162039160728455 -0.04766213521361351 0.969199538230896 11.610057830810547 -0.007851898670196533 0.9986643195152283 0.05106857419013977 0.4303860366344452 -0.9703390598297119 -0.01994927041232586 0.24092340469360352 6.834613800048828
0.23189449310302734 -0.049110669642686844 0.9715004563331604 12.365316390991211 -0.007761069573462009 0.9985995292663574 0.052333105355501175 0.46057817339897156 -0.9727100729942322 -0.019675640389323235 0.23118850588798523 7.005322456359863
0.22167184948921204 -0.05175721272826195 0.9737467765808105 13.146463394165039 -0.009645168669521809 0.9984251260757446 0.05526464059948921 0.4930044114589691 -0.9750735759735107 -0.021642569452524185 0.2208235263824463 7.175625324249268
0.21030816435813904 -0.05498377978801727 0.9760878086090088 13.932923316955566 -0.011258281767368317 0.998214840888977 0.05865592136979103 0.5337297320365906 -0.9775702953338623 -0.023324890062212944 0.20931367576122284 7.347029685974121
0.19847705960273743 -0.058854538947343826 0.9783368706703186 14.722184181213379 -0.011287573724985123 0.9979918599128723 0.06232687458395958 0.5712240934371948 -0.9800405502319336 -0.023413505405187607 0.19741417467594147 7.5016021728515625
0.18470078706741333 -0.06088763847947121 0.9809069037437439 15.521519660949707 -0.012658538296818733 0.9978488683700562 0.064322829246521 0.6090450286865234 -0.9827132821083069 -0.024297326803207397 0.1835327446460724 7.661873817443848
0.1706715226173401 -0.06172652915120125 0.9833926558494568 16.334701538085938 -0.013962206430733204 0.9977841377258301 0.0650530457496643 0.6413525938987732 -0.9852290153503418 -0.024833034723997116 0.16943150758743286 7.804447650909424
0.15613949298858643 -0.060771480202674866 0.9858637452125549 17.15085220336914 -0.0153215192258358 0.9978364109992981 0.06393609195947647 0.6799427270889282 -0.9876161813735962 -0.025087883695960045 0.15487055480480194 7.933640480041504
0.14020667970180511 -0.05968379229307175 0.988321840763092 17.970191955566406 -0.01603519357740879 0.9979137778282166 0.06253785640001297 0.7175005674362183 -0.9899923205375671 -0.02461615577340126 0.13895714282989502 8.037888526916504
0.12030826508998871 -0.05837986618280411 0.9910184741020203 18.801034927368164 -0.019135642796754837 0.9979475736618042 0.06111108884215355 0.749179482460022 -0.9925521016120911 -0.026315946131944656 0.1189441978931427 8.130868911743164
0.0937279611825943 -0.05678689479827881 0.9939770102500916 19.62155532836914 -0.023058544844388962 0.997980535030365 0.05918993800878525 0.7864001989364624 -0.995330810546875 -0.028467414900660515 0.09222922474145889 8.220785140991211
0.06333263963460922 -0.05604228004813194 0.9964177012443542 20.461833953857422 -0.02701212279498577 0.9979600310325623 0.05784592777490616 0.8251876831054688 -0.9976268410682678 -0.030578890815377235 0.06168961897492409 8.268511772155762
0.030448712408542633 -0.05610956624150276 0.9979601502418518 21.304447174072266 -0.02944774553179741 0.99793940782547 0.057006873190402985 0.8546422719955444 -0.9991024136543274 -0.031123466789722443 0.028733663260936737 8.284045219421387
-0.003894627094268799 -0.05537911131978035 0.9984578490257263 22.14605140686035 -0.030896972864866257 0.9979954361915588 0.0552329458296299 0.8841406106948853 -0.9995149970054626 -0.030634216964244843 -0.0055978745222091675 8.27188491821289
-0.038595184683799744 -0.05412523075938225 0.9977880120277405 22.991600036621094 -0.03210531920194626 0.9980836510658264 0.05289941281080246 0.9174988269805908 -0.9987390637397766 -0.029992641881108284 -0.04025895893573761 8.240358352661133
-0.07168664783239365 -0.05242014676332474 0.9960486888885498 23.83315086364746 -0.03514374420046806 0.9981306195259094 0.0500003807246685 0.9368607997894287 -0.996807873249054 -0.031420525163412094 -0.07339489459991455 8.182869911193848
-0.10463123023509979 -0.049572937190532684 0.9932748079299927 24.68421745300293 -0.03723183646798134 0.9982519745826721 0.04589935392141342 0.9624509811401367 -0.9938138723373413 -0.032178930938243866 -0.10629402101039886 8.09282112121582
-0.1370384395122528 -0.04521201550960541 0.9895333647727966 25.523202896118164 -0.033942580223083496 0.9985855221748352 0.04092496633529663 0.97834312915802 -0.9899840950965881 -0.02797902375459671 -0.13837920129299164 7.964164733886719
-0.16832487285137177 -0.03886421024799347 0.9849652051925659 26.35200309753418 -0.028961513191461563 0.9989860653877258 0.03446808457374573 0.9976397156715393 -0.9853060841560364 -0.02272423729300499 -0.1692797839641571 7.803516864776611
-0.1983707696199417 -0.032769396901130676 0.9795790910720825 27.15996742248535 -0.02238789200782776 0.9993316531181335 0.02889649011194706 1.004839301109314 -0.9798713326454163 -0.01619848795235157 -0.19897186756134033 7.623250961303711
-0.22720558941364288 -0.027240071445703506 0.9734658002853394 27.985836029052734 -0.016366712749004364 0.9995742440223694 0.02415068820118904 1.0106979608535767 -0.9737092852592468 -0.010445262305438519 -0.22755472362041473 7.410966873168945
-0.254800409078598 -0.020906271412968636 0.9667676091194153 28.794002532958984 -0.007685912307351828 0.9997784495353699 0.019594434648752213 1.0148379802703857 -0.9669630527496338 -0.0024378204252570868 -0.25490468740463257 7.179007530212402
-0.28106889128685 -0.010772913694381714 0.9596271514892578 29.60013198852539 -0.0016333498060703278 0.9999409317970276 0.010747082531452179 1.0051615238189697 -0.9596861600875854 0.001453264383599162 -0.28106990456581116 6.923604965209961
-0.3063126504421234 0.004926484543830156 0.9519181251525879 30.38186264038086 0.0028873435221612453 0.9999868273735046 -0.004246152471750975 0.9923721551895142 -0.951926589012146 0.0014478652738034725 -0.3063228726387024 6.663956642150879
-0.3311047852039337 0.022163236513733864 0.9433337450027466 31.15685272216797 0.004061775282025337 0.9997483491897583 -0.02206301875412464 0.9687240719795227 -0.943585216999054 -0.0034735610242933035 -0.33111143112182617 6.382325172424316
-0.35628122091293335 0.0369960255920887 0.9336460828781128 31.939136505126953 0.004064421635121107 0.9992676377296448 -0.03804532438516617 0.9394994974136353 -0.9343700408935547 -0.009760101325809956 -0.3561706840991974 6.080742835998535
-0.38080018758773804 0.047200337052345276 0.9234519600868225 32.698970794677734 0.007801879197359085 0.9988247752189636 -0.047835640609264374 0.892762303352356 -0.9246243834495544 -0.011011159047484398 -0.3807208836078644 5.757817268371582
-0.4039989411830902 0.051537543535232544 0.9133065342903137 33.452171325683594 0.01126188412308693 0.9986161589622498 -0.051369864493608475 0.8425533771514893 -0.9146900773048401 -0.01046781800687313 -0.4040202796459198 5.406792640686035
-0.4264422655105591 0.051249630749225616 0.9030616283416748 34.199466705322266 0.014842567034065723 0.9986556172370911 -0.04966574162244797 0.7891331911087036 -0.9043930172920227 -0.007775817532092333 -0.42662960290908813 5.0479888916015625
-0.4467043876647949 0.046953216195106506 0.8934486508369446 34.93071365356445 0.01786673441529274 0.9988908767700195 -0.043561533093452454 0.7365180253982544 -0.8945031762123108 -0.003496117191389203 -0.4470478892326355 4.6688947677612305
-0.46449708938598633 0.045530766248703 0.8844033479690552 35.651268005371094 0.02541235089302063 0.9989514946937561 -0.038081105798482895 0.6880614757537842 -0.8852099776268005 0.004786208271980286 -0.4651670455932617 4.274103164672852
-0.47797346115112305 0.04590592160820961 0.877173900604248 36.35743713378906 0.027753977105021477 0.9989240765571594 -0.03715439513325691 0.6403683423995972 -0.8779357075691223 0.006586248055100441 -0.4787333011627197 3.8785324096679688
-0.48891934752464294 0.05025641992688179 0.870880126953125 37.04987716674805 0.03213414177298546 0.9986990690231323 -0.03959217667579651 0.5898623466491699 -0.8717369437217712 0.008627604693174362 -0.4898982048034668 3.4773178100585938
-0.4989642798900604 0.05267976596951485 0.8650199174880981 37.737632751464844 0.03275107964873314 0.9985839128494263 -0.04192221164703369 0.5444881916046143 -0.8660035133361816 0.007412651553750038 -0.4999830424785614 3.076793670654297
-0.5094810128211975 0.05200600251555443 0.8589088916778564 38.43623733520508 0.027178922668099403 0.9986464977264404 -0.04434517025947571 0.4895448684692383 -0.8600525259971619 0.0007511904113925993 -0.5102049112319946 2.6687469482421875
-0.5206112861633301 0.050697218626737595 0.8522872924804688 39.12187957763672 0.02672702446579933 0.998714029788971 -0.04308128356933594 0.4418034553527832 -0.8533753156661987 0.0003505016793496907 -0.5212967991828918 2.2546958923339844
-0.5291866660118103 0.05204444378614426 0.8469077348709106 39.792022705078125 0.029109032824635506 0.998643159866333 -0.043180279433727264 0.39395809173583984 -0.848006010055542 0.0018022352596744895 -0.529983639717102 1.8292617797851562
-0.5364181399345398 0.054848358035087585 0.8421680927276611 40.481361389160156 0.03121601790189743 0.9984924793243408 -0.04514636471867561 0.35479915142059326 -0.8433748483657837 0.0020717999432235956 -0.5373218059539795 1.3843631744384766
-0.5398843884468079 0.057764001190662384 0.8397547602653503 41.17365646362305 0.03282869979739189 0.998328447341919 -0.04756595939397812 0.30649685859680176 -0.8410987854003906 0.0018879343988373876 -0.5408782958984375 0.9393291473388672
-0.5398461222648621 0.059901200234889984 0.8396297097206116 41.87908935546875 0.03200262039899826 0.9982041716575623 -0.05063796043395996 0.26284945011138916 -0.8411552309989929 -0.0004663530271500349 -0.5407936573028564 0.49704933166503906
-0.536685049533844 0.06013127788901329 0.841637372970581 42.586341857910156 0.03405134379863739 0.9981883764266968 -0.04960271343588829 0.21224355697631836 -0.8430953621864319 0.0020378518383949995 -0.5377602577209473 0.04442405700683594
-0.5305395722389221 0.05900414288043976 0.8456040620803833 43.329193115234375 0.03186369687318802 0.9982574582099915 -0.049664366990327835 0.16080713272094727 -0.8470610976219177 0.0005951618659310043 -0.5314951539039612 -0.4252586364746094
-0.5235344767570496 0.05785477161407471 0.8500379920005798 44.09159469604492 0.029983127489686012 0.9983249306678772 -0.049480926245450974 0.11094951629638672 -0.851476788520813 -0.00041817472083494067 -0.5243921875953674 -0.8858604431152344
-0.5163361430168152 0.057123348116874695 0.8544788360595703 44.86607360839844 0.027975331991910934 0.9983654022216797 -0.04983776435256004 0.0558924674987793 -0.8559289574623108 -0.0018287153216078877 -0.5170902013778687 -1.3469181060791016
-0.5098952054977417 0.05584597587585449 0.8584218621253967 45.64595413208008 0.02563544176518917 0.9984337687492371 -0.049727436155080795 0.00013697147369384766 -0.8598544597625732 -0.0033497591502964497 -0.5105282068252563 -1.8091449737548828
-0.5059982538223267 0.05344188213348389 0.860877275466919 46.44806671142578 0.021100040525197983 0.9985468983650208 -0.0495862178504467 -0.05389440059661865 -0.8622763156890869 -0.00692598894238472 -0.5063906311988831 -2.263690948486328
-0.5043479204177856 0.0504608117043972 0.8620247840881348 47.2764778137207 0.016447078436613083 0.9986713528633118 -0.048837002366781235 -0.10953640937805176 -0.8633438348770142 -0.0104530556127429 -0.5045077800750732 -2.739391326904297
-0.5050903558731079 0.04794932156801224 0.8617334961891174 48.105560302734375 0.014123251661658287 0.9987809658050537 -0.047296930104494095 -0.17251038551330566 -0.8629509210586548 -0.011718749068677425 -0.5051518678665161 -3.208089828491211
-0.5060166120529175 0.046995051205158234 0.8612425923347473 48.94834518432617 0.013139715418219566 0.9988187551498413 -0.046781957149505615 -0.22900855541229248 -0.8624235987663269 -0.012355969287455082 -0.5060363411903381 -3.6969661712646484
-0.5064510703086853 0.046147722750902176 0.8610329031944275 49.8145866394043 0.012796737253665924 0.9988591074943542 -0.046007707715034485 -0.28549325466156006 -0.8621737360954285 -0.012282239273190498 -0.5064638257026672 -4.200708389282227
-0.5064424276351929 0.04580925777554512 0.8610560894012451 50.68189239501953 0.01268998347222805 0.9988755583763123 -0.04567764326930046 -0.340631365776062 -0.8621803522109985 -0.012206303887069225 -0.506454348564148 -4.708501815795898
-0.5068782567977905 0.044591743499040604 0.8608635663986206 51.555049896240234 0.012556045316159725 0.9989370703697205 -0.044350765645504 -0.39934754371643066 -0.8619260787963867 -0.01167139783501625 -0.506899356842041 -5.213436126708984
-0.5068853497505188 0.04447811841964722 0.8608651161193848 52.44193649291992 0.012760261073708534 0.9989456534385681 -0.04409893974661827 -0.45953643321990967 -0.8619190454483032 -0.011368243023753166 -0.5069186091423035 -5.732326507568359
-0.5071552991867065 0.042927615344524384 0.8607848882675171 53.3390998840332 0.010646670125424862 0.9989946484565735 -0.04354739561676979 -0.517148494720459 -0.8617889285087585 -0.012920799665153027 -0.5071024298667908 -6.255405426025391
-0.5073227286338806 0.04195522889494896 0.860734224319458 54.21661376953125 0.009580603800714016 0.9990270137786865 -0.043049246072769165 -0.5778366327285767 -0.8617028594017029 -0.013593504205346107 -0.5072310566902161 -6.759786605834961
-0.5065626502037048 0.041233137249946594 0.8612166047096252 55.109130859375 0.008518201299011707 0.9990463256835938 -0.04282176122069359 -0.6400871276855469 -0.8621610999107361 -0.014355885796248913 -0.5064308047294617 -7.279300689697266
-0.5053979754447937 0.03968460112810135 0.8619733452796936 55.989688873291016 0.008233336731791496 0.9991182088851929 -0.041171230375766754 -0.699620246887207 -0.862847089767456 -0.013710941188037395 -0.5052790641784668 -7.79533576965332
-0.5032683610916138 0.03772067651152611 0.8633064031600952 56.87621307373047 0.008698410354554653 0.9992173910140991 -0.03858828544616699 -0.7590644359588623 -0.8640863299369812 -0.011910874396562576 -0.5032026171684265 -8.308700561523438
-0.5007039904594421 0.03599003702402115 0.8648700714111328 57.755393981933594 0.008852838538587093 0.9992958903312683 -0.036458708345890045 -0.8223850727081299 -0.8655732870101929 -0.010598464868962765 -0.5006700754165649 -8.815898895263672
-0.4982004165649414 0.03586960211396217 0.8663196563720703 58.64107894897461 0.009018322452902794 0.9993042945861816 -0.036189544945955276 -0.8765271902084351 -0.86701500415802 -0.010216894559562206 -0.4981772005558014 -9.320301055908203
-0.4962844252586365 0.03595665469765663 0.8674150109291077 59.527549743652344 0.008950641378760338 0.9993007779121399 -0.036302633583545685 -0.9333822727203369 -0.8681138157844543 -0.010252510197460651 -0.4962592124938965 -9.821413040161133
-0.4951479434967041 0.036623578518629074 0.8680364489555359 60.40773010253906 0.009145135059952736 0.9992756247520447 -0.03694411739706993 -0.9885042905807495 -0.8687605261802673 -0.010354500263929367 -0.49512407183647156 -10.328096389770508
-0.49605491757392883 0.03815799206495285 0.8674522638320923 61.2823486328125 0.009272783063352108 0.9992098808288574 -0.03865114599466324 -1.047563910484314 -0.8682414889335632 -0.011129395104944706 -0.4960167109966278 -10.822694778442383
-0.4989745020866394 0.039738528430461884 0.8657050728797913 62.15566635131836 0.00734988646581769 0.999106228351593 -0.0416257306933403 -1.105652093887329 -0.8665854334831238 -0.014407344162464142 -0.49882060289382935 -11.317861557006836
-0.5034587383270264 0.0400853268802166 0.863088846206665 63.02710723876953 0.005874220281839371 0.9990589022636414 -0.042973775416612625 -1.1663802862167358 -0.8639993071556091 -0.01656554639339447 -0.5032203793525696 -11.823884963989258
-0.5091028213500977 0.03861265257000923 0.8598392009735107 63.89045333862305 0.007620776072144508 0.9991562366485596 -0.04035675525665283 -1.2277660369873047 -0.8606719374656677 -0.013993095606565475 -0.5089675188064575 -12.329483032226562
-0.5147384405136108 0.036234866827726364 0.8565812110900879 64.7467041015625 0.008598835207521915 0.9992743134498596 -0.037103816866874695 -1.286600112915039 -0.8573041558265686 -0.011733158491551876 -0.514676570892334 -12.839811325073242
-0.5197818279266357 0.03377843648195267 0.8536309599876404 65.61054229736328 0.005574159324169159 0.9993308186531067 -0.036149680614471436 -1.3414220809936523 -0.8542808294296265 -0.014031671918928623 -0.5196223258972168 -13.356508255004883
-0.5249165296554565 0.03708643093705177 0.8503453731536865 66.45323944091797 0.007957007735967636 0.9992204308509827 -0.038667529821395874 -1.3985404968261719 -0.8511164784431458 -0.013531019911170006 -0.5248025059700012 -13.872596740722656
-0.5299943685531616 0.03884552791714668 0.84711092710495 67.29584503173828 0.00826076976954937 0.9991393685340881 -0.040648676455020905 -1.4491769075393677 -0.847960889339447 -0.014545775949954987 -0.5298591256141663 -14.39399528503418
-0.5348703861236572 0.03978914022445679 0.8439966440200806 68.12036895751953 0.006895789876580238 0.9990628957748413 -0.04272943362593651 -1.5052268505096436 -0.8449059724807739 -0.017034685239195824 -0.5346435308456421 -14.904651641845703
-0.5381545424461365 0.03990958631038666 0.841900646686554 68.93000793457031 0.006165540777146816 0.9990379214286804 -0.043417446315288544 -1.5668549537658691 -0.8428236246109009 -0.01817452348768711 -0.5378828048706055 -15.428699493408203
-0.5415205955505371 0.039918117225170135 0.8397391438484192 69.74502563476562 0.007801515981554985 0.9990676641464233 -0.04246105998754501 -1.6201967000961304 -0.840651273727417 -0.016442298889160156 -0.5413269400596619 -15.950851440429688
-0.5435883402824402 0.03280206024646759 0.8387107253074646 70.5668716430664 0.008134003728628159 0.9993950128555298 -0.033814605325460434 -1.6691436767578125 -0.8393124938011169 -0.011559147387742996 -0.543526291847229 -16.48381996154785
-0.545944094657898 0.023277880623936653 0.8374983072280884 71.3838882446289 0.006453759502619505 0.9997010827064514 -0.023579198867082596 -1.7259272336959839 -0.8377967476844788 -0.007467909250408411 -0.5459312200546265 -17.01473617553711
-0.5478835105895996 0.0220304187387228 0.8362645506858826 72.20022583007812 0.007564753293991089 0.9997427463531494 -0.021380972117185593 -1.7666643857955933 -0.8365203738212585 -0.005388146732002497 -0.5479092597961426 -17.541719436645508
-0.5485742092132568 0.026861652731895447 0.8356702923774719 72.99018096923828 0.00811423547565937 0.9996077418327332 -0.02680465765297413 -1.8105781078338623 -0.8360625505447388 -0.007923517376184464 -0.5485769510269165 -18.05925178527832
-0.5503180623054504 0.032698534429073334 0.8343145847320557 73.79238891601562 0.009200888685882092 0.9994096755981445 -0.033100008964538574 -1.8551533222198486 -0.8349044322967529 -0.010539093986153603 -0.550294041633606 -18.571876525878906
-0.5501205921173096 0.03671001270413399 0.8342779278755188 74.56817626953125 0.015113931149244308 0.9993072152137756 -0.034005578607320786 -1.8982021808624268 -0.8349484205245972 -0.006097947712987661 -0.5502943992614746 -19.104507446289062
-0.549842357635498 0.03825518861413002 0.8343919515609741 75.35882568359375 0.0187262911349535 0.9992640614509583 -0.03347411006689072 -1.9472346305847168 -0.8350584506988525 -0.0027804181445389986 -0.5501541495323181 -19.638185501098633
-0.5495505928993225 0.034952931106090546 0.8347288966178894 76.16108703613281 0.017079409211874008 0.9993857145309448 -0.03060329705476761 -1.988027811050415 -0.8352857828140259 -0.0025613834150135517 -0.5498099327087402 -20.15659523010254
-0.5490745306015015 0.029927928000688553 0.8352373242378235 76.9547119140625 0.015264691784977913 0.9995510578155518 -0.02578074112534523 -2.027336597442627 -0.8356338739395142 -0.0014059077948331833 -0.5492849349975586 -20.674163818359375
-0.5487430691719055 0.022839760407805443 0.8356789946556091 77.7519302368164 0.012244868092238903 0.9997390508651733 -0.01928314007818699 -2.0715277194976807 -0.8359013795852661 -0.0003487095527816564 -0.5488795638084412 -21.178434371948242
-0.5488267540931702 0.017382821068167686 0.8357552886009216 78.55443572998047 0.003755004145205021 0.9998249411582947 -0.018329445272684097 -2.1050662994384766 -0.8359276056289673 -0.006921425927430391 -0.5487959980964661 -21.673736572265625
-0.5470370054244995 0.012423965148627758 0.837016224861145 79.34815979003906 -0.0034281748812645674 0.9998483061790466 -0.01708141155540943 -2.1357593536376953 -0.8371015191078186 -0.012213602662086487 -0.546911358833313 -22.17666244506836
-0.5445623993873596 0.013052394613623619 0.838618814945221 80.14330291748047 0.000243479385972023 0.9998813271522522 -0.015404204837977886 -2.177605628967285 -0.8387202620506287 -0.008184365928173065 -0.5445009469985962 -22.704702377319336
-0.5411338210105896 0.01656140200793743 0.8407734036445618 80.93885803222656 0.004479028284549713 0.9998486638069153 -0.016812067478895187 -2.207815647125244 -0.8409245610237122 -0.005331733729690313 -0.5411261320114136 -23.225078582763672
-0.5357790589332581 0.019867977127432823 0.844124436378479 81.7298583984375 0.006305062677711248 0.9997893571853638 -0.019529908895492554 -2.2344908714294434 -0.8443346619606018 -0.005141457077115774 -0.5357915163040161 -23.72690773010254
-0.5279610753059387 0.02194385975599289 0.8489850163459778 82.51968383789062 0.011107767932116985 0.9997590780258179 -0.018933318555355072 -2.2675821781158447 -0.8491958975791931 -0.0005657243309542537 -0.5280776023864746 -24.22226333618164
-0.5193672180175781 0.02590392529964447 0.8541584610939026 83.32183837890625 0.01882820390164852 0.9996446967124939 -0.018867654725909233 -2.3018417358398438 -0.8543437123298645 0.006283027119934559 -0.5196703672409058 -24.72742462158203
-0.510015070438385 0.0248230192810297 0.8598072528839111 84.1219482421875 0.01656263880431652 0.9996815919876099 -0.019036738201975822 -2.3344311714172363 -0.8600060343742371 0.004531654994934797 -0.5102638006210327 -25.186744689941406
-0.4993356168270111 0.022667085751891136 0.8661121129989624 84.93148040771484 0.014481187798082829 0.9997363090515137 -0.01781540922820568 -2.3631463050842285 -0.8662876486778259 0.003646465251222253 -0.49953216314315796 -25.641695022583008
-0.4877448081970215 0.019200492650270462 0.872775137424469 85.73696899414062 0.014681404456496239 0.9997971057891846 -0.013790288008749485 -2.3977437019348145 -0.8728628754615784 0.006087424233555794 -0.4879276752471924 -26.083776473999023
-0.4764835834503174 0.018504353240132332 0.8789886236190796 86.54949951171875 0.013576753437519073 0.9998140931129456 -0.013688251376152039 -2.422577142715454 -0.8790785074234009 0.0054115839302539825 -0.4766462445259094 -26.523006439208984
-0.46512487530708313 0.017581652849912643 0.8850703835487366 87.39151000976562 0.014248615130782127 0.9998219013214111 -0.012373181991279125 -2.450126886367798 -0.8851304054260254 0.006855952553451061 -0.4652926027774811 -26.952774047851562
-0.45320749282836914 0.018750928342342377 0.8912078142166138 88.21121215820312 0.015288908034563065 0.999795138835907 -0.01326069887727499 -2.4759063720703125 -0.8912740349769592 0.007615744601935148 -0.4534012973308563 -27.36580467224121
-0.44086164236068726 0.022407598793506622 0.897295355796814 89.03165435791016 0.015141766518354416 0.9997317790985107 -0.017526179552078247 -2.514019012451172 -0.897447407245636 0.0058600143529474735 -0.4410827159881592 -27.768556594848633
-0.4298829734325409 0.031902775168418884 0.9023208022117615 89.85420227050781 0.017639411613345146 0.9994815587997437 -0.026934267953038216 -2.5441746711730957 -0.902712345123291 0.0043378244154155254 -0.43022286891937256 -28.150367736816406
-0.41639333963394165 0.036141373217105865 0.9084659814834595 90.70247650146484 0.017463674768805504 0.99934321641922 -0.03175228834152222 -2.5843160152435303 -0.9090168476104736 0.0026437072083353996 -0.4167509973049164 -28.55156707763672
-0.4048928916454315 0.03250135853886604 0.9137863516807556 91.54447937011719 0.015478543005883694 0.9994685649871826 -0.028690442442893982 -2.6254990100860596 -0.9142330884933472 0.0025275242514908314 -0.40518075227737427 -28.9166202545166
-0.3936630189418793 0.028979463502764702 0.9187979102134705 92.39727783203125 0.01423557847738266 0.9995754361152649 -0.025427935644984245 -2.668905258178711 -0.9191446304321289 0.0030695812311023474 -0.39390841126441956 -29.269121170043945
-0.38370653986930847 0.028811050578951836 0.9230056405067444 93.244384765625 0.008545171469449997 0.9995810985565186 -0.027648968622088432 -2.7043638229370117 -0.9234155416488647 -0.0027218481991440058 -0.3837920129299164 -29.618091583251953
-0.3768860399723053 0.032945532351732254 0.9256735444068909 94.08250427246094 0.0037151698488742113 0.9994128942489624 -0.034057360142469406 -2.7516655921936035 -0.9262521266937256 -0.009396709501743317 -0.3767871558666229 -29.9445743560791
-0.37213265895843506 0.03799999877810478 0.9274013638496399 94.92728424072266 -0.001896545523777604 0.9991284012794495 -0.041700005531311035 -2.7948696613311768 -0.9281776547431946 -0.017276793718338013 -0.37173619866371155 -30.265321731567383
-0.36875611543655396 0.04005589708685875 0.9286627173423767 95.77630615234375 -0.005320610012859106 0.9989637732505798 -0.0452008992433548 -2.84584379196167 -0.9295108914375305 -0.021609166637063026 -0.3681609034538269 -30.598430633544922
-0.36468636989593506 0.03984204679727554 0.9302776455879211 96.6150131225586 -0.006267603486776352 0.9989564418792725 -0.04524045065045357 -2.9017343521118164 -0.9311093688011169 -0.022329188883304596 -0.3640561103820801 -30.922760009765625
-0.36043983697891235 0.039710547775030136 0.9319368004798889 97.44730377197266 -0.007850457914173603 0.9989287853240967 -0.045601412653923035 -2.9540646076202393 -0.9327493906021118 -0.023752696812152863 -0.3597419857978821 -31.22907066345215
-0.3543461561203003 0.03548356518149376 0.9344409108161926 98.2974624633789 -0.010068932548165321 0.9990771412849426 -0.04175620526075363 -3.007211685180664 -0.9350600838661194 -0.024204973131418228 -0.3536618649959564 -31.549190521240234
-0.3491722345352173 0.03175315260887146 0.9365203976631165 99.1472396850586 -0.010857942514121532 0.9992215037345886 -0.03792733699083328 -3.056997537612915 -0.9369955658912659 -0.023411860689520836 -0.34855568408966064 -31.857315063476562
-0.34348130226135254 0.028703371062874794 0.938720703125 99.98909759521484 -0.01299126073718071 0.9992920160293579 -0.03530901297926903 -3.1065335273742676 -0.9390696287155151 -0.024323152378201485 -0.3428652882575989 -32.155784606933594
-0.33793962001800537 0.026754610240459442 0.9407874345779419 100.84986114501953 -0.021469922736287117 0.9991165399551392 -0.03612560033798218 -3.1572229862213135 -0.9409228563308716 -0.03240691125392914 -0.3370666205883026 -32.442840576171875
-0.33177122473716736 0.027045054361224174 0.9429721236228943 101.6946029663086 -0.027959339320659637 0.998867928981781 -0.03848527744412422 -3.2053351402282715 -0.9429455995559692 -0.039133187383413315 -0.330639511346817 -32.721656799316406
-0.32502198219299316 0.031005872413516045 0.945198118686676 102.53718566894531 -0.025780973955988884 0.9988003969192505 -0.04162944108247757 -3.2573347091674805 -0.9453549385070801 -0.03789860010147095 -0.32383275032043457 -33.005455017089844
-0.3182559311389923 0.03424727916717529 0.9473860263824463 103.3884048461914 -0.024472184479236603 0.9987174272537231 -0.04432382062077522 -3.3062944412231445 -0.94768887758255 -0.03729092702269554 -0.31700965762138367 -33.28573989868164
-0.3111587166786194 0.032716620713472366 0.9497946500778198 104.24981689453125 -0.02588307298719883 0.9987449049949646 -0.04288220778107643 -3.3545002937316895 -0.9500055909156799 -0.037926774471998215 -0.3099212944507599 -33.566558837890625
-0.30452871322631836 0.027811458334326744 0.9520969986915588 105.10537719726562 -0.026322750374674797 0.9989461302757263 -0.03759930282831192 -3.405425548553467 -0.9521393775939941 -0.036511875689029694 -0.30347564816474915 -33.82870864868164
-0.29691314697265625 0.02505359798669815 0.954575777053833 105.96758270263672 -0.027248645201325417 0.999026358127594 -0.034695714712142944 -3.457690715789795 -0.9545156359672546 -0.036312513053417206 -0.2959413528442383 -34.09768295288086
-0.29085782170295715 0.028244128450751305 0.9563493132591248 106.8228759765625 -0.029856590554118156 0.9988093972206116 -0.03857851028442383 -3.5012106895446777 -0.9563003182411194 -0.03977419435977936 -0.2896682620048523 -34.34625244140625
-0.28464409708976746 0.03087283857166767 0.9581360220909119 107.67813110351562 -0.029276344925165176 0.9987351298332214 -0.04087846726179123 -3.5514273643493652 -0.9581860899925232 -0.03968654200434685 -0.2833802103996277 -34.58879852294922
-0.27805572748184204 0.0313984677195549 0.9600516557693481 108.531982421875 -0.03145895153284073 0.9986318349838257 -0.04177156835794449 -3.599332332611084 -0.9600496292114258 -0.04181704297661781 -0.2766875922679901 -34.8243293762207
-0.27093201875686646 0.030991924926638603 0.9620994329452515 109.39644622802734 -0.0311493668705225 0.9986758232116699 -0.04094197228550911 -3.6504619121551514 -0.9620943665504456 -0.04106127470731735 -0.26960793137550354 -35.064117431640625
-0.26262202858924866 0.03079850785434246 0.9644071459770203 110.25423431396484 -0.02732010930776596 0.9988523721694946 -0.039338186383247375 -3.701244592666626 -0.9645119309425354 -0.03667878359556198 -0.2614791989326477 -35.2995719909668
-0.25478529930114746 0.03220149502158165 0.9664613604545593 111.11473083496094 -0.024481400847434998 0.9989101886749268 -0.039736609905958176 -3.749530792236328 -0.9666876196861267 -0.03378463536500931 -0.253719300031662 -35.52676773071289
-0.24824786186218262 0.03265805169939995 0.9681459069252014 111.96949768066406 -0.02295519970357418 0.9989525675773621 -0.03958331048488617 -3.7988860607147217 -0.9684244990348816 -0.03205045685172081 -0.2472381442785263 -35.7413215637207
-0.24170619249343872 0.03159496933221817 0.9698349833488464 112.8375015258789 -0.028957348316907883 0.9987897276878357 -0.039755117148160934 -3.8456950187683105 -0.969917356967926 -0.03769291192293167 -0.24049872159957886 -35.939964294433594
-0.23580585420131683 0.0296320803463459 0.971348226070404 113.70773315429688 -0.03388793393969536 0.9986763596534729 -0.03869243711233139 -3.8935728073120117 -0.9712091684341431 -0.04204089194536209 -0.2344895452260971 -36.140380859375
-0.231358140707016 0.02957862801849842 0.9724189043045044 114.58563995361328 -0.031306635588407516 0.9987937211990356 -0.03782936930656433 -3.943350076675415 -0.9723647832870483 -0.03919529914855957 -0.23015305399894714 -36.34296417236328
-0.22707685828208923 0.029582155868411064 0.973427414894104 115.45240020751953 -0.029674824327230453 0.9988642334938049 -0.03727758303284645 -3.995457649230957 -0.9734246134757996 -0.03735116496682167 -0.22594112157821655 -36.533592224121094
-0.22177821397781372 0.03139863908290863 0.9745914936065674 116.32466888427734 -0.028368359431624413 0.9988505840301514 -0.038635704666376114 -4.042690277099609 -0.9746843576431274 -0.036216121166944504 -0.22063256800174713 -36.73666000366211
-0.21573594212532043 0.02995499037206173 0.9759921431541443 117.18326568603516 -0.022006869316101074 0.9991262555122375 -0.0355294793844223 -4.096485614776611 -0.9762037396430969 -0.029143519699573517 -0.21488822996616364 -36.92897033691406
-0.21053659915924072 0.02916429564356804 0.9771507978439331 118.05992126464844 -0.015028580091893673 0.9993401765823364 -0.033064618706703186 -4.136018753051758 -0.9774704575538635 -0.021646499633789062 -0.20995934307575226 -37.123844146728516
-0.20562173426151276 0.028513964265584946 0.9782159924507141 118.93153381347656 -0.013096264563500881 0.9994057416915894 -0.031884461641311646 -4.1830291748046875 -0.9785438776016235 -0.019367115572094917 -0.205126091837883 -37.301918029785156
