1.000000000 -0.000000000 0.000000000 0.000000000 -0.000000000 1.000000000 0.000000000 0.000000000 0.000000000 0.000000000 0.999999940 0.000000000
0.999991298 -0.002465227 -0.003362460 -0.002976503 0.002457824 0.999994576 -0.002204182 -0.005022804 0.003367875 0.002195899 0.999991834 0.666685641
0.999969482 -0.001685109 -0.007634645 -0.009956534 0.001659605 0.999992967 -0.003345734 -0.012624830 0.007640229 0.003332961 0.999965250 1.368410826
0.999932885 -0.001356188 -0.011502833 -0.026797319 0.001302602 0.999988258 -0.004664741 -0.015400546 0.011509025 0.004649444 0.999922931 2.068496943
0.999866247 -0.000046681 -0.016345961 -0.048017543 -0.000041636 0.999985397 -0.005402576 -0.017888352 0.016345974 0.005402535 0.999851763 2.795437336
0.999784172 -0.000667768 -0.020764528 -0.064134307 0.000552336 0.999984384 -0.005564332 -0.029987406 0.020767923 0.005551663 0.999768913 3.531100750
0.999679923 0.001086709 -0.025273712 -0.089561723 -0.001261572 0.999975383 -0.006903880 -0.033752494 0.025265589 0.006933555 0.999656737 4.285620689
0.999546289 0.003749784 -0.029886113 -0.122852892 -0.003974808 0.999964178 -0.007473534 -0.044864587 0.029857017 0.007588935 0.999525368 5.044950962
0.999418259 0.004270638 -0.033837087 -0.164736032 -0.004472588 0.999972522 -0.005894809 -0.052178122 0.033810981 0.006042719 0.999409914 5.823937416
0.999252617 0.003681284 -0.038479663 -0.198234260 -0.003812238 0.999987125 -0.003330376 -0.057913817 0.038466908 0.003474581 0.999253690 6.625786781
0.999135733 0.003244003 -0.041437987 -0.241665512 -0.003269154 0.999994457 -0.000539199 -0.065509401 0.041436009 0.000674202 0.999140859 7.428249836
0.999019384 0.005148140 -0.043974489 -0.294735283 -0.005229563 0.999984801 -0.001736758 -0.071436174 0.043964885 0.001965023 0.999031126 8.245694160
0.998931170 0.004733578 -0.045979466 -0.341142952 -0.004827629 0.999986470 -0.001934655 -0.076884694 0.045969695 0.002154559 0.998940468 9.065345764
0.998864055 0.002164886 -0.047601487 -0.384345144 -0.002296591 0.999993622 -0.002712291 -0.082607806 0.047595318 0.002818530 0.998862743 9.892764091
0.998751104 0.001515006 -0.049937952 -0.424102843 -0.001599535 0.999997318 -0.001652758 -0.093911558 0.049935319 0.001730571 0.998750925 10.735282898
0.998673320 0.000000364 -0.051491972 -0.469997764 -0.000098792 0.999998093 -0.001908968 -0.102075532 0.051491883 0.001911523 0.998671532 11.587803841
0.998575926 0.002018164 -0.053310003 -0.522396982 -0.002240869 0.999988973 -0.004118102 -0.112563297 0.053301111 0.004231698 0.998569429 12.446195602
0.998516679 0.003088932 -0.054358691 -0.582039535 -0.003461584 0.999971151 -0.006762596 -0.125649825 0.054336231 0.006940731 0.998498559 13.306171417
0.998412609 0.006774877 -0.055913799 -0.642076731 -0.007243762 0.999940276 -0.008187441 -0.140493542 0.055854984 0.008579470 0.998402059 14.181000710
0.998346865 0.007990730 -0.056917038 -0.696903288 -0.008450909 0.999933422 -0.007848959 -0.151481360 0.056850530 0.008316984 0.998347998 15.073652267
0.998271525 0.006558470 -0.058403127 -0.752838016 -0.006932615 0.999956727 -0.006205946 -0.165875226 0.058359899 0.006600107 0.998273671 15.954125404
0.998200953 0.007283004 -0.059512913 -0.815278769 -0.007585942 0.999959469 -0.004865938 -0.176174611 0.059475049 0.005308646 0.998215556 16.849872589
0.998151898 0.006925873 -0.060372971 -0.875070930 -0.007221661 0.999962926 -0.004682515 -0.193451643 0.060338303 0.005109854 0.998164892 17.756511688
0.998027980 0.006694022 -0.062412918 -0.928171635 -0.007040462 0.999960899 -0.005332501 -0.207798034 0.062374778 0.005761401 0.998036146 18.659093857
0.997979999 0.005086973 -0.063325651 -0.991755188 -0.005463866 0.999968350 -0.005779881 -0.222180337 0.063294254 0.006114208 0.997976184 19.571985245
0.997941136 0.004870805 -0.063951649 -1.049112797 -0.005161914 0.999976993 -0.004387560 -0.230506271 0.063928798 0.004708639 0.997943342 20.489023209
0.997923911 0.006701509 -0.064054444 -1.108008504 -0.006784374 0.999976337 -0.001076236 -0.241730064 0.064045720 0.001508572 0.997945726 21.415311813
0.997979283 0.007840497 -0.063055135 -1.171225071 -0.007687541 0.999966800 0.002668009 -0.250664145 0.063073978 -0.002177879 0.998006344 22.347045898
0.998100519 0.006967465 -0.061212111 -1.237668276 -0.006644881 0.999962926 0.005471942 -0.256396651 0.061247975 -0.005054801 0.998109818 23.279222488
0.998188794 0.006726483 -0.059781656 -1.292922378 -0.006352874 0.999959111 0.006437434 -0.263293087 0.059822507 -0.006045989 0.998190701 24.223705292
0.998269558 0.007194952 -0.058361340 -1.348873377 -0.007002651 0.999969304 0.003498860 -0.269350082 0.058384720 -0.003084121 0.998289347 25.168125153
0.998321414 0.007629327 -0.057411104 -1.409458756 -0.007699272 0.999969840 -0.000997210 -0.275596321 0.057401761 0.001437559 0.998350143 26.106586456
0.998381257 0.007579180 -0.056367189 -1.459966779 -0.007812670 0.999961853 -0.003923081 -0.289731920 0.056335296 0.004357109 0.998402476 27.062301636
0.998425066 0.004807285 -0.055895213 -1.509117842 -0.004988754 0.999982715 -0.003107487 -0.297426581 0.055879313 0.003381440 0.998431802 28.019884109
0.998453677 0.003273292 -0.055492289 -1.573281288 -0.003170273 0.999993026 0.001944391 -0.308315039 0.055498265 -0.001765459 0.998457193 28.992311478
0.998398423 -0.000486669 -0.056571152 -1.621197701 0.000801798 0.999984264 0.005547932 -0.320586741 0.056567553 -0.005584405 0.998383105 29.955362320
0.998295188 -0.008101906 -0.057802677 -1.667862177 0.008410288 0.999951661 0.005093791 -0.328595161 0.057758618 -0.005571244 0.998314977 30.930768967
0.998200178 -0.010292729 -0.059079953 -1.724249005 0.010372747 0.999945641 0.001047871 -0.332040846 0.059065968 -0.001658807 0.998252571 31.900432587
0.998118103 -0.009911161 -0.060513798 -1.786280870 0.009731741 0.999947309 -0.003258964 -0.336249769 0.060542908 0.002663926 0.998161972 32.880447388
0.997996509 -0.008722100 -0.062664472 -1.852826834 0.008500352 0.999956548 -0.003804407 -0.346931517 0.062694944 0.003264114 0.998027384 33.870452881
0.997958839 -0.008781254 -0.063253984 -1.913194299 0.008670200 0.999960303 -0.002029993 -0.367390037 0.063269302 0.001477424 0.997995317 34.841823578
0.997894883 -0.005770135 -0.064594992 -1.981849432 0.005833983 0.999982715 0.000799845 -0.380076915 0.064589247 -0.001175007 0.997911036 35.840274811
0.997815609 -0.005590071 -0.065823629 -2.050052404 0.005749698 0.999980927 0.002235889 -0.394073069 0.065809868 -0.002609471 0.997828722 36.827373505
0.997758150 -0.004432640 -0.066775709 -2.119474888 0.004768299 0.999976754 0.004868128 -0.402542025 0.066752583 -0.005175621 0.997756064 37.805408478
0.997767568 -0.004427118 -0.066634245 -2.177105904 0.005001219 0.999951780 0.008451364 -0.418947011 0.066593625 -0.008765751 0.997741640 38.773414612
0.997732222 0.001049860 -0.067301124 -2.258318424 -0.000365805 0.999948204 0.010175603 -0.411081910 0.067308307 -0.010127908 0.997680783 39.791404724
0.997719288 0.001281357 -0.067488015 -2.331552982 -0.000645841 0.999955297 0.009437704 -0.414012641 0.067497090 -0.009372594 0.997675419 40.786037445
0.997729897 0.001364577 -0.067329332 -2.402505875 -0.000846738 0.999969900 0.007719082 -0.417622745 0.067337826 -0.007644550 0.997700870 41.776294708
0.997711778 0.003209333 -0.067532957 -2.468277454 -0.002831759 0.999979913 0.005685944 -0.424438179 0.067549855 -0.005481698 0.997700810 42.762649536
0.997675598 0.002754193 -0.068087243 -2.542191982 -0.002353539 0.999979436 0.005963939 -0.432704747 0.068102278 -0.005789832 0.997661531 43.761032104
0.997555971 0.000341830 -0.069871515 -2.608671665 0.000153386 0.999974847 0.007082044 -0.436409622 0.069872186 -0.007075453 0.997530878 44.756069183
0.997493505 0.001225963 -0.070748724 -2.676679850 -0.000651876 0.999966741 0.008136966 -0.444023818 0.070756361 -0.008070449 0.997460961 45.733291626
0.997469723 0.003599297 -0.071000874 -2.749665022 -0.003271047 0.999983430 0.004738901 -0.456299275 0.071016774 -0.004494663 0.997465014 46.704490662
0.997434378 0.004472889 -0.071447089 -2.835839272 -0.004454510 0.999989927 0.000416585 -0.464590698 0.071448244 -0.000097253 0.997444272 47.671745300
0.997377455 0.004984783 -0.072203621 -2.904906988 -0.005056516 0.999986887 -0.000810720 -0.468456447 0.072198652 0.001173692 0.997389555 48.639057159
0.997378707 0.003769479 -0.072260596 -2.978530884 -0.003562393 0.999989152 0.002994496 -0.482461661 0.072271101 -0.002729226 0.997381270 49.621032715
0.997409046 0.001574360 -0.071921475 -3.054131985 -0.001122628 0.999979436 0.006320908 -0.493905723 0.071929954 -0.006223790 0.997390270 50.586479187
0.997349083 -0.000191852 -0.072764091 -3.113406420 0.000676948 0.999977708 0.006642095 -0.500057280 0.072761171 -0.006673744 0.997327030 51.543563843
0.997326493 -0.003434988 -0.072992451 -3.184574127 0.003832972 0.999978542 0.005313026 -0.506902575 0.072972618 -0.005578600 0.997318327 52.500972748
0.997279227 -0.006570572 -0.073423378 -3.251019239 0.006906869 0.999966741 0.004327305 -0.519190967 0.073392525 -0.004822656 0.997291446 53.451866150
0.997204900 -0.007937742 -0.074292392 -3.324630022 0.008358598 0.999950647 0.005355663 -0.527251363 0.074246228 -0.005961673 0.997222066 54.403316498
0.997076631 -0.010925134 -0.075622812 -3.391446829 0.011679993 0.999886096 0.009546831 -0.533337831 0.075509913 -0.010402198 0.997090757 55.348922729
0.997018218 -0.011752006 -0.076266959 -3.461555958 0.012894623 0.999811530 0.014506701 -0.534873605 0.076082088 -0.015446876 0.996981859 56.295669556
0.997015655 -0.010012381 -0.076548316 -3.543997526 0.011320413 0.999796927 0.016672900 -0.534542918 0.076365821 -0.017489698 0.996926427 57.243984222
0.996911466 -0.008669725 -0.078054905 -3.619926453 0.009661459 0.999877155 0.012336941 -0.531598866 0.077938356 -0.013052961 0.996872663 58.174736023
0.996798933 -0.007430991 -0.079602927 -3.693625689 0.007852027 0.999956727 0.004977508 -0.540024459 0.079562508 -0.005586619 0.996814191 59.098072052
0.996773839 -0.005505964 -0.080073118 -3.779380560 0.005522330 0.999984682 -0.000017060 -0.546854913 0.080072001 -0.000425184 0.996789038 60.009582520
0.996719003 -0.000501196 -0.080938391 -3.862088680 0.000558883 0.999999583 0.000690072 -0.553783298 0.080938026 -0.000733043 0.996718884 60.908237457
0.996591806 0.001734977 -0.082472727 -3.938057899 -0.001460591 0.999993205 0.003387206 -0.570789397 0.082478061 -0.003255202 0.996587515 61.807872772
0.996486783 0.004419082 -0.083632879 -4.015021324 -0.004052700 0.999981403 0.004550108 -0.579343081 0.083651431 -0.004195183 0.996486247 62.696094513
0.996358573 0.005070054 -0.085110784 -4.089514732 -0.004675423 0.999977350 0.004835363 -0.595470011 0.085133381 -0.004419826 0.996359706 63.574260712
0.996259987 0.006649465 -0.086149998 -4.176445007 -0.006184827 0.999964833 0.005659164 -0.603470027 0.086184599 -0.005105176 0.996266067 64.422882080
0.996147335 0.007706210 -0.087356277 -4.256617546 -0.007192629 0.999954939 0.006192387 -0.612936378 0.087400056 -0.005540207 0.996157825 65.266380310
0.996015072 0.007222857 -0.088891506 -4.331593037 -0.006653898 0.999955475 0.006695278 -0.621998191 0.088935904 -0.006077124 0.996018708 66.085884094
0.995915949 0.006911032 -0.090019785 -4.404725075 -0.006231871 0.999949992 0.007823478 -0.629607201 0.090069361 -0.007230537 0.995909214 66.892669678
0.995759249 0.009763381 -0.091478176 -4.482534409 -0.008837352 0.999905586 0.010522546 -0.636448562 0.091572270 -0.009669496 0.995751381 67.689399719
0.995611191 0.011699142 -0.092852101 -4.559531689 -0.010390147 0.999839902 0.014568559 -0.642115235 0.093007684 -0.013539872 0.995573282 68.470031738
0.995433927 0.014282140 -0.094378740 -4.643761158 -0.012796315 0.999784708 0.016329741 -0.642951727 0.094591655 -0.015047474 0.995402396 69.251426697
0.995277107 0.017185235 -0.095541596 -4.726364136 -0.016080547 0.999794781 0.012320337 -0.651788533 0.095733710 -0.010725787 0.995349169 69.995628357
0.995130837 0.016893787 -0.097105011 -4.797346115 -0.016478404 0.999851346 0.005078099 -0.657626688 0.097176380 -0.003453237 0.995261192 70.718963623
0.995000482 0.016321031 -0.098527342 -4.872281075 -0.016469214 0.999864161 -0.000690794 -0.666512668 0.098502673 0.002310008 0.995134056 71.428352356
0.994949102 0.016926939 -0.098942310 -4.945451736 -0.017187355 0.999850690 -0.001780128 -0.672357440 0.098897390 0.003471693 0.995091558 72.118682861
0.994835079 0.019752724 -0.099563643 -5.025308609 -0.019680323 0.999804974 0.001709391 -0.681707025 0.099577986 0.000258883 0.995029688 72.797920227
0.994693518 0.020209698 -0.100877486 -5.097133636 -0.019912064 0.999793887 0.003956571 -0.698327303 0.100936644 -0.001926897 0.994890928 73.450271606
0.994654298 0.017008699 -0.101851016 -5.161084652 -0.017025949 0.999854863 0.000700002 -0.708587289 0.101848133 0.001037850 0.994799435 74.076751709
0.994758606 0.008665760 -0.101882480 -5.211606026 -0.009146222 0.999949157 -0.004249652 -0.725015402 0.101840466 0.005159217 0.994787335 74.689971924
0.994881511 0.004680099 -0.100939147 -5.265836716 -0.005654963 0.999940097 -0.009373980 -0.728661418 0.100889221 0.009896806 0.994848430 75.287773132
0.995165706 0.006916262 -0.097965784 -5.323364258 -0.007881670 0.999924064 -0.009470959 -0.741604149 0.097892843 0.010197306 0.995144725 75.873855591
0.995536029 0.012033764 -0.093611076 -5.391374588 -0.012685138 0.999899268 -0.006366354 -0.756324291 0.093525037 0.007525405 0.995588422 76.443504333
0.995974660 0.010462926 -0.089021668 -5.440566540 -0.010785466 0.999936879 -0.003142915 -0.767345548 0.088983163 0.004090403 0.996024609 77.001251221
0.996506572 0.006898529 -0.083227947 -5.477600574 -0.006867150 0.999976218 0.000663280 -0.771470547 0.083230525 -0.000089423 0.996530294 77.545310974
0.997168839 0.002356536 -0.075157583 -5.505501270 -0.002016418 0.999987423 0.004600967 -0.793329477 0.075167462 -0.004436390 0.997161031 78.072616577
0.997891247 0.006035497 -0.064626023 -5.532010555 -0.005761432 0.999973595 0.004426328 -0.799829781 0.064651020 -0.004044656 0.997899711 78.583045959
0.998711646 0.011284749 -0.049475081 -5.560241699 -0.011119683 0.999931633 0.003610339 -0.801457644 0.049512435 -0.003055540 0.998768806 79.088600159
0.999380112 0.016324755 -0.031188808 -5.577507019 -0.016203105 0.999860108 0.004149180 -0.806985974 0.031252176 -0.003641253 0.999504983 79.586601257
0.999848545 0.014833889 -0.009103395 -5.566368580 -0.014789405 0.999878466 0.004934816 -0.815909266 0.009175491 -0.004799435 0.999946356 80.060806274
0.999789774 0.011409161 0.017041955 -5.536503792 -0.011508125 0.999917388 0.005720332 -0.820191264 -0.016975289 -0.005915251 0.999838352 80.513725281
0.998868167 0.010220222 0.046453752 -5.490336418 -0.010568552 0.999917865 0.007259006 -0.827644944 -0.046375748 -0.007741738 0.998894036 80.970718384
0.996771216 0.009966874 0.079671480 -5.436434269 -0.010688202 0.999905646 0.008632451 -0.832008362 -0.079577915 -0.009456125 0.996783733 81.420646667
0.993073642 0.009930425 0.117072962 -5.357752800 -0.011065988 0.999897778 0.009053584 -0.835602701 -0.116971090 -0.010286404 0.993082106 81.861358643
0.987282097 0.009743963 0.158679098 -5.270771980 -0.011341223 0.999893725 0.009163512 -0.844936073 -0.158572957 -0.010846585 0.987287641 82.262527466
0.978938282 0.009509506 0.203934819 -5.156311035 -0.011587254 0.999892414 0.008996600 -0.849663258 -0.203827322 -0.011170158 0.978943110 82.680374146
0.967453897 0.011734485 0.252774894 -5.023519516 -0.013957445 0.999878049 0.007002791 -0.857648015 -0.252661884 -0.010302967 0.967499733 83.077209473
0.951941073 0.012918966 0.306008697 -4.871709824 -0.014883152 0.999880910 0.004086334 -0.864029050 -0.305919468 -0.008444323 0.952019930 83.461776733
0.932147205 0.013293887 0.361835301 -4.691211700 -0.014775231 0.999890029 0.001327309 -0.863499403 -0.361777842 -0.006583446 0.932241082 83.829910278
0.907880127 0.012804777 0.419034362 -4.502195358 -0.014236772 0.999898553 0.000290670 -0.878811777 -0.418988168 -0.006229590 0.907970428 84.163032532
0.878744602 0.013333911 0.477105856 -4.290016174 -0.014263764 0.999896884 -0.001673274 -0.886400044 -0.477078944 -0.005334944 0.878844202 84.481697083
0.845325828 0.012135613 0.534113169 -4.046287537 -0.011912851 0.999921620 -0.003865133 -0.891729355 -0.534118116 -0.003095514 0.845404148 84.782737732
0.808229566 0.011613294 0.588752985 -3.786949158 -0.010760611 0.999929845 -0.004951880 -0.902270794 -0.588769197 -0.002333085 0.808297873 85.072830200
0.768284857 0.010418211 0.640023232 -3.510562897 -0.009896604 0.999941349 -0.004397008 -0.909218550 -0.640031517 -0.002955902 0.768342972 85.341690063
0.726124525 0.010160470 0.687487960 -3.213844299 -0.011280957 0.999932230 -0.002863175 -0.910603046 -0.687470555 -0.005676500 0.726190090 85.581130981
0.681332588 0.009452212 0.731912851 -2.913604736 -0.010103653 0.999942780 -0.003508234 -0.910787463 -0.731904149 -0.005004719 0.681389272 85.794540405
0.635026336 0.007437574 0.772454619 -2.581859589 -0.007017031 0.999967933 -0.003859560 -0.928163469 -0.772458553 -0.002969415 0.635058045 86.004379272
0.589719653 0.004180951 0.807597220 -2.252586365 0.000360718 0.999985039 -0.005440349 -0.927633762 -0.807607889 0.003499596 0.589709401 86.158782959
0.543232501 0.005950862 0.839561284 -1.918071747 -0.001765071 0.999980748 -0.005945850 -0.940050185 -0.839580417 0.001748094 0.543232620 86.324470520
0.496289432 0.009289903 0.868107438 -1.579147339 -0.004994547 0.999956667 -0.007845526 -0.941385925 -0.868142724 -0.000442152 0.496314406 86.480972290
0.450895488 0.010877395 0.892510533 -1.242240906 -0.005517240 0.999940515 -0.009399386 -0.954152822 -0.892559767 -0.000686054 0.450928718 86.611846924
0.408510029 0.008878031 0.912710607 -0.886531830 0.001034063 0.999947488 -0.010189418 -0.958208799 -0.912753224 0.005106280 0.408479512 86.724517822
0.368246853 0.000390063 0.929727912 -0.520652771 0.015612219 0.999856353 -0.006603177 -0.972135663 -0.929596901 0.016946716 0.368187904 86.823143005
0.332278937 -0.002508092 0.943177819 -0.147441864 0.019534426 0.999800265 -0.004223260 -0.972318769 -0.942978799 0.019827733 0.332261562 86.928565979
0.298915714 0.001806634 0.954277754 0.216814041 0.016711112 0.999834955 -0.007127429 -0.977522850 -0.954133153 0.018077541 0.298836172 87.024421692
0.267984331 0.008930357 0.963381886 0.588121414 0.006248082 0.999919772 -0.011007087 -0.994784355 -0.963402927 0.008969013 0.267907023 87.122787476
0.239548892 0.013416952 0.970791638 0.971471786 0.001565059 0.999897838 -0.014205406 -1.009917974 -0.970883012 0.004922233 0.239503428 87.210113525
0.213801265 0.015017984 0.976761639 1.367689133 0.002235510 0.999871671 -0.015862633 -1.027485847 -0.976874530 0.005575012 0.213740259 87.280601501
0.190223947 0.016549997 0.981601119 1.763364792 0.009227553 0.999783516 -0.018644756 -1.035710096 -0.981697381 0.012604456 0.190030009 87.335838318
0.170213699 0.022646025 0.985146880 2.175211906 0.016062306 0.999539316 -0.025752116 -1.037281275 -0.985276341 0.020207096 0.169771537 87.378204346
0.150337353 0.029635269 0.988190413 2.598578453 0.017840048 0.999306500 -0.032682717 -1.035134077 -0.988473833 0.022542801 0.149704397 87.430686951
0.132827252 0.030334722 0.990674853 3.040088654 0.016172135 0.999332190 -0.032768134 -1.046853185 -0.991007268 0.020373831 0.132247955 87.482383728
0.117408320 0.026069328 0.992741466 3.501778603 0.014324456 0.999506950 -0.027941093 -1.065790892 -0.992980361 0.017501000 0.116977006 87.536102295
0.102874011 0.022899719 0.994430780 3.973541260 0.014271856 0.999598026 -0.024495143 -1.086160779 -0.994592011 0.016712287 0.102505833 87.577453613
0.089814380 0.020615306 0.995745122 4.457869053 0.017114472 0.999606133 -0.022238940 -1.098749399 -0.995811462 0.019039027 0.089426182 87.607055664
0.078196898 0.019493777 0.996747255 4.949217796 0.020748230 0.999560535 -0.021176532 -1.115234137 -0.996722043 0.022336682 0.077758059 87.632148743
0.067982391 0.020076802 0.997484505 5.470264435 0.024076726 0.999473214 -0.021757752 -1.127118468 -0.997395933 0.025495304 0.067463197 87.660499573
0.060168527 0.020747233 0.997972548 5.997741222 0.026322143 0.999403238 -0.022363959 -1.139002323 -0.997841001 0.027614381 0.059586536 87.685913086
0.054582331 0.020786287 0.998292863 6.547621727 0.028043620 0.999356925 -0.022341749 -1.157699347 -0.998115361 0.029215204 0.053964321 87.711929321
0.049069729 0.022138201 0.998549938 7.114734173 0.029481541 0.999286592 -0.023603287 -1.165963650 -0.998360038 0.030597001 0.048382055 87.733451843
0.043425895 0.022648709 0.998799860 7.689859390 0.030177223 0.999257028 -0.023971122 -1.181342840 -0.998600721 0.031181974 0.042710148 87.750122070
0.038983118 0.022481630 0.998986900 8.294743538 0.032678053 0.999183416 -0.023761237 -1.200160384 -0.998705328 0.033571232 0.038216628 87.770187378
0.035757236 0.022805076 0.999100447 8.919168472 0.033794999 0.999140143 -0.024015496 -1.216923475 -0.998788893 0.034623317 0.034955792 87.792045593
0.032647077 0.022426065 0.999215364 9.557624817 0.034915242 0.999112427 -0.023564529 -1.233748436 -0.998856843 0.035657156 0.031835090 87.810195923
0.030459050 0.021621125 0.999302149 10.214147568 0.037019722 0.999055803 -0.022744164 -1.252750635 -0.998850226 0.037686657 0.029629875 87.825874329
0.029857485 0.021294059 0.999327302 10.890560150 0.041679066 0.998877048 -0.022529734 -1.270310521 -0.998684764 0.042323716 0.028936436 87.838073730
0.031078376 0.020968869 0.999296904 11.584953308 0.044954527 0.998738885 -0.022355251 -1.289583206 -0.998505473 0.045617688 0.030096535 87.854103088
0.033185326 0.020963045 0.999229312 12.281886101 0.046471536 0.998666227 -0.022494595 -1.308149338 -0.998368204 0.047182210 0.032166883 87.876670837
0.036975168 0.021067774 0.999094069 13.005105972 0.048863143 0.998543680 -0.022864530 -1.325979710 -0.998120785 0.049664304 0.035891887 87.905120850
0.041397136 0.020359382 0.998935223 13.737995148 0.049600989 0.998517632 -0.022406396 -1.349478960 -0.997910798 0.050475739 0.040325928 87.934768677
0.045561027 0.018833755 0.998783946 14.489332199 0.051067844 0.998470962 -0.021157395 -1.367634296 -0.997655332 0.051969692 0.044529565 87.964691162
0.049355708 0.017076705 0.998635292 15.250462532 0.050761476 0.998518705 -0.019583507 -1.389667749 -0.997490466 0.051658750 0.048415758 88.007621765
0.053474441 0.014892299 0.998458147 16.031835556 0.047703709 0.998708963 -0.017450914 -1.412533760 -0.997429073 0.048563324 0.052694984 88.060791016
0.057263542 0.013961609 0.998261511 16.829219818 0.046752986 0.998767734 -0.016650591 -1.429213643 -0.997263730 0.047625180 0.056540232 88.112670898
0.061248049 0.015145715 0.998007715 17.631118774 0.043891270 0.998876810 -0.017852526 -1.446815491 -0.997157037 0.044897262 0.060514484 88.175537109
0.064398080 0.018750859 0.997748137 18.421087265 0.041544430 0.998906255 -0.021454044 -1.477934957 -0.997059107 0.042832475 0.063548662 88.226562500
0.065948866 0.024138538 0.997530937 19.230991364 0.035930328 0.999001622 -0.026549553 -1.503271461 -0.997175872 0.037592538 0.065015711 88.288841248
0.065783642 0.027543683 0.997453630 20.042814255 0.033124886 0.999007702 -0.029771237 -1.525640488 -0.997283936 0.034999002 0.064805984 88.347518921
0.065842278 0.027096193 0.997462094 20.853555679 0.030957570 0.999094665 -0.029184045 -1.556584001 -0.997349679 0.032800548 0.064943843 88.407882690
0.065936245 0.025125695 0.997507453 21.674297333 0.028077729 0.999240339 -0.027025318 -1.592431784 -0.997428656 0.029789694 0.065180682 88.470146179
0.065409474 0.024045205 0.997568727 22.490898132 0.028695321 0.999250889 -0.025967276 -1.622787833 -0.997445762 0.030324064 0.064670488 88.532630920
0.065736450 0.023149729 0.997568488 23.306217194 0.026527653 0.999336958 -0.024938865 -1.657607794 -0.997484207 0.028102545 0.065078758 88.594642639
0.066052914 0.023335597 0.997543216 24.114120483 0.024631504 0.999383748 -0.025009647 -1.691196442 -0.997511923 0.026222952 0.065437436 88.649223328
0.066067770 0.023952084 0.997527659 24.932329178 0.021501312 0.999445558 -0.025422204 -1.724979639 -0.997583330 0.023127740 0.065516144 88.710472107
0.064577200 0.025290260 0.997592211 25.738805771 0.018456398 0.999477565 -0.026532799 -1.756949186 -0.997741938 0.020125367 0.064076692 88.778793335
0.061707083 0.025131395 0.997777820 26.547302246 0.015591002 0.999536812 -0.026139915 -1.787116885 -0.997972429 0.017169379 0.061286654 88.833381653
0.058111474 0.024126897 0.998018503 27.361854553 0.013537858 0.999597013 -0.024953322 -1.812391043 -0.998218298 0.014961109 0.057761427 88.879104614
0.052982908 0.021577680 0.998362362 28.172269821 0.011577859 0.999686003 -0.022220729 -1.843634009 -0.998528302 0.012736214 0.052716453 88.930320740
0.046659064 0.019632824 0.998717964 28.978673935 0.009150477 0.999756455 -0.020080741 -1.872179866 -0.998869002 0.010075694 0.046468057 88.972854614
0.039714012 0.019679304 0.999017239 29.775545120 0.009385201 0.999754608 -0.020066921 -1.901659727 -0.999167025 0.010172914 0.039519582 89.000473022
0.031292908 0.020483259 0.999300301 30.577949524 0.009215956 0.999741554 -0.020780897 -1.928415656 -0.999467850 0.009859798 0.031096051 89.023559570
0.020965610 0.021242663 0.999554455 31.383680344 0.009715277 0.999722779 -0.021450020 -1.952005863 -0.999733031 0.010160660 0.020753419 89.046447754
0.010830690 0.019994438 0.999741375 32.168476105 0.010913858 0.999738097 -0.020112609 -1.983455181 -0.999881744 0.011128869 0.010609637 89.048942566
-0.000081205 0.019119469 0.999817193 32.962188721 0.009667801 0.999770463 -0.019117797 -2.010921478 -0.999953210 0.009664482 -0.000266029 89.051704407
-0.011325722 0.018184870 0.999770522 33.747280121 0.011152619 0.999774754 -0.018058607 -2.038345814 -0.999873638 0.010945532 -0.011525980 89.041343689
-0.022242289 0.018745212 0.999576807 34.527492523 0.011658723 0.999761045 -0.018489243 -2.060367584 -0.999684632 0.011242545 -0.022455521 89.023727417
-0.033339586 0.019407045 0.999255598 35.305496216 0.011623751 0.999751270 -0.019028857 -2.085045815 -0.999376476 0.010980685 -0.033556882 88.997268677
-0.043721020 0.020208068 0.998839378 36.075515747 0.011002069 0.999744475 -0.019744804 -2.114602089 -0.998983204 0.010126035 -0.043932185 88.955718994
-0.054167472 0.021182619 0.998307168 36.838603973 0.011592001 0.999720812 -0.020583643 -2.138202190 -0.998464644 0.010457413 -0.054397911 88.914764404
-0.063607186 0.021837343 0.997735977 37.595653534 0.012461762 0.999700010 -0.021085871 -2.167578220 -0.997897089 0.011092336 -0.063860230 88.862243652
-0.073252454 0.022623276 0.997056842 38.356933594 0.013167303 0.999677420 -0.021715356 -2.190173149 -0.997226477 0.011537846 -0.073526703 88.804931641
-0.082566693 0.022718454 0.996326625 39.097393036 0.013861747 0.999669492 -0.021645943 -2.220715761 -0.996489167 0.012023592 -0.082854331 88.743026733
-0.091071278 0.022136096 0.995598257 39.830146790 0.015104171 0.999668539 -0.020844959 -2.244910479 -0.995729804 0.013139310 -0.091375440 88.670082092
-0.098641880 0.021108702 0.994899035 40.563358307 0.016951894 0.999665558 -0.019529091 -2.273648739 -0.994978487 0.014939038 -0.098966733 88.595794678
-0.103922099 0.019491229 0.994394362 41.284767151 0.019719515 0.999651790 -0.017533435 -2.298918247 -0.994389832 0.017786864 -0.104270257 88.518547058
-0.107584991 0.018151155 0.994030178 41.993148804 0.023176510 0.999607325 -0.015744576 -2.319451809 -0.993925691 0.021344269 -0.107963428 88.434158325
-0.110263556 0.017161898 0.993754148 42.699401855 0.024581203 0.999592125 -0.014535272 -2.337059975 -0.993598342 0.022824962 -0.110640444 88.352699280
-0.111882776 0.016195828 0.993589401 43.386501312 0.024553534 0.999607027 -0.013529074 -2.359385967 -0.993418097 0.022882460 -0.112236463 88.273864746
-0.112659685 0.016643979 0.993494153 44.052547455 0.025848893 0.999570429 -0.013814573 -2.378792524 -0.993297338 0.024124384 -0.113041505 88.196289062
-0.111576691 0.017754611 0.993597150 44.704013824 0.026426759 0.999539793 -0.014893189 -2.396701336 -0.993404329 0.024595818 -0.111994542 88.124427795
-0.108590797 0.019216985 0.993900776 45.326934814 0.027359761 0.999492168 -0.016335843 -2.420065165 -0.993709862 0.025418967 -0.109061442 88.057174683
-0.103397422 0.019844869 0.994442105 45.953018188 0.027719561 0.999470055 -0.017063055 -2.439869165 -0.994253755 0.025801225 -0.103892706 87.993171692
-0.095396683 0.020650856 0.995225191 46.551559448 0.027247423 0.999464273 -0.018127037 -2.458078861 -0.995066285 0.025388062 -0.095908262 87.940773010
-0.084372588 0.020630565 0.996220708 47.133094788 0.025938708 0.999492288 -0.018501500 -2.480955839 -0.996096551 0.024279660 -0.084864900 87.903739929
-0.070580989 0.020747339 0.997290254 47.687091827 0.025234351 0.999500751 -0.019007422 -2.504733324 -0.997186840 0.023824405 -0.071069285 87.871009827
-0.053597867 0.021571228 0.998329639 48.219944000 0.023714881 0.999512076 -0.020323588 -2.536238670 -0.998280883 0.022585966 -0.054083284 87.859397888
-0.032493230 0.024370706 0.999174714 48.749950409 0.022132900 0.999475062 -0.023658263 -2.554579258 -0.999226749 0.021345906 -0.033015572 87.858505249
-0.007793309 0.027277414 0.999597490 49.272670746 0.019897934 0.999434114 -0.027117820 -2.578680515 -0.999771595 0.019678587 -0.008331668 87.873947144
0.020501629 0.029060917 0.999367416 49.787727356 0.018195167 0.999401152 -0.029435165 -2.597998619 -0.999624193 0.018787123 0.019960575 87.906639099
0.053472981 0.028564990 0.998160601 50.294185638 0.015438057 0.999447703 -0.029428858 -2.620873690 -0.998449922 0.016983312 0.053002451 87.955039978
0.092657626 0.025667736 0.995367169 50.764846802 0.014451634 0.999527693 -0.027120313 -2.648834467 -0.995593071 0.016897585 0.092242911 87.995452881
0.134378612 0.022323277 0.990678668 51.305347443 0.012799866 0.999623716 -0.024261061 -2.662363052 -0.990847409 0.015940718 0.134042308 88.100906372
0.179944649 0.018317968 0.983506203 51.795803070 0.010138614 0.999738991 -0.020475294 -2.679300785 -0.983624518 0.013655808 0.179711938 88.213340759
0.228599101 0.014995628 0.973405123 52.281196594 0.005776507 0.999842823 -0.016759496 -2.696016788 -0.973503411 0.009454086 0.228476584 88.354042053
0.279716671 0.013480607 0.959987879 52.745613098 0.002113550 0.999890387 -0.014656775 -2.712958813 -0.960080266 0.006128725 0.279657543 88.528388977
0.334880412 0.012782320 0.942173958 53.188919067 0.000422476 0.999905884 -0.013715727 -2.736756802 -0.942260623 0.004991174 0.334843516 88.717330933
0.390661687 0.014007540 0.920427740 53.616241455 0.003205142 0.999857426 -0.016576719 -2.740646362 -0.920528769 0.009425989 0.390561104 88.951423645
0.451380670 0.016483108 0.892179132 54.036994934 0.004424464 0.999775767 -0.020709438 -2.763327122 -0.892320514 0.013295254 0.451206446 89.187973022
0.511449337 0.020003270 0.859080553 54.431571960 0.005178373 0.999639213 -0.026359022 -2.779921532 -0.859297812 0.017929943 0.511161149 89.454704285
0.570561647 0.025376350 0.820862591 54.793563843 0.001471961 0.999489248 -0.031921588 -2.775167942 -0.821253419 0.019421509 0.570232928 89.738739014
0.623722553 0.028416572 0.781129122 55.107242584 -0.002856130 0.999415100 -0.034076989 -2.791708469 -0.781640589 0.019023575 0.623438895 90.079986572
0.677192986 0.028610034 0.735249043 55.434364319 -0.004324219 0.999381244 -0.034905184 -2.814984798 -0.735792696 0.020458167 0.676897705 90.421310425
0.726060688 0.025830546 0.687145293 55.728092194 -0.004305458 0.999445379 -0.033020969 -2.840296984 -0.687617064 0.021016749 0.725769281 90.782287598
0.770034790 0.024270833 0.637540162 55.964981079 -0.007423416 0.999549329 -0.029086187 -2.842399359 -0.637958646 0.017664649 0.769867897 91.165184021
0.812187076 0.021027246 0.583017886 56.227386475 -0.009201040 0.999687672 -0.023237213 -2.842430830 -0.583324432 0.013508598 0.812126815 91.566329956
0.848860383 0.019036546 0.528274179 56.446929932 -0.011810781 0.999784887 -0.017049380 -2.850285053 -0.528485119 0.008233214 0.848902643 91.991424561
0.879760802 0.015954390 0.475148618 56.627429962 -0.012874526 0.999869764 -0.009735493 -2.858918667 -0.475242049 0.002447596 0.879851699 92.422882080
0.905542135 0.016634542 0.423930109 56.784164429 -0.016569806 0.999855399 -0.003839023 -2.875805855 -0.423932552 -0.003548040 0.905686796 92.836357117
0.925175726 0.018341875 0.379095763 56.896347046 -0.019882455 0.999802291 0.000149071 -2.892709732 -0.379018098 -0.007675268 0.925357401 93.252944946
0.940198839 0.024120690 0.339770973 57.010555267 -0.026764942 0.999636948 0.003097479 -2.904499054 -0.339572936 -0.012006200 0.940503001 93.690498352
0.952099323 0.028371513 0.304469824 57.122169495 -0.030522412 0.999531329 0.002306144 -2.906444073 -0.304261744 -0.011488833 0.952519119 94.151245117
0.961230457 0.030807924 0.274019986 57.225887299 -0.032707896 0.999462128 0.002366520 -2.904933453 -0.273799717 -0.011237388 0.961721122 94.615554810
0.967317224 0.025438439 0.252289861 57.335105896 -0.027048321 0.999629915 0.002914437 -2.913477659 -0.252122343 -0.009643205 0.967647314 95.082618713
0.971292078 0.023033476 0.236772463 57.443168640 -0.024580939 0.999691427 0.003585319 -2.922458410 -0.236616820 -0.009302481 0.971558511 95.563865662
0.974131346 0.027053829 0.224357605 57.534149170 -0.028504105 0.999588430 0.003227190 -2.925675869 -0.224177957 -0.009538820 0.974501491 96.058113098
0.976147711 0.032298867 0.214691103 57.622020721 -0.034089554 0.999407947 0.004642477 -2.930912733 -0.214414090 -0.011850470 0.976670921 96.571701050
0.977362156 0.038221825 0.208091944 57.728359222 -0.039514501 0.999216795 0.002057174 -2.911276579 -0.207850367 -0.010233253 0.978107095 97.050994873
0.977706850 0.044106789 0.205290064 57.821807861 -0.044771850 0.998996139 -0.001406705 -2.916552067 -0.205146104 -0.007815870 0.978700161 97.569732666
0.977779210 0.045782927 0.204577073 57.926963806 -0.045919232 0.998936772 -0.004083490 -2.923459768 -0.204546556 -0.005401270 0.978841901 98.109420776
0.977230191 0.044914968 0.207373470 58.039176941 -0.044295125 0.998989284 -0.007633816 -2.935463428 -0.207506791 -0.001725638 0.978231966 98.643470764
0.976517200 0.043812282 0.210937396 58.163593292 -0.041798260 0.999027967 -0.013999320 -2.943687439 -0.211345717 0.004853760 0.977399290 99.200775146
0.975778759 0.042780600 0.214535475 58.300964355 -0.039643321 0.999034941 -0.018906981 -2.943036556 -0.215137288 0.009944133 0.976533055 99.740768433
0.974499047 0.047613386 0.219281957 58.417663574 -0.044607211 0.998830557 -0.018642813 -2.952476978 -0.219913200 0.008385849 0.975483418 100.325881958
0.973090827 0.050631072 0.224790260 58.549034119 -0.048587292 0.998711884 -0.014618105 -2.965470076 -0.225240827 0.003302796 0.974297523 100.912406921
0.972151875 0.047361437 0.229516223 58.694618225 -0.046264406 0.998877406 -0.010161647 -2.975629330 -0.229739875 -0.000739765 0.973251760 101.507560730
0.971435428 0.043335717 0.233313799 58.846031189 -0.043504447 0.999043405 -0.004425418 -2.989948750 -0.233282417 -0.005851177 0.972391367 102.129867554
0.970687449 0.040810142 0.236855328 59.003639221 -0.042140298 0.999111533 0.000553840 -3.003480673 -0.236622259 -0.010518762 0.971544743 102.752944946
0.970087707 0.036095485 0.240055993 59.160385132 -0.037470009 0.999297142 0.001162605 -3.009696484 -0.239845276 -0.010122730 0.970758319 103.391387939
0.970112085 0.032569122 0.240461722 59.321113586 -0.033026811 0.999452293 -0.002127426 -3.014917135 -0.240399301 -0.005877842 0.970656335 104.033752441
0.970270097 0.031983409 0.239901930 59.484359741 -0.030755358 0.999487758 -0.008862022 -3.025931835 -0.240062475 0.001220285 0.970756710 104.678993225
0.970476031 0.034340296 0.238739923 59.644882202 -0.031533569 0.999381423 -0.015567027 -3.036363125 -0.239126861 0.007579103 0.970958710 105.317909241
0.971071064 0.037141312 0.235884324 59.802925110 -0.033495985 0.999249637 -0.019443681 -3.043161869 -0.236429513 0.010980016 0.971586585 105.994705200
0.971639872 0.036021300 0.233705342 59.963787079 -0.033324238 0.999324679 -0.015480228 -3.049472332 -0.234105140 0.007253156 0.972184181 106.692657471
0.972031832 0.031895660 0.232672945 60.128288269 -0.030954562 0.999491036 -0.007695825 -3.068066359 -0.232800037 0.000278296 0.972524583 107.399986267
0.972643793 0.032213047 0.230057120 60.300495148 -0.032724675 0.999463081 -0.001592217 -3.083850384 -0.229984879 -0.005979883 0.973175764 108.124282837
0.972884834 0.035664249 0.228523791 60.459156036 -0.036072183 0.999346256 -0.002393048 -3.093198061 -0.228459761 -0.005915190 0.973535359 108.855491638
0.973240793 0.041029669 0.226095095 60.616489410 -0.040491454 0.999155223 -0.007019568 -3.102597237 -0.226192087 -0.002323188 0.974079907 109.581695557
0.974081755 0.042074468 0.222248703 60.782333374 -0.040385243 0.999110460 -0.012141877 -3.114076614 -0.222561866 0.002851612 0.974914372 110.320602417
0.975010872 0.040716194 0.218393967 60.949630737 -0.038329381 0.999150276 -0.015156249 -3.123988152 -0.218825489 0.006406601 0.975742936 111.078979492
0.976007938 0.038494565 0.214305103 61.119606018 -0.036414873 0.999243677 -0.013645274 -3.136579990 -0.214668229 0.005514003 0.976671398 111.851715088
0.976825535 0.034979392 0.211159363 61.284545898 -0.033332873 0.999379754 -0.011353052 -3.155398846 -0.211425498 0.004051404 0.977385700 112.625114441
0.977277339 0.033594102 0.209285229 61.452056885 -0.032526404 0.999434352 -0.008542335 -3.169723272 -0.209453806 0.001540935 0.977817297 113.417556763
0.977605700 0.030790100 0.208179787 61.620727539 -0.030139850 0.999525845 -0.006295559 -3.181314468 -0.208274901 -0.000119931 0.978070319 114.220184326
0.977819681 0.025431104 0.207898960 61.790885925 -0.024914892 0.999676526 -0.005101535 -3.193392754 -0.207961425 -0.000191398 0.978137016 115.006095886
0.977935493 0.026145084 0.207264304 61.956665039 -0.025974900 0.999656260 -0.003542920 -3.204305172 -0.207285687 -0.001918922 0.978278577 115.808776855
0.977694869 0.031766076 0.207613975 62.121540070 -0.031301957 0.999494672 -0.005521111 -3.214100361 -0.207684457 -0.001100761 0.978195250 116.633323669
0.977407515 0.037253790 0.208054230 62.285747528 -0.036206909 0.999305189 -0.008839065 -3.226712465 -0.208238930 0.001106370 0.978077352 117.445716858
0.976837456 0.045856349 0.209011450 62.447639465 -0.044645224 0.998947561 -0.010511252 -3.235780716 -0.209273502 0.000936424 0.977856755 118.280052185
0.975904822 0.051868580 0.211941838 62.612937927 -0.050903372 0.998653293 -0.010011642 -3.249697208 -0.212175712 -0.001018145 0.977231026 119.103652954
0.975129485 0.054129642 0.214924544 62.782386780 -0.053735197 0.998525620 -0.007682073 -3.274605513 -0.215023503 -0.004057999 0.976600468 119.948295593
0.974562466 0.054860171 0.217297703 62.969093323 -0.054267630 0.998488545 -0.008698005 -3.290737629 -0.217446432 -0.003315481 0.976066768 120.779235840
0.974225581 0.053245787 0.219201282 63.152740479 -0.051962271 0.998581409 -0.011620739 -3.303290844 -0.219509080 -0.000068974 0.975610495 121.607437134
0.974221766 0.047157645 0.220608547 63.345584869 -0.046050668 0.998887479 -0.010161020 -3.320999384 -0.220842272 -0.000260084 0.975309491 122.457221985
0.974469244 0.040785115 0.220785722 63.545104980 -0.039133515 0.999163687 -0.011851311 -3.341670275 -0.221084446 0.002908617 0.975250363 123.280891418
0.974258602 0.039432343 0.221957505 63.730247498 -0.037809938 0.999218106 -0.011555614 -3.365573645 -0.222239614 0.002865959 0.974987805 124.108627319
0.973709226 0.042056046 0.223878026 63.917800903 -0.041139819 0.999114990 -0.008757443 -3.381494999 -0.224048182 -0.000683098 0.974577725 124.955513000
0.973278165 0.044047538 0.225364938 64.100357056 -0.044512395 0.999004245 -0.003020614 -3.397139788 -0.225273579 -0.007091634 0.974269748 125.800979614
0.972881258 0.048135430 0.226240709 64.285041809 -0.049651716 0.998766065 0.001013041 -3.414234877 -0.225912750 -0.012218809 0.974070907 126.637840271
0.972671390 0.047159839 0.227346584 64.471778870 -0.047185563 0.998871922 -0.005324922 -3.432598829 -0.227341294 -0.005548078 0.973799229 127.449661255
0.972976387 0.043014959 0.226862654 64.665771484 -0.039549574 0.999021411 -0.019800778 -3.451867104 -0.227492422 0.010293365 0.973725319 128.258712769
