1.000000000 0.000000000 0.000000000 0.000000000 0.000000000 1.000000000 0.000000000 0.000000000 0.000000000 0.000000000 1.000000000 0.000000000
0.999042690 -0.000482011 0.043742780 0.046695180 0.000586600 0.999997020 -0.002378205 -0.020237874 -0.043741498 0.002401587 0.999040127 1.025535583
0.996033430 -0.004594848 0.088861063 0.139819399 0.005267392 0.999959230 -0.007335463 -0.039296485 -0.088823728 0.007774431 0.996016979 2.047164679
0.990878880 -0.004067842 0.134694308 0.271098495 0.005669624 0.999917686 -0.011510532 -0.060090356 -0.134636402 0.012169207 0.990820408 3.056565046
0.983544171 -0.001318072 0.180662557 0.451875389 0.003817812 0.999901712 -0.013489483 -0.095146760 -0.180627003 0.013957239 0.983452618 4.088908672
0.974008679 -0.003770397 0.226479307 0.687458634 0.006994859 0.999885261 -0.013436500 -0.126257583 -0.226402685 0.014671458 0.973923266 5.095327854
0.962322176 -0.004075956 0.271881282 0.960138083 0.008401887 0.999855876 -0.014748910 -0.156731635 -0.271782041 0.016477516 0.962217748 6.102851391
0.948762953 -0.006816411 0.315915108 1.286262631 0.012959369 0.999765515 -0.017348189 -0.189739004 -0.315722793 0.020553375 0.948628843 7.086512566
0.933588088 -0.008423705 0.358249009 1.659974456 0.016389949 0.999681294 -0.019205760 -0.221708536 -0.357973069 0.023801951 0.933428526 8.045213699
0.916339457 -0.008624678 0.400309533 2.072921753 0.018165668 0.999633968 -0.020045480 -0.253939033 -0.399990022 0.025640352 0.916160882 8.975494385
0.896800756 -0.009052446 0.442342073 2.518728733 0.019268837 0.999641180 -0.018608015 -0.289839178 -0.442014903 0.025211096 0.896653473 9.877752304
0.875006795 -0.009096776 0.484025031 3.018961191 0.020076044 0.999645174 -0.017505558 -0.332568109 -0.483694047 0.025034795 0.874878943 10.775911331
0.850935876 -0.009080644 0.525191009 3.552566290 0.020735482 0.999651968 -0.016312325 -0.366697013 -0.524860084 0.024770834 0.850827992 11.646590233
0.825559378 -0.009651821 0.564232707 4.139785767 0.022830930 0.999606371 -0.016305795 -0.408209145 -0.563853264 0.026343362 0.825454772 12.489489555
0.798273563 -0.011364324 0.602187812 4.751577854 0.026195016 0.999531031 -0.015861809 -0.441178560 -0.601725161 0.028436381 0.798196852 13.291997910
0.769494176 -0.010454823 0.638568223 5.423573494 0.027003625 0.999504447 -0.016176013 -0.476006866 -0.638082683 0.029691009 0.769395173 14.113598824
0.738920212 -0.013594413 0.673655689 6.100318432 0.031798188 0.999386072 -0.014711164 -0.507263422 -0.673042059 0.032291405 0.738898933 14.849654198
0.706940532 -0.012963260 0.707154214 6.842517376 0.032407243 0.999375582 -0.014077305 -0.539286017 -0.706530154 0.032868735 0.706919193 15.581259727
0.672810972 -0.011537639 0.739724457 7.591632843 0.033167765 0.999343395 -0.014580517 -0.574384928 -0.739070654 0.034344941 0.672751844 16.262943268
0.637176514 -0.012704062 0.770613253 8.396450996 0.037967015 0.999167562 -0.014920850 -0.599178612 -0.769782066 0.038765103 0.637128353 16.930648804
0.600548506 -0.011102531 0.799511313 9.185951233 0.038239319 0.999158144 -0.014848290 -0.627837062 -0.798673570 0.039489888 0.600467384 17.517518997
0.562674105 -0.009846141 0.826620162 10.039078712 0.041011970 0.999030411 -0.016016766 -0.655371666 -0.825660825 0.042913541 0.562532306 18.100355148
0.523757219 -0.007938482 0.851830661 10.885035515 0.045587916 0.998784959 -0.018722225 -0.678929448 -0.850646913 0.048639085 0.523482680 18.620502472
0.484903693 -0.006948485 0.874539971 11.777923584 0.047001626 0.998730361 -0.018125637 -0.706889868 -0.873303652 0.049893990 0.484614551 19.111162186
0.446503401 -0.008704866 0.894739568 12.678014755 0.052239005 0.998500705 -0.016354565 -0.731342316 -0.893255651 0.054042667 0.446288705 19.555538177
0.409780651 -0.009380165 0.912135839 13.624774933 0.056263097 0.998303235 -0.015010137 -0.757530630 -0.910447180 0.057470452 0.409613162 19.964706421
0.374787360 -0.006932199 0.927084863 14.557847023 0.057819810 0.998200357 -0.015910523 -0.784123302 -0.925306201 0.059566930 0.374513626 20.330625534
0.341263682 -0.007762284 0.939935565 15.523502350 0.058187101 0.998222709 -0.012882434 -0.808405042 -0.938164890 0.059088439 0.341108769 20.676155090
0.307781994 -0.009313785 0.951411307 16.518316269 0.060607940 0.998113215 -0.009835725 -0.831487358 -0.949524581 0.060690347 0.307765782 20.992752075
0.275158346 -0.009167070 0.961355209 17.502414703 0.061106380 0.998099446 -0.007972375 -0.853262067 -0.959454954 0.060938608 0.275195599 21.265279770
0.243003875 -0.006366343 0.970004380 18.502689362 0.058432851 0.998258531 -0.008086719 -0.876819789 -0.968263745 0.058645219 0.242952719 21.518608093
0.212134898 -0.004836782 0.977228403 19.530805588 0.058245402 0.998272598 -0.007702864 -0.891981006 -0.975503087 0.058553107 0.212050200 21.740543365
0.181548074 -0.004641371 0.983371139 20.563467026 0.060012203 0.998177290 -0.006368083 -0.910510540 -0.981549203 0.060170375 0.181495741 21.928062439
0.150725037 -0.004824585 0.988563955 21.627992630 0.061563786 0.998092949 -0.004515455 -0.925353587 -0.986656904 0.061540324 0.150734618 22.087009430
0.120304525 -0.005492274 0.992721856 22.705121994 0.059967261 0.998198748 -0.001744648 -0.939607918 -0.990924180 0.059740692 0.120417193 22.218183517
0.091196306 -0.005967541 0.995815039 23.792285919 0.060721871 0.998154640 0.000420679 -0.954149306 -0.993979931 0.060429387 0.091390386 22.312211990
0.064125568 -0.005704748 0.997925460 24.917642593 0.063406102 0.997986495 0.001630692 -0.958675086 -0.995925486 0.063170001 0.064358160 22.375431061
0.039331496 -0.005079777 0.999213398 26.039539337 0.067704245 0.997702539 0.002407091 -0.964885175 -0.996929824 0.067556299 0.039585061 22.401800156
0.016522925 -0.004693495 0.999852479 27.224908829 0.071899749 0.997405708 0.003493841 -0.968995929 -0.997274935 0.071831398 0.016817525 22.416543961
-0.003734245 -0.004906074 0.999980927 28.382375717 0.077608712 0.996970415 0.005181119 -0.971591175 -0.996977031 0.077626586 -0.003342177 22.407135010
-0.021005152 -0.005581449 0.999763787 29.572420120 0.081932023 0.996611238 0.007285250 -0.970916986 -0.996416509 0.082065701 -0.020476678 22.364982605
-0.036580980 -0.005393851 0.999316275 30.782032013 0.085092843 0.996336758 0.008492680 -0.970685840 -0.995701253 0.085345313 -0.035988003 22.310132980
-0.051005825 -0.006116187 0.998679638 31.989078522 0.087165236 0.996138096 0.010552433 -0.966910303 -0.994887352 0.087588385 -0.050275721 22.252687454
-0.064008690 -0.007294687 0.997922659 33.200126648 0.087314360 0.996097505 0.012881860 -0.965838790 -0.994122207 0.087957539 -0.063121974 22.164024353
-0.076046698 -0.007067425 0.997079194 34.402954102 0.087134771 0.996102214 0.013706220 -0.960684717 -0.993289709 0.087922581 -0.075134456 22.074350357
-0.087473653 -0.004302904 0.996157527 35.632686615 0.086966336 0.996139705 0.011939433 -0.955827832 -0.992363453 0.087676555 -0.086761773 21.978374481
-0.097631745 -0.000892237 0.995222151 36.856536865 0.087215364 0.996144772 0.009448932 -0.945815623 -0.991393745 0.087721191 -0.097177535 21.860980988
-0.106820419 0.001522368 0.994277179 38.118175507 0.088718273 0.996024609 0.008006423 -0.944438100 -0.990312338 0.089065805 -0.106530808 21.725255966
-0.114257246 0.002524989 0.993447959 39.405204773 0.088471271 0.996049345 0.007643549 -0.937407911 -0.989503980 0.088764943 -0.114029236 21.584409714
-0.119831711 0.003194919 0.992789090 40.716560364 0.088161334 0.996078372 0.007435750 -0.930222631 -0.988872051 0.088416643 -0.119643457 21.425476074
-0.124786392 0.004880215 0.992171645 42.040840149 0.089521810 0.995964527 0.006360372 -0.923674166 -0.988136709 0.089614674 -0.124719694 21.261848450
-0.129441082 0.006275257 0.991567254 43.376171112 0.088308640 0.996079445 0.005224168 -0.919584632 -0.987646937 0.088240184 -0.129487783 21.092422485
-0.133933395 0.007119054 0.990964830 44.752208710 0.089100689 0.996010602 0.004887060 -0.913972378 -0.986976564 0.088950180 -0.134033412 20.920631409
-0.136966243 0.006188308 0.990556300 46.142097473 0.088629164 0.996046424 0.006032331 -0.911985636 -0.986602783 0.088618420 -0.136973202 20.740751266
-0.139771491 0.004206947 0.990174830 47.573413849 0.089373551 0.995962918 0.008384290 -0.909776688 -0.986142099 0.089667320 -0.139583215 20.542968750
-0.141105279 0.003007258 0.989990175 48.988140106 0.089364357 0.995951653 0.009711916 -0.900478303 -0.985952914 0.089840248 -0.140802786 20.327919006
-0.143490314 0.003635696 0.989645064 50.418190002 0.091840722 0.995726943 0.009658104 -0.895493150 -0.985381007 0.092275582 -0.143211067 20.138261795
-0.144504398 0.003819912 0.989496708 51.895286560 0.091766387 0.995734692 0.009557409 -0.876052618 -0.985239744 0.092183635 -0.144238561 19.902008057
-0.145357013 0.005281076 0.989365101 53.364978790 0.093865298 0.995548844 0.008476557 -0.861912489 -0.984916568 0.094099186 -0.145205721 19.693538666
-0.145231247 0.005371341 0.989383280 54.857254028 0.093529381 0.995581686 0.008324155 -0.854675531 -0.984967053 0.093745314 -0.145091951 19.470651627
-0.144685268 0.006928332 0.989453435 56.376449585 0.093445770 0.995601833 0.006692952 -0.844066858 -0.985055327 0.093428627 -0.144696325 19.251091003
-0.143285736 0.006860668 0.989657521 57.917018890 0.093909971 0.995558202 0.006695003 -0.835003495 -0.985215843 0.093898013 -0.143293560 19.024688721
-0.141551659 0.005651036 0.989914715 59.477279663 0.093361236 0.995602787 0.007666571 -0.832414031 -0.985518575 0.093504861 -0.141456842 18.789188385
-0.140237778 0.006382600 0.990097284 61.061534882 0.094111130 0.995537698 0.006912267 -0.824296534 -0.985635042 0.094148524 -0.140212670 18.564218521
-0.139367700 0.007085015 0.990215302 62.654975891 0.093932323 0.995559871 0.006097235 -0.816770673 -0.985775530 0.093862996 -0.139414385 18.351005554
-0.138584182 0.007468564 0.990322471 64.270622253 0.094935529 0.995466590 0.005777769 -0.815603852 -0.985789955 0.094817489 -0.138664976 18.125556946
-0.137479320 0.007161853 0.990478754 65.887710571 0.094019152 0.995553136 0.005851397 -0.809468329 -0.986032307 0.093928397 -0.137541339 17.898349762
-0.135877475 0.005860546 0.990708292 67.537239075 0.096239969 0.995331287 0.007311597 -0.799504519 -0.986040175 0.096339211 -0.135807112 17.660881042
-0.135539144 0.003933150 0.990764320 69.228782654 0.098634683 0.995077968 0.009543210 -0.794876397 -0.985850036 0.099017210 -0.135259971 17.418622971
-0.134135514 0.005117567 0.990949869 70.915115356 0.100081958 0.994943678 0.008408958 -0.787036777 -0.985896111 0.100304142 -0.133969471 17.180507660
-0.133887678 0.006911734 0.990972400 72.601173401 0.101843603 0.994777024 0.006821553 -0.776823699 -0.985749364 0.101837531 -0.133892328 16.955814362
-0.133208573 0.006527267 0.991066515 74.308029175 0.100714818 0.994890809 0.006984560 -0.772411525 -0.985957325 0.100745499 -0.133185416 16.730266571
-0.132934868 0.006548285 0.991103053 76.060714722 0.101642467 0.994795859 0.007060439 -0.767277181 -0.985899150 0.101676740 -0.132908672 16.484550476
-0.132831126 0.005806354 0.991121650 77.794593811 0.101462536 0.994809031 0.007770156 -0.756604612 -0.985931695 0.101593837 -0.132730722 16.253948212
-0.133089826 0.005766343 0.991087198 79.515876770 0.102610625 0.994689405 0.007991941 -0.755521536 -0.985777974 0.102759711 -0.132974729 16.036334991
-0.132945165 0.005923544 0.991105616 81.285377502 0.103849269 0.994560897 0.007985963 -0.742897034 -0.985667765 0.103987284 -0.132837251 15.795361519
-0.132877186 0.006893963 0.991108537 83.040946960 0.104192331 0.994532168 0.007051211 -0.735103488 -0.985640705 0.104202852 -0.132868931 15.556060791
-0.133432209 0.007678035 0.991028190 84.843460083 0.103854850 0.994572639 0.006277542 -0.734233320 -0.985601366 0.103760727 -0.133505419 15.308934212
-0.134775385 0.008277510 0.990841746 86.633979797 0.103143893 0.994650006 0.005720427 -0.737525225 -0.985493243 0.102970250 -0.134908125 15.074517250
-0.136335194 0.008789974 0.990623891 88.431167603 0.102423355 0.994726896 0.005269694 -0.740047932 -0.985353827 0.102181442 -0.136516571 14.840467453
-0.137220830 0.007894699 0.990508974 90.248252869 0.101297185 0.994837403 0.006104071 -0.740565300 -0.985347331 0.101173371 -0.137312129 14.594526291
-0.138457134 0.007490966 0.990340114 92.085739136 0.101157010 0.994848609 0.006617455 -0.739263713 -0.985188723 0.101096101 -0.138501585 14.347020149
-0.138892964 0.006690234 0.990284741 93.940979004 0.098710760 0.995090663 0.007122032 -0.732526183 -0.985375524 0.098740980 -0.138871491 14.090767860
-0.140804723 0.007297518 0.990010500 95.761032104 0.098346815 0.995129943 0.006652173 -0.734405279 -0.985140502 0.098301038 -0.140836701 13.841406822
-0.142974615 0.008258836 0.989691854 97.628921509 0.097818732 0.995187283 0.005826565 -0.729814351 -0.984880567 0.097643472 -0.143094361 13.564529419
-0.147041261 0.009113574 0.989088356 99.501632690 0.097950920 0.995176554 0.005392048 -0.723211527 -0.984268486 0.097674981 -0.147224739 13.286459923
-0.151545852 0.008270766 0.988415599 101.375282288 0.096065544 0.995354414 0.006400133 -0.722855985 -0.983770967 0.095922597 -0.151636362 13.008538246
-0.156193361 0.007615318 0.987697124 103.272079468 0.094546512 0.995493829 0.007276054 -0.720689595 -0.983191013 0.094519794 -0.156209558 12.717115402
-0.160692558 0.008285000 0.986969650 105.170463562 0.093158558 0.995627940 0.006809845 -0.721961677 -0.982598305 0.093038976 -0.160761863 12.413322449
-0.164708391 0.010248222 0.986289084 107.090011597 0.093845151 0.995572507 0.005327279 -0.718203843 -0.981867731 0.093435906 -0.164940909 12.079536438
-0.169185996 0.011629246 0.985515654 109.018280029 0.093463361 0.995613456 0.004296703 -0.728617072 -0.981142461 0.092836544 -0.169530824 11.749330521
-0.173961163 0.011787594 0.984681964 110.951553345 0.092390232 0.995713115 0.004402696 -0.733961940 -0.980408847 0.091740906 -0.174304500 11.417266846
-0.178687960 0.011656507 0.983836770 112.905700684 0.090507001 0.995884955 0.004638947 -0.734165370 -0.979734182 0.089873031 -0.179007620 11.066446304
-0.183252886 0.011021662 0.983004093 114.872230530 0.088627875 0.996050417 0.005354185 -0.736510456 -0.979062498 0.088102736 -0.183505937 10.696390152
-0.189236373 0.010230748 0.981878221 116.805381775 0.087761112 0.996120036 0.006534968 -0.740288913 -0.978001833 0.087407373 -0.189400002 10.342609406
-0.194299683 0.010086009 0.980890334 118.780982971 0.088361993 0.996061921 0.007261175 -0.740865290 -0.976954341 0.088084258 -0.194425747 9.949108124
-0.199953735 0.011549879 0.979737282 120.722862244 0.088609032 0.996046305 0.006342000 -0.741062820 -0.975790381 0.088081688 -0.200186640 9.567277908
-0.205358267 0.012647035 0.978605151 122.682449341 0.088251255 0.996082306 0.005646445 -0.743205249 -0.974699736 0.087522686 -0.205669880 9.165290833
-0.211357772 0.012467205 0.977329254 124.658020020 0.088273399 0.996075809 0.006383712 -0.740079522 -0.973414481 0.087621406 -0.211628899 8.751327515
-0.216640547 0.012285443 0.976174116 126.635231018 0.086996488 0.996185601 0.006769674 -0.738954425 -0.972367465 0.086390294 -0.216882974 8.316143036
-0.221842825 0.013057494 0.974995017 128.618606567 0.086363025 0.996243715 0.006308307 -0.737837434 -0.971250355 0.085602969 -0.222137183 7.868814468
-0.227257133 0.013587125 0.973739922 130.608917236 0.085529320 0.996317208 0.006059170 -0.739792109 -0.970071733 0.084660299 -0.227582246 7.422124863
-0.231675923 0.013027224 0.972705781 132.594818115 0.086349763 0.996238708 0.007224109 -0.733087718 -0.968953013 0.085666552 -0.231929421 6.955474854
-0.235532671 0.013153129 0.971777380 134.594497681 0.088844851 0.996013045 0.008052435 -0.725915551 -0.967796981 0.088234022 -0.235762194 6.472949982
-0.238940775 0.013924548 0.970934212 136.604675293 0.090150990 0.995896757 0.007903045 -0.723503709 -0.966840267 0.089419052 -0.239215642 5.978612900
-0.241697267 0.014656107 0.970241010 138.607238770 0.090770908 0.995843053 0.007569148 -0.722879648 -0.966096818 0.089899115 -0.242022887 5.475219727
-0.245135725 0.014586965 0.969378948 140.654281616 0.089950018 0.995916069 0.007760197 -0.719418526 -0.965306938 0.089097969 -0.245446682 4.969158173
-0.248826995 0.015036062 0.968431234 142.660461426 0.088799194 0.996022403 0.007351454 -0.726486087 -0.964468658 0.087825157 -0.249172449 4.453670502
-0.253647506 0.015667912 0.967169762 144.687957764 0.088043034 0.996092319 0.006953489 -0.731247127 -0.963281572 0.086916298 -0.254035771 3.933589935
-0.258208722 0.014699313 0.965977311 146.720581055 0.086060785 0.996259034 0.007844212 -0.733951211 -0.962248325 0.085158229 -0.258507788 3.407955170
-0.262154430 0.015247052 0.964905560 148.748336792 0.086797230 0.996195078 0.007840401 -0.734255672 -0.961114526 0.085806504 -0.262480438 2.850131989
-0.266536623 0.015626848 0.963698089 150.796539307 0.086199030 0.996248305 0.007686004 -0.733860373 -0.959962487 0.085118443 -0.266883731 2.291339874
-0.271223694 0.015714923 0.962388039 152.854934692 0.085799247 0.996281147 0.007911888 -0.733250380 -0.958684623 0.084718056 -0.271563351 1.726181030
-0.275492847 0.015130706 0.961184025 154.897750854 0.085767455 0.996275544 0.008899399 -0.734854341 -0.957469404 0.084890023 -0.275764406 1.145435333
-0.280130953 0.015262633 0.959840417 156.956573486 0.086297348 0.996225595 0.009344810 -0.730941296 -0.956075013 0.085449442 -0.280390650 0.562622070
-0.284520000 0.015857778 0.958538949 159.047103882 0.086946435 0.996169329 0.009327708 -0.728400350 -0.954719186 0.085995480 -0.284808874 -0.037990570
-0.288264602 0.017204322 0.957396209 161.111968994 0.087459944 0.996132314 0.008433107 -0.723629117 -0.953548253 0.086164773 -0.288654387 -0.650821686
-0.292394429 0.018456595 0.956119657 163.185516357 0.087166406 0.996165991 0.007427040 -0.726330876 -0.952316940 0.085513115 -0.292882204 -1.270206451
-0.295827240 0.020207705 0.955027699 165.269500732 0.088210933 0.996082366 0.006247628 -0.722939670 -0.951159894 0.086092114 -0.296450734 -1.903942108
-0.299278498 0.020553051 0.953944325 167.358352661 0.087462649 0.996150017 0.005977046 -0.728292823 -0.950148761 0.085223317 -0.299923837 -2.550758362
-0.302680284 0.020685835 0.952867627 169.455856323 0.087997347 0.996100605 0.006328152 -0.731984019 -0.949021161 0.085765228 -0.303320318 -3.210868835
-0.306602329 0.020864552 0.951609015 171.550567627 0.087722927 0.996124208 0.006423195 -0.732266307 -0.947786748 0.085447297 -0.307244301 -3.873107910
-0.310436487 0.021975044 0.950340092 173.668121338 0.089848593 0.995935380 0.006320430 -0.730129480 -0.946338415 0.087348811 -0.311149120 -4.562881470
-0.313172668 0.022275366 0.949434936 175.769149780 0.092018954 0.995732844 0.006991009 -0.732734442 -0.945227683 0.089555413 -0.313885987 -5.262126923
-0.315595448 0.021838794 0.948642492 177.845336914 0.093030438 0.995631039 0.008028959 -0.734338641 -0.944322348 0.090786546 -0.316248268 -5.952384949
-0.318228841 0.021623125 0.947767317 179.944381714 0.092797130 0.995649159 0.008442656 -0.729502320 -0.943461239 0.090636775 -0.318850875 -6.655899048
-0.321044236 0.022219185 0.946803510 182.062820435 0.092027843 0.995725572 0.007837741 -0.727293968 -0.942582369 0.089648560 -0.321716726 -7.363887787
-0.323686421 0.024016149 0.945859551 184.165985107 0.091142535 0.995820343 0.005905561 -0.727350116 -0.941764355 0.088119566 -0.324522495 -8.081020355
-0.326847941 0.025924349 0.944721282 186.289627075 0.090811342 0.995859742 0.004090616 -0.730046093 -0.940703750 0.087128408 -0.327849030 -8.811061859
-0.329882860 0.027028305 0.943634868 188.424316406 0.090212934 0.995917857 0.003011473 -0.739430428 -0.939701438 0.086121514 -0.330974519 -9.553050995
-0.333733439 0.027750125 0.942258954 190.592163086 0.088196844 0.996101260 0.001902135 -0.746891618 -0.938532531 0.083739087 -0.334879786 -10.300140381
-0.336933911 0.028077461 0.941109538 192.726531982 0.088976711 0.996031344 0.002139219 -0.758113503 -0.937314630 0.084457599 -0.338094980 -11.071811676
-0.340964854 0.027044078 0.939686954 194.900695801 0.088457249 0.996074200 0.003429767 -0.767122746 -0.935905039 0.084291540 -0.342018515 -11.843364716
-0.344260454 0.026386779 0.938503325 197.058715820 0.088476680 0.996068239 0.004449628 -0.776896298 -0.934696019 0.084567480 -0.345241606 -12.636924744
-0.347890288 0.026482100 0.937161148 199.218490601 0.088419147 0.996072531 0.004675907 -0.777040064 -0.933356524 0.084489703 -0.348865420 -13.437057495
-0.351401389 0.026984269 0.935835958 201.372253418 0.087826259 0.996126711 0.004255578 -0.782694936 -0.932096362 0.083686404 -0.352410227 -14.237243652
-0.355223686 0.027502099 0.934376657 203.535003662 0.087092355 0.996193051 0.003788474 -0.796756446 -0.930715501 0.082722813 -0.356266558 -15.053241730
-0.358713061 0.027812937 0.933033407 205.716323853 0.086364992 0.996257305 0.003506214 -0.805409074 -0.929443896 0.081839137 -0.359772682 -15.875076294
-0.361672461 0.028546790 0.931868076 207.822753906 0.087968066 0.996116698 0.003626793 -0.826955855 -0.928145826 0.083286360 -0.362779111 -16.684375763
-0.364053816 0.028443651 0.930943489 209.965362549 0.089220859 0.996001899 0.004459196 -0.841481447 -0.927094638 0.084682949 -0.365136057 -17.523723602
-0.367271304 0.027834341 0.929697275 212.152755737 0.090425789 0.995885611 0.005906200 -0.849816084 -0.925707817 0.086237773 -0.368277252 -18.383438110
-0.369872212 0.028907377 0.928632796 214.335464478 0.091655433 0.995775461 0.005508695 -0.854777694 -0.924550593 0.087151758 -0.370959282 -19.251346588
-0.373003006 0.029984698 0.927345514 216.527282715 0.091935165 0.995753527 0.004782174 -0.863783896 -0.923264146 0.087039426 -0.374175638 -20.124153137
-0.375694126 0.030217063 0.926250875 218.706420898 0.091535002 0.995790958 0.004641590 -0.875529408 -0.922212064 0.086528182 -0.376878768 -20.999500275
-0.378629595 0.031805500 0.925001621 220.878967285 0.091489054 0.995800912 0.003209194 -0.889091730 -0.921015382 0.085842624 -0.379949540 -21.883682251
-0.381359488 0.032838833 0.923843265 223.045288086 0.091458209 0.995806038 0.002356836 -0.905341148 -0.919891477 0.085391849 -0.382763535 -22.780570984
-0.384062290 0.032836583 0.922723234 225.216049194 0.089074373 0.996023655 0.001630061 -0.922023892 -0.919000506 0.082817025 -0.385460079 -23.669860840
-0.387338281 0.033735711 0.921320200 227.386566162 0.089981034 0.995942473 0.001361379 -0.939635038 -0.917536080 0.083428651 -0.388802260 -24.571014404
-0.390131027 0.033490937 0.920150220 229.541198730 0.091627486 0.995789945 0.002604772 -0.961267948 -0.916188955 0.085327245 -0.391557246 -25.480934143
-0.393111557 0.032698736 0.918909192 231.712936401 0.091796085 0.995770454 0.003836796 -0.975470304 -0.914897144 0.085860558 -0.394450486 -26.397487640
-0.396825016 0.032069393 0.917333782 233.855102539 0.090463668 0.995890319 0.004317548 -0.988722086 -0.913425505 0.084698677 -0.398095369 -27.305614471
-0.400067925 0.032431100 0.915911615 235.998107910 0.089154549 0.996011019 0.003675198 -1.004684687 -0.912138760 0.083128020 -0.401363581 -28.230953217
-0.403945744 0.031859659 0.914228022 238.185211182 0.087440945 0.996161997 0.003920259 -1.015950203 -0.910594285 0.081524536 -0.405181170 -29.177223206
-0.407914221 0.031146728 0.912488759 240.350128174 0.086509474 0.996240020 0.004667276 -1.032738328 -0.908912599 0.080842763 -0.409075022 -30.122665405
-0.411610663 0.031361878 0.910820007 242.504180908 0.086113758 0.996274769 0.004611566 -1.047673583 -0.907282233 0.080332331 -0.412777930 -31.089843750
-0.415527046 0.031161599 0.909046948 244.656661987 0.085631862 0.996314287 0.004989383 -1.060777903 -0.905541122 0.079916574 -0.416663855 -32.059204102
-0.420047313 0.030363251 0.906994104 246.824462891 0.084158242 0.996436477 0.005617898 -1.073823690 -0.903591514 0.078690819 -0.421105802 -33.032981873
-0.424499005 0.030398201 0.904918015 248.952621460 0.083339356 0.996505380 0.005619847 -1.081690431 -0.901584804 0.077800907 -0.425548851 -34.009666443
-0.428337991 0.031278495 0.903077066 251.106994629 0.083598793 0.996486247 0.005137931 -1.097659469 -0.899743199 0.077696934 -0.429447770 -35.013977051
-0.432213247 0.031175088 0.901232421 253.207702637 0.083429366 0.996498287 0.005540587 -1.120023966 -0.897903800 0.077583976 -0.433300644 -35.998718262
-0.435899168 0.031332742 0.899449885 255.346862793 0.083390936 0.996500611 0.005700079 -1.128118873 -0.896123827 0.077490613 -0.436986625 -37.022048950
-0.439966649 0.031929933 0.897446275 257.469665527 0.082449026 0.996582925 0.004962969 -1.137754440 -0.894221127 0.076177135 -0.441095829 -38.040786743
-0.443871826 0.032074921 0.895516038 259.594024658 0.082430057 0.996583402 0.005162434 -1.148469687 -0.892290890 0.076108888 -0.444999278 -39.087165833
-0.447131604 0.033228841 0.893850684 261.707763672 0.082982175 0.996541023 0.004463898 -1.138553023 -0.890610635 0.076169647 -0.448342353 -40.141036987
-0.450175822 0.034639586 0.892267764 263.817077637 0.084639579 0.996403515 0.004020872 -1.145917535 -0.888919473 0.077331290 -0.451488644 -41.204460144
-0.453565419 0.036603961 0.890470982 265.937988281 0.086906202 0.996210992 0.003315505 -1.160043001 -0.886975646 0.078891240 -0.455027908 -42.286575317
-0.456535548 0.037699722 0.888906002 268.068786621 0.088698126 0.996052980 0.003310713 -1.172839284 -0.885272801 0.080355741 -0.458077490 -43.378158569
-0.459194869 0.039921500 0.887438059 270.189117432 0.090596870 0.995885491 0.002078295 -1.178493977 -0.883703709 0.081353441 -0.460922241 -44.480377197
-0.462099582 0.042220213 0.885822475 272.295074463 0.093082681 0.995657802 0.001102462 -1.212492108 -0.881929457 0.082964174 -0.464022994 -45.544242859
-0.465621918 0.042740379 0.883951068 274.442565918 0.093570866 0.995611966 0.001149184 -1.223075867 -0.880023062 0.083247155 -0.467578053 -46.641639709
-0.468945712 0.043541964 0.882153034 276.604248047 0.093520403 0.995617211 0.000572307 -1.235544801 -0.878261864 0.082767680 -0.470962465 -47.764862061
-0.472634643 0.043520637 0.880183220 278.765563965 0.092493668 0.995713174 0.000433598 -1.243503451 -0.876391113 0.081616305 -0.474633932 -48.910934448
-0.476382464 0.044749245 0.878098667 280.938476562 0.093394399 0.995629191 -0.000070835 -1.259231448 -0.874263823 0.081975751 -0.478479624 -50.064193726
-0.479159147 0.044744320 0.876586854 283.082366943 0.092609353 0.995702505 -0.000202397 -1.274103045 -0.872828722 0.081083164 -0.481243700 -51.236694336
-0.481525689 0.044673022 0.875292718 285.214782715 0.091298200 0.995823562 -0.000598661 -1.286188483 -0.871663690 0.079624385 -0.483593166 -52.408859253
-0.484145880 0.045862529 0.873784542 287.374877930 0.093166649 0.995650351 -0.000637213 -1.292203903 -0.870013058 0.081099086 -0.486312836 -53.602462769
-0.486625463 0.045303646 0.872435331 289.556488037 0.094047889 0.995567381 0.000760245 -1.309772253 -0.868533611 0.082420647 -0.488729209 -54.788940430
-0.488709450 0.045253273 0.871272206 291.679229736 0.095099658 0.995466411 0.001638970 -1.329189539 -0.867247939 0.083658673 -0.490797371 -55.947715759
-0.490132868 0.045031980 0.870483696 293.831939697 0.095459983 0.995430648 0.002253768 -1.343057871 -0.866404712 0.084201008 -0.492192060 -57.162551880
-0.492416441 0.044404920 0.869226158 296.041137695 0.094673082 0.995504558 0.002776366 -1.340804338 -0.865195394 0.083659455 -0.494406790 -58.394157410
-0.494933605 0.045609195 0.867733002 298.257781982 0.096731842 0.995306373 0.002858848 -1.334215283 -0.863529742 0.085352361 -0.497022450 -59.653823853
-0.497409284 0.044997815 0.866348207 300.456481934 0.096630134 0.995313168 0.003783486 -1.342627525 -0.862117529 0.085597299 -0.499426156 -60.901802063
-0.499430299 0.045824405 0.865141332 302.667266846 0.096584290 0.995320201 0.003036690 -1.355358362 -0.860953450 0.085075676 -0.501518965 -62.170349121
-0.501803875 0.048599381 0.863615096 304.868774414 0.096148752 0.995366991 -0.000146376 -1.350722909 -0.859621048 0.082962044 -0.504151762 -63.444587708
-0.505239010 0.047586493 0.861666441 307.084930420 0.094196841 0.995553553 0.000251848 -1.366799593 -0.857823133 0.081293501 -0.507475019 -64.731147766
-0.509630322 0.045438129 0.859192729 309.276977539 0.091845319 0.995771646 0.001817000 -1.382051468 -0.855477333 0.079838842 -0.511648834 -66.006126404
-0.515033901 0.042812794 0.856099963 311.498840332 0.089138962 0.996012032 0.003816776 -1.391932249 -0.852522314 0.078277640 -0.516796172 -67.304031372
-0.519935250 0.041443430 0.853199661 313.723999023 0.087792814 0.996125638 0.005114544 -1.391756535 -0.849682033 0.077564038 -0.521559358 -68.633789062
-0.524803936 0.041877829 0.850192368 315.983825684 0.088320158 0.996077120 0.005454326 -1.389432073 -0.846628845 0.077951580 -0.526443899 -69.996543884
-0.528879166 0.043960948 0.847557783 318.217590332 0.091433048 0.995796561 0.005404797 -1.393368125 -0.843757570 0.080353275 -0.530675471 -71.384979248
-0.532800972 0.044788744 0.845054448 320.464355469 0.092381567 0.995708644 0.005472378 -1.395622253 -0.841182947 0.080983154 -0.534652114 -72.799270630
-0.536943376 0.044749837 0.842430532 322.698913574 0.093269043 0.995619357 0.006560051 -1.407756329 -0.838446558 0.082095049 -0.538765013 -74.211601257
-0.540783525 0.043614507 0.840030313 324.909973145 0.093795992 0.995553493 0.008693445 -1.411260366 -0.835915864 0.083492741 -0.542469859 -75.647132874
-0.544757903 0.041808687 0.837550521 327.133758545 0.091442630 0.995762348 0.009769653 -1.397411585 -0.833592892 0.081909925 -0.546272516 -77.090469360
-0.548887372 0.041149359 0.834882796 329.335571289 0.090346836 0.995856941 0.010314455 -1.399818897 -0.830999434 0.081090517 -0.550330937 -78.513992310
-0.552785218 0.041056503 0.832311869 331.535034180 0.090295151 0.995855987 0.010846247 -1.395935774 -0.828417301 0.081149347 -0.554201722 -79.962440491
-0.556646705 0.041033238 0.829735339 333.741973877 0.091119610 0.995768964 0.011885469 -1.389822483 -0.825737059 0.082221165 -0.558030486 -81.426330566
-0.561087787 0.040166553 0.826781154 335.950805664 0.091033332 0.995757639 0.013403245 -1.380055904 -0.822735250 0.082785048 -0.562363982 -82.900329590
-0.564460337 0.038968842 0.824539781 338.161193848 0.089227587 0.995912671 0.014014943 -1.369301319 -0.820623398 0.081482582 -0.565630376 -84.399398804
-0.567652404 0.038071118 0.822387576 340.363830566 0.089030296 0.995910645 0.015349013 -1.354960918 -0.818440199 0.081930332 -0.568720520 -85.912185669
-0.570044994 0.037731279 0.820746660 342.540771484 0.090041950 0.995796919 0.016759450 -1.342930317 -0.816664636 0.083455265 -0.571046472 -87.418388367
-0.572993338 0.037063539 0.818721414 344.748291016 0.087693334 0.996014416 0.016283778 -1.323991776 -0.814854920 0.081126928 -0.573959768 -88.954116821
-0.575753868 0.036619272 0.816802621 346.905639648 0.084090814 0.996351182 0.014605687 -1.302273750 -0.813287139 0.077094875 -0.576732337 -90.452850342
-0.579265952 0.035803057 0.814351916 349.063720703 0.080647349 0.996650636 0.013548343 -1.288388729 -0.811139286 0.073523402 -0.580213130 -91.946235657
-0.581850648 0.032982055 0.812626600 351.238403320 0.078410268 0.996797740 0.015685709 -1.279261589 -0.809507072 0.072844997 -0.582573533 -93.496414185
-0.585295558 0.032348339 0.810174525 353.408111572 0.079439670 0.996684372 0.017594477 -1.267531872 -0.806919158 0.074657962 -0.585924685 -95.036926270
-0.588017583 0.032864962 0.808180153 355.568145752 0.079034977 0.996727467 0.016972139 -1.245111942 -0.804977477 0.073854424 -0.588690698 -96.594154358
-0.591277719 0.031798031 0.805840731 357.748382568 0.076988630 0.996884406 0.017153136 -1.226545811 -0.802784741 0.072182842 -0.591883600 -98.164794922
-0.594967246 0.027741617 0.803271055 359.924011230 0.074369229 0.997016847 0.020651048 -1.212240696 -0.800301909 0.072025344 -0.595255554 -99.733978271
-0.598097444 0.025644947 0.801012933 362.104370117 0.072065048 0.997159779 0.021884549 -1.181422710 -0.798176706 0.070814125 -0.598246872 -101.331199646
-0.601452947 0.024557712 0.798530698 364.290802002 0.070420906 0.997266471 0.022371426 -1.148163319 -0.795798481 0.069688603 -0.601538241 -102.938133240
-0.604412496 0.024553871 0.796293020 366.448303223 0.069804184 0.997312963 0.022231290 -1.118419647 -0.793607533 0.069021448 -0.604502380 -104.536888123
-0.606564701 0.024476012 0.794657290 368.657653809 0.070360705 0.997256637 0.022990353 -1.093313217 -0.791914523 0.069857784 -0.606622875 -106.207801819
-0.609410405 0.023517188 0.792506099 370.805419922 0.069714375 0.997277915 0.024014320 -1.066294670 -0.789784074 0.069883645 -0.609390974 -107.833862305
-0.612221062 0.022019945 0.790379941 372.960784912 0.066586614 0.997497082 0.023787178 -1.038391113 -0.787877798 0.067191742 -0.612155020 -109.471015930
-0.615320742 0.018520629 0.788059115 375.114990234 0.056626797 0.998179615 0.020755701 -1.010106087 -0.786240280 0.057396673 -0.615249395 -111.112899780
-0.618943691 0.020964699 0.785155475 377.265319824 0.049037185 0.998724997 0.011989082 -0.998628616 -0.783903062 0.045922387 -0.619182587 -112.752655029
-0.621425390 0.031139264 0.782854259 379.393554688 0.059031229 0.998230517 0.007152470 -0.997781277 -0.781246305 0.050657578 -0.622164011 -114.426872253
-0.622424126 0.032172143 0.782018661 381.512695312 0.066431850 0.997720778 0.011828313 -1.001672268 -0.779855788 0.059313171 -0.623142779 -116.101058960
-0.624516547 0.023170052 0.780667782 383.636749268 0.065721132 0.997573674 0.022967637 -0.980419159 -0.778241456 0.065650024 -0.624524057 -117.785552979
-0.628262103 0.012213454 0.777905881 385.780090332 0.059023801 0.997743368 0.032004561 -0.930471420 -0.775759578 0.066022210 -0.627565265 -119.462669373
-0.631864786 0.006118177 0.775054514 387.889709473 0.053034689 0.997966468 0.035358820 -0.870924950 -0.773262084 0.063446760 -0.630904317 -121.132743835
-0.634302020 0.006325408 0.773059547 389.968017578 0.052091714 0.998043597 0.034575395 -0.802590370 -0.771328390 0.062201224 -0.633390486 -122.813842773
-0.637764573 0.010838745 0.770155072 392.054809570 0.057301812 0.997797728 0.033409104 -0.761031151 -0.768096924 0.065438427 -0.636981130 -124.493637085
-0.639460742 0.017589077 0.768622458 394.086639404 0.062192410 0.997645319 0.028911391 -0.708929062 -0.766304135 0.066290185 -0.639048874 -126.179183960
-0.642795086 0.020143539 0.765773237 396.160888672 0.062805258 0.997674584 0.026475487 -0.675035477 -0.763459206 0.065112896 -0.642565429 -127.865119934
-0.646264851 0.020166377 0.762846708 398.248046875 0.062716618 0.997672558 0.026757795 -0.631704330 -0.760531723 0.065135784 -0.646025479 -129.596282959
-0.648986638 0.019781733 0.760542572 400.298706055 0.064133972 0.997526169 0.028781179 -0.594102859 -0.758091688 0.067455217 -0.648649871 -131.335281372
-0.651178300 0.019209174 0.758681655 402.348388672 0.064786956 0.997437418 0.030352544 -0.541626930 -0.756154358 0.068917602 -0.650754094 -133.086074829
-0.653151631 0.019711738 0.756970584 404.399200439 0.065366872 0.997397244 0.030429244 -0.490863800 -0.754400551 0.069355711 -0.652740121 -134.827728271
-0.654214084 0.019422410 0.756060183 406.442565918 0.065480709 0.997370958 0.031038586 -0.444025993 -0.753469586 0.069813222 -0.653765798 -136.586181641
-0.656023443 0.020353882 0.754465997 408.493865967 0.066244133 0.997331321 0.030694742 -0.395442963 -0.751827717 0.070115425 -0.655620992 -138.320800781
-0.657441854 0.019314362 0.753257692 410.515625000 0.067013688 0.997208834 0.032919865 -0.341282845 -0.750519335 0.072121464 -0.656901121 -140.065582275
-0.658594429 0.019003423 0.752258062 412.561981201 0.069022864 0.996992350 0.035242982 -0.284320831 -0.749325812 0.075133853 -0.657925308 -141.839172363
-0.660166383 0.018574350 0.750889659 414.599639893 0.070398256 0.996823788 0.037234794 -0.220598221 -0.747812986 0.077442490 -0.659377158 -143.605529785
-0.661702216 0.018861916 0.749529421 416.614685059 0.069156699 0.996957302 0.035964713 -0.154382706 -0.746570468 0.075632915 -0.660993338 -145.363861084
-0.663320065 0.018605201 0.748104513 418.620788574 0.065118499 0.997333825 0.032934986 -0.096450806 -0.745497227 0.070561871 -0.662763119 -147.115493774
-0.664820135 0.018131826 0.746783376 420.622131348 0.062336288 0.997565031 0.031273797 -0.039940834 -0.744397998 0.067343161 -0.664331675 -148.871139526
-0.665922403 0.017235888 0.745821893 422.622558594 0.061594788 0.997589946 0.031941950 0.012252808 -0.743473887 0.067209601 -0.665379286 -150.629547119
-0.667273343 0.015866591 0.744643867 424.574951172 0.059252229 0.997735262 0.031836394 0.066399574 -0.742452323 0.065365382 -0.666702271 -152.371261597
-0.668381691 0.014616214 0.743674755 426.578582764 0.056195635 0.997941732 0.030892549 0.118341446 -0.741692483 0.062439296 -0.667827427 -154.140197754
-0.668890536 0.013769165 0.743233323 428.570465088 0.055017229 0.998003244 0.031025022 0.170640945 -0.741321981 0.061642986 -0.668312490 -155.916366577
-0.669759393 0.013005951 0.742464244 430.549072266 0.056367062 0.997852385 0.033367734 0.225079536 -0.740435719 0.064198881 -0.669054091 -157.674407959
-0.669395566 0.011932098 0.742810369 432.523895264 0.058964331 0.997569978 0.037112232 0.286566734 -0.740562499 0.068642080 -0.668472469 -159.445251465
-0.668462574 0.011003098 0.743664324 434.505981445 0.063539110 0.997079909 0.042361248 0.361122131 -0.741026700 0.075568683 -0.667209625 -161.218994141
-0.666903853 0.009961916 0.745077074 436.496520996 0.066712588 0.996693373 0.046387032 0.445987701 -0.742151380 0.080641717 -0.665363371 -162.987365723
-0.665183425 0.007395247 0.746643484 438.483947754 0.060789399 0.997167945 0.044280566 0.534996033 -0.744201362 0.074842684 -0.663749039 -164.735076904
-0.664612114 0.006343468 0.747161627 440.481933594 0.053393696 0.997810900 0.039023042 0.613649368 -0.745278358 0.065828912 -0.663495839 -166.473495483
-0.662565172 0.004007680 0.748993635 442.484497070 0.048514739 0.998115480 0.037575815 0.681457520 -0.747431517 0.061233655 -0.661510944 -168.232940674
-0.659778655 0.003997645 0.751449466 444.487792969 0.047173735 0.998233855 0.036108382 0.746622086 -0.749978006 0.059272215 -0.658801913 -169.992462158
-0.656724274 0.005098919 0.754113495 446.489807129 0.049313713 0.998127162 0.036196332 0.816343307 -0.752516568 0.060959157 -0.655745924 -171.735412598
-0.653893948 0.004839554 0.756570756 448.483642578 0.049896687 0.998078525 0.036740623 0.882289886 -0.754939079 0.061774846 -0.652878881 -173.445388794
-0.651379764 0.006063687 0.758727670 450.480010986 0.047710538 0.998316526 0.032981794 0.946206093 -0.757250369 0.057682976 -0.650572479 -175.142242432
-0.649561107 0.000993618 0.760308743 452.506835938 0.041019332 0.998588562 0.033739373 1.003161430 -0.759202063 0.053103119 -0.648685038 -176.857147217
-0.649240434 -0.005605389 0.760562599 454.537353516 0.032047469 0.998883188 0.034718566 1.055507660 -0.759907782 0.046914801 -0.648335695 -178.538650513
-0.648803294 -0.009190422 0.760900736 456.569824219 0.024884887 0.999135971 0.033286709 1.111565590 -0.760549366 0.040531442 -0.648013949 -180.227050781
-0.648211837 -0.009425005 0.761401713 458.599365234 0.023067748 0.999221325 0.032007355 1.171196938 -0.761110544 0.038311381 -0.647489727 -181.927093506
-0.647174060 -0.009562880 0.762282312 460.627532959 0.024836486 0.999125957 0.033620164 1.226052284 -0.761937618 0.040690508 -0.646370947 -183.626617432
-0.646018207 -0.010641030 0.763247728 462.663208008 0.026491763 0.998987913 0.036350474 1.282655716 -0.762862206 0.043702848 -0.645082593 -185.311553955
-0.645107687 -0.012944608 0.763981998 464.665771484 0.024913548 0.998968542 0.037963174 1.350749969 -0.763685405 0.043523833 -0.644119799 -186.970947266
-0.644337237 -0.012996186 0.764630914 466.712829590 0.022895768 0.999079525 0.036274772 1.419754028 -0.764398694 0.040880006 -0.643446505 -188.656860352
-0.643061101 -0.011877500 0.765722752 468.742401123 0.022230048 0.999168992 0.034167591 1.486083984 -0.765492141 0.038993903 -0.642262638 -190.338195801
-0.641818643 -0.010858940 0.766779602 470.776947021 0.022325318 0.999211252 0.032837577 1.538934708 -0.766531408 0.038194366 -0.641070008 -192.028289795
-0.641096890 -0.010180965 0.767392397 472.791076660 0.024727691 0.999118745 0.033913333 1.593182564 -0.767061472 0.040717568 -0.640280247 -193.685180664
