1.000000000 0.000000000 0.000000000 0.000000000 0.000000000 1.000000000 0.000000000 0.000000000 0.000000000 0.000000000 1.000000000 0.000000000
0.999044895 -0.000234652 0.043694433 0.053985879 0.000330800 0.999997497 -0.002193245 -0.022567168 -0.043693803 0.002205604 0.999042511 1.044342995
0.996016502 -0.004334046 0.089063883 0.132791251 0.004987972 0.999962151 -0.007120959 -0.041755106 -0.089029655 0.007536841 0.996000469 2.053764820
0.990855813 -0.003795823 0.134871602 0.264878929 0.005372402 0.999921381 -0.011327446 -0.062216539 -0.134818003 0.011948449 0.990798354 3.063454151
0.983488023 -0.000819052 0.180971041 0.443891913 0.003282106 0.999906003 -0.013311169 -0.098957323 -0.180943117 0.013685344 0.983398318 4.090777874
0.973987162 -0.003506568 0.226576164 0.684284210 0.006666543 0.999890864 -0.013182951 -0.131236568 -0.226505190 0.014350505 0.973904252 5.088613987
0.962295175 -0.004044240 0.271977276 0.956169605 0.008314704 0.999859571 -0.014550943 -0.158411339 -0.271880239 0.016263714 0.962193668 6.097823620
0.948747754 -0.006694126 0.315963447 1.283219337 0.012751421 0.999772310 -0.017107293 -0.193445414 -0.315777004 0.020259487 0.948617101 7.075473309
0.933589578 -0.008328729 0.358247608 1.656677008 0.016229231 0.999686897 -0.019051958 -0.223295048 -0.357976794 0.023600793 0.933432162 8.029156685
0.916339338 -0.008530557 0.400311530 2.069990396 0.017932175 0.999644220 -0.019745708 -0.259211361 -0.400000691 0.025272228 0.916166365 8.955989838
0.896709263 -0.008802254 0.442532718 2.515183926 0.018799137 0.999657512 -0.018209092 -0.295065969 -0.442220867 0.024647499 0.896567464 9.861079216
0.874996603 -0.008764317 0.484049708 3.008748055 0.019651776 0.999655068 -0.017423712 -0.333670765 -0.483730018 0.024758128 0.874867022 10.742835999
0.851017714 -0.008867078 0.525062144 3.541693926 0.020348661 0.999663293 -0.016099006 -0.371772677 -0.524742603 0.024384847 0.850911677 11.613074303
0.825700998 -0.009703575 0.564024508 4.124950409 0.022718403 0.999612808 -0.016060989 -0.410087228 -0.563650250 0.026075309 0.825601876 12.439284325
0.798396170 -0.011578190 0.602021158 4.729593754 0.026192348 0.999536514 -0.015512822 -0.444172412 -0.601562560 0.028153723 0.798329473 13.236207962
0.769537926 -0.010177198 0.638519943 5.382431030 0.026414730 0.999524534 -0.015903616 -0.480754822 -0.638054430 0.029104769 0.769440889 14.031813622
0.739000142 -0.013351667 0.673572838 6.060899734 0.031207522 0.999408782 -0.014428420 -0.514138281 -0.672981918 0.031683154 0.738979936 14.766693115
0.707085371 -0.012632709 0.707015395 6.792766094 0.031693589 0.999401927 -0.013839749 -0.543706238 -0.706417680 0.032193735 0.707062721 15.490715981
0.672864497 -0.011325354 0.739679039 7.541484833 0.032652047 0.999363124 -0.014401197 -0.578457832 -0.739044785 0.033842083 0.672805727 16.175352097
0.637429118 -0.012540479 0.770406961 8.322864532 0.037181057 0.999203384 -0.014498573 -0.604929030 -0.769611478 0.037886359 0.637387514 16.815765381
0.600639880 -0.010790591 0.799446762 9.147753716 0.037407875 0.999193132 -0.014618590 -0.634213686 -0.798644066 0.038686123 0.600559056 17.439622879
0.562721491 -0.009622616 0.826590478 9.968848228 0.040335871 0.999060810 -0.015829228 -0.664542377 -0.825661838 0.042248696 0.562581241 17.993902206
0.523712218 -0.008051598 0.851857185 10.817423820 0.045050312 0.998817861 -0.018255783 -0.691585302 -0.850703239 0.047937211 0.523455858 18.516006470
0.484908313 -0.006820431 0.874538362 11.684471130 0.046398558 0.998761952 -0.017937541 -0.712156057 -0.873333275 0.049275391 0.484624535 18.996671677
0.446394831 -0.008863487 0.894792199 12.584794044 0.051505789 0.998547554 -0.015804011 -0.745272636 -0.893352568 0.053141810 0.446203023 19.430015564
0.409467071 -0.009316422 0.912277341 13.513775826 0.055228028 0.998367131 -0.014592984 -0.769281328 -0.910651743 0.056358624 0.409312993 19.835855484
0.374348432 -0.006997989 0.927261710 14.445444107 0.056912988 0.998259842 -0.015442758 -0.796552002 -0.925539851 0.058554206 0.374095261 20.203052521
0.340963006 -0.007851492 0.940043926 15.397678375 0.057480119 0.998268187 -0.012510799 -0.817791104 -0.938317776 0.058299553 0.340823859 20.547655106
0.307560027 -0.009402055 0.951482236 16.393495560 0.059792776 0.998165965 -0.009464240 -0.841781497 -0.949648082 0.059802581 0.307558149 20.863725662
0.274960339 -0.009200442 0.961411476 17.387113571 0.060239039 0.998154461 -0.007676098 -0.859123051 -0.959566534 0.060025133 0.275007129 21.145339966
0.242800310 -0.006404332 0.970055163 18.379398346 0.057542201 0.998312533 -0.007811655 -0.880260468 -0.968368173 0.057715774 0.242759109 21.394577026
0.211815938 -0.004724324 0.977298141 19.412866592 0.057600636 0.998310328 -0.007658251 -0.891886294 -0.975610673 0.057915144 0.211730197 21.623291016
0.181483909 -0.004479579 0.983383715 20.446786880 0.059454579 0.998210311 -0.006425254 -0.909977674 -0.981594920 0.059632748 0.181425452 21.809749603
0.150822759 -0.004941321 0.988548398 21.504234314 0.061056823 0.998124897 -0.004326244 -0.927905381 -0.986673474 0.061010133 0.150841638 21.975040436
0.120471321 -0.005414216 0.992702067 22.602243423 0.059587002 0.998221517 -0.001786979 -0.934826732 -0.990926862 0.059367418 0.120579675 22.103116989
0.091362648 -0.005860876 0.995800436 23.686742783 0.060102906 0.998192132 0.000360634 -0.947822750 -0.994002283 0.059817560 0.091549732 22.193923950
0.064666174 -0.005457261 0.997892022 24.807577133 0.063106909 0.998005807 0.001368380 -0.947886109 -0.995909452 0.062885396 0.064881615 22.251470566
0.039652400 -0.004971439 0.999201179 25.930112839 0.067101456 0.997743428 0.002301326 -0.953407288 -0.996957898 0.066956595 0.039896511 22.282928467
0.016884608 -0.004392548 0.999847710 27.117460251 0.071415238 0.997441590 0.003175975 -0.953883171 -0.997303665 0.071350753 0.017155103 22.301250458
-0.003293444 -0.004430958 0.999984682 28.272375107 0.076993540 0.997020662 0.004671402 -0.952048004 -0.997026145 0.077007733 -0.002942476 22.293197632
-0.020591205 -0.005167517 0.999774635 29.463768005 0.081463344 0.996652961 0.006829190 -0.951074839 -0.996463597 0.081585601 -0.020101322 22.252481461
-0.036139634 -0.004734322 0.999335527 30.675741196 0.084571876 0.996387005 0.007778782 -0.947906554 -0.995761693 0.084796801 -0.035608675 22.197847366
-0.050181124 -0.005357367 0.998725772 31.883134842 0.087027662 0.996158481 0.009716311 -0.943635404 -0.994941235 0.087404363 -0.049522106 22.136993408
-0.062991075 -0.006420330 0.997993350 33.093307495 0.087362580 0.996105254 0.011922307 -0.940151572 -0.994183004 0.087938279 -0.062184833 22.035894394
-0.074703105 -0.006074006 0.997187316 34.295070648 0.086976878 0.996130884 0.012583341 -0.931593776 -0.993405402 0.087672248 -0.073885761 21.943590164
-0.086187452 -0.003463582 0.996272922 35.517494202 0.086672343 0.996176481 0.010961262 -0.929609895 -0.992501616 0.087294020 -0.085557714 21.848346710
-0.096328996 -0.000072008 0.995349467 36.756923676 0.086990841 0.996172905 0.008490959 -0.918988347 -0.991540909 0.087404236 -0.095954068 21.728506088
-0.105426028 0.002554042 0.994423866 38.012207031 0.088503808 0.996052384 0.006824699 -0.914208770 -0.990480900 0.088729791 -0.105235897 21.601062775
-0.113498397 0.003615736 0.993531585 39.316143036 0.088228591 0.996079266 0.006453992 -0.907278657 -0.989612997 0.088390402 -0.113372438 21.472181320
-0.118802540 0.003976012 0.992909908 40.633617401 0.087852441 0.996112168 0.006522785 -0.904590130 -0.989023685 0.088004470 -0.118689969 21.306440353
-0.124248222 0.005584708 0.992235422 41.958477020 0.089053839 0.996011376 0.005545403 -0.899756610 -0.988246858 0.089051366 -0.124249972 21.151948929
-0.128843129 0.007319451 0.991637945 43.314861298 0.087926045 0.996118665 0.004071674 -0.892744541 -0.987759292 0.087715439 -0.128986597 20.983909607
-0.133551925 0.008049005 0.991009116 44.692760468 0.088493899 0.996069252 0.003835653 -0.889424324 -0.987082839 0.088210523 -0.133739293 20.815599442
-0.136990726 0.007099096 0.990546823 46.079540253 0.087846413 0.996121407 0.005009942 -0.884350359 -0.986669362 0.087702319 -0.137083024 20.643962860
-0.140205100 0.004967956 0.990110159 47.528350830 0.088311873 0.996064603 0.007507621 -0.888555527 -0.986176133 0.088491075 -0.140092090 20.452930450
-0.142329261 0.003702185 0.989812493 48.961486816 0.088034466 0.996077418 0.008933226 -0.880226374 -0.985896647 0.088409074 -0.142096862 20.247707367
-0.145113647 0.005124719 0.989401639 50.409778595 0.090639167 0.995850563 0.008135751 -0.864884615 -0.985254586 0.090859137 -0.144976050 20.059762955
-0.146975502 0.004354698 0.989130557 51.850318909 0.090048663 0.995896757 0.008995902 -0.863152325 -0.985032618 0.090392068 -0.146764576 19.866273880
-0.146489933 0.006081612 0.989193380 53.299594879 0.092811368 0.995654523 0.007623128 -0.848068774 -0.984848559 0.092925116 -0.146417812 19.636543274
-0.146517575 0.006018233 0.989189744 54.784084320 0.092185371 0.995712876 0.007596467 -0.843850374 -0.984903276 0.092301860 -0.146444231 19.415302277
-0.146043926 0.007851384 0.989246964 56.292259216 0.091998860 0.995742917 0.005678980 -0.832819641 -0.984991074 0.091838971 -0.146144524 19.197223663
-0.145046785 0.007974368 0.989392638 57.832324982 0.092545770 0.995693028 0.005542233 -0.823781192 -0.985087216 0.092367999 -0.145160064 18.975065231
-0.144069776 0.006563513 0.989545763 59.402183533 0.092101648 0.995726287 0.006804741 -0.826903820 -0.985272050 0.092119150 -0.144058600 18.766647339
-0.142748401 0.007055142 0.989733875 60.986522675 0.092792988 0.995665610 0.006286021 -0.822144151 -0.985399604 0.092737667 -0.142784372 18.537193298
-0.141809791 0.007634343 0.989864469 62.583049774 0.092429787 0.995703816 0.005562283 -0.817778409 -0.985569239 0.092281759 -0.141906172 18.316999435
-0.140702739 0.008187642 0.990018010 64.203720093 0.093234658 0.995631576 0.005016574 -0.813692749 -0.985652089 0.093009852 -0.140851468 18.077268600
-0.139506668 0.007950784 0.990189195 65.794143677 0.093043201 0.995648921 0.005114135 -0.813464046 -0.985840142 0.092843838 -0.139639452 17.852382660
-0.138416931 0.006090155 0.990355313 67.442237854 0.094677113 0.995482564 0.007110855 -0.809702873 -0.985838234 0.094748251 -0.138368264 17.620313644
-0.138049379 0.004410093 0.990415514 69.133964539 0.097181730 0.995224833 0.009114194 -0.804431438 -0.985646009 0.097508483 -0.137818769 17.373853683
-0.137033314 0.005339876 0.990552068 70.824081421 0.098610863 0.995091498 0.008277515 -0.800958455 -0.985645831 0.098813482 -0.136887297 17.134901047
-0.136545986 0.007446714 0.990605772 72.510047913 0.100506142 0.994916022 0.006374741 -0.788625300 -0.985521972 0.100432418 -0.136600211 16.903295517
-0.135280520 0.006960266 0.990782976 74.213264465 0.099413596 0.995024443 0.006583771 -0.785966039 -0.985807300 0.099387944 -0.135299355 16.666120529
-0.135691702 0.006578040 0.990729272 75.956542969 0.099835649 0.994978845 0.007067378 -0.786632061 -0.985708177 0.099869095 -0.135667086 16.429275513
-0.135334328 0.005987771 0.990781903 77.683967590 0.099922627 0.994965911 0.007635720 -0.777283013 -0.985748410 0.100034900 -0.135251373 16.191898346
-0.135231555 0.006202334 0.990794599 79.408004761 0.101372279 0.994819403 0.007608571 -0.772960722 -0.985614598 0.101468019 -0.135159731 15.961781502
-0.134702608 0.006583555 0.990864217 81.175910950 0.102755889 0.994679391 0.007360202 -0.757000148 -0.985543728 0.102808572 -0.134662405 15.713489532
-0.134630904 0.007422992 0.990868032 82.933624268 0.103223257 0.994636416 0.006573890 -0.751466930 -0.985504687 0.103165649 -0.134675041 15.469888687
-0.135215253 0.008165640 0.990782619 84.741409302 0.102619335 0.994703710 0.005806833 -0.749780595 -0.985487759 0.102458626 -0.135337114 15.219671249
-0.136237070 0.008768679 0.990637422 86.534904480 0.101868957 0.994784236 0.005204110 -0.752188385 -0.985424876 0.101624198 -0.136419728 14.976239204
-0.137786731 0.009189703 0.990419269 88.333969116 0.100954242 0.994879425 0.004813627 -0.754274070 -0.985303521 0.100650281 -0.138008922 14.742009163
-0.138647318 0.008360440 0.990306556 90.148704529 0.099728063 0.994999170 0.005562315 -0.753892958 -0.985307693 0.099532567 -0.138787702 14.497557640
-0.139717162 0.008150304 0.990157902 91.981811523 0.099900290 0.994979858 0.005906526 -0.752006948 -0.985139132 0.099742301 -0.139829949 14.246430397
-0.140029266 0.007168591 0.990121365 93.839088440 0.097437643 0.995219886 0.006574746 -0.748862565 -0.985341430 0.097395755 -0.140058398 13.988554001
-0.142077848 0.007822133 0.989824593 95.667396545 0.097175114 0.995248735 0.006083368 -0.751428783 -0.985074043 0.097050644 -0.142162919 13.743480682
-0.144409075 0.008808946 0.989478886 97.540290833 0.096575126 0.995311916 0.005233743 -0.745333672 -0.984794021 0.096314862 -0.144582808 13.465322495
-0.148635313 0.009858132 0.988842905 99.412178040 0.096840188 0.995289147 0.004633880 -0.738959014 -0.984138966 0.096448496 -0.148889810 13.193763733
-0.153288484 0.008975879 0.988140643 101.299346924 0.094836332 0.995476723 0.005669276 -0.736905634 -0.983620226 0.094580680 -0.153446347 12.913268089
-0.157957673 0.008226620 0.987411618 103.193794250 0.093231700 0.995622396 0.006619384 -0.736238658 -0.983034611 0.093103647 -0.158033207 12.617175102
-0.162450939 0.008802112 0.986677289 105.102966309 0.092002891 0.995739043 0.006264814 -0.742160141 -0.982418001 0.091794901 -0.162568554 12.306562424
-0.166564718 0.010685186 0.985972643 107.010917664 0.092593648 0.995692074 0.004851735 -0.739888191 -0.981673360 0.092102937 -0.166836560 11.977306366
-0.171475679 0.012224601 0.985112488 108.945777893 0.092286088 0.995725632 0.003707667 -0.750322282 -0.980856419 0.091547936 -0.171870887 11.651233673
-0.175944597 0.012274449 0.984323561 110.887886047 0.091116950 0.995832622 0.003868889 -0.756756425 -0.980174065 0.090369292 -0.176329821 11.302291870
-0.180490524 0.012047262 0.983502924 112.827636719 0.089395188 0.995987296 0.004205439 -0.761008441 -0.979505777 0.088679455 -0.180843264 10.948796272
-0.185192391 0.011676685 0.982632875 114.792968750 0.087670043 0.996138513 0.004685604 -0.760447681 -0.978783846 0.087015219 -0.185500965 10.577140808
-0.190807402 0.010874851 0.981567204 116.719596863 0.086709745 0.996216595 0.005818403 -0.767435610 -0.977790356 0.086221635 -0.191028476 10.219231606
-0.195712611 0.010474622 0.980605304 118.694091797 0.087024413 0.996183455 0.006727608 -0.769982457 -0.976792395 0.086653285 -0.195877224 9.823479652
-0.201139331 0.011889274 0.979490459 120.643165588 0.087333776 0.996161997 0.005842444 -0.774308503 -0.975661695 0.086717747 -0.201405719 9.434495926
-0.206607163 0.012823563 0.978339851 122.602279663 0.086867280 0.996205866 0.005287013 -0.779081404 -0.974560142 0.086078063 -0.206937224 9.030631065
-0.212724298 0.013090083 0.977024555 124.616767883 0.087283060 0.996167421 0.005657289 -0.770012021 -0.973206043 0.086481132 -0.213051543 8.617539406
-0.218235746 0.012911851 0.975810647 126.602928162 0.086138815 0.996264577 0.006082071 -0.771302998 -0.972087085 0.085382514 -0.218532726 8.181789398
-0.223314300 0.013804816 0.974648833 128.590713501 0.085571319 0.996316910 0.005494627 -0.768357515 -0.970983148 0.084629007 -0.223673150 7.731555462
-0.228699520 0.014403622 0.973390460 130.592559814 0.084774971 0.996386707 0.005174099 -0.771897435 -0.969798803 0.083702467 -0.229094207 7.282050610
-0.233013004 0.013702273 0.972377002 132.569702148 0.085785590 0.996292293 0.006517725 -0.770635188 -0.968682468 0.084934652 -0.233324498 6.812356472
-0.236600071 0.013863791 0.971508145 134.571166992 0.088272713 0.996069729 0.007283553 -0.762865782 -0.967588902 0.087480970 -0.236893982 6.316662788
-0.240507200 0.014523459 0.970538676 136.599014282 0.089541852 0.995956361 0.007285368 -0.766038418 -0.966508448 0.088656023 -0.240835145 5.823977947
-0.243586272 0.015361663 0.969757557 138.605270386 0.090070978 0.995911777 0.006848306 -0.764785767 -0.965687811 0.089015178 -0.243974090 5.319251537
-0.247130081 0.015588518 0.968856931 140.645965576 0.089421757 0.995970726 0.006784386 -0.761831462 -0.964847445 0.088313513 -0.247528300 4.811612129
-0.250728279 0.015995800 0.967925370 142.656356812 0.088306755 0.996072650 0.006413743 -0.766802490 -0.964021385 0.087082468 -0.251156121 4.291015625
-0.255552560 0.016594175 0.966652811 144.682449341 0.087361492 0.996158540 0.005994936 -0.772818625 -0.962839961 0.085980244 -0.256020576 3.766081095
-0.259801030 0.015838314 0.965532303 146.706161499 0.085984483 0.996273458 0.006793728 -0.780824482 -0.961826444 0.084785804 -0.260194689 3.230841637
-0.264310151 0.016579034 0.964295149 148.738601685 0.086593255 0.996221781 0.006606977 -0.779823303 -0.960542440 0.085247725 -0.264747173 2.676589251
-0.269277066 0.016735004 0.962917328 150.789505005 0.085812561 0.996288896 0.006682253 -0.785968661 -0.959232032 0.084429786 -0.269713819 2.119899511
-0.274477184 0.016976491 0.961443782 152.843933105 0.085312277 0.996331334 0.006762808 -0.785555542 -0.957801700 0.083879173 -0.274918437 1.554505348
-0.279011220 0.016319780 0.960149169 154.889709473 0.085229285 0.996330500 0.007832141 -0.791936219 -0.956498146 0.084018074 -0.279378325 0.970786631
-0.283749640 0.016413894 0.958757877 156.947174072 0.085655764 0.996290267 0.008293844 -0.789119244 -0.955064952 0.084476523 -0.284102976 0.381624728
-0.288567573 0.017328428 0.957302690 159.036544800 0.086349316 0.996232748 0.007995863 -0.785798967 -0.953557849 0.084969774 -0.288976789 -0.220185965
-0.292049736 0.018346347 0.956227064 161.099136353 0.086696640 0.996207535 0.007365371 -0.785385370 -0.952465475 0.085052744 -0.292532712 -0.845727384
-0.295870483 0.019875774 0.955021262 163.156417847 0.086652800 0.996219814 0.006112287 -0.789967954 -0.951289654 0.084563710 -0.296474338 -1.471586227
-0.299565375 0.021386640 0.953835964 165.239151001 0.087603189 0.996141970 0.005177781 -0.792264223 -0.950045407 0.085110165 -0.300283134 -2.109824896
-0.303220868 0.021850256 0.952669740 167.326736450 0.086917065 0.996203899 0.004815690 -0.798135340 -0.948948145 0.084263496 -0.303968966 -2.763782263
-0.306948274 0.021806696 0.951476336 169.426452637 0.087170385 0.996179283 0.005290117 -0.805615067 -0.947725654 0.084564351 -0.307676464 -3.428896427
-0.311169684 0.021899683 0.950102031 171.506378174 0.086696744 0.996219933 0.005431524 -0.809377491 -0.946391642 0.084060892 -0.311892003 -4.087166309
-0.315197259 0.023414504 0.948737204 173.605392456 0.089451529 0.995977938 0.005137931 -0.809986711 -0.944801092 0.086485460 -0.316023976 -4.781839371
-0.318088293 0.023632027 0.947766483 175.698364258 0.091558136 0.995782256 0.005899368 -0.813202143 -0.943629563 0.088652253 -0.318910480 -5.490578175
-0.320580900 0.023275279 0.946935058 177.767166138 0.092499219 0.995689392 0.006841592 -0.818032026 -0.942693889 0.089784056 -0.321351856 -6.187579155
-0.323181272 0.022840807 0.946061373 179.854309082 0.091995418 0.995732009 0.007386283 -0.815311372 -0.941854954 0.089420438 -0.323903173 -6.902554989
-0.326134801 0.023401367 0.945033729 181.968322754 0.091384366 0.995791912 0.006878844 -0.818656147 -0.940895855 0.088604741 -0.326900959 -7.625216961
-0.328851730 0.025376584 0.944040477 184.070068359 0.090758353 0.995861173 0.004845652 -0.821061850 -0.940010369 0.087273084 -0.329793751 -8.353366852
-0.332191974 0.027595753 0.942808032 186.186828613 0.090522140 0.995890677 0.002745399 -0.823378682 -0.938857853 0.086257018 -0.333324939 -9.090533257
-0.335156083 0.028421678 0.941733837 188.295440674 0.089672744 0.995969474 0.001855350 -0.837976396 -0.937885404 0.085069686 -0.336353958 -9.838897705
-0.338780373 0.029538706 0.940401673 190.458526611 0.088096142 0.996111870 0.000448104 -0.845981002 -0.936732054 0.082997561 -0.340065479 -10.603166580
-0.341699749 0.030031625 0.939329147 192.580825806 0.089202553 0.996013343 0.000605307 -0.858979583 -0.935566247 0.083997384 -0.343016356 -11.391029358
-0.345899075 0.028668005 0.937833667 194.761093140 0.088321261 0.996089756 0.002126535 -0.873994768 -0.934105575 0.083566234 -0.347078532 -12.171663284
-0.348976970 0.028112911 0.936709523 196.911712646 0.088371500 0.996082902 0.003028497 -0.886711299 -0.932955265 0.083835296 -0.350094408 -12.978697777
-0.352662563 0.028309885 0.935322225 199.067687988 0.088460535 0.996074438 0.003205278 -0.891646087 -0.931559801 0.083869487 -0.353782535 -13.788255692
-0.356186867 0.028602565 0.933976889 201.218261719 0.087816693 0.996132195 0.002984243 -0.902402937 -0.930279076 0.083081692 -0.357321054 -14.600111961
-0.360163242 0.028890280 0.932441831 203.380661011 0.086834982 0.996219039 0.002674403 -0.920500994 -0.928839028 0.081931785 -0.361310214 -15.427378654
-0.363966942 0.029497506 0.930944681 205.556320190 0.086431414 0.996255338 0.002224756 -0.932319582 -0.927392960 0.081272587 -0.365153521 -16.257236481
-0.366766602 0.030345248 0.929817975 207.676757812 0.088204414 0.996099770 0.002283821 -0.952624977 -0.926122069 0.082851663 -0.368012667 -17.094678879
-0.369203299 0.030114051 0.928860664 209.811798096 0.088951603 0.996031225 0.003064710 -0.967330396 -0.925081909 0.083755143 -0.370416641 -17.940174103
-0.371860087 0.029397920 0.927823186 211.977432251 0.090184450 0.995914519 0.004589430 -0.981945276 -0.923897624 0.085381851 -0.372992098 -18.808794022
-0.374434441 0.030290240 0.926758528 214.167114258 0.091465056 0.995798528 0.004407503 -0.993273795 -0.922731280 0.086416341 -0.375631750 -19.695396423
-0.377014697 0.031200390 0.925681591 216.364974976 0.091817603 0.995768487 0.003833090 -1.006612301 -0.921644866 0.086438991 -0.378284127 -20.586561203
-0.379853040 0.031411096 0.924513400 218.545043945 0.091100506 0.995835125 0.003595963 -1.018080831 -0.920550048 0.085589565 -0.381132603 -21.472536087
-0.382912159 0.032652285 0.923207521 220.713317871 0.090778716 0.995868146 0.002429470 -1.035832405 -0.919313610 0.084737845 -0.384294152 -22.365737915
-0.385875314 0.033807378 0.921931446 222.893646240 0.090901732 0.995858610 0.001528700 -1.052484989 -0.918061614 0.084395036 -0.387350440 -23.272712708
-0.388051689 0.033967402 0.921011448 225.065750122 0.089102991 0.996022105 0.000808121 -1.072073340 -0.917320311 0.082378469 -0.389534712 -24.182136536
-0.391128033 0.035010934 0.919670105 227.232467651 0.089915663 0.995949328 0.000325574 -1.090023279 -0.915933430 0.082820088 -0.392691731 -25.094711304
-0.393651992 0.034732997 0.918603122 229.388183594 0.091620296 0.995792627 0.001610750 -1.113366842 -0.914682269 0.084796764 -0.395178050 -26.020402908
-0.396330059 0.033634894 0.917491794 231.552551270 0.091629751 0.995788395 0.003076188 -1.132764935 -0.913524210 0.085288733 -0.397742838 -26.949378967
-0.399304718 0.033124223 0.916219711 233.670394897 0.090639010 0.995877683 0.003497969 -1.150105119 -0.912326872 0.084441982 -0.400660992 -27.860626221
-0.402440190 0.033397950 0.914836764 235.795822144 0.089456022 0.995986283 0.002991576 -1.170036554 -0.911065042 0.083041593 -0.403812587 -28.787712097
-0.405993521 0.032704804 0.913290560 237.984222412 0.087894924 0.996123970 0.003401700 -1.184885859 -0.909639359 0.081654690 -0.407294452 -29.749210358
-0.409510195 0.032113582 0.911740065 240.143463135 0.087086380 0.996192634 0.004026853 -1.201116681 -0.908139408 0.081049174 -0.410747677 -30.702146530
-0.412874162 0.032651525 0.910202622 242.294204712 0.087275296 0.996176779 0.003853017 -1.220778942 -0.906596899 0.081029013 -0.414145321 -31.674921036
-0.416361302 0.032144915 0.908630848 244.441268921 0.086535655 0.996239007 0.004408924 -1.238761187 -0.905071735 0.080464669 -0.417576969 -32.653221130
-0.420445025 0.031849802 0.906758845 246.604080200 0.085423209 0.996334016 0.004612842 -1.250677705 -0.903287828 0.079397701 -0.421624422 -33.630596161
-0.423904866 0.031735655 0.905150533 248.725845337 0.084761217 0.996389925 0.004761195 -1.263303757 -0.901731789 0.078739956 -0.425064504 -34.618350983
-0.427437752 0.032880273 0.903446674 250.878906250 0.085310824 0.996345937 0.004100889 -1.279502630 -0.900010586 0.078826658 -0.428680927 -35.625659943
-0.430856317 0.033092406 0.901813745 253.009048462 0.085702337 0.996311128 0.004385670 -1.301513910 -0.898341775 0.079177126 -0.432103038 -36.633541107
-0.434049219 0.032797717 0.900291920 255.158309937 0.085495457 0.996326327 0.004922851 -1.317153215 -0.896823168 0.079107620 -0.435258746 -37.665851593
-0.437867701 0.033537392 0.898413658 257.290832520 0.084732942 0.996395171 0.004102025 -1.328097939 -0.895037532 0.077921368 -0.439131021 -38.682582855
-0.441265643 0.034063663 0.896729708 259.424743652 0.085149571 0.996359944 0.004052399 -1.336203218 -0.893327594 0.078144342 -0.442559868 -39.728397369
-0.444551677 0.034689322 0.895081162 261.541625977 0.085558832 0.996325552 0.003880610 -1.338218451 -0.891657710 0.078307234 -0.445886225 -40.770500183
-0.447647691 0.036477193 0.893465698 263.665588379 0.087810993 0.996131599 0.003326716 -1.346499443 -0.889887989 0.079945318 -0.449119061 -41.835674286
-0.450619668 0.038690224 0.891877234 265.779266357 0.090082973 0.995931506 0.002310112 -1.354304433 -0.888159335 0.081383929 -0.452271670 -42.911457062
-0.453585863 0.039296642 0.890345812 267.916503906 0.091636173 0.995788813 0.002733452 -1.373443246 -0.886488974 0.082827739 -0.455276728 -43.998592377
-0.456205249 0.041661661 0.888898790 270.040771484 0.094030641 0.995568037 0.001597764 -1.383390903 -0.884892642 0.084312625 -0.458100826 -45.096134186
-0.458810419 0.044056166 0.887441218 272.147766113 0.095716886 0.995408595 0.000069878 -1.405386567 -0.883363605 0.084975183 -0.460920721 -46.165737152
-0.461494267 0.044949114 0.886003733 274.290740967 0.096643701 0.995319009 -0.000155958 -1.417563558 -0.881863415 0.085554719 -0.463678062 -47.264678955
-0.464633882 0.046023414 0.884306073 276.450988770 0.097456425 0.995239615 -0.000591153 -1.440100789 -0.880123615 0.085906655 -0.466907322 -48.379837036
-0.467811555 0.046004031 0.882630169 278.611816406 0.096337646 0.995348394 -0.000818216 -1.450231791 -0.878562152 0.084647723 -0.470067382 -49.518951416
-0.471004874 0.047607265 0.880845010 280.787841797 0.097788453 0.995206237 -0.001498792 -1.465873361 -0.876693666 0.085430503 -0.473402441 -50.666240692
-0.474000365 0.047588333 0.879237652 282.948547363 0.096893713 0.995293379 -0.001634023 -1.482859373 -0.875177264 0.084418081 -0.476380408 -51.831203461
-0.476521701 0.047483288 0.877879500 285.121124268 0.095405839 0.995436251 -0.002054553 -1.497440457 -0.873970687 0.082775764 -0.478877217 -52.996280670
-0.479163349 0.048278734 0.876396894 287.294372559 0.096980736 0.995284617 -0.001804506 -1.509994864 -0.872351468 0.084128983 -0.481585950 -54.174869537
-0.481356710 0.048039667 0.875207245 289.488037109 0.098645076 0.995122612 -0.000367797 -1.535096765 -0.870956302 0.086157836 -0.483747870 -55.362815857
-0.483610779 0.048781041 0.873922825 291.678710938 0.100163415 0.994970918 -0.000109407 -1.546757102 -0.869533181 0.087482192 -0.486064702 -56.567481995
-0.484811306 0.048408065 0.873278141 293.836273193 0.100125469 0.994974732 0.000431892 -1.559454918 -0.868868768 0.087646797 -0.487221807 -57.769435883
-0.487592399 0.047815777 0.871760964 296.060607910 0.099491373 0.995037854 0.001069927 -1.562407494 -0.867384076 0.087254398 -0.489930123 -58.988822937
-0.489520133 0.048998039 0.870614290 298.283660889 0.101675898 0.994817019 0.001181150 -1.561812401 -0.866043806 0.089098684 -0.491964847 -60.247100830
-0.491241485 0.049048025 0.869641364 300.493103027 0.102213100 0.994761109 0.001633121 -1.567195296 -0.865005374 0.089690991 -0.493681312 -61.502166748
-0.493783772 0.048986994 0.868203878 302.723663330 0.100822397 0.994903684 0.001206075 -1.583130121 -0.863720298 0.088129945 -0.496206224 -62.746387482
-0.496202081 0.051851492 0.866657317 304.939575195 0.101092130 0.994875848 -0.001642698 -1.595282674 -0.862301528 0.086797133 -0.498901159 -64.016273499
-0.499491185 0.050868008 0.864824295 307.169006348 0.099119052 0.995074749 -0.001281625 -1.613215208 -0.860630035 0.085080400 -0.502072930 -65.293487549
-0.503937244 0.048758611 0.862362921 309.370941162 0.096511997 0.995331824 0.000121759 -1.628841400 -0.858331203 0.083289713 -0.506290555 -66.554573059
-0.509479821 0.045538586 0.859276712 311.606475830 0.093458116 0.995619833 0.002648647 -1.646083593 -0.855392277 0.081655838 -0.511503994 -67.839492798
-0.514120400 0.044698931 0.856552541 313.846771240 0.092553586 0.995701373 0.003592197 -1.647474647 -0.852709830 0.081123821 -0.516047359 -69.167152405
-0.518372655 0.044750389 0.853983164 316.113677979 0.093076557 0.995649576 0.004324017 -1.654868245 -0.850074351 0.081727274 -0.520282626 -70.534576416
-0.522814095 0.046517644 0.851176560 318.402709961 0.095661260 0.995404422 0.004357717 -1.659927249 -0.847062171 0.083702900 -0.524861395 -71.917083740
-0.527057230 0.047369707 0.848508596 320.674743652 0.095874518 0.995385468 0.003983738 -1.652291656 -0.844404399 0.083450012 -0.529166639 -73.318740845
-0.532161951 0.047564127 0.845305443 322.953826904 0.096611239 0.995310545 0.004816913 -1.659596205 -0.841112316 0.084229380 -0.534261644 -74.716903687
-0.536381483 0.046237648 0.842707992 325.184875488 0.097284794 0.995229721 0.007315315 -1.671281338 -0.838349879 0.085906468 -0.538321078 -76.135536194
-0.540111780 0.044479214 0.840417027 327.412475586 0.094939128 0.995448232 0.008330397 -1.660149813 -0.836221159 0.084287830 -0.541876197 -77.568389893
-0.544251204 0.044402353 0.837746322 329.628875732 0.094465122 0.995490968 0.008607175 -1.666668653 -0.833586693 0.083822288 -0.545991659 -78.990631104
-0.548245192 0.044040095 0.835157335 331.840148926 0.094729312 0.995455801 0.009692668 -1.675160766 -0.830935538 0.084427834 -0.549925745 -80.443626404
-0.552334845 0.044479355 0.832434833 334.045410156 0.096093245 0.995316148 0.010576955 -1.673805237 -0.828065395 0.085833386 -0.554021955 -81.882194519
-0.556846738 0.044055771 0.829446018 336.288543701 0.096487872 0.995262861 0.011913852 -1.666907191 -0.824991941 0.086665675 -0.558459818 -83.362556458
-0.559905112 0.042955358 0.827442527 338.511352539 0.095024504 0.995394886 0.012625864 -1.659131765 -0.823089659 0.085696615 -0.561408460 -84.868293762
-0.562680900 0.042369269 0.825587690 340.727233887 0.095107727 0.995372176 0.013738221 -1.646077514 -0.821184993 0.086250007 -0.564106524 -86.375762939
-0.564815044 0.042103320 0.824142754 342.930450439 0.096012935 0.995267689 0.014955512 -1.633252263 -0.819612980 0.087575473 -0.566184640 -87.891662598
-0.567695081 0.041498691 0.822192192 345.150390625 0.094029300 0.995461226 0.014679818 -1.624313951 -0.817851305 0.085643828 -0.569020510 -89.426559448
-0.570917189 0.040630773 0.820001662 347.308135986 0.090216532 0.995831072 0.013469213 -1.611595869 -0.816035867 0.081667513 -0.572202623 -90.897331238
-0.574323773 0.039980762 0.817651391 349.466796875 0.086854324 0.996145129 0.012298479 -1.600159407 -0.814007699 0.078079872 -0.575582325 -92.369056702
-0.576759636 0.037260994 0.816063583 351.613616943 0.084950142 0.996278942 0.014549690 -1.598790884 -0.812484980 0.077716395 -0.577778876 -93.900581360
-0.579994738 0.036863074 0.813785732 353.781433105 0.086033657 0.996160626 0.016192881 -1.587405324 -0.810064375 0.079404764 -0.580939412 -95.423667908
-0.582295418 0.037353836 0.812118649 355.941833496 0.085724965 0.996195912 0.015644897 -1.568209052 -0.808444977 0.078728803 -0.583282530 -96.986816406
-0.585924149 0.036112167 0.809560895 358.143951416 0.083438590 0.996385396 0.015943263 -1.553289652 -0.806058884 0.076890156 -0.586819410 -98.540321350
-0.589496970 0.032076001 0.807133436 360.333496094 0.080819048 0.996539533 0.019423775 -1.540717244 -0.803717375 0.076682016 -0.590049326 -100.102775574
-0.593085051 0.029853294 0.804586291 362.528900146 0.078413539 0.996703446 0.020819407 -1.514070630 -0.801312327 0.075438119 -0.593470871 -101.676612854
-0.596526265 0.028895644 0.802073181 364.736755371 0.077044234 0.996798217 0.021389306 -1.485581279 -0.798887074 0.074554399 -0.596842587 -103.274414062
-0.599672973 0.028999792 0.799719512 366.906738281 0.076409958 0.996852219 0.021148024 -1.456958413 -0.796588838 0.073788442 -0.600001276 -104.859687805
-0.602727532 0.028457014 0.797439337 369.126525879 0.076488435 0.996822357 0.022240063 -1.436462760 -0.794272482 0.074399590 -0.602988958 -106.502502441
-0.605201423 0.027965171 0.795580983 371.271209717 0.076225959 0.996826470 0.022946289 -1.408475399 -0.792414546 0.074531041 -0.605412483 -108.117729187
-0.608097672 0.026334856 0.793425441 373.388397217 0.072987415 0.997071326 0.022844942 -1.386822343 -0.790499866 0.071802035 -0.608238637 -109.690628052
-0.611348569 0.022836613 0.791031837 375.543579102 0.062998198 0.997815609 0.019881792 -1.361349702 -0.788849831 0.061988287 -0.611451805 -111.315620422
-0.615126550 0.025411356 0.788018703 377.697845459 0.055481963 0.998397827 0.011113686 -1.351909995 -0.786473691 0.050557151 -0.615550935 -112.943496704
-0.617693126 0.035722170 0.785607457 379.830108643 0.065717645 0.997818351 0.006299706 -1.353546739 -0.783668578 0.055519558 -0.618693113 -114.605766296
-0.618714273 0.037052874 0.784741759 381.970306396 0.073522329 0.997234225 0.010881182 -1.359644651 -0.782168210 0.064428389 -0.619727254 -116.275825500
-0.620442331 0.027908942 0.783755481 384.099639893 0.072682306 0.997111797 0.022030910 -1.338779807 -0.780876815 0.070634052 -0.620678902 -117.958564758
-0.624137044 0.016766984 0.781135023 386.248474121 0.065740496 0.997351408 0.031119468 -1.293582320 -0.778544247 0.070775025 -0.623586237 -119.617378235
-0.628257573 0.010866400 0.777929425 388.410552979 0.060062777 0.997595727 0.034572054 -1.235514879 -0.775683463 0.068444759 -0.627399683 -121.287712097
-0.631005645 0.010704938 0.775704324 390.509216309 0.058973316 0.997673392 0.034204356 -1.172047019 -0.773533404 0.067328990 -0.630168855 -122.957847595
-0.634338021 0.015675005 0.772896826 392.608337402 0.063849702 0.997440755 0.032174297 -1.117724299 -0.770414412 0.069758609 -0.633715451 -124.642601013
-0.637180388 0.021777429 0.770406902 394.657348633 0.068193935 0.997273147 0.028210806 -1.072495580 -0.767691791 0.070512459 -0.636927962 -126.303520203
-0.639687598 0.024460463 0.768245637 396.723205566 0.068860814 0.997298181 0.025584299 -1.035028100 -0.765544236 0.069267988 -0.639643550 -127.979049683
-0.643008530 0.024719400 0.765460074 398.813934326 0.068817258 0.997300744 0.025602115 -0.991989195 -0.762760997 0.069139235 -0.642973900 -129.702331543
-0.646020293 0.024084879 0.762940168 400.893005371 0.070151664 0.997145474 0.027922591 -0.952558994 -0.760089815 0.071560085 -0.645865798 -131.440734863
-0.648838282 0.023793647 0.760554194 402.939544678 0.071025848 0.997041106 0.029400999 -0.902027965 -0.757604122 0.073095500 -0.648608446 -133.170303345
-0.650752485 0.024009200 0.758910239 404.991790771 0.071361504 0.997009754 0.029649457 -0.856057823 -0.755929053 0.073451452 -0.650519907 -134.903472900
-0.652532578 0.023859575 0.757384956 407.046844482 0.071340151 0.996999145 0.030055789 -0.809051991 -0.754395008 0.073644347 -0.652276516 -136.645629883
-0.653906822 0.024988828 0.756162286 409.098510742 0.072980359 0.996877015 0.030167552 -0.762479722 -0.753046989 0.074911766 -0.653688371 -138.390457153
-0.655400515 0.024265822 0.754891574 411.123718262 0.073824123 0.996755958 0.032053970 -0.708091617 -0.751664996 0.076737404 -0.655065835 -140.126235962
-0.656494141 0.024037529 0.753948033 413.169158936 0.076046646 0.996509016 0.034446090 -0.652625024 -0.750488102 0.079948865 -0.656030357 -141.882156372
-0.657976747 0.023557909 0.752669632 415.206329346 0.077467918 0.996325254 0.036537625 -0.593527138 -0.749042809 0.082348675 -0.657383800 -143.640197754
-0.659521937 0.023698514 0.751311660 417.226013184 0.075740136 0.996511161 0.035053957 -0.526935518 -0.747859776 0.080023304 -0.659015954 -145.394805908
-0.661283970 0.023570515 0.749765217 419.239135742 0.071824953 0.996903419 0.032008920 -0.470322281 -0.746689022 0.075018838 -0.660929322 -147.141952515
-0.662763774 0.022887506 0.748478830 421.243408203 0.069109440 0.997136474 0.030703956 -0.420498133 -0.745632648 0.072076418 -0.662447512 -148.890289307
-0.664119184 0.022296440 0.747294128 423.247650146 0.068639874 0.997151971 0.031248895 -0.368643880 -0.744469047 0.072047159 -0.663758159 -150.636184692
-0.664971650 0.021007339 0.746573031 425.196228027 0.066221386 0.997325778 0.030920196 -0.319084525 -0.743927062 0.070000157 -0.664584458 -152.370895386
-0.665934443 0.020136375 0.745738328 427.202667236 0.063566543 0.997531712 0.029828798 -0.266809851 -0.743296981 0.067268036 -0.665570736 -154.136779785
-0.666603327 0.019164182 0.745166183 429.198822021 0.062282216 0.997605741 0.030059390 -0.219984248 -0.742806017 0.066448286 -0.666200995 -155.899581909
-0.667335451 0.017842848 0.744543672 431.172119141 0.062777407 0.997502863 0.032362498 -0.165222779 -0.742106736 0.068337150 -0.666789114 -157.653976440
-0.667132497 0.017155232 0.744741499 433.145782471 0.065793261 0.997184873 0.035966691 -0.104419492 -0.742027938 0.072993517 -0.666383147 -159.418701172
-0.667318881 0.016246272 0.744594753 435.155761719 0.070175119 0.996685684 0.041145537 -0.031697392 -0.741458535 0.079709217 -0.666247308 -161.178894043
-0.665981829 0.014659933 0.745823741 437.154418945 0.073163047 0.996270180 0.045748062 0.045607794 -0.742371440 0.085034110 -0.664570332 -162.946105957
-0.664435029 0.012156807 0.747247159 439.132263184 0.067470260 0.996760428 0.043776926 0.129941404 -0.744294226 0.079503879 -0.663102746 -164.679855347
-0.664164245 0.011238765 0.747502208 441.134155273 0.060002539 0.997462571 0.038315993 0.208462417 -0.745174825 0.070300139 -0.663153350 -166.413864136
-0.662319303 0.008917912 0.749168515 443.135192871 0.055305235 0.997783184 0.037016485 0.272877306 -0.747177541 0.065949678 -0.661344290 -168.169479370
-0.659499824 0.008285111 0.751658976 445.134307861 0.052895024 0.997972071 0.035409600 0.333699226 -0.749841392 0.063111655 -0.658600628 -169.911880493
-0.656701624 0.009540741 0.754090130 447.137542725 0.055157408 0.997849524 0.035409208 0.400701940 -0.752130747 0.064846963 -0.655815721 -171.646514893
-0.653697610 0.009212003 0.756699800 449.136169434 0.055869520 0.997784615 0.036117587 0.462218910 -0.754690707 0.065886438 -0.652764082 -173.365371704
-0.650689662 0.010283973 0.759274065 451.129821777 0.053791121 0.998020470 0.032580730 0.523713887 -0.757435977 0.062042143 -0.649954915 -175.074356079
-0.649473667 0.005504942 0.760364175 453.158294678 0.046999812 0.998352289 0.032917466 0.582516015 -0.758930147 0.057116002 -0.648662329 -176.772125244
-0.648912132 -0.001053237 0.760862708 455.184631348 0.037663594 0.998728633 0.033504423 0.637096465 -0.759930789 0.050398253 -0.648047388 -178.452285767
-0.648605227 -0.004437292 0.761112213 457.219116211 0.030600440 0.999022484 0.031901423 0.690273225 -0.760509610 0.043981794 -0.647835255 -180.139221191
-0.648195744 -0.005082976 0.761456788 459.249816895 0.028665392 0.999105990 0.031070992 0.740541935 -0.760933995 0.041967537 -0.647470593 -181.833007812
-0.647289336 -0.004487051 0.762231171 461.279724121 0.031513840 0.998970151 0.032642331 0.793452919 -0.761592686 0.045149863 -0.646481335 -183.530685425
-0.646453261 -0.005890066 0.762930930 463.317077637 0.032541763 0.998847365 0.035284989 0.847002029 -0.762259364 0.047637202 -0.645516276 -185.209304810
-0.645131171 -0.007870791 0.764031291 465.322296143 0.031366136 0.998831213 0.036774497 0.912887275 -0.763427734 0.047689084 -0.644130290 -186.883300781
-0.644513071 -0.007960359 0.764551997 467.359527588 0.029545169 0.998939693 0.035307169 0.977475047 -0.764022231 0.045344748 -0.643594325 -188.560882568
-0.643711030 -0.007505249 0.765231848 469.407226562 0.027675364 0.999069631 0.033079129 1.042224526 -0.764768064 0.042471476 -0.642904341 -190.259353638
-0.642622769 -0.006129121 0.766158164 471.437561035 0.028393958 0.999090612 0.031808253 1.091171026 -0.765656292 0.042194974 -0.641864419 -191.938629150
-0.641755819 -0.005632213 0.766888380 473.450286865 0.030369969 0.999001920 0.032751430 1.143590927 -0.766307473 0.044308785 -0.640944302 -193.600921631
