1.000000000 -0.000000000 0.000000000 -0.000000954 -0.000000000 0.999999940 0.000000000 0.000000000 0.000000000 0.000000000 1.000000000 0.000000000
0.999996066 -0.002442353 -0.001345882 -0.006788505 0.002446252 0.999992728 0.002903325 -0.015420370 0.001338781 -0.002906606 0.999994874 1.522844553
0.999991953 -0.002819060 -0.002857078 -0.010581710 0.002829800 0.999988914 0.003762213 -0.033610061 0.002846441 -0.003770267 0.999988854 3.044641733
0.999989271 -0.001788071 -0.004273338 -0.026430119 0.001802534 0.999992669 0.003383112 -0.046593934 0.004267258 -0.003390779 0.999985099 4.558623314
0.999982893 -0.000851178 -0.005778902 -0.040427435 0.000870635 0.999993920 0.003365147 -0.064045027 0.005776003 -0.003370120 0.999977589 6.060678482
0.999973297 -0.001198331 -0.007212716 -0.055246945 0.001223142 0.999993324 0.003436386 -0.075296298 0.007208552 -0.003445116 0.999967992 7.560679913
0.999958038 -0.001867435 -0.008965796 -0.075609311 0.001904305 0.999989748 0.004105610 -0.094891578 0.008958036 -0.004122511 0.999951422 9.073309898
0.999936104 -0.003681036 -0.010691529 -0.097896501 0.003715239 0.999987960 0.003181042 -0.107458249 0.010679694 -0.003220559 0.999937773 10.568695068
0.999916077 -0.004798699 -0.012029965 -0.114572316 0.004840764 0.999982238 0.003469924 -0.122271776 0.012013103 -0.003527867 0.999921560 12.058235168
0.999901354 -0.004319035 -0.013365308 -0.140568927 0.004364329 0.999984801 0.003361700 -0.138824403 0.013350589 -0.003419699 0.999905050 13.549757004
0.999886692 -0.004180851 -0.014461190 -0.165099680 0.004230432 0.999985278 0.003399777 -0.153069943 0.014446763 -0.003460569 0.999889553 15.032412529
0.999881625 -0.002342888 -0.015206384 -0.197504580 0.002406249 0.999988556 0.004149801 -0.171101093 0.015196485 -0.004185899 0.999875665 16.507047653
0.999876559 -0.001134619 -0.015674360 -0.224145547 0.001205657 0.999988973 0.004523420 -0.182398498 0.015669055 -0.004541758 0.999866903 18.001195908
0.999866843 -0.000049396 -0.016315117 -0.258627504 0.000135907 0.999985933 0.005301439 -0.194713295 0.016314626 -0.005302949 0.999852836 19.467514038
0.999858022 -0.000938026 -0.016824434 -0.280119419 0.001032650 0.999983668 0.005616426 -0.213997155 0.016818890 -0.005633001 0.999842644 20.928833008
0.999847114 0.000176909 -0.017486045 -0.311417490 -0.000080466 0.999984682 0.005515991 -0.222787142 0.017486757 -0.005513740 0.999831855 22.395402908
0.999842107 0.000212880 -0.017764809 -0.328583211 -0.000104437 0.999981225 0.006105068 -0.235516220 0.017765772 -0.006102248 0.999823689 23.863164902
0.999845982 0.001297133 -0.017499255 -0.365149528 -0.001170103 0.999972880 0.007267467 -0.245873168 0.017508199 -0.007245870 0.999820590 25.307283401
0.999845147 0.001789925 -0.017505374 -0.394081056 -0.001684587 0.999980390 0.006030360 -0.258226097 0.017515823 -0.005999937 0.999828696 26.748661041
0.999844253 0.002057962 -0.017529260 -0.425698340 -0.001989921 0.999990404 0.003898168 -0.267417729 0.017537115 -0.003862677 0.999838769 28.178400040
0.999854505 0.000348225 -0.017052921 -0.460422337 -0.000283843 0.999992847 0.003777728 -0.282363594 0.017054116 -0.003772338 0.999847472 29.595779419
0.999858558 -0.000322977 -0.016813157 -0.492402732 0.000432310 0.999978721 0.006499620 -0.299648196 0.016810702 -0.006505970 0.999837518 31.011930466
0.999860466 -0.002216066 -0.016555315 -0.520384490 0.002345229 0.999966919 0.007786619 -0.312691092 0.016537514 -0.007824361 0.999832690 32.421825409
0.999860048 -0.002561842 -0.016535189 -0.550598741 0.002678136 0.999971807 0.007014824 -0.321403921 0.016516753 -0.007058125 0.999838710 33.822021484
0.999871373 -0.002786684 -0.015799550 -0.578952670 0.002870872 0.999981761 0.005308352 -0.336336017 0.015784470 -0.005353027 0.999861121 35.201236725
0.999877453 -0.001489745 -0.015582766 -0.606184006 0.001560004 0.999988616 0.004497559 -0.349244654 0.015575886 -0.004521315 0.999868512 36.557121277
0.999891996 -0.001315323 -0.014638212 -0.630434394 0.001368920 0.999992311 0.003651995 -0.367603540 0.014633295 -0.003671639 0.999886155 37.908561707
0.999912560 -0.000866607 -0.013197663 -0.658416033 0.000931710 0.999987423 0.004927553 -0.386125028 0.013193225 -0.004939417 0.999900758 39.245765686
0.999926925 -0.000924322 -0.012054983 -0.678509235 0.001007493 0.999975681 0.006895030 -0.402815372 0.012048317 -0.006906671 0.999903560 40.568172455
0.999943912 -0.001086192 -0.010537421 -0.697485805 0.001169739 0.999967813 0.007925711 -0.416394174 0.010528475 -0.007937592 0.999913096 41.859882355
0.999966562 -0.000723403 -0.008146068 -0.707481384 0.000794016 0.999962091 0.008668361 -0.430895954 0.008139488 -0.008674539 0.999929309 43.158344269
0.999988973 -0.001157420 -0.004549357 -0.726493716 0.001194233 0.999966443 0.008097438 -0.442618400 0.004539831 -0.008102782 0.999956906 44.426242828
0.999998033 -0.001623957 -0.001085008 -0.740291476 0.001630744 0.999978900 0.006283489 -0.456015706 0.001074779 -0.006285246 0.999979734 45.658775330
0.999995112 -0.001936091 0.002440800 -0.736921489 0.001925075 0.999987960 0.004507782 -0.467366308 -0.002449499 -0.004503061 0.999986827 46.905506134
0.999980569 -0.001508183 0.006043666 -0.728430450 0.001475337 0.999984086 0.005435545 -0.484843761 -0.006051769 -0.005426522 0.999966860 48.116897583
0.999927700 -0.001250182 0.011954728 -0.729858279 0.001188508 0.999985874 0.005164598 -0.496192276 -0.011961018 -0.005150016 0.999915183 49.352283478
0.999831855 0.000056109 0.018339111 -0.710347533 -0.000129653 0.999991894 0.004009013 -0.505073249 -0.018338736 -0.004010716 0.999823749 50.539970398
0.999674261 0.001406058 0.025486873 -0.686672688 -0.001505908 0.999991238 0.003898942 -0.516644776 -0.025481168 -0.003936052 0.999667585 51.737041473
0.999417365 0.002673134 0.034026992 -0.650634050 -0.002837165 0.999984562 0.004773246 -0.525935173 -0.034013707 -0.004867006 0.999409497 52.931526184
0.999002397 0.004973989 0.044379011 -0.608158350 -0.005226745 0.999970734 0.005581187 -0.539512396 -0.044349954 -0.005807578 0.998999238 54.095165253
0.998335183 0.007230659 0.057227205 -0.556369066 -0.007552339 0.999956846 0.005406829 -0.553086281 -0.057185646 -0.005830025 0.998346567 55.230010986
0.997346461 0.009263944 0.072210833 -0.487967491 -0.009712591 0.999935627 0.005864363 -0.564921975 -0.072151870 -0.006550155 0.997372150 56.364688873
0.996013582 0.011473842 0.088460349 -0.402374268 -0.012166008 0.999899328 0.007289398 -0.578217506 -0.088367820 -0.008336549 0.996053040 57.483421326
0.994309962 0.011468003 0.105906069 -0.288303852 -0.012388138 0.999890924 0.008034443 -0.588388562 -0.105802380 -0.009300707 0.994343698 58.590377808
0.992069185 0.011313351 0.125182971 -0.162153721 -0.012338286 0.999896288 0.007415173 -0.600911260 -0.125086069 -0.008900907 0.992106080 59.687702179
0.989313006 0.010594008 0.145422131 -0.005346298 -0.011611911 0.999913633 0.006152583 -0.602353632 -0.145344391 -0.007775458 0.989350557 60.785228729
0.986049652 0.007488926 0.166282877 0.169374466 -0.008646436 0.999943078 0.006238252 -0.619521916 -0.166226700 -0.007588981 0.986058414 61.831512451
0.982233942 0.002486985 0.187644243 0.370902061 -0.004150121 0.999955475 0.008470897 -0.627257109 -0.187614843 -0.009099148 0.982200623 62.867195129
0.977461874 -0.002779374 0.211093649 0.589321136 0.000695976 0.999950290 0.009943199 -0.638650179 -0.211110756 -0.009572180 0.977415264 63.903942108
0.972039163 -0.007785405 0.234689325 0.841729164 0.005751860 0.999939740 0.009348113 -0.646281898 -0.234747946 -0.007736831 0.972025454 64.912742615
0.965532303 -0.013977606 0.259907782 1.115450859 0.012386974 0.999893188 0.007756943 -0.658179522 -0.259988457 -0.004270109 0.965602279 65.909904480
0.958004415 -0.017798441 0.286200583 1.414333344 0.016002309 0.999834836 0.008613614 -0.662268341 -0.286306649 -0.003672011 0.958131015 66.889617920
0.949448824 -0.020004729 0.313283831 1.727817535 0.017451897 0.999787688 0.010951084 -0.672784686 -0.313436359 -0.004930097 0.949596345 67.846595764
0.939779460 -0.024658840 0.340891004 2.072145462 0.021244798 0.999679744 0.013744920 -0.674614131 -0.341120780 -0.005675032 0.940002322 68.792770386
0.928888381 -0.027628796 0.369327575 2.442207336 0.024360040 0.999612033 0.013511874 -0.682891250 -0.369557530 -0.003554190 0.929201007 69.703933716
0.916814029 -0.026683338 0.398421556 2.829225540 0.024803294 0.999643564 0.009873496 -0.686343014 -0.398542970 0.000830005 0.917149246 70.599258423
0.903767526 -0.028233137 0.427091599 3.246154785 0.029009571 0.999568045 0.004689941 -0.697116494 -0.427039564 0.008151130 0.904196203 71.462417603
0.889711440 -0.030254547 0.455519766 3.691257477 0.032759920 0.999460280 0.002395823 -0.704742014 -0.455346435 0.012791201 0.890222490 72.309326172
0.874053419 -0.030952690 0.484842837 4.164585114 0.032190952 0.999465048 0.005774068 -0.713680089 -0.484762192 0.010560710 0.874582410 73.155181885
0.856335104 -0.029715253 0.515564978 4.656871796 0.027782289 0.999548256 0.011464851 -0.719372034 -0.515672743 0.004505819 0.856773913 73.978324890
0.836679876 -0.030060750 0.546866477 5.176727295 0.025961924 0.999546945 0.015223654 -0.725726664 -0.547076344 0.001460382 0.837081432 74.785705566
0.815700114 -0.024101099 0.577972651 5.714653015 0.022101073 0.999700606 0.010495359 -0.729876339 -0.578052461 0.004212753 0.815988719 75.551231384
0.793613911 -0.017087443 0.608181775 6.276905060 0.018912673 0.999815285 0.003411691 -0.734616995 -0.608127713 0.008794782 0.793790519 76.294105530
0.771164119 -0.014609269 0.636468768 6.877227783 0.018012293 0.999837041 0.001125670 -0.734780252 -0.636381447 0.010596181 0.771301746 77.035369873
0.747806549 -0.017041985 0.663697958 7.500339508 0.019045604 0.999809682 0.004213230 -0.740980685 -0.663643360 0.009489847 0.747988939 77.732681274
0.723394156 -0.017756637 0.690206885 8.138702393 0.019484023 0.999796093 0.005300417 -0.756896853 -0.690160275 0.009613716 0.723592699 78.398590088
0.697833180 -0.015621363 0.716089964 8.792125702 0.020026788 0.999796927 0.002294166 -0.764103532 -0.715980232 0.012740036 0.698004305 79.050880432
0.671854377 -0.013594205 0.740558565 9.468311310 0.020085260 0.999798298 0.000131106 -0.773035586 -0.740410864 0.014786227 0.671991885 79.650192261
0.644659400 -0.010857181 0.764392853 10.165222168 0.017999455 0.999837458 -0.000978686 -0.779506922 -0.764258027 0.014389574 0.644750059 80.247093201
0.616657495 -0.008959798 0.787180662 10.878105164 0.017617702 0.999841809 -0.002420924 -0.788524926 -0.787034392 0.015361193 0.616717875 80.805923462
0.587635517 -0.002986221 0.809120238 11.615352631 0.016365292 0.999832392 -0.008195450 -0.808198214 -0.808960259 0.018057432 0.587585926 81.357192993
0.557712913 0.006464759 0.830008686 12.372756958 0.015019277 0.999727309 -0.017878653 -0.821580052 -0.829898000 0.022437289 0.557463706 81.864753723
0.526746690 0.014689444 0.849895418 13.144077301 0.013915769 0.999567568 -0.025901046 -0.846183121 -0.849908352 0.025470242 0.526314557 82.348312378
0.495033711 0.019759234 0.868649065 13.961360931 0.011225179 0.999512553 -0.029133102 -0.869712174 -0.868801415 0.024172606 0.494570613 82.818481445
0.462632000 0.019135844 0.886343837 14.791646957 0.009442881 0.999603927 -0.026509849 -0.900584400 -0.886500299 0.020633943 0.462268114 83.254531860
0.429592133 0.018178044 0.902840078 15.637704849 0.004877142 0.999736011 -0.022449633 -0.926978111 -0.903009951 0.014047462 0.429390073 83.656455994
0.394839674 0.019350275 0.918546259 16.511259079 0.000279211 0.999775589 -0.021181487 -0.961948395 -0.918750048 0.008619759 0.394745618 84.060310364
0.359603852 0.022536062 0.932832897 17.383840561 -0.007019978 0.999745369 -0.021446403 -0.985447526 -0.933078706 0.001163742 0.359670460 84.411094666
0.323704481 0.024557289 0.945839465 18.283193588 -0.012200652 0.999688327 -0.021779833 -1.011603594 -0.946079552 -0.004489628 0.323903263 84.727020264
0.287231535 0.023422116 0.957574785 19.206256866 -0.014466293 0.999692976 -0.020113058 -1.046420574 -0.957751989 -0.008075454 0.287482172 85.029655457
0.250879377 0.022929186 0.967746794 20.138299942 -0.015218222 0.999689221 -0.019740833 -1.074581027 -0.967898846 -0.009774817 0.251150340 85.274635315
0.215478852 0.022497183 0.976249337 21.090406418 -0.014440845 0.999698639 -0.019850163 -1.099060297 -0.976401806 -0.009820575 0.215738714 85.474517822
0.179387197 0.021398775 0.983545780 22.048500061 -0.013025072 0.999727368 -0.019375218 -1.126775146 -0.983692348 -0.009335087 0.179617003 85.666534424
0.145311981 0.020524019 0.989173055 23.013034821 -0.004904799 0.999787450 -0.020023730 -1.153734088 -0.989373744 -0.001942006 0.145381793 85.788505554
0.111390598 0.023661669 0.993494987 23.968410492 -0.002602677 0.999719918 -0.023518112 -1.186581612 -0.993773282 0.000033952 0.111420982 85.892814636
0.078601815 0.028661193 0.996494055 24.953535080 -0.001805422 0.999589026 -0.028607806 -1.218698144 -0.996904433 0.000449534 0.078621261 85.976554871
0.049608592 0.032557674 0.998237967 25.929061890 0.004974062 0.999448061 -0.032844335 -1.252058268 -0.998756289 0.006594660 0.049419269 86.014770508
0.024266861 0.030841971 0.999229729 26.914388657 0.006932869 0.999494672 -0.031018522 -1.287835121 -0.999681473 0.007680251 0.024040788 86.031204224
0.001756618 0.027637044 0.999616444 27.936647415 0.008310989 0.999583066 -0.027650720 -1.323946834 -0.999963999 0.008356374 0.001526193 86.037475586
-0.017102735 0.025262229 0.999534547 28.928331375 0.008443212 0.999648750 -0.025120644 -1.356905699 -0.999818206 0.008009653 -0.017310027 86.020065308
-0.033690389 0.028285505 0.999032021 29.918165207 0.010738034 0.999551952 -0.027938107 -1.396708965 -0.999374688 0.009786394 -0.033979025 85.985671997
-0.048427816 0.032714900 0.998290718 30.920783997 0.012783697 0.999401867 -0.032131165 -1.427217484 -0.998744845 0.011205804 -0.048817072 85.937301636
-0.060418032 0.037905637 0.997453034 31.914381027 0.016936950 0.999173701 -0.036945112 -1.466417551 -0.998029411 0.014661663 -0.061010119 85.873657227
-0.069178909 0.041250430 0.996751010 32.912326813 0.022043752 0.998963952 -0.039812069 -1.513836265 -0.997360647 0.019217974 -0.070016548 85.797409058
-0.075107932 0.046610434 0.996085465 33.916385651 0.026722701 0.998642445 -0.044715099 -1.564647198 -0.996817291 0.023259636 -0.076251507 85.714721680
-0.078577623 0.051643074 0.995569587 34.916118622 0.028606545 0.998362899 -0.049530134 -1.614236116 -0.996497512 0.024587844 -0.079926319 85.633697510
-0.081525587 0.055490948 0.995125353 35.922264099 0.030359132 0.998123825 -0.053170990 -1.673471689 -0.996208906 0.025876343 -0.083057277 85.547851562
-0.084082060 0.058387995 0.994746804 36.920097351 0.030803874 0.997957051 -0.055972692 -1.734461069 -0.995982587 0.025935754 -0.085708842 85.462806702
-0.086245485 0.061959393 0.994345367 37.949096680 0.032266017 0.997714341 -0.059370693 -1.796747923 -0.995751262 0.026963115 -0.088047557 85.363548279
-0.088146493 0.065921009 0.993923903 38.958034515 0.033520028 0.997438967 -0.063181415 -1.860960245 -0.995543361 0.027747141 -0.090130426 85.266670227
-0.090233676 0.067182131 0.993651986 39.961936951 0.036453001 0.997276366 -0.064116865 -1.931938648 -0.995253265 0.030436100 -0.092436917 85.171249390
-0.092446923 0.065888129 0.993535161 40.978458405 0.036514681 0.997361362 -0.062744237 -2.002248526 -0.995047867 0.030478111 -0.094608873 85.077468872
-0.094728634 0.065666951 0.993334889 42.003189087 0.035762906 0.997402370 -0.062525347 -2.073360443 -0.994860530 0.029601600 -0.096831001 84.982452393
-0.097117193 0.066917829 0.993020713 43.026241302 0.035471968 0.997335970 -0.063739471 -2.141656399 -0.994640589 0.029034203 -0.099232174 84.888206482
-0.099271804 0.069086231 0.992659330 44.038017273 0.035132315 0.997208238 -0.065889388 -2.218100786 -0.994440079 0.028333453 -0.101421833 84.775459290
-0.101696797 0.071174525 0.992266178 45.067359924 0.033465922 0.997117519 -0.068092622 -2.297520161 -0.994252384 0.026282296 -0.103785589 84.669075012
-0.104410350 0.074669704 0.991727173 46.099925995 0.030593878 0.996946692 -0.071841709 -2.373746157 -0.994063616 0.022839764 -0.106375977 84.565849304
-0.106778443 0.079148225 0.991127610 47.140182495 0.026866438 0.996692300 -0.076698169 -2.448436975 -0.993919730 0.018438360 -0.108551674 84.462768555
-0.109485649 0.081547648 0.990637779 48.181068420 0.024498506 0.996547580 -0.079326570 -2.531088591 -0.993686497 0.015584020 -0.111105464 84.347450256
-0.112472169 0.079991907 0.990429938 49.230869293 0.022448596 0.996704578 -0.077949442 -2.616647482 -0.993401349 0.013466617 -0.113897212 84.232688904
-0.114807643 0.075852208 0.990487695 50.289817810 0.019607292 0.997059286 -0.074082792 -2.703625202 -0.993194222 0.010915509 -0.115957297 84.103935242
-0.117302291 0.074097916 0.990328014 51.342086792 0.020063028 0.997185826 -0.072234593 -2.788870335 -0.992893517 0.011395695 -0.118458822 83.984100342
-0.119628526 0.074502647 0.990019381 52.373828888 0.019139143 0.997168124 -0.072727956 -2.874845028 -0.992634118 0.010247783 -0.120715670 83.871093750
-0.120713226 0.077472754 0.989659727 53.436065674 0.019987112 0.996937454 -0.075604573 -2.954906702 -0.992486179 0.010653961 -0.121892013 83.744331360
-0.121275462 0.080516063 0.989348054 54.502071381 0.020670660 0.996693432 -0.078580052 -3.037815094 -0.992403626 0.010920642 -0.122538798 83.611808777
-0.121527821 0.080954231 0.989281178 55.567077637 0.019618262 0.996669710 -0.079148836 -3.128170967 -0.992394090 0.009789194 -0.122711271 83.478042603
-0.121795028 0.079380378 0.989375889 56.630638123 0.016676536 0.996819675 -0.077924699 -3.220539570 -0.992415130 0.007008522 -0.122731477 83.358146667
-0.121516325 0.078832865 0.989453912 57.695587158 0.012962872 0.996882141 -0.077832721 -3.307858944 -0.992504716 0.003368222 -0.122159354 83.233093262
-0.121544428 0.080164865 0.989343584 58.751174927 0.009301368 0.996781528 -0.079624839 -3.398832798 -0.992542326 -0.000475706 -0.121898867 83.108612061
-0.121786177 0.080284618 0.989304066 59.825866699 0.005364671 0.996761978 -0.080229416 -3.490049601 -0.992541909 -0.004463544 -0.121822514 82.985977173
-0.122220971 0.079515740 0.989312589 60.910533905 0.001613348 0.996800244 -0.079918228 -3.585576057 -0.992501557 -0.008171576 -0.121958159 82.858245850
-0.122454762 0.074529141 0.989671826 62.007808685 0.002125974 0.997193873 -0.074832544 -3.672786236 -0.992471695 -0.007059587 -0.122269593 82.730812073
-0.122785538 0.065898128 0.990243018 63.103202820 0.005420892 0.997822821 -0.065730378 -3.757932186 -0.992418349 -0.002702741 -0.122875422 82.598937988
-0.122770391 0.060394645 0.990595818 64.198219299 0.011322882 0.998166978 -0.059452929 -3.841259956 -0.992370427 0.003917339 -0.123229176 82.462776184
-0.121662259 0.063109964 0.990563214 65.305046082 0.019669866 0.997933924 -0.061163682 -3.910789013 -0.992376626 0.012042938 -0.122652225 82.308692932
-0.120273829 0.068640105 0.990364969 66.389991760 0.025109928 0.997497976 -0.066085033 -3.984090328 -0.992423117 0.016919695 -0.121696450 82.170616150
-0.119600154 0.074224055 0.990043700 67.494033813 0.028932208 0.997038484 -0.071253359 -4.065245628 -0.992400408 0.020122238 -0.121393442 82.033889771
-0.119343378 0.078580439 0.989738524 68.581047058 0.029388476 0.996705770 -0.075589940 -4.152262688 -0.992417991 0.020065745 -0.121259615 81.911720276
-0.118970990 0.075984500 0.989985943 69.699798584 0.026118269 0.996961892 -0.073381171 -4.234367847 -0.992554128 0.017126493 -0.120594136 81.783271790
-0.118748240 0.071467482 0.990349054 70.796852112 0.025735177 0.997292757 -0.068882778 -4.323476791 -0.992590785 0.017307106 -0.120266005 81.662918091
-0.118485279 0.069105826 0.990548253 71.953514099 0.023296965 0.997494042 -0.066803746 -4.408638477 -0.992682457 0.015161509 -0.119798332 81.514167786
-0.118580431 0.069777921 0.990489542 73.080444336 0.021326996 0.997476578 -0.067716882 -4.489053249 -0.992715418 0.013094271 -0.119769357 81.388557434
-0.118208192 0.074895054 0.990160346 74.213981628 0.022569954 0.997096598 -0.072725244 -4.574950218 -0.992732286 0.013751155 -0.119555354 81.251457214
-0.117472492 0.077609628 0.990038931 75.355102539 0.021881321 0.996901870 -0.075551286 -4.659318447 -0.992835045 0.012788161 -0.118806735 81.113723755
-0.116936058 0.076570578 0.990183294 76.498016357 0.022134967 0.996976674 -0.074481852 -4.745542526 -0.992892742 0.013208061 -0.118277408 80.978759766
-0.116413228 0.069921605 0.990736544 77.649398804 0.023940107 0.997426450 -0.067580745 -4.835709572 -0.992912233 0.015851047 -0.117787570 80.844345093
-0.117026024 0.068475738 0.990765393 78.803405762 0.023030380 0.997538984 -0.066223606 -4.915820122 -0.992861748 0.015067818 -0.118315034 80.709587097
-0.116506599 0.071410939 0.990619421 79.940338135 0.020903172 0.997367203 -0.069438949 -5.002069473 -0.992969930 0.012616992 -0.117692575 80.582420349
-0.116439015 0.074482448 0.990401089 81.109809875 0.019897895 0.997158945 -0.072651319 -5.084942341 -0.992998540 0.011247451 -0.117590241 80.451347351
-0.116214469 0.073709868 0.990485311 82.275192261 0.018781364 0.997227192 -0.072007969 -5.175533295 -0.993046582 0.010234297 -0.117276616 80.318878174
-0.116096534 0.070471495 0.990734756 83.451507568 0.018534468 0.997459888 -0.068777934 -5.262747765 -0.993065000 0.010377871 -0.117107779 80.184440613
-0.115380853 0.069123834 0.990913332 84.628524780 0.018508481 0.997552156 -0.067431822 -5.356050491 -0.993148863 0.010559960 -0.116377786 80.047248840
-0.114062339 0.069582850 0.991033852 85.814765930 0.020086404 0.997501671 -0.067725144 -5.442887306 -0.993270457 0.012181424 -0.115175053 79.912200928
-0.112833105 0.069915019 0.991151154 87.007797241 0.022309318 0.997448087 -0.067819513 -5.529698849 -0.993363440 0.014459626 -0.114104904 79.770805359
-0.111449212 0.069342323 0.991347909 88.195899963 0.022385156 0.997484624 -0.067254998 -5.614233494 -0.993517995 0.014695962 -0.112721145 79.623786926
-0.110621296 0.070449479 0.991362631 89.394096375 0.023224562 0.997395337 -0.068286672 -5.696548939 -0.993591249 0.015470002 -0.111969329 79.497383118
-0.109062560 0.068518952 0.991670668 90.585998535 0.022852441 0.997530520 -0.066410586 -5.786077976 -0.993772089 0.015419183 -0.110359080 79.366661072
-0.107925825 0.067209505 0.991884530 91.797027588 0.021811791 0.997632086 -0.065225646 -5.877795219 -0.993919611 0.014595246 -0.109136231 79.228698730
-0.106408134 0.066960365 0.992065370 93.010475159 0.022998489 0.997628689 -0.064869083 -5.958888054 -0.994056523 0.015913408 -0.107695796 79.101036072
-0.104266800 0.067444175 0.992259920 94.238014221 0.020779638 0.997627914 -0.065625511 -6.049758434 -0.994332194 0.013776241 -0.105420925 78.970153809
-0.103678919 0.070034310 0.992142022 95.461219788 0.021093760 0.997448325 -0.068204559 -6.134823322 -0.994387090 0.013856633 -0.104891635 78.851516724
-0.102995537 0.068738356 0.992303789 96.680824280 0.018367900 0.997570634 -0.067196712 -6.219502926 -0.994512081 0.011305579 -0.104007900 78.737548828
-0.102011882 0.067514226 0.992489517 97.927749634 0.015455961 0.997681379 -0.066278785 -6.314368248 -0.994663119 0.008578658 -0.102818847 78.608985901
-0.102109075 0.068539970 0.992409170 99.167152405 0.012569243 0.997632802 -0.067607477 -6.399951458 -0.994693756 0.005570499 -0.102728859 78.489151001
-0.101816729 0.068058580 0.992472410 100.392654419 0.009658636 0.997677565 -0.067424655 -6.488461018 -0.994756222 0.002720968 -0.102237619 78.358573914
-0.103023678 0.065327495 0.992531359 101.636894226 0.006719355 0.997863829 -0.064980999 -6.579647541 -0.994656205 -0.000025413 -0.103242554 78.237075806
-0.104211643 0.063979499 0.992495179 102.902565002 0.004833255 0.997949421 -0.063823611 -6.667467117 -0.994543374 -0.001854181 -0.104307190 78.111251831
-0.106067672 0.063528106 0.992327571 104.164451599 0.002590933 0.997971237 -0.063612491 -6.751633167 -0.994355619 -0.004176174 -0.106017105 77.992416382
-0.107273184 0.063147336 0.992222190 105.416748047 0.002952481 0.997996807 -0.063195616 -6.847126007 -0.994225144 -0.003849678 -0.107244708 77.855178833
-0.109402172 0.061890006 0.992068887 106.674659729 0.002561758 0.998074055 -0.061982118 -6.932572365 -0.993994296 -0.004239537 -0.109350003 77.720108032
-0.113063551 0.057018947 0.991950274 107.940162659 -0.001007760 0.998344898 -0.057501376 -7.016433716 -0.993587255 -0.007500958 -0.112818956 77.593284607
-0.117435999 0.057046805 0.991440594 109.198249817 -0.001779280 0.998335004 -0.057654258 -7.096673965 -0.993078828 -0.008534736 -0.117138967 77.450149536
-0.122771174 0.063079707 0.990428209 110.439201355 -0.006046741 0.997911870 -0.064305872 -7.179621696 -0.992416501 -0.013883771 -0.122133382 77.302360535
-0.130339399 0.066266291 0.989252448 111.659454346 -0.005380083 0.997701943 -0.067541152 -7.264559746 -0.991454780 -0.014125532 -0.129683331 77.156593323
-0.138773143 0.062183693 0.988369942 112.913681030 -0.003419101 0.997990489 -0.063269034 -7.357874870 -0.990318239 -0.012159379 -0.138281673 76.975547791
-0.149625406 0.060064226 0.986916721 114.140106201 -0.001217415 0.998140991 -0.060931928 -7.446886063 -0.988741934 -0.010318449 -0.149274185 76.794250488
-0.162435323 0.060925938 0.984836340 115.363250732 -0.000960604 0.998081625 -0.061903775 -7.535640240 -0.986718655 -0.011001397 -0.162065223 76.596450806
-0.176432326 0.061239816 0.982405841 116.579505920 0.001278845 0.998076081 -0.061986975 -7.621031761 -0.984311879 -0.009680165 -0.176171243 76.380859375
-0.191001311 0.058968339 0.979816973 117.794082642 0.001593800 0.998211205 -0.059764676 -7.709076881 -0.981588483 -0.009853497 -0.190753624 76.152282715
-0.205968022 0.061596446 0.976618230 118.994674683 0.005844280 0.998076618 -0.061717294 -7.795757771 -0.978541255 -0.007004158 -0.205931872 75.895606995
-0.221464097 0.065024182 0.972998202 120.174285889 0.005668832 0.997843325 -0.065394290 -7.881793022 -0.975152016 -0.008966721 -0.221355155 75.636077881
-0.236605436 0.068735838 0.969171405 121.341308594 0.005549439 0.997573793 -0.069395401 -7.972093105 -0.971589983 -0.011040971 -0.236412808 75.357437134
-0.252533585 0.066734165 0.965284109 122.516082764 0.002212375 0.997655928 -0.068393365 -8.066119194 -0.967585623 -0.015136049 -0.252089262 75.061058044
-0.268783361 0.061010890 0.961266458 123.677841187 -0.003510859 0.997923076 -0.064319134 -8.156203270 -0.963194251 -0.020662785 -0.268010885 74.757530212
-0.284440368 0.057029642 0.956996024 124.860664368 -0.007405551 0.998068631 -0.061678339 -8.241294861 -0.958665192 -0.024630893 -0.283468693 74.427505493
-0.300064325 0.058310427 0.952135205 126.009979248 -0.009429548 0.997899950 -0.064084850 -8.327594757 -0.953872383 -0.028207779 -0.298884362 74.086723328
-0.313858360 0.060552955 0.947537005 127.160064697 -0.009189268 0.997723699 -0.066803999 -8.411335945 -0.949425340 -0.029674161 -0.312587500 73.709022522
-0.327859968 0.062656380 0.942646325 128.295791626 -0.007865494 0.997582555 -0.069043607 -8.502551079 -0.944693625 -0.030051010 -0.326574534 73.325897217
-0.342179745 0.062304422 0.937566638 129.426574707 -0.005745415 0.997641802 -0.068393499 -8.600624084 -0.939616859 -0.028789584 -0.341014922 72.925331116
-0.356337339 0.060013756 0.932428062 130.550903320 -0.006242380 0.997759879 -0.066604294 -8.694926262 -0.934336483 -0.029554170 -0.355164528 72.510818481
-0.370708406 0.059001416 0.926873267 131.673385620 -0.005957968 0.997808397 -0.065899812 -8.786829948 -0.928730190 -0.029951895 -0.369544506 72.065818787
-0.385542810 0.060301725 0.920717299 132.772796631 -0.007498573 0.997624338 -0.068478651 -8.877724648 -0.922659457 -0.033305518 -0.384174705 71.618408203
-0.400661349 0.062273089 0.914107502 133.865386963 -0.006514176 0.997468710 -0.070807248 -8.969759941 -0.916203022 -0.034324389 -0.399241567 71.160949707
-0.415256292 0.064166568 0.907438576 134.959823608 -0.005286875 0.997322083 -0.072941728 -9.060226440 -0.909689128 -0.035087027 -0.413805127 70.669342041
-0.429834068 0.066716060 0.900439739 136.039093018 -0.002405874 0.997178197 -0.075032145 -9.157334328 -0.902904689 -0.034417715 -0.428460628 70.159347534
-0.444671690 0.070227042 0.892936349 137.114181519 -0.002693413 0.996812165 -0.079737879 -9.251856804 -0.895689487 -0.037862223 -0.443065077 69.638526917
-0.459691167 0.072090089 0.885148108 138.177383423 -0.002124281 0.996607721 -0.082271032 -9.359016418 -0.888076305 -0.039699562 -0.457978636 69.093246460
-0.475078732 0.069394283 0.877202809 139.245025635 -0.003481557 0.996729493 -0.080735423 -9.461397171 -0.879936457 -0.041409712 -0.473283380 68.530960083
-0.491006106 0.065018967 0.868726432 140.314788818 -0.006236928 0.996922970 -0.078138828 -9.562783241 -0.871133804 -0.043784827 -0.489089698 67.943428040
-0.507110000 0.065305308 0.859403729 141.374389648 -0.006705811 0.996796191 -0.079702541 -9.662825584 -0.861855209 -0.046180960 -0.505047381 67.334838867
-0.522926092 0.064479649 0.849935710 142.426269531 -0.007796273 0.996731162 -0.080412827 -9.760965347 -0.852342367 -0.048676297 -0.520713985 66.700096130
-0.538848698 0.063564762 0.840000987 143.462493896 -0.008254603 0.996702790 -0.080717944 -9.861682892 -0.842362106 -0.050428625 -0.536547244 66.044548035
-0.554454327 0.062540248 0.829860926 144.500518799 -0.009936863 0.996603668 -0.081745498 -9.972286224 -0.832154810 -0.053570349 -0.551949859 65.375450134
-0.569883704 0.061838724 0.819395304 145.523223877 -0.010454890 0.996537924 -0.082478777 -10.077738762 -0.821658850 -0.055569995 -0.567264378 64.676849365
-0.584551811 0.059736066 0.809154272 146.521957397 -0.010067051 0.996675134 -0.080852531 -10.181394577 -0.811293900 -0.055408295 -0.582006931 63.952869415
-0.599572241 0.056113429 0.798351049 147.527450562 -0.010104651 0.996928692 -0.077659532 -10.288904190 -0.800256908 -0.054629549 -0.597163796 63.215835571
-0.614487827 0.054271065 0.787057459 148.524978638 -0.009663106 0.997038424 -0.076294556 -10.391544342 -0.788866997 -0.054487497 -0.612143636 62.443756104
-0.628731966 0.052975889 0.775815666 149.499267578 -0.010037523 0.997040629 -0.076216623 -10.491752625 -0.777557313 -0.055707082 -0.626339674 61.659740448
-0.644049048 0.053831186 0.763087869 150.476318359 -0.011536247 0.996724069 -0.080049448 -10.599128723 -0.764897227 -0.060358934 -0.641318262 60.866493225
-0.659380138 0.053073756 0.749934018 151.435317993 -0.013686828 0.996492267 -0.082557142 -10.706167221 -0.751685083 -0.064700752 -0.656340778 60.047992706
-0.675279915 0.049794495 0.735878766 152.387329102 -0.015650176 0.996526480 -0.081793062 -10.814152718 -0.737395465 -0.066749848 -0.672155023 59.206390381
-0.691588402 0.042064454 0.721065998 153.319961548 -0.019333087 0.996867001 -0.076696455 -10.924468994 -0.722033083 -0.066982813 -0.688608348 58.342254639
-0.708364129 0.039629061 0.704733908 154.242691040 -0.020374699 0.996858656 -0.076535657 -11.027500153 -0.705553114 -0.068573862 -0.705331385 57.443374634
-0.725931227 0.037005931 0.686770976 155.147827148 -0.021857319 0.996805668 -0.076815471 -11.131675720 -0.687419832 -0.070773721 -0.722803533 56.521003723
-0.743187547 0.033338595 0.668251991 156.025253296 -0.024926078 0.996684909 -0.077445090 -11.235418320 -0.668618619 -0.074213125 -0.739892900 55.576675415
-0.759867132 0.031189365 0.649329841 156.867340088 -0.024692023 0.996742725 -0.076772131 -11.344345093 -0.649609327 -0.074369878 -0.756621957 54.620094299
-0.775903642 0.033457875 0.629963636 157.691467285 -0.022508156 0.996488452 -0.080646805 -11.446886063 -0.630449891 -0.076753452 -0.772425950 53.627140045
-0.790854454 0.033202838 0.611103117 158.492462158 -0.018620187 0.996759534 -0.078253739 -11.562343597 -0.611720979 -0.073266171 -0.787673533 52.610679626
-0.805437982 0.034537107 0.591673136 159.270477295 -0.014604549 0.996841013 -0.078068540 -11.674563408 -0.592500210 -0.071520485 -0.802389145 51.572456360
-0.819838703 0.035961155 0.571464300 160.011856079 -0.012520429 0.996661305 -0.080680147 -11.784992218 -0.572457671 -0.073299684 -0.816651225 50.524971008
-0.833575487 0.036927447 0.551169813 160.750961304 -0.012156535 0.996295273 -0.085135318 -11.902059555 -0.552271605 -0.077667050 -0.830038428 49.448341370
-0.846698582 0.037191182 0.530771494 161.452697754 -0.009587611 0.996325731 -0.085106954 -12.018646240 -0.531986475 -0.077148750 -0.843230963 48.361164093
-0.858302057 0.035293970 0.511929750 162.127883911 -0.008340079 0.996540725 -0.082687475 -12.137932777 -0.513077199 -0.075240351 -0.855038404 47.243434906
-0.868841588 0.036934093 0.493710905 162.773162842 -0.005612208 0.996414721 -0.084417403 -12.253190994 -0.495058596 -0.076116152 -0.865519106 46.129905701
-0.878225327 0.039894126 0.476580322 163.387145996 -0.002702708 0.996084690 -0.088361852 -12.366734505 -0.478239447 -0.078889675 -0.874679089 45.007938385
-0.887271821 0.037467662 0.459722668 163.989959717 -0.004571031 0.995932043 -0.089991204 -12.486353874 -0.461224228 -0.081948079 -0.883491218 43.876308441
-0.895531058 0.034795683 0.443636507 164.576797485 -0.005507935 0.995995164 -0.089237146 -12.610894203 -0.444964916 -0.082358174 -0.891752958 42.733360291
-0.902701855 0.032720428 0.429020852 165.141479492 -0.006478764 0.995957553 -0.089591324 -12.733899117 -0.430218071 -0.083653763 -0.898840606 41.572814941
-0.909312844 0.030628381 0.414984316 165.687728882 -0.007067515 0.996006727 -0.088997722 -12.860631943 -0.416053027 -0.083859667 -0.905465364 40.401729584
-0.915646136 0.028039927 0.401005954 166.213684082 -0.008195268 0.996054769 -0.088360973 -12.981636047 -0.401901454 -0.084193751 -0.911804020 39.240440369
-0.921115279 0.023137627 0.388601720 166.733337402 -0.010592001 0.996372998 -0.084431350 -13.113032341 -0.389145702 -0.081887081 -0.917529345 38.016693115
-0.926432729 0.019555680 0.375952095 167.235992432 -0.011866137 0.996636808 -0.081082381 -13.229353905 -0.376273215 -0.079578489 -0.923084915 36.840541840
-0.930637419 0.020531593 0.365366340 167.706787109 -0.008673510 0.996906757 -0.078113310 -13.340885162 -0.365839899 -0.075864188 -0.927580535 35.633129120
-0.934044600 0.024043551 0.356346577 168.196273804 -0.004811536 0.996793747 -0.079867885 -13.456462860 -0.357124418 -0.076314732 -0.930934072 34.429267883
-0.936583400 0.029036252 0.349240005 168.656265259 0.000523051 0.996676207 -0.081462219 -13.565827370 -0.350444615 -0.076113485 -0.933485568 33.234214783
-0.938432038 0.032523334 0.343929589 169.102996826 0.003706781 0.996449172 -0.084114000 -13.679076195 -0.345444024 -0.077660389 -0.935220480 32.007617950
-0.940074146 0.029647244 0.339678884 169.552398682 0.001632936 0.996592760 -0.082463607 -13.801980972 -0.340966284 -0.076967247 -0.936919570 30.774515152
-0.941868961 0.022246785 0.335243285 169.997299194 -0.004655892 0.996845365 -0.079231545 -13.909824371 -0.335948348 -0.076186605 -0.938794076 29.570699692
-0.943867028 0.015775388 0.329948932 170.450134277 -0.010262874 0.996976316 -0.077025488 -14.025554657 -0.330166340 -0.076088034 -0.940851092 28.362781525
-0.945206046 0.008602927 0.326361179 170.877761841 -0.018041469 0.996748805 -0.078526065 -14.132177353 -0.325975657 -0.080111347 -0.941977739 27.109994888
-0.946811736 0.005979599 0.321732908 171.316955566 -0.021518700 0.996412754 -0.081845239 -14.235189438 -0.321068168 -0.084415287 -0.943286479 25.908390045
-0.947349370 0.005736783 0.320150644 171.728881836 -0.022352634 0.996215522 -0.083994277 -14.350730896 -0.319420904 -0.086728111 -0.943635762 24.698944092
-0.947737336 0.006401660 0.318987876 172.148803711 -0.022116236 0.996075630 -0.085698918 -14.468257904 -0.318284661 -0.088274859 -0.943876266 23.497158051
-0.947563946 0.008984697 0.319440007 172.557662964 -0.020176528 0.995928288 -0.087862067 -14.586400986 -0.318928778 -0.089700103 -0.943524420 22.285732269
-0.946917892 0.010336161 0.321309566 172.971466064 -0.019465193 0.995805681 -0.089398935 -14.707790375 -0.320885926 -0.090907805 -0.942744911 21.059215546
-0.946761727 0.011473813 0.321730852 173.397521973 -0.018797152 0.995689571 -0.090823673 -14.835808754 -0.321386069 -0.092036009 -0.942465007 19.855251312
-0.946000755 0.012938096 0.323906183 173.818374634 -0.017381957 0.995741129 -0.090539627 -14.958558083 -0.323698133 -0.091280676 -0.941746950 18.652999878
-0.945088863 0.012652493 0.326568514 174.241271973 -0.017893258 0.995748222 -0.090362087 -15.088178635 -0.326323360 -0.091243580 -0.940844178 17.437870026
-0.944164157 0.011048765 0.329290301 174.677978516 -0.020017331 0.995667636 -0.090803012 -15.209957123 -0.328866929 -0.092324458 -0.939852536 16.264118195
-0.942738116 0.009523051 0.333397955 175.115890503 -0.021072837 0.995894492 -0.088033304 -15.337820053 -0.332867503 -0.090017989 -0.938667119 15.077735901
-0.940555811 0.007115430 0.339564681 175.555557251 -0.023349883 0.996060312 -0.085548557 -15.458198547 -0.338835657 -0.088391997 -0.936684132 13.867908478
-0.938241422 0.004956541 0.345945716 176.005142212 -0.025100335 0.996287286 -0.082349092 -15.576593399 -0.345069528 -0.085946694 -0.934633613 12.688125610
-0.935611844 0.006802560 0.352965027 176.451065063 -0.023744633 0.996337533 -0.082142465 -15.691333771 -0.352231145 -0.085234471 -0.932023823 11.522460938
-0.932242215 0.007464433 0.361758292 176.903533936 -0.023845714 0.996346295 -0.082008176 -15.811379433 -0.361048639 -0.085077874 -0.928658187 10.350448608
-0.928462684 0.010210505 0.371285260 177.369171143 -0.022867715 0.996154249 -0.084579319 -15.922279358 -0.370721042 -0.087019205 -0.924658716 9.194084167
-0.924323559 0.011198567 0.381445259 177.854492188 -0.022170024 0.996305168 -0.082972504 -16.042270660 -0.380965024 -0.085150108 -0.920660198 8.028034210
-0.919291258 0.014066494 0.393326670 178.353576660 -0.020891076 0.996208370 -0.084454328 -16.154445648 -0.393023282 -0.085855134 -0.915511608 6.857166290
-0.914004803 0.015494739 0.405407578 178.874420166 -0.020850014 0.996155977 -0.085080251 -16.275108337 -0.405167490 -0.086216524 -0.910168052 5.734085083
-0.907947659 0.017911609 0.418700755 179.404891968 -0.019271020 0.996245027 -0.084407359 -16.392621994 -0.418640375 -0.084706262 -0.904192984 4.592460632
-0.901497900 0.017124427 0.432444543 179.957763672 -0.020763710 0.996354878 -0.082739994 -16.497764587 -0.432285011 -0.083569072 -0.897856295 3.424400330
-0.895332813 0.019561326 0.444967777 180.529983521 -0.019279573 0.996396661 -0.082595825 -16.618583679 -0.444979995 -0.082529567 -0.891729653 2.297409058
-0.888241708 0.021888273 0.458854616 181.093124390 -0.017506417 0.996525705 -0.081424832 -16.730499268 -0.459042639 -0.080357835 -0.884772658 1.177612305
-0.880800307 0.023617953 0.472898573 181.684295654 -0.016006758 0.996698976 -0.079591580 -16.833393097 -0.473217309 -0.077673867 -0.877514780 0.068588257
-0.873481452 0.025154140 0.486207157 182.296539307 -0.014206705 0.996922195 -0.077098846 -16.939620972 -0.486650109 -0.074251808 -0.870435774 -1.016998291
-0.864895761 0.028587280 0.501136899 182.902786255 -0.010481944 0.997130573 -0.074971639 -17.045806885 -0.501842141 -0.070095524 -0.862114310 -2.085113525
-0.856685281 0.031212678 0.514894366 183.540405273 -0.008117367 0.997228265 -0.073957317 -17.147144318 -0.515775502 -0.067537725 -0.854057550 -3.104835510
-0.845806718 0.034550186 0.532369554 184.171798706 -0.004733005 0.997375429 -0.072248138 -17.247989655 -0.533468485 -0.063627668 -0.843423307 -4.151199341
-0.835351527 0.037285198 0.548450232 184.832839966 -0.001944694 0.997490406 -0.070774212 -17.350166321 -0.549712658 -0.060187910 -0.833182633 -5.152610779
-0.823740542 0.038726155 0.565643013 185.509109497 -0.000718382 0.997592449 -0.069345310 -17.458499908 -0.566966534 -0.057528883 -0.821729362 -6.166549683
-0.812594593 0.040390778 0.581428289 186.222198486 -0.000197136 0.997576714 -0.069575392 -17.551441193 -0.582829475 -0.056651197 -0.810617208 -7.139785767
-0.799425483 0.043153748 0.599213362 186.946838379 0.002462072 0.997643769 -0.068562925 -17.651533127 -0.600760102 -0.053335641 -0.797648072 -8.129096985
-0.785797477 0.044127405 0.616907895 187.699234009 0.003902509 0.997785389 -0.066400655 -17.739000320 -0.618471742 -0.049769975 -0.784229338 -9.089225769
-0.770356417 0.046364021 0.635925710 188.453079224 0.006401262 0.997864902 -0.064997837 -17.827552795 -0.637581468 -0.046000771 -0.769008398 -10.025062561
