1.000000000 0.000000000 0.000000000 0.000000000 0.000000000 1.000000000 0.000000000 0.000000000 0.000000000 0.000000000 1.000000000 0.000000000
0.999998629 0.000813621 0.001457946 -0.006296539 -0.000806950 0.999989212 -0.004570255 -0.002178217 -0.001461649 0.004569072 0.999988496 0.964022517
0.999996662 -0.001457126 0.002146049 -0.002629806 0.001468599 0.999984562 -0.005354282 -0.000893750 -0.002138214 0.005357416 0.999983370 1.918536901
0.999993443 -0.002484478 0.002627901 -0.009334522 0.002487728 0.999996126 -0.001234099 -0.004691937 -0.002624825 0.001240628 0.999995708 2.849948406
0.999985814 -0.004939146 0.001972948 -0.006514667 0.004929257 0.999975443 0.004985888 -0.008447024 -0.001997526 -0.004976092 0.999985635 3.798642635
0.999963820 -0.008509324 0.000375671 -0.003223320 0.008507339 0.999951363 0.005001029 -0.005236829 -0.000418208 -0.004997652 0.999987483 4.736653805
0.999936998 -0.011216199 -0.000304393 -0.004448051 0.011216813 0.999934852 0.002094272 -0.001928814 0.000280884 -0.002097554 0.999997735 5.666481972
0.999928832 -0.011861643 -0.001288517 -0.007758587 0.011859773 0.999928653 -0.001449705 0.003550628 0.001305621 0.001434320 0.999998093 6.592171192
0.999931395 -0.011579566 -0.001748636 -0.014489022 0.011576409 0.999931335 -0.001805204 -0.002932517 0.001769419 0.001784837 0.999996841 7.518087864
0.999929428 -0.011526507 -0.002884771 -0.023506641 0.011526934 0.999933541 0.000131380 -0.002104330 0.002883065 -0.000164624 0.999995828 8.430810928
0.999934793 -0.010957091 -0.003199694 -0.033565532 0.010965788 0.999936283 0.002713349 0.002683261 0.003169758 -0.002748260 0.999991179 9.372539520
0.999926805 -0.011300347 -0.004338767 -0.039832138 0.011319489 0.999926150 0.004413089 0.003135837 0.004288577 -0.004461879 0.999980807 10.293787956
0.999909699 -0.012499614 -0.004917229 -0.043668211 0.012525839 0.999907255 0.005339239 0.003118416 0.004850035 -0.005400351 0.999973655 11.206620216
0.999900103 -0.012841073 -0.005903685 -0.050253909 0.012873495 0.999902129 0.005487174 0.004520209 0.005832647 -0.005562627 0.999967456 12.120208740
0.999893367 -0.013056992 -0.006544088 -0.057886723 0.013083069 0.999906600 0.003958039 0.010032954 0.006491796 -0.004043234 0.999970734 13.018939018
0.999882996 -0.013349297 -0.007482771 -0.079087526 0.013363537 0.999908984 0.001856348 0.016062779 0.007457310 -0.001956127 0.999970317 13.928050041
0.999848306 -0.014671710 -0.009384574 -0.079028726 0.014674919 0.999892354 0.000273418 0.023717679 0.009379552 -0.000411095 0.999955893 14.832833290
0.999833226 -0.014450923 -0.011167540 -0.093260892 0.014448876 0.999895513 -0.000264083 0.020855386 0.011170190 0.000102680 0.999937534 15.729946136
0.999837995 -0.013121068 -0.012321980 -0.119329639 0.013107713 0.999913335 -0.001163946 0.022426020 0.012336186 0.001002245 0.999923408 16.632856369
0.999832571 -0.011382861 -0.014323839 -0.132168293 0.011369380 0.999934852 -0.001022421 0.019530620 0.014334544 0.000859397 0.999896824 17.527208328
0.999813378 -0.012150059 -0.015014433 -0.159126326 0.012146780 0.999926209 -0.000309571 0.019844016 0.015017087 0.000127136 0.999887228 18.421604156
0.999788761 -0.011870418 -0.016778260 -0.172794700 0.011895766 0.999928236 0.001411801 0.014990767 0.016760299 -0.001611093 0.999858260 19.303159714
0.999761462 -0.011519516 -0.018557044 -0.189389318 0.011552097 0.999931931 0.001649419 0.021111563 0.018536782 -0.001863398 0.999826491 20.186225891
0.999713719 -0.012748419 -0.020248799 -0.209279031 0.012790879 0.999916255 0.001968769 0.017062275 0.020222003 -0.002227205 0.999793112 21.062360764
0.999681652 -0.012594020 -0.021862242 -0.234889179 0.012613627 0.999920189 0.000759206 0.024388699 0.021850940 -0.001034726 0.999760687 21.937597275
0.999667287 -0.012463329 -0.022582728 -0.255839139 0.012505031 0.999920368 0.001706326 0.019014008 0.022559661 -0.001988156 0.999743462 22.800401688
0.999640048 -0.012310303 -0.023839373 -0.277467608 0.012395517 0.999917269 0.003429986 0.024526292 0.023795174 -0.003724252 0.999709904 23.656631470
0.999607146 -0.013518923 -0.024553170 -0.298621953 0.013678407 0.999886334 0.006339069 0.026904307 0.024464680 -0.006672427 0.999678433 24.501674652
0.999595940 -0.013363357 -0.025092207 -0.326796055 0.013566789 0.999876261 0.007954719 0.027624765 0.024982803 -0.008291923 0.999653459 25.344182968
0.999588907 -0.012877990 -0.025615288 -0.355705678 0.013049535 0.999893486 0.006541177 0.034171980 0.025528321 -0.006872756 0.999650419 26.176477432
0.999594450 -0.010868715 -0.026320325 -0.384883016 0.010981171 0.999931216 0.004131841 0.034695495 0.026273606 -0.004419194 0.999645054 26.988065720
0.999576867 -0.010592266 -0.027090557 -0.409108967 0.010657414 0.999940634 0.002261491 0.039493833 0.027064994 -0.002549249 0.999630451 27.780748367
0.999558091 -0.009761438 -0.028075740 -0.437023431 0.009814677 0.999950290 0.001759085 0.043443389 0.028057173 -0.002033862 0.999604285 28.577472687
0.999530613 -0.009463403 -0.029137453 -0.466990471 0.009508499 0.999953806 0.001409487 0.041759267 0.029122768 -0.001685879 0.999574423 29.359912872
0.999458313 -0.009779424 -0.031422157 -0.490449309 0.009809973 0.999951541 0.000818141 0.036963835 0.031412639 -0.001125949 0.999505877 30.148056030
0.999387801 -0.010101247 -0.033495158 -0.518967807 0.010132561 0.999948382 0.000765305 0.037470132 0.033485703 -0.001104228 0.999438584 30.913837433
0.999338329 -0.009548378 -0.035096493 -0.553718448 0.009614950 0.999952316 0.001728512 0.043633748 0.035078317 -0.002064820 0.999382377 31.675434113
0.999238968 -0.010109217 -0.037672576 -0.573251128 0.010266321 0.999939382 0.003979150 0.043890782 0.037630059 -0.004362880 0.999282181 32.442600250
0.999171138 -0.009143017 -0.039668083 -0.607220292 0.009362115 0.999941885 0.005340988 0.047257286 0.039616946 -0.005707938 0.999198675 33.176151276
0.999126554 -0.007709868 -0.041071024 -0.650690019 0.007947109 0.999952614 0.005616199 0.047370650 0.041025776 -0.005937688 0.999140501 33.902858734
0.999054551 -0.005287874 -0.043150984 -0.688957751 0.005510707 0.999972105 0.005046698 0.044266030 0.043123096 -0.005279720 0.999055743 34.626037598
0.998972118 -0.003692761 -0.045178223 -0.720580876 0.003894011 0.999982834 0.004367389 0.049820792 0.045161325 -0.004538825 0.998969376 35.335220337
0.998894513 -0.003256365 -0.046893500 -0.749454558 0.003504473 0.999980330 0.005209656 0.058493998 0.046875615 -0.005368235 0.998886287 36.049530029
0.998858750 -0.001895265 -0.047722500 -0.795511365 0.002241177 0.999971569 0.007195948 0.057061385 0.047707509 -0.007294691 0.998834729 36.734584808
0.998838842 0.000655831 -0.048169464 -0.830319822 -0.000280878 0.999969542 0.007790398 0.060090959 0.048173107 -0.007767823 0.998808861 37.411811829
0.998889625 0.003995159 -0.046941530 -0.869880438 -0.003733568 0.999976933 0.005659058 0.061616220 0.046963062 -0.005477515 0.998881638 38.090076447
0.998973787 0.005702342 -0.044930100 -0.907846451 -0.005581376 0.999980450 0.002817339 0.056772463 0.044945285 -0.002563676 0.998986185 38.727283478
0.999048710 0.005869179 -0.043211114 -0.932442546 -0.005839542 0.999982595 0.000812058 0.064027511 0.043215130 -0.000558952 0.999065697 39.373867035
0.999199033 0.007003428 -0.039399434 -0.972822726 -0.006941914 0.999974489 0.001697919 0.065741748 0.039410315 -0.001423052 0.999222159 40.009765625
0.999257982 0.011761644 -0.036676846 -0.998402953 -0.011601773 0.999922276 0.004568731 0.065566383 0.036727738 -0.004139824 0.999316752 40.646999359
0.999325216 0.016165022 -0.032981142 -1.020275593 -0.015918413 0.999843419 0.007726192 0.069966450 0.033100873 -0.007195971 0.999426126 41.280696869
0.999365151 0.020990483 -0.028786903 -1.043533921 -0.020749263 0.999747276 0.008652784 0.074269488 0.028961254 -0.008049985 0.999548137 41.886383057
0.999417305 0.024801238 -0.023445718 -1.064711213 -0.024601471 0.999658883 0.008770778 0.082947530 0.023655247 -0.008188869 0.999686599 42.473136902
0.999433100 0.028904621 -0.017258896 -1.088993073 -0.028719896 0.999528527 0.010856610 0.089727737 0.017564557 -0.010354782 0.999792099 43.044570923
0.999379277 0.033417873 -0.011141843 -1.089608312 -0.033282325 0.999372303 0.012137129 0.085721061 0.011540447 -0.011758770 0.999864280 43.592758179
0.999313951 0.036786467 -0.004266348 -1.093596578 -0.036734302 0.999256372 0.011720680 0.090652250 0.004694337 -0.011555920 0.999922216 44.125865936
0.999185383 0.040229857 0.003183104 -1.098399282 -0.040265214 0.999117434 0.011957492 0.089870520 -0.002699248 -0.012075920 0.999923408 44.634319305
0.998972476 0.044123679 0.010347567 -1.093025088 -0.044238873 0.998958468 0.011180549 0.097072147 -0.009843463 -0.011626823 0.999884009 45.133682251
0.998662949 0.048321135 0.018363839 -1.095243454 -0.048483174 0.998787999 0.008482981 0.100170046 -0.017931674 -0.009361978 0.999795377 45.600112915
0.998370647 0.050605584 0.026364461 -1.084546566 -0.050773010 0.998693764 0.005719886 0.097793601 -0.026040563 -0.007049168 0.999635994 46.060180664
0.998105943 0.051039226 0.034345251 -1.069788218 -0.051255934 0.998670638 0.005458510 0.100797862 -0.034020994 -0.007208569 0.999395132 46.489440918
0.997847378 0.050206337 0.042188887 -1.045330524 -0.050537743 0.998698771 0.006825018 0.102403708 -0.041791331 -0.008942457 0.999086380 46.889015198
0.997384667 0.052152295 0.050039392 -1.022364497 -0.052593786 0.998587430 0.007546223 0.104658432 -0.049575157 -0.010158248 0.998718798 47.275024414
0.996743321 0.055041593 0.058933232 -1.009958982 -0.055591121 0.998423755 0.007724896 0.102731526 -0.058415148 -0.010975903 0.998232067 47.637725830
0.995932937 0.059981335 0.067229308 -0.977970004 -0.060585734 0.998138547 0.006985747 0.106598690 -0.066685155 -0.011030473 0.997713149 47.962345123
0.995028794 0.063776590 0.076487273 -0.961081505 -0.064514332 0.997890711 0.007210949 0.103843555 -0.075866066 -0.012109628 0.997044504 48.267887115
0.994285405 0.063110009 0.086103134 -0.936918139 -0.064026155 0.997916758 0.007917719 0.101318933 -0.085424080 -0.013385326 0.996254802 48.548679352
0.993408084 0.061806232 0.096543171 -0.895751715 -0.062675446 0.998015940 0.005994227 0.101270355 -0.095981143 -0.012005601 0.995310783 48.826732635
0.992285430 0.060359839 0.108288065 -0.858997285 -0.060894102 0.998142838 0.001630735 0.098418556 -0.107988536 -0.008212259 0.994118154 49.087142944
0.990696609 0.061353780 0.121474281 -0.816752136 -0.061494447 0.998104036 -0.002594047 0.101470642 -0.121403113 -0.004900080 0.992591202 49.354892731
0.988579452 0.062878862 0.136955962 -0.776548326 -0.062815249 0.998013616 -0.004790612 0.099933147 -0.136985138 -0.003867021 0.990565598 49.616863251
0.986090004 0.064804606 0.153058559 -0.725795150 -0.064648516 0.997889996 -0.006001764 0.094714701 -0.153124556 -0.003976729 0.988198876 49.866256714
0.983276725 0.065318137 0.170001164 -0.672220886 -0.065052524 0.997856259 -0.007138132 0.092176713 -0.170102984 -0.004040246 0.985417962 50.123180389
0.980013549 0.064347431 0.188236311 -0.614272177 -0.063876130 0.997920930 -0.008575270 0.094268776 -0.188396782 -0.003619927 0.982086360 50.378765106
0.976148605 0.063702285 0.207547426 -0.544148624 -0.063271567 0.997958243 -0.008719807 0.089190185 -0.207679138 -0.004620024 0.978186071 50.613307953
0.971681058 0.063585900 0.227580264 -0.470995903 -0.062998347 0.997964978 -0.009852364 0.084960148 -0.227743596 -0.004763824 0.973709524 50.855354309
0.966406524 0.065849759 0.248439819 -0.393117547 -0.064837307 0.997820497 -0.012264773 0.085429117 -0.248705953 -0.004255409 0.968569636 51.095348358
0.960147798 0.067102134 0.271318406 -0.310627997 -0.065633513 0.997738481 -0.014494122 0.085881218 -0.271677405 -0.003891078 0.962380528 51.348789215
0.952892482 0.068524532 0.295466542 -0.214358240 -0.066940829 0.997636735 -0.015484676 0.074059628 -0.295829415 -0.005023541 0.955227613 51.580360413
0.944401503 0.071205020 0.320991606 -0.115509860 -0.069642216 0.997437775 -0.016362960 0.067159154 -0.321334273 -0.006901360 0.946940720 51.816268921
0.934574246 0.073219307 0.348152071 -0.005959307 -0.071652345 0.997278094 -0.017393449 0.057961911 -0.348477960 -0.008690440 0.937276721 52.051918030
0.923354149 0.073940203 0.376762450 0.113031462 -0.072176948 0.997214317 -0.018816510 0.051682811 -0.377104253 -0.009819260 0.926118791 52.289424896
0.910803080 0.071881428 0.406534880 0.256834507 -0.069329865 0.997372270 -0.021023225 0.043307755 -0.406977803 -0.009036983 0.913393378 52.528732300
0.895828366 0.069408745 0.438946277 0.399114132 -0.065644808 0.997559965 -0.023768028 0.036358409 -0.439524978 -0.007522471 0.898198903 52.756340027
0.878484726 0.068707265 0.472804129 0.555489242 -0.062996119 0.997623026 -0.027924500 0.025876055 -0.473598957 -0.005253577 0.880724967 52.979640961
0.859048486 0.070686586 0.506990433 0.720340788 -0.062424012 0.997493863 -0.033302784 0.022427589 -0.508073986 -0.003039670 0.861308098 53.201953888
0.837292075 0.072521515 0.541924953 0.908443570 -0.061919212 0.997364938 -0.037802208 0.012751433 -0.543238461 -0.001904076 0.839576364 53.428676605
0.812726974 0.075166389 0.577775776 1.104288459 -0.062728152 0.997167766 -0.041491248 0.002957501 -0.579258204 -0.002521747 0.815140247 53.655281067
0.785152256 0.079284288 0.614206731 1.310574651 -0.065837584 0.996836901 -0.044514269 -0.008383674 -0.615793228 -0.005487412 0.787888706 53.885276794
0.755227208 0.083811849 0.650082588 1.536712527 -0.069718584 0.996436596 -0.047470607 -0.022540800 -0.651744723 -0.009471742 0.758379281 54.115314484
0.722195387 0.084653676 0.686489344 1.795791864 -0.069166966 0.996346354 -0.050098829 -0.042322312 -0.688222110 -0.011301245 0.725411952 54.350566864
0.685605049 0.082245834 0.723312795 2.081774473 -0.065594763 0.996535063 -0.051137991 -0.060807101 -0.725012362 -0.012385061 0.688624442 54.577232361
0.646374762 0.080716856 0.758738697 2.369800091 -0.062708989 0.996644557 -0.052603763 -0.083786681 -0.760438979 -0.013577987 0.649267495 54.783226013
0.603709161 0.079979956 0.793182492 2.701471567 -0.060592908 0.996680081 -0.054380853 -0.106278412 -0.794898570 -0.015231016 0.606551170 55.003242493
0.557583749 0.079881310 0.826268315 3.063100338 -0.057045117 0.996693492 -0.057862252 -0.124272645 -0.828158319 -0.014871514 0.560296834 55.212406158
0.508703828 0.078559868 0.857349873 3.432107449 -0.053780556 0.996782780 -0.059425868 -0.150499105 -0.859260261 -0.015878594 0.511292279 55.407073975
0.460395187 0.077235058 0.884347796 3.859408855 -0.052381400 0.996835649 -0.059789285 -0.167393386 -0.886167228 -0.018796680 0.462984085 55.591865540
0.411339045 0.074826181 0.908405840 4.296556950 -0.051403925 0.996942937 -0.058842629 -0.189142421 -0.910031796 -0.022491353 0.413927972 55.751583099
0.360830128 0.074707471 0.929634631 4.754364967 -0.054599147 0.996769011 -0.058910329 -0.209714383 -0.931032062 -0.029500639 0.363743275 55.914646149
0.311301023 0.075348847 0.947319567 5.216475964 -0.053082179 0.996674120 -0.061830994 -0.231769234 -0.948827684 -0.031037731 0.314265370 56.045448303
0.264225900 0.071808174 0.961783886 5.684145451 -0.042104945 0.997132540 -0.062880062 -0.266311675 -0.963541329 -0.023881311 0.266491711 56.126220703
0.219954088 0.066092663 0.973268688 6.196585178 -0.028596070 0.997710288 -0.061289854 -0.290235996 -0.975091040 -0.014350699 0.221340448 56.203800201
0.177773327 0.065149456 0.981912553 6.723075390 -0.019144787 0.997846246 -0.062740512 -0.318351060 -0.983885229 -0.007644914 0.178637758 56.267684937
0.139164537 0.066518381 0.988032639 7.262256145 -0.016332788 0.997759938 -0.064872779 -0.345221162 -0.990134537 -0.007109335 0.139939204 56.323444366
0.106665052 0.067376412 0.992009580 7.768430710 -0.007731969 0.997727454 -0.066933386 -0.378221393 -0.994264960 -0.000530733 0.106943600 56.340419769
0.077590704 0.065731481 0.994816065 8.329105377 -0.000375790 0.997826159 -0.065901041 -0.413364589 -0.996985257 0.004739466 0.077446714 56.363719940
0.052701145 0.063704029 0.996576309 8.898117065 0.005971234 0.997925282 -0.064106025 -0.452231109 -0.998592436 0.009329252 0.052211400 56.373966217
0.032739088 0.062911279 0.997482002 9.476229668 0.011260892 0.997930586 -0.063309163 -0.475499570 -0.999400496 0.013305220 0.031962894 56.376029968
0.016963098 0.064983897 0.997742116 10.053345680 0.014077817 0.997771144 -0.065225147 -0.501316607 -0.999756992 0.015152450 0.016010460 56.371810913
0.003543570 0.065043844 0.997876167 10.648417473 0.014835000 0.997769117 -0.065089554 -0.530376732 -0.999883592 0.015034142 0.002570739 56.367427826
-0.008060449 0.065831698 0.997798145 11.260555267 0.015658932 0.997716546 -0.065699808 -0.568934619 -0.999844968 0.015094884 -0.009072900 56.360656738
-0.017132467 0.068390660 0.997511446 11.874597549 0.020559680 0.997471094 -0.068034776 -0.608414054 -0.999641836 0.019342916 -0.018495230 56.341026306
-0.023618001 0.070332661 0.997243881 12.496062279 0.024880135 0.997254610 -0.069744170 -0.641603947 -0.999411404 0.023164349 -0.025303047 56.312919617
-0.028297679 0.069726236 0.997164786 13.150568962 0.025152707 0.997298002 -0.069021769 -0.680134237 -0.999283075 0.023128232 -0.029975021 56.300991058
-0.031898454 0.067104064 0.997236013 13.796663284 0.022650652 0.997535884 -0.066399731 -0.708039403 -0.999234498 0.020469991 -0.033339806 56.280963898
-0.034499761 0.060218316 0.997588813 14.486002922 0.020564364 0.998014510 -0.059532832 -0.748880386 -0.999193132 0.018460913 -0.035669614 56.264301300
-0.035640687 0.054649718 0.997869372 15.174931526 0.021812692 0.998308361 -0.053894687 -0.781820297 -0.999126613 0.019845374 -0.036772456 56.236770630
-0.036205307 0.051878091 0.997996926 15.850670815 0.024178289 0.998404801 -0.051022153 -0.817000091 -0.999051869 0.022282584 -0.037401877 56.209747314
-0.036133364 0.054037884 0.997884929 16.557611465 0.027843636 0.998203754 -0.053046931 -0.858339071 -0.998959005 0.025867982 -0.037573073 56.185810089
-0.034924950 0.061587993 0.997490466 17.263437271 0.028845349 0.997745574 -0.060593788 -0.887379944 -0.998973548 0.026656725 -0.036622744 56.156528473
-0.032956727 0.069553524 0.997033656 17.985256195 0.029595159 0.997205973 -0.068587296 -0.927434266 -0.999018431 0.027246954 -0.034923099 56.132453918
-0.031180456 0.070570029 0.997019291 18.703540802 0.030356266 0.997111082 -0.069627166 -0.959497869 -0.999052644 0.028094783 -0.033232622 56.120471954
-0.029005745 0.066170417 0.997386634 19.441537857 0.029565586 0.997426748 -0.065313257 -1.001990318 -0.999141932 0.027593864 -0.030887468 56.099491119
-0.026380625 0.059786312 0.997862577 20.184070587 0.029054742 0.997834027 -0.059016481 -1.043116927 -0.999229610 0.027435750 -0.028060572 56.080688477
-0.023238517 0.057917185 0.998050869 20.924022675 0.027948327 0.997967839 -0.057261635 -1.090360403 -0.999339223 0.026563179 -0.024809984 56.065975189
-0.020332957 0.063148610 0.997797012 21.678880692 0.034931503 0.997438848 -0.062414117 -1.141735911 -0.999182820 0.033585478 -0.022486756 56.048366547
-0.017064707 0.068584055 0.997499406 22.414985657 0.036621671 0.997018099 -0.067924462 -1.182718754 -0.999183476 0.035370983 -0.019525483 56.033054352
-0.014898678 0.069329239 0.997482598 23.154855728 0.030409288 0.997163296 -0.068852834 -1.222798944 -0.999426425 0.029306917 -0.016964667 56.040100098
-0.011605556 0.065612972 0.997777641 23.916143417 0.026277240 0.997520268 -0.065290421 -1.268209815 -0.999587357 0.025461111 -0.013300906 56.045082092
-0.006747040 0.062253904 0.998037517 24.654586792 0.029938260 0.997625291 -0.062025815 -1.315088749 -0.999529004 0.029461013 -0.008594793 56.026184082
-0.002996554 0.063120760 0.998001397 25.397586823 0.034486786 0.997418642 -0.062980361 -1.363969564 -0.999400735 0.034229137 -0.005165651 56.016506195
-0.000607518 0.067444406 0.997722864 26.131456375 0.034090601 0.997144461 -0.067384556 -1.410690188 -0.999418616 0.033972036 -0.002905003 56.024826050
0.003533047 0.067947224 0.997682631 26.876718521 0.030281773 0.997224092 -0.068023227 -1.457614183 -0.999535143 0.030451933 0.001465677 56.032043457
0.006829341 0.067954227 0.997665048 27.647205353 0.029653724 0.997235775 -0.068127960 -1.497931004 -0.999536872 0.030049754 0.004795368 56.044689178
0.010545385 0.065027870 0.997827709 28.388669968 0.033333499 0.997305691 -0.065346122 -1.544274092 -0.999388635 0.033950191 0.008349367 56.049457550
0.014265805 0.065484628 0.997751534 29.129583359 0.038014084 0.997096181 -0.065985128 -1.592884064 -0.999175370 0.038869947 0.011735043 56.055027008
0.017493529 0.066267133 0.997648537 29.888570786 0.040535420 0.996933818 -0.066930436 -1.642952085 -0.999024868 0.041610956 0.014753725 56.075538635
0.020485120 0.066100128 0.997602701 30.647165298 0.041382693 0.996900856 -0.066903383 -1.689958215 -0.998933375 0.042654008 0.017686233 56.081104279
0.024175709 0.064878687 0.997600317 31.400810242 0.042832464 0.996908367 -0.065871678 -1.732204199 -0.998789787 0.044322170 0.021322053 56.099868774
0.027412340 0.063911512 0.997578979 32.151088715 0.044908866 0.996867716 -0.065099984 -1.777552843 -0.998615026 0.046584684 0.024456279 56.126834869
0.030465942 0.063843794 0.997494698 32.899547577 0.043401390 0.996932387 -0.065133370 -1.827752829 -0.998593092 0.045277007 0.027601572 56.145332336
0.033595715 0.065682486 0.997274876 33.663845062 0.040361442 0.996934950 -0.067019776 -1.874095798 -0.998620152 0.042503033 0.030841704 56.176837921
0.036320243 0.066018082 0.997157216 34.417419434 0.042219065 0.996823311 -0.067533746 -1.915840626 -0.998448014 0.044551894 0.033417642 56.205070496
0.039072573 0.066137731 0.997045219 35.190193176 0.039820552 0.996911526 -0.067689352 -1.958399892 -0.998442590 0.042347688 0.036318257 56.241634369
0.041194018 0.066122398 0.996960878 35.937709808 0.038304601 0.996969759 -0.067705713 -2.007879734 -0.998416662 0.040977258 0.038536400 56.282604218
0.044292714 0.065921247 0.996841311 36.702365875 0.035709962 0.997078478 -0.067523614 -2.058914900 -0.998380244 0.038587965 0.041809261 56.313518524
0.047372844 0.068212003 0.996545494 37.465194702 0.034219578 0.996969163 -0.069867700 -2.102497101 -0.998290896 0.037411187 0.044895083 56.357192993
0.051220637 0.072404295 0.996059239 38.230712891 0.033181984 0.996694446 -0.074156784 -2.142919064 -0.998135924 0.036849577 0.048648801 56.394710541
0.054225974 0.073994614 0.995783210 38.997299194 0.033569377 0.996551752 -0.075879753 -2.201386452 -0.997964203 0.037542477 0.051555030 56.444759369
0.057020150 0.076025747 0.995474160 39.765857697 0.027561754 0.996596515 -0.077690177 -2.256391287 -0.997992516 0.031866919 0.054730680 56.499931335
0.059580911 0.075409099 0.995371103 40.560009003 0.023672342 0.996755362 -0.076930955 -2.306053877 -0.997942746 0.028146381 0.057602480 56.560821533
0.063604020 0.075697497 0.995100260 41.336265564 0.026109042 0.996651649 -0.077484332 -2.363763094 -0.997633576 0.030909425 0.061414652 56.610954285
0.067287073 0.076715484 0.994780004 42.102531433 0.024917543 0.996599436 -0.078541219 -2.422936678 -0.997422457 0.030072281 0.065146692 56.664440155
0.070713893 0.077994607 0.994442821 42.891868591 0.021404160 0.996590197 -0.079685077 -2.473145962 -0.997266948 0.026920054 0.068803370 56.740962982
0.075135343 0.076047406 0.994269431 43.684581757 0.020457439 0.996760249 -0.077783883 -2.529046059 -0.996963501 0.026184516 0.073336191 56.797092438
0.080175057 0.075925604 0.993884921 44.481555939 0.020760139 0.996751249 -0.077819265 -2.591287851 -0.996564627 0.026872354 0.078338355 56.861736298
0.085230872 0.079694591 0.993168890 45.266525269 0.017278835 0.996527851 -0.081446946 -2.646973848 -0.996211410 0.024102598 0.083557896 56.938907623
0.090863250 0.088152863 0.991954029 46.059547424 0.015216575 0.995835423 -0.089891613 -2.711035967 -0.995747149 0.023261992 0.089143440 57.017696381
0.098376691 0.093045935 0.990789771 46.855712891 0.013916309 0.995393395 -0.094860025 -2.772366047 -0.995051980 0.023120156 0.096628658 57.100646973
0.105911843 0.096124947 0.989718437 47.664344788 0.009302749 0.995177329 -0.097650647 -2.839909792 -0.994332075 0.019549463 0.104506850 57.194164276
0.112739570 0.094180793 0.989151001 48.475139618 0.005749508 0.995419264 -0.095432922 -2.910695553 -0.993607998 0.016446197 0.111681640 57.306297302
0.119949698 0.092645407 0.988447666 49.280372620 0.005916769 0.995551765 -0.094029270 -2.981767416 -0.992762327 0.017127199 0.118867993 57.409778595
0.127315238 0.088874325 0.987872601 50.090122223 0.005840065 0.995893061 -0.090348564 -3.052494526 -0.991845131 0.017271990 0.126273334 57.521923065
0.134687379 0.083545715 0.987359822 50.902328491 0.003840090 0.996387661 -0.084833443 -3.117536306 -0.990880668 0.015217545 0.133880049 57.643074036
0.142038196 0.076029584 0.986936927 51.724319458 0.001018092 0.997034073 -0.076953955 -3.185642958 -0.989860713 0.011935191 0.141539529 57.770507812
0.149808615 0.073450826 0.985982895 52.518901825 0.001419811 0.997219741 -0.074503638 -3.245353937 -0.988713980 0.012561196 0.149287820 57.889511108
0.157049999 0.075359546 0.984711230 53.323497772 0.001142305 0.997069895 -0.076487519 -3.304877758 -0.987590015 0.013137208 0.156503767 58.015846252
0.162831172 0.082321689 0.983213663 54.113986969 0.001576731 0.996490180 -0.083694413 -3.360964298 -0.986652672 0.015178325 0.162129879 58.151721954
0.167849705 0.085956529 0.982058048 54.895286560 -0.000027514 0.996191800 -0.087188907 -3.420931101 -0.985812604 0.014607612 0.167212859 58.292842865
0.172595218 0.088545643 0.981004775 55.673072815 -0.000824314 0.995963931 -0.089750811 -3.488380671 -0.984992564 0.014681906 0.171971604 58.444625854
0.178558156 0.088272482 0.979961693 56.429271698 -0.002433721 0.996004105 -0.089274094 -3.545857668 -0.983926415 0.013555664 0.178059489 58.580093384
0.183818460 0.085308962 0.979251325 57.205272675 0.001332991 0.996204317 -0.087036066 -3.617227793 -0.982959390 0.017304171 0.183007032 58.730121613
0.187801048 0.078471392 0.979067385 57.945842743 0.001312438 0.996782482 -0.080142990 -3.682351828 -0.982206225 0.016335899 0.187093839 58.871582031
0.191111848 0.072265394 0.978904486 58.694900513 -0.000460589 0.997292638 -0.073532946 -3.741760492 -0.981568158 0.013602142 0.190627739 59.024421692
0.193866953 0.069005311 0.978597820 59.436801910 -0.004136873 0.997571766 -0.069523685 -3.797712803 -0.981019080 0.009430010 0.193681657 59.192558289
0.197370395 0.068996295 0.977897942 60.152370453 -0.005788742 0.997584879 -0.069216967 -3.850702524 -0.980311930 0.008000582 0.197293103 59.336250305
0.199435651 0.070847183 0.977346420 60.877250671 -0.007776638 0.997466028 -0.070718743 -3.902268887 -0.979880095 0.006503369 0.199481204 59.494796753
0.201297089 0.075658560 0.976603925 61.569690704 -0.011984127 0.997128129 -0.074778423 -3.952514410 -0.979456961 0.003348935 0.201625675 59.637042999
0.203243896 0.079513386 0.975894213 62.269050598 -0.012755124 0.996827602 -0.078562543 -4.009974480 -0.979045033 0.003519704 0.203613296 59.793884277
0.205166936 0.084931366 0.975034952 62.952110291 -0.013189710 0.996377170 -0.084015034 -4.063033104 -0.978638053 0.004376676 0.205543876 59.944309235
0.206890315 0.086860619 0.974500716 63.628376007 -0.012354699 0.996203721 -0.086172119 -4.117357254 -0.978286088 0.005788515 0.207178041 60.092117310
0.208363026 0.086783350 0.974193811 64.301208496 -0.015075336 0.996222317 -0.085521348 -4.173390865 -0.977935374 0.003133188 0.208884180 60.244632721
0.208874181 0.083765149 0.974348485 64.966491699 -0.014725940 0.996481359 -0.082511067 -4.231696129 -0.977831662 0.002886234 0.209372744 60.393054962
0.209570527 0.081310295 0.974406898 65.614158630 -0.014912304 0.996686280 -0.079962187 -4.284715176 -0.977679789 0.002227063 0.210088611 60.535583496
0.209772989 0.080227681 0.974453092 66.261726379 -0.013907505 0.996771991 -0.079071313 -4.336029530 -0.977651179 0.003034815 0.210211620 60.671207428
0.207979575 0.079406127 0.974904656 66.901191711 -0.013954711 0.996838808 -0.078215666 -4.386215687 -0.978033602 0.002662747 0.208430186 60.817836761
0.206466064 0.080304816 0.975152731 67.522499084 -0.015482075 0.996769607 -0.078807011 -4.439111710 -0.978331208 0.001173588 0.207042396 60.950477600
0.203572571 0.083340578 0.975506246 68.136573792 -0.016575402 0.996521056 -0.081676915 -4.491575718 -0.978919506 0.000457771 0.204245731 61.092323303
0.201869890 0.087053493 0.975535810 68.736831665 -0.014316465 0.996197879 -0.085934766 -4.543484211 -0.979307652 0.003381416 0.202348635 61.213150024
0.200211391 0.087698005 0.975820005 69.337364197 -0.011780079 0.996129394 -0.087106302 -4.586084366 -0.979681849 0.005944437 0.200469553 61.334243774
0.197865278 0.086544178 0.976401329 69.924339294 -0.012634972 0.996237278 -0.085741922 -4.632983208 -0.980147839 0.004628546 0.198214263 61.454589844
0.195736021 0.083572797 0.977089107 70.509414673 -0.012835884 0.996495008 -0.082661293 -4.680983067 -0.980572522 0.003637991 0.196122706 61.570316315
0.193527311 0.079702139 0.977852106 71.092071533 -0.012755334 0.996814907 -0.078723334 -4.734786510 -0.981011927 0.002762284 0.193927541 61.687870026
0.191734120 0.078570627 0.978296816 71.643966675 -0.008848247 0.996888220 -0.078329623 -4.784642696 -0.981407046 0.006362249 0.191832706 61.791591644
0.190126032 0.080169261 0.978480935 72.198020935 -0.005194768 0.996728480 -0.080654949 -4.825644970 -0.981745958 0.010251625 0.189920515 61.891639709
0.187608540 0.082103401 0.978806436 72.749412537 -0.000948553 0.996515095 -0.083407007 -4.868135452 -0.982243538 0.014719419 0.187032625 61.993553162
0.185846463 0.084179558 0.978966236 73.298797607 -0.001639643 0.996348500 -0.085362963 -4.907071114 -0.982577503 0.014259250 0.185305893 62.103805542
0.184651762 0.086743534 0.978968501 73.840515137 -0.001817305 0.996125698 -0.087921008 -4.951301098 -0.982802391 0.014455684 0.184094012 62.205535889
0.183735147 0.085467927 0.979253113 74.395355225 -0.000148857 0.996215165 -0.086920425 -4.995397568 -0.982975841 0.015824568 0.183052465 62.303394318
0.184146136 0.083582863 0.979338527 74.932334900 0.005611568 0.996272147 -0.086083233 -5.039560318 -0.982882857 0.021347521 0.182990626 62.396793365
0.186319917 0.081877396 0.979071438 75.487892151 0.010614687 0.996295631 -0.085337795 -5.077945709 -0.982431829 0.026292669 0.184760585 62.495243073
0.188430011 0.081476636 0.978701055 76.044303894 0.013507349 0.996243358 -0.085537620 -5.118908405 -0.981993675 0.029337512 0.186621621 62.600574493
0.191714615 0.081275590 0.978079617 76.590446472 0.010565696 0.996336520 -0.084863685 -5.164505005 -0.981393814 0.026603702 0.190153569 62.711086273
0.197311416 0.081724852 0.976928473 77.157875061 0.009755554 0.996306241 -0.085316226 -5.211970806 -0.980292380 0.026364345 0.195785329 62.836601257
0.204044089 0.080509394 0.975645542 77.717643738 0.011134547 0.996357322 -0.084547155 -5.256447792 -0.978898406 0.028114723 0.202404365 62.956012726
0.211110726 0.081080191 0.974093556 78.265365601 0.008562561 0.996362090 -0.084789455 -5.293253422 -0.977424562 0.026240701 0.209648490 63.085960388
0.219263345 0.078997970 0.972462296 78.837249756 0.009120225 0.996507227 -0.083007611 -5.336809635 -0.975623012 0.027069602 0.217777029 63.228153229
0.228258625 0.078921407 0.970396578 79.413452148 0.005696206 0.996583819 -0.082391061 -5.380065918 -0.973583817 0.024334051 0.227029279 63.372756958
0.237848088 0.078203887 0.968149006 79.998710632 0.004494037 0.996654093 -0.081610508 -5.431601524 -0.971291959 0.023761801 0.236700833 63.525192261
0.247248188 0.082000494 0.965476155 80.582397461 -0.001165445 0.996437073 -0.084331617 -5.482327461 -0.968951464 0.019725630 0.246462822 63.697097778
0.256872088 0.084455878 0.962748110 81.189949036 -0.004568773 0.996269286 -0.086177491 -5.520722389 -0.966434598 0.017738011 0.256299645 63.870655060
0.267709821 0.087105878 0.959554076 81.786941528 -0.008668429 0.996082485 -0.088003404 -5.569716454 -0.963460624 0.015241545 0.267416090 64.046218872
0.277908117 0.088855229 0.956489325 82.400688171 -0.010045231 0.995927155 -0.089600258 -5.621983051 -0.960555136 0.015292479 0.277668804 64.236946106
0.287762821 0.089845166 0.953478098 83.027587891 -0.012971507 0.995864093 -0.089924321 -5.669066906 -0.957613885 0.013508826 0.287738144 64.438667297
0.298220932 0.090507112 0.950196147 83.656448364 -0.014443173 0.995808244 -0.090318680 -5.722492218 -0.954387605 0.013211076 0.298278064 64.641784668
0.308218688 0.091536678 0.946901381 84.283065796 -0.018716915 0.995750904 -0.090166561 -5.764019966 -0.951131344 0.010067943 0.308622330 64.860931396
0.318426460 0.086734638 0.943971157 84.941574097 -0.017965499 0.996178627 -0.085471377 -5.811855793 -0.947777331 0.010257431 0.318767875 65.094680786
0.329335183 0.079409949 0.940867901 85.603424072 -0.014380654 0.996763349 -0.079093881 -5.867010593 -0.944103539 0.012518101 0.329411238 65.324180603
0.340163618 0.075485133 0.937331676 86.265686035 -0.013233931 0.997058570 -0.075492360 -5.915582657 -0.940273166 0.013275173 0.340162009 65.576927185
0.350464761 0.072295450 0.933781445 86.947135925 -0.014289244 0.997313023 -0.071851186 -5.965845108 -0.936466932 0.011838282 0.350556105 65.841957092
0.360025316 0.070025325 0.930310845 87.635528564 -0.008042219 0.997375071 -0.071961008 -6.005717754 -0.932907939 0.018426020 0.359643400 66.107948303
0.368649185 0.064638235 0.927318633 88.334465027 -0.001287134 0.997613966 -0.069026463 -6.044106483 -0.929567695 0.024252966 0.367852867 66.378463745
0.375698268 0.055375736 0.925086141 89.054000854 0.008182736 0.997976065 -0.063062131 -6.087028503 -0.926705956 0.031262070 0.374484777 66.659179688
0.382584244 0.050759681 0.922525167 89.758384705 0.013570798 0.998073161 -0.060544536 -6.131900787 -0.923820972 0.035682783 0.381158173 66.953811646
0.389631480 0.050732583 0.919572473 90.460639954 0.015163383 0.997992814 -0.061483882 -6.183613300 -0.920846045 0.037899882 0.388080150 67.258117676
0.397244334 0.057113580 0.915933967 91.174171448 0.017503349 0.997408450 -0.069785245 -6.222432137 -0.917546034 0.043753695 0.395215183 67.563133240
0.404608607 0.061318457 0.912431896 91.890068054 0.021587590 0.996830940 -0.076563165 -6.266548634 -0.914235115 0.050675314 0.402002692 67.876121521
0.410061955 0.063364305 0.909853935 92.595809937 0.019776354 0.996731520 -0.078327648 -6.319257736 -0.911843240 0.050112788 0.407468528 68.197029114
0.414359063 0.064750217 0.907807231 93.283073425 0.012629914 0.996960819 -0.076873988 -6.378819942 -0.910025895 0.043318961 0.412281960 68.525344849
0.418185115 0.069019437 0.905735910 93.975296021 0.005560538 0.996895909 -0.078533418 -6.431298256 -0.908344805 0.037877884 0.416503251 68.867286682
0.422220707 0.071923144 0.903635263 94.656692505 0.004851537 0.996653855 -0.081593648 -6.493667126 -0.906480014 0.038834553 0.420458943 69.188041687
0.425951540 0.076481812 0.901507556 95.328590393 0.001524893 0.996358514 -0.085249238 -6.548561096 -0.904744625 0.037686743 0.424283832 69.517219543
0.429499298 0.079278223 0.899580598 95.989318848 -0.001381267 0.996195734 -0.087133229 -6.608049393 -0.903066158 0.036181103 0.427974880 69.841384888
0.433355153 0.077358834 0.897896945 96.642677307 -0.002433114 0.996405900 -0.084671624 -6.673167229 -0.901219964 0.034508198 0.431985825 70.164382935
0.437663227 0.074648753 0.896034837 97.299026489 -0.001580948 0.996609986 -0.082255453 -6.729101181 -0.899137557 0.034583613 0.436297566 70.485450745
0.441085964 0.071550786 0.894608080 97.933395386 -0.001327531 0.996867895 -0.079074971 -6.784879684 -0.897463799 0.033691242 0.439799428 70.805595398
0.444622040 0.070746481 0.892920017 98.564727783 -0.002487199 0.996969640 -0.077751897 -6.842805862 -0.895714819 0.032349337 0.443450719 71.130455017
0.447935909 0.072729990 0.891102552 99.176239014 -0.004946431 0.996872187 -0.078876235 -6.894891262 -0.894051909 0.030923728 0.446894675 71.445960999
0.450579256 0.072946213 0.889751196 99.784950256 -0.004043315 0.996812642 -0.079676054 -6.954036713 -0.892727256 0.032302842 0.449438035 71.760955811
0.452710599 0.070714258 0.888849020 100.378837585 -0.001492087 0.996908903 -0.078551240 -7.005584240 -0.891656220 0.034234740 0.451416761 72.064094543
0.454601705 0.069726795 0.887961388 100.976463318 -0.000127041 0.996936142 -0.078218967 -7.063186646 -0.890694857 0.035445664 0.453217775 72.368263245
0.456649303 0.069796391 0.886904597 101.564102173 -0.000738381 0.996947110 -0.078076191 -7.101851940 -0.889646471 0.034998558 0.455306709 72.671768188
0.458588541 0.069233857 0.885947645 102.139907837 0.000711350 0.996931553 -0.078275084 -7.151229382 -0.888648391 0.036526278 0.457132101 72.972991943
0.461173385 0.071175441 0.884450734 102.700462341 -0.000105796 0.996782005 -0.080160037 -7.198503494 -0.887310028 0.036874108 0.459696889 73.264068604
0.464212179 0.070680492 0.882899344 103.258537292 0.003375742 0.996662438 -0.081562690 -7.250388622 -0.885717630 0.040842827 0.462424248 73.557792664
0.467147350 0.070424482 0.881370366 103.809745789 0.004678969 0.996612072 -0.082112648 -7.299434185 -0.884167135 0.042482611 0.465235114 73.851509094
0.469901472 0.068755135 0.880037069 104.349075317 0.007556817 0.996612132 -0.081897840 -7.352920055 -0.882686496 0.045134198 0.467789888 74.160247803
0.473671407 0.067428716 0.878116608 104.857528687 0.008825989 0.996651292 -0.081291616 -7.400516033 -0.880657434 0.046255775 0.471490085 74.405105591
0.476904690 0.067122385 0.876388311 105.376091003 0.010194030 0.996590376 -0.081875920 -7.443454742 -0.878895938 0.047980942 0.474594384 74.689231873
0.480461597 0.066216208 0.874512494 105.891242981 0.010562339 0.996636450 -0.081266157 -7.494613171 -0.876952231 0.048282169 0.478146106 74.973915100
0.483434618 0.065446369 0.872930586 106.397155762 0.012450014 0.996586442 -0.081612140 -7.540308475 -0.875291884 0.050322130 0.480969518 75.265365601
0.487777591 0.066664398 0.870418787 106.901214600 0.011870208 0.996481240 -0.082971379 -7.587882519 -0.872887194 0.050803635 0.485269874 75.540687561
0.491315573 0.067091115 0.868393779 107.402565002 0.013698769 0.996310234 -0.084724218 -7.637039661 -0.870873868 0.053522255 0.488583684 75.843528748
0.496587574 0.070406914 0.865126371 107.887771606 0.011555945 0.996080101 -0.087697566 -7.682453632 -0.867909670 0.053546872 0.493827403 76.120094299
0.502198696 0.076218009 0.861386836 108.371444702 0.008180507 0.995644867 -0.092866905 -7.728569508 -0.864713609 0.053684220 0.499388069 76.408622742
0.507811487 0.083597235 0.857402503 108.855377197 0.002907692 0.995108426 -0.098745801 -7.776813030 -0.861463249 0.052637305 0.505084395 76.714569092
0.513252139 0.089423530 0.853566408 109.329772949 -0.002337958 0.994698942 -0.102803394 -7.836256504 -0.858234704 0.050768465 0.510740399 77.026382446
0.520086825 0.094065681 0.848917723 109.804374695 -0.006212430 0.994307220 -0.106369764 -7.888626575 -0.854090810 0.050047666 0.517710507 77.318122864
0.525783837 0.094263397 0.845379114 110.293586731 -0.010458882 0.994482040 -0.104384109 -7.941585541 -0.850553989 0.046041746 0.523868442 77.631835938
0.531195462 0.093564212 0.842067122 110.786361694 -0.017019726 0.994861364 -0.099805139 -7.994675636 -0.847078383 0.038684279 0.530058384 77.960914612
0.536879539 0.091126002 0.838723063 111.284828186 -0.023098521 0.995364547 -0.093359135 -8.047579765 -0.843342602 0.030749347 0.536495745 78.302436829
0.542494833 0.089569479 0.835270464 111.788208008 -0.030109322 0.995733976 -0.087221086 -8.105676651 -0.839519441 0.022167562 0.542877197 78.648628235
0.548615098 0.087285809 0.831506312 112.296470642 -0.032510933 0.996010423 -0.083104111 -8.156617165 -0.835442722 0.018559122 0.549264014 78.998809814
0.554925859 0.090834327 0.826925874 112.809494019 -0.037151832 0.995735228 -0.084445804 -8.199151993 -0.831069827 0.016139342 0.555933833 79.361778259
0.560720146 0.095188580 0.822515666 113.327766418 -0.041574970 0.995353639 -0.086848646 -8.247406960 -0.826961100 0.014501712 0.562072158 79.740226746
0.566995144 0.098698467 0.817786694 113.853454590 -0.044059105 0.995008171 -0.089539841 -8.288463593 -0.822542012 0.014737696 0.568513334 80.118408203
0.573107481 0.100814246 0.813255370 114.380348206 -0.046617873 0.994807601 -0.090468168 -8.340978622 -0.818153143 0.013935745 0.574831367 80.507804871
