1.000000000 0.000000000 0.000000000 0.000000000 0.000000000 1.000000000 0.000000000 0.000000000 0.000000000 0.000000000 1.000000000 0.000000000
0.999998629 0.000775206 0.001468626 -0.006224984 -0.000768479 0.999989212 -0.004575302 -0.002282407 -0.001472157 0.004574167 0.999988437 0.964213431
0.999996662 -0.001450906 0.002145176 -0.002619945 0.001462351 0.999984682 -0.005343006 -0.000897730 -0.002137390 0.005346125 0.999983430 1.918587446
0.999993145 -0.002479410 0.002753414 -0.011758156 0.002482950 0.999996066 -0.001283080 -0.004358873 -0.002750222 0.001289908 0.999995351 2.850506067
0.999985516 -0.004918064 0.002148035 -0.009165248 0.004907454 0.999975860 0.004916620 -0.008066526 -0.002172163 -0.004906008 0.999985576 3.798582792
0.999963641 -0.008504792 0.000582543 -0.006012841 0.008501760 0.999951243 0.005024358 -0.005069181 -0.000625246 -0.005019223 0.999987304 4.736455441
0.999938428 -0.011095001 -0.000048908 -0.008972850 0.011095081 0.999936223 0.002098433 -0.003222559 0.000025623 -0.002098847 0.999997795 5.666717052
0.999929905 -0.011786947 -0.001067435 -0.012302555 0.011785264 0.999929309 -0.001568899 0.002978033 0.001085852 0.001556208 0.999998152 6.591518402
0.999933720 -0.011423028 -0.001451772 -0.018978771 0.011420351 0.999933124 -0.001838290 -0.003181143 0.001472674 0.001821588 0.999997258 7.520504951
0.999933243 -0.011270114 -0.002556118 -0.028115870 0.011270241 0.999936461 0.000034985 -0.002514795 0.002555561 -0.000063790 0.999996781 8.434876442
0.999937177 -0.010840856 -0.002882183 -0.037842676 0.010848601 0.999937534 0.002685262 0.002447391 0.002852893 -0.002716361 0.999992251 9.374910355
0.999931812 -0.011059123 -0.003742474 -0.047246281 0.011075320 0.999929130 0.004335264 0.004847284 0.003694265 -0.004376417 0.999983609 10.297586441
0.999912441 -0.012422163 -0.004551944 -0.048037946 0.012444849 0.999910116 0.004989960 0.007447198 0.004489549 -0.005046171 0.999977112 11.213171959
0.999903440 -0.012727628 -0.005578447 -0.054722767 0.012756600 0.999905169 0.005189052 0.008137129 0.005511875 -0.005259713 0.999970913 12.127944946
0.999898314 -0.012923305 -0.006027776 -0.063342169 0.012944734 0.999909997 0.003529361 0.014930062 0.005981623 -0.003607031 0.999975562 13.028157234
0.999886930 -0.013289747 -0.007025919 -0.083558686 0.013300911 0.999910355 0.001544864 0.018974729 0.007004757 -0.001638141 0.999974132 13.936634064
0.999853551 -0.014592170 -0.008936683 -0.084275693 0.014592712 0.999893486 -0.000004517 0.026168987 0.008935796 -0.000125894 0.999960065 14.837229729
0.999841452 -0.014224459 -0.010703940 -0.096587151 0.014224403 0.999898851 -0.000081363 0.016184438 0.010704012 -0.000070907 0.999942720 15.736107826
0.999848843 -0.012847935 -0.011713056 -0.124022603 0.012836559 0.999917150 -0.001045800 0.018347820 0.011725522 0.000895287 0.999930799 16.638076782
0.999846160 -0.011165128 -0.013523382 -0.139070153 0.011152040 0.999937296 -0.001042922 0.016620448 0.013534178 0.000891949 0.999908030 17.531770706
0.999819636 -0.012075599 -0.014654887 -0.160104111 0.012074013 0.999927104 -0.000196745 0.015994228 0.014656196 0.000019767 0.999892592 18.429084778
0.999797463 -0.011612116 -0.016435992 -0.172250032 0.011636356 0.999931335 0.001379778 0.013837075 0.016418844 -0.001570754 0.999863923 19.313735962
0.999772727 -0.011179387 -0.018154953 -0.189170390 0.011209573 0.999935925 0.001561698 0.020412015 0.018136332 -0.001764852 0.999833941 20.197490692
0.999727011 -0.012452750 -0.019770324 -0.208909035 0.012487956 0.999920666 0.001658306 0.019367624 0.019748107 -0.001904744 0.999803126 21.075202942
0.999689102 -0.012295236 -0.021689681 -0.230713367 0.012313887 0.999923825 0.000726527 0.022636902 0.021679102 -0.000993386 0.999764502 21.952451706
0.999677122 -0.012172878 -0.022301333 -0.252602339 0.012212025 0.999924123 0.001619995 0.017427746 0.022279920 -0.001891817 0.999749899 22.810207367
0.999653518 -0.012010911 -0.023418235 -0.275399566 0.012094017 0.999921083 0.003410372 0.022343565 0.023375425 -0.003692412 0.999719858 23.667032242
0.999620795 -0.013123286 -0.024205446 -0.296147346 0.013278263 0.999892235 0.006252990 0.024607167 0.024120778 -0.006572026 0.999687374 24.512058258
0.999613523 -0.012629355 -0.024764091 -0.321490616 0.012823950 0.999888003 0.007714938 0.025916621 0.024663886 -0.008029530 0.999663532 25.352838516
0.999605119 -0.012044929 -0.025389515 -0.349008292 0.012212130 0.999904692 0.006440697 0.030710846 0.025309516 -0.006748212 0.999656856 26.183444977
0.999605000 -0.010102597 -0.026227098 -0.377433777 0.010207877 0.999940336 0.003883444 0.032877959 0.026186300 -0.004149633 0.999648452 26.997993469
0.999586880 -0.010067428 -0.026921585 -0.401580423 0.010130580 0.999946237 0.002210435 0.034327284 0.026897887 -0.002482253 0.999635100 27.791227341
0.999568522 -0.009251601 -0.027878135 -0.429134607 0.009303479 0.999955237 0.001731762 0.038024403 0.027860867 -0.001990378 0.999609828 28.587192535
0.999541521 -0.008810756 -0.028967261 -0.459651202 0.008849720 0.999960065 0.001217177 0.038286548 0.028955378 -0.001472971 0.999579668 29.370445251
0.999468088 -0.009221819 -0.031281885 -0.481235147 0.009248684 0.999956906 0.000714189 0.032037519 0.031273954 -0.001003125 0.999510348 30.163511276
0.999401093 -0.009551102 -0.033260450 -0.510272741 0.009578358 0.999953866 0.000660279 0.032188103 0.033252615 -0.000978464 0.999446511 30.928897858
0.999356449 -0.008981140 -0.034727778 -0.548324823 0.009038193 0.999958038 0.001486186 0.038816016 0.034712981 -0.001799105 0.999395669 31.692899704
0.999257624 -0.009645754 -0.037298188 -0.566037953 0.009802004 0.999943912 0.004008667 0.036310457 0.037257437 -0.004371288 0.999296129 32.449291229
0.999182105 -0.008644911 -0.039501362 -0.595816672 0.008863222 0.999946356 0.005354912 0.040700451 0.039452951 -0.005700642 0.999205172 33.189483643
0.999140799 -0.007187605 -0.040816203 -0.641684473 0.007421410 0.999956906 0.005579566 0.040823266 0.040774342 -0.005877687 0.999151051 33.910438538
0.999070764 -0.004676866 -0.042845760 -0.679809153 0.004897667 0.999975204 0.005049866 0.037484124 0.042821079 -0.005255017 0.999068916 34.632289886
0.998987794 -0.003066227 -0.044878833 -0.711095810 0.003256392 0.999985993 0.004164780 0.044712700 0.044865437 -0.004306707 0.998983681 35.342727661
0.998904943 -0.002627143 -0.046710733 -0.740939558 0.002873006 0.999982357 0.005197158 0.050349683 0.046696257 -0.005325667 0.998894930 36.052635193
0.998875380 -0.001275411 -0.047395453 -0.785704851 0.001621001 0.999972403 0.007253904 0.049501300 0.047384899 -0.007322575 0.998849869 36.740818024
0.998858690 0.001323161 -0.047744576 -0.821452379 -0.000956060 0.999969780 0.007710874 0.054353327 0.047753349 -0.007656427 0.998829782 37.418884277
0.998921514 0.004784056 -0.046183817 -0.863629043 -0.004536198 0.999974728 0.005470105 0.057183444 0.046208829 -0.005254706 0.998917997 38.088470459
0.998985708 0.006257333 -0.044592120 -0.896977603 -0.006137795 0.999977171 0.002817129 0.051704779 0.044608731 -0.002540574 0.999001324 38.736984253
0.999065697 0.006378652 -0.042741492 -0.922585249 -0.006358685 0.999979496 0.000603107 0.060470153 0.042744461 -0.000330764 0.999086022 39.383739471
0.999193430 0.007524973 -0.039442196 -0.954518437 -0.007463277 0.999970615 0.001711222 0.061116982 0.039453909 -0.001415473 0.999220431 40.023227692
0.999264538 0.012296314 -0.036320765 -0.985461593 -0.012147853 0.999916971 0.004305363 0.063096479 0.036370683 -0.003860977 0.999330997 40.661212921
0.999324262 0.016773952 -0.032703437 -1.007370234 -0.016533909 0.999834418 0.007596618 0.067720369 0.032825444 -0.007050770 0.999436200 41.298435211
0.999358177 0.021698844 -0.028497960 -1.030408382 -0.021467272 0.999734223 0.008406810 0.073322952 0.028672801 -0.007789643 0.999558449 41.905960083
0.999409199 0.025501724 -0.023041438 -1.052854419 -0.025308562 0.999642372 0.008636472 0.080182105 0.023253441 -0.008048225 0.999697149 42.486980438
0.999424398 0.029416058 -0.016902821 -1.077165246 -0.029238481 0.999515533 0.010658883 0.086854279 0.017208181 -0.010158535 0.999800265 43.061588287
0.999363542 0.034016926 -0.010739239 -1.079788446 -0.033888161 0.999354124 0.011953285 0.083788663 0.011138916 -0.011581744 0.999870837 43.614845276
0.999289751 0.037504785 -0.003653559 -1.086941481 -0.037459854 0.999229908 0.011676132 0.087008506 0.004088656 -0.011530980 0.999925137 44.146831512
0.999162436 0.040767282 0.003513675 -1.087416768 -0.040806014 0.999097764 0.011764495 0.088344216 -0.003030899 -0.011898022 0.999924600 44.656528473
0.998944879 0.044632461 0.010813416 -1.082256198 -0.044752456 0.998936117 0.011120851 0.093568981 -0.010305564 -0.011593048 0.999879718 45.153549194
0.998634398 0.048793029 0.018667558 -1.081491947 -0.048955191 0.998766243 0.008330587 0.097937047 -0.018238055 -0.009233085 0.999791026 45.623165131
0.998337090 0.051076364 0.026729245 -1.072715521 -0.051239654 0.998671472 0.005459223 0.095463678 -0.026414903 -0.006819741 0.999627769 46.083740234
0.998072207 0.051501058 0.034632057 -1.057129264 -0.051705450 0.998649776 0.005031783 0.099830642 -0.034326151 -0.006812749 0.999387443 46.513149261
0.997800231 0.050795488 0.042596225 -1.032636046 -0.051117849 0.998671472 0.006512507 0.100426123 -0.042208821 -0.008675610 0.999071181 46.910541534
0.997348666 0.052479275 0.050412282 -1.009751320 -0.052903533 0.998574317 0.007117823 0.104639009 -0.049966879 -0.009765939 0.998703122 47.297405243
0.996691287 0.055602733 0.059285954 -0.997430325 -0.056142420 0.998394787 0.007475419 0.100314051 -0.058775127 -0.010779141 0.998213053 47.656547546
0.995872259 0.060537934 0.067630693 -0.967766047 -0.061133966 0.998106539 0.006776464 0.103077590 -0.067092411 -0.010883024 0.997687399 47.984924316
0.994965315 0.064390473 0.076799385 -0.947592974 -0.065112092 0.997853935 0.006927001 0.100977093 -0.076188534 -0.011892695 0.997022629 48.286624908
0.994236231 0.063666165 0.086261868 -0.921154499 -0.064559676 0.997884870 0.007605480 0.099343210 -0.085595205 -0.013130683 0.996243477 48.570545197
0.993346930 0.062452734 0.096754998 -0.879308224 -0.063299283 0.997978330 0.005701847 0.099321216 -0.096203297 -0.011788436 0.995291829 48.846191406
0.992228150 0.060886253 0.108517602 -0.843617916 -0.061393227 0.998112738 0.001333942 0.095495984 -0.108231589 -0.007985822 0.994093597 49.103992462
0.990636945 0.061890267 0.121688195 -0.800811291 -0.061999422 0.998071969 -0.002892831 0.098394528 -0.121632621 -0.004678853 0.992564142 49.370967865
0.988497674 0.063431755 0.137290612 -0.763055801 -0.063339099 0.997979283 -0.005047885 0.095620215 -0.137333378 -0.003706041 0.990517974 49.636463165
0.986017466 0.065236881 0.153341979 -0.710859299 -0.065028355 0.997862935 -0.006380339 0.092254013 -0.153430521 -0.003680453 0.988152564 49.883251190
0.983182847 0.065890513 0.170323461 -0.657452583 -0.065558672 0.997819901 -0.007577966 0.092339307 -0.170451462 -0.003715657 0.985359132 50.143657684
0.979919970 0.064889409 0.188537180 -0.598728180 -0.064348698 0.997886837 -0.008994121 0.093487650 -0.188722461 -0.003318605 0.982024908 50.403369904
0.976042151 0.064146787 0.207910970 -0.532072067 -0.063620202 0.997931480 -0.009225611 0.088883758 -0.208072707 -0.004222756 0.978104234 50.646335602
0.971587837 0.064163081 0.227816075 -0.454518318 -0.063510776 0.997928917 -0.010200848 0.082263231 -0.227998793 -0.004557754 0.973650753 50.874507904
0.966266453 0.066552870 0.248796821 -0.379180908 -0.065464772 0.997774601 -0.012654252 0.082348049 -0.249085337 -0.004060050 0.968473077 51.116004944
0.960021257 0.067720905 0.271611959 -0.296504974 -0.066194832 0.997697115 -0.014787685 0.078620493 -0.271987945 -0.003782817 0.962293208 51.365127563
0.952742159 0.069085672 0.295820117 -0.200048447 -0.067406915 0.997599006 -0.015882591 0.069402337 -0.296207219 -0.004808314 0.955111623 51.602764130
0.944233000 0.071799569 0.321354747 -0.099938393 -0.070162661 0.997395992 -0.016687728 0.061304748 -0.321716070 -0.006790007 0.946811914 51.839103699
0.934313118 0.073946990 0.348698854 0.006843567 -0.072257943 0.997225881 -0.017867336 0.054179370 -0.349052757 -0.008502578 0.937064588 52.078006744
0.923131466 0.074613020 0.377175212 0.127740860 -0.072685517 0.997166932 -0.019363241 0.048628688 -0.377551377 -0.009540359 0.925939500 52.315956116
0.910605431 0.072468795 0.406873375 0.270902634 -0.069774099 0.997331619 -0.021477798 0.038528204 -0.407344133 -0.008831420 0.913232088 52.551925659
0.895600736 0.070138089 0.439294726 0.413917542 -0.066218436 0.997510135 -0.024261992 0.032055974 -0.439902633 -0.007360353 0.898015320 52.777820587
0.878342748 0.069203846 0.472995579 0.571365356 -0.063329279 0.997589827 -0.028355923 0.020392656 -0.473817945 -0.005048255 0.880608380 52.997642517
0.858809769 0.071248680 0.507315814 0.733720779 -0.062820025 0.997454405 -0.033740025 0.015869141 -0.508428395 -0.002893325 0.861099362 53.221855164
0.837051988 0.073062591 0.542223036 0.919940948 -0.062256318 0.997325897 -0.038278397 0.006304622 -0.543569684 -0.001715804 0.839362204 53.449195862
0.812461197 0.075798504 0.578067005 1.116277695 -0.063149169 0.997120321 -0.041991625 -0.003336549 -0.579585254 -0.002387889 0.814908147 53.673702240
0.784930348 0.079898775 0.614410698 1.327966690 -0.066230595 0.996788621 -0.045011867 -0.014600992 -0.616033912 -0.005361604 0.787701428 53.907363892
0.754941225 0.084443688 0.650333047 1.552131653 -0.070094883 0.996384501 -0.048007496 -0.029379606 -0.652035594 -0.009342181 0.758130789 54.136070251
0.721908450 0.085285828 0.686712921 1.810539246 -0.069547147 0.996293485 -0.050622378 -0.048713207 -0.688484907 -0.011214197 0.725163937 54.370193481
0.685139000 0.082899399 0.723679543 2.085916519 -0.065999478 0.996481240 -0.051664934 -0.068009377 -0.725416064 -0.012364818 0.688199639 54.593692780
0.646049917 0.081452981 0.758936703 2.383319855 -0.063079722 0.996586263 -0.053261716 -0.089979172 -0.760684192 -0.013463789 0.648982465 54.800388336
0.603400707 0.080678910 0.793346286 2.715656281 -0.060843926 0.996626735 -0.055074930 -0.112926364 -0.795113504 -0.015038042 0.606274009 55.020477295
0.557203412 0.080667526 0.826448441 3.079536438 -0.057427227 0.996630728 -0.058560327 -0.131412387 -0.828387916 -0.014830621 0.559958518 55.231437683
0.508446753 0.079271346 0.857436836 3.446203232 -0.054066718 0.996727824 -0.060088269 -0.158383012 -0.859394372 -0.015807113 0.511068881 55.423004150
0.459988713 0.077962361 0.884495497 3.875446320 -0.052619338 0.996780634 -0.060494471 -0.175283551 -0.886364281 -0.018714800 0.462610126 55.610115051
0.410949647 0.075506702 0.908525765 4.311594009 -0.051470242 0.996896327 -0.059569772 -0.197411537 -0.910203874 -0.022281872 0.413560569 55.769641876
0.360083461 0.075317003 0.929874837 4.766950607 -0.054650720 0.996727049 -0.059568956 -0.218920231 -0.931317985 -0.029368533 0.363021106 55.937427521
0.311016887 0.076100506 0.947352707 5.234910965 -0.053083815 0.996624112 -0.062630966 -0.240081191 -0.948920846 -0.030809810 0.314006627 56.063137054
0.263788283 0.072537988 0.961849213 5.701742172 -0.041835204 0.997090399 -0.063722357 -0.274122834 -0.963672936 -0.023429951 0.266055435 56.145271301
0.219600528 0.066901997 0.973293245 6.214868546 -0.028291225 0.997663021 -0.062193878 -0.297702074 -0.975179613 -0.013877850 0.220980048 56.221347809
0.177236557 0.065897413 0.981959701 6.744688034 -0.019056899 0.997798502 -0.063520707 -0.327263951 -0.983983755 -0.007454918 0.178102165 56.289386749
0.138709486 0.067325890 0.988041937 7.280015945 -0.015974386 0.997708797 -0.065741979 -0.353243589 -0.990204275 -0.006664330 0.139467180 56.342075348
0.106402613 0.068143912 0.991985321 7.789330959 -0.007526745 0.997675419 -0.067727461 -0.388407767 -0.994294643 -0.000260041 0.106668167 56.357707977
0.077241622 0.066320777 0.994804025 8.350801468 -0.000253137 0.997786403 -0.066499941 -0.426555514 -0.997012377 0.004884742 0.077087417 56.382369995
0.052316189 0.064489439 0.996546030 8.918076515 0.006226000 0.997872174 -0.064902104 -0.463348329 -0.998611152 0.009599926 0.051803365 56.392692566
0.032301910 0.063736379 0.997443795 9.502629280 0.011302140 0.997877598 -0.064130098 -0.487312555 -0.999414206 0.013344776 0.031512991 56.396041870
0.016621716 0.065941900 0.997685015 10.075206757 0.014537385 0.997701406 -0.066185191 -0.511125922 -0.999756157 0.015603843 0.015624885 56.390781403
0.003032136 0.065587871 0.997842133 10.672183990 0.014895257 0.997733176 -0.065625966 -0.548103809 -0.999884427 0.015062104 0.002048313 56.389648438
-0.008640094 0.066472106 0.997750878 11.285506248 0.015888985 0.997671366 -0.066329218 -0.584223986 -0.999836445 0.015280156 -0.009676151 56.384937286
-0.017373659 0.069283381 0.997445703 11.903831482 0.021067841 0.997400105 -0.068913259 -0.620064437 -0.999627054 0.019816751 -0.018788140 56.355865479
-0.023870010 0.071285985 0.997170269 12.524403572 0.025264822 0.997178793 -0.070681825 -0.653811097 -0.999395728 0.023506153 -0.025603699 56.327892303
-0.028426141 0.070644200 0.997096419 13.178149223 0.025545938 0.997225046 -0.069925033 -0.692156315 -0.999269366 0.023484066 -0.030151932 56.312755585
-0.032147400 0.067938730 0.997171462 13.839452744 0.023217199 0.997468770 -0.067210495 -0.725172222 -0.999213398 0.020990882 -0.033643376 56.291198730
-0.034605972 0.060895566 0.997544050 14.517030716 0.020950695 0.997966766 -0.060194571 -0.765058398 -0.999181449 0.018816149 -0.035811421 56.275886536
-0.035924051 0.055422898 0.997816503 15.197177887 0.022442544 0.998253882 -0.054639198 -0.798047781 -0.999102533 0.020430677 -0.037105151 56.247714996
-0.036368247 0.052894816 0.997937620 15.895401955 0.024896873 0.998336256 -0.052008610 -0.832842946 -0.999028206 0.022954065 -0.037624650 56.214675903
-0.036206495 0.055190973 0.997819185 16.589220047 0.028308636 0.998129785 -0.054180965 -0.871099830 -0.998943269 0.026285199 -0.037701167 56.185821533
-0.035310313 0.062439118 0.997424006 17.291524887 0.029235242 0.997683764 -0.061420411 -0.904178381 -0.998948693 0.026991153 -0.037053946 56.164150238
-0.033294506 0.070716254 0.996940613 17.991230011 0.029982444 0.997115433 -0.069727331 -0.936099052 -0.998995781 0.027569178 -0.035318710 56.145935059
-0.030881686 0.071529530 0.996960282 18.725406647 0.030796876 0.997030497 -0.070580631 -0.972840071 -0.999048471 0.028523607 -0.032992870 56.114009857
-0.028553799 0.067202233 0.997330785 19.457695007 0.030314784 0.997336805 -0.066334717 -1.014510155 -0.999132454 0.028339755 -0.030514974 56.096141815
-0.026311044 0.060770616 0.997804880 20.198802948 0.029451728 0.997764349 -0.059991516 -1.059792757 -0.999219835 0.027808636 -0.028042011 56.081871033
-0.023572059 0.058888149 0.997986138 20.934705734 0.027855637 0.997914732 -0.058225986 -1.106469393 -0.999333918 0.026427038 -0.025163269 56.072132111
-0.020050282 0.064342439 0.997726440 21.679006577 0.035372708 0.997347951 -0.063607186 -1.150267839 -0.999172986 0.034016948 -0.022273075 56.045898438
-0.017116424 0.069859616 0.997409940 22.412199020 0.037012123 0.996916652 -0.069189906 -1.192080379 -0.999168158 0.035731982 -0.019649304 56.037345886
-0.014660966 0.070515856 0.997402847 23.150793076 0.030893475 0.997065783 -0.070037924 -1.234905958 -0.999415159 0.029786417 -0.016796425 56.040660858
-0.011256594 0.066966705 0.997691751 23.910020828 0.026528213 0.997423768 -0.066649407 -1.277681828 -0.999584675 0.025716733 -0.013004101 56.039104462
-0.006236633 0.063394055 0.997969031 24.648283005 0.030651975 0.997531772 -0.063174702 -1.325132132 -0.999510646 0.030195734 -0.008164393 56.020614624
-0.002503308 0.064283185 0.997928560 25.390024185 0.035164967 0.997320056 -0.064155795 -1.374323606 -0.999378324 0.034931518 -0.004757117 56.010982513
-0.000057103 0.068892084 0.997624159 26.123413086 0.034922406 0.997015655 -0.068848081 -1.419256330 -0.999390066 0.034835503 -0.002462810 56.020122528
0.003884076 0.069894552 0.997546852 26.878440857 0.031289376 0.997057378 -0.069982104 -1.461765647 -0.999502838 0.031484436 0.001685689 56.027645111
0.007684698 0.069359630 0.997562110 27.628229141 0.030698448 0.997105062 -0.069564335 -1.508458614 -0.999499202 0.031158192 0.005533217 56.037128448
0.011381187 0.065996148 0.997754991 28.370256424 0.034804109 0.997188926 -0.066355698 -1.559063554 -0.999329269 0.035481181 0.009052255 56.039760590
0.014945961 0.066631608 0.997665703 29.127998352 0.039053854 0.996976852 -0.067170672 -1.611496449 -0.999125421 0.039966624 0.012298556 56.044998169
0.018698204 0.067685008 0.997531414 29.872791290 0.042270623 0.996760309 -0.068425022 -1.656302452 -0.998931229 0.043445710 0.015776543 56.055053711
0.021327376 0.067706309 0.997477353 30.628976822 0.042331059 0.996748328 -0.068561919 -1.701697588 -0.998875916 0.043686513 0.018391946 56.072601318
0.024347879 0.066175945 0.997510910 31.380088806 0.043847360 0.996775687 -0.067197435 -1.749678373 -0.998741508 0.045374330 0.021367736 56.105873108
0.027994256 0.064895973 0.997499287 32.122123718 0.045480955 0.996774256 -0.066125214 -1.805058956 -0.998572886 0.047218345 0.024952425 56.116210938
0.030788695 0.065268666 0.997392654 32.870723724 0.043664254 0.996825337 -0.066579409 -1.848698616 -0.998571694 0.045600295 0.027841046 56.147228241
0.033837214 0.067023061 0.997177601 33.628723145 0.040539518 0.996835649 -0.068375714 -1.896052599 -0.998604894 0.042738736 0.031013064 56.177928925
0.036837347 0.067470379 0.997040987 34.378463745 0.042198546 0.996723115 -0.069007970 -1.935906172 -0.998429954 0.044615738 0.033869486 56.202690125
0.040412009 0.067624360 0.996892095 35.138282776 0.040306795 0.996784687 -0.069251031 -1.975112915 -0.998369813 0.042980094 0.037556350 56.225246429
0.041652165 0.067180432 0.996870935 35.905544281 0.038839310 0.996873856 -0.068803459 -2.036020994 -0.998376966 0.041583594 0.038912710 56.275817871
0.044425596 0.067526579 0.996727884 36.666641235 0.036081310 0.996953547 -0.069150075 -2.082257032 -0.998360872 0.039035276 0.041853808 56.320796967
0.048271175 0.069278762 0.996428788 37.440254211 0.034725565 0.996872246 -0.070991844 -2.134068966 -0.998230457 0.038028408 0.045714449 56.356761932
0.051058128 0.072842777 0.996035576 38.205451965 0.033297706 0.996657848 -0.074595168 -2.186012268 -0.998140395 0.036974393 0.048461981 56.406452179
0.054566652 0.074870951 0.995699108 38.968208313 0.033726811 0.996477604 -0.076777793 -2.238653183 -0.997940361 0.037771259 0.051849291 56.451877594
0.056982715 0.077220924 0.995384276 39.737949371 0.026998594 0.996520460 -0.078854650 -2.289205551 -0.998010039 0.031367328 0.054699592 56.507152557
0.060103595 0.076515853 0.995255172 40.516311646 0.023435226 0.996674716 -0.078040242 -2.339853525 -0.997916996 0.028014526 0.058110569 56.559318542
0.063446939 0.076681696 0.995034873 41.288238525 0.025465172 0.996594727 -0.078425638 -2.402318478 -0.997660279 0.030314596 0.061278168 56.621700287
0.066802494 0.077851385 0.994724274 42.061504364 0.024868278 0.996511757 -0.079661332 -2.460450649 -0.997456253 0.030058654 0.064633444 56.686511993
0.070823729 0.079253264 0.994335353 42.868286133 0.021135580 0.996495605 -0.080930859 -2.510818243 -0.997264862 0.026747681 0.068900488 56.746341705
0.075341225 0.076705627 0.994203150 43.666255951 0.020139325 0.996716440 -0.078425698 -2.571862698 -0.996954441 0.025931267 0.073549047 56.808509827
0.079389296 0.076743133 0.993885219 44.461128235 0.020444928 0.996697068 -0.078593343 -2.634346485 -0.996634066 0.026559379 0.077558078 56.885276794
0.085413620 0.079746515 0.993149042 45.268253326 0.017250534 0.996523857 -0.081501111 -2.698661327 -0.996196270 0.024093654 0.083741061 56.952686310
0.090985261 0.089195229 0.991849720 46.061008453 0.014872714 0.995748043 -0.090910114 -2.752712727 -0.995741189 0.023022974 0.089271821 57.026969910
0.098338485 0.094123475 0.990691781 46.855873108 0.013629482 0.995296359 -0.095913835 -2.814867735 -0.995059669 0.022934634 0.096593082 57.110870361
0.105856121 0.096966445 0.989642322 47.665992737 0.009061722 0.995098710 -0.098470360 -2.884813786 -0.994340062 0.019391552 0.104458600 57.206317902
0.112765595 0.095305912 0.989040315 48.468917847 0.005224614 0.995318711 -0.096506588 -2.954975128 -0.993607819 0.016049977 0.111739762 57.320060730
0.119906723 0.093480460 0.988374293 49.291866302 0.005686270 0.995476127 -0.094841972 -3.031744957 -0.992768824 0.016992353 0.118832715 57.422409058
0.127411321 0.089824215 0.987774193 50.099758148 0.005453365 0.995812356 -0.091258578 -3.102182388 -0.991834939 0.017014075 0.126387924 57.531898499
0.135014042 0.084242351 0.987255991 50.916553497 0.003387435 0.996334076 -0.085480228 -3.172277212 -0.990837872 0.014885302 0.134233758 57.648025513
0.141964421 0.077021629 0.986870646 51.740173340 0.000958384 0.996957064 -0.077946693 -3.234141827 -0.989871323 0.012011461 0.141458616 57.783966064
0.149780437 0.073856860 0.985956788 52.537033081 0.001472061 0.997188330 -0.074921817 -3.303000927 -0.988718152 0.012673216 0.149250582 57.905971527
0.156941891 0.076139390 0.984668493 53.337707520 0.000234931 0.997020841 -0.077131979 -3.363402367 -0.987607837 0.012336566 0.156456411 58.030254364
0.162566647 0.083133720 0.983189166 54.126743317 0.000702572 0.996434152 -0.084369838 -3.419417858 -0.986697376 0.014406482 0.161928520 58.168521881
0.167914078 0.086581245 0.981992185 54.909664154 -0.000963247 0.996149600 -0.087664783 -3.482143879 -0.985801160 0.013774248 0.167350918 58.306678772
0.172421575 0.089390725 0.980958760 55.688522339 -0.001828525 0.995901048 -0.090430953 -3.547808409 -0.985021472 0.013798540 0.171878278 58.461223602
0.177854538 0.089148805 0.980010390 56.449424744 -0.003634979 0.995940685 -0.089938261 -3.608093262 -0.984050035 0.012433613 0.177456602 58.608848572
0.183370546 0.086012021 0.979273736 57.205028534 -0.000157872 0.996167481 -0.087466285 -3.683242798 -0.983043849 0.015884137 0.182681367 58.736732483
0.187825695 0.079407439 0.978987217 57.965435028 0.000904607 0.996712208 -0.081018694 -3.740063906 -0.982201874 0.016102992 0.187136352 58.885826111
0.191350773 0.073561877 0.978761256 58.715866089 -0.001094096 0.997202933 -0.074734017 -3.798193216 -0.981521130 0.013229556 0.190896034 59.035446167
0.194557041 0.069986925 0.978391171 59.454208374 -0.004408756 0.997503757 -0.070477389 -3.858103514 -0.980881274 0.009398388 0.194379926 59.193748474
0.198033988 0.069913998 0.977698624 60.183128357 -0.005897877 0.997519910 -0.070136771 -3.910606384 -0.980177402 0.008123117 0.197955191 59.341323853
0.199698836 0.072099201 0.977201104 60.901519775 -0.008391258 0.997378469 -0.071873084 -3.963467121 -0.979821384 0.006153024 0.199780285 59.500419617
0.201165482 0.076613583 0.976556540 61.602516174 -0.012760570 0.997057140 -0.075593285 -4.016441345 -0.979474187 0.002745342 0.201551095 59.655769348
0.203151643 0.080783643 0.975809157 62.288585663 -0.013821566 0.996728003 -0.079637967 -4.067715645 -0.979049742 0.002691373 0.203603476 59.807624817
0.205177471 0.085948236 0.974943638 62.970874786 -0.013862061 0.996291935 -0.084912956 -4.122689247 -0.978626549 0.003907497 0.205608070 59.961700439
0.206749469 0.088076159 0.974421561 63.646244049 -0.013501293 0.996101797 -0.087171152 -4.179193974 -0.978300810 0.004866640 0.207132667 60.107673645
0.207788140 0.087546319 0.974248290 64.309570312 -0.015624321 0.996156812 -0.086182654 -4.237459183 -0.978048980 0.002685767 0.208357438 60.258304596
0.209111020 0.084590562 0.974226356 64.986518860 -0.015160347 0.996412218 -0.083262876 -4.292800426 -0.977774382 0.002641575 0.209643215 60.402427673
0.209828526 0.082291745 0.974268913 65.641128540 -0.015242576 0.996605992 -0.080895640 -4.345732689 -0.977619410 0.002123844 0.210370675 60.544242859
0.209780529 0.080955461 0.974391222 66.285911560 -0.014096390 0.996713161 -0.079775177 -4.398419380 -0.977646768 0.002999878 0.210232198 60.684112549
0.208006248 0.080446638 0.974813759 66.919311523 -0.014501677 0.996756256 -0.079163074 -4.447089195 -0.978019953 0.002329979 0.208498150 60.826896667
0.206795350 0.081317768 0.974999011 67.549194336 -0.014513489 0.996685326 -0.080048196 -4.491880417 -0.978276491 0.002402958 0.207290143 60.961521149
0.204000741 0.083819918 0.975375891 68.155891418 -0.015827671 0.996480107 -0.082323149 -4.550985336 -0.978842795 0.001356059 0.204609334 61.101692200
0.201781258 0.087728269 0.975493729 68.754638672 -0.013956266 0.996136963 -0.086697884 -4.601547241 -0.979331255 0.003879759 0.202226132 61.225173950
0.199981645 0.088631697 0.975782573 69.356979370 -0.011801584 0.996045768 -0.088053554 -4.648357391 -0.979728580 0.006093311 0.200236842 61.350070953
0.198108539 0.087584943 0.976259053 69.947288513 -0.012327719 0.996143639 -0.086867251 -4.692772388 -0.980102539 0.005174095 0.198424295 61.467140198
0.195687041 0.084620290 0.977008641 70.527603149 -0.012954183 0.996406257 -0.083705731 -4.745845318 -0.980580807 0.003723778 0.196079984 61.585334778
0.193623871 0.080442272 0.977772415 71.104614258 -0.012257727 0.996753395 -0.079576515 -4.798637867 -0.980999291 0.003422644 0.193981320 61.701412201
0.191871583 0.079849824 0.978166342 71.660865784 -0.008688321 0.996783853 -0.079665370 -4.843458176 -0.981381536 0.006786895 0.191948295 61.803619385
0.190051898 0.081113376 0.978417575 72.217910767 -0.005128739 0.996649683 -0.081628650 -4.892942429 -0.981760621 0.010495627 0.189831197 61.913032532
0.187591627 0.083287530 0.978709638 72.756072998 -0.001309971 0.996418893 -0.084543496 -4.930894852 -0.982246220 0.014577569 0.187028885 62.006916046
0.186194390 0.085351206 0.978798628 73.304504395 -0.001679409 0.996245742 -0.086553127 -4.970861435 -0.982511401 0.014471903 0.185638711 62.107170105
0.184633374 0.087795004 0.978878200 73.847755432 -0.001901736 0.996032059 -0.088974826 -5.016108036 -0.982805550 0.014566151 0.184067726 62.218624115
0.184009299 0.086066842 0.979149163 74.401435852 0.000018507 0.996158779 -0.087565467 -5.065438747 -0.982924521 0.016130978 0.183300883 62.308719635
0.184605792 0.084792510 0.979148149 74.952980042 0.005657671 0.996163189 -0.087332658 -5.109296799 -0.982796371 0.021661812 0.183417767 62.411972046
0.186682537 0.082625948 0.978939533 75.494979858 0.010446173 0.996233702 -0.086077705 -5.152898788 -0.982364714 0.026295373 0.185116306 62.508106232
0.188848764 0.082288012 0.978552341 76.044349670 0.013668602 0.996166170 -0.086407058 -5.187567234 -0.981911063 0.029693313 0.187000006 62.604499817
0.192447439 0.082054183 0.977870703 76.601730347 0.010787931 0.996260822 -0.085720412 -5.236240864 -0.981247962 0.027045876 0.190842643 62.714332581
0.197822973 0.082625657 0.976749241 77.164001465 0.010003014 0.996219218 -0.086298592 -5.281299591 -0.980186820 0.026842277 0.196248502 62.839309692
0.204405665 0.081976302 0.975447714 77.725433350 0.011122283 0.996228456 -0.086053386 -5.316517353 -0.978823125 0.028439006 0.202723011 62.956993103
0.211715296 0.082403883 0.973851264 78.280036926 0.009149661 0.996228337 -0.086286493 -5.359240532 -0.977288663 0.027178580 0.210162833 63.091285706
0.219761983 0.079770394 0.972286642 78.867820740 0.009373429 0.996432602 -0.083870068 -5.415570259 -0.975508511 0.027545113 0.218230277 63.245803833
0.228897914 0.079112232 0.970230401 79.447311401 0.006322422 0.996550322 -0.082749940 -5.463798523 -0.973429918 0.025075495 0.227608085 63.392761230
0.238670334 0.079727478 0.967822313 80.006416321 0.004427676 0.996524394 -0.083183810 -5.491977215 -0.971090555 0.024138704 0.237487778 63.523208618
0.248102263 0.083396122 0.965137541 80.589996338 -0.000943505 0.996307969 -0.085846975 -5.539598465 -0.968733370 0.020388216 0.247264937 63.692123413
0.257174164 0.085772060 0.962551117 81.183837891 -0.004451555 0.996147931 -0.087576464 -5.582372665 -0.966354907 0.018237559 0.256565362 63.871974945
0.268560380 0.088430479 0.959195256 81.787216187 -0.008370554 0.995953858 -0.089475721 -5.631303310 -0.963226438 0.016000640 0.268213987 64.044708252
0.278692275 0.090324201 0.956123471 82.397079468 -0.009849635 0.995783925 -0.091199905 -5.683869362 -0.960329950 0.015999246 0.278406948 64.236648560
0.288451195 0.091402985 0.953122079 83.006210327 -0.013258407 0.995719075 -0.091475494 -5.726665497 -0.957402825 0.013749333 0.288428158 64.423492432
0.298742682 0.091681309 0.949919641 83.636222839 -0.013879928 0.995686889 -0.091733396 -5.778023720 -0.954232812 0.014219861 0.298726678 64.633728027
0.308707118 0.092912346 0.946608365 84.279106140 -0.018248361 0.995612860 -0.091771156 -5.826945782 -0.950982094 0.011056355 0.309048325 64.860321045
0.318842381 0.088033997 0.943710566 84.929069519 -0.017571798 0.996055126 -0.086980142 -5.876924515 -0.947644889 0.011150265 0.319131494 65.095512390
0.330009341 0.081205271 0.940478325 85.585655212 -0.014563038 0.996612430 -0.080942035 -5.926132202 -0.943865299 0.013015409 0.330073923 65.324722290
0.340951502 0.076626122 0.936952889 86.252059937 -0.012735967 0.996957541 -0.076898903 -5.979094028 -0.939994633 0.014285792 0.340890020 65.572387695
0.351087034 0.073486775 0.933454633 86.927772522 -0.014074997 0.997217000 -0.073212668 -6.032880783 -0.936236978 0.012565648 0.351144284 65.839004517
0.360761583 0.071140647 0.929940879 87.601539612 -0.007469038 0.997275054 -0.073394164 -6.069109917 -0.932628155 0.019532036 0.360309899 66.095550537
0.369299799 0.065613985 0.926990986 88.302635193 -0.000705648 0.997523785 -0.070325285 -6.110602856 -0.929309964 0.025316989 0.368431687 66.374488831
0.376704484 0.056002922 0.924638987 89.023376465 0.009179187 0.997896194 -0.064179555 -6.155701160 -0.926288009 0.032664165 0.375397950 66.654838562
0.383299887 0.052117862 0.922152340 89.722099304 0.013446989 0.997985959 -0.061993141 -6.202693462 -0.923526049 0.036162131 0.381827056 66.942298889
0.390630364 0.051870145 0.919085085 90.428741455 0.015661463 0.997892201 -0.062974207 -6.254816055 -0.920414388 0.038993862 0.388994634 67.247055054
0.398053259 0.058691256 0.915482938 91.139404297 0.017344680 0.997291386 -0.071477458 -6.294014931 -0.917198420 0.044330586 0.395957112 67.557846069
0.405167997 0.062913872 0.912074983 91.845962524 0.021399714 0.996703446 -0.078257769 -6.339269638 -0.913991809 0.051225692 0.402485967 67.869323730
0.410552442 0.064627491 0.909543931 92.553581238 0.019585017 0.996630013 -0.079655737 -6.396513939 -0.911626577 0.050516281 0.407903194 68.185852051
0.415083885 0.066324070 0.907362342 93.255554199 0.012702003 0.996819496 -0.078673668 -6.454013824 -0.909694493 0.044181492 0.412921250 68.522544861
0.418852836 0.069760747 0.905370533 93.932121277 0.005895102 0.996814787 -0.079533979 -6.515157223 -0.908035040 0.038650278 0.417107403 68.854751587
0.422980785 0.073389858 0.903161824 94.619850159 0.004531466 0.996531010 -0.083099172 -6.573022842 -0.906127334 0.039241999 0.421180964 69.186706543
0.426812083 0.077356614 0.901025772 95.291625977 0.001535084 0.996271372 -0.086260989 -6.634086609 -0.904339194 0.038200378 0.425101876 69.508697510
0.430431843 0.080264539 0.899047196 95.960998535 -0.001563047 0.996103168 -0.088181101 -6.696578979 -0.902621806 0.036550704 0.428880066 69.836227417
0.434200853 0.078929402 0.897351563 96.612281799 -0.002820180 0.996268153 -0.086265333 -6.753272057 -0.900811791 0.034925792 0.432803094 70.160293579
0.438317537 0.075970568 0.895603836 97.267395020 -0.002172515 0.996508241 -0.083466649 -6.818691254 -0.898817599 0.034639180 0.436952114 70.485443115
0.441783696 0.072867967 0.894157410 97.901527405 -0.002182489 0.996780157 -0.080152735 -6.876586437 -0.897119045 0.033458680 0.440520257 70.793853760
0.445433676 0.071964264 0.892418087 98.545509338 -0.002828176 0.996872544 -0.078975804 -6.933592319 -0.895310462 0.032654565 0.444244117 71.132392883
0.449004859 0.073778458 0.890478194 99.169738770 -0.004798725 0.996770024 -0.080165349 -6.985407829 -0.893516421 0.031721473 0.447908640 71.450424194
0.451431334 0.074291088 0.889207900 99.777801514 -0.003851278 0.996681035 -0.081314996 -7.039885521 -0.892297506 0.033283547 0.450219184 71.771728516
0.453620493 0.072624415 0.888230860 100.377876282 -0.001816559 0.996747434 -0.080569334 -7.090861320 -0.891193092 0.034934379 0.452276945 72.076286316
0.455483139 0.071561620 0.887363613 100.976631165 0.000223606 0.996754706 -0.080498263 -7.142362595 -0.890244305 0.036864024 0.453988969 72.383987427
0.457458675 0.071456291 0.886355281 101.561912537 -0.000787452 0.996798337 -0.079953589 -7.191487789 -0.889230549 0.035877492 0.456050307 72.684532166
0.459122211 0.070455298 0.885574818 102.120429993 0.000534895 0.996827960 -0.079583786 -7.247612953 -0.888372958 0.037012372 0.457628191 72.983207703
0.461993486 0.072382972 0.883924603 102.683189392 -0.000073213 0.996666968 -0.081576988 -7.292668819 -0.886883259 0.037623320 0.460459024 73.274612427
0.464661330 0.072045952 0.882552683 103.234558105 0.003006947 0.996550381 -0.082935147 -7.347467899 -0.885483325 0.041190550 0.462841868 73.567916870
0.467787713 0.071387641 0.880953193 103.780509949 0.004368705 0.996533751 -0.083073452 -7.402094841 -0.883830070 0.042709365 0.465854406 73.856491089
0.470878482 0.069511853 0.879455268 104.314834595 0.007738686 0.996527016 -0.082908623 -7.449312687 -0.882164180 0.045845717 0.468705267 74.145057678
0.474348187 0.068616085 0.877659142 104.834037781 0.008813393 0.996537745 -0.082673490 -7.496181011 -0.880293131 0.046951178 0.472101212 74.412139893
0.477531105 0.068214417 0.875962853 105.351760864 0.010194212 0.996484339 -0.083157226 -7.540960312 -0.878555775 0.048639916 0.475156873 74.696395874
0.481122702 0.067414500 0.874057293 105.868003845 0.010594284 0.996518910 -0.082691342 -7.591507912 -0.876589239 0.049044691 0.478733659 74.982261658
0.484556645 0.066716984 0.872211933 106.379028320 0.012460512 0.996459782 -0.083143339 -7.637063026 -0.874671042 0.051155869 0.482009858 75.268943787
0.488296449 0.068061106 0.870019734 106.878471375 0.011772433 0.996349692 -0.084551066 -7.684173584 -0.872598469 0.051528230 0.485712737 75.550422668
0.492300242 0.068286054 0.867742777 107.385284424 0.013877162 0.996175528 -0.086265907 -7.733740807 -0.870314837 0.054510534 0.489469737 75.852851868
0.497428805 0.071713336 0.864535570 107.863433838 0.011530566 0.995942652 -0.089247942 -7.779639244 -0.867428184 0.054363083 0.494583666 76.123458862
0.502801478 0.077478409 0.860922635 108.344566345 0.008258319 0.995498896 -0.094412640 -7.826665401 -0.864362538 0.054580588 0.499898493 76.414947510
0.508624554 0.084650233 0.856816947 108.829704285 0.002867673 0.994983137 -0.100002810 -7.878651142 -0.860983610 0.053320955 0.505829990 76.719436646
0.514300227 0.090691879 0.852801383 109.307777405 -0.002414872 0.994542062 -0.104309067 -7.935681343 -0.857606828 0.051586758 0.511712074 77.028083801
0.520808280 0.095281236 0.848339677 109.776893616 -0.006305906 0.994153976 -0.107787080 -7.990745544 -0.853650391 0.050786853 0.518364489 77.324523926
0.526507914 0.095535740 0.844785452 110.266288757 -0.010474646 0.994319797 -0.105918117 -8.043481827 -0.850105703 0.046917897 0.524517953 77.638771057
0.531686425 0.094795227 0.841619492 110.757553101 -0.016924713 0.994707167 -0.101346105 -8.097300529 -0.846772134 0.039640173 0.530476868 77.975860596
0.537448406 0.092342749 0.838225484 111.255805969 -0.023101304 0.995225728 -0.094826631 -8.152514458 -0.842980146 0.031600319 0.537015736 78.315071106
0.543298542 0.091004595 0.834592640 111.760101318 -0.030198300 0.995582581 -0.088900752 -8.208065987 -0.838996291 0.023096364 0.543646753 78.655555725
0.549211442 0.088684902 0.830964446 112.267921448 -0.032520011 0.995867908 -0.084790751 -8.260499954 -0.835050464 0.019545078 0.549826026 79.009147644
0.555889428 0.092444822 0.826099753 112.782875061 -0.037294056 0.995569646 -0.086313911 -8.302474976 -0.830419242 0.017172374 0.556874216 79.369071960
0.561634839 0.096569918 0.821730196 113.297790527 -0.041651264 0.995205939 -0.088489078 -8.354034424 -0.826336145 0.015472456 0.562964618 79.744178772
0.567982197 0.099984415 0.816945136 113.823684692 -0.044121727 0.994865298 -0.091084033 -8.396825790 -0.821857274 0.015689086 0.569477320 80.121948242
0.574400246 0.102096535 0.812182605 114.350669861 -0.046651661 0.994661748 -0.092041828 -8.449869156 -0.817244112 0.014979175 0.576096833 80.504699707
