1.000000000 0.000000000 0.000000000 0.000000000 0.000000000 1.000000000 0.000000000 0.000000000 0.000000000 0.000000000 1.000000000 0.000000000
1.000000000 -0.000047447 0.000111129 -0.014525899 0.000047286 0.999998987 0.001441214 -0.012573343 -0.000111198 -0.001441209 0.999998927 1.315661788
0.999998510 -0.001584966 -0.000674312 -0.009808484 0.001586123 0.999997258 0.001718763 -0.038758587 0.000671586 -0.001719830 0.999998271 2.618476868
0.999996126 -0.002738882 -0.000686783 -0.014527475 0.002739337 0.999996006 0.000662808 -0.053966574 0.000684965 -0.000664687 0.999999523 3.931206703
0.999995470 -0.002960478 -0.000492870 -0.026469722 0.002960818 0.999995410 0.000690605 -0.070832081 0.000490823 -0.000692061 0.999999583 5.256155014
0.999992788 -0.003725828 -0.000698897 -0.023684414 0.003727072 0.999991477 0.001787177 -0.098566815 0.000692232 -0.001789769 0.999998152 6.576264381
0.999986291 -0.005205330 -0.000408879 -0.031286035 0.005206420 0.999982774 0.002709883 -0.111349329 0.000394766 -0.002711975 0.999996185 7.901677608
0.999989450 -0.004566828 -0.000467652 -0.038846646 0.004568377 0.999983907 0.003365225 -0.133496031 0.000452276 -0.003367326 0.999994218 9.237863541
0.999993801 -0.003460605 -0.000647084 -0.049482819 0.003461485 0.999993086 0.001363813 -0.149020121 0.000642360 -0.001366044 0.999998868 10.583330154
0.999998450 -0.001363588 -0.001060681 -0.051082160 0.001363235 0.999998987 -0.000333630 -0.177465424 0.001061135 0.000332183 0.999999344 11.923173904
0.999997020 0.002381792 -0.000547798 -0.069758654 -0.002382434 0.999996424 -0.001175203 -0.200333625 0.000544997 0.001176504 0.999999225 13.263545036
0.999989271 0.004600652 -0.000536731 -0.088414609 -0.004601407 0.999988437 -0.001415555 -0.219893917 0.000530212 0.001418010 0.999998868 14.597228050
0.999982834 0.005817241 -0.000657472 -0.092908889 -0.005817688 0.999982893 -0.000680869 -0.239028156 0.000653500 0.000684682 0.999999583 15.953445435
0.999994814 0.003223785 0.000055199 -0.102533653 -0.003223905 0.999992132 0.002321231 -0.264623940 -0.000047716 -0.002321397 0.999997318 17.312475204
0.999999523 -0.000972188 0.000090310 -0.104166828 0.000971790 0.999990284 0.004309239 -0.285047352 -0.000094498 -0.004309149 0.999990761 18.664447784
0.999994516 -0.003311321 -0.000082730 -0.113133349 0.003311468 0.999992847 0.001844365 -0.299502969 0.000076622 -0.001844629 0.999998331 20.007715225
0.999986529 -0.005189861 -0.000225888 -0.110368371 0.005189978 0.999986351 0.000515133 -0.331437439 0.000223211 -0.000516299 0.999999762 21.377492905
0.999996841 -0.002326968 0.000948527 -0.132692248 0.002328057 0.999996603 -0.001148261 -0.347687840 -0.000945852 0.001150466 0.999998868 22.724922180
0.999998987 0.000449075 0.001366980 -0.136754990 -0.000449386 0.999999821 0.000227533 -0.355866402 -0.001366878 -0.000228147 0.999999046 24.102352142
0.999998391 0.000550985 0.001669868 -0.135567307 -0.000558411 0.999989927 0.004449670 -0.392407358 -0.001667399 -0.004450595 0.999988735 25.474124908
0.999995053 -0.001335729 0.002849541 -0.150538236 0.001318694 0.999981225 0.005971752 -0.396182835 -0.002857464 -0.005967964 0.999978125 26.842468262
0.999981701 -0.005712806 0.001998211 -0.140473887 0.005703979 0.999974072 0.004395373 -0.415519148 -0.002023269 -0.004383895 0.999988317 28.206508636
0.999981165 -0.005856473 0.001854219 -0.137800753 0.005852623 0.999980748 0.002074309 -0.429853618 -0.001866332 -0.002063417 0.999996126 29.590131760
0.999975979 -0.006367625 0.002736267 -0.144152224 0.006368951 0.999979615 -0.000476345 -0.451359749 -0.002733178 0.000493761 0.999996126 30.960390091
0.999989510 -0.002918373 0.003523746 -0.158443272 0.002922272 0.999995053 -0.001101961 -0.475029588 -0.003520512 0.001112247 0.999993145 32.336929321
0.999990165 -0.002277208 0.003835389 -0.160898030 0.002288996 0.999992669 -0.003071841 -0.503506064 -0.003828366 0.003080590 0.999987900 33.715366364
0.999992013 -0.001799610 0.003570878 -0.155670941 0.001808173 0.999995530 -0.002396227 -0.527441621 -0.003566550 0.002402665 0.999990761 35.110050201
0.999991357 -0.000856651 0.004048103 -0.173058465 0.000862468 0.999998569 -0.001435421 -0.550456047 -0.004046867 0.001438900 0.999990702 36.491325378
0.999993563 0.000181849 0.003567457 -0.175121889 -0.000183168 0.999999821 0.000369173 -0.576127052 -0.003567390 -0.000369824 0.999993503 37.890014648
0.999989033 0.003069771 0.003543556 -0.175662681 -0.003072376 0.999994934 0.000729780 -0.602927804 -0.003541298 -0.000740659 0.999993384 39.303005219
0.999976218 0.005609131 0.004009362 -0.186963648 -0.005609734 0.999984205 0.000139051 -0.621641636 -0.004008519 -0.000161539 0.999991953 40.694953918
0.999963582 0.007643205 0.003791480 -0.186741248 -0.007645503 0.999970555 0.000592421 -0.641857266 -0.003786840 -0.000621388 0.999992549 42.113220215
0.999957800 0.008493714 0.003482932 -0.189729080 -0.008494709 0.999963880 0.000271039 -0.658278167 -0.003480504 -0.000300614 0.999993861 43.512016296
0.999968767 0.007312526 0.002998775 -0.196186393 -0.007314121 0.999973118 0.000521823 -0.687459707 -0.002994878 -0.000543740 0.999995351 44.931270599
0.999975264 0.006663379 0.002259896 -0.198218733 -0.006663980 0.999977827 0.000258308 -0.708827853 -0.002258124 -0.000273361 0.999997377 46.327365875
0.999983013 0.005706969 0.001109435 -0.196330458 -0.005707453 0.999983609 0.000434233 -0.732815504 -0.001106939 -0.000440558 0.999999285 47.746147156
0.999981642 0.006052922 0.000060779 -0.199994773 -0.006053003 0.999980688 0.001429475 -0.750220656 -0.000052126 -0.001429817 0.999998987 49.172653198
0.999977708 0.006603501 -0.000927605 -0.210585222 -0.006602339 0.999977410 0.001249718 -0.774044812 0.000935837 -0.001243566 0.999998748 50.591629028
0.999972403 0.007125654 -0.002081751 -0.223995894 -0.007122057 0.999973059 0.001730271 -0.793248594 0.002094025 -0.001715397 0.999996305 52.005752563
0.999970615 0.006984289 -0.003153070 -0.235669672 -0.006976334 0.999972463 0.002526910 -0.813749731 0.003170631 -0.002504839 0.999991834 53.428138733
0.999979138 0.005360620 -0.003607003 -0.249355122 -0.005348344 0.999979854 0.003404430 -0.832424879 0.003625182 -0.003385068 0.999987721 54.866611481
0.999983549 0.003457873 -0.004582058 -0.252068937 -0.003440809 0.999987066 0.003726752 -0.855647206 0.004594886 -0.003710925 0.999982595 56.317501068
0.999988437 0.001479353 -0.004574341 -0.276215494 -0.001465980 0.999994576 0.002925470 -0.873003364 0.004578645 -0.002918730 0.999985218 57.691066742
0.999988317 0.000359916 -0.004818439 -0.288610488 -0.000342286 0.999993265 0.003659196 -0.896031320 0.004819724 -0.003657504 0.999981701 59.113376617
0.999989569 -0.000992575 -0.004452762 -0.292339832 0.001009961 0.999991894 0.003904072 -0.914253831 0.004448852 -0.003908528 0.999982476 60.550151825
0.999989271 -0.002317231 -0.004015183 -0.301467001 0.002336955 0.999985218 0.004914647 -0.933009028 0.004003736 -0.004923977 0.999979854 61.980319977
0.999990225 -0.003267576 -0.003019269 -0.326836884 0.003281048 0.999984562 0.004467619 -0.958947897 0.003004625 -0.004477480 0.999985456 63.363700867
0.999987125 -0.004438448 -0.002477594 -0.336497396 0.004446506 0.999984801 0.003255903 -0.971874952 0.002463106 -0.003266877 0.999991596 64.769950867
0.999986231 -0.004800886 -0.002126811 -0.339632988 0.004808225 0.999982417 0.003459070 -1.003095865 0.002110167 -0.003469249 0.999991775 66.184120178
0.999992251 -0.003734144 -0.001221517 -0.350128978 0.003738312 0.999987066 0.003427211 -1.020329237 0.001208704 -0.003431751 0.999993384 67.615402222
0.999999762 -0.000185363 -0.000597510 -0.369023949 0.000188019 0.999990046 0.004446631 -1.037689686 0.000596679 -0.004446742 0.999989927 68.990432739
0.999993801 0.003489457 0.000341670 -0.387293279 -0.003491296 0.999978542 0.005538117 -1.054438353 -0.000322338 -0.005539276 0.999984622 70.386901855
0.999976158 0.006806718 0.001146821 -0.395469815 -0.006813863 0.999956667 0.006346526 -1.076550007 -0.001103573 -0.006354188 0.999979198 71.784622192
0.999937654 0.011012603 0.001854468 -0.411391973 -0.011023537 0.999921262 0.005992978 -1.092866063 -0.001788324 -0.006013046 0.999980330 73.182098389
0.999890625 0.014622761 0.002210061 -0.417450160 -0.014634019 0.999879479 0.005167527 -1.113079667 -0.002134231 -0.005199303 0.999984205 74.588928223
0.999862313 0.016323075 0.002978217 -0.424932361 -0.016338462 0.999852896 0.005217843 -1.134203672 -0.002892607 -0.005265784 0.999981880 75.973411560
0.999861181 0.016344521 0.003235271 -0.429601520 -0.016361952 0.999851286 0.005435778 -1.149756551 -0.003145944 -0.005487958 0.999979973 77.368469238
0.999873042 0.015519801 0.003605138 -0.440722525 -0.015537870 0.999866545 0.005038595 -1.167122960 -0.003526459 -0.005093972 0.999980748 78.746284485
0.999900103 0.013716016 0.003406876 -0.445117205 -0.013730368 0.999896824 0.004225242 -1.185791135 -0.003348571 -0.004271598 0.999985278 80.131393433
0.999902427 0.013691285 0.002755806 -0.435647935 -0.013702828 0.999897242 0.004214955 -1.208914399 -0.002697814 -0.004252305 0.999987304 81.515365601
0.999907672 0.013381984 0.002358437 -0.435494423 -0.013392318 0.999900520 0.004421480 -1.228708386 -0.002299035 -0.004452657 0.999987423 82.897941589
0.999914527 0.012980508 0.001554856 -0.432295740 -0.012986376 0.999908328 0.003825957 -1.246779323 -0.001505051 -0.003845822 0.999991477 84.278671265
0.999913633 0.013096667 0.001094553 -0.447964191 -0.013101116 0.999905527 0.004161707 -1.260106206 -0.001039945 -0.004175686 0.999990761 85.644332886
0.999920785 0.012584849 -0.000003903 -0.447304934 -0.012584664 0.999907851 0.005082522 -1.283425331 0.000067866 -0.005082070 0.999987066 87.015037537
0.999947667 0.010182992 -0.000927636 -0.464528739 -0.010177347 0.999930799 0.005898993 -1.296983600 0.000987642 -0.005889243 0.999982119 88.425888062
0.999962330 0.008333612 -0.002431323 -0.455587953 -0.008317288 0.999943435 0.006647493 -1.323357105 0.002486583 -0.006627021 0.999974966 89.755638123
0.999978125 0.005837914 -0.003124445 -0.466262043 -0.005816235 0.999959230 0.006902760 -1.344224215 0.003164616 -0.006884436 0.999971271 91.119880676
0.999982238 0.004757849 -0.003585625 -0.473864436 -0.004734704 0.999968052 0.006435931 -1.368792534 0.003616132 -0.006418841 0.999972880 92.478317261
0.999985218 0.004010435 -0.003688126 -0.489707083 -0.003988130 0.999973774 0.006035383 -1.384153605 0.003712234 -0.006020586 0.999975026 93.819396973
0.999984741 0.004194731 -0.003587155 -0.505533457 -0.004175404 0.999976754 0.005378491 -1.399400711 0.003609634 -0.005363431 0.999979079 95.181831360
0.999984562 0.004295274 -0.003523451 -0.524607778 -0.004278642 0.999979734 0.004714360 -1.416733742 0.003543629 -0.004699212 0.999982655 96.527030945
0.999981761 0.004983300 -0.003413703 -0.533939004 -0.004969775 0.999979794 0.003959157 -1.434397817 0.003433364 -0.003942119 0.999986351 97.875076294
0.999974370 0.006561799 -0.002849044 -0.559566677 -0.006550369 0.999970555 0.004002467 -1.450183392 0.002875223 -0.003983703 0.999987900 99.217330933
0.999973834 0.006695031 -0.002731557 -0.558572054 -0.006679081 0.999960840 0.005806917 -1.474236250 0.002770327 -0.005788520 0.999979436 100.560905457
0.999965131 0.007916591 -0.002666276 -0.582320750 -0.007897367 0.999943316 0.007144975 -1.489643335 0.002722689 -0.007123669 0.999970973 101.888168335
0.999968946 0.007446479 -0.002558788 -0.579069734 -0.007432256 0.999957263 0.005523418 -1.512638211 0.002599809 -0.005504229 0.999981463 103.268402100
0.999969065 0.007541072 -0.002242293 -0.597190857 -0.007534156 0.999966919 0.003076997 -1.524849653 0.002265422 -0.003060008 0.999992728 104.590515137
0.999971390 0.007091474 -0.002624205 -0.599826396 -0.007086297 0.999972880 0.001977154 -1.549988747 0.002638155 -0.001958502 0.999994576 105.934585571
0.999985099 0.004631722 -0.002893812 -0.603742480 -0.004622626 0.999984384 0.003142434 -1.566358328 0.002908322 -0.003129010 0.999990821 107.270744324
0.999994755 0.002704239 -0.001784320 -0.622589827 -0.002695123 0.999983370 0.005091439 -1.584978104 0.001798059 -0.005086602 0.999985456 108.599899292
0.999998450 0.001096640 -0.001388394 -0.623510480 -0.001088721 0.999983311 0.005691520 -1.605255485 0.001394612 -0.005689999 0.999982834 109.941230774
0.999999762 0.000625317 -0.000097614 -0.638817430 -0.000624917 0.999991536 0.004048245 -1.619047046 0.000100145 -0.004048184 0.999991775 111.279609680
0.999995828 0.002808967 0.000650983 -0.648385882 -0.002810199 0.999994218 0.001899242 -1.636943817 -0.000645644 -0.001901064 0.999997914 112.609649658
0.999986529 0.004838102 0.001864767 -0.658136427 -0.004837202 0.999988198 -0.000486727 -1.657338381 -0.001867099 0.000477701 0.999998152 113.934089661
0.999965370 0.007754089 0.003001036 -0.663579583 -0.007752764 0.999969780 -0.000453325 -1.678896546 -0.003004460 0.000430043 0.999995410 115.254455566
0.999949098 0.008996516 0.004552401 -0.667427182 -0.009003970 0.999958158 0.001619423 -1.701848507 -0.004537642 -0.001660331 0.999988317 116.597801208
0.999943018 0.009124663 0.005544951 -0.665056288 -0.009145670 0.999951005 0.003775300 -1.719347000 -0.005510231 -0.003825797 0.999977529 117.925354004
0.999943197 0.008576174 0.006327640 -0.665665150 -0.008602855 0.999954164 0.004201654 -1.738181829 -0.006291315 -0.004255851 0.999971151 119.265098572
0.999934494 0.009027784 0.007049194 -0.654583514 -0.009052338 0.999953032 0.003459274 -1.754470468 -0.007017632 -0.003522859 0.999969184 120.617668152
0.999905169 0.010811732 0.008530977 -0.655918717 -0.010839374 0.999936104 0.003200536 -1.773643017 -0.008495827 -0.003292703 0.999958515 121.943794250
0.999868155 0.012823848 0.009952193 -0.651606798 -0.012854043 0.999912918 0.002975870 -1.792128682 -0.009913165 -0.003103404 0.999946117 123.280448914
0.999847531 0.013588353 0.010965560 -0.650331378 -0.013608026 0.999905944 0.001721597 -1.808728814 -0.010941134 -0.001870554 0.999938369 124.621948242
0.999819040 0.014669361 0.012113062 -0.646245718 -0.014678894 0.999891996 0.000698397 -1.824556947 -0.012101510 -0.000876077 0.999926329 125.975234985
0.999828279 0.013408859 0.012793252 -0.634041905 -0.013419980 0.999909580 0.000783942 -1.846795440 -0.012781584 -0.000955493 0.999917805 127.324890137
0.999817014 0.013337901 0.013721927 -0.626173258 -0.013363988 0.999909043 0.001811191 -1.865864396 -0.013696522 -0.001994239 0.999904156 128.672180176
0.999828160 0.011442131 0.014594540 -0.616002440 -0.011484414 0.999930024 0.002816665 -1.886708498 -0.014561294 -0.002983790 0.999889553 130.033111572
0.999829233 0.010610133 0.015133859 -0.601056337 -0.010660212 0.999937952 0.003232267 -1.904261589 -0.015098628 -0.003393045 0.999880254 131.386642456
0.999847889 0.008818982 0.015046120 -0.585176826 -0.008869777 0.999955177 0.003312527 -1.923929214 -0.015016233 -0.003445480 0.999881327 132.737487793
0.999853551 0.007589946 0.015338037 -0.585107565 -0.007647966 0.999963820 0.003727673 -1.939379215 -0.015309189 -0.003844431 0.999875426 134.082870483
0.999870539 0.005982845 0.014933582 -0.571595669 -0.006032802 0.999976337 0.003302532 -1.956366658 -0.014913470 -0.003392196 0.999883056 135.434127808
0.999897599 0.004770342 0.013488995 -0.557728887 -0.004812666 0.999983609 0.003106910 -1.971833110 -0.013473953 -0.003171510 0.999904215 136.775741577
0.999918163 0.003365087 0.012345106 -0.539910197 -0.003414943 0.999986112 0.004019676 -1.991739154 -0.012331409 -0.004061507 0.999915659 138.138870239
0.999934793 0.001875674 0.011268430 -0.529754043 -0.001923742 0.999989092 0.004256384 -2.011097193 -0.011260325 -0.004277784 0.999927402 139.486602783
0.999950647 0.001965188 0.009739215 -0.515339494 -0.002004226 0.999989927 0.004000247 -2.028114319 -0.009731256 -0.004019569 0.999944568 140.832427979
0.999961495 0.001408099 0.008660444 -0.513007164 -0.001440077 0.999992132 0.003687300 -2.050174236 -0.008655184 -0.003699630 0.999955714 142.173080444
0.999971330 0.001651293 0.007386460 -0.501338363 -0.001674817 0.999993563 0.003179692 -2.067528725 -0.007381161 -0.003191973 0.999967635 143.515838623
0.999977767 -0.001136250 0.006574145 -0.503820717 0.001130847 0.999999046 0.000825496 -2.087191343 -0.006575076 -0.000818043 0.999978065 144.848236084
0.999963939 -0.006468507 0.005500183 -0.490128636 0.006466304 0.999978960 0.000417981 -2.109428406 -0.005502772 -0.000382400 0.999984801 146.210845947
0.999897182 -0.013457139 0.004950623 -0.489686847 0.013443068 0.999905527 0.002864789 -2.128646612 -0.004988707 -0.002797944 0.999983668 147.552490234
0.999786139 -0.020412866 0.003327517 -0.479732901 0.020397978 0.999781966 0.004448811 -2.149532795 -0.003417605 -0.004379985 0.999984622 148.914352417
0.999715209 -0.023758398 0.002222018 -0.466602713 0.023756493 0.999717414 0.000879365 -2.164903641 -0.002242282 -0.000826328 0.999997139 150.250701904
0.999719977 -0.023498466 0.002775344 -0.465635002 0.023505630 0.999720395 -0.002577622 -2.183564425 -0.002713997 0.002642136 0.999992788 151.600189209
0.999794543 -0.019985346 0.003390547 -0.471756816 0.019999938 0.999790609 -0.004326622 -2.216755152 -0.003303368 0.004393544 0.999984860 152.936691284
0.999790311 -0.019980468 0.004505284 -0.484965980 0.019999892 0.999790728 -0.004306810 -2.247669458 -0.004418289 0.004396012 0.999980569 154.264358521
0.999720335 -0.023175074 0.004694514 -0.467488706 0.023178972 0.999731004 -0.000778495 -2.271000385 -0.004675210 0.000887091 0.999988675 155.634750366
0.999583960 -0.028343264 0.005343174 -0.457910895 0.028334670 0.999597132 0.001677122 -2.289993763 -0.005388556 -0.001525028 0.999984384 156.995803833
0.999463737 -0.032322582 0.005246623 -0.450802684 0.032304648 0.999472022 0.003466681 -2.317709446 -0.005355904 -0.003295332 0.999980211 158.337524414
0.999429286 -0.033356979 0.005335743 -0.447539449 0.033340797 0.999439299 0.003092341 -2.330811739 -0.005435902 -0.002912679 0.999980986 159.679916382
0.999473572 -0.031815749 0.006349426 -0.446728706 0.031790968 0.999486685 0.003966035 -2.354435205 -0.006472349 -0.003762093 0.999971986 161.031433105
0.999582291 -0.027836282 0.007761229 -0.459614277 0.027813597 0.999608636 0.003015126 -2.371356010 -0.007842121 -0.002797998 0.999965370 162.367874146
0.999676108 -0.024062879 0.008275542 -0.446376204 0.024056487 0.999710202 0.000870817 -2.392678499 -0.008294100 -0.000671454 0.999965370 163.730087280
0.999738216 -0.020978430 0.009127694 -0.443983912 0.020977357 0.999779880 0.000213302 -2.412293196 -0.009130161 -0.000021772 0.999958277 165.080673218
0.999773324 -0.019081587 0.009445605 -0.443918586 0.019069836 0.999817193 0.001332882 -2.432867289 -0.009469313 -0.001152453 0.999954462 166.428649902
0.999806643 -0.017651055 0.008677125 -0.427207470 0.017640423 0.999843478 0.001300650 -2.460448742 -0.008698726 -0.001147330 0.999961495 167.790817261
0.999849141 -0.015123091 0.008544565 -0.431401730 0.015138073 0.999884009 -0.001691496 -2.473969460 -0.008517994 0.001820590 0.999962091 169.143783569
0.999901295 -0.011533618 0.008018273 -0.433268547 0.011570220 0.999922872 -0.004533562 -2.496094704 -0.007965366 0.004625889 0.999957621 170.483428955
0.999951899 -0.005682830 0.007983887 -0.439397454 0.005729763 0.999966383 -0.005868161 -2.525523424 -0.007950267 0.005913624 0.999950886 171.844879150
0.999964714 -0.001314752 0.008292040 -0.442793489 0.001352891 0.999988496 -0.004595558 -2.553710461 -0.008285902 0.004606615 0.999955058 173.206634521
0.999958277 0.001917288 0.008924603 -0.450732946 -0.001892098 0.999994218 -0.002830115 -2.579811573 -0.008929976 0.002813111 0.999956191 174.556854248
0.999955833 0.002981087 0.008910414 -0.447670579 -0.002975554 0.999995351 -0.000634166 -2.605027437 -0.008912263 0.000607625 0.999960124 175.929199219
0.999967515 -0.000423064 0.008053496 -0.443020105 0.000419852 0.999999821 0.000400510 -2.627999783 -0.008053664 -0.000397116 0.999967515 177.306152344
0.999977589 -0.002342062 0.006263166 -0.430166721 0.002340259 0.999997139 0.000295278 -2.647975922 -0.006263841 -0.000280614 0.999980330 178.690628052
0.999986351 -0.002453177 0.004622987 -0.434068978 0.002472788 0.999987960 -0.004241328 -2.669549227 -0.004612527 0.004252702 0.999980330 180.084915161
0.999995708 -0.001362603 0.002596115 -0.429259151 0.001383271 0.999967158 -0.007975779 -2.703832626 -0.002585162 0.007979338 0.999964774 181.472717285
0.999991894 0.003546725 0.001897818 -0.442210555 -0.003530030 0.999955595 -0.008729083 -2.733551979 -0.001928693 0.008722316 0.999960065 182.874984741
0.999972045 0.007268338 0.001735741 -0.451997668 -0.007254487 0.999942780 -0.007858005 -2.766985893 -0.001792757 0.007845195 0.999967635 184.263916016
0.999955475 0.009174745 0.002167409 -0.467467040 -0.009165199 0.999948442 -0.004372716 -2.799107075 -0.002207415 0.004352657 0.999988019 185.652099609
0.999948561 0.009839143 0.002467914 -0.472601503 -0.009833721 0.999949217 -0.002200077 -2.827159405 -0.002489435 0.002175695 0.999994516 187.051452637
0.999953985 0.009268745 0.002506087 -0.472789019 -0.009265114 0.999956012 -0.001456630 -2.844908476 -0.002519478 0.001433344 0.999995828 188.480026245
0.999966979 0.007708063 0.002565247 -0.478340328 -0.007705704 0.999969900 -0.000928822 -2.871738911 -0.002572329 0.000909025 0.999996305 189.891601562
0.999985099 0.004784876 0.002616150 -0.477036536 -0.004784623 0.999988556 -0.000102624 -2.901812077 -0.002616610 0.000090105 0.999996543 191.321792603
0.999993682 0.002223434 0.002770989 -0.480101705 -0.002222409 0.999997497 -0.000372363 -2.919498920 -0.002771809 0.000366203 0.999996066 192.750000000
0.999993622 -0.001246161 0.003355265 -0.478369594 0.001243554 0.999998868 0.000778948 -2.943924665 -0.003356232 -0.000774771 0.999993980 194.177688599
0.999974966 -0.006026363 0.003716807 -0.474396646 0.006017195 0.999978781 0.002472989 -2.970017910 -0.003731632 -0.002450563 0.999989986 195.610961914
0.999954641 -0.008535573 0.004209884 -0.470120251 0.008525307 0.999960601 0.002450341 -2.990715504 -0.004230632 -0.002414339 0.999988139 197.041519165
0.999970675 -0.006114059 0.004608642 -0.470368683 0.006123988 0.999978960 -0.002143474 -3.008922100 -0.004595439 0.002171634 0.999987066 198.482101440
0.999986291 0.001240303 0.005090428 -0.480337620 -0.001203868 0.999973774 -0.007154573 -3.032642841 -0.005099168 0.007148348 0.999961436 199.897048950
0.999922574 0.010621640 0.006481677 -0.491267800 -0.010573791 0.999916852 -0.007372655 -3.064334393 -0.006559449 0.007303546 0.999951839 201.349472046
0.999811828 0.017962361 0.007325004 -0.503891706 -0.017936202 0.999832571 -0.003621370 -3.093871593 -0.007388826 0.003489305 0.999966621 202.777954102
0.999778032 0.019251246 0.008562664 -0.504023552 -0.019239588 0.999813855 -0.001442327 -3.123871326 -0.008588837 0.001277264 0.999962270 204.233581543
0.999821424 0.017164256 0.007907120 -0.494936466 -0.017156711 0.999852300 -0.001021277 -3.146110058 -0.007923482 0.000885435 0.999968171 205.681976318
0.999880314 0.013836810 0.006928091 -0.489277244 -0.013831133 0.999903858 -0.000867336 -3.176963568 -0.006939427 0.000771409 0.999975622 207.127838135
0.999903500 0.012446619 0.006171350 -0.486849308 -0.012437573 0.999921501 -0.001501751 -3.197397709 -0.006189557 0.001424850 0.999979854 208.593551636
0.999901235 0.012865033 0.005658923 -0.482200265 -0.012854910 0.999915659 -0.001821811 -3.221825838 -0.005681883 0.001748887 0.999982297 210.065917969
0.999881268 0.014348212 0.005626262 -0.484094501 -0.014339799 0.999895930 -0.001532691 -3.249045372 -0.005647668 0.001451830 0.999983072 211.522216797
0.999881208 0.014505910 0.005201446 -0.480523586 -0.014501888 0.999894500 -0.000809503 -3.277613401 -0.005212639 0.000733976 0.999986172 213.012985229
0.999882936 0.014464818 0.004998479 -0.484696984 -0.014456481 0.999894023 -0.001699741 -3.297539949 -0.005022536 0.001627282 0.999986112 214.480300903
0.999890208 0.014046169 0.004710753 -0.482863545 -0.014034517 0.999898314 -0.002497014 -3.327201366 -0.004745346 0.002430626 0.999985814 215.949951172
0.999893188 0.013813497 0.004767683 -0.486647010 -0.013798985 0.999899983 -0.003063161 -3.348229647 -0.004809519 0.002997045 0.999983966 217.411437988
0.999895751 0.013831304 0.004150349 -0.487392366 -0.013819134 0.999900103 -0.002947063 -3.379829645 -0.004190697 0.002889401 0.999987066 218.888092041
0.999892116 0.014120911 0.004042486 -0.494232059 -0.014108386 0.999895632 -0.003110742 -3.406420708 -0.004085992 0.003053374 0.999987006 220.368270874
0.999890566 0.014370893 0.003529047 -0.493382156 -0.014358960 0.999891162 -0.003384125 -3.433047295 -0.003577297 0.003333080 0.999988139 221.859344482
0.999880970 0.015105324 0.003131336 -0.496633053 -0.015094928 0.999880552 -0.003316816 -3.469131470 -0.003181063 0.003269155 0.999989569 223.321884155
0.999883235 0.014933771 0.003234730 -0.506339490 -0.014922610 0.999882698 -0.003448246 -3.496763468 -0.003285846 0.003399573 0.999988794 224.804977417
0.999871969 0.015760973 0.002750873 -0.508795261 -0.015751326 0.999869823 -0.003493137 -3.523868799 -0.002805570 0.003449360 0.999990106 226.294845581
0.999887407 0.014769656 0.002621873 -0.512432098 -0.014759302 0.999883354 -0.003925430 -3.545917988 -0.002679544 0.003886291 0.999988914 227.790573120
0.999909878 0.013205883 0.002459544 -0.511494160 -0.013196866 0.999906182 -0.003647313 -3.585305929 -0.002507479 0.003614525 0.999990344 229.274658203
0.999919415 0.012388246 0.002764750 -0.520895958 -0.012378152 0.999916732 -0.003639054 -3.611706257 -0.002809601 0.003604538 0.999989569 230.770645142
0.999939144 0.010638678 0.002928918 -0.518740594 -0.010630912 0.999939978 -0.002654158 -3.641274691 -0.002956978 0.002622860 0.999992132 232.270523071
0.999940872 0.010581544 0.002498447 -0.517841756 -0.010575080 0.999940753 -0.002586271 -3.667687416 -0.002525666 0.002559696 0.999993503 233.773590088
0.999936759 0.010895684 0.002795763 -0.527487755 -0.010887763 0.999936640 -0.002832965 -3.701405525 -0.002826453 0.002802346 0.999992013 235.280654907
0.999929011 0.011522017 0.003031672 -0.529342413 -0.011512355 0.999928653 -0.003185610 -3.733786106 -0.003068161 0.003150482 0.999990284 236.788101196
0.999911845 0.012802671 0.003515602 -0.535946727 -0.012793736 0.999914825 -0.002553193 -3.761858463 -0.003547990 0.002507991 0.999990523 238.287796021
0.999899209 0.013434192 0.004591281 -0.549075365 -0.013431245 0.999909580 -0.000671885 -3.785933018 -0.004599892 0.000610150 0.999989212 239.807586670
0.999897540 0.013277433 0.005354069 -0.552320957 -0.013275354 0.999911785 -0.000423642 -3.808900833 -0.005359222 0.000352521 0.999985516 241.316131592
0.999889314 0.013645690 0.005927618 -0.552568793 -0.013634690 0.999905229 -0.001892168 -3.835447073 -0.005952877 0.001811137 0.999980628 242.808990479
0.999880433 0.014012836 0.006529025 -0.548022985 -0.013990162 0.999895930 -0.003505555 -3.859612226 -0.006577469 0.003413794 0.999972522 244.324676514
0.999882996 0.013845837 0.006505387 -0.547292471 -0.013828857 0.999900818 -0.002647699 -3.892935753 -0.006541403 0.002557427 0.999975264 245.847351074
0.999893367 0.013315601 0.005993445 -0.535627365 -0.013307240 0.999910414 -0.001432859 -3.924340487 -0.006011988 0.001352950 0.999980986 247.381057739
0.999880254 0.014180269 0.006208603 -0.543475509 -0.014172708 0.999898791 -0.001260282 -3.949495077 -0.006225845 0.001172138 0.999979973 248.904571533
0.999884069 0.014085835 0.005780448 -0.543089986 -0.014080215 0.999900341 -0.001011417 -3.981712341 -0.005794119 0.000929910 0.999982715 250.441085815
0.999862373 0.015440205 0.006072046 -0.543085098 -0.015434821 0.999880433 -0.000932595 -4.005381584 -0.006085720 0.000838746 0.999981105 251.978713989
0.999830902 0.017234560 0.006409018 -0.550992846 -0.017228836 0.999851108 -0.000947526 -4.032066822 -0.006424394 0.000836946 0.999979019 253.506149292
0.999818504 0.017615629 0.007262690 -0.561360717 -0.017608991 0.999844491 -0.000977334 -4.054281235 -0.007278777 0.000849268 0.999973178 255.038192749
0.999847054 0.016180003 0.006625587 -0.556116343 -0.016177861 0.999869049 -0.000376405 -4.087789059 -0.006630810 0.000269160 0.999978006 256.588256836
0.999870718 0.014557271 0.006811005 -0.554180384 -0.014559115 0.999893963 0.000221163 -4.110800266 -0.006807063 -0.000320296 0.999976873 258.113098145
0.999902487 0.012325536 0.006544874 -0.550270438 -0.012328899 0.999923885 0.000474266 -4.128119469 -0.006538530 -0.000554911 0.999978483 259.644622803
0.999917388 0.010810508 0.006969475 -0.557506442 -0.010811474 0.999941528 0.000101123 -4.158548832 -0.006967974 -0.000176465 0.999975622 261.180847168
0.999931395 0.009591010 0.006722748 -0.557557821 -0.009583318 0.999953389 -0.001175235 -4.180174828 -0.006733705 0.001110728 0.999976695 262.731567383
0.999940217 0.008122628 0.007322122 -0.549386144 -0.008128465 0.999966621 0.000767902 -4.209535599 -0.007315640 -0.000827374 0.999972880 264.283020020
0.999949813 0.005916147 0.008092440 -0.548453331 -0.005938464 0.999978662 0.002736359 -4.236559391 -0.008076078 -0.002784278 0.999963462 265.832183838
0.999960363 0.004847171 0.007461562 -0.531439304 -0.004861468 0.999986351 0.001899165 -4.258087635 -0.007452255 -0.001935364 0.999970376 267.417541504
0.999959528 0.004473552 0.007800975 -0.519513130 -0.004480481 0.999989569 0.000870998 -4.278875828 -0.007796997 -0.000905915 0.999969244 268.969024658
0.999951363 0.004856373 0.008582459 -0.512711525 -0.004863829 0.999987960 0.000847988 -4.308362007 -0.008578237 -0.000889691 0.999962747 270.521362305
0.999934673 0.006567200 0.009363061 -0.508780241 -0.006575624 0.999978006 0.000869073 -4.335034370 -0.009357147 -0.000930585 0.999955773 272.052307129
0.999907374 0.008397906 0.010706075 -0.511725187 -0.008401987 0.999964654 0.000336182 -4.356054306 -0.010702871 -0.000426103 0.999942660 273.591552734
0.999888778 0.009485441 0.011503850 -0.498868704 -0.009486645 0.999955058 0.000050326 -4.382422924 -0.011502855 -0.000159454 0.999933839 275.149597168
0.999869883 0.010585085 0.012174144 -0.479669333 -0.010582206 0.999943972 -0.000301095 -4.407895088 -0.012176651 0.000172226 0.999925792 276.692932129
0.999855995 0.011002949 0.012925781 -0.473354340 -0.010988675 0.999938905 -0.001174845 -4.436219692 -0.012937920 0.001032639 0.999915779 278.237304688
0.999864757 0.009439172 0.013463358 -0.452505112 -0.009421217 0.999954641 -0.001396349 -4.458508492 -0.013475930 0.001269319 0.999908388 279.806152344
0.999853969 0.009196777 0.014404986 -0.437413216 -0.009181338 0.999957204 -0.001137685 -4.487870216 -0.014414832 0.001005262 0.999895573 281.369842529
0.999855816 0.008211101 0.014861076 -0.417832375 -0.008209017 0.999966264 -0.000201154 -4.512021542 -0.014862225 0.000079130 0.999889493 282.936584473
0.999861300 0.007214097 0.015008357 -0.401388645 -0.007213226 0.999973953 -0.000112172 -4.537180901 -0.015008776 0.000003898 0.999887347 284.489105225
0.999867439 0.007019619 0.014686289 -0.372067451 -0.006980688 0.999971926 -0.002700411 -4.562523842 -0.014704831 0.002597532 0.999888480 286.058380127
0.999876559 0.005477502 0.014720976 -0.356189251 -0.005405948 0.999973416 -0.004896075 -4.592138767 -0.014747403 0.004815890 0.999879599 287.636627197
0.999893427 0.005225171 0.013626541 -0.330750942 -0.005160454 0.999975264 -0.004780115 -4.623079300 -0.013651181 0.004709286 0.999895692 289.179443359
0.999912024 0.003944773 0.012659152 -0.316041231 -0.003883710 0.999980867 -0.004844456 -4.650964737 -0.012678019 0.004794866 0.999908090 290.732818604
0.999925911 0.003948845 0.011516790 -0.306634665 -0.003883773 0.999976397 -0.005667182 -4.679951668 -0.011538896 0.005622033 0.999917626 292.283050537
0.999932885 0.004130733 0.010816048 -0.295256615 -0.004065544 0.999973476 -0.006042088 -4.710852146 -0.010840718 0.005997712 0.999923170 293.843811035
0.999944627 0.003871338 0.009782732 -0.275115728 -0.003818472 0.999978065 -0.005416914 -4.748279095 -0.009803488 0.005379259 0.999937475 295.405120850
0.999955595 0.003399764 0.008805636 -0.270319939 -0.003354232 0.999980927 -0.005180408 -4.785449028 -0.008823081 0.005150641 0.999947727 296.967285156
0.999967515 0.002894790 0.007519775 -0.260654926 -0.002866980 0.999989152 -0.003706347 -4.820046902 -0.007530421 0.003684669 0.999964774 298.529571533
0.999968350 0.004250995 0.006715699 -0.256384850 -0.004234519 0.999988019 -0.002465544 -4.848449230 -0.006726100 0.002437029 0.999974430 300.093872070
0.999960363 0.004530385 0.007662087 -0.257286310 -0.004512460 0.999987066 -0.002355106 -4.876148701 -0.007672658 0.002320437 0.999967873 301.677124023
0.999953747 0.004874461 0.008289974 -0.246518373 -0.004854456 0.999985218 -0.002431628 -4.908188343 -0.008301705 0.002391272 0.999962687 303.276123047
0.999955356 0.003508078 0.008764234 -0.244726419 -0.003483820 0.999990046 -0.002781540 -4.934187412 -0.008773906 0.002750883 0.999957740 304.852996826
0.999957740 0.001854348 0.009005291 -0.233993053 -0.001821571 0.999991715 -0.003646501 -4.967578888 -0.009011978 0.003629943 0.999952793 306.446502686
0.999957085 0.000218991 0.009259118 -0.219195366 -0.000167007 0.999984145 -0.005614682 -4.998597145 -0.009260201 0.005612895 0.999941289 308.040710449
0.999958813 -0.000128980 0.009068643 -0.213589430 0.000187749 0.999978900 -0.006479901 -5.033267498 -0.009067617 0.006481336 0.999937892 309.637969971
0.999975562 0.000889842 0.006923822 -0.213394165 -0.000837334 0.999970794 -0.007582979 -5.066174507 -0.006930368 0.007576996 0.999947190 311.241851807
0.999987662 0.001715136 0.004658801 -0.205340743 -0.001682621 0.999974251 -0.006974164 -5.098855972 -0.004670643 0.006966240 0.999964833 312.857208252
0.999987602 0.002643322 0.004221806 -0.208412170 -0.002627482 0.999989510 -0.003752974 -5.131370068 -0.004231683 0.003741835 0.999984086 314.484832764
0.999988437 0.001095013 0.004668309 -0.199965239 -0.001091174 0.999998987 -0.000824787 -5.161724091 -0.004669208 0.000819684 0.999988735 316.112457275
0.999989629 0.000115541 0.004550830 -0.196966290 -0.000115605 1.000000000 0.000013893 -5.190594673 -0.004550829 -0.000014419 0.999989569 317.736816406
0.999987841 -0.001031364 0.004829008 -0.197850823 0.001036484 0.999998927 -0.001057886 -5.215815544 -0.004827913 0.001062878 0.999987781 319.352966309
0.999985158 -0.002191803 0.004986669 -0.193632722 0.002196654 0.999997139 -0.000967391 -5.248724937 -0.004984534 0.000978331 0.999987066 320.960998535
0.999982893 -0.002508768 0.005284598 -0.194256067 0.002512167 0.999996603 -0.000636679 -5.276824474 -0.005282983 0.000649944 0.999985814 322.589141846
0.999982119 -0.001892850 0.005676575 -0.192022085 0.001897119 0.999997914 -0.000746770 -5.308154583 -0.005675150 0.000757526 0.999983609 324.217712402
0.999982953 -0.000801086 0.005782153 -0.188866854 0.000811018 0.999998212 -0.001715465 -5.337523460 -0.005780769 0.001720125 0.999981821 325.836822510
0.999977648 0.000432494 0.006667830 -0.197829723 -0.000417401 0.999997318 -0.002264836 -5.371003628 -0.006668791 0.002262002 0.999975204 327.452789307
0.999974191 -0.001021568 0.007101587 -0.188294172 0.001024038 0.999999404 -0.000344185 -5.400342941 -0.007101232 0.000351449 0.999974668 329.093933105
0.999970078 -0.002000005 0.007471583 -0.187498808 0.001995219 0.999997795 0.000648024 -5.432876110 -0.007472862 -0.000633097 0.999971867 330.681274414
0.999969542 -0.003141202 0.007147509 -0.175421715 0.003146361 0.999994814 -0.000710640 -5.459457874 -0.007145240 0.000733107 0.999974191 332.318359375
0.999974191 -0.001850437 0.006949764 -0.166744232 0.001855995 0.999998033 -0.000793489 -5.485673428 -0.006948282 0.000806367 0.999975502 333.951751709
0.999974847 0.000058057 0.007092776 -0.181846380 -0.000038686 0.999996245 -0.002731201 -5.522549629 -0.007092908 0.002730858 0.999971092 335.542694092
0.999977350 0.001769672 0.006494186 -0.180336714 -0.001732832 0.999982417 -0.005674091 -5.553368568 -0.006504114 0.005662709 0.999962807 337.158721924
0.999977648 0.003119299 0.005909659 -0.184849739 -0.003089095 0.999982178 -0.005113089 -5.590127468 -0.005925502 0.005094720 0.999969482 338.766937256
0.999977767 0.004221451 0.005157618 -0.193091631 -0.004213071 0.999989748 -0.001634308 -5.624134064 -0.005164464 0.001612543 0.999985397 340.347412109
0.999985278 0.004404463 0.003171204 -0.175717354 -0.004408923 0.999989212 0.001401116 -5.656575203 -0.003164999 -0.001415076 0.999993920 341.982513428
0.999985933 0.004984681 0.001798531 -0.179938853 -0.004984842 0.999987543 0.000084878 -5.683166504 -0.001798086 -0.000093843 0.999998391 343.580505371
0.999990106 0.004449929 -0.000070125 -0.187562108 -0.004450039 0.999988735 -0.001651471 -5.709537983 0.000062776 0.001651767 0.999998629 345.169891357
0.999992728 0.003327013 -0.001873467 -0.191065907 -0.003327767 0.999994338 -0.000399719 -5.736912251 0.001872126 0.000405951 0.999998152 346.764556885
0.999993324 0.001946359 -0.003084134 -0.197358549 -0.001946180 0.999998033 0.000060969 -5.766943932 0.003084247 -0.000054966 0.999995232 348.359527588
0.999993742 0.001670327 -0.003120432 -0.221417665 -0.001672543 0.999998331 -0.000707710 -5.790360928 0.003119245 0.000712924 0.999994874 349.948211670
0.999993086 0.000525986 -0.003673313 -0.230367661 -0.000532214 0.999998569 -0.001694586 -5.817318439 0.003672416 0.001696529 0.999991834 351.541076660
0.999993205 0.000546722 -0.003653015 -0.243361950 -0.000553828 0.999997973 -0.001944417 -5.844145775 0.003651944 0.001946426 0.999991357 353.133270264
0.999992907 -0.000018399 -0.003762088 -0.256007433 0.000010324 0.999997675 -0.002146402 -5.872202396 0.003762118 0.002146348 0.999990642 354.728576660
0.999991596 -0.000526425 -0.004056969 -0.264645696 0.000515052 0.999995887 -0.002803735 -5.902899265 0.004058429 0.002801622 0.999987841 356.325927734
0.999992847 -0.000199624 -0.003777521 -0.282418013 0.000186025 0.999993503 -0.003599912 -5.933633327 0.003778214 0.003599183 0.999986410 357.941497803
0.999992192 -0.000927952 -0.003838267 -0.291202903 0.000915339 0.999994159 -0.003286668 -5.967209339 0.003841295 0.003283129 0.999987245 359.527099609
0.999991834 -0.000920072 -0.003938890 -0.301007390 0.000904456 0.999991655 -0.003964507 -6.001037121 0.003942505 0.003960912 0.999984384 361.120666504
0.999989033 -0.002592948 -0.003900317 -0.311792731 0.002572153 0.999982476 -0.005327275 -6.035282612 0.003914061 0.005317184 0.999978185 362.706848145
0.999984562 -0.004012218 -0.003847652 -0.324775100 0.003999657 0.999986589 -0.003267015 -6.071584225 0.003860709 0.003251576 0.999987245 364.309051514
0.999970555 -0.006183193 -0.004550671 -0.319258332 0.006171941 0.999977827 -0.002482501 -6.103669167 0.004565920 0.002454341 0.999986589 365.905578613
0.999976456 -0.005741572 -0.003763576 -0.342253566 0.005727097 0.999976218 -0.003845572 -6.127393723 0.003785567 0.003823927 0.999985516 367.497253418
0.999985933 -0.004423784 -0.002936479 -0.366249144 0.004409302 0.999978185 -0.004919986 -6.149298191 0.002958181 0.004906970 0.999983609 369.110168457
0.999988496 -0.003673808 -0.003082589 -0.375045836 0.003663082 0.999987185 -0.003478172 -6.197715282 0.003095329 0.003466841 0.999989212 370.702789307
0.999994457 -0.002135924 -0.002564137 -0.390030921 0.002128928 0.999993980 -0.002728298 -6.224389076 0.002569950 0.002722824 0.999993026 372.307403564
0.999992967 -0.002618842 -0.002685858 -0.391396284 0.002611832 0.999993324 -0.002609977 -6.265521049 0.002692675 0.002602943 0.999992967 373.892181396
0.999994636 -0.002444366 -0.002175712 -0.415509403 0.002435827 0.999989450 -0.003918459 -6.286454678 0.002185267 0.003913138 0.999989927 375.482330322
0.999995410 -0.002064355 -0.002226081 -0.416367620 0.002056156 0.999991119 -0.003679274 -6.329330444 0.002233657 0.003674679 0.999990761 377.094970703
0.999995530 -0.002194548 -0.002048169 -0.414293379 0.002187579 0.999991775 -0.003398569 -6.365686417 0.002055611 0.003394073 0.999992132 378.717681885
0.999998629 0.000116895 -0.001653434 -0.439635515 -0.000123088 0.999992967 -0.003746255 -6.389824867 0.001652984 0.003746453 0.999991596 380.328582764
0.999997854 0.001813336 -0.001056380 -0.452294141 -0.001816727 0.999993086 -0.003218116 -6.421396255 0.001050537 0.003220028 0.999994278 381.929138184
0.999994934 0.003111448 -0.000653087 -0.472340226 -0.003114206 0.999986053 -0.004265035 -6.448744774 0.000639808 0.004267047 0.999990702 383.568115234
