1.000000000 0.000000000 0.000000000 0.000000000 0.000000000 1.000000000 0.000000000 0.000000000 0.000000000 0.000000000 1.000000000 0.000000000
1.000000000 -0.000055407 0.000122263 -0.014833488 0.000055231 0.999998987 0.001438149 -0.012583233 -0.000122342 -0.001438142 0.999998987 1.315591931
0.999998510 -0.001566467 -0.000688751 -0.009746233 0.001567694 0.999997139 0.001785127 -0.039807767 0.000685952 -0.001786204 0.999998152 2.617397308
0.999996066 -0.002721769 -0.000659753 -0.015163587 0.002722237 0.999996066 0.000710016 -0.054707717 0.000657818 -0.000711809 0.999999464 3.930039883
0.999995768 -0.002870257 -0.000497793 -0.025816081 0.002870630 0.999995589 0.000749136 -0.072295301 0.000495640 -0.000750562 0.999999583 5.250361919
0.999992907 -0.003722570 -0.000595882 -0.025973357 0.003723684 0.999991298 0.001881338 -0.100815445 0.000588873 -0.001883544 0.999998033 6.570644379
0.999986649 -0.005168444 -0.000424977 -0.031748902 0.005169671 0.999982357 0.002938788 -0.115523078 0.000409780 -0.002940945 0.999995530 7.893616199
0.999989510 -0.004568143 -0.000410360 -0.040534418 0.004569550 0.999983430 0.003494540 -0.135215014 0.000394389 -0.003496378 0.999993801 9.235196114
0.999993324 -0.003617494 -0.000609158 -0.049269132 0.003618427 0.999992311 0.001536072 -0.150840104 0.000603596 -0.001538265 0.999998629 10.584970474
0.999998748 -0.001268957 -0.000950048 -0.055594932 0.001268711 0.999999166 -0.000258949 -0.178823590 0.000950376 0.000257743 0.999999523 11.913779259
0.999996841 0.002451026 -0.000566746 -0.074433506 -0.002451676 0.999996305 -0.001148679 -0.201958269 0.000563929 0.001150065 0.999999166 13.253409386
0.999989092 0.004654561 -0.000404795 -0.093406223 -0.004655047 0.999988437 -0.001208868 -0.222748071 0.000399164 0.001210739 0.999999106 14.588285446
0.999983132 0.005786537 -0.000511742 -0.096007600 -0.005786781 0.999983191 -0.000475610 -0.242403895 0.000508982 0.000478563 0.999999702 15.946895599
0.999993980 0.003450393 0.000286296 -0.109760158 -0.003451039 0.999991417 0.002288728 -0.265175581 -0.000278397 -0.002289703 0.999997318 17.299495697
0.999999642 -0.000621392 0.000444665 -0.112623721 0.000619535 0.999991119 0.004167142 -0.284509987 -0.000447250 -0.004166866 0.999991179 18.653461456
0.999995530 -0.002961451 0.000204104 -0.118370794 0.002961083 0.999993980 0.001782089 -0.299086899 -0.000209380 -0.001781477 0.999998391 19.998479843
0.999988973 -0.004694349 0.000063684 -0.114694640 0.004694327 0.999988914 0.000332296 -0.331642389 -0.000065243 -0.000331993 0.999999940 21.361421585
0.999997854 -0.001732084 0.001141254 -0.136300787 0.001733650 0.999997497 -0.001372522 -0.347098351 -0.001138874 0.001374498 0.999998391 22.706647873
0.999998808 0.000726032 0.001345076 -0.132101044 -0.000726723 0.999999583 0.000513755 -0.366423219 -0.001344702 -0.000514732 0.999998987 24.083778381
0.999997020 0.001546773 0.001862111 -0.141591072 -0.001554689 0.999989748 0.004256879 -0.387142360 -0.001855508 -0.004259762 0.999989271 25.446908951
0.999996543 -0.001006924 0.002437367 -0.143423274 0.000992592 0.999982238 0.005874397 -0.396002769 -0.002443239 -0.005871957 0.999979734 26.825492859
0.999983966 -0.005137672 0.002360754 -0.144538343 0.005127885 0.999978304 0.004133038 -0.411544055 -0.002381937 -0.004120867 0.999988675 28.200468063
0.999984205 -0.005202680 0.002118568 -0.146848321 0.005198943 0.999984860 0.001765481 -0.429534614 -0.002127722 -0.001754439 0.999996185 29.566776276
0.999979377 -0.005734539 0.002878738 -0.151068389 0.005736398 0.999983311 -0.000637824 -0.449486494 -0.002875032 0.000654324 0.999995649 30.950246811
0.999991357 -0.002380082 0.003390348 -0.154732883 0.002384914 0.999996126 -0.001421762 -0.474008322 -0.003386951 0.001429836 0.999993265 32.334945679
0.999993205 -0.000658250 0.003597155 -0.160218164 0.000672252 0.999992251 -0.003892829 -0.493345231 -0.003594565 0.003895222 0.999985933 33.707172394
0.999992847 -0.000567507 0.003769921 -0.162567452 0.000578739 0.999995410 -0.002979042 -0.521597207 -0.003768213 0.002981202 0.999988437 35.097366333
0.999993443 -0.000245380 0.003624343 -0.168603197 0.000252291 0.999998212 -0.001906463 -0.545988023 -0.003623868 0.001907365 0.999991596 36.483623505
0.999994338 0.000520195 0.003315324 -0.170587853 -0.000520506 0.999999881 0.000093046 -0.575932324 -0.003315275 -0.000094771 0.999994516 37.864681244
0.999988019 0.003253500 0.003657703 -0.187821478 -0.003254603 0.999994755 0.000295374 -0.595882058 -0.003656723 -0.000307275 0.999993265 39.257019043
0.999974668 0.005945433 0.003899680 -0.193080232 -0.005944860 0.999982238 -0.000158360 -0.616438270 -0.003900552 0.000135173 0.999992371 40.656272888
0.999962926 0.007810871 0.003622531 -0.196401507 -0.007812653 0.999969363 0.000478120 -0.641022086 -0.003618685 -0.000506404 0.999993324 42.056064606
0.999956369 0.008766418 0.003218613 -0.202154741 -0.008766588 0.999961555 0.000039335 -0.655461609 -0.003218144 -0.000067549 0.999994814 43.478088379
0.999964118 0.007878644 0.003114999 -0.213428929 -0.007878425 0.999968946 -0.000082712 -0.675958753 -0.003115553 0.000058168 0.999995172 44.881320953
0.999975502 0.006697421 0.002022521 -0.217335060 -0.006697315 0.999977589 -0.000059336 -0.707280338 -0.002022873 0.000045789 0.999997973 46.279296875
0.999982357 0.005808703 0.001251346 -0.224656835 -0.005809129 0.999983132 0.000336840 -0.734354496 -0.001249368 -0.000344104 0.999999166 47.681541443
0.999979675 0.006365158 -0.000056825 -0.231609747 -0.006365076 0.999978781 0.001343781 -0.750916779 0.000065377 -0.001343392 0.999999106 49.101196289
0.999978900 0.006443692 -0.000732685 -0.256619841 -0.006442891 0.999978662 0.001090461 -0.771608472 0.000739696 -0.001085717 0.999999166 50.500129700
0.999974430 0.006930832 -0.001741512 -0.271198720 -0.006927837 0.999974549 0.001720028 -0.791400015 0.001753389 -0.001707919 0.999997020 51.904888153
0.999972641 0.006804472 -0.002871963 -0.291300535 -0.006797256 0.999973714 0.002514936 -0.812500596 0.002889001 -0.002495346 0.999992728 53.317295074
0.999979317 0.005398465 -0.003488479 -0.301093161 -0.005386350 0.999979496 0.003472974 -0.830626905 0.003507156 -0.003454112 0.999987900 54.757270813
0.999987423 0.003186032 -0.003871304 -0.321652532 -0.003170800 0.999987185 0.003934418 -0.854621351 0.003883790 -0.003922093 0.999984741 56.189228058
0.999990582 0.000745072 -0.004252064 -0.337291837 -0.000729965 0.999993384 0.003553306 -0.872656584 0.004254684 -0.003550168 0.999984622 57.599597931
0.999991000 -0.000371029 -0.004219708 -0.353970021 0.000386756 0.999992967 0.003726678 -0.898187041 0.004218295 -0.003728277 0.999984145 59.021873474
0.999991238 -0.001594264 -0.003856515 -0.363026321 0.001611657 0.999988496 0.004510916 -0.915649056 0.003849279 -0.004517092 0.999982417 60.450553894
0.999992847 -0.002157158 -0.003082302 -0.379875392 0.002172347 0.999985456 0.004932877 -0.935366809 0.003071615 -0.004939538 0.999983072 61.874259949
0.999988556 -0.004121281 -0.002398915 -0.398934960 0.004133415 0.999978542 0.005075330 -0.963043869 0.002377946 -0.005085188 0.999984264 63.277214050
0.999984086 -0.005294383 -0.001948697 -0.401227385 0.005301817 0.999978602 0.003829801 -0.980602741 0.001928379 -0.003840073 0.999990761 64.675323486
0.999982476 -0.005671019 -0.001734206 -0.397284210 0.005677240 0.999977410 0.003603749 -1.001118660 0.001713730 -0.003613532 0.999992013 66.089439392
0.999994576 -0.003236517 -0.000599996 -0.415655792 0.003238438 0.999989569 0.003229764 -1.023092985 0.000589536 -0.003231689 0.999994576 67.487136841
0.999999881 -0.000268503 -0.000041591 -0.430928349 0.000268688 0.999989808 0.004507326 -1.042011857 0.000040380 -0.004507337 0.999989808 68.882301331
0.999995351 0.002881333 0.000944690 -0.447264820 -0.002886808 0.999978840 0.005846158 -1.061465263 -0.000927825 -0.005848858 0.999982476 70.283645630
0.999973476 0.007134899 0.001454829 -0.458143800 -0.007144399 0.999952495 0.006632396 -1.086984754 -0.001407438 -0.006642614 0.999976933 71.636161804
0.999939382 0.010825719 0.001989671 -0.467482954 -0.010837908 0.999921918 0.006221586 -1.102299094 -0.001922162 -0.006242774 0.999978662 73.040542603
0.999887824 0.014716514 0.002767322 -0.490744025 -0.014730806 0.999877870 0.005217485 -1.117867708 -0.002690200 -0.005257665 0.999982536 74.414588928
0.999860168 0.016367078 0.003428301 -0.497301340 -0.016384892 0.999852061 0.005235454 -1.138732791 -0.003342105 -0.005290894 0.999980390 75.809326172
0.999857783 0.016467128 0.003642644 -0.501325667 -0.016486654 0.999849498 0.005395821 -1.151019573 -0.003553242 -0.005455109 0.999978721 77.220535278
0.999863625 0.016031215 0.003973746 -0.509345889 -0.016050646 0.999859154 0.004905985 -1.170105219 -0.003894538 -0.004969098 0.999980092 78.595985413
0.999885976 0.014590448 0.003896127 -0.515181899 -0.014606019 0.999885321 0.003998613 -1.188644528 -0.003837339 -0.004055064 0.999984443 79.980979919
0.999895453 0.014023663 0.003503833 -0.517478883 -0.014038138 0.999892890 0.004141066 -1.208721876 -0.003445385 -0.004189821 0.999985278 81.359146118
0.999899149 0.013800653 0.003343635 -0.521407068 -0.013814887 0.999895453 0.004272074 -1.228667736 -0.003284328 -0.004317835 0.999985278 82.721443176
0.999906301 0.013449097 0.002549945 -0.515735984 -0.013458415 0.999902666 0.003671998 -1.245520592 -0.002500312 -0.003705972 0.999989986 84.093696594
0.999905407 0.013612381 0.001970242 -0.531846285 -0.013620124 0.999899387 0.003970463 -1.260577202 -0.001915996 -0.003996922 0.999990106 85.449768066
0.999915481 0.012959733 0.000965010 -0.534307063 -0.012964239 0.999904335 0.004818883 -1.282492042 -0.000902466 -0.004830987 0.999987900 86.808242798
0.999939024 0.011040512 -0.000065647 -0.542830288 -0.011039945 0.999922156 0.005808401 -1.305318356 0.000129770 -0.005807322 0.999983132 88.198493958
0.999959111 0.008954776 -0.001267367 -0.554622889 -0.008946589 0.999939978 0.006323813 -1.322760820 0.001323919 -0.006312216 0.999979198 89.564437866
0.999976933 0.006442241 -0.002158783 -0.562677860 -0.006428440 0.999959230 0.006339818 -1.339033604 0.002199538 -0.006325794 0.999977589 90.933898926
0.999981225 0.005450195 -0.002798447 -0.570105135 -0.005433966 0.999968588 0.005774105 -1.356986761 0.002829830 -0.005758790 0.999979436 92.302932739
0.999988616 0.003956381 -0.002641126 -0.580800951 -0.003941230 0.999975801 0.005717747 -1.384099960 0.002663684 -0.005707271 0.999980152 93.622817993
0.999985516 0.004452360 -0.003001294 -0.591747940 -0.004437949 0.999978662 0.004791459 -1.395254254 0.003022564 -0.004778069 0.999984026 94.986030579
0.999988735 0.003994833 -0.002561631 -0.607184470 -0.003983089 0.999981582 0.004573796 -1.420338035 0.002579856 -0.004563540 0.999986231 96.343696594
0.999985099 0.004832171 -0.002523381 -0.621560931 -0.004822304 0.999980748 0.003902127 -1.440137625 0.002542189 -0.003889900 0.999989152 97.683242798
0.999979138 0.006004556 -0.002388092 -0.633818686 -0.005994549 0.999973238 0.004175556 -1.458098173 0.002413100 -0.004161153 0.999988377 99.018768311
0.999977887 0.006299548 -0.002186940 -0.647137642 -0.006286518 0.999962747 0.005914251 -1.478723288 0.002224116 -0.005900372 0.999980092 100.351013184
0.999966025 0.008039895 -0.001817001 -0.668007255 -0.008026950 0.999943137 0.007022293 -1.497837067 0.001873356 -0.007007470 0.999973714 101.693084717
0.999969959 0.007591654 -0.001559352 -0.680816114 -0.007582768 0.999955475 0.005626870 -1.510407329 0.001601999 -0.005614877 0.999982953 103.031051636
0.999970675 0.007499617 -0.001547528 -0.692041934 -0.007494557 0.999966621 0.003249975 -1.533557653 0.001571850 -0.003238281 0.999993503 104.320510864
0.999978542 0.006316614 -0.001794707 -0.697755098 -0.006312832 0.999977946 0.002104987 -1.550853610 0.001807964 -0.002093612 0.999996126 105.668151855
0.999989569 0.004131225 -0.001927539 -0.706364453 -0.004124267 0.999985039 0.003600498 -1.578741312 0.001942385 -0.003592511 0.999991655 106.968589783
0.999997199 0.001876880 -0.001439020 -0.718833804 -0.001869114 0.999983728 0.005379258 -1.593587995 0.001449093 -0.005376553 0.999984443 108.295845032
0.999999821 0.000531591 -0.000135505 -0.725157559 -0.000530769 0.999981880 0.005996469 -1.614057899 0.000138690 -0.005996397 0.999981999 109.603729248
0.999999702 -0.000377083 0.000581830 -0.729316890 0.000374290 0.999988437 0.004793254 -1.633366823 -0.000583631 -0.004793035 0.999988317 110.921188354
0.999997199 0.001886941 0.001394407 -0.746019185 -0.001890022 0.999995708 0.002211745 -1.649382591 -0.001390227 -0.002214374 0.999996603 112.243568420
0.999987364 0.004141501 0.002866067 -0.755007923 -0.004141331 0.999991357 -0.000065423 -1.667511106 -0.002866314 0.000053553 0.999995947 113.582580566
0.999965608 0.007286045 0.003959436 -0.764055312 -0.007287081 0.999973416 0.000247341 -1.693609834 -0.003957528 -0.000276185 0.999992073 114.866752625
0.999946475 0.008563505 0.005792385 -0.774115086 -0.008577528 0.999960303 0.002400368 -1.716625810 -0.005771599 -0.002449923 0.999980271 116.208160400
0.999941170 0.008633529 0.006586411 -0.771545470 -0.008661347 0.999953568 0.004206977 -1.735814333 -0.006549785 -0.004263776 0.999969482 117.540077209
0.999939501 0.007927294 0.007630058 -0.770494998 -0.007964112 0.999956667 0.004807330 -1.753386736 -0.007591619 -0.004867806 0.999959290 118.876251221
0.999925315 0.008714792 0.008569752 -0.768498361 -0.008750004 0.999953389 0.004080121 -1.767116666 -0.008533795 -0.004154802 0.999954939 120.208068848
0.999897480 0.010339480 0.009907962 -0.763491631 -0.010374859 0.999939978 0.003526046 -1.783882618 -0.009870910 -0.003628478 0.999944687 121.548912048
0.999859393 0.012552230 0.011119789 -0.764401376 -0.012588793 0.999915481 0.003224274 -1.802665710 -0.011078375 -0.003363805 0.999932945 122.887062073
0.999837279 0.013257627 0.012240535 -0.758992851 -0.013283150 0.999909759 0.002006199 -1.816655874 -0.012212831 -0.002168465 0.999923110 124.236724854
0.999806046 0.014615313 0.013199151 -0.751202643 -0.014637381 0.999891579 0.001576641 -1.848040223 -0.013174677 -0.001769536 0.999911666 125.564323425
0.999799013 0.013613658 0.014724367 -0.744354308 -0.013633600 0.999906242 0.001254707 -1.864941955 -0.014705904 -0.001455201 0.999890864 126.911163330
0.999805033 0.012967475 0.014891827 -0.727373362 -0.013009989 0.999911487 0.002761482 -1.891817331 -0.014854701 -0.002954685 0.999885321 128.259201050
0.999804318 0.011914663 0.015791906 -0.716175556 -0.011970509 0.999922454 0.003446528 -1.911231279 -0.015749617 -0.003634891 0.999869347 129.573440552
0.999802768 0.011379009 0.016283127 -0.706972182 -0.011442116 0.999927282 0.003787628 -1.926795363 -0.016238842 -0.003973193 0.999860227 130.953262329
0.999829710 0.009001421 0.016107991 -0.687589705 -0.009062777 0.999951899 0.003740224 -1.939128399 -0.016073547 -0.003885570 0.999863267 132.309204102
0.999843836 0.007535832 0.015986050 -0.672919571 -0.007606375 0.999961555 0.004356559 -1.958549261 -0.015952608 -0.004477475 0.999862731 133.676910400
0.999866247 0.006038647 0.015198151 -0.655999064 -0.006101044 0.999973118 0.004062555 -1.977029204 -0.015173207 -0.004154736 0.999876261 135.030883789
0.999888122 0.004701528 0.014194801 -0.648275077 -0.004759308 0.999980509 0.004039492 -1.993867397 -0.014175533 -0.004106598 0.999891043 136.365127563
0.999907732 0.003253439 0.013181233 -0.637287736 -0.003317489 0.999982774 0.004840293 -2.008266211 -0.013165256 -0.004883576 0.999901414 137.721435547
0.999923825 0.001685716 0.012226228 -0.628169298 -0.001748626 0.999985218 0.005136583 -2.029319525 -0.012217388 -0.005157570 0.999912024 139.056671143
0.999939024 0.001371669 0.010960946 -0.624153376 -0.001426082 0.999986708 0.004957950 -2.044437170 -0.010953999 -0.004973278 0.999927640 140.383605957
0.999952435 0.000919985 0.009707467 -0.613322854 -0.000962262 0.999990046 0.004351377 -2.061600447 -0.009703365 -0.004360511 0.999943376 141.733489990
0.999959350 0.001052305 0.008950652 -0.615807474 -0.001089230 0.999990880 0.004121585 -2.079902887 -0.008946232 -0.004131167 0.999951422 143.067184448
0.999967754 -0.001606003 0.007869519 -0.601402462 0.001591632 0.999997079 0.001832118 -2.101836681 -0.007872439 -0.001819534 0.999967337 144.408996582
0.999953568 -0.006881843 0.006755673 -0.588943422 0.006875123 0.999975920 0.001017399 -2.116666079 -0.006762513 -0.000970906 0.999976635 145.769165039
0.999877691 -0.014551728 0.005730167 -0.577414989 0.014530109 0.999887228 0.003796875 -2.144973278 -0.005784772 -0.003713150 0.999976397 147.108840942
0.999766946 -0.021188626 0.004135904 -0.567240834 0.021168003 0.999763489 0.004968279 -2.158167124 -0.004240197 -0.004879571 0.999979198 148.440460205
0.999683022 -0.025013397 0.002869016 -0.552773714 0.025008505 0.999685705 0.001727794 -2.178015471 -0.002911333 -0.001655497 0.999994397 149.793197632
0.999701142 -0.024126377 0.003938550 -0.558116674 0.024132088 0.999707758 -0.001408928 -2.199085474 -0.003903407 0.001503552 0.999991298 151.138565063
0.999765694 -0.021194737 0.004399495 -0.571271300 0.021208612 0.999770164 -0.003131543 -2.232186794 -0.004332112 0.003224117 0.999985397 152.415893555
0.999768853 -0.020823373 0.005355804 -0.577413917 0.020840727 0.999777675 -0.003205549 -2.256303310 -0.005287863 0.003316427 0.999980509 153.755950928
0.999685466 -0.024405977 0.005776878 -0.567591488 0.024403730 0.999702036 0.000459611 -2.284108639 -0.005786375 -0.000318489 0.999983191 155.117050171
0.999538779 -0.029689599 0.006395442 -0.556184411 0.029671000 0.999555290 0.002983767 -2.302868605 -0.006481185 -0.002792632 0.999975085 156.480072021
0.999419808 -0.033488065 0.006211908 -0.546039522 0.033459596 0.999429345 0.004631838 -2.326321602 -0.006363474 -0.004421302 0.999969959 157.827499390
0.999361217 -0.035162427 0.006395934 -0.544289589 0.035130359 0.999369919 0.005059012 -2.346287251 -0.006569791 -0.004831088 0.999966800 159.159103394
0.999438763 -0.032650437 0.007490796 -0.545932114 0.032617159 0.999457717 0.004521980 -2.354350328 -0.007634379 -0.004275114 0.999961674 160.514694214
0.999537528 -0.029226689 0.008400616 -0.539165318 0.029192097 0.999564946 0.004211268 -2.376881123 -0.008520043 -0.003964089 0.999955833 161.883453369
0.999631286 -0.025527546 0.009264315 -0.541713953 0.025508905 0.999672353 0.002125128 -2.394321918 -0.009315529 -0.001888021 0.999954820 163.215240479
0.999698281 -0.022499202 0.009858580 -0.532989681 0.022489024 0.999746442 0.001142075 -2.409712791 -0.009881779 -0.000920021 0.999950767 164.599319458
0.999744952 -0.020041469 0.010400844 -0.531023145 0.020021450 0.999797523 0.002025268 -2.425181627 -0.010439327 -0.001816512 0.999943852 165.965362549
0.999778450 -0.018741297 0.009580710 -0.512218416 0.018723091 0.999822736 0.001986485 -2.450712442 -0.009616241 -0.001806664 0.999952137 167.339797974
0.999826968 -0.016072955 0.009361076 -0.509206474 0.016080266 0.999870360 -0.000705830 -2.467402935 -0.009348518 0.000856236 0.999956012 168.693313599
0.999886632 -0.012435439 0.008491065 -0.500473261 0.012468751 0.999914706 -0.003881340 -2.483444214 -0.008442075 0.003986773 0.999956429 170.079101562
0.999939144 -0.007098135 0.008439803 -0.506251276 0.007142274 0.999960840 -0.005211330 -2.508232117 -0.008402484 0.005271292 0.999950767 171.438003540
0.999957800 -0.002615068 0.008799509 -0.512459338 0.002648968 0.999989092 -0.003843057 -2.536723614 -0.008789364 0.003866205 0.999953926 172.793899536
0.999954581 -0.000010307 0.009529068 -0.515784383 0.000028024 0.999998271 -0.001859141 -2.563210249 -0.009529033 0.001859323 0.999952853 174.164505005
0.999954224 0.001146703 0.009496486 -0.513593435 -0.001149840 0.999999285 0.000324902 -2.585446119 -0.009496108 -0.000335807 0.999954879 175.539062500
0.999960661 -0.002287210 0.008564616 -0.507330716 0.002276737 0.999996662 0.001232402 -2.608241558 -0.008567407 -0.001212855 0.999962628 176.912643433
0.999967039 -0.004342915 0.006858955 -0.498117179 0.004333877 0.999989867 0.001331814 -2.625895500 -0.006864669 -0.001302044 0.999975562 178.314819336
0.999977112 -0.004536414 0.005007660 -0.498388588 0.004550710 0.999985635 -0.002847059 -2.650130987 -0.004994672 0.002869783 0.999983370 179.710708618
0.999988794 -0.003552809 0.003137065 -0.490697205 0.003574185 0.999970257 -0.006834970 -2.677936554 -0.003112689 0.006846107 0.999971747 181.123367310
0.999995589 0.001388655 0.002610568 -0.502874970 -0.001369051 0.999970913 -0.007496201 -2.705315828 -0.002620902 0.007492594 0.999968410 182.525360107
0.999985456 0.004855772 0.002337124 -0.509112000 -0.004840031 0.999965847 -0.006694795 -2.734418869 -0.002369552 0.006683385 0.999974847 183.919906616
0.999971569 0.006934310 0.002953523 -0.525575757 -0.006924883 0.999971032 -0.003189560 -2.766345024 -0.002975554 0.003169016 0.999990523 185.298660278
0.999964595 0.007756219 0.003255630 -0.529541731 -0.007752451 0.999969244 -0.001168355 -2.789668322 -0.003264592 0.001143074 0.999994040 186.695419312
0.999969363 0.007066292 0.003345026 -0.531160176 -0.007064905 0.999974906 -0.000426772 -2.809087992 -0.003347958 0.000403127 0.999994338 188.095123291
0.999977529 0.005660320 0.003586499 -0.540754735 -0.005661391 0.999983907 0.000288564 -2.834740162 -0.003584808 -0.000308862 0.999993443 189.500610352
0.999986589 0.003110246 0.004131502 -0.547956645 -0.003114032 0.999994636 0.000909962 -2.859362602 -0.004128649 -0.000922816 0.999991119 190.921707153
0.999992609 -0.000060492 0.003825930 -0.535723627 0.000056533 0.999999464 0.001034909 -2.882640362 -0.003825990 -0.001034685 0.999992132 192.362884521
0.999985635 -0.003316324 0.004215687 -0.536143780 0.003307588 0.999992430 0.002077695 -2.903249979 -0.004222544 -0.002063721 0.999988973 193.783309937
0.999959707 -0.007733154 0.004559060 -0.531466663 0.007716248 0.999963343 0.003714354 -2.923311234 -0.004587615 -0.003679026 0.999982715 195.223556519
0.999934196 -0.010476588 0.004661439 -0.521356821 0.010460353 0.999939203 0.003493677 -2.940676212 -0.004697756 -0.003444687 0.999983072 196.663375854
0.999950230 -0.008253669 0.005590504 -0.533801198 0.008258133 0.999965549 -0.000775611 -2.965653658 -0.005583909 0.000821740 0.999984086 198.074966431
0.999981701 -0.000971343 0.005974090 -0.541842520 0.001005715 0.999982893 -0.005753114 -2.988776445 -0.005968400 0.005759018 0.999965608 199.494186401
0.999937713 0.008404737 0.007335489 -0.555089414 -0.008361477 0.999947608 -0.005908257 -3.016925573 -0.007384763 0.005846555 0.999955654 200.931091309
0.999838233 0.016043993 0.008131294 -0.558348060 -0.016028522 0.999869645 -0.001964502 -3.046009064 -0.008161752 0.001833852 0.999965012 202.366302490
0.999822736 0.016453365 0.009155319 -0.562538028 -0.016455941 0.999864519 0.000205785 -3.076121807 -0.009150695 -0.000356407 0.999958038 203.787414551
0.999855161 0.014630589 0.008693496 -0.559088469 -0.014636885 0.999892652 0.000661167 -3.095926762 -0.008682890 -0.000788317 0.999961913 205.214767456
0.999908328 0.011224745 0.007560628 -0.552022278 -0.011229456 0.999936759 0.000581102 -3.119247675 -0.007553628 -0.000665950 0.999971271 206.665176392
0.999926627 0.009577071 0.007415219 -0.559787750 -0.009578324 0.999954045 0.000133622 -3.139538527 -0.007413599 -0.000204638 0.999972522 208.117538452
0.999932766 0.009749478 0.006266424 -0.541637361 -0.009745753 0.999952316 -0.000624455 -3.162510157 -0.006272213 0.000563342 0.999980211 209.613433838
0.999917626 0.011182078 0.006301717 -0.550561428 -0.011181123 0.999937415 -0.000186732 -3.195744753 -0.006303412 0.000116256 0.999980092 211.056106567
0.999910116 0.011819180 0.006333550 -0.550983131 -0.011823687 0.999929845 0.000674571 -3.220015287 -0.006325134 -0.000749396 0.999979675 212.513656616
0.999912322 0.011764980 0.006073778 -0.554145575 -0.011768011 0.999930739 0.000464001 -3.247906208 -0.006067898 -0.000535436 0.999981463 213.985412598
0.999914527 0.011565194 0.006101700 -0.558134973 -0.011558828 0.999932528 -0.001077707 -3.268161535 -0.006113752 0.001007087 0.999980807 215.452819824
0.999930859 0.010540912 0.005212222 -0.550391376 -0.010535735 0.999943972 -0.001019732 -3.292687654 -0.005222680 0.000964747 0.999985874 216.934539795
0.999927342 0.010897112 0.005175211 -0.556822598 -0.010891722 0.999940038 -0.001068638 -3.317815304 -0.005186547 0.001012194 0.999986053 218.408416748
0.999925733 0.011167691 0.004880091 -0.559121847 -0.011161267 0.999936819 -0.001341603 -3.341123104 -0.004894766 0.001287036 0.999987185 219.893493652
0.999925852 0.011339558 0.004437605 -0.557113409 -0.011332472 0.999934494 -0.001618921 -3.366136312 -0.004455672 0.001568512 0.999988794 221.387649536
0.999917328 0.012108873 0.004306726 -0.565215170 -0.012101704 0.999925315 -0.001686830 -3.396282673 -0.004326831 0.001634573 0.999989331 222.860916138
0.999918103 0.012120323 0.004093008 -0.567605555 -0.012113185 0.999925137 -0.001764295 -3.422937155 -0.004114085 0.001714571 0.999990106 224.338470459
0.999915361 0.012432009 0.003843462 -0.576163411 -0.012425141 0.999921203 -0.001805607 -3.447348595 -0.003865607 0.001757699 0.999991000 225.841110229
0.999925256 0.011394124 0.004424706 -0.593617022 -0.011386277 0.999933541 -0.001794751 -3.476174355 -0.004444862 0.001744236 0.999988616 227.313034058
0.999939680 0.010255105 0.003929952 -0.585288703 -0.010247410 0.999945521 -0.001973108 -3.503366947 -0.003949973 0.001932717 0.999990284 228.831329346
0.999947190 0.009345300 0.004282058 -0.592477739 -0.009338484 0.999955058 -0.001608751 -3.532540083 -0.004296900 0.001568678 0.999989569 230.326446533
0.999958038 0.007796912 0.004797471 -0.599305332 -0.007792468 0.999969184 -0.000944663 -3.556439638 -0.004804689 0.000907240 0.999987960 231.834869385
0.999957442 0.008060654 0.004472130 -0.597139120 -0.008057022 0.999967158 -0.000829869 -3.579839945 -0.004478673 0.000793802 0.999989629 233.338256836
0.999952734 0.008459328 0.004794528 -0.605850875 -0.008453945 0.999963641 -0.001141534 -3.610517502 -0.004804010 0.001100947 0.999987841 234.841918945
0.999944329 0.009169593 0.005223971 -0.607850790 -0.009161086 0.999956667 -0.001650042 -3.638493061 -0.005238875 0.001602093 0.999984920 236.347198486
0.999928415 0.010560501 0.005619123 -0.609468102 -0.010555233 0.999943793 -0.000966455 -3.664725065 -0.005629013 0.000907075 0.999983728 237.847808838
0.999915063 0.011121690 0.006799085 -0.621071637 -0.011127949 0.999937713 0.000883288 -3.686951876 -0.006788837 -0.000958872 0.999976456 239.367721558
0.999909818 0.011230450 0.007368078 -0.618830740 -0.011239173 0.999936163 0.001143264 -3.708214521 -0.007354768 -0.001225972 0.999972165 240.878158569
0.999901056 0.011582567 0.007984501 -0.618072450 -0.011581405 0.999932826 -0.000191870 -3.735710859 -0.007986188 0.000099379 0.999968112 242.380340576
0.999890566 0.012044452 0.008595325 -0.610705554 -0.012031032 0.999926209 -0.001611221 -3.758671761 -0.008614097 0.001507633 0.999961793 243.895858765
0.999896944 0.011634055 0.008407364 -0.598858178 -0.011628051 0.999932110 -0.000762772 -3.791275740 -0.008415666 0.000664932 0.999964356 245.435348511
0.999906659 0.011321052 0.007639771 -0.580607831 -0.011322564 0.999935865 0.000154879 -3.815608025 -0.007637528 -0.000241366 0.999970794 246.988128662
0.999897599 0.011984743 0.007813732 -0.583718240 -0.011989678 0.999927878 0.000584922 -3.842664003 -0.007806160 -0.000678547 0.999969304 248.508789062
0.999898672 0.012108847 0.007481307 -0.581269383 -0.012115194 0.999926209 0.000803512 -3.869972467 -0.007471026 -0.000894068 0.999971628 250.059631348
0.999885023 0.013091202 0.007640770 -0.575586498 -0.013099169 0.999913633 0.000993594 -3.891022205 -0.007627103 -0.001093567 0.999970257 251.605941772
0.999851763 0.015154078 0.008177042 -0.585430980 -0.015160640 0.999884725 0.000741230 -3.914215326 -0.008164868 -0.000865089 0.999966264 253.145019531
0.999843121 0.015543893 0.008495593 -0.581796825 -0.015552910 0.999878466 0.000996288 -3.935650110 -0.008479076 -0.001128263 0.999963403 254.692169189
0.999860823 0.014375132 0.008464473 -0.579501569 -0.014385669 0.999895811 0.001185565 -3.962238312 -0.008446549 -0.001307167 0.999963462 256.250885010
0.999886751 0.012699348 0.008073697 -0.565541923 -0.012714401 0.999917448 0.001815757 -3.983414173 -0.008049972 -0.001918204 0.999965787 257.778991699
0.999912381 0.010364587 0.008241510 -0.565492153 -0.010385240 0.999943018 0.002467346 -4.003360748 -0.008215467 -0.002552720 0.999962986 259.290222168
0.999920309 0.009238791 0.008601983 -0.573497891 -0.009253261 0.999955833 0.001643741 -4.028309345 -0.008586419 -0.001723207 0.999961674 260.834899902
0.999933481 0.007987083 0.008320790 -0.569231927 -0.007992406 0.999967933 0.000606871 -4.050074577 -0.008315676 -0.000673334 0.999965250 262.384918213
0.999942899 0.006284646 0.008635859 -0.554458201 -0.006306185 0.999977052 0.002469081 -4.077912331 -0.008620141 -0.002523399 0.999959648 263.946319580
0.999950588 0.004154345 0.009029809 -0.544561267 -0.004191278 0.999982893 0.004075178 -4.096422195 -0.009012725 -0.004112823 0.999950886 265.496398926
0.999953806 0.003636318 0.008899726 -0.534224331 -0.003664540 0.999988317 0.003156826 -4.116174698 -0.008888142 -0.003189293 0.999955416 267.080993652
0.999952912 0.003539421 0.009037074 -0.518532991 -0.003553724 0.999992490 0.001567174 -4.128308773 -0.009031457 -0.001599216 0.999957979 268.636169434
0.999947548 0.003367597 0.009670999 -0.509450495 -0.003388107 0.999992013 0.002105261 -4.164330482 -0.009663832 -0.002137918 0.999951005 270.177795410
0.999930203 0.005086259 0.010657211 -0.505354464 -0.005111554 0.999984145 0.002347663 -4.190386295 -0.010645102 -0.002401975 0.999940395 271.710083008
0.999912500 0.006503359 0.011514126 -0.502360046 -0.006523261 0.999977231 0.001691774 -4.207997799 -0.011502863 -0.001766736 0.999932230 273.244506836
0.999893963 0.007477456 0.012490847 -0.491807073 -0.007499738 0.999970257 0.001738087 -4.235705853 -0.012477482 -0.001831581 0.999920487 274.794006348
0.999873936 0.008914062 0.013141602 -0.469273180 -0.008926468 0.999959767 0.000885840 -4.254514694 -0.013133177 -0.001003037 0.999913275 276.316345215
0.999854147 0.009759191 0.014015493 -0.463569492 -0.009757893 0.999952316 -0.000160936 -4.279464245 -0.014016395 0.000024151 0.999901831 277.859741211
0.999862492 0.007861768 0.014599800 -0.439587891 -0.007860246 0.999969065 -0.000161697 -4.304721832 -0.014600622 0.000046917 0.999893427 279.413024902
0.999848664 0.007637688 0.015629705 -0.426633775 -0.007639053 0.999970794 0.000027618 -4.328449726 -0.015629034 -0.000147010 0.999877870 280.987884521
0.999845862 0.006845728 0.016166734 -0.408909440 -0.006862446 0.999975979 0.000978820 -4.353462219 -0.016159644 -0.001089613 0.999868810 282.562164307
0.999844909 0.006099436 0.016523901 -0.392908782 -0.006116449 0.999980807 0.000979195 -4.375035763 -0.016517611 -0.001080111 0.999862969 284.116973877
0.999854684 0.005607316 0.016094767 -0.364863843 -0.005587678 0.999983609 -0.001264803 -4.404549599 -0.016101591 0.001174687 0.999869585 285.702453613
0.999867260 0.003823194 0.015841424 -0.340075105 -0.003774458 0.999988079 -0.003105283 -4.435489655 -0.015853109 0.003045078 0.999869585 287.270660400
0.999876082 0.004062715 0.015210876 -0.320474148 -0.004011950 0.999986410 -0.003366509 -4.463826656 -0.015224343 0.003305067 0.999878645 288.831634521
0.999894619 0.002724945 0.014254744 -0.301967770 -0.002678107 0.999990940 -0.003303850 -4.492904663 -0.014263615 0.003265326 0.999892950 290.378356934
0.999909937 0.002771060 0.013132764 -0.294856906 -0.002718692 0.999988437 -0.004003793 -4.520619392 -0.013143705 0.003967728 0.999905765 291.921325684
0.999916196 0.002914900 0.012612495 -0.284365654 -0.002859849 0.999986231 -0.004380694 -4.549111843 -0.012625094 0.004344258 0.999910891 293.484252930
0.999926567 0.003098506 0.011714230 -0.264595896 -0.003052985 0.999987662 -0.003901860 -4.581389904 -0.011726176 0.003865811 0.999923706 295.049285889
0.999939322 0.002476507 0.010726336 -0.256607085 -0.002437385 0.999990284 -0.003658807 -4.614034653 -0.010735293 0.003632441 0.999935806 296.625671387
0.999951422 0.002244881 0.009599126 -0.248232991 -0.002224238 0.999995172 -0.002160607 -4.647236347 -0.009603931 0.002139151 0.999951601 298.185455322
0.999954343 0.003632193 0.008831438 -0.242499501 -0.003623428 0.999992907 -0.001008313 -4.673376560 -0.008835037 0.000976267 0.999960423 299.758422852
0.999944270 0.003902400 0.009812066 -0.239834473 -0.003893255 0.999991953 -0.000950968 -4.698174000 -0.009815699 0.000912715 0.999951363 301.351715088
0.999934971 0.004266375 0.010570495 -0.228948072 -0.004256051 0.999990463 -0.000998987 -4.726899624 -0.010574657 0.000953933 0.999943614 302.957305908
0.999937415 0.002714743 0.010854147 -0.222963497 -0.002700134 0.999995410 -0.001360464 -4.750687599 -0.010857792 0.001331071 0.999940157 304.535827637
0.999938905 0.001071769 0.010997368 -0.206991762 -0.001048989 0.999997318 -0.002076922 -4.784702301 -0.010999565 0.002065259 0.999937356 306.121276855
0.999935031 -0.000481308 0.011397668 -0.191417322 0.000529427 0.999990940 -0.004219195 -4.809588909 -0.011395534 0.004224954 0.999926150 307.719299316
0.999938548 -0.000844654 0.011052211 -0.177969635 0.000901398 0.999986410 -0.005130157 -4.841638565 -0.011047727 0.005139804 0.999925733 309.312316895
0.999961495 -0.000131173 0.008777881 -0.174925551 0.000184871 0.999981225 -0.006116907 -4.875057697 -0.008776913 0.006118293 0.999942720 310.917999268
0.999978244 0.000799616 0.006548591 -0.162329689 -0.000762656 0.999983907 -0.005644392 -4.902591705 -0.006552998 0.005639275 0.999962628 312.531707764
0.999979258 0.001658627 0.006219407 -0.162334949 -0.001644147 0.999996006 -0.002332471 -4.934390545 -0.006223251 0.002322196 0.999977946 314.159484863
0.999980330 0.000272173 0.006252483 -0.141466171 -0.000275567 0.999999821 0.000541851 -4.960234642 -0.006252334 -0.000543563 0.999980271 315.810607910
0.999982238 -0.000762375 0.005902443 -0.131928772 0.000754777 0.999998868 0.001289434 -4.984147072 -0.005903421 -0.001284957 0.999981761 317.438201904
0.999976218 -0.001573815 0.006712712 -0.136253893 0.001574082 0.999998748 -0.000034483 -5.004949570 -0.006712649 0.000045048 0.999977469 319.066131592
0.999969244 -0.003046464 0.007219844 -0.139013857 0.003043556 0.999995232 0.000413702 -5.032908440 -0.007221070 -0.000391715 0.999973893 320.676849365
0.999963522 -0.003287981 0.007880035 -0.149467498 0.003283016 0.999994397 0.000642867 -5.060250759 -0.007882102 -0.000616973 0.999968708 322.292053223
0.999959886 -0.003126257 0.008390700 -0.140483886 0.003123295 0.999994993 0.000366012 -5.083759785 -0.008391803 -0.000339791 0.999964654 323.917449951
0.999962747 -0.001980461 0.008408223 -0.131237417 0.001985851 0.999997854 -0.000632780 -5.109777451 -0.008406953 0.000649454 0.999964476 325.539306641
0.999956846 -0.001281574 0.009193857 -0.127971455 0.001290022 0.999998748 -0.000912982 -5.147699356 -0.009192675 0.000924804 0.999957323 327.153991699
0.999949157 -0.002872300 0.009661740 -0.115014330 0.002859670 0.999994993 0.001320727 -5.178193569 -0.009665486 -0.001293030 0.999952495 328.795257568
0.999941885 -0.003765624 0.010094400 -0.114326634 0.003745059 0.999990821 0.002055365 -5.204588890 -0.010102049 -0.002017442 0.999946952 330.389801025
0.999938011 -0.005183109 0.009851567 -0.098002642 0.005174644 0.999986172 0.000884581 -5.233097076 -0.009856016 -0.000833547 0.999951124 332.027404785
0.999947011 -0.003614445 0.009633769 -0.081648380 0.003607836 0.999993265 0.000703347 -5.257191181 -0.009636245 -0.000668552 0.999953330 333.667938232
0.999954641 -0.001822627 0.009347643 -0.079366438 0.001833511 0.999997616 -0.001156005 -5.286818504 -0.009345512 0.001173092 0.999955595 335.280883789
0.999958336 0.000382516 0.009121813 -0.085647091 -0.000342861 0.999990404 -0.004348347 -5.314719677 -0.009123387 0.004345038 0.999948919 336.882141113
0.999965549 0.001299853 0.008191272 -0.080641806 -0.001268973 0.999992073 -0.003773884 -5.347081661 -0.008196113 0.003763360 0.999959350 338.503936768
0.999971569 0.002443123 0.007147197 -0.079585098 -0.002439440 0.999996960 -0.000523944 -5.376133919 -0.007148454 0.000506494 0.999974310 340.082824707
0.999980390 0.002737480 0.005652799 -0.070085451 -0.002753248 0.999992311 0.002783594 -5.412052631 -0.005645136 -0.002799103 0.999980152 341.698577881
0.999985039 0.003410278 0.004303856 -0.072830953 -0.003416064 0.999993384 0.001337713 -5.435148716 -0.004299265 -0.001352395 0.999989808 343.293304443
0.999993384 0.002857066 0.002249804 -0.073978059 -0.002856391 0.999995887 -0.000303124 -5.459616661 -0.002250661 0.000296695 0.999997437 344.882659912
0.999999046 0.001341926 0.000316464 -0.070930891 -0.001342201 0.999998748 0.000869041 -5.485658646 -0.000315298 -0.000869465 0.999999583 346.485534668
0.999999702 0.000091224 -0.000711654 -0.077986598 -0.000090315 0.999999225 0.001277642 -5.512172699 0.000711770 -0.001277577 0.999998987 348.075225830
0.999999523 -0.000094642 -0.001067252 -0.099940464 0.000095061 0.999999940 0.000392414 -5.532444954 0.001067215 -0.000392515 0.999999344 349.646484375
0.999997914 -0.001367310 -0.001601752 -0.106437981 0.001366477 0.999998927 -0.000521043 -5.559631348 0.001602464 0.000518854 0.999998510 351.233154297
0.999997556 -0.001359750 -0.001744461 -0.114062019 0.001358161 0.999998689 -0.000911546 -5.581533432 0.001745699 0.000909174 0.999998093 352.826782227
0.999996424 -0.001864821 -0.001915336 -0.124094106 0.001862613 0.999997616 -0.001153834 -5.607831955 0.001917483 0.001150262 0.999997497 354.420196533
0.999994040 -0.002506348 -0.002369959 -0.127968147 0.002502128 0.999995291 -0.001781960 -5.637076378 0.002374414 0.001776019 0.999995589 356.017425537
0.999996960 -0.001897030 -0.001533007 -0.151744172 0.001893255 0.999995291 -0.002459985 -5.666815758 0.001537666 0.002457076 0.999995768 357.631591797
0.999995828 -0.002393913 -0.001610895 -0.157903805 0.002390192 0.999994397 -0.002308771 -5.697171688 0.001616413 0.002304911 0.999996066 359.218688965
0.999995053 -0.002451549 -0.001966277 -0.161293715 0.002445454 0.999992192 -0.003095642 -5.728824615 0.001973850 0.003090819 0.999993265 360.815216064
0.999989867 -0.004079701 -0.001907493 -0.170231715 0.004071159 0.999981701 -0.004461121 -5.760393143 0.001925659 0.004453311 0.999988258 362.403839111
0.999983311 -0.005403555 -0.002014808 -0.178098291 0.005398192 0.999981880 -0.002657592 -5.790295601 0.002029132 0.002646672 0.999994457 364.017639160
0.999966621 -0.007787454 -0.002459511 -0.173515782 0.007783729 0.999968588 -0.001520710 -5.825884819 0.002471276 0.001501515 0.999995887 365.619110107
0.999971449 -0.007369673 -0.001627848 -0.195968360 0.007364584 0.999967992 -0.003110131 -5.846020222 0.001650717 0.003098055 0.999993801 367.223602295
0.999980688 -0.006148189 -0.000827025 -0.218382299 0.006144746 0.999972701 -0.004102353 -5.867837429 0.000852225 0.004097193 0.999991238 368.836059570
0.999988139 -0.004822086 -0.000583186 -0.230436072 0.004820306 0.999983847 -0.003016039 -5.909150600 0.000597720 0.003013193 0.999995291 370.436004639
0.999994874 -0.003162979 -0.000407852 -0.238176599 0.003162080 0.999992609 -0.002188079 -5.936512947 0.000414769 0.002186778 0.999997556 372.040618896
0.999994159 -0.003416301 0.000108520 -0.246763408 0.003416559 0.999991119 -0.002477137 -5.968817234 -0.000100056 0.002477493 0.999996901 373.645843506
0.999994636 -0.003262443 0.000402311 -0.264742643 0.003263863 0.999988258 -0.003580970 -5.992889881 -0.000390623 0.003582264 0.999993503 375.238616943
0.999995649 -0.002922076 0.000645612 -0.274440765 0.002924237 0.999990046 -0.003371816 -6.031878948 -0.000635753 0.003373689 0.999994099 376.825073242
0.999995351 -0.002973221 0.000703575 -0.268285036 0.002975391 0.999990761 -0.003104333 -6.067785263 -0.000694338 0.003106412 0.999994934 378.457122803
0.999998629 -0.000933250 0.001365855 -0.291205525 0.000937958 0.999993622 -0.003450372 -6.091979504 -0.001362626 0.003451648 0.999993086 380.079895020
0.999998212 0.000631107 0.001800770 -0.297075689 -0.000626453 0.999996483 -0.002584031 -6.126244545 -0.001802394 0.002582898 0.999995053 381.684082031
0.999993920 0.002360539 0.002577158 -0.319470495 -0.002351196 0.999990702 -0.003622229 -6.155045509 -0.002585684 0.003616147 0.999990106 383.316284180
