1.000000000 0.000000000 0.000000000 0.000000030 0.000000000 0.999999940 0.000000000 -0.000000030 0.000000000 0.000000000 1.000000000 0.000000000
0.999997675 -0.001622384 -0.001435348 -0.002483369 0.001621048 0.999998212 -0.000932040 -0.007702792 0.001436858 0.000929711 0.999998510 0.564240515
0.999995530 -0.001795356 -0.002393038 -0.008015126 0.001789132 0.999994934 -0.002600461 -0.017421417 0.002397695 0.002596168 0.999993742 1.119421959
0.999986589 -0.002519719 -0.004519161 -0.009328213 0.002503802 0.999990582 -0.003524355 -0.035446562 0.004528000 0.003512993 0.999983549 1.684836149
0.999970257 -0.004362655 -0.006358213 -0.020205887 0.004327367 0.999975145 -0.005553247 -0.041249670 0.006382284 0.005525569 0.999964356 2.251836777
0.999948502 -0.006794055 -0.007544969 -0.030716471 0.006737658 0.999949336 -0.007475134 -0.057680782 0.007595373 0.007423913 0.999943614 2.805454969
0.999928236 -0.008029920 -0.008893319 -0.039702255 0.007959086 0.999936521 -0.007971741 -0.072681338 0.008956768 0.007900387 0.999928713 3.374126673
0.999914050 -0.008085742 -0.010325591 -0.049819872 0.008010429 0.999941170 -0.007314499 -0.085277215 0.010384126 0.007231158 0.999919951 3.955486774
0.999902129 -0.008421279 -0.011174692 -0.063652650 0.008334068 0.999934614 -0.007828006 -0.098406881 0.011239883 0.007734110 0.999906957 4.549389839
0.999891341 -0.007856362 -0.012475303 -0.071451455 0.007724401 0.999914050 -0.010590913 -0.113945715 0.012557435 0.010493399 0.999866068 5.142582893
0.999886870 -0.006263934 -0.013680240 -0.084964901 0.006066678 0.999877691 -0.014413183 -0.128656402 0.013768849 0.014328560 0.999802470 5.747766972
0.999874592 -0.005019254 -0.015024593 -0.101418890 0.004747236 0.999825180 -0.018085998 -0.142205596 0.015112743 0.018012406 0.999723494 6.359693050
0.999864280 -0.002986546 -0.016208392 -0.119375885 0.002693324 0.999832869 -0.018082503 -0.156610698 0.016259685 0.018036393 0.999705076 6.991981506
0.999848187 -0.000866449 -0.017404163 -0.132642895 0.000671150 0.999936759 -0.011224103 -0.166378304 0.017412787 0.011210716 0.999785542 7.632349491
0.999840319 0.000201638 -0.017873399 -0.152285412 -0.000209831 0.999999881 -0.000456502 -0.182218224 0.017873302 0.000460180 0.999840140 8.291053772
0.999822080 0.000754096 -0.018851284 -0.168213427 -0.000636636 0.999980330 0.006236050 -0.192833856 0.018855616 -0.006222939 0.999802828 8.976908684
0.999790847 0.003257785 -0.020193253 -0.186903149 -0.003154957 0.999981821 0.005121973 -0.206726119 0.020209573 -0.005057193 0.999782979 9.671249390
0.999766946 0.005457247 -0.020883759 -0.212831855 -0.005503613 0.999982476 -0.002163387 -0.214555547 0.020871591 0.002277819 0.999779582 10.355106354
0.999739707 0.004861578 -0.022289000 -0.227667555 -0.005039028 0.999955952 -0.007912082 -0.216892913 0.022249557 0.008022339 0.999720275 11.064437866
0.999729216 0.002677577 -0.023112169 -0.249909684 -0.002832121 0.999973834 -0.006656581 -0.217592940 0.023093741 0.006720236 0.999710739 11.800827980
0.999724150 0.002289582 -0.023373796 -0.274115801 -0.002233293 0.999994457 0.002434043 -0.224574506 0.023379242 -0.002381171 0.999723911 12.569842339
0.999716520 0.002209167 -0.023710242 -0.299240559 -0.001967928 0.999946117 0.010192962 -0.236227393 0.023731476 -0.010143411 0.999666870 13.349072456
0.999704719 0.001154079 -0.024276188 -0.318829119 -0.000841687 0.999916732 0.012874505 -0.239606425 0.024289019 -0.012850268 0.999622345 14.135231972
0.999701321 -0.000402597 -0.024439584 -0.338463694 0.000687212 0.999931991 0.011638341 -0.239468545 0.024433235 -0.011651660 0.999633551 14.936677933
0.999718130 -0.000969757 -0.023727523 -0.364964634 0.001189682 0.999956429 0.009256381 -0.240677744 0.023717515 -0.009281999 0.999675512 15.766179085
0.999720693 0.001629451 -0.023578802 -0.389700323 -0.001492875 0.999981999 0.005808727 -0.240342543 0.023587840 -0.005771905 0.999705017 16.605806351
0.999742687 -0.001753755 -0.022618454 -0.408573598 0.001752713 0.999998450 -0.000065927 -0.241232827 0.022618530 0.000026266 0.999744177 17.460550308
0.999746203 -0.004705972 -0.022033416 -0.422632873 0.004568545 0.999969721 -0.006283398 -0.250640929 0.022062317 0.006181142 0.999737501 18.334060669
0.999772727 -0.003540971 -0.021023480 -0.443975270 0.003297876 0.999927402 -0.011586450 -0.265106738 0.021062981 0.011514484 0.999711812 19.228118896
0.999781728 -0.001855232 -0.020812586 -0.471588284 0.001597116 0.999921679 -0.012411703 -0.282493502 0.020833984 0.012375753 0.999706328 20.135099411
0.999775529 -0.002015121 -0.021096593 -0.500270307 0.001765297 0.999928176 -0.011853834 -0.303243369 0.021118965 0.011813930 0.999707162 21.076454163
0.999774933 -0.000650257 -0.021209529 -0.506685555 0.000367889 0.999911249 -0.013314436 -0.325459063 0.021216309 0.013303637 0.999686360 22.013177872
0.999775946 0.001999894 -0.021076763 -0.532691121 -0.002323385 0.999879718 -0.015334933 -0.345948070 0.021043565 0.015380467 0.999660194 22.966485977
0.999759555 0.005525372 -0.021221612 -0.562992394 -0.005867368 0.999853313 -0.016087240 -0.369028717 0.021129612 0.016207885 0.999645293 23.930418015
0.999745905 0.007646291 -0.021205718 -0.594998240 -0.007989882 0.999837399 -0.016165650 -0.397766978 0.021078659 0.016330972 0.999644458 24.905395508
0.999735594 0.008054155 -0.021537377 -0.618721604 -0.008405517 0.999832273 -0.016273618 -0.425124347 0.021402692 0.016450344 0.999635637 25.884321213
0.999728978 0.008237008 -0.021775207 -0.639728248 -0.008589428 0.999832809 -0.016140724 -0.453579217 0.021638615 0.016323384 0.999632597 26.873201370
0.999705374 0.009622471 -0.022282021 -0.667451918 -0.009953448 0.999841034 -0.014791032 -0.486476868 0.022136154 0.015008456 0.999642313 27.873613358
0.999700725 0.010064169 -0.022296837 -0.693304360 -0.010350406 0.999864995 -0.012759564 -0.516526878 0.022165412 0.012986526 0.999669969 28.892910004
0.999691665 0.010830579 -0.022344168 -0.727010965 -0.011086683 0.999873817 -0.011369940 -0.546939790 0.022218205 0.011614156 0.999685705 29.915046692
0.999684691 0.010430027 -0.022840986 -0.749576032 -0.010715722 0.999865472 -0.012421611 -0.575220883 0.022708356 0.012662453 0.999661922 30.935634613
0.999670744 0.011906968 -0.022732325 -0.785245895 -0.012218092 0.999832988 -0.013596828 -0.597608447 0.022566628 0.013870096 0.999649107 31.979343414
0.999668002 0.011982480 -0.022810182 -0.818671703 -0.012278351 0.999841690 -0.012875417 -0.621905386 0.022652294 0.013151216 0.999656856 33.024368286
0.999643683 0.011599555 -0.024042316 -0.838936090 -0.011859002 0.999872625 -0.010676938 -0.642201066 0.023915408 0.010958252 0.999653876 34.074851990
0.999632537 0.012382176 -0.024114354 -0.872457147 -0.012563442 0.999893785 -0.007379874 -0.661173940 0.024020417 0.007680124 0.999681950 35.130523682
0.999625444 0.011817468 -0.024685265 -0.901582360 -0.011929327 0.999919176 -0.004389043 -0.694736004 0.024631407 0.004681876 0.999685645 36.205581665
0.999606133 0.011944066 -0.025396643 -0.930722356 -0.012049345 0.999919415 -0.003996466 -0.713041723 0.025346864 0.004300904 0.999669433 37.278522491
0.999596179 0.011286174 -0.026078943 -0.956123888 -0.011432804 0.999919534 -0.005480278 -0.736137450 0.026014995 0.005776220 0.999644816 38.371807098
0.999578238 0.011846719 -0.026515026 -1.001099706 -0.012015912 0.999908388 -0.006230769 -0.751862049 0.026438786 0.006546743 0.999628961 39.442848206
0.999575019 0.011201674 -0.026913159 -1.037456870 -0.011330047 0.999925077 -0.004622161 -0.779997170 0.026859371 0.004925123 0.999627054 40.533767700
0.999535441 0.011762297 -0.028115816 -1.069263816 -0.011849722 0.999925435 -0.002944913 -0.795855343 0.028079083 0.003276710 0.999600291 41.620994568
0.999536514 0.011239422 -0.028290488 -1.111414671 -0.011238847 0.999936759 0.000179319 -0.826629937 0.028290715 0.000138716 0.999599695 42.718776703
0.999500334 0.012926331 -0.028846592 -1.151574731 -0.012930734 0.999916315 0.000033888 -0.848873496 0.028844617 0.000339136 0.999583840 43.795543671
0.999474168 0.013895390 -0.029297730 -1.180730462 -0.014020881 0.999893308 -0.004082335 -0.869376421 0.029237879 0.004490968 0.999562383 44.874446869
0.999462843 0.015136647 -0.029070236 -1.222657561 -0.015380354 0.999848187 -0.008178133 -0.890170097 0.028942037 0.008620850 0.999543905 45.955577850
0.999448299 0.015379454 -0.029439522 -1.255493879 -0.015644578 0.999838829 -0.008796699 -0.913033903 0.029299490 0.009252413 0.999527812 47.039291382
0.999439895 0.016210524 -0.029277725 -1.295840740 -0.016380604 0.999850214 -0.005578818 -0.943438828 0.029182902 0.006055280 0.999555707 48.136787415
0.999446630 0.016682165 -0.028777994 -1.338155031 -0.016796656 0.999851882 -0.003741288 -0.964630842 0.028711321 0.004222591 0.999578834 49.230278015
0.999471664 0.015136484 -0.028762914 -1.373324275 -0.015213934 0.999881089 -0.002475683 -0.986932456 0.028722022 0.002911972 0.999583244 50.317672729
0.999486506 0.015375447 -0.028113233 -1.411000490 -0.015473599 0.999874890 -0.003277164 -1.012660027 0.028059324 0.003710494 0.999599397 51.402431488
0.999492407 0.014736294 -0.028247287 -1.448069692 -0.014893652 0.999874592 -0.005368503 -1.030955315 0.028164636 0.005786483 0.999586582 52.498249054
0.999505758 0.014409211 -0.027945627 -1.480912328 -0.014617950 0.999866605 -0.007279425 -1.061760783 0.027837012 0.007684334 0.999582887 53.576980591
0.999525428 0.013600188 -0.027642954 -1.514964342 -0.013876585 0.999855399 -0.009831692 -1.088322759 0.027505243 0.010210616 0.999569476 54.668964386
0.999547958 0.012186874 -0.027487155 -1.548535705 -0.012547744 0.999836862 -0.012994626 -1.124336958 0.027324306 0.013333652 0.999537706 55.756542206
0.999565840 0.010219350 -0.027632853 -1.572355866 -0.010626961 0.999836266 -0.014644602 -1.156970382 0.027478671 0.014931899 0.999510825 56.832061768
0.999587953 0.008608173 -0.027380431 -1.604976416 -0.008942064 0.999886811 -0.012095609 -1.191437960 0.027273212 0.012335465 0.999551952 57.918167114
0.999600947 0.007573423 -0.027213432 -1.636469960 -0.007748164 0.999949992 -0.006321452 -1.218003631 0.027164197 0.006529785 0.999609649 59.015647888
0.999620736 0.005694581 -0.026944581 -1.666997671 -0.005713446 0.999983490 -0.000623212 -1.238758683 0.026940588 0.000776922 0.999636650 60.117946625
0.999623120 0.003899644 -0.027178071 -1.694838881 -0.003905847 0.999992371 -0.000175141 -1.256165862 0.027177185 0.000281229 0.999630511 61.208595276
0.999645352 0.000668489 -0.026625063 -1.727888584 -0.000747027 0.999995410 -0.002939953 -1.277429700 0.026622977 0.002958800 0.999641120 62.297199249
0.999653161 -0.000633903 -0.026329972 -1.764304876 0.000470650 0.999980748 -0.006206053 -1.300502181 0.026333395 0.006191509 0.999633968 63.393470764
0.999650300 0.001208629 -0.026420856 -1.801608920 -0.001475898 0.999947965 -0.010098702 -1.328547597 0.026407275 0.010134164 0.999599874 64.481552124
0.999659538 0.001458489 -0.026053967 -1.838766813 -0.001832733 0.999895394 -0.014346109 -1.358435631 0.026030317 0.014388972 0.999557555 65.559494019
0.999672830 0.004054883 -0.025252983 -1.876575351 -0.004436597 0.999876499 -0.015077968 -1.387518048 0.025188722 0.015185073 0.999567330 66.665679932
0.999659419 0.008666702 -0.024612587 -1.918815732 -0.008951039 0.999894202 -0.011466048 -1.423735023 0.024510613 0.011682453 0.999631286 67.775215149
0.999655962 0.010004424 -0.024242099 -1.955816269 -0.010232188 0.999904394 -0.009289654 -1.451548219 0.024146846 0.009534509 0.999662936 68.867004395
0.999660134 0.008797565 -0.024535974 -1.980040193 -0.009002711 0.999925315 -0.008263196 -1.480786800 0.024461448 0.008481279 0.999664783 69.959228516
0.999668419 0.007914115 -0.024505470 -2.012386799 -0.008105100 0.999937415 -0.007704108 -1.509049892 0.024442958 0.007900172 0.999670029 71.069831848
0.999665976 0.006801984 -0.024936618 -2.039681196 -0.006957743 0.999956787 -0.006164786 -1.538511038 0.024893606 0.006336229 0.999670029 72.164505005
0.999666691 0.005023660 -0.025326658 -2.070425510 -0.005130653 0.999978185 -0.004161337 -1.564198375 0.025305199 0.004289891 0.999670565 73.258430481
0.999656379 0.004255186 -0.025865613 -2.104203939 -0.004321592 0.999987423 -0.002511990 -1.590185761 0.025854602 0.002622908 0.999662340 74.355323792
0.999651432 0.003821471 -0.026124515 -2.140545368 -0.003908635 0.999986887 -0.003286226 -1.620763063 0.026111618 0.003387191 0.999653339 75.445289612
0.999634743 0.003738641 -0.026767826 -2.172660351 -0.003940160 0.999964237 -0.007479623 -1.642649293 0.026738906 0.007582361 0.999613702 76.527374268
0.999604046 0.004281634 -0.027812926 -2.202138662 -0.004549113 0.999943852 -0.009560907 -1.669260502 0.027770430 0.009683645 0.999567449 77.608917236
0.999581158 0.006057662 -0.028299283 -2.239430189 -0.006282466 0.999949396 -0.007861655 -1.697467804 0.028250225 0.008036153 0.999568522 78.689094543
0.999559224 0.007490498 -0.028728370 -2.281124353 -0.007598020 0.999964595 -0.003635396 -1.719904184 0.028700119 0.003852075 0.999580681 79.762351990
0.999533176 0.007927900 -0.029505961 -2.313548326 -0.007912084 0.999968469 0.000652754 -1.752536774 0.029510200 -0.000418996 0.999564409 80.843231201
0.999503732 0.009324143 -0.030088166 -2.355660677 -0.009294225 0.999956131 0.001134048 -1.770196080 0.030097418 -0.000853839 0.999546587 81.914123535
0.999493182 0.009283139 -0.030450609 -2.398445368 -0.009319435 0.999956012 -0.001050210 -1.788450122 0.030439518 0.001333460 0.999535739 82.979965210
0.999483347 0.008964818 -0.030865191 -2.438665152 -0.009017686 0.999957979 -0.001574076 -1.814596891 0.030849786 0.001851595 0.999522328 84.056243896
0.999468267 0.008445879 -0.031493459 -2.472622395 -0.008495960 0.999962747 -0.001456718 -1.840048552 0.031479985 0.001723510 0.999502957 85.111557007
0.999447763 0.007115277 -0.032458067 -2.507498264 -0.007162060 0.999973357 -0.001325322 -1.856947303 0.032447781 0.001557057 0.999472201 86.153518677
0.999435723 0.006005902 -0.033049498 -2.540124893 -0.006015628 0.999981761 -0.000194849 -1.878848195 0.033047725 0.000393553 0.999453723 87.182182312
0.999435604 0.006548576 -0.032948826 -2.584578276 -0.006463406 0.999975383 0.002690734 -1.902686477 0.032965634 -0.002476254 0.999453425 88.179290771
0.999394178 0.005325637 -0.034395479 -2.621787548 -0.005198041 0.999979138 0.003797987 -1.925792456 0.034414992 -0.003616898 0.999401093 89.164138794
0.999324203 0.004222241 -0.036513973 -2.661872149 -0.004087137 0.999984443 0.003773891 -1.943103552 0.036529344 -0.003622103 0.999325991 90.136634827
0.999206185 0.003450610 -0.039686605 -2.703038216 -0.003337324 0.999990165 0.002920390 -1.962908626 0.039696295 -0.002785625 0.999207914 91.068161011
0.999057472 0.003210165 -0.043287687 -2.748619795 -0.003130565 0.999993324 0.001906501 -1.981586814 0.043293521 -0.001769189 0.999060810 91.987037659
0.998923123 0.003127170 -0.046291173 -2.798205137 -0.003016523 0.999992430 0.002459883 -2.000885487 0.046298508 -0.002317596 0.998924911 92.883384705
0.998773694 0.004199991 -0.049331266 -2.849616766 -0.004027280 0.999985397 0.003599918 -2.018642902 0.049345665 -0.003396833 0.998775959 93.748863220
0.998614550 0.004842747 -0.052400570 -2.903030872 -0.004602236 0.999978364 0.004709554 -2.036752224 0.052422240 -0.004461870 0.998615026 94.592483521
0.998438478 0.006261202 -0.055510484 -2.951905251 -0.005917770 0.999962389 0.006349012 -2.052259445 0.055548146 -0.006010600 0.998437881 95.412254333
0.998291850 0.007505108 -0.057941519 -3.011621952 -0.007114310 0.999950588 0.006948030 -2.067129612 0.057990801 -0.006523949 0.998295784 96.198097229
0.998118937 0.009514948 -0.060564689 -3.060864925 -0.009070569 0.999929965 0.007607951 -2.085098267 0.060632825 -0.007044284 0.998135269 96.956855774
0.997908771 0.011215343 -0.063659377 -3.109727621 -0.010844843 0.999922276 0.006162576 -2.095270395 0.063723534 -0.005459312 0.997952640 97.688095093
0.997744620 0.012520410 -0.065947071 -3.168665409 -0.012370184 0.999920011 0.002685812 -2.115450621 0.065975413 -0.001863977 0.997819483 98.375404358
0.997538328 0.015115678 -0.068476520 -3.227771997 -0.015209602 0.999884009 -0.000850456 -2.131330729 0.068455711 0.001889861 0.997652352 99.043838501
0.997362733 0.016778534 -0.070611797 -3.273321390 -0.017084131 0.999847114 -0.003726099 -2.144443274 0.070538469 0.004922613 0.997496903 99.695671082
0.997250557 0.018871529 -0.071660534 -3.321187973 -0.019251429 0.999803960 -0.004614312 -2.159543514 0.071559399 0.005981192 0.997418404 100.312713623
0.997283041 0.021260055 -0.070530944 -3.376624346 -0.021603722 0.999758184 -0.004113305 -2.175926685 0.070426419 0.005625861 0.997501135 100.894989014
0.997461021 0.024978798 -0.066690862 -3.442346573 -0.025223028 0.999677896 -0.002822542 -2.188652039 0.066598885 0.004497521 0.997769654 101.467895508
0.997691691 0.027402703 -0.062134031 -3.459323645 -0.027543684 0.999619603 -0.001413438 -2.204276323 0.062071659 0.003121574 0.998066843 102.013442993
0.998118639 0.028314337 -0.054384671 -3.495253325 -0.028299578 0.999598980 0.001041622 -2.223951578 0.054392349 0.000499401 0.998519480 102.532775879
0.998602927 0.028332744 -0.044604313 -3.519565344 -0.028209809 0.999596238 0.003383195 -2.235228539 0.044682149 -0.002120188 0.998999000 103.036582947
0.999060512 0.027831081 -0.033220425 -3.513623476 -0.027694941 0.999606013 0.004551244 -2.245977163 0.033334013 -0.003626929 0.999437749 103.498535156
0.999439240 0.026974119 -0.019843167 -3.513887167 -0.026883960 0.999626935 0.004796450 -2.257934570 0.019965153 -0.004260296 0.999791622 103.956016541
0.999628842 0.026866194 -0.004534030 -3.509594440 -0.026849968 0.999632895 0.003602321 -2.264814138 0.004629151 -0.003479244 0.999983251 104.396522522
0.999593198 0.025436005 0.012902142 -3.479727983 -0.025446052 0.999675930 0.000615280 -2.276932001 -0.012882309 -0.000943337 0.999916613 104.820823669
0.999090016 0.025124367 0.034467269 -3.457834482 -0.025004959 0.999679685 -0.003891187 -2.290264606 -0.034554005 0.003025795 0.999398351 105.234100342
0.998021543 0.022968378 0.058528781 -3.408767700 -0.022489686 0.999708056 -0.008824456 -2.299287319 -0.058714386 0.007490704 0.998246789 105.640373230
0.996085107 0.020727841 0.085934900 -3.350451946 -0.019780574 0.999733984 -0.011859995 -2.308397532 -0.086157881 0.010113725 0.996230245 106.060119629
0.993144035 0.017778181 0.115537390 -3.275931358 -0.016427588 0.999785185 -0.012631457 -2.325666666 -0.115737140 0.010646856 0.993222892 106.445762634
0.988821089 0.016105350 0.148234591 -3.191639423 -0.014062823 0.999791265 -0.014816874 -2.334921122 -0.148442253 0.012566638 0.988841236 106.802772522
0.982727468 0.013898583 0.184536159 -3.100303173 -0.011083573 0.999805987 -0.016277323 -2.349135876 -0.184726596 0.013950851 0.982690930 107.174102783
0.974839509 0.010570801 0.222657189 -2.980769396 -0.006994542 0.999833703 -0.016844215 -2.364202976 -0.222798213 0.014863021 0.974751234 107.533920288
0.964735150 0.008617871 0.263081402 -2.859256744 -0.004137003 0.999836862 -0.017581442 -2.380882978 -0.263190001 0.015873067 0.964613378 107.885353088
0.952440381 0.008963156 0.304593354 -2.727793217 -0.003504535 0.999823451 -0.018463012 -2.399230719 -0.304705083 0.016517458 0.952303588 108.206329346
0.937302291 0.011038183 0.348342597 -2.577557087 -0.004610491 0.999803543 -0.019275822 -2.410395861 -0.348486960 0.016461242 0.937169075 108.527748108
0.919495940 0.011508612 0.392931104 -2.406274080 -0.004641165 0.999819517 -0.018423082 -2.418258667 -0.393072218 0.015116291 0.919383347 108.848106384
0.899131775 0.010202431 0.437559217 -2.226103306 -0.002943917 0.999846578 -0.017263720 -2.428833485 -0.437668234 0.014234218 0.899023950 109.154067993
0.875760436 0.008970022 0.482662618 -2.036452770 -0.000631774 0.999847770 -0.017435314 -2.446251154 -0.482745558 0.014964224 0.875632882 109.432174683
0.850539386 0.010650485 0.525803566 -1.814127207 -0.000019903 0.999795496 -0.020219302 -2.457264185 -0.525911331 0.017186848 0.850365758 109.723945618
0.822902977 0.011667900 0.568062127 -1.603141427 0.001175485 0.999751925 -0.022237560 -2.488754272 -0.568180621 0.018967105 0.822685122 109.973663330
0.791791797 0.016340677 0.610572577 -1.369206429 -0.000266643 0.999651253 -0.026407752 -2.505955219 -0.610791147 0.020746639 0.791519821 110.238746643
0.757866681 0.022539604 0.652020037 -1.115381956 -0.003709249 0.999535680 -0.030241434 -2.517996073 -0.652399004 0.020500472 0.757598400 110.490768433
0.720190644 0.027375374 0.693235815 -0.844587028 -0.005429896 0.999413013 -0.033825058 -2.521646023 -0.693754971 0.020596294 0.719916582 110.740547180
0.681063414 0.027283987 0.731715918 -0.547563970 -0.003345963 0.999411106 -0.034151368 -2.541503906 -0.732216775 0.020810962 0.680753529 110.966339111
0.640329540 0.024821250 0.767699122 -0.235284477 0.000701637 0.999458313 -0.032899719 -2.555427074 -0.768100023 0.021605309 0.639965355 111.161087036
0.595781922 0.023023095 0.802816212 0.090568133 0.002446924 0.999532223 -0.030480405 -2.562494993 -0.803142548 0.020124108 0.595447004 111.371704102
0.550878465 0.021933461 0.834297240 0.420526922 0.003617812 0.999582469 -0.028667569 -2.569277525 -0.834577620 0.018810682 0.550569177 111.506500244
0.502968431 0.019541461 0.864083946 0.779129148 0.005597296 0.999649823 -0.025865402 -2.578502893 -0.864286780 0.017846016 0.502682865 111.669548035
0.451848298 0.015711203 0.891956508 1.147506595 0.008651948 0.999720752 -0.021992311 -2.590025663 -0.892052889 0.017654350 0.451586157 111.818237305
0.399387866 0.015930237 0.916643679 1.507234693 0.005383754 0.999790967 -0.019720985 -2.611988068 -0.916766226 0.012811309 0.399218619 111.950759888
0.347821355 0.020675568 0.937332869 1.896044374 0.001954382 0.999738693 -0.022777330 -2.627031565 -0.937558830 0.009754348 0.347690016 112.069740295
0.297471404 0.026242442 0.954370022 2.305996656 0.000284333 0.999619722 -0.027575301 -2.641279221 -0.954730749 0.008474224 0.297350764 112.167930603
0.251063764 0.028518716 0.967550337 2.712577105 0.001922391 0.999549270 -0.029960714 -2.653404713 -0.967968702 0.009382064 0.250895798 112.236259460
0.209790289 0.028047629 0.977344096 3.133489132 0.009054268 0.999489963 -0.030626694 -2.671799898 -0.977704585 0.015274321 0.209429339 112.285751343
0.174601912 0.027873240 0.984244466 3.564706326 0.017625025 0.999350667 -0.031427659 -2.682762384 -0.984481394 0.022834666 0.173997268 112.324806213
0.144019753 0.029221555 0.989143252 4.018060207 0.021783549 0.999228120 -0.032691177 -2.697571039 -0.989335120 0.026255228 0.143272027 112.362464905
0.115889817 0.027276276 0.992887497 4.490687370 0.020032680 0.999355435 -0.029792169 -2.720761538 -0.993060112 0.023342809 0.115268692 112.407691956
0.090202808 0.024123929 0.995631158 5.001633167 0.013807405 0.999580264 -0.025470542 -2.732457876 -0.995827854 0.016044602 0.089831881 112.457214355
0.066823453 0.019992294 0.997564673 5.477180004 0.008778505 0.999748766 -0.020624116 -2.751447916 -0.997726202 0.010135300 0.066631176 112.479614258
0.044407453 0.017522072 0.998859882 6.002891541 0.012981218 0.999751687 -0.018114839 -2.771064281 -0.998929203 0.013770851 0.044168971 112.483627319
0.024084363 0.018267270 0.999543071 6.539566040 0.020795554 0.999607444 -0.018769529 -2.788699150 -0.999493599 0.021238104 0.023695059 112.469413757
0.006688097 0.020856358 0.999760211 7.091701984 0.025890283 0.999443650 -0.021022957 -2.804113388 -0.999642372 0.026024677 0.006144418 112.453140259
-0.008326065 0.026159376 0.999623179 7.696588516 0.024697974 0.999358177 -0.025946729 -2.823735952 -0.999660313 0.024472633 -0.008966792 112.463569641
-0.018400110 0.030861381 0.999354303 8.298196793 0.023783417 0.999254107 -0.030420391 -2.831191778 -0.999547720 0.023208320 -0.019120380 112.440551758
-0.024958497 0.030449772 0.999224722 8.918838501 0.025841944 0.999221623 -0.029804204 -2.850986481 -0.999354362 0.025078041 -0.025725955 112.422714233
-0.027625797 0.027745057 0.999233246 9.566388130 0.032011278 0.999126494 -0.026857082 -2.866012573 -0.999105573 0.031244788 -0.028489823 112.400970459
-0.027111804 0.025808003 0.999299288 10.216446877 0.032974303 0.999145627 -0.024909422 -2.894903183 -0.999088407 0.032275859 -0.027939647 112.376701355
-0.024998525 0.025512295 0.999361932 10.907152176 0.031808387 0.999188542 -0.024712194 -2.918697834 -0.999181330 0.031170325 -0.025789740 112.363868713
-0.023517715 0.026077515 0.999383271 11.591824532 0.028650951 0.999266684 -0.025400253 -2.938358068 -0.999312818 0.028035926 -0.024247611 112.352653503
-0.022439614 0.027158285 0.999379337 12.299783707 0.027534226 0.999268472 -0.026537037 -2.959259510 -0.999368906 0.026921654 -0.023170982 112.346473694
-0.021406153 0.027968829 0.999379575 13.033323288 0.027121203 0.999256968 -0.027384469 -2.987124443 -0.999402940 0.026518183 -0.022148794 112.332077026
-0.021007901 0.027638523 0.999397278 13.782341003 0.026248898 0.999288440 -0.027083747 -3.009208918 -0.999434650 0.025664106 -0.021718433 112.329544067
-0.020364963 0.026195683 0.999449432 14.537885666 0.025506025 0.999344945 -0.025673227 -3.037159681 -0.999467254 0.024969149 -0.021019768 112.318000793
-0.019433135 0.024682462 0.999506354 15.294533730 0.026387701 0.999359608 -0.024165783 -3.072821379 -0.999462903 0.025905060 -0.020072006 112.294128418
-0.020024097 0.022584993 0.999544322 16.081689835 0.026693884 0.999400437 -0.022046974 -3.096872807 -0.999443114 0.026240252 -0.020614972 112.283073425
-0.021623265 0.020642018 0.999552965 16.867254257 0.023492882 0.999521255 -0.020133140 -3.129466534 -0.999490142 0.023047037 -0.022097854 112.278251648
-0.022046806 0.019857327 0.999559760 17.662975311 0.024005551 0.999524891 -0.019327156 -3.149559498 -0.999468684 0.023568876 -0.022513021 112.249732971
-0.023219123 0.017446768 0.999578178 18.460432053 0.026481839 0.999507546 -0.016830388 -3.168572426 -0.999379635 0.026079880 -0.023669714 112.229522705
-0.024591962 0.015818803 0.999572456 19.277969360 0.027666692 0.999502540 -0.015137026 -3.192677736 -0.999314725 0.027282611 -0.025017386 112.210548401
-0.026448021 0.014737516 0.999541640 20.100351334 0.025496745 0.999575913 -0.014063374 -3.225823879 -0.999324977 0.025113109 -0.026812565 112.196243286
-0.026975404 0.019433551 0.999447107 20.917585373 0.022210130 0.999575794 -0.018836595 -3.251731396 -0.999389350 0.021689730 -0.027395582 112.174461365
-0.027982624 0.024040092 0.999319255 21.754199982 0.023369845 0.999453306 -0.023388922 -3.278015852 -0.999335229 0.022699460 -0.028529139 112.157745361
-0.029148141 0.025887039 0.999239862 22.592061996 0.023233604 0.999412000 -0.025213774 -3.303135395 -0.999305069 0.022481011 -0.029732455 112.136238098
-0.030838000 0.023702942 0.999243319 23.439348221 0.020026639 0.999532759 -0.023091758 -3.334689856 -0.999323785 0.019299384 -0.031298283 112.121681213
-0.031801488 0.019328287 0.999307454 24.273962021 0.017476799 0.999670923 -0.018779147 -3.367645979 -0.999341369 0.016867485 -0.032128815 112.102760315
-0.032025002 0.014113701 0.999387503 25.129470825 0.016010625 0.999779284 -0.013606178 -3.394979000 -0.999358833 0.015565076 -0.032243900 112.079933167
-0.032224286 0.008265506 0.999446571 25.978893280 0.012326141 0.999893010 -0.007871779 -3.421276331 -0.999404609 0.012065653 -0.032322716 112.059432983
-0.032141171 0.006391719 0.999462903 26.828058243 0.009721342 0.999934256 -0.006082110 -3.453500986 -0.999436080 0.009520629 -0.032201193 112.045036316
-0.031243920 0.013607685 0.999419153 27.670537949 0.011776617 0.999842882 -0.013245294 -3.479685783 -0.999442399 0.011355939 -0.031399265 112.013420105
-0.029884327 0.025060764 0.999239147 28.481281281 0.015110780 0.999582708 -0.024617463 -3.503055811 -0.999439120 0.014363610 -0.030250549 111.984039307
-0.029380733 0.030513624 0.999102414 29.316846848 0.017067464 0.999403477 -0.030020913 -3.527379751 -0.999422610 0.016170107 -0.029884003 111.962600708
-0.028312655 0.024767438 0.999292195 30.160457611 0.018621454 0.999532521 -0.024245799 -3.563926220 -0.999425650 0.017921811 -0.028760629 111.945686340
-0.027452100 0.017331533 0.999472857 30.985515594 0.022040684 0.999617040 -0.016728649 -3.590911627 -0.999380171 0.021569831 -0.027823582 111.916976929
-0.026618205 0.014299713 0.999543428 31.813426971 0.023139099 0.999638557 -0.013684873 -3.623600721 -0.999377787 0.022764267 -0.026939465 111.896232605
-0.026759507 0.014854797 0.999531567 32.636302948 0.021986073 0.999656439 -0.014268040 -3.650476217 -0.999400079 0.021593973 -0.027076913 111.877693176
-0.027868085 0.015954196 0.999484301 33.454288483 0.018935874 0.999701560 -0.015429687 -3.675539494 -0.999432266 0.018496115 -0.028161876 111.863227844
-0.030259598 0.016136248 0.999411881 34.281360626 0.016144704 0.999747097 -0.015652843 -3.702926159 -0.999411702 0.015661560 -0.030512458 111.856178284
-0.032512609 0.015659649 0.999348700 35.081897736 0.015873495 0.999759257 -0.015149655 -3.735949278 -0.999345243 0.015370606 -0.032753356 111.832328796
-0.034326158 0.016008649 0.999282539 35.882110596 0.014987334 0.999767482 -0.015501594 -3.764156818 -0.999298334 0.014444472 -0.034558110 111.806350708
-0.036304694 0.016218616 0.999209225 36.679565430 0.013635426 0.999783278 -0.015732514 -3.790707827 -0.999247730 0.013053480 -0.036517970 111.780494690
-0.038839560 0.015490693 0.999125421 37.484699249 0.011355951 0.999822080 -0.015060049 -3.815769434 -0.999180913 0.010761094 -0.039008562 111.761962891
-0.040831145 0.014444676 0.999061644 38.280628204 0.011639441 0.999834478 -0.013980154 -3.842405796 -0.999098241 0.011057695 -0.040992513 111.732284546
-0.042551048 0.014169760 0.998993874 39.055793762 0.011297890 0.999842227 -0.013700576 -3.875319958 -0.999030471 0.010703548 -0.042704429 111.693771362
-0.044762835 0.015431857 0.998878479 39.864337921 0.011779878 0.999819279 -0.014918501 -3.896652222 -0.998928130 0.011098873 -0.044936534 111.672904968
-0.045694664 0.015303236 0.998838246 40.619159698 0.011680949 0.999822378 -0.014783940 -3.926342487 -0.998887181 0.010991828 -0.045865316 111.638908386
-0.046783123 0.014261532 0.998803258 41.396762848 0.013774632 0.999812186 -0.013630747 -3.951134682 -0.998810112 0.013120458 -0.046970788 111.602905273
-0.048391618 0.013507136 0.998737097 42.169487000 0.014120353 0.999817789 -0.012837586 -3.978097200 -0.998728693 0.013481287 -0.048573531 111.569488525
-0.050081324 0.012662741 0.998664796 42.929504395 0.012152418 0.999853253 -0.012068388 -4.010074615 -0.998671174 0.011531791 -0.050227854 111.539573669
-0.050831795 0.011844942 0.998636961 43.684787750 0.010154498 0.999884129 -0.011342861 -4.029806137 -0.998655617 0.009564078 -0.050946180 111.501647949
-0.051699944 0.010595697 0.998606443 44.416526794 0.009987896 0.999899089 -0.010092318 -4.052654743 -0.998612761 0.009452203 -0.051800564 111.469116211
-0.052360270 0.010471626 0.998573363 45.133060455 0.010137744 0.999898970 -0.009953954 -4.075535297 -0.998576880 0.009602088 -0.052461144 111.435218811
-0.052238416 0.012792168 0.998552680 45.840572357 0.010121334 0.999873340 -0.012279596 -4.100606918 -0.998583436 0.009465218 -0.052361272 111.402374268
-0.052370440 0.015715575 0.998504043 46.547119141 0.010274352 0.999831617 -0.015197591 -4.125110626 -0.998574972 0.009463075 -0.052523091 111.369171143
-0.052854203 0.017367639 0.998451233 47.242153168 0.008298398 0.999821961 -0.016952196 -4.148773193 -0.998567760 0.007389552 -0.052988917 111.339149475
-0.052917611 0.018468268 0.998428106 47.940921783 0.008780141 0.999798954 -0.018028270 -4.169882298 -0.998560309 0.007812328 -0.053069126 111.306175232
-0.052862227 0.018614754 0.998428345 48.638301849 0.010378586 0.999782503 -0.018090505 -4.190361977 -0.998547912 0.009405971 -0.053043924 111.272125244
-0.053209454 0.017780013 0.998425066 49.310649872 0.010464208 0.999796510 -0.017246760 -4.219858646 -0.998528481 0.009530040 -0.053384673 111.233253479
-0.052856591 0.017426230 0.998450100 49.994998932 0.006999000 0.999829650 -0.017079789 -4.248421669 -0.998577595 0.006085372 -0.052969556 111.196395874
-0.053094473 0.017766068 0.998431444 50.687919617 0.004806721 0.999834716 -0.017535424 -4.272067547 -0.998577952 0.003868146 -0.053171087 111.175956726
-0.052667126 0.015992433 0.998484194 51.362331390 0.006022793 0.999858618 -0.015696766 -4.301326752 -0.998593986 0.005186958 -0.052756000 111.137809753
-0.053580202 0.015824050 0.998438239 52.028045654 0.007229133 0.999854386 -0.015458553 -4.319252968 -0.998537421 0.006389569 -0.053686794 111.098030090
-0.056940533 0.014925403 0.998266101 52.700771332 0.003581195 0.999884784 -0.014745342 -4.347823620 -0.998371065 0.002735377 -0.056987427 111.065315247
-0.062586479 0.014800011 0.997929811 53.373180389 0.000014166 0.999890029 -0.014828196 -4.368827343 -0.998039544 -0.000913908 -0.062579826 111.035423279
-0.068338357 0.018681521 0.997487307 54.036449432 0.003583480 0.999822795 -0.018479759 -4.392354012 -0.997655809 0.002311599 -0.068393201 110.987899780
-0.074944735 0.021919373 0.996946752 54.716415405 0.006241449 0.999749124 -0.021511793 -4.407893181 -0.997168183 0.004610196 -0.075062759 110.933807373
-0.081964314 0.023239240 0.996364355 55.374790192 0.005287928 0.999724209 -0.022882603 -4.434491158 -0.996621251 0.003393146 -0.082064606 110.871879578
-0.087917425 0.021842761 0.995888352 56.045639038 0.001098737 0.999761105 -0.021830706 -4.465981960 -0.996127069 -0.000825080 -0.087920435 110.812362671
-0.093974225 0.021310864 0.995346546 56.751274109 0.001431316 0.999772727 -0.021270495 -4.486711979 -0.995573640 -0.000574223 -0.093983360 110.762741089
-0.098460481 0.021622438 0.994906008 57.421730042 -0.001429968 0.999759734 -0.021869443 -4.512841702 -0.995139897 -0.003575960 -0.098405905 110.694519043
-0.102800250 0.021351801 0.994472802 58.125972748 -0.003310005 0.999756694 -0.021807412 -4.529127121 -0.994696498 -0.005533518 -0.102704555 110.635330200
-0.105191104 0.017700661 0.994294465 58.828449249 -0.003484215 0.999828815 -0.018167799 -4.557537556 -0.994445920 -0.005375427 -0.105111428 110.560089111
-0.106670111 0.014936970 0.994182289 59.544506073 -0.001063124 0.999884844 -0.015136717 -4.578514576 -0.994293928 -0.002671575 -0.106641956 110.481643677
-0.108246125 0.012015716 0.994051516 60.255615234 -0.001872228 0.999922752 -0.012290554 -4.605126858 -0.994122446 -0.003191496 -0.108215265 110.408477783
-0.109984785 0.011951019 0.993861377 60.986984253 -0.001801446 0.999923766 -0.012223272 -4.621973515 -0.993931651 -0.003134761 -0.109954856 110.336036682
-0.109998010 0.015608922 0.993809223 61.711791992 -0.000087978 0.999876440 -0.015713952 -4.642313480 -0.993931830 -0.001815937 -0.109983057 110.254531860
-0.110023625 0.019449770 0.993738651 62.441318512 0.005389567 0.999805450 -0.018971797 -4.667561054 -0.993914425 0.003268477 -0.110107049 110.167472839
-0.111058690 0.024400353 0.993514240 63.189975739 0.012528250 0.999653399 -0.023150677 -4.693645000 -0.993734837 0.009875912 -0.111325905 110.081367493
-0.111141309 0.025296418 0.993482590 63.930202484 0.013551934 0.999621630 -0.023936670 -4.720280647 -0.993712246 0.010803257 -0.111442067 109.995368958
-0.112081662 0.023402432 0.993423343 64.687271118 0.012036222 0.999681234 -0.022191882 -4.747992039 -0.993626118 0.009469762 -0.112327605 109.914176941
-0.111820318 0.018034084 0.993564785 65.441368103 0.012344880 0.999783337 -0.016757604 -4.776480675 -0.993651807 0.010391598 -0.112018719 109.830940247
-0.112334177 0.016434435 0.993534625 66.193908691 0.014400807 0.999785006 -0.014909601 -4.801607132 -0.993566215 0.012632843 -0.112546690 109.751144409
-0.113154322 0.016264962 0.993444383 66.942283630 0.014873919 0.999781668 -0.014674564 -4.825408459 -0.993466079 0.013115921 -0.113371536 109.666809082
-0.114714183 0.016769925 0.993257105 67.687774658 0.013198053 0.999794960 -0.015356030 -4.852169514 -0.993310869 0.011347506 -0.114911996 109.587394714
-0.116966434 0.017831549 0.992975831 68.423583984 0.012710819 0.999783754 -0.016456548 -4.873304844 -0.993054509 0.010696672 -0.117167786 109.505691528
-0.119564168 0.018188706 0.992659867 69.166877747 0.013947125 0.999764383 -0.016638974 -4.897431374 -0.992728472 0.011855328 -0.119789653 109.420768738
-0.121308893 0.018260799 0.992446780 69.909439087 0.013960839 0.999763250 -0.016688958 -4.921627045 -0.992516577 0.011830872 -0.121535093 109.331436157
-0.123168826 0.018111868 0.992220342 70.654144287 0.014023086 0.999765515 -0.016508838 -4.945129395 -0.992286682 0.011880619 -0.123393916 109.237236023
-0.124807976 0.018333023 0.992011607 71.400840759 0.011951937 0.999784529 -0.016972961 -4.969285011 -0.992108941 0.009738100 -0.125000194 109.148437500
-0.125913247 0.019750547 0.991844654 72.151870728 0.011812073 0.999760807 -0.018408656 -4.995537281 -0.991970897 0.009397849 -0.126116425 109.057624817
-0.126747444 0.020077970 0.991731822 72.906585693 0.010556858 0.999765873 -0.018891409 -5.019611359 -0.991878867 0.008075135 -0.126929700 108.963600159
-0.128072962 0.020222222 0.991558552 73.671524048 0.010099817 0.999766886 -0.019085102 -5.045539856 -0.991713345 0.007570276 -0.128247306 108.867187500
-0.129274845 0.018946426 0.991427779 74.466300964 0.011085457 0.999782622 -0.017660620 -5.062604904 -0.991546810 0.008707358 -0.129456773 108.776000977
-0.130086869 0.016602062 0.991363585 75.248184204 0.009085474 0.999837637 -0.015551779 -5.086178303 -0.991460979 0.006983927 -0.130216584 108.677955627
-0.132228598 0.014665516 0.991110802 76.036003113 0.005598660 0.999885499 -0.014048415 -5.106600761 -0.991203427 0.003691289 -0.132295594 108.585861206
-0.134236038 0.013594255 0.990856111 76.810638428 0.006797889 0.999895036 -0.012797319 -5.136964798 -0.990926087 0.005017870 -0.134314343 108.477134705
-0.135662347 0.014443772 0.990649879 77.607490540 0.008417023 0.999874473 -0.013425617 -5.156176567 -0.990719438 0.006516973 -0.135766879 108.370788574
-0.138166875 0.015922472 0.990280986 78.406135559 0.007663229 0.999857962 -0.015007262 -5.175753117 -0.990379393 0.005515243 -0.138269231 108.263656616
-0.139813274 0.018917233 0.989997149 79.192512512 0.008668106 0.999802589 -0.017880438 -5.208487988 -0.990139902 0.006081479 -0.139949605 108.153694153
-0.139767230 0.022885144 0.989919960 80.002426147 0.010940311 0.999707580 -0.021566747 -5.233385086 -0.990123987 0.007815708 -0.139976725 108.035697937
-0.141263247 0.026658528 0.989613116 80.813285828 0.011705604 0.999612391 -0.025256965 -5.270977020 -0.989902914 0.008016137 -0.141520515 107.924041748
-0.141342089 0.028096206 0.989562154 81.639274597 0.013992106 0.999554038 -0.026381364 -5.298152447 -0.989861965 0.010117259 -0.141672164 107.810882568
-0.140617132 0.027401060 0.989684820 82.470130920 0.017295675 0.999532402 -0.025216281 -5.330718994 -0.989913046 0.013571426 -0.141025260 107.692634583
-0.140160859 0.025191521 0.989808321 83.294586182 0.018359469 0.999570549 -0.022840204 -5.366654873 -0.989958525 0.014971050 -0.140563175 107.566795349
-0.139545545 0.023481254 0.989937186 84.127723694 0.017073873 0.999627173 -0.021304298 -5.396656036 -0.990068436 0.013929140 -0.139894441 107.457633972
-0.137870252 0.020825325 0.990231276 84.977943420 0.015904421 0.999696612 -0.018810002 -5.426409721 -0.990322530 0.013155715 -0.138159633 107.348487854
-0.136609033 0.017367795 0.990472734 85.837806702 0.016505590 0.999747396 -0.015253922 -5.458498001 -0.990487516 0.014264512 -0.136861205 107.241973877
-0.134961858 0.014076035 0.990750790 86.686897278 0.017225428 0.999781251 -0.011857856 -5.484275341 -0.990700960 0.015465747 -0.135174811 107.132331848
-0.133106455 0.014317627 0.990998328 87.536949158 0.014990933 0.999810278 -0.012431424 -5.504523277 -0.990988314 0.013201288 -0.133295864 107.021942139
-0.131908506 0.018515291 0.991088986 88.389549255 0.015907319 0.999736369 -0.016559660 -5.533707142 -0.991134226 0.013581210 -0.132168293 106.913658142
-0.129634678 0.024702236 0.991254032 89.234558105 0.016841223 0.999600232 -0.022707753 -5.563387871 -0.991418719 0.013750222 -0.129998863 106.801528931
-0.128272310 0.028110771 0.991340518 90.090911865 0.014835730 0.999540746 -0.026423659 -5.591754436 -0.991627991 0.011317837 -0.128630444 106.697631836
-0.126904324 0.025628289 0.991584003 90.939323425 0.013128730 0.999621868 -0.024155807 -5.623150826 -0.991828084 0.009952760 -0.127192870 106.594825745
