1.000000000 -0.000000000 -0.000000000 -0.000000015 -0.000000000 1.000000000 0.000000000 0.000000007 -0.000000000 0.000000000 1.000000000 0.000000000
0.999997675 -0.001609083 -0.001432374 -0.002644110 0.001607756 0.999998271 -0.000926575 -0.007795867 0.001433861 0.000924270 0.999998569 0.563888669
0.999995530 -0.001793890 -0.002399248 -0.007945424 0.001787661 0.999995053 -0.002595630 -0.017468074 0.002403892 0.002591330 0.999993742 1.119481325
0.999986649 -0.002512122 -0.004521556 -0.009252714 0.002496156 0.999990642 -0.003533208 -0.035222176 0.004530389 0.003521874 0.999983549 1.684744239
0.999969959 -0.004405139 -0.006377871 -0.020059153 0.004369929 0.999975204 -0.005524307 -0.041476846 0.006402047 0.005496270 0.999964416 2.251638174
0.999944925 -0.007401433 -0.007426450 -0.033108130 0.007351330 0.999950230 -0.006751304 -0.069674693 0.007476050 0.006696340 0.999949634 2.799885273
0.999923944 -0.008573079 -0.008865047 -0.040692598 0.008507489 0.999936402 -0.007410119 -0.081698611 0.008928009 0.007334136 0.999933243 3.371187449
0.999912441 -0.008535063 -0.010114917 -0.053285059 0.008466878 0.999941409 -0.006764870 -0.093994111 0.010172063 0.006678634 0.999925911 3.951324224
0.999897063 -0.009014463 -0.011161147 -0.063560769 0.008934452 0.999934256 -0.007197944 -0.107927784 0.011225298 0.007097484 0.999911785 4.545924664
0.999886990 -0.008410583 -0.012461278 -0.072294183 0.008288058 0.999917090 -0.009851633 -0.124637321 0.012543103 0.009747238 0.999873817 5.136650085
0.999885499 -0.006643319 -0.013591410 -0.088779442 0.006457749 0.999885976 -0.013652128 -0.139489308 0.013680555 0.013562795 0.999814332 5.739998817
0.999870777 -0.005562920 -0.015078714 -0.102055266 0.005299971 0.999834120 -0.017422672 -0.149922475 0.015173134 0.017340500 0.999734521 6.357892036
0.999863446 -0.003641799 -0.016114945 -0.121167853 0.003361684 0.999843359 -0.017375406 -0.164611548 0.016175697 0.017318860 0.999719143 6.985226154
0.999845147 -0.001433194 -0.017535312 -0.130388796 0.001248757 0.999943793 -0.010524487 -0.174377412 0.017549409 0.010500961 0.999790907 7.623249054
0.999841094 -0.000335803 -0.017823376 -0.151991993 0.000336474 0.999999940 0.000034676 -0.187191248 0.017823359 -0.000040668 0.999841213 8.279968262
0.999820471 0.000363922 -0.018942455 -0.167509094 -0.000238264 0.999977946 0.006635497 -0.197006434 0.018944452 -0.006629796 0.999798715 8.968470573
0.999787569 0.002708749 -0.020430287 -0.184124663 -0.002596396 0.999981344 0.005523818 -0.211457327 0.020444874 -0.005469600 0.999776006 9.651164055
0.999769270 0.004672951 -0.020966059 -0.210611671 -0.004709175 0.999987483 -0.001678720 -0.216950834 0.020957956 0.001777065 0.999778867 10.345560074
0.999746382 0.004335839 -0.022098277 -0.229391709 -0.004505613 0.999960542 -0.007638735 -0.216124624 0.022064295 0.007736364 0.999726653 11.053578377
0.999724746 0.001865701 -0.023388231 -0.244481862 -0.002006878 0.999979854 -0.006014214 -0.218268931 0.023376547 0.006059496 0.999708354 11.791557312
0.999720991 0.001635449 -0.023563311 -0.270683974 -0.001560658 0.999993682 0.003192113 -0.230587155 0.023568386 -0.003154447 0.999717236 12.551590919
0.999715745 0.001197343 -0.023808101 -0.294329017 -0.000944346 0.999942958 0.010634914 -0.234855041 0.023819480 -0.010609409 0.999659956 13.327382088
0.999704301 0.000441287 -0.024310378 -0.318958044 -0.000123399 0.999914467 0.013076139 -0.237679824 0.024314070 -0.013069273 0.999618948 14.116674423
0.999695182 -0.001439556 -0.024647320 -0.334544063 0.001737345 0.999925733 0.012064846 -0.237039119 0.024628125 -0.012103989 0.999623358 14.923492432
0.999709666 -0.002132280 -0.024001211 -0.358744800 0.002364910 0.999950469 0.009668251 -0.235602781 0.023979409 -0.009722205 0.999665201 15.751271248
0.999726951 0.000569514 -0.023360997 -0.384219587 -0.000419597 0.999979317 0.006421774 -0.237473801 0.023364175 -0.006410217 0.999706566 16.586771011
0.999738514 -0.002873243 -0.022683993 -0.403571248 0.002886673 0.999995708 0.000559315 -0.239022478 0.022682287 -0.000624649 0.999742568 17.444904327
0.999745309 -0.005445611 -0.021900009 -0.422106236 0.005322386 0.999969661 -0.005681050 -0.248738348 0.021930283 0.005563043 0.999744058 18.314594269
0.999767661 -0.004718321 -0.021033622 -0.438894361 0.004489162 0.999930203 -0.010928755 -0.261209428 0.021083716 0.010831790 0.999719083 19.222045898
0.999781489 -0.003455355 -0.020620337 -0.465802222 0.003213456 0.999925733 -0.011752701 -0.275801510 0.020659417 0.011683869 0.999718368 20.127109528
0.999765575 -0.003397399 -0.021383842 -0.484112829 0.003156772 0.999931395 -0.011276469 -0.293676078 0.021420687 0.011206321 0.999707878 21.064449310
0.999773800 -0.001693193 -0.021200065 -0.512388766 0.001427271 0.999920189 -0.012552345 -0.318913817 0.021219626 0.012519248 0.999696553 22.005548477
0.999778211 0.001501655 -0.021006942 -0.536311150 -0.001810268 0.999890625 -0.014679653 -0.341145605 0.020982601 0.014714424 0.999671578 22.969921112
0.999763668 0.004737324 -0.021218671 -0.564997494 -0.005067336 0.999866605 -0.015526242 -0.363103092 0.021142287 0.015630094 0.999654293 23.934680939
0.999759674 0.006427417 -0.020957652 -0.601214170 -0.006752131 0.999857724 -0.015460044 -0.389576524 0.020855302 0.015597838 0.999660850 24.916820526
0.999750376 0.007474443 -0.021056019 -0.628965855 -0.007800280 0.999850392 -0.015435348 -0.416592807 0.020937501 0.015595740 0.999659181 25.890802383
0.999739766 0.006993467 -0.021711683 -0.644673705 -0.007331193 0.999852717 -0.015514539 -0.441003948 0.021599991 0.015669674 0.999643922 26.866167068
0.999719739 0.008667536 -0.022027967 -0.668264866 -0.008982589 0.999858201 -0.014243850 -0.476168007 0.021901390 0.014437728 0.999655902 27.874786377
0.999706686 0.009359893 -0.022335436 -0.694384336 -0.009630730 0.999881029 -0.012049183 -0.504671752 0.022219999 0.012260755 0.999677956 28.891880035
0.999698162 0.010051819 -0.022417843 -0.726258278 -0.010294627 0.999889374 -0.010742066 -0.533227086 0.022307387 0.010969606 0.999691010 29.914054871
0.999693513 0.010231096 -0.022541692 -0.750706553 -0.010500142 0.999874651 -0.011849609 -0.557284117 0.022417637 0.012082669 0.999675632 30.946876526
0.999678552 0.011254926 -0.022714572 -0.783259034 -0.011555050 0.999847114 -0.013125023 -0.581860125 0.022563377 0.013383273 0.999655843 31.954065323
0.999674678 0.010879372 -0.023064775 -0.812835276 -0.011160755 0.999864399 -0.012106133 -0.609112144 0.022929942 0.012359614 0.999660730 32.989036560
0.999660969 0.010637481 -0.023763957 -0.840447962 -0.010866434 0.999895692 -0.009526140 -0.632537305 0.023660140 0.009781139 0.999672294 34.042980194
0.999657035 0.010842600 -0.023838703 -0.879775405 -0.010984669 0.999922693 -0.005836681 -0.658113062 0.023773573 0.006096537 0.999698877 35.085739136
0.999635160 0.011118918 -0.024614098 -0.904485762 -0.011213528 0.999930143 -0.003709008 -0.679959595 0.024571145 0.003983664 0.999690115 36.170665741
0.999621630 0.011415101 -0.025025342 -0.937634051 -0.011499799 0.999928594 -0.003243182 -0.697608232 0.024986537 0.003529741 0.999681592 37.243202209
0.999613881 0.010726251 -0.025633657 -0.968240738 -0.010846529 0.999930680 -0.004557702 -0.720405221 0.025582999 0.004833978 0.999661028 38.331600189
0.999591112 0.011289307 -0.026269278 -1.005997777 -0.011430820 0.999920845 -0.005243062 -0.737942755 0.026208010 0.005541197 0.999641180 39.410629272
0.999581516 0.010813741 -0.026826456 -1.040473223 -0.010926405 0.999932051 -0.004056745 -0.761233509 0.026780764 0.004348165 0.999631882 40.492465973
0.999551475 0.011503272 -0.027650010 -1.076802373 -0.011571455 0.999930382 -0.002307208 -0.776113868 0.027621545 0.002626123 0.999615014 41.579322815
0.999542236 0.010801783 -0.028261388 -1.115460396 -0.010790374 0.999941587 0.000556181 -0.803872108 0.028265752 -0.000250976 0.999600470 42.670734406
0.999516904 0.012407566 -0.028495692 -1.159520030 -0.012401234 0.999923110 0.000398963 -0.825554073 0.028498448 -0.000045388 0.999593914 43.747833252
0.999484479 0.013781958 -0.028996082 -1.188199043 -0.013888913 0.999897480 -0.003490438 -0.846049964 0.028945001 0.003891362 0.999573469 44.835643768
0.999472857 0.014990801 -0.028793680 -1.229503274 -0.015218018 0.999854624 -0.007688323 -0.865491033 0.028674239 0.008122454 0.999555767 45.917064667
0.999465883 0.015417425 -0.028812509 -1.269328833 -0.015655227 0.999844968 -0.008046069 -0.889267027 0.028683996 0.008492838 0.999552488 46.996921539
0.999454856 0.016218625 -0.028755808 -1.306464911 -0.016376428 0.999852061 -0.005260588 -0.914672077 0.028666239 0.005728638 0.999572575 48.100524902
0.999461353 0.016084695 -0.028604276 -1.345048666 -0.016175836 0.999864817 -0.002957687 -0.942250550 0.028552841 0.003418793 0.999586463 49.200260162
0.999484479 0.014611403 -0.028588802 -1.380098104 -0.014668089 0.999890864 -0.001774046 -0.963106751 0.028559767 0.002192475 0.999589741 50.289253235
0.999488890 0.014489227 -0.028493119 -1.411550641 -0.014559093 0.999891520 -0.002246044 -0.989331663 0.028457487 0.002659731 0.999591470 51.382137299
0.999513268 0.013854424 -0.027950343 -1.454015493 -0.013986960 0.999891698 -0.004551996 -1.006887555 0.027884258 0.004940722 0.999598980 52.466232300
0.999519587 0.013779841 -0.027758749 -1.482537270 -0.013973287 0.999879241 -0.006786971 -1.028010368 0.027661877 0.007171593 0.999591649 53.551719666
0.999531329 0.013362273 -0.027538057 -1.517689824 -0.013621469 0.999864459 -0.009246312 -1.060217619 0.027410774 0.009617090 0.999577999 54.649711609
0.999565482 0.011326553 -0.027211035 -1.555341363 -0.011665581 0.999855876 -0.012332789 -1.091706038 0.027067430 0.012644864 0.999553680 55.726596832
0.999582350 0.009560196 -0.027266221 -1.583404779 -0.009948437 0.999850452 -0.014138926 -1.121628046 0.027126972 0.014404278 0.999528229 56.815261841
0.999616802 0.007967985 -0.026507430 -1.617676854 -0.008274653 0.999899864 -0.011479570 -1.156778097 0.026413305 0.011694510 0.999582708 57.893970490
0.999624491 0.006656630 -0.026585087 -1.650961876 -0.006819221 0.999958575 -0.006029827 -1.179248691 0.026543850 0.006208851 0.999628365 59.002174377
0.999636650 0.005057470 -0.026476657 -1.678282380 -0.005061218 0.999987185 -0.000074518 -1.200147033 0.026475945 0.000208496 0.999649405 60.094627380
0.999648631 0.003587030 -0.026266441 -1.711419463 -0.003573666 0.999993384 0.000555718 -1.221740246 0.026268272 -0.000461655 0.999654830 61.191032410
0.999651432 0.000351896 -0.026399391 -1.736852884 -0.000415167 0.999996960 -0.002391253 -1.238244772 0.026398474 0.002401380 0.999648631 62.286457062
0.999658585 -0.001163164 -0.026100470 -1.773879290 0.001017128 0.999983668 -0.005607724 -1.258539200 0.026106572 0.005579263 0.999643624 63.372150421
0.999660730 0.001137661 -0.026021862 -1.809214473 -0.001387786 0.999952972 -0.009596050 -1.289354086 0.026009725 0.009628908 0.999615312 64.467567444
0.999661446 0.001368691 -0.025980266 -1.841300130 -0.001731502 0.999901175 -0.013947494 -1.314948082 0.025958613 0.013987761 0.999565125 65.559265137
0.999667346 0.004419858 -0.025406837 -1.878400326 -0.004790032 0.999882996 -0.014527505 -1.345350027 0.025339654 0.014644375 0.999571621 66.650161743
0.999674857 0.008190208 -0.024146758 -1.931118250 -0.008455933 0.999904573 -0.010923099 -1.377215266 0.024054991 0.011123731 0.999648690 67.762168884
0.999667764 0.009375731 -0.024010001 -1.963547707 -0.009589593 0.999915242 -0.008807546 -1.403620720 0.023925390 0.009034870 0.999672890 68.856224060
0.999670088 0.008642049 -0.024186863 -1.991938710 -0.008837212 0.999929070 -0.007973791 -1.430025339 0.024116240 0.008184905 0.999675632 69.943298340
0.999674022 0.007667873 -0.024352094 -2.018053055 -0.007850260 0.999941766 -0.007402822 -1.455656648 0.024293913 0.007591579 0.999675989 71.060485840
0.999676466 0.006575815 -0.024567530 -2.048012733 -0.006717802 0.999961138 -0.005701397 -1.485793352 0.024529083 0.005864593 0.999681890 72.150749207
0.999679625 0.004956169 -0.024817916 -2.078986645 -0.005052764 0.999979854 -0.003830896 -1.509993672 0.024798429 0.003955068 0.999684572 73.253494263
0.999665797 0.003861390 -0.025559986 -2.110434771 -0.003915059 0.999990284 -0.002049977 -1.537082195 0.025551820 0.002149361 0.999671102 74.341270447
0.999660254 0.003316119 -0.025851712 -2.145767212 -0.003391712 0.999990046 -0.002880788 -1.565474987 0.025841901 0.002967492 0.999661565 75.430221558
0.999641359 0.003198104 -0.026593510 -2.176972151 -0.003386645 0.999969363 -0.007047690 -1.587815166 0.026570167 0.007135224 0.999621451 76.509407043
0.999614418 0.003861263 -0.027498255 -2.208057165 -0.004115766 0.999949157 -0.009204697 -1.613053322 0.027461316 0.009314324 0.999579489 77.590263367
0.999593914 0.005603645 -0.027936829 -2.248238087 -0.005814208 0.999955237 -0.007461604 -1.640442133 0.027893765 0.007621004 0.999581873 78.669311523
0.999566913 0.007186356 -0.028533854 -2.285027027 -0.007282503 0.999968171 -0.003267120 -1.662467599 0.028509466 0.003473502 0.999587536 79.746261597
0.999554217 0.007540351 -0.028886639 -2.326617002 -0.007515620 0.999971330 0.000964586 -1.690701604 0.028893087 -0.000747054 0.999582231 80.808532715
0.999521911 0.009231611 -0.029508540 -2.365084648 -0.009189875 0.999956489 0.001549792 -1.708640337 0.029521570 -0.001277872 0.999563336 81.914222717
0.999500632 0.008950460 -0.030304415 -2.400839329 -0.008974963 0.999959469 -0.000672557 -1.725223541 0.030297168 0.000944202 0.999540567 82.981185913
0.999487042 0.009323513 -0.030642679 -2.442655087 -0.009374726 0.999954879 -0.001527888 -1.744189382 0.030627050 0.001814371 0.999529183 84.044952393
0.999470055 0.008269019 -0.031482458 -2.471185446 -0.008325145 0.999963999 -0.001652015 -1.769414783 0.031467661 0.001913237 0.999502897 85.101821899
0.999451578 0.007224919 -0.032314897 -2.507791996 -0.007272670 0.999972641 -0.001360377 -1.790089607 0.032304183 0.001594647 0.999476731 86.135765076
0.999437749 0.006057221 -0.032975364 -2.543337584 -0.006061777 0.999981582 -0.000038221 -1.810901523 0.032974519 0.000238089 0.999456167 87.166999817
0.999433756 0.005899703 -0.033125799 -2.592337370 -0.005797618 0.999978185 0.003176944 -1.839539170 0.033143826 -0.002983095 0.999446094 88.166587830
0.999394536 0.005419916 -0.034367248 -2.624663591 -0.005297610 0.999979258 0.003648855 -1.855472088 0.034386314 -0.003464583 0.999402642 89.156303406
0.999318182 0.004285149 -0.036670908 -2.660499334 -0.004153220 0.999984622 0.003673056 -1.870921969 0.036686089 -0.003518249 0.999320686 90.110877991
0.999208212 0.003909799 -0.039591748 -2.705222368 -0.003803972 0.999988973 0.002747930 -1.892711997 0.039602060 -0.002595149 0.999212146 91.050102234
0.999065459 0.003493215 -0.043077406 -2.748516083 -0.003407503 0.999992073 0.002062961 -1.910994649 0.043084271 -0.001914248 0.999069512 91.975189209
0.998930514 0.003312622 -0.046114594 -2.795097351 -0.003205618 0.999991953 0.002394169 -1.928263187 0.046122152 -0.002243783 0.998933196 92.867538452
0.998776019 0.004493315 -0.049255565 -2.844524860 -0.004334602 0.999985039 0.003328593 -1.946301699 0.049269781 -0.003111016 0.998780608 93.737487793
0.998621464 0.005230353 -0.052226283 -2.897158384 -0.004992810 0.999976575 0.004677768 -1.966835260 0.052249525 -0.004410564 0.998624325 94.579704285
0.998431444 0.006478209 -0.055611588 -2.944298506 -0.006150424 0.999962687 0.006063326 -1.980068326 0.055648800 -0.005711781 0.998434067 95.396659851
0.998299897 0.007877862 -0.057750694 -3.004575253 -0.007485029 0.999947369 0.007015382 -1.997123241 0.057802930 -0.006571188 0.998306394 96.185935974
0.998110652 0.009919380 -0.060635027 -3.053031921 -0.009483330 0.999927044 0.007474941 -2.010706425 0.060704757 -0.006885795 0.998131990 96.952178955
0.997922480 0.011416009 -0.063408419 -3.103289843 -0.011033494 0.999918818 0.006379455 -2.028604031 0.063476101 -0.005666584 0.997967243 97.679756165
0.997758329 0.013031592 -0.065639846 -3.165021181 -0.012880982 0.999913394 0.002717174 -2.043996572 0.065669566 -0.001865577 0.997839689 98.373603821
0.997555256 0.015472515 -0.068148576 -3.222258568 -0.015566822 0.999878526 -0.000852963 -2.059979200 0.068127088 0.001911734 0.997674823 99.038619995
0.997389793 0.017270263 -0.070110962 -3.281042576 -0.017565746 0.999839306 -0.003600080 -2.073051929 0.070037521 0.004822234 0.997532725 99.690673828
0.997282863 0.019189674 -0.071124449 -3.329062939 -0.019557003 0.999798775 -0.004471780 -2.091166735 0.071024321 0.005850609 0.997457325 100.307624817
0.997291923 0.021415573 -0.070357472 -3.369382143 -0.021740897 0.999756217 -0.003861328 -2.111023903 0.070257619 0.005380506 0.997514367 100.889144897
0.997428298 0.025419487 -0.067013562 -3.419702291 -0.025644157 0.999668002 -0.002494385 -2.124574184 0.066927902 0.004206477 0.997748911 101.453819275
0.997718096 0.027909070 -0.061479256 -3.458677053 -0.028034288 0.999606252 -0.001175018 -2.136850357 0.061422259 0.002895865 0.998107672 101.998031616
0.998110592 0.028916856 -0.054214109 -3.482904434 -0.028896915 0.999581814 0.001151822 -2.154954910 0.054224756 0.000416975 0.998528719 102.515563965
0.998599112 0.028682766 -0.044465095 -3.503702164 -0.028555147 0.999586165 0.003502793 -2.166366577 0.044547167 -0.002228178 0.999004781 103.022804260
0.999059796 0.028464317 -0.032698970 -3.514043093 -0.028327331 0.999587953 0.004645099 -2.177319050 0.032817725 -0.003714458 0.999454439 103.501327515
0.999435663 0.027281927 -0.019599330 -3.510775566 -0.027190134 0.999618113 0.004934793 -2.190008640 0.019726478 -0.004399100 0.999795735 103.948188782
0.999620438 0.027202170 -0.004386817 -3.504351139 -0.027184557 0.999622345 0.004026379 -2.200208187 0.004494690 -0.003905596 0.999982297 104.386238098
0.999577343 0.025705917 0.013586661 -3.486733198 -0.025721595 0.999668777 0.000980186 -2.210411549 -0.013556959 -0.001329243 0.999907196 104.811546326
0.999077141 0.025411174 0.034628130 -3.452456951 -0.025305890 0.999673724 -0.003475517 -2.225759268 -0.034705147 0.002596013 0.999394238 105.222877502
0.997993648 0.023212431 0.058907110 -3.405773163 -0.022750566 0.999705017 -0.008499347 -2.233310461 -0.059087019 0.007142123 0.998227298 105.630561829
0.996055722 0.021125231 0.086179234 -3.350937843 -0.020227198 0.999731779 -0.011280566 -2.244951248 -0.086394429 0.009492908 0.996215880 106.030036926
0.993076921 0.018226663 0.116043180 -3.277030945 -0.016905004 0.999780655 -0.012363484 -2.258630037 -0.116243064 0.010316180 0.993167222 106.427162170
0.988763213 0.015755715 0.148657113 -3.195510864 -0.013752491 0.999800444 -0.014493820 -2.271750450 -0.148855805 0.012286552 0.988782525 106.789947510
0.982690752 0.013375195 0.184770033 -3.099514008 -0.010609780 0.999816656 -0.015947431 -2.287009001 -0.184949458 0.013711022 0.982652307 107.164909363
0.974800587 0.010194906 0.222844988 -2.979574203 -0.006656074 0.999839604 -0.016625565 -2.299188852 -0.222978756 0.014723336 0.974712074 107.521453857
0.964771569 0.007989454 0.262967676 -2.857040405 -0.003524603 0.999841571 -0.017446067 -2.314115286 -0.263065428 0.015904613 0.964646935 107.870117188
0.952329576 0.008682452 0.304947197 -2.728136063 -0.003289785 0.999829054 -0.018193334 -2.333705425 -0.305053115 0.016322840 0.952195466 108.195243835
0.936968148 0.010694512 0.349251151 -2.584415436 -0.004417371 0.999814272 -0.018764690 -2.346619606 -0.349386930 0.016039144 0.936841190 108.522201538
0.919172466 0.011201124 0.393695712 -2.413211823 -0.004535680 0.999830306 -0.017856808 -2.355359554 -0.393828899 0.014627809 0.919067323 108.836860657
0.898627639 0.010083527 0.438596398 -2.231975555 -0.003159088 0.999858618 -0.016514633 -2.368184328 -0.438700914 0.013454937 0.898532450 109.151100159
0.875570595 0.008926173 0.483007610 -2.036392212 -0.000745989 0.999853075 -0.017125390 -2.380925655 -0.483089566 0.014634171 0.875448704 109.422492981
0.850619733 0.009386023 0.525697529 -1.818424225 0.000789553 0.999816716 -0.019128701 -2.400481462 -0.525780797 0.016686315 0.850456417 109.700790405
0.822638750 0.011545061 0.568446994 -1.599983215 0.001499821 0.999746263 -0.022475168 -2.417194366 -0.568562388 0.019341512 0.822412729 109.968643188
0.791554034 0.016054887 0.610888183 -1.363906860 0.000318413 0.999643803 -0.026684448 -2.432839632 -0.611099124 0.021316694 0.791267037 110.236892700
0.757871747 0.022142708 0.652027667 -1.111782074 -0.003179042 0.999537349 -0.030248957 -2.447184324 -0.652395904 0.020852003 0.757591486 110.478927612
0.720007002 0.027346075 0.693427682 -0.836643219 -0.004615555 0.999389946 -0.034619555 -2.444227695 -0.693951368 0.021725770 0.719693899 110.738250732
0.680989683 0.027617157 0.731772065 -0.539779663 -0.003001209 0.999385536 -0.034923974 -2.466845036 -0.732286930 0.021586664 0.680653989 110.964065552
0.640063047 0.024896061 0.767918825 -0.227512360 0.001437110 0.999434352 -0.033599671 -2.479042053 -0.768321037 0.022609491 0.639665306 111.163574219
0.596925259 0.022923846 0.801969290 0.089778900 0.002864058 0.999524474 -0.030702639 -2.491583824 -0.802291811 0.020624068 0.596575677 111.327461243
0.550643504 0.021332003 0.834467828 0.433410645 0.004275013 0.999588311 -0.028374042 -2.499311924 -0.834729612 0.019191345 0.550325513 111.511001587
0.502766252 0.018944841 0.864214778 0.786827087 0.005774809 0.999663889 -0.025273636 -2.512521029 -0.864403129 0.017697405 0.502487719 111.669479370
0.452100515 0.015080174 0.891839504 1.155975342 0.008588067 0.999737084 -0.021258174 -2.527036667 -0.891925693 0.017270010 0.451852143 111.814079285
0.399118155 0.015404195 0.916770041 1.514213562 0.004769210 0.999810576 -0.018875780 -2.551747561 -0.916887164 0.011905938 0.398969084 111.949829102
0.347526222 0.020412058 0.937448144 1.893962860 0.000948305 0.999754846 -0.022120282 -2.565804482 -0.937669873 0.008576365 0.347421646 112.063102722
0.297669291 0.025177229 0.954337060 2.280778885 0.000875152 0.999644518 -0.026645498 -2.580804825 -0.954668701 0.008766737 0.297541440 112.143798828
0.250867307 0.027364295 0.967634678 2.678306580 0.002331941 0.999580324 -0.028872281 -2.593079090 -0.968018830 0.009499578 0.250698209 112.216804504
0.209812462 0.027128657 0.977365255 3.102123260 0.009366309 0.999513328 -0.029754102 -2.609417200 -0.977696896 0.015397087 0.209456280 112.264518738
0.174224690 0.027166767 0.984331250 3.537349701 0.016930230 0.999388933 -0.030578971 -2.620592833 -0.984560370 0.021992568 0.173658326 112.315277100
0.143806890 0.028259909 0.989202201 3.965422630 0.021622179 0.999263823 -0.031690717 -2.637989283 -0.989369512 0.025946049 0.143089995 112.350006104
0.115855269 0.026494749 0.992912710 4.437325478 0.019823147 0.999383390 -0.028980419 -2.657072544 -0.993068278 0.023040187 0.115258619 112.387832642
0.090206593 0.023011852 0.995657206 4.928680420 0.013849574 0.999607325 -0.024357926 -2.668623924 -0.995826781 0.015986674 0.089852460 112.430221558
0.066479959 0.019031614 0.997606337 5.434628487 0.008994007 0.999765992 -0.019672174 -2.685126781 -0.997747242 0.010280281 0.066293254 112.458084106
0.043897785 0.016633708 0.998897672 5.961416245 0.012515973 0.999773741 -0.017198334 -2.706460476 -0.998957694 0.013257140 0.043679669 112.465682983
0.023734171 0.017362664 0.999567509 6.496049881 0.020064333 0.999639511 -0.017840331 -2.726068974 -0.999516964 0.020479083 0.023377245 112.455566406
0.006194493 0.019881692 0.999783158 7.050605774 0.025124563 0.999483585 -0.020031406 -2.741037130 -0.999665201 0.025243204 0.005691774 112.442985535
-0.008159846 0.025350701 0.999645352 7.634613037 0.025788905 0.999351382 -0.025132744 -2.750646830 -0.999634147 0.025574680 -0.008808317 112.435546875
-0.019028084 0.029853974 0.999373138 8.241207123 0.023675252 0.999287248 -0.029400632 -2.764469147 -0.999538600 0.023100978 -0.019721322 112.428749084
-0.025213411 0.029679799 0.999241352 8.855869293 0.025258757 0.999258935 -0.029042972 -2.784918070 -0.999362886 0.024507323 -0.025944404 112.401512146
-0.027862541 0.026602754 0.999257624 9.499660492 0.031722937 0.999165833 -0.025715766 -2.803086996 -0.999108255 0.030982876 -0.028683215 112.376571655
-0.027257781 0.024868920 0.999319017 10.154383659 0.032894209 0.999171495 -0.023968007 -2.826848984 -0.999087036 0.032218490 -0.028053241 112.350868225
-0.025273476 0.024504058 0.999380112 10.822093010 0.031632721 0.999218524 -0.023700126 -2.850037575 -0.999179959 0.031014128 -0.026028855 112.340293884
-0.023789126 0.024812099 0.999408901 11.508955956 0.028601684 0.999299645 -0.024128571 -2.871466875 -0.999307752 0.028010784 -0.024482135 112.329353333
-0.022915414 0.026156086 0.999395132 12.220651627 0.027085176 0.999306977 -0.025532736 -2.892346382 -0.999370396 0.026483696 -0.023607980 112.327667236
-0.021768399 0.026799859 0.999403894 12.940887451 0.026698371 0.999299705 -0.026215544 -2.921159506 -0.999406517 0.026111789 -0.022468666 112.308380127
-0.021251841 0.026533104 0.999422073 13.689250946 0.026037853 0.999323368 -0.025976816 -2.942221880 -0.999435008 0.025470752 -0.021928325 112.303276062
-0.020719731 0.024988769 0.999472976 14.443507195 0.025350206 0.999379337 -0.024460899 -2.970275640 -0.999463916 0.024830028 -0.021340342 112.293769836
-0.019804105 0.023650780 0.999524117 15.203966141 0.026161356 0.999390185 -0.023129262 -3.000694513 -0.999461472 0.025690854 -0.020410769 112.271255493
-0.020555688 0.021394713 0.999559760 15.990769386 0.026617605 0.999428391 -0.020844514 -3.025913954 -0.999434352 0.026177417 -0.021113414 112.261207581
-0.021977188 0.019507898 0.999568105 16.771781921 0.023206776 0.999550223 -0.018997308 -3.057978392 -0.999489069 0.022779247 -0.022420019 112.253623962
-0.022612337 0.018678246 0.999569833 17.571987152 0.023802670 0.999552011 -0.018139450 -3.076288462 -0.999460876 0.023382260 -0.023046801 112.226799011
-0.023814732 0.016387757 0.999582112 18.368936539 0.026088051 0.999535263 -0.015765453 -3.092712402 -0.999375880 0.025701700 -0.024231190 112.207336426
-0.025322245 0.014662541 0.999571860 19.187002182 0.027274428 0.999530315 -0.013970990 -3.118768930 -0.999307215 0.026908971 -0.025710268 112.194229126
-0.026696537 0.013596416 0.999551117 20.005014420 0.025039969 0.999602795 -0.012928339 -3.149180651 -0.999330044 0.024683587 -0.027026387 112.169670105
-0.027341284 0.018331692 0.999458134 20.830476761 0.021918783 0.999602497 -0.017734725 -3.176318645 -0.999385834 0.021422019 -0.027732229 112.147987366
-0.028273826 0.023111250 0.999332964 21.666042328 0.023123313 0.999480367 -0.022460433 -3.199130058 -0.999332786 0.022472849 -0.028793538 112.129608154
-0.029498000 0.024409987 0.999266684 22.500543594 0.023450909 0.999443471 -0.023722045 -3.228416204 -0.999289691 0.022733962 -0.030054020 112.108001709
-0.030886967 0.022160839 0.999277174 23.344676971 0.019805687 0.999571502 -0.021555185 -3.260930300 -0.999326706 0.019125601 -0.031312641 112.088783264
-0.031945772 0.017905345 0.999329150 24.195280075 0.017071988 0.999703407 -0.017366307 -3.293263197 -0.999343812 0.016505755 -0.032241985 112.074600220
-0.032112464 0.012629349 0.999404371 25.049831390 0.015622106 0.999804378 -0.012132442 -3.319837570 -0.999362171 0.015223200 -0.032303475 112.050918579
-0.032486890 0.007013591 0.999447465 25.898149490 0.012048832 0.999905348 -0.006625160 -3.342506409 -0.999399662 0.011826942 -0.032568324 112.032638550
-0.032193184 0.005359612 0.999467194 26.747127533 0.009384959 0.999943137 -0.005059871 -3.371796846 -0.999437571 0.009217066 -0.032241661 112.015419006
-0.031404175 0.012643661 0.999426723 27.581340790 0.011462255 0.999858797 -0.012288960 -3.397907257 -0.999441147 0.011069763 -0.031544667 111.985557556
-0.029823836 0.023788512 0.999271929 28.410026550 0.014204290 0.999625981 -0.023373000 -3.421514988 -0.999454200 0.013496879 -0.030150574 111.953628540
-0.029608587 0.028846961 0.999145091 29.243827820 0.016057547 0.999468207 -0.028380439 -3.446402788 -0.999432564 0.015203517 -0.030056056 111.937522888
-0.028554177 0.023472497 0.999316573 30.090353012 0.017465044 0.999583364 -0.022979725 -3.480679512 -0.999439657 0.016796941 -0.028952232 111.917793274
-0.027664669 0.015844924 0.999491632 30.917507172 0.020694312 0.999669135 -0.015274948 -3.511496305 -0.999403059 0.020261211 -0.027983418 111.893165588
-0.026857968 0.012982281 0.999554873 31.747997284 0.022017583 0.999680698 -0.012392309 -3.537909746 -0.999396801 0.021674952 -0.027135236 111.870101929
-0.027247597 0.013999859 0.999530613 32.565761566 0.021090364 0.999687374 -0.013427127 -3.559959412 -0.999406278 0.020714605 -0.027534343 111.853858948
-0.028501928 0.014362562 0.999490499 33.388744354 0.017200325 0.999755740 -0.013875880 -3.593877077 -0.999445796 0.016796073 -0.028742010 111.843048096
-0.030484471 0.014322327 0.999432623 34.201717377 0.015479204 0.999784231 -0.013855223 -3.621138573 -0.999415517 0.015048049 -0.030699588 111.824638367
-0.032613464 0.014244128 0.999366581 35.011234283 0.015169228 0.999790370 -0.013755135 -3.646883249 -0.999352992 0.014711016 -0.032822702 111.798828125
-0.034384795 0.014477258 0.999303818 35.814262390 0.014202414 0.999801219 -0.013995777 -3.673174381 -0.999307811 0.013711283 -0.034583576 111.772697449
-0.036667343 0.014606071 0.999220729 36.624515533 0.012047327 0.999826968 -0.014172843 -3.702464581 -0.999254882 0.011518259 -0.036836956 111.752090454
-0.039032407 0.014175188 0.999137402 37.427036285 0.010575673 0.999849200 -0.013772136 -3.724617481 -0.999181986 0.010028990 -0.039176438 111.736000061
-0.040824465 0.012974309 0.999082029 38.215549469 0.010761796 0.999863386 -0.012544707 -3.751848698 -0.999108434 0.010239787 -0.040958513 111.701377869
-0.043026932 0.012662663 0.998993635 38.995872498 0.010116571 0.999873877 -0.012238100 -3.782640219 -0.999022663 0.009579821 -0.043149605 111.672187805
-0.044556562 0.014006064 0.998908520 39.783622742 0.010689706 0.999851108 -0.013542462 -3.802182198 -0.998949707 0.010074633 -0.044699647 111.642944336
-0.045728143 0.013901589 0.998857081 40.560123444 0.010894119 0.999850571 -0.013416674 -3.831248045 -0.998894572 0.010268150 -0.045872759 111.606834412
-0.046947520 0.012822537 0.998815060 41.338748932 0.012934128 0.999841571 -0.012227766 -3.855115414 -0.998813689 0.012344739 -0.047105927 111.572570801
-0.048534468 0.011895622 0.998750567 42.110626221 0.013094448 0.999850631 -0.011272394 -3.883225203 -0.998735607 0.012530989 -0.048682988 111.538658142
-0.050032172 0.011224415 0.998684525 42.867820740 0.011361030 0.999878526 -0.010668668 -3.912242174 -0.998683035 0.010812310 -0.050153624 111.507354736
-0.051044460 0.010464312 0.998641431 43.624908447 0.009337648 0.999906361 -0.010000277 -3.930098534 -0.998652756 0.008814503 -0.051137391 111.472663879
-0.051849350 0.009321289 0.998611331 44.358951569 0.009213765 0.999918282 -0.008855097 -3.951763391 -0.998612404 0.008741838 -0.051930998 111.439926147
-0.052669007 0.009371974 0.998567998 45.075294495 0.009666511 0.999913871 -0.008874752 -3.972194910 -0.998565197 0.009185244 -0.052755076 111.406982422
-0.052484483 0.011603259 0.998554289 45.782382965 0.009513051 0.999892950 -0.011118803 -3.997107506 -0.998576403 0.008915733 -0.052589241 111.373321533
-0.052520238 0.014545624 0.998513877 46.490730286 0.009422140 0.999856591 -0.014069596 -4.020993233 -0.998575449 0.008669198 -0.052649766 111.340278625
-0.053043235 0.016047319 0.998463273 47.187408447 0.007244955 0.999850631 -0.015684737 -4.044502735 -0.998565972 0.006401852 -0.053151585 111.309822083
-0.053176455 0.016994836 0.998440444 47.886047363 0.007701511 0.999832332 -0.016608352 -4.065769196 -0.998555481 0.006806329 -0.053298440 111.277214050
-0.052962322 0.016809130 0.998454988 48.567546844 0.009800851 0.999818802 -0.016312214 -4.089161873 -0.998548388 0.008921779 -0.053117488 111.237045288
-0.053317528 0.015965007 0.998449981 49.254604340 0.009221291 0.999837339 -0.015494772 -4.117867470 -0.998535097 0.008380855 -0.053456083 111.202400208
-0.053415783 0.016307376 0.998439312 49.956134796 0.005855125 0.999854565 -0.016017253 -4.137506008 -0.998555183 0.004990412 -0.053503502 111.174285889
-0.053426035 0.016597446 0.998433828 50.645038605 0.003713667 0.999858141 -0.016422410 -4.160871029 -0.998564839 0.002830466 -0.053480111 111.150451660
-0.053252995 0.014501531 0.998475671 51.321357727 0.004771191 0.999886751 -0.014267562 -4.192841530 -0.998569667 0.004004127 -0.053316165 111.114433289
-0.054521237 0.014655150 0.998405039 51.994007111 0.005804551 0.999880016 -0.014359828 -4.206367970 -0.998495758 0.005012377 -0.054599769 111.079368591
-0.057818383 0.013540266 0.998235226 52.665439606 0.001996347 0.999907553 -0.013447323 -4.236379147 -0.998325109 0.001215321 -0.057840072 111.045150757
-0.063179813 0.013659595 0.997908652 53.340904236 -0.001185953 0.999904633 -0.013762004 -4.254465103 -0.998001456 -0.002052953 -0.063157588 111.011260986
-0.068907626 0.017495438 0.997469604 54.004062653 0.002356040 0.999846280 -0.017374365 -4.277721882 -0.997620285 0.001152852 -0.068938240 110.963073730
-0.075667448 0.020730518 0.996917665 54.680736542 0.005066619 0.999778926 -0.020405456 -4.293040276 -0.997120261 0.003506972 -0.075755760 110.910491943
-0.082770593 0.022282753 0.996319473 55.345405579 0.004423714 0.999748409 -0.021991935 -4.316510677 -0.996558785 0.002587146 -0.082848348 110.850112915
-0.088813700 0.021024754 0.995826423 56.020961761 0.000122705 0.999777436 -0.021097232 -4.345353127 -0.996048272 -0.001751530 -0.088796526 110.792739868
-0.094550408 0.020053536 0.995318055 56.709251404 -0.000170699 0.999796808 -0.020159988 -4.371106625 -0.995520115 -0.002076035 -0.094527766 110.733322144
-0.098917656 0.020237848 0.994889736 57.385459900 -0.002684387 0.999784112 -0.020604307 -4.397011757 -0.995091975 -0.004708799 -0.098841980 110.665916443
-0.103196636 0.020129805 0.994457245 58.090045929 -0.004541115 0.999775231 -0.020708693 -4.411021233 -0.994650602 -0.006653013 -0.103082038 110.606071472
-0.105658144 0.016543632 0.994264781 58.791465759 -0.004563674 0.999842942 -0.017121417 -4.438024521 -0.994392157 -0.006346521 -0.105566055 110.531112671
-0.107224911 0.013739528 0.994139910 59.507026672 -0.002236835 0.999898612 -0.014060376 -4.457666397 -0.994232357 -0.003731350 -0.107183315 110.452339172
-0.108997487 0.011439751 0.993976176 60.230514526 -0.002510339 0.999927342 -0.011783524 -4.477708817 -0.994038939 -0.003779591 -0.108960852 110.382911682
-0.110595666 0.010582672 0.993809044 60.956470490 -0.002962576 0.999935389 -0.010977596 -4.500565529 -0.993861079 -0.004158310 -0.110557169 110.307403564
-0.110753924 0.014295011 0.993744969 61.681961060 -0.001259928 0.999893785 -0.014523881 -4.519440174 -0.993847072 -0.002860624 -0.110724159 110.226287842
-0.110930018 0.018282160 0.993659973 62.412525177 0.004354995 0.999830127 -0.017909501 -4.542937279 -0.993818700 0.002340683 -0.110990793 110.140724182
-0.111942276 0.023262475 0.993442357 63.160285950 0.011684543 0.999687612 -0.022092089 -4.567290306 -0.993646026 0.009134882 -0.112179145 110.053909302
-0.112584025 0.024192758 0.993347585 63.903732300 0.012508722 0.999658823 -0.022928754 -4.593516827 -0.993563533 0.009844095 -0.112848237 109.972221375
-0.112677127 0.021964077 0.993388832 64.658485413 0.010796742 0.999723613 -0.020879500 -4.622682571 -0.993573010 0.008372719 -0.112883143 109.882179260
-0.112342842 0.016426986 0.993533671 65.412185669 0.011030884 0.999822378 -0.015283656 -4.651241302 -0.993608296 0.009242547 -0.112504110 109.797981262
-0.113006607 0.015170185 0.993478358 66.162796021 0.013317162 0.999816656 -0.013752164 -4.673482418 -0.993505001 0.011676227 -0.113187917 109.717803955
-0.113631502 0.014754089 0.993413329 66.917098999 0.013480616 0.999820590 -0.013307269 -4.697586536 -0.993431628 0.011879698 -0.113809988 109.632003784
-0.115390450 0.015253781 0.993203104 67.663124084 0.011889987 0.999831676 -0.013974205 -4.723316193 -0.993248999 0.010196682 -0.115552403 109.553810120
-0.117548928 0.016252646 0.992934048 68.398185730 0.011170918 0.999824464 -0.015042955 -4.744284630 -0.993004262 0.009323702 -0.117709845 109.471572876
-0.119996622 0.016427021 0.992638350 69.141090393 0.012436809 0.999809444 -0.015042256 -4.767930508 -0.992696404 0.010540235 -0.120178044 109.385086060
-0.121722810 0.016643172 0.992424607 69.881843567 0.012737248 0.999803245 -0.015204668 -4.789215088 -0.992482364 0.010790003 -0.121910855 109.294525146
-0.123599946 0.016379293 0.992196918 70.628997803 0.012785702 0.999807060 -0.014912178 -4.812084675 -0.992249727 0.010842790 -0.123785518 109.199645996
-0.125227109 0.016593292 0.991989315 71.376655579 0.010549953 0.999825835 -0.015392566 -4.835124016 -0.992071986 0.008537876 -0.125380367 109.110305786
-0.126325503 0.018113203 0.991823375 72.127143860 0.010368667 0.999802828 -0.016938301 -4.859164715 -0.991934597 0.008144147 -0.126488447 109.018882751
-0.127014607 0.018623360 0.991725922 72.889915466 0.010055934 0.999796629 -0.017487010 -4.879351616 -0.991849780 0.007751625 -0.127176091 108.925918579
-0.128588721 0.018662060 0.991522312 73.654418945 0.009032711 0.999803603 -0.017646490 -4.904687881 -0.991656840 0.006686995 -0.128732041 108.831848145
-0.129728541 0.017385544 0.991397202 74.438430786 0.009640318 0.999821067 -0.016271804 -4.920677185 -0.991502702 0.007446467 -0.129872918 108.737304688
-0.130679026 0.014966552 0.991311729 75.220214844 0.007609192 0.999871671 -0.014092715 -4.943876743 -0.991395533 0.005701460 -0.130776137 108.639823914
-0.132777065 0.013049868 0.991059959 76.008728027 0.003921401 0.999912381 -0.012641068 -4.962379932 -0.991138160 0.002207901 -0.132816598 108.547721863
-0.134587616 0.012420493 0.990823805 76.789192200 0.005654616 0.999914706 -0.011766362 -4.984571457 -0.990885556 0.004019122 -0.134646386 108.435356140
-0.136036307 0.013286868 0.990614712 77.585670471 0.006991965 0.999898016 -0.012451208 -5.003338337 -0.990679145 0.005232527 -0.136115342 108.329017639
-0.138518289 0.014748506 0.990250051 78.380439758 0.006452977 0.999881327 -0.013989295 -5.021849632 -0.990338922 0.004452287 -0.138597041 108.220046997
-0.140089825 0.017763399 0.989979386 79.175849915 0.007752743 0.999828041 -0.016843043 -5.053300381 -0.990108490 0.005315518 -0.140203461 108.111824036
-0.140185267 0.021839838 0.989884377 79.986602783 0.009854035 0.999737918 -0.020661730 -5.075867176 -0.990076244 0.006857885 -0.140363768 107.994361877
-0.141448647 0.025459334 0.989618182 80.792137146 0.010636490 0.999650598 -0.024197133 -5.114495277 -0.989888489 0.007103411 -0.141670018 107.872673035
-0.141358346 0.026884703 0.989593387 81.617858887 0.012825790 0.999596894 -0.025324378 -5.141008854 -0.989875376 0.009112504 -0.141646191 107.757385254
-0.140595272 0.026025416 0.989725113 82.446937561 0.016159246 0.999581575 -0.023989104 -5.174293041 -0.989935338 0.012620455 -0.140957028 107.636405945
-0.140311658 0.023964420 0.989817441 83.277679443 0.016898027 0.999619365 -0.021806357 -5.206485271 -0.989963233 0.013666273 -0.140663251 107.514686584
-0.139191344 0.022547338 0.990008831 84.125358582 0.016040452 0.999660909 -0.020511942 -5.235308170 -0.990135610 0.013025103 -0.139505863 107.401420593
-0.138220727 0.019871008 0.990202069 84.973999023 0.015612139 0.999718189 -0.017882705 -5.265763283 -0.990278423 0.012987412 -0.138492003 107.301971436
-0.136870340 0.016635220 0.990449250 85.830154419 0.016089795 0.999764442 -0.014568222 -5.292070389 -0.990458369 0.013942169 -0.137105763 107.193542480
-0.135254025 0.013211522 0.990722895 86.680000305 0.016405556 0.999803841 -0.011092925 -5.319214344 -0.990675151 0.014752998 -0.135444269 107.079597473
-0.133296326 0.013145206 0.990989029 87.527572632 0.014446758 0.999831557 -0.011319292 -5.344349384 -0.990970969 0.012807758 -0.133463755 106.970634460
-0.132026717 0.017345704 0.991094351 88.380203247 0.014984427 0.999767482 -0.015501382 -5.372012138 -0.991132975 0.012804383 -0.132255942 106.861022949
-0.130035624 0.023689799 0.991226196 89.228286743 0.016187441 0.999632001 -0.021767115 -5.398619652 -0.991377175 0.013214916 -0.130371258 106.751708984
-0.128509328 0.026956214 0.991341829 90.073623657 0.014070797 0.999579430 -0.025356190 -5.426036835 -0.991608500 0.010690464 -0.128834620 106.646339417
-0.127274096 0.024366595 0.991568267 90.937484741 0.012794265 0.999655366 -0.022923108 -5.457530022 -0.991785049 0.009768870 -0.127542004 106.543785095
