1.000000000 -0.000000000 0.000000000 0.000000000 -0.000000000 1.000000000 0.000000000 0.000000000 0.000000000 0.000000000 1.000000000 0.000000000
0.999997318 0.001041065 0.002068865 -0.009312394 -0.001038841 0.999998868 -0.001075466 -0.016913425 -0.002069983 0.001073314 0.999997258 1.206120610
0.999979556 0.001828202 0.006127616 -0.052399516 -0.001820769 0.999997616 -0.001218398 -0.028853428 -0.006129829 0.001207216 0.999980450 2.411167622
0.999971390 0.001473684 0.007416924 -0.051641792 -0.001466450 0.999998450 -0.000980705 -0.047293752 -0.007418357 0.000969801 0.999971986 3.609830379
0.999963224 0.001374574 0.008461985 -0.047585856 -0.001365212 0.999998391 -0.001112012 -0.068047903 -0.008463500 0.001100419 0.999963582 4.809422493
0.999956071 0.001254131 0.009283723 -0.043665886 -0.001247054 0.999998868 -0.000768103 -0.091248199 -0.009284676 0.000756492 0.999956608 6.009637833
0.999949992 0.001524296 0.009891776 -0.033299755 -0.001506889 0.999997377 -0.001766971 -0.113790832 -0.009894444 0.001751977 0.999949455 7.208285809
0.999938905 0.001132314 0.010993200 -0.030646805 -0.001110055 0.999997258 -0.002030672 -0.137857750 -0.010995472 0.002018345 0.999937475 8.389889717
0.999936581 0.000954538 0.011216210 -0.023890397 -0.000947649 0.999999344 -0.000619435 -0.160235971 -0.011216794 0.000608766 0.999936879 9.586396217
0.999950230 0.000476582 0.009959898 -0.021092450 -0.000480674 0.999999702 0.000408429 -0.183619514 -0.009959702 -0.000413196 0.999950349 10.775837898
0.999970198 -0.001014904 0.007649176 -0.017271450 0.001014796 0.999999464 0.000018054 -0.207777619 -0.007649191 -0.000010291 0.999970734 11.986324310
0.999982238 -0.000718246 0.005909201 -0.023441222 0.000720660 0.999999642 -0.000406406 -0.226340190 -0.005908907 0.000410657 0.999982417 13.184790611
0.999990165 -0.000760577 0.004371429 -0.016258767 0.000763115 0.999999464 -0.000578818 -0.250152826 -0.004370987 0.000582148 0.999990225 14.379255295
0.999993563 0.000577030 0.003550022 -0.015216376 -0.000574471 0.999999583 -0.000722058 -0.273060381 -0.003550437 0.000720014 0.999993443 15.567032814
0.999995112 0.000415988 0.003109499 -0.018493017 -0.000414059 0.999999762 -0.000621093 -0.293598980 -0.003109756 0.000619802 0.999994934 16.766033173
0.999997497 -0.000612519 0.002174666 -0.016774843 0.000613164 0.999999702 -0.000295859 -0.314203978 -0.002174484 0.000297192 0.999997616 17.957456589
0.999997914 -0.000456440 0.001988822 -0.016962562 0.000456397 0.999999821 0.000022505 -0.336418271 -0.001988832 -0.000021597 0.999997973 19.139432907
0.999999642 -0.000196734 0.000691926 -0.016453059 0.000197313 0.999999583 -0.000836918 -0.359569699 -0.000691761 0.000837054 0.999999404 20.335401535
0.999999106 -0.000806437 0.001057468 -0.033417713 0.000808345 0.999998033 -0.001805225 -0.382955670 -0.001056011 0.001806078 0.999997795 21.539821625
0.999999881 0.000387740 0.000288569 -0.037419368 -0.000387350 0.999998987 -0.001349609 -0.402700514 -0.000289092 0.001349497 0.999998987 22.739046097
0.999999881 0.000060174 -0.000260720 -0.051647983 -0.000060528 0.999999046 -0.001360258 -0.429936349 0.000260637 0.001360273 0.999998987 23.924661636
0.999999225 0.000164329 -0.001206788 -0.060279496 -0.000166757 0.999997914 -0.002012256 -0.452158183 0.001206454 0.002012456 0.999997258 25.117176056
0.999997437 0.000503530 -0.002205383 -0.065727174 -0.000505786 0.999999285 -0.001022665 -0.480964571 0.002204867 0.001023778 0.999996960 26.307771683
0.999995232 -0.001028940 -0.002900243 -0.073280506 0.001030944 0.999999166 0.000689629 -0.500853300 0.002899531 -0.000692615 0.999995470 27.512418747
0.999992251 -0.001137998 -0.003753533 -0.083760105 0.001140188 0.999999166 0.000581197 -0.521920562 0.003752868 -0.000585472 0.999992788 28.704320908
0.999987602 -0.001966119 -0.004573524 -0.093840867 0.001965199 0.999998033 -0.000205437 -0.544552028 0.004573918 0.000196446 0.999989510 29.905254364
0.999982953 -0.002059865 -0.005457011 -0.101955540 0.002053808 0.999997258 -0.001115188 -0.564710677 0.005459292 0.001103962 0.999984384 31.093456268
0.999979734 -0.001510576 -0.006187766 -0.118068531 0.001503915 0.999998271 -0.001080981 -0.583959162 0.006189386 0.001071653 0.999980271 32.288452148
0.999975085 -0.001752798 -0.006841280 -0.128271669 0.001749098 0.999998450 -0.000546639 -0.607375801 0.006842227 0.000534660 0.999976456 33.487766266
0.999967217 -0.002535690 -0.007690300 -0.139813632 0.002532945 0.999996781 -0.000366620 -0.631282687 0.007691205 0.000347129 0.999970317 34.675090790
0.999965250 -0.003011163 -0.007766346 -0.161155805 0.003009793 0.999995530 -0.000188204 -0.656077504 0.007766877 0.000164822 0.999969780 35.892688751
0.999962091 -0.003042364 -0.008159601 -0.177984849 0.003039186 0.999995291 -0.000401919 -0.675171554 0.008160787 0.000377105 0.999966621 37.097953796
0.999960601 -0.004018497 -0.007913599 -0.197091162 0.004021781 0.999991834 0.000399198 -0.703472197 0.007911928 -0.000431009 0.999968648 38.278587341
0.999962389 -0.003620167 -0.007870832 -0.205588639 0.003632315 0.999992132 0.001529704 -0.718205154 0.007865232 -0.001558236 0.999967873 39.482875824
0.999958456 -0.003262831 -0.008513013 -0.209063128 0.003283233 0.999991775 0.002383736 -0.741799116 0.008505164 -0.002411588 0.999960959 40.668071747
0.999960542 -0.002524898 -0.008514669 -0.220926628 0.002540631 0.999995053 0.001837378 -0.757811368 0.008509988 -0.001858938 0.999962091 41.867507935
0.999964416 -0.001628092 -0.008276207 -0.237549543 0.001642167 0.999997139 0.001694143 -0.773696363 0.008273427 -0.001707673 0.999964297 43.060756683
0.999970078 0.000722974 -0.007709640 -0.255114257 -0.000696157 0.999993682 0.003480500 -0.788694680 0.007712109 -0.003475028 0.999964237 44.284187317
0.999982834 0.000712048 -0.005813354 -0.270434201 -0.000673166 0.999977350 0.006687553 -0.811449111 0.005817986 -0.006683525 0.999960780 45.470024109
0.999991775 0.001181432 -0.003872385 -0.287959307 -0.001145342 0.999956012 0.009308893 -0.821057200 0.003883213 -0.009304383 0.999949217 46.666614532
0.999994636 0.001788408 -0.002724153 -0.284705937 -0.001753292 0.999916017 0.012838670 -0.829753518 0.002746885 -0.012833827 0.999913931 47.868911743
0.999999285 0.000900105 -0.000757143 -0.309327483 -0.000889412 0.999901533 0.014006343 -0.839291990 0.000769675 -0.014005659 0.999901593 49.070991516
0.999999404 -0.000900659 0.000450105 -0.307504028 0.000894913 0.999920189 0.012605321 -0.843674242 -0.000461422 -0.012604910 0.999920428 50.282348633
0.999997914 0.000523470 0.002030185 -0.317330718 -0.000545593 0.999940336 0.010911713 -0.849267423 -0.002024352 -0.010912797 0.999938369 51.474330902
0.999996126 0.000726812 0.002689372 -0.319925249 -0.000754752 0.999945641 0.010402858 -0.854450703 -0.002681665 -0.010404848 0.999942303 52.683902740
0.999994814 0.000337787 0.003201060 -0.332201689 -0.000370213 0.999948621 0.010134414 -0.865535796 -0.003197473 -0.010135546 0.999943495 53.874130249
0.999996841 -0.000738094 0.002391647 -0.326213568 0.000716895 0.999960542 0.008852398 -0.876767337 -0.002398087 -0.008850655 0.999957979 55.102943420
0.999999821 -0.000429651 0.000530905 -0.328305393 0.000424685 0.999956489 0.009318541 -0.883058488 -0.000534886 -0.009318313 0.999956429 56.316982269
0.999999523 -0.000966237 -0.000548945 -0.339816242 0.000971984 0.999943674 0.010567249 -0.898412168 0.000538702 -0.010567779 0.999943972 57.515830994
0.999997497 -0.001508278 -0.001645418 -0.343846649 0.001525964 0.999940455 0.010801006 -0.906153500 0.001629029 -0.010803494 0.999940276 58.724040985
0.999996483 0.000091757 -0.002631359 -0.350015223 -0.000062729 0.999939084 0.011029761 -0.920976341 0.002632209 -0.011029558 0.999935687 59.920486450
0.999993980 0.000491394 -0.003414852 -0.356240481 -0.000454833 0.999942601 0.010698866 -0.926975489 0.003419913 -0.010697251 0.999936938 61.124713898
0.999994636 -0.000760391 -0.003153475 -0.370509744 0.000792749 0.999946892 0.010272339 -0.938473642 0.003145496 -0.010274786 0.999942243 62.327896118
0.999992430 -0.001805569 -0.003439914 -0.378110856 0.001837920 0.999953866 0.009424819 -0.948808134 0.003422738 -0.009431072 0.999949634 63.537590027
0.999989867 -0.002244918 -0.003879437 -0.383309603 0.002287021 0.999938130 0.010882720 -0.964371443 0.003854767 -0.010891486 0.999933243 64.730155945
0.999988914 -0.002231482 -0.004126028 -0.392037153 0.002281140 0.999924541 0.012070074 -0.965394616 0.004098783 -0.012079354 0.999918640 65.935104370
0.999988794 -0.001972814 -0.004293905 -0.407792538 0.002019674 0.999938130 0.010936369 -0.985567510 0.004272062 -0.010944921 0.999930918 67.127098083
0.999992907 0.000013018 -0.003772714 -0.427746654 0.000023736 0.999952495 0.009741773 -0.993731916 0.003772661 -0.009741793 0.999945402 68.325103760
0.999990582 0.001762686 -0.003954245 -0.436229706 -0.001722285 0.999946535 0.010197295 -1.005628347 0.003972007 -0.010190388 0.999940157 69.523056030
0.999983788 0.004177222 -0.003857790 -0.447112054 -0.004136845 0.999937236 0.010415826 -1.014783382 0.003901057 -0.010399698 0.999938250 70.710060120
0.999980509 0.005240899 -0.003370150 -0.464843273 -0.005203890 0.999927044 0.010898011 -1.023409486 0.003427019 -0.010880259 0.999934852 71.910003662
0.999980867 0.005776069 -0.002220972 -0.476302058 -0.005749711 0.999915123 0.011696248 -1.030718207 0.002288341 -0.011683253 0.999929070 73.103096008
0.999970019 0.007727196 -0.000316855 -0.483001351 -0.007722794 0.999896765 0.012108112 -1.034509420 0.000410383 -0.012105303 0.999926567 74.297546387
0.999978065 0.006321444 0.001998566 -0.477606654 -0.006341964 0.999925494 0.010433518 -1.050098658 -0.001932462 -0.010445964 0.999943554 75.474761963
0.999985158 0.003565393 0.004136783 -0.473080128 -0.003586109 0.999981046 0.005011179 -1.057411313 -0.004118836 -0.005025939 0.999978840 76.648880005
0.999962389 0.004694217 0.007293990 -0.473740637 -0.004730304 0.999976754 0.004938076 -1.073376417 -0.007270640 -0.004972392 0.999961197 77.829368591
0.999946654 0.003506785 0.009716384 -0.463330656 -0.003590638 0.999956429 0.008626047 -1.088675618 -0.009685710 -0.008660475 0.999915600 79.012718201
0.999906361 0.004037294 0.013077360 -0.452293426 -0.004164009 0.999944448 0.009676925 -1.098595738 -0.013037566 -0.009730470 0.999867678 80.190589905
0.999842703 0.004323466 0.017204285 -0.438887000 -0.004459863 0.999958873 0.007897594 -1.108808398 -0.017169433 -0.007973079 0.999820828 81.358406067
0.999776244 0.003014904 0.020938216 -0.420817971 -0.003119551 0.999982834 0.004967014 -1.124326110 -0.020922879 -0.005031220 0.999768436 82.528236389
0.999704063 0.001569699 0.024276607 -0.395394593 -0.001609303 0.999997556 0.001611943 -1.141418576 -0.024274012 -0.001650534 0.999703944 83.691352844
0.999612629 0.001201015 0.027804837 -0.367342323 -0.001220046 0.999999106 0.000667483 -1.158896089 -0.027804006 -0.000701148 0.999613166 84.846313477
0.999509215 0.000809827 0.031315204 -0.334700346 -0.000884995 0.999996781 0.002386601 -1.179388762 -0.031313170 -0.002413143 0.999506712 86.020301819
0.999380529 0.002091173 0.035129718 -0.304115623 -0.002206930 0.999992371 0.003256685 -1.203950286 -0.035122633 -0.003332197 0.999377429 87.187797546
0.999239802 0.001523107 0.038955592 -0.263215840 -0.001552810 0.999998510 0.000732228 -1.219949722 -0.038954418 -0.000792162 0.999240696 88.341278076
0.999118388 0.001279813 0.041963406 -0.215733290 -0.001221615 0.999998212 -0.001412490 -1.241473913 -0.041965138 0.001359982 0.999118209 89.489532471
0.998967528 0.001626046 0.045400169 -0.170709908 -0.001545455 0.999997199 -0.001810166 -1.259582877 -0.045402981 0.001738133 0.998967230 90.662826538
0.998832285 0.001017389 0.048300855 -0.118994676 -0.000984470 0.999999285 -0.000705319 -1.277717590 -0.048301540 0.000656944 0.998832583 91.820426941
0.998686492 -0.000384032 0.051236931 -0.067586772 0.000338637 0.999999642 0.000894670 -1.301832557 -0.051237252 -0.000876144 0.998686075 92.982620239
0.998548508 -0.001272097 0.053843211 -0.005488961 0.001136715 0.999996126 0.002544931 -1.317421079 -0.053846236 -0.002480033 0.998546124 94.144409180
0.998419583 -0.002875515 0.056125067 0.063248642 0.002688219 0.999990523 0.003412331 -1.332660794 -0.056134354 -0.003256062 0.998417914 95.305915833
0.998278499 -0.003771432 0.058530126 0.120241083 0.003710749 0.999992430 0.001145439 -1.350134015 -0.058534011 -0.000926277 0.998284996 96.452156067
0.998143971 -0.005075652 0.060686272 0.190949962 0.005233344 0.999983311 -0.002439824 -1.367847085 -0.060672875 0.002752888 0.998153925 97.607337952
0.998026729 -0.004074317 0.062658988 0.256175488 0.004398542 0.999977589 -0.005037364 -1.389021397 -0.062637068 0.005303032 0.998022318 98.767837524
0.997914612 -0.004309041 0.064403445 0.330838293 0.004711301 0.999970317 -0.006095373 -1.411345482 -0.064375274 0.006386086 0.997905374 99.940925598
0.997906327 -0.004092322 0.064545967 0.407138139 0.004453439 0.999975204 -0.005451864 -1.433528543 -0.064522058 0.005727901 0.997899950 101.119209290
0.997937143 -0.004346019 0.064049974 0.472549677 0.004588107 0.999982774 -0.003633052 -1.462026715 -0.064033084 0.003919425 0.997940063 102.305091858
0.998021245 -0.004658083 0.062703706 0.540284038 0.004805285 0.999985993 -0.002196987 -1.482231021 -0.062692590 0.002493949 0.998029768 103.498878479
0.998120725 -0.004185801 0.061135311 0.599646389 0.004272978 0.999990106 -0.001295306 -1.503241777 -0.061129279 0.001554101 0.998128653 104.690322876
0.998288810 -0.004170182 0.058326010 0.670193136 0.004235907 0.999990523 -0.001003259 -1.519845247 -0.058321275 0.001248606 0.998297095 105.897178650
0.998444319 -0.003547376 0.055643450 0.725174904 0.003607816 0.999992967 -0.000985810 -1.539993405 -0.055639561 0.001185028 0.998450220 107.096275330
0.998645663 -0.002026941 0.051987708 0.776088893 0.002109365 0.999996483 -0.001530631 -1.555877328 -0.051984429 0.001638219 0.998646557 108.297904968
0.998842597 -0.002020333 0.048056446 0.830066741 0.002079381 0.999997258 -0.001178776 -1.574436784 -0.048053928 0.001277339 0.998843849 109.498199463
0.999037206 -0.001811629 0.043833531 0.886100173 0.001819609 0.999998391 -0.000142158 -1.594650507 -0.043833196 0.000221781 0.999038756 110.728622437
0.999215245 -0.001151716 0.039592717 0.925491512 0.001125713 0.999999106 0.000679061 -1.614730954 -0.039593466 -0.000633958 0.999215603 111.930351257
0.999381006 -0.001046102 0.035161670 0.960836887 0.001006101 0.999998748 0.001155301 -1.630923986 -0.035162836 -0.001119210 0.999380946 113.147491455
0.999546409 -0.000569904 0.030110821 0.996052086 0.000533721 0.999999106 0.001209680 -1.646317482 -0.030111490 -0.001193061 0.999545813 114.367912292
0.999675810 0.000243134 0.025459440 1.015396833 -0.000273574 0.999999166 0.001192145 -1.668063760 -0.025459129 -0.001198723 0.999675095 115.597549438
0.999791801 0.000451584 0.020399908 1.032093644 -0.000473900 0.999999225 0.001089079 -1.687634706 -0.020399401 -0.001098519 0.999791265 116.821022034
0.999875069 0.001767463 0.015717154 1.048688293 -0.001769322 0.999998450 0.000104384 -1.705050349 -0.015716946 -0.000132180 0.999876499 118.039779663
0.999917388 0.003781694 0.012297411 1.056785464 -0.003783849 0.999992788 0.000151918 -1.725481033 -0.012296750 -0.000198437 0.999924302 119.279609680
0.999938667 0.005176086 0.009791265 1.067399621 -0.005179556 0.999986529 0.000329098 -1.745952010 -0.009789431 -0.000379793 0.999951959 120.502166748
0.999933064 0.006911370 0.009265736 1.062625647 -0.006910901 0.999976099 -0.000082643 -1.766245484 -0.009266086 0.000018603 0.999957025 121.755203247
0.999926031 0.008978345 0.008203020 1.066251755 -0.008981107 0.999959588 0.000299970 -1.785561800 -0.008199996 -0.000373620 0.999966264 122.998878479
0.999920011 0.010319354 0.007328660 1.062958360 -0.010327062 0.999946117 0.001014525 -1.803696632 -0.007317798 -0.001090127 0.999972522 124.238235474
0.999924481 0.010101804 0.007004999 1.058410525 -0.010111496 0.999947906 0.001349386 -1.819075346 -0.006991005 -0.001420115 0.999974489 125.484275818
0.999886215 0.013847677 0.005985641 1.057458520 -0.013868337 0.999897957 0.003424244 -1.837967515 -0.005937612 -0.003506866 0.999976277 126.731964111
0.999874651 0.014868069 0.005443047 1.052489042 -0.014904238 0.999866724 0.006666258 -1.852335811 -0.005343207 -0.006746547 0.999962986 127.986656189
0.999900877 0.013405938 0.004302180 1.062863350 -0.013432170 0.999890983 0.006128023 -1.865773916 -0.004219559 -0.006185202 0.999972105 129.246765137
0.999901533 0.013192008 0.004787880 1.040123105 -0.013213797 0.999902368 0.004547962 -1.876798511 -0.004727416 -0.004610781 0.999978244 130.506423950
0.999938548 0.010527667 0.003489257 1.048947215 -0.010546840 0.999929190 0.005522327 -1.887918711 -0.003430872 -0.005558787 0.999978721 131.761291504
0.999964535 0.008011884 0.002580178 1.049894094 -0.008030699 0.999940574 0.007365729 -1.900318861 -0.002521011 -0.007386189 0.999969542 133.025131226
0.999984384 0.004906635 0.002688532 1.043274403 -0.004931011 0.999946058 0.009135911 -1.908521175 -0.002643560 -0.009149026 0.999954641 134.276397705
0.999995291 0.002644335 0.001610589 1.051656365 -0.002660888 0.999942720 0.010363901 -1.919643283 -0.001583091 -0.010368138 0.999944985 135.538513184
0.999996483 -0.001296785 0.002324685 1.050124645 0.001277043 0.999963284 0.008473890 -1.928898335 -0.002335588 -0.008470889 0.999961376 136.805130005
0.999990821 -0.003827544 0.001950723 1.055641890 0.003812852 0.999964774 0.007480457 -1.937602639 -0.001979287 -0.007472948 0.999970138 138.076156616
0.999985993 -0.004626440 0.002603740 1.050427198 0.004607817 0.999964058 0.007113646 -1.946809411 -0.002636559 -0.007101549 0.999971330 139.346466064
0.999983490 -0.004917921 0.002938996 1.049563766 0.004896008 0.999960482 0.007417298 -1.956722140 -0.002975357 -0.007402786 0.999968231 140.623229980
0.999984086 -0.004474617 0.003431222 1.052047729 0.004441901 0.999945164 0.009483521 -1.967771530 -0.003473470 -0.009468130 0.999949098 141.895492554
0.999988437 -0.002409161 0.004173561 1.045721292 0.002363536 0.999937832 0.010902425 -1.976004362 -0.004199567 -0.010892435 0.999931812 143.172943115
0.999985039 -0.002690301 0.004769051 1.050212502 0.002646023 0.999953508 0.009266299 -1.987334967 -0.004793758 -0.009253539 0.999945700 144.466445923
0.999985397 -0.001878187 0.005090685 1.048594117 0.001839545 0.999969542 0.007584698 -1.999605060 -0.005104776 -0.007575221 0.999958336 145.737503052
0.999981225 -0.001895617 0.005835493 1.043804049 0.001861589 0.999981225 0.005830952 -2.023794651 -0.005846436 -0.005819978 0.999965966 147.018188477
0.999974966 -0.003295370 0.006251691 1.047826767 0.003289712 0.999994159 0.000915342 -2.031065464 -0.006254672 -0.000894753 0.999979973 148.303421021
0.999970555 -0.003051745 0.007031208 1.045670629 0.003070995 0.999991596 -0.002728626 -2.050961733 -0.007022822 0.002750138 0.999971509 149.582397461
0.999969065 -0.003585008 0.006984730 1.053405404 0.003611176 0.999986410 -0.003737283 -2.073905468 -0.006971238 0.003762391 0.999968529 150.852203369
0.999968052 -0.003480051 0.007185311 1.053642273 0.003505460 0.999987543 -0.003526562 -2.099144936 -0.007172950 0.003551637 0.999967933 152.120361328
0.999971390 -0.003162484 0.006859476 1.061765909 0.003180946 0.999991357 -0.002682203 -2.129854679 -0.006850934 0.002703946 0.999972880 153.388702393
0.999974132 -0.003254408 0.006411240 1.069508910 0.003266221 0.999992967 -0.001832759 -2.152894020 -0.006405232 0.001853653 0.999977767 154.650192261
0.999976039 -0.002038558 0.006608996 1.060594082 0.002046611 0.999997139 -0.001211837 -2.176069260 -0.006606507 0.001225334 0.999977410 155.926025391
0.999978602 -0.001678480 0.006307293 1.057611823 0.001686457 0.999997735 -0.001259622 -2.202833652 -0.006305165 0.001270232 0.999979258 157.198272705
0.999984980 -0.001529200 0.005272437 1.066424489 0.001536162 0.999997973 -0.001316571 -2.224067450 -0.005270414 0.001324651 0.999985218 158.460479736
0.999987602 -0.002240973 0.004469104 1.067349434 0.002240882 0.999997556 0.000025346 -2.248935223 -0.004469150 -0.000015331 0.999990046 159.731155396
0.999990702 -0.000817441 0.004239008 1.061098456 0.000816398 0.999999642 0.000247719 -2.269734383 -0.004239210 -0.000244256 0.999991000 161.007797241
0.999993742 -0.000700461 0.003477155 1.061423182 0.000703653 0.999999344 -0.000916742 -2.289751291 -0.003476511 0.000919183 0.999993503 162.275817871
0.999995947 -0.000212622 0.002840116 1.060247183 0.000217996 0.999998212 -0.001891836 -2.315785885 -0.002839708 0.001892447 0.999994218 163.535644531
0.999997795 0.000786027 0.001958176 1.059579730 -0.000782246 0.999997914 -0.001930392 -2.337825298 -0.001959689 0.001928856 0.999996245 164.797775269
0.999998868 0.000505595 0.001435076 1.050019741 -0.000501641 0.999996066 -0.002754090 -2.362863779 -0.001436461 0.002753367 0.999995172 166.073989868
0.999999523 0.000591600 0.000758236 1.045215487 -0.000588420 0.999991059 -0.004187896 -2.384876728 -0.000760706 0.004187448 0.999990940 167.345550537
0.999999583 0.000913838 0.000050430 1.039561391 -0.000913643 0.999992609 -0.003736240 -2.411004782 -0.000053845 0.003736192 0.999992967 168.613906860
0.999998808 0.001149807 -0.000973100 1.036019683 -0.001152006 0.999996781 -0.002262139 -2.438387394 0.000970494 0.002263258 0.999996901 169.889373779
0.999998689 0.001057313 -0.001228504 1.029118896 -0.001059492 0.999997854 -0.001774131 -2.465728521 0.001226624 0.001775430 0.999997675 171.148941040
0.999996781 0.001618293 -0.001935003 1.019057631 -0.001620973 0.999997735 -0.001384370 -2.488796711 0.001932759 0.001387502 0.999997139 172.419662476
0.999994636 0.001683906 -0.002822064 1.012095571 -0.001686702 0.999998033 -0.000988801 -2.515952587 0.002820394 0.000993556 0.999995530 173.697738647
0.999992192 0.002351053 -0.003175991 0.999643683 -0.002357270 0.999995351 -0.001955090 -2.536651611 0.003171381 0.001962561 0.999993026 174.952301025
0.999988496 0.003237279 -0.003527497 0.982701659 -0.003246967 0.999991059 -0.002744077 -2.557021618 0.003518582 0.002755499 0.999990046 176.220901489
0.999985576 0.003397308 -0.004179216 0.967630446 -0.003407665 0.999991298 -0.002473674 -2.577654839 0.004170775 0.002487879 0.999988198 177.477615356
0.999987185 0.003061156 -0.004031448 0.951222062 -0.003075258 0.999989092 -0.003496361 -2.604655266 0.004020701 0.003508714 0.999985754 178.733749390
0.999989748 0.002124660 -0.004006754 0.938497782 -0.002145485 0.999984086 -0.005200256 -2.627606153 0.003995643 0.005208799 0.999978483 180.000045776
0.999990404 -0.001230927 -0.004188657 0.931774259 0.001209472 0.999986172 -0.005120920 -2.654503345 0.004194905 0.005115805 0.999978125 181.258880615
0.999985278 -0.000938071 -0.005344508 0.928777158 0.000930470 0.999998569 -0.001424494 -2.678976774 0.005345838 0.001419501 0.999984682 182.526077271
0.999987721 -0.001762564 -0.004617008 0.909222543 0.001776512 0.999993861 0.003018765 -2.704057217 0.004611658 -0.003026930 0.999984682 183.786590576
0.999988317 -0.000458863 -0.004807720 0.900454521 0.000470731 0.999996841 0.002467737 -2.723008871 0.004806573 -0.002469971 0.999985337 185.046386719
0.999989033 0.000830908 -0.004609233 0.887922645 -0.000835107 0.999999225 -0.000909095 -2.738759041 0.004608473 0.000912935 0.999988914 186.279571533
0.999987543 0.001153040 -0.004838606 0.876675546 -0.001166151 0.999995649 -0.002707895 -2.762549400 0.004835461 0.002713504 0.999984622 187.525466919
0.999986172 0.000724152 -0.005221881 0.864541352 -0.000736359 0.999997020 -0.002336413 -2.790256023 0.005220173 0.002340226 0.999983549 188.773437500
0.999988258 0.000837200 -0.004777567 0.849711895 -0.000845629 0.999998212 -0.001762750 -2.809886456 0.004776080 0.001766769 0.999986947 190.018402100
0.999988139 0.000712976 -0.004801772 0.840036452 -0.000708451 0.999999225 0.000944041 -2.840499163 0.004802444 -0.000940628 0.999988019 191.272994995
0.999991119 -0.000281438 -0.004205222 0.830505192 0.000289450 0.999998093 0.001904548 -2.865699053 0.004204681 -0.001905749 0.999989331 192.524780273
0.999996722 0.000127973 -0.002528824 0.820958495 -0.000124863 0.999999166 0.001229757 -2.887332439 0.002528980 -0.001229437 0.999996066 193.758758545
0.999998569 -0.001154953 -0.001227302 0.812398851 0.001154757 0.999999344 -0.000160505 -2.908716440 0.001227487 0.000159087 0.999999225 194.996902466
0.999998868 -0.001389831 0.000351752 0.804159403 0.001390412 0.999997616 -0.001657227 -2.931381226 -0.000349448 0.001657714 0.999998510 196.222854614
0.999997258 -0.001832901 0.001440023 0.801240325 0.001836118 0.999995828 -0.002236398 -2.956420422 -0.001435918 0.002239036 0.999996483 197.441162109
0.999994099 -0.001864371 0.002875678 0.805377066 0.001868495 0.999997199 -0.001432252 -2.983141422 -0.002873000 0.001437617 0.999994874 198.647338867
0.999988616 -0.002151036 0.004262047 0.795361221 0.002149970 0.999997675 0.000254660 -3.004521132 -0.004262586 -0.000245494 0.999990821 199.885040283
0.999987066 -0.001216801 0.004930198 0.800780594 0.001212975 0.999999046 0.000778905 -3.030437946 -0.004931142 -0.000772914 0.999987483 201.095367432
0.999977291 -0.001460083 0.006572228 0.795276761 0.001456488 0.999998808 0.000551802 -3.048941612 -0.006573027 -0.000542217 0.999978244 202.306045532
0.999972582 -0.001573656 0.007224396 0.803029954 0.001572623 0.999998808 0.000148732 -3.062747717 -0.007224621 -0.000137367 0.999973893 203.513534546
0.999959230 -0.001401411 0.008919572 0.798236310 0.001393266 0.999998629 0.000919337 -3.097199440 -0.008920847 -0.000906872 0.999959767 204.702072144
0.999956310 -0.001168686 0.009269450 0.813390434 0.001163416 0.999999166 0.000573913 -3.116856813 -0.009270111 -0.000563104 0.999956846 205.899444580
0.999944329 -0.001343260 0.010465692 0.808392525 0.001332089 0.999998569 0.001074302 -3.146543980 -0.010467120 -0.001060301 0.999944627 207.070831299
0.999937356 -0.002318378 0.010950285 0.817510366 0.002308965 0.999996960 0.000872092 -3.162569284 -0.010952275 -0.000846754 0.999939620 208.237319946
0.999924600 -0.002267912 0.012071447 0.815934062 0.002248912 0.999996305 0.001587289 -3.186979055 -0.012075002 -0.001560022 0.999925911 209.391723633
0.999935567 -0.002770715 0.011005335 0.827624202 0.002739933 0.999992311 0.002811112 -3.209022999 -0.011013040 -0.002780776 0.999935508 210.514877319
0.999939203 -0.002497781 0.010741013 0.834309876 0.002470239 0.999993622 0.002576763 -3.231711626 -0.010747382 -0.002550074 0.999939024 211.629638672
0.999944687 -0.001947026 0.010328435 0.833132505 0.001929424 0.999996662 0.001714032 -3.252625942 -0.010331739 -0.001694009 0.999945164 212.738128662
0.999953210 -0.001635213 0.009533466 0.843080640 0.001628813 0.999998450 0.000678998 -3.271254539 -0.009534563 -0.000663438 0.999954283 213.822677612
0.999954045 -0.002046514 0.009359390 0.841367304 0.002039765 0.999997616 0.000730636 -3.293246269 -0.009360863 -0.000711512 0.999955893 214.895111084
0.999961913 -0.002539509 0.008339419 0.843917549 0.002533808 0.999996483 0.000694185 -3.314699650 -0.008341152 -0.000673028 0.999964952 215.957824707
0.999974906 -0.002968212 0.006423171 0.849441171 0.002958063 0.999994338 0.001588923 -3.338065863 -0.006427851 -0.001569883 0.999978065 217.002319336
0.999983788 -0.003741548 0.004296792 0.847766757 0.003728196 0.999988198 0.003111036 -3.358002186 -0.004308382 -0.003094966 0.999985933 218.042663574
0.999989629 -0.003690269 0.002658441 0.842309773 0.003678079 0.999982774 0.004575803 -3.375522852 -0.002675282 -0.004565977 0.999985993 219.088958740
0.999993384 -0.003609027 0.000066988 0.836733520 0.003608626 0.999979675 0.005253499 -3.399564505 -0.000085946 -0.005253224 0.999986172 220.079421997
0.999990880 -0.003593873 -0.002295841 0.830305159 0.003604731 0.999982238 0.004742869 -3.414071083 0.002278755 -0.004751102 0.999986112 221.074844360
0.999981046 -0.003121287 -0.005298198 0.820233047 0.003146950 0.999983370 0.004842462 -3.432012320 0.005282995 -0.004859045 0.999974191 222.047973633
0.999961257 -0.002188528 -0.008525040 0.811109006 0.002231507 0.999984741 0.005035245 -3.444207907 0.008513890 -0.005054073 0.999950945 222.995498657
0.999935627 -0.001890875 -0.011177944 0.790364921 0.001944123 0.999986768 0.004754662 -3.462297916 0.011168803 -0.004776087 0.999926209 223.924911499
0.999903142 -0.001687399 -0.013807887 0.767280936 0.001745434 0.999989629 0.004192052 -3.477934837 0.013800669 -0.004215747 0.999895871 224.834930420
0.999846995 -0.001857795 -0.017394938 0.750944197 0.001914602 0.999992847 0.003249601 -3.490801811 0.017388778 -0.003282407 0.999843419 225.716186523
0.999788940 -0.001471868 -0.020491770 0.726206660 0.001546003 0.999992311 0.003602427 -3.517938375 0.020486306 -0.003633347 0.999783576 226.567230225
0.999733388 -0.001058264 -0.023067031 0.696132481 0.001125885 0.999995053 0.002918706 -3.533693075 0.023063831 -0.002943898 0.999729753 227.398193359
0.999672651 0.000081056 -0.025587168 0.668460786 -0.000004841 0.999995649 0.002978722 -3.552451372 0.025587292 -0.002977622 0.999668300 228.216110229
0.999649525 0.001276792 -0.026441777 0.642821252 -0.001187461 0.999993563 0.003393885 -3.564559221 0.026445944 -0.003361297 0.999644637 229.022079468
0.999654710 0.001808007 -0.026213946 0.618940771 -0.001696258 0.999989390 0.004284581 -3.578915358 0.026221413 -0.004238636 0.999647081 229.807220459
0.999664724 0.001598369 -0.025842501 0.596128643 -0.001472481 0.999986887 0.004889683 -3.593265533 0.025849976 -0.004849991 0.999653995 230.568115234
0.999676883 0.001310780 -0.025380816 0.572919786 -0.001193790 0.999988616 0.004623963 -3.609197617 0.025386583 -0.004592170 0.999667048 231.313674927
0.999689281 0.002097192 -0.024839221 0.549507439 -0.002026043 0.999993801 0.002889235 -3.624697447 0.024845121 -0.002838011 0.999687254 232.048385620
0.999707401 0.001854714 -0.024118111 0.532493234 -0.001836858 0.999998093 0.000762506 -3.637791872 0.024119476 -0.000717981 0.999708831 232.778549194
0.999744594 0.001826884 -0.022529086 0.508789480 -0.001840255 0.999998212 -0.000572817 -3.654865742 0.022527996 0.000614129 0.999746025 233.500671387
0.999768436 0.002604957 -0.021361386 0.491300583 -0.002628051 0.999996006 -0.001053111 -3.665295362 0.021358561 0.001109006 0.999771297 234.235671997
0.999809384 0.002260133 -0.019393617 0.473545641 -0.002283307 0.999996722 -0.001172797 -3.679546833 0.019390905 0.001216855 0.999811232 234.955902100
0.999842763 0.002108908 -0.017606251 0.458826780 -0.002127275 0.999997258 -0.001024548 -3.697434187 0.017604040 0.001061840 0.999844491 235.662399292
0.999873877 0.002099884 -0.015742112 0.443839997 -0.002119643 0.999996960 -0.001238555 -3.711737633 0.015739463 0.001271766 0.999875307 236.384323120
0.999899328 0.001742821 -0.014081173 0.437807769 -0.001764275 0.999997318 -0.001511255 -3.727095604 0.014078502 0.001535946 0.999899685 237.093368530
0.999937952 0.001907590 -0.010970473 0.423604816 -0.001919338 0.999997616 -0.001060356 -3.740793705 0.010968423 0.001081346 0.999939263 237.807479858
0.999969542 0.000612580 -0.007773780 0.419444889 -0.000613770 0.999999881 -0.000150647 -3.756161928 0.007773685 0.000155414 0.999969721 238.509536743
0.999988854 -0.000044406 -0.004717667 0.412353396 0.000042511 0.999999940 -0.000401811 -3.765670061 0.004717681 0.000401606 0.999988794 239.203826904
0.999997795 -0.000571729 -0.002058235 0.414225608 0.000571310 0.999999821 -0.000204277 -3.781377554 0.002058350 0.000203101 0.999997854 239.903121948
0.999999285 -0.000598612 0.001093824 0.411365509 0.000599184 0.999999702 -0.000522630 -3.795010805 -0.001093512 0.000523285 0.999999285 240.585571289
0.999990165 -0.000966604 0.004326958 0.411042213 0.000969441 0.999999225 -0.000653649 -3.810517788 -0.004326323 0.000657837 0.999990463 241.286834717
0.999975026 -0.000185776 0.007068369 0.416451901 0.000197526 0.999998569 -0.001661578 -3.821632147 -0.007068051 0.001662933 0.999973714 241.976959229
0.999949276 0.000056830 0.010068423 0.421000987 -0.000033558 0.999997258 -0.002311532 -3.832777262 -0.010068527 0.002311077 0.999946713 242.672241211
0.999915361 0.000505329 0.013002780 0.426043153 -0.000490094 0.999999166 -0.001174845 -3.848709345 -0.013003363 0.001168372 0.999914765 243.369689941
0.999888361 0.000716282 0.014922769 0.438867509 -0.000708851 0.999999523 -0.000503280 -3.861249685 -0.014923124 0.000492646 0.999888480 244.074951172
0.999847114 0.000625585 0.017476831 0.447028488 -0.000607658 0.999999225 -0.001031098 -3.872151375 -0.017477462 0.001020320 0.999846756 244.778503418
0.999792278 0.000183005 0.020380629 0.451396823 -0.000133468 0.999997020 -0.002431930 -3.886687994 -0.020381013 0.002428705 0.999789357 245.480239868
0.999763012 0.000253342 0.021763802 0.472587347 -0.000145193 0.999987781 -0.004970661 -3.897971630 -0.021764793 0.004966325 0.999750733 246.202758789
0.999731839 0.000005718 0.023154428 0.484996587 0.000152264 0.999976873 -0.006821202 -3.909217119 -0.023153931 0.006822900 0.999708593 246.916549683
0.999738157 -0.000799588 0.022864806 0.504906833 0.000955107 0.999976456 -0.006791547 -3.928400517 -0.022858838 0.006811607 0.999715447 247.641189575
0.999740660 -0.002244521 0.022656817 0.522143185 0.002409130 0.999970913 -0.007240646 -3.945314407 -0.022639906 0.007293352 0.999717057 248.372131348
0.999734581 -0.000167905 0.023035016 0.533785045 0.000343759 0.999970853 -0.007630438 -3.960606337 -0.023033064 0.007636332 0.999705493 249.101409912
0.999723613 0.000460659 0.023502674 0.545957148 -0.000269916 0.999967039 -0.008118302 -3.976409912 -0.023505636 0.008109715 0.999690831 249.837631226
0.999718547 -0.000832755 0.023706481 0.562603176 0.001068692 0.999949992 -0.009941461 -3.993183613 -0.023697013 0.009963998 0.999669552 250.584533691
0.999694645 -0.004471806 0.024301458 0.579092741 0.004766128 0.999915838 -0.012066937 -4.012324333 -0.024245454 0.012179077 0.999631822 251.329864502
0.999664009 -0.007644849 0.024768926 0.601251066 0.007966699 0.999884784 -0.012921562 -4.028268814 -0.024667291 0.013114547 0.999609709 252.097259521
0.999665141 -0.005199636 0.025350466 0.617119670 0.005431640 0.999943972 -0.009091601 -4.042940617 -0.025301771 0.009226250 0.999637306 252.877258301
0.999663830 -0.001615675 0.025877805 0.626039386 0.001696577 0.999993861 -0.003104634 -4.054666519 -0.025872627 0.003147495 0.999660254 253.656341553
0.999644995 -0.002538858 0.026524583 0.648050964 0.002523529 0.999996603 0.000611394 -4.075038433 -0.026526049 -0.000544240 0.999647975 254.441528320
0.999571919 -0.003632522 0.029032560 0.670835853 0.003687343 0.999991596 -0.001834909 -4.085156918 -0.029025650 0.001941177 0.999576747 255.248458862
0.999437690 -0.002720628 0.033422876 0.687154353 0.002987606 0.999963999 -0.007940521 -4.098673820 -0.033400070 0.008035910 0.999409735 256.040100098
0.999319315 -0.000598366 0.036884163 0.717217803 0.001027741 0.999931931 -0.011623289 -4.110898018 -0.036874700 0.011653287 0.999251962 256.851409912
0.999210179 0.001407493 0.039713185 0.748716950 -0.000947599 0.999932349 -0.011596842 -4.125737667 -0.039726827 0.011550050 0.999143779 257.671905518
0.999069512 -0.000479652 0.043126110 0.780752242 0.000892032 0.999954104 -0.009543452 -4.143267155 -0.043119546 0.009573042 0.999024093 258.504302979
0.998926997 -0.003159803 0.046203874 0.825239003 0.003424757 0.999978125 -0.005656417 -4.167383671 -0.046184991 0.005808585 0.998916030 259.343780518
0.998778224 -0.005744150 0.049081720 0.866196573 0.005977159 0.999971569 -0.004601900 -4.180212498 -0.049053892 0.004889647 0.998784184 260.185363770
0.998629928 -0.005723304 0.052014060 0.907854259 0.005934801 0.999974728 -0.003912607 -4.199500561 -0.051990356 0.004215940 0.998638690 261.019958496
0.998503685 -0.002761562 0.054614156 0.946109593 0.003087895 0.999977887 -0.005891779 -4.217078686 -0.054596677 0.006051607 0.998490155 261.863616943
0.998371720 -0.001620239 0.057020880 0.988569021 0.002088575 0.999964535 -0.008154775 -4.232576847 -0.057005648 0.008260588 0.998339713 262.697326660
0.998215079 -0.001018117 0.059712797 1.032182217 0.001520080 0.999963820 -0.008361472 -4.249553680 -0.059702128 0.008437315 0.998180628 263.541198730
0.998048186 -0.001371203 0.062433992 1.084876180 0.001752370 0.999980152 -0.006050765 -4.275630951 -0.062424455 0.006148363 0.998030722 264.400024414
0.997883022 0.000066180 0.065034389 1.138928533 0.000211029 0.999990940 -0.004255612 -4.298677921 -0.065034077 0.004260327 0.997873962 265.240356445
0.997662425 0.001121440 0.068326712 1.185752273 -0.000816983 0.999989688 -0.004483686 -4.312965870 -0.068331033 0.004417384 0.997652948 266.094696045
0.997472107 0.001512536 0.071043067 1.250774503 -0.001125540 0.999984324 -0.005487063 -4.323404312 -0.071050249 0.005393230 0.997458160 266.949462891
0.997312069 -0.000391470 0.073269874 1.316165328 0.000850113 0.999980330 -0.006228559 -4.338350773 -0.073265985 0.006274105 0.997292757 267.798858643
0.997145414 -0.003090113 0.075441837 1.368953228 0.003530086 0.999977529 -0.005699283 -4.352369308 -0.075422533 0.005949330 0.997133911 268.636352539
0.997114420 -0.003767064 0.075819671 1.448836207 0.004187727 0.999976754 -0.005389987 -4.376760006 -0.075797595 0.005691946 0.997107029 269.494873047
0.997037232 -0.005395832 0.076730855 1.504121900 0.005820903 0.999968886 -0.005317173 -4.397964954 -0.076699778 0.005748064 0.997037709 270.363647461
0.997051060 -0.004924766 0.076583244 1.573375702 0.005354905 0.999970973 -0.005412276 -4.411503792 -0.076554365 0.005806412 0.997048557 271.213378906
0.997065604 -0.005014258 0.076387569 1.631423354 0.005362443 0.999976158 -0.004353701 -4.438255310 -0.076363914 0.004750550 0.997068703 272.074188232
0.997084022 -0.004828890 0.076158129 1.689810038 0.005161295 0.999977946 -0.004168446 -4.453700542 -0.076136321 0.004549365 0.997087061 272.924194336
0.997196198 -0.004687932 0.074685790 1.767190218 0.005068074 0.999975085 -0.004901196 -4.472420692 -0.074660964 0.005265967 0.997195065 273.819641113
0.997310400 -0.004571614 0.073151544 1.825537205 0.005009326 0.999970615 -0.005801287 -4.491634846 -0.073122874 0.006152123 0.997303963 274.671661377
0.997426629 -0.004262594 0.071567737 1.886369228 0.004734905 0.999968052 -0.006431148 -4.512071609 -0.071538046 0.006753465 0.997415006 275.542938232
0.997531593 -0.003010015 0.070153832 1.938805223 0.003517791 0.999968469 -0.007115625 -4.527003765 -0.070130199 0.007344848 0.997510791 276.397674561
0.997666001 -0.001664249 0.068261556 1.992141604 0.002152527 0.999972582 -0.007080117 -4.552145004 -0.068247885 0.007210528 0.997642338 277.250701904
0.997825801 -0.001148886 0.065895267 2.045063257 0.001588374 0.999976873 -0.006617493 -4.569563389 -0.065886125 0.006707772 0.997804582 278.096069336
0.998001873 -0.001185580 0.063173600 2.092307329 0.001513129 0.999985635 -0.005137303 -4.589637280 -0.063166611 0.005222628 0.997989297 278.957641602
0.998259485 -0.002664926 0.058916517 2.138197422 0.002826007 0.999992430 -0.002650894 -4.609627724 -0.058909014 0.002812779 0.998259366 279.797943115
0.998555660 -0.004566758 0.053532589 2.186450958 0.004605765 0.999989092 -0.000605321 -4.632806778 -0.053529251 0.000851005 0.998565853 280.647766113
0.998772144 -0.004668163 0.049318943 2.220163822 0.004649729 0.999988973 0.000488450 -4.647188187 -0.049320687 -0.000258530 0.998782992 281.491210938
0.998997569 -0.004503748 0.044538900 2.249432564 0.004479814 0.999989629 0.000637175 -4.657254696 -0.044541314 -0.000437011 0.999007523 282.310333252
0.999185860 -0.005200086 0.040006638 2.279831409 0.005144824 0.999985635 0.001484080 -4.674767971 -0.040013772 -0.001277045 0.999198318 283.125976562
0.999358356 -0.005934599 0.035323761 2.302081347 0.005888971 0.999981642 0.001395587 -4.686313629 -0.035331395 -0.001186670 0.999374926 283.925750732
0.999492884 -0.006444878 0.031182759 2.324520111 0.006411445 0.999978721 0.001172033 -4.701611996 -0.031189648 -0.000971512 0.999512970 284.714782715
0.999610603 -0.006046831 0.027240247 2.343290329 0.006023689 0.999981403 0.000931539 -4.716232777 -0.027245374 -0.000767090 0.999628484 285.486175537
0.999708533 -0.005834312 0.023425059 2.354195118 0.005813483 0.999982595 0.000957176 -4.732514858 -0.023430238 -0.000820715 0.999725163 286.232482910
