1.000000000 -0.000000000 0.000000000 0.000000000 -0.000000000 1.000000000 0.000000000 0.000000000 0.000000000 0.000000000 1.000000000 0.000000000
0.999997318 0.001047087 0.002075759 -0.009601474 -0.001044863 0.999998868 -0.001072128 -0.016852036 -0.002076880 0.001069957 0.999997258 1.206069469
0.999984086 0.001703963 0.005381080 -0.049934007 -0.001703866 0.999998569 -0.000022716 -0.047876868 -0.005381111 0.000013547 0.999985516 2.403640747
0.999976218 0.001282927 0.006773204 -0.050383583 -0.001284762 0.999999106 0.000266587 -0.066271156 -0.006772857 -0.000275283 0.999977052 3.603201151
0.999969721 0.001111941 0.007714983 -0.046463128 -0.001112940 0.999999404 0.000125232 -0.084947363 -0.007714839 -0.000133815 0.999970317 4.797111511
0.999962747 0.000782221 0.008596889 -0.044617437 -0.000783807 0.999999702 0.000181214 -0.106514834 -0.008596744 -0.000187945 0.999962986 5.995536327
0.999957025 0.001112664 0.009204919 -0.035721861 -0.001105990 0.999999225 -0.000730092 -0.128044367 -0.009205725 0.000719880 0.999957263 7.195842743
0.999941826 0.001132951 0.010724726 -0.048470065 -0.001125547 0.999999046 -0.000696341 -0.158214718 -0.010725506 0.000684229 0.999942243 8.375854492
0.999940872 0.000761875 0.010856382 -0.041178629 -0.000771895 0.999999344 0.000918766 -0.179698229 -0.010855675 -0.000927091 0.999940574 9.567787170
0.999950707 -0.000372231 0.009923431 -0.046082258 0.000349982 0.999997377 0.002243696 -0.213407114 -0.009924240 -0.002240112 0.999948263 10.773205757
0.999970496 -0.001443474 0.007545831 -0.041901395 0.001430365 0.999997497 0.001742343 -0.233031154 -0.007548327 -0.001731499 0.999970078 11.974358559
0.999982059 -0.000970976 0.005934978 -0.047126189 0.000963893 0.999998748 0.001196269 -0.250804991 -0.005936133 -0.001190527 0.999981701 13.145830154
0.999989808 -0.000988405 0.004412658 -0.044945233 0.000983151 0.999998808 0.001192540 -0.269644260 -0.004413831 -0.001188189 0.999989629 14.341618538
0.999993384 0.000200646 0.003630752 -0.053635698 -0.000204726 0.999999344 0.001123363 -0.295172632 -0.003630523 -0.001124099 0.999992847 15.541467667
0.999994040 0.000081418 0.003450947 -0.056456238 -0.000086205 0.999999046 0.001387168 -0.316984802 -0.003450831 -0.001387458 0.999993086 16.728080750
0.999995947 -0.000532556 0.002788390 -0.058571003 0.000527020 0.999997914 0.001985654 -0.336241364 -0.002789441 -0.001984176 0.999994099 17.924280167
0.999996364 -0.001542571 0.002186758 -0.057540353 0.001537919 0.999996543 0.002127520 -0.354421556 -0.002190031 -0.002124150 0.999995351 19.117692947
0.999998212 -0.000035254 0.001878484 -0.068426095 0.000032803 0.999999166 0.001304916 -0.377652198 -0.001878529 -0.001304853 0.999997377 20.319446564
0.999999225 -0.000350494 0.001209462 -0.069541544 0.000349746 0.999999762 0.000618854 -0.397846013 -0.001209678 -0.000618431 0.999999166 21.514987946
0.999999583 0.000360573 0.000869643 -0.088725433 -0.000361207 0.999999702 0.000727971 -0.413327217 -0.000869380 -0.000728285 0.999999344 22.718976974
0.999999762 -0.000271863 0.000639632 -0.104325362 0.000271553 0.999999821 0.000485652 -0.431027740 -0.000639764 -0.000485478 0.999999642 23.923658371
0.999999344 -0.000686615 -0.000823517 -0.103712074 0.000686771 0.999999762 0.000189561 -0.463445693 0.000823386 -0.000190126 0.999999642 25.094985962
0.999998569 -0.000032447 -0.001660743 -0.115959734 0.000033739 0.999999702 0.000777423 -0.480419159 0.001660718 -0.000777478 0.999998331 26.294471741
0.999995589 -0.001617800 -0.002499736 -0.119822301 0.001623723 0.999995828 0.002368819 -0.499226183 0.002495895 -0.002372866 0.999994040 27.494085312
0.999992967 -0.001432011 -0.003462117 -0.126834095 0.001440108 0.999996245 0.002337402 -0.515526772 0.003458757 -0.002342372 0.999991238 28.693172455
0.999988556 -0.002299987 -0.004199007 -0.140156507 0.002306330 0.999996185 0.001506496 -0.535200179 0.004195526 -0.001516163 0.999990046 29.895212173
0.999980509 -0.002961848 -0.005508433 -0.143975794 0.002964874 0.999995410 0.000541267 -0.555365324 0.005506805 -0.000557588 0.999984682 31.092313766
0.999982357 -0.002160199 -0.005548290 -0.170394480 0.002163895 0.999997437 0.000660168 -0.574418008 0.005546851 -0.000672162 0.999984384 32.295005798
0.999978542 -0.002491481 -0.006053193 -0.184968978 0.002497483 0.999996364 0.000984039 -0.592806876 0.006050721 -0.000999136 0.999981165 33.493686676
0.999973595 -0.003025612 -0.006610687 -0.198775515 0.003033193 0.999994755 0.001137129 -0.614462137 0.006607212 -0.001157150 0.999977529 34.679195404
0.999969661 -0.003747394 -0.006822582 -0.222548723 0.003755985 0.999992132 0.001246927 -0.634856880 0.006817856 -0.001272515 0.999975920 35.894443512
0.999968469 -0.003562906 -0.007088406 -0.239428326 0.003570440 0.999993086 0.001050509 -0.652179062 0.007084614 -0.001075784 0.999974310 37.099262238
0.999967396 -0.004594209 -0.006633358 -0.267526567 0.004609901 0.999986589 0.002352367 -0.688029528 0.006622462 -0.002382870 0.999975145 38.281002045
0.999966741 -0.004455828 -0.006829202 -0.271240234 0.004480636 0.999983370 0.003621700 -0.702957392 0.006812950 -0.003652179 0.999970019 39.482154846
0.999972761 -0.003675253 -0.006393492 -0.293645054 0.003703122 0.999983668 0.004352615 -0.721236825 0.006377389 -0.004376172 0.999970078 40.687225342
0.999975085 -0.003199692 -0.006290439 -0.307057261 0.003223718 0.999987483 0.003813073 -0.734026194 0.006278160 -0.003833256 0.999972880 41.884037018
0.999976099 -0.002314284 -0.006518855 -0.312456429 0.002337064 0.999991179 0.003488959 -0.745430350 0.006510722 -0.003504111 0.999972641 43.071811676
0.999983847 0.000220978 -0.005675970 -0.332596987 -0.000188656 0.999983728 0.005694403 -0.763046861 0.005677136 -0.005693240 0.999967635 44.294887543
0.999991894 0.000139931 -0.004022495 -0.343997180 -0.000104211 0.999960601 0.008878844 -0.784533978 0.004023581 -0.008878352 0.999952495 45.485065460
0.999997735 0.000444464 -0.002090338 -0.359005928 -0.000420869 0.999936402 0.011274522 -0.789687812 0.002095218 -0.011273617 0.999934316 46.681774139
0.999998808 0.001118777 -0.001095075 -0.351892054 -0.001102193 0.999886453 0.015030118 -0.798978925 0.001111767 -0.015028892 0.999886453 47.878070831
0.999998689 0.000277720 0.001612365 -0.383315086 -0.000302944 0.999877274 0.015665200 -0.795829415 -0.001607816 -0.015665667 0.999875963 49.109031677
0.999993742 -0.001690173 0.003125996 -0.383772850 0.001646077 0.999899924 0.014055521 -0.797310591 -0.003149440 -0.014050288 0.999896288 50.321826935
0.999988675 -0.000612110 0.004710179 -0.391102850 0.000553889 0.999923706 0.012352265 -0.799507797 -0.004717380 -0.012349518 0.999912560 51.522148132
0.999984026 -0.000194792 0.005645594 -0.393357098 0.000127385 0.999928772 0.011937626 -0.804312885 -0.005647518 -0.011936717 0.999912739 52.731475830
0.999984562 -0.000634711 0.005525652 -0.390985638 0.000571283 0.999934077 0.011472858 -0.810186505 -0.005532569 -0.011469525 0.999918938 53.925422668
0.999986231 -0.001676261 0.004971874 -0.388084769 0.001626087 0.999947906 0.010078292 -0.816539168 -0.004988509 -0.010070067 0.999936879 55.147514343
0.999993861 -0.001072145 0.003342160 -0.389635742 0.001036828 0.999943852 0.010550927 -0.820573866 -0.003353284 -0.010547396 0.999938786 56.362857819
0.999996006 -0.001927380 0.002048727 -0.392999917 0.001903183 0.999929130 0.011748362 -0.831686735 -0.002071225 -0.011744420 0.999928892 57.557868958
0.999995828 -0.002674450 0.001104830 -0.395614654 0.002660917 0.999923527 0.012073561 -0.839234471 -0.001137035 -0.012070571 0.999926507 58.764781952
0.999999344 -0.001140702 0.000111619 -0.398645163 0.001139263 0.999925673 0.012142044 -0.850437403 -0.000125462 -0.012141910 0.999926209 59.964694977
0.999999583 -0.000672473 -0.000610271 -0.403645933 0.000679566 0.999931395 0.011698245 -0.853236020 0.000602361 -0.011698654 0.999931335 61.169593811
0.999998271 -0.001848253 -0.000155100 -0.413649619 0.001849888 0.999934435 0.011300708 -0.860702336 0.000134204 -0.011300975 0.999936104 62.373191833
0.999995768 -0.002878864 -0.000356347 -0.419108927 0.002882416 0.999941707 0.010404067 -0.868938148 0.000326375 -0.010405049 0.999945819 63.583526611
0.999993801 -0.003492220 -0.000345301 -0.424520761 0.003496104 0.999922156 0.011974902 -0.884756327 0.000303457 -0.011976034 0.999928236 64.769844055
0.999993205 -0.003658547 -0.000307262 -0.433425009 0.003662310 0.999904931 0.013296452 -0.888361454 0.000258589 -0.013297488 0.999911606 65.970314026
0.999994874 -0.003036090 -0.001117062 -0.431381583 0.003049102 0.999925315 0.011836752 -0.902486622 0.001081043 -0.011840097 0.999929309 67.162948608
0.999999225 -0.001113581 -0.000636827 -0.446420163 0.001120234 0.999943793 0.010545154 -0.907969594 0.000625049 -0.010545860 0.999944210 68.361572266
0.999999285 0.000868599 -0.000777933 -0.447800517 -0.000860035 0.999939799 0.010941722 -0.916572988 0.000787390 -0.010941044 0.999939859 69.543014526
0.999994814 0.003199404 -0.000364884 -0.459536761 -0.003195109 0.999931931 0.011221608 -0.924416423 0.000400763 -0.011220385 0.999936938 70.727882385
0.999990582 0.004347106 -0.000273272 -0.466161847 -0.004343723 0.999926090 0.011353357 -0.930629194 0.000322606 -0.011352060 0.999935567 71.933097839
0.999989569 0.004526995 0.000677797 -0.466672480 -0.004535367 0.999906480 0.012906209 -0.943119526 -0.000619308 -0.012909148 0.999916434 73.109054565
0.999974251 0.006720453 0.002517166 -0.472989202 -0.006753450 0.999888301 0.013338127 -0.944700181 -0.002427247 -0.013354783 0.999907911 74.287658691
0.999970555 0.005414677 0.005460114 -0.476924568 -0.005476386 0.999920666 0.011350604 -0.952984631 -0.005398219 -0.011380170 0.999920666 75.474777222
0.999966562 0.002797944 0.007683329 -0.451330423 -0.002845050 0.999977231 0.006126794 -0.966294348 -0.007666011 -0.006148448 0.999951720 76.645309448
0.999942124 0.003753691 0.010081369 -0.444531143 -0.003812275 0.999975979 0.005798216 -0.975823700 -0.010059361 -0.005836314 0.999932349 77.825820923
0.999906063 0.003030206 0.013367846 -0.429366589 -0.003154434 0.999951959 0.009281805 -0.987683892 -0.013339077 -0.009323101 0.999867558 78.984794617
0.999849558 0.003584058 0.016973721 -0.419749022 -0.003763240 0.999937415 0.010536340 -0.999013603 -0.016934894 -0.010598630 0.999800444 80.145858765
0.999766052 0.003522357 0.021338642 -0.398259759 -0.003710367 0.999954641 0.008777642 -1.007506371 -0.021306753 -0.008854763 0.999733746 81.309463501
0.999686658 0.002509477 0.024902940 -0.374068499 -0.002656254 0.999979258 0.005862582 -1.021325588 -0.024887709 -0.005926896 0.999672651 82.471748352
0.999612331 0.001297128 0.027811496 -0.333412886 -0.001366636 0.999996006 0.002480403 -1.041232944 -0.027808169 -0.002517450 0.999610066 83.624221802
0.999514699 0.000208299 0.031148326 -0.298361063 -0.000265973 0.999998212 0.001847470 -1.059288859 -0.031147886 -0.001854859 0.999513030 84.782836914
0.999394536 0.000346474 0.034790769 -0.253640890 -0.000463108 0.999994278 0.003344437 -1.077112794 -0.034789413 -0.003358524 0.999389052 85.938072205
0.999247313 0.001797382 0.038748890 -0.221263170 -0.001948026 0.999990642 0.003850302 -1.097303033 -0.038741615 -0.003922888 0.999241650 87.104469299
0.999103665 0.001158980 0.042314727 -0.164460659 -0.001235852 0.999997556 0.001790560 -1.116721392 -0.042312548 -0.001841250 0.999102652 88.251945496
0.998969853 0.000812403 0.045371898 -0.113176823 -0.000790721 0.999999583 -0.000495811 -1.134958267 -0.045372285 0.000459424 0.998969972 89.398963928
0.998822987 0.000686225 0.048499156 -0.054965973 -0.000644550 0.999999404 -0.000874935 -1.155885577 -0.048499722 0.000842645 0.998822808 90.570510864
0.998684824 -0.000422093 0.051269341 0.006012440 0.000405260 0.999999821 0.000338726 -1.174530387 -0.051269472 -0.000317503 0.998684824 91.727973938
0.998538077 -0.000778776 0.054048736 0.063413143 0.000674933 0.999997854 0.001939507 -1.192528009 -0.054050136 -0.001900192 0.998536527 92.891098022
0.998387635 -0.002023552 0.056726817 0.128429890 0.001823233 0.999991834 0.003582824 -1.210589409 -0.056733612 -0.003473621 0.998383224 94.054656982
0.998241484 -0.003305139 0.059185661 0.192364216 0.003039389 0.999984860 0.004579564 -1.226352215 -0.059199911 -0.004391623 0.998236418 95.213310242
0.998117626 -0.004539795 0.061158989 0.263056755 0.004411439 0.999987781 0.002233586 -1.243156314 -0.061168380 -0.001959582 0.998125494 96.368705750
0.997936428 -0.005741452 0.063951984 0.319395065 0.005838534 0.999982059 -0.001331281 -1.260319948 -0.063943200 0.001701920 0.997952044 97.533119202
0.997833550 -0.005135029 0.065588377 0.393042088 0.005412281 0.999977112 -0.004050177 -1.278645754 -0.065566078 0.004396385 0.997838497 98.688415527
0.997706294 -0.005092683 0.067498788 0.459349632 0.005438770 0.999972939 -0.004944535 -1.304335952 -0.067471780 0.005300304 0.997707069 99.855384827
0.997676790 -0.004939777 0.067944154 0.535780907 0.005250020 0.999976516 -0.004388332 -1.324902296 -0.067920886 0.004734845 0.997679412 101.035896301
0.997694075 -0.004753594 0.067703821 0.575802326 0.004912126 0.999985456 -0.002175272 -1.360088468 -0.067692496 0.002502826 0.997703075 102.187515259
0.997786999 -0.005303679 0.066278167 0.650289059 0.005372685 0.999985099 -0.000862966 -1.377856731 -0.066272601 0.001217148 0.997800708 103.389930725
0.997870266 -0.005075168 0.065032206 0.680958748 0.005062551 0.999987066 0.000358816 -1.409891605 -0.065033197 -0.000028823 0.997883141 104.543098450
0.998038352 -0.005037632 0.062402077 0.752480984 0.005007436 0.999987245 0.000640296 -1.424821258 -0.062404513 -0.000326565 0.998050928 105.745506287
0.998197973 -0.004215735 0.059858516 0.795711040 0.004176723 0.999990880 0.000776839 -1.447058678 -0.059861258 -0.000525426 0.998206556 106.937080383
0.998413146 -0.002598250 0.056252185 0.848775387 0.002607746 0.999996543 -0.000095400 -1.457006454 -0.056251742 0.000241940 0.998416543 108.133644104
0.998580873 -0.002278701 0.053207193 0.848002434 0.002233673 0.999997079 0.000905730 -1.497267008 -0.053209096 -0.000785597 0.998583078 109.279029846
0.998796344 -0.001913471 0.049011618 0.908838272 0.001803201 0.999995708 0.002293993 -1.516551971 -0.049015794 -0.002202854 0.998795509 110.505348206
0.998901188 -0.001054282 0.046855237 0.863339424 0.000900571 0.999994159 0.003301533 -1.556900501 -0.046858445 -0.003255709 0.998896122 111.629356384
0.999053359 -0.000751112 0.043494955 0.857619286 0.000573551 0.999991477 0.004094664 -1.591677547 -0.043497663 -0.004065842 0.999045193 112.740791321
0.999264061 -0.000192980 0.038358148 0.902320623 0.000031083 0.999991059 0.004221212 -1.604784250 -0.038358621 -0.004216913 0.999255121 113.959770203
0.999414384 0.000559062 0.034213293 0.925201654 -0.000735461 0.999986529 0.005143508 -1.658531904 -0.034209955 -0.005165658 0.999401271 115.708351135
0.999576509 0.000689241 0.029089542 0.953543901 -0.000834799 0.999987185 0.004991949 -1.671482325 -0.029085729 -0.005014119 0.999564290 116.931785583
0.999694765 0.002175611 0.024608707 0.970414042 -0.002294372 0.999985874 0.004798798 -1.713186026 -0.024597917 -0.004853796 0.999685645 118.047103882
0.999800146 0.003475375 0.019688737 1.028189421 -0.003558251 0.999984980 0.004175810 -1.714878440 -0.019673927 -0.004245032 0.999797463 119.269859314
0.999840915 0.005089900 0.017092232 1.047647595 -0.005168136 0.999976337 0.004536226 -1.731940269 -0.017068738 -0.004623839 0.999843657 120.493476868
0.999831915 0.006836248 0.017018743 1.044764161 -0.006908089 0.999967396 0.004166024 -1.753711224 -0.016989714 -0.004282891 0.999846399 121.729331970
0.999826968 0.009182920 0.016174553 1.048429489 -0.009257684 0.999946713 0.004553580 -1.767705202 -0.016131876 -0.004702532 0.999858797 122.965476990
0.999835670 0.010293265 0.014923306 1.074417114 -0.010372118 0.999932587 0.005216103 -1.776068330 -0.014868611 -0.005370032 0.999875069 124.206901550
0.999847233 0.010077207 0.014280604 1.082313776 -0.010154418 0.999934137 0.005344434 -1.785156727 -0.014225808 -0.005488629 0.999883771 125.456497192
0.999819934 0.013771168 0.013056800 1.106141567 -0.013859046 0.999881744 0.006663928 -1.778949618 -0.012963486 -0.006843682 0.999892533 126.700149536
0.999816597 0.014638891 0.012346827 1.112301588 -0.014762853 0.999840856 0.010009359 -1.789573073 -0.012198337 -0.010189798 0.999873638 127.950592041
0.999848068 0.013191142 0.011398902 1.138779163 -0.013297216 0.999868453 0.009280477 -1.791776419 -0.011274984 -0.009430640 0.999891877 129.210922241
0.999858320 0.012917064 0.010793268 1.146028876 -0.013001074 0.999885380 0.007750082 -1.797135830 -0.010691924 -0.007889308 0.999911606 130.462295532
0.999896169 0.010333658 0.010048715 1.157674909 -0.010419658 0.999909103 0.008544091 -1.804734945 -0.009959511 -0.008647908 0.999912977 131.728881836
0.999929011 0.007836051 0.008971728 1.173787951 -0.007926419 0.999917686 0.010081572 -1.806270719 -0.008891990 -0.010151972 0.999908924 132.991333008
0.999944091 0.004362806 0.009632369 1.171143413 -0.004479210 0.999916792 0.012096234 -1.814953208 -0.009578792 -0.012138704 0.999880493 134.262207031
0.999958098 0.002592658 0.008775755 1.182070255 -0.002709583 0.999907315 0.013338149 -1.824200392 -0.008740360 -0.013361368 0.999872565 135.535186768
0.999960840 -0.001344130 0.008745338 1.206582189 0.001247876 0.999938726 0.011002543 -1.818292737 -0.008759591 -0.010991201 0.999901175 136.781143188
0.999956787 -0.003598151 0.008573886 1.216715336 0.003510675 0.999941885 0.010195938 -1.826012015 -0.008610073 -0.010165397 0.999911249 138.053573608
0.999948740 -0.004880332 0.008867258 1.232366800 0.004794918 0.999942124 0.009628473 -1.828274012 -0.008913737 -0.009585461 0.999914348 139.330612183
0.999943852 -0.005060503 0.009296287 1.238325953 0.004968358 0.999938548 0.009908685 -1.835143209 -0.009345857 -0.009861941 0.999907732 140.611145020
0.999940515 -0.004640434 0.009862025 1.254650474 0.004523262 0.999919295 0.011870372 -1.840903044 -0.009916314 -0.011825061 0.999880850 141.880813599
0.999943376 -0.002511359 0.010337804 1.258957624 0.002372160 0.999906659 0.013455411 -1.848386765 -0.010370633 -0.013430128 0.999856055 143.157531738
0.999930739 -0.002462069 0.011511300 1.265643477 0.002326938 0.999928355 0.011737749 -1.856480718 -0.011539375 -0.011710149 0.999864757 144.437271118
0.999925077 -0.001786988 0.012115807 1.269258022 0.001666470 0.999949098 0.009949919 -1.863765717 -0.012132972 -0.009928984 0.999877036 145.714416504
0.999917448 -0.001732529 0.012735692 1.277586937 0.001638014 0.999971032 0.007427979 -1.876285315 -0.012748193 -0.007406504 0.999891281 146.995162964
0.999909520 -0.003119342 0.013077626 1.295346498 0.003073737 0.999989092 0.003505892 -1.894639254 -0.013088420 -0.003465378 0.999908268 148.268783569
0.999906719 -0.003318808 0.013242921 1.308376551 0.003320089 0.999994457 -0.000074730 -1.912003040 -0.013242600 0.000118691 0.999912262 149.545806885
0.999899745 -0.003200674 0.013793133 1.319629908 0.003211587 0.999994636 -0.000769226 -1.938327074 -0.013790595 0.000813446 0.999904573 150.808700562
0.999896288 -0.003266220 0.014030160 1.327562809 0.003272868 0.999994576 -0.000450902 -1.961200595 -0.014028612 0.000496774 0.999901474 152.077865601
0.999905884 -0.002773842 0.013432881 1.352330446 0.002772600 0.999996126 0.000111066 -1.984399438 -0.013433136 -0.000073812 0.999909759 153.324798584
0.999910593 -0.002842685 0.013063146 1.368816853 0.002828437 0.999995291 0.001109064 -2.005200148 -0.013066237 -0.001072016 0.999914050 154.583190918
0.999910831 -0.001755112 0.013235485 1.369449496 0.001739015 0.999997675 0.001227639 -2.019546032 -0.013237610 -0.001204513 0.999911666 155.854949951
0.999919653 -0.001284182 0.012607387 1.379658103 0.001269065 0.999998391 0.001206963 -2.041536331 -0.012608918 -0.001190867 0.999919832 157.122680664
0.999929726 -0.001240972 0.011789601 1.396461010 0.001227783 0.999998629 0.001125879 -2.063600540 -0.011790983 -0.001111325 0.999929845 158.396484375
0.999935150 -0.001917686 0.011219427 1.403167725 0.001888890 0.999994934 0.002576632 -2.085350990 -0.011224310 -0.002555273 0.999933779 159.660354614
0.999939919 -0.000546495 0.010944434 1.410253286 0.000517233 0.999996245 0.002676293 -2.103019953 -0.010945855 -0.002670472 0.999936521 160.942153931
0.999950409 -0.000558087 0.009945692 1.422017336 0.000543433 0.999998808 0.001476018 -2.119056702 -0.009946505 -0.001470540 0.999949396 162.210388184
0.999951005 0.000160767 0.009895456 1.423599005 -0.000163668 0.999999940 0.000292358 -2.139872074 -0.009895409 -0.000293963 0.999950945 163.463195801
0.999955773 0.001169467 0.009331698 1.427882910 -0.001171671 0.999999225 0.000230746 -2.158955574 -0.009331422 -0.000241669 0.999956429 164.725646973
0.999961555 0.000827463 0.008723916 1.429285526 -0.000821026 0.999999404 -0.000741335 -2.181280136 -0.008724525 0.000734144 0.999961615 166.005081177
0.999970257 0.001040925 0.007635131 1.437619925 -0.001028432 0.999998152 -0.001639972 -2.205563545 -0.007636825 0.001632071 0.999969482 167.273071289
0.999974191 0.000758119 0.007152386 1.441531658 -0.000749642 0.999998987 -0.001187759 -2.234986305 -0.007153275 0.001182367 0.999973714 168.546401978
0.999982297 0.001015646 0.005869066 1.449863195 -0.001017027 0.999999464 0.000232367 -2.258286715 -0.005868825 -0.000238332 0.999982715 169.821319580
0.999982774 0.001053007 0.005777387 1.451293945 -0.001056550 0.999999285 0.000610238 -2.281170130 -0.005776739 -0.000616331 0.999983132 171.091400146
0.999985874 0.001568363 0.005081347 1.448456287 -0.001573226 0.999998331 0.000953222 -2.300899029 -0.005079843 -0.000961202 0.999986649 172.361923218
0.999988377 0.001772816 0.004490322 1.446807265 -0.001779760 0.999997199 0.001542879 -2.327344418 -0.004487574 -0.001550852 0.999988735 173.641464233
0.999988973 0.002213290 0.004143414 1.446718454 -0.002215567 0.999997437 0.000544895 -2.350433111 -0.004142196 -0.000554069 0.999991238 174.900787354
0.999987185 0.003143418 0.003982908 1.436745048 -0.003142825 0.999995112 -0.000155163 -2.368648767 -0.003983375 0.000142643 0.999992073 176.169052124
0.999988079 0.003108992 0.003766486 1.421424150 -0.003108720 0.999995232 -0.000078068 -2.383342505 -0.003766712 0.000066358 0.999992847 177.441238403
0.999988616 0.003276587 0.003472951 1.425005198 -0.003272877 0.999994040 -0.001073529 -2.410282850 -0.003476448 0.001062150 0.999993324 178.678283691
0.999992073 0.002292128 0.003230787 1.424301863 -0.002283059 0.999993443 -0.002807864 -2.429942369 -0.003237201 0.002800466 0.999990821 179.942733765
0.999994576 -0.001214490 0.003046352 1.420004845 0.001222802 0.999995530 -0.002728134 -2.455660820 -0.003043025 0.002731845 0.999991596 181.208435059
0.999994814 -0.000613699 0.003160434 1.424878597 0.000610826 0.999999344 0.000909911 -2.475177288 -0.003160991 -0.000907975 0.999994516 182.464233398
0.999994278 -0.001434598 0.003053605 1.423840761 0.001418623 0.999985278 0.005227213 -2.496001959 -0.003061059 -0.005222852 0.999981642 183.729354858
0.999995112 -0.000366504 0.003097625 1.421796322 0.000352748 0.999990106 0.004439959 -2.508759975 -0.003099219 -0.004438845 0.999985337 184.980712891
0.999992251 0.001310425 0.003699280 1.412393570 -0.001314625 0.999998510 0.001132926 -2.524329185 -0.003697789 -0.001137781 0.999992490 186.229827881
0.999993503 0.001578155 0.003220337 1.407714725 -0.001576037 0.999998689 -0.000660083 -2.547475815 -0.003221374 0.000655004 0.999994576 187.472549438
0.999994814 0.001577013 0.002793439 1.408055305 -0.001575847 0.999998748 -0.000419603 -2.569544077 -0.002794098 0.000415199 0.999996006 188.723358154
0.999993980 0.000911302 0.003337430 1.401820660 -0.000913831 0.999999285 0.000756333 -2.593020201 -0.003336739 -0.000759378 0.999994040 189.978912354
0.999993980 0.000972876 0.003327265 1.401033640 -0.000982914 0.999994934 0.003016403 -2.615977526 -0.003324315 -0.003019655 0.999989808 191.225738525
0.999990821 0.000552071 0.004243410 1.399011612 -0.000567912 0.999992847 0.003732733 -2.634464502 -0.004241318 -0.003735111 0.999984026 192.475326538
0.999984801 0.000423263 0.005497856 1.400261641 -0.000440335 0.999995112 0.003104228 -2.653980017 -0.005496515 -0.003106602 0.999980032 193.716613770
0.999971628 -0.000321070 0.007522755 1.396284223 0.000309168 0.999998689 0.001583232 -2.673623562 -0.007523254 -0.001580862 0.999970376 194.945999146
0.999961913 -0.000742918 0.008692935 1.399851441 0.000742233 0.999999702 0.000082001 -2.693733931 -0.008692993 -0.000075546 0.999962211 196.174957275
0.999947429 -0.000873859 0.010215249 1.404670238 0.000878866 0.999999464 -0.000485690 -2.720103979 -0.010214820 0.000494643 0.999947727 197.392669678
0.999929965 -0.000696707 0.011816232 1.411533952 0.000692406 0.999999642 0.000368035 -2.745122433 -0.011816484 -0.000359827 0.999930203 198.603576660
0.999911427 -0.001132317 0.013257007 1.419988632 0.001107005 0.999997556 0.001916528 -2.762072086 -0.013259144 -0.001901683 0.999910295 199.846511841
0.999901593 -0.000137115 0.014019961 1.432442546 0.000103422 0.999997139 0.002403929 -2.785296202 -0.014020247 -0.002402243 0.999898911 201.059402466
0.999873936 -0.000568422 0.015867518 1.435340524 0.000532405 0.999997258 0.002274009 -2.804192305 -0.015868768 -0.002265275 0.999871552 202.269989014
0.999861598 -0.000837255 0.016613331 1.454168081 0.000802298 0.999997377 0.002110706 -2.818400145 -0.016615056 -0.002097085 0.999859810 203.482391357
0.999830902 -0.000642268 0.018377947 1.455305338 0.000598408 0.999996960 0.002391976 -2.840973616 -0.018379429 -0.002380574 0.999828160 204.671875000
0.999812067 -0.000046799 0.019382868 1.469150066 0.000006547 0.999997854 0.002076747 -2.857689142 -0.019382924 -0.002076230 0.999809921 205.871932983
0.999790788 -0.000479844 0.020449072 1.478305578 0.000430228 0.999996901 0.002430652 -2.884293556 -0.020450175 -0.002421346 0.999787927 207.041549683
0.999780595 -0.001561554 0.020887699 1.502006531 0.001515623 0.999996424 0.002214576 -2.899686098 -0.020891082 -0.002182432 0.999779403 208.205322266
0.999771953 -0.001666692 0.021291615 1.516133070 0.001599404 0.999993682 0.003176931 -2.924663544 -0.021296775 -0.003142153 0.999768317 209.357849121
0.999774575 -0.001954044 0.021143537 1.532956839 0.001868226 0.999989927 0.004077808 -2.941605330 -0.021151293 -0.004037387 0.999768138 210.484848022
0.999776721 -0.001803407 0.021056876 1.544142246 0.001717903 0.999990225 0.004077994 -2.962976456 -0.021064026 -0.004040910 0.999769926 211.598663330
0.999791741 -0.001121700 0.020373791 1.562213898 0.001057502 0.999994397 0.003161504 -2.985468626 -0.020377222 -0.003139301 0.999787390 212.708541870
0.999807477 -0.000802677 0.019604970 1.580500841 0.000761741 0.999997497 0.002095409 -3.000274420 -0.019606601 -0.002080072 0.999805570 213.795852661
0.999808073 -0.000980988 0.019564858 1.589868784 0.000940412 0.999997318 0.002082975 -3.022534370 -0.019566849 -0.002064177 0.999806404 214.867980957
0.999830484 -0.001440270 0.018353958 1.603608608 0.001402444 0.999996841 0.002073660 -3.041887760 -0.018356886 -0.002047568 0.999829412 215.929656982
0.999856889 -0.001982464 0.016801270 1.617492676 0.001934106 0.999993920 0.002894012 -3.062182426 -0.016806908 -0.002861102 0.999854624 216.980072021
0.999887705 -0.002895794 0.014699877 1.625766635 0.002831613 0.999986351 0.004385100 -3.080435276 -0.014712377 -0.004342983 0.999882281 218.020507812
0.999916673 -0.002775566 0.012610419 1.634486437 0.002699963 0.999978244 0.006008412 -3.097507954 -0.012626824 -0.005973863 0.999902427 219.061080933
0.999938250 -0.002850453 0.010740039 1.634406328 0.002783712 0.999976754 0.006224126 -3.115346432 -0.010757533 -0.006193847 0.999922991 220.058074951
0.999963045 -0.002762096 0.008138599 1.636909723 0.002716175 0.999980330 0.005648009 -3.128085375 -0.008154041 -0.005625695 0.999950945 221.050842285
0.999983966 -0.002260570 0.005187828 1.637475610 0.002231845 0.999982178 0.005536129 -3.142314434 -0.005200250 -0.005524463 0.999971211 222.032043457
0.999996185 -0.001640746 0.002278353 1.636282086 0.001626848 0.999980152 0.006088261 -3.158008575 -0.002288301 -0.006084531 0.999978840 222.974548340
0.999999285 -0.001194326 -0.000466411 1.627294660 0.001197076 0.999981701 0.005940053 -3.176250696 0.000459306 -0.005940606 0.999982178 223.900848389
0.999994099 -0.000977631 -0.003300595 1.615810156 0.000994913 0.999985695 0.005238472 -3.189116240 0.003295425 -0.005241725 0.999980748 224.811172485
0.999976575 -0.001289182 -0.006722650 1.606292367 0.001318798 0.999989390 0.004402737 -3.202829599 0.006716904 -0.004411500 0.999967694 225.692276001
0.999957442 -0.000453672 -0.009227804 1.586953878 0.000493990 0.999990344 0.004367332 -3.226672649 0.009225735 -0.004371705 0.999947906 226.559371948
0.999928296 -0.000062346 -0.011972732 1.566520929 0.000106307 0.999993265 0.003671119 -3.241140604 0.011972424 -0.003672128 0.999921620 227.390594482
0.999894023 0.001353323 -0.014492089 1.547300339 -0.001302481 0.999992967 0.003517071 -3.256986856 0.014496742 -0.003497823 0.999888778 228.211074829
0.999879599 0.001930157 -0.015396509 1.533588171 -0.001867270 0.999989927 0.004097807 -3.271905899 0.015404265 -0.004068564 0.999873102 229.010406494
0.999890566 0.002167324 -0.014635852 1.513401508 -0.002095126 0.999985576 0.004946519 -3.289871216 0.014646361 -0.004915314 0.999880672 229.798385620
0.999891996 0.001928728 -0.014573063 1.502765179 -0.001844976 0.999981761 0.005758327 -3.305601120 0.014583897 -0.005730818 0.999877274 230.556732178
0.999901235 0.001634442 -0.013965870 1.486632109 -0.001561561 0.999985158 0.005227842 -3.318923950 0.013974206 -0.005205517 0.999888837 231.303604126
0.999908686 0.002331785 -0.013310865 1.473693132 -0.002277222 0.999988973 0.004112811 -3.340554476 0.013320299 -0.004082123 0.999902964 232.039581299
0.999918222 0.002147753 -0.012607943 1.465158939 -0.002124337 0.999996006 0.001870303 -3.351891279 0.012611913 -0.001843367 0.999918759 232.770401001
0.999934912 0.002267810 -0.011192192 1.450651884 -0.002259945 0.999997258 0.000715295 -3.368148088 0.011193784 -0.000689956 0.999937177 233.495986938
0.999948263 0.002982611 -0.009726356 1.441339970 -0.002987965 0.999995410 -0.000535892 -3.370515347 0.009724720 0.000564926 0.999952555 234.227371216
0.999965847 0.002536107 -0.007865151 1.433174849 -0.002541748 0.999996543 -0.000707358 -3.383611917 0.007863333 0.000727325 0.999968827 234.948776245
0.999979079 0.002239126 -0.006062015 1.424667835 -0.002242094 0.999997377 -0.000482783 -3.402769804 0.006060915 0.000496365 0.999981463 235.658065796
0.999989212 0.002279493 -0.004039004 1.416164875 -0.002283543 0.999996901 -0.000998113 -3.411430836 0.004036719 0.001007325 0.999991357 236.378814697
0.999994993 0.002367168 -0.002089925 1.420245886 -0.002369645 0.999996483 -0.001183125 -3.431318760 0.002087114 0.001188071 0.999997079 237.081161499
0.999997735 0.002081002 0.000435168 1.422262669 -0.002080684 0.999997556 -0.000729502 -3.443911791 -0.000436685 0.000728594 0.999999642 237.785919189
0.999990702 0.001456505 0.004054062 1.419226766 -0.001456359 0.999998868 -0.000039003 -3.459073305 -0.004054111 0.000033099 0.999991775 238.497283936
0.999978185 0.000723700 0.006573322 1.428044796 -0.000722419 0.999999702 -0.000197214 -3.468593359 -0.006573461 0.000192461 0.999978364 239.195388794
0.999946713 0.000464722 0.010305050 1.430979729 -0.000467804 0.999999821 0.000296674 -3.489994287 -0.010304911 -0.000301479 0.999946833 239.886047363
0.999910653 0.000365769 0.013360427 1.437674403 -0.000364813 0.999999940 -0.000074007 -3.501937866 -0.013360453 0.000069127 0.999910772 240.573471069
0.999866366 0.000318686 0.016344590 1.445601702 -0.000316229 0.999999881 -0.000152927 -3.517306805 -0.016344639 0.000147738 0.999866486 241.268478394
0.999818444 0.000981993 0.019024536 1.463029623 -0.000956180 0.999998629 -0.001365892 -3.526637554 -0.019025849 0.001347453 0.999818087 241.956115723
0.999756217 0.001172323 0.022045024 1.476727486 -0.001135505 0.999997914 -0.001682562 -3.541845083 -0.022046952 0.001657120 0.999755502 242.651794434
0.999697983 0.001702757 0.024517007 1.493974209 -0.001676237 0.999997973 -0.001102217 -3.550466061 -0.024518836 0.001060789 0.999698818 243.359329224
0.999620020 0.001965381 0.027492970 1.512422085 -0.001948564 0.999997854 -0.000638478 -3.561454535 -0.027494170 0.000584663 0.999621689 244.055221558
0.999544799 0.001615889 0.030123835 1.529190540 -0.001590898 0.999998391 -0.000853576 -3.574547768 -0.030125165 0.000805264 0.999545753 244.759689331
0.999476373 0.001953289 0.032295477 1.549790859 -0.001880594 0.999995649 -0.002281161 -3.588044405 -0.032299794 0.002219232 0.999475658 245.465774536
0.999420702 0.001201474 0.034010265 1.575249672 -0.001043494 0.999988616 -0.004662425 -3.600582123 -0.034015477 0.004624236 0.999410510 246.176101685
0.999380052 0.000888806 0.035195865 1.597243309 -0.000659005 0.999978423 -0.006540274 -3.611770153 -0.035200916 0.006513026 0.999359012 246.890533447
0.999375343 0.000250545 0.035337765 1.624714375 -0.000015082 0.999977767 -0.006663323 -3.630283356 -0.035338648 0.006658628 0.999353230 247.610855103
0.999384284 -0.001180133 0.035066742 1.651875019 0.001432832 0.999973118 -0.007181994 -3.647296190 -0.035057332 0.007227817 0.999359190 248.340011597
0.999366879 0.000864326 0.035566200 1.670326710 -0.000598442 0.999971807 -0.007485723 -3.663012981 -0.035571665 0.007459701 0.999339283 249.063842773
0.999355376 0.001369696 0.035875488 1.693559170 -0.001083826 0.999967456 -0.007986633 -3.678491592 -0.035885267 0.007942601 0.999324322 249.801940918
0.999341607 0.000163833 0.036282264 1.718729019 0.000197276 0.999950469 -0.009948932 -3.693995953 -0.036282096 0.009949539 0.999292076 250.547561646
0.999316692 -0.003556666 0.036788158 1.746210575 0.003999878 0.999920189 -0.011981090 -3.714401245 -0.036742613 0.012120050 0.999251187 251.294570923
0.999279857 -0.006749502 0.037337754 1.775789261 0.007237015 0.999890149 -0.012937127 -3.728973866 -0.037246335 0.013198026 0.999218941 252.056167603
0.999267578 -0.004186230 0.038035613 1.800566673 0.004541213 0.999946833 -0.009251303 -3.742070675 -0.037994869 0.009417256 0.999233544 252.834228516
0.999254405 -0.000485024 0.038605619 1.819669247 0.000604188 0.999995112 -0.003075133 -3.757134914 -0.038603943 0.003096165 0.999249697 253.613052368
0.999228120 -0.001459823 0.039254457 1.849721909 0.001441505 0.999998868 0.000494963 -3.775346279 -0.039255135 -0.000437996 0.999229133 254.398330688
0.999114454 -0.002655554 0.041988291 1.879358292 0.002737594 0.999994457 -0.001896521 -3.783347130 -0.041983016 0.002009788 0.999116421 255.194442749
0.998933733 -0.001549238 0.046138722 1.910002708 0.001916660 0.999966741 -0.007920258 -3.795516968 -0.046124924 0.008000245 0.998903632 255.987304688
0.998754740 0.000527557 0.049884588 1.942242622 0.000050964 0.999932766 -0.011595218 -3.809782267 -0.049887352 0.011583322 0.998687625 256.799926758
0.998590350 0.003194662 0.052981626 1.986002922 -0.002581289 0.999928892 -0.011641493 -3.823456287 -0.053015050 0.011488322 0.998527646 257.622222900
0.998427927 0.001545809 0.056027990 2.034029007 -0.000995177 0.999950945 -0.009854360 -3.836638451 -0.056040473 0.009783111 0.998380542 258.449523926
0.998241484 -0.001884812 0.059248447 2.081243515 0.002249822 0.999978840 -0.006094586 -3.862514496 -0.059235711 0.006217166 0.998224676 259.280395508
0.998077631 -0.004954510 0.061776910 2.142215729 0.005254138 0.999975204 -0.004688666 -3.880935669 -0.061752141 0.005004236 0.998079002 260.136108398
0.997882605 -0.004582981 0.064878799 2.192360878 0.004842173 0.999980867 -0.003838345 -3.900871992 -0.064859971 0.004144371 0.997885823 260.975036621
0.997728109 -0.002193550 0.067333683 2.250493050 0.002597607 0.999979198 -0.005913858 -3.918514729 -0.067319311 0.006075329 0.997713029 261.823303223
0.997554004 -0.000985089 0.069892846 2.305355072 0.001589903 0.999961734 -0.008598352 -3.930577278 -0.069881722 0.008688444 0.997517407 262.669677734
0.997363031 -0.000525705 0.072571479 2.358856201 0.001165344 0.999960840 -0.008771849 -3.947801113 -0.072564028 0.008833289 0.997324646 263.507507324
0.997165382 0.000050012 0.075240448 2.419885635 0.000430673 0.999979615 -0.006372422 -3.972595692 -0.075239241 0.006386762 0.997145116 264.353240967
0.996932983 0.000986076 0.078252845 2.486679077 -0.000613924 0.999988317 -0.004779682 -3.997776985 -0.078256644 0.004716981 0.996922076 265.217041016
0.996708691 0.001491450 0.081052385 2.551094055 -0.001106471 0.999987900 -0.004794465 -4.016424179 -0.081058554 0.004689003 0.996698320 266.060058594
0.996484280 0.002265680 0.083749026 2.620180130 -0.001794650 0.999982178 -0.005699154 -4.027234554 -0.083760440 0.005528817 0.996470571 266.908813477
0.996277452 -0.000009192 0.086204834 2.697761536 0.000498209 0.999983847 -0.005651215 -4.055328369 -0.086203396 0.005673125 0.996261418 267.753448486
0.996133864 -0.003021550 0.087796919 2.773935318 0.003468005 0.999981761 -0.004933001 -4.071742535 -0.087780401 0.005218408 0.996126235 268.596984863
0.996061802 -0.003454000 0.088594049 2.851215363 0.003953106 0.999977291 -0.005458794 -4.084921837 -0.088573188 0.005787518 0.996052921 269.458709717
0.995997310 -0.004605396 0.089264579 2.918462753 0.005061937 0.999975264 -0.004888759 -4.110073566 -0.089239866 0.005321043 0.995995939 270.298187256
0.995961547 -0.004553780 0.089665420 2.999134064 0.005057150 0.999972582 -0.005387481 -4.120680809 -0.089638434 0.005819175 0.995957315 271.153656006
0.995966971 -0.004341033 0.089615144 3.070058823 0.004779265 0.999977589 -0.004676163 -4.140080452 -0.089592837 0.005085598 0.995965481 272.009674072
0.996024489 -0.003694740 0.089003295 3.140546799 0.004129084 0.999980330 -0.004696466 -4.152694702 -0.088984199 0.005045297 0.996020257 272.856597900
0.996161520 -0.004451061 0.087420195 3.222537994 0.004915735 0.999974906 -0.005100853 -4.179583073 -0.087395303 0.005511009 0.996158361 273.713165283
0.996294975 -0.004368335 0.085890450 3.291347504 0.004887992 0.999970973 -0.005840856 -4.200144768 -0.085862450 0.006239047 0.996287465 274.565460205
0.996434450 -0.003834375 0.084283315 3.361656189 0.004429608 0.999966443 -0.006876420 -4.218315601 -0.084254131 0.007225243 0.996418118 275.430969238
0.996550739 -0.002634352 0.082944341 3.424833298 0.003237143 0.999969304 -0.007133775 -4.238365650 -0.082923003 0.007377671 0.996528685 276.285064697
0.996706009 -0.001411411 0.081086427 3.487237930 0.002010663 0.999971211 -0.007309109 -4.263388634 -0.081073776 0.007448070 0.996680319 277.126068115
0.996888459 -0.000687925 0.078821220 3.549749374 0.001224709 0.999976337 -0.006762005 -4.281053543 -0.078814700 0.006837497 0.996865869 277.969970703
0.997116089 -0.001030249 0.075884797 3.611158371 0.001444917 0.999984324 -0.005409733 -4.302079201 -0.075878024 0.005503778 0.997101963 278.826324463
0.997416139 -0.002233965 0.071805790 3.666534424 0.002467194 0.999992013 -0.003159529 -4.321004868 -0.071798146 0.003328524 0.997413695 279.665161133
0.997772574 -0.004240069 0.066572249 3.722625732 0.004318126 0.999990106 -0.001028656 -4.346893311 -0.066567227 0.001313831 0.997781157 280.509643555
0.998048365 -0.004651068 0.062270947 3.766745567 0.004640009 0.999989092 0.000322222 -4.363397121 -0.062271774 -0.000032655 0.998059154 281.340789795
0.998352885 -0.004495384 0.057193510 3.809121132 0.004460333 0.999989688 0.000740496 -4.375706196 -0.057196256 -0.000484175 0.998362839 282.158599854
0.998593926 -0.005613070 0.052711975 3.852251053 0.005546067 0.999983549 0.001417282 -4.392179012 -0.052719064 -0.001122946 0.998608708 282.976196289
0.998830974 -0.006443198 0.047905695 3.886229515 0.006386796 0.999978662 0.001330335 -4.404355049 -0.047913238 -0.001022817 0.998850942 283.776550293
0.999005556 -0.006590839 0.044095829 3.912927628 0.006547248 0.999977887 0.001132906 -4.422500610 -0.044102319 -0.000843074 0.999026656 284.554901123
0.999169827 -0.006243264 0.040257078 3.940739632 0.006211925 0.999980271 0.000903492 -4.437966347 -0.040261924 -0.000652668 0.999188900 285.324310303
0.999313772 -0.005654588 0.036606260 3.958965778 0.005629401 0.999983847 0.000791084 -4.451766014 -0.036610138 -0.000584470 0.999329388 286.065826416
