1.000000000 0.000000000 0.000000000 0.000000000 0.000000000 1.000000000 0.000000000 0.000000000 0.000000000 0.000000000 1.000000000 0.000000000
0.999978960 0.000411381 -0.006475554 -0.008147044 -0.000408830 0.999999821 0.000395275 -0.001899070 0.006475716 -0.000392619 0.999978960 0.091585808
0.999907434 0.000917002 -0.013574399 -0.016391238 -0.000914907 0.999999583 0.000160548 -0.001696919 0.013574540 -0.000148114 0.999907851 0.188317254
0.999772489 0.001382350 -0.021286326 -0.026036747 -0.001394746 0.999998868 -0.000567500 -0.002006121 0.021285517 0.000597060 0.999773264 0.285359800
0.999541819 0.001729666 -0.030218527 -0.042983096 -0.001790308 0.999996424 -0.001979826 -0.001890982 0.030214995 0.002033019 0.999541342 0.390434623
0.999125063 0.001928028 -0.041777641 -0.058715899 -0.002073022 0.999991953 -0.003427569 -0.004979302 0.041770697 0.003511176 0.999121070 0.500873804
0.998479426 0.001744186 -0.055097960 -0.084200539 -0.001970179 0.999989867 -0.004047599 -0.007916135 0.055090342 0.004149997 0.998472750 0.625736713
0.997428060 0.001853300 -0.071651146 -0.108620003 -0.002177606 0.999987721 -0.004448322 -0.003778212 0.071642019 0.004592909 0.997419834 0.760935009
0.995905757 0.000218438 -0.090397626 -0.134816200 -0.000598263 0.999991119 -0.004174644 -0.009117326 0.090395913 0.004211634 0.995896995 0.916249216
0.993913412 -0.000741488 -0.110161640 -0.176138356 0.000261880 0.999990404 -0.004368075 -0.012581168 0.110163823 0.004312640 0.993904114 1.075133801
0.991305888 -0.000694574 -0.131576210 -0.226927102 0.000090577 0.999989390 -0.004596404 -0.013624630 0.131578043 0.004544524 0.991295397 1.228146195
0.987812996 0.002905219 -0.155618802 -0.283268601 -0.003894902 0.999974072 -0.006055118 -0.017195214 0.155597195 0.006587443 0.987798572 1.396689415
0.983439863 0.007296427 -0.181087226 -0.349436104 -0.008780096 0.999934077 -0.007392849 -0.024136472 0.181021348 0.008860388 0.983439267 1.571247339
0.978067517 0.010207328 -0.208037794 -0.422073066 -0.012245275 0.999888837 -0.008510536 -0.027061550 0.207927778 0.010871358 0.978083670 1.752375007
0.971396208 0.010942473 -0.237212375 -0.501537025 -0.013418017 0.999871016 -0.008823946 -0.028130434 0.237085253 0.011754468 0.971417665 1.938947916
0.963341296 0.012642091 -0.267980695 -0.589160979 -0.015418171 0.999846995 -0.008257322 -0.032633238 0.267835349 0.012086391 0.963388860 2.134578943
0.953974366 0.014814223 -0.299521983 -0.685884118 -0.017766085 0.999816716 -0.007134316 -0.035965309 0.299361348 0.012127289 0.954062760 2.319634199
0.942728698 0.016612425 -0.333146751 -0.786674500 -0.019768169 0.999786079 -0.006084843 -0.035908677 0.332974374 0.012322054 0.942855418 2.509426594
0.930201292 0.018765621 -0.366569936 -0.888467550 -0.022272300 0.999737740 -0.005338753 -0.041553043 0.366373569 0.013130470 0.930375338 2.687833548
0.916346312 0.021585483 -0.399804294 -1.008019567 -0.025619125 0.999660492 -0.004746923 -0.041224904 0.399566054 0.014592464 0.916588306 2.868487835
0.900339127 0.022419853 -0.434611380 -1.125918627 -0.026822876 0.999632180 -0.003999139 -0.043302521 0.434361875 0.015258105 0.900609255 3.043035746
0.881928265 0.018185154 -0.471032590 -1.248106003 -0.022984445 0.999725997 -0.004438044 -0.045918178 0.470822811 0.014740461 0.882104635 3.219835758
0.860827744 0.013859791 -0.508707583 -1.384099960 -0.018731378 0.999814630 -0.004456924 -0.053252432 0.508551419 0.013365439 0.860927820 3.390384674
0.835784793 0.015465339 -0.548839211 -1.544682264 -0.019339634 0.999812126 -0.001277864 -0.056562278 0.548716247 0.011682367 0.835927010 3.570521832
0.806649268 0.021173060 -0.590651035 -1.721300125 -0.024088487 0.999705553 0.002938896 -0.064097092 0.590539277 0.011857230 0.806921780 3.734796286
0.774118960 0.024284296 -0.632574081 -1.921401262 -0.027448636 0.999611795 0.004784194 -0.065519184 0.632444680 0.013659759 0.774485111 3.907416821
0.738347709 0.023045450 -0.674026370 -2.134129047 -0.026279652 0.999640107 0.005390939 -0.066915810 0.673907995 0.013732791 0.738687634 4.074350834
0.698335171 0.018942334 -0.715520203 -2.351702690 -0.020293066 0.999771953 0.006661793 -0.067219883 0.715483189 0.009867934 0.698560297 4.242838383
0.655367434 0.014908758 -0.755162954 -2.589312077 -0.014737648 0.999867260 0.006949761 -0.063024417 0.755166411 0.006574679 0.655500174 4.408075333
0.611563683 0.014480169 -0.791062653 -2.851891518 -0.011993568 0.999887228 0.009030519 -0.063137084 0.791104317 0.003964926 0.611668408 4.542759418
0.563399434 0.015059304 -0.826047301 -3.128229618 -0.009625197 0.999885619 0.011663679 -0.059893146 0.826128602 0.001379559 0.563479960 4.679742336
0.512055755 0.015578877 -0.858810961 -3.425312042 -0.007802424 0.999878585 0.013485750 -0.054662980 0.858916759 -0.000204648 0.512115180 4.809521675
0.460019916 0.016644435 -0.887752593 -3.729619503 -0.007209727 0.999861360 0.015010389 -0.044525810 0.887879372 -0.000504624 0.460076094 4.905001640
0.405267626 0.018812122 -0.914004505 -4.061287880 -0.005885067 0.999821246 0.017968986 -0.041359119 0.914179325 -0.001903270 0.405305862 5.002668381
0.349719495 0.020794969 -0.936623693 -4.418004036 -0.005768809 0.999782383 0.020043250 -0.034693472 0.936836839 -0.001606311 0.349763334 5.090454102
0.294490993 0.023926266 -0.955354750 -4.795719147 -0.002872575 0.999704242 0.024151493 -0.030171975 0.955649972 -0.004368071 0.294472694 5.163726807
0.240947276 0.025642956 -0.970199406 -5.149758339 0.001379379 0.999640763 0.026763683 -0.029310599 0.970537186 -0.007786909 0.240825355 5.221034527
0.190063611 0.026006496 -0.981427312 -5.536120415 0.003629196 0.999623597 0.027191509 -0.023816451 0.981765032 -0.008729909 0.189897701 5.255641937
0.142243758 0.027144339 -0.989459455 -5.957095146 0.001276862 0.999617994 0.027606588 -0.017335325 0.989830792 -0.005190268 0.142154798 5.281099319
0.099999368 0.027480919 -0.994607925 -6.382349968 -0.000238438 0.999619067 0.027595403 -0.006931573 0.994987369 -0.002522373 0.099967822 5.280301094
0.062261045 0.026162084 -0.997716963 -6.824460983 -0.001786619 0.999657691 0.026101483 -0.000253811 0.998058259 0.000157434 0.062286466 5.265907764
0.027801452 0.023220818 -0.999343753 -7.292602062 -0.000436879 0.999730349 0.023217650 0.006667584 0.999613345 -0.000208892 0.027804095 5.265430450
-0.003204752 0.020542756 -0.999783814 -7.768723488 0.000162005 0.999789059 0.020542342 0.011471286 0.999994814 -0.000096137 -0.003207410 5.234749317
-0.030109458 0.018789558 -0.999370039 -8.259119034 -0.000332292 0.999823093 0.018808089 0.017305344 0.999546587 0.000898384 -0.030097889 5.198696613
-0.050550707 0.016316522 -0.998588204 -8.767289162 -0.001312760 0.999864578 0.016403835 0.028750911 0.998720586 0.002140132 -0.050522443 5.149808884
-0.067116514 0.015245944 -0.997628570 -9.294022560 -0.000710586 0.999882221 0.015328190 0.042713404 0.997744858 0.001737676 -0.067097776 5.106535912
-0.080087624 0.015608348 -0.996665478 -9.832201004 -0.000441434 0.999876797 0.015694108 0.050638191 0.996787727 0.001696866 -0.080070853 5.052090168
-0.089737833 0.017121948 -0.995818198 -10.388046265 -0.000157327 0.999852002 0.017205482 0.053268351 0.995965421 0.001700652 -0.089721844 4.993341446
-0.096625857 0.018255005 -0.995153368 -10.962818146 -0.002464074 0.999824286 0.018579947 0.051392123 0.995317698 0.004247434 -0.096563905 4.929198265
-0.101011932 0.019245977 -0.994699001 -11.554384232 -0.002238867 0.999805987 0.019572150 0.058077306 0.994882703 0.004204019 -0.100949243 4.860860825
-0.102467872 0.019953864 -0.994536221 -12.162189484 -0.000195792 0.999798417 0.020079616 0.069248646 0.994736373 0.002252238 -0.102443323 4.796902657
-0.101655148 0.022190854 -0.994572222 -12.780163765 0.001989231 0.999753773 0.022103146 0.074096575 0.994817734 0.000268464 -0.101674259 4.738905907
-0.099921435 0.024476707 -0.994694233 -13.429924011 0.001165339 0.999699473 0.024482809 0.084940448 0.994994640 0.001287202 -0.099919945 4.667336941
-0.098212928 0.024696160 -0.994858980 -14.083436012 -0.001107645 0.999688685 0.024925400 0.089942619 0.995164871 0.003549946 -0.098154999 4.597626686
-0.096619241 0.022124914 -0.995075583 -14.747535706 -0.002358677 0.999744952 0.022457756 0.101899207 0.995318651 0.004516914 -0.096542418 4.531147480
-0.095370337 0.021837272 -0.995202303 -15.428572655 -0.003154570 0.999747574 0.022239313 0.112602204 0.995436907 0.005260407 -0.095277376 4.460736275
-0.093576573 0.024474034 -0.995311201 -16.125249863 -0.002810506 0.999687254 0.024845874 0.125227004 0.995608151 0.005122319 -0.093478516 4.392544270
-0.091844402 0.028107189 -0.995376647 -16.847873688 -0.003614600 0.999585450 0.028559564 0.136376470 0.995766819 0.006220923 -0.091704726 4.323763371
-0.089891218 0.030067565 -0.995497644 -17.575048447 -0.003828088 0.999526262 0.030534912 0.146783918 0.995944262 0.006555674 -0.089733534 4.251445770
-0.088211104 0.029393928 -0.995668054 -18.312191010 -0.005780351 0.999532461 0.030020125 0.162288517 0.996084988 0.008403420 -0.087999955 4.179893970
-0.086317219 0.026423747 -0.995917141 -19.068714142 -0.008221063 0.999595225 0.027233860 0.173866153 0.996233821 0.010538247 -0.086065061 4.106030464
-0.084655479 0.025822034 -0.996075571 -19.844213486 -0.009108266 0.999602377 0.026687557 0.189622104 0.996368647 0.011331771 -0.084386617 4.031212807
-0.083271421 0.027903538 -0.996136129 -20.623119354 -0.006657084 0.999569952 0.028556222 0.206631660 0.996504664 0.009009279 -0.083049856 3.965199471
-0.082207158 0.030232331 -0.996156573 -21.419046402 -0.004579695 0.999517679 0.030712277 0.216670036 0.996604800 0.007086861 -0.082029060 3.901674271
-0.080568999 0.031863611 -0.996239543 -22.212350845 -0.003847088 0.999471426 0.032278109 0.232634574 0.996741652 0.006433236 -0.080403849 3.823559284
-0.080086976 0.027337238 -0.996412873 -23.008413315 -0.003835547 0.999607921 0.027733179 0.239479899 0.996780515 0.006042855 -0.079950735 3.766164064
-0.079666257 0.020471385 -0.996611297 -23.816709518 -0.002571122 0.999781430 0.020742035 0.248269871 0.996818244 0.004214849 -0.079596236 3.697940111
-0.080025740 0.015830847 -0.996666968 -24.637546539 0.000783730 0.999874592 0.015818864 0.260081649 0.996792495 0.000484799 -0.080028124 3.635921240
-0.080735944 0.016498029 -0.996598840 -25.473451614 0.002037706 0.999863684 0.016386997 0.271373212 0.996733487 -0.000707755 -0.080758549 3.568490267
-0.080642231 0.024032734 -0.996453226 -26.320245743 0.001058912 0.999710739 0.024025600 0.274935007 0.996742606 0.000882321 -0.080644362 3.490722418
-0.080885559 0.031031441 -0.996240199 -27.144906998 -0.000617952 0.999513626 0.031183567 0.285254061 0.996723175 0.003137929 -0.080827028 3.422761440
-0.081382878 0.036535423 -0.996013045 -27.990032196 -0.002469636 0.999317527 0.036858425 0.296397805 0.996679902 0.005459434 -0.081237085 3.348923683
-0.081496194 0.037110522 -0.995982587 -28.829364777 -0.004351495 0.999283850 0.037589587 0.303606808 0.996664166 0.007397422 -0.081276350 3.268618107
-0.081892602 0.033286978 -0.996085167 -29.665506363 -0.004312653 0.999420881 0.033753011 0.321794510 0.996631861 0.007059891 -0.081701629 3.197450161
-0.081791230 0.030233966 -0.996190786 -30.501626968 -0.004380689 0.999519289 0.030694649 0.342509866 0.996639848 0.006874556 -0.081619456 3.113981009
-0.082144774 0.031868696 -0.996110737 -31.331459045 -0.005601317 0.999458075 0.032437708 0.355075121 0.996604681 0.008244120 -0.081921756 3.042853117
-0.082395025 0.034226194 -0.996011913 -32.173263550 -0.006535165 0.999370039 0.034882214 0.364920139 0.996578336 0.009383223 -0.082119443 2.974029541
-0.081935391 0.032859389 -0.996095836 -33.001991272 -0.007517823 0.999407470 0.033587042 0.372649789 0.996609271 0.010240437 -0.081639796 2.893842936
-0.081689507 0.027663255 -0.996273935 -33.825660706 -0.008280301 0.999561429 0.028433489 0.384157717 0.996623397 0.010572162 -0.081424594 2.824899673
-0.081383005 0.023360098 -0.996409178 -34.661060333 -0.009693353 0.999659479 0.024228022 0.398054957 0.996635795 0.011630292 -0.081128858 2.746109962
-0.080821387 0.024264742 -0.996433318 -35.487293243 -0.009613703 0.999638140 0.025122564 0.401397198 0.996682227 0.011609853 -0.080558866 2.676738977
-0.080230832 0.026840808 -0.996414900 -36.314796448 -0.008256922 0.999585092 0.027591050 0.406990469 0.996742070 0.010440974 -0.079975933 2.608401537
-0.079680949 0.031699225 -0.996316314 -37.164913177 -0.008045979 0.999441326 0.032442130 0.418748856 0.996787965 0.010601359 -0.079381384 2.530228853
-0.079236835 0.037055090 -0.996166885 -37.999542236 -0.007538253 0.999258101 0.037769683 0.438722074 0.996827245 0.010502108 -0.078898713 2.466029167
-0.079217561 0.040256795 -0.996044159 -38.830314636 -0.007902604 0.999127448 0.041009925 0.452553868 0.996826053 0.011120047 -0.078830309 2.390333414
-0.078906424 0.040309064 -0.996066809 -39.659301758 -0.007324327 0.999131680 0.041013323 0.470936418 0.996855140 0.010531734 -0.078542680 2.322257519
-0.078741029 0.035963159 -0.996246278 -40.483482361 -0.007796298 0.999296188 0.036689475 0.488474131 0.996864617 0.010655998 -0.078405231 2.252592564
-0.078243643 0.031665698 -0.996431231 -41.314769745 -0.008542427 0.999437392 0.032432020 0.503117561 0.996897697 0.011049540 -0.077929124 2.173703432
-0.077912405 0.029305972 -0.996529341 -42.137561798 -0.012911249 0.999454319 0.030401442 0.509752631 0.996876657 0.015235088 -0.077491514 2.095058441
-0.078435302 0.027183939 -0.996548474 -42.960884094 -0.016113365 0.999463022 0.028531678 0.526293755 0.996788979 0.018295642 -0.077955157 2.021309137
-0.079099692 0.024985991 -0.996553481 -43.779499054 -0.013892745 0.999561131 0.026164114 0.537548006 0.996769905 0.015914436 -0.078717865 1.952355623
-0.080168501 0.021595949 -0.996547282 -44.607650757 -0.010811470 0.999687672 0.022533743 0.538211346 0.996722698 0.012580643 -0.079909980 1.884307146
-0.080927350 0.019997412 -0.996519327 -45.422695160 -0.006166414 0.999769628 0.020563407 0.550506353 0.996701002 0.007809093 -0.080785386 1.820502281
-0.082782649 0.023519447 -0.996289968 -46.237518311 -0.005996241 0.999691725 0.024097979 0.555573344 0.996549547 0.007968893 -0.082616091 1.745990276
-0.084596142 0.029849216 -0.995968103 -47.067878723 -0.004427092 0.999530077 0.030331999 0.555056989 0.996405542 0.006975214 -0.084424250 1.673311710
-0.086428449 0.033710990 -0.995687544 -47.875568390 -0.002021472 0.999419391 0.034012817 0.564742684 0.996255994 0.004952430 -0.086310133 1.612363815
-0.087810017 0.032850381 -0.995595455 -48.685958862 -0.002033159 0.999448061 0.033156831 0.574313998 0.996135235 0.004935706 -0.087694779 1.535346031
-0.089048311 0.028584240 -0.995617032 -49.480625153 -0.005415755 0.999559522 0.029181805 0.586653173 0.996012688 0.007990609 -0.088854268 1.456158638
-0.090134569 0.025198692 -0.995610774 -50.272117615 -0.010440017 0.999601066 0.026244838 0.590876698 0.995874882 0.012759760 -0.089835525 1.367480278
-0.091763519 0.023880970 -0.995494485 -51.073516846 -0.014485604 0.999574661 0.025314115 0.599050939 0.995675504 0.016743252 -0.091378555 1.283175468
-0.092264548 0.024936460 -0.995422184 -51.849060059 -0.016302671 0.999514520 0.026550053 0.602134407 0.995600998 0.018677669 -0.091813214 1.199425697
-0.093322158 0.026420226 -0.995285332 -52.636569977 -0.016277116 0.999473810 0.028057618 0.609405816 0.995502889 0.018818773 -0.092842989 1.121524334
-0.094149619 0.025987115 -0.995218754 -53.418979645 -0.018169759 0.999447882 0.027816437 0.615230620 0.995392203 0.020701790 -0.093625449 1.038868904
-0.094656542 0.025773443 -0.995176315 -54.196735382 -0.018846573 0.999439299 0.027676443 0.623249054 0.995331526 0.021375418 -0.094117716 0.957530975
-0.095260926 0.027749904 -0.995065451 -54.969043732 -0.017155079 0.999417126 0.029513579 0.630360484 0.995304465 0.019881917 -0.094729349 0.881572247
-0.095459454 0.030369040 -0.994969904 -55.738960266 -0.016595479 0.999346972 0.032094844 0.642488360 0.995294929 0.019575760 -0.094893128 0.806187630
-0.095753685 0.034784079 -0.994797051 -56.516025543 -0.016454799 0.999197423 0.036521785 0.650179863 0.995269001 0.019866277 -0.095104463 0.727499485
-0.096339136 0.036784142 -0.994668603 -57.277454376 -0.016902499 0.999112368 0.038585588 0.663288355 0.995205104 0.020529687 -0.095631883 0.651182175
-0.096910864 0.036936481 -0.994607568 -58.026603699 -0.016475458 0.999114811 0.038709182 0.672305107 0.995156705 0.020137955 -0.096216530 0.574592113
-0.097152926 0.035234977 -0.994645596 -58.765773773 -0.016027501 0.999188185 0.036961399 0.678633332 0.995140493 0.019532593 -0.096509300 0.500659943
-0.097194828 0.031445820 -0.994768500 -59.500404358 -0.015370501 0.999334157 0.033091940 0.696960807 0.995146632 0.018506454 -0.096646771 0.421427727
-0.097006865 0.028455481 -0.994876862 -60.221591949 -0.015488936 0.999427140 0.030095896 0.708408952 0.995163202 0.018329091 -0.096510522 0.348499775
-0.095745824 0.026157554 -0.995062053 -60.928085327 -0.016496709 0.999475658 0.027860906 0.713415742 0.995269060 0.019082813 -0.095264114 0.274621964
-0.093547344 0.025123511 -0.995297730 -61.621372223 -0.018865548 0.999457359 0.027001664 0.723193526 0.995436013 0.021302769 -0.093022615 0.203857899
-0.089033477 0.026074214 -0.995687306 -62.306343079 -0.019067833 0.999429464 0.027877241 0.727066159 0.995846033 0.021467609 -0.088485494 0.133831978
-0.083294988 0.027942283 -0.996133149 -62.971138000 -0.018715488 0.999386668 0.029598502 0.727398872 0.996349216 0.021108527 -0.082720958 0.079653740
-0.076313615 0.029647930 -0.996643007 -63.618690491 -0.018172316 0.999350429 0.031119937 0.728983402 0.996918321 0.020486187 -0.075725280 0.037966251
-0.067534305 0.030990509 -0.997235537 -64.231964111 -0.018752949 0.999301493 0.032324690 0.732296109 0.997540653 0.020884136 -0.066905975 -0.002989292
-0.055595361 0.032608129 -0.997920752 -64.856941223 -0.020875698 0.999210119 0.033813275 0.740808249 0.998235106 0.022712151 -0.054870717 -0.042240620
-0.040493369 0.034191474 -0.998594582 -65.464141846 -0.024360124 0.999083400 0.035196029 0.747131824 0.998882830 0.025751095 -0.039623354 -0.071293592
-0.022136040 0.035510357 -0.999124169 -66.051284790 -0.025591644 0.999021351 0.036073707 0.753064871 0.999427319 0.026367757 -0.021205612 -0.077251554
0.000130020 0.036260728 -0.999342322 -66.619598389 -0.026405808 0.998994052 0.036244653 0.762893319 0.999651313 0.026383730 0.001087375 -0.068769231
0.025515184 0.036767807 -0.998998046 -67.161087036 -0.025431754 0.999023855 0.036119208 0.766091228 0.999350905 0.024484683 0.026425347 -0.040427923
0.054980192 0.036190566 -0.997831285 -67.626998901 -0.024587888 0.999088943 0.034881391 0.774686575 0.998184562 0.022616778 0.055819951 0.002229929
0.089408442 0.036053408 -0.995342314 -68.133583069 -0.023440646 0.999143958 0.034085512 0.783068776 0.995719075 0.020283934 0.090177029 0.065800667
0.127160415 0.036069177 -0.991226077 -68.605667114 -0.023182476 0.999173641 0.033384390 0.792703629 0.991611242 0.018733900 0.127891526 0.151003838
0.168265790 0.035936579 -0.985086441 -69.063888550 -0.022797842 0.999209881 0.032557640 0.794142962 0.985477924 0.016979508 0.168952093 0.249323845
0.213063180 0.037335064 -0.976324737 -69.488410950 -0.022218931 0.999196351 0.033360854 0.793949366 0.976785719 0.014584924 0.213721514 0.368479729
0.261896580 0.035919480 -0.964427233 -69.912216187 -0.018399391 0.999311388 0.032222234 0.792075753 0.964920461 0.009305981 0.262377143 0.506509781
0.311021417 0.030219879 -0.949922323 -70.328033447 -0.010842336 0.999542117 0.028248463 0.803935409 0.950340927 0.001513498 0.311206639 0.697072983
0.362509131 0.025523737 -0.931630611 -70.736625671 -0.005322332 0.999665260 0.025316685 0.793712199 0.931964993 -0.004219085 0.362523615 0.892091751
0.414656341 0.021200430 -0.909731090 -71.103454590 -0.000301779 0.999731839 0.023160260 0.792157650 0.909978032 -0.009329014 0.414551467 1.105236053
0.466733128 0.020797966 -0.884153545 -71.431678772 -0.001240955 0.999737859 0.022861775 0.799001396 0.884397209 -0.009573153 0.466636628 1.305652618
0.515080810 0.019543091 -0.856918693 -71.800186157 0.000149314 0.999738038 0.022890011 0.806555867 0.857141435 -0.011918155 0.514942884 1.563390732
0.560235023 0.015194037 -0.828194201 -72.149795532 0.008044651 0.999684751 0.023782032 0.810972452 0.828294516 -0.019986061 0.559936166 1.848701477
0.603619099 0.008243149 -0.797230124 -72.469421387 0.019026417 0.999512792 0.024740465 0.813684940 0.797045708 -0.030102251 0.603168190 2.161808014
0.645932078 0.003301707 -0.763387680 -72.782737732 0.020152727 0.999568403 0.021375205 0.817573667 0.763128936 -0.029191274 0.645586610 2.476985931
0.686570048 -0.001526863 -0.727061927 -73.076995850 0.018009778 0.999726653 0.014907297 0.814458132 0.726840496 -0.023329128 0.686409891 2.801002502
0.727628350 -0.006654554 -0.685939252 -73.324470520 0.012680717 0.999912560 0.003750882 0.809290886 0.685854316 -0.011427448 0.727649152 3.100158691
0.766847253 -0.009351580 -0.641761541 -73.594528198 0.008256455 0.999954879 -0.004705357 0.812744558 0.641776502 -0.001690384 0.766889870 3.467826843
0.804018080 -0.010457002 -0.594512880 -73.861877441 0.006674252 0.999941170 -0.008561910 0.820467472 0.594567418 0.002916000 0.804040432 3.863349915
0.837560475 -0.011695482 -0.546219468 -74.104766846 0.007503510 0.999922812 -0.009904327 0.809502959 0.546293020 0.004196908 0.837583542 4.300636292
0.868117452 -0.009391765 -0.496269941 -74.333389282 0.003979381 0.999920547 -0.011962137 0.796597362 0.496342868 0.008409694 0.868085861 4.740730286
0.893889070 -0.007981733 -0.448217094 -74.541023254 0.003543076 0.999936104 -0.010740563 0.785162926 0.448274255 0.008012804 0.893860221 5.219707489
0.914765716 -0.002008308 -0.403979748 -74.731430054 -0.002056499 0.999951541 -0.009627773 0.772024870 0.403979510 0.009637943 0.914717257 5.717317581
0.932061255 0.002422184 -0.362292647 -74.915023804 -0.007052393 0.999909461 -0.011458414 0.765219986 0.362232089 0.013234975 0.931994081 6.233325958
0.945506454 0.007652508 -0.325513273 -75.102600098 -0.011584676 0.999881387 -0.010143319 0.756413996 0.325397074 0.013361543 0.945482969 6.765424728
0.955313623 0.008156553 -0.295481741 -75.256500244 -0.011127984 0.999902904 -0.008375991 0.744368970 0.295384824 0.011289815 0.955311656 7.331989288
0.962540865 0.007309514 -0.271038085 -75.408515930 -0.009540491 0.999930501 -0.006914549 0.734033823 0.270968765 0.009241372 0.962543726 7.916433334
0.968299627 0.007788316 -0.249670073 -75.560958862 -0.009298748 0.999944806 -0.004870777 0.722316384 0.249618426 0.007037992 0.968318760 8.528156281
0.972812057 0.010640412 -0.231351435 -75.707817078 -0.011514090 0.999930799 -0.002426476 0.717269182 0.231309623 0.005024306 0.972867131 9.144102097
0.976307154 0.015323964 -0.215845853 -75.851074219 -0.015940091 0.999872386 -0.001113838 0.712672234 0.215801209 0.004528050 0.976426840 9.779311180
0.979058981 0.019115683 -0.202676952 -75.982963562 -0.019407114 0.999811530 0.000549492 0.701305270 0.202649280 0.003395390 0.979245365 10.425027847
0.981706202 0.017625399 -0.189584434 -76.109237671 -0.017880986 0.999840140 0.000362418 0.691642940 0.189560518 0.003034170 0.981864274 11.092071533
0.984236777 0.017775657 -0.175960124 -76.222015381 -0.018121019 0.999835789 -0.000355963 0.685709298 0.175924882 0.003538930 0.984397233 11.768038750
0.986790359 0.018449029 -0.160948262 -76.348640442 -0.018696396 0.999825120 -0.000022505 0.683713675 0.160919696 0.003031360 0.986962855 12.475819588
0.988945127 0.019791152 -0.146954805 -76.449905396 -0.019999839 0.999799967 0.000057475 0.682009339 0.146926552 0.002882233 0.989143133 13.185648918
0.990742743 0.020216541 -0.134239003 -76.545341492 -0.020717021 0.999782681 -0.002332355 0.664174616 0.134162635 0.005091797 0.990946174 13.902198792
0.992183506 0.020174569 -0.123145700 -76.639144897 -0.021237353 0.999747694 -0.007323622 0.649439871 0.122966841 0.009881667 0.992361605 14.643078804
0.993375301 0.020168491 -0.113131300 -76.731597900 -0.021862200 0.999666393 -0.013750463 0.632038116 0.112816229 0.016132671 0.993484855 15.380760193
0.994230568 0.018633531 -0.105632775 -76.811141968 -0.020193180 0.999702036 -0.013714542 0.616538644 0.105345741 0.015768481 0.994310617 16.147890091
0.994930327 0.020319873 -0.098492101 -76.895195007 -0.021152267 0.999748707 -0.007414469 0.600482702 0.098316699 0.009460213 0.995110095 16.915090561
0.995323479 0.024860188 -0.093343407 -76.976898193 -0.024904076 0.999689639 0.000694786 0.583143353 0.093331695 0.001633097 0.995633721 17.683181763
0.995661199 0.025476843 -0.089496136 -77.039367676 -0.025189674 0.999673307 0.004336952 0.569302976 0.089577377 -0.002063753 0.995977640 18.442003250
0.996019602 0.024649251 -0.085658632 -77.117935181 -0.024438526 0.999695182 0.003507946 0.555597782 0.085718989 -0.001400609 0.996318340 19.208650589
0.996300638 0.023921181 -0.082539573 -77.191131592 -0.023843130 0.999713838 0.001931315 0.550814688 0.082562134 0.000043834 0.996585906 19.995828629
0.996561408 0.023713976 -0.079390809 -77.266738892 -0.023415007 0.999714732 0.004694816 0.529006839 0.079479501 -0.002819737 0.996832490 20.780984879
0.996816516 0.021555508 -0.076759532 -77.325599670 -0.021056745 0.999751508 0.007301280 0.518460929 0.076897852 -0.005661733 0.997022867 21.552705765
0.997103810 0.019473612 -0.073516041 -77.382736206 -0.018861068 0.999781489 0.009017207 0.506839752 0.073675588 -0.007604500 0.997253180 22.314413071
0.997301161 0.018590996 -0.071025297 -77.433799744 -0.018244945 0.999818325 0.005517932 0.497739732 0.071114987 -0.004207189 0.997459233 23.073162079
0.997346520 0.021219017 -0.069638737 -77.493965149 -0.021397149 0.999769330 -0.001812894 0.484637618 0.069584228 0.003298154 0.997570634 23.830455780
0.997438371 0.021681391 -0.068166249 -77.547630310 -0.022378957 0.999704480 -0.009486273 0.473809212 0.067940436 0.010987461 0.997628868 24.568981171
0.997497201 0.022653993 -0.066979513 -77.603004456 -0.023619264 0.999627709 -0.013654683 0.458053708 0.066645257 0.015202512 0.997660995 25.329101562
0.997631013 0.024522178 -0.064273879 -77.665374756 -0.025376542 0.999599755 -0.012510059 0.441713423 0.063941389 0.014111472 0.997853875 26.091485977
0.997689784 0.027919278 -0.061933290 -77.720085144 -0.028488837 0.999559402 -0.008332287 0.419572383 0.061673380 0.010077447 0.998045504 26.839731216
0.997741163 0.031039223 -0.059574675 -77.778610229 -0.031270705 0.999506593 -0.002957028 0.400081098 0.059453484 0.004813291 0.998219371 27.618921280
0.997986078 0.028793558 -0.056521013 -77.829940796 -0.028926248 0.999580383 -0.001530766 0.388767868 0.056453217 0.003162625 0.998400152 28.380147934
0.998127818 0.026096819 -0.055315118 -77.874717712 -0.026213897 0.999655306 -0.001391975 0.370893449 0.055259723 0.002839394 0.998467922 29.141822815
0.998253226 0.023878044 -0.054039299 -77.918197632 -0.023976637 0.999711812 -0.001176836 0.352912426 0.053995620 0.002470460 0.998538136 29.896045685
0.998279750 0.023674347 -0.053637996 -77.955665588 -0.023878742 0.999709785 -0.003172993 0.340924352 0.053547312 0.004448342 0.998555362 30.639596939
0.998358250 0.021636693 -0.053034469 -77.995048523 -0.021903358 0.999750197 -0.004452121 0.327797472 0.052924890 0.005606445 0.998582721 31.397226334
0.998417377 0.020269636 -0.052457601 -78.033973694 -0.020526981 0.999779701 -0.004371607 0.313634366 0.052357435 0.005441485 0.998613536 32.154075623
0.998392999 0.024167979 -0.051257424 -78.088470459 -0.024379397 0.999696612 -0.003503329 0.300791681 0.051157203 0.004747324 0.998679280 32.930126190
0.998396814 0.023957450 -0.051282033 -78.130661011 -0.024199134 0.999698699 -0.004096923 0.284398317 0.051168434 0.005331336 0.998675823 33.709308624
0.998314917 0.023349969 -0.053123433 -78.171401978 -0.023606924 0.999712408 -0.004214460 0.269336581 0.053009752 0.005461439 0.998579025 34.484634399
0.998270869 0.021218199 -0.054817088 -78.221824646 -0.021445043 0.999763727 -0.003553225 0.254192382 0.054728739 0.004722636 0.998490095 35.271484375
0.998064876 0.022615837 -0.057923429 -78.278976440 -0.022875724 0.999730945 -0.003827508 0.241710097 0.057821281 0.005145140 0.998313665 36.074867249
0.997792244 0.026817836 -0.060755048 -78.334716797 -0.027088627 0.999626338 -0.003637684 0.219554573 0.060634799 0.005275424 0.998146057 36.847171783
0.997623920 0.027259560 -0.063270353 -78.396598816 -0.027852071 0.999575853 -0.008501542 0.203911573 0.063011780 0.010243555 0.997960210 37.643764496
0.997463226 0.027690453 -0.065575451 -78.461914062 -0.028533233 0.999521315 -0.011950350 0.189853013 0.065213166 0.013791118 0.997776031 38.433181763
0.997353673 0.027650530 -0.067238212 -78.530624390 -0.028617837 0.999499679 -0.013465706 0.173448563 0.066832237 0.015354285 0.997646153 39.229492188
0.997202694 0.028025089 -0.069291919 -78.596046448 -0.028935930 0.999507129 -0.012176134 0.154398203 0.068916529 0.014147099 0.997522116 40.062599182
0.997081220 0.026431188 -0.071626000 -78.655532837 -0.027328098 0.999559641 -0.011571064 0.135229588 0.071288615 0.013494694 0.997364461 40.886894226
0.996971488 0.026055474 -0.073272891 -78.718482971 -0.026840977 0.999592066 -0.009755909 0.115260333 0.072988816 0.011693079 0.997264087 41.712280273
0.996908426 0.025376901 -0.074362494 -78.787940979 -0.025883188 0.999647856 -0.005852354 0.098833799 0.074187800 0.007758998 0.997214079 42.536548615
0.996829748 0.025222423 -0.075460188 -78.856575012 -0.025399284 0.999676406 -0.001384860 0.085042328 0.075400829 0.003297105 0.997147858 43.420310974
0.996886492 0.024958886 -0.074795641 -78.922821045 -0.024969876 0.999687850 0.000788325 0.069775097 0.074791960 0.001081767 0.997198641 44.272983551
0.996944189 0.028200544 -0.072848894 -78.990959167 -0.028231507 0.999601185 0.000604833 0.057628691 0.072836906 0.001453650 0.997342765 45.125717163
0.997109234 0.027582292 -0.070797831 -79.061668396 -0.027677566 0.999616921 -0.000364961 0.045958064 0.070760645 0.002323419 0.997490644 45.994422913
0.997287869 0.025292443 -0.069116727 -79.122467041 -0.025536057 0.999670386 -0.002643246 0.031562552 0.069027103 0.004401045 0.997605085 46.853424072
0.997474313 0.021233406 -0.067778833 -79.175910950 -0.021572962 0.999758005 -0.004281729 0.015841141 0.067671530 0.005733106 0.997691274 47.725334167
0.997651577 0.020037780 -0.065495685 -79.244079590 -0.020369267 0.999782801 -0.004397225 0.000291929 0.065393329 0.005720997 0.997843146 48.603595734
0.997751892 0.017733227 -0.064627148 -79.301582336 -0.017884338 0.999838531 -0.001760375 -0.017160147 0.064585499 0.002912231 0.997907877 49.480278015
0.997873127 0.015294262 -0.063366368 -79.362686157 -0.015296963 0.999882817 0.000442577 -0.029443679 0.063365713 0.000527678 0.997990310 50.356040955
0.997908354 0.014706260 -0.062950455 -79.414054871 -0.014663397 0.999891698 0.001142859 -0.050348662 0.062960461 -0.000217401 0.998015940 51.232624054
0.997960925 0.016955087 -0.061534826 -79.475975037 -0.017135406 0.999850214 -0.002403681 -0.067124471 0.061484866 0.003453204 0.998102009 52.120445251
0.997974932 0.019328648 -0.060600996 -79.541130066 -0.019835178 0.999772966 -0.007767928 -0.091337502 0.060437106 0.008954229 0.998131752 52.977142334
0.997993231 0.021272542 -0.059641752 -79.597328186 -0.022113586 0.999664605 -0.013477197 -0.109121263 0.059335068 0.014769047 0.998128891 53.836704254
0.997924030 0.026013561 -0.058914971 -79.659286499 -0.027179802 0.999448419 -0.019081064 -0.136098981 0.058386117 0.020642750 0.998080611 54.685611725
0.998006940 0.025914388 -0.057538263 -79.720039368 -0.027102863 0.999433100 -0.019971881 -0.164695859 0.056988087 0.021491529 0.998143554 55.539287567
0.998067558 0.023082769 -0.057692606 -79.766242981 -0.023948841 0.999609888 -0.014365678 -0.184853852 0.057338513 0.015719587 0.998231053 56.398490906
0.998052299 0.022790646 -0.058070868 -79.834930420 -0.023139948 0.999717832 -0.005349601 -0.214352787 0.057932556 0.006682937 0.998298228 57.244041443
0.998009682 0.021211376 -0.059385419 -79.886016846 -0.021077473 0.999773622 0.002880458 -0.239436626 0.059433077 -0.001623031 0.998230994 58.098995209
0.997912169 0.019600039 -0.061539281 -79.943481445 -0.019603180 0.999807715 0.000552806 -0.254485279 0.061538264 0.000654714 0.998104453 58.937988281
0.997878730 0.014584073 -0.063446864 -80.002159119 -0.014794357 0.999886513 -0.002845687 -0.271324158 0.063398153 0.003778306 0.997981191 59.779193878
0.997750700 0.013481289 -0.065664075 -80.064773560 -0.013798497 0.999895215 -0.004379605 -0.294429213 0.065598138 0.005275819 0.997832239 60.611534119
0.997527063 0.014849688 -0.068697482 -80.126518250 -0.015339884 0.999860406 -0.006613515 -0.310945958 0.068589695 0.007650971 0.997615635 61.430820465
0.997276783 0.016348109 -0.071914226 -80.194099426 -0.017109018 0.999803901 -0.009977534 -0.331628144 0.071737006 0.011180747 0.997360945 62.250961304
0.996960998 0.017225418 -0.075974442 -80.262382507 -0.018283129 0.999745071 -0.013248438 -0.354784667 0.075726882 0.014597226 0.997021675 63.065952301
0.996691883 0.019243643 -0.078962706 -80.336914062 -0.020671247 0.999636590 -0.017302008 -0.380116642 0.078601085 0.018877029 0.996727347 63.879276276
0.996336460 0.024034161 -0.082073607 -80.423492432 -0.025522232 0.999527514 -0.017130023 -0.407536507 0.081623122 0.019161969 0.996478975 64.681800842
0.995954156 0.027678551 -0.085494801 -80.504234314 -0.029090278 0.999459445 -0.015310672 -0.430320024 0.085024811 0.017735792 0.996220946 65.486778259
0.995538116 0.030288260 -0.089367449 -80.587585449 -0.031233860 0.999469817 -0.009201288 -0.454968810 0.089041352 0.011951527 0.995956182 66.286727905
0.995133460 0.030680543 -0.093638413 -80.667106628 -0.031163882 0.999507368 -0.003703580 -0.476685017 0.093478665 0.006603694 0.995599329 67.103843689
0.994665980 0.030305061 -0.098596618 -80.751846313 -0.030453080 0.999536157 0.000003668 -0.494463652 0.098550998 0.002998922 0.995127439 67.899620056
0.994035184 0.029675106 -0.104945116 -80.843399048 -0.029712098 0.999557734 0.001211204 -0.509864390 0.104934648 0.001914159 0.994477272 68.692016602
0.993447959 0.027501753 -0.110926725 -80.929061890 -0.027132027 0.999620259 0.004841429 -0.519958794 0.111017734 -0.001800040 0.993816793 69.479629517
0.992704809 0.028109608 -0.117247112 -81.029754639 -0.027765514 0.999604106 0.004567396 -0.533317924 0.117329061 -0.001278650 0.993092358 70.256790161
0.991865575 0.032792825 -0.122992635 -81.149208069 -0.032555085 0.999462187 0.003942654 -0.546868384 0.123055756 0.000093452 0.992399752 71.031997681
0.991065204 0.034019750 -0.128966317 -81.259513855 -0.034262940 0.999412775 0.000333160 -0.559560716 0.128901929 0.004088582 0.991648972 71.799186707
0.990264833 0.032952558 -0.135239586 -81.362266541 -0.033628277 0.999430656 -0.002714422 -0.566193640 0.135073170 0.007235872 0.990809202 72.551269531
0.989429474 0.034372710 -0.140882730 -81.476425171 -0.035277646 0.999369860 -0.003930130 -0.581378460 0.140658885 0.008858597 0.990018547 73.318359375
0.988727987 0.036163256 -0.145290419 -81.601348877 -0.036375307 0.999337435 0.001197719 -0.590285242 0.145237505 0.004100765 0.989388287 74.088928223
0.987836659 0.036775082 -0.151084155 -81.730751038 -0.036367830 0.999323547 0.005458759 -0.604503095 0.151182711 0.000102241 0.988505840 74.854515076
0.986886680 0.036389057 -0.157260045 -81.857780457 -0.035568666 0.999334931 0.008028867 -0.624024868 0.157447606 -0.002330051 0.987524569 75.612884521
0.985793412 0.033985510 -0.164488241 -81.988136292 -0.033753872 0.999421299 0.004203956 -0.632082105 0.164535925 0.001407883 0.986370146 76.362426758
0.984414697 0.031117480 -0.173088521 -82.129119873 -0.032192986 0.999475896 -0.003409110 -0.635376811 0.172891751 0.008928214 0.984900355 77.114425659
0.982855797 0.028770987 -0.182117119 -82.266593933 -0.030124841 0.999535143 -0.004671521 -0.653286874 0.181898072 0.010077681 0.983265758 77.842323303
0.980892539 0.027957737 -0.192530900 -82.422866821 -0.028835092 0.999582529 -0.001755891 -0.665285826 0.192401424 0.007273988 0.981289327 78.582481384
0.978606761 0.028315881 -0.203782067 -82.584480286 -0.027981421 0.999598145 0.004522951 -0.675615132 0.203828275 0.001275922 0.979005873 79.325927734
0.976085067 0.029719196 -0.215347826 -82.763641357 -0.027817888 0.999542654 0.011855153 -0.678990483 0.215601653 -0.005581118 0.976465523 80.058174133
0.973470867 0.030885464 -0.226717144 -82.931663513 -0.028043974 0.999482751 0.015744254 -0.690054536 0.227086157 -0.008968526 0.973833382 80.777694702
0.970578492 0.034093108 -0.238358766 -83.123001099 -0.032352787 0.999413610 0.011210807 -0.698178649 0.238601193 -0.003169401 0.971112549 81.490127563
0.967638493 0.034176990 -0.250015169 -83.327178955 -0.034720160 0.999394596 0.002238800 -0.705700517 0.249940306 0.006514215 0.968239367 82.193588257
0.964485228 0.031697936 -0.262227982 -83.535087585 -0.033521704 0.999434948 -0.002483189 -0.709582925 0.262001127 0.011185326 0.965002775 82.901893616
0.961245179 0.030567605 -0.273994952 -83.748229980 -0.030933708 0.999516964 0.002985307 -0.727970660 0.273953885 0.005606066 0.961726546 83.604415894
0.957784474 0.031078016 -0.285802364 -83.967750549 -0.029466422 0.999516308 0.009938696 -0.728988409 0.285972953 -0.001097554 0.958237052 84.356353760
0.954165399 0.031031132 -0.297666669 -84.202209473 -0.027733279 0.999498248 0.015297053 -0.734103799 0.297991991 -0.006340645 0.954547346 85.072044373
0.950140536 0.028778914 -0.310490847 -84.439544678 -0.025807172 0.999573410 0.013675722 -0.740361094 0.310751915 -0.004980967 0.950478017 85.779800415
0.946391046 0.026471723 -0.321936488 -84.683532715 -0.024731949 0.999649048 0.009493587 -0.745600462 0.322074771 -0.001022530 0.946713626 86.475357056
0.943689048 0.022491621 -0.330068469 -84.955764771 -0.022874417 0.999734640 0.002724635 -0.753983855 0.330042183 0.004978914 0.943953037 87.154121399
0.940663338 0.018369421 -0.338843763 -85.197708130 -0.020668443 0.999781311 -0.003177402 -0.765609086 0.338711292 0.009992239 0.940837324 87.891326904
0.938044250 0.018109243 -0.346041977 -85.466064453 -0.021223731 0.999761164 -0.005212911 -0.774911284 0.345864922 0.012234245 0.938204527 88.598220825
0.935052276 0.023619048 -0.353722036 -85.754287720 -0.027160356 0.999618232 -0.005050075 -0.793426633 0.353467762 0.014329303 0.935337007 89.303108215
0.931969702 0.023913756 -0.361746848 -86.032440186 -0.026763707 0.999637663 -0.002869060 -0.807481527 0.361547202 0.012355565 0.932272017 90.004409790
0.929057240 0.024829900 -0.369101733 -86.325424194 -0.025054716 0.999677300 0.004184810 -0.815029502 0.369086504 0.005359811 0.929379582 90.711769104
0.926241994 0.026500545 -0.375996530 -86.613388062 -0.023601096 0.999645531 0.012316144 -0.819664478 0.376189679 -0.002533800 0.926539183 91.422966003
0.923672497 0.036682013 -0.381423026 -86.931762695 -0.031722017 0.999310672 0.019285602 -0.830736876 0.381867588 -0.005714073 0.924199343 92.127319336
0.920982063 0.043495946 -0.387169182 -87.245498657 -0.040299233 0.999053419 0.016375015 -0.832784534 0.387515008 0.000521527 0.921863258 92.820251465
0.918698370 0.040346242 -0.392893672 -87.536773682 -0.039893202 0.999160528 0.009321973 -0.842016339 0.392939955 0.007109707 0.919536591 93.486495972
0.916786253 0.031873025 -0.398104429 -87.844711304 -0.034257837 0.999412417 0.001123284 -0.832495511 0.397906274 0.012608382 0.917339444 94.206375122
0.915185809 0.032187302 -0.401744843 -88.160995483 -0.034951605 0.999388814 0.000449101 -0.836094260 0.401513696 0.013630615 0.915751576 94.901519775
0.913002372 0.038252588 -0.406156749 -88.493949890 -0.039314140 0.999210358 0.005732963 -0.845286310 0.406055361 0.010733491 0.913785458 95.602340698
0.910529554 0.041234776 -0.411382735 -88.818115234 -0.040490292 0.999124467 0.010528076 -0.856944561 0.411456615 0.007070880 0.911401987 96.298698425
0.908286870 0.037728727 -0.416643143 -89.129211426 -0.037495859 0.999258518 0.008745505 -0.872211814 0.416664094 0.007678969 0.909028113 96.976730347
0.906167209 0.036354270 -0.421354234 -89.481887817 -0.039072752 0.999234140 0.002183369 -0.876692772 0.421110868 0.014484975 0.906893492 97.700050354
0.904133141 0.033777621 -0.425913572 -89.820594788 -0.039364956 0.999215543 -0.004320209 -0.885171056 0.425433576 0.020672115 0.904753566 98.391418457
