1.000000000 0.000000000 0.000000000 0.000000000 0.000000000 1.000000000 0.000000000 0.000000000 0.000000000 0.000000000 1.000000000 0.000000000
0.999978960 0.000411033 -0.006474751 -0.008227189 -0.000408488 0.999999821 0.000394472 -0.001930735 0.006474912 -0.000391819 0.999978960 0.091791593
0.999907374 0.000955206 -0.013577217 -0.016430395 -0.000952836 0.999999523 0.000181045 -0.001959670 0.013577384 -0.000168091 0.999907792 0.188467637
0.999772429 0.001391245 -0.021286979 -0.026095157 -0.001403494 0.999998868 -0.000560496 -0.002173208 0.021286175 0.000590244 0.999773264 0.285390943
0.999541759 0.001691781 -0.030223154 -0.042863034 -0.001752254 0.999996543 -0.001974531 -0.002113183 0.030219708 0.002026585 0.999541223 0.390729010
0.999125600 0.001927198 -0.041764811 -0.059024073 -0.002071915 0.999992013 -0.003422030 -0.004953781 0.041757882 0.003505571 0.999121606 0.501234114
0.998479009 0.001730062 -0.055106368 -0.084224336 -0.001955630 0.999989927 -0.004039676 -0.008010641 0.055098824 0.004141299 0.998472333 0.626069784
0.997427344 0.001820401 -0.071661182 -0.108526893 -0.002143260 0.999987900 -0.004428717 -0.004240862 0.071652256 0.004570912 0.997419178 0.761432469
0.995905101 0.000198212 -0.090404734 -0.134651110 -0.000578495 0.999991119 -0.004180270 -0.009299057 0.090403102 0.004215450 0.995896339 0.917135477
0.993913352 -0.000759932 -0.110162206 -0.176181987 0.000280571 0.999990404 -0.004366845 -0.012723175 0.110164471 0.004309357 0.993904054 1.075378895
0.991231322 -0.000885696 -0.132135049 -0.219906121 0.000250875 0.999988317 -0.004820903 -0.011370490 0.132137805 0.004745481 0.991219938 1.231654286
0.987707436 0.002644764 -0.156291127 -0.274052441 -0.003660433 0.999974012 -0.006211113 -0.015830856 0.156270608 0.006706857 0.987691522 1.401352644
0.983315706 0.007031795 -0.181771025 -0.340839416 -0.008550012 0.999934793 -0.007570105 -0.023085166 0.181705937 0.008997948 0.983311713 1.577316046
0.977925241 0.009910883 -0.208719805 -0.413037956 -0.011978683 0.999890804 -0.008645348 -0.026249787 0.208611339 0.010954693 0.977937222 1.756753206
0.971237898 0.010650788 -0.237872764 -0.492706835 -0.013166505 0.999872923 -0.008989573 -0.027066009 0.237746745 0.011862968 0.971254766 1.943361998
0.963160574 0.012371750 -0.268642098 -0.580195189 -0.015194713 0.999848962 -0.008431554 -0.031684458 0.268497169 0.012202878 0.963203192 2.139140129
0.953750610 0.014473680 -0.300250351 -0.674955606 -0.017519291 0.999818742 -0.007453723 -0.033548791 0.300088018 0.012369167 0.953831315 2.320826054
0.942463219 0.016283808 -0.333912969 -0.774014473 -0.019532561 0.999788940 -0.006373979 -0.033808056 0.333738625 0.012529417 0.942582369 2.508128881
0.929933250 0.018430425 -0.367266357 -0.877871931 -0.022051703 0.999740720 -0.005666099 -0.039497692 0.367066741 0.013367943 0.930098653 2.688699245
0.916095316 0.021314219 -0.400393546 -1.002496004 -0.025488401 0.999662101 -0.005101967 -0.038914703 0.400149465 0.014879280 0.916329145 2.873144150
0.900017023 0.022057049 -0.435296267 -1.115710735 -0.026629364 0.999635696 -0.004405900 -0.040185943 0.435040474 0.015557049 0.900276482 3.043645382
0.881596029 0.017879711 -0.471666038 -1.238946199 -0.022844471 0.999727547 -0.004801610 -0.043606557 0.471451610 0.015008042 0.881764293 3.220520020
0.860456049 0.013404817 -0.509348273 -1.371921539 -0.018458070 0.999817729 -0.004868929 -0.050779503 0.509190202 0.013591084 0.860546708 3.390138149
0.835373104 0.014979924 -0.549479187 -1.532726407 -0.019097868 0.999816060 -0.001777457 -0.053006962 0.549351573 0.011978720 0.835505545 3.571273804
0.806332767 0.020751080 -0.591097951 -1.709250450 -0.023850752 0.999712169 0.002560438 -0.062261235 0.590981066 0.012033564 0.806595683 3.730566740
0.773663223 0.023714492 -0.633153081 -1.912558794 -0.027145203 0.999622345 0.004271152 -0.062358629 0.633015215 0.013882635 0.774014771 3.909047127
0.737999976 0.022832507 -0.674414337 -2.125856161 -0.026149014 0.999644339 0.005228854 -0.066005468 0.674293876 0.013776375 0.738334537 4.073691368
0.698033988 0.018538544 -0.715824544 -2.343010426 -0.020082541 0.999778330 0.006308999 -0.064383879 0.715782881 0.009971679 0.698251665 4.240690708
0.654916704 0.014776308 -0.755556643 -2.580238581 -0.014709309 0.999868631 0.006804249 -0.062282562 0.755557895 0.006657500 0.655048013 4.405914783
0.611262560 0.014344862 -0.791297853 -2.843089104 -0.012146492 0.999888003 0.008743307 -0.061153449 0.791334629 0.004267036 0.611368358 4.538193703
0.562863648 0.014713039 -0.826418757 -3.121780872 -0.009723852 0.999890268 0.011178621 -0.055881880 0.826492548 0.001743934 0.562944949 4.679795265
0.511917055 0.015453810 -0.858895838 -3.417665005 -0.008024014 0.999880552 0.013208046 -0.052894905 0.858997405 0.000130368 0.511979878 4.802467346
0.459537834 0.016757118 -0.888000011 -3.723063946 -0.007694376 0.999859512 0.014886159 -0.043834716 0.888124883 -0.000008146 0.459602237 4.901705265
0.404845417 0.018999850 -0.914187729 -4.054643631 -0.006269697 0.999818146 0.018003022 -0.042262219 0.914363623 -0.001556762 0.404890984 4.997451782
0.349416852 0.020848503 -0.936735392 -4.410216808 -0.006165572 0.999781847 0.019951850 -0.034268487 0.936947167 -0.001196003 0.349469244 5.083074093
0.293900728 0.023905352 -0.955536902 -4.784266949 -0.003618471 0.999707878 0.023897452 -0.028977077 0.955829084 -0.003565896 0.293901384 5.160058498
0.240274206 0.025835713 -0.970361233 -5.137807846 0.001383111 0.999635637 0.026957618 -0.032715019 0.970704079 -0.007819337 0.240150899 5.217663765
0.189427570 0.026191348 -0.981545389 -5.521465302 0.003691503 0.999618173 0.027386021 -0.026948756 0.981887758 -0.008811043 0.189258546 5.251035690
0.141714454 0.027385717 -0.989528716 -5.939132690 0.001077162 0.999612451 0.027819054 -0.020335268 0.989906967 -0.005008245 0.141630054 5.272923946
0.099541277 0.027748935 -0.994646490 -6.361340046 -0.001142253 0.999613583 0.027773198 -0.010162236 0.995032728 -0.001628442 0.099534534 5.270804882
0.061662428 0.026114916 -0.997755289 -6.801162720 -0.001265633 0.999658942 0.026086524 -0.002387736 0.998096168 -0.000345766 0.061674446 5.269384384
0.027268367 0.023355812 -0.999355257 -7.263934135 -0.000619633 0.999727368 0.023347598 0.006856835 0.999627888 -0.000017417 0.027275398 5.254900455
-0.003995069 0.020676449 -0.999778271 -7.729195118 -0.000520677 0.999786079 0.020678690 0.010891281 0.999991894 0.000603175 -0.003983444 5.224906445
-0.030841827 0.018936137 -0.999344885 -8.222456932 -0.000380855 0.999820232 0.018956898 0.015683124 0.999524236 0.000965270 -0.030829072 5.193067074
-0.051514134 0.016439313 -0.998536944 -8.728203773 -0.001212495 0.999862731 0.016523693 0.026800945 0.998671532 0.002061925 -0.051487129 5.146760464
-0.067686565 0.015506378 -0.997586131 -9.248512268 -0.001063781 0.999877453 0.015614175 0.038263459 0.997706056 0.002118083 -0.067661777 5.094533920
-0.080823921 0.015861107 -0.996602178 -9.790203094 -0.000091991 0.999873221 0.015920630 0.045368157 0.996728361 0.001378446 -0.080812223 5.043362617
-0.090463452 0.017009189 -0.995754540 -10.337759972 0.000110274 0.999854267 0.017069208 0.051776331 0.995899796 0.001434334 -0.090452157 4.985857010
-0.097186714 0.018372273 -0.995096624 -10.914585114 -0.002901117 0.999820054 0.018742824 0.049033046 0.995261967 0.004708445 -0.097115941 4.917272568
-0.101713330 0.019470349 -0.994623125 -11.507089615 -0.002468415 0.999800503 0.019824119 0.054219760 0.994810641 0.004471520 -0.101644978 4.852210522
-0.103047468 0.020075545 -0.994473755 -12.113897324 -0.000576319 0.999794841 0.020242676 0.066892773 0.994676292 0.002659091 -0.103014760 4.785282135
-0.101852447 0.022366539 -0.994548023 -12.728343964 0.001308279 0.999749303 0.022349531 0.072079062 0.994798601 0.000975208 -0.101856187 4.721086502
-0.100411840 0.024994675 -0.994631886 -13.367960930 0.000887939 0.999686241 0.025032045 0.074807778 0.994945467 0.001630341 -0.100402527 4.654840946
-0.098719470 0.024764977 -0.994807005 -14.029597282 -0.001086850 0.999686956 0.024994310 0.082987256 0.995114684 0.003548631 -0.098661646 4.582435131
-0.097187452 0.022352133 -0.995015025 -14.696633339 -0.002792918 0.999737680 0.022731023 0.091784254 0.995262146 0.004988166 -0.097099543 4.515808582
-0.095785171 0.022225281 -0.995153844 -15.377805710 -0.002724761 0.999740958 0.022589993 0.106027216 0.995398223 0.004875342 -0.095699809 4.446550369
-0.094035424 0.024800943 -0.995259881 -16.085895538 -0.003405081 0.999675751 0.025232706 0.116642669 0.995562971 0.005761710 -0.093920484 4.376509666
-0.092298463 0.028434750 -0.995325327 -16.789182663 -0.004180443 0.999572337 0.028943744 0.123950973 0.995722532 0.006832364 -0.092140131 4.312261581
-0.090585090 0.030500934 -0.995421648 -17.518527985 -0.004250955 0.999509990 0.031013055 0.135063410 0.995879650 0.007040813 -0.090411052 4.241641045
-0.088637143 0.029846426 -0.995616794 -18.257886887 -0.006046530 0.999516428 0.030501641 0.147980049 0.996045589 0.008723604 -0.088413820 4.167167664
-0.087025501 0.026379606 -0.995856822 -19.013275146 -0.008737745 0.999590755 0.027242085 0.167072311 0.996167719 0.011072296 -0.086759396 4.094018936
-0.085446507 0.025908872 -0.996005833 -19.790613174 -0.009509104 0.999595106 0.026818020 0.180765003 0.996297359 0.011762629 -0.085165560 4.026999950
-0.084112175 0.028519720 -0.996048093 -20.566566467 -0.007098118 0.999547839 0.029219342 0.192136750 0.996430933 0.009527770 -0.083871707 3.962630749
-0.082943730 0.030528205 -0.996086597 -21.356836319 -0.005240314 0.999503553 0.031069292 0.207401201 0.996540368 0.007796810 -0.082742564 3.895677805
-0.081476554 0.032471087 -0.996146142 -22.159019470 -0.003856667 0.999451458 0.032894272 0.217399240 0.996667802 0.006521916 -0.081306621 3.827155590
-0.080965899 0.027820932 -0.996328533 -22.956054688 -0.004042909 0.999593019 0.028240629 0.228020713 0.996708691 0.006314593 -0.080820471 3.756944180
-0.080693558 0.020663261 -0.996524811 -23.754848480 -0.002909875 0.999775887 0.020966304 0.240492269 0.996734679 0.004591608 -0.080615349 3.694878578
-0.080775939 0.016354248 -0.996598125 -24.584791183 0.001093646 0.999866128 0.016319241 0.247845158 0.996731639 0.000228276 -0.080783010 3.622788191
-0.081291571 0.016879300 -0.996547520 -25.414630890 0.002323582 0.999857068 0.016745819 0.261082649 0.996687651 -0.000954266 -0.081319168 3.555940628
-0.081147127 0.024640195 -0.996397495 -26.247789383 0.001590581 0.999696255 0.024592236 0.263641447 0.996700823 0.000410738 -0.081161678 3.477592945
-0.081845529 0.031912334 -0.996134043 -27.111089706 -0.000101413 0.999486923 0.032028083 0.271638423 0.996644974 0.002722377 -0.081800304 3.409334421
-0.082058273 0.037197668 -0.995933056 -27.937116623 -0.001855578 0.999295831 0.037476152 0.281603932 0.996625721 0.004923260 -0.081931472 3.328168869
-0.082426839 0.037497047 -0.995891392 -28.781566620 -0.003677381 0.999273717 0.037928756 0.294073313 0.996590316 0.006788619 -0.082229093 3.251483202
-0.082842968 0.033846479 -0.995987594 -29.619590759 -0.003640480 0.999406219 0.034265444 0.311890751 0.996555924 0.006464525 -0.082670562 3.176951408
-0.082527533 0.031057112 -0.996104717 -30.456367493 -0.004180687 0.999494731 0.031509172 0.327766627 0.996580005 0.006764777 -0.082355991 3.090065241
-0.082877897 0.032596663 -0.996026397 -31.293214798 -0.005095453 0.999437988 0.033132292 0.341946334 0.996546686 0.007821141 -0.082665220 3.014985561
-0.083016194 0.034688544 -0.995944202 -32.134159088 -0.006116575 0.999357402 0.035317268 0.354829580 0.996529460 0.009023672 -0.082750671 2.943922520
-0.082730263 0.033441424 -0.996010721 -32.963230133 -0.007275753 0.999389946 0.034159224 0.361670136 0.996545374 0.010072730 -0.082436487 2.866703272
-0.082546271 0.028292974 -0.996185541 -33.786960602 -0.007774217 0.999548316 0.029032674 0.375131071 0.996556878 0.010141101 -0.082289018 2.797472954
-0.082215160 0.024024943 -0.996324956 -34.620403290 -0.009396882 0.999646246 0.024880448 0.387356043 0.996570349 0.011407897 -0.081960306 2.717415571
-0.081640996 0.024705954 -0.996355534 -35.445495605 -0.009308643 0.999630153 0.025549900 0.394033074 0.996618330 0.011360638 -0.081380822 2.649091721
-0.081100665 0.027240109 -0.996333659 -36.274269104 -0.007942588 0.999576986 0.027975304 0.401035219 0.996674299 0.010182284 -0.080849998 2.580033541
-0.080443650 0.032175992 -0.996239662 -37.120643616 -0.007614572 0.999429762 0.032893877 0.412362546 0.996730030 0.010232043 -0.080152772 2.501085281
-0.080075361 0.037915573 -0.996067464 -37.947917938 -0.007039101 0.999229848 0.038601838 0.427631587 0.996763945 0.010102476 -0.079746805 2.439340353
-0.080034055 0.041001089 -0.995948553 -38.788780212 -0.007539415 0.999100208 0.041736696 0.444118083 0.996763647 0.010849225 -0.079652913 2.361420393
-0.079614460 0.040904108 -0.995986164 -39.623401642 -0.006978153 0.999110401 0.041590221 0.464949280 0.996801376 0.010261324 -0.079258189 2.286904812
-0.079718769 0.036401074 -0.996152580 -40.445484161 -0.007144312 0.999286532 0.037087329 0.484920382 0.996791840 0.010073381 -0.079401821 2.220423222
-0.079316258 0.032266848 -0.996327162 -41.270561218 -0.007846836 0.999424756 0.032991849 0.499266684 0.996818662 0.010434804 -0.079017438 2.148253918
-0.078671031 0.029361097 -0.996468127 -42.106239319 -0.012400483 0.999460101 0.030428270 0.512950540 0.996823549 0.014750510 -0.078264453 2.055822849
-0.079594359 0.027786784 -0.996439993 -42.915103912 -0.015506305 0.999455929 0.029109512 0.521036088 0.996706665 0.017768057 -0.079120189 1.996725440
-0.080500536 0.025626166 -0.996425152 -43.732898712 -0.013332669 0.999552369 0.026783729 0.532540798 0.996665418 0.015441108 -0.080122828 1.931418419
-0.081486814 0.021913994 -0.996433556 -44.562786102 -0.009970824 0.999690354 0.022801017 0.538991213 0.996624470 0.011793246 -0.081243068 1.860379457
-0.082375810 0.020624407 -0.996387959 -45.379928589 -0.005181883 0.999763489 0.021122687 0.548101008 0.996587873 0.006903165 -0.082249448 1.797020555
-0.083965503 0.024091322 -0.996177435 -46.192283630 -0.004913981 0.999685585 0.024590353 0.555201232 0.996456563 0.006959938 -0.083820716 1.716620684
-0.085576452 0.030450320 -0.995866120 -47.015556335 -0.003176574 0.999519467 0.030834991 0.556065321 0.996326506 0.005802192 -0.085438602 1.647183061
-0.087425262 0.034419131 -0.995576262 -47.836112976 -0.001317435 0.999398053 0.034666944 0.564586699 0.996170282 0.004342373 -0.087327302 1.573582292
-0.089211792 0.033623856 -0.995444894 -48.648868561 -0.001270869 0.999425352 0.033872198 0.571992993 0.996011853 0.004286880 -0.089117780 1.502009034
-0.090025008 0.029460939 -0.995503604 -49.449066162 -0.004348839 0.999541223 0.029973693 0.583800852 0.995929956 0.007027667 -0.089855582 1.414537191
-0.091054134 0.025770605 -0.995512426 -50.237880707 -0.009510714 0.999597013 0.026746230 0.591237545 0.995800436 0.011903387 -0.090772338 1.328079104
-0.092449553 0.024518089 -0.995415449 -51.027973175 -0.013283269 0.999577403 0.025854291 0.597566187 0.995628715 0.015612590 -0.092084810 1.244537950
-0.093589313 0.025349580 -0.995288134 -51.825447083 -0.014870720 0.999528587 0.026855914 0.606292009 0.995499790 0.017314080 -0.093168244 1.162037492
-0.094208822 0.027098274 -0.995183587 -52.612945557 -0.015039152 0.999476671 0.028638849 0.610426903 0.995438814 0.017664749 -0.093751989 1.080393553
-0.095225580 0.026667239 -0.995098531 -53.399017334 -0.017058589 0.999450624 0.028416283 0.615855873 0.995309532 0.019680930 -0.094718382 0.998426795
-0.095780708 0.026450627 -0.995051086 -54.179412842 -0.017711425 0.999443412 0.028272236 0.623873413 0.995244801 0.020331707 -0.095258929 0.915178716
-0.096324079 0.028306099 -0.994947493 -54.956253052 -0.016131284 0.999419868 0.029995063 0.633224428 0.995219231 0.018939028 -0.095811591 0.837925851
-0.096482068 0.031035328 -0.994850814 -55.729965210 -0.015582026 0.999344170 0.032686669 0.644970536 0.995212734 0.018655468 -0.095935203 0.760059714
-0.096865863 0.035453290 -0.994665802 -56.511428833 -0.015314504 0.999193966 0.037106097 0.653889835 0.995179594 0.018827124 -0.096244834 0.679764450
-0.097457759 0.037606183 -0.994529009 -57.273639679 -0.015476255 0.999107718 0.039295912 0.666700840 0.995119333 0.019221274 -0.096788794 0.604019701
-0.098064870 0.037606392 -0.994469166 -58.024822235 -0.015142389 0.999113679 0.039275218 0.677863717 0.995064795 0.018910158 -0.097408488 0.525244355
-0.098356873 0.035773560 -0.994507968 -58.764640808 -0.014757641 0.999191344 0.037401561 0.685962319 0.995041788 0.018355295 -0.097749390 0.450732052
-0.098433979 0.032069303 -0.994626701 -59.493530273 -0.014381921 0.999330401 0.033644278 0.701004744 0.995039642 0.017616384 -0.097906850 0.373381585
-0.098195180 0.029153686 -0.994740009 -60.223720551 -0.014635949 0.999420345 0.030735640 0.711200476 0.995059550 0.017577060 -0.097711585 0.294074357
-0.097104408 0.026698655 -0.994915962 -60.931610107 -0.014789886 0.999491036 0.028264927 0.722551286 0.995164335 0.017459344 -0.096660130 0.223237112
-0.094751954 0.025926897 -0.995163202 -61.624835968 -0.017825115 0.999456406 0.027735919 0.726140261 0.995341361 0.020366937 -0.094238311 0.149661720
-0.090021960 0.026942026 -0.995575249 -62.321483612 -0.017975898 0.999427259 0.028671682 0.732066512 0.995777547 0.020477444 -0.089486100 0.074895911
-0.084358282 0.028993035 -0.996013522 -62.975837708 -0.017643506 0.999376416 0.030585255 0.730966151 0.996279299 0.020153293 -0.083794147 0.023866342
-0.077622384 0.030338224 -0.996521115 -63.614418030 -0.016491821 0.999361098 0.031709284 0.737835765 0.996846437 0.018895797 -0.077072456 -0.016677560
-0.068609588 0.031573042 -0.997143805 -64.253280640 -0.017723082 0.999302804 0.032860857 0.743647635 0.997486234 0.019927034 -0.068002179 -0.063797504
-0.056799710 0.033401452 -0.997826695 -64.875213623 -0.019794548 0.999206066 0.034574404 0.750714064 0.998189449 0.021715345 -0.056093451 -0.102309488
-0.041946288 0.034914311 -0.998509645 -65.480178833 -0.022891380 0.999093294 0.035896361 0.758140385 0.998857677 0.024362978 -0.041109007 -0.129397079
-0.023523549 0.036060531 -0.999072731 -66.083236694 -0.024213551 0.999035537 0.036629301 0.768534303 0.999430060 0.025052745 -0.022627706 -0.140463233
-0.001626918 0.036884375 -0.999318242 -66.643005371 -0.025078231 0.999003768 0.036913600 0.780707717 0.999684215 0.025121186 -0.000700302 -0.122436531
0.024112171 0.037262272 -0.999014616 -67.161277771 -0.024745120 0.999021113 0.036665276 0.783736169 0.999402940 0.023836657 0.025010630 -0.097929195
0.053610668 0.036621060 -0.997890174 -67.685859680 -0.023327067 0.999100447 0.035412256 0.793378174 0.998289347 0.021379381 0.054416709 -0.053141002
0.087785617 0.036504053 -0.995470345 -68.192932129 -0.022243349 0.999150991 0.034677487 0.801133990 0.995891035 0.019098412 0.088523060 0.013762701
0.125180140 0.036574878 -0.991459727 -68.667846680 -0.021901615 0.999178588 0.034094363 0.810106039 0.991892219 0.017446632 0.125878364 0.101111650
0.166512430 0.036945459 -0.985346973 -69.113288879 -0.021620063 0.999194384 0.033811126 0.804598570 0.985802293 0.015673293 0.167177036 0.191740841
0.211739898 0.037743397 -0.976597011 -69.539497375 -0.021420397 0.999193192 0.033972453 0.816721380 0.977091253 0.013725769 0.212377533 0.303226560
0.259732902 0.036263954 -0.964999437 -69.970138550 -0.017382676 0.999308288 0.032874651 0.813010693 0.965524077 0.008235645 0.260183603 0.462451816
0.308967024 0.031351827 -0.950555921 -70.369102478 -0.009898652 0.999508381 0.029748971 0.812953174 0.951021194 0.000217769 0.309125453 0.646001816
0.361251503 0.026446043 -0.932093382 -70.717239380 -0.005225261 0.999639511 0.026337352 0.809602857 0.932453811 -0.004643979 0.361259460 0.808159888
0.413387656 0.021586314 -0.910299301 -71.099609375 -0.000279123 0.999721944 0.023580074 0.818790376 0.910555065 -0.009493627 0.413278788 1.026356339
0.464515209 0.020775979 -0.885321438 -71.477630615 -0.000565945 0.999731600 0.023163913 0.831195712 0.885564983 -0.010258947 0.464402288 1.263381243
0.513014674 0.019987755 -0.858147144 -71.851432800 0.000938597 0.999715269 0.023846233 0.831131876 0.858379304 -0.013038923 0.512849808 1.518559575
0.557505369 0.014638198 -0.830044389 -72.200408936 0.009442390 0.999668002 0.023971636 0.846736610 0.830119669 -0.021201918 0.557182014 1.813364863
0.601075530 0.008648357 -0.799145579 -72.516403198 0.019481655 0.999485791 0.025469527 0.841039002 0.798954785 -0.030877784 0.600597918 2.119538784
0.644964874 0.004616039 -0.764198363 -72.818519592 0.019600144 0.999552906 0.022579715 0.835984111 0.763960838 -0.029541517 0.644586086 2.398604631
0.686247051 -0.000153275 -0.727368474 -73.123283386 0.017021775 0.999729514 0.015848786 0.838421106 0.727169275 -0.023257287 0.686064065 2.719453335
0.726703823 -0.007006635 -0.686915219 -73.402938843 0.013597390 0.999898851 0.004185881 0.842417359 0.686816394 -0.012382149 0.726725578 3.059553623
0.766002834 -0.009949841 -0.642760277 -73.677551270 0.009125066 0.999947846 -0.004604356 0.850403845 0.642772496 -0.002338285 0.766053498 3.424627066
0.802811086 -0.009490396 -0.596157908 -73.908180237 0.006503238 0.999953210 -0.007160988 0.840862870 0.596198142 0.001871963 0.802835226 3.794354200
0.836593628 -0.011042413 -0.547712624 -74.140426636 0.007284800 0.999932587 -0.009032569 0.836873710 0.547775567 0.003566613 0.836617768 4.220528126
0.866937339 -0.009478777 -0.498326957 -74.361740112 0.004445095 0.999926448 -0.011286691 0.830904663 0.498397291 0.007569744 0.866915762 4.667653561
0.892511547 -0.008180683 -0.450950384 -74.560951233 0.004016134 0.999939919 -0.010191249 0.817519009 0.451006770 0.007284729 0.892490804 5.141587734
0.914057076 -0.001621211 -0.405582339 -74.781425476 -0.002416279 0.999952435 -0.009442599 0.810251892 0.405578375 0.009611073 0.914009750 5.635041714
0.931383967 0.002458289 -0.364029884 -74.962692261 -0.007051016 0.999911368 -0.011287897 0.803754926 0.363969952 0.013080145 0.931318879 6.151444435
0.944831669 0.007879173 -0.327461302 -75.141281128 -0.011737862 0.999882936 -0.009808946 0.794145882 0.327345699 0.013111499 0.944813669 6.692790031
0.954741180 0.008101619 -0.297327340 -75.294998169 -0.010963807 0.999908149 -0.007959991 0.782508135 0.297235548 0.010859571 0.954742432 7.238630295
0.962046266 0.007790272 -0.272774994 -75.461174011 -0.009966458 0.999928594 -0.006593272 0.773608565 0.272704124 0.009061634 0.962055266 7.827163219
0.967807293 0.008143320 -0.251560241 -75.603675842 -0.009653411 0.999942005 -0.004769419 0.767359078 0.251506776 0.007044294 0.967829883 8.421313286
0.972391427 0.009999678 -0.233141288 -75.748519897 -0.010773612 0.999939919 -0.002046366 0.758607805 0.233106792 0.004501645 0.972440720 9.041710854
0.975927651 0.015236955 -0.217561528 -75.901451111 -0.015810007 0.999874592 -0.000893441 0.754488707 0.217520624 0.004311583 0.976046205 9.685473442
0.978656113 0.019046975 -0.204619959 -76.037727356 -0.019338818 0.999812722 0.000573554 0.744220734 0.204592630 0.003395796 0.978841305 10.330344200
0.981317699 0.017475542 -0.191598311 -76.161453247 -0.017733445 0.999842644 0.000368716 0.736606002 0.191574618 0.003035871 0.981473327 10.994701385
0.983903646 0.017868461 -0.177804187 -76.281135559 -0.018153382 0.999835134 0.000024399 0.726951063 0.177775338 0.003203741 0.984065831 11.672815323
0.986405075 0.018034140 -0.163339198 -76.388961792 -0.018170873 0.999834597 0.000657039 0.721017897 0.163324073 0.002319908 0.986569703 12.371880531
0.988615692 0.019772280 -0.149157330 -76.498374939 -0.019847745 0.999802470 0.000982721 0.714073539 0.149147317 0.001988903 0.988812983 13.087279320
0.990510583 0.019884354 -0.135990366 -76.606254578 -0.020319376 0.999791861 -0.001811465 0.702232361 0.135926053 0.004557515 0.990708530 13.802792549
0.991969883 0.020292476 -0.124835625 -76.694671631 -0.021317495 0.999749064 -0.006880473 0.687182546 0.124664694 0.009486404 0.992153585 14.528208733
0.993133485 0.018865878 -0.115455523 -76.777595520 -0.020503443 0.999705017 -0.013012287 0.675311685 0.115176000 0.015290176 0.993227422 15.270298004
0.994056165 0.018520227 -0.107280999 -76.862884521 -0.020052478 0.999711514 -0.013221411 0.664592266 0.107005186 0.015294077 0.994140863 16.028944016
0.994743228 0.020414252 -0.100345626 -76.942749023 -0.021225510 0.999750018 -0.007023564 0.646262586 0.100177184 0.009116530 0.994927883 16.791625977
0.995109141 0.024647759 -0.095657125 -77.035186768 -0.024668327 0.999695122 0.000967736 0.626868129 0.095651843 0.001396699 0.995413899 17.597131729
0.995528579 0.025683139 -0.090901680 -77.113693237 -0.025370141 0.999667466 0.004597253 0.613375247 0.090989545 -0.002270508 0.995849252 18.363508224
0.995867908 0.024116337 -0.087552831 -77.183273315 -0.023885788 0.999707878 0.003680127 0.601367891 0.087616012 -0.001573652 0.996153116 19.136898041
0.996116579 0.023805592 -0.084764183 -77.248214722 -0.023666738 0.999716401 0.002642741 0.591722131 0.084803060 -0.000626387 0.996397555 19.909915924
0.996408761 0.023189183 -0.081436530 -77.317169189 -0.022835724 0.999725342 0.005269140 0.575305045 0.081536353 -0.003390555 0.996664584 20.676895142
0.996637285 0.020377908 -0.079365060 -77.377494812 -0.019852353 0.999775469 0.007405467 0.572434366 0.079498157 -0.005804983 0.996818066 21.451599121
0.996923804 0.018113926 -0.076254278 -77.437767029 -0.017476395 0.999806643 0.009019583 0.563657582 0.076402910 -0.007659188 0.997047603 22.219394684
0.997127414 0.017597748 -0.073668398 -77.496879578 -0.017239429 0.999836266 0.005497009 0.551304758 0.073753066 -0.004211218 0.997267604 22.978252411
0.997205257 0.020426964 -0.071863867 -77.557853699 -0.020575460 0.999787331 -0.001326635 0.536203623 0.071821488 0.002801561 0.997413576 23.728235245
0.997294545 0.021668857 -0.070241585 -77.613563538 -0.022365555 0.999707997 -0.009147219 0.522485375 0.070022859 0.010693466 0.997488081 24.479623795
0.997372985 0.022546023 -0.068838350 -77.672760010 -0.023520203 0.999633968 -0.013374048 0.508126318 0.068511628 0.014958008 0.997538209 25.239128113
0.997500181 0.024375118 -0.066327654 -77.734939575 -0.025214547 0.999611914 -0.011848174 0.487530470 0.066013113 0.013490978 0.997727573 26.003229141
0.997563660 0.027494904 -0.064114876 -77.792633057 -0.028051831 0.999576092 -0.007802324 0.466628850 0.063873164 0.009581855 0.997912049 26.756362915
0.997637391 0.030541459 -0.061538633 -77.853271484 -0.030757928 0.999523580 -0.002573149 0.447472513 0.061430730 0.004459871 0.998101354 27.519651413
0.997881114 0.028417945 -0.058531567 -77.905868530 -0.028525176 0.999592602 -0.000997095 0.435201854 0.058479387 0.002664606 0.998285115 28.281797409
0.998018563 0.025712939 -0.057427410 -77.951828003 -0.025793204 0.999667108 -0.000656722 0.416237175 0.057391409 0.002136657 0.998349428 29.044742584
0.998144269 0.023456268 -0.056196135 -77.995643616 -0.023540735 0.999722540 -0.000841449 0.401581913 0.056160811 0.002162786 0.998419464 29.796508789
0.998184443 0.023353074 -0.055518731 -78.037033081 -0.023543373 0.999718904 -0.002775983 0.389808834 0.055438306 0.004078041 0.998453736 30.539735794
0.998267353 0.021137839 -0.054914504 -78.077583313 -0.021396797 0.999762475 -0.004131895 0.377196968 0.054814130 0.005299729 0.998482525 31.296844482
0.998328865 0.019797120 -0.054290321 -78.119873047 -0.020044083 0.999791026 -0.004008186 0.363664627 0.054199632 0.005089687 0.998517156 32.054927826
0.998285353 0.024066929 -0.053359754 -78.172134399 -0.024260541 0.999701202 -0.002983614 0.349460453 0.053272013 0.004273034 0.998570919 32.828933716
0.998292565 0.024050808 -0.053228885 -78.219490051 -0.024284251 0.999698043 -0.003743120 0.335893422 0.053122792 0.005029353 0.998575270 33.610599518
0.998202384 0.023502603 -0.055130821 -78.260772705 -0.023745611 0.999710917 -0.003756821 0.320413917 0.055026591 0.005059183 0.998472035 34.384654999
0.998162568 0.021447934 -0.056668621 -78.314010620 -0.021661026 0.999760449 -0.003148653 0.306121677 0.056587514 0.004370368 0.998388052 35.171836853
0.997957706 0.022867747 -0.059644256 -78.375770569 -0.023100108 0.999727845 -0.003209045 0.292324215 0.059554655 0.004580279 0.998214543 35.978096008
0.997673392 0.026862342 -0.062659882 -78.427253723 -0.027122000 0.999626696 -0.003296913 0.273069024 0.062547930 0.004988702 0.998029530 36.749282837
0.997495890 0.027180193 -0.065293416 -78.489845276 -0.027780354 0.999579549 -0.008301345 0.258869022 0.065040343 0.010094431 0.997831583 37.545688629
0.997325182 0.027618805 -0.067673177 -78.556037903 -0.028477129 0.999525368 -0.011751573 0.245772660 0.067316495 0.013647276 0.997638285 38.339141846
0.997232914 0.027645361 -0.069008872 -78.628440857 -0.028638253 0.999499440 -0.013440059 0.230913371 0.068602778 0.015379163 0.997525573 39.131572723
0.997065783 0.028042328 -0.071230486 -78.697311401 -0.028958064 0.999510229 -0.011855759 0.209091604 0.070863165 0.013883664 0.997389376 39.965923309
0.996907949 0.026627418 -0.073929794 -78.753181458 -0.027522024 0.999559522 -0.011108346 0.188218132 0.073601447 0.013108694 0.997201622 40.789829254
0.996809125 0.026138067 -0.075422958 -78.819885254 -0.026941175 0.999590397 -0.009650177 0.173327446 0.075139843 0.011651365 0.997104943 41.616050720
0.996760786 0.025839601 -0.076159731 -78.894828796 -0.026349761 0.999636531 -0.005701171 0.155789942 0.075984731 0.007689493 0.997079372 42.437465668
0.996680975 0.025371758 -0.077351175 -78.960929871 -0.025529433 0.999673486 -0.001050127 0.141508251 0.077299267 0.003021373 0.997003317 43.315589905
0.996740341 0.025101626 -0.076671980 -79.029167175 -0.025103426 0.999684393 0.000940396 0.127763614 0.076671384 0.000987399 0.997055888 44.168167114
0.996819437 0.028207261 -0.074534141 -79.100395203 -0.028226037 0.999601245 0.000801667 0.115718387 0.074527010 0.001304686 0.997218132 45.021865845
0.996961534 0.027750991 -0.072785005 -79.169372559 -0.027834134 0.999612570 -0.000128052 0.103875726 0.072753266 0.002153571 0.997347653 45.887474060
0.997132182 0.025427738 -0.071280800 -79.230400085 -0.025658730 0.999668062 -0.002326634 0.088456169 0.071197987 0.004148936 0.997453570 46.747375488
0.997329593 0.021345858 -0.069843628 -79.286064148 -0.021671265 0.999757588 -0.003904573 0.072992168 0.069743358 0.005407745 0.997550309 47.618026733
0.997509122 0.020186754 -0.067586124 -79.353485107 -0.020516435 0.999780715 -0.004187357 0.060119551 0.067486763 0.005563554 0.997704625 48.491004944
0.997612178 0.017862707 -0.066713817 -79.412414551 -0.018001409 0.999836743 -0.001478472 0.042090584 0.066676520 0.002675884 0.997771025 49.366844177
0.997741520 0.015547995 -0.065345429 -79.476814270 -0.015529296 0.999879003 0.000794061 0.030512709 0.065349869 0.000222501 0.997862339 50.241443634
0.997767031 0.015174014 -0.065043189 -79.529624939 -0.015128507 0.999884844 0.001192149 0.010887073 0.065053776 -0.000205480 0.997881651 51.120323181
0.997827053 0.017391000 -0.063550569 -79.593063354 -0.017557582 0.999843717 -0.002063654 -0.008011690 0.063504748 0.003174965 0.997976422 51.995197296
0.997842968 0.019684173 -0.062623806 -79.659584045 -0.020186333 0.999768913 -0.007396065 -0.031976853 0.062463734 0.008644257 0.998009801 52.852310181
0.997855008 0.021556085 -0.061811101 -79.716331482 -0.022402782 0.999663949 -0.013037845 -0.050828774 0.061509285 0.014394621 0.998002708 53.712268829
0.997802794 0.026528666 -0.060711000 -79.784423828 -0.027715378 0.999439240 -0.018788803 -0.075326867 0.060178518 0.020430150 0.997978568 54.559135437
0.997866809 0.026522264 -0.059650287 -79.840957642 -0.027741306 0.999420941 -0.019701844 -0.105074406 0.059093200 0.021314597 0.998024881 55.408905029
0.997912765 0.023341984 -0.060209438 -79.885169983 -0.024226187 0.999608457 -0.013997433 -0.124836653 0.059859134 0.015426863 0.998087645 56.274154663
0.997915328 0.022761423 -0.060388472 -79.957458496 -0.023106065 0.999720395 -0.005014830 -0.150810868 0.060257450 0.006399715 0.998162329 57.132202148
0.997867703 0.021254353 -0.061710533 -80.010826111 -0.021097954 0.999772370 0.003184977 -0.175711304 0.061764173 -0.001876220 0.998089015 57.986778259
0.997766256 0.019533852 -0.063881442 -80.069709778 -0.019518560 0.999809086 0.000863510 -0.190454617 0.063886113 0.000385292 0.997957110 58.826736450
0.997749567 0.014600977 -0.065440327 -80.133430481 -0.014775641 0.999888361 -0.002185854 -0.209322974 0.065401115 0.003147857 0.997854054 59.665462494
0.997594059 0.013397330 -0.068018734 -80.195213318 -0.013711791 0.999897301 -0.004158366 -0.228501901 0.067956030 0.005081019 0.997675359 60.501888275
0.997366726 0.015116982 -0.070930459 -80.258346558 -0.015613819 0.999857187 -0.006455329 -0.244623661 0.070822738 0.007545825 0.997460365 61.309062958
0.997107148 0.016619945 -0.074169703 -80.327507019 -0.017392175 0.999800861 -0.009777931 -0.265329719 0.073992439 0.011039619 0.997197688 62.128681183
0.996790111 0.017394222 -0.078147277 -80.398139954 -0.018477472 0.999742687 -0.013159936 -0.287932813 0.077898264 0.014561660 0.996854961 62.942451477
0.996510088 0.019306967 -0.081209272 -80.474060059 -0.020749057 0.999641001 -0.016951369 -0.314934403 0.080852851 0.018577227 0.996552885 63.755943298
0.996153295 0.024394678 -0.084163927 -80.564323425 -0.025920171 0.999518037 -0.017080253 -0.341022015 0.083706714 0.019196095 0.996305466 64.555526733
0.995746791 0.028001256 -0.087774493 -80.644989014 -0.029439447 0.999451935 -0.015133352 -0.364671767 0.087302648 0.017653020 0.996025383 65.360588074
0.995330811 0.030800156 -0.091477439 -80.731002808 -0.031759169 0.999454558 -0.009046100 -0.389542133 0.091148928 0.011909110 0.995766044 66.158966064
0.994928658 0.031217745 -0.095616393 -80.812622070 -0.031699769 0.999491215 -0.003526060 -0.411442965 0.095457666 0.006539195 0.995412052 66.975639343
0.994447708 0.030873535 -0.100601934 -80.898651123 -0.031012233 0.999518991 0.000185314 -0.429156393 0.100559264 0.002935605 0.994926751 67.772270203
0.993798077 0.030193817 -0.107022345 -80.991325378 -0.030213404 0.999542356 0.001438763 -0.445293725 0.107016824 0.001803668 0.994255662 68.564086914
0.993241847 0.027763838 -0.112693883 -81.080833435 -0.027355874 0.999612451 0.005165142 -0.457652390 0.112793624 -0.002047395 0.993616343 69.349990845
0.992469728 0.028422967 -0.119147219 -81.181838989 -0.028056799 0.999595106 0.004749884 -0.469600767 0.119233981 -0.001371226 0.992865264 70.127906799
0.991635382 0.033080041 -0.124759965 -81.302459717 -0.032806579 0.999452651 0.004246373 -0.483634353 0.124832161 -0.000117906 0.992177844 70.900833130
0.990768492 0.034560345 -0.131085351 -81.409706116 -0.034785680 0.999394655 0.000571126 -0.495246768 0.131025732 0.003994040 0.991370916 71.674667358
0.989993393 0.033612937 -0.137051597 -81.521743774 -0.034217548 0.999412298 -0.002057365 -0.507810593 0.136901885 0.006726347 0.990561843 72.441062927
0.989196062 0.035037469 -0.142350078 -81.642623901 -0.035902046 0.999349177 -0.003508975 -0.518748581 0.142134473 0.008581722 0.989810169 73.211135864
0.988442481 0.036992598 -0.147013500 -81.760536194 -0.037171248 0.999307752 0.001532816 -0.530641615 0.146968424 0.003949575 0.989133298 73.972366333
0.987489939 0.037935078 -0.153051123 -81.889038086 -0.037537832 0.999280095 0.005485363 -0.540611088 0.153149068 0.000328466 0.988203049 74.733650208
0.986521006 0.036583807 -0.159493193 -82.014137268 -0.035768822 0.999328256 0.007978633 -0.557429135 0.159677938 -0.002166205 0.987166762 75.489555359
0.985348880 0.034158632 -0.167094931 -82.141288757 -0.033994351 0.999414623 0.003844127 -0.562556267 0.167128429 0.001892478 0.985933304 76.238624573
0.984008253 0.032325692 -0.175165236 -82.280151367 -0.033345245 0.999439776 -0.002879643 -0.574645221 0.174974009 0.008674520 0.984534740 76.969230652
0.982460499 0.029777732 -0.184077919 -82.429100037 -0.031080650 0.999508083 -0.004196184 -0.589960575 0.183862418 0.009843846 0.982902586 77.713043213
0.980364144 0.029474510 -0.194980577 -82.577331543 -0.030333962 0.999538898 -0.001422777 -0.603718638 0.194848716 0.007309375 0.980806053 78.450126648
0.978077531 0.029448144 -0.206148013 -82.743392944 -0.029128496 0.999565184 0.004586084 -0.609731078 0.206193432 0.001519236 0.978510022 79.191345215
0.975576937 0.030521648 -0.217527136 -82.915588379 -0.028504506 0.999516845 0.012405610 -0.618406355 0.217800647 -0.005902124 0.975975394 79.904273987
0.973007739 0.031148713 -0.228660703 -83.097755432 -0.028285559 0.999475241 0.015788890 -0.625769377 0.229032487 -0.008894915 0.973378122 80.629493713
0.970072091 0.034558080 -0.240345657 -83.289871216 -0.032643437 0.999395669 0.011944103 -0.639151335 0.240613163 -0.003740930 0.970613956 81.347358704
0.967090905 0.034416500 -0.252092987 -83.493484497 -0.034796670 0.999390066 0.002951208 -0.647607803 0.252040803 0.005917910 0.967698574 82.047088623
0.963936150 0.031859364 -0.264220059 -83.703041077 -0.033609480 0.999432862 -0.002104654 -0.647238970 0.264003158 0.010909049 0.964460135 82.758010864
0.960483611 0.030599400 -0.276649624 -83.903610229 -0.030971857 0.999515712 0.003024115 -0.654252350 0.276608169 0.005663739 0.960966110 83.481765747
0.957159877 0.031741470 -0.287815392 -84.131523132 -0.030046390 0.999495447 0.010306112 -0.660294652 0.287997276 -0.001216782 0.957630455 84.204612732
0.953499556 0.031663682 -0.299726665 -84.365943909 -0.028247954 0.999477327 0.015723394 -0.665661871 0.300067812 -0.006525584 0.953895509 84.915283203
0.949471712 0.029388916 -0.312473774 -84.607795715 -0.026355689 0.999555707 0.013927171 -0.668935657 0.312744200 -0.004987991 0.949824274 85.628150940
0.945874333 0.028054325 -0.323318183 -84.865913391 -0.026254568 0.999606013 0.009927510 -0.676621735 0.323469251 -0.000901597 0.946238279 86.324279785
0.942709088 0.023206232 -0.332807750 -85.107994080 -0.023648506 0.999716520 0.002722274 -0.680865347 0.332776576 0.005304093 0.942990780 87.014396667
0.939890742 0.019161748 -0.340936989 -85.363288879 -0.021550929 0.999762475 -0.003221492 -0.687087238 0.340794325 0.010375362 0.940080583 87.718429565
0.937391162 0.018593471 -0.347781539 -85.637023926 -0.021837462 0.999746859 -0.005409959 -0.694482446 0.347593009 0.012665916 0.937559903 88.421409607
0.934279203 0.024282733 -0.355714262 -85.922744751 -0.027862366 0.999599457 -0.004942802 -0.714877903 0.355451792 0.014528999 0.934581697 89.132156372
0.931285024 0.024516998 -0.363465428 -86.197082520 -0.027306832 0.999623775 -0.002538516 -0.730126977 0.363266528 0.012289171 0.931604147 89.815750122
0.928183973 0.024760034 -0.371296942 -86.483810425 -0.025014335 0.999678493 0.004131923 -0.733933568 0.371279955 0.005452560 0.928504944 90.522819519
0.925394893 0.026894782 -0.378048867 -86.772438049 -0.023880573 0.999634683 0.012659719 -0.743886650 0.378251195 -0.002687216 0.925699115 91.232208252
0.922819316 0.037330758 -0.383419991 -87.095642090 -0.032356635 0.999287784 0.019416938 -0.754235208 0.383871734 -0.005512144 0.923370004 91.933753967
0.920065284 0.043349650 -0.389359444 -87.400405884 -0.040166412 0.999059737 0.016317001 -0.750750721 0.389700741 0.000626464 0.920941293 92.625297546
0.917768598 0.039791968 -0.395117044 -87.704673767 -0.039607439 0.999178112 0.008627309 -0.749663949 0.395135581 0.007731698 0.918590248 93.312072754
0.915883660 0.032360137 -0.400137633 -88.007553101 -0.034675937 0.999397516 0.001453311 -0.757218778 0.399943590 0.012544080 0.916453898 94.001869202
0.913935781 0.032518636 -0.404553950 -88.312736511 -0.035361703 0.999374509 0.000444871 -0.757139742 0.404315382 0.013899132 0.914514005 94.699882507
0.912028790 0.039055850 -0.408262521 -88.661262512 -0.040251691 0.999173522 0.005665184 -0.766042888 0.408146352 0.011266442 0.912846982 95.396514893
0.909583151 0.041527513 -0.413441628 -88.995208740 -0.041029356 0.999107003 0.010088071 -0.774045408 0.413491398 0.007787303 0.910474718 96.115539551
0.907363117 0.037823915 -0.418642402 -89.318077087 -0.037852116 0.999249458 0.008240703 -0.785226822 0.418639868 0.008369192 0.908113778 96.814025879
0.905096054 0.036329955 -0.423652351 -89.653099060 -0.039128646 0.999231935 0.002093395 -0.796005905 0.423403084 0.014682222 0.905822456 97.501686096
0.903003514 0.033449143 -0.428329140 -89.994194031 -0.039158419 0.999222696 -0.004522301 -0.801299274 0.427844971 0.020856345 0.903611481 98.196884155
