1.000000000 0.000000000 0.000000000 0.000000000 0.000000000 1.000000000 0.000000000 0.000000000 0.000000000 0.000000000 1.000000000 0.000000000
0.999995649 0.002941640 0.000151327 -0.005911354 -0.002941847 0.999994695 0.001380513 -0.012899364 -0.000147265 -0.001380952 0.999999046 0.772509694
0.999985099 0.005425090 0.000626595 -0.012916918 -0.005426333 0.999983311 0.001997239 -0.030862913 -0.000615749 -0.002000608 0.999997795 1.538818240
0.999977410 0.006620744 0.001152225 -0.020681210 -0.006622906 0.999976277 0.001882701 -0.048980739 -0.001139733 -0.001890290 0.999997556 2.275131464
0.999962747 0.008561235 0.001040203 -0.023731852 -0.008562872 0.999962091 0.001580524 -0.062147979 -0.001026633 -0.001589372 0.999998271 3.002614737
0.999959171 0.008850045 0.001815508 -0.034541700 -0.008852318 0.999960065 0.001246789 -0.075022258 -0.001804401 -0.001262809 0.999997556 3.718796968
0.999957681 0.009040418 0.001730429 -0.026820211 -0.009043905 0.999957144 0.002017427 -0.085699886 -0.001712116 -0.002032991 0.999996424 4.419129372
0.999945879 0.009964908 0.002984021 -0.046152517 -0.009980023 0.999937177 0.005094094 -0.103296064 -0.002933071 -0.005123599 0.999982595 5.087882519
0.999943018 0.009729649 0.004373885 -0.041188326 -0.009768146 0.999912977 0.008868025 -0.108302779 -0.004287222 -0.008910245 0.999951065 5.756511211
0.999943435 0.009036618 0.005612783 -0.038866404 -0.009106833 0.999879003 0.012612831 -0.120879792 -0.005498127 -0.012663231 0.999904692 6.383866787
0.999942243 0.008285915 0.006846836 -0.039196368 -0.008385178 0.999858201 0.014598297 -0.126163855 -0.006724906 -0.014654865 0.999870002 6.994246483
0.999932408 0.008899140 0.007480073 -0.024436399 -0.009008098 0.999851882 0.014661213 -0.138173789 -0.007348493 -0.014727602 0.999864519 7.573133945
0.999919951 0.009503801 0.008352592 -0.020988479 -0.009604025 0.999881327 0.012041744 -0.146292239 -0.008237159 -0.012120998 0.999892592 8.123819351
0.999911666 0.009408539 0.009377687 -0.020770593 -0.009492745 0.999914587 0.008975814 -0.148736507 -0.009292437 -0.009064042 0.999915719 8.658089638
0.999910653 0.007945665 0.010746591 -0.007708510 -0.008028523 0.999938190 0.007689140 -0.158688173 -0.010684831 -0.007774733 0.999912679 9.153562546
0.999908447 0.003962681 0.012929692 -0.005677089 -0.004030795 0.999978065 0.005246384 -0.162889093 -0.012908619 -0.005298021 0.999902606 9.618361473
0.999890625 0.002146576 0.014634443 0.007844496 -0.002210282 0.999988139 0.004338434 -0.170506477 -0.014624959 -0.004370305 0.999883473 10.064023972
0.999847651 0.006467930 0.016218429 0.018084377 -0.006506074 0.999976277 0.002300280 -0.180632874 -0.016203167 -0.002405447 0.999865830 10.481667519
0.999746919 0.011018972 0.019613637 0.013837787 -0.011051690 0.999937654 0.001560506 -0.188180968 -0.019595219 -0.001776874 0.999806404 10.869287491
0.999680459 0.011089883 0.022716625 0.022469286 -0.011155554 0.999933898 0.002766152 -0.198667690 -0.022684447 -0.003018684 0.999738097 11.211759567
0.999636710 0.006836259 0.026075285 0.034347184 -0.006924936 0.999970555 0.003312036 -0.205094337 -0.026051875 -0.003491403 0.999654472 11.535793304
0.999582410 0.002998561 0.028737495 0.049769569 -0.003077412 0.999991536 0.002700012 -0.203986704 -0.028729156 -0.002787323 0.999583364 11.810747147
0.999516904 -0.000500762 0.031073179 0.065324128 0.000375182 0.999991715 0.004047126 -0.209616423 -0.031074947 -0.004033512 0.999508917 12.066666603
0.999439776 -0.000849713 0.033455774 0.075934738 0.000678215 0.999986529 0.005137146 -0.215877593 -0.033459693 -0.005111577 0.999427080 12.300930023
0.999361038 -0.000300482 0.035739597 0.079711854 0.000148047 0.999990821 0.004267751 -0.221578613 -0.035740554 -0.004259733 0.999352038 12.502085686
0.999305069 0.000416525 0.037272260 0.100405954 -0.000529600 0.999995291 0.003023956 -0.229464129 -0.037270825 -0.003041593 0.999300599 12.704557419
0.999174953 0.002955501 0.040505197 0.095895633 -0.003040337 0.999993324 0.002032994 -0.232632771 -0.040498920 -0.002154466 0.999177337 12.860474586
0.999094009 0.005791882 0.042161524 0.099276043 -0.005862225 0.999981642 0.001545004 -0.239983723 -0.042151805 -0.001790765 0.999109626 13.029446602
0.999030888 0.007243400 0.043413173 0.106080554 -0.007257186 0.999973595 0.000159964 -0.247805506 -0.043410875 -0.000474866 0.999057233 13.184213638
0.998952091 0.006226536 0.045342460 0.114811935 -0.006162591 0.999979734 -0.001549911 -0.254187495 -0.045351192 0.001268860 0.998970330 13.332851410
0.998883247 0.005322390 0.046944503 0.119210213 -0.005180777 0.999981523 -0.003137745 -0.257314205 -0.046960346 0.002891032 0.998892546 13.469418526
0.998819828 0.004454855 0.048364386 0.129791439 -0.004268625 0.999983072 -0.003953138 -0.259196520 -0.048381187 0.003742024 0.998821914 13.611448288
0.998763800 0.004988005 0.049458265 0.141439304 -0.004734923 0.999975026 -0.005232942 -0.263190538 -0.049483139 0.004992292 0.998762488 13.748423576
0.998683453 0.005997126 0.050946411 0.145447984 -0.005642231 0.999958754 -0.007107015 -0.269129008 -0.050986934 0.006810206 0.998676121 13.870784760
0.998626649 0.006217822 0.052019555 0.148244530 -0.005712645 0.999935150 -0.009854378 -0.265954167 -0.052077446 0.009543676 0.998597443 13.990015030
0.998601556 0.005343246 0.052595705 0.159272090 -0.004722506 0.999917865 -0.011919328 -0.272576243 -0.052655067 0.011654276 0.998544753 14.114312172
0.998632729 0.004511160 0.052080132 0.166683987 -0.003808951 0.999900639 -0.013574651 -0.277431160 -0.052136194 0.013357720 0.998550653 14.238697052
0.998738885 0.004061848 0.050039474 0.173094943 -0.003319224 0.999883175 -0.014914930 -0.279586375 -0.050094213 0.014730030 0.998635888 14.365792274
0.998877823 0.004076909 0.047185753 0.173064947 -0.003344334 0.999872804 -0.015593915 -0.285363168 -0.047243327 0.015418611 0.998764396 14.493676186
0.999069452 0.004667956 0.042876501 0.181806758 -0.003941491 0.999847472 -0.017012140 -0.285156280 -0.042949378 0.016827311 0.998935521 14.617096901
0.999302924 0.004389216 0.037072215 0.179575861 -0.003715534 0.999827087 -0.018221566 -0.286693573 -0.037145779 0.018071122 0.999146461 14.753486633
0.999527276 0.004595855 0.030399030 0.174670711 -0.004019741 0.999811649 -0.018985758 -0.290563673 -0.030480556 0.018854588 0.999357522 14.874172211
0.999707222 0.004719428 0.023731081 0.162794709 -0.004254020 0.999798298 -0.019624157 -0.293592721 -0.023818908 0.019517459 0.999525666 14.990201950
0.999869168 0.004271323 0.015602157 0.160225913 -0.003952536 0.999783933 -0.020406304 -0.297572464 -0.015685948 0.020341966 0.999669969 15.123671532
0.999977946 0.003677619 0.005521178 0.148174703 -0.003556750 0.999757230 -0.021744410 -0.298114836 -0.005599806 0.021724295 0.999748230 15.252379417
0.999968827 0.001937567 -0.007654595 0.141974106 -0.002116006 0.999724567 -0.023372430 -0.300786853 0.007607201 0.023387901 0.999697506 15.404538155
0.999714077 0.001078963 -0.023887241 0.123979524 -0.001681517 0.999680459 -0.025219256 -0.306318283 0.023852400 0.025252214 0.999396503 15.557147980
0.999071240 0.001658198 -0.043057635 0.096534014 -0.002791956 0.999650598 -0.026284397 -0.309717029 0.042999003 0.026380200 0.998726785 15.735548019
0.997899652 0.002594262 -0.064727344 0.058132503 -0.004284943 0.999652863 -0.025994904 -0.313964546 0.064637437 0.026217656 0.997564375 15.915857315
0.996074855 0.002750563 -0.088472016 0.025355382 -0.004942567 0.999685943 -0.024566717 -0.320138484 0.088376664 0.024907570 0.995775700 16.123298645
0.993371665 0.003668874 -0.114888281 -0.030227857 -0.006340593 0.999717653 -0.022898121 -0.329358488 0.114771836 0.023474807 0.993114471 16.314947128
0.989469230 0.004855912 -0.144661590 -0.105335936 -0.007919404 0.999756277 -0.020608647 -0.337742925 0.144526243 0.021537259 0.989266574 16.542068481
0.984018087 0.004723054 -0.178006232 -0.174551770 -0.007958469 0.999815822 -0.017466208 -0.336014122 0.177890942 0.018603723 0.983874381 16.793367386
0.976652384 0.005801024 -0.214747861 -0.265786380 -0.008863419 0.999872386 -0.013300233 -0.345582545 0.214643285 0.014893104 0.976579010 17.045049667
0.967025101 0.007310001 -0.254576474 -0.360791355 -0.009652867 0.999921739 -0.007954916 -0.353041202 0.254498392 0.010149998 0.967019975 17.296220779
0.955222249 0.011656974 -0.295659333 -0.491859406 -0.013063011 0.999910772 -0.002780712 -0.358671576 0.295600533 0.006518399 0.955289364 17.569892883
0.941065192 0.014908848 -0.337896407 -0.628558755 -0.015301783 0.999881804 0.001500786 -0.360449225 0.337878853 0.003758080 0.941182077 17.843271255
0.924362481 0.017384963 -0.381119072 -0.777000844 -0.015801234 0.999848604 0.007284505 -0.364104509 0.381188035 -0.000711372 0.924497247 18.113176346
0.905060589 0.021149777 -0.424756289 -0.927750468 -0.016159402 0.999751627 0.015348296 -0.375161499 0.424975455 -0.007027328 0.905177593 18.376792908
0.883268833 0.025233481 -0.468187392 -1.118592381 -0.017077643 0.999619603 0.021657426 -0.371212602 0.468555838 -0.011133793 0.883363724 18.656684875
0.858478904 0.030692868 -0.511929631 -1.329145193 -0.020064443 0.999453366 0.026275469 -0.370227695 0.512456238 -0.012285355 0.858625472 18.935800552
0.830590010 0.033946753 -0.555848777 -1.558657289 -0.020970456 0.999338984 0.029695952 -0.367212743 0.556489468 -0.013008757 0.830752909 19.207168579
0.799708307 0.037835527 -0.599195421 -1.803409457 -0.023607053 0.999222159 0.031587921 -0.363483518 0.599924505 -0.011115883 0.799979448 19.467018127
0.765477419 0.041122660 -0.642147362 -2.073469400 -0.024310205 0.999091566 0.035001919 -0.360819876 0.643003345 -0.011182445 0.765781641 19.745096207
0.729039013 0.044542126 -0.683021307 -2.392251968 -0.025232095 0.998951018 0.038212884 -0.339045197 0.684006929 -0.010624619 0.729398131 20.018667221
0.689845920 0.045291450 -0.722538114 -2.719419003 -0.022583626 0.998901665 0.041053183 -0.322474569 0.723603904 -0.012002840 0.690111101 20.286283493
0.648535967 0.044961695 -0.759854913 -3.069185495 -0.020031730 0.998916268 0.042010225 -0.303752661 0.760920405 -0.012023933 0.648733854 20.551364899
0.605897129 0.044149645 -0.794316947 -3.451628685 -0.014602654 0.998907864 0.044382434 -0.294908106 0.795408964 -0.015292054 0.605880082 20.802843094
0.561430752 0.044007279 -0.826352596 -3.853990793 -0.009482084 0.998861551 0.046752006 -0.278962165 0.827469289 -0.018412471 0.561208963 21.040390015
0.514234245 0.045114629 -0.856462359 -4.287862301 -0.007434077 0.998812497 0.048149452 -0.253954977 0.857617557 -0.018393090 0.513958931 21.267551422
0.464933634 0.044502933 -0.884226322 -4.752182007 -0.006535381 0.998881221 0.046837132 -0.227043509 0.885321438 -0.015997402 0.464704305 21.461759567
0.412656367 0.043435328 -0.909850538 -5.239617348 -0.001238193 0.998888254 0.047124323 -0.206019834 0.910885990 -0.018319581 0.412251323 21.650966644
0.358472556 0.043129060 -0.932543457 -5.716528416 0.004375146 0.998843610 0.047877192 -0.195352539 0.933530033 -0.021242671 0.357869297 21.810901642
0.303653628 0.042179503 -0.951848447 -6.242323399 0.007422593 0.998884559 0.046631750 -0.172085866 0.952753603 -0.021225084 0.303001821 21.952840805
0.251129299 0.047946144 -0.966765285 -6.812452316 0.008168209 0.998632014 0.051648341 -0.140613332 0.967919052 -0.020867154 0.250394106 22.055355072
0.200033128 0.053247232 -0.978341162 -7.400130272 0.010852695 0.998340547 0.056554675 -0.115778483 0.979728997 -0.021930447 0.199123338 22.142982483
0.151540026 0.054219045 -0.986962974 -8.007972717 0.016626963 0.998213351 0.057390023 -0.083359949 0.988311231 -0.025107084 0.150367796 22.225019455
0.107088596 0.055614110 -0.992692769 -8.626286507 0.018837743 0.998141587 0.057951532 -0.060039055 0.994071066 -0.024906041 0.105841935 22.266990662
0.067247018 0.054144621 -0.996266127 -9.260953903 0.019030793 0.998275101 0.055538371 -0.033097006 0.997554958 -0.022694524 0.066100605 22.274003983
0.031341571 0.049496561 -0.998282373 -9.896866798 0.016975263 0.998602688 0.050045390 0.004003322 0.999364555 -0.018514607 0.030457558 22.273031235
0.003188868 0.049154941 -0.998786092 -10.571445465 0.014485231 0.998684108 0.049196169 0.042267513 0.999890029 -0.014624528 0.002472650 22.245450974
-0.017884644 0.053290602 -0.998418868 -11.276018143 0.013320437 0.998502672 0.053056464 0.073429756 0.999751329 -0.012350476 -0.018567713 22.214441299
-0.031083748 0.059659913 -0.997734606 -11.990062714 0.015210580 0.998129606 0.059209652 0.101819322 0.999400973 -0.013335666 -0.031933069 22.193185806
-0.038935713 0.062114146 -0.997309268 -12.730850220 0.014759396 0.997992933 0.061580505 0.137237892 0.999132693 -0.012322002 -0.039774328 22.153366089
-0.042793248 0.059446879 -0.997313738 -13.492797852 0.015841987 0.998143077 0.058816552 0.171059743 0.998958349 -0.013282481 -0.043655548 22.113445282
-0.041853100 0.055558827 -0.997577786 -14.269652367 0.023188300 0.998237789 0.054622717 0.209463313 0.998854697 -0.020846004 -0.043067660 22.084650040
-0.037732169 0.053953901 -0.997830212 -15.080245972 0.035213940 0.997992933 0.052631106 0.256691635 0.998667240 -0.033151656 -0.039556362 22.072471619
-0.031976309 0.054132778 -0.998021603 -15.902954102 0.035561778 0.997961581 0.052990135 0.295929253 0.998855770 -0.033796992 -0.033836182 22.045721054
-0.026872342 0.052921440 -0.998237073 -16.762910843 0.033678383 0.998078704 0.052006431 0.326943398 0.999071419 -0.032221474 -0.028603021 22.016941071
-0.023944173 0.046335690 -0.998638928 -17.622543335 0.037482236 0.998264551 0.045419618 0.366076261 0.999010384 -0.036343686 -0.025639383 22.007066727
-0.021706006 0.035402171 -0.999137402 -18.523532867 0.034851387 0.998792231 0.034632802 0.407224536 0.999156773 -0.034069583 -0.022913605 21.984840393
-0.021093061 0.027182162 -0.999407947 -19.418315887 0.027244940 0.999274671 0.026603514 0.432020158 0.999406219 -0.026667656 -0.021818342 21.948350906
-0.022060672 0.024229923 -0.999462962 -20.337579727 0.021497242 0.999486625 0.023755992 0.457953125 0.999525547 -0.020961624 -0.022570221 21.909832001
-0.025894945 0.030664984 -0.999194145 -21.295438766 0.012461871 0.999461651 0.030350232 0.472837418 0.999586940 -0.011665912 -0.026263148 21.873426437
-0.030810578 0.038909171 -0.998767555 -22.260944366 0.007716847 0.999221504 0.038688798 0.499093443 0.999495447 -0.006515313 -0.031086847 21.823450089
-0.035193171 0.048365310 -0.998209476 -23.233963013 0.006200981 0.998819649 0.048176251 0.534521461 0.999361217 -0.004494405 -0.035451543 21.774480820
-0.037035473 0.058378167 -0.997607231 -24.273571014 0.004849994 0.998290956 0.058238111 0.575270116 0.999302208 -0.002681513 -0.037255310 21.738204956
-0.038044836 0.066129334 -0.997085392 -25.291725159 0.006881390 0.997801602 0.065914251 0.623230755 0.999252379 -0.004353636 -0.038416252 21.698104858
-0.039849654 0.066819869 -0.996968925 -26.323575974 0.008073672 0.997750521 0.066549532 0.680673897 0.999173164 -0.005397223 -0.040299486 21.658863068
-0.041165750 0.064077966 -0.997095406 -27.329175949 0.006298219 0.997938156 0.063872106 0.732238412 0.999132454 -0.003650583 -0.041484457 21.604894638
-0.043802984 0.059177127 -0.997285962 -28.346757889 0.005877117 0.998242140 0.058975726 0.780944049 0.999022841 -0.003277854 -0.044073775 21.553096771
-0.048425768 0.053981222 -0.997366965 -29.379198074 0.005989467 0.998536289 0.053753693 0.827414870 0.998808801 -0.003370633 -0.048678204 21.495697021
-0.053875905 0.049417902 -0.997323990 -30.406452179 0.006144438 0.998772085 0.049157731 0.868575096 0.998528719 -0.003479579 -0.054113392 21.432435989
-0.060487464 0.047460996 -0.997039974 -31.429147720 0.005293369 0.998870134 0.047226984 0.910201490 0.998154879 -0.002421061 -0.060670350 21.353742599
-0.067473412 0.049848299 -0.996475041 -32.480232239 0.005752079 0.998753905 0.049572814 0.954591513 0.997704506 -0.002386957 -0.067676067 21.285902023
-0.073712543 0.054505579 -0.995788932 -33.547313690 0.004085330 0.998513341 0.054352298 0.998807967 0.997271180 -0.000061680 -0.073825642 21.199274063
-0.080057353 0.057596635 -0.995124817 -34.614711761 0.001603194 0.998335481 0.057653476 1.042668104 0.996788979 0.003020207 -0.080016427 21.106664658
-0.084751166 0.059654664 -0.994614780 -35.689785004 -0.001736014 0.998195827 0.060017373 1.094477177 0.996400654 0.006813208 -0.084494695 21.005292892
-0.087108277 0.061075658 -0.994324863 -36.766723633 -0.006383351 0.998064160 0.061864562 1.141701937 0.996178389 0.011736040 -0.086549789 20.893651962
-0.088973306 0.062008120 -0.994102001 -37.829208374 -0.010401041 0.997947931 0.063178927 1.205544353 0.995979667 0.015960930 -0.088145792 20.794631958
-0.090183623 0.061483521 -0.994025588 -38.907093048 -0.011312413 0.997964978 0.062753513 1.259415269 0.995860875 0.016904168 -0.089304559 20.682502747
-0.091350116 0.060807589 -0.993960500 -39.988143921 -0.012281261 0.997989178 0.062182758 1.307434678 0.995743096 0.017887494 -0.090419628 20.568672180
-0.092548251 0.059792172 -0.993911326 -41.071743011 -0.013081396 0.998036206 0.061258398 1.364493370 0.995622277 0.018671107 -0.091584325 20.461778641
-0.093360029 0.058993403 -0.993883133 -42.159011841 -0.015694469 0.998031795 0.060713906 1.417303085 0.995508671 0.021266723 -0.092250407 20.351879120
-0.094277218 0.056463577 -0.993943512 -43.243465424 -0.020048274 0.998080194 0.058600187 1.468728185 0.995344102 0.025451515 -0.092964232 20.239288330
-0.094489597 0.051624954 -0.994186401 -44.345943451 -0.025370138 0.998205304 0.054244868 1.511096835 0.995202541 0.030348219 -0.093010277 20.121940613
-0.093591169 0.050731242 -0.994317353 -45.449195862 -0.027230289 0.998196959 0.053492252 1.566291571 0.995238245 0.032081958 -0.092040993 20.008092880
-0.092114814 0.055309426 -0.994211137 -46.569751740 -0.027627436 0.997929811 0.058076017 1.606708288 0.995365024 0.032817166 -0.090396054 19.906133652
-0.090128109 0.058438338 -0.994214237 -47.677040100 -0.027987722 0.997734189 0.061182395 1.655270576 0.995536804 0.033340048 -0.088288315 19.798490524
-0.088294864 0.058115978 -0.994397640 -48.773078918 -0.025842058 0.997826874 0.060610969 1.709637284 0.995759130 0.031048922 -0.086601138 19.696495056
-0.086052470 0.056887440 -0.994665086 -49.923656464 -0.025704578 0.997909427 0.059296791 1.770119309 0.995958984 0.030670082 -0.084410317 19.594934464
-0.081768408 0.057450525 -0.994994104 -51.050529480 -0.030049715 0.997741222 0.060078625 1.824816465 0.996198237 0.034811828 -0.079857349 19.485921860
-0.075979352 0.058425903 -0.995396197 -52.178054810 -0.034938585 0.997512817 0.061217029 1.873651981 0.996497095 0.039428964 -0.073749058 19.384498596
-0.070300043 0.057877623 -0.995845437 -53.303874969 -0.038909364 0.997396469 0.060714513 1.928953171 0.996766746 0.043015942 -0.067865036 19.297161102
-0.064393386 0.056969963 -0.996297121 -54.445194244 -0.040380806 0.997402608 0.059643097 1.988495231 0.997107208 0.044071890 -0.061925635 19.212423325
-0.058289412 0.056076050 -0.996723592 -55.581512451 -0.040188204 0.997479856 0.058468856 2.043333292 0.997490466 0.043464638 -0.055888932 19.138597488
-0.053109307 0.055528328 -0.997043550 -56.725559235 -0.038843147 0.997582138 0.057627380 2.100025415 0.997832954 0.041788857 -0.050824001 19.075695038
-0.047543891 0.056310598 -0.997280657 -57.862621307 -0.037581250 0.997601926 0.058120374 2.149728775 0.998161912 0.040242314 -0.045313656 19.018369675
-0.041616209 0.058094300 -0.997443259 -59.036407471 -0.036753327 0.997543454 0.059633594 2.199518204 0.998457432 0.039141089 -0.039378814 18.963907242
-0.036031444 0.059156787 -0.997598231 -60.190578461 -0.037169777 0.997476339 0.060492065 2.255372047 0.998659194 0.039260123 -0.033741664 18.920070648
-0.030974878 0.058518432 -0.997805655 -61.339378357 -0.036920175 0.997536361 0.059648756 2.303084373 0.998838007 0.038686771 -0.028738061 18.883041382
-0.026467849 0.053870846 -0.998197079 -62.516204834 -0.036949065 0.997811973 0.054829776 2.354581594 0.998966515 0.038333677 -0.024419453 18.851860046
-0.022516478 0.048441999 -0.998572230 -63.673301697 -0.036646776 0.998114169 0.049246117 2.401083708 0.999074578 0.037703294 -0.020698769 18.829990387
-0.017848425 0.048766114 -0.998650849 -64.864959717 -0.036152907 0.998125196 0.049386598 2.432306528 0.999186873 0.036985599 -0.016051926 18.785602570
-0.015215989 0.050852627 -0.998590231 -66.042877197 -0.035912570 0.998033702 0.051371492 2.473424911 0.999239087 0.036643606 -0.013359822 18.780225754
-0.012847716 0.050641872 -0.998634279 -67.210533142 -0.036580492 0.998024344 0.051081557 2.517799854 0.999248087 0.037186813 -0.010969828 18.753967285
-0.012191172 0.050488733 -0.998650253 -68.370841980 -0.038577225 0.997957230 0.050924622 2.563179493 0.999181211 0.039145999 -0.010218552 18.740182877
-0.011098564 0.051261578 -0.998623729 -69.565383911 -0.039264936 0.997892499 0.051660441 2.606113911 0.999167204 0.039784245 -0.009062393 18.713439941
-0.009543759 0.050676931 -0.998669505 -70.745361328 -0.040053196 0.997894108 0.051020358 2.650357962 0.999151945 0.040486831 -0.007493889 18.691097260
-0.008095879 0.048670307 -0.998782158 -71.910072327 -0.040476028 0.997980416 0.048959330 2.688983917 0.999147713 0.040823095 -0.006109549 18.668121338
-0.008005740 0.047790494 -0.998825312 -73.124511719 -0.038611293 0.998097658 0.048065145 2.728400230 0.999222219 0.038950730 -0.006145257 18.663911819
-0.007428870 0.047003467 -0.998867095 -74.312187195 -0.035684403 0.998245955 0.047239628 2.775245905 0.999335527 0.035994913 -0.005738548 18.652351379
-0.007364373 0.048325211 -0.998804510 -75.490020752 -0.033242188 0.998267710 0.048544340 2.806780577 0.999420166 0.033559956 -0.005745179 18.645938873
-0.007176545 0.051121067 -0.998666704 -76.676651001 -0.032985598 0.998136818 0.051330976 2.847508669 0.999430060 0.033310004 -0.005476915 18.632207870
-0.006893181 0.054573808 -0.998485982 -77.858108521 -0.035069279 0.997882247 0.054782920 2.890551567 0.999361157 0.035393812 -0.004964719 18.623201370
-0.007087811 0.054914854 -0.998466015 -79.057815552 -0.037198596 0.997785330 0.055141494 2.930938005 0.999282777 0.037532348 -0.005029359 18.617193222
-0.006771299 0.052544668 -0.998595715 -80.234954834 -0.038520072 0.997863531 0.052767351 2.979207993 0.999234915 0.038823277 -0.004732809 18.603515625
-0.005976801 0.050349906 -0.998713851 -81.418266296 -0.038301736 0.997987092 0.050542500 3.018881559 0.999248445 0.038554542 -0.004036282 18.577476501
-0.006776197 0.049987324 -0.998726845 -82.612403870 -0.035786211 0.998097837 0.050198641 3.055654287 0.999336481 0.036080811 -0.004974451 18.579668045
-0.006818154 0.051316649 -0.998659134 -83.787895203 -0.034474842 0.998076558 0.051522080 3.098357439 0.999382317 0.034779910 -0.005035906 18.572193146
-0.005814330 0.054023094 -0.998522758 -84.971519470 -0.033645425 0.997963727 0.054188758 3.143464327 0.999416888 0.033910796 -0.003984860 18.549022675
-0.005966316 0.056685574 -0.998374224 -86.133308411 -0.034342196 0.997791469 0.056857705 3.178457022 0.999392271 0.034625601 -0.004006433 18.546619415
-0.005613542 0.056977842 -0.998359621 -87.296546936 -0.035756245 0.997725546 0.057142690 3.223239899 0.999344766 0.036018375 -0.003563461 18.530767441
-0.005961276 0.054912515 -0.998473346 -88.472335815 -0.035287507 0.997857749 0.055089328 3.267713070 0.999359429 0.035562042 -0.004010780 18.524177551
-0.005256464 0.053324528 -0.998563409 -89.645233154 -0.034482025 0.997973800 0.053474542 3.312628746 0.999391496 0.034713577 -0.003407075 18.513828278
-0.005225852 0.054458879 -0.998502314 -90.807373047 -0.032851253 0.997967720 0.054601647 3.354463339 0.999446571 0.033087388 -0.003426188 18.504194260
-0.004577743 0.057175994 -0.998353660 -91.978492737 -0.030730926 0.997884452 0.057290040 3.405571699 0.999517202 0.030942589 -0.002810987 18.487672806
-0.004956603 0.059874024 -0.998193622 -93.140045166 -0.029033717 0.997776449 0.059993170 3.447213888 0.999566078 0.029278636 -0.003207216 18.491125107
-0.004807572 0.061892632 -0.998071253 -94.308853149 -0.029664038 0.997634649 0.062008448 3.493580341 0.999548316 0.029904932 -0.002960216 18.482727051
-0.004390601 0.063675143 -0.997961044 -95.472114563 -0.032552421 0.997432590 0.063784651 3.549235344 0.999460459 0.032766100 -0.002306548 18.465806961
-0.003394214 0.063041583 -0.998005152 -96.630691528 -0.034613106 0.997405469 0.063121408 3.596209764 0.999395013 0.034758311 -0.001203343 18.447841644
-0.003543447 0.058567267 -0.998277187 -97.782440186 -0.036961213 0.997593701 0.058658361 3.653138638 0.999310434 0.037105393 -0.001370203 18.434709549
-0.002989769 0.057055075 -0.998366594 -98.940963745 -0.038314719 0.997631431 0.057127804 3.701520443 0.999261200 0.038422931 -0.000796639 18.419681549
-0.002847224 0.055243134 -0.998468876 -100.108253479 -0.037994012 0.997745991 0.055311479 3.747173786 0.999273896 0.038093332 -0.000741898 18.417007446
-0.002762935 0.055835098 -0.998436213 -101.276863098 -0.036867198 0.997755527 0.055899054 3.793375731 0.999316394 0.036963992 -0.000698250 18.416185379
-0.002752469 0.057719674 -0.998329043 -102.420379639 -0.037054058 0.997641265 0.057782076 3.841716766 0.999309421 0.037151184 -0.000607229 18.403903961
-0.002813561 0.059702951 -0.998212159 -103.591697693 -0.035743732 0.997572184 0.059765421 3.891796350 0.999357104 0.035847977 -0.000672724 18.400934219
-0.003209525 0.058679815 -0.998271823 -104.741081238 -0.039552901 0.997488201 0.058760926 3.943542480 0.999212265 0.039673142 -0.000880507 18.385639191
-0.003431634 0.059997417 -0.998192668 -105.911842346 -0.042978261 0.997267306 0.060089547 3.996962786 0.999070108 0.043106794 -0.000843672 18.373136520
-0.003854330 0.059225462 -0.998237193 -107.085830688 -0.046633031 0.997147918 0.059340898 4.048944473 0.998904586 0.046779543 -0.001081474 18.353687286
-0.004099637 0.055301465 -0.998461306 -108.262092590 -0.048161853 0.997300088 0.055434898 4.099244595 0.998831153 0.048315007 -0.001425146 18.348005295
-0.004529408 0.051276878 -0.998674214 -109.431564331 -0.047538336 0.997544348 0.051434465 4.149982929 0.998859167 0.047708280 -0.002080667 18.333585739
-0.005496602 0.050671630 -0.998700261 -110.634605408 -0.044434667 0.997716427 0.050866269 4.193445206 0.998997092 0.044656504 -0.003232474 18.322868347
-0.005893932 0.049930025 -0.998735368 -111.842605591 -0.040149231 0.997935474 0.050126974 4.241605759 0.999176264 0.040393896 -0.003877112 18.320325851
-0.005991691 0.051723309 -0.998643398 -113.069938660 -0.038972165 0.997890592 0.051918138 4.291362762 0.999222338 0.039230384 -0.003963282 18.302240372
-0.006941909 0.055495255 -0.998434782 -114.280708313 -0.037973303 0.997724056 0.055719774 4.339879513 0.999254704 0.038300667 -0.004818772 18.287559509
-0.007330988 0.055757105 -0.998417437 -115.523963928 -0.036302913 0.997771204 0.055987582 4.389843464 0.999313951 0.036655907 -0.005290504 18.274665833
-0.007929068 0.051778950 -0.998627067 -116.753425598 -0.036265466 0.997986615 0.052033696 4.428439140 0.999310732 0.036628257 -0.006035317 18.267858505
-0.009520359 0.048028387 -0.998800576 -117.990219116 -0.036558840 0.998161316 0.048346125 4.477073669 0.999286234 0.036975261 -0.007746992 18.257051468
-0.009391490 0.046755999 -0.998862147 -119.240646362 -0.035921149 0.998245716 0.047064878 4.520159245 0.999310493 0.036322284 -0.007695486 18.227951050
-0.009954238 0.047700249 -0.998812079 -120.468437195 -0.037772197 0.998130679 0.048044145 4.571101189 0.999236822 0.038205557 -0.008133886 18.212226868
-0.010045039 0.052511077 -0.998569787 -121.743377686 -0.042315919 0.997703254 0.052891180 4.619241238 0.999053776 0.042786691 -0.007799912 18.182960510
-0.010180674 0.055987991 -0.998379529 -123.008476257 -0.048008017 0.997252584 0.056414336 4.664592743 0.998795152 0.048504554 -0.007464831 18.147132874
-0.010692709 0.055642731 -0.998393476 -124.259704590 -0.055420663 0.996882856 0.056152090 4.721396923 0.998405755 0.055932049 -0.007575622 18.124608994
-0.010536759 0.053421758 -0.998516440 -125.528038025 -0.058183972 0.996847212 0.053946439 4.774251461 0.998250186 0.058666073 -0.007395248 18.096729279
-0.010776552 0.052057084 -0.998585880 -126.788497925 -0.061107617 0.996743143 0.052620482 4.828475952 0.998072982 0.061588276 -0.007560370 18.077966690
-0.011162712 0.051926333 -0.998588443 -128.055953979 -0.060858078 0.996764123 0.052511767 4.863011360 0.998084009 0.061358348 -0.007966453 18.049772263
-0.012014638 0.051006295 -0.998625994 -129.315734863 -0.058556158 0.996948302 0.051625099 4.907822132 0.998211801 0.059095960 -0.008991241 18.037708282
-0.012044284 0.051388733 -0.998606086 -130.587127686 -0.058714595 0.996919036 0.052010078 4.960182190 0.998202145 0.059259184 -0.008989909 18.013608932
-0.012888785 0.056246553 -0.998333693 -131.867248535 -0.058544155 0.996661544 0.056908157 5.013362885 0.998201609 0.059180081 -0.009552848 17.988483429
-0.013314255 0.060707361 -0.998066783 -133.127868652 -0.057167992 0.996476293 0.061373241 5.059676647 0.998275816 0.057874609 -0.009796823 17.973459244
-0.013221338 0.059764426 -0.998124957 -134.383346558 -0.057797059 0.996497512 0.060432579 5.112827301 0.998240829 0.058487691 -0.009720825 17.949905396
-0.012231926 0.058029622 -0.998239934 -135.643478394 -0.057576444 0.996617317 0.058640819 5.169046879 0.998266160 0.058192398 -0.008849409 17.925186157
-0.011349916 0.057430744 -0.998284996 -136.891983032 -0.056764644 0.996702313 0.057985079 5.223392487 0.998323083 0.057325419 -0.008052452 17.906366348
-0.010272067 0.056858622 -0.998329341 -138.145050049 -0.056811169 0.996736228 0.057352431 5.269551277 0.998332083 0.057305384 -0.007008337 17.890586853
-0.009540192 0.059077565 -0.998207808 -139.390533447 -0.056925945 0.996602178 0.059526596 5.321325302 0.998332858 0.057391822 -0.006144731 17.877012253
-0.008060815 0.062555574 -0.998008907 -140.657745361 -0.058015227 0.996331036 0.062918983 5.380916595 0.998283148 0.058406897 -0.004402065 17.853916168
-0.007117688 0.063607611 -0.997949541 -141.919769287 -0.059726980 0.996166110 0.063919932 5.436462879 0.998189390 0.060059469 -0.003291308 17.836513519
-0.006118880 0.060683697 -0.998138309 -143.182220459 -0.061840449 0.996223509 0.060946383 5.497584820 0.998067200 0.062098242 -0.002343066 17.819713593
-0.006194355 0.058018010 -0.998296261 -144.436523438 -0.060454801 0.996467710 0.058286846 5.545128822 0.998151720 0.060712855 -0.002665007 17.807132721
-0.006128449 0.056279134 -0.998396277 -145.675796509 -0.057981994 0.996715248 0.056540292 5.595313072 0.998298824 0.058235504 -0.002845142 17.807350159
-0.006451859 0.055461280 -0.998440027 -146.905883789 -0.056352593 0.996854007 0.055737320 5.645969391 0.998390079 0.056624293 -0.003306174 17.799121857
-0.006675265 0.056300774 -0.998391509 -148.163482666 -0.054230496 0.996924102 0.056580611 5.687334538 0.998506129 0.054520961 -0.003601513 17.793718338
-0.006957126 0.054978069 -0.998463333 -149.396850586 -0.052419230 0.997094631 0.055267952 5.735478878 0.998600960 0.052723184 -0.004055005 17.785589218
-0.006645440 0.054904129 -0.998469532 -150.643325806 -0.051133368 0.997166634 0.055172808 5.786201000 0.998669744 0.051421750 -0.003819177 17.771303177
-0.007002132 0.057460211 -0.998323262 -151.885925293 -0.048850067 0.997136116 0.057734504 5.839209557 0.998781562 0.049172428 -0.004175143 17.764125824
-0.006858199 0.058961291 -0.998236716 -153.119155884 -0.046415791 0.997165442 0.059216905 5.888081551 0.998898685 0.046740070 -0.004102025 17.751852036
-0.006875461 0.057531547 -0.998320043 -154.346923828 -0.044182900 0.997351170 0.057779998 5.938829422 0.998999834 0.044505931 -0.004315339 17.740356445
-0.007785101 0.057817426 -0.998296797 -155.583831787 -0.045058753 0.997292757 0.058110669 5.988963604 0.998953998 0.045434415 -0.005158842 17.727247238
-0.007357278 0.062341187 -0.998027742 -156.815536499 -0.045727324 0.996989727 0.062613443 6.045953751 0.998926878 0.046097815 -0.004484435 17.710807800
-0.006912561 0.069012046 -0.997591853 -158.049514771 -0.050694387 0.996308744 0.069274560 6.102768421 0.998690248 0.051051173 -0.003388520 17.693630219
-0.006169689 0.069174401 -0.997585475 -159.295989990 -0.055224158 0.996058464 0.069410063 6.161686420 0.998454928 0.055519056 -0.002325273 17.676940918
-0.004714143 0.065168783 -0.997863114 -160.525054932 -0.059171077 0.996107519 0.065333672 6.227164268 0.998236716 0.059352629 -0.000839686 17.653810501
-0.002875416 0.060172480 -0.998183846 -161.743759155 -0.060825370 0.996329367 0.060235895 6.275371075 0.998144269 0.060888104 0.000795153 17.640340805
-0.002181703 0.058783177 -0.998268425 -162.966812134 -0.063583866 0.996242642 0.058802851 6.328716278 0.997974157 0.063602053 0.001564156 17.628162384
-0.000970187 0.055444770 -0.998461306 -164.162796021 -0.058707818 0.996736586 0.055406030 6.373045444 0.998274744 0.058671247 0.002288020 17.635723114
-0.000679030 0.050761998 -0.998710632 -165.380157471 -0.055687930 0.997159243 0.050721008 6.424664021 0.998448014 0.055650569 0.002149730 17.630689621
-0.000856517 0.047340445 -0.998878539 -166.606170654 -0.049490653 0.997652769 0.047324795 6.469486713 0.998774230 0.049475688 0.001488403 17.628534317
-0.001945086 0.050387140 -0.998727918 -167.836227417 -0.047382995 0.997603297 0.050422687 6.514432430 0.998874962 0.047420796 0.000447069 17.626993179
-0.001190361 0.056905672 -0.998378813 -169.072967529 -0.048584498 0.997197330 0.056896247 6.559535503 0.998818338 0.048573468 0.001577708 17.616250992
0.000339899 0.059976842 -0.998199642 -170.294784546 -0.049393792 0.996982276 0.059886876 6.610605717 0.998779297 0.049284510 0.003301357 17.614149094
0.001822112 0.056552839 -0.998397887 -171.508682251 -0.050273575 0.997142255 0.056389961 6.663685322 0.998733759 0.050090294 0.004660018 17.611186981
0.002338504 0.056999575 -0.998371482 -172.726226807 -0.052689996 0.996994317 0.056797538 6.713201046 0.998608172 0.052471366 0.005334782 17.610883713
0.003740979 0.057871278 -0.998317003 -173.941619873 -0.051277969 0.997021735 0.057604041 6.763399601 0.998677433 0.050976176 0.006697359 17.605474472
0.004112128 0.055642214 -0.998442292 -175.145553589 -0.050908033 0.997167826 0.055361509 6.814085484 0.998694956 0.050601084 0.006933117 17.612367630
0.006303854 0.054017406 -0.998520076 -176.350799561 -0.051849999 0.997214377 0.053619433 6.863210201 0.998634994 0.051435258 0.009087096 17.605331421
0.007350056 0.055971958 -0.998405278 -177.513504028 -0.052699551 0.997066379 0.055508938 6.904309750 0.998583376 0.052207518 0.010278191 17.620153427
0.009280995 0.057960387 -0.998275757 -178.628723145 -0.052959226 0.996946096 0.057390831 6.937168121 0.998553574 0.052335262 0.012322190 17.612125397
0.009720383 0.059368104 -0.998188853 -179.718109131 -0.053906322 0.996815503 0.058761492 6.972972870 0.998498678 0.053237509 0.012889746 17.617496490
0.010105842 0.060889356 -0.998093367 -180.805938721 -0.054398894 0.996699691 0.060253531 7.004371643 0.998468161 0.053686261 0.013384803 17.617033005
0.009644547 0.061784189 -0.998042941 -181.857879639 -0.053638022 0.996684372 0.061181754 7.045089245 0.998513937 0.052942976 0.012926550 17.630954742
0.010508713 0.060978014 -0.998083889 -182.874420166 -0.054131687 0.996709943 0.060324132 7.080150604 0.998478532 0.053394023 0.013774983 17.629793167
0.011818053 0.061273817 -0.998050988 -183.855117798 -0.054904129 0.996654749 0.060537957 7.110916138 0.998421729 0.054081682 0.015142703 17.640823364
0.013221450 0.061870508 -0.997996569 -184.813751221 -0.055629097 0.996583581 0.061045937 7.146907330 0.998363972 0.054710533 0.016618080 17.649703979
0.012963200 0.060303513 -0.998095870 -185.749343872 -0.054331426 0.996747732 0.059516404 7.179240227 0.998438835 0.053456452 0.016197417 17.654294968
0.009474103 0.057251886 -0.998314798 -186.683166504 -0.051673863 0.997053683 0.056689180 7.210685253 0.998619080 0.051049702 0.012404614 17.665952682
0.004363310 0.053536117 -0.998556376 -187.609069824 -0.051364038 0.997259676 0.053242162 7.245617867 0.998670518 0.051057570 0.007101185 17.666419983
-0.000276823 0.050536502 -0.998722196 -188.528671265 -0.053182635 0.997308075 0.050479691 7.279212475 0.998584747 0.053128652 0.002411586 17.654869080
-0.004095217 0.049870379 -0.998747289 -189.470031738 -0.055084534 0.997227967 0.050020389 7.310151100 0.998473287 0.055220377 -0.001336778 17.645015717
-0.006732408 0.050676171 -0.998692453 -190.384719849 -0.056954067 0.997074425 0.050978016 7.338725567 0.998354137 0.057222802 -0.003826498 17.624353409
-0.008555646 0.052215405 -0.998599172 -191.306854248 -0.055767037 0.997056603 0.052612536 7.372606277 0.998407185 0.056139048 -0.005618566 17.609546661
-0.010690945 0.053782709 -0.998495400 -192.222839355 -0.052872900 0.997125149 0.054275021 7.401519299 0.998544037 0.053373601 -0.007816562 17.610374451
-0.011717371 0.054520320 -0.998443842 -193.146118164 -0.050889440 0.997186005 0.055048853 7.429596901 0.998635530 0.051455278 -0.008909888 17.596256256
-0.012645916 0.052750092 -0.998527646 -194.055953979 -0.051483937 0.997248590 0.053334549 7.474286556 0.998593748 0.052082594 -0.009895339 17.579330444
-0.013397311 0.051864110 -0.998564303 -194.962509155 -0.053572420 0.997182369 0.052511089 7.502575397 0.998474061 0.054199018 -0.010581076 17.559122086
-0.012644392 0.051382411 -0.998598993 -195.855758667 -0.057108182 0.997011542 0.052023854 7.533386707 0.998287857 0.057685971 -0.009672248 17.526969910
-0.012123010 0.050146997 -0.998668194 -196.784667969 -0.059682224 0.996924758 0.050783940 7.557676315 0.998143792 0.060218398 -0.009092846 17.510526657
-0.011524042 0.047298100 -0.998814285 -197.698944092 -0.059432231 0.997082353 0.047901791 7.590548515 0.998165786 0.059913781 -0.008679387 17.501737595
-0.010570368 0.045183074 -0.998922765 -198.618011475 -0.059639581 0.997171760 0.045734953 7.616001606 0.998163998 0.060058765 -0.007845773 17.477361679
-0.009505345 0.044540830 -0.998962343 -199.543487549 -0.059735738 0.997197986 0.045030557 7.650990009 0.998168886 0.060101788 -0.006818031 17.456100464
-0.009033780 0.047416322 -0.998834312 -200.480239868 -0.056660205 0.997246027 0.047853369 7.675542831 0.998352587 0.057026461 -0.006322285 17.454133987
-0.009420109 0.048441004 -0.998781621 -201.414672852 -0.055965114 0.997234762 0.048893832 7.707623005 0.998388350 0.056357510 -0.006683055 17.445354462
-0.007823951 0.045513131 -0.998933077 -202.345520020 -0.050975796 0.997646630 0.045853779 7.729328632 0.998669267 0.051280167 -0.005485471 17.432540894
-0.007673286 0.041901875 -0.999092221 -203.291091919 -0.049805913 0.997865617 0.042232949 7.765058994 0.998729527 0.050084766 -0.005569946 17.422243118
-0.007147261 0.042105705 -0.999087632 -204.232299805 -0.053898647 0.997644484 0.042430468 7.801875114 0.998520851 0.054152735 -0.004860985 17.403734207
-0.006530636 0.045849439 -0.998926938 -205.221588135 -0.055481404 0.997392952 0.046141740 7.835649967 0.998438358 0.055723209 -0.003969819 17.401664734
-0.004545729 0.045304775 -0.998962879 -206.186965942 -0.053228430 0.997545958 0.045482729 7.868726730 0.998571992 0.053379975 -0.002123071 17.396055222
-0.002584714 0.046342038 -0.998922408 -207.163848877 -0.051755745 0.997580647 0.046413727 7.909695625 0.998656452 0.051819939 -0.000179994 17.396511078
-0.001168972 0.050960932 -0.998700023 -208.147445679 -0.052785531 0.997305155 0.050951552 7.946977139 0.998605251 0.052776471 0.001524179 17.394496918
0.000870535 0.055156618 -0.998477340 -209.150253296 -0.050115775 0.997225404 0.055043772 7.982111931 0.998743057 0.049991552 0.003632336 17.389606476
0.001817120 0.055759415 -0.998442590 -210.139389038 -0.049503054 0.997225106 0.055601329 8.022771835 0.998772323 0.049324926 0.004572340 17.394962311
0.003315736 0.056257471 -0.998410821 -211.153381348 -0.052743778 0.997036397 0.056004867 8.071228027 0.998602569 0.052474260 0.006273141 17.401260376
0.007029862 0.058329519 -0.998272657 -212.187088013 -0.055170700 0.996799290 0.057854924 8.113041878 0.998452187 0.054668684 0.010225442 17.389278412
0.010658475 0.058815781 -0.998211980 -213.210342407 -0.056432229 0.996712923 0.058124900 8.157294273 0.998349547 0.055711806 0.013942545 17.395158768
0.013289226 0.055784561 -0.998354375 -214.237884521 -0.058900032 0.996752441 0.054911025 8.204682350 0.998175502 0.058073379 0.016531782 17.402156830
