1.000000000 0.000000000 0.000000000 0.000000000 0.000000000 1.000000000 0.000000000 0.000000000 0.000000000 0.000000000 1.000000000 0.000000000
0.999995589 0.002973324 0.000142062 -0.005722781 -0.002973513 0.999994695 0.001348181 -0.012449096 -0.000138053 -0.001348597 0.999999106 0.772699237
0.999984920 0.005445709 0.000667996 -0.014050432 -0.005446991 0.999983251 0.001933116 -0.030262869 -0.000657458 -0.001936726 0.999997854 1.538952827
0.999977231 0.006643287 0.001176435 -0.021727823 -0.006645398 0.999976277 0.001798738 -0.048429009 -0.001164458 -0.001806515 0.999997675 2.275177002
0.999962568 0.008592638 0.001027538 -0.024796903 -0.008594159 0.999961972 0.001485534 -0.061898589 -0.001014735 -0.001494310 0.999998331 3.002435207
0.999959409 0.008839916 0.001737184 -0.034231685 -0.008842068 0.999960244 0.001234349 -0.075400069 -0.001726203 -0.001249660 0.999997735 3.719067335
0.999958217 0.008942221 0.001870803 -0.033310607 -0.008946203 0.999957681 0.002131843 -0.088841103 -0.001851661 -0.002148491 0.999996006 4.407956600
0.999946952 0.009876187 0.002903532 -0.045772593 -0.009890910 0.999938071 0.005101623 -0.103537656 -0.002852967 -0.005130071 0.999982774 5.088845253
0.999944091 0.009664327 0.004280614 -0.039818004 -0.009701888 0.999913931 0.008843131 -0.108004786 -0.004194781 -0.008884167 0.999951661 5.757059574
0.999944389 0.009020698 0.005470425 -0.036157876 -0.009088026 0.999881625 0.012410188 -0.119154796 -0.005357829 -0.012459213 0.999907970 6.385873318
0.999940574 0.008387159 0.006969201 -0.040051855 -0.008487463 0.999858975 0.014489874 -0.125383168 -0.006846690 -0.014548162 0.999870718 6.996026039
0.999932468 0.008907408 0.007468184 -0.023339715 -0.009015446 0.999853313 0.014559785 -0.136097178 -0.007337397 -0.014626130 0.999866128 7.576825142
0.999920249 0.009469060 0.008353839 -0.020608127 -0.009569482 0.999881506 0.012064127 -0.146439224 -0.008238613 -0.012143109 0.999892354 8.126774788
0.999910772 0.009503664 0.009387721 -0.022591636 -0.009588340 0.999913394 0.009016460 -0.148638785 -0.009301217 -0.009105669 0.999915302 8.657443047
0.999909639 0.008052267 0.010764619 -0.008214220 -0.008134746 0.999937713 0.007640426 -0.157111093 -0.010702427 -0.007727304 0.999912858 9.155687332
0.999909699 0.003920197 0.012851072 -0.002709709 -0.003987586 0.999978423 0.005222431 -0.162459984 -0.012830321 -0.005273206 0.999903798 9.623808861
0.999889195 0.002047233 0.014744159 0.005747691 -0.002110370 0.999988675 0.004267848 -0.170016050 -0.014735254 -0.004298491 0.999882162 10.062665939
0.999841154 0.006321166 0.016662367 0.010585099 -0.006358654 0.999977410 0.002197827 -0.179819137 -0.016648097 -0.002303430 0.999858737 10.476429939
0.999747157 0.010726395 0.019763982 0.011374548 -0.010760065 0.999940872 0.001598010 -0.188597411 -0.019745670 -0.001810268 0.999803305 10.865229607
0.999676168 0.011175758 0.022865757 0.020549804 -0.011241897 0.999933004 0.002765962 -0.198876426 -0.022833318 -0.003022121 0.999734640 11.208369255
0.999641836 0.006766378 0.025892815 0.036274135 -0.006854935 0.999970913 0.003332901 -0.205617443 -0.025869511 -0.003509201 0.999659181 11.524123192
0.999587536 0.002380437 0.028620720 0.050716013 -0.002460341 0.999993086 0.002756919 -0.204986095 -0.028613966 -0.002826198 0.999586642 11.809671402
0.999520183 -0.001079364 0.030953389 0.065857589 0.000950292 0.999990702 0.004184271 -0.211388007 -0.030957624 -0.004152849 0.999512017 12.067200661
0.999443650 -0.001445425 0.033323083 0.077254266 0.001270137 0.999985278 0.005280837 -0.217279375 -0.033330224 -0.005235575 0.999430716 12.300334930
0.999362469 -0.000818969 0.035694487 0.079654634 0.000666734 0.999990582 0.004276609 -0.221581951 -0.035697658 -0.004250083 0.999353588 12.503293037
0.999305725 -0.000118532 0.037256673 0.100542963 -0.000001697 0.999994755 0.003226974 -0.231482744 -0.037256859 -0.003224797 0.999300480 12.701769829
0.999177635 0.002542197 0.040467344 0.095427275 -0.002634094 0.999994099 0.002217721 -0.235285610 -0.040461466 -0.002322492 0.999178350 12.856581688
0.999102235 0.005223683 0.042044088 0.099761307 -0.005299090 0.999984503 0.001682269 -0.241937608 -0.042034648 -0.001903554 0.999114335 13.026676178
0.999040127 0.006763292 0.043280020 0.106864959 -0.006773754 0.999977052 0.000095098 -0.247174382 -0.043278381 -0.000388175 0.999063015 13.182232857
0.998960257 0.005538381 0.045253571 0.116714209 -0.005485812 0.999984086 -0.001285758 -0.257248461 -0.045259982 0.001036169 0.998974681 13.332409859
0.998880982 0.004880178 0.047043819 0.115997016 -0.004743748 0.999984145 -0.003011285 -0.258933425 -0.047057774 0.002784751 0.998888195 13.473890305
0.998823285 0.003838168 0.048345644 0.127617419 -0.003654159 0.999985754 -0.003893927 -0.260328084 -0.048359901 0.003712683 0.998823047 13.607560158
0.998769164 0.004369599 0.049405832 0.139886081 -0.004117142 0.999977946 -0.005210445 -0.263879597 -0.049427509 0.005000621 0.998765111 13.745075226
0.998684347 0.005167877 0.051017798 0.140757859 -0.004816235 0.999963880 -0.007013062 -0.272279441 -0.051052198 0.006758122 0.998673081 13.857957840
0.998625875 0.005528496 0.052113988 0.144566000 -0.005029033 0.999940157 -0.009710299 -0.268903166 -0.052164558 0.009434872 0.998593807 13.986046791
0.998602808 0.004562284 0.052646216 0.155782998 -0.003946534 0.999922693 -0.011794019 -0.274456680 -0.052695960 0.011569772 0.998543501 14.110250473
0.998624682 0.004005875 0.052275710 0.161512613 -0.003301402 0.999902725 -0.013555492 -0.278002560 -0.052324928 0.013364267 0.998540580 14.234580040
0.998739004 0.003521273 0.050079543 0.168566763 -0.002776091 0.999884486 -0.014941726 -0.280847341 -0.050126370 0.014783858 0.998633385 14.361422539
0.998883009 0.003332215 0.047134940 0.171032190 -0.002597527 0.999874294 -0.015639570 -0.285829753 -0.047181129 0.015499664 0.998766005 14.485610008
0.999061227 0.004114792 0.043123677 0.173479468 -0.003377962 0.999847293 -0.017145392 -0.284067988 -0.043187648 0.016983625 0.998922586 14.612023354
0.999303102 0.003807921 0.037131537 0.175330758 -0.003134990 0.999830067 -0.018164279 -0.288482815 -0.037194401 0.018035213 0.999145269 14.748074532
0.999526620 0.003842208 0.030525358 0.169638515 -0.003273465 0.999820650 -0.018659983 -0.294710606 -0.030591575 0.018551229 0.999359787 14.855664253
0.999713123 0.004135862 0.023592832 0.161234677 -0.003679797 0.999806166 -0.019341463 -0.297597229 -0.023668252 0.019249097 0.999534488 14.977978706
0.999876738 0.003521841 0.015299873 0.156713247 -0.003208562 0.999785721 -0.020452388 -0.299064398 -0.015368625 0.020400776 0.999673724 15.109980583
0.999982119 0.002845799 0.005260654 0.148669943 -0.002730977 0.999760747 -0.021706358 -0.300723881 -0.005321164 0.021691602 0.999750555 15.242899895
0.999967873 0.001387910 -0.007899830 0.141477227 -0.001570950 0.999729335 -0.023211259 -0.305541635 0.007865472 0.023222923 0.999699295 15.393301964
0.999714613 0.000341912 -0.023886051 0.119350344 -0.000942601 0.999683440 -0.025141366 -0.308194309 0.023869896 0.025156705 0.999398530 15.549013138
0.999069154 0.000836846 -0.043130994 0.091856122 -0.001977311 0.999649346 -0.026406009 -0.307994366 0.043093771 0.026466709 0.998720348 15.729997635
0.997893631 0.001686363 -0.064849645 0.056573033 -0.003374806 0.999657869 -0.025935547 -0.316797525 0.064783730 0.026099773 0.997557938 15.900385857
0.996056736 0.001875573 -0.088698849 0.022307515 -0.004054532 0.999694228 -0.024392026 -0.324195802 0.088625982 0.024655472 0.995759785 16.101966858
0.993354142 0.002902235 -0.115061574 -0.029983044 -0.005584619 0.999719918 -0.022997091 -0.327541381 0.114962608 0.023486832 0.993092120 16.318382263
0.989412189 0.004297488 -0.145068958 -0.098928452 -0.007380567 0.999758065 -0.020720996 -0.336279243 0.144944832 0.021572297 0.989204526 16.547740936
0.983955383 0.004224838 -0.178364575 -0.171590328 -0.007459932 0.999819458 -0.017470770 -0.338364601 0.178258538 0.018521044 0.983809352 16.800216675
0.976629615 0.005350079 -0.214862704 -0.262787342 -0.008415494 0.999875426 -0.013354614 -0.346953630 0.214764491 0.014850689 0.976552904 17.040824890
0.966930449 0.006753068 -0.254950702 -0.363048792 -0.009130433 0.999925077 -0.008142482 -0.349916041 0.254876614 0.010201022 0.966919720 17.302804947
0.955109239 0.010930679 -0.296052128 -0.490837097 -0.012373622 0.999918878 -0.003000712 -0.356851697 0.295995325 0.006529246 0.955167055 17.575860977
0.940984488 0.014433618 -0.338141620 -0.630918503 -0.014832984 0.999889016 0.001402982 -0.361483008 0.338124335 0.003695465 0.941094160 17.848617554
0.924205244 0.016888877 -0.381522596 -0.783687592 -0.015234753 0.999856889 0.007355847 -0.366493732 0.381592274 -0.000985909 0.924330115 18.128269196
0.904892981 0.020279046 -0.425155818 -0.943160057 -0.015394747 0.999770164 0.014921080 -0.370974064 0.425360739 -0.006956813 0.904997170 18.400226593
0.883183479 0.024535190 -0.468385398 -1.112572193 -0.016422331 0.999636173 0.021397613 -0.370184392 0.468740016 -0.011206036 0.883265078 18.651580811
0.858444214 0.030120542 -0.512021720 -1.333626747 -0.019477641 0.999468446 0.026139643 -0.373332024 0.512536883 -0.012466451 0.858574629 18.937948227
0.830364525 0.034002278 -0.556182086 -1.545012474 -0.020806389 0.999332368 0.030030979 -0.376827240 0.556831956 -0.013364518 0.830517590 19.194524765
0.799117744 0.037268113 -0.600018144 -1.804093361 -0.022929225 0.999239862 0.031526756 -0.366554737 0.600737035 -0.011435640 0.799364865 19.477758408
0.765212476 0.040530771 -0.642500699 -2.074658394 -0.023612969 0.999111652 0.034903973 -0.364737451 0.643344641 -0.011537602 0.765489757 19.745178223
0.728060305 0.044631641 -0.684058666 -2.376960754 -0.024701532 0.998938382 0.038885623 -0.351374269 0.685067892 -0.011413781 0.728389800 20.019630432
0.688620389 0.044652447 -0.723745883 -2.704723358 -0.021794334 0.998925805 0.040893432 -0.325609803 0.724794388 -0.012386492 0.688853860 20.290630341
0.647819638 0.044693485 -0.760481536 -3.073706627 -0.019493526 0.998923123 0.042101048 -0.309289992 0.761544228 -0.012449419 0.647993267 20.568271637
0.606572568 0.043752059 -0.793823242 -3.440265656 -0.013849883 0.998914719 0.044472896 -0.303990066 0.794907331 -0.015981684 0.606520236 20.781993866
0.560972035 0.043192744 -0.826707065 -3.841375351 -0.008677585 0.998889863 0.046300456 -0.283355296 0.827789187 -0.018799441 0.560724258 21.033161163
0.514932036 0.045243084 -0.856036246 -4.277804375 -0.006979172 0.998794436 0.048589934 -0.267224789 0.857202530 -0.019046089 0.514626980 21.241106033
0.465104342 0.044676341 -0.884127796 -4.735394478 -0.006504851 0.998871326 0.047052566 -0.239895582 0.885231972 -0.016133232 0.464869976 21.437578201
0.413153350 0.044180382 -0.909589052 -5.193391323 -0.000699122 0.998837531 0.048197795 -0.230095565 0.910661101 -0.019277165 0.412703991 21.611295700
0.359203011 0.043134518 -0.932262063 -5.692875385 0.003902123 0.998853266 0.047719095 -0.207044542 0.933251202 -0.020778643 0.358622789 21.781505585
0.304455638 0.041843325 -0.951606989 -6.219201565 0.006914238 0.998911202 0.046135481 -0.180097222 0.952501416 -0.020625843 0.303834856 21.923587799
0.251861334 0.047794491 -0.966582417 -6.789660931 0.007903588 0.998644829 0.051439311 -0.150965333 0.967731059 -0.020595044 0.251142234 22.028326035
0.200953469 0.053165507 -0.978156924 -7.377183914 0.010848688 0.998344004 0.056491502 -0.128457129 0.979540706 -0.021963878 0.200043917 22.113925934
0.152568296 0.053965386 -0.986818433 -7.978920937 0.016132904 0.998239040 0.057084188 -0.095081866 0.988161266 -0.024629485 0.151429027 22.193593979
0.108119905 0.055435032 -0.992591023 -8.599294662 0.018577257 0.998157084 0.057769448 -0.072137654 0.993964314 -0.024685645 0.106890827 22.237154007
0.068105333 0.053886563 -0.996221781 -9.232149124 0.018787565 0.998293996 0.055283029 -0.044436336 0.997501314 -0.022481648 0.066976719 22.245391846
0.032402437 0.049307831 -0.998257875 -9.868480682 0.016527869 0.998619318 0.049862154 -0.010050893 0.999338150 -0.018114733 0.031542752 22.245111465
0.003948757 0.049203731 -0.998780906 -10.544510841 0.014181195 0.998685479 0.049255092 0.027353168 0.999891639 -0.014358404 0.003245801 22.221719742
-0.017325154 0.053386174 -0.998423636 -11.245818138 0.013109951 0.998499811 0.053162754 0.058154404 0.999763966 -0.012168234 -0.017999053 22.198190689
-0.030143172 0.059331954 -0.997783124 -11.971191406 0.014532568 0.998157203 0.058915168 0.093731642 0.999439895 -0.012724459 -0.030949872 22.164539337
-0.038243428 0.062073804 -0.997338593 -12.711930275 0.014305755 0.998000562 0.061566439 0.125259638 0.999166071 -0.011913170 -0.039054979 22.131456375
-0.041824788 0.059363253 -0.997359872 -13.472414017 0.015333810 0.998153806 0.058767494 0.160528362 0.999007285 -0.012835391 -0.042657845 22.091817856
-0.041069459 0.055399869 -0.997619271 -14.251233101 0.022761032 0.998254418 0.054498136 0.197686911 0.998897076 -0.020468635 -0.042258725 22.063100815
-0.036882851 0.053692561 -0.997876108 -15.060542107 0.034530573 0.998027742 0.052424420 0.245285690 0.998722851 -0.032523666 -0.038664132 22.047750473
-0.031131538 0.053951174 -0.998058140 -15.882936478 0.035182558 0.997982562 0.052849662 0.281625271 0.998895884 -0.033468951 -0.032966863 22.023832321
-0.026052510 0.052720495 -0.998269439 -16.737768173 0.033234660 0.998101950 0.051844303 0.312178791 0.999107897 -0.031826470 -0.027755214 21.995424271
-0.023035649 0.046117101 -0.998670459 -17.602689743 0.036846664 0.998295903 0.045249894 0.352482378 0.999055445 -0.035755306 -0.024695659 21.985315323
-0.020931680 0.035194222 -0.999161184 -18.488859177 0.034485076 0.998810887 0.034459442 0.392450452 0.999185979 -0.033734854 -0.022120468 21.965476990
-0.020419896 0.027038090 -0.999425769 -19.384717941 0.026988154 0.999284863 0.026482860 0.415773511 0.999427199 -0.026431881 -0.021135001 21.931961060
-0.021600721 0.024116654 -0.999475777 -20.299404144 0.021401217 0.999491096 0.023654498 0.441847742 0.999537528 -0.020879049 -0.022105852 21.894298553
-0.025243215 0.030216711 -0.999224544 -21.260751724 0.011971683 0.999480546 0.029922010 0.462584466 0.999609590 -0.011207071 -0.025591845 21.858110428
-0.030301144 0.038520664 -0.998798311 -22.226236343 0.007461383 0.999238014 0.038311262 0.487003267 0.999512970 -0.006291543 -0.030565470 21.811159134
-0.034663022 0.047926031 -0.998249292 -23.201044083 0.005930432 0.998841763 0.047748558 0.522974372 0.999381423 -0.004264939 -0.034907095 21.762023926
-0.036569852 0.057947107 -0.997649610 -24.233049393 0.004313751 0.998317182 0.057827763 0.564371586 0.999321818 -0.002188859 -0.036758285 21.729137421
-0.037561934 0.065649502 -0.997135460 -25.252553940 0.006352424 0.997835159 0.065456271 0.612548470 0.999274135 -0.003875564 -0.037897658 21.689348221
-0.039160110 0.066504449 -0.997017384 -26.280517578 0.007271339 0.997775197 0.066269405 0.666433334 0.999206483 -0.004654534 -0.039556563 21.646978378
-0.040729739 0.063676782 -0.997139037 -27.276351929 0.005908693 0.997965038 0.063488178 0.717552006 0.999152720 -0.003305931 -0.041023098 21.599351883
-0.043658875 0.058699816 -0.997320473 -28.299289703 0.005660305 0.998270869 0.058507957 0.767685235 0.999030471 -0.003090746 -0.043915641 21.549768448
-0.048177138 0.053772241 -0.997390330 -29.327917099 0.005833546 0.998548031 0.053552873 0.810595274 0.998821735 -0.003238298 -0.048420869 21.493253708
-0.053639080 0.049075175 -0.997353733 -30.344255447 0.005902252 0.998789847 0.048828401 0.852648199 0.998542964 -0.003267522 -0.053863816 21.434907913
-0.060338445 0.047261443 -0.997058451 -31.367553711 0.005079152 0.998880088 0.047040414 0.892897248 0.998165131 -0.002225866 -0.060510911 21.357770920
-0.067106053 0.049529124 -0.996515751 -32.415214539 0.005366942 0.998770595 0.049279783 0.934672594 0.997731328 -0.002041271 -0.067289382 21.287590027
-0.073477335 0.054365125 -0.995813966 -33.483421326 0.003789838 0.998521030 0.054233279 0.977307141 0.997289658 0.000210943 -0.073574699 21.200353622
-0.079599835 0.057450339 -0.995169997 -34.547317505 0.001096416 0.998342276 0.057545789 1.018880486 0.996826291 0.003489514 -0.079530872 21.107063293
-0.084360577 0.059504263 -0.994656920 -35.618778229 -0.002286704 0.998201191 0.059910234 1.069837332 0.996432662 0.007328548 -0.084072754 21.006528854
-0.087051958 0.060909107 -0.994339943 -36.696044922 -0.006356791 0.998074770 0.061694410 1.121064067 0.996183515 0.011691432 -0.086497173 20.902503967
-0.088661738 0.062092982 -0.994124472 -37.770019531 -0.010796362 0.997936487 0.063293949 1.175239563 0.996003330 0.016344681 -0.087808393 20.793270111
-0.089836739 0.061592035 -0.994050145 -38.847255707 -0.011909428 0.997948110 0.062909856 1.227379084 0.995885313 0.017490184 -0.088918872 20.681810379
-0.091451161 0.060823608 -0.993950307 -39.925891876 -0.012391479 0.997986138 0.062210690 1.278484583 0.995732486 0.018005753 -0.090513274 20.577585220
-0.092490301 0.060058523 -0.993900597 -41.008552551 -0.013142431 0.998018682 0.061530374 1.331628680 0.995626986 0.018753231 -0.091517717 20.475072861
-0.093394652 0.059191465 -0.993868113 -42.099555969 -0.015488641 0.998023987 0.060894463 1.385908127 0.995508671 0.021080887 -0.092293322 20.361238480
-0.093873210 0.056586836 -0.993974626 -43.182342529 -0.020134768 0.998071313 0.058721621 1.437059045 0.995380521 0.025525838 -0.092552803 20.244228363
-0.094267212 0.051701937 -0.994203508 -44.266407013 -0.024862910 0.998216867 0.054268066 1.484218121 0.995236456 0.029834492 -0.092813656 20.135082245
-0.093336523 0.051127855 -0.994320989 -45.374423981 -0.026793871 0.998189926 0.053841915 1.528362989 0.995274007 0.031667124 -0.091797665 20.019163132
-0.091722615 0.055278003 -0.994249105 -46.486236572 -0.027698651 0.997930050 0.058037940 1.576037049 0.995399237 0.032862753 -0.090001635 19.913341522
-0.089767292 0.058770802 -0.994227231 -47.582756042 -0.027622797 0.997726500 0.061471675 1.616792083 0.995579660 0.032981481 -0.087939806 19.807769775
-0.088407278 0.058158912 -0.994385064 -48.696548462 -0.025863534 0.997823298 0.060659442 1.674399137 0.995748580 0.031081047 -0.086710639 19.708068848
-0.085952282 0.057384133 -0.994645298 -49.804645538 -0.025639165 0.997881770 0.059786472 1.725899696 0.995969296 0.030640656 -0.084298953 19.609136581
-0.081956521 0.057543933 -0.994973302 -50.943729401 -0.029955864 0.997738481 0.060171340 1.786785841 0.996185541 0.034736719 -0.080047391 19.507125854
-0.076251015 0.058274902 -0.995384336 -52.065193176 -0.034990694 0.997519374 0.061080351 1.841249466 0.996474504 0.039486628 -0.074022792 19.405851364
-0.069848731 0.057979483 -0.995871305 -53.186531067 -0.038966384 0.997389019 0.060800884 1.893856406 0.996796191 0.043052375 -0.067407101 19.306285858
-0.064577401 0.057144351 -0.996275127 -54.340377808 -0.040485650 0.997387111 0.059832357 1.949916482 0.997091115 0.044198666 -0.062095139 19.233259201
-0.058782488 0.056189541 -0.996688128 -55.476623535 -0.040215738 0.997470856 0.058605500 2.006007195 0.997460425 0.043527525 -0.056374121 19.162876129
-0.053500842 0.055811211 -0.997006893 -56.623493195 -0.038787063 0.997567236 0.057923939 2.060436964 0.997814178 0.041769944 -0.051205929 19.096017838
-0.047987640 0.056576885 -0.997244358 -57.763496399 -0.037625615 0.997583508 0.058406688 2.110075712 0.998139024 0.040324736 -0.045742936 19.038871765
-0.041741788 0.058238156 -0.997429669 -58.919429779 -0.036849923 0.997530758 0.059786212 2.161591291 0.998448610 0.039250795 -0.039492652 18.980079651
-0.036522496 0.059769038 -0.997543871 -60.070259094 -0.037146810 0.997438788 0.061122771 2.209848881 0.998642206 0.039287932 -0.034208726 18.937480927
-0.031693388 0.058744218 -0.997769773 -61.218147278 -0.036603242 0.997533560 0.059892971 2.263563156 0.998827159 0.038419828 -0.029464986 18.907178879
-0.026661277 0.054303993 -0.998168468 -62.366401672 -0.036815178 0.997792721 0.055266891 2.314862013 0.998966336 0.038221236 -0.024603216 18.865594864
-0.022006381 0.049015485 -0.998555660 -63.517745972 -0.037200116 0.998065591 0.049811270 2.356723309 0.999065518 0.038242545 -0.020140432 18.834411621
-0.018323995 0.048567582 -0.998651803 -64.675476074 -0.036828425 0.998108923 0.049216930 2.399345636 0.999153614 0.037680626 -0.016500672 18.809103012
-0.014481656 0.050839081 -0.998601854 -65.842559814 -0.036354784 0.998019457 0.051336646 2.441329479 0.999234021 0.037047394 -0.012604730 18.774309158
-0.013165965 0.050907232 -0.998616576 -67.020294189 -0.036063943 0.998029172 0.051352769 2.475586891 0.999262750 0.036690161 -0.011304102 18.770662308
-0.012237313 0.050526652 -0.998647690 -68.191963196 -0.037839975 0.997983754 0.050956745 2.524979830 0.999208868 0.038412377 -0.010300713 18.749546051
-0.010763734 0.051513497 -0.998614311 -69.350730896 -0.039155338 0.997884452 0.051897883 2.567486763 0.999175131 0.039659701 -0.008723935 18.726593018
-0.010152103 0.051465634 -0.998623192 -70.532234192 -0.039788395 0.997862875 0.051830944 2.604907751 0.999156535 0.040259805 -0.008082672 18.713493347
-0.008879599 0.049140021 -0.998752475 -71.704704285 -0.040263385 0.997964263 0.049459212 2.652172565 0.999149680 0.040652335 -0.006882979 18.695383072
-0.007912420 0.047460854 -0.998841763 -72.881591797 -0.038624600 0.998113096 0.047732200 2.699871778 0.999222398 0.038957536 -0.006064332 18.678230286
-0.008033005 0.047777716 -0.998825669 -74.072624207 -0.035248850 0.998223603 0.048032399 2.729821205 0.999346197 0.035593305 -0.006334624 18.675426483
-0.007779286 0.048236329 -0.998805642 -75.257080078 -0.033176225 0.998273492 0.048469022 2.774621487 0.999419093 0.033513654 -0.006165557 18.664375305
-0.007591106 0.051513966 -0.998643339 -76.442428589 -0.032480020 0.998132527 0.051734503 2.808593988 0.999443471 0.032828685 -0.005903755 18.653697968
-0.006514843 0.055195406 -0.998454213 -77.624259949 -0.034914289 0.997854114 0.055390045 2.851688623 0.999369025 0.035221178 -0.004573755 18.627325058
-0.006026525 0.055169165 -0.998458743 -78.809562683 -0.037498754 0.997762203 0.055357013 2.896008968 0.999278426 0.037774567 -0.003944263 18.609779358
-0.006360303 0.053083200 -0.998569846 -80.011329651 -0.038481988 0.997837305 0.053289376 2.938758373 0.999239028 0.038765877 -0.004303801 18.608055115
-0.005587687 0.050472353 -0.998709857 -81.189743042 -0.038319204 0.997981071 0.050649915 2.986186028 0.999249935 0.038552780 -0.003642346 18.589841843
-0.005610520 0.050264444 -0.998720169 -82.378799438 -0.035676889 0.998090029 0.050433151 3.023908138 0.999347568 0.035914194 -0.003806524 18.578283310
-0.005606516 0.051308095 -0.998667121 -83.554885864 -0.034584418 0.998075485 0.051471855 3.069760323 0.999386072 0.034826901 -0.003821266 18.572057724
-0.004503552 0.053689729 -0.998547435 -84.733016968 -0.033699844 0.997982264 0.053811338 3.116020203 0.999421835 0.033893231 -0.002685129 18.553474426
-0.004668887 0.056676265 -0.998381674 -85.893295288 -0.034243770 0.997797906 0.056803264 3.150599480 0.999402583 0.034453556 -0.002717797 18.549861908
-0.004465061 0.056801941 -0.998375535 -87.060050964 -0.035576165 0.997744381 0.056925155 3.197616100 0.999356925 0.035772540 -0.002434195 18.536827087
-0.003958494 0.054565966 -0.998502374 -88.228279114 -0.035228357 0.997882783 0.054671772 3.243052006 0.999371469 0.035392016 -0.002027844 18.522424698
-0.003943162 0.053256344 -0.998573065 -89.390113831 -0.034186661 0.997989953 0.053360254 3.285017014 0.999407709 0.034348287 -0.002114580 18.521503448
-0.003901723 0.054659098 -0.998497427 -90.552909851 -0.032673042 0.997964978 0.054757625 3.324755192 0.999458492 0.032837596 -0.002107904 18.512969971
-0.003276164 0.057081036 -0.998364151 -91.725593567 -0.030536786 0.997898221 0.057154600 3.378001928 0.999528348 0.030674083 -0.001526208 18.498231888
-0.003562772 0.059473291 -0.998223543 -92.872413635 -0.028673831 0.997813284 0.059551194 3.422804832 0.999582469 0.028835056 -0.001849654 18.504796982
-0.003164648 0.061171025 -0.998122275 -94.041595459 -0.029363995 0.997691154 0.061237704 3.473758459 0.999563813 0.029502651 -0.001361115 18.493988037
-0.002598814 0.063140459 -0.998001218 -95.204032898 -0.032309927 0.997478247 0.063191511 3.525939465 0.999474585 0.032409567 -0.000552197 18.477216721
-0.002122524 0.062898688 -0.998017669 -96.361015320 -0.034176752 0.997432292 0.062934473 3.566784143 0.999413550 0.034242582 0.000032598 18.468317032
-0.002012250 0.058329187 -0.998295426 -97.513038635 -0.036542937 0.997626305 0.058363773 3.624725103 0.999330103 0.036598086 0.000124047 18.453105927
-0.001452775 0.056528870 -0.998400033 -98.671928406 -0.037944667 0.997678876 0.056543272 3.676719666 0.999278784 0.037966099 0.000695567 18.439317703
-0.001373561 0.055136122 -0.998477817 -99.835548401 -0.037767127 0.997763574 0.055148631 3.714696646 0.999285638 0.037785389 0.000711843 18.438016891
-0.001330273 0.055450279 -0.998460531 -100.998992920 -0.036422841 0.997796297 0.055461906 3.762559414 0.999335587 0.036440544 0.000692315 18.440845490
-0.001296416 0.057712942 -0.998332500 -102.149360657 -0.036496367 0.997665346 0.057721779 3.806879044 0.999332964 0.036510333 0.000812923 18.429382324
-0.001206922 0.059733618 -0.998213589 -103.315597534 -0.035222143 0.997592509 0.059739020 3.855909824 0.999378860 0.035231333 0.000899929 18.426828384
-0.001965907 0.058586091 -0.998280406 -104.473709106 -0.038686782 0.997530580 0.058618270 3.910121679 0.999249458 0.038735487 0.000305455 18.417856216
-0.001921849 0.059679564 -0.998215675 -105.642700195 -0.042298794 0.997319341 0.059707414 3.965624809 0.999103189 0.042338058 0.000607677 18.403898239
-0.002049435 0.059066817 -0.998251975 -106.816108704 -0.045773707 0.997202098 0.059098672 4.016084671 0.998949647 0.045814808 0.000660006 18.382312775
-0.002695647 0.055265222 -0.998467982 -107.989379883 -0.047237743 0.997350037 0.055330865 4.064672947 0.998880029 0.047314532 -0.000077898 18.382495880
-0.003233270 0.051121451 -0.998687208 -109.162872314 -0.046589918 0.997600138 0.051216643 4.118198395 0.998908818 0.046694346 -0.000843768 18.369928360
-0.004059702 0.050542645 -0.998713672 -110.357482910 -0.043471780 0.997768819 0.050671540 4.158256531 0.999046326 0.043621570 -0.001853466 18.360729218
-0.004270172 0.049908761 -0.998744667 -111.560478210 -0.039389249 0.997970283 0.050038476 4.203979492 0.999214828 0.039553475 -0.002295637 18.357696533
-0.004653418 0.051637121 -0.998655081 -112.785957336 -0.038209859 0.997927368 0.051777538 4.253835678 0.999258876 0.038399406 -0.002670727 18.344463348
-0.005916026 0.055379562 -0.998447835 -113.992790222 -0.037221819 0.997761190 0.055562023 4.301949501 0.999289453 0.037492745 -0.003841453 18.336956024
-0.005896791 0.055737861 -0.998428047 -115.234008789 -0.035644021 0.997799158 0.055913270 4.352648735 0.999347091 0.035917699 -0.003897092 18.317743301
-0.006664545 0.051956575 -0.998627067 -116.453041077 -0.035392236 0.998011351 0.052160732 4.385618210 0.999351263 0.035691280 -0.004812432 18.316066742
-0.008186892 0.048241805 -0.998802125 -117.689514160 -0.035754956 0.998182714 0.048504964 4.433834076 0.999327004 0.036109239 -0.006447131 18.307031631
-0.008053966 0.046915572 -0.998866379 -118.942184448 -0.035001207 0.998273492 0.047169946 4.478725433 0.999354839 0.035341434 -0.006397960 18.278467178
-0.008713017 0.047742885 -0.998821676 -120.165046692 -0.036627963 0.998173952 0.048031442 4.529041290 0.999290943 0.037003301 -0.006948383 18.266960144
-0.009194380 0.052585267 -0.998574138 -121.440254211 -0.041183025 0.997749150 0.052921019 4.576627254 0.999109328 0.041610871 -0.007008063 18.244173050
-0.009011312 0.056084979 -0.998385370 -122.704765320 -0.046855092 0.997305453 0.056447230 4.620911598 0.998861074 0.047288101 -0.006359164 18.206043243
-0.009561098 0.055727616 -0.998400211 -123.963638306 -0.054423790 0.996936977 0.056167126 4.677956104 0.998472154 0.054873746 -0.006498904 18.185487747
-0.009428382 0.053444806 -0.998526216 -125.230888367 -0.057232618 0.996904910 0.053898431 4.731522560 0.998316348 0.057656452 -0.006340413 18.159074783
-0.009782342 0.052522328 -0.998571754 -126.499557495 -0.060098808 0.996783435 0.053017009 4.782320976 0.998144507 0.060531601 -0.006594347 18.141050339
-0.010101883 0.051836211 -0.998604417 -127.768318176 -0.060099564 0.996818602 0.052351490 4.821895123 0.998141229 0.060544539 -0.006954411 18.116588593
-0.010761691 0.051027227 -0.998639226 -129.027450562 -0.057998732 0.996983945 0.051567663 4.865275383 0.998258591 0.058474764 -0.007769717 18.103738785
-0.010977528 0.051516548 -0.998611808 -130.292938232 -0.057939745 0.996961296 0.052068330 4.915221214 0.998259723 0.058430888 -0.007959316 18.083490372
-0.011580963 0.056449886 -0.998338223 -131.573684692 -0.057722420 0.996702611 0.057026997 4.967741966 0.998265505 0.058286920 -0.008284352 18.058469772
-0.012413092 0.060618829 -0.998083830 -132.828353882 -0.056489874 0.996524036 0.061226659 5.015825748 0.998326004 0.057141632 -0.008945594 18.047824860
-0.012511538 0.059668981 -0.998139858 -134.082244873 -0.057022747 0.996550918 0.060288765 5.068275928 0.998294413 0.057670981 -0.009065896 18.026901245
-0.011459979 0.057936087 -0.998254538 -135.342147827 -0.056788802 0.996671081 0.058496125 5.124999046 0.998320460 0.057360042 -0.008131707 18.007026672
-0.010277493 0.057519924 -0.998291433 -136.592163086 -0.056127686 0.996737003 0.058008205 5.177914143 0.998370767 0.056627959 -0.007015496 17.986400604
-0.009776697 0.056521639 -0.998353541 -137.838531494 -0.055957552 0.996805727 0.056982003 5.226931572 0.998385310 0.056422506 -0.006582655 17.977935791
-0.008482747 0.059063151 -0.998218119 -139.098175049 -0.056389689 0.996637344 0.059448805 5.271456718 0.998372793 0.056793503 -0.005123669 17.958148956
-0.007691389 0.062714949 -0.998001695 -140.344818115 -0.057252202 0.996366560 0.063053429 5.325897694 0.998330057 0.057622772 -0.004072875 17.941257477
-0.006434709 0.063404061 -0.997967064 -141.594360352 -0.059129037 0.996217549 0.063674159 5.388647079 0.998229623 0.059418563 -0.002661348 17.922735214
-0.005335943 0.060916547 -0.998128533 -142.861557007 -0.060910981 0.996269703 0.061128713 5.439916134 0.998128951 0.061123177 -0.001605551 17.911859512
-0.005615220 0.057918124 -0.998305500 -144.102554321 -0.059357420 0.996541679 0.058149666 5.494774818 0.998221040 0.059583362 -0.002157930 17.906166077
-0.005161097 0.056406807 -0.998394668 -145.354003906 -0.056914084 0.996772885 0.056609407 5.541605473 0.998365760 0.057114884 -0.001934099 17.897195816
-0.005734601 0.055983331 -0.998415291 -146.584762573 -0.055190690 0.996892095 0.056214925 5.587390900 0.998459399 0.055425595 -0.002627019 17.891347885
-0.005709570 0.056287996 -0.998398244 -147.836059570 -0.052835852 0.997002840 0.056511488 5.633356094 0.998586833 0.053073879 -0.002718433 17.883935928
-0.006027934 0.054729361 -0.998483121 -149.064529419 -0.051101021 0.997179627 0.054966427 5.685133934 0.998675227 0.051354833 -0.003214207 17.877496719
-0.005528593 0.054786846 -0.998482764 -150.316955566 -0.049519815 0.997257948 0.054993831 5.735072613 0.998757780 0.049748722 -0.002800399 17.860910416
-0.005970797 0.057187174 -0.998345613 -151.556533813 -0.047328610 0.997228503 0.057406221 5.788760185 0.998861492 0.047593087 -0.003247659 17.856224060
-0.005781668 0.058771685 -0.998254776 -152.791030884 -0.044901855 0.997249186 0.058972545 5.833950996 0.998974562 0.045164444 -0.003126806 17.842626572
-0.005856415 0.057663798 -0.998318851 -154.015090942 -0.042844556 0.997404754 0.057862327 5.882569313 0.999064565 0.043111403 -0.003370636 17.828849792
-0.006755812 0.058020849 -0.998292565 -155.237121582 -0.043938216 0.997333884 0.058262479 5.935138226 0.999011457 0.044256806 -0.004188469 17.817558289
-0.006584631 0.062599182 -0.998016953 -156.494949341 -0.044688277 0.997023165 0.062831670 5.991449356 0.998979211 0.045013394 -0.003767580 17.808000565
-0.006310744 0.069256030 -0.997578979 -157.726470947 -0.049607754 0.996348858 0.069484442 6.050055981 0.998748839 0.049926151 -0.002852065 17.792266846
-0.005162400 0.069366440 -0.997577846 -158.946640015 -0.054155238 0.996107876 0.069544472 6.110231876 0.998519123 0.054383088 -0.001385750 17.770496368
-0.003541229 0.065229669 -0.997864008 -160.178695679 -0.058679033 0.996137261 0.065325052 6.176531792 0.998270631 0.058785032 0.000300065 17.746948242
-0.002000467 0.060224369 -0.998182833 -161.401519775 -0.060400199 0.996355176 0.060235143 6.228801250 0.998172164 0.060410947 0.001644389 17.733686447
-0.001130039 0.058473986 -0.998288393 -162.622909546 -0.063177742 0.996290445 0.058428477 6.280527115 0.998001635 0.063135624 0.002568407 17.729934692
0.000264623 0.055028372 -0.998484731 -163.830902100 -0.057985991 0.996805489 0.054920457 6.331911564 0.998317301 0.057883587 0.003454653 17.727453232
0.000454317 0.050538171 -0.998722017 -165.067672729 -0.054968681 0.997213423 0.050436821 6.383480072 0.998487949 0.054875515 0.003231067 17.730686188
-0.000322605 0.047140550 -0.998888254 -166.282379150 -0.048673097 0.997703612 0.047100361 6.423760414 0.998814702 0.048634179 0.001972613 17.736822128
-0.001270658 0.050325539 -0.998732030 -167.504974365 -0.046609439 0.997644544 0.050330032 6.468036652 0.998912334 0.046614289 0.001077979 17.731834412
-0.000351073 0.057197724 -0.998362780 -168.739898682 -0.046266507 0.997292757 0.057152696 6.498321056 0.998929024 0.046210825 0.002296216 17.729944229
0.000729095 0.060524486 -0.998166382 -169.953750610 -0.048254762 0.997005999 0.060418870 6.548744202 0.998834729 0.048122235 0.003647506 17.724849701
0.002791918 0.056781095 -0.998382747 -171.178924561 -0.049283382 0.997181237 0.056574941 6.604937553 0.998780906 0.049045723 0.005582413 17.716932297
0.003680381 0.057068776 -0.998363495 -172.404571533 -0.051355544 0.997063577 0.056805156 6.654706478 0.998673677 0.051062435 0.006600372 17.716436386
0.004284832 0.057768777 -0.998320878 -173.628295898 -0.049970672 0.997095108 0.057483375 6.708071232 0.998741508 0.049640451 0.007159129 17.721340179
0.005132837 0.056202382 -0.998406231 -174.839782715 -0.049729619 0.997198343 0.055878725 6.751718044 0.998749673 0.049363539 0.007913379 17.723539352
0.006842857 0.054623757 -0.998483598 -176.026962280 -0.049790185 0.997287035 0.054217082 6.797487736 0.998736322 0.049343679 0.009544020 17.727890015
0.008634038 0.056725420 -0.998352408 -177.182540894 -0.051377542 0.997096181 0.056209706 6.838121414 0.998641968 0.050807580 0.011523378 17.725372314
0.009843321 0.058934845 -0.998213232 -178.316833496 -0.051242433 0.996979773 0.058356710 6.873022556 0.998637676 0.050576456 0.012833554 17.730886459
0.010547923 0.060279392 -0.998125732 -179.413040161 -0.052270845 0.996849835 0.059649952 6.909914017 0.998577237 0.051543698 0.013665549 17.733596802
0.010505786 0.061093073 -0.998076737 -180.490829468 -0.052599926 0.996783733 0.060460247 6.951585293 0.998560369 0.051863581 0.013685487 17.742294312
0.010447121 0.062425509 -0.997994959 -181.553817749 -0.051558208 0.996755481 0.061808269 6.986371040 0.998615324 0.050809115 0.013631775 17.749744415
0.010821272 0.061313167 -0.998059928 -182.584411621 -0.051929422 0.996806026 0.060673092 7.029708862 0.998592079 0.051172119 0.013970666 17.753984451
0.012273881 0.061645266 -0.998022795 -183.558181763 -0.052780826 0.996746361 0.060917329 7.056144714 0.998530686 0.051928759 0.015487636 17.768951416
0.013446594 0.062407963 -0.997960150 -184.523605347 -0.053411026 0.996670425 0.061607640 7.095620155 0.998482108 0.052473664 0.016735096 17.780702591
0.012975360 0.060672075 -0.998073399 -185.463912964 -0.051988747 0.996848285 0.059921734 7.128992081 0.998563349 0.051111072 0.016088732 17.787717819
0.009669713 0.057746399 -0.998284340 -186.402572632 -0.049391631 0.997140050 0.057201780 7.159683228 0.998732626 0.048753772 0.012494244 17.798221588
0.004655068 0.054272529 -0.998515308 -187.335372925 -0.049027905 0.997337699 0.053979959 7.190481186 0.998786569 0.048703831 0.007303542 17.803295135
-0.000229097 0.051146504 -0.998691082 -188.263702393 -0.050801795 0.997401059 0.051092081 7.227660179 0.998708785 0.050747000 0.002369832 17.790925980
-0.004183700 0.050483238 -0.998716056 -189.201568604 -0.052917041 0.997314334 0.050634049 7.259418488 0.998590171 0.053060938 -0.001501041 17.785266876
-0.006975593 0.051537782 -0.998646677 -190.119750977 -0.054703776 0.997155845 0.051842950 7.284042358 0.998478293 0.054991379 -0.004136442 17.766157150
-0.009005093 0.053049035 -0.998551250 -191.048370361 -0.053403903 0.997141182 0.053455729 7.319293499 0.998532295 0.053807911 -0.006146323 17.754398346
-0.010636504 0.054583985 -0.998452544 -191.972442627 -0.050337002 0.997213840 0.055052500 7.351259708 0.998675644 0.050844681 -0.007859276 17.751979828
-0.012099936 0.054742325 -0.998427212 -192.886444092 -0.048831031 0.997276604 0.055271022 7.390215397 0.998733759 0.049423009 -0.009393860 17.738122940
-0.012848245 0.053630762 -0.998478234 -193.799850464 -0.049533799 0.997300446 0.054204907 7.421895027 0.998689771 0.050154857 -0.010157024 17.722261429
-0.013883625 0.052440979 -0.998527527 -194.703079224 -0.051246498 0.997273982 0.053087685 7.455193043 0.998589516 0.051908091 -0.011158362 17.703025818
-0.013691608 0.052136540 -0.998546064 -195.615005493 -0.054629460 0.997109175 0.052810557 7.483702183 0.998412848 0.055273101 -0.010803835 17.683748245
-0.013309609 0.050242722 -0.998648405 -196.531509399 -0.057539243 0.997043431 0.050928839 7.518071651 0.998254538 0.058139313 -0.010379328 17.668836594
-0.012440106 0.047989141 -0.998770356 -197.440979004 -0.057316236 0.997171164 0.048626207 7.543546677 0.998278558 0.057850678 -0.009654358 17.656435013
-0.011414144 0.045341101 -0.998906374 -198.368118286 -0.057242122 0.997303605 0.045922436 7.574238777 0.998295069 0.057703681 -0.008787947 17.629846573
-0.010835897 0.045165502 -0.998920739 -199.284027100 -0.056806877 0.997338235 0.045710169 7.600992203 0.998326361 0.057240870 -0.008241342 17.621803284
-0.010586268 0.047674336 -0.998806834 -200.217208862 -0.054391559 0.997356594 0.048181605 7.633193970 0.998463571 0.054836728 -0.007965202 17.614923477
-0.010294864 0.049131539 -0.998739123 -201.156326294 -0.053835593 0.997316420 0.049616463 7.660403728 0.998496711 0.054278515 -0.007622210 17.597969055
-0.009775715 0.045366887 -0.998922586 -202.081283569 -0.048873685 0.997754633 0.045792133 7.692012787 0.998757124 0.049268678 -0.007536519 17.595628738
-0.008928830 0.042403847 -0.999060631 -203.014022827 -0.047360692 0.997961342 0.042780466 7.722542286 0.998837948 0.047698181 -0.006902352 17.579210281
-0.008730837 0.042741571 -0.999047935 -203.955917358 -0.051965725 0.997716784 0.043138746 7.756738663 0.998610675 0.052292895 -0.006489804 17.563152313
-0.007433030 0.046520486 -0.998889625 -204.901519775 -0.052777812 0.997506797 0.046848811 7.788201809 0.998578668 0.053067435 -0.004959248 17.553186417
-0.004974058 0.046457686 -0.998907804 -205.879150391 -0.050666906 0.997625411 0.046650339 7.820500851 0.998703241 0.050843608 -0.002608380 17.541690826
-0.002819438 0.047612935 -0.998861790 -206.839706421 -0.049423281 0.997638524 0.047694121 7.860758305 0.998774052 0.049501497 -0.000459592 17.537788391
-0.001553514 0.051923130 -0.998649776 -207.808700562 -0.050436217 0.997376084 0.051935360 7.900727272 0.998726130 0.050448798 0.001069369 17.535884857
0.000242792 0.056307100 -0.998413444 -208.811462402 -0.047454339 0.997289360 0.056232154 7.932178974 0.998873353 0.047365390 0.002914150 17.538204193
0.001797082 0.056644350 -0.998392880 -209.800979614 -0.047064099 0.997292936 0.056497231 7.977066040 0.998890221 0.046886925 0.004458132 17.533130646
0.003193322 0.057642236 -0.998332143 -210.815383911 -0.050229538 0.997086346 0.057409637 8.019857407 0.998732507 0.049962427 0.006079361 17.539791107
0.006656689 0.059609029 -0.998199582 -211.848785400 -0.052985631 0.996840417 0.059174519 8.065303802 0.998573184 0.052496318 0.009794080 17.529371262
0.009984182 0.059590634 -0.998172998 -212.875442505 -0.054077651 0.996794105 0.058967412 8.116154671 0.998486757 0.053390104 0.013174695 17.540645599
0.013009667 0.056730241 -0.998304844 -213.899963379 -0.057134926 0.996800363 0.055900175 8.163502693 0.998281717 0.056310829 0.016209317 17.541116714
