1.000000000 0.000000000 0.000000000 0.000000000 0.000000000 1.000000000 0.000000000 0.000000000 0.000000000 0.000000000 1.000000000 0.000000000
0.999933600 -0.002527930 0.011241050 0.015696483 0.002516973 0.999996364 0.000988761 -0.003852801 -0.011243508 -0.000960402 0.999936342 0.295357645
0.999828398 -0.004562601 0.017953360 0.025958965 0.004541721 0.999988973 0.001203632 -0.008874577 -0.017958654 -0.001121886 0.999838114 0.582669258
0.999777257 -0.007427680 0.019755438 0.038377363 0.007429922 0.999972403 -0.000040033 -0.012599058 -0.019754594 0.000186806 0.999804854 0.886675358
0.999814808 -0.008655007 0.017186919 0.050151784 0.008687656 0.999960601 -0.001825931 -0.009523475 -0.017170439 0.001974907 0.999850631 1.203064084
0.999883473 -0.011487026 0.010054003 0.056974284 0.011522061 0.999927700 -0.003433684 -0.010271603 -0.010013834 0.003549127 0.999943554 1.520263433
0.999911547 -0.013121838 -0.002133823 0.058894102 0.013109547 0.999897897 -0.005676165 -0.008862217 0.002208087 0.005647691 0.999981642 1.861604929
0.999746978 -0.012359123 -0.018790098 0.040192109 0.012247001 0.999906600 -0.006070501 -0.011823500 0.018863367 0.005838843 0.999805033 2.199838877
0.999222398 -0.007770343 -0.038656097 0.013039768 0.007555930 0.999955297 -0.005689722 -0.021431781 0.038698580 0.005393215 0.999236405 2.539986849
0.998296261 -0.004350078 -0.058186375 -0.032414950 0.003937549 0.999966323 -0.007202555 -0.022225350 0.058215745 0.006961172 0.998279750 2.893986225
0.996911168 -0.004076808 -0.078431025 -0.075703055 0.003485391 0.999964535 -0.007676009 -0.025504949 0.078459524 0.007378937 0.996890008 3.258824348
0.994976819 -0.005544528 -0.099952452 -0.117840506 0.004824243 0.999960661 -0.007446545 -0.025166215 0.099989802 0.006926944 0.994964361 3.632867575
0.992832005 -0.007332302 -0.119292960 -0.180626526 0.006638590 0.999958634 -0.006211545 -0.036857404 0.119333573 0.005375084 0.992839694 4.015017509
0.990573466 -0.005851679 -0.136858046 -0.257090688 0.005051150 0.999968112 -0.006195896 -0.035997935 0.136889935 0.005446200 0.990571380 4.410676956
0.988149703 -0.004953552 -0.153413445 -0.321939141 0.004240078 0.999978602 -0.004977498 -0.049186919 0.153434828 0.004268028 0.988149583 4.823627949
0.986035526 -0.003863049 -0.166490421 -0.410454899 0.003038713 0.999981821 -0.005205705 -0.054281395 0.166507468 0.004627094 0.986029327 5.239388943
0.983856440 -0.005653607 -0.178870425 -0.494366020 0.004627210 0.999970376 -0.006154896 -0.059381071 0.178899899 0.005227862 0.983853459 5.670268059
0.982042134 -0.009339565 -0.188430682 -0.587542176 0.007880067 0.999932885 -0.008493202 -0.066190153 0.188497335 0.006855835 0.982049763 6.123672485
0.980457604 -0.008438542 -0.196549654 -0.684221208 0.006564251 0.999926567 -0.010185485 -0.076941855 0.196621150 0.008696234 0.980440855 6.578292370
0.978965163 -0.007882037 -0.203875750 -0.790118039 0.005516700 0.999910772 -0.012167597 -0.080089055 0.203953490 0.010786931 0.978921175 7.048370361
0.977206409 -0.008757931 -0.212111041 -0.899039984 0.005676470 0.999869406 -0.015132196 -0.088628180 0.212215871 0.013583235 0.977128446 7.532365799
0.975485265 -0.012627880 -0.219702184 -1.016676426 0.009152309 0.999816477 -0.016830154 -0.099809669 0.219874397 0.014406784 0.975421846 8.028058052
0.973466098 -0.019154390 -0.228028059 -1.123812914 0.015342383 0.999711573 -0.018478308 -0.108480230 0.228316233 0.014489513 0.973479211 8.544325829
0.971398473 -0.019657074 -0.236640304 -1.246176124 0.015285940 0.999677181 -0.020292355 -0.131391093 0.236962810 0.016094690 0.971385419 9.057109833
0.969241321 -0.015765350 -0.245607048 -1.394805670 0.009877218 0.999633968 -0.025187274 -0.137387827 0.245914221 0.021986634 0.969042182 9.583889961
0.967071772 -0.012631560 -0.254190296 -1.554039598 0.005678537 0.999589860 -0.028068842 -0.156160951 0.254440576 0.025701150 0.966746867 10.127152443
0.964729905 -0.015139663 -0.262805879 -1.711808205 0.007451615 0.999515355 -0.030225845 -0.173347250 0.263136089 0.027201449 0.964375198 10.701171875
0.962299883 -0.018675003 -0.271348923 -1.862472534 0.010446793 0.999441683 -0.031736363 -0.198236376 0.271790028 0.027705178 0.961957693 11.259751320
0.960098684 -0.018288003 -0.279062837 -2.039978266 0.009098342 0.999373913 -0.034190327 -0.220383808 0.279513359 0.030287076 0.959664047 11.832522392
0.957888901 -0.017165339 -0.286625803 -2.233666658 0.006616628 0.999265969 -0.037731241 -0.249028385 0.287063062 0.034245837 0.957299352 12.422096252
0.955347955 -0.018244591 -0.294919193 -2.415559769 0.005800306 0.999057591 -0.043015461 -0.276282609 0.295426041 0.039384112 0.954553485 13.029975891
0.953564107 -0.019794593 -0.300539106 -2.615927458 0.004803045 0.998710573 -0.050539371 -0.310132891 0.301151961 0.046749026 0.952429593 13.638026237
0.952214956 -0.020342538 -0.304750562 -2.823234558 0.002421789 0.998251021 -0.059067644 -0.345326692 0.305419147 0.055507049 0.950598776 14.251384735
0.950976729 -0.020379445 -0.308590323 -3.028341055 -0.000470949 0.997729838 -0.067341842 -0.388214886 0.309262127 0.064185858 0.948808193 14.862225533
0.949556649 -0.019551637 -0.312985659 -3.248076439 -0.004562768 0.997087538 -0.076129049 -0.439947546 0.313562572 0.073716909 0.946701825 15.501842499
0.948283613 -0.019253355 -0.316840112 -3.476982355 -0.007570819 0.996502995 -0.083213292 -0.491985530 0.317334265 0.081308521 0.944821596 16.131782532
0.946703672 -0.017236065 -0.321644306 -3.713662148 -0.012377323 0.995883167 -0.089797221 -0.549481452 0.321867943 0.088992439 0.942592919 16.794784546
0.945069134 -0.016336733 -0.326461881 -3.958779335 -0.015861155 0.995281756 -0.095721878 -0.614389598 0.326485306 0.095641851 0.940351009 17.463703156
0.943476140 -0.014613993 -0.331117988 -4.208490849 -0.020005040 0.994695187 -0.100902855 -0.690272093 0.330836028 0.101823479 0.938178837 18.129634857
0.941608250 -0.011676072 -0.336507887 -4.461696625 -0.024879647 0.994253933 -0.104116008 -0.758940518 0.335790008 0.106408678 0.935907185 18.826997757
0.939828575 -0.010863896 -0.341473609 -4.729887486 -0.026868820 0.994048238 -0.105575733 -0.837811232 0.340588182 0.108398072 0.933943033 19.529411316
0.937514484 -0.010453899 -0.347789317 -5.000768661 -0.027752381 0.994117439 -0.104691699 -0.920404673 0.346837878 0.107801959 0.931709290 20.230161667
0.935229540 -0.010551297 -0.353884637 -5.270351410 -0.027812256 0.994277298 -0.103145927 -1.001778603 0.352947801 0.106307447 0.929584086 20.931669235
0.932707429 -0.010752068 -0.360473603 -5.561797619 -0.027572637 0.994503558 -0.101006500 -1.087417364 0.359578341 0.104148731 0.927284479 21.652585983
0.929479957 -0.009779923 -0.368743002 -5.848581314 -0.028564090 0.994738579 -0.098383471 -1.161642313 0.367765069 0.101978272 0.924310148 22.357297897
0.926196575 -0.007997295 -0.376956344 -6.162490845 -0.029008653 0.995300174 -0.092391118 -1.243519664 0.375923604 0.096507341 0.921611488 23.092937469
0.922585785 -0.004425322 -0.385766566 -6.486315250 -0.031745322 0.995672345 -0.087342843 -1.323771477 0.384483635 0.092827551 0.918452680 23.844924927
0.918896616 -0.000629934 -0.394497693 -6.819656849 -0.035218995 0.995874703 -0.083625220 -1.397584319 0.392922938 0.090736762 0.915083766 24.597700119
0.915064692 0.000912134 -0.403306067 -7.167582512 -0.037199382 0.995925486 -0.082149565 -1.469391584 0.401587933 0.090174906 0.911370158 25.349920273
0.911090374 0.000081233 -0.412206709 -7.517487049 -0.036817074 0.996019244 -0.081179582 -1.541200042 0.410559207 0.089138187 0.907466471 26.088682175
0.907527447 0.000429213 -0.419992805 -7.888107777 -0.037416317 0.996105850 -0.079831801 -1.611900210 0.418323070 0.088164128 0.904009283 26.850950241
0.903345704 0.000979306 -0.428912073 -8.275095940 -0.038171872 0.996212840 -0.078120455 -1.682644367 0.427211195 0.086942159 0.899962008 27.647642136
0.899375379 0.000165012 -0.437177181 -8.636247635 -0.037086032 0.996424139 -0.075918496 -1.756819963 0.435601354 0.084492393 0.896165431 28.391256332
0.895743012 0.000453432 -0.444572091 -9.039371490 -0.036083817 0.996774375 -0.071686581 -1.828018904 0.443105519 0.080254599 0.892869949 29.179723740
0.891729116 0.002894399 -0.452560127 -9.445949554 -0.036831956 0.997126579 -0.066196829 -1.892328620 0.451068103 0.075698324 0.889273465 29.968587875
0.887975216 0.003088114 -0.459880888 -9.873297691 -0.035509445 0.997452557 -0.061866585 -1.959550500 0.458518326 0.071266115 0.885822773 30.773096085
0.884148836 0.001708734 -0.467202216 -10.303561211 -0.033626739 0.997632623 -0.059987623 -2.021389008 0.465993643 0.068748489 0.882113099 31.579349518
0.880719423 0.001860573 -0.473634690 -10.732617378 -0.033980150 0.997663677 -0.059266664 -2.079520941 0.472417831 0.068291470 0.878724933 32.391765594
0.877795815 0.002504398 -0.479028463 -11.197877884 -0.034250207 0.997755229 -0.057545442 -2.136526346 0.477809042 0.066919975 0.875911057 33.216281891
0.874374270 -0.000166355 -0.485251993 -11.645127296 -0.030948646 0.997944891 -0.056108408 -2.192220688 0.484264046 0.064077646 0.872572243 34.047119141
0.871892154 -0.000840834 -0.489697158 -12.142677307 -0.030519910 0.997961283 -0.056053404 -2.255914927 0.488745868 0.063818030 0.870088935 34.891864777
0.869363189 -0.002998651 -0.494164646 -12.602868080 -0.028822254 0.997971654 -0.056761619 -2.308825731 0.493332446 0.063589402 0.867513359 35.739143372
0.867997050 -0.002609757 -0.496562541 -13.107569695 -0.029723104 0.997920156 -0.057201043 -2.369139433 0.495678991 0.064409718 0.866114140 36.601932526
0.867476344 -0.002660431 -0.497471362 -13.605614662 -0.029239919 0.997984231 -0.056324877 -2.432256222 0.496618360 0.063406512 0.865649939 37.454807281
0.867128909 -0.002371083 -0.498078138 -14.112054825 -0.028783372 0.998079062 -0.054861713 -2.492118120 0.497251481 0.061908543 0.865394890 38.338748932
0.866943598 -0.003525787 -0.498393804 -14.632738113 -0.027004540 0.998173773 -0.054035105 -2.560938835 0.497674108 0.060304288 0.865265191 39.215469360
0.866240084 -0.005771628 -0.499594659 -15.156194687 -0.024853000 0.998197675 -0.054624066 -2.625152826 0.499009460 0.059733987 0.864535391 40.119567871
0.864975929 -0.008566537 -0.501740277 -15.682594299 -0.022082403 0.998235941 -0.055112518 -2.689447403 0.501327217 0.058750633 0.863260806 41.031127930
0.863303304 -0.008858731 -0.504607737 -16.228713989 -0.020986378 0.998350859 -0.053431068 -2.748799801 0.504248917 0.056717098 0.861693799 41.968723297
0.861353993 -0.008120687 -0.507940352 -16.770906448 -0.019648178 0.998591542 -0.049283918 -2.815906286 0.507625163 0.052431002 0.859981239 42.866401672
0.858442008 -0.008229340 -0.512844682 -17.316631317 -0.017535975 0.998815835 -0.045380618 -2.877639294 0.512610972 0.047949854 0.857281089 43.784717560
0.854457974 -0.008384584 -0.519452989 -17.892715454 -0.016347125 0.998940766 -0.043013781 -2.949698687 0.519263387 0.045245025 0.853415787 44.710792542
0.849211097 -0.011315499 -0.527932286 -18.449966431 -0.015096395 0.998841405 -0.045692250 -3.006395578 0.527837694 0.046772238 0.848056376 45.588623047
0.843155742 -0.015727144 -0.537439406 -19.013061523 -0.012701578 0.998710454 -0.049152099 -3.061498880 0.537519395 0.048269197 0.841868699 46.474197388
0.836979806 -0.015661685 -0.547009587 -19.605907440 -0.012727632 0.998762846 -0.048070602 -3.132167578 0.547085762 0.047196262 0.835744977 47.364727020
0.831196070 -0.012515159 -0.555838585 -20.207790375 -0.013613661 0.998988688 -0.042850792 -3.192350626 0.555812716 0.043184415 0.830184996 48.249622345
0.825811625 -0.007438659 -0.563896894 -20.822031021 -0.017411668 0.999099970 -0.038678564 -3.248143673 0.563677013 0.041759595 0.824938953 49.136463165
0.821795821 -0.007474022 -0.569733083 -21.438724518 -0.018892599 0.999006748 -0.040356535 -3.301650763 0.569468796 0.043928575 0.820838332 50.009380341
0.818095624 -0.010372974 -0.574988842 -22.055837631 -0.018458597 0.998848498 -0.044282477 -3.363737345 0.574785948 0.046840783 0.816962004 50.888896942
0.815073848 -0.012582496 -0.579220533 -22.682519913 -0.021133685 0.998453021 -0.051428672 -3.422316790 0.578971565 0.054159228 0.813546956 51.756748199
0.811739981 -0.013981996 -0.583851635 -23.313051224 -0.020961046 0.998371720 -0.053051420 -3.486836672 0.583642781 0.055302091 0.810125172 52.631919861
0.808393478 -0.012510294 -0.588509619 -23.953092575 -0.020292593 0.998587608 -0.049102046 -3.551756859 0.588292718 0.051636163 0.806997776 53.494709015
0.805411100 -0.009671356 -0.592637658 -24.592370987 -0.020190693 0.998838961 -0.043739934 -3.614116669 0.592372656 0.047194403 0.804280639 54.341026306
0.802516460 -0.007056718 -0.596588254 -25.244003296 -0.021806071 0.998915076 -0.041148629 -3.661999941 0.596231341 0.046031706 0.801491857 55.200248718
0.799436152 -0.006844192 -0.600712299 -25.898939133 -0.022883631 0.998862445 -0.041834343 -3.714487314 0.600315273 0.047190361 0.798370004 56.056877136
0.795766830 -0.007801678 -0.605552733 -26.563364029 -0.023270864 0.998784602 -0.043448526 -3.769391298 0.605155706 0.048666637 0.794618130 56.913391113
0.791740596 -0.010676262 -0.610764146 -27.229074478 -0.022337941 0.998672485 -0.046413895 -3.825544357 0.610448837 0.050390977 0.790451050 57.770820618
0.787473559 -0.011821393 -0.616234958 -27.885627747 -0.021712158 0.998663366 -0.046903122 -3.883696318 0.615965784 0.050314765 0.786164463 58.603897095
0.782958508 -0.012017678 -0.621957839 -28.569810867 -0.020975348 0.998734772 -0.045702938 -3.947449923 0.621720195 0.048829280 0.781715870 59.446655273
0.778146029 -0.011621985 -0.627975821 -29.256746292 -0.021213649 0.998771966 -0.044770874 -4.007863998 0.627725065 0.048159938 0.776943922 60.281963348
0.772601902 -0.012946150 -0.634758830 -29.953678131 -0.021072689 0.998718321 -0.046018042 -4.070545673 0.634541035 0.048929699 0.771338820 61.132789612
0.766876996 -0.015266064 -0.641612530 -30.630945206 -0.019000435 0.998738825 -0.046473227 -4.144060135 0.641512811 0.047830164 0.765619755 61.947254181
0.761294246 -0.016360711 -0.648200095 -31.343288422 -0.018933004 0.998694539 -0.047443595 -4.203493595 0.648130059 0.048390910 0.759990692 62.775760651
0.755594313 -0.017828042 -0.654797375 -32.057991028 -0.018429913 0.998655140 -0.048457142 -4.270036697 0.654780805 0.048681792 0.754249513 63.593475342
0.749625504 -0.019488627 -0.661575317 -32.790248871 -0.018199183 0.998581469 -0.050037470 -4.328906536 0.661612034 0.049549494 0.748207510 64.414642334
0.743313313 -0.020562723 -0.668627322 -33.541816711 -0.017203592 0.998609245 -0.049836114 -4.402414322 0.668722212 0.048546638 0.741925776 65.237648010
0.736978173 -0.020277625 -0.675612330 -34.298667908 -0.016208513 0.998732269 -0.047656387 -4.473650455 0.675722241 0.046072382 0.735715210 66.059844971
0.730477333 -0.020387990 -0.682632446 -35.066825867 -0.016185293 0.998756707 -0.047149282 -4.534161568 0.682745099 0.045490086 0.729239166 66.869674683
0.724360287 -0.022126462 -0.689066410 -35.827678680 -0.015176521 0.998730838 -0.048023891 -4.599725246 0.689254522 0.045244232 0.723105192 67.654891968
0.717038333 -0.024549901 -0.696601272 -36.609909058 -0.014072066 0.998666048 -0.049680311 -4.663418770 0.696891665 0.045425311 0.715736389 68.483917236
0.711398959 -0.023675688 -0.702389419 -37.416194916 -0.015568782 0.998656332 -0.049430542 -4.729753494 0.702615857 0.046100188 0.710074484 69.273200989
0.705474913 -0.023414662 -0.708347976 -38.230964661 -0.015660604 0.998695076 -0.048609260 -4.793319225 0.708561838 0.045385774 0.704187691 70.084197998
0.700496733 -0.023083353 -0.713282168 -39.044532776 -0.016514095 0.998684824 -0.048537683 -4.858195782 0.713464439 0.045779705 0.699194312 70.878036499
0.695337057 -0.023705635 -0.718292713 -39.872291565 -0.017253987 0.998617172 -0.049659688 -4.922094345 0.718476593 0.046923634 0.693966508 71.676048279
0.690210760 -0.025939634 -0.723143339 -40.716381073 -0.017227456 0.998484969 -0.052259218 -4.997018814 0.723403275 0.048527800 0.688718200 72.466339111
0.685152352 -0.028916812 -0.727825642 -41.556339264 -0.015589688 0.998400688 -0.054342519 -5.066150188 0.728232861 0.048579477 0.683605790 73.248207092
0.680114806 -0.028735138 -0.732542276 -42.428974152 -0.017420400 0.998315930 -0.055334166 -5.143651962 0.732898653 0.050394762 0.678468823 74.047966003
0.675232291 -0.028568067 -0.737051725 -43.292976379 -0.016760079 0.998397410 -0.054052155 -5.214229107 0.737414777 0.048850805 0.673671305 74.830718994
0.669807792 -0.028604977 -0.741983354 -44.179836273 -0.015843840 0.998479605 -0.052796077 -5.294105530 0.742365479 0.047119096 0.668336213 75.630386353
0.664654076 -0.029940013 -0.746551096 -45.049957275 -0.015099075 0.998454511 -0.053485159 -5.363048077 0.746998608 0.046821360 0.663174808 76.404747009
0.659909070 -0.030646021 -0.750720203 -45.960128784 -0.014669261 0.998451829 -0.053653751 -5.439316750 0.751202285 0.046419103 0.658437788 77.186775208
0.655382097 -0.032002836 -0.754619241 -46.850502014 -0.012792408 0.998488247 -0.053455278 -5.509799004 0.755189180 0.044687033 0.653981984 77.965629578
0.651623487 -0.032261308 -0.757856190 -47.773399353 -0.012506131 0.998502433 -0.053258501 -5.588525772 0.758439422 0.044182345 0.650244415 78.735008240
0.647946835 -0.034787629 -0.760890663 -48.670780182 -0.010494022 0.998453915 -0.054585259 -5.660849094 0.761613250 0.043353155 0.646580160 79.486206055
0.643437445 -0.039612576 -0.764472961 -49.601325989 -0.007180968 0.998303890 -0.057772994 -5.740587234 0.765465021 0.042662963 0.642061770 80.274070740
0.638684332 -0.044005629 -0.768209398 -50.519031525 -0.002616324 0.998233318 -0.059357356 -5.815540314 0.769464433 0.039920498 0.637440860 81.041481018
0.631885469 -0.047368683 -0.773612857 -51.459091187 0.001524874 0.998204708 -0.059875049 -5.891697407 0.775060236 0.036654517 0.630823374 81.813552856
0.623246312 -0.051335704 -0.780338764 -52.395725250 0.006384495 0.998143792 -0.060565110 -5.973556995 0.781999528 0.032764908 0.622417152 82.566383362
0.614379644 -0.052030575 -0.787293136 -53.363948822 0.009088790 0.998223841 -0.058877930 -6.058590412 0.788958192 0.029017858 0.613761306 83.312530518
0.605242670 -0.050467741 -0.794439614 -54.340038300 0.009368544 0.998370886 -0.056285296 -6.141040325 0.795985937 0.026623527 0.604729354 84.059120178
0.596638560 -0.050200909 -0.800938427 -55.319210052 0.008605087 0.998384356 -0.056166213 -6.221765995 0.802463949 0.026618781 0.596106589 84.767967224
0.587234735 -0.051816624 -0.807756484 -56.308029175 0.007735109 0.998262525 -0.058413979 -6.297628403 0.809379756 0.028054630 0.586615145 85.482711792
0.576927960 -0.053472724 -0.815042853 -57.311187744 0.008200653 0.998183668 -0.059683263 -6.387809277 0.816753864 0.027749062 0.576318502 86.199089050
0.567226708 -0.055670373 -0.821677983 -58.356143951 0.008899499 0.998068810 -0.061477639 -6.472109795 0.823513627 0.027559243 0.566626728 86.895980835
0.556546211 -0.056322936 -0.828905344 -59.391941071 0.012120544 0.998143733 -0.059684422 -6.564177990 0.830728292 0.023170354 0.556195796 87.617729187
0.546038866 -0.056402836 -0.835859001 -60.458293915 0.013224681 0.998187184 -0.058717310 -6.649735928 0.837655544 0.021007961 0.545794904 88.326675415
0.536261737 -0.056939650 -0.842129052 -61.485408783 0.013404198 0.998170674 -0.058954544 -6.739188671 0.843945265 0.020327004 0.536043882 88.945220947
0.525891483 -0.058159880 -0.848560870 -62.548576355 0.012700671 0.998085141 -0.060537010 -6.821164608 0.850456834 0.021058606 0.525623143 89.608596802
0.515364289 -0.058709059 -0.854957879 -63.610679626 0.011752175 0.998040915 -0.061450280 -6.908379555 0.856890619 0.021621663 0.515044570 90.251762390
0.506304622 -0.059048343 -0.860330641 -64.700706482 0.009944269 0.997986317 -0.062644057 -7.006526947 0.862297356 0.023161618 0.505872309 90.858695984
0.496335983 -0.059484143 -0.866090178 -65.799934387 0.009239761 0.997955203 -0.063245706 -7.088154793 0.868081331 0.023388652 0.495870680 91.494270325
0.488096356 -0.056296054 -0.870972276 -66.913375854 0.007488901 0.998150945 -0.060319547 -7.191941738 0.872757554 0.022919131 0.487615466 92.102104187
0.480045795 -0.054714162 -0.875535429 -68.029052734 0.007688128 0.998277068 -0.058169253 -7.277686596 0.877209663 0.021192677 0.479639381 92.704261780
0.472629309 -0.054744948 -0.879559278 -69.147468567 0.007417731 0.998280346 -0.058148410 -7.367273331 0.881230116 0.020958310 0.472222596 93.299842834
0.464467168 -0.058135144 -0.883680105 -70.265922546 0.009591640 0.998114645 -0.060622100 -7.457951069 0.885538340 0.019681036 0.464149117 93.894630432
0.457565695 -0.061213892 -0.887066185 -71.394302368 0.011967801 0.997961104 -0.062693201 -7.548239231 0.889095247 0.018070031 0.457365334 94.466880798
0.451442271 -0.064194053 -0.889988184 -72.534530640 0.013194666 0.997780025 -0.065276042 -7.642017365 0.892202735 0.017725268 0.451287061 95.045829773
0.444903791 -0.067857437 -0.893003821 -73.665222168 0.015703067 0.997563064 -0.067979246 -7.743891716 0.895440698 0.016221320 0.444885164 95.627540588
0.440425992 -0.068747409 -0.895152926 -74.821502686 0.018607996 0.997548640 -0.067456014 -7.846615314 0.897596061 0.013052383 0.440625608 96.189445496
0.436246037 -0.065527365 -0.897438288 -75.965827942 0.019572407 0.997799933 -0.063341208 -7.951914310 0.899614513 0.010067320 0.436568797 96.741676331
0.432191014 -0.063818298 -0.899520993 -77.089523315 0.022487400 0.997945249 -0.059996728 -8.047405243 0.901501656 0.005702162 0.432738125 97.291542053
0.429244548 -0.063615069 -0.900945127 -78.246284485 0.024326708 0.997968853 -0.058875665 -8.138955116 0.902860641 0.003355030 0.429920256 97.830078125
0.426958203 -0.063212283 -0.902059257 -79.352485657 0.025848027 0.997999251 -0.057701074 -8.233298302 0.903901935 0.001319497 0.427737921 98.342948914
0.423643351 -0.061875883 -0.903713286 -80.495712280 0.026859580 0.998083770 -0.055746026 -8.330271721 0.905430794 -0.000656925 0.424493462 98.886886597
0.421589911 -0.060570765 -0.904761374 -81.628997803 0.028747529 0.998157859 -0.053427916 -8.421264648 0.906330824 -0.003484982 0.422554553 99.411132812
0.418487847 -0.062631182 -0.906060219 -82.772766113 0.031712737 0.998018801 -0.054340426 -8.494952202 0.907668591 -0.005992842 0.419644922 99.948486328
0.416711837 -0.062465824 -0.906889915 -83.881568909 0.033084229 0.998017430 -0.053540561 -8.581526756 0.908436418 -0.007692767 0.417952299 100.446525574
0.414219528 -0.062007442 -0.908062398 -84.988349915 0.036473550 0.998006165 -0.051511604 -8.658319473 0.909446001 -0.011783149 0.415655226 100.965560913
0.412407875 -0.061480872 -0.908922374 -86.109535217 0.038532134 0.998004615 -0.050023217 -8.739428520 0.910184085 -0.014392756 0.413953900 101.464233398
0.410846323 -0.063102946 -0.909518182 -87.206275940 0.040756434 0.997875750 -0.050822802 -8.816939354 0.910793245 -0.016188363 0.412545383 101.961318970
0.409111947 -0.063789755 -0.910251737 -88.284378052 0.042261876 0.997807503 -0.050931044 -8.903738976 0.911504924 -0.017632443 0.410910875 102.451904297
0.408784986 -0.064631790 -0.910339236 -89.350646973 0.041769415 0.997768879 -0.052082647 -8.986248016 0.911674380 -0.016733732 0.410572588 102.923088074
0.408665746 -0.065298006 -0.910345197 -90.418899536 0.041732304 0.997731030 -0.052831911 -9.071813583 0.911729515 -0.016400207 0.410463572 103.416557312
0.411551267 -0.065023459 -0.909063995 -91.466445923 0.039110232 0.997792840 -0.053664062 -9.153805733 0.910547018 -0.013468190 0.413185984 103.872161865
0.415765941 -0.065301090 -0.907124281 -92.504348755 0.036966316 0.997808099 -0.054886214 -9.232115746 0.908720076 -0.010713229 0.417268544 104.346611023
0.420886725 -0.065639682 -0.904735208 -93.540641785 0.035669599 0.997804701 -0.055798333 -9.316776276 0.906411707 -0.008786763 0.422304064 104.815795898
0.426838130 -0.065753900 -0.901934385 -94.565643311 0.035368174 0.997803867 -0.056005184 -9.398553848 0.903636158 -0.007994622 0.428226322 105.299163818
0.433539271 -0.064667240 -0.898811340 -95.572158813 0.034140579 0.997884452 -0.055327680 -9.475342751 0.900487781 -0.006699217 0.434829891 105.786315918
0.442240566 -0.063068941 -0.894676268 -96.590118408 0.032666937 0.997995317 -0.054204918 -9.553003311 0.896301389 -0.005254719 0.443414330 106.267242432
0.450890243 -0.062444132 -0.890392423 -97.560020447 0.032431323 0.998037279 -0.053570319 -9.635493279 0.891990006 -0.004722273 0.452030391 106.759071350
0.460435748 -0.062123030 -0.885516703 -98.547645569 0.031471420 0.998063564 -0.053654738 -9.706990242 0.887134969 -0.003163910 0.461499184 107.264747620
0.469934642 -0.062523760 -0.880484164 -99.520080566 0.030245177 0.998042941 -0.054729160 -9.788900375 0.882182837 -0.000911271 0.470906049 107.785293579
0.480756402 -0.064025104 -0.874513626 -100.490776062 0.028897118 0.997945786 -0.057175916 -9.863890648 0.876377881 0.002216765 0.481619000 108.305465698
0.492208242 -0.065339349 -0.868021846 -101.445838928 0.027519576 0.997848451 -0.059507035 -9.937129974 0.870042443 0.005402261 0.492947340 108.842864990
0.504773736 -0.063204736 -0.860934794 -102.398674011 0.025133755 0.997969270 -0.058528859 -10.019115448 0.862885714 0.007905309 0.505337238 109.389671326
0.517501652 -0.060363878 -0.853550315 -103.332168579 0.022921618 0.998128593 -0.056691371 -10.098664284 0.855375111 0.009773121 0.517916858 109.947868347
0.529833257 -0.057960305 -0.846118987 -104.244804382 0.022214642 0.998268187 -0.054472093 -10.178234100 0.847810805 0.010064896 0.530203283 110.516479492
0.541845798 -0.057542764 -0.838505805 -105.153366089 0.022510797 0.998289227 -0.053961396 -10.249657631 0.840176344 0.010363321 0.542214155 111.094589233
0.553496838 -0.056883410 -0.830906391 -106.035758972 0.022101188 0.998316646 -0.053621821 -10.337046623 0.832557857 0.011315493 0.553822398 111.673866272
0.565088570 -0.058136236 -0.822979331 -106.917198181 0.022007158 0.998221397 -0.055404589 -10.404119492 0.824736595 0.013197064 0.565362990 112.263931274
0.575098991 -0.060268052 -0.815860748 -107.768501282 0.024709584 0.998107314 -0.056312956 -10.478727341 0.817710519 0.012225945 0.575499773 112.880905151
0.587135851 -0.059110031 -0.807327509 -108.626838684 0.025096139 0.998180151 -0.054832298 -10.570809364 0.809099317 0.011933210 0.587550640 113.476539612
0.598235726 -0.056876674 -0.799299121 -109.461006165 0.024113506 0.998303831 -0.052989729 -10.640346527 0.800957263 0.012426447 0.598592520 114.087043762
0.607933640 -0.053656928 -0.792172730 -110.263107300 0.024270877 0.998503506 -0.049006417 -10.717427254 0.793616831 0.010565924 0.608326197 114.705192566
0.617960393 -0.051921815 -0.784492731 -111.080230713 0.023018915 0.998583913 -0.047959037 -10.786790848 0.785872042 0.011578616 0.618280649 115.329216003
0.627943337 -0.051903866 -0.776526272 -111.863601685 0.021291081 0.998545825 -0.049526714 -10.847783089 0.777967751 0.014566894 0.628135324 115.959846497
0.637477279 -0.050820149 -0.768791258 -112.626976013 0.019060317 0.998557031 -0.050203871 -10.920518875 0.770233393 0.017350418 0.637526035 116.591072083
0.647031188 -0.050604556 -0.760782361 -113.406471252 0.019458847 0.998566031 -0.049871702 -10.987189293 0.762215197 0.017464597 0.647088110 117.230476379
0.656072736 -0.048224550 -0.753155231 -114.146293640 0.018898245 0.998693168 -0.047484092 -11.053718567 0.754461050 0.016919706 0.656126797 117.879577637
0.664828122 -0.046580702 -0.745542645 -114.879241943 0.019138979 0.998788416 -0.045336291 -11.117673874 0.746751070 0.015871918 0.664914191 118.526275635
0.673020184 -0.046030365 -0.738190353 -115.589706421 0.019579018 0.998820543 -0.044431627 -11.179085732 0.739364922 0.015450339 0.673127651 119.173667908
0.680607736 -0.045147654 -0.731255651 -116.288909912 0.018493244 0.998840153 -0.044455923 -11.235442162 0.732414603 0.016733753 0.680653274 119.828376770
0.688396633 -0.044065516 -0.723994672 -116.981544495 0.017991718 0.998883128 -0.043689363 -11.295471191 0.725111246 0.017049706 0.688420594 120.477943420
0.695582449 -0.041762818 -0.717231333 -117.659950256 0.017293457 0.998993099 -0.041397713 -11.348303795 0.718237996 0.016392114 0.695604324 121.127052307
0.702875912 -0.039039180 -0.710240245 -118.322517395 0.016322242 0.999115050 -0.038764521 -11.401382446 0.711125076 0.015653938 0.702891231 121.789123535
0.710547566 -0.037662331 -0.702640474 -118.974601746 0.015592954 0.999164104 -0.037787903 -11.454453468 0.703476429 0.015893864 0.710540831 122.438438416
0.717869401 -0.036538746 -0.695218265 -119.614379883 0.014756890 0.999195993 -0.037277296 -11.509457588 0.696021378 0.016500967 0.717831433 123.088951111
0.725950658 -0.033460170 -0.686932385 -120.241439819 0.011896013 0.999277294 -0.036102638 -11.554566383 0.687643826 0.018036976 0.725824058 123.740280151
0.735003293 -0.030772643 -0.677364826 -120.844192505 0.011354700 0.999388158 -0.033081241 -11.605279922 0.677968442 0.016623549 0.734902978 124.389274597
0.744525075 -0.026872553 -0.667053461 -121.432655334 0.009409587 0.999512732 -0.029763410 -11.648015022 0.667528093 0.015882909 0.744415104 125.042541504
0.754576981 -0.024565743 -0.655751705 -122.014930725 0.007501140 0.999556601 -0.028813751 -11.694502831 0.656168699 0.016823305 0.754426539 125.700805664
0.764370441 -0.023582136 -0.644345999 -122.565246582 0.005899755 0.999545038 -0.029583182 -11.733393669 0.644750357 0.018811028 0.764161646 126.357429504
0.774480402 -0.024964793 -0.632105112 -123.114837646 0.006313165 0.999476254 -0.031738859 -11.769823074 0.632566392 0.020590538 0.774232388 127.021636963
0.784554124 -0.024042776 -0.619594038 -123.644996643 0.006022154 0.999496222 -0.031159051 -11.811061859 0.620031118 0.020714667 0.784303725 127.695236206
0.794732392 -0.022490682 -0.606543183 -124.163032532 0.005622608 0.999543130 -0.029696064 -11.847153664 0.606933951 0.020190068 0.794495761 128.378387451
0.804944754 -0.020260410 -0.593003809 -124.667205811 0.005541421 0.999629915 -0.026631160 -11.887783051 0.593323886 0.018150525 0.804759145 129.058685303
0.814671457 -0.018883798 -0.579615355 -125.167770386 0.005841897 0.999686241 -0.024358656 -11.920432091 0.579893470 0.016458247 0.814526081 129.759109497
0.823855281 -0.017268110 -0.566537142 -125.648628235 0.006261429 0.999752104 -0.021367215 -11.959168434 0.566765606 0.014056158 0.823759258 130.453628540
0.832098424 -0.016643511 -0.554378271 -126.121665955 0.007060986 0.999786615 -0.019417292 -11.985322952 0.554583132 0.012242639 0.832038283 131.157699585
0.839522183 -0.017028157 -0.543058515 -126.583213806 0.008762808 0.999803185 -0.017803298 -12.015296936 0.543254733 0.010187546 0.839506090 131.869567871
0.845916688 -0.016498460 -0.533059776 -127.027877808 0.008474675 0.999811113 -0.017496107 -12.048604012 0.533247709 0.010282741 0.845896661 132.592254639
0.852516234 -0.015891807 -0.522458971 -127.465751648 0.007735208 0.999811888 -0.017789768 -12.070158005 0.522643328 0.011124739 0.852478802 133.314132690
0.859293044 -0.013678794 -0.511300623 -127.914207458 0.005941060 0.999841869 -0.016764149 -12.096116066 0.511449039 0.011367650 0.859238446 134.063217163
0.865594268 -0.012393147 -0.500592470 -128.337402344 0.004967296 0.999856949 -0.016164273 -12.127972603 0.500721157 0.011505109 0.865532160 134.800704956
0.871614397 -0.012977524 -0.490020156 -128.760696411 0.005819967 0.999852955 -0.016127599 -12.152754784 0.490157366 0.011205148 0.871561885 135.551437378
0.876540065 -0.014371987 -0.481114268 -129.168212891 0.006938665 0.999827564 -0.017225618 -12.176534653 0.481278867 0.011760655 0.876488686 136.305511475
0.881088138 -0.014597248 -0.472726762 -129.586807251 0.007094793 0.999819040 -0.017649662 -12.206632614 0.472898811 0.012197014 0.881032288 137.072509766
0.884685814 -0.013868643 -0.465981573 -129.998229980 0.006726480 0.999833047 -0.016986743 -12.228681564 0.466139346 0.011893515 0.884631336 137.845352173
0.887842894 -0.012244258 -0.459983826 -130.402954102 0.006656243 0.999882996 -0.013768151 -12.249732018 0.460098624 0.009162189 0.887820542 138.633148193
0.890911162 -0.008049998 -0.454106301 -130.813095093 0.004067525 0.999944210 -0.009746057 -12.266315460 0.454159379 0.006835782 0.890894175 139.435195923
0.894313574 -0.005367584 -0.447408378 -131.219818115 0.002701830 0.999974728 -0.006596129 -12.292703629 0.447432429 0.004690188 0.894305408 140.238189697
0.897603989 -0.002605294 -0.440795064 -131.626617432 0.000732407 0.999989986 -0.004418961 -12.305659294 0.440802157 0.003643635 0.897596896 141.061233521
0.900889695 -0.001162910 -0.434046596 -132.029205322 0.000139003 0.999997139 -0.002390712 -12.315108299 0.434048146 0.002093434 0.900887191 141.891815186
0.904268801 0.000408625 -0.426963419 -132.446014404 -0.000171231 0.999999821 0.000594397 -12.325737953 0.426963598 -0.000464385 0.904268682 142.755477905
0.907704175 0.000135886 -0.419610679 -132.845916748 0.000958815 0.999996603 0.002397951 -12.333873749 0.419609666 -0.002578959 0.907700956 143.619720459
0.911327600 -0.000202947 -0.411681801 -133.248809814 0.001712201 0.999993086 0.003297280 -12.340806007 0.411678344 -0.003709784 0.911321700 144.512603760
0.915150464 -0.000546422 -0.403112143 -133.657760620 0.002095904 0.999992073 0.003402651 -12.346922874 0.403107077 -0.003958822 0.915144265 145.414932251
0.918773234 -0.003362782 -0.394771218 -134.028579712 0.004808279 0.999984801 0.002672401 -12.348437309 0.394756228 -0.004353500 0.918775558 146.344482422
0.923035681 -0.004430989 -0.384688944 -134.423553467 0.005396678 0.999984324 0.001430784 -12.354117393 0.384676605 -0.003396706 0.923045218 147.266387939
0.927562296 -0.005517027 -0.373627841 -134.802825928 0.005746627 0.999983311 -0.000499375 -12.366675377 0.373624414 -0.001683898 0.927578568 148.201034546
0.932527721 -0.003992830 -0.361076355 -135.162658691 0.003697902 0.999992013 -0.001507723 -12.371206284 0.361079425 0.000070769 0.932535052 149.162963867
0.938830078 -0.000623397 -0.344380468 -135.534484863 0.000474622 0.999999821 -0.000516314 -12.377535820 0.344380707 0.000321281 0.938830018 150.139465332
0.945247114 0.003360894 -0.326338112 -135.879669189 -0.002648843 0.999992967 0.002626293 -12.388666153 0.326344669 -0.001618078 0.945249438 151.142837524
0.951912403 0.006310130 -0.306305349 -136.222640991 -0.005330671 0.999977648 0.004034068 -12.390777588 0.306324005 -0.002207266 0.951924741 152.168106079
0.958450258 0.007985358 -0.285147876 -136.536499023 -0.006871629 0.999964297 0.004906081 -12.398115158 0.285176814 -0.002742804 0.958471000 153.206008911
0.964475274 0.009764861 -0.263992667 -136.831573486 -0.008373023 0.999944448 0.006396939 -12.404395103 0.264040440 -0.003959273 0.964503407 154.267044067
0.970162094 0.010370236 -0.242235288 -137.095245361 -0.008464651 0.999924481 0.008906093 -12.406692505 0.242309362 -0.006589917 0.970176578 155.323318481
0.975372910 0.013142128 -0.220170289 -137.350158691 -0.010651836 0.999865174 0.012494164 -12.408243179 0.220304817 -0.009841250 0.975381434 156.410064697
0.980178654 0.015246771 -0.197528690 -137.590438843 -0.012223126 0.999788880 0.016517628 -12.406736374 0.197738871 -0.013775805 0.980157852 157.526901245
0.984392226 0.017334076 -0.175132900 -137.798156738 -0.014065574 0.999703348 0.019887134 -12.400946617 0.175425649 -0.017113397 0.984343886 158.654632568
0.988070428 0.019092487 -0.152814612 -137.978729248 -0.016274348 0.999674141 0.019671313 -12.392354012 0.153140396 -0.016949683 0.988059044 159.793579102
0.991237640 0.018389450 -0.130804196 -138.137115479 -0.016230514 0.999714255 0.017552176 -12.383179665 0.131089598 -0.015275359 0.991252840 160.949905396
0.993766010 0.018605696 -0.109921761 -138.277740479 -0.016899969 0.999722123 0.016429067 -12.367268562 0.110196888 -0.014468974 0.993804455 162.134826660
0.995853186 0.017536500 -0.089268476 -138.387268066 -0.015967034 0.999705732 0.018265329 -12.360127449 0.089562498 -0.016764237 0.995840073 163.324340820
0.997415602 0.017758653 -0.069618039 -138.475082397 -0.016410023 0.999667287 0.019896122 -12.350027084 0.069948196 -0.018702269 0.997375250 164.515518188
0.998609722 0.018444909 -0.049380317 -138.540145874 -0.017437719 0.999632537 0.020750312 -12.339203835 0.049744908 -0.019860379 0.998564482 165.732864380
0.999377668 0.020015573 -0.029043222 -138.575683594 -0.019405244 0.999588192 0.021146398 -12.324716568 0.029454514 -0.020569649 0.999354422 166.949966431
0.999746442 0.020817472 -0.008580116 -138.593109131 -0.020626277 0.999549627 0.021800142 -12.313276291 0.009030073 -0.021617642 0.999725521 168.187820435
0.999665618 0.022809327 0.012177445 -138.591659546 -0.023065602 0.999506176 0.021336412 -12.301341057 -0.011684761 -0.021610159 0.999698102 169.453979492
0.999187529 0.024049539 0.032340806 -138.566070557 -0.024698108 0.999498725 0.019806460 -12.284904480 -0.031848259 -0.020589124 0.999280632 170.730148315
0.998370349 0.024056448 0.051748987 -138.504714966 -0.024986066 0.999536514 0.017392555 -12.271721840 -0.051306598 -0.018657219 0.998508632 172.016586304
0.997171760 0.026231948 0.070430182 -138.418640137 -0.027326800 0.999519646 0.014626852 -12.262815475 -0.070012651 -0.016510114 0.997409463 173.310150146
0.995624661 0.026470002 0.089614309 -138.310501099 -0.027730122 0.999532998 0.012845742 -12.256831169 -0.089232430 -0.015274558 0.995893717 174.614410400
0.993704796 0.026829794 0.108770110 -138.181823730 -0.028049398 0.999559462 0.009697939 -12.255826950 -0.108461998 -0.012687825 0.994019628 175.920181274
0.991399705 0.027987156 0.127841264 -138.025772095 -0.028791416 0.999575555 0.004447140 -12.258061409 -0.127662539 -0.008089623 0.991784692 177.258789062
0.988860488 0.029804898 0.145831719 -137.844238281 -0.029830933 0.999552965 -0.002008824 -12.273086548 -0.145826429 -0.002363850 0.989307284 178.582824707
0.986050189 0.031819552 0.163378432 -137.638854980 -0.031008950 0.999490917 -0.007510007 -12.286053658 -0.163534254 0.002339052 0.986534894 179.905853271
0.982884288 0.034262579 0.181009933 -137.406982422 -0.032697678 0.999397695 -0.011623129 -12.312673569 -0.181299135 0.005505585 0.983412504 181.250289917
0.979397535 0.036469895 0.198621407 -137.149398804 -0.034284126 0.999307871 -0.014433786 -12.344309807 -0.199010357 0.007326853 0.979969919 182.588317871
0.975696087 0.035696492 0.216201052 -136.865356445 -0.033393875 0.999340057 -0.014295351 -12.374236107 -0.216568664 0.006728127 0.976244211 183.952514648
0.971880078 0.034849714 0.232882917 -136.547210693 -0.032249734 0.999367833 -0.014963775 -12.412070274 -0.233257160 0.007032584 0.972389638 185.307800293
0.967646241 0.034946885 0.249878585 -136.210601807 -0.030901447 0.999320388 -0.020095620 -12.450324059 -0.250411034 0.011723843 0.968068600 186.664764404
0.963256478 0.036215294 0.266130507 -135.839706421 -0.030776866 0.999223948 -0.024578840 -12.490902901 -0.266814142 0.015485064 0.963623583 188.029037476
0.958391249 0.038644262 0.282830060 -135.437438965 -0.033100147 0.999155223 -0.024356442 -12.539280891 -0.283532441 0.013981287 0.958860755 189.419830322
0.953003049 0.040939540 0.300182313 -135.020370483 -0.034906361 0.999066830 -0.025436133 -12.586013794 -0.300943583 0.013762438 0.953542650 190.791259766
0.947167873 0.044654496 0.317614883 -134.582748413 -0.037555438 0.998889625 -0.028442066 -12.640722275 -0.318532318 0.015011243 0.947793126 192.166717529
0.941162825 0.045109421 0.334929436 -134.113922119 -0.036348578 0.998814285 -0.032382980 -12.699046135 -0.335993111 0.018303445 0.941686571 193.535186768
0.934911370 0.046098500 0.351874411 -133.613067627 -0.036232483 0.998745024 -0.034576219 -12.762002945 -0.353026688 0.019576419 0.935408413 194.903945923
0.928251863 0.046738643 0.369003892 -133.083435059 -0.034436807 0.998611748 -0.039857913 -12.834002495 -0.370354503 0.024290871 0.928572834 196.272552490
0.920304537 0.050011985 0.387992501 -132.535308838 -0.034914430 0.998337209 -0.045869172 -12.912794113 -0.389641315 0.028667074 0.920520365 197.632751465
0.910829723 0.053731129 0.409270346 -131.944869995 -0.036684215 0.998105466 -0.049395833 -12.998510361 -0.411149025 0.029977439 0.911075115 199.005584717
0.899643838 0.056377463 0.432969719 -131.335678101 -0.038158394 0.997986615 -0.050661739 -13.091829300 -0.434954226 0.029056087 0.899983704 200.343826294
