1.000000000 0.000000000 0.000000000 -0.000000000 0.000000000 1.000000000 0.000000000 -0.000000000 0.000000000 0.000000000 1.000000000 0.000000000
0.999933660 -0.002522059 0.011241274 0.015722003 0.002510566 0.999996305 0.001036387 -0.004181026 -0.011243846 -0.001008096 0.999936283 0.295420289
0.999828696 -0.004525171 0.017946336 0.025928527 0.004504648 0.999989152 0.001183846 -0.008789039 -0.017951500 -0.001102801 0.999838233 0.582228005
0.999776423 -0.007486602 0.019774552 0.038860887 0.007487700 0.999971986 0.000018538 -0.012868145 -0.019774137 0.000129532 0.999804437 0.888569772
0.999815404 -0.008665945 0.017147286 0.050075278 0.008698303 0.999960542 -0.001813385 -0.009534763 -0.017130895 0.001962202 0.999851346 1.201888919
0.999885559 -0.011482476 0.009850340 0.058639690 0.011515872 0.999928117 -0.003340294 -0.010887116 -0.009811278 0.003453347 0.999945879 1.521870613
0.999912024 -0.013130221 -0.001891485 0.052849144 0.013119004 0.999896944 -0.005825135 -0.005892804 0.001967775 0.005799809 0.999981225 1.854035378
0.999752998 -0.012247811 -0.018544681 0.034253329 0.012138296 0.999908209 -0.006006599 -0.011418361 0.018616548 0.005780014 0.999810100 2.190768719
0.999232233 -0.007659306 -0.038424470 0.007292777 0.007447946 0.999956310 -0.005640778 -0.021051673 0.038465999 0.005350264 0.999245584 2.531051159
0.998305082 -0.004233572 -0.058044873 -0.038615733 0.003819332 0.999966383 -0.007245666 -0.021134349 0.058073603 0.007011693 0.998287618 2.882266760
0.996918619 -0.004179839 -0.078330360 -0.072880566 0.003578948 0.999963224 -0.007810049 -0.023417618 0.078360125 0.007505643 0.996896863 3.244280100
0.995018005 -0.005701504 -0.099532038 -0.121656522 0.004999492 0.999960840 -0.007301133 -0.025367981 0.099569768 0.006767150 0.995007634 3.620759010
0.992788970 -0.007159831 -0.119660899 -0.175755054 0.006405861 0.999957204 -0.006684350 -0.029360443 0.119703636 0.005869619 0.992792368 4.013154984
0.990493715 -0.006439840 -0.137407020 -0.243466079 0.005684894 0.999966502 -0.005885975 -0.035272013 0.137440294 0.005048874 0.990497172 4.403568745
0.988160312 -0.005212026 -0.153336510 -0.317601711 0.004452014 0.999976039 -0.005299436 -0.041668415 0.153360486 0.004554035 0.988159835 4.812258720
0.985932112 -0.004609579 -0.167082384 -0.400258362 0.003754168 0.999978244 -0.005435178 -0.050234467 0.167103827 0.004731462 0.985927880 5.230614662
0.983798146 -0.006130371 -0.179175109 -0.490584135 0.005057767 0.999966443 -0.006442542 -0.056003436 0.179208606 0.005431934 0.983796060 5.660547256
0.982032120 -0.010167559 -0.188439697 -0.577283323 0.008753859 0.999926984 -0.008332881 -0.067718208 0.188510686 0.006533582 0.982049406 6.092023849
0.980433106 -0.009098592 -0.196642131 -0.672784328 0.007198106 0.999920309 -0.010377251 -0.073909365 0.196720883 0.008758749 0.980420411 6.556173325
0.978869438 -0.008987674 -0.204288989 -0.777137518 0.006646715 0.999904215 -0.012142357 -0.080718704 0.204378560 0.010527931 0.978835404 7.024422169
0.977232099 -0.009820200 -0.211945832 -0.893626213 0.006828926 0.999866545 -0.014840791 -0.089921132 0.212063298 0.013055536 0.977168739 7.501091480
0.975477934 -0.013320038 -0.219693542 -1.006834030 0.009945980 0.999815047 -0.016456971 -0.101608396 0.219872147 0.013868345 0.975430131 7.990417480
0.973466814 -0.019898465 -0.227961242 -1.115346193 0.016256353 0.999708652 -0.017843593 -0.112102062 0.228249863 0.013664328 0.973506749 8.504899025
0.971367776 -0.020557985 -0.236689553 -1.242912292 0.016222674 0.999663293 -0.020249650 -0.127345771 0.237026155 0.015830120 0.971374273 9.020562172
0.969393790 -0.016299238 -0.244969234 -1.401985407 0.010495289 0.999632835 -0.024979411 -0.136010170 0.245286494 0.021643860 0.969209015 9.557295799
0.967220426 -0.013172304 -0.253595948 -1.560383916 0.006311044 0.999592125 -0.027850442 -0.154915079 0.253859401 0.025337065 0.966909230 10.097209930
0.964931846 -0.015835848 -0.262021899 -1.714648604 0.008276942 0.999517798 -0.029926967 -0.173249602 0.262369543 0.026708752 0.964597762 10.651382446
0.962386787 -0.018982628 -0.271018952 -1.865165353 0.010801461 0.999440730 -0.031646602 -0.198443681 0.271468222 0.027528875 0.962053657 11.220966339
0.960205972 -0.018490495 -0.278680205 -2.043757915 0.009366834 0.999376774 -0.034035012 -0.221702456 0.279135853 0.030070264 0.959780753 11.791236877
0.957866549 -0.017424906 -0.286684543 -2.232789040 0.006910193 0.999267161 -0.037647974 -0.248059124 0.287130535 0.034080684 0.957285047 12.385951996
0.955499709 -0.018409606 -0.294417083 -2.419419289 0.006102885 0.999070823 -0.042664625 -0.280841470 0.294929057 0.038969234 0.954724193 12.980576515
0.953661263 -0.019916900 -0.300222427 -2.613323212 0.005014062 0.998720109 -0.050328311 -0.315056026 0.300840646 0.046490829 0.952540576 13.597023010
0.952268958 -0.020765405 -0.304553121 -2.819263458 0.003044110 0.998280048 -0.058547672 -0.350664437 0.305245072 0.054826044 0.950694323 14.214896202
0.950966120 -0.020666620 -0.308603853 -3.032967567 -0.000185988 0.997726738 -0.067389011 -0.390394807 0.309295028 0.064142056 0.948800504 14.834745407
0.949798524 -0.019927533 -0.312227011 -3.259631634 -0.004065488 0.997099042 -0.076005995 -0.444146991 0.312835813 0.073459737 0.946962178 15.475260735
0.948568881 -0.019508811 -0.315969110 -3.492971182 -0.007165628 0.996520340 -0.083039835 -0.496785641 0.316489667 0.081033126 0.945128500 16.120834351
0.946812630 -0.017321011 -0.321318984 -3.725141525 -0.012146420 0.995914698 -0.089476936 -0.561339915 0.321556151 0.088620767 0.942734241 16.779842377
0.945330381 -0.016540937 -0.325694591 -3.972342968 -0.015409917 0.995331585 -0.095276937 -0.629809856 0.325750053 0.095087089 0.940662146 17.450050354
0.943698466 -0.015302457 -0.330453068 -4.227328777 -0.019129992 0.994733572 -0.100694537 -0.701108813 0.330253541 0.101346828 0.938435555 18.128355026
0.941891909 -0.012701591 -0.335675985 -4.481534958 -0.023458973 0.994358063 -0.103450172 -0.781288028 0.335096151 0.105313495 0.936279595 18.815217972
0.940271199 -0.011089860 -0.340245634 -4.756171227 -0.026240494 0.994134545 -0.104918323 -0.859198570 0.339413434 0.107579879 0.934465110 19.520782471
0.937965155 -0.010807650 -0.346561402 -5.025095940 -0.026994202 0.994204164 -0.104064174 -0.940278172 0.345677495 0.106963709 0.932237029 20.231121063
0.935652554 -0.010509500 -0.352766007 -5.296896935 -0.027356917 0.994389236 -0.102184154 -1.028518081 0.351860642 0.105259448 0.930115342 20.944192886
0.933139682 -0.010787377 -0.359352350 -5.587907791 -0.027158136 0.994578660 -0.100378439 -1.109753728 0.358487010 0.103426427 0.927787721 21.665336609
0.929891348 -0.009753989 -0.367704928 -5.877909660 -0.028128063 0.994835615 -0.097522907 -1.188173056 0.366757274 0.101028524 0.924814761 22.390899658
0.926531374 -0.007988882 -0.376132667 -6.188000679 -0.028798863 0.995334923 -0.092080936 -1.262668371 0.375113726 0.096148081 0.921979010 23.129835129
0.923126578 -0.004037661 -0.384474903 -6.516565800 -0.031818762 0.995712817 -0.086853750 -1.343416452 0.383177310 0.092410535 0.919040442 23.877944946
0.919503450 -0.000338501 -0.393081725 -6.849295616 -0.035060085 0.995943427 -0.082870804 -1.420249462 0.391515195 0.089981474 0.915761471 24.629570007
0.915638030 0.000873894 -0.402002662 -7.191564560 -0.036489531 0.996050298 -0.080946639 -1.497529864 0.400344104 0.088786721 0.912053525 25.374219894
0.911722422 0.000729324 -0.410806030 -7.545041084 -0.037004009 0.996079206 -0.080356471 -1.565365553 0.409136742 0.088464260 0.908174694 26.126346588
0.907889068 0.000949914 -0.419209242 -7.911002159 -0.037572380 0.996157348 -0.079113930 -1.635472894 0.417523205 0.087577365 0.904436052 26.898284912
0.903821588 0.001621107 -0.427906245 -8.295131683 -0.038415577 0.996262372 -0.077366933 -1.706913948 0.426181376 0.086364180 0.900505781 27.690662384
0.899990976 0.000388786 -0.435908377 -8.658974648 -0.036703642 0.996516049 -0.074890770 -1.780287504 0.434360594 0.083400436 0.896869719 28.435110092
0.896235704 0.000520608 -0.443577945 -9.057960510 -0.035564918 0.996864259 -0.070687868 -1.850288510 0.442150205 0.079128794 0.893443882 29.226331711
0.892446041 0.003025531 -0.451143771 -9.474227905 -0.036264669 0.997222841 -0.065050490 -1.916099310 0.449694127 0.074414648 0.890077293 30.020027161
0.888729811 0.003166883 -0.458420396 -9.899812698 -0.034905773 0.997540712 -0.060779795 -1.980841041 0.457100540 0.070018344 0.886654675 30.824377060
0.885070384 0.001999694 -0.465452909 -10.332765579 -0.033241004 0.997709036 -0.058922190 -2.041656256 0.464268744 0.067622423 0.883109152 31.628772736
0.881499290 0.001796446 -0.472181976 -10.765849113 -0.033120517 0.997764945 -0.058035403 -2.103322506 0.471022367 0.066797078 0.879588604 32.460441589
0.878315687 0.002384193 -0.478075087 -11.224299431 -0.033195443 0.997878253 -0.056009904 -2.162953138 0.476927251 0.065064289 0.876531363 33.288673401
0.875234485 0.000118085 -0.483698934 -11.681619644 -0.030326923 0.998045921 -0.054631732 -2.216371775 0.482747346 0.062484667 0.873527706 34.119178772
0.872751474 -0.000669921 -0.488164395 -12.181140900 -0.029759727 0.998066127 -0.054574791 -2.278695107 0.487256944 0.062157866 0.871043622 34.968418121
0.870306611 -0.002736077 -0.492502779 -12.639883041 -0.028049996 0.998085976 -0.055112261 -2.332626343 0.491710931 0.061779257 0.868564069 35.815887451
0.868856728 -0.002272911 -0.495058507 -13.141965866 -0.028976530 0.998041570 -0.055437725 -2.393119335 0.494214952 0.062512510 0.867089272 36.683013916
0.868366957 -0.002461264 -0.495916098 -13.639410019 -0.028456358 0.998092651 -0.054781716 -2.450845242 0.495105058 0.061682589 0.866640747 37.544151306
0.868124843 -0.002416450 -0.496340066 -14.149181366 -0.027597478 0.998206198 -0.053129237 -2.513387203 0.495578140 0.059820540 0.866500914 38.430461884
0.867969930 -0.003286541 -0.496605784 -14.672956467 -0.026222186 0.998279870 -0.052437887 -2.577750444 0.495923877 0.058536604 0.866390765 39.309890747
0.867263794 -0.005442431 -0.497819066 -15.195928574 -0.024280386 0.998288035 -0.053213339 -2.639310837 0.497256368 0.058237247 0.865646899 40.216972351
0.866139114 -0.007832188 -0.499741584 -15.727594376 -0.021861646 0.998326480 -0.053536300 -2.702284336 0.499324530 0.057295065 0.864518464 41.130687714
0.864477515 -0.008279691 -0.502603471 -16.270919800 -0.020585326 0.998442411 -0.051854689 -2.759230137 0.502249897 0.055173460 0.862960458 42.066974640
0.862385154 -0.007701165 -0.506194174 -16.808864594 -0.019178117 0.998669565 -0.047866687 -2.823034763 0.505889356 0.050987370 0.861090124 42.968585968
0.859624922 -0.007547682 -0.510869861 -17.361778259 -0.017331118 0.998884559 -0.043920226 -2.883377075 0.510631680 0.046608869 0.858535409 43.889545441
0.855547190 -0.008254996 -0.517658889 -17.928943634 -0.015548416 0.999012172 -0.041628271 -2.950443983 0.517491162 0.043663733 0.854573727 44.812950134
0.850309610 -0.011550050 -0.526156068 -18.491954803 -0.013878154 0.998919308 -0.044356223 -3.003832817 0.526099682 0.045018595 0.849230468 45.714225769
0.844253898 -0.015808120 -0.535710275 -19.065948486 -0.011444728 0.998805285 -0.047509793 -3.063858271 0.535821259 0.046241388 0.843064189 46.615520477
0.838056982 -0.015038140 -0.545375407 -19.647642136 -0.012536511 0.998825312 -0.046805900 -3.126249790 0.545438647 0.046063125 0.836884081 47.515747070
0.832272947 -0.011698253 -0.554242551 -20.250335693 -0.013672551 0.999039948 -0.041617736 -3.184387207 0.554197431 0.042215224 0.831314147 48.402664185
0.827217340 -0.006668708 -0.561842382 -20.883476257 -0.017316490 0.999152005 -0.037354872 -3.241254330 0.561615109 0.040629737 0.826400578 49.300186157
0.823135316 -0.006754810 -0.567804992 -21.496709824 -0.018541228 0.999076366 -0.038764212 -3.295068741 0.567542315 0.042435993 0.822249889 50.173919678
0.819448888 -0.009394892 -0.573075473 -22.109224319 -0.018412670 0.998918056 -0.042704608 -3.357907772 0.572856545 0.045546096 0.818389237 51.056865692
0.816546917 -0.010973534 -0.577174723 -22.731021881 -0.021953424 0.998505712 -0.050042287 -3.411674023 0.576861441 0.053532850 0.815085948 51.920764923
0.813131213 -0.012647352 -0.581943095 -23.360723495 -0.021403220 0.998438120 -0.051605098 -3.474310398 0.581686795 0.054417171 0.811590493 52.801948547
0.809906244 -0.010749413 -0.586460888 -23.991500854 -0.021157533 0.998646080 -0.047523163 -3.537298679 0.586177647 0.050897367 0.808582246 53.649887085
0.806796610 -0.008375099 -0.590769887 -24.637964249 -0.020716492 0.998883724 -0.042452648 -3.595583677 0.590465963 0.046489321 0.805722475 54.518913269
0.803808272 -0.006070210 -0.594857633 -25.284574509 -0.021531982 0.998995900 -0.039289560 -3.655775309 0.594498873 0.044389728 0.802870274 55.381340027
0.800718129 -0.005802525 -0.599013269 -25.939289093 -0.022534201 0.998953581 -0.039798785 -3.705418587 0.598617315 0.045365885 0.799749374 56.236423492
0.797182918 -0.007186354 -0.603695095 -26.600027084 -0.022682436 0.998866737 -0.041842744 -3.757606506 0.603311658 0.047049597 0.796116412 57.101181030
0.792969882 -0.010416996 -0.609171748 -27.276222229 -0.021360230 0.998763680 -0.044884119 -3.811556339 0.608886242 0.048603807 0.791767061 57.967990875
0.788914979 -0.011179881 -0.614400625 -27.919618607 -0.020628439 0.998789191 -0.044662107 -3.874062300 0.614156008 0.047908735 0.787729084 58.782909393
0.784410000 -0.011126233 -0.620142758 -28.598388672 -0.020299677 0.998843014 -0.043597423 -3.935276985 0.619910359 0.046786956 0.783276379 59.628448486
0.779638827 -0.010273426 -0.626145124 -29.276245117 -0.021159360 0.998862326 -0.042735126 -3.994247437 0.625871837 0.046566799 0.778534472 60.444175720
0.774005830 -0.012552409 -0.633053899 -29.972436905 -0.019946009 0.998823941 -0.044192083 -4.051153183 0.632864237 0.046831824 0.772845149 61.311286926
0.768607616 -0.014023658 -0.639566660 -30.672775269 -0.019378787 0.998790443 -0.045189001 -4.111479759 0.639426827 0.047126632 0.767406225 62.146789551
0.762910604 -0.014993161 -0.646330118 -31.382038116 -0.018892905 0.998787105 -0.045469910 -4.178515434 0.646228015 0.046900533 0.761702001 62.986087799
0.757211745 -0.017268585 -0.652941108 -32.105941772 -0.017333409 0.998767138 -0.046516232 -4.244614601 0.652939439 0.046540335 0.755978942 63.814270020
0.750904620 -0.018929467 -0.660139322 -32.834255219 -0.016515525 0.998738348 -0.047425080 -4.308762550 0.660204232 0.046514262 0.749644578 64.646652222
0.744824946 -0.020108068 -0.666956842 -33.591934204 -0.015683774 0.998742104 -0.047625929 -4.375472546 0.667075515 0.045933388 0.743572712 65.470497131
0.738396287 -0.020006375 -0.674070120 -34.349391937 -0.014641988 0.998848557 -0.045685053 -4.441650391 0.674207985 0.043603409 0.737253189 66.298004150
0.732018888 -0.020389147 -0.680979133 -35.119518280 -0.014232324 0.998876333 -0.045206342 -4.497512817 0.681135476 0.042783808 0.730906248 67.112182617
0.725535989 -0.022093773 -0.687829494 -35.877685547 -0.013152056 0.998856902 -0.045957349 -4.562606812 0.688058317 0.042390086 0.724416137 67.908966064
0.718579948 -0.024716051 -0.695005000 -36.666679382 -0.011638507 0.998800874 -0.047553055 -4.624248505 0.695346892 0.042259496 0.717430651 68.739608765
0.712831795 -0.023931140 -0.700926542 -37.471221924 -0.013108553 0.998788416 -0.047431991 -4.687010765 0.701212287 0.042999171 0.711654544 69.533866882
0.707266092 -0.023566613 -0.706554532 -38.288749695 -0.013170993 0.998831511 -0.046499558 -4.748862267 0.706824780 0.042193580 0.706129193 70.344169617
0.702226400 -0.023527643 -0.711564839 -39.105010986 -0.013749799 0.998819232 -0.046594959 -4.808641434 0.711821020 0.042504083 0.701073647 71.141868591
0.697533846 -0.023708420 -0.716159523 -39.933078766 -0.015055620 0.998746872 -0.047727518 -4.871374130 0.716393709 0.044073783 0.696302831 71.936477661
0.692187071 -0.025910838 -0.721252739 -40.776062012 -0.015299724 0.998603940 -0.050557774 -4.944276333 0.721555889 0.046030425 0.690824449 72.736640930
0.687374055 -0.028907318 -0.725728035 -41.622604370 -0.013696413 0.998513997 -0.052745551 -5.012752056 0.726174414 0.046195801 0.685956895 73.524055481
0.682046056 -0.029035470 -0.730732560 -42.481971741 -0.014732357 0.998463154 -0.053424474 -5.085907459 0.731160700 0.047203366 0.680570245 74.321960449
0.676985502 -0.028697819 -0.735436738 -43.357177734 -0.014482423 0.998526573 -0.052295353 -5.155307770 0.735853851 0.046054095 0.675572395 75.121612549
0.672262669 -0.028720351 -0.739755452 -44.236457825 -0.013689471 0.998593986 -0.051210012 -5.227532387 0.740186095 0.044553440 0.670924306 75.902748108
0.666606009 -0.030174267 -0.744799137 -45.125602722 -0.013041361 0.998555303 -0.052126966 -5.297126293 0.745296061 0.044461351 0.665249646 76.705017090
0.661716878 -0.031440742 -0.749094307 -46.001396179 -0.011926577 0.998552561 -0.052446328 -5.365835667 0.749658942 0.043638751 0.660384119 77.476211548
0.657627106 -0.032182038 -0.752655983 -46.905555725 -0.010915238 0.998575389 -0.052234139 -5.442186832 0.753264546 0.042566005 0.656338871 78.244239807
0.653126836 -0.033054423 -0.756526828 -47.801818848 -0.009530378 0.998609006 -0.051859349 -5.517732143 0.757188439 0.041080724 0.651903272 79.026046753
0.649454594 -0.036110017 -0.759542406 -48.727371216 -0.006566880 0.998568237 -0.053088803 -5.593919277 0.760371983 0.039466601 0.648287594 79.806838989
0.645249844 -0.040595792 -0.762892127 -49.637550354 -0.004005164 0.998393714 -0.056515083 -5.665695667 0.763961017 0.039521862 0.644050896 80.566795349
0.640742302 -0.044813950 -0.766447008 -50.567848206 -0.000156884 0.998287320 -0.058500748 -5.736218929 0.767755985 0.037604149 0.639637947 81.337448120
0.633637547 -0.048160821 -0.772129595 -51.500087738 0.004618624 0.998278081 -0.058476411 -5.815440178 0.773616314 0.033486672 0.632768989 82.115051270
0.625606418 -0.051946055 -0.778407454 -52.434089661 0.009649435 0.998219728 -0.058859691 -5.902930260 0.780079126 0.029311812 0.624993920 82.859558105
0.616294682 -0.052925188 -0.785735071 -53.386260986 0.012352450 0.998266041 -0.057552055 -5.984857559 0.787418723 0.025763277 0.615879953 83.603317261
0.607973397 -0.051295858 -0.792298615 -54.349517822 0.012938419 0.998418331 -0.054712337 -6.068340302 0.793851972 0.023012558 0.607675493 84.327285767
0.598836482 -0.051364634 -0.799222410 -55.331237793 0.012224948 0.998411179 -0.055006310 -6.142582417 0.800777972 0.023169339 0.598512948 85.065292358
0.589422941 -0.052750688 -0.806100428 -56.331157684 0.011779820 0.998320818 -0.056716021 -6.223027229 0.807738721 0.023934009 0.589054704 85.777023315
0.579543769 -0.054673754 -0.813104987 -57.335617065 0.012155103 0.998215854 -0.058457147 -6.312448025 0.814850509 0.023995090 0.579174280 86.481803894
0.570017040 -0.056502838 -0.819687724 -58.366874695 0.012518068 0.998113990 -0.060096983 -6.390288353 0.821537495 0.023995398 0.569649279 87.190116882
0.559276044 -0.056723110 -0.827038646 -59.396778107 0.015469858 0.998196661 -0.058000796 -6.486392021 0.828837097 0.019644286 0.559144974 87.902954102
0.549219608 -0.057118122 -0.833723783 -60.429351807 0.016580453 0.998209834 -0.057464562 -6.564223289 0.835513532 0.017737150 0.549183547 88.573532104
0.539245844 -0.058010362 -0.840148032 -61.489707947 0.016946182 0.998170137 -0.058044601 -6.644896984 0.841977835 0.017063014 0.539242268 89.236968994
0.528743625 -0.058705568 -0.846748948 -62.570411682 0.016251286 0.998122454 -0.059052434 -6.736399651 0.848625839 0.017462846 0.528705180 89.906593323
0.518461823 -0.059503336 -0.853027880 -63.640052795 0.015304325 0.998061895 -0.060318429 -6.819385052 0.854963720 0.018217787 0.518367708 90.565612793
0.508569658 -0.060540572 -0.858889699 -64.723739624 0.014827750 0.997992933 -0.061565656 -6.910171509 0.860893130 0.018575026 0.508446634 91.202682495
0.498796880 -0.060589835 -0.864598513 -65.818237305 0.013772443 0.997981668 -0.061991654 -6.997240067 0.866609573 0.019013608 0.498624593 91.829605103
0.489978284 -0.058205638 -0.869789243 -66.940795898 0.012719111 0.998139560 -0.059629679 -7.092521191 0.871641874 0.018154299 0.489807039 92.457778931
0.482038766 -0.057039075 -0.874291182 -68.057792664 0.013350111 0.998241007 -0.057765037 -7.175598145 0.876048148 0.016173104 0.481952369 93.069213867
0.474402517 -0.056696389 -0.878480434 -69.166381836 0.013012548 0.998266459 -0.057400156 -7.269074440 0.880211949 0.015799511 0.474317878 93.667175293
0.466528863 -0.059705082 -0.882488608 -70.260055542 0.014712861 0.998104930 -0.059749175 -7.356196880 0.884383619 0.014890781 0.466523141 94.251342773
0.459498554 -0.063081019 -0.885935605 -71.399787903 0.017474201 0.997923672 -0.061991718 -7.446489334 0.888006568 0.013004084 0.459646791 94.841094971
0.453415155 -0.065592468 -0.888882637 -72.540458679 0.018476205 0.997765779 -0.064202547 -7.548172951 0.891107976 0.012687229 0.453613937 95.419654846
0.447421283 -0.070039451 -0.891576409 -73.661506653 0.020996440 0.997476399 -0.067821935 -7.633478165 0.894076824 0.011625050 0.447762758 95.994705200
0.442702830 -0.071020529 -0.893851340 -74.821212769 0.023810079 0.997437835 -0.067458384 -7.734030247 0.896352172 0.008581350 0.443259567 96.567596436
0.438149869 -0.067813620 -0.896340489 -75.963928223 0.025546083 0.997686803 -0.062993646 -7.846808910 0.898538828 0.004702670 0.438868731 97.129119873
0.434499621 -0.066181026 -0.898237288 -77.092285156 0.028879762 0.997807562 -0.059547387 -7.942787170 0.900208890 -0.000067559 0.435458332 97.679740906
0.431157470 -0.065669268 -0.899883866 -78.243453979 0.030709123 0.997838020 -0.058103994 -8.037277222 0.901754022 -0.002582673 0.432242006 98.227027893
0.428920686 -0.065531336 -0.900962114 -79.349929810 0.032379951 0.997839630 -0.057162594 -8.128562927 0.902761638 -0.004654888 0.430115998 98.746658325
0.425841480 -0.064553849 -0.902491987 -80.501960754 0.032819081 0.997897267 -0.055892337 -8.214200020 0.904202342 -0.005817688 0.427064657 99.287788391
0.423970431 -0.063268535 -0.903463423 -81.636474609 0.034970578 0.997956634 -0.053475074 -8.305837631 0.905000627 -0.008922792 0.425316632 99.812026978
0.421002477 -0.064872667 -0.904736638 -82.762382507 0.037387595 0.997832596 -0.054150335 -8.385291100 0.906288683 -0.011028511 0.422515363 100.349746704
0.419098437 -0.065767288 -0.905555665 -83.911788940 0.039689694 0.997746766 -0.054094084 -8.457758904 0.907072783 -0.013270479 0.420764446 100.856048584
0.416716248 -0.065129228 -0.906700432 -85.015716553 0.043024853 0.997725368 -0.051893577 -8.537498474 0.908017814 -0.017385757 0.418570608 101.376098633
0.414488822 -0.064688347 -0.907752454 -86.127807617 0.045130942 0.997704208 -0.050491277 -8.618194580 0.908934712 -0.020039652 0.416456670 101.881744385
0.412340164 -0.066452652 -0.908603132 -87.227577209 0.047617439 0.997544944 -0.051347971 -8.695705414 0.909784734 -0.022092521 0.414492190 102.390457153
0.411408544 -0.067360371 -0.908958554 -88.312522888 0.049317278 0.997449577 -0.051596425 -8.782733917 0.910115838 -0.023600150 0.413681328 102.873641968
0.410658211 -0.068657860 -0.909200788 -89.373886108 0.049068898 0.997380018 -0.053153746 -8.861401558 0.910468102 -0.022785459 0.412951261 103.353820801
0.411085606 -0.069008581 -0.908980966 -90.425369263 0.048697364 0.997369170 -0.053695571 -8.949526787 0.910295069 -0.022191504 0.413364679 103.840789795
0.413540453 -0.068778351 -0.907884240 -91.480224609 0.046342086 0.997440279 -0.054454044 -9.031480789 0.909305632 -0.019554308 0.415669233 104.304656982
0.417880952 -0.068902999 -0.905885100 -92.514282227 0.044116735 0.997482419 -0.055519167 -9.112157822 0.907430112 -0.016764292 0.419868737 104.780151367
0.422737628 -0.069379099 -0.903592527 -93.554138184 0.042952206 0.997478604 -0.056492992 -9.197590828 0.905233681 -0.014929581 0.424651742 105.256927490
0.428944856 -0.070043802 -0.900610983 -94.582656860 0.043494917 0.997434378 -0.056858256 -9.273154259 0.902282834 -0.014782948 0.430890918 105.738815308
0.435259253 -0.068843767 -0.897669137 -95.585861206 0.042392995 0.997533381 -0.055947118 -9.352621078 0.899306417 -0.013703380 0.437104076 106.233459473
0.444054991 -0.067214355 -0.893474936 -96.602073669 0.040833049 0.997664332 -0.054758396 -9.431380272 0.895068645 -0.012167568 0.445762396 106.719696045
0.453211427 -0.066788346 -0.888897479 -97.577102661 0.040516384 0.997702122 -0.054305904 -9.510900497 0.890481830 -0.011402857 0.454875916 107.205879211
0.462732047 -0.066554651 -0.883996308 -98.562767029 0.039510366 0.997735262 -0.054435991 -9.582374573 0.885617256 -0.009737740 0.464313686 107.714416504
0.472199291 -0.066986315 -0.878942907 -99.534286499 0.038243249 0.997726381 -0.055493463 -9.664617538 0.880661905 -0.007409665 0.473687440 108.238037109
0.482681960 -0.068882532 -0.873082638 -100.498367310 0.037610717 0.997612774 -0.057914432 -9.738109589 0.874987721 -0.004883001 0.484120458 108.762390137
0.494426042 -0.069742918 -0.866417229 -101.456344604 0.035844445 0.997564018 -0.059844814 -9.814735413 0.868480325 -0.001467406 0.495721489 109.298759460
0.507032275 -0.067916349 -0.859247088 -102.406517029 0.033735011 0.997690618 -0.058952492 -9.896104813 0.861266673 0.000904105 0.508152544 109.848907471
0.519679904 -0.065537386 -0.851843536 -103.333549500 0.032256145 0.997847676 -0.057092011 -9.975063324 0.853751779 0.002192391 0.520675421 110.403724670
0.532035470 -0.063248388 -0.844356596 -104.246566772 0.031630080 0.997994781 -0.054826662 -10.053780556 0.846131027 0.002462664 0.532969236 110.976181030
0.544020951 -0.062897570 -0.836710930 -105.148193359 0.031521481 0.998014629 -0.054528229 -10.123089790 0.838479400 0.003290131 0.544923365 111.554107666
0.555868745 -0.062328480 -0.828930080 -106.034469604 0.031403977 0.998047769 -0.053985629 -10.210080147 0.830676675 0.003977218 0.556740880 112.138015747
0.567574322 -0.063692689 -0.820854843 -106.916893005 0.031301830 0.997951746 -0.055790756 -10.275947571 0.822726846 0.005971137 0.568405390 112.729194641
0.577331066 -0.065606900 -0.813870072 -107.761001587 0.034047063 0.997834086 -0.056284621 -10.353534698 0.815799952 0.004784967 0.578314424 113.350677490
0.589553893 -0.064609274 -0.805140913 -108.614044189 0.034407280 0.997899771 -0.054883115 -10.443782806 0.806995869 0.004653841 0.590538681 113.946166992
0.600213706 -0.062646456 -0.797382474 -109.445220947 0.033761855 0.998023748 -0.052996311 -10.512613297 0.799126804 0.004887994 0.601142585 114.565254211
0.610432088 -0.059326984 -0.789843559 -110.252685547 0.033675365 0.998233199 -0.048953541 -10.588768005 0.791352391 0.003284540 0.611351371 115.182022095
0.620280743 -0.057329085 -0.782282054 -111.050003052 0.032030039 0.998344839 -0.047766130 -10.656555176 0.783725619 0.004571891 0.621090353 115.804115295
0.630208075 -0.057206672 -0.774315894 -111.829650879 0.030499481 0.998336315 -0.048934121 -10.719764709 0.775826931 0.007222449 0.630904317 116.438323975
0.639817715 -0.056351852 -0.766457915 -112.592071533 0.028146282 0.998357236 -0.049905922 -10.785448074 0.768011093 0.010357757 0.640352845 117.070541382
0.649383426 -0.056052428 -0.758392394 -113.375000000 0.028397173 0.998371661 -0.049473714 -10.854945183 0.759930670 0.010591216 0.649917722 117.712127686
0.658460140 -0.053692508 -0.750697792 -114.114822388 0.027834760 0.998506963 -0.047001950 -10.921371460 0.752100706 0.010053420 0.658971608 118.364326477
0.667284071 -0.052150916 -0.742975175 -114.841499329 0.028122198 0.998598456 -0.044836387 -10.982851028 0.744272113 0.009024517 0.667815447 119.007141113
0.675362527 -0.051660277 -0.735674322 -115.562217712 0.028739268 0.998629391 -0.043742243 -11.045821190 0.736925721 0.008399129 0.675921500 119.673065186
0.683343589 -0.050804030 -0.728327274 -116.264335632 0.027581714 0.998660147 -0.043782767 -11.101058960 0.729575813 0.009830152 0.683829188 120.325080872
0.690479875 -0.049757253 -0.721638322 -116.949661255 0.027030842 0.998709381 -0.042997688 -11.157828331 0.722846389 0.010182545 0.690933645 120.988311768
0.698006094 -0.047403898 -0.714521110 -117.630340576 0.026488269 0.998832822 -0.040390126 -11.214288712 0.715601802 0.009266125 0.698446989 121.632385254
0.705430984 -0.044698060 -0.707367837 -118.292968750 0.025473950 0.998963654 -0.037719581 -11.265592575 0.708320737 0.008589108 0.705838501 122.295730591
0.712978899 -0.043254517 -0.699850261 -118.944694519 0.024464231 0.999022305 -0.036821824 -11.316004753 0.700758696 0.009131880 0.713339925 122.949913025
0.720293403 -0.042206008 -0.692384362 -119.580413818 0.023950756 0.999065340 -0.035984330 -11.371196747 0.693255961 0.009336147 0.720631003 123.602828979
0.728371680 -0.039339785 -0.684051991 -120.203720093 0.021203505 0.999166369 -0.034884710 -11.413344383 0.684854150 0.010904737 0.728598714 124.258346558
0.737263381 -0.036343057 -0.674627244 -120.806167603 0.020367807 0.999293864 -0.031574421 -11.464776039 0.675298393 0.009537989 0.737483025 124.912452698
0.746817589 -0.032434620 -0.664237559 -121.391609192 0.018439360 0.999435842 -0.028070521 -11.506603241 0.664773285 0.008715443 0.746994495 125.564849854
0.756825089 -0.030170904 -0.652920723 -121.970458984 0.016488831 0.999497354 -0.027073089 -11.550755501 0.653409481 0.009723692 0.756942153 126.227371216
0.766643524 -0.029134681 -0.641411602 -122.519760132 0.014826885 0.999506891 -0.027678611 -11.588599205 0.641901672 0.011709493 0.766697466 126.884925842
0.776654840 -0.030528523 -0.629186094 -123.067207336 0.015202273 0.999442399 -0.029728213 -11.622667313 0.629742920 0.013523499 0.776685834 127.553375244
0.786646664 -0.029657565 -0.616690636 -123.596359253 0.014876828 0.999466002 -0.029089015 -11.659867287 0.617224157 0.013708375 0.786667943 128.230728149
0.796817362 -0.028127711 -0.603565097 -124.112869263 0.014540469 0.999519169 -0.027384100 -11.695039749 0.604045033 0.013044010 0.796843410 128.912994385
0.806931496 -0.025791544 -0.590081811 -124.615371704 0.014312017 0.999606609 -0.024119681 -11.734962463 0.590471566 0.011017671 0.806983292 129.598907471
0.816634297 -0.024374750 -0.576640368 -125.107681274 0.014484031 0.999658644 -0.021743655 -11.764251709 0.576973498 0.009404537 0.816708684 130.286056519
0.825843751 -0.023097672 -0.563425660 -125.592803955 0.015006807 0.999707103 -0.018986756 -11.788849831 0.563699186 0.007224871 0.825948596 130.995864868
0.834081769 -0.022002164 -0.551201701 -126.057968140 0.015446768 0.999743938 -0.016532358 -11.822934151 0.551424265 0.005275054 0.834208250 131.688964844
0.841259003 -0.022665497 -0.540156960 -126.512710571 0.017258972 0.999737442 -0.015070219 -11.846561432 0.540356636 0.003355403 0.841429412 132.408813477
0.847942293 -0.022058778 -0.529629409 -126.961700439 0.016978201 0.999751508 -0.014456818 -11.874418259 0.529816687 0.003266392 0.848105907 133.122665405
0.854540646 -0.021495329 -0.518939674 -127.400115967 0.016409636 0.999761939 -0.014389941 -11.896003723 0.519125402 0.003781179 0.854689717 133.850646973
0.861432374 -0.019152094 -0.507511020 -127.847061157 0.014375072 0.999807715 -0.013330271 -11.920110703 0.507668793 0.004187619 0.861542165 134.585311890
0.867485762 -0.018231066 -0.497127771 -128.265518188 0.013661833 0.999824286 -0.012826523 -11.942192078 0.497274369 0.004335150 0.867582500 135.330886841
0.873576820 -0.018821467 -0.486322314 -128.692596436 0.014469677 0.999814510 -0.012702697 -11.966312408 0.486471266 0.004059854 0.873687148 136.082809448
0.878681362 -0.020146778 -0.476983488 -129.103759766 0.015432990 0.999785781 -0.013798754 -11.988725662 0.477159262 0.004763427 0.878803968 136.836669922
0.882960737 -0.020789854 -0.468986571 -129.503662109 0.016025612 0.999771535 -0.014147785 -12.008169174 0.469173491 0.004976142 0.883092105 137.605255127
0.886512280 -0.019730350 -0.462284267 -129.910186768 0.015232418 0.999793291 -0.013460440 -12.031064987 0.462454408 0.004891138 0.886629581 138.374282837
0.889804006 -0.017864194 -0.455993265 -130.324096680 0.014901500 0.999837935 -0.010092010 -12.049022675 0.456099749 0.002184926 0.889926016 139.167282104
0.892897546 -0.013797713 -0.450048536 -130.728988647 0.012526165 0.999904633 -0.005803412 -12.068555832 0.450085700 -0.000455530 0.892985225 139.967788696
0.896283686 -0.011004590 -0.443344653 -131.133666992 0.010872141 0.999936819 -0.002840620 -12.084729195 0.443347871 -0.002274103 0.896346748 140.776702881
0.899590433 -0.008295095 -0.436655670 -131.540618896 0.008864598 0.999960423 -0.000733434 -12.094126701 0.436644495 -0.003210986 0.899628401 141.597473145
0.902838230 -0.006744337 -0.429927498 -131.947265625 0.008216900 0.999965012 0.001568707 -12.102187157 0.429901809 -0.004948960 0.902862072 142.442352295
0.906125665 -0.005231048 -0.422976375 -132.348983765 0.007854680 0.999959171 0.004460040 -12.107959747 0.422935724 -0.007363700 0.906129777 143.299591064
0.909532309 -0.005330493 -0.415599138 -132.742233276 0.008780795 0.999941111 0.006391351 -12.112562180 0.415540576 -0.009462430 0.909525454 144.170684814
0.913152039 -0.005750473 -0.407578498 -133.145706177 0.009609743 0.999926209 0.007422148 -12.116884232 0.407505691 -0.010694274 0.913139999 145.056488037
0.916831851 -0.006154781 -0.399225920 -133.541015625 0.010047190 0.999920070 0.007658056 -12.121541977 0.399146944 -0.011032251 0.916820526 145.960433960
0.920671821 -0.008731266 -0.390239805 -133.914062500 0.012517845 0.999896049 0.007160906 -12.122045517 0.390136629 -0.011477807 0.920685410 146.859298706
0.924656034 -0.009732218 -0.380678862 -134.301940918 0.013009386 0.999897122 0.006036559 -12.130043030 0.380580992 -0.010534140 0.924687564 147.794921875
0.929239273 -0.010533001 -0.369328052 -134.684631348 0.013046336 0.999905527 0.004308264 -12.137483597 0.369247913 -0.008821786 0.929289043 148.746490479
0.934390962 -0.008802329 -0.356140345 -135.053039551 0.010717154 0.999936700 0.003403824 -12.139655113 0.356087923 -0.006997313 0.934426308 149.718307495
0.940443695 -0.005224523 -0.339909375 -135.421127319 0.007265408 0.999962330 0.004731788 -12.144652367 0.339871913 -0.006919560 0.940446258 150.698226929
0.947014868 -0.001592706 -0.321185619 -135.770812988 0.004317610 0.999960482 0.007771821 -12.146443367 0.321160555 -0.008746784 0.946984351 151.708847046
0.953488171 0.001647011 -0.301425904 -136.097610474 0.001312430 0.999952912 0.009615368 -12.150333405 0.301427513 -0.009563740 0.953441143 152.710342407
0.959936559 0.003190385 -0.280199319 -136.413757324 -0.000253668 0.999944627 0.010516457 -12.149613380 0.280217320 -0.010024054 0.959884286 153.755172729
0.965916932 0.004423836 -0.258814424 -136.694595337 -0.001336995 0.999925852 0.012101648 -12.150680542 0.258848846 -0.011343153 0.965851247 154.784301758
0.971422553 0.005235696 -0.237298742 -136.962844849 -0.001720116 0.999885738 0.015019622 -12.145099640 0.237350285 -0.014182219 0.971320629 155.865097046
0.976507843 0.007725086 -0.215343311 -137.196258545 -0.003765318 0.999816298 0.018792342 -12.148297310 0.215448931 -0.017540032 0.976357579 156.923095703
0.981185555 0.010196951 -0.192797780 -137.423889160 -0.005878716 0.999719203 0.022956578 -12.136493683 0.192977726 -0.021391260 0.980969906 158.022796631
0.985301971 0.012089042 -0.170393512 -137.628784180 -0.007696406 0.999621391 0.026416389 -12.121288300 0.170648307 -0.024716698 0.985021949 159.148468018
0.988875210 0.014073172 -0.148080602 -137.808227539 -0.010289448 0.999601483 0.026286917 -12.104518890 0.148391515 -0.024470812 0.988625824 160.295806885
0.991907477 0.013213102 -0.126273811 -137.953765869 -0.010222333 0.999652326 0.024303544 -12.089173317 0.126551062 -0.022816051 0.991697669 161.443023682
0.994357526 0.013572020 -0.105208814 -138.083023071 -0.011189049 0.999668121 0.023207167 -12.068967819 0.105488859 -0.021899033 0.994179308 162.592239380
0.996296585 0.012073509 -0.085130356 -138.181045532 -0.009958462 0.999632299 0.025225811 -12.052429199 0.085403599 -0.024284625 0.996050358 163.785354614
0.997816980 0.012835587 -0.064779371 -138.274307251 -0.011115133 0.999577761 0.026849572 -12.033993721 0.065096632 -0.026070928 0.997538328 164.982147217
0.998919547 0.013404412 -0.044497650 -138.335830688 -0.012172970 0.999538541 0.027830839 -12.013318062 0.044850178 -0.027259100 0.998621821 166.200973511
0.999600172 0.014985657 -0.023975745 -138.374313354 -0.014299316 0.999490201 0.028546242 -11.996294022 0.024391303 -0.028191997 0.999304950 167.437026978
0.999873877 0.015506762 -0.003441301 -138.385208130 -0.015399874 0.999455750 0.029172814 -11.973266602 0.003891804 -0.029116141 0.999568462 168.671463013
0.999692023 0.017879706 0.017209291 -138.376739502 -0.018371562 0.999414563 0.028860161 -11.952500343 -0.016683202 -0.029167434 0.999435365 169.930099487
0.999123752 0.019050181 0.037269730 -138.342636108 -0.020086540 0.999416292 0.027633021 -11.934701920 -0.036721561 -0.028357426 0.998923123 171.192413330
0.998204172 0.019070957 0.056785826 -138.278656006 -0.020528113 0.999472022 0.025188774 -11.911931038 -0.056275461 -0.026309248 0.998068631 172.479492188
0.996914566 0.021200808 0.075576775 -138.187713623 -0.022980668 0.999476790 0.022758970 -11.896512032 -0.075054727 -0.024425555 0.996880233 173.775299072
0.995273709 0.021359228 0.094732068 -138.074081421 -0.023462815 0.999500990 0.021147566 -11.885770798 -0.094233111 -0.023270294 0.995278180 175.075469971
0.993321657 0.021172820 0.113419689 -137.929718018 -0.023381403 0.999561369 0.018177779 -11.872295380 -0.112985075 -0.020708285 0.993380904 176.386672974
0.990994871 0.022353962 0.132020459 -137.763992310 -0.024245147 0.999624908 0.012734707 -11.864367485 -0.131686226 -0.015820887 0.991165161 177.728790283
0.988361180 0.024475137 0.150143713 -137.581024170 -0.025712026 0.999649525 0.006302031 -11.868573189 -0.149936885 -0.010089181 0.988644123 179.048141479
0.985523999 0.026539391 0.167445689 -137.366394043 -0.027112454 0.999631763 0.001136817 -11.874138832 -0.167353868 -0.005660224 0.985880673 180.379714966
0.982285142 0.028849112 0.185158312 -137.128173828 -0.028817724 0.999580562 -0.002861268 -11.890132904 -0.185163215 -0.002525260 0.982704461 181.728439331
0.978686690 0.031059457 0.202996805 -136.865325928 -0.030562641 0.999517262 -0.005582434 -11.911698341 -0.203072235 -0.000740665 0.979163408 183.078964233
0.974912941 0.030484142 0.220489100 -136.573516846 -0.030072080 0.999534011 -0.005225986 -11.936163902 -0.220545679 -0.001535686 0.975375414 184.446563721
0.970970809 0.029301018 0.237396389 -136.251708984 -0.028669178 0.999570310 -0.006114179 -11.956565857 -0.237473488 -0.000869271 0.971393645 185.800582886
0.966666341 0.029707398 0.254310161 -135.899169922 -0.027820185 0.999552250 -0.011015137 -11.988996506 -0.254523546 0.003573006 0.967059970 187.184295654
0.962173522 0.031032477 0.270664275 -135.532226562 -0.027891228 0.999491632 -0.015445327 -12.015640259 -0.271006018 0.007311924 0.962549925 188.542846680
0.957272828 0.033294201 0.287263274 -135.134246826 -0.030116227 0.999426603 -0.015475919 -12.051796913 -0.287613809 0.006163391 0.957726657 189.920593262
0.951715529 0.035451829 0.304927200 -134.715805054 -0.032080587 0.999356210 -0.016060926 -12.090415955 -0.305300355 0.005503192 0.952240229 191.290191650
0.945792675 0.039163705 0.322401047 -134.266784668 -0.034835789 0.999208927 -0.019185055 -12.130411148 -0.322897285 0.006913989 0.946408689 192.667419434
0.939734340 0.039592478 0.339605212 -133.787536621 -0.033726171 0.999162674 -0.023161262 -12.175460815 -0.340237856 0.010311848 0.940282822 194.041259766
0.933351815 0.040560424 0.356664181 -133.276184082 -0.033702154 0.999108553 -0.025425309 -12.226449966 -0.357377440 0.011710408 0.933886588 195.414215088
0.926506639 0.041365504 0.373997837 -132.740768433 -0.032251239 0.999011219 -0.030598089 -12.286285400 -0.374893814 0.016287433 0.926924586 196.792236328
0.918527126 0.044488810 0.392846912 -132.175323486 -0.032736305 0.998794794 -0.036568977 -12.351747513 -0.394000292 0.020729238 0.918876529 198.174179077
0.908937454 0.048264623 0.414129466 -131.579833984 -0.034804314 0.998593688 -0.039991841 -12.424514771 -0.415477276 0.021936597 0.909339011 199.540954590
0.897569060 0.051107224 0.437901646 -130.962341309 -0.036731031 0.998473704 -0.041243471 -12.504135132 -0.439341068 0.020934300 0.898076296 200.884948730
