1.000000000 0.000000000 0.000000000 0.000000000 0.000000000 1.000000000 0.000000000 0.000000000 0.000000000 0.000000000 1.000000000 0.000000000
0.999873817 0.001484298 0.015815273 0.010642462 -0.001469527 0.999998450 -0.000945555 -0.003177180 -0.015816653 0.000922195 0.999874473 0.126325175
0.999291778 0.004309017 0.037382022 0.027020423 -0.004296826 0.999990702 -0.000406454 -0.004703645 -0.037383426 0.000245542 0.999300957 0.272629231
0.997895062 0.005970680 0.064574413 0.056306373 -0.006046673 0.999981225 0.000981455 -0.005072755 -0.064567342 -0.001369849 0.997912407 0.436192542
0.995123863 0.005654440 0.098472223 0.101872206 -0.006002122 0.999976695 0.003234873 -0.004191313 -0.098451659 -0.003810141 0.995134532 0.607630253
0.990622938 0.002616073 0.136598915 0.163105831 -0.003364427 0.999980509 0.005247896 -0.005397373 -0.136582509 -0.005658262 0.990612447 0.791143358
0.984324038 -0.000244028 0.176369622 0.235359818 -0.000736410 0.999984622 0.005493521 -0.004628656 -0.176368251 -0.005537285 0.984308660 0.986020505
0.975546241 -0.000443722 0.219793886 0.319466054 -0.001056568 0.999976873 0.006708294 -0.001722105 -0.219791785 -0.006776479 0.975523293 1.190079808
0.963402927 -0.000200419 0.268057495 0.411382258 -0.002442623 0.999951601 0.009526464 0.000939743 -0.268046409 -0.009832587 0.963355839 1.401489735
0.948911130 -0.003764573 0.315520853 0.527761996 -0.001583141 0.999859393 0.016690822 -0.003266157 -0.315539330 -0.016337622 0.948771775 1.617039800
0.931990921 -0.013285251 0.362238258 0.669841528 0.004594584 0.999680817 0.024842493 -0.009346086 -0.362452626 -0.021488642 0.931754410 1.825379610
0.910551965 -0.018272685 0.412990600 0.825557649 0.006990525 0.999560297 0.028812803 -0.003344415 -0.413335472 -0.023348536 0.910279393 2.053176403
0.885109603 -0.019698041 0.464965701 0.994031549 0.005053021 0.999451637 0.032722339 0.000763492 -0.465355337 -0.026613375 0.884723783 2.281863451
0.856718004 -0.021890467 0.515320301 1.170748830 0.003061485 0.999297202 0.037359767 0.002352431 -0.515775979 -0.030429145 0.856182933 2.489709616
0.824107647 -0.026306309 0.565821826 1.367210746 0.003500414 0.999138415 0.041353870 0.009980967 -0.566422164 -0.032099437 0.823489785 2.702974081
0.788044572 -0.032272764 0.614771605 1.598079801 0.005746700 0.998967052 0.045074910 0.008641957 -0.615591347 -0.031988125 0.787416041 2.915847063
0.749714255 -0.035988338 0.660782337 1.840028763 0.006033689 0.998850405 0.047554880 0.016626479 -0.661734223 -0.031665619 0.749069512 3.124625444
0.709545612 -0.039198462 0.703568399 2.111067057 0.007210299 0.998803198 0.048375562 0.030377727 -0.704622626 -0.029251732 0.708979070 3.331524134
0.667139828 -0.040853854 0.743811488 2.409250259 0.006003238 0.998757482 0.049472343 0.046589695 -0.744908392 -0.028539687 0.666556120 3.551596880
0.624172032 -0.040631425 0.780229688 2.721264124 0.000631994 0.998672724 0.051501527 0.061994009 -0.781286716 -0.031652711 0.623369217 3.766806602
0.582277000 -0.041000374 0.811955988 3.072492838 -0.002587475 0.998628974 0.052282136 0.080793083 -0.812986374 -0.032543600 0.581372619 3.976913452
0.541976929 -0.042289671 0.839328647 3.453647137 -0.003851240 0.998597622 0.052801307 0.103984177 -0.840384543 -0.031849544 0.541054010 4.187386036
0.502633870 -0.044419847 0.863357425 3.859519958 -0.005817109 0.998482764 0.054758690 0.120300971 -0.864479840 -0.032545816 0.501612782 4.399048328
0.465219378 -0.044182692 0.884092093 4.295538902 -0.008653504 0.998478949 0.054452769 0.138842478 -0.885153174 -0.032982979 0.464129418 4.599530697
0.429017574 -0.043203894 0.902262330 4.760551929 -0.009689809 0.998577952 0.052423283 0.163218632 -0.903244138 -0.031233264 0.427988857 4.796059608
0.395141065 -0.041829336 0.917667627 5.253629684 -0.008504018 0.998753369 0.049187180 0.185486361 -0.918581069 -0.027239740 0.394292772 4.980964184
0.366186947 -0.040117547 0.929676116 5.766121864 -0.006240270 0.998941958 0.045564469 0.206796959 -0.930520356 -0.022486545 0.365549117 5.146768570
0.341376722 -0.038223438 0.939148962 6.324361324 -0.004846411 0.999087930 0.042424612 0.234378874 -0.939913988 -0.019034281 0.340880126 5.322102070
0.320548564 -0.037440963 0.946491838 6.887659073 -0.003894272 0.999157965 0.040843185 0.260486126 -0.947224081 -0.016778124 0.320132911 5.512276649
0.306143761 -0.037677217 0.951239407 7.489915848 -0.002934288 0.999174356 0.040520217 0.289330959 -0.951980829 -0.015196222 0.305780441 5.690471649
0.294145137 -0.039124981 0.954959631 8.112578392 -0.001876138 0.999136209 0.041512799 0.312399566 -0.955758929 -0.014002424 0.293817699 5.879733086
0.284127355 -0.040820591 0.957917213 8.765633583 -0.003081380 0.999049246 0.043487351 0.339449257 -0.958781660 -0.015307655 0.283731401 6.052231312
0.272654623 -0.042939041 0.961153269 9.438255310 -0.005195706 0.998923302 0.046100285 0.352392226 -0.962097943 -0.017563326 0.272138000 6.268252373
0.262877285 -0.044738017 0.963791549 10.138796806 -0.005931094 0.998830557 0.047982216 0.380979121 -0.964811087 -0.018329771 0.262304515 6.452082157
0.252473623 -0.046305053 0.966495156 10.855759621 -0.007103343 0.998738587 0.049705427 0.413725257 -0.967577696 -0.019414658 0.251826257 6.640319347
0.242223576 -0.048006706 0.969032049 11.600004196 -0.006765706 0.998667240 0.051166046 0.444482684 -0.970196903 -0.018949807 0.241575941 6.820224762
0.232087865 -0.049248781 0.971447289 12.390924454 -0.007079209 0.998605430 0.052316893 0.475503147 -0.972669065 -0.019019194 0.231415540 7.004265308
0.221651852 -0.051803347 0.973748922 13.164686203 -0.008415923 0.998449147 0.055033091 0.512929201 -0.975089490 -0.020393185 0.220872134 7.178794384
0.210059226 -0.055590399 0.976107001 13.953881264 -0.009928008 0.998209476 0.058985680 0.549670637 -0.977638245 -0.022081284 0.209131211 7.353836060
0.198361784 -0.059634648 0.978313029 14.749540329 -0.010390605 0.997963250 0.062939256 0.583973229 -0.980073810 -0.022650007 0.197338164 7.505513191
0.185055211 -0.061748676 0.980786264 15.533808708 -0.011507708 0.997819424 0.064992338 0.620415151 -0.982660770 -0.023313774 0.183941096 7.659334660
0.170856312 -0.062075417 0.983338594 16.342945099 -0.011721201 0.997814775 0.065025829 0.661125302 -0.985226214 -0.022635985 0.169755340 7.799568653
0.156542584 -0.060714468 0.985803306 17.150228500 -0.013728560 0.997878671 0.063638225 0.703423202 -0.987575829 -0.023495752 0.155376956 7.927772045
0.139772013 -0.059883468 0.988371253 17.977125168 -0.014399175 0.997941077 0.062499564 0.739198983 -0.990078986 -0.022967419 0.138621941 8.042774200
0.119425349 -0.058346674 0.991127312 18.797723770 -0.017140722 0.998001754 0.060816731 0.775660694 -0.992695212 -0.024251696 0.118186615 8.139390945
0.093190201 -0.056771524 0.994028509 19.623714447 -0.022322064 0.998003006 0.059091214 0.814228535 -0.995398045 -0.027695486 0.091736838 8.224956512
0.063339762 -0.056728065 0.996378362 20.457658768 -0.026114127 0.997947156 0.058477446 0.842378438 -0.997650266 -0.029723501 0.061728325 8.271422386
0.030363232 -0.056381349 0.997947514 21.284761429 -0.028617391 0.997949541 0.057252165 0.875572443 -0.999129117 -0.030297017 0.028687486 8.291157722
-0.004289981 -0.055825274 0.998431444 22.134620667 -0.030292088 0.997989535 0.055670418 0.907350600 -0.999531865 -0.030005742 -0.005972419 8.282239914
-0.038134642 -0.054201085 0.997801602 22.979070663 -0.030959513 0.998112559 0.053034756 0.942135930 -0.998792946 -0.028868990 -0.039740708 8.240683556
-0.070935078 -0.052306339 0.996108532 23.833679199 -0.032856300 0.998204827 0.050076641 0.969238400 -0.996939659 -0.029176256 -0.072526328 8.173690796
-0.103675202 -0.050309200 0.993338048 24.662700653 -0.037151977 0.998218834 0.046678826 0.982618034 -0.993917108 -0.032065034 -0.105359621 8.095615387
-0.136454552 -0.045465477 0.989602447 25.503492355 -0.034387000 0.998561680 0.041135527 1.006003141 -0.990049362 -0.028416330 -0.137821704 7.968615532
-0.167549774 -0.039690122 0.985064328 26.333953857 -0.028791549 0.998960137 0.035352845 1.021018386 -0.985443175 -0.022438170 -0.168518275 7.807640553
-0.197530329 -0.033399191 0.979727626 27.164194107 -0.021550050 0.999325812 0.029722434 1.029653668 -0.980059922 -0.015242103 -0.198116884 7.618396759
-0.226506338 -0.027548576 0.973619998 27.988752365 -0.015980750 0.999570429 0.024565024 1.035811305 -0.973878503 -0.009995041 -0.226849303 7.418792248
-0.254145086 -0.021720281 0.966922224 28.808809280 -0.007328030 0.999762356 0.020531885 1.036752939 -0.967138231 -0.001867558 -0.254243851 7.180181026
-0.280091733 -0.010873550 0.959911644 29.603178024 -0.000949780 0.999938428 0.011049824 1.032685995 -0.959972799 0.002183260 -0.280084819 6.927289486
-0.305794567 0.004915385 0.952084839 30.390563965 0.003784734 0.999985039 -0.003947085 1.021171689 -0.952090025 0.002396392 -0.305808574 6.662227154
-0.330294639 0.021698302 0.943628550 31.173179626 0.004231391 0.999759734 -0.021507919 0.995523214 -0.943868339 -0.003111088 -0.330307126 6.381123543
-0.355784595 0.036780361 0.933844030 31.940523148 0.004764776 0.999283791 -0.037542440 0.965083122 -0.934555769 -0.008907464 -0.355704963 6.085504055
-0.380324692 0.046671901 0.923674643 32.699798584 0.007977974 0.998854220 -0.047185674 0.918486238 -0.924818635 -0.010576824 -0.380261302 5.763750553
-0.403258055 0.051416870 0.913640618 33.452888489 0.011444669 0.998625517 -0.051148161 0.872012615 -0.915014744 -0.010169590 -0.403292179 5.420547009
-0.426053822 0.050931189 0.903263092 34.206340790 0.015139557 0.998675704 -0.049170036 0.815780222 -0.904571116 -0.007274077 -0.426260620 5.057709217
-0.445849180 0.046675764 0.893890262 34.949169159 0.018888498 0.998907745 -0.042738307 0.759807527 -0.894908726 -0.002170594 -0.446243823 4.667230129
-0.464057237 0.045426827 0.884639621 35.674865723 0.026797090 0.998947084 -0.037239581 0.708253980 -0.885399818 0.006424471 -0.464785874 4.273750782
-0.477354556 0.045754373 0.877518892 36.384864807 0.028371144 0.998925328 -0.036651190 0.664331853 -0.878252625 0.007400603 -0.478139699 3.876677752
-0.488225520 0.050112788 0.871277571 37.082553864 0.032496348 0.998701632 -0.039232239 0.619480193 -0.872112274 0.009159160 -0.489220083 3.471228361
-0.498140126 0.052367643 0.865513742 37.774929047 0.032960165 0.998596728 -0.041449808 0.573512912 -0.866469800 0.007879663 -0.499167204 3.068189144
-0.509096682 0.051533625 0.859165192 38.463909149 0.026731694 0.998671174 -0.044061515 0.522889853 -0.860294044 0.000535367 -0.509797812 2.669912815
-0.520232320 0.050116304 0.852553070 39.164882660 0.025858741 0.998743296 -0.042930789 0.477564037 -0.853633225 -0.000288029 -0.520874500 2.248965740
-0.528756499 0.051328015 0.847220123 39.840854645 0.027732270 0.998681605 -0.043196246 0.432868361 -0.848320365 0.000655044 -0.529482901 1.817879438
-0.536109626 0.054459389 0.842389941 40.524753571 0.030860348 0.998514116 -0.044912625 0.384664387 -0.843584120 0.001918361 -0.536993623 1.380784988
-0.539438426 0.057356484 0.840069294 41.214450836 0.032441888 0.998352289 -0.047331307 0.337651193 -0.841399848 0.001721112 -0.540410340 0.932299614
-0.539131999 0.059594564 0.840110242 41.915767670 0.032162040 0.998222709 -0.050170857 0.290254861 -0.841607034 -0.000029054 -0.540090442 0.482339114
-0.535933495 0.059928965 0.842130542 42.639064789 0.034174584 0.998199880 -0.049286634 0.241860554 -0.843568265 0.002365104 -0.537016749 0.027804377
-0.530262828 0.058536209 0.845810175 43.377693176 0.032812621 0.998283148 -0.048517276 0.180886567 -0.847198069 0.002026337 -0.531273186 -0.428450912
-0.523221433 0.057183892 0.850276053 44.133419037 0.029945282 0.998363674 -0.048716314 0.137213781 -0.851670504 -0.000027663 -0.524077654 -0.885986447
-0.515768051 0.056808982 0.854842663 44.903182983 0.028486094 0.998384595 -0.049161088 0.085551292 -0.856254518 -0.001004589 -0.516553164 -1.348643899
-0.510330856 0.055291537 0.858198822 45.692043304 0.025727715 0.998465955 -0.049029507 0.029028816 -0.859593153 -0.002941777 -0.510970473 -1.796126604
-0.505199432 0.053036842 0.861371458 46.507240295 0.021353558 0.998572409 -0.048960671 -0.025423449 -0.862738371 -0.006341559 -0.505610824 -2.280419350
-0.503891587 0.050292164 0.862301528 47.333541870 0.017223096 0.998690009 -0.048182346 -0.081085078 -0.863595128 -0.009427179 -0.504097760 -2.751271963
-0.504434347 0.047715921 0.862130642 48.166923523 0.014300148 0.998796582 -0.046912868 -0.140841797 -0.863331616 -0.011335861 -0.504509628 -3.226140976
-0.505374193 0.046724986 0.861634314 49.012382507 0.013335859 0.998836517 -0.046343356 -0.198983952 -0.862797260 -0.011930097 -0.505409300 -3.715367079
-0.505840659 0.045897659 0.861404955 49.881244659 0.012816752 0.998873174 -0.045695931 -0.252372950 -0.862531602 -0.012074450 -0.505859077 -4.221671104
-0.505855083 0.045364119 0.861424863 50.752902985 0.012873368 0.998902082 -0.045044266 -0.308834016 -0.862522423 -0.011696432 -0.505883634 -4.734273911
-0.506263018 0.044339783 0.861238480 51.629001617 0.012697358 0.998952329 -0.043965910 -0.366282791 -0.862285674 -0.011322855 -0.506295621 -5.236959457
-0.506246388 0.044226784 0.861254036 52.515205383 0.012867721 0.998960316 -0.043734558 -0.425495058 -0.862292945 -0.011058081 -0.506289005 -5.754615784
-0.506713927 0.042782292 0.861052096 53.411205292 0.010358587 0.998997986 -0.043540437 -0.479301065 -0.862052023 -0.013143260 -0.506649256 -6.274661541
-0.506663978 0.041812036 0.861129045 54.292045593 0.009758906 0.999037445 -0.042766307 -0.542198479 -0.862088323 -0.013264468 -0.506584466 -6.781458378
-0.505994380 0.041127421 0.861555636 55.186000824 0.008847812 0.999057472 -0.042494889 -0.605336547 -0.862491369 -0.013879294 -0.505881429 -7.300826073
-0.504738033 0.039549273 0.862366140 56.058086395 0.008373066 0.999127328 -0.040920619 -0.662375271 -0.863231897 -0.013433546 -0.504628778 -7.811882019
-0.502336621 0.037423190 0.863861978 56.945297241 0.008615136 0.999229968 -0.038277738 -0.722658932 -0.864629209 -0.011786018 -0.502272189 -8.327864647
-0.500183165 0.035926860 0.865173936 57.831150055 0.008872330 0.999299228 -0.036367115 -0.782332063 -0.865874171 -0.010514112 -0.500151336 -8.831906319
-0.497688234 0.035976622 0.866609514 58.718235016 0.009260122 0.999302864 -0.036167249 -0.835586965 -0.867306530 -0.009975103 -0.497674435 -9.337446213
-0.495683640 0.036031030 0.867755413 59.603122711 0.009375596 0.999302864 -0.036137581 -0.893762112 -0.868452549 -0.009777083 -0.495675951 -9.837057114
-0.494529366 0.036638990 0.868388355 60.486156464 0.009337131 0.999277353 -0.036844153 -0.947701454 -0.869110763 -0.010112258 -0.494514078 -10.346155167
-0.494641721 0.038801402 0.868230402 61.363910675 0.009542670 0.999185145 -0.039217222 -1.001645207 -0.869044602 -0.011113238 -0.494608909 -10.850282669
-0.497824848 0.040479440 0.866332352 62.234565735 0.008219541 0.999085546 -0.041959096 -1.061829209 -0.867238641 -0.013767430 -0.497702330 -11.341212273
-0.502931535 0.040349767 0.863383949 63.112548828 0.006232982 0.999053061 -0.043059405 -1.122151732 -0.864303946 -0.016274471 -0.502706766 -11.840127945
-0.507991374 0.039263375 0.860466838 63.973690033 0.008078510 0.999133766 -0.040821504 -1.180974364 -0.861324310 -0.013785684 -0.507868588 -12.351795197
-0.512955964 0.036864188 0.857623041 64.828430176 0.009428459 0.999259174 -0.037312999 -1.241470218 -0.858363211 -0.011053858 -0.512923479 -12.870207787
-0.519248009 0.034097411 0.853943110 65.699111938 0.006141298 0.999326766 -0.036168221 -1.299701691 -0.854601502 -0.013535961 -0.519107997 -13.374326706
-0.524564385 0.037326146 0.850552082 66.547477722 0.008777882 0.999222338 -0.038436864 -1.357975602 -0.851325572 -0.012696566 -0.524484158 -13.889553070
-0.529486656 0.039222158 0.847411036 67.386642456 0.008676148 0.999128699 -0.040823258 -1.404661894 -0.848273814 -0.014263107 -0.529365659 -14.410352707
-0.534389555 0.039920062 0.844295084 68.215141296 0.007149542 0.999061763 -0.042712521 -1.462793350 -0.845208049 -0.016788801 -0.534173667 -14.921216011
-0.537699759 0.040290993 0.842173100 69.019645691 0.006453324 0.999024868 -0.043674823 -1.521614194 -0.843111575 -0.018049128 -0.537435591 -15.442485809
-0.541157126 0.039913028 0.839973748 69.836288452 0.007772177 0.999067724 -0.042465437 -1.577907085 -0.840885460 -0.016452052 -0.540962875 -15.961988449
-0.543023646 0.032774609 0.839077532 70.660003662 0.008064054 0.999395430 -0.033817887 -1.627606630 -0.839678645 -0.011597546 -0.542959690 -16.498918533
-0.545645773 0.023474842 0.837687135 71.474143982 0.006566389 0.999696791 -0.023737736 -1.684286594 -0.837990224 -0.007451815 -0.545634270 -17.023925781
-0.547521293 0.022158233 0.836498380 72.290000916 0.007534825 0.999739468 -0.021550531 -1.725246429 -0.836757779 -0.005496508 -0.547545552 -17.550752640
-0.548170626 0.027142281 0.835925996 73.079719543 0.008378736 0.999601305 -0.026962295 -1.769963264 -0.836324573 -0.007775934 -0.548179448 -18.069715500
-0.550211906 0.032904055 0.834376514 73.876625061 0.009256487 0.999402285 -0.033307932 -1.812418938 -0.834973752 -0.010603024 -0.550187528 -18.573881149
-0.549641132 0.036944509 0.834583521 74.665031433 0.015318139 0.999299407 -0.034147736 -1.859791875 -0.835260332 -0.005984738 -0.549822032 -19.121816635
-0.549335957 0.038372818 0.834720016 75.456459045 0.018998569 0.999260306 -0.033433769 -1.910307050 -0.835385561 -0.002507885 -0.549658656 -19.655191422
-0.548933446 0.035055991 0.835130572 76.261001587 0.017407509 0.999382973 -0.030508753 -1.951737523 -0.835684776 -0.002209735 -0.549205005 -20.177064896
-0.548396230 0.030225417 0.835672200 77.052032471 0.015404003 0.999542117 -0.026043802 -1.987494707 -0.836076736 -0.001409627 -0.548610747 -20.693201065
-0.548437893 0.022785999 0.835880756 77.841857910 0.012792107 0.999740362 -0.018859632 -2.042099476 -0.836093366 0.000349340 -0.548586905 -21.183210373
-0.547745705 0.017594049 0.836459935 78.667213440 0.004141896 0.999823570 -0.018317966 -2.071187973 -0.836634636 -0.006569056 -0.547722101 -21.713340759
-0.545915425 0.012443393 0.837747931 79.463157654 -0.003816399 0.999842346 -0.017337987 -2.095940113 -0.837831616 -0.012662255 -0.545781970 -22.217250824
-0.543691516 0.013493330 0.839176655 80.245758057 -0.000006052 0.999870658 -0.016081091 -2.131638527 -0.839285135 -0.008748232 -0.543621182 -22.730611801
-0.541251242 0.016407093 0.840700865 81.031379700 0.004568888 0.999852180 -0.016571594 -2.175890446 -0.840848446 -0.005128328 -0.541246295 -23.223035812
-0.536315203 0.019641198 0.843789220 81.835792542 0.006070846 0.999793112 -0.019413915 -2.198611021 -0.843995929 -0.005289462 -0.536323488 -23.724590302
-0.527185440 0.022398580 0.849454939 82.626846313 0.012449446 0.999748826 -0.018635232 -2.235893011 -0.849659026 0.000751021 -0.527331889 -24.247005463
-0.519072711 0.025738223 0.854342341 83.419250488 0.020075789 0.999637902 -0.017918002 -2.274679422 -0.854494274 0.007850850 -0.519401550 -24.736631393
-0.510520935 0.024711307 0.859510183 84.219482422 0.016651178 0.999683499 -0.018851105 -2.299716949 -0.859704077 0.004687974 -0.510770857 -25.184362411
-0.499230713 0.022529438 0.866176128 85.047653198 0.013992641 0.999741077 -0.017938677 -2.325314045 -0.866356075 0.003164552 -0.499416798 -25.655469894
-0.487539560 0.018849839 0.872897327 85.855468750 0.013983990 0.999807239 -0.013779920 -2.360258579 -0.872988880 0.005488334 -0.487709165 -26.108278275
-0.476434320 0.017896870 0.879027843 86.668563843 0.013663481 0.999822795 -0.012950611 -2.392951012 -0.879103899 0.005840465 -0.476594418 -26.543663025
-0.464589685 0.017144199 0.885360062 87.482315063 0.013794521 0.999831438 -0.012122206 -2.417656898 -0.885418653 0.006581267 -0.464747787 -26.962926865
-0.452845961 0.018466793 0.891397536 88.321334839 0.015374349 0.999798596 -0.012902059 -2.445306540 -0.891456187 0.007862012 -0.453038633 -27.382305145
-0.440683812 0.022302909 0.897385240 89.162025452 0.014361700 0.999738514 -0.017794041 -2.475756168 -0.897547483 0.005046433 -0.440888882 -27.795475006
-0.429592013 0.031487830 0.902473927 89.984458923 0.016996242 0.999496758 -0.026782533 -2.509302378 -0.902863026 0.003833102 -0.429911047 -28.178367615
-0.416310936 0.036251448 0.908499360 90.822563171 0.016251564 0.999341905 -0.032429177 -2.540663958 -0.909076989 0.001263912 -0.416626126 -28.566015244
-0.405274659 0.032113560 0.913630784 91.675285339 0.013521265 0.999484062 -0.029133394 -2.585501432 -0.914094925 0.000546417 -0.405499816 -28.939582825
-0.393272996 0.028386299 0.918983459 92.507583618 0.011903443 0.999596715 -0.025782341 -2.625794649 -0.919344664 0.000799570 -0.393452287 -29.288431168
-0.383366525 0.029010743 0.923140645 93.344253540 0.009104981 0.999576688 -0.027631672 -2.669726133 -0.923551381 -0.002187879 -0.383468390 -29.627332687
-0.376912117 0.033213366 0.925653398 94.194389343 0.004518657 0.999410987 -0.034019932 -2.717882395 -0.926238000 -0.008639814 -0.376840174 -29.957166672
-0.371846497 0.038181189 0.927508712 95.021400452 -0.002235056 0.999113977 -0.042024907 -2.758750677 -0.928291559 -0.017699851 -0.371431708 -30.274215698
-0.368595570 0.040349796 0.928713799 95.860992432 -0.004446878 0.998969555 -0.045167107 -2.808921814 -0.929579318 -0.020778272 -0.368036270 -30.592538834
-0.364799261 0.040115558 0.930221617 96.702636719 -0.004805802 0.998976886 -0.044965278 -2.866895914 -0.931073785 -0.020873761 -0.364233315 -30.916608810
-0.360031903 0.040021803 0.932081163 97.538352966 -0.006813115 0.998939872 -0.045524284 -2.921876907 -0.932915092 -0.022740571 -0.359377652 -31.231941223
-0.353954941 0.035959415 0.934570909 98.386322021 -0.008622596 0.999092579 -0.041707695 -2.975665331 -0.935222745 -0.022821072 -0.353323698 -31.548303604
-0.348865122 0.031867452 0.936630964 99.237701416 -0.009702177 0.999245346 -0.037611552 -3.027607203 -0.937122703 -0.022208717 -0.348292679 -31.857402802
-0.343317628 0.028800154 0.938777685 100.078521729 -0.012041557 0.999312580 -0.035060946 -3.075855255 -0.939142168 -0.023341384 -0.342734843 -32.153495789
-0.337485671 0.026717933 0.940951467 100.940788269 -0.019966075 0.999169052 -0.035532117 -3.129716635 -0.941118896 -0.030778686 -0.336671770 -32.444736481
-0.331126362 0.027150491 0.943195641 101.791175842 -0.026957314 0.998905718 -0.038217999 -3.173518658 -0.943201184 -0.038081009 -0.330032080 -32.729312897
-0.324520648 0.031245856 0.945362389 102.633773804 -0.024971219 0.998822868 -0.041584838 -3.224288940 -0.945548892 -0.037101991 -0.323358387 -33.011516571
-0.317451954 0.034394801 0.947650313 103.484947205 -0.023427224 0.998752534 -0.044097390 -3.273922920 -0.947984874 -0.036199626 -0.316250235 -33.292961121
-0.311244100 0.032806747 0.949763536 104.346817017 -0.025083706 0.998772025 -0.042719703 -3.321718931 -0.949998856 -0.037119851 -0.310039073 -33.562484741
-0.303948760 0.027848786 0.952281237 105.192214966 -0.025683070 0.998969853 -0.037411675 -3.371616602 -0.952342153 -0.035828736 -0.302920401 -33.831951141
-0.296884954 0.025097232 0.954583347 106.052474976 -0.026554799 0.999050975 -0.034525152 -3.423079729 -0.954543948 -0.035598770 -0.295936733 -34.091636658
-0.290467262 0.028506475 0.956460238 106.912109375 -0.028864721 0.998840272 -0.038535502 -3.464349508 -0.956449449 -0.038801257 -0.289307564 -34.341815948
-0.284200907 0.031133458 0.958259106 107.767311096 -0.028386094 0.998761237 -0.040868115 -3.515223503 -0.958344460 -0.038815990 -0.282965034 -34.588001251
-0.277302772 0.031526074 0.960265219 108.623718262 -0.030464113 0.998670399 -0.041584287 -3.563969851 -0.960299492 -0.040785063 -0.275973648 -34.825031281
-0.270546556 0.031221585 0.962200522 109.486244202 -0.031144399 0.998667002 -0.041161876 -3.615380049 -0.962203026 -0.041103359 -0.269213468 -35.062011719
-0.262262970 0.030917481 0.964501023 110.346176147 -0.027214197 0.998852134 -0.039418593 -3.666460752 -0.964612603 -0.036586158 -0.261120528 -35.297004700
-0.254687518 0.032307629 0.966483474 111.201065063 -0.024391493 0.998909235 -0.039819192 -3.715315104 -0.966715693 -0.033715423 -0.253621697 -35.520534515
-0.248025969 0.032682128 0.968201935 112.063781738 -0.022960078 0.998951674 -0.039601829 -3.763982058 -0.968481243 -0.032052267 -0.247015610 -35.736316681
-0.241516456 0.031579621 0.969882727 112.932731628 -0.029019060 0.998788357 -0.039747000 -3.811020613 -0.969962716 -0.037744634 -0.240307406 -35.935104370
-0.235677600 0.029564075 0.971381485 113.798736572 -0.033959746 0.998676181 -0.038634144 -3.860105038 -0.971237779 -0.042093065 -0.234361589 -36.132148743
-0.231361732 0.029478204 0.972421050 114.676132202 -0.031500641 0.998789728 -0.037772287 -3.909480333 -0.972357631 -0.039370954 -0.230153129 -36.333309174
-0.227024764 0.029503427 0.973441958 115.545791626 -0.030111741 0.998850465 -0.037296139 -3.960084200 -0.973423302 -0.037779186 -0.225875393 -36.525981903
-0.221831337 0.031529732 0.974575162 116.418373108 -0.028754858 0.998830855 -0.038859595 -4.006854534 -0.974660933 -0.036644045 -0.220665336 -36.725540161
-0.215603650 0.030247165 0.976012409 117.268333435 -0.022263540 0.999108016 -0.035880983 -4.056532860 -0.976227105 -0.029465562 -0.214737937 -36.917312622
-0.210410371 0.029411666 0.977170646 118.144882202 -0.015272039 0.999326527 -0.033367001 -4.096623421 -0.977493823 -0.021944150 -0.209819481 -37.112037659
-0.204813600 0.028694775 0.978380263 119.021514893 -0.013196813 0.999398351 -0.032073822 -4.145220757 -0.978712022 -0.019480659 -0.204311684 -37.301200867
-0.201031134 0.030100441 0.979122281 119.887771606 -0.015388274 0.999307454 -0.033880457 -4.187426090 -0.979463935 -0.021878034 -0.200428724 -37.466148376
-0.197643772 0.031560514 0.979765654 120.769790649 -0.017283145 0.999214053 -0.035673443 -4.233607292 -0.980121553 -0.023984071 -0.196942955 -37.638576508
-0.195783064 0.031071516 0.980154872 121.640556335 -0.020077977 0.999161422 -0.035684556 -4.277069569 -0.980441689 -0.026665958 -0.194995016 -37.803913116
-0.195199639 0.029844360 0.980309367 122.512649536 -0.020340804 0.999198794 -0.034469698 -4.321815968 -0.980552554 -0.026668750 -0.194436193 -37.963623047
-0.194121435 0.025308480 0.980650902 123.389274597 -0.019157575 0.999378681 -0.029584073 -4.364620686 -0.980790377 -0.024529798 -0.193515971 -38.136196136
-0.193384483 0.020581374 0.980907083 124.255645752 -0.020324621 0.999481380 -0.024978068 -4.404507637 -0.980912507 -0.024766935 -0.192865893 -38.301177979
-0.192569107 0.018791452 0.981103420 125.125228882 -0.019852955 0.999537349 -0.023041226 -4.442965031 -0.981082559 -0.023914834 -0.192106962 -38.467208862
-0.190998137 0.023214441 0.981315851 125.975975037 -0.020184077 0.999416053 -0.027571147 -4.484939575 -0.981382847 -0.025072997 -0.190418035 -38.632492065
-0.191240042 0.026979974 0.981172383 126.859306335 -0.019864207 0.999311030 -0.031350464 -4.524142742 -0.981342256 -0.025485680 -0.190572336 -38.799648285
-0.191081300 0.025936456 0.981231511 127.685691833 -0.022578172 0.999270201 -0.030810054 -4.564894676 -0.981314421 -0.028041644 -0.190356269 -38.952251434
-0.190735847 0.024735246 0.981329799 128.537078857 -0.024450159 0.999252617 -0.029939255 -4.610801697 -0.981336832 -0.029704159 -0.189988509 -39.108081818
-0.190048784 0.026294013 0.981422544 129.378341675 -0.019736249 0.999336958 -0.030595828 -4.649069309 -0.981576264 -0.025184302 -0.189403817 -39.272068024
-0.188429862 0.028374165 0.981676698 130.230865479 -0.022123182 0.999206245 -0.033127315 -4.689512730 -0.981837392 -0.027959988 -0.187652573 -39.441978455
-0.189107195 0.029244654 0.981520891 131.064895630 -0.028795723 0.998961389 -0.035312302 -4.737963676 -0.981534064 -0.034941413 -0.188068658 -39.581840515
-0.188225046 0.030498996 0.981652260 131.900527954 -0.034830913 0.998681605 -0.037706669 -4.784096241 -0.981508017 -0.041289184 -0.186914578 -39.730831146
-0.187869728 0.034375582 0.981592238 132.723709106 -0.031055780 0.998679757 -0.040917840 -4.830440521 -0.981702745 -0.038171336 -0.186554149 -39.885017395
-0.187679455 0.035358198 0.981593847 133.543365479 -0.029925859 0.998682082 -0.041695535 -4.879722595 -0.981774271 -0.037200425 -0.186374024 -40.036033630
-0.185938194 0.036346145 0.981888950 134.364074707 -0.031283230 0.998589993 -0.042888399 -4.925792694 -0.982063293 -0.038691249 -0.184538990 -40.185928345
-0.183964193 0.036132086 0.982268631 135.191055298 -0.022121057 0.998918772 -0.040887509 -4.972920418 -0.982683957 -0.029250657 -0.182966039 -40.346622467
-0.180083990 0.032894928 0.983101070 136.010757446 -0.015861036 0.999213636 -0.036339477 -5.021950722 -0.983523369 -0.022137161 -0.179420650 -40.508640289
-0.178002089 0.027792379 0.983637512 136.828094482 -0.011980429 0.999465704 -0.030407611 -5.069550991 -0.983957231 -0.017197022 -0.177574039 -40.659767151
-0.174458787 0.027526468 0.984279633 137.638885498 -0.010525270 0.999499857 -0.029817676 -5.108693600 -0.984608233 -0.015561766 -0.174081862 -40.800796509
-0.169436365 0.032535262 0.985003948 138.441055298 -0.009208394 0.999359012 -0.034593407 -5.153928757 -0.985498130 -0.014931686 -0.169028178 -40.940212250
-0.162940189 0.035611656 0.985993028 139.235519409 -0.009002945 0.999253094 -0.037578359 -5.193598270 -0.986594856 -0.014999866 -0.162497923 -41.066867828
-0.155036286 0.036574613 0.987231433 140.035003662 -0.008798204 0.999223769 -0.038400576 -5.229452610 -0.987869561 -0.014639348 -0.154594153 -41.184360504
-0.145556316 0.032283366 0.988823116 140.830734253 -0.007970537 0.999396682 -0.033801857 -5.268313408 -0.989317775 -0.012801525 -0.145211190 -41.295886993
-0.133716226 0.030819522 0.990540326 141.624282837 -0.004639688 0.999485850 -0.031724181 -5.311221600 -0.991008759 -0.008837835 -0.133504495 -41.401390076
-0.119720697 0.033497136 0.992242336 142.414855957 -0.000386692 0.999428988 -0.033786401 -5.348341465 -0.992807508 -0.004428626 -0.119639389 -41.499061584
-0.105552278 0.034604624 0.993811429 143.201507568 -0.000762222 0.999391258 -0.034879863 -5.386931419 -0.994413495 -0.004439154 -0.105461627 -41.577320099
-0.091568716 0.034471843 0.995201945 143.991241455 0.000401229 0.999401867 -0.034580410 -5.428428173 -0.995798707 -0.002767179 -0.091527790 -41.647556305
-0.078027822 0.036389261 0.996286869 144.771865845 0.001253503 0.999336541 -0.036402475 -5.469994545 -0.996950388 -0.001591558 -0.078021668 -41.704338074
-0.064458787 0.042245951 0.997025728 145.542053223 -0.001703521 0.999097407 -0.042443864 -5.521176815 -0.997918904 -0.004434335 -0.064328656 -41.742805481
-0.051736161 0.051490065 0.997332513 146.306060791 -0.008758311 0.998608112 -0.052010257 -5.565784454 -0.998622417 -0.011425759 -0.051213186 -41.766139984
-0.038189508 0.059446964 0.997500658 147.072296143 -0.013042305 0.998114228 -0.059982847 -5.613485813 -0.999185383 -0.015300426 -0.037342165 -41.779129028
-0.025137084 0.060154360 0.997872472 147.837371826 -0.013892887 0.998070478 -0.060516268 -5.664664268 -0.999587417 -0.015384532 -0.024252862 -41.789951324
-0.012998376 0.056388225 0.998324275 148.608489990 -0.017550064 0.998241961 -0.056612082 -5.719025612 -0.999761462 -0.018256521 -0.011985910 -41.790565491
-0.002490139 0.053830940 0.998546898 149.372360229 -0.021474622 0.998316824 -0.053872094 -5.777994156 -0.999766290 -0.021577569 -0.001329949 -41.777294159
0.006297535 0.060246047 0.998163700 150.129287720 -0.025828628 0.997860372 -0.060064770 -5.838341236 -0.999646544 -0.025402943 0.007840133 -41.759525299
0.012987354 0.068365358 0.997575819 150.875396729 -0.029046113 0.997264683 -0.067965895 -5.891456127 -0.999493718 -0.028093003 0.014937579 -41.739101410
0.016274670 0.071018547 0.997342229 151.628402710 -0.031447694 0.997017205 -0.070482232 -5.948291779 -0.999372900 -0.030217040 0.018459499 -41.722557068
0.016116729 0.066533640 0.997653961 152.382858276 -0.033793777 0.997249842 -0.065960743 -6.007630825 -0.999298871 -0.032651421 0.018320827 -41.701675415
0.014530134 0.062033862 0.997968316 153.138687134 -0.035663731 0.997470856 -0.061483677 -6.075557709 -0.999258280 -0.034697909 0.016705742 -41.685779572
0.011139579 0.059125498 0.998188376 153.888854980 -0.035691809 0.997637868 -0.058694560 -6.126154900 -0.999300778 -0.034973312 0.013223560 -41.671520233
0.008674592 0.059562832 0.998186827 154.633743286 -0.033742737 0.997673392 -0.059238955 -6.177259922 -0.999392927 -0.033167679 0.010664221 -41.668537140
0.004530525 0.059581053 0.998213232 155.375015259 -0.032572344 0.997702479 -0.059402741 -6.233475208 -0.999459147 -0.032245010 0.006460810 -41.658336639
0.000771579 0.058529511 0.998285353 156.120117188 -0.031564780 0.997789681 -0.058476061 -6.287771225 -0.999501407 -0.031465538 0.002617345 -41.662990570
-0.004476214 0.058793634 0.998260140 156.858871460 -0.032372739 0.997738421 -0.058908064 -6.337734699 -0.999465883 -0.032580104 -0.002562779 -41.663352966
-0.010599347 0.056892812 0.998323977 157.596633911 -0.033714764 0.997792125 -0.057220459 -6.390208721 -0.999375343 -0.034264758 -0.008657819 -41.662307739
-0.016064422 0.054305658 0.998395085 158.350860596 -0.030834997 0.998022139 -0.054781515 -6.449903488 -0.999395370 -0.031665552 -0.014358136 -41.683498383
-0.021173639 0.054023322 0.998315156 159.085861206 -0.031441756 0.998009086 -0.054673627 -6.501123905 -0.999281347 -0.032546423 -0.019432897 -41.699481964
-0.027079582 0.055905975 0.998068690 159.804443359 -0.033933874 0.997807980 -0.056812070 -6.547196388 -0.999057174 -0.035406787 -0.025123116 -41.704128265
-0.030702788 0.057795938 0.997856200 160.534667969 -0.033210725 0.997716606 -0.058809709 -6.607835770 -0.998976648 -0.034945149 -0.028713237 -41.726516724
-0.033297539 0.059902404 0.997648776 161.252792358 -0.033007883 0.997591734 -0.061000664 -6.662980556 -0.998900235 -0.034961440 -0.031240100 -41.748680115
-0.034011655 0.061138440 0.997549653 161.971191406 -0.030106569 0.997611463 -0.062168714 -6.718013763 -0.998967826 -0.032147259 -0.032089744 -41.780834198
-0.033742066 0.059925172 0.997632504 162.701293945 -0.027330389 0.997772157 -0.060857944 -6.770627022 -0.999056816 -0.029319158 -0.032029115 -41.803306580
-0.030014604 0.055926744 0.997983754 163.413253784 -0.024216143 0.998099744 -0.056661565 -6.826678276 -0.999256015 -0.025867991 -0.028603239 -41.822460175
-0.022391975 0.055647098 0.998199403 164.114959717 -0.023364114 0.998148024 -0.056168340 -6.882064819 -0.999476135 -0.024579769 -0.021050360 -41.835613251
-0.011089008 0.056552641 0.998338044 164.813201904 -0.020716261 0.998172164 -0.056773346 -6.932523251 -0.999723911 -0.021311395 -0.009897179 -41.837539673
0.002977683 0.057147224 0.998361349 165.503082275 -0.019083282 0.998187244 -0.057080340 -6.979530811 -0.999813437 -0.018882046 0.004062846 -41.828571320
0.018421469 0.054809626 0.998326898 166.183166504 -0.019231873 0.998331010 -0.054454979 -7.027818680 -0.999645352 -0.018196555 0.019444820 -41.812641144
0.034351513 0.049746718 0.998170972 166.866287231 -0.024143642 0.998510242 -0.048932735 -7.075231075 -0.999118149 -0.022418566 0.035501402 -41.770267487
0.050970502 0.043172862 0.997766554 167.550659180 -0.025420520 0.998797536 -0.041918874 -7.118412018 -0.998376608 -0.023227120 0.052006688 -41.725242615
0.067569092 0.036280751 0.997054756 168.226287842 -0.026449284 0.999052525 -0.034561012 -7.152678490 -0.997363985 -0.024036126 0.068464674 -41.661869049
0.085498907 0.028582666 0.995928109 168.898452759 -0.026013752 0.999311686 -0.026446532 -7.189594269 -0.995998621 -0.023646681 0.086183608 -41.603099823
0.102649525 0.022790886 0.994456470 169.561706543 -0.027924545 0.999409437 -0.020021981 -7.221325397 -0.994325519 -0.025714496 0.103225358 -41.521568298
0.120580576 0.020627165 0.992489159 170.213500977 -0.029269060 0.999423325 -0.017215291 -7.249327183 -0.992271960 -0.026973400 0.121114783 -41.429386139
0.138314158 0.019621212 0.990193963 170.852386475 -0.028212614 0.999476075 -0.015864292 -7.266999722 -0.989986479 -0.025741706 0.138795242 -41.330673218
0.155411839 0.019142136 0.987664282 171.489273071 -0.029029224 0.999468982 -0.014803092 -7.284913063 -0.987423122 -0.026370553 0.155884981 -41.213710785
0.170840666 0.018023888 0.985133767 172.118499756 -0.034399536 0.999332309 -0.012318132 -7.303593159 -0.984697998 -0.031783707 0.171346605 -41.079456329
0.186346427 0.014390397 0.982378721 172.738052368 -0.035634059 0.999333858 -0.007879375 -7.322411060 -0.981837690 -0.033537850 0.186735079 -40.960186005
0.198227018 0.010590055 0.980098963 173.363510132 -0.032396272 0.999466121 -0.004247106 -7.337160587 -0.979620636 -0.030909659 0.198464274 -40.826099396
0.208728328 0.009615233 0.977926493 173.979766846 -0.030344697 0.999533892 -0.003350921 -7.352524757 -0.977502763 -0.028975451 0.208922833 -40.687541962
0.218862370 0.013568124 0.975661457 174.583114624 -0.034895726 0.999372602 -0.006069985 -7.370045662 -0.975131571 -0.032717921 0.219198495 -40.540004730
0.227521002 0.020590013 0.973555386 175.171447754 -0.039780639 0.999138236 -0.011834295 -7.391561985 -0.972960293 -0.036036104 0.228144035 -40.379882812
0.236510307 0.030262759 0.971157551 175.752502441 -0.039943215 0.998972654 -0.021401972 -7.408369064 -0.970807612 -0.033729363 0.237476140 -40.236495972
0.244733870 0.036179956 0.968915045 176.346252441 -0.034979649 0.998982549 -0.028467342 -7.424402714 -0.968959153 -0.026925383 0.245750442 -40.087993622
0.251290113 0.034064721 0.967312217 176.944320679 -0.033684209 0.999082923 -0.026433013 -7.442229748 -0.967325568 -0.025940791 0.252207100 -39.928997040
0.257107764 0.026793441 0.966011107 177.543777466 -0.036484335 0.999172032 -0.018002737 -7.459810257 -0.965693772 -0.030615631 0.257872492 -39.757869720
0.261196494 0.016326122 0.965147495 178.161163330 -0.040193200 0.999173760 -0.006024271 -7.479274750 -0.964448512 -0.037218854 0.261636883 -39.573089600
0.263394594 0.008253050 0.964652836 178.769226074 -0.040610678 0.999171734 0.002540207 -7.499289989 -0.963833034 -0.039844289 0.263511628 -39.403007507
0.264302760 0.007328635 0.964411855 179.370849609 -0.037735533 0.999284029 0.002748020 -7.516495705 -0.963701248 -0.037118923 0.264390081 -39.235496521
0.265414178 0.009560883 0.964087069 179.966156006 -0.033687089 0.999432206 -0.000637313 -7.521754265 -0.963545740 -0.032308135 0.265585512 -39.078708649
0.267648995 0.008847066 0.963475883 180.572601318 -0.030158823 0.999544859 -0.000800291 -7.529302120 -0.963044345 -0.028843103 0.267793983 -38.917556763
0.269085974 0.006983977 0.963090897 181.181137085 -0.032473780 0.999470890 0.001825330 -7.529573917 -0.962568521 -0.031766377 0.269170403 -38.738204956
0.271933943 0.003509784 0.962309480 181.785720825 -0.033160195 0.999433637 0.005725377 -7.537740231 -0.961744428 -0.033467293 0.271896273 -38.563404083
0.274477363 -0.001812175 0.961591840 182.387496948 -0.032861844 0.999396443 0.011263525 -7.553000450 -0.961031795 -0.034691263 0.274252176 -38.378162384
0.279002041 -0.004607922 0.960279465 183.010421753 -0.031348974 0.999411941 0.013903910 -7.553586006 -0.959778607 -0.033983000 0.278693497 -38.197311401
0.285072416 -0.006748778 0.958482206 183.619720459 -0.029541405 0.999438286 0.015823375 -7.550221920 -0.958050609 -0.032825716 0.284712881 -38.007717133
0.292852968 -0.009752629 0.956107736 184.237777710 -0.028187806 0.999425292 0.018828329 -7.551088810 -0.955741823 -0.032464515 0.292409807 -37.812637329
0.303034514 -0.011899671 0.952905297 184.865753174 -0.025376648 0.999466717 0.020551179 -7.554101467 -0.952641666 -0.030409258 0.302570999 -37.620319366
0.314214051 -0.009619627 0.949303448 185.480331421 -0.027066948 0.999451399 0.019086801 -7.553848267 -0.948966265 -0.031692091 0.313781321 -37.406913757
0.325827152 -0.006158385 0.945409298 186.095336914 -0.028065993 0.999475181 0.016183270 -7.554590702 -0.945012748 -0.031806801 0.325483292 -37.185089111
0.337389529 -0.003094421 0.941360056 186.698410034 -0.028808421 0.999492288 0.013610639 -7.552615643 -0.940924227 -0.031711187 0.337129146 -36.956657410
0.349114299 -0.002745681 0.937076151 187.318695068 -0.027401958 0.999538064 0.013137492 -7.548567772 -0.936679423 -0.030264208 0.348877877 -36.721485138
0.360634118 -0.005592502 0.932690620 187.948425293 -0.026477475 0.999517679 0.016230984 -7.543270588 -0.932331502 -0.030548744 0.360312074 -36.474636078
