1.000000000 0.000000000 0.000000000 0.000000000 0.000000000 1.000000000 0.000000000 0.000000000 0.000000000 0.000000000 1.000000000 0.000000000
0.999873817 0.001491256 0.015816154 0.010595492 -0.001476757 0.999998450 -0.000928360 -0.003399232 -0.015817516 0.000904886 0.999874473 0.126215205
0.999292433 0.004316552 0.037362773 0.027298305 -0.004304698 0.999990642 -0.000397700 -0.004811199 -0.037364140 0.000236584 0.999301672 0.272625834
0.997894526 0.005963136 0.064583242 0.056227170 -0.006038991 0.999981284 0.000979383 -0.005019445 -0.064576194 -0.001367338 0.997911870 0.436348259
0.995132029 0.005647931 0.098388880 0.103033438 -0.005995451 0.999976814 0.003236801 -0.004157087 -0.098368317 -0.003810930 0.995142758 0.609346867
0.990629077 0.002594801 0.136555806 0.163442463 -0.003336368 0.999980867 0.005201905 -0.004664452 -0.136539713 -0.005608759 0.990618706 0.794850290
0.984344542 -0.000212144 0.176254988 0.236558676 -0.000760030 0.999984920 0.005448198 -0.003948611 -0.176253438 -0.005496863 0.984329462 0.989934683
0.975563824 -0.000487428 0.219715759 0.320346832 -0.001016967 0.999976814 0.006733852 -0.001723423 -0.219713911 -0.006792746 0.975540698 1.191841125
0.963390350 -0.000267574 0.268102944 0.412350923 -0.002405107 0.999950647 0.009640391 0.001205256 -0.268092245 -0.009932276 0.963342071 1.409083486
0.948948324 -0.003860839 0.315407932 0.530344903 -0.001483163 0.999859452 0.016701359 -0.001973879 -0.315428078 -0.016316528 0.948809206 1.621635199
0.931955874 -0.013386873 0.362324446 0.671460032 0.004718056 0.999681294 0.024799835 -0.007011686 -0.362540960 -0.021402886 0.931722045 1.831530690
0.910570025 -0.018214932 0.412953615 0.824765801 0.006909158 0.999559760 0.028854674 -0.003328033 -0.413297385 -0.023421032 0.910294890 2.052946568
0.885017753 -0.019465340 0.465150118 0.992219806 0.004769973 0.999452293 0.032748934 0.001212828 -0.465532780 -0.026764639 0.884625793 2.285274029
0.856810629 -0.022097448 0.515157521 1.182458401 0.003283898 0.999294817 0.037402526 0.004050396 -0.515620828 -0.030355154 0.856279075 2.500159979
0.824394941 -0.026276601 0.565404773 1.366365671 0.003440886 0.999136031 0.041416790 0.009468898 -0.566004574 -0.032198299 0.823773086 2.697561741
0.788268387 -0.031880159 0.614505112 1.598600268 0.005476888 0.998980880 0.044800952 0.011355460 -0.615307152 -0.031949595 0.787639737 2.907465696
0.749758720 -0.035649322 0.660750329 1.840124011 0.005755137 0.998861253 0.047360949 0.016962603 -0.661686301 -0.031706575 0.749110103 3.127418518
0.709493220 -0.038541220 0.703657568 2.110027790 0.006508551 0.998819113 0.048145484 0.032111570 -0.704682291 -0.029579103 0.708906233 3.336696625
0.667076826 -0.040180381 0.743904531 2.411073685 0.005327509 0.998776257 0.049169414 0.048106596 -0.744969904 -0.028836621 0.666474640 3.561634064
0.623917878 -0.040226638 0.780453920 2.742252588 0.000317395 0.998687387 0.051221214 0.064997539 -0.781489849 -0.031710126 0.623111606 3.788494825
0.582245171 -0.040679827 0.811994910 3.086659670 -0.002972391 0.998634219 0.052161571 0.079873487 -0.813007832 -0.032784391 0.581329048 3.994681597
0.541517377 -0.041894615 0.839645028 3.458961010 -0.004807028 0.998586893 0.052925345 0.099419340 -0.840675831 -0.032696191 0.540550709 4.199711800
0.502708673 -0.043813199 0.863344967 3.874709129 -0.006694745 0.998487592 0.054569650 0.119114637 -0.864429951 -0.033212513 0.501654983 4.410014153
0.465568542 -0.043422580 0.883945823 4.298052311 -0.009715579 0.998484612 0.054166261 0.137174368 -0.884958386 -0.033806153 0.464441180 4.608378410
0.428925872 -0.042572971 0.902335823 4.758138180 -0.010917463 0.998571515 0.052303068 0.159168005 -0.903273642 -0.032285362 0.427848399 4.800870419
0.395205677 -0.041094534 0.917672932 5.248825073 -0.009832673 0.998752356 0.048959903 0.181263745 -0.918540001 -0.028372411 0.394308537 4.983976364
0.365935445 -0.039387178 0.929806411 5.766575336 -0.007235514 0.998953402 0.045163900 0.203962475 -0.930612147 -0.023254700 0.365267396 5.160762787
0.340838075 -0.037600052 0.939369857 6.313699722 -0.005991520 0.999092698 0.042164512 0.226662248 -0.940102994 -0.019999521 0.340303540 5.334200382
0.320335060 -0.037289161 0.946570098 6.889270782 -0.004659070 0.999150813 0.040937237 0.248587728 -0.947292864 -0.017523767 0.319889337 5.517653465
0.305580437 -0.037654966 0.951421440 7.495112419 -0.003633358 0.999164343 0.040711485 0.273094445 -0.952159345 -0.015897488 0.305188298 5.708470345
0.294165254 -0.038850181 0.954964638 8.124947548 -0.003187726 0.999127984 0.041628797 0.295715928 -0.955749273 -0.015289914 0.293784916 5.893647194
0.283098221 -0.040367913 0.958240986 8.781946182 -0.004487857 0.999047160 0.043412827 0.325764358 -0.959080458 -0.016590547 0.282647312 6.087180138
0.272573054 -0.042049911 0.961215854 9.459205627 -0.005922553 0.998952210 0.045380224 0.353433013 -0.962116838 -0.018062279 0.272038430 6.279135227
0.262810260 -0.044028435 0.963842452 10.159874916 -0.006793329 0.998849094 0.047479875 0.374462008 -0.964823604 -0.019025898 0.262208700 6.461405277
0.252564937 -0.046151061 0.966478705 10.879294395 -0.007658953 0.998735130 0.049692839 0.401085019 -0.967549622 -0.019952886 0.251892060 6.648510933
0.241710246 -0.047538705 0.969183266 11.623596191 -0.007836934 0.998670995 0.050939582 0.433018863 -0.970316768 -0.019908041 0.241016448 6.838256359
0.231960148 -0.048995916 0.971490562 12.376969337 -0.007691747 0.998607039 0.052200034 0.463008165 -0.972694874 -0.019580787 0.231260166 7.008684158
0.221401587 -0.051659659 0.973813415 13.163036346 -0.009513737 0.998433948 0.055128742 0.496461213 -0.975136340 -0.021470198 0.220563367 7.185091972
0.209966466 -0.054838151 0.976169467 13.950267792 -0.011172333 0.998226047 0.058480300 0.537396312 -0.977644801 -0.023184992 0.208981320 7.357244492
0.198105678 -0.058716688 0.978420377 14.736577988 -0.011244960 0.998002350 0.062168658 0.574135065 -0.980116129 -0.023318266 0.197049633 7.510121346
0.184850782 -0.060674276 0.980891764 15.535234451 -0.012321785 0.997870803 0.064046599 0.613525271 -0.982689440 -0.023925403 0.183709562 7.662002563
0.170625463 -0.061421700 0.983419716 16.359842300 -0.013707591 0.997810662 0.064698815 0.648438692 -0.985240579 -0.024519581 0.169409961 7.809904099
0.156198725 -0.060243454 0.985886753 17.174272537 -0.015058810 0.997876883 0.063361973 0.688177407 -0.987610877 -0.024743341 0.154959887 7.937366486
0.140306979 -0.059283383 0.988331556 17.994081497 -0.015773734 0.997945309 0.062099338 0.724494040 -0.989982367 -0.024302650 0.139083549 8.042097092
0.120253667 -0.058302555 0.991029620 18.829107285 -0.018554904 0.997967541 0.060962204 0.752245128 -0.992569745 -0.025719391 0.118927479 8.137447357
0.093474269 -0.056486156 0.994018018 19.636240005 -0.022916703 0.998002648 0.058867596 0.791717231 -0.995357931 -0.028282220 0.091993086 8.229074478
0.063000642 -0.055907022 0.996446311 20.476099014 -0.026798863 0.997974932 0.057687148 0.828036249 -0.997653663 -0.030337954 0.061374821 8.277780533
0.030246317 -0.055783160 0.997984648 21.319051743 -0.029217012 0.997965515 0.056667574 0.859506369 -0.999115348 -0.030872120 0.028554961 8.290827751
-0.004282624 -0.055008084 0.998476744 22.159914017 -0.030932575 0.998015344 0.054849997 0.889407396 -0.999512255 -0.030650554 -0.005975664 8.281764984
-0.038921408 -0.053865969 0.997789264 23.006870270 -0.031992484 0.998101175 0.052634854 0.920299172 -0.998729944 -0.029873140 -0.040570833 8.248073578
-0.071733303 -0.052072994 0.996063590 23.843822479 -0.034077086 0.998181224 0.049729571 0.942660451 -0.996841550 -0.030375682 -0.073377326 8.186019897
-0.104645386 -0.049262878 0.993288815 24.694232941 -0.036261775 0.998297334 0.045691010 0.967419684 -0.993848264 -0.031237062 -0.106253572 8.096018791
-0.137073889 -0.044839114 0.989545465 25.533630371 -0.033006426 0.998627007 0.040678501 0.984369278 -0.990010679 -0.027085396 -0.138365656 7.967450142
-0.168317556 -0.038501482 0.984980702 26.360361099 -0.027737904 0.999026239 0.034310535 1.002259135 -0.985342503 -0.021546233 -0.169221610 7.805607319
-0.198247433 -0.031990573 0.979629815 27.173900604 -0.021389464 0.999370337 0.028306639 1.014530659 -0.979918540 -0.015342039 -0.198806897 7.624696732
-0.227080017 -0.026428694 0.973517478 28.000797272 -0.015348268 0.999604642 0.023556806 1.020227790 -0.973755181 -0.009592529 -0.227395892 7.412507057
-0.254547745 -0.020176753 0.966849744 28.818447113 -0.006471797 0.999795377 0.019160420 1.022911549 -0.967038512 -0.001380015 -0.254626274 7.172126293
-0.280714691 -0.010065587 0.959738374 29.600177765 -0.000167005 0.999945521 0.010438425 1.007989407 -0.959791183 0.002769939 -0.280701131 6.925868988
-0.306309164 0.005705669 0.951914907 30.389869690 0.004773815 0.999978721 -0.004457627 0.994714975 -0.951920152 0.003178853 -0.306329846 6.659801483
-0.330844611 0.022519451 0.943416476 31.166730881 0.004708746 0.999742150 -0.022212652 0.972246170 -0.943673491 -0.002906627 -0.330865324 6.378141403
-0.356170624 0.037568260 0.933665454 31.935726166 0.005186572 0.999255538 -0.038228884 0.942441463 -0.934406519 -0.008773486 -0.356100380 6.078994751
-0.380547345 0.047867730 0.923521757 32.694610596 0.008937995 0.998803079 -0.048086688 0.897598028 -0.924718201 -0.010044834 -0.380519778 5.753966331
-0.403713942 0.052102190 0.913400590 33.447612762 0.011854303 0.998591125 -0.051722161 0.846117258 -0.914808393 -0.010053230 -0.403762817 5.414410591
-0.426577985 0.051746588 0.902969241 34.200366974 0.015667612 0.998634994 -0.049827270 0.789705992 -0.904315114 -0.007107843 -0.426806331 5.052335739
-0.446324348 0.047461811 0.893611729 34.936511993 0.019437645 0.998871088 -0.043344036 0.732519746 -0.894660115 -0.001975791 -0.446742982 4.663685799
-0.464424908 0.046510674 0.884390295 35.664730072 0.027514569 0.998895705 -0.038083714 0.682277799 -0.885184944 0.006646596 -0.465191722 4.268159866
-0.477681279 0.046578772 0.877297521 36.371944427 0.029220980 0.998883307 -0.037123606 0.634317040 -0.878047049 0.007902242 -0.478508919 3.871009827
-0.488561273 0.050932080 0.871041834 37.068805695 0.033283290 0.998656154 -0.039725646 0.589378476 -0.871894598 0.009582722 -0.489599913 3.465507507
-0.498607308 0.053178009 0.865195274 37.758712769 0.033528563 0.998552620 -0.042052310 0.544525146 -0.866179287 0.008041165 -0.499668688 3.065505981
-0.509399116 0.052540988 0.858924925 38.446216583 0.027693039 0.998618245 -0.044662319 0.493055940 -0.860084713 0.001035292 -0.510150313 2.664743423
-0.520625830 0.050983157 0.852261364 39.144824982 0.026860541 0.998699486 -0.043334782 0.442876577 -0.853362322 0.000330989 -0.521318197 2.245738983
-0.529095232 0.052213352 0.846954584 39.820098877 0.028872391 0.998634934 -0.043527521 0.397532582 -0.848071158 0.001423394 -0.529880524 1.812662125
-0.536357999 0.055392805 0.842170775 40.498802185 0.031943765 0.998461306 -0.045328423 0.350081563 -0.843385816 0.002589838 -0.537302196 1.376142502
-0.539661288 0.058210932 0.839867353 41.192276001 0.033393677 0.998301685 -0.047734678 0.301752925 -0.841219664 0.002285701 -0.540688634 0.925386429
-0.539294779 0.060491055 0.839941621 41.892417908 0.033123937 0.998168468 -0.050618649 0.254024148 -0.841465354 0.000523804 -0.540310800 0.475452423
-0.535834491 0.060657941 0.842141330 42.619491577 0.034885582 0.998154819 -0.049698446 0.206804752 -0.843601942 0.002748447 -0.536961913 0.008859634
-0.530227602 0.059490088 0.845765650 43.354499817 0.033588577 0.998226166 -0.049156602 0.147023320 -0.847189724 0.002343884 -0.531285226 -0.443458557
-0.523338914 0.057933129 0.850153029 44.100494385 0.031214213 0.998319983 -0.048814967 0.096684694 -0.851552725 0.000990082 -0.524268031 -0.888952255
-0.516094863 0.057494834 0.854599595 44.872058868 0.029649349 0.998345852 -0.049260326 0.044575691 -0.856018066 -0.000084678 -0.516945899 -1.350299835
-0.510284781 0.055983517 0.858181417 45.663978577 0.026482010 0.998428583 -0.049386043 -0.009065151 -0.859597623 -0.002474574 -0.510965526 -1.805004120
-0.505558372 0.053758644 0.861115932 46.475921631 0.022300100 0.998537719 -0.049245443 -0.064669251 -0.862504184 -0.005693469 -0.506017864 -2.281312943
-0.504120052 0.050992202 0.862126887 47.301589966 0.018022370 0.998659253 -0.048529271 -0.119119406 -0.863445520 -0.008927010 -0.504363120 -2.754055023
-0.504713714 0.048497763 0.861923456 48.137588501 0.015303984 0.998766541 -0.047235996 -0.180008054 -0.863151133 -0.010649790 -0.504833400 -3.229349136
-0.505734026 0.047408212 0.861385882 48.981189728 0.014278191 0.998812139 -0.046588801 -0.238816381 -0.862571359 -0.011262509 -0.505810142 -3.715839386
-0.506013870 0.046629932 0.861263931 49.851524353 0.013759049 0.998847008 -0.045995060 -0.292809963 -0.862415552 -0.011423966 -0.506071985 -4.227962494
-0.506230056 0.046260335 0.861156762 50.720130920 0.013958433 0.998868942 -0.045452625 -0.349704027 -0.862285495 -0.010989086 -0.506303191 -4.734947205
-0.506438255 0.045186803 0.861091435 51.597213745 0.013735542 0.998921990 -0.044341270 -0.407082915 -0.862166822 -0.010628559 -0.506512940 -5.242799759
-0.506264269 0.044991806 0.861204088 52.483749390 0.013920450 0.998934388 -0.044004031 -0.467604160 -0.862266064 -0.010289317 -0.506351113 -5.763540268
-0.506659031 0.043496057 0.861048639 53.381618500 0.011679400 0.998981237 -0.043591347 -0.524080157 -0.862067461 -0.012029419 -0.506650805 -6.285079956
-0.506765425 0.042590372 0.861031294 54.257648468 0.010691407 0.999012589 -0.043123025 -0.584106326 -0.862017691 -0.012647629 -0.506720364 -6.788038254
-0.506405354 0.041778892 0.861282945 55.150177002 0.009796461 0.999039829 -0.042701188 -0.648071527 -0.862239897 -0.013186587 -0.506328404 -7.303199768
-0.504852831 0.040394135 0.862259746 56.032623291 0.009515121 0.999104202 -0.041233763 -0.705917835 -0.863152981 -0.012612474 -0.504784942 -7.823978424
-0.502535343 0.038322911 0.863706946 56.920368195 0.009761136 0.999204814 -0.038655624 -0.765401363 -0.864501595 -0.010995056 -0.502509773 -8.339771271
-0.500325620 0.036783047 0.865055621 57.800468445 0.010160408 0.999277949 -0.036613796 -0.825911522 -0.865777671 -0.009529502 -0.500338078 -8.840303421
-0.497919321 0.036604740 0.866450489 58.687309265 0.010291781 0.999287784 -0.036302365 -0.880077362 -0.867162287 -0.009158332 -0.497941494 -9.344600677
-0.495903164 0.036523778 0.867609501 59.573333740 0.010396968 0.999293149 -0.036124639 -0.939807892 -0.868315578 -0.008893812 -0.495932400 -9.846324921
-0.494796336 0.037542459 0.868197680 60.455329895 0.010715958 0.999253929 -0.037102427 -0.992002845 -0.868942916 -0.009054571 -0.494829476 -10.351156235
-0.495735615 0.039008562 0.867596924 61.329746246 0.010374147 0.999185443 -0.038997315 -1.049364686 -0.868411481 -0.010331776 -0.495736480 -10.844354630
-0.498810202 0.040667415 0.865756691 62.204593658 0.008649722 0.999082386 -0.041946582 -1.108055592 -0.866668046 -0.013434829 -0.498704284 -11.338430405
-0.503069937 0.041291904 0.863258839 63.079086304 0.007541716 0.999029696 -0.043391202 -1.165090203 -0.864212811 -0.015318356 -0.502893269 -11.848430634
-0.508628249 0.039937198 0.860059559 63.942436218 0.009096645 0.999117136 -0.041014750 -1.224921107 -0.860938132 -0.013037606 -0.508542538 -12.355363846
-0.513865590 0.037522234 0.857049704 64.796279907 0.010256955 0.999240220 -0.037597630 -1.284199715 -0.857809365 -0.010529405 -0.513860047 -12.869337082
-0.519385099 0.035073444 0.853820264 65.665077209 0.007607028 0.999307513 -0.036422394 -1.341210604 -0.854506433 -0.012422213 -0.519292235 -13.382280350
-0.524555564 0.038252559 0.850516498 66.509140015 0.010107340 0.999199569 -0.038705979 -1.400181770 -0.851316273 -0.011706979 -0.524522305 -13.898956299
-0.529570282 0.040051822 0.847320020 67.350425720 0.009970468 0.999109566 -0.040995259 -1.449091911 -0.848207474 -0.013261691 -0.529498041 -14.418436050
-0.534535587 0.040941529 0.844153821 68.176132202 0.008727338 0.999040067 -0.042927202 -1.506028771 -0.845100999 -0.015578900 -0.534379780 -14.928735733
-0.537777007 0.041232303 0.842078328 68.982177734 0.007843846 0.999004781 -0.043906875 -1.565702200 -0.843050599 -0.017006975 -0.537565172 -15.450693130
-0.541152716 0.041025531 0.839923024 69.796173096 0.009351843 0.999041021 -0.042772271 -1.621811628 -0.840872347 -0.015291501 -0.541017413 -15.971595764
-0.543065727 0.033947811 0.839003682 70.619766235 0.009654933 0.999368906 -0.034187123 -1.670625448 -0.839634657 -0.010465334 -0.543050826 -16.508403778
-0.545641661 0.024213810 0.837668717 71.433311462 0.007800109 0.999685884 -0.023816267 -1.729291916 -0.837982297 -0.006461239 -0.545659184 -17.032777786
-0.547501624 0.023077164 0.836486340 72.249320984 0.008930489 0.999723852 -0.021735366 -1.769582510 -0.836756945 -0.004429916 -0.547556579 -17.560102463
-0.548104823 0.027807005 0.835947335 73.037513733 0.009483798 0.999589562 -0.027032178 -1.814738035 -0.836355984 -0.006888511 -0.548143566 -18.078010559
-0.549981773 0.033748358 0.834494412 73.838279724 0.010753502 0.999386609 -0.033329669 -1.859194994 -0.835107327 -0.009356975 -0.550007284 -18.589963913
-0.549600005 0.037660826 0.834578574 74.617111206 0.016764384 0.999279380 -0.034053084 -1.905882597 -0.835259736 -0.004724384 -0.549835265 -19.126314163
-0.549325824 0.039128430 0.834691644 75.408279419 0.020416303 0.999233365 -0.033405419 -1.955892086 -0.835358799 -0.001309142 -0.549703538 -19.658956528
-0.549141526 0.035800040 0.834962249 76.210601807 0.018672161 0.999358237 -0.030568339 -1.997114539 -0.835520864 -0.001195792 -0.549457490 -20.175754547
-0.548339963 0.030930061 0.835683346 77.004028320 0.017113563 0.999521554 -0.025764797 -2.035968542 -0.836080432 0.000173656 -0.548606932 -20.698257446
-0.548271716 0.023683455 0.835964859 77.807037354 0.013943801 0.999718845 -0.019177612 -2.081373692 -0.836184025 0.001141987 -0.548447788 -21.200248718
-0.548138618 0.018235400 0.836188674 78.608451843 0.005423898 0.999818802 -0.018248331 -2.114981651 -0.836369872 -0.005467213 -0.548138201 -21.696641922
-0.546386838 0.013238997 0.837428331 79.401626587 -0.001627272 0.999856412 -0.016868565 -2.147756815 -0.837531328 -0.010579486 -0.546286821 -22.199592590
-0.544672310 0.013783251 0.838535786 80.194396973 0.000826034 0.999873161 -0.015898651 -2.178788185 -0.838648617 -0.007966892 -0.544614613 -22.705358505
-0.541048884 0.017171722 0.840815663 80.990196228 0.005792534 0.999843836 -0.016692121 -2.215843439 -0.840971112 -0.004160800 -0.541064084 -23.233613968
-0.535598576 0.020507056 0.844223499 81.780441284 0.007585599 0.999781609 -0.019473204 -2.241985321 -0.844438553 -0.004025881 -0.535637200 -23.735855103
-0.528007448 0.022525782 0.848940969 82.570274353 0.012651796 0.999745846 -0.018658325 -2.277426004 -0.849145472 0.000888892 -0.528158307 -24.226768494
-0.519616187 0.026189925 0.853998244 83.372680664 0.019625999 0.999632180 -0.018714681 -2.310305595 -0.854174316 0.007036120 -0.519939065 -24.729917526
-0.509859324 0.025574701 0.859877408 84.172233582 0.017549703 0.999659181 -0.019326130 -2.340380907 -0.860078752 0.005236987 -0.510134339 -25.195137024
-0.499078512 0.023310589 0.866243243 84.981079102 0.015360545 0.999719024 -0.018052576 -2.369784832 -0.866420627 0.004296314 -0.499296278 -25.650897980
-0.487435758 0.019979082 0.872930288 85.787986755 0.015824929 0.999776065 -0.014045765 -2.404609680 -0.873015404 0.006967650 -0.487642765 -26.095199585
-0.476836473 0.018885316 0.878789067 86.601425171 0.014623205 0.999801219 -0.013551242 -2.433162212 -0.878870368 0.006388987 -0.477017850 -26.527797699
-0.465116024 0.018432800 0.885057747 87.420989990 0.015295910 0.999801338 -0.012784209 -2.455719471 -0.885117531 0.007591624 -0.465305507 -26.951072693
-0.453360319 0.019351721 0.891117215 88.237861633 0.016243057 0.999777675 -0.013447681 -2.485023975 -0.891179323 0.008377825 -0.453573883 -27.358413696
-0.441082150 0.022636913 0.897181213 89.069862366 0.015440418 0.999725282 -0.017633224 -2.524681568 -0.897333920 0.006075153 -0.441310495 -27.767013550
-0.429643273 0.031912263 0.902434647 89.887405396 0.017954089 0.999479592 -0.026796188 -2.556918144 -0.902820110 0.004689591 -0.429992706 -28.152313232
-0.417029619 0.036420718 0.908162951 90.713630676 0.017429497 0.999333501 -0.032073356 -2.591559410 -0.908725679 0.002453279 -0.417386562 -28.524902344
-0.405514657 0.033079568 0.913489878 91.547889709 0.016195789 0.999448180 -0.029002711 -2.635159969 -0.913945019 0.003033667 -0.405826628 -28.887168884
-0.394067794 0.029035177 0.918622673 92.396400452 0.013555622 0.999575675 -0.025778838 -2.675602436 -0.918981373 0.002293892 -0.394294232 -29.243934631
-0.383851647 0.029532086 0.922922373 93.242851257 0.010299622 0.999563217 -0.027700769 -2.716992617 -0.923337340 -0.001127233 -0.383988202 -29.595920563
-0.376974583 0.033919804 0.925602317 94.080764771 0.005232027 0.999391317 -0.034493014 -2.762387037 -0.926208854 -0.008160214 -0.376922637 -29.923479080
-0.372498930 0.038944785 0.927215040 94.925682068 -0.000695550 0.999107122 -0.042243816 -2.804369926 -0.928032458 -0.016380699 -0.372139245 -30.244272232
-0.368695140 0.040982917 0.928646445 95.775405884 -0.003190489 0.998965919 -0.045352951 -2.858621597 -0.929544926 -0.019684248 -0.368183106 -30.578720093
-0.364673734 0.040757764 0.930242956 96.614448547 -0.004331622 0.998956442 -0.045466475 -2.914029121 -0.931125283 -0.020609893 -0.364116669 -30.903556824
-0.360504657 0.040680207 0.931869924 97.444648743 -0.005835785 0.998930514 -0.045865346 -2.966141224 -0.932739139 -0.021972861 -0.359881729 -31.207229614
-0.354531467 0.036568355 0.934328735 98.294944763 -0.008545091 0.999066532 -0.042344544 -3.017707348 -0.935004950 -0.022996400 -0.353888065 -31.527397156
-0.349041551 0.032658424 0.936537981 99.148277283 -0.008194790 0.999247909 -0.037899360 -3.073439598 -0.937071323 -0.020903189 -0.348511457 -31.839740753
-0.343336582 0.029662745 0.938743889 99.989379883 -0.010471756 0.999318242 -0.035406727 -3.121999502 -0.939153969 -0.021986727 -0.342791855 -32.137763977
-0.337906539 0.027681207 0.940772533 100.849899292 -0.018937711 0.999165177 -0.036201384 -3.172991753 -0.940989077 -0.030048762 -0.337100238 -32.424934387
-0.331652611 0.027853437 0.942990243 101.699440002 -0.024930671 0.998956203 -0.038274709 -3.222514153 -0.943072081 -0.036203284 -0.330612004 -32.707405090
-0.324952424 0.031862713 0.945193470 102.542007446 -0.022861639 0.998875618 -0.041532062 -3.274098635 -0.945453882 -0.035104617 -0.323858619 -32.990726471
-0.318200648 0.035278194 0.947366834 103.393005371 -0.021661591 0.998775959 -0.044468250 -3.321248293 -0.947775900 -0.034671295 -0.317046940 -33.270816803
-0.311594397 0.033336196 0.949630260 104.255058289 -0.022738347 0.998836637 -0.042524502 -3.372393847 -0.949943066 -0.034843415 -0.310473919 -33.544425964
-0.304329276 0.028567046 0.952138424 105.101585388 -0.024000561 0.999002934 -0.037644345 -3.420023918 -0.952264488 -0.034308139 -0.303340256 -33.813438416
-0.297351778 0.025855824 0.954417765 105.962509155 -0.024949420 0.999081492 -0.034838852 -3.471459389 -0.954441965 -0.034171574 -0.296433568 -34.073501587
-0.290857673 0.029153699 0.956322074 106.818031311 -0.026994454 0.998887658 -0.038661472 -3.515079975 -0.956385374 -0.037060373 -0.289747119 -34.323188782
-0.284603089 0.031805534 0.958117604 107.673347473 -0.026556699 0.998804271 -0.041044671 -3.566301346 -0.958277524 -0.037125882 -0.283418119 -34.570243835
-0.277842015 0.032381468 0.960080802 108.530342102 -0.028653348 0.998707712 -0.041976381 -3.614347696 -0.960199416 -0.039172336 -0.276555091 -34.806987762
-0.271022886 0.031815179 0.962046921 109.390472412 -0.028861178 0.998735607 -0.041159108 -3.667746067 -0.962140083 -0.038920868 -0.269762009 -35.043800354
-0.262546808 0.031557463 0.964403093 110.249443054 -0.024795143 0.998914361 -0.039436921 -3.719783306 -0.964600623 -0.034266550 -0.261479318 -35.281497955
-0.254885823 0.032740951 0.966416717 111.105979919 -0.021992402 0.998971760 -0.039644223 -3.769942045 -0.966720998 -0.031358570 -0.253903747 -35.507217407
-0.248291239 0.033322383 0.968112111 111.963035583 -0.020659558 0.998998702 -0.039684042 -3.817571163 -0.968465090 -0.029853966 -0.247354180 -35.721321106
-0.241787121 0.032125197 0.969797373 112.831718445 -0.026693013 0.998853385 -0.039742716 -3.865369081 -0.969962120 -0.035496093 -0.240652338 -35.919540405
-0.235954195 0.030305009 0.971291542 113.697616577 -0.031626824 0.998744607 -0.038844619 -3.911311150 -0.971249342 -0.039884422 -0.234699562 -36.119468689
-0.231458217 0.030504400 0.972366512 114.574180603 -0.029136438 0.998842537 -0.038270507 -3.958904743 -0.972408354 -0.037189316 -0.230301544 -36.322078705
-0.227215737 0.030313348 0.973372579 115.442337036 -0.027576230 0.998914361 -0.037545942 -4.013006210 -0.973453999 -0.035372976 -0.226133183 -36.513004303
-0.222071066 0.032314628 0.974494874 116.314460754 -0.026200691 0.998891890 -0.039094344 -4.056827545 -0.974678338 -0.034214158 -0.220978335 -36.714412689
-0.216043636 0.031312037 0.975881517 117.183860779 -0.020049574 0.999132633 -0.036496714 -4.103096008 -0.976177812 -0.027450886 -0.215228409 -36.909309387
-0.210782170 0.030340843 0.977062166 118.059509277 -0.013060848 0.999341547 -0.033850316 -4.145220280 -0.977445841 -0.019896299 -0.210247114 -37.104553223
-0.205620214 0.029749162 0.978179634 118.935073853 -0.011091370 0.999402881 -0.032726102 -4.192814827 -0.978568971 -0.017578503 -0.205167443 -37.288497925
-0.201483876 0.030995904 0.979001224 119.802597046 -0.013073703 0.999325037 -0.034330003 -4.237548351 -0.979404628 -0.019716112 -0.200942591 -37.460338593
-0.198194087 0.032395191 0.979627430 120.679992676 -0.015160995 0.999232769 -0.036110826 -4.282397270 -0.980045676 -0.022009075 -0.197550893 -37.628791809
-0.196310610 0.031966388 0.980020642 121.549964905 -0.017862659 0.999186039 -0.036169648 -4.326458931 -0.980379105 -0.024606261 -0.195579812 -37.793830872
-0.195620969 0.030673586 0.980199754 122.421981812 -0.018179862 0.999225557 -0.034897171 -4.371883392 -0.980511189 -0.024646509 -0.194911808 -37.956424713
-0.194537267 0.025937982 0.980552137 123.295143127 -0.017068628 0.999409437 -0.029823141 -4.416346073 -0.980746627 -0.022538396 -0.193979666 -38.129592896
-0.193789437 0.021205170 0.980813861 124.172126770 -0.018222284 0.999516010 -0.025209872 -4.458101273 -0.980873883 -0.022758076 -0.193309233 -38.296276093
-0.193073764 0.019424459 0.980992019 125.042182922 -0.017735185 0.999571562 -0.023282900 -4.496613503 -0.981023908 -0.021893390 -0.192646563 -38.461887360
-0.191675037 0.023685297 0.981172621 125.894042969 -0.018170755 0.999451816 -0.027676262 -4.540051937 -0.981290281 -0.023133496 -0.191139579 -38.626319885
-0.191910028 0.027450025 0.981028557 126.777427673 -0.017654179 0.999350369 -0.031416222 -4.579777718 -0.981253684 -0.023348341 -0.191300765 -38.793415070
-0.191738918 0.026837530 0.981078982 127.599822998 -0.020730693 0.999292254 -0.031387299 -4.615128517 -0.981226981 -0.026356619 -0.191046894 -38.946525574
-0.191485554 0.025720304 0.981158376 128.451751709 -0.022622360 0.999275386 -0.030610269 -4.660853863 -0.981234729 -0.028057544 -0.190764934 -39.102252960
-0.190631479 0.026758827 0.981296897 129.291824341 -0.018108048 0.999362528 -0.030769208 -4.702736855 -0.981494606 -0.023634952 -0.190025389 -39.268253326
-0.189279884 0.029154181 0.981490254 130.147918701 -0.020083949 0.999235034 -0.033554450 -4.743786812 -0.981717765 -0.026063384 -0.188549533 -39.439304352
-0.189942554 0.030055614 0.981335044 130.985977173 -0.028702969 0.998934090 -0.036150232 -4.787034035 -0.981375515 -0.035033699 -0.188877434 -39.580883026
-0.189485356 0.031268217 0.981385589 131.819580078 -0.034384836 0.998668373 -0.038457878 -4.836616516 -0.981281340 -0.041031986 -0.188157901 -39.724449158
-0.188763738 0.035263788 0.981389165 132.653060913 -0.030487064 0.998662889 -0.041748453 -4.883382797 -0.981549323 -0.037800271 -0.187436238 -39.887035370
-0.188043386 0.036155440 0.981494963 133.478744507 -0.029128974 0.998677313 -0.042369168 -4.934029579 -0.981728733 -0.036557190 -0.186741516 -40.042442322
-0.186258331 0.037529081 0.981783807 134.297882080 -0.030020699 0.998586357 -0.043866709 -4.981068611 -0.982042015 -0.037644383 -0.184868351 -40.194141388
-0.184156850 0.036669485 0.982212722 135.116989136 -0.020914506 0.998931289 -0.041214962 -5.030896187 -0.982674420 -0.028132508 -0.183193147 -40.354045868
-0.180801019 0.033887185 0.982935667 135.933364868 -0.015781587 0.999177635 -0.037349992 -5.076392651 -0.983393073 -0.022265205 -0.180117488 -40.510742188
-0.178828835 0.028795872 0.983458638 136.746551514 -0.012036941 0.999432743 -0.031452350 -5.123706818 -0.983806551 -0.017462423 -0.178380743 -40.659702301
-0.175266713 0.028449284 0.984109819 137.556121826 -0.010478505 0.999471903 -0.030759566 -5.163259506 -0.984465241 -0.015703127 -0.174876034 -40.802074432
-0.170186043 0.033553343 0.984840631 138.356353760 -0.009173261 0.999322891 -0.035631947 -5.208897591 -0.985369325 -0.015098259 -0.169763014 -40.941368103
-0.163503304 0.036358763 0.985872507 139.155899048 -0.008187572 0.999236226 -0.038209487 -5.252833366 -0.986508906 -0.014319279 -0.163080737 -41.070510864
-0.155422509 0.037296966 0.987143695 139.954528809 -0.008263917 0.999202907 -0.039053723 -5.289514542 -0.987813532 -0.014227501 -0.154990435 -41.189476013
-0.145824775 0.032908179 0.988762975 140.752624512 -0.006836378 0.999389112 -0.034270089 -5.331440926 -0.989286840 -0.011756984 -0.145510733 -41.303714752
-0.133860856 0.031263124 0.990506947 141.545715332 -0.003472778 0.999481320 -0.032015711 -5.375479698 -0.990994036 -0.007725462 -0.133682892 -41.409896851
-0.119833760 0.033988778 0.992211998 142.337875366 0.001345327 0.999418378 -0.034073159 -5.415110588 -0.992793083 -0.002748264 -0.119809784 -41.508354187
-0.105627902 0.035230119 0.993781507 143.124572754 0.000745461 0.999374747 -0.035349172 -5.453146458 -0.994405448 -0.002993033 -0.105588131 -41.587322235
-0.091746300 0.035229541 0.995158970 143.912261963 0.001661870 0.999377966 -0.035225693 -5.493087292 -0.995781004 -0.001578001 -0.091747776 -41.656753540
-0.078263447 0.036869820 0.996250570 144.694366455 0.002415573 0.999319971 -0.036793645 -5.536285400 -0.996929824 -0.000473081 -0.078299269 -41.712833405
-0.064484686 0.043137297 0.996985853 145.465194702 -0.000437913 0.999063909 -0.043255538 -5.586077690 -0.997918606 -0.003225912 -0.064405426 -41.754058838
-0.051732879 0.052555390 0.997277081 146.229202271 -0.007455516 0.998566091 -0.053010069 -5.630762100 -0.998633027 -0.010177581 -0.051266890 -41.777839661
-0.038134679 0.060217343 0.997456551 146.992446899 -0.011621949 0.998088419 -0.060699817 -5.681201935 -0.999204993 -0.013907158 -0.037361939 -41.792350769
-0.025067382 0.061010335 0.997822404 147.757034302 -0.012332524 0.998041153 -0.061333541 -5.732665062 -0.999609709 -0.013843139 -0.024265867 -41.802944183
-0.012920132 0.057356223 0.998270154 148.531875610 -0.016209878 0.998210430 -0.057562578 -5.786647797 -0.999785125 -0.016925557 -0.011967270 -41.805240631
-0.002401484 0.054681428 0.998501003 149.295883179 -0.020075692 0.998299956 -0.054718710 -5.846739769 -0.999795616 -0.020177001 -0.001299635 -41.792034149
0.006291279 0.061298087 0.998099625 150.053100586 -0.024525121 0.997828662 -0.061126851 -5.906831741 -0.999679446 -0.024093954 0.007780962 -41.773323059
0.013165779 0.069300666 0.997509003 150.799163818 -0.027663639 0.997238874 -0.068916775 -5.961536407 -0.999530613 -0.026687387 0.015046535 -41.754138947
0.016188491 0.072030939 0.997271121 151.552947998 -0.030483633 0.996973634 -0.071514629 -6.018163204 -0.999404192 -0.029242733 0.018335262 -41.734958649
0.015983220 0.067564808 0.997586906 152.307128906 -0.032842286 0.997211397 -0.067013189 -6.078066349 -0.999332786 -0.031691950 0.018157633 -41.714115143
0.014380551 0.063046061 0.997906923 153.064529419 -0.034672908 0.997441411 -0.062516980 -6.146187305 -0.999295235 -0.033701312 0.016529750 -41.698608398
0.011383974 0.060204271 0.998121202 153.813491821 -0.033110097 0.997661173 -0.059798900 -6.201485634 -0.999386847 -0.032367133 0.013350720 -41.687866211
0.008672043 0.060612619 0.998123765 154.558273315 -0.031701133 0.997676134 -0.060310025 -6.252402306 -0.999459743 -0.031118650 0.010573381 -41.678623199
0.004886265 0.060739771 0.998141587 155.303878784 -0.030333765 0.997703254 -0.060564592 -6.309447289 -0.999527872 -0.029981459 0.006717509 -41.675548553
0.000082402 0.059396774 0.998234332 156.043716431 -0.031207241 0.997748375 -0.059365276 -6.365324974 -0.999512911 -0.031147251 0.001935827 -41.668674469
-0.005506068 0.059835739 0.998193026 156.779876709 -0.031861514 0.997690976 -0.059981383 -6.414824486 -0.999477088 -0.032134201 -0.003586898 -41.665294647
-0.011034775 0.058079619 0.998250961 157.530303955 -0.033596944 0.997726560 -0.058420498 -6.468455791 -0.999374568 -0.034182839 -0.009058388 -41.676940918
-0.016527764 0.055429336 0.998325884 158.267410278 -0.031495225 0.997937858 -0.055929217 -6.525824070 -0.999367237 -0.032366879 -0.014747923 -41.691848755
-0.022416718 0.055578370 0.998202622 159.007873535 -0.032663412 0.997879803 -0.056293912 -6.577269554 -0.999215066 -0.033866625 -0.020553816 -41.700798035
-0.027522352 0.056800645 0.998006105 159.733322144 -0.034095723 0.997750044 -0.057726342 -6.628553867 -0.999039590 -0.035616502 -0.025523772 -41.715568542
-0.030770630 0.058811687 0.997794747 160.475799561 -0.032990132 0.997663796 -0.059821341 -6.690012932 -0.998981893 -0.034758110 -0.028758535 -41.745555878
-0.033367626 0.060892928 0.997586370 161.193725586 -0.032826338 0.997536898 -0.061987896 -6.745894432 -0.998903871 -0.034815494 -0.031286549 -41.768459320
-0.034376703 0.062591471 0.997447073 161.913299561 -0.029747168 0.997530520 -0.063621953 -6.799693108 -0.998966157 -0.031858329 -0.032429893 -41.799655914
-0.034300957 0.061567359 0.997513294 162.637130737 -0.027259445 0.997671664 -0.062514491 -6.850014687 -0.999039710 -0.029335966 -0.032542799 -41.818664551
-0.029654149 0.057233855 0.997920215 163.361679077 -0.023423422 0.998045385 -0.057937078 -6.911250114 -0.999285698 -0.025092784 -0.028255578 -41.849311829
-0.021915231 0.056933541 0.998137414 164.063751221 -0.022615628 0.998093426 -0.057427589 -6.967604160 -0.999504030 -0.023832040 -0.020585861 -41.863105774
-0.011018075 0.058008254 0.998255312 164.757644653 -0.020144630 0.998100400 -0.058221597 -7.017814636 -0.999736369 -0.020750973 -0.009828588 -41.861240387
0.003164927 0.058004331 0.998311281 165.450424194 -0.018287700 0.998152673 -0.057937138 -7.069198132 -0.999827802 -0.018073449 0.004219849 -41.853256226
0.018587574 0.055538338 0.998283625 166.123092651 -0.018462664 0.998304844 -0.055195756 -7.119126797 -0.999656677 -0.017405016 0.019581456 -41.835346222
0.034427971 0.050726678 0.998118997 166.805908203 -0.023608908 0.998473585 -0.049930364 -7.165879250 -0.999128282 -0.021845495 0.035573024 -41.792663574
0.051024564 0.043757979 0.997738302 167.491012573 -0.024483148 0.998794198 -0.042552210 -7.211817741 -0.998397171 -0.022256564 0.052034371 -41.746742249
0.068287782 0.037019800 0.996978521 168.171859741 -0.024925735 0.999062717 -0.035389908 -7.245240688 -0.997354209 -0.022433726 0.069146521 -41.693607330
0.086051278 0.029697355 0.995847940 168.843597412 -0.025289949 0.999298751 -0.027614953 -7.278756618 -0.995969713 -0.022808643 0.086741962 -41.626335144
0.102830365 0.024140865 0.994405866 169.504623413 -0.027169488 0.999400616 -0.021452550 -7.309911728 -0.994327843 -0.024811521 0.103424624 -41.542076111
0.120663941 0.021438912 0.992461801 170.144744873 -0.028672108 0.999424875 -0.018103357 -7.342012405 -0.992279172 -0.026271552 0.121209264 -41.451454163
0.138362035 0.020104416 0.990177572 170.788452148 -0.027298314 0.999491513 -0.016479006 -7.365042686 -0.990005314 -0.024750112 0.138840497 -41.350643158
0.155799210 0.019557036 0.987595141 171.431076050 -0.028124936 0.999486446 -0.015355639 -7.384255409 -0.987388253 -0.025383649 0.156269237 -41.235282898
0.171847001 0.018820286 0.984943867 172.045516968 -0.033940334 0.999336958 -0.013173608 -7.405940533 -0.984538794 -0.031165477 0.172371835 -41.113403320
0.186695606 0.015187382 0.982300401 172.673492432 -0.035999965 0.999314666 -0.008608302 -7.425234795 -0.981757998 -0.033755649 0.187114418 -40.980918884
0.198348299 0.011451638 0.980064631 173.294876099 -0.032438394 0.999460578 -0.005113297 -7.441195965 -0.979594648 -0.030777516 0.198612779 -40.848304749
0.209146187 0.010302518 0.977830052 173.910614014 -0.030475479 0.999527514 -0.004012783 -7.456321716 -0.977409303 -0.028960586 0.209361345 -40.711639404
0.219211102 0.014274823 0.975572944 174.511672974 -0.035243336 0.999356270 -0.006703650 -7.474310875 -0.975040674 -0.032912944 0.219573081 -40.565254211
0.228252441 0.021257307 0.973369837 175.102767944 -0.039108835 0.999154925 -0.012649511 -7.492924690 -0.972816169 -0.035180088 0.228890911 -40.411010742
0.237246081 0.031103263 0.970951557 175.684844971 -0.038820326 0.998992443 -0.022516016 -7.511186600 -0.970673680 -0.032350816 0.238214478 -40.263469696
0.245422512 0.036392357 0.968732893 176.276016235 -0.033447016 0.999018013 -0.029056486 -7.535158157 -0.968839049 -0.025270106 0.246398732 -40.115249634
0.251610935 0.034540638 0.967212021 176.877624512 -0.033396821 0.999077678 -0.026990756 -7.554121017 -0.967252076 -0.025510633 0.252532423 -39.950237274
0.257375985 0.027372859 0.965923607 177.481201172 -0.036335144 0.999166012 -0.018633192 -7.567984581 -0.965627968 -0.030301236 0.258155942 -39.775917053
0.261867762 0.016928889 0.964955270 178.093032837 -0.040181775 0.999170423 -0.006624690 -7.588897705 -0.964266896 -0.037038829 0.262330770 -39.599720001
0.263985068 0.008843593 0.964486182 178.698486328 -0.040220775 0.999189079 0.001846851 -7.608876228 -0.963687778 -0.039279919 0.264126748 -39.429859161
0.264904529 0.007951556 0.964241862 179.301376343 -0.037259709 0.999303579 0.001995604 -7.625107765 -0.963554502 -0.036456015 0.265016317 -39.262035370
0.265993476 0.009909304 0.963923812 179.899841309 -0.033512730 0.999437749 -0.001026598 -7.634768963 -0.963392138 -0.032030657 0.266176045 -39.095016479
0.267880857 0.008955875 0.963410556 180.511245728 -0.028760832 0.999585450 -0.001295074 -7.645092964 -0.963022649 -0.027361559 0.268027425 -38.932361603
0.269377500 0.006668868 0.963011563 181.119216919 -0.030947423 0.999519527 0.001735052 -7.649514198 -0.962537169 -0.030270111 0.269454420 -38.752304077
0.271731496 0.003372653 0.962367177 181.728820801 -0.031412955 0.999492049 0.005366920 -7.654632092 -0.961860180 -0.031689160 0.271699429 -38.568180084
0.275020510 -0.001653578 0.961436987 182.343887329 -0.031036150 0.999462068 0.010596917 -7.664695740 -0.960937262 -0.032753669 0.274821281 -38.390617371
0.280241072 -0.004376926 0.959919691 182.970413208 -0.029102329 0.999491274 0.013053559 -7.663769245 -0.959488332 -0.031594045 0.279971123 -38.219921112
0.286187530 -0.007053631 0.958147645 183.571105957 -0.027228609 0.999509215 0.015490992 -7.668633461 -0.957786679 -0.030522354 0.285854995 -38.036838531
0.293934435 -0.010230416 0.955770850 184.191955566 -0.025817616 0.999492943 0.018638268 -7.668739796 -0.955476761 -0.030154157 0.293521225 -37.839794159
0.303540647 -0.011799178 0.952745438 184.809463501 -0.023368975 0.999530375 0.019823838 -7.666154861 -0.952531874 -0.028282028 0.303122342 -37.637729645
0.314679176 -0.009661976 0.949148953 185.419433594 -0.024985986 0.999517322 0.018458517 -7.671149254 -0.948869169 -0.029523935 0.314285815 -37.427314758
0.326078892 -0.005936553 0.945323944 186.027664185 -0.026255544 0.999537706 0.015333566 -7.669309139 -0.944977820 -0.029819945 0.325772256 -37.203216553
0.338208944 -0.003173825 0.941065669 186.653900146 -0.026474118 0.999566436 0.012885638 -7.666717529 -0.940698564 -0.029271927 0.337978274 -36.975948334
0.349569708 -0.002857400 0.936905980 187.260253906 -0.025603337 0.999592781 0.012601464 -7.667876720 -0.936560392 -0.028393015 0.349354148 -36.739135742
0.361384451 -0.005725136 0.932399333 187.880783081 -0.024851138 0.999566734 0.015769504 -7.666805267 -0.932085693 -0.028870044 0.361085624 -36.504398346
