0.9999948143959045 -0.0016789290821179748 0.0027431740891188383 -0.1725815087556839 0.001672230544500053 0.9999956488609314 0.0024423685390502214 -0.6475288271903992 -0.0027472625952214003 -0.0024377687368541956 0.9999932646751404 0.11353228986263275
0.999991238117218 -0.0041323392651975155 -0.0006143560167402029 -0.1736627072095871 0.004132493864744902 0.9999914169311523 0.000250066164880991 -0.6512248516082764 0.0006133178249001503 -0.00025260262191295624 0.9999997615814209 0.7800938487052917
0.9999837279319763 -0.003479907987639308 -0.004503840580582619 -0.1852920651435852 0.00347356079146266 0.9999929070472717 -0.0014163450105115771 -0.6458384394645691 0.0045087384060025215 0.0014006765559315681 0.999988853931427 1.4805322885513306
0.9999616146087646 -0.003223835024982691 -0.008140112273395061 -0.20184093713760376 0.0032014381140470505 0.9999910593032837 -0.0027629288379102945 -0.6471261978149414 0.00814894586801529 0.00273676379583776 0.9999630451202393 2.1784284114837646
0.9999139308929443 -0.0019228497985750437 -0.012978591024875641 -0.2205350250005722 0.0018774340860545635 0.9999921321868896 -0.003510544076561928 -0.6481039524078369 0.012985238805413246 0.003485875902697444 0.9999095797538757 2.9053094387054443
0.9998453855514526 -0.0028060462791472673 -0.01736442930996418 -0.23250022530555725 0.002745936857536435 0.9999901056289673 -0.0034845517948269844 -0.6607676148414612 0.017374038696289062 0.0034363316372036934 0.999843180179596 3.644679546356201
0.999760091304779 -0.0010447941021993756 -0.021876484155654907 -0.2549164891242981 0.0009392992942593992 0.9999878406524658 -0.004832027014344931 -0.6628918647766113 0.02188126929104328 0.004810319282114506 0.9997490048408508 4.3982014656066895
0.9996476769447327 0.00168518943246454 -0.026487281545996666 -0.28599613904953003 -0.0018289019353687763 0.9999837279319763 -0.0054024155251681805 -0.6725738644599915 0.026477746665477753 0.005448954179883003 0.9996345639228821 5.159186363220215
0.9995241761207581 0.0019341170554980636 -0.030783915892243385 -0.3163643479347229 -0.0020529802422970533 0.999990701675415 -0.003830050118267536 -0.6771791577339172 0.03077622689306736 0.0038914254400879145 0.9995186924934387 5.948825359344482
0.9993743300437927 0.0013711806386709213 -0.035340145230293274 -0.34832096099853516 -0.0014153749216347933 0.9999982714653015 -0.0012255653273314238 -0.6817636489868164 0.03533840924501419 0.0012748183216899633 0.9993746280670166 6.7505974769592285
0.9992639422416687 0.0009408759651705623 -0.0383487194776535 -0.3890472650527954 -0.0008847519638948143 0.9999985694885254 0.0014804620295763016 -0.6868751645088196 0.03835005313158035 -0.0014454431366175413 0.999263346195221 7.553098201751709
0.9991588592529297 0.0023448753636330366 -0.0409393236041069 -0.4292312562465668 -0.0023326934315264225 0.9999971389770508 0.00034532466088421643 -0.6901348233222961 0.040940020233392715 -0.00024953504907898605 0.9991616010665894 8.367544174194336
0.9990749359130859 0.0019136497285217047 -0.04296229034662247 -0.47289955615997314 -0.0019092162838205695 0.999998152256012 0.00014423797256313264 -0.693991482257843 0.042962491512298584 -6.20802165940404e-05 0.9990766644477844 9.187419891357422
0.9990061521530151 -0.0006924974732100964 -0.044568583369255066 -0.5136674046516418 0.0006674366304650903 0.9999995231628418 -0.0005771642317995429 -0.6985723376274109 0.04456896707415581 0.0005468439194373786 0.9990062117576599 10.014969825744629
0.9988930821418762 -0.0012442185543477535 -0.04702151566743851 -0.548201858997345 0.0012613172875717282 0.9999991655349731 0.0003339627874083817 -0.7046756744384766 0.047021061182022095 -0.00039290240965783596 0.9988937973976135 10.861516952514648
0.9988167881965637 -0.0027364434208720922 -0.04855434596538544 -0.5919511914253235 0.002742161974310875 0.9999963045120239 5.1169481594115496e-05 -0.7108607292175293 0.04855402931571007 -0.00018425288726575673 0.9988205432891846 11.713861465454102
0.9987273812294006 -0.0006001465953886509 -0.05042942240834236 -0.641514003276825 0.0004905869718641043 0.9999974966049194 -0.0021848806645721197 -0.7194018363952637 0.05043061077594757 0.0021573598496615887 0.998725175857544 12.572050094604492
0.9986721277236938 -0.000374667695723474 -0.051515426486730576 -0.691123366355896 0.0001227419706992805 0.9999880194664001 -0.004893379285931587 -0.7272792458534241 0.051516637206077576 0.004880559165030718 0.9986603260040283 13.43138599395752
0.9985862374305725 0.003452533157542348 -0.05304208770394325 -0.748761773109436 -0.0038000489585101604 0.9999719858169556 -0.006452242378145456 -0.738858163356781 0.05301832780241966 0.0066446843557059765 0.9985713362693787 14.303631782531738
0.998511016368866 0.004701897967606783 -0.05434699356555939 -0.7979874014854431 -0.005036343354731798 0.9999691843986511 -0.006018572486937046 -0.7498903274536133 0.05431701987981796 0.00628332095220685 0.9985039830207825 15.187671661376953
0.9984371066093445 0.003764193505048752 -0.05575775355100632 -0.8511906862258911 -0.004029574804008007 0.9999811053276062 -0.004647884517908096 -0.7605084180831909 0.055739205330610275 0.004865300375968218 0.998433530330658 16.082517623901367
0.9983656406402588 0.00476864306256175 -0.056950487196445465 -0.9083222150802612 -0.004947449080646038 0.9999833106994629 -0.002999113406985998 -0.7731927633285522 0.056935232132673264 0.0032759704627096653 0.9983725547790527 16.98151397705078
0.9983178377151489 0.003977268002927303 -0.05784048140048981 -0.964080274105072 -0.004147875588387251 0.9999873638153076 -0.002829870441928506 -0.7858699560165405 0.057828500866889954 0.0030650263652205467 0.9983218312263489 17.874631881713867
0.9982202649116516 0.0038739133160561323 -0.05950697883963585 -1.0210763216018677 -0.004100775811821222 0.9999848008155823 -0.0036907168105244637 -0.7957898378372192 0.059491775929927826 0.003928173799067736 0.9982210993766785 18.781314849853516
0.998151957988739 0.0022291128989309072 -0.060726098716259 -1.0756893157958984 -0.002491777529940009 0.999987781047821 -0.004250007681548595 -0.8086581230163574 0.06071589142084122 0.004393469542264938 0.9981454014778137 19.70079803466797
0.9981303215026855 0.0024994281120598316 -0.06107064709067345 -1.1364068984985352 -0.0026635301765054464 0.999993085861206 -0.0026058414950966835 -0.8186159133911133 0.061063725501298904 0.0027636319864541292 0.9981300234794617 20.604278564453125
0.9981272220611572 0.0037303094286471605 -0.06105892360210419 -1.2007365226745605 -0.0036930381320416927 0.9999929666519165 0.0007232485804706812 -0.8260416388511658 0.06106118857860565 -0.0004964014515280724 0.9981338977813721 21.527204513549805
0.9981752038002014 0.004543099086731672 -0.06021439656615257 -1.2611736059188843 -0.004256395157426596 0.9999790191650391 0.004888805095106363 -0.8402184247970581 0.06023533269762993 -0.004623587243258953 0.9981734752655029 22.457759857177734
0.9982731938362122 0.0028134675230830908 -0.05867395177483559 -1.3109650611877441 -0.002371074166148901 0.9999681711196899 0.00760812358930707 -0.8418123126029968 0.05869349092245102 -0.007455865386873484 0.9982482194900513 23.385696411132812
0.9983691573143005 0.002973852911964059 -0.057009559124708176 -1.3695924282073975 -0.0025044989306479692 0.9999623894691467 0.008302576839923859 -0.8438217639923096 0.05703209713101387 -0.008146257139742374 0.9983391165733337 24.325166702270508
0.9984483122825623 0.003590348642319441 -0.055571455508470535 -1.4266077280044556 -0.003304337151348591 0.9999808073043823 0.00523776188492775 -0.8463940620422363 0.055589187890291214 -0.005046007223427296 0.9984409809112549 25.26116180419922
0.99849933385849 0.004331832751631737 -0.05459187552332878 -1.4811292886734009 -0.004300585947930813 0.9999905228614807 0.000689851411152631 -0.8534896373748779 0.054594337940216064 -0.0004540391964837909 0.9985085129737854 26.204105377197266
0.9985878467559814 0.0033960691653192043 -0.05301506072282791 -1.5413941144943237 -0.0035156067460775375 0.9999914765357971 -0.0021617035381495953 -0.8602646589279175 0.05300725996494293 0.0023450306616723537 0.9985913038253784 27.151914596557617
0.9986327290534973 0.0009000209392979741 -0.0522671714425087 -1.5920711755752563 -0.000954708899371326 0.9999990463256836 -0.0010213573696091771 -0.8681470155715942 0.0522661954164505 0.0010698605328798294 0.9986326098442078 28.11365509033203
0.99860680103302 -0.0005361621733754873 -0.05276466906070709 -1.6391429901123047 0.0007413330022245646 0.9999922513961792 0.0038689197972416878 -0.8772485256195068 0.052762195467948914 -0.003902645781636238 0.9985994696617126 29.08321762084961
0.9985474944114685 -0.0042571621015667915 -0.053708650171756744 -1.6906352043151855 0.00463910773396492 0.9999647736549377 0.006988776382058859 -0.8821465373039246 0.05367700383067131 -0.00722778495401144 0.998532235622406 30.057348251342773
0.9984363913536072 -0.011757023632526398 -0.054648805409669876 -1.7399988174438477 0.012130281887948513 0.9999052882194519 0.006503447890281677 -0.8884807229042053 0.054567161947488785 -0.007156184408813715 0.9984844326972961 31.031158447265625
0.9983094930648804 -0.014319177716970444 -0.056330617517232895 -1.7844212055206299 0.014505954459309578 0.9998905658721924 0.002908217953518033 -0.8969228267669678 0.05628281831741333 -0.003720430890098214 0.9984079599380493 31.993745803833008
0.9982185959815979 -0.014190362766385078 -0.057951636612415314 -1.8425440788269043 0.014136416837573051 0.99989914894104 -0.0013407340738922358 -0.8986522555351257 0.05796482041478157 0.0005191173404455185 0.9983185529708862 32.97709655761719
0.9981616139411926 -0.01283510122448206 -0.059234194457530975 -1.9259570837020874 0.012755353935062885 0.9999171495437622 -0.0017242301255464554 -0.9106476306915283 0.059251416474580765 0.0009655074682086706 0.9982426762580872 33.958892822265625
0.9980863332748413 -0.01279311440885067 -0.06049804389476776 -1.9659196138381958 0.01281243097037077 0.9999179244041443 -6.859593122499064e-05 -0.9257031679153442 0.06049396097660065 -0.0007066623074933887 0.9981682300567627 34.9307746887207
0.9980521202087402 -0.00987996719777584 -0.06159805878996849 -2.0355260372161865 0.010066649876534939 0.9999455809593201 0.0027210391126573086 -0.9371132850646973 0.06156783550977707 -0.0033358244691044092 0.9980972409248352 35.92496871948242
0.997972309589386 -0.009274454787373543 -0.0629691630601883 -2.0982043743133545 0.009543361142277718 0.9999465942382812 0.003971022553741932 -0.9506539106369019 0.0629289522767067 -0.004563909024000168 0.9980075359344482 36.919219970703125
0.9979224801063538 -0.007996355183422565 -0.06392697244882584 -2.1676175594329834 0.008416037075221539 0.9999447464942932 0.006298447959125042 -0.9524309635162354 0.06387306749820709 -0.0068233744241297245 0.9979347586631775 37.893192291259766
0.9979349374771118 -0.008065199479460716 -0.0637245625257492 -2.2286176681518555 0.008683566935360432 0.9999178051948547 0.009432747960090637 -0.9585365056991577 0.06364326179027557 -0.009966623038053513 0.997922956943512 38.89494323730469
0.9979220628738403 -0.0020706893410533667 -0.06439957767724991 -2.3016316890716553 0.0028075426816940308 0.9999316334724426 0.011353494599461555 -0.9553989171981812 0.06437168270349503 -0.011510705575346947 0.9978595972061157 39.884376525878906
0.9979084730148315 -0.0022509305272251368 -0.06460296362638474 -2.372361898422241 0.0029699860606342554 0.9999346733093262 0.011036504060029984 -0.9627749919891357 0.06457390636205673 -0.011205293238162994 0.9978500008583069 40.88286590576172
0.9979196190834045 -0.0024047379847615957 -0.06442616879940033 -2.442329168319702 0.003025773214176297 0.9999499320983887 0.009543648920953274 -0.9640297293663025 0.06439998745918274 -0.00971873290836811 0.9978768229484558 41.87565994262695
0.9979023337364197 0.00017587616457603872 -0.0647382140159607 -2.510770559310913 0.000274828722467646 0.9999758005142212 0.006952994968742132 -0.9663379192352295 0.06473784893751144 -0.006956201046705246 0.9978780150413513 42.876277923583984
0.9978585243225098 -0.00045223781489767134 -0.06540755182504654 -2.5712890625 0.0009213524172082543 0.9999740123748779 0.007142187561839819 -0.9738864898681641 0.06540263444185257 -0.007187156938016415 0.9978330135345459 43.84480667114258
0.9977818131446838 -0.002089747227728367 -0.06653541326522827 -2.642077922821045 0.002648618072271347 0.9999618530273438 0.008312496356666088 -0.9805936813354492 0.06651552021503448 -0.008470284752547741 0.9977494478225708 44.832550048828125
0.9977359175682068 -0.0013944406528025866 -0.0672394335269928 -2.708092451095581 0.0020277320872992277 0.9999542236328125 0.009351126849651337 -0.9874308705329895 0.06722331792116165 -0.009466297924518585 0.9976930022239685 45.800724029541016
0.9977065324783325 -1.8462800653651357e-05 -0.06768714636564255 -2.7780227661132812 0.0004332505923230201 0.999981164932251 0.0061133429408073425 -0.9968509078025818 0.06768575310707092 -0.006128646899014711 0.9976878762245178 46.77729034423828
0.9976511001586914 0.0005756540922448039 -0.06849725544452667 -2.853186845779419 -0.0004524210817180574 0.9999982118606567 0.0018145916983485222 -1.0014759302139282 0.06849818676710129 -0.0017793402075767517 0.997649610042572 47.74150085449219
0.9976286888122559 0.001992871519178152 -0.06879647076129913 -2.9326391220092773 -0.001978703308850527 0.9999980330467224 0.00027408916503190994 -1.0038193464279175 0.06879688054323196 -0.0001373114064335823 0.9976306557655334 48.6966438293457
0.9975910782814026 -0.0002672760165296495 -0.06936855614185333 -2.9931225776672363 0.0005757464678026736 0.9999901652336121 0.004426882136613131 -1.0215891599655151 0.06936666369438171 -0.0044561573304235935 0.9975813031196594 49.683963775634766
0.9975724220275879 -0.002188802231103182 -0.06960313022136688 -3.0604445934295654 0.0027180390898138285 0.9999681711196899 0.007509840186685324 -1.0291169881820679 0.06958447396755219 -0.007680792827159166 0.9975464940071106 50.65544891357422
0.9975520372390747 -0.0037178979255259037 -0.06982927769422531 -3.1310696601867676 0.0042908694595098495 0.999958336353302 0.008057118393480778 -1.0392529964447021 0.06979639828205109 -0.008337022736668587 0.9975264668464661 51.6162223815918
0.9975118637084961 -0.006840400863438845 -0.07016607373952866 -3.190574884414673 0.007334752473980188 0.9999499917030334 0.006790217477828264 -1.0426650047302246 0.07011613249778748 -0.0072879730723798275 0.9975122213363647 52.56270217895508
0.9974876046180725 -0.009573726914823055 -0.0701918825507164 -3.2608771324157715 0.010000452399253845 0.9999336004257202 0.005730514880269766 -1.052199363708496 0.07013237476348877 -0.006418068893253803 0.9975170493125916 53.516998291015625
0.9973934292793274 -0.011228512041270733 -0.07127512246370316 -3.3303017616271973 0.011731593869626522 0.9999091625213623 0.0066435975022614 -1.0562114715576172 0.07119404524564743 -0.007462453097105026 0.9974345564842224 54.47243881225586
0.9971951246261597 -0.015440179966390133 -0.07323598116636276 -3.3734421730041504 0.016266407445073128 0.9998103976249695 0.010698688216507435 -1.0580071210861206 0.0730569139122963 -0.011859963648021221 0.9972572326660156 55.42411804199219
0.9971806406974792 -0.016014281660318375 -0.07330911606550217 -3.4513161182403564 0.017174744978547096 0.999736487865448 0.015226799994707108 -1.0556470155715942 0.07304596155881882 -0.016442934051156044 0.997192919254303 56.367374420166016
0.9971476793289185 -0.01407044567167759 -0.07415178418159485 -3.524944305419922 0.015414804220199585 0.999726414680481 0.017588768154382706 -1.0554001331329346 0.0738840326666832 -0.018681636080145836 0.9970917701721191 57.3084716796875
0.9970269799232483 -0.01341690868139267 -0.07587647438049316 -3.595343828201294 0.0144767751917243 0.9998049139976501 0.013435587286949158 -1.0536472797393799 0.0756814107298851 -0.014494090341031551 0.9970266222953796 58.25801086425781
0.9969875812530518 -0.011759495362639427 -0.07666432857513428 -3.66257905960083 0.012299335561692715 0.9999027252197266 0.0065732430666685104 -1.071413278579712 0.07657956331968307 -0.0074963620863854885 0.9970352649688721 59.11051940917969
0.9969456791877747 -0.00966775044798851 -0.07749703526496887 -3.7407143115997314 0.009829279035329819 0.9999502301216125 0.0017031636089086533 -1.077713131904602 0.07747670263051987 -0.0024597016163170338 0.9969910979270935 60.01943588256836
0.9969114065170288 -0.004997886251658201 -0.0783737450838089 -3.8210926055908203 0.005195865407586098 0.9999838471412659 0.0023223785683512688 -1.082977056503296 0.07836086302995682 -0.002722424454987049 0.9969213604927063 60.92215347290039
0.996825635433197 -0.0025498024187982082 -0.07957451790571213 -3.9013407230377197 0.0029487726278603077 0.9999836683273315 0.004896686878055334 -1.0993597507476807 0.07956073433160782 -0.005115790292620659 0.996816873550415 61.82026672363281
0.9967601299285889 7.688041660003364e-05 -0.08043075352907181 -3.97917103767395 0.00041543119004927576 0.9999813437461853 0.006104190368205309 -1.1072312593460083 0.08042971789836884 -0.006117827724665403 0.9967414736747742 62.70597839355469
0.9966257810592651 0.0013623194536194205 -0.0820688009262085 -4.049627304077148 -0.0008630223455838859 0.9999809265136719 0.006119053345173597 -1.1215945482254028 0.0820755660533905 -0.006027578841894865 0.9966078996658325 63.58469772338867
0.9965150356292725 0.002550041303038597 -0.08337368816137314 -4.132484436035156 -0.0019451682455837727 0.9999712109565735 0.0073353867046535015 -1.1324708461761475 0.08338999003171921 -0.007147648371756077 0.9964913725852966 64.4465103149414
0.996385931968689 0.0034570954740047455 -0.08487075567245483 -4.207314491271973 -0.0027759417425841093 0.9999629855155945 0.008142468519508839 -1.143025517463684 0.0848957821726799 -0.00787744577974081 0.9963587522506714 65.29165649414062
0.9962547421455383 0.0033179372549057007 -0.0864032655954361 -4.270600318908691 -0.0026077846996486187 0.9999619126319885 0.008330621756613255 -1.1522517204284668 0.08642762899398804 -0.008074100129306316 0.9962254166603088 66.09376525878906
0.9961737394332886 0.0033103544265031815 -0.08733247220516205 -4.344788551330566 -0.0025160587392747402 0.9999545216560364 0.009203589521348476 -1.156550407409668 0.08735895156860352 -0.008948640897870064 0.9961367249488831 66.90031433105469
0.9960159659385681 0.005901319906115532 -0.08897972106933594 -4.422762870788574 -0.004845747258514166 0.999915361404419 0.012074423022568226 -1.162908911705017 0.08904346823692322 -0.011595145799219608 0.9959601759910583 67.70671081542969
0.995901346206665 0.007617761846631765 -0.09012407809495926 -4.5018768310546875 -0.006177563685923815 0.9998489022254944 0.016248341649770737 -1.1666889190673828 0.09023422002792358 -0.015625 0.9957979917526245 68.4945297241211
0.9957216382026672 0.01054718904197216 -0.09179926663637161 -4.581240177154541 -0.00893363542854786 0.999798595905304 0.01797020435333252 -1.1691968441009521 0.0919703021645546 -0.017073221504688263 0.9956153035163879 69.26991271972656
0.9955876469612122 0.013262764550745487 -0.09289396554231644 -4.664896488189697 -0.01203215029090643 0.9998324513435364 0.013795081526041031 -1.1702966690063477 0.09306137263774872 -0.012616501189768314 0.9955804347991943 70.01527404785156
0.9954574704170227 0.013037735596299171 -0.09431041032075882 -4.734705448150635 -0.01247746404260397 0.9999008178710938 0.006527997087687254 -1.175240397453308 0.09438616037368774 -0.0053215897642076015 0.9955214262008667 70.73607635498047
0.9953082203865051 0.012389958836138248 -0.09595993161201477 -4.8028059005737305 -0.012374102137982845 0.9999231100082397 0.0007603627745993435 -1.1819385290145874 0.09596198797225952 0.0004306226328480989 0.995384931564331 71.44493865966797
0.9952684044837952 0.012725702486932278 -0.09632746130228043 -4.874455451965332 -0.012842138297855854 0.9999173879623413 -0.0005888541345484555 -1.1845440864562988 0.0963120087981224 0.0018231184221804142 0.9953495860099792 72.13447570800781
0.9951717257499695 0.015592983923852444 -0.09690173715353012 -4.954838752746582 -0.015372239053249359 0.9998772740364075 0.003024236997589469 -1.1949926614761353 0.09693698585033417 -0.00152003881521523 0.9952893853187561 72.81517028808594
0.9950352311134338 0.016205597668886185 -0.09819357842206955 -5.0253777503967285 -0.01575767807662487 0.9998615980148315 0.0053354306146502495 -1.2107657194137573 0.09826643764972687 -0.0037616391200572252 0.99515300989151 73.46601867675781
0.9949833154678345 0.012723083607852459 -0.09922932833433151 -5.084944725036621 -0.012595457956194878 0.9999188780784607 0.00191255914978683 -1.2181975841522217 0.09924563020467758 -0.0006531254621222615 0.9950627088546753 74.09394073486328
0.9950403571128845 0.004518516827374697 -0.09936879575252533 -5.13454532623291 -0.004839595407247543 0.9999839663505554 -0.002990378998219967 -1.2338727712631226 0.09935366362333298 0.0034564523957669735 0.9950461983680725 74.7076644897461
0.9951496720314026 0.0006249595317058265 -0.09837059676647186 -5.188572883605957 -0.0014324102085083723 0.9999659061431885 -0.008137847296893597 -1.2354323863983154 0.09836214780807495 0.008239283226430416 0.995116651058197 75.30792999267578
0.9954283237457275 0.00292047462426126 -0.09546682983636856 -5.243035316467285 -0.0037103749345988035 0.9999603629112244 -0.008097616955637932 -1.2513706684112549 0.09543938934803009 0.008414815180003643 0.9953997731208801 75.89691925048828
0.9958121180534363 0.007924582809209824 -0.09107910841703415 -5.308435440063477 -0.0083781648427248 0.999954342842102 -0.0045988489873707294 -1.2721550464630127 0.09103849530220032 0.0053426651284098625 0.995833158493042 76.45329284667969
0.9962444305419922 0.006423094309866428 -0.08634696155786514 -5.359315395355225 -0.006560277193784714 0.9999776482582092 -0.0013050730340182781 -1.2825379371643066 0.0863366350531578 0.0018666316755115986 0.9962642788887024 77.013427734375
0.9967363476753235 0.0027702446095645428 -0.08067857474088669 -5.391613960266113 -0.0025745085440576077 0.9999934434890747 0.0025300481356680393 -1.2855480909347534 0.08068504929542542 -0.0023140828125178814 0.996737003326416 77.55579376220703
0.9973883628845215 -0.001682120026089251 -0.07220518589019775 -5.423990249633789 0.0021493565291166306 0.9999772906303406 0.006393729243427515 -1.3037793636322021 0.07219277322292328 -0.006532226223498583 0.9973693490028381 78.08307647705078
0.9980935454368591 0.002109919209033251 -0.06168317049741745 -5.452985763549805 -0.0017534472281113267 0.9999814033508301 0.005832629278302193 -1.3034906387329102 0.06169431656599045 -0.00571335107088089 0.9980787634849548 78.59903717041016
0.9988882541656494 0.007266180589795113 -0.046578265726566315 -5.479354381561279 -0.007034277077764273 0.9999619722366333 0.005140763241797686 -1.3055262565612793 0.04661385342478752 -0.004807402845472097 0.9989014267921448 79.1043472290039
0.9995226263999939 0.012407110072672367 -0.02829117700457573 -5.494719982147217 -0.012249867431819439 0.9999085664749146 0.0057245888747274876 -1.3093842267990112 0.02835961803793907 -0.0053752935491502285 0.9995833039283752 79.60000610351562
0.9999215006828308 0.010858628898859024 -0.006230700761079788 -5.481692314147949 -0.010818478651344776 0.9999207854270935 0.006441836711019278 -1.3151711225509644 0.006300151348114014 -0.0063739256002008915 0.9999599456787109 80.07978820800781
0.9997749328613281 0.007245286367833614 0.019938714802265167 -5.450206756591797 -0.0074042873457074165 0.9999412894248962 0.007912117056548595 -1.3274493217468262 -0.019880222156643867 -0.008057968690991402 0.999769926071167 80.53346252441406
0.9987663626670837 0.005959088448435068 0.0492977648973465 -5.402559280395508 -0.006431226152926683 0.99993497133255 0.009424194693565369 -1.3319963216781616 -0.04923839867115021 -0.009729613550007343 0.9987396597862244 80.99118041992188
0.9965816736221313 0.005391292739659548 0.08243688195943832 -5.345548152923584 -0.0063646030612289906 0.9999130368232727 0.011548520065844059 -1.3441861867904663 -0.08236745744943619 -0.012033723294734955 0.9965294599533081 81.43852233886719
0.9927464723587036 0.005628693383187056 0.12009458988904953 -5.269356727600098 -0.007080082781612873 0.9999069571495056 0.011662122793495655 -1.3401682376861572 -0.12001777440309525 -0.012427810579538345 0.9926940202713013 81.8810043334961
0.986847996711731 0.005760445725172758 0.1615479439496994 -5.17866325378418 -0.007769112475216389 0.9999001026153564 0.011804942972958088 -1.3451533317565918 -0.16146376729011536 -0.01290476880967617 0.9867941737174988 82.28428649902344
0.9784359931945801 0.005412714555859566 0.20647946000099182 -5.060798645019531 -0.008010909892618656 0.9998988509178162 0.011749331839382648 -1.3481934070587158 -0.2063949704170227 -0.013150055892765522 0.9783803224563599 82.69912719726562
0.9668086171150208 0.007663899101316929 0.25538694858551025 -4.924293518066406 -0.01052348967641592 0.9998963475227356 0.009832514449954033 -1.3542532920837402 -0.25528502464294434 -0.01219372171908617 0.9667888879776001 83.1015625
0.9510835409164429 0.008811185136437416 0.3088083863258362 -4.774662017822266 -0.011610719375312328 0.9999064803123474 0.007229090202599764 -1.3606030941009521 -0.3087157905101776 -0.010460956022143364 0.951096773147583 83.48529815673828
0.9310855865478516 0.009225650690495968 0.36468422412872314 -4.594657897949219 -0.011809946037828922 0.9999184608459473 0.004856724292039871 -1.3595585823059082 -0.36460965871810913 -0.008828926831483841 0.9311186075210571 83.85427856445312
0.9067774415016174 0.008843514136970043 0.4215170443058014 -4.400674819946289 -0.011536508798599243 0.9999260902404785 0.0038389526307582855 -1.3728268146514893 -0.4214518666267395 -0.008343910798430443 0.906812310218811 84.18408966064453
0.8772788047790527 0.009250466711819172 0.4798920154571533 -4.205379486083984 -0.011447957716882229 0.999933123588562 0.0016528770793229342 -1.3732774257659912 -0.4798445999622345 -0.006943818181753159 0.8773260116577148 84.47748565673828
0.8435105681419373 0.008173493668437004 0.5370503664016724 -3.9619483947753906 -0.00946949515491724 0.9999551177024841 -0.0003454189281910658 -1.3770395517349243 -0.5370290875434875 -0.004794230684638023 0.8435501456260681 84.7811279296875
0.8063979744911194 0.007533708121627569 0.5913253426551819 -3.699798583984375 -0.008243885822594166 0.9999648928642273 -0.0014976359670981765 -1.384588599205017 -0.5913158059120178 -0.00366712873801589 0.806431770324707 85.06784057617188
0.7665863633155823 0.0064478120766580105 0.6421088576316833 -3.4188194274902344 -0.007772794924676418 0.999969482421875 -0.0007617034716531634 -1.3894588947296143 -0.642094075679779 -0.004407068714499474 0.7666131258010864 85.33132934570312
0.723847508430481 0.006278875283896923 0.6899315118789673 -3.1266326904296875 -0.009466598741710186 0.9999548196792603 0.0008316518506035209 -1.3894789218902588 -0.6898950934410095 -0.007133292965590954 0.7238742113113403 85.57546997070312
0.678826093673706 0.005395131651312113 0.734279215335846 -2.8226089477539062 -0.008659548126161098 0.9999622702598572 0.0006583335343748331 -1.391252040863037 -0.7342480421066284 -0.006805420853197575 0.6788472533226013 85.79319763183594
0.6330863237380981 0.003335036337375641 0.7740740776062012 -2.4903182983398438 -0.005549936089664698 0.9999845027923584 0.00023073109332472086 -1.4056720733642578 -0.774061381816864 -0.004442133940756321 0.6330949068069458 85.98815155029297
0.5866199135780334 0.00016128462448250502 0.8098623752593994 -2.139415740966797 0.0021321927197277546 0.9999961853027344 -0.001743593136779964 -1.39907968044281 -0.809859573841095 0.002749609062448144 0.5866172909736633 86.18544006347656
0.5398991703987122 0.0020083945710211992 0.8417271971702576 -1.8053054809570312 -0.00030359980883076787 0.9999975562095642 -0.0021912986412644386 -1.409780740737915 -0.8417296409606934 0.000927532440982759 0.5398983955383301 86.35113525390625
0.4930298924446106 0.005355192348361015 0.8699958324432373 -1.4652938842773438 -0.003803074359893799 0.9999847412109375 -0.004000112414360046 -1.4094324111938477 -0.8700039982795715 -0.0013364831684157252 0.4930427670478821 86.50407409667969
0.44767680764198303 0.006806935183703899 0.8941695094108582 -1.1255378723144531 -0.004670851398259401 0.9999752640724182 -0.005273870192468166 -1.4228625297546387 -0.8941831588745117 -0.0018155425786972046 0.4476974606513977 86.6335678100586
0.40488237142562866 0.0048448569141328335 0.914355993270874 -0.7725868225097656 0.001835042960010469 0.9999796152114868 -0.006111115217208862 -1.425570011138916 -0.9143668413162231 0.00415216526016593 0.40486520528793335 86.74732971191406
0.36460167169570923 -0.003771292744204402 0.9311559200286865 -0.40287017822265625 0.015951385721564293 0.9998703598976135 -0.002196300309151411 -1.441423773765564 -0.9310268759727478 0.015654003247618675 0.3646146059036255 86.84534454345703
0.3286929726600647 -0.006382964551448822 0.9444153904914856 -0.024465560913085938 0.02047007344663143 0.9997904896736145 -0.0003671530866995454 -1.426715612411499 -0.944214940071106 0.019452931359410286 0.32875484228134155 86.94596862792969
0.2953121066093445 -0.0021743199322372675 0.9553983807563782 0.3412151336669922 0.01775297336280346 0.9998372793197632 -0.0032119611278176308 -1.4306262731552124 -0.9552358984947205 0.017909690737724304 0.2953026592731476 87.04047393798828
0.26438671350479126 0.0051775136962533 0.9644029140472412 0.7117557525634766 0.006863221526145935 0.9999501705169678 -0.007249874994158745 -1.4449868202209473 -0.9643923044204712 0.00853568036109209 0.264337956905365 87.13764190673828
0.23585285246372223 0.009492004290223122 0.9717424511909485 1.0953311920166016 0.0019907657988369465 0.9999454021453857 -0.01025067362934351 -1.4602172374725342 -0.9717866778373718 0.004352160729467869 0.23582112789154053 87.2247085571289
0.20993536710739136 0.010974262841045856 0.9776536822319031 1.4910449981689453 0.002627905225381255 0.9999270439147949 -0.011788584291934967 -1.4766002893447876 -0.9777116775512695 0.005044024437665939 0.20989127457141876 87.29429626464844
0.18672215938568115 0.012777592055499554 0.9823296666145325 1.9017972946166992 0.010434861294925213 0.9998331665992737 -0.014988737180829048 -1.4792084693908691 -0.982357382774353 0.013049202039837837 0.18655768036842346 87.3496322631836
0.16669999063014984 0.018919583410024643 0.9858261942863464 2.3138999938964844 0.017187437042593956 0.9996081590652466 -0.022090423852205276 -1.47918701171875 -0.9858579039573669 0.02062629908323288 0.16630950570106506 87.39031219482422
0.14682096242904663 0.025895604863762856 0.9888241291046143 2.736870765686035 0.01895056664943695 0.9994001388549805 -0.028986359015107155 -1.475725769996643 -0.9889816641807556 0.022994577884674072 0.1462421417236328 87.44082641601562
0.12928633391857147 0.026556529104709625 0.9912515878677368 3.1793880462646484 0.017212683334946632 0.9994305968284607 -0.029020654037594795 -1.4856575727462769 -0.9914579391479492 0.020814072340726852 0.128755584359169 87.49186706542969
0.11369253695011139 0.022306300699710846 0.9932654500007629 3.643399238586426 0.014978992752730846 0.9995957612991333 -0.024163009598851204 -1.5048439502716064 -0.9934030175209045 0.017625270411372185 0.11331246793270111 87.5474624633789
0.0992022305727005 0.019232207909226418 0.9948814511299133 4.115509986877441 0.014958110637962818 0.999671459197998 -0.020816314965486526 -1.5222299098968506 -0.9949548244476318 0.016946570947766304 0.09888195991516113 87.58656311035156
0.08608487248420715 0.016847960650920868 0.9961453080177307 4.599968433380127 0.017736891284585 0.9996725916862488 -0.018440403044223785 -1.53384530544281 -0.9961299300193787 0.01925596036016941 0.08575785905122757 87.61449432373047
0.07443087548017502 0.015834856778383255 0.9971003532409668 5.089761257171631 0.021227674558758736 0.9996222257614136 -0.01745949126780033 -1.548353910446167 -0.9970002174377441 0.022465646266937256 0.07406660914421082 87.63799285888672
0.06431950628757477 0.01633649691939354 0.9977956414222717 5.606545448303223 0.024754811078310013 0.999532163143158 -0.017960665747523308 -1.5585353374481201 -0.9976222515106201 0.02585546486079693 0.06388501077890396 87.6609115600586
0.05648975819349289 0.01698789931833744 0.998258650302887 6.134654521942139 0.026982789859175682 0.9994640946388245 -0.018535321578383446 -1.5688142776489258 -0.9980384707450867 0.027982857078313828 0.05600108951330185 87.68472290039062
0.05082574114203453 0.01699576899409294 0.9985629916191101 6.685064315795898 0.028679311275482178 0.9994181394577026 -0.018470069393515587 -1.585627555847168 -0.9982957243919373 0.029576851055026054 0.05030874162912369 87.7093734741211
0.04533444717526436 0.018351197242736816 0.9988033175468445 7.248431205749512 0.029930463060736656 0.9993574619293213 -0.019719881936907768 -1.5940145254135132 -0.9985234141349792 0.030788635835051537 0.044756051152944565 87.72856140136719
0.039638809859752655 0.018874431028962135 0.9990358352661133 7.82698917388916 0.030481770634651184 0.999333381652832 -0.02008947916328907 -1.6076414585113525 -0.9987490177154541 0.031248701736330986 0.039037059992551804 87.7457275390625
0.03512955829501152 0.0187706109136343 0.99920654296875 8.428760528564453 0.03297528252005577 0.9992574453353882 -0.019930897280573845 -1.6231083869934082 -0.9988385438919067 0.03364928066730499 0.034484513103961945 87.76209259033203
0.03198138251900673 0.018947400152683258 0.9993088841438293 9.05655574798584 0.0340772345662117 0.9992183446884155 -0.020036272704601288 -1.6367453336715698 -0.9989073872566223 0.03469447046518326 0.031310711055994034 87.78228759765625
0.02890116162598133 0.018462156876921654 0.9994117617607117 9.694928169250488 0.03514079004526138 0.9991926550865173 -0.019474314525723457 -1.6517553329467773 -0.9989644289016724 0.03568295016884804 0.028229055926203728 87.79776000976562
0.026632627472281456 0.017739173024892807 0.9994878768920898 10.349660873413086 0.037399351596832275 0.9991248846054077 -0.018729282543063164 -1.6691521406173706 -0.998945415019989 0.03787900134921074 0.025945886969566345 87.80986022949219
0.026052825152873993 0.017403678968548775 0.9995090365409851 11.026810646057129 0.04197308421134949 0.9989476799964905 -0.01848796010017395 -1.683960199356079 -0.9987789392471313 0.042434144765138626 0.025294926017522812 87.81979370117188
0.02726314589381218 0.016973629593849182 0.9994841814041138 11.721928596496582 0.04538462311029434 0.9988037943840027 -0.018200041726231575 -1.7014296054840088 -0.9985975027084351 0.04585740342736244 0.0264601930975914 87.83329010009766
0.029362877830863 0.017120948061347008 0.9994221925735474 12.417739868164062 0.04668273404240608 0.9987388253211975 -0.018480772152543068 -1.7152098417282104 -0.99847811460495 0.047198399901390076 0.028526589274406433 87.85376739501953
0.03305719792842865 0.01727844960987568 0.9993040561676025 13.140814781188965 0.04905431345105171 0.9986175298690796 -0.018889300525188446 -1.730017066001892 -0.9982489347457886 0.04964460805058479 0.032163914293050766 87.88027954101562
0.037519365549087524 0.016551287844777107 0.9991587996482849 13.871805191040039 0.049819573760032654 0.9985885620117188 -0.01841261237859726 -1.7510582208633423 -0.9980533123016357 0.05046850070357323 0.03664182871580124 87.90673828125
0.041629668325185776 0.014896067790687084 0.9990220069885254 14.622271537780762 0.05131978541612625 0.9985371232032776 -0.0170273557305336 -1.7667663097381592 -0.9978142380714417 0.05197844281792641 0.04080430790781975 87.93641662597656
0.04546884447336197 0.01335485652089119 0.9988765120506287 15.386510848999023 0.05098552256822586 0.9985765218734741 -0.015671709552407265 -1.7837412357330322 -0.9976637959480286 0.051640816032886505 0.04472321271896362 87.97618103027344
0.04951575770974159 0.010997641831636429 0.9987127780914307 16.16567611694336 0.04802237078547478 0.9987566471099854 -0.013379054144024849 -1.8050637245178223 -0.9976181983947754 0.04862302914261818 0.048926059156656265 88.02662658691406
0.053448811173439026 0.010130527429282665 0.9985191226005554 16.963197708129883 0.04704928770661354 0.9988124370574951 -0.012651961296796799 -1.8173545598983765 -0.9974614977836609 0.047655846923589706 0.052908703684806824 88.07542419433594
0.05754929035902023 0.011314266361296177 0.9982784390449524 17.76549530029297 0.044229671359062195 0.9989251494407654 -0.013871370814740658 -1.8316035270690918 -0.9973624348640442 0.044951826333999634 0.05698700249195099 88.13365936279297
0.060558415949344635 0.014980086125433445 0.9980522394180298 18.555898666381836 0.041919127106666565 0.9989669919013977 -0.017537329345941544 -1.8596453666687012 -0.9972840547561646 0.04289950802922249 0.059867918491363525 88.18416595458984
0.06224100664258003 0.020276978611946106 0.9978551864624023 19.368310928344727 0.036335837095975876 0.9990847706794739 -0.02256840653717518 -1.8818587064743042 -0.9973995089530945 0.037662573158741 0.06144726276397705 88.2424087524414
0.06215750053524971 0.02359517477452755 0.9977874159812927 20.17989730834961 0.03355956822633743 0.9991057515144348 -0.025716956704854965 -1.9018174409866333 -0.9975020289421082 0.03508380800485611 0.061310071498155594 88.2969970703125
0.06198835372924805 0.02320931851863861 0.9978070259094238 20.98923683166504 0.03134971857070923 0.9991909861564636 -0.025189099833369255 -1.928521752357483 -0.9975844025611877 0.032842397689819336 0.06121060252189636 88.35887908935547
0.062268272042274475 0.021299881860613823 0.9978321194648743 21.819852828979492 0.028539668768644333 0.9993253946304321 -0.023112734779715538 -1.96040678024292 -0.9976513385772705 0.02991698868572712 0.06161836162209511 88.4153823852539
0.061757754534482956 0.02023216523230076 0.9978860020637512 22.638103485107422 0.02929895743727684 0.9993269443511963 -0.02207464911043644 -1.9865007400512695 -0.9976610541343689 0.030600305646657944 0.06112339347600937 88.4754867553711
0.06195996701717377 0.019394155591726303 0.9978901743888855 23.4526309967041 0.026927411556243896 0.9994147419929504 -0.02109573408961296 -2.018118381500244 -0.9977153539657593 0.028177687898278236 0.061401475220918655 88.53670501708984
0.062361735850572586 0.01958153396844864 0.9978616237640381 24.27433967590332 0.02527928166091442 0.9994557499885559 -0.021192656829953194 -2.04900860786438 -0.9977334141731262 0.026546834036707878 0.06183279678225517 88.58551025390625
0.06248253583908081 0.020203426480293274 0.9978415966033936 25.09300422668457 0.02214580774307251 0.9995208382606506 -0.021624146029353142 -2.0792877674102783 -0.9978002905845642 0.023449137806892395 0.0620051734149456 88.64370727539062
0.06090844050049782 0.021613171324133873 0.9979093670845032 25.900012969970703 0.019062845036387444 0.9995579719543457 -0.02281240187585354 -2.107482433319092 -0.9979612827301025 0.02041245996952057 0.06046952307224274 88.70942687988281
0.058059632778167725 0.02159719727933407 0.9980794787406921 26.710397720336914 0.016173074021935463 0.9996143579483032 -0.022571220993995667 -2.132821559906006 -0.9981821179389954 0.01745249517261982 0.05768796429038048 88.76128387451172
0.054544586688280106 0.020180823281407356 0.9983074069023132 27.54281997680664 0.014254780486226082 0.9996780753135681 -0.02098737470805645 -2.159238338470459 -0.9984095692634583 0.01537539903074503 0.05423935130238533 88.80650329589844
0.04941907152533531 0.017698947340250015 0.9986212849617004 28.353443145751953 0.012228338979184628 0.9997573494911194 -0.0183242280036211 -2.187008857727051 -0.9987032413482666 0.013117044232785702 0.04919065162539482 88.85456848144531
0.04321665316820145 0.015774305909872055 0.9989412426948547 29.159770965576172 0.009696566499769688 0.9998215436935425 -0.016207709908485413 -2.2118735313415527 -0.9990186095237732 0.01038674358278513 0.04305598884820938 88.89437866210938
0.03616281598806381 0.01580759510397911 0.9992207884788513 29.980064392089844 0.009828626178205013 0.99982088804245 -0.01617279462516308 -2.2382776737213135 -0.999297559261322 0.010405822657048702 0.036000970751047134 88.91851806640625
