1.0 0.0 0.0 0.0 0.0 1.0 0.0 0.0 0.0 0.0 1.0 0.0
0.999040961265564 -0.0005538676050491631 0.04378204792737961 0.04620753973722458 0.000655838695820421 0.999997079372406 -0.002314732875674963 -0.02096991240978241 -0.04378063976764679 0.0023412269074469805 0.9990383982658386 1.0249269008636475
0.9960255026817322 -0.004501533694565296 0.08895456790924072 0.13826030492782593 0.0051810406148433685 0.9999590516090393 -0.007409383077174425 -0.038170959800481796 -0.088917575776577 0.007840810343623161 0.9960080981254578 2.0471699237823486
0.9908716678619385 -0.004025323782116175 0.13474825024604797 0.2705564498901367 0.0056351348757743835 0.9999171495437622 -0.01156753208488226 -0.059244535863399506 -0.1346905529499054 0.012221262790262699 0.9908123016357422 3.0565736293792725
0.9835257530212402 -0.0011673420667648315 0.18076439201831818 0.4478733241558075 0.003681889269500971 0.9999010562896729 -0.013575714081525803 -0.09207570552825928 -0.1807306557893753 0.014017616398632526 0.9834327101707458 4.089529991149902
0.9739811420440674 -0.0036362058017402887 0.22660037875175476 0.682653546333313 0.0069002192467451096 0.9998835325241089 -0.01361383218318224 -0.12199988961219788 -0.2265245020389557 0.014823207631707191 0.9738926887512207 5.091926574707031
0.962285041809082 -0.0040738750249147415 0.27201250195503235 0.9555469155311584 0.008432192727923393 0.9998540878295898 -0.014855545945465565 -0.15312303602695465 -0.27191227674484253 0.016588931903243065 0.9621790647506714 6.09727668762207
0.9487419128417969 -0.0068544489331543446 0.315977543592453 1.2807707786560059 0.013035728596150875 0.9997627139091492 -0.01745287887752056 -0.1859779804944992 -0.31578299403190613 0.020677275955677032 0.9486061334609985 7.081011772155762
0.9335605502128601 -0.008516968227922916 0.35831838846206665 1.6536955833435059 0.016528334468603134 0.9996770620346069 -0.01930123008787632 -0.2166808843612671 -0.3580382764339447 0.0239412784576416 0.9333999156951904 8.037142753601074
0.9162035584449768 -0.008359991014003754 0.40062594413757324 2.0630695819854736 0.017950627952814102 0.9996349215507507 -0.020192131400108337 -0.24801158905029297 -0.4003108739852905 0.02569158934056759 0.916019082069397 8.971353530883789
0.8966935873031616 -0.009186390787363052 0.4425565302371979 2.5236916542053223 0.019475016742944717 0.9996352791786194 -0.018709665164351463 -0.28730201721191406 -0.4422231614589691 0.025395628064870834 0.89654541015625 9.892006874084473
0.8748621940612793 -0.008818872272968292 0.48429161310195923 3.015444755554199 0.019917700439691544 0.9996435642242432 -0.017777543514966965 -0.32405364513397217 -0.48396214842796326 0.02519887499511242 0.8747259974479675 10.778127670288086
0.8508289456367493 -0.008846953511238098 0.525368332862854 3.54262638092041 0.020672470331192017 0.9996477365493774 -0.016645273193717003 -0.3566443622112274 -0.5250359773635864 0.02502294071018696 0.8507120609283447 11.643880844116211
0.8253814578056335 -0.00951294880360365 0.564495325088501 4.135499000549316 0.022824294865131378 0.9996029734611511 -0.016527298837900162 -0.3959004282951355 -0.5641139149665833 0.026525534689426422 0.8252707719802856 12.496853828430176
0.7981005311012268 -0.011143147945404053 0.6024211645126343 4.742881774902344 0.02611863799393177 0.9995289444923401 -0.016113976016640663 -0.42900627851486206 -0.6019579768180847 0.02859499678015709 0.7980155944824219 13.293105125427246
0.7692118883132935 -0.009931277483701706 0.6389164924621582 5.407500267028809 0.026593448594212532 0.9995104670524597 -0.016480376943945885 -0.4659810960292816 -0.6384400129318237 0.029667897149920464 0.7690995335578918 14.104126930236816
0.738660454750061 -0.013227973133325577 0.673947811126709 6.085549354553223 0.03163782134652138 0.9993859529495239 -0.015060151927173138 -0.4974973201751709 -0.6733347773551941 0.03244657814502716 0.7386254072189331 14.837667465209961
0.7066431045532227 -0.012452461756765842 0.7074605822563171 6.833033561706543 0.032100073993206024 0.9993798136711121 -0.01447226107120514 -0.5305882692337036 -0.7068416476249695 0.032936256378889084 0.7066045999526978 15.575472831726074
0.6726483106613159 -0.011150563135743141 0.7398784160614014 7.584808349609375 0.033104199916124344 0.9993388652801514 -0.015035304240882397 -0.5646399855613708 -0.7392215132713318 0.034606557339429855 0.6725726127624512 16.254621505737305
0.6368581652641296 -0.012326850555837154 0.7708823680877686 8.392302513122559 0.03801518678665161 0.9991580247879028 -0.015428817830979824 -0.5895659923553467 -0.7700431942939758 0.039131201803684235 0.6367905139923096 16.928180694580078
0.6002100110054016 -0.010757884941995144 0.7997699975967407 9.18150520324707 0.03835540637373924 0.9991462230682373 -0.015345155261456966 -0.6186280846595764 -0.7989222407341003 0.03988581523299217 0.6001101732254028 17.51601791381836
0.562536358833313 -0.009553869254887104 0.8267173171043396 10.044912338256836 0.0413542278110981 0.9990067481994629 -0.016594402492046356 -0.6480109691619873 -0.8257375359535217 0.04352321848273277 0.5623727440834045 18.100879669189453
0.5236276388168335 -0.007673758082091808 0.8519126176834106 10.888751983642578 0.04583955556154251 0.99876469373703 -0.019178707152605057 -0.6725629568099976 -0.8507130146026611 0.049093808978796005 0.5233325362205505 18.620101928710938
0.4848954975605011 -0.006596886552870274 0.8745471835136414 11.795177459716797 0.04734497144818306 0.9987032413482666 -0.018717143684625626 -0.6987152695655823 -0.8732896447181702 0.050481267273426056 0.48457902669906616 19.119382858276367
0.44635581970214844 -0.00841517187654972 0.8948158621788025 12.701740264892578 0.052597854286432266 0.9984737634658813 -0.01684707961976528 -0.7262116074562073 -0.8933084011077881 0.05458519980311394 0.4461171627044678 19.568431854248047
0.4096881151199341 -0.00903987791389227 0.9121809005737305 13.634740829467773 0.05660919100046158 0.9982755184173584 -0.015531815588474274 -0.7495782375335693 -0.9104675650596619 0.05800102278590202 0.40949344635009766 19.971115112304688
0.37432920932769775 -0.006577175110578537 0.9272725582122803 14.586029052734375 0.05806925147771835 0.9981784820556641 -0.016361776739358902 -0.7798608541488647 -0.9254758358001709 0.05997072160243988 0.37402936816215515 20.346973419189453
0.3410525619983673 -0.007504099048674107 0.9400142431259155 15.54507827758789 0.058592889457941055 0.9981935024261475 -0.013289917260408401 -0.8041031360626221 -0.9382163882255554 0.059610720723867416 0.34087616205215454 20.691648483276367
0.3076917231082916 -0.00895223580300808 0.9514439702033997 16.53652572631836 0.06115081161260605 0.998074471950531 -0.010384847410023212 -0.8259809613227844 -0.9495190382003784 0.06137690320611 0.3076467216014862 21.005945205688477
0.2751203775405884 -0.008867268450558186 0.961368978023529 17.533119201660156 0.06179239600896835 0.9980530142784119 -0.008477851748466492 -0.84901362657547 -0.9594219326972961 0.06173771619796753 0.2751327455043793 21.281444549560547
0.24289971590042114 -0.006143972743302584 0.9700319170951843 18.537704467773438 0.05920996144413948 0.9982093572616577 -0.008503959514200687 -0.8735621571540833 -0.9682427048683167 0.05950117111206055 0.24282853305339813 21.53554344177246
0.2120054066181183 -0.004514820873737335 0.9772580862045288 19.572057723999023 0.059103745967149734 0.9982180595397949 -0.008210258558392525 -0.8878768086433411 -0.9754796028137207 0.05950023978948593 0.21189449727535248 21.7600040435791
0.18149764835834503 -0.0043883780017495155 0.9833815097808838 20.605327606201172 0.061076536774635315 0.9981098175048828 -0.006818475667387247 -0.9080296754837036 -0.9814929962158203 0.06129907816648483 0.181422621011734 21.949617385864258
0.15103916823863983 -0.004443830344825983 0.9885176420211792 21.686813354492188 0.06273452192544937 0.9980172514915466 -0.005098897032439709 -0.9193335771560669 -0.9865351319313049 0.06278432160615921 0.15101848542690277 22.102895736694336
0.12047574669122696 -0.005275107454508543 0.9927021861076355 22.76751136779785 0.061162225902080536 0.9981256127357483 -0.002118808915838599 -0.9367142915725708 -0.9908303618431091 0.060971152037382126 0.12057255953550339 22.23500633239746
0.09133036434650421 -0.005585501901805401 0.9958049654960632 23.861095428466797 0.061972204595804214 0.9980778694152832 -8.553704537916929e-05 -0.949072539806366 -0.9938904047012329 0.061720047146081924 0.09150095283985138 22.33053207397461
0.0642198845744133 -0.005280807614326477 0.9979218244552612 24.98518180847168 0.0647316500544548 0.9979020953178406 0.0011149869533255696 -0.9540354609489441 -0.9958341121673584 0.06452550739049911 0.06442698836326599 22.396005630493164
0.03947986662387848 -0.004748082719743252 0.9992091059684753 26.108537673950195 0.06907437741756439 0.9976094961166382 0.0020112760830670595 -0.9634702801704407 -0.9968299865722656 0.06894032657146454 0.03971346095204353 22.42496681213379
0.01686837710440159 -0.0042829993180930614 0.999848484992981 27.287199020385742 0.07330939918756485 0.9973047375679016 0.003035303670912981 -0.9653887152671814 -0.9971666932106018 0.07324709743261337 0.017136890441179276 22.43321990966797
-0.0029980081599205732 -0.004396724980324507 0.9999858140945435 28.44140625 0.07899878174066544 0.9968640208244324 0.004619840532541275 -0.9661241769790649 -0.996870219707489 0.07901151478290558 -0.002641271101310849 22.418941497802734
-0.02044961415231228 -0.005066494923084974 0.9997780323028564 29.637514114379883 0.08362671732902527 0.9964742064476013 0.006760266609489918 -0.9702352285385132 -0.9962872862815857 0.08374640345573425 -0.01995382271707058 22.382665634155273
-0.03601280599832535 -0.00481339730322361 0.999339759349823 30.854633331298828 0.0868055522441864 0.9961937665939331 0.007926421239972115 -0.9678491950035095 -0.9955741167068481 0.08703368902206421 -0.03545790910720825 22.328977584838867
-0.05054841935634613 -0.0054607270285487175 0.9987066388130188 32.05836868286133 0.08902449905872345 0.9959797263145447 0.009951691143214703 -0.9662025570869446 -0.9947459697723389 0.08941240608692169 -0.04985905811190605 22.275373458862305
-0.06339596956968307 -0.006307041738182306 0.9979684352874756 33.2715950012207 0.08937588334083557 0.995926022529602 0.011971735395491123 -0.960766077041626 -0.9939783215522766 0.08995325863361359 -0.06257399171590805 22.182241439819336
-0.0753030776977539 -0.006211515050381422 0.9971413016319275 34.46949005126953 0.0891554057598114 0.9959337115287781 0.012936914339661598 -0.9607369899749756 -0.9931670427322388 0.08987471461296082 -0.07444305717945099 22.091093063354492
-0.08644897490739822 -0.00364159164018929 0.9962496161460876 35.6932373046875 0.08909324556589127 0.9959583878517151 0.01137154083698988 -0.9603175520896912 -0.9922645688056946 0.08974216878414154 -0.08577513694763184 21.988441467285156
-0.09627680480480194 -0.00021972725517116487 0.9953545928001404 36.92475509643555 0.0896516740322113 0.995933473110199 0.00889151357114315 -0.9542149305343628 -0.991308867931366 0.09009125828742981 -0.09586559236049652 21.86088752746582
-0.10559548437595367 0.0022476287558674812 0.9944065809249878 38.19075393676758 0.09091790020465851 0.9958308339118958 0.0074036759324371815 -0.9521006345748901 -0.9902440905570984 0.09119117259979248 -0.10535959899425507 21.731386184692383
-0.11322812736034393 0.003505499567836523 0.9935627579689026 39.4810905456543 0.09084850549697876 0.9958412051200867 0.00683970982208848 -0.9418302774429321 -0.9894068837165833 0.09103813767433167 -0.11307568848133087 21.595951080322266
-0.11879295855760574 0.00419593183323741 0.9929101467132568 40.791778564453125 0.09054689109325409 0.9958701729774475 0.0066246939823031425 -0.9367831945419312 -0.988781750202179 0.09069187194108963 -0.11868228018283844 21.438936233520508
-0.12348158657550812 0.005802477244287729 0.9923298954963684 42.115596771240234 0.09192142635583878 0.995750367641449 0.005615855101495981 -0.932682991027832 -0.9880803227424622 0.09190981090068817 -0.12349019944667816 21.271774291992188
-0.1278281956911087 0.007354456931352615 0.9917690753936768 43.44621276855469 0.09087812155485153 0.9958525896072388 0.004328460432589054 -0.9284334182739258 -0.9876239895820618 0.09068342298269272 -0.12796640396118164 21.09832000732422
-0.13226664066314697 0.008112686686217785 0.991180956363678 44.82090759277344 0.09169528633356094 0.9957786798477173 0.004085818771272898 -0.9242488145828247 -0.9869638085365295 0.0914270356297493 -0.13245220482349396 20.92986488342285
-0.13421911001205444 0.007060188800096512 0.9909265041351318 46.209564208984375 0.09157250821590424 0.9957842826843262 0.005308520048856735 -0.9263358116149902 -0.9867115616798401 0.09145413339138031 -0.13429978489875793 20.729890823364258
-0.1363929659128189 0.005689193494617939 0.9906384944915771 47.63373947143555 0.09258614480495453 0.9956798553466797 0.007029292173683643 -0.9172797203063965 -0.986318826675415 0.09267816692590714 -0.1363305002450943 20.52676773071289
-0.1378527730703354 0.003753518220037222 0.9904457330703735 49.0558967590332 0.0926535353064537 0.9956566095352173 0.00912249181419611 -0.9220030307769775 -0.9861094355583191 0.09302584081888199 -0.137601837515831 20.316608428955078
-0.1396074891090393 0.004165504593402147 0.9901981353759766 50.489036560058594 0.0956834927201271 0.9953683018684387 0.009303109720349312 -0.9224129319190979 -0.9855730533599854 0.09604441374540329 -0.13935944437980652 20.11934471130371
-0.139383003115654 0.004761971533298492 0.9902271032333374 51.96875762939453 0.0953972339630127 0.9954017996788025 0.008641126565635204 -0.8930102586746216 -0.9856326580047607 0.09566935151815414 -0.13919636607170105 19.87070083618164
-0.13959723711013794 0.006475033704191446 0.9901872873306274 53.43657302856445 0.09765850007534027 0.9951934814453125 0.007260194048285484 -0.877140998840332 -0.9853808283805847 0.09771370142698288 -0.13955864310264587 19.6604061126709
-0.1391083002090454 0.006503082811832428 0.9902559518814087 54.92686462402344 0.097475066781044 0.9952122569084167 0.007157384417951107 -0.871462345123291 -0.9854680895805359 0.09752089530229568 -0.13907617330551147 19.441946029663086
-0.13814598321914673 0.008053821511566639 0.9903790950775146 56.435577392578125 0.09740187972784042 0.995229959487915 0.005493124481290579 -0.8659261465072632 -0.9856107831001282 0.09722362458705902 -0.1382714956998825 19.22919464111328
-0.13670289516448975 0.008113466203212738 0.990578830242157 57.97224044799805 0.09799937158823013 0.9951719045639038 0.0053731235675513744 -0.8574062585830688 -0.9857527613639832 0.09781060367822647 -0.13683803379535675 19.016929626464844
-0.13503316044807434 0.007132721599191427 0.9908154010772705 59.533164978027344 0.09769834578037262 0.995197057723999 0.00615054601803422 -0.8549168705940247 -0.9860126376152039 0.09763156622648239 -0.1350814700126648 18.800701141357422
-0.13319052755832672 0.008264582604169846 0.991055965423584 61.11214065551758 0.09898193180561066 0.9950766563415527 0.005004323553293943 -0.8449684381484985 -0.9861353039741516 0.09876316040754318 -0.1333528459072113 18.579627990722656
-0.13215772807598114 0.00881007220596075 0.9911895394325256 62.70245361328125 0.09896793961524963 0.9950811266899109 0.0043509723618626595 -0.840937077999115 -0.9862756729125977 0.09867098927497864 -0.13237957656383514 18.375932693481445
-0.13063013553619385 0.009150869213044643 0.9913889765739441 64.30946350097656 0.10008423030376434 0.9949709177017212 0.004003640729933977 -0.8430365324020386 -0.9863665103912354 0.09974540024995804 -0.13088904321193695 18.154109954833984
-0.1296713650226593 0.009549137204885483 0.9915109872817993 65.94206237792969 0.09975460171699524 0.9950060248374939 0.0034632657188922167 -0.8318988084793091 -0.9865264296531677 0.09935687482357025 -0.12997634708881378 17.94173812866211
-0.1282981038093567 0.007656044326722622 0.991706132888794 67.5976333618164 0.10164834558963776 0.9948053359985352 0.005470385774970055 -0.8305158615112305 -0.9865127205848694 0.10150712728500366 -0.12840987741947174 17.718914031982422
-0.1282966583967209 0.005712172947824001 0.9917193651199341 69.2901611328125 0.10390482097864151 0.99455726146698 0.0077134291641414165 -0.8326495289802551 -0.98627769947052 0.10403402894735336 -0.12819190323352814 17.49755859375
-0.12711240351200104 0.006802213843911886 0.9918649792671204 70.9828109741211 0.10550376772880554 0.9943962097167969 0.006701257079839706 -0.8294668197631836 -0.9862613081932068 0.1054973155260086 -0.12711778283119202 17.272083282470703
-0.12648294866085052 0.008836215361952782 0.9919294118881226 72.65990447998047 0.10758330672979355 0.9941841959953308 0.004861866123974323 -0.8217153549194336 -0.9861176013946533 0.10732999444007874 -0.12669797241687775 17.06261444091797
-0.12583321332931519 0.008413927629590034 0.9920157194137573 74.36779022216797 0.10694598406553268 0.9942516088485718 0.005132775288075209 -0.8248229622840881 -0.986270010471344 0.10673797875642776 -0.12600968778133392 16.84967803955078
-0.1254652887582779 0.008291627280414104 0.9920632839202881 76.11270904541016 0.10718375444412231 0.9942253232002258 0.005245731212198734 -0.823590874671936 -0.9862911105155945 0.1069912388920784 -0.1256294995546341 16.624622344970703
-0.12488824874162674 0.007207113318145275 0.9921446442604065 77.84504699707031 0.10698560625314713 0.9942410588264465 0.006244695279747248 -0.8204903602600098 -0.9863858222961426 0.1069251000881195 -0.12494006752967834 16.401004791259766
-0.12490973621606827 0.007323872298002243 0.9921410083770752 79.57012176513672 0.10836338996887207 0.9940913319587708 0.00630459189414978 -0.8206469416618347 -0.9862326383590698 0.10829927027225494 -0.12496533244848251 16.19139862060547
-0.12489180266857147 0.007084207609295845 0.9921450614929199 81.34934997558594 0.1093670204281807 0.9939789772033691 0.0066698831506073475 -0.8151158690452576 -0.9861240983009338 0.10934096574783325 -0.12491462379693985 15.968002319335938
-0.1248847097158432 0.008377106860280037 0.9921358227729797 83.11360168457031 0.1097823828458786 0.9939408302307129 0.005426465999335051 -0.8062840104103088 -0.9860789179801941 0.10959672927856445 -0.12504765391349792 15.743085861206055
-0.12557469308376312 0.009391117841005325 0.992039680480957 84.92211151123047 0.10952695459127426 0.9939738512039185 0.0044547454454004765 -0.8033888339996338 -0.9860196709632874 0.10921447724103928 -0.1258465200662613 15.517511367797852
-0.12679755687713623 0.009933828376233578 0.991878867149353 86.72611236572266 0.10871770977973938 0.9940648674964905 0.003942292649298906 -0.8097562789916992 -0.9859527349472046 0.10833469033241272 -0.12712500989437103 15.292622566223145
-0.12838387489318848 0.010566102340817451 0.9916682839393616 88.5293960571289 0.1079489216208458 0.9941506385803223 0.003382789669558406 -0.8118983507156372 -0.9858319163322449 0.10748381912708282 -0.1287735402584076 15.074318885803223
-0.1291186511516571 0.009806770831346512 0.9915806651115417 90.35326385498047 0.10707424581050873 0.9942424893379211 0.0041095721535384655 -0.8154049515724182 -0.9858313202857971 0.10670337080955505 -0.1294253021478653 14.839398384094238
-0.1298699975013733 0.00930256862193346 0.9914873838424683 92.17640686035156 0.10695593804121017 0.9942527413368225 0.004681112244725227 -0.8196276426315308 -0.9857454299926758 0.10665339231491089 -0.13011857867240906 14.605369567871094
-0.13033558428287506 0.008509707637131214 0.9914334416389465 94.08599090576172 0.10495193302631378 0.994463324546814 0.005261448211967945 -0.8184027075767517 -0.9858994483947754 0.10473860055208206 -0.13050703704357147 14.343914985656738
-0.1320875734090805 0.0094071626663208 0.991193413734436 95.92388916015625 0.10473527759313583 0.994489848613739 0.004518693313002586 -0.8196333646774292 -0.9856892824172974 0.10440978407859802 -0.1323450207710266 14.106059074401855
-0.1342644989490509 0.010387414135038853 0.9908910989761353 97.8092269897461 0.10424073040485382 0.9945452213287354 0.0036987655330449343 -0.8176279067993164 -0.9854475855827332 0.10378782451152802 -0.13461488485336304 13.84087085723877
-0.13822872936725616 0.011446594260632992 0.9903340935707092 99.69170379638672 0.10489408671855927 0.9944783449172974 0.003146397415548563 -0.815466046333313 -0.9848299026489258 0.1043151244521141 -0.13866616785526276 13.57603645324707
-0.14282816648483276 0.01039928663522005 0.9896928668022156 101.58045959472656 0.10291796922683716 0.9946801066398621 0.004400985781103373 -0.8213340044021606 -0.9843820333480835 0.1024857610464096 -0.14313864707946777 13.312520027160645
-0.14767780900001526 0.009772214107215405 0.9889872670173645 103.48507690429688 0.10169082880020142 0.9948015809059143 0.005355034954845905 -0.8239867687225342 -0.9837937951087952 0.10136175900697708 -0.14790385961532593 13.036840438842773
-0.15226133167743683 0.010363920591771603 0.9882859587669373 105.39545440673828 0.1001986637711525 0.9949548840522766 0.00500335730612278 -0.8306317329406738 -0.9832481741905212 0.09978673607110977 -0.15253159403800964 12.749052047729492
-0.15646874904632568 0.012220857664942741 0.9876074194908142 107.31829833984375 0.10084304213523865 0.9948955774307251 0.003665739204734564 -0.8309531807899475 -0.9825212955474854 0.10016690194606781 -0.1569024920463562 12.434516906738281
-0.16120843589305878 0.013953650370240211 0.9868216514587402 109.24453735351562 0.10061655193567276 0.9949224591255188 0.002368651330471039 -0.8409219980239868 -0.9817779660224915 0.09967245906591415 -0.16179382801055908 12.125905990600586
-0.16576531529426575 0.013823320157825947 0.9860683679580688 111.18207550048828 0.09951899200677872 0.9950317740440369 0.002780899405479431 -0.8544236421585083 -0.9811308979988098 0.09859351813793182 -0.16631744801998138 11.801908493041992
-0.1704348623752594 0.013656466268002987 0.9852743148803711 113.138427734375 0.09777688980102539 0.9952034950256348 0.003119564149528742 -0.86000657081604 -0.9805058240890503 0.09686873853206635 -0.1709526777267456 11.467035293579102
-0.1752174198627472 0.013054665178060532 0.984443187713623 115.11249542236328 0.09605596959590912 0.9953683018684387 0.0038971034809947014 -0.8663939833641052 -0.9798327684402466 0.09524448215961456 -0.17565985023975372 11.112916946411133
-0.18083718419075012 0.012456262484192848 0.9834341406822205 117.06481170654297 0.09519790858030319 0.9954463243484497 0.0048969038762152195 -0.8681547045707703 -0.9788949489593506 0.09450642019510269 -0.18119952082633972 10.767518997192383
-0.18644225597381592 0.012452076189219952 0.9823870062828064 119.050537109375 0.0961499884724617 0.9953508973121643 0.005631419364362955 -0.8728451132774353 -0.9777497053146362 0.09550642967224121 -0.18677271902561188 10.394241333007812
-0.19143924117088318 0.013728695921599865 0.981408417224884 121.0053939819336 0.09618057310581207 0.9953521490097046 0.004837794695049524 -0.873715877532959 -0.9767805933952332 0.09531857073307037 -0.19186992943286896 10.01861572265625
-0.19694070518016815 0.014634783379733562 0.9803060293197632 122.96788787841797 0.09584803879261017 0.9953863024711609 0.004395687952637672 -0.881299614906311 -0.9757189154624939 0.0948261171579361 -0.19743478298187256 9.632701873779297
-0.20327168703079224 0.014975356869399548 0.9790078401565552 124.94686126708984 0.09606622159481049 0.995363712310791 0.004720709286630154 -0.8721415996551514 -0.974398136138916 0.09500915557146072 -0.20376788079738617 9.243219375610352
-0.20882979035377502 0.014834431000053883 0.977839469909668 126.92607879638672 0.09495607018470764 0.995468020439148 0.005177181214094162 -0.8745716214179993 -0.973331093788147 0.09393294155597687 -0.20929193496704102 8.828140258789062
-0.2142232060432434 0.015645846724510193 0.9766594171524048 128.91014099121094 0.09427158534526825 0.9955352544784546 0.004729560576379299 -0.874969482421875 -0.9722248911857605 0.093084417283535 -0.21474172174930573 8.399566650390625
-0.2196865677833557 0.016256608068943024 0.9754351377487183 130.912109375 0.0935630351305008 0.9956032633781433 0.004479450639337301 -0.8797998428344727 -0.9710735082626343 0.09224872291088104 -0.2202417403459549 7.9664764404296875
-0.22417119145393372 0.01578306220471859 0.9744219779968262 132.8958282470703 0.09480022639036179 0.9954800605773926 0.005685172975063324 -0.8792145848274231 -0.9699279069900513 0.09364989399909973 -0.2246541678905487 7.515987396240234
-0.22795440256595612 0.01578029803931713 0.9735439419746399 134.8973846435547 0.09697684645652771 0.9952648878097534 0.006574663333594799 -0.8731106519699097 -0.9688302874565125 0.09590994566679001 -0.22840532660484314 7.04803466796875
-0.23152150213718414 0.016543347388505936 0.9726890921592712 136.9055633544922 0.09841565787792206 0.9951241612434387 0.00650017848238349 -0.8761650323867798 -0.9678388833999634 0.09723275899887085 -0.232020765542984 6.574178695678711
-0.2344328612089157 0.017280513420701027 0.9719787240028381 138.905517578125 0.09877394884824753 0.9950910210609436 0.006132002919912338 -0.8742609620094299 -0.9671013355255127 0.09744371473789215 -0.23498889803886414 6.090747833251953
-0.23825885355472565 0.01723646931350231 0.9710488319396973 140.9447784423828 0.0979461818933487 0.9951714277267456 0.006367656867951155 -0.8775643110275269 -0.9662501215934753 0.09662766754627228 -0.2387966513633728 5.60467529296875
-0.2420606166124344 0.01779857836663723 0.9700978398323059 142.9701690673828 0.09625858813524246 0.9953396320343018 0.0057569281198084354 -0.8765648007392883 -0.9654744267463684 0.0947737917304039 -0.24264582991600037 5.099609375
-0.24665413796901703 0.018504157662391663 0.9689269065856934 144.9988250732422 0.09563687443733215 0.9954020380973816 0.005335958208888769 -0.8844435214996338 -0.9643730521202087 0.09398126602172852 -0.2472897171974182 4.591453552246094
-0.2511667311191559 0.01762441359460354 0.9677833914756775 147.02305603027344 0.0936054214835167 0.995590329170227 0.006162406876683235 -0.8908033967018127 -0.9634072780609131 0.09213758260011673 -0.25170886516571045 4.076068878173828
-0.25556132197380066 0.018052658066153526 0.9666242599487305 149.05740356445312 0.0940227285027504 0.995550274848938 0.006265356671065092 -0.8950074911117554 -0.9622099995613098 0.09248585999011993 -0.25612151622772217 3.5374298095703125
-0.260174959897995 0.018523212522268295 0.9653839468955994 151.1116943359375 0.09367518872022629 0.9955837726593018 0.006143176928162575 -0.8995948433876038 -0.961006760597229 0.09203079342842102 -0.26076117157936096 2.9937400817871094
-0.26524651050567627 0.01859883777797222 0.9640011787414551 153.173583984375 0.09295781701803207 0.9956496953964233 0.006368067115545273 -0.8992884755134583 -0.9596890211105347 0.09130056202411652 -0.2658216655254364 2.4450225830078125
-0.26956334710121155 0.01812395267188549 0.9628121852874756 155.22457885742188 0.09311722964048386 0.9956281781196594 0.007328821811825037 -0.9041987657546997 -0.9584699869155884 0.0916299819946289 -0.2700725197792053 1.8759422302246094
-0.2743314802646637 0.018201302736997604 0.9614629149436951 157.28866577148438 0.0936654657125473 0.995572566986084 0.007878272794187069 -0.9037137031555176 -0.9570627212524414 0.09221712499856949 -0.2748217284679413 1.3064994812011719
-0.2787131667137146 0.01868247240781784 0.9601926803588867 159.37123107910156 0.09415832906961441 0.9955254197120667 0.007961195893585682 -0.9062283039093018 -0.9557474255561829 0.09262901544570923 -0.27922508120536804 0.71759033203125
-0.2824245095252991 0.019960081204771996 0.9590818285942078 161.44264221191406 0.0946032851934433 0.9954893589019775 0.007140405476093292 -0.9035079479217529 -0.9546132683753967 0.09274891763925552 -0.28303882479667664 0.11516571044921875
-0.2857363224029541 0.021561874076724052 0.9580656886100769 163.4986572265625 0.09468688070774078 0.9954900145530701 0.005835562478750944 -0.9081771373748779 -0.9536188840866089 0.09238367527723312 -0.2864893078804016 -0.4931449890136719
-0.28948792815208435 0.02253703959286213 0.956916332244873 165.58950805664062 0.09521046280860901 0.9954426884651184 0.005358825903385878 -0.914202868938446 -0.9524345397949219 0.09265976399183273 -0.29031437635421753 -1.1085853576660156
-0.29295462369918823 0.023282993584871292 0.9558428525924683 167.679931640625 0.0948140025138855 0.9954833984375 0.004810799844563007 -0.9189743995666504 -0.951413631439209 0.09203663468360901 -0.2938389480113983 -1.7427597045898438
-0.2965083122253418 0.023381095379590988 0.9547439813613892 169.7864532470703 0.09536229819059372 0.9954289793968201 0.005238577723503113 -0.9258619546890259 -0.9502572417259216 0.09259987622499466 -0.2973826229572296 -2.38824462890625
-0.3006875514984131 0.02374439127743244 0.9534270167350769 171.88900756835938 0.09512516856193542 0.9954516887664795 0.005209172144532204 -0.926982045173645 -0.948966920375824 0.09226123988628387 -0.3015785813331604 -3.0387306213378906
-0.30493056774139404 0.024584917351603508 0.9520571231842041 174.01185607910156 0.09716619551181793 0.995253324508667 0.005420595873147249 -0.9299418926239014 -0.9474049210548401 0.09416067600250244 -0.30587196350097656 -3.7106971740722656
-0.3078288435935974 0.024714414030313492 0.9511207342147827 176.11810302734375 0.0991353914141655 0.9950544834136963 0.006229018792510033 -0.9354631900787354 -0.9462629556655884 0.09620719403028488 -0.3087565302848816 -4.395168304443359
-0.31028857827186584 0.024650387465953827 0.9503227472305298 178.19375610351562 0.1004607304930687 0.9949164390563965 0.00699419854208827 -0.9369808435440063 -0.9453193545341492 0.09764035791158676 -0.31118759512901306 -5.070751190185547
-0.3130597770214081 0.0241694375872612 0.9494258165359497 180.28575134277344 0.09980197250843048 0.9949784278869629 0.007579223718494177 -0.9324297904968262 -0.9444750547409058 0.09712733328342438 -0.31389984488487244 -5.757251739501953
-0.31577450037002563 0.024779625236988068 0.9485106468200684 182.39566040039062 0.09920849651098251 0.9950417280197144 0.007032870315015316 -0.9358947277069092 -0.943633496761322 0.09632110595703125 -0.31666722893714905 -6.4581146240234375
-0.3181966543197632 0.026721559464931488 0.9476480484008789 184.50331115722656 0.09859282523393631 0.9951149821281433 0.005044995341449976 -0.9384989738464355 -0.9428840279579163 0.0950365886092186 -0.31927689909935 -7.168487548828125
-0.3212642967700958 0.02877839468419552 0.9465522170066833 186.63279724121094 0.09825067967176437 0.9951568841934204 0.0030906025785952806 -0.9404555559158325 -0.9418790340423584 0.09399231523275375 -0.32253581285476685 -7.886512756347656
-0.3243003189563751 0.029644479975104332 0.9454894661903381 188.75892639160156 0.09746149182319641 0.9952368140220642 0.0022247980814427137 -0.9544273614883423 -0.9409200549125671 0.09287033975124359 -0.3256447911262512 -8.612998962402344
-0.32816070318222046 0.030852094292640686 0.9441179633140564 190.93370056152344 0.09585058689117432 0.9953954219818115 0.0007884225924499333 -0.9586175680160522 -0.9397462606430054 0.0907529816031456 -0.32960689067840576 -9.34982681274414
-0.33144572377204895 0.031158216297626495 0.9429596662521362 193.08111572265625 0.0969383493065834 0.99528968334198 0.001185997505672276 -0.9729098677635193 -0.9384810328483582 0.09180203080177307 -0.3329049348831177 -10.111217498779297
-0.3357999920845032 0.029962537810206413 0.9414566159248352 195.26878356933594 0.09577597677707672 0.9953998327255249 0.002482188632711768 -0.9828091859817505 -0.9370514154434204 0.0910024642944336 -0.33712491393089294 -10.867462158203125
-0.33918675780296326 0.029503265395760536 0.9402562975883484 197.43185424804688 0.09610257297754288 0.9953655004501343 0.003435436636209488 -0.9936792850494385 -0.9357973337173462 0.09152629971504211 -0.34045013785362244 -11.648849487304688
-0.3431647717952728 0.0294943917542696 0.9388120174407959 199.59725952148438 0.09597541391849518 0.9953764081001282 0.0038105107378214598 -0.9976310729980469 -0.9343589544296265 0.09141051024198532 -0.34440886974334717 -12.434616088867188
-0.3467794954776764 0.02986873686313629 0.9374709725379944 201.7587890625 0.09523071348667145 0.9954490661621094 0.003510778769850731 -1.0069196224212646 -0.9330997467041016 0.09049350023269653 -0.3480457365512848 -13.22219467163086
-0.35073813796043396 0.030252955853939056 0.9359847903251648 203.9275360107422 0.09442352503538132 0.9955269694328308 0.003205497981980443 -1.0240373611450195 -0.931701123714447 0.08950328826904297 -0.3520258665084839 -14.028427124023438
-0.3541505038738251 0.030595680698752403 0.9346877932548523 206.11297607421875 0.09373851865530014 0.9955925345420837 0.002927942667156458 -1.0351567268371582 -0.9304786324501038 0.08865318447351456 -0.3554575443267822 -14.842597961425781
-0.35712188482284546 0.03130997717380524 0.9335328936576843 208.22328186035156 0.09530957043170929 0.9954428672790527 0.003074158215895295 -1.057460069656372 -0.9291824102401733 0.09007245302200317 -0.3584786355495453 -15.643218994140625
-0.3597337305545807 0.031183190643787384 0.9325336813926697 210.37681579589844 0.09646891057491302 0.9953282475471497 0.003930818755179644 -1.0728486776351929 -0.9280546307563782 0.09137458354234695 -0.36106136441230774 -16.472488403320312
-0.3619668781757355 0.031021274626255035 0.931674599647522 212.55789184570312 0.09796278178691864 0.9951779246330261 0.004924031440168619 -1.0797333717346191 -0.9270292520523071 0.09305176138877869 -0.3632603883743286 -17.329139709472656
-0.3649234175682068 0.03174316883087158 0.930496335029602 214.75242614746094 0.09894099831581116 0.99508136510849 0.004856396466493607 -1.0887144804000854 -0.925765335559845 0.0938364565372467 -0.3662692904472351 -18.186691284179688
-0.367749959230423 0.03255202993750572 0.9293547868728638 216.95082092285156 0.09895046055316925 0.995083212852478 0.004300891887396574 -1.1014647483825684 -0.9246453642845154 0.0935417115688324 -0.36916282773017883 -19.049846649169922
-0.3705802857875824 0.03264569491147995 0.9282265305519104 219.13946533203125 0.09847094118595123 0.9951305985450745 0.00431431457400322 -1.1151812076568604 -0.9235657453536987 0.09300214052200317 -0.371990442276001 -19.915950775146484
-0.37374958395957947 0.033806510269641876 0.9269133806228638 221.31900024414062 0.09817228466272354 0.9951639175415039 0.003289223415777087 -1.1326100826263428 -0.9223195910453796 0.0922265574336052 -0.3752609193325043 -20.786396026611328
-0.376343697309494 0.03516371548175812 0.9258125424385071 223.50743103027344 0.09813684225082397 0.9951706528663635 0.0020946748554706573 -1.1440494060516357 -0.9212679266929626 0.09164462983608246 -0.3779771625995636 -21.674880981445312
-0.3790014386177063 0.03517400845885277 0.9247272610664368 225.69451904296875 0.09595438838005066 0.9953845739364624 0.0014654893893748522 -1.160893440246582 -0.9204078912734985 0.08928706496953964 -0.3806273639202118 -22.56106948852539
-0.3819422125816345 0.036114901304244995 0.9234802722930908 227.8697509765625 0.09672918170690536 0.9953100681304932 0.0010822511976584792 -1.1763372421264648 -0.919110119342804 0.08974084258079529 -0.3836444318294525 -23.453956604003906
-0.3843228220939636 0.03579041734337807 0.922504723072052 230.020263671875 0.09856987744569778 0.9951270222663879 0.0024570648092776537 -1.20208740234375 -0.9179214239120483 0.09187547862529755 -0.38597801327705383 -24.352298736572266
-0.38726070523262024 0.03466075286269188 0.9213184714317322 232.1969757080078 0.09869856387376785 0.9951091408729553 0.00404945807531476 -1.2196605205535889 -0.9166721105575562 0.09250100702047348 -0.38878771662712097 -25.256206512451172
-0.3904239535331726 0.03412734344601631 0.9200024008750916 234.33187866210938 0.09753140807151794 0.9952223896980286 0.00447205500677228 -1.2357264757156372 -0.9154543876647949 0.09147512912750244 -0.3918871581554413 -26.15328598022461
-0.39330747723579407 0.03431085869669914 0.9187665581703186 236.45980834960938 0.09618213027715683 0.9953558444976807 0.004002816509455442 -1.251807689666748 -0.9143621921539307 0.0899432897567749 -0.3947809338569641 -27.061641693115234
-0.39674949645996094 0.03361812233924866 0.9173110723495483 238.6501007080078 0.0945369228720665 0.995511531829834 0.0044044554233551025 -1.2641172409057617 -0.9130457639694214 0.08846724033355713 -0.39814695715904236 -27.996978759765625
-0.40068042278289795 0.033417727798223495 0.9156081676483154 240.82310485839844 0.09388553351163864 0.9955716729164124 0.004749131388962269 -1.2748589515686035 -0.9113948941230774 0.08786525577306747 -0.40204349160194397 -28.927528381347656
-0.4041277766227722 0.03352714329957962 0.9140878915786743 242.98170471191406 0.09357301145792007 0.9956005811691284 0.004852722864598036 -1.2913644313812256 -0.9099036455154419 0.08749508112668991 -0.4054871201515198 -29.879310607910156
-0.4080602526664734 0.03345857560634613 0.9123416543006897 245.14500427246094 0.09351503103971481 0.9956036806106567 0.00531410938128829 -1.305772304534912 -0.9081529378890991 0.0874861404299736 -0.4093952476978302 -30.833328247070312
-0.4119785726070404 0.032901253551244736 0.9105992913246155 247.3133087158203 0.09222600609064102 0.9957215189933777 0.005748587194830179 -1.3199101686477661 -0.9065142273902893 0.0863492339849472 -0.41325023770332336 -31.794212341308594
-0.4159519672393799 0.03302881494164467 0.9087865948677063 249.44094848632812 0.09155938029289246 0.9957831501960754 0.005716178100556135 -1.3291022777557373 -0.9047655463218689 0.08558560162782669 -0.41722211241722107 -32.75379943847656
-0.41962283849716187 0.033909060060977936 0.9070649743080139 251.59283447265625 0.09197703748941422 0.995746910572052 0.005325776990503073 -1.3463647365570068 -0.9030265212059021 0.08566394448280334 -0.4209569990634918 -33.73912811279297
-0.423249751329422 0.034473858773708344 0.9053569436073303 253.68057250976562 0.09261086583137512 0.9956878423690796 0.005381659138947725 -1.3594805002212524 -0.9012673497200012 0.08612368255853653 -0.42461735010147095 -34.704673767089844
-0.4273015260696411 0.033978212624788284 0.9034703969955444 255.80857849121094 0.09198309481143951 0.99574214220047 0.00605552364140749 -1.3741360902786255 -0.8994178771972656 0.08569156378507614 -0.4286075234413147 -35.69488525390625
-0.4308328628540039 0.03441276773810387 0.9017753601074219 257.9408264160156 0.09101274609565735 0.9958346486091614 0.005480140447616577 -1.3846153020858765 -0.8978305459022522 0.08443407714366913 -0.4321703016757965 -36.70018768310547
-0.4341827929019928 0.03505173325538635 0.9001425504684448 260.06903076171875 0.09144601225852966 0.9957959055900574 0.005332417320460081 -1.3964070081710815 -0.8961712121963501 0.08462970703840256 -0.43556275963783264 -37.72875213623047
-0.43753108382225037 0.035774435847997665 0.898491382598877 262.19390869140625 0.09209050238132477 0.9957370758056641 0.005198189523071051 -1.3956702947616577 -0.8944751620292664 0.0850168839097023 -0.438960462808609 -38.762733459472656
-0.44065654277801514 0.03725314140319824 0.8969024419784546 264.32135009765625 0.09380826354026794 0.995578944683075 0.0047371722757816315 -1.399929404258728 -0.8927608132362366 0.08622433245182037 -0.4422030448913574 -39.806739807128906
-0.4445075988769531 0.03901270776987076 0.8949251174926758 266.46588134765625 0.09567593038082123 0.9954038858413696 0.0041291480883955956 -1.4089058637619019 -0.8906509280204773 0.08745823800563812 -0.4461972117424011 -40.865272521972656
-0.4477529525756836 0.039807382971048355 0.89327073097229 268.6101379394531 0.09717787057161331 0.9952574968338013 0.004358229227364063 -1.4207888841629028 -0.8888609409332275 0.08875755965709686 -0.44949793815612793 -41.935707092285156
-0.4502592980861664 0.041845954954624176 0.8919167518615723 270.73675537109375 0.09887056797742844 0.9950950741767883 0.003225285792723298 -1.425614356994629 -0.8874070048332214 0.08963652700185776 -0.4521881341934204 -43.01898193359375
-0.4538500905036926 0.044358763843774796 0.8899731636047363 272.8765869140625 0.10099036991596222 0.9948855638504028 0.0019130860455334187 -1.4449694156646729 -0.885336697101593 0.09074697643518448 -0.4560087025165558 -44.08026123046875
