1.0 0.0 0.0 0.0 0.0 1.0 0.0 0.0 0.0 0.0 1.0 0.0
0.9990451335906982 -0.0006233683088794351 0.04368547350168228 0.046537913382053375 0.0007262274739332497 0.9999969601631165 -0.002338710241019726 -0.023651553317904472 -0.04368387907743454 0.002368202432990074 0.9990425705909729 1.0347474813461304
0.99602872133255 -0.004676939453929663 0.0889095738530159 0.13555605709552765 0.005352063570171595 0.9999585747718811 -0.007356492802500725 -0.03947284072637558 -0.08887148648500443 0.007803127635270357 0.9960125088691711 2.0562844276428223
0.9908764362335205 -0.004106750711798668 0.13471075892448425 0.26759833097457886 0.005717362742871046 0.9999167323112488 -0.01157139427959919 -0.059886377304792404 -0.1346520185470581 0.01223601121455431 0.9908173680305481 3.0662057399749756
0.9835189580917358 -0.001074981177225709 0.18080183863639832 0.4499075710773468 0.003564479062333703 0.9999032616615295 -0.013444862328469753 -0.09582622349262238 -0.18076986074447632 0.013867741450667381 0.9834276437759399 4.101442337036133
0.9739803671836853 -0.0037830863147974014 0.22660060226917267 0.6872164011001587 0.00700493436306715 0.9998854398727417 -0.013415749184787273 -0.12733027338981628 -0.22652387619018555 0.014654000289738178 0.9738953113555908 5.106205940246582
0.9622828960418701 -0.004129103384912014 0.2720192074775696 0.9600117802619934 0.008437142707407475 0.9998567700386047 -0.014669572934508324 -0.15896843373775482 -0.27191972732543945 0.016411343589425087 0.9621800184249878 6.111003875732422
0.9487389922142029 -0.0068450067192316055 0.3159865140914917 1.2879526615142822 0.012951536104083061 0.9997676610946655 -0.017229245975613594 -0.1924377828836441 -0.3157952129840851 0.02043857052922249 0.9486072063446045 7.095394611358643
0.9335865378379822 -0.008477588184177876 0.3582516610622406 1.664222240447998 0.016407350078225136 0.9996829628944397 -0.019100485369563103 -0.22273455560207367 -0.35797619819641113 0.023709917441010475 0.9334296584129333 8.05358600616455
0.9162701368331909 -0.008313591592013836 0.4004744589328766 2.0717179775238037 0.017777202650904655 0.9996435642242432 -0.01992161199450493 -0.256019651889801 -0.40016603469848633 0.025372900068759918 0.9160913825035095 8.98415756225586
0.8968234062194824 -0.009406933560967445 0.44228851795196533 2.5248074531555176 0.01951056905090809 0.9996420741081238 -0.01830020360648632 -0.29801297187805176 -0.44195806980133057 0.025041354820132256 0.8966861367225647 9.876463890075684
0.8751029968261719 -0.009211398661136627 0.4838489294052124 3.015791893005371 0.02015390433371067 0.9996450543403625 -0.017419932410120964 -0.33317944407463074 -0.48351672291755676 0.024995680898427963 0.8749781250953674 10.75283145904541
0.8511219620704651 -0.009396095760166645 0.5248838067054749 3.5519907474517822 0.021114779636263847 0.9996435046195984 -0.01634363643825054 -0.36339202523231506 -0.5245431065559387 0.024993237107992172 0.8510168790817261 11.62786865234375
0.8257450461387634 -0.010147466324269772 0.5639522075653076 4.136440753936768 0.02331044152379036 0.9995979070663452 -0.016145162284374237 -0.40437623858451843 -0.5635614991188049 0.026477763429284096 0.825649619102478 12.4638032913208
0.7984964847564697 -0.011787070892751217 0.6018841862678528 4.742141246795654 0.026526257395744324 0.9995261430740356 -0.015617024153470993 -0.4392531216144562 -0.6014147996902466 0.02843587100505829 0.7984307408332825 13.259159088134766
0.7694916129112244 -0.010395688004791737 0.6385722756385803 5.401316165924072 0.026802172884345055 0.9995123147964478 -0.01602547988295555 -0.4711757302284241 -0.6380941867828369 0.029446598142385483 0.7693949937820435 14.0707368850708
0.7389711737632751 -0.013782525435090065 0.6735959649085999 6.0786824226379395 0.031878285109996796 0.9993862509727478 -0.014523640275001526 -0.5046122074127197 -0.672982394695282 0.03220563754439354 0.7389570474624634 14.802079200744629
0.7068666815757751 -0.012645632959902287 0.7072336673736572 6.8090362548828125 0.03187181055545807 0.9993941187858582 -0.013985687866806984 -0.5327304601669312 -0.7066283822059631 0.03242683410644531 0.7068413496017456 15.529884338378906
0.672784149646759 -0.011340443976223469 0.7397518754005432 7.563043117523193 0.03270615264773369 0.9993608593940735 -0.014425082132220268 -0.5697822570800781 -0.7391155958175659 0.033899400383234024 0.6727250814437866 16.21165657043457
0.6370652914047241 -0.012492137961089611 0.7707085013389587 8.33383846282959 0.0373067744076252 0.9991965889930725 -0.014642051421105862 -0.5936757326126099 -0.7699064612388611 0.038080595433712006 0.6370195746421814 16.85187339782715
0.6002614498138428 -0.010536403395235538 0.7997342944145203 9.121479988098145 0.037266720086336136 0.9991956353187561 -0.01480722613632679 -0.6199556589126587 -0.7989351153373718 0.0386916808784008 0.6001714468002319 17.447038650512695
0.5623760223388672 -0.00937334168702364 0.8268284797668457 9.945059776306152 0.040129609405994415 0.999066948890686 -0.015968652442097664 -0.6513433456420898 -0.8259072303771973 0.04216068983078003 0.5622274875640869 18.001188278198242
0.5237642526626587 -0.007709878496825695 0.8518285155296326 10.804688453674316 0.04480540379881859 0.9988242387771606 -0.018509194254875183 -0.6780173182487488 -0.8506841063499451 0.047860968858003616 0.5234939455986023 18.523277282714844
0.4850590229034424 -0.0068125175312161446 0.8744548559188843 11.670674324035645 0.0465519055724144 0.9987529516220093 -0.01804140768945217 -0.7018625736236572 -0.8732414841651917 0.049458689987659454 0.4847712516784668 18.998537063598633
0.44656604528427124 -0.008804433979094028 0.8947073817253113 12.572702407836914 0.051920052617788315 0.9985216856002808 -0.01608828827738762 -0.7305556535720825 -0.8932430148124695 0.05363773554563522 0.4463629722595215 19.439828872680664
0.40942487120628357 -0.00917764101177454 0.9122976660728455 13.502714157104492 0.05529630929231644 0.9983606338500977 -0.014772685244679451 -0.7580682039260864 -0.9106665849685669 0.05649499595165253 0.40926113724708557 19.86026382446289
0.37436389923095703 -0.006595697719603777 0.9272584319114685 14.434837341308594 0.056693222373723984 0.9982668161392212 -0.015788083896040916 -0.7836673259735107 -0.925547182559967 0.058479756116867065 0.3740890324115753 20.226301193237305
0.3409702479839325 -0.007449389901012182 0.9400445818901062 15.393357276916504 0.057220082730054855 0.9982789754867554 -0.012843835167586803 -0.8051233291625977 -0.9383309483528137 0.05816879868507385 0.34080970287323 20.56960105895996
0.3076045513153076 -0.008972221985459328 0.9514719843864441 16.382429122924805 0.05970517173409462 0.9981670379638672 -0.009889733046293259 -0.8276675939559937 -0.9496392607688904 0.05984993278980255 0.30757641792297363 20.88558006286621
0.27504366636276245 -0.00897071324288845 0.9613898992538452 17.365339279174805 0.06019280478358269 0.9981554746627808 -0.007906762883067131 -0.8498526215553284 -0.9595456123352051 0.06004345789551735 0.275076299905777 21.158721923828125
0.24275876581668854 -0.006072245072573423 0.9700676798820496 18.371437072753906 0.05759669467806816 0.9983065724372864 -0.008164524100720882 -0.870649516582489 -0.9683752655982971 0.05785469710826874 0.24269740283489227 21.41623306274414
0.21186798810958862 -0.004454073030501604 0.9772881269454956 19.408573150634766 0.05739537626504898 0.9983203411102295 -0.007892914116382599 -0.8846144080162048 -0.9756113886833191 0.057764071971178055 0.21176777780056 21.6434383392334
0.1812136322259903 -0.004377247299998999 0.9834340214729309 20.434314727783203 0.05932748317718506 0.9982174634933472 -0.006489001214504242 -0.9046268463134766 -0.981652557849884 0.05952055752277374 0.18115034699440002 21.83483123779297
0.15057562291622162 -0.004420838784426451 0.9885885715484619 21.491207122802734 0.06105484813451767 0.9981228113174438 -0.004836016800254583 -0.9160864353179932 -0.986711323261261 0.06108631193637848 0.1505628526210785 21.99330711364746
0.12009573727846146 -0.005255873780697584 0.9927483797073364 22.570058822631836 0.05935487151145935 0.9982351660728455 -0.0018954136176034808 -0.9317963123321533 -0.9909864068031311 0.05915207788348198 0.12019574642181396 22.12570571899414
0.09120970219373703 -0.005620686803013086 0.9958158135414124 23.663414001464844 0.06015344336628914 0.9981892704963684 0.0001244509912794456 -0.9420109987258911 -0.994013249874115 0.05989041551947594 0.09138263761997223 22.21484375
0.06436168402433395 -0.005260516423732042 0.9979127049446106 24.778926849365234 0.0630672499537468 0.9980085492134094 0.0011934159556403756 -0.9438468217849731 -0.9959317445755005 0.06285880506038666 0.0645652711391449 22.27269744873047
0.03964153304696083 -0.004747627768665552 0.9992026686668396 25.89946937561035 0.06724870949983597 0.997734010219574 0.002072680275887251 -0.9505383372306824 -0.9969484210014343 0.06711293756961823 0.0398709811270237 22.299114227294922
0.01675560139119625 -0.0042497445829212666 0.9998505711555481 27.08284568786621 0.07155730575323105 0.9974319934844971 0.0030402978882193565 -0.9512866735458374 -0.9972956776618958 0.07149568200111389 0.01701667346060276 22.315032958984375
-0.0031960674095898867 -0.004373944364488125 0.9999852776527405 28.235807418823242 0.07715381681919098 0.9970085024833679 0.004607516806572676 -0.950886070728302 -0.9970141053199768 0.07716740667819977 -0.0028490403201431036 22.301605224609375
-0.020285168662667274 -0.005165037699043751 0.9997808933258057 29.424814224243164 0.08166191726922989 0.9966368079185486 0.0068056839518249035 -0.9549680948257446 -0.996453583240509 0.08178206533193588 -0.019795162603259087 22.252647399902344
-0.03603196516633034 -0.00477128429338336 0.9993391633033752 30.638933181762695 0.0848715677857399 0.9963613748550415 0.007817177101969719 -0.9496364593505859 -0.9957401752471924 0.08509716391563416 -0.035495903342962265 22.20270347595215
-0.05005388706922531 -0.0054971217177808285 0.9987313747406006 31.835708618164062 0.08723945170640945 0.9961386322975159 0.009855072945356369 -0.9470704197883606 -0.9949290156364441 0.08762206137180328 -0.04938104748725891 22.13656234741211
-0.06300053745508194 -0.0065363491885364056 0.9979920983314514 33.05066680908203 0.08724401146173477 0.9961143136024475 0.01203152909874916 -0.9440404176712036 -0.9941928386688232 0.08782682567834854 -0.062185484915971756 22.04827880859375
-0.0749087855219841 -0.006411656737327576 0.9971697926521301 34.2566032409668 0.08695919811725616 0.9961278438568115 0.012937451712787151 -0.9409749507904053 -0.9933915734291077 0.08768221735954285 -0.07406116276979446 21.957454681396484
-0.08579938858747482 -0.0038999689277261496 0.9963047504425049 35.472564697265625 0.08684597164392471 0.9961567521095276 0.01137835718691349 -0.9395408034324646 -0.9925201535224915 0.08750130981206894 -0.08513092994689941 21.852378845214844
-0.09567262977361679 -0.0004996656789444387 0.9954127073287964 36.7087516784668 0.08745905011892319 0.9961283206939697 0.008906022645533085 -0.932986319065094 -0.9915632605552673 0.08790991455316544 -0.09525851160287857 21.73094367980957
-0.1046389564871788 0.0021258764900267124 0.9945080280303955 37.97597885131836 0.08889716863632202 0.9960145354270935 0.007224378176033497 -0.9260653853416443 -0.9905291199684143 0.08916488289833069 -0.10441091656684875 21.595970153808594
-0.11196134239435196 0.0033926363103091717 0.9937067627906799 39.27024841308594 0.08885928243398666 0.9960222244262695 0.006611267104744911 -0.9144673943519592 -0.9897316098213196 0.08904026448726654 -0.11181744188070297 21.450876235961914
-0.11721891909837723 0.00411957036703825 0.9930976629257202 40.56547164916992 0.08860407769680023 0.996046781539917 0.006326459348201752 -0.9076886177062988 -0.9891455769538879 0.08873407542705536 -0.11712056398391724 21.291288375854492
-0.12220920622348785 0.0056889732368290424 0.9924880862236023 41.884361267089844 0.09005442261695862 0.995922327041626 0.005380118731409311 -0.9040944576263428 -0.9884103536605835 0.09003543853759766 -0.12222320586442947 21.13037109375
-0.12681818008422852 0.007114384323358536 0.9919004440307617 43.21438980102539 0.08892835676670074 0.9960290193557739 0.0042258258908987045 -0.9018207788467407 -0.9879316091537476 0.08874398469924927 -0.12694726884365082 20.962182998657227
-0.13139872252941132 0.007873664610087872 0.991298258304596 44.59120559692383 0.08937065303325653 0.9959906935691833 0.003935336135327816 -0.8985180854797363 -0.9872928857803345 0.08911007642745972 -0.1315755695104599 20.798742294311523
-0.13444288074970245 0.0072903865948319435 0.9908944964408875 45.98223876953125 0.08908120542764664 0.9960129261016846 0.004758342634886503 -0.8887125253677368 -0.9869091510772705 0.08890979737043381 -0.13455632328987122 20.61191177368164
-0.1379268616437912 0.004841444082558155 0.9904305934906006 47.419105529785156 0.0897160992026329 0.9959381222724915 0.007625452242791653 -0.8941853046417236 -0.9863706827163696 0.08990931510925293 -0.13780099153518677 20.431310653686523
-0.1397131234407425 0.0035263514146208763 0.9901857376098633 48.84693145751953 0.08932361006736755 0.9959614872932434 0.009056456387043 -0.8887749314308167 -0.9861549139022827 0.08971228450536728 -0.1394639015197754 20.215801239013672
-0.14123743772506714 0.004133064299821854 0.9899671077728271 50.269920349121094 0.09168154746294022 0.9957483410835266 0.008922900073230267 -0.882651150226593 -0.9857212901115417 0.09202196449041367 -0.141015887260437 20.021467208862305
-0.1426110863685608 0.004138399381190538 0.9897701740264893 51.785125732421875 0.09203904867172241 0.9957137703895569 0.009098200127482414 -0.8656207919120789 -0.9854902029037476 0.09239500015974045 -0.1423807144165039 19.774356842041016
-0.14270298182964325 0.0058128247037529945 0.989748477935791 53.249210357666016 0.09368810057640076 0.9955721497535706 0.007661020383238792 -0.8503953218460083 -0.9853214621543884 0.09382089972496033 -0.1426156610250473 19.5577335357666
-0.14377261698246002 0.00611170195043087 0.9895920157432556 54.76415252685547 0.09315946698188782 0.9956238269805908 0.00738569488748908 -0.8380838632583618 -0.9852160811424255 0.09325171262025833 -0.1437128186225891 19.353382110595703
-0.1428133249282837 0.007718657609075308 0.989719569683075 56.27412796020508 0.09293484687805176 0.9956563115119934 0.005645243916660547 -0.8303512930870056 -0.9853768348693848 0.09278567135334015 -0.14291030168533325 19.128087997436523
-0.1419047862291336 0.008056685328483582 0.9898476004600525 57.81276321411133 0.09353234618902206 0.9956021308898926 0.005305297672748566 -0.8172239661216736 -0.9854515790939331 0.09333561360836029 -0.14203427731990814 18.91520118713379
-0.13983100652694702 0.005978685803711414 0.9901572465896606 59.367008209228516 0.09222745895385742 0.9957132935523987 0.00701221963390708 -0.8250322341918945 -0.985870897769928 0.09230019897222519 -0.13978299498558044 18.690385818481445
-0.13914187252521515 0.00746740959584713 0.9902443885803223 60.95305252075195 0.09342335164546967 0.9956106543540955 0.005619286093860865 -0.8117086291313171 -0.9858558177947998 0.09329380840063095 -0.13922876119613647 18.474035263061523
-0.1379845142364502 0.007634344045072794 0.9904049634933472 62.5562744140625 0.09239112585783005 0.995709240436554 0.005196825135499239 -0.8068746328353882 -0.9861156940460205 0.09222172945737839 -0.1380978375673294 18.257061004638672
-0.13658055663108826 0.008142635226249695 0.9905955195426941 64.1648941040039 0.0935194343328476 0.9956062436103821 0.004710374865680933 -0.8017923831939697 -0.9862048029899597 0.0932832658290863 -0.13674195110797882 18.025371551513672
-0.1353139728307724 0.008166193030774593 0.9907691478729248 65.79537200927734 0.09306897968053818 0.9956494569778442 0.004504448734223843 -0.7947438955307007 -0.9864220023155212 0.09281939268112183 -0.13548530638217926 17.79836654663086
-0.13479703664779663 0.006831584498286247 0.9908496737480164 67.43222045898438 0.09516591578722 0.9954427480697632 0.006083291955292225 -0.7892633676528931 -0.9862926602363586 0.09511511772871017 -0.13483284413814545 17.57379913330078
-0.13405537605285645 0.004796161316335201 0.9909622669219971 69.08924865722656 0.09671139717102051 0.9952780604362488 0.008265871554613113 -0.7866598963737488 -0.986243486404419 0.09694541990756989 -0.13388623297214508 17.350605010986328
-0.1334783434867859 0.0056691523641347885 0.991035521030426 70.84977722167969 0.09771963953971863 0.9951859712600708 0.007468548137694597 -0.7783507704734802 -0.9862222075462341 0.09784053266048431 -0.13338977098464966 17.10698890686035
-0.13256211578845978 0.007737208157777786 0.9911444783210754 72.53827667236328 0.09979551285505295 0.9949922561645508 0.005580055993050337 -0.7715879678726196 -0.9861379265785217 0.09965149313211441 -0.13267041742801666 16.87754249572754
-0.1324181854724884 0.007294636685401201 0.9911670088768005 74.25137329101562 0.09885550290346146 0.9950844049453735 0.005883455276489258 -0.770081102848053 -0.9862520098686218 0.09876139461994171 -0.1324883997440338 16.653032302856445
-0.13177020847797394 0.007289208937436342 0.9912534952163696 75.97059631347656 0.09948906302452087 0.9950210452079773 0.005908455699682236 -0.765480101108551 -0.9862750768661499 0.0993974357843399 -0.1318393349647522 16.41840171813965
-0.13118888437747955 0.0061785075813531876 0.9913381338119507 77.70061492919922 0.09924103319644928 0.9950392842292786 0.006931501906365156 -0.7613680362701416 -0.986377477645874 0.09929072856903076 -0.13115127384662628 16.185623168945312
-0.1312202364206314 0.006410638336092234 0.9913325309753418 79.4311752319336 0.1005953848361969 0.9949036240577698 0.006881834473460913 -0.7577306032180786 -0.9862362146377563 0.10062650591135025 -0.13119636476039886 15.968875885009766
-0.13115891814231873 0.006581142079085112 0.9913395047187805 81.20354461669922 0.1018512174487114 0.9947758913040161 0.006871445570141077 -0.745547354221344 -0.9861154556274414 0.10187038779258728 -0.13114403188228607 15.739190101623535
-0.13092517852783203 0.007388770114630461 0.9913647174835205 82.96353149414062 0.10209943354129791 0.9947556853294373 0.006069781258702278 -0.7410716414451599 -0.9861207604408264 0.10201247036457062 -0.13099293410778046 15.505642890930176
-0.13104842603206635 0.008337829262018204 0.9913408160209656 84.75962829589844 0.10200339555740356 0.994770884513855 0.005117468535900116 -0.7377207279205322 -0.9861143231391907 0.10179078578948975 -0.13121367990970612 15.254698753356934
-0.13232830166816711 0.00901318434625864 0.9911649823188782 86.56044006347656 0.10123132914304733 0.9948529005050659 0.0044684577733278275 -0.7425187826156616 -0.9860230684280396 0.10092826187610626 -0.13255959749221802 15.024218559265137
-0.13380806148052216 0.009581056423485279 0.9909608960151672 88.3623275756836 0.10037759691476822 0.994941771030426 0.0039343032985925674 -0.7437488436698914 -0.9859105944633484 0.09999673813581467 -0.13409294188022614 14.795491218566895
-0.13467006385326385 0.00882269162684679 0.9908511638641357 90.17875671386719 0.09932966530323029 0.9950436949729919 0.004640222992748022 -0.745211660861969 -0.9858993887901306 0.09904582798480988 -0.1348789930343628 14.558021545410156
-0.13565167784690857 0.008703246712684631 0.9907183647155762 92.01387023925781 0.09964075684547424 0.9950113892555237 0.00490210484713316 -0.7444216012954712 -0.9857333898544312 0.09938090294599533 -0.13584215939044952 14.313700675964355
-0.13610999286174774 0.007734187413007021 0.9906635284423828 93.88204193115234 0.09718052297830582 0.9952511191368103 0.005581897683441639 -0.7425177097320557 -0.9859158396720886 0.09703295677900314 -0.1362152099609375 14.06134033203125
-0.137939453125 0.008399562910199165 0.9904051423072815 95.70598602294922 0.09696775674819946 0.9952747821807861 0.005064401309937239 -0.7465952038764954 -0.9856824278831482 0.09673593938350677 -0.13810215890407562 13.819957733154297
-0.14021116495132446 0.009353157132863998 0.9900773763656616 97.58262634277344 0.0961383804678917 0.9953590631484985 0.004211715422570705 -0.7407037615776062 -0.985443115234375 0.09577496349811554 -0.14045967161655426 13.549219131469727
-0.14445684850215912 0.010255493223667145 0.989457905292511 99.45645904541016 0.0965321809053421 0.9953227043151855 0.0037770255003124475 -0.7392126321792603 -0.9847912192344666 0.09606015682220459 -0.14477117359638214 13.281896591186523
-0.14903999865055084 0.009357391856610775 0.9887868762016296 101.34668731689453 0.09475773572921753 0.9954884648323059 0.004862037021666765 -0.7413628697395325 -0.9842804670333862 0.09441985934972763 -0.14925429224967957 13.0021390914917
-0.15368159115314484 0.008593290112912655 0.9880830645561218 103.23539733886719 0.09326790273189545 0.9956238865852356 0.0058475579135119915 -0.7439582943916321 -0.9837088584899902 0.09305509924888611 -0.153810515999794 12.71618366241455
-0.15818755328655243 0.009303306229412556 0.9873652458190918 105.1338119506836 0.09213709086179733 0.995731770992279 0.0053793080151081085 -0.7499589920043945 -0.983100950717926 0.09182389080524445 -0.15836955606937408 12.418137550354004
-0.16265898942947388 0.010988420806825161 0.986621081829071 107.04470825195312 0.09250667691230774 0.9957033395767212 0.004161512013524771 -0.7527921795845032 -0.9823362231254578 0.09194594621658325 -0.16297660768032074 12.098787307739258
-0.1671920120716095 0.012845247983932495 0.9858406782150269 108.99012756347656 0.09225290268659592 0.9957320094108582 0.00267135351896286 -0.7587792277336121 -0.9815987348556519 0.09139331430196762 -0.16766346991062164 11.771955490112305
-0.1717289239168167 0.012854008004069328 0.9850603342056274 110.93305206298828 0.0911371260881424 0.9958342909812927 0.002893652068451047 -0.7685903906822205 -0.9809195399284363 0.09027248620986938 -0.1721849888563156 11.436308860778809
-0.17616192996501923 0.012599573470652103 0.9842805862426758 112.8781967163086 0.08936053514480591 0.9959940910339355 0.003243814455345273 -0.7745795845985413 -0.9802967309951782 0.08852727711200714 -0.17658214271068573 11.087790489196777
-0.1808992624282837 0.012299194931983948 0.983424723148346 114.84398651123047 0.08774852752685547 0.9961358308792114 0.0036830182652920485 -0.7767364978790283 -0.9795793294906616 0.0869603231549263 -0.18127945065498352 10.726062774658203
-0.18608763813972473 0.011365591548383236 0.9824674129486084 116.77564239501953 0.0867997333407402 0.9962136745452881 0.004915988072752953 -0.7864283323287964 -0.978691577911377 0.08619271218776703 -0.18636956810951233 10.369123458862305
-0.1909630447626114 0.010995582677423954 0.9815356135368347 118.7510757446289 0.08714468777179718 0.9961788654327393 0.00579484598711133 -0.7911913394927979 -0.9777213335037231 0.08664222061634064 -0.19119152426719666 9.980936050415039
-0.19618524610996246 0.012485246174037457 0.9804873466491699 120.69877624511719 0.08767803758382797 0.9961370229721069 0.004858932923525572 -0.7971463203430176 -0.9766390919685364 0.08692046254873276 -0.1965220421552658 9.602926254272461
-0.20169779658317566 0.013600679114460945 0.9793534278869629 122.65992736816406 0.08740109950304031 0.9961645007133484 0.004166114144027233 -0.8014481663703918 -0.9755403995513916 0.08643686026334763 -0.20211291313171387 9.208213806152344
-0.20724262297153473 0.013594692572951317 0.9781951308250427 124.63848114013672 0.08774136006832123 0.9961320161819458 0.004745109006762505 -0.8015449047088623 -0.974346935749054 0.08681155741214752 -0.207633838057518 8.811389923095703
-0.21267640590667725 0.0134833212941885 0.97702956199646 126.62593078613281 0.08663245290517807 0.9962273836135864 0.005109596531838179 -0.803957462310791 -0.9732746481895447 0.08572917431592941 -0.21304215490818024 8.387866973876953
-0.2178179770708084 0.014320203103125095 0.9758843183517456 128.6189727783203 0.08601558208465576 0.9962832927703857 0.00457919342443347 -0.8043403625488281 -0.9721916913986206 0.08493869006633759 -0.21824020147323608 7.9487080574035645
-0.22325916588306427 0.014813106507062912 0.9746465086936951 130.62635803222656 0.08524195104837418 0.9963506460189819 0.004383120220154524 -0.8124367594718933 -0.9710248112678528 0.08405932784080505 -0.22370709478855133 7.511442184448242
-0.22753097116947174 0.014219112694263458 0.9736670255661011 132.61294555664062 0.08659272640943527 0.9962275624275208 0.005686805117875338 -0.814709484577179 -0.9699130654335022 0.0856064110994339 -0.22790391743183136 7.051552772521973
-0.23098118603229523 0.01422915793955326 0.9728540778160095 134.61721801757812 0.08898462355136871 0.9960113763809204 0.006559436209499836 -0.8101721405982971 -0.9688804149627686 0.08808417618274689 -0.23132607340812683 6.566617012023926
-0.234507754445076 0.014880090020596981 0.9720003604888916 136.63796997070312 0.09026600420475006 0.9958962798118591 0.006531944032758474 -0.8138480186462402 -0.967914342880249 0.08927038311958313 -0.23488852381706238 6.076859951019287
-0.23741358518600464 0.01561357919126749 0.9712831974029541 138.651611328125 0.09070628136396408 0.9958585500717163 0.006162965204566717 -0.8135063052177429 -0.9671645164489746 0.08956465125083923 -0.23784661293029785 5.580735206604004
-0.24101723730564117 0.0157401692122221 0.970393180847168 140.69467163085938 0.09015068411827087 0.9959086179733276 0.006236747372895479 -0.8139115571975708 -0.9663247466087341 0.08898478001356125 -0.24145011603832245 5.086124897003174
-0.2445257306098938 0.01622375100851059 0.9695070385932922 142.71022033691406 0.08912961930036545 0.9960030913352966 0.005812834948301315 -0.8219118118286133 -0.9655377268791199 0.08783319592475891 -0.24499443173408508 4.575794219970703
-0.24937133491039276 0.01697252318263054 0.9682591557502747 144.74668884277344 0.08827121555805206 0.9960824847221375 0.005273665301501751 -0.8274635076522827 -0.9643766283988953 0.08678451180458069 -0.24989260733127594 4.06337308883667
-0.2534937858581543 0.016475383192300797 0.9671967029571533 146.7562713623047 0.08654796332120895 0.9962313175201416 0.005713505670428276 -0.8304753303527832 -0.9634574055671692 0.08515725284814835 -0.2539643943309784 3.546156167984009
-0.25816696882247925 0.0167267806828022 0.9659554958343506 148.7918701171875 0.08716855198144913 0.996175229549408 0.006047102157026529 -0.8368791341781616 -0.9621598124504089 0.08576210588216782 -0.25863757729530334 3.007204532623291
-0.26321420073509216 0.017080437391996384 0.9645861983299255 150.84646606445312 0.08630784600973129 0.9962509870529175 0.005910355597734451 -0.8421459197998047 -0.9608690142631531 0.08480704575777054 -0.26370158791542053 2.465235471725464
-0.2684089243412018 0.017406156286597252 0.9631478190422058 152.90316772460938 0.08596611022949219 0.9962801933288574 0.005952006671577692 -0.8429692387580872 -0.9594615697860718 0.08439565449953079 -0.26890677213668823 1.912096381187439
-0.2730635702610016 0.01650169864296913 0.9618544578552246 154.9582977294922 0.08573884516954422 0.9962912797927856 0.0072481511160731316 -0.8547258973121643 -0.9581674933433533 0.08444750308990479 -0.27346572279930115 1.3418112993240356
-0.2777712941169739 0.016389749944210052 0.960507333278656 157.02175903320312 0.08620786666870117 0.9962456226348877 0.00793106947094202 -0.8546194434165955 -0.9567713141441345 0.08500631898641586 -0.2781413495540619 0.7629708051681519
-0.2820412218570709 0.017130110412836075 0.9592492580413818 159.10366821289062 0.08678346872329712 0.9961972236633301 0.007726403418928385 -0.8548372387886047 -0.9554691910743713 0.08542615175247192 -0.28245532512664795 0.16518458724021912
-0.28578394651412964 0.018603986129164696 0.9581134915351868 161.1707305908203 0.08744894713163376 0.9961462020874023 0.006741594988852739 -0.8517252206802368 -0.9542955756187439 0.08571265637874603 -0.28630945086479187 -0.4443722665309906
-0.2900300920009613 0.019851915538311005 0.9568116068840027 163.24136352539062 0.08710334450006485 0.9961827993392944 0.005734109785407782 -0.8601217269897461 -0.9530454277992249 0.08500455319881439 -0.29065221548080444 -1.0544160604476929
-0.29387134313583374 0.021166639402508736 0.9556105136871338 165.33152770996094 0.08787836134433746 0.9961188435554504 0.004960647784173489 -0.8634750843048096 -0.9517966508865356 0.08543529361486435 -0.29459086060523987 -1.679033875465393
-0.297474205493927 0.021825585514307022 0.9544803500175476 167.4187469482422 0.08742505311965942 0.9961611032485962 0.004468295257538557 -0.8702375888824463 -0.9507186412811279 0.08477470278739929 -0.2982403337955475 -2.319706439971924
-0.30115509033203125 0.02174396812915802 0.9533272385597229 169.52235412597656 0.0875951498746872 0.9961438775062561 0.004950666334480047 -0.8775398135185242 -0.9495434165000916 0.08499775826931 -0.3018984794616699 -2.9731252193450928
-0.30558037757873535 0.022412287071347237 0.951902449131012 171.6180419921875 0.08767297863960266 0.9961382746696472 0.004691035952419043 -0.8766663670539856 -0.9481212496757507 0.08488962054252625 -0.30636531114578247 -3.627755880355835
-0.3097372055053711 0.02317003719508648 0.9505398273468018 173.7189178466797 0.08977791666984558 0.995949387550354 0.00497756153345108 -0.8863592743873596 -0.9465741515159607 0.08687921613454819 -0.31056275963783264 -4.311117172241211
-0.3125736117362976 0.0237093735486269 0.9495975971221924 175.80990600585938 0.09204649925231934 0.9957398772239685 0.005436981562525034 -0.8872539401054382 -0.9454231858253479 0.08910659700632095 -0.31342440843582153 -5.0059685707092285
-0.3152868449687958 0.023034969344735146 0.9487168192863464 177.86929321289062 0.09270685911178589 0.995671272277832 0.006634215824306011 -0.8950269222259521 -0.9444573521614075 0.09004422277212143 -0.31605756282806396 -5.68093729019165
-0.3181392252445221 0.02268838696181774 0.9477724432945251 179.96153259277344 0.09224089235067368 0.9957112073898315 0.007126576732844114 -0.8910146951675415 -0.9435459971427917 0.08969061821699142 -0.31886765360832214 -6.383071422576904
-0.32067427039146423 0.0234763752669096 0.9468985795974731 182.05233764648438 0.09185247123241425 0.9957519173622131 0.006418934091925621 -0.8944676518440247 -0.9427253007888794 0.08903337270021439 -0.3214683532714844 -7.093838214874268
-0.32350224256515503 0.025532716885209084 0.9458828568458557 184.1566619873047 0.09121455252170563 0.9958218336105347 0.004315621219575405 -0.8969836235046387 -0.9418206810951233 0.08767436444759369 -0.3244795799255371 -7.808363437652588
-0.3268325626850128 0.027704913169145584 0.9446761012077332 186.28286743164062 0.09108592569828033 0.9958403706550598 0.0023078545928001404 -0.9003504514694214 -0.9406826496124268 0.08680099993944168 -0.3279965817928314 -8.536046028137207
-0.33018240332603455 0.028426332399249077 0.9434890151023865 188.4057159423828 0.08999790996313095 0.9959408640861511 0.0014889257727190852 -0.916851282119751 -0.9396169185638428 0.08540365099906921 -0.33140045404434204 -9.26990032196045
-0.33431297540664673 0.02987290732562542 0.9419885277748108 190.5723876953125 0.08869908004999161 0.996058464050293 -0.00010818497685249895 -0.9245805144309998 -0.9382789134979248 0.08351735025644302 -0.33564504981040955 -10.018749237060547
-0.337708979845047 0.030000273138284683 0.9407723546028137 192.70831298828125 0.08942349255084991 0.9959935545921326 0.00033912871731445193 -0.9424352645874023 -0.9369931221008301 0.08424166589975357 -0.33903878927230835 -10.788615226745605
-0.3417445421218872 0.028815951198339462 0.9393509030342102 194.8811798095703 0.08861898630857468 0.9960641860961914 0.001684701070189476 -0.9555147886276245 -0.9356053471565247 0.08382006734609604 -0.3429531753063202 -11.559653282165527
-0.3453439176082611 0.028426190838217735 0.9380456209182739 197.04135131835938 0.08886098861694336 0.9960408210754395 0.002530743135139346 -0.9672457575798035 -0.9342597723007202 0.08422964066267014 -0.34650254249572754 -12.352062225341797
-0.3492285907268524 0.028341148048639297 0.9366088509559631 199.20106506347656 0.08873587846755981 0.9960508346557617 0.002946674358099699 -0.976275622844696 -0.9328265190124512 0.0841398760676384 -0.3503642976284027 -13.151887893676758
-0.35323116183280945 0.028605954721570015 0.9350987672805786 201.36695861816406 0.0878109484910965 0.9961335062980652 0.0026972698979079723 -0.9863502979278564 -0.9314059019088745 0.08306465297937393 -0.3543773889541626 -13.952900886535645
-0.35699015855789185 0.029255038127303123 0.9336498975753784 203.5302276611328 0.08712232112884521 0.9961955547332764 0.0020972362253814936 -1.0024280548095703 -0.9300364255905151 0.08209046721458435 -0.3581807315349579 -14.776327133178711
-0.3607369661331177 0.02960510365664959 0.932197630405426 205.7106170654297 0.08662919700145721 0.9962388277053833 0.0018843738362193108 -1.0173065662384033 -0.9286355972290039 0.08143530040979385 -0.3619447946548462 -15.59977912902832
-0.36317670345306396 0.030385583639144897 0.9312246441841125 207.81503295898438 0.08828612416982651 0.996093213558197 0.0019292760407552123 -1.040924072265625 -0.9275280237197876 0.08291487395763397 -0.36444056034088135 -16.425113677978516
-0.36588430404663086 0.02999541349709034 0.930176854133606 209.96580505371094 0.08909738063812256 0.9960185289382935 0.0029277761932462454 -1.0587691068649292 -0.9263856410980225 0.0839475616812706 -0.3671001195907593 -17.26670265197754
-0.368654727935791 0.0297193992882967 0.929091215133667 212.1443634033203 0.09069433808326721 0.9958702325820923 0.004131169058382511 -1.070263385772705 -0.9251313805580139 0.08578627556562424 -0.36982759833335876 -18.131534576416016
-0.37131640315055847 0.03068598359823227 0.9279991388320923 214.32568359375 0.09241019934415817 0.9957126975059509 0.00405064458027482 -1.0854779481887817 -0.9238963723182678 0.0872606709599495 -0.3725601136684418 -19.001808166503906
-0.3744345009326935 0.031382013112306595 0.9267221689224243 216.5187530517578 0.09212920814752579 0.9957408905029297 0.0035048280842602253 -1.0993595123291016 -0.9226651787757874 0.0866905078291893 -0.3757309317588806 -19.878637313842773
-0.3773025870323181 0.031656134873628616 0.9255489706993103 218.69895935058594 0.09142297506332397 0.9958069920539856 0.003209694754332304 -1.110634446144104 -0.921566367149353 0.08582746237516403 -0.37861472368240356 -20.754640579223633
-0.38016951084136963 0.03300953656435013 0.9243276119232178 220.8721923828125 0.09134230762720108 0.9958175420761108 0.0020058813970535994 -1.129122257232666 -0.9203954339027405 0.08519280701875687 -0.38159462809562683 -21.644620895385742
-0.38305404782295227 0.034559737890958786 0.9230793714523315 223.0623321533203 0.09152061492204666 0.9958029389381409 0.0006962010520510375 -1.1409494876861572 -0.9191809296607971 0.08474744111299515 -0.38460925221443176 -22.54718589782715
-0.38531532883644104 0.0344407893717289 0.922141969203949 225.2294464111328 0.08934355527162552 0.9960008859634399 0.0001327076315646991 -1.1645556688308716 -0.9184496998786926 0.08243858814239502 -0.38685142993927 -23.44715690612793
-0.3888295590877533 0.035482537001371384 0.9206262230873108 227.40444946289062 0.0902281180024147 0.9959210753440857 -0.00027638551546260715 -1.183257818222046 -0.9168808460235596 0.08295892179012299 -0.3904449939727783 -24.348318099975586
-0.39174559712409973 0.03502488508820534 0.9194066524505615 229.56298828125 0.09164652228355408 0.9957908987998962 0.001114482176490128 -1.209450602531433 -0.9154978394508362 0.08469702303409576 -0.393306702375412 -25.26428985595703
-0.394789457321167 0.03393443301320076 0.918144702911377 231.7352752685547 0.09192288666963577 0.9957624077796936 0.0027223951183259487 -1.2317116260528564 -0.9141616225242615 0.08547328412532806 -0.396235853433609 -26.186622619628906
-0.39824652671813965 0.03343749791383743 0.9166687726974487 233.85757446289062 0.09082275629043579 0.9958620667457581 0.0031316871754825115 -1.2488609552383423 -0.9127709269523621 0.08450157195329666 -0.39963555335998535 -27.095556259155273
-0.40132492780685425 0.033707395195961 0.9153153300285339 235.98562622070312 0.08947673439979553 0.9959855675697327 0.002553387079387903 -1.2688106298446655 -0.911554753780365 0.08292415738105774 -0.402729868888855 -28.021358489990234
-0.40514153242111206 0.03294549137353897 0.9136601686477661 238.17344665527344 0.08753965049982071 0.9961568117141724 0.0028972213622182608 -1.283620834350586 -0.9100533723831177 0.08115527778863907 -0.40646854043006897 -28.972745895385742
-0.4088064432144165 0.0324988067150116 0.9120422601699829 240.33067321777344 0.08684636652469635 0.9962158203125 0.003429143689572811 -1.3015176057815552 -0.9084793925285339 0.08060941100120544 -0.4100818932056427 -29.923866271972656
-0.41279539465904236 0.03299551457166672 0.9102259278297424 242.4850616455078 0.08671431243419647 0.996228039264679 0.003212628187611699 -1.3179925680160522 -0.9066866040229797 0.08025576919317245 -0.4140996038913727 -30.888219833374023
-0.416731595993042 0.03304141387343407 0.9084289073944092 244.63668823242188 0.08648533374071121 0.9962471127510071 0.003438620362430811 -1.3323864936828613 -0.9049060940742493 0.07999873161315918 -0.41802528500556946 -31.860218048095703
-0.42120039463043213 0.03177708014845848 0.9064107537269592 246.80230712890625 0.08455459028482437 0.9964092373847961 0.004359440412372351 -1.352245807647705 -0.9030175805091858 0.07847737520933151 -0.4223749041557312 -32.83677673339844
-0.4253017008304596 0.03178061544895172 0.9044936299324036 248.9228973388672 0.0839819684624672 0.9964572191238403 0.004477267153561115 -1.3655753135681152 -0.9011467695236206 0.0778653472661972 -0.4264639616012573 -33.81846237182617
-0.4288085997104645 0.03289172798395157 0.9027963876724243 251.0565643310547 0.08417639136314392 0.9964442253112793 0.0036783439572900534 -1.381384253501892 -0.8994651436805725 0.07757143676280975 -0.4300524890422821 -34.828125
-0.43225613236427307 0.03317447379231453 0.9011404514312744 253.12144470214844 0.08448528498411179 0.996417224407196 0.0038436404429376125 -1.4013563394546509 -0.8977845907211304 0.07779454439878464 -0.4335102438926697 -35.81113052368164
-0.43605563044548035 0.032993026077747345 0.8993146419525146 255.2484893798828 0.08435512334108353 0.9964262843132019 0.004345989320427179 -1.4176461696624756 -0.8959574103355408 0.07775689661502838 -0.4372803866863251 -36.827964782714844
-0.4395138621330261 0.03349784389138222 0.8976109623908997 257.3287353515625 0.08343279361724854 0.9965068101882935 0.003664232324808836 -1.4361602067947388 -0.8943525552749634 0.07650067657232285 -0.4407733976840973 -37.85406494140625
-0.4432670772075653 0.033774010837078094 0.895753026008606 259.44830322265625 0.08344234526157379 0.9965056777000427 0.0037189314607530832 -1.4496312141418457 -0.8924974203109741 0.07639220356941223 -0.4445362985134125 -38.89713668823242
-0.44687730073928833 0.03438076004385948 0.8939343690872192 261.5495910644531 0.08394745737314224 0.9964635372161865 0.003641237039119005 -1.455145239830017 -0.8906477093696594 0.07667069882154465 -0.4481830894947052 -39.9415397644043
-0.45014214515686035 0.035963062196969986 0.8922324776649475 263.67279052734375 0.0856684222817421 0.9963189959526062 0.003062301315367222 -1.4610041379928589 -0.888837993144989 0.07781461626291275 -0.4515659809112549 -41.01102066040039
-0.4532909393310547 0.038139767944812775 0.890546441078186 265.7970275878906 0.08792997151613235 0.9961244463920593 0.002095233416184783 -1.4723228216171265 -0.8870150446891785 0.07925546169281006 -0.4548878073692322 -42.09913635253906
-0.45626646280288696 0.03869672119617462 0.8890013694763184 267.9297180175781 0.08920695632696152 0.9960100650787354 0.0024294909089803696 -1.4910826683044434 -0.8853603005409241 0.08041360229253769 -0.4578980803489685 -43.190895080566406
-0.4593717157840729 0.04090503230690956 0.8873016834259033 270.060302734375 0.09076882898807526 0.9958714246749878 0.0010824634227901697 -1.493681788444519 -0.8835941553115845 0.08103659749031067 -0.46118801832199097 -44.290225982666016
-0.4623205363750458 0.043684352189302444 0.885636031627655 272.18695068359375 0.09315181523561478 0.9956517219543457 -0.0004837168089579791 -1.5176854133605957 -0.8818062543869019 0.08227498084306717 -0.46437960863113403 -45.38127136230469
