0.9999154210090637 6.282935646595433e-05 -0.013005509041249752 9.459017753601074 -0.00015480654838029295 0.9999749660491943 -0.007071285974234343 2.40618634223938 0.013004738837480545 0.007072701118886471 0.9998904466629028 -3.69065260887146
0.9998940229415894 -0.0023471855092793703 -0.014362125657498837 9.432780265808105 0.002287705661728978 0.9999887347221375 -0.004156446550041437 2.3797824382781982 0.01437171921133995 0.004123150836676359 0.9998881816864014 -2.1686949729919434
0.9998701810836792 -0.0027099542785435915 -0.015880294144153595 9.409194946289062 0.0026585606392472982 0.9999911785125732 -0.003256547497585416 2.3507630825042725 0.01588897779583931 0.003213906195014715 0.9998685717582703 -0.6502113342285156
0.9998510479927063 -0.0016687941970303655 -0.017177894711494446 9.370770454406738 0.0016063115326687694 0.9999920129776001 -0.0036505672615021467 2.3268158435821533 0.017183851450681686 0.0036224303767085075 0.9998458027839661 0.8610516786575317
0.9998236894607544 -0.0008558040135540068 -0.018754173070192337 9.338356018066406 0.000787241559009999 0.9999929070472717 -0.0036629289388656616 2.2989308834075928 0.018757173791527748 0.0036475190427154303 0.999817430973053 2.3624730110168457
0.9997928142547607 -0.0011431329185143113 -0.020324809476733208 9.304923057556152 0.0010704172309488058 0.9999929666519165 -0.0035882098600268364 2.2769556045532227 0.020328769460320473 0.0035657098051160574 0.9997869729995728 3.8615288734436035
0.9997601509094238 -0.0015464546158909798 -0.021844811737537384 9.261558532714844 0.0014831413282081485 0.9999945759773254 -0.002914232201874256 2.247697591781616 0.02184920199215412 0.002881132997572422 0.9997571110725403 5.362125873565674
0.9997180104255676 -0.0032969447784125805 -0.02351708896458149 9.21939468383789 0.0032084579579532146 0.9999876618385315 -0.0037994105368852615 2.2244606018066406 0.023529324680566788 0.003722884925082326 0.9997162222862244 6.858625411987305
0.9996788501739502 -0.004364224150776863 -0.024960678070783615 9.183441162109375 0.004275890998542309 0.9999843835830688 -0.0035911586601287127 2.200896978378296 0.024975961074233055 0.003483277279883623 0.9996819496154785 8.34591293334961
0.999643087387085 -0.004164315760135651 -0.026389075443148613 9.139374732971191 0.0040682461112737656 0.9999849200248718 -0.0036931924987584352 2.1733038425445557 0.02640405483543873 0.003584517864510417 0.9996448755264282 9.835352897644043
0.9996212124824524 -0.0035351368132978678 -0.027294348925352097 9.092705726623535 0.0034382659941911697 0.9999876022338867 -0.0035952446050941944 2.1468236446380615 0.027306722477078438 0.003500037593767047 0.9996209144592285 11.31156063079834
0.9996042847633362 -0.0017474176129326224 -0.028077509254217148 9.041858673095703 0.0016652797348797321 0.9999942779541016 -0.0029485151171684265 2.119535207748413 0.028082503005862236 0.0029005915857851505 0.9996013045310974 12.785468101501465
0.9995962381362915 -0.0004399286990519613 -0.028410127386450768 8.993928909301758 0.00036933692172169685 0.9999967813491821 -0.0024899388663470745 2.0977914333343506 0.0284111350774765 0.002478439826518297 0.999593198299408 14.283184051513672
0.9995737075805664 0.00031865775235928595 -0.029192399233579636 8.942726135253906 -0.0003670490987133235 0.9999985694885254 -0.0016523255035281181 2.0742313861846924 0.02919183298945427 0.0016623360570520163 0.9995724558830261 15.74963092803955
0.999562680721283 4.900826024822891e-05 -0.02957082726061344 8.901056289672852 -8.997543773148209e-05 0.9999990463256836 -0.0013840628089383245 2.044743776321411 0.02957073040306568 0.0013861199840903282 0.9995617270469666 17.20476531982422
0.999541699886322 0.0011690425453707576 -0.030247051268815994 8.851035118103027 -0.0012156956363469362 0.999998152256012 -0.0015240481588989496 2.026517629623413 0.030245212838053703 0.001560121076181531 0.9995412826538086 18.670331954956055
0.9995359182357788 0.0007230829796753824 -0.030451852828264236 8.813406944274902 -0.0007518184720538557 0.9999992847442627 -0.0009322010446339846 2.005028009414673 0.030451154336333275 0.0009546627406962216 0.9995357990264893 20.141096115112305
0.9995392560958862 0.00199669087305665 -0.030286971479654312 8.759642601013184 -0.0019894542638212442 0.9999979734420776 0.00026907166466116905 1.983907699584961 0.030287448316812515 -0.00020869221771135926 0.9995412230491638 21.580062866210938
0.9995394945144653 0.0023840474896132946 -0.030251244083046913 8.711365699768066 -0.002414529910311103 0.999996542930603 -0.0009711440652608871 1.960823655128479 0.03024882636964321 0.0010437392629683018 0.9995418787002563 23.01852035522461
0.9995371103286743 0.0026157591491937637 -0.03031129762530327 8.661177635192871 -0.002710373606532812 0.9999915361404419 -0.003080753143876791 1.9428246021270752 0.03030298464000225 0.0031614815816283226 0.9995357394218445 24.449193954467773
0.9995496273040771 0.0010553532047197223 -0.029990317299962044 8.609454154968262 -0.0011534063378348947 0.9999940395355225 -0.0032523961272090673 1.9181994199752808 0.029986707493662834 0.0032855221070349216 0.9995447993278503 25.861465454101562
0.9995627999305725 0.0005149212665855885 -0.02956114150583744 8.561565399169922 -0.0005303002544678748 0.9999997019767761 -0.0005124073359183967 1.8938568830490112 0.029560871422290802 0.000527859665453434 0.9995628595352173 27.314525604248047
0.9995681643486023 -0.001213749055750668 -0.029360074549913406 8.511795997619629 0.001239013741724193 0.999998927116394 0.0008423261460848153 1.868390440940857 0.029359014704823494 -0.0008783399243839085 0.9995685815811157 28.714984893798828
0.999575138092041 -0.001979054184630513 -0.029077835381031036 8.470227241516113 0.001983012305572629 0.9999980330467224 0.00010728297638706863 1.8483270406723022 0.02907756343483925 -0.0001648981706239283 0.9995771646499634 30.12767219543457
0.9995937943458557 -0.002092985436320305 -0.028422025963664055 8.4161958694458 0.002047221874818206 0.9999966025352478 -0.00163914798758924 1.8245669603347778 0.02842535823583603 0.0015802964335307479 0.9995946884155273 31.49986457824707
0.999602735042572 -0.0010891217971220613 -0.028163647279143333 8.374099731445312 0.0010193255729973316 0.9999964833259583 -0.00249247788451612 1.802773118019104 0.028166258707642555 0.0024627801030874252 0.9996002316474915 32.85865783691406
0.9996334314346313 -0.00029573688516393304 -0.027071692049503326 8.32135009765625 0.00020387045515235513 0.9999942183494568 -0.0033961408771574497 1.779242992401123 0.027072539553046227 0.003389377146959305 0.9996277093887329 34.21352767944336
0.9996616840362549 0.00011932818597415462 -0.02601064182817936 8.285547256469727 -0.00017778475012164563 0.9999973773956299 -0.0022451088298112154 1.7493878602981567 0.026010308414697647 0.0022489724215120077 0.9996591210365295 35.55682373046875
0.9996964335441589 0.0007610935717821121 -0.02462898939847946 8.239856719970703 -0.0007683708681724966 0.9999996423721313 -0.0002860128879547119 1.7254513502120972 0.024628764018416405 0.0003048498183488846 0.9996966123580933 36.876888275146484
0.99974125623703 0.00040508341044187546 -0.022743454203009605 8.207761764526367 -0.0003884548495989293 0.9999996423721313 0.000735555833671242 1.7007683515548706 0.022743746638298035 -0.0007265288732014596 0.9997410178184509 38.185813903808594
0.9997950196266174 0.0009085089550353587 -0.020228687673807144 8.16790771484375 -0.0008824315737001598 0.9999988079071045 0.0012980133760720491 1.6806601285934448 0.020229844376444817 -0.0012798977550119162 0.9997945427894592 39.47298049926758
0.9998558163642883 0.0005375695182010531 -0.016968505457043648 8.149466514587402 -0.0005217278376221657 0.9999994039535522 0.0009380016126669943 1.654974341392517 0.016968997195363045 -0.0009290135349147022 0.9998555779457092 40.73774337768555
0.9999092817306519 -0.00017384631792083383 -0.013467606157064438 8.12381649017334 0.00015926592459436506 0.9999994039535522 -0.0010836925357580185 1.6366058588027954 0.013467784970998764 0.0010814496781677008 0.9999087452888489 41.997039794921875
0.9999518990516663 -0.000322790932841599 -0.009800828993320465 8.098990440368652 0.00029885084950365126 0.9999969601631165 -0.0024440260604023933 1.6080844402313232 0.009801588021218777 0.0024409794714301825 0.9999489784240723 43.199398040771484
0.9999836087226868 3.70723610103596e-05 -0.005728919059038162 8.086081504821777 -4.773950422531925e-05 0.9999983310699463 -0.0018618578324094415 1.5867338180541992 0.005728838033974171 0.0018621004419401288 0.9999818801879883 44.41503143310547
1.0 7.1266899794864e-06 -0.00011886842548847198 8.074097633361816 -7.369684681179933e-06 0.9999979734420776 -0.0020441804081201553 1.5615535974502563 0.0001188516616821289 0.00204418133944273 0.9999979138374329 45.64558029174805
0.999978244304657 0.001815248397178948 0.006339746527373791 8.074617385864258 -0.0017958838725462556 0.999993622303009 -0.0030588433146476746 1.5426580905914307 -0.006345255766063929 0.0030473913066089153 0.9999752044677734 46.836585998535156
0.9998968243598938 0.003486820962280035 0.013934003189206123 8.076662063598633 -0.0034458343870937824 0.9999896883964539 -0.002964405808597803 1.521354079246521 -0.013944195583462715 0.002916086232289672 0.9998984932899475 48.02973556518555
0.9997498393058777 0.004414432216435671 0.021925687789916992 8.107638359069824 -0.004368489142507315 0.9999881386756897 -0.002142853569239378 1.5012248754501343 -0.021934889256954193 0.0020465354900807142 0.9997572898864746 49.2321662902832
0.9994504451751709 0.006665593478828669 0.03246995434165001 8.134119987487793 -0.006623863708227873 0.9999770522117615 -0.0013925950042903423 1.4793787002563477 -0.03247849643230438 0.0011767535470426083 0.9994717836380005 50.40249252319336
0.9989334940910339 0.00896084401756525 0.045293331146240234 8.172029495239258 -0.008896379731595516 0.9999590516090393 -0.0016246859449893236 1.4598734378814697 -0.04530603438615799 0.0012200064957141876 0.9989724159240723 51.54058837890625
0.998120129108429 0.010787679813802242 0.06032967567443848 8.225646018981934 -0.010727332904934883 0.9999415874481201 -0.0013240814441815019 1.4419153928756714 -0.06034043803811073 0.0006744163110852242 0.9981775879859924 52.67572784423828
0.9969793558120728 0.013350807130336761 0.07651091367006302 8.29808235168457 -0.013400513678789139 0.9999101161956787 0.00013628037413582206 1.419338345527649 -0.076502226293087 -0.0011611542431637645 0.9970687627792358 53.80134963989258
0.995460033416748 0.013232247903943062 0.09425618499517441 8.39786148071289 -0.013379120267927647 0.9999099969863892 0.0009264157270081341 1.401458740234375 -0.09423545002937317 -0.002183276228606701 0.9955475926399231 54.91928482055664
0.9934535026550293 0.013331071473658085 0.11345671117305756 8.508685111999512 -0.013442886993288994 0.9999095797538757 0.0002204873744631186 1.3828336000442505 -0.1134435161948204 -0.0017442295793443918 0.9935429096221924 56.0145263671875
0.9909088611602783 0.012851842679083347 0.13391920924186707 8.649895668029785 -0.012847812846302986 0.9999170899391174 -0.0008943149587139487 1.3730061054229736 -0.1339196115732193 -0.0008343837689608335 0.9909918308258057 57.11418914794922
0.9879131317138672 0.009515555575489998 0.15471616387367249 8.807517051696777 -0.009479334577918053 0.9999545812606812 -0.0009718724177218974 1.3499195575714111 -0.15471841394901276 -0.000506480922922492 0.9879584908485413 58.146728515625
0.9843271374702454 0.0045651644468307495 0.17629362642765045 8.995889663696289 -0.004843663889914751 0.9999876022338867 0.00114945019595325 1.334445595741272 -0.17628620564937592 -0.0019853427074849606 0.9843369722366333 59.18351745605469
0.9798195958137512 -0.0007077078917063773 0.199882373213768 9.200509071350098 0.00017829143325798213 0.9999964237213135 0.002666630083695054 1.3156824111938477 -0.19988353550434113 -0.0025771791115403175 0.9798162579536438 60.2357177734375
0.9746537804603577 -0.005750915035605431 0.22364485263824463 9.439155578613281 0.005405736621469259 0.999983012676239 0.002155633643269539 1.299849033355713 -0.22365346550941467 -0.0008920304826460779 0.9746683835983276 61.24871826171875
0.9684374928474426 -0.011673680506646633 0.24898289144039154 9.697007179260254 0.01195980142802 0.9999284148216248 0.0003635736939031631 1.2825403213500977 -0.24896924197673798 0.002625686815008521 0.9685078263282776 62.23857116699219
0.9611794948577881 -0.015269286930561066 0.275501012802124 9.983040809631348 0.015580055303871632 0.9998780488967896 0.001060590147972107 1.2725765705108643 -0.2754836082458496 0.0032729043159633875 0.9613001942634583 63.22630310058594
0.952919602394104 -0.01784299686551094 0.30269742012023926 10.284126281738281 0.017580119892954826 0.9998389482498169 0.0035932993050664663 1.2526741027832031 -0.30271270871162415 0.0018973289988934994 0.9530799388885498 64.18256378173828
0.9435817003250122 -0.022266346961259842 0.3303900361061096 10.616460800170898 0.021368607878684998 0.9997515082359314 0.006349408999085426 1.2432899475097656 -0.33044928312301636 0.0010687883477658033 0.9438232183456421 65.12894439697266
0.9329279661178589 -0.025138622149825096 0.3591841757297516 10.972594261169434 0.024576183408498764 0.9996791481971741 0.0061326297000050545 1.230424165725708 -0.3592231273651123 0.003106076270341873 0.9332465529441833 66.04884338378906
0.9211008548736572 -0.024182042106986046 0.388572096824646 11.346755981445312 0.02521153725683689 0.9996791481971741 0.002449766965582967 1.2200881242752075 -0.3885066509246826 0.007540019229054451 0.9214150905609131 66.9486083984375
0.9084869027137756 -0.025866059586405754 0.41711193323135376 11.75562572479248 0.029635630548000336 0.9995574951171875 -0.0025627848226577044 1.2019131183624268 -0.4168611168861389 0.014689630828797817 0.9088515043258667 67.80970764160156
0.894609272480011 -0.028016677126288414 0.445969820022583 12.187583923339844 0.03373706340789795 0.9994188547134399 -0.004890688695013523 1.1876850128173828 -0.4455735981464386 0.019420970231294632 0.8950346112251282 68.66510772705078
0.879381000995636 -0.028687650337815285 0.475253701210022 12.646781921386719 0.033377185463905334 0.9994418025016785 -0.0014300253242254257 1.1703450679779053 -0.47494739294052124 0.01712016947567463 0.8798476457595825 69.50503540039062
0.8620566725730896 -0.027354424819350243 0.5060731768608093 13.13045883178711 0.029282551258802414 0.9995625615119934 0.00414809538051486 1.1587265729904175 -0.5059652924537659 0.01124321948736906 0.862480640411377 70.3360595703125
0.8426750898361206 -0.027645066380500793 0.5377122163772583 13.637592315673828 0.027574824169278145 0.999586284160614 0.008177248761057854 1.1436233520507812 -0.5377158522605896 0.007936556823551655 0.8430888056755066 71.14326477050781
0.8219684362411499 -0.021640829741954803 0.5691218376159668 14.165441513061523 0.02380918525159359 0.9997098445892334 0.0036269091069698334 1.1323388814926147 -0.5690352916717529 0.01056912261992693 0.8222452402114868 71.9150390625
0.8003221154212952 -0.014648339711129665 0.5993914604187012 14.72018814086914 0.020831171423196793 0.9997772574424744 -0.0033810408785939217 1.1206309795379639 -0.5992084741592407 0.015191947109997272 0.8004489541053772 72.66094207763672
0.7779989838600159 -0.01216913666576147 0.6281476020812988 15.303447723388672 0.02022257074713707 0.9997793436050415 -0.005678103305399418 1.1159632205963135 -0.6279399991035461 0.01712031662464142 0.7780733108520508 73.4052734375
0.754955530166626 -0.014715133234858513 0.6556109189987183 15.920127868652344 0.021641111001372337 0.999762773513794 -0.0024807944428175688 1.1035414934158325 -0.6554188132286072 0.01606103777885437 0.7550948262214661 74.10903930664062
0.7309257388114929 -0.015332616865634918 0.6822847723960876 16.554216384887695 0.022243745625019073 0.999751627445221 -0.0013626501895487309 1.0801688432693481 -0.682094395160675 0.016172565519809723 0.7310851812362671 74.78056335449219
0.7058146595954895 -0.013275649398565292 0.7082721590995789 17.20267677307129 0.02318141795694828 0.9997217655181885 -0.004362483974546194 1.0691947937011719 -0.7080171704292297 0.019497858360409737 0.7059260010719299 75.43563079833984
0.6800865530967712 -0.011098175309598446 0.7330478429794312 17.871564865112305 0.023247813805937767 0.9997090697288513 -0.006432840134948492 1.0551254749298096 -0.7327631115913391 0.021416649222373962 0.6801466345787048 76.04277038574219
0.6530922055244446 -0.00850951299071312 0.7572304606437683 18.559114456176758 0.02154967002570629 0.9997407793998718 -0.007351275533437729 1.0412484407424927 -0.7569718956947327 0.0211191289126873 0.6531062722206116 76.64580535888672
0.6254323720932007 -0.006897539831697941 0.7802479267120361 19.2685546875 0.02143826335668564 0.9997353553771973 -0.00834666658192873 1.0235581398010254 -0.7799837589263916 0.021947432309389114 0.6254147291183472 77.21183776855469
0.5964569449424744 -0.0007170015014708042 0.8026447892189026 19.992694854736328 0.02038339152932167 0.999690592288971 -0.014254171401262283 1.0007166862487793 -0.8023862242698669 0.0248626209795475 0.5962870121002197 77.77212524414062
0.5666686296463013 0.00869071390479803 0.8238999247550964 20.74755096435547 0.019254056736826897 0.9995315670967102 -0.023786040022969246 0.9816750288009644 -0.8237207531929016 0.029342221096158028 0.5662358999252319 78.29397583007812
0.5359691977500916 0.01688314974308014 0.8440686464309692 21.510244369506836 0.018254630267620087 0.9993343949317932 -0.03158016875386238 0.9512002468109131 -0.8440401554107666 0.032334160059690475 0.5353043079376221 78.78230285644531
0.5044339895248413 0.021978026255965233 0.8631705045700073 22.32102394104004 0.015808414667844772 0.9992733597755432 -0.034681860357522964 0.9216694831848145 -0.8633055090904236 0.03114006482064724 0.5037199854850769 79.26057434082031
0.47216567397117615 0.021329184994101524 0.8812516927719116 23.149864196777344 0.014151085168123245 0.9993950724601746 -0.03177064657211304 0.8850098848342896 -0.8813961744308472 0.02747168019413948 0.4715781807899475 79.70928955078125
0.43927738070487976 0.02049246057868004 0.8981176614761353 23.98944854736328 0.009638669900596142 0.9995747208595276 -0.02752177231013775 0.8530724048614502 -0.8982997536659241 0.020746350288391113 0.4388929605484009 80.1182632446289
0.4047783613204956 0.0216240081936121 0.9141591191291809 24.8588924407959 0.005800142418593168 0.9996395111083984 -0.02621423825621605 0.8156846761703491 -0.9143964052200317 0.015913208946585655 0.4045071005821228 80.52938842773438
0.36964792013168335 0.02497144602239132 0.9288363456726074 25.72815704345703 -0.0014609094941988587 0.9996532201766968 -0.026293935254216194 0.7861146926879883 -0.9291707277297974 0.008362554013729095 0.369556188583374 80.8915023803711
0.33402183651924133 0.026972653344273567 0.9421793818473816 26.624662399291992 -0.006355655379593372 0.9996322393417358 -0.026364199817180634 0.757339358329773 -0.9425438642501831 0.002818053588271141 0.3340703845024109 81.21369934082031
0.2976803481578827 0.026074832305312157 0.9543094635009766 27.54213523864746 -0.008297985419631004 0.9996598362922668 -0.02472553960978985 0.7212594747543335 -0.9546295404434204 -0.0005585382459685206 0.29779550433158875 81.52643585205078
0.26141971349716187 0.025485433638095856 0.9648887515068054 28.470754623413086 -0.008944813162088394 0.9996724128723145 -0.02398073300719261 0.687433123588562 -0.9651837944984436 -0.002361711347475648 0.2615620493888855 81.78105163574219
0.22602468729019165 0.0250839963555336 0.9737986326217651 29.416860580444336 -0.00806357804685831 0.9996823072433472 -0.023879127576947212 0.657854437828064 -0.9740882515907288 -0.0024550282396376133 0.2261551022529602 81.9911117553711
0.19016875326633453 0.0239639263600111 0.9814589023590088 30.3770809173584 -0.006563632283359766 0.9997108578681946 -0.023137792944908142 0.6263918876647949 -0.9817295074462891 -0.0020418502390384674 0.19027100503444672 82.19389343261719
0.15596237778663635 0.022954251617193222 0.9874962568283081 31.338619232177734 0.0016793219838291407 0.9997223615646362 -0.02350367233157158 0.5955805778503418 -0.9877616167068481 0.005324012599885464 0.15588054060935974 82.3302001953125
0.12210658192634583 0.02621569111943245 0.9921707510948181 32.29244613647461 0.003949007950723171 0.999630331993103 -0.02689879946410656 0.5610263347625732 -0.9925092458724976 0.007202609442174435 0.12195789068937302 82.44302368164062
0.08934125304222107 0.03106013499200344 0.9955166578292847 33.28206253051758 0.004956421907991171 0.9994874000549316 -0.03162882849574089 0.5224438905715942 -0.9959887266159058 0.007759959902614355 0.08914151042699814 82.53956604003906
0.060391392558813095 0.034740790724754333 0.9975699782371521 34.257816314697266 0.011956354603171349 0.9992972612380981 -0.03552475571632385 0.48564231395721436 -0.998103141784668 0.014072691090404987 0.059933580458164215 82.58763122558594
0.0349976047873497 0.03311830386519432 0.998838484287262 35.24243927001953 0.01385106984525919 0.999338686466217 -0.033620208501815796 0.4474595785140991 -0.9992914199829102 0.01501160766929388 0.03451573848724365 82.6156234741211
0.012556353583931923 0.030028967186808586 0.9994701743125916 36.266334533691406 0.015418239869177341 0.9994243383407593 -0.030221285298466682 0.40894198417663574 -0.99980229139328 0.015789538621902466 0.012086131609976292 82.62994384765625
-0.006189171224832535 0.027646001428365707 0.9995986819267273 37.26070022583008 0.015695739537477493 0.9994972944259644 -0.027546018362045288 0.37386834621429443 -0.9998576641082764 0.015518952161073685 -0.006619980558753014 82.61981201171875
-0.02288084849715233 0.030551370233297348 0.9992713928222656 38.250396728515625 0.017951084300875664 0.9993844032287598 -0.030143795534968376 0.3301401138305664 -0.999576985836029 0.017248287796974182 -0.02341518923640251 82.59992218017578
-0.0376504622399807 0.03507794439792633 0.9986749887466431 39.2618522644043 0.019957663491368294 0.999210774898529 -0.034344352781772614 0.2986851930618286 -0.9990915656089783 0.018638143315911293 -0.03832082077860832 82.55985260009766
-0.04963012412190437 0.04039326682686806 0.9979504346847534 40.25629425048828 0.0241823922842741 0.9989374279975891 -0.0392305850982666 0.2588973045349121 -0.9984747767448425 0.02218581549823284 -0.050554197281599045 82.50572967529297
-0.05817888677120209 0.0435151681303978 0.9973573088645935 41.25183868408203 0.02933192253112793 0.9986926913261414 -0.04186241701245308 0.2073349952697754 -0.9978750944137573 0.026818901300430298 -0.0593792200088501 82.43862915039062
-0.06425781548023224 0.04890277981758118 0.9967343807220459 42.26539611816406 0.03371083736419678 0.9983348846435547 -0.046808015555143356 0.15661585330963135 -0.997363805770874 0.030592970550060272 -0.06579938530921936 82.36711120605469
-0.06759969145059586 0.053997866809368134 0.9962502121925354 43.26698684692383 0.03568798303604126 0.9980261921882629 -0.0516725517809391 0.10584986209869385 -0.9970740675926208 0.03206111490726471 -0.0693933293223381 82.29450225830078
-0.07077322155237198 0.0577961802482605 0.9958165884017944 44.27945327758789 0.037335220724344254 0.9977739453315735 -0.05525633692741394 0.04446673393249512 -0.9967933893203735 0.03326836973428726 -0.0727735087275505 82.2210693359375
-0.07337652146816254 0.06083507835865021 0.9954470992088318 45.27842712402344 0.03774179518222809 0.9975922107696533 -0.058184146881103516 -0.017374038696289062 -0.9965898990631104 0.03330061212182045 -0.0754958763718605 82.14665985107422
-0.07553376257419586 0.06428176164627075 0.9950690865516663 46.306602478027344 0.0392475426197052 0.9973382949829102 -0.061449144035577774 -0.082366943359375 -0.9963705539703369 0.034412533044815063 -0.07785560190677643 82.05866241455078
-0.07737725228071213 0.06831951439380646 0.994658350944519 47.31528091430664 0.04040633141994476 0.9970446228981018 -0.06534010171890259 -0.14817166328430176 -0.9961827993392944 0.035134658217430115 -0.07990910112857819 81.97148895263672
-0.07946362346410751 0.06945531070232391 0.9944151043891907 48.32401657104492 0.04338066652417183 0.9968655705451965 -0.0661599189043045 -0.22220277786254883 -0.9958934187889099 0.03788108006119728 -0.08222755789756775 81.88629150390625
-0.08174732327461243 0.0680743083357811 0.9943255186080933 49.340545654296875 0.04345981404185295 0.9969592094421387 -0.06468160450458527 -0.29593539237976074 -0.9957051277160645 0.037925660610198975 -0.08445722609758377 81.80460357666016
-0.08396615087985992 0.06792745739221573 0.9941506385803223 50.36684036254883 0.04262854531407356 0.9970053434371948 -0.06452209502458572 -0.3669297695159912 -0.9955562949180603 0.03696151822805405 -0.0866103544831276 81.71758270263672
-0.08648563176393509 0.06932705640792847 0.9938380122184753 51.39149475097656 0.042315203696489334 0.9969311356544495 -0.06586048752069473 -0.4363429546356201 -0.9953539967536926 0.03635847195982933 -0.08915381878614426 81.63593292236328
-0.08875012397766113 0.07146389782428741 0.9934869408607483 52.40248107910156 0.04201090708374977 0.996803879737854 -0.067949578166008 -0.5149502754211426 -0.9951675534248352 0.03570674732327461 -0.09146872907876968 81.5400161743164
-0.09137182682752609 0.07362338155508041 0.9930915832519531 53.436336517333984 0.04039298743009567 0.9967164993286133 -0.0701756700873375 -0.5957903861999512 -0.9949972629547119 0.03370185196399689 -0.09404567629098892 81.44480895996094
-0.0938209742307663 0.0770997405052185 0.992599368095398 54.46285629272461 0.03760287165641785 0.9965599775314331 -0.07385315746068954 -0.6751675605773926 -0.9948787093162537 0.03039560839533806 -0.09639741480350494 81.35077667236328
-0.09609551727771759 0.08165586739778519 0.9920171499252319 55.50269317626953 0.033898334950208664 0.9963197112083435 -0.07872634381055832 -0.7514948844909668 -0.9947947859764099 0.026062479242682457 -0.09850986301898956 81.2563247680664
-0.09877297282218933 0.08387704938650131 0.9915687441825867 56.54522705078125 0.03181279078125954 0.996198296546936 -0.08109967410564423 -0.8395805358886719 -0.994601309299469 0.02353411726653576 -0.10106582194566727 81.15066528320312
-0.1018608883023262 0.08235948532819748 0.9913835525512695 57.59768295288086 0.02978442795574665 0.9963726997375488 -0.07971373200416565 -0.9269371032714844 -0.9943527579307556 0.0214080810546875 -0.10394442081451416 81.04780578613281
-0.10424432903528214 0.07819108664989471 0.9914732575416565 58.65364074707031 0.02716081589460373 0.9967566132545471 -0.07575203478336334 -1.0155396461486816 -0.9941807985305786 0.019032500684261322 -0.10602996498346329 80.93156433105469
-0.10679955035448074 0.07645582407712936 0.9913366436958313 59.70603942871094 0.027504656463861465 0.9968847036361694 -0.07392055541276932 -1.102323055267334 -0.9939000606536865 0.019371695816516876 -0.10856972634792328 80.82366180419922
-0.10871336609125137 0.07684499025344849 0.9910985231399536 60.744529724121094 0.026762353256344795 0.9968724250793457 -0.07435714453458786 -1.1903164386749268 -0.9937127828598022 0.01844051294028759 -0.11042992770671844 80.71379852294922
-0.1100873053073883 0.07970815151929855 0.9907206892967224 61.793426513671875 0.027638118714094162 0.9966391324996948 -0.07711322605609894 -1.2719931602478027 -0.9935376048088074 0.018892468884587288 -0.1119203120470047 80.6038589477539
-0.11082843691110611 0.08249755948781967 0.9904096126556396 62.847862243652344 0.02818649634718895 0.9964087605476379 -0.07984315603971481 -1.3586621284484863 -0.993439793586731 0.01906728185713291 -0.11275573819875717 80.48342895507812
-0.11121071130037308 0.08329682052135468 0.9902998805046082 63.90784454345703 0.02695268951356411 0.9963674545288086 -0.08078038692474365 -1.4482049942016602 -0.9934313297271729 0.017707597464323044 -0.11305180937051773 80.36878967285156
-0.11116357892751694 0.08194243162870407 0.9904181361198425 64.97090148925781 0.023922374472022057 0.9965267777442932 -0.07976282387971878 -1.539930820465088 -0.9935141801834106 0.01482643373310566 -0.11273776739835739 80.24967956542969
-0.11165039986371994 0.08120820671319962 0.990423858165741 66.03770446777344 0.019910288974642754 0.9966381788253784 -0.07947325706481934 -1.6337761878967285 -0.9935481548309326 0.010846404358744621 -0.11289194971323013 80.14574432373047
-0.11130347102880478 0.08254378288984299 0.9903524518013 67.10717010498047 0.0164561215788126 0.9965609908103943 -0.08121177554130554 -1.722754955291748 -0.9936501979827881 0.007258208934217691 -0.11227904260158539 80.02461242675781
-0.11161871999502182 0.08283786475658417 0.9902924299240112 68.18669128417969 0.012227274477481842 0.9965586066246033 -0.08198385685682297 -1.8138840198516846 -0.9936758875846863 0.002957643009722233 -0.11224747449159622 79.91120910644531
-0.11188159883022308 0.0820627212524414 0.9903273582458496 69.2708740234375 0.009009984321892262 0.9966270923614502 -0.08156685531139374 -1.9125232696533203 -0.9936807155609131 -0.0002029972238233313 -0.11224362999200821 79.79277038574219
-0.11196239292621613 0.0772203728556633 0.990707516670227 70.3760986328125 0.00961209461092949 0.9970135688781738 -0.07662561535835266 -1.999842643737793 -0.9936659336090088 0.0009435866959393024 -0.11237026005983353 79.67219543457031
-0.11228163540363312 0.06861011683940887 0.991304874420166 71.46897888183594 0.012625548988580704 0.9976314306259155 -0.06761793792247772 -2.0856428146362305 -0.9935961961746216 0.004923516884446144 -0.11288190633058548 79.55367279052734
-0.11184263229370117 0.06294497102499008 0.9917303323745728 72.56920623779297 0.01858925074338913 0.9979497790336609 -0.06124331057071686 -2.1718430519104004 -0.993552029132843 0.011585908941924572 -0.11278340965509415 79.4234848022461
-0.11120015382766724 0.06536732614040375 0.9916459321975708 73.67394256591797 0.02702811174094677 0.997664213180542 -0.06273318827152252 -2.243079662322998 -0.9934304356575012 0.0198263730853796 -0.11270719021558762 79.28575897216797
-0.10997224599123001 0.07083214074373245 0.991407573223114 74.76128387451172 0.03255608677864075 0.9971789121627808 -0.06763319671154022 -2.3186304569244385 -0.9934014081954956 0.02483857423067093 -0.1119680255651474 79.1605224609375
-0.10915488004684448 0.07690821588039398 0.9910451173782349 75.86978149414062 0.03658260777592659 0.9966378808021545 -0.07331297546625137 -2.39727520942688 -0.9933513402938843 0.028252549469470978 -0.11160139739513397 79.03130340576172
-0.10888375341892242 0.08092459291219711 0.9907549619674683 76.9576416015625 0.03683407977223396 0.9963247776031494 -0.07733146101236343 -2.486781597137451 -0.993371844291687 0.02807340957224369 -0.11146437376737595 78.91919708251953
-0.10861755907535553 0.07813503593206406 0.9910081028938293 78.07630920410156 0.03379300609230995 0.9966201782226562 -0.07487369328737259 -2.5736942291259766 -0.9935091733932495 0.02535654418170452 -0.11089088767766953 78.80345916748047
-0.1086370050907135 0.0738835409283638 0.9913320541381836 79.17874145507812 0.03314332664012909 0.9969489574432373 -0.07067009061574936 -2.661412477493286 -0.9935288429260254 0.025178657844662666 -0.11075431108474731 78.69499206542969
-0.10803544521331787 0.0715930312871933 0.9915658235549927 80.33984375 0.031087083742022514 0.9971591234207153 -0.0686098039150238 -2.7473788261413574 -0.9936608672142029 0.02341259829699993 -0.10995414853096008 78.55104064941406
-0.10795767605304718 0.07253452390432358 0.9915059208869934 81.46855163574219 0.028987694531679153 0.9971404671669006 -0.06979048252105713 -2.8270492553710938 -0.9937328100204468 0.02120705135166645 -0.10975155234336853 78.43403625488281
-0.10783816128969193 0.07712613046169281 0.9911723136901855 82.58704376220703 0.030894003808498383 0.9967647790908813 -0.0742000862956047 -2.927051544189453 -0.9936883449554443 0.02261968143284321 -0.109872005879879 78.32233428955078
-0.1068512573838234 0.0799991637468338 0.991051435470581 83.74534606933594 0.03014489822089672 0.9965602159500122 -0.0771937370300293 -3.0063984394073486 -0.9938178658485413 0.021626895293593407 -0.10889527946710587 78.17943572998047
-0.10595857352018356 0.0786704421043396 0.9912536144256592 84.89600372314453 0.03022117353975773 0.9966596961021423 -0.07586903870105743 -3.096867084503174 -0.9939111471176147 0.02191787213087082 -0.10798215121030807 78.05139923095703
-0.1059626117348671 0.07200979441404343 0.9917593002319336 86.04328918457031 0.031549423933029175 0.9971157312393188 -0.06902787834405899 -3.1897106170654297 -0.9938694834709167 0.023975059390068054 -0.10792887210845947 77.93325805664062
-0.10638552159070969 0.07074318081140518 0.9918051362037659 87.20819091796875 0.030608003959059715 0.9972262382507324 -0.06784668564796448 -3.2732224464416504 -0.993853747844696 0.02313927561044693 -0.10825574398040771 77.80775451660156
-0.10633141547441483 0.07351459562778473 0.9916093945503235 88.36087036132812 0.028140828013420105 0.9970861077308655 -0.07090304046869278 -3.361983060836792 -0.9939323663711548 0.020365487784147263 -0.1080903559923172 77.69725036621094
-0.10629082471132278 0.07651898264884949 0.9913864731788635 89.51422119140625 0.02737441100180149 0.9968818426132202 -0.07400821149349213 -3.448335647583008 -0.9939581751823425 0.019272226840257645 -0.10805406421422958 77.58332061767578
-0.10598225891590118 0.076375812292099 0.9914305210113525 90.69801330566406 0.02637672610580921 0.9969109892845154 -0.07397837936878204 -3.5336928367614746 -0.9940180778503418 0.018310297280550003 -0.10766942799091339 77.45599365234375
-0.10537796467542648 0.07322076708078384 0.9917328953742981 91.88300323486328 0.025820594280958176 0.9971507787704468 -0.07087716460227966 -3.620366096496582 -0.9940969944000244 0.018138239160180092 -0.10696833580732346 77.32704162597656
-0.10490567982196808 0.07205745577812195 0.9918681383132935 93.07392883300781 0.026226237416267395 0.9972250461578369 -0.06967280060052872 -3.7111406326293945 -0.9941362142562866 0.018703900277614594 -0.10650437325239182 77.20747375488281
-0.10323546826839447 0.07207717001438141 0.9920420050621033 94.26166534423828 0.028347482904791832 0.9971790909767151 -0.06950046122074127 -3.808671236038208 -0.9942530393600464 0.020946983247995377 -0.10498744994401932 77.07101440429688
-0.10185921937227249 0.07269206643104553 0.9921393394470215 95.45785522460938 0.030287785455584526 0.9970909357070923 -0.0699453130364418 -3.8891141414642334 -0.9943376183509827 0.022925134748220444 -0.10376457870006561 76.94232177734375
-0.10116323828697205 0.07158873975276947 0.9922907948493958 96.66073608398438 0.029807517305016518 0.9971780180931091 -0.06890246272087097 -3.986391067504883 -0.9944231510162354 0.022607330232858658 -0.10301164537668228 76.83109283447266
-0.09953043609857559 0.07228902727365494 0.9924051761627197 97.85110473632812 0.031383562833070755 0.9970895051956177 -0.0694827064871788 -4.072151184082031 -0.9945394992828369 0.024229567497968674 -0.10150943696498871 76.69131469726562
-0.09818115830421448 0.07078573852777481 0.9926479458808899 99.05525970458984 0.03130077198147774 0.9971932768821716 -0.06801395863294601 -4.155635833740234 -0.9946761727333069 0.024392955005168915 -0.10012122988700867 76.57128143310547
-0.09732145816087723 0.06965527683496475 0.9928125143051147 100.26641845703125 0.029990915209054947 0.9973000288009644 -0.06703024357557297 -4.247435569763184 -0.9948010444641113 0.02325187623500824 -0.099147729575634 76.45659637451172
-0.09586752951145172 0.06882636249065399 0.9930117726325989 101.47987365722656 0.031112710013985634 0.9973263144493103 -0.06612173467874527 -4.335232734680176 -0.994907796382904 0.0245563592761755 -0.09775260090827942 76.34169006347656
-0.09373917430639267 0.06941932439804077 0.9931736588478088 102.70785522460938 0.029123660176992416 0.9973303079605103 -0.06696109473705292 -4.42690896987915 -0.9951708316802979 0.022647973150014877 -0.09551066905260086 76.2203598022461
-0.09283408522605896 0.0724683329463005 0.9930408596992493 103.93291473388672 0.028855927288532257 0.9971247315406799 -0.07006875425577164 -4.508672714233398 -0.9952632784843445 0.022150343284010887 -0.09465832263231277 76.10890197753906
-0.0918557420372963 0.07127109169960022 0.9932184815406799 105.15788269042969 0.026277467608451843 0.9972614645957947 -0.06913097947835922 -4.5963134765625 -0.9954254627227783 0.019749188795685768 -0.0934770256280899 76.00236511230469
-0.09122850745916367 0.0699913427233696 0.9933672547340393 106.40454864501953 0.023121433332562447 0.9974069595336914 -0.0681525468826294 -4.692806243896484 -0.9955614805221558 0.016750618815422058 -0.09261026233434677 75.8907699584961
-0.09137322008609772 0.07122641056776047 0.9932661652565002 107.64502716064453 0.020281890407204628 0.9973649978637695 -0.06965455412864685 -4.779572010040283 -0.9956100583076477 0.013780754990875721 -0.09257705509662628 75.78462982177734
-0.09103987365961075 0.0707116648554802 0.9933335781097412 108.87054443359375 0.017596526071429253 0.9974344372749329 -0.06939084082841873 -4.869444847106934 -0.9956917762756348 0.01116188708692789 -0.09205057471990585 75.66509246826172
-0.09228678792715073 0.06800004094839096 0.9934079051017761 110.11782836914062 0.014755590818822384 0.9976492524147034 -0.06691959500312805 -4.9627485275268555 -0.9956231117248535 0.008482526987791061 -0.09307322651147842 75.55583953857422
-0.09347964078187943 0.06656966358423233 0.9933931231498718 111.37445831298828 0.012670663185417652 0.9977609515190125 -0.06567002087831497 -5.056280136108398 -0.9955405592918396 0.0064481403678655624 -0.09411381185054779 75.44332885742188
-0.09554781019687653 0.06613247096538544 0.9932255744934082 112.64002227783203 0.01053412165492773 0.9978019595146179 -0.06542380154132843 -5.143261909484863 -0.9953690767288208 0.004211657214909792 -0.09603443741798401 75.3396987915039
-0.09656239300966263 0.06570987403392792 0.9931555390357971 113.89519500732422 0.010900972411036491 0.9978283643722534 -0.06495914608240128 -5.244029998779297 -0.9952672123908997 0.0045537487603724 -0.09706899523735046 75.21302032470703
-0.09890630096197128 0.06444267928600311 0.9930078387260437 115.15362548828125 0.010495834983885288 0.9979128837585449 -0.06371557712554932 -5.331235885620117 -0.9950413107872009 0.0041205743327736855 -0.09937625378370285 75.0926742553711
-0.10228686779737473 0.059554364532232285 0.9929705858230591 116.4210205078125 0.00688918074592948 0.9982247352600098 -0.05915981903672218 -5.4191203117370605 -0.9947310090065002 0.0007894824375398457 -0.1025155633687973 74.97615814208984
-0.10669048875570297 0.05967492610216141 0.992499828338623 117.68033599853516 0.006118166260421276 0.9982178211212158 -0.059361036866903305 -5.5006914138793945 -0.9942734241485596 -0.00026097914087586105 -0.10686545819044113 74.84635925292969
-0.11210978031158447 0.06563246995210648 0.9915259480476379 118.92058563232422 0.001832855399698019 0.9978283643722534 -0.065842404961586 -5.585782051086426 -0.9936941266059875 -0.0055642565712332726 -0.11198659986257553 74.71231079101562
-0.11965721100568771 0.06886496394872665 0.9904240965843201 120.14239501953125 0.002560428809374571 0.9976094961166382 -0.06905525177717209 -5.672451972961426 -0.992811918258667 -0.005727046635001898 -0.11954749375581741 74.57860565185547
-0.1280689388513565 0.06483163684606552 0.9896441102027893 121.39795684814453 0.004513172432780266 0.9978888630867004 -0.06478770822286606 -5.766060829162598 -0.9917550086975098 -0.003830860136076808 -0.12809118628501892 74.4102783203125
-0.13892444968223572 0.06282423436641693 0.9883081912994385 122.62577819824219 0.00669137854129076 0.9980225563049316 -0.06250113993883133 -5.855551719665527 -0.9902804493904114 -0.002069793874397874 -0.13907010853290558 74.24176788330078
-0.1517956554889679 0.06355608254671097 0.9863663911819458 123.84754180908203 0.0070312549360096455 0.9979748129844666 -0.06322198361158371 -5.9473676681518555 -0.988386869430542 -0.002661431208252907 -0.15193511545658112 74.05728149414062
