1.0 0.0 0.0 0.0 0.0 1.0 0.0 0.0 0.0 0.0 1.0 0.0
0.9999986290931702 0.0008056588703766465 0.0014636398991569877 -0.0063294917345047 -0.0007989733712747693 0.9999892711639404 -0.004562565591186285 -0.0022566192783415318 -0.0014673001132905483 0.004561389796435833 0.9999884963035583 0.9639667272567749
0.9999966621398926 -0.001443742774426937 0.002153343055397272 -0.002711187582463026 0.0014552257489413023 0.9999846816062927 -0.005340582691133022 -0.0009058183059096336 -0.0021455995738506317 0.005343697965145111 0.9999834299087524 1.9185658693313599
0.9999931454658508 -0.0025149851571768522 0.0027191643603146076 -0.01076030544936657 0.002518552355468273 0.9999959468841553 -0.0013091799337416887 -0.003448406932875514 -0.0027158609591424465 0.0013160191010683775 0.9999954700469971 2.850337505340576
0.9999851584434509 -0.005052141845226288 0.0020283462945371866 -0.007695273030549288 0.0050422558560967445 0.9999754428863525 0.004850020632147789 -0.006964989006519318 -0.002052799565717578 -0.004839721601456404 0.9999861717224121 3.799100399017334
0.9999628663063049 -0.00859626941382885 0.000559644540771842 -0.005246696062386036 0.008593399077653885 0.9999507665634155 0.004946851637214422 -0.004086660221219063 -0.0006021412555128336 -0.004941857885569334 0.9999876022338867 4.7373504638671875
0.999937117099762 -0.01121570821851492 -0.00013318072888068855 -0.007104571908712387 0.011215955950319767 0.9999350309371948 0.002033655997365713 -0.0016634510830044746 0.00011036315117962658 -0.0020350217819213867 0.9999979138374329 5.664286136627197
0.9999287724494934 -0.011886348947882652 -0.0011634608963504434 -0.010116340592503548 0.011884435079991817 0.9999280571937561 -0.0016376590356230736 0.004813581705093384 0.0011828429996967316 0.001623715041205287 0.9999979734420776 6.5918869972229
0.9999322295188904 -0.011541713960468769 -0.0015304918633773923 -0.01824873872101307 0.011538749560713768 0.9999315738677979 -0.0019334329990670085 -0.0012997658923268318 0.001552702160552144 0.0019156418275088072 0.9999969005584717 7.515310287475586
0.9999322891235352 -0.011359218508005142 -0.00252700038254261 -0.02885664440691471 0.011359153315424919 0.999935507774353 -4.092568997293711e-05 -0.0014172079972922802 0.0025273023638874292 1.2218253687024117e-05 0.9999968409538269 8.426612854003906
0.9999364018440247 -0.010900984518229961 -0.002888043876737356 -0.039424680173397064 0.010908330790698528 0.9999372959136963 0.0025408503133803606 0.005301354452967644 0.002860165433958173 -0.00257219304330647 0.9999926090240479 9.368888854980469
0.9999304413795471 -0.011177044361829758 -0.00375401065684855 -0.04817012697458267 0.01119320373982191 0.9999280571937561 0.004311107099056244 0.005204413086175919 0.0037055546417832375 -0.004352827090770006 0.9999836683273315 10.290979385375977
0.9999129772186279 -0.01238243281841278 -0.0045556542463600636 -0.05005750060081482 0.012405377812683582 0.9999103546142578 0.005042783450335264 0.006736811250448227 0.004492803942412138 -0.005098859779536724 0.9999768733978271 11.206033706665039
0.9999041557312012 -0.012682654894888401 -0.005551509093493223 -0.05694347992539406 0.012712324969470501 0.9999049305915833 0.005342022515833378 0.006560619920492172 0.005483229178935289 -0.0054120831191539764 0.9999703764915466 12.120525360107422
0.9998962879180908 -0.012994692660868168 -0.006202434189617634 -0.06251963973045349 0.013017317280173302 0.9999086260795593 0.0036214140709489584 0.014411810785531998 0.006154810544103384 -0.0037017783615738153 0.9999741911888123 13.018664360046387
0.999885082244873 -0.01339390967041254 -0.007103173527866602 -0.08379089087247849 0.01340568158775568 0.9999088048934937 0.0016121140215545893 0.01932545378804207 0.007080934476107359 -0.0017071515321731567 0.9999734163284302 13.928909301757812
0.9998505711555481 -0.01468562986701727 -0.009114434011280537 -0.084084153175354 0.014686264097690582 0.9998921155929565 2.5853514671325684e-06 0.02669423073530197 0.009113414213061333 -0.0001364417839795351 0.9999584555625916 14.831033706665039
0.9998346567153931 -0.014596707187592983 -0.010836238041520119 -0.0971839427947998 0.014593991450965405 0.9998934268951416 -0.00032958222436718643 0.02007066272199154 0.010839895345270634 0.0001713838428258896 0.9999412298202515 15.728466033935547
0.9998419880867004 -0.013135802932083607 -0.011970343999564648 -0.12361706793308258 0.013123746030032635 0.9999132752418518 -0.0010851302649825811 0.019848709926009178 0.011983560398221016 0.0009278630022890866 0.9999277591705322 16.630701065063477
0.9998349547386169 -0.011654232628643513 -0.013934186659753323 -0.1355544626712799 0.011640639044344425 0.9999316334724426 -0.001056395354680717 0.018515514209866524 0.013945546001195908 0.0008940182742662728 0.9999023675918579 17.522424697875977
0.9998095035552979 -0.012406856752932072 -0.015069609507918358 -0.15603230893611908 0.012406374327838421 0.9999229907989502 -0.00012557538866531104 0.015828119590878487 0.015070009045302868 -6.14077434875071e-05 0.9998863935470581 18.41822052001953
0.9997903108596802 -0.011856863275170326 -0.01670355536043644 -0.1729629784822464 0.011881197802722454 0.9999284148216248 0.0013582439860329032 0.014741298742592335 0.01668625883758068 -0.001556417322717607 0.9998595714569092 19.298994064331055
0.9997644424438477 -0.011536241509020329 -0.01838759146630764 -0.19008594751358032 0.011568965390324593 0.9999316334724426 0.001674190629273653 0.019674738869071007 0.018367022275924683 -0.0018865216989070177 0.9998295903205872 20.183349609375
0.9997189044952393 -0.01286632101982832 -0.01991642452776432 -0.21141932904720306 0.012904152274131775 0.9999151825904846 0.0017722437623888254 0.018972761929035187 0.01989193633198738 -0.0020287500228732824 0.9998000860214233 21.060707092285156
0.9996786117553711 -0.012662166729569435 -0.021965021267533302 -0.23230579495429993 0.012683938257396221 0.9999191761016846 0.0008522267453372478 0.022732309997081757 0.02195245400071144 -0.001130555639974773 0.9997584223747253 21.934894561767578
0.999667763710022 -0.012529915198683739 -0.022526022046804428 -0.25385725498199463 0.012566238641738892 0.9999199509620667 0.0014717456651851535 0.019375912845134735 0.022505775094032288 -0.0017543240683153272 0.9997451901435852 22.79589080810547
0.99964439868927 -0.012388542294502258 -0.02361440099775791 -0.2770411968231201 0.012469382025301456 0.9999167919158936 0.003279083641245961 0.02411537989974022 0.023571813479065895 -0.0035723743494600058 0.9997158050537109 23.653135299682617
0.9996092319488525 -0.01355769019573927 -0.02444799803197384 -0.2973424792289734 0.013711749576032162 0.9998870491981506 0.0061448803171515465 0.02590126544237137 0.024361930787563324 -0.006477703340351582 0.9996821880340576 24.497953414916992
0.9996011853218079 -0.01304609514772892 -0.025042040273547173 -0.32329246401786804 0.01324410829693079 0.9998822212219238 0.007757698651403189 0.025990575551986694 0.024937883019447327 -0.008086265064775944 0.9996562600135803 25.340900421142578
0.9995934367179871 -0.012530043721199036 -0.025608286261558533 -0.35197579860687256 0.01269951555877924 0.9998984336853027 0.006465955171734095 0.03153076767921448 0.025524664670228958 -0.0067885397002100945 0.9996511936187744 26.171913146972656
0.99959397315979 -0.010557861998677254 -0.026464276015758514 -0.379402220249176 0.01066754199564457 0.9999350905418396 0.0040067341178655624 0.03245928883552551 0.02642025612294674 -0.004287416115403175 0.9996417760848999 26.985855102539062
0.9995752573013306 -0.010589219629764557 -0.027149688452482224 -0.40521886944770813 0.010653973557054996 0.9999406933784485 0.0022415269631892443 0.03499268367886543 0.027124349027872086 -0.002529826946556568 0.9996288418769836 27.77858543395996
0.9995565414428711 -0.009730895049870014 -0.028144026175141335 -0.432602196931839 0.009784144349396229 0.9999505281448364 0.001754853641614318 0.03913431614637375 0.02812555991113186 -0.00202944059856236 0.9996023178100586 28.5747013092041
0.9995273351669312 -0.009579645469784737 -0.029210375621914864 -0.46275198459625244 0.00962250865995884 0.9999528527259827 0.0013271652860566974 0.03700210899114609 0.029196280986070633 -0.001607615384273231 0.9995723962783813 29.359386444091797
0.9994595050811768 -0.009660000912845135 -0.03142079710960388 -0.48696377873420715 0.009687940590083599 0.9999527931213379 0.0007370586390607059 0.03355523943901062 0.03141219541430473 -0.0010410631075501442 0.9995059967041016 30.15004539489746
0.9993950724601746 -0.00996320229023695 -0.03331925719976425 -0.5176231861114502 0.009991200640797615 0.9999498724937439 0.0006738706142641604 0.034027889370918274 0.033310871571302414 -0.0010063622612506151 0.9994445443153381 30.915346145629883
0.9993362426757812 -0.009523649699985981 -0.03516097366809845 -0.5496777296066284 0.009585498832166195 0.9999528527259827 0.0015908326022326946 0.03966159746050835 0.03514416143298149 -0.001926812226884067 0.9993804097175598 31.676395416259766
0.9992413520812988 -0.010205866768956184 -0.037582334131002426 -0.5717665553092957 0.010358627885580063 0.9999388456344604 0.003872246714308858 0.04004724323749542 0.03754052147269249 -0.004258610773831606 0.9992860555648804 32.448768615722656
0.9991778135299683 -0.009154909290373325 -0.039495501667261124 -0.60768723487854 0.009371938183903694 0.9999419450759888 0.0053133489564061165 0.04257036745548248 0.03944456949830055 -0.0056791300885379314 0.9992055892944336 33.183013916015625
0.9991307854652405 -0.007791263051331043 -0.04095212742686272 -0.6498441100120544 0.008026053197681904 0.9999523162841797 0.005572001915425062 0.04338277876377106 0.04090675339102745 -0.005895842332392931 0.9991455674171448 33.909603118896484
0.9990524053573608 -0.005323580466210842 -0.043199535459280014 -0.6829923987388611 0.005546921398490667 0.999971866607666 0.005051734391599894 0.0395195335149765 0.04317142441868782 -0.005286571104079485 0.9990537166595459 34.63737869262695
0.998973548412323 -0.0036085962783545256 -0.04515364393591881 -0.7160816788673401 0.0037956249434500933 0.9999845623970032 0.00405698549002409 0.047359898686409 0.04513830319046974 -0.0042242067866027355 0.9989718198776245 35.34664535522461
0.9988985061645508 -0.0032244271133095026 -0.04681171104311943 -0.7514868974685669 0.003480448154732585 0.9999793767929077 0.005388688761740923 0.050071895122528076 0.0467933714389801 -0.00554567901417613 0.9988892078399658 36.04492950439453
0.9988628029823303 -0.0019905196968466043 -0.04763602092862129 -0.7923884391784668 0.0023397020995616913 0.9999707937240601 0.007275575306266546 0.0511348694562912 0.04762014374136925 -0.007378755137324333 0.9988381862640381 36.73804473876953
0.9988447427749634 0.0007222541025839746 -0.04805063083767891 -0.8274133801460266 -0.0003508201625663787 0.999970018863678 0.007738030049949884 0.05558280646800995 0.0480547770857811 -0.007712232880294323 0.9988148808479309 37.41616439819336
0.9989038109779358 0.004065156448632479 -0.04663434252142906 -0.8676108717918396 -0.0038040848448872566 0.9999765753746033 0.005685651209205389 0.05691835284233093 0.04665636643767357 -0.005502017214894295 0.9988958239555359 38.0875244140625
0.9989780187606812 0.005626345984637737 -0.0448458194732666 -0.9028973579406738 -0.0055069029331207275 0.9999809265136719 0.0027865315787494183 0.0535106360912323 0.04486063867807388 -0.002536722458899021 0.9989900588989258 38.73151397705078
0.9990583062171936 0.005738778971135616 -0.04300624132156372 -0.9287260174751282 -0.00571360532194376 0.9999834299087524 0.0007082540541887283 0.061183031648397446 0.04300958663225174 -0.0004618666134774685 0.9990745782852173 39.37885665893555
0.9991890788078308 0.006879666354507208 -0.03967300057411194 -0.9614995718002319 -0.006818267982453108 0.999975323677063 0.0016827252693474293 0.0625140368938446 0.03968359902501106 -0.0014108594041317701 0.9992113709449768 40.01655197143555
0.9992619156837463 0.011622920632362366 -0.03661270812153816 -0.9912998080253601 -0.011474336497485638 0.9999250173568726 0.004265776835381985 0.06489653885364532 0.036659546196460724 -0.0038425212260335684 0.9993204474449158 40.65464401245117
0.9993279576301575 0.016056589782238007 -0.032949499785900116 -1.0139129161834717 -0.015812242403626442 0.9998456239700317 0.0076631042174994946 0.06816288828849792 0.033067453652620316 -0.007136950269341469 0.9994276165962219 41.28994369506836
0.9993667006492615 0.02087535336613655 -0.028813395649194717 -1.0362473726272583 -0.020637348294258118 0.9997506141662598 0.008533051237463951 0.07308825850486755 0.028984343633055687 -0.007933016866445541 0.9995483756065369 41.89765930175781
0.9994221925735474 0.024722421541810036 -0.02332714945077896 -1.0587362051010132 -0.02452254109084606 0.9996604323387146 0.008816160261631012 0.07914137840270996 0.023537185043096542 -0.008239023387432098 0.999688982963562 42.47825622558594
0.999437689781189 0.028757276013493538 -0.01723935268819332 -1.0832340717315674 -0.02857200615108013 0.9995322823524475 0.010898856446146965 0.08647531270980835 0.017544709146022797 -0.010400165803730488 0.9997919797897339 43.052093505859375
0.999388575553894 0.03315731883049011 -0.011090598069131374 -1.0835509300231934 -0.033023860305547714 0.9993823766708374 0.012007617391645908 0.08495044708251953 0.01148188766092062 -0.011634024791419506 0.9998663663864136 43.60731887817383
0.9993230700492859 0.03657485172152519 -0.003981797490268946 -1.0905522108078003 -0.03652598336338997 0.9992638826370239 0.011722478084266186 0.08781856298446655 0.004407614003866911 -0.01156910415738821 0.9999233484268188 44.13920974731445
0.9991933107376099 0.040022484958171844 0.003317435272037983 -1.0932103395462036 -0.04005947709083557 0.9991257190704346 0.011956881731748581 0.08803257346153259 -0.00283599179238081 -0.012080132029950619 0.9999229907989502 44.646392822265625
0.9989784359931946 0.04396748170256615 0.01044062152504921 -1.0870893001556396 -0.04408334195613861 0.9989657402038574 0.011138567700982094 0.09644180536270142 -0.009940088726580143 -0.011587446555495262 0.9998834729194641 45.14357376098633
0.9986763596534729 0.048087719827890396 0.018258128315210342 -1.0862133502960205 -0.048247501254081726 0.9987999200820923 0.008413431234657764 0.09906390309333801 -0.017831632867455482 -0.009283200837671757 0.9997979402542114 45.611175537109375
0.9983882308006287 0.05025891214609146 0.026366112753748894 -1.077567458152771 -0.05042382329702377 0.9987120032310486 0.005627050064504147 0.09571957588195801 -0.02604934759438038 -0.006947459653019905 0.9996365308761597 46.073150634765625
0.9981276392936707 0.050718601793050766 0.034188829362392426 -1.0613675117492676 -0.05092707276344299 0.9986885786056519 0.005253844894468784 0.09983667731285095 -0.033877525478601456 -0.006985143758356571 0.9994015693664551 46.50015640258789
0.9978675842285156 0.04982129484415054 0.04216621816158295 -1.037129282951355 -0.05014018341898918 0.9987208247184753 0.006538758985698223 0.10210560262203217 -0.04178650677204132 -0.008639039471745491 0.9990893006324768 46.89967727661133
0.9974055886268616 0.051781125366687775 0.050007984042167664 -1.0146739482879639 -0.052208948880434036 0.9986095428466797 0.007286212407052517 0.10554741322994232 -0.049561161547899246 -0.009878173470497131 0.9987223148345947 47.28739929199219
0.996752917766571 0.054837774485349655 0.05896132439374924 -1.0035710334777832 -0.05538084730505943 0.9984362721443176 0.007615252863615751 0.10174143314361572 -0.05845152214169502 -0.01085585355758667 0.9982312321662903 47.64817810058594
0.995937705039978 0.05982537567615509 0.06729935109615326 -0.9728326797485352 -0.06042968109250069 0.9981480836868286 0.0069778962060809135 0.10425269603729248 -0.06675726175308228 -0.011016427539288998 0.9977084994316101 47.97502136230469
0.9950492978096008 0.06353653967380524 0.07642016559839249 -0.9534664154052734 -0.06426407396793365 0.9979076385498047 0.007096386980265379 0.10238873958587646 -0.07580939680337906 -0.011972324922680855 0.9970505833625793 48.275848388671875
0.9943166375160217 0.06280843168497086 0.08596284687519073 -0.9263248443603516 -0.06370984017848969 0.9979380965232849 0.007780273910611868 0.10032889246940613 -0.08529694378376007 -0.013212735764682293 0.9962679743766785 48.56003952026367
0.9934277534484863 0.06165137514472008 0.096438467502594 -0.8859982490539551 -0.0625094622373581 0.9980270266532898 0.005899146664887667 0.10045629739761353 -0.09588448703289032 -0.01188869308680296 0.9953214526176453 48.83652877807617
0.9923023581504822 0.06012101471424103 0.1082652136683464 -0.8517985343933105 -0.0606437548995018 0.9981582760810852 0.0015393556095659733 0.09672670811414719 -0.10797327756881714 -0.008093115873634815 0.9941208362579346 49.09693145751953
0.990716278553009 0.06111137568950653 0.12143529206514359 -0.8088130950927734 -0.061238110065460205 0.9981195330619812 -0.0026917201466858387 0.10001426935195923 -0.12137142568826675 -0.004769736900925636 0.9925956726074219 49.36448287963867
0.9885900020599365 0.06265681236982346 0.13698138296604156 -0.7706661224365234 -0.06259326636791229 0.9980276226997375 -0.004775513894855976 0.09692199528217316 -0.13701045513153076 -0.003853087779134512 0.9905621409416199 49.62971115112305
0.9861292243003845 0.06437689810991287 0.1529870629310608 -0.7180004119873047 -0.06418976932764053 0.9979186654090881 -0.006167267449200153 0.09438428282737732 -0.15306566655635834 -0.0037384803872555494 0.9882089495658875 49.876792907714844
0.9833126068115234 0.0649704858660698 0.16992703080177307 -0.6633167266845703 -0.06465610861778259 0.997880220413208 -0.007389075588434935 0.09474644064903259 -0.17004691064357758 -0.003721047891303897 0.9854289293289185 50.135311126708984
0.980066180229187 0.06391644477844238 0.18810905516147614 -0.6044845581054688 -0.06339798122644424 0.9979497790336609 -0.008777778595685959 0.09628534317016602 -0.18828441202640533 -0.0033229319378733635 0.9821088910102844 50.39181137084961
0.9761806726455688 0.06327667832374573 0.2075272798538208 -0.5380334854125977 -0.0627916008234024 0.9979866743087769 -0.008930591866374016 0.0910424292087555 -0.20767459273338318 -0.004313100595027208 0.9781885147094727 50.63409423828125
0.9716921448707581 0.06329579651355743 0.22761395573616028 -0.4651050567626953 -0.06266000866889954 0.9979845881462097 -0.010025763884186745 0.0867643654346466 -0.22778983414173126 -0.004520334303379059 0.9736998081207275 50.87023162841797
0.9664176106452942 0.06557296961545944 0.24847006797790527 -0.38719940185546875 -0.06451747566461563 0.9978395700454712 -0.012397769838571548 0.0858374834060669 -0.24874624609947205 -0.004049239680171013 0.9685602188110352 51.10625457763672
0.9601940512657166 0.0668569952249527 0.27121496200561523 -0.30259132385253906 -0.0653901994228363 0.9977551102638245 -0.014452124014496803 0.08159381151199341 -0.2715723216533661 -0.003857954638078809 0.9624102711677551 51.35129165649414
0.9529367089271545 0.06827661395072937 0.29538097977638245 -0.20507049560546875 -0.06666300445795059 0.9976544976234436 -0.015542061068117619 0.07287061214447021 -0.29574933648109436 -0.004880386870354414 0.9552531242370605 51.591434478759766
0.9444206357002258 0.07105084508657455 0.3209693133831024 -0.10772323608398438 -0.06945530325174332 0.9974496364593506 -0.01643332466483116 0.06654077768325806 -0.3213183581829071 -0.006773057393729687 0.9469470977783203 51.82831954956055
0.9345331192016602 0.07314760237932205 0.3482775092124939 0.00112152099609375 -0.07152371108531952 0.9972847700119019 -0.017536913976073265 0.05832266807556152 -0.3486146032810211 -0.00852127280086279 0.9372274875640869 52.06675338745117
0.9233545064926147 0.07382600009441376 0.3767837882041931 0.12121772766113281 -0.07198939472436905 0.9972248077392578 -0.018974827602505684 0.05241209268569946 -0.37713906168937683 -0.009603941813111305 0.926106870174408 52.305519104003906
0.910811722278595 0.07170494645833969 0.40654700994491577 0.2640228271484375 -0.06913008540868759 0.9973858594894409 -0.02103813923895359 0.04233670234680176 -0.40699273347854614 -0.008942846208810806 0.9133875966072083 52.53987121582031
0.8958344459533691 0.06928079575300217 0.4389541745185852 0.40714454650878906 -0.06548407673835754 0.9975696802139282 -0.023805487900972366 0.03580820560455322 -0.43953657150268555 -0.007418734021484852 0.8981940746307373 52.767364501953125
0.878511369228363 0.06866524368524551 0.4727608561515808 0.5636386871337891 -0.06290830671787262 0.9976264834403992 -0.027998536825180054 0.025657176971435547 -0.4735613465309143 -0.00514355069026351 0.8807458281517029 52.98826599121094
0.8591082692146301 0.07036246359348297 0.5069338083267212 0.7276935577392578 -0.0620797760784626 0.9975172281265259 -0.033247943967580795 0.020060300827026367 -0.5080147981643677 -0.0029067539144307375 0.8613435626029968 53.21028518676758
0.8373783230781555 0.07227816432714462 0.5418241024017334 0.9157142639160156 -0.06162094324827194 0.9973829388618469 -0.03781482204794884 0.011728048324584961 -0.5431393384933472 -0.0017224036855623126 0.8396407961845398 53.43665313720703
0.8127729892730713 0.0749501883983612 0.5777391791343689 1.1099128723144531 -0.062487997114658356 0.9971843957901001 -0.041455745697021484 0.001737833023071289 -0.5792197585105896 -0.002407663967460394 0.8151679635047913 53.66253662109375
0.7852534055709839 0.07898662984371185 0.6141157150268555 1.3198204040527344 -0.06557591259479523 0.9968608617782593 -0.044364556670188904 -0.011089205741882324 -0.6156922578811646 -0.005433771759271622 0.7879680395126343 53.896484375
0.7552216053009033 0.08358314633369446 0.6501184701919556 1.5445613861083984 -0.06949072331190109 0.9964565634727478 -0.0473853275179863 -0.023715972900390625 -0.6517754793167114 -0.009390780702233315 0.7583537697792053 54.126163482666016
0.7222945690155029 0.08443740010261536 0.6864114999771118 1.809854507446289 -0.06886909902095795 0.9963670969009399 -0.050096578896045685 -0.04107201099395752 -0.6881479024887085 -0.011088055558502674 0.7254858016967773 54.36338806152344
0.6855298280715942 0.08213827013969421 0.723396360874176 2.0888099670410156 -0.06545843929052353 0.9965448975563049 -0.051121048629283905 -0.06013941764831543 -0.7250960469245911 -0.012307390570640564 0.6885379552841187 54.58740234375
0.6464784741401672 0.0805031806230545 0.7586730718612671 2.378873825073242 -0.06244269385933876 0.9966642260551453 -0.052548058331012726 -0.08372414112091064 -0.7603725790977478 -0.013402407057583332 0.649348795413971 54.792022705078125
0.6038898229598999 0.07976697385311127 0.7930663824081421 2.7113380432128906 -0.06026151776313782 0.996701180934906 -0.05436181277036667 -0.10576367378234863 -0.7947865128517151 -0.014962835237383842 0.606704592704773 55.011531829833984
0.5575821399688721 0.0798887088894844 0.8262686729431152 3.071990966796875 -0.057034678757190704 0.9966930150985718 -0.057878278195858 -0.1230471134185791 -0.8281600475311279 -0.0148540660738945 0.5602947473526001 55.22264099121094
0.5088608264923096 0.07859895378351212 0.8572530746459961 3.4403133392333984 -0.05377165600657463 0.9967805743217468 -0.05947325378656387 -0.14837849140167236 -0.859167754650116 -0.01583230122923851 0.5114490389823914 55.416175842285156
0.46059131622314453 0.07708168029785156 0.884259045124054 3.872486114501953 -0.051962997764348984 0.9968551397323608 -0.05983038619160652 -0.16486859321594238 -0.8860899806022644 -0.018391404300928116 0.46314817667007446 55.60118103027344
0.41146257519721985 0.0747179388999939 0.9083588719367981 4.309328079223633 -0.05087121203541756 0.9969631433486938 -0.05896283686161041 -0.18558919429779053 -0.9100058078765869 -0.02194831147789955 0.4140140414237976 55.76298522949219
0.36061233282089233 0.07453174144029617 0.929733157157898 4.764703750610352 -0.05441711097955704 0.9967854022979736 -0.05880039930343628 -0.20913386344909668 -0.9311269521713257 -0.029389237985014915 0.36350899934768677 55.931278228759766
0.31141388416290283 0.07533350586891174 0.9472835659980774 5.227977752685547 -0.05252094939351082 0.99669349193573 -0.06199691444635391 -0.22593963146209717 -0.9488218426704407 -0.030445527285337448 0.31434082984924316 56.057037353515625
0.2641264498233795 0.0716453269124031 0.9618233442306519 5.698969841003418 -0.041608866304159164 0.9971551299095154 -0.0628509521484375 -0.26492393016815186 -0.9635900855064392 -0.023419782519340515 0.2663561701774597 56.14255905151367
0.21990233659744263 0.06587798148393631 0.9732949137687683 6.211056709289551 -0.0281109269708395 0.9977308511734009 -0.061180658638477325 -0.2896108031272888 -0.9751167893409729 -0.013906453736126423 0.22125518321990967 56.21903991699219
0.1776355803012848 0.06491772830486298 0.9819527864456177 6.7389936447143555 -0.01884026639163494 0.9978633522987366 -0.06256138533353806 -0.31774330139160156 -0.9839159846305847 -0.007387127727270126 0.17847904562950134 56.28449249267578
0.13903547823429108 0.06635290384292603 0.9880620241165161 7.275794506072998 -0.015819035470485687 0.9977742433547974 -0.06477916240692139 -0.3436163663864136 -0.990161120891571 -0.006623587571084499 0.13977566361427307 56.339412689208984
0.106813445687294 0.06715541332960129 0.9920085668563843 7.785128116607666 -0.00713132182136178 0.9977426528930664 -0.06677569448947906 -0.3766207695007324 -0.9942534565925598 5.821126251248643e-05 0.10705123096704483 56.353904724121094
0.0777248740196228 0.06543176621198654 0.9948253631591797 8.346762657165527 0.00013716868124902248 0.9978432655334473 -0.06564097106456757 -0.41288405656814575 -0.9969748854637146 0.0052383956499397755 0.07754828035831451 56.37702941894531
0.052677880972623825 0.06355833262205124 0.9965868592262268 8.91105842590332 0.006610050331801176 0.9979284405708313 -0.06399328261613846 -0.4492643475532532 -0.9985896944999695 0.009958521462976933 0.05214863270521164 56.38770294189453
0.032813772559165955 0.06278129667043686 0.9974876642227173 9.49248218536377 0.011740083806216717 0.9979321360588074 -0.06319546699523926 -0.4730716943740845 -0.9993925094604492 0.013784271664917469 0.03200884908437729 56.39035415649414
0.016935842111706734 0.06482306122779846 0.9977531433105469 10.070062637329102 0.014715704135596752 0.9977719187736511 -0.06507407873868942 -0.49759435653686523 -0.9997482299804688 0.015784719958901405 0.01594419591128826 56.387454986572266
0.003357735462486744 0.06445474922657013 0.9979149103164673 10.66706657409668 0.015075506642460823 0.9978039264678955 -0.06449831277132034 -0.5338911414146423 -0.9998807311058044 0.01526064146310091 0.002378675155341625 56.3863525390625
-0.008214589208364487 0.06537453830242157 0.9978269934654236 11.279617309570312 0.01599596068263054 0.9977415800094604 -0.06523724645376205 -0.5692567229270935 -0.9998383522033691 0.015425303019583225 -0.00924176350235939 56.379722595214844
-0.016943061724305153 0.06811372935771942 0.9975336194038391 11.904236793518066 0.020905405282974243 0.9974828362464905 -0.06775519251823425 -0.6076525449752808 -0.9996379017829895 0.019705863669514656 -0.01832435466349125 56.354469299316406
-0.023592738434672356 0.07024694234132767 0.9972507357597351 12.530651092529297 0.024941928684711456 0.9972591400146484 -0.06965745985507965 -0.6373555660247803 -0.9994104504585266 0.023229943588376045 -0.025280170142650604 56.327239990234375
-0.02816835604608059 0.06969232857227325 0.9971707463264465 13.171167373657227 0.025458035990595818 0.9972931146621704 -0.06898171454668045 -0.6692816019058228 -0.9992789030075073 0.023442909121513367 -0.029866330325603485 56.30781936645508
-0.031822752207517624 0.06679616868495941 0.9972590208053589 13.82073974609375 0.022996148094534874 0.9975492358207703 -0.06608178466558456 -0.7064587473869324 -0.9992289543151855 0.020830214023590088 -0.033280812203884125 56.28997802734375
-0.034442704170942307 0.059936970472335815 0.9976076483726501 14.51744270324707 0.021292706951498985 0.9980173707008362 -0.059226442128419876 -0.7462601065635681 -0.9991797804832458 0.01920185051858425 -0.035650648176670074 56.275550842285156
-0.03568217530846596 0.054364658892154694 0.9978834986686707 15.207061767578125 0.02249009907245636 0.9983101487159729 -0.05358370766043663 -0.7804502248764038 -0.9991101622581482 0.02053051069378853 -0.03684453293681145 56.250404357910156
-0.036083921790122986 0.05173587054014206 0.998008668422699 15.882741928100586 0.025008024647831917 0.9983930587768555 -0.05085160955786705 -0.8124243021011353 -0.9990357756614685 0.023123307153582573 -0.03731975331902504 56.21970748901367
-0.035880591720342636 0.05381492152810097 0.9979060888290405 16.595428466796875 0.028285618871450424 0.998203694820404 -0.05281393229961395 -0.8549265265464783 -0.9989557266235352 0.026331400498747826 -0.03733833134174347 56.19463348388672
-0.03482820838689804 0.0613882839679718 0.9975061416625977 17.303030014038086 0.02935641072690487 0.9977437853813171 -0.06037791818380356 -0.8824156522750854 -0.9989620447158813 0.027180342003703117 -0.03655176982283592 56.15842056274414
-0.03271830081939697 0.06952735781669617 0.9970433712005615 18.017911911010742 0.030124206095933914 0.9971928000450134 -0.068549245595932 -0.9152230024337769 -0.999010443687439 0.027792327105998993 -0.03472091257572174 56.1396598815918
-0.030177559703588486 0.0701994001865387 0.9970764517784119 18.74944496154785 0.03083856776356697 0.997121274471283 -0.06926919519901276 -0.9497655630111694 -0.9990686774253845 0.028658036142587662 -0.03225553035736084 56.112510681152344
-0.02809530310332775 0.06611005961894989 0.9974167346954346 19.498075485229492 0.030112646520137787 0.9974137544631958 -0.06526164710521698 -0.9891608953475952 -0.9991515278816223 0.02820131741464138 -0.030013393610715866 56.095184326171875
-0.025854626670479774 0.05969584733247757 0.9978817105293274 20.239925384521484 0.02968718111515045 0.9978209137916565 -0.05892302840948105 -1.0324921607971191 -0.9992247819900513 0.028100864961743355 -0.027570489794015884 56.0746955871582
-0.023000990971922874 0.05802677199244499 0.9980500936508179 20.97722816467285 0.028057346120476723 0.9979583024978638 -0.05737483873963356 -1.0748282670974731 -0.999341607093811 0.026682958006858826 -0.024582108482718468 56.06406784057617
-0.019337935373187065 0.06338746845722198 0.997801661491394 21.706077575683594 0.035605646669864655 0.9973987936973572 -0.06267182528972626 -1.11766517162323 -0.9991787672042847 0.034315429627895355 -0.02154458686709404 56.03790283203125
-0.01637834683060646 0.06891927868127823 0.9974877834320068 22.438085556030273 0.03744979947805405 0.9969637989997864 -0.06826815754175186 -1.158691167831421 -0.9991642832756042 0.03623759374022484 -0.01890963315963745 56.03196334838867
-0.014176275581121445 0.06953854113817215 0.9974784851074219 23.190711975097656 0.031041961163282394 0.9971285462379456 -0.06907297670841217 -1.2034450769424438 -0.9994176626205444 0.0299844928085804 -0.016294177621603012 56.03345489501953
-0.010787060484290123 0.06607287377119064 0.9977565407752991 23.93622589111328 0.026631111279129982 0.9974796175956726 -0.06576664000749588 -1.2453820705413818 -0.9995871782302856 0.025861937552690506 -0.012519465759396553 56.034706115722656
-0.00596795417368412 0.06261783093214035 0.9980197548866272 24.677532196044922 0.030688390135765076 0.9975787997245789 -0.06240667402744293 -1.2934610843658447 -0.999511182308197 0.03025517798960209 -0.00787514727562666 56.02712631225586
-0.0022285515442490578 0.06337988376617432 0.9979870319366455 25.4174747467041 0.03549886494874954 0.9973654747009277 -0.06326115131378174 -1.3417946100234985 -0.9993672966957092 0.035286419093608856 -0.004472594708204269 56.01483154296875
6.518341979244724e-05 0.06774410605430603 0.9977027177810669 26.164226531982422 0.03502323850989342 0.9970904588699341 -0.06770481169223785 -1.3962035179138184 -0.9993864893913269 0.034947194159030914 -0.0023076238576322794 56.02458572387695
0.004181527998298407 0.06843958050012589 0.9976465106010437 26.90752410888672 0.031314436346292496 0.9971569776535034 -0.06853724271059036 -1.4396891593933105 -0.9995008111000061 0.031527329236269 0.0020264931954443455 56.03547668457031
0.008021758869290352 0.06808953732252121 0.9976469874382019 27.646387100219727 0.030691087245941162 0.9971922039985657 -0.06830529123544693 -1.4828382730484009 -0.9994966983795166 0.031166797503829002 0.00590949272736907 56.040626525878906
0.011175026185810566 0.064559206366539 0.9978513121604919 28.395904541015625 0.03441257402300835 0.9972976446151733 -0.06490878760814667 -1.5349209308624268 -0.9993452429771423 0.03506399691104889 0.008923178538680077 56.05155944824219
0.01488614734262228 0.0654311254620552 0.9977459907531738 29.154464721679688 0.03927480801939964 0.9970482587814331 -0.06597134470939636 -1.5837538242340088 -0.9991174936294556 0.04016834497451782 0.012272413820028305 56.05063247680664
0.018589863553643227 0.06656346470117569 0.9976089596748352 29.9017333984375 0.04216504096984863 0.9968416094779968 -0.06729797273874283 -1.6271426677703857 -0.9989376664161682 0.04331528767943382 0.01572449877858162 56.06417465209961
0.02115563675761223 0.0664033368229866 0.9975685477256775 30.651897430419922 0.042492419481277466 0.9968304634094238 -0.06725535541772842 -1.671924352645874 -0.9988728165626526 0.04381193220615387 0.018266946077346802 56.080177307128906
0.024328120052814484 0.0648539662361145 0.9975981712341309 31.39921760559082 0.04384786635637283 0.9968639016151428 -0.06587554514408112 -1.7196941375732422 -0.9987419843673706 0.04534517601132393 0.021408116444945335 56.106449127197266
0.028194766491651535 0.06375649571418762 0.9975672364234924 32.16364288330078 0.04571721330285072 0.9968374371528625 -0.06500198692083359 -1.771951675415039 -0.9985564351081848 0.04743870720267296 0.02519083209335804 56.120147705078125
0.03092862106859684 0.0640103742480278 0.9974697828292847 32.91769790649414 0.0441511794924736 0.9968857169151306 -0.06534188985824585 -1.816669225692749 -0.9985458850860596 0.046060409396886826 0.028006166219711304 56.15542221069336
0.03422221168875694 0.0658935010433197 0.9972396492958069 33.67329788208008 0.040857501327991486 0.9968976378440857 -0.06727303564548492 -1.8616359233856201 -0.9985787868499756 0.04304695129394531 0.03142380714416504 56.17993927001953
0.036917027086019516 0.0663735643029213 0.9971116781234741 34.42384719848633 0.04246836155653 0.9967861771583557 -0.06792426109313965 -1.901015043258667 -0.9984155297279358 0.04485325887799263 0.033979613333940506 56.20682144165039
0.03989071771502495 0.06590327620506287 0.9970283508300781 35.178585052490234 0.041078947484493256 0.9968706965446472 -0.06753642112016678 -1.947674036026001 -0.998359203338623 0.04365094378590584 0.03705865889787674 56.23881530761719
0.04250413179397583 0.06638827919960022 0.9968881607055664 35.939239501953125 0.039412982761859894 0.9969017505645752 -0.06806963682174683 -1.9928083419799805 -0.9983185529708862 0.04218357056379318 0.039755888283252716 56.27290344238281
0.044794078916311264 0.06622470915317535 0.9967988729476929 36.694374084472656 0.03654935210943222 0.9970235824584961 -0.06788211315870285 -2.044276475906372 -0.9983274936676025 0.03947306051850319 0.042240288108587265 56.3214225769043
0.047371938824653625 0.06818484514951706 0.9965474009513855 37.46044158935547 0.03512438386678696 0.9969367384910583 -0.0698811486363411 -2.0934829711914062 -0.9982595443725586 0.03831350803375244 0.04483187943696976 56.37372970581055
0.05107155069708824 0.07147333025932312 0.9961342811584473 38.22513961791992 0.03341183811426163 0.9967551231384277 -0.07323090732097626 -2.1468868255615234 -0.9981359243392944 0.03702269122004509 0.048517778515815735 56.40583038330078
0.05487693101167679 0.0735861137509346 0.99577796459198 38.997249603271484 0.03373385965824127 0.9965746998786926 -0.07550405710935593 -2.1982390880584717 -0.9979230761528015 0.03773486614227295 0.0522066205739975 56.445945739746094
0.05794379115104675 0.07578910887241364 0.995438814163208 39.765071868896484 0.028035975992679596 0.9965972900390625 -0.07750926166772842 -2.2489466667175293 -0.9979259967803955 0.03239928185939789 0.05562180280685425 56.499176025390625
0.06013525277376175 0.07516849040985107 0.9953559637069702 40.542293548583984 0.024132657796144485 0.9967596530914307 -0.07673248648643494 -2.30149507522583 -0.9978983998298645 0.02863491326570511 0.05812638998031616 56.56327819824219
0.0638100653886795 0.07559540122747421 0.9950947761535645 41.31343078613281 0.026544377207756042 0.9966455101966858 -0.0774153545498848 -2.3556933403015137 -0.9976089000701904 0.03135404363274574 0.06158939003944397 56.61539840698242
0.06738326698541641 0.07684782892465591 0.9947632551193237 42.093284606933594 0.025771673768758774 0.9965626001358032 -0.07873255014419556 -2.4117274284362793 -0.9973941445350647 0.03094196878373623 0.06517115235328674 56.67269515991211
0.07137833535671234 0.07819507271051407 0.9943795800209045 42.880859375 0.02218169905245304 0.9965514540672302 -0.07995809614658356 -2.459287643432617 -0.9972026348114014 0.027764303609728813 0.06939766556024551 56.735816955566406
0.07530395686626434 0.07547837495803833 0.9942999482154846 43.68086242675781 0.021045956760644913 0.9967886209487915 -0.07726123183965683 -2.5241470336914062 -0.9969384670257568 0.026744065806269646 0.07347361743450165 56.80598449707031
0.0800238624215126 0.07541219890117645 0.9939361810684204 44.4814453125 0.020726686343550682 0.996792733669281 -0.07729765772819519 -2.5914926528930664 -0.9965774416923523 0.026786664500832558 0.07820416241884232 56.875221252441406
0.08536574989557266 0.07890214771032333 0.9932205080986023 45.275604248046875 0.017573650926351547 0.9965851902961731 -0.08067984879016876 -2.648864269256592 -0.9961947202682495 0.024341806769371033 0.08368763327598572 56.94846725463867
0.09092865884304047 0.08723963052034378 0.9920288324356079 46.066776275634766 0.01518853660672903 0.9959181547164917 -0.08897382020950317 -2.7138419151306152 -0.9957414865493774 0.023157738149166107 0.08923245966434479 57.04212188720703
0.09842415153980255 0.09203791618347168 0.990879237651825 46.860107421875 0.014334824867546558 0.9954794645309448 -0.09388907998800278 -2.7755351066589355 -0.9950412511825562 0.02344503253698349 0.09665988385677338 57.1263313293457
0.10549971461296082 0.0955595150589943 0.9898172616958618 47.66332244873047 0.009438891895115376 0.9952309727668762 -0.09708822518587112 -2.8399651050567627 -0.9943744540214539 0.01958555355668068 0.10409461706876755 57.20989990234375
0.11253134161233902 0.0939619243144989 0.9891955852508545 48.479862213134766 0.005710919387638569 0.9954413771629333 -0.09520487487316132 -2.9077672958374023 -0.9936317205429077 0.01636274717748165 0.11148173362016678 57.316261291503906
0.12016858160495758 0.09220033138990402 0.9884628653526306 49.29100799560547 0.005359726957976818 0.9956032037734985 -0.09351795166730881 -2.981811046600342 -0.9927390217781067 0.016535809263586998 0.11914605647325516 57.41676330566406
0.12801480293273926 0.08825130015611649 0.987838089466095 50.11695861816406 0.005171296186745167 0.9959601759910583 -0.0896470695734024 -3.0582635402679443 -0.9917587637901306 0.016584552824497223 0.1270412802696228 57.52316665649414
0.13542518019676208 0.08318421244621277 0.9872894287109375 50.948673248291016 0.00352635164745152 0.9964225888252258 -0.08443742990493774 -3.1165549755096436 -0.9907813668251038 0.014916481450200081 0.13464733958244324 57.656639099121094
0.14222513139247894 0.07562903314828873 0.9869409799575806 51.72434997558594 0.0006252057501114905 0.9970697164535522 -0.07649532705545425 -3.1846635341644287 -0.9898341298103333 0.011496594175696373 0.14176109433174133 57.76531982421875
0.14944715797901154 0.0729539692401886 0.986074686050415 52.538230895996094 0.0007357969298027456 0.9972658157348633 -0.0738934576511383 -3.2488961219787598 -0.9887694120407104 0.011768718250095844 0.1489848494529724 57.90308380126953
0.15696589648723602 0.07497107982635498 0.9847542643547058 53.3328971862793 0.00046839541755616665 0.9971088171005249 -0.07598628848791122 -3.3061888217926025 -0.9876039624214172 0.012388511560857296 0.1564769148826599 58.03176498413086
