1.0 0.0 0.0 0.0 0.0 1.0 0.0 0.0 0.0 0.0 1.0 0.0
0.9999986290931702 0.0008136205142363906 0.0014579463750123978 -0.00629653874784708 -0.0008069496834650636 0.9999892115592957 -0.004570255056023598 -0.0021782168187201023 -0.0014616490807384253 0.004569072276353836 0.9999884963035583 0.9640225172042847
0.9999966621398926 -0.001440936466678977 0.0021537942811846733 -0.002724928082898259 0.0014524124562740326 0.9999846816062927 -0.00533622782677412 -0.0010103491367772222 -0.002146072220057249 0.005339337978512049 0.9999834299087524 1.9185285568237305
0.9999935030937195 -0.0024377363733947277 0.0026512397453188896 -0.010122833773493767 0.002441026270389557 0.9999961853027344 -0.0012382109416648746 -0.004519785288721323 -0.0026482120156288147 0.001244674320332706 0.9999957084655762 2.8538501262664795
0.9999855756759644 -0.004938536323606968 0.002089159097522497 -0.007763125002384186 0.004928197246044874 0.9999757409095764 0.004925432149320841 -0.00796469021588564 -0.0021134326234459877 -0.0049150665290653706 0.9999856948852539 3.8026578426361084
0.9999631643295288 -0.008574039675295353 0.0003795449447352439 -0.002429134212434292 0.008572055026888847 0.9999508857727051 0.004955532029271126 -0.004451426677405834 -0.0004220149712637067 -0.004952096380293369 0.9999876618385315 4.743269920349121
0.9999387264251709 -0.011066910810768604 -0.00014895574713591486 -0.006530669517815113 0.011067197658121586 0.999936580657959 0.0020809059496968985 -0.0022320973221212626 0.000125917125842534 -0.002082427032291889 0.9999977946281433 5.6695098876953125
0.9999313354492188 -0.011667313054203987 -0.0010929446434602141 -0.012400294654071331 0.01166559848934412 0.9999307990074158 -0.001561473123729229 0.003598276525735855 0.0011110871564596891 0.0015486160991713405 0.9999982118606567 6.590138912200928
0.9999343156814575 -0.011358905583620071 -0.00152666587382555 -0.017789125442504883 0.011356282979249954 0.9999339580535889 -0.0017151550855487585 -0.0031078883912414312 0.0015460472786799073 0.001697705127298832 0.9999973773956299 7.522163391113281
0.9999326467514038 -0.011321011930704117 -0.002553290920332074 -0.028055984526872635 0.01132145244628191 0.9999358057975769 0.00015746399003546685 -0.002042758511379361 0.002551344456151128 -0.000186360499355942 0.9999967813491821 8.434617042541504
0.9999386072158813 -0.01067755464464426 -0.0029383234214037657 -0.03815217316150665 0.010685387998819351 0.9999393820762634 0.002662781858816743 0.004346770700067282 0.0029097129590809345 -0.002694015856832266 0.9999921321868896 9.376773834228516
0.9999322891235352 -0.010955044999718666 -0.003930334933102131 -0.0460648275911808 0.010971523821353912 0.9999309778213501 0.004196027293801308 0.0068647307343780994 0.003884096397086978 -0.004238865338265896 0.9999834895133972 10.298882484436035
0.9999166131019592 -0.012037503533065319 -0.004672537092119455 -0.048305660486221313 0.012062146328389645 0.9999132752418518 0.005282280500978231 0.004572878126055002 0.004608546383678913 -0.005338200367987156 0.9999750852584839 11.211386680603027
0.9999061822891235 -0.012451793998479843 -0.005712715908885002 -0.05354665219783783 0.012482809834182262 0.9999073147773743 0.005426077637821436 0.0056192162446677685 0.005644622258841991 -0.005496879108250141 0.999968945980072 12.124778747558594
0.9998995065689087 -0.012757753022015095 -0.006170119158923626 -0.06785277277231216 0.012782257981598377 0.9999104142189026 0.0039485446177423 0.01033909060060978 0.006119192577898502 -0.004027015995234251 0.9999731779098511 13.026104927062988
0.9998899102210999 -0.012941901572048664 -0.007255801931023598 -0.08081843703985214 0.012955394573509693 0.9999143481254578 0.0018157786689698696 0.01676887646317482 0.007231681142002344 -0.0019095804309472442 0.9999720454216003 13.9278564453125
0.9998586773872375 -0.014260506257414818 -0.008899329230189323 -0.09004993736743927 0.01426252257078886 0.9998983144760132 0.000163026517839171 0.02562844380736351 0.008896097540855408 -0.00028993029263801873 0.9999604225158691 14.83301830291748
0.9998483657836914 -0.013948031701147556 -0.01042538695037365 -0.11004234850406647 0.013944321312010288 0.9999026656150818 -0.000428464962169528 0.02490811236202717 0.010430347174406052 0.0002830256416928023 0.9999455809593201 15.74081039428711
0.9998467564582825 -0.012989831157028675 -0.011729712598025799 -0.1287335753440857 0.01297671440988779 0.9999150633811951 -0.0011936197988688946 0.025311235338449478 0.011744221672415733 0.0010412234114482999 0.9999304413795471 16.638263702392578
0.9998376369476318 -0.011811736971139908 -0.013603933155536652 -0.13992536067962646 0.011793635785579681 0.9999294281005859 -0.001410102122463286 0.028053343296051025 0.013619627803564072 0.0012494332622736692 0.9999064803123474 17.52277374267578
0.999811053276062 -0.012328961864113808 -0.015032270923256874 -0.15893018245697021 0.012318920344114304 0.999923825263977 -0.0007605141145177186 0.029587537050247192 0.015040501952171326 0.0005751890130341053 0.999886691570282 18.413137435913086
0.99979168176651 -0.012018755078315735 -0.01649562455713749 -0.17911477386951447 0.01203584112226963 0.9999271035194397 0.0009369426988996565 0.02571059577167034 0.016483159735798836 -0.0011352860601618886 0.9998635053634644 19.30406379699707
0.9997697472572327 -0.011797934770584106 -0.017922256141901016 -0.19968491792678833 0.01183056365698576 0.9999285936355591 0.0017156214453279972 0.024894243106245995 0.017900735139846802 -0.0019272564677521586 0.9998378753662109 20.185575485229492
0.9997299909591675 -0.0126715786755085 -0.019478457048535347 -0.21717873215675354 0.01270614005625248 0.9999179244041443 0.0016515637980774045 0.02421959862112999 0.019455930218100548 -0.0018986138748005033 0.9998089075088501 21.06827163696289
0.9996945261955261 -0.012456008233129978 -0.021347856149077415 -0.23791736364364624 0.012475578114390373 0.9999217987060547 0.0007836839067749679 0.029728300869464874 0.021336426958441734 -0.0010497714392840862 0.999771773815155 21.94094467163086
0.9996637105941772 -0.012737814337015152 -0.022587358951568604 -0.2604004740715027 0.01276807114481926 0.9999178647994995 0.0011958105023950338 0.03106917440891266 0.02257026918232441 -0.0014838054776191711 0.9997441172599792 22.799938201904297
0.999650239944458 -0.012536550872027874 -0.023282738402485847 -0.2872489094734192 0.012610075064003468 0.9999158978462219 0.003013692097738385 0.03467836230993271 0.023242998868227005 -0.0033062356524169445 0.9997243881225586 23.65665626525879
0.9996182918548584 -0.013527357950806618 -0.024087168276309967 -0.3081287443637848 0.01367515604943037 0.9998885989189148 0.005981836933642626 0.036212269216775894 0.024003563448786736 -0.006308949552476406 0.9996919631958008 24.489511489868164
0.999586284160614 -0.013801217079162598 -0.02523372881114483 -0.32523632049560547 0.013999038375914097 0.9998725056648254 0.0076797581277787685 0.038691386580467224 0.02512452006340027 -0.00802982784807682 0.999652087688446 25.333393096923828
0.9995943307876587 -0.012956252321600914 -0.02536299079656601 -0.35910123586654663 0.013120705261826515 0.9998939037322998 0.006328401621431112 0.04241161793470383 0.025278303772211075 -0.0066586146131157875 0.9996582269668579 26.159255981445312
0.9995996952056885 -0.01113963034003973 -0.02601141668856144 -0.38569214940071106 0.01124152448028326 0.999929666519165 0.003774263896048069 0.04345700517296791 0.025967547670006752 -0.0040651606395840645 0.9996545314788818 26.96768569946289
0.9995851516723633 -0.010658307000994682 -0.026757944375276566 -0.411842405796051 0.010714316740632057 0.9999406933784485 0.0019507192773744464 0.04886029660701752 0.026735564693808556 -0.0022366023622453213 0.9996401071548462 27.769081115722656
0.9995757937431335 -0.009538299404084682 -0.027519026771187782 -0.44058191776275635 0.009582276456058025 0.9999529719352722 0.0014665345661342144 0.053022272884845734 0.027503743767738342 -0.0017296067671850324 0.999620258808136 28.56583023071289
0.999530017375946 -0.009898727759718895 -0.029012184590101242 -0.46323585510253906 0.009943095035851002 0.9999496340751648 0.001385423238389194 0.047063544392585754 0.02899700589478016 -0.0016732432413846254 0.999578058719635 29.350175857543945
0.9994582533836365 -0.009737463667988777 -0.03143802285194397 -0.48849329352378845 0.009754008613526821 0.9999524354934692 0.0003729670715983957 0.04808393493294716 0.03143288940191269 -0.0006794118089601398 0.9995056390762329 30.125490188598633
0.9994089603424072 -0.009625781327486038 -0.033002328127622604 -0.5200945734977722 0.00964528787881136 0.9999533891677856 0.0004319271829444915 0.047187965363264084 0.032996632158756256 -0.0007499888306483626 0.9994551539421082 30.8907470703125
0.9993440508842468 -0.009866912849247456 -0.03484326973557472 -0.5464033484458923 0.009926270693540573 0.99994957447052 0.0015309778973460197 0.04868508502840996 0.034826409071683884 -0.001875837566331029 0.9993915557861328 31.653902053833008
0.9992566108703613 -0.01018654927611351 -0.037178050726652145 -0.5746761560440063 0.010338041000068188 0.9999390244483948 0.0038847820833325386 0.050624649971723557 0.03713621571660042 -0.004266243427991867 0.9993010759353638 32.407352447509766
0.9991945028305054 -0.009277557022869587 -0.03904135525226593 -0.6071192026138306 0.00949393305927515 0.9999406337738037 0.005360434763133526 0.05247470736503601 0.03898930549621582 -0.005726772826164961 0.9992232322692871 33.145164489746094
0.9991388320922852 -0.007928891107439995 -0.04072593152523041 -0.6437862515449524 0.00816208217293024 0.9999512434005737 0.005562794394791126 0.0526847168803215 0.04067983478307724 -0.005890412721782923 0.9991548657417297 33.8758659362793
0.9990874528884888 -0.005700086243450642 -0.04232913628220558 -0.686421811580658 0.005909104831516743 0.9999709129333496 0.004814442712813616 0.05268228054046631 0.04230046272277832 -0.005060175899416208 0.9990921020507812 34.5813102722168
0.9990156888961792 -0.0038549676537513733 -0.044190339744091034 -0.7242715358734131 0.004042007494717836 0.9999832510948181 0.00414402736350894 0.0556102879345417 0.04417362064123154 -0.004318565595895052 0.9990145564079285 35.28656768798828
0.9989229440689087 -0.0035248876083642244 -0.04626559093594551 -0.7466052770614624 0.003769087605178356 0.9999794363975525 0.0051920474506914616 0.0593884252011776 0.04624633491039276 -0.005360834300518036 0.9989156126976013 36.0025634765625
0.9988873600959778 -0.0017971318447962403 -0.04712534695863724 -0.7925493121147156 0.0021471285726875067 0.9999704957008362 0.007377369794994593 0.059921372681856155 0.04711069166660309 -0.0074703446589410305 0.9988617300987244 36.67681884765625
0.9988877177238464 0.0010480086784809828 -0.0471392385661602 -0.8314981460571289 -0.000689902575686574 0.9999707341194153 0.007612394168972969 0.0661311224102974 0.04714583978056908 -0.00757140526548028 0.9988593459129333 37.37228012084961
0.9989237189292908 0.0034943590871989727 -0.046252042055130005 -0.8584495186805725 -0.003245310625061393 0.9999798536300659 0.005458589177578688 0.06769253313541412 0.046270184218883514 -0.0053026131354272366 0.998914897441864 38.036895751953125
0.9989947080612183 0.005064189899712801 -0.04454181343317032 -0.8919896483421326 -0.004958936013281345 0.9999847412109375 0.0024732211604714394 0.07010675966739655 0.04455365240573883 -0.0022498550824820995 0.9990044832229614 38.68335723876953
0.9990853667259216 0.0055109597742557526 -0.04240360110998154 -0.9225939512252808 -0.005498278420418501 0.9999848008155823 0.000415673537645489 0.07804712653160095 0.04240524396300316 -0.0001821474579628557 0.9991004467010498 39.33293533325195
0.9992191791534424 0.006538760848343372 -0.03896670415997505 -0.9551459550857544 -0.006490308325737715 0.9999780654907227 0.0013698054244741797 0.07713175565004349 0.03897480294108391 -0.0011158303823322058 0.9992395639419556 39.96852493286133
0.9992731809616089 0.011250763200223446 -0.03641996905207634 -0.9784809947013855 -0.01111885067075491 0.9999307990074158 0.0038225080352276564 0.07992114126682281 0.036460455507040024 -0.003414781531319022 0.9993292689323425 40.62845230102539
0.9993506669998169 0.015389706008136272 -0.03257878124713898 -1.00599205493927 -0.015154884196817875 0.9998573064804077 0.007442514877766371 0.08007336407899857 0.032688677310943604 -0.00694395462051034 0.9994414448738098 41.252750396728516
0.9993849992752075 0.020499007776379585 -0.02844839356839657 -1.0297949314117432 -0.0202657338231802 0.9997587203979492 0.00846429169178009 0.08319077640771866 0.028615040704607964 -0.00788255874067545 0.9995594620704651 41.85475540161133
0.9994460940361023 0.02413010783493519 -0.022917505353689194 -1.0531893968582153 -0.023934826254844666 0.9996750354766846 0.008757428266108036 0.0876404196023941 0.023121384903788567 -0.008204050362110138 0.9996989965438843 42.4404296875
0.9994565844535828 0.02821769192814827 -0.017037488520145416 -1.0679848194122314 -0.028040334582328796 0.9995509386062622 0.010560502298176289 0.09150980412960052 0.01732783578336239 -0.010077027603983879 0.9997990727424622 43.01219177246094
0.9993907809257507 0.03326278179883957 -0.010566688142716885 -1.0794398784637451 -0.033137574791908264 0.9993810057640076 0.011811181902885437 0.09279786795377731 0.010953017510473728 -0.011453832499682903 0.9998743534088135 43.58354949951172
0.9993165135383606 0.03678738698363304 -0.003651804756373167 -1.0842448472976685 -0.03674352541565895 0.9992594122886658 0.01142718642950058 0.09640052169561386 0.004069477319717407 -0.011285195127129555 0.9999279975891113 44.115013122558594
0.9991853833198547 0.040156394243240356 0.004012251738458872 -1.0913574695587158 -0.040200375020504 0.9991248250007629 0.011558828875422478 0.09649829566478729 -0.0035445785615593195 -0.011710706166923046 0.9999251365661621 44.61856460571289
0.9989693760871887 0.04405524209141731 0.010925381444394588 -1.0811153650283813 -0.04417631775140762 0.9989621639251709 0.011099916882812977 0.10060793906450272 -0.010425033047795296 -0.011571118608117104 0.9998787641525269 45.12125778198242
0.9986665844917297 0.04808928072452545 0.018776627257466316 -1.0782697200775146 -0.04824882000684738 0.9988021850585938 0.008138044737279415 0.10715407878160477 -0.018362784758210182 -0.00903314258903265 0.999790608882904 45.58955383300781
0.9983710646629333 0.05038272216916084 0.026770642027258873 -1.0685136318206787 -0.05054398998618126 0.9987073540687561 0.005381611175835133 0.10459204018115997 -0.02646489441394806 -0.006725939456373453 0.9996271133422852 46.053688049316406
0.9981080293655396 0.0508878193795681 0.034506481140851974 -1.0515527725219727 -0.051092617213726044 0.9986811280250549 0.005079003516584635 0.10786601901054382 -0.03420250862836838 -0.006832420825958252 0.9993915557861328 46.481651306152344
0.9978383183479309 0.05008242279291153 0.04254886135458946 -1.029367208480835 -0.050402089953422546 0.9987080097198486 0.006473041605204344 0.10871919989585876 -0.04216970503330231 -0.008603599853813648 0.9990733861923218 46.878997802734375
0.9973799586296082 0.05179884284734726 0.05049874633550644 -1.006150245666504 -0.052227672189474106 0.9986091256141663 0.007208556402474642 0.11109369248151779 -0.050055116415023804 -0.009827102534472942 0.9986981153488159 47.266170501708984
0.996714174747467 0.0549604594707489 0.05950005725026131 -0.9953234195709229 -0.05550333112478256 0.9984302520751953 0.0075086201541125774 0.10768582671880722 -0.05899398773908615 -0.010786399245262146 0.9982000589370728 47.62356185913086
0.9958956241607666 0.05993086099624634 0.06782505661249161 -0.9650343656539917 -0.06051534786820412 0.9981454014778137 0.006594169419258833 0.11311822384595871 -0.0673040822148323 -0.01067156158387661 0.9976754188537598 47.94732666015625
0.9949944615364075 0.06370183080434799 0.07699451595544815 -0.9453741908073425 -0.06442457437515259 0.9978983998298645 0.00693724537268281 0.10902272164821625 -0.07639078050851822 -0.0118628591299057 0.9970073699951172 48.248226165771484
0.9942623972892761 0.06298569589853287 0.08645956963300705 -0.9169628024101257 -0.06388295441865921 0.9979281425476074 0.007647643331438303 0.10747122764587402 -0.08579874038696289 -0.013127055950462818 0.9962260127067566 48.53384780883789
0.9933899641036987 0.06166621670126915 0.09681786596775055 -0.876078188419342 -0.06250468641519547 0.9980286359786987 0.005648572463542223 0.10859786719083786 -0.09627866744995117 -0.011662805452942848 0.9952861070632935 48.812744140625
0.992228090763092 0.060313403606414795 0.10883777588605881 -0.8435481190681458 -0.060822535306215286 0.9981476664543152 0.0013611766044050455 0.10351050645112991 -0.10855407267808914 -0.007970386184751987 0.9940586090087891 49.06684112548828
0.9906346797943115 0.06128622591495514 0.12201212346553802 -0.8008622527122498 -0.06139317527413368 0.9981094598770142 -0.0028861730825155973 0.10682795196771622 -0.12195833027362823 -0.004631569609045982 0.9925243854522705 49.334739685058594
0.988501250743866 0.06271562725305557 0.137594074010849 -0.7622312903404236 -0.0626140683889389 0.9980248808860779 -0.0050704884342849255 0.10495996475219727 -0.1376403123140335 -0.003603141289204359 0.9904757142066956 49.598106384277344
0.9860048890113831 0.06473586708307266 0.15363460779190063 -0.7112193703651428 -0.0645286962389946 0.9978957176208496 -0.006339926738291979 0.10114596784114838 -0.15372173488140106 -0.0036626423243433237 0.9881073236465454 49.847259521484375
0.9831950068473816 0.06525872647762299 0.17049559950828552 -0.6567028760910034 -0.0649365708231926 0.9978614449501038 -0.007471509277820587 0.09904594719409943 -0.17061856389045715 -0.003725447691977024 0.9853300452232361 50.10554504394531
0.9799203872680664 0.0642087310552597 0.188767671585083 -0.5992516279220581 -0.06367634236812592 0.9979310631752014 -0.008889925666153431 0.10126596689224243 -0.1889479160308838 -0.0033086147159337997 0.9819815158843994 50.36252975463867
0.9760185480117798 0.0635266974568367 0.20821166038513184 -0.5314480662345886 -0.06300953775644302 0.9979711771011353 -0.009122167713940144 0.09784875065088272 -0.20836873352527618 -0.004215916618704796 0.9780412912368774 50.60649108886719
0.971519947052002 0.06362544000148773 0.22825637459754944 -0.45739316940307617 -0.06297080963850021 0.9979637265205383 -0.010157402604818344 0.09194458276033401 -0.22843782603740692 -0.004505369812250137 0.9735481142997742 50.84039306640625
0.9662258625030518 0.06590384989976883 0.24912720918655396 -0.3809592127799988 -0.06481479853391647 0.9978179931640625 -0.012581177055835724 0.09191854298114777 -0.24941274523735046 -0.003990870900452137 0.968389093875885 51.07612228393555
0.9599995613098145 0.06684744358062744 0.27190494537353516 -0.2961260676383972 -0.06530141085386276 0.9977566599845886 -0.014741039834916592 0.08879099041223526 -0.27228033542633057 -0.0036043834406882524 0.9622111916542053 51.324161529541016
0.9527251720428467 0.06847702711820602 0.29601630568504333 -0.19976192712783813 -0.06682834774255753 0.9976410269737244 -0.01569657027721405 0.07815100997686386 -0.29639285802841187 -0.004827763419598341 0.9550539255142212 51.555660247802734
0.9441664218902588 0.07127783447504044 0.321666419506073 -0.10048022121191025 -0.06963608413934708 0.9974340796470642 -0.01662241294980049 0.07152259349822998 -0.3220258057117462 -0.006705266889184713 0.9467071890830994 51.79445266723633
0.9344065189361572 0.07309704273939133 0.3486277163028717 0.010059722699224949 -0.07142459601163864 0.9972895979881287 -0.01766727864742279 0.06240038573741913 -0.34897419810295105 -0.008392171934247017 0.9370948076248169 52.02756881713867
0.923114001750946 0.07393854856491089 0.37735089659690857 0.1267375648021698 -0.07206743210554123 0.9972169995307922 -0.019097119569778442 0.05599306523799896 -0.37771275639533997 -0.009565891698002815 0.9258733987808228 52.264739990234375
0.91058349609375 0.07164264470338821 0.4070688784122467 0.27126365900039673 -0.06897836923599243 0.9973921179771423 -0.021237816661596298 0.04753502085804939 -0.4075287878513336 -0.008740137331187725 0.9131505489349365 52.50499725341797
0.8955994248390198 0.0694313794374466 0.43940988183021545 0.418001264333725 -0.06552982330322266 0.997560441493988 -0.024063028395175934 0.041257452219724655 -0.44000864028930664 -0.007243616506457329 0.897964358329773 52.733848571777344
0.8783029913902283 0.06843360513448715 0.47318145632743835 0.5712005496025085 -0.06254029273986816 0.9976440072059631 -0.028198596090078354 0.030628900974988937 -0.4739963412284851 -0.004825992975383997 0.880513608455658 52.9537353515625
0.8587729334831238 0.07048526406288147 0.5074847340583801 0.7325084805488586 -0.06212369352579117 0.9975088238716125 -0.033418796956539154 0.024174867197871208 -0.508575975894928 -0.0028276629745960236 0.8610124588012695 53.17053985595703
0.8369582295417786 0.0724000558257103 0.5424565076828003 0.9184931516647339 -0.06164562702178955 0.997374415397644 -0.038003306835889816 0.015450856648385525 -0.5437836050987244 -0.0016328898491337895 0.8392238616943359 53.39917755126953
0.8124160170555115 0.07503160089254379 0.5782304406166077 1.1144754886627197 -0.06241985037922859 0.9971787333488464 -0.04169450327754021 0.005952933337539434 -0.5797275304794312 -0.0022197761572897434 0.8148074150085449 53.62187194824219
0.7848765850067139 0.07910683006048203 0.6145817637443542 1.3255432844161987 -0.06551619619131088 0.9968525171279907 -0.04464126378297806 -0.005638143979012966 -0.6161788105964661 -0.005227178800851107 0.7875890135765076 53.85495376586914
0.7549395561218262 0.08370678871870041 0.6504302620887756 1.5536646842956543 -0.0694001093506813 0.9964485168457031 -0.04768632352352142 -0.018993981182575226 -0.6521119475364685 -0.009139642119407654 0.7580676674842834 54.08475875854492
0.7217724323272705 0.08469847589731216 0.6869284510612488 1.810194730758667 -0.06903526932001114 0.9963447451591492 -0.05031253397464752 -0.03760876506567001 -0.6886789202690125 -0.011108082719147205 0.7249813079833984 54.32024383544922
0.6851773262023926 0.08216524869203568 0.7237271070480347 2.086484432220459 -0.06537490338087082 0.9965440630912781 -0.05124567821621895 -0.05791051685810089 -0.7254366278648376 -0.012201206758618355 0.6881809234619141 54.53986740112305
0.6459115147590637 0.08082994073629379 0.7591210603713989 2.375985622406006 -0.06267014145851135 0.9966368675231934 -0.05279622972011566 -0.07983504235744476 -0.7608355283737183 -0.013472532853484154 0.6488048434257507 54.74520492553711
0.6032924056053162 0.08006903529167175 0.7934905290603638 2.708538293838501 -0.060495417565107346 0.9966753125190735 -0.054577089846134186 -0.10258088260889053 -0.795222282409668 -0.0150765934959054 0.6061304211616516 54.96477508544922
0.5569084286689758 0.08015542477369308 0.8266971111297607 3.066486120223999 -0.05712428316473961 0.9966719150543213 -0.0581539086997509 -0.11929142475128174 -0.8286071419715881 -0.014838075265288353 0.5596338510513306 55.17705154418945
0.5081130266189575 0.07892097532749176 0.8576669096946716 3.436633825302124 -0.0540069155395031 0.9967528581619263 -0.059723757207393646 -0.14478373527526855 -0.8595954179763794 -0.015973534435033798 0.5107253789901733 55.36931610107422
0.45975491404533386 0.07724200934171677 0.8846801519393921 3.876946449279785 -0.052144479006528854 0.9968393445014954 -0.05993599817156792 -0.16500228643417358 -0.8865135908126831 -0.01857532374560833 0.4623294770717621 55.562713623046875
0.4107734262943268 0.07487823069095612 0.9086574912071228 4.313577651977539 -0.0511033833026886 0.9969459176063538 -0.05905156955122948 -0.18621397018432617 -0.9103041887283325 -0.022178657352924347 0.41334548592567444 55.72058868408203
0.3601779043674469 0.07490862160921097 0.9298712015151978 4.772147178649902 -0.05421356111764908 0.9967670440673828 -0.05929845571517944 -0.20411384105682373 -0.9313069581985474 -0.029053637757897377 0.36307454109191895 55.884891510009766
0.3102668225765228 0.07527323812246323 0.947664737701416 5.214653491973877 -0.05301111936569214 0.9966791272163391 -0.06181054934859276 -0.23095493018627167 -0.9491703510284424 -0.031059008091688156 0.31322672963142395 56.010009765625
0.26354944705963135 0.07185542583465576 0.9619659185409546 5.700793743133545 -0.04168549180030823 0.9971386194229126 -0.0630621463060379 -0.26254698634147644 -0.9637448191642761 -0.02348002791404724 0.2657907009124756 56.09465408325195
0.2196410894393921 0.06625872850418091 0.9733281135559082 6.213357925415039 -0.028148669749498367 0.9977059960365295 -0.06156621500849724 -0.2854097783565521 -0.975174605846405 -0.013875416480004787 0.22100229561328888 56.16487121582031
0.17706936597824097 0.06513597071170807 0.9820406436920166 6.745575428009033 -0.019548872485756874 0.9978435039520264 -0.06265931576490402 -0.3192768692970276 -0.9840041995048523 -0.00810274388641119 0.17796087265014648 56.235260009765625
0.13882549107074738 0.06656448543071747 0.9880772233009338 7.245827674865723 -0.01575915515422821 0.9977606534957886 -0.06500265002250671 -0.34060242772102356 -0.9901914596557617 -0.006547234486788511 0.13956357538700104 56.27696228027344
0.10610532015562057 0.06734457612037659 0.9920717477798462 7.78950834274292 -0.007102558854967356 0.9977298378944397 -0.06696901470422745 -0.3745046854019165 -0.9943295121192932 5.952016363153234e-05 0.10634274780750275 56.307586669921875
0.07734568417072296 0.06549001485109329 0.9948511123657227 8.355154037475586 0.0002059890393866226 0.9978392720222473 -0.06570273637771606 -0.4111766219139099 -0.9970043301582336 0.005286750849336386 0.07716505229473114 56.3272705078125
0.052293047308921814 0.06405387818813324 0.9965754151344299 8.912571907043457 0.00684359110891819 0.9978944063186646 -0.06449773907661438 -0.4419850707054138 -0.9986083507537842 0.010192938148975372 0.05174458026885986 56.336097717285156
0.03229678049683571 0.0630527213215828 0.9974874258041382 9.495427131652832 0.011432060040533543 0.9979195594787598 -0.0634501725435257 -0.4711817800998688 -0.9994129538536072 0.013452574610710144 0.031508758664131165 56.339210510253906
0.016581814736127853 0.06493689864873886 0.9977516531944275 10.084227561950684 0.014416885562241077 0.9977696537971497 -0.06517765671014786 -0.49764180183410645 -0.9997586011886597 0.015465235337615013 0.015608644112944603 56.335941314697266
0.0029596849344670773 0.06490818411111832 0.9978867769241333 10.672769546508789 0.014922297559678555 0.9977772235870361 -0.06494531035423279 -0.5306621789932251 -0.9998841881752014 0.015082981437444687 0.0019845268689095974 56.33061218261719
-0.008703219704329967 0.06558789312839508 0.9978088140487671 11.287576675415039 0.015546203590929508 0.9977349042892456 -0.06544744223356247 -0.5697410702705383 -0.9998412132263184 0.014942537061870098 -0.00970314722508192 56.3233642578125
-0.017846114933490753 0.06862851977348328 0.9974825382232666 11.91280746459961 0.020576931536197662 0.9974554777145386 -0.06825850158929825 -0.6017203330993652 -0.9996289014816284 0.019306985661387444 -0.0192128736525774 56.30492401123047
-0.02426532469689846 0.07044212520122528 0.9972206950187683 12.539087295532227 0.024445243179798126 0.9972578287124634 -0.06984993815422058 -0.6376094222068787 -0.999406635761261 0.022682372480630875 -0.02592076174914837 56.2747802734375
-0.028810756281018257 0.06995207071304321 0.997134268283844 13.18526840209961 0.02518336847424507 0.9972823858261108 -0.06923484802246094 -0.6702232360839844 -0.9992676377296448 0.02311648800969124 -0.030494092032313347 56.25525665283203
-0.03242700174450874 0.0672440454363823 0.9972094893455505 13.83763599395752 0.02291751466691494 0.9975218176841736 -0.06651989370584488 -0.7045696973800659 -0.999211311340332 0.020696518942713737 -0.03388771042227745 56.235477447509766
-0.03517170250415802 0.06032121181488037 0.9975591897964478 14.538276672363281 0.02046697773039341 0.9980109930038452 -0.05962690711021423 -0.7442432641983032 -0.9991716742515564 0.01831984333693981 -0.036336325109004974 56.22401428222656
-0.03632370010018349 0.05480601266026497 0.9978361129760742 15.227704048156738 0.02182307466864586 0.9983003735542297 -0.05403710529208183 -0.7772690653800964 -0.9991017580032349 0.019813023507595062 -0.03745799884200096 56.195945739746094
-0.037047453224658966 0.052262112498283386 0.9979459643363953 15.900738716125488 0.024443570524454117 0.9983800649642944 -0.051377419382333755 -0.8089950084686279 -0.9990144371986389 0.022489961236715317 -0.038264911621809006 56.16967010498047
-0.03690943121910095 0.05447949841618538 0.9978325366973877 16.606897354125977 0.027535956352949142 0.9981890916824341 -0.05348043143749237 -0.8517643213272095 -0.9989391565322876 0.025502337142825127 -0.03834274038672447 56.14554977416992
-0.035699956119060516 0.061987996101379395 0.9974381923675537 17.31781768798828 0.028840618208050728 0.9977226257324219 -0.06097341701388359 -0.8788922429084778 -0.9989463090896606 0.02658999152481556 -0.037406425923109055 56.11015319824219
-0.03388163447380066 0.06983267515897751 0.9969831705093384 18.02742576599121 0.02972492016851902 0.9971849918365479 -0.06883662939071655 -0.9160953760147095 -0.9989836812019348 0.027302952483296394 -0.0358620285987854 56.09457778930664
-0.03159397840499878 0.07069294154644012 0.9969976544380188 18.760351181030273 0.030422767624258995 0.9971014261245728 -0.06973622739315033 -0.9488202333450317 -0.9990377426147461 0.028128182515501976 -0.033653076738119125 56.070186614990234
-0.029406564310193062 0.06673011928796768 0.9973375797271729 19.504472732543945 0.02960291877388954 0.997389554977417 -0.06586074829101562 -0.9874728918075562 -0.999129056930542 0.027587369084358215 -0.03130520507693291 56.05192947387695
-0.026838606223464012 0.05983917787671089 0.9978471398353577 20.258014678955078 0.029178570955991745 0.9978283047676086 -0.059053245931863785 -1.037874698638916 -0.9992138147354126 0.027530847117304802 -0.028526345267891884 56.027374267578125
-0.023946499451994896 0.058193184435367584 0.9980181455612183 20.995004653930664 0.027429556474089622 0.9979667663574219 -0.05753205344080925 -1.0799541473388672 -0.9993368983268738 0.025997499004006386 -0.02549402229487896 56.0156364440918
-0.020799826830625534 0.06372172385454178 0.9977508783340454 21.72138786315918 0.03496890887618065 0.9974026679992676 -0.06297049671411514 -1.1212244033813477 -0.9991719126701355 0.033580485731363297 -0.022974077612161636 55.994441986083984
-0.017596060410141945 0.06924012303352356 0.9974448084831238 22.44710350036621 0.03706224635243416 0.99695885181427 -0.06855256855487823 -1.1630744934082031 -0.9991579651832581 0.03576128929853439 -0.020108740776777267 55.9830322265625
-0.015109456144273281 0.06968964636325836 0.9974542856216431 23.215545654296875 0.030783765017986298 0.9971277117729187 -0.06920051574707031 -1.2101460695266724 -0.9994118809700012 0.029659811407327652 -0.017211370170116425 55.98301315307617
-0.012070821598172188 0.06637079268693924 0.9977220296859741 23.959918975830078 0.026357656344771385 0.9974691271781921 -0.06603507697582245 -1.2509340047836304 -0.999579668045044 0.02550051361322403 -0.013789650984108448 55.987728118896484
-0.007046467158943415 0.062463805079460144 0.9980223774909973 24.70036506652832 0.030360272154211998 0.9976003766059875 -0.062223050743341446 -1.3030619621276855 -0.9995141625404358 0.029861774295568466 -0.008925977163016796 55.975128173828125
-0.0030495086684823036 0.0638476014137268 0.9979549646377563 25.438581466674805 0.03517958149313927 0.9973486661911011 -0.0637013167142868 -1.3459529876708984 -0.9993763566017151 0.034913379698991776 -0.005287555977702141 55.96015548706055
-0.0008174997637979686 0.06796057522296906 0.9976876974105835 26.202844619750977 0.03478425741195679 0.9970861673355103 -0.06789109855890274 -1.4013326168060303 -0.9993945360183716 0.03464833274483681 -0.0031790758948773146 55.96745300292969
0.0032373000867664814 0.0686054602265358 0.9976385831832886 26.946876525878906 0.031102435663342476 0.9971542358398438 -0.06867308169603348 -1.445729374885559 -0.9995109438896179 0.03125131130218506 0.0010942906374111772 55.97835159301758
0.007063304539769888 0.06809165328741074 0.997654139995575 27.68612289428711 0.03053266555070877 0.9971990585327148 -0.0682767778635025 -1.490742802619934 -0.9995088577270508 0.03094329871237278 0.0049645002000033855 55.98404312133789
0.010596208274364471 0.06461384892463684 0.9978541135787964 28.43818473815918 0.0343218669295311 0.9972986578941345 -0.06494234502315521 -1.543283224105835 -0.9993546605110168 0.03493636101484299 0.008349915035068989 55.98727798461914
0.014170189388096333 0.06573381274938583 0.9977365732192993 29.203908920288086 0.038808178156614304 0.9970487356185913 -0.06623966246843338 -1.5882757902145386 -0.9991462230682373 0.039658959954977036 0.011577360332012177 55.989891052246094
0.017994672060012817 0.06678370386362076 0.9976052045822144 29.949750900268555 0.04147578030824661 0.9968580007553101 -0.06748180836439133 -1.6322908401489258 -0.9989774823188782 0.04259076714515686 0.015168226324021816 55.999454498291016
0.02050057239830494 0.0664665624499321 0.9975780248641968 30.699434280395508 0.04208629950881004 0.9968458414077759 -0.06728266924619675 -1.6785602569580078 -0.9989036321640015 0.04336369037628174 0.01763857901096344 56.01787185668945
0.02361738495528698 0.06520222127437592 0.997592568397522 31.44768714904785 0.04351905733346939 0.9968578815460205 -0.06618447601795197 -1.7238377332687378 -0.998773455619812 0.04497738927602768 0.020705638453364372 56.04548645019531
0.027856573462486267 0.06430841982364655 0.9975411295890808 32.21875 0.04511826112866402 0.9968305826187134 -0.06552254408597946 -1.775538444519043 -0.9985932111740112 0.04683256149291992 0.024866798892617226 56.05686950683594
0.030420245602726936 0.06430057436227798 0.9974668025970459 32.960205078125 0.04382437467575073 0.9968831539154053 -0.0655994787812233 -1.821983814239502 -0.9985759854316711 0.04570891335606575 0.027507498860359192 56.08051300048828
0.03375303000211716 0.0659361332654953 0.9972528219223022 33.71661376953125 0.04093170538544655 0.9968929290771484 -0.06729771941900253 -1.867274284362793 -0.9985916614532471 0.043090756982564926 0.03094928152859211 56.110904693603516
0.03655466437339783 0.06600422412157059 0.9971495270729065 34.47221755981445 0.04261241853237152 0.9968058466911316 -0.06754361093044281 -1.9144110679626465 -0.9984227418899536 0.04495998099446297 0.03362530469894409 56.137001037597656
0.03881761431694031 0.06581054627895355 0.9970768094062805 35.22926712036133 0.0401734784245491 0.9969193339347839 -0.0673641636967659 -1.9606372117996216 -0.9984384179115295 0.04267096519470215 0.03605419024825096 56.18446731567383
0.040966831147670746 0.06609900295734406 0.9969716668128967 35.98536682128906 0.03833154961466789 0.9969708919525146 -0.06767404824495316 -2.006495952606201 -0.9984249472618103 0.04098786041140556 0.03830906003713608 56.222137451171875
0.04378094524145126 0.06656952202320099 0.9968208074569702 36.7529296875 0.03607017919421196 0.9970216155052185 -0.06816715747117996 -2.0478289127349854 -0.9983897805213928 0.03893992677330971 0.04124937579035759 56.268558502197266
0.04713593050837517 0.06811883300542831 0.9965631365776062 37.51106643676758 0.03434488922357559 0.9969715476036072 -0.06977123022079468 -2.104226589202881 -0.9982978105545044 0.03751558065414429 0.04465365409851074 56.29751968383789
0.05056827887892723 0.07191990315914154 0.996127724647522 38.27427673339844 0.03330536186695099 0.996727466583252 -0.07365396618843079 -2.1492655277252197 -0.9981651306152344 0.036900948733091354 0.048007480800151825 56.33939743041992
0.05390523746609688 0.07345343381166458 0.9958407878875732 39.03592300415039 0.033879660069942474 0.99658203125 -0.07534202188253403 -2.208261489868164 -0.9979711174964905 0.03780007362365723 0.051232412457466125 56.38690948486328
0.056557245552539825 0.07531403005123138 0.9955546855926514 39.802101135253906 0.027570009231567383 0.9966526031494141 -0.07696335017681122 -2.264627456665039 -0.9980186223983765 0.0318002849817276 0.05429152026772499 56.44553756713867
0.059037089347839355 0.07446838170289993 0.9954742789268494 40.58119583129883 0.02395431138575077 0.996820867061615 -0.0759897381067276 -2.3172614574432373 -0.9979683756828308 0.028332112357020378 0.057065561413764954 56.502159118652344
0.06273523718118668 0.07549808919429779 0.9951704740524292 41.36008834838867 0.02585534192621708 0.996677041053772 -0.07724229246377945 -2.3653676509857178 -0.99769526720047 0.03057628497481346 0.060574743896722794 56.553672790527344
0.06644834578037262 0.07662496715784073 0.9948433041572571 42.13667678833008 0.02538597770035267 0.9965943098068237 -0.07845544815063477 -2.4209976196289062 -0.9974669218063354 0.030468303710222244 0.06427683681249619 56.607421875
0.07069481164216995 0.07784976065158844 0.9944554567337036 42.923667907714844 0.02177458070218563 0.9965917468070984 -0.07956493645906448 -2.4706530570983887 -0.997260332107544 0.027278680354356766 0.06875874102115631 56.66621780395508
0.07432979345321655 0.0755685418844223 0.9943664073944092 43.725521087646484 0.02063964679837227 0.9967945218086243 -0.07729590684175491 -2.5311076641082764 -0.9970201253890991 0.026268765330314636 0.07253183424472809 56.740699768066406
0.0792400911450386 0.07555742561817169 0.9939879775047302 44.52495574951172 0.02048974297940731 0.996789276599884 -0.07740379869937897 -2.5961077213287354 -0.9966449737548828 0.026500040665268898 0.07743750512599945 56.803016662597656
0.0848471149802208 0.07916638255119324 0.9932439923286438 45.3192253112793 0.0172918438911438 0.9965716004371643 -0.08090874552726746 -2.6523690223693848 -0.9962438941001892 0.024039894342422485 0.0831872820854187 56.87258529663086
0.08986371755599976 0.08747778832912445 0.9921049475669861 46.10953140258789 0.015179033391177654 0.9958991408348083 -0.08918725699186325 -2.717712640762329 -0.9958384037017822 0.023073885589838028 0.08816736936569214 56.97516632080078
0.09711392968893051 0.09274689853191376 0.9909424781799316 46.89992141723633 0.014078685082495213 0.9954209327697754 -0.09454581141471863 -2.773895502090454 -0.9951736927032471 0.02313288301229477 0.09536349773406982 57.06247329711914
0.10492534935474396 0.09515740722417831 0.989916980266571 47.69565200805664 0.008983811363577843 0.995280385017395 -0.0966251865029335 -2.851649761199951 -0.9944396018981934 0.01903166063129902 0.10357525944709778 57.14011764526367
0.11190780997276306 0.09414342790842056 0.989249050617218 48.49339294433594 0.005600241478532553 0.9954266548156738 -0.09536484628915787 -2.907930612564087 -0.9937028288841248 0.016212105751037598 0.11086878925561905 57.237548828125
0.11908576637506485 0.09269613027572632 0.9885474443435669 49.30339813232422 0.005529277957975864 0.99555504322052 -0.09401930123567581 -2.975533962249756 -0.9928685426712036 0.016662314534187317 0.11804389208555222 57.347923278808594
0.12722690403461456 0.08908872306346893 0.9878646731376648 50.1306037902832 0.005072562489658594 0.9958867430686951 -0.0904654711484909 -3.0470409393310547 -0.9918606281280518 0.016520647332072258 0.12625166773796082 57.44965362548828
0.1342393159866333 0.08328481018543243 0.9874429106712341 50.93544387817383 0.0028356071561574936 0.9964255690574646 -0.08442793041467667 -3.120906114578247 -0.9909449815750122 0.01413355115801096 0.13352331519126892 57.57341384887695
0.1420440375804901 0.07606933265924454 0.9869331121444702 51.74140167236328 0.0006032507517375052 0.9970359802246094 -0.07693485170602798 -3.177520751953125 -0.9898601174354553 0.011523508466780186 0.14157713949680328 57.68811798095703
0.1487237811088562 0.0736134871840477 0.9861350059509277 52.565006256103516 -0.00013758074783254415 0.997226893901825 -0.07442072778940201 -3.248366355895996 -0.9888787865638733 0.01093246042728424 0.1483214944601059 57.828189849853516
0.15599022805690765 0.07503027468919754 0.9849048256874084 53.364933013916016 -0.0002515731903258711 0.997113823890686 -0.07592051476240158 -3.312634229660034 -0.9877585768699646 0.011595082469284534 0.15555889904499054 57.961395263671875
