1.0 0.0 0.0 0.0 0.0 1.0 0.0 0.0 0.0 0.0 1.0 0.0
1.0 -4.572286707116291e-05 0.00010735419346019626 -0.014539634808897972 4.556835483526811e-05 0.9999989867210388 0.0014388342387974262 -0.012559736147522926 -0.00010741986625362188 -0.0014388293493539095 0.9999989867210388 1.3156741857528687
0.9999984502792358 -0.0015917147975414991 -0.0006902472232468426 -0.009601440280675888 0.0015929193468764424 0.9999971389770508 0.0017481273971498013 -0.038614992052316666 0.0006874627433717251 -0.0017492244951426983 0.9999982118606567 2.6187517642974854
0.9999958872795105 -0.0027804849669337273 -0.0007089521968737245 -0.01388712227344513 0.0027809669263660908 0.9999958276748657 0.000680102501064539 -0.05371331796050072 0.000707058294210583 -0.0006820713169872761 0.9999995231628418 3.930555582046509
0.9999953508377075 -0.0029939047526568174 -0.0005071291234344244 -0.025942321866750717 0.0029942637775093317 0.9999952912330627 0.0007086274563334882 -0.07058769464492798 0.0005050051840953529 -0.0007101426017470658 0.9999996423721313 5.255576133728027
0.9999931454658508 -0.0036519381683319807 -0.000614567834418267 -0.02436961606144905 0.0036529148928821087 0.9999920725822449 0.0015960113378241658 -0.09544350206851959 0.000608734437264502 -0.0015982453478500247 0.9999985098838806 6.572498321533203
0.999987006187439 -0.005084894131869078 -0.00031632816535420716 -0.03199389576911926 0.0050856792367994785 0.9999838471412659 0.0025342493318021297 -0.10846611857414246 0.00030343671096488833 -0.002535825129598379 0.9999967217445374 7.89763879776001
0.9999894499778748 -0.004581345710903406 -0.0003842506557703018 -0.03972357138991356 0.004582593683153391 0.9999840259552002 0.0033124189358204603 -0.13198381662368774 0.00036906919558532536 -0.003314144676551223 0.9999944567680359 9.232400894165039
0.9999938607215881 -0.003464455483481288 -0.0005400580121204257 -0.050361476838588715 0.0034651823807507753 0.999993085861206 0.001350408885627985 -0.14770451188087463 0.0005353757878765464 -0.0013522719964385033 0.999998927116394 10.578433990478516
0.9999988079071045 -0.0012506952043622732 -0.0009483837056905031 -0.048887450248003006 0.0012502142926678061 0.9999990463256836 -0.0005080669652670622 -0.171424001455307 0.0009490181691944599 0.0005068809259682894 0.999999463558197 11.937298774719238
0.9999966025352478 0.0025902697816491127 -0.00037293072091415524 -0.07755989581346512 -0.002590780146420002 0.9999957084655762 -0.0013731963699683547 -0.20097708702087402 0.00036937205004505813 0.0013741578441113234 0.9999989867210388 13.244311332702637
0.9999880790710449 0.004843342117965221 -0.0006569657125510275 -0.08630920201539993 -0.004844336770474911 0.9999871850013733 -0.0015210884157568216 -0.22329632937908173 0.0006495899870060384 0.0015242529334500432 0.9999986290931702 14.584161758422852
0.9999830722808838 0.005820415914058685 -0.00013856054283678532 -0.10143990814685822 -0.005820475518703461 0.9999829530715942 -0.000432792236097157 -0.24772143363952637 0.00013603904517367482 0.0004335914272814989 0.9999998211860657 15.92575454711914
0.999994158744812 0.003426807001233101 7.655020453967154e-05 -0.10347148030996323 -0.003426984651014209 0.9999911189079285 0.0024489574134349823 -0.26770395040512085 -6.815740198362619e-05 -0.0024492056109011173 0.9999970197677612 17.280088424682617
0.9999995231628418 -0.0009538491722196341 6.290720193646848e-05 -0.09862643480300903 0.0009535729768685997 0.9999905228614807 0.004250626545399427 -0.2906343638896942 -6.696105992887169e-05 -0.004250564146786928 0.9999909400939941 18.649681091308594
0.999993622303009 -0.003562687896192074 -5.6232765928143635e-05 -0.10202085226774216 0.0035627970937639475 0.9999914765357971 0.002082036342471838 -0.3087866008281708 4.881464337813668e-05 -0.0020822235383093357 0.9999978542327881 19.981468200683594
0.999990701675415 -0.0043037966825068 -6.129190296633169e-06 -0.11403141915798187 0.004303797613829374 0.999990701675415 0.00021028844639658928 -0.3262081742286682 5.224039341555908e-06 -0.00021031289361417294 0.9999999403953552 21.326601028442383
0.9999975562095642 -0.001621844945475459 0.0014536024536937475 -0.14009535312652588 0.001624249736778438 0.9999973177909851 -0.001654809806495905 -0.3433615267276764 -0.001450914773158729 0.001657166751101613 0.9999975562095642 22.671527862548828
0.9999980926513672 0.0011595605174079537 0.0015586316585540771 -0.12831586599349976 -0.001160213490948081 0.9999992251396179 0.00041790297836996615 -0.3706640601158142 -0.0015581463230773807 -0.0004197105299681425 0.9999986886978149 24.052780151367188
0.9999964833259583 0.001701453235000372 0.002026959089562297 -0.13107270002365112 -0.0017097239615395665 0.9999901652336121 0.004085614811629057 -0.38979005813598633 -0.002019987441599369 -0.004089066293090582 0.9999895691871643 25.433258056640625
0.9999958872795105 -0.00047329114750027657 0.0028029531240463257 -0.13889646530151367 0.00045640565804205835 0.9999818801879883 0.00602176645770669 -0.4030986428260803 -0.002805751748383045 -0.006020462140440941 0.9999778866767883 26.80299186706543
0.999983012676239 -0.0054984325543046 0.0018927787896245718 -0.12365314364433289 0.005490598734468222 0.9999764561653137 0.004119785036891699 -0.42072635889053345 -0.0019153864122927189 -0.004109323024749756 0.9999897480010986 28.184673309326172
0.9999833703041077 -0.005382289178669453 0.002017813269048929 -0.1304103136062622 0.00537804514169693 0.9999832510948181 0.002103071426972747 -0.43656057119369507 -0.0020290990360081196 -0.002092184731736779 0.9999958276748657 29.5533447265625
0.9999780654907227 -0.006000187713652849 0.0027826670557260513 -0.13375547528266907 0.006002170033752918 0.9999817609786987 -0.0007048028637655079 -0.4560621976852417 -0.0027783869300037622 0.000721489719580859 0.9999958872795105 30.93170928955078
0.9999902844429016 -0.002585012698546052 0.0035748137161135674 -0.14710909128189087 0.002589256502687931 0.9999960064888 -0.0011831560404971242 -0.4810914993286133 -0.003571741282939911 0.0011924004647880793 0.9999929070472717 32.31017303466797
0.9999921321868896 -0.002056823344901204 0.003398309461772442 -0.13184598088264465 0.0020686027128249407 0.9999918341636658 -0.0034663842525333166 -0.5051506161689758 -0.003391152946278453 0.003473385702818632 0.9999881982803345 33.701377868652344
0.9999932646751404 -0.0014119690749794245 0.0033755789045244455 -0.12919633090496063 0.001421595923602581 0.9999948740005493 -0.0028511572163552046 -0.5284903049468994 -0.0033715362660586834 0.0028559367638081312 0.9999902844429016 35.0949821472168
0.9999936819076538 -0.0007585342973470688 0.0034766567405313253 -0.14218413829803467 0.0007651511114090681 0.9999979138374329 -0.0019022973719984293 -0.5519090890884399 -0.003475205972790718 0.0019049461698159575 0.9999920725822449 36.48165512084961
0.9999949336051941 0.0005759644554927945 0.0031231881584972143 -0.14833417534828186 -0.0005755762686021626 0.9999998211860657 -0.00012515205889940262 -0.5764589309692383 -0.0031232591718435287 0.00012335414066910744 0.9999950528144836 37.88186264038086
0.9999901056289673 0.003194093471392989 0.003104237839579582 -0.15076032280921936 -0.003194875083863735 0.9999948143959045 0.00024695476167835295 -0.6057136654853821 -0.003103433409705758 -0.00025686994194984436 0.9999951124191284 39.29330062866211
0.9999759197235107 0.005920739844441414 0.0036326167173683643 -0.16535671055316925 -0.005919648800045252 0.9999824166297913 -0.0003109741082880646 -0.6242393255233765 -0.0036343939136713743 0.00028946285601705313 0.9999933838844299 40.68191909790039
0.9999644756317139 0.007726326119154692 0.0033757714554667473 -0.162697896361351 -0.0077264197170734406 0.9999700784683228 1.486217115598265e-05 -0.6440662741661072 -0.00337555562146008 -4.0944243664853275e-05 0.9999942183494568 42.10725021362305
0.9999614953994751 0.008272449485957623 0.0029414359014481306 -0.16426123678684235 -0.008272744715213776 0.9999657273292542 8.887900912668556e-05 -0.6667113304138184 -0.0029406005050987005 -0.00011320933845127001 0.9999956488609314 43.50936508178711
0.9999673962593079 0.007642258889973164 0.0025996773038059473 -0.1701885163784027 -0.007642450742423534 0.9999707937240601 6.36059558019042e-05 -0.6938354969024658 -0.0025991147849708796 -8.347183756995946e-05 0.9999966025352478 44.92533874511719
0.9999759793281555 0.006674565840512514 0.0018319329246878624 -0.1692182421684265 -0.006673966068774462 0.9999776482582092 -0.00033315105247311294 -0.7143630981445312 -0.0018341154791414738 0.0003209168207831681 0.9999982714653015 46.319637298583984
0.9999815225601196 0.006007072050124407 0.000868022907525301 -0.17574045062065125 -0.006006964016705751 0.9999819397926331 -0.00012642968795262277 -0.7390488982200623 -0.0008687666850164533 0.00012121312465751544 0.9999996423721313 47.732505798339844
0.999979555606842 0.006392109673470259 -0.00020749703980982304 -0.1797298789024353 -0.006391928531229496 0.9999791979789734 0.0008617629646323621 -0.7574816942214966 0.00021300138905644417 -0.0008604191825725138 0.9999996423721313 49.16154098510742
0.999975860118866 0.006823271047323942 -0.001296116621233523 -0.1886533796787262 -0.006822333671152592 0.9999764561653137 0.0007271684589795768 -0.7830196022987366 0.0013010477414354682 -0.0007183083798736334 0.9999988675117493 50.57466125488281
0.9999716281890869 0.007160980720072985 -0.002307741902768612 -0.20526805520057678 -0.00715823145583272 0.9999736547470093 0.0011976042296737432 -0.8020948171615601 0.0023162567522376776 -0.0011810509022325277 0.9999966025352478 51.993900299072266
0.9999682307243347 0.007081621326506138 -0.003660965245217085 -0.2123146802186966 -0.007073996122926474 0.9999728202819824 0.002091606380417943 -0.8265161514282227 0.003675677115097642 -0.0020656422711908817 0.9999911189079285 53.41891098022461
0.9999748468399048 0.0057751997373998165 -0.004129868466407061 -0.22720807790756226 -0.005762320477515459 0.9999786019325256 0.003123435191810131 -0.8474276661872864 0.004147818312048912 -0.0030995586421340704 0.9999865889549255 54.854026794433594
0.9999812841415405 0.003556814743205905 -0.004967709071934223 -0.2331232726573944 -0.003540611593052745 0.9999884366989136 0.003266647458076477 -0.8691203594207764 0.0049792705103755 -0.003248997498303652 0.9999823570251465 56.289981842041016
0.9999861121177673 0.0008974774391390383 -0.00519819650799036 -0.2525319755077362 -0.0008832857711240649 0.9999960064888 0.0027317674830555916 -0.8930974006652832 0.005200627259910107 -0.0027271381113678217 0.9999827146530151 57.6981315612793
0.9999851584434509 -0.00023757043527439237 -0.005445658694952726 -0.26553142070770264 0.0002558683045208454 0.9999943375587463 0.003359622322022915 -0.9155506491661072 0.005444829352200031 -0.0033609657548367977 0.999979555606842 59.12116622924805
0.9999868869781494 -0.0013393560657277703 -0.004945503547787666 -0.2753349244594574 0.0013578732032328844 0.9999920725822449 0.003742779139429331 -0.9350084662437439 0.004940452519804239 -0.003749445779249072 0.9999807476997375 60.544921875
0.9999856352806091 -0.002845117589458823 -0.004543214105069637 -0.2830859124660492 0.0028664455749094486 0.999984860420227 0.004694862756878138 -0.9540208578109741 0.0045297881588339806 -0.004707817453891039 0.9999786615371704 61.9793815612793
0.9999857544898987 -0.0037436264101415873 -0.0037965625524520874 -0.30227139592170715 0.0037594051100313663 0.9999843835830688 0.00415765680372715 -0.9791064858436584 0.003780937986448407 -0.004171871580183506 0.9999841451644897 63.38006591796875
0.9999826550483704 -0.004866518545895815 -0.0033136908896267414 -0.3146977722644806 0.004877403844147921 0.9999827146530151 0.0032848885748535395 -0.9964815378189087 0.0032976476941257715 -0.0033009937033057213 0.9999891519546509 64.7905044555664
0.9999814033508301 -0.0053435275331139565 -0.0029464259278029203 -0.31560420989990234 0.005352777894586325 0.9999806880950928 0.0031404837500303984 -1.0232371091842651 0.0029295883141458035 -0.0031561970245093107 0.999990701675415 66.20048522949219
0.9999884963035583 -0.004350739996880293 -0.002008988056331873 -0.32627809047698975 0.0043565439991652966 0.9999862909317017 0.0028937901370227337 -1.0384712219238281 0.0019963704980909824 -0.002902509644627571 0.9999937415122986 67.63777160644531
0.9999979734420776 -0.0011429443256929517 -0.0016267616301774979 -0.3439706265926361 0.0011496206279844046 0.9999908804893494 0.004109249450266361 -1.058730125427246 0.0016220500692725182 -0.004111111164093018 0.9999902248382568 69.01095581054688
0.9999972581863403 0.002280938671901822 -0.0005811811424791813 -0.36420804262161255 -0.002277792664244771 0.9999830722808838 0.005357914604246616 -1.077604055404663 0.0005933924112468958 -0.005356575828045607 0.99998539686203 70.40760040283203
0.9999812841415405 0.0061218696646392345 9.752936603035778e-05 -0.37434396147727966 -0.00612234603613615 0.9999631643295288 0.006012945901602507 -1.0998518466949463 -6.0715294239344075e-05 -0.006013430655002594 0.9999819397926331 71.80060577392578
0.9999520778656006 0.009766691364347935 0.0007136178901419044 -0.3912397027015686 -0.009770600125193596 0.999936044216156 0.005695041734725237 -1.1171375513076782 -0.0006579505279660225 -0.005701741669327021 0.999983549118042 73.19451904296875
0.9999091625213623 0.013413399457931519 0.0012982614571228623 -0.40307605266571045 -0.013419771566987038 0.9998972415924072 0.005029383581131697 -1.1407853364944458 -0.0012306668795645237 -0.005046348087489605 0.999986469745636 74.59505462646484
0.9998816251754761 0.015237550251185894 0.0021459709387272596 -0.4142014682292938 -0.015248365700244904 0.9998706579208374 0.005116199143230915 -1.1626464128494263 -0.0020677351858466864 -0.00514831580221653 0.999984622001648 75.98014831542969
0.9998833537101746 0.015107723884284496 0.0022515475284308195 -0.41787585616111755 -0.015119556337594986 0.9998713731765747 0.005335823632776737 -1.1766701936721802 -0.0021706458646804094 -0.005369243677705526 0.9999832510948181 77.38158416748047
0.9998918771743774 0.014471389353275299 0.0026016298215836287 -0.4277440309524536 -0.014484009705483913 0.9998831152915955 0.004899607039988041 -1.1965705156326294 -0.00253042159602046 -0.004936760291457176 0.999984622001648 78.75572204589844
0.9999114871025085 0.013086043298244476 0.0024147899821400642 -0.4318543076515198 -0.013095766305923462 0.9999060034751892 0.0040548318065702915 -1.2156736850738525 -0.002361501567065716 -0.0040860967710614204 0.9999887943267822 80.13888549804688
0.999923050403595 0.012250206433236599 0.0019535606261342764 -0.4353352189064026 -0.012258314527571201 0.9999160170555115 0.004193285014480352 -1.2356600761413574 -0.0019020279869437218 -0.004216909408569336 0.9999892711639404 81.51376342773438
0.9999232292175293 0.012278580106794834 0.0016294048400595784 -0.4371950626373291 -0.012285323813557625 0.9999156594276428 0.004194921813905239 -1.2534207105636597 -0.0015777598600834608 -0.0042146178893744946 0.9999898076057434 82.8949203491211
0.9999325275421143 0.011592394672334194 0.0007462330395355821 -0.4331775903701782 -0.011595030315220356 0.9999261498451233 0.0036290292628109455 -1.2705336809158325 -0.0007041087956167758 -0.003637437243014574 0.9999931454658508 84.26869201660156
0.9999318718910217 0.011671177111566067 0.0001663545408518985 -0.4496682584285736 -0.011671752668917179 0.9999237656593323 0.00400810269638896 -1.2847219705581665 -0.00011956260277656838 -0.0040097711607813835 0.9999918937683105 85.63399505615234
0.99993497133255 0.011347826570272446 -0.0010280284332111478 -0.4503178596496582 -0.01134292408823967 0.9999247193336487 0.004655388183891773 -1.3024872541427612 0.001080779475159943 -0.004643425345420837 0.9999886155128479 87.01335144042969
0.9999554753303528 0.009287097491323948 -0.0016812460962682962 -0.4675275385379791 -0.009276827797293663 0.9999388456344604 0.006016280502080917 -1.3366806507110596 0.001737017068080604 -0.006000414490699768 0.9999805092811584 88.38227081298828
0.9999730587005615 0.006938457489013672 -0.0023926682770252228 -0.49039334058761597 -0.006922918371856213 0.9999552965164185 0.006442895159125328 -1.3485167026519775 0.002437265357002616 -0.006426157429814339 0.999976396560669 89.7492904663086
0.9999828934669495 0.004536484833806753 -0.00369054707698524 -0.48981285095214844 -0.004511198960244656 0.9999664425849915 0.006831351201981306 -1.3784575462341309 0.003721413901075721 -0.0068145859986543655 0.9999698400497437 91.0770034790039
0.9999830722808838 0.003688386408612132 -0.004488002508878708 -0.4979720115661621 -0.003662451868876815 0.999976634979248 0.005773351527750492 -1.3888156414031982 0.0045091924257576466 -0.0057568177580833435 0.9999732375144958 92.45469665527344
0.9999879002571106 0.0027260209899395704 -0.004090671427547932 -0.5176727771759033 -0.0027029509656131268 0.9999804496765137 0.005634752567857504 -1.4091689586639404 0.004105952102690935 -0.00562362652271986 0.9999757409095764 93.76202392578125
0.9999845623970032 0.002920576138421893 -0.004735381808131933 -0.5246225595474243 -0.0028976763132959604 0.999984085559845 0.004835711792111397 -1.4223577976226807 0.004749429412186146 -0.004821914713829756 0.9999770522117615 95.12926483154297
0.9999875426292419 0.0026179668493568897 -0.004237026907503605 -0.5428508520126343 -0.002598751103505492 0.999986469745636 0.004534389823675156 -1.4465330839157104 0.004248838406056166 -0.004523321986198425 0.9999807476997375 96.48754119873047
0.9999851584434509 0.003365762997418642 -0.004288049880415201 -0.5574811697006226 -0.0033491544891148806 0.9999869465827942 0.003874680260196328 -1.4665858745574951 0.0043010348454117775 -0.0038602608256042004 0.9999833106994629 97.82748413085938
0.9999812245368958 0.0047977035865187645 -0.0037931883707642555 -0.575762927532196 -0.004782794509083033 0.9999808669090271 0.003929676488041878 -1.4853359460830688 0.003811968956142664 -0.003911461215466261 0.9999850988388062 99.1622085571289
0.9999806880950928 0.0050338334403932095 -0.003648587502539158 -0.5863856077194214 -0.005012974143028259 0.9999712109565735 0.005703948438167572 -1.50334894657135 0.003677195170894265 -0.005685548763722181 0.9999770522117615 100.50874328613281
0.9999727606773376 0.006345510017126799 -0.003771645249798894 -0.6012687087059021 -0.006319889333099127 0.9999571442604065 0.006766320206224918 -1.5221627950668335 0.003814419498667121 -0.006742299534380436 0.999970018863678 101.8486557006836
0.9999774098396301 0.005768063943833113 -0.0034617199562489986 -0.6152669191360474 -0.005749271716922522 0.9999688267707825 0.005414628889411688 -1.536665439605713 0.0034928442910313606 -0.0053946031257510185 0.9999793767929077 103.17648315429688
0.9999775290489197 0.005854554940015078 -0.0032661817967891693 -0.6321137547492981 -0.005844839382916689 0.9999786019325256 0.002976451301947236 -1.5575977563858032 0.003283537458628416 -0.0029572949279099703 0.9999902248382568 104.48140716552734
0.9999812245368958 0.004997442942112684 -0.0035339854657649994 -0.6397923231124878 -0.004991705063730478 0.9999862909317017 0.0016305184690281749 -1.5725764036178589 0.00354208517819643 -0.0016128476709127426 0.9999924302101135 105.83570098876953
0.999991238117218 0.002443084493279457 -0.0034052550327032804 -0.6534303426742554 -0.0024317288771271706 0.9999914765357971 0.0033347741700708866 -1.602579951286316 0.00341337313875556 -0.0033264642115682364 0.9999886155128479 107.13115692138672
0.9999960064888 1.3947985280537978e-05 -0.0028518186882138252 -0.6635535955429077 7.856921229176805e-07 0.9999866485595703 0.005166301503777504 -1.617755651473999 0.0028518522158265114 -0.005166282877326012 0.9999825358390808 108.47378540039062
0.9999974370002747 -0.001118275336921215 -0.00196687038987875 -0.6679600477218628 0.0011293437564745545 0.9999834895133972 0.0056352317333221436 -1.6358153820037842 0.0019605355337262154 -0.0056374394334852695 0.9999821186065674 109.78269958496094
0.9999970197677612 -0.0019676699303090572 -0.0014192701783031225 -0.6724257469177246 0.0019737398251891136 0.999988853931427 0.004288090392947197 -1.6532268524169922 0.0014108165632933378 -0.004290880635380745 0.9999897480010986 111.10208129882812
0.9999998807907104 2.3976090233190916e-05 -0.00047255741083063185 -0.6907086372375488 -2.30130972340703e-05 0.9999979138374329 0.0020377631299197674 -1.673658847808838 0.00047260551946237683 -0.0020377517212182283 0.9999977946281433 112.42963409423828
0.999996542930603 0.0023536442313343287 0.0011453803163021803 -0.7034298181533813 -0.002353258430957794 0.9999971389770508 -0.00033797556534409523 -1.6906675100326538 -0.0011461725225672126 0.0003352789208292961 0.9999992847442627 113.77207946777344
0.9999833106994629 0.00533546507358551 0.002176235895603895 -0.7115556597709656 -0.00533535098657012 0.9999857544898987 -5.855789640918374e-05 -1.7147371768951416 -0.0021765173878520727 4.6945940994191915e-05 0.9999975562095642 115.07333374023438
0.9999707937240601 0.006677388213574886 0.0036841542460024357 -0.7199776768684387 -0.006683400832116604 0.999976396560669 0.0016221603145822883 -1.7320001125335693 -0.0036732349544763565 -0.0016467358218505979 0.9999918937683105 116.41426849365234
0.9999669194221497 0.006557639222592115 0.004833833780139685 -0.7225397229194641 -0.006576931569725275 0.9999704360961914 0.003985862713307142 -1.7571351528167725 -0.0048075527884066105 -0.004017522092908621 0.9999803900718689 117.74073028564453
0.9999649524688721 0.006125332321971655 0.005705715622752905 -0.7248145937919617 -0.006149981636554003 0.999971866607666 0.004312478471547365 -1.7713079452514648 -0.0056791407987475395 -0.0043474165722727776 0.9999743700027466 119.07563781738281
0.9999563097953796 0.006592235527932644 0.006616467144340277 -0.7221572995185852 -0.006616899743676186 0.9999711513519287 0.003712807083502412 -1.7856086492538452 -0.006591801531612873 -0.0037564258091151714 0.9999711513519287 120.41392517089844
0.9999350309371948 0.008242813870310783 0.007871788926422596 -0.7182359099388123 -0.008267934434115887 0.9999607801437378 0.0031640257220715284 -1.8014113903045654 -0.007845400832593441 -0.0032289037480950356 0.9999639987945557 121.75869750976562
0.9999009966850281 0.01064723264425993 0.009201476350426674 -0.7247322797775269 -0.010672447271645069 0.9999393820762634 0.002695467323064804 -1.8196556568145752 -0.009172219783067703 -0.0027934033423662186 0.9999540448188782 123.09107208251953
0.9998832941055298 0.011296520009636879 0.010281238704919815 -0.7203747034072876 -0.011311633512377739 0.9999350309371948 0.001413108198903501 -1.833106279373169 -0.010264607146382332 -0.0015292413299903274 0.9999461770057678 124.43651580810547
0.9998587369918823 0.01254948414862156 0.011175034567713737 -0.7155860662460327 -0.01256169006228447 0.9999204874038696 0.0010229262989014387 -1.8630839586257935 -0.011161308735609055 -0.0011631593806669116 0.9999370574951172 125.7756576538086
0.9998582005500793 0.011544544249773026 0.012254173867404461 -0.71067214012146 -0.011553864926099777 0.9999329447746277 0.0006900850567035377 -1.8785146474838257 -0.012245384976267815 -0.0008315701270475984 0.9999247193336487 127.12117004394531
0.9998539686203003 0.011015729047358036 0.01306539960205555 -0.698307991027832 -0.011044202372431755 0.9999367594718933 0.0021090100053697824 -1.9065324068069458 -0.013041339814662933 -0.002252999460324645 0.999912440776825 128.4635009765625
0.9998595118522644 0.009567217901349068 0.013762309215962887 -0.6876670122146606 -0.009606810286641121 0.9999499320983887 0.0028137280605733395 -1.9247742891311646 -0.013734699226915836 -0.0029455451294779778 0.9999013543128967 129.78700256347656
0.9998506903648376 0.009260876104235649 0.014585240744054317 -0.6867128610610962 -0.00930859800428152 0.9999515414237976 0.003207345027476549 -1.943943977355957 -0.014554830268025398 -0.003342634765431285 0.9998884201049805 131.16661071777344
0.9998688101768494 0.00694628618657589 0.014628990553319454 -0.6717362403869629 -0.006992334965616465 0.9999707937240601 0.003098858520388603 -1.955678105354309 -0.014607034623622894 -0.0032007431145757437 0.9998881816864014 132.52081298828125
0.9998821020126343 0.005494040437042713 0.014338077045977116 -0.660481333732605 -0.005550574045628309 0.9999769926071167 0.0039060672279447317 -1.981677532196045 -0.014316285029053688 -0.003985190764069557 0.9998895525932312 133.87721252441406
0.9998959302902222 0.0037893622647970915 0.013916742987930775 -0.6514170169830322 -0.0038407885003834963 0.999985933303833 0.0036703702062368393 -1.9996452331542969 -0.013902639038860798 -0.003723439062014222 0.9998964071273804 135.2195281982422
0.999914288520813 0.002894967095926404 0.012768150307238102 -0.6452643871307373 -0.0029398188926279545 0.9999895691871643 0.003495435928925872 -2.016119956970215 -0.012757895514369011 -0.003532672068104148 0.9999123811721802 136.545654296875
0.9999334216117859 0.000723723613191396 0.011518487706780434 -0.6315866708755493 -0.0007749990909360349 0.9999898076057434 0.004447739105671644 -2.033789873123169 -0.01151515357196331 -0.0044563706032931805 0.9999237656593323 137.9228057861328
0.9999411106109619 -0.0008493632776662707 0.010818581096827984 -0.6211820840835571 0.0007979440852068365 0.9999883770942688 0.004756311420351267 -2.0515894889831543 -0.010822496376931667 -0.004747399128973484 0.9999301433563232 139.2605743408203
0.9999586343765259 -0.0010007100645452738 0.009042422287166119 -0.6141390800476074 0.0009588325046934187 0.9999887943267822 0.004634376615285873 -2.0718414783477783 -0.00904696062207222 -0.00462551461532712 0.9999483823776245 140.6129150390625
0.999967634677887 -0.0019268428441137075 0.0078124478459358215 -0.6085793972015381 0.0018934857798740268 0.9999891519546509 0.004274873062968254 -2.0921132564544678 -0.007820600643754005 -0.004259942565113306 0.9999604225158691 141.9502410888672
0.9999760985374451 -0.0014389671850949526 0.0067654140293598175 -0.6073422431945801 0.0014132496435195208 0.9999917149543762 0.003804550739005208 -2.1091606616973877 -0.006770832929760218 -0.0037948982790112495 0.9999698996543884 143.29380798339844
0.9999759793281555 -0.004077091813087463 0.005599599331617355 -0.605423092842102 0.004069684073328972 0.9999907612800598 0.001333650667220354 -2.125925064086914 -0.005604985170066357 -0.00131082977168262 0.9999834299087524 144.6279296875
0.9999403357505798 -0.009898549877107143 0.00460612028837204 -0.5936477780342102 0.00989486463367939 0.9999508261680603 0.0008221284952014685 -2.144317150115967 -0.004614031407982111 -0.0007765027112327516 0.9999889731407166 146.00352478027344
0.9998520016670227 -0.016628453508019447 0.004413519520312548 -0.6012431383132935 0.016614766791462898 0.9998570680618286 0.003119704080745578 -2.1605093479156494 -0.004464765079319477 -0.003045912366360426 0.9999853372573853 147.34194946289062
0.9997177124023438 -0.023595420643687248 0.002747912425547838 -0.5878080129623413 0.023582132533192635 0.9997105598449707 0.0047720386646687984 -2.182253122329712 -0.00285971537232399 -0.0047058905474841595 0.9999848008155823 148.70155334472656
0.9996346235275269 -0.027010420337319374 0.001036840956658125 -0.5723047256469727 0.027009285986423492 0.9996345639228821 0.0010926476679742336 -2.194512128829956 -0.0010659751715138555 -0.001064244075678289 0.9999988675117493 150.06204223632812
0.9996382594108582 -0.026837186887860298 0.001780925435014069 -0.5711517333984375 0.026841459795832634 0.9996368288993835 -0.0024220317136496305 -2.2121787071228027 -0.001715277787297964 0.0024689584970474243 0.9999954700469971 151.4122314453125
0.9997234344482422 -0.023402879014611244 0.0022792587988078594 -0.5872670412063599 0.023412229493260384 0.9997172355651855 -0.004165335558354855 -2.2458064556121826 -0.002181133721023798 0.0042175473645329475 0.9999887347221375 152.73841857910156
0.9997186660766602 -0.023472508415579796 0.0033829091116786003 -0.5937018990516663 0.023485122248530388 0.9997172355651855 -0.003737144637852907 -2.2815024852752686 -0.003294232301414013 0.0038155419752001762 0.9999873042106628 154.05372619628906
0.99964439868927 -0.026428544893860817 0.003546030493453145 -0.5914923548698425 0.026430238038301468 0.9996505379676819 -0.00043013779213652015 -2.303358554840088 -0.0035334236454218626 0.00052370730554685 0.9999935626983643 155.44053649902344
0.9994838833808899 -0.0318404883146286 0.004261027090251446 -0.585728645324707 0.031830884516239166 0.9994906187057495 0.0023046275600790977 -2.3250389099121094 -0.00433223694562912 -0.0021678053308278322 0.9999881982803345 156.785888671875
0.999369740486145 -0.03527510538697243 0.003973104991018772 -0.5766375660896301 0.03526126593351364 0.9993720054626465 0.003500322811305523 -2.342041015625 -0.0040940833278000355 -0.0033580204471945763 0.9999859929084778 158.1481475830078
0.9993281364440918 -0.036399491131305695 0.004281157627701759 -0.576007604598999 0.03638621047139168 0.9993329048156738 0.0031388357747346163 -2.3553872108459473 -0.004392553120851517 -0.002980952151119709 0.999985933303833 159.4876708984375
0.9993736147880554 -0.035028304904699326 0.005060897208750248 -0.5777972936630249 0.03500789776444435 0.9993786811828613 0.004069276619702578 -2.380023241043091 -0.005200295243412256 -0.0038895555771887302 0.9999788999557495 160.846435546875
0.9994999170303345 -0.030996734276413918 0.0062554702162742615 -0.5886108875274658 0.030976811423897743 0.9995147585868835 0.0032574632205069065 -2.3975274562835693 -0.006353405769914389 -0.0030620594043284655 0.9999750852584839 162.18479919433594
0.9996105432510376 -0.02699209563434124 0.007087850011885166 -0.5810133218765259 0.026986535638570786 0.9996353387832642 0.000878167396876961 -2.415966510772705 -0.007108968682587147 -0.0006865488830953836 0.9999744892120361 163.55841064453125
0.9996768832206726 -0.024178382009267807 0.007839327678084373 -0.5750373601913452 0.024177083745598793 0.9997075796127319 0.00025982450461015105 -2.435354471206665 -0.007843317463994026 -7.020845077931881e-05 0.9999692440032959 164.913818359375
0.9997276067733765 -0.021843036636710167 0.008224466815590858 -0.5802443027496338 0.021832406520843506 0.9997606873512268 0.0013794470578432083 -2.4574527740478516 -0.008252627216279507 -0.001199511345475912 0.999965250492096 166.25840759277344
0.9997714161872864 -0.020138638094067574 0.007186471950262785 -0.5598810911178589 0.02013310417532921 0.9997969269752502 0.0008416387718170881 -2.4785871505737305 -0.00720196170732379 -0.0006967602530494332 0.9999738931655884 167.62611389160156
0.9998140931129456 -0.01774900034070015 0.007529710419476032 -0.5751737356185913 0.01776147447526455 0.9998409748077393 -0.0015930307563394308 -2.499685525894165 -0.007500238250941038 0.001726473681628704 0.9999703764915466 168.97296142578125
0.9998733997344971 -0.014368693344295025 0.006822189781814814 -0.5732390880584717 0.014398826286196709 0.9998867511749268 -0.004388643428683281 -2.5205838680267334 -0.006758357398211956 0.004486319608986378 0.9999671578407288 170.3214111328125
0.9999384880065918 -0.00859218928962946 0.007014324888586998 -0.5865705013275146 0.0086311474442482 0.9999473690986633 -0.005542859435081482 -2.555447578430176 -0.006966330111026764 0.005603059660643339 0.9999600052833557 171.6742401123047
0.9999635219573975 -0.004177276045084 0.007449789438396692 -0.5941363573074341 0.004209129139780998 0.9999819993972778 -0.004265218041837215 -2.58440899848938 -0.007431837730109692 0.004296419210731983 0.9999631643295288 173.03335571289062
0.9999669790267944 -0.0010923543013632298 0.008049985393881798 -0.6013894081115723 0.0011120808776468039 0.9999963641166687 -0.0024464409798383713 -2.6095805168151855 -0.008047282695770264 0.0024553127586841583 0.9999645352363586 174.3875732421875
0.9999679327011108 0.00011500816617626697 0.008010776713490486 -0.5994782447814941 -0.00011283638013992459 0.9999998807907104 -0.00027155710267834365 -2.632972240447998 -0.008010807447135448 0.0002706446102820337 0.9999678134918213 175.76258850097656
0.9999700784683228 -0.003323968732729554 0.0069972979836165905 -0.5933058261871338 0.003318970324471593 0.9999942183494568 0.0007257942343130708 -2.655723810195923 -0.006999670527875423 -0.000702548713888973 0.9999752640724182 177.14041137695312
0.9999725818634033 -0.005045499186962843 0.00543988635763526 -0.584439754486084 0.005042391363531351 0.9999871253967285 0.0005849059671163559 -2.673865795135498 -0.005442766938358545 -0.000557459716219455 0.9999850392341614 178.52865600585938
0.9999792575836182 -0.005312568508088589 0.0036412004847079515 -0.586155354976654 0.005327226128429174 0.999977707862854 -0.004027700982987881 -2.6936540603637695 -0.0036197213921695948 0.0040470147505402565 0.9999852776527405 179.9250030517578
0.9999911189079285 -0.003829598193988204 0.0017473833868280053 -0.58480304479599 0.003843100741505623 0.9999622702598572 -0.007790455594658852 -2.727752447128296 -0.0017174830427393317 0.007797101978212595 0.9999681115150452 181.3107452392578
0.9999986290931702 0.001124488073401153 0.0011986726894974709 -0.6015269756317139 -0.0011142519069835544 0.9999631643295288 -0.008506420068442822 -2.7570929527282715 -0.0012081939494237304 0.008505074307322502 0.999963104724884 182.70899963378906
0.9999887943267822 0.00459513533860445 0.001130729797296226 -0.6131194829940796 -0.004586358554661274 0.9999602437019348 -0.007645751815289259 -2.7895054817199707 -0.001165818190202117 0.007640480529516935 0.9999700784683228 184.1000213623047
0.9999767541885376 0.006632615812122822 0.0015598610043525696 -0.6304013133049011 -0.006626254878938198 0.9999698400497437 -0.004048727452754974 -2.8218576908111572 -0.0015866676112636924 0.004038297571241856 0.9999905824661255 185.4928741455078
0.9999722242355347 0.007200904190540314 0.0018834639340639114 -0.6373317241668701 -0.007197369821369648 0.9999723434448242 -0.0018764546839520335 -2.848720073699951 -0.0018969239899888635 0.0018628466641530395 0.9999964833259583 186.8867645263672
0.9999755024909973 0.006660208571702242 0.002114702481776476 -0.642932653427124 -0.006657995283603668 0.9999773502349854 -0.0010518706403672695 -2.8677213191986084 -0.0021216601599007845 0.0010377648286521435 0.9999972581863403 188.2943115234375
0.9999836683273315 0.005317911971360445 0.0020659759175032377 -0.6464388370513916 -0.005316468887031078 0.9999855756759644 -0.000703791796695441 -2.891294479370117 -0.0020696886349469423 0.0006927964859642088 0.999997615814209 189.72093200683594
0.9999943375587463 0.0025410146918147802 0.002195188542827964 -0.6466400623321533 -0.0025410011876374483 0.9999967813491821 -8.772568435233552e-06 -2.9181466102600098 -0.0021952036768198013 3.194541477569146e-06 0.999997615814209 191.14727783203125
0.999997615814209 -0.00042600391316227615 0.002142495708540082 -0.6452693343162537 0.00042586191557347775 0.9999998807907104 6.671071605524048e-05 -2.939669609069824 -0.0021425241138786077 -6.579815817531198e-05 0.9999977350234985 192.57186889648438
0.9999898076057434 -0.003598814830183983 0.0027353649493306875 -0.6452145576477051 0.003595801070332527 0.999992847442627 0.0011059821117669344 -2.962951183319092 -0.002739325864240527 -0.0010961348889395595 0.9999956488609314 193.99411010742188
0.9999608993530273 -0.008208410814404488 0.0032849800772964954 -0.6476588249206543 0.008200116455554962 0.9999631643295288 0.0025307326577603817 -2.9821994304656982 -0.003305632621049881 -0.0025036968290805817 0.9999914169311523 195.4193572998047
0.9999362230300903 -0.010701027698814869 0.003609562059864402 -0.6411746144294739 0.010691862553358078 0.9999395608901978 0.0025491465348750353 -3.0054798126220703 -0.003636622568592429 -0.0025103911757469177 0.9999902248382568 196.8389129638672
0.9999586343765259 -0.008043954148888588 0.0042585888877511024 -0.6523066759109497 0.008053158409893513 0.999965250492096 -0.0021481697913259268 -3.0223770141601562 -0.00424116151407361 0.002182375406846404 0.9999886155128479 198.2659149169922
0.9999898076057434 -0.00122324307449162 0.004352831747382879 -0.6533357501029968 0.0012534359702840447 0.9999751448631287 -0.0069404300302267075 -3.049835681915283 -0.004344233777374029 0.0069458154030144215 0.9999664425849915 199.69271850585938
0.9999503493309021 0.008029918186366558 0.005904485937207937 -0.6697194576263428 -0.00798828061670065 0.9999432563781738 -0.007042149547487497 -3.0817296504974365 -0.005960697773844004 0.006994632538408041 0.999957799911499 201.13650512695312
0.9998514652252197 0.015774397179484367 0.006939299870282412 -0.6854088306427002 -0.01575067639350891 0.9998700022697449 -0.0034598782658576965 -3.1086387634277344 -0.006992974318563938 0.003350065555423498 0.9999699592590332 202.57020568847656
0.9998400211334229 0.016159195452928543 0.007670590654015541 -0.680782675743103 -0.016152868047356606 0.999869167804718 -0.0008863693801686168 -3.140509605407715 -0.007683909963816404 0.0007623255369253457 0.9999701976776123 204.00929260253906
0.9998764395713806 0.014082965441048145 0.00697633670642972 -0.6745131015777588 -0.014079020358622074 0.9999006986618042 -0.0006144735962152481 -3.161020040512085 -0.006984299048781395 0.0005161777371540666 0.9999754428863525 205.4506378173828
0.9999209642410278 0.011140241287648678 0.00583077035844326 -0.6685409545898438 -0.011136139743030071 0.9999378323554993 -0.0007355634588748217 -3.184877872467041 -0.005838600918650627 0.0006705729756504297 0.9999827742576599 206.90087890625
0.9999404549598694 0.009482704102993011 0.005396389402449131 -0.6749333143234253 -0.00947644840925932 0.999954342842102 -0.0011841891100630164 -3.2061688899993896 -0.005407372023910284 0.0011329801054671407 0.9999846816062927 208.3291778564453
0.9999388456344604 0.009978520683944225 0.004773351363837719 -0.6699892282485962 -0.009970135055482388 0.9999487400054932 -0.001777431694790721 -3.227337598800659 -0.004790843464434147 0.00172973214648664 0.9999870657920837 209.80010986328125
0.9999289512634277 0.011131783947348595 0.004249366000294685 -0.6677134037017822 -0.011125273071229458 0.9999368786811829 -0.0015527567593380809 -3.2551307678222656 -0.004266382195055485 0.0015053711831569672 0.9999898076057434 211.25779724121094
0.999925971031189 0.01130608655512333 0.004500625189393759 -0.6767017245292664 -0.011304558254778385 0.999936044216156 -0.000364908657502383 -3.2874817848205566 -0.0045044636353850365 0.0003140041371807456 0.9999897480010986 212.72772216796875
0.9999300837516785 0.011130552738904953 0.00400345865637064 -0.6771013140678406 -0.0111271096393466 0.9999377131462097 -0.0008816769113764167 -3.310842990875244 -0.004013022407889366 0.0008370683062821627 0.9999915957450867 214.19618225097656
0.9999327659606934 0.010874309577047825 0.004026080947369337 -0.6837169528007507 -0.01086647529155016 0.9999390244483948 -0.001962754875421524 -3.3363161087036133 -0.0040471781976521015 0.0019188736332580447 0.9999899864196777 215.65501403808594
0.999937891960144 0.010365922003984451 0.004105019383132458 -0.6888954639434814 -0.010356410406529903 0.9999436736106873 -0.0023315788712352514 -3.3592026233673096 -0.004128957167267799 0.0022889208048582077 0.9999889135360718 217.11399841308594
0.9999399781227112 0.010458413511514664 0.003255592193454504 -0.6873589158058167 -0.010450546629726887 0.9999423623085022 -0.00242483033798635 -3.3872268199920654 -0.0032807649113237858 0.0023906619753688574 0.999991774559021 218.5980224609375
0.9999347925186157 0.010952689684927464 0.003228009445592761 -0.6959806680679321 -0.010943655855953693 0.9999361038208008 -0.0028034632559865713 -3.40987229347229 -0.003258508862927556 0.0027679535560309887 0.9999908804893494 220.0755157470703
0.9999366998672485 0.010974729433655739 0.0024473622906953096 -0.693269670009613 -0.010966992005705833 0.9999347925186157 -0.003153204219415784 -3.435894012451172 -0.0024818084202706814 0.0031261644326150417 0.9999920725822449 221.5668182373047
0.9999286532402039 0.011689727194607258 0.0024561595637351274 -0.702283501625061 -0.01168219093233347 0.9999271035194397 -0.0030591636896133423 -3.469717025756836 -0.0024917409755289555 0.0030302524100989103 0.9999922513961792 223.02410888671875
