1.0 0.0 0.0 0.0 0.0 1.0 0.0 0.0 0.0 0.0 1.0 0.0
1.0 -5.381111259339377e-05 0.0001241334539372474 -0.014824014157056808 5.363266245694831e-05 0.9999989867210388 0.001437121070921421 -0.01258602924644947 -0.00012421065184753388 -0.001437114435248077 0.9999989867210388 1.3155580759048462
0.9999985098838806 -0.0016003382625058293 -0.0006696374039165676 -0.00994934793561697 0.0016015288420021534 0.9999971389770508 0.0017816238105297089 -0.03987341374158859 0.0006667842390015721 -0.0017826935509219766 0.9999982118606567 2.61934494972229
0.9999959468841553 -0.0027505396865308285 -0.0006450451328419149 -0.015170015394687653 0.0027510137297213078 0.9999959468841553 0.0007360562449321151 -0.055250778794288635 0.0006430179346352816 -0.0007378277368843555 0.999999463558197 3.9324135780334473
0.9999954700469971 -0.0029655478429049253 -0.0005368844722397625 -0.024051422253251076 0.0029659729916602373 0.999995231628418 0.0007924361852928996 -0.07341449707746506 0.0005345318932086229 -0.0007940249051898718 0.9999995231628418 5.254156112670898
0.9999927282333374 -0.0037281077820807695 -0.0007019558106549084 -0.023568373173475266 0.003729423275217414 0.9999912977218628 0.0018818816170096397 -0.10074406862258911 0.0006949338130652905 -0.00188448594417423 0.9999979138374329 6.576564788818359
0.9999861717224121 -0.005234753247350454 -0.0005280690966174006 -0.02910591848194599 0.00523629505187273 0.9999819397926331 0.0029605007730424404 -0.11578153073787689 0.0005125621100887656 -0.0029632248915731907 0.9999954104423523 7.899379253387451
0.9999885559082031 -0.004749261308461428 -0.0005483574932441115 -0.037951450794935226 0.004751231521368027 0.9999820590019226 0.0036494096275418997 -0.13756771385669708 0.0005310156848281622 -0.0036519737914204597 0.9999932050704956 9.240154266357422
0.9999931454658508 -0.0036069811321794987 -0.0007594064227305353 -0.04736405983567238 0.00360814924351871 0.999992311000824 0.0015425748424604535 -0.15071900188922882 0.0007538365316577256 -0.0015453043160960078 0.9999985694885254 10.588493347167969
0.9999983906745911 -0.0014026756398379803 -0.0010797791182994843 -0.05337068811058998 0.0014024348929524422 0.9999989867210388 -0.000223776456550695 -0.1782483458518982 0.0010800918098539114 0.00022226177679840475 0.9999994039535522 11.918729782104492
0.9999971389770508 0.0023026312701404095 -0.0006633418961428106 -0.07264066487550735 -0.002303405897691846 0.9999966025352478 -0.001169683295302093 -0.20091311633586884 0.0006606463575735688 0.0011712078703567386 0.9999991059303284 13.258703231811523
0.9999896287918091 0.004512746352702379 -0.0005032544140703976 -0.09250816702842712 -0.004513365216553211 0.9999890327453613 -0.0012362600537016988 -0.2209380716085434 0.0004976699128746986 0.0012385185109451413 0.9999991059303284 14.59471607208252
0.9999833106994629 0.005746246315538883 -0.0006723919650539756 -0.09382520616054535 -0.005746613256633282 0.9999833703041077 -0.0005457711522467434 -0.24015313386917114 0.0006692446768283844 0.0005496261292137206 0.9999996423721313 15.952634811401367
0.999994695186615 0.0032293859403580427 0.0001565094426041469 -0.10972443968057632 -0.0032297507859766483 0.9999918937683105 0.002390608424320817 -0.2641632556915283 -0.0001487879635533318 -0.002391101559624076 0.9999971389770508 17.306285858154297
0.9999995231628418 -0.0009402802679687738 0.0002059742546407506 -0.11310219764709473 0.0009393627406097949 0.9999898672103882 0.004410740919411182 -0.284959077835083 -0.00021011949866078794 -0.0044105458073318005 0.9999902844429016 18.66111183166504
0.9999947547912598 -0.0032090293243527412 5.038295785197988e-05 -0.11974772810935974 0.0032089324668049812 0.9999932050704956 0.0018401721026748419 -0.29835352301597595 -5.6287757615791634e-05 -0.0018400007393211126 0.9999982714653015 20.007280349731445
0.9999879598617554 -0.004891575779765844 -1.831217741710134e-05 -0.1240420788526535 0.004891581367701292 0.9999879002571106 0.0003227527195122093 -0.32769322395324707 1.6733185475459322e-05 -0.0003228384011890739 0.9999999403953552 21.370195388793945
0.9999972581863403 -0.002062547951936722 0.001083344453945756 -0.14562764763832092 0.0020639344584196806 0.9999970197677612 -0.00128008087631315 -0.34504374861717224 -0.0010807011276483536 0.0012823134893551469 0.9999985694885254 22.716690063476562
0.999998927116394 0.0005032107001170516 0.00137928721960634 -0.1455785185098648 -0.0005042169359512627 0.9999995827674866 0.0007293072994798422 -0.3661934435367584 -0.0013789198128506541 -0.0007300020661205053 0.9999987483024597 24.093374252319336
0.9999976754188538 0.0010425156215205789 0.0019145202822983265 -0.1528150588274002 -0.0010513343149796128 0.9999887943267822 0.004611092619597912 -0.3887998163700104 -0.0019096918404102325 -0.004613094497472048 0.9999875426292419 25.465662002563477
0.999995768070221 -0.0011088470928370953 0.002689215587452054 -0.16385799646377563 0.001092044753022492 0.9999799728393555 0.006241530645638704 -0.39601776003837585 -0.002696082228794694 -0.006238567177206278 0.9999769330024719 26.83224868774414
0.9999774098396301 -0.006507849786430597 0.0016854136483743787 -0.13996514678001404 0.006500128656625748 0.9999684691429138 0.004546891897916794 -0.4194755554199219 -0.001714950893074274 -0.004535832908004522 0.9999882578849792 28.243045806884766
0.999978244304657 -0.00631719920784235 0.0018754611955955625 -0.14404723048210144 0.006312883924692869 0.9999774098396301 0.002297368599101901 -0.43198785185813904 -0.0018899316200986505 -0.0022854784037917852 0.9999956488609314 29.620868682861328
0.9999740123748779 -0.006663937587291002 0.002757490612566471 -0.155190110206604 0.0066648623906075954 0.9999776482582092 -0.00032659946009516716 -0.45450741052627563 -0.002755253342911601 0.0003449692449066788 0.9999961256980896 30.981908798217773
0.9999881386756897 -0.003225322114303708 0.0036423637066036463 -0.16829068958759308 0.0032289547380059958 0.9999942183494568 -0.0009920246666297317 -0.4767879247665405 -0.003639143193140626 0.0010037739994004369 0.999992847442627 32.3616943359375
0.9999895691871643 -0.0026188630145043135 0.0037409786600619555 -0.1715226173400879 0.0026306696236133575 0.9999914765357971 -0.0031546216923743486 -0.5029987692832947 -0.0037326852325350046 0.0031644306145608425 0.9999879598617554 33.73438262939453
0.9999909996986389 -0.0020720348693430424 0.003692089347168803 -0.16836541891098022 0.0020809448324143887 0.9999948740005493 -0.0024110383819788694 -0.527141273021698 -0.003687074640765786 0.0024187001399695873 0.9999902248382568 35.1266975402832
0.999991238117218 -0.001303658471442759 0.00398125359788537 -0.1906239241361618 0.0013096865732222795 0.9999979734420776 -0.0015119612216949463 -0.549496591091156 -0.003979274071753025 0.0015171619597822428 0.9999908804893494 36.51609420776367
0.9999939203262329 -2.064115869870875e-05 0.0034991332795470953 -0.19292660057544708 1.9855177015415393e-05 1.0 0.0002246483782073483 -0.5742520093917847 -0.003499137470498681 -0.0002245775976916775 0.9999938607215881 37.91627883911133
0.9999903440475464 0.0024857812095433474 0.00361402309499681 -0.20098064839839935 -0.00248910509981215 0.9999964833259583 0.0009155271109193563 -0.6061691641807556 -0.0036117343697696924 -0.0009245139663107693 0.9999930262565613 39.313140869140625
0.9999787211418152 0.005072092637419701 0.004108685068786144 -0.21524740755558014 -0.005073858425021172 0.9999870657920837 0.0004195256915409118 -0.6248306035995483 -0.0041065034456551075 -0.00044036353938281536 0.9999914765357971 40.701290130615234
0.9999685883522034 0.007029062602669001 0.0036651305854320526 -0.21592868864536285 -0.007031448185443878 0.9999750852584839 0.0006381626008078456 -0.6416080594062805 -0.003660553600639105 -0.0006639136117883027 0.999993085861206 42.11747360229492
0.9999655485153198 0.007584420498460531 0.003383563831448555 -0.217924565076828 -0.007586160209029913 0.9999711513519287 0.0005015048081986606 -0.6598803997039795 -0.0033796627540141344 -0.0005271557020023465 0.999994158744812 43.51961898803711
0.9999716877937317 0.006963605526834726 0.0028524461667984724 -0.22830133140087128 -0.00696544861420989 0.9999755620956421 0.0006370039191097021 -0.6873828172683716 -0.0028479404281824827 -0.000656854419503361 0.9999957084655762 44.91739273071289
0.9999799132347107 0.006004604510962963 0.0019836078863590956 -0.22593006491661072 -0.006005180533975363 0.9999818801879883 0.00028461834881454706 -0.7084986567497253 -0.0019818630535155535 -0.000296524609439075 0.9999979138374329 46.31523895263672
0.9999867677688599 0.005053573288023472 0.0009787362068891525 -0.23749054968357086 -0.005054083652794361 0.999987006187439 0.0005200907471589744 -0.7285294532775879 -0.0009760950924828649 -0.000525030423887074 0.9999993443489075 47.71208190917969
0.9999864101409912 0.005208667833358049 -0.00033553229877725244 -0.2391691952943802 -0.005208248272538185 0.9999856948852539 0.0012382931308820844 -0.7436137199401855 0.00034197737113572657 -0.0012365288566797972 0.9999991655349731 49.13731384277344
0.9999843239784241 0.005392440129071474 -0.0014670348027721047 -0.2505324184894562 -0.005390301812440157 0.9999845027923584 0.0014574110973626375 -0.7744964361190796 0.0014748708344995975 -0.0014494810020551085 0.9999978542327881 50.54573059082031
0.9999809861183167 0.005563249811530113 -0.002633532742038369 -0.2685900032520294 -0.005557755008339882 0.9999824166297913 0.002089120913296938 -0.7937933206558228 0.0026451086159795523 -0.0020744451321661472 0.9999943971633911 51.953102111816406
0.9999778866767883 0.00566428666934371 -0.0034826905466616154 -0.28705546259880066 -0.00565398158505559 0.9999796152114868 0.00296201859600842 -0.8170347809791565 0.003499397309496999 -0.0029422615189105272 0.9999895691871643 53.36538314819336
0.9999829530715942 0.004073041491210461 -0.0041893539018929005 -0.29707807302474976 -0.0040581258945167065 0.9999853372573853 0.003562767058610916 -0.8312914967536926 0.004203803837299347 -0.0035457052290439606 0.9999849200248718 54.805580139160156
0.9999860525131226 0.0024082085583359003 -0.004703139886260033 -0.31478166580200195 -0.002388396067544818 0.9999882578849792 0.0042137145064771175 -0.8556087613105774 0.004713232163339853 -0.004202422685921192 0.999980092048645 56.24293518066406
0.9999862909317017 -0.0001529629953438416 -0.005236752796918154 -0.3267579972743988 0.00017302861670032144 0.9999926686286926 0.0038315248675644398 -0.8746599555015564 0.005236128345131874 -0.0038323779590427876 0.9999790191650391 57.66242980957031
0.9999850988388062 -0.0015934931579977274 -0.005225729662925005 -0.3419702649116516 0.001615554909221828 0.9999898076057434 0.004220257978886366 -0.901305079460144 0.005218951962888241 -0.004228637088090181 0.9999774098396301 59.08079147338867
0.9999842047691345 -0.002890136558562517 -0.0048331618309021 -0.35282376408576965 0.0029135611839592457 0.999984085559845 0.0048467013984918594 -0.9170116186141968 0.00481907743960619 -0.004860706627368927 0.9999765753746033 60.507476806640625
0.9999860525131226 -0.0033809051383286715 -0.0040619634091854095 -0.36932283639907837 0.003402424044907093 0.9999801516532898 0.005302479490637779 -0.9368136525154114 0.004043955355882645 -0.005316224880516529 0.999977707862854 61.9387092590332
0.9999784231185913 -0.005547564942389727 -0.00351695972494781 -0.38369208574295044 0.005566371139138937 0.9999701380729675 0.005360332317650318 -0.9605553150177002 0.0034871173556894064 -0.005379792768508196 0.9999794960021973 63.347530364990234
0.9999769926071167 -0.006299910601228476 -0.0025192967150360346 -0.40188711881637573 0.006310743745416403 0.9999707937240601 0.004315939266234636 -0.9846237301826477 0.0024920327123254538 -0.004331739619374275 0.9999874830245972 64.72515106201172
0.9999760389328003 -0.006530691869556904 -0.00229533645324409 -0.3997606039047241 0.006539570167660713 0.9999711513519287 0.0038820903282612562 -1.0036704540252686 0.0022699174005538225 -0.0038970077876001596 0.9999898076057434 66.14453887939453
0.9999906420707703 -0.004160040058195591 -0.0011264937929809093 -0.41992461681365967 0.004164437763392925 0.9999836087226868 0.00393013097345829 -1.0290871858596802 0.0011101259151473641 -0.003934785258024931 0.9999916553497314 67.54216003417969
0.9999995231628418 -0.0010024887742474675 -0.0003853028465528041 -0.4390046298503876 0.0010044686496257782 0.9999861121177673 0.005172668490558863 -1.047149896621704 0.00038011197466403246 -0.005173052661120892 0.9999865293502808 68.93602752685547
0.9999974370002747 0.0021863128058612347 0.0006553250714205205 -0.45724955201148987 -0.0021905316971242428 0.9999765157699585 0.0065082465298473835 -1.0666457414627075 -0.0006410806090570986 -0.006509664002805948 0.9999786019325256 70.33338928222656
0.99997878074646 0.00641184626147151 0.0011552433716133237 -0.46837642788887024 -0.00642006192356348 0.9999530911445618 0.007253923919051886 -1.0906672477722168 -0.0011086780577898026 -0.007261186838150024 0.9999729990959167 71.69802856445312
0.9999472498893738 0.010143410414457321 0.0016056351596489549 -0.4763437509536743 -0.010154064744710922 0.9999254941940308 0.006771770305931568 -1.1041743755340576 -0.001536826603114605 -0.006787716876715422 0.9999758005142212 73.10470581054688
0.9998958706855774 0.014179078862071037 0.002719600684940815 -0.5060935020446777 -0.014195353724062443 0.999880850315094 0.006061148829758167 -1.1247873306274414 -0.0026333353016525507 -0.006099123507738113 0.9999779462814331 74.47952270507812
0.9998708367347717 0.01570531725883484 0.0033993900287896395 -0.5140815377235413 -0.015725767239928246 0.9998579025268555 0.006074105855077505 -1.1433638334274292 -0.0033035106025636196 -0.00612677913159132 0.9999757409095764 75.87785339355469
0.9998725056648254 0.015587619505822659 0.0034728236496448517 -0.5151702761650085 -0.015609594993293285 0.9998577833175659 0.006391837261617184 -1.1554638147354126 -0.0033726957626640797 -0.006445231381803751 0.999973475933075 77.29117584228516
0.9998793005943298 0.015043678693473339 0.003880120348185301 -0.5243145823478699 -0.01506770122796297 0.9998670220375061 0.006237845867872238 -1.183891773223877 -0.003785764565691352 -0.006295557599514723 0.9999729990959167 78.65278625488281
0.999900221824646 0.013577695935964584 0.00391917722299695 -0.5302720665931702 -0.01359924953430891 0.9998922348022461 0.005526234395802021 -1.2003173828125 -0.0038437219336628914 -0.005578981246799231 0.9999769926071167 80.03123474121094
0.999904990196228 0.013320829719305038 0.0035195574164390564 -0.5321691632270813 -0.013339891098439693 0.9998961091041565 0.00544901704415679 -1.2212883234024048 -0.0034466064535081387 -0.005495449528098106 0.9999788999557495 81.40655517578125
0.9999074935913086 0.013204138725996017 0.003262351267039776 -0.536705493927002 -0.013221804983913898 0.9998976588249207 0.005454096011817455 -1.235302209854126 -0.0031900014728307724 -0.005496725905686617 0.9999797940254211 82.79042053222656
0.9999184608459473 0.012545340694487095 0.0023809834383428097 -0.5257636308670044 -0.012557031586766243 0.9999088048934937 0.004960153717547655 -1.2513821125030518 -0.0023185396566987038 -0.004989647772163153 0.999984860420227 84.14875030517578
0.9999142289161682 0.012953175231814384 0.0019446902442723513 -0.5442806482315063 -0.012963086366653442 0.9999025464057922 0.005173104349523783 -1.2618337869644165 -0.0018774926429614425 -0.005197869148105383 0.9999846816062927 85.50923919677734
0.9999164342880249 0.012901118956506252 0.0008575047831982374 -0.539030909538269 -0.012905765324831009 0.9999006986618042 0.005655399989336729 -1.283805012702942 -0.0007844586507417262 -0.005665994249284267 0.9999836683273315 86.86199188232422
0.999944269657135 0.010557642206549644 -0.00019397643336560577 -0.5512932538986206 -0.010555979795753956 0.9999185800552368 0.007169284392148256 -1.3140965700149536 0.0002696514129638672 -0.007166837342083454 0.9999743103981018 88.27104187011719
0.9999642372131348 0.008329072035849094 -0.0015009065391495824 -0.5667141675949097 -0.008317513391375542 0.9999369382858276 0.0075481487438082695 -1.3223116397857666 0.0015636807074770331 -0.0075353956781327724 0.9999704360961914 89.64186096191406
0.9999796152114868 0.006078226026147604 -0.001947849988937378 -0.5803895592689514 -0.006063157692551613 0.9999523758888245 0.007650904823094606 -1.3459049463272095 0.0019942610524594784 -0.007638938724994659 0.9999688267707825 90.96891021728516
0.999982476234436 0.005374835804104805 -0.0024892569053918123 -0.5878364443778992 -0.005357381422072649 0.9999613761901855 0.00696606608107686 -1.3604151010513306 0.0025266024749726057 -0.006952607072889805 0.9999726414680481 92.34808349609375
0.9999890923500061 0.00395025173202157 -0.0024834368377923965 -0.5992372035980225 -0.003933204337954521 0.9999688863754272 0.006832006387412548 -1.3835768699645996 0.0025103483349084854 -0.006822164636105299 0.9999735951423645 93.65974426269531
0.9999852180480957 0.004456037655472755 -0.003100968198850751 -0.603825032711029 -0.0044379825703799725 0.9999732375144958 0.005805135704576969 -1.3930965662002563 0.0031267532613128424 -0.005791287869215012 0.9999783635139465 95.0272445678711
0.9999872446060181 0.004221807233989239 -0.002773506799712777 -0.6171693801879883 -0.004206194542348385 0.9999753832817078 0.005611164961010218 -1.4179463386535645 0.0027971279341727495 -0.005599426571279764 0.9999803900718689 96.36748504638672
0.9999834895133972 0.004982545040547848 -0.002856306731700897 -0.6304574608802795 -0.004967740271240473 0.999974250793457 0.005167217459529638 -1.4388211965560913 0.002881979336962104 -0.005152943078428507 0.9999825358390808 97.70772552490234
0.9999752044677734 0.006581248249858618 -0.0024883050937205553 -0.6491411328315735 -0.006568703334778547 0.9999657869338989 0.005016976501792669 -1.4502503871917725 0.002521237824112177 -0.005000506993383169 0.9999843239784241 99.04911041259766
0.9999736547470093 0.006968459114432335 -0.002042576903477311 -0.6648799180984497 -0.006954310927540064 0.9999523162841797 0.006853519938886166 -1.4703260660171509 0.002090238034725189 -0.006839134730398655 0.9999744296073914 100.38263702392578
0.9999644160270691 0.008193307556211948 -0.0020176933612674475 -0.6813618540763855 -0.008176642470061779 0.9999334812164307 0.0081334812566638 -1.4885636568069458 0.002084199571982026 -0.008116692304611206 0.9999648332595825 101.71208953857422
0.9999704957008362 0.007424972020089626 -0.0019787135533988476 -0.6896926760673523 -0.007411461789160967 0.9999497532844543 0.006749450694769621 -1.5015627145767212 0.0020287286024540663 -0.006734584923833609 0.9999752640724182 103.0420150756836
0.9999690055847168 0.007594934199005365 -0.0020800717175006866 -0.7042220830917358 -0.00758615555241704 0.9999623894691467 0.004196750465780497 -1.518186330795288 0.002111867070198059 -0.004180839750915766 0.9999890327453613 104.34953308105469
0.9999769926071167 0.006404354237020016 -0.0022486939560621977 -0.7104538083076477 -0.006397755350917578 0.9999752044677734 0.0029296805150806904 -1.5335227251052856 0.0022674009669572115 -0.002915226388722658 0.9999932050704956 105.70079040527344
0.9999874234199524 0.004397522192448378 -0.0024007197935134172 -0.7180094718933105 -0.004387271590530872 0.9999812245368958 0.004258603788912296 -1.5564132928848267 0.00241940189152956 -0.004248017445206642 0.9999880194664001 107.015380859375
0.9999958872795105 0.001968404743820429 -0.002067259745672345 -0.7234159708023071 -0.0019553755410015583 0.9999783039093018 0.006285576149821281 -1.572279453277588 0.002079587196931243 -0.006281508132815361 0.9999781250953674 108.36144256591797
0.9999991655349731 0.00042880704859271646 -0.00121495861094445 -0.7265676856040955 -0.0004206416488159448 0.9999773502349854 0.006713113281875849 -1.5884981155395508 0.0012178097385913134 -0.006712596397846937 0.9999766945838928 109.67847442626953
0.9999996423721313 -0.0006805842276662588 -0.0005439053056761622 -0.7319933176040649 0.0006836518296040595 0.9999837875366211 0.005659823305904865 -1.6076998710632324 0.0005400446243584156 -0.005660193506628275 0.9999837875366211 110.9996566772461
0.9999985098838806 0.0016476890305057168 0.0005582727608270943 -0.7534637451171875 -0.00164935237262398 0.999994158744812 0.0029919056687504053 -1.6231608390808105 -0.0005533397779799998 -0.0029928218573331833 0.9999953508377075 112.31977844238281
0.9999904632568359 0.003868105122819543 0.002039559418335557 -0.7630164623260498 -0.003869949607178569 0.9999921917915344 0.0009014924871735275 -1.641945481300354 -0.002036056015640497 -0.0009093768312595785 0.9999974966049194 113.66083526611328
0.9999721050262451 0.006806603167206049 0.0030794807244092226 -0.7711758613586426 -0.006809795740991831 0.9999762773513794 0.0010274826781824231 -1.6641857624053955 -0.003072414081543684 -0.0010484246304258704 0.9999947547912598 114.96590423583984
0.9999560117721558 0.008169971406459808 0.004615127108991146 -0.7782523036003113 -0.008183276280760765 0.9999624490737915 0.0028713520150631666 -1.6835235357284546 -0.004591494798660278 -0.002908992348238826 0.9999852776527405 116.31348419189453
0.9999498128890991 0.008159277029335499 0.005818541627377272 -0.7809717655181885 -0.008189069107174873 0.9999533891677856 0.0051147895865142345 -1.7039575576782227 -0.005776536650955677 -0.005162181332707405 0.999970018863678 117.63516998291016
0.9999460577964783 0.007773251738399267 0.006897883024066687 -0.7818856835365295 -0.007810128852725029 0.9999552965164185 0.005335331428796053 -1.7156015634536743 -0.006856101565063 -0.005388917401432991 0.9999620318412781 118.97484588623047
0.9999371767044067 0.008181258104741573 0.007663729600608349 -0.7787444591522217 -0.008218917064368725 0.9999542236328125 0.004895078483968973 -1.730766773223877 -0.007623331155627966 -0.004957758821547031 0.9999585747718811 120.31483459472656
0.9999133348464966 0.009706706739962101 0.008891455829143524 -0.769786536693573 -0.009746754541993141 0.9999424815177917 0.004471770022064447 -1.7475181818008423 -0.008847536519169807 -0.004558045417070389 0.9999504089355469 121.65715789794922
0.9998801946640015 0.011791710741817951 0.010026711039245129 -0.7737017869949341 -0.011833361349999905 0.9999215006828308 0.0041046724654734135 -1.764685034751892 -0.009977525100111961 -0.0042228298261761665 0.9999412894248962 122.99999237060547
0.9998592138290405 0.01239718496799469 0.01130270678550005 -0.7710153460502625 -0.012431539595127106 0.9999183416366577 0.00297435256652534 -1.778534173965454 -0.01126490905880928 -0.0031144439708441496 0.9999316930770874 124.34666442871094
0.9998311996459961 0.013804737478494644 0.012126612477004528 -0.7629145383834839 -0.013835068792104721 0.9999013543128967 0.0024210806004703045 -1.806196928024292 -0.012091994285583496 -0.0025884443894028664 0.9999235272407532 125.68562316894531
0.9998332858085632 0.012848339974880219 0.0129789337515831 -0.752720832824707 -0.01287482213228941 0.9999151825904846 0.0019589231815189123 -1.8202000856399536 -0.01295266579836607 -0.0021256981417536736 0.9999138116836548 127.03119659423828
0.9998294115066528 0.012193725444376469 0.013874850235879421 -0.7442312240600586 -0.012242964468896389 0.9999189972877502 0.003469494404271245 -1.8440247774124146 -0.013831420801579952 -0.0036387713626027107 0.9998977184295654 128.3849334716797
0.9998288750648499 0.011148335412144661 0.014761547558009624 -0.7329044342041016 -0.011209486052393913 0.999928891658783 0.004066334571689367 -1.8619636297225952 -0.01471516489982605 -0.004231107886880636 0.9998827576637268 129.70289611816406
0.9998278021812439 0.010493697598576546 0.015306748449802399 -0.7250295281410217 -0.010565501637756824 0.9999335408210754 0.004617740865796804 -1.882214069366455 -0.015257271938025951 -0.004778668750077486 0.9998722076416016 131.06027221679688
0.999847412109375 0.008254598826169968 0.015394818037748337 -0.7133156657218933 -0.008323613554239273 0.9999555945396423 0.0044243778102099895 -1.889843225479126 -0.015357610769569874 -0.00455184280872345 0.9998717308044434 132.42478942871094
0.9998639822006226 0.006811960134655237 0.015016266144812107 -0.6943928599357605 -0.0068948944099247456 0.9999611973762512 0.005478156264871359 -1.9182422161102295 -0.01497836597263813 -0.005580946337431669 0.9998722672462463 133.77871704101562
0.999883770942688 0.005159635096788406 0.014345236122608185 -0.6832830905914307 -0.005234225187450647 0.999972939491272 0.005166915245354176 -1.9324686527252197 -0.014318188652396202 -0.005241401493549347 0.9998838305473328 135.1267852783203
0.9999029040336609 0.004022318869829178 0.013341456651687622 -0.6722612380981445 -0.004089866299182177 0.9999789595603943 0.005039498209953308 -1.9488744735717773 -0.013320905156433582 -0.005093573592603207 0.9998983144760132 136.4644012451172
0.9999236464500427 0.0027164535131305456 0.012050722725689411 -0.6591491103172302 -0.002785390941426158 0.9999799132347107 0.005707519594579935 -1.9610811471939087 -0.012034974992275238 -0.005740649998188019 0.9999110698699951 137.81948852539062
0.9999355673789978 0.0007900730706751347 0.011317905969917774 -0.6561142802238464 -0.0008608573698438704 0.999980092048645 0.006250655744224787 -1.9835766553878784 -0.011312738992273808 -0.006259996443986893 0.9999164342880249 139.15841674804688
0.9999495148658752 0.00047470731078647077 0.010025475174188614 -0.6506995558738708 -0.0005376150947995484 0.9999802708625793 0.0062730321660637856 -1.9989951848983765 -0.010022297501564026 -0.006278106477111578 0.9999300837516785 140.48751831054688
0.9999589323997498 0.00020632949599530548 0.009062760509550571 -0.6464781761169434 -0.0002564328897278756 0.9999846816062927 0.0055276756174862385 -2.0142340660095215 -0.00906148087233305 -0.005529772024601698 0.9999436736106873 141.8343505859375
0.9999650120735168 -5.207971298659686e-06 0.008376064710319042 -0.6515576243400574 -3.9999111322686076e-05 0.9999855160713196 0.005396999418735504 -2.031675338745117 -0.008375970646739006 -0.0053971437737345695 0.9999504089355469 143.1656494140625
0.9999712705612183 -0.0024261875078082085 0.0071808877401053905 -0.6338307857513428 0.002403630642220378 0.9999921321868896 0.003148189513012767 -2.0551462173461914 -0.007188469637185335 -0.0031308394391089678 0.9999692440032959 144.49960327148438
0.9999500513076782 -0.0077601284720003605 0.0062882909551262856 -0.6222819089889526 0.007744022645056248 0.9999666810035706 0.00258146901614964 -2.071730375289917 -0.006308113690465689 -0.0025326439645141363 0.9999768733978271 145.86036682128906
0.9998712539672852 -0.015141967684030533 0.005335858557373285 -0.6160325407981873 0.015115738846361637 0.9998736381530762 0.0049220542423427105 -2.0918567180633545 -0.005409714300185442 -0.00484076514840126 0.9999736547470093 147.19776916503906
0.9997537136077881 -0.02184809185564518 0.003913464490324259 -0.6076609492301941 0.02182309329509735 0.9997419118881226 0.006320187821984291 -2.1053407192230225 -0.0040505388751626015 -0.00623322743922472 0.9999723434448242 148.53097534179688
0.9996777176856995 -0.025236742570996284 0.0027762185782194138 -0.5938827395439148 0.0252288356423378 0.9996776580810547 0.002846883609890938 -2.122345447540283 -0.0028471702244132757 -0.0027759242802858353 0.9999921321868896 149.87924194335938
0.9996780157089233 -0.02519848383963108 0.002989411586895585 -0.6070854067802429 0.02519851364195347 0.999682605266571 2.656826654856559e-05 -2.1485235691070557 -0.0029891319572925568 4.876901220995933e-05 0.9999954700469971 151.20530700683594
0.9997584819793701 -0.021623022854328156 0.003928906749933958 -0.6133982539176941 0.02163054049015045 0.9997643232345581 -0.0018808927852660418 -2.173438549041748 -0.003887309692800045 0.00196542264893651 0.9999905228614807 152.53274536132812
0.9997532367706299 -0.021745672449469566 0.004542022943496704 -0.6119269132614136 0.021755440160632133 0.9997610449790955 -0.0021116952411830425 -2.1948130130767822 -0.004495017696171999 0.0022099879570305347 0.9999874830245972 153.88458251953125
0.9996705651283264 -0.025149274617433548 0.005133834667503834 -0.611833930015564 0.025143206119537354 0.9996830821037292 0.0012431942159309983 -2.217240571975708 -0.005163474474102259 -0.0011137033579871058 0.9999861121177673 155.22665405273438
0.9995222091674805 -0.03037441149353981 0.005719130393117666 -0.6064668297767639 0.030351772904396057 0.9995312690734863 0.004004454240202904 -2.238448143005371 -0.005838083568960428 -0.0038289553485810757 0.9999756217002869 156.58013916015625
0.9993962049484253 -0.03425760939717293 0.005788646638393402 -0.6033743023872375 0.034225862473249435 0.9993990063667297 0.005497780628502369 -2.2564055919647217 -0.005973508581519127 -0.005296340212225914 0.9999681115150452 157.9055938720703
0.9993438124656677 -0.03573641553521156 0.005905892234295607 -0.5943927764892578 0.035705167800188065 0.9993482232093811 0.005314522888511419 -2.2745769023895264 -0.006091965362429619 -0.005100164096802473 0.9999683499336243 159.25985717773438
0.9994001984596252 -0.033941756933927536 0.006884041707962751 -0.5936673879623413 0.033900149166584015 0.9994067549705505 0.006073507480323315 -2.2899460792541504 -0.0070861028507351875 -0.00583649380132556 0.999957799911499 160.60255432128906
0.9995308518409729 -0.029682252556085587 0.0075512840412557125 -0.5813820958137512 0.029642893001437187 0.9995466470718384 0.005272291600704193 -2.3075568675994873 -0.007704353891313076 -0.005045976489782333 0.9999575018882751 161.97132873535156
0.9995959997177124 -0.026936544105410576 0.009071795269846916 -0.6039237380027771 0.02690703049302101 0.9996322989463806 0.003360268659889698 -2.3281443119049072 -0.009158973582088947 -0.003114815568551421 0.9999532103538513 163.28268432617188
0.9996618628501892 -0.023999078199267387 0.010009701363742352 -0.5976549983024597 0.023972932249307632 0.9997089505195618 0.0027238994371145964 -2.345125436782837 -0.01007215864956379 -0.0024830165784806013 0.9999461770057678 164.63380432128906
0.999707818031311 -0.02180766500532627 0.010428889654576778 -0.6010082960128784 0.021767115220427513 0.9997551441192627 0.003986197058111429 -2.364168882369995 -0.010513265617191792 -0.0037580253556370735 0.9999376535415649 165.98333740234375
0.9997487664222717 -0.020164785906672478 0.009787929244339466 -0.5841872692108154 0.02013159543275833 0.9997913241386414 0.003477795049548149 -2.3858768939971924 -0.00985601544380188 -0.0032798745669424534 0.9999460577964783 167.3499298095703
0.9997988939285278 -0.017678093165159225 0.009480244480073452 -0.5806477665901184 0.017671342939138412 0.9998435378074646 0.0007955716573633254 -2.3972134590148926 -0.009492826648056507 -0.0006278829532675445 0.9999547600746155 168.71856689453125
0.9998658299446106 -0.013703268021345139 0.008980032987892628 -0.5792103409767151 0.01372205838561058 0.9999038577079773 -0.0020341738127171993 -2.414356231689453 -0.008951294235885143 0.0021571253892034292 0.9999576210975647 170.06614685058594
0.9999219179153442 -0.00869913399219513 0.008974219672381878 -0.5807502865791321 0.008726325817406178 0.9999574422836304 -0.002995232818648219 -2.4469707012176514 -0.008947780355811119 0.0030733111780136824 0.9999551773071289 171.43051147460938
0.9999468922615051 -0.004267720505595207 0.009379811584949493 -0.5842854380607605 0.004285556264221668 0.9999889731407166 -0.0018821759149432182 -2.469722270965576 -0.009371677413582802 0.0019222743576392531 0.9999542236328125 172.80128479003906
0.9999491572380066 -0.0013168447185307741 0.00999364536255598 -0.5884426236152649 0.0013162512332201004 0.9999991059303284 6.59678116790019e-05 -2.495074987411499 -0.009993724524974823 -5.281030826154165e-05 0.9999500513076782 174.16290283203125
0.9999507069587708 -0.00012500982847996056 0.009927920997142792 -0.5824257135391235 0.0001033233929774724 0.999997615814209 0.0021848713513463736 -2.514613151550293 -0.009928171522915363 -0.002183737698942423 0.9999483227729797 175.5428009033203
0.9999523758888245 -0.0033972731325775385 0.009151419624686241 -0.5753859877586365 0.0033684223890304565 0.9999893307685852 0.003166160313412547 -2.5337541103363037 -0.00916207768023014 -0.0031351835932582617 0.9999530911445618 176.9232635498047
0.9999580383300781 -0.005770040210336447 0.007117310538887978 -0.5619260668754578 0.005747164133936167 0.9999783635139465 0.0032304897904396057 -2.552523374557495 -0.007135795895010233 -0.003189450828358531 0.999969482421875 178.3059539794922
0.9999686479568481 -0.005767129361629486 0.0054366616532206535 -0.5636950731277466 0.005773858167231083 0.9999825954437256 -0.0012226440012454987 -2.570667028427124 -0.005429516080766916 0.0012539956951513886 0.9999845027923584 179.7056427001953
0.9999814629554749 -0.00489345146343112 0.0036253456491976976 -0.5562569499015808 0.00491124764084816 0.9999758005142212 -0.0049161044880747795 -2.6011486053466797 -0.0036012015771120787 0.004933817777782679 0.9999812841415405 181.11492919921875
0.999995231628418 0.0001818036544136703 0.0030842297710478306 -0.5705837607383728 -0.00016440136823803186 0.999984085559845 -0.005641656462103128 -2.6257667541503906 -0.003085206961259246 0.005641123279929161 0.9999793171882629 182.515869140625
0.9999897480010986 0.0035741215106099844 0.0027535241097211838 -0.5772527456283569 -0.003560945624485612 0.9999822378158569 -0.004775181878358126 -2.653196334838867 -0.0027705421671271324 0.004765328485518694 0.9999847412109375 183.91273498535156
0.9999778270721436 0.005772116128355265 0.003306172788143158 -0.5932909846305847 -0.005767921917140484 0.999982476234436 -0.0012770049506798387 -2.683354139328003 -0.003313486697152257 0.0012579067843034863 0.9999937415122986 185.2897491455078
0.9999719858169556 0.006454193964600563 0.0037696168292313814 -0.6005809903144836 -0.006457801908254623 0.9999788403511047 0.0009460336295887828 -2.707521438598633 -0.0037634309846907854 -0.0009703507530502975 0.9999924302101135 186.6797332763672
0.9999722242355347 0.006182962097227573 0.00415625749155879 -0.6054674386978149 -0.0061901407316327095 0.9999793767929077 0.0017165637109428644 -2.7218165397644043 -0.004145558457821608 -0.001742243766784668 0.9999898672103882 188.08447265625
0.9999830722808838 0.004266633652150631 0.00395390996709466 -0.6006637215614319 -0.00427612941712141 0.9999879598617554 0.0023960410617291927 -2.7437782287597656 -0.003943640273064375 -0.0024129082448780537 0.9999892711639404 189.5313262939453
0.9999894499778748 0.001629163627512753 0.004299512133002281 -0.604045033454895 -0.0016420527826994658 0.999994158744812 0.0029959275852888823 -2.7657220363616943 -0.004294606391340494 -0.003002955811098218 0.9999862909317017 190.9634246826172
0.9999902248382568 -0.0012186855310574174 0.004254382569342852 -0.5915865302085876 0.0012067484203726053 0.9999952912330627 0.002807289594784379 -2.781008005142212 -0.004257784690707922 -0.0028021284379065037 0.999987006187439 192.40753173828125
0.9999791979789734 -0.004333572927862406 0.004781730007380247 -0.5925049185752869 0.004314203280955553 0.9999824166297913 0.004053644835948944 -2.8010141849517822 -0.004799212329089642 -0.004032931290566921 0.9999804496765137 193.82894897460938
0.9999440312385559 -0.009225927293300629 0.0051841335371136665 -0.585757851600647 0.009195535443723202 0.9999405741691589 0.005856356117874384 -2.8214361667633057 -0.005237855948507786 -0.005808356683701277 0.9999694228172302 195.2863311767578
0.9999174475669861 -0.011656641028821468 0.005410504061728716 -0.5749261379241943 0.011625860817730427 0.9999163150787354 0.0056860982440412045 -2.8350300788879395 -0.0054763313382864 -0.005622727796435356 0.9999691843986511 196.72853088378906
0.9999367594718933 -0.009374379180371761 0.00620293291285634 -0.5844300985336304 0.00936652161180973 0.9999552965164185 0.001294419402256608 -2.8564066886901855 -0.006214790511876345 -0.0012362378183752298 0.9999798536300659 198.16085815429688
0.999976634979248 -0.0020741841290146112 0.006517832633107901 -0.5883544087409973 0.002099133562296629 0.9999904632568359 -0.0038233636878430843 -2.8738913536071777 -0.006509840488433838 0.003836956573650241 0.9999714493751526 199.58697509765625
0.9999407529830933 0.007311769295483828 0.008060664869844913 -0.6012468934059143 -0.007278888951987028 0.9999650716781616 -0.004100940655916929 -2.897871732711792 -0.0080903684720397 0.004042026121169329 0.9999591112136841 201.02725219726562
0.9998458027839661 0.015117253176867962 0.008936284109950066 -0.6096632480621338 -0.015112771652638912 0.9998855590820312 -0.0005688477540388703 -2.9194998741149902 -0.008943862281739712 0.0004337081918492913 0.9999599456787109 202.46063232421875
0.9998241066932678 0.015682192519307137 0.010279687121510506 -0.6163196563720703 -0.015706870704889297 0.9998739361763 0.002324664033949375 -2.9554741382598877 -0.010241933166980743 -0.0024857167154550552 0.9999443888664246 203.8826446533203
0.9998605251312256 0.013660145923495293 0.009600252844393253 -0.604099452495575 -0.013687312602996826 0.9999024868011475 0.002770150313153863 -2.972362995147705 -0.009561475366353989 -0.0029011655133217573 0.9999500513076782 205.3245391845703
0.9999095797538757 0.010278480127453804 0.008670840412378311 -0.5959399342536926 -0.010300718247890472 0.9999437928199768 0.0025241486728191376 -2.9908905029296875 -0.008644407615065575 -0.0026132359635084867 0.9999591708183289 206.77560424804688
0.9999307990074158 0.008746138773858547 0.007867762818932533 -0.5890473127365112 -0.008762864395976067 0.999959409236908 0.0020939228124916553 -3.0117030143737793 -0.007849129848182201 -0.0021627219393849373 0.9999668598175049 208.2311248779297
0.9999317526817322 0.009036950767040253 0.007409726735204458 -0.5818921327590942 -0.009048153646290302 0.9999579191207886 0.0014797599287703633 -3.0282983779907227 -0.007396042812615633 -0.0015467030461877584 0.9999714493751526 209.70443725585938
0.9999197721481323 0.010370483621954918 0.007273397874087095 -0.5818095207214355 -0.010384231805801392 0.9999443292617798 0.001855039969086647 -3.053614377975464 -0.0072537558153271675 -0.0019304195884615183 0.999971866607666 211.1583251953125
0.9999164342880249 0.010883602313697338 0.0069937873631715775 -0.5750589966773987 -0.010903771966695786 0.9999364614486694 0.0028521940112113953 -3.081615447998047 -0.006962302140891552 -0.0029282139148563147 0.9999714493751526 212.63238525390625
0.9999175071716309 0.01089380495250225 0.00681212218478322 -0.5773810148239136 -0.01091050822287798 0.9999375939369202 0.0024195529986172915 -3.1008174419403076 -0.006785338744521141 -0.0024936767295002937 0.9999738335609436 214.09814453125
0.999923050403595 0.01033745240420103 0.006845866795629263 -0.5799785852432251 -0.010346884839236736 0.9999455809593201 0.0013438442256301641 -3.122789144515991 -0.006831602659076452 -0.0014145743334665895 0.9999756813049316 215.55860900878906
0.9999290704727173 0.009787934832274914 0.006777509581297636 -0.5810340642929077 -0.009794754907488823 0.9999515414237976 0.0009737143409438431 -3.140869140625 -0.006767651066184044 -0.001040029339492321 0.9999765157699585 217.0157470703125
0.9999317526817322 0.009831556119024754 0.006302684545516968 -0.5741258859634399 -0.009838815778493881 0.9999509453773499 0.0011217098217457533 -3.169156312942505 -0.006291347090154886 -0.0011836442863568664 0.9999794960021973 218.4873046875
0.9999274015426636 0.01034360472112894 0.006175920832902193 -0.5769127011299133 -0.010348931886255741 0.999946117401123 0.0008309013210237026 -3.189199209213257 -0.006166993640363216 -0.0008947548340074718 0.9999805688858032 219.96487426757812
0.9999288320541382 0.010524842888116837 0.005613377317786217 -0.5721850395202637 -0.010527603328227997 0.9999445080757141 0.0004621809348464012 -3.209702491760254 -0.005608201026916504 -0.0005212434334680438 0.999984085559845 221.45738220214844
0.99992436170578 0.011176650412380695 0.005135307088494301 -0.5670047998428345 -0.011180048808455467 0.9999372959136963 0.0006334962672553957 -3.240647315979004 -0.00512790447100997 -0.0006908614304848015 0.9999865889549255 222.92613220214844
