0.999991774559021 0.0016016947338357568 0.0037298593670129776 -0.32676005363464355 -0.0015996400034055114 0.9999985694885254 -0.0005538098630495369 -0.4643630385398865 -0.003730741096660495 0.0005478388629853725 0.9999929070472717 -1.7939460277557373
0.9999974370002747 -1.721132139209658e-05 0.0022930249106138945 -0.32715123891830444 2.0613140804925933e-05 0.999998927116394 -0.001483551925048232 -0.47237429022789 -0.0022929972037672997 0.0014835953479632735 0.9999962449073792 -1.2297042608261108
0.9999991059303284 -0.00018397158419247717 0.0013326526386663318 -0.33062779903411865 0.0001881692005554214 0.9999949932098389 -0.003150435397401452 -0.48239150643348694 -0.0013320667203515768 0.0031506833620369434 0.999994158744812 -0.6745116114616394
0.9999992251396179 -0.0009049156797118485 -0.0007949717110022902 -0.32986077666282654 0.000901672407053411 0.9999912977218628 -0.004070922266691923 -0.500727653503418 0.0007986484561115503 0.004070202820003033 0.9999913573265076 -0.10910631716251373
0.9999926686286926 -0.00276699336245656 -0.0026579992845654488 -0.3382014036178589 0.0027508391067385674 0.9999778866767883 -0.006062130909413099 -0.5073634386062622 0.0026747144293040037 0.006054774858057499 0.9999781250953674 0.4581621289253235
0.9999778866767883 -0.005553633440285921 -0.0036563498433679342 -0.3515339195728302 0.005525920540094376 0.9999561905860901 -0.007546566892415285 -0.5315588712692261 0.003698101034387946 0.007526195142418146 0.9999647736549377 1.0093674659729004
0.9999641180038452 -0.006765913218259811 -0.005094170104712248 -0.356922447681427 0.0067241741344332695 0.9999440312385559 -0.008166507817804813 -0.5444823503494263 0.0051491400226950645 0.008131962269544601 0.9999536871910095 1.5794769525527954
0.9999570250511169 -0.006760919466614723 -0.006338049191981554 -0.3673085570335388 0.0067133004777133465 0.9999492764472961 -0.0075043924152851105 -0.5573310852050781 0.006388464011251926 0.007461520377546549 0.9999517202377319 2.1601104736328125
0.999946653842926 -0.007178392726927996 -0.0074318284168839455 -0.37504154443740845 0.007118951994925737 0.9999426603317261 -0.007993743754923344 -0.5708509683609009 0.007488784845918417 0.007940408773720264 0.9999404549598694 2.7558958530426025
0.9999411702156067 -0.006580858491361141 -0.00861574336886406 -0.384129136800766 0.006488827522844076 0.9999220371246338 -0.010666592977941036 -0.58780437707901 0.008685268461704254 0.010610061697661877 0.9999060034751892 3.3471877574920654
0.9999385476112366 -0.004964992869645357 -0.009909776970744133 -0.3953935205936432 0.0048218066804111 0.9998843669891357 -0.01442093774676323 -0.6032475233078003 0.009980232454836369 0.014372270554304123 0.9998469352722168 3.953623056411743
0.9999315142631531 -0.003636692650616169 -0.011115403845906258 -0.41000911593437195 0.0034345986787229776 0.9998294115066528 -0.018146824091672897 -0.6160227656364441 0.011179502122104168 0.018107404932379723 0.9997735619544983 4.564652442932129
0.9999231696128845 -0.001765789813362062 -0.012268077582120895 -0.4266147017478943 0.0015432911459356546 0.9998345375061035 -0.018122229725122452 -0.6307844519615173 0.012298050336539745 0.018101904541254044 0.9997605085372925 5.19559383392334
0.9999073147773743 0.0004171526525169611 -0.013608025386929512 -0.4349091351032257 -0.0005734925507567823 0.9999337792396545 -0.011486921459436417 -0.6370185613632202 0.013602337799966335 0.011493661440908909 0.9998414516448975 5.837218284606934
0.9998998641967773 0.0013328552013263106 -0.014089995063841343 -0.4507385194301605 -0.0013417094014585018 0.9999988675117493 -0.0006189669365994632 -0.6536185145378113 0.014089156873524189 0.0006378088728524745 0.9999006390571594 6.4959025382995605
0.9998860955238342 0.001981208100914955 -0.014958013780415058 -0.46677207946777344 -0.0018936890410259366 0.9999809265136719 0.005862896330654621 -0.662714958190918 0.014969347044825554 -0.005833902396261692 0.9998709559440613 7.181323051452637
0.9998552203178406 0.004501887131482363 -0.016410458832979202 -0.481876939535141 -0.004424748942255974 0.9999790191650391 0.004733828827738762 -0.6777392029762268 0.016431426629424095 -0.0046605318784713745 0.9998540878295898 7.868372917175293
0.9998349547386169 0.006440904922783375 -0.016987722367048264 -0.5036109685897827 -0.006482682190835476 0.9999760389328003 -0.0024053798988461494 -0.6842535734176636 0.016971824690699577 0.0025151087902486324 0.9998527765274048 8.559069633483887
0.9998152852058411 0.00617968151345849 -0.018199974671006203 -0.5180284380912781 -0.006332050077617168 0.9999452829360962 -0.008326210081577301 -0.6848580837249756 0.018147528171539307 0.00843991618603468 0.9997996687889099 9.266443252563477
0.9998065233230591 0.003790792543441057 -0.01930408738553524 -0.5349848866462708 -0.003921831957995892 0.999969482421875 -0.006754821166396141 -0.687397837638855 0.019277894869446754 0.006829221732914448 0.9997909069061279 10.006851196289062
0.9998030066490173 0.0032834759913384914 -0.01957320235669613 -0.5545303821563721 -0.0032365196384489536 0.9999918341636658 0.0024302026722580194 -0.6994490027427673 0.0195810254663229 -0.002366374945268035 0.9998054504394531 10.768874168395996
0.9997997283935547 0.0027972159441560507 -0.01981399394571781 -0.5746269226074219 -0.0026015047915279865 0.9999476671218872 0.009896304458379745 -0.7048031091690063 0.01984064094722271 -0.009842775762081146 0.9997546672821045 11.54439640045166
0.9997909665107727 0.0020026792772114277 -0.02034682035446167 -0.5958573818206787 -0.0017543300054967403 0.9999238848686218 0.012216314673423767 -0.7063992619514465 0.02036973461508751 -0.01217806525528431 0.9997183680534363 12.334412574768066
0.9997891783714294 0.00019516450993251055 -0.02052987925708294 -0.6104801297187805 3.731657125172205e-05 0.9999358654022217 0.011323027312755585 -0.7073035836219788 0.02053077332675457 -0.011321407742798328 0.9997251033782959 13.139362335205078
0.9998001456260681 -0.0002360891958232969 -0.0199911929666996 -0.6311257481575012 0.0004149698943365365 0.9999598264694214 0.008944283239543438 -0.7103523015975952 0.019988279789686203 -0.008950792253017426 0.9997601509094238 13.972146987915039
0.9998092651367188 0.002561727073043585 -0.019361086189746857 -0.6530991196632385 -0.002452895976603031 0.9999809861183167 0.005642772186547518 -0.7126097083091736 0.01937517337501049 -0.0055942051112651825 0.9997966289520264 14.808847427368164
0.9998252987861633 -0.0009243738022632897 -0.018668999895453453 -0.6670637130737305 0.0009237673948518932 0.9999995231628418 -4.1113351471722126e-05 -0.7162201404571533 0.01866902969777584 2.3860133296693675e-05 0.9998257160186768 15.663378715515137
0.9998329877853394 -0.0035614909138530493 -0.01792706362903118 -0.6834290027618408 0.003449234878644347 0.999974250793457 -0.006288829259574413 -0.7264719605445862 0.017948996275663376 0.006225944496691227 0.9998194575309753 16.536558151245117
0.9998525381088257 -0.002714806469157338 -0.01695484295487404 -0.6992147564888 0.0025183632969856262 0.9999295473098755 -0.01159690972417593 -0.7403762936592102 0.016985133290290833 0.011552502401173115 0.9997889399528503 17.443878173828125
0.9998636245727539 -0.001436183345504105 -0.016454193741083145 -0.7232387661933899 0.0012304973788559437 0.9999211430549622 -0.01250383723527193 -0.7548509240150452 0.016470855101943016 0.012481886893510818 0.999786376953125 18.34906768798828
0.9998498558998108 -0.0013534707250073552 -0.01727270521223545 -0.7355912327766418 0.0011463284026831388 0.9999274015426636 -0.011996741406619549 -0.7731956839561462 0.017287686467170715 0.011975141242146492 0.9997788071632385 19.283754348754883
0.9998540282249451 4.5830372982891276e-05 -0.017089085653424263 -0.7626147866249084 -0.00027240815688855946 0.9999120831489563 -0.01325654424726963 -0.7994611859321594 0.017086975276470184 0.013259262777864933 0.9997661113739014 20.225711822509766
0.9998480081558228 0.0033020172268152237 -0.01711754873394966 -0.7769743800163269 -0.00356486183591187 0.9998758435249329 -0.01534755527973175 -0.8238421082496643 0.01706474833190441 0.015406244434416294 0.9997356534004211 21.187623977661133
0.9998278617858887 0.006550437770783901 -0.017356693744659424 -0.8014736771583557 -0.006833905354142189 0.999843418598175 -0.01632322371006012 -0.8456197381019592 0.017247051000595093 0.016439029946923256 0.9997161030769348 22.152387619018555
0.9998149275779724 0.008250610902905464 -0.01737368293106556 -0.8286960124969482 -0.008530029095709324 0.999834418296814 -0.016070656478405 -0.8746660351753235 0.017238210886716843 0.016215883195400238 0.9997199177742004 23.129364013671875
0.9998053312301636 0.009304661303758621 -0.01739889569580555 -0.8559296727180481 -0.009587427601218224 0.999822199344635 -0.01623975671827793 -0.8999562859535217 0.017244698479771614 0.016403406858444214 0.9997167587280273 24.110898971557617
0.9998030066490173 0.00864094216376543 -0.01786559261381626 -0.8698388338088989 -0.008933424949645996 0.9998263120651245 -0.016356803476810455 -0.9236814975738525 0.01772115007042885 0.01651318371295929 0.9997066259384155 25.090049743652344
0.9997841119766235 0.010115782730281353 -0.01814904995262623 -0.8852317929267883 -0.010387788526713848 0.9998341202735901 -0.01495624240487814 -0.9641101956367493 0.017994746565818787 0.01514153927564621 0.9997234344482422 26.125274658203125
0.9997701048851013 0.010855983011424541 -0.01848996803164482 -0.906853437423706 -0.011091036722064018 0.9998583197593689 -0.01265776064246893 -0.9943773746490479 0.018349938094615936 0.012859921902418137 0.9997488856315613 27.14139175415039
0.9997610449790955 0.011284878477454185 -0.01871948130428791 -0.9305602312088013 -0.011502103880047798 0.9998672604560852 -0.011537396349012852 -1.0211966037750244 0.018586797639727592 0.011749952100217342 0.999758243560791 28.160907745361328
0.9997516870498657 0.011806625872850418 -0.01889454573392868 -0.9523521065711975 -0.012047849595546722 0.9998466968536377 -0.012704341672360897 -1.04451584815979 0.018741654232144356 0.012928825803101063 0.9997407793998718 29.198022842407227
0.9997372031211853 0.012800417840480804 -0.01901748962700367 -0.9823455810546875 -0.013064447790384293 0.9998190402984619 -0.013824825175106525 -1.074991226196289 0.018837088719010353 0.01406964659690857 0.9997235536575317 30.202680587768555
0.9997333288192749 0.012356327846646309 -0.01950782537460327 -1.0065057277679443 -0.012606846168637276 0.9998389482498169 -0.012771579436957836 -1.1033971309661865 0.019346872344613075 0.013014107011258602 0.9997281432151794 31.23856544494629
0.999724805355072 0.012155471369624138 -0.020059645175933838 -1.0328359603881836 -0.012365952134132385 0.9998694658279419 -0.010402382351458073 -1.1259416341781616 0.019930578768253326 0.010647579096257687 0.9997446537017822 32.29309844970703
0.9997164011001587 0.012160814367234707 -0.020477645099163055 -1.0624547004699707 -0.012300508096814156 0.9999018907546997 -0.006709616165608168 -1.1537600755691528 0.020394038408994675 0.006959599908441305 0.9997677803039551 33.35078430175781
0.9997068643569946 0.012218145653605461 -0.020901648327708244 -1.088593602180481 -0.012309540063142776 0.9999151229858398 -0.004249496851116419 -1.1766427755355835 0.020847955718636513 0.004505540244281292 0.9997724890708923 34.43119812011719
0.9996960759162903 0.012495710514485836 -0.02124960534274578 -1.1185681819915771 -0.01257974375039339 0.9999134540557861 -0.0038254722021520138 -1.1944822072982788 0.021199963986873627 0.004091624170541763 0.9997668862342834 35.50148391723633
0.9996858835220337 0.011761436238884926 -0.022128185257315636 -1.1397485733032227 -0.011877578683197498 0.9999163150787354 -0.00512451259419322 -1.2187409400939941 0.022066062316298485 0.005385732743889093 0.9997419714927673 36.59413528442383
0.9996680617332458 0.012371269054710865 -0.022595077753067017 -1.1774296760559082 -0.012505000457167625 0.9999050498008728 -0.0057870023883879185 -1.2362548112869263 0.02252133935689926 0.0060676331631839275 0.9997279047966003 37.67213439941406
0.9996601939201355 0.011905458755791187 -0.023195069283246994 -1.2065844535827637 -0.012013779953122139 0.9999175667762756 -0.004536282736808062 -1.2614959478378296 0.023139148950576782 0.004813401028513908 0.9997206926345825 38.765220642089844
0.9996303915977478 0.012567016296088696 -0.024108532816171646 -1.2379071712493896 -0.012639478780329227 0.9999160170555115 -0.0028556445613503456 -1.2765754461288452 0.0240706205368042 0.003159307176247239 0.9997053146362305 39.85237503051758
0.9996300935745239 0.011977337300777435 -0.02442101389169693 -1.2755073308944702 -0.011971956118941307 0.9999282956123352 0.00036645785439759493 -1.3083959817886353 0.02442365139722824 -7.39541428629309e-05 0.999701738357544 40.94353103637695
0.9996005892753601 0.013484181836247444 -0.024837153032422066 -1.3146907091140747 -0.013486694544553757 0.9999090433120728 6.638054037466645e-05 -1.3286641836166382 0.02483578771352768 0.00026861586957238615 0.9996915459632874 42.018009185791016
0.9995645880699158 0.014840522781014442 -0.02550351433455944 -1.3359559774398804 -0.014943432062864304 0.999880850315094 -0.0038493017200380564 -1.353692650794983 0.02544335462152958 0.004228735808283091 0.9996672868728638 43.11825180053711
0.9995484948158264 0.016023823991417885 -0.02541515789926052 -1.3719574213027954 -0.016232280060648918 0.9998360872268677 -0.00801704078912735 -1.3739947080612183 0.02528252825140953 0.008425968699157238 0.9996448755264282 44.19981002807617
0.999543309211731 0.01635676622390747 -0.025412360206246376 -1.4060373306274414 -0.01657327637076378 0.9998278617858887 -0.008332829922437668 -1.3987855911254883 0.025271689519286156 0.008750190027058125 0.9996423125267029 45.282283782958984
0.9995298385620117 0.0170317180454731 -0.02549840696156025 -1.4404431581497192 -0.017175503075122833 0.9998376965522766 -0.005430514458566904 -1.425700068473816 0.025401782244443893 0.005865908693522215 0.999660074710846 46.38186264038086
0.9995362162590027 0.017312943935394287 -0.02505664713680744 -1.4747731685638428 -0.017403125762939453 0.9998428225517273 -0.003385352436453104 -1.4506802558898926 0.024994101375341415 0.0038198453839868307 0.9996802806854248 47.48396682739258
0.999558687210083 0.015887755900621414 -0.02510223723948002 -1.5053080320358276 -0.015950972214341164 0.9998700618743896 -0.0023200272116810083 -1.4706354141235352 0.025062115862965584 0.002719408366829157 0.9996821880340576 48.572608947753906
0.9995661973953247 0.01594260148704052 -0.0247639212757349 -1.5350342988967896 -0.016021419316530228 0.9998672008514404 -0.002987549640238285 -1.4960201978683472 0.024712998420000076 0.0033830064348876476 0.9996888637542725 49.6619987487793
0.9995859265327454 0.015150272287428379 -0.024462662637233734 -1.571506381034851 -0.01527091022580862 0.999872088432312 -0.004752288572490215 -1.5201339721679688 0.024387534707784653 0.005123888608068228 0.9996894598007202 50.75065231323242
0.9995971918106079 0.014864363707602024 -0.024179281666874886 -1.5942925214767456 -0.015035131014883518 0.9998631477355957 -0.00689610093832016 -1.5420337915420532 0.024073468521237373 0.0072568608447909355 0.9996838569641113 51.8418083190918
0.9996092319488525 0.0143578564748168 -0.02398567646741867 -1.6266014575958252 -0.014584594406187534 0.999850332736969 -0.009304899722337723 -1.5759565830230713 0.023848485201597214 0.009651084430515766 0.999669075012207 52.938533782958984
0.999637246131897 0.012630468234419823 -0.0237937830388546 -1.6604011058807373 -0.012929460033774376 0.9998387694358826 -0.01245429553091526 -1.6081095933914185 0.023632649332284927 0.012757415883243084 0.9996393322944641 54.020172119140625
0.999651312828064 0.010863683186471462 -0.02406931295990944 -1.6821091175079346 -0.011207103729248047 0.9998365640640259 -0.014179404824972153 -1.6388667821884155 0.023911340162158012 0.014444207772612572 0.9996097683906555 55.107059478759766
0.9996813535690308 0.009101544506847858 -0.023549087345600128 -1.7081965208053589 -0.009379802271723747 0.9998871088027954 -0.011732744984328747 -1.6708738803863525 0.023439643904566765 0.011949890293180943 0.9996538758277893 56.193092346191406
0.9997016787528992 0.00824825745075941 -0.022990096360445023 -1.7460744380950928 -0.008393518626689911 0.999945342540741 -0.006229088641703129 -1.6955070495605469 0.022937461733818054 0.0064201969653368 0.9997162818908691 57.302574157714844
0.9997204542160034 0.006541204173117876 -0.02272103726863861 -1.7706724405288696 -0.006556190084666014 0.9999783635139465 -0.0005851562018506229 -1.7147557735443115 0.022716715931892395 0.0007339561125263572 0.9997416734695435 58.39493179321289
0.9997298121452332 0.005115925334393978 -0.0226743146777153 -1.7988314628601074 -0.005107178818434477 0.9999868869781494 0.0004436325398273766 -1.7395968437194824 0.02267628349363804 -0.00032771084806881845 0.9997427463531494 59.49635696411133
0.9997384548187256 0.0018425213638693094 -0.022795112803578377 -1.8201067447662354 -0.001904816017486155 0.9999944567680359 -0.002711404813453555 -1.7553935050964355 0.02278999052941799 0.0027541161980479956 0.999736487865448 60.59172439575195
0.999747633934021 0.0004018685140181333 -0.022458553314208984 -1.8538188934326172 -0.0005349267739802599 0.9999822974205017 -0.005918902810662985 -1.7762020826339722 0.02245577797293663 0.005929422564804554 0.9997301697731018 61.67803955078125
0.9997420310974121 0.002839542692527175 -0.022533969953656197 -1.889147400856018 -0.0030611297115683556 0.9999472498893738 -0.009805072098970413 -1.8066385984420776 0.022504938766360283 0.009871521033346653 0.9996979832649231 62.787174224853516
0.9997416734695435 0.003026986261829734 -0.022527404129505157 -1.9162068367004395 -0.003349707229062915 0.9998921155929565 -0.014301787130534649 -1.831079125404358 0.022481678053736687 0.014373552054166794 0.9996439218521118 63.88022994995117
0.999749481678009 0.006063265260308981 -0.021546218544244766 -1.9571011066436768 -0.006388923153281212 0.9998658895492554 -0.015077794902026653 -1.85829758644104 0.021451910957694054 0.015211675316095352 0.9996541738510132 64.97825622558594
0.9997397065162659 0.00974323321133852 -0.020629938691854477 -1.9995285272598267 -0.009973921813070774 0.99988853931427 -0.0111090037971735 -1.8962182998657227 0.020519401878118515 0.01131187379360199 0.9997254610061646 66.08352661132812
0.9997271299362183 0.011044785380363464 -0.020581889897584915 -2.027596950531006 -0.011230804957449436 0.9998970031738281 -0.008944492787122726 -1.9238877296447754 0.02048097923398018 0.009173203259706497 0.999748170375824 67.18017578125
0.9997332096099854 0.01040448248386383 -0.02062218263745308 -2.0533711910247803 -0.010574288666248322 0.9999109506607056 -0.00814223662018776 -1.953057050704956 0.020535629242658615 0.008358128368854523 0.9997541904449463 68.26495361328125
0.999745786190033 0.008913224563002586 -0.020710542798042297 -2.0756852626800537 -0.009072540327906609 0.9999300241470337 -0.007611345499753952 -1.9755046367645264 0.020641246810555458 0.007797309197485447 0.9997564554214478 69.3822021484375
0.9997509121894836 0.00794073473662138 -0.02085825614631176 -2.102903366088867 -0.008066629990935326 0.9999497532844543 -0.005958570167422295 -2.0064172744750977 0.020809892565011978 0.006125341635197401 0.9997646808624268 70.47286224365234
0.9997524619102478 0.006318518426269293 -0.02133302204310894 -2.125812530517578 -0.006409882102161646 0.9999706745147705 -0.004217148758471012 -2.0287272930145264 0.0213057491928339 0.004352848045527935 0.9997634291648865 71.57540893554688
0.9997456669807434 0.005177679937332869 -0.021949488669633865 -2.1560356616973877 -0.005231527611613274 0.9999834299087524 -0.0023965267464518547 -2.0554049015045166 0.021936720237135887 0.0025107464753091335 0.9997562170028687 72.67387390136719
0.9997373223304749 0.004792970139533281 -0.02241496369242668 -2.185257911682129 -0.004875869024544954 0.9999814629554749 -0.0036451765336096287 -2.0806665420532227 0.022397078573703766 0.0037535112351179123 0.9997420907020569 73.76078796386719
0.9997248649597168 0.0046172733418643475 -0.022995680570602417 -2.2153549194335938 -0.004785255063325167 0.9999621510505676 -0.007255273871123791 -2.1086678504943848 0.022961311042308807 0.007363317999988794 0.9997092485427856 74.84757995605469
0.9997008442878723 0.005262721795588732 -0.023886272683739662 -2.2412078380584717 -0.0054893288761377335 0.9999403953552246 -0.009431276470422745 -2.134474039077759 0.02383521758019924 0.009559573605656624 0.9996702075004578 75.92668914794922
0.9996782541275024 0.006884003058075905 -0.024412961676716805 -2.277618408203125 -0.007073485292494297 0.9999454021453857 -0.0076836789958179 -2.1622519493103027 0.024358734488487244 0.007853890769183636 0.9996723532676697 77.00873565673828
0.9996500611305237 0.008241788484156132 -0.025135843083262444 -2.3105156421661377 -0.008332815021276474 0.9999590516090393 -0.003518797690048814 -2.1840860843658447 0.025105811655521393 0.003727019065991044 0.999677836894989 78.08590698242188
0.999632716178894 0.008721694350242615 -0.025660047307610512 -2.346440076828003 -0.008710183203220367 0.9999619126319885 0.0005603709141723812 -2.2119452953338623 0.025663956999778748 -0.00033666114904917777 0.9996705055236816 79.1458740234375
0.9996115565299988 0.010630141943693161 -0.025763601064682007 -2.3875327110290527 -0.01059685181826353 0.9999428391456604 0.001428393297828734 -2.2344717979431152 0.025777308270335197 -0.0011548252077773213 0.9996670484542847 80.24652862548828
0.9995983242988586 0.01029810681939125 -0.026404306292533875 -2.4210734367370605 -0.010323543101549149 0.9999464154243469 -0.0008271443075500429 -2.250910997390747 0.026394372805953026 0.0010993978939950466 0.9996510148048401 81.31295013427734
0.9995893239974976 0.010556398890912533 -0.02664286270737648 -2.4607346057891846 -0.01060403510928154 0.999942421913147 -0.0016473594587296247 -2.270164728164673 0.026623932644724846 0.0019292045617476106 0.9996437430381775 82.37686157226562
0.99957275390625 0.009386029094457626 -0.02768055722117424 -2.4821276664733887 -0.00943578127771616 0.9999540448188782 -0.0016672770725563169 -2.299138307571411 0.027663636952638626 0.0019277523970231414 0.9996153712272644 83.43437957763672
0.9995554685592651 0.008339900523424149 -0.02862653136253357 -2.514206886291504 -0.00838429480791092 0.9999638795852661 -0.0014311166014522314 -2.3197858333587646 0.028613563627004623 0.0016704937443137169 0.9995890855789185 84.4673080444336
0.9995437860488892 0.007036273833364248 -0.029372181743383408 -2.5427167415618896 -0.0070458631962537766 0.9999751448631287 -0.00022298262047115713 -2.339704751968384 0.029369886964559555 0.0004298332496546209 0.999568521976471 85.500732421875
0.9995359778404236 0.00707258703187108 -0.02962859347462654 -2.5798707008361816 -0.006995021365582943 0.9999718070030212 0.002720772521570325 -2.3653299808502197 0.029647009447216988 -0.002512258244678378 0.9995572566986084 86.50833892822266
0.9995176792144775 0.006417477037757635 -0.03038475103676319 -2.615192174911499 -0.0063044228591024876 0.9999728202819824 0.003815083997324109 -2.3864357471466064 0.030408412218093872 -0.0036216857843101025 0.9995310306549072 87.47776794433594
0.9994543790817261 0.0052564251236617565 -0.03260818496346474 -2.6531784534454346 -0.00513365538790822 0.9999794363975525 0.0038475811015814543 -2.405050039291382 0.032627739012241364 -0.0036780829541385174 0.9994608163833618 88.44996643066406
0.9993391036987305 0.004352514632046223 -0.036088455468416214 -2.6875243186950684 -0.004250051453709602 0.9999867081642151 0.0029154466465115547 -2.4239258766174316 0.036100659519433975 -0.0027601425535976887 0.9993443489074707 89.38262176513672
0.9992141127586365 0.0041577694937586784 -0.03941788524389267 -2.7325921058654785 -0.004079040605574846 0.9999895691871643 0.0020775010343641043 -2.442741632461548 0.039426110684871674 -0.0019150812877342105 0.9992207288742065 90.30306243896484
0.9990999698638916 0.004275018814951181 -0.042201172560453415 -2.7798988819122314 -0.004174277186393738 0.9999881982803345 0.0024750116281211376 -2.461120367050171 0.04221126437187195 -0.002296624705195427 0.9991060495376587 91.19577026367188
0.9989692568778992 0.005401501897722483 -0.04507051780819893 -2.8261759281158447 -0.00525358272716403 0.9999803900718689 0.0033997674472630024 -2.4779653549194336 0.04508800059556961 -0.003159481333568692 0.9989780187606812 92.0592269897461
0.9988123774528503 0.006292205303907394 -0.04831388592720032 -2.8783979415893555 -0.006072091870009899 0.9999704957008362 0.004701319616287947 -2.496088981628418 0.04834204167127609 -0.0044023701921105385 0.9988211393356323 92.91343688964844
0.9986279010772705 0.0076455590315163136 -0.051807451993227005 -2.916715383529663 -0.007326302118599415 0.9999529719352722 0.006349481176584959 -2.5119717121124268 0.05185355991125107 -0.005961211863905191 0.9986369013786316 93.72958374023438
0.9984903335571289 0.008808310143649578 -0.054217319935560226 -2.968503952026367 -0.008438736200332642 0.9999395608901978 0.007041678763926029 -2.5264549255371094 0.05427607148885727 -0.006573522929102182 0.9985043406486511 94.51466369628906
0.9983386397361755 0.010772490873932838 -0.05660298466682434 -3.0238702297210693 -0.01034929882735014 0.9999162554740906 0.007764340378344059 -2.5439066886901855 0.05668187886476517 -0.007165639661252499 0.9983665943145752 95.27975463867188
0.99813312292099 0.01262701116502285 -0.05975664407014847 -3.0697667598724365 -0.012258671224117279 0.9999035000801086 0.006526587996631861 -2.557049512863159 0.05983329564332962 -0.005781867075711489 0.9981916546821594 96.01282501220703
0.9979697465896606 0.013814619742333889 -0.06217483431100845 -3.124521017074585 -0.01365629117935896 0.9999023079872131 0.0029707783833146095 -2.5759408473968506 0.062209803611040115 -0.002115668961778283 0.9980608820915222 96.7008056640625
0.9977855682373047 0.01651034690439701 -0.06443116068840027 -3.18587064743042 -0.016599634662270546 0.9998618364334106 -0.0008506486192345619 -2.5863492488861084 0.06440821290016174 0.0019182977266609669 0.9979217648506165 97.37631225585938
0.9976175427436829 0.018052373081445694 -0.06658323854207993 -3.2269580364227295 -0.018334878608584404 0.9998252391815186 -0.0036341974046081305 -2.603198289871216 0.06650599837303162 0.004846334457397461 0.9977742433547974 98.02903747558594
0.9975122213363647 0.020209746435284615 -0.06753356754779816 -3.2741308212280273 -0.02055877074599266 0.9997785091400146 -0.004477073438465595 -2.6187381744384766 0.06742814183235168 0.005854343064129353 0.997706949710846 98.64617919921875
0.9975262880325317 0.022596975788474083 -0.06656364351511002 -3.323728561401367 -0.022914031520485878 0.9997294545173645 -0.004003526642918587 -2.6346163749694824 0.06645517796278 0.005518864840269089 0.9977741241455078 99.23019409179688
0.9976861476898193 0.026369208469986916 -0.06266510486602783 -3.3898494243621826 -0.026587167754769325 0.9996429681777954 -0.0026466965209692717 -2.6488375663757324 0.06257294118404388 0.004306660499423742 0.9980311393737793 99.80015563964844
0.997906506061554 0.028811756521463394 -0.05790106952190399 -3.405430555343628 -0.02892332710325718 0.999580979347229 -0.0010896227322518826 -2.6663196086883545 0.05784541368484497 0.002762033138424158 0.9983217120170593 100.34661102294922
0.9982819557189941 0.02967238239943981 -0.05052265152335167 -3.4356162548065186 -0.02965373359620571 0.9995595812797546 0.0011188191128894687 -2.6815078258514404 0.05053360015153885 0.00038128855521790683 0.99872225522995 100.85272979736328
0.9987250566482544 0.029602516442537308 -0.04088873788714409 -3.451136350631714 -0.02948438748717308 0.9995591044425964 0.003489152528345585 -2.69301438331604 0.04097398743033409 -0.002279124455526471 0.9991576671600342 101.36139678955078
0.9991491436958313 0.02923985756933689 -0.029086515307426453 -3.452697992324829 -0.029104702174663544 0.9995635747909546 0.005059374962002039 -2.7121660709381104 0.029221756383776665 -0.004208515863865614 0.9995641112327576 101.8362045288086
0.9994750022888184 0.028331255540251732 -0.015715686604380608 -3.4504377841949463 -0.02825246937572956 0.9995872378349304 0.00521282572299242 -2.7232863903045654 0.01585688441991806 -0.00476608332246542 0.9998629093170166 102.29435729980469
0.9996008276939392 0.028247209265828133 -0.00030100889853201807 -3.4451956748962402 -0.02824576571583748 0.9995927214622498 0.004047221504151821 -2.7308008670806885 0.00041520653758198023 -0.004037104547023773 0.999991774559021 102.73363494873047
0.9994937777519226 0.02679016813635826 0.017160672694444656 -3.4138054847717285 -0.026810890063643456 0.9996400475502014 0.0009784027934074402 -2.742414951324463 -0.01712828315794468 -0.0014379998901858926 0.9998522996902466 103.15885925292969
0.9989129900932312 0.02641492895781994 0.0384066142141819 -3.387279987335205 -0.026300424709916115 0.9996480345726013 -0.003483604872599244 -2.755951404571533 -0.03848511725664139 0.0024697077460587025 0.9992561340332031 103.5752182006836
0.997746467590332 0.0243070125579834 0.06253857165575027 -3.3369576930999756 -0.023818442597985268 0.9996798038482666 -0.008546125143766403 -2.764441728591919 -0.06272627413272858 0.007037295959889889 0.9980059862136841 103.98285675048828
0.9957197308540344 0.02197435311973095 0.08977349102497101 -3.2773101329803467 -0.021020324900746346 0.9997121691703796 -0.011558842845261097 -2.773599863052368 -0.0900016501545906 0.009622300043702126 0.9958950877189636 104.39580535888672
0.9926900863647461 0.01930881105363369 0.11913640052080154 -3.196378707885742 -0.017958393320441246 0.9997617602348328 -0.01239835750311613 -2.7907304763793945 -0.11934743076562881 0.010168228298425674 0.9928005337715149 104.78201293945312
0.9882130026817322 0.01728435419499874 0.152106374502182 -3.1199793815612793 -0.015265052206814289 0.9997792840003967 -0.014433445408940315 -2.801835060119629 -0.15232226252555847 0.011941405013203621 0.9882587194442749 105.1241683959961
0.9820212721824646 0.015024066902697086 0.1881716400384903 -3.0238759517669678 -0.012232321314513683 0.9997973442077637 -0.015988726168870926 -2.8160786628723145 -0.18837371468544006 0.013399492017924786 0.9820060133934021 105.49445343017578
0.9739465117454529 0.01165320910513401 0.22647829353809357 -2.9063355922698975 -0.008089064620435238 0.9998284578323364 -0.016658976674079895 -2.83052921295166 -0.22663354873657227 0.014392953366041183 0.9738737344741821 105.8541488647461
0.9636683464050293 0.009731104597449303 0.26692458987236023 -2.7849791049957275 -0.0052637639455497265 0.9998339414596558 -0.01744675636291504 -2.846633195877075 -0.26704999804496765 0.015407855622470379 0.9635595083236694 106.20484924316406
0.9512053728103638 0.00989109743386507 0.30840003490448 -2.653453826904297 -0.00449824333190918 0.9998242855072021 -0.018192628398537636 -2.8675646781921387 -0.3085258901119232 0.015917666256427765 0.951082706451416 106.52314758300781
0.9356833100318909 0.012219968251883984 0.35262930393218994 -2.50573468208313 -0.005982867907732725 0.9998059272766113 -0.01877191849052906 -2.881126880645752 -0.3527902662754059 0.015454833395779133 0.9355748295783997 106.85271453857422
0.9178260564804077 0.012635352090001106 0.3967815935611725 -2.3277812004089355 -0.005882811266928911 0.9998164772987366 -0.018230777233839035 -2.8872244358062744 -0.3969391882419586 0.014398491010069847 0.9177320003509521 107.16944122314453
0.8974016308784485 0.011278669349849224 0.4410702884197235 -2.1446967124938965 -0.004334928002208471 0.999850332736969 -0.016747472807765007 -2.9012937545776367 -0.44119319319725037 0.013117202557623386 0.8973162770271301 107.47179412841797
0.8737958669662476 0.01017890777438879 0.4861864447593689 -1.9568229913711548 -0.0019759589340537786 0.9998469948768616 -0.017381742596626282 -2.9142448902130127 -0.48628896474838257 0.014227407984435558 0.8736822009086609 107.74891662597656
0.848362922668457 0.011722397990524769 0.5292851328849792 -1.7352745532989502 -0.001364432624541223 0.999799907207489 -0.0199561957269907 -2.9279768466949463 -0.5294132828712463 0.016207925975322723 0.8482092618942261 108.03944396972656
0.8207017183303833 0.013523055240511894 0.5711967945098877 -1.5170960426330566 -0.00037410101504065096 0.999732494354248 -0.023131100460886955 -2.9496235847473145 -0.5713567733764648 0.01877005025744438 0.8204871416091919 108.28890991210938
0.7895272970199585 0.0181579552590847 0.6134467124938965 -1.2816929817199707 -0.0018123808549717069 0.9996268153190613 -0.027256248518824577 -2.968108892440796 -0.6137127876281738 0.02040775679051876 0.7892656326293945 108.55077362060547
0.7554738521575928 0.024366231635212898 0.6547256112098694 -1.0267821550369263 -0.005203045438975096 0.9994997978210449 -0.031193643808364868 -2.9805209636688232 -0.6551581621170044 0.020159412175416946 0.7552226781845093 108.80106353759766
0.7175102829933167 0.029240377247333527 0.6959339380264282 -0.7558336853981018 -0.006811509374529123 0.9993652701377869 -0.03496667370200157 -2.9833414554595947 -0.6965146064758301 0.020348580554127693 0.7172539830207825 109.05210876464844
0.6783347725868225 0.029170287773013115 0.7341737151145935 -0.4579194486141205 -0.004753769375383854 0.9993648529052734 -0.035314690321683884 -3.0044705867767334 -0.7347376346588135 0.02046508714556694 0.6780425906181335 109.2732162475586
0.6374402046203613 0.026742028072476387 0.7700356841087341 -0.14485889673233032 -0.0006744868587702513 0.9994164705276489 -0.034149691462516785 -3.0189197063446045 -0.770499587059021 0.02124900557100773 0.6370862126350403 109.46971893310547
0.5925503969192505 0.024943828582763672 0.8051470518112183 0.18133319914340973 0.0009600442717783153 0.9994978904724121 -0.03167144954204559 -3.028698444366455 -0.8055328726768494 0.019539907574653625 0.5922288298606873 109.68191528320312
0.5479702949523926 0.023825358599424362 0.8361583948135376 0.5109846591949463 0.0025122922379523516 0.9995428919792175 -0.03012722171843052 -3.0327229499816895 -0.8364940285682678 0.01860949955880642 0.5476599931716919 109.80630493164062
0.5000590085983276 0.021474871784448624 0.865725040435791 0.8696611523628235 0.0046968418173491955 0.999610424041748 -0.027508974075317383 -3.041281223297119 -0.8659786581993103 0.017822284251451492 0.4997633993625641 109.96635437011719
0.4488380551338196 0.0176524855196476 0.8934387564659119 1.241300344467163 0.008079702965915203 0.9996837973594666 -0.023810677230358124 -3.051625967025757 -0.8935766220092773 0.017905861139297485 0.4485534727573395 110.11589813232422
0.39626893401145935 0.017766911536455154 0.9179625511169434 1.598142385482788 0.00440373457968235 0.9997643828392029 -0.02125117927789688 -3.0789248943328857 -0.9181240200996399 0.012463646940886974 0.396097332239151 110.24530792236328
0.3446217179298401 0.02247793972492218 0.9384724497795105 1.9864238500595093 0.0012602548813447356 0.9997013211250305 -0.024407248944044113 -3.093228578567505 -0.9387408494949341 0.009593984112143517 0.3444904386997223 110.36298370361328
0.2941521108150482 0.028057759627699852 0.9553467035293579 2.3931148052215576 -0.00043472109246067703 0.99957275390625 -0.029222792014479637 -3.1095383167266846 -0.9557585120201111 0.00818063598126173 0.2940385937690735 110.45948791503906
0.24765324592590332 0.030413320288062096 0.9683713316917419 2.7972850799560547 0.0012003853917121887 0.9994967579841614 -0.03169786185026169 -3.121396780014038 -0.968847930431366 0.009012495167553425 0.24749213457107544 110.52689361572266
0.2064232975244522 0.029914362356066704 0.9780054092407227 3.2210693359375 0.00844612717628479 0.9994407296180725 -0.03235270082950592 -3.1412343978881836 -0.9784262776374817 0.014938708394765854 0.20605522394180298 110.57421112060547
0.17127104103565216 0.029687685891985893 0.9847766160964966 3.6533453464508057 0.017234383150935173 0.9993026852607727 -0.03312297910451889 -3.153810977935791 -0.9850731492042542 0.022645022720098495 0.17063993215560913 110.61111450195312
0.14065206050872803 0.03103555552661419 0.9895725846290588 4.1064043045043945 0.021377287805080414 0.9991803169250488 -0.034375328570604324 -3.1693382263183594 -0.9898282289505005 0.025989338755607605 0.13987332582473755 110.64766693115234
0.11245337873697281 0.02905849739909172 0.993232011795044 4.5779194831848145 0.01981109194457531 0.9993080496788025 -0.03147926181554794 -3.1933035850524902 -0.9934594631195068 0.023216959089040756 0.11179988086223602 110.69197082519531
0.08671945333480835 0.025978025048971176 0.9958940148353577 5.089662551879883 0.013535118661820889 0.9995369911193848 -0.027251647785305977 -3.2051048278808594 -0.996140718460083 0.01584279164671898 0.0863276794552803 110.7397689819336
0.06329039484262466 0.021957896649837494 0.9977535605430603 5.569509506225586 0.008378601633012295 0.9997110962867737 -0.022532451897859573 -3.2231860160827637 -0.9979599118232727 0.009785869158804417 0.06308814138174057 110.76211547851562
0.04078946262598038 0.01949208788573742 0.9989776015281677 6.095202922821045 0.012566047720611095 0.9997206330299377 -0.02001967467367649 -3.243643283843994 -0.9990887641906738 0.013369794003665447 0.040533147752285004 110.7649917602539
0.02055387571454048 0.02022368274629116 0.9995841979980469 6.631907939910889 0.020473169162869453 0.9995771646499634 -0.020644521340727806 -3.262991189956665 -0.9995790123939514 0.020888980478048325 0.02013115957379341 110.74812316894531
0.0031813213136047125 0.02285824902355671 0.9997336864471436 7.184656143188477 0.02557835355401039 0.9994096755981445 -0.02293224073946476 -3.279025077819824 -0.9996676445007324 0.025644497945904732 0.0025947794783860445 110.72898864746094
-0.011830189265310764 0.02806553803384304 0.9995360970497131 7.791162490844727 0.024618377909064293 0.9993112087249756 -0.02776785008609295 -3.299891710281372 -0.999626874923706 0.024278460070490837 -0.01251295767724514 110.73778533935547
-0.022035714238882065 0.03298458456993103 0.999212920665741 8.388301849365234 0.02332068234682083 0.9992005825042725 -0.03246987983584404 -3.3070340156555176 -0.9994851350784302 0.022586826235055923 -0.022787321358919144 110.71566009521484
-0.02860226109623909 0.03250328451395035 0.9990622997283936 9.008984565734863 0.025438982993364334 0.9991710782051086 -0.03177853301167488 -3.3285257816314697 -0.999267041683197 0.024506190791726112 -0.02940540574491024 110.6959228515625
-0.03129152953624725 0.029839159920811653 0.9990648627281189 9.655946731567383 0.031641699373722076 0.9990828633308411 -0.028848659247159958 -3.3447225093841553 -0.999009370803833 0.030709389597177505 -0.03220699727535248 110.67178344726562
-0.030751541256904602 0.027936797589063644 0.9991366267204285 10.306082725524902 0.03252611309289932 0.9991078972816467 -0.026934901252388954 -3.3754091262817383 -0.998997688293457 0.0316697396337986 -0.03163278475403786 110.6446533203125
-0.028447534888982773 0.027480537071824074 0.9992174506187439 10.992006301879883 0.03139423578977585 0.9991534352302551 -0.026584984734654427 -3.402926445007324 -0.9991021752357483 0.03061339072883129 -0.029286183416843414 110.62638092041016
-0.02700069732964039 0.02799111232161522 0.9992433786392212 11.677482604980469 0.0282741691917181 0.999229371547699 -0.027226712554693222 -3.4239327907562256 -0.9992355108261108 0.027517639100551605 -0.02777131460607052 110.61348724365234
-0.025921395048499107 0.02908257581293583 0.9992408752441406 12.385708808898926 0.02709394134581089 0.9992299675941467 -0.0283794142305851 -3.445460319519043 -0.9992967247962952 0.026337740942835808 -0.026689397171139717 110.60430145263672
-0.02487139217555523 0.029946869239211082 0.9992420077323914 13.11993408203125 0.02686483971774578 0.9992101788520813 -0.029277246445417404 -3.474436044692993 -0.9993296265602112 0.02611630968749523 -0.025656268000602722 110.58723449707031
-0.02444888837635517 0.029641401022672653 0.9992614984512329 13.869283676147461 0.02605854906141758 0.9992395639419556 -0.02900317683815956 -3.497680425643921 -0.9993614554405212 0.025330211967229843 -0.025202706456184387 110.58183288574219
