0.9999921917915344 0.0008560366695746779 0.0038587162271142006 -0.47904661297798157 -0.0008689356618560851 0.9999940395355225 0.003342387732118368 -0.8133953213691711 -0.0038558319211006165 -0.0033457146491855383 0.9999869465827942 -1.383764386177063
0.9999967217445374 -0.0007506703259423375 0.002437826246023178 -0.4798009991645813 0.0007447660900652409 0.9999967813491821 0.0024219623301178217 -0.819445013999939 -0.002439636504277587 -0.0024201390333473682 0.9999940991401672 -0.8198207020759583
0.9999985098838806 -0.0009321707766503096 0.0014600858557969332 -0.48258399963378906 0.0009310745517723262 0.9999992847442627 0.0007513354066759348 -0.8272334337234497 -0.001460785511881113 -0.0007499749772250652 0.9999986290931702 -0.26427072286605835
0.9999983906745911 -0.0016514742746949196 -0.0006666467525064945 -0.48176613450050354 0.0016513379523530602 0.9999986886978149 -0.00020517106167972088 -0.8429440259933472 0.0006669848226010799 0.00020406953990459442 0.9999997615814209 0.3014729917049408
0.9999908804893494 -0.0034717856906354427 -0.0024996825959533453 -0.49052318930625916 0.0034662075340747833 0.9999914765357971 -0.0022324693854898214 -0.8468329310417175 0.002507411874830723 0.0022237838711589575 0.9999943375587463 0.8685171604156494
0.9999747276306152 -0.006199898663908243 -0.0034677707590162754 -0.5031618475914001 0.0061876666732132435 0.9999746084213257 -0.0035268913488835096 -0.8726426959037781 0.003489547176286578 0.003505344968289137 0.999987781047821 1.4126465320587158
0.9999599456787109 -0.007438598200678825 -0.005005724262446165 -0.5064789652824402 0.00741808395832777 0.9999639987945557 -0.004104464780539274 -0.8839134573936462 0.005036074668169022 0.004067168105393648 0.9999790191650391 1.9841878414154053
0.9999522566795349 -0.0074103525839746 -0.006364955101162195 -0.5155526995658875 0.0073882513679564 0.9999666810035706 -0.0034887478686869144 -0.8937889337539673 0.006390595808625221 0.003441554494202137 0.9999736547470093 2.56693696975708
0.9999425411224365 -0.007817935198545456 -0.007323752157390118 -0.5253914594650269 0.007789321709424257 0.9999619722366333 -0.0039275954477488995 -0.9057285785675049 0.007354178465902805 0.0038703233003616333 0.999965488910675 3.1592185497283936
0.9999368786811829 -0.007281851954758167 -0.008549273945391178 -0.5331912040710449 0.007225490640848875 0.9999520182609558 -0.006604982074350119 -0.9199836850166321 0.008596961386501789 0.0065427920781075954 0.9999416470527649 3.7508952617645264
0.9999380707740784 -0.00551735982298851 -0.009667458012700081 -0.5475589036941528 0.0054173702374100685 0.9999319314956665 -0.010338660329580307 -0.9337155818939209 0.009723843075335026 0.01028564665466547 0.9998997449874878 4.3540263175964355
0.9999293088912964 -0.004350980278104544 -0.011066635139286518 -0.5595524907112122 0.004194553475826979 0.999891459941864 -0.014119070023298264 -0.9426943063735962 0.011126866564154625 0.014071653597056866 0.9998390674591064 4.968104839324951
0.9999236464500427 -0.0023429582361131907 -0.0121327368542552 -0.5769191980361938 0.002171322237700224 0.9998976588249207 -0.014140302315354347 -0.9544517397880554 0.01216462254524231 0.01411287859082222 0.9998263716697693 5.600897312164307
0.9999081492424011 -0.00012569809041451663 -0.01355251669883728 -0.5831838250160217 2.58915351878386e-05 0.9999728202819824 -0.007364356890320778 -0.9616636037826538 0.013553074561059475 0.00736332917585969 0.9998810291290283 6.23861026763916
0.9999038577079773 0.0009622271172702312 -0.01383143849670887 -0.6023818850517273 -0.000916709192097187 0.9999940991401672 0.0032968739978969097 -0.9734463095664978 0.013834529556334019 -0.0032838773913681507 0.9998989105224609 6.89691162109375
0.9998864531517029 0.001643071067519486 -0.014982182532548904 -0.6143434643745422 -0.0014953165082260966 0.9999501705169678 0.009867889806628227 -0.9811171889305115 0.014997650869190693 -0.00984436646103859 0.9998390674591064 7.585638523101807
0.9998558163642883 0.003950216807425022 -0.016515782102942467 -0.6277288198471069 -0.0038040231447666883 0.9999533891677856 0.008873816579580307 -0.9945372939109802 0.016550062224268913 -0.008809709921479225 0.9998242259025574 8.266396522521973
0.9998388886451721 0.005914139561355114 -0.016946706920862198 -0.6527320146560669 -0.005885937251150608 0.999981164932251 0.00171360420063138 -0.9982522130012512 0.016956524923443794 -0.0016135810874402523 0.9998549222946167 8.961183547973633
0.9998185038566589 0.0055976202711462975 -0.018209433183073997 -0.6672194004058838 -0.005675098858773708 0.9999750256538391 -0.004205973818898201 -0.9952791929244995 0.018185433000326157 0.004308550618588924 0.9998253583908081 9.667679786682129
0.9998071193695068 0.0031733259093016386 -0.019380897283554077 -0.6811376810073853 -0.0032247158233076334 0.9999913573265076 -0.002620898187160492 -0.994544267654419 0.01937241293489933 0.0026828916743397713 0.9998087286949158 10.407245635986328
0.9998036623001099 0.00283635756932199 -0.019611066207289696 -0.6993404030799866 -0.0027072445955127478 0.9999744892120361 0.006607105024158955 -1.0048011541366577 0.019629303365945816 -0.006552715785801411 0.999785840511322 11.157692909240723
0.9997977614402771 0.0025068973191082478 -0.019955333322286606 -0.7181882858276367 -0.0022266656160354614 0.9998987913131714 0.014052806422114372 -1.007249355316162 0.019988542422652245 -0.014005528762936592 0.9997020959854126 11.933961868286133
0.9997899532318115 0.001639137975871563 -0.020428583025932312 -0.739896297454834 -0.0013034556759521365 0.9998641014099121 0.01643449254333973 -1.0055418014526367 0.020452747121453285 -0.0164044126868248 0.9996562004089355 12.722471237182617
0.9997875094413757 -0.00024432322243228555 -0.020613539963960648 -0.7548640966415405 0.0005635024863295257 0.9998799562454224 0.015479601919651031 -1.0024882555007935 0.02060728892683983 -0.015487928874790668 0.9996677041053772 13.52795124053955
0.9997997879981995 -0.0007700118003413081 -0.019992338493466377 -0.7788399457931519 0.0010293571976944804 0.9999154210090637 0.012965185567736626 -0.9986873865127563 0.019980665296316147 -0.01298316940665245 0.99971604347229 14.365955352783203
0.9998102188110352 0.002009771531447768 -0.019375355914235115 -0.8008348941802979 -0.0018227114342153072 0.9999516010284424 0.00966737698763609 -0.9975298643112183 0.01939384452998638 -0.009630225598812103 0.9997655749320984 15.202813148498535
0.9998257160186768 -0.001418979954905808 -0.018612662330269814 -0.8180052042007446 0.0014900793321430683 0.9999916553497314 0.0038066376000642776 -0.9958781003952026 0.01860709860920906 -0.0038337092846632004 0.9998195171356201 16.061031341552734
0.9998298287391663 -0.0041323197074234486 -0.017974531278014183 -0.8308199048042297 0.004090219270437956 0.9999887943267822 -0.00237833708524704 -1.002944827079773 0.01798415370285511 0.0023044124245643616 0.9998356103897095 16.93117332458496
0.9998498558998108 -0.0030484749004244804 -0.017057493329048157 -0.8398488759994507 0.0029183030128479004 0.9999664425849915 -0.007651062682271004 -1.0152770280838013 0.017080243676900864 0.0076001351699233055 0.9998252391815186 17.81563949584961
0.9998611807823181 -0.0019097791519016027 -0.016551805660128593 -0.8645378351211548 0.001769193564541638 0.9999621510505676 -0.00850418396294117 -1.026612401008606 0.016567422077059746 0.008473718538880348 0.9998267889022827 18.720523834228516
0.9998457431793213 -0.0018072077073156834 -0.017473958432674408 -0.8766877055168152 0.0016705070156604052 0.9999678730964661 -0.00783456489443779 -1.0428600311279297 0.017487553879618645 0.007804164197295904 0.9998165965080261 19.658546447753906
0.9998525977134705 -0.00012143046478740871 -0.01716872677206993 -0.9032750129699707 -3.7747329770354554e-05 0.9999570250511169 -0.009270750917494297 -1.0634591579437256 0.01716911606490612 0.009270030073821545 0.9998096227645874 20.598073959350586
0.9998452663421631 0.002726559527218342 -0.01737757958471775 -0.9144594669342041 -0.002925159642472863 0.9999305605888367 -0.01141337025910616 -1.0835456848144531 0.017345255240797997 0.011462434194982052 0.9997838735580444 21.549076080322266
0.9998255968093872 0.005893523804843426 -0.017721833661198616 -0.9375101923942566 -0.006111022550612688 0.9999063611030579 -0.01224390510469675 -1.1031074523925781 0.017648017033934593 0.012350066564977169 0.9997680187225342 22.514232635498047
0.9998170733451843 0.007659895345568657 -0.017528289929032326 -0.9675633311271667 -0.007873168215155602 0.9998953342437744 -0.012130893766880035 -1.126017689704895 0.01743353344500065 0.012266675941646099 0.999772846698761 23.491777420043945
0.9998045563697815 0.008732963353395462 -0.017733799293637276 -0.9931403994560242 -0.00895154383033514 0.9998844265937805 -0.012283824384212494 -1.1479179859161377 0.017624476924538612 0.012440168298780918 0.9997672438621521 24.472232818603516
0.9997998476028442 0.008318910375237465 -0.018195131793618202 -1.0064541101455688 -0.008542394265532494 0.99988853931427 -0.012239583767950535 -1.1704785823822021 0.018091291189193726 0.012392563745379448 0.9997594952583313 25.447582244873047
0.9997875094413757 0.00940798781812191 -0.01834035851061344 -1.0268510580062866 -0.009608638472855091 0.9998946189880371 -0.010883188806474209 -1.202899694442749 0.018236031755805016 0.011057102121412754 0.9997725486755371 26.476900100708008
0.9997769594192505 0.010036079213023186 -0.018580326810479164 -1.0509364604949951 -0.010199140757322311 0.9999101161956787 -0.008702167309820652 -1.2273985147476196 0.018491320312023163 0.008889730088412762 0.9997894167900085 27.49420166015625
0.9997662901878357 0.010704610496759415 -0.018782636150717735 -1.0772898197174072 -0.010846051387488842 0.9999134540557861 -0.007444801740348339 -1.2523431777954102 0.01870131865143776 0.007646778132766485 0.9997958540916443 28.51555633544922
0.9997562766075134 0.011107780039310455 -0.019079023972153664 -1.0949039459228516 -0.01127399131655693 0.9998992681503296 -0.008626386523246765 -1.271381139755249 0.01898128166794777 0.008839379996061325 0.9997807741165161 29.552804946899414
0.9997442364692688 0.01229435671120882 -0.01898191124200821 -1.1278526782989502 -0.012480041943490505 0.9998751282691956 -0.009694934822618961 -1.2961491346359253 0.0188603475689888 0.009929350577294827 0.999772846698761 30.564640045166016
0.9997389316558838 0.011859826743602753 -0.01953042857348919 -1.151353120803833 -0.012031661346554756 0.9998897314071655 -0.00870439875870943 -1.31968092918396 0.019425043836236 0.008937111124396324 0.9997714161872864 31.599853515625
0.9997292757034302 0.011669733561575413 -0.020131859928369522 -1.1760568618774414 -0.011795327998697758 0.9999115467071533 -0.0061311544850468636 -1.3389904499053955 0.020058531314134598 0.006366955116391182 0.9997785091400146 32.655364990234375
0.9997243285179138 0.011746588163077831 -0.02033085934817791 -1.2112500667572021 -0.011798967607319355 0.9999273419380188 -0.002458255272358656 -1.361719012260437 0.02030050754547119 0.0026974608190357685 0.9997902512550354 33.69671630859375
0.9997125864028931 0.011931480839848518 -0.020793238654732704 -1.2354313135147095 -0.011941737495362759 0.9999286532402039 -0.0003692343598231673 -1.3784478902816772 0.020787348970770836 0.0006174356094561517 0.9997838735580444 34.79011154174805
0.9996986985206604 0.012202529236674309 -0.021293411031365395 -1.263291835784912 -0.012201853096485138 0.9999255537986755 0.00016170277376659214 -1.3934465646743774 0.021293798461556435 9.81655903160572e-05 0.9997733235359192 35.86174774169922
0.9996887445449829 0.0114449979737401 -0.022166045382618904 -1.2849571704864502 -0.011472269892692566 0.9999334812164307 -0.0011035215575248003 -1.4135884046554565 0.022151943296194077 0.0013574727345257998 0.9997537136077881 36.953800201416016
0.9996733069419861 0.012157843448221684 -0.022482387721538544 -1.3236169815063477 -0.012202570214867592 0.9999237656593323 -0.001853207591921091 -1.4266315698623657 0.022458145394921303 0.0021269447170197964 0.9997455477714539 38.031829833984375
0.9996695518493652 0.011305000633001328 -0.023083074018359184 -1.353520393371582 -0.011322948150336742 0.9999356865882874 -0.0006469973595812917 -1.4461002349853516 0.02307426743209362 0.0009081510361284018 0.9997334480285645 39.11166000366211
0.9996368288993835 0.011918222531676292 -0.0241682231426239 -1.382462739944458 -0.011895458213984966 0.9999286532402039 0.0010853931307792664 -1.4573181867599487 0.024179432541131973 -0.00079750717850402 0.9997073411941528 40.1987190246582
0.9996377825737 0.011276526376605034 -0.02443687617778778 -1.421699047088623 -0.011183480732142925 0.9999297261238098 0.003940904978662729 -1.4809646606445312 0.024479597806930542 -0.003666187170892954 0.9996935725212097 41.291255950927734
0.9996059536933899 0.012929954566061497 -0.02491513080894947 -1.4583876132965088 -0.012832662090659142 0.9999094605445862 0.004060864448547363 -1.5020196437835693 0.024965381249785423 -0.0037395362742245197 0.999681293964386 42.36959457397461
0.9995791912078857 0.014298194088041782 -0.025238504633307457 -1.4843977689743042 -0.014308523386716843 0.9998975992202759 -0.00022873883426655084 -1.5145630836486816 0.025232648476958275 0.0005897684022784233 0.9996813535690308 43.46027374267578
0.9995675683021545 0.015453332103788853 -0.02501809224486351 -1.5219236612319946 -0.015565459616482258 0.9998695850372314 -0.004293345846235752 -1.531783938407898 0.0249484870582819 0.004680906422436237 0.9996777176856995 44.54108428955078
0.9995555877685547 0.015960561111569405 -0.02517806552350521 -1.555620551109314 -0.01608457788825035 0.9998594522476196 -0.004730784799903631 -1.5511226654052734 0.025099024176597595 0.005133661907166243 0.9996718168258667 45.62284851074219
0.9995375871658325 0.01682906597852707 -0.025325460359454155 -1.5858724117279053 -0.01688552089035511 0.9998553395271301 -0.0020170107018202543 -1.5726441144943237 0.02528785541653633 0.0024437117390334606 0.9996771812438965 46.72576141357422
0.9995487332344055 0.01674371212720871 -0.024937769398093224 -1.6202764511108398 -0.016741115599870682 0.9998598098754883 0.0003128665266558528 -1.5948280096054077 0.024939510971307755 0.00010476028546690941 0.9996889233589172 47.82249069213867
0.9995749592781067 0.015250053256750107 -0.02484739013016224 -1.6522940397262573 -0.015214648097753525 0.9998829364776611 0.0016133006429299712 -1.6128379106521606 0.024869082495570183 -0.00123457086738199 0.9996899366378784 48.911094665527344
0.999579906463623 0.015237193554639816 -0.024653634056448936 -1.6797919273376465 -0.015220344066619873 0.999883770942688 0.0008710455149412155 -1.633151650428772 0.02466404065489769 -0.0004954430623911321 0.9996957182884216 49.99956130981445
0.9995972514152527 0.014517070725560188 -0.024384791031479836 -1.7173988819122314 -0.014545664191246033 0.9998937249183655 -0.0009956501889973879 -1.6519551277160645 0.02436774969100952 0.0013499424094334245 0.9997021555900574 51.088741302490234
0.9996111989021301 0.014232424087822437 -0.023974301293492317 -1.7431199550628662 -0.014315783977508545 0.9998920559883118 -0.0033090512733906507 -1.6706711053848267 0.02392461895942688 0.0036509758792817593 0.9997071027755737 52.173091888427734
0.9996276497840881 0.013323619030416012 -0.023813731968402863 -1.7714216709136963 -0.013465579599142075 0.9998924732208252 -0.005810883827507496 -1.6935733556747437 0.023733749985694885 0.0061293854378163815 0.9996995329856873 53.26704025268555
0.9996508359909058 0.012127168476581573 -0.023476026952266693 -1.8046362400054932 -0.012345832772552967 0.9998815655708313 -0.009191930294036865 -1.7237958908081055 0.023361774161458015 0.009478552266955376 0.9996821880340576 54.35453414916992
0.9996734261512756 0.010052531957626343 -0.023495148867368698 -1.8239649534225464 -0.010304772295057774 0.9998902678489685 -0.010639534331858158 -1.7529397010803223 0.023385614156723022 0.01087817084044218 0.9996673464775085 55.43445587158203
0.9996895790100098 0.008463402278721333 -0.023432478308677673 -1.850264072418213 -0.008660435676574707 0.999927818775177 -0.00831989012658596 -1.7799267768859863 0.023360373452305794 0.00852024182677269 0.9996908903121948 56.522396087646484
0.9997077584266663 0.007210121024399996 -0.02307303436100483 -1.8787672519683838 -0.007263364735990763 0.9999712109565735 -0.002224743366241455 -1.8054128885269165 0.023056328296661377 0.0023916838690638542 0.9997313022613525 57.61346435546875
0.9997263550758362 0.005350993014872074 -0.022776490077376366 -1.9073333740234375 -0.005275750532746315 0.9999804496765137 0.0033623422496020794 -1.8225903511047363 0.02279403805732727 -0.0032412586733698845 0.9997349381446838 58.72259521484375
0.9997273683547974 0.0037129048723727465 -0.023050669580698013 -1.930168628692627 -0.003623864147812128 0.9999858140945435 0.003903391771018505 -1.8360214233398438 0.023064834997057915 -0.0038187948521226645 0.9997267127037048 59.81571960449219
0.9997397661209106 0.000584603229071945 -0.02280294895172119 -1.9551942348480225 -0.0005618773284368217 0.9999994039535522 0.0010030041448771954 -1.8515033721923828 0.022803517058491707 -0.0009899307042360306 0.9997394680976868 60.90439987182617
0.9997469186782837 -0.0006953265401534736 -0.02248590998351574 -1.9871222972869873 0.0006438266136683524 0.9999971389770508 -0.002297477563843131 -1.8693006038665771 0.022487441077828407 0.0022824190091341734 0.9997445344924927 62.004364013671875
0.9997456669807434 0.0014617887791246176 -0.022504940629005432 -2.020897388458252 -0.0016035245498642325 0.9999789595603943 -0.006281224079430103 -1.8921879529953003 0.022495286539196968 0.006315713748335838 0.9997270107269287 63.091190338134766
0.9997485876083374 0.0017916031647473574 -0.022349441424012184 -2.0490851402282715 -0.002027367241680622 0.9999425411224365 -0.010530805215239525 -1.9159061908721924 0.022329289466142654 0.01057346910238266 0.9996947646141052 64.17462921142578
0.9997513890266418 0.004651071969419718 -0.021806858479976654 -2.079402208328247 -0.00490085082128644 0.9999228715896606 -0.011414749547839165 -1.9405906200408936 0.02175208181142807 0.011518782936036587 0.9996970295906067 65.27741241455078
0.9997484087944031 0.00853276252746582 -0.020742684602737427 -2.1209640502929688 -0.008692936040461063 0.9999330043792725 -0.007644075434654951 -1.9697232246398926 0.02067606896162033 0.007822468876838684 0.9997556209564209 66.39404296875
0.9997413158416748 0.009910366497933865 -0.020470358431339264 -2.1528406143188477 -0.010027271695435047 0.9999339580535889 -0.0056162029504776 -1.991628885269165 0.020413344725966454 0.005820012651383877 0.999774694442749 67.48690032958984
0.9997450113296509 0.00892804004251957 -0.02073751576244831 -2.1727824211120605 -0.00902878399938345 0.9999478459358215 -0.004769491963088512 -2.015951633453369 0.02069385163486004 0.00495550874620676 0.9997736215591431 68.5826416015625
0.9997527599334717 0.007812987081706524 -0.020818131044507027 -2.1951258182525635 -0.007898544892668724 0.9999606609344482 -0.004030723590403795 -2.0408005714416504 0.020785821601748466 0.004194159992039204 0.9997751712799072 69.69154357910156
0.9997592568397522 0.006747616454958916 -0.02087559551000595 -2.2228665351867676 -0.0067968894727528095 0.999974250793457 -0.0022902819328010082 -2.0674636363983154 0.020859604701399803 0.002431618981063366 0.9997795224189758 70.78451538085938
0.9997580647468567 0.005079358350485563 -0.02140435203909874 -2.246366024017334 -0.005088283214718103 0.999987006187439 -0.00036252732388675213 -2.0885369777679443 0.021402234211564064 0.00047135096974670887 0.9997708201408386 71.8823471069336
0.9997459650039673 0.004288847092539072 -0.022127868607640266 -2.2765512466430664 -0.004265882540494204 0.9999904036521912 0.0010848980164155364 -2.109739065170288 0.022132307291030884 -0.000990227097645402 0.9997545480728149 72.98831176757812
0.9997448921203613 0.0037198951467871666 -0.022280022501945496 -2.3101582527160645 -0.0037188653368502855 0.999993085861206 8.766353130340576e-05 -2.1328673362731934 0.022280195727944374 -4.784786142408848e-06 0.9997518062591553 74.07935333251953
0.9997255206108093 0.0034109517000615597 -0.023178841918706894 -2.3319320678710938 -0.003500265534967184 0.9999865293502808 -0.0038137626834213734 -2.1536102294921875 0.02316552773118019 0.003893848042935133 0.9997240900993347 75.1441879272461
0.9997059106826782 0.0044862269423902035 -0.02383803017437458 -2.3666584491729736 -0.0046266852878034115 0.9999722242355347 -0.005840301048010588 -2.179921865463257 0.02381117083132267 0.0059488737024366856 0.9996987581253052 76.25773620605469
0.9996796250343323 0.006427988409996033 -0.0244847871363163 -2.3982772827148438 -0.006528055761009455 0.9999706149101257 -0.00400919932872057 -2.201417922973633 0.024458298459649086 0.004167752806097269 0.9996922016143799 77.3402328491211
0.9996592998504639 0.007638605311512947 -0.02495810016989708 -2.4353673458099365 -0.007640601135790348 0.9999707937240601 1.5397941751871258e-05 -2.2215824127197266 0.02495748922228813 0.00017530265904497355 0.9996885061264038 78.43362426757812
0.9996313452720642 0.00887291319668293 -0.025661872699856758 -2.4681642055511475 -0.008775128982961178 0.9999537467956543 0.0039206393994390965 -2.239082098007202 0.025695472955703735 -0.003694007871672511 0.9996629953384399 79.50700378417969
0.9996086359024048 0.01008153147995472 -0.026094431057572365 -2.5062437057495117 -0.009963640943169594 0.9999396204948425 0.00464388495311141 -2.2579238414764404 0.026139669120311737 -0.004382072016596794 0.9996486902236938 80.58987426757812
0.9996039271354675 0.009494977071881294 -0.02649322897195816 -2.5438618659973145 -0.009424028918147087 0.9999516606330872 0.0028015372809022665 -2.2814137935638428 0.026518551632761955 -0.0025507546961307526 0.9996449947357178 81.6578598022461
0.9995988607406616 0.009504756890237331 -0.02667994610965252 -2.5815534591674805 -0.009451860561966896 0.9999532103538513 0.0021080535370856524 -2.297034502029419 0.026698734611272812 -0.0018550329841673374 0.9996417760848999 82.72367095947266
0.9995843768119812 0.009322273544967175 -0.027280017733573914 -2.6141579151153564 -0.00927756167948246 0.9999553561210632 0.0017651384696364403 -2.312814474105835 0.02729525975883007 -0.0015113124391064048 0.9996262788772583 83.7862319946289
0.9995564818382263 0.007847100496292114 -0.028727760538458824 -2.6328485012054443 -0.007798052858561277 0.9999679327011108 0.0018189522670581937 -2.3280062675476074 0.02874111384153366 -0.0015941245947033167 0.9995856285095215 84.82563018798828
0.9995505809783936 0.006639415398240089 -0.02923240140080452 -2.6666924953460693 -0.006559308152645826 0.9999744892120361 0.002835379447788 -2.341228723526001 0.029250482097268105 -0.002642360981553793 0.9995686411857605 85.84984588623047
0.9995331168174744 0.006727995816618204 -0.029801465570926666 -2.7009830474853516 -0.006555869709700346 0.9999613761901855 0.0058696880005300045 -2.3639159202575684 0.029839806258678436 -0.0056715733371675014 0.9995387196540833 86.86061096191406
0.9995144605636597 0.005912305787205696 -0.03059360943734646 -2.7383861541748047 -0.005703125149011612 0.9999597668647766 0.006920146755874157 -2.3830337524414062 0.03063329868018627 -0.00674230745062232 0.9995079636573792 87.83316802978516
0.9994511008262634 0.004724043887108564 -0.03278907388448715 -2.7777934074401855 -0.004496811889111996 0.9999653100967407 0.0070004030130803585 -2.3959550857543945 0.032821010798215866 -0.0068491133861243725 0.999437689781189 88.82271575927734
0.9993300437927246 0.004003164824098349 -0.03637736290693283 -2.8111557960510254 -0.0037892882246524096 0.9999750852584839 0.005946432240307331 -2.411078453063965 0.03640025854110718 -0.005804604850709438 0.9993204474449158 89.75774383544922
0.9992097616195679 0.0036456072703003883 -0.039577703922986984 -2.857163429260254 -0.0034536649473011494 0.9999819397926331 0.00491702277213335 -2.4253787994384766 0.03959491848945618 -0.004776449874043465 0.9992043972015381 90.67351531982422
0.999094545841217 0.0036876490339636803 -0.04238826781511307 -2.9069252014160156 -0.0034537226893007755 0.9999784231185913 0.005590564571321011 -2.443535804748535 0.04240797460079193 -0.00543910451233387 0.999085545539856 91.56197357177734
0.9989526867866516 0.00485242810100317 -0.045499034225940704 -2.9538238048553467 -0.004552529659122229 0.9999672770500183 0.006692627444863319 -2.458329916000366 0.04553002119064331 -0.00647848192602396 0.998941957950592 92.4268798828125
0.9988066554069519 0.005620150826871395 -0.04851512610912323 -3.0018739700317383 -0.005242121871560812 0.999954879283905 0.007915708236396313 -2.4748668670654297 0.04855743423104286 -0.007651940453797579 0.9987910389900208 93.26732635498047
0.998638927936554 0.006957132834941149 -0.05169038474559784 -3.0480411052703857 -0.006477476097643375 0.9999344348907471 0.009441155940294266 -2.485722541809082 0.051752690225839615 -0.009093482978641987 0.9986185431480408 94.08372497558594
0.9985106587409973 0.008479032665491104 -0.05389394611120224 -3.106584310531616 -0.007942034862935543 0.9999167323112488 0.0101703442633152 -2.4978742599487305 0.053975701332092285 -0.009727168828248978 0.9984948039054871 94.87303924560547
0.998330295085907 0.010298005305230618 -0.056837644428014755 -3.1460044384002686 -0.00970613956451416 0.9998958706855774 0.010679521597921848 -2.5123555660247803 0.05694170296192169 -0.010110015980899334 0.998326301574707 95.63314819335938
0.9981309771537781 0.011944419704377651 -0.05993068590760231 -3.192216634750366 -0.01139354333281517 0.9998896718025208 0.009525211527943611 -2.5233771800994873 0.060037847608327866 -0.008824585005640984 0.9981570839881897 96.36475372314453
0.9979791045188904 0.013385165482759476 -0.06211674585938454 -3.2508482933044434 -0.013035733252763748 0.9998969435691833 0.006027283612638712 -2.5411720275878906 0.06219100207090378 -0.005205365363508463 0.9980507493019104 97.05850219726562
0.9977834224700928 0.016058357432484627 -0.06457680463790894 -3.3093764781951904 -0.015954121947288513 0.9998704195022583 0.0021295305341482162 -2.548509359359741 0.06460262835025787 -0.0010945433750748634 0.9979104995727539 97.73666381835938
0.9976176619529724 0.017473209649324417 -0.06673499196767807 -3.3506736755371094 -0.01755266822874546 0.9998457431793213 -0.0006044678739272058 -2.563267230987549 0.06671411544084549 0.0017744041979312897 0.9977705478668213 98.37845611572266
0.9975138306617737 0.019590012729167938 -0.06769271194934845 -3.3974015712738037 -0.01973200961947441 0.9998042583465576 -0.0014295742148533463 -2.5771427154541016 0.06765145063400269 0.0027617323212325573 0.9977052211761475 98.99613189697266
0.9975304007530212 0.02192683145403862 -0.06672558933496475 -3.4465534687042236 -0.022043894976377487 0.9997565150260925 -0.00101851811632514 -2.5907750129699707 0.06668701022863388 0.002486894838511944 0.9977707862854004 99.57905578613281
0.9976901412010193 0.025682587176561356 -0.06288761645555496 -3.5105061531066895 -0.025700628757476807 0.9996694922447205 0.0005222015897743404 -2.605431318283081 0.0628802478313446 0.0010952554875984788 0.9980204105377197 100.14892578125
0.9979133605957031 0.02823786623775959 -0.05806591734290123 -3.5300111770629883 -0.028180396184325218 0.9996011853218079 0.001808543223887682 -2.6172547340393066 0.0580938383936882 -0.0001684487797319889 0.9983111023902893 100.69918823242188
0.9982970356941223 0.02897193469107151 -0.05063296854496002 -3.5586133003234863 -0.028798015788197517 0.9995765089988708 0.004161300137639046 -2.6334378719329834 0.050732098519802094 -0.002696084324270487 0.9987086057662964 101.20680236816406
0.9987430572509766 0.0291470717638731 -0.04077689349651337 -3.577838897705078 -0.028903955593705177 0.9995607733726501 0.006539136171340942 -2.6428134441375732 0.04094958305358887 -0.005352302920073271 0.9991468787193298 101.71194458007812
0.9991552233695984 0.028746092692017555 -0.029367830604314804 -3.5737595558166504 -0.028527623042464256 0.9995622634887695 0.007831448689103127 -2.6548562049865723 0.029580095782876015 -0.006987037602812052 0.9995381236076355 102.18997192382812
0.9994860887527466 0.02783898264169693 -0.015893131494522095 -3.5729706287384033 -0.027714824303984642 0.9995840191841125 0.007979724556207657 -2.6645803451538086 0.016108669340610504 -0.007535148877650499 0.9998418688774109 102.64925384521484
0.999614953994751 0.027734989300370216 -0.0007775705307722092 -3.564493417739868 -0.027729107066988945 0.9995926022529602 0.006760521326214075 -2.670600414276123 0.000964755192399025 -0.0067363581620156765 0.9999768137931824 103.08697509765625
0.9995124340057373 0.02617480233311653 0.017021961510181427 -3.5368645191192627 -0.026247728615999222 0.9996472597122192 0.004075063858181238 -2.6862173080444336 -0.016909290105104446 -0.004519864916801453 0.9998467564582825 103.51329803466797
0.9989279508590698 0.025913367047905922 0.03835979104042053 -3.511265993118286 -0.025909893214702606 0.9996641278266907 -0.0005877455696463585 -2.694859266281128 -0.03836213797330856 -0.0004067830741405487 0.9992638230323792 103.92731475830078
0.9977613687515259 0.023813266307115555 0.06249039247632027 -3.4618139266967773 -0.02350722998380661 0.9997078776359558 -0.005628037732094526 -2.701744794845581 -0.06260615587234497 0.004146461375057697 0.9980296492576599 104.33735656738281
0.995744526386261 0.02157919481396675 0.08959375321865082 -3.396799087524414 -0.02089942991733551 0.9997453093528748 -0.008518450893461704 -2.7127327919006348 -0.08975476771593094 0.006609741598367691 0.9959419369697571 104.74864196777344
0.9926804304122925 0.018928162753582 0.1192779392004013 -3.3231639862060547 -0.017923809587955475 0.9997943639755249 -0.00948752649128437 -2.7251574993133545 -0.11943299323320389 0.007280165329575539 0.9928156137466431 105.13768768310547
0.9882509112358093 0.016930239275097847 0.15190035104751587 -3.2357606887817383 -0.015335436910390854 0.9998143911361694 -0.0116644948720932 -2.735300064086914 -0.15206962823867798 0.009197989478707314 0.988326907157898 105.49717712402344
0.9820783138275146 0.014615088701248169 0.18790575861930847 -3.139059066772461 -0.012362231500446796 0.9998370409011841 -0.013155675493180752 -2.7491097450256348 -0.18806739151477814 0.010596968233585358 0.9820989370346069 105.86766815185547
0.9739931225776672 0.011212732642889023 0.22630015015602112 -3.021066665649414 -0.008266057819128036 0.9998682737350464 -0.0139645179733634 -2.76107120513916 -0.226426899433136 0.011730732396245003 0.9739575386047363 106.23326110839844
0.9638537168502808 0.009229045361280441 0.2662719488143921 -2.8924636840820312 -0.005457874853163958 0.9998741745948792 -0.01489938609302044 -2.7747931480407715 -0.26637595891952515 0.012907550670206547 0.963782787322998 106.58251190185547
0.9513975977897644 0.0095742866396904 0.3078163266181946 -2.7633495330810547 -0.005028994753956795 0.9998663067817688 -0.01555613987147808 -2.7961764335632324 -0.3079241216182709 0.013252068310976028 0.9513185620307922 106.89733123779297
0.9359777569770813 0.011874963529407978 0.3518587350845337 -2.6160240173339844 -0.0065386658534407616 0.9998449683189392 -0.016350528225302696 -2.806251287460327 -0.35199832916259766 0.01300304476171732 0.9359102845191956 107.22136688232422
0.9181495904922485 0.01229053270071745 0.3960433602333069 -2.4395523071289062 -0.0065975310280919075 0.9998544454574585 -0.015733681619167328 -2.8123199939727783 -0.39617910981178284 0.011832965537905693 0.9180969595909119 107.53821563720703
0.8973180651664734 0.01103942096233368 0.4412462115287781 -2.264636993408203 -0.005270438268780708 0.9998838901519775 -0.014297869056463242 -2.8259873390197754 -0.44135284423828125 0.010504177771508694 0.8972722291946411 107.84880828857422
0.8741190433502197 0.00975355226546526 0.4856136739253998 -2.068042755126953 -0.002783972304314375 0.9998825788497925 -0.015071412548422813 -2.8373422622680664 -0.48570364713668823 0.011822273023426533 0.8740435838699341 108.12135314941406
0.8484018445014954 0.011681810021400452 0.5292236804962158 -1.8513603210449219 -0.0026060445234179497 0.9998365640640259 -0.017892107367515564 -2.849046230316162 -0.529346227645874 0.013800517655909061 0.848293662071228 108.41639709472656
0.8201585412025452 0.013617324642837048 0.5719742774963379 -1.6278152465820312 -0.0016457312740385532 0.9997687935829163 -0.02144225314259529 -2.8650455474853516 -0.5721338987350464 0.016644731163978577 0.8199912309646606 108.69622039794922
0.7901620864868164 0.01683817058801651 0.6126666069030762 -1.3834686279296875 -0.0024550273083150387 0.9997014403343201 -0.024308942258358 -2.896958351135254 -0.6128929853439331 0.017703888937830925 0.7899675369262695 108.93931579589844
0.7557820677757263 0.02318856678903103 0.654412567615509 -1.1320571899414062 -0.006011169869452715 0.9995763897895813 -0.028476854786276817 -2.9073569774627686 -0.6547955870628357 0.017588509246706963 0.7556012868881226 109.1949462890625
0.7180848121643066 0.027903659269213676 0.6953960657119751 -0.8604469299316406 -0.008117574267089367 0.9994637370109558 -0.03172234445810318 -2.914858341217041 -0.6959083676338196 0.017134398221969604 0.7179262042045593 109.4405746459961
0.678572416305542 0.028254255652427673 0.733989953994751 -0.5666427612304688 -0.006308488082140684 0.9994472861289978 -0.032640598714351654 -2.930724620819092 -0.7345064878463745 0.017518633976578712 0.6783754825592041 109.661865234375
0.6377792954444885 0.025322746485471725 0.7698028683662415 -0.2501945495605469 -0.0018336605280637741 0.9995064735412598 -0.03135969862341881 -2.94409441947937 -0.7702169418334961 0.01858900859951973 0.6375109553337097 109.85960388183594
0.5937174558639526 0.023621274158358574 0.8043268322944641 0.07440185546875 -7.507437840104103e-05 0.9995707273483276 -0.029299728572368622 -2.946882724761963 -0.8046735525131226 0.017335377633571625 0.5934642553329468 110.0534896850586
0.5476093292236328 0.02241351269185543 0.8364338874816895 0.4209632873535156 -0.0005526850000023842 0.9996506571769714 -0.0264253132045269 -2.971160888671875 -0.8367340564727783 0.014008463360369205 0.5474303960800171 110.23251342773438
0.49955782294273376 0.01971632055938244 0.8660561442375183 0.75 0.0017267082585021853 0.9997163414955139 -0.023755183443427086 -2.977390766143799 -0.8662788271903992 0.013362512923777103 0.49938198924064636 110.3613052368164
0.4485354423522949 0.015980664640665054 0.8936222195625305 1.1225814819335938 0.00477193109691143 0.9997831583023071 -0.020274318754673004 -2.9877562522888184 -0.8937522768974304 0.01335805281996727 0.448361873626709 110.50735473632812
0.39634430408477783 0.01592342182993889 0.9179638624191284 1.4958419799804688 0.0022855265997350216 0.9998293519020081 -0.01833030954003334 -3.0053651332855225 -0.918099045753479 0.009363142773509026 0.3962402939796448 110.63938903808594
0.34564682841300964 0.021051252260804176 0.9381285309791565 1.8902320861816406 -0.0013003083877265453 0.9997581839561462 -0.021955110132694244 -3.0153024196624756 -0.938363790512085 0.006368857808411121 0.34559059143066406 110.74623107910156
0.294783353805542 0.026108279824256897 0.9552074074745178 2.2934494018554688 -0.0008587483316659927 0.9996334910392761 -0.027057547122240067 -3.0216307640075684 -0.9555637240409851 0.007155831437557936 0.29469776153564453 110.85035705566406
0.24756214022636414 0.028316136449575424 0.9684581160545349 2.7152175903320312 -0.0005850840243510902 0.9995770454406738 -0.02907644398510456 -3.043915033340454 -0.9688718318939209 0.006631598342210054 0.2474740594625473 110.93638610839844
0.2064758688211441 0.028137413784861565 0.9780470132827759 3.1407032012939453 0.006601001601666212 0.9995236396789551 -0.030148817226290703 -3.0573811531066895 -0.9784293174743652 0.012681090272963047 0.2061917781829834 110.98348999023438
0.1716727465391159 0.027795199304819107 0.9847618341445923 3.574251174926758 0.01516796089708805 0.9994089603424072 -0.03085283748805523 -3.072282314300537 -0.9850372672080994 0.02023342251777649 0.17114964127540588 111.01702880859375
0.14097076654434204 0.029113417491316795 0.9895855188369751 4.0272016525268555 0.01938473805785179 0.9992948174476624 -0.032160501927137375 -3.0896153450012207 -0.9898239970207214 0.023716548457741737 0.1403069794178009 111.05632781982422
0.11283041536808014 0.027464687824249268 0.9932345747947693 4.503841400146484 0.017289454117417336 0.9994123578071594 -0.02959957905113697 -3.105602502822876 -0.9934638738632202 0.020512215793132782 0.11228927969932556 111.0969009399414
0.08733351528644562 0.024109715595841408 0.9958872199058533 4.993036270141602 0.011056831106543541 0.9996221661567688 -0.025169746950268745 -3.119049310684204 -0.9961177110671997 0.01320952270179987 0.08703392744064331 111.1304931640625
0.0638018250465393 0.019739564508199692 0.9977673292160034 5.506968975067139 0.006701521575450897 0.999773383140564 -0.020207777619361877 -3.1399407386779785 -0.9979400634765625 0.007975853979587555 0.0636550635099411 111.15055084228516
0.04072378948330879 0.017548859119415283 0.9990163445472717 6.012089252471924 0.009944633580744267 0.9997891187667847 -0.017967814579606056 -3.162342071533203 -0.9991209506988525 0.010666570626199245 0.04054068401455879 111.16996002197266
0.020469127222895622 0.01833076775074005 0.9996224641799927 6.5473833084106445 0.017968280240893364 0.9996635913848877 -0.01869945600628853 -3.179295063018799 -0.999629020690918 0.018344253301620483 0.020132873207330704 111.15679168701172
0.0029218457639217377 0.020903293043375015 0.9997772574424744 7.096012592315674 0.02261018194258213 0.9995245933532715 -0.020964086055755615 -3.1977062225341797 -0.9997401237487793 0.02266640216112137 0.0024478286504745483 111.13909149169922
-0.011496096849441528 0.026164919137954712 0.9995915293693542 7.695392608642578 0.023326998576521873 0.9993925094604492 -0.025891432538628578 -3.208200454711914 -0.9996617436408997 0.02301982045173645 -0.012099456042051315 111.1352767944336
-0.022357750684022903 0.031192811205983162 0.999263346195221 8.313453674316406 0.02057250589132309 0.9993157982826233 -0.03073415905237198 -3.2189483642578125 -0.9995383024215698 0.019870202988386154 -0.022984161972999573 111.12852478027344
-0.02831975370645523 0.030954236164689064 0.9991196393966675 8.94583511352539 0.023178426548838615 0.9992719888687134 -0.030301980674266815 -3.233595609664917 -0.9993301033973694 0.02229987643659115 -0.029016610234975815 111.09966278076172
-0.03083568438887596 0.028009315952658653 0.9991319179534912 9.590810775756836 0.030022624880075455 0.9991821646690369 -0.027084151282906532 -3.2498035430908203 -0.9990734457969666 0.02916140668094158 -0.03165138512849808 111.07195281982422
-0.03071616031229496 0.026118438690900803 0.9991868138313293 10.241019248962402 0.030788173899054527 0.9992088675498962 -0.02517254836857319 -3.2768425941467285 -0.9990537762641907 0.029989933595061302 -0.03149600327014923 111.05127716064453
-0.028666283935308456 0.025892119854688644 0.999253511428833 10.911383628845215 0.029626499861478806 0.9992472529411316 -0.025042034685611725 -3.29879093170166 -0.9991499185562134 0.02888653054833412 -0.0294117983430624 111.03787994384766
-0.02693520113825798 0.025887375697493553 0.9993018507957458 11.611908912658691 0.026437275111675262 0.999333381652832 -0.02517559751868248 -3.3289241790771484 -0.9992875456809998 0.025740711018443108 -0.027601640671491623 111.01931762695312
-0.025904884561896324 0.027016744017601013 0.9992992281913757 12.327174186706543 0.025901496410369873 0.9993173480033875 -0.02634578011929989 -3.3469560146331787 -0.9993288516998291 0.02520086243748665 -0.026586970314383507 111.01065826416016
-0.025228263810276985 0.02781701274216175 0.9992945790290833 13.04911994934082 0.025006216019392014 0.9993175268173218 -0.02718633972108364 -3.375455379486084 -0.9993688464164734 0.024302715435624123 -0.025906648486852646 110.99995422363281
-0.024313848465681076 0.027537386864423752 0.9993250370025635 13.7996244430542 0.024120010435581207 0.9993456602096558 -0.026951109990477562 -3.4016480445861816 -0.9994133710861206 0.023448443040251732 -0.02496214583516121 110.98831176757812
