1.0 -2.986215719147367e-08 -1.2688221318057913e-07 2.7006154823538964e-07 2.986215719147367e-08 1.0 -1.0743771206023212e-08 2.244611607693514e-08 1.2688221318057913e-07 1.0743767653309533e-08 1.0 -4.4989453829025194e-10
0.9999973177909851 0.001047056633979082 0.002075632568448782 -0.009601356461644173 -0.0010448329849168658 0.9999988675117493 -0.0010721390135586262 -0.01685202494263649 -0.0020767529495060444 0.0010699674021452665 0.9999972581863403 1.2060694694519043
0.9999867677688599 0.00268614012748003 0.004388791508972645 -0.02969617210328579 -0.002686338499188423 0.9999963641166687 3.928905425709672e-05 -0.04738256335258484 -0.0043886699713766575 -5.107831020723097e-05 0.9999903440475464 2.4025015830993652
0.999981164932251 0.002365076681599021 0.005658678710460663 -0.0307969618588686 -0.002366894856095314 0.999997079372406 0.0003145657537970692 -0.06521417200565338 -0.005657918751239777 -0.0003279533120803535 0.9999839663505554 3.599602460861206
0.9999751448631287 0.002270907862111926 0.006674031261354685 -0.028336483985185623 -0.002272203331813216 0.9999973773956299 0.00018648061086423695 -0.08436127007007599 -0.006673589814454317 -0.00020164070883765817 0.999977707862854 4.800225257873535
0.9999715685844421 0.0019607057329267263 0.00728303287178278 -0.02365981414914131 -0.0019644841086119413 0.9999979138374329 0.0005116918473504484 -0.10619796067476273 -0.007282015401870012 -0.0005259846802800894 0.9999733567237854 5.993900299072266
0.9999665021896362 0.0022567766718566418 0.007881905883550644 -0.015853658318519592 -0.002252743346616626 0.9999971985816956 -0.0005205259076319635 -0.12667563557624817 -0.007883059792220592 0.0005027526058256626 0.9999688267707825 7.192140579223633
0.9999554753303528 0.0019577459897845984 0.009222936816513538 -0.021593213081359863 -0.00195255596190691 0.9999979138374329 -0.0005716794985346496 -0.15275636315345764 -0.00922403670847416 0.0005536458338610828 0.999957263469696 8.371787071228027
0.999954342842102 0.0016008670208975673 0.00942183192819357 -0.017989106476306915 -0.0016088191187009215 0.9999983310699463 0.0008364845416508615 -0.17333996295928955 -0.009420477785170078 -0.000851604447234422 0.9999551773071289 9.568784713745117
0.9999662637710571 0.0010267995530739427 0.008151216432452202 -0.014294467866420746 -0.0010427006054669619 0.9999974966049194 0.0019467268139123917 -0.19591069221496582 -0.008149197325110435 -0.001955160405486822 0.9999648332595825 10.766176223754883
0.9999831914901733 -0.0004288957570679486 0.00577195780351758 -0.014491789042949677 0.00042079994454979897 0.999998927116394 0.001403807895258069 -0.21634072065353394 -0.005772552918642759 -0.0014013556065037847 0.9999823570251465 11.966028213500977
0.9999923706054688 -0.00019295676611363888 0.0039042322896420956 -0.01929697021842003 0.00018950457160826772 0.9999995827674866 0.0008845885749906301 -0.2327176034450531 -0.0039044013246893883 -0.0008838419453240931 0.9999919533729553 13.160882949829102
0.9999967813491821 -0.0001236115349456668 0.002553133061155677 -0.02068602293729782 0.00012163123028585687 0.9999997019767761 0.0007757523562759161 -0.254189670085907 -0.0025532275903970003 -0.0007754393154755235 0.9999964237213135 14.357089042663574
0.9999973177909851 0.0012776090297847986 0.0019380649318918586 -0.028093641623854637 -0.0012790898326784372 0.9999988675117493 0.0007630267646163702 -0.2774641215801239 -0.0019370878580957651 -0.0007655036170035601 0.9999978542327881 15.559287071228027
0.9999985098838806 0.001028680824674666 0.001390308840200305 -0.032358694821596146 -0.001029778621159494 0.9999991655349731 0.0007891207933425903 -0.2960517108440399 -0.0013894960284233093 -0.0007905513048171997 0.9999986886978149 16.761308670043945
0.9999998807907104 0.0002181828604079783 0.0005197909194976091 -0.03320774808526039 -0.00021880253916606307 0.9999992847442627 0.0011923140846192837 -0.3149195611476898 -0.0005195303820073605 -0.0011924274731427431 0.9999992251396179 17.947986602783203
1.0 0.00015945638006087393 0.0003485502384137362 -0.041586682200431824 -0.00016001853509806097 0.9999986886978149 0.0016125185647979379 -0.33729079365730286 -0.00034829266951419413 -0.001612574327737093 0.9999986290931702 19.151626586914062
0.9999996423721313 0.00046502824989147484 -0.0007386667421087623 -0.04529206082224846 -0.00046440906589850783 0.9999995231628418 0.0008381921797990799 -0.35927075147628784 0.0007390560931526124 -0.0008378487545996904 0.9999994039535522 20.347803115844727
0.9999998211860657 0.0002627359062898904 -0.0005582349258475006 -0.06122209131717682 -0.00026287345099262893 0.9999999403953552 -0.00024590236716903746 -0.37870246171951294 0.0005581703153438866 0.00024604896316304803 0.9999998211860657 21.55901336669922
0.9999979138374329 0.0015101197641342878 -0.0014079438988119364 -0.06669657677412033 -0.001509584137238562 0.9999988079071045 0.0003814052324742079 -0.39823222160339355 0.001408517942763865 -0.0003792789939325303 0.9999989867210388 22.756000518798828
0.9999980330467224 0.0008128735353238881 -0.0018012217478826642 -0.08585179597139359 -0.0008125030435621738 0.9999996423721313 0.00020633722306229174 -0.4232544004917145 0.001801387988962233 -0.0002048733294941485 0.9999983310699463 23.946849822998047
0.9999957084655762 0.0008253931300714612 -0.0028190622106194496 -0.09404677897691727 -0.0008264554780907929 0.9999995827674866 -0.0003757156082428992 -0.444341778755188 0.0028187506832182407 0.00037804379826411605 0.9999959468841553 25.14029312133789
0.9999935626983643 0.0009895742405205965 -0.0034838607534766197 -0.10955426841974258 -0.0009876766707748175 0.9999993443489075 0.0005463837296701968 -0.4731341302394867 0.0034843990579247475 -0.0005429392913356423 0.9999937415122986 26.337434768676758
0.9999908208847046 -0.0007167368312366307 -0.004218192305415869 -0.11946993321180344 0.0007267268956638873 0.9999969005584717 0.002367214532569051 -0.49293023347854614 0.004216482397168875 -0.002370258327573538 0.9999882578849792 27.539451599121094
0.9999858140945435 -0.0006771218031644821 -0.005266474559903145 -0.1276514083147049 0.0006898198626004159 0.9999968409538269 0.0024097070563584566 -0.5135493278503418 0.005264827981591225 -0.002413305686786771 0.9999832510948181 28.73529815673828
0.999980092048645 -0.0014860840747132897 -0.006126198451966047 -0.14070847630500793 0.0014971211785450578 0.9999972581863403 0.0017974385991692543 -0.5348682999610901 0.006123510655015707 -0.0018065741751343012 0.9999796748161316 29.93377113342285
0.999975323677063 -0.001431338139809668 -0.006875405088067055 -0.1504722237586975 0.0014358344487845898 0.9999986886978149 0.0006490461528301239 -0.5525656342506409 0.006874465849250555 -0.000658901990391314 0.9999761581420898 31.131187438964844
0.9999710321426392 -0.0009793685749173164 -0.007544288877397776 -0.16809378564357758 0.0009846012108027935 0.9999992847442627 0.0006898755673319101 -0.5704334378242493 0.007543609943240881 -0.000697283714544028 0.999971330165863 32.32400894165039
0.9999638199806213 -0.001254146103747189 -0.008407923392951488 -0.18042626976966858 0.0012640103232115507 0.9999984502792358 0.0011680151801556349 -0.588963508605957 0.008406447246670723 -0.0011786007089540362 0.9999639987945557 33.5292854309082
0.9999599456787109 -0.0017912698676809669 -0.008765227161347866 -0.1954192817211151 0.0018036895198747516 0.9999973773956299 0.0014092321507632732 -0.6119233965873718 0.008762678131461143 -0.001424985472112894 0.9999606013298035 34.716060638427734
0.9999524354934692 -0.002433884423226118 -0.009445985779166222 -0.20646582543849945 0.002450549043715 0.9999954700469971 0.0017530511831864715 -0.6363433003425598 0.00944167748093605 -0.0017761156195774674 0.9999538660049438 35.914817810058594
0.9999492764472961 -0.0026453824248164892 -0.009717059321701527 -0.2283121645450592 0.0026591268833726645 0.9999954104423523 0.001401797286234796 -0.6530248522758484 0.009713305160403252 -0.0014275650028139353 0.9999517798423767 37.11726379394531
0.9999469518661499 -0.0033895601518452168 -0.009729939512908459 -0.2427547127008438 0.0034104736987501383 0.9999918341636658 0.002133631380274892 -0.6730451583862305 0.009722627699375153 -0.002166701713576913 0.9999504089355469 38.318016052246094
0.9999493360519409 -0.002981807105243206 -0.00961435679346323 -0.2641906440258026 0.003012842033058405 0.9999902844429016 0.0032151038758456707 -0.6874611377716064 0.009604676626622677 -0.0032439075876027346 0.9999486207962036 39.52802658081055
0.9999479055404663 -0.0023306033108383417 -0.00993049331009388 -0.27604159712791443 0.0023682506289333105 0.9999900460243225 0.003780955681577325 -0.7006970643997192 0.009921581484377384 -0.0038042771629989147 0.9999434947967529 40.728538513183594
0.9999509453773499 -0.0015983057674020529 -0.009776745922863483 -0.29409128427505493 0.0016329697100445628 0.9999924302101135 0.003538610879331827 -0.7201427221298218 0.0097710145637393 -0.0035544023849070072 0.9999459385871887 41.93341827392578
0.9999578595161438 -0.0005263271741569042 -0.009166287258267403 -0.32143333554267883 0.0005572852096520364 0.999994158744812 0.003375152824446559 -0.7340452671051025 0.009164455346763134 -0.0033801193349063396 0.9999523162841797 43.1279296875
0.9999604225158691 0.0017678877338767052 -0.008714073337614536 -0.33870306611061096 -0.0017231329111382365 0.9999852776527405 0.005140767432749271 -0.7489995360374451 0.008723032660782337 -0.005125549156218767 0.9999488592147827 44.330684661865234
0.9999718070030212 0.0020750826224684715 -0.00721947243437171 -0.3534606397151947 -0.0020160714630037546 0.9999645948410034 0.008171572349965572 -0.7610347270965576 0.007236173376441002 -0.008156786672770977 0.9999405741691589 45.53321075439453
0.9999834895133972 0.002770263236016035 -0.005035341717302799 -0.36763229966163635 -0.0027139834128320217 0.9999341368675232 0.01114961039274931 -0.7726316452026367 0.005065897945314646 -0.011135760694742203 0.9999251365661621 46.75415802001953
0.999986469745636 0.003174969693645835 -0.004113956820219755 -0.37067607045173645 -0.0031157005578279495 0.9998924136161804 0.014334005303680897 -0.7768378257751465 0.00415902491658926 -0.014320996589958668 0.9998887777328491 47.95692825317383
0.9999948143959045 0.0021213991567492485 -0.002431120490655303 -0.38521915674209595 -0.0020829460117965937 0.9998744130134583 0.015711771324276924 -0.7841362953186035 0.0024641468189656734 -0.0157066248357296 0.9998736381530762 49.16719436645508
0.9999993443489075 0.0009450669167563319 -0.0006249790312722325 -0.38840505480766296 -0.0009361827978864312 0.9999006390571594 0.014065953902900219 -0.7820481061935425 0.0006382111459970474 -0.014065361581742764 0.9999008774757385 50.38457107543945
0.999998152256012 0.0018475893884897232 0.0005427826545201242 -0.3941454291343689 -0.001854267786256969 0.9999191761016846 0.012572234496474266 -0.788788378238678 -0.0005195103585720062 -0.01257321797311306 0.9999208450317383 51.5993766784668
0.9999971985816956 0.0018408780451864004 0.0014836849877610803 -0.4001367688179016 -0.0018583894707262516 0.9999275803565979 0.011889026500284672 -0.792089581489563 -0.0014616913395002484 -0.011891750618815422 0.9999282360076904 52.78984832763672
0.9999979734420776 0.0016051637940108776 0.001251859706826508 -0.40051913261413574 -0.00161932990886271 0.9999337196350098 0.011398416943848133 -0.7971575260162354 -0.0012334806378930807 -0.011400420218706131 0.9999342560768127 53.9951286315918
0.9999991059303284 0.001099996967241168 0.0007581606041640043 -0.40673455595970154 -0.0011075586080551147 0.9999489784240723 0.010046709328889847 -0.8014426231384277 -0.0007470704149454832 -0.010047540999948978 0.9999492764472961 55.20378875732422
0.9999989867210388 0.00115860509686172 -0.0007908861734904349 -0.4144272804260254 -0.001150068361312151 0.9999420046806335 0.010710347443819046 -0.8103828430175781 0.0008032493642531335 -0.010709429159760475 0.9999423027038574 56.41207504272461
0.9999973773956299 0.0010217862436547875 -0.0020348920952528715 -0.4230134189128876 -0.0009979794267565012 0.9999313950538635 0.011666140519082546 -0.8150516748428345 0.0020466730929911137 -0.011664079502224922 0.9999298453330994 57.617008209228516
0.9999948143959045 0.0009494675905443728 -0.0030821836553514004 -0.43086326122283936 -0.0009112499537877738 0.9999229907989502 0.012377351522445679 -0.8290483355522156 0.003093698062002659 -0.01237448025494814 0.9999186396598816 58.81796646118164
0.9999905824661255 0.001757967285811901 -0.003982295282185078 -0.4410802125930786 -0.0017108275787904859 0.9999288320541382 0.011809974908828735 -0.8304734230041504 0.004002773202955723 -0.011803052388131618 0.9999223351478577 60.01426315307617
0.9999879598617554 0.0019506757380440831 -0.004506150260567665 -0.45458847284317017 -0.0018957718275487423 0.9999242424964905 0.012156563811004162 -0.8452532887458801 0.004529520869255066 -0.012147873640060425 0.9999159574508667 61.221675872802734
0.9999898672103882 0.0010651348857209086 -0.0043905144557356834 -0.4663439989089966 -0.0010149781592190266 0.9999343752861023 0.011410319246351719 -0.848092257976532 0.004402379505336285 -0.011405744589865208 0.9999253153800964 62.41853332519531
0.9999881982803345 0.00012166632222943008 -0.004857863299548626 -0.47645238041877747 -6.974279676796868e-05 0.9999430179595947 0.010687305592000484 -0.8617514371871948 0.004858886357396841 -0.010686839930713177 0.9999310970306396 63.62525939941406
0.9999874830245972 -3.3772052120184526e-05 -0.005008214619010687 -0.4881144165992737 9.381014388054609e-05 0.9999281167984009 0.011988187208771706 -0.8678773045539856 0.005007448606193066 -0.011988507583737373 0.9999155402183533 64.82752990722656
0.9999855756759644 -0.0007957721827551723 -0.005324584897607565 -0.5008294582366943 0.0008679956081323326 0.9999074935913086 0.013575611636042595 -0.8767195343971252 0.005313288886100054 -0.013580036349594593 0.9998936653137207 66.03042602539062
0.9999850392341614 4.780322706210427e-05 -0.005466426257044077 -0.5143541097640991 1.630507904337719e-05 0.9999312162399292 0.011727011762559414 -0.8839932680130005 0.005466611124575138 -0.011726928874850273 0.9999162554740906 67.21927642822266
0.9999841451644897 0.0018555735005065799 -0.0053131780587136745 -0.5315365791320801 -0.0017984576988965273 0.9999406337738037 0.010734506882727146 -0.8920722603797913 0.005332780536264181 -0.010724782012403011 0.9999282360076904 68.41954803466797
0.9999772310256958 0.004087884910404682 -0.005370338913053274 -0.5465993881225586 -0.004029072355479002 0.9999322295188904 0.010917019098997116 -0.8972360491752625 0.005414604675024748 -0.010895130224525928 0.999925971031189 69.60216522216797
0.9999660849571228 0.006343166343867779 -0.005244871601462364 -0.5587700605392456 -0.006284436210989952 0.9999181628227234 0.01113931741565466 -0.9052147269248962 0.005315101705491543 -0.011105977930128574 0.9999241828918457 70.78756713867188
0.999958336353302 0.007675889879465103 -0.004945629741996527 -0.5754298567771912 -0.007620386779308319 0.9999089241027832 0.011145643889904022 -0.9092060327529907 0.005030731204897165 -0.0111074922606349 0.9999256134033203 71.99425506591797
0.9999581575393677 0.00829410646110773 -0.0038615891244262457 -0.5920138359069824 -0.008245495148003101 0.9998886585235596 0.012438444420695305 -0.9199450016021729 0.003964326810091734 -0.01240608375519514 0.9999151229858398 73.17764282226562
0.9999434351921082 0.01040708925575018 -0.0021706819534301758 -0.601891279220581 -0.010377666912972927 0.9998596906661987 0.013150829821825027 -0.9246661067008972 0.0023072396870702505 -0.013127559795975685 0.9999111294746399 74.35608673095703
0.9999577403068542 0.009152265265583992 0.0009068686049431562 -0.6128686666488647 -0.009161429479718208 0.9999009966850281 0.010678003542125225 -0.929884672164917 -0.0008090510964393616 -0.01068586204200983 0.9999425411224365 75.54329681396484
0.9999766945838928 0.0060148416087031364 0.0032310448586940765 -0.6070294976234436 -0.006034703925251961 0.9999627470970154 0.006172878202050924 -0.9507559537887573 -0.003193795680999756 -0.006192232482135296 0.9999756813049316 76.70941162109375
0.9999623894691467 0.006729981862008572 0.005471891723573208 -0.6042735576629639 -0.006762414705008268 0.9999595284461975 0.005930307786911726 -0.9615247249603271 -0.005431759636849165 -0.0059670875780284405 0.9999674558639526 77.8944320678711
0.9999449849128723 0.005744560156017542 0.008768690750002861 -0.6024178266525269 -0.005826499313116074 0.9999393224716187 0.009347675368189812 -0.9733112454414368 -0.008714458905160427 -0.009398252703249454 0.9999178647994995 79.0577621459961
0.9999046921730042 0.006055536679923534 0.01240465696901083 -0.5970895290374756 -0.006187546532601118 0.99992436170578 0.010631361044943333 -0.9847931861877441 -0.012339338660240173 -0.01070710364729166 0.9998666048049927 80.22135162353516
0.999843180179596 0.006464981473982334 0.01648741401731968 -0.5850080251693726 -0.006610772106796503 0.9999393820762634 0.008803480304777622 -0.9932085275650024 -0.01642950065433979 -0.008911093696951866 0.9998252987861633 81.39956665039062
0.9997925162315369 0.0049691894091665745 0.01975661888718605 -0.564110279083252 -0.005092657171189785 0.9999677538871765 0.006204031873494387 -1.0090701580047607 -0.019725151360034943 -0.006303357891738415 0.9997855424880981 82.56332397460938
0.9997220039367676 0.004329329822212458 0.02317599020898342 -0.5425108671188354 -0.00438648322597146 0.9999874830245972 0.00241576018743217 -1.024376630783081 -0.023165244609117508 -0.002516749780625105 0.9997285008430481 83.74039459228516
0.9996430277824402 0.003367706434801221 0.026501886546611786 -0.5137109756469727 -0.0034143542870879173 0.9999927878379822 0.001715131220407784 -1.0422284603118896 -0.0264959167689085 -0.0018050058279186487 0.9996473789215088 84.89784240722656
0.999539852142334 0.003365920390933752 0.030148936435580254 -0.48235464096069336 -0.0034642736427485943 0.999988853931427 0.003210588125512004 -1.0612744092941284 -0.030137795954942703 -0.003313554683700204 0.9995402693748474 86.06134033203125
0.9994091987609863 0.004845402203500271 0.03402698412537575 -0.45404696464538574 -0.004978084936738014 0.9999803304672241 0.003815709613263607 -1.0835365056991577 -0.03400782495737076 -0.0039828442968428135 0.9994136691093445 87.22783660888672
0.9992755055427551 0.004145292565226555 0.037831757217645645 -0.4133591651916504 -0.004207482561469078 0.999989926815033 0.001564385718666017 -1.0998317003250122 -0.03782489150762558 -0.0017224288312718272 0.9992828965187073 88.37773895263672
0.9991533160209656 0.0039039573166519403 0.04095365107059479 -0.36687326431274414 -0.0038777710869908333 0.9999922513961792 -0.0007188294548541307 -1.11802339553833 -0.04095613583922386 0.0005594120593741536 0.9991607666015625 89.5248794555664
0.9990172386169434 0.003939306829124689 0.04414723441004753 -0.32005763053894043 -0.0039006767328828573 0.9999918937683105 -0.0009611450368538499 -1.1391702890396118 -0.044150665402412415 0.0007879968616180122 0.999024510383606 90.69062042236328
0.9988847374916077 0.0033169067464768887 0.04709991440176964 -0.2706027030944824 -0.003329106606543064 0.9999943971633911 0.00018057622946798801 -1.1570645570755005 -0.04709905385971069 -0.00033717526821419597 0.9988901615142822 91.8472900390625
0.9987531304359436 0.0018136147409677505 0.04988882690668106 -0.21581459045410156 -0.0018936221022158861 0.9999970197677612 0.0015564939239993691 -1.174301266670227 -0.049885861575603485 -0.0016490238485857844 0.998753547668457 93.01139068603516
0.9986142516136169 0.0010509188286960125 0.05261601135134697 -0.15856361389160156 -0.0012298945803195238 0.9999935030937195 0.0033692819997668266 -1.1921343803405762 -0.05261212959885597 -0.0034293250646442175 0.9986091256141663 94.17131042480469
0.9984954595565796 -0.0003652009181678295 0.05483262985944748 -0.09233331680297852 0.00013477084576152265 0.9999911189079285 0.004206064622849226 -1.2069976329803467 -0.054833680391311646 -0.004192347172647715 0.9984866976737976 95.33380126953125
0.9983521699905396 -0.0014493137132376432 0.05736551433801651 -0.034361839294433594 0.0013319605495780706 0.9999969601631165 0.0020838917698711157 -1.2255866527557373 -0.057368360459804535 -0.002004049252718687 0.9983510971069336 96.48773956298828
0.9982251524925232 -0.002882151398807764 0.059483300894498825 0.03615236282348633 0.002976032206788659 0.9999944567680359 -0.0014897431246936321 -1.2429754734039307 -0.05947868153452873 0.0016641232650727034 0.9982281923294067 97.63999938964844
0.9980913400650024 -0.0021284001413732767 0.06171815097332001 0.09565067291259766 0.002399157965555787 0.9999878406524658 -0.004313220269978046 -1.2623279094696045 -0.06170821189880371 0.0044530597515404224 0.998084306716919 98.8040542602539
0.9979937076568604 -0.0021487493067979813 0.06327849626541138 0.16786575317382812 0.002494960790500045 0.9999824166297913 -0.0053927237167954445 -1.2804043292999268 -0.06326579302549362 0.005539782345294952 0.9979813694953918 99.98460388183594
0.9979561567306519 -0.0018315712222829461 0.06387533992528915 0.23094701766967773 0.0021299158688634634 0.9999872446060181 -0.004602957982569933 -1.3047107458114624 -0.06386607885360718 0.00472960015758872 0.9979472756385803 101.15804290771484
0.9980227947235107 -0.0017789319390431046 0.06282740831375122 0.30503082275390625 0.0019428314408287406 0.9999949336051941 -0.0025477309245616198 -1.3291797637939453 -0.06282254308462143 0.0026647569611668587 0.9980211853981018 102.34281158447266
0.9980897307395935 -0.002336334902793169 0.06173502653837204 0.36825037002563477 0.0024251118302345276 0.9999961256980896 -0.0013631477486342192 -1.3469675779342651 -0.061731599271297455 0.0015102584147825837 0.9980915784835815 103.53060150146484
0.998213529586792 -0.0016695032827556133 0.05972440540790558 0.4344639778137207 0.0016972635639831424 0.9999985098838806 -0.00041408283868804574 -1.3653290271759033 -0.0597236342728138 0.0005147113697603345 0.9982147216796875 104.72386169433594
0.9983620643615723 -0.001548418658785522 0.05719077214598656 0.4975571632385254 0.0015549013623967767 0.9999988079071045 -6.88538420945406e-05 -1.3824491500854492 -0.05719059705734253 0.000157667207531631 0.9983632564544678 105.91915893554688
0.9985148310661316 -0.001084349351003766 0.054468367248773575 0.549077033996582 0.0010850434191524982 0.9999994039535522 1.6831512766657397e-05 -1.407655954360962 -0.05446834862232208 4.2294017475796863e-05 0.9985154867172241 107.13008117675781
0.9987045526504517 0.0004996475181542337 0.05088169127702713 0.5982546806335449 -0.0004618798557203263 0.9999995827674866 -0.0007540173828601837 -1.4193748235702515 -0.050882045179605484 0.0007295393152162433 0.9987043738365173 108.33193969726562
0.9989098906517029 0.0004503531672526151 0.04667608439922333 0.6523141860961914 -0.00044397127931006253 0.9999998807907104 -0.00014709803508594632 -1.4402176141738892 -0.0466761514544487 0.0001262148580281064 0.9989100694656372 109.53938293457031
0.9990942478179932 0.0009224200039170682 0.04254098981618881 0.6989331245422363 -0.0009694451582618058 0.999998927116394 0.0010847910307347775 -1.461456298828125 -0.04253994673490524 -0.0011250496609136462 0.9990941286087036 110.75932312011719
0.9992653131484985 0.0014535108348354697 0.038296133279800415 0.7445566654205322 -0.0015196893364191055 0.9999973773956299 0.0016990220174193382 -1.4763976335525513 -0.03829355910420418 -0.0017559720436111093 0.9992649555206299 111.98004913330078
0.9994222521781921 0.0015540308086201549 0.03395194560289383 0.7778301239013672 -0.0016321595758199692 0.9999960660934448 0.0022735612001270056 -1.4929311275482178 -0.03394828364253044 -0.002327662892639637 0.9994208216667175 113.20238494873047
0.9995822906494141 0.00223490409553051 0.028812818229198456 0.8108186721801758 -0.0023058352526277304 0.9999943971633911 0.0024288033600896597 -1.508373498916626 -0.028807230293750763 -0.0024942264426499605 0.9995818734169006 114.4211196899414
0.999707818031311 0.002753178821876645 0.02401527762413025 0.8371409177780151 -0.0028098353650420904 0.9999932646751404 0.00232575461268425 -1.5275758504867554 -0.02400871179997921 -0.0023925541900098324 0.9997088313102722 115.65868377685547
0.9998121857643127 0.0030399372335523367 0.019142035394906998 0.8529773950576782 -0.0030813387129455805 0.9999929666519165 0.0021337424404919147 -1.542313814163208 -0.01913541369140148 -0.0021923247259110212 0.9998144507408142 116.8845443725586
0.999887228012085 0.004174096509814262 0.014427799731492996 0.8609155416488647 -0.004191667772829533 0.9999906420707703 0.0011878891382366419 -1.559814453125 -0.014422704465687275 -0.0012482318561524153 0.9998952150344849 118.1190414428711
0.9999221563339233 0.005991771817207336 0.010942312888801098 0.8672767281532288 -0.006006425712257624 0.9999811053276062 0.0013069830602034926 -1.5794527530670166 -0.010934274643659592 -0.001372605562210083 0.9999392628669739 119.35635375976562
0.9999359846115112 0.007546968758106232 0.00842083990573883 0.8750395774841309 -0.007560087367892265 0.9999702572822571 0.0015271941665560007 -1.5982037782669067 -0.008409061469137669 -0.0015907586785033345 0.9999634027481079 120.58551025390625
0.9999281167984009 0.009170946665108204 0.007723766379058361 0.8710830807685852 -0.009179003536701202 0.9999573230743408 0.0010081377113237977 -1.616653323173523 -0.007714191917330027 -0.0010789616499096155 0.9999696612358093 121.8437728881836
0.9999106526374817 0.011508399620652199 0.0068053933791816235 0.8681923151016235 -0.011518610641360283 0.9999324679374695 0.0014630540972575545 -1.6349804401397705 -0.006788097787648439 -0.001541311852633953 0.9999758005142212 123.0829086303711
0.9999017715454102 0.012829381972551346 0.00563579797744751 0.8712604641914368 -0.012841371819376945 0.999915361404419 0.002096360083669424 -1.6504791975021362 -0.005608425475656986 -0.0021685257088392973 0.9999819397926331 124.33798217773438
0.9999094009399414 0.012460530735552311 0.005089219193905592 0.8718811273574829 -0.012472548522055149 0.9999194741249084 0.002336180303245783 -1.6636724472045898 -0.0050596995279192924 -0.0023994443472474813 0.9999843239784241 125.5912094116211
0.9998626708984375 0.016070155426859856 0.004045755602419376 0.8699913024902344 -0.016088105738162994 0.9998607039451599 0.004444196820259094 -1.6792019605636597 -0.003973773214966059 -0.004508675541728735 0.9999818801879883 126.83856964111328
0.9998475909233093 0.017049865797162056 0.00373986572958529 0.8604335188865662 -0.017078474164009094 0.9998239874839783 0.0077562290243804455 -1.6955463886260986 -0.0036069643683731556 -0.007818917743861675 0.9999629259109497 128.09521484375
0.9998703598976135 0.015815090388059616 0.003005281323567033 0.8641487956047058 -0.01583709381520748 0.9998467564582825 0.007444373331964016 -1.710378646850586 -0.0028870871756225824 -0.007491002324968576 0.9999678134918213 129.34902954101562
0.9998797178268433 0.015329424291849136 0.002349239308387041 0.8607306480407715 -0.01534292008727789 0.9998651742935181 0.0058390856720507145 -1.717721700668335 -0.0022594118490815163 -0.005874427035450935 0.9999802112579346 130.593017578125
0.9999095797538757 0.013278058730065823 0.002112520392984152 0.8503749370574951 -0.01329228188842535 0.9998880624771118 0.00686799269169569 -1.7298932075500488 -0.002021089196205139 -0.006895450409501791 0.9999741911888123 131.874267578125
0.9999417066574097 0.010744393803179264 0.0010505028767511249 0.8514816761016846 -0.010753131471574306 0.9999042749404907 0.008698644116520882 -1.7388654947280884 -0.0009569404646754265 -0.008709433488547802 0.9999616146087646 133.12969970703125
0.9999715089797974 0.007538203615695238 0.00032080337405204773 0.8579813241958618 -0.007541214115917683 0.9999139308929443 0.010737983509898186 -1.752886176109314 -0.00023983116261661053 -0.010740097612142563 0.9999423027038574 134.3781280517578
0.9999811053276062 0.006104473955929279 0.0006348469760268927 0.8517159819602966 -0.006111323833465576 0.9999161958694458 0.011415333487093449 -1.749861240386963 -0.0005651091341860592 -0.01141899824142456 0.9999346137046814 135.68946838378906
0.9999982714653015 0.0016822307370603085 0.0007305375766009092 0.8526033759117126 -0.0016890786355361342 0.9999537467956543 0.009477326646447182 -1.7571772336959839 -0.000714560563210398 -0.009478543885052204 0.9999547600746155 136.95925903320312
0.999999463558197 -0.000665723520796746 0.0007890166016295552 0.8510297536849976 0.0006588805699720979 0.9999624490737915 0.008641676977276802 -1.7668287754058838 -0.0007947399863041937 -0.008641152642667294 0.999962329864502 138.23489379882812
0.9999978542327881 -0.002008972456678748 0.0006373642245307565 0.8507567644119263 0.002003484172746539 0.9999619126319885 0.008497660979628563 -1.7777307033538818 -0.000654411967843771 -0.008496368303894997 0.9999637007713318 139.51087951660156
0.9999974370002747 -0.0016503763617947698 0.0016074343584477901 0.844187319278717 0.0016360896406695247 0.9999595284461975 0.008849065750837326 -1.786948561668396 -0.001621972769498825 -0.008846412412822247 0.9999595284461975 140.803955078125
0.9999970197677612 -0.0013016455341130495 0.0020591544453054667 0.8398961424827576 0.0012799749383702874 0.9999442100524902 0.010490430518984795 -1.7931758165359497 -0.0020726940128952265 -0.01048776414245367 0.9999428391456604 142.07615661621094
0.9999959468841553 0.000909463269636035 0.002694155788049102 0.8380823135375977 -0.0009429870406165719 0.9999217987060547 0.012468110769987106 -1.8073073625564575 -0.002682605991140008 -0.012470602989196777 0.9999186396598816 143.3701629638672
0.9999949336051941 0.0008103536092676222 0.0030746276024729013 0.839070200920105 -0.000843747635371983 0.9999405145645142 0.010875463485717773 -1.8160243034362793 -0.003065631724894047 -0.010878002271056175 0.9999361634254456 144.6412353515625
0.9999923706054688 0.0012983274646103382 0.0037240146193653345 0.8327211141586304 -0.0013321879087015986 0.9999576807022095 0.009104413911700249 -1.8274706602096558 -0.0037120371125638485 -0.00910930335521698 0.9999515414237976 145.9178009033203
0.9999904036521912 0.001141885295510292 0.004236340057104826 0.8328758478164673 -0.001169320079497993 0.9999783039093018 0.006479249801486731 -1.8364553451538086 -0.004228849429637194 -0.006484140641987324 0.999970018863678 147.1934356689453
0.9999899864196777 0.00018768894369713962 0.004493554588407278 0.8354486227035522 -0.00019904265354853123 0.9999967813491821 0.002526344731450081 -1.854607105255127 -0.0044930665753781796 -0.002527213655412197 0.9999866485595703 148.45703125
0.9999852776527405 0.0006498799775727093 0.005385766737163067 0.8292573094367981 -0.0006446599727496505 0.9999993443489075 -0.0009709224686957896 -1.878273844718933 -0.00538639398291707 0.0009674361790530384 0.9999850392341614 149.74923706054688
0.999987006187439 -0.00014328319230116904 0.005092863459140062 0.8369777798652649 0.0001534320617793128 0.9999980330467224 -0.001992406090721488 -1.8988094329833984 -0.005092567298561335 0.001993161626160145 0.9999850988388062 151.0237274169922
0.9999837875366211 7.211272895801812e-05 0.005684598349034786 0.8290213942527771 -6.285289418883622e-05 0.9999986290931702 -0.0016290985513478518 -1.9288192987442017 -0.0056847077794373035 0.0016287148464471102 0.9999825358390808 152.29388427734375
0.9999852180480957 0.0004521503287833184 0.005416099447757006 0.8364230990409851 -0.0004459194897208363 0.9999992251396179 -0.001151558943092823 -1.9474891424179077 -0.00541661586612463 0.0011491267941892147 0.9999846816062927 153.55711364746094
0.9999873638153076 0.00023003015667200089 0.005016349721699953 0.8405294418334961 -0.00022888893727213144 0.9999999403953552 -0.0002280515036545694 -1.969138741493225 -0.0050164018757641315 0.00022690027253702283 0.9999874234199524 154.81741333007812
0.9999845027923584 0.002022148808464408 0.0051925526931881905 0.8320523500442505 -0.00202452321536839 0.9999978542327881 0.00045205181231722236 -1.9929414987564087 -0.00519162742421031 -0.0004625573637895286 0.9999864101409912 156.07606506347656
0.9999858736991882 0.002441596006974578 0.004720216616988182 0.8285757303237915 -0.0024425657466053963 0.9999970197677612 0.00019966534455306828 -2.0137875080108643 -0.004719714634120464 -0.00021119200391694903 0.999988853931427 157.3458251953125
0.9999912977218628 0.002050303854048252 0.003640523413196206 0.8406257629394531 -0.0020517567172646523 0.9999977946281433 0.0003954358398914337 -2.036632776260376 -0.0036397050134837627 -0.0004029017291031778 0.9999933242797852 158.6078338623047
0.9999945163726807 0.0016982044326141477 0.002856804523617029 0.8383074998855591 -0.001702183741144836 0.999997615814209 0.0013911755522713065 -2.0550196170806885 -0.00285443477332592 -0.0013960306532680988 0.9999949932098389 159.8757781982422
0.9999931454658508 0.0026541142724454403 0.0025515295565128326 0.8311094045639038 -0.0026595299132168293 0.9999942183494568 0.002121544210240245 -2.0791242122650146 -0.0025458838790655136 -0.0021283160895109177 0.9999945163726807 161.15638732910156
0.999994158744812 0.002821431029587984 0.0019187431316822767 0.8299857974052429 -0.002823228482156992 0.9999955296516418 0.0009346064180135727 -2.095231533050537 -0.0019160974770784378 -0.0009400177514180541 0.9999977350234985 162.42913818359375
0.9999936819076538 0.0032794508151710033 0.0013729422353208065 0.8215012550354004 -0.003278960008174181 0.9999945759773254 -0.0003598366165533662 -2.112982749938965 -0.0013741138391196728 0.00035533253685571253 0.9999989867210388 163.67694091796875
0.9999905228614807 0.004295571707189083 0.000610065646469593 0.8173881769180298 -0.004295491613447666 0.9999907612800598 -0.00013161549577489495 -2.1362922191619873 -0.0006106246146373451 0.00012899372086394578 0.9999998211860657 164.9397430419922
0.9999929070472717 0.0037718433886766434 6.168206164147705e-05 0.8054991960525513 -0.0037717625964432955 0.9999920725822449 -0.0012590104015544057 -2.158283233642578 -6.64322215016e-05 0.0012587688397616148 0.9999992251396179 166.21157836914062
0.9999911189079285 0.004062206018716097 -0.0010924782836809754 0.8021075129508972 -0.004064943641424179 0.9999885559082031 -0.0025153770111501217 -2.1786952018737793 0.0010822468902915716 0.002519795671105385 0.9999963045120239 167.477783203125
0.9999899864196777 0.004258977714926004 -0.0013893046416342258 0.7909663319587708 -0.004261840600520372 0.9999887943267822 -0.0020641544833779335 -2.204385280609131 0.00138049793895334 0.00207005487754941 0.9999969005584717 168.74905395507812
0.9999866485595703 0.00450079794973135 -0.0025320700369775295 0.7875863909721375 -0.004502844996750355 0.9999895095825195 -0.000803121249191463 -2.2272984981536865 0.0025284290313720703 0.0008145120227709413 0.9999964237213135 170.0245361328125
0.9999874830245972 0.0043044681660830975 -0.0025451048277318478 0.7727546691894531 -0.004304893780499697 0.9999906420707703 -0.00016174626944120973 -2.2542271614074707 0.00254438491538167 0.0001727006456349045 0.9999967217445374 171.28875732421875
0.9999826550483704 0.004913835786283016 -0.0032445359975099564 0.759878933429718 -0.004913207143545151 0.9999879002571106 0.0002013624762184918 -2.274860382080078 0.0032454850152134895 -0.00018541801546234637 0.999994695186615 172.55929565429688
0.9999794363975525 0.005240366328507662 -0.0037228704895824194 0.7430787682533264 -0.005239373538643122 0.9999861717224121 0.00027625280199572444 -2.295412302017212 0.0037242667749524117 -0.00025674159405753016 0.9999930262565613 173.85218811035156
0.9999744296073914 0.005548425484448671 -0.004516731947660446 0.7358705997467041 -0.005550269968807697 0.9999845027923584 -0.00039592021494172513 -2.319474935531616 0.004514466971158981 0.00042097916593775153 0.9999897480010986 175.08314514160156
0.9999686479568481 0.006410964298993349 -0.004640331957489252 0.7142820358276367 -0.0064166528172791 0.9999786615371704 -0.0012118907179683447 -2.337238073348999 0.004632463678717613 0.0012416281970217824 0.9999885559082031 176.35362243652344
0.9999653100967407 0.006178961135447025 -0.005590630695223808 0.7002623081207275 -0.006185514852404594 0.9999801516532898 -0.0011558132246136665 -2.353015899658203 0.005583376623690128 0.0011903541162610054 0.9999837875366211 177.62185668945312
0.9999625086784363 0.006892269942909479 -0.005234801210463047 0.6789633631706238 -0.006902014836668968 0.9999744296073914 -0.0018455835524946451 -2.3816275596618652 0.005221946630626917 0.0018816450610756874 0.999984622001648 178.85166931152344
0.999968409538269 0.005860668607056141 -0.005356745794415474 0.6668529510498047 -0.005881527438759804 0.9999751448631287 -0.003886518068611622 -2.3994104862213135 0.005333832930773497 0.003917901776731014 0.9999781250953674 180.11904907226562
0.9999827146530151 0.0024599770549684763 -0.0053495364263653755 0.6507006287574768 -0.002477688482031226 0.9999914765357971 -0.0033066736068576574 -2.430617332458496 0.0053413561545312405 0.0033198711462318897 0.9999802112579346 181.3855743408203
0.9999785423278809 0.002976128598675132 -0.005837544333189726 0.6430431604385376 -0.0029753174167126417 0.9999955892562866 0.00014767219545319676 -2.4492204189300537 0.005837957840412855 -0.00013030035188421607 0.9999829530715942 182.6510772705078
0.9999797940254211 0.002301248023286462 -0.0059301783330738544 0.6298832893371582 -0.002273831283673644 0.9999867677688599 0.004625898785889149 -2.471787452697754 0.005940744653344154 -0.00461232103407383 0.9999717473983765 183.9176788330078
0.9999778270721436 0.002977407770231366 -0.005950075574219227 0.6186895370483398 -0.002954864175990224 0.9999884366989136 0.003793982556089759 -2.4872355461120605 0.0059613012708723545 -0.003776316298171878 0.9999750256538391 185.17364501953125
0.9999749064445496 0.004659001249819994 -0.005335085093975067 0.5975565910339355 -0.004656689241528511 0.9999890327453613 0.00044573890045285225 -2.5030455589294434 0.005337103735655546 -0.00042088422924280167 0.9999856352806091 186.421875
0.9999703764915466 0.00498568918555975 -0.005849145352840424 0.5817850828170776 -0.004992835223674774 0.9999868273735046 -0.0012077940627932549 -2.52742862701416 0.005843044258654118 0.0012369623873382807 0.9999821186065674 187.67141723632812
0.9999688863754272 0.004884065594524145 -0.006186243146657944 0.5693058967590332 -0.004890065640211105 0.9999876618385315 -0.0009550395188853145 -2.550105333328247 0.006181503180414438 0.0009852611692622304 0.9999803900718689 188.9219970703125
0.9999734163284302 0.004530541133135557 -0.005716243293136358 0.5522868633270264 -0.004529930651187897 0.9999897480010986 0.00011975797679042444 -2.571917772293091 0.00571672897785902 -9.386060992255807e-05 0.9999836683273315 190.16696166992188
0.9999738931655884 0.004700030665844679 -0.005492952652275562 0.5388137102127075 -0.004686863161623478 0.9999861121177673 0.0024076509289443493 -2.595590114593506 0.005504193250089884 -0.0023818432819098234 0.9999820590019226 191.4174041748047
0.9999803900718689 0.004146174993366003 -0.0046882363967597485 0.5253165364265442 -0.004131239838898182 0.9999863505363464 0.0031908033415675163 -2.6159706115722656 0.004701400175690651 -0.0031713726930320263 0.9999839067459106 192.66546630859375
0.999985933303833 0.004133016802370548 -0.0033215871080756187 0.5145065188407898 -0.004124744329601526 0.9999883770942688 0.0024934951215982437 -2.635256290435791 0.0033318535424768925 -0.0024797595106065273 0.9999914169311523 193.90670776367188
0.9999937415122986 0.003147518029436469 -0.0016046114033088088 0.5020984411239624 -0.003145769005641341 0.9999944567680359 0.0010913026053458452 -2.6570963859558105 0.0016080355271697044 -0.0010862480849027634 0.9999980926513672 195.1374053955078
0.9999961256980896 0.0027050809003412724 -0.0005613669054582715 0.49560195207595825 -0.0027052820660173893 0.9999962449073792 -0.00035811110865324736 -2.6790876388549805 0.0005603962345048785 0.0003596283495426178 0.9999998211860657 196.36441040039062
