1.0 -3.5187590583518613e-06 -1.79586049853242e-06 1.2507134670158848e-05 3.5187586036045104e-06 1.0 -2.851597855624277e-07 2.661694907146739e-06 1.7958615217139595e-06 2.8515347594293416e-07 1.0 -1.4016766272106906e-06
0.9999973177909851 0.0010375437559559941 0.0020670732483267784 -0.009301993064582348 -0.0010353217367082834 0.9999988675117493 -0.0010757436975836754 -0.016911139711737633 -0.0020681871101260185 0.0010736009571701288 0.9999972581863403 1.206119179725647
0.9999886155128479 0.0014131231000646949 0.004561529494822025 -0.029217170551419258 -0.0014092227211222053 0.9999986290931702 -0.0008581661968491971 -0.03210924193263054 -0.00456273602321744 0.0008517280803062022 0.9999892115592957 2.4008026123046875
0.9999805092811584 0.0009666858823038638 0.006168598309159279 -0.03264714777469635 -0.0009620237979106605 0.9999993443489075 -0.000758700305595994 -0.0492524579167366 -0.0061693270690739155 0.0007527513080276549 0.9999806880950928 3.59712290763855
0.9999738335609436 0.0007307628402486444 0.007199902553111315 -0.02957618236541748 -0.0007247142493724823 0.9999994039535522 -0.0008426763815805316 -0.07050804048776627 -0.007200514432042837 0.0008374364697374403 0.999973714351654 4.791846752166748
0.9999691247940063 0.0006052296957932413 0.007833772338926792 -0.024176741018891335 -0.0006007681949995458 0.9999995827674866 -0.0005718662869185209 -0.09303662925958633 -0.00783411506563425 0.0005671423277817667 0.9999690651893616 5.9945197105407715
0.9999653100967407 0.0007507887203246355 0.008295712061226368 -0.015257949009537697 -0.0007371347164735198 0.9999983906745911 -0.0016488480614498258 -0.11471152305603027 -0.008296934887766838 0.0016426757210865617 0.99996417760849 7.19754695892334
0.999957263469696 0.00040828558849170804 0.009251476265490055 -0.011739340610802174 -0.0003927573561668396 0.9999985098838806 -0.0016802293248474598 -0.14127005636692047 -0.009252149611711502 0.001676524174399674 0.9999557733535767 8.38431453704834
0.9999575614929199 0.00016804150072857738 0.009224372915923595 -0.004476122558116913 -0.000166823883773759 1.0000001192092896 -0.00013277673861011863 -0.16422709822654724 -0.009224395267665386 0.00013123234384693205 0.9999574422836304 9.58719539642334
0.9999682307243347 -0.00012831931235268712 0.0079698096960783 -0.003332369262352586 0.00012095885176677257 0.9999995827674866 0.0009240281651727855 -0.18676526844501495 -0.007969923317432404 -0.0009230347932316363 0.9999678134918213 10.780156135559082
0.9999833703041077 -0.0016836872091516852 0.0055142599157989025 -0.0020610070787370205 0.0016820501768961549 0.9999985098838806 0.0003013976092915982 -0.20699097216129303 -0.005514759104698896 -0.00029211724177002907 0.9999847412109375 12.001426696777344
0.9999922513961792 -0.0013658939860761166 0.003708852222189307 -0.00845778826624155 0.0013663271674886346 0.9999991059303284 -0.0001142738910857588 -0.22543075680732727 -0.003708692966029048 0.00011934049689443782 0.999993085861206 13.195685386657715
0.9999964237213135 -0.0014396703336387873 0.0022607464343309402 -0.0065895807929337025 0.0014402902452275157 0.999998927116394 -0.0002725792001001537 -0.2491227686405182 -0.002260351087898016 0.0002758344344329089 0.9999974370002747 14.39467716217041
0.9999985694885254 -0.00016173231415450573 0.0016687550814822316 -0.018007846549153328 0.00016251273336820304 0.9999998211860657 -0.0004675535310525447 -0.2677753269672394 -0.0016686792951077223 0.00046782405115664005 0.9999985098838806 15.573562622070312
0.9999990463256836 -0.0003860818687826395 0.0012787594459950924 -0.02387366071343422 0.00038654261152260005 0.9999998211860657 -0.00036007704329676926 -0.2881903350353241 -0.0012786200968548656 0.00036057099350728095 0.9999991655349731 16.774818420410156
0.9999991059303284 -0.0012583719799295068 0.00033361330861225724 -0.024358637630939484 0.0012583856005221605 0.9999991655349731 -4.092285962542519e-05 -0.3080202639102936 -0.00033356156200170517 4.134262781008147e-05 0.9999999403953552 17.962032318115234
0.9999992847442627 -0.0011740039335563779 -6.696903710690094e-06 -0.02916576713323593 0.0011740063782781363 0.9999992251396179 0.0003790151095017791 -0.33215415477752686 6.252054390643025e-06 -0.0003790227056015283 0.9999999403953552 19.158267974853516
0.9999988675117493 -0.0008878058870323002 -0.0011834141332656145 -0.03291160240769386 0.0008873541373759508 0.9999995231628418 -0.0003823254373855889 -0.35576945543289185 0.0011837533675134182 0.00038127487641759217 0.9999992847442627 20.3532657623291
0.9999987483024597 -0.001392451231367886 -0.000765256816521287 -0.05451654642820358 0.001391449011862278 0.999998152256012 -0.0013091473374515772 -0.38050055503845215 0.0007670781342312694 0.0013080809731036425 0.9999988079071045 21.56495475769043
0.9999990463256836 -0.00020403919916134328 -0.0014194806572049856 -0.0628882497549057 0.0002028277813224122 0.9999995827674866 -0.0008536097593605518 -0.39933598041534424 0.0014196541160345078 0.0008533209329470992 0.9999986886978149 22.763837814331055
0.9999974370002747 -0.0006218522321432829 -0.002159073017537594 -0.07819193601608276 0.0006195060559548438 0.9999991655349731 -0.0010870888363569975 -0.42242100834846497 0.0021597479935735464 0.0010857484303414822 0.999997079372406 23.95867919921875
0.9999950528144836 -0.00039856016519479454 -0.003114665625616908 -0.08852662891149521 0.00039306902908720076 0.9999983310699463 -0.001763395150192082 -0.4437827467918396 0.0031153636518865824 0.0017621621955186129 0.999993622303009 25.152490615844727
0.9999914169311523 -0.0002700907352846116 -0.00413386570289731 -0.09917290508747101 0.0002673697017598897 0.9999997019767761 -0.0006587624084204435 -0.47517937421798706 0.004134042654186487 0.0006576513987965882 0.999991238117218 26.341793060302734
0.9999872446060181 -0.0018737713107839227 -0.004691560752689838 -0.11280980706214905 0.0018790153553709388 0.999997615814209 0.0011136033572256565 -0.49643513560295105 0.00468946248292923 -0.00112240482121706 0.9999883770942688 27.545181274414062
0.9999814033508301 -0.0018341129180043936 -0.005814896430820227 -0.12064706534147263 0.0018405013252049685 0.9999976754188538 0.0010934399906545877 -0.5180345773696899 0.005812877789139748 -0.0011041220277547836 0.999982476234436 28.736915588378906
0.9999736547470093 -0.0025676782242953777 -0.006791902240365744 -0.1337507665157318 0.0025704284198582172 0.9999966025352478 0.00039619221934117377 -0.5407103300094604 0.006790860556066036 -0.00041363993659615517 0.9999768137931824 29.936376571655273
0.9999690651893616 -0.0026745572686195374 -0.007412819657474756 -0.14686939120292664 0.0026704377960413694 0.9999962449073792 -0.0005655789282172918 -0.5590350031852722 0.007414304185658693 0.0005457659135572612 0.9999723434448242 31.130023956298828
0.9999648332595825 -0.0020230666268616915 -0.008141492493450642 -0.165146604180336 0.002018687082454562 0.9999977946281433 -0.0005460336105898023 -0.5788733959197998 0.008142579346895218 0.0005295792943798006 0.9999666810035706 32.3265380859375
0.9999586939811707 -0.002416335279121995 -0.008764133788645267 -0.1786506325006485 0.0024160307366400957 0.999997079372406 -4.525794793153182e-05 -0.6005918979644775 0.008764217607676983 2.4081620722427033e-05 0.9999616146087646 33.525962829589844
0.9999496936798096 -0.003073338186368346 -0.009546277113258839 -0.19343866407871246 0.0030742669478058815 0.999995231628418 8.267080556834117e-05 -0.6233521103858948 0.009545977227389812 -0.00011201443703612313 0.9999544620513916 34.71266555786133
0.9999459981918335 -0.00353107787668705 -0.009769279509782791 -0.21505281329154968 0.0035336182918399572 0.9999937415122986 0.00024281407240778208 -0.6458442211151123 0.009768359363079071 -0.00027732198941521347 0.9999522566795349 35.92991638183594
0.9999409317970276 -0.0033662256319075823 -0.010329898446798325 -0.23252439498901367 0.003365983022376895 0.9999943971633911 -4.0865736082196236e-05 -0.6638352870941162 0.010329975746572018 6.0929082792426925e-06 0.999946653842926 37.13321304321289
0.9999390244483948 -0.004564924165606499 -0.010053109377622604 -0.25618767738342285 0.004574497230350971 0.9999890923500061 0.0009295472409576178 -0.6937653422355652 0.010048756375908852 -0.0009754784987308085 0.999949038028717 38.315547943115234
0.9999375343322754 -0.004191991873085499 -0.010364243760704994 -0.26353251934051514 0.004213562235236168 0.9999889731407166 0.0020602464210242033 -0.7086725234985352 0.010355493985116482 -0.0021037880796939135 0.9999441504478455 39.51802444458008
0.9999369978904724 -0.003711108351126313 -0.010588071309030056 -0.27889591455459595 0.003741526510566473 0.9999889731407166 0.002854560501873493 -0.7301916480064392 0.010577359236776829 -0.002893996424973011 0.9999399185180664 40.70976638793945
0.9999365210533142 -0.0030814872588962317 -0.010838894173502922 -0.2883499562740326 0.003106404561549425 0.9999925494194031 0.0022827438078820705 -0.7446506023406982 0.010831777937710285 -0.0023162688594311476 0.9999386668205261 41.90629959106445
0.9999427795410156 -0.0021787681616842747 -0.010479073971509933 -0.30778375267982483 0.002197460038587451 0.9999960064888 0.0017725328216329217 -0.7555335760116577 0.01047517266124487 -0.0017954583745449781 0.9999434947967529 43.10459899902344
0.9999505877494812 0.0002264261565869674 -0.009934204630553722 -0.32595351338386536 -0.00018782699771691114 0.9999924898147583 0.0038862801156938076 -0.7757083773612976 0.009935010224580765 -0.003884222824126482 0.9999431371688843 44.32250213623047
0.9999664425849915 0.0002760329225566238 -0.008189457468688488 -0.35077908635139465 -0.00021610624389722943 0.9999731779098511 0.007317526265978813 -0.7989543676376343 0.00819125585258007 -0.0073155127465724945 0.9999396800994873 45.516197204589844
0.9999800324440002 0.0005806966219097376 -0.006293449550867081 -0.3715495467185974 -0.0005191795062273741 0.9999520778656006 0.009772016666829586 -0.8063349723815918 0.00629882188513875 -0.00976855494081974 0.9999324083328247 46.71601486206055
0.9999862313270569 0.0013154827756807208 -0.005075261928141117 -0.37236663699150085 -0.0012467168271541595 0.9999077320098877 0.013528690673410892 -0.8164190649986267 0.005092589184641838 -0.013522177003324032 0.9998955726623535 47.91377639770508
0.9999943971633911 0.00042534343083389103 -0.003313216380774975 -0.3949255347251892 -0.00037649882142432034 0.999891459941864 0.01472905371338129 -0.8250620365142822 0.0033191211987286806 -0.014727724716067314 0.9998859763145447 49.11860275268555
0.9999970197677612 -0.0016465812223032117 -0.0018405475420877337 -0.3987233340740204 0.0016707696486264467 0.9999112486839294 0.013218737207353115 -0.8289214968681335 0.001818617689423263 -0.013221771456301212 0.9999108910560608 50.327789306640625
0.9999997019767761 -0.0002569119387771934 -0.0007635026122443378 -0.4067264795303345 0.00026583444559946656 0.9999313950538635 0.011709337122738361 -0.8349441885948181 0.0007604417041875422 -0.011709533631801605 0.9999310970306396 51.52312088012695
1.0 -0.00035542904515750706 -9.502345346845686e-05 -0.41112107038497925 0.00035646805190481246 0.9999375939369202 0.01116726454347372 -0.8392001390457153 9.104832861339673e-05 -0.011167296208441257 0.9999375939369202 52.731361389160156
0.9999998807907104 -0.00048943015281111 0.000327520800055936 -0.42428335547447205 0.0004858464526478201 0.9999409317970276 0.010853813029825687 -0.8483487963676453 -0.000332813651766628 -0.010853650979697704 0.9999409914016724 53.92369842529297
0.9999977946281433 -0.002046933164820075 -0.00039227420347742736 -0.427289217710495 0.0020506123546510935 0.9999516010284424 0.009620975703001022 -0.858209490776062 0.0003725618589669466 -0.009621760807931423 0.9999536275863647 55.14995574951172
0.9999960064888 -0.001742674969136715 -0.0021993869449943304 -0.433676540851593 0.00176490459125489 0.9999469518661499 0.010146102868020535 -0.8644140362739563 0.0021815889049321413 -0.010149943642318249 0.9999460577964783 56.36292266845703
0.9999919533729553 -0.002121932106092572 -0.0033946014009416103 -0.4469480514526367 0.002160110743716359 0.9999340176582336 0.011282986029982567 -0.8752986788749695 0.0033704349771142006 -0.011290229856967926 0.9999305009841919 57.564857482910156
0.9999863505363464 -0.0026446201372891665 -0.004503410309553146 -0.4548010230064392 0.0026969804894179106 0.99992835521698 0.01166065689176321 -0.8836969137191772 0.004472249187529087 -0.011672643013298512 0.9999217987060547 58.77214813232422
0.9999852180480957 -0.0011198200518265367 -0.005347305443137884 -0.465910941362381 0.0011823475360870361 0.999930739402771 0.011704493314027786 -0.8956067562103271 0.005333829205483198 -0.011710640043020248 0.999917209148407 59.96967697143555
0.9999796152114868 -0.0008573500090278685 -0.006335294805467129 -0.47380536794662476 0.0009291548631154001 0.9999352693557739 0.011339882388710976 -0.9006356000900269 0.006325162947177887 -0.011345538310706615 0.9999156594276428 61.174564361572266
0.9999789595603943 -0.0021189909894019365 -0.006118152290582657 -0.4913627803325653 0.002186870202422142 0.9999359250068665 0.011109472252428532 -0.9117457866668701 0.0060942210257053375 -0.011122618801891804 0.9999195337295532 62.37880325317383
0.999975323677063 -0.003067033365368843 -0.006311028730124235 -0.5035243630409241 0.003132434096187353 0.9999412298202515 0.01037934422492981 -0.9212449789047241 0.006278824992477894 -0.010398857295513153 0.9999261498451233 63.58855056762695
0.9999677538871765 -0.003959286026656628 -0.006981701124459505 -0.5119003653526306 0.004042067099362612 0.9999212026596069 0.011882850900292397 -0.937717080116272 0.006934104021638632 -0.011910688132047653 0.9999050498008728 64.78106689453125
0.9999673366546631 -0.003915248904377222 -0.007069605868309736 -0.5301918983459473 0.004008383955806494 0.9999047517776489 0.013208301737904549 -0.9406789541244507 0.00701721990481019 -0.013236207887530327 0.9998877644538879 65.97586822509766
0.9999688863754272 -0.003319600597023964 -0.007154413964599371 -0.5474112629890442 0.003404090879485011 0.9999241828918457 0.011829901486635208 -0.9537224769592285 0.0071146003901958466 -0.011853886768221855 0.999904453754425 67.19429016113281
0.9999768137931824 -0.0015121611068025231 -0.006637681741267443 -0.5699374675750732 0.001582527649588883 0.9999424815177917 0.010608633980154991 -0.9609308242797852 0.006621256936341524 -0.01061889249831438 0.9999216794967651 68.3934097290039
0.9999775290489197 0.00048373942263424397 -0.006684542167931795 -0.5866595506668091 -0.0004107510030735284 0.9999403357505798 0.010916047729551792 -0.9684496521949768 0.006689424626529217 -0.010913057252764702 0.9999180436134338 69.59757995605469
0.9999754428863525 0.0027691570576280355 -0.006422770209610462 -0.603603184223175 -0.0026990647893399 0.9999369978904724 0.010896221734583378 -0.9729223847389221 0.006452540401369333 -0.010878619737923145 0.9999200105667114 70.78656005859375
0.9999730587005615 0.0038306128699332476 -0.006261727772653103 -0.6216967701911926 -0.0037581350188702345 0.9999262094497681 0.011545847170054913 -0.983457088470459 0.006305493414402008 -0.011522003449499607 0.9999136924743652 71.99541473388672
0.999976634979248 0.004447605460882187 -0.0051933275535702705 -0.6361824870109558 -0.0043821572326123714 0.9999116063117981 0.012546399608254433 -0.991159975528717 0.005248670466244221 -0.0125233493745327 0.9999077320098877 73.18895721435547
0.9999741315841675 0.006502512842416763 -0.00305902655236423 -0.6505087018013 -0.00646344805136323 0.9998995661735535 0.01261159311980009 -0.9909867644309998 0.0031407251954078674 -0.012591495178639889 0.9999157786369324 74.38838958740234
0.9999865889549255 0.005129341036081314 -0.0007310626097023487 -0.6486586332321167 -0.005120858550071716 0.9999245405197144 0.01116861030459404 -1.0080069303512573 0.0007882950594648719 -0.011164716444909573 0.9999373555183411 75.56146240234375
0.9999950528144836 0.002522015944123268 0.0018655246822163463 -0.651858925819397 -0.0025326318573206663 0.999980628490448 0.005710643250495195 -1.0139081478118896 -0.001851086039096117 -0.005715339910238981 0.9999819993972778 76.73673248291016
0.9999821782112122 0.0036325438413769007 0.004738977178931236 -0.6550033092498779 -0.003659751731902361 0.9999767541885376 0.005745287984609604 -1.0299639701843262 -0.004717997740954161 -0.005762528162449598 0.9999722242355347 77.91400146484375
0.9999714493751526 0.0024349153973162174 0.0071474104188382626 -0.6477789878845215 -0.0025015175342559814 0.9999533295631409 0.009324252605438232 -1.0433176755905151 -0.007124373689293861 -0.009341864846646786 0.9999310374259949 79.0971908569336
0.9999439716339111 0.0027685719542205334 0.010218598879873753 -0.6361235976219177 -0.0028755145613104105 0.9999411106109619 0.010465679690241814 -1.0518385171890259 -0.010189021937549114 -0.010494476184248924 0.9998930096626282 80.28488159179688
0.9998936653137207 0.0027565951459109783 0.014319902285933495 -0.626380205154419 -0.0028832387179136276 0.9999567866325378 0.008830768056213856 -1.0622621774673462 -0.014294941909611225 -0.008871115744113922 0.9998584985733032 81.45259094238281
0.9998350739479065 0.0017570176860317588 0.018076959997415543 -0.6124426126480103 -0.0018602891359478235 0.9999820590019226 0.005697633605450392 -1.074342131614685 -0.01806662417948246 -0.005730321165174246 0.999820351600647 82.61955261230469
0.9997684955596924 0.0004974924959242344 0.02151019684970379 -0.5912564396858215 -0.0005448669544421136 0.9999974370002747 0.002196610439568758 -1.0886591672897339 -0.021509049460291862 -0.002207821700721979 0.9997662305831909 83.78187561035156
0.9996857643127441 0.000176638102857396 0.025066470727324486 -0.5663622617721558 -0.00020929893071297556 0.9999991059303284 0.0013003512285649776 -1.1054037809371948 -0.02506621927022934 -0.0013051886344328523 0.9996849298477173 84.93626403808594
0.9995905160903931 -0.0003507042129058391 0.028611822053790092 -0.5388892889022827 0.00026097934460267425 0.9999949932098389 0.0031396050471812487 -1.1259865760803223 -0.028612783178687096 -0.003130852011963725 0.9995856285095215 86.10812377929688
0.9994745254516602 0.0006441615987569094 0.03240548446774483 -0.5131505131721497 -0.0007748039206489921 0.9999916553497314 0.004019091371446848 -1.1500694751739502 -0.03240262344479561 -0.004042088054120541 0.9994667172431946 87.27359008789062
0.9993410110473633 0.0003700602683238685 0.03629488870501518 -0.47313085198402405 -0.000422912766225636 0.9999988675117493 0.0014485314022749662 -1.1652570962905884 -0.03629431128501892 -0.001462926622480154 0.9993399977684021 88.41799926757812
0.9992255568504333 0.00017626442422624677 0.03934893012046814 -0.42939916253089905 -0.0001568156003486365 0.9999998211860657 -0.0004973522736690938 -1.1874456405639648 -0.039349015802145004 0.0004907966358587146 0.9992253184318542 89.5647201538086
0.9990836381912231 0.00048777248593978584 0.04279682785272598 -0.3895612061023712 -0.0004393135313875973 0.9999992251396179 -0.0011416997294873 -1.201852560043335 -0.04279734939336777 0.0011218523140996695 0.9990831613540649 90.7304458618164
0.9989559054374695 -0.00012402284482959658 0.04568572714924812 -0.3417221009731293 0.00012974518176633865 1.0 -0.00012228962441440672 -1.2178908586502075 -0.04568571224808693 0.0001280892756767571 0.9989558458328247 91.88990783691406
0.99881511926651 -0.0015574244316667318 0.04864351823925972 -0.29565393924713135 0.0014817671617493033 0.999997615814209 0.0015913685783743858 -1.2414803504943848 -0.04864589124917984 -0.0015174041036516428 0.9988148808479309 93.04277038574219
0.9986845850944519 -0.0024086167104542255 0.05121701583266258 -0.23603130877017975 0.002242070622742176 0.9999920129776001 0.003308977698907256 -1.2570849657058716 -0.051224563270807266 -0.003189793089404702 0.9986820816993713 94.20189666748047
0.9985624551773071 -0.003951631020754576 0.05345352366566658 -0.17093497514724731 0.0037341744173318148 0.9999844431877136 0.004167408682405949 -1.2714804410934448 -0.05346914753317833 -0.003961813636124134 0.998561680316925 95.36392974853516
0.9984145760536194 -0.00484486622735858 0.05607865750789642 -0.11957976222038269 0.004740837030112743 0.9999867677688599 0.0019879441242665052 -1.2899235486984253 -0.05608754605054855 -0.0017189327627420425 0.9984243512153625 96.50848388671875
0.9982856512069702 -0.006309161894023418 0.05819088593125343 -0.0516882985830307 0.006413767114281654 0.9999781250953674 -0.0016110034193843603 -1.3071784973144531 -0.058179453015327454 0.0019814639817923307 0.9983041286468506 97.6627197265625
0.9981706738471985 -0.00536812050268054 0.06021971255540848 0.009625147096812725 0.005639351438730955 0.9999746680259705 -0.004334975499659777 -1.3257243633270264 -0.060194917023181915 0.004666645545512438 0.9981756806373596 98.82154083251953
0.9980632662773132 -0.005446482449769974 0.06196737661957741 0.0798710361123085 0.005782291758805513 0.9999695420265198 -0.005241089966148138 -1.348739743232727 -0.06193694472312927 0.005589254666119814 0.9980643391609192 99.98820495605469
0.9980570673942566 -0.005435918923467398 0.06206967681646347 0.1520329862833023 0.005729879252612591 0.9999731183052063 -0.004558966960757971 -1.3725594282150269 -0.06204322725534439 0.004905760288238525 0.9980614185333252 101.16486358642578
0.9980896711349487 -0.005573732778429985 0.06152999773621559 0.2139035165309906 0.0057510859332978725 0.9999797940254211 -0.002705662976950407 -1.401153564453125 -0.06151367351412773 0.003054358996450901 0.9981015920639038 102.34503173828125
0.9981656074523926 -0.005598287098109722 0.060283880680799484 0.2781141400337219 0.005678224842995405 0.9999831914901733 -0.0011548094917088747 -1.419975996017456 -0.06027640029788017 0.0014949968317523599 0.9981805682182312 103.5456314086914
0.9982743859291077 -0.005265114828944206 0.058484673500061035 0.3358984887599945 0.005297972355037928 0.9999859929084778 -0.0004067865083925426 -1.438814640045166 -0.05848170816898346 0.0007159348460845649 0.9982881546020508 104.73331451416016
0.9984393119812012 -0.005368403624743223 0.05558837577700615 0.40368926525115967 0.00537934759631753 0.9999855756759644 -4.724852624349296e-05 -1.455639123916626 -0.05558731406927109 0.0003462039749138057 0.9984537363052368 105.93474578857422
0.9985885620117188 -0.004576445557177067 0.05291429162025452 0.4553358256816864 0.004583301488310099 0.9999895095825195 -8.221427378884982e-06 -1.4763869047164917 -0.05291369557380676 0.0002507319732103497 0.9985990524291992 107.13189697265625
0.9987784624099731 -0.0032917079515755177 0.04930272698402405 0.5037497878074646 0.0033275065943598747 0.9999942183494568 -0.0006440345314331353 -1.4898765087127686 -0.04930032044649124 0.0008073030039668083 0.9987836480140686 108.33255004882812
0.998969316482544 -0.0028211609460413456 0.04530250281095505 0.5462228059768677 0.002834260230883956 0.9999959468841553 -0.00022492538846563548 -1.5076993703842163 -0.045301686972379684 0.0003530926478561014 0.9989732503890991 109.52978515625
0.9991486668586731 -0.0027681493666023016 0.041161518543958664 0.5946727395057678 0.0027350422460585833 0.9999958872795105 0.0008606054470874369 -1.5287516117095947 -0.04116373509168625 -0.0007472942234016955 0.9991521239280701 110.75343322753906
0.9993225932121277 -0.0019517096225172281 0.03675026074051857 0.6375108957290649 0.0018926277989521623 0.9999969601631165 0.0016423730412498116 -1.545873999595642 -0.036753349006175995 -0.0015717061469331384 0.9993231296539307 111.96298217773438
0.9994717836380005 -0.0019896547310054302 0.03243518993258476 0.6682303547859192 0.0019220102112740278 0.9999958872795105 0.0021165881771594286 -1.5603817701339722 -0.03243926540017128 -0.0020531294867396355 0.9994716048240662 113.18063354492188
0.99961918592453 -0.0013176936190575361 0.02756352350115776 0.6959087252616882 0.0012552181724458933 0.9999966025352478 0.0022837950382381678 -1.5764635801315308 -0.027566438540816307 -0.002248327014967799 0.9996174573898315 114.40032958984375
0.9997438788414001 -0.0007397201843559742 0.02261928841471672 0.7167145609855652 0.0006888071075081825 0.9999971389770508 0.0022585787810385227 -1.5981343984603882 -0.022620895877480507 -0.002242419868707657 0.9997416138648987 115.63558197021484
0.999845564365387 -0.00033317890483886003 0.017575329169631004 0.7298223972320557 0.00029993217322044075 0.999998152256012 0.0018942775204777718 -1.6128827333450317 -0.017575930804014206 -0.001888713683001697 0.9998437166213989 116.85701751708984
0.9999144077301025 0.0007628790917806327 0.013055598363280296 0.7377006411552429 -0.0007792452233843505 0.999998927116394 0.0012485344195738435 -1.6316477060317993 -0.013054631650447845 -0.0012586014345288277 0.9999139308929443 118.08243560791016
0.9999488592147827 0.002779852831736207 0.00972678605467081 0.7400311827659607 -0.002791543724015355 0.9999954104423523 0.001188555615954101 -1.6480474472045898 -0.009723438881337643 -0.0012156476732343435 0.9999518990516663 119.31674194335938
0.9999623894691467 0.004430935252457857 0.007469563279300928 0.7437481880187988 -0.004443231038749218 0.9999887347221375 0.001630208920687437 -1.6699798107147217 -0.00746225705370307 -0.001663336530327797 0.9999707937240601 120.54043579101562
0.9999591112136841 0.005902026779949665 0.006853368133306503 0.7318146824836731 -0.005908750928938389 0.9999820590019226 0.000961457088124007 -1.6898822784423828 -0.006847571115940809 -0.001001912634819746 0.9999759793281555 121.7882308959961
0.999951183795929 0.008208712562918663 0.0055074202828109264 0.7317587733268738 -0.008215619251132011 0.9999654293060303 0.0012328025186434388 -1.7064847946166992 -0.005497110541909933 -0.0012779891258105636 0.9999840259552002 123.0261001586914
0.9999455809593201 0.009319931268692017 0.004690343514084816 0.729789674282074 -0.009330038912594318 0.9999541640281677 0.0021374193020164967 -1.7241424322128296 -0.004670207854360342 -0.0021810641046613455 0.9999867081642151 124.25402069091797
0.9999505281448364 0.009002745151519775 0.004212050698697567 0.7258764505386353 -0.009012868627905846 0.999956488609314 0.0023905097041279078 -1.7377492189407349 -0.004190346226096153 -0.002428354462608695 0.9999882578849792 125.49922943115234
0.9999173879623413 0.012463804334402084 0.003122714813798666 0.7251044511795044 -0.012477634474635124 0.9999122619628906 0.004449321888387203 -1.7528225183486938 -0.0030669851694256067 -0.004487918224185705 0.9999852180480957 126.74193572998047
0.9999033808708191 0.013620189391076565 0.0027872389182448387 0.7112588286399841 -0.01364128477871418 0.9998772740364075 0.007695365697145462 -1.7677943706512451 -0.002682084683328867 -0.0077326432801783085 0.9999665021896362 127.98161315917969
0.9999200105667114 0.012483492493629456 0.0020435501355677843 0.712116539478302 -0.012497947551310062 0.9998957514762878 0.007220576051622629 -1.779172420501709 -0.0019531992729753256 -0.0072455392219126225 0.9999718070030212 129.2339324951172
0.9999254941940308 0.012127078138291836 0.0014264682540670037 0.706902027130127 -0.012135133147239685 0.9999095797538757 0.005781225394457579 -1.7889528274536133 -0.0013562300009652972 -0.005798104219138622 0.9999822974205017 130.47816467285156
0.9999521970748901 0.009711028076708317 0.00115287397056818 0.6967924237251282 -0.00971859972923994 0.9999299049377441 0.006755041889846325 -1.7995588779449463 -0.0010871950071305037 -0.0067659239284694195 0.9999765157699585 131.75265502929688
0.9999758005142212 0.006961226463317871 2.9605556846945547e-05 0.697616696357727 -0.006961221341043711 0.9999381899833679 0.008671412244439125 -1.8094353675842285 3.07607369904872e-05 -0.008671409450471401 0.9999624490737915 133.00814819335938
0.9999921321868896 0.003965382929891348 -7.323153113247827e-05 0.6919205188751221 -0.00396439665928483 0.999937117099762 0.010490848682820797 -1.8220208883285522 0.00011482687114039436 -0.010490477085113525 0.9999449849128723 134.27304077148438
0.9999977350234985 0.0020142069552093744 -0.0007606649887748063 0.6919868588447571 -0.002005315152928233 0.9999316930770874 0.011515120975673199 -1.8284157514572144 0.0007838065503165126 -0.011513566598296165 0.9999334812164307 135.5392608642578
0.999995768070221 -0.00285527971573174 -0.0005634094122797251 0.6921051144599915 0.0028605337720364332 0.9999502301216125 0.009556121192872524 -1.8336758613586426 0.0005360962823033333 -0.009557693265378475 0.999954104423523 136.8056182861328
0.9999872446060181 -0.004996131639927626 -0.000692780246026814 0.690773069858551 0.005002032965421677 0.9999487996101379 0.008796913549304008 -1.8431975841522217 0.0006487947539426386 -0.008800268173217773 0.9999610781669617 138.07688903808594
0.9999799728393555 -0.006330348551273346 -0.0002911387709900737 0.6842362880706787 0.00633262749761343 0.9999425411224365 0.008637969382107258 -1.8552988767623901 0.0002364413085160777 -0.008639640174806118 0.9999626278877258 139.34494018554688
0.9999830722808838 -0.00579087296500802 0.0005322035867720842 0.674920380115509 0.005786070134490728 0.9999460577964783 0.008620311506092548 -1.8572399616241455 -0.0005820943624712527 -0.00861708726733923 0.9999626874923706 140.6319580078125
0.9999849200248718 -0.005407870281487703 0.0009305893327109516 0.6714618802070618 0.005397574044764042 0.999927818775177 0.010731651447713375 -1.8678525686264038 -0.0009885573526844382 -0.01072646677494049 0.9999420046806335 141.9056396484375
0.9999942779541016 -0.0028866922948509455 0.0017772156279534101 0.6642691493034363 0.002864891430363059 0.9999220371246338 0.012149223126471043 -1.873621940612793 -0.001812148024328053 -0.012144062668085098 0.9999246001243591 143.2039794921875
0.9999931454658508 -0.0029044789262115955 0.002332765609025955 0.6617546081542969 0.002880220301449299 0.999942421913147 0.0103357695043087 -1.8793078660964966 -0.0023626515176147223 -0.010328979231417179 0.9999438524246216 144.47816467285156
0.9999921917915344 -0.002750471467152238 0.002831417368724942 0.6560010313987732 0.0027255534660071135 0.9999578595161438 0.00876675546169281 -1.8940292596817017 -0.0028554112650454044 -0.0087589705362916 0.9999575614929199 145.75035095214844
0.9999897480010986 -0.0029641466680914164 0.003435511840507388 0.6519373655319214 0.0029428834095597267 0.9999765753746033 0.006177591159939766 -1.9042229652404785 -0.0034537434112280607 -0.006167416926473379 0.9999749660491943 147.02439880371094
0.9999851584434509 -0.003647830104455352 0.004037960898131132 0.6510785818099976 0.0036384700797498226 0.999990701675415 0.002322849351912737 -1.9250138998031616 -0.004046396352350712 -0.0023081235121935606 0.9999891519546509 148.28173828125
0.9999825954437256 -0.0037959744222462177 0.004520500544458628 0.6480749845504761 0.0038017865736037493 0.9999919533729553 -0.0012779741082340479 -1.9458308219909668 -0.004515612963587046 0.001295137801207602 0.9999889731407166 149.56517028808594
0.9999806880950928 -0.004313728306442499 0.004466812591999769 0.6509877443313599 0.004322236403822899 0.999988853931427 -0.0018968591466546059 -1.9711432456970215 -0.004458580166101456 0.0019161291420459747 0.9999882578849792 150.84046936035156
0.9999796152114868 -0.004339659586548805 0.004666890949010849 0.6508912444114685 0.004348647780716419 0.9999886751174927 -0.0019174345070496202 -1.9940940141677856 -0.004658516962081194 0.0019376904238015413 0.9999872446060181 152.10723876953125
0.9999831318855286 -0.0035822640638798475 0.004565832670778036 0.6494939923286438 0.003588705090805888 0.9999925494194031 -0.0014031673781573772 -2.0179052352905273 -0.004560772329568863 0.0014195292023941875 0.9999886155128479 153.37115478515625
0.999985933303833 -0.003149294061586261 0.004257869441062212 0.6518660187721252 0.00315082143060863 0.9999949932098389 -0.00035213358933106065 -2.0402109622955322 -0.004256738815456629 0.0003655445761978626 0.9999909400939941 154.63388061523438
0.99998939037323 -0.0021654984448105097 0.004092592746019363 0.6473253965377808 0.002164306119084358 0.9999977350234985 0.0002957574906758964 -2.0684618949890137 -0.004093223717063665 -0.0002868968003895134 0.9999915957450867 155.8973388671875
0.999992847442627 -0.0018374534556642175 0.00331111834384501 0.6469858288764954 0.0018379578832536936 0.9999983310699463 -0.0001493289601057768 -2.087099313735962 -0.003310838248580694 0.00015541358152404428 0.9999945163726807 157.1689453125
0.9999945163726807 -0.0017977914540097117 0.0027896296232938766 0.6450309753417969 0.0017974446527659893 0.9999983906745911 0.00012681180669460446 -2.1106345653533936 -0.002789853373542428 -0.00012179699842818081 0.9999960660934448 158.42091369628906
0.9999948740005493 -0.002298655454069376 0.0022534914314746857 0.6407676935195923 0.0022961627691984177 0.9999967813491821 0.0011080034309998155 -2.1292061805725098 -0.0022560313809663057 -0.0011028231820091605 0.9999968409538269 159.6887969970703
0.9999980330467224 -0.00101358478423208 0.0016824472695589066 0.6349454522132874 0.001010676147416234 0.9999980926513672 0.0017288653180003166 -2.154581069946289 -0.001684195944108069 -0.001727161812596023 0.999997079372406 160.9683380126953
0.999998927116394 -0.0012126369401812553 0.0008232815307565033 0.633197009563446 0.0012122023617848754 0.9999991655349731 0.0005281732883304358 -2.172290086746216 -0.0008239211165346205 -0.0005271746776998043 0.9999995231628418 162.2371368408203
0.9999998211860657 -0.00045350464642979205 0.00026201712898910046 0.6277579069137573 0.0004536105552688241 0.9999998211860657 -0.00040458483272232115 -2.197040557861328 -0.0002618329308461398 0.00040470363455824554 0.9999998807907104 163.48890686035156
0.9999998211860657 0.00041138779488392174 -0.0004637828387785703 0.6217747330665588 -0.0004116736236028373 0.9999997615814209 -0.0006164170918054879 -2.2154152393341064 0.0004635294317267835 0.0006166078383103013 0.9999997615814209 164.75131225585938
0.9999992847442627 4.609887037076987e-05 -0.0011950744083151221 0.6135700345039368 -4.764631376019679e-05 0.9999991655349731 -0.0012947706272825599 -2.240995407104492 0.0011950131738558412 0.0012948267394676805 0.9999983906745911 166.02134704589844
0.9999976754188538 0.0002958435798063874 -0.0021382677368819714 0.607664167881012 -0.0003007445193361491 0.9999973773956299 -0.0022920446936041117 -2.2641232013702393 0.0021375836804509163 0.0022926826495677233 0.9999949932098389 167.29074096679688
0.9999963045120239 0.0003135001170448959 -0.002683300292119384 0.598564088344574 -0.00031934710568748415 0.9999975562095642 -0.0021788880694657564 -2.2881908416748047 0.002682611346244812 0.0021797369699925184 0.9999940395355225 168.5600128173828
0.9999933242797852 0.0007499944185838103 -0.0035756337456405163 0.5892587304115295 -0.0007522118976339698 0.9999995231628418 -0.0006188444094732404 -2.3138539791107178 0.003575168550014496 0.0006215298781171441 0.9999934434890747 169.8374786376953
0.9999908804893494 0.0002552311634644866 -0.004263989627361298 0.5838526487350464 -0.0002561194123700261 0.9999999403953552 -0.00020778359612450004 -2.338294267654419 0.004263936076313257 0.00020887375285383314 0.9999908804893494 171.0960235595703
0.999988317489624 0.001004885882139206 -0.004735113587230444 0.5660282969474792 -0.001003822311758995 0.9999995827674866 0.00022701412672176957 -2.3597030639648438 0.004735338501632214 -0.00022225824068300426 0.9999887943267822 172.3654327392578
0.9999861121177673 0.0013559001963585615 -0.005099051166325808 0.5498225688934326 -0.0013534920290112495 0.999998927116394 0.0004756672715302557 -2.3821797370910645 0.005099690984934568 -0.0004687591572292149 0.9999868869781494 173.65087890625
0.9999824166297913 0.001995126949623227 -0.005573817528784275 0.5288139581680298 -0.0019976531621068716 0.9999979138374329 -0.000447746308054775 -2.4040355682373047 0.005572913214564323 0.0004588730225805193 0.9999843835830688 174.90496826171875
0.9999797940254211 0.0025325287133455276 -0.005818476434797049 0.5077328085899353 -0.002538839355111122 0.9999962449073792 -0.0010774936527013779 -2.4246764183044434 0.005815725773572922 0.0010922441724687815 0.999982476234436 176.17465209960938
0.9999780058860779 0.0022186562418937683 -0.006245629396289587 0.48886287212371826 -0.0022247731685638428 0.999997079372406 -0.0009726228890940547 -2.4416251182556152 0.006243453361093998 0.0009864966850727797 0.9999800324440002 177.43478393554688
0.9999744296073914 0.002680388977751136 -0.0066295708529651165 0.468147873878479 -0.002693862421438098 0.9999943375587463 -0.0020242200698703527 -2.468221664428711 0.006624107714742422 0.0020420276559889317 0.9999759793281555 178.6898956298828
0.9999761581420898 0.0014767779503017664 -0.006753012537956238 0.4550701379776001 -0.0015002965228632092 0.9999927878379822 -0.003478909842669964 -2.4915874004364014 0.006747825536876917 0.0034889583475887775 0.9999712109565735 179.9595947265625
0.9999757409095764 -0.0014200194273144007 -0.006820566486567259 0.4432668685913086 0.001395342405885458 0.9999924898147583 -0.003621432464569807 -2.5157511234283447 0.006825659424066544 0.003611827502027154 0.9999701976776123 181.22447204589844
0.9999659061431885 -0.0013520042411983013 -0.008158022537827492 0.43970251083374023 0.0013538481434807181 0.9999991059303284 0.00022050246479921043 -2.539571523666382 0.008157717064023018 -0.00023153983056545258 0.9999666810035706 182.49339294433594
0.9999735355377197 -0.0019337068079039454 -0.007010783068835735 0.4103842079639435 0.0019639334641397 0.9999887347221375 0.004307169932872057 -2.5603466033935547 0.007002376485615969 -0.004320825915783644 0.9999660849571228 183.75753784179688
0.9999728798866272 -0.0007108596037141979 -0.007332562934607267 0.39936891198158264 0.0007386110373772681 0.9999924898147583 0.0037827000487595797 -2.577589988708496 0.00732981925830245 -0.003788013244047761 0.9999659657478333 185.0171356201172
0.999975860118866 0.0007469984120689332 -0.006909626070410013 0.3786240518093109 -0.000742972013540566 0.9999995231628418 0.0005852872272953391 -2.5953989028930664 0.006910059601068497 -0.0005801395745947957 0.9999759197235107 186.24871826171875
0.9999740123748779 0.0011097942478954792 -0.007128554861992598 0.3649028539657593 -0.0011192455422133207 0.9999985098838806 -0.0013219811953604221 -2.615954637527466 0.007127074524760246 0.0013299256097525358 0.999973714351654 187.49368286132812
0.9999713897705078 0.0009103325428441167 -0.007507880683988333 0.3459457755088806 -0.0009165963856503367 0.9999991655349731 -0.0008309255936183035 -2.6432290077209473 0.007507119327783585 0.0008377834456041455 0.9999714493751526 188.74234008789062
0.9999741911888123 0.0011085181031376123 -0.0070960610173642635 0.3275834321975708 -0.0011106051970273256 0.9999992847442627 -0.0002901475236285478 -2.660431146621704 0.007095734588801861 0.00029802092467434704 0.9999747276306152 189.98623657226562
0.9999747276306152 0.0008257969166152179 -0.0070615666918456554 0.31556037068367004 -0.0008096721721813083 0.9999970197677612 0.0022860500030219555 -2.6842241287231445 0.0070634339936077595 -0.002280274173244834 0.999972403049469 191.24378967285156
0.9999794960021973 -0.00025247089797630906 -0.006401971448212862 0.3015225827693939 0.00027356561622582376 0.9999945163726807 0.0032943941187113523 -2.7076430320739746 0.006401104852557182 -0.003296077949926257 0.9999740123748779 192.49472045898438
0.9999879002571106 0.00019109828281216323 -0.004937368910759687 0.29163816571235657 -0.00017885486886370927 0.9999968409538269 0.002480086637660861 -2.7244200706481934 0.004937826655805111 -0.002479173243045807 0.9999846816062927 193.7307586669922
0.9999926686286926 -0.0012845038436353207 -0.0036023887805640697 0.2803516387939453 0.0012888520723208785 0.9999983906745911 0.001205001724883914 -2.747689962387085 0.0036008351016789675 -0.0012096359860152006 0.9999927878379822 194.962890625
0.9999969601631165 -0.0009231572039425373 -0.0022748291958123446 0.27475064992904663 0.0009222289663739502 0.9999994039535522 -0.00040878530126065016 -2.771432876586914 0.0022752059157937765 0.0004066860710736364 0.9999973177909851 196.1908416748047
