1.0 -7.968105819600169e-06 -1.3406945981842e-05 3.2168234611162916e-05 7.968120371515397e-06 1.0 1.0549692888162099e-06 3.5570610634749755e-06 1.3406937796389684e-05 -1.0550760407568305e-06 1.0 9.927776773110963e-06
0.9999788999557495 0.0004030702984891832 -0.0064881606958806515 -0.00819623563438654 -0.00040051277028396726 0.9999998211860657 0.000395475683035329 -0.001927146571688354 0.006488318555057049 -0.0003928687365259975 0.9999788999557495 0.09180141240358353
0.9999071955680847 0.000947240216191858 -0.013590624555945396 -0.016400737687945366 -0.0009448540513403714 0.9999995231628418 0.0001819916651584208 -0.001956045627593994 0.013590790331363678 -0.00016913360741455108 0.9999076128005981 0.18847735226154327
0.9997720718383789 0.0013826197246089578 -0.021303964778780937 -0.026026545092463493 -0.0013948703417554498 0.9999988675117493 -0.0005601918674074113 -0.0021557100117206573 0.021303165704011917 0.0005897804512642324 0.999772846698761 0.285403847694397
0.9995414018630981 0.001700017717666924 -0.03023374453186989 -0.04290032759308815 -0.0017602405278012156 0.9999964833259583 -0.001965406583622098 -0.002081812359392643 0.03023029863834381 0.0020177240949124098 0.9995409250259399 0.39055389165878296
0.9991251826286316 0.0019153656903654337 -0.0417763851583004 -0.05907079204916954 -0.0020599716808646917 0.9999920129776001 -0.0034186551347374916 -0.00499570369720459 0.04176950082182884 0.00350172258913517 0.9991211295127869 0.5011444091796875
0.9984782338142395 0.0017203926108777523 -0.05512017011642456 -0.08419681340456009 -0.0019459353061392903 0.999989926815033 -0.004038425628095865 -0.008005672134459019 0.05511267110705376 0.00413954071700573 0.9984715580940247 0.6260825395584106
0.997427225112915 0.001852228888310492 -0.07166195660829544 -0.10873068869113922 -0.0021757420618087053 0.999987781047821 -0.004436638671904802 -0.004019554238766432 0.0716528594493866 0.004581142216920853 0.9974191188812256 0.7611002922058105
0.995903730392456 0.00020177730766590685 -0.09041960537433624 -0.13493523001670837 -0.000581832486204803 0.9999911189079285 -0.00417690072208643 -0.00939165148884058 0.09041795134544373 0.004212399944663048 0.9958950281143188 0.916313886642456
0.9939110279083252 -0.0007767948554828763 -0.11018254607915878 -0.17597033083438873 0.0002975754323415458 0.9999904036521912 -0.004365698900073767 -0.012757590040564537 0.11018488556146622 0.004306328948587179 0.993901789188385 1.0755231380462646
0.9912269711494446 -0.0011179130524396896 -0.13216565549373627 -0.22459079325199127 0.0004994960618205369 0.9999887943267822 -0.004712166264653206 -0.015639087185263634 0.1321694403886795 0.004604810383170843 0.9912164211273193 1.2368228435516357
0.9875364899635315 0.0025489048566669226 -0.15736933052539825 -0.20771710574626923 -0.0035356171429157257 0.9999758005142212 -0.0059904176741838455 -0.02660319022834301 0.15735025703907013 0.006472154054790735 0.9875216484069824 1.3510786294937134
0.9827883243560791 0.00611632876098156 -0.18463408946990967 -0.24041636288166046 -0.007355584762990475 0.9999547004699707 -0.0060277655720710754 -0.05050813779234886 0.18458887934684753 0.007282109931111336 0.9827888607978821 1.5222361087799072
0.9773322939872742 0.009227273054420948 -0.2115100622177124 -0.31294724345207214 -0.010985556058585644 0.9999141097068787 -0.007139420136809349 -0.05378540977835655 0.2114260345697403 0.009301143698394299 0.9773498177528381 1.699758529663086
0.970527172088623 0.009603376500308514 -0.24080026149749756 -0.3939964175224304 -0.011715416796505451 0.9999043941497803 -0.007340822834521532 -0.05541006103157997 0.24070675671100616 0.00994554441422224 0.9705469012260437 1.890271782875061
0.962389349937439 0.011630246415734291 -0.27142515778541565 -0.4823659062385559 -0.014006232842803001 0.9998787045478821 -0.006818133872002363 -0.059492018073797226 0.2713129222393036 0.010363343171775341 0.9624354243278503 2.0816903114318848
0.9528101086616516 0.01342139020562172 -0.3032703399658203 -0.5803880095481873 -0.015991689637303352 0.9998541474342346 -0.005993372295051813 -0.06007755547761917 0.30314570665359497 0.010560351423919201 0.9528857469558716 2.27241849899292
0.9409980177879333 0.015062547288835049 -0.3380766212940216 -0.6266770958900452 -0.01772426813840866 0.9998314380645752 -0.00478735426440835 -0.06569336354732513 0.3379475772380829 0.01049705222249031 0.941106379032135 2.419428825378418
0.9283506274223328 0.01726512424647808 -0.3713044226169586 -0.7322843670845032 -0.02023639902472496 0.9997867345809937 -0.004107217770069838 -0.07142069190740585 0.3711543083190918 0.011326801963150501 0.9285020232200623 2.599163293838501
0.9142728447914124 0.020133918151259422 -0.4045984148979187 -0.8560780882835388 -0.02365262806415558 0.9997133612632751 -0.0036994940601289272 -0.06937146186828613 0.40440797805786133 0.012952163815498352 0.9144869446754456 2.784759283065796
0.8980540037155151 0.02053886279463768 -0.43940553069114685 -0.9760729074478149 -0.024351518601179123 0.9996987581253052 -0.003041159361600876 -0.06957019865512848 0.43921077251434326 0.013431319035589695 0.8982835412025452 2.9628868103027344
0.8793765306472778 0.01574188470840454 -0.4758666753768921 -1.1052056550979614 -0.019999923184514046 0.9997923970222473 -0.0038852232974022627 -0.06751956045627594 0.4757067561149597 0.012933872640132904 0.8795087933540344 3.149658441543579
0.8602093458175659 0.013168060220777988 -0.5097710490226746 -1.328354001045227 -0.018153561279177666 0.9998236298561096 -0.004806319251656532 -0.05906294658780098 0.5096178650856018 0.013388599269092083 0.8602966666221619 3.3531665802001953
0.8349977731704712 0.014826145023107529 -0.550053596496582 -1.4840070009231567 -0.018811453133821487 0.9998217225074768 -0.0016071473946794868 -0.06363128870725632 0.5499316453933716 0.011689269915223122 0.8351278901100159 3.5327134132385254
0.8058608174324036 0.02025303989648819 -0.5917585492134094 -1.666760802268982 -0.023295952007174492 0.9997254610061646 0.0024911926593631506 -0.06917412579059601 0.5916466116905212 0.011778025887906551 0.8061113953590393 3.6998891830444336
0.7733796238899231 0.023397022858262062 -0.6335113048553467 -1.870131492614746 -0.026706652715802193 0.9996339082717896 0.004315746016800404 -0.07079912722110748 0.6333803534507751 0.013581259176135063 0.7737213373184204 3.8748061656951904
0.7376021146774292 0.02288488671183586 -0.6748476624488831 -2.085515260696411 -0.026019133627414703 0.9996465444564819 0.005460534710437059 -0.07659298181533813 0.6747341156005859 0.013531249947845936 0.7379368543624878 4.041812896728516
0.6976180672645569 0.01857365481555462 -0.7162290811538696 -2.303546190261841 -0.019984180107712746 0.999779462814331 0.006461945828050375 -0.07407762110233307 0.7161911129951477 0.009805280715227127 0.6978353261947632 4.208470344543457
0.6546767950057983 0.014725054614245892 -0.755765438079834 -2.5408263206481934 -0.014619254507124424 0.9998698830604553 0.006817260757088661 -0.0707353875041008 0.7557675242424011 0.006585625000298023 0.6548069715499878 4.371631622314453
0.6109296679496765 0.014403234235942364 -0.7915539741516113 -2.809627056121826 -0.01214911974966526 0.9998872876167297 0.0088172797113657 -0.06943803280591965 0.7915916442871094 0.004229945130646229 0.6110358834266663 4.511432647705078
0.5625900030136108 0.014924912713468075 -0.8266013860702515 -3.0887672901153564 -0.009748651646077633 0.9998872876167297 0.011418727226555347 -0.06637388467788696 0.8266785740852356 0.0016341865994036198 0.5626721382141113 4.651910781860352
0.5124572515487671 0.01561543345451355 -0.8585706949234009 -3.3814897537231445 -0.008117539808154106 0.9998781085014343 0.013340351171791553 -0.06199372559785843 0.8586743474006653 0.00013312192459125072 0.5125215649604797 4.760951995849609
0.45963674783706665 0.01672440953552723 -0.887949526309967 -3.6926066875457764 -0.008557100780308247 0.9998595714569092 0.014402740634977818 -0.047885291278362274 0.8880656957626343 0.00097824411932379 0.4597153663635254 4.868380069732666
0.4050079584121704 0.018958088010549545 -0.914116621017456 -4.023579120635986 -0.007114645559340715 0.9998199343681335 0.017583303153514862 -0.04680078849196434 0.9142854809761047 -0.0006177622708491981 0.4050699472427368 4.96380615234375
0.3494272530078888 0.020765643566846848 -0.9367333650588989 -4.379799842834473 -0.007079122122377157 0.9997842907905579 0.019522659480571747 -0.03753821179270744 0.9369367957115173 -0.00019049902039114386 0.34949883818626404 5.050771713256836
0.29404687881469727 0.023945309221744537 -0.9554910063743591 -4.756590843200684 -0.004595368634909391 0.999709963798523 0.023639271035790443 -0.03394833952188492 0.9557799696922302 -0.0025602190289646387 0.2940715551376343 5.127063751220703
0.2404094636440277 0.02549138106405735 -0.9703367948532104 -5.125728130340576 0.0006548702367581427 0.9996505975723267 0.026423728093504906 -0.032166071236133575 0.9706713557243347 -0.0069879572838544846 0.24030877649784088 5.1894049644470215
0.18952856957912445 0.025873951613903046 -0.9815343022346497 -5.509345531463623 0.0031527611427009106 0.9996315240859985 0.026959791779518127 -0.0278730820864439 0.9818701148033142 -0.008204193785786629 0.18937717378139496 5.223493576049805
0.1418764442205429 0.026989739388227463 -0.9895163774490356 -5.916754245758057 0.0007048260304145515 0.9996252059936523 0.027366524562239647 -0.021829690784215927 0.9898841381072998 -0.004580100532621145 0.14180424809455872 5.244873523712158
0.09957604110240936 0.02740708366036415 -0.994652509689331 -6.352717399597168 -0.0012696747435256839 0.9996232986450195 0.02741694077849388 -0.012508594430983067 0.9950291514396667 -0.0014671856770291924 0.09957332164049149 5.2456278800964355
0.061695124953985214 0.025941992178559303 -0.9977579116821289 -6.797184467315674 -0.00257195346057415 0.9996628761291504 0.02583249658346176 -0.0032199278939515352 0.9980917572975159 0.0009724492556415498 0.06174106150865555 5.2343244552612305
0.027054715901613235 0.02311110682785511 -0.9993667602539062 -7.2759480476379395 -0.00043306127190589905 0.9997329115867615 0.023107850924134254 0.00517836632207036 0.9996338486671448 -0.0001923891541082412 0.027057498693466187 5.238684177398682
-0.004014161415398121 0.020428167656064034 -0.9997832775115967 -7.752009868621826 6.934335033292882e-06 0.9997913837432861 0.020428305491805077 0.009418248198926449 0.9999920129776001 7.506977271987125e-05 -0.00401346618309617 5.208453178405762
-0.03084668330848217 0.018642492592334747 -0.9993502497673035 -8.242140769958496 -0.0004677594406530261 0.9998257160186768 0.018665798008441925 0.015605020336806774 0.9995239973068237 0.001043233321979642 -0.030832577496767044 5.171756267547607
-0.051174916326999664 0.01618470810353756 -0.998558521270752 -8.751313209533691 -0.0017000844236463308 0.9998658299446106 0.01629302278161049 0.025562992319464684 0.9986882209777832 0.002531427424401045 -0.05114053189754486 5.1209001541137695
-0.06801361590623856 0.015162026509642601 -0.99756920337677 -9.265921592712402 -0.0003202471707481891 0.9998840689659119 0.015219046734273434 0.04038587212562561 0.9976843595504761 0.0013545709662139416 -0.0680008977651596 5.083888530731201
-0.08093132078647614 0.015503861010074615 -0.9965990781784058 -9.803923606872559 -9.982185474655125e-06 0.9998789429664612 0.015555698424577713 0.04839640483260155 0.9967196583747864 0.0012688913848251104 -0.08092138916254044 5.0283203125
-0.09046620875597 0.01697245053946972 -0.9957548975944519 -10.360771179199219 -0.00012722272367682308 0.999854564666748 0.017053887248039246 0.05064399540424347 0.995899498462677 0.0016694831429049373 -0.09045089781284332 4.968507289886475
-0.09746520966291428 0.01832825131714344 -0.9950701594352722 -10.930086135864258 -0.0016495308373123407 0.9998260736465454 0.018577417358756065 0.050253793597221375 0.9952375888824463 0.0034520509652793407 -0.09741803258657455 4.907978534698486
-0.10200830549001694 0.019225405529141426 -0.9945977330207825 -11.522790908813477 -0.0019179806113243103 0.999807596206665 0.01952282339334488 0.05447753518819809 0.9947816729545593 0.003899109549820423 -0.10195180028676987 4.8390326499938965
-0.10341782867908478 0.01995261386036873 -0.9944379329681396 -12.133139610290527 -3.3459891710663214e-05 0.9997987747192383 0.020063653588294983 0.06644999980926514 0.9946380257606506 0.0021082130260765553 -0.10339634120464325 4.771279811859131
-0.10234306007623672 0.02202785760164261 -0.9945052266120911 -12.745794296264648 0.0017341426573693752 0.9997572302818298 0.02196573093533516 0.0719861164689064 0.9947476387023926 0.0005234262207522988 -0.10235641151666641 4.709924221038818
-0.10095218569040298 0.024448802694678307 -0.9945908188819885 -13.385066986083984 0.0012342436239123344 0.9997003674507141 0.024449124932289124 0.07976307719945908 0.9948905110359192 0.0012406256282702088 -0.10095210373401642 4.6450581550598145
-0.099103182554245 0.024342387914657593 -0.9947793483734131 -14.048645973205566 -0.0010591011960059404 0.9996976256370544 0.02456824854016304 0.08350490033626556 0.995076596736908 0.0034883632324635983 -0.09904742985963821 4.569112777709961
-0.09752470999956131 0.02199370227754116 -0.9949899911880493 -14.702220916748047 -0.0022309687919914722 0.9997484683990479 0.0223175510764122 0.09278877824544907 0.9952306151390076 0.004396304488182068 -0.0974511206150055 4.506031036376953
-0.09645523875951767 0.02170088328421116 -0.995100736618042 -15.384856224060059 -0.002685362007468939 0.9997529983520508 0.0220626313239336 0.10760139673948288 0.995333731174469 0.004800261929631233 -0.09637314081192017 4.441032409667969
-0.09456207603216171 0.024350222200155258 -0.9952210783958435 -16.08446502685547 -0.0022378319408744574 0.9996930956840515 0.024672267958521843 0.12116247415542603 0.9955164790153503 0.004560199100524187 -0.0944785550236702 4.370945453643799
-0.09282366931438446 0.027867119759321213 -0.9952924847602844 -16.810476303100586 -0.0036116328556090593 0.9995922446250916 0.028324337676167488 0.1308899223804474 0.9956761002540588 0.006223800126463175 -0.09268517792224884 4.296415328979492
-0.09082822501659393 0.030101176351308823 -0.9954115152359009 -17.524473190307617 -0.004404016770422459 0.9995211362838745 0.030627304688096046 0.13754339516162872 0.9958568215370178 0.007165633607655764 -0.09065216779708862 4.226870536804199
-0.08892747014760971 0.02943216636776924 -0.9956031441688538 -18.269662857055664 -0.006076195742934942 0.9995287656784058 0.0300909411162138 0.15200091898441315 0.9960195422172546 0.008725391700863838 -0.08870672434568405 4.152225494384766
-0.0871821716427803 0.02621510624885559 -0.9958474040031433 -19.02194595336914 -0.008917033672332764 0.9995931386947632 0.027094358578324318 0.1688096523284912 0.9961524605751038 0.011242149397730827 -0.08691293001174927 4.076524257659912
-0.08571119606494904 0.025444895029067993 -0.9959951639175415 -19.779512405395508 -0.009321930818259716 0.999609649181366 0.026339443400502205 0.18391689658164978 0.9962764382362366 0.0115421824157238 -0.08544053882360458 4.014613628387451
-0.08419341593980789 0.02793900854885578 -0.9960577487945557 -20.56295394897461 -0.00703249080106616 0.9995653033256531 0.02863183245062828 0.19645363092422485 0.9964245557785034 0.00941537693142891 -0.08396034687757492 3.9436089992523193
-0.08321619778871536 0.030501535162329674 -0.9960646033287048 -21.350330352783203 -0.0044396971352398396 0.9995102286338806 0.03097796067595482 0.2021409571170807 0.9965216517448425 0.007000093348324299 -0.0830400213599205 3.8811330795288086
-0.08172838389873505 0.032115817070007324 -0.9961370825767517 -22.149324417114258 -0.0038978299126029015 0.9994627833366394 0.03254283592104912 0.21612700819969177 0.99664705991745 0.006542446557432413 -0.08155930042266846 3.811281681060791
-0.08096492290496826 0.0272679403424263 -0.9963439702987671 -22.950864791870117 -0.003663411131128669 0.9996108412742615 0.027655048295855522 0.23061995208263397 0.9967103004455566 0.00588910561054945 -0.08083350956439972 3.737166166305542
-0.08081929385662079 0.020451322197914124 -0.9965188503265381 -23.754993438720703 -0.0019646352156996727 0.9997843503952026 0.02067766897380352 0.2378457635641098 0.9967268705368042 0.003628950798884034 -0.08076167851686478 3.673173189163208
-0.0811602771282196 0.015988042578101158 -0.9965728521347046 -24.57347297668457 0.0016893735155463219 0.999872088432312 0.015903392806649208 0.24494776129722595 0.9966996312141418 -0.00039286029641516507 -0.08117691427469254 3.6076526641845703
-0.08152791112661362 0.016902320086956024 -0.9965277314186096 -25.405704498291016 0.0021608935203403234 0.9998568296432495 0.016781995072960854 0.2570383846759796 0.9966686964035034 -0.0007851889822632074 -0.08155274391174316 3.540813446044922
-0.08131292462348938 0.024569708853960037 -0.9963857531547546 -26.24598503112793 0.0018588451202958822 0.9996982216835022 0.024499688297510147 0.26137644052505493 0.9966868758201599 0.00014001457020640373 -0.08133404701948166 3.460728883743286
-0.0822218805551529 0.03154534101486206 -0.9961146712303162 -27.09369659423828 0.0006045221816748381 0.9995002746582031 0.031602662056684494 0.27321362495422363 0.9966138601303101 0.001996257109567523 -0.08219987154006958 3.3967552185058594
-0.08211252838373184 0.03705799579620361 -0.9959337711334229 -27.932615280151367 -0.0015525667695328593 0.9993023872375488 0.03731134906411171 0.28299692273139954 0.99662184715271 0.0046099829487502575 -0.08199772238731384 3.3132147789001465
-0.08257437497377396 0.03720853850245476 -0.9958900213241577 -28.780445098876953 -0.0035554347559809685 0.9992853403091431 0.037630192935466766 0.2935371398925781 0.996578574180603 0.006648112554103136 -0.08238308131694794 3.234356641769409
-0.08293583244085312 0.033627863973379135 -0.9959873557090759 -29.618661880493164 -0.003566480241715908 0.9994140267372131 0.03404054045677185 0.3096950650215149 0.9965485334396362 0.006375349126756191 -0.0827673077583313 3.1595752239227295
-0.08347209542989731 0.03092154860496521 -0.9960302114486694 -30.45388412475586 -0.003298836527392268 0.9995043277740479 0.031305860728025436 0.327265202999115 0.9965047240257263 0.005898906383663416 -0.0833287239074707 3.0883727073669434
-0.08376747369766235 0.03205298259854317 -0.9959697127342224 -31.29581642150879 -0.0047350190579891205 0.999458372592926 0.03256350755691528 0.34202662110328674 0.9964740872383118 0.00744369812309742 -0.08357031643390656 3.0109729766845703
-0.0830933228135109 0.03464936837553978 -0.9959391951560974 -32.122825622558594 -0.006788268685340881 0.9993525147438049 0.03533447906374931 0.3438705801963806 0.996518611907959 0.009696761146187782 -0.08280432224273682 2.9296441078186035
-0.08309862017631531 0.033066727221012115 -0.9959925413131714 -32.955318450927734 -0.007161757908761501 0.9994037747383118 0.03377750515937805 0.35770416259765625 0.9965155720710754 0.009939920157194138 -0.08281224966049194 2.856194496154785
-0.08266612142324448 0.027626346796751022 -0.9961943030357361 -33.79270935058594 -0.00802252721041441 0.9995648860931396 0.02838554047048092 0.37117940187454224 0.9965450763702393 0.010338518768548965 -0.08240851759910583 2.7763609886169434
-0.08245380222797394 0.023720892146229744 -0.9963125586509705 -34.6047248840332 -0.009176936000585556 0.9996562600135803 0.024559978395700455 0.3789341449737549 0.9965526461601257 0.011168157681822777 -0.08220777660608292 2.7082672119140625
-0.08227451145648956 0.024302419275045395 -0.9963133335113525 -35.44124221801758 -0.008648761548101902 0.9996476769447327 0.025097953155636787 0.3912159204483032 0.9965721964836121 0.010681798681616783 -0.08203532546758652 2.6417109966278076
-0.08126730471849442 0.02710029110312462 -0.996323823928833 -36.27946853637695 -0.0076548089273273945 0.9995837807655334 0.027813343331217766 0.3927033841609955 0.996662974357605 0.009886981919407845 -0.08102603256702423 2.559429883956909
-0.08077049255371094 0.03213440626859665 -0.9962145090103149 -37.10791015625 -0.007719645742326975 0.9994300007820129 0.03286401182413101 0.3993285894393921 0.9967028498649597 0.01034486573189497 -0.08047639578580856 2.487671375274658
-0.08013232052326202 0.037641581147909164 -0.9960732460021973 -37.9516716003418 -0.006500422488898039 0.9992457628250122 0.038284413516521454 0.4173393249511719 0.9967630505561829 0.009542716667056084 -0.0798272043466568 2.418144941329956
-0.08030308037996292 0.04091924801468849 -0.9959301948547363 -38.79083251953125 -0.00717157032340765 0.9991074204444885 0.04162803664803505 0.42918306589126587 0.996744692325592 0.010485243052244186 -0.07993794232606888 2.3456385135650635
-0.0796700268983841 0.04045413061976433 -0.9960000514984131 -39.614261627197266 -0.006455522030591965 0.9991342425346375 0.04109780490398407 0.4556851089000702 0.9968004822731018 0.009703963063657284 -0.0793399065732956 2.2707226276397705
-0.07980766147375107 0.036216866225004196 -0.9961521625518799 -40.42510223388672 -0.006825509015470743 0.9992964267730713 0.03687802702188492 0.4683120846748352 0.9967868328094482 0.009742393158376217 -0.07950430363416672 2.206291913986206
-0.07932375371456146 0.032125454396009445 -0.9963311553001404 -41.25430679321289 -0.007734518963843584 0.9994307160377502 0.03284118324518204 0.4828067123889923 0.9968188405036926 0.010311227291822433 -0.0790301039814949 2.1314697265625
-0.07929796725511551 0.029434794560074806 -0.9964162707328796 -42.073089599609375 -0.011980450712144375 0.999463677406311 0.030478255823254585 0.4917795956134796 0.9967789053916931 0.014354380778968334 -0.07890278100967407 2.055283308029175
-0.07977072894573212 0.027593962848186493 -0.9964312314987183 -42.88898468017578 -0.015485947020351887 0.9994619488716125 0.02891763672232628 0.5052742958068848 0.996692955493927 0.017737459391355515 -0.07930047065019608 1.9853579998016357
-0.08040472865104675 0.025457315146923065 -0.9964371919631958 -43.71047592163086 -0.013442566618323326 0.9995551705360413 0.026621688157320023 0.5179773569107056 0.9966716766357422 0.015535179525613785 -0.08002675324678421 1.9137921333312988
-0.08139695972204208 0.021929726004600525 -0.996440589427948 -44.5258903503418 -0.008939572609961033 0.9997015595436096 0.022731753066182137 0.520911455154419 0.9966416954994202 0.010758046060800552 -0.08117663860321045 1.8462798595428467
-0.08203649520874023 0.020796962082386017 -0.9964123368263245 -45.353179931640625 -0.004659786820411682 0.9997633099555969 0.02125054970383644 0.5266035199165344 0.9966184496879578 0.006386389955878258 -0.08192016929388046 1.7761441469192505
-0.08396948873996735 0.023943016305565834 -0.9961806535720825 -46.1738166809082 -0.004541795700788498 0.9996916055679321 0.02441023848950863 0.5365138053894043 0.9964579939842224 0.006574162747710943 -0.08383484929800034 1.7025604248046875
-0.08574400097131729 0.030640525743365288 -0.9958459138870239 -46.98325729370117 -0.0022904365323483944 0.9995182156562805 0.03095073066651821 0.5352545380592346 0.9963146448135376 0.004934759344905615 -0.08563251048326492 1.6296199560165405
-0.08732303977012634 0.03427939862012863 -0.995590090751648 -47.789093017578125 -7.4838512773567345e-06 0.9994077682495117 0.034411508589982986 0.5448650121688843 0.9961800575256348 0.0030123682226985693 -0.0872710645198822 1.5569101572036743
-0.08884964138269424 0.03331966698169708 -0.995487630367279 -48.59953308105469 -4.698703560279682e-05 0.9994402527809143 0.03345615789294243 0.5558264255523682 0.9960449934005737 0.0030193424317985773 -0.08879832923412323 1.4806126356124878
-0.09002895653247833 0.02939511649310589 -0.9955052733421326 -49.39643859863281 -0.0031793301459401846 0.9995507597923279 0.029802095144987106 0.5657186508178711 0.9959340691566467 0.005848091561347246 -0.08989505469799042 1.4010425806045532
-0.09099550545215607 0.025763876736164093 -0.9955179691314697 -50.19071578979492 -0.00810148473829031 0.9996131658554077 0.026610372588038445 0.5719934105873108 0.9958183169364929 0.010486597195267677 -0.09075157344341278 1.3128834962844849
-0.09232819080352783 0.02436630055308342 -0.9954304099082947 -50.98027801513672 -0.01225560624152422 0.9995970129966736 0.02560502476990223 0.5808141827583313 0.9956532120704651 0.014563671313226223 -0.09199235588312149 1.2275524139404297
-0.09336445480585098 0.02547210268676281 -0.995306134223938 -51.77846908569336 -0.013901013880968094 0.9995419383049011 0.02688448689877987 0.5870785713195801 0.9955349564552307 0.01634581759572029 -0.09296759963035583 1.1449975967407227
-0.09400437027215958 0.02703903056681156 -0.9952045679092407 -52.564353942871094 -0.01434439979493618 0.9994906187057495 0.028510410338640213 0.5918238162994385 0.9954684376716614 0.016955716535449028 -0.09356863051652908 1.0618581771850586
-0.09506258368492126 0.026538923382759094 -0.9951174259185791 -53.35663604736328 -0.015796074643731117 0.9994786381721497 0.028164206072688103 0.5997533798217773 0.9953458905220032 0.018396319821476936 -0.09459380060434341 0.9796199202537537
-0.09560069441795349 0.02649509161710739 -0.9950670599937439 -54.13653564453125 -0.01651368848979473 0.9994660019874573 0.028198760002851486 0.6064198613166809 0.995282769203186 0.019128048792481422 -0.09511210024356842 0.8970612287521362
-0.09615486115217209 0.028243673965334892 -0.9949655532836914 -54.915489196777344 -0.014908943325281143 0.999444305896759 0.02981163002550602 0.6147521734237671 0.9952546954154968 0.01770041696727276 -0.0956803411245346 0.8198599219322205
-0.09626279026269913 0.03099585697054863 -0.9948732256889343 -55.688514709472656 -0.014315416105091572 0.9993685483932495 0.03252105414867401 0.6269308924674988 0.9952529668807983 0.01737258955836296 -0.09575827419757843 0.7420426607131958
-0.09655331075191498 0.035262975841760635 -0.994702935218811 -56.4717903137207 -0.014072807505726814 0.9992239475250244 0.03678926080465317 0.6354477405548096 0.9952283501625061 0.0175503920763731 -0.0959821343421936 0.6593801379203796
-0.09698602557182312 0.03738963603973389 -0.9945831894874573 -57.23194122314453 -0.014653481543064117 0.9991321563720703 0.03898956626653671 0.6478078961372375 0.9951778054237366 0.01835555210709572 -0.09635396301746368 0.5814247131347656
-0.09780257195234299 0.03744669258594513 -0.9945010542869568 -57.98982620239258 -0.013964202255010605 0.9991418123245239 0.03899472951889038 0.6593228578567505 0.9951078295707703 0.017701199278235435 -0.09719572961330414 0.5049583911895752
-0.09821035712957382 0.035581011325120926 -0.9945294260978699 -58.729740142822266 -0.013421519659459591 0.9992223978042603 0.03707429766654968 0.6673780679702759 0.9950751662254333 0.016989173367619514 -0.09765644371509552 0.43223562836647034
-0.0982685536146164 0.03186197578907013 -0.9946497678756714 -59.46086502075195 -0.012977837584912777 0.9993612766265869 0.03329507261514664 0.6834128499031067 0.9950752854347229 0.016180260106921196 -0.09779227524995804 0.3529626429080963
-0.0977562665939331 0.028889097273349762 -0.9947909116744995 -60.19867706298828 -0.013582550920546055 0.9994467496871948 0.030359037220478058 0.6937776803970337 0.9951176643371582 0.01647959090769291 -0.09730980545282364 0.2679038941860199
-0.09671059995889664 0.026617910712957382 -0.9949564337730408 -60.9047737121582 -0.013999687507748604 0.9995070099830627 0.028100430965423584 0.7025312781333923 0.99521404504776 0.016646694391965866 -0.09629029035568237 0.1986612230539322
-0.09421288967132568 0.025905219838023186 -0.9952148795127869 -61.599430084228516 -0.016932141035795212 0.9994750618934631 0.027619007974863052 0.7054287195205688 0.9954081177711487 0.01945318840444088 -0.0937248095870018 0.12397672235965729
-0.08972712606191635 0.026807865127921104 -0.9956055283546448 -62.2899284362793 -0.016795260831713676 0.9994547367095947 0.028425151482224464 0.7121343612670898 0.9958248138427734 0.019271960482001305 -0.08922795951366425 0.05497408285737038
-0.08404138684272766 0.028859620913863182 -0.9960442781448364 -62.9490966796875 -0.016769839450716972 0.9993979334831238 0.030371753498911858 0.7110650539398193 0.9963210821151733 0.0192559864372015 -0.08350683003664017 0.00020621033036150038
-0.07701093703508377 0.02988550439476967 -0.9965822696685791 -63.601402282714844 -0.015394547022879124 0.9993957877159119 0.03115949220955372 0.7225643396377563 0.996911346912384 0.017741551622748375 -0.07650432735681534 -0.047508154064416885
-0.06806252151727676 0.031154345721006393 -0.9971945881843567 -64.23918151855469 -0.01664619892835617 0.9993377327919006 0.03235747665166855 0.7277060747146606 0.9975422024726868 0.01880182884633541 -0.0674988403916359 -0.09312716871500015
-0.05627625435590744 0.032888658344745636 -0.9978734254837036 -64.86407470703125 -0.018712470307946205 0.9992470145225525 0.03398924320936203 0.7354893684387207 0.9982398748397827 0.02058546431362629 -0.05561845004558563 -0.1321355402469635
-0.04131508246064186 0.03436711058020592 -0.9985550045967102 -65.46835327148438 -0.021760810166597366 0.9991402626037598 0.035287607461214066 0.7431226968765259 0.9989091157913208 0.023187272250652313 -0.040531713515520096 -0.1595301330089569
-0.0231157373636961 0.035438187420368195 -0.9991044998168945 -66.06884765625 -0.02278050407767296 0.9990933537483215 0.035964854061603546 0.7543591260910034 0.9994732737541199 0.023591456934809685 -0.022287478670477867 -0.16663633286952972
-0.0008072483469732106 0.03644227236509323 -0.9993354082107544 -66.61474609375 -0.024341663345694542 0.9990388751029968 0.036451127380132675 0.760447084903717 0.9997032880783081 0.02435491420328617 8.059319225139916e-05 -0.1598302274942398
0.024973293766379356 0.03697279840707779 -0.9990041255950928 -67.16015625 -0.023707639425992966 0.9990566372871399 0.036382097750902176 0.765265703201294 0.9994068741798401 0.022775448858737946 0.02582627721130848 -0.13488133251667023
0.05409673973917961 0.03624642640352249 -0.9978775978088379 -67.68413543701172 -0.022525625303387642 0.9991309642791748 0.03507079929113388 0.7759950757026672 0.9982815384864807 0.020580600947141647 0.05486620217561722 -0.08340473473072052
0.088301882147789 0.03618254140019417 -0.9954362511634827 -68.18695068359375 -0.021165039390325546 0.9991826415061951 0.034441228955984116 0.7822536826133728 0.9958688616752625 0.018027223646640778 0.08899550139904022 -0.01826048083603382
0.1254907101392746 0.036180172115564346 -0.9914348125457764 -68.6592788696289 -0.020571671426296234 0.9992148876190186 0.033860232681035995 0.7897897958755493 0.9918814897537231 0.016146330162882805 0.12613646686077118 0.07503765821456909
0.16696958243846893 0.036386195570230484 -0.9852903485298157 -69.10614013671875 -0.02097146213054657 0.9992237687110901 0.03334687650203705 0.7914610505104065 0.98573899269104 0.015095063485205173 0.16760306060314178 0.1594715267419815
0.212179034948349 0.037622153759002686 -0.9765063524246216 -69.50968933105469 -0.019535638391971588 0.9992222785949707 0.034252557903528214 0.7871561646461487 0.9770354628562927 0.011808999814093113 0.21274897456169128 0.2663020193576813
0.2610469162464142 0.03628429025411606 -0.9646439552307129 -69.9521484375 -0.016202395781874657 0.9993172883987427 0.033203884959220886 0.7897688746452332 0.9651901721954346 0.006961772218346596 0.26145654916763306 0.41257035732269287
0.3106794059276581 0.03132203221321106 -0.9499985575675964 -70.3591079711914 -0.008793361485004425 0.9995088577270508 0.030078710988163948 0.7894183993339539 0.9504740238189697 -0.0009911545785143971 0.3108021914958954 0.5960912704467773
0.36129072308540344 0.0255621075630188 -0.9321027994155884 -70.7467269897461 -0.0030636319424957037 0.999651312828064 0.026227081194519997 0.794856607913971 0.932448148727417 -0.006619978696107864 0.3612430691719055 0.7983064651489258
0.4130820035934448 0.02114425227046013 -0.9104483127593994 -71.1255874633789 0.0023604079615324736 0.9997022747993469 0.024288026615977287 0.793577253818512 0.9106908440589905 -0.012181976810097694 0.41290906071662903 1.0216292142868042
0.4642614424228668 0.020498821511864662 -0.8854609727859497 -71.50796508789062 0.0019553466700017452 0.9997060298919678 0.02416885830461979 0.8028320074081421 0.8856959939002991 -0.012952052988111973 0.4640848934650421 1.2558807134628296
0.513324499130249 0.019722433760762215 -0.8579679131507874 -71.86933135986328 0.0020038550719618797 0.9997055530548096 0.024179521948099136 0.8117237687110901 0.8581922650337219 -0.014131185598671436 0.5131338834762573 1.4927817583084106
0.5589487552642822 0.015201813541352749 -0.8290628790855408 -72.22399139404297 0.009753916412591934 0.9996421337127686 0.024905605241656303 0.8197986483573914 0.8291448950767517 -0.022007567808032036 0.5586004853248596 1.7741808891296387
0.6026670932769775 0.008322320878505707 -0.7979493141174316 -72.5422592163086 0.02032402716577053 0.9994611740112305 0.025774138048291206 0.8243396282196045 0.7977339625358582 -0.03175077214837074 0.6021732091903687 2.0799338817596436
0.6447504162788391 0.002873720834031701 -0.7643877863883972 -72.85209655761719 0.0220152847468853 0.9995082020759583 0.0223272442817688 0.8313265442848206 0.7640761733055115 -0.031223716214299202 0.6443701386451721 2.3969340324401855
0.685558021068573 -0.0018838354153558612 -0.728015661239624 -73.14225769042969 0.019710373133420944 0.9996781349182129 0.015974070876836777 0.8302117586135864 0.7277511954307556 -0.025300610810518265 0.68537437915802 2.7201948165893555
0.7268273234367371 -0.007100832648575306 -0.6867835521697998 -73.41939544677734 0.014529178850352764 0.9998817443847656 0.005038282368332148 0.8261029124259949 0.6866665482521057 -0.01364036276936531 0.7268445491790771 3.03635573387146
0.7659469842910767 -0.009783808141946793 -0.642829418182373 -73.68988800048828 0.00986661110073328 0.9999452829360962 -0.0034627732820808887 0.8305225372314453 0.6428280472755432 -0.0036902460269629955 0.7660016417503357 3.405346155166626
0.8029056787490845 -0.01078601274639368 -0.5960085391998291 -73.9462661743164 0.008441388607025146 0.9999417066574097 -0.006724310107529163 0.8332784175872803 0.5960463881492615 0.0003678474167827517 0.8029499650001526 3.79789400100708
0.8368771076202393 -0.012350711040198803 -0.5472514629364014 -74.19886779785156 0.009283150546252728 0.9999217987060547 -0.008370724506676197 0.8301632404327393 0.5473120808601379 0.0019250503974035382 0.8369264006614685 4.2339887619018555
0.8675884008407593 -0.010199771262705326 -0.4971783757209778 -74.44707489013672 0.005815878510475159 0.9999293088912964 -0.010365018621087074 0.8191981911659241 0.49724891781806946 0.006101040635257959 0.8675864338874817 4.6933465003967285
0.8934047818183899 -0.0088430717587471 -0.4491655230522156 -74.6553955078125 0.005330957006663084 0.9999444484710693 -0.009083240292966366 0.8082526326179504 0.4492209255695343 0.005720528308302164 0.8934023976325989 5.169904708862305
0.9142835140228271 -0.002799487207084894 -0.4050653576850891 -74.8449478149414 -0.00046429896610789 0.9999681711196899 -0.007958963513374329 0.7969263792037964 0.40507474541664124 0.007464820984750986 0.9142531156539917 5.668753623962402
0.9316919445991516 0.0017823090311139822 -0.3632451593875885 -75.03009796142578 -0.005616889335215092 0.9999390840530396 -0.009500501677393913 0.789243221282959 0.36320608854293823 0.010891848243772984 0.9316450953483582 6.183109760284424
0.9451884031295776 0.007180484477430582 -0.3264463245868683 -75.21773529052734 -0.010428028181195259 0.9999121427536011 -0.008199210278689861 0.7822012901306152 0.32635870575904846 0.0111539913341403 0.9451801776885986 6.713726043701172
0.9550590515136719 0.007792185992002487 -0.29631301760673523 -75.37315368652344 -0.010193640366196632 0.9999265670776367 -0.006560350768268108 0.7727861404418945 0.2962401509284973 0.009286031126976013 0.9550684094429016 7.2786383628845215
0.962252676486969 0.00691984873265028 -0.27206963300704956 -75.52339172363281 -0.008580397814512253 0.9999511241912842 -0.004914183169603348 0.7615321278572083 0.2720223069190979 0.007063151802867651 0.9622650146484375 7.865861892700195
0.9680237770080566 0.007393752224743366 -0.2507494390010834 -75.67489624023438 -0.008353146724402905 0.9999611973762512 -0.0027620333712548018 0.7500883340835571 0.250719279050827 0.0047682588919997215 0.9680480360984802 8.475698471069336
0.9725721478462219 0.010125081986188889 -0.2323809117078781 -75.8213882446289 -0.010486705228686333 0.9999449849128723 -0.00032082005054689944 0.7472541332244873 0.23236487805843353 0.0027489308267831802 0.9726247787475586 9.09233283996582
0.9760981798171997 0.014682791195809841 -0.21683365106582642 -75.96637725830078 -0.014824515208601952 0.9998896718025208 0.0009730532765388489 0.7447649836540222 0.216824010014534 0.002264658221974969 0.9762080907821655 9.72782039642334
0.9788203239440918 0.018346339464187622 -0.20389729738235474 -76.09497833251953 -0.018156815320253372 0.9998313188552856 0.0028003372717648745 0.7342601418495178 0.20391428470611572 0.0009610990528017282 0.9789882898330688 10.37247085571289
0.9815275073051453 0.017074517905712128 -0.19055764377117157 -76.2236099243164 -0.016888290643692017 0.9998540878295898 0.0026013199239969254 0.7247756719589233 0.19057424366474152 0.0006649263668805361 0.9816725254058838 11.038069725036621
0.9840855598449707 0.01758396066725254 -0.17682315409183502 -76.34227752685547 -0.01751682348549366 0.9998447299003601 0.0019407912623137236 0.7187429666519165 0.17682980000972748 0.0011874749325215816 0.984240710735321 11.719157218933105
0.9866374731063843 0.018304597586393356 -0.16189946234226227 -76.47494506835938 -0.01818561740219593 0.9998320937156677 0.0022169097792357206 0.7194128632545471 0.16191285848617554 0.0007569551817141473 0.9868047833442688 12.444433212280273
0.9888054132461548 0.01970401220023632 -0.1479036808013916 -76.57600402832031 -0.019606636837124825 0.9998054504394531 0.002116449875757098 0.7206907272338867 0.14791661500930786 0.0008071360643953085 0.9889995455741882 13.153128623962402
0.9906302690505981 0.019918005913496017 -0.13511106371879578 -76.6747817993164 -0.020135192200541496 0.9997971057891846 -0.00024099812435451895 0.7056483030319214 0.13507884740829468 0.0029592274222522974 0.9908304810523987 13.8720064163208
0.992076575756073 0.020005065947771072 -0.12403151392936707 -76.76697540283203 -0.020803377032279968 0.9997702836990356 -0.005144406110048294 0.690496563911438 0.12390007823705673 0.007683918811380863 0.992264986038208 14.607003211975098
0.9932600855827332 0.01999274641275406 -0.11416954547166824 -76.85541534423828 -0.021454744040966034 0.9997025728225708 -0.011590995825827122 0.6749183535575867 0.11390384286642075 0.013962352648377419 0.9933936595916748 15.344778060913086
0.9941501617431641 0.018778067082166672 -0.10636189579963684 -76.95040893554688 -0.0201359074562788 0.9997288584709167 -0.011706650257110596 0.6639187932014465 0.10611322522163391 0.01377986278384924 0.9942585229873657 16.133487701416016
0.9948636889457703 0.02058197744190693 -0.0991097092628479 -77.03641510009766 -0.021235335618257523 0.9997591376304626 -0.005541754420846701 0.6504008173942566 0.09897179156541824 0.0076179178431630135 0.9950610399246216 16.899755477905273
0.9952382445335388 0.024969052523374557 -0.09421950578689575 -77.11515808105469 -0.02483457140624523 0.9996882677078247 0.0025997876655310392 0.6346223950386047 0.09425505250692368 -0.00024750555166974664 0.9955480694770813 17.66737174987793
0.9955793023109436 0.025648316368460655 -0.09035511314868927 -77.1766128540039 -0.025170736014842987 0.9996626377105713 0.006421316415071487 0.6201712489128113 0.09048932790756226 -0.004118621349334717 0.9958889484405518 18.425338745117188
0.9959566593170166 0.024756085127592087 -0.08635617792606354 -77.26017761230469 -0.024374457076191902 0.9996880292892456 0.005471012555062771 0.6104451417922974 0.08646468073129654 -0.0033440059050917625 0.9962493181228638 19.193235397338867
0.996239185333252 0.02385012060403824 -0.08329875767230988 -77.33448791503906 -0.023613516241312027 0.9997139573097229 0.0038246391341090202 0.6086394786834717 0.08336614817380905 -0.0018432789947837591 0.9965173006057739 19.98006248474121
