1.0 6.5996250668831635e-06 -3.204262975486927e-05 6.977350858505815e-05 -6.599670541618252e-06 1.0 -1.4193628885550424e-06 -1.1533746828717995e-06 3.204262247891165e-05 1.4195743460732047e-06 1.0 1.9431874534348026e-05
0.99997878074646 0.0004180875257588923 -0.006508525926619768 -0.008041449822485447 -0.00041552455513738096 0.9999998211860657 0.000395136303268373 -0.001918503548949957 0.0065086898393929005 -0.0003924234479200095 0.99997878074646 0.09157395362854004
0.9999070167541504 0.0009414800442755222 -0.013604418374598026 -0.016417188569903374 -0.0009392781066708267 0.9999995231628418 0.0001682437869021669 -0.0019337448757141829 0.013604570180177689 -0.0001554498157929629 0.9999074339866638 0.18837673962116241
0.9997717142105103 0.001387202413752675 -0.021323759108781815 -0.025919806212186813 -0.0013996498892083764 0.9999988675117493 -0.0005688235396519303 -0.002011147327721119 0.02132294699549675 0.0005985394818708301 0.9997724890708923 0.2853608727455139
0.9995408654212952 0.0017257060389965773 -0.030251730233430862 -0.042934600263834 -0.001786674722097814 0.9999964237213135 -0.001988461473956704 -0.0018001775024458766 0.030248191207647324 0.0020415987819433212 0.9995403289794922 0.3905712366104126
0.9991239309310913 0.0019358564168214798 -0.041806235909461975 -0.05867769569158554 -0.002080832375213504 0.9999920129776001 -0.0034245692659169436 -0.004998311400413513 0.04179926961660385 0.003508560359477997 0.9991198182106018 0.5009965300559998
0.9984771609306335 0.0017438940703868866 -0.05513893440365791 -0.08403085172176361 -0.0019694287329912186 0.999989926815033 -0.004036227706819773 -0.008047955110669136 0.05513134226202965 0.004138673655688763 0.9984705448150635 0.6257832646369934
0.9974251389503479 0.001837688498198986 -0.07169182598590851 -0.10839187353849411 -0.0021635631565004587 0.9999877214431763 -0.00446810619905591 -0.003728894516825676 0.07168272137641907 0.0046117110177874565 0.9974167943000793 0.7612249255180359
0.9959021806716919 0.000232361548114568 -0.09043654799461365 -0.13442091643810272 -0.0006131427362561226 0.9999910593032837 -0.004182720556855202 -0.008973962627351284 0.09043476730585098 0.004221030510962009 0.9958934187889099 0.9169718623161316
0.9939096570014954 -0.0007202484412118793 -0.11019586026668549 -0.17599935829639435 0.00023964035790413618 0.9999904036521912 -0.0043745809234678745 -0.012442061677575111 0.11019796133041382 0.00432153046131134 0.9939002990722656 1.0753238201141357
0.9912803769111633 -0.0007679042173549533 -0.1317671686410904 -0.22300639748573303 0.00021175685105845332 0.9999909400939941 -0.004234644118696451 -0.020079925656318665 0.13176923990249634 0.004169816616922617 0.9912716746330261 1.22869074344635
0.987798810005188 0.002815045416355133 -0.15570992231369019 -0.27935972809791565 -0.003744428511708975 0.9999768733978271 -0.005675693042576313 -0.02407587692141533 0.15569034218788147 0.006189487408846617 0.9877865314483643 1.3960739374160767
0.9834263920783997 0.007223882712423801 -0.18116380274295807 -0.34578442573547363 -0.008647223934531212 0.9999375939369202 -0.007068061735481024 -0.030636217445135117 0.18110142648220062 0.008517483249306679 0.9834276437759399 1.5711133480072021
0.9780534505844116 0.010157207027077675 -0.2081066519021988 -0.4189198613166809 -0.012109058909118176 0.9998937845230103 -0.008107268251478672 -0.033973924815654755 0.2080022096633911 0.01044931635260582 0.9780725836753845 1.75267493724823
0.9713723063468933 0.010805165395140648 -0.23731671273708344 -0.49716976284980774 -0.013190016150474548 0.9998772144317627 -0.008463689126074314 -0.03480876609683037 0.23719610273838043 0.011351604014635086 0.9713954925537109 1.9388318061828613
0.9633321166038513 0.012706933543086052 -0.26801079511642456 -0.5869935154914856 -0.01537921279668808 0.9998507499694824 -0.007873760536313057 -0.03920353204011917 0.2678707540035248 0.011706841178238392 0.9633837342262268 2.136094570159912
0.9538789987564087 0.014646477065980434 -0.29983359575271606 -0.6784876585006714 -0.017486518248915672 0.999824047088623 -0.006790846586227417 -0.042916543781757355 0.29968133568763733 0.011720692738890648 0.9539673328399658 2.3171262741088867
0.9426345825195312 0.016503335908055305 -0.3334181606769562 -0.7796375751495361 -0.0195393618196249 0.9997926354408264 -0.005754232406616211 -0.04275765269994736 0.33325400948524475 0.011938917450606823 0.9427614212036133 2.507302761077881
0.9300886988639832 0.018689371645450592 -0.36685919761657715 -0.8816024661064148 -0.022071175277233124 0.9997438788414001 -0.005025270860642195 -0.048286259174346924 0.3666713237762451 0.012770961970090866 0.9302629232406616 2.6851093769073486
0.9162248373031616 0.021527878940105438 -0.4000855088233948 -1.0009187459945679 -0.025426451116800308 0.9996668696403503 -0.004438157193362713 -0.048724010586738586 0.39985668659210205 0.014239107258617878 0.916467010974884 2.865013837814331
0.9001696109771729 0.022236909717321396 -0.4349714517593384 -1.1138291358947754 -0.02650025673210621 0.9996418952941895 -0.0037376678083091974 -0.05019295588135719 0.4347325563430786 0.014891390688717365 0.9004364609718323 3.0337846279144287
0.8817935585975647 0.018095867708325386 -0.47128838300704956 -1.2399299144744873 -0.02273537963628769 0.9997329711914062 -0.004152178764343262 -0.05274904519319534 0.47108733654022217 0.014376283623278141 0.8819693922996521 3.21315336227417
0.8607912063598633 0.013720818795263767 -0.508773148059845 -1.3838274478912354 -0.018447667360305786 0.9998208284378052 -0.0042479257099330425 -0.058077894151210785 0.5086236596107483 0.013042254373431206 0.8608901500701904 3.3933215141296387
0.8357688784599304 0.015317152254283428 -0.5488677620887756 -1.5455271005630493 -0.0190702136605978 0.9998176097869873 -0.0011367667466402054 -0.060537900775671005 0.5487501621246338 0.011417100206017494 0.8359084725379944 3.5744521617889404
0.8066037893295288 0.0208833497017622 -0.5907233357429504 -1.7233755588531494 -0.02363041788339615 0.99971604347229 0.0030759479850530624 -0.06764178723096848 0.5906197428703308 0.011477969586849213 0.8068682551383972 3.7415149211883545
0.7740848064422607 0.024137211963534355 -0.6326215267181396 -1.9238324165344238 -0.027118349447846413 0.9996199011802673 0.004957363475114107 -0.0701863244175911 0.6325007677078247 0.01331823505461216 0.7744451761245728 3.914095163345337
0.7383684515953064 0.022961992770433426 -0.6740065217018127 -2.1314427852630615 -0.026011032983660698 0.9996463060379028 0.0055609880946576595 -0.07008446753025055 0.6738957166671753 0.013425550423562527 0.7387044429779053 4.0729498863220215
0.698326051235199 0.01860063336789608 -0.7155380845069885 -2.3486404418945312 -0.019956564530730247 0.9997795820236206 0.006513066589832306 -0.06738381832838058 0.7155015468597412 0.00973143707960844 0.6985432505607605 4.2421979904174805
0.655433714389801 0.014850521460175514 -0.7551066875457764 -2.5867929458618164 -0.014462838880717754 0.9998700618743896 0.007110463455319405 -0.06641227006912231 0.7551141977310181 0.006260547321289778 0.6555632948875427 4.405994415283203
0.6118273138999939 0.014413039200007915 -0.7908600568771362 -2.8516716957092285 -0.011788242496550083 0.9998890161514282 0.009102839976549149 -0.06627324223518372 0.7909035086631775 0.003753485158085823 0.6119293570518494 4.540581703186035
0.5634135007858276 0.014976587146520615 -0.8260393142700195 -3.128861904144287 -0.00937536172568798 0.9998871684074402 0.01173393800854683 -0.0626772791147232 0.8261218070983887 0.0011333600850775838 0.5634903311729431 4.680938243865967
0.5122595429420471 0.015488683246076107 -0.8586911559104919 -3.4252233505249023 -0.007456604856997728 0.9998798370361328 0.013587083667516708 -0.05801009386777878 0.8587983250617981 -0.0005571926012635231 0.5123135447502136 4.808759689331055
0.460241436958313 0.016670022159814835 -0.8876372575759888 -3.729884624481201 -0.007115622982382774 0.9998608231544495 0.015088144689798355 -0.04795346409082413 0.8877652883529663 -0.0006280963425524533 0.46029600501060486 4.904213905334473
0.40556609630584717 0.018876049667596817 -0.9138708114624023 -4.063014030456543 -0.005728811025619507 0.9998195767402649 0.018108943477272987 -0.046006157994270325 0.9140477776527405 -0.0021089790388941765 0.40560102462768555 5.001968860626221
0.34998154640197754 0.020708199590444565 -0.936527669429779 -4.417253494262695 -0.0055023664608597755 0.9997836947441101 0.020050659775733948 -0.03774562478065491 0.9367404580116272 -0.0018642419017851353 0.35001981258392334 5.089493274688721
0.2945951521396637 0.02396300435066223 -0.9553216695785522 -4.792819023132324 -0.002797202905640006 0.9997028112411499 0.024213671684265137 -0.03421139717102051 0.9556180834770203 -0.004460999742150307 0.2945746183395386 5.163780212402344
0.24101541936397552 0.025546684861183167 -0.9701849818229675 -5.13447904586792 0.002151821507140994 0.9996369481086731 0.026856767013669014 -0.03504540026187897 0.9705188870429993 -0.008560559712350368 0.24087294936180115 5.21796989440918
0.19013945758342743 0.025956377387046814 -0.9814139008522034 -5.522641181945801 0.004288121126592159 0.9996188282966614 0.02726864628493786 -0.02953760325908661 0.9817477464675903 -0.009393265470862389 0.18995565176010132 5.252810955047607
0.1425277590751648 0.027127385139465332 -0.9894190430641174 -5.934170246124268 0.001725560985505581 0.9996160268783569 0.027655530720949173 -0.02382892370223999 0.9897893071174622 -0.005648983642458916 0.14242622256278992 5.2731852531433105
0.10024787485599518 0.02754458412528038 -0.9945811629295349 -6.359897613525391 -0.0003989618271589279 0.9996176958084106 0.02764386124908924 -0.012991920113563538 0.9949624538421631 -0.002374437637627125 0.10022054612636566 5.271769046783447
0.062413349747657776 0.025997141376137733 -0.9977117776870728 -6.801456928253174 -0.0009685913100838661 0.9996617436408997 0.02598736062645912 -0.006396979093551636 0.9980499744415283 -0.0006555835716426373 0.0624174028635025 5.262310981750488
0.02798449993133545 0.02312755398452282 -0.9993407726287842 -7.272561550140381 0.0004411115078255534 0.9997319579124451 0.02314896322786808 0.0013509094715118408 0.9996082782745361 -0.0010886328527703881 0.02796679548919201 5.2629618644714355
-0.0031762011349201202 0.020488472655415535 -0.9997850060462952 -7.747720241546631 0.0006943709449842572 0.9997899532318115 0.020486367866396904 0.005995452404022217 0.9999947547912598 -0.0006291529862210155 -0.0031897611916065216 5.2337141036987305
-0.030110104009509087 0.01862029917538166 -0.9993731379508972 -8.24360179901123 0.00034811266232281923 0.9998266100883484 0.01861826330423355 0.013274431228637695 0.9995465278625488 0.00021270336583256721 -0.03011137619614601 5.200441837310791
-0.0504489466547966 0.016158636659383774 -0.9985959529876709 -8.747733116149902 -0.0005014260532334447 0.999868631362915 0.01620456390082836 0.024329006671905518 0.998726487159729 0.001318225171416998 -0.05043422430753708 5.148515224456787
-0.06709496676921844 0.015272910706698895 -0.997629702091217 -9.261658668518066 0.00042461667908355594 0.9998831748962402 0.015278852544724941 0.03347527235746384 0.9977465271949768 0.0006015239050611854 -0.06709359586238861 5.110653877258301
-0.0801195427775383 0.015563173219561577 -0.9966637492179871 -9.799638748168945 0.0007186630973592401 0.9998787641525269 0.015555604360997677 0.04248087853193283 0.996785044670105 0.0005300425109453499 -0.0801210030913353 5.056370258331299
-0.08965575695037842 0.017069244757294655 -0.9958264827728271 -10.357537269592285 0.0008028733427636325 0.9998540282249451 0.017065994441509247 0.04473758488893509 0.9959725141525269 0.0007305418257601559 -0.08965636789798737 4.996543884277344
-0.0965331643819809 0.01820043846964836 -0.9951633214950562 -10.934272766113281 -0.00134903599973768 0.9998294115066528 0.018416643142700195 0.043038979172706604 0.9953288435935974 0.003120327601209283 -0.09649215638637543 4.931514263153076
-0.10099872946739197 0.019236257299780846 -0.9947004914283752 -11.525540351867676 -0.0011474094353616238 0.9998101592063904 0.019451577216386795 0.048995181918144226 0.9948858618736267 0.0031059137545526028 -0.100957490503788 4.864765644073486
-0.10240049660205841 0.019973406568169594 -0.99454265832901 -12.132439613342285 0.0009621273493394256 0.9997999668121338 0.019979922100901604 0.060390323400497437 0.9947428107261658 0.0010890774428844452 -0.10239923000335693 4.79970121383667
-0.10149179399013519 0.022187763825058937 -0.9945889115333557 -12.751054763793945 0.0029232630040496588 0.9997535943984985 0.022004682570695877 0.06450387835502625 0.9948320388793945 -0.000674150069244206 -0.10153166949748993 4.741066932678223
-0.0996968075633049 0.024612683802843094 -0.9947133660316467 -13.40920639038086 0.001995560945942998 0.9996969699859619 0.02453598380088806 0.07326863706111908 0.9950158596038818 0.00046114815631881356 -0.09971573948860168 4.666077613830566
-0.09811336547136307 0.024620838463306427 -0.994870662689209 -14.06271743774414 -0.00020919318194501102 0.9996933937072754 0.02476082369685173 0.07990238070487976 0.9951751828193665 0.002637487603351474 -0.09807813167572021 4.597784042358398
-0.09632989764213562 0.022228211164474487 -0.995101273059845 -14.726086616516113 -0.0016034615691751242 0.9997458457946777 0.022487184032797813 0.09027835726737976 0.9953481554985046 0.0037617948837578297 -0.09626979380846024 4.529377460479736
-0.09505929797887802 0.021915938705205917 -0.9952303767204285 -15.408018112182617 -0.0022267650347203016 0.9997504949569702 0.022228162735700607 0.10213787853717804 0.9954691529273987 0.0043291375041007996 -0.09498678892850876 4.458770751953125
-0.09345780313014984 0.02451138198375702 -0.9953214526176453 -16.102684020996094 -0.0021498296409845352 0.999689519405365 0.02482081949710846 0.11386942863464355 0.9956209063529968 0.004459471441805363 -0.09337610006332397 4.392970561981201
-0.09146478027105331 0.028146589174866676 -0.9954104423522949 -16.82504653930664 -0.0033222921192646027 0.999586284160614 0.028569936752319336 0.12347659468650818 0.9958027601242065 0.005920187570154667 -0.09133342653512955 4.319860458374023
-0.08997918665409088 0.030144449323415756 -0.9954873323440552 -17.55269432067871 -0.003058234229683876 0.9995287656784058 0.03054325096309185 0.13566309213638306 0.9959388971328735 0.005792691372334957 -0.08984458446502686 4.253873348236084
-0.08824409544467926 0.02933674305677414 -0.9956668019294739 -18.290281295776367 -0.005323455203324556 0.9995379447937012 0.029922615736722946 0.1509588360786438 0.9960846304893494 0.007940881885588169 -0.08804716914892197 4.183054447174072
-0.08621994405984879 0.026596467941999435 -0.9959210753440857 -19.04854965209961 -0.007639337796717882 0.9995965361595154 0.02735598385334015 0.16123095154762268 0.9962467551231384 0.009966807439923286 -0.08598198741674423 4.10551643371582
-0.08461829274892807 0.025997154414653778 -0.9960742592811584 -19.823108673095703 -0.008587506599724293 0.9996033906936646 0.026818785816431046 0.17686784267425537 0.9963764548301697 0.010823153890669346 -0.0843614712357521 4.031284809112549
-0.08324729651212692 0.028169529512524605 -0.9961307644844055 -20.603309631347656 -0.006137209944427013 0.999566912651062 0.028779592365026474 0.19356590509414673 0.9965099692344666 0.008509285748004913 -0.08303835988044739 3.9656434059143066
-0.08195370435714722 0.03044414147734642 -0.9961710572242737 -21.40125274658203 -0.00404397863894701 0.9995149374008179 0.030879024416208267 0.20466074347496033 0.9966279864311218 0.006559143308550119 -0.08179084211587906 3.899796962738037
-0.08041968941688538 0.03218016028404236 -0.996241569519043 -22.188196182250977 -0.00326555036008358 0.9994648098945618 0.032547883689403534 0.21873635053634644 0.9967557191848755 0.0058707669377326965 -0.08027155697345734 3.821298122406006
-0.07988671958446503 0.02744547836482525 -0.9964260458946228 -22.984275817871094 -0.003267834195867181 0.9996083974838257 0.02779512293636799 0.225547194480896 0.9967986941337585 0.005476615857332945 -0.07976572215557098 3.7592997550964355
-0.07921288907527924 0.020555008202791214 -0.9966457486152649 -23.792383193969727 -0.001975762890651822 0.999782145023346 0.02077672630548477 0.23440274596214294 0.9968557953834534 0.003614920424297452 -0.07915502786636353 3.6887025833129883
-0.07957831770181656 0.015864398330450058 -0.9967023730278015 -24.614957809448242 0.001195993390865624 0.9998741745948792 0.01581939309835434 0.2473537027835846 0.9968279004096985 6.68306602165103e-05 -0.07958728820085526 3.625739574432373
-0.08020633459091187 0.016543736681342125 -0.9966410398483276 -25.453344345092773 0.0023784858640283346 0.9998626112937927 0.016405805945396423 0.25661832094192505 0.9967755079269409 -0.0010546472622081637 -0.08023466914892197 3.5566396713256836
-0.08019763231277466 0.024319281801581383 -0.996482253074646 -26.287246704101562 0.001656086416915059 0.9997041821479797 0.024264633655548096 0.25738099217414856 0.9967775344848633 0.00029570452170446515 -0.08021419495344162 3.4811489582061768
-0.08047442138195038 0.03134816512465477 -0.9962635636329651 -27.120677947998047 8.65504625835456e-05 0.9995055198669434 0.03144318237900734 0.2665836215019226 0.9967566728591919 0.002444145269691944 -0.08043735474348068 3.408961772918701
-0.08107003569602966 0.03701508417725563 -0.9960209131240845 -27.966442108154297 -0.0017730073304846883 0.9993032217025757 0.037281379103660583 0.2761862874031067 0.9967068433761597 0.004788354970514774 -0.08094792813062668 3.3366358280181885
-0.08104410022497177 0.03752117604017258 -0.9960039258003235 -28.806554794311523 -0.003601577365770936 0.9992735981941223 0.03793740272521973 0.28502899408340454 0.9967039823532104 0.006661788560450077 -0.08085010200738907 3.2544777393341064
-0.08143104612827301 0.033623166382312775 -0.9961116909980774 -29.642248153686523 -0.003521085251122713 0.99941486120224 0.034022510051727295 0.30406349897384644 0.9966727495193481 0.00627788295969367 -0.08126500248908997 3.1831107139587402
-0.0812981054186821 0.03054007887840271 -0.9962217807769775 -30.477886199951172 -0.0036754929460585117 0.9995144009590149 0.030940959230065346 0.3245928883552551 0.9966830611228943 0.006177047733217478 -0.08114638924598694 3.099902391433716
-0.08159728348255157 0.0321522131562233 -0.9961466193199158 -31.310680389404297 -0.005024195183068514 0.9994535446166992 0.03267049789428711 0.3362298011779785 0.9966526627540588 0.007670659571886063 -0.08139114826917648 3.028247117996216
-0.0818110778927803 0.03468750789761543 -0.9960439801216125 -32.15433883666992 -0.005957395303994417 0.9993593096733093 0.03529227897524834 0.3454316258430481 0.9966299533843994 0.008821127004921436 -0.08155200630426407 2.9578917026519775
-0.08145436644554138 0.03318190574645996 -0.9961245656013489 -32.97834777832031 -0.007220402825623751 0.999399721622467 0.033881425857543945 0.35162651538848877 0.9966508746147156 0.009952210821211338 -0.08116587996482849 2.8810982704162598
-0.08126431703567505 0.027901140972971916 -0.9963020086288452 -33.80317687988281 -0.007772867567837238 0.9995599389076233 0.02862638048827648 0.3648391366004944 0.9966623187065125 0.010070428252220154 -0.08101167529821396 2.812739849090576
-0.08095695078372955 0.023635368794202805 -0.9964373111724854 -34.63827896118164 -0.009382877498865128 0.9996564388275146 0.024474050849676132 0.37789368629455566 0.9966734647750854 0.011330792680382729 -0.0807073637843132 2.7345547676086426
-0.08030293136835098 0.02467523142695427 -0.9964650273323059 -35.45823669433594 -0.009096109308302402 0.9996337294578552 0.02548673190176487 0.380307674407959 0.9967290163040161 0.011110614985227585 -0.080049067735672 2.6640963554382324
-0.07974588871002197 0.027181711047887802 -0.9964445233345032 -36.28662109375 -0.00776386633515358 0.9995809197425842 0.02788860909640789 0.3873109817504883 0.996785044670105 0.009960263036191463 -0.07950141280889511 2.5961344242095947
-0.07915898412466049 0.03213021904230118 -0.9963440299034119 -37.13256072998047 -0.00760291563346982 0.999431848526001 0.03283384069800377 0.39887934923171997 0.9968330264091492 0.010174212977290154 -0.07886971533298492 2.5195047855377197
-0.07856211811304092 0.0374315045773983 -0.9962062835693359 -37.97037124633789 -0.007181609980762005 0.9992476105690002 0.03811213746666908 0.4186394214630127 0.9968833923339844 0.010148534551262856 -0.07823419570922852 2.4528369903564453
-0.07868920266628265 0.04079560190439224 -0.9960641264915466 -38.79959487915039 -0.007547722663730383 0.9991093277931213 0.04151660203933716 0.429906964302063 0.9968706369400024 0.010784924030303955 -0.07831119745969772 2.380598545074463
-0.07853782922029495 0.0407731719315052 -0.9960770010948181 -39.63019561767578 -0.006815658416599035 0.9991179704666138 0.04143505170941353 0.45014071464538574 0.9968878626823425 0.010043138638138771 -0.07819066941738129 2.313931941986084
-0.07844460755586624 0.03629787638783455 -0.9962575435638428 -40.45338439941406 -0.007258080877363682 0.9992896914482117 0.036979854106903076 0.4700016975402832 0.9968920946121216 0.010131786577403545 -0.07812543213367462 2.245452880859375
-0.0777445062994957 0.03206964582204819 -0.9964573979377747 -41.281227111816406 -0.008180552162230015 0.999428391456604 0.03280351683497429 0.48358529806137085 0.9969397187232971 0.010701864957809448 -0.07743769884109497 2.1662955284118652
-0.07767955958843231 0.02973029762506485 -0.996535062789917 -42.106903076171875 -0.012515537440776825 0.9994474649429321 0.03079277276992798 0.4907063841819763 0.9968997836112976 0.014864140190184116 -0.07726453989744186 2.0926008224487305
-0.07810874283313751 0.027657045051455498 -0.9965611696243286 -42.9221076965332 -0.01609494350850582 0.9994498491287231 0.028998712077736855 0.5040310621261597 0.9968149065971375 0.018304647877812386 -0.07762061804533005 2.020108461380005
-0.07873496413230896 0.02558860182762146 -0.9965671896934509 -43.74045181274414 -0.013959625735878944 0.9995442628860474 0.02676793932914734 0.514082133769989 0.9967978000640869 0.016019277274608612 -0.07834187150001526 1.9509837627410889
-0.0798943042755127 0.02198288030922413 -0.9965609312057495 -44.56791305541992 -0.010495511814951897 0.9996829032897949 0.02289316989481449 0.5191066265106201 0.9967480897903442 0.012288450263440609 -0.07963825762271881 1.8848023414611816
-0.08056371659040451 0.020628947764635086 -0.9965359568595886 -45.384315490722656 -0.005541786085814238 0.9997610449790955 0.021143727004528046 0.5305815935134888 0.9967340230941772 0.0072260042652487755 -0.08043013513088226 1.8200411796569824
-0.08232593536376953 0.023936644196510315 -0.9963179230690002 -46.199119567871094 -0.006004673428833485 0.9996814727783203 0.024513620883226395 0.5351977944374084 0.996587336063385 0.008000671863555908 -0.08215596526861191 1.7444846630096436
-0.08402255177497864 0.030354266986250877 -0.9960013628005981 -47.01490020751953 -0.00396369956433773 0.9995177984237671 0.030795810744166374 0.5378245115280151 0.9964559674263 0.0065353927202522755 -0.08386171609163284 1.6771020889282227
-0.08585203438997269 0.034064214676618576 -0.9957254528999329 -47.83658981323242 -0.002039405982941389 0.9994072318077087 0.03436601161956787 0.5489616394042969 0.9963058233261108 0.004981080070137978 -0.08573167771100998 1.604210376739502
-0.08756183832883835 0.03321593254804611 -0.9956051111221313 -48.64966583251953 -0.00195849291048944 0.9994362592697144 0.033515989780426025 0.5569236278533936 0.996157169342041 0.004884607158601284 -0.08744742721319199 1.5312738418579102
-0.08845503628253937 0.029200846329331398 -0.9956520795822144 -49.4510498046875 -0.005199466831982136 0.9995431303977966 0.029776887968182564 0.5668959021568298 0.996066689491272 0.0078107742592692375 -0.08826278150081635 1.4467949867248535
-0.08931466192007065 0.02547721564769745 -0.995677649974823 -50.240150451660156 -0.010461249388754368 0.9995936155319214 0.026515822857618332 0.5756883025169373 0.9959485530853271 0.012784282676875591 -0.08901184797286987 1.3586125373840332
-0.09078352898359299 0.024386022239923477 -0.995572030544281 -51.026947021484375 -0.014172700233757496 0.9995672702789307 0.025776254013180733 0.5792118310928345 0.9957697987556458 0.016450002789497375 -0.0903986319899559 1.27783203125
-0.09195908904075623 0.02531256526708603 -0.9954410195350647 -51.82457733154297 -0.01579739712178707 0.9995139241218567 0.026875505223870277 0.5872740745544434 0.9956374168395996 0.018196824938058853 -0.09151453524827957 1.1969542503356934
-0.0927790105342865 0.02701839990913868 -0.9953200817108154 -52.612979888916016 -0.01612548902630806 0.999459981918335 0.02863391675055027 0.5913869142532349 0.995556116104126 0.018706651404500008 -0.09229320287704468 1.1168131828308105
-0.09358396381139755 0.026608776301145554 -0.9952557682991028 -53.3958740234375 -0.017974214628338814 0.9994346499443054 0.028410620987415314 0.5966171026229858 0.9954491257667542 0.020547717809677124 -0.09305279701948166 1.035534381866455
-0.09419979900121689 0.026375312358140945 -0.9952039122581482 -54.17694091796875 -0.01854545809328556 0.9994290471076965 0.02824268490076065 0.6048023700714111 0.9953805804252625 0.021116968244314194 -0.09365689009428024 0.9537229537963867
-0.09469413757324219 0.02828281559050083 -0.9951045513153076 -54.947486877441406 -0.017041729763150215 0.9994037747383118 0.030026698485016823 0.6140619516372681 0.9953605532646179 0.019801653921604156 -0.0941556990146637 0.8781623840332031
-0.09490182250738144 0.03094877116382122 -0.9950054287910461 -55.7206916809082 -0.016451723873615265 0.9993314146995544 0.03265246003866196 0.6261508464813232 0.99535071849823 0.019468331709504128 -0.09432920813560486 0.8019957542419434
-0.09503696113824844 0.03545551747083664 -0.9948420524597168 -56.498382568359375 -0.016394006088376045 0.999174177646637 0.037176016718149185 0.6325610876083374 0.9953387379646301 0.019842546433210373 -0.09437723457813263 0.719764232635498
-0.09562869369983673 0.03748408332467079 -0.9947110414505005 -57.258331298828125 -0.016657860949635506 0.9990904927253723 0.039250560104846954 0.646652102470398 0.9952777028083801 0.020323241129517555 -0.09491732716560364 0.6441144943237305
-0.09632711112499237 0.037574030458927155 -0.9946402907371521 -58.00688171386719 -0.016142843291163445 0.9990968108177185 0.039305757731199265 0.6567999124526978 0.995218813419342 0.01984253153204918 -0.09563355892896652 0.5691165924072266
-0.09657373279333115 0.035786911845207214 -0.9946823120117188 -58.750362396240234 -0.015549156814813614 0.9991772174835205 0.037458308041095734 0.66556715965271 0.9952043294906616 0.019083956256508827 -0.0959378182888031 0.49374818801879883
-0.09662610292434692 0.03211432322859764 -0.9948025345802307 -59.47335433959961 -0.015107992105185986 0.9993168711662292 0.03372751548886299 0.6793749332427979 0.9952060580253601 0.018288424238562584 -0.0960749089717865 0.4210844039916992
-0.09637980163097382 0.02917887642979622 -0.9949168562889099 -60.2059211730957 -0.015549331903457642 0.9994041323661804 0.030816782265901566 0.6913148164749146 0.9952231049537659 0.018440408632159233 -0.09586866199970245 0.3409433364868164
-0.09513073414564133 0.026776563376188278 -0.9951046109199524 -60.912967681884766 -0.016216881573200226 0.9994637370109558 0.02844417467713356 0.7004942893981934 0.995332658290863 0.018843410536646843 -0.09464548528194427 0.26839303970336914
-0.09298553317785263 0.02569664642214775 -0.9953358173370361 -61.60392379760742 -0.018679149448871613 0.999445915222168 0.027547786012291908 0.710612416267395 0.9954922199249268 0.02115357108414173 -0.09245400875806808 0.20078516006469727
-0.08843503892421722 0.026647796854376793 -0.9957253932952881 -62.29037094116211 -0.018815873190760612 0.9994190335273743 0.02841777168214321 0.7150098085403442 0.9959042072296143 0.021248571574687958 -0.08788226544857025 0.1303386688232422
-0.08266085386276245 0.028516024351119995 -0.9961696267127991 -62.95647430419922 -0.018515774980187416 0.9993740916252136 0.030144162476062775 0.7162244319915771 0.9964057207107544 0.020936593413352966 -0.08208112418651581 0.07468795776367188
-0.07568278908729553 0.03036854788661003 -0.996669352054596 -63.595890045166016 -0.017742590978741646 0.999336838722229 0.03179711848497391 0.7159715890884399 0.9969741106033325 0.02008998766541481 -0.07509379088878632 0.03539419174194336
-0.06677588820457458 0.03164916858077049 -0.9972659349441528 -64.214111328125 -0.018317418172955513 0.9992895722389221 0.03293990716338158 0.7213897705078125 0.9975997805595398 0.02046692930161953 -0.06614870578050613 -0.00977468490600586
-0.054726216942071915 0.033361002802848816 -0.9979438781738281 -64.83931732177734 -0.020615767687559128 0.9991909861564636 0.034533239901065826 0.7286058664321899 0.9982885122299194 0.022463258355855942 -0.053994182497262955 -0.049239397048950195
-0.03971511125564575 0.03491782769560814 -0.9986007809638977 -65.44796752929688 -0.02399083413183689 0.9990677833557129 0.035888295620679855 0.736243486404419 0.9989229440689087 0.025382574647665024 -0.038840390741825104 -0.07842016220092773
-0.021639320999383926 0.03624226152896881 -0.9991087317466736 -66.03388214111328 -0.025330424308776855 0.9990019798278809 0.0367870107293129 0.7419946193695068 0.9994449019432068 0.026103895157575607 -0.020699694752693176 -0.08083975315093994
0.0006254613399505615 0.03697271645069122 -0.9993160963058472 -66.60179138183594 -0.02617838978767395 0.9989743828773499 0.03694368526339531 0.7519814968109131 0.9996570944786072 0.026137378066778183 0.0015927031636238098 -0.07205355912446976
0.026071026921272278 0.03765062242746353 -0.9989507794380188 -67.13917541503906 -0.02549148164689541 0.9989905953407288 0.0369868241250515 0.7528092861175537 0.9993350505828857 0.024500451982021332 0.027004480361938477 -0.04261481761932373
0.055742036551237106 0.036971572786569595 -0.9977604746818542 -67.60657501220703 -0.024297423660755157 0.9990684986114502 0.035662613809108734 0.7627102136611938 0.9981495141983032 0.022255102172493935 0.056588418781757355 -0.0025129318237304688
0.09006093442440033 0.03680197522044182 -0.9952561855316162 -68.11334228515625 -0.02317110076546669 0.9991239309310913 0.03484824672341347 0.7721657752990723 0.9956666231155396 0.019922710955142975 0.09083479642868042 0.06239032745361328
0.12782986462116241 0.0368906706571579 -0.9911097288131714 -68.58531951904297 -0.023031365126371384 0.9991490244865417 0.03421938791871071 0.7814590930938721 0.9915286302566528 0.01845235377550125 0.12857070565223694 0.1470651626586914
0.16871099174022675 0.03721140697598457 -0.9849628806114197 -69.04322814941406 -0.022706549614667892 0.9991686940193176 0.0338587686419487 0.7776716947555542 0.9854040145874023 0.01665276475250721 0.169415682554245 0.2474803924560547
0.2139580100774765 0.03778510168194771 -0.9761118292808533 -69.4701919555664 -0.021784942597150803 0.999187707901001 0.03390324115753174 0.7867451906204224 0.976599931716919 0.01401066966354847 0.2146073579788208 0.36296844482421875
0.26287341117858887 0.036595217883586884 -0.964136004447937 -69.89324951171875 -0.017964528873562813 0.9992928504943848 0.033031586557626724 0.7840477228164673 0.9646630883216858 0.00863712653517723 0.26334497332572937 0.5012302398681641
0.311858206987381 0.03101077489554882 -0.949622392654419 -70.30400085449219 -0.010928701609373093 0.9995182752609253 0.0290511567145586 0.795413613319397 0.9500657916069031 0.0013182989787310362 0.3120468258857727 0.6925830841064453
0.36304041743278503 0.026056364178657532 -0.9314090013504028 -70.704345703125 -0.0050858668982982635 0.9996495246887207 0.025983059778809547 0.7883896827697754 0.9317595362663269 -0.004695878829807043 0.3630456030368805 0.8881092071533203
0.4165097773075104 0.021977875381708145 -0.9088656902313232 -71.04386138916016 -0.0010428508976474404 0.9997186064720154 0.02369694784283638 0.7868685722351074 0.9091306328773499 -0.008922198787331581 0.41641557216644287 1.0704364776611328
0.46750086545944214 0.021618282422423363 -0.8837282657623291 -71.41702270507812 -0.0015026233159005642 0.999718964099884 0.0236608125269413 0.793649435043335 0.8839913606643677 -0.009733539074659348 0.467401921749115 1.3065547943115234
0.5162927508354187 0.020073171705007553 -0.8561769723892212 -71.78606414794922 -5.904585123062134e-06 0.999725341796875 0.02343512326478958 0.8030153512954712 0.8564121723175049 -0.012094326317310333 0.5161510705947876 1.5576725006103516
0.5609139204025269 0.015033633448183537 -0.82773756980896 -72.13301086425781 0.008468499407172203 0.9996786713600159 0.023895131424069405 0.8136475682258606 0.8278307914733887 -0.020412806421518326 0.5606063604354858 1.8492698669433594
0.6047325134277344 0.009567953646183014 -0.7963711619377136 -72.45050048828125 0.018294453620910645 0.9994970560073853 0.025900479406118393 0.8036981821060181 0.7962183952331543 -0.030232030898332596 0.6042534708976746 2.152820587158203
0.6466672420501709 0.004494109656661749 -0.7627590298652649 -72.75897979736328 0.019930843263864517 0.999541699886322 0.022786583751440048 0.8057564496994019 0.7625117301940918 -0.02993776649236679 0.6462812423706055 2.474292755126953
0.6889417171478271 0.0012871869839727879 -0.7248156070709229 -73.04464721679688 0.015275553800165653 0.9997504949569702 0.016294948756694794 0.7996276021003723 0.7246557474136353 -0.02229822799563408 0.6887502074241638 2.749927520751953
0.7293907403945923 -0.006014333106577396 -0.6840708255767822 -73.3268051147461 0.012460395693778992 0.9999122619628906 0.004494700580835342 0.8069863319396973 0.6839838027954102 -0.011802182532846928 0.7294017672538757 3.0921630859375
0.768320620059967 -0.008091861382126808 -0.6400139331817627 -73.5959243774414 0.007411476690322161 0.9999655485153198 -0.003745531663298607 0.8079641461372375 0.6400221586227417 -0.0018656803295016289 0.7683542370796204 3.4616737365722656
0.8049678802490234 -0.008642114698886871 -0.5932552814483643 -73.8424301147461 0.005454838275909424 0.999959409236908 -0.007165206596255302 0.8076783418655396 0.5932931900024414 0.0025316504761576653 0.8049824833869934 3.854747772216797
0.8383582830429077 -0.0094424057751894 -0.5450377464294434 -74.06996154785156 0.0059421369805932045 0.9999489188194275 -0.008183440193533897 0.7926462888717651 0.5450870990753174 0.0036219647154212 0.8383716344833374 4.276027679443359
0.8692532181739807 -0.008404605090618134 -0.49429574608802795 -74.33255004882812 0.003268119879066944 0.999931275844574 -0.011254812590777874 0.7942188382148743 0.49435633420944214 0.008167862892150879 0.8692209720611572 4.735918045043945
0.8948857188224792 -0.006962967105209827 -0.44624102115631104 -74.53836059570312 0.002804806921631098 0.9999462962150574 -0.009978042915463448 0.7817655801773071 0.44628652930259705 0.00767758721485734 0.8948572874069214 5.214670181274414
0.9156913161277771 -0.0010284960735589266 -0.40188097953796387 -74.72858428955078 -0.002886323258280754 0.9999541640281677 -0.00913561787456274 0.7713772058486938 0.4018718898296356 0.009525363333523273 0.9156464338302612 5.711334228515625
0.9329385757446289 0.00347063597291708 -0.360018789768219 -74.91336822509766 -0.007848660461604595 0.9999119639396667 -0.010699405334889889 0.7632869482040405 0.35995006561279297 0.012807551771402359 0.9328837394714355 6.22789192199707
0.9461266994476318 0.008390544913709164 -0.323687881231308 -75.083984375 -0.012076263315975666 0.9998831152915955 -0.00937974639236927 0.7534538507461548 0.3235713839530945 0.012783369980752468 0.9461174607276917 6.768184661865234
0.9559952020645142 0.009129880927503109 -0.2932402193546295 -75.25346374511719 -0.011926854029297829 0.9998987913131714 -0.007751519326120615 0.7430709600448608 0.2931397259235382 0.010907847434282303 0.9560073614120483 7.325998306274414
0.9631417393684387 0.008343787863850594 -0.2688648998737335 -75.39949035644531 -0.010451322421431541 0.9999248385429382 -0.006408217363059521 0.7328465580940247 0.26879119873046875 0.00898201484233141 0.9631566405296326 7.909294128417969
0.9687929749488831 0.00881101842969656 -0.2477147877216339 -75.53987121582031 -0.010153296403586864 0.9999398589134216 -0.004141669720411301 0.7190753221511841 0.24766337871551514 0.006527542602270842 0.9688240885734558 8.507333755493164
0.9733266234397888 0.011519476771354675 -0.2291342169046402 -75.6864242553711 -0.012202790938317776 0.9999242424964905 -0.0015654517337679863 0.7116706967353821 0.2290988266468048 0.004319773055613041 0.9733935594558716 9.129718780517578
0.9767752289772034 0.01651739329099655 -0.21362879872322083 -75.82383728027344 -0.016999660059809685 0.9998553395271301 -0.00042056338861584663 0.7087767720222473 0.21359097957611084 0.004042413085699081 0.9769147634506226 9.755903244018555
0.9794200658798218 0.020011547952890396 -0.20083796977996826 -75.9475326538086 -0.02016955427825451 0.9997958540916443 0.0012596910819411278 0.6954823732376099 0.2008221596479416 0.002817045897245407 0.9796236753463745 10.398859977722168
0.982135534286499 0.018874946981668472 -0.18722598254680634 -76.0973892211914 -0.01906401664018631 0.999817967414856 0.0007908007828518748 0.6896758675575256 0.18720681965351105 0.002792605897411704 0.9823165535926819 11.087265968322754
0.9846091270446777 0.01878698356449604 -0.17375807464122772 -76.20791625976562 -0.019000476226210594 0.9998193979263306 0.0004347887297626585 0.6819146871566772 0.1737348586320877 0.002873389283195138 0.9847882986068726 11.768250465393066
0.9871562123298645 0.018966738134622574 -0.15862782299518585 -76.32176971435547 -0.019074853509664536 0.9998177289962769 0.0008410781156271696 0.679701030254364 0.158614844083786 0.002195526845753193 0.987338125705719 12.465489387512207
0.98927241563797 0.020252322778105736 -0.14467182755470276 -76.41971588134766 -0.020276321098208427 0.9997936487197876 0.0013087382540106773 0.6735129356384277 0.14466845989227295 0.0016387132927775383 0.9894788265228271 13.170397758483887
0.9910814166069031 0.020920541137456894 -0.13160480558872223 -76.529052734375 -0.021288501098752022 0.9997724294662476 -0.001389472745358944 0.6612427830696106 0.1315457820892334 0.004178749863058329 0.9913013577461243 13.906909942626953
0.9924173355102539 0.0211557038128376 -0.12107952684164047 -76.61607360839844 -0.022108271718025208 0.9997342824935913 -0.006529181730002165 0.6423503756523132 0.12090922147035599 0.00915653258562088 0.9926213622093201 14.651543617248535
0.99361252784729 0.0194245558232069 -0.11116126924753189 -76.70043182373047 -0.020965036004781723 0.9996994733810425 -0.01270587183535099 0.6322077512741089 0.11088106036186218 0.014955215156078339 0.9937211871147156 15.392022132873535
0.9944918155670166 0.019144419580698013 -0.10305124521255493 -76.77884674072266 -0.020596785470843315 0.9997027516365051 -0.013047922402620316 0.6223249435424805 0.10277082026004791 0.015098577365279198 0.9945904612541199 16.147851943969727
0.9951441287994385 0.02086556889116764 -0.09619119018316269 -76.8574447631836 -0.021611610427498817 0.9997439384460449 -0.006720415782183409 0.6054439544677734 0.09602631628513336 0.008766628801822662 0.9953401684761047 16.920433044433594
0.9955088496208191 0.025735123082995415 -0.09110293537378311 -76.93254852294922 -0.025720523670315742 0.9996682405471802 0.0013344972394406796 0.5844524502754211 0.09110703319311142 0.0010147104039788246 0.9958406090736389 17.6881103515625
0.9958675503730774 0.026526199653744698 -0.08685630559921265 -77.01776885986328 -0.026204876601696014 0.9996448755264282 0.004837761167436838 0.574280321598053 0.0869537815451622 -0.0025417106226086617 0.9962090849876404 18.488338470458984
0.9961864948272705 0.0254526287317276 -0.08345380425453186 -77.08155822753906 -0.025221914052963257 0.9996746182441711 0.0038178323302417994 0.5625081658363342 0.08352381736040115 -0.0016984082758426666 0.9965043067932129 19.257631301879883
0.9964374303817749 0.025570930913090706 -0.08036604523658752 -77.14521789550781 -0.02542172372341156 0.9996726512908936 0.0028793809469789267 0.5502340197563171 0.08041335642337799 -0.0008260788163170218 0.99676114320755 20.023651123046875
