1.0 0.0 0.0 0.0 0.0 1.0 0.0 0.0 0.0 0.0 1.0 0.0
0.9999956488609314 0.0029416403267532587 0.00015132692351471633 -0.005911353975534439 -0.002941846614703536 0.999994695186615 0.0013805130729451776 -0.012899364344775677 -0.00014726514928042889 -0.0013809523079544306 0.9999990463256836 0.7725096940994263
0.9999847412109375 0.005496654659509659 0.0005702195921912789 -0.011673502624034882 -0.00549775455147028 0.999983012676239 0.001943988841958344 -0.02989429235458374 -0.0005595244583673775 -0.0019470937550067902 0.9999979734420776 1.5409212112426758
0.9999769330024719 0.00669931760057807 0.0011028151493519545 -0.01988324709236622 -0.006701321341097355 0.9999759793281555 0.0018244016682729125 -0.04798062518239021 -0.0010905660456046462 -0.0018317501526325941 0.9999977350234985 2.2771971225738525
0.9999620318412781 0.008656326681375504 0.0009912665700539947 -0.023041820153594017 -0.008657815866172314 0.9999613761901855 0.0015097493305802345 -0.061109669506549835 -0.0009781593689695 -0.0015182741917669773 0.9999984502792358 3.004549503326416
0.9999590516090393 0.008875610306859016 0.0017499416135251522 -0.03422486409544945 -0.008877799846231937 0.9999598264694214 0.0012474310351535678 -0.07465203106403351 -0.001738799037411809 -0.0012629153206944466 0.9999976754188538 3.7234625816345215
0.9999582767486572 0.0089936014264822 0.0015832470962777734 -0.024718226864933968 -0.008996717631816864 0.9999575614929199 0.0019724650774151087 -0.08474244177341461 -0.0015654403250664473 -0.001986626535654068 0.9999967813491821 4.426053524017334
0.9999467134475708 0.009946230798959732 0.0027602931950241327 -0.041571784764528275 -0.00996019784361124 0.9999374747276306 0.005093141924589872 -0.10343364626169205 -0.002709463005885482 -0.005120363552123308 0.9999832510948181 5.096167087554932
0.9999421238899231 0.009878173470497131 0.004263912793248892 -0.04157162830233574 -0.009915568865835667 0.9999117255210876 0.008839907124638557 -0.10667312145233154 -0.004176214337348938 -0.008881673216819763 0.9999518394470215 5.762167453765869
0.9999440908432007 0.009077845141291618 0.00542505644261837 -0.03704018518328667 -0.00914516020566225 0.9998798370361328 0.012514886446297169 -0.11834100633859634 -0.005310796666890383 -0.012563800439238548 0.9999069571495056 6.391374111175537
0.9999405741691589 0.008578130975365639 0.00673850579187274 -0.04170547053217888 -0.008675661869347095 0.9998559951782227 0.01458040438592434 -0.12562662363052368 -0.0066124629229307175 -0.01463799923658371 0.999871015548706 6.994446277618408
0.9999337792396545 0.008825278840959072 0.007378204260021448 -0.0201620701700449 -0.00893182959407568 0.9998544454574585 0.014535397291183472 -0.13489142060279846 -0.00724885193631053 -0.01460033655166626 0.9998671412467957 7.5933732986450195
0.9999225735664368 0.009291407652199268 0.008276515640318394 -0.014566517435014248 -0.009389846585690975 0.9998847246170044 0.011935293674468994 -0.14366887509822845 -0.008164665661752224 -0.012012085877358913 0.9998945593833923 8.149873733520508
0.999912440776825 0.009451310150325298 0.009259010665118694 -0.017207084223628044 -0.00953337550163269 0.9999153017997742 0.008859675377607346 -0.1451161652803421 -0.009174490347504616 -0.00894717127084732 0.9999178647994995 8.677645683288574
0.9999109506607056 0.007957680150866508 0.010712521150708199 -0.006027274299412966 -0.008038980886340141 0.9999390840530396 0.007567888591438532 -0.15615811944007874 -0.010651644319295883 -0.007653331849724054 0.9999139308929443 9.179200172424316
0.9999088048934937 0.003966902382671833 0.012910961173474789 -0.0019704478327184916 -0.004033992998301983 0.9999784827232361 0.0051744431257247925 -0.16044606268405914 -0.012890158221125603 -0.005226053763180971 0.9999032616615295 9.639569282531738
0.9998897910118103 0.002327141584828496 0.014661516062915325 0.011788277886807919 -0.002388313878327608 0.9999884963035583 0.004156183451414108 -0.16944988071918488 -0.014651674777269363 -0.0041907415725290775 0.9998838305473328 10.083979606628418
0.9998390674591064 0.006155414506793022 0.016854984685778618 0.010089470073580742 -0.006193889304995537 0.9999783039093018 0.0022314446978271008 -0.1834878772497177 -0.01684088446199894 -0.002335483208298683 0.9998554587364197 10.490860939025879
0.9997413158416748 0.010793905705213547 0.020019548013806343 0.005864518228918314 -0.010828024707734585 0.9999400973320007 0.0015967333456501365 -0.19434398412704468 -0.020001113414764404 -0.0018130921525880694 0.9997983574867249 10.869463920593262
0.9996746778488159 0.011016474105417728 0.02300465665757656 0.021606313064694405 -0.011086860671639442 0.9999343156814575 0.0029343897476792336 -0.20562410354614258 -0.022970816120505333 -0.0031884838826954365 0.9997310638427734 11.221060752868652
0.9996315240859985 0.007066661026328802 0.026207242161035538 0.03639451414346695 -0.007159707602113485 0.9999683499336243 0.003458299906924367 -0.21047313511371613 -0.02618197537958622 -0.00364466174505651 0.9996505379676819 11.539435386657715
0.9995859861373901 0.0024090316146612167 0.02867123857140541 0.05474189668893814 -0.002491427818313241 0.9999929666519165 0.0028384749311953783 -0.20894141495227814 -0.02866419404745102 -0.0029087320435792208 0.9995848536491394 11.827474594116211
0.9995208382606506 -0.0011723528150469065 0.030930211767554283 0.07012003660202026 0.0010375968413427472 0.9999898672103882 0.004372479394078255 -0.2176194190979004 -0.030935024842619896 -0.004338291008025408 0.9995120167732239 12.08390998840332
0.9994396567344666 -0.001639657188206911 0.03343068063259125 0.08180239051580429 0.0014593020314350724 0.9999843239784241 0.00541859632357955 -0.22191183269023895 -0.033439040184020996 -0.005366774275898933 0.9994263648986816 12.3181791305542
0.9993680119514465 -0.0011623954633250833 0.03552716597914696 0.0856129378080368 0.0009977230802178383 0.9999887347221375 0.004652480129152536 -0.23008552193641663 -0.03553217649459839 -0.00461409380659461 0.9993578791618347 12.520471572875977
0.9992963075637817 -0.00023515187785960734 0.037506554275751114 0.09870105236768723 0.000115371381980367 0.9999948740005493 0.003195755882188678 -0.23653575778007507 -0.03750711306929588 -0.0031891800463199615 0.9992912411689758 12.71056079864502
0.9991739988327026 0.0022494690492749214 0.04057333245873451 0.09626401215791702 -0.0023444443941116333 0.999994695186615 0.002293430734425783 -0.24135202169418335 -0.04056795313954353 -0.0023866586852818727 0.9991739392280579 12.870028495788574
0.9991049766540527 0.0057388655841350555 0.041906021535396576 0.10309533029794693 -0.005803241394460201 0.9999821782112122 0.001414729398675263 -0.24091055989265442 -0.04189715534448624 -0.0016566538251936436 0.9991205334663391 13.039825439453125
0.9990375638008118 0.006786160636693239 0.043334733694791794 0.10542630404233932 -0.006804491858929396 0.9999768137931824 0.0002755385939963162 -0.2534254491329193 -0.04333186149597168 -0.0005701442714780569 0.9990605711936951 13.189901351928711
0.9989398121833801 0.005907970480620861 0.04565362259745598 0.112399160861969 -0.0058481115847826 0.9999818801879883 -0.001444598543457687 -0.25861185789108276 -0.045661330223083496 0.0011760793859139085 0.9989562630653381 13.343636512756348
0.998869776725769 0.004885807167738676 0.047277968376874924 0.11787255853414536 -0.004764788784086704 0.9999850988388062 -0.0026720641180872917 -0.26436278223991394 -0.047290313988924026 0.002443774836137891 0.9988781809806824 13.479015350341797
0.998831033706665 0.0042107910849153996 0.0481547936797142 0.13816328346729279 -0.0040275901556015015 0.9999842643737793 -0.0039008138701319695 -0.26104408502578735 -0.048170462250709534 0.0037023064214736223 0.9988322854042053 13.628549575805664
0.9987667798995972 0.005048851016908884 0.04939144477248192 0.14737920463085175 -0.004793964326381683 0.9999745488166809 -0.005277649033814669 -0.26423731446266174 -0.04941684007644653 0.00503435917198658 0.9987655878067017 13.764838218688965
0.9986861348152161 0.00586217874661088 0.0509091317653656 0.14888529479503632 -0.005506058223545551 0.9999593496322632 -0.007132641971111298 -0.27037912607192993 -0.05094887688755989 0.006842962000519037 0.9986778497695923 13.879714965820312
0.9986352920532227 0.0057913740165531635 0.05190425366163254 0.15446117520332336 -0.0052982815541327 0.999939501285553 -0.009632611647248268 -0.26984456181526184 -0.0519568957388401 0.009344462305307388 0.9986056685447693 14.006736755371094
0.9986037611961365 0.00517424987629056 0.05257182940840721 0.16332675516605377 -0.004559410270303488 0.9999198317527771 -0.011808443814516068 -0.27452632784843445 -0.052628714591264725 0.011552258394658566 0.9985473155975342 14.1298189163208
0.9986407160758972 0.004171913489699364 0.051957517862319946 0.17349795997142792 -0.0034682517871260643 0.9999011158943176 -0.013625829480588436 -0.2787910997867584 -0.052009228616952896 0.013427103869616985 0.99855637550354 14.259588241577148
0.9987470507621765 0.0037824343889951706 0.04990101605653763 0.17757786810398102 -0.0030499212443828583 0.9998865127563477 -0.01474731881171465 -0.2828032374382019 -0.049951132386922836 0.01457664743065834 0.9986453056335449 14.382880210876465
0.9988951683044434 0.003562653437256813 0.0468602292239666 0.18298661708831787 -0.0028360718861222267 0.9998748302459717 -0.015562659129500389 -0.2862754166126251 -0.04690981283783913 0.01541256532073021 0.9987802505493164 14.511733055114746
0.9990732669830322 0.00452615600079298 0.04280447959899902 0.1854018270969391 -0.00379943591542542 0.9998475909233093 -0.017043814063072205 -0.2836506962776184 -0.042875099927186966 0.016865383833646774 0.9989380240440369 14.635082244873047
0.9993100762367249 0.004232574719935656 0.03689831867814064 0.1862543672323227 -0.0035649763885885477 0.999829113483429 -0.018139982596039772 -0.28764352202415466 -0.036968789994716644 0.01799592562019825 0.9991543889045715 14.769885063171387
0.9995355606079102 0.004557541571557522 0.03013455867767334 0.18479499220848083 -0.003989027347415686 0.9998133778572083 -0.01889915019273758 -0.2908981144428253 -0.030215071514248848 0.018770165741443634 0.9993672370910645 14.89212703704834
0.9997230768203735 0.004731146618723869 0.02305176854133606 0.17771203815937042 -0.004275811370462179 0.9997954964637756 -0.019762134179472923 -0.29199501872062683 -0.023140551522374153 0.019658096134662628 0.9995390176773071 15.023887634277344
0.9998810887336731 0.003980389796197414 0.014897357672452927 0.17395490407943726 -0.003678957000374794 0.9997889995574951 -0.020207004621624947 -0.3010310232639313 -0.014974645338952541 0.020149797201156616 0.9996848106384277 15.15039348602295
0.9999829530715942 0.003211144357919693 0.0048647657968103886 0.16234558820724487 -0.0031061689369380474 0.9997653961181641 -0.02143477275967598 -0.3046821057796478 -0.0049324543215334415 0.02141929790377617 0.9997584819793701 15.287519454956055
0.9999640583992004 0.0012981236213818192 -0.008381025865674019 0.15965735912322998 -0.0014925820287317038 0.9997287392616272 -0.02323777601122856 -0.3043103814125061 0.008348586037755013 0.02324945107102394 0.99969482421875 15.425143241882324
0.9997162818908691 0.0005867466679774225 -0.02381209284067154 0.13054513931274414 -0.0011873339535668492 0.9996813535690308 -0.02521565556526184 -0.3097690939903259 0.02378971129655838 0.025236770510673523 0.9993983507156372 15.56419849395752
0.9990689754486084 0.0011476203799247742 -0.04312734305858612 0.10483377426862717 -0.002281127031892538 0.9996530413627625 -0.026242775842547417 -0.31248006224632263 0.04308226332068443 0.026316719129681587 0.9987248182296753 15.739091873168945
0.9978821873664856 0.0017441364470869303 -0.06502266973257065 0.07056859880685806 -0.003416268387809396 0.999666154384613 -0.025613833218812943 -0.32053470611572266 0.06495627760887146 0.025781724601984024 0.9975550174713135 15.922615051269531
0.9960850477218628 0.002686179243028164 -0.08836045116186142 0.02437557466328144 -0.004856168758124113 0.9996916651725769 -0.02435258775949478 -0.3236539661884308 0.08826778829097748 0.024686340242624283 0.9957908391952515 16.123632431030273
0.9933238625526428 0.0038216905668377876 -0.1152956411242485 -0.024450603872537613 -0.0064961863681674 0.999718189239502 -0.02283002808690071 -0.32941895723342896 0.11517591029405594 0.023426590487360954 0.9930689334869385 16.344026565551758
0.9894052147865295 0.0045834812335669994 -0.14510855078697205 -0.09699337184429169 -0.007661433424800634 0.9997572302818298 -0.020659659057855606 -0.3372788429260254 0.1449786275625229 0.021552512422204018 0.9891999959945679 16.573795318603516
0.983970582485199 0.004563365131616592 -0.1782723218202591 -0.1610683798789978 -0.007731595542281866 0.9998243451118469 -0.01708117499947548 -0.34474053978919983 0.17816300690174103 0.018185704946517944 0.9838328957557678 16.799007415771484
0.9765838384628296 0.005626649595797062 -0.21506370604038239 -0.25114578008651733 -0.00865247379988432 0.9998763799667358 -0.01313058938831091 -0.34751471877098083 0.21496325731277466 0.01468395534902811 0.9765116572380066 17.05612564086914
0.9669390916824341 0.006936075631529093 -0.2549130916595459 -0.3565061092376709 -0.009306350722908974 0.9999239444732666 -0.008093447424471378 -0.3499591052532196 0.2548375725746155 0.010198181495070457 0.966930091381073 17.313915252685547
0.9551275968551636 0.01106987427920103 -0.2959875166416168 -0.49245554208755493 -0.012520578689873219 0.9999170899391174 -0.0030061861034482718 -0.3567870557308197 0.2959296703338623 0.0065772272646427155 0.9551870822906494 17.59764289855957
0.9409501552581787 0.014668826945126057 -0.33822721242904663 -0.6162514090538025 -0.0150328753516078 0.9998857378959656 0.0015432302607223392 -0.35933107137680054 0.3382112383842468 0.003632425796240568 0.9410631656646729 17.849088668823242
0.9241939187049866 0.017138637602329254 -0.38153889775276184 -0.7667853236198425 -0.01550981029868126 0.9998527765274048 0.007344050798565149 -0.3646431565284729 0.3816085755825043 -0.0008697317680343986 0.9243236184120178 18.125574111938477
0.9050084948539734 0.020543985068798065 -0.4248971939086914 -0.9396802186965942 -0.015646371990442276 0.9997648000717163 0.015013175085186958 -0.3672666549682617 0.4251056909561157 -0.00693895248696208 0.9051170945167542 18.404434204101562
0.8831526637077332 0.02492608316242695 -0.4684229791164398 -1.1293551921844482 -0.016748053953051567 0.9996260404586792 0.021616514772176743 -0.3689510226249695 0.4687865972518921 -0.011245508678257465 0.8832399249076843 18.686443328857422
0.8584249019622803 0.03025626391172409 -0.5120460987091064 -1.330051064491272 -0.01954161748290062 0.9994631409645081 0.026296475902199745 -0.3726763129234314 0.5125669240951538 -0.012567340396344662 0.8585553169250488 18.952693939208984
0.8305568099021912 0.03341810032725334 -0.5559304356575012 -1.5542898178100586 -0.020278409123420715 0.9993508458137512 0.029777182266116142 -0.37102434039115906 0.5565645098686218 -0.013458258472383022 0.8306953310966492 19.2181453704834
0.7996637225151062 0.03712787479162216 -0.5992991328239441 -1.8144080638885498 -0.022916076704859734 0.9992464184761047 0.031327828764915466 -0.36318883299827576 0.6000106334686279 -0.011318141594529152 0.7999119758605957 19.49432373046875
0.765540361404419 0.03992259502410889 -0.642147958278656 -2.078172206878662 -0.023037567734718323 0.999133825302124 0.034652188420295715 -0.35940805077552795 0.6429751515388489 -0.011734123341739178 0.7657970786094666 19.761024475097656
0.7285847067832947 0.04367915540933609 -0.6835615038871765 -2.3730268478393555 -0.024315712973475456 0.9989849925041199 0.037917234003543854 -0.3387858271598816 0.68452388048172 -0.01100462768226862 0.7289072871208191 20.026559829711914
0.6899149417877197 0.043863601982593536 -0.7225603461265564 -2.724608898162842 -0.02161627635359764 0.9989656805992126 0.04000335931777954 -0.3148653209209442 0.723567545413971 -0.011979852803051472 0.6901494264602661 20.30726432800293
0.648708701133728 0.04361283406615257 -0.759786069393158 -3.074477434158325 -0.019090576097369194 0.9989749789237976 0.0410430021584034 -0.30023327469825745 0.7607973217964172 -0.012120203115046024 0.6488763093948364 20.568613052368164
0.6073043942451477 0.04256909713149071 -0.7933279871940613 -3.463165283203125 -0.014094958081841469 0.9989835023880005 0.04281444102525711 -0.28670185804367065 0.7943442463874817 -0.014819474890828133 0.6072870492935181 20.802326202392578
0.5615227222442627 0.04287092015147209 -0.8263499736785889 -3.8612046241760254 -0.008627431467175484 0.9989060163497925 0.04596057906746864 -0.27884814143180847 0.8274162411689758 -0.018678629770874977 0.5612782835960388 21.061622619628906
0.514224112033844 0.044230952858924866 -0.8565146327018738 -4.294548034667969 -0.006699524819850922 0.9988459348678589 0.04755885899066925 -0.25579312443733215 0.857629656791687 -0.01871766708791256 0.5139269828796387 21.289281845092773
0.4650731682777405 0.04360133782029152 -0.8841978311538696 -4.76088809967041 -0.0054678176529705524 0.9989088177680969 0.046381957828998566 -0.23308373987674713 0.8852553367614746 -0.016736367717385292 0.464804083108902 21.482789993286133
0.41226401925086975 0.04278789833188057 -0.9100590944290161 -5.238031387329102 0.0002775521425064653 0.9988905787467957 0.047090187668800354 -0.21703508496284485 0.9110643863677979 -0.01966617815196514 0.4117947816848755 21.674299240112305
0.35812053084373474 0.041839350014925 -0.9327374696731567 -5.73528528213501 0.005934803280979395 0.998873233795166 0.04708461835980415 -0.1983851194381714 0.9336565136909485 -0.02239757962524891 0.3574686646461487 21.83919906616211
0.30462154746055603 0.04075702279806137 -0.9516010880470276 -6.2773356437683105 0.008465485647320747 0.9989287257194519 0.04549399018287659 -0.17161807417869568 0.9524357914924622 -0.02191421575844288 0.3039501905441284 21.975547790527344
0.2516632676124573 0.046567972749471664 -0.9666938781738281 -6.84044075012207 0.00872080959379673 0.9986920356750488 0.05037971958518028 -0.13657620549201965 0.9677755236625671 -0.02110908180475235 0.25092801451683044 22.085102081298828
0.20025193691253662 0.05147705227136612 -0.9783912301063538 -7.41991662979126 0.011359873227775097 0.998429536819458 0.05485643073916435 -0.10857578366994858 0.9796785116195679 -0.022099506109952927 0.1993526965379715 22.16688346862793
0.15205185115337372 0.052624333649873734 -0.9869706034660339 -8.029266357421875 0.016385817900300026 0.9983100295066833 0.055753327906131744 -0.07872193306684494 0.9882367253303528 -0.024649715051054955 0.15093256533145905 22.23676872253418
0.10717561095952988 0.054488010704517365 -0.9927458763122559 -8.617918014526367 0.020780593156814575 0.9981562495231628 0.057028405368328094 -0.06952065974473953 0.9940228462219238 -0.026741907000541687 0.10584572702646255 22.288827896118164
0.06696588546037674 0.052768729627132416 -0.9963588714599609 -9.254332542419434 0.02059585601091385 0.9983145594596863 0.054256562143564224 -0.03985469043254852 0.9975426197052002 -0.02415420487523079 0.06576620787382126 22.300893783569336
0.031234415248036385 0.04831034690141678 -0.9983438849449158 -9.892131805419922 0.01756422407925129 0.9986504912376404 0.04887469857931137 -0.0035208486951887608 0.9993577599525452 -0.01906171254813671 0.030343730002641678 22.2954044342041
0.00270904996432364 0.04825185239315033 -0.9988315105438232 -10.572072982788086 0.015136459842324257 0.9987187385559082 0.04828745871782303 0.03152571991086006 0.9998817443847656 -0.015249587595462799 0.0019752157386392355 22.272584915161133
-0.018003545701503754 0.05229487642645836 -0.998469352722168 -11.267398834228516 0.013434126041829586 0.9985537528991699 0.05205705389380455 0.06176679953932762 0.9997476935386658 -0.012476352043449879 -0.018680045381188393 22.237234115600586
-0.031105495989322662 0.05829916521906853 -0.9978145360946655 -11.984996795654297 0.01545614842325449 0.9982061982154846 0.05784023925662041 0.0950673520565033 0.999396562576294 -0.013623219914734364 -0.031950779259204865 22.213687896728516
-0.03885436803102493 0.06087704747915268 -0.9973887801170349 -12.726462364196777 0.015235042199492455 0.9980625510215759 0.06032468378543854 0.1285313069820404 0.9991287589073181 -0.012851381674408913 -0.03970655798912048 22.17380714416504
-0.04274079203605652 0.05807138979434967 -0.9973970055580139 -13.494909286499023 0.016115035861730576 0.9982195496559143 0.05742871016263962 0.16488341987133026 0.9989562034606934 -0.013618540950119495 -0.04360051453113556 22.134408950805664
-0.04189085587859154 0.05423780903220177 -0.9976488947868347 -14.275073051452637 0.02344830147922039 0.9983038902282715 0.05328882113099098 0.2013881653547287 0.9988470077514648 -0.021160857751965523 -0.04309158772230148 22.107940673828125
-0.03756632283329964 0.05268276482820511 -0.9979044795036316 -15.079625129699707 0.03545890003442764 0.9980507493019104 0.051355622708797455 0.24602960050106049 0.9986647963523865 -0.03345535323023796 -0.039361171424388885 22.091249465942383
-0.031940314918756485 0.05281264707446098 -0.9980935454368591 -15.903032302856445 0.035774312913417816 0.998023509979248 0.051664113998413086 0.2843097746372223 0.9988493919372559 -0.03405594453215599 -0.03376651927828789 22.06570816040039
-0.026776401326060295 0.05160489305853844 -0.998308539390564 -16.763309478759766 0.033887747675180435 0.998139500617981 0.05068723112344742 0.31346839666366577 0.9990668892860413 -0.032473206520080566 -0.028475357219576836 22.036067962646484
-0.02379237487912178 0.045066140592098236 -0.9987006187438965 -17.626359939575195 0.037691500037908554 0.9983136653900146 0.044150736182928085 0.3525688350200653 0.9990062117576599 -0.03659207373857498 -0.02545086108148098 22.026412963867188
-0.02155200205743313 0.034182410687208176 -0.999183177947998 -18.520719528198242 0.03537222743034363 0.998815655708313 0.033406876027584076 0.38889896869659424 0.9991418123245239 -0.03462334722280502 -0.022735586389899254 22.00463104248047
-0.020979302003979683 0.026033423840999603 -0.9994409084320068 -19.420427322387695 0.027738161385059357 0.9992912411689758 0.02544727362692356 0.41359204053878784 0.9993950724601746 -0.02718878537416458 -0.021686552092432976 21.968669891357422
-0.0221108328551054 0.02305557392537594 -0.9994895458221436 -20.331863403320312 0.022138724103569984 0.9995001554489136 0.02256605587899685 0.43695762753486633 0.9995104074478149 -0.021628469228744507 -0.022610202431678772 21.932350158691406
-0.025870634242892265 0.029327118769288063 -0.9992350339889526 -21.302804946899414 0.012827742844820023 0.9994969964027405 0.02900269255042076 0.4546513259410858 0.9995830059051514 -0.012067613191902637 -0.026233818382024765 21.896841049194336
-0.0308594461530447 0.037667203694581985 -0.9988137483596802 -22.268468856811523 0.008309355936944485 0.9992647767066956 0.03742748126387596 0.47789379954338074 0.9994891881942749 -0.0071445065550506115 -0.03114974871277809 21.8487606048584
-0.03518591821193695 0.04715464264154434 -0.9982677102088928 -23.23971939086914 0.006812463514506817 0.998874306678772 0.04694318026304245 0.5122188329696655 0.9993575811386108 -0.0051489220932126045 -0.035467542707920074 21.79949378967285
-0.03711939603090286 0.05681714415550232 -0.9976943135261536 -24.27753448486328 0.005114588420838118 0.9983801245689392 0.05666590854525566 0.5586772561073303 0.9992977380752563 -0.0029993916396051645 -0.03734986111521721 21.764591217041016
-0.038034092634916306 0.06464985013008118 -0.9971829652786255 -25.296031951904297 0.007119344547390938 0.9978971481323242 0.06442461907863617 0.6041509509086609 0.9992510676383972 -0.004648957401514053 -0.038414377719163895 21.723020553588867
-0.039518505334854126 0.06535425782203674 -0.9970793128013611 -26.326461791992188 0.008145664818584919 0.9978467226028442 0.06508171558380127 0.6585966944694519 0.9991856813430786 -0.005549941211938858 -0.03996576368808746 21.67966651916504
-0.041028305888175964 0.06238119304180145 -0.9972087740898132 -27.344512939453125 0.0066012549214065075 0.9980442523956299 0.06216186657547951 0.7116785645484924 0.9991362690925598 -0.004032432567328215 -0.041359852999448776 21.620975494384766
-0.04399120435118675 0.057868994772434235 -0.9973544478416443 -28.34172821044922 0.006605956237763166 0.9983159303665161 0.057633399963378906 0.7513636350631714 0.9990100860595703 -0.004053117241710424 -0.0442994087934494 21.58049964904785
-0.04849572852253914 0.052548013627529144 -0.9974401593208313 -29.361387252807617 0.006658263970166445 0.9986099004745483 0.05228590965270996 0.7972308397293091 0.9988012313842773 -0.004105576779693365 -0.04877819865942001 21.520248413085938
-0.053819283843040466 0.04791641980409622 -0.9974004030227661 -30.37715721130371 0.0060671051032841206 0.9988452792167664 0.04765845462679863 0.8355440497398376 0.9985322952270508 -0.003486389759927988 -0.054047856479883194 21.451522827148438
-0.0611095167696476 0.046093180775642395 -0.9970661997795105 -31.43902015686035 0.0060718427412211895 0.9989318251609802 0.045807287096977234 0.8758075833320618 0.9981126189231873 -0.0032547684386372566 -0.0613241046667099 21.390018463134766
-0.06753348559141159 0.04858805239200592 -0.996533215045929 -32.483299255371094 0.006087140645831823 0.9988149404525757 0.048286788165569305 0.9154881238937378 0.9976984262466431 -0.0028050628025084734 -0.06774921715259552 21.3096981048584
-0.07392609119415283 0.0535183884203434 -0.9958266615867615 -33.5523796081543 0.0049460409209132195 0.9985663890838623 0.05329844728112221 0.9531691074371338 0.9972513914108276 -0.0009852532530203462 -0.0740848183631897 21.223512649536133
-0.08003104478120804 0.05642087012529373 -0.9951943159103394 -34.61003112792969 0.0018113564001396298 0.9984032511711121 0.05645713955163956 0.9965265989303589 0.9967907071113586 0.002715672831982374 -0.0800054669380188 21.124425888061523
-0.08485192805528641 0.05892534926533699 -0.9946497082710266 -35.68471908569336 -0.000679066579323262 0.9982461333274841 0.059196341782808304 1.0420674085617065 0.9963933229446411 0.005698356777429581 -0.08466308563947678 21.026639938354492
-0.08727193623781204 0.05994012951850891 -0.9943795204162598 -36.76350784301758 -0.005522659048438072 0.99814373254776 0.06065172702074051 1.0943703651428223 0.9961692094802856 0.010784813202917576 -0.0867789015173912 20.92378044128418
-0.08925940096378326 0.060962382704019547 -0.9941409826278687 -37.83702087402344 -0.009684896096587181 0.9980248808860779 0.062070105224847794 1.1480777263641357 0.9959613084793091 0.01516849547624588 -0.08849267661571503 20.818723678588867
-0.09017524123191833 0.060727909207344055 -0.994072675704956 -38.91520690917969 -0.01090327836573124 0.9980191588401794 0.06195806711912155 1.1943358182907104 0.9958662390708923 0.016425732523202896 -0.08933448046445847 20.703622817993164
-0.09176070988178253 0.059893298894166946 -0.9939782619476318 -39.99466323852539 -0.011652492918074131 0.9980565309524536 0.061214763671159744 1.2459529638290405 0.99571293592453 0.017199430614709854 -0.09088447690010071 20.59705924987793
-0.09293965995311737 0.05898120999336243 -0.9939232468605042 -41.07646560668945 -0.012525645084679127 0.9980956315994263 0.06040005013346672 1.3002166748046875 0.9955928921699524 0.01806308701634407 -0.09202390164136887 20.496538162231445
-0.09394124150276184 0.05793425813317299 -0.993890643119812 -42.16831588745117 -0.015148608013987541 0.9981066584587097 0.059611834585666656 1.3551424741744995 0.9954624772071838 0.02065606787800789 -0.09288575500249863 20.38210678100586
-0.09453021734952927 0.05547557771205902 -0.9939751029014587 -43.23854064941406 -0.01955130696296692 0.998150110244751 0.057567987591028214 1.3992336988449097 0.9953299760818481 0.024875428527593613 -0.09327073395252228 20.270627975463867
-0.09498222917318344 0.05093182623386383 -0.9941751956939697 -44.33195877075195 -0.024272527545690536 0.9982749223709106 0.05346081405878067 1.4385167360305786 0.995182991027832 0.02920897677540779 -0.0935821458697319 20.160282135009766
-0.09375480562448502 0.050224948674440384 -0.9943276643753052 -45.4345817565918 -0.02615717425942421 0.9982576966285706 0.05288981273770332 1.4910205602645874 0.9952516555786133 0.03096747398376465 -0.09227771311998367 20.042442321777344
-0.0925634503364563 0.05446178838610649 -0.99421626329422 -46.55294418334961 -0.026494357734918594 0.9980147480964661 0.05713653564453125 1.532915711402893 0.9953542351722717 0.03162987530231476 -0.09093676507472992 19.941532135009766
-0.09053756296634674 0.0577092282474041 -0.9942196011543274 -47.66160583496094 -0.026624932885169983 0.9978225231170654 0.060342926532030106 1.579471468925476 0.9955371022224426 0.03193432837724686 -0.08880392462015152 19.833145141601562
-0.08885736763477325 0.057302966713905334 -0.9943947196006775 -48.761199951171875 -0.024647148326039314 0.9979115724563599 0.059708062559366226 1.6356518268585205 0.9957394003868103 0.02981449104845524 -0.0872594565153122 19.728296279907227
-0.08649953454732895 0.056115541607141495 -0.9946701526641846 -49.8925666809082 -0.024912351742386818 0.9979783296585083 0.05846862867474556 1.6943752765655518 0.9959403276443481 0.02983708120882511 -0.08492669463157654 19.62777328491211
-0.08228623867034912 0.056636035442352295 -0.9949980974197388 -51.006778717041016 -0.029377110302448273 0.9978122115135193 0.059225693345069885 1.746608018875122 0.9961757063865662 0.034103624522686005 -0.08044242113828659 19.522174835205078
-0.076413594186306 0.057582609355449677 -0.9954120516777039 -52.14300537109375 -0.034384194761514664 0.9975849986076355 0.06034784018993378 1.7967263460159302 0.9964831471443176 0.03883782774209976 -0.07424911111593246 19.41585350036621
-0.07064821571111679 0.05708237737417221 -0.9958666563034058 -53.265132904052734 -0.03822385519742966 0.9974730014801025 0.05988611653447151 1.850225806236267 0.996768593788147 0.04229670763015747 -0.06828778982162476 19.32733726501465
-0.06487178057432175 0.0560939647257328 -0.9963157176971436 -54.407196044921875 -0.03974439948797226 0.9974814057350159 0.05874741077423096 1.9097254276275635 0.9971018433570862 0.04340902715921402 -0.06247897818684578 19.243328094482422
-0.05867353454232216 0.05519271641969681 -0.9967502951622009 -55.54235076904297 -0.03962774947285652 0.9975547194480896 0.05756993219256401 1.9633305072784424 0.997490406036377 0.04287680238485336 -0.056342899799346924 19.169206619262695
-0.05351336672902107 0.054574012756347656 -0.9970747232437134 -56.69157028198242 -0.03813686594367027 0.997665286064148 0.05665314942598343 2.0209877490997314 0.9978386163711548 0.041057005524635315 -0.05130715295672417 19.10149574279785
-0.048053327947854996 0.05531461536884308 -0.9973120093345642 -57.82743453979492 -0.03702782839536667 0.9976804256439209 0.057119157165288925 2.069342613220215 0.9981581568717957 0.039673060178756714 -0.04589369148015976 19.0439510345459
-0.04222959280014038 0.05702929198741913 -0.9974789619445801 -59.00337219238281 -0.036327559500932693 0.9976217746734619 0.05857543647289276 2.1187710762023926 0.9984472393989563 0.03870958834886551 -0.04005742073059082 18.991437911987305
-0.0369119755923748 0.058126505464315414 -0.997626543045044 -60.15614700317383 -0.03685561195015907 0.997548520565033 0.05948560684919357 2.1718907356262207 0.9986386895179749 0.038963861763477325 -0.034679196774959564 18.949886322021484
-0.03197223320603371 0.05737870931625366 -0.997840404510498 -61.325931549072266 -0.03637753427028656 0.997622549533844 0.05853177234530449 2.2214813232421875 0.9988265037536621 0.038170360028743744 -0.02980891615152359 18.915834426879883
-0.02661694958806038 0.05296441167593002 -0.9982415437698364 -62.47031784057617 -0.036462802439928055 0.9978793859481812 0.05391743406653404 2.2675132751464844 0.9989804625511169 0.0378338061273098 -0.024629278108477592 18.86754608154297
-0.02373262122273445 0.04789436608552933 -0.9985703825950623 -63.6304931640625 -0.035982646048069 0.998163640499115 0.048730041831731796 2.311002492904663 0.9990705847740173 0.03708770126104355 -0.021965673193335533 18.854480743408203
-0.018483689054846764 0.0475742444396019 -0.9986966848373413 -64.79700469970703 -0.03622649982571602 0.99817955493927 0.04822007939219475 2.3448309898376465 0.9991726279258728 0.03707056865096092 -0.016726592555642128 18.8102970123291
-0.014675639569759369 0.049675315618515015 -0.9986575841903687 -65.96746063232422 -0.03577539324760437 0.9980995655059814 0.050173286348581314 2.3909943103790283 0.9992520809173584 0.03646368905901909 -0.012870598584413528 18.776185989379883
-0.012398646213114262 0.04937709867954254 -0.9987033009529114 -67.10912322998047 -0.03612742945551872 0.9981057643890381 0.04979607090353966 2.430169105529785 0.9992702603340149 0.036697983741760254 -0.010591291822493076 18.751989364624023
-0.011750190518796444 0.04937947914004326 -0.9987109899520874 -68.30644989013672 -0.03781915828585625 0.9980433583259583 0.049791429191827774 2.473395824432373 0.9992155432701111 0.03835547715425491 -0.00985970813781023 18.744182586669922
-0.010898353531956673 0.05022236332297325 -0.9986786246299744 -69.48441314697266 -0.038744762539863586 0.9979666471481323 0.05060938000679016 2.516177177429199 0.9991897344589233 0.0392451286315918 -0.00893033854663372 18.725561141967773
-0.00895887054502964 0.04975854232907295 -0.9987211227416992 -70.6501693725586 -0.03966411575675011 0.9979574680328369 0.050076309591531754 2.5579495429992676 0.9991729259490967 0.04006202518939972 -0.006966941989958286 18.692668914794922
-0.008595815859735012 0.048063188791275024 -0.9988072514533997 -71.83106231689453 -0.03986402601003647 0.9980337023735046 0.04836903512477875 2.593418598175049 0.9991681575775146 0.040232252329587936 -0.006662922445684671 18.686758041381836
-0.008036462590098381 0.046717025339603424 -0.9988758563995361 -73.01032257080078 -0.03834477439522743 0.9981590509414673 0.04699200019240379 2.6361896991729736 0.999232292175293 0.03867931663990021 -0.006230315659195185 18.676191329956055
-0.007642455864697695 0.047100361436605453 -0.9988609552383423 -74.19554901123047 -0.03464463725686073 0.9982779622077942 0.04733794182538986 2.6663718223571777 0.9993705153465271 0.03496696054935455 -0.005997521337121725 18.66230010986328
-0.007616531569510698 0.04717308655381203 -0.9988576173782349 -75.39779663085938 -0.03271022066473961 0.9983403086662292 0.047398071736097336 2.7146055698394775 0.9994358420372009 0.03303385153412819 -0.006060849409550428 18.657320022583008
-0.007491082418709993 0.04986945167183876 -0.998727560043335 -76.58292388916016 -0.032369840890169144 0.9982201457023621 0.05008690431714058 2.75477933883667 0.9994478821754456 0.032703857868909836 -0.005863483529537916 18.643436431884766
-0.0073135229758918285 0.0533633828163147 -0.9985483884811401 -77.75980377197266 -0.03442651033401489 0.9979696869850159 0.05358460545539856 2.7960140705108643 0.9993804693222046 0.034768421202898026 -0.005461559630930424 18.6326961517334
-0.0067545087076723576 0.053630530834198 -0.9985381364822388 -78.96309661865234 -0.03679567202925682 0.9978712201118469 0.05384363234043121 2.8338468074798584 0.999299943447113 0.03710556775331497 -0.004766758996993303 18.61109733581543
-0.00600032601505518 0.05120206996798515 -0.9986702799797058 -80.13677215576172 -0.03833673149347305 0.9979423880577087 0.05139508098363876 2.8808417320251465 0.9992468953132629 0.038594137877225876 -0.004025059286504984 18.591455459594727
-0.005316261667758226 0.049304548650979996 -0.9987697005271912 -81.31131744384766 -0.03786294162273407 0.9980576038360596 0.049470946192741394 2.915803909301758 0.9992687702178955 0.03807935118675232 -0.003439120016992092 18.567638397216797
-0.006429973989725113 0.048869211226701736 -0.9987844824790955 -82.4986343383789 -0.03577473759651184 0.9981545209884644 0.04906868934631348 2.9486472606658936 0.9993391633033752 0.03604676201939583 -0.004669825080782175 18.577299118041992
-0.00619701249524951 0.049986910074949265 -0.9987306594848633 -83.67334747314453 -0.03473244979977608 0.9981364011764526 0.050172679126262665 2.991840362548828 0.999377429485321 0.03499928116798401 -0.004449296742677689 18.56699562072754
-0.004906790796667337 0.05284960940480232 -0.9985904693603516 -84.8548583984375 -0.03383403271436691 0.9980219602584839 0.052985768765211105 3.0328528881073 0.9994154572486877 0.03404632583260536 -0.0031089698895812035 18.54236602783203
-0.0054417382925748825 0.05556910112500191 -0.9984400272369385 -86.0135498046875 -0.03430486470460892 0.9978567361831665 0.055723607540130615 3.066948652267456 0.9993966221809387 0.034554582089185715 -0.0035237849224358797 18.54281234741211
-0.005040470510721207 0.05590355023741722 -0.9984234571456909 -87.1764144897461 -0.03570134937763214 0.9977896213531494 0.05604828894138336 3.1106879711151123 0.99934983253479 0.03592757508158684 -0.0030334971379488707 18.52703285217285
-0.005110021214932203 0.05363976210355759 -0.9985473155975342 -88.35054779052734 -0.035268694162368774 0.9979293942451477 0.05378706008195877 3.155208110809326 0.9993648529052734 0.03549230471253395 -0.00320763629861176 18.518041610717773
-0.004762273281812668 0.05247337743639946 -0.9986109137535095 -89.51771545410156 -0.03420863673090935 0.9980292320251465 0.052605949342250824 3.1947011947631836 0.9994033575057983 0.03441164270043373 -0.0029578451067209244 18.51227569580078
-0.004794335924088955 0.05359853059053421 -0.9985510110855103 -90.68040466308594 -0.03260877728462219 0.9980230331420898 0.05372675880789757 3.235414743423462 0.9994567036628723 0.03281911090016365 -0.0030370750464498997 18.503646850585938
-0.004134990740567446 0.056029364466667175 -0.9984205961227417 -91.85181427001953 -0.030614085495471954 0.9979540109634399 0.05612998083233833 3.2888834476470947 0.9995228052139282 0.03079783357679844 -0.0024112428072839975 18.4879093170166
-0.00424205930903554 0.058721937239170074 -0.9982653260231018 -93.00843811035156 -0.02841802127659321 0.9978640675544739 0.05881909653544426 3.3299851417541504 0.9995871186256409 0.028618237003684044 -0.002564237220212817 18.490337371826172
-0.003984224516898394 0.06082455813884735 -0.9981404542922974 -94.17821502685547 -0.029045989736914635 0.9977203011512756 0.060914892703294754 3.374629497528076 0.9995701313018799 0.02923467382788658 -0.0022084317170083523 18.48115348815918
-0.0032551120966672897 0.06237649545073509 -0.9980473518371582 -95.34324645996094 -0.03204997628927231 0.9975334405899048 0.062448900192976 3.4317524433135986 0.9994810223579407 0.03219067305326462 -0.0012479181168600917 18.461074829101562
-0.0030199375469237566 0.06184808164834976 -0.9980809688568115 -96.49720001220703 -0.03393973782658577 0.9975041747093201 0.06191503256559372 3.475742816925049 0.9994193315505981 0.034061580896377563 -0.0009132924024015665 18.4537296295166
-0.0031011011451482773 0.05737960711121559 -0.9983476400375366 -97.64952850341797 -0.036269884556531906 0.9976890683174133 0.0574544258415699 3.5312345027923584 0.9993371963500977 0.03638812527060509 -0.001012782915495336 18.440622329711914
-0.002484911819919944 0.055832237005233765 -0.9984371066093445 -98.80684661865234 -0.037693753838539124 0.9977253675460815 0.05588625371456146 3.578793525695801 0.9992862343788147 0.03777371346950531 -0.00037473306292667985 18.424089431762695
-0.0024246294051408768 0.05434650555253029 -0.9985191226005554 -99.96947479248047 -0.037166498601436615 0.9978273510932922 0.054399095475673676 3.615679979324341 0.9993061423301697 0.037243351340293884 -0.00039949212805368006 18.422483444213867
-0.002044443506747484 0.05489083752036095 -0.9984902143478394 -101.13946533203125 -0.03605075553059578 0.9978392720222473 0.05492886155843735 3.661715507507324 0.9993479251861572 0.03610862419009209 -6.116978329373524e-05 18.418697357177734
-0.002351535717025399 0.05689923092722893 -0.9983771443367004 -102.28260803222656 -0.03603930026292801 0.9977266192436218 0.05694703757762909 3.7064883708953857 0.9993476271629333 0.03611472621560097 -0.0002955809177365154 18.411426544189453
