1.0 0.0 0.0 0.0 0.0 1.0 0.0 0.0 0.0 0.0 1.0 0.0
0.9999955892562866 0.0029733588453382254 0.00014259616727940738 -0.0057274941354990005 -0.0029735483694821596 0.999994695186615 0.0013481589267030358 -0.012448959983885288 -0.0001385868526995182 -0.0013485769741237164 0.9999991059303284 0.7727003693580627
0.9999846816062927 0.005497996229678392 0.0006708523724228144 -0.014157406985759735 -0.005499296355992556 0.9999829530715942 0.001953373197466135 -0.030215885490179062 -0.0006601013010367751 -0.0019570323638617992 0.9999978542327881 1.5395170450210571
0.9999770522117615 0.006676037330180407 0.00116739294026047 -0.021783120930194855 -0.006678156089037657 0.9999760389328003 0.0018202462233603 -0.048393234610557556 -0.0011552127543836832 -0.0018280004151165485 0.999997615814209 2.2759664058685303
0.9999622702598572 0.008628622628748417 0.0010238154791295528 -0.02488762140274048 -0.008630160242319107 0.9999616146087646 0.0015062650199979544 -0.061677634716033936 -0.0010107792913913727 -0.0015150437830016017 0.9999983310699463 3.00334095954895
0.9999588131904602 0.008898233063519001 0.0017808355623856187 -0.03539120405912399 -0.008900398388504982 0.9999595880508423 0.0012107358779758215 -0.07492367923259735 -0.0017699903110042214 -0.0012265361147001386 0.9999976754188538 3.7197041511535645
0.9999576210975647 0.009001009166240692 0.0018958232831209898 -0.03456106781959534 -0.009005079977214336 0.9999571442604065 0.002150958403944969 -0.08866512030363083 -0.0018763808766379952 -0.0021679396741092205 0.9999958872795105 4.40778112411499
0.9999465346336365 0.009918777272105217 0.002918910700827837 -0.04651707410812378 -0.009933475404977798 0.9999378323554993 0.005064856261014938 -0.1028352603316307 -0.0028684919234365225 -0.0050935810431838036 0.9999829530715942 5.089052200317383
0.9999441504478455 0.009657749906182289 0.004289595410227776 -0.04145988076925278 -0.009695312939584255 0.9999140501022339 0.00882425345480442 -0.1076321005821228 -0.0042040045373141766 -0.008865348994731903 0.9999518394470215 5.759378910064697
0.9999445676803589 0.008994927629828453 0.005479332059621811 -0.037695664912462234 -0.00906208623200655 0.9998825192451477 0.012357808649539948 -0.1184767335653305 -0.005367531441152096 -0.012406776659190655 0.9999086260795593 6.388303756713867
0.9999415278434753 0.008324979804456234 0.006901560351252556 -0.04045912250876427 -0.008424422703683376 0.9998592734336853 0.014507479965686798 -0.12539255619049072 -0.006779815535992384 -0.014564773067831993 0.9998709559440613 6.99949836730957
0.9999295473098755 0.009054007939994335 0.007666417397558689 -0.026746198534965515 -0.00916532427072525 0.9998511672019958 0.014611519873142242 -0.1364910900592804 -0.007532984483987093 -0.014680756255984306 0.999863862991333 7.581134796142578
0.9999163746833801 0.00966770201921463 0.00859293807297945 -0.025403305888175964 -0.009771931916475296 0.9998781085014343 0.012171342968940735 -0.14759674668312073 -0.00847422331571579 -0.012254295870661736 0.9998890161514282 8.128293991088867
0.9999099969863892 0.009534402750432491 0.009440661408007145 -0.022180669009685516 -0.009620526805520058 0.9999121427536011 0.009119672700762749 -0.1497257649898529 -0.009352881461381912 -0.009209677577018738 0.9999138116836548 8.659637451171875
0.9999085068702698 0.007974066771566868 0.01091430988162756 -0.00971490889787674 -0.008058727718889713 0.9999375939369202 0.007734953425824642 -0.15896400809288025 -0.010851948522031307 -0.007822204381227493 0.9999105334281921 9.153496742248535
0.999907910823822 0.003973702434450388 0.012972844764590263 -0.004024378955364227 -0.004043040797114372 0.9999775886535645 0.0053230151534080505 -0.1643054485321045 -0.012951401993632317 -0.005374976433813572 0.9999016523361206 9.628182411193848
0.9998891949653625 0.0020828023552894592 0.014739960432052612 0.009662255644798279 -0.002146902959793806 0.999988317489624 0.004334265366196632 -0.17116914689540863 -0.01473076269030571 -0.00436543021351099 0.9998819828033447 10.071684837341309
0.9998414516448975 0.0063902814872562885 0.01662180759012699 0.014628589153289795 -0.0064286659471690655 0.9999767541885376 0.0022568178828805685 -0.1802995651960373 -0.016606997698545456 -0.0023633164819329977 0.9998593330383301 10.486237525939941
0.9997492432594299 0.01076416578143835 0.019635740667581558 0.01432374119758606 -0.010797780007123947 0.9999403953552246 0.001606661593541503 -0.18913455307483673 -0.01961727812886238 -0.0018182815983891487 0.9998058676719666 10.873841285705566
0.9996789693832397 0.011221207678318024 0.02271951548755169 0.02534206211566925 -0.011286928318440914 0.9999324679374695 0.0027664783410727978 -0.1981680691242218 -0.02268693968653679 -0.0030220237094908953 0.9997380375862122 11.221479415893555
0.9996453523635864 0.006758209317922592 0.02575973980128765 0.04495060443878174 -0.0068459222093224525 0.9999710321426392 0.0033183800987899303 -0.20467840135097504 -0.02573656663298607 -0.0034935525618493557 0.9996626377105713 11.546555519104004
0.9995867609977722 0.0026282211765646935 0.028625650331377983 0.05529046058654785 -0.0027105531189590693 0.999992311000824 0.0028377585113048553 -0.20658761262893677 -0.028617970645427704 -0.002914177253842354 0.9995861649513245 11.818296432495117
0.9995198845863342 -0.0007934949826449156 0.03097350336611271 0.07122781872749329 0.0006591019337065518 0.9999903440475464 0.004348945338279009 -0.21348115801811218 -0.03097665123641491 -0.004326442256569862 0.9995107650756836 12.0754976272583
0.9994399547576904 -0.0013694141525775194 0.033433374017477036 0.08089163899421692 0.0011904120910912752 0.999984860420227 0.005373300984501839 -0.21943634748458862 -0.03344022110104561 -0.005330491811037064 0.9994264841079712 12.307452201843262
0.9993619322776794 -0.0007338268915191293 0.035708993673324585 0.08466941118240356 0.0005796655896119773 0.9999904036521912 0.004327327944338322 -0.22326704859733582 -0.035711828619241714 -0.0043038674630224705 0.9993528127670288 12.513154029846191
0.9993035793304443 0.00011937170347664505 0.037314772605895996 0.10451540350914001 -0.0002398820943199098 0.9999947547912598 0.0032251132652163506 -0.23230262100696564 -0.037314195185899734 -0.0032318183220922947 0.9992983341217041 12.70766544342041
0.9991755485534668 0.0028685908764600754 0.040496159344911575 0.09947347640991211 -0.0029643492307513952 0.9999929666519165 0.0023047730792313814 -0.23714448511600494 -0.04048926383256912 -0.002422917867079377 0.9991770386695862 12.86489486694336
0.9990997910499573 0.005443235393613577 0.04207213222980499 0.10453829169273376 -0.005518842954188585 0.9999833703041077 0.001681154826655984 -0.24247899651527405 -0.04206228256225586 -0.0019118309719488025 0.999113142490387 13.034698486328125
0.9990347027778625 0.0069346558302640915 0.04337720200419426 0.10999929904937744 -0.0069502852857112885 0.9999758005142212 0.00020951149053871632 -0.24885517358779907 -0.04337469860911369 -0.0005107931792736053 0.9990587830543518 13.191431999206543
0.9989510178565979 0.005876564886420965 0.04541376233100891 0.11779797077178955 -0.005821386352181435 0.9999821782112122 -0.0013471755664795637 -0.25778937339782715 -0.045420870184898376 0.0010813912376761436 0.9989672899246216 13.341179847717285
0.9988721013069153 0.005100326146930456 0.04720625281333923 0.11739128828048706 -0.004968387074768543 0.9999834299087524 -0.002911854535341263 -0.2608383893966675 -0.047220319509506226 0.0026740313041955233 0.998880922794342 13.481080055236816
0.9988290071487427 0.003954648971557617 0.048218149691820145 0.13531827926635742 -0.0037743081338703632 0.9999855160713196 -0.0038305772468447685 -0.2618154287338257 -0.04823259264230728 0.003644102020189166 0.9988296031951904 13.614294052124023
0.9987740516662598 0.004460000898689032 0.04930088296532631 0.14786583185195923 -0.004211361054331064 0.9999779462814331 -0.0051460349932312965 -0.2657579481601715 -0.04932275414466858 0.004932102747261524 0.9987707138061523 13.751657485961914
0.9986922740936279 0.005464350339025259 0.050831593573093414 0.151372492313385 -0.005109046120196581 0.9999616146087646 -0.007117129862308502 -0.2708628475666046 -0.05086853355169296 0.006848121993243694 0.998681902885437 13.869146347045898
0.9986333847045898 0.005750857759267092 0.051945287734270096 0.15442144870758057 -0.0052540600299835205 0.9999391436576843 -0.009695373475551605 -0.26938337087631226 -0.05199788883328438 0.009409199468791485 0.9986028075218201 13.995808601379395
0.9986060261726379 0.0048476834781467915 0.05255836248397827 0.1635890007019043 -0.004234994761645794 0.9999218583106995 -0.011762406677007675 -0.2753215432167053 -0.05261126905679703 0.01152342651039362 0.9985486268997192 14.117696762084961
0.9986321330070496 0.003997867926955223 0.052133768796920776 0.1696760654449463 -0.0032989620231091976 0.9999035596847534 -0.013485170900821686 -0.279297411441803 -0.05218266695737839 0.013294737786054611 0.9985489845275879 14.2410249710083
0.998745858669281 0.0034988224506378174 0.04994506388902664 0.17721164226531982 -0.0027647712267935276 0.999887228012085 -0.014758706092834473 -0.2826545238494873 -0.04999106377363205 0.014602111652493477 0.9986429214477539 14.366045951843262
0.9988929629325867 0.0036448626779019833 0.04689965024590492 0.18123498558998108 -0.002917961683124304 0.9998746514320374 -0.015558218583464622 -0.2869054675102234 -0.04695047810673714 0.015404142439365387 0.9987784624099731 14.497374534606934
0.9990755319595337 0.0043134987354278564 0.04277179390192032 0.18562573194503784 -0.0035836370661854744 0.9998469352722168 -0.017126111313700676 -0.28410765528678894 -0.04283911734819412 0.0169569980353117 0.9989380240440369 14.618539810180664
0.9993078708648682 0.003936971537768841 0.03698994219303131 0.18294280767440796 -0.003271420020610094 0.9998319745063782 -0.018036099150776863 -0.29072773456573486 -0.03705473616719246 0.01790260709822178 0.9991527795791626 14.75495433807373
0.9995306730270386 0.004085858818143606 0.030359884724020958 0.17875993251800537 -0.0035201001446694136 0.9998195767402649 -0.01866518147289753 -0.2947859466075897 -0.03043067455291748 0.01854955218732357 0.9993647336959839 14.866521835327148
0.9997172951698303 0.004551857244223356 0.023335205391049385 0.17266465723514557 -0.004098754841834307 0.999802827835083 -0.019428297877311707 -0.29482418298721313 -0.02341904118657112 0.019327163696289062 0.9995388984680176 14.991467475891113
0.9998792409896851 0.0036720018833875656 0.0150978472083807 0.16735024750232697 -0.0033643576316535473 0.9997872114181519 -0.02035183645784855 -0.299732506275177 -0.015169370919466019 0.020298585295677185 0.9996788501739502 15.11894702911377
0.9999819397926331 0.002995694987475872 0.00520116463303566 0.15571758151054382 -0.0028829837683588266 0.9997637271881104 -0.02154413051903248 -0.30289217829704285 -0.00526447594165802 0.02152875065803528 0.9997543692588806 15.250378608703613
0.9999664425849915 0.0014268533559516072 -0.00806141085922718 0.14948347210884094 -0.001613203203305602 0.9997304677963257 -0.023157283663749695 -0.30608269572257996 0.00802619569003582 0.023169513791799545 0.9996993541717529 15.403299331665039
0.9997119307518005 0.000583223532885313 -0.02399500273168087 0.12702998518943787 -0.0011868617730215192 0.9996829032897949 -0.025150269269943237 -0.30871492624282837 0.023972734808921814 0.025171499699354172 0.9993957281112671 15.557771682739258
0.999062716960907 0.001034374930895865 -0.043271929025650024 0.09899473190307617 -0.002173848683014512 0.9996518492698669 -0.026294106617569923 -0.3091362714767456 0.04322966933250427 0.02636353112757206 0.9987172484397888 15.737805366516113
0.9978861212730408 0.002028068760409951 -0.06495398283004761 0.06293785572052002 -0.0037132729776203632 0.9996592998504639 -0.025834383442997932 -0.3160783350467682 0.06487945467233658 0.026020968332886696 0.9975537657737732 15.910379409790039
0.9960438013076782 0.0021535137202590704 -0.08883734792470932 0.029820561408996582 -0.004322575870901346 0.9996969699859619 -0.02423095889389515 -0.32716846466064453 0.08875824511051178 0.024519100785255432 0.9957514405250549 16.113759994506836
0.9933363199234009 0.0028929878026247025 -0.1152152270078659 -0.022296905517578125 -0.0055474042892456055 0.9997263550758362 -0.02272479236125946 -0.3329319953918457 0.11511795967817307 0.023212507367134094 0.9930805563926697 16.31505584716797
0.989428699016571 0.004015826154500246 -0.14496421813964844 -0.0949854850769043 -0.007053574081510305 0.9997659921646118 -0.020447270944714546 -0.34306085109710693 0.14484821259975433 0.02125363051891327 0.9892256259918213 16.54142951965332
0.9839484095573425 0.003997407853603363 -0.17840799689292908 -0.1624619960784912 -0.007190992124378681 0.9998252391815186 -0.01725740171968937 -0.34370726346969604 0.17830781638622284 0.018263323232531548 0.9838052988052368 16.79530143737793
0.976624608039856 0.00516924075782299 -0.21488985419273376 -0.25505900382995605 -0.008192859590053558 0.9998795986175537 -0.013182239606976509 -0.35223686695098877 0.21479584276676178 0.014634663239121437 0.9765492677688599 17.03787612915039
0.9669572114944458 0.006451387424021959 -0.25485721230506897 -0.35616374015808105 -0.008780150674283504 0.9999294281005859 -0.008000943809747696 -0.35468265414237976 0.2547876238822937 0.009974252432584763 0.9669456481933594 17.296409606933594
0.955134391784668 0.010601506568491459 -0.2959829270839691 -0.48341894149780273 -0.01199764758348465 0.9999237656593323 -0.0029010698199272156 -0.3598930239677429 0.29592961072921753 0.006322010885924101 0.9551887512207031 17.566661834716797
0.9409098625183105 0.013974401168525219 -0.33836913108825684 -0.6199069023132324 -0.014378171414136887 0.9998957514762878 0.0013133145403116941 -0.3619455099105835 0.338352233171463 0.003629419021308422 0.9410125613212585 17.841262817382812
0.9241763949394226 0.016460053622722626 -0.3816113770008087 -0.7682638168334961 -0.014823269098997116 0.9998639822006226 0.007228564471006393 -0.3671443462371826 0.3816785216331482 -0.001023740042001009 0.9242945909500122 18.113927841186523
0.9048256278038025 0.019985243678092957 -0.4253130257129669 -0.9325423240661621 -0.015044523403048515 0.9997746348381042 0.01497267372906208 -0.3738066852092743 0.4255164563655853 -0.007149023003876209 0.904922366142273 18.39410972595215
0.883220911026001 0.024203376844525337 -0.4683322310447693 -1.110285758972168 -0.016133401542901993 0.9996443390846252 0.021235808730125427 -0.3709537982940674 0.46867960691452026 -0.011200116947293282 0.8832972645759583 18.6495304107666
0.8583589792251587 0.0302023496478796 -0.5121595859527588 -1.3214678764343262 -0.01952390931546688 0.9994655847549438 0.026217767968773842 -0.3755180835723877 0.5126776695251465 -0.01250490266829729 0.8584900498390198 18.92814826965332
0.8302975296974182 0.03321591392159462 -0.5563297867774963 -1.5491065979003906 -0.02016543038189411 0.9993592500686646 0.029571177437901497 -0.3716743290424347 0.5569553971290588 -0.013334248214960098 0.8304353952407837 19.204145431518555
0.799432635307312 0.0372152253985405 -0.5996018648147583 -1.7930908203125 -0.022822430357336998 0.9992402195930481 0.03159088268876076 -0.3702196478843689 0.6003220081329346 -0.011570408008992672 0.7996745705604553 19.460813522338867
0.76539546251297 0.040655773133039474 -0.6422748565673828 -2.0694007873535156 -0.023726046085357666 0.9991067051887512 0.03496890887618065 -0.3665989637374878 0.643122673034668 -0.011526401154696941 0.7656763195991516 19.740062713623047
0.7289037108421326 0.04434972628951073 -0.6831782460212708 -2.3880300521850586 -0.024896763265132904 0.9989566206932068 0.03828592598438263 -0.3458293676376343 0.6841633915901184 -0.010897829197347164 0.7292473316192627 20.01572036743164
0.6899130344390869 0.04413224384188652 -0.7225456237792969 -2.709540367126465 -0.021254800260066986 0.9989445209503174 0.040719497948884964 -0.3273124098777771 0.7235800623893738 -0.012735352851450443 0.6901228427886963 20.272632598876953
0.64859539270401 0.04410826414823532 -0.7598541975021362 -3.0580787658691406 -0.01868429407477379 0.9989412426948547 0.04203835129737854 -0.314825177192688 0.7609040141105652 -0.013068542815744877 0.6487328410148621 20.534278869628906
0.6064643263816833 0.04301568865776062 -0.7939462661743164 -3.4419288635253906 -0.01304246298968792 0.9989393353462219 0.04415951296687126 -0.3034924864768982 0.7950037717819214 -0.016426147893071175 0.6063820123672485 20.778987884521484
0.5611857175827026 0.04290101304650307 -0.826577365398407 -3.844851493835449 -0.008321607485413551 0.9988977313041687 0.046195026487112045 -0.28624963760375977 0.8276481032371521 -0.01904553547501564 0.560924232006073 21.026884078979492
0.5156581401824951 0.04464919492602348 -0.8556301593780518 -4.263959884643555 -0.0062545593827962875 0.9988108277320862 0.04835135117173195 -0.2698237895965576 0.8567715287208557 -0.019581180065870285 0.5153241753578186 21.222562789916992
0.4654821753501892 0.04399605095386505 -0.8839631080627441 -4.718384742736816 -0.004996051546186209 0.9988784193992615 0.047084707766771317 -0.243979811668396 0.8850431442260742 -0.01750076189637184 0.4651799201965332 21.42319107055664
0.413543164730072 0.04313426464796066 -0.9094623327255249 -5.206527233123779 0.0005898210220038891 0.9988642930984497 0.04764266312122345 -0.22657537460327148 0.9104843735694885 -0.020238712430000305 0.41304805874824524 21.609676361083984
0.35877537727355957 0.041897304356098175 -0.9324831962585449 -5.715382099151611 0.005521770566701889 0.9988794326782227 0.0470050647854805 -0.2001129388809204 0.9334075450897217 -0.022013215348124504 0.3581419587135315 21.792457580566406
0.30570754408836365 0.04106943681836128 -0.951239287853241 -6.2258076667785645 0.008386202156543732 0.9989143013954163 0.04582292586565018 -0.18129104375839233 0.9520885348320007 -0.021985705941915512 0.30503132939338684 21.916439056396484
0.2523535490036011 0.04672147333621979 -0.9665065407752991 -6.785449028015137 0.009324600920081139 0.9986697435379028 0.05071090906858444 -0.1499042510986328 0.9675902128219604 -0.021809367462992668 0.2515822947025299 22.024429321289062
0.20065313577651978 0.05202142521739006 -0.9782801866531372 -7.3805341720581055 0.011828156188130379 0.9983875751495361 0.05551672726869583 -0.12355947494506836 0.9795909523963928 -0.022710856050252914 0.19971437752246857 22.117876052856445
0.15292559564113617 0.05320848152041435 -0.9868042469024658 -7.969395160675049 0.017582714557647705 0.9982449412345886 0.05655016377568245 -0.09823572635650635 0.9880812764167786 -0.025998665019869804 0.15172164142131805 22.183456420898438
0.10836638510227203 0.054662831127643585 -0.9926069974899292 -8.587740898132324 0.01998400129377842 0.9981656074523926 0.05715065449476242 -0.07567310333251953 0.9939101338386536 -0.026029473170638084 0.10707519948482513 22.22739028930664
0.068350650370121 0.05289297550916672 -0.9962581396102905 -9.220874786376953 0.01982199028134346 0.9983245134353638 0.05436260998249054 -0.04679638147354126 0.9974644184112549 -0.02346353977918625 0.06718765944242477 22.236602783203125
0.03263082727789879 0.048464637249708176 -0.9982917308807373 -9.856975555419922 0.017512459307909012 0.9986425638198853 0.049054086208343506 -0.012843608856201172 0.9993139505386353 -0.01908322051167488 0.0317378006875515 22.234935760498047
0.004297265782952309 0.048314791172742844 -0.9988228678703308 -10.534442901611328 0.0149835254997015 0.9987168312072754 0.04837413132190704 0.023953884840011597 0.9998786449432373 -0.015173760242760181 0.0035678185522556305 22.211200714111328
-0.016614880412817 0.05253865197300911 -0.9984807372093201 -11.238415718078613 0.014094041660428047 0.9985315799713135 0.05230680853128433 0.053262948989868164 0.9997625946998596 -0.013203548267483711 -0.017330974340438843 22.180612564086914
-0.02979419380426407 0.058680374175310135 -0.9978320598602295 -11.955857276916504 0.015881618484854698 0.9981770515441895 0.05822644755244255 0.08395081758499146 0.9994298815727234 -0.014112378470599651 -0.030671818181872368 22.159748077392578
-0.03776334971189499 0.061230145394802094 -0.9974089860916138 -12.699570655822754 0.015462200157344341 0.9980372786521912 0.060683295130729675 0.11904752254486084 0.9991670250892639 -0.013130531646311283 -0.0386359840631485 22.123350143432617
-0.041572682559490204 0.05845862254500389 -0.9974238276481628 -13.465177536010742 0.016535794362425804 0.9981903433799744 0.0578143410384655 0.15354180335998535 0.9989986419677734 -0.014089697040617466 -0.042464111000299454 22.08458709716797
-0.04054109379649162 0.054478518664836884 -0.9976915121078491 -14.243277549743652 0.023793118074536324 0.9982820153236389 0.053543925285339355 0.1914018988609314 0.9988945126533508 -0.021567465737462044 -0.041767656803131104 22.056142807006836
-0.036577560007572174 0.052974604070186615 -0.9979257583618164 -15.05562973022461 0.03586112707853317 0.9980204105377197 0.051665179431438446 0.23635739088058472 0.9986871480941772 -0.03389695659279823 -0.03840487822890282 22.0474853515625
-0.03085171990096569 0.05312072113156319 -0.9981114864349365 -15.879709243774414 0.03624069318175316 0.9979896545410156 0.051994021981954575 0.27408379316329956 0.998866617679596 -0.03456815332174301 -0.0327148362994194 22.022886276245117
-0.025771385058760643 0.0519704706966877 -0.9983160495758057 -16.730411529541016 0.034502334892749786 0.9980989694595337 0.0510684996843338 0.30142736434936523 0.999072253704071 -0.033128127455711365 -0.02751549892127514 21.995439529418945
-0.022883692756295204 0.045303959399461746 -0.9987110495567322 -17.591167449951172 0.038234226405620575 0.9982815384864807 0.0444083996117115 0.34082287549972534 0.9990066885948181 -0.0371687188744545 -0.024576527997851372 21.98697280883789
-0.020642561838030815 0.03453937545418739 -0.999190092086792 -18.483261108398438 0.03581065312027931 0.9987873435020447 0.033785630017519 0.3782702088356018 0.9991453886032104 -0.03508423641324043 -0.02185440994799137 21.965473175048828
-0.019792115315794945 0.026224320754408836 -0.9994601011276245 -19.37790870666504 0.027837874367833138 0.9992828965187073 0.025668397545814514 0.40320611000061035 0.9994165897369385 -0.027314811944961548 -0.020507952198386192 21.925888061523438
-0.02117689698934555 0.023250315338373184 -0.9995054602622986 -20.29684829711914 0.022393247112631798 0.9994897842407227 0.022775495424866676 0.42936572432518005 0.9995248913764954 -0.02189985103905201 -0.021686742082238197 21.894344329833984
-0.024785440415143967 0.029684048146009445 -0.9992519617080688 -21.250646591186523 0.013272016309201717 0.9994807243347168 0.029361646622419357 0.4444413483142853 0.9996047019958496 -0.012534345500171185 -0.02516653761267662 21.857086181640625
-0.02981949783861637 0.03792083263397217 -0.9988357424736023 -22.215839385986328 0.00868466217070818 0.9992521405220032 0.037677377462387085 0.46877843141555786 0.999517560005188 -0.007551029324531555 -0.030126528814435005 21.810813903808594
-0.03416571766138077 0.047381266951560974 -0.9982923865318298 -23.194395065307617 0.007155120838433504 0.99886155128479 0.04716339707374573 0.5036423206329346 0.9993906021118164 -0.005531530361622572 -0.034465838223695755 21.759349822998047
-0.03614657372236252 0.05729625001549721 -0.9977026581764221 -24.229862213134766 0.005736876744776964 0.9983505010604858 0.05712560936808586 0.545661985874176 0.9993300437927246 -0.003658801782876253 -0.03641565516591072 21.731321334838867
-0.03713267669081688 0.06526129692792892 -0.9971771240234375 -25.24864959716797 0.007750388700515032 0.9978541135787964 0.06501699984073639 0.590725839138031 0.9992803931236267 -0.00531425466760993 -0.037558797746896744 21.691791534423828
-0.03859890252351761 0.06604990363121033 -0.9970694780349731 -26.277591705322266 0.008713547140359879 0.9977973699569702 0.06576079875230789 0.6445075273513794 0.9992167949676514 -0.006149717606604099 -0.03908941149711609 21.649097442626953
-0.04020779952406883 0.06313392519950867 -0.9971947073936462 -27.28026580810547 0.007278188597410917 0.9979938864707947 0.06289105117321014 0.6964128613471985 0.9991648197174072 -0.004729061853140593 -0.04058663174510002 21.59972381591797
-0.04271552711725235 0.05837525427341461 -0.9973803758621216 -28.298479080200195 0.006897657178342342 0.9982850551605225 0.05813278257846832 0.742567777633667 0.9990634918212891 -0.004396416246891022 -0.04304492473602295 21.547531127929688
-0.04739663377404213 0.05311458185315132 -0.9974629878997803 -29.33574676513672 0.007073995657265186 0.9985780715942383 0.052837833762168884 0.789943277835846 0.9988510608673096 -0.0045517138205468655 -0.047704968601465225 21.490673065185547
-0.0531846322119236 0.04859064146876335 -0.997401773929596 -30.358190536499023 0.007568919565528631 0.9988064765930176 0.048255469650030136 0.8290195465087891 0.9985559582710266 -0.004982805345207453 -0.05348892882466316 21.43780517578125
-0.05974022299051285 0.04655905067920685 -0.9971275329589844 -31.38008689880371 0.006562338676303625 0.9989084005355835 0.046249035745859146 0.8704176545143127 0.9981924295425415 -0.003780561266466975 -0.059980541467666626 21.35869789123535
-0.06659679114818573 0.0491420216858387 -0.996569037437439 -32.40576171875 0.007202232722193003 0.998784065246582 0.04876994341611862 0.9082068204879761 0.9977539777755737 -0.003929600119590759 -0.06686975061893463 21.285734176635742
-0.07290346175432205 0.05391450971364975 -0.995880663394928 -33.49501419067383 0.005466365721076727 0.9985443949699402 0.05365854501724243 0.9527941346168518 0.9973239898681641 -0.001531954389065504 -0.07309208065271378 21.198299407958984
-0.07894222438335419 0.05670512467622757 -0.9952651858329773 -34.55450439453125 0.002371690236032009 0.9983887672424316 0.05669497698545456 0.9969086647033691 0.9968764185905457 0.002115166513249278 -0.07894951850175858 21.102088928222656
-0.08362226188182831 0.05890139564871788 -0.994755208492279 -35.62431716918945 -0.0005676632281392813 0.9982485175132751 0.059155967086553574 1.0475382804870605 0.9964974522590637 0.005511442199349403 -0.08344236016273499 21.00038719177246
-0.08656225353479385 0.06012122333049774 -0.9944307208061218 -36.694244384765625 -0.005139350891113281 0.9981371164321899 0.06079268082976341 1.0998563766479492 0.9962331652641296 0.01037308108061552 -0.0860920175909996 20.90546226501465
-0.0883900597691536 0.061090584844350815 -0.9942108392715454 -37.76826095581055 -0.00919946376234293 0.9980248212814331 0.06214282661676407 1.1551668643951416 0.9960434436798096 0.01463901437819004 -0.08765348047018051 20.799976348876953
-0.08950246125459671 0.06106071546673775 -0.9941131472587585 -38.842247009277344 -0.010407976806163788 0.9980071187019348 0.06223694980144501 1.1967312097549438 0.9959323406219482 0.015917068347334862 -0.08868858218193054 20.68909454345703
-0.09089730679988861 0.060298990458250046 -0.9940330982208252 -39.92097854614258 -0.011083532124757767 0.9980421662330627 0.06155569851398468 1.2470732927322388 0.995798647403717 0.016612647101283073 -0.09005102515220642 20.58148956298828
-0.09211167693138123 0.059414833784103394 -0.993974506855011 -41.01552963256836 -0.011765954084694386 0.9980837106704712 0.0607508085668087 1.3028243780136108 0.9956790804862976 0.017290914431214333 -0.09123606979846954 20.481414794921875
-0.09290851652622223 0.058513324707746506 -0.9939538836479187 -42.101707458496094 -0.014070801436901093 0.9980947375297546 0.06007235497236252 1.3542267084121704 0.9955750703811646 0.019566958770155907 -0.09190817922353745 20.366619110107422
-0.09368585795164108 0.056007519364356995 -0.9940253496170044 -43.18242645263672 -0.01871235854923725 0.9981409311294556 0.058003053069114685 1.4015023708343506 0.9954259395599365 0.024034619331359863 -0.0924636647105217 20.254913330078125
-0.09393614530563354 0.051212992519140244 -0.9942601323127747 -44.26841354370117 -0.023614222183823586 0.9982804656028748 0.0536511093378067 1.4477143287658691 0.9952981472015381 0.02851846069097519 -0.09256526082754135 20.14214515686035
-0.09312392771244049 0.050528716295957565 -0.9943716526031494 -45.38246536254883 -0.025447547435760498 0.9982643723487854 0.05310972407460213 1.493761658668518 0.9953292608261108 0.030250104144215584 -0.09167647361755371 20.030630111694336
-0.09161718934774399 0.05478058010339737 -0.9942864179611206 -46.49093246459961 -0.0263263750821352 0.9980034232139587 0.05741118639707565 1.5382403135299683 0.9954462051391602 0.031435802578926086 -0.08999208360910416 19.92699432373047
-0.08970095962285995 0.05805635824799538 -0.9942750930786133 -47.59442138671875 -0.026424944400787354 0.9978094696998596 0.06064671650528908 1.5817298889160156 0.9956181049346924 0.03171374276280403 -0.0879703164100647 19.820833206176758
-0.0884043276309967 0.05748596787452698 -0.9944244623184204 -48.701141357421875 -0.02429278939962387 0.9979119300842285 0.05984720215201378 1.6379525661468506 0.9957883954048157 0.029448099434375763 -0.0868232250213623 19.721769332885742
-0.08566112816333771 0.05663781985640526 -0.9947131872177124 -49.816673278808594 -0.024398457258939743 0.9979642629623413 0.05892403423786163 1.6915004253387451 0.996025562286377 0.029316971078515053 -0.08410485833883286 19.617202758789062
-0.081546850502491 0.057135455310344696 -0.9950304627418518 -50.926761627197266 -0.028959551826119423 0.9977980852127075 0.05966772884130478 1.7428650856018066 0.996248722076416 0.03368135169148445 -0.07971267402172089 19.514915466308594
-0.07570576667785645 0.05804090574383736 -0.9954394698143005 -52.06370162963867 -0.033811263740062714 0.9975809454917908 0.06073720008134842 1.794114589691162 0.99655681848526 0.038255225867033005 -0.0735602080821991 19.41049575805664
-0.06986621767282486 0.057648275047540665 -0.9958892464637756 -53.184486389160156 -0.03755622357130051 0.9974690079689026 0.06037446856498718 1.8471060991287231 0.9968491196632385 0.041619982570409775 -0.06752435863018036 19.320636749267578
-0.0637059137225151 0.05638257786631584 -0.9963747262954712 -54.322235107421875 -0.03941700607538223 0.9974815249443054 0.058965444564819336 1.9083716869354248 0.9971899390220642 0.04303055629134178 -0.061323054134845734 19.231840133666992
-0.05834449082612991 0.05572193115949631 -0.9967401623725891 -55.45527648925781 -0.038796987384557724 0.9975601434707642 0.05803876370191574 1.962533712387085 0.9975423216819763 0.04205675050616264 -0.05604029819369316 19.167356491088867
-0.052919741719961166 0.05544503405690193 -0.9970583319664001 -56.593658447265625 -0.03722408786416054 0.9976540207862854 0.05745385214686394 2.0114593505859375 0.9979047179222107 0.04015502706170082 -0.050731707364320755 19.102005004882812
-0.047440581023693085 0.055786918848752975 -0.9973149299621582 -57.744346618652344 -0.036360010504722595 0.9976810216903687 0.057536981999874115 2.069554090499878 0.9982120394706726 0.038991980254650116 -0.04530215635895729 19.04503059387207
-0.04174149036407471 0.05752283334732056 -0.9974712133407593 -58.88372802734375 -0.035536106675863266 0.9976240992546082 0.05901874974370003 2.1187000274658203 0.9984962940216064 0.037909772247076035 -0.03959818184375763 18.993194580078125
-0.035782601684331894 0.05840778723359108 -0.9976512789726257 -60.047454833984375 -0.036433640867471695 0.9975507259368896 0.05970865488052368 2.17924165725708 0.9986952543258667 0.0384846031665802 -0.033566951751708984 18.939613342285156
-0.031011829152703285 0.05793319270014763 -0.99783855676651 -61.197086334228516 -0.035808589309453964 0.9976134896278381 0.05903301388025284 2.2220582962036133 0.9988774657249451 0.03756191208958626 -0.02886330708861351 18.907154083251953
-0.026146797463297844 0.05326986312866211 -0.9982377886772156 -62.34109115600586 -0.035981759428977966 0.9978818893432617 0.054193343967199326 2.271430253982544 0.9990103244781494 0.037335336208343506 -0.02417467162013054 18.87166976928711
-0.02150408737361431 0.047722287476062775 -0.9986292123794556 -63.50756072998047 -0.036239203065633774 0.9981665015220642 0.04848053678870201 2.3213512897491455 0.9991117715835571 0.03723205626010895 -0.019735237583518028 18.843334197998047
-0.01812596805393696 0.047758232802152634 -0.9986944198608398 -64.67938995361328 -0.03545824810862541 0.9981995224952698 0.048378121107816696 2.3532934188842773 0.9992067813873291 0.03628885746002197 -0.01639990694820881 18.821792602539062
-0.01444439496845007 0.050145719200372696 -0.9986374974250793 -65.8479995727539 -0.03489156439900398 0.9981081485748291 0.0506238229572773 2.395787239074707 0.9992867112159729 0.0355752557516098 -0.012667404487729073 18.7956485748291
-0.012657813727855682 0.050123076885938644 -0.9986627697944641 -67.01705169677734 -0.03498408570885658 0.9981091618537903 0.05053870007395744 2.4317166805267334 0.9993076324462891 0.03557701036334038 -0.010880371555685997 18.777515411376953
-0.011466450989246368 0.04964454099535942 -0.9987011551856995 -68.18998718261719 -0.036877650767564774 0.9980663657188416 0.050036389380693436 2.481534481048584 0.9992539286613464 0.03740349039435387 -0.009613506495952606 18.75417137145996
-0.010458724573254585 0.050528526306152344 -0.99866783618927 -69.34342193603516 -0.03827112540602684 0.9979704022407532 0.05089404433965683 2.522879123687744 0.9992126226425171 0.03875242918729782 -0.008503714576363564 18.73845672607422
-0.009924937039613724 0.05050104856491089 -0.9986746311187744 -70.53190612792969 -0.038497891277074814 0.9979641437530518 0.05084770917892456 2.558669090270996 0.9992094039916992 0.03895153850317001 -0.007960546761751175 18.72573471069336
-0.00867557991296053 0.04792042449116707 -0.9988133907318115 -71.7056655883789 -0.03915788233280182 0.998068630695343 0.0482248030602932 2.607592821121216 0.999195396900177 0.03952980041503906 -0.006782361306250095 18.70659637451172
-0.008199640549719334 0.04652733728289604 -0.9988833069801331 -72.87637329101562 -0.03734803572297096 0.9982057213783264 0.046802349388599396 2.6501073837280273 0.9992687106132507 0.03769009932875633 -0.006447223015129566 18.698169708251953
-0.007770903408527374 0.046866562217473984 -0.9988709092140198 -74.07456970214844 -0.03393381088972092 0.9983133673667908 0.047104403376579285 2.6805014610290527 0.9993938207626343 0.0342615507543087 -0.0061674341559410095 18.6851863861084
-0.007395410910248756 0.04728877916932106 -0.998853862285614 -75.26055908203125 -0.03193814307451248 0.9983603954315186 0.047501884400844574 2.724996566772461 0.9994625449180603 0.03225283324718475 -0.005872969049960375 18.673189163208008
-0.007618982810527086 0.05060828477144241 -0.9986895322799683 -76.45069885253906 -0.031090199947357178 0.998223602771759 0.05082187429070473 2.7559633255004883 0.9994875192642212 0.03143666312098503 -0.0060320282354950905 18.666391372680664
-0.006561283953487873 0.054168734699487686 -0.9985103011131287 -77.63215637207031 -0.03366034850478172 0.9979538321495056 0.054359741508960724 2.7983593940734863 0.9994117617607117 0.033966872841119766 -0.00472452025860548 18.6408634185791
-0.006615159101784229 0.0542941652238369 -0.9985030889511108 -78.82335662841797 -0.0359039269387722 0.9978681802749634 0.05449751019477844 2.8410611152648926 0.9993333220481873 0.036210693418979645 -0.004651683382689953 18.634077072143555
-0.005954326596111059 0.05211901292204857 -0.9986231327056885 -79.99939727783203 -0.037046704441308975 0.9979437589645386 0.052304450422525406 2.8858585357666016 0.999295711517334 0.03730713576078415 -0.0040112449787557125 18.61780548095703
-0.005245765205472708 0.04969237372279167 -0.9987507462501526 -81.18206787109375 -0.03693012893199921 0.9980735182762146 0.0498526468873024 2.928853750228882 0.9993040561676025 0.03714551776647568 -0.0034005139023065567 18.593833923339844
-0.006458423566073179 0.04937727004289627 -0.9987593293190002 -82.37053680419922 -0.03419236093759537 0.9981852173805237 0.0495699942111969 2.9668807983398438 0.999394416809082 0.0344700887799263 -0.004758377559483051 18.603145599365234
-0.006177088245749474 0.05064331740140915 -0.9986976385116577 -83.54649353027344 -0.03304893150925636 0.9981608986854553 0.050820499658584595 3.0099000930786133 0.9994346499443054 0.03331982344388962 -0.004492019768804312 18.592485427856445
-0.005386570002883673 0.05360748991370201 -0.9985474944114685 -84.72891998291016 -0.031690046191215515 0.9980512857437134 0.05375180393457413 3.0491418838500977 0.9994832873344421 0.03193355351686478 -0.00367724965326488 18.57280921936035
-0.005277791526168585 0.05577671527862549 -0.9984292984008789 -85.8839340209961 -0.0326751284301281 0.9979004263877869 0.055919893085956573 3.0901479721069336 0.9994521141052246 0.032918933779001236 -0.0034441996831446886 18.56723976135254
-0.004954266827553511 0.05597173050045967 -0.998420000076294 -87.050048828125 -0.03404299169778824 0.9978441596031189 0.05610836669802666 3.1355700492858887 0.9994081258773804 0.03426717594265938 -0.0030381414107978344 18.5521297454834
-0.005051042884588242 0.05373315513134003 -0.9985425472259521 -88.22257232666016 -0.03363296017050743 0.9979811310768127 0.053873077034950256 3.1796324253082275 0.9994214773178101 0.03385605663061142 -0.0032336413860321045 18.543357849121094
-0.004505031276494265 0.052427031099796295 -0.9986145496368408 -89.39549255371094 -0.03267373889684677 0.9980838298797607 0.05254656821489334 3.2232015132904053 0.9994559288024902 0.03286519646644592 -0.002783410716801882 18.536556243896484
-0.00441555492579937 0.05358591675758362 -0.998553454875946 -90.55851745605469 -0.03103354200720787 0.9980748891830444 0.05369746685028076 3.264756202697754 0.9995085597038269 0.03122575767338276 -0.00274409307166934 18.527008056640625
-0.0037192218005657196 0.056115955114364624 -0.998417317867279 -91.72855377197266 -0.028995012864470482 0.9979984760284424 0.05620041862130165 3.316161632537842 0.9995726346969604 0.02915814518928528 -0.002084694104269147 18.51031494140625
-0.00424291891977191 0.05868078023195267 -0.9982677698135376 -92.88822174072266 -0.026990981772542 0.9979064464569092 0.058774251490831375 3.3577983379364014 0.9996266961097717 0.027193602174520493 -0.0026501838583499193 18.519601821899414
-0.00388169614598155 0.06044134497642517 -0.9981642365455627 -94.05902862548828 -0.02765536494553089 0.9977834224700928 0.06052583456039429 3.4076974391937256 0.9996099472045898 0.02783954329788685 -0.0022015650756657124 18.508840560913086
-0.0031386702321469784 0.06218799948692322 -0.9980595707893372 -95.22407531738281 -0.030546681955456734 0.997592568397522 0.06225498020648956 3.4610066413879395 0.9995284080505371 0.030682804062962532 -0.0012314781779423356 18.489046096801758
-0.0027472684159874916 0.06184273585677147 -0.9980821013450623 -96.37993621826172 -0.03255842998623848 0.9975511431694031 0.06189946085214615 3.5036048889160156 0.999466061592102 0.032666031271219254 -0.0007270378991961479 18.48097038269043
-0.0027700993232429028 0.05733209103345871 -0.9983513355255127 -97.53178405761719 -0.03485570847988129 0.9977430105209351 0.057393863797187805 3.559462308883667 0.9993884563446045 0.03495722636580467 -0.0007654968649148941 18.466764450073242
-0.0021956758573651314 0.055748164653778076 -0.9984424710273743 -98.68952941894531 -0.036309052258729935 0.9977819919586182 0.05579113960266113 3.607032060623169 0.9993382692337036 0.036375001072883606 -0.00016664247959852219 18.452404022216797
-0.002253140090033412 0.05445326492190361 -0.9985136985778809 -99.84590148925781 -0.035862814635038376 0.9978697299957275 0.05449904873967171 3.642946720123291 0.9993541836738586 0.03593231365084648 -0.00029549261671490967 18.451269149780273
-0.002322228392586112 0.05497004836797714 -0.9984853267669678 -101.01222229003906 -0.03467271849513054 0.9978832006454468 0.05501754209399223 3.689349412918091 0.9993960857391357 0.03474796190857887 -0.00041135147330351174 18.454761505126953
-0.0020447338465601206 0.05707649514079094 -0.9983676075935364 -102.15621185302734 -0.0347459651529789 0.99776291847229 0.057113077491521835 3.7323408126831055 0.9993941783905029 0.034806035459041595 -5.698192398995161e-05 18.438432693481445
