1.0 0.0 0.0 0.0 0.0 1.0 0.0 0.0 0.0 0.0 1.0 0.0
0.9999334812164307 -0.002507639117538929 0.011258597485721111 0.015504565089941025 0.002496686764061451 0.9999964237213135 0.0009867461631074548 -0.0037402850575745106 -0.011261031031608582 -0.0009585713851265609 0.9999361038208008 0.29549193382263184
0.9998284578323364 -0.004545192234218121 0.017956148833036423 0.02589753083884716 0.004524619784206152 0.9999890327453613 0.0011861709645017982 -0.008702771738171577 -0.017961343750357628 -0.0011047227308154106 0.9998380541801453 0.5826729536056519
0.9997769594192505 -0.007449488155543804 0.01976308412849903 0.038322772830724716 0.0074516599997878075 0.9999722242355347 -3.625917452154681e-05 -0.012551950290799141 -0.01976226456463337 0.00018351885955780745 0.999804675579071 0.8866177797317505
0.9998147487640381 -0.008662581443786621 0.017187703400850296 0.0501423105597496 0.008695068769156933 0.9999605417251587 -0.0018163364147767425 -0.009626265615224838 -0.017171291634440422 0.001965448260307312 0.9998506307601929 1.203067421913147
0.9998837113380432 -0.011482059955596924 0.01003920566290617 0.05704773962497711 0.011516770347952843 0.9999278783798218 -0.0034065404906868935 -0.010428382083773613 -0.009999367408454418 0.003521763486787677 0.9999437928199768 1.5204720497131348
0.9999110698699951 -0.013179018162190914 -0.0020344750955700874 0.05603764206171036 0.013167493045330048 0.9998977184295654 -0.005577432923018932 -0.010638034902513027 0.0021077722776681185 0.005550147499889135 0.9999823570251465 1.8552017211914062
0.9997477531433105 -0.012418227270245552 -0.01871061511337757 0.037573959678411484 0.012310441583395004 0.9999070167541504 -0.0058648185804486275 -0.014825255610048771 0.01878170669078827 0.005633004009723663 0.9998076558113098 2.191187620162964
0.999224066734314 -0.00785121787339449 -0.0385957695543766 0.01071806252002716 0.0076450142078101635 0.9999556541442871 -0.005487324204295874 -0.024439681321382523 0.03863714262843132 0.00518800038844347 0.9992398023605347 2.531684398651123
0.9982963800430298 -0.004380809608846903 -0.05818289518356323 -0.03596799448132515 0.0039699263870716095 0.9999663829803467 -0.007175655569881201 -0.023702802136540413 0.05821237340569496 0.006932448595762253 0.9982801079750061 2.8830745220184326
0.9969190359115601 -0.004191168118268251 -0.07832442969083786 -0.07251375913619995 0.003619384253397584 0.9999657273292542 -0.007440738379955292 -0.030892159789800644 0.0783529132604599 0.007134328130632639 0.9969000816345215 3.2462542057037354
0.9950050115585327 -0.005733232479542494 -0.09965971857309341 -0.11910009384155273 0.00507703609764576 0.9999638199806213 -0.006836741231381893 -0.033131107687950134 0.09969529509544373 0.006296616513282061 0.994998037815094 3.625342845916748
0.9927913546562195 -0.007238435093313456 -0.11963661760091782 -0.1757291555404663 0.006548856385052204 0.9999597072601318 -0.0061561064794659615 -0.038263123482465744 0.11967635154724121 0.005328246857970953 0.9927986264228821 4.013437747955322
0.9904996752738953 -0.006278838496655226 -0.13737136125564575 -0.24611392617225647 0.0055546630173921585 0.9999685883522034 -0.005654370877891779 -0.04175882413983345 0.13740253448486328 0.004837600979954004 0.9905034899711609 4.406287670135498
0.9881702661514282 -0.005072146654129028 -0.15327690541744232 -0.3202751874923706 0.004340633284300566 0.9999775886535645 -0.005106757394969463 -0.04740501567721367 0.15329934656620026 0.004381026141345501 0.9881701469421387 4.81721305847168
0.9859318137168884 -0.004481641575694084 -0.16708770394325256 -0.4021119475364685 0.0036537048872560263 0.9999794960021973 -0.005262177903205156 -0.05581542104482651 0.16710785031318665 0.004577660467475653 0.9859279990196228 5.234818935394287
0.9838064312934875 -0.005911165848374367 -0.17913705110549927 -0.4937545359134674 0.004871510900557041 0.9999686479568481 -0.006243023555725813 -0.061885684728622437 0.17916834354400635 0.005269258748739958 0.9838044047355652 5.662158489227295
0.9820501804351807 -0.009795608930289745 -0.1883651316165924 -0.5807725191116333 0.008405939675867558 0.999931275844574 -0.00817498192191124 -0.07324731349945068 0.1884322613477707 0.00644485792145133 0.982064962387085 6.101967811584473
0.9804545044898987 -0.008952990174293518 -0.1965421736240387 -0.6769160032272339 0.007129884324967861 0.9999247789382935 -0.00998152419924736 -0.08178125321865082 0.1966167539358139 0.008385107852518559 0.9804444909095764 6.567488670349121
0.9788809418678284 -0.008495736867189407 -0.2042546272277832 -0.7803104519844055 0.006173919420689344 0.9999089241027832 -0.012001839466392994 -0.08466971665620804 0.20433799922466278 0.010487318970263004 0.978844165802002 7.035511493682861
0.9772495031356812 -0.00968820508569479 -0.21187135577201843 -0.8953192830085754 0.006759608630090952 0.9998714327812195 -0.014542480930685997 -0.09618300944566727 0.2119850069284439 0.012779464945197105 0.977189302444458 7.5116095542907715
0.9755746722221375 -0.012683428823947906 -0.21930141746997833 -1.0140138864517212 0.009332127869129181 0.9998233914375305 -0.016310889273881912 -0.1063074842095375 0.2194695621728897 0.013865943066775799 0.9755207896232605 7.997187614440918
0.9735592603683472 -0.01929771713912487 -0.22761791944503784 -1.120443344116211 0.015689004212617874 0.999721109867096 -0.01765308529138565 -0.1175779178738594 0.2278950959444046 0.013615227304399014 0.9735904932022095 8.51087474822998
0.9714959859848022 -0.01967896893620491 -0.23623774945735931 -1.251542091369629 0.01538023166358471 0.9996809959411621 -0.02002584934234619 -0.1329561471939087 0.2365565150976181 0.015821639448404312 0.971488893032074 9.028958320617676
0.9694324731826782 -0.015933377668261528 -0.24484004080295563 -1.403564453125 0.010197306051850319 0.9996434450149536 -0.024677719920873642 -0.14168941974639893 0.24514594674110413 0.02142667956650257 0.9692493677139282 9.563618659973145
0.9672493934631348 -0.012934945523738861 -0.25349777936935425 -1.5602531433105469 0.00615894328802824 0.999602735042572 -0.027505451813340187 -0.16110694408416748 0.25375285744667053 0.02504335716366768 0.9669448733329773 10.102738380432129
0.9650110006332397 -0.015309764072299004 -0.26176178455352783 -1.716147780418396 0.007834499701857567 0.9995318651199341 -0.029577331617474556 -0.17826248705387115 0.26209205389022827 0.0264916829764843 0.9646791815757751 10.656682968139648
0.9624457359313965 -0.018617652356624603 -0.27083495259284973 -1.8671923875808716 0.01046313252300024 0.999448299407959 -0.03152170032262802 -0.20172978937625885 0.2712724208831787 0.027504149824380875 0.9621095061302185 11.228226661682129
0.9602070450782776 -0.01815006136894226 -0.27869880199432373 -2.043121337890625 0.009019408375024796 0.9993808269500732 -0.03400919586420059 -0.22325672209262848 0.27914348244667053 0.030142173171043396 0.9597761631011963 11.803646087646484
0.9578754305839539 -0.01716584712266922 -0.2866703271865845 -2.233001947402954 0.006670659873634577 0.9992726445198059 -0.03754730895161629 -0.25018638372421265 0.28710636496543884 0.034053366631269455 0.9572932124137878 12.398608207702637
0.9555818438529968 -0.01784149557352066 -0.2941854000091553 -2.4237284660339355 0.0055705346167087555 0.9990810751914978 -0.04249700531363487 -0.2829480767250061 0.2946733236312866 0.038970593363046646 0.9548031091690063 12.992483139038086
0.9538054466247559 -0.01925681158900261 -0.29980719089508057 -2.619112491607666 0.004392013885080814 0.9987307190895081 -0.050176382064819336 -0.31734398007392883 0.3003929555416107 0.04654175043106079 0.9526793360710144 13.600255966186523
0.9524064660072327 -0.020120931789278984 -0.3041660785675049 -2.8243305683135986 0.002504842123016715 0.9983021020889282 -0.058195631951093674 -0.35445332527160645 0.30482062697410583 0.0546640083193779 0.9508397579193115 14.22048568725586
0.9511331915855408 -0.019827423617243767 -0.3081439137458801 -3.0370376110076904 -0.0009069136576727033 0.9977526068687439 -0.0669994205236435 -0.3943336606025696 0.3087798058986664 0.0640048235654831 0.948977530002594 14.837859153747559
0.9498773813247681 -0.019277118146419525 -0.3120279312133789 -3.260577440261841 -0.004644828382879496 0.9971166253089905 -0.07574179768562317 -0.4437277615070343 0.31258827447891235 0.07339473813772202 0.9470489621162415 15.477766990661621
0.9486516714096069 -0.018766334280371666 -0.3157656788825989 -3.4935719966888428 -0.007783996406942606 0.9965513944625854 -0.08261162042617798 -0.4982420802116394 0.3162270784378052 0.08082757890224457 0.9452340006828308 16.124364852905273
0.9469906687736511 -0.01653536967933178 -0.3208352327346802 -3.7303879261016846 -0.012863538227975368 0.9959219694137573 -0.08929689973592758 -0.5597876310348511 0.32100334763526917 0.08869041502475739 0.9429161548614502 16.78065299987793
0.945332944393158 -0.016014156863093376 -0.3257133960723877 -3.967292308807373 -0.01596864126622677 0.9953222870826721 -0.09528291970491409 -0.6239259243011475 0.3257156312465668 0.09527529031038284 0.9406550526618958 17.447778701782227
0.9436675906181335 -0.014864438213407993 -0.3305610716342926 -4.221436977386475 -0.019615881145000458 0.9947206377983093 -0.10072824358940125 -0.6945385336875916 0.33031314611434937 0.10153821110725403 0.9383939504623413 18.125141143798828
0.9418870210647583 -0.011752801015973091 -0.33572423458099365 -4.473946571350098 -0.02443901263177395 0.9943422675132751 -0.10337380319833755 -0.774103581905365 0.33503973484039307 0.1055712029337883 0.9362708330154419 18.8107967376709
0.940192699432373 -0.010737982578575611 -0.3404737710952759 -4.744344234466553 -0.02669249102473259 0.9941073656082153 -0.105061836540699 -0.848680853843689 0.33959558606147766 0.10786645114421844 0.9343658685684204 19.508939743041992
0.9379139542579651 -0.010530203580856323 -0.34670817852020264 -5.011951446533203 -0.027263285592198372 0.9942089319229126 -0.10394860059022903 -0.9347430467605591 0.34579500555992126 0.10694724321365356 0.9321953058242798 20.213043212890625
0.935542643070221 -0.010427678935229778 -0.3530600070953369 -5.283369541168213 -0.027486413717269897 0.9943838119506836 -0.10220307111740112 -1.0161679983139038 0.35214290022850037 0.10531967878341675 0.9300017356872559 20.927738189697266
0.9329590201377869 -0.011229162104427814 -0.35980743169784546 -5.568081855773926 -0.02667083591222763 0.994610071182251 -0.100196473300457 -1.103070616722107 0.35899320244789124 0.1030755564570427 0.9276309609413147 21.64457130432129
0.9297476410865784 -0.010367910377681255 -0.3680514693260193 -5.867837429046631 -0.027420297265052795 0.9948779344558716 -0.09729280322790146 -1.1821891069412231 0.36717504262924194 0.10054982453584671 0.9247011542320251 22.37401580810547
0.9264153242111206 -0.008173725567758083 -0.37641456723213196 -6.170643329620361 -0.0283668152987957 0.9954072833061218 -0.09143014252185822 -1.261099100112915 0.37543314695358276 0.09537994861602783 0.9219287633895874 23.093652725219727
0.9229848980903625 -0.00436623627319932 -0.3848113715648651 -6.5004048347473145 -0.03134853392839432 0.9957594871520996 -0.08648896962404251 -1.3417431116104126 0.38355720043182373 0.09189130365848541 0.9189341068267822 23.84320831298828
0.9194701910018921 -0.00034769566264003515 -0.39315953850746155 -6.8326263427734375 -0.034634292125701904 0.9960403442382812 -0.08187903463840485 -1.424035906791687 0.39163118600845337 0.08890213817358017 0.915817379951477 24.582082748413086
0.9155752062797546 0.0006903596804477274 -0.40214625000953674 -7.179301738739014 -0.03603067621588707 0.9961175322532654 -0.08032180368900299 -1.4946297407150269 0.40052950382232666 0.08803025633096695 0.912045419216156 25.341415405273438
0.9115751385688782 0.000347285094903782 -0.4111332893371582 -7.524115562438965 -0.03647365793585777 0.9961250424385071 -0.08002889156341553 -1.5592761039733887 0.40951237082481384 0.08794789761304855 0.9080554246902466 26.07387924194336
0.9077628254890442 0.0005386065458878875 -0.419483482837677 -7.8910746574401855 -0.0369713269174099 0.9962104558944702 -0.0787268877029419 -1.630420446395874 0.41785141825675964 0.08697421103715897 0.9043426513671875 26.844995498657227
0.9036983847618103 0.001103501534089446 -0.42816805839538574 -8.281437873840332 -0.03776353597640991 0.9963051676750183 -0.07713659852743149 -1.6972311735153198 0.42650091648101807 0.08587737381458282 0.9004009962081909 27.639989852905273
0.8999513983726501 0.0003879574651364237 -0.43598997592926025 -8.63825511932373 -0.03666742146015167 0.9965241551399231 -0.07480055838823318 -1.7691189050674438 0.43444550037384033 0.08330348134040833 0.8968375325202942 28.37558937072754
0.8961232900619507 0.0006704675033688545 -0.44380465149879456 -9.03541374206543 -0.03563498705625534 0.9968788623809814 -0.07044757902622223 -1.8403618335723877 0.44237226247787476 0.07894468307495117 0.8933501243591309 29.168075561523438
0.892327070236206 0.0033401495311409235 -0.4513770639896393 -9.44723892211914 -0.036623675376176834 0.9972115159034729 -0.0650220587849617 -1.9053418636322021 0.44990116357803345 0.0745520144701004 0.8899611830711365 29.950450897216797
0.888593852519989 0.003472631797194481 -0.4586816430091858 -9.873252868652344 -0.03522602841258049 0.9975348114967346 -0.06069040298461914 -1.9712412357330322 0.45734015107154846 0.07008665055036545 0.8865256905555725 30.755075454711914
0.8849189877510071 0.0022846574429422617 -0.46573927998542786 -10.307497024536133 -0.03353281319141388 0.997705340385437 -0.058819204568862915 -2.032094717025757 0.4645361304283142 0.06766778230667114 0.8829649686813354 31.561025619506836
0.881472110748291 0.0020801511127501726 -0.47223150730133057 -10.737278938293457 -0.033500805497169495 0.9977462887763977 -0.058137938380241394 -2.0893537998199463 0.4710462689399719 0.06706710159778595 0.8795551657676697 32.369285583496094
0.8784388899803162 0.0028111105784773827 -0.4778464734554291 -11.197480201721191 -0.03355081006884575 0.9978776574134827 -0.05580703169107437 -2.150951385498047 0.47667545080184937 0.06505519896745682 0.8766688704490662 33.196380615234375
0.8752224445343018 0.00035563335404731333 -0.48372048139572144 -11.647061347961426 -0.030656898394227028 0.9980301260948181 -0.05473547801375389 -2.2036635875701904 0.48274821043014526 0.06273508816957474 0.8735092282295227 34.01742935180664
0.872706413269043 -0.0005390674341470003 -0.48824504017829895 -12.145817756652832 -0.030006922781467438 0.998049795627594 -0.054737359285354614 -2.2646069526672363 0.48732244968414307 0.062420379370450974 0.8709881901741028 34.86666488647461
0.8701598644256592 -0.002495394553989172 -0.4927631616592407 -12.59978199005127 -0.028521765023469925 0.998055636882782 -0.05542020499706268 -2.3167471885681152 0.491943359375 0.06227891519665718 0.8683968186378479 35.71186828613281
0.8686928749084473 -0.002152025932446122 -0.495346337556839 -13.101725578308105 -0.029339423403143883 0.9980114102363586 -0.05578863248229027 -2.3764536380767822 0.4944813847541809 0.06299635767936707 0.8669022917747498 36.57832336425781
0.8682129383087158 -0.002415725728496909 -0.49618589878082275 -13.595856666564941 -0.028647083789110184 0.9980760812759399 -0.054985128343105316 -2.436466693878174 0.49536412954330444 0.06195307523012161 0.8664734363555908 37.432037353515625
0.8677995800971985 -0.0024450584314763546 -0.4969082772731781 -14.099411964416504 -0.027968844398856163 0.9981622695922852 -0.053756240755319595 -2.4922521114349365 0.49612653255462646 0.0605475939810276 0.8661364912986755 38.31904220581055
0.8677177429199219 -0.003380410373210907 -0.4970458149909973 -14.61831283569336 -0.02636563777923584 0.9982560276985168 -0.052816957235336304 -2.5615603923797607 0.4963575005531311 0.05893513560295105 0.866115391254425 39.18913650512695
0.8669028878211975 -0.0057454644702374935 -0.49844396114349365 -15.138794898986816 -0.02401525154709816 0.9982910752296448 -0.053274866193532944 -2.6256299018859863 0.49789825081825256 0.0581543892621994 0.8652834296226501 40.099456787109375
0.8656815886497498 -0.008690645918250084 -0.5005196332931519 -15.659737586975098 -0.02104717306792736 0.9983332753181458 -0.05373678356409073 -2.6885476112365723 0.5001524090766907 0.057053469121456146 0.8640558123588562 41.00290298461914
0.8638684749603271 -0.009197217412292957 -0.503633439540863 -16.20025634765625 -0.019796550273895264 0.9984409809112549 -0.05218973010778427 -2.7448019981384277 0.5033283233642578 0.055055271834135056 0.8623396158218384 41.94271469116211
0.8619207739830017 -0.00834915041923523 -0.5069741010665894 -16.742149353027344 -0.01861528307199478 0.9986692667007446 -0.04809505119919777 -2.8096671104431152 0.5067009925842285 0.05089159682393074 0.8606184124946594 42.84141159057617
0.859122633934021 -0.008258704096078873 -0.5117030143737793 -17.29007339477539 -0.016690639778971672 0.9988856911659241 -0.04414437711238861 -2.8704636096954346 0.5114974975585938 0.04646608605980873 0.8580275774002075 43.75858688354492
0.854975700378418 -0.008708515204489231 -0.5185950994491577 -17.856822967529297 -0.015312982723116875 0.9989993572235107 -0.042021267116069794 -2.9362828731536865 0.5184422135353088 0.043868403881788254 0.8539867401123047 44.67951583862305
0.8496278524398804 -0.012285367585718632 -0.5272396206855774 -18.41920280456543 -0.013284815475344658 0.9989128708839417 -0.04468396678566933 -2.9916088581085205 0.5272154808044434 0.04496902599930763 0.8485409617424011 45.584449768066406
0.8435919284820557 -0.01594761200249195 -0.536747932434082 -18.98859405517578 -0.011456524021923542 0.998796820640564 -0.04768170788884163 -3.052086353302002 0.5368625521659851 0.04637317359447479 0.8423942923545837 46.48001480102539
0.8374932408332825 -0.015965398401021957 -0.5462144613265991 -19.574748992919922 -0.011676948517560959 0.9988219738006592 -0.047098636627197266 -3.110138416290283 0.5463229417800903 0.04582291096448898 0.8363202214241028 47.365386962890625
0.8314732909202576 -0.012594527564942837 -0.5554219484329224 -20.173486709594727 -0.012858156114816666 0.9990389347076416 -0.04190262779593468 -3.1723732948303223 0.5554159283638 0.04198261722922325 0.830512285232544 48.25746536254883
0.8263037204742432 -0.0079926373437047 -0.5631680488586426 -20.781721115112305 -0.016015058383345604 0.9991615414619446 -0.03767834231257439 -3.228651762008667 0.5629971027374268 0.04015291854739189 0.8254829049110413 49.13575744628906
0.8224588632583618 -0.007429085671901703 -0.56877601146698 -21.399124145507812 -0.01778229884803295 0.9990901947021484 -0.038763124495744705 -3.2856085300445557 0.5685465335845947 0.041995223611593246 0.8215785622596741 49.99597930908203
0.8187198042869568 -0.010592459701001644 -0.5740954875946045 -22.015430450439453 -0.017396099865436554 0.9989132285118103 -0.0432392917573452 -3.3430964946746826 0.5739296674728394 0.045387882739305496 0.817645788192749 50.88502502441406
0.8156488537788391 -0.013022702187299728 -0.578400731086731 -22.64118003845215 -0.019995564594864845 0.9985148310661316 -0.05067891255021095 -3.396920919418335 0.5782016515731812 0.05290164798498154 0.8141770362854004 51.754600524902344
0.812437117099762 -0.013765711337327957 -0.582886278629303 -23.278547286987305 -0.020225172862410545 0.998454213142395 -0.051770150661468506 -3.4646568298339844 0.5826979279518127 0.05384897068142891 0.8109027743339539 52.63554763793945
0.809166431427002 -0.012231674045324326 -0.5874521136283875 -23.916881561279297 -0.019408036023378372 0.998681366443634 -0.04752706363797188 -3.5321686267852783 0.5872588157653809 0.049858592450618744 0.8078620433807373 53.49661636352539
0.8058778047561646 -0.009744365699589252 -0.5920016765594482 -24.551342010498047 -0.019264208152890205 0.9989036917686462 -0.04266589134931564 -3.58921217918396 0.5917683839797974 0.04578794166445732 0.8048065304756165 54.35416793823242
0.8031246066093445 -0.007598197553306818 -0.5957626700401306 -25.201656341552734 -0.019947992637753487 0.9990153312683105 -0.03963229060173035 -3.645108222961426 0.5954771041870117 0.04371393844485283 0.8021820783615112 55.203941345214844
0.7999334931373596 -0.007224489003419876 -0.6000452041625977 -25.85515022277832 -0.021417764946818352 0.9989467263221741 -0.04057973250746727 -3.692559242248535 0.5997063517570496 0.04531271010637283 0.798936128616333 56.06693649291992
0.796489417552948 -0.008433115668594837 -0.6045937538146973 -26.525070190429688 -0.021292272955179214 0.9988915324211121 -0.04198330268263817 -3.749454975128174 0.604277491569519 0.04631242901086807 0.7954269647598267 56.92328643798828
0.7922052145004272 -0.011528688482940197 -0.6101459264755249 -27.185808181762695 -0.020023362711071968 0.9987921714782715 -0.044870223850011826 -3.8040530681610107 0.6099262237548828 0.04776358976960182 0.7910175323486328 57.789710998535156
0.7884493470191956 -0.012300795875489712 -0.614976704120636 -27.849536895751953 -0.019629886373877525 0.998787522315979 -0.04514488950371742 -3.864067554473877 0.6147864460945129 0.04766637459397316 0.7872519493103027 58.60928726196289
0.7836441993713379 -0.012705996632575989 -0.6210798621177673 -28.519636154174805 -0.018417969346046448 0.9988759756088257 -0.043673690408468246 -3.933889150619507 0.6209368705749512 0.04566367343068123 0.7825294137001038 59.45356750488281
0.7789192199707031 -0.012441428378224373 -0.6270007491111755 -29.20880889892578 -0.018666818737983704 0.9989001750946045 -0.04301061853766441 -3.9895575046539307 0.6268462538719177 0.045205917209386826 0.7778303623199463 60.29120635986328
0.773343563079834 -0.013608713634312153 -0.6338409781455994 -29.902563095092773 -0.018546633422374725 0.9988560080528259 -0.04407424479722977 -4.052420616149902 0.633715808391571 0.04584015905857086 0.7722065448760986 61.14158248901367
0.7678722739219666 -0.015542279928922653 -0.640414297580719 -30.592924118041992 -0.01701129972934723 0.9988583326339722 -0.044638361781835556 -4.123727798461914 0.6403769254684448 0.04517083987593651 0.766731321811676 61.96438217163086
0.7623854875564575 -0.01660315878689289 -0.6469101309776306 -31.29972267150879 -0.016372326761484146 0.9988559484481812 -0.04493080452084541 -4.186478137969971 0.6469159722328186 0.04484601691365242 0.7612414360046387 62.7900505065918
0.7564968466758728 -0.018409203737974167 -0.6537383198738098 -32.024776458740234 -0.016050206497311592 0.9987800717353821 -0.04669860377907753 -4.244037628173828 0.6538005471229553 0.045819979161024094 0.7552783489227295 63.62726593017578
0.750456690788269 -0.02010866440832615 -0.6606136560440063 -32.75492477416992 -0.015787389129400253 0.9987064599990845 -0.048334453254938126 -4.301072120666504 0.6607310771942139 0.04670227691531181 0.7491683959960938 64.45246124267578
0.744110107421875 -0.02124575339257717 -0.6677190065383911 -33.50703811645508 -0.014466586522758007 0.9987472891807556 -0.047900207340717316 -4.375741958618164 0.6679002046585083 0.04530264437198639 0.7428707480430603 65.28343200683594
0.7378254532814026 -0.02103436551988125 -0.674663782119751 -34.26655578613281 -0.013550014235079288 0.9988512992858887 -0.045960310846567154 -4.442137241363525 0.6748555302619934 0.04305238276720047 0.7366929650306702 66.10726928710938
0.7312995791435242 -0.021801002323627472 -0.6817078590393066 -35.03036117553711 -0.012655132450163364 0.9988831877708435 -0.04552002251148224 -4.498963356018066 0.6819389462471008 0.04191587492823601 0.7302070260047913 66.9146957397461
0.7246690392494202 -0.02352769672870636 -0.6886952519416809 -35.78873062133789 -0.011426177807152271 0.9988692402839661 -0.04614710435271263 -4.565301895141602 0.6890023350715637 0.04131053015589714 0.7235808968544006 67.7125244140625
0.7179315090179443 -0.025864150375127792 -0.695633053779602 -36.57378387451172 -0.01041413564234972 0.9987986087799072 -0.047884032130241394 -4.626128196716309 0.6960357427597046 0.04162187501788139 0.7167996764183044 68.5316162109375
0.7122195959091187 -0.025142258033156395 -0.7015063762664795 -37.37990951538086 -0.011888662353157997 0.9987829327583313 -0.04786699265241623 -4.6877217292785645 0.7018560171127319 0.0424317792057991 0.7110539078712463 69.32462310791016
0.7064082622528076 -0.024925503879785538 -0.7073655128479004 -38.192745208740234 -0.01181505061686039 0.9988251328468323 -0.04699475318193436 -4.752005100250244 0.7077058553695679 0.041555050760507584 0.7052839398384094 70.13513946533203
0.7014668583869934 -0.024530310183763504 -0.712279736995697 -39.00703430175781 -0.012734225019812584 0.9988164901733398 -0.04693929851055145 -4.815251350402832 0.7125883102416992 0.04199669137597084 0.700324296951294 70.92999267578125
0.696380078792572 -0.025146352127194405 -0.717232346534729 -39.8345947265625 -0.013610144145786762 0.99874347448349 -0.04823065549135208 -4.876004695892334 0.7175440192222595 0.04334850609302521 0.6951629519462585 71.72804260253906
0.6912054419517517 -0.02729182504117489 -0.7221428155899048 -40.670108795166016 -0.013472271151840687 0.9986262321472168 -0.050636034458875656 -4.9496870040893555 0.7225327491760254 0.04472879692912102 0.6898882389068604 72.51447296142578
0.6862801313400269 -0.030577899888157845 -0.7266942858695984 -41.50810241699219 -0.011989108286798 0.9985045194625854 -0.05333750694990158 -5.012453079223633 0.7272385358810425 0.04531688615679741 0.6848872303962708 73.29658508300781
0.681071937084198 -0.030302302911877632 -0.7315891981124878 -42.38466262817383 -0.013479622080922127 0.9984551072120667 -0.05390467494726181 -5.091294765472412 0.7320923805236816 0.04657450690865517 0.679611325263977 74.10484313964844
0.6761355400085449 -0.02994539402425289 -0.7361684441566467 -43.246246337890625 -0.012826159596443176 0.998543918132782 -0.05239835008978844 -5.163408279418945 0.7366656064987183 0.04487060010433197 0.6747669577598572 74.88909912109375
0.6709073781967163 -0.030047228559851646 -0.7409321069717407 -44.127891540527344 -0.012104314751923084 0.9986018538475037 -0.05145692452788353 -5.238024711608887 0.7414423227310181 0.04349130764603615 0.6696056723594666 75.67990112304688
0.6657290458679199 -0.031407780945301056 -0.7455322742462158 -45.00311279296875 -0.011500827036798 0.998563289642334 -0.052337221801280975 -5.3062520027160645 0.746104896068573 0.04341665282845497 0.6644113659858704 76.46109771728516
0.661007285118103 -0.03205757215619087 -0.749694287776947 -45.907249450683594 -0.010825167410075665 0.9985756278038025 -0.05224452167749405 -5.381192207336426 0.7503013014793396 0.04264957830309868 0.6597188115119934 77.24215698242188
0.6562050580978394 -0.03331998735666275 -0.7538465857505798 -46.79328155517578 -0.00918936263769865 0.9985976219177246 -0.052137091755867004 -5.4498820304870605 0.7545266151428223 0.04113999754190445 0.6549786925315857 78.02586364746094
0.6524152755737305 -0.03379877656698227 -0.7571075558662415 -47.71864318847656 -0.00854101125150919 0.9986136555671692 -0.05194004625082016 -5.525978088378906 0.7578135132789612 0.040352944284677505 0.6512221097946167 78.80304718017578
0.6487178206443787 -0.03654538094997406 -0.7601510882377625 -48.6235237121582 -0.0064352634362876415 0.9985472559928894 -0.053498513996601105 -5.595024108886719 0.7610018253326416 0.03959721326828003 0.6475401520729065 79.56781768798828
0.6442450284957886 -0.04112769663333893 -0.7637125253677368 -49.54859161376953 -0.003212491050362587 0.9983987808227539 -0.05647606402635574 -5.675279140472412 0.7648123502731323 0.03883783891797066 0.6430813670158386 80.344970703125
0.6394296884536743 -0.045546408742666245 -0.7674993276596069 -50.466251373291016 0.0012755123898386955 0.9983052015304565 -0.058180663734674454 -5.746218204498291 0.7688485383987427 0.036223482340574265 0.638404130935669 81.11599731445312
0.6326892375946045 -0.048842839896678925 -0.7728639245033264 -51.40190887451172 0.005666967015713453 0.9982743263244629 -0.05844898894429207 -5.8268723487854 0.7743849754333496 0.03260025382041931 0.6318742632865906 81.88277435302734
0.6241587400436401 -0.052985209971666336 -0.779498815536499 -52.34038543701172 0.010437888093292713 0.9981741905212402 -0.05949151888489723 -5.904489517211914 0.7812277674674988 0.028995828703045845 0.6235722303390503 82.63430786132812
0.6152921915054321 -0.05343285948038101 -0.7864861488342285 -53.29928970336914 0.013215643353760242 0.9982591271400452 -0.057481445372104645 -5.993135929107666 0.7881882786750793 0.02497396245598793 0.614927351474762 83.37993621826172
0.6059491038322449 -0.05200813338160515 -0.7938014268875122 -54.271484375 0.013665123842656612 0.9983938932418823 -0.0549812875688076 -6.073260307312012 0.7953859567642212 0.02246846817433834 0.605686604976654 84.12783813476562
0.5972632765769958 -0.05169707164168358 -0.8003774285316467 -55.25084686279297 0.012979608029127121 0.9984127879142761 -0.05480261892080307 -6.156937599182129 0.8019402623176575 0.022343002259731293 0.5969862937927246 84.84281158447266
0.5881485939025879 -0.05335462838411331 -0.8069909811019897 -56.236122131347656 0.012145347893238068 0.9982916712760925 -0.05715082958340645 -6.224026679992676 0.808661699295044 0.02381199412047863 0.5877918004989624 85.54280090332031
0.5781571865081787 -0.05571956932544708 -0.8140206336975098 -57.241451263427734 0.012458345852792263 0.9981520175933838 -0.059474799782037735 -6.3033576011657715 0.8158303499221802 0.024244431406259537 0.5777828693389893 86.25889587402344
0.568625807762146 -0.05774524062871933 -0.8205669522285461 -58.268714904785156 0.012782827019691467 0.9980328679084778 -0.061375852674245834 -6.379512786865234 0.8224970698356628 0.024410724639892578 0.5682452917098999 86.95030975341797
0.558232307434082 -0.057747576385736465 -0.8276726007461548 -59.280662536621094 0.01578417234122753 0.9981334805488586 -0.058995019644498825 -6.479529857635498 0.8295345306396484 0.019868800416588783 0.5581018924713135 87.6355972290039
0.5482823848724365 -0.057695575058460236 -0.834300696849823 -60.32884216308594 0.01664040982723236 0.9981724619865417 -0.058092352002859116 -6.564008712768555 0.836127758026123 0.017967911437153816 0.5482404828071594 88.31697082519531
0.5376055836677551 -0.05816837400197983 -0.8411877155303955 -61.376983642578125 0.017119942232966423 0.9981650114059448 -0.05808199197053909 -6.654676914215088 0.8430226445198059 0.01682411879301071 0.5376149415969849 88.99321746826172
0.5268878936767578 -0.05910087376832962 -0.8478773832321167 -62.41328811645508 0.016376284882426262 0.9981001615524292 -0.059395529329776764 -6.739707946777344 0.8497768640518188 0.017409708350896835 0.526854932308197 89.64392852783203
0.51700758934021 -0.05964517965912819 -0.853900134563446 -63.48686981201172 0.014768501743674278 0.9980424046516418 -0.06077173352241516 -6.8234758377075195 0.8558533787727356 0.018808620050549507 0.5168763995170593 90.287841796875
0.5073071122169495 -0.060701675713062286 -0.8596246838569641 -64.56987762451172 0.013593788258731365 0.9979556798934937 -0.06244742497801781 -6.91258430480957 0.8616580367088318 0.019994469359517097 0.5070952773094177 90.91590118408203
0.49732574820518494 -0.06024003028869629 -0.8654699325561523 -65.67399597167969 0.012807712890207767 0.9979875087738037 -0.062104057520627975 -7.009510040283203 0.8674693703651428 0.01980125904083252 0.4970964193344116 91.54932403564453
0.48857995867729187 -0.05835387110710144 -0.8705655932426453 -66.790283203125 0.011943917721509933 0.998114824295044 -0.06020030006766319 -7.096595764160156 0.8724374175071716 0.019014699384570122 0.4883559048175812 92.17140197753906
0.48007622361183167 -0.05681653693318367 -0.8753848671913147 -67.90065002441406 0.012909303419291973 0.9982498288154602 -0.05771135911345482 -7.187510967254639 0.8771318197250366 0.016405245289206505 0.47996950149536133 92.78679656982422
0.4730251431465149 -0.056810490787029266 -0.8792153596878052 -68.99095916748047 0.012661786749958992 0.9982542395591736 -0.05769003927707672 -7.274077415466309 0.880957841873169 0.016156399622559547 0.47291868925094604 93.35167694091797
0.4649012088775635 -0.0605948269367218 -0.8832865357398987 -70.12142944335938 0.014790583401918411 0.9980475306510925 -0.060682862997055054 -7.355483055114746 0.8852389454841614 0.015147212892770767 0.4648897349834442 93.9544677734375
0.458540141582489 -0.06364843249320984 -0.8863914012908936 -71.25357818603516 0.016941426321864128 0.997876763343811 -0.06288976967334747 -7.445565700531006 0.8885121941566467 0.013820753432810307 0.4586448073387146 94.52147674560547
0.4521465599536896 -0.06642427295446396 -0.8894668817520142 -72.36558532714844 0.018704572692513466 0.9977099895477295 -0.0649995505809784 -7.547184467315674 0.8917475342750549 0.012752221897244453 0.4523535668849945 95.0963363647461
0.44640642404556274 -0.06970889866352081 -0.8921109437942505 -73.5099868774414 0.020916681736707687 0.99750155210495 -0.06747745722532272 -7.652109622955322 0.8945858478546143 0.011462372727692127 0.44674915075302124 95.6734619140625
0.44166669249534607 -0.07114871591329575 -0.8943536281585693 -74.65149688720703 0.024032501503825188 0.9974310994148254 -0.0674806758761406 -7.751384258270264 0.8968572616577148 0.008310414850711823 0.4422420263290405 96.2335433959961
0.43750056624412537 -0.06851773709058762 -0.8966039419174194 -75.80042266845703 0.025485873222351074 0.9976370334625244 -0.06380270421504974 -7.8502397537231445 0.8988568782806396 0.005062985233962536 0.4382129907608032 96.79557037353516
0.43332749605178833 -0.06678961217403412 -0.8987582921981812 -76.94523620605469 0.029073216021060944 0.9977671504020691 -0.060129906982183456 -7.952606678009033 0.9007675051689148 -7.385573553619906e-05 0.4343016743659973 97.3527603149414
0.43008604645729065 -0.06619938462972641 -0.9003574252128601 -78.07177734375 0.029788479208946228 0.9978054761886597 -0.059134840965270996 -8.03783893585205 0.9022963047027588 -0.001387207885272801 0.43111416697502136 97.89488983154297
0.42747679352760315 -0.06597541272640228 -0.9016156196594238 -79.20475769042969 0.03155539184808731 0.9978146553039551 -0.05805360525846481 -8.130427360534668 0.9034754037857056 -0.003634266322478652 0.4286245107650757 98.42255401611328
0.4252122938632965 -0.06482390314340591 -0.9027692675590515 -80.32455444335938 0.03277682512998581 0.9978805184364319 -0.056215256452560425 -8.226212501525879 0.9044999480247498 -0.005686488933861256 0.42643576860427856 98.94747161865234
0.42250993847846985 -0.06434502452611923 -0.9040713906288147 -81.47631072998047 0.03522119298577309 0.9978889226913452 -0.05456194654107094 -8.30997085571289 0.9056736826896667 -0.00878950860351324 0.42388424277305603 99.48198699951172
0.41969648003578186 -0.06575231999158859 -0.905279815196991 -82.61519622802734 0.03795112296938896 0.9977716207504272 -0.0548756942152977 -8.39043140411377 0.9068707227706909 -0.011325246654450893 0.4212566018104553 100.01770782470703
0.41729027032852173 -0.06582003086805344 -0.9063864946365356 -83.69501495361328 0.039723604917526245 0.9977415204048157 -0.05416574329137802 -8.47588062286377 0.9079046249389648 -0.013402098789811134 0.4189625084400177 100.52986145019531
0.41499510407447815 -0.0649666041135788 -0.9075011610984802 -84.79853057861328 0.04306848719716072 0.9977319240570068 -0.05173112079501152 -8.55783462524414 0.9088037610054016 -0.01761654019355774 0.4168519079685211 101.04600524902344
0.41279810667037964 -0.0643964558839798 -0.9085432291030884 -85.9038314819336 0.044958751648664474 0.9977222084999084 -0.05029025673866272 -8.639552116394043 0.9097121953964233 -0.020087242126464844 0.4147529900074005 101.54361724853516
0.41133391857147217 -0.06601230800151825 -0.9090911746025085 -87.00321197509766 0.04738074913620949 0.9975742101669312 -0.05099911615252495 -8.718425750732422 0.9102523922920227 -0.022095751017332077 0.4134638011455536 102.0399398803711
0.40974125266075134 -0.0664006844162941 -0.9097818732261658 -88.06310272216797 0.04841484874486923 0.9975243806838989 -0.05099985748529434 -8.809602737426758 0.9109160900115967 -0.023150209337472916 0.41194161772727966 102.5271987915039
0.4090682566165924 -0.06761841475963593 -0.9099950194358826 -89.13093566894531 0.04798264428973198 0.9974648356437683 -0.05254845693707466 -8.888479232788086 0.9112414121627808 -0.02216806635260582 0.411275714635849 103.00467681884766
0.40921637415885925 -0.06806998699903488 -0.9098947644233704 -90.18597412109375 0.04728435352444649 0.9974555373191833 -0.05335479974746704 -8.972826957702637 0.911211371421814 -0.021190134808421135 0.4113937020301819 103.49285125732422
0.4121089279651642 -0.067915178835392 -0.908599853515625 -91.22651672363281 0.045571621507406235 0.9975063800811768 -0.05389099568128586 -9.058938980102539 0.9099942445755005 -0.019197413697838783 0.41417622566223145 103.94148254394531
0.4166378974914551 -0.06816696375608444 -0.9065131545066833 -92.2624740600586 0.0432029590010643 0.9975425004959106 -0.05515580251812935 -9.137385368347168 0.9080452919006348 -0.01618405245244503 0.41855913400650024 104.41132354736328
0.4216381013393402 -0.06833051145076752 -0.9041860103607178 -93.30326080322266 0.04195484146475792 0.9975588321685791 -0.055822521448135376 -9.224885940551758 0.9057931303977966 -0.014398077502846718 0.42347559332847595 104.88677978515625
0.4273562729358673 -0.06833775341510773 -0.9014968276023865 -94.32881164550781 0.04168403148651123 0.9975680708885193 -0.055860020220279694 -9.306988716125488 0.903121829032898 -0.01370589155703783 0.4291655719280243 105.37350463867188
0.4341137409210205 -0.06736186146736145 -0.8983359932899475 -95.33454132080078 0.04047532379627228 0.9976518154144287 -0.05524969473481178 -9.382538795471191 0.8999483585357666 -0.012375789694488049 0.43582087755203247 105.86103057861328
0.44264429807662964 -0.06567913293838501 -0.8942887187004089 -96.34918975830078 0.03927861526608467 0.9977768659591675 -0.05383794382214546 -9.462940216064453 0.8958366513252258 -0.011295368894934654 0.4442400336265564 106.34508514404297
0.4515610933303833 -0.06519505381584167 -0.889855146408081 -97.32514190673828 0.038815390318632126 0.9978180527687073 -0.05340789258480072 -9.542574882507324 0.8913954496383667 -0.010423151776194572 0.4531063735485077 106.83638000488281
0.4611671566963196 -0.06485676765441895 -0.8849397897720337 -98.31253051757812 0.03785308077931404 0.9978551864624023 -0.05340596288442612 -9.61391544342041 0.8865054249763489 -0.0088686253875494 0.46263307332992554 107.34137725830078
0.4705665707588196 -0.06522762775421143 -0.8799502849578857 -99.2861099243164 0.03653161600232124 0.9978490471839905 -0.054431211203336716 -9.695533752441406 0.8816079497337341 -0.006532496307045221 0.47193723917007446 107.86400604248047
0.4810221493244171 -0.0668572336435318 -0.8741554617881775 -100.25403594970703 0.03516874834895134 0.9977569580078125 -0.05695819854736328 -9.76796817779541 0.8760027289390564 -0.0033448028843849897 0.4822945296764374 108.3924789428711
0.4926031529903412 -0.06795117259025574 -0.8675971627235413 -101.20979309082031 0.03330156207084656 0.9976885318756104 -0.059232164174318314 -9.84115219116211 0.8696166276931763 0.0002856123901437968 0.4937274754047394 108.92855072021484
0.5054693818092346 -0.06605515629053116 -0.8603124618530273 -102.16775512695312 0.03136708587408066 0.9978131055831909 -0.05818304792046547 -9.923924446105957 0.8622742295265198 0.0024242533836513758 0.5064358711242676 109.4754409790039
0.5187039971351624 -0.06320800632238388 -0.8526142239570618 -103.10933685302734 0.029264334589242935 0.9979915022850037 -0.05618196353316307 -10.00226879119873 0.854452908039093 0.004190621431916952 0.5195119380950928 110.02696990966797
0.5307573080062866 -0.060495879501104355 -0.84536212682724 -104.0365219116211 0.029000286012887955 0.9981614947319031 -0.05322280898690224 -10.09311580657959 0.8470275402069092 0.0037326505407691 0.5315359830856323 110.6084213256836
0.5425254702568054 -0.06023762747645378 -0.8378769159317017 -104.94966125488281 0.02943606674671173 0.9981763958930969 -0.05270220711827278 -10.163384437561035 0.8395234942436218 0.00392848439514637 0.543309211730957 111.19568634033203
