1.0 0.0 0.0 0.0 0.0 1.0 0.0 0.0 0.0 0.0 1.0 0.0
0.999933660030365 -0.002522059017792344 0.011241273954510689 0.01572200283408165 0.0025105660315603018 0.9999963045120239 0.001036386820487678 -0.004181026481091976 -0.011243846267461777 -0.0010080960346385837 0.9999362826347351 0.2954202890396118
0.999828577041626 -0.004532746039330959 0.017952902242541313 0.02584678679704666 0.004512219689786434 0.9999890923500061 0.0011836877092719078 -0.008784263394773006 -0.01795807294547558 -0.0011024773120880127 0.99983811378479 0.5822556018829346
0.9997765421867371 -0.007466437760740519 0.019777486100792885 0.038066938519477844 0.007468086667358875 0.9999721050262451 -9.498334293311927e-06 -0.012830454856157303 -0.01977686397731304 0.00015719619113951921 0.9998043775558472 0.8863424062728882
0.9998158812522888 -0.00865255482494831 0.01712719164788723 0.05024104192852974 0.008684486150741577 0.9999606609344482 -0.0017908622976392508 -0.010083730332553387 -0.017111022025346756 0.001939273439347744 0.9998517036437988 1.2012301683425903
0.9998767375946045 -0.011496401391923428 0.010687722824513912 0.05195994675159454 0.011534747667610645 0.9999272227287292 -0.003533457638695836 -0.009066134691238403 -0.010646325536072254 0.003656302811577916 0.999936580657959 1.5198367834091187
0.9999122619628906 -0.013141460716724396 -0.0016597274225205183 0.0472860224545002 0.013132377527654171 0.9998993277549744 -0.005370030179619789 -0.012806428596377373 0.00173013040330261 0.005347763188183308 0.9999842047691345 1.8472777605056763
0.9997559785842896 -0.0123591348528862 -0.018305839970707893 0.027613826096057892 0.012258133850991726 0.9999090433120728 -0.005619454197585583 -0.018920088186860085 0.018373627215623856 0.005393688101321459 0.9998165965080261 2.1836798191070557
0.9992511868476868 -0.008037678897380829 -0.03784717619419098 -0.004586935043334961 0.007831063121557236 0.9999536275863647 -0.005604282021522522 -0.02251116931438446 0.0378904715180397 0.005303702317178249 0.9992677569389343 2.5302798748016357
0.9983261227607727 -0.004409800283610821 -0.05766876041889191 -0.04072055220603943 0.004018185194581747 0.9999681115150452 -0.00690497038885951 -0.028606951236724854 0.05769737437367439 0.006661687977612019 0.9983118772506714 2.8767476081848145
0.9969233870506287 -0.0040691872127354145 -0.07827629148960114 -0.07721944153308868 0.003503660438582301 0.9999667406082153 -0.0073607428930699825 -0.03157872334122658 0.07830365002155304 0.007063842844218016 0.9969045519828796 3.2422211170196533
0.9950286746025085 -0.005616346374154091 -0.09943033009767532 -0.12664546072483063 0.004927197005599737 0.9999620914459229 -0.007175189908593893 -0.03195710852742195 0.09946687519550323 0.006649606861174107 0.9950186610221863 3.61395001411438
0.992896556854248 -0.0074651506729424 -0.118745818734169 -0.18829551339149475 0.006821224000304937 0.9999597668647766 -0.0058282520622015 -0.04521359130740166 0.11878455430269241 0.004976858850568533 0.9929075837135315 4.003310680389404
0.9906368255615234 -0.006134580820798874 -0.13638561964035034 -0.2648768126964569 0.005403274670243263 0.9999690055847168 -0.00573160033673048 -0.0439024493098259 0.13641655445098877 0.0049410052597522736 0.9906392097473145 4.398952960968018
0.9882473945617676 -0.005129773169755936 -0.15277723968029022 -0.3313976228237152 0.004480771254748106 0.9999793767929077 -0.0045920247212052345 -0.055951252579689026 0.1527976393699646 0.003853496164083481 0.9882499575614929 4.811172962188721
0.9859938025474548 -0.004338585305958986 -0.1667259931564331 -0.4103676974773407 0.003523582359775901 0.9999803900718689 -0.005183777771890163 -0.059515275061130524 0.16674521565437317 0.004523699637502432 0.9859896302223206 5.232300281524658
0.9839993119239807 -0.005995557643473148 -0.1780712753534317 -0.5023757219314575 0.005092418286949396 0.9999717473983765 -0.0055284141562879086 -0.0707274004817009 0.1780993938446045 0.004533142317086458 0.9840020537376404 5.6590576171875
0.982196033000946 -0.009737284854054451 -0.18760621547698975 -0.5930392146110535 0.00836963951587677 0.9999323487281799 -0.008080746978521347 -0.07504372298717499 0.1876721829175949 0.00636668223887682 0.9822111129760742 6.107399940490723
0.9805712699890137 -0.008966287598013878 -0.19595801830291748 -0.6859776973724365 0.007188464980572462 0.9999263882637024 -0.009781800210475922 -0.08282621204853058 0.19603130221366882 0.008183114230632782 0.9805635213851929 6.57125997543335
0.9790021777153015 -0.008689939975738525 -0.20366451144218445 -0.7934983372688293 0.006408264394849539 0.9999091625213623 -0.011859918013215065 -0.08729876577854156 0.20374907553195953 0.010305751115083694 0.9789689183235168 7.044952869415283
0.9773510098457336 -0.010064046829938889 -0.2113853096961975 -0.8990610837936401 0.007271923124790192 0.9998757839202881 -0.013981934636831284 -0.10423789173364639 0.21149981021881104 0.012128080241382122 0.9773027896881104 7.508560657501221
0.9755392074584961 -0.014117276296019554 -0.21937192976474762 -1.0090687274932861 0.010947820730507374 0.999817430973053 -0.015656836330890656 -0.11358922719955444 0.21955294907093048 0.012872211635112762 0.9755156636238098 8.006515502929688
0.9736371636390686 -0.020209716632962227 -0.22720521688461304 -1.1236919164657593 0.016682494431734085 0.9997087717056274 -0.017434164881706238 -0.12412749230861664 0.22749142348766327 0.013184202834963799 0.9736908674240112 8.517085075378418
0.9715012907981873 -0.021118193864822388 -0.23609161376953125 -1.2456459999084473 0.016966864466667175 0.9996638894081116 -0.019601531326770782 -0.13933251798152924 0.2364262193441391 0.015037178993225098 0.9715330600738525 9.036852836608887
0.9694262742996216 -0.01713949255645275 -0.24478334188461304 -1.396907925605774 0.011523807421326637 0.9996368885040283 -0.024355364963412285 -0.14620330929756165 0.24511191248893738 0.020789891481399536 0.9692718386650085 9.564934730529785
0.967278003692627 -0.013898593373596668 -0.2533377707004547 -1.5553858280181885 0.00720427418127656 0.999600350856781 -0.027333088219165802 -0.16456374526023865 0.25361645221710205 0.024613577872514725 0.9669916033744812 10.102715492248535
0.9649598598480225 -0.016558201983571053 -0.2618746757507324 -1.7104063034057617 0.009359755553305149 0.9995438456535339 -0.02871168963611126 -0.18898646533489227 0.26223066449165344 0.025254542008042336 0.964674711227417 10.674806594848633
0.9625750780105591 -0.019450165331363678 -0.270316481590271 -1.8705384731292725 0.011507189832627773 0.9994551539421082 -0.0309379193931818 -0.20854611694812775 0.27077093720436096 0.02666948363184929 0.9622742533683777 11.24024772644043
0.9603554606437683 -0.018955426290631294 -0.2781332731246948 -2.049142837524414 0.010196223855018616 0.9994063973426819 -0.03290572762489319 -0.23461653292179108 0.27859196066856384 0.028765283524990082 0.9599787592887878 11.817370414733887
0.9580708146095276 -0.017726458609104156 -0.28598275780677795 -2.243206024169922 0.007437034510076046 0.9992866516113281 -0.0370253324508667 -0.259884774684906 0.2864351272583008 0.033346027135849 0.9575191736221313 12.406656265258789
0.9555799961090088 -0.01901610940694809 -0.29411780834198 -2.419858455657959 0.006943536922335625 0.9990919232368469 -0.042036667466163635 -0.2885531187057495 0.2946501076221466 0.03812718763947487 0.9548442959785461 13.003503799438477
0.9537935853004456 -0.02027766779065132 -0.29977768659591675 -2.6180763244628906 0.005656092427670956 0.9987549185752869 -0.04956232011318207 -0.32170569896698 0.3004094958305359 0.04557664692401886 0.9527207612991333 13.612322807312012
0.9525080919265747 -0.02094152197241783 -0.3037921190261841 -2.8262269496917725 0.0034693151246756315 0.9983140230178833 -0.05793983116745949 -0.357332706451416 0.304493248462677 0.05413420498371124 0.9509749412536621 14.220795631408691
0.9513155817985535 -0.021181883290410042 -0.3074898421764374 -3.0373640060424805 0.0007422587950713933 0.9977902173995972 -0.06643782556056976 -0.3964084982872009 0.30821776390075684 0.06297509372234344 0.9492291808128357 14.840437889099121
0.9499238729476929 -0.02053425833582878 -0.31180593371391296 -3.257600784301758 -0.0031760665588080883 0.9971524477005005 -0.07534432411193848 -0.4457976818084717 0.31246522068977356 0.07256170362234116 0.9471538066864014 15.477381706237793
0.9486175179481506 -0.020068900659680367 -0.3157881796360016 -3.482984781265259 -0.006373604293912649 0.9965723752975464 -0.0824800357222557 -0.4975428581237793 0.31636106967926025 0.08025471866130829 0.9452380537986755 16.11136245727539
0.9470493793487549 -0.018289608880877495 -0.3205666244029999 -3.7191343307495117 -0.010824899189174175 0.9959902167320251 -0.0888051986694336 -0.558408260345459 0.320905476808548 0.08757300674915314 0.9430539011955261 16.773897171020508
0.9454331994056702 -0.017345918342471123 -0.3253538906574249 -3.96321439743042 -0.014357764273881912 0.9953937530517578 -0.09479010105133057 -0.6227456331253052 0.32549941539764404 0.09428905695676804 0.9408291578292847 17.44354248046875
0.9437932968139648 -0.015197651460766792 -0.3301866352558136 -4.213220119476318 -0.01895853318274021 0.9948089718818665 -0.09997889399528503 -0.6991745233535767 0.3299920856952667 0.10061925649642944 0.9386058449745178 18.118579864501953
0.941969633102417 -0.012601458467543125 -0.33546146750450134 -4.4637064933776855 -0.0234147310256958 0.9943952560424805 -0.10310211032629013 -0.7695348262786865 0.33488062024116516 0.10497379302978516 0.9363949298858643 18.81541633605957
0.9402007460594177 -0.011802664026618004 -0.34041646122932434 -4.732741355895996 -0.02539634518325329 0.9941887855529785 -0.10461226850748062 -0.8474098443984985 0.3396729528903961 0.10700186342000961 0.934437096118927 19.519519805908203
0.93805330991745 -0.01111028715968132 -0.34631267189979553 -5.007331848144531 -0.02653856761753559 0.9942459464073181 -0.1037818044424057 -0.9287899732589722 0.345473051071167 0.10654349625110626 0.9323608875274658 20.217559814453125
0.9357017874717712 -0.01121864840388298 -0.3526139259338379 -5.270612716674805 -0.02648952789604664 0.994438648223877 -0.10193175822496414 -1.0127549171447754 0.3517964780330658 0.10471829026937485 0.9302006959915161 20.915302276611328
0.9331939816474915 -0.011599867604672909 -0.35918596386909485 -5.560417175292969 -0.026132304221391678 0.9946426153182983 -0.10001569241285324 -1.09530508518219 0.35842183232307434 0.10272040963172913 0.9278913140296936 21.6387882232666
0.9299732446670532 -0.010125799104571342 -0.36748772859573364 -5.845846176147461 -0.027562610805034637 0.9948866963386536 -0.09716381132602692 -1.1728172302246094 0.36659249663352966 0.10048867762088776 0.9249389171600342 22.344125747680664
0.9266917109489441 -0.008328775875270367 -0.37573012709617615 -6.160067558288574 -0.02803814969956875 0.9954360723495483 -0.09121837466955185 -1.2534843683242798 0.3747750520706177 0.09506607055664062 0.9222289323806763 23.080211639404297
0.9231176972389221 -0.004783560987561941 -0.3844878077507019 -6.482752799987793 -0.030753295868635178 0.9958009123802185 -0.08622479438781738 -1.332181453704834 0.3832857608795166 0.09141989797353745 0.9190942645072937 23.834213256835938
0.9195084571838379 -0.0010579433292150497 -0.39306896924972534 -6.8164215087890625 -0.03409937396645546 0.9960117340087891 -0.08244960010051727 -1.4058914184570312 0.3915884792804718 0.08921650797128677 0.9158049821853638 24.586870193481445
0.9156421422958374 0.0005878346273675561 -0.401993989944458 -7.1608967781066895 -0.03603977710008621 0.9960921406745911 -0.08063304424285889 -1.481476902961731 0.400375634431839 0.08831878006458282 0.9120850563049316 25.3339900970459
0.911748468875885 0.00036912577343173325 -0.41074883937835693 -7.508902072906494 -0.03643304854631424 0.9961307644844055 -0.07997605204582214 -1.5494318008422852 0.4091300964355469 0.0878828689455986 0.9082341194152832 26.07550048828125
0.9079116582870483 0.0006087051006034017 -0.4191611111164093 -7.876807689666748 -0.03714502975344658 0.9961815476417542 -0.07901023328304291 -1.6169954538345337 0.4175124764442444 0.08730407804250717 0.9044674038887024 26.848752975463867
0.9038945436477661 0.0013182067777961493 -0.4277532994747162 -8.259984016418457 -0.03791233152151108 0.9963067173957825 -0.07704302668571472 -1.6894862651824951 0.4260719418525696 0.0858558788895607 0.9006061553955078 27.63637351989746
0.9000310897827148 0.00021627165551763028 -0.43582552671432495 -8.622662544250488 -0.036313094198703766 0.9965598583221436 -0.07449628412723541 -1.7671825885772705 0.4343101680278778 0.08287516236305237 0.8969427943229675 28.38644027709961
0.8962673544883728 0.0004423554055392742 -0.4435141086578369 -9.022185325622559 -0.035362135618925095 0.9968871474266052 -0.07046665251255035 -1.8351705074310303 0.442102313041687 0.07884056121110916 0.8934929966926575 29.177881240844727
0.8924169540405273 0.002905979286879301 -0.45120248198509216 -9.433433532714844 -0.03593159466981888 0.9972611665725708 -0.06464489549398422 -1.9035699367523193 0.4497789740562439 0.07390261441469193 0.8900770545005798 29.967140197753906
0.8885087966918945 0.0030502076260745525 -0.4588496685028076 -9.855642318725586 -0.034588396549224854 0.9975780844688416 -0.06034496799111366 -1.9689018726348877 0.45755431056022644 0.06948789209127426 0.8864622712135315 30.77574348449707
0.8849421739578247 0.0019364494364708662 -0.46569690108299255 -10.291702270507812 -0.03307356685400009 0.9977276921272278 -0.05869942530989647 -2.027444839477539 0.4645249843597412 0.06734783947467804 0.8829953074455261 31.58012580871582
0.8814946413040161 0.0013733516680076718 -0.47219204902648926 -10.729385375976562 -0.03238702937960625 0.9978166818618774 -0.05755844712257385 -2.0910022258758545 0.47108200192451477 0.0660303607583046 0.879614531993866 32.40871810913086
0.8784053325653076 0.0019773386884480715 -0.4779122769832611 -11.188697814941406 -0.032704103738069534 0.9978960752487183 -0.055981576442718506 -2.1458194255828857 0.47679609060287476 0.06480421125888824 0.8766219615936279 33.236000061035156
0.8752812743186951 -0.00013989901344757527 -0.4836142063140869 -11.647926330566406 -0.029886646196246147 0.9980729818344116 -0.05437981337308884 -2.2008378505706787 0.48268988728523254 0.06205124035477638 0.8735902905464172 34.06692123413086
0.8728101253509521 -0.0009184911614283919 -0.4880591630935669 -12.14845085144043 -0.02933465503156185 0.9980915784835815 -0.05433833226561546 -2.262688398361206 0.48717769980430603 0.0617440864443779 0.8711174130439758 34.915367126464844
0.8703780174255371 -0.0031368862837553024 -0.4923740029335022 -12.605476379394531 -0.0274505577981472 0.9981153011322021 -0.054883766919374466 -2.314988613128662 0.49161821603775024 0.06128557026386261 0.8686515092849731 35.75836944580078
0.8689446449279785 -0.0026884502731263638 -0.49490198493003845 -13.107518196105957 -0.028356997296214104 0.9980719685554504 -0.055210791528224945 -2.374850273132324 0.49409621953964233 0.0620090514421463 0.8671930432319641 36.62501525878906
0.8684528470039368 -0.002798709785565734 -0.4957638680934906 -13.608896255493164 -0.02778692916035652 0.9981374144554138 -0.054310392588377 -2.4362382888793945 0.49499252438545227 0.06094177067279816 0.8667575120925903 37.48983383178711
0.8682055473327637 -0.002709053922444582 -0.49619728326797485 -14.119054794311523 -0.027043541893363 0.9982405304908752 -0.052768606692552567 -2.495027542114258 0.4954671561717987 0.0592329315841198 0.8666048049926758 38.37599182128906
0.8680022954940796 -0.0035188060719519854 -0.496547669172287 -14.639570236206055 -0.02582738921046257 0.9983014464378357 -0.052222710102796555 -2.557307481765747 0.49588796496391296 0.05815396457910538 0.8664370775222778 39.2555046081543
0.8672935962677002 -0.00573225412517786 -0.49776390194892883 -15.162666320800781 -0.02374458685517311 0.998319149017334 -0.052868735045194626 -2.619277000427246 0.49723026156425476 0.057671919465065 0.8656997680664062 40.16457748413086
0.8662013411521912 -0.008451413363218307 -0.49962350726127625 -15.696868896484375 -0.02091144770383835 0.9983679056167603 -0.053142305463552475 -2.6836118698120117 0.49925723671913147 0.056479793041944504 0.8646109700202942 41.078426361083984
0.8645440936088562 -0.008809036575257778 -0.5024796724319458 -16.240215301513672 -0.01969551108777523 0.9984843134880066 -0.05139177292585373 -2.7419655323028564 0.5021708011627197 0.05432704836130142 0.8630602955818176 42.01580810546875
0.862549901008606 -0.008024204522371292 -0.5059084296226501 -16.783851623535156 -0.018623219802975655 0.9986933469772339 -0.04759196564555168 -2.8031625747680664 0.5056291222572327 0.05047209933400154 0.861273467540741 42.9222412109375
0.859745979309082 -0.007971145212650299 -0.5106596946716309 -17.331022262573242 -0.016649436205625534 0.9989092350006104 -0.04362345114350319 -2.864839553833008 0.5104503631591797 0.04600728675723076 0.8586755394935608 43.83981704711914
0.855642557144165 -0.008391095325350761 -0.5174991488456726 -17.900651931762695 -0.0151984803378582 0.9990299344062805 -0.041328418999910355 -2.931972026824951 0.517344057559967 0.04322754964232445 0.8546849489212036 44.76375961303711
0.8503458499908447 -0.011891745030879974 -0.5260897874832153 -18.465187072753906 -0.013277089223265648 0.9989414811134338 -0.04404054209589958 -2.9857285022735596 0.5260565280914307 0.04443462938070297 0.8492878675460815 45.668460845947266
0.8443166613578796 -0.015336442738771439 -0.5356250405311584 -19.028053283691406 -0.01168371457606554 0.9988257884979248 -0.047016456723213196 -3.049612045288086 0.5357171893119812 0.0459548681974411 0.843146026134491 46.559898376464844
0.8382832407951355 -0.015159190632402897 -0.5450243949890137 -19.614055633544922 -0.011930936016142368 0.9988641142845154 -0.04613274335861206 -3.1099119186401367 0.5451047420501709 0.04517495632171631 0.8371500372886658 47.446224212646484
0.832482099533081 -0.011344162747263908 -0.5539356470108032 -20.211650848388672 -0.013696754351258278 0.9990633726119995 -0.041044190526008606 -3.171626567840576 0.5538824200630188 0.04175567626953125 0.8315471410751343 48.328399658203125
0.8270972371101379 -0.006700054742395878 -0.562018871307373 -20.815876007080078 -0.016836870461702347 0.9991848468780518 -0.03668973594903946 -3.227555751800537 0.5618064999580383 0.03980862349271774 0.826310396194458 49.21390914916992
0.8231920003890991 -0.00672393012791872 -0.5677230954170227 -21.4405517578125 -0.017914604395627975 0.9991243481636047 -0.037809282541275024 -3.285663604736328 0.5674801468849182 0.04129483923316002 0.8223508596420288 50.08768844604492
0.819724440574646 -0.00923318974673748 -0.5726836323738098 -22.051559448242188 -0.018234243616461754 0.9989425539970398 -0.04220564290881157 -3.340425491333008 0.5724677443504333 0.04503946006298065 0.8186892867088318 50.963687896728516
0.8167458772659302 -0.011350458487868309 -0.5768858790397644 -22.678802490234375 -0.020988864824175835 0.99856036901474 -0.049362774938344955 -3.397047996520996 0.5766157507896423 0.052425023168325424 0.8153318762779236 51.832359313964844
0.813409686088562 -0.012542353011667728 -0.581555962562561 -23.307525634765625 -0.021046141162514687 0.998478353023529 -0.05097084492444992 -3.456205368041992 0.5813103318214417 0.05369967594742775 0.8119080066680908 52.70866394042969
0.8101656436920166 -0.010976286605000496 -0.5860981941223145 -23.94580841064453 -0.02031867578625679 0.9986981153488159 -0.04678991064429283 -3.521131753921509 0.5858486890792847 0.0498163178563118 0.8088878989219666 53.57109069824219
0.8071457743644714 -0.008306426927447319 -0.5902937650680542 -24.586801528930664 -0.020173607394099236 0.9989289045333862 -0.0416412428021431 -3.5812504291534424 0.5900073647499084 0.0455189049243927 0.8061136603355408 54.43378829956055
0.8042123913764954 -0.005582274403423071 -0.5943158268928528 -25.23566246032715 -0.021964389830827713 0.9989936947822571 -0.039104945957660675 -3.630922794342041 0.5939360857009888 0.044502466917037964 0.8032804727554321 55.29203796386719
0.8009740710258484 -0.005375035107135773 -0.5986749529838562 -25.886035919189453 -0.02321258932352066 0.9989290237426758 -0.04002499207854271 -3.678973436355591 0.5982488989830017 0.04595576971769333 0.7999914884567261 56.15183639526367
0.7973762154579163 -0.007083418313413858 -0.6034409999847412 -26.54655647277832 -0.022245168685913086 0.9989066123962402 -0.041119907051324844 -3.738037109375 0.603072464466095 0.04621168226003647 0.7963466644287109 57.017906188964844
0.7931559085845947 -0.009598679840564728 -0.6089431047439575 -27.187891006469727 -0.021730415523052216 0.9987930655479431 -0.044047944247722626 -3.7968411445617676 0.6086310744285583 0.04816947132349014 0.791989803314209 57.86113357543945
0.7892214059829712 -0.010647949762642384 -0.6140164732933044 -27.862621307373047 -0.021018894389271736 0.9987955689430237 -0.04433705657720566 -3.8565571308135986 0.613749086856842 0.04789770022034645 0.7880467772483826 58.70989227294922
0.7845175266265869 -0.01075823325663805 -0.620013415813446 -28.539813995361328 -0.020613351836800575 0.9988444447517395 -0.04341411590576172 -3.9150867462158203 0.619763970375061 0.04683968797326088 0.783389151096344 59.55705642700195
0.77951580286026 -0.010514101013541222 -0.6262943148612976 -29.226051330566406 -0.020557934418320656 0.9988910555839539 -0.04235656559467316 -3.9810383319854736 0.6260450482368469 0.045892924070358276 0.778435230255127 60.40168762207031
0.7742658257484436 -0.01211834978312254 -0.6327444911003113 -29.90451431274414 -0.019847989082336426 0.9988599419593811 -0.04341743886470795 -4.035619735717773 0.6325492262840271 0.04617534205317497 0.7731425166130066 61.217403411865234
0.769169807434082 -0.013471627607941628 -0.6389024257659912 -30.61153793334961 -0.019352970644831657 0.9988281726837158 -0.04435976594686508 -4.09464168548584 0.6387513279914856 0.046484850347042084 0.7680078148841858 62.05109405517578
0.763283371925354 -0.014843433164060116 -0.6458932757377625 -31.307262420654297 -0.018667513504624367 0.9988119006156921 -0.04501424357295036 -4.158166885375977 0.6457940936088562 0.046415846794843674 0.76209956407547 62.88155746459961
0.7575892210006714 -0.016796598210930824 -0.6525155305862427 -32.033721923828125 -0.017462482675909996 0.9987894296646118 -0.04598458111286163 -4.224140644073486 0.6524980068206787 0.046231959015131 0.7563788294792175 63.7164306640625
0.7512996196746826 -0.01862252876162529 -0.6596986651420593 -32.76332092285156 -0.016553303226828575 0.9987555742263794 -0.04704549163579941 -4.285213947296143 0.6597536206245422 0.04626544937491417 0.7500564455986023 64.54905700683594
0.7453572154045105 -0.019710799679160118 -0.6663738489151001 -33.52623748779297 -0.015797341242432594 0.998759925365448 -0.047212276607751846 -4.353057384490967 0.6664780974388123 0.045716941356658936 0.7441215515136719 65.3758316040039
0.7388895750045776 -0.019515424966812134 -0.6735438108444214 -34.27996063232422 -0.01472653727978468 0.9988740682601929 -0.04509689658880234 -4.421079635620117 0.673665463924408 0.04324059560894966 0.7377702593803406 66.20308685302734
0.7326020002365112 -0.01985025964677334 -0.6803677678108215 -35.051902770996094 -0.014605402015149593 0.998885989189148 -0.04486998915672302 -4.475147247314453 0.6805005669593811 0.0428088903427124 0.7314959764480591 67.01526641845703
0.7258690595626831 -0.021449871361255646 -0.6874983906745911 -35.80988311767578 -0.013425667770206928 0.9988813996315002 -0.04533996433019638 -4.542441368103027 0.6877020001411438 0.04214099794626236 0.724769115447998 67.82221984863281
0.7191697955131531 -0.02371281385421753 -0.6944296360015869 -36.59791564941406 -0.01259317621588707 0.9988086223602295 -0.04714830964803696 -4.603473663330078 0.6947202682495117 0.04265271872282028 0.7180142998695374 68.64291381835938
0.7133949995040894 -0.02296372316777706 -0.7003858089447021 -37.40279769897461 -0.014084515161812305 0.9987911581993103 -0.04709373787045479 -4.664565086364746 0.7006206512451172 0.04346103221178055 0.7122092247009277 69.43933868408203
0.7080287933349609 -0.022277776151895523 -0.7058321237564087 -38.21616744995117 -0.01451948843896389 0.9988317489624023 -0.04609024152159691 -4.729975700378418 0.7060343027114868 0.04288153722882271 0.7068781852722168 70.24215698242188
0.7029311656951904 -0.02209686115384102 -0.7109146118164062 -39.031734466552734 -0.015315115451812744 0.9988152980804443 -0.046188611537218094 -4.790509223937988 0.711093008518219 0.043355152010917664 0.701759934425354 71.04359436035156
0.6979532241821289 -0.022542420774698257 -0.7157884240150452 -39.85612487792969 -0.016081422567367554 0.9987590909004211 -0.047134771943092346 -4.854499340057373 0.7159626483917236 0.04440877214074135 0.6967246532440186 71.84709167480469
0.6928665041923523 -0.024410298094153404 -0.7206524610519409 -40.69148635864258 -0.016590381041169167 0.9986225962638855 -0.04977653920650482 -4.93074893951416 0.7208750247955322 0.04644440487027168 0.6915072798728943 72.62854766845703
0.6879754066467285 -0.027529185637831688 -0.7252117395401001 -41.53807067871094 -0.015001382678747177 0.9985274076461792 -0.052135445177555084 -4.996422290802002 0.7255789637565613 0.04674708843231201 0.6865493059158325 73.41899108886719
0.682750940322876 -0.027591731399297714 -0.7301300168037415 -42.39522171020508 -0.016144122928380966 0.9984731078147888 -0.05282897129654884 -5.068769931793213 0.7304727435112 0.04785633832216263 0.6812629103660583 74.21466827392578
0.677800714969635 -0.027406809851527214 -0.7347346544265747 -43.26996994018555 -0.01590951904654503 0.9985243082046509 -0.05192328616976738 -5.134542465209961 0.7350735068321228 0.04688291996717453 0.6763644814491272 75.00874328613281
0.6728678345680237 -0.02741728350520134 -0.7392544746398926 -44.1488037109375 -0.015118283219635487 0.9985945820808411 -0.0507962591946125 -5.206169128417969 0.7396082282066345 0.045355428010225296 0.6715076565742493 75.79544830322266
0.6674488186836243 -0.028809944167733192 -0.7440982460975647 -45.032958984375 -0.014551253989338875 0.9985558986663818 -0.051714345812797546 -5.276073932647705 0.7445133924484253 0.045344240963459015 0.6660656929016113 76.58897399902344
0.6628540754318237 -0.029902318492531776 -0.7481513023376465 -45.909217834472656 -0.013532573357224464 0.9985605478286743 -0.051900461316108704 -5.345398426055908 0.7486262917518616 0.0445268377661705 0.6614952683448792 77.35723114013672
0.6585497856140137 -0.030386487022042274 -0.7519234418869019 -46.81922912597656 -0.012942614033818245 0.9985793232917786 -0.05168967694044113 -5.420462131500244 0.7524258494377136 0.04377208650112152 0.6572209000587463 78.13566589355469
0.6541275382041931 -0.03119228594005108 -0.7557408213615417 -47.713645935058594 -0.011396154761314392 0.9986295700073242 -0.0510810986161232 -5.496811389923096 0.7562984228134155 0.0420260988175869 0.6528754830360413 78.91633605957031
0.6503633260726929 -0.03433592617511749 -0.7588468790054321 -48.63743591308594 -0.008543680422008038 0.9985840916633606 -0.05250571668148041 -5.5696024894714355 0.7595752477645874 0.04063113033771515 0.6491491198539734 79.69927215576172
0.6461523175239563 -0.03876453638076782 -0.7622232437133789 -49.544532775878906 -0.0060645705088973045 0.9984169602394104 -0.055917736142873764 -5.640784740447998 0.7631843686103821 0.04075394198298454 0.6448943614959717 80.45796203613281
0.6415653228759766 -0.043309491127729416 -0.7658447623252869 -50.46786117553711 -0.0015114168636500835 0.998331606388092 -0.05772305652499199 -5.713746070861816 0.7670668959617615 0.03819062188267708 0.6404294371604919 81.22791290283203
0.6345382928848267 -0.04670785367488861 -0.7714787125587463 -51.39862823486328 0.003406025469303131 0.9983315467834473 -0.05764083191752434 -5.792348861694336 0.7728837728500366 0.033947642892599106 0.6336389183998108 82.00630950927734
0.6265339851379395 -0.05046815797686577 -0.7777583599090576 -52.3280029296875 0.008090686984360218 0.998268723487854 -0.05825934186577797 -5.877283573150635 0.779352068901062 0.030208857730031013 0.6258575916290283 82.74766540527344
0.6176198124885559 -0.05120708420872688 -0.7848080396652222 -53.28249740600586 0.010686232708394527 0.9983323812484741 -0.05672936514019966 -5.960859775543213 0.7864042520523071 0.02665053680539131 0.6171370148658752 83.48593139648438
0.6088441610336304 -0.04968876391649246 -0.7917320728302002 -54.243167877197266 0.011215428821742535 0.9984758496284485 -0.05403921380639076 -6.042585372924805 0.7932105660438538 0.02402183972299099 0.6084734201431274 84.2225341796875
0.5998119115829468 -0.04961008206009865 -0.7986014485359192 -55.225502014160156 0.010769659653306007 0.9984862804412842 -0.05393828824162483 -6.120120525360107 0.8000685572624207 0.02375216595828533 0.5994381904602051 84.96066284179688
0.5905588269233704 -0.05102090910077095 -0.80538010597229 -56.22645568847656 0.010206641629338264 0.9983918070793152 -0.05576402321457863 -6.20068359375 0.8069300651550293 0.02471170760691166 0.5901297926902771 85.66567993164062
0.5806475877761841 -0.053050365298986435 -0.8124247193336487 -57.22560119628906 0.010579202324151993 0.9982821345329285 -0.057625580579042435 -6.284752368927002 0.8140862584114075 0.024865347892045975 0.580211341381073 86.37145233154297
0.5709519386291504 -0.05495937913656235 -0.8191419243812561 -58.25666046142578 0.01107716839760542 0.9981815218925476 -0.059250928461551666 -6.361157417297363 0.820908784866333 0.024755658581852913 0.5705224871635437 87.08463287353516
0.560177743434906 -0.055259909480810165 -0.8265271782875061 -59.286170959472656 0.013860650360584259 0.9982579946517944 -0.05734745040535927 -6.453574180603027 0.828256368637085 0.020668568089604378 0.5599679350852966 87.8031997680664
0.5504530668258667 -0.05546865612268448 -0.8330215215682983 -60.31224822998047 0.015126586891710758 0.998289167881012 -0.056477874517440796 -6.533271789550781 0.8347290754318237 0.01848764903843403 0.5503503084182739 88.46173095703125
0.5405159592628479 -0.056451961398124695 -0.8394377827644348 -61.3734130859375 0.015531075187027454 0.9982458353042603 -0.05713127180933952 -6.611660003662109 0.8411903977394104 0.01784299500286579 0.540444552898407 89.12837219238281
0.5297691226005554 -0.05715718865394592 -0.8462138175964355 -62.44056701660156 0.014793611131608486 0.9981975555419922 -0.05816139280796051 -6.701870918273926 0.8480128645896912 0.01829354837536812 0.5296599268913269 89.79913330078125
0.5194984674453735 -0.058020416647195816 -0.8524991869926453 -63.50609588623047 0.014053424820303917 0.9981372356414795 -0.059368498623371124 -6.783402919769287 0.8543558716773987 0.0188613161444664 0.5193462371826172 90.45222473144531
0.5096499919891357 -0.05901525542140007 -0.8583554625511169 -64.58723449707031 0.013490216806530952 0.9980704188346863 -0.06061134487390518 -6.873076438903809 0.8602760434150696 0.019311171025037766 0.5094626545906067 91.08806610107422
0.49975478649139404 -0.0587061308324337 -0.8641751408576965 -65.68057250976562 0.01216205582022667 0.9980778098106384 -0.06076920032501221 -6.9633917808532715 0.8660815358161926 0.01985955238342285 0.49950817227363586 91.71992492675781
0.4911692440509796 -0.05667078495025635 -0.8692187666893005 -66.80113220214844 0.011376806534826756 0.9982136487960815 -0.05865222588181496 -7.049909591674805 0.8709898591041565 0.018919236958026886 0.4909365177154541 92.34397888183594
0.4834825098514557 -0.05541146174073219 -0.8735984563827515 -67.91807556152344 0.011897707358002663 0.9983182549476624 -0.056737661361694336 -7.132255554199219 0.8752731084823608 0.017037849873304367 0.48332861065864563 92.95408630371094
0.4756827652454376 -0.055204179137945175 -0.8778829574584961 -69.02742004394531 0.01169152744114399 0.9983373284339905 -0.05644366145133972 -7.224522590637207 0.8795391917228699 0.016585491597652435 0.4755373001098633 93.55474853515625
0.4678148329257965 -0.0582122877240181 -0.8819074034690857 -70.12073516845703 0.01348888035863638 0.9981825947761536 -0.05873201787471771 -7.311007499694824 0.8837234973907471 0.015579762868583202 0.46774983406066895 94.13763427734375
0.4607674777507782 -0.0614670068025589 -0.8853897452354431 -71.26036071777344 0.01631084643304348 0.9980167150497437 -0.06079762056469917 -7.401816368103027 0.8873708844184875 0.01357210986316204 0.46085628867149353 94.72900390625
0.45486992597579956 -0.06436052918434143 -0.8882291316986084 -72.38580322265625 0.01724318228662014 0.9978345632553101 -0.06347209960222244 -7.496969223022461 0.8903908729553223 0.01355565246194601 0.454994797706604 95.29891967773438
0.4489816129207611 -0.06803916394710541 -0.8909468054771423 -73.527587890625 0.01949218101799488 0.9976051449775696 -0.06636153906583786 -7.593871116638184 0.8933284282684326 0.01242861058562994 0.44923269748687744 95.8851318359375
0.44436565041542053 -0.06903225928544998 -0.8931818008422852 -74.66349792480469 0.02255573309957981 0.997572660446167 -0.06587876379489899 -7.69600248336792 0.8955615162849426 0.009127888828516006 0.4448440968990326 96.44580841064453
0.4401545822620392 -0.06639590114355087 -0.8954638838768005 -75.81067657470703 0.02411743253469467 0.9977768063545227 -0.06212745979428291 -7.794264793395996 0.8975980281829834 0.005749397445470095 0.44077733159065247 97.01097106933594
0.4362713396549225 -0.06487070024013519 -0.8974737524986267 -76.94712829589844 0.02799834869801998 0.9978936314582825 -0.058518894016742706 -7.8930182456970215 0.8993794918060303 0.00040233274921774864 0.4371686279773712 97.56575012207031
0.4330900013446808 -0.06418894231319427 -0.8990622162818909 -78.09407043457031 0.02820669300854206 0.9979376792907715 -0.057660672813653946 -7.977789402008057 0.9009092450141907 -0.00038731572567485273 0.43400734663009644 98.11251831054688
0.4302918016910553 -0.06430261582136154 -0.9003967642784119 -79.22041320800781 0.02986808307468891 0.9979276657104492 -0.05699416995048523 -8.062775611877441 0.9021955728530884 -0.002368999645113945 0.4313206970691681 98.64791870117188
0.4281962811946869 -0.06301963329315186 -0.9014856815338135 -80.36199188232422 0.031399551779031754 0.9980006217956543 -0.054852195084095 -8.15894603729248 0.903140127658844 -0.00481873843818903 0.42931896448135376 99.17257690429688
0.4251040816307068 -0.0626647025346756 -0.9029726982116699 -81.49571990966797 0.03418637812137604 0.9980003833770752 -0.053165096789598465 -8.238509178161621 0.9044986367225647 -0.008268668316304684 0.42639631032943726 99.7209701538086
0.4228717088699341 -0.06381484121084213 -0.9039398431777954 -82.62591552734375 0.03676998242735863 0.9979041218757629 -0.05324701964855194 -8.321065902709961 0.9054431915283203 -0.01072118803858757 0.424331933259964 100.25187683105469
0.42009660601615906 -0.06404813379049301 -0.90521639585495 -83.71668243408203 0.03856835514307022 0.9978650808334351 -0.05270447954535484 -8.401911735534668 0.9066594243049622 -0.012771735899150372 0.4216699004173279 100.77230834960938
0.41778114438056946 -0.06325574219226837 -0.9063430428504944 -84.8230972290039 0.041754186153411865 0.9978561401367188 -0.050395939499139786 -8.481134414672852 0.9075877666473389 -0.016789143905043602 0.4195266366004944 101.2908935546875
0.4157904386520386 -0.062613345682621 -0.9073024988174438 -85.92862701416016 0.04389011114835739 0.9978463053703308 -0.04874823987483978 -8.562589645385742 0.9084007740020752 -0.019552556797862053 0.4176429808139801 101.79264831542969
0.4143056273460388 -0.06435566395521164 -0.907859742641449 -87.02685546875 0.04612050950527191 0.9976999163627625 -0.04967690631747246 -8.637084007263184 0.9089685678482056 -0.0212895255535841 0.41632080078125 102.29216766357422
0.4126192331314087 -0.06489115953445435 -0.9085893034934998 -88.10198974609375 0.04770202562212944 0.9976300001144409 -0.04958741366863251 -8.726600646972656 0.9096537232398987 -0.022880826145410538 0.4147368371486664 102.78471374511719
0.4120086431503296 -0.06592568010091782 -0.9087919592857361 -89.1639175415039 0.047281816601753235 0.9975823163986206 -0.050931110978126526 -8.806255340576172 0.9099523425102234 -0.02198527380824089 0.4141296446323395 103.26520538330078
0.4121512770652771 -0.06654831767082214 -0.9086818695068359 -90.21144104003906 0.046642471104860306 0.9975622892379761 -0.05190194770693779 -8.888916969299316 0.9099208116531372 -0.020991705358028412 0.41425055265426636 103.75540161132812
0.41474926471710205 -0.0663672536611557 -0.907512366771698 -91.2569580078125 0.044194359332323074 0.9976288080215454 -0.05275995284318924 -8.965182304382324 0.9088618755340576 -0.018224766477942467 0.4166989326477051 104.21641540527344
0.41913166642189026 -0.06640563905239105 -0.9054938554763794 -92.29118347167969 0.04203103855252266 0.9976714849472046 -0.0537104532122612 -9.045604705810547 0.9069520235061646 -0.015547077171504498 0.4209468960762024 104.69316101074219
0.4244954586029053 -0.06682159006595612 -0.9029609560966492 -93.33094024658203 0.04048645868897438 0.9976763129234314 -0.05479748919606209 -9.127792358398438 0.9045244455337524 -0.013296402059495449 0.42621445655822754 105.16438293457031
0.43012234568595886 -0.0671268180012703 -0.900271475315094 -94.35163116455078 0.040635187178850174 0.9976605772972107 -0.05497417598962784 -9.204980850219727 0.9018555879592896 -0.012937081046402454 0.4318438172340393 105.65300750732422
0.4365110397338867 -0.06609906256198883 -0.8972674608230591 -95.35626983642578 0.03954223915934563 0.9977434277534485 -0.054263945668935776 -9.280588150024414 0.8988295197486877 -0.011793157085776329 0.4381396770477295 106.14894104003906
0.44519883394241333 -0.06431799381971359 -0.8931187391281128 -96.37159729003906 0.038155149668455124 0.9978737235069275 -0.05284247174859047 -9.360554695129395 0.8946183919906616 -0.010551674291491508 0.44670629501342773 106.63617706298828
0.45412391424179077 -0.06402486562728882 -0.8886350393295288 -97.34383392333984 0.03769810125231743 0.9979020953178406 -0.05263234302401543 -9.435779571533203 0.8901405930519104 -0.009598241187632084 0.45558491349220276 107.1261215209961
0.4637144207954407 -0.06384493410587311 -0.8836812973022461 -98.33038330078125 0.03658624365925789 0.9979293346405029 -0.05290045961737633 -9.504380226135254 0.8852289915084839 -0.007799871731549501 0.4650901257991791 107.63494110107422
0.4735177159309387 -0.0639575645327568 -0.878459095954895 -99.30134582519531 0.035556335002183914 0.9979351758956909 -0.05349018797278404 -9.58897590637207 0.8800662159919739 -0.005906231235712767 0.4748140573501587 108.15611267089844
0.4832928478717804 -0.06581825762987137 -0.872981071472168 -100.25454711914062 0.03429381549358368 0.9978278279304504 -0.0562455840408802 -9.657783508300781 0.8747867941856384 -0.0027547648642212152 0.4845002591609955 108.69133758544922
0.4948395788669586 -0.06676305085420609 -0.8664158582687378 -101.2099380493164 0.032568223774433136 0.9977686405181885 -0.05828382074832916 -9.732151985168457 0.8683738708496094 0.0006235175533220172 0.49590975046157837 109.23077392578125
0.5076849460601807 -0.06507236510515213 -0.8590818047523499 -102.15654754638672 0.030492551624774933 0.9978759288787842 -0.05756557732820511 -9.810089111328125 0.861003041267395 0.003029579995200038 0.508590817451477 109.77622985839844
0.520125150680542 -0.06214117258787155 -0.8518263101577759 -103.07675170898438 0.028760632500052452 0.9980583786964417 -0.055247630923986435 -9.893630981445312 0.8536056876182556 0.004236619919538498 0.5209025740623474 110.32875061035156
0.5326996445655823 -0.05970969423651695 -0.8441953659057617 -103.99085998535156 0.028119510039687157 0.9982060194015503 -0.052859000861644745 -9.971721649169922 0.8458372354507446 0.004419606178998947 0.5334228873252869 110.89804077148438
0.5445564985275269 -0.05913681164383888 -0.8366367816925049 -104.88900756835938 0.027978962287306786 0.9982368350028992 -0.05234820023179054 -10.04193115234375 0.838257372379303 0.005098326597362757 0.5452510118484497 111.47682189941406
