1.0 0.0 0.0 0.0 0.0 1.0 0.0 0.0 0.0 0.0 1.0 0.0
0.9998739361763 0.0014825011603534222 0.015809746459126472 0.010728550143539906 -0.0014677004655823112 0.9999984502792358 -0.0009477427811361849 -0.0031491003464907408 -0.015811128541827202 0.000924419320654124 0.9998745918273926 0.12638001143932343
0.9992923140525818 0.0043228683061897755 0.037366170436143875 0.027232443913817406 -0.004310712683945894 0.9999906420707703 -0.0004058681661263108 -0.004741125740110874 -0.037367574870586395 0.0002445060817990452 0.999301552772522 0.2726306617259979
0.9978950023651123 0.005975234787911177 0.06457430869340897 0.056254200637340546 -0.006051578093320131 0.9999812245368958 0.0009867213666439056 -0.005143153481185436 -0.0645671933889389 -0.0013754208339378238 0.9979124069213867 0.4360502064228058
0.9951301217079163 0.005681612994521856 0.09840620309114456 0.1025954931974411 -0.006027227267622948 0.9999766945838928 0.0032151860650628805 -0.0042767697013914585 -0.09838562458753586 -0.0037926454097032547 0.9951411485671997 0.6090235710144043
0.9906326532363892 0.0026478231884539127 0.13652794063091278 0.16348882019519806 -0.0033872679341584444 0.9999808073043823 0.0051840366795659065 -0.0054293605498969555 -0.13651159405708313 -0.0055979336611926556 0.9906225800514221 0.7926816344261169
0.9843499660491943 -0.00011288862879155204 0.17622452974319458 0.23655900359153748 -0.000845585425850004 0.9999852180480957 0.005363831762224436 -0.0042576054111123085 -0.1762225478887558 -0.00542890140786767 0.9843353629112244 0.9876695275306702
0.975563108921051 -0.0003676376072689891 0.21971911191940308 0.3194194734096527 -0.0011219179723411798 0.999977171421051 0.006654546596109867 -0.0015934145776554942 -0.21971654891967773 -0.0067384373396635056 0.9755404591560364 1.1925547122955322
0.9634451270103455 -0.00016445937217213213 0.2679058015346527 0.41285645961761475 -0.0024612019769847393 0.9999521970748901 0.009464837610721588 0.0017155829118564725 -0.26789453625679016 -0.0097782202064991 0.9633986353874207 1.4059089422225952
0.9489365220069885 -0.0037669616285711527 0.3154445290565491 0.5285131931304932 -0.0015644024824723601 0.9998601675033569 0.01664620265364647 -0.00291225197724998 -0.3154631555080414 -0.016289671882987022 0.9487980008125305 1.6199613809585571
0.9319740533828735 -0.01313729677349329 0.36228686571121216 0.6703612208366394 0.004478696268051863 0.9996841549873352 0.024729348719120026 -0.0075705647468566895 -0.36249732971191406 -0.021424541249871254 0.931738555431366 1.8284329175949097
0.9105741381645203 -0.018314005807042122 0.41294020414352417 0.8244231343269348 0.007008276414126158 0.9995583295822144 0.028876736760139465 -0.005022367928177118 -0.4132867455482483 -0.023400407284498215 0.9103002548217773 2.0532171726226807
0.8851094245910645 -0.019649041816592216 0.4649680256843567 0.9918385744094849 0.004980592522770166 0.9994509816169739 0.03275469318032265 -0.0006619634223170578 -0.46535640954971313 -0.026675673201680183 0.8847213983535767 2.2815096378326416
0.8567262291908264 -0.021797236055135727 0.5153105854988098 1.1683069467544556 0.002963155275210738 0.999298095703125 0.03734315559267998 0.0016974634490907192 -0.5157629251480103 -0.03046591952443123 0.8561894297599792 2.4892632961273193
0.8241758346557617 -0.026108525693416595 0.5657317042350769 1.3682423830032349 0.0032804161310195923 0.9991400241851807 0.04133130982518196 0.009856738150119781 -0.5663242936134338 -0.032208435237407684 0.8235527873039246 2.70424222946167
0.7880406975746155 -0.03195613622665405 0.6147931814193726 1.6003525257110596 0.00545114791020751 0.9989749193191528 0.044938117265701294 0.009298947639763355 -0.6155989766120911 -0.03206174075603485 0.7874071002006531 2.9191043376922607
0.7496827244758606 -0.03566741198301315 0.6608356237411499 1.8401577472686768 0.005767153110355139 0.998860776424408 0.04736919328570366 0.017075417563319206 -0.6617723107337952 -0.031700726598501205 0.7490344047546387 3.1265389919281006
0.7095615267753601 -0.03887040913105011 0.7035706043243408 2.1104822158813477 0.006838674657046795 0.9988101720809937 0.04828472435474396 0.03034922294318676 -0.7046101689338684 -0.02944948710501194 0.7089830636978149 3.331864356994629
0.6672230362892151 -0.04052138701081276 0.7437549233436584 2.411313533782959 0.005545826628804207 0.9987616539001465 0.049439556896686554 0.04442690312862396 -0.7448372840881348 -0.028862470760941505 0.6666216254234314 3.553344964981079
0.6241595149040222 -0.04034925624728203 0.7802543044090271 2.726808786392212 0.000363109284080565 0.9986803531646729 0.051354262977838516 0.06299865245819092 -0.7812967300415039 -0.03176993131637573 0.6233506202697754 3.770564317703247
0.5827574729919434 -0.04132585600018501 0.8115946054458618 3.0699427127838135 -0.0024231653660535812 0.9986132979393005 0.05258866399526596 0.0719885528087616 -0.8126423954963684 -0.03261306881904602 0.5818492770195007 3.967153310775757
0.5420148968696594 -0.042555809020996094 0.8392907381057739 3.44614839553833 -0.004171601962298155 0.9985684156417847 0.05332593619823456 0.09247235953807831 -0.8403584957122803 -0.03240463137626648 0.5410613417625427 4.177272319793701
0.5027974843978882 -0.044415079057216644 0.863262414932251 3.860290765762329 -0.00597766600549221 0.9984765648841858 0.05485349893569946 0.11730677634477615 -0.8643835783004761 -0.03274049609899521 0.5017659068107605 4.39346170425415
0.4661101698875427 -0.043913986533880234 0.8836361765861511 4.292059898376465 -0.009078280068933964 0.9984773397445679 0.054409950971603394 0.13488508760929108 -0.8846800923347473 -0.033382926136255264 0.4650018513202667 4.585930347442627
0.42950648069381714 -0.04329434037208557 0.9020254015922546 4.751399040222168 -0.01020070817321539 0.9985538721084595 0.05278453975915909 0.1546921581029892 -0.9030061364173889 -0.03187260031700134 0.4284437298774719 4.776995658874512
0.39591649174690247 -0.041957661509513855 0.9173275232315063 5.240687847137451 -0.00912436656653881 0.9987265467643738 0.049618836492300034 0.17582491040229797 -0.9182412028312683 -0.028014948591589928 0.3950294554233551 4.9592413902282715
0.36645588278770447 -0.03999372944235802 0.929575502872467 5.758171558380127 -0.006588796619325876 0.9989391565322876 0.045575425028800964 0.20066304504871368 -0.9304121136665344 -0.022826168686151505 0.36580362915992737 5.138607978820801
0.341400146484375 -0.03827730193734169 0.9391382932662964 6.306371688842773 -0.0053971330635249615 0.9990740418434143 0.04268215596675873 0.22298122942447662 -0.9399025440216064 -0.019640346989035606 0.3408774733543396 5.312402725219727
0.3212774693965912 -0.037798795849084854 0.946230411529541 6.874558925628662 -0.0040788110345602036 0.9991385340690613 0.04129719361662865 0.24627821147441864 -0.9469762444496155 -0.017127353698015213 0.3208465874195099 5.4908528327941895
0.3058099150657654 -0.038424890488386154 0.9513168931007385 7.489001274108887 -0.003510023234412074 0.9991328716278076 0.04148457199335098 0.2671884298324585 -0.9520861506462097 -0.016025535762310028 0.3054099380970001 5.695926666259766
0.2943328022956848 -0.03939012065529823 0.9548909068107605 8.120662689208984 -0.002485166536644101 0.9991152882575989 0.04198044538497925 0.2949785888195038 -0.9556996822357178 -0.01472928561270237 0.2939745783805847 5.884524822235107
0.28332260251045227 -0.04080432653427124 0.9581562280654907 8.77867603302002 -0.003666849574074149 0.9990410208702087 0.043629731982946396 0.3273897171020508 -0.9590176343917847 -0.015874704346060753 0.28290125727653503 6.077353477478027
0.27256882190704346 -0.04263342544436455 0.9611912965774536 9.450489044189453 -0.005037964321672916 0.9989407658576965 0.04573643580079079 0.35170823335647583 -0.9621230363845825 -0.01730877161026001 0.27206531167030334 6.272457122802734
0.2627165913581848 -0.04451608657836914 0.9638456106185913 10.142269134521484 -0.0057901982218027115 0.99884432554245 0.047710783779621124 0.3790704607963562 -0.9648556709289551 -0.018115274608135223 0.26215529441833496 6.451526641845703
0.25238439440727234 -0.04661226645112038 0.9665036797523499 10.8910551071167 -0.007095000706613064 0.9987232089042664 0.05001886188983917 0.39979127049446106 -0.9676010012626648 -0.019481323659420013 0.25173142552375793 6.658281326293945
0.2422911822795868 -0.04786255210638046 0.969022274017334 11.634737014770508 -0.007165026385337114 0.9986669421195984 0.05111829936504364 0.4356023371219635 -0.9701771140098572 -0.019328583031892776 0.24162523448467255 6.838074684143066
0.23142246901988983 -0.048955876380205154 0.9716207385063171 12.386749267578125 -0.007347235921770334 0.9986166954040527 0.052066054195165634 0.4692579507827759 -0.9728255867958069 -0.019187981262803078 0.23074261844158173 7.02592134475708
0.22126568853855133 -0.05212124437093735 0.9738197326660156 13.169844627380371 -0.008644293062388897 0.9984266757965088 0.05540238320827484 0.5030150413513184 -0.9751752614974976 -0.0206766277551651 0.22046701610088348 7.194903373718262
0.20968712866306305 -0.0555267371237278 0.9761906266212463 13.975683212280273 -0.010855630971491337 0.9981924295425415 0.05911003053188324 0.5377786755561829 -0.9777082800865173 -0.022991782054305077 0.208705335855484 7.376219272613525
0.19758664071559906 -0.05943337082862854 0.9784821271896362 14.773874282836914 -0.011632990092039108 0.9979479908943176 0.06296480447053909 0.5744881629943848 -0.9802164435386658 -0.023823676630854607 0.19648981094360352 7.532645225524902
0.18450911343097687 -0.06135887652635574 0.9809136390686035 15.56864070892334 -0.012524489313364029 0.9978214502334595 0.06477236747741699 0.6132838129997253 -0.9827510118484497 -0.024236533790826797 0.18333865702152252 7.681029319763184
0.16990023851394653 -0.061908651143312454 0.9835147261619568 16.382701873779297 -0.012662773951888084 0.9978052973747253 0.0649956539273262 0.6529330611228943 -0.9853798747062683 -0.023496802896261215 0.16874343156814575 7.829006195068359
0.15552756190299988 -0.06071624904870987 0.9859638214111328 17.18819236755371 -0.014822984114289284 0.9978534579277039 0.06378661841154099 0.6887083649635315 -0.9877203106880188 -0.02453550696372986 0.1542937308549881 7.959271430969238
0.1389564871788025 -0.059961650520563126 0.9884815216064453 18.00833511352539 -0.01538026425987482 0.9979141354560852 0.0626959353685379 0.7231017351150513 -0.9901790022850037 -0.023915115743875504 0.13774444162845612 8.071355819702148
0.1188664361834526 -0.05855969712138176 0.9911818504333496 18.82534408569336 -0.017837151885032654 0.9979721903800964 0.06109997630119324 0.7584460973739624 -0.9927499890327454 -0.02494259551167488 0.11758087575435638 8.161672592163086
0.09330515563488007 -0.056458692997694016 0.9940354824066162 19.658985137939453 -0.022181082516908646 0.9980252385139465 0.05876733362674713 0.8002500534057617 -0.9953904151916504 -0.027532080188393593 0.09186858683824539 8.240351676940918
0.06230493262410164 -0.05659933388233185 0.9964510202407837 20.508251190185547 -0.026344940066337585 0.9979495406150818 0.058331720530986786 0.8277897238731384 -0.9977093935012817 -0.02988579496741295 0.06068607419729233 8.298209190368652
0.028617454692721367 -0.056346144527196884 0.9980010986328125 21.349641799926758 -0.029529113322496414 0.9979265332221985 0.05718867853283882 0.8630915284156799 -0.9991541504859924 -0.03110668435692787 0.026894263923168182 8.32394790649414
-0.005613042041659355 -0.056092601269483566 0.9984098672866821 22.185455322265625 -0.030742458999156952 0.9979633688926697 0.055894676595926285 0.8897107839584351 -0.9995115399360657 -0.03037983551621437 -0.0073260348290205 8.309226989746094
-0.039312537759542465 -0.05472242832183838 0.9977274537086487 23.026948928833008 -0.03231396898627281 0.9980466365814209 0.05346669629216194 0.9194384217262268 -0.9987043142318726 -0.030138617381453514 -0.04100404307246208 8.268107414245605
-0.0721168965101242 -0.05248521268367767 0.9960142970085144 23.889728546142578 -0.03402146324515343 0.9981629252433777 0.05013508349657059 0.9533278346061707 -0.9968158006668091 -0.030270280316472054 -0.07377002388238907 8.198734283447266
-0.10495366156101227 -0.04935775324702263 0.9932514429092407 24.738677978515625 -0.03635091707110405 0.9982905983924866 0.04576707258820534 0.9810102581977844 -0.9938125610351562 -0.031302183866500854 -0.10656843334436417 8.108672142028809
-0.13707798719406128 -0.045016076415777206 0.9895368814468384 25.579050064086914 -0.032883476465940475 0.9986230134963989 0.04087416082620621 0.9970390796661377 -0.990014374256134 -0.02693646401166916 -0.13836953043937683 7.975934028625488
-0.1686444729566574 -0.03932994604110718 0.984891951084137 26.39939308166504 -0.02837536856532097 0.9989832043647766 0.03503389656543732 1.008510708808899 -0.9852684736251831 -0.02203839272260666 -0.16958901286125183 7.818479061126709
-0.1988612413406372 -0.03305492550134659 0.9794700741767883 27.225341796875 -0.02199857123196125 0.999329686164856 0.029258789494633675 1.0206706523895264 -0.9797807335853577 -0.015728499740362167 -0.1994551420211792 7.640144348144531
-0.22772738337516785 -0.027357852086424828 0.9733405709266663 28.051128387451172 -0.015937892720103264 0.9995760321617126 0.02436634711921215 1.0277451276779175 -0.9735945463180542 -0.009964111261069775 -0.22806686162948608 7.427361011505127
-0.2552042603492737 -0.021084297448396683 0.9666571617126465 28.86103057861328 -0.007242345251142979 0.999775767326355 0.019894639030098915 1.0317310094833374 -0.9668600559234619 -0.0019236693624407053 -0.25529974699020386 7.192104816436768
-0.28155386447906494 -0.011009778827428818 0.9594822525978088 29.666173934936523 -0.0011856388300657272 0.9999372959136963 0.011126073077321053 1.0218292474746704 -0.9595447182655334 0.0019949900452047586 -0.28154927492141724 6.937201499938965
-0.3066498041152954 0.0048340316861867905 0.9518101215362549 30.451257705688477 0.00337213184684515 0.9999862909317017 -0.003992290701717138 1.0110409259796143 -0.9518164396286011 0.0019853939302265644 -0.3066619038581848 6.671761989593506
-0.33142969012260437 0.022055841982364655 0.9432219862937927 31.22513198852539 0.004586245398968458 0.9997525811195374 -0.02176620624959469 0.9875384569168091 -0.9434687495231628 -0.0028881188482046127 -0.3314487934112549 6.390324115753174
-0.356518030166626 0.03689606115221977 0.9335595965385437 32.006011962890625 0.00468530785292387 0.9992779493331909 -0.03770409896969795 0.9575795531272888 -0.9342767000198364 -0.00906817801296711 -0.35643354058265686 6.087765693664551
-0.3810265064239502 0.04709205776453018 0.923363983631134 32.76636505126953 0.008331481367349625 0.9988362789154053 -0.04750320315361023 0.9117529988288879 -0.924526572227478 -0.010406985878944397 -0.38097551465034485 5.764566421508789
-0.40395063161849976 0.051420629024505615 0.9133344292640686 33.5172004699707 0.011813338845968246 0.9986289143562317 -0.05099787935614586 0.8614587187767029 -0.9147045612335205 -0.00981109868735075 -0.4040042459964752 5.410679817199707
-0.42669570446014404 0.05119743570685387 0.9029449224472046 34.26311111450195 0.015284025110304356 0.998661994934082 -0.04940201714634895 0.8099784851074219 -0.9042661190032959 -0.007278996054083109 -0.4269072711467743 5.056843280792236
-0.44703584909439087 0.04702244699001312 0.8932792544364929 34.99412155151367 0.018499890342354774 0.998889684677124 -0.04332365840673447 0.7573093771934509 -0.8943246603012085 -0.002841660287231207 -0.447409451007843 4.6795501708984375
-0.46477267146110535 0.04557037353515625 0.8842566013336182 35.71265411376953 0.025835469365119934 0.9989474415779114 -0.037901658564805984 0.709634006023407 -0.8850530385971069 0.005229527130723 -0.46546080708503723 4.284306526184082
-0.47815486788749695 0.04592370241880417 0.877074122428894 36.416107177734375 0.028035525232553482 0.9989211559295654 -0.037019502371549606 0.6623901724815369 -0.8778279423713684 0.006888178177177906 -0.47892656922340393 3.8876736164093018
-0.48929569125175476 0.05002880468964577 0.8706818222999573 37.11181640625 0.03207087516784668 0.9987102150917053 -0.03936241939663887 0.6135448813438416 -0.8715280890464783 0.008663670159876347 -0.49026912450790405 3.488619089126587
-0.49901115894317627 0.052449509501457214 0.8650068640708923 37.79982376098633 0.03277571499347687 0.9985949397087097 -0.041641704738140106 0.5674746632575989 -0.8659756183624268 0.007571549154818058 -0.5000290870666504 3.081162929534912
-0.509782075881958 0.052043817937374115 0.8587279319763184 38.49702835083008 0.027185989543795586 0.9986444711685181 -0.04438465088605881 0.51749587059021 -0.8598739504814148 0.0007188673480413854 -0.5105059146881104 2.676340103149414
-0.5208460092544556 0.05058659240603447 0.8521504998207092 39.183006286621094 0.026570528745651245 0.9987196326255798 -0.043047163635492325 0.46938812732696533 -0.8532370328903198 0.0002211466053267941 -0.5215232372283936 2.2617344856262207
-0.5296403765678406 0.05189066380262375 0.8466336131095886 39.85544204711914 0.02869357354938984 0.9986518025398254 -0.0432577021420002 0.4232860207557678 -0.8477368950843811 0.001381922629661858 -0.5304151773452759 1.8377093076705933
-0.5369542241096497 0.054703488945961 0.8418359160423279 40.54412078857422 0.031117301434278488 0.998500645160675 -0.04503597691655159 0.37949681282043457 -0.8430373668670654 0.0020134085789322853 -0.5378512740135193 1.3958402872085571
-0.5401898622512817 0.05781928449869156 0.8395545482635498 41.24251937866211 0.03291052207350731 0.9983251690864563 -0.04757823422551155 0.33186081051826477 -0.8408994078636169 0.0019288924522697926 -0.5411880016326904 0.9409520030021667
-0.5399563312530518 0.06010938808321953 0.8395439386367798 41.94617462158203 0.03250421583652496 0.998191773891449 -0.05056297406554222 0.28695017099380493 -0.8410651683807373 -1.308337778027635e-05 -0.5409337878227234 0.4912155270576477
-0.5365162491798401 0.06033111736178398 0.8417305946350098 42.668460845947266 0.034663669764995575 0.9981749653816223 -0.049449771642684937 0.23521721363067627 -0.8431777358055115 0.0026468646246939898 -0.5376283526420593 0.026779266074299812
-0.5306894779205322 0.05885887145996094 0.8455201387405396 43.408935546875 0.03270243853330612 0.9982649683952332 -0.048966191709041595 0.17819982767105103 -0.8469352126121521 0.0016647338634356856 -0.5316934585571289 -0.4318445026874542
-0.5241404175758362 0.057591985911130905 0.8496823310852051 44.15258026123047 0.030680306255817413 0.9983400702476501 -0.04874246194958687 0.1284605711698532 -0.8510790467262268 0.0005206233472563326 -0.5250372886657715 -0.8699228167533875
-0.5168094635009766 0.05722678452730179 0.8541856408119202 44.92536926269531 0.0292875487357378 0.9983611702919006 -0.04916602745652199 0.07610534876585007 -0.8555993437767029 -0.00039246436790563166 -0.5176385641098022 -1.3335483074188232
-0.5112491846084595 0.055785879492759705 0.857620120048523 45.71116256713867 0.02611812762916088 0.9984387159347534 -0.049376070499420166 0.023417748510837555 -0.8590356111526489 -0.0028440419118851423 -0.5119079351425171 -1.7840499877929688
-0.5062461495399475 0.05333051085472107 0.8607383966445923 46.53086471557617 0.021733732894062996 0.998557984828949 -0.049086909741163254 -0.03177259489893913 -0.8621150255203247 -0.006143006030470133 -0.5066752433776855 -2.267573356628418
-0.50501549243927 0.050589460879564285 0.8616264462471008 47.35673522949219 0.017514711245894432 0.9986758828163147 -0.048370469361543655 -0.08632372319698334 -0.8629325032234192 -0.009336699731647968 -0.5052328705787659 -2.738205909729004
-0.5055454969406128 0.04805736988782883 0.8614605069160461 48.18712615966797 0.014572511427104473 0.9987807273864746 -0.04716607555747032 -0.145216166973114 -0.8626768589019775 -0.011290952563285828 -0.5056294202804565 -3.213045358657837
-0.5066590905189514 0.04699163883924484 0.8608648777008057 49.032222747802734 0.013432980515062809 0.9988225698471069 -0.0466163344681263 -0.20334291458129883 -0.8620417714118958 -0.012054604478180408 -0.5066937208175659 -3.70015287399292
-0.5068719983100891 0.04628201946616173 0.8607779145240784 49.899234771728516 0.01325546856969595 0.9988579750061035 -0.04590073600411415 -0.2575529217720032 -0.8619194030761719 -0.011855785734951496 -0.5069066286087036 -4.211484432220459
-0.5071328282356262 0.045863714069128036 0.8606467247009277 50.76828384399414 0.012985356152057648 0.9988763332366943 -0.045578379184007645 -0.3122796416282654 -0.8617701530456543 -0.011938486248254776 -0.5071585178375244 -4.72023868560791
-0.507290244102478 0.0447625070810318 0.8606119751930237 51.648033142089844 0.013078996911644936 0.9989349842071533 -0.0442475751042366 -0.3706701695919037 -0.861676037311554 -0.011190414428710938 -0.5073354244232178 -5.231252670288086
-0.5072485208511353 0.04471173509955406 0.8606390953063965 52.53404235839844 0.013257154263556004 0.9989398717880249 -0.0440831258893013 -0.42956751585006714 -0.8616977334022522 -0.010951473377645016 -0.5073035359382629 -5.751426696777344
-0.5075881481170654 0.04323072358965874 0.8605146408081055 53.42948532104492 0.010988866910338402 0.9989840388298035 -0.043705228716135025 -0.48495057225227356 -0.8615297079086304 -0.012728170491755009 -0.5075474381446838 -6.273834228515625
-0.5076133608818054 0.04227184131741524 0.8605472445487976 54.3145637512207 0.010082499124109745 0.9990187287330627 -0.04312644898891449 -0.5458425283432007 -0.8615259528160095 -0.013215094804763794 -0.5075415372848511 -6.784347057342529
-0.5068655014038086 0.041552286595106125 0.8610230684280396 55.205604553222656 0.009186024777591228 0.9990411400794983 -0.042805321514606476 -0.6101739406585693 -0.8619762659072876 -0.013787157833576202 -0.5067611932754517 -7.302846431732178
-0.5057201385498047 0.04003527760505676 0.8617681264877319 56.07954025268555 0.008804931305348873 0.9991101026535034 -0.04124870523810387 -0.6660858392715454 -0.862652599811554 -0.013272494077682495 -0.5056226253509521 -7.813150882720947
-0.5033084154129028 0.03798837587237358 0.8632714748382568 56.96440124511719 0.009113239124417305 0.9992111325263977 -0.03865717351436615 -0.726410448551178 -0.8640587329864502 -0.011589281260967255 -0.5032573938369751 -8.32927417755127
-0.5010112524032593 0.03649521991610527 0.8646709322929382 57.85148620605469 0.009655553847551346 0.999284029006958 -0.03658217936754227 -0.7869552969932556 -0.8653869032859802 -0.009979207068681717 -0.5010049343109131 -8.837859153747559
-0.49857383966445923 0.036339737474918365 0.8660851716995239 58.738216400146484 0.010187329724431038 0.999297559261322 -0.036064665764570236 -0.8425766229629517 -0.866787314414978 -0.009157801978290081 -0.498593807220459 -9.343111991882324
-0.496417373418808 0.03656201437115669 0.8673136830329895 59.62368392944336 0.009829632937908173 0.9992853999137878 -0.036499228328466415 -0.8982152938842773 -0.8680282831192017 -0.009593479335308075 -0.4964221119880676 -9.845999717712402
-0.49559733271598816 0.0370999351143837 0.8677597045898438 60.50423812866211 0.009697433561086655 0.9992613792419434 -0.037183694541454315 -0.9502086639404297 -0.8684982657432556 -0.010013100691139698 -0.49559107422828674 -10.348148345947266
-0.4963456690311432 0.03895431384444237 0.8672506213188171 61.3798713684082 0.009932216256856918 0.9991821646690369 -0.03919587284326553 -1.0072909593582153 -0.8680682182312012 -0.01084098219871521 -0.4963266849517822 -10.845907211303711
-0.4995225667953491 0.04043096676468849 0.8653568625450134 62.250701904296875 0.008395585231482983 0.9990893006324768 -0.041832875460386276 -1.0687319040298462 -0.8662602305412292 -0.01363129261881113 -0.49940720200538635 -11.337015151977539
-0.5038837790489197 0.04081260785460472 0.8628067374229431 63.128257751464844 0.006617384497076273 0.9990361928939819 -0.043391965329647064 -1.126241683959961 -0.8637461066246033 -0.016154984012246132 -0.5036683082580566 -11.849095344543457
-0.5094794631004333 0.03973472863435745 0.8595649600028992 63.989723205566406 0.008097577840089798 0.9991104602813721 -0.04138586297631264 -1.183706283569336 -0.8604447841644287 -0.014124848879873753 -0.5093479752540588 -12.355764389038086
-0.5146871209144592 0.037335384637117386 0.8565648198127747 64.84771728515625 0.009630792774260044 0.9992400407791138 -0.03776733577251434 -1.245606780052185 -0.857323944568634 -0.011188962496817112 -0.514655590057373 -12.875205993652344
-0.5202452540397644 0.034432634711265564 0.853322446346283 65.71843719482422 0.006375896744430065 0.9993155598640442 -0.036436449736356735 -1.3041722774505615 -0.8539931178092957 -0.013515192084014416 -0.5201087594032288 -13.3865385055542
-0.5252504348754883 0.037643712013959885 0.850114643573761 66.56148529052734 0.008736731484532356 0.9992069602012634 -0.03884756937623024 -1.3622159957885742 -0.8509028553962708 -0.012977479957044125 -0.5251628756523132 -13.905816078186035
-0.5304484367370605 0.039535608142614365 0.8467947840690613 67.40684509277344 0.00886171031743288 0.9991158843040466 -0.04109610617160797 -1.4107731580734253 -0.8476709127426147 -0.014295319095253944 -0.5303298234939575 -14.426145553588867
-0.5353316068649292 0.040186602622270584 0.8436853885650635 68.23281860351562 0.007361345458775759 0.999051570892334 -0.04291614517569542 -1.4702680110931396 -0.8446098566055298 -0.01676371321082115 -0.5351197719573975 -14.937515258789062
-0.5387071371078491 0.040556326508522034 0.8415164351463318 69.03843688964844 0.006717512384057045 0.9990156292915344 -0.043846599757671356 -1.5290906429290771 -0.8424663543701172 -0.017967578023672104 -0.5384491682052612 -15.458507537841797
-0.5420246720314026 0.04016793891787529 0.8394021391868591 69.85358428955078 0.007895639166235924 0.9990562796592712 -0.04270944744348526 -1.5859001874923706 -0.8403254747390747 -0.016521954908967018 -0.5418302416801453 -15.97978401184082
-0.5437819957733154 0.033253010362386703 0.8385675549507141 70.67615509033203 0.008269961923360825 0.999378502368927 -0.034267112612724304 -1.6337329149246216 -0.8391857147216797 -0.011698916554450989 -0.5437189936637878 -16.52018928527832
-0.5466595888137817 0.023473981767892838 0.8370258212089539 71.495361328125 0.006539872847497463 0.9996961951255798 -0.02376481518149376 -1.6927509307861328 -0.8373293876647949 -0.007517221849411726 -0.5466470122337341 -17.045326232910156
-0.5484880208969116 0.022348904982209206 0.8358597755432129 72.31025695800781 0.007740767206996679 0.9997355341911316 -0.021651100367307663 -1.733424425125122 -0.8361225724220276 -0.005405170377343893 -0.5485159754753113 -17.573827743530273
-0.5491279363632202 0.027061091735959053 0.8353000283241272 73.09808349609375 0.008383934386074543 0.9996037483215332 -0.02687239460647106 -1.7794361114501953 -0.8356962203979492 -0.007753283716738224 -0.5491371750831604 -18.091928482055664
-0.551006019115448 0.03291582316160202 0.8338518738746643 73.8979263305664 0.009536700323224068 0.9994049072265625 -0.0331491157412529 -1.8242974281311035 -0.8344467878341675 -0.010313165374100208 -0.550991952419281 -18.60403823852539
-0.5504916310310364 0.03718755021691322 0.8340121507644653 74.68018341064453 0.01575654000043869 0.9992921948432922 -0.03415704891085625 -1.8677245378494263 -0.8346919417381287 -0.005662024952471256 -0.5506880283355713 -19.145479202270508
-0.5502176284790039 0.03870631009340286 0.8341237306594849 75.47078704833984 0.019414374604821205 0.9992479681968689 -0.03356226161122322 -1.9174710512161255 -0.8347955942153931 -0.0022725581657141447 -0.5505553483963013 -19.678756713867188
-0.5497722625732422 0.03546698018908501 0.8345613479614258 76.27427673339844 0.017879800871014595 0.9993689060211182 -0.030692512169480324 -1.9585835933685303 -0.8351231813430786 -0.00195209844969213 -0.5500594973564148 -20.2017879486084
-0.5493544340133667 0.030662374570965767 0.8350265622138977 77.06591033935547 0.015803303569555283 0.9995289444923401 -0.026306133717298508 -1.9941462278366089 -0.835439920425415 -0.001255213050171733 -0.5495802760124207 -20.718364715576172
-0.5491324663162231 0.023322349414229393 0.8354097604751587 77.86372375488281 0.013021672144532204 0.9997279047966003 -0.019350241869688034 -2.042154312133789 -0.8356337547302246 0.0002525851596146822 -0.549286961555481 -21.21980857849121
-0.5491732954978943 0.017832735553383827 0.8355181813240051 78.66536712646484 0.0045855105854570866 0.9998216032981873 -0.018325528129935265 -2.0768933296203613 -0.8356958627700806 -0.006232614628970623 -0.5491571426391602 -21.716751098632812
-0.5471985936164856 0.01291686948388815 0.8369030356407166 79.46012115478516 -0.002734406851232052 0.9998480677604675 -0.017219634726643562 -2.1066625118255615 -0.8369983434677124 -0.011710996739566326 -0.5470801591873169 -22.22509765625
-0.5452818870544434 0.013382022269070148 0.838145911693573 80.25272369384766 0.0009384558070451021 0.9998816251754761 -0.015353789553046227 -2.1493117809295654 -0.8382523059844971 -0.007585578598082066 -0.5452299118041992 -22.736724853515625
-0.5418862104415894 0.016942381858825684 0.8402811288833618 81.04771423339844 0.004585394635796547 0.9998415112495422 -0.017202502116560936 -2.172287940979004 -0.84043949842453 -0.0054687755182385445 -0.5418779253959656 -23.25844383239746
-0.5362184047698975 0.020352447405457497 0.843833863735199 81.83744812011719 0.006495007313787937 0.999779224395752 -0.019986409693956375 -2.1990163326263428 -0.8440543413162231 -0.005236372817307711 -0.536232054233551 -23.764190673828125
-0.5281193852424622 0.022378843277692795 0.8488752841949463 82.62643432617188 0.011637670919299126 0.9997496008872986 -0.019116071984171867 -2.2357733249664307 -0.8490904569625854 -0.00021663653024006635 -0.5282475352287292 -24.264848709106445
-0.5202580094337463 0.026150939986109734 0.8536086678504944 83.42636108398438 0.019076084718108177 0.9996375441551208 -0.01899813674390316 -2.2697649002075195 -0.8537960648536682 0.006399577017873526 -0.5205681920051575 -24.758136749267578
-0.5107538104057312 0.025232532992959023 0.8593566417694092 84.22698974609375 0.01652190275490284 0.9996727108955383 -0.019532814621925354 -2.2987284660339355 -0.8595682382583618 0.004221746232360601 -0.5110035538673401 -25.22260856628418
-0.49984654784202576 0.022952936589717865 0.8658098578453064 85.034912109375 0.014678352512419224 0.9997296929359436 -0.018029147759079933 -2.330101728439331 -0.865989625453949 0.0036968558561056852 -0.5000483989715576 -25.680660247802734
-0.48842373490333557 0.019611062481999397 0.8723862171173096 85.84063720703125 0.014702060259878635 0.9997904896736145 -0.014243829995393753 -2.3631997108459473 -0.8724827170372009 0.005868851672858 -0.4886097013950348 -26.121145248413086
-0.4772045612335205 0.01895896904170513 0.8785877823829651 86.6526870727539 0.013664908707141876 0.9998064637184143 -0.0141526497900486 -2.388599157333374 -0.8786860108375549 0.005252114962786436 -0.4773712456226349 -26.56032371520996
-0.46595150232315063 0.017929410561919212 0.8846285939216614 87.48768615722656 0.013995852321386337 0.9998189210891724 -0.0128921614959836 -2.4153897762298584 -0.8846994638442993 0.00637400895357132 -0.46611809730529785 -26.986186981201172
-0.4537755846977234 0.01913546957075596 0.8909105062484741 88.3072280883789 0.014859719201922417 0.9997929334640503 -0.01390546653419733 -2.4405460357666016 -0.8909919857978821 0.006928719580173492 -0.453965961933136 -27.40206527709961
-0.4416256844997406 0.022964444011449814 0.8969054818153381 89.1244888305664 0.014591806568205357 0.9997239708900452 -0.018412182107567787 -2.476862668991089 -0.8970807790756226 0.00495617650449276 -0.4418388903141022 -27.801822662353516
-0.4305711090564728 0.03181113302707672 0.901995837688446 89.94712829589844 0.01738736592233181 0.9994856119155884 -0.026949428021907806 -2.5141351222991943 -0.9023890495300293 0.004079687409102917 -0.4309026896953583 -28.187129974365234
-0.41727301478385925 0.03620348870754242 0.9080597162246704 90.78624725341797 0.016249502077698708 0.9993436336517334 -0.03237590193748474 -2.549138307571411 -0.9086357951164246 0.001245928113348782 -0.4175875186920166 -28.582653045654297
-0.40586405992507935 0.0326923169195652 0.9133484959602356 91.62944793701172 0.014071024022996426 0.9994650483131409 -0.029522038996219635 -2.5889077186584473 -0.9138250946998596 0.0008698132587596774 -0.40610694885253906 -28.94879150390625
-0.3946911692619324 0.029089007526636124 0.9183531999588013 92.4800796508789 0.01303835865110159 0.9995753765106201 -0.02605808712542057 -2.6344141960144043 -0.9187213778495789 0.0016889218240976334 -0.3949027955532074 -29.300609588623047
-0.38450443744659424 0.029177485033869743 0.9226618409156799 93.3318099975586 0.009092459455132484 0.9995715022087097 -0.02782047539949417 -2.678088665008545 -0.9230783581733704 -0.002307832706719637 -0.3846049904823303 -29.652751922607422
-0.37753066420555115 0.033917155116796494 0.9253756999969482 94.18108367919922 0.004623586777597666 0.9993855953216553 -0.034743476659059525 -2.721646785736084 -0.9259855151176453 -0.008838174864649773 -0.3774555027484894 -29.98813819885254
-0.3724347949028015 0.0390377938747406 0.9272369742393494 95.02206420898438 -0.0005067241145297885 0.9991062879562378 -0.04226711392402649 -2.7665228843688965 -0.9280582666397095 -0.01621159538626671 -0.37208205461502075 -30.31285285949707
-0.3694835603237152 0.041228871792554855 0.9283221960067749 95.86550903320312 -0.0029759735334664583 0.998957633972168 -0.04555041342973709 -2.8185019493103027 -0.9292324781417847 -0.01959279738366604 -0.3689756989479065 -30.633220672607422
-0.36568358540534973 0.040862902998924255 0.9298418164253235 96.70459747314453 -0.004130573011934757 0.998954713344574 -0.045524585992097855 -2.8751511573791504 -0.9307301044464111 -0.020488373935222626 -0.36513254046440125 -30.95790672302246
-0.36094582080841064 0.04091019183397293 0.9316890239715576 97.5444564819336 -0.005778510123491287 0.9989200830459595 -0.04610094055533409 -2.925945281982422 -0.9325688481330872 -0.02202371507883072 -0.36031967401504517 -31.270301818847656
-0.35499343276023865 0.03602223098278046 0.9341745376586914 98.40319061279297 -0.009729444049298763 0.999060869216919 -0.0422215461730957 -2.9829659461975098 -0.9348181486129761 -0.024077368900179863 -0.3543095588684082 -31.59737205505371
-0.3498229682445526 0.03227926790714264 0.9362595677375793 99.24517059326172 -0.009754659608006477 0.999226450920105 -0.0380948930978775 -3.0345842838287354 -0.9367650747299194 -0.0224593598395586 -0.34923744201660156 -31.902481079101562
-0.3441246747970581 0.029708649963140488 0.9384537935256958 100.09764862060547 -0.011657989583909512 0.9992871880531311 -0.035909347236156464 -3.0833446979522705 -0.9388515949249268 -0.02329777553677559 -0.3435329496860504 -32.20639419555664
-0.33852455019950867 0.027782943099737167 0.9405472874641418 100.94513702392578 -0.020054325461387634 0.9991239309310913 -0.03673125430941582 -3.1318130493164062 -0.9407438039779663 -0.03129647672176361 -0.33767080307006836 -32.48933029174805
-0.3325095474720001 0.02832692861557007 0.9426743984222412 101.7998046875 -0.027171645313501358 0.9988460540771484 -0.03959912434220314 -3.1762712001800537 -0.942708432674408 -0.038781095296144485 -0.3313561975955963 -32.77212905883789
-0.3254801332950592 0.0319686196744442 0.9450082182884216 102.6484603881836 -0.02454623207449913 0.9988057613372803 -0.042242757976055145 -3.2348010540008545 -0.9452301859855652 -0.03694556653499603 -0.32430675625801086 -33.06311798095703
-0.31822487711906433 0.03546178713440895 0.9473517537117004 103.49308013916016 -0.023226000368595123 0.9987084865570068 -0.04518605023622513 -3.282489061355591 -0.9477307200431824 -0.036382511258125305 -0.3169902563095093 -33.34433364868164
-0.3120441138744354 0.03341595083475113 0.9494796991348267 104.34103393554688 -0.024727538228034973 0.9987571835517883 -0.043276846408843994 -3.3334953784942627 -0.949745774269104 -0.03698258474469185 -0.31082993745803833 -33.6119270324707
-0.3050920069217682 0.028713593259453773 0.9518898725509644 105.20144653320312 -0.024601133540272713 0.9989741444587708 -0.038018837571144104 -3.3824775218963623 -0.9520050883293152 -0.035016823559999466 -0.30407270789146423 -33.879051208496094
-0.29813000559806824 0.02606772631406784 0.9541692733764648 106.05960083007812 -0.02566436491906643 0.9990466833114624 -0.03531260043382645 -3.4338464736938477 -0.9541801810264587 -0.03501589223742485 -0.2971768379211426 -34.138248443603516
-0.2915966510772705 0.029323944821953773 0.9560917615890503 106.9209976196289 -0.027867332100868225 0.9988452792167664 -0.039134431630373 -3.4781930446624756 -0.9561353325843811 -0.03805519640445709 -0.2904428243637085 -34.39187240600586
-0.2853583097457886 0.03206375613808632 0.9578843712806702 107.77435302734375 -0.02731528878211975 0.9987621307373047 -0.041569437831640244 -3.5295679569244385 -0.9580315947532654 -0.038027070462703705 -0.28412920236587524 -34.6378173828125
-0.27859336137771606 0.03236212208867073 0.9598637819290161 108.62891387939453 -0.029374683275818825 0.9986774325370789 -0.04219652712345123 -3.579827070236206 -0.9599598050117493 -0.03995136544108391 -0.27727431058883667 -34.87527084350586
-0.2715625464916229 0.03192117437720299 0.961891233921051 109.49505615234375 -0.02973649837076664 0.9986944198608398 -0.04153776168823242 -3.633808135986328 -0.9619612693786621 -0.039883386343717575 -0.27025872468948364 -35.11732864379883
-0.26322656869888306 0.03179242089390755 0.964210033416748 110.35540771484375 -0.025556379929184914 0.9988763332366943 -0.039912279695272446 -3.6848347187042236 -0.9643954634666443 -0.035147689282894135 -0.26211827993392944 -35.35423278808594
-0.25574085116386414 0.0331336110830307 0.9661773443222046 111.21027374267578 -0.022571608424186707 0.9989354014396667 -0.04023155942559242 -3.7351200580596924 -0.9664817452430725 -0.03209703415632248 -0.2547207176685333 -35.57825469970703
-0.2489686906337738 0.03357097879052162 0.967929482460022 112.07144165039062 -0.021373407915234566 0.9989652037620544 -0.04014502838253975 -3.783984899520874 -0.9682756662368774 -0.030682798475027084 -0.24799352884292603 -35.795597076416016
-0.24239321053028107 0.032308340072631836 0.9696400165557861 112.93998718261719 -0.027390437200665474 0.9988190531730652 -0.040127724409103394 -3.8322222232818604 -0.9697913527488708 -0.03628554940223694 -0.24122200906276703 -35.99537658691406
-0.23683850467205048 0.030323708429932594 0.971075713634491 113.8038101196289 -0.03254465013742447 0.9987042546272278 -0.03912386670708656 -3.8838982582092285 -0.9710037112236023 -0.04086935892701149 -0.23554474115371704 -36.1887321472168
-0.23219816386699677 0.030288921669125557 0.9721968770027161 114.67914581298828 -0.029923832044005394 0.9988195300102234 -0.03826531767845154 -3.9343230724334717 -0.9722080230712891 -0.03797699883580208 -0.23101770877838135 -36.393802642822266
-0.22805026173591614 0.03039649687707424 0.9731748104095459 115.55034637451172 -0.028717832639813423 0.9988676905632019 -0.03792862594127655 -3.9829459190368652 -0.9732257127761841 -0.036597102880477905 -0.22691912949085236 -36.58482360839844
-0.22293157875537872 0.03229702636599541 0.9742989540100098 116.41348266601562 -0.026966989040374756 0.9988641738891602 -0.03928172215819359 -4.031379222869873 -0.974461019039154 -0.0350310355424881 -0.22180739045143127 -36.78557205200195
-0.21668857336044312 0.031498983502388 0.9757324457168579 117.28229522705078 -0.020884793251752853 0.9991009831428528 -0.03689142316579819 -4.075462341308594 -0.9760173559188843 -0.02837192453444004 -0.21583591401576996 -36.98465347290039
-0.21144962310791016 0.030229249969124794 0.9769213199615479 118.14547729492188 -0.014021525159478188 0.9993249177932739 -0.033957380801439285 -4.12207555770874 -0.9772883057594299 -0.020878205075860023 -0.2108830213546753 -37.175289154052734
-0.20660090446472168 0.029942555353045464 0.9779670238494873 119.01234436035156 -0.01198546402156353 0.9993792176246643 -0.03313012793660164 -4.162548542022705 -0.978351891040802 -0.018566107377409935 -0.2061137557029724 -37.359962463378906
