1.0 0.0 0.0 0.0 0.0 1.0 0.0 0.0 0.0 0.0 1.0 0.0
0.9998738765716553 0.0014815116301178932 0.015812553465366364 0.010637430474162102 -0.0014667223440483212 0.9999984502792358 -0.0009468444623053074 -0.0031189608853310347 -0.015813931822776794 0.0009235324105247855 0.9998745322227478 0.12631964683532715
0.9992918968200684 0.004315592814236879 0.03737703710794449 0.02707052417099476 -0.004302941262722015 0.9999906420707703 -0.00041891654836945236 -0.004588484764099121 -0.037378497421741486 0.000257788720773533 0.9993011355400085 0.27248257398605347
0.9978946447372437 0.005972795654088259 0.06457976996898651 0.056238919496536255 -0.006047934293746948 0.9999812245368958 0.0009680725634098053 -0.004883207846432924 -0.0645727813243866 -0.0013566087000072002 0.9979120492935181 0.4363042116165161
0.9951258897781372 0.005712198093533516 0.09844688326120377 0.10232004523277283 -0.006059992592781782 0.999976396560669 0.0032341566402465105 -0.004602649249136448 -0.09842608124017715 -0.003814980387687683 0.9951370358467102 0.6077675819396973
0.9906241297721863 0.0026228376664221287 0.13659018278121948 0.1634630560874939 -0.0033683674409985542 0.9999806880950928 0.005227311979979277 -0.005855106748640537 -0.13657382130622864 -0.005638387519866228 0.9906138777732849 0.7911147475242615
0.984339714050293 -0.00015606515808030963 0.17628256976604462 0.23673905432224274 -0.0008128649787977338 0.9999850392341614 0.005424232222139835 -0.004730388522148132 -0.17628076672554016 -0.005482580978423357 0.9843246936798096 0.9866408705711365
0.9755515456199646 -0.00040091725531965494 0.21977049112319946 0.31996485590934753 -0.0010865975636988878 0.9999772906303406 0.0066475714556872845 -0.0013184025883674622 -0.21976818144321442 -0.006723849568516016 0.9755289554595947 1.1913468837738037
0.9633896946907043 -0.0002345643297303468 0.26810526847839355 0.4130707383155823 -0.0023970038164407015 0.9999520778656006 0.009488070383667946 0.0019275816157460213 -0.2680946886539459 -0.009783357381820679 0.9633429050445557 1.4084116220474243
0.9489153623580933 -0.0037410296499729156 0.31550851464271545 0.5277904272079468 -0.0016003206837922335 0.9998598098754883 0.016668565571308136 -0.00298367440700531 -0.3155266344547272 -0.016321970149874687 0.948776364326477 1.6174767017364502
0.9319104552268982 -0.013113372959196568 0.3624511659145355 0.6689361333847046 0.004444205667823553 0.9996840357780457 0.02474161610007286 -0.007565349340438843 -0.36266109347343445 -0.021446164697408676 0.9316744208335876 1.8290430307388306
0.9105414152145386 -0.01830437034368515 0.41301247477531433 0.8235753774642944 0.007014481350779533 0.9995595812797546 0.02883528731763363 -0.0043974146246910095 -0.4133583903312683 -0.023358650505542755 0.9102689027786255 2.050978660583496
0.8849993348121643 -0.019630037248134613 0.46517837047576904 0.9917755126953125 0.004979017190635204 0.9994527101516724 0.032703302800655365 0.00038044899702072144 -0.4655657410621643 -0.02662626840174198 0.8846127390861511 2.283308982849121
0.8567415475845337 -0.021893233060836792 0.5152812004089355 1.1685477495193481 0.0030669679399579763 0.9992971420288086 0.03735872730612755 0.00132683664560318 -0.5157368779182434 -0.03042641654610634 0.8562067151069641 2.4858269691467285
0.8242096900939941 -0.02634740248322487 0.565671443939209 1.3726433515548706 0.0035232461523264647 0.9991362690925598 0.041403450071811676 0.009283341467380524 -0.5662736892700195 -0.03213212639093399 0.8235906362533569 2.7040421962738037
0.788023829460144 -0.03213503211736679 0.6148055195808411 1.5976181030273438 0.0056330920197069645 0.9989714622497559 0.04499466344714165 0.009098008275032043 -0.6156190037727356 -0.03199360892176628 0.7873942255973816 2.9149742126464844
0.7495792508125305 -0.0359576940536499 0.6609371900558472 1.8450170755386353 0.00607679970562458 0.9988551735877991 0.047450024634599686 0.018889829516410828 -0.6618868112564087 -0.03155117854475975 0.748939573764801 3.1305363178253174
0.7095484733581543 -0.03927856311202049 0.7035610675811768 2.110708236694336 0.00730747589841485 0.9988017082214355 0.04839165881276131 0.029960080981254578 -0.7046187520027161 -0.029194971546530724 0.7089852094650269 3.330171823501587
0.6671077013015747 -0.04102453216910362 0.7438308596611023 2.41636323928833 0.0062203118577599525 0.9987543821334839 0.04950563609600067 0.04594568908214569 -0.7449352741241455 -0.028398726135492325 0.6665319204330444 3.554731845855713
0.624149739742279 -0.04063709080219269 0.7802472114562988 2.7201757431030273 0.0005785008543170989 0.9986701607704163 0.05155031755566597 0.06063373386859894 -0.7813045382499695 -0.0317237488925457 0.623343288898468 3.7667884826660156
0.5822533965110779 -0.041127726435661316 0.8119664192199707 3.072131633758545 -0.00241847918368876 0.9986275434494019 0.05231676250696182 0.07939639687538147 -0.8130037784576416 -0.03242533281445503 0.5813548564910889 3.975522756576538
0.541918933391571 -0.04229220375418663 0.8393658399581909 3.4461612701416016 -0.004129292909055948 0.9985870122909546 0.052980680018663406 0.0999705046415329 -0.8404206037521362 -0.03217722475528717 0.5409784913063049 4.184566497802734
0.5027638077735901 -0.04431131109595299 0.8632873296737671 3.8529446125030518 -0.005988402292132378 0.9984827041625977 0.05473824590444565 0.11814290285110474 -0.8644030690193176 -0.03269011899828911 0.5017355680465698 4.394203186035156
0.46558505296707153 -0.044016916304826736 0.8839078545570374 4.285446643829346 -0.009102636016905308 0.9984714984893799 0.05451663210988045 0.13591088354587555 -0.8849563598632812 -0.033428020775318146 0.46447262167930603 4.592840194702148
0.42894497513771057 -0.04308432340621948 0.9023025631904602 4.7485527992248535 -0.010357489809393883 0.998561680316925 0.05260447412729263 0.1581101417541504 -0.9032711386680603 -0.031910017132759094 0.42788177728652954 4.787649154663086
0.3949505090713501 -0.041776180267333984 0.9177520275115967 5.241853713989258 -0.008862141519784927 0.998745858669281 0.049276817589998245 0.18255668878555298 -0.9186596274375916 -0.027595147490501404 0.39408499002456665 4.974831581115723
0.36601683497428894 -0.03973337262868881 0.9297595620155334 5.7602386474609375 -0.006771512795239687 0.9989480376243591 0.045355867594480515 0.20742128789424896 -0.9305835366249084 -0.022896895185112953 0.36536267399787903 5.1437835693359375
0.3409193754196167 -0.037824053317308426 0.9393313527107239 6.309270858764648 -0.005744210444390774 0.9990878105163574 0.04231506213545799 0.2312561571598053 -0.9400749802589417 -0.019821742549538612 0.3403911292552948 5.319797515869141
0.3205958902835846 -0.037405241280794144 0.9464772939682007 6.877056121826172 -0.004216983914375305 0.9991536736488342 0.04091545194387436 0.25557056069374084 -0.9472066164016724 -0.017108602449297905 0.3201668858528137 5.498142242431641
0.30556902289390564 -0.03799838200211525 0.9514114260673523 7.484289169311523 -0.0037157207261770964 0.9991481900215149 0.04109833389520645 0.27596956491470337 -0.9521626830101013 -0.016093555837869644 0.3051674962043762 5.694439888000488
0.2941557765007019 -0.03916870057582855 0.9549545645713806 8.109987258911133 -0.0027944825123995543 0.9991204738616943 0.04184101149439812 0.3039066195487976 -0.9557533860206604 -0.0149763785302639 0.2937875986099243 5.876255989074707
0.28366872668266296 -0.04079775884747505 0.9580541253089905 8.774627685546875 -0.004075169563293457 0.9990342259407043 0.04374947026371956 0.332643985748291 -0.9589136838912964 -0.016314590349793434 0.28322848677635193 6.060783386230469
0.2729265093803406 -0.04274066165089607 0.9610849618911743 9.44944953918457 -0.005430906545370817 0.9989282488822937 0.04596584662795067 0.3523133397102356 -0.9620195627212524 -0.017764858901500702 0.27240195870399475 6.2595319747924805
0.26304784417152405 -0.0443597212433815 0.9637624025344849 10.150496482849121 -0.00640290230512619 0.9988400936126709 0.04772187024354935 0.3815503716468811 -0.9647615551948547 -0.01872401311993599 0.2624587416648865 6.447358131408691
0.2530481517314911 -0.04640613868832588 0.9663400650024414 10.87010383605957 -0.007293605245649815 0.9987289905548096 0.04987145960330963 0.41136494278907776 -0.9674261808395386 -0.019667986780405045 0.2523880898952484 6.627750396728516
0.24242977797985077 -0.047431580722332 0.9690088033676147 11.618548393249512 -0.007947773672640324 0.9986735582351685 0.05087202787399292 0.4470873773097992 -0.9701364040374756 -0.02003435418009758 0.24173122644424438 6.8194098472595215
0.23203957080841064 -0.048774830996990204 0.9714826941490173 12.377823829650879 -0.007710419129580259 0.9986184239387512 0.05197887495160103 0.4808405935764313 -0.9726758003234863 -0.01955169253051281 0.23134294152259827 6.996838092803955
0.2219294160604477 -0.05156692862510681 0.9736981391906738 13.162282943725586 -0.009018640965223312 0.9984492659568787 0.05493330955505371 0.5178461670875549 -0.9750210642814636 -0.020972752943634987 0.2211201936006546 7.173952102661133
0.21004736423492432 -0.05526748672127724 0.9761278033256531 13.956127166748047 -0.010921303182840347 0.9982060790061951 0.05886762961745262 0.548784613609314 -0.9776301980018616 -0.023025577887892723 0.20906691253185272 7.357048511505127
0.1978505551815033 -0.059263572096824646 0.9784391522407532 14.752622604370117 -0.011954570189118385 0.9979506731033325 0.06286270916461945 0.5818479061126709 -0.9801592826843262 -0.024134237319231033 0.19673660397529602 7.515966415405273
0.18509288132190704 -0.06144487112760544 0.9807982444763184 15.54564094543457 -0.012685829773545265 0.9978108406066895 0.06490470468997955 0.6192023158073425 -0.9826391339302063 -0.024455634877085686 0.18390819430351257 7.661067008972168
0.17102646827697754 -0.061664510518312454 0.9833348393440247 16.361970901489258 -0.013353428803384304 0.9978027939796448 0.06489428132772446 0.6609655022621155 -0.9851759672164917 -0.02422952838242054 0.16982722282409668 7.804665565490723
0.1563280075788498 -0.0607023611664772 0.9858381152153015 17.175994873046875 -0.014808916486799717 0.9978534579277039 0.06379050016403198 0.6989796161651611 -0.9875941872596741 -0.024571441113948822 0.15509352087974548 7.9344682693481445
0.1404346376657486 -0.059321071952581406 0.9883111715316772 17.997974395751953 -0.015408982522785664 0.9979516267776489 0.062089260667562485 0.7396668195724487 -0.9899699687957764 -0.02394835092127323 0.13923287391662598 8.040491104125977
0.11945068836212158 -0.058179907500743866 0.991133987903595 18.813066482543945 -0.017864417284727097 0.9979940056800842 0.06073559820652008 0.7688957452774048 -0.9926794171333313 -0.024960944429039955 0.11817172169685364 8.141068458557129
0.0933610051870346 -0.05665073171257973 0.9940192103385925 19.646944046020508 -0.022319907322525978 0.9980098605155945 0.058974504470825195 0.8072266578674316 -0.9953820705413818 -0.027692340314388275 0.09191077202558517 8.22313117980957
0.06288139522075653 -0.05650772899389267 0.9964199066162109 20.481870651245117 -0.02623816765844822 0.9979570508003235 0.05825072526931763 0.837608277797699 -0.9976760149002075 -0.02980712242424488 0.06127026677131653 8.276853561401367
0.029893875122070312 -0.0560513436794281 0.9979802370071411 21.335975646972656 -0.029612280428409576 0.9979385137557983 0.05693602189421654 0.877170205116272 -0.9991143345832825 -0.03125451132655144 0.028172440826892853 8.295029640197754
-0.004512625280767679 -0.0558161623775959 0.9984309673309326 22.176618576049805 -0.03126457333564758 0.9979608058929443 0.05564858391880989 0.8995348811149597 -0.9995009303092957 -0.03096439316868782 -0.006248492747545242 8.287233352661133
-0.03896632790565491 -0.054302554577589035 0.997763991355896 23.025920867919922 -0.032692842185497284 0.9980570673942566 0.0530417300760746 0.9351644515991211 -0.9987055659294128 -0.030552899464964867 -0.040665920823812485 8.252963066101074
-0.07144194096326828 -0.05254962667822838 0.9960595369338989 23.865169525146484 -0.03451494500041008 0.9981433749198914 0.050183992832899094 0.9590615034103394 -0.9968474507331848 -0.030793700367212296 -0.07312306016683578 8.181829452514648
-0.10356860607862473 -0.049678973853588104 0.9933807849884033 24.70408821105957 -0.03669297695159912 0.9982628226280212 0.04609755426645279 0.9823870062828064 -0.993945300579071 -0.03167583793401718 -0.10521155595779419 8.088430404663086
-0.13598451018333435 -0.04514043778181076 0.9896820187568665 25.546472549438477 -0.03349806368350983 0.998599648475647 0.04094447195529938 1.000825047492981 -0.9901444911956787 -0.0275846179574728 -0.13730621337890625 7.965219974517822
-0.16761735081672668 -0.03919876739382744 0.9850724935531616 26.385547637939453 -0.02849663235247135 0.9989842772483826 0.03490343689918518 1.019870638847351 -0.985440194606781 -0.022220825776457787 -0.168564110994339 7.8061089515686035
-0.1979479193687439 -0.032897334545850754 0.9796603322029114 27.212120056152344 -0.021650444716215134 0.9993395805358887 0.029183529317378998 1.0298540592193604 -0.9799733757972717 -0.015433262102305889 -0.198529452085495 7.621185302734375
-0.22661887109279633 -0.02681603468954563 0.9736142754554749 28.031143188476562 -0.014642228372395039 0.9996017217636108 0.024123677983880043 1.0354866981506348 -0.9738734364509583 -0.00878900196403265 -0.2269212305545807 7.412466049194336
-0.2544572055339813 -0.02044004201889038 0.966867983341217 28.849102020263672 -0.0061295595951378345 0.999790608882904 0.019522886723279953 1.0398668050765991 -0.9670645594596863 -0.000958735472522676 -0.25452920794487 7.177697658538818
-0.2800684869289398 -0.010145352222025394 0.959926426410675 29.64590835571289 0.0007919104536995292 0.999941349029541 0.010799315758049488 1.0295140743255615 -0.9599798321723938 0.003784722648561001 -0.28004398941993713 6.919674396514893
-0.30586186051368713 0.005486196838319302 0.9520601034164429 30.43834114074707 0.005291810259222984 0.9999777674674988 -0.004062256775796413 1.0168347358703613 -0.9520612359046936 0.0037956321612000465 -0.30588409304618835 6.654187202453613
-0.33025994896888733 0.022433103993535042 0.9436235427856445 31.21285057067871 0.005618109833449125 0.999746561050415 -0.021801048889756203 0.9938098788261414 -0.9438732862472534 -0.0018986343638971448 -0.33030229806900024 6.373838424682617
-0.35567447543144226 0.03746449202299118 0.9338587522506714 31.983774185180664 0.0060091582126915455 0.9992673397064209 -0.03779987245798111 0.9637659788131714 -0.9345906376838684 -0.007832745090126991 -0.3556390106678009 6.0747785568237305
-0.3799944818019867 0.04759235680103302 0.923763632774353 32.7424430847168 0.009979894384741783 0.9988282918930054 -0.04735442250967026 0.916022777557373 -0.9249349236488342 -0.008775354363024235 -0.3800241947174072 5.749238014221191
-0.4030863642692566 0.05203847214579582 0.9136812090873718 33.49427795410156 0.012543256394565105 0.9986025094985962 -0.05134144797921181 0.8710330724716187 -0.915075957775116 -0.009234500117599964 -0.4031757414340973 5.412049293518066
-0.4258781373500824 0.05154275894165039 0.9033111333847046 34.24760437011719 0.016382234171032906 0.9986516833305359 -0.0492592416703701 0.813554048538208 -0.9046320915222168 -0.006180181168019772 -0.42614829540252686 5.049140930175781
-0.4457491338253021 0.04741685464978218 0.8939012289047241 34.986541748046875 0.020101288333535194 0.9988744258880615 -0.042961522936820984 0.758453369140625 -0.894932210445404 -0.00118149328045547 -0.44620057940483093 4.660449028015137
-0.4636153280735016 0.046507809311151505 0.8848151564598083 35.71520233154297 0.02834613062441349 0.9988888502120972 -0.037651292979717255 0.7089192867279053 -0.8855831027030945 0.007625371217727661 -0.46441853046417236 4.262657165527344
-0.47725212574005127 0.04642382264137268 0.877539336681366 36.424354553222656 0.02972378209233284 0.9988849759101868 -0.036677926778793335 0.6610324382781982 -0.878263533115387 0.008579167537391186 -0.47809985280036926 3.867979049682617
-0.4881073832511902 0.050786230713129044 0.8713048100471497 37.12085723876953 0.033905986696481705 0.998655378818512 -0.03921496495604515 0.6156367063522339 -0.8721248507499695 0.010401335544884205 -0.4891729950904846 3.46341609954834
-0.4980549216270447 0.05314445495605469 0.865515410900116 37.818267822265625 0.034379057586193085 0.9985455870628357 -0.041529592126607895 0.5705627202987671 -0.8664637207984924 0.009071585722267628 -0.4991576671600342 3.0562896728515625
-0.5089216232299805 0.052401844412088394 0.8592163920402527 38.50645446777344 0.0283686351031065 0.9986242651939392 -0.0441010408103466 0.5192198753356934 -0.8603453040122986 0.0019308252958580852 -0.509708046913147 2.6570682525634766
-0.5201390385627747 0.05073828250169754 0.8525731563568115 39.20947265625 0.02711404673755169 0.9987117648124695 -0.04289347305893898 0.47250568866729736 -0.8536511063575745 0.0008061338448897004 -0.5208446383476257 2.234966278076172
-0.5286866426467896 0.052071794867515564 0.8472183346748352 39.88581848144531 0.02920936420559883 0.9986414909362793 -0.04315115138888359 0.4283597469329834 -0.8483144044876099 0.0019332675728946924 -0.5294893980026245 1.8051910400390625
-0.5360367298126221 0.054969582706689835 0.8424031138420105 40.56507873535156 0.03230508044362068 0.9984824657440186 -0.04459796100854874 0.37682878971099854 -0.8435763120651245 0.0033077525440603495 -0.5369992256164551 1.3724327087402344
-0.5393030643463135 0.05793837457895279 0.8401162624359131 41.25813674926758 0.03376961126923561 0.9983158707618713 -0.04717053845524788 0.33086979389190674 -0.8414343595504761 0.002931182738393545 -0.540351390838623 0.9175186157226562
-0.5392290353775024 0.0602567233145237 0.8400006294250488 41.964637756347656 0.03353932872414589 0.9981821775436401 -0.050073545426130295 0.2835341691970825 -0.8414908647537231 0.0011719429166987538 -0.5402699708938599 0.46904754638671875
-0.535585880279541 0.06061973422765732 0.8423022627830505 42.68476867675781 0.035433050245046616 0.9981550574302673 -0.04930587112903595 0.23826169967651367 -0.843737006187439 0.0034378075506538153 -0.5367456674575806 0.0056552886962890625
-0.5300269722938538 0.05935204401612282 0.8459011912345886 43.424076080322266 0.034087780863046646 0.9982325434684753 -0.04868144914507866 0.17761540412902832 -0.847295343875885 0.0030324128456413746 -0.5311132669448853 -0.4471321105957031
-0.5230125188827515 0.05783119052648544 0.8503609895706177 44.17389678955078 0.031672704964876175 0.9983250498771667 -0.04841369763016701 0.12892091274261475 -0.851736307144165 0.0016122657107189298 -0.5239681005477905 -0.8978233337402344
-0.515653669834137 0.057345855981111526 0.8548758625984192 44.945045471191406 0.030021242797374725 0.9983543157577515 -0.04886196553707123 0.07762289047241211 -0.856270968914032 0.00046858348650857806 -0.5165265798568726 -1.3606796264648438
-0.5100019574165344 0.055918607860803604 0.8583536744117737 45.73834228515625 0.02690095640718937 0.9984333515167236 -0.04906073957681656 0.023883461952209473 -0.8597525954246521 -0.0019305362366139889 -0.5107071995735168 -1.8131523132324219
-0.5050727128982544 0.053511954843997955 0.8614162802696228 46.546939849853516 0.022523101419210434 0.9985533356666565 -0.04882509261369705 -0.02997148036956787 -0.8627828359603882 -0.005258457735180855 -0.5055473446846008 -2.289815902709961
-0.5036645531654358 0.050771087408065796 0.8624061346054077 47.37101745605469 0.018322430551052094 0.998674750328064 -0.048092711716890335 -0.08403253555297852 -0.8637049198150635 -0.008421216160058975 -0.50392746925354 -2.761575698852539
-0.5042520761489868 0.04829111322760582 0.8622051477432251 48.20838928222656 0.015600709244608879 0.998781681060791 -0.04681666940450668 -0.14538705348968506 -0.863415539264679 -0.01015639677643776 -0.504391074180603 -3.23651123046875
-0.5055226683616638 0.047127947211265564 0.8615251779556274 49.0566291809082 0.014477056451141834 0.9988298416137695 -0.04614410921931267 -0.20371150970458984 -0.8626917600631714 -0.010854550637304783 -0.5056134462356567 -3.7219467163085938
-0.5055647492408752 0.04640045389533043 0.8615399599075317 49.922203063964844 0.014096320606768131 0.9988637566566467 -0.045524440705776215 -0.2582343816757202 -0.8626735210418701 -0.010871008038520813 -0.5056445002555847 -4.233150482177734
-0.5057817101478577 0.04599577561020851 0.8614343404769897 50.790931701660156 0.014200112782418728 0.9988861083984375 -0.04499749839305878 -0.31371045112609863 -0.862544596195221 -0.01052644569426775 -0.5058715343475342 -4.739498138427734
-0.5059212446212769 0.044983603060245514 0.8614059090614319 51.674530029296875 0.01412302814424038 0.9989373087882996 -0.04387090727686882 -0.37196290493011475 -0.8624640703201294 -0.010029561817646027 -0.5060189366340637 -5.252557754516602
-0.5058354735374451 0.04482046142220497 0.86146479845047 52.561222076416016 0.014311186969280243 0.9989478588104248 -0.043570198118686676 -0.43140339851379395 -0.8625112771987915 -0.009710770100355148 -0.5059446692466736 -5.771276473999023
-0.5062891244888306 0.04336703196167946 0.8612727522850037 53.45893478393555 0.012157158926129341 0.9989944100379944 -0.04315518960356712 -0.48751211166381836 -0.8622781038284302 -0.01137837115675211 -0.5063071846961975 -6.290599822998047
-0.506241500377655 0.04234649986028671 0.8613514304161072 54.33787536621094 0.011262043379247189 0.9990331530570984 -0.042496293783187866 -0.5483970642089844 -0.862318217754364 -0.011812813580036163 -0.5062289834022522 -6.797910690307617
-0.5055897235870361 0.041634950786828995 0.8617687821388245 55.22776412963867 0.010178079828619957 0.9990532994270325 -0.04229627177119255 -0.609973669052124 -0.8627138733863831 -0.012613410130143166 -0.5055349469184875 -7.314048767089844
-0.5043187141418457 0.04012497141957283 0.8625848293304443 56.112152099609375 0.010083612985908985 0.9991253614425659 -0.04058096930384636 -0.669539213180542 -0.8634586930274963 -0.011767768301069736 -0.5042822360992432 -7.832714080810547
-0.5022398233413696 0.038090482354164124 0.8638890981674194 56.998722076416016 0.010511365719139576 0.9992244243621826 -0.0379466786980629 -0.7290960550308228 -0.8646644949913025 -0.009977676905691624 -0.5022507309913635 -8.343320846557617
-0.4997805655002594 0.03649209067225456 0.8653829097747803 57.881935119628906 0.01050657033920288 0.9992939233779907 -0.036071136593818665 -0.7894774675369263 -0.866088330745697 -0.008935446850955486 -0.4998110830783844 -8.849428176879883
-0.4974311590194702 0.036339763551950455 0.8667418956756592 58.76873779296875 0.010471297428011894 0.9993008375167847 -0.03588797524571419 -0.8424898386001587 -0.8674401640892029 -0.008775883354246616 -0.4974639415740967 -9.351566314697266
-0.4954255521297455 0.03620032221078873 0.8678956627845764 59.655094146728516 0.010657270438969135 0.9993093013763428 -0.035598091781139374 -0.9024721384048462 -0.8685849905014038 -0.008386803790926933 -0.49546918272972107 -9.852968215942383
-0.49430885910987854 0.03700976073741913 0.8684981465339661 60.538963317871094 0.010660638101398945 0.9992762207984924 -0.03651513531804085 -0.9539891481399536 -0.8692209720611572 -0.008791010826826096 -0.49434563517570496 -10.35665512084961
-0.49514055252075195 0.038607049733400345 0.8679547309875488 61.41326141357422 0.010507485829293728 0.9992052912712097 -0.038450948894023895 -1.0105911493301392 -0.8687493801116943 -0.009918604046106339 -0.49515265226364136 -10.850521087646484
-0.49828025698661804 0.04021394997835159 0.8660829067230225 62.28852081298828 0.008988232351839542 0.99910968542099 -0.041219476610422134 -1.0705173015594482 -0.8669694662094116 -0.012754300609230995 -0.49819809198379517 -11.343685150146484
-0.5025748610496521 0.04062679782509804 0.8635785579681396 63.169471740722656 0.007486630231142044 0.9990622997283936 -0.04264362156391144 -1.1304419040679932 -0.8645012974739075 -0.014966312795877457 -0.5024077296257019 -11.854581832885742
-0.5081416368484497 0.03921705111861229 0.8603801727294922 64.03304290771484 0.00908803753554821 0.9991512894630432 -0.04017498716711998 -1.1902598142623901 -0.8612256646156311 -0.01259541418403387 -0.508066713809967 -12.361417770385742
-0.513338565826416 0.036754727363586426 0.8573986887931824 64.88916015625 0.010253723710775375 0.9992737770080566 -0.03669751435518265 -1.2496857643127441 -0.858124852180481 -0.010046722367405891 -0.5133426189422607 -12.876279830932617
-0.5190415978431702 0.034367822110652924 0.854057788848877 65.77194213867188 0.0075409552082419395 0.9993365406990051 -0.03563101217150688 -1.3073456287384033 -0.8547157049179077 -0.01205356977880001 -0.5189564228057861 -13.392837524414062
-0.5239969491958618 0.037687987089157104 0.8508859872817993 66.61856079101562 0.009918688796460629 0.9992227554321289 -0.038150038570165634 -1.3630380630493164 -0.8516623377799988 -0.011550835333764553 -0.5239635705947876 -13.912086486816406
-0.5292956829071045 0.0395335778594017 0.8475160002708435 67.46781921386719 0.01034460123628378 0.9991403222084045 -0.040145836770534515 -1.4127323627471924 -0.8483744263648987 -0.012481801211833954 -0.5292495489120483 -14.433145523071289
-0.5339608788490295 0.04025202989578247 0.8445504903793335 68.29813385009766 0.008564363233745098 0.9990723729133606 -0.04220191761851311 -1.4729235172271729 -0.8454657793045044 -0.015301140956580639 -0.5338103175163269 -14.950807571411133
-0.5376738905906677 0.04022885486483574 0.8421925902366638 69.11865234375 0.007312907837331295 0.9990460276603699 -0.04305252060294151 -1.5328409671783447 -0.8431210517883301 -0.016989339143037796 -0.537455141544342 -15.471534729003906
-0.541144073009491 0.03902878612279892 0.8400236964225769 69.94217681884766 0.007697000168263912 0.9991103410720825 -0.04146178066730499 -1.5972142219543457 -0.8408946394920349 -0.01597113348543644 -0.5409631133079529 -15.993240356445312
-0.5430089831352234 0.03287319093942642 0.839083194732666 70.76789855957031 0.009375663474202156 0.999408483505249 -0.033086907118558884 -1.6431652307510376 -0.8396745324134827 -0.010099531151354313 -0.5429959893226624 -16.536176681518555
-0.5456377863883972 0.023915426805615425 0.8376797437667847 71.59075927734375 0.008539245463907719 0.9996995329856873 -0.022978827357292175 -1.6933234930038452 -0.8379775881767273 -0.005384963937103748 -0.5456780791282654 -17.06275177001953
-0.5472928881645203 0.022502068430185318 0.8366386294364929 72.408203125 0.009597708471119404 0.9997414946556091 -0.020610444247722626 -1.7368173599243164 -0.8368861079216003 -0.0032501346431672573 -0.5473673343658447 -17.592037200927734
-0.5485250949859619 0.02730349451303482 0.8356882333755493 73.21129608154297 0.010345322079956532 0.9996117353439331 -0.025868771597743034 -1.7828304767608643 -0.8360701203346252 -0.0055442070588469505 -0.5485946536064148 -18.11578369140625
-0.5493292212486267 0.033586472272872925 0.8349307775497437 74.00560760498047 0.011784381233155727 0.9994038939476013 -0.03244933485984802 -1.8220105171203613 -0.8355228900909424 -0.007986224256455898 -0.5493975877761841 -18.639633178710938
-0.5498833656311035 0.0371650867164135 0.8344141244888306 74.7943115234375 0.017231112346053123 0.9993017315864563 -0.03315383195877075 -1.868871808052063 -0.8350635766983032 -0.0038528586737811565 -0.550139844417572 -19.163713455200195
-0.5494088530540466 0.038632236421108246 0.8346600532531738 75.58740234375 0.02105594612658024 0.9992534518241882 -0.03239051625132561 -1.919935703277588 -0.8352882266044617 -0.00022108154371380806 -0.5498121976852417 -19.695919036865234
-0.5494725108146667 0.03515142202377319 0.8347721695899963 76.39443969726562 0.01924794353544712 0.999381959438324 -0.029413403943181038 -1.9617315530776978 -0.8352900743484497 -9.420374408364296e-05 -0.5498095154762268 -20.211793899536133
-0.5491296648979187 0.030098916962742805 0.8351950645446777 77.18461608886719 0.01690787449479103 0.9995468854904175 -0.024905158206820488 -1.995549201965332 -0.8355661630630493 0.00044521456584334373 -0.549389660358429 -20.721290588378906
-0.5482688546180725 0.023237617686390877 0.8359792232513428 77.97794342041016 0.015169586054980755 0.9997257590293884 -0.017840435728430748 -2.0487961769104004 -0.8361645340919495 0.0029001047369092703 -0.5484710335731506 -21.234302520751953
-0.5480953454971313 0.017731409519910812 0.8362278938293457 78.77619171142578 0.006595746614038944 0.9998357892036438 -0.01687745936214924 -2.08136248588562 -0.8363897800445557 -0.0037349089980125427 -0.5481224656105042 -21.7315673828125
-0.5466078519821167 0.012777097523212433 0.8372912406921387 79.57048034667969 -0.00045994340325705707 0.9998788833618164 -0.015558455139398575 -2.111360788345337 -0.8373886346817017 -0.00888947956264019 -0.5465357303619385 -22.22963523864746
-0.545294463634491 0.013100012205541134 0.8381421566009521 80.37085723876953 0.0020088201854377985 0.9998953342437744 -0.014321248978376389 -2.1423864364624023 -0.8382421135902405 -0.006125619634985924 -0.5452637672424316 -22.735074996948242
-0.5419006943702698 0.01638602651655674 0.8402827382087708 81.1656723022461 0.006867349613457918 0.9998629093170166 -0.015069163404405117 -2.183166027069092 -0.8404144048690796 -0.002395473886281252 -0.5419389605522156 -23.252559661865234
-0.536460816860199 0.01988816075026989 0.8436908721923828 81.93458557128906 0.008673474192619324 0.9997994303703308 -0.018053049221634865 -2.2049880027770996 -0.8438806533813477 -0.00236702268011868 -0.5365256667137146 -23.740951538085938
-0.5283064842224121 0.022397588938474655 0.848758339881897 82.721923828125 0.014025131240487099 0.9997458457946777 -0.017652057111263275 -2.236236095428467 -0.8489378690719604 0.0025782498996704817 -0.5284861922264099 -24.241226196289062
-0.5201683044433594 0.025884034112095833 0.8536714315414429 83.51790618896484 0.022019019350409508 0.9996147751808167 -0.016892297193408012 -2.274900197982788 -0.8537799119949341 0.010010167956352234 -0.5205378532409668 -24.73604393005371
-0.5121319890022278 0.024838866665959358 0.8585475087165833 84.31742095947266 0.018581775948405266 0.9996682405471802 -0.01783745549619198 -2.29957914352417 -0.8587057590484619 0.006818203255534172 -0.5124236345291138 -25.178634643554688
-0.5009068250656128 0.021946493536233902 0.8652229309082031 85.13629150390625 0.016220545396208763 0.9997409582138062 -0.01596793904900551 -2.334649085998535 -0.8653492331504822 0.006035937462002039 -0.5011329650878906 -25.64544677734375
-0.4887561798095703 0.01886788383126259 0.8722164034843445 85.94745635986328 0.017275862395763397 0.9997795224189758 -0.011946616694331169 -2.3680853843688965 -0.8722493648529053 0.009229305200278759 -0.4889742434024811 -26.102270126342773
-0.477953165769577 0.017916087061166763 0.8782025575637817 86.76045989990234 0.016966460272669792 0.9997937083244324 -0.011162818409502506 -2.400179862976074 -0.8782215118408203 0.009564684703946114 -0.478158563375473 -26.535808563232422
-0.46650058031082153 0.017317021265625954 0.8843514323234558 87.57460021972656 0.017078762874007225 0.9997983574867249 -0.010568506084382534 -2.4203169345855713 -0.8843559622764587 0.010173414833843708 -0.4667022228240967 -26.951114654541016
-0.4545883238315582 0.018121013417840004 0.8905174136161804 88.4130859375 0.018431974574923515 0.9997704029083252 -0.010935097932815552 -2.449263334274292 -0.8905109763145447 0.01144302450120449 -0.45481789112091064 -27.374980926513672
-0.442008376121521 0.022000353783369064 0.8967410922050476 89.24667358398438 0.01707880012691021 0.9997243881225586 -0.01610868237912655 -2.478259325027466 -0.8968483209609985 0.008195090107619762 -0.44226229190826416 -27.792226791381836
-0.4310135245323181 0.031162548810243607 0.9018072485923767 90.06864929199219 0.01976206712424755 0.9994897842407227 -0.025092869997024536 -2.5102198123931885 -0.9021291136741638 0.007006209343671799 -0.43140941858291626 -28.176044464111328
-0.41752099990844727 0.035433329641819 0.9079761505126953 90.90377044677734 0.019274452701210976 0.9993599057197571 -0.030136428773403168 -2.5457661151885986 -0.9084628224372864 0.004918150138109922 -0.417936772108078 -28.56624984741211
-0.4067036807537079 0.03136235103011131 0.9130216240882874 91.75298309326172 0.01634036749601364 0.9995004534721375 -0.02705411985516548 -2.585264205932617 -0.913413941860199 0.003916100133210421 -0.407012939453125 -28.937816619873047
-0.39466121792793274 0.0279945507645607 0.9184001088142395 92.58405303955078 0.014993652701377869 0.9995988607406616 -0.02402646280825138 -2.6241366863250732 -0.9187043309211731 0.004287860356271267 -0.3949226140975952 -29.286518096923828
-0.38501787185668945 0.028747132048010826 0.9224613904953003 93.42064666748047 0.012362834066152573 0.9995856881141663 -0.02599058859050274 -2.666285753250122 -0.9228264093399048 0.0013973924797028303 -0.38521385192871094 -29.624195098876953
-0.3780977427959442 0.0329178161919117 0.9251803159713745 94.27044677734375 0.0075762043707072735 0.9994441270828247 -0.0324639156460762 -2.712282419204712 -0.9257346391677856 -0.005265180952847004 -0.3781370222568512 -29.96001434326172
-0.3732658922672272 0.03772423416376114 0.9269570708274841 95.09661865234375 0.0006106608780100942 0.9991827011108398 -0.040417686104774475 -2.7522733211517334 -0.9277242422103882 -0.014520487748086452 -0.37298375368118286 -30.277690887451172
-0.3700505495071411 0.03990110009908676 0.9281543493270874 95.9363021850586 -0.0014753523282706738 0.9990506768226624 -0.04353712871670723 -2.8015284538269043 -0.9290105104446411 -0.01748029515147209 -0.36964038014411926 -30.59832000732422
-0.36621856689453125 0.039777908474206924 0.9296783208847046 96.77426147460938 -0.0018566804938018322 0.9990527033805847 -0.04347759112715721 -2.8565993309020996 -0.9305270910263062 -0.017648419365286827 -0.3657977879047394 -30.92015838623047
-0.3615909516811371 0.03962147235870361 0.9314945340156555 97.60474395751953 -0.004113942850381136 0.9990190863609314 -0.04409061372280121 -2.907275676727295 -0.9323277473449707 -0.01977488398551941 -0.36107322573661804 -31.233203887939453
-0.35540783405303955 0.03557838127017021 0.9340339303016663 98.45210266113281 -0.005617976188659668 0.9991759657859802 -0.04019739851355553 -2.960705518722534 -0.9346944093704224 -0.019533848389983177 -0.3549150824546814 -31.55217933654785
-0.3502466082572937 0.03149879351258278 0.9361277222633362 99.30878448486328 -0.006446940824389458 0.9993295669555664 -0.03603748977184296 -3.0131518840789795 -0.9366353154182434 -0.01865716651082039 -0.3498087227344513 -31.866539001464844
-0.34465333819389343 0.028431907296180725 0.9382993578910828 100.15000915527344 -0.008861510083079338 0.9993981719017029 -0.033538274466991425 -3.060129404067993 -0.9386881589889526 -0.019873829558491707 -0.3441939055919647 -32.164791107177734
-0.3386783301830292 0.026342663913965225 0.9405333995819092 101.01387786865234 -0.016343969851732254 0.9992924332618713 -0.03387372940778732 -3.113952398300171 -0.9407601356506348 -0.02684435062110424 -0.3380081355571747 -32.46051788330078
-0.3326060175895691 0.026771068572998047 0.9426858425140381 101.85944366455078 -0.023815996944904327 0.9990397691726685 -0.036774396896362305 -3.1546192169189453 -0.9427651166915894 -0.034682389348745346 -0.3316490352153778 -32.74132537841797
-0.325819730758667 0.030759083107113838 0.9449313879013062 102.70249938964844 -0.02164597064256668 0.9989659190177917 -0.039981696754693985 -3.205474615097046 -0.9451839923858643 -0.03348078578710556 -0.3248170018196106 -33.02661895751953
-0.3188799023628235 0.033957384526729584 0.9471866488456726 103.55294036865234 -0.020250409841537476 0.9988856911659241 -0.04262834042310715 -3.2532029151916504 -0.9475788474082947 -0.032774243503808975 -0.3178369104862213 -33.309146881103516
-0.31261515617370605 0.03253784775733948 0.9493224620819092 104.41307830810547 -0.02180269919335842 0.9989041090011597 -0.0414169505238533 -3.2986788749694824 -0.949629545211792 -0.03364535793662071 -0.3115631341934204 -33.58021545410156
-0.30537787079811096 0.027538983151316643 0.9518330693244934 105.26119995117188 -0.02236175537109375 0.9990987777709961 -0.03608085587620735 -3.3464725017547607 -0.9519686698913574 -0.03230294957756996 -0.30448687076568604 -33.85057067871094
-0.29844093322753906 0.024727145209908485 0.9541078209877014 106.12208557128906 -0.023255780339241028 0.9991791248321533 -0.03316955268383026 -3.3972506523132324 -0.9541448354721069 -0.032087672501802444 -0.2976208031177521 -34.11137390136719
-0.2920244038105011 0.02817380242049694 0.9559957981109619 106.97860717773438 -0.025579076260328293 0.9989784955978394 -0.03725406527519226 -3.4374499320983887 -0.956068754196167 -0.03533259034156799 -0.291005402803421 -34.3609733581543
-0.28567492961883545 0.0307720098644495 0.957832396030426 107.83441162109375 -0.025085968896746635 0.9989016652107239 -0.03957336023449898 -3.4879302978515625 -0.9579982161521912 -0.03533326834440231 -0.28458917140960693 -34.61018371582031
-0.27900606393814087 0.031179767102003098 0.9597830176353455 108.69058990478516 -0.026971125975251198 0.9988240599632263 -0.04028848558664322 -3.535964012145996 -0.95991051197052 -0.03712715581059456 -0.27783700823783875 -34.84709548950195
-0.2719583511352539 0.03082919307053089 0.9618151783943176 109.5532455444336 -0.027712510898709297 0.9988212585449219 -0.039851222187280655 -3.5859556198120117 -0.9619098901748657 -0.03749218210577965 -0.27078351378440857 -35.088497161865234
-0.2636670470237732 0.03054436855018139 0.9641300439834595 110.4142074584961 -0.023971615359187126 0.998982310295105 -0.03820418938994408 -3.6349358558654785 -0.9643158316612244 -0.03318493813276291 -0.2626664638519287 -35.32539749145508
-0.25609806180000305 0.03180220350623131 0.9661275148391724 111.27039337158203 -0.021049244329333305 0.9990381598472595 -0.03846520557999611 -3.683648109436035 -0.9664215445518494 -0.03018711507320404 -0.25518232583999634 -35.55141067504883
-0.24942974746227264 0.032356809824705124 0.9678521156311035 112.13311004638672 -0.01942254975438118 0.9990734457969666 -0.03840605914592743 -3.731517791748047 -0.9681981205940247 -0.028377771377563477 -0.24857020378112793 -35.76953125
-0.24294906854629517 0.03114713914692402 0.9695388674736023 113.00181579589844 -0.02558451145887375 0.9989309906959534 -0.038502395153045654 -3.7785820960998535 -0.9697015881538391 -0.03415929898619652 -0.24189242720603943 -35.96875
-0.23700371384620667 0.0292867049574852 0.9710671901702881 113.8634262084961 -0.030266636982560158 0.9988377690315247 -0.03751128166913986 -3.8250393867492676 -0.9710370898246765 -0.03828124701976776 -0.23584182560443878 -36.170738220214844
-0.23268932104110718 0.02929884009063244 0.9721096158027649 114.74005126953125 -0.027930306270718575 0.9989324808120728 -0.0367928110063076 -3.8729915618896484 -0.9721499681472778 -0.03571261838078499 -0.2316225916147232 -36.37306594848633
-0.22822260856628418 0.029341110959649086 0.9731667041778564 115.60758972167969 -0.02618178352713585 0.9989993572235107 -0.03625999763607979 -3.9231228828430176 -0.9732568860054016 -0.03375459834933281 -0.22722600400447845 -36.566505432128906
-0.2231738120317459 0.03112269565463066 0.9742816686630249 116.4798355102539 -0.024759292602539062 0.9989867210388184 -0.0375833623111248 -3.970736026763916 -0.9744641184806824 -0.03251015022397041 -0.22217710316181183 -36.769981384277344
-0.2172115296125412 0.030036643147468567 0.9756622314453125 117.34085845947266 -0.01882115937769413 0.9992117285728455 -0.03495178371667862 -4.015789031982422 -0.9759430289268494 -0.02595503069460392 -0.2164749950170517 -36.96153259277344
-0.21203428506851196 0.029139410704374313 0.9768277406692505 118.2174072265625 -0.011834113858640194 0.9994054436683655 -0.032381683588027954 -4.055507659912109 -0.9771905541419983 -0.018425922840833664 -0.21156340837478638 -37.15740203857422
-0.2069157212972641 0.028592361137270927 0.9779409170150757 119.09127044677734 -0.009872413240373135 0.9994608759880066 -0.03131038695573807 -4.101222038269043 -0.9783090353012085 -0.016133246943354607 -0.20652194321155548 -37.34126663208008
