0.9999992847442627 -0.0010630397591739893 -0.0004919476341456175 0.14968201518058777 0.001064458629116416 0.999995231628418 0.0028929547406733036 -0.7553653120994568 0.0004888699622824788 -0.0028934762813150883 0.9999957084655762 -0.061548542231321335
0.999986469745636 -0.0035073962062597275 -0.0038401030469685793 0.14626790583133698 0.0035100106615573168 0.9999935626983643 0.0006741669494658709 -0.7584290504455566 0.003837713971734047 -0.0006876364350318909 0.9999924302101135 0.6053054928779602
0.9999603033065796 -0.003202000865712762 -0.008317598141729832 0.14264826476573944 0.0031964038498699665 0.9999946355819702 -0.0006861148285679519 -0.7575443983078003 0.008319750428199768 0.0006595011218450963 0.9999651908874512 1.3110525608062744
0.999923586845398 -0.0029303075280040503 -0.012003296986222267 0.1235346868634224 0.0029052437748759985 0.9999935626983643 -0.002104956191033125 -0.7569770216941833 0.012009385041892529 0.002069922164082527 0.9999257326126099 2.012050151824951
0.9998570084571838 -0.001616133376955986 -0.016829483211040497 0.10178036987781525 0.0015686950646340847 0.999994695186615 -0.002831581048667431 -0.7577025890350342 0.016833968460559845 0.0028047768864780664 0.999854326248169 2.738996982574463
0.9997690916061401 -0.002529178513213992 -0.021335458382964134 0.08867453783750534 0.002468848368152976 0.9999929070472717 -0.0028535532765090466 -0.7691445350646973 0.021342525258660316 0.002800220623612404 0.9997683167457581 3.4816484451293945
0.9996656179428101 -0.0007160099339671433 -0.02584805153310299 0.06279449164867401 0.0006065226625651121 0.9999908208847046 -0.004243401810526848 -0.7704286575317383 0.025850854814052582 0.004226305987685919 0.9996569156646729 4.235820770263672
0.9995365142822266 0.001978190615773201 -0.030380232259631157 0.027445152401924133 -0.002125853905454278 0.9999861121177673 -0.004829004406929016 -0.7782086133956909 0.030370255932211876 0.004891349468380213 0.9995267987251282 4.998002529144287
0.9993879199028015 0.0021148319356143475 -0.034919172525405884 -0.000985950231552124 -0.0022196744102984667 0.999993085861206 -0.002963932231068611 -0.7876081466674805 0.03491267189383507 0.0030396278016269207 0.9993857741355896 5.787991523742676
0.9992190599441528 0.0015555209247395396 -0.03948410227894783 -0.035866931080818176 -0.0015759565867483616 0.9999986290931702 -0.0004864386282861233 -0.7902266979217529 0.03948329761624336 0.0005482835695147514 0.9992201328277588 6.589371681213379
0.9990871548652649 0.0011301651829853654 -0.042702820152044296 -0.07823888957500458 -0.0010321567533537745 0.9999968409538269 0.0023171063512563705 -0.7957879900932312 0.04270530119538307 -0.0022709157783538103 0.9990851283073425 7.39540433883667
0.9989696145057678 0.0023398208431899548 -0.04532398656010628 -0.12090936303138733 -0.002284911461174488 0.9999966025352478 0.001263245358131826 -0.7994941473007202 0.04532678797841072 -0.0011583821615204215 0.9989715218544006 8.211893081665039
0.9988740682601929 0.0019016629084944725 -0.047404125332832336 -0.16754478216171265 -0.0018526865169405937 0.9999976754188538 0.0010770615190267563 -0.8027454614639282 0.047406066209077835 -0.00098802347201854 0.9988752007484436 9.032285690307617
0.9988038539886475 -0.0006712827598676085 -0.048892050981521606 -0.21303021907806396 0.000692321511451155 0.9999997019767761 0.00041336892172694206 -0.807233989238739 0.04889175668358803 -0.00044672313379123807 0.9988040328025818 9.858811378479004
0.9986796379089355 -0.001375755062326789 -0.05135173350572586 -0.2515527606010437 0.0014436198398470879 0.9999980926513672 0.0012845041928812861 -0.8127626180648804 0.05134987086057663 -0.0013569406000897288 0.9986797571182251 10.704072952270508
0.9986005425453186 -0.0028715357184410095 -0.05280866101384163 -0.2995673716068268 0.0029220550786703825 0.9999954104423523 0.0008794667664915323 -0.8174148201942444 0.052805885672569275 -0.0010325458133593202 0.9986042380332947 11.555419921875
0.9985086917877197 -0.0006911072996445 -0.05458712577819824 -0.35367685556411743 0.0006198316696099937 0.9999989867210388 -0.0013226383598521352 -0.8256362676620483 0.05458797514438629 0.001286831102333963 0.9985081553459167 12.412370681762695
0.9984400272369385 -0.0005629924708046019 -0.05583176016807556 -0.4059317708015442 0.0003401756111998111 0.9999919533729553 -0.004000289831310511 -0.8328936100006104 0.05583356320858002 0.003975057043135166 0.9984321594238281 13.274774551391602
0.9983482956886292 0.003193675307556987 -0.05736235901713371 -0.4675653576850891 -0.003514691488817334 0.9999786615371704 -0.005496276076883078 -0.8446274995803833 0.057343583554029465 0.00568880932405591 0.9983382225036621 14.147239685058594
0.9982659220695496 0.004494497552514076 -0.05869346857070923 -0.5196812152862549 -0.004808266181498766 0.9999748468399048 -0.005205740220844746 -0.8534574508666992 0.0586685910820961 0.005478926468640566 0.9982624650001526 15.029488563537598
0.9981826543807983 0.003525704378262162 -0.0601588636636734 -0.575865626335144 -0.0037607466802001 0.9999857544898987 -0.0037942458875477314 -0.8637424111366272 0.060144636780023575 0.004013592377305031 0.9981815814971924 15.925006866455078
0.9981026649475098 0.004522457718849182 -0.061405789107084274 -0.6373550295829773 -0.004671811126172543 0.9999865889549255 -0.0022888786625117064 -0.8733745813369751 0.06139461696147919 0.002571412129327655 0.9981102347373962 16.823684692382812
0.9980469346046448 0.00362397194840014 -0.062363095581531525 -0.6938444375991821 -0.0037501147016882896 0.9999911785125732 -0.0019057855242863297 -0.8886673450469971 0.062355637550354004 0.0021359329111874104 0.9980518221855164 17.71504020690918
0.9979416131973267 0.003453892422839999 -0.06403519958257675 -0.7547889947891235 -0.003639223286882043 0.9999895095825195 -0.002777799731120467 -0.8977646827697754 0.06402493268251419 0.0030051209032535553 0.9979437589645386 18.621694564819336
0.9978740811347961 0.0019065368687734008 -0.06514276564121246 -0.8159310817718506 -0.0021209344267845154 0.9999926090240479 -0.0032221972942352295 -0.9111313819885254 0.0651361346244812 0.0033535100519657135 0.9978707432746887 19.54083824157715
0.9978468418121338 0.0020468784496188164 -0.0655556172132492 -0.8789916038513184 -0.002175572793930769 0.999995768070221 -0.0018918166169896722 -0.9169846177101135 0.06555147469043732 0.0020303649362176657 0.9978471398353577 20.444067001342773
0.9978275895118713 0.003175495658069849 -0.06580210477113724 -0.9438744783401489 -0.003104614559561014 0.9999944567680359 0.0011793996673077345 -0.9217380285263062 0.06580548733472824 -0.0009725478012114763 0.9978320598602295 21.37092399597168
0.9978805780410767 0.00392908975481987 -0.06495348364114761 -1.0088785886764526 -0.0035866224206984043 0.9999790191650391 0.005388256628066301 -0.9354572296142578 0.06497331708669662 -0.005143872927874327 0.9978737235069275 22.299413681030273
0.9980027675628662 0.0022968805860728025 -0.06312781572341919 -1.0668888092041016 -0.0017553959041833878 0.9999611973762512 0.008631734177470207 -0.9421805143356323 0.06314519047737122 -0.008503680117428303 0.9979681372642517 23.226131439208984
0.9980966448783875 0.002462983364239335 -0.06161939725279808 -1.1276499032974243 -0.0018869152991101146 0.9999540448188782 0.00940526183694601 -0.9439530372619629 0.061639729887247086 -0.009271089918911457 0.9980553984642029 24.16530990600586
0.9981864094734192 0.0030528963543474674 -0.06012103334069252 -1.1904736757278442 -0.0026790311094373465 0.9999765157699585 0.006298159249126911 -0.9444247484207153 0.06013885885477066 -0.006125669926404953 0.9981711506843567 25.100605010986328
0.998242974281311 0.0036612823605537415 -0.05913989245891571 -1.2490285634994507 -0.0035654883831739426 0.9999921321868896 0.0017252368852496147 -0.952113687992096 0.059145741164684296 -0.001511343172751367 0.9982481598854065 26.046741485595703
0.9983326196670532 0.0026653173845261335 -0.057660482823848724 -1.3114590644836426 -0.0027307902928441763 0.9999956488609314 -0.0010567224817350507 -0.958387553691864 0.05765740945935249 0.001212419243529439 0.9983356595039368 26.99488639831543
0.9983827471733093 0.00031491805566474795 -0.05684828758239746 -1.3694612979888916 -0.0003090697282459587 1.0 0.00011167023330926895 -0.9661933779716492 0.05684831738471985 -9.391957428306341e-05 0.9983828067779541 27.952926635742188
0.9983460307121277 -0.0014535549562424421 -0.057472117245197296 -1.4179844856262207 0.0017436206107959151 0.9999859929084778 0.0049972436390817165 -0.9757707118988037 0.05746404826641083 -0.005089187994599342 0.9983345866203308 28.925830841064453
0.9982837438583374 -0.0050966693088412285 -0.05833921954035759 -1.4748743772506714 0.005581372417509556 0.999951183795929 0.008148431777954102 -0.9792606830596924 0.05829484015703201 -0.008460059762001038 0.9982635974884033 29.899372100830078
0.998153805732727 -0.01251420471817255 -0.059434499591588974 -1.5246797800064087 0.01300035323947668 0.9998850226402283 0.0077999066561460495 -0.9860214591026306 0.059330061078071594 -0.008558175526559353 0.9982016682624817 30.870908737182617
0.9980410933494568 -0.014776907861232758 -0.06079185754060745 -1.5792458057403564 0.015044852159917355 0.999879002571106 0.003952212631702423 -0.9932230114936829 0.060726094990968704 -0.004859075415879488 0.9981426000595093 31.838905334472656
0.9979503154754639 -0.01447264663875103 -0.062335796654224396 -1.6436877250671387 0.014488650485873222 0.999894917011261 -0.00019528111442923546 -0.9946019053459167 0.06233207508921623 -0.0007082796655595303 0.9980551600456238 32.81534957885742
0.997884213924408 -0.01316631119698286 -0.06366908550262451 -1.7282171249389648 0.013132168911397457 0.9999132752418518 -0.0009547099471092224 -1.0012174844741821 0.0636761337518692 0.0001165769062936306 0.9979706406593323 33.79440689086914
0.9978052973747253 -0.013069565407931805 -0.06491221487522125 -1.7761926651000977 0.013143864460289478 0.9999133348464966 0.0007176959188655019 -1.0161281824111938 0.06489719450473785 -0.0015693183522671461 0.9978907108306885 34.77437973022461
0.9977602958679199 -0.00999404676258564 -0.06613986939191818 -1.848327398300171 0.01024322584271431 0.9999416470527649 0.0034294305369257927 -1.0254714488983154 0.06610172986984253 -0.004099235869944096 0.9978044033050537 35.771156311035156
0.9976719617843628 -0.010037881322205067 -0.0674547329545021 -1.917015790939331 0.010391419753432274 0.9999340176582336 0.004892264027148485 -1.0376756191253662 0.06740117073059082 -0.005581825040280819 0.9977102875709534 36.76131820678711
0.9976192116737366 -0.008740410208702087 -0.06840698421001434 -1.9881694316864014 0.009271997027099133 0.9999291896820068 0.007457310333848 -1.0423578023910522 0.06833694130182266 -0.008073825389146805 0.9976296424865723 37.737979888916016
0.9976437091827393 -0.008747247979044914 -0.06804787367582321 -2.0625839233398438 0.009479662403464317 0.9999004602432251 0.010447772219777107 -1.0450778007507324 0.06794972717761993 -0.011068226769566536 0.9976273775100708 38.74314498901367
0.9976388812065125 -0.0029126498848199844 -0.06861626356840134 -2.141245126724243 0.003776468802243471 0.9999151229858398 0.01246278453618288 -1.0415656566619873 0.06857414543628693 -0.012692485004663467 0.9975653290748596 39.73273468017578
0.9976321458816528 -0.002778027206659317 -0.06871950626373291 -2.2219951152801514 0.003605852834880352 0.9999223947525024 0.01192533690482378 -1.0445377826690674 0.06868103891611099 -0.012144891545176506 0.9975647330284119 40.72975540161133
0.9976118803024292 -0.0027976364362984896 -0.06901229172945023 -2.277259349822998 0.003532350528985262 0.9999383687973022 0.010526398196816444 -1.0518276691436768 0.06897858530282974 -0.010745035484433174 0.9975602626800537 41.72233963012695
0.9976379871368408 -0.0004505554388742894 -0.06869041919708252 -2.3635168075561523 0.0010046983370557427 0.9999672174453735 0.008032917976379395 -1.0503636598587036 0.06868455559015274 -0.008082956075668335 0.9976056218147278 42.71887969970703
0.9975780844688416 -0.0008876855717971921 -0.06954863667488098 -2.4365339279174805 0.001460794359445572 0.9999653697013855 0.008189977146685123 -1.054232120513916 0.06953894346952438 -0.008271738886833191 0.9975448846817017 43.689144134521484
0.9974673986434937 -0.0031666322611272335 -0.07105410844087601 -2.495482921600342 0.0038337346632033587 0.9999497532844543 0.00925423763692379 -1.0586856603622437 0.07102121412754059 -0.009503203444182873 0.9974295496940613 44.67403793334961
0.9974095225334167 -0.002831027377396822 -0.07187607884407043 -2.568267583847046 0.003591876942664385 0.9999388456344604 0.010458533652126789 -1.0638477802276611 0.07184206694364548 -0.010689610615372658 0.9973587393760681 45.66297149658203
0.9974203109741211 0.00013057695468887687 -0.07178228348493576 -2.6548192501068115 0.0003598218027036637 0.9999766945838928 0.006818775553256273 -1.0730983018875122 0.07178150117397308 -0.006827015429735184 0.9973970055580139 46.635433197021484
0.9973568916320801 -0.00012236052134539932 -0.07265859842300415 -2.7232625484466553 0.00033967065974138677 0.9999954700469971 0.00297848810441792 -1.0798012018203735 0.07265792787075043 -0.0029952952172607183 0.9973524212837219 47.59132385253906
0.9973220229148865 0.0009903986938297749 -0.07312974333763123 -2.802877902984619 -0.0008755403687246144 0.9999983906745911 0.001602653763256967 -1.0830037593841553 0.07313121855258942 -0.0015343338018283248 0.9973211288452148 48.56356430053711
0.9973072409629822 -0.00044630025513470173 -0.07333650439977646 -2.876932144165039 0.000854642887134105 0.9999843239784241 0.0055367788299918175 -1.101048231124878 0.07333289086818695 -0.005584545433521271 0.9972918629646301 49.53337478637695
0.9972645044326782 -0.002542306901887059 -0.07387172430753708 -2.937262773513794 0.0031720928382128477 0.9999595284461975 0.00840932410210371 -1.1048405170440674 0.07384734600782394 -0.008620647713541985 0.9972323179244995 50.49520492553711
0.9972403645515442 -0.004124571569263935 -0.07412566244602203 -3.010690927505493 0.004805844277143478 0.9999477863311768 0.009014773182570934 -1.1123441457748413 0.07408459484577179 -0.009346132166683674 0.9972082376480103 51.45974349975586
0.9971824884414673 -0.007624347228556871 -0.07462561130523682 -3.079352617263794 0.008226891979575157 0.9999358654022217 0.007770173717290163 -1.1167523860931396 0.07456158846616745 -0.008362218737602234 0.9971814155578613 52.415958404541016
0.9971323609352112 -0.010581179521977901 -0.07493333518505096 -3.1408002376556396 0.01111505925655365 0.9999156594276428 0.006711284164339304 -1.1259150505065918 0.0748559832572937 -0.007524925749748945 0.9971659779548645 53.35591506958008
0.9970621466636658 -0.011923468671739101 -0.07566267251968384 -3.2173798084259033 0.01253767404705286 0.9998921751976013 0.007647865917533636 -1.129591941833496 0.07556332647800446 -0.008574031293392181 0.9971041679382324 54.30722427368164
0.9968855381011963 -0.01567586325109005 -0.07728931307792664 -3.2806613445281982 0.016644427552819252 0.9997906684875488 0.011903451755642891 -1.1315672397613525 0.07708655297756195 -0.013152814470231533 0.99693763256073 55.25900650024414
0.996841549873352 -0.015934215858578682 -0.07780075818300247 -3.355534791946411 0.017288457602262497 0.999709963798523 0.0167640820145607 -1.1307156085968018 0.07751106470823288 -0.01805618777871132 0.9968279600143433 56.20648193359375
0.996830940246582 -0.014155915938317776 -0.07828044146299362 -3.436446189880371 0.015688074752688408 0.9996965527534485 0.018992429599165916 -1.1288739442825317 0.07798783481121063 -0.020160309970378876 0.9967504739761353 57.15410232543945
0.9967336654663086 -0.0128454165533185 -0.07973115146160126 -3.5156617164611816 0.014071830548346043 0.9997909665107727 0.014839062467217445 -1.126625657081604 0.07952388375997543 -0.015912557020783424 0.996705949306488 58.084163665771484
0.9966422915458679 -0.011281858198344707 -0.08109798282384872 -3.5906782150268555 0.011903448030352592 0.9999032616615295 0.007185240276157856 -1.1310338973999023 0.08100907504558563 -0.00812645722180605 0.9966802597045898 58.99101638793945
0.9966176748275757 -0.00978165678679943 -0.08159344643354416 -3.6808934211730957 0.010034809820353985 0.999946117401123 0.00269312784075737 -1.1429435014724731 0.08156268298625946 -0.0035027938429266214 0.9966620802879333 59.91469955444336
0.9965923428535461 -0.00446300208568573 -0.08236294984817505 -3.7664191722869873 0.0047595608048141 0.9999828934669495 0.0034046522341668606 -1.1501636505126953 0.0823463499546051 -0.003785061649978161 0.99659663438797 60.81188201904297
0.9964815378189087 -0.0018664085073396564 -0.08379177004098892 -3.8519134521484375 0.002353924559429288 0.9999808073043823 0.005719774402678013 -1.159328818321228 0.083779476583004 -0.005896889604628086 0.9964669346809387 61.71381759643555
0.9964075088500977 0.0004763039178214967 -0.08468710631132126 -3.9294662475585938 0.0001369191741105169 0.9999737739562988 0.00723508233204484 -1.171661615371704 0.08468835055828094 -0.007220685947686434 0.9963813424110413 62.59263610839844
0.9962893724441528 0.0010820169700309634 -0.08606061339378357 -4.006376266479492 -0.0004976617055945098 0.9999766945838928 0.006811201106756926 -1.1762566566467285 0.08606599271297455 -0.006743097212165594 0.9962666630744934 63.45947265625
0.996174156665802 0.0027445321902632713 -0.08734718710184097 -4.089320182800293 -0.0020556291565299034 0.9999660849571228 0.007975918240845203 -1.1868751049041748 0.08736611157655716 -0.007765849586576223 0.996146023273468 64.30394744873047
0.9960450530052185 0.0037593008019030094 -0.08877038955688477 -4.169167518615723 -0.0030049874912947416 0.9999582767486572 0.008629466407001019 -1.1967319250106812 0.0887991189956665 -0.008328582160174847 0.9960147142410278 65.14409637451172
0.9959216117858887 0.0034486560616642237 -0.09015706926584244 -4.243284225463867 -0.0026403774973005056 0.9999551773071289 0.00908296462148428 -1.204545259475708 0.09018436074256897 -0.008807871490716934 0.9958861470222473 65.96000671386719
0.9958155751228333 0.003186961868777871 -0.09133046120405197 -4.318355083465576 -0.0022749758791178465 0.9999464750289917 0.010087926872074604 -1.2082855701446533 0.09135773777961731 -0.009837939403951168 0.9957695603370667 66.76376342773438
0.995674192905426 0.006066429894417524 -0.09271647036075592 -4.398320198059082 -0.004900211934000254 0.9999060034751892 0.012800819240510464 -1.2135276794433594 0.09278543293476105 -0.012291112914681435 0.9956101775169373 67.56136322021484
0.9955417513847351 0.007737874984741211 -0.0940048098564148 -4.479244232177734 -0.006172575522214174 0.9998376965522766 0.01693064160645008 -1.2169245481491089 0.09412053972482681 -0.016274908557534218 0.9954277873039246 68.34998321533203
0.9953629970550537 0.010588240809738636 -0.09560521692037582 -4.564474105834961 -0.008836125023663044 0.9997854828834534 0.0187313761562109 -1.2179770469665527 0.0957830622792244 -0.01779974065721035 0.9952430725097656 69.12732696533203
0.9951997995376587 0.013540309853851795 -0.09692270308732986 -4.645003318786621 -0.012188466265797615 0.9998201727867126 0.01452617347240448 -1.2205116748809814 0.09710197150707245 -0.013275103643536568 0.995185911655426 69.87692260742188
0.9950647950172424 0.013465152122080326 -0.0983082577586174 -4.717924118041992 -0.01279812678694725 0.9998906254768372 0.007412514183670282 -1.231783390045166 0.09839730709791183 -0.006117771379649639 0.995128333568573 70.59584045410156
0.9949337244033813 0.0126585578545928 -0.09973202645778656 -4.793085098266602 -0.01257643848657608 0.9999197721481323 0.0014520793920382857 -1.2331405878067017 0.09974242001771927 -0.0001904491218738258 0.9950132966041565 71.30277252197266
0.9948843717575073 0.013347703963518143 -0.10013385862112045 -4.869854927062988 -0.013407341204583645 0.9999100565910339 7.73904612287879e-05 -1.2340439558029175 0.10012589395046234 0.0012655345490202308 0.9949740171432495 71.99595642089844
0.9947815537452698 0.01601332798600197 -0.10076331347227097 -4.947697639465332 -0.015719549730420113 0.9998695254325867 0.0037089837715029716 -1.2426810264587402 0.10080957412719727 -0.002105675172060728 0.9949034452438354 72.67182922363281
0.9946302771568298 0.016536982730031013 -0.10216273367404938 -5.019047260284424 -0.015995146706700325 0.9998533129692078 0.006120629608631134 -1.2603144645690918 0.10224897414445877 -0.004453655332326889 0.9947488307952881 73.31961822509766
0.9945868253707886 0.01329394057393074 -0.10305482149124146 -5.086824417114258 -0.013065524399280548 0.9999104142189026 0.002891208976507187 -1.2690236568450928 0.1030840203166008 -0.0015290930168703198 0.9946714639663696 73.95362854003906
0.9946411848068237 0.004891660530120134 -0.10327159613370895 -5.1326727867126465 -0.00515354797244072 0.9999841451644897 -0.0022692501079291105 -1.2827746868133545 0.10325886309146881 0.002789305057376623 0.9946505427360535 74.56840515136719
0.994783878326416 0.0009967430960386992 -0.10200008749961853 -5.1913957595825195 -0.001738935592584312 0.9999725818634033 -0.007187738548964262 -1.2859506607055664 0.10199011117219925 0.007327617611736059 0.9947583675384521 75.16339111328125
0.9950574636459351 0.0032224077731370926 -0.09924851357936859 -5.244401454925537 -0.003976370673626661 0.999964714050293 -0.00739984679967165 -1.2985775470733643 0.09922115504741669 0.0077579207718372345 0.9950352311134338 75.74187469482422
0.9954277276992798 0.0082566998898983 -0.09516040235757828 -5.310189723968506 -0.008704869076609612 0.9999529123306274 -0.004295458551496267 -1.3115438222885132 0.09512045234441757 0.005104178097099066 0.9954527020454407 76.31571197509766
0.9958783984184265 0.006778302602469921 -0.090444415807724 -5.362505912780762 -0.006908067036420107 0.9999755620956421 -0.0011217817664146423 -1.3196548223495483 0.09043460339307785 0.0017419545911252499 0.9959008693695068 76.87289428710938
0.9964001774787903 0.0034171994775533676 -0.08470574766397476 -5.399770736694336 -0.0031981184147298336 0.9999911189079285 0.00272193131968379 -1.3233225345611572 0.08471429347991943 -0.002441233955323696 0.9964023232460022 77.4178466796875
0.9970645308494568 -0.0013305430766195059 -0.07655530422925949 -5.426616191864014 0.0018498245626688004 0.9999758005142212 0.0067125908099114895 -1.3432645797729492 0.07654452323913574 -0.006834500934928656 0.997042715549469 77.9442138671875
0.99781334400177 0.002245901385322213 -0.06605661660432816 -5.456326961517334 -0.0018317231442779303 0.9999783039093018 0.006329943425953388 -1.3456707000732422 0.06606940925121307 -0.006195105146616697 0.9977957606315613 78.45503997802734
0.9986807703971863 0.0074589853174984455 -0.05080447718501091 -5.4876909255981445 -0.007175869308412075 0.9999576807022095 0.0057527897879481316 -1.3495283126831055 0.05084523186087608 -0.005380634684115648 0.998691976070404 78.96066284179688
0.9993880987167358 0.01255286019295454 -0.03264683112502098 -5.50235652923584 -0.012357832863926888 0.9999046325683594 0.00616875197738409 -1.351460576057434 0.032721154391765594 -0.005761533975601196 0.9994479417800903 79.45785522460938
0.9998838305473328 0.011033349670469761 -0.010509539395570755 -5.492138385772705 -0.010959675535559654 0.9999151825904846 0.007042129524052143 -1.3588132858276367 0.010586347430944443 -0.006926130969077349 0.9999200105667114 79.9321517944336
0.9998518824577332 0.007513600401580334 0.01549100037664175 -5.457951545715332 -0.007641965057700872 0.9999368190765381 0.008243785239756107 -1.3653414249420166 -0.015428083017468452 -0.00836094655096531 0.9998459815979004 80.3869400024414
0.9989646673202515 0.006425144616514444 0.045038074254989624 -5.41542911529541 -0.006888322997838259 0.999924898147583 0.010136495344340801 -1.374629020690918 -0.04496956616640091 -0.010436237789690495 0.9989338517189026 80.8381118774414
0.996942937374115 0.0059472061693668365 0.07790686935186386 -5.356662273406982 -0.006892793346196413 0.9999057650566101 0.011874126270413399 -1.3811564445495605 -0.07782890647649765 -0.012374822981655598 0.9968899488449097 81.28909301757812
0.9932818412780762 0.0060745361261069775 0.11556120216846466 -5.281721115112305 -0.007478256709873676 0.9999033808708191 0.011717318557202816 -1.3744301795959473 -0.11547885090112686 -0.012502796947956085 0.9932312965393066 81.73544311523438
0.9875181317329407 0.005958941299468279 0.15739275515079498 -5.19898796081543 -0.007985210046172142 0.999893069267273 0.012244746088981628 -1.3855793476104736 -0.15730297565460205 -0.013348723761737347 0.987460196018219 82.1372299194336
0.9792372584342957 0.005649753380566835 0.2026391178369522 -5.0855865478515625 -0.008336809463799 0.9998882412910461 0.012409212999045849 -1.3905390501022339 -0.20254632830619812 -0.013840925879776478 0.9791749119758606 82.55497741699219
0.9677878022193909 0.007988226599991322 0.25164076685905457 -4.950651168823242 -0.01096858736127615 0.9998853206634521 0.010443279519677162 -1.3960402011871338 -0.25152844190597534 -0.012867022305727005 0.9677644371986389 82.9580307006836
0.9523065686225891 0.00911828875541687 0.3050069808959961 -4.8019866943359375 -0.01199578307569027 0.9998993873596191 0.007561434060335159 -1.4000065326690674 -0.3049073815345764 -0.010859600268304348 0.9523200988769531 83.34119415283203
0.9326496124267578 0.009396707639098167 0.3606610596179962 -4.62016487121582 -0.012179423123598099 0.9999109506607056 0.005443507805466652 -1.4026439189910889 -0.3605778217315674 -0.009469529613852501 0.9326810836791992 83.70906829833984
0.9085110425949097 0.009253532625734806 0.4177585244178772 -4.430084228515625 -0.012010348960757256 0.9999199509620667 0.003970573656260967 -1.4104138612747192 -0.41768836975097656 -0.008624736219644547 0.908549427986145 84.04420471191406
0.8796349167823792 0.009533572010695934 0.475553959608078 -4.216381072998047 -0.011814580298960209 0.9999285936355591 0.0018076295964419842 -1.4098618030548096 -0.47550275921821594 -0.007208525203168392 0.8796846866607666 84.3515625
0.8463930487632751 0.008426421321928501 0.5324921607971191 -3.9722938537597656 -0.00970365758985281 0.9999528527259827 -0.0003998491447418928 -1.4121143817901611 -0.5324704647064209 -0.00482869241386652 0.8464348912239075 84.65154266357422
0.8092661499977112 0.007880410179495811 0.5873894095420837 -3.7152061462402344 -0.008770245127379894 0.9999606609344482 -0.001332404906861484 -1.4216601848602295 -0.5873767733573914 -0.0040732785128057 0.809303343296051 84.94379425048828
0.7692911028862 0.006744292564690113 0.6388627886772156 -3.440196990966797 -0.00834261067211628 0.9999650716781616 -0.0005105306627228856 -1.4279754161834717 -0.6388438940048218 -0.004937037359923124 0.769320547580719 85.2147216796875
0.7274208664894104 0.006291984114795923 0.6861627697944641 -3.1449012756347656 -0.009755516424775124 0.9999516606330872 0.0011727333767339587 -1.4291584491729736 -0.6861221790313721 -0.007546943612396717 0.7274470925331116 85.44921112060547
0.6826883554458618 0.005113188177347183 0.7306918501853943 -2.838756561279297 -0.00869558472186327 0.9999615550041199 0.001126851188018918 -1.4322623014450073 -0.7306579351425171 -0.007123081013560295 0.6827065348625183 85.67020416259766
0.6366878747940063 0.0036226322408765554 0.7711132168769836 -2.508380889892578 -0.006047509144991636 0.9999816417694092 0.00029542797710746527 -1.4426121711730957 -0.7710978984832764 -0.004851408302783966 0.6366980075836182 85.87472534179688
0.5907645225524902 0.0004853864957112819 0.8068438768386841 -2.1829452514648438 0.0009173403959721327 0.9999986886978149 -0.001273254631087184 -1.4417694807052612 -0.8068435192108154 0.0014923441922292113 0.5907633304595947 86.03754425048828
0.5442453622817993 0.0021500219590961933 0.8389233350753784 -1.8494644165039062 -0.0014130277559161186 0.999997615814209 -0.001646137796342373 -1.4536685943603516 -0.8389249444007874 -0.0002895192301366478 0.5442471504211426 86.20439910888672
0.497431218624115 0.005519612692296505 0.8674858808517456 -1.5101470947265625 -0.004887326154857874 0.9999816417694092 -0.003560176584869623 -1.453248381614685 -0.8674896359443665 -0.002468743361532688 0.4974491000175476 86.36051940917969
0.4521009922027588 0.007292949594557285 0.8919369578361511 -1.1726608276367188 -0.0056372592225670815 0.9999699592590332 -0.005318896379321814 -1.4626812934875488 -0.891948938369751 -0.0026234020479023457 0.45212844014167786 86.49169158935547
0.40915346145629883 0.005250314250588417 0.9124505519866943 -0.8170185089111328 0.00044591346522793174 0.9999821782112122 -0.005953931249678135 -1.467474102973938 -0.912465512752533 0.0028429455123841763 0.40914374589920044 86.61448669433594
0.36868923902511597 -0.0024979838635772467 0.9295493364334106 -0.4572906494140625 0.014891643077135086 0.9998839497566223 -0.003219511127099395 -1.4736346006393433 -0.9294334053993225 0.015029516071081161 0.36868366599082947 86.71452331542969
0.3333428204059601 -0.005703695118427277 0.9427884221076965 -0.09123802185058594 0.01878703385591507 0.9998234510421753 -0.000593808013945818 -1.4730342626571655 -0.9426184892654419 0.01791013963520527 0.33339112997055054 86.80555725097656
0.2999024987220764 -0.0021164999343454838 0.9539673924446106 0.27301597595214844 0.015959782525897026 0.9998686909675598 -0.002799002919346094 -1.482048749923706 -0.9538363218307495 0.016064541414380074 0.2998969852924347 86.90323638916016
0.2691604495048523 0.005382192321121693 0.9630802273750305 0.6435775756835938 0.005176359321922064 0.9999618530273438 -0.007034987211227417 -1.4948359727859497 -0.9630813002586365 0.006878789514303207 0.2691223621368408 87.00224304199219
0.24100109934806824 0.010109039023518562 0.9704722166061401 1.0248489379882812 1.6788263792477665e-06 0.9999457001686096 -0.010416469536721706 -1.5086774826049805 -0.970524787902832 0.0025120112113654613 0.24098803102970123 87.09164428710938
0.21519289910793304 0.011666951701045036 0.9765018820762634 1.4160709381103516 0.001273657544516027 0.9999244213104248 -0.012227474711835384 -1.5214335918426514 -0.9765707850456238 0.003874995047226548 0.2151617854833603 87.15855407714844
0.19176815450191498 0.013164876028895378 0.9813519716262817 1.8261528015136719 0.008299589157104492 0.9998525381088257 -0.015034900978207588 -1.5277057886123657 -0.9814051985740662 0.011028032749891281 0.19163061678409576 87.21444702148438
0.1718846559524536 0.01899753138422966 0.9849339127540588 2.2352867126464844 0.015118050388991833 0.999645471572876 -0.021919598802924156 -1.53059720993042 -0.9850010871887207 0.018657920882105827 0.17153650522232056 87.25362396240234
0.1519024819135666 0.02631051279604435 0.9880452752113342 2.664518356323242 0.0173502080142498 0.9994206428527832 -0.029280856251716614 -1.522026777267456 -0.9882431626319885 0.02159062772989273 0.1513580083847046 87.314453125
0.13428995013237 0.0269485916942358 0.9905756711959839 3.10343074798584 0.014985652640461922 0.9994606375694275 -0.029221879318356514 -1.5335633754730225 -0.9908287525177002 0.01876862905919552 0.13381367921829224 87.36959075927734
0.11899818480014801 0.022735025733709335 0.9926342368125916 3.565323829650879 0.012759325094521046 0.9996201992034912 -0.024424638599157333 -1.554814100265503 -0.9928125143051147 0.01557182613760233 0.11866292357444763 87.41959381103516
0.10443980246782303 0.019456706941127777 0.9943408966064453 4.03260612487793 0.012698091566562653 0.9997009634971619 -0.020895330235362053 -1.5723532438278198 -0.9944501519203186 0.014808536507189274 0.10416154563426971 87.46318054199219
0.09105344861745834 0.017001328989863396 0.9957008361816406 4.5346879959106445 0.015484137460589409 0.9997091889381409 -0.01848573423922062 -1.5838197469711304 -0.9957256317138672 0.017100755125284195 0.09076372534036636 87.50395202636719
0.07943108677864075 0.016268139705061913 0.996707558631897 5.029515743255615 0.019248299300670624 0.9996553659439087 -0.01785021647810936 -1.5953775644302368 -0.9966545104980469 0.020602788776159286 0.07909058034420013 87.52970123291016
0.06917725503444672 0.016843972727656364 0.9974620938301086 5.5370283126831055 0.022329779341816902 0.9995808005332947 -0.018428392708301544 -1.6081258058547974 -0.9973545074462891 0.023547934368252754 0.06877213716506958 87.55569458007812
0.06136416271328926 0.017475653439760208 0.9979624152183533 6.070926666259766 0.02452702261507511 0.9995183348655701 -0.019011056050658226 -1.6162651777267456 -0.9978141188621521 0.025643644854426384 0.060905978083610535 87.58008575439453
0.055830150842666626 0.017666039988398552 0.9982839226722717 6.622156620025635 0.025541437789797783 0.9994909763336182 -0.019115831702947617 -1.632951259613037 -0.9981136918067932 0.026564843952655792 0.05535051226615906 87.60836791992188
0.05034080520272255 0.018696419894695282 0.9985570311546326 7.1825690269470215 0.026844749227166176 0.9994382262229919 -0.02006625570356846 -1.6456555128097534 -0.9983713030815125 0.02781616523861885 0.04981062561273575 87.63031005859375
0.04450754076242447 0.019460415467619896 0.9988195300102234 7.768279075622559 0.027079032734036446 0.9994193315505981 -0.020678749307990074 -1.6610926389694214 -0.9986420273780823 0.027967428788542747 0.04395472630858421 87.65316772460938
0.0397096648812294 0.01933414302766323 0.9990242123603821 8.369768142700195 0.029679633677005768 0.9993488192558289 -0.020520145073533058 -1.6750096082687378 -0.9987704157829285 0.030465519055724144 0.0391099750995636 87.6767807006836
0.0368768572807312 0.019376730546355247 0.9991319179534912 8.993287086486816 0.030923297628760338 0.999311089515686 -0.02052154764533043 -1.6886202096939087 -0.9988412857055664 0.03165322542190552 0.03625226393342018 87.6942138671875
0.03394996374845505 0.01874265819787979 0.9992477893829346 9.634191513061523 0.032000359147787094 0.9992911219596863 -0.019830703735351562 -1.7067793607711792 -0.9989110827445984 0.03264954686164856 0.03332613408565521 87.71029663085938
0.03151801601052284 0.018134059384465218 0.999338686466217 10.289920806884766 0.03419923037290573 0.9992303848266602 -0.0192106980830431 -1.7232568264007568 -0.9989178776741028 0.03478209301829338 0.03087359108030796 87.7289047241211
0.030829574912786484 0.017870403826236725 0.9993649125099182 10.96573543548584 0.0381840243935585 0.999089241027832 -0.019043423235416412 -1.7376724481582642 -0.9987950325012207 0.03874687850475311 0.03011912852525711 87.74374389648438
0.032068297266960144 0.017475267872214317 0.9993329048156738 11.655298233032227 0.04188087210059166 0.9989454746246338 -0.01881243847310543 -1.7524373531341553 -0.9986078143119812 0.04245620593428612 0.031302597373723984 87.7601318359375
0.03438917174935341 0.01730223000049591 0.9992587566375732 12.36160659790039 0.0437944270670414 0.998863697052002 -0.01880255527794361 -1.77162766456604 -0.9984484910964966 0.044408563524484634 0.0335923470556736 87.78645324707031
0.03815847262740135 0.017217125743627548 0.9991235136985779 13.08877944946289 0.046298131346702576 0.9987473487854004 -0.018978865817189217 -1.7898448705673218 -0.9981985688209534 0.04698174074292183 0.0373135544359684 87.8113784790039
0.042628977447748184 0.016699446365237236 0.9989514350891113 13.828947067260742 0.0466727539896965 0.9987354278564453 -0.01868753507733345 -1.807133674621582 -0.9980002641677856 0.0474204421043396 0.04179566353559494 87.84211730957031
0.04667796939611435 0.015057512558996677 0.9987965822219849 14.588247299194336 0.04843350872397423 0.9986761808395386 -0.017319204285740852 -1.8232656717300415 -0.9977351427078247 0.049183640629053116 0.045886892825365067 87.87910461425781
0.05030020698904991 0.013634429313242435 0.9986411333084106 15.350689888000488 0.04738808423280716 0.9987480640411377 -0.016022764146327972 -1.8401057720184326 -0.9976092576980591 0.04812963306903839 0.049591124057769775 87.92840576171875
0.05462273955345154 0.011561651714146137 0.998440146446228 16.146039962768555 0.04487248510122299 0.9988942742347717 -0.014021800830960274 -1.8550209999084473 -0.9974982142448425 0.045568399131298065 0.054043546319007874 87.97173309326172
0.058296460658311844 0.010635425336658955 0.9982426762580872 16.93971061706543 0.0441557839512825 0.9989371299743652 -0.013221485540270805 -1.8696380853652954 -0.9973223209381104 0.044848956167697906 0.05776488408446312 88.0319595336914
0.06251046806573868 0.01121792197227478 0.9979813694953918 17.74614715576172 0.04167350009083748 0.9990354776382446 -0.013840071856975555 -1.8906607627868652 -0.9971738457679749 0.04245452210307121 0.06198267638683319 88.09111022949219
0.06574993580579758 0.01537811104208231 0.9977176189422607 18.535802841186523 0.039280276745557785 0.9990662932395935 -0.017987480387091637 -1.913638710975647 -0.9970626831054688 0.0403733029961586 0.06508448719978333 88.13672637939453
0.06705792248249054 0.02087828889489174 0.9975306987762451 19.335777282714844 0.03352079540491104 0.9991694092750549 -0.02316599152982235 -1.9319119453430176 -0.9971858263015747 0.034991491585969925 0.06630236655473709 88.20191955566406
0.06675765663385391 0.023830056190490723 0.9974845051765442 20.148454666137695 0.030651941895484924 0.9991939067840576 -0.02592230588197708 -1.9586776494979858 -0.9972982406616211 0.032305359840393066 0.06597340106964111 88.26911163330078
0.06720567494630814 0.02341168001294136 0.9974644184112549 20.97343635559082 0.02833373099565506 0.9992766976356506 -0.025363244116306305 -1.987121820449829 -0.997336745262146 0.02996644377708435 0.06649372726678848 88.32594299316406
0.06725291162729263 0.021499184891581535 0.9975043535232544 21.78391456604004 0.02531071938574314 0.9994092583656311 -0.023246722295880318 -2.0182461738586426 -0.9974148273468018 0.02681095525622368 0.0666690245270729 88.38748168945312
0.06761574745178223 0.020090995356440544 0.9975090622901917 22.602863311767578 0.026793239638209343 0.9994000792503357 -0.021945247426629066 -2.048081874847412 -0.9973515868186951 0.028210345655679703 0.06703687459230423 88.43643951416016
0.06743928045034409 0.019145850092172623 0.9975396394729614 23.421342849731445 0.023956725373864174 0.9994965195655823 -0.020803017541766167 -2.082188844680786 -0.9974357485771179 0.025300730019807816 0.06694665551185608 88.51054382324219
0.0674571767449379 0.019765662029385567 0.9975263476371765 24.23092269897461 0.022408444434404373 0.9995215535163879 -0.021320553496479988 -2.107861042022705 -0.997470498085022 0.023791242390871048 0.0669819638133049 88.56832885742188
0.06724069267511368 0.020383574068546295 0.9975284934043884 25.044626235961914 0.019250670447945595 0.9995787143707275 -0.021723100915551186 -2.1373608112335205 -0.9975510835647583 0.02066376991569996 0.06681995838880539 88.63380432128906
0.0661160945892334 0.021575817838311195 0.9975786209106445 25.858985900878906 0.01626514457166195 0.9996101260185242 -0.022697748616337776 -2.168081283569336 -0.9976793527603149 0.01772645302116871 0.06573937833309174 88.69984436035156
0.06311635673046112 0.02153371460735798 0.9977738261222839 26.665369033813477 0.013359093107283115 0.9996594786643982 -0.022419463843107224 -2.193033218383789 -0.9979167580604553 0.014744389802217484 0.06280718743801117 88.75538635253906
0.059546805918216705 0.02042190171778202 0.9980165958404541 27.47926902770996 0.011400244198739529 0.9997115731239319 -0.021136783063411713 -2.2155141830444336 -0.9981605410575867 0.012636260129511356 0.05929681658744812 88.80705261230469
0.05500464886426926 0.017883175984025 0.9983258843421936 28.291906356811523 0.009564932435750961 0.9997842907905579 -0.01843629591166973 -2.242891788482666 -0.9984402656555176 0.010563002899289131 0.05482172966003418 88.85356903076172
0.048931628465652466 0.015702614560723305 0.9986786842346191 29.10020637512207 0.007367637939751148 0.999843418598175 -0.01608191803097725 -2.269136905670166 -0.9987750053405762 0.008144816383719444 0.0488082692027092 88.89625549316406
0.04132498800754547 0.016118569299578667 0.9990156888961792 29.90654754638672 0.007045481353998184 0.9998404383659363 -0.016423314809799194 -2.2930667400360107 -0.9991208910942078 0.007717242930084467 0.041204825043678284 88.93085479736328
