1.0 0.0 0.0 0.0 0.0 1.0 0.0 0.0 0.0 0.0 1.0 0.0
0.9990386962890625 -0.0005846204585395753 0.0438324511051178 0.04575800523161888 0.0006867117481306195 0.999997079372406 -0.002314104698598385 -0.020865900442004204 -0.04383096471428871 0.002341980580240488 0.9990361928939819 1.0252505540847778
0.9960251450538635 -0.004735362716019154 0.08894605934619904 0.13959449529647827 0.005408397875726223 0.9999585151672363 -0.007327299565076828 -0.039275214076042175 -0.08890768140554428 0.007779230829328299 0.9960094690322876 2.046515464782715
0.9908650517463684 -0.004234740510582924 0.1347908079624176 0.2720233201980591 0.0058261314406991005 0.9999178051948547 -0.011414110660552979 -0.06172046437859535 -0.1347314417362213 0.012095152400434017 0.9908083081245422 3.05505108833313
0.9835200309753418 -0.00125649303663522 0.18079489469528198 0.449879914522171 0.0037501752376556396 0.9999024271965027 -0.0134517140686512 -0.09372811019420624 -0.18076035380363464 0.013908039778470993 0.9834288358688354 4.091222763061523
0.9739843606948853 -0.003768558381125331 0.2265838086605072 0.685956597328186 0.006995984353125095 0.9998851418495178 -0.013442504219710827 -0.12474732100963593 -0.22650711238384247 0.014677965082228184 0.9738988280296326 5.093709945678711
0.9623091816902161 -0.0041718496941030025 0.27192577719688416 0.9588906168937683 0.008484184741973877 0.9998561143875122 -0.014684738591313362 -0.15555106103420258 -0.2718254029750824 0.016438325867056847 0.9622061848640442 6.0987701416015625
0.948749303817749 -0.006836398504674435 0.31595560908317566 1.2836017608642578 0.012967901304364204 0.9997661113739014 -0.017307784408330917 -0.18888887763023376 -0.31576329469680786 0.020518027245998383 0.948616087436676 7.079437732696533
0.9335678219795227 -0.00862258393317461 0.35829710960388184 1.6581053733825684 0.016549622640013695 0.999681293964386 -0.019063392654061317 -0.22214627265930176 -0.35801854729652405 0.023726651445031166 0.9334129691123962 8.0347261428833
0.9161905646324158 -0.008462627418339252 0.4006536304950714 2.066741943359375 0.017969317734241486 0.9996389150619507 -0.019976723939180374 -0.2532595694065094 -0.40033990144729614 0.025501959025859833 0.9160118103027344 8.968507766723633
0.8966640830039978 -0.00914771854877472 0.4426169991493225 2.5288281440734863 0.01933102123439312 0.9996419548988342 -0.018501298502087593 -0.28961265087127686 -0.442289263010025 0.02514568902552128 0.8965198993682861 9.901908874511719
0.874880313873291 -0.008835244923830032 0.48425865173339844 3.021514654159546 0.019815143197774887 0.9996494054794312 -0.017560310661792755 -0.3260520100593567 -0.483933687210083 0.024958821013569832 0.8747486472129822 10.786606788635254
0.8508119583129883 -0.008762447163462639 0.5253973603248596 3.553168535232544 0.02050643600523472 0.9996529817581177 -0.016535509377717972 -0.35767728090286255 -0.5250701308250427 0.024842632934451103 0.850696325302124 11.660401344299316
0.8253889083862305 -0.009494582191109657 0.564484715461731 4.143293380737305 0.022684361785650253 0.9996089935302734 -0.016355715692043304 -0.3970271348953247 -0.5641086101531982 0.026304809376597404 0.8252815008163452 12.507832527160645
0.7980716824531555 -0.011263306252658367 0.6024571657180786 4.752120494842529 0.026124021038413048 0.9995319843292236 -0.015919484198093414 -0.43001076579093933 -0.6019958853721619 0.02844349481165409 0.797992467880249 13.305801391601562
0.7692748308181763 -0.00996815413236618 0.63884037733078 5.424206733703613 0.026559920981526375 0.9995129108428955 -0.016386840492486954 -0.4634830951690674 -0.6383659243583679 0.029573535546660423 0.7691647410392761 14.126513481140137
0.738742470741272 -0.013284118846058846 0.6738568544387817 6.1018829345703125 0.03168445825576782 0.9993849396705627 -0.015033917501568794 -0.49445629119873047 -0.6732425689697266 0.03245698660612106 0.7387089133262634 14.857306480407715
0.7066929936408997 -0.012624982744455338 0.7074076533317566 6.852414131164551 0.03217732533812523 0.9993798732757568 -0.01430906355381012 -0.5280479192733765 -0.7067882418632507 0.03287460654973984 0.7066609263420105 15.598152160644531
0.6726232767105103 -0.011268062517046928 0.7398993372917175 7.60340690612793 0.03304363042116165 0.9993440508842468 -0.014819909818470478 -0.5634808540344238 -0.7392470836639404 0.03441717475652695 0.6725543737411499 16.28021812438965
0.6369617581367493 -0.01237053144723177 0.7707960605621338 8.408116340637207 0.03798675537109375 0.9991602301597595 -0.015355497598648071 -0.5856252908706665 -0.7699589133262634 0.03906090557575226 0.6368967294692993 16.945587158203125
0.6002220511436462 -0.010617852210998535 0.7997629046440125 9.198385238647461 0.03810245916247368 0.9991561770439148 -0.015330847352743149 -0.6144260764122009 -0.7989253401756287 0.039674848318099976 0.6001201868057251 17.535934448242188
0.5626266002655029 -0.00923249963670969 0.8266594409942627 10.062135696411133 0.040893442928791046 0.9990243911743164 -0.016674647107720375 -0.6428070068359375 -0.8256990909576416 0.043186552822589874 0.5624553561210632 18.121097564697266
0.52372145652771 -0.007330389227718115 0.8518580198287964 10.905868530273438 0.04539613053202629 0.9987823367118835 -0.019314799457788467 -0.6678916215896606 -0.8506790995597839 0.04878663271665573 0.5234165191650391 18.640483856201172
0.48512977361679077 -0.006577853579074144 0.8744174242019653 11.815555572509766 0.047124240547418594 0.9987152814865112 -0.01863180287182331 -0.6962954998016357 -0.8731713891029358 0.05024510249495506 0.4848164916038513 19.134246826171875
0.44666504859924316 -0.008316433988511562 0.8946625590324402 12.717609405517578 0.05265557020902634 0.9984679222106934 -0.01700720563530922 -0.7196567058563232 -0.8931503295898438 0.05470549687743187 0.4464186429977417 19.57917594909668
0.4099861979484558 -0.008977716788649559 0.9120475649833679 13.682072639465332 0.05653443560004234 0.9982790946960449 -0.01558698620647192 -0.745189905166626 -0.9103379249572754 0.05795254930853844 0.4097881317138672 19.996906280517578
0.3749123215675354 -0.006588192190974951 0.9270368814468384 14.619285583496094 0.05810370668768883 0.998175859451294 -0.016404546797275543 -0.7735557556152344 -0.9252376556396484 0.060014545917510986 0.37461113929748535 20.36678695678711
0.3414258658885956 -0.007485310547053814 0.9398788809776306 15.586170196533203 0.05851399898529053 0.9981978535652161 -0.01330636441707611 -0.7990042567253113 -0.9380855560302734 0.05953921377658844 0.3412485420703888 20.71394157409668
0.3078634738922119 -0.009122014045715332 0.9513868093490601 16.592670440673828 0.06088859215378761 0.9980931282043457 -0.010133374482393265 -0.8234668970108032 -0.9494801163673401 0.06104831025004387 0.30783188343048096 21.03512954711914
0.27521446347236633 -0.009003795683383942 0.9613406658172607 17.587364196777344 0.061448995023965836 0.9980762004852295 -0.008243877440690994 -0.8467837572097778 -0.9594170451164246 0.061342254281044006 0.2752382755279541 21.310760498046875
0.2430938482284546 -0.006163051351904869 0.9699831604957581 18.589611053466797 0.058875638991594315 0.9982298016548157 -0.008412682451307774 -0.8696143627166748 -0.9682143330574036 0.05915344879031181 0.24302637577056885 21.56167221069336
0.21213003993034363 -0.004583403002470732 0.9772305488586426 19.6178035736084 0.05857912078499794 0.998250424861908 -0.008033936843276024 -0.8855502009391785 -0.9754840731620789 0.05894956365227699 0.2120274156332016 21.78457260131836
0.18161024153232574 -0.004408180247992277 0.9833606481552124 20.64887237548828 0.060396160930395126 0.9981521368026733 -0.006679674610495567 -0.9045350551605225 -0.9815140962600708 0.06060431897640228 0.18154092133045197 21.97364044189453
0.15085318684577942 -0.004546947777271271 0.9885456562042236 21.714311599731445 0.062022846192121506 0.9980628490447998 -0.004874033387750387 -0.9180635809898376 -0.9866085052490234 0.06204769387841225 0.15084297955036163 22.13113784790039
0.12030245363712311 -0.005271310452371836 0.9927232265472412 22.797094345092773 0.060429081320762634 0.9981704354286194 -0.0020228198263794184 -0.9320648908615112 -0.9908964037895203 0.06023270636796951 0.12040087580680847 22.26169204711914
0.09108755737543106 -0.005726724863052368 0.9958264231681824 23.883785247802734 0.061096251010894775 0.9981318116188049 0.000151552987517789 -0.9465253353118896 -0.9939669370651245 0.06082744523882866 0.09126724302768707 22.35565948486328
0.06398210674524307 -0.005438830237835646 0.9979361891746521 25.005809783935547 0.06369353830814362 0.9979684948921204 0.0013553310418501496 -0.9524053335189819 -0.9959163665771484 0.06347538530826569 0.0641985610127449 22.417781829833984
0.039078690111637115 -0.004950304515659809 0.9992238879203796 26.131492614746094 0.06792120635509491 0.9976880550384521 0.0022863622289150953 -0.9606037735939026 -0.9969249963760376 0.06777913123369217 0.0393245704472065 22.446022033691406
0.01616986282169819 -0.004486558027565479 0.9998591542243958 27.308692932128906 0.07212670147418976 0.9973899126052856 0.0033090347424149513 -0.9645644426345825 -0.9972643852233887 0.07206302881240845 0.016451265662908554 22.459474563598633
-0.004185094963759184 -0.004624314606189728 0.9999806880950928 28.470226287841797 0.07771982252597809 0.9969630241394043 0.004935631062835455 -0.9650437831878662 -0.9969664812088013 0.07773898541927338 -0.003812984796240926 22.451154708862305
-0.021280381828546524 -0.00526439631357789 0.9997597932815552 29.65723419189453 0.08223889023065567 0.9965880513191223 0.006998191587626934 -0.9660235643386841 -0.996385395526886 0.08236806839704514 -0.020774833858013153 22.400888442993164
-0.03699184209108353 -0.005120374727994204 0.9993023872375488 30.869077682495117 0.08541613817214966 0.9963110685348511 0.008266951888799667 -0.9655650854110718 -0.9956583976745605 0.0856623649597168 -0.036418016999959946 22.347003936767578
-0.05129985511302948 -0.0058256410993635654 0.9986662268638611 32.06899642944336 0.0877019464969635 0.9960933327674866 0.010315737687051296 -0.9639275074005127 -0.9948249459266663 0.08811415731906891 -0.05058852955698967 22.2840576171875
-0.06456837803125381 -0.0068837604485452175 0.997889518737793 33.285274505615234 0.08793606609106064 0.9960469007492065 0.012560947798192501 -0.9622081518173218 -0.9940311908721924 0.08856149762868881 -0.06370782107114792 22.201595306396484
-0.07663591206073761 -0.006713793613016605 0.9970364570617676 34.49506759643555 0.08764287084341049 0.996061384677887 0.013443781062960625 -0.9590965509414673 -0.9931997060775757 0.08841343224048615 -0.07574564963579178 22.10809326171875
-0.08785083144903183 -0.003938645124435425 0.9961259961128235 35.71912384033203 0.08776435256004333 0.9960728287696838 0.011678592301905155 -0.955121636390686 -0.9922599792480469 0.08845030516386032 -0.0871601402759552 22.00579833984375
-0.09789622575044632 -0.0004431667330209166 0.995196521282196 36.95570755004883 0.08817516267299652 0.996063232421875 0.009117227979004383 -0.9454333186149597 -0.9912827610969543 0.08864415436983109 -0.09747175872325897 21.880868911743164
-0.10718876123428345 0.002099947538226843 0.994236409664154 38.21466827392578 0.08942718803882599 0.9959648251533508 0.007537560537457466 -0.9390125870704651 -0.9902086853981018 0.0897197350859642 -0.10694403201341629 21.751508712768555
-0.1147087812423706 0.0033462331630289555 0.9933935403823853 39.50864028930664 0.08930813521146774 0.9959796667098999 0.006957611534744501 -0.9290779829025269 -0.9893766641616821 0.08951622247695923 -0.11454645544290543 21.606258392333984
-0.12036526948213577 0.003731868928298354 0.9927225708961487 40.81100845336914 0.08889792859554291 0.9960159063339233 0.0070344144478440285 -0.9283698797225952 -0.9887412786483765 0.08909768611192703 -0.12021748721599579 21.45208740234375
-0.12558822333812714 0.005500358063727617 0.9920673370361328 42.13969421386719 0.0902121439576149 0.9959051012992859 0.005898543167859316 -0.9208263158798218 -0.9879723191261292 0.09023730456829071 -0.1255701780319214 21.29086685180664
-0.1303863823413849 0.006947532761842012 0.9914388656616211 43.47367858886719 0.08899804949760437 0.9960205554962158 0.004724701400846243 -0.9182468056678772 -0.987460732460022 0.0888521745800972 -0.1304858773946762 21.126440048217773
-0.13461145758628845 0.007702503819018602 0.9908686280250549 44.843109130859375 0.08947394788265228 0.9959793090820312 0.004412979818880558 -0.9137425422668457 -0.9868506193161011 0.08925095945596695 -0.13475942611694336 20.949909210205078
-0.13798874616622925 0.006677911151200533 0.9904112815856934 46.23672866821289 0.08877069503068924 0.9960360527038574 0.005652113817632198 -0.9091185927391052 -0.9864475131034851 0.08869943022727966 -0.13803458213806152 20.777488708496094
-0.14042071998119354 0.005021804478019476 0.9900791645050049 47.65468978881836 0.08974312990903854 0.995935320854187 0.0076765576377511024 -0.9003468155860901 -0.9860164523124695 0.08993075042963028 -0.14030063152313232 20.575096130371094
-0.14286480844020844 0.003751167096197605 0.9897351861000061 49.096954345703125 0.08964820206165314 0.9959313273429871 0.009165757335722446 -0.8928400278091431 -0.9856738448143005 0.09003743529319763 -0.14261987805366516 20.369644165039062
-0.1448332667350769 0.0046120285987854 0.9894453287124634 50.50563049316406 0.09216119349002838 0.995704710483551 0.008849186822772026 -0.8870034217834473 -0.9851546287536621 0.09247013181447983 -0.14463618397712708 20.185609817504883
-0.14568540453910828 0.004664191510528326 0.989319920539856 51.94342803955078 0.092058464884758 0.9957141876220703 0.008862016722559929 -0.8750755786895752 -0.9850385785102844 0.09236634522676468 -0.1454903781414032 19.98037338256836
-0.14593777060508728 0.005874849855899811 0.9892763495445251 53.403900146484375 0.09437528997659683 0.9955043792724609 0.00801037810742855 -0.8663070201873779 -0.9847819209098816 0.09453222900629044 -0.14583614468574524 19.763341903686523
-0.1454695612192154 0.006216870620846748 0.9893431663513184 54.89176559448242 0.09405534714460373 0.9955381751060486 0.007573768496513367 -0.8550339937210083 -0.9848817586898804 0.09415477514266968 -0.14540524780750275 19.537517547607422
-0.14515909552574158 0.007598908618092537 0.9893791675567627 56.40160369873047 0.0938916951417923 0.9955635666847229 0.006129138171672821 -0.8511719703674316 -0.984943151473999 0.09378420561552048 -0.14522859454154968 19.325740814208984
-0.1436721235513687 0.007908087223768234 0.9895938038825989 57.93906784057617 0.09463123977184296 0.995495617389679 0.005783591419458389 -0.8385481834411621 -0.985090434551239 0.09447742998600006 -0.14377331733703613 19.099246978759766
-0.14214415848255157 0.0065620471723377705 0.9898242354393005 59.50559616088867 0.09417009353637695 0.9955320358276367 0.006923450622707605 -0.8400853872299194 -0.9853562712669373 0.09419598430395126 -0.14212702214717865 18.879837036132812
-0.1407174915075302 0.007148304954171181 0.9900239109992981 61.080787658691406 0.09506477415561676 0.9954509735107422 0.006324583664536476 -0.8362676501274109 -0.9854750633239746 0.09500637650489807 -0.14075691998004913 18.653255462646484
-0.1398448646068573 0.007864272221922874 0.990142285823822 62.6711311340332 0.09483889490365982 0.9954776167869568 0.005488129798322916 -0.8285059332847595 -0.9856210350990295 0.09467148780822754 -0.13995827734470367 18.43942642211914
-0.138759046792984 0.008489610627293587 0.9902898073196411 64.27835845947266 0.09608279913663864 0.9953610897064209 0.004930000752210617 -0.8272422552108765 -0.9856540560722351 0.09583389759063721 -0.1389310657978058 18.212421417236328
-0.13777218759059906 0.00836871936917305 0.9904285073280334 65.89827728271484 0.0953802615404129 0.9954290390014648 0.004856763873249292 -0.8188748359680176 -0.9858607649803162 0.09513644874095917 -0.13794063031673431 17.986595153808594
-0.1365218311548233 0.007284827530384064 0.9906101822853088 67.55025482177734 0.0974939689040184 0.9952172636985779 0.0061175087466835976 -0.8079088926315308 -0.9858279824256897 0.09741371124982834 -0.13657909631729126 17.751976013183594
-0.13569918274879456 0.005365148186683655 0.9907355308532715 69.2552261352539 0.09930919855833054 0.995022714138031 0.0082138292491436 -0.8015587329864502 -0.9857603311538696 0.0995037630200386 -0.13555657863616943 17.506242752075195
-0.1345262974500656 0.005509136710315943 0.9908947348594666 70.9416732788086 0.1004815623164177 0.994905948638916 0.008110187016427517 -0.8062947988510132 -0.9858022332191467 0.10065768659114838 -0.1343945860862732 17.268875122070312
-0.13399408757686615 0.00845334306359291 0.9909460544586182 72.61954498291016 0.10297056287527084 0.9946695566177368 0.005438401363790035 -0.7884254455566406 -0.9856178760528564 0.10276700556278229 -0.13415028154850006 17.049407958984375
-0.1329713761806488 0.008205489255487919 0.9910858273506165 74.32084655761719 0.10217411071062088 0.994751513004303 0.005472592543810606 -0.786319375038147 -0.9858392477035522 0.10199103504419327 -0.1331118643283844 16.82098388671875
-0.13236695528030396 0.007976917549967766 0.9911686778068542 76.08377075195312 0.10318771004676819 0.9946451187133789 0.0057754479348659515 -0.7868977785110474 -0.9858150482177734 0.10304092615842819 -0.13248126208782196 16.568004608154297
-0.13207286596298218 0.006850301753729582 0.9912163615226746 77.82244873046875 0.10320129990577698 0.9946367144584656 0.006876934785395861 -0.782964825630188 -0.9858530759811401 0.10320307314395905 -0.13207148015499115 16.331985473632812
-0.13187693059444427 0.007115999702364206 0.9912405610084534 79.54002380371094 0.10459718108177185 0.9944915771484375 0.006776513531804085 -0.7808389067649841 -0.9857320785522461 0.10457463562488556 -0.13189482688903809 16.111446380615234
-0.13174165785312653 0.006926852278411388 0.9912598729133606 81.32347869873047 0.1055428609251976 0.9943894743919373 0.007078266702592373 -0.7724214792251587 -0.9856494665145874 0.10555289685726166 -0.13173361122608185 15.86759090423584
-0.1317899376153946 0.008057313971221447 0.991244912147522 83.08651733398438 0.1060352697968483 0.9943441152572632 0.006015304941684008 -0.7673925161361694 -0.9855901598930359 0.10589966922998428 -0.13189895451068878 15.63378620147705
-0.13246183097362518 0.009142758324742317 0.99114590883255 84.89093780517578 0.1057356670498848 0.9943820238113403 0.004958446137607098 -0.7615528106689453 -0.985532283782959 0.10545628517866135 -0.1326843500137329 15.394510269165039
-0.13360390067100525 0.009808124974370003 0.9909862875938416 86.68618774414062 0.1050548180937767 0.9944570660591125 0.004320926498621702 -0.7668527364730835 -0.9854509234428406 0.10468517243862152 -0.13389378786087036 15.15800952911377
-0.13526548445224762 0.010219952091574669 0.9907566905021667 88.49246978759766 0.10407203435897827 0.9945619106292725 0.0039494833908975124 -0.7723642587661743 -0.9853284955024719 0.10364431142807007 -0.1355935037136078 14.927691459655762
-0.13636544346809387 0.009385225363075733 0.990614116191864 90.31583404541016 0.10309693217277527 0.9946598410606384 0.0047685070894658566 -0.7757975459098816 -0.985279381275177 0.10277952998876572 -0.13660480082035065 14.686243057250977
-0.13750436902046204 0.009024993516504765 0.9904599785804749 92.1562271118164 0.10310636460781097 0.994656503200531 0.005250896327197552 -0.776999831199646 -0.9851202368736267 0.10284474492073059 -0.1377001255750656 14.438273429870605
-0.13787870109081268 0.008012082427740097 0.9904167056083679 93.99781036376953 0.10068510472774506 0.9949004650115967 0.005968302488327026 -0.7775487899780273 -0.9853181838989258 0.10054312646389008 -0.13798227906227112 14.183728218078613
-0.13974307477474213 0.00886629894375801 0.9901480674743652 95.83492279052734 0.10045886039733887 0.9949272871017456 0.005269011948257685 -0.7795469760894775 -0.985078752040863 0.1002054437994957 -0.13992486894130707 13.934906959533691
-0.14207668602466583 0.009603294543921947 0.989808976650238 97.71784210205078 0.09977658838033676 0.9949989318847656 0.004668236710131168 -0.7788500785827637 -0.9848140478134155 0.09942301362752914 -0.14232435822486877 13.658008575439453
-0.1462113857269287 0.010620157234370708 0.9891963601112366 99.60419464111328 0.1003270298242569 0.9949458837509155 0.004147282801568508 -0.7751359939575195 -0.9841527938842773 0.09984952956438065 -0.14653794467449188 13.377692222595215
-0.15064668655395508 0.009613612666726112 0.9885408878326416 101.48649597167969 0.09812533110380173 0.9951600432395935 0.005275622941553593 -0.7764151692390442 -0.9837056994438171 0.09779565781354904 -0.15086087584495544 13.100297927856445
-0.15539328753948212 0.008926627226173878 0.9878122210502625 103.38558197021484 0.09666001796722412 0.9952980875968933 0.006211365573108196 -0.7774758338928223 -0.9831122756004333 0.0964471623301506 -0.15552550554275513 12.810070991516113
-0.15982894599437714 0.009449557401239872 0.9870994687080383 105.2851333618164 0.09533125162124634 0.9954280853271484 0.005906535778194666 -0.7829926013946533 -0.9825307726860046 0.09504546225070953 -0.1599990576505661 12.50668716430664
-0.16438378393650055 0.011180118657648563 0.9863330721855164 107.2085189819336 0.09628069400787354 0.9953428506851196 0.004764043726027012 -0.78680819272995 -0.9816862940788269 0.09574796259403229 -0.1646946519613266 12.182731628417969
-0.16913197934627533 0.012995129451155663 0.9855078458786011 109.14588165283203 0.09584415704011917 0.9953908324241638 0.0033232441637665033 -0.7931687831878662 -0.9809221625328064 0.09501722455024719 -0.16959796845912933 11.859893798828125
-0.1738843023777008 0.01296740397810936 0.9846806526184082 111.07267761230469 0.09476740658283234 0.9954929351806641 0.003625140292569995 -0.8048697710037231 -0.9801955819129944 0.09394599497318268 -0.17432944476604462 11.528892517089844
-0.17869816720485687 0.012863455340266228 0.9838197827339172 113.03367614746094 0.09301325678825378 0.9956573247909546 0.0038764241617172956 -0.8077379465103149 -0.9794975519180298 0.09220098704099655 -0.1791185885667801 11.176677703857422
-0.1830998808145523 0.012292415834963322 0.9830175042152405 114.9992446899414 0.09142027050256729 0.9958018660545349 0.004575940780341625 -0.8116816878318787 -0.9788343906402588 0.09070558100938797 -0.1834549903869629 10.805191040039062
-0.1888236552476883 0.011537512764334679 0.9819432497024536 116.94120025634766 0.09009925276041031 0.9959169030189514 0.005624018609523773 -0.8141206502914429 -0.9778689742088318 0.08953429758548737 -0.18909220397472382 10.442024230957031
-0.19399237632751465 0.011554108001291752 0.9809349775314331 118.91990661621094 0.09081897884607315 0.9958480000495911 0.006230844650417566 -0.8153783082962036 -0.9767900705337524 0.09029624611139297 -0.19423621892929077 10.051078796386719
-0.19935539364814758 0.012828228063881397 0.9798431992530823 120.8700942993164 0.09107816219329834 0.9958285689353943 0.005492920987308025 -0.8175906538963318 -0.9756854772567749 0.0903373658657074 -0.19969215989112854 9.661455154418945
-0.2046433389186859 0.013980505988001823 0.9787366390228271 122.83187103271484 0.09080198407173157 0.9958575367927551 0.00476065231487155 -0.8210777044296265 -0.9746158719062805 0.08984547853469849 -0.2050650417804718 9.258243560791016
-0.21036012470722198 0.013783758506178856 0.9775267839431763 124.8101806640625 0.09113084524869919 0.995823323726654 0.00556927127763629 -0.8179951906204224 -0.9733671545982361 0.09025440365076065 -0.21073763072490692 8.846553802490234
-0.21600905060768127 0.013739225454628468 0.9762946963310242 126.79479217529297 0.0899018943309784 0.9959332346916199 0.005875547882169485 -0.8159752488136292 -0.9722436666488647 0.0890398919582367 -0.216365784406662 8.419328689575195
-0.2211938053369522 0.014535591937601566 0.9751215577125549 128.77764892578125 0.08921566605567932 0.9959976673126221 0.005390645936131477 -0.8142293691635132 -0.971140444278717 0.08818849921226501 -0.2216053605079651 7.974996566772461
-0.22661253809928894 0.015171218663454056 0.9738668203353882 130.7830810546875 0.08830854296684265 0.9960804581642151 0.0050315554253757 -0.8161927461624146 -0.9699733257293701 0.08714096248149872 -0.22706404328346252 7.528284072875977
-0.2311202734708786 0.014555913396179676 0.9728164076805115 132.7700958251953 0.08939968794584274 0.9959756731987 0.006337005645036697 -0.8160440921783447 -0.9688091278076172 0.08843407034873962 -0.23149149119853973 7.0638580322265625
-0.23470234870910645 0.014778940007090569 0.9719549417495728 134.7745819091797 0.09191448986530304 0.9957420229911804 0.007054380606859922 -0.8074572682380676 -0.9677119851112366 0.09099242836236954 -0.23506133258342743 6.574136734008789
-0.2383979856967926 0.015483387745916843 0.9710440635681152 136.796142578125 0.09320612251758575 0.9956220984458923 0.007007455453276634 -0.809675395488739 -0.9666845202445984 0.09217782318592072 -0.23879748582839966 6.084810256958008
-0.2415907233953476 0.016115767881274223 0.9702444076538086 138.8089599609375 0.09348802268505096 0.9955976009368896 0.006741616874933243 -0.8093786239624023 -0.965864360332489 0.09233492612838745 -0.24203374981880188 5.587024688720703
-0.24538178741931915 0.016111325472593307 0.9692926406860352 140.85340881347656 0.09271001815795898 0.9956691265106201 0.006920304615050554 -0.8088919520378113 -0.964983344078064 0.09156124293804169 -0.24581272900104523 5.085086822509766
-0.24888820946216583 0.01659146510064602 0.9683901071548462 142.87313842773438 0.09129492938518524 0.9958032965660095 0.006402794271707535 -0.814206600189209 -0.9642197489738464 0.09000269323587418 -0.2493584305047989 4.565532684326172
-0.2538488805294037 0.01741572842001915 0.9670871496200562 144.9022216796875 0.09065873175859451 0.995864748954773 0.005862869322299957 -0.8193208575248718 -0.9629858136177063 0.0891631692647934 -0.2543780505657196 4.047412872314453
-0.2579612135887146 0.016459625214338303 0.9660150408744812 146.93080139160156 0.0887599065899849 0.9960302710533142 0.006731083616614342 -0.8246644139289856 -0.9620695114135742 0.08747975528240204 -0.2583981454372406 3.5114898681640625
-0.2625278830528259 0.017005018889904022 0.9647745490074158 148.9591064453125 0.08906811475753784 0.9960031509399414 0.006681158673018217 -0.8255229592323303 -0.9608048796653748 0.08768464624881744 -0.2629932165145874 2.9648056030273438
-0.26730436086654663 0.017227256670594215 0.9634580612182617 151.01123046875 0.08823523670434952 0.9960773587226868 0.006669706664979458 -0.8290973901748657 -0.9595639109611511 0.08679379522800446 -0.26777583360671997 2.4085121154785156
-0.2723267674446106 0.017391186207532883 0.9620476365089417 153.0648193359375 0.08783388882875443 0.9961115121841431 0.0068561662919819355 -0.8300236463546753 -0.9581875205039978 0.08636750280857086 -0.2727953791618347 1.8451156616210938
-0.2768170237541199 0.01681029051542282 0.96077561378479 155.10719299316406 0.08779217302799225 0.9961077570915222 0.007866047322750092 -0.8342328071594238 -0.9569038152694702 0.08652603626251221 -0.27721545100212097 1.2658843994140625
-0.2815608084201813 0.01689504086971283 0.959394633769989 157.16635131835938 0.08831070363521576 0.9960578680038452 0.008376534096896648 -0.8341394662857056 -0.9554709196090698 0.08708333969116211 -0.28194284439086914 0.6813201904296875
-0.28584396839141846 0.017420198768377304 0.9581178426742554 159.24549865722656 0.08895312994718552 0.9960001707077026 0.008429224602878094 -0.8358330726623535 -0.9541386365890503 0.0876370221376419 -0.28625017404556274 0.07465744018554688
-0.289577454328537 0.01880158856511116 0.9569700360298157 161.3105010986328 0.08941246569156647 0.9959666728973389 0.007488303817808628 -0.8316770792007446 -0.9529691338539124 0.08773347735404968 -0.2900906205177307 -0.5430183410644531
-0.293407678604126 0.020320003852248192 0.9557714462280273 163.3712158203125 0.08934595435857773 0.9959810376167297 0.006253009662032127 -0.8349112868309021 -0.9518031477928162 0.08722899854183197 -0.29404398798942566 -1.1624374389648438
-0.2971864640712738 0.021489446982741356 0.954577624797821 165.46792602539062 0.08986479043960571 0.9959384202957153 0.005556839983910322 -0.8352674245834351 -0.9505811333656311 0.087434321641922 -0.2979106307029724 -1.8001670837402344
-0.30073946714401245 0.022186724469065666 0.9534482359886169 167.5530242919922 0.08944515883922577 0.9959790110588074 0.005036649294197559 -0.8393251895904541 -0.9495026469230652 0.08679606765508652 -0.30151474475860596 -2.4474716186523438
-0.30464521050453186 0.02226041816174984 0.9522057175636292 169.6527862548828 0.08973705768585205 0.9959506988525391 0.00542706111446023 -0.8455899357795715 -0.948229193687439 0.08710147440433502 -0.30540919303894043 -3.1038665771484375
-0.3087891638278961 0.02220144309103489 0.950871467590332 171.73130798339844 0.08920229226350784 0.9959971308708191 0.005712779704481363 -0.8508185744285583 -0.9469383358955383 0.0865839496254921 -0.3095335066318512 -3.756793975830078
-0.3125385046005249 0.023450715467333794 0.9496155381202698 173.80418395996094 0.09183049201965332 0.9957587122917175 0.005633135791867971 -0.8564757704734802 -0.94545578956604 0.08896424621343613 -0.31336653232574463 -4.443607330322266
-0.3156207799911499 0.023697972297668457 0.9485894441604614 175.9068603515625 0.093605175614357 0.995589554309845 0.006272771395742893 -0.8563278913497925 -0.9442571401596069 0.09077270328998566 -0.31644707918167114 -5.142627716064453
-0.31807267665863037 0.023362884297966957 0.9477784037590027 177.95822143554688 0.0946497768163681 0.9954844117164612 0.007225442677736282 -0.8602941036224365 -0.9433298707008362 0.09200524538755417 -0.3188475966453552 -5.827430725097656
-0.32101771235466003 0.022955672815442085 0.9467949271202087 180.05160522460938 0.0942450538277626 0.9955183267593384 0.007817460224032402 -0.8558894395828247 -0.9423722624778748 0.09174027293920517 -0.3217424154281616 -6.535015106201172
-0.323824405670166 0.023568708449602127 0.945823609828949 182.15391540527344 0.09342268109321594 0.995600700378418 0.007176319137215614 -0.8567295074462891 -0.9414934515953064 0.09068525582551956 -0.3246017098426819 -7.247108459472656
-0.32678744196891785 0.02544468455016613 0.9447552561759949 184.25775146484375 0.09267358481884003 0.9956827759742737 0.005239174235612154 -0.8593026995658875 -0.9405432343482971 0.08926595002412796 -0.32773473858833313 -7.966197967529297
-0.32990822196006775 0.0278159286826849 0.9436030387878418 186.3760986328125 0.09259654581546783 0.9956990480422974 0.00302252359688282 -0.8582609295845032 -0.9394608736038208 0.08837153017520905 -0.33106496930122375 -8.70151138305664
-0.33269166946411133 0.02862737514078617 0.9426010847091675 188.48683166503906 0.09188644587993622 0.9957669973373413 0.0021893156226724386 -0.8750871419906616 -0.9385484457015991 0.08734061568975449 -0.33391380310058594 -9.445568084716797
-0.3365601599216461 0.029540954157710075 0.9411984086036682 190.65501403808594 0.09003593027591705 0.9959380626678467 0.0009366253507323563 -0.8819224834442139 -0.9373478889465332 0.08505692332983017 -0.3378528356552124 -10.202411651611328
-0.3399098813533783 0.030228564515709877 0.9399721026420593 192.78895568847656 0.09124191105365753 0.9958282113075256 0.000969780026935041 -0.8925817012786865 -0.9360213875770569 0.08609449118375778 -0.3412499725818634 -10.98074722290039
-0.34402069449424744 0.028999069705605507 0.9385141134262085 194.96356201171875 0.09038745611906052 0.9959039092063904 0.0023599686101078987 -0.905049204826355 -0.9346014261245728 0.0856417715549469 -0.34523266553878784 -11.757217407226562
-0.3471008539199829 0.028430933132767677 0.937396764755249 197.11834716796875 0.09049559384584427 0.9958913922309875 0.003303804202005267 -0.9164456725120544 -0.9334514141082764 0.08597702533006668 -0.34824761748313904 -12.559898376464844
-0.35110366344451904 0.028374502435326576 0.9359065890312195 199.28057861328125 0.09027498960494995 0.995910108089447 0.003672834252938628 -0.9215319156646729 -0.9319745898246765 0.08577849715948105 -0.35222920775413513 -13.362781524658203
-0.3545479476451874 0.029021838679909706 0.9345874786376953 201.43020629882812 0.08990402519702911 0.9959452748298645 0.0031790630891919136 -0.9255120754241943 -0.9307056665420532 0.08515027165412903 -0.35571959614753723 -14.17061996459961
-0.35847195982933044 0.029256636276841164 0.9330819249153137 203.59310913085938 0.08885928988456726 0.996039867401123 0.0029073385521769524 -0.9436343908309937 -0.9293018579483032 0.08395520597696304 -0.359652042388916 -14.993194580078125
-0.36213380098342896 0.029926860705018044 0.9316455721855164 205.77737426757812 0.08845533430576324 0.996077299118042 0.002386321546509862 -0.9518969655036926 -0.9279195666313171 0.08327318727970123 -0.3633604943752289 -15.826087951660156
-0.3648874759674072 0.030575722455978394 0.9305494427680969 207.88404846191406 0.0901518389582634 0.995924711227417 0.002626581583172083 -0.9757549166679382 -0.9266767501831055 0.08484916388988495 -0.36615681648254395 -16.650970458984375
-0.36730459332466125 0.030471861362457275 0.9296013712882996 210.02490234375 0.0912480279803276 0.9958223700523376 0.0034114187583327293 -0.9907430410385132 -0.9256138205528259 0.08607731759548187 -0.3685506284236908 -17.497894287109375
-0.3698636293411255 0.03011143021285534 0.9285979866981506 212.20379638671875 0.09282186627388 0.9956716299057007 0.004684844519942999 -1.0014572143554688 -0.9244375824928284 0.0879269689321518 -0.3710577189922333 -18.370380401611328
-0.37246939539909363 0.030982445925474167 0.9275271892547607 214.37940979003906 0.0940774530172348 0.9955547451972961 0.00452412897720933 -1.0122073888778687 -0.9232637882232666 0.08894450217485428 -0.37372830510139465 -19.244041442871094
-0.37532931566238403 0.031946614384651184 0.9263408184051514 216.56448364257812 0.09433919936418533 0.9955325126647949 0.0038909895811229944 -1.024192452430725 -0.922078013420105 0.08885066211223602 -0.376666396856308 -20.122615814208984
-0.3781217336654663 0.031981803476810455 0.9252032041549683 218.7504425048828 0.09369035065174103 0.9955938458442688 0.003875323571264744 -1.038517951965332 -0.9210027456283569 0.08814796805381775 -0.37945201992988586 -21.006271362304688
-0.38113975524902344 0.033595796674489975 0.9239068031311035 220.92660522460938 0.0936184898018837 0.9956052303314209 0.002417544135823846 -1.053368330001831 -0.919765055179596 0.08741619437932968 -0.38260993361473083 -21.894920349121094
-0.38411256670951843 0.03458073362708092 0.922638475894928 223.1162872314453 0.09341797977685928 0.9956257343292236 0.0015754223568364978 -1.0689277648925781 -0.9185481071472168 0.08679616451263428 -0.38566282391548157 -22.799598693847656
-0.3864315450191498 0.03480499982833862 0.9216611385345459 225.28675842285156 0.09158644080162048 0.9957967400550842 0.0007954901666380465 -1.0864053964614868 -0.9177595376968384 0.08471903949975967 -0.3879949748516083 -23.70096206665039
-0.38944971561431885 0.035641901195049286 0.9203577637672424 227.45587158203125 0.0924723893404007 0.9957150816917419 0.0005695346626453102 -1.10774564743042 -0.9163938164710999 0.08532950282096863 -0.3910767734050751 -24.613388061523438
-0.39185911417007446 0.035350196063518524 0.9193458557128906 229.60633850097656 0.09398651868104935 0.9955717921257019 0.0017793315928429365 -1.1300686597824097 -0.9152119755744934 0.08710338920354843 -0.3934463560581207 -25.531410217285156
-0.3947000801563263 0.03441067412495613 0.9181653261184692 231.7760467529297 0.0943465530872345 0.9955341219902039 0.0032473444007337093 -1.1489813327789307 -0.9139532446861267 0.08790747076272964 -0.39618396759033203 -26.45694351196289
-0.39775511622428894 0.03417198359966278 0.9168550372123718 233.9010467529297 0.0934128388762474 0.9956217408180237 0.003417194588109851 -1.1610467433929443 -0.9127238988876343 0.08700524270534515 -0.39920568466186523 -27.373371124267578
-0.40062662959098816 0.034284695982933044 0.9155996441841125 236.02845764160156 0.09224706143140793 0.9957315325737 0.0030780844390392303 -1.1821073293685913 -0.9115858674049377 0.0856945738196373 -0.40207913517951965 -28.303367614746094
-0.40435120463371277 0.03383399173617363 0.9139778017997742 238.22146606445312 0.0907728523015976 0.9958661794662476 0.0032932686153799295 -1.194305181503296 -0.9100881218910217 0.08429598808288574 -0.40575090050697327 -29.259357452392578
-0.4080727696418762 0.03343227878212929 0.912337064743042 240.38645935058594 0.09016533195972443 0.9959193468093872 0.0038342850748449564 -1.2088346481323242 -0.908486008644104 0.08382584899663925 -0.40942201018333435 -30.209800720214844
-0.41169604659080505 0.03375463932752609 0.9106957912445068 242.54359436035156 0.08995367586612701 0.9959390163421631 0.0037510101683437824 -1.22658371925354 -0.9068708419799805 0.08346474170684814 -0.4130604863166809 -31.179061889648438
-0.41519761085510254 0.03317193314433098 0.9091261625289917 244.69009399414062 0.08922819048166275 0.9960014820098877 0.004408678039908409 -1.2451403141021729 -0.9053448438644409 0.082950159907341 -0.4164973497390747 -32.15241241455078
-0.41927793622016907 0.032726988196372986 0.9072678089141846 246.85458374023438 0.08795299381017685 0.9961134791374207 0.004714112728834152 -1.2574524879455566 -0.9035874605178833 0.08177344501018524 -0.4205268919467926 -33.13038635253906
-0.42305678129196167 0.032947324216365814 0.9055039882659912 248.97833251953125 0.08745251595973969 0.9961580038070679 0.004612509626895189 -1.2668873071670532 -0.9018730521202087 0.0811399519443512 -0.4243127405643463 -34.111846923828125
-0.4266830384731293 0.033782538026571274 0.9037700295448303 251.13284301757812 0.08784817904233932 0.9961248636245728 0.004239686299115419 -1.2863388061523438 -0.9001246094703674 0.08120355010032654 -0.42799732089042664 -35.11665344238281
-0.4300195872783661 0.03428644686937332 0.9021682739257812 253.24130249023438 0.08828040957450867 0.9960867166519165 0.004223201889544725 -1.3078442811965942 -0.8984929323196411 0.08145986497402191 -0.43136364221572876 -36.11725616455078
-0.4333576560020447 0.03404569253325462 0.9005787372589111 255.38888549804688 0.08823512494564056 0.9960880875587463 0.004802308976650238 -1.3239991664886475 -0.8968923687934875 0.08154380321502686 -0.43466636538505554 -37.14549255371094
-0.4370410442352295 0.03445598483085632 0.8987813591957092 257.5094909667969 0.08699556440114975 0.9962001442909241 0.004111763555556536 -1.3378897905349731 -0.8952244520187378 0.07998701184988022 -0.4383779466152191 -38.16192626953125
-0.4402402639389038 0.03491857275366783 0.8972007632255554 259.6390686035156 0.08730560541152954 0.9961732625961304 0.004068742971867323 -1.3486762046813965 -0.8936254978179932 0.08012189716100693 -0.4416041076183319 -39.209144592285156
-0.4436567723751068 0.03559023141860962 0.8954897522926331 261.764892578125 0.08797725290060043 0.9961144924163818 0.00399754149839282 -1.3492894172668457 -0.8918680548667908 0.08055625110864639 -0.44506406784057617 -40.25586700439453
-0.4470323324203491 0.037367988377809525 0.8937369585037231 263.8922119140625 0.08989240229129791 0.995945930480957 0.003321233903989196 -1.3561699390411377 -0.8899895548820496 0.08182484656572342 -0.4485791325569153 -41.313385009765625
-0.45078665018081665 0.03920770436525345 0.8917701840400696 266.0269775390625 0.09173828363418579 0.9957797527313232 0.002592784585431218 -1.3679611682891846 -0.8879050016403198 0.0829782634973526 -0.4524811804294586 -42.384002685546875
-0.454073965549469 0.03974226862192154 0.8900771737098694 268.1676025390625 0.09325357526540756 0.9956375360488892 0.00311785819940269 -1.3880902528762817 -0.8860703110694885 0.08441861718893051 -0.45579925179481506 -43.471229553222656
-0.4570528566837311 0.042107559740543365 0.8884423971176147 270.294189453125 0.09515776485204697 0.9954606294631958 0.0017735754372552037 -1.392008900642395 -0.8843346238136292 0.08535279333591461 -0.45898503065109253 -44.565948486328125
