1.0 0.0 0.0 0.0 0.0 1.0 0.0 0.0 0.0 0.0 1.0 0.0
0.9990378618240356 -3.7513636925723404e-05 0.043856073170900345 0.04590379819273949 0.0001388626405969262 0.9999972581863403 -0.0023079041857272387 -0.02120753563940525 -0.04385586455464363 0.0023117733653634787 0.9990351796150208 1.043074131011963
0.9960175156593323 -0.004469659179449081 0.08904595673084259 0.1335468590259552 0.005151285324245691 0.9999591708183289 -0.007426430005580187 -0.03685059770941734 -0.0890091136097908 0.007855555973947048 0.9959997534751892 2.0756278038024902
0.9908514022827148 -0.003910096362233162 0.13490034639835358 0.26479628682136536 0.005526916589587927 0.9999172687530518 -0.011612876318395138 -0.05773371830582619 -0.13484376668930054 0.012252218089997768 0.9907910823822021 3.0843727588653564
0.983501672744751 -0.0009729203302413225 0.18089628219604492 0.44817793369293213 0.0034759349655359983 0.9999025464057922 -0.013520247302949429 -0.09629436582326889 -0.18086552619934082 0.01392596960067749 0.9834092259407043 4.111144542694092
0.973987340927124 -0.003582023549824953 0.2265741229057312 0.6864285469055176 0.006790454033762217 0.9998874068260193 -0.013382802717387676 -0.1283322125673294 -0.22650066018104553 0.014573220163583755 0.9739019274711609 5.113705158233643
0.9622918963432312 -0.004027495160698891 0.2719891667366028 0.9592167139053345 0.008354543708264828 0.9998562932014465 -0.014752774499356747 -0.15759585797786713 -0.2718906104564667 0.016468819230794907 0.9621872305870056 6.1267170906066895
0.9487543702125549 -0.006758050061762333 0.3159419894218445 1.2859020233154297 0.012886660173535347 0.9997670650482178 -0.0173126682639122 -0.19276650249958038 -0.31575143337249756 0.020496908575296402 0.9486205577850342 7.107466220855713
0.9335994124412537 -0.00842074491083622 0.35821956396102905 1.660035490989685 0.016369525343179703 0.9996823668479919 -0.019162839278578758 -0.22436287999153137 -0.35794445872306824 0.0237543024122715 0.9334406852722168 8.06252384185791
0.9163671135902405 -0.008694461546838284 0.40024441480636597 2.073491096496582 0.018234161660075188 0.9996330142021179 -0.020032547414302826 -0.2560158371925354 -0.39992332458496094 0.025655290111899376 0.916189432144165 8.99494743347168
0.8967589735984802 -0.008910084143280983 0.4424295723438263 2.5182785987854004 0.019065210595726967 0.9996468424797058 -0.01851133070886135 -0.29200899600982666 -0.4421083331108093 0.02503521554172039 0.8966122269630432 9.898431777954102
0.8750197887420654 -0.00877009704709053 0.48400768637657166 3.015803813934326 0.019671089947223663 0.999654233455658 -0.017449168488383293 -0.33543455600738525 -0.48368731141090393 0.024789322167634964 0.8748897314071655 10.784560203552246
0.8510745167732239 -0.00902052316814661 0.52496737241745 3.5488696098327637 0.02068801037967205 0.999652087688446 -0.016362264752388 -0.3708321154117584 -0.5246371030807495 0.02478603646159172 0.8509650230407715 11.658912658691406
0.8256998658180237 -0.009761808440089226 0.5640250444412231 4.132267475128174 0.022839380428195 0.9996088743209839 -0.016134893521666527 -0.41141098737716675 -0.5636469721794128 0.026204565539956093 0.8255999088287354 12.482006072998047
0.7983080744743347 -0.011321608908474445 0.602142870426178 4.748298645019531 0.026053819805383682 0.9995364546775818 -0.015748104080557823 -0.4432947337627411 -0.6016855239868164 0.028259962797164917 0.7982329726219177 13.305228233337402
0.7694647312164307 -0.01009658258408308 0.6386094689369202 5.39683198928833 0.026523923501372337 0.9995177388191223 -0.016156211495399475 -0.4778686463832855 -0.6381382942199707 0.02937006950378418 0.7693612575531006 14.0887451171875
0.7389604449272156 -0.013267995789647102 0.6736181378364563 6.073789119720459 0.031315021216869354 0.9994019865989685 -0.014667806215584278 -0.5124424695968628 -0.6730206608772278 0.03193329647183418 0.7389339208602905 14.82025146484375
0.7069692611694336 -0.012493559159338474 0.707133948802948 6.807534217834473 0.03165328875184059 0.9994009733200073 -0.013988615944981575 -0.5423542261123657 -0.7065355777740479 0.03227262943983078 0.7069413065910339 15.54465389251709
0.6727917194366455 -0.01104016788303852 0.739749550819397 7.5608038902282715 0.032505158334970474 0.9993641972541809 -0.014648272655904293 -0.576945424079895 -0.7391175031661987 0.0339009128510952 0.6727229356765747 16.231298446655273
0.6373077630996704 -0.012450650334358215 0.7705088257789612 8.338552474975586 0.037221066653728485 0.9991998076438904 -0.014640433713793755 -0.605340838432312 -0.7697100043296814 0.03800962120294571 0.6372612118721008 16.86962127685547
0.6004557609558105 -0.010648704133927822 0.7995869517326355 9.118197441101074 0.037255819886922836 0.9991980791091919 -0.014670460484921932 -0.6346633434295654 -0.7987896800041199 0.038598231971263885 0.6003710627555847 17.455196380615234
0.5626007914543152 -0.009434872306883335 0.8266748189926147 9.944939613342285 0.040106553584337234 0.9990690350532532 -0.015892451629042625 -0.6649872660636902 -0.8257552981376648 0.04209618270397186 0.5624555349349976 18.021190643310547
0.5236071348190308 -0.0078122601844370365 0.8519240021705627 10.793238639831543 0.04467594251036644 0.9988338947296143 -0.01829916052520275 -0.6945069432258606 -0.8507876396179199 0.04764207825064659 0.5233455896377563 18.5356388092041
0.4847409427165985 -0.006575606297701597 0.8746330142021179 11.657761573791504 0.04608449339866638 0.9987747669219971 -0.018032126128673553 -0.7153517603874207 -0.8734427690505981 0.04904793202877045 0.4844500720500946 19.01725959777832
0.4462050199508667 -0.008588575758039951 0.8948895335197449 12.545989036560059 0.05107160285115242 0.9985687136650085 -0.015881424769759178 -0.744787871837616 -0.8934723138809204 0.05278981477022171 0.44600507616996765 19.439481735229492
0.4094642996788025 -0.009109564125537872 0.9122806787490845 13.467982292175293 0.05481303483247757 0.9983894228935242 -0.014632659032940865 -0.771299421787262 -0.910677969455719 0.055996429175138474 0.40930411219596863 19.840234756469727
0.3743976652622223 -0.0067524355836212635 0.9272436499595642 14.406140327453613 0.05645598843693733 0.9982842803001404 -0.015525737777352333 -0.7977398633956909 -0.9255480170249939 0.05816125124692917 0.3741365671157837 20.207958221435547
0.3409614861011505 -0.007646768819540739 0.9400460720062256 15.36083698272705 0.05685635283589363 0.998304009437561 -0.012501543387770653 -0.8207710385322571 -0.938356339931488 0.05771013721823692 0.34081804752349854 20.55571746826172
0.30769678950309753 -0.009076392278075218 0.9514411687850952 16.348249435424805 0.0593290776014328 0.9981917142868042 -0.009664694778621197 -0.8424715995788574 -0.9496328830718994 0.05942192301154137 0.30767887830734253 20.868412017822266
0.27510496973991394 -0.008940943516790867 0.9613726139068604 17.343881607055664 0.06012595072388649 0.9981593489646912 -0.007922489196062088 -0.859198272228241 -0.9595322608947754 0.059982962906360626 0.27513617277145386 21.14668083190918
0.24281617999076843 -0.006127175409346819 0.9700528979301453 18.34206199645996 0.05739332735538483 0.9983190298080444 -0.008060543797910213 -0.8806459307670593 -0.9683729410171509 0.05763179808855057 0.24275968968868256 21.402799606323242
0.2120215892791748 -0.004610021132975817 0.9772540330886841 19.37192726135254 0.05744633451104164 0.9983184933662415 -0.007753963116556406 -0.8949636816978455 -0.9755750894546509 0.05778367444872856 0.21192988753318787 21.627164840698242
0.18168821930885315 -0.004426330793648958 0.9833462238311768 20.40150260925293 0.05920735001564026 0.9982250332832336 -0.006446157582104206 -0.9149425625801086 -0.981572151184082 0.059392523020505905 0.1816277801990509 21.814611434936523
0.1510385125875473 -0.0048330407589674 0.988516092300415 21.467058181762695 0.06081380322575569 0.9981393814086914 -0.0044118440710008144 -0.9311032295227051 -0.9866554737091064 0.06078178063035011 0.15105140209197998 21.976457595825195
0.12078792601823807 -0.005270576104521751 0.9926643371582031 22.5655517578125 0.05935456603765488 0.9982350468635559 -0.001922141294926405 -0.9383071064949036 -0.9909021854400635 0.05915133282542229 0.12088759243488312 22.1047306060791
0.09163940697908401 -0.0057800570502877235 0.9957754015922546 23.648996353149414 0.05979752913117409 0.9982104897499084 0.00029113216442056 -0.9530670046806335 -0.9939951300621033 0.059518229216337204 0.09182105958461761 22.197338104248047
0.06500604748725891 -0.005340834613889456 0.9978705644607544 24.771669387817383 0.06289727240800858 0.9980192184448242 0.0012442001607269049 -0.9531837105751038 -0.9959006905555725 0.06268247216939926 0.06521322578191757 22.25436019897461
0.04001603648066521 -0.004867447540163994 0.999187171459198 25.8944091796875 0.06689108163118362 0.9977579116821289 0.002181591698899865 -0.9584317803382874 -0.996957540512085 0.06674941629171371 0.04025190323591232 22.285179138183594
0.017610693350434303 -0.004052887670695782 0.9998366236686707 27.07752799987793 0.07130274921655655 0.9974508285522461 0.0027873206418007612 -0.953914225101471 -0.9972992539405823 0.07124203443527222 0.017854778096079826 22.299230575561523
-0.0027621148619800806 -0.004208351951092482 0.9999872446060181 28.240522384643555 0.0767396092414856 0.9970413446426392 0.004407920874655247 -0.9553826451301575 -0.9970473647117615 0.07675080001354218 -0.0024309963919222355 22.297521591186523
-0.01999933458864689 -0.004949118010699749 0.9997877478599548 29.433759689331055 0.08156038075685501 0.9966467618942261 0.006565068382769823 -0.9545698165893555 -0.996467649936676 0.08167436718940735 -0.019528618082404137 22.252788543701172
-0.035652004182338715 -0.004534942097961903 0.9993541240692139 30.64585304260254 0.0845130905508995 0.9963938593864441 0.007536518387496471 -0.951470673084259 -0.995784342288971 0.08472718298435211 -0.03514017164707184 22.20060157775879
-0.049934159964323044 -0.005403116345405579 0.9987378120422363 31.84923553466797 0.0864713117480278 0.9962069988250732 0.009712754748761654 -0.9496340155601501 -0.9950021505355835 0.08684719353914261 -0.04927754029631615 22.14249038696289
-0.06282413005828857 -0.00618582870811224 0.9980054497718811 33.05885696411133 0.08713920414447784 0.9961279034614563 0.011659577488899231 -0.9435394406318665 -0.9942132234573364 0.08769790083169937 -0.06204184517264366 22.043039321899414
-0.07446011900901794 -0.006111382506787777 0.9972052574157715 34.25615310668945 0.0867156833410263 0.9961536526679993 0.012579894624650478 -0.9390808939933777 -0.9934465885162354 0.08741007000207901 -0.0736437663435936 21.951618194580078
-0.0859670490026474 -0.0032738407608121634 0.9962925910949707 35.479103088378906 0.08636800944805145 0.9962055683135986 0.01072598621249199 -0.9347258806228638 -0.992547333240509 0.08696987479925156 -0.08535809814929962 21.857128143310547
-0.09623527526855469 -2.94219335046364e-05 0.9953587055206299 36.7177734375 0.08666098862886429 0.996202290058136 0.008408179506659508 -0.9268545508384705 -0.9915788769721985 0.08706791698932648 -0.09586726874113083 21.737730026245117
-0.10565566271543503 0.0024866433814167976 0.9943996667861938 37.97583770751953 0.08798693865537643 0.9960980415344238 0.006857783999294043 -0.923753023147583 -0.9905024766921997 0.08821874856948853 -0.10546218603849411 21.616119384765625
-0.11366670578718185 0.0036881519481539726 0.9935120940208435 39.26924133300781 0.08772604167461395 0.9961243867874146 0.006338797509670258 -0.9150549173355103 -0.9896383285522461 0.08787740021944046 -0.11354973167181015 21.491655349731445
-0.11905345320701599 0.004145348444581032 0.9928792119026184 40.58143997192383 0.08728837221860886 0.9961631298065186 0.006307452917098999 -0.912286102771759 -0.9890434741973877 0.08741773664951324 -0.118958480656147 21.326168060302734
-0.12429394572973251 0.005851737689226866 0.9922282099723816 41.90419006347656 0.08856788277626038 0.9960564374923706 0.005220363382250071 -0.9070975184440613 -0.9882847666740417 0.08852840214967728 -0.1243220642209053 21.168153762817383
-0.1293424516916275 0.00723253283649683 0.9915736317634583 43.255897521972656 0.08729362487792969 0.9961740970611572 0.00412063067778945 -0.9063444137573242 -0.9877501726150513 0.08709102869033813 -0.12947891652584076 21.00371551513672
-0.13356968760490417 0.008016377687454224 0.9910070896148682 44.62565994262695 0.08809468150138855 0.9961047172546387 0.00381594430655241 -0.9025709629058838 -0.9871162176132202 0.08781213313341141 -0.13375559449195862 20.825803756713867
-0.1367148607969284 0.007312779314815998 0.9905834197998047 46.02877426147461 0.08742691576480865 0.9961597323417664 0.004712234251201153 -0.8950899839401245 -0.9867449402809143 0.08724788576364517 -0.1368291825056076 20.64838218688965
-0.13975051045417786 0.005362099502235651 0.9901722073554993 47.46166229248047 0.08801194280385971 0.9960946440696716 0.0070276204496622086 -0.8901106119155884 -0.9862675666809082 0.08812909573316574 -0.13967666029930115 20.453338623046875
-0.14117994904518127 0.0037466504145413637 0.9899768829345703 48.907371520996094 0.08836715668439865 0.9960488080978394 0.008832352235913277 -0.8949383497238159 -0.9860321879386902 0.0887283906340599 -0.1409531980752945 20.220020294189453
-0.14349420368671417 0.004218417685478926 0.9896422028541565 50.33907699584961 0.09083768725395203 0.9958257079124451 0.00892633106559515 -0.891578197479248 -0.9854733943939209 0.09117767214775085 -0.14327840507030487 20.025724411010742
-0.14472931623458862 0.004691609181463718 0.9894601702690125 51.78578186035156 0.09099061042070389 0.9958147406578064 0.008587547577917576 -0.8769146800041199 -0.9852787256240845 0.09127447009086609 -0.14455047249794006 19.80779266357422
-0.14543353021144867 0.005678833462297916 0.9893518686294556 53.25881576538086 0.0930328369140625 0.995631217956543 0.007960840128362179 -0.8714389801025391 -0.984984278678894 0.0931999534368515 -0.14532649517059326 19.59786033630371
-0.14562122523784637 0.005638447590172291 0.9893242716789246 54.753639221191406 0.09252969175577164 0.9956782460212708 0.00794502254575491 -0.8660469055175781 -0.9850040078163147 0.0926988273859024 -0.1455136090517044 19.377304077148438
-0.14537100493907928 0.007729599252343178 0.9893470406532288 56.27674102783203 0.09212788194417953 0.995730459690094 0.005757457111030817 -0.8469924926757812 -0.9850784540176392 0.09198339283466339 -0.14546245336532593 19.161312103271484
-0.1438472867012024 0.007866950705647469 0.9895687103271484 57.809104919433594 0.09263955801725388 0.9956842064857483 0.005550851114094257 -0.8381150960922241 -0.9852542281150818 0.0924716666340828 -0.1439552754163742 18.930397033691406
-0.14242017269134521 0.005954333581030369 0.9897883534431458 59.3779296875 0.09170154482126236 0.9957606196403503 0.007204633206129074 -0.8431321978569031 -0.98554927110672 0.09179122745990753 -0.14236240088939667 18.708171844482422
-0.14134076237678528 0.006610450334846973 0.9899389147758484 60.96305465698242 0.09285042434930801 0.9956581592559814 0.006608287803828716 -0.8386367559432983 -0.9855970740318298 0.09285026788711548 -0.14134086668491364 18.48448371887207
-0.14032241702079773 0.0072131166234612465 0.9900795817375183 62.554351806640625 0.09270194172859192 0.9956765174865723 0.00588460685685277 -0.835006833076477 -0.9857565760612488 0.09260804206132889 -0.14038437604904175 18.266254425048828
-0.13939325511455536 0.0075994087383151054 0.9902079701423645 64.1641845703125 0.09364385902881622 0.995590329170227 0.005541685968637466 -0.8351919651031494 -0.9857994318008423 0.09349934756755829 -0.13949020206928253 18.039920806884766
-0.13837671279907227 0.007270263507962227 0.990352988243103 65.77649688720703 0.09307582676410675 0.9956427216529846 0.00569589389488101 -0.8317270874977112 -0.9859963059425354 0.09296611696481705 -0.1384504735469818 17.80962562561035
-0.13709118962287903 0.005909623112529516 0.9905408620834351 67.42890930175781 0.09499216079711914 0.9954518675804138 0.007208023685961962 -0.821500837802887 -0.9859932065010071 0.09508176147937775 -0.13702905178070068 17.57314682006836
-0.13713492453098297 0.004163173492997885 0.99054354429245 69.12474060058594 0.0972965657711029 0.9952120780944824 0.009287340566515923 -0.8153074383735657 -0.985762357711792 0.09765012562274933 -0.13688339293003082 17.33956527709961
-0.13619613647460938 0.004904852714389563 0.9906696677207947 70.81422424316406 0.09858958423137665 0.9950907826423645 0.008627236820757389 -0.8126774430274963 -0.9857640266418457 0.09884469956159592 -0.13601107895374298 17.10323715209961
-0.1356799304485321 0.006720378063619137 0.9907299280166626 72.5030517578125 0.10047376900911331 0.9949150681495667 0.007011061999946833 -0.8050870895385742 -0.9856449365615845 0.10049362480640411 -0.13566520810127258 16.876272201538086
-0.13565349578857422 0.006348732393234968 0.9907360076904297 74.22261810302734 0.0988997146487236 0.9950715899467468 0.007165027782320976 -0.8016296029090881 -0.9858077764511108 0.09895548969507217 -0.1356128305196762 16.66380500793457
-0.1357032209634781 0.006132134236395359 0.9907305836677551 75.94034576416016 0.09934582561254501 0.995025098323822 0.007448965683579445 -0.7969180941581726 -0.9857560992240906 0.09943577647209167 -0.1356373131275177 16.433908462524414
-0.13548420369625092 0.005396206397563219 0.9907647967338562 77.67423248291016 0.09919114410877228 0.9950350522994995 0.008144637569785118 -0.7873097062110901 -0.9858016967773438 0.09937858581542969 -0.13534680008888245 16.198225021362305
-0.13533654808998108 0.005303081590682268 0.9907854795455933 79.40205383300781 0.10069505870342255 0.9948816299438477 0.008429452776908875 -0.7846838235855103 -0.9856694936752319 0.10090801864862442 -0.1351778209209442 15.968622207641602
-0.13504938781261444 0.005276548210531473 0.990824818611145 81.17154693603516 0.10150085389614105 0.9947988390922546 0.008536851033568382 -0.7703995108604431 -0.9856263399124146 0.10172247886657715 -0.13488250970840454 15.722707748413086
-0.13472077250480652 0.006463013123720884 0.9908625483512878 82.92057037353516 0.10207932442426682 0.9947489500045776 0.007390669547021389 -0.7605472803115845 -0.9856115579605103 0.10214227437973022 -0.1346731036901474 15.478196144104004
-0.13489359617233276 0.007447998970746994 0.9908320903778076 84.72574615478516 0.10163453966379166 0.99480140209198 0.006358864717185497 -0.7499551773071289 -0.9856337904930115 0.10156053304672241 -0.13494929671287537 15.21749210357666
-0.13614024221897125 0.00810336135327816 0.9906564354896545 86.50550079345703 0.10085918754339218 0.9948842525482178 0.005722554866224527 -0.7502235174179077 -0.9855421185493469 0.10069585591554642 -0.13626109063625336 14.983073234558105
-0.1378706693649292 0.008536538109183311 0.9904134273529053 88.30294036865234 0.09998022764921188 0.9949750900268555 0.005341906566172838 -0.7534312605857849 -0.9853910803794861 0.09975825250148773 -0.13803136348724365 14.753246307373047
-0.13865411281585693 0.007713091094046831 0.990310788154602 90.1069107055664 0.09911057353019714 0.9950575828552246 0.006126482039690018 -0.7544050216674805 -0.9853689670562744 0.09899973124265671 -0.13873328268527985 14.503268241882324
-0.1398422122001648 0.007514516357332468 0.9901452660560608 91.94173431396484 0.09905575960874557 0.9950611591339111 0.006438220851123333 -0.7503011226654053 -0.9852065443992615 0.09897993505001068 -0.13989588618278503 14.260157585144043
-0.14025655388832092 0.0063975960947573185 0.9900945425033569 93.79608917236328 0.09658036381006241 0.9952988028526306 0.0072503285482525826 -0.748619556427002 -0.9853934645652771 0.09664059430360794 -0.14021505415439606 14.001659393310547
-0.1421298086643219 0.007151169236749411 0.9898222088813782 95.6172103881836 0.09629929065704346 0.9953302145004272 0.00663677416741848 -0.7498950958251953 -0.9851524829864502 0.09626244753599167 -0.1421547681093216 13.755913734436035
-0.14431026577949524 0.007950996980071068 0.9895004630088806 97.4915542602539 0.0955430269241333 0.9954075217247009 0.005935674998909235 -0.7427350878715515 -0.984909176826477 0.09539644420146942 -0.14440718293190002 13.475253105163574
-0.14881674945354462 0.008936025202274323 0.9888244271278381 99.36183166503906 0.09582135081291199 0.9953836798667908 0.005425682757049799 -0.7356706857681274 -0.984211266040802 0.09555793553590775 -0.14898602664470673 13.206167221069336
-0.15311232209205627 0.008237583562731743 0.9881743788719177 101.25445556640625 0.09403248131275177 0.9955493807792664 0.0062707653269171715 -0.7309063076972961 -0.9837247729301453 0.09388062357902527 -0.1532054841518402 12.91396713256836
-0.15803325176239014 0.007307863794267178 0.9874067306518555 103.14905548095703 0.09246298670768738 0.9956884980201721 0.007429433986544609 -0.7323034405708313 -0.983095109462738 0.09247267991304398 -0.15802758932113647 12.622279167175293
-0.162478968501091 0.008215313777327538 0.9866778254508972 105.04855346679688 0.09133826941251755 0.9957969784736633 0.0067496825940907 -0.7331591248512268 -0.9824753999710083 0.09121812134981155 -0.16254644095897675 12.31557846069336
-0.166826069355011 0.009891228750348091 0.9859368205070496 106.9662857055664 0.09177613258361816 0.9957642555236816 0.0055392226204276085 -0.7299622893333435 -0.9817057847976685 0.09140954911708832 -0.16702723503112793 11.98333740234375
-0.17141759395599365 0.01159826572984457 0.9851301908493042 108.90219116210938 0.09141866117715836 0.9958037734031677 0.004183377604931593 -0.7361155152320862 -0.9809478521347046 0.09077640622854233 -0.17175857722759247 11.650369644165039
-0.1759088635444641 0.011541381478309631 0.9843388199806213 110.84088134765625 0.09033910930156708 0.9959010481834412 0.004467344842851162 -0.7441253662109375 -0.9802524447441101 0.08971015363931656 -0.17623046040534973 11.310672760009766
-0.18041887879371643 0.011327166110277176 0.9835246205329895 112.78376770019531 0.088545061647892 0.9960606694221497 0.0047712563537061214 -0.7473282217979431 -0.9795962572097778 0.0879470482468605 -0.18071109056472778 10.955434799194336
-0.18503254652023315 0.011003184132277966 0.9826707243919373 114.7452621459961 0.08687449246644974 0.9962056279182434 0.005203342065215111 -0.7466244697570801 -0.9788849353790283 0.086331807076931 -0.18528634309768677 10.586533546447754
-0.19039158523082733 0.010245389305055141 0.9816547632217407 116.67375946044922 0.08557218313217163 0.99631267786026 0.0061983210034668446 -0.7471339702606201 -0.977971613407135 0.08518242835998535 -0.190566286444664 10.230087280273438
-0.19538959860801697 0.010163580067455769 0.9806730151176453 118.65245056152344 0.08624688535928726 0.9962500929832458 0.006858833599835634 -0.7462865114212036 -0.9769259691238403 0.08592012524604797 -0.19553349912166595 9.834077835083008
-0.2006129026412964 0.011309032328426838 0.9796053171157837 120.60302734375 0.08616767078638077 0.9962618350982666 0.006144913379102945 -0.752242922782898 -0.9758737087249756 0.08564304560422897 -0.20083744823932648 9.449739456176758
-0.20643232762813568 0.01228462066501379 0.9783837795257568 122.56302642822266 0.08604186773300171 0.9962756037712097 0.005644981283694506 -0.7564135789871216 -0.9746704697608948 0.08534727990627289 -0.2067204862833023 9.05033016204834
-0.2124374657869339 0.012391507625579834 0.9770960807800293 124.56741333007812 0.08640225976705551 0.9962413311004639 0.006151031237095594 -0.7525376081466675 -0.9733473062515259 0.08573002368211746 -0.21270965039730072 8.640507698059082
-0.21799980103969574 0.012376293540000916 0.9758703112602234 126.55267333984375 0.08520837128162384 0.9963425397872925 0.006398782134056091 -0.7504304051399231 -0.9722219109535217 0.084547258913517 -0.21825706958770752 8.207444190979004
-0.22327934205532074 0.013205479830503464 0.9746651649475098 128.54791259765625 0.08454813808202744 0.9964020848274231 0.00586856622248888 -0.7478684186935425 -0.9710808396339417 0.08371644467115402 -0.22359253466129303 7.76035737991333
-0.22872984409332275 0.013857705518603325 0.9733912348747253 130.54525756835938 0.0837523490190506 0.9964714646339417 0.0054940409027040005 -0.7481186389923096 -0.9698805212974548 0.08278046548366547 -0.2290833592414856 7.308657169342041
-0.233079731464386 0.013106346130371094 0.9723692536354065 132.52601623535156 0.08483366668224335 0.9963712096214294 0.00690501369535923 -0.7473562955856323 -0.9687502980232239 0.08409907668828964 -0.23334579169750214 6.836061000823975
-0.2367473691701889 0.013184151612222195 0.9714818000793457 134.52435302734375 0.0873095691204071 0.9961510300636292 0.007758155465126038 -0.7419834733009338 -0.967640221118927 0.08665639162063599 -0.23698721826076508 6.343307971954346
-0.24019652605056763 0.013998339883983135 0.9706233143806458 136.52883911132812 0.08871230483055115 0.9960283637046814 0.007588568609207869 -0.7398588061332703 -0.9666621685028076 0.08792896568775177 -0.24048441648483276 5.840737819671631
-0.24330544471740723 0.014699103310704231 0.9698383212089539 138.52822875976562 0.08922070264816284 0.9959851503372192 0.00728759728372097 -0.7396949529647827 -0.9658374786376953 0.08830275386571884 -0.24364008009433746 5.336047172546387
-0.24689029157161713 0.014911078847944736 0.9689286947250366 140.55990600585938 0.08859652280807495 0.9960411787033081 0.007246733643114567 -0.7376431226730347 -0.9649848937988281 0.08763284981250763 -0.24723398685455322 4.8289594650268555
-0.2506563663482666 0.015334829688072205 0.9679546356201172 142.5546875 0.08717476576566696 0.9961698055267334 0.006792481057345867 -0.7400038242340088 -0.9641430974006653 0.0860837921500206 -0.25103312730789185 4.306802749633789
-0.2554158866405487 0.016079669818282127 0.9666975736618042 144.58058166503906 0.08642735332250595 0.9962384700775146 0.0062643494457006454 -0.7453228831291199 -0.9629604816436768 0.0851491317152977 -0.2558448314666748 3.783416748046875
-0.2594657242298126 0.015205511823296547 0.9656326174736023 146.61038208007812 0.08470039814710617 0.996381402015686 0.007069316226989031 -0.7460631132125854 -0.9620308876037598 0.08362371474504471 -0.2598147392272949 3.2455508708953857
-0.26404061913490295 0.015435469336807728 0.9643880128860474 148.64013671875 0.08499251306056976 0.9963546991348267 0.007323067169636488 -0.7470155954360962 -0.9607595205307007 0.0838993638753891 -0.26439008116722107 2.696229934692383
-0.2689170837402344 0.015824569389224052 0.9630333185195923 150.69044494628906 0.08440668880939484 0.9964054226875305 0.007196754217147827 -0.7484682202339172 -0.9594576358795166 0.08322179317474365 -0.2692860960960388 2.1385726928710938
-0.2739836871623993 0.0162806399166584 0.9615964293479919 152.7429962158203 0.08402718603610992 0.9964383840560913 0.007070980966091156 -0.7455514669418335 -0.9580565690994263 0.08273757994174957 -0.27437591552734375 1.5738719701766968
-0.278759628534317 0.01562616229057312 0.9602336883544922 154.7876739501953 0.08380833268165588 0.9964489936828613 0.008114387281239033 -0.7488826513290405 -0.9566970467567444 0.08273754268884659 -0.2790793180465698 0.9949612617492676
-0.2833509147167206 0.015736782923340797 0.9588871598243713 156.84368896484375 0.0844169333577156 0.9963933825492859 0.00859286542981863 -0.7462371587753296 -0.9552937150001526 0.08338110148906708 -0.283657431602478 0.40523141622543335
-0.28806447982788086 0.016462629660964012 0.957469642162323 158.92501831054688 0.08500746637582779 0.9963444471359253 0.008444325067102909 -0.744911789894104 -0.9538304805755615 0.08382455259561539 -0.2884109616279602 -0.19701211154460907
-0.2919871509075165 0.017888622358441353 0.9562549591064453 160.9915771484375 0.08550789207220078 0.9963094592094421 0.0074714417569339275 -0.7398274540901184 -0.9525921940803528 0.08394891023635864 -0.29243919253349304 -0.8183212876319885
-0.29590409994125366 0.01933664083480835 0.9550219178199768 163.0552215576172 0.08538740873336792 0.9963279366493225 0.0062834699638187885 -0.7425622940063477 -0.9513936042785645 0.08340615779161453 -0.2964686453342438 -1.4473252296447754
-0.29980847239494324 0.02083456702530384 0.9537718892097473 165.13302612304688 0.08626288920640945 0.996258020401001 0.00535320769995451 -0.7439962029457092 -0.9500913619995117 0.08388005197048187 -0.3004838526248932 -2.077207565307617
-0.3032126724720001 0.021304726600646973 0.9526847004890442 167.21771240234375 0.08560991287231445 0.9963164925575256 0.004966771695762873 -0.7496148943901062 -0.9490695595741272 0.08306525647640228 -0.3039197027683258 -2.732428550720215
-0.3072601556777954 0.0213689636439085 0.9513857364654541 169.3104705810547 0.08597458899021149 0.9962827563285828 0.005389028694480658 -0.7568545341491699 -0.9477338194847107 0.08345083147287369 -0.3079552948474884 -3.3916404247283936
-0.3115713596343994 0.021762751042842865 0.9499735236167908 171.4005126953125 0.08575261384248734 0.9963023662567139 0.0053009651601314545 -0.7571645379066467 -0.9463455080986023 0.08311434090137482 -0.31228548288345337 -4.058966636657715
-0.3160046339035034 0.022599801421165466 0.9484884738922119 173.49290466308594 0.087769515812397 0.9961255788803101 0.005507009569555521 -0.763349711894989 -0.944689154624939 0.08498860895633698 -0.31676381826400757 -4.748739242553711
-0.3189013600349426 0.02346951514482498 0.9474974274635315 175.5792999267578 0.09034568816423416 0.9958939552307129 0.005739549640566111 -0.7623786330223083 -0.9434720873832703 0.0874326303601265 -0.3197123408317566 -5.457542419433594
-0.3214283585548401 0.022871224209666252 0.946657657623291 177.63943481445312 0.0911468043923378 0.9958135485649109 0.006889180280268192 -0.7686105966567993 -0.9425369501113892 0.08849918097257614 -0.32216742634773254 -6.154422283172607
-0.32426369190216064 0.022685253992676735 0.9456946849822998 179.72119140625 0.09077375382184982 0.9958452582359314 0.007236608304083347 -0.7637175917625427 -0.9416013956069946 0.08819080889225006 -0.3249756693840027 -6.867020130157471
-0.3275720775127411 0.023242652416229248 0.94454026222229 181.8321075439453 0.08995858579874039 0.9959230422973633 0.00669111730530858 -0.7672030925750732 -0.9405338764190674 0.08716133236885071 -0.3283274471759796 -7.590904235839844
-0.3302638530731201 0.025401456281542778 0.943546712398529 183.93165588378906 0.08951976895332336 0.9959747791290283 0.004521170165389776 -0.7695915102958679 -0.9396339654922485 0.08595927059650421 -0.33120840787887573 -8.322298049926758
-0.33334586024284363 0.027513857930898666 0.9424029588699341 186.04498291015625 0.08939122408628464 0.9959933757781982 0.0025409276131540537 -0.7739283442497253 -0.9385572671890259 0.08508957177400589 -0.3344697952270508 -9.063849449157715
-0.33677902817726135 0.027959566563367844 0.941168487071991 188.15870666503906 0.08800559490919113 0.9961181879043579 0.0018991343677043915 -0.7901726365089417 -0.9374619722366333 0.08346768468618393 -0.3379323184490204 -9.811059951782227
-0.34015750885009766 0.029270000755786896 0.939912736415863 190.30442810058594 0.08663434535264969 0.9962401390075684 0.00032915850169956684 -0.7982543110847473 -0.9363692402839661 0.08154069632291794 -0.3414143919944763 -10.57766342163086
-0.3432747423648834 0.029488543048501015 0.9387720227241516 192.42984008789062 0.08748551458120346 0.9961656928062439 0.0006988917593844235 -0.8132690787315369 -0.9351517558097839 0.0823688730597496 -0.34453821182250977 -11.367253303527832
-0.3470896780490875 0.02842850610613823 0.9374009370803833 194.5918731689453 0.08670525997877121 0.9962322115898132 0.0018915195250883698 -0.8254014253616333 -0.9338152408599854 0.0819341242313385 -0.34824690222740173 -12.154120445251465
-0.3501756191253662 0.027789847925305367 0.9362717270851135 196.74649047851562 0.0867837443947792 0.996222972869873 0.0028887733351439238 -0.8391125202178955 -0.9326551556587219 0.08226475864648819 -0.3512647747993469 -12.962287902832031
-0.35407793521881104 0.027601540088653564 0.9348084330558777 198.89816284179688 0.08671920746564865 0.9962270259857178 0.0034316880628466606 -0.8474524617195129 -0.9311866760253906 0.0822809636592865 -0.3551355004310608 -13.772260665893555
-0.35746362805366516 0.028070978820323944 0.9335049986839294 201.05181884765625 0.08612009137868881 0.9962801933288574 0.003018992953002453 -0.8544178009033203 -0.9299477934837341 0.08147270977497101 -0.3585514426231384 -14.587672233581543
-0.3611776828765869 0.028514787554740906 0.9320608377456665 203.21353149414062 0.08541419357061386 0.996342122554779 0.002617013407871127 -0.8711983561515808 -0.9285768270492554 0.08055642992258072 -0.36229208111763 -15.422727584838867
-0.36470985412597656 0.0290754996240139 0.9306671619415283 205.3897247314453 0.08501289784908295 0.9963774681091309 0.0021864597219973803 -0.8824013471603394 -0.9272322058677673 0.07991613447666168 -0.3658604621887207 -16.256982803344727
-0.36762309074401855 0.02972293272614479 0.9294999241828918 207.51419067382812 0.08637619763612747 0.9962599277496338 0.002304588910192251 -0.9024107456207275 -0.9259548783302307 0.0811338797211647 -0.36881545186042786 -17.095256805419922
-0.3702583312988281 0.029426803812384605 0.9284626245498657 209.65345764160156 0.08716700971126556 0.996188759803772 0.0031877041328698397 -0.9171502590179443 -0.9248300790786743 0.08211157470941544 -0.3714121878147125 -17.943544387817383
-0.37281617522239685 0.029365386813879013 0.9274404644966125 211.82763671875 0.08893150836229324 0.9960288405418396 0.004211950581520796 -0.9273220896720886 -0.9236337542533875 0.08404896408319473 -0.3739471733570099 -18.822616577148438
-0.37577101588249207 0.03024641051888466 0.9262188076972961 214.00758361816406 0.09022810310125351 0.9959126710891724 0.004083624575287104 -0.9376686215400696 -0.9223095178604126 0.08510549366474152 -0.3769642412662506 -19.702838897705078
-0.37837207317352295 0.03131471201777458 0.9251237511634827 216.18898010253906 0.09029415249824524 0.9959099292755127 0.0032191998325288296 -0.9494871497154236 -0.9212391376495361 0.08475133776664734 -0.3796520233154297 -20.592708587646484
-0.3811452090740204 0.03143185377120972 0.9239806532859802 218.3626251220703 0.08957566320896149 0.9959753155708313 0.0030693020671606064 -0.9641075134277344 -0.920165479183197 0.08393602073192596 -0.3824267089366913 -21.482662200927734
-0.38449689745903015 0.03291615471243858 0.922539234161377 220.52857971191406 0.08970540016889572 0.9959666132926941 0.0018514906987547874 -0.9828716516494751 -0.9187573790550232 0.08346866071224213 -0.3858988285064697 -22.37575912475586
-0.3870948851108551 0.0337553396821022 0.9214217662811279 222.68531799316406 0.08940580487251282 0.9959946274757385 0.0010726668406277895 -1.0030587911605835 -0.9176949262619019 0.08279566466808319 -0.38856241106987 -23.28634262084961
-0.38991284370422363 0.03383222594857216 0.920229971408844 224.85470581054688 0.08707825094461441 0.9962014555931091 0.0002708208921831101 -1.0205570459365845 -0.9167253375053406 0.08023760467767715 -0.3913777470588684 -24.18820571899414
-0.3927217721939087 0.03478017449378967 0.918999433517456 227.0271453857422 0.08809543401002884 0.9961121678352356 -5.217814032221213e-05 -1.0419206619262695 -0.9154282212257385 0.0809391662478447 -0.39425885677337646 -25.11253547668457
-0.3953774869441986 0.034353114664554596 0.9178760647773743 229.1792449951172 0.08949411660432816 0.9959864616394043 0.0012732807081192732 -1.0661492347717285 -0.9141484498977661 0.08264792710542679 -0.3968651294708252 -26.03840446472168
-0.3981125056743622 0.03345979005098343 0.9167261719703674 231.34194946289062 0.08970044553279877 0.995965301990509 0.002602827502414584 -1.0857250690460205 -0.9129404425621033 0.08326698839664459 -0.39950770139694214 -26.96914291381836
-0.4010111391544342 0.03316070884466171 0.915472686290741 233.46104431152344 0.08893818408250809 0.9960331320762634 0.002879437757655978 -1.103193759918213 -0.9117456078529358 0.08257516473531723 -0.4023696184158325 -27.8901309967041
-0.4043724536895752 0.033041857182979584 0.9139973521232605 235.58663940429688 0.08739573508501053 0.996170163154602 0.00265330052934587 -1.1263123750686646 -0.9104092121124268 0.08095239847898483 -0.40571147203445435 -28.81740379333496
-0.40803441405296326 0.032583367079496384 0.9123849272727966 237.76773071289062 0.08583411574363708 0.9963054060935974 0.0028061429038643837 -1.1391003131866455 -0.9089226722717285 0.07945874333381653 -0.40932369232177734 -29.778465270996094
-0.41156670451164246 0.03180849179625511 0.9108242988586426 239.92523193359375 0.08481891453266144 0.9963901042938232 0.003529737237840891 -1.15681791305542 -0.9074241518974304 0.07870787382125854 -0.41277894377708435 -30.737394332885742
-0.41501274704933167 0.03219201788306236 0.9092459082603455 242.0774383544922 0.0848500207066536 0.9963878989219666 0.0034513382706791162 -1.1764329671859741 -0.9058502912521362 0.07858187705278397 -0.41624507308006287 -31.716819763183594
-0.4184305667877197 0.03196873888373375 0.9076859951019287 244.2198486328125 0.08460231870412827 0.996407151222229 0.003906985744833946 -1.1963924169540405 -0.9042999148368835 0.07842714339494705 -0.41963183879852295 -32.698829650878906
-0.4224891662597656 0.031455930322408676 0.9058219790458679 246.3815460205078 0.08331242948770523 0.9965143799781799 0.004252835176885128 -1.212038278579712 -0.90253084897995 0.0772630050778389 -0.4236372113227844 -33.68313980102539
-0.42607924342155457 0.03156288340687752 0.9041351079940796 248.50003051757812 0.08271847665309906 0.9965641498565674 0.00419206777587533 -1.223661184310913 -0.9008963108062744 0.07657484710216522 -0.42722612619400024 -34.67321014404297
-0.4296802282333374 0.032737847417593 0.9023873805999756 250.65310668945312 0.08352747559547424 0.9964988827705383 0.0036202596966177225 -1.2426668405532837 -0.8991096019744873 0.07692969590425491 -0.4309103786945343 -35.68473434448242
-0.4335062503814697 0.03309940919280052 0.9005424976348877 252.78253173828125 0.0838625505566597 0.9964702725410461 0.003744815941900015 -1.2651437520980835 -0.8972398042678833 0.07714518904685974 -0.43475186824798584 -36.69416046142578
-0.436998188495636 0.03290226310491562 0.8988603949546814 254.92471313476562 0.08361304551362991 0.9964895844459534 0.0041741556487977505 -1.2798867225646973 -0.8955676555633545 0.07698053866624832 -0.4382151961326599 -37.724708557128906
-0.4408741891384125 0.03317900374531746 0.8969553709030151 257.0447692871094 0.08231592923402786 0.9965997934341431 0.0035952588077634573 -1.2968621253967285 -0.8937862515449524 0.07541878521442413 -0.4421062767505646 -38.749080657958984
-0.4443961977958679 0.0337115079164505 0.8951957821846008 259.1654052734375 0.08292396366596222 0.9965492486953735 0.003637077985331416 -1.3091107606887817 -0.8919842839241028 0.07584948092699051 -0.4456580877304077 -39.799293518066406
-0.4478563368320465 0.034191638231277466 0.8934515118598938 261.2911071777344 0.08313854038715363 0.9965317249298096 0.003538035089150071 -1.3102000951766968 -0.8902318477630615 0.07586479187011719 -0.44914567470550537 -40.8551139831543
-0.45058923959732056 0.03620671108365059 0.8919968605041504 263.4007568359375 0.08539022505283356 0.9963439702987671 0.0026923618279397488 -1.317936897277832 -0.8886381983757019 0.0773809626698494 -0.4520335793495178 -41.925048828125
-0.45435917377471924 0.03789001330733299 0.8900123238563538 265.53717041015625 0.08715935051441193 0.996192216873169 0.002085278509184718 -1.3307396173477173 -0.886544406414032 0.07852038741111755 -0.45593148469924927 -43.010719299316406
-0.457535982131958 0.03886960446834564 0.8883411288261414 267.6712951660156 0.0888628214597702 0.996041476726532 0.002186318626627326 -1.347986102104187 -0.8847396373748779 0.07994081825017929 -0.4591788649559021 -44.1026725769043
-0.46036049723625183 0.04083486646413803 0.8867923617362976 269.7901306152344 0.09047549217939377 0.9958980679512024 0.001109583768993616 -1.357332468032837 -0.8831095099449158 0.08074376732110977 -0.4621666967868805 -45.207576751708984
-0.4631088376045227 0.04259813576936722 0.8852771520614624 271.8960876464844 0.09167983382940292 0.9957885146141052 4.407075539347716e-05 -1.3829145431518555 -0.8815469741821289 0.08118249475955963 -0.46506378054618835 -46.283817291259766
