0.9998790621757507 0.004101953003555536 -0.014999854378402233 10.164010047912598 -0.004209024831652641 0.9999658465385437 -0.007113597821444273 3.1290924549102783 0.014970161952078342 0.007175872568041086 0.9998621940612793 -4.052483081817627
0.9998646974563599 0.0017021409003064036 -0.01636129803955555 10.134339332580566 -0.0017720494652166963 0.9999893307685852 -0.004259240347892046 3.103754758834839 0.016353873535990715 0.004287657327950001 0.9998570680618286 -2.530017375946045
0.9998394250869751 0.0013314151437953115 -0.01787031628191471 10.107053756713867 -0.0013919007033109665 0.9999933242797852 -0.0033726957626640797 3.074674606323242 0.017865706235170364 0.003397027961909771 0.9998345971107483 -1.009283423423767
0.9998117685317993 0.002298397943377495 -0.01926077902317047 10.067790985107422 -0.0023709507659077644 0.9999901056289673 -0.0037448825314641 3.0507972240448 0.019251979887485504 0.0037898439913988113 0.9998074769973755 0.5046063661575317
0.9997801184654236 0.0031307183671742678 -0.020735662430524826 10.028105735778809 -0.00321005517616868 0.9999876618385315 -0.0037939262110739946 3.0234053134918213 0.020723529160022736 0.0038596545346081257 0.9997777938842773 2.0044333934783936
0.9997502565383911 0.002826572395861149 -0.022172924131155014 9.989505767822266 -0.0029095634818077087 0.9999889135360718 -0.003711528144776821 3.0023860931396484 0.022162189707159996 0.003775114892050624 0.9997472167015076 3.5056517124176025
0.9997125267982483 0.00234681717120111 -0.023860763758420944 9.94632339477539 -0.002419537864625454 0.9999924898147583 -0.003019301686435938 2.971585512161255 0.023853499442338943 0.003076164983212948 0.9997106790542603 5.014351844787598
0.9996705651283264 0.0005718102329410613 -0.025662394240498543 9.90330982208252 -0.0006730869645252824 0.9999919533729553 -0.00393802672624588 2.9486405849456787 0.025659941136837006 0.003954001702368259 0.9996628761291504 6.513585567474365
0.9996387362480164 -0.00039157152059488 -0.026873264461755753 9.860665321350098 0.00029540559626184404 0.9999935030937195 -0.003582380246371031 2.922502040863037 0.026874491944909096 0.0035731473471969366 0.9996324181556702 7.997383117675781
0.9996011257171631 -6.004876922816038e-05 -0.028241651132702827 9.811836242675781 -4.3887212086701766e-05 0.9999932646751404 -0.0036795742344111204 2.895228147506714 0.028241682797670364 0.0036793460603803396 0.9995943307876587 9.4865140914917
0.9995740652084351 9.464245522394776e-05 -0.029184184968471527 9.764321327209473 -0.00020230957306921482 0.9999932050704956 -0.0036862739361822605 2.8700599670410156 0.029183637350797653 0.0036906080786138773 0.9995672702789307 10.965876579284668
0.9995494484901428 0.0021419115364551544 -0.029940692707896233 9.711922645568848 -0.00223536160774529 0.9999927878379822 -0.0030880430713295937 2.844557046890259 0.029933860525488853 0.003153580706566572 0.9995468854904175 12.45086669921875
0.9995306134223938 0.0031664008274674416 -0.030471747741103172 9.662199020385742 -0.0032438277266919613 0.9999916553497314 -0.00249184831045568 2.820387125015259 0.030463604256510735 0.0025895230937749147 0.9995324611663818 13.930927276611328
0.9995015263557434 0.003933046944439411 -0.03132360056042671 9.609223365783691 -0.003990252502262592 0.9999904632568359 -0.0017639768775552511 2.798499822616577 0.0313163660466671 0.0018880864372476935 0.9995077252388 15.398871421813965
0.9994924664497375 0.003435128601267934 -0.031667888164520264 9.562945365905762 -0.003480993676930666 0.9999929666519165 -0.0013933003647252917 2.768622636795044 0.031662873923778534 0.0015028280904516578 0.9994974732398987 16.863040924072266
0.9994635581970215 0.004640209022909403 -0.032418884336948395 9.510462760925293 -0.0046845958568155766 0.9999881982803345 -0.0012933391844853759 2.7474663257598877 0.03241249918937683 0.0014445146080106497 0.999473512172699 18.328227996826172
0.9994590282440186 0.004498841241002083 -0.03257753327488899 9.469935417175293 -0.004532606340944767 0.9999892711639404 -0.0009626916726119816 2.727334976196289 0.032572850584983826 0.001109832082875073 0.9994687438011169 19.800586700439453
0.9994587302207947 0.005590625107288361 -0.03241676092147827 9.414703369140625 -0.005587062798440456 0.9999843239784241 0.00020046588906552643 2.706644296646118 0.03241737186908722 -1.9244755094405264e-05 0.9994744062423706 21.244470596313477
0.9994550347328186 0.005987382959574461 -0.0324629545211792 9.364694595336914 -0.006023019552230835 0.9999812841415405 -0.0010000687325373292 2.6830403804779053 0.03245636820793152 0.0011950467014685273 0.9994725584983826 22.683801651000977
0.999455988407135 0.006236867979168892 -0.03238558769226074 9.30898666381836 -0.006343506742268801 0.99997478723526 -0.003191087394952774 2.6655807495117188 0.032364871352910995 0.0033947890624403954 0.9994702935218811 24.118221282958984
0.9994773864746094 0.00460102129727602 -0.031996145844459534 9.25379467010498 -0.004707579035311937 0.999983549118042 -0.0032557761296629906 2.6397204399108887 0.03198064863681793 0.0034046999644488096 0.9994826316833496 25.533498764038086
0.9994849562644958 0.004002388101071119 -0.031841032207012177 9.199929237365723 -0.004021665547043085 0.9999917149543762 -0.000541388988494873 2.6136093139648438 0.03183860704302788 0.0006691634189337492 0.9994927644729614 26.952848434448242
0.9995035529136658 0.0021694388706237078 -0.03143085166811943 9.149263381958008 -0.002150047104805708 0.9999974966049194 0.0006507330690510571 2.5912134647369385 0.03143218532204628 -0.0005828303401358426 0.9995056986808777 28.367111206054688
0.999513566493988 0.0015099700540304184 -0.03114977851510048 9.096220016479492 -0.0015109266387298703 0.9999988675117493 -7.176422514021397e-06 2.571747064590454 0.031149733811616898 5.4239470046013594e-05 0.999514639377594 29.766860961914062
0.9995299577713013 0.0014644215116277337 -0.030620552599430084 9.046316146850586 -0.0015195290325209498 0.9999971985816956 -0.0017764881486073136 2.5471293926239014 0.030617866665124893 0.0018221818609163165 0.9995294809341431 31.15030860900879
0.9995363354682922 0.0028493169229477644 -0.0303130391985178 8.9974946975708 -0.0029315773863345385 0.9999920725822449 -0.0026696075219660997 2.5245778560638428 0.03030519001185894 0.002757234964519739 0.9995368719100952 32.4990348815918
0.9995660185813904 0.003016691654920578 -0.029302654787898064 8.947500228881836 -0.003117195563390851 0.99998939037323 -0.003384778741747141 2.4960780143737793 0.029292134568095207 0.003474652301520109 0.9995647668838501 33.87494659423828
0.9995986223220825 0.0033849647734314203 -0.028124701231718063 8.901951789855957 -0.003447277471423149 0.9999916553497314 -0.0021673839073628187 2.4695279598236084 0.02811713144183159 0.0022634679917246103 0.9996020197868347 35.21609878540039
0.9996443390846252 0.0037925350479781628 -0.02639780379831791 8.85507869720459 -0.003799896687269211 0.9999926686286926 -0.0002287020906805992 2.4432718753814697 0.026396743953227997 0.0003289296291768551 0.9996514916419983 36.53846740722656
0.9996835589408875 0.0033803184051066637 -0.024927187711000443 8.817706108093262 -0.0033630598336458206 0.9999940395355225 0.0007342640892602503 2.421175241470337 0.02492951788008213 -0.0006502011092379689 0.9996890425682068 37.82971954345703
0.9997388124465942 0.004057757556438446 -0.0224921777844429 8.786121368408203 -0.00402455497533083 0.9999907612800598 0.0015212559374049306 2.3959667682647705 0.02249814383685589 -0.0014303376665338874 0.999745786190033 39.1242561340332
0.9998116493225098 0.003292930545285344 -0.01912587136030197 8.753186225891113 -0.0032773728016763926 0.9999943375587463 0.0008447098080068827 2.376328468322754 0.01912854239344597 -0.0007818680023774505 0.9998166561126709 40.39295196533203
0.999873697757721 0.002672252245247364 -0.01566658914089203 8.727128982543945 -0.002684712875634432 0.9999961256980896 -0.0007743944879621267 2.349776029586792 0.01566445827484131 0.0008163575548678637 0.9998769164085388 41.6377067565918
0.9999260902404785 0.002629369730129838 -0.0118712754920125 8.701147079467773 -0.0026596100069582462 0.9999932646751404 -0.002532288432121277 2.328460216522217 0.011864537373185158 0.0025636733043938875 0.9999263286590576 42.87025451660156
0.9999610185623169 0.0031950611155480146 -0.008234595879912376 8.690448760986328 -0.003211015835404396 0.9999929666519165 -0.0019250165205448866 2.3055827617645264 0.008228389546275139 0.001951382728293538 0.9999642372131348 44.08020782470703
0.9999923706054688 0.0030084403697401285 -0.0024538161233067513 8.674808502197266 -0.0030134394764900208 0.9999933242797852 -0.002036143559962511 2.2833282947540283 0.0024476731196045876 0.0020435231272131205 0.9999949336051941 45.317256927490234
0.9999802708625793 0.004759145434945822 0.00412182928994298 8.671552658081055 -0.004746457561850548 0.9999839663505554 -0.0030826213769614697 2.2629003524780273 -0.004136437550187111 0.0030629956163465977 0.9999868869781494 46.49818801879883
0.999914288520813 0.006267266813665628 0.011491097509860992 8.675292015075684 -0.006230452563613653 0.999975323677063 -0.003236691001802683 2.2435057163238525 -0.011511098593473434 0.0031648187432438135 0.9999287128448486 47.69670486450195
0.9997721314430237 0.007435428909957409 0.020010968670248985 8.692974090576172 -0.007390642073005438 0.999970018863678 -0.0023111363407224417 2.2233848571777344 -0.020027553662657738 0.002162716817110777 0.9997970461845398 48.89645767211914
0.9994862079620361 0.009788475930690765 0.030520562082529068 8.718696594238281 -0.009741519577801228 0.9999510645866394 -0.0016868120292201638 2.2026543617248535 -0.03053557500243187 0.0013886287342756987 0.9995326399803162 50.069149017333984
0.9989914894104004 0.011992665939033031 0.0432719886302948 8.754149436950684 -0.011926701292395592 0.999927282333374 -0.0017823355738073587 2.180832624435425 -0.04329022392630577 0.0012644447851926088 0.9990617632865906 51.202064514160156
0.9982137680053711 0.013934679329395294 0.0580969862639904 8.806070327758789 -0.013870550319552422 0.9999026656150818 -0.0015069849323481321 2.161942481994629 -0.058112338185310364 0.0006984559586271644 0.998309850692749 52.334659576416016
0.9971022009849548 0.016241714358329773 0.07431915402412415 8.879426956176758 -0.016282178461551666 0.9998674392700195 -6.13988668192178e-05 2.138308525085449 -0.07431028038263321 -0.0011488553136587143 0.9972344636917114 53.46072006225586
0.9956060647964478 0.01638707146048546 0.09219620376825333 8.973413467407227 -0.016509605571627617 0.9998635649681091 0.000566486269235611 2.1204988956451416 -0.09217433631420135 -0.002086119493469596 0.9957407116889954 54.57148742675781
0.9936351776123047 0.016342146322131157 0.11145420372486115 9.082723617553711 -0.016427356749773026 0.9998650550842285 -0.00015379871183540672 2.1002936363220215 -0.11144169420003891 -0.0016780780861154199 0.9937695860862732 55.67622375488281
0.9911901950836182 0.01558513380587101 0.13152603805065155 9.224393844604492 -0.015536085702478886 0.9998784065246582 -0.0013991330051794648 2.089383125305176 -0.13153184950351715 -0.0006565935327671468 0.9913117289543152 56.770103454589844
0.9881982803344727 0.012571093626320362 0.1526632308959961 9.38171672821045 -0.012493705376982689 0.9999209046363831 -0.0014662405010312796 2.064847946166992 -0.15266957879066467 -0.0004583930713124573 0.9882771968841553 57.818359375
0.9846935272216797 0.007557897828519344 0.17413072288036346 9.568395614624023 -0.007802790030837059 0.9999693632125854 0.0007218201644718647 2.047996759414673 -0.17411991953849792 -0.0020694772247225046 0.9847223162651062 58.85686111450195
0.9802770018577576 0.0022055909503251314 0.19761589169502258 9.772027015686035 -0.002655214164406061 0.9999945759773254 0.0020103026181459427 2.0304763317108154 -0.19761033356189728 -0.0024953645188361406 0.9802774786949158 59.89680099487305
0.9751890301704407 -0.0029399406630545855 0.22135405242443085 10.008381843566895 0.002707726089283824 0.9999954104423523 0.00135250692255795 2.014141321182251 -0.22135697305202484 -0.0007195831858552992 0.9751925468444824 60.909332275390625
0.9690759181976318 -0.008888042531907558 0.24660256505012512 10.266626358032227 0.009248172864317894 0.9999571442604065 -0.0003021898155566305 1.9936221837997437 -0.2465893179178238 0.002573468256741762 0.9691166281700134 61.90515899658203
0.9619907736778259 -0.012557041831314564 0.2727929949760437 10.554203033447266 0.012946441769599915 0.999916136264801 0.0003725480055436492 1.9822179079055786 -0.2727748155593872 0.0031733117066323757 0.9620726704597473 62.88720703125
0.9537134170532227 -0.01498535554856062 0.3003430664539337 10.850227355957031 0.01484270952641964 0.999886155128479 0.002756701782345772 1.963029384613037 -0.30035021901130676 0.0018288017017766833 0.9538272023200989 63.85090255737305
0.9445183277130127 -0.01966388151049614 0.32786932587623596 11.183478355407715 0.01894669607281685 0.9998059868812561 0.005381913855671883 1.9533088207244873 -0.3279115557670593 0.0011287236120551825 0.9447076916694641 64.7959976196289
0.9339603781700134 -0.022558240219950676 0.3566637337207794 11.537397384643555 0.022168433293700218 0.9997408390045166 0.005181226879358292 1.936677098274231 -0.35668811202049255 0.0030676142778247595 0.9342185854911804 65.71489715576172
0.9221590757369995 -0.021419111639261246 0.38621723651885986 11.907958030700684 0.022639546543359756 0.9997427463531494 0.0013886992819607258 1.925697922706604 -0.38614755868911743 0.007463180460035801 0.922406792640686 66.61758422851562
0.9095743894577026 -0.023275824263691902 0.41488876938819885 12.31299877166748 0.027282100170850754 0.9996207356452942 -0.0037313601933419704 1.9059908390045166 -0.41464459896087646 0.014712986536324024 0.9098644852638245 67.48393249511719
0.8958883881568909 -0.02540845051407814 0.4435522258281708 12.74687385559082 0.031367767602205276 0.9994892477989197 -0.006101975683122873 1.890038013458252 -0.4431706666946411 0.019379930570721626 0.8962277770042419 68.33787536621094
0.8806920647621155 -0.026036294177174568 0.4729730188846588 13.207769393920898 0.031051987782120705 0.9995138049125671 -0.0027984718326479197 1.8747949600219727 -0.4726702570915222 0.01715134270489216 0.881072461605072 69.1824722290039
0.8633451461791992 -0.024764537811279297 0.5040059089660645 13.687183380126953 0.02697722241282463 0.9996318221092224 0.0029062554240226746 1.8600622415542603 -0.5038924217224121 0.011087574996054173 0.8636953234672546 70.01222229003906
0.8441746830940247 -0.025047535076737404 0.5354827642440796 14.19491958618164 0.025470376014709473 0.9996537566184998 0.0066060395911335945 1.8455544710159302 -0.5354627370834351 0.008062290959060192 0.8445205092430115 70.8201904296875
0.8235079646110535 -0.018984835594892502 0.5669869184494019 14.721336364746094 0.021735409274697304 0.9997619390487671 0.0019066291861236095 1.8332315683364868 -0.566888153553009 0.010753569193184376 0.8237245678901672 71.59423828125
0.8019070029258728 -0.01206899993121624 0.5973267555236816 15.273487091064453 0.01893509551882744 0.9998071193695068 -0.005219115875661373 1.8196626901626587 -0.5971485376358032 0.015495683997869492 0.8019810914993286 72.34140014648438
0.7798258662223816 -0.009719259105622768 0.6259210109710693 15.861433029174805 0.01840091496706009 0.9998032450675964 -0.007400550879538059 1.8114440441131592 -0.6257259845733643 0.017288658767938614 0.7798513174057007 73.08514404296875
0.7568686604499817 -0.012101076543331146 0.6534549593925476 16.474672317504883 0.0196927972137928 0.9997968673706055 -0.0042944704182446 1.7975369691848755 -0.6532702445983887 0.01611870527267456 0.7569531798362732 73.78996276855469
0.7328782677650452 -0.012815463356673717 0.6802390217781067 17.105010986328125 0.020510999485850334 0.9997842907905579 -0.0032626260071992874 1.7737836837768555 -0.6800504922866821 0.016343489289283752 0.7329831123352051 74.46402740478516
0.7076727747917175 -0.010579709894955158 0.7064610719680786 17.746784210205078 0.021308187395334244 0.9997525811195374 -0.0063727968372404575 1.7617522478103638 -0.7062188982963562 0.019563259556889534 0.7077232003211975 75.12029266357422
0.682059645652771 -0.008470605127513409 0.7312474846839905 18.41529655456543 0.021523794159293175 0.9997321963310242 -0.008495310321450233 1.7453534603118896 -0.7309797406196594 0.021533526480197906 0.6820594072341919 75.72903442382812
0.6550911664962769 -0.005743872374296188 0.7555279731750488 19.100364685058594 0.019724179059267044 0.9997602701187134 -0.009501487016677856 1.7301323413848877 -0.7552923560142517 0.021126508712768555 0.6550473570823669 76.33380126953125
0.6274803876876831 -0.004025082569569349 0.778622031211853 19.807926177978516 0.01970583014190197 0.9997483491897583 -0.010712459683418274 1.7119874954223633 -0.7783828377723694 0.02206524834036827 0.6274019479751587 76.90167236328125
0.59867262840271 0.0019813606049865484 0.8009913563728333 20.53315544128418 0.018774958327412605 0.9996874928474426 -0.016505537554621696 1.685035228729248 -0.8007737398147583 0.024919994175434113 0.5984483361244202 77.46148681640625
0.5690348148345947 0.011373749002814293 0.8222347497940063 21.287450790405273 0.017817046493291855 0.9994990229606628 -0.026156242936849594 1.6652625799179077 -0.8221203684806824 0.02953360602259636 0.5685471296310425 77.98384094238281
0.5383345484733582 0.019499387592077255 0.8425055146217346 22.047863006591797 0.01686699315905571 0.9992826581001282 -0.03390539810061455 1.6310830116271973 -0.8425623178482056 0.03246298432350159 0.5376195907592773 78.47470092773438
0.506876528263092 0.024659642949700356 0.8616658449172974 22.854860305786133 0.014468837529420853 0.9992064833641052 -0.037107180804014206 1.5991184711456299 -0.8618972301483154 0.03127606213092804 0.5061174631118774 78.95460510253906
0.47472503781318665 0.024044161662459373 0.8798056244850159 23.68283462524414 0.01291754748672247 0.9993288516998291 -0.034280646592378616 1.560662031173706 -0.8800393342971802 0.027638819068670273 0.4740957021713257 79.40476989746094
0.4416780471801758 0.023104267194867134 0.8968760371208191 24.52754783630371 0.00870009046047926 0.9995110034942627 -0.030032705515623093 1.5255881547927856 -0.8971314430236816 0.02106768637895584 0.4412611424922943 79.82685852050781
0.4074268937110901 0.024111926555633545 0.9129194021224976 25.377052307128906 0.004722373094409704 0.9995823502540588 -0.02850840985774994 1.4863914251327515 -0.9132256507873535 0.015926240012049675 0.4071429371833801 80.21673583984375
0.3727080225944519 0.02737988717854023 0.9275445938110352 26.2528076171875 -0.002328059868887067 0.9995890259742737 -0.028571082279086113 1.4530560970306396 -0.9279457330703735 0.008489289321005344 0.3726186156272888 80.5775146484375
0.3362215757369995 0.029409170150756836 0.9413235783576965 27.16432762145996 -0.0070642149075865746 0.9995629787445068 -0.028705507516860962 1.4151967763900757 -0.9417563080787659 0.003001699922606349 0.3362824618816376 80.94498443603516
0.3003655672073364 0.028779981657862663 0.9533898830413818 28.069473266601562 -0.009343191049993038 0.9995855689048767 -0.027230918407440186 1.3829035758972168 -0.9537783861160278 -0.0007284734747372568 0.3005099594593048 81.23709106445312
0.26406943798065186 0.028265075758099556 0.9640894532203674 29.00543975830078 -0.009996011853218079 0.9995970726013184 -0.02656812220811844 1.3470736742019653 -0.964451789855957 -0.002621221821755171 0.26424556970596313 81.49876403808594
0.22831876575946808 0.02776450105011463 0.9731904864311218 29.96107292175293 -0.008663808926939964 0.9996116757392883 -0.026485677808523178 1.3134998083114624 -0.9735478758811951 -0.0023843608796596527 0.22847065329551697 81.72823333740234
0.1932177096605301 0.02688095159828663 0.9807876348495483 30.91606903076172 -0.006282289978116751 0.9996380805969238 -0.026159966364502907 1.2883450984954834 -0.9811357855796814 -0.0011070223990827799 0.19331666827201843 81.90937805175781
0.15872809290885925 0.025660039857029915 0.9869888424873352 31.889665603637695 0.0020979500841349363 0.9996511936187744 -0.026326637715101242 1.252018928527832 -0.987320065498352 0.006249431055039167 0.15861889719963074 82.05429077148438
0.1250588446855545 0.028802353888750076 0.9917311668395996 32.87616729736328 0.004518542904406786 0.9995516538619995 -0.029599273577332497 1.2090080976486206 -0.9921390414237976 0.008182830177247524 0.12487262487411499 82.18342590332031
0.0922868549823761 0.03377486392855644 0.995159387588501 33.84681701660156 0.005682199262082577 0.9993904232978821 -0.034445397555828094 1.1751689910888672 -0.9957162737846375 0.008833550848066807 0.09203868359327316 82.27378845214844
0.06324192881584167 0.03768017143011093 0.9972866177558899 34.82011413574219 0.01263134554028511 0.9991766810417175 -0.03855258598923683 1.1364881992340088 -0.9979182481765747 0.01503521017730236 0.06271389871835709 82.32130432128906
0.03798715025186539 0.03617632016539574 0.9986231923103333 35.865150451660156 0.014258149079978466 0.9992231130599976 -0.036740418523550034 1.0998010635375977 -0.9991764426231384 0.01563418284058571 0.037441838532686234 82.36054992675781
0.0158180333673954 0.03314454108476639 0.9993254542350769 36.86079406738281 0.015943843871355057 0.9993149638175964 -0.03339656442403793 1.0598558187484741 -0.9997476935386658 0.016461357474327087 0.01527874730527401 82.37083435058594
-0.0030693113803863525 0.03054407611489296 0.999528706073761 37.8553581237793 0.016030127182602882 0.9994064569473267 -0.030491117388010025 1.0171550512313843 -0.9998668432235718 0.015928983688354492 -0.003557119518518448 82.3686752319336
-0.019864624366164207 0.033777572214603424 0.9992320537567139 38.88261795043945 0.018524397164583206 0.9992700219154358 -0.03341060131788254 0.9738237857818604 -0.9996310472488403 0.017846480011940002 -0.020475834608078003 82.35315704345703
-0.03424544632434845 0.03791427239775658 0.9986940622329712 39.88080978393555 0.021275876089930534 0.9990813732147217 -0.03719942644238472 0.9347851276397705 -0.9991869330406189 0.019974181428551674 -0.035020649433135986 82.31098937988281
-0.0465351939201355 0.04294700175523758 0.997992992401123 40.87458801269531 0.025986015796661377 0.9987893104553223 -0.04176957160234451 0.8879925012588501 -0.998578667640686 0.023990102112293243 -0.04759487509727478 82.26245880126953
-0.05500632897019386 0.04670952260494232 0.9973928928375244 41.90570831298828 0.03126734495162964 0.998495876789093 -0.04503678157925606 0.8408257961273193 -0.9979963302612305 0.028708521276712418 -0.05638407543301582 82.19577026367188
-0.06089942529797554 0.051901206374168396 0.9967936277389526 42.90196990966797 0.03477141633629799 0.9981513023376465 -0.04984752833843231 0.7871900796890259 -0.9975380897521973 0.031624242663383484 -0.06259152293205261 82.12875366210938
-0.06450986862182617 0.05674360692501068 0.9963024258613586 43.916099548339844 0.03685905411839485 0.9978362917900085 -0.05444436892867088 0.7306017875671387 -0.9972361326217651 0.03321056813001633 -0.06646181643009186 82.058349609375
-0.06709352880716324 0.060671769082546234 0.9959002733230591 44.92719268798828 0.0391697883605957 0.9975401759147644 -0.058132804930210114 0.6665747165679932 -0.9969775676727295 0.035108864307403564 -0.06930499523878098 81.98403930664062
-0.06987693905830383 0.0635206550359726 0.9955312013626099 45.944488525390625 0.039794109761714935 0.9973536729812622 -0.060843776911497116 0.5991086959838867 -0.9967615604400635 0.03536469489336014 -0.07221977412700653 81.90829467773438
-0.07255624979734421 0.06684165447950363 0.9951220154762268 46.95279312133789 0.04065563157200813 0.9971206784248352 -0.06401161849498749 0.527512788772583 -0.9965353012084961 0.0358128696680069 -0.07506481558084488 81.8379898071289
-0.07411912828683853 0.07103540748357773 0.994716227054596 47.95951843261719 0.0422394797205925 0.9967883229255676 -0.06803600490093231 0.4635474681854248 -0.9963544607162476 0.036973536014556885 -0.07688158005475998 81.74859619140625
-0.07653909176588058 0.07241766899824142 0.9944332838058472 48.974761962890625 0.045016396790742874 0.9965928196907043 -0.06911014020442963 0.38906002044677734 -0.9960498213768005 0.0394761748611927 -0.07953829318284988 81.66850280761719
-0.0787690207362175 0.07106563448905945 0.9943565726280212 50.00048828125 0.04541391506791115 0.9966760873794556 -0.06763389706611633 0.30626392364501953 -0.9958579540252686 0.039830178022384644 -0.0817345604300499 81.59142303466797
-0.08078127354383469 0.07093887776136398 0.9942041635513306 51.02665710449219 0.04478545859456062 0.9967150092124939 -0.06747911870479584 0.23637771606445312 -0.9957252144813538 0.0390748456120491 -0.08369293063879013 81.50349426269531
-0.082840196788311 0.07225865870714188 0.9939397573471069 52.055931091308594 0.044680625200271606 0.9966341853141785 -0.06873062998056412 0.16217327117919922 -0.9955607056617737 0.03871619701385498 -0.08578994870185852 81.41004180908203
-0.08505680412054062 0.07459577918052673 0.9935798048973083 53.08392333984375 0.04418034106492996 0.9964951872825623 -0.07103253901004791 0.08313941955566406 -0.995396077632904 0.03785490244626999 -0.088054358959198 81.31623077392578
-0.08776577562093735 0.07652415335178375 0.993197500705719 54.11476135253906 0.04240773245692253 0.9964280724525452 -0.07302561402320862 -0.00047516822814941406 -0.9952380061149597 0.035710107535123825 -0.09069748967885971 81.22806549072266
-0.09019093960523605 0.08019329607486725 0.9926906228065491 55.14521026611328 0.04003077745437622 0.9962393045425415 -0.07684298604726791 -0.08657336235046387 -0.995119571685791 0.032807640731334686 -0.09306196868419647 81.13297271728516
-0.09253297746181488 0.08440648764371872 0.9921256303787231 56.18605041503906 0.03642905876040459 0.9960204362869263 -0.08134021610021591 -0.16985321044921875 -0.9950429797172546 0.028615549206733704 -0.09523958712816238 81.04415893554688
-0.09508819133043289 0.08705451339483261 0.9916549921035767 57.235965728759766 0.03403913602232933 0.9958706498146057 -0.08416062593460083 -0.25637292861938477 -0.9948866367340088 0.02575240470468998 -0.09765878319740295 80.93900299072266
-0.09813304990530014 0.08557340502738953 0.9914873242378235 58.28868103027344 0.03197216987609863 0.9960529208183289 -0.08280299603939056 -0.3469548225402832 -0.9946595430374146 0.023574290797114372 -0.10048168152570724 80.83941650390625
-0.10073090344667435 0.08143637329339981 0.9915751218795776 59.34417724609375 0.029034944251179695 0.996460497379303 -0.07888803631067276 -0.43977999687194824 -0.9944899082183838 0.02084386721253395 -0.1027388796210289 80.72915649414062
-0.10313396155834198 0.07986464351415634 0.9914560317993164 60.39615249633789 0.029397455975413322 0.9965806007385254 -0.07721944898366928 -0.5279903411865234 -0.9942328929901123 0.021182334050536156 -0.10512913763523102 80.62318420410156
-0.10536415874958038 0.07998871058225632 0.9912115335464478 61.43745040893555 0.02857772260904312 0.9965915679931641 -0.07738511264324188 -0.6218092441558838 -0.9940230846405029 0.020172948017716408 -0.10729092359542847 80.52183532714844
-0.10642587393522263 0.08288512378931046 0.9908600449562073 62.5010871887207 0.029591955244541168 0.9963421821594238 -0.08016529679298401 -0.7083804607391357 -0.9938802123069763 0.020789824426174164 -0.10848934203386307 80.40535736083984
-0.10712549090385437 0.08587048947811127 0.9905303716659546 63.569942474365234 0.030200468376278877 0.9960846304893494 -0.08308582752943039 -0.7956998348236084 -0.9937867522239685 0.02101386897265911 -0.10929938405752182 80.28766632080078
-0.10733983665704727 0.08650133013725281 0.9904522895812988 64.63042449951172 0.029178008437156677 0.9960530400276184 -0.08382829278707504 -0.8894839286804199 -0.9937940835952759 0.01990131288766861 -0.10944010317325592 80.16963195800781
-0.10759399086236954 0.08491780608892441 0.9905617237091064 65.69424438476562 0.026359539479017258 0.9962390661239624 -0.0825413390994072 -0.988353967666626 -0.9938454031944275 0.017229802906513214 -0.10942773520946503 80.06393432617188
-0.10754065960645676 0.0844673439860344 0.9906060099601746 66.7495346069336 0.02246178314089775 0.9963363409042358 -0.08251751959323883 -1.0784673690795898 -0.9939468502998352 0.013376791961491108 -0.10904397070407867 79.95539093017578
-0.10733123868703842 0.0858253464102745 0.9905120134353638 67.83509826660156 0.01858198642730713 0.99626624584198 -0.08431040495634079 -1.1753208637237549 -0.9940496683120728 0.009356541559100151 -0.10852528363466263 79.8381576538086
-0.10743948072195053 0.08631648123264313 0.9904577136039734 68.91529083251953 0.01467509102076292 0.9962533116340637 -0.08522968739271164 -1.2692914009094238 -0.9941033124923706 0.005378024652600288 -0.10830364376306534 79.72793579101562
-0.10808802396059036 0.08521651476621628 0.9904822707176208 69.9942626953125 0.011120900511741638 0.996360719203949 -0.08450867235660553 -1.3733506202697754 -0.9940791130065918 0.0018806825391948223 -0.1086423248052597 79.61865997314453
-0.10813487321138382 0.08012989163398743 0.9909016489982605 71.09429168701172 0.011798021383583546 0.9967795610427856 -0.07931772619485855 -1.467832088470459 -0.9940661787986755 0.0031136672478169203 -0.10873201489448547 79.5010757446289
-0.10869033634662628 0.07173745334148407 0.9914838671684265 72.19061279296875 0.014914801344275475 0.9973980784416199 -0.07053034752607346 -1.554304599761963 -0.9939637780189514 0.007121816277503967 -0.10947748273611069 79.38704681396484
-0.10827203840017319 0.06618838012218475 0.9919154644012451 73.28758239746094 0.020900005474686623 0.9977121353149414 -0.06429384648799896 -1.642730712890625 -0.9939016103744507 0.013769811019301414 -0.10940767079591751 79.26199340820312
-0.10731104761362076 0.06843097507953644 0.99186772108078 74.39181518554688 0.02936127968132496 0.9974116086959839 -0.06563682854175568 -1.718515396118164 -0.9937918782234192 0.022078949958086014 -0.10904249548912048 79.12621307373047
-0.10597862303256989 0.07408025115728378 0.9916051030158997 75.48111724853516 0.03482667729258537 0.9968857169151306 -0.07075262814760208 -1.7949204444885254 -0.9937584400177002 0.027036046609282494 -0.10822854191064835 79.00318145751953
-0.1054043173789978 0.07962842285633087 0.9912362098693848 76.5822525024414 0.038029078394174576 0.9963825345039368 -0.0759979709982872 -1.8799800872802734 -0.9937020540237427 0.029685283079743385 -0.10805121064186096 78.88480377197266
-0.10500873625278473 0.08387906849384308 0.9909275770187378 77.67378234863281 0.03905570134520531 0.9960156679153442 -0.08017100393772125 -1.9712955951690674 -0.993704080581665 0.03028271347284317 -0.1078663021326065 78.77489471435547
-0.10461930185556412 0.08159379661083221 0.9911594986915588 78.79383850097656 0.03569331020116806 0.9962945580482483 -0.0782490149140358 -2.0560271739959717 -0.9938716888427734 0.0271914005279541 -0.10714399814605713 78.6613998413086
-0.10447322577238083 0.07714132964611053 0.9915313124656677 79.89453125 0.03553994745016098 0.9966400265693665 -0.07379408180713654 -2.150318145751953 -0.9938924312591553 0.027529466897249222 -0.10686378926038742 78.55548858642578
-0.1041988655924797 0.07482697814702988 0.9917376041412354 81.05036926269531 0.033236313611269 0.996870756149292 -0.07172223180532455 -2.2407028675079346 -0.9940009713172913 0.02548833005130291 -0.10635978728532791 78.42109680175781
-0.10432451218366623 0.07559984177350998 0.991665780544281 82.18001556396484 0.031206727027893066 0.9968646168708801 -0.07271315902471542 -2.3257341384887695 -0.9940535426139832 0.02336088754236698 -0.10635664314031601 78.30970764160156
-0.10441397875547409 0.08011339604854584 0.991301953792572 83.29784393310547 0.0330376923084259 0.9964796304702759 -0.07705195248126984 -2.4294888973236084 -0.9939849972724915 0.024705030024051666 -0.10669314116239548 78.20476531982422
-0.10288278013467789 0.0833028256893158 0.9911991357803345 84.44927978515625 0.03223658725619316 0.9962427616119385 -0.08038067072629929 -2.5084805488586426 -0.9941709637641907 0.023683086037635803 -0.10518164932727814 78.06355285644531
-0.10186133533716202 0.0823560357093811 0.9913837313652039 85.6003189086914 0.03226440027356148 0.9963164329528809 -0.07945075631141663 -2.599045515060425 -0.9942751526832581 0.023893440142273903 -0.10414331406354904 77.93862915039062
-0.10205021500587463 0.07523736357688904 0.9919300079345703 86.74713134765625 0.03361668065190315 0.9968270659446716 -0.07215031236410141 -2.698490619659424 -0.9942111968994141 0.025982433930039406 -0.10425561666488647 77.82799530029297
-0.1023368090391159 0.07403384894132614 0.9919910430908203 87.91584777832031 0.03271951898932457 0.9969375729560852 -0.07102758437395096 -2.7844974994659424 -0.9942114949226379 0.025188729166984558 -0.10444576293230057 77.70384216308594
-0.10215898603200912 0.07673700898885727 0.9918038845062256 89.07122802734375 0.03011426329612732 0.9968017935752869 -0.0740218386054039 -2.877843141555786 -0.9943121671676636 0.02230544574558735 -0.1041431576013565 77.59749603271484
-0.10214043408632278 0.07987983524799347 0.9915575981140137 90.24274444580078 0.029825206845998764 0.9965685606002808 -0.07721122354269028 -2.967757225036621 -0.9943227767944336 0.02168702334165573 -0.10417237132787704 77.48263549804688
-0.1023528128862381 0.07933183014392853 0.9915797114372253 91.41548156738281 0.028857961297035217 0.9966320991516113 -0.0767572671175003 -3.062107563018799 -0.994329571723938 0.020758647471666336 -0.1042974516749382 77.36892700195312
-0.10149147361516953 0.07618929445743561 0.9919146299362183 92.60566711425781 0.02864925004541874 0.9968733787536621 -0.07363881915807724 -3.153228759765625 -0.9944238066673279 0.0209438968449831 -0.10335690528154373 77.23826599121094
-0.10095995664596558 0.07469581067562103 0.992082417011261 93.79670715332031 0.02819398231804371 0.9969918727874756 -0.07219626009464264 -3.254223585128784 -0.994490921497345 0.020681822672486305 -0.10276222229003906 77.12109375
-0.09973399341106415 0.07502493262290955 0.9921815991401672 94.98504638671875 0.02958477847278118 0.9969360828399658 -0.07241058349609375 -3.3476150035858154 -0.9945743083953857 0.022131675854325294 -0.1016480103135109 77.00337219238281
-0.09854469448328018 0.07528345286846161 0.992280900478363 96.17955017089844 0.032127052545547485 0.9968551397323608 -0.07243992388248444 -3.440765619277954 -0.9946138858795166 0.024740487337112427 -0.10065343976020813 76.87660217285156
-0.09734860807657242 0.07483521103858948 0.9924327731132507 97.38468933105469 0.03207855299115181 0.9968868494033813 -0.07202446460723877 -3.531606674194336 -0.9947331547737122 0.02482433058321476 -0.09944617003202438 76.74998474121094
-0.09637852758169174 0.07556221634149551 0.9924724698066711 98.58528137207031 0.032968390733003616 0.9968093633651733 -0.07269086688756943 -3.6227943897247314 -0.994798481464386 0.02571437880396843 -0.09856220334768295 76.63749694824219
-0.09538844227790833 0.07388252764940262 0.9926944971084595 99.78465270996094 0.032416630536317825 0.9969434142112732 -0.07108382880687714 -3.7166945934295654 -0.9949120879173279 0.025399234145879745 -0.09749191254377365 76.53093719482422
-0.0938403457403183 0.0726233720779419 0.9929348826408386 101.01055145263672 0.031385887414216995 0.9970560073852539 -0.06995857506990433 -3.8136534690856934 -0.9950923919677734 0.02459920011460781 -0.09584341943264008 76.40122985839844
-0.09205014258623123 0.07224917411804199 0.9931297898292542 102.22491455078125 0.032509226351976395 0.9970505833625793 -0.0695212259888649 -3.9009242057800293 -0.9952234625816345 0.02588644251227379 -0.09412740916013718 76.2871322631836
-0.08981302380561829 0.07299710810184479 0.9932799935340881 103.45503234863281 0.030455056577920914 0.9970452785491943 -0.0705200731754303 -3.9955079555511475 -0.9954928755760193 0.02391677536070347 -0.09177077561616898 76.1695785522461
-0.08952486515045166 0.07552966475486755 0.993116557598114 104.68482971191406 0.03080272488296032 0.9968534111976624 -0.07303714752197266 -4.087349891662598 -0.995508074760437 0.024052057415246964 -0.0915696918964386 76.06887817382812
-0.08846542239189148 0.07431522011756897 0.993303120136261 105.90791320800781 0.028166797012090683 0.9970007538795471 -0.07208326458930969 -4.178332328796387 -0.9956808686256409 0.021601291373372078 -0.09029332548379898 75.96590423583984
-0.08785487711429596 0.07311520725488663 0.9934462904930115 107.15486907958984 0.02516810968518257 0.9971472024917603 -0.07116184383630753 -4.278202056884766 -0.9958152770996094 0.018751254305243492 -0.08944442123174667 75.85810852050781
-0.08778533339500427 0.07418622821569443 0.9933730959892273 108.39627838134766 0.02227392978966236 0.9971197843551636 -0.0724976658821106 -4.3697075843811035 -0.9958903789520264 0.0157620906829834 -0.08918491005897522 75.75316619873047
-0.08768071234226227 0.07361456006765366 0.9934247732162476 109.62097930908203 0.019377972930669785 0.9972030520439148 -0.07218421250581741 -4.465624809265137 -0.9959601163864136 0.01292139757424593 -0.08886197954416275 75.64112091064453
-0.08869703114032745 0.07086805254220963 0.9935343265533447 110.8687973022461 0.016609732061624527 0.9974322319030762 -0.06966326385736465 -4.56328010559082 -0.9959201216697693 0.010323412716388702 -0.08964637666940689 75.53289794921875
-0.0900004506111145 0.06957905739545822 0.9935082793235779 112.12999725341797 0.01452765055000782 0.9975422024726868 -0.06854553520679474 -4.657257556915283 -0.9958357810974121 0.008264211937785149 -0.09079006314277649 75.42555236816406
-0.09194333106279373 0.06915245205163956 0.9933601021766663 113.39350128173828 0.012266352772712708 0.9975886344909668 -0.06831147521734238 -4.747677326202393 -0.9956886768341064 0.005904121790081263 -0.09256986528635025 75.32472229003906
-0.09316062182188034 0.06883784383535385 0.9932686686515808 114.64730834960938 0.012737100012600422 0.9976078271865845 -0.06794394552707672 -4.848055362701416 -0.99556964635849 0.006321661174297333 -0.09381457418203354 75.20464324951172
-0.0953962504863739 0.06746450066566467 0.993150532245636 115.90702056884766 0.012295905500650406 0.9977044463157654 -0.06659277528524399 -4.940277576446533 -0.9953634738922119 0.005858984310179949 -0.09600681066513062 75.08735656738281
-0.0988074541091919 0.06258895993232727 0.9931362867355347 117.17308044433594 0.008971952833235264 0.9980354905128479 -0.062005095183849335 -5.033782482147217 -0.9950661063194275 0.0027838058304041624 -0.09917488694190979 74.97409057617188
-0.10329697281122208 0.0626700147986412 0.9926741719245911 118.43083190917969 0.008042355999350548 0.9980331063270569 -0.06217145174741745 -5.118725776672363 -0.9946179986000061 0.0015613173600286245 -0.10359781235456467 74.85043334960938
-0.10857836902141571 0.06876888126134872 0.9917063117027283 119.67245483398438 0.004036530386656523 0.9976266026496887 -0.0687374696135521 -5.20674467086792 -0.9940797090530396 -0.0034603490494191647 -0.10859823226928711 74.71834564208984
-0.11611092835664749 0.07193632423877716 0.9906278252601624 120.89496612548828 0.004678626079112291 0.9974023103713989 -0.07187989354133606 -5.297428131103516 -0.9932252764701843 -0.003711263881996274 -0.11614587157964706 74.58865356445312
-0.12451343983411789 0.06799723953008652 0.9898852109909058 122.15093994140625 0.006781274918466806 0.9976840615272522 -0.0676799789071083 -5.393225193023682 -0.9921947717666626 -0.0017143810400739312 -0.12468614429235458 74.42276000976562
-0.13527220487594604 0.06596849858760834 0.9886099100112915 123.38050079345703 0.009020240977406502 0.9978217482566833 -0.06534893810749054 -5.48666524887085 -0.9907674193382263 7.760521839372814e-05 -0.13557258248329163 74.25725555419922
-0.14828424155712128 0.06683770567178726 0.98668372631073 124.610107421875 0.009383280761539936 0.9977636337280273 -0.06617811322212219 -5.580178260803223 -0.988900363445282 -0.0005548432818613946 -0.14857982099056244 74.07888793945312
