1.0 0.0 0.0 0.0 0.0 1.0 0.0 0.0 0.0 0.0 1.0 0.0
0.9999986290931702 0.0007660111295990646 0.0014682000037282705 -0.006339592859148979 -0.0007592911715619266 0.9999892711639404 -0.0045721265487372875 -0.0023730334360152483 -0.0014716865262016654 0.004571005702018738 0.9999884963035583 0.9639638662338257
0.9999966621398926 -0.0014477258082479239 0.0021506084594875574 -0.002716740593314171 0.0014591944636777043 0.9999846816062927 -0.0053407554514706135 -0.000925765372812748 -0.002142843557521701 0.005343875847756863 0.9999834299087524 1.9184865951538086
0.9999933838844299 -0.00255395844578743 0.002628644462674856 -0.009305000305175781 0.0025573167949914932 0.9999959468841553 -0.0012749526649713516 -0.0037078638561069965 -0.0026253778487443924 0.0012816666858270764 0.9999957084655762 2.850748300552368
0.9999850392341614 -0.005087775643914938 0.0019644254352897406 -0.006556807551532984 0.005078149028122425 0.9999751448631287 0.0048743910156190395 -0.007146721705794334 -0.0019891762640327215 -0.004864342976361513 0.9999861717224121 3.7995381355285645
0.9999622702598572 -0.008668839931488037 0.00048049655742943287 -0.0037567492108792067 0.008666355162858963 0.999950110912323 0.004955541342496872 -0.004046497866511345 -0.0005234315758571029 -0.004951189737766981 0.9999875426292419 4.737123489379883
0.999936580657959 -0.011260000057518482 -0.0001610172912478447 -0.006465415470302105 0.01126030832529068 0.9999343752861023 0.002067589433863759 -0.001912364736199379 0.00013772567035630345 -0.0020692709367722273 0.9999977946281433 5.6642961502075195
0.9999275207519531 -0.011974330060184002 -0.0011966776801273227 -0.009273438714444637 0.011972399428486824 0.9999269843101501 -0.0016089151613414288 0.004652985371649265 0.0012158561730757356 0.0015944717451930046 0.9999980330467224 6.591567039489746
0.9999316930770874 -0.011579806916415691 -0.0015504128532484174 -0.017501629889011383 0.011576858349144459 0.9999312162399292 -0.0018964122282341123 -0.0013608895242214203 0.001572266104631126 0.001878333860076964 0.9999970197677612 7.51517915725708
0.9999317526817322 -0.011400390416383743 -0.0025820850860327482 -0.027669701725244522 0.0114004360511899 0.99993497133255 2.752058207988739e-06 -0.0014960851985961199 0.002581886015832424 -3.21889529004693e-05 0.9999967217445374 8.426225662231445
0.999935507774353 -0.010970676317811012 -0.002930235816165805 -0.038472458720207214 0.010978174395859241 0.9999364018440247 0.002555311657488346 0.005659881979227066 0.0029020162764936686 -0.002587315859273076 0.9999924302101135 9.368082046508789
0.9999305605888367 -0.011175323277711868 -0.003742642467841506 -0.04806744307279587 0.011191291734576225 0.9999282360076904 0.004273179918527603 0.006079822778701782 0.003694619983434677 -0.004314768128097057 0.9999838471412659 10.290152549743652
0.9999117255210876 -0.01245897263288498 -0.004600543063133955 -0.04912472143769264 0.012482027523219585 0.999909520149231 0.0050173006020486355 0.007448088377714157 0.004537615459412336 -0.005074283108115196 0.9999768137931824 11.204401969909668
0.9999027252197266 -0.012758108787238598 -0.005621665623039007 -0.05542837828397751 0.01278770249336958 0.9999043345451355 0.005259957630187273 0.007688291370868683 0.005554020870476961 -0.005331334192305803 0.9999703168869019 12.119379043579102
0.9998950958251953 -0.013061552308499813 -0.006250283215194941 -0.06128736585378647 0.01308469194918871 0.9999076128005981 0.0036759148351848125 0.014279432594776154 0.00620169285684824 -0.003757311962544918 0.9999736547470093 13.017810821533203
0.999883770942688 -0.01346191018819809 -0.007149030454456806 -0.08271417021751404 0.013473901897668839 0.9999078512191772 0.0016318082343786955 0.019472984597086906 0.007126404903829098 -0.001727943541482091 0.9999731779098511 13.927645683288574
0.9998483657836914 -0.014835851266980171 -0.009115095250308514 -0.08310005068778992 0.014837495982646942 0.9998898506164551 0.00011294661089777946 0.02599383145570755 0.00911241490393877 -0.00024817464873194695 0.9999583959579468 14.83016300201416
0.9998325109481812 -0.014713766984641552 -0.01087873987853527 -0.09584151208400726 0.014711592346429825 0.9998917579650879 -0.0002798131899908185 0.020170077681541443 0.010881679132580757 0.00011972276115557179 0.9999407529830933 15.728829383850098
0.9998393058776855 -0.013270429335534573 -0.012052330188453197 -0.12165992707014084 0.01325847115367651 0.9999114871025085 -0.0010714808013290167 0.020325742661952972 0.012065481394529343 0.0009115133434534073 0.9999268054962158 16.63091468811035
0.9998365640640259 -0.01162870042026043 -0.013838688842952251 -0.13632038235664368 0.011614329181611538 0.9999319314956665 -0.0011183852329850197 0.019624650478363037 0.013850750401616096 0.000957475567702204 0.9999036192893982 17.523839950561523
0.9998084902763367 -0.012506497092545033 -0.01504205446690321 -0.15629905462265015 0.012505851686000824 0.9999217391014099 -0.000136914401082322 0.01673145964741707 0.015042588114738464 -5.122547736391425e-05 0.9998868703842163 18.41948890686035
0.9997873306274414 -0.011993653140962124 -0.016775116324424744 -0.17119282484054565 0.012014453299343586 0.9999271035194397 0.0011395108886063099 0.017842143774032593 0.01676023006439209 -0.0013408124214038253 0.999858558177948 19.300594329833984
0.9997581839561462 -0.011699272319674492 -0.01862044259905815 -0.1866833120584488 0.01172768883407116 0.9999301433563232 0.0014176297700032592 0.023394567891955376 0.018602559342980385 -0.0016356618143618107 0.9998255968093872 20.18503189086914
0.999714732170105 -0.0129688186571002 -0.020057382062077522 -0.2088448852300644 0.013002637773752213 0.9999142289161682 0.001556528965011239 0.021679889410734177 0.020035473629832268 -0.0018168839160352945 0.9997975826263428 21.06093978881836
0.9996767640113831 -0.012863303534686565 -0.021926600486040115 -0.23257313668727875 0.012881246395409107 0.9999167919158936 0.000677319651003927 0.024259448051452637 0.021916061639785767 -0.0009595425799489021 0.9997594356536865 21.935396194458008
0.999668538570404 -0.012480354867875576 -0.022514481097459793 -0.25426599383354187 0.012514857575297356 0.999920666217804 0.0013922356301918626 0.021216168999671936 0.022495318204164505 -0.0016735396347939968 0.9997455477714539 22.795330047607422
0.9996436834335327 -0.012363352812826633 -0.023653917014598846 -0.2763926386833191 0.012443246319890022 0.9999173283576965 0.0032334341667592525 0.0256032831966877 0.02361198700964451 -0.0035266135819256306 0.9997149109840393 23.653173446655273
0.9996113777160645 -0.013479494489729404 -0.024399595335125923 -0.2980491816997528 0.013632121495902538 0.9998884201049805 0.006099826656281948 0.027535639703273773 0.024314649403095245 -0.006430075503885746 0.9996836185455322 24.497085571289062
0.9996037483215332 -0.013013957068324089 -0.024958617985248566 -0.3246530592441559 0.013209114782512188 0.9998833537101746 0.007670446764677763 0.02789759635925293 0.024855883792042732 -0.007997089065611362 0.9996590614318848 25.338119506835938
0.9995962977409363 -0.012415597215294838 -0.025555836036801338 -0.3531554341316223 0.012580945156514645 0.9999008774757385 0.0063194893300533295 0.03324137628078461 0.025474848225712776 -0.006638453342020512 0.9996534585952759 26.1698055267334
0.9995969533920288 -0.01054086722433567 -0.02636006660759449 -0.3815764784812927 0.010644035413861275 0.9999362230300903 0.003776573808863759 0.03492337465286255 0.026318572461605072 -0.00405562948435545 0.9996453523635864 26.98307228088379
0.9995774626731873 -0.010367916896939278 -0.027154341340065002 -0.4045533835887909 0.010432119481265545 0.9999431371688843 0.0022237442899495363 0.03588815778493881 0.027129745110869408 -0.002506081946194172 0.9996287822723389 27.776517868041992
0.9995610117912292 -0.009439329616725445 -0.02808348461985588 -0.43315210938453674 0.009492454119026661 0.9999534487724304 0.0017589450580999255 0.03973471373319626 0.028065575286746025 -0.0020247537177056074 0.9996040463447571 28.57375144958496
0.999530553817749 -0.009209111332893372 -0.02921934612095356 -0.4626061022281647 0.009250996634364128 0.9999563694000244 0.0012985591311007738 0.03919554874300957 0.029206112027168274 -0.0015682573430240154 0.9995721578598022 29.356216430664062
0.9994593858718872 -0.009408707730472088 -0.03150222450494766 -0.4844341576099396 0.009432937018573284 0.9999552965164185 0.0006205934332683682 0.035269156098365784 0.031494978815317154 -0.0009174164151772857 0.999503493309021 30.148269653320312
0.9993932247161865 -0.009752257727086544 -0.0334378220140934 -0.514738142490387 0.009778711944818497 0.9999520182609558 0.0006277334759943187 0.034879133105278015 0.03343009576201439 -0.0009543315973132849 0.999440610408783 30.914216995239258
0.9993484616279602 -0.009197118692100048 -0.0348992720246315 -0.5520285964012146 0.009252794086933136 0.9999561905860901 0.0014341345522552729 0.04190223664045334 0.034884557127952576 -0.001756116165779531 0.9993897676467896 31.678911209106445
0.9992445707321167 -0.009809798561036587 -0.03760286420583725 -0.568886399269104 0.0099633252248168 0.9999428987503052 0.0038977297954261303 0.04027640074491501 0.03756247088313103 -0.004269436001777649 0.9992851614952087 32.43611145019531
0.9991674423217773 -0.00890714768320322 -0.039813920855522156 -0.6006327867507935 0.009128858335316181 0.999943733215332 0.005390369798988104 0.04282616078853607 0.039763666689395905 -0.005749338306486607 0.9991925358772278 33.17121124267578
0.9991235136985779 -0.007467461749911308 -0.041187211871147156 -0.6448418498039246 0.007703367620706558 0.9999548196792603 0.005571895278990269 0.04404278099536896 0.04114373400807381 -0.00588429206982255 0.9991358518600464 33.89735412597656
0.9990602135658264 -0.004940188955515623 -0.043061546981334686 -0.6854226589202881 0.005154210142791271 0.9999748468399048 0.004860502202063799 0.04383958876132965 0.04303645342588425 -0.005077883135527372 0.9990605711936951 34.62060546875
0.9989765882492065 -0.0032139327377080917 -0.04511606693267822 -0.717022180557251 0.003394604893401265 0.999986469745636 0.003928572870790958 0.05106683075428009 0.045102834701538086 -0.004077703692018986 0.9989739656448364 35.33068084716797
0.9989001154899597 -0.002829803852364421 -0.04680296778678894 -0.7512404918670654 0.0030698422342538834 0.9999825358390808 0.005057625938206911 0.055719777941703796 0.04678783193230629 -0.0051957410760223866 0.9988912343978882 36.03323745727539
0.99886554479599 -0.001580617157742381 -0.04759295657277107 -0.7923481464385986 0.0019156705820932984 0.999973714351654 0.006995188072323799 0.05592256784439087 0.047580648213624954 -0.0070784250274300575 0.9988422989845276 36.728092193603516
0.9988458752632141 0.0010608852608129382 -0.04801606014370918 -0.8276196718215942 -0.0006974912248551846 0.9999709725379944 0.00758430315181613 0.05847726762294769 0.04802270978689194 -0.007542060688138008 0.9988177418708801 37.4041633605957
0.9989020824432373 0.004374099895358086 -0.046641211956739426 -0.8679079413414001 -0.004128718748688698 0.9999771118164062 0.005356081761419773 0.06107383966445923 0.046663571149110794 -0.005157632753252983 0.9988973140716553 38.07818603515625
0.9989757537841797 0.00603222893550992 -0.04484359547495842 -0.9029728770256042 -0.005919523537158966 0.9999789595603943 0.0026456601917743683 0.05681588128209114 0.04485860839486122 -0.002377497497946024 0.998990535736084 38.73001480102539
0.9990530014038086 0.006140826269984245 -0.043074410408735275 -0.9274366497993469 -0.006124300882220268 0.999981164932251 0.0005156046245247126 0.06486347317695618 0.0430767685174942 -0.000251315301284194 0.9990717768669128 39.377532958984375
0.9991933703422546 0.0072484565898776054 -0.03949576988816261 -0.9645988345146179 -0.0071954187005758286 0.999972939491272 0.0014848459977656603 0.06626559048891068 0.03950546681880951 -0.0011994598899036646 0.9992186427116394 40.01421356201172
0.9992565512657166 0.012189020402729511 -0.03657379373908043 -0.9935835599899292 -0.012040380388498306 0.9999183416366577 0.004281603265553713 0.06657745689153671 0.03662298992276192 -0.0038380578625947237 0.9993218183517456 40.65092849731445
0.9993231296539307 0.016401521861553192 -0.032924260944128036 -1.0135838985443115 -0.016164148226380348 0.9998414516448975 0.007462954614311457 0.06946977972984314 0.03304145485162735 -0.0069257114082574844 0.9994299411773682 41.28495788574219
0.9993604421615601 0.021227503195405006 -0.028774715960025787 -1.035559058189392 -0.02099149487912655 0.9997437596321106 0.00847935862839222 0.07307785749435425 0.028947338461875916 -0.007869912311434746 0.999549925327301 41.892330169677734
0.9994134902954102 0.02507818304002285 -0.023316368460655212 -1.0576927661895752 -0.024882344529032707 0.9996529817581177 0.008651729673147202 0.0803179144859314 0.023525245487689972 -0.008066491223871708 0.9996906518936157 42.47508239746094
0.999427855014801 0.02917296253144741 -0.0171149130910635 -1.0830944776535034 -0.028992585837841034 0.9995223879814148 0.010694198310375214 0.0871715247631073 0.017418716102838516 -0.010191873647272587 0.9997963309288025 43.04811096191406
0.9993728399276733 0.033664520829916 -0.01098041795194149 -1.0850508213043213 -0.03353409096598625 0.9993672966957092 0.011853820644319057 0.08500078320503235 0.011372525244951248 -0.011478167958557606 0.9998694658279419 43.5997200012207
0.999306321144104 0.03701960667967796 -0.004046361893415451 -1.089446783065796 -0.03697146847844124 0.9992515444755554 0.011387087404727936 0.09029772877693176 0.004464878235012293 -0.011229589581489563 0.9999269843101501 44.132041931152344
0.9991737008094788 0.04049783945083618 0.0034170253202319145 -1.0947766304016113 -0.04053507372736931 0.9991103410720825 0.011639953590929508 0.08898082375526428 -0.0029425956308841705 -0.011768844909965992 0.9999264478683472 44.63804244995117
0.9989550113677979 0.04448592662811279 0.010476003400981426 -1.0866211652755737 -0.044599857181310654 0.9989454746246338 0.010904425755143166 0.09635022282600403 -0.00997986365109682 -0.011360257863998413 0.9998856782913208 45.130859375
0.9986588358879089 0.04844404384493828 0.0182630755007267 -1.0850459337234497 -0.04859928786754608 0.9987850785255432 0.008154419250786304 0.09959447383880615 -0.01784585788846016 -0.009031054563820362 0.9997999668121338 45.60668182373047
0.998356282711029 0.0507940873503685 0.02654593624174595 -1.0802152156829834 -0.05095571279525757 0.9986860752105713 0.005447437055408955 0.09562703967094421 -0.02623436041176319 -0.006791149731725454 0.9996327757835388 46.06502914428711
0.9980975985527039 0.051188480108976364 0.03436479717493057 -1.0637030601501465 -0.051392048597335815 0.9986656904220581 0.005066361278295517 0.09962926805019379 -0.03405960649251938 -0.0068227993324398994 0.999396562576294 46.49208068847656
0.9978352189064026 0.05031721666455269 0.04234437644481659 -1.0395839214324951 -0.05063503235578537 0.9986963272094727 0.006465929094702005 0.10049088299274445 -0.04196382313966751 -0.008596041239798069 0.9990822076797485 46.8919563293457
0.9973602890968323 0.052386216819286346 0.05028204619884491 -1.018425464630127 -0.05281549319624901 0.9985779523849487 0.007245978340506554 0.10294470191001892 -0.04983095824718475 -0.009882520884275436 0.9987087845802307 47.280845642089844
0.9967195391654968 0.05528203397989273 0.059111032634973526 -1.005033254623413 -0.055815450847148895 0.998413622379303 0.0074100675992667675 0.10119548439979553 -0.058607615530490875 -0.010685067623853683 0.9982239007949829 47.643341064453125
0.9959007501602173 0.06022537127137184 0.06748814880847931 -0.974066972732544 -0.06081857904791832 0.9981257915496826 0.006768099498003721 0.10352882742881775 -0.06695405393838882 -0.010844887234270573 0.997697114944458 47.970375061035156
0.9950019717216492 0.06398657709360123 0.07666046172380447 -0.9567480087280273 -0.06470535695552826 0.9978803992271423 0.006926746107637882 0.10055556893348694 -0.07605474442243576 -0.011852467432618141 0.9970331192016602 48.27299499511719
0.9942724108695984 0.06323366612195969 0.08616229146718979 -0.9287891387939453 -0.06412745267152786 0.9979125261306763 0.007642526179552078 0.0984584391117096 -0.08549914509057999 -0.013124117627739906 0.9962517619132996 48.55766677856445
0.9933832883834839 0.0620330274105072 0.0966515988111496 -0.8884129524230957 -0.06287263333797455 0.9980054497718811 0.005662791896611452 0.09899681806564331 -0.09610754251480103 -0.01170206256210804 0.995302140712738 48.83348083496094
0.9922569394111633 0.060571689158678055 0.1084316223859787 -0.8532471656799316 -0.061073385179042816 0.9981323480606079 0.0013087202096357942 0.09580392390489578 -0.10814984142780304 -0.007920868694782257 0.9941030740737915 49.091461181640625
0.9906697869300842 0.06154949590563774 0.1215938851237297 -0.8105955123901367 -0.061651140451431274 0.9980934858322144 -0.0029296588618308306 0.09881623089313507 -0.12154237926006317 -0.004594076424837112 0.9925755858421326 49.35880661010742
0.9885417222976685 0.06311491876840591 0.1371195763349533 -0.7725167274475098 -0.06301944702863693 0.9979996085166931 -0.0050416067242622375 0.09589284658432007 -0.1371634602546692 -0.003657362423837185 0.9905416369438171 49.62324905395508
0.9860652685165405 0.06484965234994888 0.15319858491420746 -0.7208766937255859 -0.06463029235601425 0.9978887438774109 -0.006416752468794584 0.09346964955329895 -0.15329128503799438 -0.003573932684957981 0.988174557685852 49.87297439575195
0.9832419753074646 0.065462127327919 0.17014652490615845 -0.6663169860839844 -0.06511713564395905 0.9978485703468323 -0.007613356690853834 0.09299421310424805 -0.170278862118721 -0.0035936846397817135 0.9853892922401428 50.131744384765625
0.9799913763999939 0.06440741568803787 0.18833129107952118 -0.607426643371582 -0.06384730339050293 0.9979185461997986 -0.009045532904565334 0.095237135887146 -0.18852192163467407 -0.0031599027570337057 0.982063889503479 50.388545989990234
0.9761036038398743 0.06374251842498779 0.20774675905704498 -0.5406284332275391 -0.06320853531360626 0.9979577660560608 -0.009214386343955994 0.08989033102989197 -0.20790986716747284 -0.004137175623327494 0.9781392216682434 50.63123321533203
0.9716182351112366 0.06380533427000046 0.22778721153736115 -0.46584320068359375 -0.06312836706638336 0.9979525804519653 -0.01026415266096592 0.08449560403823853 -0.2279757559299469 -0.0044069974683225155 0.9736568331718445 50.865631103515625
0.9663330316543579 0.06616294384002686 0.24864202737808228 -0.388214111328125 -0.06507256627082825 0.997800886631012 -0.012611161917448044 0.08354085683822632 -0.24892963469028473 -0.0039931912906467915 0.9685133099555969 51.102699279785156
0.9600942730903625 0.06721507012844086 0.2714794874191284 -0.3065204620361328 -0.06568516790866852 0.9977315664291382 -0.01472913846373558 0.07990401983261108 -0.2718537151813507 -0.0036908139009028673 0.9623314738273621 51.35211944580078
0.9528523087501526 0.06874878704547882 0.29554370045661926 -0.20647525787353516 -0.0670679435133934 0.9976226687431335 -0.01583361066877842 0.07037317752838135 -0.2959296703338623 -0.004734415095299482 0.9551979899406433 51.58549499511719
0.9443442821502686 0.07149912416934967 0.3210947513580322 -0.10796833038330078 -0.06982715427875519 0.9974187016487122 -0.01673559471964836 0.063640296459198 -0.3214625418186188 -0.006616969592869282 0.9468992352485657 51.82268142700195
0.9344270825386047 0.07365407794713974 0.34845539927482605 -0.0012645721435546875 -0.07194408774375916 0.9972487688064575 -0.01786435954272747 0.05581820011138916 -0.348812460899353 -0.008376364596188068 0.9371551275253296 52.059226989746094
0.9232385754585266 0.07433701306581497 0.3769676387310028 0.11952018737792969 -0.07241208106279373 0.997188150882721 -0.01929708570241928 0.04970252513885498 -0.377342164516449 -0.009481199085712433 0.926025390625 52.29952621459961
0.910696268081665 0.07223149389028549 0.40671223402023315 0.2625846862792969 -0.06956087052822113 0.9973488450050354 -0.021369338035583496 0.03936278820037842 -0.40717753767967224 -0.00883028656244278 0.9133062362670898 52.53485107421875
0.8957195281982422 0.06977303326129913 0.4391108453273773 0.4056529998779297 -0.06586691737174988 0.997536301612854 -0.024146180599927902 0.032509803771972656 -0.43971365690231323 -0.0072946734726428986 0.8981083631515503 52.76144790649414
0.8783972859382629 0.06914404034614563 0.4729030132293701 0.5626430511474609 -0.06327136605978012 0.9975939989089966 -0.028336219489574432 0.022057414054870605 -0.47372448444366455 -0.0050307647325098515 0.8806586265563965 52.984588623046875
0.8589606881141663 0.07099515944719315 0.5070957541465759 0.7271099090576172 -0.06257107853889465 0.9974726438522339 -0.03366156294941902 0.017518043518066406 -0.5082040429115295 -0.002815564628690481 0.8612320423126221 53.20650863647461
0.837274432182312 0.07280357927083969 0.5419143438339233 0.9162197113037109 -0.06200055405497551 0.997344970703125 -0.03819572180509567 0.008427143096923828 -0.5432563424110413 -0.0016186839202418923 0.8395652770996094 53.432701110839844
0.8126547932624817 0.07555779814720154 0.5778260827064514 1.111673355102539 -0.06292577087879181 0.9971387386322021 -0.04188917577266693 -0.0017594099044799805 -0.5793377757072449 -0.0023187133483588696 0.8150841593742371 53.65960693359375
0.7850995659828186 0.07961562275886536 0.614231288433075 1.3208694458007812 -0.06597881019115448 0.9968116283416748 -0.044872064143419266 -0.013093113899230957 -0.6158454418182373 -0.005297214724123478 0.7878491878509521 53.89271545410156
0.7551510334014893 0.0841703861951828 0.650124728679657 1.5439376831054688 -0.06984309107065201 0.9964084625244141 -0.04787695035338402 -0.02757716178894043 -0.6518195271492004 -0.00925239734351635 0.7583175301551819 54.11891174316406
0.7221329212188721 0.08509194105863571 0.6865007877349854 1.8072013854980469 -0.06928069144487381 0.9963123202323914 -0.05061651021242142 -0.044672489166259766 -0.6882763504981995 -0.011009409092366695 0.7253650426864624 54.35713195800781
0.6854506731033325 0.08259738236665726 0.7234189510345459 2.087759017944336 -0.06566455960273743 0.9965088963508606 -0.051559608429670334 -0.0650033950805664 -0.7251520156860352 -0.012161416932940483 0.688481330871582 54.581321716308594
0.6462721228599548 0.08104241639375687 0.7587913274765015 2.3762760162353516 -0.06275148689746857 0.9966210126876831 -0.05299749597907066 -0.08878040313720703 -0.7605226039886475 -0.013364479877054691 0.6491738557815552 54.785888671875
0.6036844253540039 0.08037052303552628 0.7931617498397827 2.708799362182617 -0.06059803068637848 0.9966530799865723 -0.05486829951405525 -0.11061310768127441 -0.7949169874191284 -0.014940894208848476 0.6065343022346497 55.00532913208008
0.5574299097061157 0.080400750041008 0.8263217806816101 3.069398880004883 -0.05715954676270485 0.9966545701026917 -0.058414723724126816 -0.12800145149230957 -0.8282540440559387 -0.014670056290924549 0.5601608157157898 55.215576171875
0.5086399912834167 0.07910838723182678 0.8573372960090637 3.436677932739258 -0.05395812913775444 0.9967414140701294 -0.05995931476354599 -0.15425705909729004 -0.859286904335022 -0.015762614086270332 0.5112510919570923 55.40964126586914
0.4603458046913147 0.07766500115394592 0.8843358159065247 3.870441436767578 -0.05233902856707573 0.996807336807251 -0.06029720976948738 -0.17182457447052002 -0.8861954212188721 -0.018527710810303688 0.46294105052948 55.59481430053711
0.41127318143844604 0.07534147799015045 0.908393144607544 4.307718276977539 -0.05127961188554764 0.9969123601913452 -0.05946644768118858 -0.19235599040985107 -0.9100684523582458 -0.02212509699165821 0.41386687755584717 55.75548553466797
0.3603624403476715 0.07504083216190338 0.9297890663146973 4.764045715332031 -0.05456312745809555 0.9967480897903442 -0.05929763242602348 -0.216416597366333 -0.9312151670455933 -0.029363563284277916 0.3632850646972656 55.92533874511719
0.31120699644088745 0.07593653351068497 0.9473034739494324 5.224887847900391 -0.05290578305721283 0.9966410994529724 -0.0625109151005745 -0.2337474822998047 -0.9488683938980103 -0.030664000660181046 0.31417912244796753 56.049560546875
0.2640286386013031 0.0721941888332367 0.9618090987205505 5.692588806152344 -0.04165108874440193 0.9971179962158203 -0.06341074407100677 -0.27161335945129395 -0.9636150598526001 -0.02331814356148243 0.26627469062805176 56.131465911865234
0.21982190012931824 0.0664743185043335 0.9732725620269775 6.205005645751953 -0.02816147729754448 0.9976922869682312 -0.06178168207406998 -0.296031653881073 -0.9751335382461548 -0.013827825896441936 0.22118663787841797 56.20793151855469
0.17759549617767334 0.0655132532119751 0.9819204807281494 6.729856491088867 -0.01887233555316925 0.9978249073028564 -0.06316102296113968 -0.3246576189994812 -0.9839226603507996 -0.007314018905162811 0.17844563722610474 56.27128219604492
0.13902164995670319 0.06693916022777557 0.9880243539810181 7.267171382904053 -0.015869472175836563 0.997735321521759 -0.06536415219306946 -0.35124629735946655 -0.990162193775177 -0.00659239711239934 0.13976915180683136 56.326332092285156
0.1066231057047844 0.06771508604288101 0.9919909834861755 7.7808074951171875 -0.0073189204558730125 0.9977046847343445 -0.06731843948364258 -0.3855777382850647 -0.9942727088928223 -8.260270260507241e-05 0.10687393695116043 56.3441162109375
0.07750031352043152 0.06600894033908844 0.9948047399520874 8.34384822845459 1.8089544028043747e-05 0.9978057742118835 -0.06620948761701584 -0.42197126150131226 -0.9969923496246338 0.005149251315742731 0.07732906937599182 56.369163513183594
0.05261315777897835 0.06415995955467224 0.9965518712997437 8.912629127502441 0.006577080115675926 0.9978899359703064 -0.06459338217973709 -0.4582313895225525 -0.9985933303833008 0.009952859953045845 0.05208015814423561 56.37858200073242
0.03257331997156143 0.06328850239515305 0.997463583946228 9.490496635437012 0.011624335311353207 0.9979016184806824 -0.06369592994451523 -0.4829708933830261 -0.9994017481803894 0.013669637963175774 0.03176930546760559 56.38108444213867
0.016973400488495827 0.06551135331392288 0.9977073669433594 10.063326835632324 0.014591236598789692 0.9977286458015442 -0.06576097756624222 -0.5064476132392883 -0.999749481678009 0.015673978254199028 0.01597895845770836 56.374385833740234
0.0034224670380353928 0.0651441365480423 0.9978700280189514 10.660173416137695 0.014959472231566906 0.9977608919143677 -0.06518831104040146 -0.5432947874069214 -0.9998822808265686 0.015150711871683598 0.0024402784183621407 56.37299346923828
-0.00818403996527195 0.06612445414066315 0.9977777600288391 11.27082633972168 0.015973158180713654 0.9976925849914551 -0.06598778814077377 -0.5784379839897156 -0.9998390078544617 0.015397614799439907 -0.009221374988555908 56.36680221557617
-0.0170988067984581 0.06870881468057632 0.9974901676177979 11.889476776123047 0.021024450659751892 0.9974401593208313 -0.06834496557712555 -0.6183324456214905 -0.999632716178894 0.019803063943982124 -0.018499605357646942 56.3438720703125
-0.023503916338086128 0.0706556886434555 0.9972238540649414 12.511879920959473 0.025310110300779343 0.9972217082977295 -0.07005899399518967 -0.6519762873649597 -0.9994032979011536 0.023593183606863022 -0.02522691711783409 56.31492233276367
-0.02814955823123455 0.07020290940999985 0.997135579586029 13.162775039672852 0.025813788175582886 0.997249186038971 -0.06948218494653702 -0.68702632188797 -0.9992702603340149 0.023783955723047256 -0.029884327203035355 56.30017852783203
-0.03194131702184677 0.06753131002187729 0.9972057938575745 13.811918258666992 0.023202599957585335 0.9974960088729858 -0.06680776923894882 -0.7177057862281799 -0.9992203712463379 0.021003831177949905 -0.033428240567445755 56.28385925292969
-0.03438518941402435 0.06061144173145294 0.9975690245628357 14.510619163513184 0.021353891119360924 0.9979759454727173 -0.05990011990070343 -0.758248507976532 -0.9991804361343384 0.0192423053085804 -0.035609886050224304 56.26146697998047
-0.03565169870853424 0.05496824160218239 0.9978514909744263 15.19998550415039 0.022628923878073692 0.9982746839523315 -0.05418304726481438 -0.7926731705665588 -0.999108076095581 0.020648587495088577 -0.036834053695201874 56.236568450927734
-0.035986144095659256 0.05240752175450325 0.9979771971702576 15.876116752624512 0.02508586458861828 0.9983566999435425 -0.0515228807926178 -0.8261343240737915 -0.9990373253822327 0.023181011900305748 -0.03724169731140137 56.20706558227539
-0.03592296689748764 0.05443459749221802 0.9978710412979126 16.586198806762695 0.028702951967716217 0.9981597065925598 -0.053417056798934937 -0.8697397112846375 -0.9989422559738159 0.026722943410277367 -0.03741929307579994 56.18327331542969
-0.03493684530258179 0.062209706753492355 0.9974513649940491 17.304723739624023 0.029600396752357483 0.9976872801780701 -0.06118762493133545 -0.8966947197914124 -0.9989510178565979 0.027387261390686035 -0.03669747710227966 56.150917053222656
-0.03271142765879631 0.07036362588405609 0.9969848990440369 18.01767349243164 0.030317604541778564 0.997129499912262 -0.06937910616397858 -0.9300640821456909 -0.9990049004554749 0.027956705540418625 -0.03475078195333481 56.130306243896484
-0.03047110140323639 0.07114419341087341 0.9970004558563232 18.75071907043457 0.031122464686632156 0.9970476031303406 -0.07019636034965515 -0.9637227058410645 -0.9990509748458862 0.028890153393149376 -0.03259531781077385 56.106266021728516
-0.028434153646230698 0.06670492887496948 0.9973675012588501 19.495512008666992 0.03049537166953087 0.997364342212677 -0.06583531945943832 -1.0085151195526123 -0.999130368232727 0.028543122112751007 -0.030393395572900772 56.0902214050293
-0.025770720094442368 0.06022929772734642 0.9978517889976501 20.235286712646484 0.030063282698392868 0.9977785348892212 -0.05944845452904701 -1.056628704071045 -0.9992157816886902 0.028466669842600822 -0.027524158358573914 56.073184967041016
-0.023211583495140076 0.058318398892879486 0.9980282783508301 20.982704162597656 0.028479186818003654 0.9979304671287537 -0.05765034630894661 -1.1019457578659058 -0.9993248581886292 0.027084877714514732 -0.024824412539601326 56.06110382080078
-0.019662141799926758 0.06387113779783249 0.9977644085884094 21.711650848388672 0.03617151454091072 0.9973495006561279 -0.06313177198171616 -1.1424076557159424 -0.9991521835327148 0.03484934940934181 -0.021920345723628998 56.03840637207031
-0.01652269996702671 0.06915664672851562 0.9974689483642578 22.444555282592773 0.03793814033269882 0.9969300627708435 -0.06849085539579391 -1.1867859363555908 -0.9991434812545776 0.0367104597389698 -0.01909565180540085 56.02410888671875
-0.014102326706051826 0.06992807239294052 0.9974523782730103 23.177871704101562 0.03175565227866173 0.9970796704292297 -0.06945295631885529 -1.2269341945648193 -0.9993962049484253 0.03069530427455902 -0.01628175377845764 56.02837371826172
-0.01130613498389721 0.06659172475337982 0.9977163076400757 23.933860778808594 0.027030298486351967 0.9974356889724731 -0.06626670062541962 -1.2724531888961792 -0.9995707273483276 0.026219351217150688 -0.013077137991786003 56.03962707519531
-0.006117359269410372 0.06254445761442184 0.9980234503746033 24.70742416381836 0.03128385916352272 0.9975655674934387 -0.06232401356101036 -1.3277051448822021 -0.999491810798645 0.030840767547488213 -0.008059097453951836 56.01335906982422
-0.00242409436032176 0.0633803978562355 0.9979865550994873 25.446128845214844 0.035857077687978745 0.997353196144104 -0.06325307488441467 -1.3743993043899536 -0.9993540644645691 0.03563154861330986 -0.004690314177423716 56.00202941894531
-0.00013252953067421913 0.06775403022766113 0.9977020621299744 26.181066513061523 0.03558360040187836 0.9970704913139343 -0.06770642101764679 -1.4231270551681519 -0.9993667006492615 0.03549285978078842 -0.002543074544519186 56.01455307006836
0.004040692467242479 0.06866402924060822 0.9976316690444946 26.93024253845215 0.031683214008808136 0.9971302151679993 -0.06875784695148468 -1.46536123752594 -0.9994896650314331 0.031886011362075806 0.0018535982817411423 56.02328109741211
0.007592395413666964 0.0682508572936058 0.9976392984390259 27.694873809814453 0.03117651864886284 0.9971668720245361 -0.06845580786466599 -1.5122612714767456 -0.9994850754737854 0.03162267059087753 0.005443061236292124 56.02964401245117
0.011091487482190132 0.06512530148029327 0.9978154897689819 28.4368839263916 0.034850094467401505 0.9972454309463501 -0.06547549366950989 -1.560788631439209 -0.999330997467041 0.035500191152095795 0.008791313506662846 56.036956787109375
0.014911401085555553 0.06547356396913528 0.9977428317070007 29.184778213500977 0.03928583860397339 0.9970449805259705 -0.06601490825414658 -1.6115261316299438 -0.9991168975830078 0.040181536227464676 0.012295152992010117 56.043216705322266
0.018294259905815125 0.06664375215768814 0.9976091384887695 29.933324813842773 0.0418618880212307 0.9968500733375549 -0.06736071407794952 -1.6556367874145508 -0.998956024646759 0.04299411177635193 0.015446800738573074 56.06187057495117
0.020948125049471855 0.06638836860656738 0.9975739121437073 30.70261573791504 0.04275481775403023 0.9968207478523254 -0.0672360509634018 -1.7095749378204346 -0.9988659620285034 0.04405956342816353 0.01804310455918312 56.07615661621094
0.02462730184197426 0.06525589525699615 0.9975646138191223 31.457191467285156 0.04402932524681091 0.9968281984329224 -0.06629470735788345 -1.7525253295898438 -0.9987266659736633 0.0455547496676445 0.021676015108823776 56.09440994262695
0.028285954147577286 0.06418976187705994 0.9975366592407227 32.206695556640625 0.046266816556453705 0.9967824220657349 -0.06545314937829971 -1.7974696159362793 -0.9985285997390747 0.04800425097346306 0.025225088000297546 56.11304473876953
0.03147982805967331 0.06445012986660004 0.9974241852760315 32.9627799987793 0.044859856367111206 0.9968221783638 -0.06582703441381454 -1.842869758605957 -0.9984971284866333 0.04681653529405594 0.028488561511039734 56.13338851928711
0.03430013358592987 0.06634417921304703 0.9972070455551147 33.73128128051758 0.04159893840551376 0.9968346953392029 -0.0677502304315567 -1.8872218132019043 -0.9985454678535461 0.04380659759044647 0.031431715935468674 56.17493438720703
0.03680405765771866 0.06644919514656067 0.9971107840538025 34.48154067993164 0.043320801109075546 0.9967426657676697 -0.0680236741900444 -1.934624433517456 -0.998383104801178 0.04569918289780617 0.03380553424358368 56.20405197143555
0.039861712604761124 0.06659021973609924 0.9969837665557861 35.2418327331543 0.04113272577524185 0.9968217015266418 -0.0682239830493927 -1.9750335216522217 -0.9983582496643066 0.043728191405534744 0.03699597716331482 56.23666763305664
0.04203437268733978 0.0663183182477951 0.9969127178192139 36.00244903564453 0.039490725845098495 0.9969046115875244 -0.06798288971185684 -2.030109167098999 -0.9983354210853577 0.04222642630338669 0.03928530216217041 56.274513244628906
0.044882260262966156 0.0667484775185585 0.996759831905365 36.767765045166016 0.036696042865514755 0.9969818592071533 -0.06841567903757095 -2.075974464416504 -0.9983181357383728 0.03964778780937195 0.042297378182411194 56.31889724731445
0.04753738269209862 0.06846233457326889 0.996520459651947 37.515506744384766 0.03561408817768097 0.99689781665802 -0.07018716633319855 -2.1241350173950195 -0.9982343316078186 0.038826681673526764 0.044951699674129486 56.3592529296875
0.05101742222905159 0.07220316678285599 0.9960842728614807 38.30884552001953 0.034104589372873306 0.996675431728363 -0.0739927887916565 -2.1761951446533203 -0.9981153011322021 0.03774597495794296 0.04838535189628601 56.40888977050781
0.0548090934753418 0.07434253394603729 0.9957254528999329 39.08037185668945 0.034369587898254395 0.9964929819107056 -0.07629170268774033 -2.2283434867858887 -0.9979051351547241 0.038404155522584915 0.05206175521016121 56.44870376586914
0.057733502238988876 0.07620423287153244 0.995419442653656 39.84840774536133 0.028679125010967255 0.996544361114502 -0.07795374095439911 -2.283461332321167 -0.9979200959205627 0.033048294484615326 0.05534853786230087 56.503623962402344
0.05978606268763542 0.07556456327438354 0.9953469038009644 40.62321472167969 0.02442363277077675 0.9967213273048401 -0.07713593542575836 -2.3375489711761475 -0.9979124665260315 0.028921646997332573 0.05774449184536934 56.56970977783203
0.06349194049835205 0.0755087211728096 0.9951215982437134 41.38665771484375 0.027265863493084908 0.996630072593689 -0.07736282795667648 -2.393798828125 -0.9976098537445068 0.03204476833343506 0.061219170689582825 56.621002197265625
0.06703159213066101 0.07728201895952225 0.994753360748291 42.184688568115234 0.02508380264043808 0.9965500831604004 -0.07911186665296555 -2.4562935829162598 -0.9974355101585388 0.030255191028118134 0.06486179679632187 56.68352508544922
0.0706949532032013 0.07849693298339844 0.9944045543670654 42.967811584472656 0.02145794965326786 0.9965484142303467 -0.08019165694713593 -2.507279634475708 -0.9972671866416931 0.027007026597857475 0.06876655668020248 56.75187301635742
0.07494212687015533 0.07616830617189407 0.9942745566368103 43.759918212890625 0.020665306597948074 0.996745765209198 -0.07791522145271301 -2.5655219554901123 -0.9969738125801086 0.026386123150587082 0.07312418520450592 56.81679916381836
0.07904531806707382 0.07640226185321808 0.9939388632774353 44.56523132324219 0.020313242450356483 0.9967281222343445 -0.07823212444782257 -2.6297190189361572 -0.9966641068458557 0.026374002918601036 0.07723472267389297 56.90102005004883
0.08462033420801163 0.08001544326543808 0.9931952953338623 45.34589767456055 0.016946682706475258 0.9965107440948486 -0.08172640204429626 -2.6842315196990967 -0.996269166469574 0.02374708279967308 0.08296909183263779 56.958946228027344
0.09019763022661209 0.08858686685562134 0.9919762015342712 46.13216018676758 0.014668597839772701 0.9958100318908691 -0.0902629941701889 -2.745288372039795 -0.9958158731460571 0.02269241213798523 0.08852027356624603 57.043704986572266
0.097858726978302 0.09312333166599274 0.9908338189125061 46.934810638427734 0.01376780029386282 0.9953905344009399 -0.0949113592505455 -2.81198787689209 -0.9951051473617554 0.02292950637638569 0.09612555801868439 57.126502990722656
0.10532133281230927 0.0965488851070404 0.9897401928901672 47.732547760009766 0.00866619497537613 0.9951489567756653 -0.09799868613481522 -2.87699818611145 -0.9944005608558655 0.01889863610267639 0.10397368669509888 57.218814849853516
0.11232650279998779 0.09394970536231995 0.9892200231552124 48.535213470458984 0.005891419015824795 0.9954398274421692 -0.09520938247442245 -2.9550607204437256 -0.9936538338661194 0.016522450372576714 0.111260786652565 57.321136474609375
0.11944323778152466 0.09274519234895706 0.9884997606277466 49.344390869140625 0.005710997618734837 0.9955466985702515 -0.09409644454717636 -3.0205886363983154 -0.9928246736526489 0.016884498298168182 0.11838164180517197 57.4316520690918
0.12732645869255066 0.08917098492383957 0.9878444671630859 50.170188903808594 0.005437958519905806 0.9958727955818176 -0.09059661626815796 -3.0901222229003906 -0.991845965385437 0.01690720021724701 0.12631604075431824 57.540802001953125
0.13451284170150757 0.08340349793434143 0.987395703792572 50.9732666015625 0.003210452850908041 0.9964095950126648 -0.0846022516489029 -3.16353702545166 -0.9909065961837769 0.01455007679760456 0.1337621510028839 57.659976959228516
0.14219777286052704 0.076584093272686 0.9868711829185486 51.79005432128906 0.001094246283173561 0.9969896674156189 -0.0775269865989685 -3.214716911315918 -0.989837646484375 0.01210404559969902 0.14168591797351837 57.77539825439453
0.14914855360984802 0.0736599788069725 0.9860674142837524 52.59750747680664 1.668878030613996e-05 0.9972213506698608 -0.07449571043252945 -3.2902238368988037 -0.9888148307800293 0.011127381585538387 0.14873285591602325 57.90806579589844
0.1563902050256729 0.07541471719741821 0.9848120808601379 53.40003967285156 -0.00018590118270367384 0.9970830082893372 -0.07632487267255783 -3.350942611694336 -0.9876953363418579 0.011753383092582226 0.15594801306724548 58.0430908203125
