1.0 0.0 0.0 0.0 0.0 1.0 0.0 0.0 0.0 0.0 1.0 0.0
0.9999986290931702 0.0008136205142363906 0.0014579463750123978 -0.00629653874784708 -0.0008069496834650636 0.9999892115592957 -0.004570255056023598 -0.0021782168187201023 -0.0014616490807384253 0.004569072276353836 0.9999884963035583 0.9640225172042847
0.9999966621398926 -0.0014571392675861716 0.002146091079339385 -0.0026310477405786514 0.0014686124632135034 0.9999845623970032 -0.005354274529963732 -0.000893916585482657 -0.0021382560953497887 0.0053574079647660255 0.9999833703041077 1.9185364246368408
0.9999934434890747 -0.0024481923319399357 0.0026685388293117285 -0.010428205132484436 0.002451546723023057 0.9999961853027344 -0.0012544310884550214 -0.004541299771517515 -0.002665457548573613 0.001260964898392558 0.9999955892562866 2.8528497219085693
0.9999854564666748 -0.004958144389092922 0.002080674981698394 -0.00780227268114686 0.004947866313159466 0.9999756217002869 0.004915678407996893 -0.008096517063677311 -0.002104997169226408 -0.004905311856418848 0.9999857544898987 3.8019087314605713
0.9999630451202393 -0.00858786329627037 0.0003659206267911941 -0.0023419554345309734 0.008585942909121513 0.9999507665634155 0.0049597835168242455 -0.004623321816325188 -0.0004084965621586889 -0.004956458229571581 0.9999876022338867 4.742443561553955
0.9999387860298157 -0.01106547936797142 -0.00010219811520073563 -0.007722327020019293 0.011065671220421791 0.999936580657959 0.0020927998702973127 -0.0027695437893271446 7.903384539531544e-05 -0.0020938022062182426 0.9999977946281433 5.669444561004639
0.9999306201934814 -0.011732715182006359 -0.0010803902987390757 -0.011429278180003166 0.011730962432920933 0.9999299049377441 -0.0016149217262864113 0.0039180670864880085 0.001099261804483831 0.0016021355986595154 0.999998152256012 6.5943684577941895
0.9999343156814575 -0.01137121208012104 -0.0014177116099745035 -0.019511636346578598 0.01136865559965372 0.9999337792396545 -0.001797501347027719 -0.0027264889795333147 0.0014380576321855187 0.0017812662990763783 0.9999973773956299 7.521564960479736
0.9999327659606934 -0.011327804997563362 -0.0024365228600800037 -0.029744571074843407 0.011328084394335747 0.9999359250068665 0.00010142648534383625 -0.0019674457143992186 0.00243521761149168 -0.00012902054004371166 0.9999970197677612 8.43423843383789
0.999939501285553 -0.010650994256138802 -0.0027223005890846252 -0.04178394377231598 0.01065793726593256 0.9999399185180664 0.002549176337197423 0.004957886412739754 0.0026949855964630842 -0.0025780366268008947 0.9999930262565613 9.376611709594727
0.9999330639839172 -0.010953627526760101 -0.0037299846298992634 -0.048768509179353714 0.010969089344143867 0.9999312162399292 0.00415034219622612 0.006121544633060694 0.0036842667032033205 -0.004190978594124317 0.9999843835830688 10.29819393157959
0.9999196529388428 -0.01191641017794609 -0.0043107690289616585 -0.05373279005289078 0.011938264593482018 0.9999157786369324 0.005079987924546003 0.006430785171687603 0.004249871242791414 -0.0051310425624251366 0.9999778270721436 11.210212707519531
0.9999098181724548 -0.012337623164057732 -0.005304969847202301 -0.05927540361881256 0.01236555352807045 0.9999095797538757 0.005264813080430031 0.007138419430702925 0.0052395351231098175 -0.0053299362771213055 0.9999721050262451 12.123366355895996
0.9999014735221863 -0.012804524041712284 -0.005749417003244162 -0.0713658481836319 0.012826615944504738 0.9999104142189026 0.0038219494745135307 0.010981290601193905 0.005699964240193367 -0.003895317669957876 0.9999761581420898 13.028227806091309
0.9998936057090759 -0.012835504487156868 -0.006932991556823254 -0.08484670519828796 0.012846678495407104 0.9999162554740906 0.0015695596812292933 0.01973133720457554 0.0069122640416026115 -0.0016584584955126047 0.9999747276306152 13.933043479919434
0.9998627305030823 -0.014124857261776924 -0.008654595352709293 -0.09273364394903183 0.014125070534646511 0.999900221824646 -3.6538109270622954e-05 0.027715444564819336 0.008654247969388962 -8.571350190322846e-05 0.999962568283081 14.837468147277832
0.9998517036437988 -0.013779769651591778 -0.010323419235646725 -0.1097048968076706 0.01377385389059782 0.9999049305915833 -0.0006439207354560494 0.026494206860661507 0.010331310331821442 0.0005016318173147738 0.9999465346336365 15.745976448059082
0.9998480081558228 -0.012772448360919952 -0.011866264045238495 -0.12302499264478683 0.012755806557834148 0.9999175667762756 -0.00147707958240062 0.026125188916921616 0.011884151957929134 0.001325491233728826 0.9999285340309143 16.643938064575195
0.9998458623886108 -0.01141410693526268 -0.0133411455899477 -0.14149583876132965 0.011394299566745758 0.9999338388442993 -0.0015597478486597538 0.02797321043908596 0.01335806492716074 0.0014074944192543626 0.9999097585678101 17.533809661865234
0.9998193383216858 -0.011956369504332542 -0.014775365591049194 -0.16010454297065735 0.01194349117577076 0.9999281764030457 -0.0009595395531505346 0.030210016295313835 0.014785777777433395 0.0007828967063687742 0.9998903870582581 18.424638748168945
0.9997988343238831 -0.011648591607809067 -0.016329482197761536 -0.17877762019634247 0.0116623155772686 0.9999316334724426 0.0007453925209119916 0.02600492537021637 0.01631968468427658 -0.0009356819791719317 0.9998663663864136 19.315776824951172
0.999781608581543 -0.01129930093884468 -0.01758614555001259 -0.2024877369403839 0.011327535845339298 0.999934732913971 0.0015068448847159743 0.024724142625927925 0.01756797358393669 -0.001705723349004984 0.9998442530632019 20.195556640625
0.9997335076332092 -0.012432586401700974 -0.019453510642051697 -0.21470770239830017 0.01246593240648508 0.9999210238456726 0.001593843917362392 0.023773467168211937 0.019432159140706062 -0.001835925504565239 0.9998094439506531 21.085407257080078
0.9997236132621765 -0.011779334396123886 -0.020346997305750847 -0.24467496573925018 0.011791425757110119 0.9999303221702576 0.00047440684284083545 0.029092568904161453 0.02033999189734459 -0.0007141958922147751 0.9997928738594055 21.92816162109375
0.9996885657310486 -0.011867078952491283 -0.02195693366229534 -0.2647159695625305 0.011888494715094566 0.9999290108680725 0.000845089671202004 0.0302987489849329 0.021945344284176826 -0.0011058611562475562 0.9997585415840149 22.791086196899414
0.999669075012207 -0.011593790724873543 -0.022968074306845665 -0.2887994349002838 0.011658458039164543 0.9999284148216248 0.002683679573237896 0.03301689401268959 0.02293531410396099 -0.0029505635611712933 0.9997326135635376 23.65207290649414
0.9996405243873596 -0.012831076979637146 -0.02354210987687111 -0.30893996357917786 0.012972505763173103 0.9998986721038818 0.005864670965820551 0.03216535970568657 0.023464474827051163 -0.006167962681502104 0.9997056722640991 24.49694061279297
0.9996113181114197 -0.013120168820023537 -0.024600429460406303 -0.32779642939567566 0.013305656611919403 0.9998841285705566 0.007391577120870352 0.03549029678106308 0.02450059913098812 -0.007716028951108456 0.999670147895813 25.337129592895508
0.9996128678321838 -0.012285453267395496 -0.024966565892100334 -0.3585122227668762 0.012447223998606205 0.9999024271965027 0.006334410980343819 0.036492474377155304 0.02488631196320057 -0.006642722059041262 0.999668300151825 26.162866592407227
0.9996190667152405 -0.010223777033388615 -0.025636617094278336 -0.38489192724227905 0.010322206653654575 0.9999397993087769 0.0037099674809724092 0.039410337805747986 0.025597145780920982 -0.003973179962486029 0.9996644258499146 26.96784019470215
0.9996004104614258 -0.009854561649262905 -0.026492759585380554 -0.4100285470485687 0.009906826540827751 0.9999492168426514 0.0018422793364152312 0.045317165553569794 0.026473259553313255 -0.0021040018182247877 0.999647319316864 27.76992416381836
0.9995906352996826 -0.008743897080421448 -0.027243128046393394 -0.4387688636779785 0.008782902732491493 0.9999606013298035 0.0013124317629262805 0.04942172393202782 0.027230579406023026 -0.0015511680394411087 0.9996280074119568 28.563858032226562
0.999557375907898 -0.008684748783707619 -0.028454812243580818 -0.4643169641494751 0.008726084604859352 0.9999610185623169 0.0013288746122270823 0.04271214082837105 0.02844216488301754 -0.0015765856951475143 0.9995941519737244 29.353750228881836
0.9994865655899048 -0.00864463672041893 -0.03085358254611492 -0.48885098099708557 0.00866053719073534 0.9999624490737915 0.0003817288379650563 0.04330854490399361 0.030849121510982513 -0.0006487416103482246 0.9995237588882446 30.12999725341797
0.999433159828186 -0.00876651145517826 -0.032507095485925674 -0.519731879234314 0.008787320926785469 0.999961256980896 0.0004973195609636605 0.04142485558986664 0.032501477748155594 -0.0007826880319043994 0.9994713664054871 30.894357681274414
0.9993703961372375 -0.008782724849879742 -0.03437497466802597 -0.5452119708061218 0.008837379515171051 0.9999598264694214 0.0014383707894012332 0.045292939990758896 0.034360963851213455 -0.0017412500455975533 0.999407947063446 31.662227630615234
0.9992884993553162 -0.008944443427026272 -0.0366382859647274 -0.5739442110061646 0.009086931124329567 0.9999517202377319 0.0037244041450321674 0.0473492369055748 0.036603204905986786 -0.004054683726280928 0.9993216395378113 32.416847229003906
0.9992199540138245 -0.008021305315196514 -0.03866560757160187 -0.6037297248840332 0.008229969069361687 0.9999523162841797 0.005240521393716335 0.04962066560983658 0.03862173110246658 -0.005554651375859976 0.9992384314537048 33.15481948852539
0.9991660118103027 -0.006788650527596474 -0.04026467725634575 -0.6403566598892212 0.007018650881946087 0.9999598264694214 0.005573613569140434 0.04683791100978851 0.04022522270679474 -0.0058515677228569984 0.9991735219955444 33.88801956176758
0.9991129040718079 -0.004436739720404148 -0.04187668487429619 -0.6824178099632263 0.004645511042326689 0.9999772310256958 0.004889411386102438 0.04689347743988037 0.04185403883457184 -0.005079612135887146 0.9991108775138855 34.594696044921875
0.9990260004997253 -0.002442223485559225 -0.04405776411294937 -0.7141247391700745 0.0026316181756556034 0.9999876022338867 0.004241285379976034 0.0511678121984005 0.04404686018824577 -0.004353097174316645 0.999019980430603 35.308345794677734
0.9989463090896606 -0.0022826993372291327 -0.04583626613020897 -0.7416214346885681 0.00251775817014277 0.9999839663505554 0.005071150604635477 0.05627720430493355 0.04582395777106285 -0.005181211046874523 0.998936116695404 36.02107620239258
0.9989069104194641 -0.0007232704665511847 -0.04673835262656212 -0.786973774433136 0.0010595101630315185 0.9999737739562988 0.007169711869210005 0.05699148401618004 0.046731941401958466 -0.00721139507368207 0.998881459236145 36.69612121582031
0.9989128708839417 0.002240943256765604 -0.046561647206544876 -0.8270745873451233 -0.001893374021165073 0.9999700784683228 0.007507469039410353 0.06266291439533234 0.04657707363367081 -0.007411149330437183 0.9988872408866882 37.390350341796875
0.99894118309021 0.004645859356969595 -0.04577004909515381 -0.8530029654502869 -0.004406381398439407 0.9999762177467346 0.005331691354513168 0.06631283462047577 0.04579371586441994 -0.0051243663765490055 0.9989377856254578 38.06184768676758
0.9990152716636658 0.006188612896949053 -0.04393364489078522 -0.8895219564437866 -0.006089814007282257 0.9999787211418152 0.002382306382060051 0.06713159382343292 0.04394744336605072 -0.0021124130580574274 0.9990316033363342 38.70342254638672
0.9990866780281067 0.006634954828768969 -0.04221116378903389 -0.9126378297805786 -0.00662944745272398 0.9999781250953674 0.00027044766466133296 0.07640940696001053 0.04221202805638313 9.635454262024723e-06 0.9991087317466736 39.354087829589844
0.9992258548736572 0.0074851675890386105 -0.038622789084911346 -0.9482126235961914 -0.007446405943483114 0.9999717473983765 0.0011473591439425945 0.07651946693658829 0.03863028436899185 -0.0008588703931309283 0.9992532134056091 40.00014114379883
0.999277651309967 0.012482318095862865 -0.035893674939870834 -0.9730871915817261 -0.012357305735349655 0.9999167919158936 0.003702588379383087 0.07790779322385788 0.035936906933784485 -0.0032563642598688602 0.9993487596511841 40.64834213256836
0.9993436336517334 0.016648583114147186 -0.032173190265893936 -0.9987988471984863 -0.01642940193414688 0.9998400807380676 0.007065006997436285 0.0804835706949234 0.032285671681165695 -0.006531783379614353 0.9994573593139648 41.272193908691406
0.9993737936019897 0.02189592830836773 -0.02779700607061386 -1.0256816148757935 -0.021678749471902847 0.9997323155403137 0.00809057243168354 0.08370736986398697 0.02796671725809574 -0.007482901681214571 0.9995809197425842 41.87407302856445
0.9994266033172607 0.025459706783294678 -0.022321147844195366 -1.046991229057312 -0.02527489699423313 0.9996442198753357 0.008523012511432171 0.08676008880138397 0.022530198097229004 -0.007953961379826069 0.9997145533561707 42.46186447143555
0.9994333386421204 0.029415877535939217 -0.016357528045773506 -1.0632516145706177 -0.02924610860645771 0.9995167851448059 0.010522858239710331 0.0883711650967598 0.016659164801239967 -0.01003850158303976 0.9998108148574829 43.034400939941406
0.9993590712547302 0.03439510241150856 -0.009915925562381744 -1.0758322477340698 -0.03428015485405922 0.9993457794189453 0.011537686921656132 0.09138387441635132 0.010306276381015778 -0.011190376244485378 0.9998842477798462 43.60517501831055
0.9992798566818237 0.03781937062740326 -0.003078942885622382 -1.0791014432907104 -0.03778236359357834 0.9992220997810364 0.011299659498035908 0.09334728866815567 0.0035038937348872423 -0.011175192892551422 0.9999314546585083 44.137393951416016
0.99913489818573 0.04133236035704613 0.004591591190546751 -1.0859699249267578 -0.04138176515698433 0.9990801215171814 0.011246530339121819 0.09523893892765045 -0.004122521728277206 -0.01142681110650301 0.9999262094497681 44.641048431396484
0.99891597032547 0.0450928695499897 0.011562825180590153 -1.0768221616744995 -0.045219626277685165 0.9989171624183655 0.010946543887257576 0.09714425355195999 -0.011056691408157349 -0.011457542888820171 0.9998732805252075 45.14274215698242
0.9986043572425842 0.04919053986668587 0.01922464556992054 -1.070404052734375 -0.04934821277856827 0.9987510442733765 0.007814777083694935 0.10571663826704025 -0.01881621778011322 -0.008752572350203991 0.9997846484184265 45.61167526245117
0.9982814788818359 0.05164498835802078 0.027696097269654274 -1.068137764930725 -0.05180450901389122 0.9986443519592285 0.00507283303886652 0.1022239699959755 -0.027396569028496742 -0.006498896982520819 0.9996035099029541 46.0617561340332
0.9980126023292542 0.052150849252939224 0.035372499376535416 -1.0500879287719727 -0.05235138535499573 0.9986173510551453 0.004766321741044521 0.10571212321519852 -0.035075023770332336 -0.006608647760003805 0.9993628859519958 46.487606048583984
0.9977418184280396 0.051264096051454544 0.04339601472020149 -1.026842713356018 -0.05157674476504326 0.998650312423706 0.006114862859249115 0.10607962310314178 -0.0430239699780941 -0.00833927933126688 0.9990392327308655 46.88804244995117
0.9972559213638306 0.05322488397359848 0.05145655572414398 -1.005501389503479 -0.05364140123128891 0.9985374808311462 0.006746620871126652 0.1090393215417862 -0.051022209227085114 -0.009488308802247047 0.998652458190918 47.27710723876953
0.9965789318084717 0.05632305145263672 0.06048242747783661 -0.9950042963027954 -0.056857701390981674 0.9983565807342529 0.007153978571295738 0.10607645660638809 -0.059980109333992004 -0.01056839618831873 0.9981436133384705 47.63268280029297
0.9957454800605774 0.061307284981012344 0.06879330426454544 -0.9641315340995789 -0.0618838295340538 0.9980635046958923 0.00627925107255578 0.11085626482963562 -0.06827513128519058 -0.010509728454053402 0.9976111650466919 47.95988845825195
0.9948365092277527 0.06497964262962341 0.07796145975589752 -0.9449355006217957 -0.0656898021697998 0.9978184103965759 0.0065764617174863815 0.10679842531681061 -0.07736404240131378 -0.011663775891065598 0.996934711933136 48.25795364379883
0.9941037893295288 0.06415700912475586 0.08741631358861923 -0.9158889651298523 -0.06503337621688843 0.9978570342063904 0.007211459334939718 0.10514242202043533 -0.086766317486763 -0.01285391766577959 0.9961458444595337 48.54288101196289
0.9932103157043457 0.06288272142410278 0.09787291288375854 -0.8765071630477905 -0.06370294094085693 0.9979549646377563 0.005275053903460503 0.10506560653448105 -0.09734105318784714 -0.011474029161036015 0.9951850175857544 48.82286834716797
0.9920471906661987 0.06153099611401558 0.10980121046304703 -0.8427937626838684 -0.06200489029288292 0.9980754256248474 0.000903477834071964 0.10124217718839645 -0.10953429341316223 -0.007704505696892738 0.9939531683921814 49.074180603027344
0.99041748046875 0.06268535554409027 0.12305977940559387 -0.8010135889053345 -0.06275800615549088 0.9980233311653137 -0.003289608983322978 0.10335398465394974 -0.12302275747060776 -0.004464900121092796 0.9923937916755676 49.34083938598633
0.9882724285125732 0.06419838964939117 0.13854995369911194 -0.760524332523346 -0.06405715644359589 0.9979311227798462 -0.005482850130647421 0.10122372210025787 -0.13861529529094696 -0.003456566948443651 0.9903402924537659 49.602725982666016
0.9857707023620605 0.06603992730379105 0.15457963943481445 -0.7091208100318909 -0.06577956676483154 0.997810959815979 -0.0068041617050766945 0.09769833087921143 -0.15469062328338623 -0.0034608403220772743 0.9879568219184875 49.852352142333984
0.9829556941986084 0.06648999452590942 0.17139768600463867 -0.6534426212310791 -0.06609764695167542 0.9977810978889465 -0.008001219481229782 0.09619942307472229 -0.17154937982559204 -0.0034641411621123552 0.9851694107055664 50.110443115234375
0.9796645045280457 0.06545427441596985 0.1896662563085556 -0.5956202745437622 -0.06485401093959808 0.9978506565093994 -0.0093765277415514 0.0973023921251297 -0.1898723691701889 -0.003114767372608185 0.981803834438324 50.36530685424805
0.9757633209228516 0.06465492397546768 0.20905917882919312 -0.5271497964859009 -0.06404246389865875 0.9979000091552734 -0.009704818949103355 0.09468985348939896 -0.2092476338148117 -0.00391905615106225 0.9778547883033752 50.60978317260742
0.9712225198745728 0.06485175341367722 0.22917473316192627 -0.4544658064842224 -0.06409072130918503 0.9978858232498169 -0.010770460590720177 0.08954905718564987 -0.22938872873783112 -0.004227458033710718 0.9733256697654724 50.84785842895508
0.9659243226051331 0.06701871007680893 0.24999742209911346 -0.3770450949668884 -0.06581594049930573 0.9977447986602783 -0.013177551329135895 0.08870386332273483 -0.2503167390823364 -0.003725297749042511 0.9681567549705505 51.08247756958008
0.9596478343009949 0.06817729771137238 0.27281492948532104 -0.29286298155784607 -0.06651928275823593 0.9976672530174255 -0.015333415009081364 0.08568082749843597 -0.2732239365577698 -0.0034327779430896044 0.9619443416595459 51.33030700683594
0.9523500800132751 0.06971382349729538 0.2969331443309784 -0.19649970531463623 -0.0679263025522232 0.9975565075874329 -0.016346661373972893 0.0744260922074318 -0.29734715819358826 -0.0046018208377063274 0.95475834608078 51.55550765991211
0.9437788128852844 0.07249768078327179 0.3225300908088684 -0.09704653918743134 -0.07070519775152206 0.9973474740982056 -0.017286239191889763 0.0672888308763504 -0.3229278028011322 -0.006490161642432213 0.9464012980461121 51.793575286865234
0.9339845776557922 0.0743294507265091 0.34949660301208496 0.013347586616873741 -0.07248732447624207 0.9972001910209656 -0.018367288634181023 0.05811544135212898 -0.3498833179473877 -0.008179307915270329 0.9367575645446777 52.02716827392578
0.9226913452148438 0.07519898563623428 0.37813472747802734 0.13103944063186646 -0.0731656476855278 0.9971238970756531 -0.019763899967074394 0.05106845498085022 -0.3785334527492523 -0.00943049043416977 0.9255395531654358 52.26274108886719
0.910102903842926 0.0729423463344574 0.40791186690330505 0.27561843395233154 -0.07006442546844482 0.9972995519638062 -0.022013461217284203 0.04283525049686432 -0.4084160029888153 -0.008545589633286 0.9127559065818787 52.50387954711914
0.8951264023780823 0.07057397067546844 0.4401909410953522 0.42243123054504395 -0.06642086058855057 0.9974820017814636 -0.024855639785528183 0.035730428993701935 -0.44083675742149353 -0.006988919340074062 0.8975600600242615 52.73157501220703
0.8777568340301514 0.0697631761431694 0.47399982810020447 0.5755994319915771 -0.0635964572429657 0.9975526928901672 -0.029051149263978004 0.024952009320259094 -0.4748665690422058 -0.00464486051350832 0.8800455331802368 52.95283126831055
0.8582544922828674 0.07168441265821457 0.5081933736801147 0.7376662492752075 -0.06301852315664291 0.9974239468574524 -0.03426612168550491 0.018083062022924423 -0.5093405842781067 -0.0026165416929870844 0.8605610728263855 53.16655349731445
0.8364678621292114 0.07359923422336578 0.5430511832237244 0.9261959791183472 -0.06250164657831192 0.9972869753837585 -0.038889385759830475 0.009340453892946243 -0.5444400310516357 -0.0014118708204478025 0.8387985825538635 53.39373779296875
0.8118393421173096 0.07623215764760971 0.5788829326629639 1.1206920146942139 -0.06326918303966522 0.9970878958702087 -0.04257466271519661 -0.0009459764696657658 -0.5804427266120911 -0.0020616697147488594 0.8142985105514526 53.61959457397461
0.7842903733253479 0.08032892644405365 0.6151712536811829 1.3305740356445312 -0.06636108458042145 0.9967554807662964 -0.045551419258117676 -0.013044808059930801 -0.6168343424797058 -0.005097889807075262 0.7870765328407288 53.84904861450195
0.7542442679405212 0.08481694757938385 0.6510926485061646 1.557774543762207 -0.07006490975618362 0.9963564872741699 -0.048628807067871094 -0.026746481657028198 -0.6528449654579163 -0.00894075632095337 0.7574388980865479 54.07929992675781
0.7210874557495117 0.08577772229909897 0.6875135898590088 1.8161389827728271 -0.0696028545498848 0.996255099773407 -0.05129605904221535 -0.04620445892214775 -0.6893389821052551 -0.010863962583243847 0.724357545375824 54.315399169921875
0.6844631433486938 0.08323665708303452 0.7242801189422607 2.085756778717041 -0.06594900041818619 0.996457040309906 -0.05219263210892677 -0.06916908174753189 -0.7260584831237793 -0.012041621841490269 0.687527596950531 54.5282096862793
0.6453776359558105 0.08155705779790878 0.7594972848892212 2.3955602645874023 -0.06281420588493347 0.9965826869010925 -0.05364005267620087 -0.09170854091644287 -0.7612766623497009 -0.01308913342654705 0.6482951641082764 54.74676513671875
0.6026147603988647 0.08105917274951935 0.7939048409461975 2.7244365215301514 -0.0609382800757885 0.9965973496437073 -0.055499155074357986 -0.11450764536857605 -0.7957022190093994 -0.014934580773115158 0.6055039167404175 54.96659469604492
0.5563793182373047 0.0809956043958664 0.8269714117050171 3.0821783542633057 -0.05730170011520386 0.996608555316925 -0.059058189392089844 -0.13135139644145966 -0.8289502859115601 -0.014528114348649979 0.5591335296630859 55.17020797729492
0.508014976978302 0.0801858901977539 0.8576076626777649 3.4814491271972656 -0.05417979881167412 0.9966604709625244 -0.061093151569366455 -0.14911861717700958 -0.8596425652503967 -0.01542877871543169 0.510662853717804 55.37908172607422
0.45937371253967285 0.07885328680276871 0.8847360610961914 3.896111488342285 -0.05226726457476616 0.9967254996299744 -0.061696212738752365 -0.16395796835422516 -0.8867039084434509 -0.017901116982102394 0.46199095249176025 55.5592155456543
0.40990006923675537 0.07609796524047852 0.9089505076408386 4.317533493041992 -0.051320631057024 0.9968592524528503 -0.06031421199440956 -0.19334332644939423 -0.9106855392456055 -0.021925119683146477 0.4125180244445801 55.71668243408203
0.3596300780773163 0.0766114890575409 0.9299444556236267 4.785922527313232 -0.055020224303007126 0.9966306686401367 -0.06082773581147194 -0.2101610153913498 -0.9314714074134827 -0.029290270060300827 0.3626335561275482 55.88089370727539
0.309759259223938 0.0767240896821022 0.9477143287658691 5.247148513793945 -0.05310650169849396 0.996579110622406 -0.06332223862409592 -0.23668819665908813 -0.949330747127533 -0.03071514330804348 0.3127741515636444 56.01552200317383
0.26313623785972595 0.07313382625579834 0.9619827270507812 5.727829456329346 -0.04162212833762169 0.9970548152923584 -0.06441503018140793 -0.27037081122398376 -0.9638603925704956 -0.023089837282896042 0.2654052674770355 56.096126556396484
0.21888859570026398 0.0675799548625946 0.9734066724777222 6.240679740905762 -0.028134804219007492 0.9976209402084351 -0.06293442845344543 -0.2952316701412201 -0.975344181060791 -0.013610976748168468 0.22026920318603516 56.17327117919922
0.1761585772037506 0.06625497341156006 0.9821295738220215 6.775468349456787 -0.019254237413406372 0.997773289680481 -0.06385679543018341 -0.330714613199234 -0.9841734766960144 -0.007661229930818081 0.17704206705093384 56.24551010131836
0.13801203668117523 0.0679251179099083 0.9880986213684082 7.278930187225342 -0.01602225936949253 0.9976680874824524 -0.06634505093097687 -0.3534862697124481 -0.9903009533882141 -0.006675157230347395 0.13877850770950317 56.28293228149414
0.10549325495958328 0.0686938464641571 0.9920445084571838 7.82131290435791 -0.007359668146818876 0.9976378679275513 -0.06829851865768433 -0.38778620958328247 -0.9943928122520447 -9.608658001525328e-05 0.10574959963560104 56.31036376953125
0.07698933035135269 0.0668887197971344 0.994785726070404 8.38327693939209 0.00023568117467220873 0.9977458715438843 -0.06710600852966309 -0.4236108362674713 -0.9970318675041199 0.00540089700371027 0.07680000364780426 56.32516860961914
0.0518583245575428 0.06515005975961685 0.9965270757675171 8.960007667541504 0.006848283112049103 0.9978231191635132 -0.06559115648269653 -0.46062877774238586 -0.998630940914154 0.010225946083664894 0.05129925534129143 56.342529296875
0.03171086311340332 0.06444165855646133 0.9974175095558167 9.518274307250977 0.011793374083936214 0.9978257417678833 -0.06484299153089523 -0.48394492268562317 -0.9994274973869324 0.013819144107401371 0.030881932005286217 56.33927917480469
0.015847371891140938 0.06609780341386795 0.9976873397827148 10.104872703552246 0.014702926389873028 0.9976892471313477 -0.06633148342370987 -0.513296365737915 -0.9997662901878357 0.015720101073384285 0.014838925562798977 56.336429595947266
0.002295623067766428 0.06598345935344696 0.997818112373352 10.687101364135742 0.01493945624679327 0.9977070689201355 -0.066010482609272 -0.5477500557899475 -0.9998857378959656 0.015058396384119987 0.0013046051608398557 56.328269958496094
-0.009029955603182316 0.0669277012348175 0.9977169632911682 11.303651809692383 0.0161142535507679 0.997637927532196 -0.06677653640508652 -0.5833919644355774 -0.9998293519020081 0.015474475920200348 -0.010087113827466965 56.31614303588867
-0.018248533830046654 0.06976781785488129 0.9973962903022766 11.950088500976562 0.021109770983457565 0.9973669648170471 -0.0693795457482338 -0.6202678680419922 -0.9996105432510376 0.01978873461484909 -0.019673269242048264 56.30350112915039
-0.024709194898605347 0.0716986134648323 0.997120201587677 12.57012939453125 0.025322332978248596 0.9971495866775513 -0.07107322663068771 -0.6552118062973022 -0.9993738532066345 0.023493250831961632 -0.026454340666532516 56.273040771484375
-0.02905477210879326 0.07106322050094604 0.997048556804657 13.22506046295166 0.02552102692425251 0.9971972107887268 -0.07033011317253113 -0.6937897205352783 -0.9992519617080688 0.023402277380228043 -0.030786948278546333 56.254493713378906
-0.0328853577375412 0.06839804351329803 0.997115969657898 13.887714385986328 0.023388756439089775 0.9974350333213806 -0.06764855980873108 -0.7265317440032959 -0.9991854429244995 0.02109665609896183 -0.03440075367689133 56.23806381225586
-0.03556447476148605 0.06168438494205475 0.9974618554115295 14.585655212402344 0.021401800215244293 0.9979113936424255 -0.06094910204410553 -0.7623158097267151 -0.9991381168365479 0.019179856404662132 -0.03681034594774246 56.221256256103516
-0.036559779196977615 0.05632178112864494 0.9977430105209351 15.273754119873047 0.022881850600242615 0.9981959462165833 -0.055508896708488464 -0.7954994440078735 -0.9990694522857666 0.020800814032554626 -0.037782564759254456 56.19093704223633
-0.03696826100349426 0.05356840789318085 0.9978796243667603 15.950031280517578 0.0251906868070364 0.9982948899269104 -0.05265745148062706 -0.8311094045639038 -0.9989988207817078 0.02319061942398548 -0.038254640996456146 56.162193298339844
-0.03715210407972336 0.055778034031391144 0.997751772403717 16.663475036621094 0.02849692478775978 0.9980940818786621 -0.054736070334911346 -0.8718370199203491 -0.9989032745361328 0.026399295777082443 -0.038670800626277924 56.14080047607422
-0.03594821318984032 0.06351704895496368 0.9973330497741699 17.37091636657715 0.029447628185153008 0.9976121187210083 -0.06247340142726898 -0.8984422087669373 -0.9989197254180908 0.02712329290807247 -0.0377327986061573 56.10928726196289
-0.03404289484024048 0.07146868109703064 0.9968617558479309 18.090105056762695 0.030570145696401596 0.9970476031303406 -0.07043801993131638 -0.9384868741035461 -0.9989527463912964 0.028076298534870148 -0.03612719476222992 56.08380889892578
-0.032104332000017166 0.07194507867097855 0.9968917965888977 18.809871673583984 0.031526241451501846 0.9969824552536011 -0.07093634456396103 -0.9770833849906921 -0.9989871978759766 0.029150888323783875 -0.03427561745047569 56.06763458251953
-0.029774054884910583 0.06764355301856995 0.9972651600837708 19.549535751342773 0.030699774622917175 0.9972987771034241 -0.06672925502061844 -1.019949197769165 -0.9990851283073425 0.028629017993807793 -0.03177027031779289 56.04423904418945
-0.0273300651460886 0.06121741980314255 0.9977501630783081 20.284908294677734 0.030301827937364578 0.9977152347564697 -0.06038524955511093 -1.0633701086044312 -0.9991671442985535 0.02858332358300686 -0.029122617095708847 56.028472900390625
-0.024441156536340714 0.05982347950339317 0.997909665107727 21.045150756835938 0.028383726254105568 0.9978471398353577 -0.05912453308701515 -1.1048579216003418 -0.9992982745170593 0.026879319921135902 -0.02608655020594597 56.01050567626953
-0.02099999040365219 0.06531846523284912 0.9976434111595154 21.77127456665039 0.03600578382611275 0.997265636920929 -0.06453581899404526 -1.146639108657837 -0.9991309642791748 0.03456567972898483 -0.023294411599636078 55.98830795288086
-0.018091754987835884 0.07046996802091599 0.9973497986793518 22.501789093017578 0.038068987429142 0.9968383312225342 -0.06974325329065323 -1.1940714120864868 -0.9991113543510437 0.03670632466673851 -0.020717276260256767 55.97598648071289
-0.015413163229823112 0.07141365855932236 0.9973276853561401 23.242815017700195 0.03162076324224472 0.9969820976257324 -0.07090023905038834 -1.2335940599441528 -0.9993811249732971 0.0304434634745121 -0.01762480102479458 55.97311019897461
-0.012342069298028946 0.0678764209151268 0.9976173639297485 24.0029296875 0.02711418829858303 0.9973492622375488 -0.06752272695302963 -1.2793363332748413 -0.9995561242103577 0.026216216385364532 -0.014149768278002739 55.977989196777344
-0.0073126452043652534 0.06429103761911392 0.9979044198989868 24.747211456298828 0.03129757195711136 0.9974569082260132 -0.06403285264968872 -1.3285565376281738 -0.9994833469390869 0.030763737857341766 -0.009306201711297035 55.964656829833984
-0.0033263920340687037 0.06525566428899765 0.9978630542755127 25.480270385742188 0.03580991551280022 0.9972362518310547 -0.06509530544281006 -1.3736748695373535 -0.9993531107902527 0.03551686182618141 -0.00565399881452322 55.9480094909668
-0.0010938363848254085 0.06965795904397964 0.9975703358650208 26.216331481933594 0.03567984327673912 0.9969384670257568 -0.06957471370697021 -1.4255156517028809 -0.9993626475334167 0.035517044365406036 -0.0035758716985583305 55.96295166015625
0.002779716160148382 0.07065180689096451 0.9974970817565918 26.980295181274414 0.03140385076403618 0.9970028400421143 -0.07070432603359222 -1.4670525789260864 -0.9995028972625732 0.031521789729595184 0.0005526464665308595 55.966819763183594
0.006555593106895685 0.0700080618262291 0.9975248575210571 27.732847213745117 0.030693810433149338 0.9970621466636658 -0.07017732411623001 -1.5152404308319092 -0.9995073676109314 0.03107788972556591 0.004387519787997007 55.974884033203125
0.010000660084187984 0.0670117735862732 0.9977020025253296 28.47138214111328 0.03465483710169792 0.9971293210983276 -0.06732068210840225 -1.5632803440093994 -0.9993492960929871 0.03524845093488693 0.007649670355021954 55.97964859008789
0.014038595370948315 0.0674460306763649 0.9976241588592529 29.224058151245117 0.038941413164138794 0.9969286322593689 -0.06794700026512146 -1.6128195524215698 -0.9991428852081299 0.039802778512239456 0.011369035579264164 55.98119354248047
0.017122551798820496 0.06843985617160797 0.9975082874298096 29.985471725463867 0.042403701692819595 0.9967072606086731 -0.06911276280879974 -1.6648690700531006 -0.9989538192749023 0.043481431901454926 0.01416406687349081 55.99528884887695
0.020063696429133415 0.06890799105167389 0.9974212646484375 30.736082077026367 0.04299887269735336 0.9966394901275635 -0.06971891969442368 -1.7057547569274902 -0.9988735914230347 0.04428679868578911 0.017033306881785393 56.00950241088867
0.023700907826423645 0.0671665221452713 0.9974602460861206 31.483827590942383 0.04447382688522339 0.9966818690299988 -0.06817088276147842 -1.757045865058899 -0.998729407787323 0.04597659036517143 0.02063511125743389 56.03079605102539
0.02737782895565033 0.06647680699825287 0.9974122643470764 32.231727600097656 0.04648305103182793 0.9966223239898682 -0.06770005822181702 -1.8003674745559692 -0.9985438585281372 0.04821624234318733 0.02419530786573887 56.04728317260742
0.030411435291171074 0.06645800918340683 0.997325599193573 32.98077392578125 0.04460430517792702 0.996703028678894 -0.06777661293745041 -1.8542653322219849 -0.9985417723655701 0.04654620587825775 0.02734685316681862 56.0736198425293
0.033097196370363235 0.0682309940457344 0.9971203207969666 33.74246597290039 0.04180857911705971 0.9966992139816284 -0.06958990544080734 -1.8959074020385742 -0.9985772967338562 0.04399142786860466 0.03013530559837818 56.100791931152344
0.035997193306684494 0.06847576051950455 0.9970030784606934 34.496559143066406 0.04363962262868881 0.9965903759002686 -0.07002303749322891 -1.939684271812439 -0.9983986020088196 0.046029478311538696 0.03288619592785835 56.12508773803711
0.03851601108908653 0.06836149841547012 0.9969168901443481 35.25536346435547 0.04145658761262894 0.9966889023780823 -0.06994754076004028 -1.9856079816818237 -0.998397707939148 0.04402287304401398 0.035554446280002594 56.16103744506836
0.040675874799489975 0.06844166666269302 0.9968255162239075 36.0036735534668 0.03961661830544472 0.9967561960220337 -0.07005347311496735 -2.0363283157348633 -0.9983866214752197 0.04234034940600395 0.03783250227570534 56.20225143432617
0.04367873817682266 0.0680299699306488 0.9967266917228699 36.77324676513672 0.036729052662849426 0.9968950748443604 -0.06965100765228271 -2.094078302383423 -0.9983702898025513 0.039651092141866684 0.041044436395168304 56.23756408691406
0.046835850924253464 0.0706469789147377 0.9964011907577515 37.536048889160156 0.03572893142700195 0.9967390894889832 -0.07235036045312881 -2.1316232681274414 -0.998263418674469 0.03898894414305687 0.04415898025035858 56.277557373046875
0.05048973858356476 0.0747293010354042 0.9959248900413513 38.30193328857422 0.034595150500535965 0.9964673519134521 -0.07652386277914047 -2.1756327152252197 -0.9981251955032349 0.038317836821079254 0.0477261058986187 56.31643295288086
0.05336704105138779 0.07627508044242859 0.9956575632095337 39.064212799072266 0.03508087620139122 0.9963197708129883 -0.0782061368227005 -2.236572742462158 -0.9979586005210876 0.03910216689109802 0.05049483850598335 56.368553161621094
0.05604167655110359 0.0784572958946228 0.9953410625457764 39.82296371459961 0.02887694351375103 0.9963632225990295 -0.08016377687454224 -2.2903048992156982 -0.9980108141899109 0.03323492035269737 0.053572263568639755 56.4276008605957
0.05897493287920952 0.07756684720516205 0.9952413439750671 40.62853240966797 0.024793820455670357 0.9965552687644958 -0.07913845777511597 -2.347381353378296 -0.9979515075683594 0.029343020170927048 0.05684860050678253 56.479488372802734
0.06297792494297028 0.07800935208797455 0.9949615001678467 41.40422058105469 0.027279729023575783 0.9964333772659302 -0.07985148578882217 -2.404951333999634 -0.9976420402526855 0.032171156257390976 0.060625240206718445 56.52965545654297
0.06697433441877365 0.07937159389257431 0.9945926666259766 42.171600341796875 0.026363028213381767 0.9963420033454895 -0.08128644526004791 -2.4612009525299072 -0.9974064230918884 0.03166457638144493 0.06463686376810074 56.578636169433594
0.07019780576229095 0.08058401197195053 0.9942728281021118 42.95489501953125 0.022305799648165703 0.9963556528091431 -0.08232767134904861 -2.515622854232788 -0.9972836971282959 0.027957268059253693 0.06814448535442352 56.656227111816406
0.07484877109527588 0.07802268117666245 0.9941378831863403 43.75891876220703 0.021472375839948654 0.9965771436691284 -0.07983077317476273 -2.577324628829956 -0.9969636797904968 0.02732173539698124 0.07291724532842636 56.71637725830078
0.0788646787405014 0.07830086350440979 0.993805468082428 44.5447883605957 0.02129211835563183 0.9965507388114929 -0.08020683377981186 -2.6395745277404785 -0.9966579079627991 0.027485713362693787 0.07692547142505646 56.78376007080078
0.0840972363948822 0.08193648606538773 0.9930830597877502 45.339298248291016 0.018196025863289833 0.9963210225105286 -0.08374454081058502 -2.69856595993042 -0.9962913990020752 0.025112850591540337 0.0822969377040863 56.858333587646484
0.0893290787935257 0.09085232764482498 0.9918498396873474 46.13210678100586 0.01585550419986248 0.9955751299858093 -0.09262154996395111 -2.7590174674987793 -0.9958760142326355 0.024000078439712524 0.08749330043792725 56.9549560546875
0.09702118486166 0.09552168101072311 0.990687906742096 46.91653060913086 0.015062479302287102 0.995128870010376 -0.09742499142885208 -2.8238284587860107 -0.9951683878898621 0.024374505504965782 0.09510979056358337 57.03139114379883
0.10409687459468842 0.09811006486415863 0.9897162914276123 47.6971549987793 0.009748113341629505 0.9949741363525391 -0.09965655207633972 -2.8994219303131104 -0.9945194125175476 0.020021803677082062 0.10261732339859009 57.12897491455078
0.11122596263885498 0.09624115377664566 0.989124059677124 48.49087905883789 0.006538014393299818 0.9952073693275452 -0.09756824374198914 -2.9716529846191406 -0.9937736392021179 0.017319029197096825 0.11006368696689606 57.22277069091797
0.1185263991355896 0.09496938437223434 0.9883989095687866 49.299869537353516 0.0064217643812298775 0.99532151222229 -0.09640462696552277 -3.0390868186950684 -0.9929301738739014 0.017773760482668877 0.11736200749874115 57.33073043823242
0.12627939879894257 0.09150052070617676 0.9877657294273376 50.127296447753906 0.005998112261295319 0.995648205280304 -0.09299753606319427 -3.110475778579712 -0.9919766187667847 0.017668405547738075 0.12518103420734406 57.43854904174805
0.13408465683460236 0.08530532568693161 0.9872913956642151 50.92714309692383 0.004062906373292208 0.9962323307991028 -0.08662963658571243 -3.1883044242858887 -0.9909615516662598 0.015626978129148483 0.13323289155960083 57.548152923583984
0.14126159250736237 0.07861851900815964 0.9868456125259399 51.73905563354492 0.001330366125330329 0.9968256950378418 -0.07960402965545654 -3.2445054054260254 -0.989971399307251 0.012557858601212502 0.1407085806131363 57.67018508911133
0.14791560173034668 0.07575757056474686 0.9860941767692566 52.543643951416016 -9.094559209188446e-05 0.9970628023147583 -0.07658661156892776 -3.3232431411743164 -0.9890000224113464 0.011238675564527512 0.147488072514534 57.8089485168457
0.1551426351070404 0.07742157578468323 0.9848535656929016 53.360191345214844 0.0008202553726732731 0.9969138503074646 -0.07849887013435364 -3.384392738342285 -0.9878917336463928 0.012986352667212486 0.1546003222465515 57.949005126953125
