1.0 0.0 0.0 0.0 0.0 1.0 0.0 0.0 0.0 0.0 1.0 0.0
1.0 -6.648802809650078e-05 0.0001218690667883493 -0.014873076230287552 6.631216820096597e-05 0.9999989867210388 0.0014424410182982683 -0.01267093513160944 -0.00012196484749438241 -0.0014424328692257404 0.999998927116394 1.3156399726867676
0.9999986290931702 -0.0015581045299768448 -0.0005825207335874438 -0.012893016450107098 0.0015591650735586882 0.9999972581863403 0.0018251551082357764 -0.040835846215486526 0.0005796753102913499 -0.0018260610522702336 0.999998152256012 2.618354558944702
0.9999961853027344 -0.0027175082359462976 -0.0005321018979884684 -0.018682708963751793 0.002717915689572692 0.9999959468841553 0.0007660830742679536 -0.05582248419523239 0.0005300179473124444 -0.0007675262168049812 0.9999995231628418 3.9314136505126953
0.9999955296516418 -0.0029596819076687098 -0.0005127135664224625 -0.027592822909355164 0.002960115671157837 0.9999952912330627 0.0008480198448523879 -0.0737060159444809 0.0005102012655697763 -0.0008495337679050863 0.999999463558197 5.2575578689575195
0.9999932646751404 -0.00363264256156981 -0.0005254969582892954 -0.02748408168554306 0.0036336337216198444 0.9999915957450867 0.001898671849630773 -0.10201730579137802 0.0005185953341424465 -0.0019005684880539775 0.9999980330467224 6.575753688812256
0.9999871253967285 -0.005077224690467119 -0.00021980272140353918 -0.03481292352080345 0.005077865906059742 0.9999825358390808 0.0030190525576472282 -0.1171913892030716 0.00020447047427296638 -0.003020129632204771 0.9999954104423523 7.895303726196289
0.9999895691871643 -0.00454420642927289 -0.0003640477079898119 -0.04043921083211899 0.004545482806861401 0.9999831914901733 0.0035834265872836113 -0.13860753178596497 0.00034775774111039937 -0.003585043828934431 0.9999935030937195 9.23884105682373
0.9999930262565613 -0.0036812471225857735 -0.0007166630821302533 -0.04494136571884155 0.0036825176794081926 0.9999915957450867 0.0017791581340134144 -0.15638068318367004 0.0007101075607351959 -0.0017817845800891519 0.999998152256012 10.590023040771484
0.9999987483024597 -0.0012679382925853133 -0.0009009512141346931 -0.05405115336179733 0.001267799991182983 0.9999991059303284 -0.0001541282399557531 -0.18068882822990417 0.000901145744137466 0.0001529858709545806 0.9999995827674866 11.924367904663086
0.9999972581863403 0.0022899287287145853 -0.0006209720158949494 -0.07024729251861572 -0.002290599513798952 0.9999967813491821 -0.001082781353034079 -0.20344305038452148 0.0006184905651025474 0.0010842008050531149 0.9999992251396179 13.266372680664062
0.9999896287918091 0.004539852030575275 -0.00040201054071076214 -0.09168203175067902 -0.004540299531072378 0.9999890923500061 -0.001118890824727714 -0.22564397752285004 0.0003969265380874276 0.0011207044590264559 0.9999992847442627 14.603781700134277
0.9999831318855286 0.005790416616946459 -0.0005480892141349614 -0.09389717131853104 -0.005790601018816233 0.9999832510948181 -0.00033559792791493237 -0.2452600747346878 0.00054613669635728 0.00033876599627546966 0.9999998211860657 15.960553169250488
0.9999949336051941 0.0031814223621040583 0.00014155646204017103 -0.10547581315040588 -0.0031817806884646416 0.9999914765357971 0.002604932524263859 -0.2695762813091278 -0.00013326788030099124 -0.0026053700130432844 0.9999966025352478 17.32059097290039
0.9999995827674866 -0.0009422721923328936 0.0002458546368870884 -0.10807231068611145 0.0009411302744410932 0.9999889731407166 0.004603572189807892 -0.28951627016067505 -0.0002501897397451103 -0.004603339359164238 0.99998939037323 18.67424201965332
0.999994695186615 -0.0032752947881817818 -2.20907404582249e-05 -0.11480466276407242 0.0032753334380686283 0.9999923706054688 0.00212851376272738 -0.30288007855415344 1.5119038835109677e-05 -0.002128574764356017 0.9999977350234985 20.02092933654785
0.9999880194664001 -0.0049208989366889 -0.00019444456847850233 -0.11366347223520279 0.0049209874123334885 0.999987781047821 0.00045450872858054936 -0.33083948493003845 0.0001922056108014658 -0.00045546013279818 0.9999998807907104 21.394697189331055
0.9999974370002747 -0.002026129513978958 0.0010931005235761404 -0.13773921132087708 0.002027234761044383 0.9999974370002747 -0.001011086511425674 -0.3491119146347046 -0.0010910490527749062 0.001013299566693604 0.9999988675117493 22.741985321044922
0.9999984502792358 0.0008241675677709281 0.001544936210848391 -0.14222265779972076 -0.0008245714707300067 0.9999995827674866 0.0002605633344501257 -0.357374370098114 -0.0015447207260876894 -0.0002618368889670819 0.9999987483024597 24.12025260925293
0.9999980926513672 0.0004576084320433438 0.0018586626974865794 -0.14715996384620667 -0.0004661761340685189 0.9999892711639404 0.0046118078753352165 -0.3965281546115875 -0.0018565320642665029 -0.004612666089087725 0.9999876022338867 25.489641189575195
0.999994158744812 -0.0014402087545022368 0.0031215574126690626 -0.1616188883781433 0.0014199060387909412 0.9999778866767883 0.0064966329373419285 -0.40394484996795654 -0.003130844794213772 -0.006492162588983774 0.9999740123748779 26.85972785949707
0.9999816417694092 -0.005638526286929846 0.0022197940852493048 -0.15284784138202667 0.005628429353237152 0.9999738335609436 0.004529099445790052 -0.41927939653396606 -0.0022452736739069223 -0.00451652193441987 0.9999873042106628 28.23522186279297
0.9999786615371704 -0.006146690342575312 0.0021705045364797115 -0.15208843350410461 0.006141440477222204 0.9999781847000122 0.002417595125734806 -0.4370258152484894 -0.0021853179205209017 -0.002404213650152087 0.9999947547912598 29.615089416503906
0.9999775290489197 -0.00592599343508482 0.0031326841562986374 -0.15897904336452484 0.005927444901317358 0.9999823570251465 -0.0004541638190858066 -0.4538952112197876 -0.003129937220364809 0.00047272228403016925 0.9999949336051941 30.988019943237305
0.9999892711639404 -0.002713210182264447 0.003765127155929804 -0.16854025423526764 0.0027164509519934654 0.9999959468841553 -0.0008557506953366101 -0.4802759289741516 -0.0037627900019288063 0.0008659691084176302 0.9999925494194031 32.36678695678711
0.9999890327453613 -0.0019668019376695156 0.004256770480424166 -0.1777905970811844 0.0019793121609836817 0.9999936819076538 -0.0029366284143179655 -0.5069434642791748 -0.004250966943800449 0.002945021726191044 0.9999866485595703 33.74599838256836
0.9999906420707703 -0.0014002854004502296 0.004100024234503508 -0.1716737449169159 0.0014098831452429295 0.9999961853027344 -0.0023389323614537716 -0.529967725276947 -0.004096733406186104 0.002344690728932619 0.9999889135360718 35.14023208618164
0.99998939037323 -0.0005149780190549791 0.00457264669239521 -0.19585484266281128 0.0005212817923165858 0.9999990463256836 -0.0013775095576420426 -0.5516242980957031 -0.00457193236798048 0.001379878493025899 0.9999886155128479 36.53236770629883
0.999991238117218 0.0006484659388661385 0.004127259831875563 -0.1974741518497467 -0.0006498082657344639 0.9999997615814209 0.00032389434636570513 -0.5753108859062195 -0.004127048887312412 -0.0003265734703745693 0.9999914169311523 37.93317413330078
0.9999852776527405 0.003262296551838517 0.004331949632614851 -0.20828969776630402 -0.003265643958002329 0.9999943375587463 0.000765787553973496 -0.6004993915557861 -0.004329427145421505 -0.000779922935180366 0.9999903440475464 39.333736419677734
0.9999729990959167 0.005729819647967815 0.0046023838222026825 -0.21485108137130737 -0.005731440614908934 0.9999834895133972 0.0003391245554666966 -0.6211161017417908 -0.0046003651805222034 -0.0003654936735983938 0.99998939037323 40.731544494628906
0.9999580979347229 0.007905298843979836 0.004611625336110592 -0.22449371218681335 -0.007908748462796211 0.999968409538269 0.000730483268853277 -0.640874445438385 -0.004605704918503761 -0.0007669248734600842 0.9999890923500061 42.14836120605469
0.9999562501907349 0.00840984657406807 0.00408298522233963 -0.22250211238861084 -0.00841218326240778 0.9999644160270691 0.0005553672672249377 -0.659443736076355 -0.004078168421983719 -0.0005896898219361901 0.9999914765357971 43.55708312988281
0.999961793422699 0.007830285467207432 0.0038870773278176785 -0.23443388938903809 -0.007833457551896572 0.9999690055847168 0.0008013986516743898 -0.6890003681182861 -0.003880681237205863 -0.0008318171603605151 0.9999921321868896 44.96089172363281
0.9999728798866272 0.0067414771765470505 0.002987530315294862 -0.23145535588264465 -0.006742882542312145 0.999977171421051 0.000460116338217631 -0.7099618315696716 -0.002984360558912158 -0.00048024830175563693 0.9999954700469971 46.36249923706055
0.9999808669090271 0.005893142893910408 0.0018889294005930424 -0.23646976053714752 -0.005894409492611885 0.9999823570251465 0.0006654622848145664 -0.7311742901802063 -0.001884974422864616 -0.000676583731546998 0.9999979734420776 47.76396942138672
0.9999810457229614 0.00610735546797514 0.0008013594779185951 -0.2383354753255844 -0.0061085340566933155 0.9999802708625793 0.0014757676981389523 -0.7471720576286316 -0.0007923305965960026 -0.0014806349063292146 0.9999985694885254 49.19209289550781
0.9999786615371704 0.0065202792175114155 -0.00026100213290192187 -0.24901773035526276 -0.006519825663417578 0.9999772906303406 0.0017025305423885584 -0.7776354551315308 0.0002720971533562988 -0.001700792578049004 0.9999985098838806 50.60605239868164
0.9999764561653137 0.006722078192979097 -0.0013175533385947347 -0.2646067142486572 -0.006719229742884636 0.9999751448631287 0.002153455512598157 -0.7956746816635132 0.0013319961726665497 -0.0021445523016154766 0.9999967813491821 52.02012634277344
0.9999710321426392 0.007270454429090023 -0.0022649357561022043 -0.28178566694259644 -0.007263786159455776 0.9999693036079407 0.0029384957160800695 -0.8136979937553406 0.0022862302139401436 -0.002921958453953266 0.9999931454658508 53.42756652832031
0.9999798536300659 0.005724350921809673 -0.002751735271885991 -0.29383590817451477 -0.005713572259992361 0.9999760389328003 0.003908972721546888 -0.8324494957923889 0.0027740453369915485 -0.003893171437084675 0.9999886751174927 54.86411666870117
0.9999859929084778 0.003922706004232168 -0.0035481539089232683 -0.3010047376155853 -0.003907306119799614 0.9999829530715942 0.004336864221841097 -0.8558101058006287 0.0035651056095957756 -0.004322940018028021 0.9999843239784241 56.30990982055664
0.9999910593032837 0.0014652209356427193 -0.0039581297896802425 -0.3152798116207123 -0.001449509640224278 0.9999909996986389 0.003969473298639059 -0.8734462261199951 0.0039639100432395935 -0.003963700961321592 0.9999843239784241 57.72451400756836
0.999991238117218 0.000163076285389252 -0.00416206382215023 -0.32623958587646484 -0.00014569457562174648 0.9999912977218628 0.004176182206720114 -0.8988032341003418 0.004162708297371864 -0.004175540059804916 0.9999825358390808 59.14285659790039
0.9999926686286926 -0.0009327443549409509 -0.0037073923740535975 -0.3359487056732178 0.0009503541514277458 0.9999882578849792 0.004751002881675959 -0.9138309955596924 0.00370291736908257 -0.004754491616040468 0.9999817609786987 60.5710334777832
0.999994158744812 -0.0014879574300721288 -0.003086530603468418 -0.34993284940719604 0.0015048854984343052 0.9999837875366211 0.0054894108325243 -0.9356620907783508 0.003078312845900655 -0.005494024138897657 0.999980092048645 62.00053787231445
0.9999901652336121 -0.003674657316878438 -0.0024803823325783014 -0.3641376793384552 0.003688396420329809 0.9999777674674988 0.005557511933147907 -0.9597946405410767 0.0024599048774689436 -0.005566606763750315 0.9999814629554749 63.401405334472656
0.9999877214431763 -0.004681797232478857 -0.0015890290960669518 -0.37724485993385315 0.004688885062932968 0.9999788999557495 0.004486727528274059 -0.982331395149231 0.0015679897041991353 -0.0044941226951777935 0.9999886155128479 64.78457641601562
0.999987781047821 -0.004720800090581179 -0.001432364690117538 -0.3728701174259186 0.004726694896817207 0.9999802708625793 0.004140292294323444 -1.0009628534317017 0.0014127910835668445 -0.004147012252360582 0.9999903440475464 66.20268249511719
0.9999967813491821 -0.002479210030287504 -0.0005254674470052123 -0.3895525634288788 0.002481263130903244 0.9999891519546509 0.0039434731006622314 -1.0233030319213867 0.0005156851839274168 -0.003944764379411936 0.9999920725822449 67.58911895751953
0.9999998211860657 0.0006135853473097086 0.00014030723832547665 -0.4064773917198181 -0.0006143343052826822 0.9999852180480957 0.005401638336479664 -1.0429764986038208 -0.00013699079863727093 -0.005401721689850092 0.99998539686203 68.97946166992188
0.9999926090240479 0.003725027432665229 0.0009476338163949549 -0.421314537525177 -0.0037312034983187914 0.9999712705612183 0.006601960863918066 -1.0613280534744263 -0.0009230140713043511 -0.006605447735637426 0.9999777674674988 70.37897491455078
0.9999690055847168 0.007706047035753727 0.0015941937454044819 -0.4337071180343628 -0.007717635482549667 0.9999428987503052 0.007395163178443909 -1.0842669010162354 -0.0015371153131127357 -0.007407236844301224 0.9999713897705078 71.73114776611328
0.9999324679374695 0.01140142884105444 0.00225427420809865 -0.4463196396827698 -0.01141755748540163 0.9999083876609802 0.007275716867297888 -1.1020686626434326 -0.0021711140871047974 -0.007300963159650564 0.9999710321426392 73.12773895263672
0.9998779296875 0.015357304364442825 0.0028783211018890142 -0.4659545421600342 -0.015374788083136082 0.9998628497123718 0.0061532133258879185 -1.116050124168396 -0.0027834295760840178 -0.00619671493768692 0.9999769330024719 74.51077270507812
0.9998518824577332 0.01686735637485981 0.003417473053559661 -0.4719034433364868 -0.016888506710529327 0.9998378157615662 0.006256342865526676 -1.136272668838501 -0.0033113902900367975 -0.006313132122159004 0.9999746084213257 75.905029296875
0.9998519420623779 0.016825120896100998 0.0036062337458133698 -0.47488436102867126 -0.016848133876919746 0.9998372197151184 0.006448836997151375 -1.1466290950775146 -0.0034971439745277166 -0.006508641876280308 0.9999727010726929 77.31649780273438
0.999859631061554 0.01628306321799755 0.003973091021180153 -0.4820760190486908 -0.016306860372424126 0.9998487830162048 0.006031696684658527 -1.1660521030426025 -0.0038742765318602324 -0.006095637567341328 0.9999738931655884 78.69021606445312
0.9998800754547119 0.01499847136437893 0.0038518193177878857 -0.4876462519168854 -0.015018049627542496 0.9998741745948792 0.005105124320834875 -1.1841546297073364 -0.0037747654132544994 -0.005162359215319157 0.9999794960021973 80.07585144042969
0.9998922944068909 0.014285624027252197 0.0033696088939905167 -0.4890807867050171 -0.014303124509751797 0.9998840093612671 0.0052276658825576305 -1.2018425464630127 -0.0032945380080491304 -0.005275297909975052 0.999980628490448 81.45591735839844
0.9998934268951416 0.014233242720365524 0.003249506466090679 -0.49315863847732544 -0.01425026822835207 0.9998844861984253 0.005277527030557394 -1.2198848724365234 -0.0031740148551762104 -0.005323271732777357 0.9999808073043823 82.8152847290039
0.9999052286148071 0.013588097877800465 0.0022130070719867945 -0.4858812093734741 -0.01359855942428112 0.9998961091041565 0.004782885778695345 -1.2373425960540771 -0.0021477872505784035 -0.004812526050955057 0.9999861121177673 84.20097351074219
0.9999029636383057 0.013812070712447166 0.001818593591451645 -0.5053368806838989 -0.01382126472890377 0.9998912811279297 0.005143700633198023 -1.2502808570861816 -0.001747350674122572 -0.005168336443603039 0.9999850988388062 85.55780029296875
0.9999095797538757 0.013427549973130226 0.0007108357967808843 -0.5032930374145508 -0.013431567698717117 0.9998918175697327 0.005984521936625242 -1.2740412950515747 -0.0006304014241322875 -0.0059935287572443485 0.9999817609786987 86.91905212402344
0.9999375343322754 0.011166506446897984 -0.0002895605575758964 -0.51614910364151 -0.011164226569235325 0.9999134540557861 0.006948421709239483 -1.2883869409561157 0.0003671249723993242 -0.006944755557924509 0.9999757409095764 88.3397445678711
0.9999547004699707 0.009420046582818031 -0.0013098889030516148 -0.5251944065093994 -0.009410018101334572 0.999927818775177 0.007462830748409033 -1.3110566139221191 0.001380094443447888 -0.0074501666240394115 0.9999712705612183 89.65647888183594
0.9999758005142212 0.006666319910436869 -0.001941641909070313 -0.5353232622146606 -0.006650829687714577 0.9999468326568604 0.0078780148178339 -1.3322653770446777 0.0019940556958317757 -0.00786491110920906 0.999967098236084 91.01448822021484
0.9999811053276062 0.005540519021451473 -0.0026690741069614887 -0.5408950448036194 -0.005520951934158802 0.9999582171440125 0.007283760234713554 -1.3522603511810303 0.0027093186508864164 -0.00726888794451952 0.9999698996543884 92.38249969482422
0.9999846816062927 0.004886724520474672 -0.0026248390786349773 -0.5562544465065002 -0.004868891555815935 0.9999653100967407 0.0067580100148916245 -1.3660420179367065 0.002657772973179817 -0.0067451270297169685 0.999973714351654 93.72415924072266
0.9999817609786987 0.005476491525769234 -0.002556594554334879 -0.5750705599784851 -0.005460565909743309 0.9999659061431885 0.006195225287228823 -1.383263349533081 0.002590435091406107 -0.006181151606142521 0.9999775290489197 95.09233093261719
0.9999836683273315 0.005251910071820021 -0.0023144492879509926 -0.5934449434280396 -0.005238696001470089 0.9999701380729675 0.0056790923699736595 -1.3988572359085083 0.002344206441193819 -0.005666873883455992 0.9999812245368958 96.45001220703125
0.9999807476997375 0.005859779193997383 -0.00204096850939095 -0.6088014841079712 -0.0058495705015957355 0.999970555305481 0.00497242109850049 -1.4201124906539917 0.0020700457971543074 -0.004960386548191309 0.9999855756759644 97.77366638183594
0.9999732971191406 0.007029568776488304 -0.001995131839066744 -0.6259612441062927 -0.00701913982629776 0.9999619722366333 0.005186815746128559 -1.435930609703064 0.002031516982242465 -0.005172673147171736 0.999984622001648 99.11614227294922
0.9999706745147705 0.007513539865612984 -0.001498645986430347 -0.633769690990448 -0.007503223139792681 0.9999489188194275 0.006773543078452349 -1.4579380750656128 0.001549462671391666 -0.006762098986655474 0.999975860118866 100.4503173828125
0.9999616742134094 0.008622748777270317 -0.0015274600591510534 -0.6529436111450195 -0.008609768003225327 0.9999284148216248 0.00830987747758627 -1.474194884300232 0.0015990048414096236 -0.008296407759189606 0.9999642968177795 101.78125762939453
0.9999665021896362 0.008084413595497608 -0.0012769234599545598 -0.6573360562324524 -0.008075827732682228 0.9999455809593201 0.006592229939997196 -1.4935302734375 0.0013301483122631907 -0.00658169761300087 0.9999774694442749 103.13996887207031
0.999965488910675 0.00825451873242855 -0.0009496008860878646 -0.6749079823493958 -0.008250399492681026 0.9999568462371826 0.004263472277671099 -1.5062670707702637 0.0009847526671364903 -0.004255491308867931 0.9999905228614807 104.46356201171875
0.9999721646308899 0.007280346471816301 -0.0016028305981308222 -0.6759002208709717 -0.007275264710187912 0.9999685287475586 0.003154267556965351 -1.5306137800216675 0.001625744509510696 -0.003142518224194646 0.9999937415122986 105.79244995117188
0.9999873042106628 0.0048027136363089085 -0.0015569961396977305 -0.6871734857559204 -0.004794898442924023 0.9999760985374451 0.004985390696674585 -1.554443359375 0.001580902375280857 -0.004977860953658819 0.9999863505363464 107.11383056640625
0.9999956488609314 0.0028990425635129213 -0.0005705153453163803 -0.7069554328918457 -0.002895412966609001 0.9999761581420898 0.006261684000492096 -1.5608247518539429 0.0005886545404791832 -0.006260004360228777 0.9999802112579346 108.44723510742188
0.9999992847442627 0.0011301439953967929 0.00034721550764515996 -0.7160190939903259 -0.0011325736995786428 0.999974250793457 0.00707964738830924 -1.5828944444656372 -0.00033920558053068817 -0.007080035749822855 0.9999749064445496 109.77676391601562
0.9999989867210388 0.0005226667271926999 0.001340182381682098 -0.725532591342926 -0.0005300388438627124 0.9999846816062927 0.005506385583430529 -1.59702730178833 -0.0013372838729992509 -0.005507090128958225 0.9999839663505554 111.09856414794922
0.9999940395355225 0.002714915433898568 0.0021962160244584084 -0.7345497012138367 -0.0027226347010582685 0.9999901056289673 0.0035196468234062195 -1.6158181428909302 -0.00218663876876235 -0.0035256051924079657 0.9999914169311523 112.42729187011719
0.9999802112579346 0.0051785800606012344 0.003563166130334139 -0.7469738125801086 -0.0051819575019180775 0.9999861121177673 0.0009391311905346811 -1.6305458545684814 -0.0035582534037530422 -0.0009575768490321934 0.9999931454658508 113.7435302734375
0.9999552369117737 0.008131544105708599 0.004841886926442385 -0.7528486251831055 -0.008136997930705547 0.9999662041664124 0.0011076381197199225 -1.650706171989441 -0.004832717124372721 -0.001146986847743392 0.9999876618385315 115.06433868408203
0.9999348521232605 0.009386741556227207 0.00649398285895586 -0.7540211081504822 -0.009406440891325474 0.9999512434005737 0.003009290201589465 -1.674136996269226 -0.0064654177986085415 -0.0030701798386871815 0.9999743700027466 116.40863800048828
0.999930202960968 0.009253072552382946 0.007343522273004055 -0.7475765943527222 -0.009292113594710827 0.9999427795410156 0.005300178192555904 -1.6909810304641724 -0.007294058799743652 -0.005368045065551996 0.9999589920043945 117.73905181884766
0.9999238848686218 0.008874554187059402 0.008573245257139206 -0.7510946393013 -0.00892645213752985 0.9999419450759888 0.006034314166754484 -1.7113080024719238 -0.008519195020198822 -0.0061103831976652145 0.9999450445175171 119.08229064941406
0.9999080300331116 0.00944015383720398 0.009732638485729694 -0.7461674213409424 -0.009492004290223122 0.9999409317970276 0.005295274779200554 -1.7238413095474243 -0.009682074189186096 -0.005387170240283012 0.9999386072158813 120.42754364013672
0.9998777508735657 0.011179775930941105 0.010923623107373714 -0.7417693138122559 -0.01123449020087719 0.9999245405197144 0.004960494115948677 -1.7420951128005981 -0.010867341421544552 -0.005082609131932259 0.9999280571937561 121.7579574584961
0.9998368620872498 0.013176841661334038 0.012349178083240986 -0.7359240651130676 -0.013234472833573818 0.9999018311500549 0.004596891347318888 -1.7544463872909546 -0.01228739507496357 -0.004759577102959156 0.999913215637207 123.10679626464844
0.9998159408569336 0.013874643482267857 0.013248066417872906 -0.7272676825523376 -0.013921577483415604 0.9998970627784729 0.0034570908173918724 -1.769107460975647 -0.013198736123740673 -0.0036408889573067427 0.9999062418937683 124.46599578857422
0.9997810125350952 0.015239723958075047 0.014343805611133575 -0.7187449336051941 -0.015274315141141415 0.9998806715011597 0.0023050415329635143 -1.7803632020950317 -0.014306965284049511 -0.002523628529161215 0.9998944401741028 125.819580078125
0.9997797012329102 0.014121386222541332 0.015525409951806068 -0.7135643362998962 -0.014158246107399464 0.9998971819877625 0.0022668789606541395 -1.799221158027649 -0.015491804108023643 -0.00248619238846004 0.9998769164085388 127.16470336914062
0.9997730255126953 0.013665529899299145 0.01634339615702629 -0.6988052725791931 -0.013717852532863617 0.9999011754989624 0.0030937271658331156 -1.8120111227035522 -0.016299502924084663 -0.0033172215335071087 0.9998616576194763 128.5141143798828
0.9997774362564087 0.012088806368410587 0.01728849858045578 -0.6904354691505432 -0.012164363637566566 0.9999169111251831 0.004271947778761387 -1.8328317403793335 -0.017235415056347847 -0.004481300711631775 0.9998413920402527 129.88577270507812
0.9997714161872864 0.011616220697760582 0.017946798354387283 -0.6741973161697388 -0.011698644608259201 0.9999215602874756 0.004494629800319672 -1.846662163734436 -0.017893178388476372 -0.004703556187450886 0.9998288154602051 131.23812866210938
0.9997951984405518 0.009464290924370289 0.017884284257888794 -0.6608303189277649 -0.00954684242606163 0.9999442100524902 0.004536235239356756 -1.858938217163086 -0.017840351909399033 -0.004706045147031546 0.9998297691345215 132.5999298095703
0.9998040795326233 0.007896863855421543 0.01814609207212925 -0.6555649042129517 -0.007990721613168716 0.9999550580978394 0.005105632822960615 -1.8776359558105469 -0.018104955554008484 -0.005249633453786373 0.9998222589492798 133.93614196777344
0.9998229742050171 0.006239823531359434 0.017751378938555717 -0.6425030827522278 -0.006326925940811634 0.9999682903289795 0.004854810889810324 -1.8945504426956177 -0.017720524221658707 -0.00496626365929842 0.9998306035995483 135.2889404296875
0.9998582601547241 0.005000966601073742 0.016069728881120682 -0.6202050447463989 -0.005075391847640276 0.9999765753746033 0.0045939721167087555 -1.9065709114074707 -0.016046376898884773 -0.00467488169670105 0.9998602867126465 136.62747192382812
0.9998764395713806 0.004055522382259369 0.015187641605734825 -0.5984659194946289 -0.004138933029025793 0.9999764561653137 0.005464555695652962 -1.9250596761703491 -0.015165123157203197 -0.005526741500943899 0.999869704246521 137.98956298828125
0.9998952746391296 0.002536898711696267 0.014246447943150997 -0.5870840549468994 -0.002620175015181303 0.9999796152114868 0.005829767324030399 -1.9435441493988037 -0.014231367036700249 -0.005866485647857189 0.9998815059661865 139.32965087890625
0.9999150633811951 0.002611880423501134 0.012766966596245766 -0.5706126689910889 -0.0026798350736498833 0.9999822974205017 0.0053084795363247395 -1.9552298784255981 -0.012752876617014408 -0.005342242307960987 0.9999043941497803 140.6736602783203
0.9999304413795471 0.002039657672867179 0.011613612063229084 -0.5617080330848694 -0.0020950573962181807 0.9999864101409912 0.004760032054036856 -1.9728927612304688 -0.011603746563196182 -0.004784032236784697 0.9999212026596069 142.0127716064453
0.9999400973320007 0.0023699216544628143 0.010681627318263054 -0.5569211840629578 -0.002418534830212593 0.9999868869781494 0.004540523514151573 -1.9921157360076904 -0.01067072432488203 -0.0045660859905183315 0.9999326467514038 143.34173583984375
0.999951183795929 -0.00013875315198674798 0.00987828616052866 -0.5556427836418152 0.0001164944696938619 0.9999974966049194 0.0022538702469319105 -2.010680675506592 -0.009878573939204216 -0.00225260853767395 0.9999486804008484 144.6729736328125
0.9999461770057678 -0.0059116436168551445 0.008528531529009342 -0.5288028717041016 0.005896603688597679 0.9999809861183167 0.0017875959165394306 -2.028979539871216 -0.008538937196135521 -0.0017372103175148368 0.9999619722366333 146.0559539794922
0.999884307384491 -0.013033752329647541 0.007848892360925674 -0.5218163132667542 0.013001388870179653 0.9999068379402161 0.004160406067967415 -2.045703649520874 -0.007902388460934162 -0.0040578776970505714 0.9999605417251587 147.39881896972656
0.9997804760932922 -0.01999499462544918 0.0062655056826770306 -0.5110657215118408 0.019960254430770874 0.999785304069519 0.005558994133025408 -2.065276861190796 -0.006375313736498356 -0.005432713311165571 0.9999648928642273 148.75555419921875
0.9997071027755737 -0.023671669885516167 0.005059930961579084 -0.490994930267334 0.023659978061914444 0.9997172355651855 0.0023585346061736345 -2.081948757171631 -0.005114331375807524 -0.002238126238808036 0.9999843835830688 150.11456298828125
0.9997327327728271 -0.022456521168351173 0.0054901656694710255 -0.49104323983192444 0.022462524473667145 0.9997471570968628 -0.0010343135800212622 -2.1038150787353516 -0.0054655494168400764 0.0011573602678254247 0.9999843835830688 151.46478271484375
0.999800980091095 -0.01894764043390751 0.0062383441254496574 -0.49463197588920593 0.018965940922498703 0.9998160600662231 -0.002888044575229287 -2.1307833194732666 -0.006182474084198475 0.0030057861004024744 0.9999763369560242 152.79246520996094
0.9997945427894592 -0.018852032721042633 0.007441055029630661 -0.4966225326061249 0.01887490041553974 0.9998173117637634 -0.0030151463579386473 -2.1567459106445312 -0.007382854353636503 0.003154975827783346 0.9999677538871765 154.13702392578125
0.9997251033782959 -0.022024795413017273 0.00803900696337223 -0.49305260181427 0.02202264778316021 0.9997574090957642 0.00035515576018951833 -2.1811108589172363 -0.008044879883527756 -0.00017801793001126498 0.9999675750732422 155.4776153564453
0.9995812177658081 -0.02766302041709423 0.00849095918238163 -0.4773283898830414 0.027635514736175537 0.9996124505996704 0.003339997958391905 -2.2057414054870605 -0.008580062538385391 -0.0031039470341056585 0.9999583959579468 156.83641052246094
0.9994668960571289 -0.031619083136320114 0.008127148263156414 -0.4634148180484772 0.031581901013851166 0.9994902610778809 0.0046627093106508255 -2.2219583988189697 -0.00827043503522873 -0.0044035534374415874 0.9999561905860901 158.16688537597656
0.9994288682937622 -0.03271856531500816 0.008451269008219242 -0.4538465440273285 0.03268282115459442 0.9994562864303589 0.004335036966949701 -2.237957000732422 -0.008588510565459728 -0.004056349862366915 0.9999548196792603 159.5301055908203
0.9994730353355408 -0.03110262006521225 0.009289371781051159 -0.4480786621570587 0.031053593382239342 0.9995031952857971 0.005376736167818308 -2.257051944732666 -0.009451988153159618 -0.005085434298962355 0.9999423027038574 160.8727569580078
0.9995952248573303 -0.026627788320183754 0.010012584738433361 -0.4303840100765228 0.02658846788108349 0.9996382594108582 0.0040403008460998535 -2.270993947982788 -0.010116546414792538 -0.003772446420043707 0.9999416470527649 162.24493408203125
0.9996660351753235 -0.022912094369530678 0.011952719651162624 -0.45170435309410095 0.022890912368893623 0.9997360706329346 0.0019056862220168114 -2.289179801940918 -0.011993229389190674 -0.0016314411768689752 0.999926745891571 163.56942749023438
0.9997173547744751 -0.019945623353123665 0.012938722968101501 -0.44230836629867554 0.01993045024573803 0.9998005032539368 0.0013001717161387205 -2.308194398880005 -0.01296207308769226 -0.0010419294703751802 0.9999154806137085 164.92002868652344
0.9997535347938538 -0.01773984543979168 0.013347211293876171 -0.44110631942749023 0.017709722742438316 0.9998403787612915 0.0023719382006675005 -2.326512575149536 -0.013387157581746578 -0.002134977839887142 0.9999080300331116 166.27206420898438
0.9997944831848145 -0.01587498001754284 0.0126028535887599 -0.4190188944339752 0.015848791226744652 0.9998720288276672 0.002175001660361886 -2.3507795333862305 -0.01263576839119196 -0.00197481457144022 0.9999182224273682 167.6436309814453
0.9998310804367065 -0.013520571403205395 0.012447070330381393 -0.4087875783443451 0.01352876890450716 0.9999083280563354 -0.0005747370887547731 -2.365442991256714 -0.012438157573342323 0.0007430335390381515 0.9999223947525024 169.01333618164062
0.9998818039894104 -0.009349029511213303 0.012206463143229485 -0.4079105257987976 0.009392692707479 0.9999496936798096 -0.0035246412735432386 -2.3863918781280518 -0.012172896414995193 0.003638876136392355 0.9999193549156189 170.36453247070312
0.9999186396598816 -0.004318201448768377 0.012004171498119831 -0.39889827370643616 0.004372884053736925 0.9999801516532898 -0.004532794468104839 -2.4154810905456543 -0.011984359472990036 0.004584918264299631 0.9999176859855652 171.7565460205078
0.9999228715896606 0.0003277772630099207 0.012411411851644516 -0.39924460649490356 -0.0002866653958335519 0.9999944567680359 -0.003314059693366289 -2.4417569637298584 -0.01241242978721857 0.0033102461602538824 0.9999175071716309 173.12783813476562
0.999906599521637 0.0034585855901241302 0.013215932063758373 -0.40205085277557373 -0.0034386601764708757 0.9999929070472717 -0.001530093839392066 -2.4669575691223145 -0.013221131637692451 0.0014845059486106038 0.9999114871025085 174.48670959472656
0.999901294708252 0.0047654034569859505 0.013216312043368816 -0.3925754129886627 -0.004772499669343233 0.9999884963035583 0.0005053749773651361 -2.4873242378234863 -0.013213753700256348 -0.000568399962503463 0.9999125599861145 175.8685302734375
0.9999237656593323 0.0014877463690936565 0.012255335226655006 -0.37921497225761414 -0.0015068124048411846 0.9999976754188538 0.0015466812765225768 -2.5086309909820557 -0.012253005057573318 -0.0015650298446416855 0.9999237656593323 177.24652099609375
0.9999436140060425 -0.0007169657619670033 0.010593345388770103 -0.3675508201122284 0.0006990642286837101 0.9999983310699463 0.0016934977611526847 -2.530038833618164 -0.01059454120695591 -0.0016859967727214098 0.9999424815177917 178.62655639648438
0.9999606609344482 -0.0008381353109143674 0.008826307952404022 -0.36380162835121155 0.0008625669288448989 0.9999958276748657 -0.0027646091766655445 -2.5510313510894775 -0.008823951706290245 0.002772114472463727 0.999957263469696 180.0250244140625
0.9999746680259705 0.00031493452843278646 0.007114978972822428 -0.35130852460861206 -0.00026816874742507935 0.9999784827232361 -0.006572857033461332 -2.583035945892334 -0.007116895169019699 0.006570782046765089 0.9999530911445618 181.4398651123047
0.9999645948410034 0.005270184949040413 0.006560446694493294 -0.3590894341468811 -0.005222913343459368 0.9999604225158691 -0.007201978471130133 -2.611110210418701 -0.00659814290702343 0.007167459931224585 0.9999525547027588 182.8426055908203
0.9999412894248962 0.00877885427325964 0.0063533722423017025 -0.3626807928085327 -0.008738215081393719 0.9999412894248962 -0.006396681535989046 -2.640094518661499 -0.0064091552048921585 0.006340789142996073 0.9999593496322632 184.23992919921875
0.9999136924743652 0.011056361719965935 0.007089900318533182 -0.37552106380462646 -0.011035678908228874 0.9999346733093262 -0.0029498394578695297 -2.670525312423706 -0.007122052367776632 0.0028713431674987078 0.9999704360961914 185.6187286376953
0.9999052286148071 0.011652802117168903 0.0073250820860266685 -0.37383466958999634 -0.011647215113043785 0.9999318718910217 -0.0008050364558584988 -2.6957123279571533 -0.007333964109420776 0.0007196433725766838 0.9999728202819824 187.01463317871094
0.9999087452888489 0.011155336163938046 0.007618168368935585 -0.37226369976997375 -0.011154725216329098 0.9999377727508545 -0.000122605764772743 -2.7109169960021973 -0.007619061507284641 3.7616071494994685e-05 0.9999709129333496 188.42501831054688
0.9999244213104248 0.009580422192811966 0.007696243934333324 -0.3673264980316162 -0.00958422850817442 0.9999539256095886 0.0004576833453029394 -2.7338480949401855 -0.007691504899412394 -0.0005314113805070519 0.9999702572822571 189.88145446777344
0.9999457001686096 0.0067235915921628475 0.0079620610922575 -0.36387568712234497 -0.006732723210006952 0.9999766945838928 0.0011204432230442762 -2.759486436843872 -0.007954341359436512 -0.0011739886831492186 0.9999677538871765 191.31915283203125
0.9999595284461975 0.003957764711230993 0.008078038692474365 -0.34828266501426697 -0.003967486787587404 0.9999914169311523 0.0011878687655553222 -2.7813520431518555 -0.008073268458247185 -0.0012198701733723283 0.9999666810035706 192.76419067382812
0.9999620318412781 0.0006782430573366582 0.008687847293913364 -0.3432222008705139 -0.0006992897251620889 0.9999967813491821 0.002419685246422887 -2.8037145137786865 -0.008686180226504803 -0.0024256687611341476 0.9999593496322632 194.18792724609375
0.999952495098114 -0.004059086088091135 0.008860449306666851 -0.324924498796463 0.004023255314677954 0.9999836683273315 0.004057995975017548 -2.824620246887207 -0.008876776322722435 -0.004022155422717333 0.999952495098114 195.64869689941406
0.9999393224716187 -0.0064813727512955666 0.008918968960642815 -0.30757227540016174 0.006447536405175924 0.9999719858169556 0.0038173317443579435 -2.839385747909546 -0.008943460881710052 -0.0037595946341753006 0.9999529719352722 197.09181213378906
0.9999452829360962 -0.004223909694701433 0.009582842700183392 -0.304463267326355 0.0042296056635677814 0.9999908804893494 -0.0005741420900449157 -2.862955331802368 -0.009580329991877079 0.0006146423402242362 0.9999539256095886 198.54051208496094
0.9999456405639648 0.0030528416391462088 0.009974752552807331 -0.30409833788871765 -0.002996588358655572 0.999979555606842 -0.005649513565003872 -2.8848876953125 -0.009991796687245369 0.005619315896183252 0.9999343156814575 199.9646759033203
0.999853789806366 0.012711671181023121 0.011438456363976002 -0.315830796957016 -0.01264526043087244 0.9999029040336609 -0.00585945276543498 -2.91157603263855 -0.011511826887726784 0.005713954102247953 0.9999173879623413 201.42286682128906
0.9997169971466064 0.020209182053804398 0.012550541199743748 -0.32279086112976074 -0.020183173939585686 0.9997938871383667 -0.0021953696850687265 -2.936361789703369 -0.012592321261763573 0.0019414386479184031 0.9999188184738159 202.8423309326172
0.9996821284294128 0.021296435967087746 0.013487988151609898 -0.31873375177383423 -0.02130172587931156 0.9997730851173401 0.000248385505983606 -2.966897964477539 -0.013479635119438171 -0.0005356239271350205 0.999908983707428 204.27828979492188
0.9997361302375793 0.019096016883850098 0.012765965424478054 -0.3031705319881439 -0.0191058199852705 0.9998173117637634 0.0006463532336056232 -2.9862637519836426 -0.012751288712024689 -0.0008900869870558381 0.9999182820320129 205.7237548828125
0.9997979998588562 0.016226744279265404 0.011858901008963585 -0.29087474942207336 -0.016233649104833603 0.9998680949211121 0.00048645708011463284 -3.008390426635742 -0.011849443428218365 -0.0006788720493204892 0.9999295473098755 207.1649932861328
0.9998350143432617 0.014349337667226791 0.011133266612887383 -0.28476250171661377 -0.014351504854857922 0.9998970031738281 0.00011476356303319335 -3.0306670665740967 -0.011130474507808685 -0.0002745237434282899 0.9999379515647888 208.6151123046875
0.9998489618301392 0.01432446576654911 0.00984481256455183 -0.2540336847305298 -0.014321913942694664 0.9998973608016968 -0.0003295427013654262 -3.0559418201446533 -0.009848524816334248 0.00018849634216167033 0.9999514222145081 210.12222290039062
0.9998084306716919 0.016636183485388756 0.010303518734872341 -0.25989601016044617 -0.01663278415799141 0.9998615980148315 -0.0004154058115091175 -3.077214241027832 -0.010309005156159401 0.00024395003856625408 0.9999467730522156 211.56796264648438
0.9998003244400024 0.017156563699245453 0.010238087736070156 -0.2526634931564331 -0.017164934426546097 0.9998523592948914 0.00073025788879022 -3.1050615310668945 -0.010224048048257828 -0.0009058482246473432 0.9999473094940186 213.0255126953125
0.9998027682304382 0.017231374979019165 0.009875529445707798 -0.24671590328216553 -0.017230482771992683 0.999851405620575 -0.00017561543791089207 -3.124687671661377 -0.009877089411020279 5.420652541943127e-06 0.999951183795929 214.50094604492188
0.9998162984848022 0.016666701063513756 0.009464816190302372 -0.23938587307929993 -0.016656704246997833 0.9998605251312256 -0.0011340973433107138 -3.153681993484497 -0.009482398629188538 0.0009762365370988846 0.9999545812606812 215.96853637695312
0.9998272657394409 0.016307620331645012 0.008915696293115616 -0.2295255810022354 -0.016292834654450417 0.999865710735321 -0.0017287679947912693 -3.1695070266723633 -0.00894269160926342 0.0015832073986530304 0.9999586939811707 217.44497680664062
0.9998223185539246 0.01665230467915535 0.00883124303072691 -0.2311294823884964 -0.016638515517115593 0.9998602271080017 -0.00163297972176224 -3.196700096130371 -0.008857201784849167 0.001485750894062221 0.9999596476554871 218.9140625
0.9998193979263306 0.016919219866394997 0.008647730574011803 -0.23117834329605103 -0.016903962939977646 0.9998553991317749 -0.0018348321318626404 -3.221306800842285 -0.008677522651851177 0.00168832007329911 0.9999608993530273 220.39443969726562
0.9998236894607544 0.016880622133612633 0.008231131359934807 -0.22284245491027832 -0.016863839700818062 0.9998555779457092 -0.0021047054324299097 -3.2475244998931885 -0.00826546922326088 0.0019655257929116488 0.9999638795852661 221.8899383544922
0.9998123049736023 0.017673999071121216 0.007937074638903141 -0.22760330140590668 -0.017657605931162834 0.9998417496681213 -0.0021308937575668097 -3.2764699459075928 -0.00797348003834486 0.0019903439097106457 0.9999662041664124 223.32522583007812
