1.0 0.0 0.0 0.0 0.0 1.0 0.0 0.0 0.0 0.0 1.0 0.0
1.0 -5.0762289902195334e-05 0.00011743820505216718 -0.014596328139305115 5.059310205979273e-05 0.9999989867210388 0.0014402242377400398 -0.012577925808727741 -0.00011751119018299505 -0.0014402183005586267 0.999998927116394 1.3157157897949219
0.9999983906745911 -0.0016135787591338158 -0.0007236871751956642 -0.007885325700044632 0.001614831038750708 0.9999971389770508 0.0017332137795165181 -0.03820847347378731 0.0007208884344436228 -0.001734379562549293 0.9999982118606567 2.6203014850616455
0.9999957084655762 -0.002855009865015745 -0.0007836472941562533 -0.011904049664735794 0.002855538623407483 0.9999957084655762 0.00067433703225106 -0.053581997752189636 0.0007817187579348683 -0.0006765716825611889 0.999999463558197 3.931391716003418
0.9999949932098389 -0.0030866949819028378 -0.0006219333736225963 -0.022454190999269485 0.0030871578492224216 0.9999948740005493 0.0007447117241099477 -0.07122091948986053 0.0006196314934641123 -0.0007466279785148799 0.9999995231628418 5.257874965667725
0.9999926686286926 -0.0037207407876849174 -0.0008042590343393385 -0.020409461110830307 0.0037220597732812166 0.9999917149543762 0.001645561889745295 -0.09586132317781448 0.0007981296512298286 -0.0016485435189679265 0.9999982714653015 6.5744805335998535
0.9999862313270569 -0.005213127005845308 -0.000535398896317929 -0.027672583237290382 0.0052144709043204784 0.9999831914901733 0.002540378365665674 -0.10837413370609283 0.0005221465835347772 -0.002543135080486536 0.9999966621398926 7.899825096130371
0.999988853931427 -0.004687358159571886 -0.00060194858815521 -0.03437841683626175 0.004689356312155724 0.9999833703041077 0.0033627187367528677 -0.13227778673171997 0.0005861763493157923 -0.003365504089742899 0.999994158744812 9.236186981201172
0.9999934434890747 -0.003544009290635586 -0.0007522283704020083 -0.04586799070239067 0.003545030253008008 0.999992847442627 0.0013611658941954374 -0.14763672649860382 0.0007473989971913397 -0.0013638234231621027 0.9999987483024597 10.582496643066406
0.9999983906745911 -0.0014037954388186336 -0.001211892580613494 -0.044813502579927444 0.001403226051479578 0.999998927116394 -0.0004702238366007805 -0.1710105687379837 0.0012125512585043907 0.00046852254308760166 0.9999991059303284 11.938693046569824
0.9999971389770508 0.0022297361865639687 -0.0008094457443803549 -0.06596403568983078 -0.0022308859042823315 0.9999964833259583 -0.0014226950006559491 -0.19887451827526093 0.0008062706328928471 0.0014244967605918646 0.9999986886978149 13.244114875793457
0.9999883770942688 0.0047288802452385426 -0.0010072910226881504 -0.07701977342367172 -0.004730484448373318 0.9999875426292419 -0.0015959969023242593 -0.22118109464645386 0.000999731244519353 0.0016007432714104652 0.9999982118606567 14.583375930786133
0.9999838471412659 0.005640845280140638 -0.0005694004939869046 -0.08991417288780212 -0.005641183350235224 0.9999839067459106 -0.0005930699990130961 -0.24421747028827667 0.0005660458700731397 0.0005962725845165551 0.9999996423721313 15.929712295532227
0.9999950528144836 0.003130811033770442 -0.00034135259920731187 -0.09398996084928513 -0.0031300431583076715 0.9999926090240479 0.0022284972947090864 -0.26418861746788025 0.00034832704113796353 -0.002227417891845107 0.9999974370002747 17.28217124938965
0.9999991655349731 -0.0011317847529426217 -0.0003426067705731839 -0.08831195533275604 0.0011332373833283782 0.9999902248382568 0.004267228301614523 -0.2887157201766968 0.0003377738466951996 -0.004267612937837839 0.9999908208847046 18.6517276763916
0.9999940991401672 -0.0034177282359451056 -0.0003533939889166504 -0.09353188425302505 0.003418304957449436 0.9999927878379822 0.0016430305549874902 -0.2996918261051178 0.0003477760183159262 -0.0016442288178950548 0.9999985694885254 19.982080459594727
0.9999912977218628 -0.004161262884736061 -0.00032150978222489357 -0.10645653307437897 0.004161230754107237 0.9999912977218628 -9.979691822081804e-05 -0.31897860765457153 0.0003219222999177873 9.845837485045195e-05 0.9999999403953552 21.326488494873047
0.9999980926513672 -0.0016276150709018111 0.0010368147632107139 -0.1292714625597 0.0016293757362291217 0.9999971389770508 -0.0016993330791592598 -0.3405890464782715 -0.001034045941196382 0.0017010194715112448 0.9999979734420776 22.66493797302246
0.9999985098838806 0.0012462300946936011 0.0012155947042629123 -0.12208690494298935 -0.0012462111189961433 0.9999991655349731 -1.6629966921755113e-05 -0.3623090386390686 -0.0012156144948676229 1.5115053429326508e-05 0.9999992847442627 24.04250144958496
0.9999971389770508 0.0016014109132811427 0.0017437913920730352 -0.12677252292633057 -0.0016075230669230223 0.9999924898147583 0.003509551752358675 -0.38074326515197754 -0.001738157938234508 -0.0035123457200825214 0.999992311000824 25.410158157348633
0.9999969005584717 -0.0007499747443944216 0.0024072262458503246 -0.1302972435951233 0.000736381858587265 0.9999838471412659 0.005642639473080635 -0.3991369903087616 -0.002411419525742531 -0.005640848074108362 0.999981164932251 26.79448127746582
0.9999829530715942 -0.005648639984428883 0.001486963126808405 -0.11402256786823273 0.005642951466143131 0.9999768137931824 0.0038026145193725824 -0.41813239455223083 -0.00150840834248811 -0.003794158110395074 0.9999916553497314 28.18067741394043
0.9999834895133972 -0.005423679482191801 0.0018817823147401214 -0.12246909737586975 0.005420348607003689 0.9999837279319763 0.0017703734338283539 -0.43395137786865234 -0.0018913538660854101 -0.0017601444851607084 0.9999966621398926 29.553483963012695
0.9999779462814331 -0.006177007220685482 0.0024467268958687782 -0.1278519332408905 0.006179290823638439 0.9999804496765137 -0.0009271609596908092 -0.45602214336395264 -0.0024409519974142313 0.0009422595612704754 0.9999966025352478 30.920862197875977
0.9999914765357971 -0.00262470543384552 0.0031884140335023403 -0.14045703411102295 0.0026291843969374895 0.9999955296516418 -0.0014012155588716269 -0.48098981380462646 -0.003184722037985921 0.001409586751833558 0.9999939203262329 32.300636291503906
0.9999918341636658 -0.0021572650875896215 0.0034212369937449694 -0.13918599486351013 0.002170022577047348 0.999990701675415 -0.003729569725692272 -0.5059747695922852 -0.0034131596330553293 0.00373696256428957 0.9999871850013733 33.67803955078125
0.9999927282333374 -0.0014840095536783338 0.003499050857499242 -0.13783861696720123 0.001494820462539792 0.999994158744812 -0.0030890796333551407 -0.5293087363243103 -0.003494446398690343 0.0030942875891923904 0.9999890923500061 35.072105407714844
0.9999932050704956 -0.00073723477544263 0.003605968551710248 -0.15219613909721375 0.0007450268021784723 0.9999973177909851 -0.002160000614821911 -0.5531918406486511 -0.0036043666768819094 0.0021626725792884827 0.9999911785125732 36.4543342590332
0.9999945163726807 0.0005850723246112466 0.003243017243221402 -0.15816983580589294 -0.0005842181271873415 0.9999998211860657 -0.0002643904881551862 -0.5793148279190063 -0.0032431716099381447 0.0002624939661473036 0.9999947547912598 37.85368347167969
0.9999901056289673 0.0031377102714031935 0.003154227277263999 -0.15827018022537231 -0.003138153115287423 0.9999950528144836 0.00013557286001741886 -0.6096029877662659 -0.0031537858303636312 -0.00014546996681019664 0.9999949932098389 39.26407241821289
0.999976634979248 0.005803597625344992 0.0036243137437850237 -0.17195355892181396 -0.005802520550787449 0.9999831318855286 -0.00030741587397642434 -0.6299678087234497 -0.0036260364577174187 0.00028637846116907895 0.9999933838844299 40.653621673583984
0.9999639987945557 0.007777826394885778 0.003368695266544819 -0.16795018315315247 -0.0077772061340510845 0.9999696612358093 -0.0001972155732801184 -0.6478654146194458 -0.0033701269421726465 0.0001710094220470637 0.9999942779541016 42.07432174682617
0.9999579191207886 0.008724461309611797 0.00283042318187654 -0.17020373046398163 -0.008723672479391098 0.9999619126319885 -0.0002914070209953934 -0.6686457991600037 -0.0028328574262559414 0.00026670307852327824 0.9999959468841553 43.483829498291016
0.9999655485153198 0.007879795506596565 0.0025879498571157455 -0.173790842294693 -0.00787908025085926 0.999968945980072 -0.0002860476088244468 -0.6964414119720459 -0.002590122865512967 0.00026564710424281657 0.9999966025352478 44.88996124267578
0.9999743103981018 0.006935290526598692 0.00181268947198987 -0.17305433750152588 -0.0069344076327979565 0.999975860118866 -0.0004919084021821618 -0.7197730541229248 -0.001816056901589036 0.0004793258849531412 0.9999982714653015 46.28447723388672
0.9999803900718689 0.006202097050845623 0.0008950698538683355 -0.1792515069246292 -0.006201739888638258 0.9999806880950928 -0.00040200751391239464 -0.7420933842658997 -0.0008975460077635944 0.0003964486240874976 0.9999995231628418 47.70063400268555
0.9999786019325256 0.006546508055180311 -0.00010889966506510973 -0.18510715663433075 -0.00654643913730979 0.9999784231185913 0.0006271449965424836 -0.7625390887260437 0.00011300289770588279 -0.0006264186813496053 0.9999997615814209 49.1248779296875
0.9999753832817078 0.0068885404616594315 -0.001349594327621162 -0.1910293996334076 -0.006887900643050671 0.9999761581420898 0.00047818449093028903 -0.7882444858551025 0.0013528561685234308 -0.00046887685311958194 0.9999989867210388 50.53731155395508
0.9999697804450989 0.007331979926675558 -0.00260585336945951 -0.20448222756385803 -0.0073293824680149555 0.9999727010726929 0.0010045417584478855 -0.8082476854324341 0.0026131474878638983 -0.00098541215993464 0.9999960660934448 51.953285217285156
0.999966025352478 0.007418095599859953 -0.0036007575690746307 -0.21847175061702728 -0.0074114627204835415 0.9999707341194153 0.0018518483266234398 -0.8324697613716125 0.0036143907345831394 -0.0018250985303893685 0.999991774559021 53.37395095825195
0.9999735355377197 0.006058988627046347 -0.0040502240881323814 -0.23301275074481964 -0.006047687493264675 0.999977707862854 0.002796987071633339 -0.8531409502029419 0.004067081026732922 -0.0027724180836230516 0.9999878406524658 54.810028076171875
0.9999789595603943 0.0041659800335764885 -0.00497369933873415 -0.2419404536485672 -0.004152079112827778 0.9999874234199524 0.002802121452987194 -0.8718971014022827 0.004985310602933168 -0.0027814111672341824 0.9999836683273315 56.24211502075195
0.9999864101409912 0.0014636756386607885 -0.005005593411624432 -0.26394742727279663 -0.001451836433261633 0.9999960660934448 0.0023680359590798616 -0.8940348029136658 0.005009040702134371 -0.002360736485570669 0.999984622001648 57.62290573120117
0.9999858140945435 0.0006131961708888412 -0.005303022917360067 -0.27615633606910706 -0.0005986652104184031 0.9999960064888 0.002741295611485839 -0.914042055606842 0.005304683465510607 -0.0027380818501114845 0.9999821186065674 59.046875
0.9999882578849792 -0.0007778005092404783 -0.004777505993843079 -0.2842860817909241 0.0007929604034870863 0.9999945759773254 0.003172097494825721 -0.9343336820602417 0.00477501330897212 -0.0031758483964949846 0.999983549118042 60.46295928955078
0.9999879002571106 -0.002251944737508893 -0.0043741497211158276 -0.2925141453742981 0.0022700345143675804 0.9999887943267822 0.004135149531066418 -0.9539586901664734 0.004364789463579655 -0.004145029000937939 0.9999818801879883 61.89485549926758
0.9999873042106628 -0.003524696920067072 -0.0036045669112354517 -0.31210702657699585 0.003538202727213502 0.9999867081642151 0.0037474697455763817 -0.9819375872612 0.003591309767216444 -0.0037601760122925043 0.9999864101409912 63.2862663269043
0.9999851584434509 -0.004645982291549444 -0.002857389161363244 -0.3278312087059021 0.00465432507917285 0.9999849200248718 0.002919998951256275 -0.9998250603675842 0.0028437799774110317 -0.002933254698291421 0.9999915957450867 64.69581604003906
0.9999832510948181 -0.00510296830907464 -0.0027409209869802 -0.3254592716693878 0.005110335070639849 0.9999832510948181 0.0026874046307057142 -1.0265992879867554 0.002727161394432187 -0.002701366785913706 0.9999926090240479 66.09986877441406
0.9999904632568359 -0.003948507830500603 -0.0018841589335352182 -0.3349553346633911 0.003953094594180584 0.9999891519546509 0.0024371915496885777 -1.0426759719848633 0.001874515088275075 -0.002444616286084056 0.999995231628418 67.5354232788086
0.9999986886978149 -0.0007764676702208817 -0.0013902640203014016 -0.352952778339386 0.0007817388977855444 0.9999924898147583 0.003795062191784382 -1.0647839307785034 0.0013873069547116756 -0.0037961441557854414 0.9999918341636658 68.89807891845703
0.9999971389770508 0.002368937013670802 -0.0003283929545432329 -0.3724570870399475 -0.0023672382812947035 0.9999843239784241 0.005080146715044975 -1.085278868675232 0.0003404222661629319 -0.0050793541595339775 0.9999870657920837 70.29378509521484
0.999980628490448 0.0062195779755711555 0.0003109847311861813 -0.38091570138931274 -0.006221266463398933 0.9999639987945557 0.005757843144237995 -1.1072734594345093 -0.00027516228146851063 -0.00575966527685523 0.9999833106994629 71.67698669433594
0.9999485015869141 0.010108093731105328 0.0009010767680592835 -0.3973807096481323 -0.010112734511494637 0.999934732913971 0.005303927697241306 -1.1240880489349365 -0.0008474054047837853 -0.005312766879796982 0.9999854564666748 73.07123565673828
0.9999022483825684 0.013897912576794624 0.0015449170023202896 -0.4083161950111389 -0.013904794119298458 0.9998930096626282 0.004535216372460127 -1.144675612449646 -0.0014817217597737908 -0.004556254483759403 0.9999884963035583 74.46703338623047
0.9998766779899597 0.015538142994046211 0.0022635620553046465 -0.4169800281524658 -0.015548551455140114 0.9998682141304016 0.004656539764255285 -1.166903018951416 -0.0021909098140895367 -0.004691160283982754 0.9999865889549255 75.85266876220703
0.9998763203620911 0.015521863475441933 0.0025207381695508957 -0.4219610393047333 -0.015534156933426857 0.9998671412467957 0.004933279473334551 -1.1835405826568604 -0.0024438295513391495 -0.00497182784602046 0.9999846816062927 77.24728393554688
0.9998862147331238 0.014827237464487553 0.0027725216932594776 -0.4298943877220154 -0.014839651063084602 0.9998797178268433 0.004511578474193811 -1.2031376361846924 -0.0027052941732108593 -0.004552208818495274 0.999985933303833 78.62112426757812
0.9999059438705444 0.013459593988955021 0.0026038249488919973 -0.43448173999786377 -0.013469040393829346 0.9999026656150818 0.0036453723441809416 -1.2234355211257935 -0.00255450583063066 -0.0036801001988351345 0.9999899864196777 80.00654602050781
0.9999152421951294 0.012834257446229458 0.002188759157434106 -0.4376344680786133 -0.012842323631048203 0.9999106526374817 0.003712998703122139 -1.2447041273117065 -0.0021409098990261555 -0.003740793326869607 0.999990701675415 81.38063049316406
0.9999157190322876 0.012820807285606861 0.0020323179196566343 -0.4414537847042084 -0.012828484177589417 0.9999104738235474 0.0038107444997876883 -1.2653011083602905 -0.0019832791294902563 -0.003836495103314519 0.999990701675415 82.7502670288086
0.999924898147583 0.012194167822599411 0.0012213123263791203 -0.438392698764801 -0.012198122218251228 0.999920129776001 0.003284783335402608 -1.2826528549194336 -0.001181159750558436 -0.0032994342036545277 0.9999938011169434 84.13165283203125
0.9999217987060547 0.012482929974794388 0.0007544526015408337 -0.45756229758262634 -0.012485590763390064 0.9999154806137085 0.0036281964275985956 -1.2992112636566162 -0.0007090983563102782 -0.00363733246922493 0.9999931454658508 85.49683380126953
0.9999260306358337 0.012159664183855057 -0.00023098953533917665 -0.45886221528053284 -0.012158515863120556 0.9999160766601562 0.004454477224498987 -1.3232629299163818 0.00028513491270132363 -0.00445133913308382 0.9999899864196777 86.86256408691406
0.9999492168426514 0.01001795008778572 -0.001087107346393168 -0.4736933708190918 -0.010012098588049412 0.9999359846115112 0.005260847508907318 -1.340122103691101 0.0011397405760362744 -0.005249695852398872 0.9999855160713196 88.27816009521484
0.9999631643295288 0.008220229297876358 -0.0024607651866972446 -0.47316625714302063 -0.008205045945942402 0.9999476075172424 0.006117838900536299 -1.371565580368042 0.002510927151888609 -0.006097423378378153 0.9999781847000122 89.6183853149414
0.9999777674674988 0.005599224474281073 -0.0036037778481841087 -0.47893473505973816 -0.005577947944402695 0.999967098236084 0.005887060891836882 -1.3847111463546753 0.00363662326708436 -0.005866828840225935 0.9999761581420898 90.98969268798828
0.9999833703041077 0.0041572581976652145 -0.003989632707089186 -0.48555952310562134 -0.0041333576664328575 0.9999735951423645 0.005980558693408966 -1.417020559310913 0.004014390055090189 -0.005963969510048628 0.9999741315841675 92.36760711669922
0.9999865293502808 0.003325885161757469 -0.003976700361818075 -0.5003179907798767 -0.0033038367982953787 0.9999792575836182 0.0055382465943694115 -1.4317317008972168 0.003995037637650967 -0.005525034852325916 0.9999766945838928 93.70836639404297
0.9999850988388062 0.0036476505920290947 -0.004050486721098423 -0.5174869298934937 -0.003628127509728074 0.9999818205833435 0.004816707223653793 -1.4474263191223145 0.004067983012646437 -0.004801939707249403 0.9999802112579346 95.08721160888672
0.9999862313270569 0.003549305722117424 -0.0038675928954035044 -0.5384557843208313 -0.003532018745318055 0.9999837875366211 0.0044674440287053585 -1.467698574066162 0.0038833864964544773 -0.004453721456229687 0.9999825954437256 96.443115234375
0.9999839067459106 0.004287743009626865 -0.003720750566571951 -0.5481486320495605 -0.004274351522326469 0.9999845027923584 0.0035992965567857027 -1.485178828239441 0.0037361246068030596 -0.00358333601616323 0.9999865293502808 97.78962707519531
0.999978244304657 0.005722342990338802 -0.0033029275946319103 -0.5721631050109863 -0.0057099428959190845 0.9999766945838928 0.0037515771109610796 -1.5030841827392578 0.0033243182115256786 -0.0037326356396079063 0.9999874830245972 99.1316146850586
0.9999762177467346 0.006093502976000309 -0.003211220493540168 -0.5715457797050476 -0.006076794117689133 0.9999680519104004 0.005187482573091984 -1.5224132537841797 0.0032427278347313404 -0.005167845636606216 0.9999814033508301 100.47895050048828
0.9999717473983765 0.006764535326510668 -0.003266687737777829 -0.592194676399231 -0.0067423139698803425 0.999954342842102 0.006765713915228844 -1.541527509689331 0.0033123057801276445 -0.006743497680872679 0.9999718070030212 101.80728149414062
0.9999735355377197 0.006684688851237297 -0.002870771335437894 -0.5955850481987 -0.006670047529041767 0.9999648332595825 0.005079828202724457 -1.564180612564087 0.002904627937823534 -0.005060546565800905 0.9999829530715942 103.17776489257812
0.9999735355377197 0.006812596693634987 -0.0025395022239536047 -0.6158868670463562 -0.00680567417293787 0.9999731779098511 0.0027245047967880964 -1.578137755393982 0.002557995030656457 -0.002707149600610137 0.999993085861206 104.49832153320312
0.999977171421051 0.006135635543614626 -0.0028392195235937834 -0.6211094260215759 -0.006131353322416544 0.9999799728393555 0.0015146257355809212 -1.6022504568099976 0.002848456148058176 -0.0014971827622503042 0.9999948143959045 105.83267211914062
0.9999895095825195 0.0035839667543768883 -0.00287267891690135 -0.6313066482543945 -0.003574854228645563 0.9999885559082031 0.003171183168888092 -1.6256855726242065 0.0028840117156505585 -0.0031608804129064083 0.9999908208847046 107.15513610839844
0.9999962449073792 0.00198267656378448 -0.0018851619679480791 -0.6488279700279236 -0.0019740040879696608 0.9999874830245972 0.0045911758206784725 -1.6375776529312134 0.0018942417809739709 -0.004587437957525253 0.9999876618385315 108.49360656738281
0.9999989867210388 0.00037604360841214657 -0.0013497758191078901 -0.6540407538414001 -0.0003689338336698711 0.9999860525131226 0.005263717845082283 -1.6600747108459473 0.0013517364859580994 -0.005263214465230703 0.9999851584434509 109.82816314697266
0.9999999403953552 0.00011273282871115953 -0.0003644753305707127 -0.6647029519081116 -0.00011146430915687233 0.9999939203262329 0.0034785440657287836 -1.6710127592086792 0.00036486529279500246 -0.0034785030875355005 0.9999938607215881 111.17413330078125
0.9999977946281433 0.0020208333153277636 0.0005230276728980243 -0.6756829619407654 -0.0020215357653796673 0.9999969601631165 0.0013459932524710894 -1.6904044151306152 -0.0005203061737120152 -0.0013470470439642668 0.9999989867210388 112.50525665283203
0.9999895691871643 0.0042974818497896194 0.0015561237232759595 -0.6868777871131897 -0.004295721184462309 0.9999900460243225 -0.0011332078138366342 -1.7100605964660645 -0.0015609783586114645 0.0011265112552791834 0.999998152256012 113.82953643798828
0.9999698400497437 0.007191274780780077 0.0029419329948723316 -0.6945805549621582 -0.007188443560153246 0.9999735951423645 -0.0009716647327877581 -1.7329151630401611 -0.002948843175545335 0.0009504875633865595 0.999995231628418 115.14778900146484
0.9999566078186035 0.008237875998020172 0.004356449004262686 -0.6985911726951599 -0.008242947049438953 0.9999653697013855 0.0011478676460683346 -1.7589021921157837 -0.004346842877566814 -0.0011837277561426163 0.9999898672103882 116.49417877197266
0.9999497532844543 0.008499318733811378 0.005325119011104107 -0.6965773105621338 -0.0085176145657897 0.9999578595161438 0.0034227308351546526 -1.778188705444336 -0.005295804236084223 -0.003467916278168559 0.9999799728393555 117.82081604003906
0.9999494552612305 0.007718328386545181 0.00644279271364212 -0.7047778367996216 -0.007743364665657282 0.9999625086784363 0.0038702513556927443 -1.798799753189087 -0.006412680260837078 -0.003919944632798433 0.9999716877937317 119.15074157714844
0.9999373555183411 0.008363024331629276 0.007444360293447971 -0.6983729600906372 -0.00838715210556984 0.9999596476554871 0.0032156312372535467 -1.8157966136932373 -0.007417168002575636 -0.003277866169810295 0.999967098236084 120.49535369873047
0.9999145269393921 0.009930232539772987 0.008519687689840794 -0.6962600946426392 -0.00995571631938219 0.9999460577964783 0.0029536348301917315 -1.8363724946975708 -0.008489899337291718 -0.0030382012482732534 0.9999592900276184 121.82874298095703
0.9998838305473328 0.011678822338581085 0.00980016402900219 -0.6887589693069458 -0.011705886572599411 0.9999277591705322 0.0027087179478257895 -1.8544158935546875 -0.009767822921276093 -0.002823122311383486 0.9999483227729797 123.16769409179688
0.9998622536659241 0.012617615982890129 0.010783346369862556 -0.6896052360534668 -0.012634155340492725 0.9999191164970398 0.0014670353848487139 -1.8710529804229736 -0.010763963684439659 -0.001603071577847004 0.9999407529830933 124.51343536376953
0.9998273253440857 0.014108995907008648 0.012098323553800583 -0.6889090538024902 -0.014115503989160061 0.9999003410339355 0.00045276363380253315 -1.8876482248306274 -0.012090729549527168 -0.0006234595784917474 0.9999266862869263 125.86046600341797
0.9998418092727661 0.012503460049629211 0.012648898176848888 -0.6772428750991821 -0.0125103909522295 0.9999216198921204 0.0004690802306868136 -1.9087421894073486 -0.01264204178005457 -0.0006272487225942314 0.9999198913574219 127.2044906616211
0.9998269081115723 0.012536432594060898 0.013754544779658318 -0.6713002920150757 -0.012557036243379116 0.999920129776001 0.001412549172528088 -1.9262971878051758 -0.013735741376876831 -0.0015850209165364504 0.9999043941497803 128.5433807373047
0.999840259552002 0.010613885708153248 0.014381195418536663 -0.6605775356292725 -0.010650373063981533 0.9999402761459351 0.0024629593826830387 -1.9482135772705078 -0.014354195445775986 -0.002615730743855238 0.9998934864997864 129.897705078125
0.9998418688774109 0.009677707217633724 0.014917607419192791 -0.6464822292327881 -0.009721656329929829 0.9999486804008484 0.0028765290044248104 -1.9646002054214478 -0.014889001846313477 -0.003021098207682371 0.9998845458030701 131.2446746826172
0.999860405921936 0.007716843858361244 0.014815877191722393 -0.6320697069168091 -0.007760481908917427 0.9999657273292542 0.002890252508223057 -1.9819949865341187 -0.014793066307902336 -0.0030048273038119078 0.9998859763145447 132.60064697265625
0.999872088432312 0.006468958221375942 0.014625758863985538 -0.6284193992614746 -0.006518337409943342 0.9999731183052063 0.00333100906573236 -2.0001320838928223 -0.014603819698095322 -0.0034259185194969177 0.9998874068260193 133.92062377929688
0.9998827576637268 0.005031201988458633 0.014461719430983067 -0.6192939281463623 -0.005078663118183613 0.9999818205833435 0.0032470193691551685 -2.020625591278076 -0.014445122331380844 -0.003320085583254695 0.9998900890350342 135.27049255371094
0.9999058246612549 0.0037618253845721483 0.013198044151067734 -0.611477255821228 -0.0038016506005078554 0.999988317489624 0.002993711968883872 -2.0351476669311523 -0.013186628930270672 -0.0030436047818511724 0.9999083280563354 136.59783935546875
0.9999284148216248 0.0025446442887187004 0.011690209619700909 -0.5930126905441284 -0.0025868790689855814 0.9999902844429016 0.0035991009790450335 -2.0522916316986084 -0.011680937372148037 -0.003629084676504135 0.9999251365661621 137.9687042236328
0.9999443888664246 0.0006309904274530709 0.010528692975640297 -0.5794316530227661 -0.0006733122281730175 0.999991774559021 0.004016665276139975 -2.0724785327911377 -0.010526071302592754 -0.004023530520498753 0.9999365210533142 139.3095703125
0.9999568462371826 0.001020711613819003 0.009235899895429611 -0.5739657878875732 -0.001053257379680872 0.9999932646751404 0.0035196510143578053 -2.0880494117736816 -0.00923224538564682 -0.0035292271059006453 0.9999510645866394 140.66294860839844
0.9999672174453735 0.00023319385945796967 0.008099636994302273 -0.5691165924072266 -0.00025922060012817383 0.9999948143959045 0.003212414449080825 -2.1099331378936768 -0.008098848164081573 -0.0032144091092050076 0.9999619722366333 141.9994354248047
0.9999751448631287 0.000662538455799222 0.00701406504958868 -0.5698902606964111 -0.0006811812636442482 0.9999962449073792 0.002655850723385811 -2.1287529468536377 -0.007012278772890568 -0.0026605629827827215 0.999971866607666 143.34194946289062
0.999980092048645 -0.002249861601740122 0.0059062764048576355 -0.5652638673782349 0.0022472457494586706 0.9999973773956299 0.00044951564632356167 -2.1496059894561768 -0.0059072719886898994 -0.000436233589425683 0.999982476234436 144.6781768798828
0.9999606013298035 -0.007344924844801426 0.0049674417823553085 -0.5567496418952942 0.007346439175307751 0.9999729990959167 -0.0002867569273803383 -2.1665453910827637 -0.004965201020240784 0.0003232386661693454 0.9999876022338867 146.04969787597656
0.9998880624771118 -0.014317530207335949 0.004323344212025404 -0.5558778643608093 0.014308400452136993 0.9998953938484192 0.002135256305336952 -2.1860427856445312 -0.004353463649749756 -0.0020731568802148104 0.999988317489624 147.39566040039062
0.9997614622116089 -0.021654857322573662 0.0028142232913523912 -0.5458087921142578 0.021644506603479385 0.9997590780258179 0.003658298635855317 -2.2079436779022217 -0.002892765449360013 -0.0035965139977633953 0.9999893307685852 148.74935913085938
0.9997021555900574 -0.02435309998691082 0.0015978333540260792 -0.5324079990386963 0.02435304783284664 0.9997033476829529 5.113095176056959e-05 -2.224177598953247 -0.0015986048383638263 -1.2203605365357362e-05 0.9999987483024597 150.0981903076172
0.9997014403343201 -0.024338390678167343 0.002171838888898492 -0.5299482345581055 0.024345487356185913 0.9996981620788574 -0.0033040023408830166 -2.244708776473999 -0.0020907693542540073 0.0033558898139744997 0.9999921321868896 151.45254516601562
0.9997842311859131 -0.020584674552083015 0.0028285235166549683 -0.540684700012207 0.02059871330857277 0.9997751712799072 -0.005028485786169767 -2.2803430557250977 -0.002724378602579236 0.005085662938654423 0.9999833703041077 152.76699829101562
0.9997808933258057 -0.020513616502285004 0.0041858660988509655 -0.5542089939117432 0.020534586161375046 0.9997765421867371 -0.0050298916175961494 -2.3110358715057373 -0.004081749822944403 0.005114743951708078 0.9999786019325256 154.09613037109375
0.9997045397758484 -0.023925287649035454 0.00427069328725338 -0.541992723941803 0.02393130213022232 0.9997126460075378 -0.0013627740554511547 -2.339890956878662 -0.004236862063407898 0.0014645751798525453 0.999989926815033 155.45411682128906
0.999567449092865 -0.028986994177103043 0.004964679479598999 -0.5324890613555908 0.028981581330299377 0.9995793104171753 0.001158279599621892 -2.360105514526367 -0.004996166098862886 -0.0010138938669115305 0.999987006187439 156.81588745117188
0.9994533061981201 -0.03271297365427017 0.004785846918821335 -0.5271800756454468 0.0327008031308651 0.999461829662323 0.002599527593702078 -2.383065938949585 -0.004868310410529375 -0.002441605320200324 0.9999851584434509 158.1591033935547
0.9994143843650818 -0.03386528417468071 0.004905612673610449 -0.5229567289352417 0.03385506197810173 0.9994244575500488 0.002152260858565569 -2.397984743118286 -0.004975677002221346 -0.0019849201198667288 0.9999856352806091 159.49977111816406
0.9994574785232544 -0.03243318200111389 0.005734531674534082 -0.5220610499382019 0.03241599351167679 0.9994697570800781 0.0030650796834379435 -2.4221138954162598 -0.005830900277942419 -0.00287752621807158 0.9999788403511047 160.85662841796875
0.9995764493942261 -0.028286084532737732 0.006840934976935387 -0.5304176807403564 0.02827334776520729 0.9995983839035034 0.0019515188178047538 -2.438594102859497 -0.006893386133015156 -0.0017572762444615364 0.9999746680259705 162.1932373046875
0.999669075012207 -0.024614106863737106 0.007476035971194506 -0.5191521644592285 0.02461499534547329 0.9996969699859619 -2.6630152206053026e-05 -2.4632651805877686 -0.007473115809261799 0.00021064393513370305 0.9999719858169556 163.56141662597656
0.9997411370277405 -0.02119806408882141 0.008256310597062111 -0.5180917978286743 0.021205632016062737 0.9997748136520386 -0.0008298504981212318 -2.4804606437683105 -0.008236860856413841 0.0010047159157693386 0.9999655485153198 164.90931701660156
0.9997673630714417 -0.01961643248796463 0.008977498859167099 -0.5273741483688354 0.01961395889520645 0.9998075366020203 0.0003637686895672232 -2.503180742263794 -0.008982907980680466 -0.00018759981321636587 0.9999596476554871 166.24290466308594
0.9998065829277039 -0.017917849123477936 0.008111102506518364 -0.5075228214263916 0.017916852608323097 0.9998394846916199 0.00019594517652876675 -2.529900312423706 -0.008113311603665352 -5.05819043610245e-05 0.9999671578407288 167.60682678222656
0.9998475909233093 -0.015482073649764061 0.008058585226535797 -0.5168471336364746 0.01550328079611063 0.9998764395713806 -0.002575885271653533 -2.54768443107605 -0.008017711341381073 0.002700427547097206 0.9999642372131348 168.96023559570312
0.99990314245224 -0.011874168179929256 0.007255070377141237 -0.5121777057647705 0.011915845796465874 0.9999125599861145 -0.005728878080844879 -2.5681228637695312 -0.00718641234561801 0.005814773961901665 0.999957263469696 170.30422973632812
0.9999534487724304 -0.006152017507702112 0.007451575715094805 -0.5268809795379639 0.006202264688909054 0.9999579787254333 -0.0067389062605798244 -2.6026034355163574 -0.007409805431962013 0.006784807424992323 0.9999494552612305 171.65391540527344
0.9999688863754272 -0.0017358304467052221 0.007694022264331579 -0.5335241556167603 0.0017791262362152338 0.9999825358390808 -0.005623912438750267 -2.6280226707458496 -0.007684128824621439 0.005637426860630512 0.9999545216560364 173.0272674560547
0.9999639391899109 0.0013094538589939475 0.008385852910578251 -0.5414692163467407 -0.001278314390219748 0.9999922513961792 -0.00371759501285851 -2.656418561935425 -0.008390655741095543 0.003706740913912654 0.9999579191207886 174.37921142578125
0.9999620914459229 0.002466656267642975 0.008349263109266758 -0.5377799272537231 -0.0024525481276214123 0.9999955296516418 -0.00169955228921026 -2.6800248622894287 -0.008353418670594692 0.0016790112713351846 0.999963641166687 175.75721740722656
0.9999722838401794 -0.0009394109947606921 0.007382589392364025 -0.5332481861114502 0.0009440097492188215 0.9999993443489075 -0.0006194610614329576 -2.7050588130950928 -0.00738200219348073 0.0006264132680371404 0.9999725222587585 177.1311798095703
0.9999798536300659 -0.0029293482657521963 0.005619972012937069 -0.5222991704940796 0.002933795563876629 0.9999953508377075 -0.0007833357085473835 -2.725785732269287 -0.005617652088403702 0.0007998077780939639 0.9999839067459106 178.51942443847656
0.9999878406524658 -0.003124812850728631 0.003793777897953987 -0.5231150388717651 0.003144463524222374 0.9999816417694092 -0.005184938199818134 -2.7498064041137695 -0.0037775058299303055 0.005196805112063885 0.9999793171882629 179.91610717773438
0.9999954104423523 -0.0022074044682085514 0.002070077694952488 -0.5252301692962646 0.002225841162726283 0.9999576210975647 -0.00894662644714117 -2.7854695320129395 -0.0020502409897744656 0.008951191790401936 0.9999578595161438 181.30227661132812
0.9999947547912598 0.002864469774067402 0.0014956194208934903 -0.5409647226333618 -0.0028498691972345114 0.9999491572380066 -0.009674661792814732 -2.816182851791382 -0.0015232564182952046 0.009670348837971687 0.9999520778656006 182.69984436035156
0.9999802708625793 0.00613992428407073 0.0013201087713241577 -0.5521246194839478 -0.0061281886883080006 0.9999431371688843 -0.008717695251107216 -2.849151611328125 -0.0013735598186030984 0.008709430694580078 0.9999611377716064 184.0936737060547
0.9999645948410034 0.008219403214752674 0.0017888847505673766 -0.5701016187667847 -0.008209940046072006 0.9999525547027588 -0.005233676638454199 -2.88323712348938 -0.0018318176735192537 0.005218804348260164 0.9999846816062927 185.47926330566406
0.9999581575393677 0.00889780092984438 0.002135362708941102 -0.5772873163223267 -0.00889104139059782 0.999955415725708 -0.0031542631331831217 -2.910811185836792 -0.0021633333526551723 0.003135145641863346 0.9999926686286926 186.8708038330078
0.9999635815620422 0.008263233117759228 0.0021065715700387955 -0.5781721472740173 -0.008258244022727013 0.999963104724884 -0.00236651673913002 -2.932708501815796 -0.0021260485518723726 0.0023490339517593384 0.9999949932098389 188.28897094726562
0.9999756217002869 0.006619343999773264 0.0022038710303604603 -0.5828026533126831 -0.006615607999265194 0.9999767541885376 -0.0016985621768981218 -2.957411050796509 -0.0022150627337396145 0.0016839405288919806 0.9999961256980896 189.70896911621094
0.9999884963035583 0.00415634224191308 0.0024041030555963516 -0.5879034996032715 -0.0041532376781105995 0.9999904632568359 -0.0012948056682944298 -2.983556032180786 -0.0024094616528600454 0.0012848060578107834 0.9999962449073792 191.13681030273438
0.9999949932098389 0.0016023691277951002 0.0027397347148507833 -0.5923857688903809 -0.0015985273057594895 0.9999977350234985 -0.001403829432092607 -3.006309986114502 -0.0027419785037636757 0.00139944301918149 0.999995231628418 192.57366943359375
0.9999947547912598 -0.0015209177508950233 0.00286507629789412 -0.5830379724502563 0.0015218036714941263 0.9999988079071045 -0.000307083799270913 -3.030410051345825 -0.0028646057471632957 0.0003114422725047916 0.9999958276748657 193.98329162597656
0.999976634979248 -0.005887596867978573 0.003506668610498309 -0.5876132845878601 0.0058831870555877686 0.9999819397926331 0.0012663627276197076 -3.0527894496917725 -0.0035140609834343195 -0.0012457027332857251 0.9999930262565613 195.40631103515625
0.9999545812606812 -0.00873609073460102 0.0038052010349929333 -0.5801621079444885 0.008730947971343994 0.9999609589576721 0.00136581773404032 -3.080479621887207 -0.003816984361037612 -0.0013325329637154937 0.9999918341636658 196.84005737304688
0.9999688863754272 -0.00668369559571147 0.004186528734862804 -0.5824481844902039 0.006696502678096294 0.999972939491272 -0.003052634419873357 -3.1034035682678223 -0.0041660126298666 0.0030805745627731085 0.9999865889549255 198.28012084960938
0.9999895691871643 0.0007445777300745249 0.004486884456127882 -0.5890892148017883 -0.0007087058620527387 0.9999678134918213 -0.00799128320068121 -3.1284055709838867 -0.004492690321058035 0.007988020777702332 0.9999580383300781 199.6995391845703
0.9999281764030457 0.01031236071139574 0.006107113789767027 -0.6088560819625854 -0.010260949842631817 0.9999120831489563 -0.008390347473323345 -3.1604318618774414 -0.006193101871758699 0.008327080868184566 0.9999461770057678 201.14602661132812
0.9998226165771484 0.017467675730586052 0.007042370270937681 -0.6229077577590942 -0.017435232177376747 0.9998371601104736 -0.004642477259039879 -3.1917524337768555 -0.00712231732904911 0.004518868401646614 0.9999644756317139 202.57232666015625
0.999794065952301 0.01861128769814968 0.008091414347290993 -0.6240962743759155 -0.018593288958072662 0.9998245239257812 -0.002293934114277363 -3.2245030403137207 -0.00813269056379795 0.0021430160850286484 0.9999645948410034 204.0167999267578
0.9998375177383423 0.016424572095274925 0.007432533428072929 -0.6138707399368286 -0.016410954296588898 0.9998635053634644 -0.0018892362713813782 -3.2476603984832764 -0.007462550885975361 0.0017669543158262968 0.9999706149101257 205.4674835205078
0.9998912215232849 0.013296936638653278 0.006372180767357349 -0.6085935831069946 -0.013285502791404724 0.9999099969863892 -0.001833345158956945 -3.2769525051116943 -0.006395985838025808 0.001748488051816821 0.9999780058860779 206.910888671875
0.999911904335022 0.011803905479609966 0.006066279485821724 -0.6114628314971924 -0.011788529343903065 0.9999271631240845 -0.0025642304681241512 -3.297349452972412 -0.006096105556935072 0.002492492087185383 0.9999783039093018 208.3709259033203
0.9999175667762756 0.011949707753956318 0.004695286974310875 -0.5921419262886047 -0.011936090886592865 0.9999244213104248 -0.0029175211675465107 -3.3271567821502686 -0.004729795269668102 0.002861237386241555 0.9999846816062927 209.8694610595703
0.9998936653137207 0.013717938214540482 0.004949474707245827 -0.6086133718490601 -0.013703711330890656 0.9999018907546997 -0.0028966544196009636 -3.3564534187316895 -0.004988725297152996 0.002828520257025957 0.999983549118042 211.29849243164062
0.9998868703842163 0.014263497665524483 0.004776554182171822 -0.6077370643615723 -0.014254579320549965 0.9998965859413147 -0.0018958309665322304 -3.3867239952087402 -0.004803101997822523 0.0018275290494784713 0.9999867677688599 212.7544708251953
0.9998809695243835 0.014649739488959312 0.004842252004891634 -0.6168520450592041 -0.01463757548481226 0.9998896718025208 -0.0025377750862389803 -3.4115800857543945 -0.004878894425928593 0.002466593636199832 0.9999850392341614 214.2262725830078
0.9998912811279297 0.014079268090426922 0.004383584950119257 -0.614783763885498 -0.01406401488929987 0.9998949766159058 -0.0034913537092506886 -3.444749593734741 -0.0044322810135781765 0.0034293232019990683 0.9999843239784241 215.70086669921875
0.9999019503593445 0.013392861932516098 0.004090030677616596 -0.6157187223434448 -0.013376994989812374 0.9999029040336609 -0.003882672870531678 -3.465902090072632 -0.004141633864492178 0.003827579552307725 0.999984085559845 217.18475341796875
0.9998966455459595 0.01384763978421688 0.0038600247353315353 -0.6206846833229065 -0.013831828720867634 0.9998959302902222 -0.004093053750693798 -3.493767738342285 -0.003916302230209112 0.004039239604026079 0.9999841451644897 218.6623992919922
0.9998974204063416 0.013882044702768326 0.0035027035046368837 -0.6230116486549377 -0.013867533765733242 0.9998952150344849 -0.0041334801353514194 -3.5231502056121826 -0.0035597176756709814 0.004084481857717037 0.9999853372573853 220.15274047851562
0.9998949766159058 0.014136800542473793 0.0031808712519705296 -0.6238498091697693 -0.014122393913567066 0.9998900890350342 -0.004506735596805811 -3.5511422157287598 -0.003244232852011919 0.004461340140551329 0.9999848008155823 221.64895629882812
0.9998893141746521 0.01461116224527359 0.00280653964728117 -0.6330882906913757 -0.014598900452256203 0.9998840093612671 -0.004341048188507557 -3.5907459259033203 -0.0028696416411548853 0.004299595486372709 0.9999865889549255 223.14022827148438
