0.9999838471412659 0.0031463955529034138 0.004738104064017534 -0.23871737718582153 -0.0031457480508834124 0.9999950528144836 -0.00014410249423235655 0.19339656829833984 -0.004738533869385719 0.0001291952794417739 0.9999887943267822 -1.5024335384368896
0.9999933242797852 0.0015579190803691745 0.0033108475618064404 -0.23888538777828217 -0.0015543079935014248 0.9999982118606567 -0.0010929589625447989 0.1858767420053482 -0.0033125439658761024 0.001087805605493486 0.9999939203262329 -0.9384726285934448
0.9999963641166687 0.00135361950378865 0.002339941682294011 -0.241470605134964 -0.0013472306309267879 0.9999953508377075 -0.0027299036737531424 0.17574357986450195 -0.00234362599439919 0.002726740902289748 0.9999935626983643 -0.38297194242477417
0.9999998211860657 0.0006362561834976077 0.00021071545779705048 -0.24014271795749664 -0.0006354778888635337 0.9999930262565613 -0.0036724451929330826 0.1578511744737625 -0.00021305028349161148 0.0036723106168210506 0.9999932646751404 0.18259701132774353
0.9999979734420776 -0.001169182825833559 -0.0016387701034545898 -0.24844397604465485 0.0011598292039707303 0.9999831318855286 -0.005697106942534447 0.15224836766719818 0.0016454034484922886 0.005695194937288761 0.9999824166297913 0.7494194507598877
0.9999894499778748 -0.0035244666505604982 -0.0029320644680410624 -0.25716549158096313 0.003502323990687728 0.999965488910675 -0.007522887550294399 0.13404077291488647 0.0029584774747490883 0.007512539625167847 0.9999673962593079 1.3020306825637817
0.9999789595603943 -0.004738771356642246 -0.004419161006808281 -0.26142269372940063 0.004702928010374308 0.9999561905860901 -0.008086353540420532 0.12003011256456375 0.004457286559045315 0.008065400645136833 0.9999575614929199 1.872581958770752
0.9999721646308899 -0.004714541602879763 -0.005778849124908447 -0.26996883749961853 0.0046713342890143394 0.9999611973762512 -0.007467535324394703 0.1080290675163269 0.0058138309977948666 0.007440333720296621 0.999955415725708 2.4557290077209473
0.9999642968177795 -0.005095376167446375 -0.0067522102035582066 -0.2795011103153229 0.005041881930083036 0.999955952167511 -0.007915902882814407 0.09366202354431152 0.006792247295379639 0.00788157619535923 0.999945878982544 3.0475878715515137
0.9999570250511169 -0.004578393884003162 -0.008057724684476852 -0.2862253785133362 0.004492362029850483 0.9999330043792725 -0.01066301017999649 0.07850559055805206 0.008106006309390068 0.0106263542547822 0.9999106526374817 3.6410489082336426
0.9999534487724304 -0.002840218832716346 -0.009214098565280437 -0.29966217279434204 0.0027071547228842974 0.9998922944068909 -0.014421788975596428 0.06269800662994385 0.00925406813621521 0.014396174810826778 0.9998535513877869 4.243823051452637
0.9999422430992126 -0.0016210755566135049 -0.010615479201078415 -0.31118422746658325 0.0014277637237682939 0.9998334646224976 -0.01819264143705368 0.05097182095050812 0.010643204674124718 0.01817643828690052 0.9997782111167908 4.858835220336914
0.9999311566352844 0.0002572380763012916 -0.011728489771485329 -0.32811951637268066 -0.00047004729276522994 0.999835193157196 -0.018145523965358734 0.03660710155963898 0.011721891351044178 0.018149787560105324 0.9997666478157043 5.492055892944336
0.9999119639396667 0.0024734982289373875 -0.013031764887273312 -0.33611446619033813 -0.0026209361385554075 0.9999326467514038 -0.01130883302539587 0.02603635936975479 0.013002909719944 0.011341993696987629 0.9998511075973511 6.128030776977539
0.999904453754425 0.0035934848710894585 -0.013343979604542255 -0.35386911034584045 -0.0036021159030497074 0.9999933242797852 -0.0006228415295481682 0.010967899113893509 0.013341651298105717 0.0006708474829792976 0.9999107718467712 6.78535270690918
0.99988853931427 0.004171150270849466 -0.01433671172708273 -0.36727356910705566 -0.004084072541445494 0.9999730587005615 0.006097698584198952 -0.0006857812404632568 0.014361761510372162 -0.006038465537130833 0.9998786449432373 7.4711103439331055
0.9998518824577332 0.006811884231865406 -0.015801062807440758 -0.3814397156238556 -0.006736083887517452 0.9999655485153198 0.004845408257097006 -0.014329485595226288 0.015833530575037003 -0.004738252609968185 0.9998633861541748 8.154352188110352
0.9998286962509155 0.008785448968410492 -0.016288967803120613 -0.4054412841796875 -0.008824717253446579 0.9999582767486572 -0.0023404774256050587 -0.020474690943956375 0.016267726197838783 0.0024838224053382874 0.9998645782470703 8.849393844604492
0.9998094439506531 0.008538537658751011 -0.017555709928274155 -0.4178955554962158 -0.008683509193360806 0.9999286532402039 -0.008198189549148083 -0.021290738135576248 0.017484458163380623 0.008349072188138962 0.9998121857643127 9.553524017333984
0.9998050928115845 0.006043874192982912 -0.01879645511507988 -0.4316563308238983 -0.006171111017465591 0.9999583959579468 -0.006718564312905073 -0.022091571241617203 0.018755067139863968 0.006833248771727085 0.9998006820678711 10.2948579788208
0.9998008608818054 0.005746889393776655 -0.01910828985273838 -0.45247942209243774 -0.005696549545973539 0.999980092048645 0.002687847474589944 -0.037478700280189514 0.01912335492670536 -0.0025784610770642757 0.9998137950897217 11.054085731506348
0.999798059463501 0.0053975991904735565 -0.019359292462468147 -0.47177648544311523 -0.0052009993232786655 0.9999344944953918 0.010191339068114758 -0.04366304725408554 0.01941303163766861 -0.010088592767715454 0.999760627746582 11.830279350280762
0.999792218208313 0.004375057760626078 -0.019909579306840897 -0.49146735668182373 -0.004124660976231098 0.9999120831489563 0.012600443325936794 -0.044774189591407776 0.019962957128882408 -0.012515705078840256 0.9997223615646362 12.62150764465332
0.9997947812080383 0.002611615229398012 -0.020091794431209564 -0.5064202547073364 -0.002378202276304364 0.9999294877052307 0.011632507666945457 -0.045057862997055054 0.020120756700634956 -0.011582337319850922 0.9997304081916809 13.425536155700684
0.9998080730438232 0.002196969697251916 -0.019468549638986588 -0.5241398811340332 -0.0020191834773868322 0.9999560713768005 0.009146936237812042 -0.04393187165260315 0.019487792626023293 -0.009105870500206947 0.9997685551643372 14.250447273254395
0.999811053276062 0.0049760788679122925 -0.01879100687801838 -0.5464872717857361 -0.0048661320470273495 0.9999708533287048 0.0058922311291098595 -0.04621870070695877 0.0188197772949934 -0.0057996781542897224 0.9998060464859009 15.086508750915527
0.9998344779014587 0.0016109469579532743 -0.018120761960744858 -0.562795877456665 -0.0016108338022604585 0.9999986886978149 2.0850449800491333e-05 -0.04858633875846863 0.018120769411325455 8.341856300830841e-06 0.9998357892036438 15.945049285888672
0.9998483061790466 -0.0010591618483886123 -0.017382601276040077 -0.5762662887573242 0.0009530073730275035 0.9999808073043823 -0.006114047020673752 -0.05957303196191788 0.01738874241709709 0.006096553057432175 0.9998301863670349 16.81312370300293
0.999863862991333 0.0001348439254797995 -0.01649835705757141 -0.5927725434303284 -0.000326777808368206 0.9999322295188904 -0.011631387285888195 -0.07109688222408295 0.016495676711201668 0.011635195463895798 0.9997962117195129 17.73436737060547
0.999869704246521 0.0012543691555038095 -0.016086339950561523 -0.6152002215385437 -0.001454428886063397 0.9999216198921204 -0.012430936098098755 -0.0866466760635376 0.01606949046254158 0.01245271135121584 0.999793291091919 18.640331268310547
0.999857485294342 0.0013524459209293127 -0.016828805208206177 -0.6297417879104614 -0.0015528416261076927 0.9999279379844666 -0.011900525540113449 -0.10517619550228119 0.016811499372124672 0.011924960650503635 0.9997875094413757 19.577421188354492
0.9998563528060913 0.003139754757285118 -0.016651885583996773 -0.6548030376434326 -0.0033597375731915236 0.9999071955680847 -0.013199211098253727 -0.1319974660873413 0.01660890132188797 0.013253260403871536 0.9997742176055908 20.516475677490234
0.9998452663421631 0.006240566726773977 -0.016448093578219414 -0.6706551313400269 -0.006494963075965643 0.9998595118522644 -0.015458903275430202 -0.15185293555259705 0.0163493100553751 0.015563341788947582 0.9997451901435852 21.487266540527344
0.9998149871826172 0.009415924549102783 -0.016775069758296013 -0.6934418678283691 -0.00968900416046381 0.9998205900192261 -0.01627260074019432 -0.17509295046329498 0.016618838533759117 0.01643211953341961 0.9997268915176392 22.45326042175293
0.9998047947883606 0.011160396039485931 -0.01630576327443123 -0.728752613067627 -0.011425265111029148 0.9998027682304382 -0.016242101788520813 -0.20226891338825226 0.016121281310915947 0.016425231471657753 0.9997350573539734 23.43531608581543
0.9997862577438354 0.012318800203502178 -0.0166049525141716 -0.7496484518051147 -0.012589401565492153 0.9997879266738892 -0.016291672363877296 -0.22889499366283417 0.016400737687945366 0.016497233882546425 0.999729335308075 24.40977668762207
0.9997835755348206 0.011843118816614151 -0.017106398940086365 -0.7619010806083679 -0.01212033350020647 0.9997953772544861 -0.016193656250834465 -0.25632283091545105 0.016911117359995842 0.01639748364686966 0.9997225403785706 25.388874053955078
0.999761700630188 0.013025332242250443 -0.017518959939479828 -0.7795324325561523 -0.01329038292169571 0.9997976422309875 -0.015098943375051022 -0.2902531027793884 0.01731874607503414 0.015328179113566875 0.999732494354248 26.42835235595703
0.9997490644454956 0.013627610169351101 -0.017780978232622147 -0.8014048337936401 -0.013857261277735233 0.9998213648796082 -0.012856865301728249 -0.31975334882736206 0.017602592706680298 0.013100036419928074 0.9997591972351074 27.4434871673584
0.9997354745864868 0.014253799803555012 -0.018050653859972954 -0.8256781101226807 -0.014465163461863995 0.9998277425765991 -0.011633496731519699 -0.348835825920105 0.01788172498345375 0.011891523376107216 0.999769389629364 28.465818405151367
0.9997292160987854 0.014496183022856712 -0.01820782572031021 -0.8456357717514038 -0.014728623442351818 0.9998109340667725 -0.012697363272309303 -0.37313300371170044 0.01802031882107258 0.01296209916472435 0.9997535943984985 29.50360679626465
0.9997082352638245 0.015713343396782875 -0.01834442839026451 -0.8754211664199829 -0.01596805639564991 0.9997768998146057 -0.013822001405060291 -0.4033396542072296 0.01812315173447132 0.014110892079770565 0.9997361898422241 30.51024627685547
0.9997115731239319 0.015218623913824558 -0.01857973448932171 -0.9020931720733643 -0.015460441820323467 0.9997966885566711 -0.012941493652760983 -0.42894402146339417 0.018379004672169685 0.013225010596215725 0.999743640422821 31.54619026184082
0.9997033476829529 0.015204222872853279 -0.019025351852178574 -0.9294922351837158 -0.01540267001837492 0.9998279809951782 -0.010327988304197788 -0.45482054352760315 0.018865050747990608 0.010617965832352638 0.9997656941413879 32.60213088989258
0.9996922612190247 0.015372227877378464 -0.019466375932097435 -0.9585291147232056 -0.015505979768931866 0.9998570680618286 -0.006738781463354826 -0.4804478883743286 0.019360005855560303 0.007038552314043045 0.9997878074645996 33.65809631347656
0.9996781945228577 0.015235718339681625 -0.020283041521906853 -0.9758942723274231 -0.015326077118515968 0.9998732805252075 -0.004306912887841463 -0.5063550472259521 0.020214851945638657 0.004616386257112026 0.9997850060462952 34.72923278808594
0.9996688365936279 0.015510066412389278 -0.02053770050406456 -1.0061089992523193 -0.015593056567013264 0.9998708367347717 -0.0038868654519319534 -0.5243443250656128 0.020474767312407494 0.004205823410302401 0.999781608581543 35.80137252807617
0.9996632933616638 0.014875777997076511 -0.02125968411564827 -1.0310962200164795 -0.014986597001552582 0.9998748898506165 -0.00506283063441515 -0.5493190288543701 0.021181708201766014 0.005379735492169857 0.999761164188385 36.890464782714844
0.9996421337127686 0.015391598455607891 -0.021879149600863457 -1.064284086227417 -0.015521225519478321 0.9998629093170166 -0.0057672238908708096 -0.5666954517364502 0.021787380799651146 0.006104751490056515 0.9997439980506897 37.969783782958984
0.9996348023414612 0.014897726476192474 -0.022542081773281097 -1.0918103456497192 -0.015004321001470089 0.9998769760131836 -0.004567015450447798 -0.5910948514938354 0.022471271455287933 0.004903575871139765 0.9997354745864868 39.0461540222168
0.9996030330657959 0.015586582943797112 -0.023467572405934334 -1.1224257946014404 -0.01565983146429062 0.9998730421066284 -0.0029406901448965073 -0.6051651239395142 0.023418759927153587 0.0033070207573473454 0.9997203350067139 40.133243560791016
0.9996047019958496 0.0149090476334095 -0.02383480779826641 -1.159699559211731 -0.014909803867340088 0.9998887777328491 0.00014599785208702087 -0.6356886625289917 0.023834330961108208 0.00020943116396665573 0.9997159242630005 41.22465896606445
0.9995741248130798 0.016594791784882545 -0.024005699902772903 -1.2003064155578613 -0.016599051654338837 0.9998622536659241 2.181529998779297e-05 -0.6582366824150085 0.02400275319814682 0.00037666549906134605 0.9997118711471558 42.30146408081055
0.9995391964912415 0.01755497045814991 -0.02475980669260025 -1.2187447547912598 -0.01765519008040428 0.999836802482605 -0.0038350126706063747 -0.6827442646026611 0.024688439443707466 0.004270385019481182 0.999686062335968 43.38075256347656
0.9995220303535461 0.018773190677165985 -0.024562787264585495 -1.2557698488235474 -0.018975697457790375 0.9997876286506653 -0.008037454448640347 -0.7024369239807129 0.024406684562563896 0.008499708026647568 0.9996659159660339 44.4609260559082
0.9995104670524597 0.019101599231362343 -0.024778442457318306 -1.2884095907211304 -0.01931310072541237 0.9997788667678833 -0.008324651047587395 -0.7277296781539917 0.02461395040154457 0.008799124509096146 0.9996582865715027 45.54371643066406
0.9995048642158508 0.01977219060063362 -0.024478737264871597 -1.3239165544509888 -0.01991257816553116 0.9997866153717041 -0.005504772067070007 -0.7541030645370483 0.024364668875932693 0.00598948122933507 0.9996851086616516 46.64507293701172
0.999502420425415 0.020018279552459717 -0.02437562867999077 -1.3569715023040771 -0.020107461139559746 0.9997919797897339 -0.00341889844276011 -0.7779591083526611 0.024302121251821518 0.003907329402863979 0.9996970295906067 47.72693634033203
0.9995318651199341 0.018539059907197952 -0.02433915063738823 -1.387715458869934 -0.018598739057779312 0.9998245239257812 -0.0022278374526649714 -0.7993162870407104 0.024293581023812294 0.0026794718578457832 0.9997013211250305 48.81563186645508
0.9995341300964355 0.018491270020604134 -0.024280637502670288 -1.4146671295166016 -0.018561499193310738 0.9998241662979126 -0.0026700773742049932 -0.8268156051635742 0.024226995185017586 0.003119518980383873 0.9997015595436096 49.9078369140625
0.9995521306991577 0.017765184864401817 -0.024082975462079048 -1.450981855392456 -0.01788860559463501 0.9998278617858887 -0.004919133149087429 -0.8451279401779175 0.02399143949151039 0.00534774037078023 0.9996978640556335 50.99655532836914
0.9995675683021545 0.017688045278191566 -0.02349162846803665 -1.477475643157959 -0.0178575087338686 0.9998158812522888 -0.007023723796010017 -0.8713974356651306 0.02336306683719158 0.007440188899636269 0.9996993541717529 52.06433868408203
0.9995886087417603 0.016976073384284973 -0.02311589941382408 -1.5078046321868896 -0.017200222238898277 0.9998065829277039 -0.009532670490443707 -0.8986484408378601 0.02294960245490074 0.009926347993314266 0.9996873140335083 53.156166076660156
0.9996185898780823 0.015454301610589027 -0.022886106744408607 -1.539734125137329 -0.015750562772154808 0.9997937083244324 -0.012821902520954609 -0.9328099489212036 0.02268323488533497 0.013177482411265373 0.9996557831764221 54.246070861816406
0.9996439218521118 0.013387147337198257 -0.023082030937075615 -1.5569828748703003 -0.013720479793846607 0.9998030066490173 -0.014343810267746449 -0.9670323133468628 0.022885460406541824 0.014655397273600101 0.9996306896209717 55.31488800048828
0.9996685981750488 0.011796119622886181 -0.022882262244820595 -1.5850034952163696 -0.012068452313542366 0.9998575448989868 -0.011800108477473259 -1.0007383823394775 0.022739805281162262 0.012072349898517132 0.9996685981750488 56.40345001220703
0.9996877908706665 0.010515693575143814 -0.02266731671988964 -1.6112816333770752 -0.010653331875801086 0.9999255537986755 -0.005959885194897652 -1.0270891189575195 0.022602953016757965 0.006199507974088192 0.999725341796875 57.499732971191406
0.9997103810310364 0.008784064091742039 -0.022405020892620087 -1.636080026626587 -0.008795824833214283 0.9999611377716064 -0.0004263051087036729 -1.0468465089797974 0.02240040712058544 0.0006232521845959127 0.9997488856315613 58.59647750854492
0.9997167587280273 0.007135426159948111 -0.02270684391260147 -1.658314824104309 -0.007136384956538677 0.9999744892120361 3.881179145537317e-05 -1.064118504524231 0.022706540301442146 0.00012324389535933733 0.9997421503067017 59.68852233886719
0.9997425079345703 0.00409252755343914 -0.02231772243976593 -1.6843053102493286 -0.00415824307128787 0.9999871253967285 -0.002898960607126355 -1.0829858779907227 0.022305572405457497 0.0029910169541835785 0.9997466802597046 60.78009796142578
0.999751627445221 0.002646117703989148 -0.02212965302169323 -1.714479923248291 -0.002780304057523608 0.9999778866767883 -0.006035066209733486 -1.1075431108474731 0.022113194689154625 0.006095093674957752 0.9997369050979614 61.8757209777832
0.9997467398643494 0.004839119967073202 -0.021977432072162628 -1.7504312992095947 -0.005062622018158436 0.9999358654022217 -0.010125366970896721 -1.1334028244018555 0.02192702516913414 0.010234063491225243 0.9997072219848633 62.96209716796875
0.9997479319572449 0.0050620464608073235 -0.02187321148812771 -1.7788689136505127 -0.00537292193621397 0.9998850226402283 -0.014177295379340649 -1.16364324092865 0.021798931062221527 0.014291244558990002 0.9996602535247803 64.04363250732422
0.999742329120636 0.007728011347353458 -0.021346451714634895 -1.8100905418395996 -0.008048280142247677 0.9998556971549988 -0.014958434738218784 -1.1918224096298218 0.021227777004241943 0.015126381069421768 0.9996602535247803 65.15213012695312
0.9997215867042542 0.011637045070528984 -0.02052752859890461 -1.8443180322647095 -0.011872272938489914 0.9998647570610046 -0.011374779976904392 -1.2239699363708496 0.020392386242747307 0.011615321971476078 0.9997245073318481 66.25205993652344
0.9997096061706543 0.012872643768787384 -0.020370306447148323 -1.8744707107543945 -0.013062086887657642 0.9998723268508911 -0.009194452315568924 -1.25093674659729 0.020249349996447563 0.009457862004637718 0.9997501969337463 67.34613037109375
0.9997192621231079 0.012117531150579453 -0.020364630967378616 -1.9003870487213135 -0.012291931547224522 0.9998885989189148 -0.008460713550448418 -1.2797106504440308 0.020259836688637733 0.008708657696843147 0.9997567534446716 68.44383239746094
0.99973064661026 0.010997463017702103 -0.02043863572180271 -1.9202015399932861 -0.01115727424621582 0.9999079704284668 -0.007721527945250273 -1.3086295127868652 0.02035183645784855 0.007947486825287342 0.9997612833976746 69.53939056396484
0.9997401833534241 0.009914692491292953 -0.020526204258203506 -1.9468348026275635 -0.010040768422186375 0.9999313354492188 -0.006048231851309538 -1.3392924070358276 0.020464830100536346 0.0062527586705982685 0.9997710585594177 70.63238525390625
0.9997460842132568 0.008155870251357555 -0.021010437980294228 -1.9715125560760498 -0.00824226625263691 0.9999579787254333 -0.004028714261949062 -1.3655740022659302 0.02097669430077076 0.0042008645832538605 0.9997711181640625 71.72879791259766
0.9997353553771973 0.007255398668348789 -0.021826952695846558 -1.999252200126648 -0.007312335539609194 0.9999700784683228 -0.002529900288209319 -1.3899569511413574 0.021807946264743805 0.00268883747048676 0.9997585415840149 72.8242416381836
0.9997368454933167 0.006683275103569031 -0.02193986438214779 -2.033273220062256 -0.006759644486010075 0.999971330165863 -0.0034085537772625685 -1.418521523475647 0.021916454657912254 0.0035559632815420628 0.9997534155845642 73.91404724121094
0.9997158646583557 0.006269382778555155 -0.02299453131854534 -2.052913188934326 -0.006440729834139347 0.9999520182609558 -0.007385186851024628 -1.4421499967575073 0.022947126999497414 0.007531191222369671 0.9997082948684692 74.98075866699219
0.9996932744979858 0.007410191465169191 -0.02363118901848793 -2.086982011795044 -0.00763695826753974 0.9999254941940308 -0.009520298801362514 -1.4719289541244507 0.023558877408504486 0.009697850793600082 0.9996753931045532 76.08345031738281
0.999664306640625 0.009277117438614368 -0.02418837882578373 -2.119439125061035 -0.009465721435844898 0.9999255537986755 -0.0076944222673773766 -1.4975018501281738 0.024115197360515594 0.007920801639556885 0.999677836894989 77.16548156738281
0.9996410012245178 0.010651513002812862 -0.024584388360381126 -2.1572070121765137 -0.010743638500571251 0.9999357461929321 -0.0036182808689773083 -1.521565318107605 0.02454427070915699 0.003881107084453106 0.9996911287307739 78.25483703613281
0.9996109008789062 0.01191843580454588 -0.025218741968274117 -2.1902902126312256 -0.011913208290934563 0.9999289512634277 0.0003574953880161047 -1.5434718132019043 0.025221213698387146 -5.6921038776636124e-05 0.9996818900108337 79.32716369628906
0.9995859265327454 0.01296573132276535 -0.025691034272313118 -2.2274715900421143 -0.012943792156875134 0.9999156594276428 0.001020151423290372 -1.5660769939422607 0.0257020965218544 -0.0006871903315186501 0.9996694326400757 80.40876007080078
0.9995795488357544 0.01233826857060194 -0.026238758116960526 -2.2639811038970947 -0.012364424765110016 0.9999232292175293 -0.0008348157862201333 -1.5942691564559937 0.02622644230723381 0.0011588919442147017 0.9996553659439087 81.47110748291016
0.9995694756507874 0.012417979538440704 -0.02658027410507202 -2.299522638320923 -0.012466642074286938 0.9999209642410278 -0.0016658472595736384 -1.612007975578308 0.02655748277902603 0.0019964969251304865 0.9996452927589417 82.5376205444336
0.9995574951171875 0.012193700298666954 -0.02713063731789589 -2.3339009284973145 -0.012247681617736816 0.9999234080314636 -0.0018243839731439948 -1.6337355375289917 0.027106311172246933 0.002155864145606756 0.9996302127838135 83.60237884521484
0.9995409250259399 0.010603908449411392 -0.02838152088224888 -2.3582961559295654 -0.010653515346348286 0.999941885471344 -0.001597174326889217 -1.6569712162017822 0.02836293913424015 0.0018988038646057248 0.9995958209037781 84.61822509765625
0.9995393753051758 0.009409600868821144 -0.028854379430413246 -2.391735792160034 -0.009428433142602444 0.9999553561210632 -0.0005166447954252362 -1.6735492944717407 0.028848225250840187 0.0007884582737460732 0.9995834827423096 85.64354705810547
0.9995218515396118 0.009510236792266369 -0.02942083589732647 -2.4259300231933594 -0.009440721943974495 0.9999523162841797 0.002500751055777073 -1.6997843980789185 0.02944321744143963 -0.002221801085397601 0.9995640516281128 86.653076171875
0.9995084404945374 0.008522477932274342 -0.03017067350447178 -2.4642763137817383 -0.008418777026236057 0.9999582171440125 0.0035625058226287365 -1.7235815525054932 0.030199768021702766 -0.003306753933429718 0.9995384216308594 87.6321029663086
0.9994563460350037 0.007265877444297075 -0.03215945512056351 -2.502042531967163 -0.007140669040381908 0.9999664425849915 0.004006503615528345 -1.7421828508377075 0.03218749165534973 -0.003774685086682439 0.9994747638702393 88.58723449707031
0.9993626475334167 0.0068880715407431126 -0.035025469958782196 -2.5456724166870117 -0.006788230035454035 0.9999725222587585 0.0029686386696994305 -1.7645124197006226 0.03504495322704315 -0.002728985622525215 0.9993820786476135 89.52027893066406
0.9992123246192932 0.006369716953486204 -0.039166159927845 -2.5773210525512695 -0.006291363388299942 0.9999779462814331 0.002123455749824643 -1.7801995277404785 0.03917883336544037 -0.0018753757467493415 0.9992304444313049 90.4560546875
0.9990949034690857 0.006043707951903343 -0.04210276156663895 -2.6210439205169678 -0.005946146324276924 0.9999792575836182 0.002442063996568322 -1.796860933303833 0.04211664944887161 -0.0021895049139857292 0.9991102814674377 91.34884643554688
0.9989593029022217 0.00754124391824007 -0.04498182237148285 -2.670994758605957 -0.00739177456125617 0.9999666213989258 0.0034882952459156513 -1.8162232637405396 0.04500662535429001 -0.0031521699856966734 0.9989816546440125 92.21910858154297
0.998802125453949 0.008247658610343933 -0.04823121055960655 -2.716825485229492 -0.00802583061158657 0.9999562501907349 0.004791138228029013 -1.836462140083313 0.04826861992478371 -0.004398303106427193 0.9988247156143188 93.05449676513672
0.9986327886581421 0.009557284414768219 -0.051391664892435074 -2.762830972671509 -0.009257174097001553 0.9999386668205261 0.006074570119380951 -1.8484997749328613 0.051446571946144104 -0.005590522661805153 0.998660147190094 93.87112426757812
0.9985056519508362 0.010735823772847652 -0.05358324944972992 -2.821300983428955 -0.010368323884904385 0.9999207854270935 0.0071317641995847225 -1.866986632347107 0.05365557223558426 -0.006565538235008717 0.9985378980636597 94.66007232666016
0.9983317255973816 0.012959071435034275 -0.0562654584646225 -2.8689815998077393 -0.012562116608023643 0.9998936653137207 0.007403035182505846 -1.8788286447525024 0.05635541304945946 -0.006683871615678072 0.998388409614563 95.42533874511719
0.9981551170349121 0.014425447210669518 -0.05897769331932068 -2.9170823097229004 -0.014068463817238808 0.9998800754547119 0.006463625002652407 -1.8971266746520996 0.0590638741850853 -0.005621973425149918 0.9982383251190186 96.15226745605469
0.9979740977287292 0.016116026788949966 -0.06154578551650047 -2.9745421409606934 -0.015966838225722313 0.9998683929443359 0.0029150412883609533 -1.9150798320770264 0.061584655195474625 -0.0019264442380517721 0.9980999827384949 96.85299682617188
0.997768223285675 0.01865009032189846 -0.06411565840244293 -3.0284526348114014 -0.018730025738477707 0.9998243451118469 -0.0006458540447056293 -1.9310715198516846 0.06409236788749695 0.0018453006632626057 0.9979422092437744 97.51648712158203
0.9976018667221069 0.020364291965961456 -0.06614983081817627 -3.082132577896118 -0.020632946863770485 0.9997814297676086 -0.0033805901184678078 -1.944286823272705 0.06606652587652206 0.004737350158393383 0.9978039860725403 98.16983032226562
0.9975227117538452 0.022237170487642288 -0.06673853099346161 -3.138305187225342 -0.022570721805095673 0.9997361898422241 -0.004247960634529591 -1.961709976196289 0.06662646681070328 0.005743773188441992 0.9977613091468811 98.78702545166016
0.9975115656852722 0.024558398872613907 -0.0660870149731636 -3.172908306121826 -0.02485491707921028 0.9996843338012695 -0.0036682444624602795 -1.9789044857025146 0.06597606092691422 0.0053017036989331245 0.9978071451187134 99.3556137084961
0.9976131319999695 0.028664886951446533 -0.06282036006450653 -3.2187604904174805 -0.028855128213763237 0.9995814561843872 -0.0021230082493275404 -1.9946810007095337 0.06273320317268372 0.003930630162358284 0.9980226755142212 99.92357635498047
0.9978735446929932 0.031156999990344048 -0.057251207530498505 -3.2564117908477783 -0.03125757351517677 0.9995110034942627 -0.0008618887513875961 -2.0059571266174316 0.05719636008143425 0.002649589441716671 0.9983594417572021 100.46223449707031
0.9982439875602722 0.031936660408973694 -0.04989119991660118 -3.280059814453125 -0.03189956024289131 0.9994897842407227 0.001539925578981638 -2.0261621475219727 0.04991493374109268 5.428539589047432e-05 0.9987534284591675 100.98260498046875
0.9986851215362549 0.031787920743227005 -0.040220506489276886 -3.3004112243652344 -0.0316578708589077 0.999491274356842 0.003866380313411355 -2.036752700805664 0.04032295197248459 -0.0025880010798573494 0.9991833567619324 101.49620819091797
0.9991021156311035 0.03131665289402008 -0.028536081314086914 -3.306105613708496 -0.03118843212723732 0.9995013475418091 0.004927407950162888 -2.0473175048828125 0.02867615967988968 -0.004032988101243973 0.9995806813240051 101.97367095947266
0.99942547082901 0.030275005847215652 -0.015243100933730602 -3.3006978034973145 -0.030201835557818413 0.9995312690734863 0.0050083366222679615 -2.0597758293151855 0.015387579798698425 -0.004545088857412338 0.9998713731765747 102.42594909667969
0.9995449185371399 0.030164949595928192 -6.87967985868454e-05 -3.2918503284454346 -0.03016442432999611 0.9995366334915161 0.004061677493155003 -2.070082902908325 0.00019128434360027313 -0.004057753831148148 0.9999917149543762 102.86318969726562
0.999427855014801 0.028627632185816765 0.018007468432188034 -3.2729692459106445 -0.028652478009462357 0.999588668346405 0.001122993417084217 -2.0825493335723877 -0.01796792261302471 -0.0016383102629333735 0.9998372197151184 103.2879638671875
0.9988306760787964 0.02836550772190094 0.039146482944488525 -3.2393932342529297 -0.028253311291337013 0.9995949864387512 -0.003416377119719982 -2.097184419631958 -0.03922753781080246 0.0023063644766807556 0.9992276430130005 103.6998291015625
0.9976418614387512 0.02629605308175087 0.06339702010154724 -3.1917495727539062 -0.0258194450289011 0.999631941318512 -0.008325600996613503 -2.1066946983337402 -0.06359262019395828 0.006669092457741499 0.9979536533355713 104.10729217529297
0.9956009387969971 0.02428162842988968 0.09049473702907562 -3.131319046020508 -0.02333042398095131 0.9996609687805176 -0.011554371565580368 -2.1136386394500732 -0.09074462205171585 0.009392263367772102 0.9958299398422241 104.5057373046875
0.9925128817558289 0.021419430151581764 0.12024670094251633 -3.0535545349121094 -0.02003658004105091 0.9997186064720154 -0.012697581201791763 -2.1285786628723145 -0.1204848513007164 0.010193181224167347 0.9926628470420837 104.89826202392578
0.9880551695823669 0.01900884509086609 0.1529236137866974 -2.9687681198120117 -0.016940198838710785 0.9997466802597046 -0.014819031581282616 -2.144089698791504 -0.15316660702228546 0.012051460333168507 0.9881268739700317 105.2774429321289
0.9818773865699768 0.016615869477391243 0.188787579536438 -2.8700218200683594 -0.013742741197347641 0.9997690916061401 -0.016517771407961845 -2.1576547622680664 -0.18901847302913666 0.013623966835439205 0.981878936290741 105.64705657958984
0.9737292528152466 0.013387098908424377 0.22731506824493408 -2.7524147033691406 -0.009676103480160236 0.9998010993003845 -0.01743191108107567 -2.1693620681762695 -0.2275032252073288 0.014774436131119728 0.9736652970314026 106.01298522949219
0.9636117815971375 0.011322354897856712 0.2670658528804779 -2.6244640350341797 -0.006704552564769983 0.9998118877410889 -0.01819642260670662 -2.1862332820892334 -0.2672216296195984 0.01574372872710228 0.9635064601898193 106.35762786865234
0.9510753750801086 0.011799748055636883 0.30873361229896545 -2.495159149169922 -0.006189402192831039 0.999797523021698 -0.01914522610604763 -2.205873966217041 -0.3088970184326172 0.01629767380654812 0.9509558081626892 106.67550659179688
0.9355067610740662 0.014064962975680828 0.35302889347076416 -2.3495559692382812 -0.007523840758949518 0.9997736811637878 -0.019894063472747803 -2.2182483673095703 -0.3532288670539856 0.015954894945025444 0.9354008436203003 107.00250244140625
0.917534589767456 0.014637522399425507 0.397386372089386 -2.1769790649414062 -0.007718021050095558 0.9997895359992981 -0.01900641620159149 -2.228963851928711 -0.39758098125457764 0.014372006990015507 0.9174544811248779 107.31658172607422
0.8967114090919495 0.0133673632517457 0.4424138069152832 -1.9928474426269531 -0.006050625815987587 0.9998206496238708 -0.017945419996976852 -2.242182731628418 -0.44257432222366333 0.01341498177498579 0.8966315388679504 107.63933563232422
0.8737460970878601 0.011952482163906097 0.48623552918434143 -1.7933998107910156 -0.003247226122766733 0.9998190402984619 -0.018742095679044724 -2.2539281845092773 -0.48637157678604126 0.014796917326748371 0.873626708984375 107.90202331542969
0.848322868347168 0.012802566401660442 0.5293244123458862 -1.5839767456054688 -0.002175202826038003 0.9997833967208862 -0.020695289596915245 -2.27610445022583 -0.529474675655365 0.0164048969745636 0.8481672406196594 108.17791748046875
0.8202127814292908 0.015048578381538391 0.5718605518341064 -1.3632850646972656 -0.0013077103067189455 0.9997006058692932 -0.024431612342596054 -2.2909696102142334 -0.5720570683479309 0.019291289150714874 0.8199869990348816 108.44448852539062
0.7890183329582214 0.01950063742697239 0.6140600442886353 -1.1261787414550781 -0.0026294735725969076 0.9995942115783691 -0.028365332633256912 -2.3113768100738525 -0.6143640279769897 0.0207661185413599 0.7887493371963501 108.70941162109375
0.754923403263092 0.025579456239938736 0.6553139090538025 -0.8747787475585938 -0.005962167866528034 0.9994654655456543 -0.03214460238814354 -2.3259918689727783 -0.655785858631134 0.020359624177217484 0.7546724081039429 108.95362854003906
0.7171157598495483 0.030748041346669197 0.6962753534317017 -0.5966377258300781 -0.007320709060877562 0.9993035793304443 -0.03659016266465187 -2.324226140975952 -0.6969155669212341 0.021142154932022095 0.7168415188789368 109.20878601074219
0.6779803037643433 0.03120037540793419 0.7344176769256592 -0.3000526428222656 -0.005777168553322554 0.9992941617965698 -0.037119947373867035 -2.347670078277588 -0.7350574135780334 0.020923737436532974 0.6776819229125977 109.43019104003906
0.6369771361351013 0.028557024896144867 0.7703535556793213 0.013423919677734375 -0.00174617487937212 0.99936443567276 -0.035602618008852005 -2.3652617931365967 -0.7708808183670044 0.021332884207367897 0.6366221308708191 109.62681579589844
0.5933395028114319 0.026568114757537842 0.8045136332511902 0.3241119384765625 -0.00027584319468587637 0.9994617700576782 -0.032802607864141464 -2.3757481575012207 -0.8049522638320923 0.01924115978181362 0.5930274128913879 109.83413696289062
0.5469262599945068 0.02500658854842186 0.8368073105812073 0.6686325073242188 0.0011671117972582579 0.9995301365852356 -0.030632100999355316 -2.384739875793457 -0.8371800780296326 0.017730142921209335 0.5466399192810059 110.0162124633789
0.498904824256897 0.02265654131770134 0.866360604763031 1.0226058959960938 0.0026547322049736977 0.9996135830879211 -0.027670059353113174 -2.3997604846954346 -0.8666527271270752 0.016104677692055702 0.49865180253982544 110.17379760742188
0.4481927752494812 0.018797723576426506 0.8937392830848694 1.3878059387207031 0.00563550740480423 0.9996997117996216 -0.023852452635765076 -2.4153051376342773 -0.8939191102981567 0.015727171674370766 0.4479523003101349 110.31360626220703
0.3948531746864319 0.01900477707386017 0.9185476303100586 1.7406539916992188 0.0015619571786373854 0.9997706413269043 -0.021356722339987755 -2.4422874450683594 -0.918742835521698 0.009867501445114613 0.3947330415248871 110.45530700683594
0.3432003855705261 0.02397029660642147 0.9389563202857971 2.120685577392578 -0.0020158016122877598 0.99969083070755 -0.024783967062830925 -2.4576268196105957 -0.9392600655555725 0.006613118574023247 0.3431425988674164 110.56623840332031
0.293189138174057 0.02879178896546364 0.9556208252906799 2.504894256591797 -0.002102800877764821 0.999563455581665 -0.02947058156132698 -2.4737913608551025 -0.9560521245002747 0.006630973890423775 0.29312172532081604 110.6454849243164
0.24637822806835175 0.031012875959277153 0.9686774015426636 2.9062271118164062 -0.0004916824400424957 0.9994917511940002 -0.03187435865402222 -2.487154006958008 -0.9691736698150635 0.007376867346465588 0.24626822769641876 110.71693420410156
0.2054009586572647 0.030744601041078568 0.9781948328018188 3.3294334411621094 0.006846311502158642 0.9994368553161621 -0.03284982591867447 -2.5053601264953613 -0.9786540269851685 0.013444410637021065 0.2050747573375702 110.76188659667969
0.16981321573257446 0.030710982158780098 0.9849976301193237 3.7677650451660156 0.014561403542757034 0.9993270635604858 -0.033668141812086105 -2.5199549198150635 -0.9853686690330505 0.02006024494767189 0.16925179958343506 110.81024169921875
0.13982407748699188 0.03165771812200546 0.9896702766418457 4.193022727966309 0.019524093717336655 0.9992063045501709 -0.03472119942307472 -2.5377273559570312 -0.9899837970733643 0.024177273735404015 0.13909503817558289 110.84577178955078
0.11180458217859268 0.02995908632874489 0.9932785034179688 4.665190696716309 0.017780980095267296 0.999325156211853 -0.03214290738105774 -2.5571129322052 -0.9935711026191711 0.021255189552903175 0.11119642108678818 110.88243865966797
0.08614315092563629 0.02637503854930401 0.9959335923194885 5.156816482543945 0.011918244883418083 0.9995507597923279 -0.02750169299542904 -2.571420431137085 -0.9962114691734314 0.014238864183425903 0.08579008281230927 110.92208862304688
0.062436074018478394 0.022363143041729927 0.9977983832359314 5.663087368011475 0.0070992205291986465 0.999713659286499 -0.022850297391414642 -2.5897912979125977 -0.9980237483978271 0.008510274812579155 0.062259428203105927 110.94750213623047
0.03978918492794037 0.019973676651716232 0.9990084171295166 6.188075065612793 0.010760923847556114 0.9997336864471436 -0.02041676640510559 -2.612698793411255 -0.9991501569747925 0.011562622152268887 0.039563655853271484 110.955078125
0.01971890777349472 0.02052772045135498 0.9995948672294617 6.722294807434082 0.01984243094921112 0.9995843172073364 -0.02091892808675766 -2.6316888332366943 -0.9996086955070496 0.02024688944220543 0.019303396344184875 110.93258666992188
0.0016785254701972008 0.023266347125172615 0.9997279047966003 7.302425384521484 0.023042667657136917 0.9994629621505737 -0.023298872634768486 -2.6539595127105713 -0.9997330904006958 0.02307550050318241 0.001141505315899849 110.94671630859375
-0.01271812804043293 0.02864139713346958 0.9995088577270508 7.875268936157227 0.023533495143055916 0.9993214011192322 -0.028336577117443085 -2.6660470962524414 -0.9996421933174133 0.023161543533205986 -0.013383530080318451 110.93283081054688
-0.02344333566725254 0.03332605957984924 0.9991695284843445 8.470600128173828 0.02195858396589756 0.9992202520370483 -0.032812539488077164 -2.6769330501556396 -0.9994839429855347 0.02117111161351204 -0.0241568461060524 110.91747283935547
-0.030462229624390602 0.0331554189324379 0.9989859461784363 9.111429214477539 0.022684182971715927 0.9992152452468872 -0.032471317797899246 -2.7016351222991943 -0.9992784261703491 0.021672029048204422 -0.031190427020192146 110.91031646728516
-0.03243909403681755 0.030214250087738037 0.9990168809890747 9.745783805847168 0.029642870649695396 0.9991323351860046 -0.029255203902721405 -2.720146894454956 -0.99903404712677 0.02866472117602825 -0.033306580036878586 110.8702621459961
-0.03184741362929344 0.028366342186927795 0.9990901350975037 10.402515411376953 0.031146414577960968 0.9991398453712463 -0.02737491950392723 -2.744694709777832 -0.9990073442459106 0.030246254056692123 -0.03270352631807327 110.84432983398438
-0.03023587539792061 0.027978036552667618 0.9991511702537537 11.07406234741211 0.029729679226875305 0.9991910457611084 -0.027079489082098007 -2.771465301513672 -0.9991005063056946 0.028885673731565475 -0.031043194234371185 110.83058166503906
-0.028462568297982216 0.028303558006882668 0.9991940259933472 11.773619651794434 0.026553399860858917 0.9992676973342896 -0.02754925563931465 -2.7977354526519775 -0.9992421269416809 0.025747882202267647 -0.029193278402090073 110.81708526611328
-0.027324650436639786 0.029490245506167412 0.9991915225982666 12.488515853881836 0.025930073112249374 0.999249279499054 -0.02878284640610218 -2.816852569580078 -0.9992902874946594 0.0251226294785738 -0.028068823739886284 110.80400085449219
-0.02670103684067726 0.030343256890773773 0.9991828203201294 13.202217102050781 0.024960532784461975 0.9992477893829346 -0.029678212478756905 -2.848256826400757 -0.9993317723274231 0.024147698655724525 -0.0274383332580328 110.7958984375
-0.02613098733127117 0.029872989282011986 0.9992120862007141 13.95580768585205 0.024299245327711105 0.9992770552635193 -0.029239466413855553 -2.872756004333496 -0.999363124370575 0.02351604588329792 -0.02683798409998417 110.78962707519531
