0.9999738335609436 0.004362150561064482 0.005773289129137993 -0.5500743985176086 -0.004366307985037565 0.9999902248382568 0.0007076915353536606 0.18713846802711487 -0.005770145449787378 -0.0007328809588216245 0.9999830722808838 -1.6090257167816162
0.9999867677688599 0.0027581772301346064 0.004349126946181059 -0.5498032569885254 -0.0027572093531489372 0.9999961853027344 -0.00022850008099339902 0.17997843027114868 -0.004349740222096443 0.00021650557755492628 0.9999905228614807 -1.0446972846984863
0.9999909996986389 0.002580676693469286 0.0033739085774868727 -0.5517542362213135 -0.002574363024905324 0.9999949932098389 -0.0018743537366390228 0.1704276204109192 -0.0033787284046411514 0.0018656509928405285 0.9999925494194031 -0.4896280765533447
0.9999975562095642 0.0018472031224519014 0.0012367424787953496 -0.5498080253601074 -0.0018437154358252883 0.9999943375587463 -0.002815595827996731 0.153039813041687 -0.0012419366976246238 0.002813308499753475 0.999995231628418 0.07580073177814484
0.9999998211860657 3.701985770021565e-05 -0.0005991632933728397 -0.5576018691062927 -3.992440542788245e-05 0.9999882578849792 -0.004847933538258076 0.1479608565568924 0.0005989765631966293 0.004847956355661154 0.9999880194664001 0.6428980231285095
0.9999958872795105 -0.0025447376538068056 -0.0013202358968555927 -0.57565838098526 0.0025361261796206236 0.9999757409095764 -0.006483864970505238 0.12647008895874023 0.0013367055216804147 0.006480489857494831 0.9999781250953674 1.1940301656723022
0.999988853931427 -0.003795129945501685 -0.0028036225121468306 -0.5793401002883911 0.0037752382922917604 0.9999678730964661 -0.007066796999424696 0.11362241208553314 0.002830351237207651 0.007056133355945349 0.9999710321426392 1.7652459144592285
0.9999837279319763 -0.0038252912927418947 -0.0042259846813976765 -0.5862268805503845 0.003798173274844885 0.9999722838401794 -0.006406583823263645 0.10174908488988876 0.004250373691320419 0.006390428636223078 0.9999704957008362 2.347882032394409
0.999978244304657 -0.0041816458106040955 -0.005095394793897867 -0.5960083603858948 0.004146401304751635 0.9999675750732422 -0.006908177863806486 0.08901053667068481 0.005124117247760296 0.006886900402605534 0.9999631643295288 2.941385269165039
0.9999732375144958 -0.003651340724900365 -0.006335000973194838 -0.6030166745185852 0.0035906657576560974 0.9999477863311768 -0.009563029743731022 0.07247280329465866 0.00636958796530962 0.00954002607613802 0.999934196472168 3.53454852104187
0.9999690651893616 -0.0020376360043883324 -0.0076046716421842575 -0.6130009889602661 0.0019360140431672335 0.9999090433120728 -0.013346665538847446 0.058554694056510925 0.007631176151335239 0.013331531547009945 0.9998819828033447 4.140134334564209
0.9999600648880005 -0.0007227453170344234 -0.008908425457775593 -0.6266049742698669 0.0005709981196559966 0.9998549222946167 -0.017025018110871315 0.045651137828826904 0.008919436484575272 0.017019251361489296 0.9998153448104858 4.751513957977295
0.9999483227729797 0.0014137752586975694 -0.010069537907838821 -0.6396163702011108 -0.0015857709804549813 0.9998526573181152 -0.01709345355629921 0.03221571445465088 0.010043884627521038 0.017108535394072533 0.9998031854629517 5.382918357849121
0.9999293684959412 0.0034071446862071753 -0.011385041289031506 -0.6486971378326416 -0.0035241146106272936 0.9999410510063171 -0.010269791819155216 0.02385825291275978 0.011349378153681755 0.010309192351996899 0.9998824596405029 6.027345657348633
0.9999213218688965 0.004307465627789497 -0.011784973554313183 -0.666062593460083 -0.004301898181438446 0.9999905824661255 0.0004977539065293968 0.009465165436267853 0.011787005700170994 -0.0004470164712984115 0.9999304413795471 6.6899638175964355
0.999906063079834 0.005070922430604696 -0.012734577059745789 -0.6766635775566101 -0.004981841426342726 0.9999629259109497 0.0070171901024878025 0.00020394429157022387 0.012769689783453941 -0.0069530922919511795 0.9998943209648132 7.374946117401123
0.9998728036880493 0.007479952648282051 -0.014085851609706879 -0.6925467252731323 -0.007397299166768789 0.9999551773071289 0.005910826381295919 -0.013769488781690598 0.01412943098694086 -0.0058058761060237885 0.9998832941055298 8.057259559631348
0.9998499751091003 0.009445264004170895 -0.014518991112709045 -0.7158898711204529 -0.009463957510888577 0.9999544620513916 -0.0012193628353998065 -0.019699687138199806 0.014506812207400799 0.0013565877452492714 0.999893844127655 8.750195503234863
0.9998326897621155 0.009236229583621025 -0.015788540244102478 -0.7298135757446289 -0.009350252337753773 0.9999306201934814 -0.007163351401686668 -0.018594082444906235 0.015721280127763748 0.007309779990464449 0.9998496174812317 9.459006309509277
0.9998307824134827 0.006807870231568813 -0.017089111730456352 -0.739526093006134 -0.006904276553541422 0.9999605417251587 -0.005588757339864969 -0.020351288840174675 0.01705038920044899 0.00570579944178462 0.9998383522033691 10.198022842407227
0.9998296499252319 0.006504519376903772 -0.017279526218771935 -0.7609105110168457 -0.006440490484237671 0.9999722242355347 0.0037585757672786713 -0.03476141765713692 0.017303496599197388 -0.003646646626293659 0.9998436570167542 10.959036827087402
0.9998274445533752 0.005948967300355434 -0.017597176134586334 -0.7780078649520874 -0.005751602351665497 0.9999202489852905 0.011245130561292171 -0.03930920735001564 0.017662670463323593 -0.011141978204250336 0.9997819662094116 11.735002517700195
0.9998235702514648 0.005174698773771524 -0.01805596798658371 -0.7982587814331055 -0.004927759990096092 0.9998940825462341 0.013694102875888348 -0.0407237745821476 0.01812492311000824 -0.01360271219164133 0.9997432231903076 12.524491310119629
0.999826967716217 0.003323220880702138 -0.018302669748663902 -0.8116059899330139 -0.003091821214184165 0.9999151229858398 0.012656746432185173 -0.038893528282642365 0.018343180418014526 -0.012597969733178616 0.999752402305603 13.329611778259277
0.9998411536216736 0.0030011991038918495 -0.017563695088028908 -0.8297230005264282 -0.0028211784083396196 0.9999432563781738 0.010265413671731949 -0.04112745076417923 0.01759350672364235 -0.01021423190832138 0.9997929930686951 14.155327796936035
0.9998403787612915 0.005733412224799395 -0.016921736299991608 -0.850091814994812 -0.005616400390863419 0.9999600648880005 0.006954316981136799 -0.041744474321603775 0.016960930079221725 -0.0068581667728722095 0.9998326301574707 14.992657661437988
0.9998656511306763 0.0023381439968943596 -0.016222579404711723 -0.8634925484657288 -0.0023180916905403137 0.9999964833259583 0.001254779053851962 -0.04438020661473274 0.016225455328822136 -0.0012170043773949146 0.9998676180839539 15.8489408493042
0.9998799562454224 -0.0002797929337248206 -0.015491154976189137 -0.8772477507591248 0.00020126150047872216 0.9999870657920837 -0.005070762243121862 -0.05313338339328766 0.015492375940084457 0.005067034624516964 0.9998670816421509 16.717987060546875
0.9998920559883118 0.0006223749369382858 -0.014676904305815697 -0.8859298825263977 -0.000776343687903136 0.9999446868896484 -0.010487239807844162 -0.0636565089225769 0.014669564552605152 0.0104975001886487 0.9998372793197632 17.621891021728516
0.9998972415924072 0.0018530627712607384 -0.014217379502952099 -0.9078097939491272 -0.0020143359433859587 0.9999337196350098 -0.011337514966726303 -0.07784463465213776 0.014195426367223263 0.011364986188709736 0.9998347163200378 18.526575088500977
0.9998842477798462 0.0018228351837024093 -0.015108670108020306 -0.9173218607902527 -0.0019855406135320663 0.9999400973320007 -0.010761029087007046 -0.09487634152173996 0.015088151209056377 0.010789780877530575 0.9998279213905334 19.465261459350586
0.9998840093612671 0.003733538556843996 -0.014763865619897842 -0.9448642134666443 -0.003913302440196276 0.9999182820320129 -0.012165853753685951 -0.11992567032575607 0.014717234298586845 0.01222221739590168 0.9998170137405396 20.40532875061035
0.9998705983161926 0.0067312889732420444 -0.0146066565066576 -0.9600828289985657 -0.00693979999050498 0.9998739957809448 -0.014271648600697517 -0.1408175677061081 0.014508751221001148 0.014371170662343502 0.9997914433479309 21.365848541259766
0.9998392462730408 0.00995991937816143 -0.014906900003552437 -0.9815253019332886 -0.010185169987380505 0.9998339414596558 -0.015111621469259262 -0.16267462074756622 0.014753913506865501 0.015261021442711353 0.999774694442749 22.331478118896484
0.9998220205307007 0.011788738891482353 -0.014733871445059776 -1.0084078311920166 -0.012008759193122387 0.9998162984848022 -0.014934717677533627 -0.19030094146728516 0.014555104076862335 0.015108992345631123 0.9997798800468445 23.308101654052734
0.9998090267181396 0.012805384583771229 -0.014761693775653839 -1.0339176654815674 -0.013029319234192371 0.999799907207489 -0.015174970962107182 -0.21373707056045532 0.01456441730260849 0.015364408493041992 0.9997758865356445 24.290735244750977
0.9998066425323486 0.012326682917773724 -0.015322301536798477 -1.0439504384994507 -0.012557457201182842 0.9998077154159546 -0.015057512558996677 -0.2397351711988449 0.015133745968341827 0.015247008763253689 0.9997691512107849 25.26902961730957
0.999782383441925 0.01376339141279459 -0.015672245994210243 -1.0595179796218872 -0.013978676870465279 0.9998082518577576 -0.013711025007069111 -0.27565112709999084 0.015480531379580498 0.013927117921411991 0.9997831583023071 26.290206909179688
0.9997679591178894 0.014377353712916374 -0.016036806628108025 -1.0782647132873535 -0.014562871307134628 0.9998276829719543 -0.011512028984725475 -0.30334487557411194 0.0158685315400362 0.011742900125682354 0.9998050928115845 27.3065242767334
0.9997557401657104 0.014963052235543728 -0.016262613236904144 -1.1002581119537354 -0.015129636973142624 0.999833881855011 -0.010169150307774544 -0.33149588108062744 0.016107751056551933 0.010412714444100857 0.9998160600662231 28.326454162597656
0.9997491836547852 0.015421044081449509 -0.016247212886810303 -1.1217703819274902 -0.015608467161655426 0.9998123645782471 -0.011472775600850582 -0.3519885540008545 0.01606724038720131 0.011723489500582218 0.9998022317886353 29.365066528320312
0.9997289776802063 0.01649504527449608 -0.01642732508480549 -1.1464366912841797 -0.016701839864253998 0.9997819066047668 -0.012531676329672337 -0.38163042068481445 0.016217028722167015 0.012802648358047009 0.9997865557670593 30.384119033813477
0.9997314214706421 0.01601807400584221 -0.016749491915106773 -1.170593500137329 -0.016212856397032738 0.9998016357421875 -0.011558804661035538 -0.4072931706905365 0.01656102016568184 0.011827257461845875 0.9997929334640503 31.421472549438477
0.9997271299362183 0.015770429745316505 -0.017232561483979225 -1.1939034461975098 -0.015928786247968674 0.9998317956924438 -0.009090880863368511 -0.4302835762500763 0.017086295410990715 0.009362895041704178 0.9998102188110352 32.47547912597656
0.9997207522392273 0.0156718622893095 -0.017686668783426285 -1.2205286026000977 -0.01576945185661316 0.9998611211776733 -0.0053917658515274525 -0.45533376932144165 0.017599713057279587 0.005669168662279844 0.9998290538787842 33.52630615234375
0.9997013807296753 0.01609124056994915 -0.01838892512023449 -1.2385762929916382 -0.016151882708072662 0.9998645782470703 -0.0031540566124022007 -0.47810256481170654 0.018335679545998573 0.0034501305781304836 0.9998258948326111 34.61130905151367
0.9996914267539978 0.01636691205203533 -0.018686732277274132 -1.2667006254196167 -0.01642047055065632 0.999861478805542 -0.0027162793558090925 -0.4946715235710144 0.018639683723449707 0.003022286109626293 0.999821662902832 35.683006286621094
0.9996840953826904 0.015691284090280533 -0.01962956041097641 -1.2839939594268799 -0.015772763639688492 0.9998675584793091 -0.0040029543451964855 -0.5179623365402222 0.019564148038625717 0.004311302676796913 0.9997992515563965 36.77641296386719
0.9996662139892578 0.016202975064516068 -0.020121712237596512 -1.3174015283584595 -0.016296736896038055 0.9998570680618286 -0.004504585638642311 -0.5369374752044678 0.020045848563313484 0.00483099976554513 0.9997873902320862 37.845497131347656
0.9996641278266907 0.015645761042833328 -0.02065826579928398 -1.3467094898223877 -0.01571841351687908 0.999870777130127 -0.0033591720275580883 -0.5574877858161926 0.020603038370609283 0.0036827593576163054 0.9997809529304504 38.93838119506836
0.9996347427368164 0.016256552189588547 -0.02158951386809349 -1.3751630783081055 -0.0162979643791914 0.999865710735321 -0.0017435688059777021 -0.5704045295715332 0.02155826985836029 0.0020947963930666447 0.9997653961181641 40.0255126953125
0.9996352195739746 0.015699731186032295 -0.02197565697133541 -1.4095196723937988 -0.015673084184527397 0.9998762011528015 0.001384297269396484 -0.600485622882843 0.02199467271566391 -0.001039366121403873 0.9997575879096985 41.116943359375
0.9995995163917542 0.017352726310491562 -0.022356996312737465 -1.4453059434890747 -0.017333319410681725 0.9998492002487183 0.0010615790961310267 -0.6190751194953918 0.02237205021083355 -0.0006736326613463461 0.9997494220733643 42.1938591003418
0.9995602965354919 0.01853282004594803 -0.0231517031788826 -1.45827054977417 -0.018600236624479294 0.9998233318328857 -0.0026999260298907757 -0.6412619948387146 0.023097574710845947 0.003129365621134639 0.9997283220291138 43.279903411865234
0.9995405673980713 0.019737660884857178 -0.02300270088016987 -1.492189884185791 -0.019903486594557762 0.9997773766517639 -0.007002430036664009 -0.6589264273643494 0.022859366610646248 0.007457046769559383 0.9997109174728394 44.36214065551758
0.9995298385620117 0.020252037793397903 -0.023020973429083824 -1.5255863666534424 -0.02042553201317787 0.9997645616531372 -0.007326350547373295 -0.6816242933273315 0.022867178544402122 0.007793121971189976 0.9997081756591797 45.44059753417969
0.999521017074585 0.02065463550388813 -0.023050040006637573 -1.5556702613830566 -0.02075883373618126 0.9997752904891968 -0.004290284588932991 -0.7104719877243042 0.02295624651014805 0.004766721278429031 0.9997251033782959 46.54396438598633
0.9995256662368774 0.021039988845586777 -0.022490184754133224 -1.5908219814300537 -0.021095994859933853 0.9997749328613281 -0.0022558667697012424 -0.7325211763381958 0.02243766002357006 0.0027292498853057623 0.9997444748878479 47.63663864135742
0.9995527267456055 0.019657999277114868 -0.02254173532128334 -1.6181821823120117 -0.019689597189426422 0.9998055100440979 -0.0011805115500465035 -0.7513170838356018 0.022514143958687782 0.0016238212119787931 0.9997451901435852 48.72569274902344
0.999558687210083 0.01948619820177555 -0.02242341637611389 -1.6414369344711304 -0.019525330513715744 0.9998082518577576 -0.0015276087215170264 -0.7785946726799011 0.022389348596334457 0.00196475931443274 0.9997473955154419 49.81610870361328
0.9995819926261902 0.019013378769159317 -0.02178144082427025 -1.6817184686660767 -0.01909889653325081 0.9998106956481934 -0.0037249396555125713 -0.7961664795875549 0.021706489846110344 0.004139383789151907 0.999755859375 50.906959533691406
0.99958735704422 0.018901478499174118 -0.021626895293593407 -1.705033540725708 -0.019033188000321388 0.9998013973236084 -0.00590053666383028 -0.8202966451644897 0.021511070430278778 0.006309730466455221 0.999748706817627 51.989837646484375
0.9996073842048645 0.018061451613903046 -0.02141893096268177 -1.731607437133789 -0.01824319362640381 0.9997989535331726 -0.008320321328938007 -0.8466169238090515 0.021264348179101944 0.0087078046053648 0.999735951423645 53.085418701171875
0.9996379017829895 0.016492309048771858 -0.021261125802993774 -1.7590020895004272 -0.016737766563892365 0.9997946619987488 -0.011419015936553478 -0.8813669681549072 0.021068435162305832 0.011770744808018208 0.9997087121009827 54.1708984375
0.9996680617332458 0.014712450094521046 -0.02114577777683735 -1.779429316520691 -0.014993928372859955 0.9998002648353577 -0.013215044513344765 -0.9105923771858215 0.020947130396962166 0.01352771744132042 0.9996890425682068 55.24911117553711
0.99969482421875 0.013122202828526497 -0.020925326272845268 -1.8035025596618652 -0.013350268825888634 0.9998525977134705 -0.010796867311000824 -0.9422290921211243 0.02078056149184704 0.011072932742536068 0.9997227191925049 56.333526611328125
0.9997130632400513 0.012068157084286213 -0.020692484453320503 -1.8307095766067505 -0.012167398817837238 0.9999150633811951 -0.0046768500469625 -0.9718654155731201 0.020634284242987633 0.004927282687276602 0.9997749328613281 57.43117141723633
0.9997406601905823 0.010221506468951702 -0.020350055769085884 -1.855900764465332 -0.010207002982497215 0.9999474883079529 0.0008164215832948685 -0.9889705777168274 0.020357336848974228 -0.0006084967171773314 0.9997925162315369 58.537803649902344
0.999750018119812 0.00849806610494852 -0.020681027323007584 -1.8738425970077515 -0.008473833091557026 0.9999632239341736 0.0012591631384566426 -1.005199670791626 0.02069097012281418 -0.0010836008004844189 0.999785304069519 59.62974166870117
0.9997815489768982 0.005497502628713846 -0.020166995003819466 -1.9009218215942383 -0.005530092399567366 0.9999834895133972 -0.0015605234075337648 -1.0246317386627197 0.020158085972070694 0.0016717080725356936 0.9997953176498413 60.718387603759766
0.9997926354408264 0.00398341054096818 -0.019969014450907707 -1.9308257102966309 -0.004076932556927204 0.9999809265136719 -0.004644834902137518 -1.0463367700576782 0.019950134679675102 0.004725283943116665 0.9997897744178772 61.81344223022461
0.9997820854187012 0.006184551864862442 -0.019936395809054375 -1.9628112316131592 -0.006361260544508696 0.9999409914016724 -0.00881241261959076 -1.069820761680603 0.019880717620253563 0.008937313221395016 0.9997624158859253 62.90079879760742
0.9997826814651489 0.006362029351294041 -0.01984839327633381 -1.9898974895477295 -0.006619356106966734 0.9998946189880371 -0.012925957329571247 -1.0991427898406982 0.019764065742492676 0.01305453386157751 0.9997194409370422 63.9799919128418
0.9997720718383789 0.00912591814994812 -0.01929948665201664 -2.016857385635376 -0.009392223320901394 0.9998612403869629 -0.013753159902989864 -1.125524640083313 0.019171299412846565 0.013931289315223694 0.9997191429138184 65.09334564208984
0.9997540712356567 0.012739505618810654 -0.018153592944145203 -2.0530333518981934 -0.012925776652991772 0.9998645782470703 -0.010180622339248657 -1.152567982673645 0.018021440133452415 0.010412768460810184 0.9997833967208862 66.19473266601562
0.9997268319129944 0.014502067118883133 -0.018329953774809837 -2.0783169269561768 -0.014648716896772385 0.999861478805542 -0.007891698740422726 -1.184323787689209 0.018212970346212387 0.00815805234014988 0.9998008608818054 67.29856872558594
0.9997290372848511 0.014523454010486603 -0.01819060742855072 -2.1032891273498535 -0.01465476956218481 0.9998673796653748 -0.007106409408152103 -1.2134029865264893 0.01808498427271843 0.007371062412858009 0.999809205532074 68.38766479492188
0.9997483491897583 0.012933529913425446 -0.018331551924347878 -2.1218130588531494 -0.013051004149019718 0.9998950958251953 -0.006303214002400637 -1.240191102027893 0.018248101696372032 0.0065408730879426 0.9998120665550232 69.48417663574219
0.9997621178627014 0.012074699625372887 -0.018168166279792786 -2.1537675857543945 -0.012165125459432602 0.9999141693115234 -0.004874928388744593 -1.2663887739181519 0.018107743933796883 0.005094786640256643 0.9998230338096619 70.5741195678711
0.9997754096984863 0.010175241157412529 -0.018587615340948105 -2.1793060302734375 -0.01023105438798666 0.9999434351921082 -0.0029100619722157717 -1.2894700765609741 0.018556952476501465 0.003099579829722643 0.9998229742050171 71.68819427490234
0.9997734427452087 0.008609884418547153 -0.01946561597287655 -2.1977787017822266 -0.008639741688966751 0.9999616742134094 -0.0014502337435260415 -1.3092217445373535 0.01945238560438156 0.0016180837992578745 0.9998094439506531 72.78268432617188
0.9997707605361938 0.008132260292768478 -0.019805042073130608 -2.227423667907715 -0.008179152384400368 0.9999638795852661 -0.0022877869196236134 -1.3417760133743286 0.019785722717642784 0.00244925101287663 0.9998011589050293 73.87831115722656
0.999752938747406 0.008628537878394127 -0.020484203472733498 -2.253278970718384 -0.008754132315516472 0.9999434351921082 -0.00604952871799469 -1.3658843040466309 0.020430846139788628 0.006227355916053057 0.9997718334197998 74.95743560791016
0.999722957611084 0.009205575101077557 -0.021662039682269096 -2.2681682109832764 -0.009387805126607418 0.9999212622642517 -0.008325777016580105 -1.3871052265167236 0.021583691239356995 0.00852682814002037 0.99973064661026 76.0334243774414
0.999700665473938 0.011281940154731274 -0.02170921489596367 -2.313051223754883 -0.011426743119955063 0.999913215637207 -0.006557687185704708 -1.4164265394210815 0.021633345633745193 0.006803790107369423 0.9997428059577942 77.12979888916016
0.999681293964386 0.012080123648047447 -0.022169599309563637 -2.344491481781006 -0.012133070267736912 0.9999238848686218 -0.0022552493028342724 -1.4388062953948975 0.022140666842460632 0.002523516770452261 0.9997516870498657 78.21446990966797
0.9996519684791565 0.013236048631370068 -0.022820813581347466 -2.37288498878479 -0.013197769410908222 0.9999112486839294 0.0018272054148837924 -1.4630126953125 0.022842973470687866 -0.0015253855381160975 0.9997378587722778 79.29120635986328
0.9996145963668823 0.0145950336009264 -0.02361505664885044 -2.4055821895599365 -0.014542751014232635 0.9998914003372192 0.0023842614609748125 -1.4794142246246338 0.023647287860512733 -0.002039914717897773 0.9997183084487915 80.36050415039062
0.9995996952056885 0.014750848524272442 -0.024143582209944725 -2.438587188720703 -0.014759659767150879 0.9998910427093506 -0.00018675030150916427 -1.4926133155822754 0.024138199165463448 0.0005430261953733861 0.9997084736824036 81.42322540283203
0.9995999336242676 0.01406498160213232 -0.024539049714803696 -2.4692177772521973 -0.014081206172704697 0.9999008774757385 -0.0004884999943897128 -1.5196270942687988 0.02452974207699299 0.0008338440675288439 0.9996987581253052 82.5092544555664
0.9995962977409363 0.013448158279061317 -0.025029568001627922 -2.4975333213806152 -0.013471787795424461 0.9999090433120728 -0.0007757254643365741 -1.5390061140060425 0.02501685544848442 0.001112605445086956 0.9996864795684814 83.5648422241211
0.9995836615562439 0.012111783027648926 -0.026187509298324585 -2.526921272277832 -0.012130414135754108 0.9999262094497681 -0.0005526826716959476 -1.5555824041366577 0.026178881525993347 0.0008701178012415767 0.9996569752693176 84.60271453857422
0.9995659589767456 0.010770993307232857 -0.027419716119766235 -2.5429415702819824 -0.010763670317828655 0.9999420642852783 0.000414636277128011 -1.5696592330932617 0.0274225901812315 -0.00011931952030863613 0.9996239542961121 85.63800048828125
0.9995692372322083 0.010976018384099007 -0.027215957641601562 -2.5852789878845215 -0.010874909348785877 0.9999333620071411 0.003860299941152334 -1.607174277305603 0.027256516739726067 -0.0035626660101115704 0.999622106552124 86.649658203125
0.9995461702346802 0.010420143604278564 -0.028263390064239502 -2.6166670322418213 -0.010299528017640114 0.9999371767044067 0.004409813322126865 -1.621644139289856 0.02830757014453411 -0.00411671306937933 0.9995907545089722 87.623779296875
0.9995101094245911 0.008824332617223263 -0.030026540160179138 -2.660243034362793 -0.008682016283273697 0.9999504685401917 0.004866769537329674 -1.6402281522750854 0.03006800077855587 -0.0046036941930651665 0.9995372295379639 88.59894561767578
0.9994091391563416 0.008093828335404396 -0.033405281603336334 -2.690614938735962 -0.00795018021017313 0.9999585747718811 0.0044307406060397625 -1.6687880754470825 0.0334397591650486 -0.004162544850260019 0.9994320869445801 89.53056335449219
0.999285101890564 0.008030815981328487 -0.03694452345371246 -2.728841543197632 -0.007913365960121155 0.9999631643295288 0.0033242132049053907 -1.6843565702438354 0.0369698591530323 -0.0030294808093458414 0.9993118643760681 90.44916534423828
0.9991893172264099 0.008266948163509369 -0.03940156474709511 -2.780250310897827 -0.008121902123093605 0.9999597072601318 0.003839867888018489 -1.701805830001831 0.03943171724677086 -0.00351673923432827 0.9992160797119141 91.33222961425781
0.999023973941803 0.008858981542289257 -0.04327442869544029 -2.811959981918335 -0.008645676076412201 0.99994957447052 0.005113823339343071 -1.7215545177459717 0.04331754893064499 -0.004734695889055729 0.9990500807762146 92.21412658691406
0.9988759160041809 0.00934201292693615 -0.04647384211421013 -2.8577709197998047 -0.009056621231138706 0.9999389052391052 0.006347683724015951 -1.7386441230773926 0.04653029888868332 -0.005919652059674263 0.9988993406295776 93.05408477783203
0.9987353682518005 0.011018765158951283 -0.049053821712732315 -2.9099996089935303 -0.010649354197084904 0.9999130964279175 0.007785712368786335 -1.7507615089416504 0.049135345965623856 -0.0072534759528934956 0.9987657070159912 93.86859893798828
0.998587965965271 0.012455116957426071 -0.0516425296664238 -2.957082509994507 -0.012033501639962196 0.9998918175697327 0.008466990664601326 -1.7640459537506104 0.051742393523454666 -0.007833595387637615 0.9986296892166138 94.66254425048828
0.9984138607978821 0.014920460060238838 -0.054287299513816833 -3.004089117050171 -0.01444566622376442 0.9998540282249451 0.009127870202064514 -1.7804113626480103 0.054415568709373474 -0.008329175412654877 0.9984835982322693 95.42109680175781
0.9982403516769409 0.016455266624689102 -0.05696898698806763 -3.0546982288360596 -0.016027532517910004 0.9998398423194885 0.007956980727612972 -1.7957046031951904 0.05709080025553703 -0.0070299068465828896 0.9983441829681396 96.14259338378906
0.9980816841125488 0.01746727153658867 -0.059395577758550644 -3.1138980388641357 -0.017235860228538513 0.9998417496681213 0.004406220745295286 -1.8104922771453857 0.059463150799274445 -0.0033740343060344458 0.9982247948646545 96.8493423461914
0.9978727102279663 0.019902806729078293 -0.06208004802465439 -3.1641860008239746 -0.019891928881406784 0.999801754951477 0.000793340674135834 -1.8246684074401855 0.06208353489637375 0.000443239085143432 0.9980708360671997 97.51485443115234
0.9976997971534729 0.021623238921165466 -0.06424609571695328 -3.212660551071167 -0.02179521881043911 0.9997605085372925 -0.0019771424122154713 -1.8368197679519653 0.06418795138597488 0.0033728526905179024 0.9979321956634521 98.15912628173828
0.9976014494895935 0.02376864291727543 -0.06501024216413498 -3.2626030445098877 -0.023997774347662926 0.9997082948684692 -0.0027458423282951117 -1.8542518615722656 0.06492602080106735 0.004299357067793608 0.9978808164596558 98.78304290771484
0.9976135492324829 0.025921717286109924 -0.06399433314800262 -3.3138556480407715 -0.02612839639186859 0.9996556639671326 -0.0023946696892380714 -1.8650755882263184 0.06391023099422455 0.0040610237047076225 0.9979473948478699 99.36702728271484
0.9977256655693054 0.030090272426605225 -0.060316648334264755 -3.3688015937805176 -0.03017866052687168 0.9995443820953369 -0.0005547538166865706 -1.8887194395065308 0.060272466391325 0.002373766852542758 0.9981791377067566 99.93982696533203
0.9979211091995239 0.03228607028722763 -0.055776264518499374 -3.375196695327759 -0.03229646757245064 0.9994781017303467 0.0007151053287088871 -1.9013543128967285 0.05577024817466736 0.001087757758796215 0.9984430074691772 100.46670532226562
0.9982869029045105 0.033335357904434204 -0.04808393865823746 -3.403611898422241 -0.03324605152010918 0.9994436502456665 0.0026559943798929453 -1.912822961807251 0.048145730048418045 -0.0010528431739658117 0.998839795589447 100.9881591796875
0.9986976385116577 0.03315458819270134 -0.038779303431510925 -3.4139456748962402 -0.03298117592930794 0.9994429349899292 0.005103204865008593 -1.9245985746383667 0.03892689198255539 -0.0038175717927515507 0.9992347359657288 101.49165344238281
0.9991055727005005 0.03271564841270447 -0.026792870834469795 -3.4218482971191406 -0.03256022930145264 0.9994503855705261 0.006216671317815781 -1.934658169746399 0.02698153629899025 -0.005338727962225676 0.9996216297149658 101.97061920166016
0.9994004368782043 0.03200181573629379 -0.013212081976234913 -3.423713445663452 -0.03192169591784477 0.9994709491729736 0.006231296807527542 -1.94419527053833 0.013404509983956814 -0.005805808585137129 0.9998932480812073 102.42760467529297
0.9994915127754211 0.03182490915060043 0.0019700853154063225 -3.4167819023132324 -0.0318351574242115 0.9994784593582153 0.005407735239714384 -1.9575161933898926 -0.001796955824829638 -0.0054677021689713 0.9999834299087524 102.86970520019531
0.999354362487793 0.030103608965873718 0.019615665078163147 -3.3876168727874756 -0.030153539031744003 0.9995427131652832 0.0022544353269040585 -1.9682382345199585 -0.019538825377821922 -0.0028444607742130756 0.9998050928115845 103.28977966308594
0.9986960887908936 0.030430389568209648 0.04099087417125702 -3.3587279319763184 -0.03036227449774742 0.999536395072937 -0.0022833896800875664 -1.9784209728240967 -0.041041359305381775 0.001035835943184793 0.9991568922996521 103.7198257446289
0.9975268840789795 0.027455409988760948 0.06470109522342682 -3.300379514694214 -0.02703774720430374 0.9996076226234436 -0.007322245743125677 -1.9938820600509644 -0.0648767277598381 0.005554765462875366 0.997877836227417 104.09257507324219
0.9954342842102051 0.025153355672955513 0.09207469969987869 -3.2426047325134277 -0.024295547977089882 0.9996504783630371 -0.010425640270113945 -2.0024871826171875 -0.09230475127696991 0.008141035214066505 0.995697557926178 104.4952392578125
0.9922797679901123 0.022510893642902374 0.12195981293916702 -3.167416572570801 -0.021241765469312668 0.999705970287323 -0.011696485802531242 -2.015061378479004 -0.12218724191188812 0.009015543386340141 0.992466151714325 104.8868408203125
0.9877986907958984 0.02037210948765278 0.15439845621585846 -3.0807995796203613 -0.01844889111816883 0.9997335076332092 -0.013878978788852692 -2.0265777111053467 -0.15464001893997192 0.01086115650832653 0.9879112243652344 105.26544189453125
0.9816364049911499 0.017686430364847183 0.1899399608373642 -2.977872610092163 -0.01504641491919756 0.9997692704200745 -0.01533241756260395 -2.0444610118865967 -0.19016730785369873 0.012192942202091217 0.9816759824752808 105.63735961914062
0.9734672904014587 0.014469822868704796 0.22836853563785553 -2.8671281337738037 -0.011051689274609089 0.9998071789741516 -0.016239404678344727 -2.0564823150634766 -0.2285594493150711 0.013284671120345592 0.9734393358230591 105.9941635131836
0.9632954001426697 0.012581024318933487 0.2681487202644348 -2.746406078338623 -0.008320813067257404 0.9998205900192261 -0.017018042504787445 -2.0716018676757812 -0.2683146893978119 0.014162186533212662 0.9632272124290466 106.3171615600586
0.9508004784584045 0.013328265398740768 0.3095169961452484 -2.6043272018432617 -0.00817088596522808 0.9998054504394531 -0.01795309968292713 -2.092409372329712 -0.3096960186958313 0.014540786854922771 0.9507244825363159 106.65487670898438
0.9349660277366638 0.014906228519976139 0.35442399978637695 -2.4777774810791016 -0.008879211731255054 0.9997872114181519 -0.0186254121363163 -2.108154535293579 -0.3546261787414551 0.014267119579017162 0.9348993301391602 106.95382690429688
0.9168481826782227 0.015811217948794365 0.39892297983169556 -2.2951042652130127 -0.009337655268609524 0.9997915029525757 -0.01816568337380886 -2.1143364906311035 -0.39912694692611694 0.012930168770253658 0.9168044924736023 107.29444885253906
0.8961386680603027 0.014573794789612293 0.4435349404811859 -2.115051031112671 -0.00787795428186655 0.9998255372047424 -0.016935566440224648 -2.129329204559326 -0.44370436668395996 0.011682466603815556 0.8960970640182495 107.59627532958984
0.8728842735290527 0.012611022219061852 0.4877641797065735 -1.9193812608718872 -0.00480703916400671 0.9998396635055542 -0.017248110845685005 -2.148608684539795 -0.48790350556373596 0.012710903771221638 0.8728049993515015 107.86409759521484
0.8471712470054626 0.013449564576148987 0.5311497449874878 -1.7087242603302002 -0.0034979761112481356 0.9997990727424622 -0.019737331196665764 -2.1621005535125732 -0.5313084721565247 0.014862949028611183 0.8470480442047119 108.14286804199219
0.8190391063690186 0.015462448820471764 0.5735293030738831 -1.4841699600219727 -0.002553509082645178 0.9997251033782959 -0.02330617979168892 -2.17838191986084 -0.5737319588661194 0.017624162137508392 0.818853497505188 108.41181182861328
0.7875673174858093 0.02012292854487896 0.615899920463562 -1.2487199306488037 -0.0039206985384225845 0.9996101260185242 -0.027646159753203392 -2.197096586227417 -0.6162161231040955 0.019358456134796143 0.7873391509056091 108.67762756347656
0.7538776397705078 0.025976095348596573 0.6565011143684387 -0.9864969253540039 -0.006995329167693853 0.999478816986084 -0.03151393681764603 -2.2110328674316406 -0.6569775342941284 0.01916521042585373 0.7536664605140686 108.92657470703125
0.7159568071365356 0.030731575563549995 0.6974678635597229 -0.7160816788673401 -0.00853997003287077 0.9993413686752319 -0.035266268998384476 -2.215193510055542 -0.6980923414230347 0.019292769953608513 0.7157477736473083 109.1709976196289
0.677281379699707 0.03123045712709427 0.7350610494613647 -0.4117847979068756 -0.0066577172838151455 0.9993178844451904 -0.03632352501153946 -2.231872320175171 -0.7356939315795898 0.019707420840859413 0.6770272850990295 109.38687133789062
0.6366548538208008 0.02824592962861061 0.7706313729286194 -0.09449538588523865 -0.002071572933346033 0.9993879795074463 -0.03491911664605141 -2.246549129486084 -0.7711459994316101 0.020635006949305534 0.6363237500190735 109.57112121582031
0.5931615233421326 0.02682401053607464 0.8046364784240723 0.22184908390045166 0.0006041188025847077 0.9994297027587891 -0.033763136714696884 -2.245190143585205 -0.8050832748413086 0.02051308937370777 0.5928069949150085 109.7392578125
0.5466801524162292 0.025317689403891563 0.836958646774292 0.5658736228942871 0.0021025624591857195 0.999498188495636 -0.031607791781425476 -2.2544045448303223 -0.8373388051986694 0.019039111211895943 0.5463525652885437 109.92184448242188
0.49853506684303284 0.022801371291279793 0.8665695190429688 0.9199517369270325 0.0038063887041062117 0.9995867013931274 -0.028491156175732613 -2.2696940898895264 -0.8668612241744995 0.01750233955681324 0.49824225902557373 110.07991027832031
0.4473423659801483 0.018925363197922707 0.8941624760627747 1.2909908294677734 0.006802551914006472 0.9996750950813293 -0.024561848491430283 -2.285853862762451 -0.8943369388580322 0.017070138826966286 0.4470682740211487 110.2306900024414
0.3947535455226898 0.019418781623244286 0.9185817837715149 1.6425857543945312 0.003065313445404172 0.9997432231903076 -0.022451823577284813 -2.3094019889831543 -0.9187819361686707 0.011678677052259445 0.39459261298179626 110.35070037841797
0.3431857228279114 0.024422934278845787 0.9389500021934509 2.024308919906616 -0.00043465092312544584 0.9996659159660339 -0.025843344628810883 -2.3247337341308594 -0.9392674565315247 0.00846095010638237 0.34308165311813354 110.46105194091797
0.29306167364120483 0.029248222708702087 0.9556460380554199 2.408222198486328 -0.0005293969297781587 0.9995367527008057 -0.030429184436798096 -2.3408453464508057 -0.9560933709144592 0.00841171108186245 0.2929413616657257 110.54129791259766
0.24636401236057281 0.03138783574104309 0.9686689376831055 2.8084089756011963 0.0012000729329884052 0.999464750289917 -0.03269093111157417 -2.354130506515503 -0.9691766500473022 0.009216342121362686 0.24619445204734802 110.61058044433594
0.2051919847726822 0.031079960986971855 0.9782280921936035 3.230438470840454 0.008489251136779785 0.9994015097618103 -0.03353337198495865 -2.3730416297912598 -0.9786849021911621 0.015185203403234482 0.20480532944202423 110.65938568115234
0.1696750372648239 0.031174490228295326 0.9850069284439087 3.6680567264556885 0.016094660386443138 0.9992785453796387 -0.034398604184389114 -2.3868300914764404 -0.9853686094284058 0.02168993279337883 0.16905085742473602 110.70594024658203
0.13938593864440918 0.0321926549077034 0.9897146821022034 4.090555667877197 0.02145930379629135 0.9991384744644165 -0.03552139177918434 -2.406240940093994 -0.990005612373352 0.0261897724121809 0.13857503235340118 110.73583221435547
0.11138976365327835 0.03036750666797161 0.993312656879425 4.5621514320373535 0.019780952483415604 0.9992672204971313 -0.03276776894927025 -2.427309513092041 -0.9935799837112427 0.02329866588115692 0.11070743203163147 110.77165985107422
0.08576790243387222 0.02690667100250721 0.995951771736145 5.054728031158447 0.013911204412579536 0.9995054602622986 -0.028200663626194 -2.44071626663208 -0.9962180852890015 0.016273600980639458 0.08535119146108627 110.8117904663086
0.06209538131952286 0.022872459143400192 0.9978081583976746 5.559647560119629 0.009130442515015602 0.9996824860572815 -0.023483630269765854 -2.4597744941711426 -0.9980284571647644 0.010568656027317047 0.06186684966087341 110.83705139160156
0.03952657803893089 0.020573388785123825 0.9990066885948181 6.088111877441406 0.012848759070038795 0.9996948838233948 -0.02109593339264393 -2.4814133644104004 -0.9991359114646912 0.013669847510755062 0.03925019130110741 110.84320831298828
0.019407430663704872 0.021081140264868736 0.9995893836021423 6.625858306884766 0.021569320932030678 0.9995361566543579 -0.021498791873455048 -2.503897190093994 -0.9995790123939514 0.021977704018354416 0.01894371211528778 110.82328796386719
0.0016992454184219241 0.023819293826818466 0.9997147917747498 7.179266929626465 0.025500955060124397 0.9993901252746582 -0.023854900151491165 -2.5229036808013916 -0.9996733665466309 0.025534221902489662 0.0010907945688813925 110.81722259521484
-0.012685684487223625 0.029241694137454033 0.9994918704032898 7.751774787902832 0.0259498693048954 0.9992452263832092 -0.028905117884278297 -2.5355136394500732 -0.9995827078819275 0.02557000145316124 -0.013434928841888905 110.8029556274414
-0.023531198501586914 0.03389207273721695 0.9991484880447388 8.348902702331543 0.024303272366523743 0.9991491436958313 -0.03331972658634186 -2.546503782272339 -0.9994276165962219 0.023498523980379105 -0.024334866553544998 110.79139709472656
-0.030390145257115364 0.03359122574329376 0.9989734888076782 8.966645240783691 0.024804934859275818 0.9991527199745178 -0.03284265100955963 -2.5750622749328613 -0.9992302060127258 0.02378137968480587 -0.031197620555758476 110.77244567871094
-0.03233426436781883 0.030747516080737114 0.9990040063858032 9.613913536071777 0.03208097442984581 0.9990435838699341 -0.02971038408577442 -2.590949296951294 -0.9989621043205261 0.03108835220336914 -0.033289749175310135 110.73535919189453
-0.031705547124147415 0.028939396142959595 0.9990782141685486 10.269665718078613 0.03343730792403221 0.9990519285202026 -0.027877509593963623 -2.6164193153381348 -0.9989378452301025 0.03252261132001877 -0.032643143087625504 110.70927429199219
-0.030062412843108177 0.028502115979790688 0.9991415739059448 10.939108848571777 0.03211674466729164 0.9991047382354736 -0.02753473073244095 -2.6432809829711914 -0.9990318417549133 0.03126141056418419 -0.030950894579291344 110.69602966308594
-0.028051024302840233 0.02886107936501503 0.9991897344589233 11.636054039001465 0.029536781832575798 0.9991705417633057 -0.02803131565451622 -2.669903516769409 -0.9991699457168579 0.028726544231176376 -0.028880219906568527 110.67577362060547
-0.026858802884817123 0.030089879408478737 0.9991862177848816 12.351547241210938 0.028637953102588654 0.9991596937179565 -0.029319271445274353 -2.690380573272705 -0.9992288947105408 0.027827167883515358 -0.02769794501364231 110.66132354736328
-0.02633880265057087 0.0308692567050457 0.9991762638092041 13.072641372680664 0.02805783413350582 0.9991521239280701 -0.03012888692319393 -2.7207117080688477 -0.9992592334747314 0.027241162955760956 -0.02718259207904339 110.6557388305664
-0.02512306720018387 0.030600596219301224 0.9992159008979797 13.825889587402344 0.027547968551516533 0.9991729855537415 -0.02990664914250374 -2.7477314472198486 -0.9993047118186951 0.026775017380714417 -0.025945274159312248 110.63626861572266
