1.0 -1.8607091760713956e-06 -2.0364275314932456e-06 1.3953468624094967e-05 1.860707357081992e-06 1.0 -8.633933816781791e-07 4.267735221219482e-06 2.036429350482649e-06 8.633896300125343e-07 1.0 -1.3465659094435978e-06
0.9999973177909851 0.0010410898830741644 0.0020677237771451473 -0.009313086979091167 -0.0010388445807620883 0.9999988675117493 -0.0010866712545976043 -0.016830751672387123 -0.0020688525401055813 0.0010845203651115298 0.9999972581863403 1.2061569690704346
0.9999833703041077 0.001839424716308713 0.005466933362185955 -0.042454794049263 -0.0018308383878320456 0.9999970197677612 -0.0015752215404063463 -0.02576560713350773 -0.005469814874231815 0.001565186190418899 0.9999837875366211 2.3959567546844482
0.9999741911888123 0.0013285625027492642 0.007059802301228046 -0.04531101509928703 -0.0013187569566071033 0.9999980926513672 -0.00139341177418828 -0.044458307325839996 -0.0070616393350064754 0.0013840654864907265 0.9999741315841675 3.5904057025909424
0.9999666810035706 0.00123235781211406 0.008069821633398533 -0.040956705808639526 -0.001220047241076827 0.9999980926513672 -0.0015302420360967517 -0.06560395658016205 -0.008071690797805786 0.0015203454531729221 0.9999663233757019 4.79100227355957
0.9999635815620422 0.0009767155861482024 0.008469617925584316 -0.03330530226230621 -0.0009671119623817503 0.9999988079071045 -0.0011379106435924768 -0.09016509354114532 -0.008470718748867512 0.0011296781012788415 0.9999634623527527 5.988491535186768
0.9999592304229736 0.0011373955057933927 0.008961272425949574 -0.024166591465473175 -0.001117925625294447 0.9999969601631165 -0.002177389105781913 -0.11291652172803879 -0.008963722735643387 0.002167282160371542 0.9999574422836304 7.19189977645874
0.9999504685401917 0.0008149786735884845 0.009919865056872368 -0.017748024314641953 -0.0007933774613775313 0.9999972581863403 -0.0021813171915709972 -0.14119356870651245 -0.009921615943312645 0.00217333878390491 0.9999484419822693 8.393341064453125
0.9999520182609558 0.0006609652773477137 0.009769093245267868 -0.007498779334127903 -0.0006561266491189599 0.9999996423721313 -0.0004984919796697795 -0.16754142940044403 -0.009769421070814133 0.0004920581704936922 0.9999521374702454 9.607035636901855
0.9999637603759766 0.00018333911430090666 0.008510272018611431 -0.006163735408335924 -0.0001873475848697126 0.9999998807907104 0.00047022607759572566 -0.1898079216480255 -0.008510186336934566 -0.0004718035052064806 0.999963641166687 10.796592712402344
0.9999817609786987 -0.0013311078073456883 0.005891428794711828 0.001961133908480406 0.001330763683654368 0.9999991059303284 6.229631981113926e-05 -0.2150166928768158 -0.005891506560146809 -5.445505303214304e-05 0.9999826550483704 12.028205871582031
0.9999911189079285 -0.0010369940428063273 0.004089005291461945 -0.005734181497246027 0.001038300571963191 0.999999463558197 -0.00031741175916977227 -0.23390546441078186 -0.0040886737406253815 0.0003216546028852463 0.9999915957450867 13.22651481628418
0.9999958872795105 -0.0010926261311396956 0.002632725052535534 -0.0025942251086235046 0.0010939264902845025 0.9999992847442627 -0.0004924570675939322 -0.2575506567955017 -0.0026321846526116133 0.0004953350871801376 0.9999964237213135 14.419548034667969
0.9999972581863403 0.00034859098377637565 0.0023168562911450863 -0.014957919716835022 -0.00034626389970071614 0.999999463558197 -0.0010047656251117587 -0.2740161418914795 -0.0023172053042799234 0.0010039606131613255 0.9999968409538269 15.606378555297852
0.999998152256012 0.0001773777767084539 0.00191136181820184 -0.020427700132131577 -0.00017566053429618478 0.9999995827674866 -0.0008985733147710562 -0.2950129210948944 -0.0019115202594548464 0.000898235768545419 0.9999978542327881 16.808452606201172
0.9999992847442627 -0.0007826078217476606 0.000924707215745002 -0.019435368478298187 0.0007831139373593032 0.9999996423721313 -0.0005468142917379737 -0.3157069683074951 -0.0009242789819836617 0.0005475381040014327 0.999999463558197 17.995121002197266
0.9999995827674866 -0.0006708460277877748 0.0006598918116651475 -0.021700715646147728 0.0006707993452437222 0.9999997615814209 7.044048106763512e-05 -0.3433991074562073 -0.0006599389016628265 -6.999785546213388e-05 0.9999997615814209 19.192501068115234
0.9999997615814209 -0.00047695249668322504 -0.0005683153285644948 -0.023294059559702873 0.0004765201301779598 0.9999995827674866 -0.0007603100384585559 -0.36690300703048706 0.0005686781369149685 0.000760038907174021 0.9999995827674866 20.387508392333984
0.9999995231628418 -0.0009468718199059367 -0.00019681516278069466 -0.04300325736403465 0.0009465437615290284 0.9999980926513672 -0.0016614252235740423 -0.3922363519668579 0.0001983873953577131 0.0016612382605671883 0.9999986290931702 21.602148056030273
0.9999995231628418 0.0001968174328794703 -0.0009154838626272976 -0.0492134653031826 -0.00019791106751654297 0.9999992251396179 -0.0011945958249270916 -0.41152840852737427 0.0009152478305622935 0.001194776501506567 0.999998927116394 22.79983139038086
0.9999986886978149 -0.00015240143693517894 -0.001594293862581253 -0.06307568401098251 0.00015024864114820957 0.9999991059303284 -0.001350284437648952 -0.4365239143371582 0.0015944986371323466 0.0013500432251021266 0.9999977946281433 23.99047088623047
0.9999969005584717 -2.8196927814860828e-05 -0.00247939326800406 -0.07418054342269897 2.315290112164803e-05 0.9999979734420776 -0.0020344099029898643 -0.4586249887943268 0.002479445654898882 0.002034346340224147 0.9999948740005493 25.183320999145508
0.9999936819076538 0.00023827995755709708 -0.003549315733835101 -0.08124992996454239 -0.00024204143846873194 0.9999994039535522 -0.0010594085324555635 -0.4875001907348633 0.0035490612499415874 0.0010602609254419804 0.9999931454658508 26.373613357543945
0.9999900460243225 -0.0014378043124452233 -0.004224573727697134 -0.09243900328874588 0.0014411010779440403 0.9999986886978149 0.0007775197154842317 -0.5100842714309692 0.0042234500870108604 -0.0007835999131202698 0.9999907612800598 27.57781219482422
0.9999861717224121 -0.0012557110749185085 -0.005103358533233404 -0.10134584456682205 0.0012596549931913614 0.999998927116394 0.0007696861866861582 -0.5316319465637207 0.005102385766804218 -0.0007761039305478334 0.9999867081642151 28.766151428222656
0.9999796152114868 -0.0020458989311009645 -0.00603810790926218 -0.11426331102848053 0.002046489156782627 0.9999979138374329 9.156783198704943e-05 -0.5546672940254211 0.006037907674908638 -0.00010392269905423746 0.9999818205833435 29.964086532592773
0.99997478723526 -0.00219022948294878 -0.006751487031579018 -0.12414967268705368 0.002182831522077322 0.9999969601631165 -0.0011028943117707968 -0.5723512172698975 0.006753882393240929 0.001088129123672843 0.9999765753746033 31.157203674316406
0.9999707341194153 -0.0016089316923171282 -0.007481176406145096 -0.14004218578338623 0.0016018940368667245 0.9999982714653015 -0.0009466632618568838 -0.594694972038269 0.0074826860800385475 0.0009346515289507806 0.9999715089797974 32.350582122802734
0.9999656081199646 -0.0016070384299382567 -0.008138664998114109 -0.15553897619247437 0.0016031069681048393 0.9999985694885254 -0.000489555299282074 -0.6164003014564514 0.008139439858496189 0.00047649131738580763 0.9999668002128601 33.556190490722656
0.9999600052833557 -0.0023440332151949406 -0.00862972717732191 -0.17004942893981934 0.0023424476385116577 0.9999972581863403 -0.00019378482829779387 -0.6386290788650513 0.008630159310996532 0.00017356249736621976 0.9999626874923706 34.75246810913086
0.9999512434005737 -0.00301917502656579 -0.009394101798534393 -0.17983806133270264 0.003021041862666607 0.9999953508377075 0.00018449676281306893 -0.664676308631897 0.009393504820764065 -0.00021286772971507162 0.9999558925628662 35.9524040222168
0.9999459385871887 -0.0030517922714352608 -0.009941186755895615 -0.1963219791650772 0.0030499917920678854 0.9999953508377075 -0.00019627262372523546 -0.6845510005950928 0.009941739030182362 0.00016594135377090424 0.9999505877494812 37.147705078125
0.9999434351921082 -0.0038159536197781563 -0.009920055978000164 -0.21299485862255096 0.0038216488901525736 0.9999925494194031 0.0005552353104576468 -0.7086406350135803 0.009917862713336945 -0.000593115109950304 0.9999505877494812 38.34474563598633
0.9999445080757141 -0.0032774514984339476 -0.010010150261223316 -0.22831286489963531 0.0032933990005403757 0.9999933242797852 0.0015770504251122475 -0.7226191759109497 0.010004914365708828 -0.0016099304193630815 0.9999486207962036 39.54853439331055
0.9999394416809082 -0.0029883452225476503 -0.010591438040137291 -0.23653164505958557 0.0030132541432976723 0.9999927282333374 0.0023366238456219435 -0.7441140413284302 0.010584376752376556 -0.002368396846577525 0.9999412298202515 40.74080276489258
0.9999473094940186 -0.002359256613999605 -0.009988146834075451 -0.2599231004714966 0.00237847026437521 0.9999953508377075 0.0019122023368254304 -0.7628359198570251 0.009983590804040432 -0.0019358583958819509 0.999948263168335 41.93907165527344
0.9999527335166931 -0.0013212283374741673 -0.009628113359212875 -0.27797892689704895 0.0013359549921005964 0.9999979734420776 0.0015232774894684553 -0.7753176689147949 0.009626082144677639 -0.0015360683901235461 0.999952495098114 43.13493347167969
0.9999587535858154 0.001191333052702248 -0.009001399390399456 -0.29876843094825745 -0.0011583470040932298 0.9999926686286926 0.0036688917316496372 -0.7956641316413879 0.009005703032016754 -0.0036583137698471546 0.9999527335166931 44.35045623779297
0.9999719858169556 0.0011747502721846104 -0.007396380417048931 -0.31837454438209534 -0.0011230605887249112 0.9999749660491943 0.006988785229623318 -0.8193042278289795 0.0074044037610292435 -0.006980282254517078 0.9999481439590454 45.54412078857422
0.9999839663505554 0.0015961326425895095 -0.005435452796518803 -0.3375198245048523 -0.0015439753187820315 0.9999528527259827 0.009586432948708534 -0.8287153840065002 0.005450497847050428 -0.009577886201441288 0.9999392628669739 46.74248123168945
0.9999903440475464 0.0019214209169149399 -0.00397650757804513 -0.3415386378765106 -0.001869949046522379 0.9999149441719055 0.012907478958368301 -0.8353783488273621 0.00400096969678998 -0.012899916619062424 0.9999087452888489 47.939796447753906
0.9999963045120239 0.0010518665658310056 -0.0025039026513695717 -0.3607902526855469 -0.0010157040087506175 0.9998957514762878 0.014400240033864975 -0.8487223386764526 0.002518788678571582 -0.014397645369172096 0.9998931288719177 49.14905548095703
0.9999992847442627 -0.0009017125703394413 -0.0007789185037836432 -0.36699119210243225 0.0009117130539380014 0.9999158978462219 0.012935689650475979 -0.8531330227851868 0.0007671892526559532 -0.012936391867697239 0.9999160170555115 50.36294174194336
0.9999998211860657 0.0004631149349734187 0.00044514911132864654 -0.3756946325302124 -0.0004681382852140814 0.9999353885650635 0.01135148573666811 -0.8597859144210815 -0.0004398641176521778 -0.01135168969631195 0.9999353885650635 51.55263137817383
0.9999996423721313 0.00035494184703566134 0.0008039389504119754 -0.3745477795600891 -0.00036367037682794034 0.9999406933784485 0.010883116163313389 -0.865912914276123 -0.0008000285015441477 -0.01088340487331152 0.9999404549598694 52.761688232421875
0.9999996423721313 1.4641784218838438e-05 0.0008149748900905252 -0.3792210817337036 -2.3143449652707204e-05 0.9999455213546753 0.010432674549520016 -0.8745453953742981 -0.0008147779735736549 -0.01043268945068121 0.9999452233314514 53.954524993896484
0.9999993443489075 -0.001012576394714415 0.0005505248554982245 -0.3861372172832489 0.0010074801975861192 0.9999575018882751 0.009179740212857723 -0.8850501179695129 -0.0005597968702204525 -0.00917917862534523 0.9999576807022095 55.17318344116211
0.9999989867210388 -0.0006589274853467941 -0.0012748234439641237 -0.3904765546321869 0.0006713132024742663 0.9999524354934692 0.009739469736814499 -0.891936182975769 0.001268345513381064 -0.009740312583744526 0.9999518394470215 56.387664794921875
0.9999958872795105 -0.0011746393283829093 -0.0026713809929788113 -0.4001779556274414 0.0012040192959830165 0.9999385476112366 0.011023130267858505 -0.9068863987922668 0.0026582684367895126 -0.011026299558579922 0.9999356865882874 57.58140182495117
0.9999932050704956 -0.0015892147785052657 -0.0033424075227230787 -0.4118809401988983 0.0016269916668534279 0.9999346137046814 0.011330090463161469 -0.9147460460662842 0.0033241822384297848 -0.01133545022457838 0.999930202960968 58.78907775878906
0.9999898076057434 -0.0003137396997772157 -0.004504338372498751 -0.41917234659194946 0.0003650437865871936 0.9999350309371948 0.011393592692911625 -0.9281179904937744 0.00450047105550766 -0.011395118199288845 0.999924898147583 59.98783493041992
0.9999864101409912 4.520654329098761e-05 -0.00521893659606576 -0.42907553911209106 1.1923900274268817e-05 0.9999401569366455 0.01094615925103426 -0.9319422841072083 0.005219119135290384 -0.01094607263803482 0.9999264478683472 61.192848205566406
0.9999858140945435 -0.0014143347507342696 -0.005132541060447693 -0.4432235658168793 0.0014693551929667592 0.999941349029541 0.010732128284871578 -0.9458307027816772 0.005117061082273722 -0.010739519260823727 0.9999292492866516 62.39523696899414
0.999982476234436 -0.002426574705168605 -0.005398143548518419 -0.45326298475265503 0.002480632858350873 0.9999465942382812 0.010030229575932026 -0.9570670127868652 0.0053735156543552876 -0.010043444111943245 0.9999351501464844 63.60447311401367
0.9999785423278809 -0.003051863284781575 -0.005794337019324303 -0.4624517261981964 0.0031174502801150084 0.999930739402771 0.01134413480758667 -0.9729804992675781 0.0057593141682446 -0.011361953802406788 0.9999188780784607 64.78963470458984
0.9999754428863525 -0.003441580105572939 -0.0061111473478376865 -0.47142088413238525 0.003518779296427965 0.9999135732650757 0.012667116709053516 -0.9774850606918335 0.006067023612558842 -0.012688307091593742 0.9999011158943176 65.99323272705078
0.9999765753746033 -0.002808123594149947 -0.006246205419301987 -0.49100735783576965 0.0028797646518796682 0.9999298453330994 0.011490175500512123 -0.9929006695747375 0.0062135024927556515 -0.011507891118526459 0.9999144673347473 67.18926239013672
0.999983012676239 -0.0007958791102282703 -0.005775019526481628 -0.5123227834701538 0.0008544771699234843 0.9999480843544006 0.01015136856585741 -0.9988309741020203 0.005766641348600388 -0.01015612855553627 0.9999317526817322 68.38729095458984
0.9999812245368958 0.001135443802922964 -0.006013269070535898 -0.523949384689331 -0.0010715961689129472 0.9999431371688843 0.0106103690341115 -1.0102474689483643 0.0060249739326536655 -0.010603727772831917 0.9999255537986755 69.58323669433594
0.9999768137931824 0.003455538535490632 -0.005862169899046421 -0.5384519100189209 -0.0033937578555196524 0.99993896484375 0.01051627192646265 -1.0143966674804688 0.005898151081055403 -0.01049613393843174 0.9999274611473083 70.7716064453125
0.9999734163284302 0.004384292755275965 -0.0058303712867200375 -0.5548384189605713 -0.004318438936024904 0.999927282333374 0.01125994510948658 -1.0263272523880005 0.005879316013306379 -0.011234466917812824 0.999919593334198 71.97505950927734
0.9999760985374451 0.005157201085239649 -0.00461619021371007 -0.5703694820404053 -0.005100962705910206 0.9999136924743652 0.012112698517739773 -1.0328624248504639 0.004678261466324329 -0.012088860385119915 0.9999160170555115 73.17012023925781
0.9999717473983765 0.006838415749371052 -0.0031345058232545853 -0.5765345692634583 -0.0067982967011630535 0.9998970627784729 0.01263604685664177 -1.0376516580581665 0.0032205942552536726 -0.012614377774298191 0.9999152421951294 74.36573028564453
0.9999842047691345 0.0056001897901296616 -0.00028916451265104115 -0.5799648761749268 -0.005596696864813566 0.9999246597290039 0.01092339213937521 -1.0530792474746704 0.0003503159387037158 -0.010921601206064224 0.9999402761459351 75.54391479492188
0.9999935030937195 0.0029535694047808647 0.0020499920938163996 -0.5797125101089478 -0.0029651219956576824 0.999979555606842 0.005655598361045122 -1.0608447790145874 -0.0020332462154328823 -0.00566164031624794 0.9999819397926331 76.71814727783203
0.9999815225601196 0.003875714959576726 0.004687786567956209 -0.5774113535881042 -0.0039019500836730003 0.9999766945838928 0.005600342061370611 -1.0766452550888062 -0.0046659717336297035 -0.005618530325591564 0.9999733567237854 77.90733337402344
0.9999716281890869 0.0025657766964286566 0.007086751516908407 -0.569893479347229 -0.002631237031891942 0.9999538064002991 0.009243077598512173 -1.0913079977035522 -0.007062708493322134 -0.009261461906135082 0.9999321699142456 79.09033966064453
0.9999420642852783 0.002953033661469817 0.010348201729357243 -0.5613446235656738 -0.0030599304009228945 0.9999419450759888 0.010329442098736763 -1.1006314754486084 -0.010317097418010235 -0.01036051008850336 0.9998931288719177 80.26923370361328
0.9998908638954163 0.003004926024004817 0.014468718320131302 -0.55135178565979 -0.003131776349619031 0.9999567270278931 0.008752544410526752 -1.111372947692871 -0.01444179192185402 -0.008796902373433113 0.9998570680618286 81.43729400634766
0.999832808971405 0.0018083518370985985 0.018194297328591347 -0.537322998046875 -0.0019116841722279787 0.9999820590019226 0.005663581658154726 -1.1252341270446777 -0.018183734267950058 -0.005697416141629219 0.9998184442520142 82.60250091552734
0.9997659921646118 0.0004926272085867822 0.021623391658067703 -0.5161709189414978 -0.0005396279157139361 0.9999974966049194 0.002167826984077692 -1.1402090787887573 -0.021622268483042717 -0.002178988652303815 0.9997637867927551 83.76311492919922
0.999683141708374 0.00020986302115488797 0.02517029270529747 -0.49112218618392944 -0.00024234496231656522 0.9999991655349731 0.001287449267692864 -1.157467246055603 -0.02516999840736389 -0.00129314127843827 0.9996823668479919 84.91877746582031
0.9995894432067871 -0.000247350602876395 0.028649650514125824 -0.46275022625923157 0.00015855483070481569 0.9999951720237732 0.003101600334048271 -1.1786385774612427 -0.028650283813476562 -0.003095784457400441 0.9995846152305603 86.08609771728516
0.9994704127311707 0.000981024350039661 0.032525889575481415 -0.43888649344444275 -0.0011111877392977476 0.9999914765357971 0.003984010312706232 -1.2033705711364746 -0.032521702349185944 -0.004018042702227831 0.999462902545929 87.25276947021484
0.9993447065353394 0.0004225440206937492 0.036194223910570145 -0.3967350125312805 -0.0004750817606691271 0.9999988675117493 0.0014429626753553748 -1.218428134918213 -0.036193571984767914 -0.0014592122752219439 0.999343752861023 88.39948272705078
0.999224066734314 0.000241145578911528 0.03938640281558037 -0.3558885157108307 -0.00022004693164490163 0.9999998807907104 -0.0005400177324190736 -1.2409580945968628 -0.03938652202486992 0.0005309319240041077 0.9992238879203796 89.5474853515625
0.9990898966789246 0.0004891438293270767 0.04265068843960762 -0.312589555978775 -0.0004418340977281332 0.9999992847442627 -0.0011186589254066348 -1.256496787071228 -0.042651206254959106 0.001098796259611845 0.9990894198417664 90.71380615234375
0.9989590644836426 -0.00024105474585667253 0.04561494663357735 -0.26357683539390564 0.0002354540629312396 0.9999999403953552 0.00012815502122975886 -1.275439739227295 -0.045614972710609436 -0.00011728158278856426 0.9989591240882874 91.87120819091797
0.9988259673118591 -0.00155168236233294 0.04841984808444977 -0.2158958464860916 0.0014725134242326021 0.9999974966049194 0.0016706871101632714 -1.2984293699264526 -0.048422329127788544 -0.0015974262496456504 0.9988256692886353 93.02592468261719
0.9986950755119324 -0.002348759677261114 0.0510164275765419 -0.15727461874485016 0.0021780047100037336 0.999991774559021 0.003402390517294407 -1.3144745826721191 -0.05102400481700897 -0.003286836901679635 0.9986920356750488 94.18501281738281
0.9985761046409607 -0.003961371723562479 0.05320003628730774 -0.0910191535949707 0.003738678991794586 0.9999838471412659 0.004284813534468412 -1.3291840553283691 -0.053216155618429184 -0.004079814534634352 0.9985747337341309 95.34545135498047
0.9984380006790161 -0.004770709201693535 0.05566612631082535 -0.039363060146570206 0.0046627395786345005 0.999987006187439 0.0020693272817879915 -1.3461521863937378 -0.05567526817321777 -0.0018065384356305003 0.9984472990036011 96.48858642578125
0.9983040690422058 -0.006185391452163458 0.05788584426045418 0.027490388602018356 0.006281502079218626 0.9999791979789734 -0.001478550024330616 -1.363459587097168 -0.05787549540400505 0.0018396524246782064 0.998322069644928 97.64382934570312
0.998191773891449 -0.005434838589280844 0.05986372008919716 0.08960745483636856 0.005694698542356491 0.9999752044677734 -0.00417111674323678 -1.3844380378723145 -0.05983956158161163 0.004504479933530092 0.9981977939605713 98.80268096923828
0.9980871081352234 -0.005390080623328686 0.06158728152513504 0.15952438116073608 0.0057200295850634575 0.9999701380729675 -0.005182357970625162 -1.4062879085540771 -0.06155752018094063 0.005524726118892431 0.9980882406234741 99.97138977050781
0.9980701804161072 -0.005109662190079689 0.061885539442300797 0.22933262586593628 0.005394354462623596 0.9999755620956421 -0.004434103146195412 -1.4282463788986206 -0.061861373484134674 0.004759378731250763 0.998073399066925 101.14974212646484
0.998106837272644 -0.005413378588855267 0.061264924705028534 0.29298532009124756 0.0055755190551280975 0.9999815225601196 -0.0024758947547525167 -1.4593477249145508 -0.06125038489699364 0.0028127916157245636 0.9981184601783752 102.32769012451172
0.9981803297996521 -0.005512389354407787 0.060046352446079254 0.3547646105289459 0.005584423895925283 0.9999838471412659 -0.0010319012217223644 -1.477900743484497 -0.0600396953523159 0.0013653478818014264 0.9981950521469116 103.52617645263672
0.9982917904853821 -0.005315136164426804 0.05818300321698189 0.416089802980423 0.005338667891919613 0.9999856948852539 -0.00024900989956222475 -1.4966983795166016 -0.05818084627389908 0.0005592043744400144 0.9983059167861938 104.71248626708984
0.9984542727470398 -0.005115238483995199 0.05534517765045166 0.48343172669410706 0.005119269248098135 0.9999868869781494 6.895779370097443e-05 -1.5114636421203613 -0.055344805121421814 0.0002144755853805691 0.9984673261642456 105.9192123413086
0.998599112033844 -0.004449891392141581 0.05272494629025459 0.5327646732330322 0.0044464669190347195 0.9999900460243225 0.00018225019448436797 -1.5336686372756958 -0.05272523686289787 5.24448805663269e-05 0.9986090064048767 107.1087646484375
0.9987902045249939 -0.0028470929246395826 0.04909247159957886 0.5806667804718018 0.0028701985720545053 0.999995768070221 -0.0004001599445473403 -1.5473450422286987 -0.04909113049507141 0.0005405808333307505 0.9987941384315491 108.3123779296875
0.998984158039093 -0.002935621654614806 0.04496597871184349 0.6314972043037415 0.002942982129752636 0.9999956488609314 -9.751999459695071e-05 -1.5645239353179932 -0.04496550187468529 0.00022975516912993044 0.9989885091781616 109.51676940917969
0.9991627931594849 -0.002621166640892625 0.04082634672522545 0.6808215975761414 0.002573483157902956 0.9999958872795105 0.0012204574886709452 -1.586206078529358 -0.0408293753862381 -0.001114369835704565 0.9991655349731445 110.74130249023438
0.9993270039558411 -0.0019751815125346184 0.036628544330596924 0.7162283062934875 0.0019116118783131242 0.999996542930603 0.0017704543424770236 -1.6017680168151855 -0.03663191571831703 -0.001699243439361453 0.9993273615837097 111.94379425048828
0.9994794726371765 -0.001888524740934372 0.032205529510974884 0.7495946884155273 0.0018135582795366645 0.9999955296516418 0.002356792101636529 -1.6184817552566528 -0.032209835946559906 -0.0022971583530306816 0.9994784593582153 113.16236877441406
0.9996334910392761 -0.001278849202208221 0.02703828364610672 0.7833613157272339 0.0012146381195634604 0.9999963641166687 0.002391102956607938 -1.6325385570526123 -0.0270412415266037 -0.0023573848884552717 0.9996315240859985 114.38430786132812
0.9997506141662598 -0.000648463552352041 0.022319719195365906 0.8008018732070923 0.0005943127907812595 0.9999968409538269 0.0024326869752258062 -1.65541672706604 -0.022321229800581932 -0.002418815391138196 0.9997478723526001 115.62078094482422
0.9998508095741272 -0.00035923393443226814 0.017268402501940727 0.8133093118667603 0.0003220735234208405 0.999997615814209 0.0021546627394855022 -1.670505166053772 -0.017269136384129524 -0.0021487795747816563 0.9998485445976257 116.84405517578125
0.9999189376831055 0.0007513026357628405 0.012711362913250923 0.826349139213562 -0.0007699243142269552 0.9999986290931702 0.0014601332368329167 -1.688979983329773 -0.012710249051451683 -0.0014698016457259655 0.9999181628227234 118.07128143310547
0.9999532103538513 0.0026931774336844683 0.009290623478591442 0.8306416273117065 -0.0027062506414949894 0.9999953508377075 0.0013948481064289808 -1.7058932781219482 -0.009286823682487011 -0.0014199258293956518 0.9999558925628662 119.30299377441406
0.9999662041664124 0.004314960911870003 0.006998533848673105 0.8334656357765198 -0.004325841553509235 0.9999894499778748 0.0015403060242533684 -1.7234466075897217 -0.006991813890635967 -0.001570528489537537 0.9999743700027466 120.5245132446289
0.9999626874923706 0.00582555728033185 0.006374245975166559 0.8226620554924011 -0.0058327531442046165 0.9999822974205017 0.0011108698090538383 -1.7456409931182861 -0.006367662455886602 -0.0011480078101158142 0.9999790191650391 121.7833023071289
0.9999552965164185 0.008075003512203693 0.004922482185065746 0.8257312774658203 -0.008083195425570011 0.9999659657478333 0.0016465350054204464 -1.7655131816864014 -0.004909018985927105 -0.0016862507909536362 0.9999865293502808 123.02359771728516
0.9999470710754395 0.009354880079627037 0.0042667812667787075 0.8192624449729919 -0.009364677593111992 0.9999535083770752 0.0022818909492343664 -1.7798314094543457 -0.004245235584676266 -0.0023217271082103252 0.999988317489624 124.25446319580078
0.9999517798423767 0.009040746837854385 0.0038340063765645027 0.813544750213623 -0.009050562046468258 0.9999557733535767 0.0025505044031888247 -1.7936021089553833 -0.0038107784930616617 -0.002585081849247217 0.99998939037323 125.5014419555664
0.999914824962616 0.012743442319333553 0.002800654387101531 0.8105165362358093 -0.01275646686553955 0.9999076128005981 0.004682589787989855 -1.8111330270767212 -0.0027407235465943813 -0.004717917647212744 0.9999850988388062 126.7487564086914
0.999902069568634 0.013796336017549038 0.0023228973150253296 0.8013384938240051 -0.013813845813274384 0.9998749494552612 0.007698929402977228 -1.8209526538848877 -0.002216388937085867 -0.007730265147984028 0.9999676942825317 127.9846420288086
0.9999210238456726 0.012490155175328255 0.001389010576531291 0.8049121499061584 -0.012499861419200897 0.9998958706855774 0.007213294971734285 -1.8329792022705078 -0.0012987697264179587 -0.00723008718341589 0.9999730587005615 129.23843383789062
0.9999260306358337 0.012145966291427612 0.000583666143938899 0.8042625188827515 -0.012149280868470669 0.9999078512191772 0.006055991165339947 -1.8458670377731323 -0.000510056153871119 -0.006062634289264679 0.9999815821647644 130.4818878173828
0.9999505877494812 0.00992393959313631 0.0005072847125120461 0.7873113751411438 -0.009927166625857353 0.9999274611473083 0.006808621808886528 -1.8525381088256836 -0.0004396787553559989 -0.00681332079693675 0.9999766945838928 131.7510986328125
0.9999744892120361 0.007121647242456675 -0.0006592990248464048 0.7882418632507324 -0.007115662097930908 0.9999370574951172 0.008675459772348404 -1.8616641759872437 0.0007210417534224689 -0.008670546114444733 0.9999622106552124 133.00755310058594
0.9999914169311523 0.004072529263794422 -0.0007269807392731309 0.78414386510849 -0.004064744338393211 0.9999375939369202 0.010406825691461563 -1.872210144996643 0.0007693174993619323 -0.010403781197965145 0.9999455809593201 134.26947021484375
0.9999964237213135 0.002194751286879182 -0.0014984317822381854 0.7841482758522034 -0.002177400980144739 0.9999316930770874 0.011483931913971901 -1.8787310123443604 0.0015235338360071182 -0.01148062851279974 0.9999329447746277 135.53524780273438
0.9999966621398926 -0.002376843709498644 -0.0009911124361678958 0.7788273096084595 0.0023861511144787073 0.9999520182609558 0.00949792005121708 -1.8847988843917847 0.0009684893302619457 -0.009500253945589066 0.9999544024467468 136.8087158203125
0.9999887347221375 -0.004612469580024481 -0.0010341223096475005 0.7763594388961792 0.004621254280209541 0.9999518394470215 0.008660433813929558 -1.8937660455703735 0.0009941254975274205 -0.008665116503834724 0.9999619722366333 138.0795135498047
0.9999819397926331 -0.005959519185125828 -0.0007575873169116676 0.7695710062980652 0.005965787451714277 0.9999455809593201 0.00855951476842165 -1.9063856601715088 0.0007065347745083272 -0.008563881739974022 0.9999630451202393 139.3496856689453
0.9999821186065674 -0.005983209237456322 -9.754075290402398e-05 0.7621670365333557 0.005983825773000717 0.999945342540741 0.008570017293095589 -1.9106940031051636 4.625943984137848e-05 -0.008570448495447636 0.9999632835388184 140.6364288330078
0.9999828338623047 -0.0058533381670713425 0.0001618745445739478 0.7599294781684875 0.005851278081536293 0.9999259114265442 0.010671861469745636 -1.9218778610229492 -0.0002243290946353227 -0.010670731775462627 0.9999430179595947 141.90859985351562
0.9999949336051941 -0.003027699189260602 0.0009903141763061285 0.7524709105491638 0.0030152404215186834 0.9999191761016846 0.012349648401141167 -1.9312524795532227 -0.001027625403366983 -0.012346598319709301 0.9999232292175293 143.2110137939453
0.999994158744812 -0.0030178928282111883 0.0015872475923970342 0.7482472062110901 0.0030010174959897995 0.999940037727356 0.010529479943215847 -1.9368467330932617 -0.0016189292073249817 -0.010524655692279339 0.9999432563781738 144.48634338378906
0.9999936819076538 -0.0029579487163573503 0.001951924292370677 0.7442114353179932 0.002940479665994644 0.9999560713768005 0.008892377838492393 -1.9519991874694824 -0.0019781419541686773 -0.008886579424142838 0.9999585747718811 145.75723266601562
0.9999920725822449 -0.0031450919341295958 0.0024530759546905756 0.7415398955345154 0.003129200777038932 0.999974250793457 0.006455314811319113 -1.963502287864685 -0.002473315689712763 -0.006447587627917528 0.9999761581420898 147.03224182128906
0.9999866485595703 -0.003979966975748539 0.003280534641817212 0.735845148563385 0.00397225096821785 0.9999893307685852 0.002355029108002782 -1.9815750122070312 -0.003289872780442238 -0.002341966610401869 0.9999918341636658 148.2886505126953
0.9999863505363464 -0.003879090305417776 0.0034985956735908985 0.7356125116348267 0.0038835073355585337 0.9999916553497314 -0.0012565943179652095 -2.0031931400299072 -0.0034936920274049044 0.0012701639207080007 0.999993085861206 149.5719451904297
0.9999842047691345 -0.004359106998890638 0.003551401663571596 0.7364060282707214 0.004366675391793251 0.9999881982803345 -0.002125908387824893 -2.025648355484009 -0.003542092861607671 0.002141382312402129 0.9999914765357971 150.8471221923828
0.9999826550483704 -0.004555596504360437 0.003721923101693392 0.7359144687652588 0.004563290160149336 0.9999876022338867 -0.002061292063444853 -2.0503575801849365 -0.0037124857772141695 0.0020782409701496363 0.9999909400939941 152.11602783203125
0.9999875426292419 -0.0038215594831854105 0.003201486077159643 0.7380028367042542 0.003826766274869442 0.9999913573265076 -0.0016221576370298862 -2.073880910873413 -0.003195259254425764 0.0016343888128176332 0.9999935626983643 153.37684631347656
0.9999897480010986 -0.0028126437682658434 0.0035485029220581055 0.7314770817756653 0.002814334351569414 0.9999959468841553 -0.00047148848534561694 -2.096505880355835 -0.00354716251604259 0.00048147031338885427 0.999993622303009 154.6337127685547
0.9999935626983643 -0.002231049118563533 0.0028300166595727205 0.733462393283844 0.002230245154350996 0.9999975562095642 0.00028735632076859474 -2.1207618713378906 -0.0028306504245847464 -0.0002810428268276155 0.9999960064888 155.9012451171875
0.9999940395355225 -0.0024148954544216394 0.0024494947865605354 0.730715811252594 0.0024153965059667826 0.999997079372406 -0.00020152365323156118 -2.142815351486206 -0.002449000719934702 0.0002074389049084857 0.9999969601631165 157.1699676513672
0.9999964833259583 -0.001963071059435606 0.0017359817866235971 0.7230861783027649 0.001962926471605897 0.9999980926513672 8.485722355544567e-05 -2.1643872261047363 -0.0017361452337354422 -8.144929597619921e-05 0.9999984502792358 158.4360809326172
0.9999966025352478 -0.002392342546954751 0.0010445942170917988 0.7241482734680176 0.0023910326417535543 0.9999963641166687 0.001254341215826571 -2.1870064735412598 -0.0010475923772901297 -0.0012518391013145447 0.9999986886978149 159.70864868164062
0.9999990463256836 -0.0012451502261683345 0.0005745245725847781 0.7119519114494324 0.0012440943391993642 0.9999975562095642 0.0018359704408794641 -2.209934949874878 -0.0005768095725215971 -0.0018352542538195848 0.999998152256012 160.9581756591797
0.9999995827674866 -0.000911091105081141 -0.0001605158468009904 0.7118110060691833 0.0009111790568567812 0.999999463558197 0.0005492421332746744 -2.228911876678467 0.00016001486801542342 -0.0005493881180882454 0.9999997615814209 162.23516845703125
0.9999994039535522 -0.0007030993583612144 -0.0008237269357778132 0.7027960419654846 0.0007027287501841784 0.9999997019767761 -0.00045010956819169223 -2.2540347576141357 0.0008240429451689124 0.0004495305474847555 0.999999463558197 163.5016326904297
0.9999990463256836 0.0004831834230571985 -0.0013147701974958181 0.6891914010047913 -0.0004836407315451652 0.9999998211860657 -0.00034752130159176886 -2.2778468132019043 0.0013146024430170655 0.00034815684193745255 0.9999990463256836 164.7637176513672
0.9999979138374329 0.0003149572294205427 -0.0020493529736995697 0.6776732802391052 -0.0003176791360601783 0.9999990463256836 -0.00132791418582201 -2.2988390922546387 0.0020489327143877745 0.0013285623863339424 0.9999970197677612 166.03826904296875
0.9999960660934448 0.0005785472458228469 -0.002752115484327078 0.6695676445960999 -0.0005850520101375878 0.9999970197677612 -0.00236333510838449 -2.3216803073883057 0.0027507413178682327 0.0023649358190596104 0.9999934434890747 167.3035125732422
0.9999942779541016 0.0010255068773403764 -0.003233079332858324 0.6573277711868286 -0.0010323704918846488 0.9999973177909851 -0.0021219931077212095 -2.3428587913513184 0.0032308949157595634 0.0021253188606351614 0.9999925494194031 168.57888793945312
0.9999909996986389 0.0011301370104774833 -0.004087711218744516 0.6465200185775757 -0.0011321344645693898 0.9999992251396179 -0.0004863798967562616 -2.374131679534912 0.004087159410119057 0.0004910033894702792 0.9999914765357971 169.85218811035156
0.9999885559082031 0.00034966267412528396 -0.004770705942064524 0.6357641220092773 -0.0003498413716442883 1.0 -3.664917312562466e-05 -2.3970284461975098 0.004770693369209766 3.8317775761242956e-05 0.9999886155128479 171.11904907226562
0.9999844431877136 0.0015590947587043047 -0.005344908684492111 0.6181656718254089 -0.0015589890535920858 0.9999988079071045 2.391061934758909e-05 -2.416733741760254 0.00534494174644351 -1.5577656085952185e-05 0.9999856948852539 172.38430786132812
0.9999794363975525 0.0020538729149848223 -0.0060702417977154255 0.6008225083351135 -0.0020518230739980936 0.9999978542327881 0.0003438226121943444 -2.4381449222564697 0.006070935633033514 -0.0003313604975119233 0.9999815821647644 173.6564483642578
0.9999755620956421 0.0021096074488013983 -0.006670557893812656 0.58399897813797 -0.0021125576458871365 0.9999976754188538 -0.00043524522334337234 -2.4649510383605957 0.006669624708592892 0.0004493264714255929 0.9999776482582092 174.93243408203125
0.9999696016311646 0.003017609706148505 -0.007186499889940023 0.5709377527236938 -0.0030247995164245367 0.9999949336051941 -0.0009897964773699641 -2.485383987426758 0.007183477748185396 0.0010115040931850672 0.999973714351654 176.18154907226562
0.9999683499336243 0.002392738126218319 -0.007577474694699049 0.5544025301933289 -0.002397606847807765 0.9999969601631165 -0.0006335508078336716 -2.5094399452209473 0.0075759366154670715 0.0006516985595226288 0.9999711513519287 177.44952392578125
0.9999668002128601 0.0026666568592190742 -0.0076938290148973465 0.5404340624809265 -0.002681385725736618 0.9999945759773254 -0.0019047085661441088 -2.529214382171631 0.007688707672059536 0.0019252755446359515 0.9999686479568481 178.70140075683594
0.9999682903289795 0.0013614688068628311 -0.007848551496863365 0.5202205181121826 -0.0013894939329475164 0.9999926090240479 -0.0035663761664181948 -2.5510263442993164 0.00784363690763712 0.003577168332412839 0.9999628663063049 179.98597717285156
0.9999665021896362 -0.0016337457345798612 -0.008021533489227295 0.5042011737823486 0.0016074348241090775 0.9999932646751404 -0.003285369835793972 -2.576909065246582 0.008026848547160625 0.0032723655458539724 0.9999624490737915 181.25180053710938
0.9999622702598572 -0.0014845059486106038 -0.008556588552892208 0.4917007386684418 0.0014887031866237521 0.9999988675117493 0.00048425476416014135 -2.601822853088379 0.008555859327316284 -0.0004969747387804091 0.9999632835388184 182.51914978027344
0.9999614357948303 -0.0020577276591211557 -0.008542128838598728 0.47307607531547546 0.002100191544741392 0.9999854564666748 0.004965126980096102 -2.6235053539276123 0.008531790226697922 -0.004982875660061836 0.999951183795929 183.78526306152344
0.9999646544456482 -0.00102926732506603 -0.008344985544681549 0.45374739170074463 0.0010631013428792357 0.999991238117218 0.004051025025546551 -2.636143207550049 0.008340741507709026 -0.00405975291505456 0.9999569058418274 185.05078125
0.9999716877937317 0.0007423560600727797 -0.007490390911698341 0.42547470331192017 -0.0007381961913779378 0.9999995827674866 0.0005581569857895374 -2.6516005992889404 0.007490802090615034 -0.0005526115419343114 0.9999717473983765 186.2970428466797
0.99996417760849 0.0006565984804183245 -0.008431174792349339 0.4132124185562134 -0.0006649073329754174 0.9999992847442627 -0.0009827862959355116 -2.677272081375122 0.008430523797869682 0.0009883572347462177 0.9999639391899109 187.5408935546875
0.9999602437019348 0.0008924020221456885 -0.008863447234034538 0.39846551418304443 -0.0008993925875984132 0.9999992251396179 -0.0007847752422094345 -2.6991946697235107 0.008862740360200405 0.0007927158148959279 0.9999603629112244 188.792236328125
0.9999642372131348 0.0001678049156907946 -0.008456286042928696 0.3793363869190216 -0.00016313021478708833 0.9999998211860657 0.0005534669035114348 -2.723968029022217 0.008456376381218433 -0.000552067591343075 0.9999641180038452 190.05075073242188
0.9999656081199646 0.0006197558250278234 -0.008269254118204117 0.36040472984313965 -0.000596059369854629 0.999995768070221 0.002867752918973565 -2.7470600605010986 0.008270995691418648 -0.0028627256397157907 0.999961793422699 191.29627990722656
0.9999728202819824 -0.0003153613652102649 -0.007366455625742674 0.34335750341415405 0.00034093137946911156 0.9999939203262329 0.003470152849331498 -2.7653043270111084 0.007365317549556494 -0.0034725693985819817 0.9999668598175049 192.55162048339844
0.9999818801879883 -0.00040156141039915383 -0.006004694849252701 0.3294268548488617 0.0004182184929959476 0.9999961853027344 0.002772983629256487 -2.783393144607544 0.006003557704389095 -0.0027754444163292646 0.9999781847000122 193.7939453125
0.9999885559082031 -0.0013258892577141523 -0.0045974100939929485 0.3177294135093689 0.0013308731140568852 0.9999985098838806 0.001081241643987596 -2.8025689125061035 0.004595969803631306 -0.0010873476276174188 0.999988853931427 195.02581787109375
0.9999929070472717 -0.0015681447694078088 -0.0034108241088688374 0.31135275959968567 0.001567734987474978 0.9999987483024597 -0.0001229045883519575 -2.827496290206909 0.003411013400182128 0.0001175563083961606 0.999994158744812 196.2681884765625
