1.0 -3.5940656744060107e-06 -2.2770364012103528e-06 1.0953654054901563e-05 3.59406271854823e-06 1.0 -1.2947355116921244e-06 6.083172593207564e-06 2.2770409486838616e-06 1.2947273262398085e-06 1.0 1.7529328033560887e-06
0.9999973177909851 0.0010434901341795921 0.0020734863355755806 -0.009593205526471138 -0.0010412661358714104 0.9999988675117493 -0.0010734157403931022 -0.01684754714369774 -0.002074604155495763 0.0010712536750361323 0.9999972581863403 1.206071138381958
0.9999904632568359 0.0019918247126042843 0.0038782511837780476 -0.021905118599534035 -0.0019909602124243975 0.9999979734420776 -0.0002266844967380166 -0.043957702815532684 -0.0038786951918154955 0.0002189609076594934 0.9999924302101135 2.401317596435547
0.9999854564666748 0.0015439540147781372 0.005154777318239212 -0.022781357169151306 -0.0015440973220393062 0.9999987483024597 2.3811548089724965e-05 -0.061731744557619095 -0.005154733546078205 -3.177061807946302e-05 0.9999867081642151 3.601571559906006
0.9999804496765137 0.0013631255133077502 0.006097711157053709 -0.02085685171186924 -0.0013624714920297265 0.9999991059303284 -0.00011143090523546562 -0.08078273385763168 -0.006097857840359211 0.00010312077938579023 0.9999814629554749 4.795441627502441
0.9999762773513794 0.0010708692716434598 0.006802224088460207 -0.016942791640758514 -0.0010734833776950836 0.9999993443489075 0.0003806583699770272 -0.10672541707754135 -0.006801812443882227 -0.00038795144064351916 0.9999768137931824 5.997511386871338
0.9999715685844421 0.001385388313792646 0.0074040330946445465 -0.010131988674402237 -0.001381585723720491 0.999998927116394 -0.0005186826456338167 -0.1281253844499588 -0.007404744159430265 0.0005084386793896556 0.9999725222587585 7.197849273681641
0.999962568283081 0.0012052301317453384 0.00856476929038763 -0.011913202702999115 -0.0011993892258033156 0.9999990463256836 -0.0006870666984468699 -0.15367354452610016 -0.008565588854253292 0.0006767685408703983 0.999963104724884 8.386190414428711
0.9999621510505676 0.0006892349338158965 0.008676298893988132 -0.0055001527070999146 -0.0006955636199563742 0.9999996423721313 0.0007264279993250966 -0.17273743450641632 -0.008675795048475266 -0.0007324355538003147 0.9999620318412781 9.578363418579102
0.9999732375144958 3.1046976801007986e-05 0.007324522361159325 -0.0028423145413398743 -4.47650600108318e-05 0.9999983906745911 0.0018727503484115005 -0.19554996490478516 -0.007324450183659792 -0.0018730279989540577 0.9999714493751526 10.769739151000977
0.9999862909317017 -0.0014575041132047772 0.005016428884118795 -0.0031591206789016724 0.0014508701860904694 0.9999980926513672 0.001325789256952703 -0.2156691551208496 -0.005018351133912802 -0.0013184929266571999 0.9999865293502808 11.972929000854492
0.9999940991401672 -0.0011718301102519035 0.0032394726295024157 -0.0095629021525383 0.0011694192653521895 0.9999991059303284 0.0007460420019924641 -0.23142290115356445 -0.0032403438817709684 -0.0007422492490150034 0.9999943971633911 13.168134689331055
0.9999977350234985 -0.0011749708792194724 0.0017857116181403399 -0.009674536064267159 0.0011737236054614186 0.9999991059303284 0.0006994311115704477 -0.2541119456291199 -0.0017865311820060015 -0.0006973335985094309 0.999998152256012 14.368014335632324
0.999999463558197 0.0004341602907516062 0.0009679610375314951 -0.015928909182548523 -0.0004348140209913254 0.9999997019767761 0.0006753188790753484 -0.277503103017807 -0.0009676675545051694 -0.0006757394294254482 0.9999992847442627 15.549660682678223
0.9999998211860657 0.00024563504848629236 0.0004625223809853196 -0.02136729471385479 -0.0002459571114741266 0.9999997019767761 0.0006962399929761887 -0.2959844172000885 -0.0004623511340469122 -0.0006963536143302917 0.9999997019767761 16.75232696533203
0.9999997019767761 -0.0006650817231275141 -0.00036631012335419655 -0.020990759134292603 0.0006654724711552262 0.9999992251396179 0.0010678112739697099 -0.3146083652973175 0.0003655998152680695 -0.0010680548148229718 0.9999993443489075 17.925575256347656
0.9999995827674866 -0.0006245750118978322 -0.0006766349542886019 -0.02889121323823929 0.0006256428896449506 0.9999985694885254 0.0015793766360729933 -0.3358860909938812 0.0006756477523595095 -0.001579799223691225 0.9999985098838806 19.14304542541504
0.9999985098838806 -0.00043306019506417215 -0.0016833319095894694 -0.03534810245037079 0.0004342836909927428 0.9999996423721313 0.0007266274769790471 -0.35770654678344727 0.001683016773313284 -0.0007273571682162583 0.9999983310699463 20.33868408203125
0.9999980330467224 -0.0007578397053293884 -0.0018251044675707817 -0.04713394492864609 0.0007576405769214034 0.9999997019767761 -0.00010987913265125826 -0.3776901364326477 0.0018251875881105661 0.00010849614773178473 0.9999983310699463 21.54709243774414
0.9999962449073792 0.000533144164364785 -0.0026859231293201447 -0.05502135306596756 -0.000531988509465009 0.9999997615814209 0.00043092435225844383 -0.39676418900489807 0.0026861522346735 -0.00042949384078383446 0.9999963641166687 22.743473052978516
0.9999954104423523 7.670349077670835e-06 -0.0030381400138139725 -0.07362587004899979 -6.741483502992196e-06 0.9999999403953552 0.00030580334714613855 -0.4209643602371216 0.0030381411779671907 -0.00030578143196180463 0.9999953508377075 23.939594268798828
0.9999923706054688 0.00017263244080822915 -0.003904573619365692 -0.08566412329673767 -0.00017327391833532602 0.9999998807907104 -0.0001639729307498783 -0.44318798184394836 0.003904544748365879 0.0001646482851356268 0.9999923706054688 25.133874893188477
0.9999886751174927 0.000340299098752439 -0.004770565312355757 -0.09745921194553375 -0.00033746566623449326 0.9999997615814209 0.0005947487661615014 -0.46941760182380676 0.004770767875015736 -0.0005931321065872908 0.9999883770942688 26.322446823120117
0.9999843239784241 -0.001201840816065669 -0.00547452550381422 -0.11009092628955841 0.0012148405658081174 0.9999964237213135 0.002371856477111578 -0.4886070489883423 0.00547165609896183 -0.002378470031544566 0.9999821782112122 27.525503158569336
0.9999775886535645 -0.0012923566391691566 -0.006563783623278141 -0.11780567467212677 0.001307783299125731 0.9999964833259583 0.002346517750993371 -0.5073941349983215 0.006560727953910828 -0.0023550493642687798 0.9999756813049316 28.720115661621094
0.9999701380729675 -0.0021379305981099606 -0.0074236770160496235 -0.1328963041305542 0.0021510061342269182 0.9999961256980896 0.0017537937965244055 -0.5291645526885986 0.0074198986403644085 -0.0017697098664939404 0.9999708533287048 29.918411254882812
0.9999639391899109 -0.0021161239128559828 -0.008222909644246101 -0.1428154706954956 0.002120581455528736 0.999997615814209 0.0005334832821972668 -0.546440601348877 0.008221760392189026 -0.0005509014008566737 0.999966025352478 31.113727569580078
0.9999577403068542 -0.0015869521303102374 -0.009057065472006798 -0.1598721146583557 0.0015930809313431382 0.9999984502792358 0.0006694480543956161 -0.5651459693908691 0.009055989794433117 -0.0006838483386673033 0.9999587535858154 32.30623245239258
0.9999499917030334 -0.0018440616549924016 -0.009831871837377548 -0.17514237761497498 0.0018546838546171784 0.9999976754188538 0.0010713243391364813 -0.5830525159835815 0.009829872287809849 -0.0010895056184381247 0.9999511241912842 33.510215759277344
0.9999457597732544 -0.00233168201521039 -0.010153638198971748 -0.1918317973613739 0.0023466579150408506 0.9999961853027344 0.001463287160731852 -0.6078587770462036 0.010150185786187649 -0.0014870348386466503 0.9999473690986633 34.70064926147461
0.9999364614486694 -0.0029240031726658344 -0.010892649181187153 -0.20471151173114777 0.0029422705993056297 0.9999943375587463 0.0016614084597676992 -0.6306601166725159 0.010887728072702885 -0.0016933516599237919 0.9999392628669739 35.899532318115234
0.9999314546585083 -0.0031545492820441723 -0.011269270442426205 -0.2253420501947403 0.0031720756087452173 0.9999938011169434 0.001537785748951137 -0.6505530476570129 0.011264348402619362 -0.0015734274638816714 0.9999353289604187 37.105899810791016
0.9999274611473083 -0.003961170557886362 -0.011375180445611477 -0.24050278961658478 0.003987256437540054 0.9999895095825195 0.0022714261431246996 -0.670077919960022 0.011366063728928566 -0.00231661694124341 0.9999327659606934 38.30635452270508
0.999933123588562 -0.0033388170413672924 -0.011070621199905872 -0.2631392478942871 0.0033762548118829727 0.9999886155128479 0.003364716423675418 -0.6854870319366455 0.011059259064495564 -0.003401869209483266 0.9999330639839172 39.52105712890625
0.9999345541000366 -0.0026796278543770313 -0.011118538677692413 -0.2791410982608795 0.002721381839364767 0.9999892711639404 0.0037419404834508896 -0.6962575912475586 0.011108391918241978 -0.0037719537504017353 0.9999311566352844 40.72336959838867
0.999935507774353 -0.0021115271374583244 -0.011149306781589985 -0.3004887104034424 0.002151245018467307 0.9999912977218628 0.0035516000352799892 -0.714368462562561 0.011141709983348846 -0.003575355978682637 0.9999315738677979 41.92886734008789
0.9999393224716187 -0.0011103041470050812 -0.010951853357255459 -0.31568270921707153 0.0011484205024316907 0.9999933242797852 0.0034746851306408644 -0.7313816547393799 0.010947923175990582 -0.0034870528616011143 0.9999340176582336 43.11518096923828
0.9999423623085022 0.001316714915446937 -0.010651648975908756 -0.3339815139770508 -0.001260192133486271 0.9999850988388062 0.005311461165547371 -0.7452481985092163 0.01065848208963871 -0.005297732073813677 0.9999291896820068 44.313804626464844
0.9999600052833557 0.0013713209191337228 -0.008840355090796947 -0.3507500886917114 -0.0012958742445334792 0.9999627470970154 0.008534431457519531 -0.7654016017913818 0.008851728402078152 -0.008522634394466877 0.9999244809150696 45.526309967041016
0.999973714351654 0.001788118272088468 -0.007037958595901728 -0.3686416745185852 -0.0017085273284465075 0.9999346733093262 0.011298609897494316 -0.7742778658866882 0.0070577021688222885 -0.011286286637187004 0.999911367893219 46.72526931762695
0.9999805092811584 0.0022929906845092773 -0.005818905308842659 -0.3747120499610901 -0.0022063730284571648 0.9998873472213745 0.014848582446575165 -0.7820095419883728 0.005852296948432922 -0.014835454523563385 0.9998727440834045 47.92310333251953
0.999991238117218 0.0015645150560885668 -0.003863484365865588 -0.3968179225921631 -0.0015020903665572405 0.9998690485954285 0.01610799878835678 -0.7891828417778015 0.003888180945068598 -0.016102060675621033 0.9998627305030823 49.141536712646484
0.9999974370002747 -0.0004158970550633967 -0.002200419083237648 -0.40531694889068604 0.0004478124901652336 0.9998943209648132 0.014523651450872421 -0.7902931571006775 0.0021941475570201874 -0.014524603262543678 0.9998920559883118 50.357418060302734
0.9999995231628418 0.00041959952795878053 -0.0007601031102240086 -0.4145714044570923 -0.00040976301534101367 0.9999167919158936 0.012895017862319946 -0.7948330640792847 0.0007654502987861633 -0.012894704006612301 0.9999165534973145 51.564083099365234
0.9999996423721313 0.0007087529520504177 -0.0002835044579114765 -0.41973716020584106 -0.0007051530992612243 0.9999217391014099 0.012501520104706287 -0.8006862998008728 0.0002923431748058647 -0.01250131893903017 0.9999217987060547 52.755950927734375
0.9999998211860657 0.0004121827660128474 -0.0004046339890919626 -0.4242471754550934 -0.00040738072129897773 0.9999303817749023 0.011796689592301846 -0.8023521900177002 0.0004094686300959438 -0.011796523816883564 0.9999302625656128 53.95802307128906
0.9999995827674866 -0.0001577888469910249 -0.000891513773240149 -0.4343087077140808 0.00016727445472497493 0.9999432563781738 0.01064961776137352 -0.8069120645523071 0.0008897837251424789 -0.010649763979017735 0.9999428987503052 55.172637939453125
0.999996542930603 9.63329293881543e-05 -0.002625678665935993 -0.4397850036621094 -6.701570237055421e-05 0.9999376535415649 0.011163370683789253 -0.8111170530319214 0.0026265904307365417 -0.011163154616951942 0.9999342560768127 56.387733459472656
0.9999920725822449 -0.00017845234833657742 -0.00396596547216177 -0.45214831829071045 0.00022725248709321022 0.9999241828918457 0.012307693250477314 -0.821070671081543 0.003963468596339226 -0.012308498844504356 0.9999163746833801 57.574832916259766
0.9999871850013733 -0.0007812163676135242 -0.004981981590390205 -0.4623408317565918 0.0008442424586974084 0.9999195337295532 0.012661307118833065 -0.8287519812583923 0.004971690475940704 -0.01266535371541977 0.999907374382019 58.784034729003906
0.9999825358390808 0.0006419894634746015 -0.005876586772501469 -0.47532033920288086 -0.0005662674666382372 0.9999168515205383 0.01287800632417202 -0.8409727215766907 0.005884366109967232 -0.012874453328549862 0.9998998045921326 59.98215103149414
0.9999775886535645 0.001226727501489222 -0.006589902099221945 -0.48806560039520264 -0.0011445714626461267 0.9999216794967651 0.012456301599740982 -0.8431151509284973 0.006604666821658611 -0.012448479421436787 0.999900758266449 61.18714904785156
0.9999780058860779 -0.0002104083396261558 -0.006627126131206751 -0.5006494522094727 0.0002912291092798114 0.9999254941940308 0.012196852825582027 -0.8531085252761841 0.006624066736549139 -0.012198514305055141 0.9999036192893982 62.38552474975586
0.9999763369560242 -0.0012261448428034782 -0.006772961467504501 -0.514045238494873 0.0013036900199949741 0.9999334812164307 0.01145672146230936 -0.8622339963912964 0.006758462637662888 -0.011465280316770077 0.999911367893219 63.59424591064453
0.9999722242355347 -0.001725303940474987 -0.007264714688062668 -0.5237022042274475 0.0018186504021286964 0.9999155402183533 0.012862282805144787 -0.8745980262756348 0.007241909857839346 -0.012875135987997055 0.9998908042907715 64.786376953125
0.999971866607666 -0.0016434536082670093 -0.0073120626620948315 -0.5422539114952087 0.0017470155144110322 0.9998978972434998 0.014179371297359467 -0.8751000165939331 0.007288013119250536 -0.014191747643053532 0.9998726844787598 65.9830551147461
0.9999692440032959 -0.001470095245167613 -0.0077019366435706615 -0.5554514527320862 0.0015675617614760995 0.9999185800552368 0.01266404613852501 -0.8868653774261475 0.007682692725211382 -0.012675732374191284 0.9998900890350342 67.18351745605469
0.9999738931655884 0.0004022438370157033 -0.0072101098485291 -0.5786328315734863 -0.00031995802419260144 0.9999347925186157 0.01141003891825676 -0.8915497064590454 0.007214229553937912 -0.01140743587166071 0.9999088644981384 68.38200378417969
0.9999681711196899 0.002290333155542612 -0.00764577928930521 -0.5886216759681702 -0.0021995333954691887 0.9999271631240845 0.011863182298839092 -0.9022769927978516 0.0076723950915038586 -0.011845988221466541 0.9999004006385803 69.57906341552734
0.999963104724884 0.004478443413972855 -0.007334374822676182 -0.6062981486320496 -0.004390043672174215 0.9999180436134338 0.012024801224470139 -0.9071961641311646 0.007387625984847546 -0.011992160230875015 0.9999008178710938 70.76466369628906
0.9999568462371826 0.005733220372349024 -0.007302186451852322 -0.6241611242294312 -0.005640855524688959 0.9999046325683594 0.012607254087924957 -0.9171638488769531 0.0073737711645662785 -0.012565520592033863 0.999893844127655 71.96836853027344
0.9999613165855408 0.006304033566266298 -0.006129148416221142 -0.6401522159576416 -0.006221414543688297 0.9998908042907715 0.013406563550233841 -0.9207254648208618 0.006212995387613773 -0.013367913663387299 0.9998914003372192 73.16262817382812
0.9999589323997498 0.007827787660062313 -0.004575586877763271 -0.6475579738616943 -0.007763128262013197 0.9998721480369568 0.013982551172375679 -0.9242439270019531 0.004684454761445522 -0.013946455903351307 0.9998916983604431 74.3580551147461
0.999974250793457 0.006891826167702675 -0.001986876828595996 -0.650985598564148 -0.006867655087262392 0.9999052286148071 0.011926493607461452 -0.9341011047363281 0.0020688839722424746 -0.011912542395293713 0.9999269247055054 75.5415267944336
0.9999911785125732 0.0041906703263521194 3.6569079384207726e-05 -0.6508727073669434 -0.004190821200609207 0.9999683499336243 0.006767182610929012 -0.9413685202598572 -8.208910003304482e-06 -0.006767277140170336 0.999977171421051 76.71696472167969
0.9999805092811584 0.005382014438509941 0.003165248781442642 -0.654152512550354 -0.005402248352766037 0.9999648928642273 0.006419324781745672 -0.953455924987793 -0.003130588447675109 -0.006436299066990614 0.9999743700027466 77.89879608154297
0.9999755024909973 0.004238694906234741 0.005568953230977058 -0.6486326456069946 -0.004294838756322861 0.9999397397041321 0.010108599439263344 -0.9670531749725342 -0.005525770131498575 -0.01013226993381977 0.9999333620071411 79.08045196533203
0.9999481439590454 0.004367201589047909 0.009198521263897419 -0.6457270383834839 -0.004472692497074604 0.9999241232872009 0.011479037813842297 -0.9775118231773376 -0.009147691540420055 -0.011519583873450756 0.9998917579650879 80.25369262695312
0.999898374080658 0.004401572979986668 0.013565354980528355 -0.6391270160675049 -0.004533206112682819 0.9999428391456604 0.009688148275017738 -0.9862010478973389 -0.013521935790777206 -0.00974865909665823 0.9998610615730286 81.42001342773438
0.9998517036437988 0.00354370241984725 0.016854433342814445 -0.6226862668991089 -0.0036547533236443996 0.9999718070030212 0.006562567315995693 -0.9980304837226868 -0.016830703243613243 -0.006623192690312862 0.9998364448547363 82.58768463134766
0.999795138835907 0.002169148065149784 0.02011686936020851 -0.6008617877960205 -0.002230995101854205 0.999992847442627 0.003052464686334133 -1.0121814012527466 -0.020110106095671654 -0.0030967204365879297 0.9997929930686951 83.75257873535156
0.9997156262397766 0.0017588837072253227 0.02378123253583908 -0.5788397789001465 -0.001811237190850079 0.9999960064888 0.00218010600656271 -1.0286065340042114 -0.023777306079864502 -0.002222559181973338 0.9997149109840393 84.90621948242188
0.9996299147605896 0.0014762463979423046 0.02716144733130932 -0.5480163097381592 -0.0015858623664826155 0.999990701675415 0.004014627076685429 -1.0492663383483887 -0.027155263349413872 -0.00405621575191617 0.9996230006217957 86.07363891601562
0.9995140433311462 0.0025690009351819754 0.031064679846167564 -0.52559494972229 -0.0027168751694262028 0.9999851584434509 0.004718936514109373 -1.0691428184509277 -0.03105209767818451 -0.004801041912287474 0.9995061755180359 87.23738861083984
0.9993910193443298 0.0020581302233040333 0.03483234718441963 -0.48503899574279785 -0.002137030242010951 0.999995231628418 0.0022280504927039146 -1.0836913585662842 -0.034827593713998795 -0.002301131607964635 0.9993906021118164 88.38347625732422
0.999273419380188 0.0019287520553916693 0.03806329518556595 -0.4461395740509033 -0.0019371779635548592 0.9999980926513672 0.0001844950020313263 -1.103365421295166 -0.03806286305189133 -0.0002580967266112566 0.9992752075195312 89.53099060058594
0.9991506338119507 0.0019080635393038392 0.041162315756082535 -0.3988957405090332 -0.0018951117526739836 0.999998152256012 -0.0003536738222464919 -1.1204408407211304 -0.04116291552782059 0.0002753662411123514 0.999152421951294 90.69457244873047
0.9990199208259583 0.0010931825963780284 0.04424997419118881 -0.35436439514160156 -0.001127744559198618 0.9999991059303284 0.0007561066886410117 -1.1375741958618164 -0.04424910247325897 -0.0008052682969719172 0.9990202188491821 91.85407257080078
0.998903751373291 -0.00013540861255023628 0.04681074246764183 -0.3002505302429199 2.8935372029081918e-05 0.9999974370002747 0.002275217790156603 -1.155102252960205 -0.046810928732156754 -0.0022713690996170044 0.9989011883735657 93.01593017578125
0.9987773299217224 -0.000964245933573693 0.04942501708865166 -0.24472856521606445 0.0007640117546543479 0.9999913573265076 0.004069998860359192 -1.1712064743041992 -0.049428511410951614 -0.004027260933071375 0.9987695217132568 94.17616271972656
0.9986585378646851 -0.0025454137939959764 0.051717013120651245 -0.1822199821472168 0.0022956253960728645 0.9999853372573853 0.004888736642897129 -1.1840676069259644 -0.05172869563102722 -0.0047634560614824295 0.9986498355865479 95.33711242675781
0.9985294342041016 -0.003349877428263426 0.05410715937614441 -0.12420129776000977 0.003204202512279153 0.9999911189079285 0.002778839785605669 -1.2025058269500732 -0.054115984588861465 -0.002601383486762643 0.9985312819480896 96.49095153808594
0.9984009265899658 -0.004911576397716999 0.05631626024842262 -0.05954122543334961 0.004966578911989927 0.9999873042106628 -0.0008367336704395711 -1.2193464040756226 -0.056311435997486115 0.0011150952195748687 0.9984126091003418 97.64923095703125
0.9982843399047852 -0.004047906491905451 0.0584125891327858 0.00010442733764648438 0.004261021502315998 0.999984622001648 -0.0035243500024080276 -1.2374155521392822 -0.05839742720127106 0.003767200279980898 0.998286247253418 98.81340789794922
0.9981897473335266 -0.004123440943658352 0.060000911355018616 0.06823492050170898 0.00439766189083457 0.9999803900718689 -0.004438949283212423 -1.2614758014678955 -0.05998143553733826 0.00469477754086256 0.9981883764266968 99.98516845703125
0.998163104057312 -0.003912411630153656 0.060457803308963776 0.13482666015625 0.004145064856857061 0.9999844431877136 -0.0037232544273138046 -1.2844891548156738 -0.06044229865074158 0.0039670164696872234 0.9981637597084045 101.16352844238281
0.998215913772583 -0.003915413282811642 0.05957857519388199 0.19954919815063477 0.004029451869428158 0.9999902248382568 -0.0017940584803000093 -1.3086400032043457 -0.059570975601673126 0.002030926523730159 0.9982219934463501 102.34613037109375
0.998285174369812 -0.003965955693274736 0.058403100818395615 0.26181936264038086 0.0040048351511359215 0.9999918937683105 -0.0005486864829435945 -1.3235565423965454 -0.05840045213699341 0.0007816400611773133 0.9982929825782776 103.54920959472656
0.9984000325202942 -0.003919757902622223 0.05640917643904686 0.3216552734375 0.003905908903107047 0.999992311000824 0.00035576027585193515 -1.3434535264968872 -0.056410133838653564 -0.00013486205716617405 0.9984076619148254 104.73685455322266
0.998542308807373 -0.003804269479587674 0.05384056270122528 0.38258934020996094 0.0037693229969590902 0.9999926686286926 0.0007506055408157408 -1.359513282775879 -0.05384301394224167 -0.0005465688882395625 0.998549222946167 105.94188690185547
0.9986985325813293 -0.003228090237826109 0.05090027675032616 0.4373130798339844 0.0031930061522871256 0.9999945759773254 0.000770560756791383 -1.3781427145004272 -0.050902482122182846 -0.0006070330273360014 0.9987034201622009 107.13917541503906
0.9988807439804077 -0.001433024532161653 0.04727877676486969 0.4827299118041992 0.0014267066726461053 0.9999989867210388 0.00016737740952521563 -1.3896105289459229 -0.04727896675467491 -9.973725536838174e-05 0.9988816976547241 108.34432220458984
0.9990676641464233 -0.0016197122167795897 0.0431399792432785 0.5302219390869141 0.0015939244767650962 0.9999984502792358 0.0006321632536128163 -1.4105291366577148 -0.04314093664288521 -0.0005628119688481092 0.9990688562393188 109.53509521484375
0.9992449879646301 -0.0012248883722350001 0.03883277624845505 0.5788841247558594 0.0011562240542843938 0.9999977350234985 0.0017906189896166325 -1.4285945892333984 -0.03883487358689308 -0.0017443677643314004 0.9992441534996033 110.75981140136719
0.9994005560874939 -0.0007594657363370061 0.03461107984185219 0.6144721508026123 0.00067309191217646 0.9999966025352478 0.002507138764485717 -1.4459341764450073 -0.03461286425590515 -0.002482339274138212 0.9993976950645447 111.96527862548828
0.999542772769928 -0.0006325066206045449 0.030229734256863594 0.6458714008331299 0.000540838751476258 0.999995231628418 0.003040453651919961 -1.4612127542495728 -0.03023151494562626 -0.003022714052349329 0.9995383024215698 113.1844711303711
0.9996839165687561 -0.00031905173091217875 0.02513793297111988 0.6723976135253906 0.00024025658785831183 0.9999950528144836 0.003137466963380575 -1.4766477346420288 -0.02513881027698517 -0.0031304354779422283 0.9996790289878845 114.40007019042969
0.9997916221618652 0.0005088241305202246 0.020407123491168022 0.6896177530288696 -0.0005728029063902795 0.9999949336051941 0.003129400312900543 -1.4948785305023193 -0.02040543034672737 -0.003140438115224242 0.9997867941856384 115.63700103759766
0.9998828768730164 0.0006906586932018399 0.015287232585251331 0.7016462087631226 -0.0007376379799097776 0.9999949336051941 0.0030676706228405237 -1.5113341808319092 -0.015285037457942963 -0.0030785880517214537 0.9998783469200134 116.86031341552734
0.999940037727356 0.002053008647635579 0.010752853937447071 0.7072886228561401 -0.0020769222173839808 0.9999955296516418 0.0022132862359285355 -1.5305120944976807 -0.010748259723186493 -0.002235486637800932 0.9999397397041321 118.09075927734375
0.9999653697013855 0.004012715071439743 0.007292754948139191 0.7106372117996216 -0.004028261639177799 0.9999896287918091 0.0021183164790272713 -1.546415090560913 -0.007284178864210844 -0.0021476203110069036 0.9999711513519287 119.33010864257812
0.9999718070030212 0.005625641439110041 0.004974511452019215 0.7099666595458984 -0.005637263413518667 0.9999813437461853 0.0023253806866705418 -1.5635685920715332 -0.004961336962878704 -0.002353357383981347 0.9999849200248718 120.55786895751953
0.9999668598175049 0.0070746480487287045 0.0040265885181725025 0.7077100872993469 -0.007081718649715185 0.9999734163284302 0.0017444794066250324 -1.577652096748352 -0.004014139994978905 -0.0017729365499690175 0.9999903440475464 121.82103729248047
0.9999532103538513 0.009237534366548061 0.002848857082426548 0.7055920362472534 -0.009243637323379517 0.9999549388885498 0.002136420924216509 -1.5953869819641113 -0.0028289933688938618 -0.0021626546513289213 0.9999936819076538 123.06998443603516
0.9999427199363708 0.010508831590414047 0.0020443196408450603 0.6945308446884155 -0.01051454246044159 0.999940812587738 0.002803046489134431 -1.6090898513793945 -0.0020147422328591347 -0.0028243816923350096 0.9999939203262329 124.3165512084961
0.9999460577964783 0.010273787193000317 0.0015312796458601952 0.68660569190979 -0.010278718546032906 0.9999419450759888 0.003248711349442601 -1.6242866516113281 -0.0014978141989558935 -0.0032642760779708624 0.9999935030937195 125.56238555908203
0.999900221824646 0.014115317724645138 0.0004499794449657202 0.6823205947875977 -0.014117462560534477 0.9998868703842163 0.005189079791307449 -1.6401625871658325 -0.00037668252480216324 -0.00519491545855999 0.9999864101409912 126.81639862060547
0.9998855590820312 0.015124930068850517 -0.00020396045874804258 0.6719710230827332 -0.015122645534574986 0.9998493790626526 0.008508889004588127 -1.652483344078064 0.00033262601937167346 -0.008504830300807953 0.9999637603759766 128.06890869140625
0.9999006986618042 0.01405278965830803 -0.001088727847672999 0.6721104383468628 -0.014043637551367283 0.9998694062232971 0.008002722635865211 -1.6639339923858643 0.0012010465143248439 -0.007986637763679028 0.9999673962593079 129.3283233642578
0.9999066591262817 0.013583162799477577 -0.0014777759788557887 0.6624288558959961 -0.0135731752961874 0.9998862743377686 0.006570720113813877 -1.6750975847244263 0.0015668600099161267 -0.006550047546625137 0.9999773502349854 130.5828094482422
0.9999371767044067 0.01104074064642191 -0.00194077892228961 0.6568267345428467 -0.01102504599839449 0.9999078512191772 0.007919758558273315 -1.685718059539795 0.0020280410535633564 -0.007897863164544106 0.9999668002128601 131.83602905273438
0.999957263469696 0.008623618632555008 -0.0033348698634654284 0.6559149622917175 -0.008591768331825733 0.9999184012413025 0.009450310841202736 -1.689953327178955 0.003416093997657299 -0.009421253576874733 0.9999498128890991 133.09446716308594
0.9999809861183167 0.005356039851903915 -0.003030566032975912 0.637566864490509 -0.005321292672306299 0.9999212622642517 0.011359448544681072 -1.7013788223266602 0.003091169288381934 -0.011343108490109444 0.9999307990074158 134.36715698242188
0.9999877214431763 0.0033163470216095448 -0.0036661457270383835 0.6329001188278198 -0.0032703219912946224 0.9999166131019592 0.012489428743720055 -1.708398461341858 0.0037072598934173584 -0.012477287091314793 0.9999152421951294 135.634521484375
0.9999942779541016 -0.0007067342521622777 -0.0033118082210421562 0.6285293102264404 0.0007419825997203588 0.9999428987503052 0.01065433956682682 -1.7139863967895508 0.0033040903508663177 -0.01065673679113388 0.9999377727508545 136.89903259277344
0.9999891519546509 -0.0032234087120741606 -0.0033533351961523294 0.6227728128433228 0.0032553740311414003 0.9999488592147827 0.009571077302098274 -1.7201169729232788 0.003322312608361244 -0.009581889025866985 0.9999485611915588 138.17202758789062
0.9999858736991882 -0.004262338392436504 -0.0031606140546500683 0.6172828078269958 0.0042917788960039616 0.9999468326568604 0.009366890415549278 -1.7275902032852173 0.0031205215491354465 -0.009380324743688107 0.9999510645866394 139.44126892089844
0.9999866485595703 -0.004365603439509869 -0.0027576887514442205 0.6083284616470337 0.004392419476062059 0.9999423027038574 0.009793682023882866 -1.7363418340682983 0.0027147741056978703 -0.009805665351450443 0.9999482035636902 140.72116088867188
0.9999882578849792 -0.004225841723382473 -0.002369890222325921 0.6059190034866333 0.004253247752785683 0.9999227523803711 0.011680935509502888 -1.7433232069015503 0.002320344327017665 -0.011690878309309483 0.9999289512634277 141.9824676513672
0.9999974370002747 -0.0016265505691990256 -0.0015742492396384478 0.5911489725112915 0.001647535478696227 0.9999085664749146 0.013422210700809956 -1.7519358396530151 0.001552272355183959 -0.013424769975244999 0.9999086260795593 143.2604217529297
0.9999971389770508 -0.0022610542364418507 -0.0007463336805813015 0.588946521282196 0.002269509481266141 0.9999309182167053 0.011528669856488705 -1.758890986442566 0.0007202152046374977 -0.011530330404639244 0.9999332427978516 144.55740356445312
0.9999988079071045 -0.0015055991243571043 -0.00027110573137179017 0.5796875953674316 0.0015082430327311158 0.9999485611915588 0.010030090808868408 -1.7697354555130005 0.00025598969659768045 -0.010030485689640045 0.9999496340751648 145.82650756835938
0.9999990463256836 -0.0013504745438694954 0.00024379731621593237 0.5696310997009277 0.0013485614908859134 0.9999695420265198 0.007682792842388153 -1.7845981121063232 -0.0002541656722314656 -0.007682456634938717 0.9999704360961914 147.1102294921875
0.999995231628418 -0.0030162581242620945 0.0006140975747257471 0.5671234726905823 0.00301424995996058 0.9999901056289673 0.003244558349251747 -1.7949388027191162 -0.0006238783826120198 -0.0032426922116428614 0.9999945759773254 148.3968048095703
0.9999948143959045 -0.0030427875462919474 0.0010483748046681285 0.56074059009552 0.003043216885998845 0.999995231628418 -0.0004084808751940727 -1.8120225667953491 -0.0010471269488334656 0.00041166949085891247 0.9999994039535522 149.67552185058594
0.9999940395355225 -0.003173236735165119 0.0013296925462782383 0.560095489025116 0.003175054444000125 0.9999940395355225 -0.0013661475386470556 -1.833360195159912 -0.001325349323451519 0.0013703613076359034 0.9999982118606567 150.93739318847656
0.9999937415122986 -0.0032189125195145607 0.0015209196135401726 0.5525563955307007 0.0032203560695052147 0.9999943971633911 -0.0009468930074945092 -1.8578351736068726 -0.0015178632456809282 0.0009517848957329988 0.9999983906745911 152.204345703125
0.9999957084655762 -0.002766175428405404 0.0009790320182219148 0.5568732619285583 0.00276656704954803 0.9999960660934448 -0.0003992175043094903 -1.882706642150879 -0.0009779235115274787 0.00040192442247644067 0.9999994039535522 153.46365356445312
0.9999953508377075 -0.0029419322963804007 0.0008601447334513068 0.5549848675727844 0.0029414331074804068 0.9999955296516418 0.0005806471453979611 -1.9050520658493042 -0.0008618495776318014 -0.0005781142972409725 0.999999463558197 154.72079467773438
0.9999983310699463 -0.0017158202826976776 0.0006328012677840889 0.5431821942329407 0.0017150373896583915 0.9999977946281433 0.0012352168560028076 -1.9264479875564575 -0.0006349193281494081 -0.001234129536896944 0.9999989867210388 155.99217224121094
0.9999991655349731 -0.0013243502471596003 6.276898784562945e-05 0.5358684659004211 0.001324273063801229 0.9999983310699463 0.0012192849535495043 -1.949580192565918 -6.438337732106447e-05 -0.0012192006688565016 0.9999992251396179 157.2588348388672
0.9999988675117493 -0.00127396360039711 -0.0008361656218767166 0.5379731059074402 0.0012748581357300282 0.9999986290931702 0.0010701657738536596 -1.9678913354873657 0.000834801176097244 -0.0010712306248024106 0.9999990463256836 158.5381622314453
0.9999974966049194 -0.0017935947980731726 -0.0013365723425522447 0.528066098690033 0.001796508557163179 0.9999960660934448 0.002181696705520153 -1.9872792959213257 0.0013326539192348719 -0.0021840923000127077 0.9999967217445374 159.80422973632812
0.9999982118606567 -0.00047408873797394335 -0.0018432105425745249 0.515149712562561 0.0004787592915818095 0.9999966621398926 0.0025341876316815615 -2.0056393146514893 0.001842002966441214 -0.002535065868869424 0.9999951124191284 161.08853149414062
0.9999967217445374 -0.0004591939796227962 -0.0025290080811828375 0.5087738037109375 0.00046268958249129355 0.9999988675117493 0.0013817476574331522 -2.023210048675537 0.002528371289372444 -0.0013829132076352835 0.9999958872795105 162.3577117919922
0.999994695186615 0.0002832820755429566 -0.0032242638990283012 0.49863332509994507 -0.00028200610540807247 0.9999998807907104 0.0003961985057685524 -2.0438895225524902 0.0032243754249066114 -0.0003952871775254607 0.999994695186615 163.6041717529297
0.9999907612800598 0.0010260912822559476 -0.0041720191948115826 0.4919166564941406 -0.001024784636683762 0.999999463558197 0.00031533470610156655 -2.0631203651428223 0.00417233956977725 -0.00031105635571293533 0.9999911785125732 164.86862182617188
0.9999885559082031 0.0007827230729162693 -0.004723910242319107 0.47367584705352783 -0.0007857107557356358 0.999999463558197 -0.0006305838469415903 -2.083982229232788 0.004723412916064262 0.000634288415312767 0.9999885559082031 166.14553833007812
0.9999831914901733 0.001075928914360702 -0.0057030925527215 0.46733444929122925 -0.0010871090926229954 0.9999974966049194 -0.0019576584454625845 -2.1043918132781982 0.005700971465557814 0.0019638254307210445 0.999981701374054 167.4168243408203
0.9999799728393555 0.000915638986043632 -0.006265558768063784 0.44980645179748535 -0.0009236717596650124 0.9999987483024597 -0.0012793020578101277 -2.1314926147460938 0.006264380179345608 0.0012850638013333082 0.9999794960021973 168.68478393554688
0.9999722838401794 0.0012710856972262263 -0.007343302480876446 0.43886327743530273 -0.001269291271455586 0.9999992251396179 0.0002490095794200897 -2.155087471008301 0.007343612611293793 -0.00023968180175870657 0.9999729990959167 169.9595184326172
0.9999698400497437 0.0012226240942254663 -0.007672385312616825 0.4237903356552124 -0.0012184176594018936 0.9999991059303284 0.0005529089248739183 -2.1774606704711914 0.007673054467886686 -0.0005435438361018896 0.9999704360961914 171.2246856689453
0.9999635815620422 0.0018738768994808197 -0.0083317207172513 0.4039130210876465 -0.0018672372680157423 0.9999979734420776 0.0008046478033065796 -2.1965324878692627 0.008333209902048111 -0.0007890610722824931 0.9999649524688721 172.49417114257812
0.9999554753303528 0.002260645153000951 -0.009168000891804695 0.38620758056640625 -0.002249307930469513 0.9999967217445374 0.0012467576889321208 -2.220930576324463 0.009170789271593094 -0.0012260803487151861 0.9999572038650513 173.78976440429688
0.9999507665634155 0.0025763504672795534 -0.009582942351698875 0.36748945713043213 -0.0025721141137182713 0.9999966025352478 0.00045435791253112257 -2.2421650886535645 0.009584079496562481 -0.0004296871484257281 0.9999539256095886 175.0352325439453
0.9999452233314514 0.0033750764559954405 -0.009910290129482746 0.3425503969192505 -0.003376975655555725 0.9999942779541016 -0.00017492446932010353 -2.261486530303955 0.009909642860293388 0.00020838173804804683 0.9999508261680603 176.3026580810547
0.999943196773529 0.0033935154788196087 -0.010102060623466969 0.31000757217407227 -0.0033946544863283634 0.9999942779541016 -9.561495971865952e-05 -2.2758243083953857 0.01010167971253395 0.00012990256072953343 0.9999489784240723 177.57455444335938
0.9999374747276306 0.003563720965757966 -0.010593034327030182 0.297756552696228 -0.0035769015084952116 0.999992847442627 -0.0012256004847586155 -2.298668384552002 0.010588590987026691 0.0012634142767637968 0.9999430775642395 178.8170928955078
0.9999377131462097 0.0025881556794047356 -0.010849797166883945 0.2790043354034424 -0.0026202069129794836 0.9999922513961792 -0.0029409192502498627 -2.318986177444458 0.010842103511095047 0.002969164866954088 0.9999367594718933 180.0819549560547
0.9999375343322754 -0.0005226698704063892 -0.011164123192429543 0.26230478286743164 0.0004898351617157459 0.9999955892562866 -0.002943627070635557 -2.3423519134521484 0.011165612377226353 0.002937974873930216 0.9999332427978516 181.34588623046875
0.9999347925186157 -0.0005872652400285006 -0.011397203430533409 0.24374723434448242 0.0005994549719616771 0.9999992251396179 0.0010661431588232517 -2.367151975631714 0.011396567337214947 -0.0010729058412835002 0.9999344944953918 182.62367248535156
0.9999333024024963 -0.0012935347622260451 -0.011473054066300392 0.22388839721679688 0.001354050007648766 0.9999852180480957 0.005268343258649111 -2.3868277072906494 0.011466067284345627 -0.005283526610583067 0.9999202489852905 183.8890380859375
0.9999330043792725 -0.00037716864608228207 -0.01156294159591198 0.20580267906188965 0.0004315750556997955 0.999988853931427 0.004703077487647533 -2.4020867347717285 0.011561041697859764 -0.00470775319263339 0.9999220967292786 185.1479034423828
0.9999383687973022 0.0014025040436536074 -0.01100495457649231 0.177962064743042 -0.0013878637691959739 0.9999980926513672 0.0013378523290157318 -2.416654586791992 0.011006810702383518 -0.0013224966824054718 0.9999385476112366 186.39599609375
0.9999311566352844 0.001149029703810811 -0.011678628623485565 0.1591966152191162 -0.0011532274074852467 0.9999992847442627 -0.00035270582884550095 -2.440772533416748 0.011678212322294712 0.0003661497903522104 0.9999316930770874 187.641845703125
0.999927282333374 0.0011199850123375654 -0.012011648155748844 0.1392531394958496 -0.0011201538145542145 0.999999463558197 -7.348222425207496e-06 -2.4630935192108154 0.01201163325458765 2.0802661310881376e-05 0.999927818775177 188.8921356201172
0.9999322295188904 0.0006843380397185683 -0.011618578806519508 0.11846518516540527 -0.0006710538873448968 0.9999991059303284 0.0011472075711935759 -2.484288215637207 0.011619356460869312 -0.001139333238825202 0.9999318718910217 190.13978576660156
0.9999327063560486 0.0007912356522865593 -0.011571947485208511 0.09815359115600586 -0.0007513553719036281 0.9999938011169434 0.003450213000178337 -2.5071661472320557 0.011574609205126762 -0.003441286738961935 0.9999271631240845 191.3865509033203
0.9999414682388306 0.00042021682020276785 -0.010807039216160774 0.08126330375671387 -0.00037581476499326527 0.9999914765357971 0.004110331181436777 -2.5244319438934326 0.010808671824634075 -0.004106030333787203 0.9999331831932068 192.62857055664062
0.9999591112136841 0.0006468410138040781 -0.00902334414422512 0.06200885772705078 -0.0006195471505634487 0.999995231628418 0.003027265425771475 -2.538633346557617 0.00902525894343853 -0.003021551761776209 0.9999547600746155 193.8776092529297
0.9999685883522034 -0.0005372220184653997 -0.00791133102029562 0.045493125915527344 0.0005524047301150858 0.9999980330467224 0.0019170495215803385 -2.5616466999053955 0.007910285145044327 -0.0019213603809475899 0.9999668598175049 195.09759521484375
0.9999750256538391 -0.0008590361685492098 -0.00701647624373436 0.035565733909606934 0.0008638734580017626 0.9999994039535522 0.0006863928865641356 -2.5854830741882324 0.007015882059931755 -0.00069243717007339 0.9999751448631287 196.32826232910156
