1.0 1.9357121345819905e-06 -1.111994333768962e-05 2.530456185922958e-05 -1.935716454681824e-06 1.0 -3.811782676166331e-07 -3.628772731190111e-07 1.1119942428194918e-05 3.8119981127238134e-07 1.0 7.561503934994107e-06
0.9999789595603943 0.00039952911902219057 -0.0064782639965415 -0.008252747356891632 -0.0003969578829128295 0.9999998211860657 0.0003981805348303169 -0.0019444719655439258 0.006478422321379185 -0.00039560053846798837 0.9999789595603943 0.09161221235990524
0.9999070167541504 0.0009717565844766796 -0.013598128221929073 -0.01635127142071724 -0.0009694569744169712 0.9999995231628418 0.00017570325871929526 -0.0020533036440610886 0.013598292134702206 -0.00016250413318630308 0.9999074935913086 0.18855591118335724
0.9997721314430237 0.0013894647127017379 -0.021301276981830597 -0.026031505316495895 -0.0014018310466781259 0.9999988675117493 -0.0005656223511323333 -0.0021360034588724375 0.021300464868545532 0.0005953542422503233 0.9997729659080505 0.2854086756706238
0.9995414018630981 0.001704337541013956 -0.030232759192585945 -0.04296424984931946 -0.001764756510965526 0.9999964833259583 -0.001971891149878502 -0.0020063184201717377 0.030229292809963226 0.002024340443313122 0.9995409250259399 0.39060983061790466
0.9991246461868286 0.0019251469057053328 -0.041787490248680115 -0.05890955030918121 -0.002070599002763629 0.9999919533729553 -0.0034377577248960733 -0.00482513103634119 0.041780535131692886 0.003521273611113429 0.9991205930709839 0.5011933445930481
0.9984790086746216 0.001743884407915175 -0.055105630308389664 -0.08434778451919556 -0.0019701651763170958 0.9999898672103882 -0.004052253440022469 -0.007819416001439095 0.05509800836443901 0.004154657479375601 0.9984723329544067 0.6260441541671753
0.9974269866943359 0.0018227520631626248 -0.07166674733161926 -0.10859125852584839 -0.002145606093108654 0.9999879002571106 -0.0044282106682658195 -0.004332667216658592 0.07165781408548355 0.004570585675537586 0.9974188208580017 0.7614451050758362
0.995903730392456 0.00020324652723502368 -0.09041954576969147 -0.13457773625850677 -0.0005834281328134239 0.9999911189079285 -0.004178228322416544 -0.009284479543566704 0.09041789174079895 0.00421386631205678 0.9958949685096741 0.9171770811080933
0.9939119815826416 -0.0007444852963089943 -0.11017422378063202 -0.17618635296821594 0.00026446999981999397 0.9999904036521912 -0.004371424205601215 -0.012594527564942837 0.11017642170190811 0.004315672907978296 0.9939026236534119 1.0753108263015747
0.9912447929382324 -0.0007304311147890985 -0.13203497231006622 -0.22192338109016418 0.00010342477617086843 0.9999886751174927 -0.004755584057420492 -0.01297174021601677 0.1320369839668274 0.004700292367488146 0.9912336468696594 1.2342866659164429
0.9877328276634216 0.0028701135888695717 -0.15612664818763733 -0.2774316072463989 -0.0038701279554516077 0.9999738931655884 -0.0061015477403998375 -0.017835155129432678 0.15610507130622864 0.006630929186940193 0.9877183437347412 1.4030743837356567
0.9833490252494812 0.0072367554530501366 -0.18158262968063354 -0.34376612305641174 -0.008732072077691555 0.9999342560768127 -0.0074368068017065525 -0.02492140233516693 0.1815168857574463 0.008898569270968437 0.9833475947380066 1.5776526927947998
0.9779620170593262 0.010160495527088642 -0.20853599905967712 -0.4171288013458252 -0.012215161696076393 0.9998887181282043 -0.00856733787804842 -0.02767777442932129 0.20842576026916504 0.010925829410552979 0.9779772162437439 1.7598861455917358
0.971272885799408 0.010869515128433704 -0.23772001266479492 -0.4958154559135437 -0.013361437246203423 0.9998714327812195 -0.008873818442225456 -0.028758171945810318 0.23759296536445618 0.011795181781053543 0.9712931513786316 1.945132851600647
0.9632037281990051 0.012600880116224289 -0.26847708225250244 -0.5834885239601135 -0.01539522409439087 0.9998469948768616 -0.008305310271680355 -0.033315133303403854 0.2683313488960266 0.012132969684898853 0.9632503390312195 2.1410415172576904
0.9538226127624512 0.014624244533479214 -0.30001407861709595 -0.6795567274093628 -0.017634179443120956 0.9998176693916321 -0.007327336352318525 -0.03529657423496246 0.2998522222042084 0.012279483489692211 0.9539066553115845 2.3220603466033936
0.9425345063209534 0.016429899260401726 -0.33370453119277954 -0.7781575918197632 -0.0196301881223917 0.9997879266738892 -0.006220219191163778 -0.03583051636815071 0.33353158831596375 0.012413454242050648 0.9426571726799011 2.5102686882019043
0.9300130009651184 0.018556226044893265 -0.3670578598976135 -0.8814073801040649 -0.022129632532596588 0.9997398257255554 -0.005528963170945644 -0.04120282456278801 0.3668597638607025 0.013264862820506096 0.9301817417144775 2.689621925354004
0.9161467552185059 0.021500440314412117 -0.40026605129241943 -1.001833438873291 -0.025618385523557663 0.9996595978736877 -0.004939407110214233 -0.04114304110407829 0.4000236392021179 0.014779390767216682 0.9163857102394104 2.8710238933563232
0.9001131653785706 0.022260665893554688 -0.4350869357585907 -1.1182554960250854 -0.026772549375891685 0.9996324777603149 -0.004242466297000647 -0.042550623416900635 0.4348325729370117 0.01546708308160305 0.9003785252571106 3.0433309078216553
0.8817261457443237 0.018142065033316612 -0.4714127779006958 -1.2414429187774658 -0.023037513718008995 0.9997240304946899 -0.004615316167473793 -0.045996762812137604 0.4711989164352417 0.01492962148040533 0.8819006681442261 3.2194344997406006
0.8605737090110779 0.01380135491490364 -0.5091389417648315 -1.3762741088867188 -0.018770478665828705 0.9998130798339844 -0.004624675959348679 -0.05362787842750549 0.5089799761772156 0.013536657206714153 0.8606719374656677 3.3902931213378906
0.8355311751365662 0.015391078777611256 -0.5492275357246399 -1.5374025106430054 -0.019332509487867355 0.9998121857643127 -0.0013923668302595615 -0.05692214146256447 0.5491028428077698 0.01178131252527237 0.8356717228889465 3.5707736015319824
0.8064131736755371 0.021084904670715332 -0.5909765362739563 -1.7139692306518555 -0.02404569461941719 0.9997068047523499 0.0028562149964272976 -0.06478361040353775 0.5908633470535278 0.011907152831554413 0.8066837191581726 3.732973575592041
0.773798942565918 0.024089986458420753 -0.6329730749130249 -1.914952278137207 -0.027345063164830208 0.9996153712272644 0.004614952020347118 -0.0652586966753006 0.6328408122062683 0.013737645000219345 0.7741600275039673 3.908137559890747
0.738179087638855 0.023154716938734055 -0.674207329750061 -2.1300458908081055 -0.026351261883974075 0.9996377229690552 0.0054795872420072556 -0.06748196482658386 0.6740899085998535 0.01372129563242197 0.7385218143463135 4.07370662689209
0.698095977306366 0.01871645264327526 -0.7157595157623291 -2.346653461456299 -0.02030074968934059 0.9997737407684326 0.006343399174511433 -0.06354326754808426 0.7157163023948669 0.010102156549692154 0.6983178853988647 4.242746353149414
0.6550859212875366 0.01502513512969017 -0.7554050087928772 -2.584656238555908 -0.014844723045825958 0.9998652338981628 0.007014173083007336 -0.06355766206979752 0.7554085850715637 0.006618892773985863 0.655220627784729 4.407614707946777
0.6114844083786011 0.014704138971865177 -0.7911198735237122 -2.8469066619873047 -0.012424025684595108 0.9998824596405029 0.00898133683949709 -0.06246429681777954 0.79115891456604 0.004336944315582514 0.6115952134132385 4.53830099105835
0.5630316138267517 0.015250000171363354 -0.8262946605682373 -3.1257851123809814 -0.010074296034872532 0.9998821020126343 0.011589152738451958 -0.05863567069172859 0.8263739347457886 0.001799277844838798 0.5631187558174133 4.680726528167725
0.5121161937713623 0.015893932431936264 -0.8587691187858582 -3.4206666946411133 -0.008247202262282372 0.9998736381530762 0.013587353751063347 -0.055069394409656525 0.8588765263557434 0.00012413901276886463 0.5121826529502869 4.803739547729492
0.4598219096660614 0.017069434747099876 -0.8878470659255981 -3.7256503105163574 -0.00811841618269682 0.9998542666435242 0.015018263831734657 -0.04338008910417557 0.887973964214325 0.0003021857119165361 0.45989352464675903 4.901368141174316
0.4052157998085022 0.019254792481660843 -0.9140182733535767 -4.059750556945801 -0.006682923994958401 0.9998138546943665 0.018099401146173477 -0.04120785742998123 0.9141966700553894 -0.0012258484493941069 0.4052690267562866 4.998936176300049
0.34970027208328247 0.021230947226285934 -0.9366209506988525 -4.41178560256958 -0.006518768146634102 0.9997740983963013 0.020228605717420578 -0.03436139225959778 0.9368389844894409 -0.0009683336829766631 0.34975969791412354 5.0829572677612305
0.29428452253341675 0.024241158738732338 -0.955410361289978 -4.790874004364014 -0.0038829080294817686 0.9997003078460693 0.024168897420167923 -0.027451977133750916 0.9557099342346191 -0.003402762347832322 0.2942904829978943 5.158805847167969
0.24070197343826294 0.026022503152489662 -0.9702501893043518 -5.134602069854736 0.0009226693655364215 0.9996339678764343 0.027039485052227974 -0.03064022958278656 0.9705986380577087 -0.007403677795082331 0.24058985710144043 5.213356018066406
0.18987299501895905 0.02643672749400139 -0.9814527034759521 -5.524352073669434 0.0029764645732939243 0.999617338180542 0.027501849457621574 -0.024580806493759155 0.9818041920661926 -0.008143117651343346 0.18972162902355194 5.247121810913086
0.14208118617534637 0.02756112813949585 -0.9894711971282959 -5.937513828277588 0.0006872119847685099 0.9996093511581421 0.027942195534706116 -0.018146052956581116 0.9898546934127808 -0.004650037735700607 0.1420067399740219 5.269482612609863
0.09979970753192902 0.02793637290596962 -0.9946152567863464 -6.359343528747559 -0.0012163592036813498 0.9996085166931152 0.02795456536114216 -0.0078144371509552 0.995006799697876 -0.0015800490509718657 0.09979462623596191 5.268641948699951
0.062049299478530884 0.026342332363128662 -0.9977254271507263 -6.805914878845215 -0.0024814135394990444 0.999652624130249 0.02623889222741127 0.0006766617298126221 0.9980700612068176 0.0008476637303829193 0.0620930939912796 5.25901460647583
0.02751859277486801 0.02357889711856842 -0.9993431568145752 -7.2742815017700195 -0.0002425947313895449 0.999721884727478 0.023581156507134438 0.006357446312904358 0.9996212124824524 -0.0004064849345013499 0.027516663074493408 5.258395671844482
-0.0035508982837200165 0.021000375971198082 -0.9997732043266296 -7.750035285949707 0.00011443090625107288 0.999779462814331 0.021000104025006294 0.010120049118995667 0.9999937415122986 -3.983572241850197e-05 -0.003552515059709549 5.227728366851807
-0.030340153723955154 0.019150767475366592 -0.9993561506271362 -8.243103981018066 -0.00026934570632874966 0.9998161792755127 0.019167758524417877 0.01727190613746643 0.9995396137237549 0.0008507248712703586 -0.03032941371202469 5.190528392791748
-0.05083002895116806 0.016681576147675514 -0.9985679388046265 -8.747836112976074 -0.001276449067518115 0.999858558177948 0.01676810532808304 0.02796810120344162 0.998706579208374 0.0021269447170197964 -0.050801537930965424 5.14325475692749
-0.06752403825521469 0.015768665820360184 -0.9975931644439697 -9.268339157104492 -0.0003109089157078415 0.9998747110366821 0.015825774520635605 0.0402974933385849 0.9977176189422607 0.0013787809293717146 -0.0675107017159462 5.104552745819092
-0.0805307999253273 0.016004905104637146 -0.9966235756874084 -9.806309700012207 -0.00010677141835913062 0.9998708963394165 0.016065683215856552 0.04946474730968475 0.996752142906189 0.0014001931995153427 -0.0805187001824379 5.04996919631958
-0.09001713246107101 0.01740892045199871 -0.995788037776947 -10.362060546875 -8.728602551855147e-05 0.9998469352722168 0.017487773671746254 0.051790185272693634 0.9959402680397034 0.0016611176542937756 -0.09000185132026672 4.990588188171387
-0.09702809154987335 0.018698588013648987 -0.9951059818267822 -10.937468528747559 -0.0017683783080428839 0.9998188018798828 0.018959566950798035 0.05242893099784851 0.9952800273895264 0.0035993345081806183 -0.09697743505239487 4.927545547485352
-0.1014312356710434 0.01971672847867012 -0.994647204875946 -11.529802322387695 -0.0015183674404397607 0.9997994303703308 0.019973699003458023 0.05929653346538544 0.9948413968086243 0.00353619665838778 -0.10138094425201416 4.8590474128723145
-0.10286475718021393 0.020384790375828743 -0.9944865107536316 -12.137070655822754 0.000516457250341773 0.9997909665107727 0.020440099760890007 0.07089394330978394 0.9946951866149902 0.0015889557544142008 -0.10285378247499466 4.794539451599121
-0.10204155743122101 0.022662848234176636 -0.9945220351219177 -12.749862670898438 0.002370257629081607 0.9997432231903076 0.022538628429174423 0.07572552561759949 0.9947773218154907 -5.739676998928189e-05 -0.10206906497478485 4.736458778381348
-0.10027860105037689 0.02497238852083683 -0.9946459531784058 -13.413700103759766 0.0015835441881790757 0.9996878504753113 0.024939315393567085 0.08619973063468933 0.9949581623077393 0.0009258139762096107 -0.1002868264913559 4.662624359130859
-0.09873604029417038 0.024988198652863503 -0.9947998523712158 -14.067730903625488 -0.0006445285980589688 0.9996829032897949 0.02517482079565525 0.09299714863300323 0.9951134324073792 0.0031268394086509943 -0.09868861734867096 4.5941314697265625
-0.09702090173959732 0.022424738854169846 -0.9950296878814697 -14.732538223266602 -0.0020442765671759844 0.9997395277023315 0.022730208933353424 0.10470795631408691 0.9952802658081055 0.004239421337842941 -0.09694978594779968 4.525224208831787
-0.09553482383489609 0.022150248289108276 -0.9951796531677246 -15.411861419677734 -0.0028884110506623983 0.9997420310974121 0.022529076784849167 0.11572638154029846 0.9954219460487366 0.005026799160987139 -0.09544618427753448 4.453360080718994
-0.09395601600408554 0.024942640215158463 -0.9952638745307922 -16.108203887939453 -0.0026365628000348806 0.9996763467788696 0.02530212327837944 0.1270139217376709 0.9955728650093079 0.005001361481845379 -0.09385984390974045 4.387066841125488
-0.09214263409376144 0.02858700044453144 -0.9953354597091675 -16.827735900878906 -0.003602062352001667 0.999571681022644 0.029042132198810577 0.13742467761039734 0.9957393407821655 0.006261278409510851 -0.09200019389390945 4.318600177764893
-0.09034281969070435 0.030514894053339958 -0.9954431653022766 -17.5588321685791 -0.003635877976194024 0.9995136260986328 0.030969655141234398 0.14950349926948547 0.9959041476249695 0.0064171962440013885 -0.0901879295706749 4.246262550354004
-0.08868048340082169 0.0297832153737545 -0.9956148266792297 -18.29793930053711 -0.005660713650286198 0.9995215535163879 0.030404293909668922 0.16584017872810364 0.9960440397262573 0.00833215657621622 -0.0884694755077362 4.173166751861572
-0.08664832264184952 0.02684461884200573 -0.995877206325531 -19.05354118347168 -0.007884710095822811 0.9995872378349304 0.027630645781755447 0.17798641324043274 0.9962077736854553 0.010246355086565018 -0.08640088140964508 4.094940185546875
-0.0850314199924469 0.026231907308101654 -0.9960329532623291 -19.828020095825195 -0.008791769854724407 0.9995947480201721 0.02707626484334469 0.19409191608428955 0.9963394999504089 0.011059227399528027 -0.08476633578538895 4.021590232849121
-0.08350098133087158 0.02827359363436699 -0.9961064457893372 -20.609275817871094 -0.006368100177496672 0.9995619058609009 0.028905490413308144 0.2124585211277008 0.9964873790740967 0.008756943047046661 -0.08328434079885483 3.952573776245117
-0.08251477777957916 0.030551845207810402 -0.9961214661598206 -21.40689468383789 -0.004251852165907621 0.9995101094245911 0.031007984653115273 0.22281748056411743 0.9965807795524597 0.0067939781583845615 -0.08234445750713348 3.889678955078125
-0.08089347928762436 0.03234991058707237 -0.9961976408958435 -22.198270797729492 -0.0034550060518085957 0.9994580149650574 0.03273634612560272 0.23709189891815186 0.9967168569564819 0.006090026348829269 -0.0807378739118576 3.8107357025146484
-0.08033116161823273 0.027795335277915 -0.996380627155304 -22.987829208374023 -0.0035557495430111885 0.9995967745780945 0.028171729296445847 0.24388334155082703 0.9967617988586426 0.0058059473522007465 -0.08019993454217911 3.753554582595825
-0.07986856997013092 0.02107340283691883 -0.996582567691803 -23.796337127685547 -0.002276523970067501 0.9997699856758118 0.021323248744010925 0.2520598769187927 0.9968027472496033 0.003971802070736885 -0.07980223000049591 3.6845405101776123
-0.08017691224813461 0.016468171030282974 -0.9966446161270142 -24.615711212158203 0.001167589332908392 0.999864399433136 0.01642744243144989 0.2636321187019348 0.9967799782752991 0.00015343038830906153 -0.08018526434898376 3.62155818939209
-0.08103680610656738 0.017079157754778862 -0.9965648055076599 -25.453012466430664 0.002263969276100397 0.9998537302017212 0.016951430588960648 0.2746303081512451 0.9967085123062134 -0.0008825023542158306 -0.0810636356472969 3.556269645690918
-0.08091887086629868 0.0244976244866848 -0.9964196681976318 -26.298770904541016 0.0012920147273689508 0.9996995329856873 0.024473344907164574 0.28015029430389404 0.9967197775840759 0.0006929667433723807 -0.08092620223760605 3.4768929481506348
-0.08115889877080917 0.03161508962512016 -0.9961996674537659 -27.122318267822266 -0.00017981111886911094 0.999496340751648 0.03173435851931572 0.2889498472213745 0.996701180934906 0.0027546535711735487 -0.0811123475432396 3.409160852432251
-0.08174151927232742 0.037072356790304184 -0.9959638714790344 -27.96809959411621 -0.0020093563944101334 0.9992998242378235 0.03736143931746483 0.3010520339012146 0.9966515898704529 0.005055227316915989 -0.0816098004579544 3.336030960083008
-0.08180395513772964 0.03774617612361908 -0.9959335327148438 -28.806411743164062 -0.003913136199116707 0.9992626905441284 0.03819377347826958 0.30777090787887573 0.9966408014297485 0.007021624594926834 -0.08159593492746353 3.2544007301330566
-0.08209729194641113 0.033879756927490234 -0.9960483312606812 -29.642471313476562 -0.0038023616652935743 0.9994040727615356 0.03430729731917381 0.32736635208129883 0.9966170787811279 0.00660387147217989 -0.08191953599452972 3.181051015853882
-0.08196740597486496 0.030953677371144295 -0.9961543083190918 -30.478742599487305 -0.003916815388947725 0.9994998574256897 0.031379926949739456 0.34681594371795654 0.9966272115707397 0.006473883520811796 -0.08180516213178635 3.0982069969177246
-0.08239344507455826 0.03238798305392265 -0.9960734248161316 -31.307409286499023 -0.005715260282158852 0.9994400143623352 0.03297020122408867 0.358816921710968 0.9965835213661194 0.00840934831649065 -0.08216219395399094 3.028247356414795
-0.08256170898675919 0.034832458943128586 -0.9959770441055298 -32.149654388427734 -0.006590606179088354 0.9993480443954468 0.03549668937921524 0.36885178089141846 0.9965642690658569 0.009494759142398834 -0.08227832615375519 2.9583380222320557
-0.08211298286914825 0.03335938602685928 -0.9960645437240601 -32.975711822509766 -0.007907949388027191 0.9993863105773926 0.03412255272269249 0.3752177357673645 0.9965917468070984 0.010678730905056 -0.08179879933595657 2.877171754837036
-0.08190395683050156 0.028131153434515 -0.9962431788444519 -33.79984664916992 -0.008438210934400558 0.9995461702346802 0.02891814522445202 0.3881099820137024 0.9966044425964355 0.010775021277368069 -0.08162941038608551 2.8085458278656006
-0.08162345737218857 0.02381179854273796 -0.9963787794113159 -34.63655090332031 -0.00987310241907835 0.9996461272239685 0.024698693305253983 0.4023776054382324 0.9966142773628235 0.011853341944515705 -0.08135947585105896 2.7293574810028076
-0.08092231303453445 0.024992048740386963 -0.996407151222229 -35.46282958984375 -0.009853111580014229 0.9996166825294495 0.025872765108942986 0.4038620591163635 0.996671736240387 0.011911395937204361 -0.08064503967761993 2.6568832397460938
-0.0803411677479744 0.027489015832543373 -0.99638831615448 -36.2919807434082 -0.008660275489091873 0.9995626211166382 0.028274890035390854 0.4105116128921509 0.996729850769043 0.010900636203587055 -0.08006796985864639 2.58732008934021
-0.07981898635625839 0.03243090584874153 -0.9962816834449768 -37.14057540893555 -0.008499656803905964 0.9994121193885803 0.0332137756049633 0.4222313165664673 0.9967731237411499 0.011119143106043339 -0.07949642091989517 2.510314702987671
-0.07919502258300781 0.037678077816963196 -0.9961467981338501 -37.98361587524414 -0.007584766950458288 0.9992337822914124 0.038397833704948425 0.44538772106170654 0.9968302845954895 0.010596461594104767 -0.07884856313467026 2.4379160404205322
-0.07921789586544037 0.040842022746801376 -0.9960202574729919 -38.807220458984375 -0.008253701031208038 0.9990991950035095 0.04162471741437912 0.45909321308135986 0.9968231320381165 0.01151827722787857 -0.07880943268537521 2.3697211742401123
-0.07907252013683319 0.040804922580718994 -0.9960333704948425 -39.635013580322266 -0.007547867018729448 0.9991086721420288 0.04153011739253998 0.4791344404220581 0.996840238571167 0.01080181822180748 -0.07869406789541245 2.3043956756591797
-0.07881934940814972 0.03640246018767357 -0.996224045753479 -40.459197998046875 -0.008045688271522522 0.9992772340774536 0.03715059161186218 0.4976651668548584 0.9968563914299011 0.010943492874503136 -0.07846950739622116 2.231656789779663
-0.07824817299842834 0.03217342868447304 -0.9964146018028259 -41.28800582885742 -0.008862875401973724 0.9994171857833862 0.03296637907624245 0.5124228000640869 0.9968944191932678 0.011410658247768879 -0.0779174193739891 2.1550467014312744
-0.0779876708984375 0.029721714556217194 -0.9965111017227173 -42.117366790771484 -0.012905247509479523 0.9994416236877441 0.030819091945886612 0.5228009819984436 0.996870756149292 0.015263733454048634 -0.07756055891513824 2.0733261108398438
-0.07832557708024979 0.027774248272180557 -0.9965408444404602 -42.94491195678711 -0.016204645857214928 0.999444305896759 0.029128815978765488 0.5349612236022949 0.9967960715293884 0.01843012124300003 -0.07783198356628418 1.9930660724639893
-0.07955975830554962 0.02575068362057209 -0.9964974522590637 -43.75202178955078 -0.01411979366093874 0.9995368719100952 0.02695654146373272 0.542483389377594 0.9967300891876221 0.016214994713664055 -0.07915931195020676 1.9431159496307373
-0.08097170293331146 0.02190014161169529 -0.996475875377655 -44.58039474487305 -0.01054326631128788 0.9996837377548218 0.02282737009227276 0.5526416301727295 0.996660590171814 0.012354481033980846 -0.08071519434452057 1.882443904876709
-0.08122885227203369 0.02048783004283905 -0.9964848756790161 -45.40404510498047 -0.0062280986458063126 0.999758780002594 0.02106282487511635 0.5613711476325989 0.9966760277748108 0.007917116396129131 -0.08108164370059967 1.8055522441864014
-0.08347707986831665 0.02392767369747162 -0.9962223768234253 -46.22505187988281 -0.005992230959236622 0.9996815323829651 0.024512868374586105 0.567129909992218 0.9964917302131653 0.008015857078135014 -0.08330710977315903 1.734724760055542
-0.0851811021566391 0.030397968366742134 -0.9959016442298889 -47.04214096069336 -0.003307771636173129 0.9995203018188477 0.03079133853316307 0.5713191628456116 0.9963600039482117 0.005917056929320097 -0.08503969013690948 1.6630229949951172
-0.0867593064904213 0.03391045704483986 -0.9956520199775696 -47.85210037231445 -0.001677788095548749 0.9994141459465027 0.03418479114770889 0.5815092325210571 0.9962279796600342 0.004636341705918312 -0.08665157854557037 1.589646816253662
-0.08792867511510849 0.03369419649243355 -0.9955568909645081 -48.64427185058594 -0.0025164776016026735 0.9994170665740967 0.03404710814356804 0.5806354284286499 0.9961235523223877 0.005499014165252447 -0.08779264241456985 1.51127290725708
-0.08869687467813492 0.029671603813767433 -0.9956166744232178 -49.443115234375 -0.005833236034959555 0.9995235800743103 0.03030770644545555 0.5917386412620544 0.9960415363311768 0.008495865389704704 -0.08848153799772263 1.4248900413513184
-0.08969505876302719 0.02607494406402111 -0.9956278800964355 -50.23305892944336 -0.01058438140898943 0.9995757937431335 0.02713187411427498 0.5993800163269043 0.9959130883216858 0.012971701100468636 -0.08938102424144745 1.3385953903198242
-0.09136422723531723 0.02462424710392952 -0.9955130219459534 -51.02485656738281 -0.014737274497747421 0.9995512962341309 0.026076659560203552 0.6091291308403015 0.9957084655761719 0.017053624615073204 -0.09096033871173859 1.255599021911621
-0.09236099570989609 0.025840498507022858 -0.9953901767730713 -51.81905746459961 -0.016503483057022095 0.9994861483573914 0.027478165924549103 0.6142317652702332 0.9955889582633972 0.01896531507372856 -0.09188706427812576 1.174811840057373
-0.09341271221637726 0.02751699462532997 -0.9952470660209656 -52.60670471191406 -0.01643112674355507 0.9994391798973083 0.029175106436014175 0.6215689778327942 0.9954919219017029 0.019078359007835388 -0.09290819615125656 1.0976099967956543
-0.09427745640277863 0.026881791651248932 -0.995182991027832 -53.38945007324219 -0.018287580460309982 0.9994199275970459 0.02872869186103344 0.6290246844291687 0.9953779578208923 0.02090795710682869 -0.09373115003108978 1.014662742614746
-0.09474655240774155 0.02667044661939144 -0.9951441884040833 -54.166839599609375 -0.01905541867017746 0.9994093179702759 0.028599003329873085 0.637518584728241 0.9953190088272095 0.02167254500091076 -0.09418236464262009 0.9330987930297852
-0.09545577317476273 0.028510620817542076 -0.9950252771377563 -54.94414138793945 -0.01752939447760582 0.9993866086006165 0.030317237600684166 0.645681619644165 0.9952793121337891 0.020336145535111427 -0.09489744901657104 0.8599076271057129
-0.09563268721103668 0.031238388270139694 -0.9949263334274292 -55.71429443359375 -0.01694294437766075 0.999311625957489 0.03300463408231735 0.6580033302307129 0.9952724575996399 0.02001330628991127 -0.09503757953643799 0.7847919464111328
-0.09591806679964066 0.0356331467628479 -0.9947512149810791 -56.49342346191406 -0.016752349212765694 0.9991596341133118 0.037406399846076965 0.6658295392990112 0.9952483773231506 0.020252365618944168 -0.0952405259013176 0.7039756774902344
-0.09660288691520691 0.0377480648458004 -0.9946069121360779 -57.25626754760742 -0.01691744104027748 0.9990739226341248 0.03956073522567749 0.6795626878738403 0.9951792359352112 0.020647885277867317 -0.09587480872869492 0.6293525695800781
-0.09728498756885529 0.03763315826654434 -0.9945447444915771 -58.01099395751953 -0.016421809792518616 0.9990880489349365 0.039411433041095734 0.6925938129425049 0.9951210021972656 0.020166367292404175 -0.09657825529575348 0.553133487701416
-0.09757216274738312 0.03590601310133934 -0.9945805072784424 -58.75175094604492 -0.015847433358430862 0.9991661906242371 0.037626251578330994 0.7009932994842529 0.9951022267341614 0.019432825967669487 -0.09692179411649704 0.4781198501586914
-0.0976383313536644 0.03196265548467636 -0.9947085976600647 -59.477596282958984 -0.01533256284892559 0.9993171691894531 0.033615756779909134 0.7184009552001953 0.9951038360595703 0.0185336172580719 -0.09708161652088165 0.4040651321411133
-0.09728198498487473 0.02910766564309597 -0.9948311448097229 -60.213714599609375 -0.016039840877056122 0.999396562576294 0.030809743329882622 0.7277116775512695 0.9951276183128357 0.018954165279865265 -0.09675639867782593 0.31893301010131836
-0.09619545936584473 0.026840969920158386 -0.9950004816055298 -60.922019958496094 -0.016496960073709488 0.9994560480117798 0.028556065633893013 0.737309455871582 0.9952257871627808 0.019161447882652283 -0.09570033103227615 0.2486553192138672
-0.09371384233236313 0.02608715370297432 -0.9952574372291565 -61.61593246459961 -0.01938033290207386 0.9994193911552429 0.028021108359098434 0.7410805225372314 0.9954105615615845 0.02191438153386116 -0.09315385669469833 0.17386531829833984
-0.08899328112602234 0.026828525587916374 -0.9956708550453186 -62.31374740600586 -0.01923779584467411 0.9994043707847595 0.028648605570197105 0.7499037981033325 0.9958463907241821 0.021704042330384254 -0.08842414617538452 0.09983301162719727
-0.08371663093566895 0.028425494208931923 -0.9960840940475464 -62.9638786315918 -0.01871570572257042 0.9993718862533569 0.03009229339659214 0.7546238899230957 0.996313750743866 0.021161643788218498 -0.0831320509314537 0.052355289459228516
-0.07629259675741196 0.030025474727153778 -0.9966333508491516 -63.6165885925293 -0.017991989850997925 0.9993423223495483 0.03148437663912773 0.7601258754730225 0.9969230890274048 0.020333442836999893 -0.07570220530033112 0.0022459030151367188
-0.06755144149065018 0.03121422603726387 -0.9972274899482727 -64.24839782714844 -0.01894351840019226 0.9992902278900146 0.0325620099902153 0.7668111324310303 0.9975358843803406 0.021090608090162277 -0.06691218167543411 -0.03796672821044922
-0.05583710968494415 0.033263739198446274 -0.9978856444358826 -64.87738800048828 -0.02095545455813408 0.9991856813430786 0.034479644149541855 0.769801139831543 0.9982199668884277 0.022836392745375633 -0.055094584822654724 -0.07585549354553223
-0.040862079709768295 0.034364253282547 -0.9985737204551697 -65.48060607910156 -0.023909570649266243 0.9990885853767395 0.035360366106033325 0.7816435098648071 0.9988787174224854 0.02532036229968071 -0.0400032103061676 -0.10134363174438477
-0.022423680871725082 0.03579382598400116 -0.9991075992584229 -66.04136657714844 -0.02558846026659012 0.9990109205245972 0.036364663392305374 0.7854858636856079 0.9994210004806519 0.026381053030490875 -0.021485595032572746 -0.11291790008544922
0.0001310482621192932 0.03680329769849777 -0.9993224740028381 -66.61678314208984 -0.02689584717154503 0.9989611506462097 0.03678646683692932 0.7922954559326172 0.9996381998062134 0.026872806251049042 0.0011207722127437592 -0.10960247367620468
0.02570810541510582 0.03740699589252472 -0.998969316482544 -67.16120910644531 -0.026152698323130608 0.9989827871322632 0.03673446923494339 0.7956550121307373 0.9993273615837097 0.025181375443935394 0.02666025608778 -0.08198404312133789
0.054746970534324646 0.03659011796116829 -0.9978295564651489 -67.68099975585938 -0.024737335741519928 0.9990713000297546 0.03527841344475746 0.8064512014389038 0.9981938600540161 0.02275225892663002 0.05560127645730972 -0.02710866928100586
0.08884646743535995 0.036507029086351395 -0.9953760504722595 -68.1894760131836 -0.023078136146068573 0.9991353154182434 0.03458496928215027 0.8139039278030396 0.9957779049873352 0.01989867351949215 0.08961215615272522 0.041674137115478516
0.12602576613426208 0.03646209090948105 -0.991356611251831 -68.6702651977539 -0.02326164022088051 0.9991580843925476 0.033791910856962204 0.8247438669204712 0.9917541742324829 0.01880192942917347 0.1267678588628769 0.1321563720703125
0.16765223443508148 0.03686494380235672 -0.9851566553115845 -69.11181640625 -0.022862771525979042 0.9991772174835205 0.0334988571703434 0.8180631399154663 0.9855810403823853 0.016907254233956337 0.16835713386535645 0.21650123596191406
0.2129625678062439 0.03803005814552307 -0.9763199090957642 -69.48197174072266 -0.02173525281250477 0.9991793632507324 0.03417942672967911 0.8140759468078613 0.9768185615539551 0.013941622339189053 0.21361437439918518 0.31382274627685547
0.2617371082305908 0.03660634160041809 -0.9644447565078735 -69.92217254638672 -0.018725521862506866 0.9992849230766296 0.032846879214048386 0.8176195621490479 0.964957594871521 0.009462484158575535 0.2622354328632355 0.46062278747558594
0.3116438388824463 0.03209410607814789 -0.9496569037437439 -70.33169555664062 -0.011464817449450493 0.9994836449623108 0.03001568093895912 0.8129009008407593 0.9501298069953918 0.0015334415948018432 0.311850905418396 0.6425609588623047
0.3623884916305542 0.02621041238307953 -0.9316585063934326 -70.72563934326172 -0.005855810362845659 0.9996488690376282 0.025845443829894066 0.8221919536590576 0.932008683681488 -0.00391047541052103 0.3624145984649658 0.8460750579833984
0.4143800735473633 0.021553779020905495 -0.9098485708236694 -71.10200500488281 -0.0006134980358183384 0.9997260570526123 0.023403503000736237 0.8235582709312439 0.9101036190986633 -0.009139752946794033 0.4142797291278839 1.0634727478027344
0.46497422456741333 0.021082472056150436 -0.8850731253623962 -71.48139190673828 -0.0009948797523975372 0.9997283220291138 0.02329089120030403 0.8302412033081055 0.8853236436843872 -0.009949123486876488 0.46486878395080566 1.3054656982421875
0.5142566561698914 0.020422937348484993 -0.8573931455612183 -71.83634948730469 -0.0005243217456154525 0.9997237324714661 0.023498740047216415 0.8372330665588379 0.8576362133026123 -0.011634835042059422 0.5141252875328064 1.5373077392578125
0.5598621368408203 0.015549954026937485 -0.8284398913383484 -72.19082641601562 0.007426912430673838 0.9996894598007202 0.023783467710018158 0.8480206727981567 0.8285524845123291 -0.019468212500214577 0.5595727562904358 1.8190765380859375
0.60342937707901 0.008909525349736214 -0.7973665595054626 -72.50535583496094 0.018085166811943054 0.9995274543762207 0.024854861199855804 0.8478975296020508 0.7972113490104675 -0.029418664053082466 0.6029831171035767 2.1258544921875
0.6455920934677124 0.0037680757232010365 -0.7636730670928955 -72.81946563720703 0.019579749554395676 0.999577522277832 0.021484343335032463 0.8533217310905457 0.7634312510490417 -0.028822651132941246 0.6452456116676331 2.44366455078125
0.6867536306381226 -0.00026137661188840866 -0.7268901467323303 -73.11317443847656 0.016632050275802612 0.9997438192367554 0.015354183502495289 0.845725953578949 0.7267000079154968 -0.022634213790297508 0.686582088470459 2.7621116638183594
0.7274149060249329 -0.006288474891334772 -0.6861692070960999 -73.37896728515625 0.012224124744534492 0.9999180436134338 0.003795054042711854 0.847937822341919 0.686089038848877 -0.011148395948112011 0.7274320721626282 3.081623077392578
0.7664303183555603 -0.008855676278471947 -0.6422662734985352 -73.64762878417969 0.007578564807772636 0.9999600052833557 -0.004743948578834534 0.8508695363998413 0.6422826647758484 -0.0012315521016716957 0.7664669156074524 3.450450897216797
0.8033825159072876 -0.009608777239918709 -0.595385730266571 -73.90543365478516 0.00601320480927825 0.9999496936798096 -0.008024025708436966 0.850837767124176 0.5954328775405884 0.002866182941943407 0.8034000396728516 3.8447952270507812
0.8370857238769531 -0.011498060077428818 -0.5469509363174438 -74.14679718017578 0.00726266810670495 0.9999245405197144 -0.009905301965773106 0.8483676910400391 0.5470236539840698 0.004319263156503439 0.8371059894561768 4.276031494140625
0.8679279685020447 -0.009089328348636627 -0.4966069161891937 -74.38554382324219 0.003605747362598777 0.9999215006828308 -0.011999605223536491 0.8358902931213379 0.4966769218444824 0.008624155074357986 0.8678926229476929 4.71978759765625
0.8937299847602844 -0.007532540243119001 -0.4485422372817993 -74.59449005126953 0.0030637593008577824 0.9999381899833679 -0.010687741450965405 0.8232828974723816 0.44859492778778076 0.008177731186151505 0.8936977386474609 5.197624206542969
0.9145815968513489 -0.0015862282598391175 -0.4043985903263092 -74.78359985351562 -0.002569800242781639 0.9999493956565857 -0.009734062477946281 0.8111079931259155 0.40439340472221375 0.00994181726127863 0.9145310521125793 5.696224212646484
0.9319320917129517 0.00280008208937943 -0.3626219928264618 -74.96804809570312 -0.007439243607223034 0.999907374382019 -0.011397674679756165 0.8032495975494385 0.36255645751953125 0.01331949420273304 0.9318665862083435 6.211091995239258
0.9453646540641785 0.008227581158280373 -0.3259110152721405 -75.15544128417969 -0.012232623994350433 0.9998726844787598 -0.010241309180855751 0.7949947118759155 0.3257853090763092 0.013668517582118511 0.9453449249267578 6.742664337158203
0.9551824331283569 0.008753285743296146 -0.29588833451271057 -75.30952453613281 -0.011789055541157722 0.9998945593833923 -0.008477305993437767 0.7825613021850586 0.2957829535007477 0.011585619300603867 0.9551848769187927 7.308481216430664
0.9624059200286865 0.007987052202224731 -0.27149757742881775 -75.46084594726562 -0.010300501249730587 0.9999217391014099 -0.007097072899341583 0.7724459171295166 0.27141961455345154 0.009626827202737331 0.9624130725860596 7.893434524536133
0.9681345224380493 0.008175956085324287 -0.250296950340271 -75.61093139648438 -0.009741874411702156 0.9999399185180664 -0.005017966032028198 0.7605092525482178 0.25024089217185974 0.007296429015696049 0.9681561589241028 8.50558090209961
0.9727447628974915 0.0111328000202775 -0.23161110281944275 -75.76496887207031 -0.012064174748957157 0.9999237656593323 -0.002605271292850375 0.7552579045295715 0.23156443238258362 0.005328459665179253 0.9728049635887146 9.121332168579102
0.9762342572212219 0.015917161479592323 -0.2161327302455902 -75.90824890136719 -0.016566583886742592 0.9998619556427002 -0.0011932442430406809 0.7495290040969849 0.21608394384384155 0.00474546616896987 0.9763633012771606 9.756522178649902
0.9789631366729736 0.01959209516644478 -0.20309437811374664 -76.03832244873047 -0.01991533860564232 0.999801516532898 0.0004521340597420931 0.7383072972297668 0.20306293666362762 0.003602070501074195 0.9791591167449951 10.402536392211914
0.9816668033599854 0.01828516088426113 -0.189725860953331 -76.16618347167969 -0.018561474978923798 0.9998276829719543 0.00032059825025498867 0.7270267009735107 0.18969902396202087 0.003206871449947357 0.9818370342254639 11.067087173461914
0.984194278717041 0.01828753761947155 -0.17614518105983734 -76.27987670898438 -0.018658187240362167 0.9998257756233215 -0.000448096077889204 0.7211671471595764 0.1761063039302826 0.0037275643553584814 0.9843640327453613 11.744477272033691
0.9866699576377869 0.018838664516806602 -0.1616394966840744 -76.3938980102539 -0.0191002506762743 0.9998175501823425 -6.446873885579407e-05 0.7188751101493835 0.1616087704896927 0.0031509650871157646 0.9868497848510742 12.443387031555176
0.9888359904289246 0.020237533375620842 -0.1476273089647293 -76.49578094482422 -0.020461058244109154 0.999790608882904 4.4809639803133905e-06 0.7169920802116394 0.14759649336338043 0.003016179893165827 0.9890429973602295 13.153491973876953
0.9906740784645081 0.020547857508063316 -0.13469454646110535 -76.59452819824219 -0.02108052931725979 0.9997745752334595 -0.0025295179802924395 0.7014878392219543 0.13461220264434814 0.0053453603759408 0.9908839464187622 13.869220733642578
0.992128312587738 0.020599408075213432 -0.12351904064416885 -76.68899536132812 -0.02168433926999569 0.9997370839118958 -0.007445477414876223 0.6848223209381104 0.12333321571350098 0.010065298527479172 0.9923142790794373 14.604557991027832
0.9932813048362732 0.020846635103225708 -0.11383131146430969 -76.77584075927734 -0.022577179595828056 0.999647855758667 -0.01393461786210537 0.6669995188713074 0.11350075155496597 0.016410985961556435 0.993402361869812 15.343079566955566
0.9941648244857788 0.019521618261933327 -0.10609059780836105 -76.86492156982422 -0.02113570086658001 0.9996769428253174 -0.014111099764704704 0.6555074453353882 0.10578086227178574 0.016271056607365608 0.994256317615509 16.125627517700195
0.9948668479919434 0.021239882335066795 -0.09893787652254105 -76.94949340820312 -0.022130127996206284 0.9997238516807556 -0.007909175008535385 0.6396801471710205 0.09874256700277328 0.0100580845028162 0.9950621128082275 16.8929500579834
0.9952555298805237 0.025723090395331383 -0.09383349120616913 -77.03023529052734 -0.025821970775723457 0.9996665120124817 0.00016043521463871002 0.6226481795310974 0.09380632638931274 0.0022632908076047897 0.9955878853797913 17.65936279296875
0.9956012964248657 0.026472175493836403 -0.0898737907409668 -77.09820556640625 -0.026231424883008003 0.9996484518051147 0.0038590524345636368 0.6081566214561462 0.08994437754154205 -0.0014845598489046097 0.9959455728530884 18.425947189331055
0.995959997177124 0.0254951324313879 -0.0861031785607338 -77.17350769042969 -0.025320813059806824 0.9996744990348816 0.0031162332743406296 0.5929398536682129 0.08615460246801376 -0.0009234417229890823 0.9962813258171082 19.186233520507812
0.9962555170059204 0.024636998772621155 -0.08287198841571808 -77.25065612792969 -0.024617178365588188 0.9996961951255798 0.0012611430138349533 0.593837320804596 0.08287788927555084 0.0007836520671844482 0.9965593814849854 19.971410751342773
