1.0 4.100726528122323e-06 -9.637754374125507e-06 2.2030100808478892e-05 -4.100736532564042e-06 1.0 -1.0522724096517777e-06 -5.994899652250751e-07 9.637749826651998e-06 1.0523119726713048e-06 1.0 7.156994342949474e-06
0.9999788999557495 0.0004151376779191196 -0.006484386511147022 -0.008206051774322987 -0.00041259502177126706 0.9999998211860657 0.0003934466221835464 -0.0019313973607495427 0.006484549026936293 -0.0003907628997694701 0.9999788999557495 0.09179866313934326
0.9999071359634399 0.0009559439495205879 -0.013595445081591606 -0.016301147639751434 -0.0009537343285046518 0.9999995231628418 0.00016901241906452924 -0.0018633741419762373 0.013595599681138992 -0.00015603029169142246 0.9999075531959534 0.188505157828331
0.9997723698616028 0.0013943627709522843 -0.021292444318532944 -0.02609315887093544 -0.0014066777657717466 0.9999988675117493 -0.0005634133121930063 -0.0021560383029282093 0.021291634067893028 0.0005932366475462914 0.9997731447219849 0.2853921055793762
0.9995412230491638 0.0016965351533144712 -0.030239228159189224 -0.04277801513671875 -0.0017571327043697238 0.9999964833259583 -0.00197747815400362 -0.0020944238640367985 0.030235767364501953 0.002029705559834838 0.9995407462120056 0.3907236158847809
0.9991251230239868 0.0019318475387990475 -0.04177643358707428 -0.058952853083610535 -0.0020766311790794134 0.9999920129776001 -0.0034225627314299345 -0.004960175603628159 0.04176948592066765 0.003506322391331196 0.9991211295127869 0.5012190341949463
0.9984784722328186 0.0017335312440991402 -0.05511614680290222 -0.08419790118932724 -0.0019591860473155975 0.999989926815033 -0.0040403991006314754 -0.008013792335987091 0.05510859191417694 0.004142234567552805 0.9984717965126038 0.6260614395141602
0.9974265694618225 0.0018217850010842085 -0.07167231291532516 -0.1084921807050705 -0.002144383965060115 0.9999879002571106 -0.00442433962598443 -0.004272253718227148 0.07166339457035065 0.00456664664670825 0.9974184036254883 0.7614418268203735
0.9959038496017456 0.0002041744883172214 -0.09041819721460342 -0.13459263741970062 -0.000584471388719976 0.9999911189079285 -0.004179519135504961 -0.009303811006247997 0.09041654318571091 0.004215246066451073 0.9958950877189636 0.9171508550643921
0.9939122200012207 -0.0007535393815487623 -0.11017242074012756 -0.17615744471549988 0.00027404955471865833 0.9999904036521912 -0.004367253743112087 -0.012734577059745789 0.11017465591430664 0.004310473799705505 0.993902862071991 1.0752094984054565
0.9912563562393188 -0.0007369774975813925 -0.13194800913333893 -0.22122561931610107 0.00011413659376557916 0.9999887943267822 -0.004727852065116167 -0.01216953620314598 0.1319500207901001 0.004671452101320028 0.9912453889846802 1.22638738155365
0.9877508282661438 0.0028128596022725105 -0.15601398050785065 -0.2765653729438782 -0.0038082606624811888 0.999974250793457 -0.006081670057028532 -0.01718924567103386 0.15599283576011658 0.006601317785680294 0.9877360463142395 1.394876480102539
0.983364462852478 0.007200181018561125 -0.18150076270103455 -0.3432879149913788 -0.00869835913181305 0.9999343156814575 -0.007459746208041906 -0.024321259930729866 0.18143512308597565 0.008914407342672348 0.9833624958992004 1.5707290172576904
0.9779922366142273 0.010155677795410156 -0.20839424431324005 -0.41654089093208313 -0.012201656587421894 0.9998891949653625 -0.008534657768905163 -0.02708258479833603 0.20828446745872498 0.010889583267271519 0.9780076742172241 1.751083254814148
0.9712969064712524 0.010800158604979515 -0.23762521147727966 -0.4942430257797241 -0.013287294656038284 0.9998723864555359 -0.008867434225976467 -0.028163418173789978 0.23749911785125732 0.011770306155085564 0.9713164567947388 1.9375470876693726
0.9632450342178345 0.01270283292979002 -0.2683238089084625 -0.5842316150665283 -0.015489378944039345 0.9998458623886108 -0.008270577527582645 -0.032639335840940475 0.2681773900985718 0.012122761458158493 0.9632933139801025 2.1348888874053955
0.9538412690162659 0.014605602249503136 -0.2999555766582489 -0.6776812076568604 -0.01763501763343811 0.9998171329498291 -0.007394697517156601 -0.03327532857656479 0.29979273676872253 0.012343090027570724 0.9539244174957275 2.314119577407837
0.9425824284553528 0.01632293127477169 -0.33357441425323486 -0.7761253118515015 -0.01953689381480217 0.9997894167900085 -0.00628237146884203 -0.03387046232819557 0.333401620388031 0.012438659556210041 0.9427027106285095 2.5002429485321045
0.9300323128700256 0.018594913184642792 -0.36700698733329773 -0.8801651000976562 -0.022206366062164307 0.9997376203536987 -0.0056200711987912655 -0.038832519203424454 0.36680611968040466 0.01337673980742693 0.9302011728286743 2.6821305751800537
0.9161818027496338 0.021394480019807816 -0.4001915156841278 -1.0008957386016846 -0.025551045313477516 0.9996607899665833 -0.0050530279986560345 -0.03863510116934776 0.3999476134777069 0.014854803681373596 0.9164175391197205 2.862732410430908
0.900117814540863 0.02199246548116207 -0.43509119749069214 -1.1152974367141724 -0.026563433930277824 0.9996373653411865 -0.004426031839102507 -0.039254870265722275 0.4348360300064087 0.015541465021669865 0.900375485420227 3.0351483821868896
0.8817384243011475 0.01802372746169567 -0.4713941812515259 -1.2402918338775635 -0.0229940228164196 0.9997242093086243 -0.004785710480064154 -0.04275599867105484 0.471177875995636 0.015058993361890316 0.8819096088409424 3.211533546447754
0.8605232834815979 0.013523507863283157 -0.5092315673828125 -1.3734183311462402 -0.018587248399853706 0.9998154044151306 -0.004857802763581276 -0.04939888417720795 0.5090718865394592 0.013645465485751629 0.8606158494949341 3.3843252658843994
0.8354661464691162 0.01513733435422182 -0.5493333339691162 -1.5349018573760986 -0.01928139664232731 0.9998124241828918 -0.0017738878959789872 -0.05146891623735428 0.5492035150527954 0.012073936872184277 0.8356013894081116 3.566173791885376
0.8062766194343567 0.020646069198846817 -0.5911781787872314 -1.712672233581543 -0.023794474080204964 0.9997137784957886 0.002461579628288746 -0.05865458771586418 0.5910598635673523 0.012082060799002647 0.8065372109413147 3.732058525085449
0.7737592458724976 0.023878442123532295 -0.6330296993255615 -1.9137786626815796 -0.027320651337504387 0.9996173977851868 0.004312123637646437 -0.06100638955831528 0.6328904628753662 0.013958235271275043 0.7741155624389648 3.9047000408172607
0.7379834651947021 0.023085420951247215 -0.6744237542152405 -2.12606143951416 -0.0264136865735054 0.9996368885040283 0.0053144292905926704 -0.06528733670711517 0.6743016839027405 0.013892057351768017 0.7383252382278442 4.068801403045654
0.6978240013122559 0.01860516518354416 -0.7160276174545288 -2.3421525955200195 -0.020247524604201317 0.9997753500938416 0.006245265249162912 -0.06277616322040558 0.7159831523895264 0.010139690712094307 0.6980440020561218 4.2386393547058105
0.6549408435821533 0.015010328032076359 -0.7555310726165771 -2.5810816287994385 -0.014950412325561047 0.9998643398284912 0.0069046239368617535 -0.061750754714012146 0.7555322647094727 0.0067733824253082275 0.6550764441490173 4.402028560638428
0.611098051071167 0.01446621585637331 -0.7914226651191711 -2.84385085105896 -0.012202301993966103 0.9998863339424133 0.008854648098349571 -0.06068801507353783 0.7914609909057617 0.004246120806783438 0.6112050414085388 4.536954879760742
0.5627549886703491 0.01493028923869133 -0.8264888525009155 -3.122222661972046 -0.00973291415721178 0.999887228012085 0.011435555294156075 -0.05668911710381508 0.8265664577484131 0.0016087295953184366 0.562836766242981 4.677229881286621
0.5117205381393433 0.01563328690826893 -0.8590097427368164 -3.4187698364257812 -0.008058263920247555 0.9998776912689209 0.013396586291491985 -0.052669595927000046 0.8591141700744629 6.681913509964943e-05 0.5117839574813843 4.801693916320801
0.4594540596008301 0.016980554908514023 -0.8880391716957092 -3.7241742610931396 -0.007754464168101549 0.9998558163642883 0.01510663703083992 -0.043549612164497375 0.888167679309845 -5.4538821132155135e-05 0.45951956510543823 4.899331092834473
0.4048464298248291 0.019189732149243355 -0.9141832590103149 -4.05534029006958 -0.006272744387388229 0.999814510345459 0.018209343776106834 -0.041827354580163956 0.9143632650375366 -0.001637549139559269 0.4048917591571808 4.994638919830322
0.3492554724216461 0.020996488630771637 -0.936792254447937 -4.40918493270874 -0.006051304284483194 0.999778687953949 0.02015216276049614 -0.033256951719522476 0.9370080232620239 -0.0013694379013031721 0.3493052124977112 5.078683853149414
0.2938787341117859 0.024060266092419624 -0.9555398225784302 -4.788986682891846 -0.0035016618203371763 0.9997035264968872 0.02409535087645054 -0.02713949792087078 0.955836296081543 -0.0037351350765675306 0.29387587308883667 5.156282424926758
0.24025511741638184 0.02608713135123253 -0.970359206199646 -5.129707336425781 0.0012737535871565342 0.9996294379234314 0.027189413085579872 -0.03301405534148216 0.970708966255188 -0.0077683934941887856 0.2401328980922699 5.212173938751221
0.18935318291187286 0.026438765227794647 -0.9815530180931091 -5.513454914093018 0.0035686390474438667 0.9996123313903809 0.02761363610625267 -0.026624251157045364 0.9819025993347168 -0.0087315384298563 0.18918542563915253 5.245622158050537
0.14168575406074524 0.027537675574421883 -0.9895285964012146 -5.92705774307251 0.001113859354518354 0.9996079802513123 0.027977660298347473 -0.02042730152606964 0.9899110794067383 -0.005066231824457645 0.14159952104091644 5.268238544464111
0.09926984459161758 0.027973348274827003 -0.9946672916412354 -6.36472749710083 -0.0003007912600878626 0.9996055364608765 0.028082210570573807 -0.010732997208833694 0.9950605034828186 -0.0024885283783078194 0.09923910349607468 5.271249771118164
0.061545275151729584 0.02635262720286846 -0.9977563619613647 -6.792848587036133 -0.0009947351645678282 0.9996524453163147 0.026341348886489868 -0.0026895785704255104 0.9981037378311157 -0.0006286823190748692 0.06155010685324669 5.264594554901123
0.0271498691290617 0.023605911061167717 -0.9993525743484497 -7.255983829498291 -0.00037149040144868195 0.9997212886810303 0.02360452711582184 0.006679142825305462 0.9996312856674194 -0.00026960988179780543 0.027151070535182953 5.250756740570068
-0.004013833589851856 0.020875951275229454 -0.9997740983963013 -7.721940994262695 -0.0004341037420090288 0.9997820258140564 0.020877862349152565 0.011175530031323433 0.9999918341636658 0.0005178059218451381 -0.004003893118351698 5.218936920166016
-0.03094787709414959 0.019178979098796844 -0.9993369579315186 -8.21178150177002 -0.0001425804803147912 0.999815821647644 0.019192583858966827 0.01528430450707674 0.9995209574699402 0.0007364556659013033 -0.030939441174268723 5.189321517944336
-0.051594220101833344 0.01665441133081913 -0.9985292553901672 -8.717527389526367 -0.0009811712661758065 0.999859631061554 0.016727294772863388 0.02743466943502426 0.9986675977706909 0.0018427602481096983 -0.05157063528895378 5.142801761627197
-0.06789150089025497 0.015882190316915512 -0.9975663423538208 -9.234801292419434 -0.0004482028307393193 0.9998726844787598 0.015949416905641556 0.0376950204372406 0.9976925849914551 0.0015299416845664382 -0.06787574291229248 5.093511581420898
-0.0808652862906456 0.016196804121136665 -0.9965935349464417 -9.779367446899414 0.00020838507043663412 0.9998681545257568 0.01623312197625637 0.045264821499586105 0.9967250227928162 0.001105020521208644 -0.080858014523983 5.038026332855225
-0.09054982662200928 0.017301805317401886 -0.995741605758667 -10.329716682434082 0.0004122640530113131 0.9998496174812317 0.017335698008537292 0.0523594468832016 0.995891809463501 0.0011592359514907002 -0.09054335206747055 4.981053829193115
-0.09726586937904358 0.018802957609295845 -0.995080828666687 -10.905008316040039 -0.002351862844079733 0.9998143315315247 0.01912229135632515 0.04839055612683296 0.9952556490898132 0.004200240131467581 -0.09720360487699509 4.912110805511475
-0.10172032564878464 0.019725587218999863 -0.9946174621582031 -11.503944396972656 -0.0021907691843807697 0.999796450138092 0.0200523491948843 0.05617456138134003 0.9948106408119202 0.004218708723783493 -0.10165642946958542 4.845132350921631
-0.1031087189912796 0.020297599956393242 -0.9944630265235901 -12.110855102539062 -0.0002668770612217486 0.999791145324707 0.020434018224477768 0.06950753927230835 0.9946700930595398 0.002372324699535966 -0.10308177769184113 4.778914451599121
-0.10196375846862793 0.022506028413772583 -0.9945335388183594 -12.726487159729004 0.001652513979934156 0.9997464418411255 0.022454572841525078 0.07616690546274185 0.9947867393493652 0.000646072207018733 -0.10197510570287704 4.713956356048584
-0.10031315684318542 0.025122351944446564 -0.9946386814117432 -13.362419128417969 0.0011557558318600059 0.9996833205223083 0.025133207440376282 0.07874879986047745 0.99495530128479 0.0013716310495510697 -0.10031044483184814 4.647411346435547
-0.09863686561584473 0.024956876412034035 -0.9948105216026306 -14.021355628967285 -0.0007200386608019471 0.9996835589408875 0.025150513276457787 0.08608148247003555 0.9951232075691223 0.0031970704440027475 -0.09858766943216324 4.575858116149902
-0.09714441001415253 0.022427508607506752 -0.9950175881385803 -14.687646865844727 -0.0023543136194348335 0.9997382164001465 0.02276376076042652 0.09619736671447754 0.9952674508094788 0.004553955048322678 -0.09706617891788483 4.510365962982178
-0.09583621472120285 0.02236255258321762 -0.9951459169387817 -15.36882209777832 -0.0023551408667117357 0.9997397065162659 0.022692596539855003 0.10986142605543137 0.9953943490982056 0.004518481437116861 -0.09575860947370529 4.441361427307129
-0.0938839241862297 0.024904029443860054 -0.9952716827392578 -16.07390594482422 -0.0031251474283635616 0.9996747374534607 0.0253090038895607 0.12054520845413208 0.9955782294273376 0.005486479494720697 -0.09377557039260864 4.36853551864624
-0.09229797124862671 0.028635837137699127 -0.9953195452690125 -16.783824920654297 -0.003953649662435055 0.999567985534668 0.02912469580769539 0.12754331529140472 0.9957236051559448 0.006623295601457357 -0.09214489161968231 4.304929256439209
-0.09062743186950684 0.030661193653941154 -0.9954127669334412 -17.511699676513672 -0.003926487173885107 0.9995071887969971 0.031144799664616585 0.139578714966774 0.995877206325531 0.006731047760695219 -0.09046237915754318 4.236189365386963
-0.08875694125890732 0.03001326695084572 -0.9956009984016418 -18.251480102539062 -0.005641635041683912 0.9995146989822388 0.030634194612503052 0.15277892351150513 0.9960374236106873 0.008335815742611885 -0.08854454755783081 4.162153720855713
-0.08708882331848145 0.02648906782269478 -0.9958483576774597 -19.00731658935547 -0.008522802963852882 0.9995900392532349 0.027333931997418404 0.17176084220409393 0.9961641430854797 0.010867899283766747 -0.0868273600935936 4.086917877197266
-0.08552388101816177 0.026230810210108757 -0.9959907531738281 -19.77599334716797 -0.009530987590551376 0.9995861053466797 0.027143903076648712 0.1820405125617981 0.9962905049324036 0.01181422732770443 -0.08523847162723541 4.0220255851745605
-0.08416923135519028 0.02852514572441578 -0.9960430860519409 -20.558929443359375 -0.007003241218626499 0.9995484948158264 0.02921733446419239 0.19883953034877777 0.9964267611503601 0.009434731677174568 -0.08393146097660065 3.957152843475342
-0.08305083215236664 0.030782172456383705 -0.9960697889328003 -21.352230072021484 -0.004815131425857544 0.999498724937439 0.03128961846232414 0.21013358235359192 0.9965336322784424 0.007394835352897644 -0.08286098390817642 3.890444755554199
-0.08159142732620239 0.03263511508703232 -0.996131420135498 -22.14728546142578 -0.004155309870839119 0.9994440078735352 0.033083993941545486 0.22031480073928833 0.9966571927070618 0.006838604807853699 -0.08141045272350311 3.8205299377441406
-0.08097069710493088 0.027987316250801086 -0.9963234663009644 -22.940475463867188 -0.0036742216907441616 0.9995906352996826 0.02837768755853176 0.23017024993896484 0.9967097043991089 0.005958475172519684 -0.08083470910787582 3.7535016536712646
-0.0806332528591156 0.02100493013858795 -0.9965224266052246 -23.745887756347656 -0.0022546029649674892 0.9997715950012207 0.021255845203995705 0.24066036939620972 0.9967413544654846 0.003960690926760435 -0.08056747168302536 3.685443878173828
-0.08097026497125626 0.016303135082125664 -0.9965831637382507 -24.566570281982422 0.0009266676497645676 0.9998670220375061 0.01628156565129757 0.25388631224632263 0.9967160820960999 0.0003948217199649662 -0.08097461611032486 3.621910572052002
-0.08160144835710526 0.016961228102445602 -0.9965207576751709 -25.398088455200195 0.002077908720821142 0.9998559355735779 0.016847843304276466 0.2637579143047333 0.9966628551483154 -0.0006958708399906754 -0.08162494003772736 3.554631233215332
-0.08118538558483124 0.02476738952100277 -0.996391236782074 -26.23642921447754 0.0011621367884799838 0.9996928572654724 0.02475476823747158 0.26339292526245117 0.9966983199119568 0.0008517825044691563 -0.08118923753499985 3.4703972339630127
-0.08179284632205963 0.032028913497924805 -0.9961345791816711 -27.080732345581055 0.00014271927648223937 0.9994838237762451 0.03212488442659378 0.27551886439323425 0.9966493248939514 0.002485418226569891 -0.08175520598888397 3.40124249458313
-0.08199870586395264 0.037495288997888565 -0.9959268569946289 -27.923730850219727 -0.00209294562228024 0.9992833733558655 0.037793975323438644 0.28445154428482056 0.9966302514076233 0.005183477886021137 -0.0818614736199379 3.3188045024871826
-0.08270642161369324 0.03763652965426445 -0.9958630204200745 -28.772804260253906 -0.003439621301367879 0.9992698431015015 0.03805094212293625 0.30004820227622986 0.9965679049491882 0.006572448182851076 -0.08251658827066422 3.2476725578308105
-0.08264732360839844 0.03405929356813431 -0.9959966540336609 -29.582441329956055 -0.0034672145266085863 0.9993999600410461 0.03446337953209877 0.31481385231018066 0.9965727925300598 0.006301639601588249 -0.08247963339090347 3.172802209854126
-0.08294693380594254 0.031143682077527046 -0.9960671663284302 -30.416776657104492 -0.003704879665747285 0.9994950890541077 0.031559381633996964 0.33498620986938477 0.9965470433235168 0.0063080633990466595 -0.08278965204954147 3.1005685329437256
-0.08287333697080612 0.03260770067572594 -0.9960265159606934 -31.259172439575195 -0.0051552471704781055 0.999437153339386 0.03314829245209694 0.34564727544784546 0.996546745300293 0.007881872355937958 -0.08265859633684158 3.0184895992279053
-0.08284300565719604 0.03505248576402664 -0.995945930480957 -32.091033935546875 -0.0066688270308077335 0.9993393421173096 0.035726625472307205 0.35132721066474915 0.9965403079986572 0.009601493366062641 -0.08255451172590256 2.9452719688415527
-0.08276224136352539 0.033314116299152374 -0.9960123896598816 -32.92409896850586 -0.006867569871246815 0.9993982315063477 0.033998019993305206 0.368637353181839 0.996545672416687 0.009653938002884388 -0.08248365670442581 2.872357130050659
-0.08252930641174316 0.02819504775106907 -0.9961897134780884 -33.76175308227539 -0.0075581930577754974 0.9995533227920532 0.02891640178859234 0.3805527687072754 0.9965600371360779 0.009915846399962902 -0.08227933198213577 2.795444965362549
-0.08207041025161743 0.02408089116215706 -0.9963355660438538 -34.5875244140625 -0.009242221713066101 0.9996466636657715 0.024922218173742294 0.3880237936973572 0.9965837001800537 0.011253733187913895 -0.0818188488483429 2.718773126602173
-0.08188237994909286 0.02485310286283493 -0.9963321089744568 -35.42508316040039 -0.0088530657812953 0.999631404876709 0.02566298469901085 0.39801597595214844 0.9966027140617371 0.01092193927615881 -0.08163216710090637 2.6508536338806152
-0.0811234638094902 0.027340028434991837 -0.9963290095329285 -36.261322021484375 -0.007303221616894007 0.9995805621147156 0.028023898601531982 0.40603071451187134 0.9966773390769958 0.009549807757139206 -0.08088977634906769 2.5722670555114746
-0.08044983446598053 0.032367508858442307 -0.9962329864501953 -37.090911865234375 -0.007642404176294804 0.9994232058525085 0.0330883152782917 0.4116213619709015 0.9967293739318848 0.010275565087795258 -0.08015608042478561 2.4998929500579834
-0.08009567111730576 0.03773681819438934 -0.9960726499557495 -37.93601608276367 -0.006324837915599346 0.9992436766624451 0.038365546613931656 0.4303846061229706 0.9967671632766724 0.009372912347316742 -0.07979642599821091 2.4342989921569824
-0.08043424785137177 0.040841538459062576 -0.995922863483429 -38.77275466918945 -0.0071481382474303246 0.9991108179092407 0.04154958575963974 0.44393542408943176 0.9967343211174011 0.010461002588272095 -0.08007080107927322 2.365347146987915
-0.07980109006166458 0.04073536768555641 -0.995978057384491 -39.59638214111328 -0.006274568382650614 0.9991243481636047 0.04136678948998451 0.4682082235813141 0.9967910647392273 0.009550447575747967 -0.07947561144828796 2.2913432121276855
-0.0795234739780426 0.03644184023141861 -0.9961666464805603 -40.405086517333984 -0.006508831866085529 0.9992912411689758 0.03707573562860489 0.48292407393455505 0.9968116879463196 0.009432272985577583 -0.0792299136519432 2.2172248363494873
-0.0790899246931076 0.032323092222213745 -0.9963432550430298 -41.23384094238281 -0.007367294281721115 0.9994279146194458 0.03300797939300537 0.4975804388523102 0.996840238571167 0.009950952604413033 -0.07880654186010361 2.142892360687256
-0.07880336046218872 0.029562924057245255 -0.996451735496521 -42.046974182128906 -0.0116836903616786 0.9994641542434692 0.030576292425394058 0.5078263282775879 0.9968217015266418 0.014051747508347034 -0.07841573655605316 2.066014051437378
-0.07969726622104645 0.027803532779216766 -0.996431291103363 -42.87150573730469 -0.015091653913259506 0.9994627833366394 0.029095185920596123 0.5208386778831482 0.9967048764228821 0.01735660247504711 -0.07923483848571777 1.9976776838302612
-0.08003932237625122 0.025869453325867653 -0.9964559078216553 -43.68506622314453 -0.013243453577160835 0.9995473027229309 0.02701347880065441 0.5296773314476013 0.9967037439346313 0.01535865943878889 -0.07966049015522003 1.9237533807754517
-0.0813685804605484 0.02194843627512455 -0.9964423775672913 -44.50672912597656 -0.008713883347809315 0.9997036457061768 0.022731838747859 0.5391330718994141 0.996645987033844 0.010532541200518608 -0.08115319162607193 1.8606770038604736
-0.08193748444318771 0.020653950050473213 -0.9964234232902527 -45.334781646728516 -0.00423705717548728 0.9997690320014954 0.02107171341776848 0.5468668937683105 0.9966285228729248 0.005948464851826429 -0.08183103799819946 1.7893381118774414
-0.08395653963088989 0.023721210658550262 -0.9961870908737183 -46.156211853027344 -0.004273079335689545 0.9996988773345947 0.024164961650967598 0.5565820336341858 0.9964602589607239 0.0062855929136276245 -0.08382988721132278 1.7165610790252686
-0.08534787595272064 0.030370552092790604 -0.9958881735801697 -46.97140884399414 -0.002110504312440753 0.9995275735855103 0.030662408098578453 0.555585503578186 0.9963489174842834 0.004718797281384468 -0.08524346351623535 1.6376515626907349
-0.08725254982709885 0.034188974648714066 -0.9955993890762329 -47.780513763427734 0.00019461539341136813 0.9994114637374878 0.03430282697081566 0.5627594590187073 0.9961861968040466 0.0027992501854896545 -0.0872078537940979 1.56167733669281
-0.08869124203920364 0.03366437181830406 -0.9954901337623596 -48.5735969543457 -0.0001660610141698271 0.9994283318519592 0.03381233662366867 0.5671798586845398 0.9960591197013855 0.003164171241223812 -0.08863494545221329 1.4956387281417847
-0.08940926194190979 0.0295268464833498 -0.9955571889877319 -49.37568283081055 -0.0035249812062829733 0.9995449185371399 0.029961684718728065 0.57820725440979 0.9959887862205505 0.00618817238137126 -0.08926448225975037 1.4082086086273193
-0.09055030345916748 0.025760849937796593 -0.9955586791038513 -50.16804885864258 -0.008286377415060997 0.9996113777160645 0.026619398966431618 0.5876213312149048 0.9958574175834656 0.010659968480467796 -0.09030164778232574 1.3221036195755005
-0.09214692562818527 0.024592401459813118 -0.995441734790802 -50.95705795288086 -0.012443923391401768 0.9995884895324707 0.02584677003324032 0.5943983793258667 0.9956676959991455 0.014768900349736214 -0.09180297702550888 1.2371412515640259
-0.09291192889213562 0.025732817128300667 -0.9953417778015137 -51.7413215637207 -0.013956049457192421 0.9995340704917908 0.02714395895600319 0.600834310054779 0.9955766201019287 0.016413036733865738 -0.09250951558351517 1.1504141092300415
-0.0941230058670044 0.02736136130988598 -0.9951846599578857 -52.546199798583984 -0.013998889364302158 0.999487042427063 0.028803648427128792 0.6056815385818481 0.9954620599746704 0.01664256490767002 -0.09369171410799026 1.0750186443328857
-0.09524688124656677 0.026844529435038567 -0.9950916767120361 -53.32899475097656 -0.015749415382742882 0.9994704723358154 0.02847014181315899 0.6136823892593384 0.9953290224075317 0.018383802846074104 -0.09477366507053375 0.9931667447090149
-0.09560950100421906 0.02672336809337139 -0.99506014585495 -54.11066818237305 -0.01643775776028633 0.9994608759880066 0.028420962393283844 0.6208483576774597 0.9952831864356995 0.01907387562096119 -0.09511867165565491 0.90858393907547
-0.09633434563875198 0.028527267277240753 -0.9949401021003723 -54.88671112060547 -0.014587393030524254 0.999441385269165 0.030068742111325264 0.6301366090774536 0.995242178440094 0.017410237342119217 -0.09586437791585922 0.8326995372772217
-0.09633475542068481 0.031328801065683365 -0.9948558211326599 -55.66652297973633 -0.01387518085539341 0.9993651509284973 0.032814379781484604 0.64193195104599 0.995252251625061 0.016964972019195557 -0.09583888947963715 0.7498040795326233
-0.09648224711418152 0.035500407218933105 -0.9947014451026917 -56.4373893737793 -0.014327161014080048 0.9992107152938843 0.03705102577805519 0.6536193490028381 0.9952316284179688 0.017826009541749954 -0.09589746594429016 0.6711317300796509
-0.09708712249994278 0.037938911467790604 -0.9945525527000427 -57.20166015625 -0.014034061692655087 0.9991216659545898 0.0394832007586956 0.6593363881111145 0.9951768517494202 0.01779092289507389 -0.09646942466497421 0.5918328762054443
-0.09784997254610062 0.03778095915913582 -0.9944838285446167 -57.95045471191406 -0.013821801170706749 0.9991311430931091 0.03931748867034912 0.6739646792411804 0.9951050877571106 0.017592770978808403 -0.09724276512861252 0.5183548927307129
-0.09816650301218033 0.03590049222111702 -0.994522213935852 -58.70097351074219 -0.012889523059129715 0.999219536781311 0.03734234347939491 0.6836740374565125 0.9950865507125854 0.016484687104821205 -0.09762713313102722 0.44142216444015503
-0.09855705499649048 0.03257278352975845 -0.9945981502532959 -59.435054779052734 -0.012666232883930206 0.999342143535614 0.033983275294303894 0.6912006139755249 0.9950507879257202 0.01594710350036621 -0.0980796366930008 0.3674863278865814
-0.09799883514642715 0.029281212016940117 -0.9947556257247925 -60.15763854980469 -0.01274931151419878 0.9994480609893799 0.030675336718559265 0.7066380381584167 0.9951048493385315 0.015688596293330193 -0.09757142513990402 0.2864799201488495
-0.0968981683254242 0.02702721767127514 -0.9949272274971008 -60.86503982543945 -0.013186296448111534 0.9995087385177612 0.02843591198325157 0.7163060903549194 0.9952069520950317 0.015874793753027916 -0.0964941680431366 0.21460343897342682
-0.09417372196912766 0.026381749659776688 -0.9952061176300049 -61.568939208984375 -0.01605207473039627 0.9994786977767944 0.02801397442817688 0.719143807888031 0.9954264163970947 0.018613304942846298 -0.09370113909244537 0.1444205343723297
-0.0898645892739296 0.02757428027689457 -0.9955721497535706 -62.24066162109375 -0.0163065567612648 0.999441921710968 0.029153360053896904 0.7201918959617615 0.9958204627037048 0.018854206427931786 -0.08936480432748795 0.06858453899621964
-0.08418633788824081 0.028886865824460983 -0.9960312247276306 -62.90777587890625 -0.015660658478736877 0.9994179010391235 0.03030875138938427 0.730008065700531 0.9963269233703613 0.01815008744597435 -0.08368495106697083 0.013725616037845612
-0.07714106142520905 0.030348923057317734 -0.9965580701828003 -63.555599212646484 -0.015056747943162918 0.9993872046470642 0.031600579619407654 0.7350996732711792 0.9969064593315125 0.017442628741264343 -0.07663683593273163 -0.03166384994983673
-0.06841997057199478 0.03172706440091133 -0.9971519708633423 -64.19493865966797 -0.016009686514735222 0.9993305802345276 0.03289489075541496 0.7388854622840881 0.997528076171875 0.0182147566229105 -0.06786622852087021 -0.0758751705288887
-0.05658486858010292 0.03344973176717758 -0.9978373050689697 -64.82001495361328 -0.017607519403100014 0.9992496967315674 0.03449556231498718 0.7479851841926575 0.9982424974441528 0.01952136680483818 -0.05595344677567482 -0.11755040287971497
-0.04144994914531708 0.03512050211429596 -0.9985230565071106 -65.40210723876953 -0.02118968777358532 0.9991264939308167 0.03602133318781853 0.7517387270927429 0.9989157915115356 0.02265147864818573 -0.04066954180598259 -0.13914190232753754
-0.022811800241470337 0.03630399331450462 -0.9990804195404053 -65.9920654296875 -0.022784264758229256 0.9990620017051697 0.036823563277721405 0.7615537047386169 0.9994800090789795 0.023603321984410286 -0.021963242441415787 -0.15073662996292114
-0.0006623331573791802 0.03714163973927498 -0.999309778213501 -66.56729888916016 -0.023744523525238037 0.9990277886390686 0.03714689239859581 0.7700309157371521 0.9997177720069885 0.023752741515636444 0.00022021925542503595 -0.14530275762081146
0.024641292169690132 0.037801675498485565 -0.9989812970161438 -67.1072006225586 -0.023156197741627693 0.9990383386611938 0.037232656031847 0.7720720171928406 0.9994280934333801 0.02221515029668808 0.025492945685982704 -0.11382192373275757
0.0540626086294651 0.037051793187856674 -0.9978498220443726 -67.63126373291016 -0.021940115839242935 0.9991142153739929 0.035910047590732574 0.7851935625076294 0.9982964396476746 0.01995154842734337 0.05482764169573784 -0.06516905128955841
0.08812340348958969 0.03719351813197136 -0.9954149127006531 -68.1290283203125 -0.02101229690015316 0.999149739742279 0.03547286614775658 0.7887372374534607 0.9958879351615906 0.017789963632822037 0.08883000910282135 0.0022354742977768183
0.1256704181432724 0.037170782685279846 -0.9913755655288696 -68.55137634277344 -0.020357677713036537 0.9991838932037354 0.03488294780254364 0.7954729795455933 0.9918631315231323 0.015798348933458328 0.1263245940208435 0.07446670532226562
0.16676738858222961 0.03701154515147209 -0.9853013157844543 -69.01638793945312 -0.02024066261947155 0.9992130994796753 0.03410828113555908 0.7992085218429565 0.9857884645462036 0.01425500214099884 0.1673852950334549 0.17702561616897583
0.2118404358625412 0.03787830099463463 -0.9765700101852417 -69.45977783203125 -0.019266491755843163 0.9992161989212036 0.034577347338199615 0.8051404356956482 0.9771143198013306 0.01149019692093134 0.21240417659282684 0.297597199678421
0.2604353725910187 0.03663713112473488 -0.9647959470748901 -69.8900146484375 -0.01621713675558567 0.9993047118186951 0.033569950610399246 0.8062945008277893 0.9653550982475281 0.006903424393385649 0.26084843277931213 0.44299453496932983
0.31048309803009033 0.03164013475179672 -0.9500521421432495 -70.29145050048828 -0.008449070155620575 0.999498188495636 0.030525654554367065 0.8036032319068909 0.9505413174629211 -0.0014506441075354815 0.3105946183204651 0.6174940466880798
0.36153286695480347 0.02628418430685997 -0.9319888353347778 -70.68285369873047 -0.0037745386362075806 0.9996355175971985 0.026727775111794472 0.809585690498352 0.9323517084121704 -0.006145143881440163 0.3615003228187561 0.815908670425415
0.4135095775127411 0.02169150859117508 -0.9102413654327393 -71.06340026855469 0.0015918402932584286 0.9996973276138306 0.024546436965465546 0.8116417527198792 0.9104983806610107 -0.01159915141761303 0.4133498966693878 1.0382541418075562
0.4646945297718048 0.021278763189911842 -0.8852153420448303 -71.41622924804688 0.0013332631206139922 0.9996932744979858 0.02473047561943531 0.8178093433380127 0.8854700326919556 -0.012672342360019684 0.46452367305755615 1.2565075159072876
0.5134921669960022 0.020114466547966003 -0.8578584790229797 -71.78961944580078 0.00225895456969738 0.9996901154518127 0.02479218691587448 0.8269744515419006 0.8580912947654724 -0.014668459072709084 0.5132876038551331 1.5091850757598877
0.5579752922058105 0.015314620919525623 -0.829716145992279 -72.13096618652344 0.01057282742112875 0.999617338180542 0.025560712441802025 0.8348152041435242 0.8297901749610901 -0.02303469553589821 0.5575999021530151 1.801772117614746
0.6016784310340881 0.008238843642175198 -0.7986959218978882 -72.45669555664062 0.02140154130756855 0.9994214773178101 0.026431741192936897 0.841538667678833 0.7984516620635986 -0.032996732741594315 0.6011540293693542 2.1118063926696777
0.644069254398346 0.0037397246342152357 -0.7649581432342529 -72.76890563964844 0.02230193465948105 0.9994711875915527 0.023663699626922607 0.8418803811073303 0.764642059803009 -0.03230110555887222 0.643645167350769 2.426147699356079
0.685711681842804 0.0004466927202884108 -0.7278730273246765 -73.04964447021484 0.018241792917251587 0.9996751546859741 0.0177986491471529 0.8285353183746338 0.7276446223258972 -0.025482453405857086 0.6854807734489441 2.720536708831787
0.7261822819709778 -0.006770415231585503 -0.6874688267707825 -73.33084106445312 0.01512899063527584 0.9998666644096375 0.006133940536528826 0.8368751406669617 0.6873357892036438 -0.01485507097095251 0.7261879444122314 3.061520576477051
0.7653173208236694 -0.0092935124412179 -0.6435860395431519 -73.6009521484375 0.010300218127667904 0.9999445080757141 -0.00219094380736351 0.840959370136261 0.6435707211494446 -0.004952311981469393 0.7653706073760986 3.429962158203125
0.802171528339386 -0.009800836443901062 -0.5970131158828735 -73.85747528076172 0.008345150388777256 0.9999516606330872 -0.005202765576541424 0.8392629623413086 0.59703528881073 -0.0008086554589681327 0.802214503288269 3.8286056518554688
0.8363286256790161 -0.010042781010270119 -0.5481364130973816 -74.10369873046875 0.007894575595855713 0.9999490976333618 -0.006275461986660957 0.825863778591156 0.5481715798377991 0.0009210432763211429 0.8363654017448425 4.246670722961426
0.8667994737625122 -0.008934460580348969 -0.49857673048973083 -74.32524871826172 0.00520138768479228 0.9999470114707947 -0.008876119740307331 0.8239876627922058 0.49862968921661377 0.005100524518638849 0.86680006980896 4.695357799530029
0.8925693035125732 -0.007574605289846659 -0.4508465826511383 -74.53144836425781 0.004714094568043947 0.9999610185623169 -0.007467399816960096 0.8117045760154724 0.4508856236934662 0.004539837595075369 0.8925701975822449 5.1700263023376465
0.9135718941688538 -0.0017850733129307628 -0.40667328238487244 -74.72522735595703 -0.000878725724760443 0.9999793767929077 -0.006363373715430498 0.8019758462905884 0.4066762924194336 0.006170752923935652 0.9135515093803406 5.667932987213135
0.9312178492546082 0.0034297199454158545 -0.3644469678401947 -74.92445373535156 -0.006833139341324568 0.9999442100524902 -0.008049490861594677 0.7933842539787292 0.3643990457057953 0.009986143559217453 0.9311893582344055 6.173327922821045
0.9445806741714478 0.00838008988648653 -0.32817259430885315 -75.09375 -0.011252650059759617 0.999913215637207 -0.006855151150375605 0.7894992232322693 0.32808664441108704 0.010168054141104221 0.9445928931236267 6.710362434387207
0.9546225070953369 0.009066891856491566 -0.2976805567741394 -75.25931549072266 -0.011020767502486706 0.999927282333374 -0.004885910544544458 0.7768939137458801 0.29761460423469543 0.007944868877530098 0.9546530246734619 7.267431259155273
0.9617394208908081 0.00843131821602583 -0.2738361954689026 -75.39795684814453 -0.009766952134668827 0.9999461770057678 -0.0035145075526088476 0.7672351002693176 0.27379176020622253 0.006054585333913565 0.9617699384689331 7.846689224243164
0.9677453637123108 0.008912527933716774 -0.2517726421356201 -75.5766830444336 -0.009693137370049953 0.9999513030052185 -0.0018603891367092729 0.7670935988426208 0.25174379348754883 0.004240849521011114 0.9677846431732178 8.461285591125488
0.9722798466682434 0.011031433939933777 -0.23355993628501892 -75.7178955078125 -0.01116926223039627 0.9999372959136963 0.0007325510960072279 0.761046826839447 0.23355339467525482 0.001896447385661304 0.9723421335220337 9.07681941986084
0.9758128523826599 0.016162332147359848 -0.21800896525382996 -75.86280822753906 -0.01606927439570427 0.9998683929443359 0.0021999089512974024 0.7554334402084351 0.21801580488681793 0.0013565461849793792 0.9759443402290344 9.708861351013184
0.9786391258239746 0.01972244493663311 -0.2046375572681427 -75.99906158447266 -0.01940797083079815 0.9998053908348083 0.003543857717886567 0.7489162683486938 0.2046676129102707 0.0005034419009461999 0.97883141040802 10.354567527770996
0.9813171029090881 0.017674269154667854 -0.19158384203910828 -76.12277221679688 -0.01737765222787857 0.9998437762260437 0.0032284525223076344 0.7459391951560974 0.1916109323501587 0.00016114109894260764 0.9814709424972534 11.017044067382812
0.9839542508125305 0.018450025469064713 -0.177464559674263 -76.26428985595703 -0.018234863877296448 0.9998296499252319 0.0028434584382921457 0.7372376322746277 0.17748680710792542 0.000438209215644747 0.9841230511665344 11.724509239196777
0.9864063262939453 0.01901410147547722 -0.16322088241577148 -76.37104034423828 -0.018707241863012314 0.9998190999031067 0.003416976425796747 0.7341808080673218 0.16325634717941284 -0.0003171151038259268 0.9865836501121521 12.423535346984863
0.9886188507080078 0.020439336076378822 -0.14904704689979553 -76.48082733154297 -0.020112818107008934 0.9997909665107727 0.003697827225551009 0.7324886322021484 0.1490914523601532 -0.000657985161524266 0.9888232350349426 13.137760162353516
0.9904991984367371 0.021384190768003464 -0.1358453631401062 -76.58694458007812 -0.021392017602920532 0.9997702240943909 0.0014023089315742254 0.7143939137458801 0.13584411144256592 0.0015170201659202576 0.9907290935516357 13.858043670654297
0.9919106364250183 0.02154172770678997 -0.12509706616401672 -76.67304229736328 -0.022190721705555916 0.999746561050415 -0.0037966242525726557 0.7018665671348572 0.12498357892036438 0.006541905924677849 0.9921373128890991 14.596389770507812
0.9930505752563477 0.01998116634786129 -0.11597926169633865 -76.75447845458984 -0.021339058876037598 0.9997174143791199 -0.010478151962161064 0.6961517930030823 0.11573711037635803 0.012880225665867329 0.9931963682174683 15.353750228881836
0.9939670562744141 0.019830046221613884 -0.10787142813205719 -76.83316802978516 -0.02113424614071846 0.999716579914093 -0.010960455983877182 0.69068443775177 0.10762348771095276 0.013174113817512989 0.9941043853759766 16.112035751342773
0.9946513772010803 0.02156945690512657 -0.10101182013750076 -76.91506958007812 -0.02213912270963192 0.9997446537017822 -0.004521856550127268 0.6729447841644287 0.10088848322629929 0.006733984220772982 0.9948749542236328 16.879535675048828
0.9950631856918335 0.02632240578532219 -0.09568971395492554 -77.0056381225586 -0.026087136939167976 0.9996528029441833 0.003709083190187812 0.6563887000083923 0.09575410932302475 -0.0011945012956857681 0.9954043030738831 17.663698196411133
0.9954797625541687 0.0265871062874794 -0.09117640554904938 -77.08609771728516 -0.02601063996553421 0.9996335506439209 0.007505189161747694 0.6479830145835876 0.09134252369403839 -0.005099705886095762 0.9958064556121826 18.4440975189209
0.9957668781280518 0.02590256556868553 -0.08818912506103516 -77.15670776367188 -0.02543838694691658 0.9996559619903564 0.006383448839187622 0.6351121068000793 0.08832413703203201 -0.004113038536161184 0.9960833191871643 19.218158721923828
0.996090829372406 0.025716746225953102 -0.08450820297002792 -77.23082733154297 -0.025341225787997246 0.9996636509895325 0.005513424519449472 0.6260066032409668 0.08462156355381012 -0.00335033074952662 0.9964075684547424 19.980533599853516
