1.0 0.0 0.0 0.0 0.0 1.0 0.0 0.0 0.0 0.0 1.0 0.0
0.9999955892562866 0.0029762890189886093 0.00013947149273008108 -0.005663664545863867 -0.002976474817842245 0.9999946355819702 0.0013512461446225643 -0.01244870014488697 -0.00013544905232265592 -0.001351655344478786 0.9999991059303284 0.7728116512298584
0.99998539686203 0.005378205794841051 0.0005314897280186415 -0.011158251203596592 -0.0053792186081409454 0.9999836087226868 0.0019197807414457202 -0.030048424378037453 -0.0005211560637690127 -0.001922611496411264 0.9999980330467224 1.5408765077590942
0.9999772906303406 0.006634952966123819 0.0011228042421862483 -0.02187182568013668 -0.0066369809210300446 0.9999763369560242 0.0018113618716597557 -0.04841088876128197 -0.0011107597965747118 -0.0018187732202932239 0.9999977350234985 2.2736213207244873
0.999962568283081 0.008593304082751274 0.0010234278161078691 -0.02483992651104927 -0.008594859391450882 0.9999619126319885 0.001523492275737226 -0.061796512454748154 -0.0010102969827130437 -0.0015322316903620958 0.9999982714653015 3.0015838146209717
0.9999600648880005 0.008772570639848709 0.0017154153902083635 -0.034706611186265945 -0.008774640038609505 0.9999607801437378 0.0012023119488731027 -0.07507023215293884 -0.0017048007575795054 -0.0012173161376267672 0.9999977946281433 3.717672109603882
0.9999585747718811 0.008937181904911995 0.0017750558909028769 -0.030190475285053253 -0.008940815925598145 0.9999579787254333 0.00204986659809947 -0.08758611977100372 -0.001756660989485681 -0.002065652050077915 0.9999963045120239 4.413179874420166
0.999946653842926 0.009921262040734291 0.002883081790059805 -0.047662410885095596 -0.009936157613992691 0.999937117099762 0.005198820028454065 -0.10456250607967377 -0.0028313221409916878 -0.005227189511060715 0.9999822974205017 5.082998275756836
0.9999444484710693 0.009647687897086143 0.004270647652447224 -0.041609860956668854 -0.009685128927230835 0.9999140501022339 0.00883480254560709 -0.1073220819234848 -0.004185045138001442 -0.008875671774148941 0.9999517798423767 5.757968425750732
0.999944806098938 0.008980002254247665 0.005462117493152618 -0.038691550493240356 -0.009046999737620354 0.9998825192451477 0.012367237359285355 -0.11802539974451065 -0.005350418388843536 -0.012415970675647259 0.9999086260795593 6.3870320320129395
0.9999445080757141 0.008140891790390015 0.006693232338875532 -0.0413571298122406 -0.008238053880631924 0.9998591542243958 0.014619330875575542 -0.12737518548965454 -0.006573275662958622 -0.014673658646643162 0.9998707175254822 6.990482807159424
0.9999337792396545 0.008790712803602219 0.007427550852298737 -0.025704704225063324 -0.008898230269551277 0.9998541474342346 0.01456846110522747 -0.13764911890029907 -0.007298402022570372 -0.01463358849287033 0.9998663067817688 7.574496746063232
0.9999186396598816 0.009556744247674942 0.008444363251328468 -0.025452569127082825 -0.00965824257582426 0.9998805522918701 0.012061619199812412 -0.14691698551177979 -0.008328084833920002 -0.01214219443500042 0.9998916387557983 8.120647430419922
0.9999131560325623 0.009316753596067429 0.009318937547504902 -0.022813864052295685 -0.009400359354913235 0.9999155402183533 0.008968181908130646 -0.14930105209350586 -0.00923459604382515 -0.009055005386471748 0.9999163150787354 8.653998374938965
0.9999110102653503 0.007873164489865303 0.010764557868242264 -0.009515970945358276 -0.007955227047204971 0.9999393820762634 0.007601943798363209 -0.15854638814926147 -0.010704055428504944 -0.007686901837587357 0.999913215637207 9.150406837463379
0.9999091029167175 0.003911299165338278 0.01290193572640419 -0.009025759994983673 -0.003978902008384466 0.9999784827232361 0.005218219012022018 -0.16317623853683472 -0.012881249189376831 -0.00526907853782177 0.99990314245224 9.613487243652344
0.9998904466629028 0.0019412836991250515 0.014669869095087051 0.004174754023551941 -0.00200669071637094 0.9999880790710449 0.004445199389010668 -0.17240779101848602 -0.014661062508821487 -0.004474150948226452 0.9998825192451477 10.06419849395752
0.9998432993888855 0.006213217042386532 0.016576319932937622 0.009198352694511414 -0.006253452505916357 0.9999775290489197 0.002376614138484001 -0.1822342574596405 -0.016561182215809822 -0.0024799013044685125 0.9998598098754883 10.478862762451172
0.9997498393058777 0.010728786699473858 0.01962394267320633 0.010045081377029419 -0.010764247737824917 0.9999405741691589 0.0017022916581481695 -0.19059696793556213 -0.01960451528429985 -0.0019131030421704054 0.9998059272766113 10.868234634399414
0.9996829032897949 0.010913710109889507 0.02269395999610424 0.01981969177722931 -0.010980385355651379 0.9999357461929321 0.0028155124746263027 -0.20015284419059753 -0.02266177535057068 -0.0030638088937848806 0.9997385144233704 11.21079158782959
0.9996363520622253 0.006780951749533415 0.02609967067837715 0.030471324920654297 -0.006870381534099579 0.9999708533287048 0.003338315524160862 -0.20527008175849915 -0.026076270267367363 -0.0035164153669029474 0.9996538162231445 11.534920692443848
0.9995864629745483 0.0024775881320238113 0.028648201376199722 0.048678696155548096 -0.0025591531302779913 0.9999929070472717 0.002810815116390586 -0.20569027960300446 -0.02864103391766548 -0.002882968168705702 0.9995856285095215 11.814388275146484
0.9995176196098328 -0.0009372234344482422 0.03104192018508911 0.06416338682174683 0.0008062896085903049 0.999990701675415 0.004230211954563856 -0.21116003394126892 -0.03104560077190399 -0.004203143063932657 0.9995092153549194 12.072086334228516
0.9994392395019531 -0.0012785043800249696 0.03345755115151405 0.07381331920623779 0.0011023369152098894 0.9999854564666748 0.005283310078084469 -0.21772098541259766 -0.033463820815086365 -0.0052434662356972694 0.9994261860847473 12.303741455078125
0.9993581175804138 -0.0005884064012207091 0.03581788390874863 0.07662436366081238 0.0004372859839349985 0.9999909400939941 0.004226827993988991 -0.22123515605926514 -0.03582005202770233 -0.00420845253393054 0.9993493556976318 12.508708000183105
0.9993055462837219 -1.825749313866254e-05 0.03725846856832504 0.09870651364326477 -9.849943307926878e-05 0.9999951124191284 0.0031318652909249067 -0.2307877540588379 -0.037258345633745193 -0.003133360994979739 0.9993007779121399 12.706806182861328
0.9991771578788757 0.002416421426460147 0.04048393666744232 0.09437298774719238 -0.002507697558030486 0.9999943375587463 0.002203995594754815 -0.2344253957271576 -0.040478382259607315 -0.002303703688085079 0.9991778135299683 12.860688209533691
0.9990968108177185 0.005122814327478409 0.042181357741355896 0.09801116585731506 -0.005202700383961201 0.999984860420227 0.001784294261597097 -0.2424277663230896 -0.042171578854322433 -0.002002139575779438 0.9991084337234497 13.031519889831543
0.9990352392196655 0.006808451376855373 0.04338295757770538 0.10464030504226685 -0.006826269906014204 0.9999765753746033 0.00026258453726768494 -0.24885939061641693 -0.04338015988469124 -0.0005584745667874813 0.9990585446357727 13.186697959899902
0.9989516735076904 0.005760072264820337 0.04541279748082161 0.1125512421131134 -0.005700533743947744 0.9999826550483704 -0.0014404554385691881 -0.2553560137748718 -0.04542031139135361 0.0011800681240856647 0.9989672303199768 13.336197853088379
0.9988842010498047 0.004875454120337963 0.0469726026058197 0.1169285774230957 -0.0047448743134737015 0.9999845623970032 -0.0028910187538713217 -0.2600298523902893 -0.046985968947410583 0.0026649145875126123 0.9988920092582703 13.475385665893555
0.9988231062889099 0.004037575796246529 0.04833321273326874 0.12651866674423218 -0.0038557385560125113 0.9999851584434509 -0.0038548093289136887 -0.26182469725608826 -0.048348065465688705 0.0036639124155044556 0.9988238215446472 13.611191749572754
0.9987691044807434 0.004630649462342262 0.04938363656401634 0.13843506574630737 -0.004381890874356031 0.9999772310256958 -0.00514431856572628 -0.26582953333854675 -0.04940633848309517 0.004921593237668276 0.9987666010856628 13.748274803161621
0.9986879229545593 0.005492036696523428 0.05091487988829613 0.14296984672546387 -0.005140388384461403 0.9999619722366333 -0.007034990005195141 -0.27181851863861084 -0.05095158517360687 0.006764036603271961 0.9986782073974609 13.866565704345703
0.9986304044723511 0.005760313011705875 0.05200184881687164 0.14451944828033447 -0.005265619605779648 0.9999395608901978 -0.009644994512200356 -0.26937025785446167 -0.0520542673766613 0.009357963688671589 0.9986003041267395 13.990551948547363
0.998605489730835 0.005031479988247156 0.0525512769818306 0.15588831901550293 -0.004416319075971842 0.9999203681945801 -0.011815469712018967 -0.27468442916870117 -0.05260654166340828 0.011566909030079842 0.9985483288764954 14.114982604980469
0.9986340403556824 0.004168934654444456 0.052082911133766174 0.16267764568328857 -0.0034682108089327812 0.9999023675918579 -0.013537134975194931 -0.2793198823928833 -0.05213426426053047 0.013338007964193821 0.9985509514808655 14.236516952514648
0.9987444877624512 0.0035702926106750965 0.049965888261795044 0.17013919353485107 -0.0028355708345770836 0.9998868703842163 -0.014767629094421864 -0.28259122371673584 -0.05001296475529671 0.01460740715265274 0.9986417293548584 14.364516258239746
0.9988842010498047 0.0036548664793372154 0.04708511382341385 0.17131662368774414 -0.0029270839877426624 0.9998753666877747 -0.0155164310708642 -0.28756552934646606 -0.04713595286011696 0.015361293219029903 0.9987702369689941 14.4940185546875
0.9990736246109009 0.004289682023227215 0.04281765595078468 0.17918580770492554 -0.0035640744026750326 0.9998489618301392 -0.017008425667881966 -0.2857169806957245 -0.04288415610790253 0.016840066760778427 0.9989380836486816 14.617387771606445
0.9993104338645935 0.003954088781028986 0.03691776469349861 0.17782077193260193 -0.0032824294175952673 0.9998283982276917 -0.018236296251416206 -0.2878205478191376 -0.03698353469371796 0.01810254342854023 0.9991518259048462 14.754329681396484
0.9995242357254028 0.004204392433166504 0.03055568039417267 0.16741839051246643 -0.003638068214058876 0.9998210072517395 -0.018566161394119263 -0.29540693759918213 -0.030628273263573647 0.018446164205670357 0.9993606209754944 14.862568855285645
0.9997108578681946 0.004403894301503897 0.02363741397857666 0.15941424667835236 -0.00394756905734539 0.9998056292533875 -0.019317273050546646 -0.2980319857597351 -0.023717887699604034 0.019218379631638527 0.9995338916778564 14.984737396240234
0.9998785257339478 0.003741208463907242 0.015130278654396534 0.15824881196022034 -0.0034339018166065216 0.9997883439064026 -0.020285917446017265 -0.3004212975502014 -0.015202966518700123 0.020231498405337334 0.9996797442436218 15.117480278015137
0.9999809265136719 0.0031109098345041275 0.005331460386514664 0.14457076787948608 -0.0029954565688967705 0.9997637271881104 -0.021527912467718124 -0.3029775023460388 -0.005397168919444084 0.02151152864098549 0.999754011631012 15.246532440185547
0.9999673962593079 0.0014870102750137448 -0.007932182401418686 0.1399538218975067 -0.0016697829123586416 0.9997320771217346 -0.02308526262640953 -0.306735634803772 0.007895728573203087 0.023097757250070572 0.999701976776123 15.401106834411621
0.9997142553329468 0.0005400305963121355 -0.023899665102362633 0.1171802282333374 -0.0011414751643314958 0.9996827244758606 -0.025158895179629326 -0.30804556608200073 0.02387850545346737 0.025178983807563782 0.9993978142738342 15.553932189941406
0.9990728497505188 0.0009039284195750952 -0.04304152727127075 0.08798331022262573 -0.0020410919096320868 0.9996498227119446 -0.026383543387055397 -0.30807170271873474 0.04300260916352272 0.026446931064128876 0.9987248778343201 15.733244895935059
0.9978899359703064 0.002163441851735115 -0.0648917555809021 0.05662190914154053 -0.003848083782941103 0.999658465385437 -0.025847051292657852 -0.31466397643089294 0.06481368839740753 0.02604222297668457 0.997557520866394 15.902528762817383
0.9960580468177795 0.0018379545072093606 -0.0886857658624649 0.019773006439208984 -0.004006450064480305 0.9996970891952515 -0.02427964098751545 -0.32528600096702576 0.08861427754163742 0.024539243429899216 0.9957637786865234 16.10977554321289
0.9933528304100037 0.003338992828503251 -0.11505961418151855 -0.032755136489868164 -0.005997359286993742 0.9997227787971497 -0.022765835747122765 -0.3300750255584717 0.11495169997215271 0.023304564878344536 0.9930976033210754 16.305883407592773
0.9894068241119385 0.004504628013819456 -0.14509853720664978 -0.09869074821472168 -0.0075189280323684216 0.999767005443573 -0.020232457667589188 -0.3428785502910614 0.14497357606887817 0.021109119057655334 0.989210307598114 16.529117584228516
0.9839879274368286 0.004449514206498861 -0.17817938327789307 -0.17752718925476074 -0.007645216770470142 0.9998219013214111 -0.017252730205655098 -0.3404858410358429 0.17807087302207947 0.018338695168495178 0.9838467240333557 16.783279418945312
0.9766079187393188 0.00557157676666975 -0.2149556428194046 -0.26290202140808105 -0.008584162220358849 0.9998775124549866 -0.013083931989967823 -0.34948021173477173 0.21485640108585358 0.014623085968196392 0.9765361547470093 17.027986526489258
0.9669652581214905 0.007098441477864981 -0.2548094391822815 -0.3676321506500244 -0.009406360797584057 0.9999249577522278 -0.007840033620595932 -0.353615403175354 0.25473469495773315 0.009977868758141994 0.9669594764709473 17.29173469543457
0.9551209211349487 0.010746347717940807 -0.29602107405662537 -0.4904665946960449 -0.012168657965958118 0.9999215602874756 -0.0029627392068505287 -0.35473892092704773 0.29596608877182007 0.006431953050196171 0.955176830291748 17.559825897216797
0.940912663936615 0.014272714965045452 -0.33834823966026306 -0.6293559074401855 -0.014739448204636574 0.9998906850814819 0.0011899550445377827 -0.3564623296260834 0.3383283019065857 0.0038674233946949244 0.9410201907157898 17.83499526977539
0.924146831035614 0.016731571406126022 -0.38167083263397217 -0.776024341583252 -0.015112904831767082 0.9998595714569092 0.007238383404910564 -0.3624482750892639 0.3817383348941803 -0.0009211748838424683 0.9242700934410095 18.108976364135742
0.9048146605491638 0.019988056272268295 -0.4253362715244293 -0.9373679161071777 -0.015074634924530983 0.9997751116752625 0.014914818108081818 -0.3688913583755493 0.4255388379096985 -0.0070833563804626465 0.9049124717712402 18.383460998535156
0.8831789493560791 0.024268299341201782 -0.4684078097343445 -1.1180634498596191 -0.01625520922243595 0.9996442794799805 0.021142706274986267 -0.3650133013725281 0.46875429153442383 -0.011058732867240906 0.8832594156265259 18.64213752746582
0.8583576083183289 0.03015092760324478 -0.5121650695800781 -1.3264350891113281 -0.019513510167598724 0.9994680881500244 0.02613476663827896 -0.3695831298828125 0.5126805901527405 -0.012438834644854069 0.8584892153739929 18.918682098388672
0.8303215503692627 0.03335188329219818 -0.5562856793403625 -1.554131031036377 -0.020266426727175713 0.9993544816970825 0.029665879905223846 -0.3684464991092682 0.5569158792495728 -0.01335829496383667 0.8304613828659058 19.193302154541016
0.7993727326393127 0.037215571850538254 -0.5996816158294678 -1.7980737686157227 -0.022737612947821617 0.9992386698722839 0.03170251101255417 -0.36710548400878906 0.6004049181938171 -0.011706792749464512 0.7996103167533875 19.452421188354492
0.7653824687004089 0.04059596732258797 -0.6422940492630005 -2.069070816040039 -0.02369811199605465 0.9991095662117004 0.03490877524018288 -0.3619198799133301 0.643139123916626 -0.011497410014271736 0.7656630277633667 19.724361419677734
0.7287424802780151 0.04436932131648064 -0.6833488941192627 -2.384927749633789 -0.024800743907690048 0.9989541172981262 0.038413118571043015 -0.34372222423553467 0.6843385100364685 -0.011045711115002632 0.7290806770324707 19.997337341308594
0.6899255514144897 0.04439757391810417 -0.7225174307823181 -2.7134666442871094 -0.021820908412337303 0.9989393353462219 0.04054667428135872 -0.3195723295211792 0.723551332950592 -0.012208197265863419 0.6901625394821167 20.260868072509766
0.6487917900085449 0.04416003078222275 -0.7596834897994995 -3.0639562606811523 -0.01924368552863598 0.9989476203918457 0.041633669286966324 -0.3045077323913574 0.7607225179672241 -0.01239247340708971 0.6489588618278503 20.52153778076172
0.6064863801002502 0.043068334460258484 -0.793926477432251 -3.4453916549682617 -0.01373463124036789 0.9989503026008606 0.04369831830263138 -0.2932656407356262 0.794975221157074 -0.015598148107528687 0.6064413785934448 20.766220092773438
0.5614797472953796 0.043026797473430634 -0.8263710141181946 -3.852754592895508 -0.008805402554571629 0.9989013075828552 0.04602710157632828 -0.27750593423843384 0.8274435997009277 -0.018566755577921867 0.5612418055534363 21.013160705566406
0.5155295133590698 0.044792868196964264 -0.8557002544403076 -4.262779235839844 -0.006871876306831837 0.9988166689872742 0.048144448548555374 -0.261117160320282 0.8568442463874817 -0.01893961988389492 0.5152273178100586 21.208505630493164
0.46531572937965393 0.04428855702280998 -0.8840360045433044 -4.717317581176758 -0.005633446387946606 0.9988753199577332 0.04707660898566246 -0.23717838525772095 0.8851268291473389 -0.016925321891903877 0.4650419056415558 21.40934181213379
0.4135037660598755 0.043462563306093216 -0.909464418888092 -5.2046613693237305 -0.0004080538637936115 0.9988687038421631 0.04754960164427757 -0.21849101781845093 0.9105022549629211 -0.019290823489427567 0.4130537211894989 21.593448638916016
0.3586733937263489 0.0423441156744957 -0.9325022101402283 -5.715272426605225 0.005180970765650272 0.9988648891448975 0.04735037684440613 -0.19628185033798218 0.9334487318992615 -0.021814588457345963 0.35804682970046997 21.77842140197754
0.3054717481136322 0.041258249431848526 -0.9513068795204163 -6.220096111297607 0.007915763184428215 0.9989163875579834 0.04586487263441086 -0.17437082529067993 0.9521682262420654 -0.021540749818086624 0.3048141300678253 21.903223037719727
0.2520316541194916 0.047018863260746 -0.9665759801864624 -6.779736042022705 0.008911313489079475 0.9986637830734253 0.05090336129069328 -0.14422988891601562 0.9676779508590698 -0.0214427188038826 0.251275897026062 22.012069702148438
0.20040684938430786 0.05218753591179848 -0.9783217906951904 -7.375615119934082 0.01128342468291521 0.9983910322189331 0.05556948482990265 -0.1164102554321289 0.9796477556228638 -0.022175325080752373 0.19949552416801453 22.104930877685547
0.15270006656646729 0.053374141454696655 -0.9868302345275879 -7.9607133865356445 0.017029430717229843 0.9982501864433289 0.056626904755830765 -0.0911790132522583 0.9881258606910706 -0.025452088564634323 0.15152393281459808 22.167972564697266
0.10817477852106094 0.05474440008401871 -0.9926234483718872 -8.57830810546875 0.019219350069761276 0.9981808662414551 0.057145409286022186 -0.06768608093261719 0.9939460754394531 -0.025259271264076233 0.1069258451461792 22.211082458496094
0.06815768033266068 0.052954014390707016 -0.9962682723999023 -9.212307929992676 0.019203931093215942 0.9983357787132263 0.054377712309360504 -0.0381007194519043 0.9974897503852844 -0.022838521748781204 0.06702732294797897 22.220529556274414
0.03239234909415245 0.04858504235744476 -0.9982936382293701 -9.849637031555176 0.01691253110766411 0.9986481666564941 0.04915107786655426 -0.004717350006103516 0.999332070350647 -0.018475789576768875 0.03152686730027199 22.220653533935547
0.004167675971984863 0.048438772559165955 -0.9988174438476562 -10.524873733520508 0.014289789833128452 0.998721182346344 0.04849373921751976 0.031627267599105835 0.9998892545700073 -0.014474996365606785 0.0034701675176620483 22.19478416442871
-0.01678018644452095 0.05276109278202057 -0.9984661340713501 -11.228218078613281 0.013606220483779907 0.9985263347625732 0.052535608410835266 0.06064873933792114 0.9997667074203491 -0.012703793123364449 -0.017473340034484863 22.16426658630371
-0.03006763756275177 0.0588638037443161 -0.9978131055831909 -11.948678970336914 0.015440167859196663 0.9981727004051208 0.05841974914073944 0.09173953533172607 0.9994285702705383 -0.01364986039698124 -0.030921567231416702 22.146387100219727
-0.0381130687892437 0.061415065079927444 -0.9973843097686768 -12.693309783935547 0.01502496749162674 0.9980318546295166 0.060880791395902634 0.12701284885406494 0.9991604685783386 -0.012665312737226486 -0.038960814476013184 22.110660552978516
-0.04179879277944565 0.05863131210207939 -0.997404158115387 -13.455974578857422 0.01608201675117016 0.9981868267059326 0.05800335481762886 0.1613844633102417 0.9989966154098511 -0.013615800999104977 -0.04266591742634773 22.069618225097656
-0.04074500501155853 0.054662637412548065 -0.9976730942726135 -14.233030319213867 0.02336272969841957 0.9982814788818359 0.05374183505773544 0.19926929473876953 0.9988963007926941 -0.021118657663464546 -0.04195204749703407 22.041196823120117
-0.03681192547082901 0.0531490258872509 -0.9979077577590942 -15.04464054107666 0.03548918291926384 0.9980242848396301 0.05184606835246086 0.24528592824935913 0.9986918568611145 -0.03350638970732689 -0.038625407963991165 22.032079696655273
-0.03098892793059349 0.05326797068119049 -0.9980993270874023 -15.866921424865723 0.03574700281023979 0.9979990720748901 0.052152760326862335 0.28381776809692383 0.9988803267478943 -0.03406290337443352 -0.0328310988843441 22.00583839416504
-0.026021428406238556 0.05219057947397232 -0.9982980489730835 -16.72380828857422 0.03404204174876213 0.9981032609939575 0.051293063908815384 0.3111215829849243 0.999081552028656 -0.03264937922358513 -0.027748748660087585 21.97982406616211
-0.02326631173491478 0.04554177075624466 -0.9986914992332458 -17.583240509033203 0.03774317353963852 0.9982897639274597 0.04464415833353996 0.3507165312767029 0.9990165829658508 -0.03665507584810257 -0.024945413693785667 21.973329544067383
-0.020886912941932678 0.03461771830916405 -0.9991823434829712 -18.479799270629883 0.0352778434753418 0.9988035559654236 0.03386714309453964 0.3921459913253784 0.9991592764854431 -0.03454161807894707 -0.022083161398768425 21.950246810913086
-0.020108483731746674 0.02640654519200325 -0.9994489550590515 -19.37845230102539 0.027488762512803078 0.9992879033088684 0.025849219411611557 0.41730740666389465 0.9994198679924011 -0.02695382386445999 -0.020820049569010735 21.911529541015625
-0.02151847630739212 0.023429304361343384 -0.9994939565658569 -20.292917251586914 0.021942226216197014 0.9994955658912659 0.02295694127678871 0.4427293539047241 0.9995276927947998 -0.02143712341785431 -0.022021720185875893 21.880861282348633
-0.02515941485762596 0.02971073053777218 -0.999241828918457 -21.25114631652832 0.012637488543987274 0.9994878172874451 0.02939985692501068 0.45915722846984863 0.9996035695075989 -0.011888221837580204 -0.02552199736237526 21.844358444213867
-0.030159451067447662 0.03793516010046005 -0.9988248944282532 -22.216548919677734 0.008007340133190155 0.9992566108703613 0.03770977258682251 0.48364442586898804 0.9995130300521851 -0.006860624998807907 -0.030440788716077805 21.797239303588867
-0.03444457799196243 0.04732479155063629 -0.9982854723930359 -23.195838928222656 0.006474702153354883 0.9988678693771362 0.04712899774312973 0.5195467472076416 0.9993855953216553 -0.004840262234210968 -0.03471199423074722 21.744083404541016
-0.036383744329214096 0.05743427202105522 -0.9976860284805298 -24.22829246520996 0.005420830100774765 0.9983437657356262 0.05727444216609001 0.5583561658859253 0.9993231892585754 -0.003324427641928196 -0.03663482144474983 21.714603424072266
-0.037368372082710266 0.06540465354919434 -0.9971588850021362 -25.247243881225586 0.007479147519916296 0.997846245765686 0.06516945362091064 0.603364109992981 0.9992735981941223 -0.005022621247917414 -0.03777706250548363 21.675067901611328
-0.038779281079769135 0.06625673174858093 -0.9970487952232361 -26.276607513427734 0.00840428750962019 0.9977856278419495 0.06597883254289627 0.6573261022567749 0.9992125630378723 -0.005820872727781534 -0.039250243455171585 21.63166046142578
-0.0404515378177166 0.06326169520616531 -0.9971768260002136 -27.282140731811523 0.006834011059254408 0.9979878664016724 0.06303592026233673 0.7106457352638245 0.9991580843925476 -0.004264818038791418 -0.0408024787902832 21.583515167236328
-0.04295529052615166 0.058476515114307404 -0.9973642230033875 -28.299407958984375 0.006445310078561306 0.9982810616493225 0.05825267732143402 0.7573684453964233 0.9990561604499817 -0.0039260610938072205 -0.04325835034251213 21.530555725097656
-0.047679781913757324 0.05315941199660301 -0.99744713306427 -29.337459564208984 0.006607705261558294 0.9985778331756592 0.05290381237864494 0.8051692843437195 0.9988408088684082 -0.004068395588546991 -0.047963228076696396 21.474538803100586
-0.05342843383550644 0.04864267259836197 -0.9973861575126648 -30.355981826782227 0.006868136581033468 0.9988071322441101 0.04834405332803726 0.844894289970398 0.9985480904579163 -0.004267238080501556 -0.05369877442717552 21.419919967651367
-0.060093093663454056 0.046698108315467834 -0.9970998167991638 -31.379119873046875 0.005972723476588726 0.9989040493965149 0.04642264172434807 0.8855447173118591 0.9981749653816223 -0.003165721893310547 -0.06030614674091339 21.342042922973633
-0.06701666861772537 0.04904942587018013 -0.9965454936027527 -32.434810638427734 0.006334110163152218 0.9987916946411133 0.048734020441770554 0.9288517832756042 0.9977317452430725 -0.0030462373979389668 -0.06724637746810913 21.27256202697754
-0.07325073331594467 0.053881529718637466 -0.9958570003509521 -33.50285339355469 0.004573022481054068 0.9985471367835999 0.05369070917367935 0.9706035256385803 0.9973030686378479 -0.0006211914587765932 -0.07339070737361908 21.18422508239746
-0.0796135738492012 0.05677061527967453 -0.9952079057693481 -34.57318878173828 0.0021059203427284956 0.9983842968940735 0.056783344596624374 1.0170639753341675 0.9968235492706299 0.002424895763397217 -0.07960449159145355 21.09494972229004
-0.08417978882789612 0.05881480500102043 -0.9947133660316467 -35.64339065551758 -0.0011297996388748288 0.9982503056526184 0.05911955237388611 1.0676451921463013 0.9964500069618225 0.006100496742874384 -0.08396605402231216 20.99321746826172
-0.08702250570058823 0.060186076909303665 -0.994386613368988 -36.72236251831055 -0.005561581812798977 0.9981284141540527 0.06089926138520241 1.1190193891525269 0.9961907863616943 0.010829970240592957 -0.08652491867542267 20.89125633239746
-0.08875772356987 0.061446987092494965 -0.9941561222076416 -37.79800033569336 -0.009708660654723644 0.9979944825172424 0.06255102157592773 1.172228455543518 0.9960059523582458 0.015203813090920448 -0.08798316866159439 20.782344818115234
-0.08974874019622803 0.060842808336019516 -0.994104266166687 -38.87548065185547 -0.010987463407218456 0.9980109930038452 0.06207387521862984 1.2251774072647095 0.9959038496017456 0.016493739560246468 -0.08890174329280853 20.669940948486328
-0.09122691303491592 0.06017155572772026 -0.9940105676651001 -39.95674133300781 -0.011636966839432716 0.9980402588844299 0.0614834800362587 1.2745814323425293 0.9957621693611145 0.01717621646821499 -0.09034791588783264 20.56324005126953
-0.09227918088436127 0.059218063950538635 -0.9939706921577454 -41.03886795043945 -0.012419155798852444 0.9980840086936951 0.06061609089374542 1.329753041267395 0.9956557154655457 0.017937885597348213 -0.09136693924665451 20.462936401367188
-0.09319973737001419 0.05833122879266739 -0.9939372539520264 -42.128273010253906 -0.014676030725240707 0.9980934262275696 0.059951286762952805 1.3823912143707275 0.9955392479896545 0.020174499601125717 -0.09216596931219101 20.350322723388672
-0.09398704022169113 0.055850040167570114 -0.994005560874939 -43.20854568481445 -0.019298549741506577 0.9981353878974915 0.05790683254599571 1.4303377866744995 0.9953863024711609 0.02462535910308361 -0.0927339717745781 20.23918342590332
-0.09425254911184311 0.050958093255758286 -0.9942432641983032 -44.293766021728516 -0.024080853909254074 0.9982802867889404 0.053447823971509933 1.4778766632080078 0.9952569603919983 0.028979817405343056 -0.09286333620548248 20.127792358398438
-0.09339640289545059 0.05031915754079819 -0.994356632232666 -45.40642166137695 -0.025957003235816956 0.9982594847679138 0.052954718470573425 1.5219802856445312 0.9952905774116516 0.030756298452615738 -0.09192772954702377 20.012683868408203
-0.09177549183368683 0.05453871935606003 -0.9942850470542908 -46.51933288574219 -0.027006816118955612 0.9979953765869141 0.057235054671764374 1.5678319931030273 0.9954134225845337 0.03210524842143059 -0.09011860936880112 19.904722213745117
-0.08973072469234467 0.057942505925893784 -0.994279146194458 -47.6103401184082 -0.026854759082198143 0.9978024959564209 0.060571394860744476 1.608562707901001 0.9956039786338806 0.03213624656200409 -0.08797752112150192 19.798118591308594
-0.08847348392009735 0.05739464983344078 -0.9944236278533936 -48.74444580078125 -0.02483852207660675 0.9979009628295898 0.05980522558093071 1.666153907775879 0.9957687854766846 0.029991192743182182 -0.08686217665672302 19.698593139648438
-0.08614753186702728 0.05649774521589279 -0.9946791529655457 -49.85161209106445 -0.0247036125510931 0.9979625940322876 0.05882378667593002 1.7177393436431885 0.9959760308265686 0.02963968925178051 -0.0845763087272644 19.60101318359375
-0.08195973932743073 0.056683849543333054 -0.9950223565101624 -50.98457717895508 -0.029156945645809174 0.9978175759315491 0.059244733303785324 1.7770107984542847 0.9962089657783508 0.033867496997117996 -0.08012814819812775 19.497722625732422
-0.07639335095882416 0.0573822520673275 -0.9954251646995544 -52.10880661010742 -0.0340680368244648 0.9976094365119934 0.06012268736958504 1.8311110734939575 0.9964955449104309 0.03850515931844711 -0.07425583899021149 19.397245407104492
-0.06977307051420212 0.05674999579787254 -0.9959473013877869 -53.22257995605469 -0.038283489644527435 0.9974926710128784 0.05952007323503494 1.885162115097046 0.9968279600143433 0.04228124022483826 -0.06742552667856216 19.29571533203125
-0.06442683935165405 0.05617241933941841 -0.9963402152061462 -54.381248474121094 -0.03955654427409172 0.9974860548973083 0.058794885873794556 1.939539909362793 0.9971381425857544 0.04319974407553673 -0.062042880803346634 19.22098159790039
-0.05901337042450905 0.05520688369870186 -0.9967294931411743 -55.51409912109375 -0.03911421075463295 0.997575044631958 0.05756954848766327 1.9950634241104126 0.997490644454956 0.04238365963101387 -0.05671088397502899 19.15608787536621
-0.05326060950756073 0.05483505129814148 -0.9970740675926208 -56.663787841796875 -0.03770248591899872 0.9976687431335449 0.056881725788116455 2.0469717979431152 0.9978686571121216 0.040621716529130936 -0.05106903612613678 19.080183029174805
-0.04769866168498993 0.05559448152780533 -0.9973135590553284 -57.80101013183594 -0.03667907044291496 0.9976789951324463 0.05736912041902542 2.0958032608032227 0.9981881976127625 0.03931695595383644 -0.045548804104328156 19.021944046020508
-0.04208189249038696 0.05728297680616379 -0.9974706768989563 -58.968265533447266 -0.035777971148490906 0.9976283311843872 0.058801453560590744 2.145000457763672 0.9984733462333679 0.03816196322441101 -0.03993261978030205 18.972515106201172
-0.03674165531992912 0.05832451209425926 -0.9976213574409485 -60.12131881713867 -0.03628120943903923 0.9975593686103821 0.059657104313373566 2.199613571166992 0.998665988445282 0.038386810570955276 -0.03453589975833893 18.93112564086914
-0.03170095011591911 0.05745626613497734 -0.9978445172309875 -61.28812789916992 -0.03592247888445854 0.9976358413696289 0.05858548730611801 2.251433849334717 0.9988516569137573 0.03770226612687111 -0.029562029987573624 18.895797729492188
-0.02705220878124237 0.0532764308154583 -0.9982132911682129 -62.44919204711914 -0.03569265455007553 0.9978904724121094 0.054226502776145935 2.294631004333496 0.9989967346191406 0.037095826119184494 -0.0250935647636652 18.8607234954834
-0.02278873324394226 0.04782407730817795 -0.9985957741737366 -63.600772857666016 -0.03558138385415077 0.99818354845047 0.048616331070661545 2.340162754058838 0.9991069436073303 0.036639321595430374 -0.021045692265033722 18.835031509399414
-0.018735259771347046 0.04749206826090813 -0.9986959099769592 -64.78654479980469 -0.03514263033866882 0.9982227087020874 0.04812884330749512 2.380740165710449 0.9992066621780396 0.03599851205945015 -0.017032966017723083 18.79668426513672
-0.0159769169986248 0.05049258843064308 -0.998596727848053 -65.96086883544922 -0.034315407276153564 0.9981080889701843 0.051016915589571 2.4101855754852295 0.9992833137512207 0.035082343965768814 -0.014214017428457737 18.789039611816406
-0.013682343065738678 0.050252970308065414 -0.9986427426338196 -67.1300277709961 -0.03499080240726471 0.9981005191802979 0.05070508271455765 2.4542744159698486 0.9992939829826355 0.03563707694411278 -0.011897962540388107 18.763927459716797
-0.012860441580414772 0.05004677176475525 -0.9986640810966492 -68.29180908203125 -0.0368383452296257 0.9980449080467224 0.050490133464336395 2.4998831748962402 0.9992385506629944 0.03743845596909523 -0.010991659015417099 18.74466896057129
-0.01218824740499258 0.051067668944597244 -0.9986209273338318 -69.47946166992188 -0.0375017486512661 0.9979690313339233 0.051492054015398026 2.5373313426971436 0.9992222189903259 0.03807762637734413 -0.010248367674648762 18.725004196166992
-0.010568683966994286 0.05066444352269173 -0.9986598491668701 -70.65912628173828 -0.0381556898355484 0.9979678392410278 0.051033131778240204 2.5794825553894043 0.9992159605026245 0.03864390775561333 -0.00861407071352005 18.70012855529785
-0.009609962813556194 0.04861900955438614 -0.9987711310386658 -71.82522583007812 -0.038581062108278275 0.9980555176734924 0.04895538464188576 2.6185555458068848 0.9992092847824097 0.039004117250442505 -0.007715502753853798 18.68238067626953
-0.009408795274794102 0.04763437435030937 -0.9988205432891846 -73.02074432373047 -0.03659459948539734 0.9981791973114014 0.04794849455356598 2.6578850746154785 0.999285876750946 0.0370025709271431 -0.00764850340783596 18.67479705810547
-0.008619923144578934 0.04699970409274101 -0.9988577961921692 -74.20828247070312 -0.03362488001585007 0.9983162879943848 0.047264400869607925 2.703315258026123 0.9993973970413208 0.033993881195783615 -0.0070250509306788445 18.659828186035156
-0.008839822374284267 0.04836627095937729 -0.9987905621528625 -75.39230346679688 -0.031046612188220024 0.9983347654342651 0.04861897975206375 2.7358055114746094 0.9994788765907288 0.03143884614109993 -0.007323493715375662 18.652387619018555
-0.008714379742741585 0.05120012164115906 -0.9986504316329956 -76.57878112792969 -0.03070799820125103 0.9982036352157593 0.05144517496228218 2.7759039402008057 0.9994904398918152 0.031114868819713593 -0.007126473356038332 18.637075424194336
-0.008519317023456097 0.05465173348784447 -0.9984691143035889 -77.76103210449219 -0.03266908600926399 0.9979571104049683 0.054902445524930954 2.819378614425659 0.9994299411773682 0.033086806535720825 -0.006716492120176554 18.62290382385254
-0.007779562380164862 0.054842326790094376 -0.9984647035598755 -78.94361877441406 -0.034825973212718964 0.9978743195533752 0.055081240832805634 2.8640990257263184 0.999363124370575 0.03520100936293602 -0.00585308950394392 18.603593826293945
-0.007726587820798159 0.05252303183078766 -0.998589813709259 -80.12767028808594 -0.03612411767244339 0.9979531168937683 0.05276905745267868 2.907989501953125 0.9993174076080322 0.03648090362548828 -0.00581342400982976 18.592971801757812
-0.0072647081688046455 0.049882907420396805 -0.9987286329269409 -81.30797576904297 -0.035904429852962494 0.9980978965759277 0.05011257156729698 2.95628023147583 0.9993288516998291 0.036222830414772034 -0.005459872540086508 18.576990127563477
-0.0073508913628757 0.04950495809316635 -0.9987467527389526 -82.49609375 -0.03353988751769066 0.9981996417045593 0.049724698066711426 2.99379825592041 0.9994103312492371 0.0338633768260479 -0.005677265580743551 18.562740325927734
-0.007334019523113966 0.050701260566711426 -0.9986868500709534 -83.67352294921875 -0.0323868989944458 0.9981778264045715 0.0509132519364357 3.036400318145752 0.9994484186172485 0.03271777555346489 -0.005678597837686539 18.554174423217773
-0.0070649003610014915 0.05392221361398697 -0.9985201358795166 -84.8558349609375 -0.03136776015162468 0.9980416893959045 0.0541183166205883 3.0724985599517822 0.9994829297065735 0.03170367330312729 -0.005359646398574114 18.54257583618164
-0.006378479301929474 0.056127920746803284 -0.9984031915664673 -86.03173065185547 -0.03186209872364998 0.9979050755500793 0.0563034825026989 3.118598222732544 0.9994719624519348 0.03217035159468651 -0.004576762672513723 18.53099250793457
-0.006252839230000973 0.056300416588783264 -0.998394250869751 -87.20001983642578 -0.03308538720011711 0.997855544090271 0.05647724121809006 3.160137891769409 0.9994329214096069 0.03338541090488434 -0.004376709461212158 18.514320373535156
-0.0058896723203361034 0.05425075814127922 -0.9985100030899048 -88.3708724975586 -0.03284222260117531 0.9979782700538635 0.05441558361053467 3.2040045261383057 0.9994431734085083 0.033113766461610794 -0.004096048418432474 18.50156593322754
-0.005789294373244047 0.05273032560944557 -0.9985920190811157 -89.5411605834961 -0.03129599243402481 0.9981099963188171 0.05288631096482277 3.249859571456909 0.9994933605194092 0.03155811131000519 -0.004128104541450739 18.494876861572266
-0.006012378726154566 0.05386527627706528 -0.9985302090644836 -90.70864868164062 -0.029181962832808495 0.9981134533882141 0.05401851609349251 3.2896785736083984 0.9995560646057129 0.02946385182440281 -0.004429141990840435 18.490888595581055
-0.005200712475925684 0.05679308995604515 -0.9983725547790527 -91.88532257080078 -0.027535786852240562 0.9979991912841797 0.05691530555486679 3.338524341583252 0.999607264995575 0.027786970138549805 -0.003626464633271098 18.473299026489258
-0.005565331783145666 0.059020984917879105 -0.9982412457466125 -93.05681610107422 -0.02615700662136078 0.9979066252708435 0.05914701521396637 3.385159730911255 0.9996423125267029 0.026440175250172615 -0.004009868949651718 18.468847274780273
-0.004985690116882324 0.06071147695183754 -0.9981428980827332 -94.22223663330078 -0.02734323777258396 0.9977738261222839 0.06082560867071152 3.442105770111084 0.9996135830879211 0.02759571745991707 -0.0033145430497825146 18.454214096069336
-0.0042884997092187405 0.06296896934509277 -0.998006284236908 -95.3721694946289 -0.02942989021539688 0.9975752234458923 0.0630682185292244 3.482699394226074 0.9995576739311218 0.029641682282090187 -0.002424931153655052 18.444408416748047
-0.0042405882850289345 0.06220420077443123 -0.9980544447898865 -96.53446197509766 -0.03133294731378555 0.9975650906562805 0.06230683624744415 3.5339136123657227 0.999500036239624 0.03153620660305023 -0.002281221793964505 18.432781219482422
-0.00421114033088088 0.057973556220531464 -0.9983091354370117 -97.68610382080078 -0.03393612429499626 0.9977347254753113 0.05808334797620773 3.583343267440796 0.9994152188301086 0.034123338758945465 -0.002234203275293112 18.41170310974121
-0.003198120044544339 0.05647967755794525 -0.9983986020088196 -98.86038208007812 -0.03534562140703201 0.9977734684944153 0.0565575435757637 3.633788824081421 0.9993699789047241 0.0354699045419693 -0.001194689655676484 18.398025512695312
-0.0030972170643508434 0.054735079407691956 -0.9984961152076721 -100.0269775390625 -0.03521493822336197 0.9978755712509155 0.0548102967441082 3.6832759380340576 0.9993749856948853 0.035331740975379944 -0.0011631451779976487 18.38953971862793
-0.0023544621653854847 0.05539628490805626 -0.9984616637229919 -101.1944808959961 -0.0340801477432251 0.9978799223899841 0.055444374680519104 3.7281038761138916 0.9994163513183594 0.034158267080783844 -0.00046155694872140884 18.379610061645508
-0.003177839098498225 0.05740581080317497 -0.9983458518981934 -102.35494995117188 -0.034089215099811554 0.997764527797699 0.05748087912797928 3.771700859069824 0.9994137287139893 0.034215494990348816 -0.0012138151796534657 18.383161544799805
