1.0 0.0 0.0 0.0 0.0 1.0 0.0 0.0 0.0 0.0 1.0 0.0
0.9999955892562866 0.0029567303135991096 0.00015391681517940015 -0.006001872010529041 -0.00295694125816226 0.9999946355819702 0.0013880570186302066 -0.012909859418869019 -0.0001498118945164606 -0.001388506148941815 0.9999990463256836 0.7724263072013855
0.9999848008155823 0.005479488521814346 0.000586879497859627 -0.012055882252752781 -0.005480611696839333 0.9999831318855286 0.0019293322693556547 -0.029930010437965393 -0.0005762978689745069 -0.001932519138790667 0.9999979734420776 1.5395464897155762
0.9999768733978271 0.0067055439576506615 0.0011374063324183226 -0.020189771428704262 -0.006707589142024517 0.9999758005142212 0.0018041202565655112 -0.04798629507422447 -0.00112528121098876 -0.0018117076251655817 0.9999976754188538 2.2755746841430664
0.9999619126319885 0.008663355372846127 0.0010072720469906926 -0.023147497326135635 -0.008664852939546108 0.9999613165855408 0.0014914758503437042 -0.06111229583621025 -0.0009943119948729873 -0.0015001468127593398 0.9999983310699463 3.002941608428955
0.9999582767486572 0.008951656520366669 0.001771115930750966 -0.03383120521903038 -0.008953834883868694 0.9999591708183289 0.0012249615974724293 -0.07474808394908905 -0.0017600780120119452 -0.0012407690519466996 0.9999976754188538 3.7182767391204834
0.9999566674232483 0.009155560284852982 0.0016537313349545002 -0.02493789792060852 -0.009158879518508911 0.9999560117721558 0.002010790165513754 -0.08591597527265549 -0.001635248539969325 -0.002025849185883999 0.9999966025352478 4.418140411376953
0.9999446272850037 0.0101004708558321 0.002948711859062314 -0.04552016407251358 -0.010115345939993858 0.9999359250068665 0.005073361564427614 -0.10285940021276474 -0.002897279802709818 -0.005102907307446003 0.9999828338623047 5.087324142456055
0.9999420046806335 0.009873072616755962 0.004336327780038118 -0.039725787937641144 -0.009910911321640015 0.9999122023582458 0.008792921900749207 -0.1070142537355423 -0.004249134566634893 -0.008835387416183949 0.9999518990516663 5.757309913635254
0.9999420642852783 0.009202361106872559 0.005597405135631561 -0.03738829493522644 -0.009271908551454544 0.9998785257339478 0.012528841383755207 -0.11934123188257217 -0.005481429863721132 -0.01258001383394003 0.9999058246612549 6.385398864746094
0.9999412894248962 0.008433745242655277 0.006801162380725145 -0.03768688440322876 -0.00853181816637516 0.9998581409454346 0.014522334560751915 -0.12488804757595062 -0.006677720695734024 -0.014579507522284985 0.9998713731765747 6.995444297790527
0.9999302625656128 0.009091116487979889 0.007538635283708572 -0.023937076330184937 -0.009200481697916985 0.9998510479927063 0.014601513743400574 -0.13732479512691498 -0.007404768373817205 -0.014669853262603283 0.999864935874939 7.571812152862549
0.9999178051948547 0.009663283824920654 0.008424888364970684 -0.020359139889478683 -0.009763909503817558 0.9998805522918701 0.011985604651272297 -0.14559662342071533 -0.008308062329888344 -0.012066880241036415 0.9998927116394043 8.121673583984375
0.9999091625213623 0.00959605723619461 0.009463094174861908 -0.020172273740172386 -0.0096813989803195 0.9999125003814697 0.009014276787638664 -0.14958100020885468 -0.009375764057040215 -0.009105072356760502 0.9999145865440369 8.65261173248291
0.9999086260795593 0.008072988130152225 0.010843919590115547 -0.006365877576172352 -0.008155865594744682 0.9999377131462097 0.007620477117598057 -0.1582884043455124 -0.010781723074615002 -0.0077082207426428795 0.9999121427536011 9.148324966430664
0.9999078512191772 0.004084187094122171 0.012944864109158516 -0.004362570587545633 -0.004152325913310051 0.9999776482582092 0.005241248290985823 -0.162566140294075 -0.012923168949782848 -0.005294515285640955 0.9999024271965027 9.616756439208984
0.9998887181282043 0.0022672349587082863 0.014743267558515072 0.009060024283826351 -0.0023298412561416626 0.9999882578849792 0.004230621736496687 -0.16871248185634613 -0.014733505435287952 -0.0042645009234547615 0.9998823404312134 10.057421684265137
0.9998436570167542 0.006595707032829523 0.01640753261744976 0.018451504409313202 -0.006632865872234106 0.9999756217002869 0.0022113523446023464 -0.1791624277830124 -0.016392545774579048 -0.0023198360577225685 0.9998629689216614 10.47447681427002
0.9997438788414001 0.011120974086225033 0.019708413630723953 0.015248189680278301 -0.011152820661664009 0.9999365210533142 0.0015066034393385053 -0.18662424385547638 -0.019690411165356636 -0.0017260221065953374 0.9998046159744263 10.862305641174316
0.9996756911277771 0.01128802914172411 0.02282535284757614 0.023657923564314842 -0.011351324617862701 0.9999319911003113 0.002645373111590743 -0.19714432954788208 -0.02279394306242466 -0.0029036132618784904 0.999735951423645 11.204801559448242
0.9996315836906433 0.00708850147202611 0.02620008960366249 0.03351503238081932 -0.007174178957939148 0.9999691843986511 0.00317753991112113 -0.2032652348279953 -0.026176758110523224 -0.0033643331844359636 0.9996516704559326 11.525193214416504
0.999583899974823 0.0028554785531014204 0.02870260365307331 0.053950563073158264 -0.002934487536549568 0.9999919533729553 0.002710937522351742 -0.2029927372932434 -0.0286946352571249 -0.002794037340208888 0.9995843172073364 11.806220054626465
0.9995175004005432 -0.0005671319668181241 0.03105340152978897 0.06939467042684555 0.00044165257713757455 0.9999917149543762 0.004047479014843702 -0.20829127728939056 -0.031055444851517677 -0.004031811840832233 0.9995095729827881 12.064837455749512
0.9994395971298218 -0.0009356030495837331 0.033460792154073715 0.07967907935380936 0.0007637356175109744 0.9999863505363464 0.00514879310503602 -0.21484339237213135 -0.03346516564488411 -0.005120353307574987 0.9994267821311951 12.29658031463623
0.9993597865104675 -0.00037560140481218696 0.03577600046992302 0.08324722945690155 0.0002264661598019302 0.9999912977218628 0.004172544460743666 -0.21919618546962738 -0.0357772596180439 -0.004161770921200514 0.9993511438369751 12.5003080368042
0.999305009841919 0.0004907597322016954 0.03727034106850624 0.10485170781612396 -0.0006016932311467826 0.9999954104423523 0.0029653003439307213 -0.22739218175411224 -0.03726871684193611 -0.0029856651090085506 0.9993008971214294 12.697911262512207
0.999176025390625 0.0028703531716018915 0.040483761578798294 0.09971942752599716 -0.002957155928015709 0.9999934434890747 0.002084426349028945 -0.23242615163326263 -0.04047751799225807 -0.0022024258505553007 0.9991780519485474 12.85645580291748
0.9990927577018738 0.0057390532456338406 0.04219759255647659 0.10144925117492676 -0.00580808287486434 0.9999819993972778 0.00151344935875386 -0.23908443748950958 -0.04218814894556999 -0.001757163438014686 0.9991081953048706 13.024638175964355
0.9990308284759521 0.007137713488191366 0.043432917445898056 0.10960932075977325 -0.007146914955228567 0.9999744296073914 5.658985537593253e-05 -0.24568872153759003 -0.04343140497803688 -0.000366946158464998 0.9990563988685608 13.180548667907715
0.9989457726478577 0.006240333896130323 0.045478519052267075 0.11721155047416687 -0.006176779977977276 0.9999797344207764 -0.0015378493117168546 -0.25352218747138977 -0.04548719525337219 0.0012553168926388025 0.9989641308784485 13.329792022705078
0.9988834857940674 0.004886293783783913 0.046988923102617264 0.12586523592472076 -0.00475202314555645 0.9999842643737793 -0.002968766260892153 -0.255399614572525 -0.04700269177556038 0.0027421594131737947 0.9988909959793091 13.470663070678711
0.9988242983818054 0.004001980647444725 0.0483122281730175 0.13335134088993073 -0.003816798096522689 0.9999850392341614 -0.003924672957509756 -0.2584035098552704 -0.04832720756530762 0.0037356605753302574 0.9988245964050293 13.60964584350586
0.9987461566925049 0.0050333719700574875 0.04980868846178055 0.14070431888103485 -0.004766775760799646 0.9999736547470093 -0.005469743628054857 -0.260442852973938 -0.04983491450548172 0.005225458648055792 0.9987438321113586 13.742840766906738
0.99867844581604 0.00556469289585948 0.051092103123664856 0.14526472985744476 -0.005202227737754583 0.9999603629112244 -0.007224594708532095 -0.2667505443096161 -0.051130279898643494 0.006949255242943764 0.99866783618927 13.863863945007324
0.9986379146575928 0.005621560383588076 0.051874760538339615 0.15554258227348328 -0.005122958682477474 0.999939501285553 -0.009739630855619907 -0.2667613625526428 -0.0519263781607151 0.009460611268877983 0.9986060857772827 13.990936279296875
0.9985963106155396 0.005035980138927698 0.052727457135915756 0.16101419925689697 -0.004414412658661604 0.9999194741249084 -0.01189813856035471 -0.27197661995887756 -0.05278312787413597 0.011648676358163357 0.998538076877594 14.114554405212402
0.9986245036125183 0.004167822189629078 0.05226689949631691 0.16718801856040955 -0.003457688959315419 0.9999005198478699 -0.013669748790562153 -0.27727386355400085 -0.05231867730617523 0.013470222242176533 0.9985396265983582 14.240997314453125
0.9987326860427856 0.0035974823404103518 0.05020162835717201 0.17266659438610077 -0.0028526191599667072 0.9998849034309387 -0.01490120030939579 -0.281585693359375 -0.050249457359313965 0.014739111065864563 0.9986279010772705 14.364991188049316
0.9988833665847778 0.003940952010452747 0.0470796599984169 0.17886948585510254 -0.003197922371327877 0.9998693466186523 -0.015847299247980118 -0.2832590341567993 -0.047135964035987854 0.015679044649004936 0.9987654685974121 14.49804973602295
0.9990532994270325 0.004405757877975702 0.043279897421598434 0.1733705848455429 -0.003666483797132969 0.9998462796211243 -0.017145799472928047 -0.2838720977306366 -0.04334878921508789 0.016970882192254066 0.9989157915115356 14.618193626403809
0.9992792010307312 0.004371126648038626 0.03771093487739563 0.1695711612701416 -0.0036815074272453785 0.9998250603675842 -0.01833709515631199 -0.2876398265361786 -0.03778449818491936 0.018185041844844818 0.9991204142570496 14.742313385009766
0.9995225071907043 0.004145469982177019 0.030618803575634956 0.173696368932724 -0.0035732672549784184 0.9998183846473694 -0.018719112500548363 -0.29445400834083557 -0.030690841376781464 0.018600763753056526 0.9993557929992676 14.861371040344238
0.9997181296348572 0.00441501522436738 0.023326311260461807 0.17009975016117096 -0.003956955391913652 0.9997991919517517 -0.01964687928557396 -0.2944646179676056 -0.02340836450457573 0.019549038261175156 0.9995348453521729 14.985569953918457
0.9998800158500671 0.003826215397566557 0.015011935494840145 0.1669580042362213 -0.00351925753057003 0.9997852444648743 -0.020420990884304047 -0.29852938652038574 -0.015086844563484192 0.02036571130156517 0.9996787309646606 15.120746612548828
0.9999815225601196 0.0029805696103721857 0.00530979223549366 0.152748703956604 -0.0028652686160057783 0.999762773513794 -0.02159161865711212 -0.3020794689655304 -0.005372887942939997 0.021576005965471268 0.9997527599334717 15.251843452453613
0.9999668002128601 0.001544106868095696 -0.008000131696462631 0.14822030067443848 -0.0017291400581598282 0.9997299313545227 -0.023173650726675987 -0.3055247366428375 0.007962186820805073 0.023186713457107544 0.9996994733810425 15.400845527648926
0.9997119307518005 0.0007494348101317883 -0.023990793153643608 0.1257789134979248 -0.001356285996735096 0.9996792674064636 -0.025288892909884453 -0.30629435181617737 0.02396414615213871 0.025314144790172577 0.9993923306465149 15.553083419799805
0.9990615248680115 0.0011869746958836913 -0.043297331780195236 0.09888393431901932 -0.002328228671103716 0.9996509552001953 -0.026317646726965904 -0.3087274730205536 0.04325098171830177 0.02639375440776348 0.9987155199050903 15.734703063964844
0.9978907108306885 0.0024954613763839006 -0.06486804038286209 0.05890512838959694 -0.0041811722330749035 0.9996566772460938 -0.0258640069514513 -0.3147607743740082 0.06478122621774673 0.026080679148435593 0.99755859375 15.910456657409668
0.9960553646087646 0.002725030295550823 -0.08869235962629318 0.02414991706609726 -0.004906703718006611 0.9996904730796814 -0.024389484897255898 -0.32184678316116333 0.08859845995903015 0.02472846396267414 0.9957605004310608 16.114280700683594
0.9933314323425293 0.003571924986317754 -0.11523867398500443 -0.02117234282195568 -0.00625066040083766 0.9997183084487915 -0.022892119362950325 -0.32895806431770325 0.11512446403503418 0.023459777235984802 0.9930739402770996 16.324312210083008
0.9893832206726074 0.0045434050261974335 -0.1452595740556717 -0.08746999502182007 -0.007603571284562349 0.9997605681419373 -0.02051863819360733 -0.3390275835990906 0.14513158798217773 0.021405287086963654 0.9891807436943054 16.546396255493164
0.9839566349983215 0.004675812087953091 -0.1783466935157776 -0.16518369317054749 -0.007873499765992165 0.9998205900192261 -0.017226047813892365 -0.34128400683403015 0.17823415994644165 0.0183538980782032 0.9838168621063232 16.798107147216797
0.9765568971633911 0.005856948904693127 -0.21517978608608246 -0.2482985407114029 -0.008888320066034794 0.9998744130134583 -0.013122685253620148 -0.34988799691200256 0.21507589519023895 0.01472763903439045 0.9764862656593323 17.04341697692871
0.9669148325920105 0.00732165202498436 -0.25499406456947327 -0.3529233932495117 -0.009627018123865128 0.9999232888221741 -0.007793970871716738 -0.35408496856689453 0.2549174427986145 0.009990941733121872 0.9669111967086792 17.30524253845215
0.9551439881324768 0.010996062308549881 -0.29593759775161743 -0.4826482832431793 -0.012442531995475292 0.9999181032180786 -0.0030048496555536985 -0.3553914427757263 0.2958802580833435 0.006552277132868767 0.955202579498291 17.57583236694336
0.9409920573234558 0.01448344811797142 -0.33811840415000916 -0.6230154633522034 -0.014930606819689274 0.9998877048492432 0.0012783595593646169 -0.3583807945251465 0.3380989134311676 0.0038453873712569475 0.9411027431488037 17.85031509399414
0.9242211580276489 0.016891388222575188 -0.38148391246795654 -0.7649732232093811 -0.015361526049673557 0.9998571276664734 0.007055412046611309 -0.3619827926158905 0.38154861330986023 -0.0006605857633985579 0.9243485927581787 18.119234085083008
0.9047912955284119 0.02049797959625721 -0.4253617823123932 -0.9311127066612244 -0.015610642731189728 0.9997659921646118 0.014972691424190998 -0.36942291259765625 0.42556920647621155 -0.006906989961862564 0.904899537563324 18.40253257751465
0.8830927610397339 0.024731529876589775 -0.46854618191719055 -1.1109086275100708 -0.016655530780553818 0.9996328949928284 0.02137264423072338 -0.36661291122436523 0.46890273690223694 -0.01107014063745737 0.8831803798675537 18.66452407836914
0.8584210872650146 0.030425922945141792 -0.5120424628257751 -1.326314091682434 -0.019776523113250732 0.9994602799415588 0.026233984157443047 -0.371631383895874 0.5125642418861389 -0.012393389828503132 0.8585594296455383 18.943952560424805
0.8304123282432556 0.03368416056036949 -0.5561301708221436 -1.5553396940231323 -0.020600533112883568 0.9993444681167603 0.029768474400043488 -0.37007248401641846 0.5567682981491089 -0.013263535685837269 0.8305619955062866 19.21940803527832
0.7994887232780457 0.03740339353680611 -0.599515438079834 -1.7982157468795776 -0.02298923209309578 0.9992334842681885 0.03168408200144768 -0.3669412136077881 0.6002411246299744 -0.011548667214810848 0.7997357845306396 19.47755241394043
0.7651395797729492 0.040795646607875824 -0.6425707936286926 -2.0646567344665527 -0.023863116279244423 0.9991016983985901 0.03501620888710022 -0.36330485343933105 0.6434220671653748 -0.011458547785878181 0.7654258012771606 19.754873275756836
0.728480339050293 0.04453250765800476 -0.6836177706718445 -2.3823354244232178 -0.025163287296891212 0.9989509582519531 0.038259439170360565 -0.34178486466407776 0.6846044063568115 -0.01066917646676302 0.7288366556167603 20.033660888671875
0.6896536946296692 0.04431051015853882 -0.7227823138237 -2.7112326622009277 -0.021616846323013306 0.9989409446716309 0.04061450809240341 -0.31985509395599365 0.7238165140151978 -0.012385670095682144 0.6898812651634216 20.296175003051758
0.6483553647994995 0.04410381615161896 -0.7600592374801636 -3.060500144958496 -0.01899733953177929 0.998947024345398 0.04176035523414612 -0.30494415760040283 0.7611007690429688 -0.012636448256671429 0.6485104560852051 20.558691024780273
0.6061171293258667 0.04294298589229584 -0.7942152619361877 -3.4418559074401855 -0.013280094601213932 0.9989485144615173 0.04387795180082321 -0.2944473624229431 0.7952645421028137 -0.016047922894358635 0.6060500741004944 20.801881790161133
0.5608227252960205 0.04288026690483093 -0.8268247246742249 -3.852041482925415 -0.008375532925128937 0.9989005327224731 0.046123355627059937 -0.2780001163482666 0.8278934955596924 -0.018941927701234818 0.5605652928352356 21.056690216064453
0.5143060684204102 0.04432427138090134 -0.8564605712890625 -4.279382705688477 -0.006522655487060547 0.9988368153572083 0.04777578264474869 -0.2530631124973297 0.8575819730758667 -0.018984971567988396 0.5139967799186707 21.270000457763672
0.46417897939682007 0.043899063020944595 -0.8846529126167297 -4.73486328125 -0.005162716377526522 0.9988881945610046 0.04685886576771736 -0.23133018612861633 0.8857264518737793 -0.017183683812618256 0.4638894498348236 21.46842384338379
0.412339985370636 0.0431390106678009 -0.9100081324577332 -5.221442222595215 0.0006518022855743766 0.9988641142845154 0.04764657840132713 -0.2163829803466797 0.9110298752784729 -0.020239731296896935 0.4118433892726898 21.651355743408203
0.35788440704345703 0.042027246206998825 -0.932819664478302 -5.729527950286865 0.005489824339747429 0.9988746643066406 0.047109510749578476 -0.19098195433616638 0.933749794960022 -0.0219807717949152 0.3572508990764618 21.82832145690918
0.3044273257255554 0.04073246940970421 -0.9516642689704895 -6.245939254760742 0.007820138707756996 0.9989446997642517 0.04525771737098694 -0.16338466107845306 0.9525034427642822 -0.021219830960035324 0.30378755927085876 21.95879364013672
0.25106897950172424 0.046423349529504776 -0.9668552875518799 -6.801623821258545 0.008769814856350422 0.9986991882324219 0.05022963508963585 -0.1330314576625824 0.9679294228553772 -0.021090246737003326 0.25033530592918396 22.06342887878418
0.1993485391139984 0.051822613924741745 -0.9785574078559875 -7.398512363433838 0.011215748265385628 0.9984146952629089 0.05515904724597931 -0.10831724107265472 0.9798644185066223 -0.02197113260626793 0.19845131039619446 22.157434463500977
0.15159255266189575 0.05293068662285805 -0.9870248436927795 -7.98885440826416 0.016787424683570862 0.9982832670211792 0.05611273646354675 -0.0814591497182846 0.9883005023002625 -0.0250758808106184 0.15044374763965607 22.221940994262695
0.10711756348609924 0.054283175617456436 -0.9927634000778198 -8.604934692382812 0.019221842288970947 0.99820876121521 0.056654930114746094 -0.05915403366088867 0.9940605759620667 -0.025151481851935387 0.10588225722312927 22.26375389099121
0.06720700860023499 0.05256841331720352 -0.996353268623352 -9.239294052124023 0.018937351182103157 0.9983640313148499 0.05395188182592392 -0.030177904292941093 0.9975593686103821 -0.022494234144687653 0.0661015510559082 22.271236419677734
0.031324662268161774 0.04829723387956619 -0.9983416795730591 -9.871636390686035 0.016823021695017815 0.9986648559570312 0.0488407164812088 0.0006789618055336177 0.9993676543235779 -0.018325040116906166 0.030470333993434906 22.269329071044922
0.0030798991210758686 0.04813896119594574 -0.9988359808921814 -10.546590805053711 0.014485372230410576 0.998733639717102 0.04817870259284973 0.03727905824780464 0.9998903274536133 -0.014616893604397774 0.0023786877281963825 22.243635177612305
-0.017822960391640663 0.05242687836289406 -0.9984656572341919 -11.251407623291016 0.01360112614929676 0.9985446929931641 0.05218823626637459 0.0664205476641655 0.9997485876083374 -0.01265010330826044 -0.018510092049837112 22.212148666381836
-0.03110123984515667 0.05850483849644661 -0.9978025555610657 -11.975566864013672 0.015129716135561466 0.9981987476348877 0.05805647000670433 0.09755890816450119 0.9994016885757446 -0.013290840201079845 -0.031930387020111084 22.192184448242188
-0.03891083970665932 0.06100474298000336 -0.9973787665367126 -12.717659950256348 0.014485183171927929 0.9980642199516296 0.06048155948519707 0.13301773369312286 0.9991376996040344 -0.01209382712841034 -0.03971918672323227 22.152585983276367
-0.0428016223013401 0.058293458074331284 -0.9973815083503723 -13.482186317443848 0.01575346291065216 0.9982116222381592 0.057665929198265076 0.1660100519657135 0.9989593029022217 -0.013244016095995903 -0.043643396347761154 22.112890243530273
-0.04183628410100937 0.054367419332265854 -0.9976442456245422 -14.259237289428711 0.023053428158164024 0.9983050227165222 0.05343668535351753 0.20349861681461334 0.9988584518432617 -0.020763525739312172 -0.04301873594522476 22.083843231201172
-0.03781384974718094 0.05287325754761696 -0.9978850483894348 -15.073141098022461 0.03518208861351013 0.9980505704879761 0.05154883861541748 0.24783894419670105 0.9986652731895447 -0.03315842151641846 -0.03960032016038895 22.07412338256836
-0.032190993428230286 0.05289042741060257 -0.9980813264846802 -15.900291442871094 0.03546878695487976 0.9980302453041077 0.051743753254413605 0.2881428897380829 0.9988521933555603 -0.03373505920171738 -0.034003544598817825 22.049325942993164
-0.026958651840686798 0.05194675177335739 -0.9982858896255493 -16.750123977661133 0.03377216309309006 0.998126208782196 0.05102641507983208 0.3127058446407318 0.9990658760070801 -0.03233868256211281 -0.028662487864494324 22.018638610839844
-0.024205097928643227 0.045354921370744705 -0.9986775517463684 -17.610448837280273 0.037594594061374664 0.9983050227165222 0.0444268099963665 0.3516513407230377 0.9989997744560242 -0.03646952658891678 -0.02586917020380497 22.011228561401367
-0.02177564427256584 0.03436345234513283 -0.9991721510887146 -18.511598587036133 0.03483888879418373 0.9988282322883606 0.033592354506254196 0.39304405450820923 0.9991557002067566 -0.03407854214310646 -0.022947315126657486 21.986055374145508
-0.02103203907608986 0.026141053065657616 -0.9994370341300964 -19.410842895507812 0.02708018757402897 0.9993062019348145 0.025567760691046715 0.4183923900127411 0.9994120001792908 -0.026527196168899536 -0.021725354716181755 21.947019577026367
-0.02235802449285984 0.023308109492063522 -0.999478280544281 -20.324382781982422 0.021685628220438957 0.9995043277740479 0.02282361127436161 0.4402189552783966 0.9995148181915283 -0.021164018660783768 -0.022852392867207527 21.91494369506836
-0.025911223143339157 0.02963932417333126 -0.9992247819900513 -21.28965187072754 0.012442812323570251 0.9994924068450928 0.02932460978627205 0.4563220143318176 0.999586820602417 -0.011673328466713428 -0.026266874745488167 21.874807357788086
-0.031079167500138283 0.03787453472614288 -0.9987990856170654 -22.25582504272461 0.007866737432777882 0.9992600679397583 0.03764723613858223 0.48104432225227356 0.9994860291481018 -0.0066872453317046165 -0.03135412186384201 21.829191207885742
-0.03526672348380089 0.0473441518843174 -0.9982558488845825 -23.224794387817383 0.006280938629060984 0.9988679885864258 0.047151289880275726 0.5147276520729065 0.9993581771850586 -0.004607111681252718 -0.035524167120456696 21.77713966369629
-0.03731245547533035 0.05732114985585213 -0.9976583123207092 -24.263887405395508 0.005104072391986847 0.9983513951301575 0.0571700818836689 0.5558187961578369 0.9992905855178833 -0.002958964090794325 -0.037543512880802155 21.744747161865234
-0.03835020959377289 0.06531296670436859 -0.9971276521682739 -25.283157348632812 0.0071660238318145275 0.9978541135787964 0.06508492678403854 0.6005068421363831 0.9992386102676392 -0.00464941980317235 -0.03873594477772713 21.704801559448242
-0.03965674340724945 0.06592730432748795 -0.9970360398292542 -26.311059951782227 0.008063794113695621 0.9978095889091492 0.06565772742033005 0.656640350818634 0.999180793762207 -0.005436121951788664 -0.04010150209069252 21.658884048461914
-0.04145612195134163 0.0631253719329834 -0.9971441626548767 -27.317487716674805 0.006715469527989626 0.9979971051216125 0.06290018558502197 0.7067977786064148 0.9991177320480347 -0.004088692832738161 -0.04179701581597328 21.6121826171875
-0.0440455861389637 0.05818907916545868 -0.9973334074020386 -28.33452033996582 0.006256622727960348 0.9982987642288208 0.0579691007733345 0.7551888227462769 0.999009907245636 -0.003686655778437853 -0.044334717094898224 21.55814552307129
-0.04844842106103897 0.05290054902434349 -0.9974238872528076 -29.361011505126953 0.006183041725307703 0.9985931515693665 0.05266224965453148 0.8004787564277649 0.9988065361976624 -0.003615710185840726 -0.04870735853910446 21.498186111450195
-0.05422321334481239 0.04849032312631607 -0.9973508715629578 -30.38800048828125 0.0065353331156075 0.9988161325454712 0.048206254839897156 0.8395360112190247 0.9985073804855347 -0.0039041226264089346 -0.05447591841220856 21.439451217651367
-0.060941990464925766 0.0465286485850811 -0.9970563054084778 -31.41114616394043 0.005680311005562544 0.9989129304885864 0.046268098056316376 0.8804338574409485 0.9981251358985901 -0.0028439199086278677 -0.0611400380730629 21.361570358276367
-0.06789934635162354 0.04895962029695511 -0.9964901804924011 -32.46290969848633 0.006163920275866985 0.9987967014312744 0.04865294694900513 0.9219726324081421 0.9976730942726135 -0.0028387820348143578 -0.06811943650245667 21.292068481445312
-0.074226014316082 0.053711697459220886 -0.9957939982414246 -33.53093338012695 0.00447266036644578 0.99855637550354 0.053527314215898514 0.9644585251808167 0.9972314238548279 -0.0004807293298654258 -0.07435908913612366 21.204500198364258
-0.08043862134218216 0.05673396959900856 -0.995143711566925 -34.592796325683594 0.0012914091348648071 0.9983838796615601 0.056814320385456085 1.004204511642456 0.9967586398124695 0.0032849281560629606 -0.08038190007209778 21.10955810546875
-0.08509504795074463 0.059012383222579956 -0.9946236610412598 -35.6490592956543 -0.0011414099717512727 0.9982380867004395 0.059324488043785095 1.0505988597869873 0.9963721632957458 0.0061834934167563915 -0.08487776666879654 21.009946823120117
-0.08769768476486206 0.06024657562375069 -0.9943236112594604 -36.72319793701172 -0.005986567586660385 0.9981194734573364 0.06100458651781082 1.1023354530334473 0.9961290955543518 0.01130254752933979 -0.08717210590839386 20.90203285217285
-0.08951471000909805 0.06178627163171768 -0.9940671920776367 -37.792110443115234 -0.009929552674293518 0.9979690313339233 0.06292294710874557 1.1496061086654663 0.9959360361099243 0.015503169037401676 -0.08871939033269882 20.799489974975586
-0.09064172208309174 0.061062540858983994 -0.994009792804718 -38.86518096923828 -0.010835088789463043 0.9979988932609558 0.06229563057422638 1.2043895721435547 0.9958245754241943 0.0164167657494545 -0.0897987112402916 20.682287216186523
-0.09198301285505295 0.06041145324707031 -0.9939264059066772 -39.948448181152344 -0.011416085064411163 0.9980283379554749 0.061717282980680466 1.2545794248580933 0.9956951141357422 0.017023686319589615 -0.09111198037862778 20.571819305419922
-0.09306447207927704 0.059324294328689575 -0.993891179561615 -41.032386779785156 -0.01233610138297081 0.9980780482292175 0.060729313641786575 1.3112550973892212 0.9955836534500122 0.017912482842803 -0.09215377271175385 20.469465255737305
-0.09372804313898087 0.0584363229572773 -0.9938814043998718 -42.1192626953125 -0.014713658019900322 0.9980856776237488 0.06007108837366104 1.364181399345398 0.9954891204833984 0.020253973081707954 -0.09268879890441895 20.35198211669922
-0.09452305734157562 0.05588134378194809 -0.9939531087875366 -43.18778991699219 -0.019227823242545128 0.9981346726417542 0.05794496089220047 1.4090486764907837 0.9953370094299316 0.024588685482740402 -0.09327226132154465 20.24002456665039
-0.0949888750910759 0.05102095752954483 -0.9941700100898743 -44.289955139160156 -0.02423190511763096 0.9982712864875793 0.05354669690132141 1.4547382593154907 0.9951833486557007 0.029176972806453705 -0.09358834475278854 20.130115509033203
-0.09404461085796356 0.05043493211269379 -0.9942896366119385 -45.391544342041016 -0.026121482253074646 0.9982472062110901 0.053106363862752914 1.5050197839736938 0.995225191116333 0.030966684222221375 -0.09256232529878616 20.01530647277832
-0.09274246543645859 0.05474370718002319 -0.9941840767860413 -46.50999450683594 -0.026416856795549393 0.9980006814002991 0.05741816759109497 1.5463718175888062 0.9953396320343018 0.03158831596374512 -0.09111088514328003 19.913928985595703
-0.09063529223203659 0.05804634094238281 -0.9941911101341248 -47.61808395385742 -0.02667967975139618 0.9978001713752747 0.060689304023981094 1.5926600694656372 0.9955266714096069 0.0320252887904644 -0.08888725191354752 19.80306053161621
-0.08911464363336563 0.057420674711465836 -0.994364857673645 -48.73213195800781 -0.024766532704234123 0.9979004859924316 0.05984441190958023 1.6512459516525269 0.9957134127616882 0.029959989711642265 -0.08750542998313904 19.701404571533203
-0.08694460988044739 0.056604642421007156 -0.9946036338806152 -49.85105895996094 -0.024635132402181625 0.9979569315910339 0.05894899740815163 1.7027701139450073 0.9959084987640381 0.029627490788698196 -0.08537252992391586 19.605831146240234
-0.08269433677196503 0.0571587011218071 -0.9949344396591187 -50.97040557861328 -0.028778214007616043 0.9978005290031433 0.05971526727080345 1.7557039260864258 0.9961593151092529 0.0335705541074276 -0.08086753636598587 19.49903106689453
-0.07690387964248657 0.05802932009100914 -0.9953483939170837 -52.105323791503906 -0.03395187854766846 0.9975735545158386 0.06078226864337921 1.8078047037124634 0.9964602589607239 0.03846834972500801 -0.07474706321954727 19.39402961730957
-0.07122289389371872 0.05737719684839249 -0.9958088397979736 -53.22660446166992 -0.03750002384185791 0.9974844455718994 0.06015584245324135 1.8625612258911133 0.9967552423477173 0.04162734001874924 -0.06889206916093826 19.306278228759766
-0.06535463035106659 0.05641418322920799 -0.9962661266326904 -54.373477935791016 -0.03928426653146744 0.9974811673164368 0.05906001850962639 1.9236457347869873 0.9970884919166565 0.04299743101000786 -0.06297381967306137 19.221582412719727
-0.05925936996936798 0.05544673278927803 -0.9967015385627747 -55.50856399536133 -0.03911735117435455 0.9975603222846985 0.057820260524749756 1.977658987045288 0.9974758625030518 0.04241471365094185 -0.05694586783647537 19.147138595581055
-0.05409675091505051 0.05493888258934021 -0.9970232248306274 -56.65851593017578 -0.03769950568675995 0.9976610541343689 0.05701953172683716 2.0355257987976074 0.9978237748146057 0.040671855211257935 -0.05189904943108559 19.07965850830078
-0.04881185293197632 0.05552869662642479 -0.9972633123397827 -57.79445266723633 -0.03647177666425705 0.997688353061676 0.05733751505613327 2.0856428146362305 0.9981418251991272 0.03917071223258972 -0.046673789620399475 19.024507522583008
-0.042840857058763504 0.057481396943330765 -0.9974269866943359 -58.96242141723633 -0.035621270537376404 0.9976208209991455 0.059022556990385056 2.1317436695098877 0.9984467029571533 0.03805818781256676 -0.04069137945771217 18.970626831054688
-0.03741583228111267 0.058669451624155045 -0.9975760579109192 -60.11375045776367 -0.03616771474480629 0.9975414872169495 0.060023948550224304 2.1844255924224854 0.9986451268196106 0.03832589089870453 -0.03520189970731735 18.927200317382812
-0.0327155776321888 0.05800851434469223 -0.997779905796051 -61.28437423706055 -0.035565391182899475 0.9976144433021545 0.059165023267269135 2.2337377071380615 0.9988317489624023 0.037422046065330505 -0.030574435368180275 18.895835876464844
-0.027694908902049065 0.053479939699172974 -0.9981848001480103 -62.443885803222656 -0.03592395782470703 0.9978695511817932 0.05445976182818413 2.282299280166626 0.9989706873893738 0.03736701235175133 -0.0257146954536438 18.852861404418945
-0.023408178240060806 0.04801754280924797 -0.9985721111297607 -63.595821380615234 -0.035921454429626465 0.9981604814529419 0.04883980378508568 2.3284409046173096 0.9990804195404053 0.03701341897249222 -0.02164025977253914 18.826051712036133
-0.019368544220924377 0.0479508638381958 -0.9986618757247925 -64.78323364257812 -0.03527658432722092 0.9981946349143982 0.04861259087920189 2.3667263984680176 0.9991899132728577 0.03617092967033386 -0.017642034217715263 18.787137985229492
-0.016973797231912613 0.05069240555167198 -0.9985700845718384 -65.95773315429688 -0.034441594034433365 0.9980915784835815 0.0512535534799099 2.3985238075256348 0.9992625713348389 0.035262320190668106 -0.015195476822555065 18.784942626953125
-0.014639753848314285 0.05039161443710327 -0.9986222386360168 -67.12771606445312 -0.03512841835618019 0.9980867505073547 0.050879571586847305 2.443336248397827 0.9992755651473999 0.035824887454509735 -0.01284156646579504 18.758066177368164
-0.014116454869508743 0.05048982799053192 -0.9986248016357422 -68.28756713867188 -0.03696328401565552 0.998015284538269 0.05098152533173561 2.4853675365448 0.9992169141769409 0.03763213008642197 -0.012222168035805225 18.743005752563477
-0.013093986548483372 0.05121209844946861 -0.9986019134521484 -69.4755630493164 -0.03759774938225746 0.9979560971260071 0.05167197063565254 2.5267271995544434 0.9992071390151978 0.03822177276015282 -0.011141764931380749 18.715940475463867
-0.01161987241357565 0.05077849701046944 -0.9986423850059509 -70.65461730957031 -0.03825550526380539 0.9979559779167175 0.05118872970342636 2.569578170776367 0.9992004632949829 0.03879837319254875 -0.009653566405177116 18.692136764526367
-0.01054500974714756 0.049005910754203796 -0.9987428188323975 -71.819091796875 -0.038452453911304474 0.998039722442627 0.049377407878637314 2.605315923690796 0.9992048144340515 0.03892479091882706 -0.008639940991997719 18.66884422302246
-0.01021246612071991 0.04787096008658409 -0.9988012313842773 -73.02186584472656 -0.036705173552036285 0.9981624484062195 0.048215631395578384 2.646972179412842 0.999273955821991 0.03715357929468155 -0.008436586707830429 18.66202735900879
-0.00953358132392168 0.04720715805888176 -0.9988395571708679 -74.20968627929688 -0.03379994258284569 0.9982990622520447 0.04750421270728111 2.6932127475738525 0.9993830919265747 0.034213609993457794 -0.007921765558421612 18.64694595336914
-0.009500822052359581 0.04845409467816353 -0.9987801909446716 -75.38019561767578 -0.03144444152712822 0.9983168840408325 0.04873072728514671 2.725325584411621 0.9994603395462036 0.0318690687417984 -0.007961220107972622 18.63731575012207
-0.009470444172620773 0.05123906582593918 -0.9986415505409241 -76.56708526611328 -0.031089017167687416 0.9981884360313416 0.05151064693927765 2.7660298347473145 0.9994718432426453 0.03153460845351219 -0.007860315963625908 18.622255325317383
-0.009156797081232071 0.054735250771045685 -0.9984588623046875 -77.74488830566406 -0.0331767238676548 0.9979344606399536 0.055010758340358734 2.8080992698669434 0.9994075298309326 0.033629316836595535 -0.007321947254240513 18.610172271728516
-0.008781767450273037 0.05471585690975189 -0.9984634518623352 -78.93415832519531 -0.035429976880550385 0.9978579878807068 0.05499429255723953 2.8572845458984375 0.9993335008621216 0.035858482122421265 -0.006824375595897436 18.595176696777344
-0.008323641493916512 0.052303776144981384 -0.9985964894294739 -80.10888671875 -0.036833636462688446 0.9979375004768372 0.05257626622915268 2.9053149223327637 0.9992866516113281 0.0372195690870285 -0.0063799344934523106 18.577177047729492
-0.00780111039057374 0.05034705251455307 -0.998701274394989 -81.28740692138672 -0.03639737516641617 0.9980555772781372 0.05059881508350372 2.943147659301758 0.999306857585907 0.036744825541973114 -0.005953442305326462 18.552576065063477
-0.008316321298480034 0.049738697707653046 -0.9987276196479797 -82.46991729736328 -0.03427482396364212 0.9981611371040344 0.04999588802456856 2.9816184043884277 0.9993777871131897 0.03464699164032936 -0.006596243940293789 18.550081253051758
-0.008294379338622093 0.05097444728016853 -0.998665452003479 -83.64568328857422 -0.032943129539489746 0.9981439113616943 0.051221419125795364 3.0249719619750977 0.9994227886199951 0.033324021846055984 -0.0065997266210615635 18.540302276611328
-0.007471505086869001 0.053896237164735794 -0.9985185861587524 -84.82890319824219 -0.03191437944769859 0.9980250000953674 0.0541083887219429 3.067157506942749 0.9994626641273499 0.0322713777422905 -0.005736684892326593 18.516809463500977
-0.007191385608166456 0.056324832141399384 -0.998386561870575 -85.99664306640625 -0.032637566328048706 0.997867226600647 0.05653061717748642 3.106623649597168 0.999441385269165 0.0329914353787899 -0.005337742622941732 18.507923126220703
-0.007036860566586256 0.05637124925851822 -0.9983850717544556 -87.16188049316406 -0.03404993563890457 0.99781733751297 0.05657918006181717 3.1534080505371094 0.9993953704833984 0.03439308702945709 -0.005102064460515976 18.49296760559082
-0.007148635108023882 0.054410193115472794 -0.9984930753707886 -88.33587646484375 -0.03347364068031311 0.99794602394104 0.054620031267404556 3.196687936782837 0.9994140267372131 0.03381365165114403 -0.00531264441087842 18.481895446777344
-0.006414345465600491 0.05293197184801102 -0.9985775351524353 -89.5085220336914 -0.03278055042028427 0.9980501532554626 0.05311458930373192 3.240139961242676 0.9994419813156128 0.033074621111154556 -0.00466670049354434 18.467655181884766
-0.006333230063319206 0.054062653332948685 -0.9985175132751465 -90.67034912109375 -0.03117930144071579 0.9980412721633911 0.05423463135957718 3.2815463542938232 0.9994937181472778 0.031476568430662155 -0.0046351901255548 18.456083297729492
-0.005984195973724127 0.05668174847960472 -0.998374342918396 -91.84607696533203 -0.02913878671824932 0.9979583024978638 0.05683278664946556 3.3339900970458984 0.9995574951171875 0.02943151257932186 -0.004320341162383556 18.440507888793945
-0.005959948990494013 0.05906689912080765 -0.9982361793518066 -92.99565887451172 -0.027165791019797325 0.997875988483429 0.05920777842402458 3.380908966064453 0.9996131658554077 0.027470752596855164 -0.004342691041529179 18.439998626708984
-0.005699892994016409 0.06092650815844536 -0.9981259703636169 -94.16220092773438 -0.027886245399713516 0.9977443218231201 0.06106245890259743 3.428712844848633 0.9995948672294617 0.02818203903734684 -0.003988024778664112 18.42757225036621
-0.005363905802369118 0.06286656856536865 -0.9980075359344482 -95.32638549804688 -0.030680449679493904 0.9975416660308838 0.06300212442874908 3.4806904792785645 0.9995148181915283 0.030957259237766266 -0.003421944798901677 18.411685943603516
-0.004667488392442465 0.06241321563720703 -0.9980396032333374 -96.48237609863281 -0.03274966776371002 0.9975053668022156 0.06253296881914139 3.525524616241455 0.9994526505470276 0.032977331429719925 -0.0026118336245417595 18.395444869995117
-0.004599614068865776 0.0577617771923542 -0.9983198046684265 -97.63602447509766 -0.035094987601041794 0.9977060556411743 0.05788794904947281 3.5836353302001953 0.9993733763694763 0.03530228137969971 -0.002561913337558508 18.37831687927246
-0.004083135165274143 0.05627348646521568 -0.9984070658683777 -98.79331970214844 -0.03659716993570328 0.9977381229400635 0.05638543516397476 3.6317644119262695 0.9993217587471008 0.03676909580826759 -0.0020144495647400618 18.361431121826172
-0.003975332248955965 0.05464215204119682 -0.9984980225563049 -99.95651245117188 -0.036003850400447845 0.997850775718689 0.054750073701143265 3.6725616455078125 0.999343752861023 0.03616742417216301 -0.001999460393562913 18.357248306274414
-0.003945115488022566 0.05516495183110237 -0.9984694719314575 -101.12541961669922 -0.03475847840309143 0.9978663921356201 0.055268965661525726 3.718172788619995 0.9993879795074463 0.034923311322927475 -0.0020192484371364117 18.35576629638672
-0.0039155855774879456 0.05724729970097542 -0.9983522891998291 -102.2672348022461 -0.03502461686730385 0.9977396130561829 0.05734953656792641 3.763540267944336 0.9993788003921509 0.03519146516919136 -0.0019016698934137821 18.34201431274414
