1.0 0.0 0.0 0.0 0.0 1.0 0.0 0.0 0.0 0.0 1.0 0.0
0.9999336004257202 -0.0025279303081333637 0.011241049505770206 0.015696482732892036 0.0025169732980430126 0.9999963641166687 0.000988761312328279 -0.0038528009317815304 -0.011243508197367191 -0.0009604022488929331 0.9999363422393799 0.2953576445579529
0.9998283982276917 -0.004557912703603506 0.017955254763364792 0.025937708094716072 0.004537048749625683 0.9999889731407166 0.0012025530450046062 -0.008871648460626602 -0.01796053722500801 -0.0011208828072994947 0.9998380541801453 0.5826444029808044
0.9997767806053162 -0.007430680096149445 0.019777288660407066 0.038120511919260025 0.007432914804667234 0.999972403049469 -3.947498043999076e-05 -0.012536673806607723 -0.019776448607444763 0.00018646907119546086 0.9998044371604919 0.8865520358085632
0.999815046787262 -0.008684227243065834 0.01715991087257862 0.05051709711551666 0.00871644914150238 0.9999603629112244 -0.0018038429552689195 -0.009741030633449554 -0.01714356616139412 0.0019530827412381768 0.9998511075973511 1.2031786441802979
0.9998837113380432 -0.011433310806751251 0.010090282186865807 0.05646924674510956 0.011468376033008099 0.99992835521698 -0.0034241597168147564 -0.010339479893445969 -0.010050410404801369 0.003539480734616518 0.9999432563781738 1.5198510885238647
0.9999112486839294 -0.013169413432478905 -0.0020064059644937515 0.057717710733413696 0.013157939538359642 0.9998975396156311 -0.005628801882266998 -0.009343498386442661 0.002080328529700637 0.005601902492344379 0.9999821186065674 1.8603107929229736
0.9997481107711792 -0.012435064651072025 -0.01867993362247944 0.03933032974600792 0.012323984876275063 0.9999057650566101 -0.006049845367670059 -0.01163698174059391 0.018753405660390854 0.005818110890686512 0.9998072385787964 2.1989634037017822
0.9992302656173706 -0.007863328792154789 -0.03843141347169876 0.011952375993132591 0.00764803122729063 0.9999542236328125 -0.005745915230363607 -0.021110298112034798 0.03847484290599823 0.005447568371891975 0.999244749546051 2.5388400554656982
0.9983035922050476 -0.004414834082126617 -0.058055415749549866 -0.03303375840187073 0.004006482660770416 0.9999664425849915 -0.00714832404628396 -0.022486697882413864 0.058085035532712936 0.006903598550707102 0.9982877969741821 2.8939082622528076
0.9969204664230347 -0.004136444069445133 -0.07830868661403656 -0.07547236233949661 0.00354648195207119 0.9999642968177795 -0.007671373896300793 -0.025321217253804207 0.07833761721849442 0.007370029576122761 0.9968997240066528 3.261925458908081
0.9949927926063538 -0.005540919490158558 -0.09979248046875 -0.11886561661958694 0.004823582712560892 0.999960720539093 -0.007428137119859457 -0.025339890271425247 0.09982973337173462 0.006909585557878017 0.9949805736541748 3.632497549057007
0.9928505420684814 -0.007440372370183468 -0.11913154274225235 -0.18173478543758392 0.006761039141565561 0.9999585151672363 -0.006105530541390181 -0.03815281763672829 0.11917203664779663 0.005256427451968193 0.9928597211837769 4.01569938659668
0.9906012415885925 -0.005983300507068634 -0.13665008544921875 -0.25841426849365234 0.005200463347136974 0.9999679923057556 -0.006085047964006662 -0.037449926137924194 0.13668210804462433 0.005317213013768196 0.9906007051467896 4.41151237487793
0.98816978931427 -0.005024884827435017 -0.1532815545797348 -0.3219476342201233 0.00432769488543272 0.9999787211418152 -0.0048817358911037445 -0.0506916418671608 0.15330281853675842 0.004160627722740173 0.9881704449653625 4.822063446044922
0.9860820770263672 -0.003930583596229553 -0.16621290147304535 -0.41258296370506287 0.0031043614726513624 0.9999815225601196 -0.005230375099927187 -0.05437179282307625 0.16623038053512573 0.004641593899577856 0.9860759973526001 5.240124225616455
0.9838955998420715 -0.005740736145526171 -0.17865242063999176 -0.49548575282096863 0.004725078120827675 0.9999702572822571 -0.006110087502747774 -0.059971489012241364 0.17868217825889587 0.005167542025446892 0.9838932156562805 5.6707258224487305
0.9820518493652344 -0.009500292129814625 -0.18837176263332367 -0.5864127278327942 0.008067518472671509 0.9999324083328247 -0.008371357806026936 -0.06842309236526489 0.1884385496377945 0.006701414939016104 0.9820621013641357 6.124058723449707
0.9805395603179932 -0.008464694023132324 -0.19613897800445557 -0.6874555945396423 0.006575194653123617 0.9999255537986755 -0.010282629169523716 -0.07654352486133575 0.19621139764785767 0.008792872540652752 0.9805222153663635 6.5801801681518555
0.9790147542953491 -0.007907109335064888 -0.20363590121269226 -0.7943488359451294 0.005564109422266483 0.9999116063117981 -0.012075791135430336 -0.08133341372013092 0.20371338725090027 0.010689325630664825 0.9789721965789795 7.053709506988525
0.9772504568099976 -0.008754593320190907 -0.21190768480300903 -0.9033043384552002 0.005661786999553442 0.9998684525489807 -0.015197456814348698 -0.0881451964378357 0.2120128720998764 0.013651945628225803 0.9771714806556702 7.53685998916626
0.9755420684814453 -0.012599213048815727 -0.2194516956806183 -1.0215808153152466 0.009123229421675205 0.9998164772987366 -0.01684565655887127 -0.10080011934041977 0.21962366998195648 0.014431538991630077 0.9754778742790222 8.034615516662598
0.9734920859336853 -0.01913760043680668 -0.22791872918605804 -1.1297608613967896 0.015307838097214699 0.9997105002403259 -0.018559260293841362 -0.10913297533988953 0.22820794582366943 0.014578348957002163 0.9735032320022583 8.559242248535156
0.971465528011322 -0.019958743825554848 -0.23633939027786255 -1.2508502006530762 0.01563340798020363 0.9996744990348816 -0.020161371678113937 -0.13202805817127228 0.23666486144065857 0.015891291201114655 0.971461296081543 9.059450149536133
0.9692845940589905 -0.016122961416840553 -0.24541297554969788 -1.3972936868667603 0.010291519574820995 0.9996337890625 -0.025025753304362297 -0.13857793807983398 0.24572663009166718 0.021731404587626457 0.9690955281257629 9.586362838745117
0.9670854806900024 -0.012986861169338226 -0.25412026047706604 -1.5546553134918213 0.006098106503486633 0.999592661857605 -0.027877284213900566 -0.1575072705745697 0.2543788254261017 0.025410063564777374 0.9667707085609436 10.131940841674805
0.9647920727729797 -0.015426656231284142 -0.262561172246933 -1.7132123708724976 0.007810134440660477 0.9995185732841492 -0.030027562752366066 -0.17416967451572418 0.26289793848991394 0.026919715106487274 0.9644479751586914 10.703248977661133
0.9623680114746094 -0.018944235518574715 -0.2710880637168884 -1.8661667108535767 0.01069840881973505 0.9994350075721741 -0.03186315670609474 -0.1961406171321869 0.27153855562210083 0.02776387520134449 0.9620270133018494 11.26513957977295
0.9601850509643555 -0.018552877008914948 -0.2787479758262634 -2.0437960624694824 0.009348859079182148 0.9993674159049988 -0.034312378615140915 -0.21846988797187805 0.279208242893219 0.030340256169438362 0.9597511887550354 11.837383270263672
0.9579619765281677 -0.017357079312205315 -0.2863694727420807 -2.2359485626220703 0.006785860285162926 0.9992597699165344 -0.03786589205265045 -0.24670566618442535 0.28681477904319763 0.0343308225274086 0.9573706984519958 12.423849105834961
0.9555824995040894 -0.01811029575765133 -0.29416677355766296 -2.4269440174102783 0.005723835900425911 0.9990624785423279 -0.042913470417261124 -0.2768470048904419 0.2946681082248688 0.0393235981464386 0.9547902345657349 13.03087043762207
0.953601598739624 -0.020556779578328133 -0.3003688156604767 -2.615816354751587 0.005627558100968599 0.9987090229988098 -0.05048391968011856 -0.31091898679733276 0.30101877450942993 0.04645119979977608 0.9524861574172974 13.64572525024414
0.9522001147270203 -0.02124512754380703 -0.3047352135181427 -2.8212099075317383 0.0034622878301888704 0.9982651472091675 -0.05877720192074776 -0.34591543674468994 0.3054552674293518 0.05491257458925247 0.9506217837333679 14.266139030456543
0.9509602189064026 -0.020976852625608444 -0.30860114097595215 -3.0352578163146973 0.00017317532910965383 0.9977337718009949 -0.06728629767894745 -0.3897559940814972 0.30931320786476135 0.06393314898014069 0.9488086104393005 14.879493713378906
0.949589192867279 -0.021017305552959442 -0.31279149651527405 -3.2569730281829834 -0.002939088735729456 0.9971094727516174 -0.07592113316059113 -0.4413315951824188 0.31348299980163574 0.07301320880651474 0.9467827081680298 15.528874397277832
0.9485312104225159 -0.02036573737859726 -0.31602805852890015 -3.4939799308776855 -0.006239286623895168 0.9965344071388245 -0.08294616639614105 -0.49464625120162964 0.31662213802337646 0.08064881712198257 0.9451170563697815 16.168731689453125
0.9466961026191711 -0.018692193552851677 -0.3215852379798889 -3.7219371795654297 -0.010692463256418705 0.9959414601325989 -0.08936615288257599 -0.5584459900856018 0.3219505250453949 0.08804114162921906 0.942654013633728 16.825931549072266
0.9451842308044434 -0.017407706007361412 -0.32607319951057434 -3.9675910472869873 -0.01460184808820486 0.9953259229660034 -0.09546253085136414 -0.6201568841934204 0.32621094584465027 0.09499095380306244 0.9405121207237244 17.487823486328125
0.9434279203414917 -0.015613127499818802 -0.33120986819267273 -4.215661525726318 -0.01897668093442917 0.99471116065979 -0.10094408690929413 -0.6941253542900085 0.33103424310684204 0.10151875019073486 0.938141942024231 18.16952896118164
0.9416247606277466 -0.01345503143966198 -0.3363953232765198 -4.469932556152344 -0.02281869202852249 0.9943525195121765 -0.10364498198032379 -0.7705535888671875 0.33589011430740356 0.10527077317237854 0.9359999299049377 18.84463119506836
0.9399988651275635 -0.012550286948680878 -0.34094682335853577 -4.739952564239502 -0.0247991681098938 0.9941664338111877 -0.10496729612350464 -0.8491828441619873 0.34027528762817383 0.10712432116270065 0.9342040419578552 19.543317794799805
0.9375317692756653 -0.012286960147321224 -0.3476825952529907 -5.004939079284668 -0.025694817304611206 0.994201123714447 -0.10442116856575012 -0.9294150471687317 0.34694942831993103 0.10683181136846542 0.9317795038223267 20.255062103271484
0.9351953268051147 -0.012100468389689922 -0.353925496339798 -5.278896808624268 -0.02596035785973072 0.9943845272064209 -0.10259371250867844 -1.0123765468597412 0.3531794548034668 0.10513319075107574 0.9296296238899231 20.970989227294922
0.9325949549674988 -0.012421038933098316 -0.36071091890335083 -5.568084716796875 -0.025695916265249252 0.9945865869522095 -0.10068360716104507 -1.099563479423523 0.3600088655948639 0.10316583514213562 0.927227258682251 21.689775466918945
0.9293995499610901 -0.01172551978379488 -0.3688889145851135 -5.869235515594482 -0.02631206624209881 0.9948468804359436 -0.09791433811187744 -1.1777677536010742 0.36813613772392273 0.1007077768445015 0.9243017435073853 22.4255428314209
0.9260896444320679 -0.009591608308255672 -0.3771815598011017 -6.178630352020264 -0.027083100751042366 0.9954082369804382 -0.09180975705385208 -1.261230707168579 0.3763301968574524 0.0952393189072609 0.921577513217926 23.15044593811035
0.922463059425354 -0.005284465383738279 -0.3860492706298828 -6.509152889251709 -0.030854258686304092 0.9956992268562317 -0.08735580742359161 -1.3328016996383667 0.38485053181648254 0.09249376505613327 0.9183326959609985 23.924514770507812
0.919005811214447 -0.001449246658012271 -0.3942413926124573 -6.845889568328857 -0.03400295972824097 0.9959755539894104 -0.08292464911937714 -1.4144154787063599 0.3927749991416931 0.08961360156536102 0.91525799036026 24.669288635253906
0.9150852560997009 -0.00038514810148626566 -0.40326040983200073 -7.190905570983887 -0.035424839705228806 0.9960567355155945 -0.08133793622255325 -1.48684823513031 0.40170159935951233 0.08871657401323318 0.9114632606506348 25.4227294921875
0.9109472632408142 -0.0007910965941846371 -0.41252201795578003 -7.534544467926025 -0.035891514271497726 0.9960540533065796 -0.08116720616817474 -1.5494393110275269 0.4109584391117096 0.08874508738517761 0.9073243737220764 26.153608322143555
0.9073086977005005 -0.0005109361954964697 -0.4204646944999695 -7.905595302581787 -0.03643762692809105 0.9961416721343994 -0.07983820885419846 -1.6203685998916626 0.41888314485549927 0.0877586305141449 0.9037894010543823 26.920459747314453
0.9032254815101624 -0.00014631921658292413 -0.429166316986084 -8.293207168579102 -0.037089068442583084 0.9962320327758789 -0.0783974826335907 -1.685705304145813 0.4275606870651245 0.08672798424959183 0.8998167514801025 27.711822509765625
0.8992552161216736 -0.0010424730135127902 -0.43742313981056213 -8.644533157348633 -0.035728614777326584 0.9964807033538818 -0.0758257731795311 -1.7685868740081787 0.4359627962112427 0.08381525427103043 0.8960532546043396 28.43950843811035
0.895729124546051 -0.0006530744140036404 -0.44459962844848633 -9.048286437988281 -0.03471977263689041 0.9968423247337341 -0.07141374796628952 -1.8403358459472656 0.4432423710823059 0.07940378040075302 0.8928780555725098 29.22584342956543
0.8915501832962036 0.0018856064416468143 -0.4529179632663727 -9.453845977783203 -0.03572755679488182 0.9971680641174316 -0.06617674976587296 -1.9034377336502075 0.45151054859161377 0.07518155872821808 0.889092743396759 30.01479148864746
0.8877192735671997 0.0019183089025318623 -0.4603811502456665 -9.873128890991211 -0.03443235158920288 0.9974672794342041 -0.06223716586828232 -1.9654022455215454 0.45909568667411804 0.07110113650560379 0.8855369687080383 30.817520141601562
0.8840559124946594 0.0005377345951274037 -0.4673808217048645 -10.314424514770508 -0.03251126781105995 0.9976478219032288 -0.060347601771354675 -2.0275821685791016 0.466249018907547 0.06854579597711563 0.8819939494132996 31.625150680541992
0.8805944919586182 0.00027874467195943 -0.47387033700942993 -10.747089385986328 -0.03204849734902382 0.9977452158927917 -0.0589689202606678 -2.094956874847412 0.47278541326522827 0.06711454689502716 0.8786180019378662 32.44066619873047
0.8775376677513123 0.0009311377070844173 -0.47950664162635803 -11.209711074829102 -0.03230667859315872 0.9978407025337219 -0.05718627944588661 -2.152907609939575 0.4784179627895355 0.06567438691854477 0.8756729364395142 33.2669563293457
0.874264121055603 -0.0013140107039362192 -0.48544883728027344 -11.662500381469727 -0.029462717473506927 0.9980092644691467 -0.055762000381946564 -2.2080790996551514 0.4845556616783142 0.06305336207151413 0.8724849224090576 34.09390640258789
0.8717452883720398 -0.00205114483833313 -0.48995518684387207 -12.168903350830078 -0.028949135914444923 0.9980285167694092 -0.05568544194102287 -2.271691083908081 0.4891034960746765 0.06272729486227036 0.8699672222137451 34.94422149658203
0.8693047165870667 -0.0043139648623764515 -0.49425768852233887 -12.629434585571289 -0.027058089151978493 0.9980471134185791 -0.05630112439393997 -2.324038028717041 0.4935353398323059 0.06231651082634926 0.8674903512001038 35.79177474975586
0.8678222298622131 -0.00396372564136982 -0.4968588948249817 -13.133767127990723 -0.02786591276526451 0.9980061054229736 -0.05663274973630905 -2.3849503993988037 0.49609264731407166 0.06299259513616562 0.8659814596176147 36.65781784057617
0.8675060272216797 -0.0038462935481220484 -0.497411847114563 -13.634885787963867 -0.02757682092487812 0.9980603456497192 -0.055812690407037735 -2.4465584754943848 0.4966616928577423 0.06213487684726715 0.8657172322273254 37.50883483886719
0.8672666549682617 -0.0037543214857578278 -0.49782976508140564 -14.143470764160156 -0.026891257613897324 0.9981583952903748 -0.05437461659312248 -2.5059947967529297 0.4971170723438263 0.06054455041885376 0.8655685782432556 38.38839340209961
0.8670734763145447 -0.004838494583964348 -0.49815675616264343 -14.666460990905762 -0.025243788957595825 0.9982415437698364 -0.05363412946462631 -2.5733602046966553 0.49754035472869873 0.0590800978243351 0.8654265403747559 39.26992416381836
0.8662002682685852 -0.007222312036901712 -0.49964484572410583 -15.186286926269531 -0.022847041487693787 0.9982774257659912 -0.05403834953904152 -2.638819456100464 0.4991745054721832 0.05822344124317169 0.8645431399345398 40.18036651611328
0.8651297688484192 -0.009827659465372562 -0.5014517307281494 -15.724245071411133 -0.020347019657492638 0.9982972145080566 -0.054668743163347244 -2.7019808292388916 0.5011352300643921 0.05749860405921936 0.863456666469574 41.09370040893555
0.8636174201965332 -0.010058867745101452 -0.5040472745895386 -16.27276039123535 -0.01932377740740776 0.9984057545661926 -0.05303307995200157 -2.761436939239502 0.5037772059440613 0.05554039776325226 0.8620462417602539 42.026920318603516
0.8614586591720581 -0.009333163499832153 -0.5077419877052307 -16.81256866455078 -0.018117688596248627 0.9986297488212585 -0.04909582436084747 -2.824568748474121 0.5075044631958008 0.05149313434958458 0.8601090908050537 42.935325622558594
0.8585877418518066 -0.009148932062089443 -0.5125850439071655 -17.35966682434082 -0.01639629900455475 0.9988391995429993 -0.04529193788766861 -2.884507894515991 0.5124043822288513 0.047291599214076996 0.8574410676956177 43.85283279418945
0.8546088337898254 -0.009426984935998917 -0.519186794757843 -17.932186126708984 -0.015134081244468689 0.9989582896232605 -0.04304978996515274 -2.9535038471221924 0.519051730632782 0.044648148119449615 0.8535758256912231 44.77284622192383
0.8494002223014832 -0.012895407155156136 -0.5275917053222656 -18.49957275390625 -0.013322430662810802 0.9988588690757751 -0.045862678438425064 -3.008349895477295 0.5275810360908508 0.045984577387571335 0.8482591509819031 45.67524337768555
0.8431180715560913 -0.016817009076476097 -0.5374654531478882 -19.06678581237793 -0.011216637678444386 0.99874347448349 -0.048845596611499786 -3.0700576305389404 0.5376114845275879 0.047211166471242905 0.8418699502944946 46.57707977294922
0.837074875831604 -0.01662672497332096 -0.5468355417251587 -19.65504264831543 -0.01144323404878378 0.9987873435020447 -0.04788533225655556 -3.1329779624938965 0.5469685792922974 0.0463411808013916 0.835869550704956 47.459083557128906
0.8310503959655762 -0.013303562998771667 -0.5560379028320312 -20.259708404541016 -0.012763559818267822 0.9989945888519287 -0.04297792539000511 -3.1936347484588623 0.5560504198074341 0.042813848704099655 0.8300451636314392 48.35939025878906
0.8260173201560974 -0.008355791680514812 -0.563582718372345 -20.87378692626953 -0.01631772145628929 0.9991164803504944 -0.038729239255189896 -3.251643180847168 0.5634084343910217 0.04118741303682327 0.8251512050628662 49.236785888671875
0.8220317363739014 -0.008190508931875229 -0.5693827867507935 -21.492874145507812 -0.01781037263572216 0.9990375638008118 -0.040084321051836014 -3.306471824645996 0.5691629648208618 0.04309150576591492 0.8210947513580322 50.1057014465332
0.81831955909729 -0.011345384642481804 -0.5746514797210693 -22.102313995361328 -0.01717912219464779 0.9988756775856018 -0.04418441280722618 -3.3690011501312256 0.5745065808296204 0.0460289865732193 0.8172046542167664 50.98579406738281
0.8152682781219482 -0.013703366741538048 -0.5789213180541992 -22.7283935546875 -0.0198452677577734 0.9984715580940247 -0.05158152058720589 -3.4243991374969482 0.5787432193756104 0.0535416305065155 0.8137503266334534 51.85240173339844
0.8118517398834229 -0.014710022136569023 -0.5836783647537231 -23.362762451171875 -0.019924890249967575 0.9984022974967957 -0.05287601426243782 -3.4902100563049316 0.5835235714912415 0.054557207971811295 0.8102615475654602 52.736541748046875
0.8085348606109619 -0.013217364437878132 -0.5882998704910278 -24.00374984741211 -0.01921868696808815 0.9986212849617004 -0.0488494411110878 -3.556178092956543 0.5881344079971313 0.05080282688140869 0.8071660399436951 53.59718322753906
0.8055073618888855 -0.01066165417432785 -0.5924899578094482 -24.641948699951172 -0.019009051844477654 0.9988587498664856 -0.04381747916340828 -3.6163840293884277 0.592280924320221 0.04655797407031059 0.8043853640556335 54.44860076904297
0.8025484085083008 -0.008181996643543243 -0.5965308547019958 -25.289249420166016 -0.02033267728984356 0.9989498853683472 -0.041056323796510696 -3.670187473297119 0.5962403416633606 0.045078765600919724 0.8015393018722534 55.305580139160156
0.7996377348899841 -0.0077240257523953915 -0.6004330515861511 -25.945533752441406 -0.021606598049402237 0.9988996982574463 -0.041624922305345535 -3.7215077877044678 0.6000938415527344 0.04625817388296127 0.7985909581184387 56.1613883972168
0.7959052324295044 -0.008660218678414822 -0.6053592562675476 -26.609582901000977 -0.022089539095759392 0.9988164901733398 -0.04333154484629631 -3.780174970626831 0.6050180196762085 0.04785991460084915 0.7947719693183899 57.019554138183594
0.7916340231895447 -0.011809451505541801 -0.610881507396698 -27.270000457763672 -0.02085631527006626 0.998708188533783 -0.04633430019021034 -3.8322293758392334 0.6106395721435547 0.049420543015003204 0.7903650403022766 57.883689880371094
0.7876206040382385 -0.012920877896249294 -0.6160249710083008 -27.91933250427246 -0.020234830677509308 0.9986984729766846 -0.04681861028075218 -3.8920392990112305 0.6158280968666077 0.049340467900037766 0.7863340377807617 58.700340270996094
0.78280109167099 -0.01314712967723608 -0.6221331357955933 -28.6029052734375 -0.01927621103823185 0.9987847805023193 -0.04536101222038269 -3.9633047580718994 0.6219733953475952 0.04750102385878563 0.781596302986145 59.55337905883789
0.7781710028648376 -0.012936227023601532 -0.6279192566871643 -29.292552947998047 -0.019272632896900177 0.998825192451477 -0.044461820274591446 -4.022772789001465 0.6277567148208618 0.046700555831193924 0.7770074605941772 60.38804626464844
0.7726479768753052 -0.014288418926298618 -0.6346738934516907 -29.984575271606445 -0.019141288474202156 0.9987677931785583 -0.0457877516746521 -4.082742691040039 0.6345460414886475 0.0475262887775898 0.7714224457740784 61.233680725097656
0.7669992446899414 -0.01604544371366501 -0.6414473056793213 -30.67972755432129 -0.017682328820228577 0.9987790584564209 -0.04612721502780914 -4.157237529754639 0.6414043307304382 0.04672183096408844 0.7657790184020996 62.061065673828125
0.7613529562950134 -0.0171301681548357 -0.6481112837791443 -31.390565872192383 -0.01738797128200531 0.9987518191337585 -0.04682401195168495 -4.219571590423584 0.6481044888496399 0.046918947249650955 0.760104775428772 62.89079284667969
0.755723774433136 -0.018579043447971344 -0.6546269059181213 -32.113651275634766 -0.017063722014427185 0.998699426651001 -0.0480431467294693 -4.283261775970459 0.6546681523323059 0.04747772216796875 0.7544239163398743 63.716983795166016
0.7496917247772217 -0.020186342298984528 -0.6614792943000793 -32.8442268371582 -0.01701807975769043 0.998616099357605 -0.04976227506995201 -4.341292858123779 0.6615683436393738 0.04856346920132637 0.7483106851577759 64.53937530517578
0.743216872215271 -0.021786686033010483 -0.6686957478523254 -33.594581604003906 -0.015178607776761055 0.9986633658409119 -0.0494074709713459 -4.4133501052856445 0.6688783764839172 0.04687033221125603 0.7418927550315857 65.36720275878906
0.7368608117103577 -0.02158430777490139 -0.675699770450592 -34.35660171508789 -0.01446905080229044 0.9987577199935913 -0.04768267273902893 -4.479814529418945 0.6758895516395569 0.04491223022341728 0.7356331944465637 66.19232940673828
0.7303742170333862 -0.02197210304439068 -0.6826936602592468 -35.115299224853516 -0.013751517981290817 0.998806893825531 -0.046857964247465134 -4.542720317840576 0.6829086542129517 0.04361192509531975 0.7292007207870483 66.99298858642578
0.7238965630531311 -0.023646581918001175 -0.6895031332969666 -35.877357482910156 -0.012765560299158096 0.998782217502594 -0.04765566810965538 -4.60931396484375 0.6897903680801392 0.04329966381192207 0.7227132320404053 67.79145812988281
0.7170286774635315 -0.026121752336621284 -0.6965539455413818 -36.655948638916016 -0.011515208519995213 0.9987173080444336 -0.04930699244141579 -4.672916412353516 0.6969485878944397 0.043375492095947266 0.7158082127571106 68.60426330566406
0.7110703587532043 -0.025504829362034798 -0.7026581168174744 -37.4610710144043 -0.012983880005776882 0.9986952543258667 -0.04938960075378418 -4.734537601470947 0.7030009627342224 0.04424271360039711 0.7098114490509033 69.40117645263672
0.7054011821746826 -0.02501715160906315 -0.7083666920661926 -38.27705383300781 -0.013032564893364906 0.9987502098083496 -0.048250529915094376 -4.80362606048584 0.7086885571479797 0.043267812579870224 0.7041934728622437 70.20906066894531
0.7003898620605469 -0.024831341579556465 -0.71332848072052 -39.0933723449707 -0.01373098511248827 0.9987409114837646 -0.04824863374233246 -4.866805553436279 0.7136284708976746 0.04358754679560661 0.699167013168335 71.005615234375
0.69537353515625 -0.02535407617688179 -0.7182011604309082 -39.92377853393555 -0.01483562495559454 0.9986580014228821 -0.049618903547525406 -4.927973747253418 0.7184953093528748 0.045158639550209045 0.6940640807151794 71.80243682861328
0.6901262998580933 -0.02745288424193859 -0.7231680154800415 -40.77272415161133 -0.014795862138271332 0.9985361099243164 -0.05202622711658478 -5.005377769470215 0.7235376834869385 0.046604566276073456 0.6887097358703613 72.5984115600586
0.6852737069129944 -0.030469216406345367 -0.7276480197906494 -41.61465835571289 -0.01335020549595356 0.9984310269355774 -0.0543806217610836 -5.072689056396484 0.7281633019447327 0.046979863196611404 0.6837916970252991 73.37744903564453
0.6799975633621216 -0.030328093096613884 -0.7325868010520935 -42.48480987548828 -0.015034272335469723 0.9983572959899902 -0.055285658687353134 -5.1500043869018555 0.7330601215362549 0.04860801622271538 0.6784246563911438 74.18116760253906
0.6751022338867188 -0.02984861098229885 -0.7371200919151306 -43.34968185424805 -0.014520280994474888 0.9984500408172607 -0.05372938513755798 -5.2240376472473145 0.7375813126564026 0.04697601869702339 0.6736222505569458 74.96408081054688
0.669783353805542 -0.030099621042609215 -0.7419462203979492 -44.232845306396484 -0.013606726191937923 0.998512864112854 -0.052791446447372437 -5.29959774017334 0.7424318194389343 0.04545430466532707 0.6683777570724487 75.75614166259766
0.6645492315292358 -0.03157814219594002 -0.7465769052505493 -45.10966491699219 -0.012997844256460667 0.9984670281410217 -0.053802136331796646 -5.367133617401123 0.7471314668655396 0.04545806348323822 0.6631199717521667 76.5357666015625
0.6597098708152771 -0.032349903136491776 -0.7508237957954407 -46.0140266418457 -0.012097612023353577 0.9984866380691528 -0.05365020036697388 -5.444980144500732 0.7514230012893677 0.04447675123810768 0.6583201289176941 77.31876373291016
0.6548003554344177 -0.03362473100423813 -0.7550535798072815 -46.9013671875 -0.010302646085619926 0.998520016670227 -0.053401701152324677 -5.515942096710205 0.7557316422462463 0.04274650663137436 0.6534848809242249 78.10279083251953
0.651263952255249 -0.03412332758307457 -0.7580838799476624 -47.82976531982422 -0.009807135909795761 0.9985265731811523 -0.05337151885032654 -5.593221187591553 0.7587878704071045 0.04219358041882515 0.6499696969985962 78.87266540527344
0.6476873159408569 -0.03663294389843941 -0.7610251903533936 -48.7322883605957 -0.007772745098918676 0.9984738230705261 -0.05467800423502922 -5.665717601776123 0.7618666887283325 0.041329506784677505 0.6464139819145203 79.62735748291016
0.6430114507675171 -0.04145687818527222 -0.7647336721420288 -49.65825271606445 -0.004458623006939888 0.9983142018318176 -0.05786843225359917 -5.746001243591309 0.7658435702323914 0.04061971977353096 0.6417426466941833 80.41097259521484
0.6385402083396912 -0.04585077241063118 -0.7682212591171265 -50.57536315917969 -0.0002888943417929113 0.9982092380523682 -0.059817563742399216 -5.817917346954346 0.76958829164505 0.038417864590883255 0.6373835802078247 81.16940307617188
0.6316534280776978 -0.0490582101047039 -0.7736970782279968 -51.51722717285156 0.0041945320554077625 0.9981975555419922 -0.05986875668168068 -5.900029182434082 0.7752394676208496 0.03457101434469223 0.6307206749916077 81.94348907470703
0.6230958104133606 -0.05290853977203369 -0.7803540229797363 -52.45579528808594 0.009026028215885162 0.9981293678283691 -0.06046678125858307 -5.9833879470825195 0.7820934057235718 0.03063310496509075 0.6224077939987183 82.69415283203125
0.6141279935836792 -0.05383390560746193 -0.7873681783676147 -53.42094039916992 0.012065221555531025 0.9981945753097534 -0.05883794277906418 -6.0702691078186035 0.7891141176223755 0.02663426473736763 0.6136688590049744 83.44274139404297
0.6050564050674438 -0.052166931331157684 -0.794471800327301 -54.396427154541016 0.012184572406113148 0.9983410239219666 -0.056273914873600006 -6.151827335357666 0.7960893511772156 0.024368593469262123 0.6046882271766663 84.18599700927734
0.5963534116744995 -0.05214815214276314 -0.8010262846946716 -55.37752151489258 0.011545461602509022 0.9983416199684143 -0.056398261338472366 -6.23103666305542 0.8026389479637146 0.024385077878832817 0.5959664583206177 84.90023040771484
0.5869833827018738 -0.05340578034520149 -0.8078356385231018 -56.37260055541992 0.010930070653557777 0.9982537031173706 -0.05805234611034393 -6.313557147979736 0.8095252513885498 0.025246059522032738 0.5865420699119568 85.61830139160156
0.5768070220947266 -0.05557781085371971 -0.8149876594543457 -57.37284469604492 0.010969767346978188 0.9981198906898499 -0.06030261144042015 -6.393469333648682 0.8168068528175354 0.02584274299442768 0.5763322114944458 86.33206176757812
0.567017138004303 -0.05742226541042328 -0.8217020630836487 -58.40675354003906 0.011670956388115883 0.9980270266532898 -0.061690665781497955 -6.4835944175720215 0.8236232995986938 0.025389613583683968 0.5665686130523682 87.01860809326172
0.55635666847229 -0.05802314728498459 -0.8289152979850769 -59.44277572631836 0.01473584771156311 0.9980911016464233 -0.05997476726770401 -6.574546813964844 0.8308129906654358 0.021152589470148087 0.5561496019363403 87.74021911621094
0.5463131070137024 -0.058074288070201874 -0.8355653285980225 -60.509765625 0.016101041808724403 0.9981372356414795 -0.058846257627010345 -6.663396835327148 0.8374261856079102 0.018695013597607613 0.5462304949760437 88.43791198730469
0.5359801054000854 -0.05882815271615982 -0.8421785235404968 -61.539527893066406 0.01604936085641384 0.9980989694595337 -0.059505414217710495 -6.7492146492004395 0.8440780639648438 0.018377289175987244 0.5359052419662476 89.07725524902344
0.525407612323761 -0.05995934456586838 -0.8487354516983032 -62.60525894165039 0.01531231589615345 0.9980186820030212 -0.06102648749947548 -6.8341546058654785 0.8507128357887268 0.01906767301261425 0.5252847075462341 89.74573516845703
0.5152933597564697 -0.060211870819330215 -0.854896068572998 -63.66594314575195 0.014273603446781635 0.9979934692382812 -0.06168697401881218 -6.926825523376465 0.8568949699401855 0.01958444155752659 0.5151187777519226 90.37860870361328
0.5058760046958923 -0.06096382066607475 -0.8604491949081421 -64.7308349609375 0.012875178828835487 0.9979220032691956 -0.06313434988260269 -7.021271705627441 0.862510085105896 0.02085971273481846 0.5056096911430359 90.98909759521484
0.49581944942474365 -0.06155819445848465 -0.8662410974502563 -65.830322265625 0.01217319630086422 0.9978792071342468 -0.06394517421722412 -7.101975440979004 0.8683403134346008 0.021160336211323738 0.4955172538757324 91.62495422363281
0.48739898204803467 -0.05838447064161301 -0.8712252974510193 -66.93502807617188 0.010799247771501541 0.9980887770652771 -0.06084458529949188 -7.207510471343994 0.8731126189231873 0.02024701051414013 0.48709791898727417 92.23066711425781
0.4794176518917084 -0.05693504959344864 -0.8757380247116089 -68.05406188964844 0.010968467220664024 0.9982040524482727 -0.058892399072647095 -7.2941365242004395 0.8775182962417603 0.018628550693392754 0.47918111085891724 92.83859252929688
0.47201594710350037 -0.056554049253463745 -0.8797741532325745 -69.16452026367188 0.0107530253008008 0.9982353448867798 -0.05839981883764267 -7.3899149894714355 0.8815244436264038 0.018105411902070045 0.4717910587787628 93.42800903320312
0.463725745677948 -0.06034399941563606 -0.8839213252067566 -70.2732925415039 0.013412224128842354 0.998041570186615 -0.061098456382751465 -7.473479747772217 0.885877251625061 0.01647757552564144 0.4636269509792328 94.02334594726562
0.4566405117511749 -0.06333663314580917 -0.8873938322067261 -71.40724182128906 0.016364382579922676 0.9978917241096497 -0.06280240416526794 -7.569883823394775 0.8895006775856018 0.01415647380053997 0.45671433210372925 94.60740661621094
0.4506303369998932 -0.06638084352016449 -0.8902392387390137 -72.53939819335938 0.0168777946382761 0.9976868033409119 -0.06584931910037994 -7.662467002868652 0.892551064491272 0.014648424461483955 0.4507083296775818 95.17497253417969
0.44497454166412354 -0.07017065584659576 -0.892789900302887 -73.67631530761719 0.01897556520998478 0.9974402785301208 -0.06893828511238098 -7.7601518630981445 0.8953421711921692 0.013734591193497181 0.4451671540737152 95.74533081054688
0.44044315814971924 -0.07111324369907379 -0.8949596285820007 -74.81783294677734 0.021998971700668335 0.9974135160446167 -0.06842770427465439 -7.865706920623779 0.8975109457969666 0.010450316593050957 0.4408683180809021 96.29986572265625
0.43639785051345825 -0.0681987777352333 -0.8971654772758484 -75.96719360351562 0.023800373077392578 0.9976492524147034 -0.06426022201776505 -7.971257209777832 0.8994389772415161 0.006690147798508406 0.43699517846107483 96.85843658447266
0.43238508701324463 -0.06688640266656876 -0.8992047905921936 -77.10679626464844 0.02727857045829296 0.9977588057518005 -0.061100274324417114 -8.069860458374023 0.9012764096260071 0.001889822888188064 0.4332405924797058 97.40972137451172
0.4290030300617218 -0.0661362037062645 -0.9008788466453552 -78.25138854980469 0.027709728106856346 0.9978103041648865 -0.060056738555431366 -8.159951210021973 0.902877926826477 0.0008014168706722558 0.4298962354660034 97.95043182373047
0.4261436462402344 -0.06598874181509018 -0.9022456407546997 -79.37923431396484 0.029317518696188927 0.9978196024894714 -0.05913178622722626 -8.252107620239258 0.9041803479194641 -0.0012529679806903005 0.42714905738830566 98.48344421386719
0.42415472865104675 -0.06464608758687973 -0.9032794237136841 -80.5216293334961 0.030275588855147362 0.9979035258293152 -0.05720159783959389 -8.350321769714355 0.9050834774971008 -0.003084989497438073 0.42522263526916504 98.99839782714844
0.42146003246307373 -0.06428811699151993 -0.9045653343200684 -81.65110778808594 0.03308747708797455 0.9979099631309509 -0.05550588667392731 -8.434004783630371 0.9062431454658508 -0.006536273751407862 0.4227063059806824 99.5302505493164
0.4182877838611603 -0.06571575999259949 -0.90593421459198 -82.79127502441406 0.03590104728937149 0.9977961778640747 -0.055803123861551285 -8.515515327453613 0.9076048135757446 -0.009182218462228775 0.4197251498699188 100.06886291503906
0.4163183271884918 -0.0660075917840004 -0.9068197011947632 -83.88119506835938 0.037822525948286057 0.997755229473114 -0.05526258796453476 -8.599549293518066 0.9084318280220032 -0.011291385628283024 0.41788041591644287 100.57861328125
0.4140264689922333 -0.06511542201042175 -0.9079328775405884 -84.98731994628906 0.041210345923900604 0.9977561831474304 -0.05276507884263992 -8.683074951171875 0.9093315005302429 -0.01557009294629097 0.4157809317111969 101.09441375732422
0.41183915734291077 -0.06471975892782211 -0.9089553952217102 -86.0965805053711 0.0431317463517189 0.9977412223815918 -0.051498934626579285 -8.764906883239746 0.9102351665496826 -0.017995549365878105 0.41370028257369995 101.59381866455078
0.41038796305656433 -0.06631312519311905 -0.9094967842102051 -87.19705200195312 0.04539541155099869 0.9976015686988831 -0.05225345492362976 -8.844904899597168 0.9107804298400879 -0.019842790439724922 0.41241392493247986 102.08882904052734
0.4083980917930603 -0.06654182076454163 -0.9103752970695496 -88.2578353881836 0.04664861410856247 0.9975576400756836 -0.051987454295158386 -8.941690444946289 0.9116111993789673 -0.021236175671219826 0.41050463914871216 102.57942962646484
0.40791165828704834 -0.06758500635623932 -0.9105165004730225 -89.32989501953125 0.04622328653931618 0.997506320476532 -0.053333960473537445 -9.023794174194336 0.91185063123703 -0.020331520587205887 0.4100184738636017 103.05427551269531
0.40817737579345703 -0.06819547712802887 -0.9103519320487976 -90.37647247314453 0.04588957875967026 0.9974779486656189 -0.05414653569459915 -9.108516693115234 0.9117485880851746 -0.0196742732077837 0.410277396440506 103.53687286376953
0.41036611795425415 -0.06804357469081879 -0.9093787670135498 -91.4198226928711 0.04334835708141327 0.9975405335426331 -0.05507885292172432 -9.1881742477417 0.9108899235725403 -0.01681758090853691 0.4123064875602722 104.00331115722656
0.415030837059021 -0.06827055662870407 -0.9072422385215759 -92.45720672607422 0.04139095917344093 0.997564971446991 -0.05613251402974129 -9.268983840942383 0.9088652729988098 -0.014254903420805931 0.41684606671333313 104.4703598022461
0.42039868235588074 -0.06882619112730026 -0.9047253727912903 -93.49955749511719 0.03968163952231407 0.9975595474243164 -0.05744960904121399 -9.350517272949219 0.9064713716506958 -0.011749248020350933 0.4221038222312927 104.93666076660156
0.4257670044898987 -0.06844782829284668 -0.9022402167320251 -94.50821685791016 0.03940920904278755 0.9975912570953369 -0.057084374129772186 -9.441462516784668 0.9039742350578308 -0.011251927353441715 0.4274388551712036 105.41883087158203
0.432670533657074 -0.06741989403963089 -0.8990277051925659 -95.51548767089844 0.03809336945414543 0.9976765513420105 -0.05648474767804146 -9.517855644226074 0.9007470011711121 -0.009807704947888851 0.4342334568500519 105.90233612060547
0.44096753001213074 -0.0656697154045105 -0.8951174020767212 -96.53092956542969 0.03706749901175499 0.9978011846542358 -0.05494226887822151 -9.601822853088379 0.8967572450637817 -0.008951999247074127 0.4424322247505188 106.3872299194336
0.45002999901771545 -0.06562104821205139 -0.8905991911888123 -97.50093078613281 0.03669814392924309 0.9978129863739014 -0.05497677996754646 -9.678793907165527 0.8922590613365173 -0.007942134514451027 0.45145395398139954 106.87185668945312
0.45947086811065674 -0.06517548859119415 -0.8857983946800232 -98.48783874511719 0.03554929792881012 0.9978542923927307 -0.05498066544532776 -9.752523422241211 0.887481153011322 -0.006227490957826376 0.46080195903778076 107.37705993652344
0.4691661596298218 -0.06548691540956497 -0.8806784749031067 -99.46421813964844 0.03438514843583107 0.9978451132774353 -0.05588129907846451 -9.83663272857666 0.8824401497840881 -0.004064642358571291 0.4704069495201111 107.89564514160156
0.4796943664550781 -0.06706348061561584 -0.8748689293861389 -100.42264556884766 0.032769955694675446 0.9977484941482544 -0.05851496011018753 -9.910490036010742 0.8768234252929688 -0.0006001193542033434 0.4808120131492615 108.41412353515625
0.49134767055511475 -0.06820695847272873 -0.8682886958122253 -101.38047790527344 0.031108397990465164 0.9976670742034912 -0.06076643243432045 -9.985220909118652 0.87040776014328 0.0028463786002248526 0.49232321977615356 108.94881439208984
0.5036545991897583 -0.06592925637960434 -0.861385703086853 -102.32946014404297 0.028970656916499138 0.9978118538856506 -0.05943189188838005 -10.073590278625488 0.8634191751480103 0.004978239070624113 0.5044625997543335 109.49830627441406
0.517326295375824 -0.06335242837667465 -0.8534401059150696 -103.2819595336914 0.02712913043797016 0.9979689717292786 -0.0576363280415535 -10.151010513305664 0.8553580641746521 0.006663698237389326 0.5179943442344666 110.04521179199219
0.5290892124176025 -0.061112985014915466 -0.8463626503944397 -104.20133209228516 0.02763308212161064 0.9981151223182678 -0.054796162992715836 -10.242698669433594 0.8481160998344421 0.005604450590908527 0.5297807455062866 110.62499237060547
0.5409083366394043 -0.06078580021858215 -0.8388822078704834 -105.11601257324219 0.02787279337644577 0.9981326460838318 -0.05435289070010185 -10.314417839050293 0.8406196236610413 0.006017939653247595 0.541592538356781 111.20989227294922
