1.0 0.0 0.0 0.0 0.0 1.0 0.0 0.0 0.0 0.0 1.0 0.0
0.9999340772628784 -0.002507571130990982 0.011202909983694553 0.016277242451906204 0.0024964462500065565 0.9999963641166687 0.0010068976553156972 -0.0037938295863568783 -0.011205394752323627 -0.0009788637980818748 0.9999367594718933 0.29571136832237244
0.9998289346694946 -0.004525816533714533 0.017934996634721756 0.02572023868560791 0.004505464341491461 0.9999891519546509 0.0011750205885618925 -0.008630488999187946 -0.01794011890888214 -0.0010940140346065164 0.9998384714126587 0.5824589729309082
0.9997789263725281 -0.007472147699445486 0.01965462975203991 0.04049942269921303 0.007474671117961407 0.9999720454216003 -5.490898547577672e-05 -0.01241288986057043 -0.019653670489788055 0.0002018087252508849 0.999806821346283 0.8864095211029053
0.9998160004615784 -0.008650485426187515 0.017120132222771645 0.050654150545597076 0.008682461455464363 0.999960720539093 -0.0017943229759112 -0.010200107470154762 -0.01710393838584423 0.0019426377257332206 0.9998518228530884 1.201356291770935
0.9998836517333984 -0.011442271992564201 0.010090292431414127 0.05392950773239136 0.011476689018309116 0.9999284744262695 -0.003359608817845583 -0.011142467148602009 -0.010051129385828972 0.0034750208724290133 0.9999434351921082 1.5151665210723877
0.9999113082885742 -0.013168546371161938 -0.0019782595336437225 0.05723600462079048 0.013157264329493046 0.9998977184295654 -0.00561184249818325 -0.00949952658265829 0.0020519571844488382 0.005585316568613052 0.9999822378158569 1.862200140953064
0.9997496008872986 -0.012382902204990387 -0.018639614805579185 0.03877968713641167 0.012271433137357235 0.9999061226844788 -0.00608281884342432 -0.011333143338561058 0.018713191151618958 0.005852559115737677 0.9998078942298889 2.2005481719970703
0.9992290735244751 -0.007828779518604279 -0.03847009316086769 0.011070050299167633 0.007613072171807289 0.9999544620513916 -0.00575039628893137 -0.020876191556453705 0.03851335868239403 0.005453086923807859 0.9992432594299316 2.5399444103240967
0.9983113408088684 -0.0043904539197683334 -0.05792299285531044 -0.035478055477142334 0.00397753668949008 0.9999658465385437 -0.007242089137434959 -0.021737052127718925 0.05795280262827873 0.0069994693621993065 0.9982947707176208 2.8951950073242188
0.9969136118888855 -0.004119112156331539 -0.07839895039796829 -0.07418328523635864 0.003516264259815216 0.9999631643295288 -0.007825996726751328 -0.023365680128335953 0.07842830568552017 0.007526170462369919 0.9968913197517395 3.2599918842315674
0.9949992299079895 -0.005653313361108303 -0.09972269833087921 -0.11951988935470581 0.004931560251861811 0.9999598860740662 -0.007482621818780899 -0.024610767140984535 0.0997610092163086 0.006953414063900709 0.9949871301651001 3.636918067932129
0.992870569229126 -0.007469231728464365 -0.11896316707134247 -0.18424445390701294 0.006801757961511612 0.9999587535858154 -0.0060157980769872665 -0.03999919071793556 0.11900318413972855 0.005163750145584345 0.9928804636001587 4.017290115356445
0.9905727505683899 -0.006192297209054232 -0.13684827089309692 -0.25538668036460876 0.005473730154335499 0.9999691247940063 -0.005626516416668892 -0.04353316128253937 0.13687889277935028 0.004824402276426554 0.9905760288238525 4.4169602394104
0.9882022142410278 -0.0049897185526788235 -0.15307414531707764 -0.32508260011672974 0.0042700255289673805 0.9999781847000122 -0.005029991734772921 -0.04928191751241684 0.15309593081474304 0.004317017737776041 0.9882019758224487 4.824950218200684
0.9861000180244446 -0.003885670332238078 -0.1661073863506317 -0.4146505296230316 0.0030768360011279583 0.9999821186065674 -0.005126398988068104 -0.05623271316289902 0.1661243587732315 0.004544057417660952 0.9860943555831909 5.24210262298584
0.9839282035827637 -0.005663775373250246 -0.17847482860088348 -0.5007983446121216 0.004621610045433044 0.9999697804450989 -0.006254507694393396 -0.060124002397060394 0.1785048544406891 0.005329146049916744 0.9839246273040771 5.675649166107178
0.9820773601531982 -0.0094816405326128 -0.1882396936416626 -0.5895041227340698 0.008057622238993645 0.9999327659606934 -0.008328724652528763 -0.06961006671190262 0.18830600380897522 0.006662688218057156 0.9820877909660339 6.126282215118408
0.9805683493614197 -0.008433370850980282 -0.1959964483976364 -0.6895394325256348 0.006573403719812632 0.9999271035194397 -0.010138362646102905 -0.07840690016746521 0.19606763124465942 0.008652993477880955 0.9805521965026855 6.583871364593506
0.9790800213813782 -0.007875731214880943 -0.20332305133342743 -0.7973102927207947 0.005558708216995001 0.9999129176139832 -0.011964349076151848 -0.08315528929233551 0.20339956879615784 0.010583840310573578 0.9790385365486145 7.04741907119751
0.9773926734924316 -0.00862160138785839 -0.21125631034374237 -0.9091779589653015 0.005569787230342627 0.9998714327812195 -0.015036821365356445 -0.09058777242898941 0.21135880053043365 0.013520225882530212 0.9773150682449341 7.527972221374512
0.9756433963775635 -0.012637271545827389 -0.21899794042110443 -1.0251286029815674 0.009214530698955059 0.9998190402984619 -0.016643483191728592 -0.10263510793447495 0.21916861832141876 0.014220142737030983 0.9755833148956299 8.026463508605957
0.9735883474349976 -0.019112911075353622 -0.22750909626483917 -1.1294567584991455 0.015376596711575985 0.9997164011001587 -0.018183954060077667 -0.11214256286621094 0.22779212892055511 0.014205370098352432 0.9736062288284302 8.547883033752441
0.9715985655784607 -0.019800063222646713 -0.23580534756183624 -1.2555609941482544 0.015530790202319622 0.9996803402900696 -0.01994883082807064 -0.135654479265213 0.23612496256828308 0.01572001539170742 0.9715955257415771 9.048715591430664
0.9694745540618896 -0.015858162194490433 -0.24467840790748596 -1.405008316040039 0.01011433731764555 0.9996432662010193 -0.024713721126317978 -0.14298120141029358 0.24498310685157776 0.02148456871509552 0.969289243221283 9.575029373168945
0.9673369526863098 -0.0125657944008708 -0.25318223237991333 -1.5649054050445557 0.005775597412139177 0.9996037483215332 -0.027544857934117317 -0.16203348338603973 0.25342807173728943 0.02518288604915142 0.96702641248703 10.119866371154785
0.9649085402488708 -0.015306978486478329 -0.26213952898979187 -1.7164640426635742 0.007767131552100182 0.9995263814926147 -0.029774822294712067 -0.17791450023651123 0.26247119903564453 0.026693906635046005 0.9645704627037048 10.695049285888672
0.9625279307365417 -0.01864013262093067 -0.2705411911010742 -1.8696552515029907 0.010495387949049473 0.9994481205940247 -0.031521011143922806 -0.20005083084106445 0.27097946405410767 0.027500420808792114 0.9621922373771667 11.253535270690918
0.9603424072265625 -0.018208513036370277 -0.278228223323822 -2.047607898712158 0.00914402212947607 0.999385416507721 -0.03384244814515114 -0.2233617603778839 0.2786734700202942 0.029956217855215073 0.9599186182022095 11.826184272766113
0.9580936431884766 -0.01697145588696003 -0.2859521508216858 -2.242692470550537 0.006511320360004902 0.9992756843566895 -0.037491269409656525 -0.2509058713912964 0.286381334066391 0.03405821695923805 0.957510232925415 12.419822692871094
0.9558068513870239 -0.017485685646533966 -0.29347485303878784 -2.433241367340088 0.00521271163597703 0.9990808367729187 -0.04254969581961632 -0.280860036611557 0.29394909739494324 0.03913949057459831 0.9550194144248962 13.020283699035645
0.953787624835968 -0.01999305933713913 -0.29981571435928345 -2.617729425430298 0.005233706906437874 0.9987379908561707 -0.04995062202215195 -0.316892147064209 0.3004360496997833 0.04607313498854637 0.9526885151863098 13.626426696777344
0.9523691534996033 -0.020802374929189682 -0.30423703789711 -2.822075843811035 0.003202080028131604 0.9982978105545044 -0.05823551490902901 -0.3516504466533661 0.30493056774139404 0.054487526416778564 0.9508146047592163 14.247156143188477
0.9511314034461975 -0.02050328254699707 -0.3081051707267761 -3.0376524925231934 -0.00015303216059692204 0.9977617263793945 -0.0668698400259018 -0.3937309980392456 0.3087866008281708 0.06364916265010834 0.9489991664886475 14.86242389678955
0.9499081373214722 -0.020218173041939735 -0.3118745982646942 -3.264620304107666 -0.003562711179256439 0.9971399307250977 -0.07549379020929337 -0.4433978796005249 0.3125089704990387 0.07282327860593796 0.9471192955970764 15.501338005065918
0.9487767219543457 -0.019508404657244682 -0.3153444826602936 -3.4996581077575684 -0.0068834866397082806 0.9965787529945374 -0.08236248046159744 -0.49871039390563965 0.3158723711967468 0.0803142637014389 0.9453964233398438 16.145315170288086
0.9469947814941406 -0.017389586195349693 -0.32077789306640625 -3.7309517860412598 -0.011892881244421005 0.9959515929222107 -0.08910117298364639 -0.5590887665748596 0.3210287094116211 0.08819329738616943 0.9429542422294617 16.800657272338867
0.9454599022865295 -0.016740191727876663 -0.32530805468559265 -3.9753811359405518 -0.015033688396215439 0.9953718781471252 -0.09491453319787979 -0.6257781982421875 0.3253914415836334 0.0946284607052803 0.9408325552940369 17.469867706298828
0.9438217878341675 -0.015433495864272118 -0.33009445667266846 -4.230536937713623 -0.018870515748858452 0.9947615265846252 -0.10046534240245819 -0.6952193975448608 0.329915851354599 0.10105041414499283 0.938586413860321 18.147876739501953
0.9420890212059021 -0.012402121908962727 -0.3351336121559143 -4.487071514129639 -0.02364431321620941 0.9943728446960449 -0.10326443612575531 -0.7727342844009399 0.3345284163951874 0.10520830750465393 0.9364944696426392 18.83856201171875
0.9403405785560608 -0.011389775201678276 -0.3400439918041229 -4.756141662597656 -0.025871792808175087 0.9941520690917969 -0.10484370589256287 -0.8478174209594727 0.33924955129623413 0.10738634318113327 0.934546947479248 19.538362503051758
0.9380397796630859 -0.010805952362716198 -0.346358984708786 -5.022467613220215 -0.026918744668364525 0.994221031665802 -0.10392212867736816 -0.9313479661941528 0.34548038244247437 0.10680665075778961 0.9323281049728394 20.24985694885254
0.9357477426528931 -0.010904639959335327 -0.35250145196914673 -5.298861503601074 -0.02688206359744072 0.9944084286689758 -0.10212294012308121 -1.0149062871932983 0.3516440987586975 0.10503726452589035 0.9302223324775696 20.965444564819336
0.933225154876709 -0.011258812621235847 -0.35911551117897034 -5.587557315826416 -0.026558388024568558 0.9946128129959106 -0.10019928216934204 -1.0964043140411377 0.3583090007305145 0.10304602235555649 0.9278987050056458 21.684776306152344
0.9299846887588501 -0.0102166049182415 -0.3674560487270355 -5.874571800231934 -0.02754751220345497 0.9948659539222717 -0.0973801240324974 -1.176713228225708 0.36656445264816284 0.10068454593420029 0.9249287247657776 22.400529861450195
0.9266328811645508 -0.00845513865351677 -0.37587231397628784 -6.18550443649292 -0.0280864667147398 0.9953967332839966 -0.09163235127925873 -1.2551286220550537 0.3749168813228607 0.09546646475791931 0.9221298694610596 23.139591217041016
0.9232025742530823 -0.00461262371391058 -0.38428592681884766 -6.51010799407959 -0.031004590913653374 0.9957746863365173 -0.08643732219934464 -1.3356413841247559 0.3830609917640686 0.0917137861251831 0.9191588163375854 23.88249397277832
0.919580340385437 -0.0008469001622870564 -0.39290082454681396 -6.8438801765441895 -0.03433404117822647 0.9959990382194519 -0.08250538259744644 -1.411860704421997 0.39139869809150696 0.08936020731925964 0.9158721566200256 24.634822845458984
0.9157175421714783 0.00040441600140184164 -0.4018222987651825 -7.186148166656494 -0.035904575139284134 0.9960817098617554 -0.08082082867622375 -1.4855064153671265 0.40021514892578125 0.0884363204240799 0.912144124507904 25.38266944885254
0.9117756485939026 0.00018015743989963084 -0.4106886386871338 -7.535284996032715 -0.036289144307374954 0.996123731136322 -0.08012906461954117 -1.5539495944976807 0.4090822637081146 0.08796325325965881 0.9082478284835815 26.124752044677734
0.9079458117485046 0.00047533534234389663 -0.41908738017082214 -7.90087890625 -0.03695566952228546 0.99619460105896 -0.07893392443656921 -1.6238210201263428 0.41745510697364807 0.08715537935495377 0.9045081734657288 26.895570755004883
0.9040083289146423 0.0012826239690184593 -0.42751312255859375 -8.28982162475586 -0.03786814957857132 0.9963050484657288 -0.07708590477705002 -1.6964961290359497 0.42583465576171875 0.08587542176246643 0.9007165431976318 27.685707092285156
0.9000580906867981 -0.00015045730106066912 -0.4357701241970062 -8.648540496826172 -0.03597096726298332 0.9965615272521973 -0.07464003562927246 -1.7710907459259033 0.434283047914505 0.08285542577505112 0.8969577550888062 28.435754776000977
0.8963636755943298 0.00014478852972388268 -0.4433194100856781 -9.048955917358398 -0.035078078508377075 0.996887743473053 -0.07060005515813828 -1.8390789031982422 0.44192948937416077 0.07883413136005402 0.8935790061950684 29.225648880004883
0.8925026059150696 0.0025675403885543346 -0.45103487372398376 -9.460121154785156 -0.03563742712140083 0.9972590804100037 -0.06484196335077286 -1.9064850807189941 0.44963210821151733 0.07394536584615707 0.8901477456092834 30.013757705688477
0.8887460827827454 0.002815590240061283 -0.45839133858680725 -9.886353492736816 -0.034354135394096375 0.9975780248641968 -0.060479629784822464 -1.971898078918457 0.45711085200309753 0.06949866563081741 0.8866902589797974 30.82046890258789
0.8852427005767822 0.0018788117449730635 -0.46512556076049805 -10.323278427124023 -0.03306056186556816 0.9977167248725891 -0.05889183655381203 -2.0314993858337402 0.463952898979187 0.06751088052988052 0.8832836747169495 31.624197006225586
0.8816208839416504 0.0008066372247412801 -0.47195759415626526 -10.75689697265625 -0.03188664838671684 0.9978153705596924 -0.057859111577272415 -2.092222213745117 0.4708798825740814 0.06605895608663559 0.8797206282615662 32.454627990722656
0.8784536123275757 0.0015721051022410393 -0.4778251051902771 -11.215426445007324 -0.03222989663481712 0.9979120492935181 -0.055969517678022385 -2.150132894515991 0.4767394959926605 0.06456687301397324 0.876670241355896 33.283451080322266
0.8753449320793152 -0.0004961739177815616 -0.48349857330322266 -11.673371315002441 -0.02966003306210041 0.9980610013008118 -0.054721929132938385 -2.202241897583008 0.4825882315635681 0.062241148203611374 0.8736329674720764 34.112850189208984
0.8727647066116333 -0.001317691639997065 -0.48813939094543457 -12.171640396118164 -0.02905101329088211 0.9980835914611816 -0.05463576316833496 -2.2650017738342285 0.4872758984565735 0.06186510622501373 0.8710539937019348 34.964019775390625
0.8704240918159485 -0.0032098819501698017 -0.49229225516319275 -12.630319595336914 -0.027525540441274643 0.9980971217155457 -0.055175911635160446 -2.3202428817749023 0.491532564163208 0.06157704070210457 0.8686794638633728 35.801727294921875
0.8690310120582581 -0.002734794281423092 -0.4947499632835388 -13.130363464355469 -0.02840985171496868 0.9980589151382446 -0.055418960750103 -2.3807804584503174 0.49394118785858154 0.06221657246351242 0.8672665357589722 36.66744613647461
0.8686335682868958 -0.0027010785415768623 -0.49544766545295715 -13.63691234588623 -0.028075754642486572 0.9981099367141724 -0.0546647384762764 -2.4400289058685303 0.4946589171886444 0.06139369308948517 0.8669160008430481 37.52916717529297
0.8683481812477112 -0.002293825149536133 -0.49594974517822266 -14.145572662353516 -0.027773495763540268 0.9981951117515564 -0.05324481427669525 -2.4985108375549316 0.4951767921447754 0.060009293258190155 0.8667172193527222 38.414337158203125
0.8682259321212769 -0.00341652799397707 -0.4961571991443634 -14.669914245605469 -0.026037322357296944 0.9982847571372986 -0.05243690684437752 -2.564415454864502 0.4954852759838104 0.05844569206237793 0.8666477799415588 39.29366683959961
0.8674424290657043 -0.005602728109806776 -0.4975060820579529 -15.190910339355469 -0.024020615965127945 0.9982990026473999 -0.053124360740184784 -2.6267170906066895 0.4969574809074402 0.05803273618221283 0.8658321499824524 40.20285415649414
0.8663634657859802 -0.008329754695296288 -0.4993445575237274 -15.72054386138916 -0.021151836961507797 0.9983516931533813 -0.05335233733057976 -2.691751480102539 0.49896591901779175 0.05678457394242287 0.8647592067718506 41.11325454711914
0.8647128939628601 -0.008660098537802696 -0.5021919012069702 -16.264429092407227 -0.020092299208045006 0.9984545707702637 -0.051814425736665726 -2.7477166652679443 0.501864492893219 0.054894790053367615 0.8632025122642517 42.05147171020508
0.8627181053161621 -0.007761357817798853 -0.5056256055831909 -16.804218292236328 -0.0189956221729517 0.9986790418624878 -0.04774080216884613 -2.812114715576172 0.5053282976150513 0.05079152435064316 0.8614311218261719 42.9561767578125
0.8599393963813782 -0.007827023044228554 -0.51033616065979 -17.353782653808594 -0.016861895099282265 0.9989009499549866 -0.04373318701982498 -2.8735122680664062 0.5101176500320435 0.04621312394738197 0.8588622808456421 43.87510299682617
0.8558447957038879 -0.007936431095004082 -0.5171716809272766 -17.919422149658203 -0.015797795727849007 0.999014675617218 -0.04147380590438843 -2.94111704826355 0.5169911980628967 0.0436653196811676 0.8548762202262878 44.798824310302734
0.8505796194076538 -0.01120813563466072 -0.5257269144058228 -18.48198127746582 -0.01414034329354763 0.9989237189292908 -0.044174183160066605 -2.9942753314971924 0.5256562829017639 0.0450076200067997 0.8495055437088013 45.70323944091797
0.8444881439208984 -0.015059426426887512 -0.5353624820709229 -19.0477352142334 -0.012150020338594913 0.9988086223602295 -0.047261498868465424 -3.0560381412506104 0.5354363918304443 0.04641644284129143 0.8432990908622742 46.5986442565918
0.8383955955505371 -0.015047361142933369 -0.5448544025421143 -19.633060455322266 -0.012214086949825287 0.9988492131233215 -0.04637988284230232 -3.1160762310028076 0.5449252724647522 0.04553958773612976 0.8372470140457153 47.48560333251953
0.8325212597846985 -0.011331068351864815 -0.5538772344589233 -20.22955322265625 -0.013848121277987957 0.9990527629852295 -0.04125315696001053 -3.1779396533966064 0.553820013999939 0.04201429337263107 0.8315757513046265 48.36976623535156
0.827307403087616 -0.006585247814655304 -0.561710774898529 -20.835872650146484 -0.017176130786538124 0.999167263507843 -0.03701139613986015 -3.233722686767578 0.5614867806434631 0.04026782512664795 0.8265053629875183 49.25121307373047
0.8232697248458862 -0.0065881554037332535 -0.5676122903823853 -21.456626892089844 -0.0183379165828228 0.9991021752357483 -0.038193829357624054 -3.2898926734924316 0.5673543810844421 0.04185264930129051 0.8224095702171326 50.12417984008789
0.819857120513916 -0.00912361592054367 -0.5724954009056091 -22.068605422973633 -0.01849338971078396 0.998929500579834 -0.042403463274240494 -3.347045421600342 0.5722693204879761 0.04535216838121414 0.8188107013702393 50.99810791015625
0.8169606328010559 -0.011319626122713089 -0.5765822529792786 -22.697298049926758 -0.02120339684188366 0.9985418319702148 -0.04964679107069969 -3.4024362564086914 0.5763034820556641 0.052784983068704605 0.8155293464660645 51.86370849609375
0.8136840462684631 -0.012130784802138805 -0.5811807513237 -23.325122833251953 -0.021622778847813606 0.998458743095398 -0.05111352354288101 -3.463871479034424 0.5809050798416138 0.05415700376033783 0.8121676445007324 52.737979888916016
0.8104550242424011 -0.010536263696849346 -0.5857061743736267 -23.964345932006836 -0.02099413424730301 0.9986734986305237 -0.04701519384980202 -3.5286436080932617 0.5854246616363525 0.05040008947253227 0.8091587424278259 53.59941864013672
0.8073312640190125 -0.007838685996830463 -0.5900465250015259 -24.602401733398438 -0.020892521366477013 0.9989050626754761 -0.04185651242733002 -3.5878944396972656 0.589728593826294 0.04611962288618088 0.8062835335731506 54.46369171142578
0.8044122457504272 -0.005652646999806166 -0.59404456615448 -25.24747657775879 -0.021988781169056892 0.9989862442016602 -0.03928149491548538 -3.638012409210205 0.5936644673347473 0.04466083645820618 0.8034723401069641 55.3227653503418
0.8012130856513977 -0.00540311960503459 -0.5983547568321228 -25.89836883544922 -0.02332356944680214 0.9989173412322998 -0.04025106132030487 -3.685530662536621 0.597924530506134 0.04620543494820595 0.8002195954322815 56.183658599853516
0.7975344657897949 -0.0069486042484641075 -0.6032333970069885 -26.556161880493164 -0.022578712552785873 0.9988892674446106 -0.04135743901133537 -3.7459020614624023 0.6028507351875305 0.0466042160987854 0.7964916825294495 57.05317687988281
0.7934123277664185 -0.009719979017972946 -0.6086069345474243 -27.202877044677734 -0.021528569981455803 0.9987987279891968 -0.04401746764779091 -3.807567834854126 0.6083037257194519 0.0480264350771904 0.7922499775886536 57.892738342285156
0.7893452048301697 -0.010873304679989815 -0.613853394985199 -27.874740600585938 -0.02067025937139988 0.9988056421279907 -0.04427162930369377 -3.867722988128662 0.6136016249656677 0.04763410985469818 0.7881776690483093 58.742122650146484
0.7846015095710754 -0.010933803394436836 -0.6199039816856384 -28.552244186401367 -0.02023180201649666 0.9988604784011841 -0.04322483018040657 -3.9286093711853027 0.6196702718734741 0.04645603895187378 0.7834861874580383 59.597450256347656
0.7798382639884949 -0.010510138235986233 -0.6258929371833801 -29.243947982788086 -0.020376693457365036 0.9989029765129089 -0.04216238483786583 -3.9946603775024414 0.6256493926048279 0.0456334687769413 0.7787685990333557 60.43759536743164
0.7746315002441406 -0.011657210998237133 -0.632305383682251 -29.927066802978516 -0.020509185269474983 0.9988411664962769 -0.043540287762880325 -4.04588508605957 0.6320801973342896 0.04669575393199921 0.7734947800636292 61.25836944580078
0.7695451378822327 -0.013009142130613327 -0.6384597420692444 -30.63211441040039 -0.019989460706710815 0.9988118410110474 -0.0444452241063118 -4.105231285095215 0.6382792592048645 0.04696508124470711 0.7683709263801575 62.091732025146484
0.7635465264320374 -0.01436952780932188 -0.6455928087234497 -31.33194351196289 -0.019373618066310883 0.9987925887107849 -0.04514429718255997 -4.166747093200684 0.6454620957374573 0.046977248042821884 0.7623462677001953 62.933231353759766
0.7578756809234619 -0.01639045774936676 -0.6521930694580078 -32.063232421875 -0.018003106117248535 0.998778223991394 -0.046020958572626114 -4.2357659339904785 0.652150571346283 0.04661966487765312 0.756654679775238 63.77294158935547
0.7515717148780823 -0.018095379695296288 -0.6594031453132629 -32.7925910949707 -0.017209790647029877 0.9987455606460571 -0.04702293872833252 -4.2975754737854 0.6594268679618835 0.04668930545449257 0.7503175735473633 64.60872650146484
0.7456614375114441 -0.019218187779188156 -0.6660478115081787 -33.56155014038086 -0.01651039347052574 0.9987441897392273 -0.047301728278398514 -4.363122940063477 0.6661204099655151 0.04626777768135071 0.7444077134132385 65.43811798095703
0.7392842769622803 -0.01907750964164734 -0.6731231808662415 -34.31413269042969 -0.015492036938667297 0.9988521933555603 -0.04532399773597717 -4.430308818817139 0.6732151508331299 0.04393536597490311 0.7381401658058167 66.2633056640625
0.73293536901474 -0.01924363523721695 -0.6800259351730347 -35.08894348144531 -0.01543375477194786 0.9988721609115601 -0.0449010506272316 -4.485482692718506 0.6801231503486633 0.04340491443872452 0.7318118810653687 67.079345703125
0.7264600396156311 -0.02105552703142166 -0.6868860721588135 -35.845298767089844 -0.01400634553283453 0.9988691210746765 -0.045432236045598984 -4.551568984985352 0.6870660185813904 0.04262545704841614 0.7253437042236328 67.87570190429688
0.7196320295333862 -0.023408934473991394 -0.6939609050750732 -36.63147735595703 -0.012951650656759739 0.9988051056861877 -0.047122806310653687 -4.614554405212402 0.6942347884178162 0.04289902001619339 0.7184690237045288 68.70325469970703
0.7136468291282654 -0.022737056016921997 -0.7001365423202515 -37.43341064453125 -0.014425259083509445 0.9987841844558716 -0.04713930934667587 -4.674474716186523 0.70035719871521 0.043740469962358475 0.7124512195587158 69.50408172607422
0.7084037065505981 -0.02212885022163391 -0.7054604291915894 -38.24909973144531 -0.014590305276215076 0.9988356232643127 -0.04598260670900345 -4.742415428161621 0.7056567072868347 0.042867131531238556 0.7072559595108032 70.30289459228516
0.7035916447639465 -0.02173757366836071 -0.7102718949317932 -39.06232833862305 -0.015577428974211216 0.9988200068473816 -0.045999377965927124 -4.8049516677856445 0.7104337811470032 0.04342898726463318 0.7024227380752563 71.09529113769531
0.6987171769142151 -0.022089889273047447 -0.7150569558143616 -39.88777542114258 -0.016552221029996872 0.9987564086914062 -0.04702804982662201 -4.8668012619018555 0.7152065634727478 0.044695086777210236 0.6974825263023376 71.89494323730469
0.693345308303833 -0.024316823109984398 -0.7201951146125793 -40.72935104370117 -0.01654188521206379 0.9986300468444824 -0.0496431402862072 -4.941934585571289 0.7204155921936035 0.046333231031894684 0.6919931769371033 72.69367980957031
0.6885162591934204 -0.027452519163489342 -0.7247011661529541 -41.571659088134766 -0.014914605766534805 0.9985359907150269 -0.051995616406202316 -5.007119655609131 0.7250674962997437 0.04660845175385475 0.6870988011360168 73.48112487792969
0.6830880641937256 -0.027518650516867638 -0.7298175096511841 -42.43042755126953 -0.015853969380259514 0.9984956383705139 -0.05248834937810898 -5.081441879272461 0.7301640510559082 0.04742466285824776 0.681624174118042 74.28363800048828
0.6784996390342712 -0.027049599215388298 -0.7341026067733765 -43.31016159057617 -0.01603139005601406 0.9985387325286865 -0.05161045119166374 -5.147808074951172 0.7344257831573486 0.0467863567173481 0.6770744919776917 75.07272338867188
0.6738865375518799 -0.027120014652609825 -0.7383369207382202 -44.19093322753906 -0.015214172191917896 0.9986048340797424 -0.05056608095765114 -5.218098163604736 0.7386782169342041 0.04530898481607437 0.6725337505340576 75.85507202148438
0.6683166027069092 -0.028388073667883873 -0.7433350086212158 -45.07693862915039 -0.014877715148031712 0.9985615611076355 -0.05151143670082092 -5.288008213043213 0.7437281608581543 0.04548507556319237 0.6669328808784485 76.65361022949219
0.6635895371437073 -0.02943756803870201 -0.747517466545105 -45.95319366455078 -0.013832609169185162 0.9985718131065369 -0.051603738218545914 -5.3585004806518555 0.7479690313339233 0.044583819806575775 0.6622346043586731 77.42633056640625
0.6593470573425293 -0.029857633635401726 -0.7512456178665161 -46.858558654785156 -0.013186909258365631 0.9985981583595276 -0.05126222223043442 -5.435434341430664 0.751723051071167 0.04370620846748352 0.6580290198326111 78.20026397705078
0.6551510095596313 -0.03064706362783909 -0.7548761367797852 -47.75456237792969 -0.011901863850653172 0.9986342787742615 -0.05087288096547127 -5.510163307189941 0.7554041743278503 0.042313847690820694 0.6538914442062378 78.9793701171875
0.6513229012489319 -0.03391703963279724 -0.7580422759056091 -48.67445373535156 -0.008677414618432522 0.9986022710800171 -0.05213618278503418 -5.584484100341797 0.7587510943412781 0.0405353382229805 0.6501182317733765 79.76206970214844
0.6469964385032654 -0.03830558434128761 -0.7615302801132202 -49.58209228515625 -0.00621016277000308 0.9984394311904907 -0.055498454719781876 -5.655284881591797 0.7624678015708923 0.04063653573393822 0.6457488536834717 80.52626037597656
0.6424678564071655 -0.042804911732673645 -0.765116274356842 -50.512516021728516 -0.0017301806947216392 0.9983551502227783 -0.0573064386844635 -5.727602481842041 0.7663106918334961 0.03814133256673813 0.6413369178771973 81.30252075195312
0.6356656551361084 -0.045928794890642166 -0.7705970406532288 -51.440185546875 0.003096177475526929 0.9983721971511841 -0.05695051699876785 -5.80842924118042 0.7719583511352539 0.03381558135151863 0.6347730755805969 82.0762710571289
0.6274743676185608 -0.0499897338449955 -0.7770308256149292 -52.374542236328125 0.007972585037350655 0.9982970952987671 -0.057786647230386734 -5.891586780548096 0.7785964012145996 0.030064692720770836 0.6268044114112854 82.82652282714844
0.6184282898902893 -0.05082584545016289 -0.7841959595680237 -53.327308654785156 0.010518881492316723 0.9983522295951843 -0.056410543620586395 -5.973444938659668 0.7857708930969238 0.026637008413672447 0.6179438829421997 83.56796264648438
0.6098158955574036 -0.049207430332899094 -0.7910140156745911 -54.29199981689453 0.011080787517130375 0.9985024929046631 -0.053572382777929306 -6.055848598480225 0.7924656271934509 0.023904232308268547 0.6094479560852051 84.3050765991211
0.6007941961288452 -0.04922927916049957 -0.7978864312171936 -55.271751403808594 0.010571013204753399 0.9985039830207825 -0.05364750698208809 -6.131765842437744 0.7993338704109192 0.023796644061803818 0.6004157662391663 85.04119873046875
0.5914304256439209 -0.050612859427928925 -0.804766058921814 -56.271663665771484 0.010003902018070221 0.9984118938446045 -0.055439554154872894 -6.211213111877441 0.8062939643859863 0.024737834930419922 0.5909975171089172 85.75167846679688
0.581773579120636 -0.0526420921087265 -0.8116453886032104 -57.278045654296875 0.01036346610635519 0.9983020424842834 -0.0573200061917305 -6.29572868347168 0.8132846355438232 0.02493581548333168 0.5813313722610474 86.45700073242188
0.5720852613449097 -0.05449500307440758 -0.8183817863464355 -58.30925750732422 0.010892026126384735 0.9982070922851562 -0.0588553287088871 -6.372760772705078 0.8201217651367188 0.02475643716752529 0.5716530680656433 87.17251586914062
0.5612680912017822 -0.05502929538488388 -0.8258026242256165 -59.337646484375 0.013638223521411419 0.9982665777206421 -0.0572524331510067 -6.461424350738525 0.8275217413902283 0.020871477201581 0.5610455274581909 87.8931655883789
0.5514165759086609 -0.05512358620762825 -0.8324068188667297 -60.36680603027344 0.014821820892393589 0.9983043670654297 -0.0562911294400692 -6.541362285614014 0.8340983390808105 0.018702084198594093 0.5512986183166504 88.56017303466797
0.5413495302200317 -0.056142888963222504 -0.8389211297035217 -61.426361083984375 0.015228169970214367 0.9982592463493347 -0.05697960779070854 -6.619355201721191 0.8406597375869751 0.01807064563035965 0.541262149810791 89.22921752929688
0.5308498740196228 -0.056846700608730316 -0.8455570340156555 -62.49579620361328 0.014429164119064808 0.9982092976570129 -0.05805070325732231 -6.708806037902832 0.8473429679870605 0.01861552894115448 0.5307195782661438 89.8995361328125
0.5206726789474487 -0.057659946382045746 -0.8518070578575134 -63.56338119506836 0.013592745177447796 0.9981501698493958 -0.05925744026899338 -6.788578033447266 0.8536480665206909 0.019275331869721413 0.5204933285713196 90.55337524414062
0.5107666850090027 -0.058728307485580444 -0.8577110767364502 -64.64476776123047 0.013083729892969131 0.9980794787406921 -0.06054810807108879 -6.877302169799805 0.8596197962760925 0.01970389112830162 0.5105541348457336 91.19283294677734
0.5008073449134827 -0.05825578793883324 -0.8635962009429932 -65.73579406738281 0.011742932721972466 0.9980980157852173 -0.06051906570792198 -6.96934700012207 0.8654791116714478 0.020167240872979164 0.5005389451980591 91.82627868652344
0.49251994490623474 -0.0564064085483551 -0.8684713244438171 -66.85791778564453 0.011351686902344227 0.9982288479804993 -0.05839638039469719 -7.056801795959473 0.8702270984649658 0.018902767449617386 0.4922879636287689 92.4498291015625
0.48456329107284546 -0.05522369220852852 -0.8730113506317139 -67.97370910644531 0.011881891638040543 0.9983286261558533 -0.05655581131577492 -7.138181686401367 0.874675452709198 0.017031848430633545 0.4844096004962921 93.06605529785156
0.4771275520324707 -0.05475461855530739 -0.8771266937255859 -69.08300018310547 0.011454463005065918 0.9983598589897156 -0.056091755628585815 -7.231426239013672 0.8787593841552734 0.01671591028571129 0.47697216272354126 93.66275787353516
0.4687492251396179 -0.05804479867219925 -0.8814221024513245 -70.17990112304688 0.013708028942346573 0.998196542263031 -0.05844473838806152 -7.316376686096191 0.8832248449325562 0.015313365496695042 0.46869954466819763 94.26009368896484
0.46170660853385925 -0.06118493899703026 -0.8849199414253235 -71.3128890991211 0.01663799025118351 0.9980400204658508 -0.06032538786530495 -7.408621788024902 0.8868767023086548 0.013129336759448051 0.46181967854499817 94.85047149658203
0.45573222637176514 -0.06420930474996567 -0.887798011302948 -72.4463119506836 0.01757636107504368 0.9978495240211487 -0.06314625591039658 -7.502239227294922 0.8899433612823486 0.013173524290323257 0.455880731344223 95.42753601074219
0.4501350522041321 -0.06802161037921906 -0.8903658986091614 -73.58842468261719 0.019675182178616524 0.9976078867912292 -0.06626758724451065 -7.595914840698242 0.8927435874938965 0.012311254628002644 0.4503965973854065 96.00924682617188
0.44529107213020325 -0.06891166418790817 -0.8927299976348877 -74.7220230102539 0.02297273650765419 0.9975849390029907 -0.0655469000339508 -7.701433181762695 0.8950910568237305 0.008678999729454517 0.4457988440990448 96.57502746582031
0.4409336447715759 -0.06629031896591187 -0.8950883150100708 -75.86878967285156 0.024672597646713257 0.9977871179580688 -0.06174212321639061 -7.79990291595459 0.8972005248069763 0.005140027962625027 0.4415934681892395 97.14470672607422
0.43711522221565247 -0.06475303322076797 -0.8970714807510376 -77.00382232666016 0.02851472981274128 0.9979013204574585 -0.05813685804605484 -7.8983025550842285 0.898953378200531 -0.0001672424841672182 0.43804430961608887 97.69851684570312
0.433884859085083 -0.0640023872256279 -0.8986921906471252 -78.14640808105469 0.028981652110815048 0.9979490637779236 -0.05707896500825882 -7.985016822814941 0.90050208568573 -0.0012798908865079284 0.4348497688770294 98.24673461914062
0.43125465512275696 -0.0641503855586052 -0.8999467492103577 -79.27710723876953 0.030493704602122307 0.9979355931282043 -0.0565226711332798 -8.069368362426758 0.9017149209976196 -0.0030670471023768187 0.4323204457759857 98.7801513671875
0.42868807911872864 -0.06283417344093323 -0.9012649059295654 -80.402587890625 0.032268717885017395 0.9980068802833557 -0.054230138659477234 -8.16585922241211 0.9028760194778442 -0.005834849551320076 0.42986130714416504 99.31576538085938
0.42618653178215027 -0.06262630969285965 -0.9024649262428284 -81.55675506591797 0.03488573804497719 0.9979965686798096 -0.05278101935982704 -8.244108200073242 0.9039623141288757 -0.008988602086901665 0.42751747369766235 99.85578918457031
0.4234486222267151 -0.06397571414709091 -0.9036582708358765 -82.69324493408203 0.037877388298511505 0.9978814125061035 -0.05289725214242935 -8.323012351989746 0.9051278233528137 -0.011828952468931675 0.4249747395515442 100.39510345458984
0.42096760869026184 -0.06419387459754944 -0.9048014283180237 -83.78147888183594 0.03970237821340561 0.9978407025337219 -0.05232292413711548 -8.405035972595215 0.9062063694000244 -0.013896509073674679 0.42260733246803284 100.91722869873047
0.41856175661087036 -0.0635281428694725 -0.9059637188911438 -84.88406372070312 0.0430489182472229 0.9978169798851013 -0.05008017271757126 -8.482751846313477 0.9071674942970276 -0.01803910918533802 0.42038288712501526 101.43896484375
0.4165385663509369 -0.06294196844100952 -0.9069365859031677 -85.99727630615234 0.04514820873737335 0.997801661491394 -0.04851236194372177 -8.562456130981445 0.9079962968826294 -0.02073928527534008 0.4184646010398865 101.94786071777344
0.41511669754981995 -0.06463997066020966 -0.9074689149856567 -87.09112548828125 0.04729251191020012 0.997657299041748 -0.0494304858148098 -8.636484146118164 0.9085381031036377 -0.022397063672542572 0.41720113158226013 102.44668579101562
0.41309159994125366 -0.0654291957616806 -0.9083360433578491 -88.167236328125 0.049148645251989365 0.997563898563385 -0.04950469732284546 -8.724315643310547 0.909362256526947 -0.02419351227581501 0.4153010845184326 102.94910430908203
0.41279137134552 -0.06633949279785156 -0.9084064960479736 -89.23047637939453 0.04869683086872101 0.9975250363349915 -0.05071921646595001 -8.804457664489746 0.9095229506492615 -0.023300068452954292 0.4150002896785736 103.42539978027344
0.41262489557266235 -0.0669664591550827 -0.9084361791610718 -90.27670288085938 0.04842318966984749 0.997496485710144 -0.05153713747859001 -8.886662483215332 0.9096130728721619 -0.022723866626620293 0.414834588766098 103.92159271240234
0.41560065746307373 -0.06697872281074524 -0.9070776700973511 -91.33067321777344 0.04636044427752495 0.997548520565033 -0.05241788923740387 -8.965827941894531 0.9083648920059204 -0.020267615094780922 0.41768699884414673 104.37791442871094
0.41992977261543274 -0.0671221986413002 -0.9050710201263428 -92.3642807006836 0.04405757039785385 0.997593104839325 -0.05354227498173714 -9.043543815612793 0.9064865708351135 -0.01739123836159706 0.42187634110450745 104.85432434082031
0.42473307251930237 -0.06768890470266342 -0.902784526348114 -93.40425109863281 0.04257277399301529 0.9975911378860474 -0.05476808920502663 -9.124177932739258 0.9043170213699341 -0.015172229148447514 0.4265916347503662 105.33692932128906
0.43126583099365234 -0.06739962100982666 -0.899703860282898 -94.42813110351562 0.042298007756471634 0.9976196885108948 -0.0544595792889595 -9.208846092224121 0.9012328386306763 -0.014569131657481194 0.4330901503562927 105.81477355957031
0.43762585520744324 -0.0663459524512291 -0.8967061638832092 -95.43074798583984 0.04110565036535263 0.9977075457572937 -0.05375780165195465 -9.283384323120117 0.8982170820236206 -0.013333888724446297 0.43934980034828186 106.31097412109375
0.4465866684913635 -0.0646376833319664 -0.8924024701118469 -96.44630432128906 0.03963515907526016 0.9978373050689697 -0.05243972688913345 -9.36125373840332 0.8938620090484619 -0.011951633729040623 0.44818270206451416 106.79761505126953
0.455002099275589 -0.06429677456617355 -0.8881661295890808 -97.41940307617188 0.03922600671648979 0.9978689551353455 -0.05214322358369827 -9.436817169189453 0.8896260261535645 -0.011113929562270641 0.45655450224876404 107.29810333251953
0.4645175635814667 -0.06405169516801834 -0.8832444548606873 -98.40489196777344 0.0382116436958313 0.9979017376899719 -0.052270133048295975 -9.505550384521484 0.884739100933075 -0.009469827637076378 0.4659903943538666 107.80879974365234
0.47460129857063293 -0.06424771994352341 -0.8778529763221741 -99.3783187866211 0.03711117058992386 0.9979063868522644 -0.052970364689826965 -9.58920669555664 0.8794181942939758 -0.007438345346599817 0.4759918451309204 108.32772064208984
0.4844202697277069 -0.06598003953695297 -0.8723437786102295 -100.3399658203125 0.03583013266324997 0.997811496257782 -0.05557304993271828 -9.65885066986084 0.8741013407707214 -0.004335480276495218 0.48572424054145813 108.86294555664062
0.49604013562202454 -0.0673292800784111 -0.8656852841377258 -101.29446411132812 0.03421798720955849 0.9977303743362427 -0.05799218267202377 -9.728924751281738 0.8676251769065857 -0.0008555606473237276 0.49721813201904297 109.40260314941406
0.5086323618888855 -0.06547071039676666 -0.8584910035133362 -102.24224853515625 0.03209075331687927 0.9978533387184143 -0.057085949927568436 -9.807968139648438 0.860385537147522 0.0014861414674669504 0.5096414685249329 109.95349884033203
0.5212920904159546 -0.0623052753508091 -0.8511008024215698 -103.16828155517578 0.029749399051070213 0.9980517625808716 -0.05484163761138916 -9.888611793518066 0.852859616279602 0.0032687755301594734 0.5221300721168518 110.51007080078125
0.5336867570877075 -0.05984000116586685 -0.8435624241828918 -104.08104705810547 0.028965933248400688 0.9982014894485474 -0.052484139800071716 -9.966133117675781 0.8451859951019287 0.0035755126737058163 0.534460186958313 111.08294677734375
0.5456386208534241 -0.059156470000743866 -0.8359299898147583 -104.98202514648438 0.028944840654730797 0.99824059009552 -0.05174949765205383 -10.037745475769043 0.8375204801559448 0.004040664993226528 0.546390950679779 111.66291046142578
