1.0 0.0 0.0 0.0 0.0 1.0 0.0 0.0 0.0 0.0 1.0 0.0
0.9998737573623657 0.0015176921151578426 0.015817008912563324 0.010558942332863808 -0.0015027179615572095 0.9999983906745911 -0.0009585520019754767 -0.0031083037611097097 -0.015818437561392784 0.0009346624719910324 0.999874472618103 0.12627938389778137
0.9992918372154236 0.0043084449134767056 0.03738008439540863 0.02703731879591942 -0.004296226892620325 0.999990701675415 -0.0004071789444424212 -0.0047088428400456905 -0.03738148882985115 0.0002462972770445049 0.999301016330719 0.2725646495819092
0.9978959560394287 0.005964677315205336 0.06456103920936584 0.05650072917342186 -0.006039956584572792 0.9999812841415405 0.0009709009900689125 -0.005003179423511028 -0.06455403566360474 -0.0013588039437308908 0.9979133009910583 0.43631622195243835
0.9951273798942566 0.005719819106161594 0.09843140840530396 0.10210289806127548 -0.006063527427613735 0.999976634979248 0.003193067852407694 -0.004118432756513357 -0.09841085225343704 -0.003774351440370083 0.9951387047767639 0.6078501343727112
0.9906266927719116 0.0025850932579487562 0.1365721970796585 0.16327285766601562 -0.003333475673571229 0.9999805688858032 0.005251338705420494 -0.0057807196862995625 -0.1365559995174408 -0.005657377187162638 0.9906162023544312 0.7919996976852417
0.9843457341194153 -0.00020682811737060547 0.1762486696243286 0.23665259778499603 -0.0007688819896429777 0.9999848008155823 0.005467673763632774 -0.004963596351444721 -0.17624711990356445 -0.005517595447599888 0.9843304753303528 0.986904501914978
0.975545346736908 -0.00048572703963145614 0.21979838609695435 0.31879666447639465 -0.0010117649799212813 0.9999770522117615 0.006700405851006508 -0.0015592749696224928 -0.2197965830564499 -0.006758933421224356 0.9755223393440247 1.1906388998031616
0.9634170532226562 -0.00026522146072238684 0.26800692081451416 0.41216787695884705 -0.002386147156357765 0.9999514222145081 0.009567154571413994 0.0012633604928851128 -0.2679964005947113 -0.009856662712991238 0.9633695483207703 1.4044798612594604
0.9489296674728394 -0.0038326065987348557 0.3154643476009369 0.5288547277450562 -0.0015111406100913882 0.9998595118522644 0.016692964360117912 -0.002916102996096015 -0.3154839873313904 -0.016317160800099373 0.9487906098365784 1.61729896068573
0.9319702982902527 -0.013236268423497677 0.36229291558265686 0.6704574227333069 0.004548018332570791 0.9996815323829651 0.02482365071773529 -0.008270250633358955 -0.36250609159469604 -0.021487196907401085 0.9317336678504944 1.8260732889175415
0.9105576276779175 -0.01844753324985504 0.4129702150821686 0.824230432510376 0.0071367863565683365 0.9995564222335815 0.028914660215377808 -0.003996085841208696 -0.4133204519748688 -0.0233811866492033 0.9102854132652283 2.0502967834472656
0.8851123452186584 -0.019786275923252106 0.46495646238327026 0.9917321801185608 0.005100755952298641 0.999448299407959 0.03282160684466362 0.00015773122140672058 -0.46534931659698486 -0.026679180562496185 0.8847249746322632 2.2776527404785156
0.8568641543388367 -0.022288993000984192 0.5150603652000427 1.1828004121780396 0.0035057556815445423 0.9992938041687012 0.037411730736494064 0.00404315534979105 -0.5155304074287415 -0.030251096934080124 0.8563371300697327 2.496089220046997
0.8243685960769653 -0.026595499366521835 0.5654282569885254 1.3652849197387695 0.0037096862215548754 0.9991280436515808 0.04158646613359451 0.007196691818535328 -0.5660411715507507 -0.032185010612010956 0.8237483501434326 2.693483352661133
0.7882075309753418 -0.03226165845990181 0.6145632863044739 1.591482400894165 0.005766998510807753 0.9989683032035828 0.04504464194178581 0.00852358341217041 -0.6153823733329773 -0.031960342079401016 0.7875804305076599 2.9036502838134766
0.7497384548187256 -0.03605487197637558 0.6607513427734375 1.8299834728240967 0.0060916440561413765 0.9988482594490051 0.047591596841812134 0.015559094958007336 -0.6617062091827393 -0.031656183302402496 0.7490946054458618 3.1141815185546875
0.7096734046936035 -0.039253219962120056 0.7034363746643066 2.1031274795532227 0.007219175808131695 0.9987993836402893 0.04845191538333893 0.028102504089474678 -0.7044938206672668 -0.0293068028986454 0.7091048955917358 3.3208351135253906
0.6671910285949707 -0.04117525368928909 0.7437477707862854 2.4071426391601562 0.0062628542073071 0.9987457990646362 0.04967423155903816 0.045005615800619125 -0.7448602914810181 -0.02848421223461628 0.6666121482849121 3.5446436405181885
0.6243706941604614 -0.04054015129804611 0.7800753712654114 2.7166714668273926 0.0005724621587432921 0.9986757636070251 0.05144250765442848 0.06220601871609688 -0.7811278700828552 -0.0316726379096508 0.6235671639442444 3.757155656814575
0.5825135111808777 -0.041177019476890564 0.8117774128913879 3.06919527053833 -0.0024139080196619034 0.9986239075660706 0.05238688364624977 0.07820791751146317 -0.8128174543380737 -0.03247562050819397 0.5816124677658081 3.967176675796509
0.5420498847961426 -0.042316876351833344 0.8392801284790039 3.442253828048706 -0.0040057688020169735 0.9985898733139038 0.05293647199869156 0.10023774206638336 -0.8403366208076477 -0.03205617517232895 0.5411160588264465 4.177493095397949
0.5028896927833557 -0.044315580278635025 0.863213837146759 3.851193904876709 -0.005944455973803997 0.9984838366508484 0.05472317710518837 0.11947661638259888 -0.8643300533294678 -0.032651059329509735 0.5018638372421265 4.387894153594971
0.46576783061027527 -0.04441206902265549 0.8837918043136597 4.286286354064941 -0.008633308112621307 0.9984642267227173 0.054724399000406265 0.13340193033218384 -0.8848647475242615 -0.03311891481280327 0.46466904878616333 4.582221508026123
0.42933639883995056 -0.04330913722515106 0.9021056294441223 4.748331546783447 -0.00982869602739811 0.9985662698745728 0.052617862820625305 0.15802806615829468 -0.9030911922454834 -0.03145728260278702 0.42829522490501404 4.779397487640381
0.3954964280128479 -0.041935503482818604 0.9175096750259399 5.2398152351379395 -0.008616301231086254 0.9987437725067139 0.04936246946454048 0.18005594611167908 -0.9184271097183228 -0.027428217232227325 0.3946382701396942 4.96290397644043
0.36638709902763367 -0.04010117053985596 0.9295979142189026 5.759686470031738 -0.006326680537313223 0.9989403486251831 0.04558604583144188 0.2051502913236618 -0.9304410219192505 -0.022583412006497383 0.3657451868057251 5.133012771606445
0.34165486693382263 -0.03798629716038704 0.9390575289726257 6.311901092529297 -0.005031346343457699 0.9990946650505066 0.04224543273448944 0.23340114951133728 -0.9398120641708374 -0.019158080220222473 0.34115442633628845 5.30432653427124
0.320639431476593 -0.03733332082629204 0.946465253829956 6.891568183898926 -0.004157695919275284 0.9991579651832581 0.04082030430436134 0.2588760256767273 -0.9471921920776367 -0.017023716121912003 0.3202141523361206 5.505243301391602
0.30623820424079895 -0.037632450461387634 0.9512107372283936 7.492414474487305 -0.0033808890730142593 0.9991690516471863 0.04061827063560486 0.2866506576538086 -0.951948881149292 -0.015654806047677994 0.30585649609565735 5.683443069458008
0.2943800389766693 -0.03893391042947769 0.95489501953125 8.118590354919434 -0.0023036219645291567 0.9991379976272583 0.041447997093200684 0.31156039237976074 -0.9556856751441956 -0.014401181600987911 0.2940366268157959 5.8717732429504395
0.2839943468570709 -0.040690649300813675 0.957962155342102 8.771282196044922 -0.003475203877314925 0.9990488290786743 0.043466102331876755 0.3373953402042389 -0.9588196873664856 -0.015673240646719933 0.28358277678489685 6.047606945037842
0.2732956111431122 -0.04279205575585365 0.9609777927398682 9.452642440795898 -0.00524310115724802 0.9989288449287415 0.045973122119903564 0.3538101315498352 -0.9619157314300537 -0.01760275848209858 0.2727785110473633 6.251774311065674
0.26347026228904724 -0.04454127326607704 0.9636386632919312 10.15498161315918 -0.0061020804569125175 0.9988365173339844 0.04783656820654869 0.3830508887767792 -0.9646481275558472 -0.018483716994524002 0.26289188861846924 6.438326358795166
0.2532551884651184 -0.046270232647657394 0.9662923812866211 10.86889362335205 -0.007075033616274595 0.9987401366233826 0.04967827349901199 0.4135845899581909 -0.9673735499382019 -0.019417833536863327 0.2526088356971741 6.621361255645752
0.2429846227169037 -0.047629814594984055 0.9688600301742554 11.603748321533203 -0.006694475654512644 0.9986876249313354 0.05077509954571724 0.4461159408092499 -0.9700070023536682 -0.01882358081638813 0.2423468977212906 6.8026323318481445
0.23241455852985382 -0.048949938267469406 0.9713843464851379 12.400120735168457 -0.0072229281067848206 0.9986183047294617 0.05205048620700836 0.47970879077911377 -0.972589910030365 -0.019113529473543167 0.23173989355564117 6.996303081512451
0.22191204130649567 -0.05166598781943321 0.9736968874931335 13.175012588500977 -0.008525891229510307 0.9984541535377502 0.05492275580763817 0.5157070159912109 -0.9750293493270874 -0.020489655435085297 0.22112849354743958 7.171374797821045
0.2104593962430954 -0.05519570782780647 0.976043164730072 13.963400840759277 -0.010016880929470062 0.9982306361198425 0.05861031264066696 0.5534030795097351 -0.9775512218475342 -0.022112000733613968 0.20953412353992462 7.345212936401367
0.19862009584903717 -0.059313710778951645 0.9782800674438477 14.757559776306152 -0.010604006238281727 0.9979784488677979 0.06266096979379654 0.5863774418830872 -0.9800191521644592 -0.02281942032277584 0.19758963584899902 7.499634742736816
0.18536090850830078 -0.06196688860654831 0.9807146787643433 15.553292274475098 -0.011805850081145763 0.9977973103523254 0.06527762115001678 0.6166685223579407 -0.9825996160507202 -0.023678092285990715 0.1842210441827774 7.654916286468506
0.17107592523097992 -0.062379542738199234 0.983281135559082 16.361242294311523 -0.012168295681476593 0.9977838397026062 0.06541669368743896 0.6558886766433716 -0.9851827025413513 -0.023156076669692993 0.16993774473667145 7.796206474304199
0.15676021575927734 -0.061035510152578354 0.985748827457428 17.1705265045166 -0.01403250452131033 0.9978501796722412 0.06401632726192474 0.6990587711334229 -0.9875370264053345 -0.023867739364504814 0.15556670725345612 7.925327777862549
0.14043471217155457 -0.06013144925236702 0.9882622957229614 18.00200080871582 -0.014130945317447186 0.997930645942688 0.06272777915000916 0.7372187972068787 -0.989989161491394 -0.022774236276745796 0.13929438591003418 8.03254222869873
0.11987168341875076 -0.05874466150999069 0.9910498261451721 18.811756134033203 -0.017057526856660843 0.9979786276817322 0.061218541115522385 0.7676231265068054 -0.9926428198814392 -0.024243230000138283 0.11862734705209732 8.13369083404541
0.0938263088464737 -0.057236019521951675 0.9939420223236084 19.64505958557129 -0.021814344450831413 0.997988224029541 0.059528253972530365 0.8066272139549255 -0.9953495264053345 -0.027267510071396828 0.09238899499177933 8.214807510375977
0.06333644688129425 -0.05712403357028961 0.9963560700416565 20.472972869873047 -0.025813963264226913 0.9979327321052551 0.05885537713766098 0.8362976312637329 -0.9976582527160645 -0.029447589069604874 0.061730921268463135 8.269110679626465
0.03086179681122303 -0.056980058550834656 0.9978981614112854 21.33255386352539 -0.028639769181609154 0.9979134798049927 0.057866666465997696 0.870863676071167 -0.9991132616996765 -0.030365440994501114 0.029165497049689293 8.28471565246582
-0.003920244053006172 -0.056801874190568924 0.9983777403831482 22.191951751708984 -0.030996238812804222 0.9979126453399658 0.0566537007689476 0.896503746509552 -0.9995117783546448 -0.03072385862469673 -0.005672711879014969 8.279229164123535
-0.03825791925191879 -0.05488822981715202 0.9977594017982483 23.037399291992188 -0.03169398009777069 0.9980545043945312 0.05368921533226967 0.9305617809295654 -0.9987651109695435 -0.029568921774625778 -0.03992312774062157 8.245205879211426
-0.07139451801776886 -0.05300687253475189 0.9960386753082275 23.883134841918945 -0.033557504415512085 0.9981492757797241 0.05071384459733963 0.959968090057373 -0.9968834519386292 -0.02980387955904007 -0.073041170835495 8.179837226867676
-0.10428818315267563 -0.05004250630736351 0.9932873249053955 24.733186721801758 -0.03590612858533859 0.9982715845108032 0.04652372747659683 0.9869366884231567 -0.9938987493515015 -0.030813224613666534 -0.10590478032827377 8.09133529663086
-0.13623452186584473 -0.04589097946882248 0.9896131157875061 25.571239471435547 -0.032548367977142334 0.9985945224761963 0.04182672128081322 1.0017424821853638 -0.9901418089866638 -0.02651204727590084 -0.13753674924373627 7.958059310913086
-0.16728238761425018 -0.03973744064569473 0.9851078987121582 26.399450302124023 -0.02766191028058529 0.9989832043647766 0.035599835216999054 1.0185602903366089 -0.9855208396911621 -0.021294739097356796 -0.16821150481700897 7.803016662597656
-0.19792571663856506 -0.033515624701976776 0.9796438813209534 27.229251861572266 -0.021245142444968224 0.9993271231651306 0.029896697029471397 1.030385971069336 -0.9799867868423462 -0.014895346947014332 -0.19850459694862366 7.618570804595947
-0.22686603665351868 -0.027853408828377724 0.9735276103019714 28.053176879882812 -0.014730489812791348 0.9995747208595276 0.025165921077132225 1.0355943441390991 -0.9738145470619202 -0.008631243370473385 -0.2271798551082611 7.409036636352539
-0.2542044520378113 -0.02137713134288788 0.966914176940918 28.871232986450195 -0.006990733090788126 0.9997701644897461 0.020265644416213036 1.046311616897583 -0.9671252369880676 -0.001607821206562221 -0.2542954385280609 7.175598621368408
-0.28052809834480286 -0.010819420218467712 0.9597848057746887 29.678831100463867 -0.0008999144192785025 0.9999390244483948 0.011009041219949722 1.04147469997406 -0.9598454236984253 0.002224621130153537 -0.2805207073688507 6.921746253967285
-0.30581045150756836 0.004505275748670101 0.9520817399024963 30.462491989135742 0.0035790607798844576 0.9999871253967285 -0.0035823648795485497 1.0269086360931396 -0.9520856738090515 0.0023120332043617964 -0.3058226704597473 6.659038066864014
-0.3306127190589905 0.021731413900852203 0.9435162544250488 31.233997344970703 0.004925007000565529 0.9997609853744507 -0.021301114931702614 1.002758502960205 -0.9437536001205444 -0.002395595656707883 -0.3306407332420349 6.3779096603393555
-0.35557836294174194 0.0366264209151268 0.9339284896850586 32.01509475708008 0.004718409385532141 0.9992895126342773 -0.03739325329661369 0.9764841198921204 -0.9346345663070679 -0.0088895782828331 -0.3554985523223877 6.074660778045654
-0.37988296151161194 0.04685439169406891 0.9238471388816833 32.777183532714844 0.008436293341219425 0.998850405216217 -0.047189321368932724 0.930946409702301 -0.9249961376190186 -0.010132573544979095 -0.37984150648117065 5.7498321533203125
-0.4033311903476715 0.05114780366420746 0.9136234521865845 33.525760650634766 0.01167658343911171 0.9986430406570435 -0.05075271055102348 0.8811810612678528 -0.9149796366691589 -0.009802151471376419 -0.4033811092376709 5.40562105178833
-0.4258556365966797 0.05087023600935936 0.9033599495887756 34.27277374267578 0.015215964987874031 0.9986796975135803 -0.04906490072607994 0.8291453719139099 -0.9046631455421448 -0.007149072363972664 -0.42606741189956665 5.049774646759033
-0.4459450840950012 0.046454716473817825 0.8938539624214172 35.00312423706055 0.01821201853454113 0.9989163875579834 -0.042828936129808426 0.7759281992912292 -0.8948749899864197 -0.002820471068844199 -0.446307897567749 4.669210433959961
-0.4640091061592102 0.04522169381380081 0.8846753239631653 35.73219680786133 0.02588210254907608 0.9989617466926575 -0.03748857229948044 0.7280167937278748 -0.885452151298523 0.005502217914909124 -0.46469780802726746 4.2735514640808105
-0.47785723209381104 0.04550005868077278 0.87725830078125 36.4376335144043 0.027971021831035614 0.9989393353462219 -0.03657490760087967 0.6809244751930237 -0.8779919743537903 0.007060225587338209 -0.47862309217453003 3.88342547416687
-0.48839810490608215 0.049954742193222046 0.8711898922920227 37.1320686340332 0.03262186795473099 0.9987074136734009 -0.038978543132543564 0.6311401724815369 -0.8720109462738037 0.009382793679833412 -0.48939648270606995 3.476773500442505
-0.49842074513435364 0.05230657011270523 0.8653558492660522 37.82167434692383 0.03336038067936897 0.9985960721969604 -0.041145648807287216 0.5847853422164917 -0.86629319190979 0.008360753767192364 -0.4994659423828125 3.0726447105407715
-0.5089644193649292 0.051629792898893356 0.859237790107727 38.521846771240234 0.027302084490656853 0.9986655712127686 -0.04383549466729164 0.5331385731697083 -0.8603543639183044 0.0011482770787552 -0.5096949338912964 2.66646409034729
-0.5201743841171265 0.0507056899368763 0.85255366563797 39.207908630371094 0.02691706269979477 0.998713493347168 -0.042975474148988724 0.48825833201408386 -0.853635847568512 0.000593502598349005 -0.5208699703216553 2.252967119216919
-0.5287830233573914 0.05143249034881592 0.8471972942352295 39.877685546875 0.028987951576709747 0.9986742734909058 -0.04253551363945007 0.4386643171310425 -0.848261833190918 0.0020664543844759464 -0.5295730233192444 1.8307801485061646
-0.5360817909240723 0.054325856268405914 0.8424161076545715 40.568111419677734 0.030968012288212776 0.9985209703445435 -0.04468588903546333 0.4004438519477844 -0.8435978293418884 0.0021326576825231314 -0.5369712710380554 1.3874826431274414
-0.5396072864532471 0.057340916246175766 0.8399618864059448 41.260677337646484 0.032684020698070526 0.9983527064323425 -0.04715680330991745 0.3532327115535736 -0.8412822484970093 0.0020071801263839006 -0.5405925512313843 0.9427716732025146
-0.5396151542663574 0.059251777827739716 0.8398241996765137 41.972198486328125 0.031576354056596756 0.998242974281311 -0.050139762461185455 0.31034547090530396 -0.8413195013999939 -0.0005375894252210855 -0.54053795337677 0.4974714517593384
-0.536260724067688 0.05951528996229172 0.8419515490531921 42.67393493652344 0.034129370003938675 0.998224139213562 -0.048823900520801544 0.25579676032066345 -0.8433621525764465 0.0025529377162456512 -0.5373396873474121 0.04517393186688423
-0.5301581621170044 0.0584808774292469 0.8458795547485352 43.41293716430664 0.03177420049905777 0.9982881546020508 -0.049103230237960815 0.20675216615200043 -0.8473030924797058 0.000844666501507163 -0.5311088562011719 -0.41619375348091125
-0.523210883140564 0.057459406554698944 0.8502638936042786 44.175437927246094 0.029919244349002838 0.998347818851471 -0.04905581474304199 0.1578563004732132 -0.8516778945922852 -0.00022727824398316443 -0.5240655541419983 -0.8760567307472229
-0.5161579847335815 0.056735809892416 0.8546121716499329 44.953086853027344 0.028096696361899376 0.9983881115913391 -0.049311283975839615 0.10210691392421722 -0.8560324311256409 -0.0014406354166567326 -0.5169201493263245 -1.337692141532898
-0.5096188187599182 0.05546972528100014 0.8586103320121765 45.7411003112793 0.025757629424333572 0.9984560608863831 -0.04921615123748779 0.04613858088850975 -0.8600146770477295 -0.0029657064005732536 -0.5102606415748596 -1.8041834831237793
-0.505744993686676 0.05312563478946686 0.8610456585884094 46.54188537597656 0.021044079214334488 0.9985647201538086 -0.04924994334578514 -0.005325870122760534 -0.8624262809753418 -0.0067879995331168175 -0.5061370730400085 -2.2555296421051025
-0.5040265917778015 0.05024513602256775 0.8622254133224487 47.3679313659668 0.016461625695228577 0.9986838698387146 -0.04857420176267624 -0.05907437205314636 -0.8635312914848328 -0.010289056226611137 -0.5041903257369995 -2.7317678928375244
-0.5045878887176514 0.047594841569662094 0.8620474338531494 48.20199966430664 0.014250519685447216 0.9988025426864624 -0.04680391773581505 -0.12648747861385345 -0.8632426857948303 -0.011332066729664803 -0.5046619176864624 -3.2055366039276123
-0.5056090354919434 0.04647783935070038 0.8615098595619202 49.04581832885742 0.013388756662607193 0.9988503456115723 -0.046029575169086456 -0.18415412306785583 -0.8626587390899658 -0.011738422326743603 -0.5056501030921936 -3.6934051513671875
-0.506027102470398 0.04571401700377464 0.861305296421051 49.9094123840332 0.012798026204109192 0.9988824129104614 -0.04549697786569595 -0.23840726912021637 -0.8624226450920105 -0.011999694630503654 -0.5060466527938843 -4.1949591636657715
-0.5060394406318665 0.04536838084459305 0.8613162636756897 50.776554107666016 0.01282478403300047 0.9989010095596313 -0.045080628246068954 -0.29311177134513855 -0.8624149560928345 -0.01176638063043356 -0.5060651302337646 -4.70221471786499
-0.5063095688819885 0.044207748025655746 0.8612179756164551 51.65202713012695 0.012708303518593311 0.9989591836929321 -0.043807029724121094 -0.350668340921402 -0.8622583150863647 -0.011235295794904232 -0.5063443183898926 -5.210132598876953
-0.506361186504364 0.044082339853048325 0.8611940741539001 52.53832244873047 0.012776525691151619 0.99896639585495 -0.043622273951768875 -0.4096784293651581 -0.8622268438339233 -0.01108555682003498 -0.5064008831977844 -5.727829456329346
-0.5066279172897339 0.042533908039331436 0.861115038394928 53.43426513671875 0.010636462830007076 0.999014675617218 -0.04308747500181198 -0.46551209688186646 -0.8620992302894592 -0.012670096941292286 -0.5065810680389404 -6.2503862380981445
-0.506812334060669 0.041570212692022324 0.8610536456108093 54.315250396728516 0.009611494839191437 0.9990469813346863 -0.04257503151893616 -0.5267239809036255 -0.8620028495788574 -0.013301537372171879 -0.5067289471626282 -6.756419658660889
-0.5063127279281616 0.04093710705637932 0.8613777756690979 55.203033447265625 0.008734514936804771 0.9990647435188293 -0.042346611618995667 -0.5893984436988831 -0.862305760383606 -0.01391691341996193 -0.5061967968940735 -7.268532752990723
-0.5049095749855042 0.03931984305381775 0.8622761964797974 56.08607482910156 0.00820763036608696 0.9991354942321777 -0.040754612535238266 -0.6457970142364502 -0.8631331920623779 -0.013500153087079525 -0.5047959089279175 -7.787563800811768
-0.5027232766151428 0.037318337708711624 0.8636415004730225 56.97175216674805 0.008435866795480251 0.9992319345474243 -0.03826676309108734 -0.7039414644241333 -0.8644062280654907 -0.01195202860981226 -0.5026520490646362 -8.300729751586914
-0.5002782940864563 0.03572220727801323 0.8651275634765625 57.858707427978516 0.008938880637288094 0.9993085265159607 -0.03609361872076988 -0.7668502926826477 -0.8658185601234436 -0.010323576629161835 -0.5002516508102417 -8.810799598693848
-0.49770405888557434 0.035596463829278946 0.8666162490844727 58.744224548339844 0.009266322478652 0.9993186593055725 -0.03572554513812065 -0.8211451768875122 -0.8672975301742554 -0.009750399738550186 -0.4976947605609894 -9.315382957458496
-0.4957139790058136 0.035864442586898804 0.8677449822425842 59.62933349609375 0.00908212922513485 0.9993063807487488 -0.036113642156124115 -0.876547634601593 -0.8684384226799011 -0.01002106536179781 -0.4956958591938019 -9.815978050231934
-0.49474969506263733 0.03637523949146271 0.8682740330696106 60.510040283203125 0.009028131142258644 0.9992847442626953 -0.03671947866678238 -0.9290899634361267 -0.8689886331558228 -0.01032805722206831 -0.4947243332862854 -10.31743335723877
-0.4955427944660187 0.03833385556936264 0.8677372336387634 61.38486862182617 0.00898592546582222 0.9991983771324158 -0.039009757339954376 -0.9843934774398804 -0.8685370683670044 -0.011533580720424652 -0.49549007415771484 -10.812355995178223
-0.498805433511734 0.03990498185157776 0.8657948970794678 62.257076263427734 0.007573153357952833 0.9991021156311035 -0.041686106473207474 -1.0446958541870117 -0.866680920124054 -0.014236457645893097 -0.49865975975990295 -11.302349090576172
-0.5031400322914124 0.0399838350713253 0.8632794618606567 63.13304901123047 0.005843487102538347 0.9990636110305786 -0.04286712780594826 -1.103847622871399 -0.8641851544380188 -0.016523608937859535 -0.502902626991272 -11.812267303466797
-0.5087653398513794 0.0386786051094532 0.8600359559059143 63.99630355834961 0.007346519269049168 0.9991489052772522 -0.04058903828263283 -1.1623117923736572 -0.8608739376068115 -0.014332028105854988 -0.5086165070533752 -12.317824363708496
-0.5142878890037537 0.0361856110394001 0.8568539023399353 64.85670471191406 0.008520605973899364 0.9992756843566895 -0.037086088210344315 -1.2229260206222534 -0.8575752973556519 -0.011772014200687408 -0.5142237544059753 -12.831634521484375
-0.5194838047027588 0.03363397717475891 0.8538179397583008 65.70835876464844 0.005661683157086372 0.9993385672569275 -0.03592168539762497 -1.2791459560394287 -0.8544614315032959 -0.013826687820255756 -0.5193307995796204 -13.341893196105957
-0.5246203541755676 0.03722456470131874 0.8505220413208008 66.55386352539062 0.007969202473759651 0.9992145895957947 -0.03881677985191345 -1.3329654932022095 -0.8512989282608032 -0.013586089946329594 -0.5245050191879272 -13.859042167663574
-0.5299095511436462 0.03878612443804741 0.8471667766571045 67.39604949951172 0.008134700357913971 0.9991400837898254 -0.04065566137433052 -1.3834466934204102 -0.848015308380127 -0.014652369543910027 -0.5297693014144897 -14.375118255615234
-0.5347871780395508 0.039573539048433304 0.8440596461296082 68.22299194335938 0.0066364118829369545 0.9990686178207397 -0.04263634234666824 -1.4417046308517456 -0.8449607491493225 -0.017199840396642685 -0.5345515608787537 -14.887093544006348
-0.538116455078125 0.03982998803257942 0.8419288992881775 69.02999114990234 0.005927599500864744 0.999036967754364 -0.04347384348511696 -1.5004364252090454 -0.8428496718406677 -0.018403377383947372 -0.5378343462944031 -15.40822982788086
-0.5410422682762146 0.03963521122932434 0.8400608897209167 69.83763122558594 0.007394266314804554 0.999074399471283 -0.04237539321184158 -1.5566569566726685 -0.8409628868103027 -0.01671524904668331 -0.5408346056938171 -15.934372901916504
-0.5429433584213257 0.03244727849960327 0.8391422629356384 70.66574096679688 0.007459919899702072 0.9994001388549805 -0.03381727635860443 -1.6057288646697998 -0.8397361636161804 -0.012100933119654655 -0.5428597331047058 -16.469541549682617
-0.5458400249481201 0.023180969059467316 0.8375687003135681 71.47651672363281 0.006648118142038584 0.9997055530548096 -0.02333579771220684 -1.663934350013733 -0.837863028049469 -0.007169357500970364 -0.54583340883255 -16.9920711517334
-0.5478329658508301 0.022029032930731773 0.8362976908683777 72.29296112060547 0.007682216819375753 0.9997434616088867 -0.021302001550793648 -1.7032756805419922 -0.8365524411201477 -0.00524531863629818 -0.5478617548942566 -17.51810646057129
-0.548184335231781 0.027061115950345993 0.8359196782112122 73.08086395263672 0.008344418369233608 0.9996036291122437 -0.026887886226177216 -1.7457553148269653 -0.836315929889679 -0.007764255162328482 -0.5481928586959839 -18.040002822875977
-0.5505456924438477 0.03271212801337242 0.8341639041900635 73.87981414794922 0.009298194199800491 0.9994101524353027 -0.033055566251277924 -1.789731740951538 -0.8347532153129578 -0.010442380793392658 -0.5505251884460449 -18.541799545288086
-0.5498479008674622 0.03664545342326164 0.834460437297821 74.65887451171875 0.01527478825300932 0.999311089515686 -0.03381993994116783 -1.8360930681228638 -0.8351250290870667 -0.005849618464708328 -0.550028920173645 -19.08357810974121
-0.5495896935462952 0.038188595324754715 0.8345614671707153 75.44947052001953 0.018958471715450287 0.999267578125 -0.033240512013435364 -1.885338544845581 -0.8352195620536804 -0.0024466339964419603 -0.5499111413955688 -19.616254806518555
-0.549348771572113 0.034814056009054184 0.8348675966262817 76.25473022460938 0.017421428114175797 0.9993917346000671 -0.030211307108402252 -1.927463412284851 -0.835411548614502 -0.002051957417279482 -0.5496211051940918 -20.13532066345215
-0.5488021373748779 0.029966775327920914 0.8354150056838989 77.04731750488281 0.01528173964470625 0.9995498657226562 -0.02581547573208809 -1.9620591402053833 -0.8358126282691956 -0.001400994136929512 -0.5490130186080933 -20.652875900268555
-0.548080325126648 0.02263057976961136 0.8361194729804993 77.83162689208984 0.012796484865248203 0.9997437596321106 -0.018671104684472084 -2.014842987060547 -0.8363277912139893 0.00046612179721705616 -0.548229455947876 -21.15118408203125
-0.5475927591323853 0.01763462834060192 0.8365590572357178 78.6612319946289 0.004481492564082146 0.9998254776000977 -0.018142787739634514 -2.0434327125549316 -0.8367328643798828 -0.006185829173773527 -0.5475762486457825 -21.682992935180664
-0.5458728671073914 0.012409363873302937 0.8377760648727417 79.45774841308594 -0.003490906674414873 0.9998480081558228 -0.017084598541259766 -2.068636178970337 -0.8378607630729675 -0.01225061621516943 -0.5457465648651123 -22.185678482055664
-0.5435444712638855 0.013531296513974667 0.8392713069915771 80.2402114868164 0.0003977547457907349 0.9998740553855896 -0.015863042324781418 -2.1036086082458496 -0.8393802642822266 -0.008288444951176643 -0.5434814691543579 -22.699968338012695
-0.5410758852958679 0.0163564570248127 0.8408146500587463 81.02323150634766 0.0047565544955432415 0.999854326248169 -0.01638936437666416 -2.147477149963379 -0.8409602642059326 -0.004868508782237768 -0.5410749316215515 -23.19115447998047
-0.5358827114105225 0.01939111389219761 0.8440697193145752 81.82832336425781 0.006239317823201418 0.9997998476028442 -0.019007543101906776 -2.1718859672546387 -0.8442693948745728 -0.004919393919408321 -0.535896360874176 -23.69493865966797
-0.5272659063339233 0.022080104798078537 0.8494134545326233 82.61812591552734 0.011977828107774258 0.9997560977935791 -0.018553059548139572 -2.20719051361084 -0.8496159315109253 0.00039173391996882856 -0.5274016857147217 -24.210702896118164
-0.5191248059272766 0.02544780634343624 0.8543195724487305 83.4111328125 0.019585298374295235 0.9996482729911804 -0.017875798046588898 -2.2455620765686035 -0.8544740080833435 0.007452331483364105 -0.5194406509399414 -24.701953887939453
-0.5101458430290222 0.024653447791934013 0.8597345352172852 84.21163940429688 0.016412848606705666 0.9996861219406128 -0.01892765983939171 -2.269886016845703 -0.8599312901496887 0.004454826470464468 -0.5103903412818909 -25.156288146972656
-0.4996525049209595 0.021707773208618164 0.8659539818763733 85.04019927978516 0.013572389259934425 0.9997594356536865 -0.017230793833732605 -2.3020849227905273 -0.8661195039749146 0.003143655601888895 -0.49982693791389465 -25.617145538330078
-0.48726707696914673 0.018949488177895546 0.8730473518371582 85.84915924072266 0.014090323820710182 0.9998049736022949 -0.013836636207997799 -2.3298099040985107 -0.8731392621994019 0.005559380631893873 -0.48743903636932373 -26.078054428100586
-0.4760088622570038 0.017934568226337433 0.8792575597763062 86.66207885742188 0.013805956579744816 0.9998211860656738 -0.012919538654386997 -2.363309860229492 -0.8793321251869202 0.005989175755530596 -0.4761714041233063 -26.514665603637695
-0.4643517732620239 0.017306549474596977 0.8854817152023315 87.4774398803711 0.013959276489913464 0.9998279213905334 -0.01222109142690897 -2.3867578506469727 -0.8855409026145935 0.006685798056423664 -0.4645134508609772 -26.932044982910156
-0.4525187611579895 0.018380817025899887 0.8915653824806213 88.31782531738281 0.015426045283675194 0.9997993111610413 -0.012782631441950798 -2.417046308517456 -0.891621470451355 0.007968947291374207 -0.45271146297454834 -27.353103637695312
-0.44032561779022217 0.02240811288356781 0.8975583910942078 89.1541976928711 0.014536021277308464 0.999735414981842 -0.017827926203608513 -2.4459316730499268 -0.897720456123352 0.005196833051741123 -0.4405348598957062 -27.764297485351562
-0.42916765809059143 0.031721048057079315 0.9026676416397095 89.9767837524414 0.017070578411221504 0.9994894862174988 -0.027007408440113068 -2.478071451187134 -0.9030635356903076 0.0038183515425771475 -0.4294900894165039 -28.147911071777344
-0.41587233543395996 0.03640100359916687 0.9086942076683044 90.81560516357422 0.016187509521842003 0.9993366003036499 -0.03262365236878395 -2.5094621181488037 -0.909278929233551 0.0011422228999435902 -0.4161857068538666 -28.536123275756836
-0.4048824608325958 0.032303400337696075 0.9137978553771973 91.66810607910156 0.013583270832896233 0.9994779825210571 -0.029313819482922554 -2.5545926094055176 -0.9142677783966064 0.0005437134532257915 -0.40510988235473633 -28.907791137695312
-0.3929482102394104 0.028511248528957367 0.9191185832023621 92.50288391113281 0.01125086285173893 0.9995934963226318 -0.02619755268096924 -2.5921056270599365 -0.9194917678833008 4.659387195715681e-05 -0.39310935139656067 -29.25815773010254
-0.38309067487716675 0.029159780591726303 0.9232503175735474 93.33935546875 0.008546072989702225 0.9995707869529724 -0.02802419103682041 -2.6364176273345947 -0.9236711859703064 -0.0028456435538828373 -0.38317546248435974 -29.595670700073242
-0.376638263463974 0.033354245126247406 0.9257596731185913 94.19011688232422 0.00421355152502656 0.9994029998779297 -0.0342932865023613 -2.6849312782287598 -0.9263508915901184 -0.009015428833663464 -0.3765539526939392 -29.924968719482422
-0.3714602291584015 0.038147974759340286 0.9276648163795471 95.01779174804688 -0.0029283789917826653 0.9991024136543274 -0.04225827008485794 -2.7264227867126465 -0.9284441471099854 -0.01841382309794426 -0.37101513147354126 -30.244205474853516
-0.3680846393108368 0.04020894318819046 0.9289224147796631 95.86173248291016 -0.005295836366713047 0.9989576935768127 -0.04533892124891281 -2.7774248123168945 -0.9297771453857422 -0.021607983857393265 -0.36748799681663513 -30.567575454711914
-0.3643934428691864 0.04001861438155174 0.9303848743438721 96.6949691772461 -0.0059985266998410225 0.9989546537399292 -0.045317381620407104 -2.8327643871307373 -0.9312257170677185 -0.022094296291470528 -0.3637724816799164 -30.881990432739258
-0.3598565459251404 0.04008161649107933 0.9321463108062744 97.52415466308594 -0.007766486145555973 0.9989135265350342 -0.04595082998275757 -2.8845388889312744 -0.9329752922058105 -0.02377520687878132 -0.35915428400039673 -31.192087173461914
-0.3536823093891144 0.03606118634343147 0.9346702098846436 98.3719253540039 -0.009749213233590126 0.9990600943565369 -0.042234599590301514 -2.938131093978882 -0.9353147745132446 -0.024049928411841393 -0.3529983162879944 -31.508798599243164
-0.348493754863739 0.0318046510219574 0.9367713332176208 99.22807312011719 -0.01059242244809866 0.9992266893386841 -0.037865642458200455 -2.9927499294281006 -0.9372512102127075 -0.02311861701309681 -0.3478873670101166 -31.821619033813477
-0.34288811683654785 0.028667472302913666 0.9389386773109436 100.0689468383789 -0.012853010557591915 0.9992974400520325 -0.03520408272743225 -3.042050838470459 -0.939288318157196 -0.024139253422617912 -0.34227874875068665 -32.11774826049805
-0.3370128273963928 0.026845276355743408 0.9411172270774841 100.92869567871094 -0.0209563709795475 0.9991319179534912 -0.036004576832056046 -3.0931761264801025 -0.9412668943405151 -0.03185641020536423 -0.3361576795578003 -32.40888214111328
-0.3311333954334259 0.027092713862657547 0.9431949257850647 101.77388763427734 -0.02849235013127327 0.9988447427749634 -0.038694221526384354 -3.1375908851623535 -0.9431536793708801 -0.03968677669763565 -0.32997894287109375 -32.68452072143555
-0.3244142234325409 0.031100653111934662 0.9454037547111511 102.61737823486328 -0.02628271095454693 0.9987770318984985 -0.04187534376978874 -3.1898789405822754 -0.9455499053001404 -0.03843272104859352 -0.3232000470161438 -32.968360900878906
-0.3174692988395691 0.03420620039105415 0.9476513266563416 103.46744537353516 -0.02478530816733837 0.9987084865570068 -0.04435238242149353 -3.2401890754699707 -0.9479445815086365 -0.0375683568418026 -0.3162114918231964 -33.247840881347656
-0.3105754256248474 0.03300511837005615 0.9499754905700684 104.32684326171875 -0.026508601382374763 0.9987075924873352 -0.04336467385292053 -3.284511089324951 -0.9501790404319763 -0.038650523871183395 -0.3092990815639496 -33.527748107910156
-0.30396562814712524 0.028073662891983986 0.9522692561149597 105.18245697021484 -0.02686200477182865 0.9989157915115356 -0.03802322596311569 -3.3362343311309814 -0.9523042440414429 -0.03713761642575264 -0.3028819262981415 -33.78950500488281
-0.29634225368499756 0.025100169703364372 0.9547518491744995 106.04988098144531 -0.027402952313423157 0.9990196824073792 -0.034769464284181595 -3.392289638519287 -0.9546886086463928 -0.03646669164299965 -0.2953638732433319 -34.059356689453125
-0.29045671224594116 0.02863847278058529 0.9564594626426697 106.90210723876953 -0.029898125678300858 0.9987925291061401 -0.03898544982075691 -3.432844877243042 -0.9564209580421448 -0.039919935166835785 -0.2892496585845947 -34.29952621459961
-0.2840603291988373 0.031229082494974136 0.9582976698875427 107.75707244873047 -0.02963079698383808 0.9987061023712158 -0.04132913798093796 -3.48429012298584 -0.9583484530448914 -0.04013509675860405 -0.28276750445365906 -34.54680252075195
-0.27724969387054443 0.03164559602737427 0.9602766036987305 108.61433410644531 -0.0316399447619915 0.9986146092414856 -0.042044058442115784 -3.5333058834075928 -0.9602769017219543 -0.04203980043530464 -0.2758643925189972 -34.783355712890625
-0.2703656256198883 0.03135348856449127 0.9622470736503601 109.47611999511719 -0.03158419206738472 0.9986427426338196 -0.04141370207071304 -3.5866174697875977 -0.9622395038604736 -0.04158863425254822 -0.2690083980560303 -35.02143096923828
-0.2620563209056854 0.031177494674921036 0.9645488262176514 110.33671569824219 -0.02766554057598114 0.9988244771957397 -0.03980180248618126 -3.6369211673736572 -0.9646559357643127 -0.037115082144737244 -0.26088574528694153 -35.25701141357422
-0.25438523292541504 0.03244496509432793 0.966558575630188 111.19283294677734 -0.02474934421479702 0.998891294002533 -0.040043994784355164 -3.6871261596679688 -0.9667861461639404 -0.034108299762010574 -0.2533002495765686 -35.48221206665039
-0.24778249859809875 0.032927434891462326 0.9682559370994568 112.05403137207031 -0.023594064638018608 0.9989206790924072 -0.04000810906291008 -3.734391689300537 -0.9685282707214355 -0.03275839611887932 -0.24673819541931152 -35.69794845581055
-0.2412538379430771 0.031836818903684616 0.9699397087097168 112.92330169677734 -0.02979586087167263 0.9987474083900452 -0.04019354656338692 -3.7819936275482178 -0.9700045585632324 -0.03859703242778778 -0.2400030493736267 -35.89574432373047
-0.23535823822021484 0.029918264597654343 0.9714481234550476 113.78770446777344 -0.03464418649673462 0.998632550239563 -0.039148926734924316 -3.8302078247070312 -0.9712910652160645 -0.042869046330451965 -0.23399992287158966 -36.09577941894531
-0.2311570644378662 0.02994244173169136 0.972455620765686 114.66417694091797 -0.03228934481739998 0.9987396001815796 -0.03842706233263016 -3.879343032836914 -0.9723804593086243 -0.040282636880874634 -0.22989888489246368 -36.29393768310547
-0.22661776840686798 0.03013666719198227 0.9735174179077148 115.53274536132812 -0.03042110987007618 0.9988145232200623 -0.03800128027796745 -3.9299302101135254 -0.9735085964202881 -0.03822723776102066 -0.22543232142925262 -36.4879035949707
-0.22155609726905823 0.03192479535937309 0.9746249318122864 116.4056167602539 -0.029208872467279434 0.9987981915473938 -0.03935651108622551 -3.9793920516967773 -0.9747101068496704 -0.0371873676776886 -0.22035737335681915 -36.68861389160156
-0.21548223495483398 0.030523579567670822 0.9760305881500244 117.26152801513672 -0.023435771465301514 0.9990618228912354 -0.036417849361896515 -4.026785373687744 -0.9762265086174011 -0.030721426010131836 -0.2145647257566452 -36.87984848022461
-0.2104247808456421 0.029651690274477005 0.9771602153778076 118.13803100585938 -0.01644989289343357 0.9992910027503967 -0.03386561572551727 -4.067782402038574 -0.977471649646759 -0.023200344294309616 -0.20978781580924988 -37.07257080078125
-0.20485328137874603 0.028736766427755356 0.9783707857131958 119.00700378417969 -0.014354457147419453 0.9993733167648315 -0.03235922008752823 -4.1188130378723145 -0.9786874651908875 -0.020672868937253952 -0.20431238412857056 -37.25677490234375
