1.0 0.0 0.0 0.0 0.0 1.0 0.0 0.0 0.0 0.0 1.0 0.0
0.9998738765716553 0.0014841803349554539 0.015813428908586502 0.010612511076033115 -0.0014693069970235229 0.9999984502792358 -0.000952127214986831 -0.003053668886423111 -0.01581481844186783 0.0009287723223678768 0.9998745322227478 0.12633755803108215
0.9992921948432922 0.004319553263485432 0.037368446588516235 0.027213137596845627 -0.004307543393224478 0.9999906420707703 -0.0004019054176751524 -0.004785292316228151 -0.03736983239650726 0.0002406547573627904 0.9993014931678772 0.2725686728954315
0.9978960752487183 0.005985126830637455 0.06455691903829575 0.05667255073785782 -0.0060610282234847546 0.999981164932251 0.0009799489052966237 -0.00527856033295393 -0.06454984098672867 -0.0013691685162484646 0.9979135394096375 0.4364224672317505
0.9951243996620178 0.005601486656814814 0.09846846759319305 0.10220298171043396 -0.005951065104454756 0.9999769926071167 0.003256801748648286 -0.004750212654471397 -0.09844796359539032 -0.003826915519312024 0.9951348304748535 0.6076778769493103
0.9906248450279236 0.0025187747087329626 0.13658690452575684 0.16334515810012817 -0.0032641959842294455 0.9999809265136719 0.005233789794147015 -0.006077474448829889 -0.13657106459140778 -0.0056305681355297565 0.9906142950057983 0.789607048034668
0.9843348264694214 -0.00022166054986882955 0.17630928754806519 0.23610010743141174 -0.0007424103678204119 0.9999850988388062 0.005402083974331617 -0.0045114969834685326 -0.176307812333107 -0.005448353011161089 0.9843199849128723 0.9848886132240295
0.9755445718765259 -0.000548266398254782 0.21980074048042297 0.3195628225803375 -0.0009427463519386947 0.9999772310256958 0.006678525824099779 -0.0016612876206636429 -0.21979941427707672 -0.006722416263073683 0.9755219221115112 1.1901390552520752
0.9633715152740479 -0.0004158599767833948 0.26816993951797485 0.4120907485485077 -0.0022298872936517 0.9999517798423767 0.00956129003316164 0.0013171937316656113 -0.26816093921661377 -0.009809061884880066 0.963324248790741 1.4075719118118286
0.9489028453826904 -0.003918292000889778 0.3155439794063568 0.5273237228393555 -0.0014347491087391973 0.9998590350151062 0.016730401664972305 -0.00377095490694046 -0.3155650496482849 -0.016328252851963043 0.9487634301185608 1.6160588264465332
0.9318972826004028 -0.013336983509361744 0.36247721314430237 0.6689585447311401 0.0046651000156998634 0.9996818900108337 0.024788720533251762 -0.00766054168343544 -0.3626925051212311 -0.021409546956419945 0.9316628575325012 1.8293694257736206
0.9105345010757446 -0.0184951014816761 0.41301921010017395 0.824003279209137 0.007193037308752537 0.999556303024292 0.028902754187583923 -0.0046363770961761475 -0.4133704602718353 -0.023346086964011192 0.9102635979652405 2.0509769916534424
0.8849917054176331 -0.01984044723212719 0.46518388390541077 0.9923480153083801 0.005127801094204187 0.9994463920593262 0.03287174180150032 -0.0003734305500984192 -0.4655786156654358 -0.026705846190452576 0.8846035599708557 2.2839763164520264
0.8566995859146118 -0.022021735087037086 0.5153453350067139 1.1685209274291992 0.0031849034130573273 0.9992949366569519 0.037407346069812775 0.0018034577369689941 -0.5158058404922485 -0.030405530706048012 0.8561657667160034 2.4868404865264893
0.8241592645645142 -0.026529958471655846 0.5657363533973694 1.3727116584777832 0.003678904613479972 0.999131977558136 0.0414944551885128 0.00923573225736618 -0.5663461685180664 -0.03211674466729164 0.8235414028167725 2.705110788345337
0.7880118489265442 -0.03230200335383415 0.6148121953010559 1.6017842292785645 0.005828481167554855 0.9989692568778992 0.04501504823565483 0.01063448190689087 -0.6156326532363892 -0.03188896179199219 0.7873877882957458 2.918759822845459
0.7496060729026794 -0.03610440716147423 0.660898745059967 1.8481152057647705 0.006211434490978718 0.99885094165802 0.047521330416202545 0.019576743245124817 -0.6618550419807434 -0.0315171480178833 0.7489689588546753 3.13226318359375
0.7094641327857971 -0.0392812117934227 0.7036459445953369 2.112678050994873 0.0072824303060770035 0.9988007545471191 0.048415642231702805 0.03173883259296417 -0.7047039270401001 -0.029224907979369164 0.7088993191719055 3.3335256576538086
0.6669825911521912 -0.041062597185373306 0.7439409494400024 2.4142491817474365 0.006170520558953285 0.9987503886222839 0.04959487169981003 0.04576431214809418 -0.7450478076934814 -0.028488410636782646 0.6664023399353027 3.5568597316741943
0.6241053342819214 -0.04079047217965126 0.7802747488021851 2.7227437496185303 0.000765135744586587 0.9986677765846252 0.05159542337059975 0.06191876530647278 -0.7813398241996765 -0.03160396218299866 0.623305082321167 3.7696964740753174
0.5821430683135986 -0.04133487492799759 0.8120350241661072 3.0753173828125 -0.002305235480889678 0.9986190795898438 0.0524851456284523 0.07907001674175262 -0.8130829930305481 -0.03242579475045204 0.5812439322471619 3.979498863220215
0.5419100522994995 -0.042579490691423416 0.8393571972846985 3.4500725269317627 -0.003906885627657175 0.998577356338501 0.05317891016602516 0.0983966737985611 -0.8404273986816406 -0.03209745138883591 0.5409727096557617 4.186809062957764
0.5026178359985352 -0.04456590116024017 0.8633592128753662 3.856759548187256 -0.005800229497253895 0.9984740018844604 0.0549171082675457 0.11814025044441223 -0.8644891977310181 -0.03260999917984009 0.5015922784805298 4.398193359375
0.46556127071380615 -0.04423798993229866 0.8839094638824463 4.288822650909424 -0.008975105360150337 0.9984625577926636 0.05469843000173569 0.13546396791934967 -0.8849701285362244 -0.03339863941073418 0.4644485116004944 4.596826553344727
0.42899274826049805 -0.04339470714330673 0.9022650122642517 4.753884792327881 -0.010163403116166592 0.998550295829773 0.0528578907251358 0.15720568597316742 -0.9032506942749023 -0.031845737248659134 0.42792975902557373 4.790473937988281
0.39493680000305176 -0.041995830833911896 0.917747974395752 5.244446277618408 -0.00877080112695694 0.9987367987632751 0.04947621747851372 0.18191683292388916 -0.918666422367096 -0.02758936397731304 0.3940696120262146 4.977883815765381
0.3660590648651123 -0.03992168977856636 0.9297348856925964 5.765598297119141 -0.006509707309305668 0.9989450573921204 0.04545651748776436 0.20793762803077698 -0.9305688738822937 -0.02269207499921322 0.36541303992271423 5.146592140197754
0.3409231901168823 -0.03810052201151848 0.9393187165260315 6.3165059089660645 -0.0054067703895270824 0.9990823864936829 0.042487017810344696 0.23119305074214935 -0.9400756359100342 -0.01956348866224289 0.3404043912887573 5.324099063873291
0.3205359876155853 -0.037708718329668045 0.9464854598045349 6.882347106933594 -0.004064778797328472 0.9991433024406433 0.0411832258105278 0.25482016801834106 -0.9472275972366333 -0.01704796403646469 0.3201080560684204 5.501707553863525
0.30562686920166016 -0.03811296820640564 0.9513881802558899 7.489298343658447 -0.003512125927954912 0.9991466403007507 0.04115442931652069 0.2781129777431488 -0.9521448016166687 -0.01591929793357849 0.3052321970462799 5.697971820831299
0.2941614091396332 -0.03938973695039749 0.9549437165260315 8.114118576049805 -0.002667934400960803 0.9991126656532288 0.04203345626592636 0.3047371804714203 -0.955751895904541 -0.014912349171936512 0.29379531741142273 5.88054084777832
0.28349626064300537 -0.040889475494623184 0.9581011533737183 8.77752685546875 -0.003966900985687971 0.9990319609642029 0.043810077011585236 0.33397769927978516 -0.9589651226997375 -0.016220683231949806 0.28305959701538086 6.069521427154541
0.2728516459465027 -0.04280133172869682 0.9611035585403442 9.455253601074219 -0.005322874523699284 0.9989273548126221 0.04599690064787865 0.3562738299369812 -0.9620413780212402 -0.017666161060333252 0.27233120799064636 6.266284942626953
0.26294732093811035 -0.0443781316280365 0.9637890458106995 10.157944679260254 -0.006352833006531 0.9988402724266052 0.04772530868649483 0.3863133192062378 -0.9647893309593201 -0.0186720322817564 0.26236045360565186 6.454236030578613
0.2530505955219269 -0.046303752809762955 0.9663443565368652 10.875775337219238 -0.007148250937461853 0.9987371563911438 0.049727775156497955 0.4173984229564667 -0.9674266576766968 -0.01949131302535534 0.25240007042884827 6.633056640625
0.2421305626630783 -0.04722074791789055 0.969093918800354 11.62175464630127 -0.007719466928392649 0.998689591884613 0.05059157684445381 0.4559565782546997 -0.9702129364013672 -0.01973065547645092 0.2414487898349762 6.82736349105835
0.2317214012145996 -0.048685889691114426 0.9715631008148193 12.38369369506836 -0.007675487082451582 0.9986242055892944 0.05187257379293442 0.48687973618507385 -0.9727519154548645 -0.019477205350995064 0.23102892935276031 7.006713390350342
0.2217603325843811 -0.051613036543130875 0.9737343192100525 13.165128707885742 -0.008846231736242771 0.9984505772590637 0.05493779107928276 0.5226249694824219 -0.9750610589981079 -0.02079690247774124 0.22096018493175507 7.179391860961914
0.21004489064216614 -0.05500032380223274 0.976143479347229 13.961569786071777 -0.010397853329777718 0.9982342720031738 0.058482419699430466 0.5579127073287964 -0.9776363968849182 -0.022433727979660034 0.2091021090745926 7.361762046813965
0.19784197211265564 -0.058938223868608475 0.978460431098938 14.759127616882324 -0.01141254510730505 0.9979845881462097 0.062421854585409164 0.5915353894233704 -0.9801674485206604 -0.02351638861000538 0.1967705935239792 7.521090984344482
0.1849571019411087 -0.06107204407453537 0.980847179889679 15.557857513427734 -0.012318283319473267 0.9978446960449219 0.06445322930812836 0.6294008493423462 -0.9826694130897522 -0.02400343492627144 0.1838061511516571 7.6710205078125
0.17122116684913635 -0.061401642858982086 0.9833174347877502 16.372920989990234 -0.012982944957911968 0.9978287816047668 0.06456845998764038 0.6699036359786987 -0.9851471781730652 -0.023821841925382614 0.17005223035812378 7.80869197845459
0.15606921911239624 -0.060661982744932175 0.9858816862106323 17.182329177856445 -0.014504993334412575 0.9978639483451843 0.06369547545909882 0.7028311491012573 -0.9876395463943481 -0.02424110658466816 0.15485598146915436 7.94685697555542
0.1393875628709793 -0.05955261364579201 0.9884455800056458 18.001676559448242 -0.01507900282740593 0.9979466199874878 0.06225143000483513 0.7407381534576416 -0.9901230931282043 -0.0235818512737751 0.13820336759090424 8.061065673828125
0.11944766342639923 -0.058081552386283875 0.9911401867866516 18.817584991455078 -0.017569055780768394 0.9980073571205139 0.06060132011771202 0.7762777209281921 -0.9926850199699402 -0.024652084335684776 0.11818920820951462 8.149271011352539
0.0946260541677475 -0.05653335526585579 0.9939063787460327 19.648963928222656 -0.021793050691485405 0.998029351234436 0.058842696249485016 0.8118652105331421 -0.9952743649482727 -0.027228305116295815 0.09320753067731857 8.21929931640625
0.06280168890953064 -0.056230392307043076 0.9964407086372375 20.488754272460938 -0.026004035025835037 0.9979804158210754 0.05795620381832123 0.8437407612800598 -0.9976872205734253 -0.029551222920417786 0.06121262535452843 8.286179542541504
0.029120389372110367 -0.055786192417144775 0.9980179667472839 21.33109474182129 -0.02932220883667469 0.9979641437530518 0.05663874372839928 0.8816111087799072 -0.9991457462310791 -0.03091343678534031 0.027425337582826614 8.311514854431152
-0.0052015334367752075 -0.055420320481061935 0.9984495639801025 22.16562843322754 -0.030564360320568085 0.9980054497718811 0.05523643642663956 0.9092655181884766 -0.9995192289352417 -0.030229659751057625 -0.006885044276714325 8.298465728759766
-0.038488779217004776 -0.054395489394664764 0.9977773427963257 23.00953483581543 -0.031500667333602905 0.9980870485305786 0.05319725349545479 0.9336037039756775 -0.9987624883651733 -0.029383152723312378 -0.04012863710522652 8.25240421295166
-0.0715819001197815 -0.0527646467089653 0.9960381388664246 23.84941291809082 -0.033024970442056656 0.9981776475906372 0.050504595041275024 0.959341287612915 -0.9968878030776978 -0.029278915375471115 -0.07319401204586029 8.186188697814941
-0.10455534607172012 -0.04960038140416145 0.9932814240455627 24.721139907836914 -0.036617476493120193 0.9982703328132629 0.04599505662918091 0.989643394947052 -0.993844747543335 -0.031562432646751404 -0.1061907485127449 8.107405662536621
-0.13692647218704224 -0.045005954802036285 0.9895582795143127 25.563596725463867 -0.033784981817007065 0.9985983967781067 0.040742237120866776 1.0111899375915527 -0.9900048971176147 -0.027853520587086678 -0.1382550746202469 7.975734233856201
-0.16838058829307556 -0.03908099979162216 0.9849470257759094 26.39133071899414 -0.028216181322932243 0.9989954233169556 0.034814752638339996 1.025747299194336 -0.9853182435035706 -0.021929321810603142 -0.16931414604187012 7.816356658935547
-0.1981886327266693 -0.03292366489768028 0.9796106815338135 27.222286224365234 -0.02137812227010727 0.9993431568145752 0.02926175855100155 1.035045862197876 -0.9799307584762573 -0.01514289528131485 -0.19876226782798767 7.62624454498291
-0.22756128013134003 -0.026863133534789085 0.9733931422233582 28.05623435974121 -0.015479219146072865 0.9995929002761841 0.023967426270246506 1.0430494546890259 -0.9736406803131104 -0.009613309055566788 -0.22788448631763458 7.426065444946289
-0.25566068291664124 -0.020749155431985855 0.9665438532829285 28.87529182434082 -0.006930213421583176 0.9997832775115967 0.019629601389169693 1.0460636615753174 -0.966741681098938 -0.0016798397991806269 -0.2557491064071655 7.1917572021484375
-0.28112053871154785 -0.0102961091324687 0.9596171975135803 29.67165756225586 -0.00039043312426656485 0.9999436140060425 0.010614410042762756 1.0378923416137695 -0.9596723914146423 0.0026092620100826025 -0.2811087667942047 6.931386470794678
-0.3067302405834198 0.005413533188402653 0.9517810940742493 30.462142944335938 0.004226266872137785 0.999981701374054 -0.004325692541897297 1.0254979133605957 -0.9517871141433716 0.002695659641176462 -0.30674752593040466 6.664416313171387
-0.331145316362381 0.022237854078412056 0.9433177709579468 31.238672256469727 0.004531923681497574 0.999748170375824 -0.021977251395583153 1.0012972354888916 -0.9435688853263855 -0.0030026198364794254 -0.33116281032562256 6.381106376647949
-0.35650449991226196 0.0371161513030529 0.9335559606552124 32.0068244934082 0.005048831459134817 0.9992725849151611 -0.037800855934619904 0.9677519798278809 -0.9342799186706543 -0.008762809447944164 -0.35643255710601807 6.082293510437012
-0.38079801201820374 0.047497961670160294 0.9234374761581421 32.76454544067383 0.008697275072336197 0.9988195896148682 -0.047788821160793304 0.9237053394317627 -0.924617350101471 -0.010166495107114315 -0.3807615637779236 5.75728702545166
-0.404028058052063 0.05184450373053551 0.9132762551307678 33.51809310913086 0.011669355444610119 0.9986034631729126 -0.05152587220072746 0.8761740922927856 -0.9146721363067627 -0.010160550475120544 -0.40406882762908936 5.419070243835449
-0.4268784821033478 0.051386404782533646 0.9028477668762207 34.27074432373047 0.015426035970449448 0.9986526966094971 -0.049545593559741974 0.819704532623291 -0.9041774272918701 -0.007222582586109638 -0.4270961284637451 5.057308197021484
-0.4466071128845215 0.04721495136618614 0.8934835195541382 35.01221466064453 0.019224777817726135 0.9988824725151062 -0.04317513480782509 0.7638516426086426 -0.894523561000824 -0.0021053014788776636 -0.4470158815383911 4.665043830871582
-0.4645872414112091 0.04622970148921013 0.8843198418617249 35.740272521972656 0.02740771323442459 0.9989086389541626 -0.037821125239133835 0.7134952545166016 -0.8851031064987183 0.006665969267487526 -0.4653472900390625 4.267030715942383
-0.47805410623550415 0.04614276811480522 0.8771174550056458 36.44789123535156 0.028672009706497192 0.9989067316055298 -0.03692270442843437 0.6662124395370483 -0.877862274646759 0.007497670128941536 -0.47885438799858093 3.873105049133301
-0.4890568256378174 0.05038224905729294 0.8707956671714783 37.14344024658203 0.03252733498811722 0.9986894726753235 -0.03951387107372284 0.6220430135726929 -0.8716452717781067 0.009000134654343128 -0.49005475640296936 3.4711742401123047
-0.49893584847450256 0.052781134843826294 0.86503005027771 37.8353271484375 0.03309248760342598 0.9985759854316711 -0.04184241220355034 0.5761309862136841 -0.8660067915916443 0.0077493200078606606 -0.49997204542160034 3.0663604736328125
-0.5098431706428528 0.0521676130592823 0.8586840629577637 38.52361297607422 0.027134135365486145 0.9986381530761719 -0.044559359550476074 0.5254640579223633 -0.8598392605781555 0.0005813626339659095 -0.510564386844635 2.6666622161865234
-0.5209519863128662 0.05059220641851425 0.8520853519439697 39.2256965637207 0.026350373402237892 0.9987193942070007 -0.043188322335481644 0.4747058153152466 -0.8531791567802429 -4.62733514723368e-05 -0.5216179490089417 2.2434463500976562
-0.5295242071151733 0.05207865312695503 0.8466947674751282 39.90196990966797 0.028583455830812454 0.9986423254013062 -0.04354853928089142 0.4318579435348511 -0.847813069820404 0.0011414599139243364 -0.5302938222885132 1.812570571899414
-0.5367677211761475 0.054950833320617676 0.8419386744499207 40.5797119140625 0.03155065327882767 0.9984862208366394 -0.04505348205566406 0.38028955459594727 -0.8431398272514343 0.002380460500717163 -0.5376889109611511 1.376199722290039
-0.5401504635810852 0.05778726562857628 0.839582085609436 41.275428771972656 0.03289344534277916 0.9983270764350891 -0.04755125939846039 0.3339810371398926 -0.8409252762794495 0.0019319116836413741 -0.5411477088928223 0.9238109588623047
-0.5398414731025696 0.06004907190799713 0.8396221995353699 41.97564697265625 0.03257269412279129 0.998195469379425 -0.0504472441971302 0.28669846057891846 -0.8411362767219543 0.0001152444165199995 -0.5408232808113098 0.4747352600097656
-0.5363524556159973 0.06040525808930397 0.841829776763916 42.702369689941406 0.0345870666205883 0.9981708526611328 -0.04958710819482803 0.23974251747131348 -0.843285083770752 0.002520256210118532 -0.5374606251716614 0.009433746337890625
-0.5308120250701904 0.05921085178852081 0.8454186320304871 43.43911361694336 0.03316843509674072 0.9982435703277588 -0.04908888041973114 0.18008804321289062 -0.8468403220176697 0.0019842495676130056 -0.5318434834480286 -0.44280052185058594
-0.5237868428230286 0.05769035592675209 0.8498935699462891 44.186058044433594 0.031003624200820923 0.9983341693878174 -0.048658981919288635 0.12915337085723877 -0.8512848019599915 0.0008628462674096227 -0.5247029662132263 -0.892120361328125
-0.5165048837661743 0.05724882706999779 0.8543683290481567 44.95793914794922 0.02944156527519226 0.9983599185943604 -0.04909851402044296 0.07704627513885498 -0.85577791929245 -0.00020568753825500607 -0.5173431634902954 -1.3555660247802734
-0.5106844902038574 0.05560215562582016 0.8579683899879456 45.74918746948242 0.026214519515633583 0.9984496235847473 -0.049102745950222015 0.02216053009033203 -0.8593683838844299 -0.002584778005257249 -0.5113502144813538 -1.8103313446044922
-0.5060795545578003 0.05341324582695961 0.8608312606811523 46.560367584228516 0.021913748234510422 0.9985546469688416 -0.04907575249671936 -0.031336307525634766 -0.8622083067893982 -0.0059721944853663445 -0.5065186023712158 -2.285045623779297
-0.5046442151069641 0.05067753046751022 0.8618387579917908 47.38386535644531 0.017789417877793312 0.9986740350723267 -0.04830720275640488 -0.08628904819488525 -0.8631440997123718 -0.009046335704624653 -0.5048766136169434 -2.7582950592041016
-0.5051312446594238 0.048139799386262894 0.8616989254951477 48.22321701049805 0.014986380934715271 0.9987818598747253 -0.047013022005558014 -0.14746928215026855 -0.8629124164581299 -0.010833995416760445 -0.505237340927124 -3.2378311157226562
-0.5062135457992554 0.04701744392514229 0.8611255288124084 49.066890716552734 0.014135744422674179 0.998831033706665 -0.046226438134908676 -0.20685017108917236 -0.8622922897338867 -0.011227797716856003 -0.5062863230705261 -3.724428176879883
-0.5064502954483032 0.046317458152770996 0.8610243797302246 49.93085479736328 0.013586611486971378 0.9988609552383423 -0.04574058577418327 -0.26010799407958984 -0.8621621131896973 -0.011466934345662594 -0.5065028071403503 -4.231540679931641
-0.5068936944007874 0.045828353613615036 0.8607895374298096 50.79944610595703 0.013663940131664276 0.9988874197006226 -0.04513438418507576 -0.3165097236633301 -0.861900269985199 -0.01111656241118908 -0.5069559812545776 -4.737041473388672
-0.5069247484207153 0.044800762087106705 0.86082524061203 51.681541442871094 0.013180028647184372 0.9989345669746399 -0.04422702267765999 -0.3720909357070923 -0.8618895411491394 -0.011074076406657696 -0.5069750547409058 -5.250875473022461
-0.5069456696510315 0.04455951601266861 0.8608254790306091 52.568599700927734 0.013244356960058212 0.9989477396011353 -0.04390955716371536 -0.43242859840393066 -0.8618762493133545 -0.010858679190278053 -0.5070024132728577 -5.770349502563477
-0.507216215133667 0.0430215485394001 0.8607443571090698 53.46672058105469 0.010901525616645813 0.9989936947822571 -0.04350749030709267 -0.4883803129196167 -0.8617499470710754 -0.012684273533523083 -0.5071747303009033 -6.29499626159668
-0.5072796940803528 0.042167890816926956 0.8607491254806519 54.34828567504883 0.010196736082434654 0.9990259408950806 -0.042932625859975815 -0.5499606132507324 -0.8617211580276489 -0.01300201565027237 -0.5072154402732849 -6.803791046142578
-0.5068653225898743 0.04138617217540741 0.8610312342643738 55.24067306518555 0.009355785325169563 0.9990521669387817 -0.04251275956630707 -0.6134977340698242 -0.8619746565818787 -0.013492615893483162 -0.5067718029022217 -7.320503234863281
-0.5053397417068481 0.04000498354434967 0.8619927167892456 56.1217041015625 0.009204605594277382 0.9991178512573242 -0.04097278416156769 -0.6716482639312744 -0.8628713488578796 -0.012770876288414001 -0.5052620768547058 -7.839654922485352
-0.5030999779701233 0.03786717727780342 0.8633981943130493 57.008155822753906 0.009265843778848648 0.9992185235023499 -0.03842483460903168 -0.7312997579574585 -0.8641785979270935 -0.011331416666507721 -0.5030575394630432 -8.353643417358398
-0.5007897615432739 0.0363481305539608 0.8648054003715515 57.89312744140625 0.009705832228064537 0.9992908835411072 -0.03638016805052757 -0.7919516563415527 -0.8655145168304443 -0.009825162589550018 -0.5007874369621277 -8.858840942382812
-0.49837547540664673 0.036159832030534744 0.8662068843841553 58.7806282043457 0.009802483953535557 0.9993009567260742 -0.03607594966888428 -0.8458646535873413 -0.8669058084487915 -0.009488393552601337 -0.4983815848827362 -9.363912582397461
-0.4964480996131897 0.036101579666137695 0.8673153519630432 59.665340423583984 0.009824177250266075 0.999304473400116 -0.0359722375869751 -0.9044467210769653 -0.8680108785629272 -0.009337692521512508 -0.49645745754241943 -9.863924026489258
-0.49530112743377686 0.0369945727288723 0.8679332733154297 60.54316711425781 0.010120502673089504 0.9992709159851074 -0.03681722283363342 -0.9577581882476807 -0.868662416934967 -0.009451689198613167 -0.4953143000602722 -10.36650276184082
-0.49628743529319763 0.03847656026482582 0.8673052191734314 61.417442321777344 0.00974523089826107 0.9992013573646545 -0.038751520216464996 -1.0145827531814575 -0.868103563785553 -0.010779802687466145 -0.49626603722572327 -10.859771728515625
-0.4992242455482483 0.04015541821718216 0.8655418753623962 62.29229736328125 0.008096902631223202 0.9990980625152588 -0.0416814424097538 -1.0733063220977783 -0.8664350509643555 -0.013800178654491901 -0.49909913539886475 -11.356534957885742
-0.503463625907898 0.040802907198667526 0.8630524277687073 63.159889221191406 0.006890184246003628 0.9990421533584595 -0.04321274906396866 -1.1277304887771606 -0.8639889359474182 -0.015809454023838043 -0.5032625198364258 -11.863794326782227
-0.509104311466217 0.039497874677181244 0.8597980737686157 64.0225601196289 0.008407269604504108 0.9991270899772644 -0.04092033952474594 -1.1866451501846313 -0.8606637716293335 -0.013604162260890007 -0.5089919567108154 -12.369157791137695
-0.51438969373703 0.036951564252376556 0.8567600250244141 64.87994384765625 0.009587959386408329 0.9992565512657166 -0.03734084963798523 -1.2475662231445312 -0.8575028777122498 -0.010993171483278275 -0.5143616199493408 -12.884759902954102
-0.5198604464530945 0.03436565771698952 0.853559672832489 65.7421646118164 0.00654830876737833 0.999321460723877 -0.03624601289629936 -1.3048465251922607 -0.8542260527610779 -0.013253497891128063 -0.5197327733039856 -13.396638870239258
-0.524922788143158 0.03769466653466225 0.8503148555755615 66.58851623535156 0.009107764810323715 0.9992104172706604 -0.03867277875542641 -1.3620502948760986 -0.8511011600494385 -0.012555751018226147 -0.5248516201972961 -13.915102005004883
-0.53001868724823 0.0394759476184845 0.8470665216445923 67.42823028564453 0.009182115085422993 0.9991245865821838 -0.04081696271896362 -1.4126745462417603 -0.8479362726211548 -0.013855892233550549 -0.5299170017242432 -14.435352325439453
-0.5349904298782349 0.04037802666425705 0.8438927531242371 68.25337219238281 0.00797367189079523 0.9990541934967041 -0.0427471399307251 -1.469456434249878 -0.844820499420166 -0.01614038459956646 -0.5348063111305237 -14.945682525634766
-0.5382301807403564 0.040611039847135544 0.8418188095092773 69.06304931640625 0.0071570416912436485 0.9990225434303284 -0.04361889138817787 -1.5298439264297485 -0.8427672982215881 -0.017452076077461243 -0.5379948616027832 -15.469621658325195
-0.5416421294212341 0.04042495787143707 0.8396365642547607 69.87628936767578 0.008752239868044853 0.9990600347518921 -0.04245452582836151 -1.5853703022003174 -0.8405635952949524 -0.01564646139740944 -0.5414869785308838 -15.990461349487305
-0.543799102306366 0.03321584314107895 0.8385578393936157 70.69969940185547 0.008934339508414268 0.9993888735771179 -0.033792611211538315 -1.6353285312652588 -0.8391678929328918 -0.01088443212211132 -0.5437635779380798 -16.521251678466797
-0.5461179614067078 0.02371070347726345 0.8373726606369019 71.51712036132812 0.007233156356960535 0.9996955394744873 -0.02358965203166008 -1.6924667358398438 -0.8376770615577698 -0.006825887132436037 -0.546123206615448 -17.054838180541992
-0.547990620136261 0.022557437419891357 0.8361802697181702 72.33280181884766 0.008367377333343029 0.9997340440750122 -0.021486038342118263 -1.7324278354644775 -0.8364427089691162 -0.004777511116117239 -0.548033595085144 -17.582456588745117
-0.5485889911651611 0.027321619912981987 0.8356456160545349 73.12068939208984 0.00900526624172926 0.9996010661125183 -0.02677035517990589 -1.7778435945510864 -0.836043655872345 -0.007160711567848921 -0.5486162304878235 -18.10105323791504
-0.5502855777740479 0.03334374725818634 0.8343104720115662 73.9195327758789 0.010426136665046215 0.9993988871574402 -0.03306484967470169 -1.8230500221252441 -0.8349113464355469 -0.00949647556990385 -0.5503025054931641 -18.613479614257812
-0.5500600337982178 0.03731781989336014 0.8342909216880798 74.69925689697266 0.0164986290037632 0.999291718006134 -0.03382052108645439 -1.8690412044525146 -0.8349621295928955 -0.0048386636190116405 -0.5502861142158508 -19.14853286743164
-0.5498253107070923 0.03885680437088013 0.8343753814697266 75.48936462402344 0.020134704187512398 0.9992436766624451 -0.033266618847846985 -1.9184226989746094 -0.8350368738174438 -0.0014909312594681978 -0.5501918792724609 -19.680908203125
-0.5494997501373291 0.03549838438630104 0.8347395062446594 76.2920150756836 0.018390098586678505 0.9993687868118286 -0.03039347194135189 -1.958579421043396 -0.8352914452552795 -0.0013502627843990922 -0.5498056411743164 -20.20000648498535
-0.5488544702529907 0.030558787286281586 0.8353592753410339 77.08586120605469 0.016445523127913475 0.9995328187942505 -0.02575935795903206 -1.9946240186691284 -0.8357561230659485 -0.00040021538734436035 -0.5491005778312683 -20.720308303833008
-0.5486629605293274 0.02344813570380211 0.8357147574424744 77.87869262695312 0.013462056405842304 0.999724805355072 -0.01921176165342331 -2.0389482975006104 -0.8359352350234985 0.0007096562185324728 -0.5488276481628418 -21.219310760498047
-0.5486788153648376 0.01805870421230793 0.835838258266449 78.67974853515625 0.004968188237398863 0.9998194575309753 -0.018340276554226875 -2.0721285343170166 -0.8360185623168945 -0.005910318810492754 -0.5486694574356079 -21.714210510253906
-0.5467158555984497 0.013066211715340614 0.8372161984443665 79.47541046142578 -0.002288705436512828 0.9998512268066406 -0.01709897443652153 -2.101881504058838 -0.8373150825500488 -0.011264423839747906 -0.5466046929359436 -22.224504470825195
-0.5452820658683777 0.013462845236063004 0.8381446003913879 80.26922607421875 0.0001669796765781939 0.9998727440834045 -0.01595200225710869 -2.1350862979888916 -0.8382525444030762 -0.008558387868106365 -0.5452149510383606 -22.725019454956055
-0.5415597558021545 0.017015671357512474 0.8404900431632996 81.05305480957031 0.004961917642503977 0.9998423457145691 -0.01704460009932518 -2.1692075729370117 -0.8406476378440857 -0.005060227587819099 -0.5415588617324829 -23.24393081665039
-0.535982072353363 0.020302511751651764 0.8439851403236389 81.84260559082031 0.0068067517131567 0.9997823238372803 -0.019727587699890137 -2.1965079307556152 -0.844201922416687 -0.004828836768865585 -0.5360035300254822 -23.7487850189209
-0.5282881855964661 0.022277837619185448 0.8487728238105774 82.63086700439453 0.011783741414546967 0.9997518658638 -0.018906233832240105 -2.2325479984283447 -0.8489834070205688 1.3776938430964947e-05 -0.5284196734428406 -24.239681243896484
-0.5198125243186951 0.026203477755188942 0.8538784980773926 83.43574523925781 0.01912088133394718 0.9996359348297119 -0.019036272540688515 -2.2635462284088135 -0.8540663123130798 0.006431612651795149 -0.5201243758201599 -24.748401641845703
-0.5110013484954834 0.025064174085855484 0.8592144250869751 84.23583984375 0.016928521916270256 0.9996743202209473 -0.019093627110123634 -2.2994041442871094 -0.859413206577301 0.004788362421095371 -0.5112592577934265 -25.197891235351562
-0.5000791549682617 0.02287427894771099 0.865677535533905 85.04486083984375 0.014911153353750706 0.9997303485870361 -0.01780265010893345 -2.32875657081604 -0.8658512234687805 0.004005514085292816 -0.5002854466438293 -25.657062530517578
-0.48869380354881287 0.019420474767684937 0.8722392916679382 85.85069274902344 0.015027843415737152 0.9997912645339966 -0.013840708881616592 -2.3630294799804688 -0.8723260164260864 0.006344005931168795 -0.4888835847377777 -26.097511291503906
-0.4768957495689392 0.018869131803512573 0.8787572383880615 86.6615219116211 0.014154871925711632 0.9998047351837158 -0.01378657203167677 -2.388178825378418 -0.8788459897041321 0.0058639380149543285 -0.47706958651542664 -26.544382095336914
-0.46597254276275635 0.017737023532390594 0.8846213817596436 87.50591278076172 0.01470851432532072 0.9998161196708679 -0.012299044989049435 -2.4172186851501465 -0.8846768140792847 0.00728044705465436 -0.4661478102207184 -26.971187591552734
-0.45388203859329224 0.01876019313931465 0.8908643126487732 88.32470703125 0.01588224619626999 0.999789834022522 -0.012962229549884796 -2.4449093341827393 -0.8909202218055725 0.008265603333711624 -0.4540846049785614 -27.386587142944336
-0.4416472017765045 0.022681305184960365 0.8969020843505859 89.14466857910156 0.015536146238446236 0.9997237920761108 -0.017631297931075096 -2.479524612426758 -0.897054135799408 0.006147589068859816 -0.4418776333332062 -27.788501739501953
-0.43050265312194824 0.03169849514961243 0.9020326137542725 89.96573638916016 0.0179713387042284 0.999485969543457 -0.026546157896518707 -2.512856960296631 -0.9024102687835693 0.004782539326697588 -0.4308510720729828 -28.173946380615234
-0.4172707498073578 0.03606034070253372 0.90806645154953 90.81253051757812 0.01647111028432846 0.9993483424186707 -0.032116517424583435 -2.5454015731811523 -0.9086329340934753 0.0015555777354165912 -0.4175928235054016 -28.573131561279297
-0.4057884216308594 0.03245076909661293 0.9133907556533813 91.65469360351562 0.014510207809507847 0.9994723200798035 -0.029062671586871147 -2.586650848388672 -0.9138519167900085 0.0014601952861994505 -0.40604516863822937 -28.939136505126953
-0.3944226801395416 0.02895565703511238 0.9184727668762207 92.50672149658203 0.013761086389422417 0.9995774626731873 -0.025603091344237328 -2.6326732635498047 -0.9188261032104492 0.0025407460052520037 -0.39465445280075073 -29.295230865478516
-0.38463473320007324 0.028836334124207497 0.9226183295249939 93.35218048095703 0.007240074221044779 0.9995753765106201 -0.028223268687725067 -2.6643645763397217 -0.923040509223938 -0.004175824113190174 -0.3846801519393921 -29.641185760498047
-0.3778005540370941 0.033002618700265884 0.9252986311912537 94.19004821777344 0.0023239091970026493 0.9993952512741089 -0.034696560353040695 -2.7117016315460205 -0.9258841872215271 -0.010958069935441017 -0.3776487112045288 -29.968570709228516
-0.37304383516311646 0.03807500749826431 0.9270321130752563 95.0340805053711 -0.003111688420176506 0.9991006255149841 -0.04228716343641281 -2.755786657333374 -0.9278085827827454 -0.018659602850675583 -0.3725898861885071 -30.289623260498047
-0.3695337772369385 0.0401134192943573 0.9283510446548462 95.88375091552734 -0.005883647594600916 0.9989466667175293 -0.04550581052899361 -2.8097476959228516 -0.9291986227035522 -0.02227802947163582 -0.3689085841178894 -30.625225067138672
-0.3655029833316803 0.03989746794104576 0.9299547076225281 96.72224426269531 -0.0067653963342309 0.9989407062530518 -0.04551617428660393 -2.8658318519592285 -0.9307856559753418 -0.02292780950665474 -0.3648458421230316 -30.9501953125
-0.361239492893219 0.03996831551194191 0.9316160678863525 97.55172729492188 -0.00834442675113678 0.9989023804664612 -0.046090640127658844 -2.91711688041687 -0.9324357509613037 -0.02442355826497078 -0.3605095446109772 -31.25444221496582
-0.3552360236644745 0.03570619598031044 0.9340943694114685 98.40166473388672 -0.010819695889949799 0.9990462064743042 -0.04230373352766037 -2.9700369834899902 -0.9347140192985535 -0.025134429335594177 -0.3545108437538147 -31.575176239013672
-0.349911093711853 0.03197101876139641 0.9362373352050781 99.25328063964844 -0.010797729715704918 0.9992133975028992 -0.03815712034702301 -3.023608446121216 -0.9367206692695618 -0.023460837081074715 -0.3492906093597412 -31.88615608215332
-0.3441944420337677 0.028920728713274002 0.9384528994560242 100.09500122070312 -0.012939289212226868 0.9992843866348267 -0.0355411171913147 -3.0729622840881348 -0.9388092160224915 -0.02437596581876278 -0.3435738980770111 -32.185707092285156
-0.33869725465774536 0.026980528607964516 0.9405084848403931 100.95530700683594 -0.02143031172454357 0.9991081357002258 -0.03637911379337311 -3.1240286827087402 -0.9406512379646301 -0.032476894557476044 -0.3378170132637024 -32.472686767578125
-0.33242514729499817 0.027243278920650482 0.9427362084388733 101.80342102050781 -0.028101932257413864 0.9988527894020081 -0.03877417743206024 -3.1713809967041016 -0.9427108764648438 -0.039382219314575195 -0.33127814531326294 -32.75645446777344
-0.32571882009506226 0.031246589496731758 0.9449501633644104 102.6457290649414 -0.025999030098319054 0.9987797737121582 -0.04198827967047691 -3.2233166694641113 -0.9451091289520264 -0.03824416548013687 -0.32450899481773376 -33.04064178466797
-0.3188782334327698 0.03442118316888809 0.9471704363822937 103.49661254882812 -0.024519193917512894 0.9987063407897949 -0.04454878345131874 -3.2734413146972656 -0.9474784731864929 -0.03742949292063713 -0.31762170791625977 -33.321998596191406
-0.31235459446907043 0.03282339125871658 0.949398398399353 104.35694122314453 -0.025926776230335236 0.9987361431121826 -0.04305911809206009 -3.3220551013946533 -0.9496116638183594 -0.038064561784267426 -0.3111087679862976 -33.59554672241211
-0.3050931692123413 0.027761952951550484 0.9519177675247192 105.20629119873047 -0.027258777990937233 0.9989108443260193 -0.037869006395339966 -3.371734142303467 -0.9519323110580444 -0.037501681596040726 -0.30400413274765015 -33.86492156982422
-0.2981927692890167 0.024964051321148872 0.9541791677474976 106.06639862060547 -0.02795584686100483 0.9990006685256958 -0.03487325459718704 -3.42413592338562 -0.9540961384773254 -0.03707383945584297 -0.2971968352794647 -34.12445831298828
-0.2918267548084259 0.028411852195858955 0.9560490250587463 106.92418670654297 -0.030518490821123123 0.9987731575965881 -0.03899706155061722 -3.4651026725769043 -0.9559841752052307 -0.04055757075548172 -0.2906017005443573 -34.373939514160156
-0.28540509939193726 0.031073318794369698 0.9579031467437744 107.77989196777344 -0.029952170327305794 0.9986968636512756 -0.0413208082318306 -3.516909122467041 -0.9579388499259949 -0.04048445448279381 -0.2841024696826935 -34.62321090698242
-0.2786387503147125 0.03153310716152191 0.9598782062530518 108.6361312866211 -0.03195745497941971 0.9986029863357544 -0.0420820452272892 -3.565948009490967 -0.9598641991615295 -0.04240094870328903 -0.2772417366504669 -34.8602409362793
-0.2717532813549042 0.031076451763510704 0.9618650674819946 109.49748992919922 -0.03224332630634308 0.9986233711242676 -0.041373685002326965 -3.6193299293518066 -0.9618265628814697 -0.042257159948349 -0.27037718892097473 -35.098602294921875
-0.26347455382347107 0.030839242041110992 0.9641733765602112 110.3565902709961 -0.028395559638738632 0.9988078474998474 -0.03970654681324959 -3.670614242553711 -0.9642483592033386 -0.03783990815281868 -0.2622847855091095 -35.3353385925293
-0.25589847564697266 0.03213142976164818 0.9661694765090942 111.21330261230469 -0.025638636201620102 0.998870313167572 -0.04000956192612648 -3.71995210647583 -0.9663636088371277 -0.03500964865088463 -0.25478556752204895 -35.56114959716797
-0.24915805459022522 0.03265560418367386 0.9679120779037476 112.07060241699219 -0.02413746528327465 0.998911440372467 -0.03991488739848137 -3.769395351409912 -0.9681620001792908 -0.03330806642770767 -0.24809859693050385 -35.777809143066406
-0.24274364113807678 0.03144705295562744 0.9695806503295898 112.93902587890625 -0.0301872156560421 0.9987456202507019 -0.03995063155889511 -3.8173553943634033 -0.9696206450462341 -0.03896670788526535 -0.24148979783058167 -35.97610855102539
-0.2367328554391861 0.02954573556780815 0.9711255431175232 113.80272674560547 -0.03492175415158272 0.9986328482627869 -0.03889557346701622 -3.8653488159179688 -0.9709469079971313 -0.043121255934238434 -0.23537743091583252 -36.17901611328125
-0.23229795694351196 0.029648557305336 0.9721927046775818 114.6791763305664 -0.03239090368151665 0.9987450838088989 -0.03819787874817848 -3.9141087532043457 -0.9721051454544067 -0.04036349058151245 -0.23104611039161682 -36.38185501098633
-0.22796399891376495 0.029507573693990707 0.9732223153114319 115.54718017578125 -0.03096671588718891 0.9988152980804443 -0.037537068128585815 -3.967170000076294 -0.9731769561767578 -0.0386945866048336 -0.22678017616271973 -36.57425308227539
-0.22269956767559052 0.031491223722696304 0.9743783473968506 116.41793060302734 -0.029449308291077614 0.9988046884536743 -0.03901146724820137 -4.011835098266602 -0.9744422435760498 -0.03738259896636009 -0.22150598466396332 -36.7768440246582
-0.21677501499652863 0.03019978478550911 0.9757543206214905 117.28439331054688 -0.02336118556559086 0.9990746974945068 -0.03611151501536369 -4.060733795166016 -0.9759419560432434 -0.030622854828834534 -0.2158689796924591 -36.97077941894531
-0.21156767010688782 0.02936241775751114 0.9769221544265747 118.16071319580078 -0.016393782570958138 0.9993013739585876 -0.03358537703752518 -4.10123348236084 -0.9772258400917053 -0.02312103472650051 -0.21093852818012238 -37.16640090942383
-0.2066037952899933 0.028695523738861084 0.978003740310669 119.02778625488281 -0.01468588411808014 0.999366283416748 -0.032424721866846085 -4.147335052490234 -0.9783144593238831 -0.02106192335486412 -0.20605149865150452 -37.34270477294922
-0.2023867815732956 0.030102398246526718 0.9788428544998169 119.90377807617188 -0.016409115865826607 0.9992828965187073 -0.03412375599145889 -4.191649436950684 -0.9791681170463562 -0.022968145087361336 -0.20174768567085266 -37.5222282409668
