0.9999997615814209 0.0005151181248947978 0.000455005734693259 0.06527142226696014 -0.0005162073648534715 0.9999970197677612 0.002397033153101802 -0.5010606050491333 -0.00045376960770227015 -0.0023972676135599613 0.9999970197677612 -0.013284650631248951
0.9999939203262329 -0.0019318932900205255 -0.002901325933635235 0.06250952929258347 0.0019324638415127993 0.9999980926513672 0.00019381451420485973 -0.5044569969177246 0.0029009459540247917 -0.0001994201447814703 0.999995768070221 0.6534953117370605
0.9999743103981018 -0.0010633679339662194 -0.007091492880135775 0.055499058216810226 0.00105477892793715 0.9999988079071045 -0.0012148254318162799 -0.5066518187522888 0.007092776242643595 0.0012073138495907187 0.9999741315841675 1.3491237163543701
0.9999402761459351 -0.0008172870730049908 -0.01089624036103487 0.0399072989821434 0.0007879533804953098 0.9999961853027344 -0.0026961148250848055 -0.506460428237915 0.010898399166762829 0.0026873673778027296 0.9999369978904724 2.049001693725586
0.9998761415481567 0.0005170603981241584 -0.01572582498192787 0.019070394337177277 -0.0005708324024453759 0.9999940395355225 -0.0034150348510593176 -0.5073916912078857 0.01572396606206894 0.003423588816076517 0.9998705387115479 2.7757551670074463
0.9997966289520264 -0.0005164932808838785 -0.020160404965281487 0.005525112152099609 0.0004465702804736793 0.9999938607215881 -0.003472680225968361 -0.5183336734771729 0.020162077620625496 0.003462970955297351 0.9997907280921936 3.516052722930908
0.9996947050094604 0.0013066364917904139 -0.02467266097664833 -0.01957102119922638 -0.0014261057367548347 0.9999873042106628 -0.0048251948319375515 -0.5202587842941284 0.024666041135787964 0.004858907777816057 0.9996839165687561 4.2708845138549805
0.9995638132095337 0.003950806800276041 -0.029268108308315277 -0.05240694433450699 -0.0041109975427389145 0.9999768733978271 -0.00541507825255394 -0.5289828181266785 0.02924603596329689 0.005533037707209587 0.9995568990707397 5.0307207107543945
0.9994252324104309 0.0041807484813034534 -0.0336407870054245 -0.08399304002523422 -0.004307777155190706 0.9999838471412659 -0.0037044400814920664 -0.5347163677215576 0.03362474963068962 0.0038472278974950314 0.9994271397590637 5.827246189117432
0.999260663986206 0.0036088626366108656 -0.03827685862779617 -0.11736465990543365 -0.0036570571828633547 0.9999925494194031 -0.0011891750618815422 -0.5383665561676025 0.038272276520729065 0.0013282764703035355 0.999266505241394 6.628718852996826
0.9991433620452881 0.003233505878597498 -0.04125518351793289 -0.16099892556667328 -0.003171487944200635 0.9999936819076538 0.001568630337715149 -0.5439947843551636 0.0412600003182888 -0.0014364465605467558 0.9991474151611328 7.432356357574463
0.9990272521972656 0.004560680594295263 -0.043859973549842834 -0.2027440071105957 -0.0045289164409041405 0.99998939037323 0.0008235409623011947 -0.5514100193977356 0.04386325925588608 -0.0006241019582375884 0.9990373253822327 8.253216743469238
0.9989386200904846 0.004100749269127846 -0.04587931931018829 -0.24894528090953827 -0.0040813228115439415 0.9999914765357971 0.0005171081284061074 -0.5540457963943481 0.04588104784488678 -0.0003293110348749906 0.9989468455314636 9.073433876037598
0.9988656044006348 0.0015153164276853204 -0.04759473353624344 -0.2906751036643982 -0.001526730484329164 0.9999988079071045 -0.00020345643861219287 -0.5578529238700867 0.047594375908374786 0.00027588987722992897 0.9988667368888855 9.904196739196777
0.998748242855072 0.0007679405971430242 -0.05001382902264595 -0.32791227102279663 -0.0007260307902470231 0.9999993443489075 0.0008561279973946512 -0.5652040839195251 0.050014447420835495 -0.0008187447092495859 0.9987481832504272 10.756065368652344
0.9986692667007446 -0.000710632186383009 -0.05156780034303665 -0.3738980293273926 0.0007393532432615757 0.9999995231628418 0.0005378811620175838 -0.5705778002738953 0.051567401736974716 -0.0005752916913479567 0.9986693859100342 11.607821464538574
0.9985713958740234 0.0013672641944140196 -0.05341724306344986 -0.42496198415756226 -0.0014614820247516036 0.9999973773956299 -0.0017247870564460754 -0.5787320137023926 0.05341474711894989 0.001800391124561429 0.9985707998275757 12.464691162109375
0.998503565788269 0.0017896319041028619 -0.054655771702528 -0.47765883803367615 -0.002025845693424344 0.999988853931427 -0.004266755655407906 -0.5869271159172058 0.054647527635097504 0.004371094983071089 0.9984960556030273 13.329097747802734
0.9984091520309448 0.005509593989700079 -0.05611388385295868 -0.5381917357444763 -0.0058393036015331745 0.9999666810035706 -0.005713459104299545 -0.5989552140235901 0.05608053877949715 0.006032036151736975 0.9984080195426941 14.203595161437988
0.9983363151550293 0.006618860177695751 -0.057277124375104904 -0.5919159054756165 -0.0069329156540334225 0.9999620318412781 -0.005286121275275946 -0.609031617641449 0.057239972054958344 0.005674425046890974 0.9983442425727844 15.094411849975586
0.9982584118843079 0.005580336786806583 -0.05872992053627968 -0.647394597530365 -0.005812910385429859 0.999975860118866 -0.00378995668143034 -0.6208820939064026 0.05870736390352249 0.00412474712356925 0.9982666969299316 15.975092887878418
0.9981845021247864 0.00636372109875083 -0.05989324301481247 -0.7097771167755127 -0.006527884863317013 0.9999755024909973 -0.0025456640869379044 -0.6281036138534546 0.05987557768821716 0.00293201906606555 0.9982015490531921 16.873390197753906
0.9981492757797241 0.006118434946984053 -0.0605027973651886 -0.772368311882019 -0.006273512262851 0.9999774098396301 -0.0023735060822218657 -0.6438031196594238 0.06048691272735596 0.0027486789040267467 0.9981651306152344 17.776329040527344
0.9980278611183167 0.005750731099396944 -0.06250815838575363 -0.8291685581207275 -0.005947775673121214 0.9999778866767883 -0.002966701751574874 -0.6554772257804871 0.06248973309993744 0.0033326365519315004 0.9980400204658508 18.684890747070312
0.9979806542396545 0.0041261762380599976 -0.06338391453027725 -0.8920254111289978 -0.004356835037469864 0.9999843239784241 -0.0035012951120734215 -0.6668376922607422 0.06336848437786102 0.003770377952605486 0.9979830384254456 19.596786499023438
0.997941792011261 0.00395902618765831 -0.06400361657142639 -0.9504683017730713 -0.0041032824665308 0.9999892711639404 -0.002122575882822275 -0.6727358102798462 0.06399453431367874 0.0023808316327631474 0.9979473948478699 20.514785766601562
0.9979211688041687 0.005650844890624285 -0.06419757753610611 -1.0086205005645752 -0.005584315862506628 0.9999836683273315 0.0012157137971371412 -0.6827480792999268 0.06420338153839111 -0.0008546869503334165 0.9979364275932312 21.441051483154297
0.9979740381240845 0.006680622696876526 -0.06327079236507416 -1.0705225467681885 -0.00637236749753356 0.9999668598175049 0.005072542931884527 -0.6912528276443481 0.06330256909132004 -0.004659081343561411 0.997983455657959 22.369272232055664
0.9980974793434143 0.006031339522451162 -0.06136084720492363 -1.1384844779968262 -0.005569255445152521 0.9999548196792603 0.007698843255639076 -0.6926181316375732 0.061404503881931305 -0.007342461962252855 0.9980859756469727 23.301679611206055
0.9981701970100403 0.0055802748538553715 -0.06020909920334816 -1.1877614259719849 -0.00505846505984664 0.9999483227729797 0.00881557073444128 -0.7006614208221436 0.060255181044340134 -0.008494874462485313 0.9981468319892883 24.24547576904297
0.9982500672340393 0.005905943922698498 -0.05884009972214699 -1.2439794540405273 -0.005566170439124107 0.9999669194221497 0.005936752539128065 -0.7048521041870117 0.058873217552900314 -0.005598848685622215 0.9982497692108154 25.191068649291992
0.9983041882514954 0.006389761809259653 -0.057861894369125366 -1.3039531707763672 -0.006327707786113024 0.9999791979789734 0.0012556351721286774 -0.7083587050437927 0.05786871537566185 -0.0008873734623193741 0.9983237385749817 26.128530502319336
0.9983816146850586 0.006222526542842388 -0.0565279982984066 -1.3615039587020874 -0.006318724248558283 0.9999788999557495 -0.0015231817960739136 -0.7207234501838684 0.056517329066991806 0.0018779007950797677 0.9983997941017151 27.07050895690918
0.9984362125396729 0.003487715730443597 -0.05579385533928871 -1.4154984951019287 -0.003522403072565794 0.9999936819076538 -0.0005233805859461427 -0.7282076478004456 0.05579167604446411 0.0007190903415903449 0.9984421730041504 28.028282165527344
0.9984509944915771 0.0018868306651711464 -0.05560467764735222 -1.4771116971969604 -0.0016467944951727986 0.9999890923500061 0.004362339619547129 -0.7359709143638611 0.05561229586601257 -0.004264012910425663 0.9984433650970459 29.00230598449707
0.9983855485916138 -0.001509141642600298 -0.05678010731935501 -1.5243092775344849 0.0019570589065551758 0.9999675154685974 0.007833853363990784 -0.7455034852027893 0.05676644295454025 -0.0079323286190629 0.9983559846878052 29.971397399902344
0.9982714056968689 -0.009040763601660728 -0.05807368457317352 -1.5710606575012207 0.009476954117417336 0.9999288320541382 0.007239932660013437 -0.7495593428611755 0.05800409987568855 -0.00777777936309576 0.9982860684394836 30.94854164123535
0.998171329498291 -0.011368374340236187 -0.05936875566840172 -1.62617826461792 0.011592775583267212 0.9999269247055054 0.003436736762523651 -0.7533844709396362 0.05932534113526344 -0.004118700977414846 0.9982302188873291 31.912628173828125
0.9980922937393188 -0.011119280941784382 -0.06072970852255821 -1.6887534856796265 0.011100281961262226 0.9999382495880127 -0.0006502135656774044 -0.7568696737289429 0.060733191668987274 -2.5142915546894073e-05 0.9981539845466614 32.89220428466797
0.998000979423523 -0.009690475650131702 -0.0624510794878006 -1.7674894332885742 0.00962857436388731 0.9999528527259827 -0.0012920752633363008 -0.7636309266090393 0.062460657209157944 0.0006881775334477425 0.9980472326278687 33.8761100769043
0.9979385137557983 -0.009755782783031464 -0.06343183666467667 -1.8197377920150757 0.009788031689822674 0.9999520778656006 0.00019763558520935476 -0.7776347994804382 0.06342688202857971 -0.0008181011071428657 0.9979861378669739 34.86262512207031
0.9978761672973633 -0.006726914085447788 -0.06479152292013168 -1.8889353275299072 0.006931173615157604 0.9999716877937317 0.002928312635049224 -0.7873802185058594 0.06476999819278717 -0.0033711749128997326 0.9978945255279541 35.861328125
0.9978044629096985 -0.00645612133666873 -0.06591302156448364 -1.9590301513671875 0.006751916836947203 0.9999680519104004 0.004265883471816778 -0.7985358238220215 0.06588337570428848 -0.004701556172221899 0.997816264629364 36.84518814086914
0.997757613658905 -0.005214157048612833 -0.06672657281160355 -2.031618595123291 0.005693366285413504 0.9999592900276184 0.006993540562689304 -0.8065338134765625 0.06668739020824432 -0.007357757538557053 0.9977468252182007 37.82255172729492
0.9977640509605408 -0.00524612283334136 -0.066628098487854 -2.0985188484191895 0.005927302874624729 0.9999321103096008 0.0100300507619977 -0.8106218576431274 0.0665709599852562 -0.010402549989521503 0.9977273941040039 38.826141357421875
0.9977516531944275 0.0004157968796789646 -0.06701845675706863 -2.17828631401062 0.0003966388467233628 0.9999265670776367 0.01210880558937788 -0.807400643825531 0.06701857596635818 -0.01210816204547882 0.9976782202720642 39.81419372558594
0.9977306127548218 0.0007752057281322777 -0.06732908636331558 -2.2543210983276367 -1.157475526269991e-05 0.9999356269836426 0.011341413483023643 -0.8098357915878296 0.06733354926109314 -0.011314896866679192 0.9976662993431091 40.808677673339844
0.9977313280105591 0.0008324412629008293 -0.06731618195772171 -2.3112266063690186 -0.00015107817307580262 0.9999487400054932 0.010126284323632717 -0.8216519951820374 0.06732117384672165 -0.01009314227849245 0.9976803064346313 41.804290771484375
0.9977266788482666 0.0031685945577919483 -0.06731471419334412 -2.3916337490081787 -0.0026505757123231888 0.9999662041664124 0.0077833933755755424 -0.8229513764381409 0.06733710318803787 -0.007587277330458164 0.9977014064788818 42.79955291748047
0.9976779818534851 0.00269280094653368 -0.06805431842803955 -2.465686321258545 -0.0021605882793664932 0.999966561794281 0.007892806082963943 -0.8254863023757935 0.06807329505681992 -0.007727441377937794 0.9976504445075989 43.7756233215332
0.9975934624671936 0.0006689883302897215 -0.06933104991912842 -2.5301971435546875 -3.510429451125674e-05 0.9999582171440125 0.009143673814833164 -0.8339749574661255 0.06933426856994629 -0.009119235910475254 0.9975517988204956 44.76628875732422
0.9975460767745972 0.0009971866384148598 -0.07000552862882614 -2.603482961654663 -0.0002927916357293725 0.9999492764472961 0.010071530938148499 -0.8367148637771606 0.07001201808452606 -0.010026318952441216 0.9974957704544067 45.751060485839844
0.99754399061203 0.003880711505189538 -0.06993502378463745 -2.688817024230957 -0.003429324133321643 0.9999725818634033 0.006573288235813379 -0.8468530178070068 0.06995859742164612 -0.006317314226180315 0.997529923915863 46.72615432739258
0.9974457621574402 0.004317537881433964 -0.07129701972007751 -2.7542083263397217 -0.004157093819230795 0.9999884963035583 0.002398589625954628 -0.8531452417373657 0.07130655646324158 -0.0020960750989615917 0.9974522590637207 47.68293380737305
0.9973844289779663 0.0045090001076459885 -0.07213716953992844 -2.817971706390381 -0.004437135998159647 0.9999896287918091 0.0011564219603314996 -0.8550599217414856 0.0721416175365448 -0.0008333150763064623 0.9973940253257751 48.65608596801758
0.9973774552345276 0.0034812227822840214 -0.07229247689247131 -2.890084743499756 -0.0031252417247742414 0.999982476234436 0.005036705639213324 -0.8683480024337769 0.0723087340593338 -0.004797564819455147 0.9973706603050232 49.63630676269531
0.9973892569541931 0.0015126343350857496 -0.07219748944044113 -2.966409206390381 -0.0009532472467981279 0.9999692440032959 0.007781840395182371 -0.8740509152412415 0.0722070261836052 -0.0076927007175982 0.9973599314689636 50.60004806518555
0.9973496198654175 -0.0009985577780753374 -0.07275109738111496 -3.0256965160369873 0.001637652050703764 0.9999606013298035 0.008725550025701523 -0.8830233812332153 0.07273951172828674 -0.008821563795208931 0.997312068939209 51.55119323730469
0.9973216652870178 -0.004171007312834263 -0.07302064448595047 -3.0951147079467773 0.004724110942333937 0.9999613761901855 0.007403540425002575 -0.887985110282898 0.07298695296049118 -0.007728668861091137 0.9973029494285583 52.510047912597656
0.997272253036499 -0.0071401409804821014 -0.07346508651971817 -3.161527395248413 0.007625262252986431 0.9999509453773499 0.006325069349259138 -0.8977263569831848 0.0734163224697113 -0.006868006195873022 0.9972777366638184 53.46049499511719
0.9971904158592224 -0.008392312563955784 -0.07443831115961075 -3.2337684631347656 0.008953622542321682 0.9999339580535889 0.007210082840174437 -0.9025145769119263 0.07437290251255035 -0.007856316864490509 0.997199535369873 54.414676666259766
0.9970494508743286 -0.011880521662533283 -0.07583624124526978 -3.301107406616211 0.012786188162863255 0.9998524785041809 0.011468060314655304 -0.904625415802002 0.07568880915641785 -0.012403879314661026 0.997054398059845 55.36549377441406
0.9970191121101379 -0.012062105350196362 -0.07620590180158615 -3.3744120597839355 0.01335669681429863 0.9997747540473938 0.01650131307542324 -0.9082197546958923 0.07598967850208282 -0.01746998354792595 0.9969556927680969 56.30351638793945
0.9970229268074036 -0.01037263311445713 -0.07640457898378372 -3.4574296474456787 0.011820516549050808 0.9997586607933044 0.018522420898079872 -0.9044523239135742 0.07619401067495346 -0.019370419904589653 0.9969049096107483 57.25080871582031
0.9969096779823303 -0.009091179817914963 -0.0780286118388176 -3.5326995849609375 0.010240228846669197 0.9998447895050049 0.014338510110974312 -0.9019522070884705 0.07788614183664322 -0.015093225985765457 0.9968480467796326 58.18181610107422
0.9968043565750122 -0.007368772756308317 -0.07954102754592896 -3.6059508323669434 0.007941152900457382 0.9999447464942932 0.006882118992507458 -0.9075056314468384 0.0794859230518341 -0.007491770200431347 0.996807873249054 59.08934020996094
0.9967522621154785 -0.005970153026282787 -0.08030689507722855 -3.687950611114502 0.006164361722767353 0.9999786019325256 0.002170627238228917 -0.9167618751525879 0.0802922174334526 -0.0026586181484162807 0.9967678189277649 60.001930236816406
0.9967228770256042 -0.0006906655617058277 -0.0808892697095871 -3.775318145751953 0.0009314212366007268 0.999995231628418 0.0029386519454419613 -0.9241313934326172 0.0808868482708931 -0.0030043632723391056 0.9967187643051147 60.89976119995117
0.996590256690979 0.0019183243857696652 -0.0824880376458168 -3.8570332527160645 -0.0014650736702606082 0.999983549118042 0.005554928444325924 -0.9378337264060974 0.08249733597040176 -0.005415135994553566 0.9965765476226807 61.80149459838867
0.9965097308158875 0.004099415615200996 -0.08337616175413132 -3.9335455894470215 -0.0035298545844852924 0.9999693632125854 0.006977478042244911 -0.9501727819442749 0.08340223133563995 -0.006658818107098341 0.9964936971664429 62.67881774902344
0.9964072108268738 0.004612494260072708 -0.08456656336784363 -4.010972023010254 -0.004058863036334515 0.9999691247940063 0.006717447657138109 -0.9560593366622925 0.08459495007991791 -0.006350068841129541 0.9963951110839844 63.54513168334961
0.9962770938873291 0.006469023413956165 -0.08596484363079071 -4.0902628898620605 -0.005822594743221998 0.9999528527259827 0.007768300361931324 -0.966850221157074 0.08601103723049164 -0.007238841615617275 0.9962679147720337 64.3918228149414
0.9961398243904114 0.007674470543861389 -0.08744454383850098 -4.169064044952393 -0.006974594201892614 0.9999411106109619 0.008306391537189484 -0.9754673838615417 0.08750315755605698 -0.007664436474442482 0.9961347579956055 65.23139190673828
0.9960140585899353 0.007299522403627634 -0.08889686316251755 -4.241082191467285 -0.006547348573803902 0.9999402761459351 0.008749868720769882 -0.9837323427200317 0.08895542472600937 -0.008132954128086567 0.9960023760795593 66.04708099365234
0.9959090352058411 0.00706475181505084 -0.09008409082889557 -4.314915657043457 -0.006200912408530712 0.9999321103096008 0.00986552331596613 -0.9885379672050476 0.09014768153429031 -0.009266560897231102 0.9958853125572205 66.85218048095703
0.9957656264305115 0.009747969917953014 -0.0914096087217331 -4.395455360412598 -0.008629177697002888 0.9998830556869507 0.012626591138541698 -0.9934729337692261 0.09152199327945709 -0.011784335598349571 0.9957333207130432 67.6529769897461
0.9956340193748474 0.011407284066081047 -0.09264344722032547 -4.476418495178223 -0.00989636778831482 0.9998106956481934 0.016752023249864578 -0.996896505355835 0.09281699359416962 -0.015762047842144966 0.9955584406852722 68.44257354736328
0.9954445362091064 0.014613001607358456 -0.0942157730460167 -4.561791896820068 -0.012930150143802166 0.9997462034225464 0.018447479233145714 -0.9973543882369995 0.09446144104003906 -0.017145220190286636 0.9953808188438416 69.22273254394531
0.9952624440193176 0.01762237586081028 -0.09561442583799362 -4.640148639678955 -0.016329992562532425 0.9997645616531372 0.014282387681305408 -1.001137137413025 0.0958435982465744 -0.012653340585529804 0.9953160285949707 69.97229766845703
0.9951383471488953 0.017220091074705124 -0.09696970134973526 -4.712055206298828 -0.016607189550995827 0.9998366236686707 0.007124192547053099 -1.009873628616333 0.09707655757665634 -0.005479163024574518 0.9952618479728699 70.68836975097656
0.9950006604194641 0.016505831852555275 -0.0984950140118599 -4.784439563751221 -0.016444219276309013 0.9998637437820435 0.0014373586745932698 -1.0152031183242798 0.09850531816482544 0.0001895009627332911 0.9951364994049072 71.3911361694336
0.9949483871459961 0.01716318167746067 -0.09890974313020706 -4.858891010284424 -0.017239084467291832 0.999851405620575 8.724676445126534e-05 -1.0168858766555786 0.09889654815196991 0.0016183076659217477 0.9950964450836182 72.08428955078125
0.9948548674583435 0.019935842603445053 -0.09932934492826462 -4.941083908081055 -0.019683826714754105 0.9998002052307129 0.0035166447050869465 -1.0242860317230225 0.09937961399555206 -0.0015433694934472442 0.9950484037399292 72.76007080078125
0.9947086572647095 0.02050272934138775 -0.10066927224397659 -5.012112617492676 -0.02001974545419216 0.9997828006744385 0.005805735941976309 -1.0394874811172485 0.10076645761728287 -0.003759642131626606 0.9949029684066772 73.4146728515625
0.9946648478507996 0.017206285148859024 -0.10171467810869217 -5.0757036209106445 -0.01704264059662819 0.9998517036437988 0.0024776719510555267 -1.0484254360198975 0.10174224525690079 -0.0007309661014005542 0.9948104619979858 74.04367065429688
0.9947541952133179 0.00880113523453474 -0.10191482305526733 -5.122753620147705 -0.009076187387108803 0.9999563097953796 -0.0022354270331561565 -1.0667914152145386 0.1018906831741333 0.0031486982479691505 0.9947906136512756 74.6558837890625
0.9949091672897339 0.00489228218793869 -0.1006571352481842 -5.1828718185424805 -0.005650992039591074 0.9999576807022095 -0.007253801450133324 -1.069490909576416 0.10061737895011902 0.0077856858260929585 0.9948946833610535 75.25617980957031
0.9951601624488831 0.007172988727688789 -0.0980045422911644 -5.233752250671387 -0.00794693361967802 0.9999401569366455 -0.007508948910981417 -1.0806968212127686 0.09794480353593826 0.008251441642642021 0.9951575994491577 75.83265686035156
0.995518684387207 0.012099821120500565 -0.09378767758607864 -5.297570705413818 -0.012543396092951298 0.9999128580093384 -0.004141493700444698 -1.0991969108581543 0.09372938424348831 0.005299349781125784 0.9955835342407227 76.401611328125
0.9959675669670105 0.010554521344602108 -0.08909102529287338 -5.348963737487793 -0.010697396472096443 0.9999421238899231 -0.0011263447813689709 -1.1060338020324707 0.08907396346330643 0.0020748444367200136 0.9960228204727173 76.96166229248047
0.9964979887008667 0.007016915827989578 -0.08332157880067825 -5.385049343109131 -0.006799757480621338 0.9999727010726929 0.0028897798620164394 -1.1109871864318848 0.08333959430456161 -0.0023130932822823524 0.9965184330940247 77.50316619873047
0.9971743822097778 0.0024269106797873974 -0.07508180290460587 -5.413452625274658 -0.001929565449245274 0.9999756813049316 0.006695888936519623 -1.1289751529693604 0.07509621977806091 -0.006532093044370413 0.9971548914909363 78.02896118164062
0.9978939294815063 0.006170689128339291 -0.06457128375768661 -5.443941593170166 -0.005768834613263607 0.9999628067016602 0.006408018991351128 -1.132957935333252 0.06460841745138168 -0.0060220216400921345 0.9978924989700317 78.5430679321289
0.9987196922302246 0.01128124725073576 -0.04931240528821945 -5.473991394042969 -0.011004572734236717 0.9999221563339233 0.0058785732835531235 -1.1379433870315552 0.04937487468123436 -0.005328385159373283 0.9987660646438599 79.04908752441406
0.9993807673454285 0.01627619005739689 -0.03119770437479019 -5.488054275512695 -0.0160845760256052 0.9998502135276794 0.0063830032013356686 -1.1426665782928467 0.03129692003130913 -0.005877248011529446 0.9994928240776062 79.54134368896484
0.9998486638069153 0.014912526123225689 -0.008954700082540512 -5.478790283203125 -0.014851023443043232 0.9998658895492554 0.006895958911627531 -1.1453986167907715 0.009056326001882553 -0.006761928554624319 0.9999361634254456 80.02273559570312
0.9997915625572205 0.011476761661469936 0.01688612438738346 -5.442030429840088 -0.011609735898673534 0.9999021887779236 0.0077977897599339485 -1.1518621444702148 -0.016794977709650993 -0.007992208003997803 0.999826967716217 80.47444152832031
0.9988739490509033 0.010325068607926369 0.046306759119033813 -5.396511077880859 -0.01077105849981308 0.999897837638855 0.009392041712999344 -1.1592984199523926 -0.0462050586938858 -0.009880238212645054 0.9988831281661987 80.9269790649414
0.9967909455299377 0.009761473163962364 0.07945089042186737 -5.340758323669434 -0.0106655303388834 0.9998830556869507 0.01096239686012268 -1.166377305984497 -0.07933458685874939 -0.011774602346122265 0.9967785477638245 81.38085174560547
0.9930824637413025 0.009936251677572727 0.11699873208999634 -5.263969421386719 -0.011294690892100334 0.9998762011528015 0.010953405871987343 -1.1640132665634155 -0.11687541007995605 -0.01219909731298685 0.9930716753005981 81.82186126708984
0.9872922897338867 0.009860130026936531 0.15860827267169952 -5.179360389709473 -0.01177000068128109 0.9998690485954285 0.01110654417425394 -1.1710169315338135 -0.1584780216217041 -0.012832227163016796 0.9872790575027466 82.22034454345703
0.9789647459983826 0.009567457251250744 0.20380504429340363 -5.06501579284668 -0.012023738585412502 0.9998692274093628 0.010817248374223709 -1.1733386516571045 -0.20367489755153656 -0.013040202669799328 0.9789516925811768 82.638427734375
0.9675484299659729 0.011689438484609127 0.25241515040397644 -4.926536560058594 -0.014344917610287666 0.9998594522476196 0.00868255365639925 -1.1805509328842163 -0.2522781491279602 -0.012021667324006557 0.9675801396369934 83.03707122802734
0.9519280195236206 0.012972739525139332 0.30604690313339233 -4.780479431152344 -0.01550150103867054 0.9998627305030823 0.0058335913345217705 -1.1865448951721191 -0.3059293031692505 -0.010297344997525215 0.9519984722137451 83.4208984375
0.932209312915802 0.01321010384708643 0.3616785407066345 -4.598152160644531 -0.015482261776924133 0.9998743534088135 0.003384944051504135 -1.1892483234405518 -0.36158835887908936 -0.008755077607929707 0.9322966933250427 83.78889465332031
0.9079863429069519 0.013145823031663895 0.41879358887672424 -4.407426834106445 -0.01527347695082426 0.9998818039894104 0.0017283875495195389 -1.198408842086792 -0.41872137784957886 -0.007965786382555962 0.9080798625946045 84.12406158447266
0.8790034651756287 0.01378868892788887 0.47661590576171875 -4.197196960449219 -0.015402118675410748 0.9998812675476074 -0.0005214592674747109 -1.2038568258285522 -0.4765665531158447 -0.006882530637085438 0.8791114687919617 84.42594909667969
0.8454049825668335 0.012764313258230686 0.5339730978012085 -3.9571075439453125 -0.01338780764490366 0.9999067783355713 -0.002706133760511875 -1.209519624710083 -0.5339578986167908 -0.004860950633883476 0.8454971313476562 84.73031616210938
0.8085265159606934 0.01213978324085474 0.5883346796035767 -3.6949844360351562 -0.012052549980580807 0.999919056892395 -0.004069111309945583 -1.2184919118881226 -0.5883364677429199 -0.0038009469863027334 0.8086073398590088 85.01774597167969
0.7685142755508423 0.011032840237021446 0.6397375464439392 -3.4194259643554688 -0.011560427956283092 0.9999275803565979 -0.0033571389503777027 -1.2266838550567627 -0.639728307723999 -0.0048156320117414 0.7685860395431519 85.2878646850586
0.7267196774482727 0.010861787013709545 0.6868481636047363 -3.122905731201172 -0.012790383771061897 0.9999156594276428 -0.0022797558922320604 -1.2250250577926636 -0.6868149638175964 -0.007128309924155474 0.726797342300415 85.52012634277344
0.6817309260368347 0.009755990467965603 0.7315378785133362 -2.8188323974609375 -0.011723753064870834 0.9999284148216248 -0.0024097778368741274 -1.2302396297454834 -0.7315089702606201 -0.006933550350368023 0.6817965507507324 85.74276733398438
0.635764479637146 0.007867581211030483 0.7718430757522583 -2.487335205078125 -0.008365403860807419 0.9999595880508423 -0.003302274737507105 -1.2439484596252441 -0.7718379497528076 -0.004357308614999056 0.6358045339584351 85.94638061523438
0.588729977607727 0.004899421241134405 0.8083149194717407 -2.1642532348632812 -0.002045903354883194 0.9999874830245972 -0.004571083467453718 -1.2486498355865479 -0.8083271980285645 0.001037399284541607 0.5887326002120972 86.12394714355469
0.5421698093414307 0.0066620283760130405 0.8402425050735474 -1.8299331665039062 -0.004321858752518892 0.9999775290489197 -0.005139821674674749 -1.2615373134613037 -0.8402577638626099 -0.0008447530562989414 0.5421863794326782 86.28998565673828
0.495397686958313 0.010028839111328125 0.8686084151268005 -1.4910659790039062 -0.007552716881036758 0.999945342540741 -0.007237659767270088 -1.2621164321899414 -0.8686335682868958 -0.0029748352244496346 0.49544620513916016 86.44281768798828
0.44989389181137085 0.011595390737056732 0.8930068016052246 -1.1526527404785156 -0.008172609843313694 0.999927282333374 -0.008866384625434875 -1.276048183441162 -0.893044650554657 -0.003309264313429594 0.44995594024658203 86.57498168945312
0.40711212158203125 0.009686443954706192 0.9133267998695374 -0.7995281219482422 -0.0015988275408744812 0.9999498128890991 -0.00989246554672718 -1.2797234058380127 -0.9133768081665039 0.0025670896284282207 0.4071071147918701 86.690673828125
0.3664493262767792 0.0017608973430469632 0.9304363131523132 -0.4350566864013672 0.012579833157360554 0.9998974204063416 -0.006846881937235594 -1.291119933128357 -0.9303529858589172 0.01421376783400774 0.36638954281806946 86.79642486572266
0.33109956979751587 -0.0015527724754065275 0.9435945153236389 -0.06827163696289062 0.016665887087583542 0.9998522400856018 -0.004202572628855705 -1.2928624153137207 -0.9434486627578735 0.01711730845272541 0.3310765027999878 86.88693237304688
0.2977660298347473 0.002039659768342972 0.9546367526054382 0.2960834503173828 0.013999157585203648 0.9998807311058044 -0.006502881646156311 -1.3030357360839844 -0.9545362591743469 0.01530044712126255 0.29770198464393616 86.98220825195312
0.26687559485435486 0.00954684428870678 0.9636836647987366 0.6669044494628906 0.0033367048017680645 0.9999357461929321 -0.01083002146333456 -1.317178726196289 -0.963725209236145 0.006105796899646521 0.2668265700340271 87.080810546875
0.23851002752780914 0.014317586086690426 0.9710344672203064 1.0456104278564453 -0.001725129783153534 0.9998959898948669 -0.014319404028356075 -1.331324577331543 -0.9711384177207947 0.0017401613295078278 0.2385098934173584 87.17098999023438
0.21277782320976257 0.01593679189682007 0.9769706130027771 1.4360427856445312 -0.00029142468702048063 0.9998679757118225 -0.01624683476984501 -1.3450298309326172 -0.9771004915237427 0.003172252094373107 0.21275436878204346 87.23564910888672
0.18928545713424683 0.01742248237133026 0.981767475605011 1.8469715118408203 0.0069378335028886795 0.9997939467430115 -0.01907999813556671 -1.353156566619873 -0.9818975329399109 0.0104229049757123 0.18912555277347565 87.29153442382812
0.16936852037906647 0.023315351456403732 0.9852769374847412 2.259922981262207 0.013904237188398838 0.9995641112327576 -0.026043567806482315 -1.3573330640792847 -0.9854546785354614 0.01811048574745655 0.16897046566009521 87.33240509033203
0.14951974153518677 0.030562806874513626 0.9882861971855164 2.6861371994018555 0.015967397019267082 0.9993171691894531 -0.03331967443227768 -1.351029396057129 -0.9886297583580017 0.020762307569384575 0.14892961084842682 87.38872528076172
0.13183312118053436 0.031171439215540886 0.9907816648483276 3.1249170303344727 0.013696134090423584 0.999352753162384 -0.03326350450515747 -1.3644353151321411 -0.9911772608757019 0.0179551113396883 0.13132086396217346 87.44325256347656
0.11645045876502991 0.026997333392500877 0.9928295016288757 3.5856361389160156 0.011647607199847698 0.9995246529579163 -0.0285455584526062 -1.386679768562317 -0.9931281805038452 0.014888230711221695 0.11608065664768219 87.49333953857422
0.10203734040260315 0.023648597300052643 0.9944994449615479 4.053261756896973 0.011434949934482574 0.9996234178543091 -0.02494369074702263 -1.4077370166778564 -0.9947149157524109 0.013917237520217896 0.10172848403453827 87.53364562988281
0.08878164738416672 0.02115001156926155 0.9958264827728271 4.536235332489014 0.014936274848878384 0.9996338486671448 -0.022562500089406967 -1.4198064804077148 -0.9959390759468079 0.016877077519893646 0.08843321353197098 87.56774139404297
0.0771448090672493 0.020407382398843765 0.9968110918998718 5.03079891204834 0.0186208076775074 0.9995866417884827 -0.02190530113875866 -1.4339947700500488 -0.9968459010124207 0.020251305773854256 0.07673292607069016 87.59288024902344
0.06695209443569183 0.021054476499557495 0.9975340962409973 5.538264751434326 0.021955784410238266 0.9995040893554688 -0.0225696824491024 -1.4473949670791626 -0.997514545917511 0.02341272681951523 0.0664566159248352 87.61683654785156
0.059039533138275146 0.02167903445661068 0.9980202913284302 6.077502250671387 0.024019602686166763 0.9994438886642456 -0.023130876943469048 -1.4581599235534668 -0.9979665875434875 0.025337688624858856 0.0584859773516655 87.64391326904297
0.05360284075140953 0.02189592644572258 0.9983222484588623 6.626474380493164 0.02562878653407097 0.9994000792503357 -0.023295653983950615 -1.4756240844726562 -0.998233437538147 0.026834500953555107 0.053009506314992905 87.66513061523438
0.04822146147489548 0.022954780608415604 0.998572826385498 7.185946941375732 0.027075596153736115 0.9993385076522827 -0.024279873818159103 -1.489842414855957 -0.9984696507453918 0.028207767754793167 0.04756804555654526 87.68473815917969
0.04229948669672012 0.02357882633805275 0.9988267421722412 7.7731804847717285 0.027142470702528954 0.9993252754211426 -0.024740062654018402 -1.5097171068191528 -0.9987362623214722 0.02815711498260498 0.041630957275629044 87.7078628540039
0.037497665733098984 0.023652248084545135 0.9990167617797852 8.370596885681152 0.029493659734725952 0.9992581605911255 -0.02476499415934086 -1.5239813327789307 -0.9988613724708557 0.030393291264772415 0.03677225485444069 87.72936248779297
0.034688230603933334 0.02370438352227211 0.9991170167922974 8.993407249450684 0.030833326280117035 0.9992173910140991 -0.02477726712822914 -1.5403081178665161 -0.9989223480224609 0.031665582209825516 0.03393019363284111 87.74481201171875
0.031802114099264145 0.023000482469797134 0.9992294907569885 9.631362915039062 0.032033905386924744 0.9991981387138367 -0.024019291624426842 -1.5628368854522705 -0.998980700969696 0.032773081213235855 0.03103981539607048 87.75865936279297
0.029301106929779053 0.02232990972697735 0.9993211627006531 10.287778854370117 0.03420143574476242 0.999142587184906 -0.023328740149736404 -1.5826165676116943 -0.9989853501319885 0.03486177697777748 0.028512269258499146 87.77632141113281
0.02879205346107483 0.02197551727294922 0.9993438720703125 10.959261894226074 0.038542360067367554 0.9989904165267944 -0.0230781901627779 -1.600926399230957 -0.9988421201705933 0.03918153792619705 0.027915997430682182 87.78632354736328
0.030041366815567017 0.021553372964262962 0.9993163347244263 11.64848518371582 0.042267121374607086 0.9988459348678589 -0.022813860327005386 -1.61850905418396 -0.9986546039581299 0.04292357712984085 0.029095696285367012 87.80106353759766
0.03235970064997673 0.021363290026783943 0.9992480278015137 12.355783462524414 0.04417023807764053 0.998764157295227 -0.02278335951268673 -1.640472650527954 -0.9984998106956482 0.04487428441643715 0.03137608617544174 87.82501983642578
0.0362108014523983 0.02139373868703842 0.9991151690483093 13.079004287719727 0.04654365032911301 0.9986498951911926 -0.023070648312568665 -1.6605385541915894 -0.9982597231864929 0.04733787849545479 0.035166166722774506 87.8466567993164
0.0406731553375721 0.020833857357501984 0.9989553093910217 13.818567276000977 0.046857383102178574 0.9986428022384644 -0.022735171020030975 -1.6816164255142212 -0.998073160648346 0.047733139246702194 0.03964172676205635 87.87592315673828
0.044749822467565536 0.01919849030673504 0.998813807964325 14.57905387878418 0.04872025549411774 0.9985835552215576 -0.021376878023147583 -1.700795292854309 -0.9978094696998596 0.04961907118558884 0.04375108331441879 87.91053009033203
0.048420488834381104 0.01770918257534504 0.9986700415611267 15.338451385498047 0.047797590494155884 0.9986562132835388 -0.020026400685310364 -1.7222641706466675 -0.9976826906204224 0.04870370402932167 0.04750896990299225 87.95782470703125
0.05257628113031387 0.01557862851768732 0.9984953999519348 16.127647399902344 0.04511632025241852 0.9988202452659607 -0.017959320917725563 -1.740861415863037 -0.9975971579551697 0.045992664992809296 0.05181141197681427 88.00301361083984
0.056266043335199356 0.01453457958996296 0.9983099699020386 16.922653198242188 0.044515203684568405 0.9988632202148438 -0.017051568254828453 -1.7598119974136353 -0.9974228739738464 0.04539939761161804 0.0555550716817379 88.06239318847656
0.06055695563554764 0.015212533064186573 0.9980487823486328 17.727575302124023 0.04186799004673958 0.9989652037620544 -0.01776685193181038 -1.7839469909667969 -0.997286319732666 0.04286219924688339 0.05985736846923828 88.11613464355469
0.06362766027450562 0.019451012834906578 0.9977842569351196 18.523351669311523 0.03929467871785164 0.9989858865737915 -0.021980222314596176 -1.8090906143188477 -0.9971997141838074 0.04060615971684456 0.06279881298542023 88.16487121582031
0.0648827850818634 0.025063181295990944 0.9975782036781311 19.32473373413086 0.033389512449502945 0.9990702867507935 -0.027272336184978485 -1.8297617435455322 -0.9973340630531311 0.035078149288892746 0.06398560851812363 88.22981262207031
0.06451268494129181 0.028088316321372986 0.9975214600563049 20.1319522857666 0.030519139021635056 0.9990806579589844 -0.03010598197579384 -1.8586666584014893 -0.997450053691864 0.03238571435213089 0.06359612941741943 88.2920913696289
0.06487777829170227 0.02761869505047798 0.9975109100341797 20.953794479370117 0.02814304083585739 0.9991685748100281 -0.029495008289813995 -1.8903173208236694 -0.9974963068962097 0.029986560344696045 0.06404657661914825 88.35087585449219
0.06493499130010605 0.025819208472967148 0.9975554347038269 21.76746368408203 0.025332218036055565 0.9993003010749817 -0.027513353154063225 -1.9229736328125 -0.9975679516792297 0.027056869119405746 0.06423550099134445 88.4100570678711
0.0650499165058136 0.024575073271989822 0.9975793361663818 22.584468841552734 0.02631930261850357 0.9993066191673279 -0.026333849877119064 -1.9553885459899902 -0.9975348711013794 0.02796860598027706 0.06435800343751907 88.46194458007812
0.06492182612419128 0.023518195375800133 0.9976131916046143 23.401424407958984 0.023600496351718903 0.9994063973426819 -0.02509632334113121 -1.9944448471069336 -0.9976112842559814 0.02517346851527691 0.06432823836803436 88.53193664550781
0.06514741480350494 0.02405600994825363 0.997585654258728 24.226144790649414 0.021976003423333168 0.9994323253631592 -0.025535685941576958 -2.025508403778076 -0.9976336359977722 0.02358652651309967 0.06458177417516708 88.58821868896484
0.06504673510789871 0.02464456669986248 0.9975778460502625 25.039527893066406 0.01893051341176033 0.9994845390319824 -0.025926031172275543 -2.0589404106140137 -0.9977026581764221 0.020571064203977585 0.06454665958881378 88.6507797241211
0.06377189606428146 0.025717396289110184 0.997633159160614 25.853832244873047 0.015939861536026 0.9995141625404358 -0.02678481489419937 -2.094555616378784 -0.997837245464325 0.017610250040888786 0.06333096325397491 88.71565246582031
0.060805052518844604 0.025642335414886475 0.997820258140564 26.661216735839844 0.013046006672084332 0.9995640516281128 -0.026482148095965385 -2.1235570907592773 -0.998064398765564 0.014627819880843163 0.06044401228427887 88.76969146728516
0.05708403140306473 0.024572141468524933 0.9980669021606445 27.47544288635254 0.010823026299476624 0.9996231198310852 -0.025229472666978836 -2.149517297744751 -0.9983106851577759 0.012242304161190987 0.056796565651893616 88.82109069824219
0.052513767033815384 0.02194167487323284 0.9983790516853333 28.288217544555664 0.009043214842677116 0.9997071623802185 -0.0224465262144804 -2.181084632873535 -0.9985791444778442 0.01020730659365654 0.052299968898296356 88.86609649658203
0.046312395483255386 0.019960705190896988 0.9987274408340454 29.095327377319336 0.006593226455152035 0.9997724890708923 -0.020287323743104935 -2.2102584838867188 -0.9989052414894104 0.007524392101913691 0.046170249581336975 88.90758514404297
0.03879133239388466 0.020293567329645157 0.9990412592887878 29.905590057373047 0.0065863230265676975 0.9997667670249939 -0.02056404948234558 -2.237258195877075 -0.9992256760597229 0.007377713453024626 0.038648635149002075 88.94090270996094
