1.0 0.0 0.0 0.0 0.0 1.0 0.0 0.0 0.0 0.0 1.0 0.0
0.9990529417991638 -0.0005986360483802855 0.043506741523742676 0.05585154891014099 0.0006907045026309788 0.9999974966049194 -0.0021011887583881617 -0.03265935927629471 -0.04350536689162254 0.002129248809069395 0.9990509152412415 1.0374428033828735
0.9960202574729919 -0.004542394541203976 0.08901148289442062 0.13472962379455566 0.0052147493697702885 0.9999595880508423 -0.007322471123188734 -0.041982464492321014 -0.08897463977336884 0.007757502142339945 0.9960036873817444 2.061753749847412
0.9908591508865356 -0.004060301464051008 0.13483895361423492 0.26702359318733215 0.005651166196912527 0.9999188184738159 -0.01141760777682066 -0.06374441832304001 -0.1347816437482834 0.012075238861143589 0.9908017516136169 3.0713577270507812
0.9835382103919983 -0.0012970552779734135 0.18069536983966827 0.45394086837768555 0.003766649169847369 0.9999040961265564 -0.013324706815183163 -0.10335072129964828 -0.18066078424453735 0.013785974122583866 0.98344886302948 4.108410835266113
0.9740240573883057 -0.0038904401008039713 0.2264115959405899 0.6918059587478638 0.007080764044076204 0.9998867511749268 -0.013280387036502361 -0.13428539037704468 -0.2263343185186386 0.014538584277033806 0.9739412069320679 5.1145548820495605
0.9623420238494873 -0.004397641867399216 0.27180591225624084 0.9630613923072815 0.008704416453838348 0.9998549222946167 -0.014641409739851952 -0.16225944459438324 -0.2717020809650421 0.016455955803394318 0.9622406959533691 6.126249313354492
0.9487819075584412 -0.006970180198550224 0.31585490703582764 1.2892531156539917 0.013077289797365665 0.9997661709785461 -0.01721975766122341 -0.19498082995414734 -0.3156609833240509 0.020468320697546005 0.9486512541770935 7.110976696014404
0.9335693717002869 -0.008504411205649376 0.3582957684993744 1.663735270500183 0.016427963972091675 0.9996830821037292 -0.019076215103268623 -0.22626659274101257 -0.35802000761032104 0.023695040494203568 0.9334131479263306 8.071080207824707
0.9163375496864319 -0.00883552711457014 0.4003089964389801 2.0771098136901855 0.018290773034095764 0.9996365308761597 -0.019805222749710083 -0.2602521777153015 -0.39998844265937805 0.025470230728387833 0.9161661267280579 9.000157356262207
0.8968040347099304 -0.009049334563314915 0.44233542680740356 2.521580934524536 0.019110899418592453 0.9996499419212341 -0.01829509064555168 -0.2967248558998108 -0.44201499223709106 0.02486053667962551 0.8966630697250366 9.899887084960938
0.8750035166740417 -0.008960477076470852 0.48403358459472656 3.0166070461273193 0.019814418628811836 0.999653697013855 -0.017313489690423012 -0.3371553122997284 -0.48371076583862305 0.02474021166563034 0.8748781085014343 10.781414031982422
0.8511478304862976 -0.009279849007725716 0.5248441100120544 3.5468125343322754 0.020756356418132782 0.9996567368507385 -0.015985820442438126 -0.3771626353263855 -0.5245155692100525 0.024500148370862007 0.8510481715202332 11.655728340148926
0.8256556391716003 -0.009972858242690563 0.5640861988067627 4.127457141876221 0.02300069108605385 0.999607503414154 -0.01599349081516266 -0.4131731390953064 -0.5637052655220032 0.026179494336247444 0.825560986995697 12.471882820129395
0.7982694506645203 -0.01138094998896122 0.6021930575370789 4.743927955627441 0.02606344036757946 0.9995375275611877 -0.01565936766564846 -0.4438507854938507 -0.6017363667488098 0.028195615857839584 0.7981969714164734 13.295607566833496
0.7694961428642273 -0.010361249558627605 0.6385674476623535 5.382333278656006 0.02666657790541649 0.9995176792144775 -0.015916215255856514 -0.4794231951236725 -0.6380945444107056 0.02927587367594242 0.7694012522697449 14.065337181091309
0.7388445138931274 -0.013480962254106998 0.6737411022186279 6.058471202850342 0.03128441795706749 0.9994081258773804 -0.014310156926512718 -0.5145767331123352 -0.6731493473052979 0.03165057674050331 0.7388289570808411 14.804229736328125
0.7068802118301392 -0.012695305980741978 0.7072193026542664 6.7873311042785645 0.031761299818754196 0.9994000792503357 -0.013805827125906944 -0.5423421263694763 -0.7066198587417603 0.032221272587776184 0.7068593502044678 15.522672653198242
0.6726666688919067 -0.01119998749345541 0.7398608326911926 7.536502361297607 0.032391488552093506 0.9993726015090942 -0.014321230351924896 -0.5782557129859924 -0.7392363548278809 0.033598609268665314 0.6726074814796448 16.207637786865234
0.6371244192123413 -0.012911778874695301 0.7706527709960938 8.309266090393066 0.037491559982299805 0.9991952776908875 -0.014254670590162277 -0.6058613657951355 -0.769848644733429 0.03797497972846031 0.6370958089828491 16.84256362915039
0.6002947688102722 -0.010893106460571289 0.7997045516967773 9.111681938171387 0.037431102246046066 0.9991942048072815 -0.01448705606162548 -0.6327097415924072 -0.7989024519920349 0.03863033652305603 0.6002188324928284 17.44216537475586
0.5626634359359741 -0.009779109619557858 0.8266282677650452 9.932519912719727 0.04028720408678055 0.999066174030304 -0.015603333711624146 -0.6658860445022583 -0.8257038593292236 0.04208196699619293 0.5625320672988892 17.99126625061035
0.5236464142799377 -0.008078507147729397 0.8518973588943481 10.7888822555542 0.04492706432938576 0.9988254904747009 -0.01814405806362629 -0.6905962228775024 -0.8507502675056458 0.047774311155080795 0.5233943462371826 18.518903732299805
0.48474645614624023 -0.006564786657691002 0.8746300339698792 11.654444694519043 0.04613739252090454 0.9987715482711792 -0.018074171617627144 -0.7101969718933105 -0.8734369874000549 0.04911453276872635 0.484453946352005 19.00089454650879
0.44640839099884033 -0.008938302285969257 0.8947846293449402 12.545859336853027 0.05167541280388832 0.9985388517379761 -0.015806136652827263 -0.7422431111335754 -0.8933359980583191 0.0532943494617939 0.44621795415878296 19.425701141357422
0.40953630208969116 -0.009623571299016476 0.9122430682182312 13.475993156433105 0.055389419198036194 0.9983619451522827 -0.014334086328744888 -0.7689105272293091 -0.9106107950210571 0.056398943066596985 0.40939849615097046 19.82993507385254
0.37432360649108887 -0.007097805384546518 0.9272709488868713 14.411474227905273 0.05694541335105896 0.9982593059539795 -0.015346717089414597 -0.792147696018219 -0.9255479574203491 0.05854848399758339 0.3740762174129486 20.201555252075195
0.34100478887557983 -0.007915342226624489 0.940028190612793 15.366133689880371 0.05743451416492462 0.9982718825340271 -0.012429180555045605 -0.8139845728874207 -0.9383053779602051 0.05822846665978432 0.34087008237838745 20.547513961791992
0.30761033296585083 -0.009439828805625439 0.9514656066894531 16.35563850402832 0.059916745871305466 0.9981584548950195 -0.009468096308410168 -0.8355496525764465 -0.9496240615844727 0.059921205043792725 0.3076094686985016 20.863258361816406
0.2752368748188019 -0.009260046295821667 0.9613317847251892 17.34227180480957 0.06050882861018181 0.9981380105018616 -0.007709572557359934 -0.8525488972663879 -0.959470272064209 0.060291025787591934 0.27528470754623413 21.13800811767578
0.2430279403924942 -0.006433720234781504 0.9699980616569519 18.332866668701172 0.058057431131601334 0.9982817769050598 -0.007924671284854412 -0.8739199042320251 -0.9682803153991699 0.05824151262640953 0.24298395216464996 21.390947341918945
0.21225585043430328 -0.004881423432379961 0.9772019386291504 19.367834091186523 0.05789896845817566 0.9982935786247253 -0.007589322980493307 -0.88844233751297 -0.975497305393219 0.05818985775113106 0.21217627823352814 21.614765167236328
0.18192346394062042 -0.004748950246721506 0.9833012223243713 20.396522521972656 0.060078442096710205 0.9981738328933716 -0.006294510327279568 -0.9063050746917725 -0.9814756512641907 0.06022031605243683 0.1818765550851822 21.80141830444336
0.1514313966035843 -0.0049413940869271755 0.9884554147720337 21.473608016967773 0.061673641204833984 0.9980863928794861 -0.004458865150809288 -0.9217402338981628 -0.9865418672561646 0.06163685768842697 0.1514464020729065 21.95827865600586
0.12095949053764343 -0.005444772075861692 0.9926425218582153 22.572599411010742 0.060098566114902496 0.9981907606124878 -0.0018481689039617777 -0.9281389713287354 -0.9908364415168762 0.05987994000315666 0.12106787413358688 22.090456008911133
0.09183847159147263 -0.005952442530542612 0.9957561492919922 23.659330368041992 0.06070432439446449 0.9981556534767151 0.00036803464172407985 -0.9404777884483337 -0.9939218759536743 0.060412898659706116 0.09203043580055237 22.18473243713379
0.06498147547245026 -0.005534836556762457 0.9978711009025574 24.77533721923828 0.06360824406147003 0.9979739189147949 0.0013932319125160575 -0.9419995546340942 -0.9958570599555969 0.06338227540254593 0.06520189344882965 22.242828369140625
0.04028567299246788 -0.004990479443222284 0.9991757273674011 25.893991470336914 0.06765188276767731 0.997706413269043 0.0022554912138730288 -0.9466415047645569 -0.9968953132629395 0.06750525534152985 0.04053088277578354 22.269073486328125
0.01751081272959709 -0.004473323933780193 0.9998366832733154 27.08397102355957 0.0719100758433342 0.9974059462547302 0.003203039290383458 -0.9453998804092407 -0.9972573518753052 0.0718422457575798 0.017787065356969833 22.28620147705078
-0.0025358458515256643 -0.004632011987268925 0.9999860525131226 28.236663818359375 0.0773562416434288 0.9969918727874756 0.0048143090680241585 -0.9464309811592102 -0.9970002174377441 0.07736736536026001 -0.0021699024364352226 22.277023315429688
-0.01991081051528454 -0.005202641710639 0.999788224697113 29.432357788085938 0.0819455161690712 0.9966135025024414 0.006818069610744715 -0.9450340270996094 -0.9964379072189331 0.08206391334533691 -0.0194170493632555 22.236663818359375
-0.03548388555645943 -0.004963476676493883 0.9993579387664795 30.652708053588867 0.08500625193119049 0.9963485598564148 0.007966820150613785 -0.9412567019462585 -0.9957484006881714 0.08523436635732651 -0.03493238985538483 22.18328857421875
-0.049509260803461075 -0.005691307596862316 0.9987574219703674 31.85060691833496 0.08736218512058258 0.9961263537406921 0.010006931610405445 -0.9389151930809021 -0.9949455261230469 0.08774907141923904 -0.04882027208805084 22.121360778808594
-0.06243336573243141 -0.006656908430159092 0.9980270266532898 33.066558837890625 0.08751363307237625 0.9960895776748657 0.012118559330701828 -0.9348432421684265 -0.9942049384117126 0.08809757977724075 -0.06160665675997734 22.0264949798584
-0.07454311102628708 -0.006511570420116186 0.9971965551376343 34.268436431884766 0.08719416707754135 0.9961062073707581 0.013022450730204582 -0.9297817349433899 -0.9933984875679016 0.08792045712471008 -0.07368510216474533 21.942703247070312
-0.08572456240653992 -0.003910099156200886 0.9963111877441406 35.49566650390625 0.08694048970937729 0.996148407459259 0.011389989405870438 -0.9273331761360168 -0.9925183653831482 0.08759620040655136 -0.0850544422864914 21.841461181640625
-0.09608407318592072 -0.00035543128615245223 0.9953731298446655 36.726776123046875 0.08735299855470657 0.9961386322975159 0.008787949569523335 -0.9152212738990784 -0.9915328025817871 0.08779320865869522 -0.09568199515342712 21.7255859375
-0.10502764582633972 0.0022053818684071302 0.9944667816162109 37.98765563964844 0.08883681148290634 0.9960203170776367 0.007173408288508654 -0.9097616672515869 -0.9904933571815491 0.08909866958856583 -0.104805588722229 21.588092803955078
-0.11266165226697922 0.00322893843986094 0.9936281442642212 39.277626037597656 0.0886114165186882 0.9960429072380066 0.0068103414960205555 -0.903545081615448 -0.9896743893623352 0.08881405740976334 -0.11250197142362595 21.451601028442383
-0.11788855493068695 0.003918067552149296 0.9930190443992615 40.57841873168945 0.08854172378778458 0.9960507154464722 0.006581407506018877 -0.8979732394218445 -0.9890716075897217 0.08869948983192444 -0.11776991188526154 21.288740158081055
-0.12300898134708405 0.005784748587757349 0.9923887252807617 41.89808654785156 0.08989843726158142 0.9959366321563721 0.005337699316442013 -0.8883277773857117 -0.988325297832489 0.08987078815698624 -0.1230291873216629 21.12973976135254
-0.12747055292129517 0.007285450119525194 0.9918156266212463 43.234439849853516 0.08867432177066803 0.9960524439811707 0.004080071579664946 -0.8851597309112549 -0.9878705143928528 0.08846867084503174 -0.127613365650177 20.95511245727539
-0.1320698857307434 0.008058305829763412 0.9912075996398926 44.607994079589844 0.0891251415014267 0.9960134029388428 0.003777783364057541 -0.8803904056549072 -0.9872255325317383 0.08884046226739883 -0.13226152956485748 20.788904190063477
-0.1353321373462677 0.007159166969358921 0.990774393081665 45.99782180786133 0.08863092958927155 0.9960525035858154 0.00490899384021759 -0.8762607574462891 -0.9868281483650208 0.08847759664058685 -0.1354324370622635 20.617359161376953
-0.13866162300109863 0.0045950086787343025 0.9903290867805481 47.417198181152344 0.08932122588157654 0.9959716796875 0.007885182276368141 -0.885879635810852 -0.9863035678863525 0.08955077826976776 -0.138513445854187 20.442893981933594
-0.14084844291210175 0.0035973885096609592 0.9900246262550354 48.85266876220703 0.08911866694688797 0.9959798455238342 0.009059672243893147 -0.8739933371543884 -0.9860120415687561 0.08950571715831757 -0.14060278236865997 20.24034881591797
-0.14337444305419922 0.004051027819514275 0.9896602034568787 50.28385925292969 0.0915297195315361 0.995759904384613 0.009184134192764759 -0.8739748001098633 -0.9854268431663513 0.09190008789300919 -0.14313732087612152 20.060741424560547
-0.14426010847091675 0.0039543271996080875 0.9895318746566772 51.72794723510742 0.09093999862670898 0.9958131313323975 0.009278370998799801 -0.8601798415184021 -0.9853522181510925 0.0913265272974968 -0.14401574432849884 19.86052703857422
-0.14469122886657715 0.005388924852013588 0.9894623160362244 53.19572067260742 0.0933646708726883 0.9955978989601135 0.008230576291680336 -0.849854052066803 -0.9850621819496155 0.09357167780399323 -0.14455744624137878 19.644760131835938
-0.1447603553533554 0.005137971136718988 0.9894533753395081 54.686134338378906 0.09270109236240387 0.9956586360931396 0.008392288349568844 -0.8467844724655151 -0.9851146936416626 0.09293829649686813 -0.14460818469524384 19.42434310913086
-0.14393270015716553 0.006789424456655979 0.9895641803741455 56.19228744506836 0.09236666560173035 0.9957031607627869 0.006603239569813013 -0.8338668346405029 -0.9852673411369324 0.09235315024852753 -0.14394137263298035 19.205467224121094
-0.14290666580200195 0.0070565384812653065 0.9897110462188721 57.728759765625 0.09282977879047394 0.9956619739532471 0.006304936949163675 -0.8212423324584961 -0.9853731393814087 0.09277567267417908 -0.14294178783893585 18.98819351196289
-0.14103232324123383 0.006068135611712933 0.9899863600730896 59.28129196166992 0.09208846092224121 0.9957261085510254 0.007015502545982599 -0.8106130361557007 -0.9857126474380493 0.09215572476387024 -0.14098839461803436 18.75516700744629
-0.13949505984783173 0.007322846446186304 0.9901956915855408 60.8627815246582 0.09344252943992615 0.9956077933311462 0.005800961516797543 -0.799951434135437 -0.9858039617538452 0.0933355838060379 -0.13956664502620697 18.52881622314453
-0.13931487500667572 0.007319863885641098 0.9902210831642151 62.490596771240234 0.09201165288686752 0.9957422614097595 0.00558450585231185 -0.7918934226036072 -0.9859641194343567 0.0918898805975914 -0.13939522206783295 18.32393455505371
-0.13833878934383392 0.008167773485183716 0.9903512001037598 64.09544372558594 0.09332021325826645 0.9956244826316833 0.004824312869459391 -0.7851269841194153 -0.9859785437583923 0.09308716654777527 -0.13849566876888275 18.09341049194336
-0.13671141862869263 0.008201356045901775 0.9905769228935242 65.71906280517578 0.09282399713993073 0.9956720471382141 0.0045672752894461155 -0.7775754928588867 -0.9862523078918457 0.09257370978593826 -0.1368810087442398 17.86204719543457
-0.1359848827123642 0.006487795151770115 0.9906896948814392 67.36689758300781 0.09474971890449524 0.9954800009727478 0.006486448459327221 -0.7726051807403564 -0.9861695766448975 0.09474961459636688 -0.13598497211933136 17.62546730041504
-0.13448594510555267 0.005062350537627935 0.9909026026725769 69.02175903320312 0.09641840308904648 0.9953088164329529 0.008001107722520828 -0.7626764178276062 -0.9862134456634521 0.09661727398633957 -0.13434316217899323 17.39117431640625
-0.13426020741462708 0.005739579442888498 0.9909294843673706 70.78755950927734 0.09770849347114563 0.995186984539032 0.007474202662706375 -0.7575713992118835 -0.9861172437667847 0.09782571345567703 -0.13417482376098633 17.140905380249023
-0.13299775123596191 0.007641225587576628 0.9910869002342224 72.47022247314453 0.09990125149488449 0.9949807524681091 0.005734883714467287 -0.7529811263084412 -0.986068606376648 0.09977354109287262 -0.13309358060359955 16.90635871887207
-0.13217328488826752 0.007699152454733849 0.9911967515945435 74.1795883178711 0.09922106564044952 0.9950501918792725 0.005501763895153999 -0.7454374432563782 -0.9862481355667114 0.09907478094100952 -0.13228297233581543 16.67310333251953
-0.131618469953537 0.007923937402665615 0.9912688732147217 75.89411163330078 0.10005911439657211 0.9949672818183899 0.005332129076123238 -0.7398621439933777 -0.9862377047538757 0.09988729655742645 -0.13174894452095032 16.440933227539062
-0.13168329000473022 0.006833025719970465 0.9912682771682739 77.63033294677734 0.1002107560634613 0.9949452877044678 0.006453948561102152 -0.7432526350021362 -0.9862136244773865 0.10018562525510788 -0.13170242309570312 16.228973388671875
-0.13164390623569489 0.006846358068287373 0.9912733435630798 79.36013793945312 0.10111185163259506 0.9948533773422241 0.006556854583323002 -0.7405840158462524 -0.9861268997192383 0.10109265148639679 -0.1316586285829544 16.004419326782227
-0.1312079131603241 0.006971034687012434 0.9913303852081299 81.1295394897461 0.10245394706726074 0.9947161078453064 0.006565491668879986 -0.7283269166946411 -0.9860464930534363 0.1024271696805954 -0.13122883439064026 15.763595581054688
-0.13121041655540466 0.0076661002822220325 0.9913250207901001 82.88847351074219 0.1024850606918335 0.9947171807289124 0.005872450303286314 -0.7272519469261169 -0.9860429167747498 0.10236652195453644 -0.13130292296409607 15.529644012451172
-0.1313130408525467 0.008722089231014252 0.9913026094436646 84.70069885253906 0.10237421840429306 0.9947343468666077 0.004808733705431223 -0.7210566401481628 -0.9860407710075378 0.10211525857448578 -0.1315145492553711 15.273380279541016
-0.13241936266422272 0.00929790548980236 0.9911502599716187 86.4897232055664 0.10149096697568893 0.9948275089263916 0.0042269667610526085 -0.726669192314148 -0.9859840869903564 0.10115252435207367 -0.1326781064271927 15.042991638183594
-0.13401368260383606 0.00989955198019743 0.9909300208091736 88.29096984863281 0.10062770545482635 0.9949173331260681 0.0036695313174277544 -0.7272506952285767 -0.9858571887016296 0.10020677745342255 -0.1343286782503128 14.816465377807617
-0.13505733013153076 0.008869307115674019 0.9907981157302856 90.10523986816406 0.09942226856946945 0.9950345158576965 0.004645185545086861 -0.7325446009635925 -0.9858370423316956 0.09913477301597595 -0.13526850938796997 14.58011531829834
-0.1364360898733139 0.008618040010333061 0.9906114935874939 91.93365478515625 0.0996093675494194 0.9950137138366699 0.0050627789460122585 -0.7315693497657776 -0.9856283068656921 0.09936493635177612 -0.13661423325538635 14.345815658569336
-0.13696908950805664 0.007750370539724827 0.9905449748039246 93.7940902709961 0.0970284640789032 0.9952656626701355 0.005629450548440218 -0.7277594208717346 -0.9858118295669556 0.09688211977481842 -0.1370726376771927 14.095863342285156
-0.13874687254428864 0.008501628413796425 0.9902912974357605 95.62445831298828 0.09669190645217896 0.9953017830848694 0.005002581048756838 -0.7299622893333435 -0.985596239566803 0.09644723683595657 -0.13891704380512238 13.8512601852417
-0.14099614322185516 0.00948383379727602 0.9899646639823914 97.50131225585938 0.09606914967298508 0.9953660368919373 0.00414710957556963 -0.725132167339325 -0.9853379130363464 0.0956897959113121 -0.14125385880470276 13.578222274780273
-0.14522229135036469 0.010333262383937836 0.9893450140953064 99.37198638916016 0.09629878401756287 0.9953454732894897 0.0037394086830317974 -0.7230751514434814 -0.9847015142440796 0.09581577777862549 -0.14554142951965332 13.3125
-0.14986196160316467 0.009385677985846996 0.9886623620986938 101.25919342041016 0.09442897140979767 0.9955196976661682 0.004862814676016569 -0.7253069877624512 -0.9841871857643127 0.09408710896968842 -0.15007682144641876 13.037525177001953
-0.1543670892715454 0.008732274174690247 0.987975001335144 103.14676666259766 0.0931779071688652 0.9956327676773071 0.005758712533861399 -0.7281691431999207 -0.9836100339889526 0.09294640272855759 -0.1545065939426422 12.747467994689941
-0.1589089035987854 0.009195779450237751 0.9872504472732544 105.0444107055664 0.09163867682218552 0.9957771897315979 0.005475054495036602 -0.7357022166252136 -0.9830312132835388 0.09134034812450409 -0.15908056497573853 12.451353073120117
-0.16296055912971497 0.011213870719075203 0.986568808555603 106.96170043945312 0.09232725203037262 0.9957209229469299 0.003932633902877569 -0.7339935302734375 -0.9823032021522522 0.09172803908586502 -0.1632985919713974 12.125054359436035
-0.16752144694328308 0.012878470122814178 0.9857842922210693 108.90270233154297 0.09218460321426392 0.9957383871078491 0.002657087054103613 -0.7429308891296387 -0.9815490245819092 0.091319240629673 -0.16799475252628326 11.794960021972656
-0.17225728929042816 0.012908870354294777 0.9849675297737122 110.8432388305664 0.09101388603448868 0.9958454966545105 0.0028656411450356245 -0.7522070407867432 -0.9808383584022522 0.09013932198286057 -0.17271655797958374 11.467514991760254
-0.17666570842266083 0.012724705971777439 0.9841887950897217 112.78707885742188 0.08930686116218567 0.9959990978240967 0.003153526922687888 -0.7585573196411133 -0.9802109599113464 0.08845192939043045 -0.17709530889987946 11.117743492126465
-0.18116669356822968 0.012198771350085735 0.9833768010139465 114.75799560546875 0.08742698282003403 0.9961638450622559 0.0037492052651941776 -0.7626059055328369 -0.9795586466789246 0.08665289729833603 -0.1815381944179535 10.75186538696289
-0.18673394620418549 0.011430000886321068 0.9823439717292786 116.68097686767578 0.08638105541467667 0.9962503910064697 0.004828376695513725 -0.7698978185653687 -0.9786055088043213 0.08575752377510071 -0.18702109158039093 10.40591812133789
-0.19186194241046906 0.011258435435593128 0.9813573360443115 118.65979766845703 0.08680456131696701 0.9962098598480225 0.005542042665183544 -0.7725289463996887 -0.9775755405426025 0.08624959737062454 -0.1921120584011078 10.019858360290527
-0.19710251688957214 0.012524602934718132 0.9803028702735901 120.60507202148438 0.08715574443340302 0.9961830973625183 0.004796292167156935 -0.7801038026809692 -0.9765011668205261 0.08638439327478409 -0.19744180142879486 9.641300201416016
-0.20254234969615936 0.013450437225401402 0.979181170463562 122.56629943847656 0.08683688938617706 0.9962133765220642 0.004277702420949936 -0.7872359156608582 -0.9754157662391663 0.08589546382427216 -0.20294338464736938 9.244463920593262
-0.20858091115951538 0.013613230548799038 0.9779103398323059 124.53744506835938 0.08740436285734177 0.9961614608764648 0.004775394685566425 -0.7880000472068787 -0.9740915298461914 0.08646969497203827 -0.20897015929222107 8.845710754394531
-0.2141193449497223 0.013568689115345478 0.976713240146637 126.52186584472656 0.08632197976112366 0.9962543249130249 0.005083725322037935 -0.7903169393539429 -0.9729857444763184 0.08540033549070358 -0.21448861062526703 8.418490409851074
-0.21927085518836975 0.014225157909095287 0.9755602478981018 128.5105743408203 0.08550182729959488 0.9963271021842957 0.004689767956733704 -0.7909297943115234 -0.9719103574752808 0.08444050699472427 -0.2196817547082901 7.975943565368652
-0.22477146983146667 0.01484230812638998 0.9742984771728516 130.5137481689453 0.08458103984594345 0.996407151222229 0.004333806689828634 -0.7950479984283447 -0.970733642578125 0.0833812952041626 -0.22521929442882538 7.53700065612793
-0.22933603823184967 0.014006067998707294 0.9732465147972107 132.49708557128906 0.085680291056633 0.9963054656982422 0.00585181126371026 -0.8003774285316467 -0.9695688486099243 0.08473008126020432 -0.22968880832195282 7.077674388885498
-0.23305462300777435 0.014146936126053333 0.9723607301712036 134.50210571289062 0.0881170704960823 0.9960880875587463 0.006627678405493498 -0.7948989868164062 -0.968463122844696 0.08722617477178574 -0.23338954150676727 6.594998359680176
-0.2364792674779892 0.015039719641208649 0.9715201258659363 136.51341247558594 0.08950100839138031 0.995966374874115 0.006367423105984926 -0.7947838306427002 -0.9675056338310242 0.08845780044794083 -0.23687146604061127 6.101037979125977
-0.2395370602607727 0.015785319730639458 0.970758855342865 138.5163116455078 0.09004618227481842 0.9959194660186768 0.006024663336575031 -0.7960928082466125 -0.9667024612426758 0.08885625749826431 -0.23998099565505981 5.604207515716553
-0.24313805997371674 0.01574685238301754 0.9698638916015625 140.55426025390625 0.08926267921924591 0.9959888458251953 0.0062065101228654385 -0.7985562086105347 -0.9658757448196411 0.08808169513940811 -0.24356840550899506 5.104705333709717
-0.246824711561203 0.01618116907775402 0.9689249992370605 142.56600952148438 0.08809217065572739 0.9960954189300537 0.005805750843137503 -0.8050480484962463 -0.9650478363037109 0.08678771555423737 -0.24728639423847198 4.585684299468994
-0.25158464908599854 0.016925659030675888 0.9676872491836548 144.59616088867188 0.08732026070356369 0.9961662292480469 0.005278215743601322 -0.8111122846603394 -0.9638881087303162 0.08582662791013718 -0.25209811329841614 4.068421363830566
-0.25641873478889465 0.01609589345753193 0.9664316773414612 146.64129638671875 0.08556739240884781 0.9963136315345764 0.006109611131250858 -0.8204658627510071 -0.9627708196640015 0.0842616856098175 -0.2568507194519043 3.5380046367645264
-0.2609943449497223 0.016620153561234474 0.9651972651481628 148.67449951171875 0.08613813668489456 0.9962642192840576 0.006137085147202015 -0.8214747309684753 -0.9614895582199097 0.08474202454090118 -0.26145097613334656 2.99348783493042
-0.2658435106277466 0.016730614006519318 0.9638710021972656 150.7263946533203 0.08561170101165771 0.9963085651397705 0.006318752188235521 -0.8314188718795776 -0.9602072238922119 0.08419843018054962 -0.2662945091724396 2.440978527069092
-0.2710002362728119 0.017257366329431534 0.9624245762825012 152.7837371826172 0.08515665680170059 0.9963487982749939 0.006112809292972088 -0.8271678686141968 -0.9588050842285156 0.08361342549324036 -0.27148035168647766 1.8829145431518555
-0.27570840716362 0.016595104709267616 0.9610980749130249 154.8282470703125 0.08506864309310913 0.9963490962982178 0.007199703715741634 -0.835503339767456 -0.9574697017669678 0.08374432474374771 -0.2761135399341583 1.309089183807373
-0.28039902448654175 0.016558527946472168 0.9597406983375549 156.88739013671875 0.08552973717451096 0.9963051080703735 0.007799094542860985 -0.8354279398918152 -0.9560654163360596 0.08427322655916214 -0.2807792127132416 0.726654052734375
-0.28494206070899963 0.01711546815931797 0.9583918452262878 158.96458435058594 0.08597337454557419 0.9962671399116516 0.007769106421619654 -0.83707594871521 -0.954681396484375 0.08460993319749832 -0.28534984588623047 0.12537331879138947
-0.28849923610687256 0.01862384006381035 0.957298994064331 161.0306396484375 0.08664295822381973 0.9962167143821716 0.006730446591973305 -0.8333311676979065 -0.9535518884658813 0.08488496392965317 -0.289021372795105 -0.4915413558483124
-0.2922825217247009 0.020058954134583473 0.9561216235160828 163.09750366210938 0.08654296398162842 0.9962326288223267 0.005555371288210154 -0.8398979902267456 -0.9524081349372864 0.08436933904886246 -0.2929173409938812 -1.1127121448516846
-0.2960736155509949 0.021380789577960968 0.9549257755279541 165.1859588623047 0.08731799572706223 0.9961690902709961 0.004768609069287777 -0.8432849049568176 -0.9511656165122986 0.0847940668463707 -0.29680630564689636 -1.7441449165344238
-0.2994880676269531 0.0219927579164505 0.9538465142250061 167.2723846435547 0.08690899610519409 0.9962068200111389 0.004318167455494404 -0.849800169467926 -0.9501334428787231 0.08419109880924225 -0.3002634644508362 -2.3907132148742676
-0.3033830225467682 0.02202601358294487 0.9526140689849854 169.37069702148438 0.08716148138046265 0.996182918548584 0.004725283943116665 -0.857558012008667 -0.9488738775253296 0.08446483314037323 -0.30414482951164246 -3.0451245307922363
-0.3074371814727783 0.022382840514183044 0.951305091381073 171.45689392089844 0.08705351501703262 0.9961925745010376 0.004694468341767788 -0.8605267405509949 -0.9475780129432678 0.08425770699977875 -0.3082152009010315 -3.701864719390869
-0.31169578433036804 0.023233655840158463 0.9498977661132812 173.55426025390625 0.08915512263774872 0.996005654335022 0.0048935976810753345 -0.8670974373817444 -0.9459900259971619 0.08621356636285782 -0.31252217292785645 -4.3862690925598145
-0.3149292767047882 0.023531051352620125 0.9488233923912048 175.6504669189453 0.09109913557767868 0.9958264231681824 0.005540489684790373 -0.8710072636604309 -0.9447330236434937 0.08818185329437256 -0.3157585561275482 -5.084166049957275
-0.31717032194137573 0.023302506655454636 0.9480822682380676 177.71421813964844 0.09222378581762314 0.9957178831100464 0.006379120983183384 -0.8751217722892761 -0.9438738226890564 0.08945902436971664 -0.3179612159729004 -5.776123046875
-0.3203076720237732 0.022866733372211456 0.9470374584197998 179.8079376220703 0.09163755178451538 0.9957681894302368 0.006950348149985075 -0.8718384504318237 -0.9428709149360657 0.08901045471429825 -0.3210476040840149 -6.480066776275635
-0.32276013493537903 0.023816710337996483 0.9461809992790222 181.8976593017578 0.09129048883914948 0.9958059191703796 0.006075074430555105 -0.8743909597396851 -0.9420679211616516 0.08833812922239304 -0.32358068227767944 -7.197754859924316
-0.325723797082901 0.025760024785995483 0.9451138973236084 184.00216674804688 0.09059692174196243 0.9958792924880981 0.004079615231603384 -0.8788956999778748 -0.9411142468452454 0.08695324510335922 -0.326715350151062 -7.915337562561035
-0.3292549252510071 0.027949875220656395 0.9438273310661316 186.1224365234375 0.09034626185894012 0.9959083795547485 0.0020252035465091467 -0.8823542594909668 -0.9399089217185974 0.08593807369470596 -0.3304328918457031 -8.645500183105469
-0.33262181282043457 0.028834301978349686 0.9426193237304688 188.24269104003906 0.0895758718252182 0.995979368686676 0.0011420525843277574 -0.8998757004737854 -0.9387965202331543 0.08481582254171371 -0.33386728167533875 -9.384214401245117
-0.33656391501426697 0.029954539611935616 0.9411841034889221 190.40341186523438 0.08792094886302948 0.9961274266242981 -0.00026299781166017056 -0.9104164838790894 -0.9375471472740173 0.08266128599643707 -0.33789411187171936 -10.137276649475098
-0.33976122736930847 0.03057560883462429 0.9400146007537842 192.52102661132812 0.08909378945827484 0.9960232377052307 -0.00019510547281242907 -0.9254454374313354 -0.9362823367118835 0.08368317782878876 -0.3411341607570648 -10.91762924194336
-0.3443884253501892 0.028996430337429047 0.9383793473243713 194.7058563232422 0.08784876763820648 0.9961326718330383 0.0014597602421417832 -0.9416375756263733 -0.9347079992294312 0.08293818682432175 -0.34560394287109375 -11.690174102783203
-0.34835806488990784 0.028512898832559586 0.9369277954101562 196.86854553222656 0.08808030188083649 0.9961103796958923 0.00243507232517004 -0.9550833106040955 -0.9332140684127808 0.08337315917015076 -0.34951451420783997 -12.4854154586792
-0.3522830605506897 0.02874618023633957 0.9354519248008728 199.01980590820312 0.08814996480941772 0.9961040019989014 0.002586518879979849 -0.9618054628372192 -0.9317328333854675 0.08337125927209854 -0.3534444570541382 -13.289145469665527
-0.3564876616001129 0.028779540210962296 0.9338566064834595 201.17999267578125 0.08688995987176895 0.9962148666381836 0.00246782717294991 -0.9700086116790771 -0.930250883102417 0.0820225328207016 -0.3576389253139496 -14.089004516601562
-0.36054909229278564 0.02932075783610344 0.9322792887687683 203.3429718017578 0.08600059896707535 0.9962932467460632 0.0019257799722254276 -0.9867507815361023 -0.9287670850753784 0.08087091892957687 -0.36173421144485474 -14.919193267822266
-0.36428624391555786 0.029794899746775627 0.9308102130889893 205.5113525390625 0.08573178946971893 0.9963168501853943 0.001660655252635479 -1.0036028623580933 -0.9273325204849243 0.08040498197078705 -0.3654988706111908 -15.742740631103516
-0.36732208728790283 0.030342087149620056 0.9295986890792847 207.61683654785156 0.08695006370544434 0.9962111115455627 0.0018411841010674834 -1.0273457765579224 -0.926020622253418 0.08150498569011688 -0.3685685098171234 -16.57239532470703
-0.3698590099811554 0.030418716371059418 0.9285898208618164 209.75914001464844 0.0881805270910263 0.9961013793945312 0.00249221408739686 -1.0418896675109863 -0.9248937964439392 0.0828053206205368 -0.37109941244125366 -17.423927307128906
-0.3724830746650696 0.03004080057144165 0.9275526404380798 211.92808532714844 0.0895368903875351 0.9959766268730164 0.003699028166010976 -1.0552533864974976 -0.9237096309661865 0.08442799746990204 -0.37367427349090576 -18.2977237701416
-0.37514573335647583 0.03068675845861435 0.9264577031135559 214.10508728027344 0.09078743308782578 0.995863139629364 0.003776425728574395 -1.0709478855133057 -0.9225092530250549 0.0855274349451065 -0.37637969851493835 -19.178516387939453
-0.378425270318985 0.031654275953769684 0.9250904321670532 216.29949951171875 0.09076765924692154 0.9958675503730774 0.0030541010200977325 -1.0831941366195679 -0.9211707711219788 0.08512404561042786 -0.3797345757484436 -20.06477165222168
-0.3812417685985565 0.03185679018497467 0.9239264726638794 218.47525024414062 0.09010610729455948 0.9959280490875244 0.0028412810061126947 -1.0973683595657349 -0.9200736880302429 0.0843346118927002 -0.3825599253177643 -20.95254135131836
-0.3842080533504486 0.033065199851989746 0.9226541519165039 220.642822265625 0.08972860127687454 0.995964765548706 0.0016720020212233067 -1.1170505285263062 -0.9188758134841919 0.08343087136745453 -0.38562461733818054 -21.849872589111328
-0.3870321810245514 0.03406519070267677 0.9214367270469666 222.82737731933594 0.08954480290412903 0.9959824681282043 0.0007905045058578253 -1.1340794563293457 -0.9177079200744629 0.08281583338975906 -0.38852769136428833 -22.762216567993164
-0.38952794671058655 0.034213174134492874 0.9203789234161377 225.0083770751953 0.08765110373497009 0.9961511492729187 6.633354496443644e-05 -1.1550319194793701 -0.9168343544006348 0.08069805800914764 -0.39102762937545776 -23.676111221313477
-0.3930365741252899 0.035133492201566696 0.918851375579834 227.18385314941406 0.08842816203832626 0.9960825443267822 -0.0002615794655866921 -1.1775941848754883 -0.915260910987854 0.08114952594041824 -0.3946036696434021 -24.595014572143555
-0.39579012989997864 0.034615740180015564 0.9176883697509766 229.3367919921875 0.08957958966493607 0.9959790110588074 0.0010658825049176812 -1.2024023532867432 -0.9139615297317505 0.08262798935174942 -0.39729949831962585 -25.51997184753418
-0.39863938093185425 0.03365478292107582 0.9164900779724121 231.4996337890625 0.08988136053085327 0.9959492683410645 0.0025224373675882816 -1.2227483987808228 -0.9126927256584167 0.08338091522455215 -0.4000495374202728 -26.450111389160156
-0.40211597084999084 0.032931458204984665 0.914996325969696 233.62879943847656 0.08888321369886398 0.9960370063781738 0.0032135862857103348 -1.2411073446273804 -0.9112642407417297 0.0826200544834137 -0.40344932675361633 -27.373077392578125
-0.40533867478370667 0.033249638974666595 0.9135617017745972 235.75889587402344 0.08739925175905228 0.996170163154602 0.0025219956878572702 -1.2587414979934692 -0.909978985786438 0.08086686581373215 -0.4066923260688782 -28.31017303466797
-0.4088841378688812 0.032502759248018265 0.9120073318481445 237.9473876953125 0.08572764694690704 0.9963142275810242 0.002927278634160757 -1.2734125852584839 -0.9085507988929749 0.07938114553689957 -0.4101634919643402 -29.27782440185547
-0.412775456905365 0.03238783776760101 0.9102567434310913 240.10768127441406 0.08534566313028336 0.996346116065979 0.0032508354634046555 -1.2870055437088013 -0.9068255424499512 0.07902833819389343 -0.41403132677078247 -30.238239288330078
-0.4164305627346039 0.03225560486316681 0.9085951447486877 242.25518798828125 0.08440303802490234 0.9964262247085571 0.0033102398738265038 -1.304877519607544 -0.9052412509918213 0.07806666195392609 -0.4176647961139679 -31.21339988708496
-0.42016592621803284 0.03234585374593735 0.9068706631660461 244.39913940429688 0.08443653583526611 0.9964223504066467 0.0035806759260594845 -1.3221286535263062 -0.903510332107544 0.07807746529579163 -0.42139387130737305 -32.19820022583008
-0.42417141795158386 0.031697578728199005 0.9050269722938538 246.554931640625 0.08299022912979126 0.9965423345565796 0.003993368707597256 -1.3373790979385376 -0.901771068572998 0.07680226862430573 -0.4253354072570801 -33.186458587646484
-0.4280385673046112 0.03191952779889107 0.9031966328620911 248.6682891845703 0.08250126242637634 0.9965834021568298 0.0038787086959928274 -1.3470358848571777 -0.899986982345581 0.07617510110139847 -0.42920947074890137 -34.180419921875
-0.43172338604927063 0.03273311257362366 0.9014119505882263 250.82044982910156 0.08295048028230667 0.9965474009513855 0.0035406318493187428 -1.3701562881469727 -0.8981838226318359 0.07630112767219543 -0.4329480528831482 -35.19735336303711
-0.43550726771354675 0.03246980160474777 0.8995994329452515 252.91928100585938 0.08235248178243637 0.996595561504364 0.0038971106987446547 -1.3973158597946167 -0.896410346031189 0.0757814571261406 -0.4366986155509949 -36.19194412231445
-0.43923118710517883 0.0325266532599926 0.8977850079536438 255.0555419921875 0.08237121999263763 0.9965928792953491 0.004192742053419352 -1.4111285209655762 -0.8945897221565247 0.07579322904348373 -0.4404139816761017 -37.22135925292969
-0.4429861009120941 0.03310763090848923 0.8959169983863831 257.17181396484375 0.0816468670964241 0.9966550469398499 0.00353998807258904 -1.4254262447357178 -0.8928029537200928 0.0747169777750969 -0.44420740008354187 -38.253013610839844
-0.44643691182136536 0.03353755921125412 0.8941864371299744 259.28045654296875 0.08212261646986008 0.9966155886650085 0.0036217309534549713 -1.4396945238113403 -0.891038715839386 0.07504980266094208 -0.44768014550209045 -39.304874420166016
-0.4498628079891205 0.03398514911532402 0.8924508094787598 261.4057312011719 0.08268692344427109 0.9965687394142151 0.003730443073436618 -1.446885585784912 -0.8892616629600525 0.07547219097614288 -0.451129287481308 -40.36719512939453
-0.45335546135902405 0.03513285145163536 0.8906371593475342 263.5267333984375 0.08370392769575119 0.9964852333068848 0.0032990719191730022 -1.4552881717681885 -0.8873908519744873 0.07604547590017319 -0.454702764749527 -41.43778991699219
-0.4565443694591522 0.03758244588971138 0.8889064192771912 265.6504211425781 0.08630620688199997 0.9962661266326904 0.002205510390922427 -1.4662282466888428 -0.8855045437812805 0.07772506773471832 -0.4580833315849304 -42.5328254699707
-0.4597470760345459 0.038212936371564865 0.8872273564338684 267.7812194824219 0.08786346018314362 0.9961292147636414 0.0026261000894010067 -1.4856226444244385 -0.8836926221847534 0.07916221022605896 -0.4613249599933624 -43.63096618652344
-0.46222957968711853 0.04061552882194519 0.8858296871185303 269.89398193359375 0.08992933481931686 0.9959473609924316 0.001261039637029171 -1.4926491975784302 -0.8821884989738464 0.08024496585130692 -0.4640088677406311 -44.74056625366211
