1.0 0.0 0.0 0.0 0.0 1.0 0.0 0.0 0.0 0.0 1.0 0.0
0.9990430474281311 -0.000580881314817816 0.04373335838317871 0.04649783670902252 0.000683293619658798 0.999997079372406 -0.0023268284276127815 -0.020598938688635826 -0.04373187571763992 0.0023544845171272755 0.9990405440330505 1.025080680847168
0.9960330724716187 -0.004750408232212067 0.08885693550109863 0.1393757462501526 0.005424134898930788 0.9999582767486572 -0.007342222146689892 -0.03894222527742386 -0.08881834149360657 0.0077950675040483475 0.996017336845398 2.04838228225708
0.9908801913261414 -0.004252423997968435 0.13467863202095032 0.27109748125076294 0.0058532897382974625 0.9999168515205383 -0.011492826044559479 -0.05965586379170418 -0.13461855053901672 0.012176327407360077 0.9908226728439331 3.0579702854156494
0.9835426211357117 -0.0013320819707587361 0.1806713193655014 0.44957369565963745 0.00384053704328835 0.9999009966850281 -0.013534970581531525 -0.09268508851528168 -0.18063543736934662 0.014006097801029682 0.9834504127502441 4.089510440826416
0.9740132689476013 -0.0038528728764504194 0.22645820677280426 0.6855562925338745 0.007086122874170542 0.9998841881752014 -0.013466285541653633 -0.12393520772457123 -0.2263800948858261 0.01472105085849762 0.9739277958869934 5.0928263664245605
0.9623256921768188 -0.00430415291339159 0.2718653678894043 0.9586849212646484 0.008632575161755085 0.9998542666435242 -0.014727230183780193 -0.15357127785682678 -0.27176231145858765 0.01651928946375847 0.9622225761413574 6.103686809539795
0.9487568140029907 -0.006935086101293564 0.3159312903881073 1.2833600044250488 0.013075376860797405 0.9997645020484924 -0.01731989160180092 -0.18679159879684448 -0.3157368302345276 0.020563285797834396 0.9486238956451416 7.089676380157471
0.9335973262786865 -0.008601556532084942 0.3582206666469574 1.6573340892791748 0.01659133844077587 0.999677300453186 -0.019236311316490173 -0.21755161881446838 -0.3579396605491638 0.02390233241021633 0.9334387183189392 8.04549789428711
0.9163358211517334 -0.008607261814177036 0.4003184139728546 2.0714285373687744 0.01818743161857128 0.9996317028999329 -0.02013821341097355 -0.24832308292388916 -0.3999977111816406 0.025734124705195427 0.9161548018455505 8.984079360961914
0.8967671990394592 -0.008898558095097542 0.44241324067115784 2.515913486480713 0.019143857061862946 0.9996417760848999 -0.018697921186685562 -0.2840827405452728 -0.44208842515945435 0.025237176567316055 0.8966163396835327 9.882803916931152
0.8749533891677856 -0.009027834981679916 0.4841229021549225 3.013427734375 0.020050175487995148 0.9996441006660461 -0.01759541966021061 -0.3263568878173828 -0.48379188776016235 0.0251019187271595 0.8748230338096619 10.78062915802002
0.8509017825126648 -0.00905727967619896 0.5252465009689331 3.548353672027588 0.02076992578804493 0.999649703502655 -0.01640956476330757 -0.36041346192359924 -0.5249138474464417 0.02487226203083992 0.8507919311523438 11.651742935180664
0.8255324959754944 -0.009785868227481842 0.5642697811126709 4.1352739334106445 0.023063061758875847 0.9995993971824646 -0.01640591211616993 -0.39953941106796265 -0.5638831853866577 0.026557398959994316 0.8254274725914001 12.491798400878906
0.7982711791992188 -0.011472141370177269 0.6021890044212341 4.745852470397949 0.026434363797307014 0.9995224475860596 -0.016000166535377502 -0.43131548166275024 -0.601718008518219 0.028690950945019722 0.7981931567192078 13.294672966003418
0.7694612145423889 -0.010468414053320885 0.6386077404022217 5.407584190368652 0.02710704505443573 0.999500036239624 -0.01627703569829464 -0.46827998757362366 -0.6381180882453918 0.029835322871804237 0.7693602442741394 14.09543514251709
0.7388911247253418 -0.013639646582305431 0.6736868023872375 6.083751201629639 0.03191959485411644 0.9993812441825867 -0.014775264076888561 -0.500467836856842 -0.6730684638023376 0.03242112323641777 0.7388692498207092 14.829699516296387
0.7068618535995483 -0.01288529485464096 0.7072341442108154 6.82974910736084 0.032340433448553085 0.9993772506713867 -0.014115477912127972 -0.5321413278579712 -0.7066119313240051 0.03284995257854462 0.7068384885787964 15.570945739746094
0.6726953387260437 -0.01136978343129158 0.7398321628570557 7.578458309173584 0.03307623788714409 0.999344527721405 -0.01471672672778368 -0.5654472708702087 -0.7391798496246338 0.03437073901295662 0.6726306676864624 16.252479553222656
0.6371378898620605 -0.012739709578454494 0.7706445455551147 8.38174819946289 0.03814009577035904 0.9991595149040222 -0.015015344135463238 -0.590996265411377 -0.7698056101799011 0.03895929828286171 0.6370882987976074 16.918163299560547
0.6004816293716431 -0.011086242273449898 0.799561619758606 9.171913146972656 0.03846365585923195 0.9991468191146851 -0.015033150091767311 -0.6191295385360718 -0.7987130284309387 0.03978119418025017 0.600395679473877 17.507343292236328
0.5628281235694885 -0.0101157883182168 0.8265120387077332 10.030930519104004 0.04149462655186653 0.9990102648735046 -0.016029484570026398 -0.6509648561477661 -0.8255317211151123 0.04331764206290245 0.562690794467926 18.086374282836914
0.5238237977027893 -0.0082547040656209 0.8517866134643555 10.871574401855469 0.04599682614207268 0.9987683892250061 -0.01860758662223816 -0.675106942653656 -0.8505839109420776 0.04892657697200775 0.5235583186149597 18.606094360351562
0.4850636124610901 -0.007046689745038748 0.8744504451751709 11.772703170776367 0.04732949286699295 0.9987133741378784 -0.01820594072341919 -0.7015393972396851 -0.873197078704834 0.050218336284160614 0.4847731292247772 19.101959228515625
0.4466322064399719 -0.009008858352899551 0.8946723341941833 12.679393768310547 0.052570901811122894 0.9984859228134155 -0.016189876943826675 -0.7298253178596497 -0.8931719064712524 0.05426464229822159 0.4464295208454132 19.548145294189453
0.40994909405708313 -0.009626045823097229 0.912057638168335 13.610522270202637 0.0566871240735054 0.9982800483703613 -0.01494351401925087 -0.7526522874832153 -0.910345196723938 0.05782800167798996 0.4097897410392761 19.95156478881836
0.3745814561843872 -0.007074898108839989 0.9271669983863831 14.563020706176758 0.05783557519316673 0.9982019066810608 -0.0157490074634552 -0.7813078761100769 -0.9253884553909302 0.05952252075076103 0.37431713938713074 20.329303741455078
0.3413170278072357 -0.00796367134898901 0.9399144053459167 15.519109725952148 0.05822224169969559 0.998223066329956 -0.012684901244938374 -0.8056924343109131 -0.9381433129310608 0.05905349552631378 0.3411742150783539 20.670753479003906
0.307935893535614 -0.009486770257353783 0.951359748840332 16.512170791625977 0.06080624461174011 0.9981021881103516 -0.009728869423270226 -0.8260754346847534 -0.9494619965553284 0.06084447726607323 0.3079282343387604 20.985567092895508
0.27537083625793457 -0.009447552263736725 0.9612916111946106 17.504892349243164 0.06155666336417198 0.9980729222297668 -0.007824433967471123 -0.8469666242599487 -0.9593652486801147 0.06132853031158447 0.275421679019928 21.260496139526367
0.24309715628623962 -0.006702575366944075 0.9699788093566895 18.506881713867188 0.058877408504486084 0.9982342720031738 -0.007858099415898323 -0.8706991672515869 -0.9682133793830872 0.059020113199949265 0.2430625557899475 21.514638900756836
0.21219533681869507 -0.0050469390116631985 0.9772141575813293 19.538915634155273 0.05866899713873863 0.9982486963272095 -0.007583993952721357 -0.884337306022644 -0.9754645228385925 0.058941472321748734 0.21211980283260345 21.73890495300293
0.1817464828491211 -0.004907689057290554 0.983333170413971 20.580636978149414 0.06056095287203789 0.9981451034545898 -0.006211685016751289 -0.9039409160614014 -0.981478750705719 0.06068054214119911 0.18170659244060516 21.926198959350586
0.1510949581861496 -0.005138248670846224 0.9885058999061584 21.657100677490234 0.061940185725688934 0.9980707168579102 -0.004279705695807934 -0.9196181297302246 -0.9865767955780029 0.0618748813867569 0.15112172067165375 22.08374786376953
0.12044142931699753 -0.005914709996432066 0.992702841758728 22.742124557495117 0.06039039418101311 0.9981738924980164 -0.0013796667335554957 -0.934197723865509 -0.9908818006515503 0.060115884989500046 0.12057869881391525 22.218143463134766
0.09143094718456268 -0.0061796181835234165 0.9957922697067261 23.830373764038086 0.06122146546840668 0.9981240034103394 0.000572898774407804 -0.9442983865737915 -0.9939277172088623 0.06091149151325226 0.09163776785135269 22.310483932495117
0.06425458192825317 -0.005920385476201773 0.9979159832000732 24.954456329345703 0.0638851746916771 0.9979556202888489 0.0018071320373564959 -0.9491496682167053 -0.995886504650116 0.0636359378695488 0.06450143456459045 22.375001907348633
0.03942328691482544 -0.005302596837282181 0.9992085099220276 26.07876968383789 0.06815945357084274 0.9976711869239807 0.002605239162221551 -0.9555463790893555 -0.9968952536582947 0.06800280511379242 0.039692893624305725 22.40363121032715
0.016812164336442947 -0.004792490042746067 0.9998471736907959 27.255199432373047 0.07251221686601639 0.9973611831665039 0.0035613002255558968 -0.9563185572624207 -0.997225821018219 0.07244126498699188 0.017115315422415733 22.41189193725586
-0.0031785722821950912 -0.004996580071747303 0.999982476234436 28.403947830200195 0.07810797542333603 0.9969311952590942 0.00522961001843214 -0.9582021236419678 -0.9969399571418762 0.07812320441007614 -0.0027785447891801596 22.399452209472656
-0.020334692671895027 -0.0056758360005915165 0.99977707862854 29.59185028076172 0.08266443014144897 0.996550440788269 0.00733884796500206 -0.9598845839500427 -0.9963699579238892 0.08279523998498917 -0.019795356318354607 22.35287857055664
-0.03606222942471504 -0.005450260825455189 0.9993346333503723 30.812580108642578 0.08576925098896027 0.9962785243988037 0.008528681471943855 -0.9570060968399048 -0.9956620931625366 0.08601974695920944 -0.03546055406332016 22.302223205566406
-0.050549060106277466 -0.006266496609896421 0.9987019300460815 32.01573181152344 0.08791477233171463 0.9960704445838928 0.010699771344661713 -0.9571876525878906 -0.9948446154594421 0.08834150433540344 -0.049799516797065735 22.248050689697266
-0.06367126107215881 -0.0073669361881911755 0.9979438781738281 33.22893142700195 0.08821354061365128 0.9960170984268188 0.012980954721570015 -0.9559421539306641 -0.9940645694732666 0.08885867148637772 -0.06276780366897583 22.160491943359375
-0.07541710138320923 -0.007171517703682184 0.9971262812614441 34.43067169189453 0.08798686414957047 0.9960256814956665 0.013818442821502686 -0.9518252015113831 -0.993262529373169 0.08877615630626678 -0.0744863897562027 22.06832504272461
-0.08638317137956619 -0.0043657030910253525 0.9962523579597473 35.654945373535156 0.08815202116966248 0.996034562587738 0.012008246034383774 -0.9470376372337341 -0.9923543334007263 0.08885896950960159 -0.08565579354763031 21.962963104248047
-0.09631697088479996 -0.0010594814084470272 0.9953501224517822 36.888893127441406 0.08854087442159653 0.9960260391235352 0.00962802954018116 -0.9413491487503052 -0.9914048314094543 0.08905651420354843 -0.09584038704633713 21.84107208251953
-0.10537118464708328 0.001522126141935587 0.9944317936897278 38.159568786621094 0.09005856513977051 0.9959041476249695 0.00801833625882864 -0.9351993799209595 -0.9903466105461121 0.09040200710296631 -0.10507670044898987 21.706493377685547
-0.11265314370393753 0.0027662140782922506 0.9936305284500122 39.45024871826172 0.08993056416511536 0.9959203004837036 0.0074233138002455235 -0.9252912998199463 -0.9895563721656799 0.09019400179386139 -0.11244232952594757 21.56344223022461
-0.11824091523885727 0.0033767716959118843 0.992979109287262 40.75027084350586 0.08967582881450653 0.9959443211555481 0.0072914669290184975 -0.919283390045166 -0.9889273643493652 0.08990836888551712 -0.11806417256593704 21.411958694458008
-0.12318594008684158 0.00486407708376646 0.9923716187477112 42.07184600830078 0.09088387340307236 0.9958409070968628 0.006400591693818569 -0.9160468578338623 -0.9882131814956665 0.09097902476787567 -0.1231156587600708 21.248516082763672
-0.12781162559986115 0.006443661171942949 0.9917775392532349 43.40956497192383 0.08974464237689972 0.995951771736145 0.005094725172966719 -0.9090356826782227 -0.9877297878265381 0.08965788781642914 -0.1278725266456604 21.081466674804688
-0.1325511336326599 0.007050888612866402 0.9911510944366455 44.781070709228516 0.09050793945789337 0.995883047580719 0.005019485019147396 -0.9072235822677612 -0.9870352149009705 0.09037238359451294 -0.13264358043670654 20.91878890991211
-0.135132297873497 0.00653596268966794 0.9908061027526855 46.18565368652344 0.09051749110221863 0.9958781003952026 0.00577591685578227 -0.8989033102989197 -0.986684262752533 0.09046578407287598 -0.1351669281721115 20.72475814819336
-0.13739918172359467 0.0043938495218753815 0.9905059933662415 47.61840057373047 0.09122276306152344 0.9957964420318604 0.00823675561696291 -0.8980052471160889 -0.9863061904907227 0.09148842841386795 -0.13722243905067444 20.51837921142578
-0.13935478031635284 0.0029887205455452204 0.9902380108833313 49.03925323486328 0.09101930260658264 0.995800793170929 0.009803506545722485 -0.8917028903961182 -0.9860504865646362 0.09149693697690964 -0.13904163241386414 20.312074661254883
-0.14158546924591064 0.003748863935470581 0.9899189472198486 50.47258758544922 0.09368674457073212 0.9955551028251648 0.009629559703171253 -0.8840399980545044 -0.9854827523231506 0.09410570561885834 -0.14130736887454987 20.11909294128418
-0.14236563444137573 0.003818410448729992 0.9898067712783813 51.96855545043945 0.09336361289024353 0.9955859184265137 0.009587948210537434 -0.8640850782394409 -0.9854010939598083 0.09377692639827728 -0.1420937478542328 19.87961196899414
-0.14297884702682495 0.00521418871358037 0.9897119998931885 53.44248962402344 0.09576717764139175 0.995366632938385 0.00859103538095951 -0.8519588708877563 -0.9850815534591675 0.09601026028394699 -0.1428157240152359 19.66518783569336
-0.1426457017660141 0.005536747630685568 0.989758312702179 54.93785858154297 0.09547095000743866 0.9953985214233398 0.008191144093871117 -0.8401244878768921 -0.9851586222648621 0.09566160291433334 -0.14251793920993805 19.441978454589844
-0.14178386330604553 0.007048528175801039 0.9898724555969238 56.449188232421875 0.09509805589914322 0.9954463839530945 0.00653309840708971 -0.8286462426185608 -0.985319197177887 0.09506122022867203 -0.14180855453014374 19.224376678466797
-0.14042209088802338 0.006901599932461977 0.9900676608085632 57.98570251464844 0.09562955051660538 0.9953948855400085 0.006624482572078705 -0.8214978575706482 -0.9854626655578613 0.09560996294021606 -0.14043545722961426 19.00400733947754
-0.13873830437660217 0.005783517379313707 0.9903121590614319 59.54581832885742 0.09459545463323593 0.9954879879951477 0.007438651751726866 -0.8142088055610657 -0.9858009815216064 0.09471104294061661 -0.13865940272808075 18.780479431152344
-0.13743889331817627 0.006623242050409317 0.9904881119728088 61.12887954711914 0.09588789939880371 0.9953697919845581 0.006649397779256105 -0.80878746509552 -0.9858579635620117 0.09588970243930817 -0.1374376267194748 18.560880661010742
-0.13646714389324188 0.007207484450191259 0.9906184077262878 62.74177932739258 0.09514399617910385 0.9954462647438049 0.005864382721483707 -0.7939731478691101 -0.9860650897026062 0.09505166858434677 -0.13653144240379333 18.350170135498047
-0.1352119743824005 0.007908263243734837 0.9907851219177246 64.35189819335938 0.09618378430604935 0.9953501224517822 0.0051814536564052105 -0.7875001430511475 -0.9861370921134949 0.09599804133176804 -0.13534390926361084 18.124439239501953
-0.1337687224149704 0.007390901912003756 0.9909849166870117 65.98567199707031 0.09567271173000336 0.9953977465629578 0.005490629002451897 -0.7859494686126709 -0.9863835573196411 0.09554468840360641 -0.13386020064353943 17.89870834350586
-0.13279956579208374 0.006168142426759005 0.9911237359046936 67.6360092163086 0.09740010648965836 0.9952216744422913 0.006856886204332113 -0.772219181060791 -0.9863455295562744 0.09744614362716675 -0.1327657848596573 17.674013137817383
-0.13162770867347717 0.004007280804216862 0.9912912249565125 69.292724609375 0.09902478754520416 0.9950430989265442 0.009126466698944569 -0.7691411972045898 -0.9863408207893372 0.09936366975307465 -0.13137206435203552 17.44906997680664
-0.13211670517921448 0.004894683603197336 0.991222083568573 71.06250762939453 0.09970428049564362 0.9949818849563599 0.008375998586416245 -0.7570056319236755 -0.9862070083618164 0.09993568062782288 -0.13194172084331512 17.222183227539062
-0.13119861483573914 0.006597834173589945 0.9913341403007507 72.75082397460938 0.10186094045639038 0.9947750568389893 0.006860100664198399 -0.7532786130905151 -0.98610919713974 0.10187826305627823 -0.1311851590871811 16.994884490966797
-0.13083085417747498 0.006272953003644943 0.9913848638534546 74.47338104248047 0.10033375769853592 0.9949296116828918 0.0069454447366297245 -0.7485429048538208 -0.9863145351409912 0.10037804394960403 -0.1307969093322754 16.77679443359375
-0.1307225227355957 0.006002963986247778 0.991400957107544 76.1938247680664 0.10092508792877197 0.9948675036430359 0.00728366244584322 -0.7453866600990295 -0.9862685203552246 0.10100937634706497 -0.13065741956233978 16.5534610748291
-0.13053420186042786 0.004829299170523882 0.9914321899414062 77.9344711303711 0.10066098719835281 0.994885265827179 0.008407138288021088 -0.740619421005249 -0.9863205552101135 0.1008959636092186 -0.1303526908159256 16.32722282409668
-0.13057224452495575 0.004821177572011948 0.9914270639419556 79.66449737548828 0.10187093913555145 0.9947606325149536 0.008579147979617119 -0.7363504767417908 -0.9861912727355957 0.10211780667304993 -0.13037925958633423 16.110626220703125
-0.13103359937667847 0.004820455331355333 0.9913662075996399 81.43574523925781 0.10289883613586426 0.9946532249450684 0.008764191530644894 -0.7243586182594299 -0.9860232472419739 0.10315882414579391 -0.13082903623580933 15.89688777923584
-0.13081949949264526 0.005627581384032965 0.9913902282714844 83.18379211425781 0.10308394581079483 0.9946407675743103 0.007956471294164658 -0.7173326015472412 -0.9860324263572693 0.10323727130889893 -0.1306985318660736 15.66037368774414
-0.1311541050672531 0.006517678964883089 0.991340696811676 84.99439239501953 0.10287544876337051 0.9946691393852234 0.007070832420140505 -0.7109882235527039 -0.9860097765922546 0.10291197896003723 -0.13112543523311615 15.408698081970215
-0.13218042254447937 0.007256507873535156 0.9911991357803345 86.77713012695312 0.1020580306649208 0.9947582483291626 0.006327289156615734 -0.7077396512031555 -0.9859575629234314 0.10199617594480515 -0.13222818076610565 15.177508354187012
-0.13386298716068268 0.007846638560295105 0.9909687638282776 88.58111572265625 0.10154400020837784 0.994813859462738 0.005839776713401079 -0.711815595626831 -0.9857836961746216 0.10140865296125412 -0.13396553695201874 14.953402519226074
-0.13502246141433716 0.006873537320643663 0.9908186793327332 90.4041748046875 0.10026677697896957 0.9949375987052917 0.006761606782674789 -0.7117322087287903 -0.9857563376426697 0.10025916248559952 -0.13502810895442963 14.71552848815918
-0.13615934550762177 0.006691441405564547 0.9906643629074097 92.24248504638672 0.10028240084648132 0.9949339628219604 0.007062779739499092 -0.7064765691757202 -0.9855983257293701 0.1003078743815422 -0.1361405998468399 14.471611022949219
-0.13656318187713623 0.005743116140365601 0.9906147122383118 94.09651947021484 0.09783817827701569 0.9951723217964172 0.007718139328062534 -0.7009287476539612 -0.985788106918335 0.09797395020723343 -0.13646580278873444 14.218473434448242
-0.13825808465480804 0.006564437411725521 0.9903745055198669 95.92479705810547 0.09762119501829147 0.9951987862586975 0.007031685207039118 -0.6989661455154419 -0.9855732917785645 0.09765374660491943 -0.13823509216308594 13.969293594360352
-0.14049547910690308 0.007624178659170866 0.9900519847869873 97.7989273071289 0.09708390384912491 0.9952574372291565 0.006112637463957071 -0.6913641095161438 -0.985309898853302 0.09697690606117249 -0.14056932926177979 13.695947647094727
-0.14459620416164398 0.00837986171245575 0.9894554018974304 99.67782592773438 0.09754791110754013 0.9952137470245361 0.005826744716614485 -0.6876385807991028 -0.9846706986427307 0.09736181795597076 -0.14472155272960663 13.421603202819824
-0.14900468289852142 0.00741333095356822 0.9888086915016174 101.55533599853516 0.09562714397907257 0.9953929781913757 0.006947468966245651 -0.6861161589622498 -0.9842016696929932 0.09559217840433121 -0.14902713894844055 13.145244598388672
-0.15372589230537415 0.006629631854593754 0.9880912899971008 103.46143341064453 0.09404362738132477 0.9955363273620605 0.007951589301228523 -0.6826468110084534 -0.98362797498703 0.09414604306221008 -0.15366317331790924 12.856073379516602
-0.1581009030342102 0.007292459718883038 0.9873960018157959 105.36842346191406 0.09277810156345367 0.9956585168838501 0.0075020636431872845 -0.6842145323753357 -0.983054518699646 0.09279483556747437 -0.15809114277362823 12.549968719482422
-0.16212408244609833 0.009081019088625908 0.9867286086082458 107.28121948242188 0.09331750869750977 0.9956172108650208 0.006169675383716822 -0.6791005730628967 -0.9823480248451233 0.09307929873466492 -0.16226094961166382 12.226358413696289
-0.16701513528823853 0.010679743252694607 0.9858964681625366 109.21501922607422 0.09294998645782471 0.9956583976745605 0.004960639402270317 -0.6860705018043518 -0.9815630912780762 0.09246756136417389 -0.16728268563747406 11.908784866333008
-0.17174029350280762 0.010785354301333427 0.9850831627845764 111.15516662597656 0.09183085709810257 0.9957614541053772 0.005107601173222065 -0.6901232004165649 -0.9808529019355774 0.09133820980787277 -0.17200277745723724 11.578773498535156
-0.17666178941726685 0.010611988604068756 0.9842143654823303 113.1087417602539 0.0898943841457367 0.9959366917610168 0.005397231318056583 -0.6890137791633606 -0.9801579117774963 0.0894288420677185 -0.17689788341522217 11.237419128417969
-0.1816917359828949 0.010261762887239456 0.9833019375801086 115.07833862304688 0.08854815363883972 0.9960539937019348 0.005966834723949432 -0.6892116069793701 -0.9793606400489807 0.08815370500087738 -0.18188345432281494 10.877113342285156
-0.1876215785741806 0.009387555532157421 0.9821965098381042 117.01805877685547 0.08703477680683136 0.9961798787117004 0.007104391697794199 -0.689313530921936 -0.9783777594566345 0.08681818097829819 -0.18772192299365997 10.529233932495117
-0.1932513564825058 0.00907775666564703 0.9811072945594788 119.00102996826172 0.08748378604650497 0.9961337447166443 0.008015130646526814 -0.691867470741272 -0.9772412776947021 0.08737991005182266 -0.1932983696460724 10.144872665405273
-0.19844600558280945 0.010657412000000477 0.9800539016723633 120.95254516601562 0.0878164991736412 0.9961124062538147 0.0069494703784585 -0.6844043731689453 -0.976169764995575 0.087444007396698 -0.19861042499542236 9.761255264282227
-0.20390017330646515 0.011752840131521225 0.978921115398407 122.91309356689453 0.0873246118426323 0.9961603283882141 0.0062290881760418415 -0.6851272583007812 -0.9750893115997314 0.08675401657819748 -0.20414359867572784 9.362716674804688
-0.21010668575763702 0.011807047761976719 0.9776071906089783 124.89005279541016 0.08732695877552032 0.9961569309234619 0.006737169809639454 -0.6729915142059326 -0.9737706184387207 0.08678698539733887 -0.2103303074836731 8.958734512329102
-0.21552808582782745 0.011789566837251186 0.9764264822006226 126.87382507324219 0.08634655177593231 0.9962403178215027 0.0070305997505784035 -0.670513927936554 -0.9726725816726685 0.0858263447880745 -0.2157357633113861 8.528730392456055
-0.22091346979141235 0.012455279938876629 0.975213885307312 128.85885620117188 0.08558066934347153 0.9963089823722839 0.006661734543740749 -0.6687131524085999 -0.9715312719345093 0.08493112027645111 -0.2211640179157257 8.087533950805664
-0.22631675004959106 0.013152596540749073 0.9739649295806885 130.86129760742188 0.08493310213088989 0.9963668584823608 0.006280482746660709 -0.6672815084457397 -0.970343828201294 0.0841432437300682 -0.22661158442497253 7.641313552856445
-0.230851411819458 0.012569114565849304 0.9729078412055969 132.85372924804688 0.0859229788184166 0.9962733387947083 0.007516808807849884 -0.6630454063415527 -0.9691877365112305 0.08533039689064026 -0.23107106983661652 7.177701950073242
-0.2344423085451126 0.012699675746262074 0.9720470905303955 134.8546905517578 0.088397316634655 0.9960506558418274 0.008306749165058136 -0.6532548666000366 -0.9681026339530945 0.08787380903959274 -0.2346390336751938 6.689252853393555
-0.23802757263183594 0.013345829211175442 0.9711666107177734 136.864013671875 0.08974776417016983 0.9959298372268677 0.00831055548042059 -0.6540049314498901 -0.9671029448509216 0.08913818746805191 -0.2382565289735794 6.20158576965332
-0.24097086489200592 0.014130059629678726 0.9704294204711914 138.86570739746094 0.09029541164636612 0.9958836436271667 0.007920901291072369 -0.6508177518844604 -0.9663228392601013 0.08953405916690826 -0.2412548065185547 5.707305908203125
-0.24469061195850372 0.01416086032986641 0.969497799873352 140.9035186767578 0.08949761092662811 0.9959546327590942 0.008040918037295341 -0.6485910415649414 -0.9654619097709656 0.08873528242111206 -0.24496808648109436 5.2079925537109375
-0.24802367389202118 0.01465221680700779 0.9686431288719177 142.92201232910156 0.08844073861837387 0.996052622795105 0.007578667718917131 -0.6497907638549805 -0.9647085070610046 0.08754720538854599 -0.24834050238132477 4.693798065185547
-0.25329869985580444 0.01591663993895054 0.9672570824623108 144.95819091796875 0.08798713982105255 0.9960994124412537 0.006650218274444342 -0.6465555429458618 -0.9633785486221313 0.08679068088531494 -0.25371110439300537 4.175258636474609
-0.25754091143608093 0.01468441728502512 0.9661559462547302 147.0306854248047 0.0859387218952179 0.9962702989578247 0.007765927352011204 -0.6535829305648804 -0.9624381065368652 0.08503025025129318 -0.2578423321247101 3.6598892211914062
-0.26208823919296265 0.015167050994932652 0.964924693107605 149.06813049316406 0.08627519756555557 0.99624103307724 0.007774366997182369 -0.6533805131912231 -0.9611796736717224 0.08528665453195572 -0.262411504983902 3.1147842407226562
-0.26703935861587524 0.015514317899942398 0.9635607600212097 151.12307739257812 0.0855516865849495 0.9963042140007019 0.007668104488402605 -0.6540641784667969 -0.9598806500434875 0.08448193222284317 -0.26737964153289795 2.5640602111816406
-0.2722528576850891 0.01567462645471096 0.9620980024337769 153.17840576171875 0.08501430600881577 0.996349036693573 0.0078245485201478 -0.6523886919021606 -0.9584628343582153 0.08392234146595001 -0.27259135246276855 2.0058517456054688
-0.27660542726516724 0.015070432797074318 0.960865318775177 155.21826171875 0.08494853228330612 0.9963461756706238 0.008827317506074905 -0.6549167633056641 -0.957221508026123 0.08406578749418259 -0.2768750488758087 1.4262619018554688
-0.2811949551105499 0.015203936025500298 0.9595301747322083 157.27732849121094 0.085516557097435 0.9962936043739319 0.009274574927985668 -0.6508755683898926 -0.9558327794075012 0.08466368168592453 -0.28145289421081543 0.8388481140136719
-0.2854846715927124 0.01586879976093769 0.9582518339157104 159.35545349121094 0.08622777462005615 0.9962330460548401 0.00919140875339508 -0.6478140354156494 -0.9544963240623474 0.08525194972753525 -0.28577756881713867 0.23486709594726562
-0.2892262637615204 0.01715461164712906 0.9571070075035095 161.41908264160156 0.08664674311876297 0.9962043166160583 0.008328242227435112 -0.6432015895843506 -0.9533312320709229 0.08533895015716553 -0.2896149158477783 -0.379852294921875
-0.2932867705821991 0.01853123866021633 0.9558448791503906 163.4791259765625 0.08639062941074371 0.9962353706359863 0.007193390280008316 -0.6465520858764648 -0.9521130919456482 0.08468577265739441 -0.29378360509872437 -0.9937553405761719
-0.297362744808197 0.01991133578121662 0.954556941986084 165.56517028808594 0.08713282644748688 0.9961763620376587 0.006364066153764725 -0.6455072164535522 -0.9507802724838257 0.08506567031145096 -0.29796072840690613 -1.6222953796386719
-0.30088096857070923 0.0205325148999691 0.9534406661987305 167.65647888183594 0.08663883805274963 0.9962223172187805 0.005887124687433243 -0.6482765078544617 -0.9497180581092834 0.08437630534172058 -0.30152326822280884 -2.2720489501953125
-0.304762601852417 0.02054973691701889 0.9522066116333008 169.75108337402344 0.08694595098495483 0.9961929321289062 0.006328855641186237 -0.6537549495697021 -0.9484513998031616 0.08471931517124176 -0.3053891658782959 -2.9293746948242188
-0.30925682187080383 0.021026378497481346 0.9507460594177246 171.84884643554688 0.08685223758220673 0.9962018132209778 0.006219467148184776 -0.6514660120010376 -0.9470041990280151 0.0844978541135788 -0.309908390045166 -3.5936355590820312
-0.313595175743103 0.02218637801706791 0.9492975473403931 173.94874572753906 0.0891694575548172 0.9959973096847534 0.006178817246109247 -0.6535100936889648 -0.9453607201576233 0.08658599853515625 -0.31431829929351807 -4.282814025878906
-0.3163745701313019 0.022571837529540062 0.9483657479286194 176.034912109375 0.0913563147187233 0.9957951903343201 0.006775754038244486 -0.655206561088562 -0.9442251324653625 0.088782899081707 -0.31710636615753174 -4.985973358154297
-0.3188633322715759 0.02214338444173336 0.9475420117378235 178.08912658691406 0.09235050529241562 0.995695948600769 0.0078087435103952885 -0.6580389738082886 -0.9432908296585083 0.08999589085578918 -0.31953588128089905 -5.671504974365234
-0.32163378596305847 0.021918199956417084 0.9466104507446289 180.1754608154297 0.09199278056621552 0.9957258105278015 0.008201333694159985 -0.6502683162689209 -0.9423847794532776 0.08971913903951645 -0.32227540016174316 -6.382896423339844
-0.32430499792099 0.022298991680145264 0.9456895589828491 182.2634735107422 0.09106766432523727 0.9958145618438721 0.007748879492282867 -0.6540164947509766 -0.9415587782859802 0.08863475918769836 -0.3249783217906952 -7.099708557128906
-0.3270775079727173 0.02441890351474285 0.9446819424629211 184.36724853515625 0.09062931686639786 0.9958687424659729 0.005636596120893955 -0.6527079343795776 -0.9406415224075317 0.087459497153759 -0.32793936133384705 -7.826873779296875
-0.3299957513809204 0.026549194008111954 0.9436091184616089 186.4808349609375 0.0903279110789299 0.9959056973457336 0.0035685815382748842 -0.6535613536834717 -0.9396507143974304 0.08641184866428375 -0.33104291558265686 -8.5638427734375
-0.33322539925575256 0.02717524766921997 0.9424554109573364 188.59674072265625 0.08929239213466644 0.9960013628005981 0.002852021949365735 -0.6686308979988098 -0.9386094808578491 0.08510447293519974 -0.3343193829059601 -9.306659698486328
-0.3370154798030853 0.028704296797513962 0.9410613775253296 190.75146484375 0.08814200013875961 0.9961071610450745 0.001182341598905623 -0.6740719079971313 -0.9373641610145569 0.08334549516439438 -0.3382335603237152 -10.061203002929688
-0.34005728363990784 0.02906383015215397 0.939955472946167 192.8772735595703 0.08905491232872009 0.9960256218910217 0.0014207696076482534 -0.6860009431838989 -0.9361785054206848 0.08419080823659897 -0.34129413962364197 -10.844505310058594
-0.34383392333984375 0.02791202999651432 0.9386155605316162 195.04949951171875 0.08828307688236237 0.9960917234420776 0.002718656789511442 -0.6962347626686096 -0.9348713159561157 0.08379863202571869 -0.3449542820453644 -11.624183654785156
-0.34692853689193726 0.027465248480439186 0.9374893307685852 197.2057647705078 0.08841617405414581 0.9960773587226868 0.003537726355716586 -0.705811619758606 -0.9337148666381836 0.08411654829978943 -0.3479960560798645 -12.426197052001953
-0.35048261284828186 0.02735029347240925 0.9361698031425476 199.36062622070312 0.08832000941038132 0.9960842728614807 0.003964477218687534 -0.7125222682952881 -0.9323955774307251 0.08407198637723923 -0.35152578353881836 -13.231101989746094
-0.3539502024650574 0.027761835604906082 0.9348521828651428 201.5239715576172 0.08787868171930313 0.9961243271827698 0.003690888872370124 -0.7200384140014648 -0.9311265349388123 0.08345998078584671 -0.3550180196762085 -14.039104461669922
-0.3577097952365875 0.02811482734978199 0.9334093928337097 203.69009399414062 0.08687218278646469 0.996213972568512 0.0032854375895112753 -0.7350336313247681 -0.929783284664154 0.08226257562637329 -0.35879793763160706 -14.864891052246094
-0.36143797636032104 0.028680935502052307 0.9319549202919006 205.88003540039062 0.08645640313625336 0.99625164270401 0.002870531752705574 -0.744708776473999 -0.9283791780471802 0.08161100000143051 -0.36256277561187744 -15.68960189819336
-0.3642689883708954 0.029351195320487022 0.9308311343193054 207.99269104003906 0.0879339873790741 0.9961217045783997 0.0030018959660083055 -0.7653767466545105 -0.9271330833435059 0.08294518291950226 -0.36543723940849304 -16.51543426513672
-0.3664201498031616 0.02918802946805954 0.929991602897644 210.13450622558594 0.08894570171833038 0.9960291981697083 0.003784304717555642 -0.7805915474891663 -0.9261884093284607 0.08410540223121643 -0.36756134033203125 -17.3634033203125
-0.36917972564697266 0.029052777215838432 0.9289038181304932 212.30752563476562 0.09075028449296951 0.9958615303039551 0.004920456558465958 -0.7897359132766724 -0.9249166250228882 0.08611481636762619 -0.3702884316444397 -18.229427337646484
-0.3723413646221161 0.02966979518532753 0.9276214838027954 214.4963836669922 0.09144525974988937 0.9957982897758484 0.004855124279856682 -0.7978745698928833 -0.9235798120498657 0.08663433790206909 -0.3734900653362274 -19.100963592529297
-0.3756166696548462 0.03073510341346264 0.9262653589248657 216.68959045410156 0.09172363579273224 0.9957757592201233 0.004153942223638296 -0.8112726807594299 -0.9222249388694763 0.08652068674564362 -0.37684914469718933 -19.976409912109375
-0.3786977529525757 0.030885271728038788 0.9250049591064453 218.87254333496094 0.0910036489367485 0.9958425164222717 0.0040064710192382336 -0.8228247165679932 -0.9210354685783386 0.08569607138633728 -0.3799339234828949 -20.857376098632812
-0.3818919062614441 0.03224409371614456 0.9236443638801575 221.0380401611328 0.09102276712656021 0.9958446621894836 0.0028698802925646305 -0.8399308323860168 -0.9197137951850891 0.08516864478588104 -0.3832399547100067 -21.74640655517578
-0.384575754404068 0.033348698168992996 0.9224908351898193 223.20932006835938 0.09064363688230515 0.9958819150924683 0.0017864461988210678 -0.8527296781539917 -0.9186322689056396 0.08430493623018265 -0.386014848947525 -22.650615692138672
-0.3874463438987732 0.03331848233938217 0.9212899804115295 225.38632202148438 0.08853764832019806 0.9960722327232361 0.0012113192351534963 -0.8709089756011963 -0.9176308512687683 0.08203816413879395 -0.38887444138526917 -23.546161651611328
-0.39116498827934265 0.034731268882751465 0.9196649193763733 227.56063842773438 0.08956291526556015 0.9959810376167297 0.00048081498243846 -0.8846453428268433 -0.915952205657959 0.08255597203969955 -0.39270350337028503 -24.45148468017578
-0.39393290877342224 0.03414676710963249 0.9185047149658203 229.71530151367188 0.0907410979270935 0.9958727359771729 0.001894455635920167 -0.9082755446434021 -0.9146490097045898 0.0840923860669136 -0.39540544152259827 -25.373863220214844
-0.39718863368034363 0.032984089106321335 0.9171440601348877 231.8843994140625 0.09077251702547073 0.995865523815155 0.0034957542084157467 -0.9278730154037476 -0.9132368564605713 0.08463996648788452 -0.39854058623313904 -26.294116973876953
-0.40087342262268066 0.032748159021139145 0.9155479669570923 234.02053833007812 0.0896836444735527 0.9959636330604553 0.0036435078363865614 -0.940559446811676 -0.9117332696914673 0.08357025682926178 -0.40219226479530334 -27.210277557373047
-0.40419480204582214 0.03258129581809044 0.9140924215316772 236.15313720703125 0.08823207765817642 0.99609375 0.003510513808578253 -0.9624270796775818 -0.9104074239730835 0.0820712223649025 -0.4054906964302063 -28.14350128173828
-0.40811586380004883 0.03200123831629753 0.9123691320419312 238.3363037109375 0.08652202039957047 0.9962427616119385 0.003759438404813409 -0.9754568338394165 -0.9088208675384521 0.08047429472208023 -0.40935125946998596 -29.100692749023438
-0.4118328392505646 0.03173563629388809 0.910706639289856 240.48983764648438 0.08595920354127884 0.9962899088859558 0.004153837449848652 -0.9902587532997131 -0.9071959853172302 0.07999429851770401 -0.4130329191684723 -30.056800842285156
-0.41551002860069275 0.03164743632078171 0.9090378880500793 242.62745666503906 0.08545587956905365 0.9963323473930359 0.004374308045953512 -1.0114291906356812 -0.9055653810501099 0.07950019836425781 -0.41669055819511414 -31.027374267578125
-0.41941145062446594 0.03157273307442665 0.9072470664978027 244.77496337890625 0.08501265943050385 0.9963690638542175 0.004626282956451178 -1.0229496955871582 -0.9038068652153015 0.07906778901815414 -0.4205726981163025 -32.00328826904297
-0.4236987233161926 0.03087778575718403 0.9052767157554626 246.93545532226562 0.08352012932300568 0.9964930415153503 0.005101069342344999 -1.037137508392334 -0.9019443988800049 0.07777015119791031 -0.42479175329208374 -32.986351013183594
-0.42783865332603455 0.03118123859167099 0.9033170938491821 249.0565948486328 0.08274444937705994 0.9965592622756958 0.004790478385984898 -1.0428895950317383 -0.900059700012207 0.07679402828216553 -0.42894667387008667 -33.9739990234375
-0.4313763380050659 0.032020702958106995 0.901603639125824 251.19650268554688 0.08337308466434479 0.9965082406997681 0.00449896277859807 -1.063962459564209 -0.8983113765716553 0.07711022347211838 -0.43253976106643677 -34.99016571044922
-0.43470215797424316 0.03212644159793854 0.900001049041748 253.2641143798828 0.08343484252691269 0.9965020418167114 0.004728040192276239 -1.0830177068710327 -0.8967009782791138 0.0771467313170433 -0.4358620345592499 -35.985504150390625
-0.43835747241973877 0.03222121670842171 0.8982229828834534 255.38119506835938 0.08337058126926422 0.99650639295578 0.004940282553434372 -1.094537377357483 -0.8949257135391235 0.07705099135637283 -0.43951231241226196 -37.00323486328125
-0.44204777479171753 0.03260689601302147 0.896398663520813 257.4939270019531 0.08214089274406433 0.9966115951538086 0.004254576750099659 -1.1095740795135498 -0.8932226300239563 0.07551171630620956 -0.4432283341884613 -38.031768798828125
-0.4455299973487854 0.03303496912121773 0.8946573138237 259.6007995605469 0.08284159004688263 0.9965527653694153 0.004456810653209686 -1.1263606548309326 -0.8914259076118469 0.07610046863555908 -0.4467308521270752 -39.07191467285156
-0.44920045137405396 0.03362792730331421 0.8927978873252869 261.7373352050781 0.08346285670995712 0.9965009093284607 0.00445933174341917 -1.1333003044128418 -0.889523983001709 0.07651858776807785 -0.4504354000091553 -40.137359619140625
-0.45283252000808716 0.03511512279510498 0.8909037709236145 263.8664855957031 0.08499354124069214 0.9963737726211548 0.0039286487735807896 -1.1382248401641846 -0.8875352740287781 0.0775001123547554 -0.4541749060153961 -41.200294494628906
-0.45627743005752563 0.03717304393649101 0.8890607953071594 265.9992370605469 0.087316133081913 0.9961756467819214 0.003160076914355159 -1.1498708724975586 -0.8855432271957397 0.07907121628522873 -0.45777827501296997 -42.29454803466797
-0.45908603072166443 0.03785782679915428 0.8875847458839417 268.12451171875 0.08857961744070053 0.9960636496543884 0.003331368323415518 -1.1631896495819092 -0.8839646577835083 0.08015130460262299 -0.4606323540210724 -43.393157958984375
-0.46185192465782166 0.04011880233883858 0.8860492706298828 270.2452087402344 0.0905955508351326 0.9958854913711548 0.0021308097057044506 -1.171410083770752 -0.8823180794715881 0.08125624060630798 -0.4635862708091736 -44.500831604003906
-0.4644792675971985 0.042580511420965195 0.884559690952301 272.3621520996094 0.09256545454263687 0.99570631980896 0.0006749712047167122 -1.1930747032165527 -0.8807330131530762 0.08219318836927414 -0.46642646193504333 -45.588157653808594
