0.9997991919517517 -0.0017059845849871635 -0.019965343177318573 13.24542236328125 0.0015888888156041503 0.9999814629554749 -0.005879345815628767 1.0782203674316406 0.019975002855062485 0.0058464426547288895 0.9997833967208862 -5.039107322692871
0.9997649788856506 -0.004174116067588329 -0.021274670958518982 13.206781387329102 0.004112076014280319 0.9999871253967285 -0.0029590812046080828 1.0541738271713257 0.021286748349666595 0.0028709019534289837 0.9997692704200745 -3.5156733989715576
0.9997289776802063 -0.004675170872360468 -0.022805502638220787 13.172845840454102 0.004630483221262693 0.9999872446060181 -0.0020119203254580498 1.0258715152740479 0.022814618423581123 0.0019057749304920435 0.9997379183769226 -1.999627709388733
0.9997016191482544 -0.003607720835134387 -0.024159882217645645 13.12462043762207 0.003548968583345413 0.9999906420707703 -0.0024742442183196545 1.004472255706787 0.024168582633137703 0.0023877627681940794 0.9997050166130066 -0.48652034997940063
0.9996640682220459 -0.0026592635549604893 -0.025778647512197495 13.082627296447754 0.0025933715514838696 0.9999932050704956 -0.002589161042124033 0.9803290367126465 0.025785358622670174 0.002521438291296363 0.9996642470359802 1.0126760005950928
0.9996256232261658 -0.0030402953270822763 -0.027190113440155983 13.037707328796387 0.0029739271849393845 0.9999924898147583 -0.0024809916503727436 0.959297776222229 0.027197452262043953 0.002399201737716794 0.9996271729469299 2.511223316192627
0.9995770454406738 -0.003666820703074336 -0.028848795220255852 12.985149383544922 0.0036181595642119646 0.9999919533729553 -0.0017388006672263145 0.9297162294387817 0.028854941949248314 0.0016336857806891203 0.9995822310447693 4.0341620445251465
0.9995172023773193 -0.00556550407782197 -0.030566884204745293 12.933735847473145 0.005485388450324535 0.9999813437461853 -0.0027042189612984657 0.9095329642295837 0.030581362545490265 0.0025352423544973135 0.9995290637016296 5.529679775238037
0.9994663000106812 -0.006526223849505186 -0.032007478177547455 12.889654159545898 0.006451813504099846 0.9999761581420898 -0.0024274932220578194 0.886576771736145 0.03202256187796593 0.0022196914069354534 0.9994845986366272 7.016351699829102
0.9994233250617981 -0.006250872742384672 -0.03337451070547104 12.833968162536621 0.0061717950738966465 0.9999778866767883 -0.002471907064318657 0.8606559634208679 0.033389221876859665 0.0022645010612905025 0.9994398355484009 8.505437850952148
0.9993863105773926 -0.006106537766754627 -0.0344904288649559 12.782424926757812 0.006023406982421875 0.9999787211418152 -0.002513656159862876 0.8390081524848938 0.03450503945350647 0.002304363762959838 0.999401867389679 9.984454154968262
0.9993712306022644 -0.004379302263259888 -0.0351831391453743 12.719756126403809 0.004319469910115004 0.9999891519546509 -0.0017764251679182053 0.8132231831550598 0.03519053012132645 0.0016233358765020967 0.9993792772293091 11.460657119750977
0.9993594288825989 -0.0029947913717478514 -0.03566029295325279 12.66655158996582 0.0029493358451873064 0.999994695186615 -0.0013272162759676576 0.7932491302490234 0.03566407784819603 0.0012211918365210295 0.9993630647659302 12.94438362121582
0.9993276000022888 -0.0020871052984148264 -0.036605797708034515 12.60623550415039 0.002067449502646923 0.9999977946281433 -0.0005747916293330491 0.7726956009864807 0.036606911569833755 0.0004987255088053644 0.9993295669555664 14.411487579345703
0.9993181824684143 -0.002599663333967328 -0.0368296280503273 12.54971694946289 0.0025918709579855204 0.9999966025352478 -0.0002593166136648506 0.7432762980461121 0.03683018311858177 0.0001636821689317003 0.999321460723877 15.879752159118652
0.9992964863777161 -0.001393428654409945 -0.037478093057870865 12.487775802612305 0.0013861602637916803 0.999998927116394 -0.00021991675021126866 0.7246270775794983 0.03747836872935295 0.00016781197336968035 0.9992973208427429 17.3443660736084
0.9992859363555908 -0.0015823367284610868 -0.037749722599983215 12.44438648223877 0.0015916652046144009 0.9999988079071045 0.00021707284031435847 0.7060533761978149 0.03774932399392128 -0.00027700280770659447 0.9992871880531311 18.81993865966797
0.9992910623550415 -0.0006401469581760466 -0.0376412533223629 12.382640838623047 0.0006908541545271873 0.9999988675117493 0.0013341371668502688 0.6881245374679565 0.03764035180211067 -0.0013591950992122293 0.999290406703949 20.259357452392578
0.9992917776107788 -0.00024383922573179007 -0.03762666508555412 12.324955940246582 0.0002502344432286918 0.9999999403953552 0.000165255565661937 0.6658357381820679 0.03762662038207054 -0.0001745549525367096 0.9992918372154236 21.702272415161133
0.9992901086807251 5.3294348617782816e-05 -0.03767348453402519 12.26484203338623 -0.000129437874420546 0.9999979734420776 -0.0020187089685350657 0.6499068737030029 0.03767329826951027 0.0020221523009240627 0.9992880821228027 23.134008407592773
0.9992982745170593 -0.0016672867350280285 -0.037419214844703674 12.20504379272461 0.0015872047515586019 0.9999963641166687 -0.002169734565541148 0.6258577704429626 0.037422701716423035 0.002108821179717779 0.9992972612380981 24.551118850708008
0.9993093609809875 -0.0022545913234353065 -0.0370929017663002 12.141804695129395 0.002277321182191372 0.9999972581863403 0.0005705403164029121 0.6014306545257568 0.037091515958309174 -0.0006546196527779102 0.9993117451667786 25.971704483032227
0.99931401014328 -0.004135087598115206 -0.03679908066987991 12.085859298706055 0.004205476958304644 0.9999894499778748 0.0018356117652729154 0.5794332027435303 0.03679109364748001 -0.001989110140129924 0.9993211030960083 27.37864875793457
0.9993154406547546 -0.00469560269266367 -0.036695148795843124 12.02703857421875 0.004739477299153805 0.9999880790710449 0.0011087574530392885 0.5619854927062988 0.036689504981040955 -0.0012819140683859587 0.9993259906768799 28.774921417236328
0.9993357062339783 -0.00468737306073308 -0.036141328513622284 11.975483894348145 0.004665987566113472 0.9999889135360718 -0.0006760335527360439 0.538942813873291 0.03614409640431404 0.0005069494945928454 0.9993464350700378 30.168006896972656
0.9993494749069214 -0.0035139915999025106 -0.035891614854335785 11.92003059387207 0.003461433108896017 0.999992847442627 -0.0015263913664966822 0.5178330540657043 0.03589671850204468 0.0014011622406542301 0.9993544816970825 31.52086067199707
0.9993905425071716 -0.003246281063184142 -0.03475501388311386 11.86249828338623 0.0031656112987548113 0.9999921917915344 -0.002375868847593665 0.49279481172561646 0.03476245328783989 0.0022644002456218004 0.9993929862976074 32.88863754272461
0.9994320273399353 -0.0027558989822864532 -0.033588338643312454 11.80951976776123 0.002717862604185939 0.9999955892562866 -0.0011780338827520609 0.4684045910835266 0.033591434359550476 0.0010860756738111377 0.9994350075721741 34.2287712097168
0.9994857907295227 -0.0020931879989802837 -0.03199634701013565 11.756500244140625 0.002120242454111576 0.9999973773956299 0.0008116349345073104 0.4439908564090729 0.03199456259608269 -0.0008790575666353106 0.9994876384735107 35.55099868774414
0.9995355606079102 -0.002584362169727683 -0.030364323407411575 11.712621688842773 0.002638079458847642 0.9999950528144836 0.0017291703261435032 0.42441365122795105 0.030359696596860886 -0.0018084709299728274 0.9995374083518982 36.85228729248047
0.9996073246002197 -0.0021039044950157404 -0.027942724525928497 11.670334815979004 0.0021751681342720985 0.9999944567680359 0.002520193113014102 0.4004495143890381 0.0279372688382864 -0.0025799835566431284 0.9996063709259033 38.1414909362793
0.9996978640556335 -0.002476545749232173 -0.024454986676573753 11.627740859985352 0.0025280744303017855 0.9999946355819702 0.002076387405395508 0.38022515177726746 0.02444971539080143 -0.0021375827491283417 0.9996987581253052 39.41431427001953
0.9997747540473938 -0.0032213476952165365 -0.02097449265420437 11.59582805633545 0.0032282087486237288 0.999994695186615 0.0002932613715529442 0.3575229048728943 0.020973436534404755 -0.0003609037958085537 0.999779999256134 40.664119720458984
0.9998450875282288 -0.0035911535378545523 -0.017231035977602005 11.565655708312988 0.0035658942069858313 0.9999925494194031 -0.0014964478323236108 0.3381531536579132 0.01723628118634224 0.0014347720425575972 0.9998503923416138 41.88895797729492
0.9999052286148071 -0.002731295069679618 -0.013495109975337982 11.5470552444458 0.002723346697166562 0.9999961256980896 -0.0006073430995456874 0.31413692235946655 0.01349671557545662 0.0005705337389372289 0.9999086856842041 43.10022735595703
0.9999639987945557 -0.00294127338565886 -0.007966832257807255 11.52859115600586 0.002933922689408064 0.9999952912330627 -0.0009341863333247602 0.29660680890083313 0.007969546131789684 0.0009107784717343748 0.9999677538871765 44.3375129699707
0.9999979734420776 -0.0015742997638881207 -0.0012621680507436395 11.518877029418945 0.0015717928763478994 0.9999967217445374 -0.0019848470110446215 0.2774268090724945 0.0012652886798605323 0.001982858870178461 0.9999972581863403 45.52573013305664
0.9999825358390808 -0.00030577374855056405 0.005907827988266945 11.519410133361816 0.00031731545459479094 0.9999980330467224 -0.0019527871627360582 0.25813329219818115 -0.005907217971980572 0.001954626990482211 0.9999806880950928 46.72511291503906
0.9998972415924072 0.0009896481642499566 0.014302113093435764 11.533818244934082 -0.0009742739493958652 0.9999988675117493 -0.0010818818118423223 0.23957538604736328 -0.0143031757324934 0.0010678364196792245 0.9998971223831177 47.91795349121094
0.9996881484985352 0.0035033198073506355 0.02472551539540291 11.552705764770508 -0.0034969972912222147 0.9999938607215881 -0.0002989381900988519 0.219512477517128 -0.02472641132771969 0.00021238019689917564 0.9996942281723022 49.092315673828125
0.9992807507514954 0.005582129582762718 0.037506863474845886 11.582401275634766 -0.005572742782533169 0.9999843239784241 -0.0003547928645275533 0.19892138242721558 -0.03750826045870781 0.00014552060747519135 0.9992963075637817 50.21989440917969
0.9986041188240051 0.007539408281445503 0.05227791890501976 11.631610870361328 -0.007555532269179821 0.9999713897705078 0.0001108085853047669 0.1796959787607193 -0.05227559432387352 -0.0005056413356214762 0.998632550239563 51.35248947143555
0.9975895881652832 0.009992596693336964 0.06866730749607086 11.691829681396484 -0.01011594757437706 0.9999477863311768 0.0014488588785752654 0.16118642687797546 -0.06864923238754272 -0.002140001393854618 0.9976385831832886 52.48073959350586
0.9961997270584106 0.010090388357639313 0.08651237934827805 11.782757759094238 -0.01033126749098301 0.9999439120292664 0.0023370643611997366 0.14447830617427826 -0.08648395538330078 -0.003221964929252863 0.9962480068206787 53.59785461425781
0.994336724281311 0.009994388557970524 0.10580425709486008 11.884675979614258 -0.010224176570773125 0.9999464154243469 0.00162964453920722 0.12780599296092987 -0.10578230023384094 -0.0027021770365536213 0.9943856596946716 54.6973762512207
0.9919881224632263 0.009189765900373459 0.12599626183509827 12.02147102355957 -0.009323199279606342 0.999956488609314 0.00046934490092098713 0.11960846185684204 -0.1259864717721939 -0.0016402737237513065 0.992030680179596 55.797847747802734
0.9891058802604675 0.0064428942278027534 0.14706484973430634 12.170202255249023 -0.006606436334550381 0.9999780058860779 0.0006236076005734503 0.09721317142248154 -0.14705759286880493 -0.0015883872983977199 0.9891266822814941 56.83561325073242
0.985695481300354 0.0012302168179303408 0.1685316264629364 12.352324485778809 -0.0017441574018448591 0.9999942779541016 0.0029015159234404564 0.08281082659959793 -0.1685270518064499 -0.003153957426548004 0.985692024230957 57.87718963623047
0.9813782572746277 -0.004009671043604612 0.1920429915189743 12.549007415771484 0.0032346828375011683 0.9999853372573853 0.004348840098828077 0.06742033362388611 -0.19205759465694427 -0.003646658966317773 0.9813768863677979 58.90937423706055
0.9764530658721924 -0.009142853319644928 0.2155357003211975 12.784407615661621 0.008496545255184174 0.9999562501907349 0.0039249868132174015 0.05260045826435089 -0.2155621349811554 -0.0020012566819787025 0.9764880537986755 59.92166519165039
0.9704254269599915 -0.015412526205182076 0.24090860784053802 13.03449535369873 0.01532350480556488 0.9998800754547119 0.00224301521666348 0.038308627903461456 -0.24091437458992004 0.0015148856909945607 0.9705451130867004 60.9122428894043
0.9634628295898438 -0.01908513717353344 0.267161101102829 13.315959930419922 0.018910368904471397 0.9998159408569336 0.0032272383105009794 0.026413604617118835 -0.2671735882759094 0.0019427911611273885 0.9636464715003967 61.89992904663086
0.9553751349449158 -0.02141638658940792 0.2946178615093231 13.608600616455078 0.020681429654359818 0.9997704029083252 0.005610468797385693 0.013062059879302979 -0.29467031359672546 0.000733015185687691 0.9555987119674683 62.86022186279297
0.9462141990661621 -0.025900669395923615 0.3225025534629822 13.93287467956543 0.024448180571198463 0.9996645450592041 0.008554244413971901 0.005365133285522461 -0.32261592149734497 -0.00020954757928848267 0.9465299248695374 63.81248474121094
0.9358253479003906 -0.028867818415164948 0.35127976536750793 14.282623291015625 0.027701277285814285 0.9995813965797424 0.008347118273377419 -0.00646287202835083 -0.3513736426830292 0.0019194550113752484 0.9362333416938782 64.7330093383789
0.9243038892745972 -0.027895120903849602 0.3806365430355072 14.6515474319458 0.028203817084431648 0.9995908141136169 0.00476783188059926 -0.014327794313430786 -0.3806138038635254 0.0063284775242209435 0.9247124791145325 65.63587188720703
0.911848247051239 -0.029691051691770554 0.4094521999359131 15.05265998840332 0.03270818293094635 0.9994648694992065 -0.0003657092747744173 -0.02790045738220215 -0.40922221541404724 0.013725911267101765 0.9123315215110779 66.50492858886719
0.898238480091095 -0.03179996460676193 0.4383564889431 15.479002952575684 0.036614540964365005 0.9993263483047485 -0.002532300539314747 -0.0406009703874588 -0.43798068165779114 0.01832483522593975 0.8987976908683777 67.36314392089844
0.8831407427787781 -0.032508254051208496 0.4679802358150482 15.927963256835938 0.0362420454621315 0.9993424415588379 0.0010257940739393234 -0.0541553720831871 -0.4677058756351471 0.01605464145541191 0.8837383389472961 68.20780181884766
0.8661265969276428 -0.03121478483080864 0.49884891510009766 16.407569885253906 0.032079655677080154 0.9994618892669678 0.006841633934527636 -0.06404909491539001 -0.4987940192222595 0.010077182203531265 0.8666620254516602 69.04539489746094
0.8470056056976318 -0.0313875749707222 0.5306564569473267 16.905651092529297 0.03028692491352558 0.9994831681251526 0.010775630362331867 -0.07564300298690796 -0.5307204723358154 0.0069449348375201225 0.8475183844566345 69.85330200195312
0.8266146183013916 -0.025344617664813995 0.5621974468231201 17.428321838378906 0.026363277807831764 0.9996325373649597 0.006302115973085165 -0.08391252160072327 -0.5621505379676819 0.00961194559931755 0.8269790410995483 70.62840270996094
0.8052705526351929 -0.018455930054187775 0.5926200747489929 17.97852325439453 0.023534011095762253 0.9997226595878601 -0.0008444410632364452 -0.0892680287361145 -0.5924403071403503 0.014626732096076012 0.8054816722869873 71.38690185546875
0.7832698225975037 -0.016047008335590363 0.6214747428894043 18.55282211303711 0.02265874855220318 0.999739408493042 -0.002743602730333805 -0.09575533866882324 -0.6212690472602844 0.01623082160949707 0.7834293246269226 72.11662292480469
0.7603327035903931 -0.0183259267359972 0.6492752432823181 19.1644287109375 0.023602118715643883 0.9997212290763855 0.0005781206418760121 -0.10373787581920624 -0.6491050124168396 0.0148847084492445 0.760553240776062 72.83076477050781
0.7364645600318909 -0.01917601376771927 0.6762042045593262 19.77984619140625 0.024315165355801582 0.9997025728225708 0.0018678539199754596 -0.13005085289478302 -0.6760388612747192 0.01506640762090683 0.736711859703064 73.50433349609375
0.7115671634674072 -0.01694496162235737 0.7024137377738953 20.419519424438477 0.02481178008019924 0.9996916651725769 -0.0010186475701630116 -0.136800616979599 -0.7021797895431519 0.01815297082066536 0.7117681503295898 74.1513900756836
0.6859577894210815 -0.015010330826044083 0.7274863719940186 21.081758499145508 0.02491346187889576 0.9996856451034546 -0.0028646246064454317 -0.15290586650371552 -0.7272146940231323 0.020089218392968178 0.686116099357605 74.77029418945312
0.6595317125320435 -0.012424477376043797 0.751573920249939 21.764339447021484 0.0231496449559927 0.9997248649597168 -0.0037878737784922123 -0.1611563265323639 -0.7513202428817749 0.019896892830729485 0.6596378684043884 75.36923217773438
0.6318589448928833 -0.011018332093954086 0.7750049829483032 22.475526809692383 0.022984366863965988 0.9997255802154541 -0.0045258658938109875 -0.18002936244010925 -0.7747425436973572 0.020672710612416267 0.6319387555122375 75.95162963867188
0.6036787033081055 -0.004842913243919611 0.7972129583358765 23.199764251708984 0.021684084087610245 0.999711275100708 -0.010346928611397743 -0.19827723503112793 -0.7969327569007874 0.023533055558800697 0.6036094427108765 76.49842834472656
0.5739675164222717 0.004597368650138378 0.818865180015564 23.955116271972656 0.020404178649187088 0.9995934367179871 -0.019913945347070694 -0.21626436710357666 -0.8186238408088684 0.028138229623436928 0.5736404061317444 77.03660583496094
0.5439248085021973 0.012869725003838539 0.8390352725982666 24.72526741027832 0.019479980692267418 0.9994192123413086 -0.027958177030086517 -0.23805749416351318 -0.8389078378677368 0.0315515361726284 0.5433582663536072 77.52947235107422
0.5121333003044128 0.01788160763680935 0.8587198257446289 25.52427864074707 0.016586555168032646 0.9993909001350403 -0.030702965334057808 -0.2695305347442627 -0.858745813369751 0.029967214912176132 0.5115247964859009 78.02194213867188
0.4798450469970703 0.017559673637151718 0.8771774768829346 26.347368240356445 0.014709386974573135 0.9994980692863464 -0.0280548557639122 -0.3001521825790405 -0.8772299289703369 0.026364728808403015 0.4793458878993988 78.47893524169922
0.4471224546432495 0.016563357785344124 0.8943194150924683 27.191852569580078 0.010238004848361015 0.999668300151825 -0.02363305725157261 -0.3273794651031494 -0.8944141864776611 0.019722918048501015 0.44680455327033997 78.9078140258789
0.41305437684059143 0.017662957310676575 0.9105352163314819 28.036405563354492 0.005909421481192112 0.9997388124465942 -0.022074121981859207 -0.36212587356567383 -0.9106872081756592 0.014498547650873661 0.4128422141075134 79.29658508300781
0.378149151802063 0.020857365801930428 0.9255096912384033 28.91850471496582 -0.0009422034490853548 0.9997542500495911 -0.022145580500364304 -0.38864803314208984 -0.9257441759109497 0.007502315100282431 0.37807589769363403 79.67872619628906
0.3431098461151123 0.02290431410074234 0.9390159249305725 29.808469772338867 -0.005946917925029993 0.9997355341911316 -0.02221241593360901 -0.4167083501815796 -0.9392764568328857 0.00203704833984375 0.3431553244590759 79.99857330322266
0.30655863881111145 0.022406361997127533 0.9515880346298218 30.722867965698242 -0.008544125594198704 0.9997473955154419 -0.0207878015935421 -0.4430094361305237 -0.9518133997917175 -0.0017578053520992398 0.3066726326942444 80.3251953125
0.27058807015419006 0.02213180996477604 0.9624408483505249 31.650386810302734 -0.009297685697674751 0.9997491836547852 -0.020375709980726242 -0.4686088562011719 -0.9626502990722656 -0.0034350489731878042 0.27072593569755554 80.58699035644531
0.23510348796844482 0.02148459479212761 0.9717328548431396 32.596435546875 -0.008566305972635746 0.9997627139091492 -0.02003176510334015 -0.4965245723724365 -0.9719325304031372 -0.0036146212369203568 0.23523172736167908 80.81005859375
0.1996418833732605 0.020363634452223778 0.9796572923660278 33.562896728515625 -0.006777089089155197 0.999788761138916 -0.01940101385116577 -0.5203276872634888 -0.9798454642295837 -0.0027659714687615633 0.1997377574443817 81.0098648071289
0.16533398628234863 0.019324570894241333 0.9860483407974243 34.5257568359375 0.0015140806790441275 0.9998018145561218 -0.019847987219691277 -0.5459717512130737 -0.9862365126609802 0.004774501547217369 0.16527195274829865 81.15745544433594
0.13149181008338928 0.022638864815235138 0.9910586476325989 35.47716522216797 0.0037732780911028385 0.999720573425293 -0.023337356746196747 -0.5780686140060425 -0.9913101196289062 0.006808210629969835 0.13136962056159973 81.27973175048828
0.09886787086725235 0.027568669989705086 0.994718611240387 36.47666931152344 0.0041245329193770885 0.9995962381362915 -0.028113804757595062 -0.6121202707290649 -0.99509197473526 0.00688230199739337 0.09871424734592438 81.38488006591797
0.07003358006477356 0.03118017502129078 0.9970571398735046 37.45069885253906 0.011099138297140598 0.9994251728057861 -0.03203383460640907 -0.6450991034507751 -0.9974828958511353 0.013309919275343418 0.06964724510908127 81.44100952148438
0.044588107615709305 0.029694201424717903 0.9985640645027161 38.4364013671875 0.012874933890998363 0.9994581341743469 -0.030295681208372116 -0.6777230501174927 -0.9989225268363953 0.014207271859049797 0.04418162256479263 81.48001098632812
0.02218155935406685 0.02647487260401249 0.9994033575057983 39.474220275878906 0.014513788744807243 0.9995354413986206 -0.026800502091646194 -0.7144811153411865 -0.9996485710144043 0.015099605545401573 0.02178700640797615 81.50556945800781
0.003545926883816719 0.02411598339676857 0.9997029304504395 40.46697998046875 0.014682318083941936 0.9996001124382019 -0.02416558377444744 -0.7466328740119934 -0.9998858571052551 0.014763644896447659 0.0031904298812150955 81.50428771972656
-0.013452069833874702 0.027034932747483253 0.9995439648628235 41.45914077758789 0.016710834577679634 0.9995008707046509 -0.02680887095630169 -0.7851738929748535 -0.9997698664665222 0.016342582181096077 -0.013897130265831947 81.49633026123047
-0.028015241026878357 0.03128793463110924 0.9991177320480347 42.48522186279297 0.01902550272643566 0.9993456602096558 -0.030761608853936195 -0.8160272836685181 -0.9994263648986816 0.018146924674510956 -0.028592180460691452 81.46256256103516
-0.04009614884853363 0.036615245044231415 0.9985247254371643 43.48044204711914 0.022961504757404327 0.9990983009338379 -0.035714246332645416 -0.8518811464309692 -0.9989320039749146 0.021495625376701355 -0.040900737047195435 81.4198989868164
-0.04891347885131836 0.03976178914308548 0.9980113506317139 44.477745056152344 0.028125694021582603 0.9988658428192139 -0.038417376577854156 -0.8988634347915649 -0.9984070062637329 0.026190634816884995 -0.04997633770108223 81.36428833007812
-0.054732777178287506 0.04506184533238411 0.9974838495254517 45.5040397644043 0.032895639538764954 0.9985202550888062 -0.04330366477370262 -0.9473308324813843 -0.9979589581489563 0.03044273890554905 -0.05613414943218231 81.2978744506836
-0.05819011479616165 0.04998514801263809 0.997053325176239 46.50440979003906 0.034701570868492126 0.9982434511184692 -0.04801955819129944 -0.995958685874939 -0.9977022409439087 0.03180505335330963 -0.059822455048561096 81.2364730834961
-0.061171479523181915 0.05383254960179329 0.9966745376586914 47.518131256103516 0.0364125594496727 0.9980002045631409 -0.05166931077837944 -1.0535390377044678 -0.9974628686904907 0.03313078358769417 -0.06300932914018631 81.17111206054688
-0.06367570906877518 0.056868910789489746 0.9963489770889282 48.51670455932617 0.036798372864723206 0.9978298544883728 -0.05460169166326523 -1.111358880996704 -0.9972920417785645 0.03318721801042557 -0.06563021242618561 81.10604095458984
-0.06585582345724106 0.060390815138816833 0.9959999918937683 49.5491828918457 0.03828518092632294 0.9975847601890564 -0.057955484837293625 -1.1721670627593994 -0.9970943927764893 0.034315325319767 -0.06800884008407593 81.02713012695312
-0.0681939572095871 0.06429296731948853 0.9955983757972717 50.5560417175293 0.039431266486644745 0.9973153471946716 -0.061702992767095566 -1.2358698844909668 -0.996892511844635 0.0350499302148819 -0.07054603099822998 80.95793914794922
-0.06984584033489227 0.0656374841928482 0.9953961372375488 51.57099151611328 0.04247076436877251 0.9971238374710083 -0.0627712830901146 -1.3038761615753174 -0.9966533184051514 0.03789091855287552 -0.07243265211582184 80.87525177001953
-0.07206264138221741 0.06435856223106384 0.99532151222229 52.587974548339844 0.042435240000486374 0.9972101449966431 -0.06140832230448723 -1.3724887371063232 -0.9964969754219055 0.03781146556138992 -0.07459267973899841 80.80274200439453
-0.07431073486804962 0.06413819640874863 0.9951704144477844 53.61372756958008 0.04184271767735481 0.9972513914108276 -0.06114783138036728 -1.4413986206054688 -0.9963568449020386 0.03709670156240463 -0.07679019868373871 80.7266845703125
-0.07662560790777206 0.06543224304914474 0.9949106574058533 54.63888931274414 0.04157691448926926 0.9971860647201538 -0.062379732728004456 -1.5076327323913574 -0.9961926341056824 0.036585427820682526 -0.07913047075271606 80.65188598632812
-0.07909616827964783 0.06766321510076523 0.9945679903030396 55.66448211669922 0.04118185490369797 0.9970638751983643 -0.06455789506435394 -1.5820393562316895 -0.9960159659385681 0.03585187345743179 -0.08165044337511063 80.56900787353516
-0.0816371962428093 0.07001133263111115 0.9942001700401306 56.69731140136719 0.03941961005330086 0.9969759583473206 -0.06696993112564087 -1.6559455394744873 -0.9958822727203369 0.03372374176979065 -0.08415015041828156 80.48362731933594
-0.08420726656913757 0.0734802708029747 0.9937353730201721 57.7316780090332 0.03658391535282135 0.9968329668045044 -0.07060927897691727 -1.7313308715820312 -0.9957765936851501 0.030408913269639015 -0.086628757417202 80.4005126953125
-0.08661659061908722 0.07786455005407333 0.9931942224502563 58.773101806640625 0.0328308567404747 0.9966226816177368 -0.0752701386809349 -1.806870937347412 -0.9957007169723511 0.026087775826454163 -0.08888040482997894 80.3197250366211
-0.08916512876749039 0.0803622156381607 0.9927695989608765 59.814701080322266 0.030612431466579437 0.9964900016784668 -0.07791392505168915 -1.887446403503418 -0.9955462217330933 0.02344389073550701 -0.09131225198507309 80.22091674804688
-0.09218952059745789 0.07871774584054947 0.9926251173019409 60.868408203125 0.028643805533647537 0.9966675043106079 -0.07637803256511688 -1.973456859588623 -0.9953293800354004 0.021391306072473526 -0.09413708001375198 80.12757110595703
-0.09476517885923386 0.07470403611660004 0.9926927089691162 61.917049407958984 0.02595607005059719 0.997026801109314 -0.07255235314369202 -2.058162212371826 -0.995161235332489 0.01889096572995186 -0.09642244130373001 80.02816009521484
-0.09724889695644379 0.07302508503198624 0.9925773739814758 62.97190856933594 0.026258138939738274 0.9971455931663513 -0.07078850269317627 -2.140974521636963 -0.994913637638092 0.01917913369834423 -0.0988888069987297 79.92921447753906
-0.09945813566446304 0.07331419736146927 0.992337167263031 64.00926208496094 0.025576340034604073 0.9971408843994141 -0.07110568135976791 -2.226595640182495 -0.9947130084037781 0.01830831542611122 -0.10104884952306747 79.831787109375
-0.1005096361041069 0.07626663893461227 0.9920086860656738 65.0731430053711 0.026442432776093483 0.9969102740287781 -0.07396434247493744 -2.305544137954712 -0.9945846199989319 0.01879699155688286 -0.10221576690673828 79.7254867553711
-0.10090591758489609 0.07924283295869827 0.9917351603507996 66.14387512207031 0.02710629627108574 0.9966719150543213 -0.07687931507825851 -2.3863837718963623 -0.9945265650749207 0.01912468671798706 -0.10271807760000229 79.61109161376953
-0.10132846236228943 0.07965444028377533 0.9916590452194214 67.20226287841797 0.02618253044784069 0.9966577887535095 -0.07738061249256134 -2.4790170192718506 -0.9945084452629089 0.018123280256986618 -0.10307537019252777 79.50336456298828
-0.10155338048934937 0.07832274585962296 0.9917421340942383 68.26594543457031 0.02314719557762146 0.996812105178833 -0.07635290920734406 -2.5672993659973145 -0.9945607781410217 0.01520215068012476 -0.1030426099896431 79.40534973144531
-0.10157673805952072 0.07772615551948547 0.9917865991592407 69.32534790039062 0.019275285303592682 0.9969097375869751 -0.07615351676940918 -2.6536998748779297 -0.9946409463882446 0.011381545104086399 -0.10276103019714355 79.30304718017578
-0.1016598790884018 0.07898158580064774 0.9916788935661316 70.39684295654297 0.015475128777325153 0.9968482851982117 -0.07780688256025314 -2.7394204139709473 -0.9946988821029663 0.00743652181699872 -0.10256171971559525 79.19840240478516
-0.10153599083423615 0.07944750040769577 0.9916543960571289 71.48009490966797 0.01136215403676033 0.9968336820602417 -0.07869905978441238 -2.827965259552002 -0.9947670102119446 0.0032765441574156284 -0.10211719572544098 79.09201049804688
-0.10220475494861603 0.07860824465751648 0.9916526079177856 72.56694030761719 0.007741323206573725 0.9969056248664856 -0.07822678983211517 -2.923818826675415 -0.9947332739830017 -0.0003184453526046127 -0.10249700397253036 78.99205780029297
-0.1026853621006012 0.0736226886510849 0.9919854998588562 73.65443420410156 0.007886730134487152 0.9972861409187317 -0.07319969683885574 -3.0075435638427734 -0.9946826100349426 0.00030698475893586874 -0.10298732668161392 78.88914489746094
-0.10287438333034515 0.0646645650267601 0.9925902485847473 74.74384307861328 0.011815369129180908 0.997893750667572 -0.06378548592329025 -3.0929415225982666 -0.994624137878418 0.0051659271121025085 -0.10342174768447876 78.77616882324219
-0.10228761285543442 0.05903645232319832 0.993001401424408 75.871826171875 0.017517467960715294 0.9981894493103027 -0.057540442794561386 -3.17453670501709 -0.9946005344390869 0.011509197764098644 -0.1031365841627121 78.6419677734375
-0.10211489349603653 0.06139136105775833 0.9928763508796692 76.96498107910156 0.026027731597423553 0.9979170560836792 -0.059026140719652176 -3.2446279525756836 -0.9944319725036621 0.0198148712515831 -0.10350007563829422 78.52845001220703
-0.100653275847435 0.06724508851766586 0.9926463961601257 78.08686828613281 0.03097567707300186 0.9974414110183716 -0.06442901492118835 -3.309453248977661 -0.9944391846656799 0.02426290512084961 -0.10247871279716492 78.39591217041016
-0.09921014308929443 0.07267474383115768 0.9924091696739197 79.18453979492188 0.03554321825504303 0.9969517588615417 -0.06945418566465378 -3.3915743827819824 -0.9944314956665039 0.02838285267353058 -0.10149082541465759 78.27748107910156
-0.09882865101099014 0.07696521282196045 0.9921236038208008 80.28366088867188 0.035949502140283585 0.9966297745704651 -0.07373372465372086 -3.4751157760620117 -0.9944548606872559 0.028379343450069427 -0.10126244276762009 78.17764282226562
-0.09848727285861969 0.07441844046115875 0.9923519492149353 81.43634033203125 0.03324352949857712 0.9968893527984619 -0.07145942747592926 -3.5572433471679688 -0.9945828914642334 0.025951435789465904 -0.10065484791994095 78.0557632446289
-0.09768156707286835 0.07003191858530045 0.9927506446838379 82.56169128417969 0.03236039727926254 0.997217059135437 -0.0671628937125206 -3.6400883197784424 -0.9946914315223694 0.02556522563099861 -0.0996759831905365 77.93937683105469
-0.097622349858284 0.0683278813958168 0.9928751587867737 83.70165252685547 0.030538488179445267 0.9973762631416321 -0.06563501060009003 -3.7233290672302246 -0.9947548508644104 0.023913463577628136 -0.09945286065340042 77.83165740966797
-0.09777004271745682 0.06883926689624786 0.9928253293037415 84.8412857055664 0.02805231511592865 0.997399091720581 -0.0663939043879509 -3.799020767211914 -0.9948136210441589 0.02135971561074257 -0.0994468480348587 77.72554016113281
-0.09775326400995255 0.07417163997888565 0.9924428462982178 85.97852325439453 0.02921956218779087 0.9970028400421143 -0.07163438946008682 -3.882215738296509 -0.9947816133499146 0.021996254101395607 -0.0996275395154953 77.6182632446289
-0.09665706753730774 0.0769004076719284 0.9923425316810608 87.10792541503906 0.029125992208719254 0.9968023896217346 -0.07440904527902603 -3.9688620567321777 -0.9948915243148804 0.021710801869630814 -0.09858778119087219 77.50167083740234
-0.09576408565044403 0.07599610835313797 0.9924987554550171 88.26280212402344 0.029108664020895958 0.9968686699867249 -0.07352207601070404 -4.05237340927124 -0.9949783682823181 0.02184954099357128 -0.0976763665676117 77.38555145263672
-0.09575001895427704 0.06877414882183075 0.993026852607727 89.40731811523438 0.03060687705874443 0.997342050075531 -0.06612181663513184 -4.148075103759766 -0.9949346780776978 0.024062281474471092 -0.09760049730539322 77.27953338623047
-0.09608732163906097 0.06746352463960648 0.9930840730667114 90.5671615600586 0.029623275622725487 0.997452437877655 -0.06489402055740356 -4.228479385375977 -0.9949319362640381 0.023182913661003113 -0.09784101694822311 77.17017364501953
-0.09592227637767792 0.07027022540569305 0.99290531873703 91.72319793701172 0.026797475293278694 0.9973257184028625 -0.06799423694610596 -4.312142372131348 -0.995028018951416 0.02008519135415554 -0.09754883497953415 77.06573486328125
-0.09574560821056366 0.0735015869140625 0.9926884174346924 92.87519836425781 0.02599128521978855 0.9971145987510681 -0.07132244110107422 -4.393848896026611 -0.9950664639472961 0.018972434103488922 -0.09737975895404816 76.96481323242188
-0.09539444744586945 0.07289078831672668 0.9927671551704407 94.05772399902344 0.025480449199676514 0.9971674680709839 -0.07076545804738998 -4.480969429016113 -0.9951133728027344 0.018545523285865784 -0.09698152542114258 76.85094451904297
-0.0951499491930008 0.06957773864269257 0.9930284023284912 95.24205017089844 0.024476725608110428 0.9974163174629211 -0.06753987073898315 -4.563336372375488 -0.9951620101928711 0.017879668623209 -0.09660714119672775 76.72644805908203
-0.0939469113945961 0.06875169277191162 0.9932005405426025 96.42776489257812 0.02489679865539074 0.997463047504425 -0.06669175624847412 -4.644170761108398 -0.9952659606933594 0.018462028354406357 -0.09542024880647659 76.60810089111328
-0.09299013018608093 0.06895197927951813 0.9932765364646912 97.6087417602539 0.02663460560142994 0.9974144101142883 -0.06674571335315704 -4.735435485839844 -0.9953107237815857 0.020248839631676674 -0.09458620101213455 76.50820922851562
-0.09182237833738327 0.06893584877252579 0.9933863878250122 98.80519104003906 0.02867107093334198 0.9973702430725098 -0.06656213849782944 -4.823366165161133 -0.9953626990318298 0.02236955426633358 -0.09355738013982773 76.37891387939453
-0.09101976454257965 0.06813165545463562 0.9935157299041748 99.99742889404297 0.028284311294555664 0.9974312782287598 -0.06580894440412521 -4.910208702087402 -0.9954473972320557 0.022110996767878532 -0.09271300584077835 76.27645111083984
-0.0894264429807663 0.06880151480436325 0.9936141967773438 101.21380615234375 0.029540028423070908 0.997355580329895 -0.06640193611383438 -4.996383190155029 -0.9955552220344543 0.02341330610215664 -0.0912223607301712 76.16206359863281
-0.08776196092367172 0.06709422171115875 0.9938793778419495 102.39273834228516 0.02999882586300373 0.9974546432495117 -0.0646865963935852 -5.077460765838623 -0.9956896901130676 0.02413819171488285 -0.08955130726099014 76.0405044555664
-0.08690159767866135 0.06677040457725525 0.9939767718315125 103.60398864746094 0.028132285922765732 0.9975179433822632 -0.06454873085021973 -5.156954765319824 -0.995819628238678 0.02235345169901848 -0.08856429904699326 75.9454574584961
-0.08619151264429092 0.06559272110462189 0.9941170811653137 104.8172607421875 0.02966192737221718 0.9975569248199463 -0.06324796378612518 -5.247768878936768 -0.9958369731903076 0.024035990238189697 -0.08792654424905777 75.85498809814453
-0.08372844010591507 0.06625814735889435 0.9942833781242371 106.03478240966797 0.027861200273036957 0.9975524544715881 -0.06412982195615768 -5.334489822387695 -0.996099054813385 0.022332441061735153 -0.0853695496916771 75.73187255859375
-0.08285974711179733 0.06893695145845413 0.994174063205719 107.24911499023438 0.02787991613149643 0.997374415397644 -0.0668352022767067 -5.417201995849609 -0.9961711764335632 0.022179538384079933 -0.08456415683031082 75.641845703125
-0.08127868175506592 0.0679045245051384 0.9943755865097046 108.48725128173828 0.02592230588197708 0.9974830150604248 -0.06599786132574081 -5.503623008728027 -0.9963542819023132 0.02041229046881199 -0.08283434063196182 75.5376968383789
-0.08097335696220398 0.06703025102615356 0.9944598078727722 109.71988677978516 0.02240445464849472 0.9976063966751099 -0.0654180720448494 -5.588678359985352 -0.9964643716812134 0.01698319986462593 -0.08228130638599396 75.44770050048828
-0.0808693915605545 0.0676305964589119 0.9944276213645935 110.95492553710938 0.01945343054831028 0.9976123571395874 -0.06626519560813904 -5.678544521331787 -0.9965348243713379 0.013986202888190746 -0.08199195563793182 75.35327911376953
-0.08140117675065994 0.06720060855150223 0.9944133758544922 112.19637298583984 0.01642443612217903 0.9976792931556702 -0.0660768374800682 -5.763160228729248 -0.9965460300445557 0.010953946970403194 -0.08231599628925323 75.26239776611328
-0.0819583386182785 0.0647730678319931 0.9945286512374878 113.4491195678711 0.013868339359760284 0.9978632926940918 -0.0638473778963089 -5.851099967956543 -0.9965391755104065 0.008559636771678925 -0.08268152177333832 75.1572494506836
-0.08332237601280212 0.06310684978961945 0.9945223927497864 114.7000503540039 0.011792558245360851 0.9979853630065918 -0.06233859807252884 -5.9426422119140625 -0.9964528679847717 0.006533761974424124 -0.08389870077371597 75.06155395507812
-0.08430875837802887 0.062417324632406235 0.9944828152656555 115.94915771484375 0.009781221859157085 0.9980399012565613 -0.06181136891245842 -6.028073310852051 -0.9963916540145874 0.004516017623245716 -0.08475401997566223 74.95333099365234
-0.08617115765810013 0.0625801756978035 0.9943129420280457 117.20274353027344 0.009526658803224564 0.9980313777923584 -0.06198858842253685 -6.112460136413574 -0.9962347745895386 0.004130851943045855 -0.08659769594669342 74.85457611083984
-0.08852796256542206 0.061131734400987625 0.9941959977149963 118.46408081054688 0.009013156406581402 0.9981232285499573 -0.06057063862681389 -6.1982293128967285 -0.9960328936576843 0.003598649287596345 -0.08891279250383377 74.7455062866211
-0.09224312752485275 0.05623385310173035 0.9941473007202148 119.7287826538086 0.0061500477604568005 0.9984171986579895 -0.05590473487973213 -6.282116889953613 -0.9957175254821777 0.0009572257986292243 -0.09244295954704285 74.64446258544922
-0.09650108218193054 0.05639886111021042 0.9937337040901184 120.97223663330078 0.005661138333380222 0.9984082579612732 -0.05611440911889076 -6.361294746398926 -0.9953168034553528 0.00021056196419522166 -0.09666676819324493 74.53428649902344
-0.10188505798578262 0.06252206116914749 0.9928295016288757 122.20225524902344 0.0007278179982677102 0.9980274438858032 -0.06277471035718918 -6.441790580749512 -0.9947959184646606 -0.005673207342624664 -0.1017296090722084 74.41624450683594
-0.10926253348588943 0.06533873826265335 0.9918631911277771 123.43072509765625 0.001673481659963727 0.9978479146957397 -0.06554864346981049 -6.530256748199463 -0.9940114617347717 -0.005502146203070879 -0.10913672298192978 74.28947448730469
-0.118320994079113 0.06115283817052841 0.9910905361175537 124.66985321044922 0.003520803526043892 0.9981213212013245 -0.06116632744669914 -6.618110656738281 -0.9929690957069397 -0.0037478257436305285 -0.11831401288509369 74.14665222167969
-0.12885992228984833 0.05917232856154442 0.9898958206176758 125.8962631225586 0.005711703095585108 0.9982460141181946 -0.05892794206738472 -6.706404209136963 -0.9916463494300842 -0.0019394606351852417 -0.1289718598127365 73.9871826171875
-0.14183594286441803 0.06014132499694824 0.9880616664886475 127.12600708007812 0.0057076746597886086 0.9981858134269714 -0.059938229620456696 -6.789817810058594 -0.9898737072944641 -0.0028618613723665476 -0.14192189276218414 73.8150634765625
