1.0 0.0 0.0 0.0 0.0 1.0 0.0 0.0 0.0 0.0 1.0 0.0
0.9999986290931702 0.0007572997710667551 0.001457944861613214 -0.0061290813609957695 -0.0007506433757953346 0.9999893307685852 -0.004560742527246475 -0.0024769024457782507 -0.0014613830717280507 0.00455964170396328 0.9999885559082031 0.9641680717468262
0.9999966621398926 -0.001459892955608666 0.0021442221477627754 -0.0025645941495895386 0.0014713674318045378 0.9999845623970032 -0.005359522998332977 -0.0007721632719039917 -0.0021363648120313883 0.0053626601584255695 0.9999833106994629 1.9186499118804932
0.9999933838844299 -0.0025095082819461823 0.002639911836013198 -0.00995098426938057 0.0025127576664090157 0.9999960064888 -0.0012283938704058528 -0.004721696954220533 -0.0026368189137429 0.0012350192992016673 0.999995768070221 2.852579116821289
0.9999852180480957 -0.005046720150858164 0.002019542269408703 -0.007276471238583326 0.005036655347794294 0.9999750256538391 0.00495822262018919 -0.00852132961153984 -0.0020445145200937986 -0.004947979468852282 0.9999856948852539 3.8009424209594727
0.9999625086784363 -0.008647260256111622 0.0004303328460082412 -0.004010921809822321 0.00864496175199747 0.9999496936798096 0.005083872005343437 -0.0055633895099163055 -0.0004742724122479558 -0.005079961381852627 0.9999869465827942 4.739005088806152
0.9999372959136963 -0.011190159246325493 -0.00011949650070164353 -0.00770728662610054 0.011190389283001423 0.9999350309371948 0.002134247450158 -0.0034073255956172943 9.560617036186159e-05 -0.002135450253263116 0.9999977350234985 5.669090270996094
0.9999291896820068 -0.011840817518532276 -0.0011758632026612759 -0.010945565067231655 0.011838988400995731 0.9999287128448486 -0.0015527794603258371 0.0030828434973955154 0.001194165786728263 0.0015387488529086113 0.999998152256012 6.595757007598877
0.9999330043792725 -0.01148307230323553 -0.0014595102984458208 -0.019194865599274635 0.011480537243187428 0.9999325275421143 -0.0017324084183201194 -0.0037818551063537598 0.0014793053269386292 0.0017155365785583854 0.9999974370002747 7.522342205047607
0.9999323487281799 -0.011344979517161846 -0.002595070283859968 -0.027811910957098007 0.011345583945512772 0.9999355673789978 0.00021824403665959835 -0.004149678163230419 0.002592426724731922 -0.0002476717345416546 0.9999966025352478 8.434927940368652
0.9999381899833679 -0.010772761888802052 -0.0027415950316935778 -0.04181816428899765 0.010780169628560543 0.9999382495880127 0.0027020745910704136 0.0024001672863960266 0.0027123165782541037 -0.0027314620092511177 0.9999926090240479 9.375029563903809
0.9999316334724426 -0.011110938154160976 -0.003627058118581772 -0.050210222601890564 0.011126816272735596 0.9999284148216248 0.004387215245515108 0.003865167498588562 0.0035780523903667927 -0.004427272826433182 0.9999838471412659 10.296982765197754
0.9999158978462219 -0.012198265641927719 -0.004407580941915512 -0.05213599652051926 0.012220915406942368 0.9999120831489563 0.00514883641153574 0.005590710788965225 0.004344386514276266 -0.005202267784625292 0.9999770522117615 11.210173606872559
0.9999072551727295 -0.012482190504670143 -0.005449473857879639 -0.05850117653608322 0.01251179538667202 0.9999070167541504 0.005432923790067434 0.005614567548036575 0.005381152033805847 -0.0055006020702421665 0.9999703764915466 12.125454902648926
0.9998987317085266 -0.01294492743909359 -0.005913924891501665 -0.06991167366504669 0.012968180701136589 0.9999082088470459 0.003910671919584274 0.009716436266899109 0.005862758494913578 -0.003986968658864498 0.9999749064445496 13.0236234664917
0.9998894929885864 -0.013035540468990803 -0.007149415090680122 -0.08146605640649796 0.013047239743173122 0.9999136328697205 0.0015921436715871096 0.019934287294745445 0.007128043100237846 -0.0016852478729560971 0.9999731779098511 13.93238639831543
0.9998566508293152 -0.014362676069140434 -0.008966861292719841 -0.08777514845132828 0.014363226480782032 0.9998968839645386 -3.064633347094059e-06 0.027676749974489212 0.008965980261564255 -0.00012572878040373325 0.9999598264694214 14.836962699890137
0.9998471140861511 -0.013983307406306267 -0.010500497184693813 -0.10758689045906067 0.01397775299847126 0.9999021291732788 -0.0006021053995937109 0.02657727152109146 0.010507888160645962 0.0004552399041131139 0.9999446868896484 15.744150161743164
0.9998418092727661 -0.013000952079892159 -0.01213805191218853 -0.11939630657434464 0.01298279594630003 0.9999145269393921 -0.0015733572654426098 0.02785681001842022 0.012157468125224113 0.0014155225362628698 0.9999251365661621 16.6434383392334
0.9998431205749512 -0.011564352549612522 -0.013413649052381516 -0.14050047099590302 0.011545386165380478 0.9999322295188904 -0.0014904559357091784 0.027826040983200073 0.013429973274469376 0.0013353565009310842 0.9999088644981384 17.53276824951172
0.9998161196708679 -0.01213275920599699 -0.014853755943477154 -0.1592945158481598 0.012121276929974556 0.9999261498451233 -0.0008627257775515318 0.03023686632514 0.014863126911222935 0.0006825205055065453 0.9998893141746521 18.424325942993164
0.9997929930686951 -0.011802188120782375 -0.016571853309869766 -0.1761046051979065 0.011817725375294685 0.9999298453330994 0.0008399263024330139 0.025570884346961975 0.01656077802181244 -0.0010355940321460366 0.9998623132705688 19.317684173583984
0.9997764825820923 -0.011512093245983124 -0.017735525965690613 -0.200428307056427 0.011541243642568588 0.9999321699142456 0.001542139332741499 0.025589361786842346 0.017716573551297188 -0.001746484893374145 0.999841570854187 20.19389533996582
0.9997263550758362 -0.0126655800268054 -0.019666487351059914 -0.21177440881729126 0.012698361650109291 0.9999182224273682 0.001542967394925654 0.02547840029001236 0.019645340740680695 -0.0017922770930454135 0.9998053908348083 21.08390235900879
0.9997172951698303 -0.011923030018806458 -0.020567702129483223 -0.24063171446323395 0.011935733258724213 0.9999287724494934 0.0004951247829012573 0.030009880661964417 0.02056032605469227 -0.0007404755451716483 0.9997883439064026 21.926471710205078
0.9996799826622009 -0.012004761956632137 -0.022264448925852776 -0.2598874270915985 0.012023906223475933 0.9999275207519531 0.0007261657738126814 0.03246104717254639 0.02225411683320999 -0.0009936391143128276 0.9997518658638 22.7896671295166
0.9996626377105713 -0.011821712367236614 -0.02312648855149746 -0.28581830859184265 0.011893516406416893 0.9999248385429382 0.00296982005238533 0.0321495495736599 0.023089643567800522 -0.0032438738271594048 0.9997281432151794 23.651002883911133
0.9996337294578552 -0.012882567010819912 -0.02380094677209854 -0.30457621812820435 0.013023141771554947 0.9998986124992371 0.00576073257252574 0.03401642292737961 0.02372431941330433 -0.006068585906177759 0.999700129032135 24.497838973999023
0.9996027946472168 -0.013255483470857143 -0.024871207773685455 -0.32309576869010925 0.013445301912724972 0.9998816251754761 0.00748044066131115 0.03591373562812805 0.02476910501718521 -0.0078118713572621346 0.9996626973152161 25.337800979614258
0.9996089935302734 -0.012336806394159794 -0.025092564523220062 -0.3562942445278168 0.012498173862695694 0.9999021291732788 0.006284238770604134 0.03884771466255188 0.025012578815221786 -0.00659539271146059 0.999665379524231 26.164640426635742
0.9996089935302734 -0.01054901722818613 -0.0258940476924181 -0.3808721899986267 0.010647919960319996 0.9999366402626038 0.0036845735739916563 0.03931564465165138 0.025853533297777176 -0.003958851099014282 0.999657928943634 26.974864959716797
0.9995898604393005 -0.010151656344532967 -0.026778152212500572 -0.4053363800048828 0.010203450918197632 0.9999463558197021 0.001798294484615326 0.04514588043093681 0.026758458465337753 -0.0020707864314317703 0.9996398091316223 27.7775936126709
0.9995779395103455 -0.00923016294836998 -0.027546890079975128 -0.4357501268386841 0.009274963289499283 0.9999558329582214 0.0014989422634243965 0.046456627547740936 0.02753184176981449 -0.0017538056708872318 0.9996194243431091 28.56917953491211
0.9995430707931519 -0.00933782011270523 -0.02874584309756756 -0.4616507589817047 0.009375587105751038 0.9999553561210632 0.001179286278784275 0.04315095394849777 0.028733545914292336 -0.0014482566621154547 0.9995860457420349 29.358074188232422
0.9994736313819885 -0.009180384688079357 -0.031117739155888557 -0.48670703172683716 0.00919472798705101 0.9999577403068542 0.00031786656472831964 0.04320264980196953 0.031113507226109505 -0.0006038185092620552 0.9995156526565552 30.13399314880371
0.999422013759613 -0.009004802443087101 -0.03278001397848129 -0.5194967985153198 0.009020351804792881 0.9999592304229736 0.0003265368868596852 0.04307237267494202 0.03277573734521866 -0.0006220354116521776 0.9994624257087708 30.89995574951172
0.9993516206741333 -0.009286453947424889 -0.03478638455271721 -0.5404389500617981 0.009338966570794582 0.999955415725708 0.0013473894214257598 0.04568331316113472 0.034772321581840515 -0.0016713845543563366 0.999393880367279 31.670421600341797
0.9992708563804626 -0.009570008143782616 -0.036960676312446594 -0.5708298683166504 0.009708428755402565 0.9999464750289917 0.003567467676475644 0.04871057718992233 0.03692455589771271 -0.003923696465790272 0.9993104338645935 32.42457580566406
0.9992128014564514 -0.008475394919514656 -0.038754526525735855 -0.604703426361084 0.008684351108968258 0.9999486207962036 0.0052266912534832954 0.048933714628219604 0.03870823234319687 -0.005559134297072887 0.9992350935935974 33.1645393371582
0.9991466999053955 -0.007323986850678921 -0.04064803943037987 -0.6371804475784302 0.007553466595709324 0.9999563694000244 0.005494849290698767 0.04679587483406067 0.040606025606393814 -0.005797194316983223 0.9991583824157715 33.8904914855957
0.9990878701210022 -0.005110371857881546 -0.0423952154815197 -0.678749144077301 0.0053189098834991455 0.9999743700027466 0.004807570017874241 0.04676377773284912 0.04236955568194389 -0.005028680432587862 0.9990893602371216 34.59612274169922
0.9990126490592957 -0.0029772936832159758 -0.04432780295610428 -0.7156088948249817 0.003165214555338025 0.9999862909317017 0.004169764928519726 0.050762586295604706 0.044314779341220856 -0.004305954556912184 0.9990083575248718 35.302608489990234
0.9989364743232727 -0.002721979282796383 -0.04602459818124771 -0.7423100471496582 0.0029558048117905855 0.9999830722808838 0.005013165529817343 0.0551023930311203 0.04601017013192177 -0.005143875256180763 0.9989277124404907 36.02155685424805
0.9989067912101746 -0.0010220364201813936 -0.046734098345041275 -0.791047990322113 0.0013534403406083584 0.9999741911888123 0.007060179021209478 0.0561986118555069 0.046725671738386154 -0.007115712855011225 0.9988824129104614 36.6984977722168
0.9989009499549866 0.0018786679720506072 -0.046832967549562454 -0.8272072076797485 -0.0015326868742704391 0.9999712705612183 0.0074223801493644714 0.062131404876708984 0.04684557020664215 -0.007342441473156214 0.9988751411437988 37.39049530029297
0.9989317059516907 0.004307546652853489 -0.04600909352302551 -0.854299008846283 -0.004068726673722267 0.9999777674674988 0.005283081438392401 0.06401769816875458 0.04603082686662674 -0.005090239457786083 0.9989270567893982 38.05887985229492
0.9990059733390808 0.006040079984813929 -0.04416404664516449 -0.8906074166297913 -0.0059438967145979404 0.9999796748161316 0.002308855764567852 0.06526513397693634 0.04417709633708 -0.0020440539810806513 0.999021589756012 38.70076370239258
0.9990818500518799 0.00625542551279068 -0.042381320148706436 -0.9159547090530396 -0.006247048731893301 0.9999803900718689 0.000330102164298296 0.07240358740091324 0.042382556945085526 -6.504170596599579e-05 0.9991014003753662 39.353389739990234
0.9992215037345886 0.007305102422833443 -0.03876904770731926 -0.9508389234542847 -0.007265713065862656 0.999972939491272 0.0011567887850105762 0.07334771007299423 0.03877644240856171 -0.0008742036297917366 0.9992476105690002 39.99333572387695
0.9992722868919373 0.012281447649002075 -0.03611045330762863 -0.9750081300735474 -0.012151818722486496 0.9999188780784607 0.0038070876616984606 0.07466606795787811 0.03615427762269974 -0.003365509444847703 0.9993405342102051 40.64154052734375
0.9993430972099304 0.016399620100855827 -0.03231733664870262 -1.0012617111206055 -0.016171880066394806 0.9998425841331482 0.007296014577150345 0.0758260041475296 0.03243189677596092 -0.006768589839339256 0.9994510412216187 41.26625061035156
0.9993800520896912 0.021686317399144173 -0.027733922004699707 -1.0311814546585083 -0.021463586017489433 0.9997351169586182 0.008303686045110226 0.0793755054473877 0.02790665253996849 -0.007703267969191074 0.9995808601379395 41.86687469482422
0.9994231462478638 0.02536637894809246 -0.02258540317416191 -1.0492970943450928 -0.02517828345298767 0.9996462464332581 0.008573964238166809 0.08439385890960693 0.022794900462031364 -0.008000355213880539 0.9997080564498901 42.45433044433594
0.9994342923164368 0.029127832502126694 -0.01681346260011196 -1.0608793497085571 -0.028953758999705315 0.9995255470275879 0.010505279526114464 0.08695536851882935 0.017111485823988914 -0.010012523271143436 0.9998034834861755 43.02979278564453
0.9993585348129272 0.034228309988975525 -0.010532163083553314 -1.0697370767593384 -0.034107647836208344 0.999352753162384 0.011430046521127224 0.09450337290763855 0.010916577652096748 -0.011063488200306892 0.9998791813850403 43.58086395263672
0.9993036389350891 0.03715193271636963 -0.0034458814188838005 -1.0768966674804688 -0.03711147978901863 0.9992489814758301 0.011140936985611916 0.09532743692398071 0.003857201896607876 -0.011005297303199768 0.999932050704956 44.109535217285156
0.9991776347160339 0.040382396429777145 0.00367635115981102 -1.0742628574371338 -0.040421243757009506 0.9991200566291809 0.011188041418790817 0.09674108028411865 -0.0032213162630796432 -0.011327443644404411 0.9999306797981262 44.62356185913086
0.9989383816719055 0.0447036512196064 0.011122489348053932 -1.0737091302871704 -0.04482368379831314 0.9989367127418518 0.010787470266222954 0.09734910726547241 -0.01062842272222042 -0.011274567805230618 0.9998798966407776 45.10965347290039
0.9985883235931396 0.049391359090805054 0.019542573019862175 -1.0832037925720215 -0.0495632104575634 0.9987356066703796 0.008408983238041401 0.09665176272392273 -0.019102532416582108 -0.009365706704556942 0.9997736811637878 45.596343994140625
0.9982842206954956 0.051593802869319916 0.027690241113305092 -1.07425856590271 -0.0517619363963604 0.9986448884010315 0.005389622412621975 0.09890519082546234 -0.027374645695090294 -0.006813674233853817 0.9996020197868347 46.040279388427734
0.9980188608169556 0.05194467678666115 0.03550003841519356 -1.0589932203292847 -0.05215499550104141 0.9986264109611511 0.005023478530347347 0.10121995210647583 -0.03519033268094063 -0.006865028291940689 0.9993571639060974 46.4638786315918
0.997765839099884 0.0512186735868454 0.04289500415325165 -1.0275990962982178 -0.0515325702726841 0.9986518025398254 0.006243573967367411 0.10542364418506622 -0.042517390102148056 -0.008440113626420498 0.9990600943565369 46.87201690673828
0.9972999691963196 0.05286887660622597 0.050967197865247726 -1.0060884952545166 -0.05330437049269676 0.9985522031784058 0.007222406566143036 0.10098432004451752 -0.050511568784713745 -0.00991967972368002 0.998674213886261 47.257240295410156
0.9966339468955994 0.05577302724123001 0.06008363142609596 -0.9901399612426758 -0.05631657689809799 0.9983856081962585 0.007390220649540424 0.10184530913829803 -0.05957446247339249 -0.010749050416052341 0.9981659650802612 47.615394592285156
0.9958199858665466 0.06054531782865524 0.06838636100292206 -0.9633522033691406 -0.061146337538957596 0.9981061816215515 0.006727905012667179 0.10310396552085876 -0.06784950196743011 -0.010881359688937664 0.9976361989974976 47.93580627441406
0.9949237704277039 0.0643458440899849 0.07737115770578384 -0.9435930252075195 -0.06506112217903137 0.9978584051132202 0.006757437717169523 0.10340428352355957 -0.07677064836025238 -0.011756991036236286 0.9969794750213623 48.243690490722656
0.9941811561584473 0.06364008784294128 0.08691217005252838 -0.9158625602722168 -0.06453871726989746 0.9978864789009094 0.007566237822175026 0.09891974925994873 -0.08624696731567383 -0.013131408952176571 0.9961872696876526 48.52257537841797
0.9932891726493835 0.062301188707351685 0.09744328260421753 -0.8756451606750488 -0.06314507126808167 0.9979886412620544 0.005597441457211971 0.1007692813873291 -0.09689857065677643 -0.011712941341102123 0.9952253103256226 48.80036926269531
0.9921506643295288 0.06101011484861374 0.1091550886631012 -0.8396329879760742 -0.061507854610681534 0.9981058239936829 0.001195605960674584 0.09706436097621918 -0.10887537151575089 -0.0079001160338521 0.9940240383148193 49.05712890625
0.9905272126197815 0.06209374591708183 0.12247461825609207 -0.7979598045349121 -0.06220598146319389 0.998059093952179 -0.002910854062065482 0.09750691056251526 -0.12241765856742859 -0.004735373426228762 0.9924674034118652 49.32472610473633
0.988378643989563 0.06375020742416382 0.13799747824668884 -0.758091926574707 -0.06365077197551727 0.9979589581489563 -0.005137950647622347 0.09485843777656555 -0.1380433589220047 -0.0037054037675261497 0.990419328212738 49.587379455566406
0.9858909845352173 0.06555328518152237 0.15401865541934967 -0.7063627243041992 -0.06534388661384583 0.9978421330451965 -0.0064269984140992165 0.09166419506072998 -0.15410760045051575 -0.0037278581876307726 0.9880470633506775 49.836387634277344
0.9830706119537354 0.06603580713272095 0.17091360688209534 -0.6516323089599609 -0.06568341702222824 0.9978107213973999 -0.007721981965005398 0.09237682819366455 -0.1710493415594101 -0.0036349354777485132 0.9852557182312012 50.09505081176758
0.9797781109809875 0.06502842903137207 0.1892249882221222 -0.592738151550293 -0.06448595225811005 0.9978777170181274 -0.009028936736285686 0.0926787257194519 -0.18941053748130798 -0.0033559990115463734 0.9818922877311707 50.35408401489258
0.9759220480918884 0.06415797770023346 0.20847022533416748 -0.525146484375 -0.0636020228266716 0.9979313015937805 -0.009376062080264091 0.09011170268058777 -0.20864050090312958 -0.0041088201105594635 0.977983832359314 50.59593200683594
0.9713706374168396 0.06438210606575012 0.22867876291275024 -0.45224666595458984 -0.06367837637662888 0.9979156255722046 -0.010462669655680656 0.08544498682022095 -0.22887572646141052 -0.004398764111101627 0.9734458327293396 50.83786392211914
0.9660353660583496 0.06671317666769028 0.2496500164270401 -0.37456703186035156 -0.06559192389249802 0.9977641701698303 -0.01281762681901455 0.08325982093811035 -0.2499469518661499 -0.003992741461843252 0.9682513475418091 51.07360076904297
0.9598269462585449 0.06784768402576447 0.2722659409046173 -0.28836536407470703 -0.06624376773834229 0.9976893663406372 -0.015089469030499458 0.08264607191085815 -0.27266058325767517 -0.0035526410210877657 0.9621037840843201 51.314701080322266
0.9524767398834229 0.06923989206552505 0.2966375946998596 -0.19861602783203125 -0.06752125173807144 0.9975887537002563 -0.01604827307164669 0.07058161497116089 -0.29703348875045776 -0.004743732511997223 0.9548552632331848 51.55062484741211
0.9439355731010437 0.07201925665140152 0.32217806577682495 -0.09836292266845703 -0.0703226625919342 0.9973808526992798 -0.016917888075113297 0.06392121315002441 -0.3225526511669159 -0.006687015760689974 0.9465278387069702 51.788734436035156
0.9340457916259766 0.07405882328748703 0.34939074516296387 0.010557174682617188 -0.07234961539506912 0.9972176551818848 -0.01795962266623974 0.05464214086532593 -0.3497486412525177 -0.008503170683979988 0.936805009841919 52.02537536621094
0.9228358268737793 0.07471659779548645 0.3778775632381439 0.13190078735351562 -0.07275952398777008 0.9971593618392944 -0.019475257024168968 0.048754751682281494 -0.37825921177864075 -0.009521721862256527 0.9256507754325867 52.26490020751953
0.9101936221122742 0.07273759692907333 0.40774619579315186 0.2683238983154297 -0.0700262039899826 0.9973114728927612 -0.021593451499938965 0.03891313076019287 -0.4082206189632416 -0.008898692205548286 0.9128398895263672 52.49723434448242
0.8952834010124207 0.07023707777261734 0.43992531299591064 0.420684814453125 -0.06626005470752716 0.9975036382675171 -0.024413742125034332 0.03261590003967285 -0.4405418038368225 -0.007292252033948898 0.8977024555206299 52.72941589355469
0.8780111074447632 0.06928256154060364 0.4735994040966034 0.5760593414306641 -0.06327668577432632 0.9975853562355042 -0.02862684056162834 0.02205348014831543 -0.4744390845298767 -0.0048331101424992085 0.8802750706672668 52.94486999511719
0.8584648370742798 0.07125946879386902 0.5078977942466736 0.737884521484375 -0.06278211623430252 0.9974536895751953 -0.0338292270898819 0.015961766242980957 -0.5090152025222778 -0.0028456938453018665 0.8607528209686279 53.16469955444336
0.8366947770118713 0.07325684279203415 0.5427479147911072 0.9260597229003906 -0.06237715482711792 0.9973117113113403 -0.03845113143324852 0.007691383361816406 -0.5441057085990906 -0.001683210488408804 0.8390150666236877 53.39247131347656
0.8120121359825134 0.07595768570899963 0.5786766409873962 1.1199417114257812 -0.06319006532430649 0.9971083998680115 -0.042211733758449554 -0.0015017986297607422 -0.5802095532417297 -0.002290173666551709 0.8144639730453491 53.61836242675781
0.7844899892807007 0.07999580353498459 0.614960253238678 1.3312740325927734 -0.06620710343122482 0.9967814087867737 -0.045205362141132355 -0.013556838035583496 -0.6165971755981445 -0.005251595750451088 0.7872612476348877 53.84932327270508
0.7544847130775452 0.08452439308166504 0.6508522033691406 1.5571765899658203 -0.07006581127643585 0.996378481388092 -0.04817485809326172 -0.028416872024536133 -0.6525669097900391 -0.009255291894078255 0.7576745748519897 54.07849884033203
0.7214319705963135 0.08560626208782196 0.6871735453605652 1.8214168548583984 -0.06968654692173004 0.9962669014930725 -0.050951581448316574 -0.04549837112426758 -0.6889700889587402 -0.011128664016723633 0.724704384803772 54.31474685668945
0.6847532391548157 0.08309262990951538 0.7240225672721863 2.0951156616210938 -0.0660606175661087 0.9964658617973328 -0.051882002502679825 -0.06641113758087158 -0.7257747054100037 -0.012303018011152744 0.6878224611282349 54.53474426269531
0.6457135081291199 0.08132147043943405 0.7592369914054871 2.3907012939453125 -0.06273233890533447 0.9966011047363281 -0.05339299514889717 -0.08958423137664795 -0.7609984874725342 -0.01315214205533266 0.6486202478408813 54.74143981933594
0.6030831336975098 0.08057353645563126 0.7935985326766968 2.7237796783447266 -0.06063855066895485 0.9966374635696411 -0.05510658025741577 -0.11268472671508789 -0.7953701615333557 -0.014888813719153404 0.6059410572052002 54.96087646484375
0.5566785931587219 0.08062033355236053 0.8268067240715027 3.0878677368164062 -0.05705786496400833 0.9966399669647217 -0.05876409634947777 -0.12964975833892822 -0.8287661075592041 -0.01446311455219984 0.5594082474708557 55.175193786621094
0.5079838633537292 0.07922296971082687 0.8577155470848083 3.454730987548828 -0.053955648094415665 0.9967325925827026 -0.060107916593551636 -0.1584913730621338 -0.8596749305725098 -0.01574474573135376 0.5105987191200256 55.3655891418457
0.4594959616661072 0.07808972150087357 0.8847402930259705 3.889202117919922 -0.05235303193330765 0.9967767596244812 -0.06078847497701645 -0.17238223552703857 -0.8866355419158936 -0.018386781215667725 0.4621031880378723 55.55644989013672
0.4103603959083557 0.07558497041463852 0.9087855815887451 4.327129364013672 -0.051281314343214035 0.9968948364257812 -0.05975717678666115 -0.19572138786315918 -0.9104803800582886 -0.02208174392580986 0.41296225786209106 55.716644287109375
0.3597773313522339 0.07537849247455597 0.9299883246421814 4.778324127197266 -0.05439876765012741 0.996730387210846 -0.05974332243204117 -0.21750640869140625 -0.9314510226249695 -0.029095932841300964 0.3627014458179474 55.8780517578125
0.3098609149456024 0.07604962587356567 0.9477355480194092 5.2386016845703125 -0.052875857800245285 0.9966316819190979 -0.0626855343580246 -0.2402501106262207 -0.9493104815483093 -0.030688531696796417 0.3128383159637451 56.01222610473633
0.2629125118255615 0.07253187894821167 0.962089478969574 5.720404624938965 -0.0414934977889061 0.9970976710319519 -0.0638321191072464 -0.27294421195983887 -0.9639269709587097 -0.023138191550970078 0.2651590406894684 56.09819793701172
0.21918299794197083 0.06702622771263123 0.9733787775039673 6.2389936447143555 -0.02783256769180298 0.9976611137390137 -0.06243102252483368 -0.2958659529685974 -0.9752867221832275 -0.013407803140580654 0.22053587436676025 56.167964935302734
0.1764516830444336 0.06582015752792358 0.9821061491966248 6.77336311340332 -0.01940368115901947 0.9978005290031433 -0.06338579952716827 -0.331844687461853 -0.9841181039810181 -0.007871945388615131 0.17734067142009735 56.24180603027344
0.1381242871284485 0.06738103181123734 0.9881201386451721 7.272049903869629 -0.015911685302853584 0.9977052807807922 -0.065810427069664 -0.35310184955596924 -0.9902870655059814 -0.006632637232542038 0.1388794630765915 56.28184509277344
0.10548293590545654 0.06815008819103241 0.9920831322669983 7.8143510818481445 -0.007182643283158541 0.9976750612258911 -0.06777053326368332 -0.3874022364616394 -0.9943951368331909 2.2856838768348098e-05 0.10572722554206848 56.31143569946289
0.07670246064662933 0.06630381941795349 0.9948469996452332 8.378608703613281 0.0002240384928882122 0.9977853894233704 -0.06651690602302551 -0.42495468258857727 -0.9970539808273315 0.0053248959593474865 0.0765177309513092 56.33134460449219
0.05169900506734848 0.06460198760032654 0.9965710043907166 8.950884819030762 0.006863296031951904 0.9978590607643127 -0.06504152715206146 -0.4598124921321869 -0.9986392259597778 0.01020234264433384 0.051144957542419434 56.343894958496094
0.0317518375813961 0.06390990316867828 0.9974505305290222 9.509103775024414 0.012108161114156246 0.9978557825088501 -0.06432131677865982 -0.48115360736846924 -0.9994224309921265 0.01411961019039154 0.03090992383658886 56.33757019042969
0.015922365710139275 0.06582527607679367 0.9977040886878967 10.095508575439453 0.015045701526105404 0.9977018237113953 -0.0660652294754982 -0.507211446762085 -0.9997599720954895 0.01606307365000248 0.01489538885653019 56.334312438964844
0.0023895036429166794 0.06552360206842422 0.9978481531143188 10.682815551757812 0.0152409253641963 0.9977326393127441 -0.06555251777172089 -0.5444265604019165 -0.9998810291290283 0.01536476518958807 0.0013854485005140305 56.32683563232422
-0.008987490087747574 0.06640970706939697 0.9977519512176514 11.291890144348145 0.0164430383592844 0.9976670742034912 -0.06625595688819885 -0.5799322724342346 -0.9998244643211365 0.01581059768795967 -0.010058503597974777 56.31218719482422
-0.0180562324821949 0.06935719400644302 0.9974284768104553 11.934261322021484 0.021508334204554558 0.9973871111869812 -0.06896495074033737 -0.6162301301956177 -0.9996057152748108 0.02020777389407158 -0.019500812515616417 56.297210693359375
-0.02454371377825737 0.07107843458652496 0.9971687197685242 12.558235168457031 0.02557256817817688 0.9971874356269836 -0.07045033574104309 -0.653768002986908 -0.9993717074394226 0.023771053180098534 -0.0262923464179039 56.26885986328125
-0.02908814325928688 0.07048866897821426 0.9970884323120117 13.207137107849121 0.0257383082062006 0.9972324371337891 -0.06974798440933228 -0.6908174753189087 -0.9992454051971436 0.0236345287412405 -0.03082190454006195 56.25005340576172
-0.03271321579813957 0.06800933927297592 0.9971482157707214 13.879207611083984 0.024249469861388206 0.9974425435066223 -0.06723387539386749 -0.7217393517494202 -0.9991705417633057 0.021980874240398407 -0.0342787504196167 56.227783203125
-0.035180240869522095 0.06098286807537079 0.9975185990333557 14.554743766784668 0.02202773094177246 0.9979413747787476 -0.06023184210062027 -0.7621194124221802 -0.9991382360458374 0.019854098558425903 -0.03645113483071327 56.21083068847656
-0.036375533789396286 0.055534202605485916 0.9977939128875732 15.237411499023438 0.023430148139595985 0.9982277154922485 -0.05470415577292442 -0.793822169303894 -0.9990634322166443 0.021388567984104156 -0.03761224076151848 56.1818733215332
-0.0368596687912941 0.05271180719137192 0.9979292750358582 15.934526443481445 0.025713827461004257 0.9983273148536682 -0.05178305134177208 -0.8330187797546387 -0.9989895820617676 0.02375187538564205 -0.03815343976020813 56.1580924987793
-0.036688368767499924 0.0551336333155632 0.9978046417236328 16.64797019958496 0.02899858169257641 0.9981151819229126 -0.05408452823758125 -0.8728880882263184 -0.9989058971405029 0.02695065177977085 -0.03821801766753197 56.11766052246094
-0.03578789904713631 0.06277646124362946 0.9973857402801514 17.351259231567383 0.029788820073008537 0.9976485371589661 -0.061724137514829636 -0.9034438133239746 -0.9989153742790222 0.027501970529556274 -0.037573784589767456 56.09158706665039
-0.03365610912442207 0.07080117613077164 0.996922492980957 18.055212020874023 0.030847784131765366 0.9970859289169312 -0.06977136433124542 -0.9368503093719482 -0.9989572167396545 0.028404615819454193 -0.03574208542704582 56.072265625
-0.03140651807188988 0.0714884027838707 0.9969468712806702 18.777400970458984 0.031441643834114075 0.9970158934593201 -0.0705028623342514 -0.9729306697845459 -0.9990119934082031 0.029131395742297173 -0.033560510724782944 56.049560546875
-0.02932671643793583 0.06709261238574982 0.9973156452178955 19.535018920898438 0.03124427981674671 0.9973188042640686 -0.06617406755685806 -1.016811490058899 -0.9990814328193665 0.029219742864370346 -0.03134434297680855 56.034358978271484
-0.026753054931759834 0.06065801531076431 0.9977999329566956 20.285966873168945 0.030394218862056732 0.9977450966835022 -0.059839747846126556 -1.0647822618484497 -0.9991798996925354 0.028726452961564064 -0.02853638306260109 56.00533676147461
-0.02412036620080471 0.0590515173971653 0.9979634284973145 21.020265579223633 0.028615452349185944 0.9978857040405273 -0.05835529416799545 -1.1079084873199463 -0.9992994666099548 0.027149623259902 -0.025759153068065643 55.995948791503906
-0.020187996327877045 0.06424606591463089 0.9977298378944397 21.753992080688477 0.03635774180293083 0.997320294380188 -0.06348405033349991 -1.1529617309570312 -0.9991350173950195 0.03499358519911766 -0.022469744086265564 55.96773910522461
-0.017347529530525208 0.06975148618221283 0.9974135160446167 22.486461639404297 0.03824451193213463 0.9968799352645874 -0.06904900819063187 -1.1951909065246582 -0.9991178512573242 0.03694776073098183 -0.01996101625263691 55.95884704589844
-0.015238731168210506 0.07017401605844498 0.9974183440208435 23.229921340942383 0.031880300492048264 0.9970610737800598 -0.06966181099414825 -1.2433052062988281 -0.9993755221366882 0.03073643520474434 -0.017431113868951797 55.97606658935547
-0.011805785819888115 0.06666459143161774 0.9977055788040161 23.987443923950195 0.02739398553967476 0.9974222183227539 -0.06632150709629059 -1.2889844179153442 -0.9995549321174622 0.026548152789473534 -0.01360156200826168 55.95552062988281
-0.007151623722165823 0.06317497044801712 0.9979768395423889 24.726539611816406 0.031357478350400925 0.9975258708000183 -0.06292171031236649 -1.3371747732162476 -0.9994825720787048 0.030844049528241158 -0.00911493506282568 55.94636917114258
-0.0031661568209528923 0.0642881989479065 0.9979262948036194 25.463672637939453 0.03610624000430107 0.9972881078720093 -0.06413251906633377 -1.3802565336227417 -0.9993429183959961 0.03582831099629402 -0.005478774197399616 55.93373489379883
-0.001004842109978199 0.06832431256771088 0.9976626038551331 26.20389175415039 0.03573009744286537 0.997028648853302 -0.06824490427970886 -1.4375269412994385 -0.999360978603363 0.035578008741140366 -0.0034430893138051033 55.951629638671875
0.0029954940546303988 0.0691455826163292 0.9976020455360413 26.9704647064209 0.03199233487248421 0.9970892071723938 -0.0692061185836792 -1.4815982580184937 -0.9994836449623108 0.03212292119860649 0.0007746460614725947 55.952693939208984
0.006700499448925257 0.06898192316293716 0.9975953698158264 27.72121238708496 0.03131503984332085 0.9971140027046204 -0.06915898621082306 -1.5240538120269775 -0.999487042427063 0.03170314058661461 0.004520989954471588 55.962745666503906
0.010593446902930737 0.06508740782737732 0.9978232979774475 28.46019744873047 0.03540546074509621 0.9972291588783264 -0.06542453914880753 -1.5788049697875977 -0.9993169903755188 0.03602146357297897 0.008259645663201809 55.96267318725586
0.014324108138680458 0.06573668867349625 0.9977342486381531 29.213821411132812 0.039755064994096756 0.9970101118087769 -0.06625973433256149 -1.626640796661377 -0.999106764793396 0.04061409458518028 0.011667916551232338 55.965545654296875
0.01763674058020115 0.06657787412405014 0.9976253509521484 29.975982666015625 0.04334766045212746 0.9967914819717407 -0.06728855520486832 -1.6848552227020264 -0.9989043474197388 0.044431474059820175 0.014694157056510448 55.98094177246094
0.02036559022963047 0.06664180010557175 0.9975690841674805 30.72673988342285 0.043829068541526794 0.9967573285102844 -0.0674823597073555 -1.7298150062561035 -0.9988314509391785 0.04509683698415756 0.01737869903445244 55.99848175048828
0.024115726351737976 0.0653202161192894 0.9975729584693909 31.474184036254883 0.045193664729595184 0.9967717528343201 -0.06636030226945877 -1.7745389938354492 -0.9986870884895325 0.046684302389621735 0.021085813641548157 56.015960693359375
0.027467776089906693 0.06422526389360428 0.9975573420524597 32.21397018432617 0.04739733040332794 0.9967278838157654 -0.06547693908214569 -1.8219594955444336 -0.9984983801841736 0.04908006265759468 0.024333786219358444 56.03852081298828
0.03023199923336506 0.06425969302654266 0.9974752068519592 32.938968658447266 0.04607582464814186 0.9967809319496155 -0.06561146676540375 -1.8699960708618164 -0.9984803795814514 0.04794305935502052 0.027173858135938644 56.06392288208008
0.03340307995676994 0.06606567651033401 0.9972559809684753 33.72210693359375 0.042644478380680084 0.9968098998069763 -0.06746449321508408 -1.9192125797271729 -0.9985317587852478 0.04478098452091217 0.030479183420538902 56.09096908569336
0.03633018955588341 0.06610662490129471 0.9971509575843811 34.47521209716797 0.044716726988554 0.9967026710510254 -0.06770613044500351 -1.9633190631866455 -0.9983388781547546 0.04704910144209862 0.03325432538986206 56.114967346191406
0.0390741303563118 0.0658838227391243 0.9970619678497314 35.23720169067383 0.04236629605293274 0.996817409992218 -0.06752798706293106 -2.0096993446350098 -0.9983377456665039 0.044880419969558716 0.036158520728349686 56.15001678466797
0.0410463884472847 0.06607000529766083 0.9969704151153564 35.98855209350586 0.04054025933146477 0.996879518032074 -0.06773307174444199 -2.057685613632202 -0.998334527015686 0.0431976355612278 0.03823980316519737 56.19318771362305
0.044233810156583786 0.06540963798761368 0.9968776702880859 36.754695892333984 0.03805454075336456 0.9970197081565857 -0.06710754334926605 -2.114921808242798 -0.9982962608337402 0.04090414196252823 0.04161284863948822 56.226409912109375
0.046918049454689026 0.06816078722476959 0.9965704679489136 37.51008605957031 0.0365435928106308 0.9968842267990112 -0.0699026957154274 -2.1534533500671387 -0.9982300400733948 0.03969797492027283 0.04428102821111679 56.272796630859375
0.05063892528414726 0.07224728912115097 0.9961004257202148 38.27549362182617 0.035396263003349304 0.9966235756874084 -0.07408469170331955 -2.1958446502685547 -0.9980894923210144 0.03900980204343796 0.0479106679558754 56.311767578125
0.05374441295862198 0.07372044771909714 0.995829701423645 39.041507720947266 0.03599952533841133 0.9964797496795654 -0.0757114589214325 -2.255183696746826 -0.9979056715965271 0.03991846367716789 0.050901319831609726 56.35980987548828
0.05643825605511665 0.07598461210727692 0.9955105185508728 39.806915283203125 0.029716523364186287 0.9965301156044006 -0.0777471587061882 -2.3066422939300537 -0.9979637265205383 0.03397103399038315 0.05398442968726158 56.41850662231445
0.058956682682037354 0.07508183270692825 0.99543297290802 40.60051345825195 0.025589322671294212 0.9967261552810669 -0.07669495791196823 -2.3634748458862305 -0.9979324340820312 0.029994137585163116 0.0568423718214035 56.47808074951172
0.0629519373178482 0.07554338872432709 0.9951534271240234 41.37675857543945 0.028135083615779877 0.9966005086898804 -0.0774330198764801 -2.418808698654175 -0.9976198673248291 0.03287328779697418 0.060612522065639496 56.52796936035156
0.06696474552154541 0.07676901668310165 0.9947975873947144 42.14768981933594 0.02692122384905815 0.9965335130691528 -0.07871518284082413 -2.476473808288574 -0.9973919987678528 0.032052312046289444 0.06466590613126755 56.578121185302734
0.07009085267782211 0.0776873230934143 0.9945108294487 42.930702209472656 0.02321862056851387 0.9965656399726868 -0.07948422431945801 -2.5305559635162354 -0.9972702264785767 0.028662290424108505 0.06804634630680084 56.657066345214844
0.07463964819908142 0.07564301043748856 0.9943374991416931 43.720035552978516 0.02241247519850731 0.9967397451400757 -0.07750815898180008 -2.587132453918457 -0.9969586730003357 0.028070751577615738 0.07270095497369766 56.70794677734375
0.07958149164915085 0.07529847323894501 0.9939802885055542 44.516780853271484 0.022648436948657036 0.9967488646507263 -0.07732151448726654 -2.651353359222412 -0.9965710639953613 0.028665460646152496 0.07761737704277039 56.77286911010742
0.08484793454408646 0.07886533439159393 0.9932678937911987 45.3054313659668 0.01943294331431389 0.9965419769287109 -0.08078533411026001 -2.7098946571350098 -0.9962044358253479 0.026156581938266754 0.08302193880081177 56.84929656982422
0.09019707143306732 0.0876443088054657 0.9920599460601807 46.096580505371094 0.017189577221870422 0.9958348274230957 -0.08954067528247833 -2.770120143890381 -0.9957755208015442 0.025129400193691254 0.08831483870744705 56.931640625
0.09776678681373596 0.09268435835838318 0.9908840656280518 46.89293670654297 0.015875020995736122 0.9953820109367371 -0.09467141330242157 -2.8300251960754395 -0.9950827360153198 0.0249860268086195 0.09584392607212067 57.01261901855469
0.10531888902187347 0.09587609022855759 0.9898057579994202 47.702762603759766 0.011355589143931866 0.9951606392860413 -0.09760303795337677 -2.8956549167633057 -0.9943736791610718 0.021519271656870842 0.10372047126293182 57.106834411621094
0.11179562658071518 0.09337165206670761 0.9893348813056946 48.506649017333984 0.0076834168285131454 0.9954648613929749 -0.09481843560934067 -2.975604772567749 -0.9937015175819397 0.018201757222414017 0.11057119816541672 57.213600158691406
0.11908562481403351 0.09217297285795212 0.9885963797569275 49.316036224365234 0.0075384522788226604 0.9955689907073975 -0.09373114258050919 -3.0413575172424316 -0.992855429649353 0.018614519387483597 0.11786311864852905 57.323768615722656
0.12716341018676758 0.08817785233259201 0.9879545569419861 50.146705627441406 0.007177156396210194 0.9959326982498169 -0.0898137241601944 -3.1166367530822754 -0.991855800151825 0.018511725589632988 0.12601333856582642 57.42660903930664
0.13460126519203186 0.08280740678310394 0.9874338507652283 50.951690673828125 0.005205943249166012 0.9964292645454407 -0.08427143096923828 -3.181792736053467 -0.9908861517906189 0.01648356392979622 0.13368955254554749 57.54292678833008
0.14151908457279205 0.07557777315378189 0.9870463013648987 51.74514389038086 0.0021619100589305162 0.9970554113388062 -0.07665413618087769 -3.2454047203063965 -0.9899333119392395 0.012981928884983063 0.14093898236751556 57.65939712524414
0.14867210388183594 0.07313428819179535 0.9861785173416138 52.55608367919922 0.002114230301231146 0.9972356557846069 -0.07427302747964859 -3.308603525161743 -0.9888843297958374 0.013127335347235203 0.14810648560523987 57.7960090637207
0.1562693864107132 0.0750139057636261 0.9848617911338806 53.35149383544922 0.0018806603038683534 0.9970874786376953 -0.07624350488185883 -3.3670129776000977 -0.9877126812934875 0.013766717165708542 0.15567314624786377 57.923973083496094
