1.0 0.0 0.0 0.0 0.0 1.0 0.0 0.0 0.0 0.0 1.0 0.0
0.9999986290931702 0.0008045955910347402 0.0014492266345769167 -0.006236545275896788 -0.00079799082595855 0.9999893307685852 -0.004552265163511038 -0.0023553427308797836 -0.0014528738101944327 0.004551102872937918 0.9999886155128479 0.9639636278152466
0.9999966621398926 -0.001450184965506196 0.0021459152922034264 -0.0026095048524439335 0.001461661420762539 0.9999845623970032 -0.0053561688400805 -0.000838888983707875 -0.0021381149999797344 0.0053592873737216 0.9999833703041077 1.9185850620269775
0.9999933838844299 -0.0024586853105574846 0.0026800574269145727 -0.010308545082807541 0.0024620252661406994 0.9999961853027344 -0.0012437575496733189 -0.004574892111122608 -0.0026769894175231457 0.0012503479374572635 0.9999956488609314 2.853015422821045
0.9999855756759644 -0.004923366475850344 0.0021341063547879457 -0.008603803813457489 0.004912786651402712 0.9999757409095764 0.004934667609632015 -0.00834834948182106 -0.002158349845558405 -0.004924111533910036 0.9999855160713196 3.8007972240448
0.9999633431434631 -0.008551081642508507 0.0004137981159146875 -0.0030070554930716753 0.00854891911149025 0.9999511241912842 0.0049687097780406475 -0.004710138309746981 -0.000456265639513731 -0.004964990541338921 0.9999876022338867 4.741384506225586
0.9999388456344604 -0.011059547774493694 -6.382537685567513e-05 -0.008209544233977795 0.011059658601880074 0.9999366402626038 0.002099378500133753 -0.0029472552705556154 4.060316496179439e-05 -0.0020999559201300144 0.9999977350234985 5.6667160987854
0.999928891658783 -0.011870057322084904 -0.0011928409803658724 -0.010253772139549255 0.011868190951645374 0.99992835521698 -0.0015606986125931144 0.003512650029733777 0.001211281050927937 0.0015464307507500052 0.9999980330467224 6.593305587768555
0.9999345541000366 -0.01135256327688694 -0.001381610636599362 -0.020049193874001503 0.011350111104547977 0.9999340176582336 -0.0017709378153085709 -0.003382391994819045 0.0014016240602359176 0.0017551404889672995 0.9999974966049194 7.518906116485596
0.9999330043792725 -0.011309197172522545 -0.0024411026388406754 -0.029309066012501717 0.011309576220810413 0.999936044216156 0.00014120308333076537 -0.0028762808069586754 0.0024393496569246054 -0.00016880159091670066 0.9999970197677612 8.4306001663208
0.9999386668205261 -0.010728317312896252 -0.0027412723284214735 -0.04138023778796196 0.010735299438238144 0.9999391436576843 0.0025452682748436928 0.004872508347034454 0.002713799010962248 -0.0025745402090251446 0.9999930262565613 9.375025749206543
0.9999321699142456 -0.011032059788703918 -0.0037064135540276766 -0.048795584589242935 0.011047503910958767 0.999930202960968 0.004172896035015583 0.005665303207933903 0.003660119604319334 -0.004213559906929731 0.9999844431877136 10.295619010925293
0.9999176263809204 -0.012095103040337563 -0.0042935386300086975 -0.05396653339266777 0.012116696685552597 0.9999138712882996 0.00503902230411768 0.007203984539955854 0.004232221748679876 -0.005090632010251284 0.9999780654907227 11.211207389831543
0.9999088048934937 -0.012387284077703953 -0.005372794345021248 -0.05876072868704796 0.01241538766771555 0.9999091625213623 0.0052289701998233795 0.0074788727797567844 0.005307534709572792 -0.00529519934207201 0.999971866607666 12.124300003051758
0.9999021291732788 -0.012737574987113476 -0.005788798443973064 -0.07237555086612701 0.012759639881551266 0.999911367893219 0.003790857270359993 0.011253975331783295 0.005739999935030937 -0.003864349564537406 0.9999760389328003 13.024463653564453
0.999893844127655 -0.012837530113756657 -0.006896100472658873 -0.08470594882965088 0.012848945334553719 0.999916136264801 0.001613524043932557 0.019184574484825134 0.006874809507280588 -0.00170196034014225 0.9999749064445496 13.929377555847168
0.9998630881309509 -0.014138120226562023 -0.008606275543570518 -0.09260820597410202 0.014138279482722282 0.9998999834060669 -4.237350731273182e-05 0.027971243485808372 0.008606013841927052 -7.931022992124781e-05 0.9999629259109497 14.834614753723145
0.9998518228530884 -0.013809987343847752 -0.010282530449330807 -0.10974887013435364 0.013804111629724503 0.9999045133590698 -0.0006423521554097533 0.026652321219444275 0.0102904187515378 0.000500315916724503 0.9999468922615051 15.744256019592285
0.9998509883880615 -0.012629830278456211 -0.011778240092098713 -0.12385712563991547 0.012612917460501194 0.9999192953109741 -0.0015090496744960546 0.0270562544465065 0.011796348728239536 0.0013602665858343244 0.9999295473098755 16.64190673828125
0.9998466372489929 -0.01140851341187954 -0.01329720113426447 -0.14163672924041748 0.011390780098736286 0.9999340772628784 -0.0014086109586060047 0.025527572259306908 0.01331239752471447 0.0012569291284307837 0.9999105930328369 17.53155517578125
0.9998196959495544 -0.011961540207266808 -0.0147502226755023 -0.1600804626941681 0.011951569467782974 0.9999282956123352 -0.0007638857350684702 0.02736702561378479 0.014758303761482239 0.0005874597118236125 0.9998908638954163 18.422819137573242
0.9998025298118591 -0.011625991202890873 -0.016120480373501778 -0.18077701330184937 0.011641194112598896 0.999931812286377 0.0008494993089698255 0.024350645020604134 0.016109509393572807 -0.0010369933443143964 0.9998696446418762 19.31279945373535
0.9997793436050415 -0.01144348457455635 -0.01761608198285103 -0.20067720115184784 0.011475098319351673 0.9999327659606934 0.0016946581890806556 0.022546542808413506 0.017595503479242325 -0.0018964303890243173 0.999843418598175 20.192306518554688
0.9997372627258301 -0.01252337172627449 -0.019199706614017487 -0.21993805468082428 0.012559400871396065 0.9999196529388428 0.0017571918433532119 0.02122599445283413 0.01917615532875061 -0.0019978664349764585 0.9998141527175903 21.085420608520508
0.9997203946113586 -0.011811928823590279 -0.02048538811504841 -0.24065028131008148 0.011826862581074238 0.9999299049377441 0.0006080715684220195 0.02793741039931774 0.020476767793297768 -0.0008501794072799385 0.9997899532318115 21.930356979370117
0.9996854066848755 -0.011964368633925915 -0.022045034915208817 -0.2617184519767761 0.011986305937170982 0.999927818775177 0.0008633120451122522 0.030512254685163498 0.02203311212360859 -0.001127279014326632 0.9997566342353821 22.792354583740234
0.9996640086174011 -0.011627210304141045 -0.02316311001777649 -0.2848035395145416 0.011694835498929024 0.9999277591705322 0.002786213532090187 0.03256144002079964 0.023129038512706757 -0.0030561662279069424 0.9997277855873108 23.653154373168945
0.9996342062950134 -0.013031356036663055 -0.02369808405637741 -0.3052794635295868 0.013172275386750698 0.9998964071273804 0.005800121463835239 0.03279104828834534 0.02362004667520523 -0.006110156886279583 0.9997023344039917 24.498886108398438
0.9996053576469421 -0.013288675807416439 -0.02474997006356716 -0.3240341246128082 0.013474074192345142 0.9998822808265686 0.0073392149060964584 0.036103200167417526 0.02464952878654003 -0.007669800892472267 0.9996667504310608 25.339645385742188
0.9996078610420227 -0.012451237998902798 -0.02507881633937359 -0.3556578755378723 0.012613145634531975 0.9999005198478699 0.006308153737336397 0.03677588701248169 0.024997776374220848 -0.006622002925723791 0.9996655583381653 26.164432525634766
0.999612033367157 -0.01056627742946148 -0.025767775252461433 -0.38162851333618164 0.010665442794561386 0.9999361634254456 0.003714022459462285 0.03914777934551239 0.025726890191435814 -0.00398740591481328 0.9996610283851624 26.969648361206055
0.9995931386947632 -0.010142139159142971 -0.026656052097678185 -0.4061611592769623 0.010194691829383373 0.9999462962150574 0.0018363673007115722 0.04487033560872078 0.026635995134711266 -0.0021073701791465282 0.9996429681777954 27.77261734008789
0.9995854496955872 -0.009130178950726986 -0.02730475924909115 -0.4368875324726105 0.009173822589218616 0.9999567866325378 0.0014735509175807238 0.04769445210695267 0.02729012817144394 -0.0017234287224709988 0.9996260404586792 28.564037322998047
0.999548614025116 -0.009257085621356964 -0.02857963740825653 -0.4615388810634613 0.009297501295804977 0.9999558925628662 0.0012815974187105894 0.04216168820858002 0.02856651321053505 -0.001546738320030272 0.9995906949043274 29.35346031188965
0.9994781613349915 -0.009213248267769814 -0.030958019196987152 -0.4865031838417053 0.009228046052157879 0.9999573826789856 0.0003352053463459015 0.04245508089661598 0.030953608453273773 -0.0006207124097272754 0.9995205998420715 30.129480361938477
0.9994211196899414 -0.009281251579523087 -0.03272983059287071 -0.5163464546203613 0.00929990317672491 0.9999566674232483 0.0004176851361989975 0.04107317328453064 0.032724540680646896 -0.0007218275568448007 0.9994641542434692 30.894329071044922
0.9993614554405212 -0.009282223880290985 -0.034504447132349014 -0.5428957939147949 0.0093372892588377 0.9999553561210632 0.001435057376511395 0.04432320594787598 0.03448958694934845 -0.0017563191941007972 0.9994035363197327 31.65972328186035
0.9992774128913879 -0.009518307633697987 -0.03679618239402771 -0.5713759064674377 0.009663265198469162 0.999946117401123 0.00376363517716527 0.045728422701358795 0.03675838187336922 -0.004116487223654985 0.9993157386779785 32.413963317871094
0.9992144107818604 -0.008536294102668762 -0.03870013728737831 -0.6028610467910767 0.008746915496885777 0.9999478459358215 0.005276395473629236 0.04824443906545639 0.03865307569503784 -0.005610758438706398 0.9992370009422302 33.1518669128418
0.9991608262062073 -0.007183855399489403 -0.040324557572603226 -0.6398221254348755 0.007420720998197794 0.9999560713768005 0.005727347452193499 0.04422871023416519 0.040281642228364944 -0.00602177856490016 0.9991702437400818 33.881587982177734
0.9991084933280945 -0.004770537838339806 -0.04194650053977966 -0.6812687516212463 0.004987302236258984 0.99997478723526 0.005064517259597778 0.044414736330509186 0.041921280324459076 -0.005269201938062906 0.9991071224212646 34.589656829833984
0.9990180730819702 -0.002796014305204153 -0.04421628266572952 -0.712883710861206 0.0029955615755170584 0.9999856352806091 0.00444734375923872 0.04840690642595291 0.04420320689678192 -0.004575429949909449 0.9990121126174927 35.30229187011719
0.9989423155784607 -0.002618645317852497 -0.04590453580021858 -0.7409464120864868 0.0028642911929637194 0.9999818801879883 0.005286267027258873 0.05343526974320412 0.04588986933231354 -0.0054121604189276695 0.9989318251609802 36.01398468017578
0.9989064931869507 -0.000864957575686276 -0.0467427596449852 -0.786147952079773 0.00120827229693532 0.9999724626541138 0.007317007519304752 0.0557396374642849 0.046735141426324844 -0.007365484721958637 0.99888014793396 36.6893196105957
0.9989027976989746 0.0018280723597854376 -0.04679562896490097 -0.824184775352478 -0.0014728602254763246 0.9999698996543884 0.007624074816703796 0.06055093929171562 0.046808164566755295 -0.007546786218881607 0.9988753199577332 37.38285827636719
0.9989408254623413 0.004234644118696451 -0.04581743851304054 -0.8530033826828003 -0.0039902362041175365 0.9999773502349854 0.0054245321080088615 0.06455149501562119 0.045839373022317886 -0.0052359639666974545 0.9989351034164429 38.05754089355469
0.9990102052688599 0.005854717455804348 -0.04409651830792427 -0.8873376846313477 -0.005751428194344044 0.9999803900718689 0.002468870021402836 0.06610441952943802 0.04411011561751366 -0.0022128080017864704 0.9990242123603821 38.70058059692383
0.9990866780281067 0.006333441007882357 -0.04225829988718033 -0.9124546647071838 -0.006324718240648508 0.9999799728393555 0.0003401188878342509 0.07560096681118011 0.04225960746407509 -7.253537478391081e-05 0.9991067051887512 39.35527801513672
0.9992269277572632 0.007230617571622133 -0.03864262253046036 -0.9492613673210144 -0.007184399291872978 0.9999734163284302 0.0013347939820960164 0.07365839928388596 0.0386512465775013 -0.0010561372619122267 0.999252200126648 39.99549102783203
0.9992727041244507 0.012118891812860966 -0.03615479916334152 -0.9711241722106934 -0.01198631338775158 0.9999205470085144 0.003881398355588317 0.07595899701118469 0.03619895502924919 -0.0034452127292752266 0.9993386268615723 40.64674377441406
0.99934321641922 0.016260270029306412 -0.03238458186388016 -0.9974579811096191 -0.01603095792233944 0.9998446106910706 0.007327977567911148 0.07775512337684631 0.03249869868159294 -0.0068040089681744576 0.9994485974311829 41.27033233642578
0.9993768334388733 0.021382449194788933 -0.028083978220820427 -1.023305058479309 -0.021154075860977173 0.9997408986091614 0.00840400904417038 0.08094575256109238 0.028256403282284737 -0.00780468201264739 0.9995702505111694 41.87678909301758
0.9994302988052368 0.025042371824383736 -0.022626714780926704 -1.0458335876464844 -0.024849174544215202 0.9996525645256042 0.008779708296060562 0.08428986370563507 0.02283872291445732 -0.00821245089173317 0.9997054934501648 42.46114730834961
0.9994408488273621 0.02898336388170719 -0.016674231737852097 -1.061225414276123 -0.02880701795220375 0.9995275139808655 0.010720690712332726 0.08741383254528046 0.01697707362473011 -0.01023436151444912 0.9998034834861755 43.03229904174805
0.9993655681610107 0.03411920368671417 -0.01022421196103096 -1.0732125043869019 -0.03399781137704849 0.9993519186973572 0.011821962893009186 0.08978144079446793 0.010620943270623684 -0.011466859839856625 0.9998778700828552 43.60512924194336
0.9992919564247131 0.037471871823072433 -0.0033928416669368744 -1.076818585395813 -0.0374302975833416 0.9992321133613586 0.011583518236875534 0.09183495491743088 0.0038242926821112633 -0.011448321864008904 0.9999271631240845 44.13741683959961
0.9991520047187805 0.04095540940761566 0.004243371542543173 -1.082821011543274 -0.041001737117767334 0.9990930557250977 0.01147552765905857 0.09489195048809052 -0.0037695388309657574 -0.011639781296253204 0.9999251365661621 44.64103698730469
0.9989264607429504 0.044939570128917694 0.011237846687436104 -1.0754512548446655 -0.04506570100784302 0.9989209175109863 0.011234150268137455 0.09588857740163803 -0.010720863938331604 -0.011728532612323761 0.9998737573623657 45.1423225402832
0.9986318349838257 0.0487213172018528 0.018987787887454033 -1.0722143650054932 -0.0488845631480217 0.9987704753875732 0.008229921571910381 0.10299057513475418 -0.018563471734523773 -0.009146871976554394 0.999785840511322 45.612144470214844
0.9983219504356384 0.05120100826025009 0.027055826038122177 -1.060977816581726 -0.05136337876319885 0.9986657500267029 0.005340087693184614 0.10121428966522217 -0.026746314018964767 -0.006720805540680885 0.9996196627616882 46.06667709350586
0.998062252998352 0.051592398434877396 0.034785907715559006 -1.0439741611480713 -0.051796916872262955 0.9986450672149658 0.005003361962735653 0.10470638424158096 -0.03448064625263214 -0.006795468740165234 0.9993823170661926 46.492984771728516
0.9978002309799194 0.05070200562477112 0.042708028107881546 -1.0195614099502563 -0.05101604759693146 0.9986779689788818 0.006294997408986092 0.10616645216941833 -0.042332399636507034 -0.00845994520932436 0.9990677833557129 46.89244842529297
0.9973085522651672 0.05281813070178032 0.050851970911026 -0.9991605877876282 -0.053239863365888596 0.9985573291778564 0.006973874755203724 0.10927117615938187 -0.05041026696562767 -0.009662458673119545 0.9986818432807922 47.28329849243164
0.9966596364974976 0.05578374117612839 0.05964557081460953 -0.9841845035552979 -0.0563269667327404 0.9983844757080078 0.0074641043320298195 0.10449162125587463 -0.059132833033800125 -0.010798826813697815 0.9981917142868042 47.64112091064453
0.9958359003067017 0.06079215556383133 0.0679343119263649 -0.9535619616508484 -0.061378054320812225 0.9980929493904114 0.00656888447701931 0.10982225090265274 -0.06740541756153107 -0.010711208917200565 0.9976682066917419 47.96636199951172
0.9949318766593933 0.06449278444051743 0.07714451849460602 -0.9343934059143066 -0.06521578133106232 0.9978474378585815 0.006887110415846109 0.1049923524260521 -0.07653430849313736 -0.011883243918418884 0.9969961047172546 48.268218994140625
0.9942063093185425 0.06368478387594223 0.08659093827009201 -0.9055799245834351 -0.06457999348640442 0.9978838562965393 0.007573975250124931 0.1034761294722557 -0.08592534810304642 -0.013122135773301125 0.9962151050567627 48.55292892456055
0.9933232665061951 0.062450580298900604 0.09699825942516327 -0.8653326630592346 -0.06328978389501572 0.9979795217514038 0.005596315488219261 0.10498552024364471 -0.09645278751850128 -0.011697950772941113 0.9952688217163086 48.8316764831543
0.9921879172325134 0.06095763295888901 0.10884527862071991 -0.8293928503990173 -0.06145330145955086 0.9981092214584351 0.0012021871516481042 0.10062792152166367 -0.10856619477272034 -0.007881696335971355 0.9940579533576965 49.0872688293457
0.990584135055542 0.06200793758034706 0.12205717712640762 -0.7873305082321167 -0.06210055202245712 0.9980653524398804 -0.003048891667276621 0.10397534817457199 -0.12201008200645447 -0.004559635184705257 0.9925183653831482 49.354827880859375
0.9884530901908875 0.0634954571723938 0.13758209347724915 -0.7473316788673401 -0.0633794441819191 0.9979758262634277 -0.005228348076343536 0.10120570659637451 -0.13763557374477386 -0.003551900153979659 0.9904765486717224 49.61577606201172
0.985959529876709 0.06541534513235092 0.15363779664039612 -0.6963152885437012 -0.06519042700529099 0.9978516101837158 -0.006506717298179865 0.09784255921840668 -0.15373335778713226 -0.003600354539230466 0.988105833530426 49.867462158203125
0.9831575155258179 0.06586337834596634 0.17047980427742004 -0.6408252716064453 -0.06552426517009735 0.9978218674659729 -0.007621105760335922 0.09585390985012054 -0.1706104576587677 -0.0036778163630515337 0.9853317141532898 50.128265380859375
0.9798860549926758 0.06483285874128342 0.18873248994350433 -0.5829638838768005 -0.06429173052310944 0.9978906512260437 -0.008994358591735363 0.09675663709640503 -0.18891751766204834 -0.0033204909414052963 0.9819873571395874 50.38087463378906
0.9759965538978577 0.06418603658676147 0.20811286568641663 -0.515036404132843 -0.06364630907773972 0.9979292154312134 -0.009295672178268433 0.09370899200439453 -0.2082785665988922 -0.004173072520643473 0.9780606031417847 50.6230354309082
0.9714807868003845 0.06438290327787399 0.22821027040481567 -0.4422409236431122 -0.06370673328638077 0.9979151487350464 -0.010336125269532204 0.08810374140739441 -0.22839997708797455 -0.00449718302115798 0.9735569953918457 50.86051559448242
0.96617591381073 0.06649120151996613 0.24916476011276245 -0.366840660572052 -0.06535875052213669 0.997779369354248 -0.01282486505806446 0.08866941183805466 -0.249464213848114 -0.003894021036103368 0.9683762192726135 51.099552154541016
0.9599506258964539 0.06772470474243164 0.2718605697154999 -0.28049027919769287 -0.06617563217878342 0.997697114944458 -0.014873060397803783 0.0828922688961029 -0.2722417712211609 -0.0037131442222744226 0.9622217416763306 51.34105682373047
0.9526752233505249 0.06917251646518707 0.296015202999115 -0.1833261400461197 -0.06747248023748398 0.9975934624671936 -0.015967708081007004 0.07394181936979294 -0.2964072823524475 -0.004760840907692909 0.9550497531890869 51.578147888183594
0.9441272020339966 0.07198362052440643 0.32162439823150635 -0.0842261016368866 -0.07028964906930923 0.9973835945129395 -0.01689213328063488 0.0670795813202858 -0.3219988942146301 -0.006658547557890415 0.9467166662216187 51.81730270385742
0.9343562722206116 0.07376733422279358 0.348621129989624 0.026008345186710358 -0.07202667742967606 0.9972407817840576 -0.017971450462937355 0.057911962270736694 -0.34898489713668823 -0.008318283595144749 0.9370914697647095 52.0494499206543
0.9230887293815613 0.07462484389543533 0.37727728486061096 0.14083242416381836 -0.07270017266273499 0.9971659183502197 -0.01936141960322857 0.05102871358394623 -0.3776529133319855 -0.009555819444358349 0.9258979558944702 52.28390884399414
0.9105495810508728 0.07237169146537781 0.4070158898830414 0.28827470541000366 -0.069619320333004 0.9973399043083191 -0.021589715033769608 0.042965639382600784 -0.4074956476688385 -0.00867766235023737 0.9131659269332886 52.52750778198242
0.8955639004707336 0.07011254131793976 0.4393739700317383 0.4352211058139801 -0.06611515581607819 0.9975132346153259 -0.024416163563728333 0.0362875759601593 -0.4399932026863098 -0.007183047942817211 0.8979723453521729 52.75875473022461
0.878252387046814 0.0692434310913086 0.4731576442718506 0.5876693725585938 -0.06327865272760391 0.9975878596305847 -0.02853548713028431 0.025260936468839645 -0.4739921987056732 -0.004879417363554239 0.8805155158042908 52.97715377807617
0.8587231636047363 0.0712815672159195 0.5074577331542969 0.7502637505531311 -0.06281547248363495 0.9974521994590759 -0.033813364803791046 0.01990615949034691 -0.5085750818252563 -0.0028398812282830477 0.8610129356384277 53.19501876831055
0.8369468450546265 0.07327970862388611 0.5423559546470642 0.9378335475921631 -0.0623965822160244 0.9973101019859314 -0.03846177086234093 0.011929207481443882 -0.5437154769897461 -0.0016506988322362304 0.8392679691314697 53.42271423339844
0.8123033046722412 0.07583071291446686 0.5782845616340637 1.1321202516555786 -0.06308195739984512 0.9971181750297546 -0.04214274510741234 0.0014167851768434048 -0.5798137784004211 -0.00224663014523685 0.8147459030151367 53.64923858642578
0.7848337292671204 0.07996170222759247 0.6145257949829102 1.3429580926895142 -0.06620597839355469 0.9967841506004333 -0.04514676705002785 -0.010343335568904877 -0.6161595582962036 -0.005252579692751169 0.7876037955284119 53.878562927246094
0.7548415660858154 0.08451355993747711 0.6504396200180054 1.5695204734802246 -0.07006251066923141 0.9963796138763428 -0.04815434291958809 -0.024479340761899948 -0.6521545052528381 -0.00922253169119358 0.7580299973487854 54.1086311340332
0.7217311263084412 0.0853775292634964 0.686887800693512 1.8281912803649902 -0.06952693313360214 0.9962867498397827 -0.05078085884451866 -0.04372621700167656 -0.6886728405952454 -0.011107075028121471 0.7249871492385864 54.34489059448242
0.6851036548614502 0.08303721249103546 0.723697304725647 2.1111209392547607 -0.06602810323238373 0.9964708089828491 -0.05182838812470436 -0.06332691758871078 -0.7254469990730286 -0.012276547960937023 0.6881685853004456 54.57039260864258
0.6458798050880432 0.08143816888332367 0.7590829730033875 2.401791572570801 -0.06301973015069962 0.9965880513191223 -0.05329741910099983 -0.08649630844593048 -0.7608336210250854 -0.013413471169769764 0.648808479309082 54.777896881103516
0.603358268737793 0.08061682432889938 0.793384850025177 2.7335546016693115 -0.060808829963207245 0.9966315627098083 -0.05502469092607498 -0.11021086573600769 -0.7951484322547913 -0.01504520233720541 0.606228232383728 54.994964599609375
0.5569666624069214 0.08076690137386322 0.8265982866287231 3.092402935028076 -0.05742809176445007 0.9966233372688293 -0.05868467316031456 -0.12643027305603027 -0.828546941280365 -0.014784556813538074 0.5597242712974548 55.20732498168945
0.5081104040145874 0.07939451932907104 0.8576248288154602 3.460772752761841 -0.05416681990027428 0.9967167377471924 -0.060179151594638824 -0.1537702977657318 -0.8595869541168213 -0.01587716117501259 0.5107427835464478 55.40058135986328
0.4597352147102356 0.07803262025117874 0.8846210837364197 3.8989179134368896 -0.05252005159854889 0.9967774748802185 -0.060631439089775085 -0.17061682045459747 -0.886501669883728 -0.01858592964708805 0.4623520076274872 55.59012985229492
0.4106845259666443 0.07570360600948334 0.908629298210144 4.336100101470947 -0.051600947976112366 0.9968797564506531 -0.059733569622039795 -0.19240251183509827 -0.9103161692619324 -0.022354481741786003 0.4133094549179077 55.75003433227539
0.3601458966732025 0.07559036463499069 0.9298285841941833 4.7932281494140625 -0.0546131394803524 0.9967107772827148 -0.0598745234310627 -0.2121528685092926 -0.9312960505485535 -0.029217282310128212 0.36308956146240234 55.912841796875
0.31075534224510193 0.07637856155633926 0.9474161863327026 5.256067276000977 -0.05297035351395607 0.9966087341308594 -0.06296992301940918 -0.2318304032087326 -0.9490128755569458 -0.030616728588938713 0.31374725699424744 56.04175567626953
0.2631000876426697 0.07252989709377289 0.9620383381843567 5.733290195465088 -0.042105961591005325 0.9970831871032715 -0.0636567771434784 -0.2742328345775604 -0.9638492465019226 -0.023759445175528526 0.2653866410255432 56.134063720703125
0.21898649632930756 0.06681472063064575 0.9734375476837158 6.242681503295898 -0.02845333330333233 0.9976657032966614 -0.06207676976919174 -0.2982600927352905 -0.9753129482269287 -0.014103570021688938 0.22037643194198608 56.207420349121094
0.17702558636665344 0.06581301987171173 0.982003390789032 6.751943588256836 -0.019336631521582603 0.997801661491394 -0.0633859857916832 -0.32645440101623535 -0.9840162396430969 -0.007767694070935249 0.17790909111499786 56.25785446166992
0.13836197555065155 0.06739871203899384 0.9880857467651367 7.30185604095459 -0.016048839315772057 0.9977032542228699 -0.06580741703510284 -0.34998270869255066 -0.9902516007423401 -0.0067523811012506485 0.13912591338157654 56.322383880615234
0.10581852495670319 0.06812042742967606 0.9920493364334106 7.813349723815918 -0.007609854452311993 0.9976771473884583 -0.06769513338804245 -0.38642433285713196 -0.9943563342094421 -0.00038595107616856694 0.10609110444784164 56.33995056152344
0.07673963904380798 0.06653419882059097 0.9948287010192871 8.377449989318848 -0.00017959739489015192 0.9977719783782959 -0.06671718508005142 -0.42149046063423157 -0.9970511794090271 0.004941185470670462 0.07658060640096664 56.363677978515625
0.051836173981428146 0.0646156296133995 0.9965630173683167 8.944886207580566 0.00629787240177393 0.9978635311126709 -0.06502755731344223 -0.45850878953933716 -0.9986357688903809 0.009647006168961525 0.05131847783923149 56.373077392578125
0.03181680664420128 0.06366737186908722 0.9974638819694519 9.522908210754395 0.01138385757803917 0.9978813529014587 -0.06405714899301529 -0.48452028632164 -0.999428927898407 0.013393080793321133 0.031024623662233353 56.375274658203125
0.016185332089662552 0.06597182899713516 0.9976901412010193 10.102967262268066 0.014489207416772842 0.9977006912231445 -0.06620757281780243 -0.5071912407875061 -0.9997640252113342 0.015527334064245224 0.015192235819995403 56.3695182800293
0.002790166065096855 0.06592344492673874 0.9978207349777222 10.696430206298828 0.015235806815326214 0.9977060556411743 -0.06595846265554428 -0.5378284454345703 -0.9998800158500671 0.015386642888188362 0.0017793680308386683 56.364471435546875
-0.009035615250468254 0.066473588347435 0.9977473020553589 11.3108549118042 0.01583290658891201 0.9976723790168762 -0.06632521748542786 -0.5805754065513611 -0.9998337626457214 0.015197952277958393 -0.010067053139209747 56.36184310913086
-0.01796087436378002 0.069236159324646 0.9974386096000671 11.931700706481934 0.020879345014691353 0.9974079728126526 -0.06885804235935211 -0.6179268956184387 -0.9996206164360046 0.01958911493420601 -0.019359929487109184 56.338706970214844
-0.02438087947666645 0.0712241530418396 0.997162401676178 12.552407264709473 0.025138281285762787 0.997187077999115 -0.07061129063367844 -0.6514012217521667 -0.9993866086006165 0.023345382884144783 -0.026102755218744278 56.30985641479492
-0.029014501720666885 0.07068121433258057 0.9970768690109253 13.205513954162598 0.02549503557384014 0.9972245693206787 -0.06994980573654175 -0.6897534728050232 -0.9992538094520569 0.02339095063507557 -0.03073599748313427 56.296539306640625
-0.03271886333823204 0.06809498369693756 0.9971421360969543 13.851716995239258 0.023037873208522797 0.9974627494812012 -0.06736093014478683 -0.7183869481086731 -0.9991990327835083 0.020768065005540848 -0.03420460596680641 56.277130126953125
-0.03515861555933952 0.061095573008060455 0.9975125193595886 14.552989959716797 0.021150555461645126 0.9979515671730042 -0.060376983135938644 -0.7601190209388733 -0.9991579055786133 0.01897517405450344 -0.03637878969311714 56.25663375854492
-0.03635244816541672 0.05562546104192734 0.997789740562439 15.242864608764648 0.022474627941846848 0.9982426762580872 -0.054831892251968384 -0.7934929728507996 -0.999086320400238 0.020431682467460632 -0.037538718432188034 56.22946548461914
-0.03684727102518082 0.05290855094790459 0.9979193210601807 15.915483474731445 0.024869412183761597 0.9983367323875427 -0.05201239883899689 -0.8291412591934204 -0.9990114569664001 0.022901153191924095 -0.038101788610219955 56.200706481933594
-0.03680282086133957 0.05509750172495842 0.9978024959564209 16.623445510864258 0.028415828943252563 0.9981330037117004 -0.05406765639781952 -0.8703792095184326 -0.9989185333251953 0.026363546028733253 -0.038299739360809326 56.17653274536133
-0.03568807989358902 0.06260401010513306 0.9974001049995422 17.33504295349121 0.0295419879257679 0.9976658821105957 -0.0615636371076107 -0.9012542366981506 -0.9989262223243713 0.027268094941973686 -0.03745422139763832 56.14349365234375
-0.03347389027476311 0.07090237736701965 0.9969214200973511 18.050466537475586 0.03016050159931183 0.9970977306365967 -0.0699022188782692 -0.93354731798172 -0.9989843964576721 0.027727747336030006 -0.0355151891708374 56.1213493347168
-0.03117152862250805 0.07164021581411362 0.9969432950019836 18.780508041381836 0.030984211713075638 0.9970179796218872 -0.0706767812371254 -0.967885434627533 -0.9990336894989014 0.028686398640275 -0.03329828754067421 56.09732437133789
-0.029125183820724487 0.06712327152490616 0.9973194599151611 19.522916793823242 0.030459122732281685 0.9973390102386475 -0.06623508036136627 -1.0134563446044922 -0.9991115927696228 0.02844836749136448 -0.031092192977666855 56.08009719848633
-0.026673410087823868 0.06070772930979729 0.9977990984916687 20.269969940185547 0.02994868904352188 0.9977547526359558 -0.05990443006157875 -1.0618646144866943 -0.9991954565048218 0.028284922242164612 -0.02843163162469864 56.0639533996582
-0.023960722610354424 0.05875563994050026 0.9979848265647888 21.024219512939453 0.02846352383494377 0.9979068040847778 -0.058067671954631805 -1.1076698303222656 -0.9993076324462891 0.02701481617987156 -0.025582963600754738 56.048805236816406
-0.020467644557356834 0.06436768919229507 0.9977163672447205 21.75124740600586 0.035989291965961456 0.997326135635376 -0.0636042058467865 -1.147560477256775 -0.999142587184906 0.034605275839567184 -0.022729462012648582 56.02669143676758
-0.017203444615006447 0.06977265328168869 0.9974145889282227 22.481685638427734 0.03795626387000084 0.9968887567520142 -0.06908120214939117 -1.1915833950042725 -0.9991313815116882 0.036669693887233734 -0.01979822665452957 56.01082992553711
-0.014779708348214626 0.07014896720647812 0.9974271059036255 23.218563079833984 0.03185604140162468 0.997062623500824 -0.069651298224926 -1.235792636871338 -0.999383270740509 0.030744649469852448 -0.016970962285995483 56.01373291015625
-0.012026098556816578 0.06683847308158875 0.9976913928985596 23.96970558166504 0.027226446196436882 0.9974153637886047 -0.06649180501699448 -1.2821749448776245 -0.9995570182800293 0.026363952085375786 -0.013814789243042469 56.025936126708984
-0.007054855581372976 0.06310027837753296 0.9979822635650635 24.727725982666016 0.030957818031311035 0.9975425004959106 -0.06285363435745239 -1.3340673446655273 -0.999495804309845 0.030451931059360504 -0.008990965783596039 56.00305938720703
-0.0033060458954423666 0.06397420912981033 0.9979460835456848 25.468374252319336 0.03554115071892738 0.9973285794258118 -0.06381688266992569 -1.3809407949447632 -0.9993627667427063 0.03525717556476593 -0.005570931360125542 55.99094772338867
-0.0010859619360417128 0.06834578514099121 0.9976611733436584 26.201126098632812 0.03536413237452507 0.997040331363678 -0.06826476752758026 -1.429523229598999 -0.9993739128112793 0.03520729020237923 -0.0034997384063899517 56.00278854370117
0.003111132187768817 0.06924246996641159 0.9975950121879578 26.95005226135254 0.03140409290790558 0.9971010088920593 -0.06930611282587051 -1.4721614122390747 -0.9995018839836121 0.03154418617486954 0.000927616551052779 56.009552001953125
0.006443230900913477 0.06884665787220001 0.9976063966751099 27.712677001953125 0.03072257898747921 0.9971425533294678 -0.0690130740404129 -1.520211100578308 -0.9995071887969971 0.031093718484044075 0.004309672862291336 56.0233268737793
0.01022201869636774 0.06601976603269577 0.9977659583091736 28.457801818847656 0.03436899185180664 0.9972053170204163 -0.06633477658033371 -1.56679105758667 -0.9993569850921631 0.03497029468417168 0.007924417965114117 56.02821350097656
0.013938584364950657 0.06648220121860504 0.9976902604103088 29.201557159423828 0.038746923208236694 0.9970018267631531 -0.06697766482830048 -1.6164957284927368 -0.9991518259048462 0.03959100320935249 0.011320812627673149 56.033443450927734
0.01744063012301922 0.0671495795249939 0.9975905418395996 29.95425033569336 0.04183734953403473 0.996819257736206 -0.06782910972833633 -1.6671247482299805 -0.9989722371101379 0.04291952773928642 0.014575797133147717 56.04661178588867
0.020271060988307 0.06686911731958389 0.9975557327270508 30.71893310546875 0.042473308742046356 0.9968025088310242 -0.06768171489238739 -1.7192782163619995 -0.9988919496536255 0.04374147579073906 0.017366088926792145 56.05654525756836
0.023774992674589157 0.06553586572408676 0.9975668787956238 31.471378326416016 0.04379481449723244 0.9968228340148926 -0.066530741751194 -1.7642933130264282 -0.9987576007843018 0.04527002573013306 0.020829321816563606 56.07780838012695
0.027586214244365692 0.0645504966378212 0.9975330829620361 32.221893310546875 0.04595912992954254 0.9967756271362305 -0.06577245891094208 -1.8102251291275024 -0.9985623359680176 0.047660160809755325 0.024530582129955292 56.09341049194336
0.030367327854037285 0.06426896154880524 0.9974703788757324 32.96998977661133 0.044609613716602325 0.9968492388725281 -0.06558705121278763 -1.8621258735656738 -0.9985429048538208 0.04648847505450249 0.027404626831412315 56.11851501464844
0.033243417739868164 0.06663887202739716 0.9972231984138489 33.74435043334961 0.041114695370197296 0.9968389272689819 -0.06798379123210907 -1.9041728973388672 -0.9986012578010559 0.043260544538497925 0.030398499220609665 56.159732818603516
0.03599908947944641 0.06669650226831436 0.997123658657074 34.49126434326172 0.043000832200050354 0.9967429041862488 -0.0682234913110733 -1.9488407373428345 -0.9984262585639954 0.0453331284224987 0.033013831824064255 56.18088150024414
0.03896760568022728 0.06675024330615997 0.9970083832740784 35.250919342041016 0.04084112122654915 0.996826171875 -0.06833429634571075 -1.9905487298965454 -0.9984055161476135 0.043381765484809875 0.03611777350306511 56.2138786315918
0.04104126617312431 0.06673075258731842 0.9969265460968018 36.0147590637207 0.03903995454311371 0.9968981742858887 -0.06833604723215103 -2.0436999797821045 -0.9983944296836853 0.041724562644958496 0.038308799266815186 56.253570556640625
0.044090386480093 0.06700882315635681 0.9967777132987976 36.77769470214844 0.036325667053461075 0.9969806671142578 -0.06862925738096237 -2.0909423828125 -0.9983668923377991 0.03923450782895088 0.041523125022649765 56.294551849365234
0.046966031193733215 0.06889138370752335 0.9965180158615112 37.53559875488281 0.03526876121759415 0.9968824982643127 -0.07057879120111465 -2.136345863342285 -0.9982736110687256 0.038460761308670044 0.04438990727066994 56.3349723815918
0.04998652637004852 0.07254602760076523 0.9961116313934326 38.3131103515625 0.03347179666161537 0.996676504611969 -0.07426683604717255 -2.1917002201080322 -0.998188853263855 0.03705398738384247 0.04739215224981308 56.384056091308594
0.05375991761684418 0.07453589141368866 0.9957682490348816 39.08522033691406 0.03374619781970978 0.996505081653595 -0.07641293853521347 -2.2456183433532715 -0.9979835152626038 0.03771134093403816 0.05105672404170036 56.424163818359375
0.0563679002225399 0.07628469914197922 0.9954914450645447 39.85078430175781 0.027951715514063835 0.9965653419494629 -0.07794970273971558 -2.3023407459259033 -0.998018741607666 0.03221956267952919 0.05404201149940491 56.48177719116211
0.058616381138563156 0.07594317197799683 0.9953876733779907 40.62399673461914 0.02383720688521862 0.9967113733291626 -0.07744788378477097 -2.354184865951538 -0.9979959726333618 0.02826697751879692 0.05661334469914436 56.54362869262695
0.062351301312446594 0.07574629783630371 0.9951757788658142 41.38790512084961 0.026879440993070602 0.9966267347335815 -0.077540822327137 -2.4104087352752686 -0.9976922869682312 0.03158453851938248 0.06010495871305466 56.594444274902344
0.06616103649139404 0.07751969993114471 0.994793176651001 42.18887710571289 0.02485514059662819 0.9965401887893677 -0.0793088898062706 -2.472264289855957 -0.9974993467330933 0.02997288480401039 0.06400536745786667 56.65189743041992
0.07007797062397003 0.07876399159431458 0.9944271445274353 42.97276306152344 0.021237341687083244 0.9965341687202454 -0.08042749762535095 -2.5231165885925293 -0.9973154664039612 0.026755183935165405 0.06816235929727554 56.71689987182617
0.07403005659580231 0.07643747329711914 0.9943222999572754 43.764427185058594 0.02030978724360466 0.9967358708381653 -0.07813513278961182 -2.5812785625457764 -0.9970492124557495 0.025978825986385345 0.07223598659038544 56.78326416015625
0.07795573770999908 0.07645945996046066 0.9940205812454224 44.569149017333984 0.019818056374788284 0.9967390298843384 -0.07822278141975403 -2.6485865116119385 -0.9967598915100098 0.025797473266720772 0.07618623971939087 56.86792755126953
0.0837072804570198 0.08017884194850922 0.9932594299316406 45.3524169921875 0.016412125900387764 0.9965116381645203 -0.08182449638843536 -2.701735019683838 -0.9963551759719849 0.02315080724656582 0.08209937065839767 56.92324447631836
0.089443638920784 0.08878269046545029 0.9920269250869751 46.139427185058594 0.014212113805115223 0.9958040118217468 -0.09040210396051407 -2.762751579284668 -0.9958905577659607 0.022184694185853004 0.08780653029680252 57.00599670410156
0.09662101417779922 0.09348005801439285 0.990921676158905 46.936920166015625 0.012994004413485527 0.9953765273094177 -0.09516730159521103 -2.8283445835113525 -0.9952363967895508 0.022071199491620064 0.09495960175991058 57.09425735473633
0.10440811514854431 0.09654904156923294 0.9898369908332825 47.726558685302734 0.008029723539948463 0.9951623678207397 -0.09791545569896698 -2.8963277339935303 -0.9945021271705627 0.0181712843477726 0.10312776267528534 57.174644470214844
0.1115214005112648 0.0941970944404602 0.9892875552177429 48.53367614746094 0.005441097542643547 0.9954245686531067 -0.09539481997489929 -2.9718804359436035 -0.9937471151351929 0.016021372750401497 0.11049859970808029 57.2794075012207
0.11869678646326065 0.09295157343149185 0.9885702729225159 49.34307861328125 0.005286287050694227 0.9955353140830994 -0.0942411869764328 -3.0378825664520264 -0.992916464805603 0.01641199178993702 0.11767546832561493 57.389076232910156
0.12663958966732025 0.08946282416582108 0.9879063367843628 50.16758728027344 0.004867653362452984 0.9958565831184387 -0.09080677479505539 -3.1072781085968018 -0.9919368624687195 0.01630851998925209 0.1256794035434723 57.4948844909668
0.13338008522987366 0.08351284265518188 0.9875400066375732 50.9711799621582 0.0028714502695947886 0.9964066743850708 -0.08465045690536499 -3.1813302040100098 -0.991060733795166 0.014126360416412354 0.13266098499298096 57.6225471496582
0.14112012088298798 0.07659086585044861 0.9870253205299377 51.7834587097168 0.0006031209486536682 0.9969959259033203 -0.07745079696178436 -3.2345187664031982 -0.9899922609329224 0.011525162495672703 0.14065000414848328 57.73170852661133
0.14826643466949463 0.07383424043655396 0.9861873984336853 52.599342346191406 -0.00023600278655067086 0.9972116947174072 -0.07462412863969803 -3.3085293769836426 -0.9889474511146545 0.010831509716808796 0.14787045121192932 57.867557525634766
0.15543320775032043 0.07556013762950897 0.9849523901939392 53.39918518066406 -0.0003626981924753636 0.9970746636390686 -0.07643284648656845 -3.369123935699463 -0.9878464341163635 0.011522962711751461 0.15500591695308685 58.001953125
