1.0 0.0 0.0 0.0 0.0 1.0 0.0 0.0 0.0 0.0 1.0 0.0
1.0 -6.618591578444466e-05 0.00012043832248309627 -0.01479860208928585 6.601170025533065e-05 0.999998927116394 0.0014459481462836266 -0.012693071737885475 -0.00012053389946231619 -0.0014459401136264205 0.999998927116394 1.315588355064392
0.9999984502792358 -0.0015902806771919131 -0.0007066591060720384 -0.008564583957195282 0.0015914965188130736 0.9999972581863403 0.0017232622485607862 -0.03862800821661949 0.0007039166521281004 -0.0017243842594325542 0.9999982714653015 2.621403694152832
0.9999958872795105 -0.0027752043679356575 -0.0006957149598747492 -0.013890023343265057 0.0027756853960454464 0.9999958872795105 0.0006913784891366959 -0.05424269661307335 0.0006937934667803347 -0.0006933066761121154 0.999999463558197 3.9339089393615723
0.9999955296516418 -0.002956508193165064 -0.000544595590326935 -0.024355662986636162 0.002956902841106057 0.9999954104423523 0.0007251426577568054 -0.0718565508723259 0.0005424491828307509 -0.0007267496548593044 0.9999995827674866 5.254366874694824
0.999992847442627 -0.0037153642624616623 -0.0007251801434904337 -0.021996648982167244 0.0037166946567595005 0.9999914169311523 0.0018412471981719136 -0.0994955375790596 0.0007183330017141998 -0.0018439291743561625 0.9999980330467224 6.58107852935791
0.9999865889549255 -0.005162868183106184 -0.0004748808278236538 -0.02846275456249714 0.005164203699678183 0.9999825954437256 0.002855331636965275 -0.11355385929346085 0.000460130802821368 -0.002857745625078678 0.9999958276748657 7.9044599533081055
0.9999892711639404 -0.004599595908075571 -0.0005645225755870342 -0.03684873506426811 0.0046015335246920586 0.9999833106994629 0.0034797019325196743 -0.1347288191318512 0.0005485079600475729 -0.003482262371107936 0.9999938011169434 9.243977546691895
0.999993085861206 -0.0036372907925397158 -0.0007316860719583929 -0.04597549885511398 0.003638425376266241 0.9999921321868896 0.0015547431539744139 -0.15057557821273804 0.0007260252605192363 -0.0015573941636830568 0.9999985694885254 10.593778610229492
0.9999986886978149 -0.0013300711289048195 -0.0010406880173832178 -0.05328727886080742 0.0013297877740114927 0.9999991059303284 -0.00027274867170490324 -0.17797230184078217 0.001041049719788134 0.0002713641442824155 0.9999994039535522 11.92276668548584
0.9999971985816956 0.0022422580514103174 -0.0007421131012961268 -0.07065744698047638 -0.0022431223187595606 0.9999968409538269 -0.0011653113178908825 -0.20128005743026733 0.0007394978310912848 0.0011669725645333529 0.9999989867210388 13.263323783874512
0.9999893307685852 0.004603384993970394 -0.00043411710066720843 -0.09236729145050049 -0.004603935405611992 0.9999886155128479 -0.0012775380164384842 -0.2216794192790985 0.0004282311419956386 0.001279523246921599 0.9999991059303284 14.599525451660156
0.9999831318855286 0.005763142369687557 -0.0007134164334274828 -0.09248749911785126 -0.005763497669249773 0.9999832510948181 -0.0004969856818206608 -0.2421051263809204 0.0007105403346940875 0.0005010892054997385 0.9999996423721313 15.957650184631348
0.9999945759773254 0.0032745234202593565 0.0002209804515587166 -0.10756784677505493 -0.00327503215521574 0.9999918341636658 0.002343948232010007 -0.2645677328109741 -0.00021330332674551755 -0.002344659063965082 0.9999972581863403 17.31136131286621
0.9999995231628418 -0.0009139429312199354 0.0002672865230124444 -0.1100982055068016 0.0009127594530582428 0.9999898672103882 0.0043959831818938255 -0.2855679392814636 -0.0002713015419431031 -0.004395737312734127 0.9999902844429016 18.66507911682129
0.9999951720237732 -0.0030956645496189594 0.00022920682386029512 -0.11941682547330856 0.003095296211540699 0.9999939799308777 0.001593021210283041 -0.29600533843040466 -0.00023413688177242875 -0.0015923039754852653 0.9999986886978149 20.00617027282715
0.9999880194664001 -0.0048788003623485565 -9.155491716228426e-05 -0.11926109343767166 0.00487881526350975 0.9999880194664001 0.00016354213585145772 -0.3272331953048706 9.075592970475554e-05 -0.00016398685693275183 1.0 21.368005752563477
0.9999973177909851 -0.0019761587027460337 0.0011310153640806675 -0.1419326812028885 0.001977713778614998 0.999997079372406 -0.0013756887055933475 -0.34498777985572815 -0.001128293457441032 0.0013779221335425973 0.9999984502792358 22.715417861938477
0.999998927116394 0.0005080588161945343 0.001370784593746066 -0.14438843727111816 -0.0005087907193228602 0.9999997019767761 0.0005336368340067565 -0.3649735748767853 -0.001370512880384922 -0.0005343337543308735 0.999998927116394 24.088430404663086
0.9999977946281433 0.0010591900208964944 0.0018103132024407387 -0.14973312616348267 -0.001067271106876433 0.9999894499778748 0.004468866158276796 -0.3871835470199585 -0.0018055610125884414 -0.004470788408070803 0.9999883770942688 25.460575103759766
0.9999967813491821 -0.0009878971613943577 0.002352464711293578 -0.15182971954345703 0.0009730667807161808 0.9999797344207764 0.00629704212769866 -0.39679279923439026 -0.0023586375173181295 -0.0062947324477136135 0.9999774098396301 26.85099220275879
0.9999803900718689 -0.005915564950555563 0.002033947268500924 -0.1456207036972046 0.005906946491450071 0.9999736547470093 0.004217911045998335 -0.4158041477203369 -0.002058844780549407 -0.0042058140970766544 0.9999890327453613 28.24793815612793
0.9999801516532898 -0.0059644728899002075 0.002049576723948121 -0.14696630835533142 0.005960248876363039 0.9999802112579346 0.0020607539918273687 -0.4304051697254181 -0.002061827341094613 -0.002048497088253498 0.999995768070221 29.624509811401367
0.9999775290489197 -0.005978977773338556 0.0030362624675035477 -0.16033510863780975 0.005981615278869867 0.999981701374054 -0.0008604848408140242 -0.44758227467536926 -0.0030310621950775385 0.0008786271791905165 0.9999949932098389 30.9812068939209
0.9999896287918091 -0.0025980318896472454 0.003750328905880451 -0.17134714126586914 0.002603677799925208 0.9999954700469971 -0.0015011968789622188 -0.47092553973197937 -0.003746411530300975 0.0015109458472579718 0.999991774559021 32.36065673828125
0.9999896287918091 -0.0019019675673916936 0.004140293691307306 -0.17678843438625336 0.0019164721015840769 0.9999920129776001 -0.0035021239891648293 -0.5003528594970703 -0.0041335998103022575 0.003510022535920143 0.9999852776527405 33.73465347290039
0.9999906420707703 -0.001406029681675136 0.004108162131160498 -0.1742308884859085 0.0014174290699884295 0.9999951720237732 -0.0027732527814805508 -0.5245584845542908 -0.004104242660105228 0.0027790500316768885 0.9999876618385315 35.126678466796875
0.9999901056289673 -0.0005815922631882131 0.0044397818855941296 -0.1932736039161682 0.00058907107450068 0.9999985098838806 -0.0016834080452099442 -0.5521422028541565 -0.004438796080648899 0.001686006784439087 0.9999887347221375 36.51365661621094
0.9999915361404419 0.0006244988180696964 0.004075692966580391 -0.19672727584838867 -0.0006242517265491188 0.9999997615814209 -6.190340354805812e-05 -0.5743140578269958 -0.004075730685144663 5.935876106377691e-05 0.9999917149543762 37.915836334228516
0.9999855756759644 0.003386814845725894 0.004162750206887722 -0.20570985972881317 -0.003388811834156513 0.999994158744812 0.0004728754865936935 -0.602908730506897 -0.004161124117672443 -0.00048697541933506727 0.999991238117218 39.31355667114258
0.9999736547470093 0.005829289089888334 0.004321426153182983 -0.2106240838766098 -0.005829297937452793 0.9999829530715942 -1.0597459549899213e-05 -0.6225037574768066 -0.004321414511650801 -1.4593658306694124e-05 0.999990701675415 40.710693359375
0.9999605417251587 0.00779897952452302 0.004258815199136734 -0.2180810123682022 -0.00780015904456377 0.999969482421875 0.0002604928449727595 -0.6407862305641174 -0.004256653133779764 -0.0002937020326498896 0.9999908804893494 42.13264846801758
0.9999553561210632 0.00864221528172493 0.00383693166077137 -0.218343123793602 -0.008642838336527348 0.9999626278877258 0.0001457848265999928 -0.6605890989303589 -0.003835529088973999 -0.00017894033226184547 0.9999926090240479 43.535274505615234
0.9999648332595825 0.007676987908780575 0.003369842888787389 -0.2255364954471588 -0.007677969988435507 0.9999704360961914 0.00027865904849022627 -0.6872811913490295 -0.003367604222148657 -0.00030452277860604227 0.9999942779541016 44.9481086730957
0.9999752640724182 0.006635912228375673 0.0023492586333304644 -0.22112081944942474 -0.006635754834860563 0.9999779462814331 -7.477710460079834e-05 -0.7080561518669128 -0.0023497033398598433 5.918616443523206e-05 0.9999971985816956 46.34797668457031
0.9999814629554749 0.005896448157727718 0.001529218046925962 -0.2312171906232834 -0.005896743852645159 0.9999825358390808 0.0001892757136374712 -0.7303195595741272 -0.0015280754305422306 -0.00019828959193546325 0.9999988079071045 47.7602653503418
0.9999809861183167 0.006159842945635319 0.00037320019328035414 -0.23301224410533905 -0.006160161457955837 0.999980628490448 0.0008608896750956774 -0.7451263070106506 -0.00036789022851735353 -0.0008631722303107381 0.9999995827674866 49.189537048339844
0.9999781250953674 0.006582660600543022 -0.0007216571248136461 -0.2469271421432495 -0.0065821874886751175 0.9999781847000122 0.0006562276976183057 -0.7714994549751282 0.0007259611738845706 -0.0006514631677418947 0.9999995231628418 50.599342346191406
0.999976396560669 0.006633635610342026 -0.0017984361620619893 -0.2613929212093353 -0.00663113035261631 0.9999770522117615 0.0013959876960143447 -0.792918860912323 0.0018076550913974643 -0.0013840290484949946 0.9999974370002747 52.02671432495117
0.999975323677063 0.006276742089539766 -0.0031365659087896347 -0.27077245712280273 -0.006268220953643322 0.9999766945838928 0.0027191098779439926 -0.8182377219200134 0.003153559984639287 -0.002699382370337844 0.9999914169311523 53.44912338256836
0.9999783635139465 0.005532870534807444 -0.0035570890177041292 -0.28324660658836365 -0.0055217379704117775 0.9999798536300659 0.003132161218672991 -0.834942102432251 0.0035743468906730413 -0.0031124523375183344 0.9999887347221375 54.905391693115234
0.9999825954437256 0.003746766597032547 -0.004561903420835733 -0.28574198484420776 -0.0037298777606338263 0.9999862313270569 0.0037051918916404247 -0.8573930263519287 0.004575722850859165 -0.003688112134113908 0.9999827146530151 56.3520393371582
0.9999876022338867 0.0011980159906670451 -0.004836541134864092 -0.30432286858558655 -0.0011855538468807936 0.9999959468841553 0.0025787216145545244 -0.8737680315971375 0.0048396107740700245 -0.00257295579649508 0.9999849200248718 57.77685546875
0.9999858736991882 -0.00018218683544546366 -0.0053188614547252655 -0.3132668137550354 0.0001998602965613827 0.9999944567680359 0.0033224939834326506 -0.8982701897621155 0.005318226292729378 -0.003323510056361556 0.9999803304672241 59.20145797729492
0.9999872446060181 -0.001399667584337294 -0.004840749315917492 -0.32507288455963135 0.0014173677191138268 0.999992311000824 0.0036549619399011135 -0.9166579842567444 0.0048355963081121445 -0.0036617766600102186 0.9999815821647644 60.633934020996094
0.9999867081642151 -0.0026182292494922876 -0.004453744273632765 -0.33399343490600586 0.0026380044873803854 0.9999867081642151 0.004440118558704853 -0.9335914254188538 0.004442060366272926 -0.004451808054000139 0.9999802112579346 62.065006256103516
0.999986469745636 -0.003751736832782626 -0.003592320019379258 -0.3587130010128021 0.003766855923458934 0.9999839663505554 0.004211413208395243 -0.9644671082496643 0.003576462622731924 -0.004224888980388641 0.999984622001648 63.448612213134766
0.9999836087226868 -0.0049095130525529385 -0.0029270444065332413 -0.3713013231754303 0.004918426275253296 0.9999832510948181 0.003045791992917657 -0.9787093997001648 0.002912041964009404 -0.0030601394828408957 0.9999910593032837 64.86366271972656
0.999982476234436 -0.005221403669565916 -0.002783252391964197 -0.3675757646560669 0.0052300672978162766 0.9999814033508301 0.0031144379172474146 -1.0058332681655884 0.002766939112916589 -0.003128940239548683 0.9999912977218628 66.26946258544922
0.9999884366989136 -0.004503468982875347 -0.0016738775884732604 -0.38128915429115295 0.004508569370955229 0.9999850988388062 0.003055926878005266 -1.0248355865478516 0.0016600904054939747 -0.0030634384602308273 0.9999939799308777 67.69561004638672
0.9999987483024597 -0.000584315974265337 -0.0014886247226968408 -0.39247724413871765 0.0005902351695112884 0.9999918341636658 0.003978944383561611 -1.0389200448989868 0.0014862875686958432 -0.0039798179641366005 0.9999909400939941 69.11235046386719
0.999997079372406 0.0022196073550730944 -0.0008706988301128149 -0.40680915117263794 -0.0022150585427880287 0.999984085559845 0.0051913331262767315 -1.0578006505966187 0.0008822075906209648 -0.005189389921724796 0.9999861121177673 70.5093765258789
0.9999808669090271 0.006174731999635696 -1.762330975907389e-05 -0.41743895411491394 -0.006174519192427397 0.9999634027481079 0.0059164888225495815 -1.0804059505462646 5.415539999376051e-05 -0.00591626763343811 0.999982476234436 71.9188461303711
0.9999488592147827 0.010099035687744617 0.0005065524601377547 -0.4342111349105835 -0.01010163128376007 0.9999342560768127 0.005416166502982378 -1.095900058746338 -0.00045182110625319183 -0.005421006120741367 0.9999852180480957 73.31458282470703
0.9999071359634399 0.013575620017945766 0.0011992360232397914 -0.44774147868156433 -0.013581196777522564 0.9998964071273804 0.004770998377352953 -1.116650104522705 -0.001134342746809125 -0.004786841571331024 0.9999879002571106 74.71439361572266
0.9998798966407776 0.015380901284515858 0.0018871999345719814 -0.4554239809513092 -0.015389837324619293 0.9998698830604553 0.004817007575184107 -1.138318419456482 -0.001812864444218576 -0.004845473449677229 0.9999865889549255 76.10322570800781
0.9998763799667358 0.015570229850709438 0.0021657173056155443 -0.463748574256897 -0.015580734238028526 0.9998664855957031 0.004920695908367634 -1.1518373489379883 -0.0020888112485408783 -0.004953831899911165 0.9999855160713196 77.5105972290039
0.9998867511749268 0.01487266831099987 0.0022968952544033527 -0.4714290499687195 -0.014883073046803474 0.9998787641525269 0.004580400884151459 -1.172818660736084 -0.002228493569418788 -0.004614066332578659 0.9999868869781494 78.89336395263672
0.9999094605445862 0.013303943909704685 0.0020883993711322546 -0.47606170177459717 -0.013311777263879776 0.999904215335846 0.003782818792387843 -1.1934199333190918 -0.0020378732588142157 -0.0038102762773633003 0.9999905824661255 80.28199768066406
0.9999167323112488 0.012793194502592087 0.0016997618367895484 -0.48258060216903687 -0.012799671851098537 0.9999105930328369 0.003856959054246545 -1.214165449142456 -0.0016502670478075743 -0.0038783946074545383 0.9999911189079285 81.65169525146484
0.999917209148407 0.012776536867022514 0.0015386533923447132 -0.48746153712272644 -0.012782297097146511 0.9999110698699951 0.0037945029325783253 -1.2323358058929443 -0.0014900360256433487 -0.003813856979832053 0.9999915957450867 83.02521514892578
0.9999262094497681 0.012136639095842838 0.0005487159942276776 -0.48144736886024475 -0.012138372287154198 0.9999209046363831 0.0032753893174231052 -1.2509791851043701 -0.0005089204059913754 -0.0032818084582686424 0.9999944567680359 84.40019226074219
0.9999238848686218 0.012333936057984829 -0.0002798147907014936 -0.49158981442451477 -0.01233284268528223 0.9999173283576965 0.0036215835716575384 -1.2664353847503662 0.0003244600666221231 -0.003617857350036502 0.9999933838844299 85.79383087158203
0.999927818775177 0.011951571330428123 -0.0012318327790126204 -0.49321848154067993 -0.011945877224206924 0.9999184012413025 0.004530656151473522 -1.2934507131576538 0.0012858806876465678 -0.004515614826232195 0.9999889731407166 87.14981842041016
0.999948263168335 0.009953239001333714 -0.002105511026456952 -0.5064840912818909 -0.009941441006958485 0.9999352097511292 0.0055427514016628265 -1.3156459331512451 0.0021605431102216244 -0.005521533545106649 0.9999824166297913 88.54727935791016
0.9999637007713318 0.007858216762542725 -0.0033015923108905554 -0.5218950510025024 -0.007838556542992592 0.9999517202377319 0.0059261624701321125 -1.332304835319519 0.003348001977428794 -0.005900068208575249 0.9999769926071167 89.91898345947266
0.9999761581420898 0.00559526402503252 -0.004028578754514456 -0.5354634523391724 -0.005570757202804089 0.9999660849571228 0.006069191265851259 -1.3527696132659912 0.004062400199472904 -0.006046604830771685 0.999973475933075 91.29037475585938
0.9999784827232361 0.0044954740442335606 -0.004772512707859278 -0.5422219634056091 -0.0044703236781060696 0.9999760985374451 0.005267529748380184 -1.3678295612335205 0.004796079359948635 -0.00524608138948679 0.9999747276306152 92.6675033569336
0.9999843835830688 0.0032727986108511686 -0.004524750169366598 -0.5597330927848816 -0.0032492803875356913 0.9999812245368958 0.005195226054638624 -1.3945677280426025 0.004541667178273201 -0.00518044363707304 0.9999762773513794 93.98694610595703
0.9999815225601196 0.0036849461030215025 -0.004840305540710688 -0.5738277435302734 -0.0036638393066823483 0.9999837279319763 0.004362385720014572 -1.4090574979782104 0.00485630240291357 -0.00434457091614604 0.99997878074646 95.34577941894531
0.9999848008155823 0.003447003895416856 -0.004296509083360434 -0.5923475623130798 -0.003428810043260455 0.9999850988388062 0.004234675318002701 -1.4348931312561035 0.004311042837798595 -0.004219878930598497 0.9999818205833435 96.70059204101562
0.9999823570251465 0.003976242616772652 -0.004404736217111349 -0.6070038080215454 -0.003960447385907173 0.9999856948852539 0.0035887148696929216 -1.4553992748260498 0.004418943077325821 -0.0035712069366127253 0.9999839067459106 98.0390625
0.9999756217002869 0.0057237958535552025 -0.003994819708168507 -0.6258472800254822 -0.005709396209567785 0.999977171421051 0.0036065741442143917 -1.4705064296722412 0.004015371669083834 -0.0035836780443787575 0.9999854564666748 99.36441802978516
0.99997478723526 0.006165593396872282 -0.003541433485224843 -0.6445836424827576 -0.006146829575300217 0.999967098236084 0.0052851042710244656 -1.4925734996795654 0.0035739026498049498 -0.005263201892375946 0.9999797344207764 100.6976089477539
0.9999644756317139 0.0076225874945521355 -0.003593454137444496 -0.6609892845153809 -0.007599391974508762 0.9999504685401917 0.006424933671951294 -1.511217474937439 0.003642250783741474 -0.0063973986543715 0.9999728798866272 102.03167724609375
0.9999697208404541 0.006915681529790163 -0.003551087575033307 -0.6722829937934875 -0.00689728744328022 0.9999629259109497 0.005165820475667715 -1.526847243309021 0.0035866806283593178 -0.005141172558069229 0.9999803304672241 103.3681869506836
0.9999692440032959 0.006886701565235853 -0.003745362861081958 -0.6845459938049316 -0.0068762949667871 0.999972403049469 0.0027844863943755627 -1.5494625568389893 0.003764436114579439 -0.002758646849542856 0.9999890923500061 104.66695404052734
0.9999738931655884 0.005935007240623236 -0.0040986305102705956 -0.6915868520736694 -0.0059298621490597725 0.9999815821647644 0.001266462728381157 -1.5626713037490845 0.004106071777641773 -0.0012421254068613052 0.9999908208847046 106.01876068115234
0.999984860420227 0.003862102283164859 -0.003911911975592375 -0.7069880366325378 -0.0038515517953783274 0.9999889135360718 0.0027009204495698214 -1.590611219406128 0.003922300413250923 -0.0026858123019337654 0.9999886751174927 107.3193130493164
0.9999920129776001 0.0017883280524984002 -0.00356637523509562 -0.7173753976821899 -0.0017718281596899033 0.9999877214431763 0.004624257329851389 -1.607804536819458 0.0035746009089052677 -0.004617901518940926 0.9999829530715942 108.65721130371094
0.9999964833259583 0.00013330102956388146 -0.002654700307175517 -0.7242246270179749 -0.00011969176557613537 0.9999868273735046 0.005125988274812698 -1.6267856359481812 0.002655348740518093 -0.005125653464347124 0.9999833106994629 109.97985076904297
0.9999973773956299 -0.0008342051296494901 -0.0021702665835618973 -0.7292002439498901 0.0008427423890680075 0.9999918937683105 0.003935854882001877 -1.6459643840789795 0.00216696597635746 -0.003937672823667526 0.9999898672103882 111.30126190185547
0.9999986290931702 0.0011955098016187549 -0.0011028476292267442 -0.7455639839172363 -0.00119381258264184 0.9999982118606567 0.0015380310360342264 -1.6672377586364746 0.001104684197343886 -0.0015367127489298582 0.9999982118606567 112.63308715820312
0.9999942183494568 0.0033810646273195744 0.00025892123812809587 -0.7584119439125061 -0.0033809076994657516 0.9999940991401672 -0.000603873108047992 -1.6870397329330444 -0.00026096124202013016 0.0006029943469911814 0.9999997615814209 113.96638488769531
0.9999755620956421 0.006810823921114206 0.0015749656595289707 -0.7701846361160278 -0.0068096560426056385 0.9999765157699585 -0.0007457263418473303 -1.7097057104110718 -0.001580007723532617 0.0007349832449108362 0.9999985098838806 115.28752136230469
0.9999620914459229 0.00814518891274929 0.0030636244919151068 -0.779666543006897 -0.008148650638759136 0.9999660849571228 0.0011193426325917244 -1.7311503887176514 -0.0030544032342731953 -0.0011442648246884346 0.9999947547912598 116.63310241699219
0.9999592900276184 0.00794281717389822 0.004279830493032932 -0.782303512096405 -0.007957464084029198 0.9999625086784363 0.003416279796510935 -1.7564690113067627 -0.004252535291016102 -0.0034501974005252123 0.9999849796295166 117.96548461914062
0.9999579787254333 0.0076385242864489555 0.005074610933661461 -0.782102644443512 -0.0076565989293158054 0.9999644160270691 0.0035519758239388466 -1.7686299085617065 -0.005047298502177 -0.0035906811244785786 0.9999808073043823 119.30502319335938
0.9999480843544006 0.008183060213923454 0.006071734242141247 -0.7818559408187866 -0.008202563971281052 0.999961256980896 0.003194096265360713 -1.7891231775283813 -0.006045361515134573 -0.003243733663111925 0.9999764561653137 120.64359283447266
0.9999246597290039 0.00986301340162754 0.007309454493224621 -0.7765549421310425 -0.00988399051129818 0.9999470710754395 0.0028393669053912163 -1.808247685432434 -0.007281063124537468 -0.0029113993514329195 0.9999692440032959 121.99030303955078
0.9998922348022461 0.011860464699566364 0.00864944513887167 -0.7831984162330627 -0.011882150545716286 0.9999263286590576 0.002460045740008354 -1.827988624572754 -0.008619628846645355 -0.0025625547859817743 0.9999595880508423 123.3454818725586
0.9998701810836792 0.012691847048699856 0.00992792658507824 -0.7817442417144775 -0.012703586369752884 0.9999186992645264 0.0011201553279533982 -1.8428585529327393 -0.009912900626659393 -0.00124612997751683 0.9999501705169678 124.69029998779297
0.9998476505279541 0.013913451693952084 0.01055306289345026 -0.7733915448188782 -0.013922274112701416 0.9999027252197266 0.0007628499297425151 -1.8752282857894897 -0.01054142415523529 -0.0009096561698243022 0.9999440312385559 126.01696014404297
0.9998491406440735 0.012646552175283432 0.011908692307770252 -0.7667533755302429 -0.012654583901166916 0.9999197125434875 0.0005993699887767434 -1.892227053642273 -0.011900156736373901 -0.0007499789935536683 0.999928891658783 127.3731918334961
0.9998483657836914 0.012464471161365509 0.01215475145727396 -0.751055896282196 -0.012487025000154972 0.9999204277992249 0.0017813361482694745 -1.9183965921401978 -0.012131582014262676 -0.0019328431226313114 0.9999244809150696 128.73362731933594
0.9998495578765869 0.011239217594265938 0.013210111297667027 -0.745365560054779 -0.01127156987786293 0.9999336004257202 0.002377012511715293 -1.936298131942749 -0.013182519003748894 -0.0025255538057535887 0.9999099373817444 130.04934692382812
0.9998493790626526 0.010811110958456993 0.01357507798820734 -0.7397522330284119 -0.010850551538169384 0.9999370574951172 0.0028350299689918756 -1.954532504081726 -0.013543575070798397 -0.0029819002375006676 0.9999038577079773 131.42404174804688
0.9998692274093628 0.008491414599120617 0.013760656118392944 -0.7276624441146851 -0.00852735061198473 0.9999603033065796 0.002554910257458687 -1.9656678438186646 -0.01373841892927885 -0.0026719176676124334 0.999902069568634 132.78013610839844
0.9998888969421387 0.0071036131121218204 0.013112151995301247 -0.7086737155914307 -0.007150663994252682 0.9999681711196899 0.0035448551643639803 -1.9943761825561523 -0.013086552731692791 -0.0036382218822836876 0.9999076724052429 134.1587371826172
0.9999100565910339 0.005241322796791792 0.012346280738711357 -0.6976296901702881 -0.0052821883000433445 0.9999806880950928 0.003279638709500432 -2.0137999057769775 -0.012328852899372578 -0.003344559343531728 0.9999183416366577 135.50265502929688
0.9999276995658875 0.003964244853705168 0.01135049294680357 -0.6915038228034973 -0.00400132592767477 0.9999866485595703 0.0032460105139762163 -2.032350778579712 -0.011337473057210445 -0.0032911929301917553 0.9999302625656128 136.84461975097656
0.9999393224716187 0.002820818219333887 0.010647999122738838 -0.6878283619880676 -0.0028630984015762806 0.9999880790710449 0.0039574578404426575 -2.046645164489746 -0.010636711493134499 -0.003987704869359732 0.9999354481697083 138.194091796875
0.9999566078186035 0.0010232520289719105 0.009257457219064236 -0.6773149371147156 -0.001062982133589685 0.9999901652336121 0.00428775604814291 -2.070833683013916 -0.009252981282770634 -0.004297411069273949 0.9999479651451111 139.54287719726562
0.9999677538871765 0.0007384264608845115 0.00799303874373436 -0.6767846941947937 -0.0007724763127043843 0.9999905824661255 0.004257682710886002 -2.0879127979278564 -0.007989820092916489 -0.004263719543814659 0.9999590516090393 140.86856079101562
0.9999760985374451 0.0003340172115713358 0.00690606189891696 -0.6714245676994324 -0.0003595910675358027 0.999993085861206 0.0037021846510469913 -2.1067306995391846 -0.006904777139425278 -0.003704579547047615 0.9999693036079407 142.21923828125
0.9999827742576599 0.00022967570112086833 0.005882311146706343 -0.6746540665626526 -0.00024905925965867937 0.9999945163726807 0.0032947014551609755 -2.1251418590545654 -0.005881522316485643 -0.003296109614893794 0.9999772906303406 143.55601501464844
0.9999842047691345 -0.002332791918888688 0.005112288519740105 -0.6672635078430176 0.0023271290119737387 0.9999966621398926 0.0011133786756545305 -2.1490721702575684 -0.005114868748933077 -0.001101464033126831 0.9999862313270569 144.89532470703125
0.9999591708183289 -0.007924147881567478 0.0043446943163871765 -0.6601235866546631 0.007922103628516197 0.9999685287475586 0.00048767667612992227 -2.16632342338562 -0.004348421469330788 -0.00045323793892748654 0.9999904632568359 146.24801635742188
0.9998834729194641 -0.014867082238197327 0.0034721498377621174 -0.6560258269309998 0.014855781570076942 0.9998843669891357 0.0032577523961663246 -2.1941356658935547 -0.0035201821010559797 -0.0032057911157608032 0.9999886155128479 147.6088104248047
0.9997453093528748 -0.02249700017273426 0.0017937591765075922 -0.6583043336868286 0.022488364949822426 0.9997360706329346 0.00469634123146534 -2.212028741836548 -0.0018989393720403314 -0.004654806572943926 0.9999873638153076 148.9489288330078
0.9996514320373535 -0.026394758373498917 0.0006128835957497358 -0.6438369750976562 0.026393868029117584 0.9996505975723267 0.0014178004348650575 -2.230367422103882 -0.0006500918534584343 -0.0014011296443641186 0.9999988675117493 150.30633544921875
0.9996781349182129 -0.025346368551254272 0.0012123920023441315 -0.6566075086593628 0.025348421186208725 0.9996772408485413 -0.001706872833892703 -2.257246494293213 -0.0011687377700582147 0.0017370556015521288 0.9999977946281433 151.6422119140625
0.9997520446777344 -0.02215709164738655 0.002259389963001013 -0.6692566871643066 0.02216530777513981 0.9997475743293762 -0.003678340231999755 -2.2855517864227295 -0.002177318325266242 0.0037275077775120735 0.999990701675415 152.96946716308594
0.9997599720954895 -0.02172096073627472 0.002861845074221492 -0.6712100505828857 0.021732229739427567 0.9997559785842896 -0.00396694615483284 -2.307041645050049 -0.00277498085051775 0.004028186667710543 0.9999879598617554 154.32125854492188
0.9996883869171143 -0.024728527292609215 0.0033965259790420532 -0.6742697954177856 0.02473028376698494 0.9996940493583679 -0.0004766276979353279 -2.3324153423309326 -0.00338370050303638 0.0005604761536233127 0.9999940991401672 155.6668243408203
0.9995306134223938 -0.030377551913261414 0.0039767068810760975 -0.6661595106124878 0.030368342995643616 0.9995359182357788 0.0023562852293252945 -2.35841703414917 -0.004046438727527857 -0.002234413055703044 0.9999893307685852 157.01295471191406
0.9994131326675415 -0.03404785692691803 0.003765191650018096 -0.661101758480072 0.03403359279036522 0.9994135499000549 0.0037891538813710213 -2.3764350414276123 -0.0038919958751648664 -0.003658787114545703 0.9999856948852539 158.34286499023438
0.9993465542793274 -0.03592468798160553 0.003991725854575634 -0.6570878624916077 0.03591018170118332 0.9993482828140259 0.003649150487035513 -2.3984320163726807 -0.004120219498872757 -0.0035034220200031996 0.99998539686203 159.69329833984375
0.9994164109230042 -0.033791590481996536 0.005000297911465168 -0.6598431468009949 0.0337703637778759 0.9994204044342041 0.004270324949175119 -2.4143683910369873 -0.005141701083630323 -0.00409897044301033 0.9999784231185913 161.0335235595703
0.9995353817939758 -0.029897866770625114 0.005941738840192556 -0.6538914442062378 0.029877016320824623 0.9995472431182861 0.0035668115597218275 -2.4355432987213135 -0.00604568887501955 -0.0033876325469464064 0.9999759793281555 162.39865112304688
0.999618649482727 -0.026463016867637634 0.007887913845479488 -0.6851310133934021 0.026450462639331818 0.9996486902236938 0.0016917719040066004 -2.459658622741699 -0.007929911836981773 -0.001482487889006734 0.9999674558639526 163.7225341796875
0.999678373336792 -0.023830996826291084 0.008675540797412395 -0.6817535758018494 0.02382289431989193 0.9997156262397766 0.001036349800415337 -2.477992296218872 -0.008697771467268467 -0.0008293400751426816 0.999961793422699 165.07061767578125
0.9997355341911316 -0.021036261692643166 0.00928378663957119 -0.6849886178970337 0.021017953753471375 0.9997769594192505 0.0020653281826525927 -2.4975244998931885 -0.009325161576271057 -0.0018696559127420187 0.9999547600746155 166.42327880859375
0.9997730255126953 -0.019361011683940887 0.008881300687789917 -0.6738156080245972 0.019345076754689217 0.999811053276062 0.0018763977568596601 -2.524685859680176 -0.00891595147550106 -0.0017041625687852502 0.9999588131904602 167.78689575195312
0.9998197555541992 -0.016954630613327026 0.008545979857444763 -0.6713979244232178 0.016963133588433266 0.9998556971549988 -0.0009229524293914437 -2.5374882221221924 -0.008529097773134708 0.001067752600647509 0.9999630451202393 169.1558074951172
0.9998847246170044 -0.012727594934403896 0.008287547156214714 -0.675541877746582 0.012760528363287449 0.9999108910560608 -0.003933153580874205 -2.5577352046966553 -0.008236748166382313 0.004038453102111816 0.9999578595161438 170.5045166015625
0.999934732913971 -0.007817249745130539 0.008330156095325947 -0.6807722449302673 0.007857882417738438 0.9999573230743408 -0.004856255371123552 -2.5897228717803955 -0.008291838690638542 0.004921396262943745 0.9999535083770752 171.8585968017578
0.9999567270278931 -0.0033817877992987633 0.008663938380777836 -0.6819766163825989 0.0034127014223486185 0.9999878406524658 -0.003555761883035302 -2.617403745651245 -0.008651806972920895 0.003585175611078739 0.9999561309814453 173.2250518798828
0.9999553561210632 -0.00030743013485334814 0.009446279145777225 -0.6880215406417847 0.00032318831654265523 0.9999985694885254 -0.0016667097806930542 -2.6419553756713867 -0.009445755742490292 0.0016696882667019963 0.9999539852142334 174.5789031982422
0.9999549984931946 0.0005354143213480711 0.009471844881772995 -0.6831340789794922 -0.0005377645720727742 0.9999998211860657 0.0002455812063999474 -2.661292791366577 -0.009471713565289974 -0.00025066363741643727 0.9999551177024841 175.96153259277344
0.9999575614929199 -0.0031611353624612093 0.008643188513815403 -0.6822564005851746 0.003146771341562271 0.999993622303009 0.001674987026490271 -2.6877236366271973 -0.008648427203297615 -0.0016477176686748862 0.9999611973762512 177.31472778320312
0.999970018863678 -0.0044301534071564674 0.006338754203170538 -0.6663824319839478 0.00442236615344882 0.9999894499778748 0.001241953345015645 -2.6969199180603027 -0.006344189401715994 -0.0012138837482780218 0.9999791383743286 178.70556640625
0.9999725818634033 -0.0054483190178871155 0.005014363210648298 -0.6744443774223328 0.005461385007947683 0.999981701374054 -0.0025957110337913036 -2.72969126701355 -0.005000128876417875 0.002623024396598339 0.9999840259552002 180.08473205566406
0.9999861717224121 -0.0040504215285182 0.0033686619717627764 -0.66972815990448 0.004073022399097681 0.9999690055847168 -0.0067297001369297504 -2.757289409637451 -0.0033412992488592863 0.006743326783180237 0.9999716877937317 181.48046875
0.9999950528144836 0.0013524024980142713 0.002808699384331703 -0.683076024055481 -0.0013313352828845382 0.9999710917472839 -0.0074891094118356705 -2.7875208854675293 -0.002818746492266655 0.007485332898795605 0.9999679327011108 182.88815307617188
0.9999847412109375 0.004781119059771299 0.002775140106678009 -0.6930888891220093 -0.00476323114708066 0.9999679923057556 -0.006417020224034786 -2.8205389976501465 -0.0028057319577783346 0.006403702311217785 0.9999755620956421 184.2804412841797
0.9999710917472839 0.006909055635333061 0.003174625802785158 -0.7079562544822693 -0.006899351719766855 0.9999714493751526 -0.0030578153673559427 -2.8486053943634033 -0.0031956625171005726 0.003035824280232191 0.9999902844429016 185.66714477539062
0.9999659657478333 0.00755289988592267 0.003327110782265663 -0.7069736123085022 -0.007549427915364504 0.9999709725379944 -0.0010550718288868666 -2.872931480407715 -0.003334982553496957 0.001029917853884399 0.9999939203262329 187.072998046875
0.9999696612358093 0.00696587422862649 0.0034716378431767225 -0.7099611759185791 -0.0069648027420043945 0.9999756217002869 -0.0003206156543456018 -2.88997483253479 -0.003473786637187004 0.00029642670415341854 0.9999939203262329 188.49124145507812
0.9999821186065674 0.00495262211188674 0.0033545915503054857 -0.7117325663566589 -0.004953536670655012 0.9999876618385315 0.0002643375482875854 -2.9113054275512695 -0.0033532411325722933 -0.0002809498691931367 0.9999943375587463 189.9086151123047
0.999989926815033 0.002664556261152029 0.003614582819864154 -0.7106442451477051 -0.0026679569855332375 0.9999960064888 0.0009362874552607536 -2.9373881816864014 -0.003612073138356209 -0.0009459215216338634 0.9999930262565613 191.35079956054688
0.9999908208847046 9.957834845408797e-05 0.004285950213670731 -0.7202664017677307 -0.00010296791879227385 0.9999997019767761 0.0007906395476311445 -2.955967664718628 -0.004285869654268026 -0.0007910735439509153 0.9999905228614807 192.78517150878906
0.9999844431877136 -0.003608737839385867 0.004238681402057409 -0.7095360159873962 0.003598956624045968 0.9999908208847046 0.0023130462504923344 -2.985990524291992 -0.004246989265084267 -0.002297756029292941 0.999988317489624 194.1985321044922
0.9999575614929199 -0.008016408421099186 0.004530070815235376 -0.7011750936508179 0.007999238558113575 0.9999607801437378 0.0037956174928694963 -3.0046496391296387 -0.004560320638120174 -0.0037592193111777306 0.9999825358390808 195.63153076171875
0.9999302625656128 -0.01076316088438034 0.004858403000980616 -0.6963642239570618 0.010745151899755001 0.9999352693557739 0.0037178918719291687 -3.0240249633789062 -0.0048981052823364735 -0.0036654281429946423 0.9999812841415405 197.049560546875
0.9999521970748901 -0.00813142117112875 0.005425135139375925 -0.7011271715164185 0.008136817254126072 0.9999663829803467 -0.0009731673635542393 -3.039174795150757 -0.00541703961789608 0.0010172644397243857 0.9999848008155823 198.48236083984375
0.9999831318855286 -0.0013465541414916515 0.005653128027915955 -0.7105070352554321 0.0013788002543151379 0.9999827742576599 -0.005704047158360481 -3.065223217010498 -0.005645350553095341 0.005711745470762253 0.9999677538871765 199.89707946777344
0.9999389052391052 0.008288349956274033 0.007328152656555176 -0.727383017539978 -0.008246093988418579 0.9999493360519409 -0.005777874030172825 -3.096579074859619 -0.007375671062618494 0.005717092659324408 0.9999564290046692 201.33876037597656
0.9998350739479065 0.016195084899663925 0.008217981085181236 -0.7426079511642456 -0.016174446791410446 0.9998658895492554 -0.0025714340154081583 -3.1161646842956543 -0.008258522488176823 0.0024380891118198633 0.9999628663063049 202.7734832763672
0.9998223185539246 0.016493791714310646 0.009126383811235428 -0.7402429580688477 -0.01649617962539196 0.9998639225959778 0.0001862663048086688 -3.152554988861084 -0.009122070856392384 -0.0003367836761754006 0.9999582767486572 204.21127319335938
0.9998510479927063 0.014853213913738728 0.008787906728684902 -0.7352511286735535 -0.014857674017548561 0.9998894929885864 0.00044228220940567553 -3.168644905090332 -0.008780366741120815 -0.0005727841053158045 0.999961256980896 205.6534423828125
0.9999089241027832 0.011153439991176128 0.007592407520860434 -0.7261610627174377 -0.011157609522342682 0.9999375939369202 0.0005067064194008708 -3.1940505504608154 -0.007586281280964613 -0.0005913733039051294 0.9999710321426392 207.10235595703125
0.9999271631240845 0.009973570704460144 0.006798165384680033 -0.7334616184234619 -0.009972085244953632 0.9999502301216125 -0.0002527202886994928 -3.213230609893799 -0.006800347939133644 0.0001849100081017241 0.9999768733978271 208.53562927246094
0.9999251961708069 0.010273921303451061 0.006635172292590141 -0.7346688508987427 -0.010270094498991966 0.9999470114707947 -0.0006105673965066671 -3.2363979816436768 -0.0066410936415195465 0.0005423779948614538 0.9999778270721436 210.00347900390625
0.9999163746833801 0.011300930753350258 0.006309047341346741 -0.7307215332984924 -0.011299178935587406 0.999936044216156 -0.00031361187575384974 -3.2636733055114746 -0.006312189158052206 0.00024229854170698673 0.9999800324440002 211.45188903808594
0.9999105334281921 0.011883130297064781 0.00614413246512413 -0.7281423211097717 -0.011887522414326668 0.9999290704727173 0.0006786766462028027 -3.290316581726074 -0.006135632283985615 -0.0007516545010730624 0.9999809265136719 212.9114990234375
0.9999096393585205 0.012075819075107574 0.005904015153646469 -0.7299656271934509 -0.012076538056135178 0.9999270439147949 8.619763684691861e-05 -3.3126463890075684 -0.005902543198317289 -0.0001574899215484038 0.9999825358390808 214.3925323486328
0.9999195337295532 0.011388693004846573 0.005581792909651995 -0.7293475270271301 -0.011384663172066212 0.9999348521232605 -0.0007531980518251657 -3.342266798019409 -0.005590007174760103 0.0006895906408317387 0.9999841451644897 215.86163330078125
0.9999252557754517 0.011081423610448837 0.005170963704586029 -0.7281102538108826 -0.011074366047978401 0.9999377131462097 -0.0013915514573454857 -3.3600735664367676 -0.00518606323748827 0.0013341822195798159 0.9999856352806091 217.3363037109375
0.9999223947525024 0.011401784606277943 0.005018503870815039 -0.7342221140861511 -0.011395095847547054 0.9999340772628784 -0.00135947042144835 -3.3865292072296143 -0.00503367418423295 0.0013021787162870169 0.999986469745636 218.81114196777344
0.9999174475669861 0.011840318329632282 0.004990518558770418 -0.7412347793579102 -0.011832085438072681 0.9999285936355591 -0.0016761005390435457 -3.4081790447235107 -0.005010008346289396 0.001616913708858192 0.9999861717224121 220.2910919189453
0.9999112486839294 0.012452435679733753 0.004738573916256428 -0.7470624446868896 -0.012442316859960556 0.9999202489852905 -0.00215902179479599 -3.4308876991271973 -0.004765080288052559 0.002099871402606368 0.9999865293502808 221.77157592773438
0.9999114274978638 0.012605052441358566 0.004270816221833229 -0.7513439655303955 -0.012596565298736095 0.9999186396598816 -0.002008395968005061 -3.4621596336364746 -0.004295785445719957 0.00195442046970129 0.999988853931427 223.2350616455078
