1.0 0.0 0.0 0.0 0.0 1.0 0.0 0.0 0.0 0.0 1.0 0.0
1.0 -4.662668288801797e-05 0.00010826557991094887 -0.014494169503450394 4.647073001251556e-05 0.9999989867210388 0.0014400153886526823 -0.012556025758385658 -0.00010833261330844834 -0.0014400103827938437 0.9999989867210388 1.3156410455703735
0.9999984502792358 -0.0016233244678005576 -0.0006924085319042206 -0.008771847933530807 0.001624508062377572 0.9999971985816956 0.0017126929014921188 -0.038164060562849045 0.0006896263803355396 -0.0017138153780251741 0.9999982118606567 2.620640754699707
0.9999955892562866 -0.0028603188693523407 -0.0007513721357099712 -0.013044632971286774 0.0028607998974621296 0.9999957084655762 0.0006404126179404557 -0.053499992936849594 0.0007495370227843523 -0.0006425593746826053 0.9999995231628418 3.931300401687622
0.9999951124191284 -0.003095410531386733 -0.0005912581691518426 -0.0234184879809618 0.003095824969932437 0.9999949932098389 0.0007017460884526372 -0.07112719863653183 0.0005890828324481845 -0.0007035729940980673 0.9999995827674866 5.2575273513793945
0.9999929070472717 -0.0036967238411307335 -0.0006790849729441106 -0.023786095902323723 0.0036978682037442923 0.9999917149543762 0.0016918283654376864 -0.09722049534320831 0.0006728250882588327 -0.0016943273367360234 0.9999983310699463 6.574015140533447
0.9999863505363464 -0.005205350928008556 -0.0004262165748514235 -0.030681144446134567 0.005206430796533823 0.9999831318855286 0.002570822834968567 -0.10938173532485962 0.0004128273285459727 -0.002573007019236684 0.9999966025352478 7.899614334106445
0.9999886155128479 -0.004752155859023333 -0.0004628152819350362 -0.03864149749279022 0.004753730725497007 0.9999826550483704 0.0034621399827301502 -0.13478194177150726 0.00044635465019382536 -0.003464300651103258 0.9999938607215881 9.236625671386719
0.9999932646751404 -0.003620280185714364 -0.0006119466270320117 -0.049790967255830765 0.003621163312345743 0.9999923706054688 0.0014479232486337423 -0.14988794922828674 0.0006067000213079154 -0.001450129086151719 0.9999988079071045 10.582375526428223
0.9999984502792358 -0.0014371065190061927 -0.0010319881839677691 -0.049261000007390976 0.0014366528484970331 0.999998927116394 -0.00044070021249353886 -0.17228852212429047 0.0010326203191652894 0.0004392170812934637 0.9999993443489075 11.939005851745605
0.9999971389770508 0.002296719467267394 -0.000613384589087218 -0.07239744812250137 -0.002297530649229884 0.9999964833259583 -0.0013254364021122456 -0.20096638798713684 0.0006103382329456508 0.0013268421171233058 0.999998927116394 13.249256134033203
0.9999885559082031 0.004732825793325901 -0.0008025335846468806 -0.08283929526805878 -0.00473401602357626 0.9999876022338867 -0.0014882877003401518 -0.22271598875522614 0.000795479747466743 0.0014920695684850216 0.9999985098838806 14.59017276763916
0.9999843835830688 0.0055661327205598354 -0.0004532066232059151 -0.09398780763149261 -0.005566319450736046 0.9999844431877136 -0.0004115706542506814 -0.24771347641944885 0.00045090881758369505 0.00041408705874346197 0.9999998211860657 15.935956001281738
0.9999951720237732 0.0030998853035271168 -0.00023278537264559418 -0.09705136716365814 -0.0030993123073130846 0.999992311000824 0.002424257341772318 -0.2675650417804718 0.00024029843916650862 -0.002423524158075452 0.9999969601631165 17.28986358642578
0.9999992251396179 -0.0012342465342953801 -0.00011590839130803943 -0.09448114037513733 0.0012347392039373517 0.9999897480010986 0.00435195118188858 -0.291472464799881 0.00011053585330955684 -0.004352090414613485 0.9999905228614807 18.659317016601562
0.9999931454658508 -0.003695265855640173 -0.00014993346121627837 -0.1016690656542778 0.0036955454852432013 0.9999914765357971 0.0019088946282863617 -0.30508166551589966 0.00014287841622717679 -0.0019094358431175351 0.999998152256012 19.99013900756836
0.9999901056289673 -0.004452283959835768 -0.00010121674131369218 -0.1139829084277153 0.00445229047909379 0.9999901056289673 6.003375165164471e-05 -0.32255396246910095 0.00010094848403241485 -6.048369687050581e-05 1.0 21.335718154907227
0.9999971389770508 -0.002083389088511467 0.0011709678219631314 -0.13393276929855347 0.0020850354339927435 0.9999968409538269 -0.0014060488902032375 -0.346093088388443 -0.0011680347379297018 0.0014084860449656844 0.9999983310699463 22.685453414916992
0.9999986886978149 0.0007409596000798047 0.001397518441081047 -0.12885767221450806 -0.0007413577404804528 0.9999996423721313 0.0002842426474671811 -0.36769571900367737 -0.0013973077293485403 -0.0002852783945854753 0.9999989867210388 24.05866813659668
0.9999973773956299 0.0012756038922816515 0.0019261072156950831 -0.13379162549972534 -0.001282950397580862 0.9999918937683105 0.0038177554961293936 -0.385062038898468 -0.0019212220795452595 -0.0038202169816941023 0.9999908804893494 25.43889808654785
0.999995768070221 -0.0009603351936675608 0.0027435296215116978 -0.14144185185432434 0.0009445969481021166 0.9999830722808838 0.005732069257646799 -0.39893993735313416 -0.0027489883359521627 -0.005729452706873417 0.9999797940254211 26.807861328125
0.9999809861183167 -0.005909350235015154 0.0017668715445324779 -0.12248340249061584 0.005902181379497051 0.9999744296073914 0.004035873804241419 -0.4209713041782379 -0.0017906759167090058 -0.0040253689512610435 0.9999902248382568 28.199779510498047
0.9999823570251465 -0.005550359841436148 0.0020849332213401794 -0.129055455327034 0.005546520929783583 0.9999828934669495 0.001842693192884326 -0.4342987537384033 -0.0020951253827661276 -0.0018310968298465014 0.9999961256980896 29.57391929626465
0.9999753832817078 -0.006505636032670736 0.002626610454171896 -0.1345493197441101 0.006507406011223793 0.9999786019325256 -0.0006658615311607718 -0.4604000449180603 -0.0026222229935228825 0.0006829373305663466 0.9999963045120239 30.941814422607422
0.9999889731407166 -0.0032917032949626446 0.0033587971702218056 -0.1461818665266037 0.00329525931738317 0.9999940395355225 -0.001054052379913628 -0.48639944195747375 -0.0033553075045347214 0.0010651086922734976 0.9999937415122986 32.32008361816406
0.9999909400939941 -0.002434240421280265 0.0035340378526598215 -0.14446863532066345 0.0024464360903948545 0.9999909996986389 -0.003450589720159769 -0.5093054175376892 -0.003525606356561184 0.0034592028241604567 0.9999877214431763 33.7049446105957
0.9999922513961792 -0.001754492986947298 0.0035570168402045965 -0.1434364914894104 0.0017643319442868233 0.9999946355819702 -0.002764770993962884 -0.5324870347976685 -0.0035521474201232195 0.002771025523543358 0.9999898076057434 35.09573745727539
0.999993085861206 -0.0011167533230036497 0.0035439981147646904 -0.15235580503940582 0.0011232920223847032 0.9999976754188538 -0.001843539997935295 -0.5556361079216003 -0.0035419310443103313 0.0018475082470104098 0.9999920129776001 36.492279052734375
0.9999951124191284 0.00016263441648334265 0.0031184079125523567 -0.1562882959842682 -0.0001625867298571393 1.0 -1.551094464957714e-05 -0.5814921855926514 -0.0031184100080281496 1.5003723092377186e-05 0.9999951124191284 37.89358139038086
0.9999911189079285 0.0028587710112333298 0.00309768901206553 -0.15820935368537903 -0.002860061824321747 0.9999958276748657 0.0004124918777961284 -0.611840546131134 -0.0030964973848313093 -0.0004213477950543165 0.9999951124191284 39.29871368408203
0.999978244304657 0.005536610726267099 0.00360149540938437 -0.17072360217571259 -0.005535509902983904 0.9999846816062927 -0.0003155621816404164 -0.6285008788108826 -0.003603187622502446 0.0002956190728582442 0.9999935030937195 40.69066619873047
0.9999663829803467 0.00743494788184762 0.0034996098838746548 -0.17360888421535492 -0.007435557432472706 0.9999723434448242 0.0001608941820450127 -0.6510956883430481 -0.003498316742479801 -0.0001869103143690154 0.9999938607215881 42.108394622802734
0.9999609589576721 0.008256824687123299 0.0031666792929172516 -0.17604102194309235 -0.008257395587861538 0.9999658465385437 0.0001670488272793591 -0.673725426197052 -0.0031651922035962343 -0.00019319083367008716 0.9999949932098389 43.50608444213867
0.9999688863754272 0.007358351722359657 0.0028342031873762608 -0.18518202006816864 -0.007359095383435488 0.9999728798866272 0.000251766643486917 -0.7006677985191345 -0.0028322734870016575 -0.00027261601644568145 0.9999958872795105 44.91867446899414
0.9999766945838928 0.0065152267925441265 0.002035760786384344 -0.18811756372451782 -0.006515134125947952 0.9999787211418152 -5.240095197223127e-05 -0.7220346927642822 -0.002036058809608221 3.913644468411803e-05 0.9999979138374329 46.313690185546875
0.9999831914901733 0.005674003157764673 0.0011519662803038955 -0.19100768864154816 -0.0056741503067314625 0.9999839067459106 0.00012408578186295927 -0.7470613718032837 -0.0011512433411553502 -0.00013062020298093557 0.9999992847442627 47.72386932373047
0.9999819397926331 0.0060048941522836685 4.759419243782759e-05 -0.1939857304096222 -0.006004943046718836 0.9999813437461853 0.0010978946229442954 -0.7658675312995911 -4.100031219422817e-05 -0.00109816063195467 0.9999993443489075 49.153255462646484
0.9999791383743286 0.006371911149471998 -0.0010520851938053966 -0.20267418026924133 -0.006370807997882366 0.9999791383743286 0.0010483769001439214 -0.7926594614982605 0.001058743568137288 -0.001041652518324554 0.9999988079071045 50.562984466552734
0.9999733567237854 0.00694995978847146 -0.0022087711840867996 -0.21814993023872375 -0.006945951841771603 0.9999741911888123 0.0018170720431953669 -0.8139920830726624 0.002221343107521534 -0.0018016817048192024 0.9999958872795105 51.97419738769531
0.999971866607666 0.006719167809933424 -0.0033280588686466217 -0.22966217994689941 -0.0067115225829184055 0.9999748468399048 0.0023029909934848547 -0.833253026008606 0.003343449207022786 -0.0022805898915976286 0.9999918341636658 53.40607833862305
0.9999793767929077 0.00519334664568305 -0.003762591164559126 -0.24376460909843445 -0.005180907901376486 0.9999811053276062 0.0033081071451306343 -0.8539300560951233 0.0037797000259160995 -0.003288545645773411 0.9999874830245972 54.84493637084961
0.9999827146530151 0.0035082041285932064 -0.004714196547865868 -0.25012239813804626 -0.0034915723372250795 0.9999877214431763 0.003531819675117731 -0.8751281499862671 0.004726528190076351 -0.003515298245474696 0.9999826550483704 56.27405548095703
0.9999887347221375 0.0005132066435180604 -0.004723256453871727 -0.27449867129325867 -0.0004994585760869086 0.9999956488609314 0.002911384915933013 -0.8968275189399719 0.004724730271846056 -0.0029089930467307568 0.999984622001648 57.6682243347168
0.9999872446060181 -0.0004339036240708083 -0.005024582613259554 -0.28573858737945557 0.0004507690900936723 0.9999942779541016 0.0033559277653694153 -0.9167587757110596 0.0050230976194143295 -0.0033581501338630915 0.9999817609786987 59.091732025146484
0.9999885559082031 -0.0017166304169222713 -0.0044531445018947124 -0.29564428329467773 0.0017333144787698984 0.9999914765357971 0.0037453952245414257 -0.9371191263198853 0.004446676466614008 -0.003753070719540119 0.9999830722808838 60.52157211303711
0.9999879002571106 -0.0030498395208269358 -0.003839269280433655 -0.30624502897262573 0.0030678247567266226 0.9999842643737793 0.004687427077442408 -0.9561549425125122 0.0038249127101153135 -0.004699148703366518 0.999981701374054 61.951393127441406
0.9999851584434509 -0.004245412070304155 -0.003411263460293412 -0.31885361671447754 0.004260296002030373 0.9999813437461853 0.004367584828287363 -0.9831703901290894 0.003392658196389675 -0.004382052458822727 0.999984622001648 63.35960388183594
0.9999815821647644 -0.0054283952340483665 -0.002725366735830903 -0.33399397134780884 0.005437585990875959 0.9999796152114868 0.0033759993966668844 -0.9984818696975708 0.0027069849893450737 -0.0033907564356923103 0.9999905824661255 64.76918029785156
0.9999809861183167 -0.005609934218227863 -0.002543733222410083 -0.33174604177474976 0.005618191324174404 0.9999788999557495 0.0032506671268492937 -1.0272595882415771 0.0025254436768591404 -0.0032648963388055563 0.9999914765357971 66.18030548095703
0.9999870657920837 -0.004820709582418203 -0.0016277802642434835 -0.340771347284317 0.004825789015740156 0.9999834895133972 0.0031310548074543476 -1.0444166660308838 0.0016126595437526703 -0.003138869535177946 0.9999937415122986 67.60884857177734
0.9999990463256836 -0.0010191644541919231 -0.0009135837317444384 -0.3669026494026184 0.0010230436455458403 0.9999903440475464 0.004255657084286213 -1.0643562078475952 0.0009092380059882998 -0.004256586544215679 0.9999905228614807 68.9685287475586
0.9999982118606567 0.0018911096267402172 -0.00013977015623822808 -0.3814060389995575 -0.0018902833107858896 0.9999819397926331 0.0056913853622972965 -1.0852713584899902 0.00015053089009597898 -0.00569111155346036 0.9999837279319763 70.3777084350586
0.9999814629554749 0.006041360087692738 0.0007880390621721745 -0.3935384154319763 -0.00604605209082365 0.999963104724884 0.006093441974371672 -1.103296160697937 -0.000751197338104248 -0.006098092999309301 0.9999811053276062 71.76278686523438
0.9999523162841797 0.00970678124576807 0.0011033874470740557 -0.4060154855251312 -0.009713009931147099 0.999936044216156 0.005786641500890255 -1.1213945150375366 -0.0010471473215147853 -0.005797082558274269 0.9999825954437256 73.16284942626953
0.9999060034751892 0.013548847287893295 0.0020579390693455935 -0.42135298252105713 -0.013559246435761452 0.9998948574066162 0.00512588769197464 -1.1421540975570679 -0.0019882728811353445 -0.005153310019522905 0.9999847412109375 74.5615234375
0.9998810887336731 0.015176608227193356 0.0027141550090163946 -0.4274654686450958 -0.015190507285296917 0.9998711347579956 0.0051758685149252415 -1.162933111190796 -0.002635252894833684 -0.005216483026742935 0.9999828338623047 75.94375610351562
0.9998804330825806 0.01518241036683321 0.0029385650996118784 -0.43138009309768677 -0.01519833505153656 0.9998695254325867 0.005473442375659943 -1.1793650388717651 -0.0028550815768539906 -0.005517449229955673 0.9999806880950928 77.34181213378906
0.9998886585235596 0.014527142979204655 0.003386498661711812 -0.44294771552085876 -0.014544143341481686 0.999881386756897 0.005050495266914368 -1.1994154453277588 -0.0033127276692539454 -0.005099186673760414 0.9999815225601196 78.71687316894531
0.9999117255210876 0.012924029491841793 0.003113275393843651 -0.4449857473373413 -0.012937051244080067 0.9999074339866638 0.004199341870844364 -1.2183325290679932 -0.0030587150249630213 -0.004239247180521488 0.9999863505363464 80.10033416748047
0.9999203681945801 0.012347158044576645 0.002652097260579467 -0.44677799940109253 -0.012358495034277439 0.9999144077301025 0.004301276057958603 -1.238065481185913 -0.0025987622793763876 -0.0043337089009583 0.9999872446060181 81.47471618652344
0.9999219179153442 0.012249925173819065 0.002448177430778742 -0.4520162343978882 -0.012260569259524345 0.9999152421951294 0.004380576778203249 -1.2571783065795898 -0.0023943078704178333 -0.004410251043736935 0.9999874234199524 82.84693908691406
0.9999315738677979 0.011607795022428036 0.0014545249287039042 -0.44130414724349976 -0.011613261885941029 0.9999253153800964 0.0038082681130617857 -1.2736272811889648 -0.0014102107379585505 -0.0038248994387686253 0.9999917149543762 84.2193374633789
0.9999296069145203 0.011812004260718822 0.0010484994854778051 -0.458954781293869 -0.011816366575658321 0.9999211430549622 0.004256132058799267 -1.2919925451278687 -0.0009981433395296335 -0.004268222954124212 0.9999903440475464 85.5783920288086
0.9999341368675232 0.011471125297248363 0.00011640982120297849 -0.4631664752960205 -0.011471574194729328 0.9999207258224487 0.005176514387130737 -1.315882921218872 -5.702014823327772e-05 -0.005177509505301714 0.9999865889549255 86.940673828125
0.9999557733535767 0.009357324801385403 -0.00091240752954036 -0.476216584444046 -0.0093517592176795 0.9999386668205261 0.005925614386796951 -1.329188346862793 0.0009677994530647993 -0.005916819907724857 0.9999819993972778 88.36033630371094
0.9999704957008362 0.007348896469920874 -0.002246798947453499 -0.4725087285041809 -0.00733345840126276 0.9999499917030334 0.006803434807807207 -1.361305832862854 0.002296683844178915 -0.006786756217479706 0.9999743103981018 89.69490814208984
0.9999834895133972 0.004871506243944168 -0.003080271417275071 -0.48146486282348633 -0.004849450662732124 0.9999628663063049 0.0071274833753705025 -1.380449652671814 0.003114878199994564 -0.007112427148967981 0.9999698996543884 91.05940246582031
0.9999875426292419 0.003461884567514062 -0.0035749580711126328 -0.4880995750427246 -0.003437935607507825 0.9999717473983765 0.006683743558824062 -1.4075872898101807 0.003597996197640896 -0.006671370472759008 0.9999712109565735 92.42416381835938
0.9999897480010986 0.002687617437914014 -0.0036509449128061533 -0.5029672384262085 -0.0026645762845873833 0.999976634979248 0.006301206536591053 -1.4213895797729492 0.003667794866487384 -0.006291413679718971 0.9999734163284302 93.76890563964844
0.9999898672103882 0.0028671538457274437 -0.003463211003690958 -0.5242885947227478 -0.0028473741840571165 0.9999796152114868 0.005702903959900141 -1.4382052421569824 0.0034794919192790985 -0.0056929863058030605 0.999977707862854 95.13517761230469
0.9999908208847046 0.0027124369516968727 -0.003294935217127204 -0.5441476106643677 -0.0026949485763907433 0.9999822378158569 0.005300419870764017 -1.4577338695526123 0.0033092540688812733 -0.005291491746902466 0.9999805092811584 96.48989868164062
0.9999894499778748 0.0033907440956681967 -0.0030710252467542887 -0.5547339916229248 -0.0033771831076592207 0.9999845027923584 0.0044099376536905766 -1.4740564823150635 0.0030859310645610094 -0.004399520345032215 0.9999855756759644 97.82958221435547
0.9999845623970032 0.004775622393935919 -0.0027966105844825506 -0.5748516321182251 -0.0047629415057599545 0.9999783635139465 0.004523707553744316 -1.490095615386963 0.0028181541711091995 -0.004510318860411644 0.9999858736991882 99.17233276367188
0.9999834299087524 0.00510519789531827 -0.0026553708594292402 -0.5737007260322571 -0.005089090205729008 0.9999688267707825 0.006038252729922533 -1.5102264881134033 0.0026861149817705154 -0.006024640519171953 0.999978244304657 100.52774047851562
0.9999784827232361 0.006023224908858538 -0.0026086345314979553 -0.5961681604385376 -0.006003144197165966 0.9999528527259827 0.007638491224497557 -1.5282163619995117 0.0026545198634266853 -0.007622667122632265 0.9999674558639526 101.85501861572266
0.9999837875366211 0.005258909426629543 -0.0021933976095169783 -0.601469099521637 -0.005245495121926069 0.9999677538871765 0.006077439058572054 -1.5530402660369873 0.002225287724286318 -0.006065834313631058 0.9999791383743286 103.23139190673828
0.999983549118042 0.0054412176832556725 -0.001853056252002716 -0.6192916035652161 -0.0054342420771718025 0.999978244304657 0.003748571500182152 -1.5657384395599365 0.0018734127515926957 -0.0037384405732154846 0.999991238117218 104.5561294555664
0.9999873638153076 0.004604346118867397 -0.002028819639235735 -0.6266869306564331 -0.004599226638674736 0.9999861717224121 0.002520539565011859 -1.5899699926376343 0.00204039691016078 -0.0025111765135079622 0.9999947547912598 105.8886489868164
0.9999952912330627 0.002242029644548893 -0.002122547011822462 -0.635535478591919 -0.0022337103728204966 0.9999898076057434 0.003913557156920433 -1.6087802648544312 0.0021313000470399857 -0.003908797632902861 0.9999900460243225 107.21315002441406
0.9999990463256836 0.0004416626179590821 -0.001242716796696186 -0.647392749786377 -0.00043473151163198054 0.9999843835830688 0.005572018213570118 -1.6225159168243408 0.0012451581424102187 -0.005571472924202681 0.9999837279319763 108.55889129638672
0.9999992847442627 -0.0010582146933302283 -0.00044457748299464583 -0.6557522416114807 0.0010609814198687673 0.9999797940254211 0.006269768346101046 -1.6435809135437012 0.00043793360237032175 -0.00627023633569479 0.9999802112579346 109.89076232910156
0.9999985098838806 -0.0016735041281208396 0.0004408580716699362 -0.6614399552345276 0.0016714191297069192 0.9999877214431763 0.004687494598329067 -1.6561946868896484 -0.0004486971301957965 -0.004686751402914524 0.9999889135360718 111.2441635131836
0.9999988675117493 0.00029361850465647876 0.0014692211989313364 -0.6756280064582825 -0.00029761885525658727 0.9999962449073792 0.002723143668845296 -1.6762371063232422 -0.0014684158377349377 -0.002723578829318285 0.999995231628418 112.56773376464844
0.9999940395355225 0.0024249411653727293 0.0024584708735346794 -0.6798020601272583 -0.0024257772602140903 0.9999970197677612 0.0003370842896401882 -1.6957639455795288 -0.0024576454889029264 -0.00034304597647860646 0.9999969005584717 113.90365600585938
0.9999783039093018 0.0053816623985767365 0.003796262899413705 -0.6857843399047852 -0.005382356699556112 0.9999855160713196 0.00017260272579733282 -1.7137181758880615 -0.0037952789571136236 -0.00019303189765196294 0.9999927282333374 115.22492218017578
0.9999659657478333 0.006330943200737238 0.005294034257531166 -0.6878048777580261 -0.006344485096633434 0.999976634979248 0.002544938586652279 -1.741783857345581 -0.0052777985110878944 -0.0025784398894757032 0.9999827742576599 116.57242584228516
0.9999595880508423 0.006441032513976097 0.0062800683081150055 -0.6851790547370911 -0.006472298409789801 0.9999666810035706 0.004970944486558437 -1.7605643272399902 -0.006247841753065586 -0.005011389963328838 0.9999679327011108 117.89967346191406
0.9999558329582214 0.005989118944853544 0.007242901250720024 -0.6878194808959961 -0.006027587689459324 0.9999677538871765 0.005301085766404867 -1.7782301902770996 -0.007210919167846441 -0.005344509147107601 0.9999597072601318 119.2378158569336
0.9999467134475708 0.006478557363152504 0.008040130138397217 -0.6774242520332336 -0.006513576023280621 0.9999693632125854 0.004336981568485498 -1.7903352975845337 -0.008011787198483944 -0.004389120265841484 0.9999582767486572 120.58926391601562
0.9999215006828308 0.008298775181174278 0.00937906838953495 -0.6755310297012329 -0.008339807391166687 0.9999557137489319 0.004344400018453598 -1.8124258518218994 -0.009342596866190434 -0.004422278609126806 0.9999465942382812 121.92416381835938
0.9998903274536133 0.01019781082868576 0.010740573517978191 -0.669858455657959 -0.01024481188505888 0.9999380707740784 0.004330089781433344 -1.831565260887146 -0.010695748962461948 -0.004439649637788534 0.9999330043792725 123.25894165039062
0.9998658299446106 0.011181402951478958 0.011964489705860615 -0.6721413135528564 -0.011215959675610065 0.999933123588562 0.0028253314085304737 -1.8461271524429321 -0.011932099238038063 -0.002959145698696375 0.9999244213104248 124.5970458984375
0.9998393058776855 0.012497621588408947 0.01284619327634573 -0.6620818376541138 -0.012520373798906803 0.9999201893806458 0.0016922539798542857 -1.8596775531768799 -0.012824018485844135 -0.0018528214422985911 0.9999160766601562 125.95177459716797
0.9998376965522766 0.01128674577921629 0.014052634127438068 -0.6589144468307495 -0.011313636787235737 0.9999342560768127 0.001835572998970747 -1.8821110725402832 -0.014030994847416878 -0.0019942610524594784 0.9998995661735535 127.29349517822266
0.9998265504837036 0.010900083929300308 0.01510664913803339 -0.6486072540283203 -0.010946284979581833 0.9999356269836426 0.0029789688996970654 -1.899194598197937 -0.015073208138346672 -0.0031438139267265797 0.9998814463615417 128.64488220214844
0.9998341798782349 0.009308865293860435 0.01564926654100418 -0.6363747119903564 -0.009370286948978901 0.9999486207962036 0.0038560812827199697 -1.9204323291778564 -0.015612570568919182 -0.004002079833298922 0.9998701214790344 130.00192260742188
0.9998354911804199 0.008356043137609959 0.016093069687485695 -0.6184439659118652 -0.008425164967775345 0.9999555349349976 0.004232085309922695 -1.9360275268554688 -0.01605699397623539 -0.004366976208984852 0.9998615384101868 131.34988403320312
0.9998485445976257 0.006556486710906029 0.016113989055156708 -0.6022686958312988 -0.0066298325546085835 0.9999678730964661 0.004502519499510527 -1.9553277492523193 -0.01608395203948021 -0.004608671180903912 0.9998599886894226 132.697265625
0.9998562932014465 0.005152326077222824 0.0161476768553257 -0.5998191833496094 -0.005232630763202906 0.9999741315841675 0.004934874828904867 -1.9738273620605469 -0.01612183451652527 -0.005018660333007574 0.9998573660850525 134.05433654785156
0.999871015548706 0.00371433119289577 0.01562586799263954 -0.5875992774963379 -0.0037860518787056208 0.9999824166297913 0.004562760703265667 -1.9886573553085327 -0.01560864970088005 -0.004621332976967096 0.9998674392700195 135.4057159423828
0.9998939037322998 0.002423803322017193 0.014363355934619904 -0.5768536329269409 -0.0024837502278387547 0.999988317489624 0.004157226532697678 -1.9999284744262695 -0.014353112317621708 -0.00419246032834053 0.9998881816864014 136.7382354736328
0.9999117851257324 0.0011081274133175611 0.01323729008436203 -0.5525925159454346 -0.0011785574024543166 0.9999852776527405 0.00531396409496665 -2.0222649574279785 -0.013231205753982067 -0.0053290980868041515 0.9998981952667236 138.10662841796875
0.999925971031189 -0.0003809027257375419 0.012167585082352161 -0.5421097278594971 0.00031270438921637833 0.9999842643737793 0.0056063332594931126 -2.040738821029663 -0.01216952782124281 -0.0056021129712462425 0.9999102354049683 139.45242309570312
0.9999419450759888 -0.0005184843321330845 0.010762621648609638 -0.526915431022644 0.0004629205504897982 0.9999865293502808 0.005164509639143944 -2.052354335784912 -0.010765155777335167 -0.005159228108823299 0.9999287128448486 140.80751037597656
0.9999526739120483 -0.0011264068307355046 0.009666098281741142 -0.5219141244888306 0.0010802187025547028 0.9999879598617554 0.004782253410667181 -2.0721397399902344 -0.009671368636190891 -0.004771585110574961 0.999941885471344 142.14596557617188
0.9999633431434631 -0.0007301728473976254 0.00853052083402872 -0.5131553411483765 0.0006928655784577131 0.9999901652336121 0.004375521559268236 -2.089944839477539 -0.008533632382750511 -0.0043694511987268925 0.9999539852142334 143.48526000976562
0.9999653100967407 -0.0035385689698159695 0.007540316320955753 -0.5107790231704712 0.00352290621958673 0.9999916553497314 0.0020894871558994055 -2.1085474491119385 -0.007547645829617977 -0.002062851330265403 0.9999693632125854 144.8184356689453
0.9999381899833679 -0.00885157473385334 0.006718605291098356 -0.49868160486221313 0.008841516450047493 0.9999597072601318 0.0015253243036568165 -2.127441644668579 -0.006731836125254631 -0.0014658274594694376 0.9999762177467346 146.17703247070312
0.9998499155044556 -0.016170768067240715 0.006197660230100155 -0.4997190237045288 0.016145838424563408 0.9998614192008972 0.004051058553159237 -2.1451776027679443 -0.006262308917939663 -0.003950384445488453 0.9999725818634033 147.5171661376953
0.9997246861457825 -0.023070385679602623 0.004285201895982027 -0.4830148220062256 0.023046933114528656 0.9997195601463318 0.005444129928946495 -2.166055679321289 -0.004409598186612129 -0.005343870259821415 0.9999759793281555 148.8773956298828
0.9996386170387268 -0.026703746989369392 0.00309270853176713 -0.4650575816631317 0.026697220280766487 0.9996412992477417 0.0021336483769118786 -2.182567834854126 -0.003148575546219945 -0.002050311304628849 0.9999929070472717 150.23472595214844
0.9996702671051025 -0.025399329140782356 0.0037694289349019527 -0.47197115421295166 0.02540338970720768 0.9996767640113831 -0.0010340503649786115 -2.208535671234131 -0.0037419458385556936 0.0011294656433165073 0.9999923706054688 151.5786590576172
0.999749481678009 -0.021845059469342232 0.004852253943681717 -0.48346686363220215 0.021859856322407722 0.9997564554214478 -0.003017716109752655 -2.2344560623168945 -0.004785149823874235 0.003123030299320817 0.9999836683273315 152.9068145751953
0.9997325539588928 -0.022433064877986908 0.005621151067316532 -0.47889095544815063 0.02245001494884491 0.9997434616088867 -0.0029705690685659647 -2.2651071548461914 -0.005553069990128279 0.0030959693249315023 0.9999797344207764 154.26931762695312
0.9996638298034668 -0.025191277265548706 0.006138034164905548 -0.47845298051834106 0.02518787607550621 0.9996824860572815 0.0006308373995125294 -2.2908310890197754 -0.006151977460831404 -0.00047602131962776184 0.9999809861183167 155.60987854003906
0.9994785189628601 -0.031575314700603485 0.006758834235370159 -0.4614725112915039 0.03155025094747543 0.9994950294494629 0.00378478248603642 -2.3188514709472656 -0.00687492685392499 -0.00356956641189754 0.999970018863678 156.97552490234375
0.9993546009063721 -0.035249266773462296 0.00692020496353507 -0.45471370220184326 0.03521538898348808 0.9993674159049988 0.004957865457981825 -2.332134962081909 -0.007090589497238398 -0.004710967652499676 0.9999638199806213 158.31080627441406
0.9993055462837219 -0.036634646356105804 0.006806851830333471 -0.44036412239074707 0.03660163655877113 0.9993178248405457 0.004912718199193478 -2.3520092964172363 -0.006982184015214443 -0.004660163540393114 0.999964714050293 159.6732177734375
0.9993683695793152 -0.03470952808856964 0.007622323464602232 -0.4369903802871704 0.03466690331697464 0.9993829131126404 0.005654723849147558 -2.3668839931488037 -0.007813895121216774 -0.005386909935623407 0.9999549388885498 161.01683044433594
0.9994857311248779 -0.030928438529372215 0.008465117774903774 -0.4213073253631592 0.03088928386569023 0.9995116591453552 0.004717732779681683 -2.385326623916626 -0.008606894873082638 -0.004453825764358044 0.999953031539917 162.3896026611328
0.9995696544647217 -0.027519596740603447 0.010157843120396137 -0.4438467025756836 0.0274917371571064 0.9996179342269897 0.0028721143025904894 -2.4048595428466797 -0.010233001783490181 -0.0025916213635355234 0.9999442100524902 163.71951293945312
0.9996459484100342 -0.02432534284889698 0.010792111046612263 -0.43172526359558105 0.024303313344717026 0.9997022747993469 0.0021678695920854807 -2.420170307159424 -0.010841632261872292 -0.0019048172980546951 0.9999393820762634 165.0740203857422
0.9996824860572815 -0.02240213192999363 0.01153348945081234 -0.4399925470352173 0.02236383780837059 0.9997439980506897 0.0034390210639685392 -2.4450607299804688 -0.011607580818235874 -0.0031799955759197474 0.9999275803565979 166.4277801513672
0.9997258186340332 -0.020733017474412918 0.010869448073208332 -0.4200218915939331 0.02070022001862526 0.9997808933258057 0.0031211019959300756 -2.4678356647491455 -0.010931774973869324 -0.0028952467255294323 0.9999361038208008 167.7952117919922
0.9997748136520386 -0.018254490569233894 0.010813150554895401 -0.4171600341796875 0.018251877278089523 0.999833345413208 0.00034051507827825844 -2.4803671836853027 -0.010817564092576504 -0.0001430781267117709 0.9999414682388306 169.16351318359375
0.9998410940170288 -0.014456132426857948 0.010429446585476398 -0.41526710987091064 0.014481009915471077 0.9998924732208252 -0.0023138022515922785 -2.5032761096954346 -0.010394876822829247 0.0024644634686410427 0.99994295835495 170.51536560058594
0.9999030828475952 -0.009151916019618511 0.010490146465599537 -0.4168940782546997 0.009189040400087833 0.9999516606330872 -0.0034963698126375675 -2.5325136184692383 -0.010457640513777733 0.0035924254916608334 0.9999388456344604 171.88795471191406
0.9999305605888367 -0.004672930110245943 0.010817548260092735 -0.4179316759109497 0.004697974771261215 0.9999862909317017 -0.0022908770479261875 -2.5574519634246826 -0.010806694626808167 0.0023415382020175457 0.9999387860298157 173.25648498535156
0.9999327063560486 -0.0015870039351284504 0.011494234204292297 -0.4187331199645996 0.0015918745193630457 0.9999986290931702 -0.00041461075306870043 -2.5809073448181152 -0.011493562720716 0.0004328802169766277 0.9999338388442993 174.61618041992188
0.999932587146759 -0.0006319133681245148 0.011594783514738083 -0.4142282009124756 0.0006126647931523621 0.9999983906745911 0.0016635702922940254 -2.600034713745117 -0.011595815420150757 -0.001656354172155261 0.9999313950538635 175.99566650390625
0.9999350309371948 -0.004048548638820648 0.01064927689731121 -0.40603137016296387 0.004020229447633028 0.999988317489624 0.002679252065718174 -2.6200945377349854 -0.010659996420145035 -0.0026362657081335783 0.9999396800994873 177.36032104492188
0.9999493956565857 -0.005494223907589912 0.008436432108283043 -0.3847489356994629 0.005474824458360672 0.9999822974205017 0.0023208544589579105 -2.629249095916748 -0.00844903476536274 -0.0022745488677173853 0.9999616742134094 178.7639617919922
0.9999561905860901 -0.006327029783278704 0.006899719592183828 -0.39101266860961914 0.006337725557386875 0.9999787211418152 -0.001529401051811874 -2.661255359649658 -0.006889896932989359 0.0015730630839243531 0.9999750256538391 180.1179962158203
0.9999728798866272 -0.005324684549123049 0.005083829164505005 -0.38135772943496704 0.005353101994842291 0.9999700784683228 -0.00559253292158246 -2.687192916870117 -0.005053898319602013 0.005619595758616924 0.9999714493751526 181.5144500732422
0.9999895095825195 0.000490266305860132 0.004560061264783144 -0.393832802772522 -0.000460663199191913 0.9999788403511047 -0.006490633357316256 -2.7157232761383057 -0.004563147202134132 0.006488464772701263 0.9999684691429138 182.903076171875
0.9999820590019226 0.003945077769458294 0.0045005246065557 -0.39964616298675537 -0.003920434508472681 0.9999773502349854 -0.005471214186400175 -2.747551918029785 -0.004522006958723068 0.0054534729570150375 0.9999748468399048 184.29495239257812
0.999968945980072 0.006154605653136969 0.00492305401712656 -0.4103885293006897 -0.006144513841718435 0.9999789595603943 -0.0020622978918254375 -2.7758843898773193 -0.004935643170028925 0.002031983807682991 0.9999857544898987 185.68142700195312
0.9999628663063049 0.006882574409246445 0.0051817637868225574 -0.41066527366638184 -0.006883322261273861 0.9999762773513794 0.00012626693933270872 -2.8027029037475586 -0.00518077053129673 -0.00016193001647479832 0.9999865293502808 187.0708770751953
0.9999666810035706 0.00619738083332777 0.00531573174521327 -0.4105100631713867 -0.006202518008649349 0.9999803304672241 0.0009504173649474978 -2.8213236331939697 -0.005309736356139183 -0.0009833567310124636 0.99998539686203 188.48231506347656
0.9999777674674988 0.0042515345849096775 0.005154715850949287 -0.4084814786911011 -0.0042592850513756275 0.9999897480010986 0.0014934567734599113 -2.8401641845703125 -0.005148313008248806 -0.0015153787098824978 0.9999856352806091 189.9001007080078
0.9999827742576599 0.002149521140381694 0.005464773625135422 -0.4078788757324219 -0.002160846721380949 0.9999955296516418 0.0020675279665738344 -2.864020824432373 -0.005460305139422417 -0.0020793008152395487 0.9999829530715942 191.3360137939453
0.9999829530715942 -0.0004918347112834454 0.005819464568048716 -0.4107635021209717 0.000480165850603953 0.9999978542327881 0.0020064329728484154 -2.882802724838257 -0.005820439197123051 -0.002003604546189308 0.999981164932251 192.76565551757812
0.9999746084213257 -0.00378312892280519 0.00603905227035284 -0.39820432662963867 0.0037639394868165255 0.9999878406524658 0.0031858275178819895 -2.9046406745910645 -0.006051031872630119 -0.003163016401231289 0.999976634979248 194.18112182617188
0.9999449253082275 -0.008389403112232685 0.006306118797510862 -0.3897864818572998 0.008359440602362156 0.9999536871910095 0.004762768745422363 -2.9245526790618896 -0.00634578475728631 -0.004709791857749224 0.9999687671661377 195.6118927001953
0.9999169707298279 -0.010945302434265614 0.00679797725751996 -0.3832361698150635 0.010913233272731304 0.9999292492866516 0.004737055394798517 -2.9419734477996826 -0.006849344354122877 -0.004662474151700735 0.9999656677246094 197.0335693359375
0.9999346733093262 -0.008795766159892082 0.0072923144325613976 -0.3839191198348999 0.008794543333351612 0.9999613761901855 0.00019965600222349167 -2.958874225616455 -0.007293787784874439 -0.00013551069423556328 0.9999733567237854 198.46218872070312
0.9999698400497437 -0.0018609341932460666 0.007536336313933134 -0.38530921936035156 0.001895971829071641 0.9999875426292419 -0.004644719418138266 -2.984365701675415 -0.007527599111199379 0.004658868070691824 0.9999608397483826 199.884521484375
0.999925971031189 0.007894005626440048 0.009257398545742035 -0.40127861499786377 -0.007849926128983498 0.9999576807022095 -0.004788070451468229 -3.0121099948883057 -0.009294804185628891 0.00471504544839263 0.9999457001686096 201.3284149169922
0.9998180270195007 0.015973683446645737 0.010433975607156754 -0.41576242446899414 -0.015962377190589905 0.9998719096183777 -0.0011659665033221245 -3.0356361865997314 -0.01045126561075449 0.0009992029517889023 0.9999448657035828 202.75994873046875
0.9998100399971008 0.01603967882692814 0.011074120178818703 -0.40746521949768066 -0.01605420559644699 0.9998703002929688 0.0012235454050824046 -3.065101146697998 -0.011053060181438923 -0.001401099027134478 0.9999379515647888 204.1953125
0.9998420476913452 0.014153821393847466 0.01074837613850832 -0.40041661262512207 -0.014171323738992214 0.9998983144760132 0.0015538242878392339 -3.0812230110168457 -0.0107252923771739 -0.001705897506326437 0.9999411106109619 205.638671875
0.9999016523361206 0.010353361256420612 0.00946170836687088 -0.3869130611419678 -0.010368590243160725 0.9999449253082275 0.0015616895398125052 -3.105128049850464 -0.009445021860301495 -0.0016596403438597918 0.999954104423523 207.08335876464844
0.9999192953109741 0.009311472065746784 0.008656096644699574 -0.3888918161392212 -0.009318393655121326 0.9999563097953796 0.0007595013012178242 -3.120944023132324 -0.008648646995425224 -0.0008401008672080934 0.9999622702598572 208.53192138671875
0.9999192953109741 0.009728532284498215 0.008173455484211445 -0.38176918029785156 -0.009732683189213276 0.9999525547027588 0.00046833642409183085 -3.1419742107391357 -0.008168510161340237 -0.0005478482926264405 0.999966561794281 210.00108337402344
0.9999117255210876 0.010687967762351036 0.007891671732068062 -0.3833506107330322 -0.010693619027733803 0.9999426007270813 0.0006740747485309839 -3.167692184448242 -0.007884015329182148 -0.0007584058330394328 0.9999685883522034 211.44314575195312
0.9999077916145325 0.011173342354595661 0.0077168638817965984 -0.37691736221313477 -0.011185714974999428 0.9999362230300903 0.0015621439088135958 -3.191904067993164 -0.007698917295783758 -0.0016483187209814787 0.9999690055847168 212.89913940429688
0.9999130964279175 0.010903783142566681 0.007402312941849232 -0.3801618814468384 -0.010912173427641392 0.9999397993087769 0.0010942283552139997 -3.215456008911133 -0.007389937061816454 -0.0011749084806069732 0.9999719858169556 214.3702850341797
0.9999229311943054 0.010235730558633804 0.007023062091320753 -0.371384859085083 -0.010237119160592556 0.9999476075172424 0.00016167451394721866 -3.243030309677124 -0.007021039258688688 -0.00023355783196166158 0.9999752640724182 215.8492889404297
0.9999308586120605 0.009755592793226242 0.006559994071722031 -0.369953989982605 -0.009753142483532429 0.9999523162841797 -0.0004051049763802439 -3.257326364517212 -0.006563634146004915 0.0003410963690839708 0.9999784231185913 217.30224609375
0.9999279379844666 0.010221925564110279 0.00628932798281312 -0.3724008798599243 -0.010219600051641464 0.999947726726532 -0.00040162744699046016 -3.2819337844848633 -0.006293103564530611 0.00033732413430698216 0.999980092048645 218.7780303955078
0.9999241828918457 0.010595181956887245 0.006278017070144415 -0.3771328926086426 -0.01059133280068636 0.9999436736106873 -0.0006459813448600471 -3.3033499717712402 -0.0062845079228281975 0.0005794397438876331 0.9999800324440002 220.25936889648438
0.9999274015426636 0.01062446366995573 0.005687639582902193 -0.37382614612579346 -0.010618834756314754 0.9999430775642395 -0.0010189880849793553 -3.32633638381958 -0.0056981416419148445 0.0009585177758708596 0.9999833106994629 221.74632263183594
0.9999219179153442 0.011232511140406132 0.005478254519402981 -0.3767951726913452 -0.011226886883378029 0.9999364018440247 -0.0010563466930761933 -3.3544535636901855 -0.0054897707886993885 0.0009947604266926646 0.9999844431877136 223.20858764648438
