0.9999773502349854 0.0042779711075127125 0.005191422067582607 -0.381821870803833 -0.004294909071177244 0.9999854564666748 0.00325598637573421 -0.04318002238869667 -0.005177417770028114 -0.003278209362179041 0.9999812245368958 -1.2838126420974731
0.99998939037323 0.0026604426093399525 0.003752111690118909 -0.3814089298248291 -0.0026691968087106943 0.9999937415122986 0.002330119488760829 -0.049034856259822845 -0.003745889291167259 -0.002340110018849373 0.9999902248382568 -0.7195444703102112
0.9999929666519165 0.0024961119052022696 0.0027872812934219837 -0.38409996032714844 -0.0024979766458272934 0.9999966025352478 0.0006658207857981324 -0.056921910494565964 -0.00278561026789248 -0.0006727788713760674 0.9999958872795105 -0.16431306302547455
0.9999982118606567 0.0017748763784766197 0.000652860791888088 -0.38241857290267944 -0.0017746987286955118 0.9999983906745911 -0.00027199482428841293 -0.07282364368438721 -0.0006533426931127906 0.00027083579334430397 0.9999997615814209 0.40115392208099365
0.9999992847442627 -6.529000529553741e-05 -0.0011768704280257225 -0.390739768743515 6.261992530198768e-05 0.9999974370002747 -0.002269003540277481 -0.0771007165312767 0.0011770158307626843 0.0022689281031489372 0.9999967217445374 0.9680052399635315
0.9999948740005493 -0.002456244081258774 -0.002054341370239854 -0.40417230129241943 0.0024477140977978706 0.9999883770942688 -0.004144521430134773 -0.09238544851541519 0.0020644969772547483 0.004139471333473921 0.9999893307685852 1.5226340293884277
0.9999865293502808 -0.0037179728969931602 -0.0035979384556412697 -0.406738817691803 0.0037010223604738712 0.9999820590019226 -0.0047067333944141865 -0.1037803664803505 0.0036153735127300024 0.004693353548645973 0.9999824166297913 2.0940046310424805
0.9999812841415405 -0.003716551698744297 -0.004854400642216206 -0.41732463240623474 0.0036969385109841824 0.9999850392341614 -0.004043139982968569 -0.11535922437906265 0.004869354888796806 0.00402511702850461 0.999980092048645 2.672769784927368
0.99997478723526 -0.004128168802708387 -0.005765974521636963 -0.4257466197013855 0.0041023059748113155 0.9999815225601196 -0.0044900174252688885 -0.12657998502254486 0.005784402601420879 0.0044662486761808395 0.9999733567237854 3.2681162357330322
0.9999682903289795 -0.003497926751151681 -0.007150646299123764 -0.4306637644767761 0.0034467775840312243 0.9999684691429138 -0.007152786944061518 -0.14175066351890564 0.007175443693995476 0.0071279127150774 0.9999488592147827 3.863541603088379
0.9999638795852661 -0.0018345743883401155 -0.008294287137687206 -0.44341838359832764 0.0017436584457755089 0.999938428401947 -0.010955245234072208 -0.15466997027397156 0.008313876576721668 0.010940386913716793 0.9999056458473206 4.46893835067749
0.9999521374702454 -0.0006373118376359344 -0.009757110849022865 -0.4552229046821594 0.0004947017296217382 0.9998931288719177 -0.014611480757594109 -0.1654505580663681 0.009765380062162876 0.014605955220758915 0.9998456239700317 5.084528923034668
0.9999401569366455 0.0013857216108590364 -0.010847807861864567 -0.4691927134990692 -0.0015453111845999956 0.9998905658721924 -0.014717118814587593 -0.17603079974651337 0.010826227255165577 0.01473300065845251 0.9998328685760498 5.713425159454346
0.9999212026596069 0.0036368754226714373 -0.012013345956802368 -0.4799337387084961 -0.0037316903471946716 0.9999619722366333 -0.007879512384533882 -0.18435335159301758 0.011984233744442463 0.00792371854186058 0.9998967051506042 6.353799819946289
0.9999129176139832 0.004543705377727747 -0.012386996299028397 -0.49527862668037415 -0.004508994519710541 0.9999858140945435 0.0028286243323236704 -0.1963646113872528 0.012399673461914062 -0.002772526117041707 0.9999191761016846 7.012256622314453
0.9998955130577087 0.0053528789430856705 -0.013427870348095894 -0.5080232620239258 -0.005227799993008375 0.9999427199363708 0.009332716464996338 -0.20396730303764343 0.013477060943841934 -0.009261544793844223 0.9998663067817688 7.70139741897583
0.999859631061554 0.007720399182289839 -0.014870474115014076 -0.5218640565872192 -0.007597185205668211 0.9999364614486694 0.008324550464749336 -0.2178434133529663 0.01493380032479763 -0.008210407570004463 0.9998548030853271 8.384611129760742
0.9998329877853394 0.009678130969405174 -0.01549709402024746 -0.5418392419815063 -0.009659910574555397 0.9999525547027588 0.0012501097517088056 -0.2226746380329132 0.015508458949625492 -0.0011001991806551814 0.9998791813850403 9.074812889099121
0.9998129606246948 0.009275313466787338 -0.016969025135040283 -0.5527752041816711 -0.009353481233119965 0.9999459385871887 -0.0045330277644097805 -0.22111649811267853 0.01692606322467327 0.004690899979323149 0.9998457431793213 9.783241271972656
0.999818742275238 0.007091952953487635 -0.017669057473540306 -0.5738120675086975 -0.007150153163820505 0.9999691843986511 -0.0032328960951417685 -0.21860547363758087 0.017645588144659996 0.0033586490899324417 0.9998387098312378 10.523411750793457
0.9998169541358948 0.0064684241078794 -0.018004275858402252 -0.5897687077522278 -0.006359095219522715 0.9999609589576721 0.0061230286955833435 -0.22921568155288696 0.01804317906498909 -0.006007417105138302 0.9998191595077515 11.28580093383789
0.9998170733451843 0.005957495421171188 -0.018176592886447906 -0.6089447736740112 -0.005711444653570652 0.9998917579650879 0.013558694161474705 -0.23113112151622772 0.01825540140271187 -0.013452399522066116 0.999742865562439 12.060839653015137
0.999808132648468 0.005165054928511381 -0.018896929919719696 -0.627065122127533 -0.00486371386796236 0.9998607635498047 0.015957921743392944 -0.23095925152301788 0.01897672563791275 -0.015862951055169106 0.9996941089630127 12.851826667785645
0.9998130202293396 0.00338857714086771 -0.019040824845433235 -0.6408739686012268 -0.0031030175741761923 0.9998825788497925 0.015006845816969872 -0.22810663282871246 0.019089438021183014 -0.0149449547752738 0.9997060894966125 13.657086372375488
0.9998242259025574 0.00279446505010128 -0.018535105511546135 -0.6587835550308228 -0.0025597885251045227 0.9999164342880249 0.012672850862145424 -0.2277756780385971 0.018568968400359154 -0.012623180635273457 0.9997478723526001 14.490777969360352
0.9998235702514648 0.005559584591537714 -0.01793805882334709 -0.6796842217445374 -0.005392795894294977 0.999941885471344 0.00933306198567152 -0.22598303854465485 0.0179889053106308 -0.009234681725502014 0.9997954964637756 15.329203605651855
0.9998499155044556 0.002205394208431244 -0.017175577580928802 -0.6944968700408936 -0.002143723890185356 0.9999911785125732 0.003608172992244363 -0.22690598666667938 0.01718338392674923 -0.0035708139184862375 0.9998459219932556 16.18524169921875
0.9998633861541748 -0.0005743614165112376 -0.01651688665151596 -0.7081823945045471 0.000531490717548877 0.9999964833259583 -0.002599865896627307 -0.23345144093036652 0.01651832088828087 0.0025907319504767656 0.9998601675033569 17.054040908813477
0.9998787045478821 0.0005975717213004827 -0.015561463311314583 -0.7203568816184998 -0.0007233067299239337 0.9999671578407288 -0.008075547404587269 -0.24245986342430115 0.015556124038994312 0.00808582454919815 0.9998462200164795 17.977310180664062
0.9998845458030701 0.001714971847832203 -0.01509619876742363 -0.7432291507720947 -0.0018494029063731432 0.9999587535858154 -0.00889555923640728 -0.2544802129268646 0.015080317854881287 0.008922450244426727 0.9998464584350586 18.882722854614258
0.9998708367347717 0.0018155401339754462 -0.01596769690513611 -0.7537095546722412 -0.0019498771289363503 0.9999628067016602 -0.008401538245379925 -0.2690748870372772 0.015951847657561302 0.008431586436927319 0.9998372197151184 19.821422576904297
0.9998712539672852 0.0035629933699965477 -0.015649007633328438 -0.7809405326843262 -0.003716477192938328 0.9999452233314514 -0.009789790026843548 -0.2912699282169342 0.015613269992172718 0.009846688248217106 0.9998296499252319 20.758607864379883
0.9998533725738525 0.006412356160581112 -0.015875834971666336 -0.7868703603744507 -0.006600894499570131 0.999907910823822 -0.011852034367620945 -0.3097682595252991 0.015798373147845268 0.011955092661082745 0.9998037219047546 21.727680206298828
0.9998190402984619 0.009672781452536583 -0.016383541747927666 -0.8067691922187805 -0.009882585145533085 0.9998695850372314 -0.012773558497428894 -0.32911181449890137 0.01625784859061241 0.012933159247040749 0.9997841715812683 22.693510055541992
0.9998000264167786 0.011512069031596184 -0.016356047242879868 -0.8333808779716492 -0.01172005943953991 0.9998509287834167 -0.012678061611950397 -0.3525862991809845 0.016207659617066383 0.012867217883467674 0.9997859001159668 23.670780181884766
0.9997897148132324 0.012547047808766365 -0.016223061829805374 -0.8611725568771362 -0.012754516676068306 0.9998373985290527 -0.012749025598168373 -0.3760318160057068 0.01606046035885811 0.0129532590508461 0.9997871518135071 24.65056800842285
0.9997891187667847 0.012026260606944561 -0.016645072028040886 -0.8725053668022156 -0.012241264805197716 0.9998421669006348 -0.012875955551862717 -0.3970874547958374 0.016487594693899155 0.01307700015604496 0.9997785091400146 25.62088966369629
0.9997674226760864 0.013524186797440052 -0.01679937168955803 -0.8947895765304565 -0.013719774782657623 0.9998387694358826 -0.01158231683075428 -0.43036410212516785 0.01664002239704132 0.01181010715663433 0.9997918009757996 26.65459442138672
0.9997546672821045 0.014147465117275715 -0.017043450847268105 -0.9167063236236572 -0.014307367615401745 0.9998543858528137 -0.009296940639615059 -0.4565802812576294 0.016909442842006683 0.009538508020341396 0.9998115301132202 27.673748016357422
0.999740481376648 0.014768560416996479 -0.017344923689961433 -0.9387608766555786 -0.014911741018295288 0.9998555183410645 -0.00815481599420309 -0.48117297887802124 0.017221983522176743 0.008411344140768051 0.9998162984848022 28.692882537841797
0.9997327327728271 0.01526124868541956 -0.01736569032073021 -0.9605756402015686 -0.015424493700265884 0.9998376965522766 -0.009305664338171482 -0.5007010698318481 0.017220856621861458 0.009571035392582417 0.9998058676719666 29.72860336303711
0.9997183084487915 0.015972595661878586 -0.01755039393901825 -0.9876744151115417 -0.016154425218701363 0.9998167157173157 -0.010267861187458038 -0.5290385484695435 0.01738317497074604 0.01054848451167345 0.9997932314872742 30.746551513671875
0.9997173547744751 0.015550748445093632 -0.01797964796423912 -1.0113993883132935 -0.01572309620678425 0.9998313784599304 -0.009484362788498402 -0.5498650074005127 0.017829127609729767 0.009764377027750015 0.9997933506965637 31.783061981201172
0.9997122287750244 0.015443392097949982 -0.018354183062911034 -1.0383392572402954 -0.015575782395899296 0.9998534917831421 -0.007092165760695934 -0.5699398517608643 0.018241966143250465 0.007376004941761494 0.9998063445091248 32.83667755126953
0.9997015595436096 0.015388176776468754 -0.01896795444190502 -1.0631330013275146 -0.015448718331754208 0.9998760223388672 -0.0030494725797325373 -0.5947636961936951 0.018918674439191818 0.003341592848300934 0.9998154044151306 33.889671325683594
0.9996870160102844 0.015815405175089836 -0.019382264465093613 -1.0891615152359009 -0.01583474688231945 0.9998742938041687 -0.0008448943844996393 -0.6168695092201233 0.019366459921002388 0.001151542761363089 0.9998117685317993 34.977630615234375
0.9996765851974487 0.016112104058265686 -0.01967516355216503 -1.1180951595306396 -0.01612270064651966 0.9998700022697449 -0.00038002661312930286 -0.6313738226890564 0.019666481763124466 0.0006971203256398439 0.9998063445091248 36.0499153137207
0.9996692538261414 0.015413112938404083 -0.020588064566254616 -1.1398909091949463 -0.01544827688485384 0.9998795390129089 -0.0015500043518841267 -0.6525416970252991 0.020561691373586655 0.0018675413448363543 0.9997868537902832 37.13867950439453
0.9996492862701416 0.015977146103978157 -0.021121887490153313 -1.1724960803985596 -0.016028564423322678 0.9998690485954285 -0.0022672133054584265 -0.666700005531311 0.021082894876599312 0.0026049716398119926 0.9997742772102356 38.21747589111328
0.99964839220047 0.01528943981975317 -0.02166333608329296 -1.2024296522140503 -0.015314755961298943 0.9998822212219238 -0.0010031660785898566 -0.6883737444877625 0.021645445376634598 0.0013345819897949696 0.9997647404670715 39.30165100097656
0.9996182918548584 0.015961937606334686 -0.02255146950483322 -1.2324777841567993 -0.015951083973050117 0.9998725652694702 0.000661201833281666 -0.6992945671081543 0.0225591491907835 -0.0003012288943864405 0.9997454285621643 40.388545989990234
0.99962317943573 0.015318304300308228 -0.022778017446398735 -1.2692456245422363 -0.015238821506500244 0.9998771548271179 0.0036589414812624454 -0.7253014445304871 0.0228312686085701 -0.0033104524482041597 0.9997338056564331 41.4808464050293
0.9995850324630737 0.017026932910084724 -0.023238729685544968 -1.3059242963790894 -0.016947511583566666 0.9998498558998108 0.00361036229878664 -0.7444388270378113 0.023296713829040527 -0.003215025644749403 0.9997233748435974 42.55796432495117
0.999546468257904 0.018168874084949493 -0.024016333743929863 -1.3246009349822998 -0.01818353682756424 0.9998345971107483 -0.00039231646223925054 -0.763363778591156 0.024005234241485596 0.0008288397220894694 0.9997114539146423 43.65353775024414
0.9995245337486267 0.019402025267481804 -0.023969419300556183 -1.3586043119430542 -0.019516590982675552 0.9997991323471069 -0.004554991610348225 -0.7797059416770935 0.02387622930109501 0.0050206258893013 0.9997022747993469 44.73468780517578
0.9995139837265015 0.019863266497850418 -0.024027077481150627 -1.390643835067749 -0.01998358964920044 0.9997889399528503 -0.004778154194355011 -0.8012038469314575 0.023927098140120506 0.005255979020148516 0.9996998906135559 45.815433502197266
0.9995000958442688 0.020449306815862656 -0.02411438338458538 -1.4201444387435913 -0.020507996901869774 0.9997872710227966 -0.0021890192292630672 -0.8230450749397278 0.02406449243426323 0.0026824618689715862 0.9997068047523499 46.91496276855469
0.9995071887969971 0.020756468176841736 -0.023545823991298676 -1.4567137956619263 -0.02076343633234501 0.9997843503952026 -5.145305840414949e-05 -0.8419434428215027 0.023539679124951363 0.0005403198301792145 0.9997227787971497 48.0236930847168
0.9995395541191101 0.01929090917110443 -0.023418383672833443 -1.487785816192627 -0.019269991666078568 0.9998136162757874 0.0011186025803908706 -0.8593565225601196 0.023435600101947784 -0.0006668155547231436 0.9997251033782959 49.111087799072266
0.999541163444519 0.0194010641425848 -0.023259809240698814 -1.5138787031173706 -0.019397620111703873 0.9998117089271545 0.0003736419603228569 -0.8804119825363159 0.02326267771422863 7.77145687607117e-05 0.999729335308075 50.20228576660156
0.9995612502098083 0.01847970485687256 -0.02314874343574047 -1.544240117073059 -0.01852179504930973 0.9998271465301514 -0.0016051577404141426 -0.8966849446296692 0.02311507612466812 0.0020332096610218287 0.9997307658195496 51.29364013671875
0.9995707869529724 0.018251199275255203 -0.022917384281754494 -1.5678389072418213 -0.018337616696953773 0.9998254179954529 -0.0035663191229104996 -0.9169914722442627 0.02284829504787922 0.0039850384928286076 0.9997310042381287 52.38113021850586
0.9995889663696289 0.017624765634536743 -0.022615157067775726 -1.599809169769287 -0.0177626796066761 0.9998247027397156 -0.005911794025450945 -0.9455556273460388 0.02250700257718563 0.006311069242656231 0.9997267723083496 53.485233306884766
0.9996198415756226 0.01594339683651924 -0.022494811564683914 -1.626640796661377 -0.016154171898961067 0.999826967716217 -0.009219437837600708 -0.9753866791725159 0.02234393171966076 0.009579316712915897 0.9997043609619141 54.56496047973633
0.9996437430381775 0.014266559854149818 -0.02255936712026596 -1.648292064666748 -0.014515561982989311 0.9998350739479065 -0.010912568308413029 -1.0029280185699463 0.022399961948394775 0.011236141435801983 0.9996859431266785 55.65303039550781
0.9996751546859741 0.012631095014512539 -0.02213679999113083 -1.6760369539260864 -0.012821388430893421 0.9998819231987 -0.00847549457103014 -1.0316513776779175 0.02202712930738926 0.008756564930081367 0.999718964099884 56.74433517456055
0.9996997117996216 0.011289534159004688 -0.021749421954154968 -1.7096916437149048 -0.011356200091540813 0.9999310970306396 -0.0029440459329634905 -1.053586483001709 0.021714691072702408 0.0031901521142572165 0.9997591376304626 57.849552154541016
0.9997220039367676 0.009726286865770817 -0.021480005234479904 -1.7352222204208374 -0.0096622034907341 0.9999485015869141 0.003085190197452903 -1.0725133419036865 0.02150890789926052 -0.002876788377761841 0.9997645020484924 58.94730758666992
0.9997382164001465 0.00814818125218153 -0.02137635089457035 -1.758957862854004 -0.008076168596744537 0.9999614357948303 0.0034529389813542366 -1.0868291854858398 0.021403664723038673 -0.0032793963328003883 0.9997655153274536 60.04177474975586
0.9997536540031433 0.004832814913243055 -0.02165892906486988 -1.7767146825790405 -0.004824889823794365 0.999988317489624 0.0004181507683824748 -1.0992146730422974 0.02166069485247135 -0.00031354595557786524 0.9997653365135193 61.138370513916016
0.9997669458389282 0.0033473276998847723 -0.021326355636119843 -1.8091037273406982 -0.0034134937450289726 0.9999895691871643 -0.003066915087401867 -1.1141194105148315 0.021315867081284523 0.0031389971263706684 0.9997678399085999 62.223575592041016
0.9997563362121582 0.005822786595672369 -0.021293088793754578 -1.8396522998809814 -0.00596174830570817 0.9999613165855408 -0.006468491163104773 -1.147662878036499 0.02125460095703602 0.006593857891857624 0.9997523427009583 63.31886672973633
0.9997552037239075 0.005862885154783726 -0.021333210170269012 -1.8651297092437744 -0.006095605436712503 0.9999224543571472 -0.010860190726816654 -1.168473243713379 0.021267885342240334 0.010987569577991962 0.9997134208679199 64.4115219116211
0.9997460842132568 0.008902130648493767 -0.020703159272670746 -1.901913046836853 -0.009142152033746243 0.9998917579650879 -0.011527800001204014 -1.1939148902893066 0.02059829980134964 0.011714142747223377 0.9997192621231079 65.50926971435547
0.999731719493866 0.012663530185818672 -0.01939447596669197 -1.9488297700881958 -0.012817704118788242 0.9998870491981506 -0.00784569326788187 -1.2240417003631592 0.019292932003736496 0.008092178963124752 0.9997811317443848 66.6224594116211
0.9997208118438721 0.013831615447998047 -0.019160259515047073 -1.976975679397583 -0.013944790698587894 0.9998859763145447 -0.005785717628896236 -1.2467049360275269 0.019078051671385765 0.006051287520676851 0.9997996687889099 67.71662902832031
0.9997307658195496 0.012910927645862103 -0.019278042018413544 -2.000094175338745 -0.01301007904112339 0.9999027252197266 -0.005026657599955797 -1.2679694890975952 0.019211268052458763 0.005276111885905266 0.9998015761375427 68.80875396728516
0.9997369050979614 0.01203162781894207 -0.019524093717336655 -2.021611452102661 -0.012117119506001472 0.9999175071716309 -0.0042663863860070705 -1.294187068939209 0.019471148028969765 0.004501840099692345 0.9998002648353577 69.91432189941406
0.999747633934021 0.010854467749595642 -0.019665684551000595 -2.0474565029144287 -0.010905185714364052 0.9999375343322754 -0.002473599975928664 -1.3223485946655273 0.01963760517537594 0.0026874342001974583 0.9998035430908203 71.00487518310547
0.9997573494911194 0.009445153176784515 -0.019907405599951744 -2.07649827003479 -0.009459873661398888 0.9999550580978394 -0.0006453940877690911 -1.3427038192749023 0.01990041323006153 0.000833558791782707 0.9998016357421875 72.1104965209961
0.9997435808181763 0.008330469951033592 -0.021055947989225388 -2.0962212085723877 -0.008315934799611568 0.9999651312828064 0.0007777593564242125 -1.359301209449768 0.021061692386865616 -0.0006024599424563348 0.9997780323028564 73.20183563232422
0.9997466206550598 0.007548157591372728 -0.02120395377278328 -2.1251213550567627 -0.007552613504230976 0.9999714493751526 -0.00013009861868340522 -1.3875575065612793 0.021202368661761284 0.0002902106789406389 0.9997751712799072 74.29401397705078
0.999733030796051 0.00763726606965065 -0.021805282682180405 -2.15191912651062 -0.007719994522631168 0.9999632835388184 -0.0037123316433280706 -1.4108511209487915 0.02177613042294979 0.003879677504301071 0.9997553825378418 75.3659896850586
0.9997028708457947 0.008332480676472187 -0.022903138771653175 -2.1714704036712646 -0.008468152023851871 0.9999471306800842 -0.00583313126116991 -1.429287314414978 0.022853324189782143 0.00602534506469965 0.9997206926345825 76.44763946533203
0.9996792674064636 0.01051945611834526 -0.023035332560539246 -2.2161238193511963 -0.010620537213981152 0.9999344944953918 -0.0042701601050794125 -1.4568235874176025 0.022988906130194664 0.004513439256697893 0.9997255206108093 77.54032135009766
0.9996553063392639 0.011295720003545284 -0.023697521537542343 -2.245729446411133 -0.011296281591057777 0.9999362826347351 0.00011014223127858713 -1.4769340753555298 0.023697253316640854 0.00015758971858303994 0.9997192025184631 78.6259765625
0.9996306896209717 0.01237134076654911 -0.024196041747927666 -2.278913736343384 -0.012280887924134731 0.9999170303344727 0.003883364610373974 -1.4975934028625488 0.02424207143485546 -0.003584781661629677 0.9996996521949768 79.69757843017578
0.9995941519737244 0.013803469017148018 -0.02492060326039791 -2.313214063644409 -0.013694476336240768 0.9998959302902222 0.0045389411970973015 -1.5120775699615479 0.024980662390589714 -0.0041958242654800415 0.9996791481971741 80.76957702636719
0.9995840191841125 0.013812510296702385 -0.025321681052446365 -2.350587844848633 -0.013766279444098473 0.9999032616615295 0.0019991425797343254 -1.5244022607803345 0.025346841663122177 -0.001649725716561079 0.9996773600578308 81.83256530761719
0.9995812177658081 0.01359829492866993 -0.02554136887192726 -2.3916406631469727 -0.01356940995901823 0.9999070763587952 0.0013038854813203216 -1.541725754737854 0.02555672451853752 -0.0009567581582814455 0.9996729493141174 82.90606689453125
0.9995673894882202 0.012996532954275608 -0.026382578536868095 -2.406221628189087 -0.012958573177456856 0.9999147057533264 0.0016092839650809765 -1.571559190750122 0.026401245966553688 -0.0012667070841416717 0.9996505975723267 83.96949768066406
0.9995629191398621 0.01211152970790863 -0.026967216283082962 -2.442446231842041 -0.012067614123225212 0.9999254941940308 0.00179068255238235 -1.5868501663208008 0.026986896991729736 -0.0014644699404016137 0.9996346831321716 85.00184631347656
0.999544084072113 0.010954097844660282 -0.02813384309411049 -2.466330051422119 -0.01087069883942604 0.999936044216156 0.0031155620235949755 -1.6037352085113525 0.02816617116332054 -0.0028083070646971464 0.9995993375778198 86.03498077392578
0.9995558261871338 0.011108865961432457 -0.027654001489281654 -2.512037992477417 -0.010937952436506748 0.9999202489852905 0.006324010901153088 -1.6343272924423218 0.02772204950451851 -0.006018723361194134 0.9995975494384766 87.02730560302734
0.9995233416557312 0.009974293410778046 -0.029217388480901718 -2.5389437675476074 -0.009775959886610508 0.9999282360076904 0.0069231996312737465 -1.64460027217865 0.02928435243666172 -0.0066342721693217754 0.9995490312576294 88.00963592529297
0.9994735717773438 0.00882622692734003 -0.03122062049806118 -2.5742616653442383 -0.008596528321504593 0.9999350905418396 0.007483868859708309 -1.6616997718811035 0.031284648925065994 -0.007211540825664997 0.9994844198226929 88.9664077758789
0.9993743896484375 0.007870971225202084 -0.034478042274713516 -2.6101748943328857 -0.007659309543669224 0.9999510049819946 0.006266795564442873 -1.6793944835662842 0.03452567383646965 -0.005998797714710236 0.9993858337402344 89.91077423095703
0.9992468357086182 0.007660748437047005 -0.03804166987538338 -2.6504640579223633 -0.007464347407221794 0.9999580979347229 0.005302133038640022 -1.6918386220932007 0.03808068484067917 -0.00501418299973011 0.9992621541023254 90.83405303955078
0.999146044254303 0.00750631932169199 -0.04063103720545769 -2.6996304988861084 -0.007278480567038059 0.9999569654464722 0.005752540659159422 -1.7069923877716064 0.04067246615886688 -0.0054518962278962135 0.999157726764679 91.7213363647461
0.9989761114120483 0.00858837179839611 -0.044417914003133774 -2.735234260559082 -0.008276318199932575 0.9999397397041321 0.007204560097306967 -1.7293531894683838 0.04447711631655693 -0.0068295663222670555 0.998987078666687 92.59381103515625
0.9988433718681335 0.008878357708454132 -0.04725649952888489 -2.7850496768951416 -0.00849101971834898 0.9999287724494934 0.008390958420932293 -1.746185302734375 0.04732763394713402 -0.007979996502399445 0.9988476037979126 93.43605041503906
0.9986830353736877 0.010865814052522182 -0.05014117807149887 -2.834428548812866 -0.01038855966180563 0.9998983144760132 0.00976904109120369 -1.7541660070419312 0.05024221912026405 -0.009235280565917492 0.9986943602561951 94.2459945678711
0.9985283017158508 0.012132995761930943 -0.052859243005514145 -2.8810818195343018 -0.011585414409637451 0.9998761415481567 0.010653384029865265 -1.76824951171875 0.05298194661736488 -0.010025308467447758 0.9985451698303223 95.0424575805664
0.9983530640602112 0.01457379013299942 -0.05548679456114769 -2.9298782348632812 -0.013978295028209686 0.9998406171798706 0.011105258017778397 -1.7815320491790771 0.05563979595899582 -0.010311356745660305 0.998397707939148 95.80392456054688
0.9981840252876282 0.016164839267730713 -0.058029282838106155 -2.983274459838867 -0.01559973880648613 0.9998265504837036 0.010178032331168652 -1.7963435649871826 0.05818374082446098 -0.009254306554794312 0.9982630014419556 96.52764129638672
0.9980130791664124 0.017482610419392586 -0.06053171306848526 -3.0407557487487793 -0.017131419852375984 0.9998332262039185 0.006315912120044231 -1.8066896200180054 0.06063203513622284 -0.005266368854790926 0.9981462955474854 97.22657775878906
0.9978010654449463 0.01993018388748169 -0.06321167200803757 -3.0917727947235107 -0.019795633852481842 0.9998002052307129 0.002754183253273368 -1.820144772529602 0.06325392425060272 -0.0014968120958656073 0.9979963302612305 97.89163208007812
0.9976321458816528 0.02171510085463524 -0.06525623798370361 -3.1428303718566895 -0.021760400384664536 0.9997631311416626 1.657977918512188e-05 -1.8316806554794312 0.06524113565683365 0.0014034609775990248 0.997868537902832 98.53231811523438
0.9975419640541077 0.023758605122566223 -0.06592109799385071 -3.1953253746032715 -0.023863013833761215 0.9997148513793945 -0.0007967608398757875 -1.8471615314483643 0.06588336825370789 0.0023678792640566826 0.997824490070343 99.15960693359375
0.997529149055481 0.02601012960076332 -0.06526104360818863 -3.2417280673980713 -0.02608908712863922 0.9996594786643982 -0.00035780217149294913 -1.8576551675796509 0.06522952020168304 0.0020595199894160032 0.9978681802749634 99.73965454101562
0.9976323843002319 0.029831208288669586 -0.061965204775333405 -3.2826147079467773 -0.0298046562820673 0.9995548129081726 0.001352999359369278 -1.8791829347610474 0.06197798252105713 0.0004970556474290788 0.998077392578125 100.30426788330078
0.9978740811347961 0.03229040652513504 -0.056609950959682465 -3.312908172607422 -0.03219810500741005 0.9994783401489258 0.0025420146994292736 -1.8883382081985474 0.05666249990463257 -0.0007138774381019175 0.998393177986145 100.8498306274414
0.9982340931892395 0.03337465226650238 -0.0491403266787529 -3.338230609893799 -0.03318535536527634 0.9994383454322815 0.004663167055696249 -1.9016982316970825 0.04926836118102074 -0.003024193225428462 0.9987809658050537 101.37044525146484
0.9986627101898193 0.03319646418094635 -0.039634283632040024 -3.349053144454956 -0.032941680401563644 0.9994323253631592 0.007064428646117449 -1.9121569395065308 0.03984629735350609 -0.005749360658228397 0.9991893172264099 101.87138366699219
0.9990785717964172 0.03284943476319313 -0.02761843055486679 -3.3644025325775146 -0.03263906389474869 0.9994349479675293 0.00803395640105009 -1.9200541973114014 0.02786673605442047 -0.007125115022063255 0.999586284160614 102.34764862060547
0.9993961453437805 0.031753059476614 -0.01411110907793045 -3.365795850753784 -0.0316394679248333 0.9994657039642334 0.008201347663998604 -1.9312645196914673 0.014363988302648067 -0.007749927695840597 0.9998668432235718 102.81056213378906
0.9994990229606628 0.03163100406527519 0.0010452057467773557 -3.3566136360168457 -0.031637754291296005 0.9994731545448303 0.0072347065433859825 -1.9421616792678833 -0.0008158188429661095 -0.007264150306582451 0.9999732375144958 103.2420654296875
0.9993863105773926 0.029807010665535927 0.01839926838874817 -3.3232223987579346 -0.02989087626338005 0.9995439052581787 0.004300201311707497 -1.955520749092102 -0.018262701109051704 -0.004847532603889704 0.9998214840888977 103.65769958496094
0.9987756013870239 0.02946563810110092 0.03973845764994621 -3.294585943222046 -0.02947198413312435 0.9995654225349426 -0.00042624128400348127 -1.9645061492919922 -0.039733756333589554 -0.0007454519509337842 0.9992100596427917 104.0735855102539
0.9975707530975342 0.027633171528577805 0.06394597142934799 -3.2460339069366455 -0.027348268777132034 0.9996117353439331 -0.005326568614691496 -1.974564552307129 -0.06406833231449127 0.0035648182965815067 0.9979391694068909 104.47749328613281
0.9955124258995056 0.025181595236063004 0.09121863543987274 -3.188858985900879 -0.024533281102776527 0.9996653199195862 -0.008221732452511787 -1.9865386486053467 -0.09139513224363327 0.005946944933384657 0.9957970380783081 104.88088989257812
0.992394208908081 0.02256639488041401 0.12101428210735321 -3.10898756980896 -0.021557919681072235 0.9997211694717407 -0.00963644403964281 -1.9957771301269531 -0.12119799852371216 0.0069543360732495785 0.9926040172576904 105.28514862060547
0.9879679679870605 0.020255625247955322 0.15332677960395813 -3.0239150524139404 -0.01872187852859497 0.9997592568397522 -0.01144047174602747 -2.0114569664001465 -0.1535216122865677 0.008432252332568169 0.9881093502044678 105.66011810302734
0.9817861318588257 0.017954086884856224 0.18913915753364563 -2.931291103363037 -0.01574518159031868 0.9997891783714294 -0.013174973428249359 -2.0248961448669434 -0.18933585286140442 0.00995697733014822 0.98186194896698 106.0208969116211
0.9737744331359863 0.013823172077536583 0.22709500789642334 -2.8150415420532227 -0.010976252146065235 0.9998446106910706 -0.013794356025755405 -2.040515422821045 -0.22725039720535278 0.010939939878880978 0.9737749099731445 106.36507415771484
0.9635728597640991 0.011845682747662067 0.2671836316585541 -2.692016839981079 -0.00827841367572546 0.999860942363739 -0.014473872259259224 -2.058605432510376 -0.2673179507255554 0.01173477340489626 0.9635369181632996 106.71311950683594
0.9510095119476318 0.013808155432343483 0.30885323882102966 -2.557464122772217 -0.009317558258771896 0.9998283386230469 -0.016009869053959846 -2.068160057067871 -0.3090212941169739 0.012347782962024212 0.9509749412536621 107.03680419921875
0.9353563189506531 0.014654860831797123 0.3534029722213745 -2.4137797355651855 -0.009311639703810215 0.9998152256011963 -0.01681494526565075 -2.083338499069214 -0.35358402132987976 0.012437202967703342 0.9353200197219849 107.35054016113281
0.9172213673591614 0.014819065108895302 0.3981020748615265 -2.2438724040985107 -0.009230811148881912 0.9998301267623901 -0.015950314700603485 -2.093172073364258 -0.39827078580856323 0.010955163277685642 0.9172024726867676 107.66925811767578
0.896770179271698 0.01419153530150652 0.4422689378261566 -2.0562124252319336 -0.00840756669640541 0.9998515844345093 -0.015035590156912804 -2.104771614074707 -0.44241660833358765 0.009765062481164932 0.8967564702033997 107.97484588623047
0.8729209303855896 0.01328343991190195 0.4876808822154999 -1.8615473508834839 -0.0062461355701088905 0.9998515844345093 -0.016053708270192146 -2.11537504196167 -0.4878217577934265 0.010967494919896126 0.87287437915802 108.27218627929688
0.8476937413215637 0.013762320391833782 0.5303072929382324 -1.6408270597457886 -0.00477873208001256 0.9998209476470947 -0.018308164551854134 -2.1324679851531982 -0.5304643511772156 0.01298552006483078 0.8476077914237976 108.5445556640625
0.8196824193000793 0.015668554231524467 0.5726038217544556 -1.4178922176361084 -0.004127521067857742 0.9997614026069641 -0.021448610350489616 -2.1539320945739746 -0.572803258895874 0.01521761529147625 0.8195516467094421 108.81482696533203
0.7884957790374756 0.02063622884452343 0.6146937608718872 -1.1795852184295654 -0.005937918554991484 0.9996457695960999 -0.02594282291829586 -2.1701765060424805 -0.61501145362854 0.016805805265903473 0.7883391380310059 109.07849884033203
0.7543845772743225 0.026255497708916664 0.6559075117111206 -0.9139500856399536 -0.008688745088875294 0.9995115995407104 -0.03001645766198635 -2.1866140365600586 -0.6563752889633179 0.01694493740797043 0.7542442083358765 109.35337829589844
0.7175229787826538 0.031071413308382034 0.695841372013092 -0.6384443640708923 -0.009717663750052452 0.99935382604599 -0.034603700041770935 -2.1787636280059814 -0.6964669823646545 0.018067000433802605 0.7173613905906677 109.57275390625
0.679810106754303 0.0313655324280262 0.7327170968055725 -0.34930190443992615 -0.007743489928543568 0.999336302280426 -0.035594381392002106 -2.1975386142730713 -0.7333471775054932 0.01852363720536232 0.6796018481254578 109.74485778808594
0.6381093859672546 0.028698910027742386 0.7694106698036194 -0.03575630113482475 -0.003371742321178317 0.9993996620178223 -0.03448111563920975 -2.2114269733428955 -0.7699382901191711 0.01940847374498844 0.6378231644630432 109.95993041992188
0.5940186977386475 0.02687963843345642 0.8040021061897278 0.2910701334476471 -0.002115365117788315 0.9994903206825256 -0.03185237571597099 -2.223165512084961 -0.8044484257698059 0.01722014881670475 0.5937727689743042 110.15099334716797
0.5476137399673462 0.025338973850011826 0.8363475799560547 0.6317830681800842 -0.0008057871600612998 0.999556839466095 -0.029756156727671623 -2.233008861541748 -0.8367308378219604 0.015620961785316467 0.5473914742469788 110.33047485351562
0.4996899962425232 0.022733008489012718 0.8659059405326843 0.980881929397583 0.0006721962708979845 0.9996449947357178 -0.026632029563188553 -2.2496232986450195 -0.866204023361206 0.013889819383621216 0.4994973838329315 110.48281860351562
0.4477705657482147 0.019402604550123215 0.893937885761261 1.3306142091751099 0.0031525660306215286 0.9997240304946899 -0.02327776700258255 -2.2613003253936768 -0.8941429257392883 0.013241294771432877 0.44758573174476624 110.62996673583984
0.3954695165157318 0.019707541912794113 0.9182676076889038 1.7085078954696655 0.0010004604700952768 0.9997599720954895 -0.021887367591261864 -2.2742791175842285 -0.9184785485267639 0.00957447662949562 0.3953548073768616 110.7640609741211
0.344014048576355 0.024690529331564903 0.9386398196220398 2.0983502864837646 -0.0028118425980210304 0.9996768832206726 -0.025265533477067947 -2.289726972579956 -0.9389602541923523 0.006052392069250345 0.3439723551273346 110.88057708740234
0.29388779401779175 0.029785923659801483 0.9553756713867188 2.501953125 -0.002873543882742524 0.9995372891426086 -0.03027881681919098 -2.303633451461792 -0.9558357000350952 0.006153258495032787 0.29383739829063416 110.97390747070312
0.24752146005630493 0.03214343637228012 0.9683490991592407 2.9330923557281494 -0.000333543837768957 0.9994522929191589 -0.03309062495827675 -2.310750722885132 -0.9688823819160461 0.007867651991546154 0.24739661812782288 111.04769897460938
0.20602859556674957 0.03128350153565407 0.9780458807945251 3.2624785900115967 0.005552983842790127 0.9994353652000427 -0.03313742205500603 -2.3451616764068604 -0.97853022813797 0.01225832849740982 0.20573855936527252 111.06859588623047
0.17109964787960052 0.031072048470377922 0.9847636818885803 3.6962156295776367 0.01398547925055027 0.9993252158164978 -0.03396144509315491 -2.360797166824341 -0.9851545095443726 0.01958318054676056 0.1705496609210968 111.10328674316406
0.1405860185623169 0.03243160992860794 0.9895371794700623 4.152415752410889 0.01821673847734928 0.999209463596344 -0.03533671423792839 -2.375281572341919 -0.9899008870124817 0.022993987426161766 0.1398840695619583 111.14000701904297
0.11233631521463394 0.030565809458494186 0.9932000041007996 4.621951580047607 0.016675641760230064 0.999328076839447 -0.03264050558209419 -2.3971943855285645 -0.9935303330421448 0.02022896148264408 0.11175113171339035 111.18037414550781
0.08694510906934738 0.02708980068564415 0.9958447217941284 5.114080905914307 0.01068613026291132 0.9995473027229309 -0.028123507276177406 -2.4121458530426025 -0.9961557984352112 0.013086927123367786 0.08661627024412155 111.2169189453125
0.06316523998975754 0.023137543350458145 0.997734785079956 5.605872631072998 0.005902644246816635 0.9997051358222961 -0.023556916043162346 -2.4304282665252686 -0.9979856014251709 0.007377251982688904 0.06301002204418182 111.24453735351562
0.04059135541319847 0.02071615308523178 0.9989609718322754 6.1175312995910645 0.010050086304545403 0.9997259974479675 -0.021140389144420624 -2.455799102783203 -0.9991252422332764 0.010897762142121792 0.040372028946876526 111.2513198852539
0.02011711522936821 0.021554145961999893 0.9995651841163635 6.652419567108154 0.017951447516679764 0.9995986223220825 -0.021916154772043228 -2.4737045764923096 -0.9996364712715149 0.018384533002972603 0.0197221077978611 111.24047088623047
0.0027014161460101604 0.023992562666535378 0.9997084140777588 7.2011542320251465 0.022874141111969948 0.9994490742683411 -0.024048147723078728 -2.4949491024017334 -0.9997346997261047 0.02293243631720543 0.0021511120721697807 111.22406005859375
-0.011613595299422741 0.0291991475969553 0.9995061159133911 7.792140960693359 0.02371693029999733 0.9993004202842712 -0.02891756035387516 -2.5087523460388184 -0.9996512532234192 0.023369381204247475 -0.012297989800572395 111.21316528320312
-0.022473910823464394 0.034115131944417953 0.9991651773452759 8.397013664245605 0.02132023684680462 0.9992066621780396 -0.03363700211048126 -2.5205576419830322 -0.9995201230049133 0.020546481013298035 -0.02318342961370945 111.2032470703125
-0.028459951281547546 0.03391893953084946 0.9990193843841553 9.022383689880371 0.02313164621591568 0.9991787672042847 -0.03326538950204849 -2.5406858921051025 -0.9993272423744202 0.02216222882270813 -0.0292211826890707 111.17485046386719
-0.031013604253530502 0.030895475298166275 0.9990413784980774 9.666549682617188 0.029882485046982765 0.9991039633750916 -0.029969755560159683 -2.560028314590454 -0.9990721940994263 0.0289243683218956 -0.031909048557281494 111.14718627929688
-0.03073883056640625 0.029122279956936836 0.9991030693054199 10.315345764160156 0.031026631593704224 0.9991215467453003 -0.028168238699436188 -2.5871965885162354 -0.9990457892417908 0.030132943764328957 -0.03161539509892464 111.12380981445312
-0.02854607254266739 0.028782589361071587 0.9991779327392578 10.983928680419922 0.02965523861348629 0.9991697669029236 -0.02793511189520359 -2.613355875015259 -0.9991524815559387 0.028833424672484398 -0.029375925660133362 111.1089859008789
-0.026918483898043633 0.028929071500897408 0.9992188811302185 11.671259880065918 0.026700587943196297 0.999245285987854 -0.028210533782839775 -2.639543294906616 -0.9992809891700745 0.02592034637928009 -0.027670590206980705 111.0925521850586
-0.026181422173976898 0.030430546030402184 0.9991939067840576 12.38084602355957 0.025257082656025887 0.9992376565933228 -0.029770078137516975 -2.6612255573272705 -0.9993381500244141 0.024457301944494247 -0.026930049061775208 111.09175872802734
-0.024848969653248787 0.03108682483434677 0.9992077350616455 13.10100269317627 0.02489679493010044 0.9992256164550781 -0.030468229204416275 -2.6916816234588623 -0.9993810653686523 0.024119969457387924 -0.02560368739068508 111.06726837158203
-0.024414347484707832 0.030679723247885704 0.9992310404777527 13.849315643310547 0.024196920916438103 0.9992542862892151 -0.030089231207966805 -2.7177367210388184 -0.999409019947052 0.023443706333637238 -0.0251384936273098 111.06085968017578
