0.999994158744812 0.0016659542452543974 0.0029800443444401026 -0.39735427498817444 -0.0016689038602635264 0.9999980926513672 0.0009875858668237925 -0.16743822395801544 -0.002978393342345953 -0.0009925535414367914 0.9999950528144836 -1.5111668109893799
0.9999987483024597 6.125786603661254e-05 0.0015605208463966846 -0.39874446392059326 -6.134786963229999e-05 0.9999999403953552 5.76907186768949e-05 -0.1745900958776474 -0.0015605168882757425 -5.77862374484539e-05 0.9999987483024597 -0.9472354054450989
0.9999998211860657 -0.00012483845057431608 0.0005671526305377483 -0.4017810523509979 0.0001257411204278469 0.9999986886978149 -0.001591788255609572 -0.18398869037628174 -0.000566953094676137 0.0015918592689558864 0.9999985098838806 -0.39164993166923523
0.9999983906745911 -0.0008577444241382182 -0.0015511522069573402 -0.4016115665435791 0.0008538112742826343 0.9999963641166687 -0.002534453524276614 -0.20105700194835663 0.001553321024402976 0.002533125225454569 0.9999955892562866 0.17357373237609863
0.9999905824661255 -0.002705192193388939 -0.0034037712030112743 -0.41095754504203796 0.0026897788047790527 0.9999861121177673 -0.004524865187704563 -0.20660965144634247 0.0034159652423113585 0.004515667445957661 0.9999839663505554 0.7404104471206665
0.9999760389328003 -0.005247035995125771 -0.0045199645683169365 -0.4209997355937958 0.005217353347688913 0.9999648928642273 -0.006553901359438896 -0.22068163752555847 0.004554193001240492 0.006530162412673235 0.9999682307243347 1.294773817062378
0.9999614953994751 -0.006461217999458313 -0.0059395586140453815 -0.4271620810031891 0.006418957374989986 0.999954104423523 -0.007106950972229242 -0.23430180549621582 0.005985205993056297 0.007068551145493984 0.9999570846557617 1.8640540838241577
0.9999525547027588 -0.0064299567602574825 -0.007306263316422701 -0.43653666973114014 0.00638257572427392 0.9999586343765259 -0.006490000057965517 -0.2457195520401001 0.007347690872848034 0.00644306093454361 0.9999521374702454 2.447296380996704
0.9999420046806335 -0.006892796605825424 -0.008267322555184364 -0.44683581590652466 0.0068358746357262135 0.9999527931213379 -0.006893823854625225 -0.259747713804245 0.008314450271427631 0.0068369098007678986 0.9999420046806335 3.0392582416534424
0.9999336004257202 -0.006444496102631092 -0.009564639069139957 -0.4534222185611725 0.006352555006742477 0.9999335408210754 -0.009612027555704117 -0.27503544092178345 0.009625948034226894 0.009550631046295166 0.9999079704284668 3.6335535049438477
0.9999321103096008 -0.004666422493755817 -0.010677926242351532 -0.46853071451187134 0.004523293115198612 0.9999001026153564 -0.013389354571700096 -0.2900048494338989 0.010739339515566826 0.013340147212147713 0.9998533129692078 4.236466884613037
0.9999203085899353 -0.00352072948589921 -0.012119575403630733 -0.48077309131622314 0.0033125837799161673 0.9998472929000854 -0.017151739448308945 -0.3010658919811249 0.012178109958767891 0.017110228538513184 0.9997794032096863 4.850186824798584
0.9999117851257324 -0.0014913163613528013 -0.013192592188715935 -0.497698038816452 0.0012650350108742714 0.999852180480957 -0.01714392378926277 -0.3151789903640747 0.013216208666563034 0.017125725746154785 0.9997659921646118 5.481367588043213
0.9998956918716431 0.0006039848667569458 -0.01442454569041729 -0.5075177550315857 -0.0007531384471803904 0.9999462962150574 -0.010337079875171185 -0.32406526803970337 0.014417530968785286 0.010346864350140095 0.9998425245285034 6.122600078582764
0.999890148639679 0.0016005330253392458 -0.014728858135640621 -0.5265411138534546 -0.001596819143742323 0.9999986886978149 0.0002639107406139374 -0.33686718344688416 0.01472925953567028 -0.000240362249314785 0.9998915195465088 6.78110408782959
0.999871551990509 0.0023069996386766434 -0.015866907313466072 -0.5395452380180359 -0.002197987399995327 0.9999739527702332 0.006884428672492504 -0.34697091579437256 0.015882376581430435 -0.006848667748272419 0.9998503923416138 7.4706926345825195
0.9998409152030945 0.004780824761837721 -0.01718723028898239 -0.5562743544578552 -0.004680002108216286 0.9999716281890869 0.005901578813791275 -0.36208054423332214 0.017214957624673843 -0.005820201709866524 0.9998348355293274 8.160920143127441
0.9998167753219604 0.0068818144500255585 -0.017861712723970413 -0.5794707536697388 -0.006904866546392441 0.9999753832817078 -0.0012292517349123955 -0.370397686958313 0.017852816730737686 0.0013523595407605171 0.9998398423194885 8.846405029296875
0.9997984766960144 0.006375172641128302 -0.019037960097193718 -0.5968109369277954 -0.006510627456009388 0.9999538660049438 -0.007061517797410488 -0.3718375563621521 0.018992064520716667 0.007184043526649475 0.9997938275337219 9.557098388671875
0.9997912049293518 0.00412119273096323 -0.020015347748994827 -0.6140245199203491 -0.004236094653606415 0.99997478723526 -0.005701697431504726 -0.37272411584854126 0.019991349428892136 0.005785292014479637 0.999783456325531 10.293493270874023
0.9997859001159668 0.0035913540050387383 -0.020376788452267647 -0.6340821981430054 -0.0035228875931352377 0.9999879598617554 0.0033948924392461777 -0.3779294490814209 0.020388739183545113 -0.003322380827739835 0.9997866153717041 11.062073707580566
0.9997776746749878 0.003560889046639204 -0.02078377455472946 -0.656876266002655 -0.0033323331736028194 0.9999337196350098 0.011021136306226254 -0.38833725452423096 0.020821643993258476 -0.010949427261948586 0.9997232556343079 11.845366477966309
0.9997708797454834 0.002623137552291155 -0.02124604396522045 -0.6753017902374268 -0.0023356371093541384 0.9999054670333862 0.013545497320592403 -0.39065825939178467 0.02127956785261631 -0.013492770493030548 0.9996824860572815 12.629916191101074
0.9997742176055908 0.0010769296204671264 -0.02122165448963642 -0.6956085562705994 -0.0008137532277032733 0.9999226927757263 0.012406066991388798 -0.39042165875434875 0.021233374252915382 -0.012385997921228409 0.9996978044509888 13.4303617477417
0.9997860193252563 0.0005292356945574284 -0.02068471349775791 -0.717475414276123 -0.0003206963010597974 0.9999489784240723 0.010083865374326706 -0.3908766210079193 0.020688997581601143 -0.010075071826577187 0.9997352361679077 14.261846542358398
0.9997826814651489 0.003068499732762575 -0.020621253177523613 -0.7389782667160034 -0.002932594856247306 0.999973714351654 0.006617545150220394 -0.3896545469760895 0.0206410214304924 -0.006555631291121244 0.9997654557228088 15.102289199829102
0.9998096823692322 -0.0005552460788749158 -0.01950167864561081 -0.7553095817565918 0.0005732275312766433 0.9999993443489075 0.0009164640796370804 -0.39095237851142883 0.019501158967614174 -0.000927468528971076 0.9998093843460083 15.970232009887695
0.99981689453125 -0.0034167335834354162 -0.01882551982998848 -0.7689316868782043 0.0033186050131917 0.9999808073043823 -0.00524132139980793 -0.40029478073120117 0.018843065947294235 0.005177888087928295 0.9998090267181396 16.84047508239746
0.9998389482498169 -0.0020905244164168835 -0.017827987670898438 -0.7868587970733643 0.001904746750369668 0.9999437928199768 -0.010431181639432907 -0.41553637385368347 0.017848791554570198 0.010395544581115246 0.9997866749763489 17.730745315551758
0.9998410940170288 -0.0007569374865852296 -0.01781356707215309 -0.8075549602508545 0.0005523792933672667 0.9999338984489441 -0.011485406197607517 -0.42819684743881226 0.017821088433265686 0.011473741382360458 0.9997753500938416 18.64546012878418
0.9998378753662109 -0.0006488993531093001 -0.017995379865169525 -0.83497154712677 0.0004530017322394997 0.9999406337738037 -0.010887924581766129 -0.44941604137420654 0.01800137758255005 0.010878006927669048 0.9997787475585938 19.589069366455078
0.999835193157196 0.0005910265608690679 -0.018144577741622925 -0.8384537696838379 -0.0008195203845389187 0.9999204277992249 -0.012588102370500565 -0.4680227041244507 0.01813569851219654 0.012600897811353207 0.9997560977935791 20.545886993408203
0.9998325109481812 0.00329971662722528 -0.01800365000963211 -0.8618404269218445 -0.0035642602015286684 0.9998858571052551 -0.014681635424494743 -0.4873799681663513 0.01795314997434616 0.014743346720933914 0.999730110168457 21.50149154663086
0.9998100399971008 0.006825076416134834 -0.01825777068734169 -0.8886975049972534 -0.0071082147769629955 0.9998546838760376 -0.01548813283443451 -0.5094121694564819 0.01814941130578518 0.015614969655871391 0.9997133016586304 22.463308334350586
0.9997973442077637 0.008983499370515347 -0.018016332760453224 -0.9180128574371338 -0.009260804392397404 0.9998389482498169 -0.015367917716503143 -0.5372898578643799 0.017875373363494873 0.015531648881733418 0.999719500541687 23.434785842895508
0.9997846484184265 0.009442634880542755 -0.018476735800504684 -0.9371509552001953 -0.009729699231684208 0.9998323917388916 -0.01550885196775198 -0.5637933611869812 0.018327195197343826 0.01568528823554516 0.999708890914917 24.413368225097656
0.9997814893722534 0.009724543429911137 -0.018503153696656227 -0.9588509798049927 -0.010010424070060253 0.999830961227417 -0.01542100589722395 -0.5913835763931274 0.018350066617131233 0.01560286432504654 0.9997097849845886 25.402257919311523
0.9997518062591553 0.011173838749527931 -0.019273564219474792 -0.9847040176391602 -0.011442690156400204 0.9998379945755005 -0.01389581710100174 -0.6255505084991455 0.01911517232656479 0.014112908393144608 0.999717652797699 26.41309928894043
0.9997433423995972 0.011760346591472626 -0.019364405423402786 -1.0008213520050049 -0.01199304312467575 0.99985671043396 -0.011944608762860298 -0.6553229093551636 0.01922115869820118 0.012173781171441078 0.9997410774230957 27.416996002197266
0.9997320771217346 0.012415393255650997 -0.019536716863512993 -1.029902458190918 -0.012625367380678654 0.9998633861541748 -0.01066118385642767 -0.6839081048965454 0.019401686266064644 0.01090498548001051 0.9997522830963135 28.439411163330078
0.9997251033782959 0.0121828094124794 -0.02003447152674198 -1.0512105226516724 -0.012416055426001549 0.9998561143875122 -0.01155932992696762 -0.7130366563796997 0.019890764728188515 0.01180490106344223 0.9997324347496033 29.46207046508789
0.9997115731239319 0.013448000885546207 -0.01989852823317051 -1.082519292831421 -0.01370223518460989 0.9998254179954529 -0.012695733457803726 -0.7365212440490723 0.019724318757653236 0.012964724563062191 0.9997214078903198 30.50095558166504
0.9997106790542603 0.013360482640564442 -0.019998682662844658 -1.1109927892684937 -0.013602816499769688 0.9998350739479065 -0.012030948884785175 -0.7598345875740051 0.019834646955132484 0.012299506925046444 0.9997276067733765 31.55202865600586
0.99969083070755 0.01292053796350956 -0.021242953836917877 -1.1277270317077637 -0.013128593564033508 0.9998669028282166 -0.009683985263109207 -0.7804157733917236 0.021115006878972054 0.009959881193935871 0.9997274279594421 32.602882385253906
0.9996811747550964 0.013848409987986088 -0.021114518865942955 -1.1613612174987793 -0.013984176330268383 0.9998824000358582 -0.006295968312770128 -0.7986314296722412 0.021024849265813828 0.006589231546968222 0.9997571706771851 33.66109848022461
0.999680757522583 0.013164989650249481 -0.021562956273555756 -1.1908817291259766 -0.013239177875220776 0.9999068379402161 -0.003301373915746808 -0.8329155445098877 0.02151748538017273 0.0035857949405908585 0.9997620582580566 34.73412322998047
0.9996644258499146 0.01338906865566969 -0.02217855677008629 -1.2176077365875244 -0.01345487218350172 0.9999054074287415 -0.002820383757352829 -0.8514337539672852 0.022138698026537895 0.003117847256362438 0.9997500777244568 35.80552291870117
0.9996620416641235 0.012851862236857414 -0.022598007693886757 -1.2448554039001465 -0.012946348637342453 0.9999080300331116 -0.004039842169731855 -0.8762989044189453 0.02254400961101055 0.004331038799136877 0.999736487865448 36.89363479614258
0.999643087387085 0.013281215913593769 -0.0231814906001091 -1.2824079990386963 -0.013399031013250351 0.9998980164527893 -0.004934391938149929 -0.8892655968666077 0.023113591596484184 0.005243239924311638 0.9997190833091736 37.97365951538086
0.9996271729469299 0.01274216827005148 -0.024148091673851013 -1.308753252029419 -0.012834846042096615 0.999910831451416 -0.003686790121719241 -0.9112688302993774 0.02409895695745945 0.003995352890342474 0.9997016191482544 39.063297271728516
0.9995961785316467 0.013393704779446125 -0.025061430409550667 -1.3413902521133423 -0.01344646979123354 0.9999076724052429 -0.001937989378347993 -0.9264904260635376 0.02503316104412079 0.0022741947323083878 0.9996840357780457 40.15037155151367
0.9995969533920288 0.012734547257423401 -0.025373563170433044 -1.3795907497406006 -0.012711497955024242 0.9999186396598816 0.0010694987140595913 -0.9546514749526978 0.025385119020938873 -0.0007465314120054245 0.9996775388717651 41.24185562133789
0.9995633363723755 0.01438412070274353 -0.02581062540411949 -1.4187735319137573 -0.014367147348821163 0.9998964071273804 0.0008429742883890867 -0.9748115539550781 0.02582007832825184 -0.00047178054228425026 0.9996665120124817 42.31969451904297
0.9995278120040894 0.01552450843155384 -0.026516858488321304 -1.4399135112762451 -0.015611609444022179 0.9998733997344971 -0.003080955473706126 -0.99824458360672 0.026465672999620438 0.003493470838293433 0.9996435642242432 43.402000427246094
0.9995118975639343 0.01676483266055584 -0.026360290125012398 -1.4788732528686523 -0.01695934869349003 0.9998304843902588 -0.007172934710979462 -1.018042802810669 0.026235569268465042 0.007616488263010979 0.9996267557144165 44.48184585571289
0.9995062947273254 0.016999490559101105 -0.026424212381243706 -1.51383376121521 -0.01720363087952137 0.999823808670044 -0.007517462596297264 -1.0428252220153809 0.026291757822036743 0.007968341931700706 0.9996225833892822 45.563228607177734
0.9994964003562927 0.017820727080106735 -0.026254482567310333 -1.5483900308609009 -0.017947914078831673 0.9998283386230469 -0.004616625141352415 -1.0685559511184692 0.026167701929807663 0.00508551299571991 0.9996446371078491 46.66621398925781
0.999494731426239 0.018171191215515137 -0.026078879833221436 -1.5851383209228516 -0.018244734033942223 0.9998301267623901 -0.002584739588201046 -1.092570185661316 0.026027480140328407 0.0030592354014515877 0.9996565580368042 47.75459671020508
0.9995209574699402 0.016656700521707535 -0.026082362979650497 -1.6173043251037598 -0.016696671023964882 0.9998596906661987 -0.0013154122279956937 -1.113813877105713 0.026056794449687004 0.0017502703703939915 0.9996589422225952 48.84319305419922
0.9995322823524475 0.016690613701939583 -0.025626173242926598 -1.6503584384918213 -0.016746509820222855 0.9998577833175659 -0.001968046184629202 -1.1381088495254517 0.025589682161808014 0.0023962741252034903 0.9996696710586548 49.92820358276367
0.9995425939559937 0.016033168882131577 -0.025641364976763725 -1.684768795967102 -0.016141187399625778 0.9998615980148315 -0.0040112691931426525 -1.1572902202606201 0.025573505088686943 0.004423316568136215 0.9996631741523743 51.02277755737305
0.9995614290237427 0.015825390815734863 -0.025030240416526794 -1.7138769626617432 -0.015981202945113182 0.9998540878295898 -0.00603720685467124 -1.1845192909240723 0.02493104711174965 0.006434572394937277 0.9996684789657593 52.098079681396484
0.9995779991149902 0.015010804869234562 -0.024869583547115326 -1.7430778741836548 -0.015233547426760197 0.9998453259468079 -0.008791282773017883 -1.2076863050460815 0.02473377250134945 0.009166425094008446 0.999652087688446 53.19268035888672
0.999610185623169 0.013624737039208412 -0.024369103834033012 -1.7789438962936401 -0.013920600526034832 0.9998309016227722 -0.012012656778097153 -1.241459608078003 0.02420131303369999 0.012347206473350525 0.999630868434906 54.27321243286133
0.999626636505127 0.011813037097454071 -0.02463660202920437 -1.7993909120559692 -0.012150127440690994 0.9998340010643005 -0.013578017242252827 -1.2749321460723877 0.02447211556136608 0.013872284442186356 0.9996042847633362 55.363502502441406
0.9996494650840759 0.010283316485583782 -0.024393923580646515 -1.8284157514572144 -0.010557073168456554 0.9998824000358582 -0.011120270937681198 -1.3066307306289673 0.024276698008179665 0.01137390173971653 0.9996405839920044 56.449825286865234
0.999664843082428 0.00901106372475624 -0.024269571527838707 -1.8561785221099854 -0.009140018373727798 0.9999447464942932 -0.005207762122154236 -1.333709478378296 0.024221299216151237 0.005427840165793896 0.999691903591156 57.54408645629883
0.999687135219574 0.007336026523262262 -0.023913754150271416 -1.8842384815216064 -0.007328128907829523 0.9999730587005615 0.00041787087684497237 -1.350746750831604 0.023916179314255714 -0.00024249692796729505 0.9997139573097229 58.64485168457031
0.9996935129165649 0.00564797455444932 -0.02410149946808815 -1.9100053310394287 -0.005626457743346691 0.9999836683273315 0.0009604524821043015 -1.3675267696380615 0.024106532335281372 -0.0008245520875789225 0.9997090697288513 59.73712158203125
0.9997180700302124 0.0025418999139219522 -0.02360648848116398 -1.9385651350021362 -0.002591501222923398 0.9999944567680359 -0.002070835791528225 -1.3848803043365479 0.023601096123456955 0.002131428336724639 0.9997192025184631 60.82553482055664
0.9997223019599915 0.0009130233083851635 -0.02354605868458748 -1.9675875902175903 -0.0010366152273491025 0.9999857544898987 -0.005237274803221226 -1.4079627990722656 0.02354094199836254 0.005260230042040348 0.9997089505195618 61.91798782348633
0.9997147917747498 0.0029835784807801247 -0.023694803938269615 -2.0014147758483887 -0.0032043762039393187 0.9999517202377319 -0.009285896085202694 -1.4335079193115234 0.023665959015488625 0.009359175339341164 0.9996760487556458 63.0042839050293
0.999722957611084 0.003298727562651038 -0.023304805159568787 -2.0328476428985596 -0.0036139811854809523 0.9999023675918579 -0.013498270884156227 -1.461249589920044 0.02325800247490406 0.013578753918409348 0.999637246131897 64.0864486694336
0.9997221231460571 0.005987952928990126 -0.022801095619797707 -2.0638670921325684 -0.006306164897978306 0.9998832941055298 -0.013909774832427502 -1.4944095611572266 0.022715145722031593 0.014049695804715157 0.9996432662010193 65.18890380859375
0.9997099041938782 0.010040541179478168 -0.021893396973609924 -2.1063079833984375 -0.01026960089802742 0.9998934268951416 -0.010375285521149635 -1.526932716369629 0.021786894649267197 0.010597110725939274 0.9997064471244812 66.3010482788086
0.9997026920318604 0.011379783973097801 -0.02156204544007778 -2.140657424926758 -0.0115578044205904 0.9998999834060669 -0.008149644359946251 -1.5538179874420166 0.021467147395014763 0.008396431803703308 0.9997342228889465 67.3935775756836
0.9997115135192871 0.01031522173434496 -0.02169029600918293 -2.1639626026153564 -0.010475524701178074 0.9999184608459473 -0.007290031295269728 -1.581407904624939 0.021613331511616707 0.0075151436030864716 0.9997381567955017 68.49018859863281
0.9997199773788452 0.00963823962956667 -0.0216168574988842 -2.1962766647338867 -0.009786746464669704 0.9999290704727173 -0.006774737499654293 -1.6082649230957031 0.021550031378865242 0.006984397768974304 0.9997434020042419 69.60895538330078
0.9997231364250183 0.008548340760171413 -0.021922947838902473 -2.2216951847076416 -0.008663377724587917 0.9999490976333618 -0.005157778039574623 -1.6371657848358154 0.021877741441130638 0.005346274934709072 0.9997464418411255 70.70335388183594
0.9997259378433228 0.006812731269747019 -0.022395800799131393 -2.2478580474853516 -0.006887537427246571 0.9999709129333496 -0.0032647522166371346 -1.6602598428726196 0.022372907027602196 0.0034181098453700542 0.9997438192367554 71.80025482177734
0.999718189239502 0.006036490201950073 -0.02295931987464428 -2.2787108421325684 -0.006070765666663647 0.9999805688858032 -0.0014234704431146383 -1.6891961097717285 0.02295028418302536 0.0015624494990333915 0.9997353553771973 72.90089416503906
0.9997183680534363 0.005402459297329187 -0.02310808375477791 -2.3131792545318604 -0.0054548876360058784 0.9999827146530151 -0.0022063960786908865 -1.7175222635269165 0.023095764219760895 0.002331826835870743 0.9997305274009705 73.98942565917969
0.9996984601020813 0.0052446904592216015 -0.023988453671336174 -2.336364507675171 -0.00540080014616251 0.999964714050293 -0.006447604391723871 -1.7382069826126099 0.023953791707754135 0.006575217470526695 0.9996914863586426 75.05941772460938
0.9996732473373413 0.006026444956660271 -0.024845071136951447 -2.367445707321167 -0.006239269860088825 0.9999444484710693 -0.008497445844113827 -1.7659826278686523 0.024792484939098358 0.008649683557450771 0.9996551871299744 76.16181182861328
0.99964439868927 0.008035728707909584 -0.025425413623452187 -2.401378631591797 -0.008207574486732483 0.9999441504478455 -0.006661694496870041 -1.790016531944275 0.025370460003614426 0.006868005730211735 0.9996545314788818 77.24598693847656
0.9996242523193359 0.00894508883357048 -0.025910016149282455 -2.4376068115234375 -0.009016324765980244 0.9999560117721558 -0.0026338824536651373 -1.8132951259613037 0.025885317474603653 0.0028665061108767986 0.9996607899665833 78.3379898071289
0.9995999932289124 0.010255604982376099 -0.026355627924203873 -2.4749183654785156 -0.010224615223705769 0.9999468326568604 0.0013103240635246038 -1.8338172435760498 0.026367660611867905 -0.0010403236374258995 0.9996517896652222 79.41043853759766
0.9995691776275635 0.011275594122707844 -0.027096088975667953 -2.5098581314086914 -0.011222884058952332 0.9999348521232605 0.0020965503063052893 -1.857916235923767 0.027117960155010223 -0.0017915507778525352 0.9996306896209717 80.49407196044922
0.9995642304420471 0.010823246091604233 -0.02746274508535862 -2.5506606101989746 -0.010819057002663612 0.9999414086341858 0.0003010631480719894 -1.8856650590896606 0.027464400976896286 -3.8106745705590583e-06 0.9996227622032166 81.55391693115234
0.9995585083961487 0.010781739838421345 -0.027686946094036102 -2.588979482650757 -0.01079585961997509 0.9999416470527649 -0.0003605156671255827 -1.903743028640747 0.027681447565555573 0.0006592607824131846 0.9996165633201599 82.61959075927734
0.9995443820953369 0.01064051128923893 -0.028247732669115067 -2.624418258666992 -0.010667186230421066 0.9999428391456604 -0.0007937927730381489 -1.9219119548797607 0.02823767252266407 0.0010947547852993011 0.9996006488800049 83.67971801757812
0.9995224475860596 0.008967501111328602 -0.029571305960416794 -2.6485695838928223 -0.008983158506453037 0.9999595880508423 -0.00039668052340857685 -1.945652723312378 0.02956654503941536 0.000662134843878448 0.9995626211166382 84.71115112304688
0.9995221495628357 0.007809626869857311 -0.029907800257205963 -2.685138702392578 -0.007796515244990587 0.999969482421875 0.0005549867637455463 -1.9595133066177368 0.029911214485764503 -0.0003215449978597462 0.9995524883270264 85.73316192626953
0.9995008707046509 0.007838370278477669 -0.03060406632721424 -2.718928098678589 -0.007729038130491972 0.9999632835388184 0.003689135191962123 -1.986964225769043 0.030631858855485916 -0.003450754564255476 0.9995247721672058 86.74480438232422
0.9994820952415466 0.006933245807886124 -0.03142460063099861 -2.7560720443725586 -0.006788607221096754 0.9999659061431885 0.004707104992121458 -2.0090551376342773 0.03145616874098778 -0.004491338040679693 0.9994950294494629 87.73143005371094
0.999422550201416 0.005670481361448765 -0.03350342810153961 -2.792891025543213 -0.005501552950590849 0.9999716877937317 0.005132170859724283 -2.026460886001587 0.03353158012032509 -0.004944886080920696 0.99942547082901 88.68594360351562
0.9993109107017517 0.005056288093328476 -0.0367719791829586 -2.833617687225342 -0.004908589646220207 0.9999796152114868 0.004105768166482449 -2.047532558441162 0.03679198399186134 -0.003922440577298403 0.9993152618408203 89.62800598144531
0.9991718530654907 0.0047764102928340435 -0.040407758206129074 -2.86908221244812 -0.004648198373615742 0.9999838471412659 0.003266307758167386 -2.0630650520324707 0.0404227115213871 -0.0030757796484977007 0.999177873134613 90.55567169189453
0.9990511536598206 0.00444231741130352 -0.04332435876131058 -2.9136838912963867 -0.004285217262804508 0.9999838471412659 0.003718336345627904 -2.0802719593048096 0.043340180069208145 -0.0035291542299091816 0.9990540742874146 91.4469223022461
0.9989059567451477 0.005791312549263239 -0.046402789652347565 -2.962556838989258 -0.005578530952334404 0.9999732971191406 0.004713715054094791 -2.09794545173645 0.046428851783275604 -0.0044496990740299225 0.9989116787910461 92.31660461425781
0.9987478852272034 0.006352633703500032 -0.049621786922216415 -3.010009527206421 -0.006070462055504322 0.9999645352363586 0.005835081450641155 -2.115480661392212 0.049657102674245834 -0.005526547320187092 0.9987510442733765 93.1610107421875
0.9985753893852234 0.007731408346444368 -0.05279652401804924 -3.056997776031494 -0.007362589240074158 0.999947190284729 0.007176609244197607 -2.1273858547210693 0.05284922197461128 -0.006777666509151459 0.9985795021057129 93.97693634033203
0.9984466433525085 0.009065451100468636 -0.05497293919324875 -3.115868330001831 -0.008630577474832535 0.9999296069145203 0.008142917416989803 -2.1433749198913574 0.05504288896918297 -0.007655821740627289 0.9984545707702637 94.76606750488281
0.9982678890228271 0.011068293824791908 -0.05778248608112335 -3.1631789207458496 -0.010589022189378738 0.9999070167541504 0.008594047278165817 -2.156543493270874 0.057872239500284195 -0.007967301644384861 0.9982921481132507 95.53143310546875
0.9980844855308533 0.012628152966499329 -0.0605638325214386 -3.2103140354156494 -0.012187215499579906 0.9998965263366699 0.007644417695701122 -2.1732265949249268 0.06065409630537033 -0.006891669239848852 0.9981350302696228 96.25965881347656
0.9979161024093628 0.014308218844234943 -0.06291716545820236 -3.2721683979034424 -0.014087142422795296 0.9998929500579834 0.003955972846597433 -2.1899728775024414 0.06296702474355698 -0.0030614063143730164 0.9980109333992004 96.953369140625
0.9977170825004578 0.016754668205976486 -0.06542059779167175 -3.3266634941101074 -0.016763905063271523 0.9998593926429749 0.0004077441990375519 -2.205275058746338 0.06541822850704193 0.0006898918654769659 0.9978577494621277 97.61795043945312
0.9975494146347046 0.018714062869548798 -0.06741645932197571 -3.3851475715637207 -0.018916253000497818 0.9998182058334351 -0.0023619397543370724 -2.2181222438812256 0.06736001372337341 0.0036314185708761215 0.9977220892906189 98.27082061767578
0.9974529147148132 0.020443618297576904 -0.06833455711603165 -3.433464527130127 -0.02071288414299488 0.9997801780700684 -0.0032341303303837776 -2.234802484512329 0.06825342774391174 0.004641298670321703 0.9976571798324585 98.8880844116211
0.9974541664123535 0.02275572530925274 -0.06758186221122742 -3.46943998336792 -0.022987091913819313 0.999732255935669 -0.00264767836779356 -2.2532765865325928 0.06750353425741196 0.004194448236376047 0.9977102279663086 99.46493530273438
0.9975817203521729 0.026839163154363632 -0.06411218643188477 -3.5201306343078613 -0.02696307748556137 0.9996358752250671 -0.0010681950952857733 -2.268606424331665 0.06406018137931824 0.0027942736633121967 0.9979421496391296 100.02899169921875
0.9978445768356323 0.029302889481186867 -0.05871529504656792 -3.554575204849243 -0.029339216649532318 0.9995694160461426 0.00024345843121409416 -2.2801363468170166 0.05869714915752411 0.00147972721606493 0.9982748031616211 100.57089233398438
0.9982255697250366 0.030110742896795273 -0.051370978355407715 -3.579403877258301 -0.03000766970217228 0.9995457530021667 0.0027767173014581203 -2.3007736206054688 0.05143124610185623 -0.0012302673421800137 0.9986758232116699 101.09019470214844
0.9986782670021057 0.029984619468450546 -0.041744984686374664 -3.597409248352051 -0.02979871816933155 0.9995430111885071 0.0050686136819422245 -2.3111114501953125 0.04187789559364319 -0.0038179676048457623 0.9991154670715332 101.59644317626953
0.9991117119789124 0.02956918068230152 -0.03002680465579033 -3.604203701019287 -0.029403263702988625 0.9995498061180115 0.005952472798526287 -2.3180277347564697 0.03018929809331894 -0.005064298398792744 0.9995315074920654 102.07901000976562
0.9994508028030396 0.028543397784233093 -0.01682955212891102 -3.600027084350586 -0.0284416526556015 0.9995758533477783 0.0062543065287172794 -2.332327127456665 0.01700093224644661 -0.005772211588919163 0.9998388290405273 102.53164672851562
0.9995920658111572 0.028507445007562637 -0.001708749681711197 -3.590553045272827 -0.028497900813817978 0.9995794296264648 0.005371182691305876 -2.342170000076294 0.0018611475825309753 -0.005320297088474035 0.999984085559845 102.96910095214844
0.9995033144950867 0.026971004903316498 0.016293160617351532 -3.5723087787628174 -0.02701306715607643 0.9996324181556702 0.0023672396782785654 -2.3531506061553955 -0.016223320737481117 -0.002806192496791482 0.9998645186424255 103.3938217163086
0.9989408254623413 0.026698436588048935 0.03747526556253433 -3.5396523475646973 -0.026635991409420967 0.9996429681777954 -0.0021647163666784763 -2.3669052124023438 -0.037519682198762894 0.0011642328463494778 0.9992952346801758 103.8019027709961
0.9977849125862122 0.024544280022382736 0.061828821897506714 -3.494169235229492 -0.024157781153917313 0.9996837973594666 -0.006991040892899036 -2.3772189617156982 -0.06198086589574814 0.005481908097863197 0.9980623126029968 104.20963287353516
0.99576735496521 0.022561989724636078 0.08909690380096436 -3.436354637145996 -0.02175004966557026 0.9997126460075378 -0.010073460638523102 -2.3843960762023926 -0.08929859101772308 0.008092962205410004 0.9959720969200134 104.61077880859375
0.9927298426628113 0.019674789160490036 0.1187443733215332 -3.356973648071289 -0.0184848140925169 0.9997674226760864 -0.011114496737718582 -2.398773670196533 -0.11893542110919952 0.00883872527629137 0.9928627014160156 105.00401306152344
0.9883018732070923 0.017474953085184097 0.15150561928749084 -3.277078628540039 -0.015631891787052155 0.999788761138916 -0.013347556814551353 -2.4086852073669434 -0.15170685946941376 0.010823093354701996 0.9883663058280945 105.38668823242188
0.982265830039978 0.01411871612071991 0.1869613379240036 -3.183931350708008 -0.01159245241433382 0.999826192855835 -0.014598705805838108 -2.43015718460083 -0.18713495135307312 0.01217246800661087 0.9822587370872498 105.71788024902344
0.9741979837417603 0.011153154075145721 0.2254192978143692 -3.0640125274658203 -0.00797535851597786 0.9998555779457092 -0.015003002248704433 -2.444547653198242 -0.22555406391620636 0.012818094342947006 0.9741463661193848 106.08150482177734
0.964060366153717 0.008651165291666985 0.2655427157878876 -2.9385242462158203 -0.004596705548465252 0.99986332654953 -0.01588626019656658 -2.4599056243896484 -0.265643835067749 0.014094691723585129 0.9639681577682495 106.43240356445312
0.9516117572784424 0.009509901516139507 0.3071557283401489 -2.8018836975097656 -0.004548932891339064 0.9998474717140198 -0.01686321198940277 -2.477390766143799 -0.30726927518844604 0.014650000259280205 0.9515098333358765 106.76510620117188
0.9360768795013428 0.01164655014872551 0.35160261392593384 -2.6675567626953125 -0.005864124745130539 0.9998296499252319 -0.017506388947367668 -2.4883832931518555 -0.3517466187477112 0.01432548463344574 0.9359856247901917 107.07217407226562
0.9179162383079529 0.012225541286170483 0.39658600091934204 -2.4978981018066406 -0.006185698322951794 0.9998447299003601 -0.016505099833011627 -2.4982986450195312 -0.39672619104385376 0.012697136960923672 0.9178491234779358 107.39947509765625
0.8972073793411255 0.011161701753735542 0.4414685070514679 -2.3159027099609375 -0.004839022643864155 0.9998689889907837 -0.015445349738001823 -2.5099234580993652 -0.4415830671787262 0.011721404269337654 0.8971438407897949 107.7105712890625
0.8739271759986877 0.01000495720654726 0.4859539270401001 -2.124713897705078 -0.0025890441611409187 0.9998697638511658 -0.015929533168673515 -2.523085117340088 -0.486050009727478 0.012663095258176327 0.873839259147644 107.98196411132812
0.8490813374519348 0.011274090968072414 0.5281418561935425 -1.8934860229492188 -0.0013967109844088554 0.9998167157173157 -0.019097331911325455 -2.529480218887329 -0.528260350227356 0.015477524138987064 0.8489413857460022 108.26719665527344
0.8211924433708191 0.013030045665800571 0.5705026388168335 -1.6693458557128906 -0.0007573263719677925 0.9997633695602417 -0.021744072437286377 -2.5557847023010254 -0.5706509351730347 0.01742401160299778 0.8210078477859497 108.53630065917969
0.7905029058456421 0.016766458749771118 0.6122287511825562 -1.4295539855957031 -0.0011332751018926501 0.9996635317802429 -0.025913450866937637 -2.574195384979248 -0.6124572157859802 0.019790835678577423 0.7902559638023376 108.8011245727539
0.7561060786247253 0.023121638223528862 0.6540404558181763 -1.1785774230957031 -0.004740710835903883 0.9995430111885071 -0.02985532581806183 -2.586606979370117 -0.6544318199157715 0.019473178312182426 0.7558702230453491 109.05781555175781
0.7183756828308105 0.027804173529148102 0.6950995326042175 -0.9066429138183594 -0.006740345619618893 0.9994322061538696 -0.03301151096820831 -2.594597816467285 -0.6956226825714111 0.01902945712208748 0.7181552052497864 109.30540466308594
0.6788672208786011 0.028203899040818214 0.7337192296981812 -0.6113548278808594 -0.004741624463349581 0.999409556388855 -0.03402978926897049 -2.6096038818359375 -0.734245777130127 0.019622687250375748 0.678600013256073 109.52941131591797
0.6381768584251404 0.02535000629723072 0.7694723010063171 -0.2971382141113281 -0.00016848230734467506 0.9994623064994812 -0.03278721496462822 -2.621886730194092 -0.769889771938324 0.020794400945305824 0.6378379464149475 109.72222900390625
0.5939649939537048 0.023595280945301056 0.8041448593139648 0.028911590576171875 0.0014187837950885296 0.9995375871658325 -0.030376460403203964 -2.628469228744507 -0.8044897317886353 0.019183464348316193 0.5936567783355713 109.92074584960938
0.5481451153755188 0.02207191102206707 0.8360918164253235 0.3570098876953125 0.0023054240737110376 0.999608039855957 -0.027900006622076035 -2.645686388015747 -0.8363800644874573 0.01722079887986183 0.5478795170783997 110.07337951660156
0.4999242424964905 0.019552722573280334 0.8658483028411865 0.7153587341308594 0.004199769347906113 0.9996786713600159 -0.024999765679240227 -2.6559014320373535 -0.866058886051178 0.01613435335457325 0.4996814727783203 110.23682403564453
0.4489935040473938 0.015878353267908096 0.893393874168396 1.0880470275878906 0.007364955265074968 0.999742329120636 -0.021469902247190475 -2.664807081222534 -0.8935046792030334 0.016219651326537132 0.44876089692115784 110.38475036621094
0.3964320421218872 0.01575528085231781 0.9179288744926453 1.4461593627929688 0.003937042783945799 0.9998143911361694 -0.0188610777258873 -2.6914634704589844 -0.9180555939674377 0.011091060005128384 0.39629650115966797 110.51376342773438
0.34509262442588806 0.021167045459151268 0.9383299350738525 1.8416481018066406 0.00026046857237815857 0.9997434020042419 -0.022648222744464874 -2.697094440460205 -0.9385685920715332 0.008060138672590256 0.3449985980987549 110.63340759277344
0.29436904191970825 0.026264473795890808 0.9553307890892029 2.2304344177246094 -0.001190949697047472 0.9996315836906433 -0.02711544930934906 -2.718435764312744 -0.9556910991668701 0.006844197399914265 0.2942918539047241 110.72673034667969
0.24764204025268555 0.028351958841085434 0.9684367179870605 2.6381797790527344 0.0005960245616734028 0.9995670318603516 -0.02941574528813362 -2.7314453125 -0.9688513875007629 0.007861788384616375 0.24751800298690796 110.7961654663086
0.2065807580947876 0.028091488406062126 0.9780261516571045 3.057863235473633 0.007478397339582443 0.9995132684707642 -0.030288252979516983 -2.748856544494629 -0.9784009456634521 0.013571037910878658 0.20627012848854065 110.84208679199219
0.17141175270080566 0.027887817472219467 0.984804630279541 3.4914608001708984 0.016278035938739777 0.9993826746940613 -0.03113394044339657 -2.7603859901428223 -0.9850649833679199 0.021367410197854042 0.17085206508636475 110.87859344482422
0.14094699919223785 0.029181867837905884 0.9895868897438049 3.947808265686035 0.02054848149418831 0.9992640018463135 -0.03239394724369049 -2.775507926940918 -0.9898037910461426 0.02490033395588398 0.14024357497692108 110.9129409790039
0.1126476377248764 0.02721964567899704 0.9932621121406555 4.420419692993164 0.018722351640462875 0.9993890523910522 -0.02951088547706604 -2.7976880073547363 -0.99345862865448 0.02192053198814392 0.11206923425197601 110.9582748413086
0.08718837797641754 0.024007460102438927 0.9959025382995605 4.9336137771606445 0.012598569504916668 0.9996029734611511 -0.025199636816978455 -2.810319662094116 -0.9961121082305908 0.014744061045348644 0.0868513286113739 111.00397491455078
0.06357494741678238 0.020104948431253433 0.9977744817733765 5.404109477996826 0.007214128039777279 0.999761700630188 -0.020604651421308517 -2.8280773162841797 -0.9979509115219116 0.008508013561367989 0.06341476738452911 111.02657318115234
0.040944069623947144 0.01756550930440426 0.9990071058273315 5.929306983947754 0.01145157590508461 0.9997715353965759 -0.018048293888568878 -2.8482003211975098 -0.9990957379341125 0.012179175391793251 0.04073355719447136 111.0302963256836
0.02074488252401352 0.018459439277648926 0.999614417552948 6.466449737548828 0.019046636298298836 0.9996407628059387 -0.018855199217796326 -2.8647661209106445 -0.9996033310890198 0.019430438056588173 0.02038583531975746 111.01356506347656
0.003477293998003006 0.0209648534655571 0.9997742176055908 7.01888370513916 0.024159550666809082 0.9994866251945496 -0.021042857319116592 -2.881991386413574 -0.9997020363807678 0.024227267131209373 0.0029689930379390717 110.99354553222656
-0.011527322232723236 0.02605661004781723 0.9995940327644348 7.6249003410339355 0.023200498893857002 0.9993982911109924 -0.0257839635014534 -2.903374433517456 -0.999664306640625 0.022893859073519707 -0.012124910950660706 111.00190734863281
-0.02173098549246788 0.030979271978139877 0.9992837309837341 8.225043296813965 0.022236822172999382 0.999287486076355 -0.030495813116431236 -2.908764123916626 -0.999516487121582 0.021558189764618874 -0.022404378280043602 110.97884368896484
-0.028397604823112488 0.03053869679570198 0.999130129814148 8.844534873962402 0.024134496226906776 0.999262809753418 -0.029856795445084572 -2.92881178855896 -0.999305248260498 0.023265641182661057 -0.029113704338669777 110.96053314208984
-0.031027410179376602 0.027838731184601784 0.9991307854652405 9.494324684143066 0.030684543773531914 0.9991674423217773 -0.02688686177134514 -2.94412899017334 -0.9990473985671997 0.02982364222407341 -0.03185579553246498 110.93795013427734
-0.030580423772335052 0.025840386748313904 0.9991981983184814 10.141824722290039 0.031338222324848175 0.9991990923881531 -0.024881305173039436 -2.974172353744507 -0.999040961265564 0.0305522121489048 -0.03136571869254112 110.91161346435547
-0.028088057413697243 0.025517523288726807 0.9992796778678894 10.832767486572266 0.030374638736248016 0.9992342591285706 -0.02466258406639099 -2.997859239578247 -0.9991439580917358 0.02966003678739071 -0.02884163148701191 110.88812255859375
-0.026636119931936264 0.02602655440568924 0.9993062615394592 11.518214225769043 0.027245018631219864 0.9993084669113159 -0.025300407782197 -3.0172739028930664 -0.9992738366127014 0.026552215218544006 -0.02732679434120655 110.87612915039062
-0.02554663084447384 0.027198944240808487 0.9993035197257996 12.226861000061035 0.026186132803559303 0.999305009841919 -0.026529550552368164 -3.037353038787842 -0.9993305206298828 0.025490157306194305 -0.026241110637784004 110.86810302734375
-0.024556605145335197 0.028020815923810005 0.9993056654930115 12.959908485412598 0.025718046352267265 0.9992939233779907 -0.027388503775000572 -3.0651421546936035 -0.9993675351142883 0.025027621537446976 -0.025259902700781822 110.85110473632812
-0.02402683161199093 0.027671877294778824 0.9993282556533813 13.709660530090332 0.024895980954170227 0.999323308467865 -0.027073167264461517 -3.0878336429595947 -0.9994012713432312 0.02422877587378025 -0.024699492380023003 110.84381866455078
