1.0 -3.6109865959588205e-06 -2.27148188969295e-06 5.921102001593681e-06 3.610984776969417e-06 1.0 -8.136403835123929e-07 2.0376571683300426e-06 2.271484845550731e-06 8.136321980600769e-07 1.0 3.9843959598329093e-07
0.9999973177909851 0.0010254388907924294 0.002083313651382923 -0.009835589677095413 -0.0010232178028672934 0.999998927116394 -0.001066914526745677 -0.016901986673474312 -0.002084405394271016 0.0010647800518199801 0.9999972581863403 1.2062487602233887
0.9999881386756897 0.0013407975202426314 0.004668208304792643 -0.034089140594005585 -0.0013353414833545685 0.9999983906745911 -0.001171683892607689 -0.031114952638745308 -0.004669771995395422 0.0011654364643618464 0.9999883770942688 2.419546604156494
0.9999827742576599 0.0009531082469038665 0.005792176350951195 -0.03425277769565582 -0.0009479901636950672 0.9999992847442627 -0.0008862832910381258 -0.0503586046397686 -0.005793016403913498 0.0008807772537693381 0.9999828338623047 3.6176347732543945
0.9999768733978271 0.0007943064556457102 0.006755026523023844 -0.03168049827218056 -0.0007874586735852063 0.9999992251396179 -0.0010163121623918414 -0.07060358673334122 -0.0067558279260993 0.001010969397611916 0.999976634979248 4.810883045196533
0.9999761581420898 0.0005533304065465927 0.006884478498250246 -0.02198491245508194 -0.0005485077854245901 0.9999995827674866 -0.0007023781654424965 -0.09536239504814148 -0.006884864531457424 0.0006985851796343923 0.9999760389328003 6.028961181640625
0.9999710917472839 0.0008037816733121872 0.007556714583188295 -0.0156564824283123 -0.00079150969395414 0.9999983310699463 -0.0016268381150439382 -0.11802302300930023 -0.0075580100528895855 0.001620809780433774 0.9999700784683228 7.228036403656006
0.9999644756317139 0.0006870724610053003 0.008400464430451393 -0.017586253583431244 -0.0006716661155223846 0.9999980330467224 -0.0018367033917456865 -0.14190810918807983 -0.008401711471378803 0.0018309958977624774 0.9999629855155945 8.4259614944458
0.9999620914459229 0.0004276198160368949 0.008697881363332272 -0.017798416316509247 -0.0004239036643411964 0.9999998211860657 -0.0004290879296604544 -0.1645466834306717 -0.008698062971234322 0.0004253846127539873 0.9999620914459229 9.631729125976562
0.9999725818634033 -5.3772331739310175e-05 0.007401923183351755 -0.015120446681976318 4.8267378588207066e-05 0.9999996423721313 0.0007439008331857622 -0.18902155756950378 -0.007401960901916027 -0.0007435231818817556 0.9999723434448242 10.829544067382812
0.999986469745636 -0.0016430302057415247 0.004934239201247692 -0.018391922116279602 0.0016421793261542916 0.9999986290931702 0.00017650003428570926 -0.21269109845161438 -0.004934521857649088 -0.00016839463205542415 0.9999878406524658 12.038676261901855
0.9999940991401672 -0.0013011933770030737 0.0031670609023422003 -0.02534043788909912 0.0013025247026234865 0.9999990463256836 -0.0004183459677733481 -0.22930070757865906 -0.00316651351749897 0.0004224686708766967 0.9999949336051941 13.233823776245117
0.9999976754188538 -0.0014045252464711666 0.0016668455209583044 -0.024287940934300423 0.0014052543556317687 0.9999988675117493 -0.00043643428944051266 -0.2547731399536133 -0.0016662308480590582 0.00043877551797777414 0.9999985098838806 14.432178497314453
0.9999992251396179 0.00010217903763987124 0.0012228550622239709 -0.039349645376205444 -0.00010154206393053755 0.9999998807907104 -0.0005208961665630341 -0.27876347303390503 -0.001222908147610724 0.0005207716021686792 0.9999991059303284 15.637405395507812
0.9999996423721313 -0.0001211884300573729 0.0007887693354859948 -0.04556812345981598 0.00012163692736066878 0.9999998807907104 -0.0005684947827830911 -0.29812905192375183 -0.0007887003594078124 0.0005685905925929546 0.9999995231628418 16.83865737915039
0.9999995231628418 -0.0010013867868110538 -0.00017884187400341034 -0.04629003629088402 0.0010013520950451493 0.9999995231628418 -0.0001937118940986693 -0.31792575120925903 0.00017903570551425219 0.00019353270181454718 1.0 18.02707862854004
0.9999996423721313 -0.0007078158669173717 -0.0004820671456400305 -0.05448099598288536 0.0007079349597916007 0.9999996423721313 0.00024727245909161866 -0.34421488642692566 0.00048189173685386777 -0.00024761384702287614 0.9999998807907104 19.2279052734375
0.9999988079071045 -0.00045090928324498236 -0.0014922023983672261 -0.06018880754709244 0.00045021489495411515 0.9999998211860657 -0.00046576542081311345 -0.3686210513114929 0.00149241229519248 0.00046509309322573245 0.9999988079071045 20.425565719604492
0.9999988675117493 -0.0007543069077655673 -0.00123749696649611 -0.08232402801513672 0.0007523751701228321 0.9999985098838806 -0.001560952514410019 -0.3919645845890045 0.0012386725284159184 0.0015600199112668633 0.9999979734420776 21.62872886657715
0.9999977946281433 0.0004934428143315017 -0.0020374886225908995 -0.08880989253520966 -0.0004954925971105695 0.9999994039535522 -0.0010056134779006243 -0.41229695081710815 0.002036991063505411 0.0010066208196803927 0.9999974966049194 22.825878143310547
0.9999969601631165 -4.948840432916768e-05 -0.0024700439535081387 -0.10610482096672058 4.66138226329349e-05 0.9999993443489075 -0.001163866021670401 -0.437590628862381 0.002470100997015834 0.0011637472780421376 0.9999962449073792 23.996946334838867
0.9999940991401672 3.64315346814692e-05 -0.003445602720603347 -0.11681771278381348 -4.2199346353299916e-05 0.9999986290931702 -0.0016739461570978165 -0.4609994888305664 0.00344553729519248 0.0016740814317017794 0.9999927282333374 25.19244384765625
0.9999898672103882 0.00028693664353340864 -0.004492223262786865 -0.12264320999383926 -0.0002901937405113131 0.9999997019767761 -0.0007244314765557647 -0.4914538562297821 0.004492013715207577 0.0007257277611643076 0.9999896287918091 26.377239227294922
0.9999856352806091 -0.0013240553671494126 -0.005182936787605286 -0.13420504331588745 0.0013288863701745868 0.9999986290931702 0.0009286825079470873 -0.5110896229743958 0.005181699525564909 -0.000935556716285646 0.9999861121177673 27.578157424926758
0.9999807476997375 -0.0011734749423339963 -0.006086053792387247 -0.14655445516109467 0.0011772927828133106 0.9999990463256836 0.0006237761699594557 -0.5297918319702148 0.006085316650569439 -0.0006309293094091117 0.9999812245368958 28.778337478637695
0.9999754428863525 -0.0017671091482043266 -0.0067827776074409485 -0.1564953327178955 0.0017680954188108444 0.9999983906745911 0.00013945515092927963 -0.5566250681877136 0.006782520562410355 -0.00015144454664550722 0.9999769926071167 29.925987243652344
0.9999662041664124 -0.002378843491896987 -0.007867665961384773 -0.16610106825828552 0.0023733717389404774 0.9999969601631165 -0.0007047253893688321 -0.5796741843223572 0.00786931999027729 0.0006860286230221391 0.9999688267707825 31.121089935302734
0.9999646544456482 -0.0012751104077324271 -0.008300474844872952 -0.1857166290283203 0.0012700404040515423 0.9999989867210388 -0.000616071280092001 -0.6029857993125916 0.008301250636577606 0.0006055075791664422 0.9999653697013855 32.30519104003906
0.9999571442604065 -0.0017926391446962953 -0.00907962303608656 -0.1962900608778 0.0017918397206813097 0.9999983310699463 -9.61864207056351e-05 -0.6250330805778503 0.009079779498279095 7.991294842213392e-05 0.9999587535858154 33.500797271728516
0.9999516606330872 -0.002072724513709545 -0.009609974920749664 -0.21224692463874817 0.0020734320860356092 0.9999979138374329 6.365261651808396e-05 -0.6457216739654541 0.009609822183847427 -8.357502520084381e-05 0.9999537467956543 34.68991470336914
0.9999430775642395 -0.0029805395752191544 -0.010242214426398277 -0.22757963836193085 0.002984538907185197 0.9999954700469971 0.00037516033626161516 -0.673866868019104 0.010241052135825157 -0.00040570751298218966 0.9999474883079529 35.8814697265625
0.9999393224716187 -0.002846944145858288 -0.010634912177920341 -0.2477332353591919 0.00284861889667809 0.9999958872795105 0.00014233779802452773 -0.6918780207633972 0.010634464211761951 -0.00017262401524931192 0.9999434351921082 37.0864372253418
0.9999349117279053 -0.003709335345774889 -0.010789531283080578 -0.26395463943481445 0.003721400862559676 0.9999924898147583 0.0010983034735545516 -0.7226182222366333 0.010785375721752644 -0.0011383843375369906 0.9999411702156067 38.251590728759766
0.9999352693557739 -0.0034509252291172743 -0.0108331348747015 -0.2741863429546356 0.0034756490495055914 0.9999914765357971 0.002264273352921009 -0.7369322180747986 0.010825226083397865 -0.0023017795756459236 0.9999387264251709 39.45576477050781
0.9999375939369202 -0.002612971467897296 -0.010861551389098167 -0.295060396194458 0.0026459002401679754 0.9999919533729553 0.0030183615162968636 -0.7575050592422485 0.01085357554256916 -0.003046911209821701 0.9999364614486694 40.660797119140625
0.999937117099762 -0.001996546285226941 -0.01103035919368267 -0.30876147747039795 0.002025073627009988 0.9999946355819702 0.0025756708346307278 -0.7713090181350708 0.011025157757103443 -0.002597845857962966 0.9999358654022217 41.85697555541992
0.9999384880065918 -0.001117791747674346 -0.011032146401703358 -0.32383042573928833 0.001144260517321527 0.999996542930603 0.002393170725554228 -0.7859260439872742 0.011029430665075779 -0.0024056474212557077 0.9999362826347351 43.04877853393555
0.9999449849128723 0.0012894278625026345 -0.010408325120806694 -0.3455503284931183 -0.0012433197116479278 0.9999894499778748 0.0044352211989462376 -0.802603006362915 0.010413932614028454 -0.004422036465257406 0.9999359846115112 44.27021789550781
0.9999637007713318 0.001435680314898491 -0.008389837108552456 -0.367590069770813 -0.0013745867181569338 0.9999724626541138 0.007283089682459831 -0.8178845643997192 0.00840006209909916 -0.0072712949477136135 0.9999383091926575 45.454307556152344
0.999976634979248 0.0018423290457576513 -0.006579820066690445 -0.3870297372341156 -0.00177704356610775 0.9999492168426514 0.009914197027683258 -0.8272868394851685 0.006597751285880804 -0.009902271442115307 0.9999292492866516 46.65201950073242
0.9999821186065674 0.002592578064650297 -0.005379852838814259 -0.3886340856552124 -0.0025191029999405146 0.9999040961265564 0.013619540259242058 -0.8369134068489075 0.0054146479815244675 -0.013605745509266853 0.9998927712440491 47.853267669677734
0.9999924898147583 0.002380597870796919 -0.0030494495294988155 -0.42063724994659424 -0.00233610812574625 0.9998919367790222 0.014510884881019592 -0.8365827202796936 0.0030836646910756826 -0.01450365036725998 0.9998900890350342 49.070281982421875
0.9999985098838806 0.0005412872415035963 -0.0016063738148659468 -0.4241962134838104 -0.0005204176995903254 0.9999158382415771 0.01296374760568142 -0.8389543294906616 0.0016132554737851024 -0.012962890788912773 0.9999147653579712 50.28095245361328
0.9999988079071045 0.0014980154810473323 -0.00034044100902974606 -0.4317276179790497 -0.001494112890213728 0.9999362826347351 0.011187470518052578 -0.8439693450927734 0.0003571778070181608 -0.011186948046088219 0.9999373555183411 51.48756408691406
0.9999986886978149 0.001470266841351986 0.0005778861232101917 -0.44179028272628784 -0.0014763233484700322 0.9999426007270813 0.01062419731169939 -0.8497057557106018 -0.0005622325115837157 -0.010625039227306843 0.9999433159828186 52.67910385131836
0.9999992251396179 0.0011595783289521933 0.00047727260971441865 -0.4446418881416321 -0.0011643216712400317 0.9999487400054932 0.010061569511890411 -0.8550848960876465 -0.0004655811353586614 -0.010062115266919136 0.9999492168426514 53.882530212402344
0.999999463558197 0.0008740979828871787 0.0003817406250163913 -0.4614877700805664 -0.0008774371235631406 0.9999605417251587 0.008836761116981506 -0.8592749834060669 -0.0003740004322025925 -0.008837094530463219 0.9999608993530273 55.09968185424805
0.9999986886978149 0.001093484228476882 -0.001132044242694974 -0.46991848945617676 -0.0010826130164787173 0.9999536275863647 0.009559649042785168 -0.867729127407074 0.0011424453696236014 -0.009558412246406078 0.9999537467956543 56.313636779785156
0.9999960064888 0.000965000712312758 -0.0026654680259525776 -0.4772236943244934 -0.0009370113257318735 0.9999446272850037 0.010482109151780605 -0.8755044937133789 0.002675436669960618 -0.010479569435119629 0.9999415278434753 57.49894332885742
0.9999935626983643 0.0001857223833212629 -0.0036098510026931763 -0.486419141292572 -0.00014612110680900514 0.9999397993087769 0.010967506095767021 -0.8864231705665588 0.0036116703413426876 -0.010966907255351543 0.9999333620071411 58.70685577392578
0.9999875426292419 0.0016944510862231255 -0.004719323944300413 -0.4952462315559387 -0.0016429146053269506 0.9999391436576843 0.01090292353183031 -0.8971259593963623 0.004737513605505228 -0.010895032435655594 0.9999294281005859 59.90138626098633
0.9999833703041077 0.00190497818402946 -0.0054417867213487625 -0.5055074691772461 -0.0018481636652722955 0.9999438524246216 0.010426470078527927 -0.900632381439209 0.005461344961076975 -0.010416238568723202 0.9999308586120605 61.10374069213867
0.999984860420227 0.0009190234122797847 -0.005429598968476057 -0.5184687972068787 -0.0008641689782962203 0.9999487996101379 0.010096557438373566 -0.9113386273384094 0.005438599269837141 -0.010091712698340416 0.9999343156814575 62.30337905883789
0.9999845027923584 -0.00028042044141329825 -0.005565018858760595 -0.5308192372322083 0.0003327910089865327 0.9999556541442871 0.00941192265599966 -0.9238709211349487 0.005562133155763149 -0.009413628838956356 0.9999402761459351 63.51256561279297
0.9999818205833435 -0.0005256985314190388 -0.005999521352350712 -0.5423756837844849 0.0005892602493986487 0.9999436140060425 0.01059767510741949 -0.9343709349632263 0.005993612576276064 -0.01060101855546236 0.9999257922172546 64.69938659667969
0.9999823570251465 -0.0008014044724404812 -0.005877649411559105 -0.5605772733688354 0.0008726941305212677 0.9999259114265442 0.012136369943618774 -0.9431204795837402 0.00586748868227005 -0.012141285464167595 0.9999091029167175 65.89934539794922
0.9999787211418152 2.733492146944627e-05 -0.006514991633594036 -0.5718228816986084 4.108702705707401e-05 0.9999448657035828 0.010501816868782043 -0.9540291428565979 0.006514921318739653 -0.0105018625035882 0.999923586845398 67.09095001220703
0.9999792575836182 0.001739449449814856 -0.006192897912114859 -0.5910009145736694 -0.0016812703106552362 0.9999545216560364 0.009387332014739513 -0.9634741544723511 0.00620894692838192 -0.009376724250614643 0.9999367594718933 68.28901672363281
0.999971330165863 0.0037864497862756252 -0.006554202642291784 -0.6024049520492554 -0.0037229652516543865 0.9999462962150574 0.00967132393270731 -0.9740184545516968 0.0065904706716537476 -0.009646647609770298 0.9999317526817322 69.48516082763672
0.9999645948410034 0.005976643413305283 -0.005915404763072729 -0.6241220235824585 -0.00591888464987278 0.9999350309371948 0.009733883664011955 -0.9806710481643677 0.005973197519779205 -0.009698528796434402 0.9999351501464844 70.67444610595703
0.9999555945396423 0.007144811097532511 -0.006162349134683609 -0.6350551843643188 -0.007080895360559225 0.9999215602874756 0.010332404635846615 -0.9930405020713806 0.006235689390450716 -0.010288311168551445 0.9999276399612427 71.87234497070312
0.9999566674232483 0.007853755727410316 -0.005002962425351143 -0.6502649784088135 -0.007795686833560467 0.9999032616615295 0.01152260135859251 -1.0037155151367188 0.005092973355203867 -0.011483097448945045 0.9999211430549622 73.06741333007812
0.9999486804008484 0.009600003249943256 -0.0032001344952732325 -0.6581276059150696 -0.00956051331013441 0.9998806715011597 0.012135467492043972 -1.0105717182159424 0.003316251328215003 -0.012104252353310585 0.9999212622642517 74.26029968261719
0.9999623894691467 0.008647127076983452 -0.0006057893042452633 -0.6614039540290833 -0.008640739135444164 0.9999141097068787 0.009853329509496689 -1.0213383436203003 0.0006909402436576784 -0.009847724810242653 0.9999512434005737 75.43783569335938
0.9999815225601196 0.005846143234521151 0.0017113478388637304 -0.6622840166091919 -0.005854168441146612 0.9999716877937317 0.004722497425973415 -1.0315537452697754 -0.0016836909344419837 -0.00473242811858654 0.9999873638153076 76.61286926269531
0.9999634027481079 0.0072329603135585785 0.004573186859488487 -0.6649105548858643 -0.007252664305269718 0.9999643564224243 0.004306625574827194 -1.045708179473877 -0.004541874397546053 -0.00433963630348444 0.9999802708625793 77.79290008544922
0.9999562501907349 0.006010217126458883 0.007181244902312756 -0.659555196762085 -0.006066430825740099 0.9999509453773499 0.00783172994852066 -1.0601420402526855 -0.007133821956813335 -0.00787495169788599 0.9999435544013977 78.97516632080078
0.9999229907989502 0.006539246998727322 0.010547535493969917 -0.6511464715003967 -0.006634606048464775 0.9999371767044067 0.009031485766172409 -1.0726619958877563 -0.0104878144338727 -0.009100770577788353 0.9999035000801086 80.1523666381836
0.9998719096183777 0.0065222373232245445 0.01461675576865673 -0.6406339406967163 -0.006628559436649084 0.9999518394470215 0.007237438578158617 -1.0837143659591675 -0.014568846672773361 -0.007333400659263134 0.9998669624328613 81.32035827636719
0.9998205304145813 0.005071927327662706 0.018253255635499954 -0.6256208419799805 -0.005153810605406761 0.9999768733978271 0.004441714845597744 -1.100425362586975 -0.01823030598461628 -0.0045349919237196445 0.9998234510421753 82.4868392944336
0.9997590780258179 0.0037770348135381937 0.02162323147058487 -0.6033552885055542 -0.0037993318401277065 0.999992311000824 0.0009901704033836722 -1.1172645092010498 -0.02161932736635208 -0.0010720856953412294 0.9997656345367432 83.64871978759766
0.9996739625930786 0.00345027563162148 0.025302289053797722 -0.5801632404327393 -0.003454770427197218 0.9999940395355225 0.0001339241862297058 -1.136533260345459 -0.025301676243543625 -0.00022129405988380313 0.9996798634529114 84.8038330078125
0.9995843172073364 0.003019217401742935 0.02867150865495205 -0.5485198497772217 -0.0030765871051698923 0.9999933242797852 0.0019570335280150175 -1.1594011783599854 -0.028665414080023766 -0.0020444304682314396 0.9995869994163513 85.96881103515625
0.9994579553604126 0.004205848556011915 0.032651834189891815 -0.5254344940185547 -0.0042945221066474915 0.9999872446060181 0.0026460725348442793 -1.1830140352249146 -0.03264029696583748 -0.00278486218303442 0.9994633197784424 87.13214111328125
0.9993335008621216 0.003785562701523304 0.036306943744421005 -0.48425745964050293 -0.0037980147171765566 0.9999926686286926 0.00027399405371397734 -1.2001070976257324 -0.036305636167526245 -0.0004117059288546443 0.9993406534194946 88.28357696533203
0.9992138147354126 0.003746287664398551 0.03946888819336891 -0.4408690929412842 -0.003677150933071971 0.9999914765357971 -0.0018241334473714232 -1.2213358879089355 -0.03947538509964943 0.0016775664407759905 0.9992191195487976 89.43233489990234
0.999086320400238 0.0037136944010853767 0.04257853701710701 -0.3929886817932129 -0.0036143120378255844 0.9999905824661255 -0.002410837449133396 -1.2406343221664429 -0.04258708283305168 0.002254742430523038 0.9990901947021484 90.60547637939453
0.9989647269248962 0.002555632498115301 0.04541990906000137 -0.3423175811767578 -0.0025054069701582193 0.9999961853027344 -0.001162694999948144 -1.2626526355743408 -0.04542270675301552 0.0010476958705112338 0.9989672899246216 91.75779724121094
0.9988363981246948 0.0020754686556756496 0.048183608800172806 -0.29378271102905273 -0.002092756098136306 0.9999977946281433 0.0003083416959270835 -1.28148353099823 -0.04818286374211311 -0.0004088192945346236 0.9988384246826172 92.91783905029297
0.9987015128135681 0.0009986732620745897 0.050934113562107086 -0.23768234252929688 -0.0011071801418438554 0.9999971985816956 0.002102167811244726 -1.3017631769180298 -0.05093187466263771 -0.0021558315493166447 0.9986997842788696 94.08557891845703
0.998577356338501 -0.0005208379006944597 0.053318604826927185 -0.17833280563354492 0.0003663715033326298 0.999995768070221 0.002906773705035448 -1.3160309791564941 -0.053319886326789856 -0.0028831043746322393 0.9985732436180115 95.24127197265625
0.9984501600265503 -0.0013196683721616864 0.05563792213797569 -0.11684322357177734 0.0012816619127988815 0.999998927116394 0.0007187755545601249 -1.3354724645614624 -0.05563881993293762 -0.0006463527679443359 0.998450756072998 96.39998626708984
0.9983254075050354 -0.0027953311800956726 0.057779308408498764 -0.048175811767578125 0.0029666307382285595 0.9999914169311523 -0.002879165345802903 -1.3546183109283447 -0.05777077004313469 0.0030457538086920977 0.9983252286911011 97.55682373046875
0.998214602470398 -0.0019224125426262617 0.059696849435567856 0.014667034149169922 0.00226309010758996 0.9999815225601196 -0.005639716517180204 -1.3760191202163696 -0.05968490615487099 0.005764746107161045 0.9982006549835205 98.7190933227539
0.9981072545051575 -0.0019816658459603786 0.06146407127380371 0.08542633056640625 0.002383436309173703 0.9999762773513794 -0.006464023143053055 -1.4002630710601807 -0.0614497996866703 0.006598283536732197 0.9980883598327637 99.8983383178711
0.9980971217155457 -0.0019780106376856565 0.06162713095545769 0.15666913986206055 0.0023438739590346813 0.9999801516532898 -0.00586498761549592 -1.4252784252166748 -0.061614301055669785 0.005998274777084589 0.9980820417404175 101.07386779785156
0.9981372356414795 -0.0021010825876146555 0.06097279116511345 0.22367191314697266 0.0023425149265676737 0.9999898076057434 -0.003888449864462018 -1.45381498336792 -0.06096399948000908 0.004024036694318056 0.9981318712234497 102.25969696044922
0.9982186555862427 -0.0022927329409867525 0.0596187561750412 0.2903475761413574 0.0024528123904019594 0.999993622303009 -0.002612006850540638 -1.472245454788208 -0.05961238592863083 0.0027535874396562576 0.9982178211212158 103.46273040771484
0.998329222202301 -0.002025001682341099 0.05774666741490364 0.34988927841186523 0.0021266185212880373 0.9999963045120239 -0.0016982926754280925 -1.493143916130066 -0.05774301663041115 0.0018182602943852544 0.9983298182487488 104.64860534667969
0.9984856843948364 -0.0018846982857212424 0.05497952923178673 0.4133601188659668 0.001963478745892644 0.9999971389770508 -0.0013789001386612654 -1.5113469362258911 -0.05497676879167557 0.0014847631100565195 0.9984865188598633 105.85049438476562
0.9986320734024048 -0.0012549052480608225 0.05227526277303696 0.4655265808105469 0.0013241168344393373 0.9999982714653015 -0.0012893743114545941 -1.5330473184585571 -0.052273549139499664 0.0013568290742114186 0.9986318349838257 107.05545043945312
0.9988176226615906 0.00045491254422813654 0.048613179475069046 0.5128645896911621 -0.000363495375495404 0.999998152256012 -0.0018893196247518063 -1.5461477041244507 -0.04861395061016083 0.0018694151658564806 0.9988158941268921 108.25996398925781
0.9990034699440002 0.0003777212696149945 0.0446307398378849 0.5639939308166504 -0.00031781583675183356 0.9999990463256836 -0.0013493316946551204 -1.5696873664855957 -0.04463120922446251 0.00133380270563066 0.9990026354789734 109.46802520751953
0.999174177646637 0.000963322352617979 0.04062069207429886 0.6106967926025391 -0.0009530751849524677 0.9999995231628418 -0.00027161953039467335 -1.5890437364578247 -0.04062093794345856 0.0002326805843040347 0.9991745948791504 110.6908950805664
0.9993489980697632 0.0012870720820501447 0.036052487790584564 0.6564595699310303 -0.001305094570852816 0.9999990463256836 0.0004763692559208721 -1.609115481376648 -0.03605183586478233 -0.000523111317306757 0.9993497729301453 111.90459442138672
0.9994996786117554 0.0014310250990092754 0.031594984233379364 0.6899857521057129 -0.0014621568843722343 0.9999984502792358 0.0009622623911127448 -1.6263266801834106 -0.03159355744719505 -0.001007977407425642 0.9995002150535583 113.12523651123047
0.9996454119682312 0.0017519070534035563 0.026567548513412476 0.7197830677032471 -0.0017842160305008292 0.9999976754188538 0.0011924575082957745 -1.6449133157730103 -0.02656540274620056 -0.001239436911419034 0.9996462464332581 114.343017578125
0.999757707118988 0.0026033190079033375 0.02185640297830105 0.7386367321014404 -0.0026280907914042473 0.9999959468841553 0.0011047333246096969 -1.6650418043136597 -0.021853437647223473 -0.0011619062861427665 0.9997605085372925 115.58960723876953
0.9998537302017212 0.0028391792438924313 0.016866734251379967 0.7509661912918091 -0.002853803103789687 0.9999955892562866 0.0008430189918726683 -1.6808966398239136 -0.016864268109202385 -0.0008910299511626363 0.9998574256896973 116.80713653564453
0.9999159574508667 0.0040994067676365376 0.012301175855100155 0.7589002847671509 -0.004101142752915621 0.9999915957450867 0.00011588923371164128 -1.7002686262130737 -0.012300597503781319 -0.00016632836195640266 0.9999243021011353 118.04943084716797
0.999941885471344 0.006079764571040869 0.00890435092151165 0.7621427178382874 -0.006080197170376778 0.9999815225601196 2.1535179257625714e-05 -1.717957854270935 -0.008904055692255497 -7.567391003249213e-05 0.9999603629112244 119.2874755859375
0.9999490976333618 0.00780523894354701 0.006395876407623291 0.7663047313690186 -0.007807501591742039 0.9999695420265198 0.00032891318551264703 -1.7393300533294678 -0.006393115036189556 -0.0003788321919273585 0.9999794960021973 120.51095581054688
0.9999412298202515 0.009150093421339989 0.005811845418065786 0.7585176229476929 -0.009148739278316498 0.9999580979347229 -0.0002594251127447933 -1.7588398456573486 -0.005813976284116507 0.00020623883756343275 0.999983012676239 121.79256439208984
0.9999221563339233 0.011495481245219707 0.004873876925557852 0.7521641254425049 -0.01149564329534769 0.9999339580535889 5.290552508085966e-06 -1.777687907218933 -0.004873494617640972 -6.131854024715722e-05 0.9999880790710449 123.0295181274414
0.9999150633811951 0.012498995289206505 0.0036962246522307396 0.7552093267440796 -0.012502484954893589 0.999921441078186 0.0009224922396242619 -1.7991135120391846 -0.0036844040732830763 -0.0009686259436421096 0.9999926686286926 124.27072143554688
0.9999201893806458 0.012217190116643906 0.0032362835481762886 0.7478997707366943 -0.012221205048263073 0.9999245405197144 0.001223339349962771 -1.8145325183868408 -0.00322109367698431 -0.0012627928517758846 0.9999939799308777 125.51972198486328
0.999869167804718 0.016017185524106026 0.00230754935182631 0.7411645650863647 -0.016024455428123474 0.9998665452003479 0.003167008515447378 -1.8310097455978394 -0.0022565152030438185 -0.00320357084274292 0.999992311000824 126.77222442626953
0.9998535513877869 0.01703200489282608 0.001668255077674985 0.7332494258880615 -0.01704259403049946 0.999833345413208 0.006555395200848579 -1.8469326496124268 -0.0015563250053673983 -0.006582866422832012 0.999977171421051 128.02401733398438
0.9998719096183777 0.01597757823765278 0.0009379612747579813 0.7331519722938538 -0.015983212739229202 0.9998520612716675 0.006346439942717552 -1.866559624671936 -0.0008364212699234486 -0.0063606188632547855 0.9999793767929077 129.28367614746094
0.9998786449432373 0.015544941648840904 0.0009483054163865745 0.7177462577819824 -0.015548963099718094 0.9998694062232971 0.004392432980239391 -1.8690226078033447 -0.0008799014613032341 -0.0044066449627280235 0.999989926815033 130.5438232421875
0.9999162554740906 0.012941636145114899 -0.00015951693058013916 0.719035804271698 -0.012940609827637672 0.9999021291732788 0.005296522285789251 -1.8791364431381226 0.0002280471962876618 -0.005294014234095812 0.9999859929084778 131.80047607421875
0.9999452233314514 0.01044352538883686 -0.0006105320644564927 0.7065446376800537 -0.010439115576446056 0.9999221563339233 0.006827159784734249 -1.8890516757965088 0.0006817843532189727 -0.006820410490036011 0.9999765157699585 133.064453125
0.999972939491272 0.007271165028214455 -0.001092167105525732 0.7096878886222839 -0.007260879036039114 0.999931812286377 0.009143712930381298 -1.9061099290847778 0.0011585780885070562 -0.00913553312420845 0.9999576210975647 134.328369140625
0.9999848008155823 0.005263571627438068 -0.0016179208178073168 0.7064375281333923 -0.0052465698681771755 0.9999327659606934 0.010339485481381416 -1.9162755012512207 0.0016722355503588915 -0.010330839082598686 0.9999452829360962 135.594482421875
0.9999982118606567 0.0013372385874390602 -0.0013019188772886992 0.7048412561416626 -0.0013264737790450454 0.9999651312828064 0.00823430810123682 -1.9198095798492432 0.001312884734943509 -0.008232569321990013 0.999965250492096 136.86708068847656
0.9999984502792358 -0.0011154342209920287 -0.0013686786405742168 0.702418327331543 0.0011253358097746968 0.9999730587005615 0.00725519098341465 -1.929583191871643 0.0013605488929897547 -0.007256720680743456 0.9999727606773376 138.13934326171875
0.9999972581863403 -0.0021681778598576784 -0.0008902008412405849 0.6920640468597412 0.002174285240471363 0.9999735951423645 0.006917711813002825 -1.9400582313537598 0.000875178724527359 -0.0069196270778775215 0.9999756813049316 139.40704345703125
0.9999971985816956 -0.002277931198477745 -0.0006609648698940873 0.6953142881393433 0.0022828143555670977 0.9999693632125854 0.007483378984034061 -1.9512929916381836 0.0006438971031457186 -0.007484868168830872 0.9999718070030212 140.70901489257812
0.9999982714653015 -0.0018630851991474628 -6.036204285919666e-05 0.6861358880996704 0.0018635625019669533 0.9999555945396423 0.009233137592673302 -1.95936918258667 4.315708065405488e-05 -0.009233233518898487 0.9999573826789856 141.98350524902344
0.9999995827674866 0.0005513326032087207 0.0006911243544891477 0.6813839673995972 -0.0005588520434685051 0.9999401569366455 0.010927612893283367 -1.9710774421691895 -0.0006850583013147116 -0.010927995666861534 0.9999399781227112 143.2823944091797
0.9999991059303284 0.0004940837970934808 0.0012745973654091358 0.6771924495697021 -0.0005060706753283739 0.9999554753303528 0.009421263821423054 -1.9813599586486816 -0.0012698858045041561 -0.00942190084606409 0.9999547600746155 144.56036376953125
0.9999979734420776 0.0007601198158226907 0.0018407974857836962 0.6681197881698608 -0.0007739433203823864 0.9999713897705078 0.0075205350294709206 -1.9953666925430298 -0.0018350282916799188 -0.007521943189203739 0.9999699592590332 145.84471130371094
0.9999966025352478 0.0009179204353131354 0.002433405490592122 0.6697422862052917 -0.0009297861251980066 0.999987781047821 0.004879428073763847 -2.005207061767578 -0.0024288964923471212 -0.00488167442381382 0.9999851584434509 147.11354064941406
0.9999962449073792 -0.0005455114296637475 0.0026716897264122963 0.6703907251358032 0.0005438777734525502 0.9999996423721313 0.0006120568141341209 -2.019845962524414 -0.0026720224414020777 -0.0006106016226112843 0.9999963641166687 148.3936004638672
0.9999940991401672 1.764767148415558e-05 0.0034156478941440582 0.6647764444351196 -7.803699190844782e-06 0.999995768070221 -0.002881934866309166 -2.042768955230713 -0.0034156842157244682 0.002881892491132021 0.9999900460243225 149.65956115722656
0.9999949932098389 -0.0007813145639374852 0.0030700310599058867 0.6726155281066895 0.0007927388651296496 0.9999929070472717 -0.003721580607816577 -2.0692050457000732 -0.003067100653424859 0.003723996225744486 0.9999883770942688 150.9419708251953
0.9999957084655762 -0.0007080658688209951 0.0028490989934653044 0.6698931455612183 0.0007174942293204367 0.9999943375587463 -0.0033095681574195623 -2.0976600646972656 -0.0028467390220612288 0.0033115979749709368 0.9999904632568359 152.21095275878906
0.9999960064888 -0.0005219094455242157 0.002749409293755889 0.6741098165512085 0.000529531214851886 0.9999960064888 -0.002772214123979211 -2.124628782272339 -0.0027479513082653284 0.0027736593037843704 0.9999923706054688 153.47222900390625
0.999997079372406 -0.0002728200634010136 0.002392909722402692 0.6767852306365967 0.0002772428561002016 0.9999982118606567 -0.0018480834551155567 -2.1489310264587402 -0.002392401685938239 0.0018487414345145226 0.9999954104423523 154.7294464111328
0.9999959468841553 0.0012041341979056597 0.0025892602279782295 0.661874532699585 -0.0012008813209831715 0.9999985098838806 -0.0012572844279929996 -2.173118829727173 -0.002590770833194256 0.0012541699688881636 0.999995768070221 155.99293518066406
0.9999966025352478 0.0015908757923170924 0.002074221381917596 0.6560360789299011 -0.0015881130238994956 0.9999978542327881 -0.0013328510103747249 -2.1976959705352783 -0.002076337579637766 0.001329552149400115 0.9999969601631165 157.26287841796875
0.9999976754188538 0.0017704357160255313 0.001206320128403604 0.6578173637390137 -0.0017686550272628665 0.9999973177909851 -0.0014755906304344535 -2.2179129123687744 -0.0012089293450117111 0.0014734537107869983 0.9999982118606567 158.53172302246094
0.9999989867210388 0.0011673220433294773 0.0007270299829542637 0.6498370170593262 -0.0011670906096696854 0.9999992847442627 -0.0003190740244463086 -2.2402889728546143 -0.0007274011732079089 0.0003182251239195466 0.9999997019767761 159.79718017578125
0.9999972581863403 0.0023268251679837704 0.0001886826503323391 0.6447955369949341 -0.0023268633522093296 0.9999972581863403 0.00020235705596860498 -2.265341281890869 -0.00018821128469426185 -0.00020279599993955344 0.9999999403953552 161.06935119628906
0.9999969601631165 0.002381345722824335 -0.00048168443026952446 0.638018786907196 -0.0023819035850465298 0.999996542930603 -0.0011617086129263043 -2.2834463119506836 0.0004789165104739368 0.001162852393463254 0.9999992251396179 162.33859252929688
0.9999949932098389 0.0029039313085377216 -0.001328730839304626 0.6353952288627625 -0.0029066777788102627 0.999993622303009 -0.002069659996777773 -2.3093764781951904 0.0013227123999968171 0.002073511714115739 0.9999969601631165 163.5946044921875
0.999991238117218 0.003750156844034791 -0.001864484860561788 0.6256294250488281 -0.003753873286768794 0.9999909996986389 -0.001993920188397169 -2.33264422416687 0.00185699004214257 0.0020009020809084177 0.9999962449073792 164.8607940673828
0.9999901652336121 0.003588123479858041 -0.00260418513789773 0.6152921915054321 -0.003595911432057619 0.9999890327453613 -0.00299206655472517 -2.3570284843444824 0.0025934225413948298 0.0030014016665518284 0.9999921321868896 166.13233947753906
0.9999859929084778 0.003715064376592636 -0.0037611662410199642 0.6088768839836121 -0.0037311066407710314 0.9999839663505554 -0.0042673563584685326 -2.380270481109619 0.0037452513352036476 0.0042813303880393505 0.9999837875366211 167.4008331298828
0.9999836683273315 0.004153321497142315 -0.003929594531655312 0.5938943028450012 -0.004168656188994646 0.9999837875366211 -0.0039023396093398333 -2.4065346717834473 0.003913325257599354 0.003918657545000315 0.999984622001648 168.6674041748047
0.9999780654907227 0.004506791941821575 -0.004843592178076506 0.5836616158485413 -0.004519375506788492 0.999986469745636 -0.0025902697816491127 -2.4321415424346924 0.004831853322684765 0.0026121027767658234 0.9999849200248718 169.94419860839844
0.9999769330024719 0.004077570978552103 -0.005435258615761995 0.5740314722061157 -0.004087155684828758 0.9999900460243225 -0.0017534682992845774 -2.4644837379455566 0.005428054835647345 0.001775642391294241 0.9999836683273315 171.2061004638672
0.9999709725379944 0.004801942966878414 -0.005912143271416426 0.5547738075256348 -0.004810791928321123 0.9999873638153076 -0.0014836277114227414 -2.48583984375 0.005904944147914648 0.0015120267635211349 0.9999814033508301 172.47674560546875
0.9999648332595825 0.005002249963581562 -0.006741330958902836 0.5385768413543701 -0.005010245833545923 0.9999867081642151 -0.0011696921428665519 -2.5125010013580322 0.006735390517860651 0.0012034266255795956 0.9999765157699585 173.76856994628906
0.9999573230743408 0.005559255834668875 -0.0073693240992724895 0.5275578498840332 -0.005574239883571863 0.9999824166297913 -0.0020143771544098854 -2.53662109375 0.007357997819781303 0.002055369783192873 0.9999707937240601 175.00460815429688
0.9999518990516663 0.006273367907851934 -0.007526503875851631 0.5026026964187622 -0.00629323348402977 0.9999768137931824 -0.002618651371449232 -2.559629440307617 0.007509903516620398 0.0026658917777240276 0.9999682307243347 176.2749786376953
0.9999474883079529 0.006295727100223303 -0.008076447062194347 0.4791443347930908 -0.006318207364529371 0.9999762177467346 -0.002760952338576317 -2.574021816253662 0.008058873005211353 0.0028118365444242954 0.9999635219573975 177.5475616455078
0.9999445676803589 0.0064573888666927814 -0.008318278938531876 0.4648991823196411 -0.0064862193539738655 0.9999730587005615 -0.0034435903653502464 -2.6047234535217285 0.008295818231999874 0.003497353522107005 0.9999594688415527 178.77963256835938
0.99994957447052 0.005437737796455622 -0.008451421745121479 0.44776737689971924 -0.005482773762196302 0.9999709129333496 -0.005314855370670557 -2.626293182373047 0.008422275073826313 0.005360924638807774 0.9999501705169678 180.04397583007812
0.9999604225158691 0.001975368009880185 -0.008663424290716648 0.4320625066757202 -0.002020655432716012 0.9999843239784241 -0.005221915431320667 -2.6544647216796875 0.008652973920106888 0.005239215213805437 0.9999487996101379 181.31289672851562
0.9999557137489319 0.0027473533991724253 -0.008994092233479023 0.42239081859588623 -0.002760973758995533 0.9999950528144836 -0.0015023245941847563 -2.6765668392181396 0.008989919908344746 0.0015270906733348966 0.9999583959579468 182.58648681640625
0.9999537467956543 0.0018903152085840702 -0.00942094437777996 0.40866172313690186 -0.0018623328069224954 0.9999939203262329 0.002978066448122263 -2.7021360397338867 0.009426518343389034 -0.0029603850562125444 0.999951183795929 183.85411071777344
0.9999544620513916 0.0027984080370515585 -0.00911657139658928 0.38842570781707764 -0.0027789343148469925 0.9999938607215881 0.002148017752915621 -2.7177987098693848 0.00912252813577652 -0.0021225856617093086 0.9999561309814453 185.1096954345703
0.9999533295631409 0.004578122869133949 -0.008501808159053326 0.3624492883682251 -0.004587779752910137 0.9999889135360718 -0.001116705359891057 -2.736656665802002 0.0084966029971838 0.0011556579265743494 0.9999632239341736 186.35694885253906
0.999947726726532 0.004339736886322498 -0.009259330108761787 0.3457458019256592 -0.004366305656731129 0.9999864101409912 -0.0028511688578873873 -2.763120651245117 0.009246830828487873 0.002891449024900794 0.9999530911445618 187.5982666015625
0.9999440908432007 0.004551949445158243 -0.00954439863562584 0.3286169767379761 -0.00457651074975729 0.9999862909317017 -0.0025531623978167772 -2.7879724502563477 0.009532647207379341 0.0025966998655349016 0.9999512434005737 188.84909057617188
0.9999502897262573 0.003993161953985691 -0.00913318246603012 0.3065561056137085 -0.004006141796708107 0.9999909996986389 -0.001403318252414465 -2.8137078285217285 0.009127499535679817 0.0014398375060409307 0.999957263469696 190.10049438476562
0.9999510049819946 0.004024099558591843 -0.009037313982844353 0.28902220726013184 -0.004015487618744373 0.9999914765357971 0.0009708936559036374 -2.840184211730957 0.009041143581271172 -0.0009345569415017962 0.9999586939811707 191.3487091064453
0.9999604821205139 0.0037187777925282717 -0.008076407946646214 0.2710303068161011 -0.003706309711560607 0.9999918937683105 0.0015581732150167227 -2.861517906188965 0.008082138374447823 -0.0015281779924407601 0.9999661445617676 192.594482421875
0.9999721050262451 0.0035815448500216007 -0.006565426476299763 0.25466203689575195 -0.003576186951249838 0.9999932646751404 0.0008276650914922357 -2.881699562072754 0.006568347103893757 -0.0008041630499064922 0.9999780654907227 193.8376922607422
0.9999836087226868 0.0026061125099658966 -0.00511130690574646 0.24173641204833984 -0.0026106233708560467 0.9999961853027344 -0.0008760932832956314 -2.9046754837036133 0.0051090046763420105 0.0008894222555682063 0.9999865293502808 195.06773376464844
0.9999882578849792 0.002186159836128354 -0.004314335063099861 0.24220490455627441 -0.0021946129854768515 0.9999957084655762 -0.0019556907936930656 -2.9312968254089355 0.004310042597353458 0.001965136034414172 0.9999887943267822 196.30792236328125
