1.0 7.463738711521728e-07 -2.1777495931019075e-06 2.0878931536572054e-05 -7.463749511771312e-07 1.0 -5.135896117280936e-07 4.944285137753468e-06 2.177749365728232e-06 5.135912033438217e-07 1.0 6.791926807636628e-07
0.9999973177909851 0.0010464739752933383 0.0020666769705712795 -0.009328978136181831 -0.0010442303027957678 0.9999988675117493 -0.0010864007053896785 -0.016820218414068222 -0.002067811321467161 0.001084239687770605 0.9999972581863403 1.2063032388687134
0.9999682307243347 0.0036969257052987814 0.007056190632283688 -0.07432570308446884 -0.003687530057504773 0.9999922513961792 -0.0013441112823784351 -0.024867292493581772 -0.007061104755848646 0.0013180486857891083 0.9999741911888123 2.4018800258636475
0.9999600648880005 0.0029906078707426786 0.008414195850491524 -0.07273465394973755 -0.0029833605512976646 0.9999951124191284 -0.0008737407042644918 -0.047441452741622925 -0.008416769094765186 0.0008486032602377236 0.9999642372131348 3.6062567234039307
0.9999514818191528 0.002821055008098483 0.009438851848244667 -0.06735067069530487 -0.0028123450465500355 0.9999956488609314 -0.0009359181276522577 -0.0687524601817131 -0.009441451169550419 0.0009093274711631238 0.9999549984931946 4.801293849945068
0.999948263168335 0.0022832222748547792 0.009913689456880093 -0.05986497178673744 -0.002276090206578374 0.9999971389770508 -0.0007306470070034266 -0.09404819458723068 -0.00991532951593399 0.0007080447394400835 0.9999505877494812 6.005658149719238
0.9999427795410156 0.0025109974667429924 0.01040057372301817 -0.04886625334620476 -0.002492845058441162 0.9999953508377075 -0.0017579449340701103 -0.11581291258335114 -0.010404938831925392 0.0017319172620773315 0.9999443888664246 7.208740711212158
0.9999298453330994 0.0028100372292101383 0.011509117670357227 -0.04310598224401474 -0.0027905944734811783 0.9999945759773254 -0.0017050682799890637 -0.14329805970191956 -0.011513846926391125 0.00167283124756068 0.9999322891235352 8.40151596069336
0.9999286532402039 0.0023214975371956825 0.011719919741153717 -0.03430033475160599 -0.002317006466910243 0.9999972581863403 -0.0003967544180341065 -0.16531984508037567 -0.011720809154212475 0.0003695709747262299 0.9999312162399292 9.600411415100098
0.9999444484710693 0.0019581096712499857 0.010358924977481365 -0.028886323794722557 -0.0019658824894577265 0.9999979138374329 0.000740226823836565 -0.1901199072599411 -0.010357452556490898 -0.0007605499122291803 0.9999460577964783 10.790348052978516
0.9999672174453735 0.0003012974630109966 0.00808891374617815 -0.022527774795889854 -0.00030274150776676834 0.9999999403953552 0.0001772668183548376 -0.2111307978630066 -0.008088859729468822 -0.00017970996850635856 0.9999672770500183 12.006024360656738
0.9999790787696838 0.00060764339286834 0.00643348041921854 -0.02699534222483635 -0.000605489534791559 0.9999998211860657 -0.00033670655102469027 -0.2288638800382614 -0.006433682516217232 0.0003328040475025773 0.9999793171882629 13.20226001739502
0.9999877214431763 0.0005091034690849483 0.0049249459989368916 -0.023105336353182793 -0.0005070365150459111 0.9999998211860657 -0.0004209656617604196 -0.25295135378837585 -0.004925159737467766 0.00041846337262541056 0.9999877214431763 14.39763069152832
0.9999898076057434 0.0020735107827931643 0.004015189129859209 -0.026101315394043922 -0.0020716628059744835 0.9999976754188538 -0.00046440056758001447 -0.2738029360771179 -0.004016143269836903 0.0004560776869766414 0.9999918341636658 15.585569381713867
0.999991774559021 0.0019269620534032583 0.0035671377554535866 -0.02756200172007084 -0.0019255441147834063 0.9999979734420776 -0.0004009474359918386 -0.29361918568611145 -0.0035679040011018515 0.0003940754395443946 0.9999935626983643 16.783639907836914
0.999995768070221 0.0011575359385460615 0.0026922281831502914 -0.025397807359695435 -0.0011569454800337553 0.9999993443489075 -0.00022097030887380242 -0.3112991154193878 -0.0026924824342131615 0.00021785462740808725 0.9999963641166687 17.976396560668945
0.9999964833259583 0.0011259445454925299 0.0023950599133968353 -0.027562815696001053 -0.0011270837858319283 0.9999992251396179 0.00047450215788558125 -0.3418300151824951 -0.0023945237044245005 -0.00047720002476125956 0.9999970197677612 19.167146682739258
0.9999982714653015 0.001431580982170999 0.0011417085770517588 -0.027536436915397644 -0.0014312580460682511 0.9999988675117493 -0.00028340573771856725 -0.3654581308364868 -0.0011421127710491419 0.00028177115018479526 0.9999992847442627 20.361371994018555
0.9999985098838806 0.000923694227822125 0.0014555153902620077 -0.042638618499040604 -0.0009219595813192427 0.9999988675117493 -0.0011918589007109404 -0.39025387167930603 -0.0014566147001460195 0.0011905152350664139 0.9999982118606567 21.57999610900879
0.9999971985816956 0.0022177360951900482 0.0008595112594775856 -0.049046844244003296 -0.002217134227976203 0.9999973177909851 -0.0007002087077125907 -0.40960824489593506 -0.0008610618533566594 0.0006983011262491345 0.9999993443489075 22.77891731262207
0.9999988079071045 0.001559043419547379 4.4253589294385165e-05 -0.062039025127887726 -0.0015589975519105792 0.9999982118606567 -0.0010199252283200622 -0.43196535110473633 -4.584405178320594e-05 0.0010198547970503569 0.999999463558197 23.96421241760254
0.9999979734420776 0.0017609002534300089 -0.001006202306598425 -0.06896758079528809 -0.0017625016625970602 0.9999971985816956 -0.001593124121427536 -0.45443299412727356 0.0010033935541287065 0.0015948942163959146 0.9999982714653015 25.157617568969727
0.9999966025352478 0.0018243478843942285 -0.0018743245163932443 -0.07889951020479202 -0.0018251619767397642 0.999998152256012 -0.00043257875950075686 -0.4872381091117859 0.0018735318444669247 0.00043599819764494896 0.999998152256012 26.33818817138672
0.9999967217445374 0.0002082624996546656 -0.002579211723059416 -0.08757304400205612 -0.00020484502601902932 0.9999990463256836 0.0013253598008304834 -0.5085182785987854 0.0025794857647269964 -0.0013248270843178034 0.9999958276748657 27.541446685791016
0.9999940991401672 0.0003106777439825237 -0.0034016233403235674 -0.09429391473531723 -0.0003070174716413021 0.9999993443489075 0.0010763902682811022 -0.5268793702125549 0.003401955822482705 -0.001075339620001614 0.999993622303009 28.73037338256836
0.9999901056289673 -0.0004801179456990212 -0.0044081564992666245 -0.10313928872346878 0.0004823073686566204 0.9999997019767761 0.0004955820622853935 -0.5501297116279602 0.004407917615026236 -0.0004977033822797239 0.9999901652336121 29.93124008178711
0.9999867677688599 -0.0005699136527255177 -0.005098139867186546 -0.11044222861528397 0.0005670037935487926 0.9999997019767761 -0.000572263146750629 -0.5681538581848145 0.0050984639674425125 0.0005693649291060865 0.9999868273735046 31.122644424438477
0.9999829530715942 0.0001221051497850567 -0.005833013914525509 -0.1257755160331726 -0.00012478348799049854 0.9999998807907104 -0.00045877581578679383 -0.5897336602210999 0.005832957103848457 0.00045949581544846296 0.9999828934669495 32.32038879394531
0.9999785423278809 -0.00023733546549919993 -0.006548495031893253 -0.1344730257987976 0.00023830425925552845 0.9999998807907104 0.00014716063742525876 -0.6115639805793762 0.006548460107296705 -0.0001487179979449138 0.9999785423278809 33.51797103881836
0.9999724626541138 -0.0009801917476579547 -0.00735431257635355 -0.1457231640815735 0.0009819634724408388 0.999999463558197 0.00023728971427772194 -0.6339980959892273 0.007354076020419598 -0.0002445049467496574 0.9999728798866272 34.70586013793945
0.9999712109565735 -0.0015615079319104552 -0.00742798438295722 -0.16921742260456085 0.001563942525535822 0.9999987483024597 0.00032195879612118006 -0.6576584577560425 0.007427473086863756 -0.00033356627682223916 0.9999722838401794 35.918365478515625
0.9999673366546631 -0.0014190092915669084 -0.007959661073982716 -0.18263378739356995 0.0014192670350894332 0.9999990463256836 2.67374562099576e-05 -0.6748666763305664 0.007959616370499134 -3.8033434975659475e-05 0.9999682903289795 37.123809814453125
0.9999659657478333 -0.002471643965691328 -0.00786211621016264 -0.20045681297779083 0.002480005146935582 0.9999963641166687 0.0010538370115682483 -0.7054720520973206 0.007859484292566776 -0.001073299441486597 0.9999684691429138 38.30029296875
0.9999661445617676 -0.002101809484884143 -0.007953563705086708 -0.2063305526971817 0.0021196608431637287 0.9999952912330627 0.0022365960758179426 -0.7206545472145081 0.007948826998472214 -0.0022533792071044445 0.9999658465385437 39.50368118286133
0.9999634623527527 -0.001718636485747993 -0.008379116654396057 -0.21340803802013397 0.0017431755550205708 0.9999942779541016 0.002922120038419962 -0.7415478825569153 0.008374049328267574 -0.002936619333922863 0.9999606013298035 40.68840408325195
0.9999653100967407 -0.0009132522391155362 -0.008280927315354347 -0.2299225777387619 0.0009336641523987055 0.9999964833259583 0.002461422700434923 -0.7574934363365173 0.008278651162981987 -0.00246906909160316 0.9999626874923706 41.89594650268555
0.9999651312828064 -0.00012011339276796207 -0.008355756290256977 -0.24138425290584564 0.00013834290439262986 0.9999975562095642 0.002181139774620533 -0.7703028917312622 0.008355475030839443 -0.002182219410315156 0.9999627470970154 43.086952209472656
0.9999662041664124 0.0025431732647120953 -0.007816058583557606 -0.257659912109375 -0.0025091529823839664 0.9999874234199524 0.004359351471066475 -0.789219319820404 0.007827045395970345 -0.004339592065662146 0.9999599456787109 44.30784606933594
0.9999802112579346 0.00252912356518209 -0.005763152614235878 -0.27920880913734436 -0.002486008685082197 0.999968945980072 0.007476030383259058 -0.8118818402290344 0.0057818833738565445 -0.00746155483648181 0.9999554753303528 45.50294494628906
0.9999880194664001 0.002761617535725236 -0.004053896758705378 -0.294401615858078 -0.002721438417211175 0.9999474287033081 0.009883476421236992 -0.8188778758049011 0.004080977290868759 -0.00987232569605112 0.99994295835495 46.70083999633789
0.9999900460243225 0.0034401286393404007 -0.0028587596025317907 -0.29187721014022827 -0.0034014161210507154 0.9999039173126221 0.013437832705676556 -0.8265115022659302 0.002904711989685893 -0.013427975587546825 0.9999056458473206 47.89823532104492
0.9999960064888 0.002657429315149784 -0.0009854541858658195 -0.30944764614105225 -0.0026426194235682487 0.9998878836631775 0.014737027697265148 -0.8366023302078247 0.0010245064040645957 -0.014734365977346897 0.999890923500061 49.10555648803711
0.9999997019767761 0.0007050440181046724 0.0004784179909620434 -0.31071019172668457 -0.0007113138562999666 0.9999121427536011 0.013233581557869911 -0.8401802182197571 -0.000469045655336231 -0.013233914971351624 0.9999123811721802 50.31409454345703
0.999996542930603 0.0020724323112517595 0.0015766036231070757 -0.3160412609577179 -0.002090884605422616 0.9999282956123352 0.011793656274676323 -0.8491497039794922 -0.0015520487213507295 -0.011796911247074604 0.9999291300773621 51.508541107177734
0.9999949932098389 0.002157374517992139 0.0023039632942527533 -0.3191312551498413 -0.002182849682867527 0.9999359250068665 0.011112452484667301 -0.8516716957092285 -0.0022798418067395687 -0.011117425747215748 0.9999355673789978 52.71493148803711
0.9999947547912598 0.002114183036610484 0.0024578210432082415 -0.3253900408744812 -0.0021404102444648743 0.9999403357505798 0.010717840865254402 -0.8593072295188904 -0.0024350150488317013 -0.010723045095801353 0.999939501285553 53.90738296508789
0.9999979138374329 0.0008463572012260556 0.0018291861051693559 -0.32438188791275024 -0.0008638494764454663 0.9999536275863647 0.009583314880728722 -0.8708967566490173 -0.001820990233682096 -0.009584872983396053 0.9999524354934692 55.1193962097168
0.9999991059303284 0.0012817600509151816 0.00012145070650149137 -0.32821959257125854 -0.0012829125626012683 0.9999489784240723 0.010019275359809399 -0.8751038312911987 -0.00010860186739591882 -0.010019423440098763 0.9999498128890991 56.33477020263672
0.9999987483024597 0.0008555916137993336 -0.001265418715775013 -0.33364102244377136 -0.0008410505834035575 0.9999341368675232 0.011447273194789886 -0.8924645781517029 0.0012751294998452067 -0.011446193791925907 0.999933660030365 57.526519775390625
0.9999968409538269 0.0004567691939882934 -0.0024370902683585882 -0.3393985629081726 -0.00042768847197294235 0.9999288320541382 0.011919748969376087 -0.9010651707649231 0.002442362252622843 -0.011918669566512108 0.999925971031189 58.73363494873047
0.9999926090240479 0.0017175176180899143 -0.0034438245929777622 -0.3441562056541443 -0.0016760054277256131 0.9999263286590576 0.012020962312817574 -0.9141610264778137 0.003464215900748968 -0.012015099637210369 0.9999217391014099 59.92940902709961
0.9999899864196777 0.00200649700127542 -0.004006412345916033 -0.3548877239227295 -0.0019601169042289257 0.9999313950538635 0.011547083966434002 -0.9173287153244019 0.004029305651783943 -0.011539114639163017 0.9999252557754517 61.13113021850586
0.9999914169311523 0.0009676644112914801 -0.0040268730372190475 -0.36613959074020386 -0.000922171922866255 0.9999359250068665 0.011283756233751774 -0.9282777309417725 0.004037534352391958 -0.011279944330453873 0.9999281764030457 62.33619689941406
0.9999908208847046 -0.0001725183828966692 -0.004282486159354448 -0.3751623034477234 0.00021730104344896972 0.999945342540741 0.010458901524543762 -0.937496542930603 0.004280447028577328 -0.010459734126925468 0.9999361634254456 63.54579162597656
0.9999884963035583 -0.0007034520385786891 -0.004741997923702002 -0.38066592812538147 0.0007599369273521006 0.9999286532402039 0.011920335702598095 -0.9515438675880432 0.004733275156468153 -0.011923802085220814 0.9999176859855652 64.73889923095703
0.9999857544898987 -0.0009553521522320807 -0.005243883468210697 -0.3876013159751892 0.0010241380659863353 0.999913215637207 0.013130368664860725 -0.9532024264335632 0.005230884533375502 -0.013135550543665886 0.9999000430107117 65.93787384033203
0.9999868869781494 -0.00038090950693003833 -0.005093159154057503 -0.40649735927581787 0.00044209862244315445 0.9999276399612427 0.012018195353448391 -0.9711684584617615 0.005088213365525007 -0.01202029176056385 0.999914824962616 67.1427001953125
0.9999882578849792 0.0015222576912492514 -0.004592136479914188 -0.42745697498321533 -0.0014730404363945127 0.9999415874481201 0.010702144354581833 -0.976674497127533 0.00460815941914916 -0.010695254430174828 0.9999322295188904 68.34134674072266
0.9999801516532898 0.00351899117231369 -0.005230196751654148 -0.43172627687454224 -0.0034602824598550797 0.9999313950538635 0.011191942729055882 -0.9875804781913757 0.005269222892820835 -0.01117362454533577 0.9999236464500427 69.53882598876953
0.9999708533287048 0.005881011951714754 -0.004880209919065237 -0.4490039050579071 -0.005825803615152836 0.9999198317527771 0.011250676587224007 -0.9925186038017273 0.004945983178913593 -0.01122191734611988 0.9999248385429382 70.72891235351562
0.9999658465385437 0.006692536640912294 -0.0048387181013822556 -0.4610919654369354 -0.006634571123868227 0.9999071955680847 0.011897806078195572 -1.0032519102096558 0.00491789635270834 -0.01186529640108347 0.9999174475669861 71.93086242675781
0.9999659657478333 0.007415507920086384 -0.00359563366509974 -0.47636649012565613 -0.007368607446551323 0.9998897910118103 0.012885852716863155 -1.0107134580612183 0.003690793877467513 -0.01285891979932785 0.9999105334281921 73.12602233886719
0.9999560713768005 0.009177839383482933 -0.0018884113524109125 -0.4843606650829315 -0.009152235463261604 0.9998716115951538 0.013147705234587193 -1.0115712881088257 0.0020088369492441416 -0.013129844330251217 0.9999117255210876 74.32024383544922
0.9999687075614929 0.00788669753819704 0.0006178644252941012 -0.4793338179588318 -0.00789331179112196 0.999902069568634 0.01155631523579359 -1.027588963508606 -0.0005266626249067485 -0.011560832150280476 0.9999330043792725 75.50060272216797
0.9999812245368958 0.00523722916841507 0.0031734665390104055 -0.4805968105792999 -0.00525736715644598 0.9999659061431885 0.006371337920427322 -1.0354342460632324 -0.0031399899162352085 -0.006387903355062008 0.9999746680259705 76.67626190185547
0.999964714050293 0.006175817456096411 0.005713335704058409 -0.47640156745910645 -0.006210752762854099 0.9999620318412781 0.006117190700024366 -1.0485663414001465 -0.005675341002643108 -0.00615245895460248 0.9999648928642273 77.85919189453125
0.9999557733535767 0.00491096917539835 0.008019385859370232 -0.46710893511772156 -0.004988914355635643 0.9999402761459351 0.009728783741593361 -1.0615148544311523 -0.00797112938016653 -0.00976836122572422 0.9999204277992249 79.04190063476562
0.9999213814735413 0.00543274125084281 0.01130048930644989 -0.45542511343955994 -0.005556837189942598 0.9999243021011353 0.01097932644188404 -1.0710793733596802 -0.011239985935389996 -0.011041258461773396 0.9998758435249329 80.22648620605469
0.9998601675033569 0.0055811055935919285 0.015761850401759148 -0.4473908245563507 -0.005726871080696583 0.9999411106109619 0.00921808835119009 -1.0801286697387695 -0.01570947654545307 -0.009307066909968853 0.9998332858085632 81.3919906616211
0.9998102784156799 0.004312056116759777 0.018995923921465874 -0.4248005151748657 -0.0044321222230792046 0.9999704360961914 0.006283055525273085 -1.0933465957641602 -0.01896826922893524 -0.006366055458784103 0.9997998476028442 82.56329345703125
0.9997444152832031 0.0030622659251093864 0.022395631298422813 -0.40191641449928284 -0.0031258659437298775 0.9999911189079285 0.002805386669933796 -1.1074814796447754 -0.022386841475963593 -0.002874675439670682 0.9997451901435852 83.72350311279297
0.999657154083252 0.002640045015141368 0.026048444211483 -0.3772162199020386 -0.002690409542992711 0.9999945163726807 0.0018986370414495468 -1.123923897743225 -0.02604329213500023 -0.001968066906556487 0.9996588826179504 84.87776184082031
0.999565064907074 0.002248248551040888 0.02940426953136921 -0.3457516133785248 -0.0023607288021594286 0.9999900460243225 0.003791145049035549 -1.14455246925354 -0.0293954536318779 -0.003858911572024226 0.9995604157447815 86.05087280273438
0.99943608045578 0.003735389094799757 0.03336980193853378 -0.32151538133621216 -0.0038908838760107756 0.9999819397926331 0.004596028942614794 -1.1665338277816772 -0.03335203230381012 -0.004723275080323219 0.9994325041770935 87.215576171875
0.9993138313293457 0.003098900895565748 0.036909379065036774 -0.27530932426452637 -0.0031802449375391006 0.9999927878379822 0.0021453946828842163 -1.181944489479065 -0.03690246492624283 -0.002261303598061204 0.9993162751197815 88.36548614501953
0.9991893172264099 0.0030044792219996452 0.04014727845788002 -0.23353661596775055 -0.003009735606610775 0.9999954700469971 7.048270344967023e-05 -1.2015783786773682 -0.04014688357710838 -0.00019125825201626867 0.9991937875747681 89.5143814086914
0.9990547299385071 0.003120285226032138 0.043357256799936295 -0.18914717435836792 -0.0031022182665765285 0.9999950528144836 -0.0004839756293222308 -1.2170240879058838 -0.04335854947566986 0.00034901450271718204 0.9990594387054443 90.67817687988281
0.9989343881607056 0.002365967957302928 0.04609161615371704 -0.13907326757907867 -0.002403367543593049 0.9999967217445374 0.0007560171070508659 -1.2344894409179688 -0.04608967900276184 -0.0008659865125082433 0.9989368915557861 91.8329086303711
0.99878990650177 0.0010618482483550906 0.049169398844242096 -0.09240513294935226 -0.0011674448614940047 0.999997079372406 0.002118940930813551 -1.253326416015625 -0.04916699603199959 -0.002173779299482703 0.9987881779670715 92.992431640625
0.9986544251441956 0.0002777887275442481 0.05185787007212639 -0.03378457948565483 -0.00047806071233935654 0.9999924898147583 0.003849571570754051 -1.2691570520401 -0.05185640975832939 -0.003869183361530304 0.9986470341682434 94.15265655517578
0.9985365867614746 -0.0013685673475265503 0.054062370210886 0.03282482549548149 0.0011152472579851747 0.9999882578849792 0.004715596325695515 -1.2835475206375122 -0.0540681853890419 -0.0046484023332595825 0.998526394367218 95.3143310546875
0.9983943700790405 -0.0021794959902763367 0.0566023625433445 0.08585765957832336 0.0020364646334201097 0.9999945759773254 0.0025845079217106104 -1.301387071609497 -0.056607685983181 -0.002465089550241828 0.9983934760093689 96.46380615234375
0.998266339302063 -0.003664069576188922 0.05874389037489891 0.15617911517620087 0.0037292123306542635 0.9999924898147583 -0.0009993487037718296 -1.3187189102172852 -0.0587397925555706 0.001216684584505856 0.9982725977897644 97.62135314941406
0.9981517791748047 -0.0027997158467769623 0.06070597097277641 0.21938110888004303 0.003018975257873535 0.9999892711639404 -0.0035204195883125067 -1.341234564781189 -0.06069546565413475 0.003697182983160019 0.9981494545936584 98.78032684326172
0.998044490814209 -0.002725619124248624 0.06244795396924019 0.2919754981994629 0.003018340328708291 0.999984860420227 -0.004593588411808014 -1.3602370023727417 -0.06243449077010155 0.004773094318807125 0.9980376362800598 99.95333862304688
0.9980258941650391 -0.0023346971720457077 0.06275936216115952 0.36266443133354187 0.0025941599160432816 0.9999884366989136 -0.004053087905049324 -1.3795311450958252 -0.06274917721748352 0.004207894671708345 0.9980204105377197 101.13381958007812
0.9980694651603699 -0.0026776371523737907 0.06204995512962341 0.4296911358833313 0.002816371386870742 0.9999937415122986 -0.0021484859753400087 -1.407555103302002 -0.06204381212592125 0.0023190933279693127 0.9980707168579102 102.314453125
0.998149573802948 -0.0026866882108151913 0.06074696034193039 0.49379855394363403 0.002737173344939947 0.9999960660934448 -0.0007478618063032627 -1.4240821599960327 -0.06074470654129982 0.0009127530502155423 0.9981529116630554 103.50614929199219
0.9982589483261108 -0.0026367423124611378 0.058924537152051926 0.5542718172073364 0.0026350596453994513 0.9999966621398926 0.00010626043513184413 -1.4440780878067017 -0.058924607932567596 4.919413913739845e-05 0.9982624053955078 104.69428253173828
0.9984229207038879 -0.0027677519246935844 0.05607097968459129 0.6232295036315918 0.002745758043602109 0.9999961256980896 0.0004692825605161488 -1.461379051208496 -0.05607205629348755 -0.00031458516605198383 0.998426616191864 105.90101623535156
0.9985640048980713 -0.0019026760710403323 0.053537074476480484 0.6734759211540222 0.001877803122624755 0.9999980926513672 0.000514894025400281 -1.479740023612976 -0.05353794991970062 -0.00041362259071320295 0.9985657334327698 107.08917999267578
0.9987539052963257 -0.0003911062958650291 0.049904778599739075 0.7213413119316101 0.00039043111610226333 0.9999999403953552 2.3275113562704064e-05 -1.4937769174575806 -0.04990478232502937 -3.7618301576003432e-06 0.9987539649009705 108.29195404052734
0.9989557266235352 -0.0004803040937986225 0.04568677395582199 0.7762275338172913 0.00046318196109496057 0.9999997615814209 0.0003853582311421633 -1.5115238428115845 -0.045686960220336914 -0.00036379441735334694 0.9989557266235352 109.49380493164062
0.9991401433944702 -0.0004156417562626302 0.0414586216211319 0.828497052192688 0.000350631948094815 0.9999986886978149 0.0015753285260871053 -1.5317926406860352 -0.04145922139286995 -0.0015594371361657977 0.9991389513015747 110.72240447998047
0.9993067383766174 0.00040790578350424767 0.03722677379846573 0.865800142288208 -0.0004947021952830255 0.9999971389770508 0.00232236972078681 -1.5505244731903076 -0.037225719541311264 -0.002339176367968321 0.9993041157722473 111.91862487792969
0.999455451965332 0.0007844208157621324 0.032986823469400406 0.8967815637588501 -0.0008747243555262685 0.9999959468841553 0.002723207464441657 -1.562891960144043 -0.03298455476760864 -0.002750579034909606 0.9994520545005798 113.13947296142578
0.9996157884597778 0.0011662642937153578 0.02769365906715393 0.9388886094093323 -0.001254028407856822 0.9999942183494568 0.003151949495077133 -1.586578130722046 -0.027689823880791664 -0.0031854675617069006 0.999611496925354 114.35179138183594
0.9997324347496033 0.001673899358138442 0.02306867018342018 0.9521000981330872 -0.0017436823109164834 0.9999938607215881 0.003005224745720625 -1.6020230054855347 -0.023063501343131065 -0.0030446460004895926 0.999729335308075 115.57099151611328
0.9998347163200378 0.0022935534361749887 0.018036119639873505 0.9710443019866943 -0.0023440236691385508 0.9999933838844299 0.002777639077976346 -1.6202242374420166 -0.018029630184173584 -0.0028194570913910866 0.9998334646224976 116.79350280761719
0.9999068975448608 0.003204310778528452 0.013265294022858143 0.9807916283607483 -0.003234062809497118 0.999992311000824 0.0022220094688236713 -1.636273980140686 -0.013258073478937149 -0.0022647029254585505 0.9999094605445862 118.01952362060547
0.9999397993087769 0.005056401714682579 0.009741007350385189 0.9878461360931396 -0.005077688954770565 0.9999848008155823 0.0021618150640279055 -1.65267014503479 -0.009729928337037563 -0.002211146755144 0.9999502301216125 119.2596206665039
0.9999476075172424 0.006957084871828556 0.00751417176797986 0.988886296749115 -0.006975460797548294 0.9999727606773376 0.002422023331746459 -1.6721456050872803 -0.007497116923332214 -0.002474311040714383 0.9999688863754272 120.49053192138672
0.9999439120292664 0.008310182020068169 0.006565638352185488 0.9902790784835815 -0.008323419839143753 0.9999634027481079 0.0019915548618882895 -1.688459873199463 -0.006548847537487745 -0.00204609171487391 0.9999764561653137 121.74840545654297
0.9999308586120605 0.010451290756464005 0.005378131754696369 0.9924638271331787 -0.010463486425578594 0.9999427199363708 0.0022446440998464823 -1.7045878171920776 -0.005354363936930895 -0.002300763037055731 0.999983012676239 122.99525451660156
0.9999215602874756 0.011705976910889149 0.004458489827811718 0.9860604405403137 -0.011719304136931896 0.9999268651008606 0.0029742331244051456 -1.7189252376556396 -0.004423347767442465 -0.0030262500513345003 0.9999856352806091 124.23760986328125
0.9999262690544128 0.011486560106277466 0.003936557099223137 0.9818745851516724 -0.011499441228806973 0.9999285936355591 0.003265176434069872 -1.7309755086898804 -0.003898770082741976 -0.003310204017907381 0.9999869465827942 125.48401641845703
0.9998812675476074 0.015102135948836803 0.0030603695195168257 0.9736404418945312 -0.015118367969989777 0.9998713731765747 0.005351993255317211 -1.748796820640564 -0.00297914887778461 -0.005397625733166933 0.9999809861183167 126.7336654663086
0.9998668432235718 0.016163228079676628 0.0022481551859527826 0.9688407778739929 -0.016182178631424904 0.9998313188552856 0.008682121522724628 -1.7614511251449585 -0.002107444452121854 -0.008717346005141735 0.9999598264694214 127.9887924194336
0.9998867511749268 0.014959991909563541 0.0016151999589055777 0.969220757484436 -0.014972718432545662 0.9998544454574585 0.008176899515092373 -1.7742974758148193 -0.0014926379080861807 -0.00820015650242567 0.999965250492096 129.24302673339844
0.9998903274536133 0.014782029204070568 0.0008745439699850976 0.964657187461853 -0.014787455089390278 0.9998690485954285 0.006560829002410173 -1.77870774269104 -0.0007774466066621244 -0.0065730419009923935 0.9999781250953674 130.49789428710938
0.9999279975891113 0.011999627575278282 -0.0001635473599890247 0.9708426594734192 -0.011998018249869347 0.9998984336853027 0.0076875085942447186 -1.792348027229309 0.00025577840278856456 -0.007684993091970682 0.9999704360961914 131.75454711914062
0.9999514222145081 0.009818485006690025 -0.0008918542298488319 0.9647461175918579 -0.009809493087232113 0.9999060034751892 0.009581220336258411 -1.8024543523788452 0.0009858427802100778 -0.009572005830705166 0.9999536275863647 133.02102661132812
0.9999793171882629 0.006398830562829971 -0.0007564753177575767 0.9540823698043823 -0.006389847956597805 0.9999153017997742 0.011334370821714401 -1.8099696636199951 0.0008289378019981086 -0.011329300701618195 0.9999353885650635 134.293701171875
0.9999904036521912 0.004221276845782995 -0.0011833863100036979 0.9487026929855347 -0.00420595845207572 0.9999110102653503 0.012661549262702465 -1.822474718093872 0.0012367283925414085 -0.01265644934028387 0.999919056892395 135.56944274902344
0.9999988675117493 2.663199120434001e-05 -0.001451290911063552 0.957369327545166 -1.085462008632021e-05 0.9999409317970276 0.01086987741291523 -1.8259001970291138 0.00145149405580014 -0.01086985319852829 0.9999397993087769 136.8289794921875
0.9999964237213135 -0.0022772515658289194 -0.0013667988823726773 0.951718807220459 0.002290734788402915 0.9999479055404663 0.009945444762706757 -1.8326736688613892 0.0013440799666568637 -0.009948541410267353 0.9999496340751648 138.10186767578125
0.9999927878379822 -0.003557019867002964 -0.0013342284364625812 0.9527271389961243 0.0035695843398571014 0.9999480843544006 0.009536609053611755 -1.8380939960479736 0.0013002377236261964 -0.009541303850710392 0.9999536275863647 139.38345336914062
0.9999920725822449 -0.003910803701728582 -0.000849452568218112 0.9456586837768555 0.003918911330401897 0.9999446868896484 0.009762812405824661 -1.8445645570755005 0.0008112249779514968 -0.009766063652932644 0.9999520182609558 140.6610870361328
0.999993622303009 -0.0035394220612943172 -0.0005312975845299661 0.9498316645622253 0.0035455278120934963 0.9999220967292786 0.011969496496021748 -1.8536885976791382 0.0004888899275101721 -0.011971304193139076 0.9999282360076904 141.9427490234375
0.9999991655349731 -0.0013362332247197628 0.00014439166989177465 0.9388590455055237 0.00133415381424129 0.9999072551727295 0.013552449643611908 -1.860214352607727 -0.00016248780593741685 -0.013552243821322918 0.9999082088470459 143.22055053710938
0.9999983906745911 -0.0015263124369084835 0.0008533050422556698 0.9366750121116638 0.0015160305192694068 0.9999277591705322 0.01192398276180029 -1.8699545860290527 -0.0008714430732652545 -0.011922670528292656 0.9999285340309143 144.50869750976562
0.9999987483024597 -0.0008836972410790622 0.0012599333422258496 0.9287484288215637 0.000870938878506422 0.9999487400054932 0.010091359727084637 -1.8764723539352417 -0.0012687863782048225 -0.010090251453220844 0.999948263168335 145.7860565185547
0.9999979138374329 -0.0006524352938868105 0.0019178553484380245 0.9227765202522278 0.0006377215613611042 0.9999704360961914 0.007662781048566103 -1.8900598287582397 -0.0019227978773415089 -0.00766154145821929 0.9999688267707825 147.06666564941406
0.9999951720237732 -0.0020833867602050304 0.0022764867171645164 0.9243825674057007 0.00207542791031301 0.999991774559021 0.003493082243949175 -1.902686595916748 -0.002283744979649782 -0.003488341113552451 0.9999912977218628 148.35841369628906
0.999993622303009 -0.002028091112151742 0.002914993092417717 0.9167802333831787 0.0020282689947634935 0.9999980330467224 -5.802290252177045e-05 -1.920680284500122 -0.0029148694593459368 6.393464718712494e-05 0.999995768070221 149.63546752929688
0.9999929666519165 -0.002365486929193139 0.002908367197960615 0.9223532676696777 0.002368626883253455 0.9999966025352478 -0.001076615764759481 -1.9403256177902222 -0.002905810484662652 0.001083497074432671 0.9999951720237732 150.90817260742188
0.9999925494194031 -0.0022741088178008795 0.003131083445623517 0.9159738421440125 0.0022765658795833588 0.9999971389770508 -0.0007814965210855007 -1.9628528356552124 -0.003129296936094761 0.0007886190433055162 0.9999947547912598 152.1790313720703
0.9999943375587463 -0.0019838493317365646 0.0027121955063194036 0.9229000806808472 0.001983614871278405 0.9999980330467224 8.927814633352682e-05 -1.9920865297317505 -0.0027123678009957075 -8.389767754124478e-05 0.9999963045120239 153.44149780273438
0.9999957084655762 -0.0018548923544585705 0.0022201116662472486 0.9255154728889465 0.0018523980397731066 0.999997615814209 0.0011250057723373175 -2.0131664276123047 -0.0022221931722015142 -0.001120888628065586 0.9999969005584717 154.7018585205078
0.9999964237213135 -0.0005824447143822908 0.002609433839097619 0.9097065329551697 0.0005784069071523845 0.9999986290931702 0.001547961961477995 -2.031789541244507 -0.0026103316340595484 -0.0015464472817257047 0.9999953508377075 155.9752655029297
0.9999975562095642 -9.627536928746849e-05 0.002190887928009033 0.9036489129066467 9.317121293861419e-05 0.9999989867210388 0.0014169703936204314 -2.0531880855560303 -0.002191021805629134 -0.0014167629415169358 0.9999966025352478 157.24342346191406
0.999999463558197 -0.00018349449965171516 0.0010233616922050714 0.9092689156532288 0.00018188201647717506 0.9999986886978149 0.0015754393534734845 -2.076462507247925 -0.001023649238049984 -0.0015752525068819523 0.9999982118606567 158.51806640625
0.9999996423721313 -0.0007446290110237896 0.00040627020644024014 0.9033656120300293 0.000743475160561502 0.9999957084655762 0.002833418548107147 -2.0970139503479004 -0.00040837819688022137 -0.0028331156354397535 0.9999958872795105 159.78562927246094
0.9999998211860657 0.0005355261964723468 -0.00023698582663200796 0.9004325270652771 -0.0005347880069166422 0.9999950528144836 0.0031050548423081636 -2.1146881580352783 0.00023864628747105598 -0.0031049277167767286 0.9999951124191284 161.0663299560547
0.9999993443489075 0.0004615604120772332 -0.0011069896863773465 0.8958474397659302 -0.00045923906145617366 0.9999977350234985 0.002096499316394329 -2.1329097747802734 0.0011079536052420735 -0.0020959891844540834 0.9999971985816956 162.33592224121094
0.9999980926513672 0.0011358152842149138 -0.001596012501977384 0.8895530104637146 -0.0011342481011524796 0.9999989867210388 0.0009825516026467085 -2.153881788253784 0.0015971262473613024 -0.0009807395981624722 0.9999982714653015 163.5894775390625
0.9999951720237732 0.0019603820983320475 -0.0024163154885172844 0.88084477186203 -0.001958293840289116 0.9999977350234985 0.0008663356420584023 -2.17153000831604 0.0024180077016353607 -0.0008615996921434999 0.9999967217445374 164.85206604003906
0.9999935030937195 0.0018390343757346272 -0.003072474617511034 0.8702731132507324 -0.0018392633646726608 0.9999982714653015 -7.161876419559121e-05 -2.1907801628112793 0.003072337945923209 7.72693965700455e-05 0.9999952912330627 166.1227569580078
0.9999895691871643 0.001909896731376648 -0.004137424752116203 0.8622810244560242 -0.00191430002450943 0.999997615814209 -0.001060553127899766 -2.21357798576355 0.0041353898122906685 0.0010684625012800097 0.9999909400939941 167.39059448242188
0.9999884963035583 0.002157996641471982 -0.0042847516015172005 0.8465349674224854 -0.0021619535982608795 0.9999971985816956 -0.0009190176497213542 -2.234081506729126 0.004282756708562374 0.0009282707469537854 0.9999903440475464 168.65928649902344
0.999983549118042 0.002285418100655079 -0.0052760569378733635 0.8370953798294067 -0.0022830197121948004 0.9999972581863403 0.00046056651626713574 -2.257005214691162 0.00527709536254406 -0.0004485134850256145 0.9999859929084778 169.9322509765625
0.9999823570251465 0.0022750282660126686 -0.005479352083057165 0.823616087436676 -0.0022697143722325563 0.9999969601631165 0.0009757891530171037 -2.279588222503662 0.005481555126607418 -0.0009633352165110409 0.9999844431877136 171.1942901611328
0.9999769926071167 0.0027780290693044662 -0.006192953325808048 0.8062376379966736 -0.002769472310319543 0.9999951720237732 0.0013897983590140939 -2.300415515899658 0.006196784321218729 -0.001372614991851151 0.9999798536300659 172.4606475830078
0.9999718070030212 0.0029233545064926147 -0.006908081937581301 0.793691098690033 -0.0029116917867213488 0.9999942779541016 0.0016977307386696339 -2.3219423294067383 0.006913004443049431 -0.0016775686526671052 0.9999746680259705 173.745849609375
0.9999662637710571 0.0035494540352374315 -0.007405132986605167 0.7694514393806458 -0.003542388789355755 0.9999932646751404 0.0009670258732512593 -2.3448386192321777 0.007408516015857458 -0.0009407616453245282 0.9999721050262451 174.98501586914062
0.9999598264694214 0.0041901348158717155 -0.007926257327198982 0.7534310817718506 -0.004186737816780806 0.999991238117218 0.00044510792940855026 -2.3637030124664307 0.007928051985800266 -0.00041190488263964653 0.9999685287475586 176.2589874267578
0.999954879283905 0.004270188510417938 -0.008482464589178562 0.7326606512069702 -0.004264269024133682 0.9999906420707703 0.0007158842636272311 -2.380455493927002 0.008485440164804459 -0.0006796804955229163 0.9999637603759766 177.51943969726562
0.9999569654464722 0.004468888975679874 -0.008123151957988739 0.6981111168861389 -0.004474247340112925 0.9999898076057434 -0.0006416295072995126 -2.401693105697632 0.008120202459394932 0.0006779468967579305 0.9999668002128601 178.7544403076172
0.9999621510505676 0.003051170613616705 -0.008145368658006191 0.6815839409828186 -0.0030704173259437084 0.9999925494194031 -0.0023514521308243275 -2.420769214630127 0.008138134144246578 0.002376372693106532 0.9999640583992004 180.01878356933594
0.9999681115150452 0.00012417063408065587 -0.00799049437046051 0.6611483097076416 -0.0001424672082066536 0.9999973177909851 -0.0022891927510499954 -2.4450578689575195 0.007990190759301186 0.002290257951244712 0.9999654293060303 181.2835693359375
0.9999593496322632 0.0007118473877198994 -0.008999790996313095 0.6587768197059631 -0.0006995259318500757 0.9999987483024597 0.0013721949653699994 -2.4615345001220703 0.009000756777822971 -0.0013658432289958 0.9999585151672363 182.5542755126953
0.999958336353302 -8.341241482412443e-05 -0.009133526124060154 0.6422345638275146 0.00013509736163541675 0.9999839663505554 0.005658366251736879 -2.4819605350494385 0.009132909588515759 -0.005659363232553005 0.9999423027038574 183.82188415527344
0.9999591112136841 0.0010616442887112498 -0.008979174308478832 0.6241377592086792 -0.0010166027350351214 0.9999868869781494 0.005019336007535458 -2.494965076446533 0.008984384126961231 -0.005010002758353949 0.9999470710754395 185.07704162597656
0.9999610185623169 0.0026628586929291487 -0.008418209850788116 0.6003703474998474 -0.002648161258548498 0.9999949336051941 0.0017566015012562275 -2.509478807449341 0.008422843180596828 -0.0017342400969937444 0.9999629855155945 186.32664489746094
0.9999545812606812 0.002860653679817915 -0.009082307107746601 0.5815200209617615 -0.0028619698714464903 0.9999958872795105 -0.00013202200352679938 -2.5320982933044434 0.009081888012588024 0.0001580093812663108 0.9999586939811707 187.5686798095703
0.9999532699584961 0.0027238111943006516 -0.009271509014070034 0.5641689300537109 -0.0027218684554100037 0.9999963045120239 0.0002221390459453687 -2.554680347442627 0.009272078983485699 -0.00019689275359269232 0.9999569654464722 188.81854248046875
0.9999569654464722 0.0022462233901023865 -0.009002476930618286 0.5457565784454346 -0.0022343220189213753 0.9999966025352478 0.0013318704441189766 -2.5757999420166016 0.009005440399050713 -0.0013116984628140926 0.9999585747718811 190.0777587890625
0.9999577403068542 0.0023433908354490995 -0.008888887241482735 0.5291790962219238 -0.0023113538045436144 0.9999907612800598 0.0036127634812146425 -2.5981531143188477 0.008897271007299423 -0.003592065302655101 0.9999539852142334 191.32781982421875
0.999966025352478 0.0019140036311000586 -0.008021119982004166 0.5111721158027649 -0.0018796499352902174 0.9999889731407166 0.0042882380075752735 -2.6163270473480225 0.008029238320887089 -0.004273015074431896 0.9999585747718811 192.57716369628906
0.9999760389328003 0.001978588290512562 -0.006625140085816383 0.49712899327278137 -0.0019551424775272608 0.9999918341636658 0.003543471684679389 -2.6325862407684326 0.006632095668464899 -0.0035304345656186342 0.9999716877937317 193.82046508789062
0.9999859929084778 0.0008023953996598721 -0.005232367664575577 0.4840010702610016 -0.0007915421738289297 0.9999974966049194 0.0020759582985192537 -2.653064012527466 0.005234020296484232 -0.0020717873703688383 0.999984085559845 195.05026245117188
0.9999911189079285 0.0005138408741913736 -0.004167027771472931 0.47867026925086975 -0.0005109824705868959 0.9999996423721313 0.0006868740892969072 -2.6735689640045166 0.004167379345744848 -0.0006847388576716185 0.9999910593032837 196.28871154785156
