1.0 -5.002872057957575e-06 3.5079410736216232e-06 1.4713551536260638e-05 5.002870693715522e-06 1.0 4.2122906052100006e-07 1.824623865331887e-07 -3.507943119984702e-06 -4.212114959045721e-07 1.0 2.438393039483344e-06
0.9999790191650391 0.00039633139385841787 -0.00646196398884058 -0.008255813270807266 -0.0003936741850338876 0.9999998211860657 0.00041247004992328584 -0.002058949088677764 0.00646212650462985 -0.00040991746936924756 0.9999790191650391 0.09171123802661896
0.9999074339866638 0.0009496696875430644 -0.013574711047112942 -0.016397785395383835 -0.000947294058278203 0.9999995231628418 0.0001814321003621444 -0.001957925269380212 0.013574876822531223 -0.00016855607100296766 0.9999078512191772 0.18848848342895508
0.9997724294662476 0.0013855949509888887 -0.02128705382347107 -0.026039179414510727 -0.0013978483621031046 0.9999988675117493 -0.0005607623606920242 -0.00215918873436749 0.0212862528860569 0.000590390816796571 0.9997732043266296 0.2853967845439911
0.9995418190956116 0.0017015079502016306 -0.030220484361052513 -0.04291652515530586 -0.0017623086459934711 0.9999964833259583 -0.0019853822886943817 -0.0018516042036935687 0.030216999351978302 0.002037730300799012 0.9995412826538086 0.3906433582305908
0.9991255402565002 0.0019186943536624312 -0.04176567867398262 -0.05897187069058418 -0.002063359133899212 0.9999920129776001 -0.003420894965529442 -0.004981469828635454 0.04175877943634987 0.0035040813963860273 0.9991215467453003 0.5011311173439026
0.9984791278839111 0.0017234256956726313 -0.05510329827666283 -0.08420368283987045 -0.0019489286933094263 0.999989926815033 -0.004038893152028322 -0.00800921581685543 0.05509578064084053 0.004140142817050219 0.9984724521636963 0.6260765194892883
0.9974282383918762 0.00181961664929986 -0.07164858281612396 -0.10859884321689606 -0.0021414023358374834 0.9999879598617554 -0.00441461056470871 -0.004436347167938948 0.07163969427347183 0.00455668568611145 0.9974201321601868 0.7613581418991089
0.9959053993225098 0.00019322206208016723 -0.09040121734142303 -0.1346331387758255 -0.0005734725273214281 0.9999911189079285 -0.004180298186838627 -0.009299233555793762 0.0903996080160141 0.004215024411678314 0.9958966374397278 0.917138397693634
0.9939143061637878 -0.0007600822718814015 -0.11015313863754272 -0.17639116942882538 0.0002804763207677752 0.9999904036521912 -0.004369421396404505 -0.012705055065453053 0.11015540361404419 0.004311935510486364 0.9939050674438477 1.0750463008880615
0.9912285208702087 -0.0011279635364189744 -0.1321541965007782 -0.22440457344055176 0.0005087563768029213 0.9999887347221375 -0.004719160962849855 -0.01556351501494646 0.1321580410003662 0.004610532894730568 0.9912179708480835 1.237043857574463
0.987694263458252 0.0026181084103882313 -0.15637525916099548 -0.26897674798965454 -0.003640557173639536 0.9999737739562988 -0.006252376828342676 -0.014806588180363178 0.15635482966899872 0.006744729820638895 0.9876778721809387 1.3882333040237427
0.983330249786377 0.006786965765058994 -0.18170176446437836 -0.33538728952407837 -0.008327730931341648 0.9999355673789978 -0.007718042004853487 -0.020056935027241707 0.18163767457008362 0.009102548472583294 0.9833233952522278 1.56251060962677
0.9779552817344666 0.009903572499752045 -0.2085788995027542 -0.40762850642204285 -0.01200200617313385 0.9998893141746521 -0.00879739597439766 -0.02370932698249817 0.20846867561340332 0.011106827296316624 0.9779660105705261 1.7401705980300903
0.971247673034668 0.010317292995750904 -0.23784764111042023 -0.4886262118816376 -0.01281802263110876 0.9998775720596313 -0.008969795890152454 -0.025658905506134033 0.23772598803043365 0.011760628782212734 0.9712610244750977 1.930490493774414
0.9631893634796143 0.01232517696917057 -0.26854100823402405 -0.5755301117897034 -0.015151634812355042 0.9998494386672974 -0.008455217815935612 -0.029322709888219833 0.26839637756347656 0.012212810106575489 0.963231086730957 2.122490882873535
0.9537087678909302 0.014071577228605747 -0.30040204524993896 -0.6740210056304932 -0.017124708741903305 0.9998250007629395 -0.0075328112579882145 -0.03138655796647072 0.3002434968948364 0.012328405864536762 0.953782856464386 2.315570592880249
0.9424262046813965 0.016337059438228607 -0.3340147137641907 -0.7583141326904297 -0.019472554326057434 0.9997920989990234 -0.006040992680937052 -0.03956402465701103 0.3338466286659241 0.012197309173643589 0.9425485134124756 2.4793500900268555
0.929918646812439 0.018544742837548256 -0.36729738116264343 -0.8628300428390503 -0.02203662134706974 0.9997430443763733 -0.005315267480909824 -0.04518913850188255 0.3671044707298279 0.01303675677627325 0.9300884008407593 2.6594583988189697
0.9159715175628662 0.02140558697283268 -0.40067195892333984 -0.9855867624282837 -0.02548712119460106 0.9996633529663086 -0.004859574139118195 -0.043063629418611526 0.4004330635070801 0.014663205482065678 0.9162087440490723 2.8452835083007812
0.8998976349830627 0.021824879571795464 -0.4355548322200775 -1.1056877374649048 -0.026247192174196243 0.9996469020843506 -0.004138646647334099 -0.0432993620634079 0.4353107810020447 0.015156447887420654 0.9001527428627014 3.024656057357788
0.8813857436180115 0.017030904069542885 -0.47209030389785767 -1.2333879470825195 -0.021931255236268044 0.9997475743293762 -0.004878913518041372 -0.04185253009200096 0.47188806533813477 0.014653736725449562 0.8815367221832275 3.2116916179656982
0.8603383302688599 0.012835652567446232 -0.5095617771148682 -1.3696770668029785 -0.017895089462399483 0.9998272061347961 -0.005028624087572098 -0.04970099404454231 0.5094091892242432 0.01344496849924326 0.8604193925857544 3.3788156509399414
0.8350374698638916 0.01428073737770319 -0.5500077605247498 -1.5205414295196533 -0.018371038138866425 0.9998294115066528 -0.00193125382065773 -0.05332009121775627 0.5498862266540527 0.011716882698237896 0.8351573944091797 3.556462526321411
0.8059905171394348 0.019919659942388535 -0.5915931463241577 -1.7072499990463257 -0.02302124910056591 0.999732255935669 0.002297899452969432 -0.060807082802057266 0.5914806127548218 0.011767127551138401 0.8062333464622498 3.725569725036621
0.7735196948051453 0.023147422820329666 -0.6333494186401367 -1.909917950630188 -0.026479655876755714 0.9996404647827148 0.004194474779069424 -0.06382796913385391 0.6332188248634338 0.013526365160942078 0.7738546133041382 3.8993465900421143
0.7377542853355408 0.022199034690856934 -0.6747041940689087 -2.119184732437134 -0.02558961883187294 0.9996604919433594 0.004909773822873831 -0.06516774743795395 0.674584150314331 0.013643218204379082 0.7380719184875488 4.059854507446289
0.6977704167366028 0.017786402255296707 -0.7161005735397339 -2.3368184566497803 -0.019532741978764534 0.9997923970222473 0.0057999370619654655 -0.06192929670214653 0.716055154800415 0.009940383024513721 0.6979729533195496 4.226109504699707
0.6548047661781311 0.014013719744980335 -0.7556681036949158 -2.574350595474243 -0.014269566163420677 0.9998791217803955 0.006177637726068497 -0.0594501793384552 0.755663275718689 0.006737907417118549 0.6549257040023804 4.3902587890625
0.610820472240448 0.013584079220890999 -0.791652500629425 -2.8340044021606445 -0.011531416326761246 0.9998993277549744 0.008260047063231468 -0.060187287628650665 0.7916851043701172 0.004083466250449419 0.6109156608581543 4.524760723114014
0.5624914765357971 0.014075787737965584 -0.8266832232475281 -3.1133174896240234 -0.009112863801419735 0.9998999238014221 0.010824543423950672 -0.05702612176537514 0.826752781867981 0.001444738358259201 0.562563419342041 4.665431022644043
0.5116003155708313 0.014798608608543873 -0.8590960502624512 -3.408883810043335 -0.007466242182999849 0.9998905062675476 0.012777679599821568 -0.053693369030952454 0.8591910600662231 -0.00012284665717743337 0.5116548538208008 4.786304473876953
0.45906609296798706 0.015864495187997818 -0.8882604241371155 -3.715292453765869 -0.006979521829634905 0.9998741149902344 0.014250817708671093 -0.04338335245847702 0.8883746862411499 -0.00034243319532833993 0.4591189920902252 4.888289451599121
0.40441450476646423 0.0180384311825037 -0.9143978953361511 -4.045969009399414 -0.0055819288827478886 0.9998355507850647 0.017255127429962158 -0.04168148711323738 0.9145587682723999 -0.0018741192761808634 0.4044486880302429 4.982503414154053
0.3488147556781769 0.01988217793405056 -0.9369808435440063 -4.4027228355407715 -0.005567681044340134 0.9998012781143188 0.019142482429742813 -0.03280464932322502 0.9371752142906189 -0.0014603695599362254 0.3488561511039734 5.070376873016357
0.2935364544391632 0.02311728335916996 -0.9556683897972107 -4.77927303314209 -0.0031257919035851955 0.9997254610061646 0.0232229121029377 -0.029250778257846832 0.9559427499771118 -0.003829551162198186 0.29352810978889465 5.143576145172119
0.23992253839969635 0.024759693071246147 -0.9704762697219849 -5.105429649353027 0.002128775930032134 0.9996588826179504 0.026030506938695908 -0.032622773200273514 0.9707897305488586 -0.00831123162060976 0.2397879809141159 5.19587516784668
0.18895888328552246 0.02520284615457058 -0.9816615581512451 -5.488417148590088 0.004287836141884327 0.9996398091316223 0.026489775627851486 -0.027650170028209686 0.9819756746292114 -0.009214682504534721 0.18878275156021118 5.229376792907715
0.14129327237606049 0.026302387937903404 -0.9896183609962463 -5.906734466552734 0.001627652789466083 0.9996394515037537 0.02680112235248089 -0.02099313773214817 0.9899664521217346 -0.005397573579102755 0.14119952917099 5.252023220062256
0.09887818247079849 0.026652248576283455 -0.9947425723075867 -6.336751461029053 8.539740520063788e-05 0.9996410608291626 0.026791982352733612 -0.010305359028279781 0.9950994849205017 -0.0027340909000486135 0.09884040802717209 5.253566265106201
0.061168164014816284 0.025211744010448456 -0.9978090524673462 -6.775796413421631 -0.001415647566318512 0.9996821284294128 0.025172289460897446 -0.005024740006774664 0.9981265068054199 -0.0001271964720217511 0.061184417456388474 5.23980188369751
0.02664129249751568 0.022438546642661095 -0.9993931651115417 -7.249680042266846 0.0004793211992364377 0.999747633934021 0.022459283471107483 0.0009357790113426745 0.999644935131073 -0.0010773746762424707 0.026623817160725594 5.239718914031982
-0.004520484711974859 0.019764000549912453 -0.9997943639755249 -7.724979400634766 0.0009285453706979752 0.9998043179512024 0.019759997725486755 0.005371691659092903 0.9999892711639404 -0.0008390297298319638 -0.004537952598184347 5.209816932678223
-0.03123917244374752 0.017917757853865623 -0.9993512630462646 -8.21658992767334 0.0002872832119464874 0.9998394846916199 0.017917528748512268 0.011125167831778526 0.9995118379592896 0.00027263190713711083 -0.031239300966262817 5.17160701751709
-0.0517352856695652 0.015525700524449348 -0.9985401034355164 -8.724459648132324 -0.0006460010772570968 0.9998783469200134 0.015579982660710812 0.021442493423819542 0.9986605644226074 0.0014510926557704806 -0.05171896517276764 5.123499870300293
-0.06836868822574615 0.014485133811831474 -0.9975549578666687 -9.241385459899902 0.0004940058570355177 0.999894917011261 0.014485255815088749 0.034312229603528976 0.9976599812507629 0.0004975399351678789 -0.06836865842342377 5.083685874938965
-0.08134772628545761 0.014773298054933548 -0.9965763092041016 -9.77904987335205 0.00063461868558079 0.9998906254768372 0.0147706288844347 0.04223329573869705 0.9966855645179749 0.0005691110854968429 -0.08134820312261581 5.027901649475098
-0.09105002135038376 0.016294067725539207 -0.99571293592453 -10.336523056030273 0.000967511732596904 0.9998670816421509 0.016273576766252518 0.04420190677046776 0.9958457946777344 0.0005183453904464841 -0.09105367958545685 4.969080448150635
-0.09791839867830276 0.017486918717622757 -0.9950407147407532 -10.90913200378418 -0.0011185711482539773 0.9998430609703064 0.017681390047073364 0.041995298117399216 0.9951938390731812 0.002844356931746006 -0.09788346290588379 4.906072616577148
-0.10233073681592941 0.018468834459781647 -0.9945788979530334 -11.501655578613281 -0.0009691838640719652 0.9998252987861633 0.018665973097085953 0.04827402904629707 0.9947499632835388 0.00287403236143291 -0.10229495167732239 4.836333751678467
-0.10368338227272034 0.019104937091469765 -0.9944267868995667 -12.109274864196777 0.0011110781924799085 0.9998170733451843 0.019092649221420288 0.05942682549357414 0.9946097731590271 0.0008747039828449488 -0.1036856472492218 4.770758628845215
-0.10289240628480911 0.021448932588100433 -0.9944612383842468 -12.722442626953125 0.0030277136247605085 0.9997696876525879 0.02125016413629055 0.060807909816503525 0.9946878552436829 -0.0008244634955190122 -0.10293366014957428 4.713535785675049
-0.10132641345262527 0.023699233308434486 -0.9945708513259888 -13.382707595825195 0.0024427275639027357 0.9997191429138184 0.023573042824864388 0.07285138219594955 0.9948501586914062 -4.089415233465843e-05 -0.10135583579540253 4.643639087677002
-0.09975035488605499 0.02367987111210823 -0.9947306513786316 -14.035962104797363 6.177171599119902e-05 0.9997169375419617 0.02379237674176693 0.07872384041547775 0.9950124621391296 0.0023118513636291027 -0.09972357749938965 4.574573040008545
-0.09800166636705399 0.02133164554834366 -0.9949575662612915 -14.701571464538574 -0.0010927397524937987 0.9997673034667969 0.021542398259043694 0.08847948908805847 0.9951855540275574 0.0031984203960746527 -0.09795554727315903 4.5040202140808105
-0.09667881578207016 0.021006237715482712 -0.9950938820838928 -15.379982948303223 -0.0018834463553503156 0.9997715353965759 0.02128797024488449 0.09911008924245834 0.995313823223114 0.0039323014207184315 -0.09661716967821121 4.4329376220703125
-0.09500760585069656 0.023661676794290543 -0.9951952695846558 -16.07818603515625 -0.001741385436616838 0.9997119307518005 0.023935310542583466 0.11072472482919693 0.9954749941825867 0.0040070549584925175 -0.09493906050920486 4.366321086883545
-0.09323003143072128 0.027188898995518684 -0.995273232460022 -16.799293518066406 -0.0026820271741598845 0.9996166825294495 0.02755878120660782 0.12163961678743362 0.9956409931182861 0.005238656420260668 -0.09312137961387634 4.2961530685424805
-0.09165474772453308 0.029189327731728554 -0.9953629374504089 -17.5295352935791 -0.0024497336708009243 0.9995606541633606 0.029538001865148544 0.13340561091899872 0.9957877993583679 0.005145672243088484 -0.09154298901557922 4.227573394775391
-0.08976153284311295 0.028486842289566994 -0.9955557584762573 -18.26418685913086 -0.004517794121056795 0.9995689392089844 0.029009006917476654 0.14637523889541626 0.9959530234336853 0.0071016098372638226 -0.08959414064884186 4.152509689331055
-0.08765625208616257 0.02570136822760105 -0.9958191514015198 -19.025249481201172 -0.007282994221895933 0.9996238350868225 0.02644064836204052 0.15476199984550476 0.9961241483688354 0.009570233523845673 -0.08743609488010406 4.072888374328613
-0.0861462876200676 0.02511582337319851 -0.995965838432312 -19.799646377563477 -0.008079531602561474 0.9996316432952881 0.025907110422849655 0.17016693949699402 0.9962497353553772 0.010278739966452122 -0.08591163158416748 3.9994149208068848
-0.08459629118442535 0.02722112089395523 -0.9960434436798096 -20.581300735473633 -0.005681708920747042 0.9995973110198975 0.02780080772936344 0.18691416084766388 0.9963990449905396 0.008011073805391788 -0.08440756797790527 3.930309772491455
-0.08364487439393997 0.029461197555065155 -0.9960600733757019 -21.378986358642578 -0.003727375064045191 0.9995465874671936 0.029877329245209694 0.1970539391040802 0.9964886903762817 0.00621177488937974 -0.08349714428186417 3.867905616760254
-0.0819922685623169 0.03121248073875904 -0.9961441159248352 -22.17115592956543 -0.002764767734333873 0.9994984865188599 0.03154515102505684 0.2105831652879715 0.9966291189193726 0.005340565461665392 -0.0818648412823677 3.7869725227355957
-0.08138107508420944 0.02650340460240841 -0.9963306188583374 -22.970258712768555 -0.0031082327477633953 0.9996347427368164 0.026845185086131096 0.21835577487945557 0.9966782331466675 0.005281517747789621 -0.08126898854970932 3.726414203643799
-0.08095815032720566 0.01961163617670536 -0.9965245723724365 -23.777740478515625 -0.0019084714585915208 0.9998015761375427 0.01983117312192917 0.2265627533197403 0.9967156648635864 0.0035073338076472282 -0.08090465515851974 3.657550573348999
-0.08131140470504761 0.015121105127036572 -0.9965739846229553 -24.601972579956055 0.001639181631617248 0.9998855590820312 0.015037610195577145 0.23584848642349243 0.9966874122619629 -0.00041083674295805395 -0.08132690191268921 3.5944948196411133
-0.08184587210416794 0.015636321157217026 -0.9965224266052246 -25.43172836303711 0.0025117420591413975 0.9998769760131836 0.015482665970921516 0.24764415621757507 0.9966418743133545 -0.0012358148815110326 -0.08187508583068848 3.5248360633850098
-0.08182951807975769 0.023264078423380852 -0.9963748455047607 -26.283445358276367 0.0015995720168575644 0.999729335308075 0.023211034014821053 0.2497360110282898 0.9966450929641724 0.00030557485297322273 -0.08184458315372467 3.445204257965088
-0.08231917768716812 0.03031756542623043 -0.996144711971283 -27.116384506225586 0.00010061779175885022 0.9995374083518982 0.030412504449486732 0.2585062086582184 0.9966059923171997 0.0024033028166741133 -0.08228415995836258 3.381232500076294
-0.08276616036891937 0.03587879240512848 -0.995922863483429 -27.96060562133789 -0.0018068748759105802 0.9993446469306946 0.03615222126245499 0.2678970694541931 0.9965673685073853 0.004791689105331898 -0.08264708518981934 3.305349111557007
-0.08310305327177048 0.03654969111084938 -0.9958704113960266 -28.799585342407227 -0.00353937316685915 0.9993100166320801 0.036971282213926315 0.2744351625442505 0.9965347647666931 0.006597183179110289 -0.08291636407375336 3.22764253616333
-0.08333433419466019 0.0326363630592823 -0.995987057685852 -29.635526657104492 -0.0034841743763536215 0.9994478821754456 0.03304128721356392 0.29282253980636597 0.9965155720710754 0.0062236664816737175 -0.08317461609840393 3.153195858001709
-0.08346021920442581 0.029606269672513008 -0.9960711598396301 -30.473724365234375 -0.003577361349016428 0.9995431900024414 0.030009213835000992 0.3122299909591675 0.9965047240257263 0.00606788182631135 -0.08331617712974548 3.07108736038208
-0.08362381905317307 0.031151335686445236 -0.9960104823112488 -31.304405212402344 -0.004956922028213739 0.9994859099388123 0.031676217913627625 0.32419872283935547 0.9964850544929504 0.007586031686514616 -0.08342640101909637 2.997553586959839
-0.08379396051168442 0.03375755622982979 -0.995911180973053 -32.14585494995117 -0.005759197287261486 0.9993929266929626 0.034360144287347794 0.33216238021850586 0.9964664578437805 0.008614820428192616 -0.0835486575961113 2.92708683013916
-0.08348298817873001 0.03226146474480629 -0.995986819267273 -32.97060012817383 -0.0069782668724656105 0.9994323253631592 0.032957978546619415 0.3369191586971283 0.9964847564697266 0.009701692499220371 -0.08321047574281693 2.847517251968384
-0.08326155692338943 0.026929425075650215 -0.9961637258529663 -33.793296813964844 -0.007529165130108595 0.9995892643928528 0.027651328593492508 0.3496429920196533 0.9964993596076965 0.009802575223147869 -0.08302459865808487 2.7780239582061768
-0.08284187316894531 0.022738780826330185 -0.9963032007217407 -34.628780364990234 -0.008941242471337318 0.9996824264526367 0.023559359833598137 0.3620480000972748 0.9965226054191589 0.010859890840947628 -0.08261225372552872 2.69478178024292
-0.08234135806560516 0.02355835773050785 -0.9963257312774658 -35.4514045715332 -0.009202655404806137 0.9996599555015564 0.024397751316428185 0.36404815316200256 0.9965617060661316 0.011177786625921726 -0.08209656178951263 2.6280221939086914
-0.08184901624917984 0.026220479980111122 -0.9962998032569885 -36.28019714355469 -0.007980558089911938 0.9996046423912048 0.02696308121085167 0.3682596683502197 0.9966127872467041 0.010157931596040726 -0.0816074013710022 2.5584020614624023
-0.08141667395830154 0.03093555010855198 -0.9962000250816345 -37.13075256347656 -0.007372810505330563 0.9994721412658691 0.03163972124457359 0.382049024105072 0.9966529011726379 0.00992079358547926 -0.08114562183618546 2.4792516231536865
-0.08065075427293777 0.03663790971040726 -0.9960687756538391 -37.959190368652344 -0.007152448873966932 0.9992772340774536 0.037335045635700226 0.39397749304771423 0.9967167973518372 0.010135432705283165 -0.08033040910959244 2.4122273921966553
-0.08071768283843994 0.039645712822675705 -0.9959483742713928 -38.80175018310547 -0.007508121430873871 0.99915611743927 0.04038190841674805 0.410154789686203 0.9967087507247925 0.010737234726548195 -0.08035191148519516 2.3348071575164795
-0.08045680075883865 0.03958161547780037 -0.9959719181060791 -39.63179016113281 -0.006852346006780863 0.9991656541824341 0.04026208817958832 0.42948096990585327 0.9967345595359802 0.010064102709293365 -0.08011845499277115 2.2654857635498047
-0.08029947429895401 0.035217225551605225 -0.9961485266685486 -40.45393371582031 -0.00722893001511693 0.9993287324905396 0.03591238707304001 0.44666075706481934 0.9967445731163025 0.010084833018481731 -0.07999099791049957 2.1964337825775146
-0.08005711436271667 0.03088434413075447 -0.9963117241859436 -41.284095764160156 -0.008037040941417217 0.9994674324989319 0.031627971678972244 0.4610409140586853 0.9967579245567322 0.010539443232119083 -0.07976626604795456 2.1213467121124268
-0.07965525984764099 0.02859903685748577 -0.9964122176170349 -42.10829544067383 -0.012492664158344269 0.999481201171875 0.029685815796256065 0.4651181101799011 0.9967442154884338 0.014812474139034748 -0.07925666123628616 2.038564920425415
-0.08006566762924194 0.02647089958190918 -0.9964379668235779 -42.925846099853516 -0.01575772650539875 0.9994887709617615 0.02781810611486435 0.48171061277389526 0.9966650009155273 0.017928874120116234 -0.07960762828588486 1.9660077095031738
-0.0806470587849617 0.02437390200793743 -0.996444582939148 -43.74287796020508 -0.013530953787267208 0.9995821118354797 0.025545768439769745 0.49147361516952515 0.9966508746147156 0.01554303802549839 -0.08028354495763779 1.8953853845596313
-0.08187954872846603 0.020827671512961388 -0.9964244961738586 -44.57255172729492 -0.010299964807927608 0.9997105002403259 0.021742740646004677 0.494811087846756 0.9965890049934387 0.012043423019349575 -0.08164132386445999 1.8283286094665527
-0.08241140097379684 0.01962270215153694 -0.9964051246643066 -45.39221954345703 -0.005923728458583355 0.9997788667678833 0.020179085433483124 0.49958351254463196 0.9965807199478149 0.007565420586615801 -0.08227694779634476 1.7572959661483765
-0.08425019681453705 0.02276507578790188 -0.9961844682693481 -46.20321273803711 -0.005644827149808407 0.9997119903564453 0.023323088884353638 0.5100545883178711 0.9964285492897034 0.007588266395032406 -0.08409743756055832 1.6820148229599
-0.08610200136899948 0.02929234318435192 -0.9958555698394775 -47.032718658447266 -0.004010363016277552 0.999549388885498 0.0297477338463068 0.5071290731430054 0.9962781667709351 0.006555080879479647 -0.0859457328915596 1.6093906164169312
-0.0880332887172699 0.03313558176159859 -0.9955662488937378 -47.8449592590332 -0.0016502863727509975 0.9994403719902039 0.0334104523062706 0.5151150822639465 0.9961161613464355 0.004584202077239752 -0.08792933821678162 1.5481661558151245
-0.08947727829217911 0.03231193125247955 -0.9954646825790405 -48.6539421081543 -0.0016288068145513535 0.9994674921035767 0.03258826583623886 0.5240468382835388 0.9959875345230103 0.004537328612059355 -0.0893770083785057 1.471222162246704
-0.09042377024888992 0.028219588100910187 -0.9955035448074341 -49.4467887878418 -0.005040491931140423 0.9995726346969604 0.02879278175532818 0.5336873531341553 0.9958906769752502 0.007621378172188997 -0.0902428925037384 1.387239933013916
-0.09151788055896759 0.024746228009462357 -0.9954959154129028 -50.23127746582031 -0.01029510423541069 0.9996142387390137 0.02579505555331707 0.5367546081542969 0.9957501888275146 0.012609441764652729 -0.09122781455516815 1.296684741973877
-0.09334663301706314 0.023443950340151787 -0.9953576326370239 -51.02934646606445 -0.013985113240778446 0.9995932579040527 0.024855265393853188 0.5450814366340637 0.9955354332923889 0.01624034158885479 -0.09298079460859299 1.215474247932434
-0.0938265472650528 0.02430003322660923 -0.995292067527771 -51.81244659423828 -0.01594681479036808 0.9995371699333191 0.025906993076205254 0.5494374632835388 0.9954607486724854 0.01830250211060047 -0.09339562058448792 1.129077434539795
-0.09488260000944138 0.02575986087322235 -0.9951552152633667 -52.59982681274414 -0.015890993177890778 0.9994986057281494 0.027387412264943123 0.5565599799156189 0.9953615665435791 0.018412591889500618 -0.09442568570375443 1.049935221672058
-0.09571702778339386 0.025323009118437767 -0.9950864315032959 -53.38190841674805 -0.017706746235489845 0.999474823474884 0.027137890458106995 0.5614580512046814 0.9952510595321655 0.020217303186655045 -0.09521839022636414 0.9664661884307861
-0.09614812582731247 0.025090720504522324 -0.9950507879257202 -54.15867614746094 -0.018432972952723503 0.9994658827781677 0.026983164250850677 0.5686641931533813 0.9951963424682617 0.02093612588942051 -0.09563428163528442 0.8837769031524658
-0.09686752408742905 0.027083702385425568 -0.9949286580085754 -54.93296432495117 -0.01673467829823494 0.9994440674781799 0.028835924342274666 0.5749009847640991 0.9951565265655518 0.019443077966570854 -0.09636043012142181 0.8076745867729187
-0.09709803014993668 0.02971811033785343 -0.9948310256004333 -55.7022705078125 -0.01612725667655468 0.9993758797645569 0.03142793849110603 0.5858713984489441 0.9951441287994385 0.019095484167337418 -0.09655815362930298 0.733177900314331
-0.09740984439849854 0.03418971225619316 -0.9946568608283997 -56.48142623901367 -0.01581191085278988 0.9992304444313049 0.03589543327689171 0.5933652520179749 0.9951187372207642 0.019223995506763458 -0.09679427742958069 0.6511471271514893
-0.09797760099172592 0.036278508603572845 -0.9945271015167236 -57.244163513183594 -0.01624341309070587 0.9991440176963806 0.03804716467857361 0.6056482195854187 0.9950559735298157 0.019882287830114365 -0.09730443358421326 0.5745885968208313
-0.09874625504016876 0.036278463900089264 -0.994451105594635 -57.99639892578125 -0.01565023697912693 0.9991550445556641 0.03800408914685249 0.6165174841880798 0.9949895739555359 0.019316161051392555 -0.09809505194425583 0.4977114498615265
-0.09914439171552658 0.03451986983418465 -0.9944741129875183 -58.73502731323242 -0.01530371606349945 0.999226987361908 0.0362105555832386 0.622901201248169 0.9949553608894348 0.01880922168493271 -0.09853948652744293 0.42405223846435547
-0.09920216351747513 0.030737627297639847 -0.9945924282073975 -59.467124938964844 -0.014638575725257397 0.9993695616722107 0.03234533220529556 0.6396783590316772 0.9949596524238586 0.017768144607543945 -0.09868966788053513 0.3464600741863251
-0.09885477274656296 0.02786635048687458 -0.9947115778923035 -60.191001892089844 -0.01527823694050312 0.9994474649429321 0.029517384245991707 0.6465338468551636 0.9949845671653748 0.018115371465682983 -0.09837441146373749 0.2657369077205658
-0.09799746423959732 0.02546486258506775 -0.994860827922821 -60.896846771240234 -0.015657968819141388 0.9995094537734985 0.027126217260956764 0.6552345156669617 0.9950634837150574 0.01823579892516136 -0.0975506454706192 0.19762955605983734
-0.09561274945735931 0.024679742753505707 -0.9951126575469971 -61.5871467590332 -0.018466556444764137 0.9994765520095825 0.026562286540865898 0.6582569479942322 0.9952473044395447 0.02091599628329277 -0.09510695189237595 0.12337734550237656
-0.09099899977445602 0.025684602558612823 -0.9955196380615234 -62.28096008300781 -0.01821584813296795 0.9994571208953857 0.027451274916529655 0.6635597944259644 0.9956843852996826 0.020632274448871613 -0.09048173576593399 0.05201362073421478
-0.08531603962182999 0.02750047855079174 -0.9959743022918701 -62.93814468383789 -0.018172353506088257 0.9994097948074341 0.029151996597647667 0.6630069017410278 0.996188223361969 0.02058633230626583 -0.08476593345403671 -0.0025412049144506454
-0.07815840095281601 0.029057223349809647 -0.9965173602104187 -63.5850944519043 -0.017160089686512947 0.999387800693512 0.0304868146777153 0.6684444546699524 0.9967932105064392 0.019483128562569618 -0.07761191576719284 -0.05010180547833443
-0.06928513199090958 0.03023339994251728 -0.9971386194229126 -64.2233657836914 -0.018411720171570778 0.9993316531181335 0.031579211354255676 0.673787534236908 0.9974269866943359 0.020547008141875267 -0.06868217140436172 -0.0957677885890007
-0.05754757300019264 0.031985003501176834 -0.9978302121162415 -64.84691619873047 -0.02039143443107605 0.999240517616272 0.03320622816681862 0.6808204054832458 0.998134434223175 0.022258128970861435 -0.05685163661837578 -0.13431750237941742
-0.04253397509455681 0.03340477868914604 -0.9985364079475403 -65.45037078857422 -0.023300979286432266 0.9991359710693359 0.03441736847162247 0.6887455582618713 0.9988232851028442 0.024730782955884933 -0.041718848049640656 -0.16232207417488098
-0.024234995245933533 0.03472303971648216 -0.9991030693054199 -66.05189514160156 -0.024595487862825394 0.9990734457969666 0.035318613052368164 0.6969573497772217 0.9994037747383118 0.0254293754696846 -0.023358505219221115 -0.1715703159570694
-0.002292317571118474 0.035114433616399765 -0.9993806481361389 -66.61654663085938 -0.025366786867380142 0.9990596175193787 0.0351613387465477 0.7128921151161194 0.9996755719184875 0.02543167769908905 -0.0013994157779961824 -0.15441180765628815
0.023480871692299843 0.03550751879811287 -0.9990935325622559 -67.13404846191406 -0.025308633223176003 0.99906986951828 0.034911878407001495 0.7162594199180603 0.9994038343429565 0.024465933442115784 0.02435768023133278 -0.13206759095191956
0.05289357155561447 0.03495366871356964 -0.9979882836341858 -67.6583023071289 -0.023857181891798973 0.9991461634635925 0.03372979536652565 0.7243607640266418 0.9983150959014893 0.022025100886821747 0.05368230491876602 -0.08642740547657013
0.08713702857494354 0.03451576456427574 -0.9955981969833374 -68.1657943725586 -0.02261926606297493 0.9992104768753052 0.032661303877830505 0.7350482940673828 0.9959394931793213 0.019673693925142288 0.0878489539027214 -0.020265650004148483
0.12458517402410507 0.035014908760786057 -0.9915909171104431 -68.64111328125 -0.022234631702303886 0.9992246627807617 0.03249087929725647 0.738307535648346 0.9919597506523132 0.01799977757036686 0.1252671182155609 0.06660492718219757
0.16597411036491394 0.034831054508686066 -0.9855148196220398 -69.08939361572266 -0.021975841373205185 0.9992585182189941 0.03161576762795448 0.7397993206977844 0.9858852028846741 0.016410116106271744 0.16661646962165833 0.15602701902389526
0.2110205441713333 0.035785090178251266 -0.9768263697624207 -69.51216125488281 -0.02172095514833927 0.999254584312439 0.031914420425891876 0.7482089400291443 0.977240264415741 0.014483005739748478 0.21164055168628693 0.26892799139022827
0.258951872587204 0.03442178666591644 -0.9652767181396484 -69.94657135009766 -0.01740034855902195 0.9993689060211182 0.03096957318484783 0.7419286370277405 0.965733528137207 0.008776521310210228 0.25938737392425537 0.4301026463508606
0.3091357946395874 0.029741663485765457 -0.9505528211593628 -70.3449935913086 -0.009789184667170048 0.9995574355125427 0.028091352432966232 0.7371354103088379 0.95096755027771 0.0006210909923538566 0.3092901408672333 0.6004151105880737
0.36056387424468994 0.024874811992049217 -0.9324027895927429 -70.69490814208984 -0.005022416822612286 0.9996815919876099 0.02472750097513199 0.7324675917625427 0.9327210187911987 -0.004232927691191435 0.360573947429657 0.7729712724685669
0.4127919673919678 0.020352285355329514 -0.9105979800224304 -71.07838439941406 -0.00018518741126172245 0.9997521042823792 0.02226097509264946 0.7376542091369629 0.9108253121376038 -0.009020521305501461 0.4126933813095093 0.9901899099349976
0.4638626277446747 0.01969323307275772 -0.8856882452964783 -71.45570373535156 -0.0003758924431167543 0.9997571110725403 0.022032685577869415 0.748289942741394 0.8859070539474487 -0.009887215681374073 0.46375736594200134 1.2277183532714844
0.5123223066329956 0.018451016396284103 -0.858595073223114 -71.82808685302734 0.0013781209709122777 0.9997501373291016 0.022306734696030617 0.7522774934768677 0.8587921857833862 -0.012611483223736286 0.5121689438819885 1.483012080192566
0.5570650696754456 0.013626189902424812 -0.8303570747375488 -72.18226623535156 0.009501620195806026 0.9996953010559082 0.022779431194067 0.7632019519805908 0.8304144740104675 -0.02057936228811741 0.5567659139633179 1.7763378620147705
0.600443959236145 0.00708793243393302 -0.7996354699134827 -72.49694061279297 0.02013186737895012 0.9995097517967224 0.023976577445864677 0.7607392072677612 0.7994133830070496 -0.030494747683405876 0.6000069379806519 2.084455728530884
0.6441649198532104 0.0029505412094295025 -0.7648810148239136 -72.79649353027344 0.020692599937319756 0.9995592832565308 0.021282650530338287 0.754395604133606 0.7646066546440125 -0.029536910355091095 0.6438201069831848 2.3665595054626465
0.6854846477508545 -0.001961291069164872 -0.72808438539505 -73.10099792480469 0.01825188472867012 0.9997283816337585 0.014490943402051926 0.7572469115257263 0.7278581857681274 -0.02322223037481308 0.685334324836731 2.687156915664673
0.7260515093803406 -0.008712741546332836 -0.6875851154327393 -73.3819351196289 0.014824618585407734 0.9998856782913208 0.0029839130584150553 0.7599363327026367 0.6874805092811584 -0.012359658256173134 0.7260977029800415 3.0262680053710938
0.765271782875061 -0.0117639796808362 -0.6435997486114502 -73.6571273803711 0.010465054772794247 0.9999284148216248 -0.005833628121763468 0.7686072587966919 0.643622100353241 -0.0022709998302161694 0.7653400301933289 3.394571304321289
0.8021761178970337 -0.01114459615200758 -0.5969834327697754 -73.88580322265625 0.007864229381084442 0.9999362230300903 -0.008099705912172794 0.7554379105567932 0.5970356464385986 0.0018025762401521206 0.802212655544281 3.7601311206817627
0.8360096216201782 -0.012639042921364307 -0.5485692024230957 -74.11847686767578 0.008655528537929058 0.9999140501022339 -0.009847166016697884 0.7507968544960022 0.5486465096473694 0.003484169254079461 0.8360471129417419 4.186086177825928
0.8664155006408691 -0.011090469546616077 -0.4992004632949829 -74.34042358398438 0.005877080373466015 0.9999105930328369 -0.012014181353151798 0.7443822026252747 0.49928900599479675 0.007475432474166155 0.8664032220840454 4.632821559906006
0.8920251727104187 -0.00984568428248167 -0.4518783986568451 -74.53924560546875 0.0055300588719546795 0.9999256134033203 -0.010870182886719704 0.7307884097099304 0.4519517421722412 0.007197561673820019 0.8920132517814636 5.105757713317871
0.9136655926704407 -0.003313798690214753 -0.4064532518386841 -74.76032257080078 -0.0008183011668734252 0.9999496936798096 -0.009992011822760105 0.7223125100135803 0.40646594762802124 0.009461957961320877 0.913616955280304 5.598307132720947
0.9311097860336304 0.000838151085190475 -0.3647381067276001 -74.9447250366211 -0.005519566126167774 0.9999151825904846 -0.011792684905230999 0.7162631750106812 0.36469733715057373 0.012993481010198593 0.9310354590415955 6.111352920532227
0.9445434212684631 0.005964470561593771 -0.3283323347568512 -75.1224136352539 -0.009846385568380356 0.9998999238014221 -0.010161854326725006 0.7048366665840149 0.3282388746738434 0.01283119898289442 0.9445075988769531 6.654269218444824
0.9544989466667175 0.006419331766664982 -0.2981451153755188 -75.2760238647461 -0.009328821673989296 0.9999217987060547 -0.008336614817380905 0.6942324638366699 0.2980682849884033 0.010738634504377842 0.9544841051101685 7.201763153076172
0.9617801308631897 0.00613643741235137 -0.2737540900707245 -75.43653869628906 -0.008374469354748726 0.9999403953552246 -0.007007479667663574 0.6857497096061707 0.27369484305381775 0.009032201953232288 0.9617741703987122 7.779411315917969
0.9675527811050415 0.00652017816901207 -0.2525847852230072 -75.58007049560547 -0.00806829147040844 0.9999545216560364 -0.005093802697956562 0.6789138317108154 0.25254005193710327 0.0069664521142840385 0.9675613641738892 8.373723030090332
0.9721536636352539 0.008426425978541374 -0.23419290781021118 -75.72477722167969 -0.009236740879714489 0.9999545812606812 -0.0023633893579244614 0.6698625087738037 0.2341623455286026 0.004460756201297045 0.9721872806549072 8.995245933532715
0.9757121801376343 0.013658241368830204 -0.21863038837909698 -75.8746566772461 -0.014244843274354935 0.9998979568481445 -0.0011069894535467029 0.6647539138793945 0.21859297156333923 0.004194457083940506 0.9758071303367615 9.63346004486084
0.978484570980072 0.017358895391225815 -0.20558837056159973 -76.01295471191406 -0.017670588567852974 0.9998438358306885 0.0003199834900442511 0.654614269733429 0.2055618166923523 0.0033197684679180384 0.9786385297775269 10.270576477050781
0.9811504483222961 0.015757175162434578 -0.19260220229625702 -76.13603973388672 -0.016020627692341805 0.9998716711997986 0.00018953737162519246 0.6466476917266846 0.19258049130439758 0.002899643499404192 0.9812768697738647 10.933785438537598
0.9837616086006165 0.016051625832915306 -0.1787610650062561 -76.25626373291016 -0.016352079808712006 0.9998661875724792 -0.00020735773432534188 0.6371499300003052 0.17873382568359375 0.003127105301246047 0.983892560005188 11.610878944396973
0.9862794876098633 0.016413642093539238 -0.164265975356102 -76.3663558959961 -0.016567906364798546 0.9998626708984375 0.00043102397467009723 0.6305886507034302 0.16425050795078278 0.0022964330855757 0.9864159822463989 12.31011962890625
0.9884983897209167 0.017814604565501213 -0.15017825365066528 -76.47610473632812 -0.017875535413622856 0.999839723110199 0.0009443027665838599 0.6232383251190186 0.15017104148864746 0.001751074567437172 0.9886584877967834 13.025249481201172
0.9904109239578247 0.018255870789289474 -0.13694146275520325 -76.58531188964844 -0.01869099773466587 0.9998235106468201 -0.001892194035463035 0.6087982058525085 0.1368827521800995 0.00443362258374691 0.9905773401260376 13.742615699768066
0.991877555847168 0.018594689667224884 -0.12583033740520477 -76.67398071289062 -0.019629264250397682 0.999782919883728 -0.006986981723457575 0.5944026708602905 0.1256731003522873 0.00940018706023693 0.9920271039009094 14.467351913452148
0.9930739402770996 0.01732412539422512 -0.11620703339576721 -76.76107025146484 -0.01899370551109314 0.9997314214706421 -0.01327528152614832 0.5835534930229187 0.11594584584236145 0.015390539541840553 0.9931362271308899 15.20937728881836
0.9939843416213989 0.016803229227662086 -0.1082257479429245 -76.84343719482422 -0.01835370995104313 0.9997424483299255 -0.013346162624657154 0.5720082521438599 0.1079736202955246 0.015252221375703812 0.9940367937088013 15.968984603881836
0.9946930408477783 0.01880885288119316 -0.10115331411361694 -76.92540740966797 -0.01964949071407318 0.999779999256134 -0.007320493459701538 0.5549412369728088 0.10099337249994278 0.00926925428211689 0.9948439002037048 16.731077194213867
0.9950666427612305 0.022582536563277245 -0.09660453349351883 -77.02050018310547 -0.02260035090148449 0.999744176864624 0.0009099474409595132 0.5361045002937317 0.09660036861896515 0.001277838135138154 0.9953224062919617 17.546459197998047
0.9954867959022522 0.023673703894019127 -0.09190012514591217 -77.09944152832031 -0.0233555119484663 0.9997169971466064 0.004536427091807127 0.5225825905799866 0.09198150783777237 -0.002369578694924712 0.9957578182220459 18.31294822692871
0.9958363771438599 0.02198396809399128 -0.0884682834148407 -77.17093658447266 -0.021743569523096085 0.9997568130493164 0.003680265275761485 0.5104385614395142 0.08852768689393997 -0.001741325599141419 0.9960721731185913 19.086580276489258
0.9960752129554749 0.021731220185756683 -0.08580155670642853 -77.23442840576172 -0.02158745378255844 0.9997636675834656 0.002603112021461129 0.5010572671890259 0.08583784103393555 -0.0007406579097732902 0.9963088631629944 19.8577938079834
