1.0 -2.3835848423914285e-06 5.499662620422896e-06 1.6654419141559629e-06 2.3835807496652706e-06 1.0 7.118167673070275e-07 4.886617261945503e-07 -5.4996644394122995e-06 -7.118036933206895e-07 1.0 -2.0966690499335527e-06
0.9999790191650391 0.0004190596519038081 -0.006466463673859835 -0.00826676283031702 -0.00041642217547632754 0.9999998211860657 0.00040921359322965145 -0.0020697524305433035 0.006466633640229702 -0.00040651223389431834 0.9999790191650391 0.0916968360543251
0.9999076128005981 0.0009522137697786093 -0.013559699058532715 -0.016579218208789825 -0.0009500561864115298 0.9999995231628418 0.0001655567466514185 -0.0019393840339034796 0.013559850864112377 -0.00015265897673089057 0.9999080300331116 0.18842482566833496
0.9997726678848267 0.0013878182508051395 -0.021277470514178276 -0.026102155447006226 -0.0014000858645886183 0.9999988675117493 -0.0005616634734906256 -0.0021568406373262405 0.021276667714118958 0.0005913260392844677 0.9997734427452087 0.2853737771511078
0.9995418787002563 0.001707299961708486 -0.030218688771128654 -0.04294058308005333 -0.0017675573471933603 0.9999964833259583 -0.0019674370996654034 -0.0020394932944327593 0.030215224251151085 0.002019949024543166 0.9995414018630981 0.390478253364563
0.9991254806518555 0.001922850962728262 -0.04176848754286766 -0.05894672870635986 -0.0020679496228694916 0.9999919533729553 -0.003430949756875634 -0.004861301276832819 0.041761551052331924 0.003514324314892292 0.9991214275360107 0.5011857748031616
0.9984797835350037 0.0017405247781425714 -0.05509123578667641 -0.08435440808534622 -0.001966665266081691 0.9999898672103882 -0.004050885792821646 -0.007820315659046173 0.05508362874388695 0.004153073765337467 0.9984731078147888 0.6260414123535156
0.997428297996521 0.0018192018615081906 -0.0716489776968956 -0.10862727463245392 -0.0021410600747913122 0.9999879598617554 -0.004415609408169985 -0.004401181824505329 0.07164007425308228 0.004557657986879349 0.9974201321601868 0.7614073753356934
0.9959055185317993 0.00020727732044178993 -0.09039956331253052 -0.13488328456878662 -0.0005876737996004522 0.9999910593032837 -0.004181349650025368 -0.009267395362257957 0.09039788693189621 0.004217354580760002 0.9958967566490173 0.9165979027748108
0.9939140677452087 -0.0007530262810178101 -0.11015575379133224 -0.17620602250099182 0.00027370950556360185 0.9999904036521912 -0.0043663205578923225 -0.012630628421902657 0.11015798151493073 0.004309596493840218 0.993904709815979 1.0752960443496704
0.9912292957305908 -0.0011201606830582023 -0.13214851915836334 -0.2244357168674469 0.0005022857221774757 0.9999887943267822 -0.004708851221948862 -0.015571506693959236 0.13215230405330658 0.004601174965500832 0.9912187457084656 1.2370517253875732
0.9876989126205444 0.002743325661867857 -0.1563437283039093 -0.27637606859207153 -0.003721506567671895 0.9999752044677734 -0.005964234005659819 -0.018105007708072662 0.15632353723049164 0.0064727021381258965 0.9876847267150879 1.4227092266082764
0.9833233952522278 0.0069456021301448345 -0.18173260986804962 -0.34215298295021057 -0.008450731635093689 0.9999361038208008 -0.007509085349738598 -0.0227288156747818 0.18166884779930115 0.00891963392496109 0.9833192825317383 1.5981208086013794
0.9779559969902039 0.01003570482134819 -0.2085694968700409 -0.4169776141643524 -0.012072796002030373 0.9998909831047058 -0.008496219292283058 -0.026532044634222984 0.20846149325370789 0.010826947167515755 0.9779706001281738 1.7801908254623413
0.9712385535240173 0.0104823661968112 -0.23787766695022583 -0.4952409863471985 -0.01294934842735529 0.9998773336410522 -0.008810523897409439 -0.027829021215438843 0.23775610327720642 0.011637479066848755 0.9712552428245544 1.9660723209381104
0.963172435760498 0.012554996646940708 -0.26859116554260254 -0.5822727680206299 -0.015332343988120556 0.9998484253883362 -0.008245239034295082 -0.030983874574303627 0.26844698190689087 0.012059720233082771 0.9632189869880676 2.1585164070129395
0.953677237033844 0.014264705590903759 -0.30049341917037964 -0.678923487663269 -0.0172771904617548 0.9998235702514648 -0.007370131555944681 -0.03265080973505974 0.30033522844314575 0.012220408767461777 0.9537553787231445 2.349602222442627
0.9424441456794739 0.016293467953801155 -0.33396634459495544 -0.7692968845367432 -0.019323328509926796 0.9997967481613159 -0.00575208431109786 -0.040571749210357666 0.33380475640296936 0.011874360032379627 0.9425674080848694 2.522881031036377
0.9299290776252747 0.018529344350099564 -0.36727166175842285 -0.8790920972824097 -0.021911514922976494 0.9997472167015076 -0.005041233263909817 -0.04545021802186966 0.36708539724349976 0.012735470198094845 0.93010014295578 2.707787275314331
0.9159947037696838 0.021302634850144386 -0.4006245732307434 -0.9971122741699219 -0.025238119065761566 0.999671220779419 -0.00454877782613039 -0.04463307932019234 0.400395929813385 0.014277668669819832 0.9162310361862183 2.889437437057495
0.8999254107475281 0.02148585207760334 -0.4355141818523407 -1.1154778003692627 -0.025769943371415138 0.9996601343154907 -0.003932084422558546 -0.04343133419752121 0.4352817237377167 0.014761758036911488 0.9001733660697937 3.067246913909912
0.8814439177513123 0.017053859308362007 -0.47198086977005005 -1.242799162864685 -0.021788300946354866 0.9997522234916687 -0.004566990304738283 -0.04355517029762268 0.4717860221862793 0.014309206046164036 0.8815969824790955 3.2519073486328125
0.8602296113967896 0.012027814984321594 -0.509765088558197 -1.381681203842163 -0.017013857141137123 0.99984210729599 -0.00511982012540102 -0.045562729239463806 0.5096230506896973 0.013077289797365665 0.8602984547615051 3.4306845664978027
0.8353623747825623 0.014398054219782352 -0.5495109558105469 -1.543010950088501 -0.0183004979044199 0.9998311996459961 -0.001623123069293797 -0.053883545100688934 0.5493949055671692 0.011412219144403934 0.8354849815368652 3.6081039905548096
0.8061849474906921 0.019907280802726746 -0.5913286209106445 -1.7265472412109375 -0.022908834740519524 0.99973464012146 0.0024237618781626225 -0.059978701174259186 0.591219961643219 0.011592647060751915 0.8064270615577698 3.7805020809173584
0.7737465500831604 0.02291998639702797 -0.6330806016921997 -1.9261139631271362 -0.026337753981351852 0.9996451139450073 0.004001242574304342 -0.05905310809612274 0.6329476237297058 0.01357797347009182 0.774075448513031 3.948513984680176
0.7375465631484985 0.021868089213967323 -0.6749420762062073 -2.1316161155700684 -0.025361942127346992 0.9996673464775085 0.004674773197621107 -0.06152154505252838 0.6748197674751282 0.013669978827238083 0.7378559112548828 4.114130973815918
0.6979970932006836 0.01787514053285122 -0.71587735414505 -2.3562400341033936 -0.01976741850376129 0.9997884035110474 0.005690579302608967 -0.0576716884970665 0.7158277034759521 0.01017904095351696 0.6982028484344482 4.2842888832092285
0.6550031900405884 0.014141624793410301 -0.7554937601089478 -2.592561960220337 -0.014282479882240295 0.9998779296875 0.006333381403237581 -0.057081665843725204 0.7554910182952881 0.006641939282417297 0.6551252603530884 4.444489479064941
0.6101597547531128 0.013770692050457 -0.7921586632728577 -2.8523712158203125 -0.0117622260004282 0.9998961687088013 0.00832210574299097 -0.056324634701013565 0.7921910285949707 0.004239734727889299 0.6102585792541504 4.593043327331543
0.5616621971130371 0.014572728425264359 -0.8272383809089661 -3.1323513984680176 -0.00949378963559866 0.99989253282547 0.011168321594595909 -0.05537312850356102 0.8273122906684875 0.0015808029565960169 0.5617400407791138 4.73740816116333
0.5132573843002319 0.014569412916898727 -0.8581110239028931 -3.419267177581787 -0.00811567809432745 0.9998936057090759 0.01212247647345066 -0.0433260053396225 0.8581962585449219 0.0007422025664709508 0.5133211016654968 4.82351016998291
0.46079251170158386 0.01620742306113243 -0.8873598575592041 -3.7377185821533203 -0.007923885248601437 0.9998684525489807 0.014147613197565079 -0.036680907011032104 0.8874725699424744 0.0005122240982018411 0.46086034178733826 4.931163787841797
0.40620505809783936 0.018075931817293167 -0.9136030673980713 -4.072286605834961 -0.006883252412080765 0.9998364448547363 0.016721662133932114 -0.029571831226348877 0.9137559533119202 -0.000503862276673317 0.4062631130218506 5.029577255249023
0.35085535049438477 0.02017126977443695 -0.9362123608589172 -4.42622709274292 -0.006413855589926243 0.9997963309288025 0.019137565046548843 -0.027142390608787537 0.9364076852798462 -0.0007097865454852581 0.35091331601142883 5.11605167388916
0.29493218660354614 0.02315942943096161 -0.9552374482154846 -4.75882625579834 -0.0028183150570839643 0.9997228980064392 0.023367801681160927 -0.026454046368598938 0.9555140137672424 -0.004199758172035217 0.2949157953262329 5.186337471008301
0.24112683534622192 0.024887846782803535 -0.9701744318008423 -5.140974044799805 0.0017803235678002238 0.9996581077575684 0.02608666941523552 -0.023729071021080017 0.9704920053482056 -0.008017421700060368 0.24100005626678467 5.244281768798828
0.19028358161449432 0.02574284002184868 -0.9813915491104126 -5.512127876281738 0.0040318286046385765 0.9996272325515747 0.027002910152077675 -0.025086358189582825 0.9817208647727966 -0.00909501500427723 0.19010883569717407 5.278501510620117
0.1428031474351883 0.026853930205106735 -0.9893867373466492 -5.91911506652832 0.001582723343744874 0.9996243715286255 0.02736024372279644 -0.021722152829170227 0.9897498488426208 -0.005473054945468903 0.1427069902420044 5.297006607055664
0.10021576285362244 0.026800571009516716 -0.9946047067642212 -6.361865520477295 -0.0016205175779759884 0.9996402859687805 0.02677297778427601 -0.004042476415634155 0.9949644207954407 -0.0010713004739955068 0.10022315382957458 5.302175521850586
0.06255809217691422 0.0252491757273674 -0.9977219104766846 -6.786680221557617 -0.0011191157391294837 0.9996810555458069 0.025228582322597504 0.0012683570384979248 0.9980406165122986 -0.00046168611152097583 0.06256640702486038 5.297908306121826
0.027985062450170517 0.02264469675719738 -0.9993518590927124 -7.2474517822265625 -0.0002721681375987828 0.9997434020042419 0.022645950317382812 0.008470714092254639 0.9996083378791809 -0.0003617566835600883 0.027984045445919037 5.284693717956543
-0.002896621823310852 0.019778743386268616 -0.9998002052307129 -7.721711158752441 -0.0007528850110247731 0.9998039603233337 0.019780999049544334 0.01555025577545166 0.9999954700469971 0.0008100325940176845 -0.0028811581432819366 5.2514753341674805
-0.02945917844772339 0.018021900206804276 -0.9994035363197327 -8.216241836547852 -0.0015103609766811132 0.9998354911804199 0.018074210733175278 0.021496981382369995 0.9995647668838501 0.0020419112406671047 -0.02942711114883423 5.214593887329102
-0.05067279562354088 0.01535053364932537 -0.9985973238945007 -8.723207473754883 -0.0014752930728718638 0.9998795986175537 0.015445106662809849 0.03328687697649002 0.9987142086029053 0.0022558702621608973 -0.05064404755830765 5.179884433746338
-0.06710119545459747 0.014515717513859272 -0.9976405501365662 -9.245125770568848 -0.0012922935420647264 0.9998921155929565 0.01463539618998766 0.0449051633477211 0.9977453351020813 0.0022712971549481153 -0.06707518547773361 5.131897449493408
-0.08012542873620987 0.014812955632805824 -0.9966747164726257 -9.783563613891602 -0.00037900207098573446 0.999889075756073 0.01489119604229927 0.0512370690703392 0.9967847466468811 0.0015709053259342909 -0.08011092245578766 5.078259468078613
-0.08954553306102753 0.016073077917099 -0.9958531260490417 -10.34286880493164 -0.00034656550269573927 0.999869167804718 0.016169065609574318 0.056087642908096313 0.9959827661514282 0.0017929957248270512 -0.08952825516462326 5.016284942626953
-0.0964384600520134 0.017398325726389885 -0.9951868653297424 -10.911077499389648 -0.0026641828007996082 0.9998390674591064 0.01773783005774021 0.05540560185909271 0.9953354001045227 0.004361968021839857 -0.09637658298015594 4.952972888946533
-0.10067258775234222 0.018295831978321075 -0.9947513937950134 -11.506157875061035 -0.002501686802133918 0.9998230338096619 0.01864229328930378 0.06215013563632965 0.9949163794517517 0.004365323577076197 -0.10060900449752808 4.88187313079834
-0.10198211669921875 0.01904868334531784 -0.9946038126945496 -12.120100021362305 -0.000554904923774302 0.9998153448104858 0.01920539326965809 0.06972324848175049 0.9947860240936279 0.002510516904294491 -0.10195271670818329 4.8140459060668945
-0.10126432031393051 0.021183712407946587 -0.9946339726448059 -12.73867416381836 0.0017335292650386691 0.9997755289077759 0.021116724237799644 0.08027276396751404 0.9948580265045166 0.0004141436074860394 -0.10127831250429153 4.757749080657959
-0.09978816658258438 0.02363785170018673 -0.9947278499603271 -13.375981330871582 0.001037648064084351 0.9997197389602661 0.02365237846970558 0.08547118306159973 0.995008111000061 0.001328050158917904 -0.0997847318649292 4.692275524139404
-0.09798575937747955 0.02376418001949787 -0.9949039816856384 -14.024971008300781 -0.0013600719394162297 0.999710738658905 0.024012943729758263 0.08806602656841278 0.9951869249343872 0.003706067567691207 -0.09792510420084 4.622400283813477
-0.09638247638940811 0.021325277164578438 -0.9951158165931702 -14.68140983581543 -0.002542681759223342 0.9997619390487671 0.021671108901500702 0.0979127287864685 0.9953410625457764 0.004618978593498468 -0.09630529582500458 4.556883811950684
-0.09509994834661484 0.021061455830931664 -0.9952449202537537 -15.3767671585083 -0.0038495163898915052 0.9997608661651611 0.021524863317608833 0.10633210837841034 0.9954602718353271 0.00587822450324893 -0.0949961319565773 4.483528137207031
-0.09342662990093231 0.023816676810383797 -0.9953413009643555 -16.08083152770996 -0.0032586015295237303 0.9997011423110962 0.02422686666250229 0.12119314074516296 0.995620846748352 0.0055068545043468475 -0.09332111477851868 4.417375564575195
-0.0911998599767685 0.02726578339934349 -0.9954593181610107 -16.79844093322754 -0.004490584135055542 0.9996036887168884 0.027790706604719162 0.13026273250579834 0.9958224892616272 0.0070047019980847836 -0.09104127436876297 4.344183921813965
-0.08932996541261673 0.029388315975666046 -0.9955683946609497 -17.531248092651367 -0.005052390042692423 0.9995384216308594 0.02995884045958519 0.1372492015361786 0.9959892630577087 0.007706222124397755 -0.08914024382829666 4.272412300109863
-0.08783799409866333 0.028748393058776855 -0.995719850063324 -18.253847122192383 -0.006640416104346514 0.9995443224906921 0.029444601386785507 0.15133163332939148 0.9961127638816833 0.009198347106575966 -0.08760706335306168 4.209569454193115
-0.08619876205921173 0.025365512818098068 -0.9959549903869629 -19.014240264892578 -0.009134449996054173 0.9996137022972107 0.026249270886182785 0.16919714212417603 0.9962360858917236 0.011360155418515205 -0.08593377470970154 4.136455535888672
-0.08444627374410629 0.024859357625246048 -0.996117889881134 -19.787485122680664 -0.010051574558019638 0.9996166229248047 0.025798797607421875 0.18480154871940613 0.9963773488998413 0.012191166169941425 -0.08416402339935303 4.06196403503418
-0.08307375013828278 0.026905018836259842 -0.9961800575256348 -20.558181762695312 -0.007762975990772247 0.9995877146720886 0.02764442190527916 0.2002125382423401 0.9965132474899292 0.010029849596321583 -0.08283063024282455 3.99934458732605
-0.08178210258483887 0.029330292716622353 -0.9962185025215149 -21.3505802154541 -0.005021578166633844 0.9995420575141907 0.02984037809073925 0.20527976751327515 0.9966375231742859 0.007442997768521309 -0.08159736543893814 3.9324326515197754
-0.0805799812078476 0.03114333003759384 -0.9962614178657532 -22.133852005004883 -0.004374044016003609 0.9994910955429077 0.03159806504845619 0.21992090344429016 0.9967385530471802 0.006903863977640867 -0.08040272444486618 3.868966817855835
-0.07986342906951904 0.026435721665620804 -0.996455192565918 -22.93779182434082 -0.0043301950208842754 0.9996296763420105 0.026866987347602844 0.23214438557624817 0.9967964291572571 0.006460535805672407 -0.07971937954425812 3.798738718032837
-0.07958406209945679 0.019377678632736206 -0.9966397881507874 -23.742156982421875 -0.0029932805337011814 0.9998019337654114 0.019678179174661636 0.23917871713638306 0.9968237280845642 0.004549291916191578 -0.07951027899980545 3.7334437370300293
-0.07976926118135452 0.01474684290587902 -0.9967042803764343 -24.559667587280273 -5.800295184599236e-06 0.9998905062675476 0.014794444665312767 0.2500794529914856 0.9968133568763733 0.0011859233491122723 -0.07976043969392776 3.667099952697754
-0.0801718533039093 0.015919113531708717 -0.9966538548469543 -25.381790161132812 0.001176757737994194 0.9998732805252075 0.01587587594985962 0.2530582547187805 0.996780276298523 9.99781841528602e-05 -0.08018042892217636 3.598681926727295
-0.08000019192695618 0.023615900427103043 -0.9965150356292725 -26.223316192626953 0.0007041842327453196 0.9997203946113586 0.02363532967865467 0.2560710310935974 0.996794581413269 0.0011891007889062166 -0.07999444752931595 3.520667791366577
-0.0805346891283989 0.03080832026898861 -0.9962755441665649 -27.0660457611084 -0.00046964501962065697 0.9995208978652954 0.03094664216041565 0.26584935188293457 0.9967516660690308 0.0029601738788187504 -0.0804816484451294 3.4550180435180664
-0.08077818900346756 0.03621575981378555 -0.9960739016532898 -27.901775360107422 -0.0025624993722885847 0.9993287920951843 0.03654191642999649 0.27627766132354736 0.996728777885437 0.005504228174686432 -0.08063117414712906 3.379457950592041
-0.08129855990409851 0.0364607572555542 -0.996022641658783 -28.744359970092773 -0.004490851890295744 0.9993070960044861 0.03694755584001541 0.28618568181991577 0.9966796636581421 0.007476773578673601 -0.08107849210500717 3.300297737121582
-0.08164666593074799 0.0329597108066082 -0.9961162209510803 -29.581241607666016 -0.004238585941493511 0.9994325041770935 0.033416856080293655 0.3020704984664917 0.996652364730835 0.006950499024242163 -0.0814606249332428 3.227879524230957
-0.08199171721935272 0.03014516644179821 -0.9961768984794617 -30.418621063232422 -0.004446855280548334 0.9995213747024536 0.03061237931251526 0.3177470564842224 0.9966230392456055 0.0069398172199726105 -0.08181843161582947 3.1535723209381104
-0.08220384269952774 0.031242195516824722 -0.9961256384849548 -31.256101608276367 -0.005814773961901665 0.999476432800293 0.031827136874198914 0.33217328786849976 0.9965986609458923 0.00840855948626995 -0.08197913318872452 3.079458475112915
-0.0818316712975502 0.033809978514909744 -0.99607253074646 -32.0846061706543 -0.007377085275948048 0.9993764162063599 0.03452818840742111 0.3380656838417053 0.9966188669204712 0.010173612274229527 -0.08153123408555984 3.0032894611358643
-0.08180446922779083 0.0323006771504879 -0.996124804019928 -32.917049407958984 -0.007760762237012386 0.9994238018989563 0.03304498270153999 0.3506374955177307 0.9966182112693787 0.010433916933834553 -0.08150664716959 2.931142568588257
-0.08145434409379959 0.026913946494460106 -0.9963136315345764 -33.75306701660156 -0.008702319115400314 0.9995779991149902 0.027713589370250702 0.3639279007911682 0.99663907289505 0.01092763151973486 -0.08118578046560287 2.8537895679473877
-0.08131133019924164 0.022823546081781387 -0.9964273571968079 -34.577171325683594 -0.0105595076456666 0.9996618628501892 0.02375931851565838 0.3714410960674286 0.9966327548027039 0.012453684583306313 -0.08104285597801208 2.7828073501586914
-0.0805341973900795 0.02352335676550865 -0.9964741468429565 -35.41533279418945 -0.009488833136856556 0.9996579885482788 0.024365393444895744 0.38313931226730347 0.9967066645622253 0.011417627334594727 -0.08028344810009003 2.705080032348633
-0.07994015514850616 0.02606511302292347 -0.9964588284492493 -36.241661071777344 -0.008711311034858227 0.9996016025543213 0.026846185326576233 0.38605552911758423 0.9967615604400635 0.010826554149389267 -0.07968125492334366 2.6344592571258545
-0.0796000212430954 0.03099507838487625 -0.9963449239730835 -37.084129333496094 -0.008000848814845085 0.9994643926620483 0.03173132985830307 0.3995574116706848 0.9967948198318481 0.010497420094907284 -0.07930941134691238 2.5656344890594482
-0.07877073436975479 0.036538947373628616 -0.9962229132652283 -37.9199104309082 -0.00819329172372818 0.9992704391479492 0.037298571318387985 0.41171401739120483 0.9968591332435608 0.01110037975013256 -0.07841391116380692 2.4960360527038574
-0.07880574464797974 0.03982873260974884 -0.9960941076278687 -38.770565032958984 -0.008325457572937012 0.9991403818130493 0.040609210729599 0.42582249641418457 0.9968551993370056 0.011493176221847534 -0.078406423330307 2.4188432693481445
-0.07848609983921051 0.03981607034802437 -0.9961197972297668 -39.56571960449219 -0.007545623928308487 0.999149739742279 0.04053172469139099 0.4418478012084961 0.9968866109848022 0.010697521269321442 -0.0781189426779747 2.355283498764038
-0.07879442721605301 0.035486895591020584 -0.9962590932846069 -40.386695861816406 -0.0070962682366371155 0.999320924282074 0.03615720197558403 0.46182501316070557 0.9968656301498413 0.009918708354234695 -0.07848910242319107 2.2926056385040283
-0.0782213807106018 0.031128164380788803 -0.9964499473571777 -41.20600128173828 -0.00847980659455061 0.9994555115699768 0.0318877212703228 0.4730907082557678 0.9969000220298767 0.010944005101919174 -0.07791483402252197 2.2173471450805664
-0.07816478610038757 0.028303246945142746 -0.9965386390686035 -42.01140594482422 -0.012654534541070461 0.9994882345199585 0.029379600659012794 0.483614981174469 0.996860146522522 0.014907185919582844 -0.07776662707328796 2.147066116333008
-0.07850819826126099 0.026684101670980453 -0.9965563416481018 -42.85795593261719 -0.01604619063436985 0.9994783401489258 0.028026465326547623 0.49741142988204956 0.9967843294143677 0.01819123700261116 -0.07803907990455627 2.062931776046753
-0.07892241328954697 0.024480821564793587 -0.9965801239013672 -43.67276382446289 -0.013813145458698273 0.9995756149291992 0.025648312643170357 0.5056020021438599 0.996785044670105 0.01579013280570507 -0.07855074107646942 1.9936437606811523
-0.08017979562282562 0.021102312952280045 -0.9965569972991943 -44.5007209777832 -0.010418047197163105 0.9997035264968872 0.02200714498758316 0.5091656446456909 0.9967259764671326 0.012146706692874432 -0.07993616908788681 1.9306702613830566
-0.0809996947646141 0.019536467269062996 -0.9965227246284485 -45.32292556762695 -0.005755530670285225 0.9997820258140564 0.02006819285452366 0.518545925617218 0.9966974854469299 0.0073610348626971245 -0.08086960017681122 1.86116623878479
-0.08307866752147675 0.023108482360839844 -0.9962751269340515 -46.14680862426758 -0.005671323277056217 0.9997039437294006 0.023660942912101746 0.5222665071487427 0.9965267777442932 0.007615917827934027 -0.08292300254106522 1.7896544933319092
-0.08432058244943619 0.029551832005381584 -0.9960002899169922 -46.961795806884766 -0.0035418053157627583 0.9995449185371399 0.029956843703985214 0.5238096714019775 0.9964324235916138 0.006053618621081114 -0.08417751640081406 1.7086868286132812
-0.08619486540555954 0.03319273516535759 -0.9957252144813538 -47.75478744506836 -0.0014710512477904558 0.999439537525177 0.03344389423727989 0.5333495140075684 0.9962771534919739 0.0043474542908370495 -0.08609774708747864 1.6468448638916016
-0.0876707062125206 0.0321032889187336 -0.9956321120262146 -48.564613342285156 -0.0013779287692159414 0.9994756579399109 0.03234855830669403 0.5449581146240234 0.9961485266685486 0.004207930527627468 -0.08758050948381424 1.5710835456848145
-0.08888550102710724 0.028378233313560486 -0.9956375360488892 -49.36116409301758 -0.00472220778465271 0.9995708465576172 0.028911912813782692 0.5514862537384033 0.9960306286811829 0.007271457463502884 -0.08871333301067352 1.4918642044067383
-0.08985765278339386 0.02477651834487915 -0.9956464171409607 -50.149993896484375 -0.009642007760703564 0.9996220469474792 0.02574564516544342 0.5566256046295166 0.9959080219268799 0.011913475580513477 -0.08958478271961212 1.404167652130127
-0.09167442470788956 0.02333870902657509 -0.9955155253410339 -50.93856430053711 -0.013223349116742611 0.9996086359024048 0.02465236932039261 0.5653009414672852 0.995701253414154 0.015424037352204323 -0.0913299173116684 1.3249907493591309
-0.09227139502763748 0.024520838633179665 -0.9954319000244141 -51.721675872802734 -0.015222491696476936 0.999545156955719 0.026033207774162292 0.5677616000175476 0.9956174492835999 0.017555074766278267 -0.09185616672039032 1.2422757148742676
-0.09333430230617523 0.026319630444049835 -0.9952868223190308 -52.50920867919922 -0.01517445221543312 0.9994968771934509 0.027853960171341896 0.5728419423103333 0.9955191612243652 0.017702661454677582 -0.09288796037435532 1.1642098426818848
-0.09412430226802826 0.025594651699066162 -0.9952313899993896 -53.29310989379883 -0.016835270449519157 0.9994856119155884 0.02729625627398491 0.580624520778656 0.9954180717468262 0.019324233755469322 -0.09364499151706696 1.0813236236572266
-0.09479229897260666 0.025318289175629616 -0.9951750636100769 -54.07001495361328 -0.01734474115073681 0.9994827508926392 0.027079999446868896 0.5885159373283386 0.995345950126648 0.019828028976917267 -0.09430412948131561 1.0013136863708496
-0.09519165009260178 0.027342265471816063 -0.9950833916664124 -54.846439361572266 -0.01588044874370098 0.9994537830352783 0.02898150309920311 0.5943608283996582 0.9953322410583496 0.018561171367764473 -0.09470544010400772 0.9237813949584961
-0.09536042809486389 0.030049506574869156 -0.9949891567230225 -55.61677169799805 -0.015374540351331234 0.9993805289268494 0.03165563568472862 0.6056731939315796 0.9953240752220154 0.018316201865673065 -0.09483937174081802 0.8480253219604492
-0.09557655453681946 0.03439589962363243 -0.9948276281356812 -56.39734649658203 -0.015193025581538677 0.999235987663269 0.03600796312093735 0.6132229566574097 0.9953060746192932 0.018555959686636925 -0.09498096257448196 0.7668585777282715
-0.09609214961528778 0.03635651245713234 -0.9947081804275513 -57.15861511230469 -0.015367740765213966 0.9991593956947327 0.038003772497177124 0.6266846656799316 0.9952538013458252 0.018938280642032623 -0.09545265138149261 0.6907930374145508
-0.096839040517807 0.03642413392663002 -0.9946333169937134 -57.91323471069336 -0.01484579686075449 0.9991662502288818 0.03803553059697151 0.6369607448577881 0.9951894283294678 0.018449444323778152 -0.09621751308441162 0.6149125099182129
-0.09718911349773407 0.03473982587456703 -0.9946593642234802 -58.653438568115234 -0.01435684971511364 0.9992377758026123 0.03630255162715912 0.6439834833145142 0.9951624274253845 0.01780838705599308 -0.09661626815795898 0.5409245491027832
-0.09709089249372482 0.030850961804389954 -0.9947971701622009 -59.384864807128906 -0.013567517511546612 0.9993855357170105 0.03231741860508919 0.6614978313446045 0.995182991027832 0.016634654253721237 -0.09661266952753067 0.46170568466186523
-0.09683794528245926 0.028021983802318573 -0.9949057102203369 -60.116607666015625 -0.014393075369298458 0.9994596242904663 0.029551181942224503 0.6670612096786499 0.9951961040496826 0.017181430011987686 -0.09638229757547379 0.3809671401977539
-0.09579717367887497 0.02566840872168541 -0.9950698614120483 -60.822418212890625 -0.014886223711073399 0.9995186924934387 0.027216291055083275 0.6762205958366394 0.9952895641326904 0.017420075833797455 -0.09536896646022797 0.3124227523803711
-0.09318093210458755 0.02484898455440998 -0.995339035987854 -61.51713943481445 -0.017694657668471336 0.9994893074035645 0.026609119027853012 0.6804181933403015 0.9954919815063477 0.020091647282242775 -0.09269366413354874 0.23633432388305664
-0.08857285231351852 0.025812052190303802 -0.995735228061676 -62.215999603271484 -0.017627045512199402 0.9994670152664185 0.027476757764816284 0.6857237815856934 0.9959137439727783 0.019985562190413475 -0.08807066828012466 0.16292667388916016
-0.08329837024211884 0.02737031690776348 -0.9961487054824829 -62.86826705932617 -0.016954664140939713 0.9994390606880188 0.028878482058644295 0.6897611618041992 0.9963805079460144 0.019294889643788338 -0.08278758823871613 0.11577558517456055
-0.07604338973760605 0.02890881337225437 -0.9966853857040405 -63.52117919921875 -0.016299540176987648 0.9994099140167236 0.03023144230246544 0.6953117847442627 0.9969713091850281 0.018544413149356842 -0.07552733272314072 0.06713485717773438
-0.06718617677688599 0.030172176659107208 -0.9972841143608093 -64.1531753540039 -0.01745637319982052 0.9993540644645691 0.0314108245074749 0.6994553804397583 0.9975877404212952 0.01951933465898037 -0.06661609560251236 0.026575565338134766
-0.05534585565328598 0.03214329853653908 -0.9979497194290161 -64.78216552734375 -0.01924242451786995 0.999261736869812 0.03325273469090462 0.7033805847167969 0.998281717300415 0.021043378859758377 -0.054686471819877625 -0.012738466262817383
-0.04037981107831001 0.033414166420698166 -0.9986255764961243 -65.3782958984375 -0.022306781262159348 0.999161422252655 0.034334078431129456 0.7118209600448608 0.9989354014396667 0.023662524297833443 -0.039600588381290436 -0.03685641288757324
-0.02217698283493519 0.03494010493159294 -0.9991433024406433 -65.9463882446289 -0.02388787269592285 0.9990852475166321 0.035468295216560364 0.7147912979125977 0.9994686245918274 0.02465398795902729 -0.021322054788470268 -0.045201897621154785
0.00020615756511688232 0.035932283848524094 -0.9993541836738586 -66.5196304321289 -0.025136513635516167 0.9990386366844177 0.03591575101017952 0.7206809520721436 0.9996839761734009 0.025112876668572426 0.0011091697961091995 -0.039374418556690216
0.025717874988913536 0.03650178015232086 -0.9990025758743286 -67.06375122070312 -0.02432655543088913 0.9990600943565369 0.03587762266397476 0.7242870330810547 0.9993731379508972 0.023379597812891006 0.026581665500998497 -0.010399937629699707
0.054700326174497604 0.0355757400393486 -0.9978687763214111 -67.58172607421875 -0.02288246899843216 0.9991472363471985 0.03436696156859398 0.7359281778335571 0.9982405304908752 0.020953815430402756 0.05546773970127106 0.04572749137878418
0.08875419199466705 0.03571119159460068 -0.9954131841659546 -68.08937072753906 -0.021317144855856895 0.9991963505744934 0.0339462086558342 0.7407023906707764 0.9958253502845764 0.018206501379609108 0.0894441157579422 0.11359739303588867
0.12573537230491638 0.03543340787291527 -0.9914307594299316 -68.56898498535156 -0.021258197724819183 0.9992287158966064 0.03301608934998512 0.7538481950759888 0.9918360114097595 0.016924744471907616 0.12639163434505463 0.20784378051757812
0.16728195548057556 0.03567495569586754 -0.9852634072303772 -69.01166534423828 -0.02107737772166729 0.9992461204528809 0.032602645456790924 0.7496049404144287 0.9856836795806885 0.015312938950955868 0.16790777444839478 0.2931022644042969
0.21304278075695038 0.0372186116874218 -0.976333737373352 -69.38465118408203 -0.019953066483139992 0.9992315173149109 0.033737603574991226 0.741401195526123 0.9768391251564026 0.012293300591409206 0.21362166106700897 0.3829936981201172
0.26185494661331177 0.035688675940036774 -0.9644472002983093 -69.82760620117188 -0.01688282936811447 0.9993325471878052 0.03239576518535614 0.7470149993896484 0.9649595618247986 0.007799608167260885 0.26228272914886475 0.5302791595458984
0.3116689920425415 0.03097991831600666 -0.9496855735778809 -70.23416137695312 -0.009392596781253815 0.999519944190979 0.029523104429244995 0.742426872253418 0.9501442909240723 -0.00028142216615378857 0.3118104338645935 0.7127780914306641
0.36247187852859497 0.025483759120106697 -0.9316461682319641 -70.6265869140625 -0.003963562659919262 0.9996591210365295 0.025802062824368477 0.7472429275512695 0.9319863319396973 -0.005659886170178652 0.3624493479728699 0.9146633148193359
0.414709210395813 0.021003056317567825 -0.9097115397453308 -71.00611114501953 0.0013117077760398388 0.9997186660766602 0.023679079487919807 0.7461740970611572 0.9099531173706055 -0.01101321168243885 0.4145650267601013 1.1294441223144531
0.46533262729644775 0.020172931253910065 -0.8849059343338013 -71.38443756103516 0.0009849676862359047 0.9997278451919556 0.023308444768190384 0.7576479911804199 0.885135293006897 -0.011717787012457848 0.4651861786842346 1.3700733184814453
0.5144215822219849 0.019568463787436485 -0.8573141098022461 -71.74098205566406 0.0012435857206583023 0.9997214674949646 0.023565158247947693 0.7645086646080017 0.8575364351272583 -0.013188570737838745 0.5142540335655212 1.6066226959228516
0.5600577592849731 0.014621173031628132 -0.8283244967460632 -72.09661865234375 0.009290201589465141 0.9996705055236816 0.023927100002765656 0.7755821943283081 0.828401505947113 -0.02109586074948311 0.5597372651100159 1.8884620666503906
0.6035438179969788 0.008055973798036575 -0.7972891330718994 -72.41049194335938 0.019907524809241295 0.9994850158691406 0.025168897584080696 0.7751100659370422 0.7970814108848572 -0.03106258623301983 0.6030725240707397 2.19610595703125
0.6457618474960327 0.0030042272992432117 -0.7635329961776733 -72.72439575195312 0.021230138838291168 0.9995349645614624 0.021888308227062225 0.7800799608230591 0.7632437348365784 -0.03034454956650734 0.6453977227210999 2.512775421142578
0.6868045330047607 -0.001281028613448143 -0.7268410921096802 -73.01585388183594 0.018511641770601273 0.9997048377990723 0.015730030834674835 0.7747864127159119 0.7266063690185547 -0.024258477613329887 0.6866255402565002 2.8324317932128906
0.7275716662406921 -0.007001142017543316 -0.6859959363937378 -73.28462982177734 0.013789365999400616 0.9998951554298401 0.0044203512370586395 0.7750601768493652 0.6858930587768555 -0.012675568461418152 0.7275919318199158 3.1518020629882812
0.7667078971862793 -0.009516377002000809 -0.6419255137443542 -73.55586242675781 0.009068050421774387 0.9999508857727051 -0.003993243910372257 0.7778096199035645 0.6419320702552795 -0.002759362570941448 0.766756534576416 3.5206260681152344
0.803631603717804 -0.01026570238173008 -0.5950385928153992 -73.814208984375 0.0074769617058336735 0.9999464750289917 -0.007153200916945934 0.7781714200973511 0.5950801372528076 0.0012994562275707722 0.803665280342102 3.9161376953125
0.8373720049858093 -0.012255948036909103 -0.5464961528778076 -74.05902099609375 0.008746583946049213 0.9999210238456726 -0.009022640064358711 0.7770086526870728 0.5465635061264038 0.0027753328904509544 0.8374130725860596 4.349086761474609
0.8680452108383179 -0.01017915178090334 -0.4963807761669159 -74.30096435546875 0.005387372802942991 0.9999240636825562 -0.011084022931754589 0.7661617994308472 0.49645575881004333 0.0069472454488277435 0.8680341839790344 4.798460006713867
0.8938215970993042 -0.00869667436927557 -0.4483385384082794 -74.50886535644531 0.004835474770516157 0.9999407529830933 -0.009756261482834816 0.7547639608383179 0.44839683175086975 0.006552426610141993 0.8938106298446655 5.276012420654297
0.9146488308906555 -0.00269634323194623 -0.40424033999443054 -74.69793701171875 -0.0008929852629080415 0.9999618530273438 -0.008690392598509789 0.7430907487869263 0.40424835681915283 0.008309639990329742 0.9146115183830261 5.774013519287109
0.9320178031921387 0.001812630333006382 -0.3624081015586853 -74.88217163085938 -0.0059370119124650955 0.9999296069145203 -0.010267151519656181 0.7350896596908569 0.3623639941215515 0.011720789596438408 0.9319629669189453 6.289007186889648
0.945431113243103 0.007001288700848818 -0.3257467448711395 -75.06664276123047 -0.010484178550541401 0.9999051094055176 -0.008937754668295383 0.7257715463638306 0.3256532549858093 0.011865218169987202 0.9454148411750793 6.823907852172852
0.9552534818649292 0.007493290118873119 -0.295693576335907 -75.22068786621094 -0.010062317363917828 0.9999236464500427 -0.007167368195950985 0.714687168598175 0.29561731219291687 0.009822015650570393 0.955255925655365 7.390890121459961
0.9624751806259155 0.0067104194313287735 -0.27128666639328003 -75.37232971191406 -0.008581392467021942 0.9999469518661499 -0.0057109929621219635 0.7052741646766663 0.2712339162826538 0.007824706844985485 0.9624816179275513 7.974216461181641
0.9682058095932007 0.007202888373285532 -0.25005078315734863 -75.52288818359375 -0.008365347981452942 0.9999585747718811 -0.0035864333622157574 0.6934146285057068 0.25001460313796997 0.0055641657672822475 0.9682260751724243 8.586530685424805
0.9727633595466614 0.00986134447157383 -0.23159025609493256 -75.6690902709961 -0.010397757403552532 0.999945342540741 -0.0010957078775390983 0.6887028217315674 0.23156675696372986 0.003473884193226695 0.9728127717971802 9.198802947998047
0.9762689471244812 0.01464088074862957 -0.21606649458408356 -75.81256103515625 -0.014925932511687279 0.9998884797096252 0.0003125234507024288 0.684218168258667 0.216047003865242 0.0029198871925473213 0.9763786196708679 9.8336820602417
0.9790154099464417 0.018239842727780342 -0.20296847820281982 -75.9437255859375 -0.018212562426924706 0.9998321533203125 0.0020022913813591003 0.6742278933525085 0.202970951795578 0.0017363023944199085 0.9791833162307739 10.479676246643066
0.9817003607749939 0.016902728006243706 -0.1896805316209793 -76.0716781616211 -0.016862420365214348 0.999856173992157 0.0018264984246343374 0.6645773649215698 0.18968409299850464 0.0014053983613848686 0.9818442463874817 11.14651870727539
0.9842315316200256 0.01714491657912731 -0.17605195939540863 -76.1844482421875 -0.017201803624629974 0.9998512864112854 0.0012030903017148376 0.6584081053733826 0.17604640126228333 0.001844292040914297 0.9843801856040955 11.822547912597656
0.9867247939109802 0.017623910680413246 -0.1614421159029007 -76.3022232055664 -0.01761016994714737 0.9998437762260437 0.0015161315677687526 0.65736985206604 0.16144365072250366 0.0013470184057950974 0.9868810176849365 12.527252197265625
0.9888856410980225 0.018891341984272003 -0.14747250080108643 -76.40359497070312 -0.018862662836909294 0.9998207688331604 0.00159311736933887 0.6572590470314026 0.1474761664867401 0.0012063124449923635 0.9890649318695068 13.237679481506348
0.9907178282737732 0.019224096089601517 -0.13456806540489197 -76.50188446044922 -0.019521070644259453 0.9998090267181396 -0.0008876568172127008 0.6427626013755798 0.134525328874588 0.0035063300747424364 0.990903913974762 13.954700469970703
0.9921592473983765 0.019337840378284454 -0.12347503006458282 -76.59588623046875 -0.020208371803164482 0.9997789859771729 -0.005801624618470669 0.6275590658187866 0.12333554029464722 0.008251364342868328 0.9923307299613953 14.69202995300293
0.9933294653892517 0.019462980329990387 -0.11365634202957153 -76.682861328125 -0.02098241075873375 0.9997055530548096 -0.01218758337199688 0.60987788438797 0.11338569223880768 0.014491068199276924 0.9934453964233398 15.430797576904297
0.994212806224823 0.01809915155172348 -0.10589300096035004 -76.77498626708984 -0.019508307799696922 0.9997342228889465 -0.012286597862839699 0.5982471704483032 0.10564248263835907 0.014281286858022213 0.9943015575408936 16.21340560913086
0.9949087500572205 0.01981007307767868 -0.09881412982940674 -76.85921478271484 -0.020502151921391487 0.9997718334197998 -0.005993245169520378 0.5833203792572021 0.09867285192012787 0.007988633587956429 0.9950878620147705 16.98137855529785
0.9952976107597351 0.024377334862947464 -0.09374676644802094 -76.93968963623047 -0.024302126839756966 0.9997028708457947 0.0019439226016402245 0.5695038437843323 0.09376627951860428 0.00034346524626016617 0.9955942034721375 17.74930191040039
0.9956508278846741 0.024956319481134415 -0.08975932747125626 -77.008544921875 -0.024541262537240982 0.9996824264526367 0.005724935792386532 0.5554547309875488 0.08987370133399963 -0.0034972280263900757 0.9959471225738525 18.51708221435547
0.9960159063339233 0.02409721352159977 -0.0858578085899353 -77.08653259277344 -0.023774676024913788 0.9997060298919678 0.004777316935360432 0.5439743995666504 0.0859476625919342 -0.0027170414105057716 0.9962959885597229 19.276920318603516
0.9962944388389587 0.023463977500796318 -0.08274485915899277 -77.15658569335938 -0.02328144572675228 0.9997240304946899 0.0031702155247330666 0.5400171875953674 0.08279640227556229 -0.0012320475652813911 0.9965656399726868 20.054569244384766
