1.0 0.0 0.0 0.0 0.0 1.0 0.0 0.0 0.0 0.0 1.0 0.0
0.9999955892562866 0.0029639611020684242 0.00013872147246729583 -0.0056494916789233685 -0.002964145503938198 0.999994695186615 0.0013475235318765044 -0.012469126842916012 -0.00013472673890646547 -0.001347928773611784 0.9999991059303284 0.7727558016777039
0.9999852180480957 0.005407675635069609 0.0006004786700941622 -0.012571880593895912 -0.0054088463075459 0.9999834299087524 0.001965506235137582 -0.030489007011055946 -0.000589839881286025 -0.0019687246531248093 0.9999979138374329 1.5392870903015137
0.9999771118164062 0.006673665251582861 0.0011384297395125031 -0.020423809066414833 -0.006675700191408396 0.9999760985374451 0.0017930748872458935 -0.047944147139787674 -0.0011264364002272487 -0.0018006336176767945 0.9999977350234985 2.2758350372314453
0.999962329864502 0.008626936003565788 0.0010312472004443407 -0.023509427905082703 -0.008628462441265583 0.9999615550041199 0.0014835814945399761 -0.06106417998671532 -0.0010184089187532663 -0.0014924235874786973 0.9999983310699463 3.0035126209259033
0.9999585151672363 0.0089210020378232 0.0018259185599163175 -0.03556575998663902 -0.008923166431486607 0.9999594688415527 0.0011808468261733651 -0.07428168505430222 -0.001815310213714838 -0.0011970910709351301 0.999997615814209 3.7176194190979004
0.9999567866325378 0.009115914814174175 0.0018091233214363456 -0.029849976301193237 -0.009119465947151184 0.999956488609314 0.001964585855603218 -0.08627425134181976 -0.0017911355243995786 -0.001980999018996954 0.9999964237213135 4.414525032043457
0.999944806098938 0.010042017325758934 0.003087214659899473 -0.05051807314157486 -0.010057676583528519 0.9999364018440247 0.00509932916611433 -0.10343910753726959 -0.003035810776054859 -0.0051300982013344765 0.9999822378158569 5.0814528465271
0.9999427795410156 0.009751676581799984 0.004379540216177702 -0.04231220483779907 -0.009789630770683289 0.9999139308929443 0.008729938417673111 -0.10623455047607422 -0.004294031299650669 -0.00877231452614069 0.9999523162841797 5.754980087280273
0.9999431371688843 0.009066888131201267 0.005614746827632189 -0.03927335888147354 -0.009135295636951923 0.9998829364776611 0.012280132621526718 -0.11690297722816467 -0.005502745974808931 -0.012330728583037853 0.9999088644981384 6.384528636932373
0.9999428391456604 0.00821489654481411 0.006830306723713875 -0.041538055986166 -0.008313579484820366 0.999859631061554 0.01454714871942997 -0.1260598599910736 -0.0067098443396389484 -0.014603103511035442 0.9998708963394165 6.988429069519043
0.9999324083328247 0.008856561034917831 0.007533550728112459 -0.024671152234077454 -0.00896519422531128 0.9998545050621033 0.014510487206280231 -0.1373291015625 -0.00740394089370966 -0.014577046036720276 0.9998663663864136 7.574043273925781
0.9999182224273682 0.00956488586962223 0.008491992019116879 -0.022374197840690613 -0.00966604333370924 0.9998818039894104 0.011952151544392109 -0.14616596698760986 -0.008376667276024818 -0.012033256702125072 0.99989253282547 8.124300956726074
0.999910295009613 0.009479659609496593 0.009465038776397705 -0.022318877279758453 -0.00956454873085022 0.9999140501022339 0.008964131586253643 -0.14964559674263 -0.009379249066114426 -0.009053853340446949 0.9999150633811951 8.652198791503906
0.9999097585678101 0.007915218360722065 0.010857747867703438 -0.0077587515115737915 -0.007997279986739159 0.9999395608901978 0.0075354548171162605 -0.15844976902008057 -0.010797446593642235 -0.007621605880558491 0.999912679195404 9.150628089904785
0.9999080300331116 0.003964823205024004 0.01297088898718357 -0.007893435657024384 -0.004031718708574772 0.9999786019325256 0.005135350860655308 -0.16241295635700226 -0.012950250878930092 -0.005187172442674637 0.9999027252197266 9.614401817321777
0.9998878240585327 0.0021910672076046467 0.014816482551395893 0.005449175834655762 -0.0022538474295288324 0.9999885559082031 0.004221850074827671 -0.1696254014968872 -0.014807063154876232 -0.004254770465195179 0.9998813271522522 10.059261322021484
0.9998390674591064 0.006472064647823572 0.016730299219489098 0.010517746210098267 -0.00650797039270401 0.999976634979248 0.0020925651770085096 -0.17861320078372955 -0.01671636663377285 -0.002201108494773507 0.9998578429222107 10.474772453308105
0.9997429251670837 0.011008702218532562 0.019824061542749405 0.010626912117004395 -0.01104014553129673 0.9999379515647888 0.0014773816801607609 -0.18753737211227417 -0.019806571304798126 -0.0016958629712462425 0.9998024106025696 10.863327026367188
0.9996768236160278 0.01116678211838007 0.022833053022623062 0.020865023136138916 -0.01122843474149704 0.9999336004257202 0.0025736927054822445 -0.1968967467546463 -0.022802799940109253 -0.002829240867868066 0.9997360110282898 11.209081649780273
0.9996325969696045 0.007000591140240431 0.026181988418102264 0.03289869427680969 -0.007085210643708706 0.999970018863678 0.00314057944342494 -0.20352531969547272 -0.026159215718507767 -0.0033249305561184883 0.9996523261070251 11.529579162597656
0.9995810389518738 0.002585044363513589 0.028825625777244568 0.04972270131111145 -0.0026646857149899006 0.9999927282333374 0.0027248039841651917 -0.2059590071439743 -0.028818368911743164 -0.0028004739433526993 0.9995806813240051 11.807004928588867
0.9995124340057373 -0.0008268682286143303 0.03121267259120941 0.06504282355308533 0.0006975875003263354 0.9999911785125732 0.00415259413421154 -0.21186015009880066 -0.03121582604944706 -0.004128796048462391 0.9995041489601135 12.064224243164062
0.9994332790374756 -0.0012098762672394514 0.03364042565226555 0.07473677396774292 0.0010355511913076043 0.999985933303833 0.005198943894356489 -0.21809759736061096 -0.03364624083042145 -0.0051611606031656265 0.9994204044342041 12.296252250671387
0.9993542432785034 -0.0005150293582119048 0.035927437245845795 0.07830271124839783 0.000363813538569957 0.9999910593032837 0.004215335473418236 -0.2220805138349533 -0.03592929244041443 -0.0041995421051979065 0.9993454217910767 12.498163223266602
0.9992982149124146 7.452829595422372e-05 0.03745592013001442 0.09943678975105286 -0.00018973882833961397 0.9999952912330627 0.0030723633244633675 -0.23139934241771698 -0.03745551034808159 -0.003077313769608736 0.9992935061454773 12.69983196258545
0.999173641204834 0.002477070549502969 0.0405685231089592 0.09573885798454285 -0.002566927345469594 0.9999943971633911 0.0021630029659718275 -0.23541003465652466 -0.040562938898801804 -0.002265352290123701 0.9991743564605713 12.854073524475098
0.999087393283844 0.005343059077858925 0.04237730801105499 0.09718498587608337 -0.005416280589997768 0.9999839663505554 0.0016132243908941746 -0.2420855164527893 -0.04236800968647003 -0.0018412790959700942 0.9991003274917603 13.023283958435059
0.999027669429779 0.006853835191577673 0.043552085757255554 0.10542964935302734 -0.006869526579976082 0.999976396560669 0.00021064025349915028 -0.24979838728904724 -0.04354960843920708 -0.0005096173845231533 0.9990511536598206 13.180181503295898
0.998944103717804 0.005882387515157461 0.045564331114292145 0.11332324147224426 -0.0058208550326526165 0.9999819993972778 -0.0014830438885837793 -0.25638434290885925 -0.045572228729724884 0.0012162546627223492 0.9989602565765381 13.330338478088379
0.998872697353363 0.005100056063383818 0.04719389230012894 0.11691540479660034 -0.004959168843924999 0.9999828934669495 -0.0031018999870866537 -0.25948721170425415 -0.04720890149474144 0.0028643610421568155 0.9988808631896973 13.46795654296875
0.9988196492195129 0.003826604690402746 0.04842205345630646 0.12885868549346924 -0.003642379306256771 0.9999858140945435 -0.003892252454534173 -0.26235613226890564 -0.04843626171350479 0.0037112876307219267 0.9988193511962891 13.60640811920166
0.9987617135047913 0.004421580582857132 0.049553100019693375 0.13924139738082886 -0.004172124434262514 0.9999781250953674 -0.005136438645422459 -0.2668761610984802 -0.04957472160458565 0.004923336207866669 0.9987582564353943 13.742701530456543
0.9986802339553833 0.0051616160199046135 0.051097847521305084 0.1427551507949829 -0.0048120394349098206 0.99996417760849 -0.006961972452700138 -0.2747392952442169 -0.0511319525539875 0.006706899963319302 0.9986693859100342 13.858722686767578
0.9986235499382019 0.005516259931027889 0.05215902999043465 0.14623242616653442 -0.0050179301761090755 0.9999405741691589 -0.009680181741714478 -0.27075424790382385 -0.05220932513475418 0.009405126795172691 0.9985918402671814 13.985007286071777
0.9986014366149902 0.004599609412252903 0.05267015099525452 0.15709346532821655 -0.003984339069575071 0.9999226927757263 -0.011780623346567154 -0.27612462639808655 -0.052720267325639725 0.011554291471838951 0.9985424280166626 14.111502647399902
0.9986223578453064 0.003917306195944548 0.05232709273695946 0.16267216205596924 -0.0032131315674632788 0.9999032616615295 -0.013534526340663433 -0.2803427577018738 -0.052375052124261856 0.013347745873034 0.9985381960868835 14.2319917678833
0.9987369775772095 0.0034017732832580805 0.05012846738100052 0.17062830924987793 -0.002658737124875188 0.9998857975006104 -0.014881877228617668 -0.2832266688346863 -0.05017337575554848 0.014729800634086132 0.9986317753791809 14.359254837036133
0.9988769292831421 0.0033052016515284777 0.04726393520832062 0.17155635356903076 -0.002574025420472026 0.9998762011528015 -0.01552257128059864 -0.288868248462677 -0.04730938747525215 0.015383478254079819 0.9987618327140808 14.484881401062012
0.9990605711936951 0.004036279395222664 0.043147798627614975 0.17598944902420044 -0.0033038808032870293 0.9998494982719421 -0.017032045871019363 -0.28618860244750977 -0.04321005567908287 0.016873490065336227 0.9989234805107117 14.614782333374023
0.9993001222610474 0.0037246663123369217 0.03722018748521805 0.17781496047973633 -0.0030443829018622637 0.9998276233673096 -0.018317265436053276 -0.28892093896865845 -0.03728199005126953 0.018191128969192505 0.9991390705108643 14.749999046325684
0.9995235204696655 0.003761545056477189 0.03063645400106907 0.17063331604003906 -0.0031907965894788504 0.9998208284378052 -0.018657347187399864 -0.2973605990409851 -0.03070114552974701 0.018550703302025795 0.9993563890457153 14.85551643371582
0.9997150897979736 0.004046150017529726 0.023523828014731407 0.1661839485168457 -0.003584486898034811 0.9998008012771606 -0.019634496420621872 -0.29698699712753296 -0.02359858714044094 0.019544584676623344 0.9995304346084595 14.981501579284668
0.9998779296875 0.003328197868540883 0.015268782153725624 0.1605822741985321 -0.003015800379216671 0.9997865557670593 -0.020437495782971382 -0.3017145097255707 -0.015333544462919235 0.020388951525092125 0.9996745586395264 15.109976768493652
0.9999819397926331 0.002827778924256563 0.00530037097632885 0.1514621078968048 -0.0027118332218378782 0.9997596144676208 -0.02175595611333847 -0.30275455117225647 -0.005360618233680725 0.02174118533730507 0.9997493028640747 15.242819786071777
0.9999685883522034 0.0011496051447466016 -0.007844552397727966 0.14342647790908813 -0.001331076375208795 0.9997305870056152 -0.02316751889884472 -0.30934298038482666 0.007815806195139885 0.02317722886800766 0.9997007846832275 15.394269943237305
0.9997152090072632 0.00021394660871010274 -0.02386399731040001 0.12106055021286011 -0.0008172251982614398 0.9996802806854248 -0.02527298592031002 -0.30985426902770996 0.02385096438229084 0.02528528682887554 0.9993957281112671 15.547601699829102
0.9990702271461487 0.0007442175992764533 -0.04310590773820877 0.09421920776367188 -0.0018901530420407653 0.9996457099914551 -0.026549531146883965 -0.30942052602767944 0.04307087883353233 0.026606321334838867 0.9987176656723022 15.72983455657959
0.9978982210159302 0.0017141378484666348 -0.06477813422679901 0.05996108055114746 -0.003402926493436098 0.9996568560600281 -0.025969011709094048 -0.3189229965209961 0.06471138447523117 0.02613486349582672 0.9975616335868835 15.896279335021973
0.9960837364196777 0.0020462465472519398 -0.08839140087366104 0.023193717002868652 -0.0042120604775846004 0.9996954202651978 -0.02432297170162201 -0.32856979966163635 0.08831469714641571 0.02460002526640892 0.9957888126373291 16.092370986938477
0.9933539628982544 0.003288117004558444 -0.11505332589149475 -0.029937386512756348 -0.0059530725702643394 0.9997217059135437 -0.02282685600221157 -0.33360376954078674 0.11494624614715576 0.02336006611585617 0.9930969476699829 16.31702423095703
0.9894065260887146 0.004192863125354052 -0.14511102437973022 -0.09906578063964844 -0.0072647505439817905 0.9997604489326477 -0.020645787939429283 -0.3426838219165802 0.14498969912528992 0.02148127742111683 0.9891999363899231 16.54652976989746
0.9839569926261902 0.004416151437908411 -0.17835119366645813 -0.1651623249053955 -0.00762385968118906 0.9998213052749634 -0.017303992062807083 -0.3473793864250183 0.17824289202690125 0.01838611252605915 0.9838147759437561 16.784934997558594
0.9766268134117126 0.005164823029190302 -0.21487997472286224 -0.25517916679382324 -0.00818951241672039 0.9998794794082642 -0.01318826898932457 -0.3548275828361511 0.21478599309921265 0.0146397789940238 0.9765514135360718 17.029481887817383
0.967028021812439 0.006766198202967644 -0.25458037853240967 -0.3615553379058838 -0.00913727656006813 0.9999251961708069 -0.008132243528962135 -0.3559078276157379 0.25450631976127625 0.01019028015434742 0.967017412185669 17.291473388671875
0.9551219344139099 0.010465938597917557 -0.29602810740470886 -0.48552417755126953 -0.011896220967173576 0.9999245405197144 -0.0030307648703455925 -0.36391353607177734 0.29597407579421997 0.006416363641619682 0.9551743865013123 17.558380126953125
0.9410696029663086 0.013992100954055786 -0.33792340755462646 -0.6317963600158691 -0.014435390010476112 0.9998949766159058 0.001201234757900238 -0.3615795969963074 0.33790475130081177 0.0037476085126399994 0.9411728978157043 17.848587036132812
0.9242876172065735 0.016592346131801605 -0.3813360035419464 -0.7716984748840332 -0.015002653934061527 0.9998619556427002 0.007141430396586657 -0.3666815757751465 0.38140183687210083 -0.0008796830079518259 0.9244089126586914 18.11004638671875
0.9050254821777344 0.0201942790299654 -0.424877792596817 -0.943697452545166 -0.015428147278726101 0.9997736215591431 0.014655599370598793 -0.36989811062812805 0.42507752776145935 -0.0067086126655340195 0.9051321148872375 18.39443016052246
0.8832566738128662 0.02427084557712078 -0.46826112270355225 -1.1392641067504883 -0.01628762111067772 0.999644935131073 0.021090954542160034 -0.3688836991786957 0.4686066508293152 -0.01100186724215746 0.8833383917808533 18.676807403564453
0.8585367202758789 0.029323583468794823 -0.5119128227233887 -1.3417515754699707 -0.018872614949941635 0.9994940161705017 0.02560184709727764 -0.36851632595062256 0.5124046206474304 -0.012318992987275124 0.8586556911468506 18.94141387939453
0.8305594325065613 0.03327374905347824 -0.5559350252151489 -1.5642075538635254 -0.02028646692633629 0.9993587136268616 0.02950577437877655 -0.37234559655189514 0.556560218334198 -0.013228343799710274 0.8307018876075745 19.212636947631836
0.7998448014259338 0.03673184663057327 -0.5990818738937378 -1.8242559432983398 -0.022714048624038696 0.9992630481719971 0.030942464247345924 -0.363582968711853 0.5997768640518188 -0.011141596361994743 0.8000896573066711 19.48135757446289
0.7658815979957581 0.03978400677442551 -0.6417496204376221 -2.0947036743164062 -0.02326841838657856 0.9991451501846313 0.03417087346315384 -0.35929542779922485 0.6425603032112122 -0.011238349601626396 0.766152560710907 19.752946853637695
0.7288690805435181 0.04376059025526047 -0.683253288269043 -2.4001550674438477 -0.02448972873389721 0.9989830255508423 0.037857528775930405 -0.3447221517562866 0.6842151284217834 -0.010860489681363106 0.7291994094848633 20.02756690979004
0.6902490258216858 0.043802350759506226 -0.7222447991371155 -2.74434757232666 -0.021690744906663895 0.9989700317382812 0.03985520079731941 -0.31726372241973877 0.7232465744018555 -0.01184399239718914 0.6904882788658142 20.29932403564453
0.6489645838737488 0.043472785502672195 -0.7595757246017456 -3.0950069427490234 -0.01909073069691658 0.9989823698997498 0.04086404666304588 -0.30159395933151245 0.7605790495872498 -0.012018466368317604 0.6491340398788452 20.564130783081055
0.6072561740875244 0.04254705831408501 -0.793366014957428 -3.4795045852661133 -0.0136637631803751 0.9989767074584961 0.043115176260471344 -0.2928582429885864 0.7943885326385498 -0.015341594815254211 0.6072161197662354 20.801437377929688
0.5620081424713135 0.042872268706560135 -0.8260198831558228 -3.875962257385254 -0.009243523702025414 0.9989189505577087 0.04555699974298477 -0.2790783643722534 0.8270800113677979 -0.01796807162463665 0.5617969036102295 21.050193786621094
0.5149034261703491 0.044341668486595154 -0.8561006188392639 -4.310342788696289 -0.007052406668663025 0.9988466501235962 0.047493502497673035 -0.2599552869796753 0.8572190403938293 -0.018417002633213997 0.5146223306655884 21.276630401611328
0.4657752513885498 0.0438111387193203 -0.8838178515434265 -4.778836250305176 -0.006294899620115757 0.9989123940467834 0.04619898647069931 -0.23353570699691772 0.8848806619644165 -0.015954799950122833 0.46554452180862427 21.471874237060547
0.41307422518730164 0.042761869728565216 -0.9096928834915161 -5.252951145172119 -0.00040894190897233784 0.998905599117279 0.04676979407668114 -0.21766549348831177 0.9106974005699158 -0.018947387114167213 0.4126395881175995 21.65932273864746
0.3588981032371521 0.041918978095054626 -0.9324348568916321 -5.751662731170654 0.005217157304286957 0.9988852739334106 0.04691445454955101 -0.19922393560409546 0.9333621263504028 -0.021702168509364128 0.3582793176174164 21.825775146484375
0.3053168058395386 0.04073839634656906 -0.9513789415359497 -6.28750467300415 0.007831184193491936 0.9989432096481323 0.04528829827904701 -0.17290222644805908 0.9522185325622559 -0.02127770520746708 0.3046751022338867 21.96134376525879
0.25239384174346924 0.04646018519997597 -0.9665085673332214 -6.852930068969727 0.008560667745769024 0.9987003207206726 0.05024317651987076 -0.13907688856124878 0.9675866961479187 -0.020955026149749756 0.2516680955886841 22.072206497192383
0.20104539394378662 0.05138759687542915 -0.9782331585884094 -7.432506084442139 0.011072959750890732 0.9984400272369385 0.0547247938811779 -0.11096423864364624 0.9795193076133728 -0.021834101527929306 0.20016281306743622 22.153812408447266
0.15270641446113586 0.052581463009119034 -0.9868717789649963 -8.040021896362305 0.016211695969104767 0.9983159899711609 0.055699776858091354 -0.083027184009552 0.9881385564804077 -0.02450457774102688 0.15159684419631958 22.22477149963379
0.10833372920751572 0.0544063039124012 -0.9926247000694275 -8.616247177124023 0.01994658075273037 0.9981812834739685 0.05688781663775444 -0.07523322105407715 0.9939144253730774 -0.025962337851524353 0.10705146938562393 22.269506454467773
0.06816668063402176 0.052479539066553116 -0.9962928295135498 -9.251075744628906 0.019698718562722206 0.9983500242233276 0.053935714066028595 -0.043592631816864014 0.9974793791770935 -0.023302309215068817 0.06702044606208801 22.281055450439453
0.03218645974993706 0.048164885491132736 -0.9983206987380981 -9.891647338867188 0.017136257141828537 0.9986647963523865 0.048733972012996674 -0.00891411304473877 0.999334990978241 -0.018676050007343292 0.031318116933107376 22.28022575378418
0.0038956832140684128 0.04813737794756889 -0.998833179473877 -10.566915512084961 0.014665372669696808 0.9987304210662842 0.04818963631987572 0.025714755058288574 0.9998849034309387 -0.014835989102721214 0.0031847842037677765 22.255205154418945
-0.017203887924551964 0.05227299779653549 -0.99848473072052 -11.259085655212402 0.01341947354376316 0.998554527759552 0.05204544961452484 0.055278658866882324 0.9997619390487671 -0.01250375621020794 -0.01788049377501011 22.228395462036133
-0.029873128980398178 0.05811237171292305 -0.9978628754615784 -11.984580039978027 0.014829813502728939 0.9982243180274963 0.05768945440649986 0.09074783325195312 0.9994436502456665 -0.013074755668640137 -0.030681880190968513 22.19331169128418
-0.038042258471250534 0.060992613434791565 -0.9974129796028137 -12.723235130310059 0.014650310389697552 0.9980621933937073 0.06047354266047478 0.12073451280593872 0.9991686940193176 -0.012311859987676144 -0.03886210545897484 22.16107749938965
-0.04150226339697838 0.058121804147958755 -0.9974463582038879 -13.482471466064453 0.015620340593159199 0.998222291469574 0.057517074048519135 0.15632593631744385 0.9990163445472717 -0.013193365186452866 -0.0423363633453846 22.12020492553711
-0.040734462440013885 0.05429801717400551 -0.9976934194564819 -14.260933876037598 0.023044833913445473 0.9983077049255371 0.05339054390788078 0.19184845685958862 0.9989043474197388 -0.020816847681999207 -0.04191680625081062 22.090686798095703
-0.036876942962408066 0.05273350700736046 -0.9979276061058044 -15.071508407592773 0.0350346565246582 0.9980611801147461 0.051445912569761276 0.23660922050476074 0.9987055063247681 -0.033064890652894974 -0.038652945309877396 22.08323097229004
-0.03115169331431389 0.05294770374894142 -0.9981113076210022 -15.895180702209473 0.03549598157405853 0.9980247020721436 0.051835253834724426 0.27278220653533936 0.9988841414451599 -0.033814188092947006 -0.03296959400177002 22.05788803100586
-0.026154451072216034 0.05164393037557602 -0.9983230233192444 -16.759794235229492 0.033616624772548676 0.9981454014778137 0.05075402557849884 0.30497199296951294 0.9990925192832947 -0.03223281726241112 -0.02784203551709652 22.033483505249023
-0.023090364411473274 0.04504503309726715 -0.9987180829048157 -17.629741668701172 0.03718169033527374 0.9983320236206055 0.04416797682642937 0.3459218144416809 0.999041736125946 -0.0361141674220562 -0.02472669631242752 22.02286720275879
-0.021005425602197647 0.034274373203516006 -0.9991918206214905 -18.516372680664062 0.03487999737262726 0.9988289475440979 0.03352867811918259 0.3809899091720581 0.9991706609725952 -0.03414752334356308 -0.022176319733262062 22.00262451171875
-0.020436154678463936 0.025988953188061714 -0.9994533061981201 -19.414398193359375 0.027242647483944893 0.9993054270744324 0.025428064167499542 0.4059773087501526 0.9994198679924011 -0.026708105579018593 -0.021129965782165527 21.968244552612305
-0.021701941266655922 0.022898290306329727 -0.9995022416114807 -20.335886001586914 0.021856384351849556 0.9995095729827881 0.02242390066385269 0.43348872661590576 0.9995254278182983 -0.021358860656619072 -0.02219177410006523 21.934743881225586
-0.025339651852846146 0.029194863513112068 -0.9992524981498718 -21.30272102355957 0.012306248769164085 0.9995068311691284 0.028890226036310196 0.44932979345321655 0.9996031522750854 -0.011564982123672962 -0.025686435401439667 21.89566421508789
-0.03037712350487709 0.037503719329833984 -0.9988347291946411 -22.266210556030273 0.007732474710792303 0.9992747902870178 0.037285082042217255 0.472199022769928 0.9995086193084717 -0.006590850185602903 -0.030645091086626053 21.8482666015625
-0.0345422700047493 0.04688083752989769 -0.9983030557632446 -23.243240356445312 0.006209547631442547 0.9988899827003479 0.04669353738427162 0.5083675384521484 0.9993839263916016 -0.0045861112885177135 -0.03479503467679024 21.79531478881836
-0.036481406539678574 0.056914567947387695 -0.9977121949195862 -24.28652000427246 0.004834244959056377 0.9983752369880676 0.056775614619255066 0.5491625070571899 0.9993225932121277 -0.0027519313152879477 -0.036697279661893845 21.76272964477539
-0.037323612719774246 0.06457538157701492 -0.9972144961357117 -25.30474090576172 0.006770680192857981 0.9979034066200256 0.06436656415462494 0.5962121486663818 0.9992802739143372 -0.004349428229033947 -0.03768257424235344 21.721309661865234
-0.03911281004548073 0.06543368846178055 -0.9970901012420654 -26.335771560668945 0.007649083621799946 0.9978439807891846 0.0651831105351448 0.6498582363128662 0.9992055892944336 -0.005077332258224487 -0.039528988301754 21.681211471557617
-0.04056248441338539 0.06268099695444107 -0.9972089529037476 -27.331640243530273 0.006197447422891855 0.998026967048645 0.062480323016643524 0.6989130973815918 0.9991577863693237 -0.0036457928363233805 -0.04087091609835625 21.63174819946289
-0.04337159916758537 0.057707592844963074 -0.9973909854888916 -28.35004234313965 0.005782663356512785 0.9983281493186951 0.057510361075401306 0.7470474243164062 0.999042272567749 -0.0032732593826949596 -0.043632786720991135 21.58222770690918
-0.04780548810958862 0.05253700166940689 -0.9974741339683533 -29.38773536682129 0.0058279940858483315 0.9986135959625244 0.052317697554826736 0.7928985357284546 0.9988396167755127 -0.003312199842184782 -0.04804538935422897 21.522844314575195
-0.05369355157017708 0.048143140971660614 -0.9973963499069214 -30.401439666748047 0.0065120211802423 0.9988327622413635 0.04786192253232002 0.8290865421295166 0.998536229133606 -0.003925188910216093 -0.05394439399242401 21.47098731994629
-0.06031423062086105 0.046093378216028214 -0.9971145987510681 -31.42388153076172 0.005793985445052385 0.9989326596260071 0.04582694545388222 0.8703219890594482 0.9981626868247986 -0.003013250418007374 -0.06051691249012947 21.39270782470703
-0.06721153855323792 0.048583511263132095 -0.9965552091598511 -32.474578857421875 0.005844443570822477 0.9988157749176025 0.04829954728484154 0.9104297757148743 0.9977215528488159 -0.0025780238211154938 -0.06741590052843094 21.322673797607422
-0.07330445945262909 0.05312367156147957 -0.9958938360214233 -33.541160583496094 0.003993708174675703 0.998587965965271 0.0529734306037426 0.9548245668411255 0.9973016381263733 -9.41213802434504e-05 -0.07341311126947403 21.232105255126953
-0.07969771325588226 0.056382160633802414 -0.9952232241630554 -34.611610412597656 0.001613499829545617 0.9984052181243896 0.05643320456147194 0.9949296116828918 0.9968177676200867 0.0028918038588017225 -0.07966157793998718 21.142271041870117
-0.08446544408798218 0.058464452624320984 -0.9947097301483154 -35.683631896972656 -0.0016778851859271526 0.9982674717903137 0.058816030621528625 1.0446065664291382 0.9964249730110168 0.006636929232627153 -0.0842210054397583 21.042722702026367
-0.08721140027046204 0.05980163812637329 -0.9943931698799133 -36.75560760498047 -0.006124104373157024 0.9981455206871033 0.06056440249085426 1.0948668718338013 0.9961709976196289 0.011371674947440624 -0.08668344467878342 20.93994140625
-0.08876463025808334 0.060994405299425125 -0.994183361530304 -37.830482482910156 -0.010517056100070477 0.9980102777481079 0.06216820329427719 1.1485053300857544 0.9959971308708191 0.015974219888448715 -0.08794652670621872 20.82814598083496
-0.09002452343702316 0.060559410601854324 -0.994096577167511 -38.90638732910156 -0.011409217491745949 0.9980213046073914 0.06183170899748802 1.1988015174865723 0.9958741068840027 0.01690823584794998 -0.08915545791387558 20.720932006835938
-0.09162697941064835 0.05982743576169014 -0.9939945340156555 -39.987884521484375 -0.011916674673557281 0.9980561137199402 0.061170388013124466 1.2488837242126465 0.9957221150398254 0.017449969425797462 -0.09073593467473984 20.61595344543457
-0.09258699417114258 0.05893475562334061 -0.9939588904380798 -41.07500076293945 -0.012891643680632114 0.9980921149253845 0.06038068234920502 1.3035765886306763 0.9956210851669312 0.01840423047542572 -0.0916505828499794 20.513097763061523
-0.09349948167800903 0.05798531323671341 -0.9939293265342712 -42.16487503051758 -0.015294576063752174 0.9981011152267456 0.05966745689511299 1.3565512895584106 0.9955018162727356 0.02078060619533062 -0.0924350842833519 20.399375915527344
-0.09419324994087219 0.05547725409269333 -0.9940069317817688 -43.24886703491211 -0.019688602536916733 0.9981470704078674 0.05757403373718262 1.4058153629302979 0.9953592419624329 0.024993697181344032 -0.09292644262313843 20.287181854248047
-0.09445621073246002 0.050649385899305344 -0.9942396879196167 -44.333213806152344 -0.024494653567671776 0.9982844591140747 0.05318250507116318 1.4513802528381348 0.9952276945114136 0.029376976191997528 -0.09305351972579956 20.175525665283203
-0.09359795600175858 0.05004974827170372 -0.9943512678146362 -45.44333267211914 -0.026463665068149567 0.9982576370239258 0.052737388759851456 1.4944016933441162 0.9952583312988281 0.03125028684735298 -0.09211038053035736 20.059429168701172
-0.09213221073150635 0.05403423309326172 -0.9942796230316162 -46.554664611816406 -0.027335762977600098 0.9980129599571228 0.056770116090774536 1.5421651601791382 0.9953714609146118 0.03240974619984627 -0.09047207981348038 19.954059600830078
-0.09012091904878616 0.05756184458732605 -0.9942659735679626 -47.65728759765625 -0.027379587292671204 0.9978078007698059 0.06024860590696335 1.5826154947280884 0.995554506778717 0.032652247697114944 -0.08834733814001083 19.850200653076172
-0.08873346447944641 0.05707684904336929 -0.994418740272522 -48.775657653808594 -0.025543589144945145 0.9978982210159302 0.05955584719777107 1.635810136795044 0.9957277774810791 0.03068562224507332 -0.08708903193473816 19.746570587158203
-0.08600297570228577 0.056151438504457474 -0.9947112202644348 -49.88310241699219 -0.025347650051116943 0.9979639649391174 0.05852661654353142 1.6883161067962646 0.9959723353385925 0.030247051268815994 -0.08440455794334412 19.64288902282715
-0.0821845680475235 0.05637020245194435 -0.995021641254425 -51.01892852783203 -0.0298225786536932 0.9978128671646118 0.058991555124521255 1.746616244316101 0.9961707592010498 0.03452230617403984 -0.0803237110376358 19.54347038269043
-0.07628397643566132 0.05723297968506813 -0.9954421520233154 -52.14046096801758 -0.0347265750169754 0.9975929856300354 0.06001785397529602 1.7980855703353882 0.9964812397956848 0.03914669528603554 -0.07411285489797592 19.440183639526367
-0.07030259072780609 0.05677012726664543 -0.9959089159965515 -53.26246643066406 -0.03879103064537048 0.9974684715270996 0.05959733575582504 1.850449800491333 0.9967712163925171 0.04282218590378761 -0.0679224506020546 19.344146728515625
-0.06461717188358307 0.05605591461062431 -0.996334433555603 -54.41280746459961 -0.039990734308958054 0.9974735379219055 0.058713603764772415 1.9056313037872314 0.997108519077301 0.04363806173205376 -0.062212202697992325 19.266658782958984
-0.0591580867767334 0.05512846261262894 -0.9967251420021057 -55.545475006103516 -0.039532940834760666 0.9975612759590149 0.05752107873558998 1.960502028465271 0.9974654912948608 0.042806316167116165 -0.05683441832661629 19.200334548950195
-0.05354631319642067 0.054884739220142365 -0.9970558881759644 -56.6905403137207 -0.03791767731308937 0.9976565837860107 0.056954145431518555 2.0083231925964355 0.9978451728820801 0.04085573926568031 -0.051339730620384216 19.126331329345703
-0.04833539202809334 0.05580781027674675 -0.9972708225250244 -57.8324089050293 -0.03678460419178009 0.9976610541343689 0.05761251226067543 2.056856155395508 0.9981536269187927 0.03946894034743309 -0.0461694672703743 19.072059631347656
-0.04216909036040306 0.05724932998418808 -0.9974689483642578 -58.99182891845703 -0.035975415259599686 0.997622549533844 0.058779049664735794 2.107717514038086 0.9984625577926636 0.038363017141819 -0.0400092676281929 19.015413284301758
-0.036621976643800735 0.05853648483753204 -0.997613251209259 -60.1449089050293 -0.036551300436258316 0.9975364804267883 0.05987376347184181 2.1602604389190674 0.9986604452133179 0.03865676373243332 -0.03439216688275337 18.971351623535156
-0.0315396785736084 0.05754760280251503 -0.9978444576263428 -61.30537033081055 -0.03633519634604454 0.9976151585578918 0.05868286266922951 2.2130494117736816 0.9988417625427246 0.038107700645923615 -0.02937345579266548 18.934837341308594
-0.027076363563537598 0.053246594965457916 -0.9982142448425293 -62.464134216308594 -0.0360676534473896 0.9978781342506409 0.05420700088143349 2.256392240524292 0.9989824891090393 0.0374709814786911 -0.025098435580730438 18.90317153930664
-0.023018207401037216 0.04770996421575546 -0.9985959529876709 -63.61737060546875 -0.0360616035759449 0.9981709718704224 0.048520904034376144 2.3030362129211426 0.99908447265625 0.03712783753871918 -0.02125561237335205 18.87969207763672
-0.01889617368578911 0.04750819131731987 -0.9986920356750488 -64.80453491210938 -0.0355062410235405 0.9982086420059204 0.04815699905157089 2.342395305633545 0.9991908669471741 0.03636978939175606 -0.01717548444867134 18.840974807739258
-0.01624448038637638 0.05050267279148102 -0.9985917806625366 -65.97574615478516 -0.03469120338559151 0.9980937242507935 0.05104181915521622 2.3699774742126465 0.9992660284042358 0.03547149524092674 -0.014461517333984375 18.839698791503906
-0.01385632436722517 0.05015105754137039 -0.998645544052124 -67.1417236328125 -0.03533167392015457 0.9980931282043457 0.05061355233192444 2.4148740768432617 0.9992796182632446 0.03598513826727867 -0.012057982385158539 18.813026428222656
-0.013181952759623528 0.04993114247918129 -0.9986656308174133 -68.30590057373047 -0.03714245185256004 0.998038649559021 0.05039006099104881 2.4606595039367676 0.999222993850708 0.037757135927677155 -0.011301533319056034 18.79532241821289
-0.012202484533190727 0.05089207738637924 -0.998629629611969 -69.48785400390625 -0.03778362646698952 0.9979672431945801 0.05132000893354416 2.4998369216918945 0.9992113709449768 0.03835808113217354 -0.010254792869091034 18.76940155029297
-0.010719469748437405 0.05036057159304619 -0.9986736178398132 -70.6672134399414 -0.038348354399204254 0.9979755282402039 0.050736986100673676 2.542480230331421 0.9992069602012634 0.038841355592012405 -0.008766522631049156 18.74679183959961
-0.009702101349830627 0.04866057634353638 -0.9987682104110718 -71.83380126953125 -0.03877170756459236 0.9980459213256836 0.04900200292468071 2.5783627033233643 0.9992009997367859 0.03919937461614609 -0.007796487305313349 18.727235794067383
-0.00950008537620306 0.047568753361701965 -0.9988229274749756 -73.03214263916016 -0.03673249110579491 0.9981771111488342 0.04788738116621971 2.6183979511260986 0.9992800951004028 0.03714417666196823 -0.007735449355095625 18.719562530517578
-0.008664257824420929 0.04683390259742737 -0.9988651275634766 -74.21881866455078 -0.03376173973083496 0.9983193278312683 0.04710116237401962 2.6647324562072754 0.9993923306465149 0.03413151577115059 -0.007068503648042679 18.70398712158203
-0.008912409655749798 0.04832299426198006 -0.9987921118736267 -75.40288543701172 -0.03102697618305683 0.9983373880386353 0.048577867448329926 2.6956257820129395 0.9994787573814392 0.0314224436879158 -0.0073982770554721355 18.697399139404297
-0.008796238340437412 0.05120261758565903 -0.9986495971679688 -76.58958435058594 -0.030642220750451088 0.9982053637504578 0.0514497384428978 2.7355153560638428 0.9994916915893555 0.03105340339243412 -0.0072114914655685425 18.682430267333984
-0.008631418459117413 0.054578639566898346 -0.9984721541404724 -77.77581024169922 -0.03279297053813934 0.9979568719863892 0.05483395233750343 2.779188632965088 0.9994248747825623 0.03321614861488342 -0.0068239872343838215 18.669158935546875
-0.00786992721259594 0.05477406084537506 -0.998467743396759 -78.9542465209961 -0.03498771786689758 0.9978722929954529 0.05501715838909149 2.8237152099609375 0.9993566870689392 0.03536708652973175 -0.005936764180660248 18.650758743286133
-0.007601944729685783 0.05241772159934044 -0.9985963106155396 -80.13220977783203 -0.03615822270512581 0.997957706451416 0.05265945941209793 2.8691554069519043 0.9993172287940979 0.036507781594991684 -0.005691086407750845 18.64009666442871
-0.008066373877227306 0.04993388056755066 -0.9987199306488037 -81.32440948486328 -0.03548590466380119 0.998108983039856 0.050189945846796036 2.9162638187408447 0.9993376135826111 0.03584533557295799 -0.006279171910136938 18.631328582763672
-0.007937131449580193 0.04940759018063545 -0.9987472295761108 -82.50758361816406 -0.03318294510245323 0.9982155561447144 0.04964500665664673 2.95723295211792 0.999417781829834 0.03353540971875191 -0.006283478811383247 18.618854522705078
-0.008161001838743687 0.05108897387981415 -0.9986607432365417 -83.69511413574219 -0.03199777752161026 0.9981692433357239 0.051325321197509766 2.989990711212158 0.9994546175003052 0.03237379714846611 -0.0065113273449242115 18.609603881835938
-0.007857125252485275 0.05394354090094566 -0.9985130429267883 -84.86598205566406 -0.03111737221479416 0.9980471134185791 0.05416322499513626 3.030574321746826 0.9994848370552063 0.031496670097112656 -0.006163200829178095 18.59799575805664
-0.007466678041964769 0.056413158774375916 -0.9983795881271362 -86.03963470458984 -0.03173641860485077 0.9978911280632019 0.05662290006875992 3.071296453475952 0.9994683265686035 0.03210777789354324 -0.005660580471158028 18.586402893066406
-0.006950209848582745 0.056330230087041855 -0.9983879327774048 -87.22659301757812 -0.03416787460446358 0.997815728187561 0.056535813957452774 3.1175107955932617 0.9993918538093567 0.03450573608279228 -0.005010343622416258 18.56153106689453
-0.007022383622825146 0.05413127318024635 -0.9985091090202332 -88.39907836914062 -0.03348624333739281 0.9979609251022339 0.054337069392204285 3.1638529300689697 0.9994145035743713 0.03381790220737457 -0.005195411387830973 18.554922103881836
-0.006690233014523983 0.05295804515480995 -0.9985743761062622 -89.56819915771484 -0.03205621615052223 0.9980719685554504 0.053146183490753174 3.2041702270507812 0.999463677406311 0.0323660746216774 -0.004979700781404972 18.540725708007812
-0.006193017587065697 0.05402292683720589 -0.9985203742980957 -90.72491455078125 -0.030220482498407364 0.9980734586715698 0.054186176508665085 3.247499465942383 0.9995239973068237 0.03051134943962097 -0.004548488184809685 18.52881622314453
-0.006213094107806683 0.05653560906648636 -0.9983813166618347 -91.90281677246094 -0.027899514883756638 0.9980021119117737 0.056687772274017334 3.2989771366119385 0.9995914101600647 0.028206558898091316 -0.004623365588486195 18.52358627319336
-0.0060964119620621204 0.059376876801252365 -0.9982171654701233 -93.07764434814453 -0.026739975437521935 0.9978689551353455 0.05951948091387749 3.340156078338623 0.9996237754821777 0.027055155485868454 -0.004495684988796711 18.517993927001953
-0.0057303826324641705 0.06109236925840378 -0.9981157779693604 -94.24425506591797 -0.027264202013611794 0.9977515339851379 0.061226606369018555 3.390756845474243 0.9996118545532227 0.027563681825995445 -0.004051863215863705 18.507465362548828
-0.004997959826141596 0.06318031251430511 -0.9979896545410156 -95.40897369384766 -0.030108055099844933 0.9975400567054749 0.06330264359712601 3.4411673545837402 0.9995341897010803 0.030363909900188446 -0.0030834288336336613 18.488170623779297
-0.00466265669092536 0.06250594556331635 -0.9980337023735046 -96.56478881835938 -0.03212245553731918 0.9975201487541199 0.06262385100126266 3.4872288703918457 0.9994730353355408 0.032351285219192505 -0.0026432503946125507 18.476652145385742
-0.004649345763027668 0.05812058225274086 -0.9982987642288208 -97.71818542480469 -0.034418947994709015 0.997708797454834 0.058246538043022156 3.5425591468811035 0.9993966221809387 0.03463120013475418 -0.0026382433716207743 18.459091186523438
-0.004414575640112162 0.05639474838972092 -0.9983987808227539 -98.87632751464844 -0.03609628230333328 0.997748851776123 0.05651763826608658 3.593416452407837 0.9993385672569275 0.036287978291511536 -0.002368997549638152 18.446243286132812
-0.0041755312122404575 0.05488809570670128 -0.9984837174415588 -100.03099822998047 -0.03555981069803238 0.9978528022766113 0.0550021231174469 3.631791114807129 0.9993587732315063 0.03573555871844292 -0.0022147560957819223 18.437780380249023
-0.004118675831705332 0.055420029908418655 -0.9984546303749084 -101.19691467285156 -0.0342082716524601 0.997870922088623 0.05552873760461807 3.677997350692749 0.9994061589241028 0.0343841128051281 -0.0022140839137136936 18.436737060546875
-0.0038954876363277435 0.05750337615609169 -0.9983377456665039 -102.34015655517578 -0.03441501036286354 0.9977461099624634 0.05760359764099121 3.722017526626587 0.9994000196456909 0.03458219766616821 -0.0019077286124229431 18.42025375366211
