1.0 0.0 0.0 0.0 0.0 1.0 0.0 0.0 0.0 0.0 1.0 0.0
0.9999956488609314 0.0029416403267532587 0.00015132692351471633 -0.005911353975534439 -0.002941846614703536 0.999994695186615 0.0013805130729451776 -0.012899364344775677 -0.00014726514928042889 -0.0013809523079544306 0.9999990463256836 0.7725096940994263
0.9999849200248718 0.005462395027279854 0.0005829421570524573 -0.011813700199127197 -0.0054635051637887955 0.9999832510948181 0.0019203018164262176 -0.029722290113568306 -0.0005724429502151906 -0.0019234580686315894 0.9999979734420776 1.540338158607483
0.999977171421051 0.006667729001492262 0.0010941365035250783 -0.01984458416700363 -0.006669699214398861 0.9999760985374451 0.0018067826749756932 -0.0480741485953331 -0.0010820633033290505 -0.0018140391912311316 0.9999977946281433 2.275850534439087
0.999962329864502 0.00862282607704401 0.0009813511278480291 -0.022977564483880997 -0.008624285459518433 0.9999616742134094 0.0014942244160920382 -0.061219099909067154 -0.0009684290271252394 -0.0015026313485577703 0.9999984502792358 3.003222703933716
0.999959409236908 0.00884255301207304 0.0016886912053450942 -0.0325193926692009 -0.008844622410833836 0.9999600648880005 0.0012219579657539725 -0.07447349280118942 -0.001677818363532424 -0.0012368442257866263 0.9999978542327881 3.720426082611084
0.999957799911499 0.00903207715600729 0.0017120866104960442 -0.02670552395284176 -0.00903556402772665 0.9999570846557617 0.002040580380707979 -0.08614738285541534 -0.001693582278676331 -0.0020559639669954777 0.9999964833259583 4.417356491088867
0.9999464154243469 0.009966371580958366 0.0028075985610485077 -0.044176481664180756 -0.00998055748641491 0.9999372959136963 0.005085019860416651 -0.10284896194934845 -0.002756743459030986 -0.005112769082188606 0.9999831914901733 5.089575290679932
0.9999442100524902 0.009684395976364613 0.00419799517840147 -0.03840884566307068 -0.009721052832901478 0.9999139904975891 0.008801348507404327 -0.10647867619991302 -0.0041123987175524235 -0.008841665461659431 0.9999523758888245 5.756042957305908
0.9999450445175171 0.008983355946838856 0.005390285048633814 -0.03544867783784866 -0.009049997664988041 0.9998812675476074 0.012469107285141945 -0.11835185438394547 -0.005277631338685751 -0.012517204508185387 0.9999076128005981 6.384008884429932
0.9999443292617798 0.008219747804105282 0.006612545344978571 -0.03821776807308197 -0.008315679617226124 0.9998586177825928 0.014613292180001736 -0.1262509524822235 -0.006491492968052626 -0.014667467214167118 0.9998713731765747 6.98988676071167
0.9999337196350098 0.008862441405653954 0.007347540929913521 -0.02068275399506092 -0.008968260139226913 0.9998546838760376 0.01449605356901884 -0.13546551764011383 -0.0072180042043328285 -0.01456099096685648 0.9998679161071777 7.577094078063965
0.9999209642410278 0.00947949942201376 0.008258922956883907 -0.017227444797754288 -0.00957805197685957 0.9998824000358582 0.011976078152656555 -0.1448836624622345 -0.008144424296915531 -0.01205423567444086 0.9998942017555237 8.13042163848877
0.9999133348464966 0.00939294695854187 0.009224101901054382 -0.01655542105436325 -0.009475070051848888 0.9999154806137085 0.008900213055312634 -0.1474691927433014 -0.00913972407579422 -0.008986840955913067 0.9999178051948547 8.66236686706543
0.9999119639396667 0.00791988242417574 0.010640179738402367 -0.004225218668580055 -0.008000723086297512 0.9999392032623291 0.00757671007886529 -0.15687105059623718 -0.010579527355730534 -0.007661174051463604 0.9999146461486816 9.158172607421875
0.9999092221260071 0.004040459170937538 0.012849703431129456 -0.00494814570993185 -0.004105669446289539 0.99997878074646 0.005052541848272085 -0.16000430285930634 -0.012829016894102097 -0.00510483980178833 0.9999046921730042 9.618783950805664
0.9998921155929565 0.0019960885401815176 0.014553575776517391 0.010538874194025993 -0.0020581090357154608 0.999988853931427 0.004247790668159723 -0.16846461594104767 -0.014544934965670109 -0.004277285188436508 0.999885082244873 10.063156127929688
0.9998478293418884 0.0062896572053432465 0.01626943238079548 0.017228316515684128 -0.006327610928565264 0.9999773502349854 0.0022823724430054426 -0.17931412160396576 -0.016254708170890808 -0.0023849718272686005 0.9998650550842285 10.477933883666992
0.9997520446777344 0.010809230618178844 0.019468389451503754 0.017164837568998337 -0.01084060873836279 0.999940037727356 0.001506991102360189 -0.18659527599811554 -0.01945093460381031 -0.0017176662804558873 0.9998093247413635 10.867667198181152
0.9996815323829651 0.011048413813114166 0.022689776495099068 0.024509547278285027 -0.011110728606581688 0.999934732913971 0.0026221629232168198 -0.1967424750328064 -0.02265932597219944 -0.0028734279330819845 0.9997391104698181 11.209135055541992
0.9996349811553955 0.006785857956856489 0.026152784004807472 0.032631766051054 -0.006872289814054966 0.9999711513519287 0.0032164473086595535 -0.2037704437971115 -0.026130205020308495 -0.003395003266632557 0.9996528029441833 11.529574394226074
0.9995895028114319 0.0025646837893873453 0.028534162789583206 0.053909219801425934 -0.0026437926571816206 0.9999927282333374 0.0027350494638085365 -0.20356859266757965 -0.028526941314339638 -0.0028093652799725533 0.9995890259742737 11.81138801574707
0.999521017074585 -0.0008944753790274262 0.030933909118175507 0.06822890043258667 0.0007671740022487938 0.9999911785125732 0.0041268859058618546 -0.20956434309482574 -0.030937328934669495 -0.004101177677512169 0.9995129108428955 12.068650245666504
0.9994444251060486 -0.0012148591922596097 0.033305518329143524 0.07960738241672516 0.0010437204036861658 0.9999861717224121 0.00515535706654191 -0.21529215574264526 -0.03331132233142853 -0.005117731634527445 0.9994319677352905 12.300253868103027
0.9993725419044495 -0.0006565587245859206 0.035413194447755814 0.08569725602865219 0.0005055916262790561 0.9999908208847046 0.004271813668310642 -0.22049909830093384 -0.03541567176580429 -0.004251228179782629 0.9993636608123779 12.50423526763916
0.9993136525154114 3.709478914970532e-05 0.037042077630758286 0.10463748872280121 -0.00014926836593076587 0.9999954700469971 0.003025528509169817 -0.2286267876625061 -0.0370417982339859 -0.00302898115478456 0.9993091821670532 12.703340530395508
0.9991869926452637 0.0024903379380702972 0.040238216519355774 0.10008745640516281 -0.0025787746999412775 0.9999943971633911 0.002146075014024973 -0.23248447477817535 -0.04023264721035957 -0.0022480955813080072 0.9991877675056458 12.860136985778809
0.9991060495376587 0.005486621055752039 0.041915472596883774 0.10335956513881683 -0.005551858339458704 0.9999836087226868 0.0014401432126760483 -0.23797062039375305 -0.04190688207745552 -0.0016715647652745247 0.9991201162338257 13.03072452545166
0.9990448355674744 0.006830338388681412 0.04315950721502304 0.11062443256378174 -0.006840219255536795 0.999976634979248 8.125630847644061e-05 -0.24611935019493103 -0.04315794259309769 -0.0003763995773624629 0.9990682601928711 13.185140609741211
0.9989661574363708 0.00576636241748929 0.04509282484650612 0.12024535238742828 -0.005705926567316055 0.9999826550483704 -0.0014688738156110048 -0.2544657588005066 -0.045100513845682144 0.0012100585736334324 0.998981773853302 13.333394050598145
0.9988968968391418 0.004725680686533451 0.046718571335077286 0.12613672018051147 -0.004591878969222307 0.9999850392341614 -0.00297090457752347 -0.25541457533836365 -0.04673191159963608 0.0027531017549335957 0.9989036917686462 13.478507041931152
0.9988304972648621 0.00393673637881875 0.04818813502788544 0.13210059702396393 -0.0037525806110352278 0.9999852776527405 -0.003911467269062996 -0.2584321200847626 -0.04820282384753227 0.0037260628305375576 0.9988306760787964 13.616528511047363
0.9987601637840271 0.004783306736499071 0.04955087974667549 0.14093241095542908 -0.004524839110672474 0.9999755620956421 -0.005327066872268915 -0.2613287568092346 -0.04957515001296997 0.005096252541989088 0.9987574219703674 13.75060749053955
0.9986968040466309 0.005364443641155958 0.050751905888319016 0.14632178843021393 -0.005005196668207645 0.9999614953994751 -0.007202927954494953 -0.2672134339809418 -0.05078859254717827 0.0069395191967487335 0.998685359954834 13.872171401977539
0.9986495971679688 0.005569188389927149 0.05165188014507294 0.15470650792121887 -0.005077778827399015 0.9999406337738037 -0.009640242904424667 -0.2672217786312103 -0.05170249938964844 0.00936494767665863 0.9986186623573303 13.998462677001953
0.9986212253570557 0.004913201555609703 0.05226314440369606 0.16381415724754333 -0.004302439745515585 0.9999212026596069 -0.011792383156716824 -0.2725318968296051 -0.05231696739792824 0.011551265604794025 0.9985637068748474 14.126265525817871
0.9986306428909302 0.004114359151571989 0.052150625735521317 0.16404366493225098 -0.0034141435753554106 0.9999029040336609 -0.013508775271475315 -0.27867212891578674 -0.05220114439725876 0.013312228955328465 0.9985478520393372 14.246837615966797
0.9987518787384033 0.0035293716937303543 0.049821335822343826 0.17413006722927094 -0.0027927325572818518 0.9998857975006104 -0.014847495593130589 -0.28099218010902405 -0.04986805468797684 0.014689828269183636 0.9986477494239807 14.37242603302002
0.9988910555839539 0.003915966954082251 0.046916790306568146 0.17813926935195923 -0.0031827024649828672 0.9998717308044434 -0.015693582594394684 -0.2844179570674896 -0.046972230076789856 0.015526858158409595 0.9987755417823792 14.504486083984375
0.9990662932395935 0.004535214509814978 0.042963333427906036 0.17398710548877716 -0.003796378383412957 0.9998437166213989 -0.01726291887462139 -0.2821402847766876 -0.04303491488099098 0.017083697021007538 0.9989274740219116 14.625922203063965
0.9992899894714355 0.004374656826257706 0.03742286562919617 0.16926312446594238 -0.003687337739393115 0.9998236298561096 -0.01841563545167446 -0.2868615984916687 -0.03749683126807213 0.018264567479491234 0.9991298317909241 14.749820709228516
0.9995270371437073 0.004071259405463934 0.03048049844801426 0.17201213538646698 -0.003500677179545164 0.9998182058334351 -0.01874958537518978 -0.29447200894355774 -0.030551284551620483 0.018634017556905746 0.9993594884872437 14.866565704345703
0.9997302889823914 0.0038815452717244625 0.02289724536240101 0.17359034717082977 -0.0034394506365060806 0.9998075366020203 -0.019315656274557114 -0.300407737493515 -0.022967807948589325 0.01923169009387493 0.9995512366294861 14.990262031555176
0.9998832941055298 0.0035218987613916397 0.01486123725771904 0.16647519171237946 -0.003219678532332182 0.9997885227203369 -0.020311275497078896 -0.2997787594795227 -0.014929627999663353 0.02026105672121048 0.9996832609176636 15.125556945800781
0.9999830722808838 0.0028062607161700726 0.005102386232465506 0.1505891978740692 -0.002695856848731637 0.9997648596763611 -0.021517420187592506 -0.3034035563468933 -0.005161568056792021 0.021503301337361336 0.9997554421424866 15.25544261932373
0.9999658465385437 0.001338238944299519 -0.008156334049999714 0.14749087393283844 -0.0015271877637133002 0.999729573726654 -0.023203765973448753 -0.3048906922340393 0.008123070932924747 0.023215431720018387 0.9996975064277649 15.407820701599121
0.9997090697288513 0.0005525822634808719 -0.024114081636071205 0.1232050359249115 -0.0011604586616158485 0.9996816515922546 -0.025201650336384773 -0.30807557702064514 0.024092476814985275 0.025222301483154297 0.999391496181488 15.557997703552246
0.9990545511245728 0.0008769134292379022 -0.043466269969940186 0.09739021211862564 -0.002024306682869792 0.9996503591537476 -0.02636033110320568 -0.3092424273490906 0.0434279628098011 0.026423396542668343 0.998707115650177 15.739274978637695
0.997876763343811 0.00210148305632174 -0.06509728729724884 0.05789772793650627 -0.0037913720589131117 0.9996587038040161 -0.025846783071756363 -0.3161325454711914 0.06502076238393784 0.02603871375322342 0.9975441098213196 15.912595748901367
0.996043860912323 0.002400447614490986 -0.08883129805326462 0.022263484075665474 -0.004587540403008461 0.9996911287307739 -0.024424778297543526 -0.32323968410491943 0.08874522149562836 0.024735670536756516 0.9957471489906311 16.115102767944336
0.9933204650878906 0.003251304617151618 -0.1153424084186554 -0.024390636011958122 -0.005933972541242838 0.9997196197509766 -0.022922556847333908 -0.33025267720222473 0.11523555964231491 0.023453881964087486 0.9930612444877625 16.32837677001953
0.989383339881897 0.004367478657513857 -0.14526362717151642 -0.0925622433423996 -0.007419736124575138 0.999762773513794 -0.02047671005129814 -0.3409613370895386 0.14513972401618958 0.021337131038308144 0.9891811013221741 16.550329208374023
0.9839171171188354 0.004265820607542992 -0.17857466638088226 -0.16469638049602509 -0.007467435207217932 0.9998232126235962 -0.017260398715734482 -0.34251517057418823 0.1784694492816925 0.018316294997930527 0.9837749004364014 16.805110931396484
0.976547360420227 0.005424163769930601 -0.21523414552211761 -0.255439817905426 -0.00846522580832243 0.9998769760131836 -0.013209789991378784 -0.34974485635757446 0.21513600647449493 0.01472199335694313 0.9764730334281921 17.054044723510742
0.9668766260147095 0.006857755593955517 -0.2551521062850952 -0.3529122471809387 -0.009180285036563873 0.9999266266822815 -0.007912730798125267 -0.3543171286582947 0.25507915019989014 0.009993000887334347 0.96686851978302 17.305334091186523
0.95510333776474 0.010769858956336975 -0.2960769534111023 -0.48380041122436523 -0.01219338271766901 0.9999212622642517 -0.0029618311673402786 -0.3590923845767975 0.29602178931236267 0.006439035292714834 0.9551594853401184 17.576414108276367
0.9408881068229675 0.014123236760497093 -0.33842286467552185 -0.6220878958702087 -0.014598570764064789 0.9998927712440491 0.001140876323916018 -0.35954052209854126 0.3384026288986206 0.0038670531939715147 0.9409934878349304 17.852378845214844
0.9241436719894409 0.016580820083618164 -0.3816852569580078 -0.7658984065055847 -0.015070524998009205 0.9998623132705688 0.006946054752916098 -0.36318710446357727 0.381747841835022 -0.0006669546128250659 0.9242662191390991 18.1198787689209
0.9047902822494507 0.02024516463279724 -0.425375759601593 -0.9354829788208008 -0.01540481299161911 0.9997714757919312 0.014816105365753174 -0.3711062967777252 0.4255785346031189 -0.006852633785456419 0.904895544052124 18.40479850769043
0.8830519318580627 0.024409396573901176 -0.4686400294303894 -1.113227128982544 -0.0163666233420372 0.9996406435966492 0.021227480843663216 -0.3685239553451538 0.4689897894859314 -0.011074910871684551 0.883134126663208 18.665346145629883
0.8582746386528015 0.030140511691570282 -0.5123047828674316 -1.3257417678833008 -0.019542530179023743 0.9994692802429199 0.02606194093823433 -0.37271830439567566 0.512818455696106 -0.012356570921838284 0.8584081530570984 18.945829391479492
0.8302644491195679 0.033302824944257736 -0.5563738942146301 -1.5542888641357422 -0.020347705110907555 0.9993590712547302 0.02945411577820778 -0.36933451890945435 0.5569982528686523 -0.01313377358019352 0.8304098844528198 19.221132278442383
0.7994809150695801 0.037196408957242966 -0.5995386838912964 -1.7994892597198486 -0.022760935127735138 0.9992400407791138 0.03164300322532654 -0.37021398544311523 0.6002600789070129 -0.011651918292045593 0.7997199892997742 19.476318359375
0.7652121186256409 0.040470972657203674 -0.6425049304962158 -2.0671396255493164 -0.023623602464795113 0.9991150498390198 0.03479832783341408 -0.364786833524704 0.6433447003364563 -0.011449817568063736 0.7654910087585449 19.75295639038086
0.7283647060394287 0.0442553274333477 -0.6837589740753174 -2.383180618286133 -0.024814417585730553 0.9989610910415649 0.03822312131524086 -0.34559598565101624 0.6847401857376099 -0.010873292572796345 0.7287061214447021 20.033273696899414
0.6895625591278076 0.04431009292602539 -0.722869336605072 -2.7149391174316406 -0.021686552092432976 0.9989423155784607 0.040545351803302765 -0.3211115598678589 0.7239013910293579 -0.012282012030482292 0.68979412317276 20.297700881958008
0.6483408212661743 0.04416774958372116 -0.7600679397583008 -3.0636754035949707 -0.019215457141399384 0.9989470839500427 0.041658226400613785 -0.3063144087791443 0.7611077427864075 -0.012403677217662334 0.6485069394111633 20.557586669921875
0.6060346961021423 0.0430029071867466 -0.7942749261856079 -3.4452168941497803 -0.013355346396565437 0.9989469051361084 0.04389389604330063 -0.2965843975543976 0.7953261137008667 -0.015993405133485794 0.6059707999229431 20.802448272705078
0.5607590675354004 0.04285956174135208 -0.8268690705299377 -3.854025363922119 -0.008698733523488045 0.9989091157913208 0.04587778076529503 -0.27766841650009155 0.8279333114624023 -0.01853366754949093 0.5605202317237854 21.055824279785156
0.5146499276161194 0.04454304650425911 -0.8562425374984741 -4.278419017791748 -0.006624726578593254 0.9988263249397278 0.04797864705324173 -0.2596206068992615 0.8573747277259827 -0.01901983469724655 0.5143410563468933 21.26205062866211
0.46456995606422424 0.0439603291451931 -0.884444534778595 -4.732674598693848 -0.005546886939555407 0.9988918304443359 0.046735212206840515 -0.23507720232009888 0.8855190277099609 -0.0168058592826128 0.4642989933490753 21.459636688232422
0.41275352239608765 0.04319759085774422 -0.9098178744316101 -5.220689296722412 0.00031700992258265615 0.9988678693771362 0.04756944626569748 -0.21950800716876984 0.9108427166938782 -0.019922880455851555 0.41227254271507263 21.643417358398438
0.3581079840660095 0.04206719249486923 -0.9327320456504822 -5.729628562927246 0.0052199033088982105 0.9988787174224854 0.047054581344127655 -0.1941280961036682 0.9336655735969543 -0.021719392389059067 0.35748687386512756 21.824142456054688
0.30468541383743286 0.041059400886297226 -0.951567530632019 -6.243653774261475 0.007613826543092728 0.9989333748817444 0.04554109275341034 -0.17014721035957336 0.9524226188659668 -0.02112078107893467 0.3040477931499481 21.95276641845703
0.2513863444328308 0.04673374071717262 -0.9667578339576721 -6.799714088439941 0.008630212396383286 0.9986856579780579 0.050521258264780045 -0.13975225389003754 0.9678483605384827 -0.0210436824709177 0.250652551651001 22.057147979736328
0.19954274594783783 0.05214957520365715 -0.9785003662109375 -7.3948822021484375 0.011083519086241722 0.9983988404273987 0.0554702989757061 -0.11496121436357498 0.9798263907432556 -0.021913927048444748 0.1986452341079712 22.151168823242188
0.15191572904586792 0.05322806164622307 -0.9869591593742371 -7.981472492218018 0.01645602472126484 0.9982743859291077 0.05637125298380852 -0.08793275058269501 0.9882564544677734 -0.024805108085274696 0.1507776379585266 22.213712692260742
0.1073613241314888 0.05466695502400398 -0.9927160143852234 -8.598063468933105 0.01871892251074314 0.9981990456581116 0.05699332430958748 -0.06520151346921921 0.9940438270568848 -0.024701451882719994 0.10614466667175293 22.257055282592773
0.06730916351079941 0.052913133054971695 -0.9963281154632568 -9.231534004211426 0.018589962273836136 0.9983528852462769 0.05427655205130577 -0.03690880909562111 0.9975590109825134 -0.022175012156367302 0.0662146583199501 22.265579223632812
0.031649086624383926 0.04855024442076683 -0.9983192086219788 -9.869119644165039 0.016459790989756584 0.9986587762832642 0.049088574945926666 -0.003449243726208806 0.9993634819984436 -0.017985733225941658 0.030807513743638992 22.263410568237305
0.0034307881724089384 0.04838968813419342 -0.9988226294517517 -10.54733657836914 0.014000274240970612 0.9987282156944275 0.048433203250169754 0.0335441492497921 0.9998961687088013 -0.014149954542517662 0.002748959930613637 22.23734474182129
-0.01751326397061348 0.05272757634520531 -0.9984554052352905 -11.24977970123291 0.013086451217532158 0.9985350966453552 0.05250224098563194 0.06257759779691696 0.9997609853744507 -0.012146749533712864 -0.01817762292921543 22.20587921142578
-0.030808839946985245 0.05878962203860283 -0.9977948665618896 -11.974518775939941 0.014843500219285488 0.9981855750083923 0.05835432931780815 0.09385889023542404 0.9994150996208191 -0.013012939132750034 -0.03162558376789093 22.18749237060547
-0.03864620625972748 0.061296749860048294 -0.9973711371421814 -12.71674633026123 0.014222288504242897 0.9980494976043701 0.060787349939346313 0.12968820333480835 0.999151885509491 -0.01183569896966219 -0.039442602545022964 22.14855194091797
-0.04254041612148285 0.058470819145441055 -0.9973822832107544 -13.48603630065918 0.015376686118543148 0.9982059597969055 0.0578632652759552 0.16517725586891174 0.9989764094352722 -0.0128749068826437 -0.04336319491267204 22.10956382751465
-0.041531872004270554 0.0545126348733902 -0.9976489543914795 -14.264034271240234 0.02262616716325283 0.9983057379722595 0.05360660329461098 0.2030712068080902 0.9988809823989868 -0.020346591249108315 -0.04269492253661156 22.080238342285156
-0.03754100948572159 0.053140658885240555 -0.9978811144828796 -15.075801849365234 0.034902989864349365 0.9980455040931702 0.05183633416891098 0.2464025467634201 0.998685359954834 -0.032883044332265854 -0.03932240977883339 22.07078742980957
-0.031914640218019485 0.05314205586910248 -0.998076856136322 -15.902711868286133 0.035174865275621414 0.9980266094207764 0.052014630287885666 0.28715750575065613 0.9988714456558228 -0.033447183668613434 -0.03372092917561531 22.04633903503418
-0.026673680171370506 0.05209403485059738 -0.9982858896255493 -16.75408172607422 0.03340058773756027 0.9981300830841064 0.051193464547395706 0.31324663758277893 0.9990860223770142 -0.031977809965610504 -0.028363773599267006 22.014841079711914
-0.023885047063231468 0.04550623521208763 -0.9986785054206848 -17.613311767578125 0.03720909729599953 0.9983118176460266 0.044599611312150955 0.35231053829193115 0.9990220069885254 -0.036094654351472855 -0.025537971407175064 22.007240295410156
-0.021436646580696106 0.03451951965689659 -0.9991741180419922 -18.511934280395508 0.03465742990374565 0.9988287687301636 0.03376402705907822 0.39303991198539734 0.9991693496704102 -0.033905018121004105 -0.022607896476984024 21.982954025268555
-0.020972304046154022 0.026432201266288757 -0.9994306564331055 -19.412841796875 0.02691793441772461 0.9993029832839966 0.025863973423838615 0.41692739725112915 0.9994176626205444 -0.026360178366303444 -0.021669184789061546 21.94650650024414
-0.02224494330585003 0.02348332293331623 -0.9994767904281616 -20.333127975463867 0.021403595805168152 0.9995062351226807 0.02300763875246048 0.44218456745147705 0.9995234608650208 -0.02088058926165104 -0.02273658663034439 21.91124153137207
-0.025584649294614792 0.02980957366526127 -0.9992280602455139 -21.28837776184082 0.01215288508683443 0.9994907379150391 0.029506241902709007 0.4567300081253052 0.9995987415313721 -0.011388598009943962 -0.02593388967216015 21.871030807495117
-0.030638840049505234 0.03805772587656975 -0.9988057613372803 -22.25409507751465 0.007604843471199274 0.9992548227310181 0.0378415584564209 0.4815511405467987 0.9995015859603882 -0.006436340510845184 -0.030905429273843765 21.824420928955078
-0.03482739254832268 0.047515712678432465 -0.9982631206512451 -23.22293472290039 0.006131994072347879 0.9988605976104736 0.047330208122730255 0.5158208012580872 0.999374508857727 -0.004472956992685795 -0.035079069435596466 21.773536682128906
-0.036821406334638596 0.057485662400722504 -0.9976670742034912 -24.264427185058594 0.004772645886987448 0.9983428120613098 0.05734845995903015 0.5571056008338928 0.9993104338645935 -0.0026498595252633095 -0.03703474625945091 21.7398738861084
-0.03793404996395111 0.06541846692562103 -0.997136652469635 -25.283960342407227 0.00685005821287632 0.9978484511375427 0.06520456820726395 0.6025734543800354 0.9992568492889404 -0.0043569705449044704 -0.03830054774880409 21.701465606689453
-0.03943033143877983 0.06601643562316895 -0.9970391988754272 -26.31245231628418 0.007727222982794046 0.9978054165840149 0.06576158851385117 0.6584590077400208 0.9991925358772278 -0.00511134322732687 -0.03985391929745674 21.658071517944336
-0.041049323976039886 0.06327617913484573 -0.9971514940261841 -27.317157745361328 0.0062131681479513645 0.9979895353317261 0.06307358294725418 0.7082531452178955 0.999137818813324 -0.003606341779232025 -0.04135994240641594 21.609237670898438
-0.04360520467162132 0.058400895446538925 -0.9973404407501221 -28.335769653320312 0.005777573212981224 0.9982880353927612 0.05820377171039581 0.7564762234687805 0.999032199382782 -0.0032242198940366507 -0.043867968022823334 21.555221557617188
-0.04821079969406128 0.05312810465693474 -0.9974232316017151 -29.365005493164062 0.005805527791380882 0.9985824227333069 0.052909236401319504 0.8019353151321411 0.9988203644752502 -0.0032397720497101545 -0.04845089465379715 21.49954605102539
-0.05383888632059097 0.04867194965481758 -0.9973627328872681 -30.389753341674805 0.006332605145871639 0.9988078474998474 0.0484006330370903 0.8408747315406799 0.9985295534133911 -0.0037100682966411114 -0.054082926362752914 21.440786361694336
-0.060599423944950104 0.046731408685445786 -0.9970676302909851 -31.412994384765625 0.005478414706885815 0.9989039301872253 0.04648452252149582 0.8819052577018738 0.9981471300125122 -0.002645415486767888 -0.060789018869400024 21.36359214782715
-0.06747831404209137 0.049085695296525955 -0.9965124726295471 -32.46587371826172 0.005705565679818392 0.9987916946411133 0.04881161078810692 0.9240434765815735 0.9977043867111206 -0.0023919418454170227 -0.067676842212677 21.294160842895508
-0.07374012470245361 0.053847648203372955 -0.9958226680755615 -33.53569412231445 0.0039503322914242744 0.9985491633415222 0.05370255559682846 0.9662524461746216 0.9972696304321289 2.62031262536766e-05 -0.07384584844112396 21.205976486206055
-0.079969123005867 0.05680122971534729 -0.9951775670051575 -34.59462356567383 0.0015271198935806751 0.9983808994293213 0.05686134845018387 1.0099849700927734 0.996796190738678 0.003027395810931921 -0.07992639392614365 21.114076614379883
-0.08461648970842361 0.05899088829755783 -0.994665801525116 -35.668853759765625 -0.001608154270797968 0.9982364773750305 0.059339459985494614 1.0602540969848633 0.9964122772216797 0.00662067299708724 -0.08437240123748779 21.012737274169922
-0.08690902590751648 0.06052398309111595 -0.9943759441375732 -36.74654006958008 -0.006265614647418261 0.9980998039245605 0.06129825487732887 1.105263352394104 0.9961966276168823 0.011557749472558498 -0.08636466413736343 20.89990997314453
-0.08891904354095459 0.06132980436086655 -0.9941490292549133 -37.80588150024414 -0.010359720326960087 0.9979915618896484 0.0624934658408165 1.1646305322647095 0.9959849715232849 0.01585596241056919 -0.08810510486364365 20.804046630859375
-0.09019523859024048 0.06064644083380699 -0.9940758347511292 -38.88325500488281 -0.011327429674565792 0.9980171322822571 0.06191466003656387 1.2207344770431519 0.9958597421646118 0.0168447308242321 -0.08932942152023315 20.69382095336914
-0.09118850529193878 0.06006656587123871 -0.9940204620361328 -39.967262268066406 -0.012426010333001614 0.9980328679084778 0.061448946595191956 1.266391634941101 0.9957560896873474 0.017955143004655838 -0.09026274085044861 20.578033447265625
-0.09250371158123016 0.059204503893852234 -0.9939506649971008 -41.050113677978516 -0.013259509578347206 0.9980689883232117 0.060683831572532654 1.320217251777649 0.9956241250038147 0.018792774528265 -0.09154006093740463 20.473682403564453
-0.09335947036743164 0.058503806591033936 -0.9939120411872864 -42.13918685913086 -0.01566585712134838 0.9980621337890625 0.06021960452198982 1.371687412261963 0.9955092072486877 0.021192554384469986 -0.09226205945014954 20.363298416137695
-0.09440413862466812 0.055827122181653976 -0.9939673542976379 -43.22300338745117 -0.020022690296173096 0.998117983341217 0.05796194076538086 1.4236189126968384 0.9953325986862183 0.025373751297593117 -0.0931086540222168 20.252443313598633
-0.09424431622028351 0.05078931897878647 -0.9942526817321777 -44.332298278808594 -0.02535012736916542 0.9982514977455139 0.05339651182293892 1.4696307182312012 0.995226263999939 0.030236750841140747 -0.09279203414916992 20.125137329101562
-0.09337868541479111 0.05033888667821884 -0.9943572878837585 -45.424644470214844 -0.026715124025940895 0.998234748840332 0.05304396152496338 1.5161131620407104 0.995272159576416 0.03151755407452583 -0.0918690413236618 20.018503189086914
-0.09206186234951019 0.05456409230828285 -0.9942572116851807 -46.535362243652344 -0.027547916397452354 0.997975766658783 0.057318925857543945 1.5618572235107422 0.9953721165657043 0.03266660124063492 -0.09037237614393234 19.915178298950195
-0.09006784856319427 0.05765163525938988 -0.9942655563354492 -47.62579345703125 -0.027660174295306206 0.9977932572364807 0.0603618361055851 1.6047054529190063 0.9955514073371887 0.03293821960687637 -0.08827442675828934 19.807788848876953
-0.08853094279766083 0.05733824148774147 -0.9944218397140503 -48.75925827026367 -0.025796780362725258 0.9978749752044678 0.059833984822034836 1.6628018617630005 0.9957393407821655 0.030950041487812996 -0.0868636816740036 19.705549240112305
-0.08583004027605057 0.05648031830787659 -0.9947076439857483 -49.867679595947266 -0.025843046605587006 0.9979296922683716 0.05889318883419037 1.7130095958709717 0.9959745407104492 0.030761076137423515 -0.08419271558523178 19.604158401489258
-0.08211297541856766 0.05665643513202667 -0.9950113296508789 -51.005340576171875 -0.02996313013136387 0.9977911114692688 0.0592874139547348 1.7733813524246216 0.9961724877357483 0.03468191623687744 -0.08023399859666824 19.50856590270996
-0.07625593990087509 0.057333458214998245 -0.9954385757446289 -52.13086700439453 -0.03495527058839798 0.997577965259552 0.060134440660476685 1.8273612260818481 0.9964753985404968 0.03938142955303192 -0.07406715303659439 19.407623291015625
-0.07048570364713669 0.05687658116221428 -0.9958900213241577 -53.25428009033203 -0.03902002424001694 0.9974518418312073 0.05972747877240181 1.8804962635040283 0.9967493414878845 0.04306958243250847 -0.06808677315711975 19.315223693847656
-0.06459733098745346 0.056014012545347214 -0.9963380694389343 -54.41390609741211 -0.04044929891824722 0.9974558353424072 0.058699365705251694 1.9397318363189697 0.9970912933349609 0.04409299045801163 -0.06216725334525108 19.231609344482422
-0.05918020382523537 0.05512404069304466 -0.9967241287231445 -55.55118179321289 -0.039961762726306915 0.9975429773330688 0.057542044669389725 1.994524359703064 0.9974471926689148 0.043236199766397476 -0.05683194473385811 19.16600799560547
-0.05354650318622589 0.05474663898348808 -0.9970634579658508 -56.69647216796875 -0.03855213150382042 0.9976381659507751 0.05684860795736313 2.0457794666290283 0.9978207945823669 0.041482970118522644 -0.051309432834386826 19.09415054321289
-0.04825210943818092 0.05549605190753937 -0.9972922205924988 -57.83866500854492 -0.03738304600119591 0.9976553320884705 0.05732496827840805 2.094799757003784 0.9981353878974915 0.040047869086265564 -0.04606436565518379 19.03973960876465
-0.042001720517873764 0.0572558157145977 -0.9974755644798279 -58.99101638793945 -0.03659912571310997 0.9975982904434204 0.0588039867579937 2.1424198150634766 0.9984468817710876 0.038976605981588364 -0.0398053377866745 18.978952407836914
-0.0365891307592392 0.05823779106140137 -0.9976319670677185 -60.154762268066406 -0.03720853105187416 0.9975288510322571 0.05959642678499222 2.201606512069702 0.9986374378204346 0.03930099308490753 -0.03433177247643471 18.93636703491211
-0.031487129628658295 0.057378437370061874 -0.9978558421134949 -61.30171203613281 -0.03680243343114853 0.9976072907447815 0.058525439351797104 2.251934766769409 0.9988264441490173 0.038566309958696365 -0.029300125315785408 18.900840759277344
-0.02657403238117695 0.05280759558081627 -0.9982510209083557 -62.451324462890625 -0.03694276884198189 0.9978697299957275 0.05377085879445076 2.302292585372925 0.9989640116691589 0.038307059556245804 -0.024566562846302986 18.861408233642578
-0.022290991619229317 0.04755868390202522 -0.9986196756362915 -63.61306381225586 -0.03715858608484268 0.9981383085250854 0.04836520925164223 2.3442821502685547 0.9990607500076294 0.03818541020154953 -0.020482277497649193 18.837860107421875
-0.018735814839601517 0.04692860692739487 -0.998722493648529 -64.77523803710938 -0.0369376540184021 0.9981834292411804 0.047596219927072525 2.387237071990967 0.9991419911384583 0.037782222032547 -0.016968347132205963 18.81474494934082
-0.015021007508039474 0.04929613694548607 -0.9986712336540222 -65.94607543945312 -0.03651084750890732 0.9980908036231995 0.04981664568185806 2.4280245304107666 0.9992203712463379 0.03721063211560249 -0.013192485086619854 18.7796573638916
-0.012416983023285866 0.048770710825920105 -0.9987328052520752 -67.11016082763672 -0.03690091148018837 0.9981070756912231 0.0491989329457283 2.4738309383392334 0.999241828918457 0.03746505454182625 -0.010593793354928493 18.75426483154297
-0.01205419935286045 0.04835193231701851 -0.998757541179657 -68.27639770507812 -0.03879378363490105 0.9980555772781372 0.04878615215420723 2.520583391189575 0.9991745352745056 0.03933366388082504 -0.010155005380511284 18.742183685302734
-0.011329508386552334 0.04975749924778938 -0.99869704246521 -69.46890258789062 -0.039274003356695175 0.9979683756828308 0.05016672983765602 2.552849531173706 0.9991642236709595 0.039791204035282135 -0.009352315217256546 18.720779418945312
-0.010001526214182377 0.049223847687244415 -0.9987376928329468 -70.64657592773438 -0.04007413983345032 0.9979655742645264 0.049587104469537735 2.5946900844573975 0.999146580696106 0.04051950201392174 -0.00800857599824667 18.70037269592285
-0.008725602179765701 0.0474536269903183 -0.9988352656364441 -71.81625366210938 -0.04035450145602226 0.9980428218841553 0.04776851087808609 2.6292459964752197 0.999147355556488 0.04072429984807968 -0.006793557200580835 18.678749084472656
-0.008330912329256535 0.046001970767974854 -0.9989066123962402 -73.01859283447266 -0.0388263463973999 0.9981729984283447 0.046292006969451904 2.6745948791503906 0.9992111921310425 0.039169538766145706 -0.00652960455045104 18.66997528076172
-0.008338517509400845 0.04528339207172394 -0.9989393353462219 -74.20413970947266 -0.035913318395614624 0.9983160495758057 0.04555491358041763 2.7181880474090576 0.9993200302124023 0.036255087703466415 -0.0066981990821659565 18.663429260253906
-0.007955758832395077 0.04675658047199249 -0.9988746047019958 -75.39134216308594 -0.03326912224292755 0.9983408451080322 0.046996574848890305 2.747568130493164 0.9994146823883057 0.03360557556152344 -0.006387008354067802 18.652217864990234
-0.00781344622373581 0.049606192857027054 -0.9987382888793945 -76.57667541503906 -0.032894544303417206 0.9982154965400696 0.04983757063746452 2.7853527069091797 0.9994282126426697 0.03324244171380997 -0.006167729385197163 18.637983322143555
-0.007723275106400251 0.05303332582116127 -0.9985628724098206 -77.76516723632812 -0.035074952989816666 0.9979637265205383 0.0532727986574173 2.826049566268921 0.9993548393249512 0.0354359894990921 -0.005847407039254904 18.62886619567871
-0.006978313904255629 0.0532417930662632 -0.9985573291778564 -78.94810485839844 -0.03725390136241913 0.9978744387626648 0.05346573889255524 2.8685736656188965 0.9992814660072327 0.037573255598545074 -0.004980016965419054 18.610551834106445
-0.00700064143165946 0.05133463814854622 -0.9986570477485657 -80.12419891357422 -0.03798723965883255 0.9979467988014221 0.05156444385647774 2.9085803031921387 0.9992536902427673 0.03829720616340637 -0.005036207381635904 18.60626792907715
-0.0074932933785021305 0.04859902337193489 -0.9987902641296387 -81.31654357910156 -0.037765029817819595 0.9980919361114502 0.04884837940335274 2.954512357711792 0.9992585778236389 0.038085367530584335 -0.005643652286380529 18.600793838500977
-0.0074597857892513275 0.04797050729393959 -0.9988209009170532 -82.49899291992188 -0.03553223982453346 0.9982051253318787 0.04820631816983223 2.994499683380127 0.9993407130241394 0.03584994003176689 -0.005741896573454142 18.591663360595703
-0.007549208588898182 0.04971177875995636 -0.9987350702285767 -83.68687438964844 -0.03429851308465004 0.9981629848480225 0.04994254931807518 3.024923801422119 0.9993830919265747 0.03463215008378029 -0.005830299574881792 18.581279754638672
-0.007362300530076027 0.052591558545827866 -0.9985889196395874 -84.8636703491211 -0.033606112003326416 0.9980389475822449 0.05281034857034683 3.063370943069458 0.9994080066680908 0.033947497606277466 -0.005580464377999306 18.56954574584961
-0.006811083294451237 0.05494868382811546 -0.9984659552574158 -86.03137969970703 -0.03421693667769432 0.9978916049003601 0.05515047907829285 3.1032631397247314 0.9993912577629089 0.0345400907099247 -0.0049165464006364346 18.558801651000977
-0.0064766425639390945 0.05512251332402229 -0.9984585642814636 -87.22103118896484 -0.03654329851269722 0.9977994561195374 0.055323176085948944 3.144758462905884 0.999311089515686 0.036845289170742035 -0.0044480315409600735 18.536306381225586
-0.006436868105083704 0.052901897579431534 -0.9985789060592651 -88.39251708984375 -0.03598044067621231 0.997940719127655 0.05310002341866493 3.189617872238159 0.9993318319320679 0.0362711101770401 -0.004520179238170385 18.5282039642334
-0.006327860523015261 0.051734864711761475 -0.9986407160758972 -89.56229400634766 -0.03444400057196617 0.9980568289756775 0.051922861486673355 3.2284305095672607 0.9993866086006165 0.034725744277238846 -0.0045336103066802025 18.51786994934082
-0.005664599593728781 0.05279620364308357 -0.9985891580581665 -90.71419525146484 -0.03283577784895897 0.9980568885803223 0.05295432358980179 3.2707624435424805 0.9994447231292725 0.03308941796422005 -0.00391998840495944 18.504898071289062
-0.005717996507883072 0.05536261573433876 -0.9984499216079712 -91.89180755615234 -0.030500978231430054 0.9979920387268066 0.055511895567178726 3.320131301879883 0.9995183348655701 0.030771123245358467 -0.004017901141196489 18.500640869140625
-0.005492377560585737 0.05810147523880005 -0.9982954859733582 -93.0672378540039 -0.02923080511391163 0.9978746771812439 0.058237798511981964 3.360502004623413 0.999557614326477 0.029500845819711685 -0.0037823517341166735 18.494617462158203
-0.00502979289740324 0.0599476657807827 -0.9981887340545654 -94.23353576660156 -0.029828056693077087 0.9977482557296753 0.06007150560617447 3.407923460006714 0.9995424151420593 0.030076179653406143 -0.003230344969779253 18.483325958251953
-0.004397551529109478 0.06187020242214203 -0.998074471950531 -95.39777374267578 -0.03250804543495178 0.9975477457046509 0.06198078766465187 3.4581491947174072 0.999461829662323 0.03271801769733429 -0.002375488169491291 18.46607208251953
-0.004035566002130508 0.061157722026109695 -0.9981199502944946 -96.55866241455078 -0.03459429368376732 0.9975221157073975 0.06126095727086067 3.5046043395996094 0.9993932247161865 0.0347764790058136 -0.0019098578486591578 18.45537567138672
-0.0040990253910422325 0.05674605816602707 -0.9983802437782288 -97.71258544921875 -0.036975279450416565 0.9976972937583923 0.05685904622077942 3.5585107803344727 0.9993077516555786 0.037148457020521164 -0.001991384895518422 18.43995475769043
-0.0036613252013921738 0.0548890046775341 -0.9984856843948364 -98.8705062866211 -0.038584526628255844 0.997741162776947 0.05498954653739929 3.6088197231292725 0.9992485642433167 0.038727425038814545 -0.0015351888723671436 18.42505645751953
-0.0035304962657392025 0.053685955703258514 -0.998551607131958 -100.02445983886719 -0.03793951869010925 0.9978316426277161 0.05378139391541481 3.6420490741729736 0.9992737770080566 0.03807443380355835 -0.0014860217925161123 18.418310165405273
-0.0035436584148555994 0.054284632205963135 -0.9985191822052002 -101.19010925292969 -0.03663166984915733 0.9978481531143188 0.05437815934419632 3.6856143474578857 0.9993225336074829 0.03677011653780937 -0.0015474968822672963 18.41879653930664
-0.0030448304023593664 0.056286051869392395 -0.9984100461006165 -102.33187866210938 -0.03693699836730957 0.9977269172668457 0.05636019632220268 3.7293779850006104 0.9993129968643188 0.03704986721277237 -0.0009588716202415526 18.39992332458496
