1.0 0.0 0.0 0.0 0.0 1.0 0.0 0.0 0.0 0.0 1.0 0.0
0.9999334812164307 -0.002507639117538929 0.011258597485721111 0.015504565089941025 0.002496686764061451 0.9999964237213135 0.0009867461631074548 -0.0037402850575745106 -0.011261031031608582 -0.0009585713851265609 0.9999361038208008 0.29549193382263184
0.9998283982276917 -0.004553147125989199 0.017956705763936043 0.025914913043379784 0.0045323907397687435 0.9999890327453613 0.0011964596342295408 -0.008810944855213165 -0.017961956560611725 -0.0011148675112053752 0.9998380541801453 0.5826389789581299
0.9997773766517639 -0.007448271848261356 0.019740179181098938 0.03869297727942467 0.007450358476489782 0.9999722242355347 -3.215594188077375e-05 -0.0125482939183712 -0.019739393144845963 0.00017922019469551742 0.9998051524162292 0.887126624584198
0.9998145699501038 -0.008673390373587608 0.017194680869579315 0.04966475069522858 0.00870547816157341 0.9999604821205139 -0.001792163122445345 -0.01001278217881918 -0.017178457230329514 0.0019415186252444983 0.9998505711555481 1.2022449970245361
0.9998830556869507 -0.011521551758050919 0.010058342479169369 0.056755416095256805 0.011555864475667477 0.9999275803565979 -0.0033599308226257563 -0.011143584735691547 -0.010018901899456978 0.0034757705871015787 0.9999437928199768 1.5197715759277344
0.9999111294746399 -0.013163729570806026 -0.0021036851685494184 0.059430625289678574 0.013151498511433601 0.9998970627784729 -0.005727049428969622 -0.00829988531768322 0.002178858034312725 0.005698873661458492 0.9999814033508301 1.8604700565338135
0.9997468590736389 -0.012398352846503258 -0.018774032592773438 0.04043862596154213 0.0122861722484231 0.999906063079834 -0.006078893784433603 -0.011555013246834278 0.01884763315320015 0.005846694111824036 0.9998052716255188 2.197636604309082
0.999221920967102 -0.007796047255396843 -0.038660794496536255 0.013689492829144001 0.007580653764307499 0.9999549388885498 -0.005714836530387402 -0.021303074434399605 0.03870360925793648 0.0054173157550394535 0.9992360472679138 2.538377523422241
0.9982975125312805 -0.004360762890428305 -0.05816291272640228 -0.03170115500688553 0.003950316458940506 0.9999665021896362 -0.007169968914240599 -0.022717420011758804 0.05819222331047058 0.006928000599145889 0.9982813596725464 2.891432762145996
0.9969087839126587 -0.004100702237337828 -0.07845946401357651 -0.07365505397319794 0.003511935705319047 0.999964714050293 -0.007640602067112923 -0.026017528027296066 0.07848801463842392 0.007341439835727215 0.9968880414962769 3.257296323776245
0.994981050491333 -0.005508380476385355 -0.09991198778152466 -0.11688238382339478 0.004791176877915859 0.9999609589576721 -0.007416890002787113 -0.025966327637434006 0.0999489426612854 0.0069009680300951 0.9949686527252197 3.6298983097076416
0.9928317070007324 -0.007269836962223053 -0.11929923295974731 -0.18046073615550995 0.00656829122453928 0.9999587535858154 -0.006272710394114256 -0.03686213865876198 0.11933992058038712 0.005444153677672148 0.9928385019302368 4.013399600982666
0.9905833005905151 -0.005915408488363028 -0.13678406178951263 -0.25664621591567993 0.005120967980474234 0.9999679923057556 -0.006159152835607529 -0.03655589371919632 0.1368161290884018 0.005400687921792269 0.990581750869751 4.406518459320068
0.9881365895271301 -0.004947131033986807 -0.15349747240543365 -0.320313960313797 0.0042237574234604836 0.9999783635139465 -0.005038352217525244 -0.04889404773712158 0.15351909399032593 0.00433024438098073 0.9881361722946167 4.82164192199707
0.9860312938690186 -0.0038564864080399275 -0.16651545464992523 -0.4098418354988098 0.0030144115444272757 0.9999813437461853 -0.0053094797767698765 -0.05361535772681236 0.16653279960155487 0.00473336735740304 0.9860245585441589 5.238637447357178
0.9838459491729736 -0.0056972140446305275 -0.17892609536647797 -0.4929776191711426 0.004655094351619482 0.9999696016311646 -0.006243611220270395 -0.058650266379117966 0.17895622551441193 0.005309834610670805 0.9838427305221558 5.669432640075684
0.981986939907074 -0.009441826492547989 -0.18871261179447174 -0.5831581354141235 0.007987774908542633 0.9999322295188904 -0.008464174345135689 -0.06756032258272171 0.18877975642681122 0.006804315838962793 0.9819958806037903 6.124111652374268
0.9804580211639404 -0.008421661332249641 -0.196547731757164 -0.6829941868782043 0.006527912337332964 0.9999257922172546 -0.010280919261276722 -0.0764140710234642 0.19661974906921387 0.008796964772045612 0.9804403781890869 6.578159809112549
0.9789443016052246 -0.007918980903923512 -0.20397375524044037 -0.7892840504646301 0.005541876889765263 0.9999098777770996 -0.012222551740705967 -0.08050701022148132 0.2040521651506424 0.010834801942110062 0.9789000749588013 7.045679092407227
0.9771935939788818 -0.00877706240862608 -0.21216894686222076 -0.8989037275314331 0.0056841131299734116 0.9998685717582703 -0.015183329582214355 -0.08919959515333176 0.21227428317070007 0.013631060719490051 0.9771150946617126 7.529171943664551
0.9754742383956909 -0.012622857466340065 -0.2197515219449997 -1.016565203666687 0.009129184298217297 0.9998153448104858 -0.016906561329960823 -0.10009024292230606 0.21992434561252594 0.01448576245456934 0.9754093289375305 8.025055885314941
0.9734471440315247 -0.019111283123493195 -0.22811256349086761 -1.1235696077346802 0.015283056534826756 0.9997113347053528 -0.01853697933256626 -0.1089787408709526 0.22840099036693573 0.014558516442775726 0.9734582901000977 8.541169166564941
0.9713598489761353 -0.019652826711535454 -0.2367987483739853 -1.2438527345657349 0.015254483558237553 0.9996756911277771 -0.020392248407006264 -0.13116642832756042 0.23712269961833954 0.01619596779346466 0.9713447093963623 9.051850318908691
0.9691948294639587 -0.015783211216330528 -0.2457887828350067 -1.392132043838501 0.009864086285233498 0.9996314644813538 -0.025294769555330276 -0.13711942732334137 0.24609743058681488 0.022091081365942955 0.9689933061599731 9.578749656677246
0.9670096635818481 -0.012692650780081749 -0.25442302227020264 -1.5504587888717651 0.005726921372115612 0.999588668346405 -0.02810061350464821 -0.15659117698669434 0.254675030708313 0.025716502219438553 0.9666846990585327 10.12218189239502
0.9646819829940796 -0.015125110745429993 -0.2629823684692383 -1.7085481882095337 0.007418923545628786 0.9995142221450806 -0.030271461233496666 -0.1737595647573471 0.2633124887943268 0.027251290157437325 0.9643256664276123 10.694872856140137
0.9622381925582886 -0.018411971628665924 -0.27158525586128235 -1.8586318492889404 0.01005663350224495 0.9994332790374756 -0.03212493658065796 -0.19489915668964386 0.2720228135585785 0.028180604800581932 0.9618780612945557 11.253796577453613
0.9600713849067688 -0.017995132133364677 -0.279175728559494 -2.037513494491577 0.008709491230547428 0.999367892742157 -0.03446583449840546 -0.2184886634349823 0.2796194851398468 0.030658181756734848 0.959621250629425 11.82528305053711
0.9578280448913574 -0.016917690634727478 -0.2868434190750122 -2.230550527572632 0.00624364148825407 0.9992550015449524 -0.03808610886335373 -0.24617542326450348 0.2872740626335144 0.03468899428844452 0.9572200775146484 12.41616153717041
0.9554826021194458 -0.017616428434848785 -0.29452091455459595 -2.4232380390167236 0.005099691916257143 0.9990529417991638 -0.043212808668613434 -0.27607396245002747 0.2950032353401184 0.03978711739182472 0.9546675086021423 13.020159721374512
0.9534091949462891 -0.019850870594382286 -0.3010261058807373 -2.6038548946380615 0.004702059086412191 0.9986893534660339 -0.05096524581313133 -0.3071596026420593 0.3016432523727417 0.047175291925668716 0.9522531628608704 13.62883186340332
0.9519980549812317 -0.020596083253622055 -0.305410236120224 -2.809537410736084 0.002580110915005207 0.9982383251190186 -0.05927613750100136 -0.34211042523384094 0.3060930669307709 0.055642783641815186 0.9503741264343262 14.249074935913086
0.9507657885551453 -0.020315052941441536 -0.3092435896396637 -3.0243947505950928 -0.0007287907064892352 0.9976998567581177 -0.06778228282928467 -0.38607630133628845 0.30990931391716003 0.06467045098543167 0.9485641717910767 14.86205005645752
0.949311375617981 -0.02027621865272522 -0.3136826753616333 -3.246553659439087 -0.00398832093924284 0.9970601201057434 -0.07651925832033157 -0.4350939393043518 0.31431201100349426 0.07389168441295624 0.9464396238327026 15.511910438537598
0.9482403993606567 -0.019727030768990517 -0.31694015860557556 -3.484415292739868 -0.007188339252024889 0.996479332447052 -0.08352949470281601 -0.48878300189971924 0.3174721300601959 0.08148431032896042 0.9447601437568665 16.15177345275879
0.9463485479354858 -0.01785549707710743 -0.32265418767929077 -3.7140631675720215 -0.011940044350922108 0.9958584308624268 -0.0901305228471756 -0.5510790348052979 0.32292720675468445 0.08914738893508911 0.9422158598899841 16.81995391845703
0.9448308348655701 -0.016834523528814316 -0.3271258473396301 -3.9591922760009766 -0.015544088557362556 0.9952490329742432 -0.09611308574676514 -0.6170028448104858 0.32718974351882935 0.09589546918869019 0.9400802254676819 17.48447036743164
0.9432048797607422 -0.015426307916641235 -0.33185312151908875 -4.216867446899414 -0.019485479220747948 0.9946326613426208 -0.10161816328763962 -0.6878877878189087 0.3316395580768585 0.1023130714893341 0.9378417134284973 18.160661697387695
0.9413834810256958 -0.012458650395274162 -0.33710822463035583 -4.467495441436768 -0.02419384755194187 0.9942508339881897 -0.1043068990111351 -0.7666969299316406 0.3364696800708771 0.10634873807430267 0.9356697797775269 18.84151840209961
0.9397323727607727 -0.011233771219849586 -0.34172648191452026 -4.741050720214844 -0.02660956420004368 0.994025707244873 -0.10585227608680725 -0.8435992002487183 0.340874046087265 0.10856599360704422 0.9338191747665405 19.539289474487305
0.9373964667320251 -0.011249746195971966 -0.3480823338031769 -5.005746841430664 -0.02703956700861454 0.994110107421875 -0.10494724661111832 -0.9280263185501099 0.3472127616405487 0.10778916627168655 0.9315710663795471 20.239299774169922
0.935103178024292 -0.010855989530682564 -0.35420942306518555 -5.2854790687561035 -0.027504369616508484 0.9942922592163086 -0.10308434814214706 -1.014046311378479 0.35330677032470703 0.10613680630922318 0.9294671416282654 20.95504379272461
0.9325284957885742 -0.01154954545199871 -0.36091145873069763 -5.568723678588867 -0.02690766006708145 0.9944869875907898 -0.10134902596473694 -1.0958030223846436 0.36009231209754944 0.1042221412062645 0.9270767569541931 21.661479949951172
0.9292662739753723 -0.01064145565032959 -0.3692570924758911 -5.869841575622559 -0.02779773809015751 0.9947366714477539 -0.09862219542264938 -1.1747435331344604 0.36836302280426025 0.10191080719232559 0.9240794777870178 22.398906707763672
0.9258286952972412 -0.008568661287426949 -0.3778463304042816 -6.177268028259277 -0.02861759066581726 0.9952835440635681 -0.09269173443317413 -1.2566474676132202 0.37685850262641907 0.09662971645593643 0.9212168455123901 23.133481979370117
0.9223156571388245 -0.0049599832855165005 -0.3864055275917053 -6.504327774047852 -0.031403861939907074 0.9956483244895935 -0.08773858845233917 -1.3340076208114624 0.38515913486480713 0.0930572971701622 0.9181464910507202 23.884878158569336
0.9187875390052795 -0.0009899390861392021 -0.39475125074386597 -6.841177940368652 -0.03481914475560188 0.9958959817886353 -0.08353935182094574 -1.4144483804702759 0.3932138979434967 0.09049981832504272 0.9149823188781738 24.626277923583984
0.9148403406143188 0.00034866880741901696 -0.40381547808647156 -7.1846842765808105 -0.03656858578324318 0.9959623217582703 -0.08198585361242294 -1.485546350479126 0.40215644240379333 0.08977092802524567 0.9111593961715698 25.38141632080078
0.9108471274375916 -0.0001222528808284551 -0.4127437174320221 -7.539891719818115 -0.03670257329940796 0.996014416217804 -0.08129065483808517 -1.5549554824829102 0.41110867261886597 0.08919212967157364 0.9072124361991882 26.13079071044922
0.9071887731552124 6.624882371397689e-05 -0.4207238554954529 -7.910227298736572 -0.03725579008460045 0.9960840940475464 -0.0801762044429779 -1.6246553659439087 0.41907113790512085 0.08840934187173843 0.9036388397216797 26.896772384643555
0.9030466675758362 0.0007251727511174977 -0.4295419156551361 -8.295416831970215 -0.03816838935017586 0.9961783289909363 -0.0785614401102066 -1.6930344104766846 0.4278433620929718 0.08733958005905151 0.8996232151985168 27.68592071533203
0.8990796804428101 -0.00022243632702156901 -0.43778494000434875 -8.663348197937012 -0.036882247775793076 0.9964062571525574 -0.07625138014554977 -1.7696559429168701 0.4362286329269409 0.08470254391431808 0.8958403468132019 28.44330596923828
0.895329475402832 0.00023306535149458796 -0.44540438055992126 -9.06647777557373 -0.036102697253227234 0.9967474937438965 -0.07205027341842651 -1.8402714729309082 0.44393882155418396 0.08058901131153107 0.8924257159233093 29.2319278717041
0.891394317150116 0.0025653631892055273 -0.4532213807106018 -9.473784446716309 -0.03672622889280319 0.9971043467521667 -0.06658913940191269 -1.906256914138794 0.4517381191253662 0.07600229233503342 0.8889073729515076 30.01944351196289
0.8876270055770874 0.002781052840873599 -0.4605545997619629 -9.901864051818848 -0.03552713617682457 0.9974156618118286 -0.06244857609272003 -1.972205638885498 0.4591907262802124 0.07179322838783264 0.8854319453239441 30.824052810668945
0.883802056312561 0.001348759513348341 -0.4678591191768646 -10.33786678314209 -0.03357969596982002 0.997599720954895 -0.060557298362255096 -2.033661365509033 0.4666544198989868 0.06923122704029083 0.8817259669303894 31.632230758666992
0.8803623914718628 0.0010147248394787312 -0.4743003845214844 -10.767406463623047 -0.03326035290956497 0.9976680278778076 -0.059601061046123505 -2.0955324172973633 0.4731338918209076 0.06824593245983124 0.8783432245254517 32.444637298583984
0.8773956894874573 0.0016768021741881967 -0.479764461517334 -11.23271369934082 -0.033398132771253586 0.99778151512146 -0.057591382414102554 -2.1570823192596436 0.4786035716533661 0.06655365973711014 0.8755051493644714 33.267948150634766
0.8740146160125732 -0.0007253292133100331 -0.48589903116226196 -11.683904647827148 -0.030500466004014015 0.9979449510574341 -0.0563526414334774 -2.210002899169922 0.48494142293930054 0.06407317519187927 0.8721963763237 34.10026931762695
0.8715207576751709 -0.0014340331545099616 -0.49035653471946716 -12.18655776977539 -0.030032573267817497 0.9979623556137085 -0.05629602074623108 -2.274803638458252 0.48943811655044556 0.06378979980945587 0.8697018623352051 34.946739196777344
0.8690209984779358 -0.003666925709694624 -0.49476146697998047 -12.646039009094238 -0.02821873500943184 0.9979774355888367 -0.05696115270256996 -2.3274600505828857 0.4939696490764618 0.06346198171377182 0.8671600222587585 35.788963317871094
0.8675414323806763 -0.0032643212471157312 -0.49735409021377563 -13.147466659545898 -0.02904404141008854 0.9979394674301147 -0.05721176043152809 -2.3895254135131836 0.49651604890823364 0.06407874822616577 0.8656591176986694 36.653900146484375
0.867202639579773 -0.0032813595607876778 -0.49794453382492065 -13.655251502990723 -0.028705349192023277 0.9979859590530396 -0.05656876787543297 -2.449441909790039 0.49712732434272766 0.06335024535655975 0.8653618693351746 37.509674072265625
0.8668828010559082 -0.003172247437760234 -0.4985019266605377 -14.164629936218262 -0.02803943119943142 0.9980864524841309 -0.055111274123191833 -2.5102739334106445 0.4977228343486786 0.061752721667289734 0.8651350140571594 38.39047622680664
0.8667418360710144 -0.004037400241941214 -0.4987407326698303 -14.687577247619629 -0.02659410797059536 0.9981706142425537 -0.054297223687171936 -2.579641103744507 0.4980475604534149 0.060325250029563904 0.8650488257408142 39.268104553222656
0.8659555315971375 -0.006296874489635229 -0.5000814199447632 -15.210441589355469 -0.024521272629499435 0.9981834888458252 -0.05503057688474655 -2.6433279514312744 0.4995195269584656 0.0599166639149189 0.8642281293869019 40.17665481567383
0.8649049997329712 -0.00875469297170639 -0.5018592476844788 -15.743170738220215 -0.021935826167464256 0.9982333183288574 -0.05521794781088829 -2.7111637592315674 0.5014560222625732 0.05876696854829788 0.8631849884986877 41.076934814453125
0.8632935881614685 -0.009146605618298054 -0.504619300365448 -16.288785934448242 -0.020755674690008163 0.9983465075492859 -0.053604211658239365 -2.7708323001861572 0.5042752027511597 0.05674988403916359 0.8616762757301331 42.01124954223633
0.861259937286377 -0.008332404308021069 -0.5080963373184204 -16.834505081176758 -0.019550355151295662 0.9985819458961487 -0.0495152622461319 -2.835986614227295 0.5077885389328003 0.05257897824048996 0.8598757386207581 42.9167366027832
0.8584820628166199 -0.008226144127547741 -0.5127776265144348 -17.387496948242188 -0.01760418526828289 0.9988093972206116 -0.04549580067396164 -2.8988828659057617 0.5125413537025452 0.04808436334133148 0.8573151230812073 43.832122802734375
0.854371190071106 -0.008729485794901848 -0.5195899605751038 -17.959001541137695 -0.01620917022228241 0.998924732208252 -0.04343568906188011 -2.966506242752075 0.5194103717803955 0.04553232342004776 0.8533110022544861 44.75354766845703
0.8492528796195984 -0.011935035698115826 -0.527851402759552 -18.528499603271484 -0.014569993130862713 0.9988340139389038 -0.04602568969130516 -3.0239694118499756 0.5277852416038513 0.04677824303507805 0.8480887413024902 45.6530647277832
0.8429850339889526 -0.01588190160691738 -0.5377025008201599 -19.087772369384766 -0.012455510906875134 0.9987198114395142 -0.04902594909071922 -3.0877199172973633 0.5377928614616394 0.048025503754615784 0.8417080044746399 46.54655456542969
0.8369729518890381 -0.015878716483712196 -0.5470138192176819 -19.6771240234375 -0.012495881877839565 0.9987637400627136 -0.048111770302057266 -3.14977765083313 0.5471016764640808 0.047103673219680786 0.8357398509979248 47.42753601074219
0.8309118747711182 -0.012338348664343357 -0.5562670826911926 -20.27952003479004 -0.014100144617259502 0.9989660978317261 -0.04321946203708649 -3.209815502166748 0.5562251806259155 0.04375502094626427 0.8298788070678711 48.32440948486328
0.8257339596748352 -0.007603074423968792 -0.5640084743499756 -20.891338348388672 -0.017437690868973732 0.9990871548652649 -0.03899769112467766 -3.267359495162964 0.5637901425361633 0.04203672334551811 0.8248475790023804 49.20383834838867
0.8217787146568298 -0.007417405489832163 -0.5697584748268127 -21.50580596923828 -0.018832067027688026 0.9990154504776001 -0.04016770422458649 -3.325413703918457 0.5694953799247742 0.043738704174757004 0.8208299875259399 50.062564849853516
0.8180239200592041 -0.010558566078543663 -0.5750871896743774 -22.123931884765625 -0.018379878252744675 0.9988410472869873 -0.04448283463716507 -3.3839361667633057 0.5748903155326843 0.046958066523075104 0.8168818950653076 50.95551300048828
0.814879298210144 -0.012897934764623642 -0.579487144947052 -22.751283645629883 -0.021094799041748047 0.9984301328659058 -0.05188622325658798 -3.440178632736206 0.5792466402053833 0.05450517311692238 0.8133280277252197 51.82568359375
0.8116259574890137 -0.014049486257135868 -0.5840084552764893 -23.389266967773438 -0.020939601585268974 0.9983685612678528 -0.053118567913770676 -3.507333755493164 0.5838019251823425 0.055341318249702454 0.8100077509880066 52.709171295166016
0.8082372546195984 -0.01263184379786253 -0.5887215733528137 -24.030366897583008 -0.020230501890182495 0.998583972454071 -0.049199823290109634 -3.5728917121887207 0.5885093808174133 0.05167526379227638 0.8068372011184692 53.57244110107422
0.8051230907440186 -0.010038754902780056 -0.5930228233337402 -24.667375564575195 -0.020065750926733017 0.9988232851028442 -0.04415065050125122 -3.6333625316619873 0.5927681922912598 0.047446154057979584 0.8039743304252625 54.423500061035156
0.8021918535232544 -0.007633080240339041 -0.5970177054405212 -25.311235427856445 -0.021018004044890404 0.9989376664161682 -0.04101292043924332 -3.691459894180298 0.5966963171958923 0.04544835165143013 0.8011789917945862 55.27334976196289
0.7989531755447388 -0.0073872823268175125 -0.6013478636741638 -25.96718406677246 -0.022574609145522118 0.998851478099823 -0.04226314648985863 -3.737793445587158 0.6009693145751953 0.04734146595001221 0.7978687882423401 56.13770294189453
0.7955425977706909 -0.008318399079144001 -0.6058406233787537 -26.629362106323242 -0.02256721630692482 0.9988051652908325 -0.04334745183587074 -3.7990899085998535 0.6054772734642029 0.048156872391700745 0.7944042682647705 56.984867095947266
0.7913009524345398 -0.011390005238354206 -0.6113208532333374 -27.292957305908203 -0.021351030096411705 0.9987018704414368 -0.04624463990330696 -3.854976177215576 0.611054003238678 0.04964575171470642 0.7900305390357971 57.848628997802734
0.7871918082237244 -0.012430775910615921 -0.6165830492973328 -27.948156356811523 -0.020798049867153168 0.9986929893493652 -0.04668727517127991 -3.9130845069885254 0.6163575649261475 0.0495755597949028 0.7859043478965759 58.66939163208008
0.7824627757072449 -0.012983608059585094 -0.6225619912147522 -28.621023178100586 -0.01945076324045658 0.998785138130188 -0.045276351273059845 -3.9813385009765625 0.6223935484886169 0.04753636196255684 0.7812595963478088 59.51128387451172
0.7777383327484131 -0.012627613730728626 -0.6284612417221069 -29.30819320678711 -0.019714290276169777 0.9988164901733398 -0.04446610435843468 -4.040926933288574 0.628278911113739 0.046972665935754776 0.7765688300132751 60.341670989990234
0.7721900343894958 -0.0142607307061553 -0.6352315545082092 -30.00199317932129 -0.019085964187979698 0.998776376247406 -0.045623160898685455 -4.103668689727783 0.6351048946380615 0.04735375940799713 0.7709729671478271 61.189876556396484
0.766586422920227 -0.01589568518102169 -0.6419443488121033 -30.693706512451172 -0.017983390018343925 0.998769998550415 -0.046206433326005936 -4.177546501159668 0.6418892741203308 0.04696556180715561 0.7653576135635376 62.01947784423828
0.7606919407844543 -0.017162421718239784 -0.6488862037658691 -31.403493881225586 -0.01754475012421608 0.9987415671348572 -0.046983540058135986 -4.238086700439453 0.6488760113716125 0.04712454229593277 0.7594334483146667 62.85256576538086
0.7552461624145508 -0.018305527046322823 -0.6551855802536011 -32.12800598144531 -0.017605140805244446 0.9986828565597534 -0.0481964610517025 -4.303486347198486 0.6552047729492188 0.04793483391404152 0.7539290189743042 63.675384521484375
0.7491999864578247 -0.020105715841054916 -0.6620387434959412 -32.859886169433594 -0.017462855204939842 0.9985921382904053 -0.050088584423065186 -4.358970642089844 0.6621136665344238 0.04908744990825653 0.7477940917015076 64.49827575683594
0.7428662180900574 -0.02149846963584423 -0.6690945625305176 -33.61017608642578 -0.015578062273561954 0.9986584186553955 -0.04938322305679321 -4.435558319091797 0.6692584753036499 0.04710831865668297 0.7415347695350647 65.32034301757812
0.7364919781684875 -0.021256687119603157 -0.676112174987793 -34.370975494384766 -0.014856136403977871 0.9987568259239197 -0.047583356499671936 -4.503002643585205 0.6762831211090088 0.04508916661143303 0.7352606058120728 66.14445495605469
0.7299113273620605 -0.021761344745755196 -0.6831953525543213 -35.13194274902344 -0.013967258855700493 0.9988095760345459 -0.0467367097735405 -4.565027236938477 0.6833990812301636 0.04365602135658264 0.7287384867668152 66.95056915283203
0.7234584093093872 -0.023547980934381485 -0.6899663209915161 -35.893699645996094 -0.012686233036220074 0.9987958669662476 -0.047390133142471313 -4.632033348083496 0.690251350402832 0.043037861585617065 0.7222886085510254 67.74313354492188
0.7163937091827393 -0.026184499263763428 -0.6972047090530396 -36.67766571044922 -0.0114085478708148 0.99872225522995 -0.04923095554113388 -4.692525386810303 0.6976029872894287 0.04322284087538719 0.7151796221733093 68.5690689086914
0.7106379866600037 -0.02551933005452156 -0.7030948996543884 -37.485130310058594 -0.012877644039690495 0.9987027645111084 -0.04926442727446556 -4.754662990570068 0.7034400701522827 0.04406338185071945 0.7093875408172607 69.36075592041016
0.7048976421356201 -0.025217343121767044 -0.7088605761528015 -38.30231857299805 -0.012719662860035896 0.9987577199935913 -0.04817883297801018 -4.821280479431152 0.7091950178146362 0.04297761246562004 0.7037011384963989 70.16680145263672
0.6998865008354187 -0.0250705536454916 -0.7138139605522156 -39.12044143676758 -0.013369430787861347 0.998748779296875 -0.04818660393357277 -4.884024620056152 0.7141290307044983 0.04326843470335007 0.6986755132675171 70.96261596679688
0.6947937607765198 -0.0255467277020216 -0.7187551259994507 -39.9502067565918 -0.014231001958251 0.9986849427223206 -0.04925285279750824 -4.948381423950195 0.7190682888031006 0.04444918408989906 0.6935164332389832 71.76045989990234
0.6897459626197815 -0.02772938832640648 -0.7235202193260193 -40.7811279296875 -0.014538138173520565 0.9985345602035522 -0.05212898552417755 -5.021170616149902 0.7239053845405579 0.0464743971824646 0.6883320808410645 72.53623962402344
0.6847774982452393 -0.030888725072145462 -0.7280973196029663 -41.62324905395508 -0.013210572302341461 0.9984109997749329 -0.05478106439113617 -5.085370063781738 0.7286324501037598 0.04713142663240433 0.6832813024520874 73.31646728515625
0.6802452802658081 -0.030863454565405846 -0.732334554195404 -42.488224029541016 -0.01378349307924509 0.998397946357727 -0.05487951636314392 -5.167384147644043 0.732854962348938 0.047425657510757446 0.6787300109863281 74.09283447265625
0.6748316287994385 -0.03009018488228321 -0.737358033657074 -43.377384185791016 -0.014323330484330654 0.9984461069107056 -0.053853441029787064 -5.240383148193359 0.7378327250480652 0.04690342769026756 0.673352062702179 74.9111099243164
0.6698082685470581 -0.030248481780290604 -0.7419177293777466 -44.25495529174805 -0.013401906937360764 0.9985146522521973 -0.052809443324804306 -5.313070297241211 0.7424131631851196 0.04531531780958176 0.6684079766273499 75.68964385986328
0.6647501587867737 -0.03167065232992172 -0.746394157409668 -45.14857482910156 -0.01286923885345459 0.9984673857688904 -0.05382803827524185 -5.384389400482178 0.7469549179077148 0.04538772627711296 0.663323700428009 76.47601318359375
0.6598894000053406 -0.032922953367233276 -0.7506411671638489 -46.02501678466797 -0.011675523594021797 0.9984695315361023 -0.054056618362665176 -5.454909324645996 0.7512720823287964 0.04443551227450371 0.6584950685501099 77.24478912353516
0.6558152437210083 -0.03307173401117325 -0.7541966438293457 -46.93836975097656 -0.011560809798538685 0.9984828233718872 -0.053836505860090256 -5.532983779907227 0.7548328638076782 0.04402592405676842 0.6544379591941833 78.01009368896484
0.651257336139679 -0.034092433750629425 -0.7580907344818115 -47.83381652832031 -0.009830392897129059 0.998527467250824 -0.05335026606917381 -5.610669136047363 0.7587932348251343 0.042197078466415405 0.6499631404876709 78.78913879394531
0.6476248502731323 -0.03706614673137665 -0.7610572576522827 -48.75516128540039 -0.007104265969246626 0.998478889465332 -0.05467481166124344 -5.68792724609375 0.7619262337684631 0.04081552103161812 0.6463764309883118 79.56158447265625
0.6431822776794434 -0.041571423411369324 -0.7645838260650635 -49.665122985839844 -0.004479793831706047 0.9983038306236267 -0.058047566562891006 -5.76153039932251 0.7656999826431274 0.0407603457570076 0.6419050097465515 80.3214340209961
0.638568639755249 -0.04586641117930412 -0.7681968212127686 -50.590065002441406 -0.00029142704443074763 0.9982078075408936 -0.05984184145927429 -5.836792469024658 0.7695648074150085 0.03843698650598526 0.6374108791351318 81.08748626708984
0.6316146850585938 -0.049213849008083344 -0.7737188339233398 -51.52519226074219 0.004422242287546396 0.9981956481933594 -0.059882085770368576 -5.915452480316162 0.7752697467803955 0.03440083935856819 0.6306927800178528 81.8612060546875
0.6236091256141663 -0.05293196812272072 -0.7799422144889832 -52.4618034362793 0.009300322271883488 0.9981367588043213 -0.06030391529202461 -6.005580425262451 0.7816810011863708 0.030352361500263214 0.6229394674301147 82.60018920898438
0.6144638061523438 -0.05404951795935631 -0.7870913743972778 -53.41507339477539 0.01218333374708891 0.9981816411018372 -0.0590338259935379 -6.088962554931641 0.7888509035110474 0.026684757322072983 0.6140050292015076 83.33995819091797
0.6058852672576904 -0.05228404700756073 -0.7938320636749268 -54.39002990722656 0.012438787147402763 0.9983386397361755 -0.0562596321105957 -6.173158168792725 0.7954548001289368 0.02421257458627224 0.6055290102958679 84.07231140136719
0.5969115495681763 -0.052446357905864716 -0.8005910515785217 -55.37466049194336 0.01207093894481659 0.9983352422714233 -0.056400544941425323 -6.251109600067139 0.8022162914276123 0.02400224655866623 0.5965508818626404 84.80500793457031
0.5871225595474243 -0.05413762107491493 -0.8076856732368469 -56.36031723022461 0.011703901924192905 0.9982246160507202 -0.05840127542614937 -6.331271171569824 0.8094134330749512 0.024835634976625443 0.5867137908935547 85.5143051147461
0.5774335265159607 -0.055808935314416885 -0.8145279884338379 -57.3839111328125 0.011755130253732204 0.9981258511543274 -0.06005506590008736 -6.420635223388672 0.8163530826568604 0.025102928280830383 0.5770073533058167 86.21951293945312
0.5679142475128174 -0.05762111023068428 -0.8210684061050415 -58.41434097290039 0.012232337146997452 0.9980272650718689 -0.061578936874866486 -6.501330852508545 0.8229968547821045 0.02492797188460827 0.5674986243247986 86.92303466796875
0.5567370057106018 -0.05810539424419403 -0.8286541104316711 -59.4451904296875 0.014994553290307522 0.9980910420417786 -0.05991214141249657 -6.592920303344727 0.8305534720420837 0.020930008962750435 0.5565453767776489 87.64396667480469
0.5472592711448669 -0.058432284742593765 -0.8349209427833557 -60.48579025268555 0.016230320557951927 0.9981132745742798 -0.0592150017619133 -6.675347328186035 0.8368057608604431 0.01885492354631424 0.5471751093864441 88.29927825927734
0.5373675227165222 -0.0592527762055397 -0.8412641286849976 -61.547603607177734 0.016517477110028267 0.998076856136322 -0.05974683538079262 -6.759200572967529 0.8431864380836487 0.01821044087409973 0.5373128056526184 88.95906066894531
0.5269079208374023 -0.05994440242648125 -0.847805917263031 -62.62415313720703 0.0162761602550745 0.9980384707450867 -0.06045107915997505 -6.856792449951172 0.8497666120529175 0.018053125590085983 0.5268499851226807 89.6194076538086
0.5161488056182861 -0.060955509543418884 -0.8543270230293274 -63.700225830078125 0.015224042348563671 0.997959554195404 -0.062005843967199326 -6.937801361083984 0.8563635349273682 0.018997935578227043 0.5160237550735474 90.29129028320312
0.506263017654419 -0.06191194802522659 -0.8601537942886353 -64.78528594970703 0.014778879471123219 0.9978960156440735 -0.06312787532806396 -7.032299518585205 0.8622524738311768 0.019247207790613174 0.5061128735542297 90.9249038696289
0.4964740574359894 -0.06177765876054764 -0.8658504486083984 -65.87360382080078 0.013406655751168728 0.9978910684585571 -0.06351134181022644 -7.123682975769043 0.8679479956626892 0.01992357335984707 0.4962552785873413 91.54658508300781
0.48807859420776367 -0.05986309051513672 -0.8707442879676819 -67.00218963623047 0.01273880060762167 0.9980274438858032 -0.06147323548793793 -7.213690757751465 0.8727067112922668 0.018911534920334816 0.4878784716129303 92.16300201416016
0.4799325168132782 -0.058448027819395065 -0.8753561973571777 -68.1195297241211 0.01332115288823843 0.9981487393379211 -0.05934334918856621 -7.301807880401611 0.8772042393684387 0.016820048913359642 0.47982266545295715 92.77515411376953
0.47214755415916443 -0.05840187519788742 -0.8795827627182007 -69.22920989990234 0.01303126197308302 0.9981563091278076 -0.05927984043955803 -7.394382953643799 0.8814232349395752 0.016526758670806885 0.4720381796360016 93.37097930908203
0.4643695652484894 -0.061212122440338135 -0.8835235834121704 -70.33634185791016 0.014925400726497173 0.9980078339576721 -0.06129918619990349 -7.4881591796875 0.8855157494544983 0.015278533101081848 0.4643581211566925 93.95687866210938
0.4572041630744934 -0.0645739883184433 -0.8870143890380859 -71.4767837524414 0.017702627927064896 0.9978237748146057 -0.06351615488529205 -7.580667972564697 0.8891856074333191 0.013337359763681889 0.45735228061676025 94.54507446289062
0.45139604806900024 -0.067518450319767 -0.8897656202316284 -72.60987091064453 0.018798792734742165 0.9976314902305603 -0.06616666913032532 -7.6801066398620605 0.89212566614151 0.013140853494405746 0.4515961706638336 95.11470031738281
0.4456563889980316 -0.07116782665252686 -0.8923707008361816 -73.75202178955078 0.021091530099511147 0.9973929524421692 -0.06901022046804428 -7.782037258148193 0.8949556350708008 0.011933388188481331 0.44599559903144836 95.68800354003906
0.440769761800766 -0.07219133526086807 -0.8947124481201172 -74.90223693847656 0.023760464042425156 0.9973497986793518 -0.06876746565103531 -7.883711814880371 0.8973057270050049 0.009051838889718056 0.4413168430328369 96.2555923461914
0.4365951716899872 -0.06907685101032257 -0.8970022797584534 -76.02613067626953 0.025433538481593132 0.9975971579551697 -0.06444433331489563 -7.999589920043945 0.8992984890937805 0.005322147160768509 0.43730294704437256 96.8128433227539
0.4324493408203125 -0.06745130568742752 -0.8991318345069885 -77.16861724853516 0.028799759224057198 0.9977224469184875 -0.06099580228328705 -8.096063613891602 0.901198148727417 0.0004828222154174 0.4334070086479187 97.36884307861328
0.4293842911720276 -0.06646942347288132 -0.9006724953651428 -78.29707336425781 0.030014054849743843 0.9977872371673584 -0.05932765081524849 -8.193326950073242 0.9026229977607727 -0.0015584698412567377 0.4304291605949402 97.9014663696289
0.42641764879226685 -0.06654644757509232 -0.9020751118659973 -79.46405792236328 0.031851813197135925 0.9977761507034302 -0.05854976922273636 -8.290916442871094 0.903965413570404 -0.003766073379665613 0.42758908867836 98.44734191894531
0.4241538643836975 -0.06560014188289642 -0.9032109975814819 -80.60051727294922 0.03331169858574867 0.9978280067443848 -0.05682876706123352 -8.380370140075684 0.9049773216247559 -0.0059833526611328125 0.4254179000854492 98.97826385498047
0.4222452640533447 -0.06455923616886139 -0.9041796922683716 -81.74942016601562 0.035553183406591415 0.9978726506233215 -0.05464591830968857 -8.471577644348145 0.9057841300964355 -0.009072490967810154 0.4236423373222351 99.50151824951172
0.4194413423538208 -0.06533101946115494 -0.9054285287857056 -82.87886810302734 0.036702968180179596 0.9978118538856506 -0.054994214326143265 -8.563897132873535 0.9070401787757874 -0.01016506738960743 0.4209214150905609 100.02400207519531
0.41724106669425964 -0.06616602092981339 -0.9063840508460999 -84.0003890991211 0.038679953664541245 0.9977352619171143 -0.055028896778821945 -8.64050006866455 0.9079723954200745 -0.01209857314825058 0.4188554584980011 100.53428649902344
0.4147483706474304 -0.06504539400339127 -0.9076083302497864 -85.11174774169922 0.04230108857154846 0.9977415204048157 -0.05217470973730087 -8.72767448425293 0.9089523553848267 -0.01675345003604889 0.41656315326690674 101.05712890625
0.4127509593963623 -0.06449992209672928 -0.9085572957992554 -86.20812225341797 0.04401116818189621 0.9977366924285889 -0.0508369579911232 -8.804530143737793 0.9097800254821777 -0.019003665074706078 0.4146554470062256 101.55347442626953
0.4108685255050659 -0.06640952825546265 -0.9092726111412048 -87.31229400634766 0.047062329947948456 0.9975587129592896 -0.05159175768494606 -8.881004333496094 0.9104790091514587 -0.021595066413283348 0.41299086809158325 102.05397033691406
0.40967729687690735 -0.06770344823598862 -0.9097146391868591 -88.39382934570312 0.04822942987084389 0.9974548816680908 -0.052513863891363144 -8.960077285766602 0.9109546542167664 -0.022361285984516144 0.4118998944759369 102.53971862792969
0.4089933931827545 -0.06904341280460358 -0.9099215865135193 -89.45986938476562 0.04856478050351143 0.9973673820495605 -0.053849659860134125 -9.04574966430664 0.9112441539764404 -0.022165991365909576 0.4112697243690491 103.02509307861328
0.4098866283893585 -0.06920792907476425 -0.9095070362091064 -90.54953002929688 0.04733194783329964 0.9973878264427185 -0.05456407740712166 -9.133514404296875 0.9109075665473938 -0.020683657377958298 0.4120917022228241 103.49803161621094
0.41227710247039795 -0.06924347579479218 -0.9084233045578003 -91.59723663330078 0.045698244124650955 0.9974241852760315 -0.05528785660862923 -9.21310806274414 0.9099116921424866 -0.01871943473815918 0.4143794775009155 103.96920013427734
0.41697508096694946 -0.06886742264032364 -0.9063051342964172 -92.64006042480469 0.042965278029441833 0.9975042343139648 -0.056029800325632095 -9.297863960266113 0.9079018831253052 -0.015576616860926151 0.41889333724975586 104.43348693847656
0.4212437570095062 -0.07079410552978516 -0.9041802287101746 -93.6448974609375 0.04327792674303055 0.9973821640014648 -0.05792897194623947 -9.369646072387695 0.905914306640625 -0.014728827401995659 0.42320477962493896 104.91185760498047
0.4265272319316864 -0.07069753110408783 -0.9017074704170227 -94.6568374633789 0.042541660368442535 0.9974051713943481 -0.058077502995729446 -9.449101448059082 0.9034736752510071 -0.0135884964838624 0.4284280836582184 105.39928436279297
0.433774471282959 -0.0692073330283165 -0.8983596563339233 -95.65997314453125 0.04182664304971695 0.9975175857543945 -0.056650128215551376 -9.539368629455566 0.900050163269043 -0.013001994229853153 0.43559229373931885 105.87272644042969
0.4423046112060547 -0.06766931712627411 -0.8943083882331848 -96.67288970947266 0.04025927558541298 0.997642457485199 -0.05557694286108017 -9.62193775177002 0.8959608674049377 -0.011422269977629185 0.443986177444458 106.35912322998047
0.4511362314224243 -0.06668106466531754 -0.889960527420044 -97.65328979492188 0.03991415724158287 0.9977145195007324 -0.054521456360816956 -9.702552795410156 0.8915621042251587 -0.010925421491265297 0.45276665687561035 106.8579330444336
0.46082067489624023 -0.06687401980161667 -0.8849701285362244 -98.65935516357422 0.038881588727235794 0.9977208375930786 -0.05514780431985855 -9.76966381072998 0.8866411447525024 -0.008995790034532547 0.4623705744743347 107.3654556274414
0.4700259864330292 -0.06677854806184769 -0.8801228404045105 -99.63002014160156 0.03742985799908638 0.9977449774742126 -0.05571374669671059 -9.855582237243652 0.8818585276603699 -0.006755966227501631 0.4714655578136444 107.89073181152344
0.4808109402656555 -0.06904052197933197 -0.8741019368171692 -100.59151458740234 0.036357659846544266 0.9976077079772949 -0.058796558529138565 -9.92438793182373 0.8760700821876526 -0.0035102744586765766 0.48217087984085083 108.40447998046875
0.49242591857910156 -0.07003974914550781 -0.8675315976142883 -101.54927825927734 0.03476779907941818 0.9975441694259644 -0.060801442712545395 -10.000621795654297 0.8696596026420593 -0.00022195844212546945 0.49365177750587463 108.93931579589844
0.5047098398208618 -0.06826438009738922 -0.8605857491493225 -102.50211334228516 0.03226613998413086 0.9976638555526733 -0.060214631259441376 -10.078774452209473 0.8626857399940491 0.002623135456815362 0.5057334303855896 109.49616241455078
0.5178511738777161 -0.06522862613201141 -0.8529802560806274 -103.42572784423828 0.030310850590467453 0.9978617429733276 -0.05790596827864647 -10.163296699523926 0.8549335598945618 0.004132119007408619 0.5187210440635681 110.0406723022461
0.5299431681632996 -0.06268441677093506 -0.8457131385803223 -104.33576965332031 0.029483165591955185 0.9980233907699585 -0.05549884960055351 -10.244189262390137 0.8475205302238464 0.004476933274418116 0.5307437777519226 110.6121597290039
0.5424544811248779 -0.06252040714025497 -0.8377554416656494 -105.24942779541016 0.029806189239025116 0.9980313181877136 -0.05518175661563873 -10.314362525939941 0.8395562171936035 0.004963296931236982 0.5432501435279846 111.18627166748047
