1.0 0.0 0.0 0.0 0.0 1.0 0.0 0.0 0.0 0.0 1.0 0.0
0.9999338388442993 -0.0024872422218322754 0.011232507415115833 0.015764066949486732 0.0024761727545410395 0.9999964237213135 0.0009992888662964106 -0.0036834976635873318 -0.011234953068196774 -0.0009714091429486871 0.9999364018440247 0.29568731784820557
0.9998286962509155 -0.00454442435875535 0.017941107973456383 0.025996513664722443 0.004523811396211386 0.9999890327453613 0.00118933932390064 -0.008760440163314342 -0.017946317791938782 -0.0011079733958467841 0.9998383522033691 0.5823801159858704
0.9997771382331848 -0.00748411612585187 0.019740955904126167 0.03874345123767853 0.007486025337129831 0.9999719858169556 -2.281209708598908e-05 -0.012716691941022873 -0.019740233197808266 0.00017058830417227 0.9998051524162292 0.8870921730995178
0.9998146891593933 -0.00866546481847763 0.017189713194966316 0.04949531704187393 0.008697296492755413 0.9999606013298035 -0.0017778746550902724 -0.010148102417588234 -0.017173629254102707 0.0019270492484793067 0.9998506903648376 1.2012814283370972
0.9998767375946045 -0.011484130285680294 0.010705512948334217 0.05200812220573425 0.011521490290760994 0.9999276995658875 -0.0034348079934716225 -0.010090118274092674 -0.010665292851626873 0.0035577286034822464 0.9999368190765381 1.5212982892990112
0.9999114274978638 -0.013206453062593937 -0.0016634751809760928 0.04767412692308426 0.013197418302297592 0.9998987317085266 -0.005330181214958429 -0.013234205543994904 0.00173369946423918 0.005307754501700401 0.9999843835830688 1.848827600479126
0.9997562766075134 -0.012407106347382069 -0.0182594433426857 0.026785269379615784 0.01230659894645214 0.9999085664749146 -0.005606567952781916 -0.018999645486474037 0.01832733303308487 0.00538049079477787 0.9998175501823425 2.184075117111206
0.9992509484291077 -0.008062225766479969 -0.037850990891456604 -0.004638664424419403 0.007856455631554127 0.99995356798172 -0.005581932608038187 -0.022663526237010956 0.03789423406124115 0.00528037641197443 0.9992677569389343 2.530745506286621
0.9983280301094055 -0.00439103227108717 -0.05763562396168709 -0.040780723094940186 0.003999313339591026 0.9999680519104004 -0.0069100698456168175 -0.02877655252814293 0.057664137333631516 0.006668013986200094 0.9983137845993042 2.878089189529419
0.9969333410263062 -0.004063721746206284 -0.07814960926771164 -0.07900647819042206 0.0035042904783040285 0.9999672174453735 -0.007294274400919676 -0.03217260167002678 0.07817667722702026 0.006998045835644007 0.9969150424003601 3.242081880569458
0.995029866695404 -0.005552221555262804 -0.09942270815372467 -0.12585993111133575 0.004859962034970522 0.9999622106552124 -0.007203639019280672 -0.032112233340740204 0.0994589552283287 0.006684644613415003 0.9950191974639893 3.61541485786438
0.9928982257843018 -0.0074176909402012825 -0.11873485147953033 -0.18831658363342285 0.006772417109459639 0.9999600052833557 -0.005837152246385813 -0.04478791356086731 0.11877341568470001 0.004991575609892607 0.992908775806427 4.005246162414551
0.9906386733055115 -0.006150934379547834 -0.1363714337348938 -0.2646898329257965 0.005422505550086498 0.999968945980072 -0.005712337326258421 -0.043922871351242065 0.13640233874320984 0.004919387400150299 0.9906414151191711 4.399928569793701
0.9882490038871765 -0.005131621845066547 -0.15276610851287842 -0.33111441135406494 0.004482896067202091 0.9999793767929077 -0.0045906612649559975 -0.055957943201065063 0.152786523103714 0.0038518814835697412 0.9882517457008362 4.813017845153809
0.9859969019889832 -0.004296563100069761 -0.16670772433280945 -0.4105219841003418 0.0034872465766966343 0.9999806880950928 -0.005147115793079138 -0.05944804102182388 0.16672660410404205 0.004493688698858023 0.985992968082428 5.234198570251465
0.9839985966682434 -0.005897471681237221 -0.17807818949222565 -0.5019150376319885 0.004965314641594887 0.9999715685844421 -0.005679756868630648 -0.06859168410301208 0.17810657620429993 0.0047046588733792305 0.9839999675750732 5.660685062408447
0.9822027087211609 -0.009653976187109947 -0.1875758022069931 -0.5930889248847961 0.008267777040600777 0.9999324083328247 -0.008171050809323788 -0.0735076293349266 0.18764200806617737 0.006474792491644621 0.9822161197662354 6.1089653968811035
0.9805723428726196 -0.008909188210964203 -0.19595497846603394 -0.685511589050293 0.007114552892744541 0.9999260902404785 -0.009860401973128319 -0.08144731819629669 0.19602835178375244 0.00827470701187849 0.9805633425712585 6.573384761810303
0.9790051579475403 -0.008646121248602867 -0.20365208387374878 -0.7929538488388062 0.006352946627885103 0.9999088644981384 -0.01191132515668869 -0.08631476014852524 0.20373652875423431 0.010367458686232567 0.9789708256721497 7.046250820159912
0.9773149490356445 -0.010024516843259335 -0.2115534394979477 -0.8959208130836487 0.0072500561363995075 0.9998772144317627 -0.013886317610740662 -0.10431420058012009 0.21166667342185974 0.012037531472742558 0.9772678017616272 7.51145601272583
0.9755057692527771 -0.013992308638989925 -0.21952852606773376 -1.006091833114624 0.010829182341694832 0.9998194575309753 -0.015605521388351917 -0.11286690831184387 0.21970731019973755 0.01284596137702465 0.9754812717437744 8.009710311889648
0.9735984802246094 -0.020205136388540268 -0.2273714244365692 -1.1213140487670898 0.01672964356839657 0.9997119903564453 -0.01720252074301243 -0.1254757195711136 0.22765351831912994 0.012944505549967289 0.973656177520752 8.517889976501465
0.9715031981468201 -0.020999331027269363 -0.23609493672847748 -1.24564528465271 0.016854504123330116 0.9996665716171265 -0.019560478627681732 -0.1390315145254135 0.23642700910568237 0.015023801475763321 0.9715331196784973 9.037158966064453
0.9694415330886841 -0.016948578879237175 -0.2447361946105957 -1.397798776626587 0.011351220309734344 0.9996410608291626 -0.02426348812878132 -0.14614436030387878 0.24505962431430817 0.02074398100376129 0.9692860245704651 9.56433391571045
0.9672590494155884 -0.013820166699588299 -0.2534145414829254 -1.5543239116668701 0.007149992510676384 0.9996036887168884 -0.0272233746945858 -0.16483473777770996 0.2536903917789459 0.024520142003893852 0.9669746160507202 10.10122013092041
0.9649580717086792 -0.016400648280978203 -0.26189082860946655 -1.7076600790023804 0.009215439669787884 0.9995473027229309 -0.028640586882829666 -0.18897797167301178 0.2622419595718384 0.02522352896630764 0.9646724462509155 10.6705322265625
0.9625750184059143 -0.019301733002066612 -0.27032697200775146 -1.8674942255020142 0.011365252546966076 0.9994581341743469 -0.030893558636307716 -0.20795269310474396 0.27077677845954895 0.026665039360523224 0.9622727632522583 11.235662460327148
0.9603800773620605 -0.01878964900970459 -0.2780594527721405 -2.0485386848449707 0.010018058121204376 0.9994074106216431 -0.03293312340974808 -0.23366506397724152 0.27851346135139465 0.028842704370617867 0.9599990844726562 11.813365936279297
0.9580836892127991 -0.017579367384314537 -0.2859487235546112 -2.24157977104187 0.007309545297175646 0.9992906451225281 -0.036942776292562485 -0.25933489203453064 0.2863953709602356 0.0333041213452816 0.957532525062561 12.400882720947266
0.9556301236152649 -0.018819941207766533 -0.29396742582321167 -2.4210920333862305 0.006747127044945955 0.9990935325622559 -0.042028892785310745 -0.2875156104564667 0.2944919168949127 0.0381806455552578 0.9548909664154053 13.000509262084961
0.9538161754608154 -0.020225191488862038 -0.2997094690799713 -2.6183342933654785 0.005611923523247242 0.9987563490867615 -0.04953896254301071 -0.32005858421325684 0.3003387153148651 0.04556911438703537 0.9527434706687927 13.61013126373291
0.9525049924850464 -0.020836234092712402 -0.3038089871406555 -2.825984477996826 0.0033661730121821165 0.9983158707618713 -0.057914167642593384 -0.3559499680995941 0.30450400710105896 0.05414087325334549 0.9509710669517517 14.220635414123535
0.9513489007949829 -0.020528467372059822 -0.30743107199668884 -3.037052631378174 6.913740799063817e-05 0.9977922439575195 -0.06641285121440887 -0.3955422639846802 0.30811572074890137 0.06316053122282028 0.9492498636245728 14.84363842010498
0.9499601125717163 -0.01982281543314457 -0.31174135208129883 -3.256309986114502 -0.0038537979125976562 0.997164785861969 -0.07515064626932144 -0.44651055335998535 0.3123472034931183 0.07259151339530945 0.9471903443336487 15.481253623962402
0.9486470818519592 -0.01967906393110752 -0.3157237470149994 -3.4831504821777344 -0.006714266259223223 0.9965856671333313 -0.08229139447212219 -0.4983546733856201 0.3162651062011719 0.08018534630537033 0.9452759623527527 16.11460304260254
0.9471009969711304 -0.017596106976270676 -0.32045283913612366 -3.720240592956543 -0.011500181630253792 0.9959938526153564 -0.08867903053760529 -0.5582664608955383 0.32072949409484863 0.08767326921224594 0.9431044459342957 16.774539947509766
0.9455223679542542 -0.016836699098348618 -0.3251214027404785 -3.965496778488159 -0.01488390564918518 0.9953820109367371 -0.09483230859041214 -0.6200498342514038 0.32521671056747437 0.09450513869524002 0.9409053921699524 17.443923950195312
0.9438495635986328 -0.014664821326732635 -0.33004963397979736 -4.217383861541748 -0.019477443769574165 0.9948066473007202 -0.0999014601111412 -0.6983087062835693 0.32980069518089294 0.10072047263383865 0.9386622905731201 18.119461059570312
0.942028820514679 -0.012305534444749355 -0.33530619740486145 -4.4680585861206055 -0.02368980087339878 0.994394063949585 -0.10304918140172958 -0.7690997123718262 0.3346945643424988 0.10501863062381744 0.9364564418792725 18.81746482849121
0.9402726888656616 -0.0113951051607728 -0.34023168683052063 -4.736545562744141 -0.025784190744161606 0.9941847920417786 -0.10455527156591415 -0.8468935489654541 0.3394445478916168 0.10708305239677429 0.9345109462738037 19.520029067993164
0.938016951084137 -0.010897672735154629 -0.3464181423187256 -5.007442474365234 -0.026754235848784447 0.9942464828491211 -0.10372117906808853 -0.928382396697998 0.3455553650856018 0.1065603643655777 0.932328462600708 20.218799591064453
0.93575119972229 -0.011032761074602604 -0.35248804092407227 -5.277156829833984 -0.026666637510061264 0.9944353103637695 -0.10191753506660461 -1.0121999979019165 0.35165101289749146 0.10476912558078766 0.9302501082420349 20.926555633544922
0.9332195520401001 -0.01124983374029398 -0.3591303825378418 -5.566854476928711 -0.026441901922225952 0.9946492314338684 -0.0998682826757431 -1.0958927869796753 0.3583323061466217 0.10269512981176376 0.9279287457466125 21.649200439453125
0.9299924373626709 -0.010050109587609768 -0.36744096875190735 -5.856769561767578 -0.02761920727789402 0.9948897957801819 -0.09711604565382004 -1.172044038772583 0.36653923988342285 0.10046562552452087 0.9249625205993652 22.36771011352539
0.9267660975456238 -0.008254370652139187 -0.3755481243133545 -6.172416687011719 -0.02813536673784256 0.9954249262809753 -0.09131057560443878 -1.2509243488311768 0.3745836913585663 0.09518972784280777 0.9222939014434814 23.105987548828125
0.9231646656990051 -0.004488464444875717 -0.38437846302986145 -6.4932756423950195 -0.031102312728762627 0.9957813024520874 -0.08632659912109375 -1.330181360244751 0.3831443786621094 0.09164872765541077 0.9191305041313171 23.851551055908203
0.9195721745491028 -0.0008362081134691834 -0.3929201662540436 -6.827329635620117 -0.03429926559329033 0.9960096478462219 -0.08239211142063141 -1.405037760734558 0.3914211392402649 0.0892423763871193 0.9158740639686584 24.60391616821289
0.9157512187957764 0.0007119757356122136 -0.4017452001571655 -7.1736578941345215 -0.0362069346010685 0.9960752129554749 -0.08076600730419159 -1.4790538549423218 0.40011096000671387 0.08850753307342529 0.9121828675270081 25.35422134399414
0.9117729067802429 0.0005267931846901774 -0.410694420337677 -7.520709037780762 -0.03656673803925514 0.9961316585540771 -0.07990323752164841 -1.5500963926315308 0.40906357765197754 0.08787135034799576 0.9082651734352112 26.10051727294922
0.907886266708374 0.0008714311989024282 -0.4192153811454773 -7.885658264160156 -0.03737010806798935 0.9961850047111511 -0.07886091619729996 -1.6180715560913086 0.4175473153591156 0.08726289123296738 0.9044553637504578 26.871463775634766
0.9039027690887451 0.0014675441198050976 -0.42773544788360596 -8.271442413330078 -0.03812406584620476 0.9962906837463379 -0.07714662700891495 -1.6891393661499023 0.42603564262390137 0.08604005724191666 0.9006057381629944 27.662921905517578
0.9000945091247559 0.00020307462546043098 -0.4356946647167206 -8.636428833007812 -0.03627048805356026 0.996563732624054 -0.07446611672639847 -1.766617774963379 0.43418237566947937 0.08282940089702606 0.8970088958740234 28.410734176635742
0.8963747024536133 0.00047377136070281267 -0.4432968199253082 -9.036520957946777 -0.035352449864149094 0.9968907237052917 -0.07041952759027481 -1.8352453708648682 0.4418851137161255 0.07879390567541122 0.8936045169830322 29.201173782348633
0.8925705552101135 0.0029460452497005463 -0.4508982002735138 -9.44719409942627 -0.0359443798661232 0.9972611665725708 -0.06463749706745148 -1.9005415439605713 0.4494728147983551 0.07390077412128448 0.8902319073677063 29.98819923400879
0.8887152075767517 0.0031375810503959656 -0.45844897627830505 -9.870559692382812 -0.03466692194342613 0.9975734949111938 -0.06037542223930359 -1.9657297134399414 0.45714715123176575 0.06954958289861679 0.8866674900054932 30.796194076538086
0.8850983381271362 0.001995436381548643 -0.46539998054504395 -10.30599308013916 -0.0330471396446228 0.9977360367774963 -0.0585712268948555 -2.0261194705963135 0.46422943472862244 0.06722142547369003 0.8831604719161987 31.602130889892578
0.8816027045249939 0.001617084490135312 -0.4719894528388977 -10.741168975830078 -0.032674744725227356 0.9978041648864746 -0.05761276185512543 -2.0865654945373535 0.4708597958087921 0.0662136971950531 0.8797197341918945 32.42966842651367
0.8784764409065247 0.0022550192661583424 -0.47778040170669556 -11.200904846191406 -0.03299383819103241 0.9978880286216736 -0.05595467612147331 -2.1421406269073486 0.47664517164230347 0.06491866707801819 0.8766955137252808 33.25821304321289
0.8754257559776306 0.0001820052566472441 -0.4833526313304901 -11.659199714660645 -0.030259983614087105 0.9980589747428894 -0.054429661482572556 -2.196866750717163 0.4824044704437256 0.06227536126971245 0.8737320303916931 34.08657455444336
0.8729813694953918 -0.0005337718757800758 -0.48775315284729004 -12.166791915893555 -0.029801610857248306 0.9980727434158325 -0.054431214928627014 -2.258634567260742 0.4868421256542206 0.06205327436327934 0.8712829351425171 34.93907165527344
0.87052321434021 -0.002884614048525691 -0.49211883544921875 -12.61978530883789 -0.027712766081094742 0.9981086850166321 -0.05487243831157684 -2.3115110397338867 0.4913463592529297 0.06140571087598801 0.8687968850135803 35.78221130371094
0.8691166043281555 -0.002463048789650202 -0.4946013391017914 -13.123912811279297 -0.02860574796795845 0.9980635046958923 -0.055236414074897766 -2.3711647987365723 0.4937795400619507 0.06215531751513481 0.867362916469574 36.649444580078125
0.8686367273330688 -0.002286787610501051 -0.4954442083835602 -13.623138427734375 -0.02842182107269764 0.9981126189231873 -0.054437436163425446 -2.430593967437744 0.49463361501693726 0.061367787420749664 0.8669322729110718 37.51118087768555
0.8684936165809631 -0.002019162755459547 -0.49569621682167053 -14.132938385009766 -0.027885111048817635 0.9982092380523682 -0.05292271450161934 -2.490469217300415 0.4949153959751129 0.05978558212518692 0.8668820261955261 38.39021301269531
0.8682213425636292 -0.0029206033796072006 -0.49616846442222595 -14.652700424194336 -0.026487823575735092 0.9982839226722717 -0.05222596973180771 -2.554185390472412 0.4954695999622345 0.058486130088567734 0.866654098033905 39.270545959472656
0.8674910068511963 -0.005272800102829933 -0.49742501974105835 -15.17477035522461 -0.02429528348147869 0.9983014464378357 -0.052952274680137634 -2.614899158477783 0.4968593120574951 0.0580207034945488 0.8658894300460815 40.18098449707031
0.8663656711578369 -0.008054107427597046 -0.49934521317481995 -15.705606460571289 -0.021321196109056473 0.9983618259429932 -0.0530952587723732 -2.679882764816284 0.4989548325538635 0.056646548211574554 0.8647747039794922 41.09354782104492
0.8647587895393372 -0.008229967206716537 -0.5021200180053711 -16.249435424804688 -0.02029835432767868 0.9984757900238037 -0.05132358893752098 -2.738407611846924 0.5017770528793335 0.05457473173737526 0.8632736802101135 42.029232025146484
0.86273193359375 -0.007663588039577007 -0.5056034922599792 -16.78805923461914 -0.018889250233769417 0.9986987113952637 -0.04736911132931709 -2.8017561435699463 0.5053085684776306 0.050417304039001465 0.8614647388458252 42.93156051635742
0.8598895072937012 -0.007644055411219597 -0.5104230046272278 -17.3365535736084 -0.016936950385570526 0.9989100694656372 -0.04349261149764061 -2.8610434532165527 0.5101991295814514 0.046043846756219864 0.8588228821754456 43.8515739440918
0.8558152318000793 -0.007864495739340782 -0.5172218084335327 -17.904624938964844 -0.01571262814104557 0.9990279078483582 -0.04118920490145683 -2.928260564804077 0.5170429348945618 0.04337726905941963 0.8548596501350403 44.78262710571289
0.8505589962005615 -0.011133772321045399 -0.5257618427276611 -18.468061447143555 -0.01408957690000534 0.9989344477653503 -0.0439474992454052 -2.9810867309570312 0.525691032409668 0.0447877012193203 0.8494956493377686 45.686031341552734
0.8444663286209106 -0.015279213897883892 -0.5353906154632568 -19.03968048095703 -0.011647791601717472 0.9988327622413635 -0.046877067536115646 -3.04258394241333 0.5354819297790527 0.04582221806049347 0.8433026671409607 46.59130096435547
0.8384144306182861 -0.015226765535771847 -0.5448205471038818 -19.626285552978516 -0.011807305738329887 0.9988677501678467 -0.046086616814136505 -3.102069854736328 0.5449053645133972 0.04507254809141159 0.8372851610183716 47.47918701171875
0.8325703144073486 -0.011549965478479862 -0.5537989139556885 -20.2235050201416 -0.013440141454339027 0.999066948890686 -0.04104207828640938 -3.1618142127990723 0.5537562370300293 0.04161355271935463 0.8316383361816406 48.36370849609375
0.8272227048873901 -0.006852136924862862 -0.5618323683738708 -20.827774047851562 -0.01665562018752098 0.999187171459198 -0.03670930489897728 -3.21798038482666 0.5616272687911987 0.0397244393825531 0.8264362215995789 49.24785232543945
0.8232685923576355 -0.007050516549497843 -0.5676081776618958 -21.450138092041016 -0.01757931336760521 0.9991265535354614 -0.03790793940424919 -3.273599624633789 0.5673796534538269 0.041186582297086716 0.8224256634712219 50.122703552246094
0.8197194933891296 -0.009627492167055607 -0.5726844668388367 -22.062232971191406 -0.01777469553053379 0.9989495873451233 -0.04223554581403732 -3.3284225463867188 0.5724895596504211 0.044800590723752975 0.8186873197555542 51.0015869140625
0.8167387247085571 -0.011752400547266006 -0.5768880844116211 -22.68917465209961 -0.02053731307387352 0.9985669851303101 -0.04941888898611069 -3.3852462768554688 0.5766422152519226 0.05221005156636238 0.8153269290924072 51.87075424194336
0.8135879635810852 -0.01271478459239006 -0.5813028216362 -23.319639205932617 -0.020850323140621185 0.998479962348938 -0.05102164298295975 -3.44461989402771 0.5810679197311401 0.05363095551729202 0.8120861053466797 52.73883819580078
0.8102929592132568 -0.011022370308637619 -0.5859214663505554 -23.95773696899414 -0.020251484587788582 0.9986992478370667 -0.046794094145298004 -3.509871482849121 0.5856751203536987 0.04978269711136818 0.809015691280365 53.604705810546875
0.8072603940963745 -0.008485778234899044 -0.5901344418525696 -24.59764862060547 -0.0200223196297884 0.9989272952079773 -0.04175303131341934 -3.5687994956970215 0.5898557305335999 0.04552143067121506 0.806224524974823 54.465877532958984
0.8042981028556824 -0.005655011162161827 -0.5941991209983826 -25.248050689697266 -0.021976212039589882 0.9989875555038452 -0.03925403580069542 -3.6167685985565186 0.5938194990158081 0.04463019222021103 0.8033595681190491 55.33087158203125
0.8010858297348022 -0.0055874986574053764 -0.5985234975814819 -25.89883804321289 -0.023078642785549164 0.9989244341850281 -0.04021473601460457 -3.664865732192993 0.5981044769287109 0.046028561890125275 0.80009526014328 56.19062423706055
0.7975195050239563 -0.007079131435602903 -0.6032516360282898 -26.55716323852539 -0.022296864539384842 0.9989020824432373 -0.04119930416345596 -3.72617769241333 0.6028810143470764 0.046307872980833054 0.7964860796928406 57.05682373046875
0.7933261394500732 -0.009759172797203064 -0.6087186336517334 -27.204044342041016 -0.02153494581580162 0.9987959265708923 -0.04407891258597374 -3.7848896980285645 0.6084158420562744 0.04807767644524574 0.7921607494354248 57.89984130859375
0.7893126606941223 -0.010892955586314201 -0.6138948798179626 -27.876510620117188 -0.020781029015779495 0.998795747756958 -0.04444175958633423 -3.844180107116699 0.6136397123336792 0.047835804522037506 0.7881357669830322 58.74733352661133
0.7845520377159119 -0.010835228487849236 -0.6199682354927063 -28.55520248413086 -0.020609641447663307 0.9988391399383545 -0.0435376912355423 -3.902064561843872 0.6197202801704407 0.046934910118579865 0.7834180593490601 59.60546112060547
0.7796881794929504 -0.010532834567129612 -0.6260793209075928 -29.23957061767578 -0.020380478352308273 0.998901903629303 -0.04218585044145584 -3.9718942642211914 0.6258361339569092 0.04565160721540451 0.7786173820495605 60.441070556640625
0.7744070291519165 -0.012356595136225224 -0.6325670480728149 -29.917282104492188 -0.01969934068620205 0.9988536238670349 -0.04362816736102104 -4.021117210388184 0.6323809623718262 0.04624710604548454 0.7732758522033691 61.25467300415039
0.769214928150177 -0.013613464310765266 -0.6388450860977173 -30.622814178466797 -0.019326606765389442 0.9988199472427368 -0.044554952532052994 -4.080471038818359 0.6386978030204773 0.04661904275417328 0.7680442333221436 62.09086608886719
0.7633806467056274 -0.014964519999921322 -0.6457754969596863 -31.317424774169922 -0.018793931230902672 0.99879390001297 -0.04536157101392746 -4.1421403884887695 0.6456753611564636 0.0467648021876812 0.7621787190437317 62.92072296142578
0.7577001452445984 -0.01661093719303608 -0.6523914337158203 -32.04655075073242 -0.017696652561426163 0.9987854361534119 -0.0459839291870594 -4.213483810424805 0.6523628830909729 0.04638718068599701 0.7564858794212341 63.756431579589844
0.7514039278030396 -0.01839812844991684 -0.6595859527587891 -32.77555465698242 -0.017008600756525993 0.9987390041351318 -0.04723457992076874 -4.273501873016357 0.6596232056617737 0.04671087861061096 0.7501435875892639 64.58960723876953
0.7454765439033508 -0.019443754106760025 -0.6662482023239136 -33.53852081298828 -0.016129417344927788 0.9987554550170898 -0.047195106744766235 -4.343376159667969 0.6663366556167603 0.045929040759801865 0.7442351579666138 65.41468048095703
0.7391524910926819 -0.019290251657366753 -0.6732617616653442 -34.29311752319336 -0.015168808400630951 0.9988595843315125 -0.045272599905729294 -4.408986568450928 0.6733673214912415 0.04367593675851822 0.7380169034004211 66.23983764648438
0.7327187657356262 -0.019630664959549904 -0.6802483797073364 -35.07072067260742 -0.014869017526507378 0.9988834261894226 -0.04484179615974426 -4.464728832244873 0.6803691387176514 0.04297104477882385 0.7316087484359741 67.06226348876953
0.7260902523994446 -0.021257922053337097 -0.6872708201408386 -35.826576232910156 -0.01362282782793045 0.9988810420036316 -0.04528861120343208 -4.532171249389648 0.6874644756317139 0.04224618896842003 0.7249880433082581 67.8644790649414
0.7193300127983093 -0.02386985346674919 -0.6942582130432129 -36.61067199707031 -0.012333560734987259 0.9988130331039429 -0.04711996391415596 -4.592003345489502 0.6945590376853943 0.04245747998356819 0.7181817889213562 68.68617248535156
0.7133705615997314 -0.02326778881251812 -0.7004007697105408 -37.413551330566406 -0.01376402098685503 0.9987906217575073 -0.04719940945506096 -4.651452541351318 0.7006519436836243 0.0433109886944294 0.7121874690055847 69.48599243164062
0.7080780267715454 -0.02257789671421051 -0.705773115158081 -38.22807693481445 -0.01404022891074419 0.9988409280776978 -0.04603930562734604 -4.718460559844971 0.7059946060180664 0.04250863939523697 0.7069403529167175 70.28724670410156
0.7032105922698975 -0.02209313027560711 -0.710638165473938 -39.039710998535156 -0.015024969354271889 0.9988320469856262 -0.045920759439468384 -4.782780647277832 0.7108228206634521 0.04296928271651268 0.7020573616027832 71.07821655273438
0.6984065175056458 -0.022500785067677498 -0.7153474688529968 -39.86888122558594 -0.016176404431462288 0.99875408411026 -0.04720847308635712 -4.841029644012451 0.7155184149742126 0.04454245790839195 0.6971724629402161 71.8810806274414
0.6931294798851013 -0.024543646723031998 -0.7203949689865112 -40.71673583984375 -0.0162214282900095 0.9986358880996704 -0.049630727618932724 -4.918675422668457 0.7206305265426636 0.04608635604381561 0.691785991191864 72.68270874023438
0.6883635520935059 -0.02764119952917099 -0.72483891248703 -41.559906005859375 -0.014734978787600994 0.998534619808197 -0.05207187309861183 -4.983266830444336 0.7252161502838135 0.04652486369013786 0.6869475841522217 73.46955871582031
0.6828089356422424 -0.027883797883987427 -0.7300646305084229 -42.41753387451172 -0.015636416152119637 0.9984847903251648 -0.05276003107428551 -5.055253982543945 0.7304295897483826 0.04744061827659607 0.681338369846344 74.27361297607422
0.6780825257301331 -0.027208248153328896 -0.7344819903373718 -43.29017639160156 -0.01612745225429535 0.9985231757164001 -0.05187847837805748 -5.120551109313965 0.7348088026046753 0.04702320694923401 0.6766422986984253 75.0647964477539
0.6731802821159363 -0.027389341965317726 -0.7389709949493408 -44.167938232421875 -0.015354438684880733 0.9985806345939636 -0.0509989894926548 -5.189845085144043 0.7393189668655396 0.04567798972129822 0.6718041896820068 75.84982299804688
0.6677342653274536 -0.028631169348955154 -0.7438489198684692 -45.05525207519531 -0.014757677912712097 0.998554527759552 -0.051682524383068085 -5.261997222900391 0.7442534565925598 0.045487675815820694 0.666346549987793 76.64842224121094
0.6631159782409668 -0.029854971915483475 -0.7479211688041687 -45.9302978515625 -0.013599528931081295 0.9985588192939758 -0.05191724747419357 -5.330704212188721 0.7483932375907898 0.0445985309779644 0.6617541909217834 77.41647338867188
0.6587779521942139 -0.030494753271341324 -0.7517191171646118 -46.83672332763672 -0.012656978331506252 0.9985874891281128 -0.051601484417915344 -5.408007621765137 0.7522308230400085 0.04350841045379639 0.6574615240097046 78.19461059570312
0.6544486880302429 -0.0312919020652771 -0.7554585933685303 -47.73272705078125 -0.011249557137489319 0.9986296892166138 -0.05110972747206688 -5.483768939971924 0.756022572517395 0.041947271674871445 0.6531999111175537 78.97455596923828
0.6507219076156616 -0.034178804606199265 -0.7585465312004089 -48.64676284790039 -0.008562928065657616 0.9985925555229187 -0.05234060063958168 -5.559867858886719 0.7592678666114807 0.04055456072092056 0.6495134234428406 79.74642944335938
0.6465964913368225 -0.03859886899590492 -0.7618550658226013 -49.55691909790039 -0.00614686356857419 0.9984229803085327 -0.05580134317278862 -5.630410194396973 0.7628074288368225 0.0407639779150486 0.6453395485877991 80.5093994140625
0.641949474811554 -0.04279094561934471 -0.7655519843101501 -50.48915100097656 -0.002165591809898615 0.9983363151550293 -0.05761849135160446 -5.701838493347168 0.7667438983917236 0.038646042346954346 0.6407887935638428 81.28512573242188
0.6350414156913757 -0.04610879346728325 -0.7711007595062256 -51.41967010498047 0.0027456064708530903 0.9983453750610352 -0.05743597447872162 -5.781705379486084 0.7724732160568237 0.034357089549303055 0.6341172456741333 82.05884552001953
0.6268762350082397 -0.050027962774038315 -0.7775108814239502 -52.35368347167969 0.0075407917611300945 0.998279333114624 -0.05815316364169121 -5.863985538482666 0.7790823578834534 0.030591795220971107 0.6261746883392334 82.81217956542969
0.6176651120185852 -0.05099095404148102 -0.7847864031791687 -53.30723571777344 0.010137666016817093 0.998329222202301 -0.056886911392211914 -5.9440789222717285 0.7863758206367493 0.02718116156756878 0.6171501278877258 83.55789184570312
0.6092542409896851 -0.04912129417061806 -0.7914521098136902 -54.27330780029297 0.010644401423633099 0.9984962344169617 -0.053777456283569336 -6.030871391296387 0.7929035425186157 0.02433961071074009 0.6088609099388123 84.28897094726562
0.6002838015556335 -0.04913169518113136 -0.7982766628265381 -55.253021240234375 0.010200302116572857 0.9985004663467407 -0.0537845604121685 -6.107110500335693 0.7997221946716309 0.02414332889020443 0.5998847484588623 85.0235824584961
0.5908136367797852 -0.05064251646399498 -0.8052171468734741 -56.25418472290039 0.009602961130440235 0.9983988404273987 -0.05574629455804825 -6.183948040008545 0.806751012802124 0.025203201919794083 0.5903538465499878 85.74009704589844
0.5809030532836914 -0.05272030457854271 -0.8122636079788208 -57.26307678222656 0.01010208297520876 0.9982903599739075 -0.05756979435682297 -6.269650936126709 0.8139100670814514 0.025236910209059715 0.5804425477981567 86.44956970214844
0.571367621421814 -0.05457963049411774 -0.8188773393630981 -58.2921142578125 0.01048901118338108 0.9981903433799744 -0.05921250209212303 -6.345907688140869 0.8206272721290588 0.025242891162633896 0.5709059834480286 87.15821075439453
0.5609318614006042 -0.054883502423763275 -0.8260406851768494 -59.32274627685547 0.01334401685744524 0.99826979637146 -0.05726529657840729 -6.4393815994262695 0.8277543783187866 0.021099233999848366 0.5606938600540161 87.87059020996094
0.5507750511169434 -0.05510089173913002 -0.832832932472229 -60.3572883605957 0.014679509215056896 0.9983038306236267 -0.056340593844652176 -6.51878547668457 0.8345246315002441 0.018805410712957382 0.5506496429443359 88.54611206054688
0.5406911969184875 -0.055974915623664856 -0.8393567800521851 -61.41673278808594 0.014993125572800636 0.9982665181159973 -0.05691409111022949 -6.59793758392334 0.8410875797271729 0.018188362941145897 0.5405930280685425 89.21408081054688
0.530166506767273 -0.05681571736931801 -0.8459877371788025 -62.48773956298828 0.014451347291469574 0.9982129335403442 -0.057982590049505234 -6.6876068115234375 0.8477702736854553 0.018514765426516533 0.5300402641296387 89.88539123535156
0.5198450684547424 -0.05755012854933739 -0.8523198366165161 -63.55878448486328 0.013476024381816387 0.9981564283370972 -0.05917800962924957 -6.769016265869141 0.8541542887687683 0.019277507439255714 0.5196622610092163 90.54179382324219
0.510097861289978 -0.05849089473485947 -0.8581253290176392 -64.64254760742188 0.01288564782589674 0.9980928897857666 -0.06037160009145737 -6.858416557312012 0.860019862651825 0.01973792538046837 0.5098786950111389 91.179443359375
0.49996834993362427 -0.05841086059808731 -0.8640716075897217 -65.73163604736328 0.011642439290881157 0.998086154460907 -0.06073363870382309 -6.946294784545898 0.8659654259681702 0.02030499465763569 0.49969160556793213 91.81202697753906
0.49162647128105164 -0.056288957595825195 -0.8689849972724915 -66.85868835449219 0.01093246228992939 0.9982289671897888 -0.058475784957408905 -7.035523891448975 0.8707375526428223 0.019248101860284805 0.491371214389801 92.43748474121094
0.48382875323295593 -0.055094163864851 -0.8734267950057983 -67.97586822509766 0.01150315161794424 0.9983305335044861 -0.05660078302025795 -7.117363452911377 0.8750870823860168 0.017337923869490623 0.48365482687950134 93.05043029785156
0.4761275053024292 -0.054952044039964676 -0.8776576519012451 -69.08368682861328 0.011137302033603191 0.9983423352241516 -0.05646643042564392 -7.207187652587891 0.8793057799339294 0.01711048185825348 0.4759502708911896 93.64857482910156
0.46807223558425903 -0.05773554742336273 -0.8818021416664124 -70.18533325195312 0.013144801370799541 0.9982079267501831 -0.05837972089648247 -7.296740531921387 0.883592426776886 0.01573481410741806 0.46799230575561523 94.24064636230469
0.46115779876708984 -0.06091535836458206 -0.8852247595787048 -71.32220458984375 0.01601044461131096 0.9980496168136597 -0.0603385828435421 -7.388306140899658 0.887173593044281 0.013652769848704338 0.46123358607292175 94.82884216308594
0.4551871716976166 -0.06392695009708405 -0.8880979418754578 -72.45415496826172 0.016986943781375885 0.997861385345459 -0.06312139332294464 -7.481223106384277 0.8902337551116943 0.013645980507135391 0.4552995562553406 95.4052505493164
0.4495038092136383 -0.0678320899605751 -0.8906992077827454 -73.596923828125 0.01914411410689354 0.9976151585578918 -0.06631303578615189 -7.5745368003845215 0.8930732607841492 0.01275630947202444 0.44973042607307434 95.98835754394531
0.4447595179080963 -0.06878936290740967 -0.8930044770240784 -74.73209381103516 0.0222953949123621 0.9975875616073608 -0.06574136018753052 -7.676785945892334 0.8953723907470703 0.009329210966825485 0.44522029161453247 96.55177307128906
0.440484881401062 -0.06613656878471375 -0.89532071352005 -75.8791275024414 0.02401903085410595 0.9977938532829285 -0.061889175325632095 -7.775948524475098 0.897438645362854 0.005756509955972433 0.44110164046287537 97.11918640136719
0.43667158484458923 -0.06454099714756012 -0.8973029255867004 -77.01496887207031 0.027795109897851944 0.9979148507118225 -0.05825133994221687 -7.874922275543213 0.8991913795471191 0.0004960750229656696 0.4375550150871277 97.67239379882812
0.43329936265945435 -0.06385748833417892 -0.8989847898483276 -78.1623764038086 0.02844514511525631 0.9979587197303772 -0.05717768520116806 -7.962110996246338 0.9008010029792786 -0.0007966997218318284 0.43423131108283997 98.22422790527344
0.4306701421737671 -0.06392089277505875 -0.9002428650856018 -79.2936782836914 0.0299244187772274 0.9979516863822937 -0.05654295161366463 -8.046939849853516 0.9020131230354309 -0.002587883733212948 0.43170076608657837 98.757080078125
0.4282270073890686 -0.06270890682935715 -0.9014928936958313 -80.41850280761719 0.031602632254362106 0.9980183243751526 -0.05441146716475487 -8.1417875289917 0.9031184315681458 -0.005189081653952599 0.42936012148857117 99.28980255126953
0.4253063499927521 -0.062033761292696 -0.9029210209846497 -81.58285522460938 0.03415205329656601 0.9980376362800598 -0.052481845021247864 -8.228693962097168 0.904404878616333 -0.008515744470059872 0.42659035325050354 99.841796875
0.42291879653930664 -0.06316336989402771 -0.903963565826416 -82.71110534667969 0.036694858223199844 0.9979432225227356 -0.052562423050403595 -8.310283660888672 0.9054243564605713 -0.010941176675260067 0.42436668276786804 100.37442016601562
0.42036497592926025 -0.06355670094490051 -0.9051264524459839 -83.80810546875 0.03844807669520378 0.9978954792022705 -0.05221450328826904 -8.388925552368164 0.9065401554107666 -0.012851216830313206 0.4219238758087158 100.89607238769531
0.41771671175956726 -0.06263629347085953 -0.9064157605171204 -84.91140747070312 0.04171426221728325 0.9978908896446228 -0.04973375424742699 -8.470012664794922 0.9076192378997803 -0.017035838216543198 0.41944849491119385 101.42157745361328
0.4159492552280426 -0.06235644966363907 -0.9072474241256714 -86.03203582763672 0.043939314782619476 0.9978591799736023 -0.048439305275678635 -8.546381950378418 0.9083256721496582 -0.019715527072548866 0.4177987277507782 101.92483520507812
0.41443300247192383 -0.06402107328176498 -0.9078251123428345 -87.12992858886719 0.046058882027864456 0.9977197647094727 -0.04933412745594978 -8.62136459350586 0.9089135527610779 -0.021367719396948814 0.41643670201301575 102.42547607421875
0.41301214694976807 -0.06464821100234985 -0.9084280133247375 -88.19694519042969 0.047725725919008255 0.9976431131362915 -0.04929894208908081 -8.70944595336914 0.9094741344451904 -0.02299432083964348 0.4151240587234497 102.9128189086914
0.41227230429649353 -0.06496435403823853 -0.9087414741516113 -89.29353332519531 0.046676039695739746 0.997650682926178 -0.050144609063863754 -8.794525146484375 0.9098641872406006 -0.02174322120845318 0.41433602571487427 103.4083251953125
0.41276562213897705 -0.06569920480251312 -0.9084647297859192 -90.34648895263672 0.045326028019189835 0.9976410269737244 -0.05155424028635025 -8.869439125061035 0.9097088575363159 -0.019897278398275375 0.41476970911026 103.88628387451172
0.41536059975624084 -0.06532380729913712 -0.9073083400726318 -91.39100646972656 0.0432334765791893 0.9977086782455444 -0.05204034596681595 -8.950525283813477 0.9086287617683411 -0.0176105797290802 0.41723310947418213 104.35515594482422
0.4193688631057739 -0.06541290134191513 -0.9054561257362366 -92.41891479492188 0.04169948771595955 0.997735857963562 -0.05276603251695633 -9.034867286682129 0.9068577289581299 -0.01562863029539585 0.42114701867103577 104.82938385009766
0.4242546260356903 -0.06612288951873779 -0.9031255841255188 -93.44187927246094 0.0403759740293026 0.9977198839187622 -0.05408154055476189 -9.109442710876465 0.9046424031257629 -0.01352023333311081 0.4259570837020874 105.3068618774414
0.43033739924430847 -0.06623713672161102 -0.9002346396446228 -94.4534912109375 0.04026144742965698 0.9977200627326965 -0.05416378378868103 -9.188966751098633 0.901769757270813 -0.012936046347022057 0.4320230484008789 105.78089904785156
0.4370962083339691 -0.06539848446846008 -0.8970339894294739 -95.48194885253906 0.0396699458360672 0.9977841377258301 -0.05341379716992378 -9.268377304077148 0.8985394835472107 -0.012238320894539356 0.43872198462486267 106.27957153320312
0.4455678164958954 -0.0642838254570961 -0.8929373025894165 -96.48363494873047 0.03835148736834526 0.9978736042976379 -0.05270128324627876 -9.339997291564941 0.8944264054298401 -0.01076347753405571 0.44708579778671265 106.76747131347656
0.4540523290634155 -0.06409154832363129 -0.8886669278144836 -97.46299743652344 0.038550812751054764 0.9978885650634766 -0.052271708846092224 -9.415397644042969 0.8901406526565552 -0.010524735786020756 0.4555644392967224 107.27156829833984
0.4637737572193146 -0.06324043869972229 -0.8836936950683594 -98.4720458984375 0.03714032471179962 0.9979600310325623 -0.05192604288458824 -9.48861312866211 0.8851748108863831 -0.008738731034100056 0.465176522731781 107.7861557006836
0.47334450483322144 -0.0632081925868988 -0.8786066174507141 -99.44405364990234 0.03588174283504486 0.9979779124259949 -0.05246482789516449 -9.570877075195312 0.8801462054252625 -0.006692000664770603 0.474655419588089 108.31101989746094
0.4837682843208313 -0.06524744629859924 -0.8727605938911438 -100.4039306640625 0.03462464362382889 0.9978632926940918 -0.05540778487920761 -9.638984680175781 0.8745109438896179 -0.0034144946839660406 0.48499375581741333 108.834228515625
0.49562689661979675 -0.06633350998163223 -0.8659986853599548 -101.3612289428711 0.032897498458623886 0.9977975487709045 -0.057601138949394226 -9.708878517150879 0.8679122924804688 5.948473699390888e-05 0.4967174530029297 109.36726379394531
0.5076116323471069 -0.06484014540910721 -0.8591427803039551 -102.30908203125 0.030668817460536957 0.9978920817375183 -0.057191453874111176 -9.784873008728027 0.8610400557518005 0.0026821522042155266 0.5085301399230957 109.92637634277344
0.5207130908966064 -0.06202194094657898 -0.8514757752418518 -103.2430648803711 0.028753172606229782 0.9980660080909729 -0.05511585995554924 -9.860837936401367 0.8532474040985107 0.004216916859149933 0.5214892625808716 110.47918701171875
0.5331511497497559 -0.05948033928871155 -0.8439264893531799 -104.15465545654297 0.02785126119852066 0.9982187151908875 -0.05275987088680267 -9.938785552978516 0.8455613255500793 0.004624571651220322 0.533858060836792 111.04986572265625
0.5450567603111267 -0.05918440595269203 -0.8363076448440552 -105.05548095703125 0.028427215293049812 0.9982362389564514 -0.05211668089032173 -10.009642601013184 0.8379170894622803 0.0046326518058776855 0.5457779169082642 111.63218688964844
