1.0 0.0 0.0 0.0 0.0 1.0 0.0 0.0 0.0 0.0 1.0 0.0
0.9998737573623657 0.0015176921151578426 0.015817008912563324 0.010558942332863808 -0.0015027179615572095 0.9999983906745911 -0.0009585520019754767 -0.0031083037611097097 -0.015818437561392784 0.0009346624719910324 0.999874472618103 0.12627938389778137
0.9992918372154236 0.0043084449134767056 0.03738008439540863 0.02703731879591942 -0.004296226892620325 0.999990701675415 -0.0004071789444424212 -0.0047088428400456905 -0.03738148882985115 0.0002462972770445049 0.999301016330719 0.2725646495819092
0.997894823551178 0.0059687430039048195 0.0645778551697731 0.05628165602684021 -0.0060441442765295506 0.9999812841415405 0.0009723042603582144 -0.0049733067862689495 -0.0645708441734314 -0.0013605753192678094 0.9979121685028076 0.4362674653530121
0.9951234459877014 0.00565765518695116 0.09847516566514969 0.10201989114284515 -0.00600564805790782 0.9999766945838928 0.0032377569004893303 -0.00404122332111001 -0.098454549908638 -0.003813374787569046 0.9951342344284058 0.6078413724899292
0.9906260967254639 0.0025477816816419363 0.13657720386981964 0.16345058381557465 -0.0033029511105269194 0.9999805092811584 0.005302917677909136 -0.005712457466870546 -0.1365610510110855 -0.00570431724190712 0.99061518907547 0.7923798561096191
0.984335720539093 -0.000271697121206671 0.17630402743816376 0.2361561805009842 -0.0007058164337649941 0.9999847412109375 0.005481742322444916 -0.004117367789149284 -0.17630282044410706 -0.005520313046872616 0.9843205809593201 0.9876607656478882
0.9755448698997498 -0.00047028440167196095 0.21979983150959015 0.31997016072273254 -0.0010267702164128423 0.9999770522117615 0.006696703378111124 -0.0007833554409444332 -0.21979792416095734 -0.006758618634194136 0.975521981716156 1.191805362701416
0.9634036421775818 -0.0002465688739903271 0.2680548429489136 0.4125904142856598 -0.002405140781775117 0.9999513626098633 0.009564007632434368 0.0017291733529418707 -0.2680441439151764 -0.009858708828687668 0.9633561968803406 1.4048504829406738
0.9489225745201111 -0.003932562191039324 0.31548452377319336 0.5282933115959167 -0.0014250017702579498 0.999858558177948 0.01674955151975155 -0.003304920857772231 -0.3155057728290558 -0.01634359173476696 0.9487828016281128 1.6179912090301514
0.9319635033607483 -0.013363082893192768 0.3623057007789612 0.6676885485649109 0.004699645098298788 0.999681830406189 0.024782752618193626 -0.007544650696218014 -0.36252158880233765 -0.0213939156383276 0.931729793548584 1.8233815431594849
0.9105439782142639 -0.018467962741851807 0.4129995107650757 0.8238682746887207 0.0071404799818992615 0.9995551705360413 0.028954096138477325 -0.004522475879639387 -0.41335058212280273 -0.023414965718984604 0.9102708101272583 2.0495593547821045
0.8850898742675781 -0.019830621778964996 0.46499747037887573 0.991818368434906 0.005152528174221516 0.9994480609893799 0.03281571716070175 0.0009332766057923436 -0.465391606092453 -0.026648947969079018 0.8847035765647888 2.278079032897949
0.856809675693512 -0.022447381168603897 0.5151440501213074 1.1827853918075562 0.003606845624744892 0.9992883801460266 0.03754489868879318 0.0031159482896327972 -0.515620231628418 -0.03031078539788723 0.8562809228897095 2.4953300952911377
0.8243187069892883 -0.026693781837821007 0.5654962658882141 1.3658138513565063 0.003781850216910243 0.999125063419342 0.04165009781718254 0.006717722397297621 -0.5661134123802185 -0.032194335013628006 0.8236985206604004 2.693925142288208
0.7881577014923096 -0.032382991164922714 0.6146208047866821 1.5914597511291504 0.00579465925693512 0.9989610314369202 0.045202240347862244 0.0066228522919118404 -0.615446150302887 -0.032064974308013916 0.7875264883041382 2.9042186737060547
0.7497773766517639 -0.03627552092075348 0.6606950163841248 1.8277459144592285 0.006168699823319912 0.9988359212875366 0.04784073680639267 0.011590775102376938 -0.6616614460945129 -0.03179427236318588 0.7491284012794495 3.110499143600464
0.7096121907234192 -0.03927263617515564 0.703497052192688 2.10137939453125 0.007184524554759264 0.9987967610359192 0.048510730266571045 0.027698064222931862 -0.704555869102478 -0.029369506984949112 0.7090404629707336 3.3209309577941895
0.6671293377876282 -0.04119497165083885 0.7438018918037415 2.404428482055664 0.006355359219014645 0.9987481832504272 0.049614764750003815 0.04592166095972061 -0.7449147701263428 -0.02837233431637287 0.6665560007095337 3.543964385986328
0.6242287158966064 -0.04058779031038284 0.7801865935325623 2.713432550430298 0.000493954517878592 0.9986698627471924 0.05155877023935318 0.06125158816576004 -0.7812414765357971 -0.031799085438251495 0.6234184503555298 3.7581377029418945
0.5823609828948975 -0.0411633625626564 0.8118874430656433 3.066380500793457 -0.002512979321181774 0.9986212849617004 0.05243346095085144 0.0786086916923523 -0.8129264116287231 -0.03257546201348305 0.5814546346664429 3.9684910774230957
0.5418745875358582 -0.04228276014328003 0.8393949866294861 3.442201614379883 -0.0040906998328864574 0.9985891580581665 0.05294260010123253 0.10165413469076157 -0.8404493927955627 -0.032121963798999786 0.5409371852874756 4.180177688598633
0.5027162432670593 -0.04429585486650467 0.8633158206939697 3.84892201423645 -0.006038808263838291 0.9984818696975708 0.05474754795432091 0.12019483000040054 -0.8644303679466248 -0.032735876739025116 0.5016856789588928 4.38966178894043
0.46552330255508423 -0.04417050629854202 0.8839326500892639 4.28800630569458 -0.008876903913915157 0.9984705448150635 0.05456903204321861 0.13617441058158875 -0.8849911093711853 -0.033249739557504654 0.4644191861152649 4.587371349334717
0.4290882349014282 -0.043168678879737854 0.902230441570282 4.750199794769287 -0.009970727376639843 0.9985700845718384 0.05252015218138695 0.16124147176742554 -0.903207540512085 -0.03153166547417641 0.42804425954818726 4.784322738647461
0.3950980305671692 -0.041734613478183746 0.9176904559135437 5.242079734802246 -0.008822236210107803 0.9987490773200989 0.049219269305467606 0.18461526930332184 -0.918596625328064 -0.027542516589164734 0.3942355811595917 4.970447063446045
0.36608627438545227 -0.04004542902112007 0.9297187924385071 5.75502872467041 -0.0066250767558813095 0.9989361763000488 0.045635487884283066 0.20459109544754028 -0.930557370185852 -0.022865979000926018 0.3654314875602722 5.137034893035889
0.3406940698623657 -0.03833664953708649 0.9393922686576843 6.328193187713623 -0.005189767573028803 0.9990764260292053 0.04265456274151802 0.2327410727739334 -0.9401598572731018 -0.019407382234930992 0.3401804268360138 5.3226213455200195
0.32039904594421387 -0.03732672333717346 0.9465469121932983 6.882906436920166 -0.004585213027894497 0.9991505742073059 0.04095318168401718 0.2570994794368744 -0.9472715854644775 -0.01746148243546486 0.3199557363986969 5.50718879699707
0.3060859739780426 -0.03771154582500458 0.9512566328048706 7.483083248138428 -0.0036390614695847034 0.9991614818572998 0.04078162834048271 0.28396153450012207 -0.9519969820976257 -0.015944363549351692 0.30569207668304443 5.683591365814209
0.2941891551017761 -0.03915783017873764 0.9549447298049927 8.108420372009277 -0.0025581717491149902 0.9991244077682495 0.041757531464099884 0.3079977035522461 -0.9557438492774963 -0.014727525413036346 0.2938314378261566 5.872060298919678
0.28371766209602356 -0.040782272815704346 0.958040177822113 8.761961936950684 -0.0036767590790987015 0.9990414977073669 0.043616488575935364 0.33603429794311523 -0.9589008688926697 -0.015897249802947044 0.28329581022262573 6.051393985748291
0.2727077603340149 -0.042735762894153595 0.9611472487449646 9.438281059265137 -0.005893815774470568 0.9989199042320251 0.04608752578496933 0.35220351815223694 -0.962078869342804 -0.018233248963952065 0.2721613347530365 6.258446216583252
0.2628611922264099 -0.04443499818444252 0.9638098478317261 10.138531684875488 -0.006579204462468624 0.9988331198692322 0.0478440523147583 0.3822130560874939 -0.9648112058639526 -0.018917443230748177 0.26226213574409485 6.4440789222717285
0.2524474561214447 -0.0460427962243557 0.966514527797699 10.854057312011719 -0.007773339282721281 0.9987384676933289 0.04960823431611061 0.4144771993160248 -0.9675794243812561 -0.020036514848470688 0.25177109241485596 6.630869388580322
0.24222178757190704 -0.04767037555575371 0.9690490365028381 11.59852123260498 -0.00734809460118413 0.9986734390258789 0.05096440762281418 0.4465181529521942 -0.970193088054657 -0.019465351477265358 0.24155016243457794 6.810011386871338
0.2324254810810089 -0.0488973893225193 0.9713842272758484 12.389296531677246 -0.007337183691561222 0.9986189007759094 0.052023909986019135 0.4789091944694519 -0.972586452960968 -0.01921890862286091 0.23174570500850677 6.988065719604492
0.22202202677726746 -0.05152164772152901 0.9736794233322144 13.167856216430664 -0.008623317815363407 0.9984601736068726 0.05479922145605087 0.5160144567489624 -0.9750034809112549 -0.02056298218667507 0.22123585641384125 7.163176536560059
0.21043862402439117 -0.055156461894512177 0.9760499000549316 13.950469017028809 -0.010183396749198437 0.9982292652130127 0.0586053840816021 0.5524086952209473 -0.9775540828704834 -0.02227233722805977 0.20950433611869812 7.337126731872559
0.19893980026245117 -0.05908649414777756 0.9782289266586304 14.7514009475708 -0.010741472244262695 0.9979893565177917 0.06246452406048775 0.5873591303825378 -0.9799528121948242 -0.02293429896235466 0.19790516793727875 7.488564968109131
0.18502072989940643 -0.061269961297512054 0.9808228015899658 15.550346374511719 -0.011850233189761639 0.9978429079055786 0.06456857919692993 0.6262688040733337 -0.9826631546020508 -0.023569505661725998 0.18389558792114258 7.655369758605957
0.17077866196632385 -0.06171856075525284 0.9833745360374451 16.3587589263916 -0.012255380861461163 0.9978260397911072 0.06475390493869781 0.6644983887672424 -0.9852332472801208 -0.023110218346118927 0.16965101659297943 7.7963762283325195
0.15645071864128113 -0.06051278114318848 0.9858303070068359 17.168333053588867 -0.014147317968308926 0.9978817105293274 0.06349769979715347 0.7047872543334961 -0.9875844717025757 -0.02388111501932144 0.15526321530342102 7.925697326660156
0.13987433910369873 -0.05960475280880928 0.9883736371994019 18.00224494934082 -0.014667052775621414 0.9979522824287415 0.06225809082388878 0.7430013418197632 -0.990060567855835 -0.02320484071969986 0.13871370255947113 8.037154197692871
0.11946415156126022 -0.05800768360495567 0.9911425113677979 18.823007583618164 -0.017366236075758934 0.998016893863678 0.06050320342183113 0.779807984828949 -0.9926866292953491 -0.024440377950668335 0.11821986734867096 8.13479232788086
0.09334351867437363 -0.05655454844236374 0.9940264821052551 19.648399353027344 -0.022556575015187263 0.998009204864502 0.058899302035570145 0.8162881731987 -0.9953784346580505 -0.027919702231884003 0.09188199788331985 8.219352722167969
0.0636429563164711 -0.056459881365299225 0.9963743686676025 20.47942352294922 -0.026130732148885727 0.997961699962616 0.058218929916620255 0.8447224497795105 -0.9976305961608887 -0.02974121831357479 0.06203789636492729 8.263052940368652
0.030123449862003326 -0.055841557681560516 0.9979851245880127 21.317935943603516 -0.028689026832580566 0.9979785680770874 0.056707147508859634 0.8822749257087708 -0.999134361743927 -0.0303394366055727 0.028460517525672913 8.29080581665039
-0.004624917637556791 -0.055307500064373016 0.9984586834907532 22.16676139831543 -0.03016178496181965 0.9980227947235107 0.05514363944530487 0.9131083488464355 -0.9995343685150146 -0.02986026369035244 -0.006283948197960854 8.283221244812012
-0.038518596440553665 -0.05387907475233078 0.9978042840957642 23.013219833374023 -0.031088504940271378 0.9981265068054199 0.052696358412504196 0.9451372027397156 -0.9987741708755493 -0.028990451246500015 -0.040121451020240784 8.2421236038208
-0.07119573652744293 -0.05179203674197197 0.9961168169975281 23.87024688720703 -0.03292177990078926 0.998228907585144 0.04954882711172104 0.9755395650863647 -0.9969189167022705 -0.029266273602843285 -0.0727747306227684 8.17311954498291
-0.10381989181041718 -0.049508336931467056 0.9933631420135498 24.707706451416016 -0.03653385862708092 0.9982761144638062 0.04593490809202194 0.9908002018928528 -0.9939249157905579 -0.03152243420481682 -0.10544966906309128 8.092131614685059
-0.1364768147468567 -0.04472292587161064 0.9896332025527954 25.547992706298828 -0.03385793790221214 0.9986073970794678 0.040459245443344116 1.0135561227798462 -0.9900645613670349 -0.027985190972685814 -0.13780097663402557 7.964367389678955
-0.1679477095603943 -0.038862936198711395 0.9850295186042786 26.380998611450195 -0.028450001031160355 0.9989975690841675 0.03456328809261322 1.030142068862915 -0.9853852987289429 -0.02221926860511303 -0.1688850075006485 7.806281089782715
-0.19770801067352295 -0.03286324813961983 0.9797099232673645 27.212738037109375 -0.02137419395148754 0.9993448257446289 0.029208507388830185 1.035079836845398 -0.9800278544425964 -0.015165756456553936 -0.1982809156179428 7.616125106811523
-0.22683575749397278 -0.026718003675341606 0.973566472530365 28.03624153137207 -0.0153730483725667 0.9995973110198975 0.023850543424487114 1.044547438621521 -0.973811686038971 -0.009556528180837631 -0.2271551489830017 7.41843843460083
-0.25463685393333435 -0.020892787724733353 0.9668110609054565 28.855566024780273 -0.006593410857021809 0.9997807741165161 0.01986870914697647 1.044234275817871 -0.9670143127441406 -0.0013152745086699724 -0.2547187805175781 7.181804180145264
-0.2803381085395813 -0.010079697705805302 0.9598485231399536 29.6519832611084 -0.00020315284200478345 0.9999454617500305 0.010441438294947147 1.0387777090072632 -0.9599012732505798 0.0027321367524564266 -0.28032490611076355 6.9247727394104
-0.3060871958732605 0.005800002720206976 0.9519858360290527 30.444032669067383 0.004416565410792828 0.9999793171882629 -0.00467236852273345 1.0272992849349976 -0.9519931674003601 0.002774355234578252 -0.3061065077781677 6.658813953399658
-0.3303903639316559 0.022523436695337296 0.9435756206512451 31.218265533447266 0.004564935807138681 0.9997416734695435 -0.022265737876296043 1.002685785293579 -0.9438333511352539 -0.0030490236822515726 -0.3304078280925751 6.376938819885254
-0.35579296946525574 0.037575460970401764 0.9338090419769287 31.985342025756836 0.005137392319738865 0.9992550611495972 -0.038251519203186035 0.9713415503501892 -0.9345506429672241 -0.00881227944046259 -0.3557209074497223 6.079490661621094
-0.38015270233154297 0.04766755551099777 0.9236946105957031 32.74858093261719 0.008778959512710571 0.9988120794296265 -0.04793097451329231 0.9247970581054688 -0.9248820543289185 -0.010112013667821884 -0.38011959195137024 5.753833770751953
-0.4033547043800354 0.05204683169722557 0.9135622978210449 33.503273010253906 0.011416285298764706 0.9985896348953247 -0.051850445568561554 0.8788926005363464 -0.9149724841117859 -0.010484633967280388 -0.40337997674942017 5.413441181182861
-0.4261878430843353 0.051513586193323135 0.9031667709350586 34.25457763671875 0.015081009827554226 0.9986432790756226 -0.04984278976917267 0.8215698003768921 -0.9045089483261108 -0.007621722295880318 -0.4263864755630493 5.053048610687256
-0.44612056016921997 0.047421861439943314 0.8937156200408936 34.992431640625 0.018561504781246185 0.9988707304000854 -0.04373610392212868 0.7677026987075806 -0.8947803378105164 -0.002922868123278022 -0.4464969336986542 4.664580345153809
-0.46369969844818115 0.0462200790643692 0.8847859501838684 35.716033935546875 0.02691311202943325 0.9989122748374939 -0.03807724267244339 0.7168760895729065 -0.8855835795402527 0.006155943498015404 -0.4644393026828766 4.26870584487915
-0.4771515429019928 0.04652057960629463 0.8775889277458191 36.4205436706543 0.029122529551386833 0.9988864064216614 -0.03711637854576111 0.6690578460693359 -0.8783383965492249 0.007847472093999386 -0.4779750406742096 3.8742127418518066
-0.4882603883743286 0.05092013627290726 0.8712111711502075 37.11952209472656 0.03327573090791702 0.9986565709114075 -0.03972001001238823 0.6228204965591431 -0.872063398361206 0.009596475400030613 -0.48929885029792786 3.473817825317383
-0.4981144964694977 0.05328168720006943 0.8654727339744568 37.80831527709961 0.03408614918589592 0.9985419511795044 -0.04185597971081734 0.575862467288971 -0.866441011428833 0.008651561103761196 -0.4992044270038605 3.069967031478882
-0.5088710188865662 0.052557919174432755 0.8592367768287659 38.50529098510742 0.028069522231817245 0.9986167550086975 -0.044459741562604904 0.5223566889762878 -0.860385000705719 0.0014940936816856265 -0.5096423625946045 2.6650874614715576
-0.5200636386871338 0.05111343413591385 0.8525967597961426 39.19227600097656 0.027523480355739594 0.9986922740936279 -0.04308324307203293 0.47380873560905457 -0.8536838889122009 0.0010604029521346092 -0.5207903981208801 2.2526514530181885
-0.5287641286849976 0.05212646722793579 0.8471666574478149 39.86064910888672 0.02937609888613224 0.9986382722854614 -0.04311130568385124 0.4259760081768036 -0.848260223865509 0.0020907376892864704 -0.5295754075050354 1.8318870067596436
-0.5358818769454956 0.05528464913368225 0.8424809575080872 40.549251556396484 0.03216804563999176 0.9984662532806396 -0.04505927860736847 0.38403475284576416 -0.8436799645423889 0.0029545165598392487 -0.5368383526802063 1.3896338939666748
-0.539638876914978 0.058412667363882065 0.8398677110671997 41.243072509765625 0.03431003913283348 0.9982872605323792 -0.04738553985953331 0.33424973487854004 -0.8411971926689148 0.0032448074780404568 -0.540718674659729 0.9494311809539795
-0.5397982597351074 0.06019347161054611 0.8396394848823547 41.957481384277344 0.03272619470953941 0.9981867074966431 -0.050520218908786774 0.2940915524959564 -0.8411580920219421 0.00020747231610585004 -0.5407893657684326 0.5030900239944458
-0.5359998941421509 0.060678593814373016 0.842034637928009 42.65602111816406 0.03541349247097969 0.9981517791748047 -0.049386121332645416 0.24018515646457672 -0.8434749841690063 0.0033484280575066805 -0.5371580719947815 0.04634767770767212
-0.5300796627998352 0.0594511516392231 0.8458611369132996 43.403175354003906 0.03351512923836708 0.9982287287712097 -0.049157172441482544 0.1834166944026947 -0.847285270690918 0.0022919303737580776 -0.5311331748962402 -0.4170215129852295
-0.5232770442962646 0.058376017957925797 0.8501608371734619 44.165470123291016 0.03154176473617554 0.9982941150665283 -0.04913346841931343 0.13454101979732513 -0.8515787124633789 0.0011051552137359977 -0.524225652217865 -0.8737660050392151
-0.5158616304397583 0.05784830078482628 0.8547165393829346 44.9427490234375 0.029965167865157127 0.9983254671096802 -0.049482543021440506 0.07865440100431442 -0.8561477661132812 8.558105037081987e-05 -0.5167311429977417 -1.3402962684631348
-0.5095407962799072 0.05629434064030647 0.8586029410362244 45.731693267822266 0.027184683829545975 0.9984127283096313 -0.04932811111211777 0.022381868213415146 -0.8600168824195862 -0.0017938404344022274 -0.5102623701095581 -1.802322506904602
-0.5054959654808044 0.05394798517227173 0.861140787601471 46.53335952758789 0.02254611812531948 0.9985285401344299 -0.049320194870233536 -0.029719021171331406 -0.8625344038009644 -0.0055157789029181 -0.505968451499939 -2.257465124130249
-0.5041688084602356 0.05106917396187782 0.8620938658714294 47.362247467041016 0.017871910706162453 0.9986532926559448 -0.04870690777897835 -0.0836072713136673 -0.8634201884269714 -0.009149237535893917 -0.5044024586677551 -2.7299907207489014
-0.5047353506088257 0.048354942351579666 0.8619187474250793 48.199851989746094 0.015477562323212624 0.998776376247406 -0.04696928337216377 -0.14952416718006134 -0.8631352782249451 -0.010366659611463547 -0.5048662424087524 -3.205192804336548
-0.5056796073913574 0.04726685211062431 0.861425518989563 49.04364776611328 0.014443814754486084 0.9988218545913696 -0.046326957643032074 -0.20647495985031128 -0.8626005053520203 -0.010984329506754875 -0.5057665109634399 -3.6942672729492188
-0.5060277581214905 0.046517372131347656 0.8612619042396545 49.90689468383789 0.014014565385878086 0.9988563656806946 -0.04571479558944702 -0.26180708408355713 -0.8624035120010376 -0.011062737554311752 -0.5061007738113403 -4.198106288909912
-0.5063978433609009 0.046191371977329254 0.8610619306564331 50.77528762817383 0.014308019541203976 0.9988769888877869 -0.04516974464058876 -0.3179730474948883 -0.8621813058853149 -0.010553766041994095 -0.5064898729324341 -4.703514099121094
-0.5062974095344543 0.04504825174808502 0.8611814975738525 51.65317916870117 0.014116305857896805 0.998933732509613 -0.04395492374897003 -0.37668201327323914 -0.8622434139251709 -0.010097559541463852 -0.5063934922218323 -5.216305732727051
-0.5063372254371643 0.04492507874965668 0.861164391040802 52.53932571411133 0.01424667239189148 0.9989415407180786 -0.04373601824045181 -0.4358421266078949 -0.8622178435325623 -0.009876449592411518 -0.5064414739608765 -5.733022212982178
-0.5066608786582947 0.0433308444917202 0.8610557913780212 53.43626403808594 0.012085866183042526 0.9989950656890869 -0.043160807341337204 -0.4922651946544647 -0.8620606660842896 -0.011461288668215275 -0.5066754817962646 -6.255422592163086
-0.5066608786582947 0.04249030351638794 0.8610976934432983 54.32563018798828 0.011273976415395737 0.9990259408950806 -0.042662784457206726 -0.5535056591033936 -0.862071692943573 -0.01190757006406784 -0.5066463351249695 -6.769083023071289
-0.5059148669242859 0.04176030308008194 0.8615719079971313 55.2169303894043 0.010030682198703289 0.9990447163581848 -0.04253357648849487 -0.615340530872345 -0.8625250458717346 -0.012876217253506184 -0.5058504343032837 -7.287123203277588
-0.5047783255577087 0.040291134268045425 0.8623082041740417 56.091007232666016 0.010204476304352283 0.9991188049316406 -0.04071009159088135 -0.6740965247154236 -0.8631886839866638 -0.011750166304409504 -0.5047447681427002 -7.797657012939453
-0.5025607347488403 0.03814223036170006 0.8636999726295471 56.97635269165039 0.010112745687365532 0.9992173314094543 -0.03824257478117943 -0.7336459159851074 -0.8644827008247375 -0.010484838858246803 -0.5025531649589539 -8.311408042907715
-0.5001070499420166 0.036719225347042084 0.8651847243309021 57.86411666870117 0.0108830276876688 0.9992881417274475 -0.03611992299556732 -0.7932808995246887 -0.8658950924873352 -0.008648005314171314 -0.500150740146637 -8.821442604064941
-0.4976857006549835 0.0366707444190979 0.866581916809082 58.7504997253418 0.011318281292915344 0.9992952942848206 -0.035786524415016174 -0.8475945591926575 -0.8672835826873779 -0.008002227172255516 -0.49775010347366333 -9.324356079101562
-0.49553701281547546 0.036802902817726135 0.8678067922592163 59.63398742675781 0.010980003513395786 0.9992875456809998 -0.036109063774347305 -0.9038068652153015 -0.8685173392295837 -0.008364854380488396 -0.4955880641937256 -9.825716972351074
-0.49464648962020874 0.03722025826573372 0.8682970404624939 60.52115249633789 0.01094728522002697 0.9992700815200806 -0.03659815713763237 -0.9584145545959473 -0.8690252900123596 -0.008597653359174728 -0.49469298124313354 -10.33041000366211
-0.49537894129753113 0.03944643214344978 0.8677809834480286 61.3968505859375 0.010987513698637486 0.9991730451583862 -0.0391467846930027 -1.0116653442382812 -0.8686075210571289 -0.009857737459242344 -0.4954027235507965 -10.826668739318848
-0.4984241724014282 0.04107128083705902 0.865959882736206 62.26826095581055 0.009622957557439804 0.9990777373313904 -0.04184615612030029 -1.0724107027053833 -0.8668798804283142 -0.01252403948456049 -0.498359739780426 -11.319204330444336
-0.5029538869857788 0.04075152054429054 0.8633520007133484 63.13726043701172 0.007886642590165138 0.9990626573562622 -0.042562827467918396 -1.1358678340911865 -0.8642772436141968 -0.014598190784454346 -0.5028038024902344 -11.82455062866211
-0.5082207322120667 0.03977269306778908 0.8603079319000244 63.99724578857422 0.009597303345799446 0.9991325736045837 -0.04052111506462097 -1.1933164596557617 -0.8611733913421631 -0.012337033636868 -0.5081615447998047 -12.33358097076416
-0.5132170915603638 0.03746604546904564 0.8574406504631042 64.85025024414062 0.011205011047422886 0.9992541670799255 -0.03695589676499367 -1.2542897462844849 -0.8581856489181519 -0.009358763694763184 -0.513253927230835 -12.851133346557617
-0.5192778706550598 0.03464988246560097 0.8539026975631714 65.7245101928711 0.007987265475094318 0.9993308782577515 -0.03569386154413223 -1.3099485635757446 -0.8545681238174438 -0.011714685708284378 -0.5192071795463562 -13.358226776123047
-0.5243126153945923 0.03802816569805145 0.8506761789321899 66.56893920898438 0.010504527017474174 0.9992151260375977 -0.03819392994046211 -1.3670212030410767 -0.8514609932899475 -0.011089608073234558 -0.5243006348609924 -13.877222061157227
-0.5296241044998169 0.03969293832778931 0.8473033308982849 67.41407775878906 0.010293913073837757 0.9991317391395569 -0.04037110134959221 -1.415142297744751 -0.8481699824333191 -0.012659445405006409 -0.5295729041099548 -14.39265251159668
-0.5346693396568298 0.040340445935726166 0.8440979719161987 68.24202728271484 0.008753892965614796 0.9990707635879517 -0.04220188409090042 -1.4737367630004883 -0.8450160026550293 -0.015174909494817257 -0.5345256924629211 -14.903193473815918
-0.5379944443702698 0.04080834612250328 0.8419599533081055 69.04762268066406 0.008017507381737232 0.9990298748016357 -0.04329824820160866 -1.529268741607666 -0.8429101705551147 -0.0165437962859869 -0.5377998352050781 -15.422391891479492
-0.541324257850647 0.0400332473218441 0.8398603796958923 69.86656951904297 0.009007039479911327 0.9990845918655396 -0.04181752726435661 -1.5895482301712036 -0.840765655040741 -0.015072183683514595 -0.5411893725395203 -15.945365905761719
-0.5430846214294434 0.03323960304260254 0.839019775390625 70.68611907958984 0.00952391978353262 0.9993956685066223 -0.03342856094241142 -1.6350361108779907 -0.8396239280700684 -0.010163779370486736 -0.5430729985237122 -16.481313705444336
-0.5459937453269958 0.023878850042819977 0.8374488949775696 71.50706481933594 0.008014246821403503 0.9996968507766724 -0.023280085995793343 -1.6905521154403687 -0.8377509117126465 -0.005999258253723383 -0.5460196137428284 -17.006473541259766
-0.5477973818778992 0.022617219015955925 0.8363052606582642 72.32072448730469 0.009144430048763752 0.9997366666793823 -0.021047301590442657 -1.7313460111618042 -0.8365610241889954 -0.003882122691720724 -0.5478599667549133 -17.53426170349121
-0.5483812093734741 0.02766779251396656 0.8357706069946289 73.11166381835938 0.00996121671050787 0.9995977878570557 -0.026555271819233894 -1.7746706008911133 -0.8361691236495972 -0.006237121298909187 -0.5484362244606018 -18.055622100830078
-0.5503962635993958 0.03324822336435318 0.8342412114143372 73.91182708740234 0.011134373024106026 0.9994101524353027 -0.032484959810972214 -1.8209211826324463 -0.8348292708396912 -0.008590850047767162 -0.5504419207572937 -18.564525604248047
-0.5498061776161194 0.037242088466882706 0.8344616293907166 74.69612121582031 0.016687264665961266 0.9992958903312683 -0.03360382094979286 -1.863843560218811 -0.8351255655288696 -0.004550705198198557 -0.5500404238700867 -19.11017608642578
-0.5495284795761108 0.038716673851013184 0.8345774412155151 75.48703002929688 0.020367588847875595 0.9992495179176331 -0.03294488415122032 -1.9135618209838867 -0.8352265954017639 -0.0011058185482397676 -0.5499047040939331 -19.64337158203125
-0.5491369366645813 0.03543432801961899 0.834980845451355 76.29203033447266 0.018780143931508064 0.9993716478347778 -0.03005959838628769 -1.953861951828003 -0.8355213403701782 -0.0008257727022282779 -0.5494573712348938 -20.165449142456055
-0.5486546754837036 0.03055257350206375 0.8354905247688293 77.0826416015625 0.01688837818801403 0.9995330572128296 -0.025460995733737946 -1.9910017251968384 -0.8358784914016724 0.0001407877280144021 -0.5489144921302795 -20.68102264404297
-0.5485461354255676 0.02305380254983902 0.8358023166656494 77.86882781982422 0.013803407549858093 0.9997332096099854 -0.01851615682244301 -2.0392868518829346 -0.8360062837600708 0.0013799569569528103 -0.5487180352210999 -21.166643142700195
-0.5476477146148682 0.018134143203496933 0.8365124464035034 78.70613098144531 0.005879572127014399 0.999823808670044 -0.017825214192271233 -2.0727362632751465 -0.8366883397102356 -0.004843600559979677 -0.54765784740448 -21.713510513305664
-0.5459665060043335 0.013064107857644558 0.837705135345459 79.50260162353516 -0.001941245747730136 0.9998559355735779 -0.016858059912919998 -2.096801519393921 -0.8378047943115234 -0.010830127634108067 -0.5458624958992004 -22.216184616088867
-0.5436680316925049 0.014024058356881142 0.8391831517219543 80.28494262695312 0.0020247860811650753 0.9998793601989746 -0.01539777871221304 -2.1347718238830566 -0.8392978310585022 -0.006672114133834839 -0.543630838394165 -22.72983169555664
-0.5411286354064941 0.01707940548658371 0.8407663106918335 81.06844329833984 0.006487973500043154 0.9998487830162048 -0.01613526977598667 -2.176515817642212 -0.8409147262573242 -0.0032763886265456676 -0.5411577224731445 -23.2218017578125
-0.5360175967216492 0.019955825060606003 0.8439709544181824 81.87236785888672 0.00779730873182416 0.9997949600219727 -0.018688129261136055 -2.200070381164551 -0.8441708087921143 -0.003436464350670576 -0.5360633134841919 -23.72467613220215
-0.5272358655929565 0.02282094396650791 0.8494126200675964 82.66078186035156 0.01411108486354351 0.9997366070747375 -0.01810082234442234 -2.2380917072296143 -0.8496019244194031 0.002442730125039816 -0.527418851852417 -24.241411209106445
-0.5192264914512634 0.026213835924863815 0.8542346358299255 83.4537353515625 0.02173333428800106 0.9996113181114197 -0.017464900389313698 -2.2757601737976074 -0.8543602824211121 0.009497126564383507 -0.5195942521095276 -24.730173110961914
-0.5105075836181641 0.025294121354818344 0.8595011234283447 84.25370788574219 0.01841546595096588 0.999659538269043 -0.018480807542800903 -2.299577474594116 -0.8596760034561157 0.006393522024154663 -0.5107996463775635 -25.18138313293457
-0.49946075677871704 0.022563237696886063 0.8660426735877991 85.08242797851562 0.015689773485064507 0.9997324347496033 -0.016997745260596275 -2.329632520675659 -0.8661944270133972 0.005098307970911264 -0.49968114495277405 -25.649343490600586
-0.48726770281791687 0.019467400386929512 0.8730355501174927 85.88893127441406 0.016028886660933495 0.9997824430465698 -0.013347460888326168 -2.3614163398742676 -0.873105525970459 0.007490002550184727 -0.4874737560749054 -26.107891082763672
-0.47611144185066223 0.018495935946702957 0.8791903853416443 86.70211029052734 0.015700731426477432 0.9997982382774353 -0.012530741281807423 -2.3937911987304688 -0.8792448043823242 0.007837902754545212 -0.47630575299263 -26.543670654296875
-0.46430376172065735 0.01780118979513645 0.8854970335960388 87.51802825927734 0.0158703476190567 0.9998046159744263 -0.011777624487876892 -2.4173433780670166 -0.88553386926651 0.008584749884903431 -0.46449553966522217 -26.963117599487305
-0.45249906182289124 0.01888611726462841 0.8915647864341736 88.357666015625 0.017376767471432686 0.9997726678848267 -0.012359002605080605 -2.4472804069519043 -0.8915956020355225 0.009900080040097237 -0.45272430777549744 -27.383943557739258
-0.4404742419719696 0.022892076522111893 0.8974732160568237 89.1933822631836 0.01681976020336151 0.9997097849845886 -0.017244817689061165 -2.478680372238159 -0.8976075649261475 0.007499386090785265 -0.4407315254211426 -27.791868209838867
-0.4294112026691437 0.03203250467777252 0.9025407433509827 90.01713562011719 0.019341399893164635 0.999467670917511 -0.02627032995223999 -2.511516809463501 -0.9029019474983215 0.006175626069307327 -0.42980220913887024 -28.175291061401367
-0.4163699448108673 0.03705429285764694 0.9084398746490479 90.85393524169922 0.018784593790769577 0.9993064403533936 -0.0321510024368763 -2.5413198471069336 -0.9090012311935425 0.003677960019558668 -0.41677722334861755 -28.559127807617188
-0.40518704056739807 0.03280581533908844 0.9136449694633484 91.70266723632812 0.01646665669977665 0.9994556903839111 -0.028584279119968414 -2.588111639022827 -0.9140855073928833 0.003462697146460414 -0.4055067300796509 -28.931795120239258
-0.3930732309818268 0.029073314741253853 0.9190474152565002 92.54259490966797 0.014224286191165447 0.9995726943016052 -0.02553698979318142 -2.6258506774902344 -0.9193971157073975 0.0030348864383995533 -0.39331886172294617 -29.287071228027344
-0.3831636607646942 0.02969185821712017 0.9232030510902405 93.37896728515625 0.011449304409325123 0.9995591044425964 -0.027395715937018394 -2.669579267501831 -0.9236094951629639 7.298947457456961e-05 -0.3833346962928772 -29.625263214111328
-0.3766267001628876 0.03401270508766174 0.9257404804229736 94.22985076904297 0.007047254126518965 0.9994019865989685 -0.03385201469063759 -2.7167766094207764 -0.926338255405426 -0.006225645542144775 -0.376641184091568 -29.955787658691406
-0.37158656120300293 0.03861456364393234 0.9275948405265808 95.06005859375 0.00020129987387917936 0.9991379380226135 -0.041512176394462585 -2.7599685192108154 -0.9283983111381531 -0.015238639898598194 -0.3712739646434784 -30.274478912353516
-0.3682686388492584 0.040666382759809494 0.9288296103477478 95.90240478515625 -0.002332120668143034 0.9989994168281555 -0.044663235545158386 -2.8094258308410645 -0.9297165870666504 -0.018614210188388824 -0.36780527234077454 -30.59685707092285
-0.3645702302455902 0.04041043668985367 0.9302985668182373 96.73697662353516 -0.002894503762945533 0.9990038871765137 -0.044529177248477936 -2.864915132522583 -0.9311714768409729 -0.018926767632365227 -0.36409005522727966 -30.913063049316406
-0.35989391803741455 0.040586866438388824 0.9321100115776062 97.56842803955078 -0.004319097846746445 0.9989701509475708 -0.045165784657001495 -2.9183759689331055 -0.9329832196235657 -0.02028076909482479 -0.35934796929359436 -31.22469139099121
-0.3537899851799011 0.03644867613911629 0.9346144199371338 98.41602325439453 -0.006296850740909576 0.9991249442100525 -0.04134811833500862 -2.971773147583008 -0.9353036880493164 -0.02051367610692978 -0.3532508909702301 -31.541013717651367
-0.3485056459903717 0.0323963537812233 0.9367466568946838 99.27240753173828 -0.007261890452355146 0.9992792010307312 -0.03726067766547203 -3.0243523120880127 -0.9372785687446594 -0.019788110628724098 -0.34801918268203735 -31.85505485534668
-0.3429008424282074 0.02932533621788025 0.9389137625694275 100.11448669433594 -0.009555813856422901 0.9993520379066467 -0.03470290079712868 -3.073150157928467 -0.9393230676651001 -0.020871739834547043 -0.34239840507507324 -32.1524543762207
-0.33689674735069275 0.027336373925209045 0.9411446452140808 100.98048400878906 -0.017378807067871094 0.9992275834083557 -0.035244449973106384 -3.126169443130493 -0.9413811564445496 -0.028229709714651108 -0.3361614942550659 -32.44831848144531
-0.33086317777633667 0.02758084051311016 0.9432755708694458 101.82360076904297 -0.024744976311922073 0.9989755153656006 -0.0378890186548233 -3.1706666946411133 -0.9433542490005493 -0.03587741777300835 -0.3298417329788208 -32.72338104248047
-0.32431843876838684 0.0317336805164814 0.9454154372215271 102.6650619506836 -0.02279931865632534 0.9988846182823181 -0.04134956747293472 -3.220302104949951 -0.9456731677055359 -0.034965258091688156 -0.32323315739631653 -33.004512786865234
-0.3171452283859253 0.03477967530488968 0.9477390050888062 103.51904296875 -0.021083861589431763 0.9988217353820801 -0.043709646910429 -3.2712509632110596 -0.9481425285339355 -0.03384430333971977 -0.3160383105278015 -33.28852081298828
-0.31041908264160156 0.03342937305569649 0.9500119686126709 104.37242126464844 -0.02277638018131256 0.9988330006599426 -0.04258955270051956 -3.316256284713745 -0.9503269195556641 -0.03485843911767006 -0.3092954158782959 -33.562957763671875
-0.303701788187027 0.02852977067232132 0.9523399472236633 105.22933197021484 -0.02313910238444805 0.9990358948707581 -0.0373077429831028 -3.36725115776062 -0.9524860978126526 -0.033366717398166656 -0.3027488887310028 -33.82646179199219
-0.2959671914577484 0.025483865290880203 0.954858124256134 106.09616088867188 -0.02362886443734169 0.9991427659988403 -0.03398975729942322 -3.422966957092285 -0.9549058079719543 -0.03262205794453621 -0.29511141777038574 -34.09696960449219
-0.29030466079711914 0.029261082410812378 0.9564868211746216 106.9443359375 -0.025975732132792473 0.9989230632781982 -0.03844323754310608 -3.4616100788116455 -0.9565816521644592 -0.03600569814443588 -0.28923195600509644 -34.333221435546875
-0.284077912569046 0.03200722858309746 0.9582668542861938 107.7968521118164 -0.025277763605117798 0.9988452196121216 -0.04085617884993553 -3.5119903087615967 -0.958467960357666 -0.03582917898893356 -0.2829408347606659 -34.57733917236328
-0.2772473096847534 0.03254576772451401 0.9602472186088562 108.65861511230469 -0.027482181787490845 0.9987485408782959 -0.04178549721837044 -3.5607848167419434 -0.9604054689407349 -0.037974607199430466 -0.27600592374801636 -34.81888198852539
-0.2702428996562958 0.03203210234642029 0.9622591733932495 109.51795959472656 -0.02802501991391182 0.9987611770629883 -0.04111780226230621 -3.6108181476593018 -0.9623842239379883 -0.038079120218753815 -0.26901042461395264 -35.05500030517578
-0.2619541585445404 0.0317380465567112 0.9645583033561707 110.37422943115234 -0.024197006598114967 0.9989290237426758 -0.039440397173166275 -3.662292003631592 -0.9647769331932068 -0.033671002835035324 -0.2609056234359741 -35.2880973815918
-0.2543451488018036 0.03286729380488396 0.9665548801422119 111.23283386230469 -0.021654365584254265 0.9989782571792603 -0.039668090641498566 -3.7112724781036377 -0.9668710827827454 -0.03101951815187931 -0.25337353348731995 -35.513484954833984
-0.24763692915439606 0.033498119562864304 0.9682736992835999 112.0954360961914 -0.020681103691458702 0.9989915490150452 -0.03985004127025604 -3.759486675262451 -0.968632161617279 -0.029893308877944946 -0.2466944307088852 -35.729488372802734
-0.24124112725257874 0.03230550140142441 0.9699273109436035 112.97279357910156 -0.026683880016207695 0.9988470673561096 -0.03990556672215462 -3.8106539249420166 -0.9700982570648193 -0.03550828993320465 -0.24010097980499268 -35.9296989440918
-0.23501813411712646 0.0303771011531353 0.9715161919593811 113.83573150634766 -0.030901141464710236 0.9987727403640747 -0.03870460018515587 -3.861626148223877 -0.9714996814727783 -0.0391172394156456 -0.2337910234928131 -36.13138961791992
-0.23089157044887543 0.030567338690161705 0.9724991917610168 114.703857421875 -0.02868281491100788 0.9988580942153931 -0.03820573911070824 -3.9017693996429443 -0.9725565910339355 -0.036715395748615265 -0.22975116968154907 -36.325164794921875
-0.22625863552093506 0.030606959015130997 0.9735862612724304 115.5567855834961 -0.02677793987095356 0.9989330172538757 -0.03762691468000412 -3.9577114582061768 -0.9736990928649902 -0.03458404913544655 -0.22519762814044952 -36.524593353271484
-0.22117303311824799 0.03227121755480766 0.9747005105018616 116.42752075195312 -0.026203054934740067 0.998894989490509 -0.03901810571551323 -4.000057220458984 -0.9748824834823608 -0.03416988253593445 -0.22008298337459564 -36.72118377685547
-0.21542084217071533 0.031373023986816406 0.97601717710495 117.29399108886719 -0.020152399316430092 0.9991281032562256 -0.03656381368637085 -4.04444694519043 -0.9763132929801941 -0.02754569984972477 -0.21460074186325073 -36.909698486328125
-0.21021339297294617 0.03010854870080948 0.9771917462348938 118.16871643066406 -0.012736991047859192 0.9993564486503601 -0.03353144973516464 -4.092274188995361 -0.977572500705719 -0.019495246931910515 -0.20969462394714355 -37.10475540161133
-0.2054734081029892 0.02913827821612358 0.9782288074493408 119.0160903930664 -0.011538440361618996 0.9994150996208191 -0.032192956656217575 -4.138518333435059 -0.9785946607589722 -0.017902031540870667 -0.20501701533794403 -37.277366638183594
