1.0 0.0 0.0 0.0 0.0 1.0 0.0 0.0 0.0 0.0 1.0 0.0
0.9998738169670105 0.0014912562910467386 0.015816153958439827 0.010595492087304592 -0.0014767572283744812 0.9999984502792358 -0.0009283596300520003 -0.003399231703951955 -0.015817515552043915 0.0009048858773894608 0.999874472618103 0.12621520459651947
0.9992923736572266 0.004322049207985401 0.03736373782157898 0.027270816266536713 -0.004310137592256069 0.9999906420707703 -0.00039935114909894764 -0.0048205312341451645 -0.03736511245369911 0.00023802572104614228 0.9993016719818115 0.27261683344841003
0.9978958964347839 0.005977090448141098 0.06456001102924347 0.05664787441492081 -0.006053300108760595 0.999981164932251 0.0009849081980064511 -0.005332449451088905 -0.0645529106259346 -0.0013736370019614697 0.9979133605957031 0.43640604615211487
0.995128870010376 0.005549491383135319 0.09842640906572342 0.10269059240818024 -0.005898934789001942 0.9999772906303406 0.003259641584008932 -0.004020970314741135 -0.09840606898069382 -0.003824374405667186 0.9951390027999878 0.6085479259490967
0.990624725818634 0.0025108822155743837 0.1365891844034195 0.163064107298851 -0.0032589558977633715 0.9999808669090271 0.005253473296761513 -0.005023234523832798 -0.1365734040737152 -0.005649358034133911 0.9906138181686401 0.7926465272903442
0.9843342304229736 -0.00030926920589990914 0.17631299793720245 0.23572209477424622 -0.000668480759486556 0.9999847412109375 0.00548611069098115 -0.003956924192607403 -0.17631201446056366 -0.005518027581274509 0.9843187928199768 0.9876489639282227
0.9755566716194153 -0.0005863641854375601 0.21974718570709229 0.3205344080924988 -0.0009116126457229257 0.9999770522117615 0.0067153568379580975 -0.0011521298438310623 -0.21974606812000275 -0.006751535926014185 0.9755337238311768 1.1907624006271362
0.9633589386940002 -0.00040187285048887134 0.26821520924568176 0.41167008876800537 -0.0022629364393651485 0.999951183795929 0.009626125916838646 0.0016259727999567986 -0.2682059705257416 -0.0098803685978055 0.963310956954956 1.4072824716567993
0.9489417672157288 -0.004172021988779306 0.31542351841926575 0.5300394296646118 -0.0011957078240811825 0.9998577833175659 0.016822097823023796 -0.003797704353928566 -0.3154488205909729 -0.01634034514427185 0.9488018751144409 1.617467999458313
0.9318633675575256 -0.013511729426681995 0.3625578284263611 0.6707623600959778 0.004877527244389057 0.999682605266571 0.02471950836479664 -0.003429524600505829 -0.3627767264842987 -0.021266814321279526 0.9316333532333374 1.8383971452713013
0.9105527997016907 -0.018446059897542 0.41298091411590576 0.8270819187164307 0.007122354581952095 0.9995557069778442 0.02894221432507038 -0.0028434470295906067 -0.4133313298225403 -0.02341201715171337 0.9102796912193298 2.054556131362915
0.8850219249725342 -0.01984989643096924 0.465126097202301 0.9950135946273804 0.005149118136614561 0.9994468092918396 0.03285524994134903 0.001474522054195404 -0.46552103757858276 -0.026682624593377113 0.8846345543861389 2.286226749420166
0.8568196892738342 -0.022382618859410286 0.5151300430297852 1.184876561164856 0.003557109972462058 0.9992901682853699 0.03750301152467728 0.004209600389003754 -0.5156038403511047 -0.030300943180918694 0.8562911748886108 2.499814987182617
0.8243213295936584 -0.026721006259322166 0.5654911398887634 1.3640309572219849 0.0038040585350245237 0.9991243481636047 0.041666142642498016 0.006920360028743744 -0.566109299659729 -0.03219513222575188 0.8237012028694153 2.695516347885132
0.7881817817687988 -0.032310936599969864 0.6145938634872437 1.5940892696380615 0.005802895873785019 0.9989666938781738 0.04507661238312721 0.008974432945251465 -0.6154152750968933 -0.031962133944034576 0.7875547409057617 2.9056339263916016
0.7497461438179016 -0.03578665107488632 0.6607571840286255 1.8379905223846436 0.005833643954247236 0.9988552331924438 0.04747876524925232 0.01830562949180603 -0.6616998910903931 -0.031742390245199203 0.7490965723991394 3.1245551109313965
0.7093947529792786 -0.03857553377747536 0.7037549018859863 2.1075656414031982 0.006512552499771118 0.9988172650337219 0.04818429425358772 0.035319507122039795 -0.7047812342643738 -0.029598450288176537 0.7088068127632141 3.335124969482422
0.6670185923576355 -0.04023203253746033 0.7439539432525635 2.4074044227600098 0.005344239063560963 0.9987736344337463 0.049220748245716095 0.050956085324287415 -0.7450219392776489 -0.02885529026389122 0.6664155125617981 3.5582566261291504
0.6240301132202148 -0.04019000381231308 0.7803660035133362 2.7364678382873535 0.00023242481984198093 0.9986859560012817 0.05124792829155922 0.06702619791030884 -0.7814003229141235 -0.03179888054728508 0.6232194304466248 3.7816128730773926
0.5822818875312805 -0.040812186896800995 0.8119618892669678 3.0826308727264404 -0.002804448362439871 0.9986323714256287 0.05220608413219452 0.08399969339370728 -0.8129821419715881 -0.03267575800418854 0.581371009349823 3.990806818008423
0.5416443347930908 -0.04191730171442032 0.839561939239502 3.4577763080596924 -0.004531471524387598 0.9985957741737366 0.05278095602989197 0.10539986193180084 -0.840595543384552 -0.0323929563164711 0.5406938195228577 4.195326805114746
0.5032647848129272 -0.04413020238280296 0.8630046844482422 3.8679237365722656 -0.006263021845370531 0.9984825849533081 0.05471025034785271 0.11990617215633392 -0.8641095757484436 -0.03293875232338905 0.5022247433662415 4.401515483856201
0.4656869173049927 -0.04381050169467926 0.8838645219802856 4.305640697479248 -0.009165141731500626 0.9984813928604126 0.054320622235536575 0.14018379151821136 -0.8849021792411804 -0.033397138118743896 0.46457812190055847 4.603605270385742
0.4293545186519623 -0.043120644986629486 0.9021061658859253 4.761770248413086 -0.010126500390470028 0.9985669851303101 0.05255115032196045 0.1589937061071396 -0.9030792713165283 -0.03169825300574303 0.4283026158809662 4.791332721710205
0.3951673209667206 -0.041735418140888214 0.917660653591156 5.251694202423096 -0.008981266058981419 0.9987440705299377 0.04929067939519882 0.18315990269184113 -0.9185651540756226 -0.02771982178092003 0.3942962884902954 4.980996131896973
0.3655915856361389 -0.039601828902959824 0.9299325346946716 5.7813191413879395 -0.00681304419413209 0.9989538192749023 0.04521961510181427 0.21120256185531616 -0.9307504892349243 -0.022867579013109207 0.3649393320083618 5.159786224365234
0.3407440185546875 -0.03790045529603958 0.9393919706344604 6.3261332511901855 -0.005883820354938507 0.999081552028656 0.04244290292263031 0.2304128110408783 -0.9401376843452454 -0.0199893806129694 0.3402080833911896 5.335620403289795
0.3205563426017761 -0.037489064037799835 0.946487307548523 6.901756286621094 -0.004652340430766344 0.999142050743103 0.0411502979695797 0.2532142102718353 -0.9472180604934692 -0.017594369128346443 0.32010695338249207 5.512732982635498
0.30617889761924744 -0.037636443972587585 0.9512297511100769 7.506226062774658 -0.0035657105036079884 0.9991658926010132 0.04068080708384514 0.28139108419418335 -0.9519673585891724 -0.01584741473197937 0.3057892620563507 5.694790840148926
0.29453057050704956 -0.03936668112874031 0.9548308849334717 8.135704040527344 -0.0023358254693448544 0.9991185069084167 0.04191312566399574 0.3019047677516937 -0.955639123916626 -0.01457501482218504 0.29417896270751953 5.882821083068848
0.2837769687175751 -0.04094243422150612 0.9580158591270447 8.796998023986816 -0.004080038517713547 0.9990274310112 0.04390369728207588 0.32977765798568726 -0.9588816165924072 -0.016367599368095398 0.2833339273929596 6.075345039367676
0.27323269844055176 -0.04268469288945198 0.9610005021095276 9.473119735717773 -0.005339049268513918 0.9989323616027832 0.04588752239942551 0.3571259379386902 -0.9619331359863281 -0.017668798565864563 0.2727130353450775 6.263008117675781
0.26319587230682373 -0.04439669847488403 0.9637203216552734 10.173943519592285 -0.0062714191153645515 0.9988406300544739 0.047727376222610474 0.38556647300720215 -0.9647219777107239 -0.018605539575219154 0.2626122832298279 6.453577041625977
0.25297942757606506 -0.0463222898542881 0.9663620591163635 10.896912574768066 -0.007428265642374754 0.9987306594848633 0.049818478524684906 0.41414472460746765 -0.9674431085586548 -0.01978144235908985 0.25231418013572693 6.646712779998779
0.24280324578285217 -0.04741379991173744 0.9689161777496338 11.658313751220703 -0.0082041434943676 0.9986686706542969 0.05092563107609749 0.4468008279800415 -0.9700409770011902 -0.020314032211899757 0.24209100008010864 6.825606346130371
0.23262858390808105 -0.04876498132944107 0.9713423848152161 12.415854454040527 -0.008073546923696995 0.99861079454422 0.05206751823425293 0.4806458055973053 -0.9725321531295776 -0.01995457336306572 0.23191173374652863 6.9994001388549805
0.22224561870098114 -0.0519985556602478 0.9736030697822571 13.191811561584473 -0.009448345750570297 0.9984149932861328 0.05548049882054329 0.5089095234870911 -0.9749449491500854 -0.02152923308312893 0.22140206396579742 7.1773529052734375
0.2110828459262848 -0.05526026338338852 0.9759048223495483 13.99873161315918 -0.01109139621257782 0.9982009530067444 0.058921776711940765 0.548768162727356 -0.9774051904678345 -0.023261526599526405 0.21009023487567902 7.358176231384277
0.1981218457221985 -0.058731578290462494 0.9784162044525146 14.805386543273926 -0.01235851552337408 0.9979742169380188 0.06240808218717575 0.5912389755249023 -0.9800994992256165 -0.02445617876946926 0.19699464738368988 7.531377792358398
0.1851605474948883 -0.06055567413568497 0.9808406829833984 15.60310173034668 -0.013288687914609909 0.9978540539741516 0.06411464512348175 0.6321796178817749 -0.9826184511184692 -0.02490558847784996 0.18395847082138062 7.677092552185059
0.17160765826702118 -0.06174047663807869 0.983228862285614 16.407978057861328 -0.01363424677401781 0.9977898597717285 0.06503447145223618 0.66301429271698 -0.985071063041687 -0.02456599846482277 0.17038661241531372 7.809038162231445
0.15575642883777618 -0.06051947921514511 0.9859398007392883 17.220325469970703 -0.01490668673068285 0.99786376953125 0.06360631436109543 0.7035800814628601 -0.9876830577850342 -0.0246041901409626 0.15452153980731964 7.958484649658203
0.13966427743434906 -0.05916215106844902 0.9884299039840698 18.051223754882812 -0.016344407573342323 0.9979397654533386 0.06204080209136009 0.7455661296844482 -0.9900639653205872 -0.02482018806040287 0.1384095400571823 8.066449165344238
0.11928007006645203 -0.05740295350551605 0.9911998510360718 18.87375259399414 -0.01890220306813717 0.9980149865150452 0.06007230654358864 0.7841632962226868 -0.9926807284355164 -0.02590128779411316 0.11795824021100998 8.163193702697754
0.0930524468421936 -0.0561085008084774 0.9940789937973022 19.695720672607422 -0.02385038137435913 0.9979987740516663 0.058562297374010086 0.8197993040084839 -0.9953755140304565 -0.02915852889418602 0.0915280133485794 8.249001502990723
0.06317092478275299 -0.05554532632231712 0.9964556694030762 20.53612518310547 -0.02750086784362793 0.9979739189147949 0.05737338215112686 0.8524922728538513 -0.9976236820220947 -0.03102772869169712 0.06151536852121353 8.292999267578125
0.029112808406352997 -0.05555227771401405 0.9980311393737793 21.36330223083496 -0.03012208268046379 0.9979522824287415 0.05642654374241829 0.8833507299423218 -0.9991222023963928 -0.03170551359653473 0.027379803359508514 8.323659896850586
-0.004918623715639114 -0.05492599308490753 0.9984782338142395 22.237831115722656 -0.03218945115804672 0.9979816675186157 0.05474010109901428 0.9132972955703735 -0.9994696378707886 -0.03187122568488121 -0.006676733493804932 8.315214157104492
-0.03941448777914047 -0.053302813321352005 0.9978001713752747 23.08639144897461 -0.03331541270017624 0.9980911612510681 0.052002351731061935 0.9486650228500366 -0.9986674189567566 -0.031192483380436897 -0.04111505672335625 8.280220985412598
-0.07146580517292023 -0.05160600692033768 0.9961071014404297 23.925973892211914 -0.035084210336208344 0.9981727004051208 0.04919590801000595 0.970988929271698 -0.9968258738517761 -0.03143181651830673 -0.0731457844376564 8.203742980957031
-0.10442891716957092 -0.048986561596393585 0.9933251738548279 24.762765884399414 -0.03766416758298874 0.998264491558075 0.04527049511671066 0.9914621710777283 -0.9938188791275024 -0.032685209065675735 -0.10609272122383118 8.11938762664795
-0.13650909066200256 -0.04407978057861328 0.9896576404571533 25.615089416503906 -0.0347619466483593 0.9986074566841125 0.039683498442173004 1.0150715112686157 -0.9900286793708801 -0.028985263779759407 -0.1378512680530548 7.988799095153809
-0.167876198887825 -0.03827831894159317 0.9850646257400513 26.46993637084961 -0.029172897338867188 0.9990012645721436 0.03384818881750107 1.0274542570114136 -0.9853763580322266 -0.023054886609315872 -0.1688251942396164 7.831437110900879
-0.1987222582101822 -0.032143719494342804 0.9795286059379578 27.30021095275879 -0.022614412009716034 0.9993463158607483 0.02820613980293274 1.0369211435317993 -0.9797949194908142 -0.01654627174139023 -0.1993192881345749 7.648388385772705
-0.22723418474197388 -0.026430416852235794 0.9734814167022705 28.12537384033203 -0.016370689496397972 0.9995940327644348 0.02331807091832161 1.0403954982757568 -0.973702609539032 -0.01063789427280426 -0.22757461667060852 7.432953834533691
-0.254718542098999 -0.020068196579813957 0.9668070077896118 28.92925262451172 -0.00812065415084362 0.9997937679290771 0.018613412976264954 1.0459332466125488 -0.9669811129570007 -0.003109924029558897 -0.2548289895057678 7.203138828277588
-0.28089889883995056 -0.00969826802611351 0.9596884250640869 29.734569549560547 -0.0019184116972610354 0.999952495098114 0.009543647058308125 1.0374832153320312 -0.9597354531288147 0.000839724438264966 -0.2809041738510132 6.948242664337158
-0.3064054548740387 0.005659970920532942 0.9518841505050659 30.51874542236328 0.002464861376211047 0.9999836683273315 -0.005152550991624594 1.0222313404083252 -0.951897919178009 0.0007674929220229387 -0.30641433596611023 6.686907768249512
-0.3312968909740448 0.02290268987417221 0.943248450756073 31.295257568359375 0.0039053945802152157 0.9997300505638123 -0.022902408614754677 0.997058629989624 -0.9435184597969055 -0.003903740318492055 -0.3312969505786896 6.405318260192871
-0.3561156094074249 0.037905238568782806 0.9336727857589722 32.07140350341797 0.004027702379971743 0.999229907989502 -0.03903050348162651 0.9683742523193359 -0.9344332218170166 -0.01013881340622902 -0.35599398612976074 6.100974082946777
-0.3807617723941803 0.04811831936240196 0.9234203100204468 32.833763122558594 0.007750760763883591 0.9987761378288269 -0.04884907975792885 0.9215725660324097 -0.9246406555175781 -0.011442651972174644 -0.3806687295436859 5.778705596923828
-0.4038320481777191 0.05244514346122742 0.9133286476135254 33.58420944213867 0.011309566907584667 0.9985653162002563 -0.05233903229236603 0.868965744972229 -0.9147632122039795 -0.010806826874613762 -0.40384581685066223 5.427908897399902
-0.4263877272605896 0.05230739340186119 0.903026819229126 34.325008392333984 0.014844462275505066 0.9985967874526978 -0.05083403363823891 0.81732177734375 -0.9044186472892761 -0.00827005971223116 -0.42656591534614563 5.075125694274902
-0.44664889574050903 0.047841623425483704 0.8934293389320374 35.056270599365234 0.018204951658844948 0.998848557472229 -0.044385507702827454 0.7602285146713257 -0.8945240378379822 -0.0035599020775407553 -0.44700565934181213 4.696072578430176
-0.46428802609443665 0.04670468345284462 0.8844519853591919 35.77677536010742 0.0258234441280365 0.9988979697227478 -0.03919228911399841 0.7118372917175293 -0.8853077292442322 0.004643084481358528 -0.46498242020606995 4.297430038452148
-0.4779001772403717 0.04711179807782173 0.8771498203277588 36.48223114013672 0.028136586770415306 0.9988694190979004 -0.038319628685712814 0.663912296295166 -0.8779633641242981 0.006367049645632505 -0.4786853790283203 3.9043073654174805
-0.48869630694389343 0.051307208836078644 0.8709440231323242 37.17613220214844 0.032341841608285904 0.998648464679718 -0.04068290814757347 0.6133447885513306 -0.871854305267334 0.00828634388744831 -0.4896952211856842 3.500091552734375
-0.49877122044563293 0.05358065292239189 0.865075945854187 37.86323165893555 0.03295038267970085 0.998538076877594 -0.04284897446632385 0.5662639141082764 -0.8661071062088013 0.0071327476762235165 -0.4998075067996979 3.099630355834961
-0.5093169808387756 0.05322389677166939 0.8589315414428711 38.56480407714844 0.027245081961154938 0.9985826015472412 -0.045722004026174545 0.5153442621231079 -0.8601475954055786 0.00011466712021501735 -0.5100451707839966 2.689786911010742
-0.5203463435173035 0.05177219584584236 0.8523844480514526 39.251014709472656 0.026729347184300423 0.9986588358879089 -0.04433943331241608 0.46559977531433105 -0.8535367846488953 -0.000288184208329767 -0.5210323333740234 2.2753772735595703
-0.5291253924369812 0.05293913558125496 0.8468906283378601 39.919166564941406 0.02867008000612259 0.9985975027084351 -0.044509656727313995 0.41912806034088135 -0.8480590581893921 0.0007292350055649877 -0.5299010276794434 1.8541145324707031
-0.5364475250244141 0.055947184562683105 0.8420770764350891 40.61257553100586 0.03122730739414692 0.9984327554702759 -0.046441927552223206 0.3756340742111206 -0.843355655670166 0.0013821450993418694 -0.5373538136482239 1.4096317291259766
-0.5397692322731018 0.05893572047352791 0.8397473692893982 41.30929946899414 0.03267553821206093 0.9982613325119019 -0.04905761778354645 0.3289797306060791 -0.8411786556243896 0.0009594018338248134 -0.5407565832138062 0.9575042724609375
-0.5394769310951233 0.06115368381142616 0.8397766947746277 42.01251983642578 0.032124441117048264 0.9981277585029602 -0.05204811692237854 0.28327739238739014 -0.8413873910903931 -0.0011014092015102506 -0.5404314398765564 0.5075874328613281
-0.5360504388809204 0.0613846592605114 0.8419512510299683 42.733734130859375 0.034174785017967224 0.9981131553649902 -0.05101177841424942 0.23099887371063232 -0.8434939384460449 0.0014286177465692163 -0.5371368527412415 0.04555511474609375
-0.5303522944450378 0.060257893055677414 0.8456331491470337 43.47568893432617 0.03258485347032547 0.9981826543807983 -0.0506921149790287 0.17329823970794678 -0.847150981426239 0.0006701467791572213 -0.5313518643379211 -0.41126441955566406
-0.5241952538490295 0.058771226555109024 0.8495676517486572 44.22724914550781 0.029571786522865295 0.9982703924179077 -0.05081193521618843 0.1275094747543335 -0.8510844707489014 -0.0015121365431696177 -0.5250265598297119 -0.8459930419921875
-0.516015350818634 0.05867738649249077 0.8545672297477722 45.001922607421875 0.029201947152614594 0.9982761144638062 -0.05091182142496109 0.06902801990509033 -0.8560814261436462 -0.0013162579853087664 -0.516839325428009 -1.3369064331054688
-0.5097615122795105 0.057177770882844925 0.858413577079773 45.795440673828125 0.026026031002402306 0.9983571171760559 -0.05104390159249306 0.015389204025268555 -0.8599218726158142 -0.0036791202146559954 -0.510412335395813 -1.7970390319824219
-0.5059881806373596 0.05443927273154259 0.8608207106590271 46.604759216308594 0.021361974999308586 0.998491108417511 -0.0505891852080822 -0.044782161712646484 -0.8622758984565735 -0.007208698429167271 -0.5063875913619995 -2.2513256072998047
-0.5043190717697144 0.05180975794792175 0.8619617223739624 47.42509078979492 0.01722455397248268 0.9986035227775574 -0.04994504898786545 -0.1026005744934082 -0.8633455634117126 -0.010341334156692028 -0.5045071840286255 -2.725311279296875
-0.5047060251235962 0.04945865646004677 0.8618733882904053 48.26383972167969 0.013987287878990173 0.998694896697998 -0.049119338393211365 -0.15661513805389404 -0.8631779551506042 -0.01273555401712656 -0.5047391653060913 -3.2053661346435547
-0.5055368542671204 0.04823701083660126 0.8614555597305298 49.10776138305664 0.01314291451126337 0.9987505674362183 -0.048212017863988876 -0.21859025955200195 -0.862704873085022 -0.01305091567337513 -0.5055392980575562 -3.6915416717529297
-0.5062722563743591 0.04727468267083168 0.8610770106315613 49.96126937866211 0.012845483608543873 0.9987990260124207 -0.047283343970775604 -0.28089582920074463 -0.862278163433075 -0.012877287343144417 -0.5062713623046875 -4.1869354248046875
-0.50640869140625 0.04680260270833969 0.8610225319862366 50.82855987548828 0.012794224545359612 0.9988239407539368 -0.04676816985011101 -0.3378324508666992 -0.8621986508369446 -0.012667691335082054 -0.5064117312431335 -4.692525863647461
-0.5064561367034912 0.045861102640628815 0.861045241355896 51.70668411254883 0.012801134958863258 0.9988744258880615 -0.0456727109849453 -0.3969917297363281 -0.8621706366539001 -0.012108868919312954 -0.506473183631897 -5.2063751220703125
-0.5065563917160034 0.0457054041326046 0.8609945774078369 52.593204498291016 0.01271789614111185 0.998881459236145 -0.045542627573013306 -0.45667171478271484 -0.8621129989624023 -0.012119868770241737 -0.5065710544586182 -5.7229766845703125
-0.5067059397697449 0.04433039575815201 0.8609785437583923 53.48954772949219 0.010693056508898735 0.9989234805107117 -0.045139849185943604 -0.5143206119537354 -0.8620526790618896 -0.013666137121617794 -0.5066344738006592 -6.247840881347656
-0.5068751573562622 0.04337739944458008 0.8609272837638855 54.37287521362305 0.009830169379711151 0.9989590644836426 -0.04454449564218521 -0.577669620513916 -0.8619633316993713 -0.014115439727902412 -0.5067739486694336 -6.756235122680664
-0.5060891509056091 0.042597487568855286 0.8614285588264465 55.2668342590332 0.008922728709876537 0.9989848136901855 -0.044157516211271286 -0.6426362991333008 -0.8624350428581238 -0.014661342836916447 -0.5059553980827332 -7.275857925415039
-0.5049819350242615 0.04112796112895012 0.8621494770050049 56.15091323852539 0.008438901975750923 0.9990516304969788 -0.042715877294540405 -0.7012437582015991 -0.8630886673927307 -0.014295144006609917 -0.5048500895500183 -7.79350471496582
-0.502751886844635 0.03895540162920952 0.8635525703430176 57.03618621826172 0.008502616547048092 0.9991586804389954 -0.040122538805007935 -0.7622406482696533 -0.8643890023231506 -0.012829221785068512 -0.5026600956916809 -8.306640625
-0.5003412961959839 0.03757939115166664 0.8650123476982117 57.91096496582031 0.009207434952259064 0.9992321133613586 -0.03808462992310524 -0.8244751691818237 -0.8657792806625366 -0.011090762913227081 -0.5003030896186829 -8.808687210083008
-0.4976322650909424 0.03746246546506882 0.8665786981582642 58.79783630371094 0.00952966883778572 0.9992427229881287 -0.037725161761045456 -0.88042151927948 -0.8673356771469116 -0.01051505096256733 -0.49761247634887695 -9.31655502319336
-0.4959549307823181 0.03736050799489021 0.8675441145896912 59.683738708496094 0.009507652372121811 0.9992477297782898 -0.03759697452187538 -0.941530704498291 -0.8682961463928223 -0.01039810013025999 -0.4959371089935303 -9.814014434814453
-0.49478471279144287 0.03814823552966118 0.8681778907775879 60.55784606933594 0.009381670504808426 0.9992122650146484 -0.038559239357709885 -0.9951245784759521 -0.8689649701118469 -0.010933563113212585 -0.4947528541088104 -10.31486701965332
-0.49581629037857056 0.03957968205213547 0.867525041103363 61.43347930908203 0.009274727664887905 0.9991452097892761 -0.040283896028995514 -1.0554481744766235 -0.8683779239654541 -0.011927355080842972 -0.4957595467567444 -10.807390213012695
-0.49874550104141235 0.04128950461745262 0.8657644987106323 62.3065185546875 0.007417137268930674 0.9990313649177551 -0.04337236285209656 -1.114491581916809 -0.866716742515564 -0.015210278332233429 -0.49856868386268616 -11.30192756652832
-0.5032116770744324 0.041769903153181076 0.8631531596183777 63.18321990966797 0.00603365246206522 0.9989766478538513 -0.044825129210948944 -1.1744918823242188 -0.8641420602798462 -0.017348559573292732 -0.5029486417770386 -11.80854606628418
-0.5088625550270081 0.04038058966398239 0.859900176525116 64.04633331298828 0.007532543037086725 0.99906986951828 -0.042458415031433105 -1.2357882261276245 -0.8608148097991943 -0.015128258615732193 -0.5086933374404907 -12.313684463500977
-0.5141729712486267 0.037787146866321564 0.856853723526001 64.90377807617188 0.008874636143445969 0.9992098808288574 -0.038739629089832306 -1.3001145124435425 -0.8576406240463257 -0.012314599938690662 -0.5141021013259888 -12.828811645507812
-0.5194513201713562 0.03550151735544205 0.8537622094154358 65.76544189453125 0.005891950335353613 0.9992616176605225 -0.03796691074967384 -1.355898141860962 -0.8544797301292419 -0.014691636897623539 -0.5192769765853882 -13.34048080444336
-0.5247191190719604 0.038809482008218765 0.8503903150558472 66.61148834228516 0.008242899551987648 0.999144971370697 -0.04051210358738899 -1.414250373840332 -0.8512355089187622 -0.014247788116335869 -0.5245904326438904 -13.855777740478516
-0.5297920107841492 0.04068271815776825 0.8471512794494629 67.45292663574219 0.008501163683831692 0.999053418636322 -0.04266103729605675 -1.464911699295044 -0.8480849862098694 -0.015399708412587643 -0.5296363830566406 -14.37496566772461
-0.5345739722251892 0.041655588895082474 0.844094455242157 68.27734375 0.007337682880461216 0.9989756345748901 -0.044651858508586884 -1.5235822200775146 -0.8450899124145508 -0.017676018178462982 -0.5343319773674011 -14.887825012207031
-0.5378703474998474 0.04182972013950348 0.8419891595840454 69.0841064453125 0.006477628368884325 0.9989437460899353 -0.04548920691013336 -1.5849192142486572 -0.8430026769638062 -0.01901319809257984 -0.5375732183456421 -15.408794403076172
-0.5413673520088196 0.04151175543665886 0.8397607803344727 69.90017700195312 0.007870801724493504 0.9989868402481079 -0.04430870711803436 -1.6437724828720093 -0.8407492637634277 -0.017377696931362152 -0.5411456823348999 -15.928337097167969
-0.5432645082473755 0.03445892781019211 0.8388540744781494 70.721923828125 0.008356761187314987 0.9993298649787903 -0.03563898056745529 -1.6943516731262207 -0.8395199775695801 -0.01235128752887249 -0.5431884527206421 -16.464689254760742
-0.5458377003669739 0.024968508630990982 0.8375188112258911 71.53834533691406 0.006716518197208643 0.9996541738510132 -0.025424795225262642 -1.7541683912277222 -0.8378639817237854 -0.008252603001892567 -0.5458166599273682 -16.990753173828125
-0.5476962327957153 0.023760059848427773 0.8363398313522339 72.35369110107422 0.00790203083306551 0.9996989965438843 -0.023226194083690643 -1.7970361709594727 -0.836639940738678 -0.0061121187172830105 -0.5477191805839539 -17.517423629760742
-0.5481411814689636 0.0284722913056612 0.8359010219573975 73.13956451416016 0.008372859098017216 0.9995570778846741 -0.02855621464550495 -1.8428623676300049 -0.8363440036773682 -0.008653956465423107 -0.5481367707252502 -18.03634262084961
-0.550394594669342 0.03438672795891762 0.8341962695121765 73.94715118408203 0.009342784993350506 0.9993426203727722 -0.03503000736236572 -1.8864551782608032 -0.8348523378372192 -0.011486614122986794 -0.5503540635108948 -18.543746948242188
-0.5500288009643555 0.03838745504617691 0.8342629671096802 74.72309112548828 0.015607577748596668 0.9992409944534302 -0.03568863868713379 -1.9363592863082886 -0.8349997401237488 -0.0066089569590985775 -0.5502105355262756 -19.080764770507812
-0.549788236618042 0.03991583362221718 0.8343499302864075 75.513427734375 0.019202012568712234 0.9991976022720337 -0.03514924272894859 -1.9872279167175293 -0.8350834250450134 -0.0033034365624189377 -0.5501134395599365 -19.613197326660156
-0.5495462417602539 0.0365738570690155 0.8346624374389648 76.31672668457031 0.017451977357268333 0.9993258714675903 -0.0322987325489521 -2.0293421745300293 -0.8352809548377991 -0.0031831329688429832 -0.5498140454292297 -20.13159942626953
-0.5489145517349243 0.031705811619758606 0.8352769613265991 77.11038970947266 0.01541640143841505 0.9994943737983704 -0.027808131650090218 -2.0664734840393066 -0.8357362747192383 -0.0023873248137533665 -0.5491257309913635 -20.65212631225586
-0.5487208366394043 0.024489320814609528 0.8356468081474304 77.90054321289062 0.012747644446790218 0.9996997714042664 -0.02092638611793518 -2.1158761978149414 -0.8359084725379944 -0.0008302153437398374 -0.5488683581352234 -21.145978927612305
-0.5488418936729431 0.019021019339561462 0.8357097506523132 78.70226287841797 0.004185887053608894 0.9997910261154175 -0.020006535574793816 -2.150786876678467 -0.8359156250953674 -0.007482236251235008 -0.5488069653511047 -21.64023780822754
-0.5467146039009094 0.014215889386832714 0.8371983766555786 79.4996566772461 -0.0026913334149867296 0.9998208284378052 -0.01873479224741459 -2.184180498123169 -0.8373146653175354 -0.012495760805904865 -0.5465784072875977 -22.15612030029297
-0.545171856880188 0.014518918469548225 0.8381986021995544 80.28821563720703 -8.383234671782702e-05 0.9998491406440735 -0.01737348735332489 -2.2207627296447754 -0.8383243083953857 -0.00954180583357811 -0.5450883507728577 -22.65281105041504
-0.5415450930595398 0.018152840435504913 0.8404756188392639 81.07676696777344 0.004346077796071768 0.9998139142990112 -0.01879395917057991 -2.2522988319396973 -0.8406605124473572 -0.0065250033512711525 -0.5415233373641968 -23.174184799194336
-0.5360385775566101 0.02144097536802292 0.8439211845397949 81.8674545288086 0.006203186232596636 0.9997504353523254 -0.021459918469190598 -2.2814180850982666 -0.8441708087921143 -0.006268342025578022 -0.5360377430915833 -23.678565979003906
-0.5282990336418152 0.023458601906895638 0.8487342000007629 82.65547180175781 0.011189243756234646 0.9997237920761108 -0.020667076110839844 -2.3184003829956055 -0.8489846587181091 -0.0014217023272067308 -0.5284155607223511 -24.170364379882812
-0.5197300910949707 0.0271909236907959 0.8538976907730103 83.4612808227539 0.01806572824716568 0.9996196627616882 -0.020835377275943756 -2.350501298904419 -0.8541395664215088 0.004597512073814869 -0.5200237035751343 -24.68177604675293
-0.5110995173454285 0.026279514655470848 0.8591196537017822 84.26331329345703 0.0159959327429533 0.9996501803398132 -0.021062035113573074 -2.385680675506592 -0.8593726754188538 0.0029776275623589754 -0.5113410353660583 -25.128969192504883
-0.500436544418335 0.024023067206144333 0.8654398322105408 85.07105255126953 0.013975516892969608 0.9997088313102722 -0.019668858498334885 -2.4177050590515137 -0.8656603693962097 0.0022519526537507772 -0.5006266236305237 -25.584068298339844
-0.48877277970314026 0.020656643435359 0.8721665143966675 85.87646484375 0.014161095954477787 0.9997757077217102 -0.015742924064397812 -2.4533169269561768 -0.8722960948944092 0.004656120203435421 -0.4889557659626007 -26.028568267822266
-0.47699522972106934 0.019978247582912445 0.8786788582801819 86.6872329711914 0.01322946883738041 0.9997915029525757 -0.015550265088677406 -2.481207847595215 -0.8788063526153564 0.004207051824778318 -0.47716015577316284 -26.474246978759766
-0.4661206901073456 0.018879517912864685 0.884519636631012 87.53421020507812 0.013377771712839603 0.9998083710670471 -0.014290515333414078 -2.508981704711914 -0.8846198320388794 0.005171797703951597 -0.46628400683403015 -26.902700424194336
-0.45414960384368896 0.019931696355342865 0.8907024264335632 88.35265350341797 0.01439262367784977 0.9997833967208862 -0.015034169889986515 -2.5373809337615967 -0.890809178352356 0.005991784390062094 -0.45433810353279114 -27.3164119720459
-0.4418050944805145 0.023643339052796364 0.8967994451522827 89.17245483398438 0.014259908348321915 0.9997113943099976 -0.019331427291035652 -2.5771536827087402 -0.8969976305961609 0.004247554577887058 -0.44201475381851196 -27.719846725463867
-0.4306858777999878 0.0329303964972496 0.9019009470939636 89.99382019042969 0.01673836261034012 0.9994535446166992 -0.028499167412519455 -2.6098854541778564 -0.9023466110229492 0.0028221565298736095 -0.431001752614975 -28.10518455505371
-0.41741183400154114 0.037152014672756195 0.9079576134681702 90.84040069580078 0.01490442268550396 0.9993094205856323 -0.034038007259368896 -2.6437859535217285 -0.9085952043533325 -0.0006752874469384551 -0.4176773428916931 -28.50564193725586
-0.40595531463623047 0.033653780817985535 0.91327303647995 91.68252563476562 0.01289296057075262 0.9994332790374756 -0.031097745522856712 -2.6858739852905273 -0.9138019680976868 -0.0008495022775605321 -0.40615904331207275 -28.871479034423828
-0.39460474252700806 0.030196575447916985 0.9183545708656311 92.534423828125 0.012115509249269962 0.9995439052581787 -0.027660299092531204 -2.733473300933838 -0.9187710285186768 0.00021144840866327286 -0.3947906494140625 -29.227622985839844
-0.38484010100364685 0.029886584728956223 0.9224992394447327 93.37891387939453 0.005101371556520462 0.9995293617248535 -0.030254006385803223 -2.765547513961792 -0.9229691624641418 -0.006936945486813784 -0.3848114609718323 -29.573257446289062
-0.37798750400543213 0.034088846296072006 0.9251829385757446 94.21664428710938 0.0002046407462330535 0.9993249177932739 -0.03673704341053963 -2.8145437240600586 -0.925810694694519 -0.01369681116193533 -0.3777393102645874 -29.90088653564453
-0.37308555841445923 0.03911992162466049 0.9269718527793884 95.05962371826172 -0.005373562686145306 0.9990028142929077 -0.04432250186800957 -2.860015869140625 -0.927781343460083 -0.021517226472496986 -0.3725033402442932 -30.22275161743164
-0.36967983841896057 0.04132815822958946 0.928239643573761 95.91177368164062 -0.008012254722416401 0.9988313317298889 -0.047662075608968735 -2.9149088859558105 -0.929124653339386 -0.025057002902030945 -0.36891669034957886 -30.557373046875
-0.3657205104827881 0.04112920165061951 0.9298155307769775 96.75005340576172 -0.00892650242894888 0.9988222718238831 -0.04769264534115791 -2.972717761993408 -0.9306819438934326 -0.025742182508111 -0.3649226129055023 -30.88178062438965
-0.3614228069782257 0.04105937480926514 0.9314975142478943 97.57955932617188 -0.010515309870243073 0.9987868666648865 -0.04810537025332451 -3.026628017425537 -0.9323427081108093 -0.027181368321180344 -0.36055266857147217 -31.1863956451416
-0.35546693205833435 0.03673263639211655 0.9339668154716492 98.4293441772461 -0.012858777306973934 0.9989407658576965 -0.044182080775499344 -3.081998586654663 -0.9346004128456116 -0.027714937925338745 -0.3546180725097656 -31.506839752197266
-0.3501569926738739 0.033097464591264725 0.9361060261726379 99.2813949584961 -0.013055969960987568 0.9991059899330139 -0.040208593010902405 -3.136345386505127 -0.9366000294685364 -0.02630109153687954 -0.34941187500953674 -31.817590713500977
-0.3444332480430603 0.030060159042477608 0.9383295178413391 100.1226806640625 -0.015238562598824501 0.9991765022277832 -0.03760307654738426 -3.1878457069396973 -0.9386870861053467 -0.027250543236732483 -0.3436915874481201 -32.11717987060547
-0.3390040993690491 0.028117943555116653 0.9403645992279053 100.98114013671875 -0.023849405348300934 0.9989750981330872 -0.038468245416879654 -3.2397618293762207 -0.940482497215271 -0.03546803072094917 -0.3379861116409302 -32.4031867980957
-0.33267125487327576 0.02838710881769657 0.9426155090332031 101.83001708984375 -0.03038416989147663 0.998705267906189 -0.04079955443739891 -3.2885005474090576 -0.9425531625747681 -0.042213425040245056 -0.3313780725002289 -32.68709945678711
-0.3259877860546112 0.03235464543104172 0.9448201060295105 102.67243194580078 -0.02826552838087082 0.9986338019371033 -0.04394980147480965 -3.342684745788574 -0.9449513554573059 -0.04103294387459755 -0.32462796568870544 -32.97091293334961
-0.31918349862098694 0.03566183149814606 0.9470216631889343 103.52279663085938 -0.026999488472938538 0.998543918132782 -0.046701882034540176 -3.3930511474609375 -0.9473082423210144 -0.040475573390722275 -0.31775587797164917 -33.25189971923828
-0.3125815689563751 0.03405798599123955 0.9492801427841187 104.3779067993164 -0.028388967737555504 0.9985756278038025 -0.04517459124326706 -3.442854881286621 -0.9494666457176208 -0.041069820523262024 -0.31116947531700134 -33.52611541748047
-0.3053950071334839 0.02912111207842827 0.951780378818512 105.23792266845703 -0.029262160882353783 0.9987731575965881 -0.03994818776845932 -3.494126796722412 -0.9517760276794434 -0.04005112871527672 -0.3041681945323944 -33.79533386230469
-0.2984186112880707 0.026230501011013985 0.9540745615959167 106.09817504882812 -0.030078673735260963 0.9988672733306885 -0.03687009960412979 -3.5486607551574707 -0.9539609551429749 -0.03970002755522728 -0.2972916066646576 -34.05577087402344
-0.29206928610801697 0.029681021347641945 0.9559364914894104 106.95580291748047 -0.03244689479470253 0.9986354112625122 -0.040920354425907135 -3.592456340789795 -0.9558466076850891 -0.04296875 -0.29070767760276794 -34.3052978515625
-0.2857154905796051 0.03232503682374954 0.9577690958976746 107.81128692626953 -0.03192541375756264 0.998555064201355 -0.043225355446338654 -3.6459193229675293 -0.9577825665473938 -0.042927335947752 -0.28427064418792725 -34.554046630859375
-0.2789422571659088 0.03275580704212189 0.9597490429878235 108.66743469238281 -0.03400314599275589 0.9984545111656189 -0.04395950958132744 -3.6965246200561523 -0.9597057104110718 -0.04489665478467941 -0.2773973047733307 -34.791297912597656
-0.27203595638275146 0.03239811211824417 0.9617415070533752 109.52867126464844 -0.03425193205475807 0.9984737038612366 -0.043323930352926254 -3.750960111618042 -0.9616772532463074 -0.044727180153131485 -0.27051112055778503 -35.03014373779297
-0.26372602581977844 0.03207174316048622 0.9640643000602722 110.38793182373047 -0.0304840300232172 0.9986706376075745 -0.04156211391091347 -3.804147243499756 -0.9641157984733582 -0.0403495728969574 -0.26239773631095886 -35.26696014404297
-0.2561473250389099 0.03335564211010933 0.966062068939209 111.2442626953125 -0.027663597837090492 0.9987421035766602 -0.04181889072060585 -3.855348587036133 -0.9662417769432068 -0.03743654489517212 -0.2549023926258087 -35.492916107177734
-0.24945487082004547 0.033994611352682114 0.9677895307540894 112.10499572753906 -0.02619134820997715 0.9987812042236328 -0.04183423891663551 -3.904965400695801 -0.96803218126297 -0.035783469676971436 -0.2482604682445526 -35.710609436035156
-0.24299442768096924 0.032686747610569 0.9694768786430359 112.97314453125 -0.032271161675453186 0.9986064434051514 -0.041757483035326004 -3.955155611038208 -0.9694907665252686 -0.04143298789858818 -0.24160099029541016 -35.90937423706055
-0.23707351088523865 0.03093913197517395 0.9709989428520203 113.83692932128906 -0.03702821955084801 0.9984788298606873 -0.040855325758457184 -4.004369735717773 -0.9707857966423035 -0.045640088617801666 -0.23556724190711975 -36.110286712646484
-0.23263239860534668 0.03092135488986969 0.9720731377601624 114.7131576538086 -0.034452714025974274 0.9986051321029663 -0.04001041129231453 -4.0560221672058105 -0.971954345703125 -0.042798273265361786 -0.2312425822019577 -36.313682556152344
-0.22832609713077545 0.030922019854187965 0.973093569278717 115.58076477050781 -0.03302868828177452 0.9986741542816162 -0.03948473185300827 -4.108757019042969 -0.973024308681488 -0.04115540534257889 -0.2270020991563797 -36.505149841308594
-0.22317039966583252 0.032570455223321915 0.9742352366447449 116.4527359008789 -0.031502000987529755 0.9986786246299744 -0.0406038798391819 -4.160924911499023 -0.9742703437805176 -0.039751939475536346 -0.2218494713306427 -36.70896911621094
-0.217270627617836 0.03183621168136597 0.9755920171737671 117.31295013427734 -0.025602366775274277 0.9989382028579712 -0.03829987347126007 -4.203259468078613 -0.9757755994796753 -0.033298905938863754 -0.21622484922409058 -36.899391174316406
-0.21195921301841736 0.030865252017974854 0.9767909646034241 118.1890640258789 -0.018582943826913834 0.9991931915283203 -0.035605546087026596 -4.246927261352539 -0.9771018028259277 -0.025698574259877205 -0.21121464669704437 -37.09629440307617
-0.20669157803058624 0.030365925282239914 0.9779348373413086 119.06309509277344 -0.016771283000707626 0.9992614984512329 -0.03457283601164818 -4.295158386230469 -0.9782624244689941 -0.023547133430838585 -0.20602966845035553 -37.2818489074707
-0.20264625549316406 0.03160383179783821 0.9787418842315674 119.93136596679688 -0.01876380667090416 0.9991703629493713 -0.036148473620414734 -4.341650009155273 -0.9790722727775574 -0.02569027617573738 -0.2018851339817047 -37.45362854003906
