0.9999996423721313 -3.7070505641167983e-05 -0.0008223520708270371 0.15219131112098694 3.92257898056414e-05 0.999996542930603 0.002621014602482319 -0.5934852957725525 0.0008222521282732487 -0.0026210458017885685 0.9999962449073792 -0.048152048140764236
0.9999881982803345 -0.0024860654957592487 -0.004171872511506081 0.14862114191055298 0.0024878024123609066 0.9999967813491821 0.00041120429523289204 -0.5968034863471985 0.0041708373464643955 -0.00042157783173024654 0.999991238117218 0.6185833215713501
0.9999603033065796 -0.0020133608486503363 -0.008680175989866257 0.14800667762756348 0.0020033742766827345 0.9999973177909851 -0.0011590291978791356 -0.593350887298584 0.008682485669851303 0.0011415941407904029 0.9999616146087646 1.3184491395950317
0.9999211430549622 -0.001854063244536519 -0.012422371655702591 0.1302403211593628 0.0018221177160739899 0.9999949932098389 -0.00258243759162724 -0.5930016040802002 0.012427099049091339 0.0025595990009605885 0.9999195337295532 2.0189545154571533
0.9998511075973511 -0.0005281098419800401 -0.017249351367354393 0.10824927687644958 0.0004709455242846161 0.9999944567680359 -0.003317883238196373 -0.5937714576721191 0.01725100539624691 0.0033092666417360306 0.9998456835746765 2.745871067047119
0.9997655153274536 -0.0013382980832830071 -0.02161364071071148 0.09373829513788223 0.0012665139511227608 0.999993622303009 -0.00333457556553185 -0.606561005115509 0.021617967635393143 0.0033064188901335 0.9997608065605164 3.4854001998901367
0.9996578693389893 0.00046843409654684365 -0.026153504848480225 0.06802903115749359 -0.0005906556034460664 0.9999889135360718 -0.004665703512728214 -0.6086254715919495 0.026151029393076897 0.004679554607719183 0.9996470808982849 4.239860534667969
0.9995231628417969 0.0031081908382475376 -0.030721839517354965 0.03335893154144287 -0.00327102723531425 0.9999808669090271 -0.005251511000096798 -0.6176055073738098 0.030704930424690247 0.005349498242139816 0.9995141625404358 4.999381065368652
0.9993681311607361 0.003488584654405713 -0.035371407866477966 0.003964349627494812 -0.0036202301271259785 0.9999867677688599 -0.0036584387999027967 -0.6227427124977112 0.03535817563533783 0.003784178989008069 0.9993675351142883 5.796061992645264
0.999199628829956 0.0028372379019856453 -0.03989936411380768 -0.03252413868904114 -0.0028818792197853327 0.9999952912330627 -0.0010613775812089443 -0.6270410418510437 0.039896160364151 0.0011755130253732204 0.9992031455039978 6.598381042480469
0.9990739822387695 0.0024636511225253344 -0.04295424744486809 -0.07551625370979309 -0.002393131610006094 0.9999956488609314 0.001693094614893198 -0.6334583163261414 0.04295823723077774 -0.0015887310728430748 0.9990755915641785 7.40053129196167
0.9989656209945679 0.003927401266992092 -0.045302730053663254 -0.12529230117797852 -0.0038906524423509836 0.9999920129776001 0.0008993453811854124 -0.6388754844665527 0.04530590772628784 -0.0007221577689051628 0.9989729523658752 8.210168838500977
0.9988487958908081 0.0036415462382137775 -0.047830596566200256 -0.1653481125831604 -0.00362762832082808 0.9999933242797852 0.0003777884703595191 -0.6425008773803711 0.047831661999225616 -0.000203841453185305 0.9988554120063782 9.043749809265137
0.9987828135490417 0.0007399445166811347 -0.04931648448109627 -0.2106328010559082 -0.0007419408648274839 0.9999997615814209 -2.218427835032344e-05 -0.6473604440689087 0.04931645095348358 5.874704220332205e-05 0.9987832307815552 9.877359390258789
0.9986624121665955 0.0001946685224538669 -0.051703982055187225 -0.2518977224826813 -0.00015321355022024363 0.9999995827674866 0.0008057435043156147 -0.6534821391105652 0.05170412361621857 -0.0007967440178617835 0.9986621141433716 10.724531173706055
0.9985489249229431 -0.0014248797670006752 -0.053832657635211945 -0.29371973872184753 0.0014453154290094972 0.9999988675117493 0.0003406854229979217 -0.6590226292610168 0.053832121193408966 -0.0004179963143542409 0.9985498785972595 11.583125114440918
0.9984872937202454 0.0008103309664875269 -0.054975662380456924 -0.35111361742019653 -0.0008979201666079462 0.9999983906745911 -0.0015685497783124447 -0.6713113188743591 0.05497429892420769 0.0016155418707057834 0.9984864592552185 12.420280456542969
0.9984151124954224 0.0011954543879255652 -0.05626409128308296 -0.40869632363319397 -0.0014516639057546854 0.9999887943267822 -0.0045130448415875435 -0.6750916838645935 0.05625806376338005 0.004587569274008274 0.9984056949615479 13.289288520812988
0.998335599899292 0.005087447818368673 -0.05744566768407822 -0.4760538637638092 -0.005446136929094791 0.9999666810035706 -0.006089141592383385 -0.6872502565383911 0.0574127659201622 0.006391865201294422 0.9983301162719727 14.158491134643555
0.9982324242591858 0.005814791191369295 -0.05914560705423355 -0.5216856002807617 -0.006152787711471319 0.9999657273292542 -0.005534140858799219 -0.699409008026123 0.059111401438713074 0.005888269282877445 0.9982340335845947 15.060837745666504
0.9981629252433777 0.005720519460737705 -0.060315992683172226 -0.588646411895752 -0.005966195371001959 0.9999746084213257 -0.0038938382640480995 -0.7148461937904358 0.060292184352874756 0.004246543161571026 0.9981716871261597 15.949104309082031
0.9980927109718323 0.006470731925219297 -0.06139194220304489 -0.6525970101356506 -0.006647517904639244 0.9999743700027466 -0.002675816882401705 -0.7221051454544067 0.06137304753065109 0.0030788183212280273 0.9981101751327515 16.846281051635742
0.9980568289756775 0.006151166278868914 -0.062004636973142624 -0.7167432308197021 -0.0063041625544428825 0.9999775886535645 -0.0022721770219504833 -0.7390404343605042 0.06198926642537117 0.002658648882061243 0.9980732202529907 17.749645233154297
0.9979243278503418 0.005557948723435402 -0.0641574040055275 -0.7717949151992798 -0.005772900767624378 0.999978244304657 -0.0031654792837798595 -0.7482010126113892 0.06413842737674713 0.003529283916577697 0.9979346990585327 18.652359008789062
0.9978622794151306 0.004060299601405859 -0.06522634625434875 -0.8344036340713501 -0.004307136870920658 0.9999840259552002 -0.003644144395366311 -0.7596127986907959 0.06521052122116089 0.003917293157428503 0.9978638291358948 19.566362380981445
0.9978262186050415 0.0040219686925411224 -0.06577689945697784 -0.893221378326416 -0.0041514127515256405 0.9999896287918091 -0.0018313725013285875 -0.7712512016296387 0.06576886028051376 0.002100457902997732 0.9978325963020325 20.484647750854492
0.9978237748146057 0.005752869416028261 -0.06568533927202225 -0.9612334966659546 -0.005685523152351379 0.9999830722808838 0.0012121675536036491 -0.7774459719657898 0.06569121778011322 -0.000836073886603117 0.997839629650116 21.40369415283203
0.9978808164596558 0.006825523916631937 -0.06470850855112076 -1.0252034664154053 -0.0065138922072947025 0.9999661445617676 0.005025683436542749 -0.7852820754051208 0.0647406280040741 -0.004593529272824526 0.9978915452957153 22.333023071289062
0.9979942440986633 0.006072658114135265 -0.06301168352365494 -1.0908231735229492 -0.005608728621155024 0.9999558925628662 0.0075368620455265045 -0.7860960960388184 0.06305468082427979 -0.007168329320847988 0.9979842901229858 23.268844604492188
0.998073399066925 0.005941860843449831 -0.06175929680466652 -1.1451640129089355 -0.00541894044727087 0.9999480843544006 0.008631141856312752 -0.7936738133430481 0.06180737540125847 -0.008279843255877495 0.9980537295341492 24.207292556762695
0.9981533288955688 0.006389548536390066 -0.06040840968489647 -1.2024872303009033 -0.00606395211070776 0.9999661445617676 0.00557172205299139 -0.7962223887443542 0.060441963374614716 -0.005195119418203831 0.9981582164764404 25.151981353759766
0.9982029795646667 0.006785753183066845 -0.059537921100854874 -1.263925313949585 -0.006743541453033686 0.9999768733978271 0.000909904483705759 -0.800605058670044 0.05954272300004959 -0.0005067726597189903 0.9982255697250366 26.08917236328125
0.9982985854148865 0.006435822229832411 -0.057952459901571274 -1.326147198677063 -0.00654140580445528 0.9999772310256958 -0.001632349449209869 -0.8141869306564331 0.05794064328074455 0.002008662559092045 0.9983180165290833 27.031944274902344
0.9983371496200562 0.0036755637265741825 -0.057528216391801834 -1.3771607875823975 -0.003719899570569396 0.9999929070472717 -0.0006636029575020075 -0.8215047121047974 0.05752536281943321 0.0008764978847466409 0.9983436465263367 27.991609573364258
0.9983677864074707 0.0021266858093440533 -0.05707314610481262 -1.4444371461868286 -0.001875858404673636 0.999988317489624 0.004448059946298599 -0.8315625190734863 0.05708194151520729 -0.004333738703280687 0.9983600974082947 28.964046478271484
0.9983081221580505 -0.0014472526963800192 -0.058127403259277344 -1.4943956136703491 0.0019100079080089927 0.9999669194221497 0.00790628232061863 -0.8414304256439209 0.058114029467105865 -0.008003929629921913 0.9982778429985046 29.93191909790039
0.9982014298439026 -0.009060584008693695 -0.05925935506820679 -1.5443084239959717 0.009526497684419155 0.9999257922172546 0.007584474049508572 -0.8482593297958374 0.05918623134493828 -0.00813536811619997 0.9982137680053711 30.90904426574707
0.9980988502502441 -0.011146380566060543 -0.06061490625143051 -1.5996840000152588 0.011369694024324417 0.9999297857284546 0.0033404447603970766 -0.8481681942939758 0.060573406517505646 -0.004023267421871424 0.9981556534767151 31.87112045288086
0.998016357421875 -0.010783225297927856 -0.06202574446797371 -1.6633423566818237 0.010765425860881805 0.999941885471344 -0.0006211986765265465 -0.8531650304794312 0.06202884390950203 -4.77680005133152e-05 0.9980743527412415 32.851036071777344
0.9979085922241211 -0.00943809375166893 -0.06394767016172409 -1.7389605045318604 0.009368722327053547 0.9999551773071289 -0.0013845812063664198 -0.8590659499168396 0.06395787000656128 0.000782577320933342 0.9979523420333862 33.83791732788086
0.9978481531143188 -0.009399570524692535 -0.06489014625549316 -1.7949411869049072 0.009431779384613037 0.9999554753303528 0.00019002915360033512 -0.8739280104637146 0.0648854523897171 -0.0008016495266929269 0.9978923797607422 34.81390380859375
0.9977802634239197 -0.006316875573247671 -0.06629207730293274 -1.8650550842285156 0.00651889480650425 0.99997478723526 0.0028315428644418716 -0.8830580711364746 0.06627251207828522 -0.003257408970966935 0.9977961778640747 35.812469482421875
0.9977134466171265 -0.006141673307865858 -0.06730677932500839 -1.9360980987548828 0.006438286043703556 0.9999704957008362 0.004190845414996147 -0.8925473093986511 0.06727906316518784 -0.004614603705704212 0.9977234601974487 36.800392150878906
0.9976553916931152 -0.004934219643473625 -0.0682603195309639 -2.0068578720092773 0.005407251417636871 0.9999626278877258 0.006746796891093254 -0.8977110385894775 0.0682244822382927 -0.007100079208612442 0.9976446628570557 37.77920150756836
0.9976657629013062 -0.004930122289806604 -0.06810685992240906 -2.0764241218566895 0.005618255585432053 0.9999350309371948 0.00991588830947876 -0.9071827530860901 0.06805356591939926 -0.010275384411215782 0.9976286888122559 38.77855682373047
0.9976421594619751 0.0007513115415349603 -0.06862463802099228 -2.155956983566284 8.278413588413969e-05 0.9999262094497681 0.012150820344686508 -0.9060158133506775 0.0686287060379982 -0.01212785392999649 0.9975685477256775 39.76582336425781
0.9976340532302856 0.0011633364483714104 -0.06873750686645508 -2.2354183197021484 -0.0003841937577817589 0.999935507774353 0.011347184889018536 -0.9079235792160034 0.06874626129865646 -0.011293930932879448 0.9975702166557312 40.75979995727539
0.9976176023483276 0.0013253344222903252 -0.06897381693124771 -2.291353464126587 -0.000635121890809387 0.9999495148658752 0.01002784539014101 -0.9157013893127441 0.06898362189531326 -0.009960148483514786 0.9975680708885193 41.765132904052734
0.997613251209259 0.0037543047219514847 -0.06894678622484207 -2.372788429260254 -0.0032393757719546556 0.9999659657478333 0.007578786462545395 -0.9153069257736206 0.06897290050983429 -0.007337354123592377 0.997591495513916 42.75790023803711
0.9975741505622864 0.0031416986603289843 -0.06954038143157959 -2.4498562812805176 -0.002604452660307288 0.9999660849571228 0.007814988493919373 -0.9201912879943848 0.06956256181001663 -0.007614918518811464 0.9975485801696777 43.732357025146484
0.997495710849762 0.0012709263246506453 -0.07071481645107269 -2.5180182456970215 -0.0006449833163060248 0.9999603629112244 0.008873781189322472 -0.926874577999115 0.07072330266237259 -0.008805948309600353 0.9974570870399475 44.72263717651367
0.9974278211593628 0.001604812336154282 -0.07165924459695816 -2.5894627571105957 -0.0008792514563538134 0.9999479651451111 0.010155548341572285 -0.9338093400001526 0.07167182117700577 -0.010066422633826733 0.9973773956298828 45.708526611328125
0.9974297285079956 0.004326748661696911 -0.07152095437049866 -2.6744396686553955 -0.003873466746881604 0.9999715685844421 0.006475233472883701 -0.9419639110565186 0.07154691964387894 -0.006181555800139904 0.9974181056022644 46.67722702026367
0.9973568916320801 0.004697144962847233 -0.07250640541315079 -2.7511696815490723 -0.004539653658866882 0.999987006187439 0.0023367470130324364 -0.9475798010826111 0.07251642644405365 -0.002001416403800249 0.9973651766777039 47.64277648925781
0.9972712993621826 0.005244505126029253 -0.07363754510879517 -2.807220458984375 -0.005169308744370937 0.999985933303833 0.00121173239313066 -0.9511078596115112 0.07364286482334137 -0.0008277707383967936 0.9972843527793884 48.59419250488281
0.9972731471061707 0.004173595923930407 -0.07367999851703644 -2.88199520111084 -0.003812113543972373 0.999980092048645 0.005046063102781773 -0.9634218215942383 0.07369959354400635 -0.004751426633447409 0.9972691535949707 49.575828552246094
0.9972742199897766 0.002117802621796727 -0.07375312596559525 -2.956441640853882 -0.0015304709086194634 0.9999666213989258 0.008019092492759228 -0.9714565277099609 0.07376764714717865 -0.007884358055889606 0.9972442984580994 50.53964614868164
0.9972482323646545 -0.0004984025144949555 -0.07413346320390701 -3.0177245140075684 0.0011500122491270304 0.9999610185623169 0.008747254498302937 -0.9798101186752319 0.0741262286901474 -0.008808438666164875 0.997209906578064 51.48514938354492
0.9972181916236877 -0.003813650691881776 -0.07444091886281967 -3.0879714488983154 0.004384120926260948 0.9999622702598572 0.007501494605094194 -0.9855917692184448 0.07440949976444244 -0.007806984707713127 0.9971972107887268 52.44504165649414
0.9971856474876404 -0.006928751710802317 -0.07465142011642456 -3.161579132080078 0.007450487464666367 0.9999496340751648 0.00671274121850729 -0.9998148679733276 0.07460113614797592 -0.0072500379756093025 0.997187077999115 53.391536712646484
0.9971099495887756 -0.008091161027550697 -0.07554095983505249 -3.2353687286376953 0.008687070570886135 0.9999336004257202 0.007563302759081125 -1.0041048526763916 0.07547475397586823 -0.008197673596441746 0.9971140027046204 54.34598922729492
0.9969673752784729 -0.011614156886935234 -0.07695005089044571 -3.3042402267456055 0.01256051566451788 0.9998511672019958 0.01182580552995205 -1.005544900894165 0.07680125534534454 -0.012756474316120148 0.9969647526741028 55.2984619140625
0.9969184994697571 -0.011657554656267166 -0.07757294178009033 -3.376103162765503 0.012980197556316853 0.9997784495353699 0.01656799390912056 -1.0032529830932617 0.07736260443925858 -0.01752384752035141 0.9968491196632385 56.2413330078125
0.9969204664230347 -0.009997168555855751 -0.0777793899178505 -3.460482120513916 0.01146569475531578 0.9997639656066895 0.01845702715218067 -0.997832179069519 0.07757650315761566 -0.019291982054710388 0.9967997670173645 57.18839645385742
0.9968138933181763 -0.008864241652190685 -0.0792677104473114 -3.538734197616577 0.01005391962826252 0.9998425245285034 0.014621862210333347 -0.9995983839035034 0.07912561297416687 -0.015372227877378464 0.9967460632324219 58.118106842041016
0.9966999888420105 -0.006927816197276115 -0.08087781816720963 -3.6116700172424316 0.00749993184581399 0.9999489188194275 0.006772169843316078 -1.0008580684661865 0.0808267667889595 -0.007356399670243263 0.9967010021209717 59.02705001831055
0.9966333508491516 -0.005700245965272188 -0.08178912848234177 -3.688282012939453 0.0059288060292601585 0.9999791979789734 0.002551913959905505 -1.0150439739227295 0.08177286386489868 -0.0030282344669103622 0.9966464042663574 59.952762603759766
0.9966173768043518 -0.0005109988269396126 -0.08218183368444443 -3.7786598205566406 0.0007788345101289451 0.9999944567680359 0.0032270364463329315 -1.021169900894165 0.0821797326207161 -0.003280125791206956 0.9966121315956116 60.849971771240234
0.9964830279350281 0.002156764268875122 -0.08376707881689072 -3.862191677093506 -0.0016564669786021113 0.9999804496765137 0.00604152400046587 -1.0357885360717773 0.08377844095230103 -0.005881518591195345 0.9964670538902283 61.75111389160156
0.9963843822479248 0.004881169181317091 -0.08481942862272263 -3.938634157180786 -0.0042866128496825695 0.9999649524688721 0.0071903737261891365 -1.0464218854904175 0.08485155552625656 -0.00680078798905015 0.9963703751564026 62.63101577758789
0.9962683916091919 0.005296001210808754 -0.08614668250083923 -4.0153889656066895 -0.004727781750261784 0.9999657869338989 0.006798641290515661 -1.0509835481643677 0.08617974072694778 -0.006365987937897444 0.9962592720985413 63.498634338378906
0.9961389899253845 0.007112639490514994 -0.08750057965517044 -4.099255084991455 -0.006447248626500368 0.9999481439590454 0.007884658873081207 -1.0599209070205688 0.08755210041999817 -0.007290079724043608 0.9961332678794861 64.3516845703125
0.9960021376609802 0.008352228440344334 -0.08893733471632004 -4.179467678070068 -0.007632857654243708 0.9999353885650635 0.008425526320934296 -1.0683131217956543 0.08900195360183716 -0.00771299796178937 0.996001660823822 65.1917953491211
0.9958980679512024 0.008101574145257473 -0.09011871367692947 -4.258487224578857 -0.007332072127610445 0.9999337792396545 0.008866550400853157 -1.0774518251419067 0.09018459171056747 -0.008169423788785934 0.9958915114402771 66.00505065917969
0.9957906603813171 0.007862233556807041 -0.0913189947605133 -4.33377742767334 -0.006981733255088329 0.9999260902404785 0.009957491420209408 -1.081634283065796 0.09139053523540497 -0.009278011508286 0.9957719445228577 66.80927276611328
0.9956474900245667 0.0108010433614254 -0.09257015585899353 -4.413949012756348 -0.009660353884100914 0.9998719096183777 0.012761681340634823 -1.0897319316864014 0.09269613772630692 -0.011811877600848675 0.995624303817749 67.6047134399414
0.9955131411552429 0.012476089410483837 -0.09379659593105316 -4.495692253112793 -0.010937880724668503 0.9997974038124084 0.016895683482289314 -1.0933443307876587 0.09398838877677917 -0.0157939400523901 0.9954479932785034 68.39366149902344
0.9953183531761169 0.015423741191625595 -0.09541148692369461 -4.582964897155762 -0.013704757206141949 0.9997321367263794 0.018645664677023888 -1.0941764116287231 0.09567351639270782 -0.017250780016183853 0.9952632784843445 69.1769790649414
0.9951280355453491 0.01838182844221592 -0.09686260670423508 -4.662259101867676 -0.017061330378055573 0.999750018119812 0.014443432912230492 -1.0976347923278809 0.09710390120744705 -0.012720458209514618 0.9951930046081543 69.92623138427734
0.9950001835823059 0.018119513988494873 -0.09821593016386032 -4.733798980712891 -0.017477553337812424 0.9998200535774231 0.00739270681515336 -1.1073105335235596 0.09833221137523651 -0.00563917076215148 0.9951376914978027 70.64309692382812
0.9948676824569702 0.01717454567551613 -0.09971614181995392 -4.8065690994262695 -0.017118478193879128 0.9998524785041809 0.0014179329155012965 -1.1097668409347534 0.09972577542066574 0.00029633246595039964 0.9950149059295654 71.34662628173828
0.9948254823684692 0.017726464197039604 -0.10004021227359772 -4.885110378265381 -0.01778932474553585 0.9998416900634766 0.00026373984292149544 -1.1137570142745972 0.10002904385328293 0.0015172730199992657 0.9949833750724792 72.03777313232422
0.9947078227996826 0.020688915625214577 -0.10063930600881577 -4.964380741119385 -0.020416704937815666 0.9997845888137817 0.003734149970114231 -1.1215217113494873 0.10069487988948822 -0.0016596652567386627 0.9949159622192383 72.71226501464844
0.9945682883262634 0.02112620323896408 -0.10191944986581802 -5.03660774230957 -0.02062431536614895 0.9997694492340088 0.0059756925329566 -1.1358556747436523 0.1020222008228302 -0.003841215278953314 0.9947746396064758 73.36580657958984
0.9945265650749207 0.01796799525618553 -0.10292734950780869 -5.099954605102539 -0.017773106694221497 0.9998381733894348 0.0028102765791118145 -1.1464530229568481 0.10296116769313812 -0.000965555664151907 0.9946848750114441 73.9944076538086
0.9946243166923523 0.009786135517060757 -0.1030857264995575 -5.150360107421875 -0.01007456798106432 0.9999467730522156 -0.0022776995319873095 -1.159666657447815 0.10305793583393097 0.0033040009438991547 0.9946698546409607 74.6075668334961
0.9947725534439087 0.005861497949808836 -0.10194698721170425 -5.208551406860352 -0.006637526210397482 0.9999515414237976 -0.0072745466604828835 -1.162194013595581 0.1018994003534317 0.007913194596767426 0.9947632551193237 75.20557403564453
0.9950355291366577 0.008019378408789635 -0.09919693320989609 -5.261683940887451 -0.008805902674794197 0.999933123588562 -0.007493601180613041 -1.1748316287994385 0.09913020581007004 0.00832991674542427 0.9950395226478577 75.785400390625
0.9953799247741699 0.012977355159819126 -0.09513384103775024 -5.3242974281311035 -0.013434823602437973 0.9999009966850281 -0.004169721156358719 -1.1918342113494873 0.09507031738758087 0.00542856240645051 0.9954557418823242 76.35751342773438
0.9958314299583435 0.011429539881646633 -0.09049531072378159 -5.3757805824279785 -0.01158450823277235 0.9999321699142456 -0.0011873608455061913 -1.198972463607788 0.09047561138868332 0.0022307541221380234 0.9958961606025696 76.91442108154297
0.9963869452476501 0.007819904014468193 -0.08456901460886002 -5.415216445922852 -0.0076203602366149426 0.9999673366546631 0.002682073973119259 -1.2031289339065552 0.0845872312784195 -0.002027936279773712 0.9964139461517334 77.4568099975586
0.997063934803009 0.0033558732829988003 -0.07650060206651688 -5.440603256225586 -0.0028840918093919754 0.9999760985374451 0.006276673637330532 -1.2170333862304688 0.07651983201503754 -0.006037608720362186 0.9970497488975525 77.98474884033203
0.9978053569793701 0.007125028409063816 -0.0658305436372757 -5.473181247711182 -0.006731861270964146 0.9999580979347229 0.006192316766828299 -1.2243156433105469 0.06587190926074982 -0.005735564511269331 0.9978116154670715 78.5003890991211
0.998639702796936 0.012297715060412884 -0.050671279430389404 -5.502301216125488 -0.012025515548884869 0.9999115467071533 0.00567324785515666 -1.2299842834472656 0.050736572593450546 -0.005056182853877544 0.9986993074417114 79.00444030761719
0.9993221163749695 0.0172214787453413 -0.03253436088562012 -5.517621040344238 -0.017039449885487556 0.9998375773429871 0.0058640604838728905 -1.2305443286895752 0.0326300673186779 -0.005305718630552292 0.9994534254074097 79.4995346069336
0.9998225569725037 0.015785250812768936 -0.010281294584274292 -5.510426998138428 -0.015716759487986565 0.9998539686203003 0.006708971224725246 -1.2393556833267212 0.010385692119598389 -0.006546191871166229 0.9999246597290039 79.97244262695312
0.9997990727424622 0.0123736672103405 0.01576906070113182 -5.4763264656066895 -0.012494816444814205 0.9998930096626282 0.007607534993439913 -1.2438158988952637 -0.015673240646719933 -0.007803037762641907 0.9998466968536377 80.43124389648438
0.998913049697876 0.011360863223671913 0.04520569369196892 -5.431045055389404 -0.011794514954090118 0.9998868107795715 0.009337706491351128 -1.2534571886062622 -0.04509449377655983 -0.009860736317932606 0.9989340901374817 80.88420867919922
0.9968467354774475 0.010844080708920956 0.07860718667507172 -5.380354881286621 -0.011742235161364079 0.9998708367347717 0.010972633957862854 -1.261540412902832 -0.07847803086042404 -0.01186105702072382 0.9968452453613281 81.33628845214844
0.9931995272636414 0.010841219685971737 0.11591849476099014 -5.3002471923828125 -0.012188085354864597 0.9998661279678345 0.010916593484580517 -1.258938193321228 -0.11578463017940521 -0.01225518062710762 0.9931987524032593 81.77664184570312
0.9874168634414673 0.010910754092037678 0.15776292979717255 -5.217608451843262 -0.012802574783563614 0.9998577237129211 0.010980219580233097 -1.2649247646331787 -0.15762069821357727 -0.012861822731792927 0.9874159693717957 82.181396484375
0.9791579842567444 0.010554919019341469 0.20282581448554993 -5.102048873901367 -0.01296254899352789 0.999860405921936 0.010545681230723858 -1.2666943073272705 -0.20268617570400238 -0.012955025769770145 0.9791581034660339 82.59772491455078
0.9676944017410278 0.012805532664060593 0.2518007755279541 -4.967126846313477 -0.015430371277034283 0.9998452067375183 0.008452443405985832 -1.2742702960968018 -0.2516535520553589 -0.012064759619534016 0.9677422046661377 82.99999237060547
0.9521169662475586 0.013984191231429577 0.3054141402244568 -4.820676803588867 -0.016451675444841385 0.9998494982719421 0.0055067334324121475 -1.2799252271652222 -0.30529117584228516 -0.01026762742549181 0.9522036910057068 83.38457489013672
0.9324279427528381 0.014257718808948994 0.3610747456550598 -4.640375137329102 -0.016507964581251144 0.9998588562011719 0.0031483275815844536 -1.2845028638839722 -0.3609788417816162 -0.00889619905501604 0.9325315356254578 83.75062561035156
0.9083288311958313 0.014030932448804379 0.418021559715271 -4.447654724121094 -0.01613539829850197 0.9998686909675598 0.001500297337770462 -1.294965147972107 -0.4179456830024719 -0.008107706904411316 0.9084358215332031 84.08356475830078
0.8797065615653992 0.013965294696390629 0.4753117263317108 -4.231616973876953 -0.01564387045800686 0.9998774528503418 -0.0004240752023179084 -1.302497148513794 -0.4752594828605652 -0.007062653545290232 0.8798173666000366 84.38814544677734
0.8462821841239929 0.012858510948717594 0.5325796604156494 -3.9903526306152344 -0.013462146744132042 0.999905526638031 -0.002749864710494876 -1.3068989515304565 -0.5325647592544556 -0.0048425039276480675 0.8463754653930664 84.69145202636719
0.8093189001083374 0.012455347925424576 0.5872374176979065 -3.7315216064453125 -0.012350202538073063 0.9999150037765503 -0.004187464248389006 -1.3150821924209595 -0.5872395634651184 -0.0038635069504380226 0.8094040155410767 84.98160552978516
0.7693833708763123 0.011284186504781246 0.6386876702308655 -3.4562835693359375 -0.011782899498939514 0.9999245405197144 -0.003472381504252553 -1.3242212533950806 -0.6386786699295044 -0.0048540011048316956 0.7694582939147949 85.25235748291016
0.7276188135147095 0.010763270780444145 0.6858972907066345 -3.161327362060547 -0.012855972163379192 0.9999151825904846 -0.0020529499743133783 -1.3260859251022339 -0.6858612895011902 -0.007324110716581345 0.7276955842971802 85.48477935791016
0.682712197303772 0.01008579134941101 0.7306177616119385 -2.857074737548828 -0.011975974775850773 0.9999248385429382 -0.002612707205116749 -1.3263806104660034 -0.7305892705917358 -0.006966134998947382 0.6827817559242249 85.70751953125
0.6369688510894775 0.008065630681812763 0.7708473801612854 -2.5255584716796875 -0.008664166554808617 0.9999569058418274 -0.003303484758362174 -1.342293620109558 -0.7708410024642944 -0.004574532620608807 0.6370112895965576 85.90969848632812
0.5901075601577759 0.005141793750226498 0.8073082566261292 -2.2103614807128906 -0.001597706344909966 0.9999852180480957 -0.005201108753681183 -1.3401741981506348 -0.8073230385780334 0.0017793724546208978 0.5901070833206177 86.07930755615234
0.5436237454414368 0.006974917836487293 0.8393000960350037 -1.8760986328125 -0.0037729621399194 0.9999756813049316 -0.005866408348083496 -1.3525326251983643 -0.8393205404281616 2.2472406271845102e-05 0.5436368584632874 86.24546813964844
0.49674588441848755 0.010449374094605446 0.867833137512207 -1.5375442504882812 -0.0072675785049796104 0.9999426007270813 -0.007880125194787979 -1.3538551330566406 -0.8678656220436096 -0.0023926247376948595 0.49679329991340637 86.40119171142578
0.4514648914337158 0.011681302450597286 0.8922123908996582 -1.1992530822753906 -0.007694935891777277 0.9999281167984009 -0.009197887033224106 -1.3698055744171143 -0.8922556638717651 -0.002712992951273918 0.4515224099159241 86.53160858154297
0.40878644585609436 0.01000988483428955 0.9125751256942749 -0.8449611663818359 -0.0011420550290495157 0.9999446868896484 -0.010456644929945469 -1.3713011741638184 -0.9126293659210205 0.0032323235645890236 0.408775269985199 86.64717864990234
0.36877840757369995 0.0010786273051053286 0.9295166730880737 -0.47716712951660156 0.013135651126503944 0.9998934268951416 -0.006371759809553623 -1.391847848892212 -0.929424524307251 0.01455957442522049 0.3687249422073364 86.74576568603516
0.33224114775657654 -0.0012573145795613527 0.9431936144828796 -0.12106895446777344 0.01697566732764244 0.9998450875282288 -0.004646866582334042 -1.3854018449783325 -0.9430416822433472 0.017555221915245056 0.3322109878063202 86.84770202636719
0.2988150417804718 0.0030132699757814407 0.9543063640594482 0.24323463439941406 0.014234322123229504 0.999869704246521 -0.007614229805767536 -1.3911253213882446 -0.9542049169540405 0.015859151259064674 0.2987332344055176 86.94418334960938
0.26788678765296936 0.010209021158516407 0.9633963108062744 0.6136322021484375 0.0036726517137140036 0.9999257326126099 -0.011617357842624187 -1.4082510471343994 -0.9634433388710022 0.00665035517886281 0.26782935857772827 87.04283142089844
0.23930992186069489 0.014735491015017033 0.9708313941955566 0.9962959289550781 -0.001013187225908041 0.9998881220817566 -0.014926769770681858 -1.4231467247009277 -0.9709427356719971 0.0025884918868541718 0.23929807543754578 87.13104248046875
0.2136269509792328 0.01629200391471386 0.9767794609069824 1.3934135437011719 -0.00020739826140925288 0.9998617172241211 -0.01663164049386978 -1.4411463737487793 -0.9769152998924255 0.003350385930389166 0.2136007845401764 87.200927734375
0.1905611753463745 0.01784530282020569 0.9815131425857544 1.792470932006836 0.007377534173429012 0.9997804760932922 -0.019609780982136726 -1.4487358331680298 -0.9816476106643677 0.010978011414408684 0.19038769602775574 87.25542449951172
0.1705896109342575 0.023936621844768524 0.9850513935089111 2.2045469284057617 0.014267013408243656 0.9995400309562683 -0.026759428903460503 -1.4506298303604126 -0.9852389097213745 0.018618620932102203 0.1701696366071701 87.29769134521484
0.15084069967269897 0.03097914531826973 0.9880725741386414 2.6282882690429688 0.016062982380390167 0.9993001222610474 -0.033783361315727234 -1.4487708806991577 -0.9884276390075684 0.02096729725599289 0.15023751556873322 87.3493423461914
0.1331959366798401 0.03167041763663292 0.990583598613739 3.0703392028808594 0.014554054476320744 0.9993188977241516 -0.03390666842460632 -1.4604872465133667 -0.9909828901290894 0.018933236598968506 0.13264429569244385 87.40399932861328
0.11781419813632965 0.02733265422284603 0.9926594495773315 3.530135154724121 0.012075177393853664 0.9995077252388 -0.02895437553524971 -1.4822503328323364 -0.9929621815681458 0.015397774986922741 0.11742617189884186 87.45751953125
0.10326173901557922 0.024206839501857758 0.9943596124649048 4.002109527587891 0.012045587413012981 0.9996000528335571 -0.025585316121578217 -1.5027039051055908 -0.9945812821388245 0.01461962889879942 0.10292884707450867 87.49947357177734
0.0901978462934494 0.021942421793937683 0.9956821203231812 4.486830234527588 0.014965943060815334 0.9996145367622375 -0.023384835571050644 -1.515390396118164 -0.995811402797699 0.017010582610964775 0.08983467519283295 87.52986907958984
0.0785689502954483 0.020778806880116463 0.9966921806335449 4.97793436050415 0.018555978313088417 0.9995790123939514 -0.02230175957083702 -1.5332088470458984 -0.9967359900474548 0.02024681866168976 0.07815030217170715 87.55500793457031
0.06846161931753159 0.021508703008294106 0.9974218606948853 5.492189407348633 0.02173822559416294 0.9994980096817017 -0.023045556619763374 -1.5438928604125977 -0.9974168539047241 0.02325991541147232 0.06795971095561981 87.5823974609375
0.060626301914453506 0.02219533361494541 0.9979137182235718 6.020484924316406 0.023995444178581238 0.9994314908981323 -0.023686882108449936 -1.5564922094345093 -0.9978719353675842 0.025381430983543396 0.06005924567580223 87.60861206054688
0.05502951890230179 0.02215578220784664 0.9982389211654663 6.569866180419922 0.0257143322378397 0.9993907809257507 -0.023598887026309967 -1.5764024257659912 -0.9981535077095032 0.02696767821907997 0.05442628264427185 87.63514709472656
0.04949890449643135 0.02344895713031292 0.998498797416687 7.129708290100098 0.027133353054523468 0.9993237853050232 -0.024813417345285416 -1.5864485502243042 -0.9984055757522583 0.028320860117673874 0.04882918670773506 87.656005859375
0.04379251226782799 0.0240391343832016 0.9987512826919556 7.707891464233398 0.02770569734275341 0.9992966651916504 -0.02526707760989666 -1.6026833057403564 -0.9986563920974731 0.028777610510587692 0.04309568926692009 87.6757583618164
0.03942825645208359 0.0239037424325943 0.9989364147186279 8.310216903686523 0.030365614220499992 0.9992234110832214 -0.025109145790338516 -1.621353268623352 -0.9987608790397644 0.031323324888944626 0.03867178410291672 87.69320678710938
0.036294981837272644 0.02414669468998909 0.9990493059158325 8.936891555786133 0.031119033694267273 0.99919593334198 -0.025280777364969254 -1.6384915113449097 -0.9988564848899841 0.032007016241550446 0.03551436960697174 87.71440124511719
0.03316597640514374 0.02379714697599411 0.9991664886474609 9.575264930725098 0.032232511788606644 0.9991709589958191 -0.024867171421647072 -1.6559275388717651 -0.9989299178123474 0.03303038701415062 0.03237144276499748 87.73311614990234
0.030886348336935043 0.022911256179213524 0.9992602467536926 10.230155944824219 0.03477710112929344 0.999107301235199 -0.023982685059309006 -1.6787071228027344 -0.9989176988601685 0.03549211099743843 0.030061984434723854 87.75042724609375
0.03034593164920807 0.022577738389372826 0.9992843866348267 10.906240463256836 0.03949743136763573 0.9989369511604309 -0.023769332095980644 -1.6973037719726562 -0.9987587332725525 0.04019046947360039 0.029421906918287277 87.76237487792969
0.03156270459294319 0.022207703441381454 0.9992550015449524 11.600629806518555 0.04275250434875488 0.9988081455230713 -0.02354816161096096 -1.717618703842163 -0.9985870122909546 0.043463896960020065 0.030575647950172424 87.7786636352539
0.03366699814796448 0.02221503295004368 0.9991861581802368 12.30093765258789 0.04412095248699188 0.9987451434135437 -0.02369186095893383 -1.7356252670288086 -0.9984588623046875 0.044882673770189285 0.0326446034014225 87.80201721191406
0.03749675303697586 0.022267218679189682 0.99904865026474 13.023242950439453 0.04656421020627022 0.9986267685890198 -0.02400548756122589 -1.7547094821929932 -0.9982112050056458 0.047420043498277664 0.03640840947628021 87.83031463623047
0.04186323285102844 0.021628987044095993 0.998889148235321 13.758075714111328 0.04717530682682991 0.9986077547073364 -0.023600002750754356 -1.7786282300949097 -0.9980089664459229 0.04811088368296623 0.04078460484743118 87.86184692382812
0.046079978346824646 0.020024752244353294 0.9987370371818542 14.515402793884277 0.04870963841676712 0.9985646605491638 -0.02226867713034153 -1.7984708547592163 -0.9977494478225708 0.04967425763607025 0.04503844305872917 87.89275360107422
0.049721211194992065 0.018307004123926163 0.9985952973365784 15.276083946228027 0.04842275753617287 0.9986119866371155 -0.02071833238005638 -1.8214524984359741 -0.997588574886322 0.04938487708568573 0.04876572638750076 87.93782043457031
0.053920239210128784 0.01615888439118862 0.9984143972396851 16.058032989501953 0.04533229395747185 0.9987984895706177 -0.018613310530781746 -1.8440474271774292 -0.9975156188011169 0.04626404866576195 0.05312293395400047 87.99016571044922
0.05775175243616104 0.01530083641409874 0.9982137084007263 16.856586456298828 0.0444396510720253 0.9988519549369812 -0.01788168214261532 -1.8603496551513672 -0.9973413944244385 0.0453929640352726 0.057005491107702255 88.04247283935547
0.061834998428821564 0.01633077673614025 0.9979528188705444 17.658565521240234 0.041612714529037476 0.9989544749259949 -0.01892557553946972 -1.8801403045654297 -0.9972186088562012 0.042697787284851074 0.06109078228473663 88.10400390625
0.06495307385921478 0.01999029517173767 0.9976880550384521 18.450458526611328 0.03926236554980278 0.9989739060401917 -0.02257218025624752 -1.9125165939331055 -0.9971156120300293 0.040637727826833725 0.06410156190395355 88.15679931640625
0.06637842953205109 0.02541753277182579 0.9974708557128906 19.263370513916016 0.03364717960357666 0.9990500211715698 -0.02769688330590725 -1.937978744506836 -0.9972270727157593 0.035400550812482834 0.06546013802289963 88.22196960449219
0.06619859486818314 0.028791384771466255 0.9973909854888916 20.073692321777344 0.030892161652445793 0.9990453720092773 -0.03088950924575329 -1.961486577987671 -0.9973281621932983 0.03285640478134155 0.06524597853422165 88.28086853027344
0.06624122709035873 0.02837495133280754 0.997400164604187 20.885639190673828 0.028714803978800774 0.9991273880004883 -0.03033115528523922 -1.9931302070617676 -0.9973904490470886 0.030649323016405106 0.0653686374425888 88.34268188476562
0.06619565933942795 0.026547765359282494 0.9974534511566162 21.71235466003418 0.025893986225128174 0.9992636442184448 -0.028314391151070595 -2.0272789001464844 -0.9974706172943115 0.027702338993549347 0.0654594823718071 88.4092025756836
0.06575564295053482 0.025348221883177757 0.9975137710571289 22.531147003173828 0.026679273694753647 0.999275267124176 -0.027151670306921005 -2.0587406158447266 -0.9974790811538696 0.02839832194149494 0.06503169983625412 88.4715347290039
0.06604082137346268 0.02448420226573944 0.9975165128707886 23.344158172607422 0.024267055094242096 0.9993638396263123 -0.02613615244626999 -2.0956318378448486 -0.997521698474884 0.02593284286558628 0.06540464609861374 88.53462219238281
0.06615971773862839 0.02463061362504959 0.9975050091743469 24.15509796142578 0.022389842197299004 0.9994069337844849 -0.026162587106227875 -2.1325314044952393 -0.9975579380989075 0.024064891040325165 0.06556901335716248 88.59156799316406
0.06607572734355927 0.025140393525362015 0.9974978566169739 24.970443725585938 0.01930047944188118 0.9994633197784424 -0.026468422263860703 -2.1682493686676025 -0.9976279735565186 0.02100110612809658 0.06555502861738205 88.65567016601562
0.0647905021905899 0.026609191671013832 0.9975440502166748 25.77863121032715 0.016273193061351776 0.9994832873344421 -0.027717864140868187 -2.199260711669922 -0.9977661967277527 0.01802908070385456 0.0643240213394165 88.71929168701172
0.06225194036960602 0.026339855045080185 0.9977128505706787 26.58966064453125 0.01356755755841732 0.9995369911193848 -0.027234556153416634 -2.229794979095459 -0.9979682564735413 0.015231930650770664 0.061865758150815964 88.7686538696289
0.05828266218304634 0.025100484490394592 0.9979845285415649 27.39910888671875 0.01096324808895588 0.9996075630187988 -0.02578156068921089 -2.2617156505584717 -0.9982399344444275 0.01244377251714468 0.057984609156847 88.82305145263672
0.05349322408437729 0.02272617816925049 0.9983095526695251 28.215749740600586 0.009025470353662968 0.9996890425682068 -0.023241201415657997 -2.2925853729248047 -0.998527467250824 0.010253461077809334 0.05327149108052254 88.8723373413086
0.04775349423289299 0.020608091726899147 0.9986465573310852 29.031362533569336 0.00724402628839016 0.9997536540031433 -0.020977338775992393 -2.3199195861816406 -0.9988328814506531 0.008235962130129337 0.04759244620800018 88.90988159179688
0.03993852809071541 0.02082161232829094 0.998985230922699 29.833965301513672 0.006947333924472332 0.9997528195381165 -0.021115366369485855 -2.348489284515381 -0.9991780519485474 0.007783600594848394 0.03978400304913521 88.946533203125
