1.0 0.0 0.0 0.0 0.0 1.0 0.0 0.0 0.0 0.0 1.0 0.0
0.9990399479866028 -0.0004773923719767481 0.04380583390593529 0.04555442929267883 0.000580814725253731 0.999997079372406 -0.0023482267279177904 -0.02078000083565712 -0.04380457475781441 0.002371415728703141 0.9990373253822327 1.0247418880462646
0.9960295557975769 -0.004713720642030239 0.08889756351709366 0.13894520699977875 0.005385944154113531 0.9999586939811707 -0.007323420140892267 -0.038847845047712326 -0.08885937184095383 0.007773140445351601 0.996013879776001 2.0511035919189453
0.990859866142273 -0.0041237035766243935 0.1348317563533783 0.26963818073272705 0.005721743684262037 0.9999179244041443 -0.01146674994379282 -0.06059402599930763 -0.1347734034061432 0.012133416719734669 0.9908021688461304 3.0584428310394287
0.9835320711135864 -0.0013276400277391076 0.18072842061519623 0.4502203166484833 0.0038181813433766365 0.9999024868011475 -0.013433380983769894 -0.09482631087303162 -0.18069292604923248 0.013902216218411922 0.9834412932395935 4.089898109436035
0.9739985466003418 -0.0038665360771119595 0.2265213131904602 0.6866981983184814 0.007089652121067047 0.9998847842216492 -0.013416927307844162 -0.12469834834337234 -0.22644339501857758 0.014674024656414986 0.9739137291908264 5.092275619506836
0.9623339176177979 -0.00434744032099843 0.2718353867530823 0.960614025592804 0.00868135318160057 0.9998535513877869 -0.014742587693035603 -0.15396125614643097 -0.27173149585723877 0.0165471900254488 0.9622308611869812 6.1021270751953125
0.948786199092865 -0.007103499956429005 0.3158388137817383 1.2869348526000977 0.013249686919152737 0.999762237071991 -0.017316777259111404 -0.18716737627983093 -0.31564071774482727 0.020614679902791977 0.9486547708511353 7.086309432983398
0.9336177706718445 -0.008794253692030907 0.3581624925136566 1.6607091426849365 0.016783462837338448 0.9996746778488159 -0.01920342817902565 -0.21825125813484192 -0.35787707567214966 0.023939872160553932 0.9334617853164673 8.04307746887207
0.9163397550582886 -0.00879639107733965 0.40030500292778015 2.0739073753356934 0.018365735188126564 0.9996299147605896 -0.020074989646673203 -0.2504337430000305 -0.39998021721839905 0.02574741095304489 0.9161620736122131 8.978265762329102
0.8968194127082825 -0.00931831356137991 0.44229868054389954 2.519888162612915 0.01953057199716568 0.9996373653411865 -0.018540553748607635 -0.28546643257141113 -0.4419655203819275 0.025265874341130257 0.8966761827468872 9.888996124267578
0.8750060796737671 -0.009216123260557652 0.4840242564678192 3.0148472785949707 0.020230935886502266 0.999641478061676 -0.017539143562316895 -0.3291754722595215 -0.48368901014328003 0.02513912320137024 0.8748788237571716 10.765539169311523
0.8510705232620239 -0.009365220554172993 0.5249680280685425 3.5506160259246826 0.02112022042274475 0.9996422529220581 -0.01640656404197216 -0.3616713881492615 -0.524626612663269 0.025050582364201546 0.850963830947876 11.63935661315918
0.8254668116569519 -0.009780910797417164 0.5643659234046936 4.138550758361816 0.022999869659543037 0.9996023178100586 -0.0163167305290699 -0.40276724100112915 -0.5639818906784058 0.026449263095855713 0.8253634572029114 12.492959022521973
0.7982496619224548 -0.011414441280066967 0.602218508720398 4.756378173828125 0.026317531242966652 0.9995265007019043 -0.015939276665449142 -0.4331490397453308 -0.601751446723938 0.02857242524623871 0.7981721758842468 13.30421257019043
0.7694218158721924 -0.010412352159619331 0.6386560201644897 5.418792247772217 0.027094433084130287 0.9994992017745972 -0.01634669117629528 -0.4682110548019409 -0.6381659507751465 0.029881533235311508 0.7693185806274414 14.110391616821289
0.738880455493927 -0.013608590699732304 0.6736990809440613 6.096659183502197 0.03181125223636627 0.9993857145309448 -0.01470163557678461 -0.5027198195457458 -0.6730852127075195 0.03229396045207977 0.7388594746589661 14.841618537902832
0.7068707346916199 -0.012945340014994144 0.7072243094444275 6.839407444000244 0.03243644908070564 0.9993739724159241 -0.014127270318567753 -0.5337443947792053 -0.7065986394882202 0.03292600437998772 0.7068480849266052 15.579776763916016
0.6728150248527527 -0.011567008681595325 0.739720344543457 7.588183403015137 0.0334518700838089 0.9993307590484619 -0.014799727126955986 -0.5663437247276306 -0.7390540838241577 0.03470250964164734 0.6727517247200012 16.25499153137207
0.6372832655906677 -0.012728380039334297 0.7705245018005371 8.388662338256836 0.038264237344264984 0.9991528391838074 -0.015142367221415043 -0.5909295082092285 -0.769679069519043 0.039133504033088684 0.6372305154800415 16.918834686279297
0.600635826587677 -0.010995976626873016 0.799447238445282 9.1785249710083 0.03851481154561043 0.9991425275802612 -0.015194037929177284 -0.6179402470588684 -0.7985944747924805 0.039916638284921646 0.6005443334579468 17.507423400878906
0.5628783106803894 -0.009825357235968113 0.8264813423156738 10.046623229980469 0.04133202135562897 0.9990129470825195 -0.016272887587547302 -0.6484856605529785 -0.8255057334899902 0.04331980273127556 0.562728762626648 18.100189208984375
0.5239073634147644 -0.008109229616820812 0.8517366647720337 10.891130447387695 0.04606545343995094 0.998760998249054 -0.018826065585017204 -0.6727756261825562 -0.8505286574363708 0.049098748713731766 0.5236318707466125 18.62091064453125
0.4853547215461731 -0.007073827087879181 0.8742886185646057 11.79559326171875 0.04780372604727745 0.9986861944198608 -0.018457556143403053 -0.6968435645103455 -0.8730095028877258 0.05075271800160408 0.48505523800849915 19.114347457885742
0.4468487799167633 -0.008742159232497215 0.8945667743682861 12.695693969726562 0.05296703055500984 0.9984566569328308 -0.01670036092400551 -0.7206041812896729 -0.893040120601654 0.05484507977962494 0.44662216305732727 19.55897331237793
0.41013264656066895 -0.009469731710851192 0.91197669506073 13.640054702758789 0.056883204728364944 0.9982647895812988 -0.015215693041682243 -0.7496128082275391 -0.9102502465248108 0.0581166110932827 0.4099597632884979 19.96953582763672
0.3750494420528412 -0.007043369580060244 0.9269780516624451 14.57478141784668 0.05841127783060074 0.9981635212898254 -0.01604858599603176 -0.7766681909561157 -0.925162672996521 0.06016498804092407 0.37477216124534607 20.336002349853516
0.3415282368659973 -0.00798625499010086 0.9398375749588013 15.538717269897461 0.05887428671121597 0.9981818795204163 -0.01291233766824007 -0.8016848564147949 -0.9380256533622742 0.05974219739437103 0.34137752652168274 20.682998657226562
0.3080194294452667 -0.009461358189582825 0.9513329267501831 16.531021118164062 0.0612310990691185 0.9980745315551758 -0.009898986667394638 -0.8238639831542969 -0.9494075775146484 0.06130025163292885 0.3080057203769684 21.00138282775879
0.27551963925361633 -0.009375047869980335 0.9612496495246887 17.51495361328125 0.061901625245809555 0.9980501532554626 -0.008008688688278198 -0.8454269170761108 -0.9593003392219543 0.06170947104692459 0.2755627930164337 21.27279281616211
0.24320055544376373 -0.006543161813169718 0.9699539542198181 18.513973236083984 0.05917450040578842 0.9982147812843323 -0.00810326263308525 -0.8686332106590271 -0.9681692719459534 0.059367261826992035 0.24315358698368073 21.528030395507812
0.2122887223958969 -0.004933157470077276 0.9771945476531982 19.542253494262695 0.05903077498078346 0.9982256889343262 -0.007784699555486441 -0.8824273943901062 -0.9754223823547363 0.059337154030799866 0.21220329403877258 21.751934051513672
0.18154731392860413 -0.004791479557752609 0.9833705425262451 20.572050094604492 0.06081981584429741 0.998128354549408 -0.006365007255226374 -0.9012721180915833 -0.9814995527267456 0.06096396967768669 0.1814989447593689 21.9453125
0.15096859633922577 -0.004954831674695015 0.9885261058807373 21.641834259033203 0.06242697685956955 0.9980392456054688 -0.004531387705355883 -0.9160076975822449 -0.9865654110908508 0.06239480525255203 0.15098188817501068 22.10135841369629
0.12041286379098892 -0.005511859431862831 0.9927086234092712 22.72905731201172 0.06097368896007538 0.9981376528739929 -0.0018539386801421642 -0.9268317222595215 -0.9908496141433716 0.06075233593583107 0.12052468955516815 22.23332977294922
0.09130221605300903 -0.0061110700480639935 0.995804488658905 23.812559127807617 0.061624925583601 0.9980992078781128 0.00047495419858023524 -0.9424551129341125 -0.9939145445823669 0.061323005706071854 0.09150528162717819 22.32513427734375
0.06431133300065994 -0.00578409293666482 0.997913122177124 24.932680130004883 0.06434629112482071 0.9979262948036194 0.0016373186372220516 -0.9463619589805603 -0.9958531260490417 0.06410670280456543 0.06455017626285553 22.386058807373047
0.03935541212558746 -0.005304187070578337 0.9992111921310425 26.054704666137695 0.06861349940299988 0.9976399540901184 0.0025934011209756136 -0.9537031650543213 -0.996866762638092 0.06845732778310776 0.039626479148864746 22.4179744720459
0.01677110604941845 -0.0048877159133553505 0.9998473525047302 27.23297691345215 0.07276705652475357 0.9973422288894653 0.0036548995412886143 -0.9558179378509521 -0.9972078800201416 0.07269465923309326 0.017082197591662407 22.428098678588867
-0.0032224683091044426 -0.004940368235111237 0.9999825954437256 28.388547897338867 0.07854056358337402 0.9968973994255066 0.005178225692361593 -0.9546429514884949 -0.9969056844711304 0.07855584472417831 -0.0028244510758668184 22.413583755493164
-0.02045559138059616 -0.005606281105428934 0.9997750520706177 29.5782413482666 0.08302345126867294 0.9965209364891052 0.007286710198968649 -0.9561156034469604 -0.9963376522064209 0.08315382897853851 -0.019918976351618767 22.37003517150879
-0.03594277799129486 -0.005390049424022436 0.9993392825126648 30.78348159790039 0.08630646020174026 0.9962325096130371 0.008477436378598213 -0.9540719985961914 -0.99562007188797 0.0865541324019432 -0.03534216806292534 22.313745498657227
-0.050281934440135956 -0.006057401187717915 0.9987167119979858 31.98845863342285 0.08848311007022858 0.9960224032402039 0.01049587782472372 -0.9509859085083008 -0.994807779788971 0.08889731019735336 -0.049545954912900925 22.255321502685547
-0.06309428066015244 -0.007108645513653755 0.9979822635650635 33.19704818725586 0.088753841817379 0.9959725737571716 0.012705511413514614 -0.9475869536399841 -0.9940532445907593 0.08937640488147736 -0.062209248542785645 22.16559600830078
-0.075163833796978 -0.006963078398257494 0.9971467852592468 34.40040969848633 0.0885501280426979 0.995978593826294 0.013629727065563202 -0.9453229308128357 -0.9932317137718201 0.08932195603847504 -0.07424496859312057 22.078304290771484
-0.08648344874382019 -0.00427998835220933 0.9962440729141235 35.62715148925781 0.08847687393426895 0.9960063695907593 0.011959598399698734 -0.9412133097648621 -0.992316722869873 0.08917886763811111 -0.08575937151908875 21.978487014770508
-0.09677780419588089 -0.0008795593166723847 0.995305597782135 36.86613845825195 0.0888352245092392 0.9960008263587952 0.009517998434603214 -0.932506799697876 -0.9913336038589478 0.08933930844068527 -0.09631262719631195 21.856979370117188
-0.10638408362865448 0.001322270603850484 0.9943242073059082 38.1326789855957 0.08998182415962219 0.995908796787262 0.008302898146212101 -0.9342418313026428 -0.9902452826499939 0.09035440534353256 -0.10606782138347626 21.735429763793945
-0.11352986842393875 0.002472120802849531 0.9935315251350403 39.4140510559082 0.08995566517114639 0.9959152340888977 0.007801090832799673 -0.9255478382110596 -0.9894538521766663 0.09025943279266357 -0.11328849196434021 21.59119987487793
-0.11921150982379913 0.003184556495398283 0.9928637742996216 40.727962493896484 0.08971809595823288 0.9959383606910706 0.007577885873615742 -0.9181962013244629 -0.9888070225715637 0.08998121321201324 -0.11901304125785828 21.435213088989258
-0.12444407492876053 0.004863717593252659 0.9922146797180176 42.052364349365234 0.09106926620006561 0.995823085308075 0.006540551315993071 -0.9111453890800476 -0.9880384206771851 0.09117422252893448 -0.12436720728874207 21.27590560913086
-0.12905219197273254 0.006388380192220211 0.9916172027587891 43.388702392578125 0.08992084860801697 0.9959349036216736 0.0052863843739032745 -0.9053449034690857 -0.9875524044036865 0.08984927833080292 -0.12910203635692596 21.107624053955078
-0.1333455592393875 0.006789392791688442 0.9910463094711304 44.756134033203125 0.09058933705091476 0.9958738684654236 0.005366357043385506 -0.9048764109611511 -0.9869207143783569 0.09049380570650101 -0.13341042399406433 20.935222625732422
-0.13650473952293396 0.006276572588831186 0.9906195402145386 46.15793228149414 0.09032860398292542 0.995893120765686 0.006137058138847351 -0.8970262408256531 -0.9865126013755798 0.09031902253627777 -0.13651110231876373 20.756847381591797
-0.139394611120224 0.004357391502708197 0.9902273416519165 47.59286880493164 0.09129460155963898 0.9957879185676575 0.008469711989164352 -0.8961019515991211 -0.986019492149353 0.09158305078744888 -0.13920526206493378 20.55875015258789
-0.1406717300415039 0.0029969520401209593 0.9900516867637634 49.019832611083984 0.09098850190639496 0.9958025813102722 0.009913764894008636 -0.8847274780273438 -0.985866367816925 0.09147792309522629 -0.1403539776802063 20.33502960205078
-0.14278845489025116 0.0034585290122777224 0.989747166633606 50.453330993652344 0.09358374774456024 0.995560884475708 0.010022259317338467 -0.8802374601364136 -0.9853189587593079 0.09405531734228134 -0.14247828722000122 20.13996696472168
-0.14413931965827942 0.004125463310629129 0.9895487427711487 51.9236946105957 0.09353071451187134 0.9955713152885437 0.009473270736634731 -0.8555460572242737 -0.985127329826355 0.09391868859529495 -0.14388681948184967 19.915664672851562
-0.1449545919895172 0.005490338895469904 0.9894230961799622 53.39369583129883 0.09569378942251205 0.9953745603561401 0.008496176451444626 -0.8440399169921875 -0.9847999215126038 0.09591321647167206 -0.1448095142841339 19.708477020263672
-0.14452619850635529 0.005554204806685448 0.9894853234291077 54.883277893066406 0.09531629830598831 0.9954121708869934 0.008334610611200333 -0.835968554019928 -0.9848994612693787 0.09551865607500076 -0.14439253509044647 19.480226516723633
-0.14409518241882324 0.006997651886194944 0.9895390868186951 56.40100860595703 0.09517127275466919 0.9954375624656677 0.006819332484155893 -0.828954815864563 -0.9849766492843628 0.09515833109617233 -0.14410370588302612 19.267822265625
-0.14260677993297577 0.0072397454641759396 0.989753007888794 57.93354797363281 0.09582222998142242 0.9953771829605103 0.006525490432977676 -0.817048192024231 -0.9851301312446594 0.09577091038227081 -0.14264124631881714 19.043718338012695
-0.1410418152809143 0.005611112341284752 0.9899877309799194 59.499019622802734 0.09508542716503143 0.995437741279602 0.007904654368758202 -0.819512665271759 -0.9854267835617065 0.09524831175804138 -0.1409318894147873 18.8131103515625
-0.13991662859916687 0.006403643172234297 0.9901425838470459 61.083316802978516 0.0959501564502716 0.9953606724739075 0.0071212900802493095 -0.8111192584037781 -0.9855033755302429 0.09600073844194412 -0.13988196849822998 18.59265899658203
-0.13920143246650696 0.007047838997095823 0.9902389645576477 62.6788330078125 0.09569598734378815 0.9953902363777161 0.006367825902998447 -0.8029748201370239 -0.9856293201446533 0.09564831852912903 -0.13923420011997223 18.381406784057617
-0.13801777362823486 0.007441327907145023 0.9904018044471741 64.28340148925781 0.09682412445545197 0.9952834248542786 0.006014951039105654 -0.8027033805847168 -0.9856855869293213 0.0967249646782875 -0.13808728754520416 18.15463638305664
-0.13696163892745972 0.007422615773975849 0.9905484914779663 65.9009017944336 0.09637916833162308 0.9953274130821228 0.005867770407348871 -0.7943478226661682 -0.9858765602111816 0.09627187997102737 -0.1370370239019394 17.92755699157715
-0.13588349521160126 0.006024390459060669 0.9907064437866211 67.55546569824219 0.09838677197694778 0.9951204657554626 0.007443319074809551 -0.785120964050293 -0.9858274459838867 0.0984838455915451 -0.1358131468296051 17.695453643798828
-0.13557559251785278 0.004437916446477175 0.9907569885253906 69.25079345703125 0.10075914114713669 0.9948670864105225 0.009331596083939075 -0.7766954302787781 -0.9856300950050354 0.10109297186136246 -0.13532686233520508 17.462657928466797
-0.13419462740421295 0.005421415437012911 0.9909401535987854 70.93477630615234 0.10232874006032944 0.9947150349617004 0.008415446616709232 -0.7729763984680176 -0.9856574535369873 0.10253096371889114 -0.13404019176959991 17.224163055419922
-0.13370557129383087 0.007580033503472805 0.9909921288490295 72.62879943847656 0.1044083759188652 0.9945133924484253 0.006479907780885696 -0.7578566074371338 -0.9855058193206787 0.104334257543087 -0.13376343250274658 16.992414474487305
-0.13222911953926086 0.007515633478760719 0.9911906123161316 74.3322982788086 0.10360762476921082 0.994598388671875 0.006280231289565563 -0.750990092754364 -0.9857894778251648 0.1035253256559372 -0.13229355216026306 16.756484985351562
-0.13261480629444122 0.007131882943212986 0.9911419749259949 76.07727813720703 0.10409799218177795 0.9945439696311951 0.006771949119865894 -0.7503254413604736 -0.9856860041618347 0.10407393425703049 -0.13263367116451263 16.52509307861328
-0.13210958242416382 0.006169881206005812 0.9912159442901611 77.80651092529297 0.10402383655309677 0.9945452213287354 0.007673728745430708 -0.7436219453811646 -0.9857617020606995 0.10412386804819107 -0.13203077018260956 16.289752960205078
-0.13209684193134308 0.006420864723622799 0.9912160038948059 79.52972412109375 0.10541316121816635 0.9943994283676147 0.0076066586188972 -0.7383084297180176 -0.9856157898902893 0.10549202561378479 -0.13203386962413788 16.06778335571289
-0.13198420405387878 0.0064485277980566025 0.991230845451355 81.31075286865234 0.10645852982997894 0.9942872524261475 0.007706738542765379 -0.7262963056564331 -0.9855185151100159 0.10654214769601822 -0.13191671669483185 15.827235221862793
-0.13202369213104248 0.00746194226667285 0.9912184476852417 83.07247161865234 0.10673800855875015 0.9942643046379089 0.006731925066560507 -0.7198179960250854 -0.985482931137085 0.10668947547674179 -0.13206294178962708 15.590544700622559
-0.13240937888622284 0.008351244032382965 0.9911599159240723 84.87067413330078 0.10639014840126038 0.9943073391914368 0.005834929179400206 -0.7142168283462524 -0.985468864440918 0.1062222570180893 -0.13254408538341522 15.339431762695312
-0.1335320919752121 0.00905244704335928 0.9910030961036682 86.6634750366211 0.10579822957515717 0.99437415599823 0.005172474309802055 -0.7181797027587891 -0.9853811264038086 0.10553707182407379 -0.13373857736587524 15.101454734802246
-0.13510452210903168 0.009544066153466702 0.9907853603363037 88.46479034423828 0.10490410774946213 0.9944711327552795 0.0047252667136490345 -0.7202333211898804 -0.9852622747421265 0.10457586497068405 -0.1353587657213211 14.868084907531738
-0.13597515225410461 0.008629504591226578 0.9906746745109558 90.28205108642578 0.10396969318389893 0.9945646524429321 0.00560698052868247 -0.722835898399353 -0.9852416515350342 0.10376254469156265 -0.1361333280801773 14.62283706665039
-0.13686466217041016 0.008434319868683815 0.9905538558959961 92.12005615234375 0.10414362698793411 0.9945445656776428 0.005921211559325457 -0.720872163772583 -0.9851000308990479 0.10397027432918549 -0.13699643313884735 14.372185707092285
-0.13727037608623505 0.0073732491582632065 0.9905061721801758 93.97876739501953 0.10158693790435791 0.9948042035102844 0.006673293653875589 -0.7193286418914795 -0.9853105545043945 0.1015385240316391 -0.13730618357658386 14.115063667297363
-0.139267697930336 0.008185841143131256 0.9902210235595703 95.81257629394531 0.10137390345335007 0.9948300719261169 0.006033597979694605 -0.7204844951629639 -0.985052227973938 0.10122285783290863 -0.13937756419181824 13.869507789611816
-0.14148396253585815 0.009076163172721863 0.9898989200592041 97.68699645996094 0.10065367817878723 0.9949076175689697 0.005264108534902334 -0.7162196636199951 -0.9848101735115051 0.1003817543387413 -0.14167702198028564 13.594223976135254
-0.14561718702316284 0.009999613277614117 0.9892904758453369 99.56309509277344 0.1009817123413086 0.9948766827583313 0.0048077828250825405 -0.7114065885543823 -0.9841739535331726 0.10060032457113266 -0.14588095247745514 13.319293022155762
-0.15033888816833496 0.008952828124165535 0.988594114780426 101.44190979003906 0.09893938899040222 0.9950751662254333 0.006034529767930508 -0.7126869559288025 -0.9836713075637817 0.09871811419725418 -0.15048429369926453 13.04361629486084
-0.15505333244800568 0.008388507179915905 0.987870454788208 103.34122467041016 0.09760131686925888 0.9952018857002258 0.006868466734886169 -0.7098354697227478 -0.9830729365348816 0.09748243540525436 -0.1551281213760376 12.752400398254395
-0.15954791009426117 0.009049070067703724 0.987148642539978 105.25202178955078 0.0963541716337204 0.9953261613845825 0.0064492132514715195 -0.7135719656944275 -0.9824765920639038 0.09614485502243042 -0.15967413783073425 12.44586181640625
-0.16383272409439087 0.010833986103534698 0.9864286184310913 107.16336059570312 0.09695903956890106 0.9952749609947205 0.00517246313393116 -0.7127311825752258 -0.9817116856575012 0.09649059176445007 -0.1641090214252472 12.123531341552734
-0.16868625581264496 0.012607747688889503 0.9855891466140747 109.08580017089844 0.09663332253694534 0.9953127503395081 0.003806923981755972 -0.7187258005142212 -0.9809213876724243 0.09588292241096497 -0.16911394894123077 11.807846069335938
-0.17322994768619537 0.01262450311332941 0.9848005175590515 111.01841735839844 0.09543002396821976 0.9954279661178589 0.004025744274258614 -0.72585129737854 -0.9802471399307251 0.0946769118309021 -0.17364269495010376 11.47022819519043
-0.1781296730041504 0.012458747252821922 0.9839280843734741 112.96790313720703 0.09372399747371674 0.9955886602401733 0.004361331462860107 -0.7299162149429321 -0.9795333743095398 0.0929945781826973 -0.17851153016090393 11.126611709594727
-0.18290306627750397 0.012053877115249634 0.9830570816993713 114.93556213378906 0.09176115691661835 0.9957690834999084 0.004862909205257893 -0.7285633087158203 -0.9788392782211304 0.09109588712453842 -0.1832353174686432 10.763099670410156
-0.1885712742805481 0.01133646909147501 0.9819940328598022 116.86827087402344 0.09104887396097183 0.9958284497261047 0.005987841170281172 -0.7325289249420166 -0.97782963514328 0.09053858369588852 -0.18881681561470032 10.40682601928711
-0.19384048879146576 0.011293948628008366 0.9809679985046387 118.85240173339844 0.09164067357778549 0.9957700371742249 0.006643947213888168 -0.73321533203125 -0.9767434000968933 0.09118443727493286 -0.19405552744865417 10.014472961425781
-0.19909711182117462 0.012699050828814507 0.9798974990844727 120.7841796875 0.09226585924625397 0.9957172870635986 0.0058426521718502045 -0.7354432940483093 -0.9756266474723816 0.09157431870698929 -0.1994161456823349 9.63041877746582
-0.20462091267108917 0.013647105544805527 0.978746235370636 122.74519348144531 0.09180556982755661 0.9957627654075623 0.005308892577886581 -0.7400198578834534 -0.974526584148407 0.09094065427780151 -0.20500679314136505 9.230527877807617
-0.21059127151966095 0.013955146074295044 0.977474570274353 124.72998046875 0.09214772284030914 0.9957293272018433 0.005636929534375668 -0.7281793355941772 -0.9732215404510498 0.09125913679599762 -0.21097785234451294 8.820451736450195
-0.2161201536655426 0.013706692494452 0.9762705564498901 126.70956420898438 0.09102345257997513 0.9958296418190002 0.006168856285512447 -0.7297846078872681 -0.9721145629882812 0.09019674360752106 -0.21646647155284882 8.391130447387695
-0.22119398415088654 0.01458078995347023 0.9751208424568176 128.6950225830078 0.09040073305368423 0.9958897829055786 0.005614938214421272 -0.7277342081069946 -0.9710308313369751 0.08939363807439804 -0.2216029018163681 7.943151473999023
-0.2265213280916214 0.01515269186347723 0.9738883376121521 130.69619750976562 0.08964156359434128 0.9959598183631897 0.005354064051061869 -0.7298775315284729 -0.9698723554611206 0.08851369470357895 -0.22696444392204285 7.492609024047852
-0.2308778315782547 0.014663144946098328 0.9728721976280212 132.69293212890625 0.09076129645109177 0.9958512783050537 0.006529598496854305 -0.7248750329017639 -0.9687402844429016 0.0898066908121109 -0.2312508523464203 7.021587371826172
-0.2345653623342514 0.014856427907943726 0.9719867706298828 134.70191955566406 0.09326443821191788 0.9956146478652954 0.007289529778063297 -0.7153975367546082 -0.9676160216331482 0.09236167371273041 -0.23492230474948883 6.532829284667969
-0.23803174495697021 0.015634039416909218 0.9711315035820007 136.71005249023438 0.0946381539106369 0.9954859018325806 0.007170417811721563 -0.715786337852478 -0.9666356444358826 0.09361287951469421 -0.23843686282634735 6.042179107666016
-0.2411043643951416 0.01627396233379841 0.9703627228736877 138.71839904785156 0.09524458646774292 0.9954296350479126 0.006970896385610104 -0.7187323570251465 -0.9658142328262329 0.09410252422094345 -0.24155238270759583 5.547557830810547
-0.24469590187072754 0.01645207218825817 0.9694603085517883 140.75860595703125 0.0946170762181282 0.995489239692688 0.00698796147480607 -0.7160682082176208 -0.9649722576141357 0.09343742579221725 -0.24514879286289215 5.0452423095703125
-0.2482742816209793 0.016749629750847816 0.9685449600219727 142.7722930908203 0.0929759293794632 0.9956463575363159 0.006614903453737497 -0.7192323803901672 -0.9642174243927002 0.0916936844587326 -0.2487507164478302 4.529232025146484
-0.25298789143562317 0.0176877249032259 0.9673078060150146 144.79920959472656 0.09248778969049454 0.9956958889961243 0.005982276517897844 -0.7240412831306458 -0.9630385041236877 0.09097761660814285 -0.2535349130630493 4.0083465576171875
-0.25760674476623535 0.01683376543223858 0.966103196144104 146.8317108154297 0.09074067324399948 0.9958510398864746 0.0068434556014835835 -0.7269175052642822 -0.9619796872138977 0.08942777663469315 -0.25806546211242676 3.483806610107422
-0.26214754581451416 0.01717882789671421 0.9648748636245728 148.8600616455078 0.09097602218389511 0.9958285093307495 0.006987404078245163 -0.7290419936180115 -0.9607298970222473 0.0896121934056282 -0.2626168429851532 2.937896728515625
-0.2670140564441681 0.017217935994267464 0.9635388255119324 150.91502380371094 0.09016092866659164 0.9959012269973755 0.007188993971794844 -0.7351008653640747 -0.959465742111206 0.08879312872886658 -0.2674720287322998 2.381694793701172
-0.2719797194004059 0.01752650924026966 0.9621433615684509 152.96617126464844 0.08975885063409805 0.9959372878074646 0.00723102455958724 -0.7334258556365967 -0.9581077098846436 0.0883275717496872 -0.2724479138851166 1.8177680969238281
-0.27647584676742554 0.016923457384109497 0.9608718156814575 155.00711059570312 0.08972912281751633 0.9959318041801453 0.008277200162410736 -0.7364451885223389 -0.9568227529525757 0.08850664645433426 -0.2768695652484894 1.2401542663574219
-0.28130143880844116 0.016904814168810844 0.9594705104827881 157.0667724609375 0.090123750269413 0.9958910346031189 0.008876349776983261 -0.7354027032852173 -0.9553780555725098 0.08896800875663757 -0.28166913986206055 0.6561393737792969
-0.2857702970504761 0.017669403925538063 0.958135187625885 159.14503479003906 0.09087610244750977 0.995823860168457 0.00873997900635004 -0.7347644567489624 -0.9539794921875 0.08956920355558395 -0.2861826419830322 0.052661895751953125
-0.2895292341709137 0.019043268635869026 0.9569796323776245 161.21035766601562 0.09126050025224686 0.9957965612411499 0.007794700097292662 -0.7290482521057129 -0.952808678150177 0.08959123492240906 -0.2900501489639282 -0.5635337829589844
-0.29326680302619934 0.020335566252470016 0.9558143615722656 163.27455139160156 0.09095342457294464 0.9958325028419495 0.006719714961946011 -0.7340648174285889 -0.9516943097114563 0.08890525996685028 -0.2938942015171051 -1.1868667602539062
-0.29719242453575134 0.02169630490243435 0.9545710682868958 165.37010192871094 0.0918436199426651 0.9957556128501892 0.005961855407804251 -0.7346543073654175 -0.9503901600837708 0.08944308012723923 -0.2979236841201782 -1.8221282958984375
-0.30089282989501953 0.02229309268295765 0.9533973336219788 167.4571533203125 0.09114517271518707 0.995822548866272 0.005480373278260231 -0.737808108329773 -0.9492925405502319 0.08854658156633377 -0.30166780948638916 -2.469280242919922
-0.30469027161598206 0.022314388304948807 0.9521900415420532 169.5585174560547 0.09150025993585587 0.9957873225212097 0.005942990072071552 -0.7433657050132751 -0.9480461478233337 0.08893641084432602 -0.3054484724998474 -3.128032684326172
-0.30887824296951294 0.022549301385879517 0.9508342742919922 171.64108276367188 0.0910533145070076 0.9958281517028809 0.0059623029083013535 -0.7445799708366394 -0.9467330574989319 0.08841823786497116 -0.30964282155036926 -3.7851943969726562
-0.3128069341182709 0.02372097223997116 0.9495204091072083 173.74246215820312 0.09353529661893845 0.9955982565879822 0.00594187481328845 -0.7447623610496521 -0.9451999664306641 0.09067235887050629 -0.3136487305164337 -4.474658966064453
-0.31581658124923706 0.02389693260192871 0.9485192894935608 175.83352661132812 0.0954408347606659 0.9954125881195068 0.006699373014271259 -0.7481235265731812 -0.944007933139801 0.09264324605464935 -0.31664854288101196 -5.175453186035156
-0.31825172901153564 0.02361726388335228 0.9477119445800781 177.89553833007812 0.09658689051866531 0.9952952265739441 0.007631845772266388 -0.7507853507995605 -0.9430730938911438 0.09396539628505707 -0.31903553009033203 -5.867546081542969
-0.32096219062805176 0.023178258910775185 0.9468083381652832 179.98129272460938 0.09612027555704117 0.9953358173370361 0.008217945694923401 -0.7466294765472412 -0.9422019124031067 0.0936451330780983 -0.3216930329799652 -6.575126647949219
-0.32395413517951965 0.023776043206453323 0.9457738995552063 182.08912658691406 0.09536097943782806 0.9954133629798889 0.0076398649252951145 -0.7476515769958496 -0.9412544965744019 0.09266488999128342 -0.3247355818748474 -7.286590576171875
-0.32661083340644836 0.0261073037981987 0.9447982311248779 184.1923065185547 0.09521587193012238 0.9954419732093811 0.005408811382949352 -0.7468990087509155 -0.9403505921363831 0.09172634780406952 -0.32760801911354065 -8.011516571044922
-0.3299126625061035 0.02804199978709221 0.9435948729515076 186.31333923339844 0.09460156410932541 0.9955090880393982 0.003491102484986186 -0.7475677132606506 -0.9392592906951904 0.0904173031449318 -0.33108389377593994 -8.744312286376953
-0.3330415189266205 0.028748109936714172 0.942473828792572 188.4395751953125 0.09379898756742477 0.9955872893333435 0.0027774821501225233 -0.7633424401283264 -0.9382351040840149 0.0893281027674675 -0.3342684507369995 -9.490047454833984
-0.33691930770874023 0.029579609632492065 0.9410687685012817 190.60572814941406 0.09186359494924545 0.9957703351974487 0.0015898264246061444 -0.7707551717758179 -0.9370413422584534 0.08698561787605286 -0.3382115960121155 -10.245475769042969
-0.340080589056015 0.02993502840399742 0.9399197101593018 192.73898315429688 0.09269306063652039 0.9956929683685303 0.0018267682753503323 -0.7812619209289551 -0.9358168244361877 0.0877452939748764 -0.3413906991481781 -11.02767562866211
-0.3443150222301483 0.028949562460184097 0.9384076595306396 194.912109375 0.09216435998678207 0.9957389831542969 0.003098187269642949 -0.7905973196029663 -0.9343194961547852 0.08755450695753098 -0.3455159664154053 -11.80276870727539
-0.34789377450942993 0.028535321354866028 0.9370995163917542 197.06991577148438 0.0923125371336937 0.9957221746444702 0.00395016698166728 -0.7991316914558411 -0.9329782128334045 0.08788026869297028 -0.3490397036075592 -12.601276397705078
-0.35172897577285767 0.028784682974219322 0.9356592297554016 199.22279357910156 0.09252985566854477 0.995701253414154 0.0041516064666211605 -0.803451418876648 -0.9315175414085388 0.08803664892911911 -0.35288041830062866 -13.404953002929688
-0.3554045855998993 0.02907765842974186 0.9342601299285889 201.380126953125 0.0915856659412384 0.9957897067070007 0.0038476744666695595 -0.8046208024024963 -0.9302148222923279 0.08693233132362366 -0.3565713167190552 -14.211307525634766
-0.3592720925807953 0.029389221221208572 0.9327700138092041 203.54763793945312 0.09054184705018997 0.995886504650116 0.003495856188237667 -0.8208951354026794 -0.9288303256034851 0.08571069687604904 -0.360455185174942 -15.042156219482422
-0.36289381980895996 0.029962586238980293 0.9313486814498901 205.72409057617188 0.09022077918052673 0.9959169030189514 0.00311409798450768 -0.8323304653167725 -0.9274526834487915 0.08515708148479462 -0.36411532759666443 -15.869670867919922
-0.36561721563339233 0.030576052144169807 0.9302629232406616 207.8230743408203 0.09177368134260178 0.9957742691040039 0.003340125549584627 -0.8537940382957458 -0.92622971534729 0.08659488707780838 -0.36687833070755005 -16.69249725341797
-0.36822786927223206 0.03034350834786892 0.9292402267456055 209.97019958496094 0.09261958301067352 0.9956926703453064 0.0041886866092681885 -0.8672693967819214 -0.9251106381416321 0.08760824054479599 -0.3694521486759186 -17.540794372558594
-0.3712606728076935 0.029987454414367676 0.9280442595481873 212.14491271972656 0.09419283270835876 0.9955387115478516 0.005513124167919159 -0.8764808177947998 -0.9237386584281921 0.08946192264556885 -0.3724290430545807 -18.410877227783203
-0.3740910589694977 0.03074701316654682 0.9268821477890015 214.32713317871094 0.09518733620643616 0.9954447746276855 0.005396347492933273 -0.8853702545166016 -0.9224939942359924 0.09024617075920105 -0.37531375885009766 -19.28754425048828
-0.37712445855140686 0.03159087896347046 0.9256236553192139 216.5169219970703 0.09538071602582932 0.9954288601875305 0.004887445364147425 -0.8962328433990479 -0.921238124370575 0.09012983739376068 -0.37841373682022095 -20.17235565185547
-0.37971705198287964 0.031714074313640594 0.9245589375495911 218.69322204589844 0.09459260106086731 0.9955049753189087 0.004701592028141022 -0.9070698618888855 -0.9202540516853333 0.08924171328544617 -0.3810100555419922 -21.0599365234375
-0.3826988935470581 0.03276835381984711 0.923291802406311 220.86318969726562 0.09412046521902084 0.9955541491508484 0.003679378656670451 -0.9240435361862183 -0.919066309928894 0.08830875903367996 -0.3840816617012024 -21.95278549194336
-0.3853691816329956 0.0341634564101696 0.9221299290657043 223.04437255859375 0.09394896775484085 0.9955741763114929 0.002377961063757539 -0.9332150220870972 -0.9179673790931702 0.08754952251911163 -0.386873334646225 -22.860973358154297
-0.38805490732192993 0.03399082273244858 0.9210091829299927 225.2213134765625 0.09177598357200623 0.9957778453826904 0.001918350113555789 -0.9513667225837708 -0.9170553684234619 0.0852709412574768 -0.3895360827445984 -23.766536712646484
-0.39125269651412964 0.0351710170507431 0.9196109771728516 227.38987731933594 0.09279271215200424 0.9956843256950378 0.001398597494699061 -0.966161847114563 -0.915593147277832 0.08588040620088577 -0.3928278684616089 -24.677749633789062
-0.39383819699287415 0.0347430482506752 0.9185229539871216 229.53790283203125 0.09429291635751724 0.9955405592918396 0.0027740439400076866 -0.9883987903594971 -0.9143305420875549 0.08770272880792618 -0.3953579366207123 -25.59990692138672
-0.3967588543891907 0.03375677019357681 0.9173019528388977 231.7056121826172 0.09455569088459015 0.995510458946228 0.004263137932866812 -1.006164789199829 -0.9130398035049438 0.08842754364013672 -0.39816948771476746 -26.52838134765625
-0.3998246192932129 0.0335274301469326 0.9159782528877258 233.83999633789062 0.09368567913770676 0.9955918788909912 0.004452292807400227 -1.0144555568695068 -0.9117912650108337 0.0875941812992096 -0.4012031853199005 -27.457901000976562
-0.40295538306236267 0.033362120389938354 0.9146113395690918 235.97784423828125 0.09217625856399536 0.995733380317688 0.004289417061954737 -1.0347652435302734 -0.910565972328186 0.0860339105129242 -0.4043113589286804 -28.391006469726562
-0.4065213203430176 0.032853659242391586 0.9130504131317139 238.15859985351562 0.09058940410614014 0.9958781599998474 0.004499521572142839 -1.0451046228408813 -0.9091391563415527 0.08454184234142303 -0.4078218936920166 -29.349716186523438
-0.41045472025871277 0.031945645809173584 0.9113213419914246 240.322998046875 0.08940033614635468 0.9959813952445984 0.005352137144654989 -1.0609914064407349 -0.9074880480766296 0.08366923779249191 -0.4116612374782562 -30.302749633789062
-0.414106160402298 0.03248448669910431 0.9096487760543823 242.4697723388672 0.08932846784591675 0.995989203453064 0.005097856279462576 -1.0731744766235352 -0.9058347344398499 0.08336855471134186 -0.41534703969955444 -31.272705078125
-0.418064683675766 0.03234484791755676 0.9078412055969238 244.62188720703125 0.08903655409812927 0.9960131049156189 0.005515451077371836 -1.0850579738616943 -0.9040433168411255 0.08313687890768051 -0.4192778170108795 -32.250640869140625
-0.422335147857666 0.031550873070955276 0.9058904647827148 246.78334045410156 0.08750627934932709 0.9961453080177307 0.006101974751800299 -1.0979801416397095 -0.9022059440612793 0.08184818923473358 -0.42346808314323425 -33.233062744140625
-0.425993412733078 0.03199048712849617 0.9041604995727539 248.89984130859375 0.08708695322275162 0.9961839318275452 0.005784444510936737 -1.102452039718628 -0.9005250930786133 0.08120471239089966 -0.4271538257598877 -34.220497131347656
-0.42938846349716187 0.03288998082280159 0.9025207161903381 251.04859924316406 0.08732668310403824 0.996165931224823 0.005244415253400803 -1.1174383163452148 -0.8988879919052124 0.08106603473424911 -0.4306143522262573 -35.231529235839844
-0.43316176533699036 0.03300347179174423 0.9007117748260498 253.13612365722656 0.08749276399612427 0.9961495399475098 0.005575737915933132 -1.1397043466567993 -0.8970596194267273 0.08122097700834274 -0.4343814551830292 -36.216209411621094
-0.437081903219223 0.0328981913626194 0.8988198637962341 255.25936889648438 0.08735323697328568 0.9961592555046082 0.006017526611685753 -1.1513853073120117 -0.895169734954834 0.08114495873451233 -0.4382769465446472 -37.23139190673828
-0.44031277298927307 0.033334940671920776 0.8972253203392029 257.3187255859375 0.08632078766822815 0.9962530136108398 0.005347723141312599 -1.1679667234420776 -0.8936852216720581 0.07980387657880783 -0.4415404498577118 -38.237091064453125
-0.44396960735321045 0.034092698246240616 0.8953930139541626 259.4734191894531 0.08700226247310638 0.9961944818496704 0.0052082231268286705 -1.166343331336975 -0.891808032989502 0.0802135095000267 -0.44524627923965454 -39.29246520996094
-0.4473913609981537 0.03474979102611542 0.8936629295349121 261.5999755859375 0.08744388818740845 0.9961566925048828 0.005041487980633974 -1.168333888053894 -0.8900531530380249 0.08040086925029755 -0.44871047139167786 -40.35712432861328
-0.4509582221508026 0.03594532608985901 0.8918209671974182 263.72418212890625 0.08868275582790375 0.9960488677024841 0.004697034135460854 -1.1742393970489502 -0.888128399848938 0.08120731264352798 -0.45236408710479736 -41.41673278808594
-0.4546352028846741 0.03831224516034126 0.8898533582687378 265.8616027832031 0.09116921573877335 0.9958285093307495 0.0037043322809040546 -1.18116295337677 -0.8859994411468506 0.08281134814023972 -0.45623165369033813 -42.504364013671875
-0.4579443633556366 0.03878901153802872 0.8881341814994812 267.99200439453125 0.09227164834737778 0.9957255721092224 0.004089574795216322 -1.1952235698699951 -0.8841792345046997 0.08382242172956467 -0.45956605672836304 -43.594520568847656
-0.4606514275074005 0.041232816874980927 0.8866229057312012 270.11309814453125 0.0944531038403511 0.9955254197120667 0.0027764211408793926 -1.197760820388794 -0.8825411796569824 0.08502324670553207 -0.46248477697372437 -44.700523376464844
-0.46353328227996826 0.043533630669116974 0.8850094079971313 272.22369384765625 0.09628088772296906 0.995353102684021 0.0014667230425402522 -1.2199617624282837 -0.8808329701423645 0.08588936179876328 -0.4655708074569702 -45.776283264160156
