1.0 0.0 0.0 0.0 0.0 1.0 0.0 0.0 0.0 0.0 1.0 0.0
0.9990519881248474 -0.0004341242602095008 0.04353126510977745 0.05551741272211075 0.0005357216577976942 0.999997079372406 -0.002322258660569787 -0.020981188863515854 -0.04353012517094612 0.0023433773312717676 0.9990493655204773 1.0417320728302002
0.996029257774353 -0.004417582415044308 0.08891656249761581 0.1392667144536972 0.005097576882690191 0.9999594688415527 -0.007421930320560932 -0.03699009120464325 -0.08888018131256104 0.00784571934491396 0.9960113763809204 2.080376386642456
0.9908707141876221 -0.0038232191000133753 0.1347608119249344 0.2705940306186676 0.005442967172712088 0.9999172687530518 -0.011653049848973751 -0.057655610144138336 -0.13470511138439178 0.01228016521781683 0.9908096194267273 3.0894241333007812
0.9835357666015625 -0.0011692139087244868 0.18070930242538452 0.4534774422645569 0.0036601226311177015 0.9999027848243713 -0.0134512260556221 -0.09905151277780533 -0.18067598342895508 0.013891180977225304 0.9834445118904114 4.115218162536621
0.9740281701087952 -0.0037838274147361517 0.22639527916908264 0.6908866763114929 0.006993211340159178 0.9998860359191895 -0.013375673443078995 -0.13017487525939941 -0.2263188511133194 0.014611511491239071 0.9739436507225037 5.117470741271973
0.9623474478721619 -0.004185290541499853 0.2717900574207306 0.9639967679977417 0.008518119342625141 0.9998547434806824 -0.014763996005058289 -0.15835793316364288 -0.2716887593269348 0.01652323640882969 0.9622433185577393 6.13065242767334
0.9488133788108826 -0.0069152312353253365 0.3157615065574646 1.2922459840774536 0.013036655262112617 0.9997656941413879 -0.017278045415878296 -0.19412939250469208 -0.31556805968284607 0.0205101128667593 0.9486812353134155 7.1126861572265625
0.9336397051811218 -0.008534399792551994 0.358112096786499 1.6673532724380493 0.016488440334796906 0.9996803402900696 -0.0191632229834795 -0.22573868930339813 -0.35783419013023376 0.02379625104367733 0.9334818720817566 8.079733848571777
0.9164522886276245 -0.008832486346364021 0.4000464379787445 2.081773519515991 0.018354015424847603 0.999631941318512 -0.01997603476047516 -0.2592834532260895 -0.39972275495529175 0.025649543851614 0.9162771701812744 9.002044677734375
0.8968750238418579 -0.009066855534911156 0.44219115376472473 2.526355028152466 0.019185619428753853 0.9996463060379028 -0.018416132777929306 -0.29590457677841187 -0.44186776876449585 0.02500067837536335 0.8967317938804626 9.906363487243652
0.8751213550567627 -0.009081247262656689 0.48381829261779785 3.024061918258667 0.02004079706966877 0.9996463656425476 -0.017486102879047394 -0.3352997899055481 -0.4834883511066437 0.024998566135764122 0.8749937415122986 10.798602104187012
0.8513948917388916 -0.009509922936558723 0.5244391560554504 3.559049129486084 0.02117430977523327 0.9996437430381775 -0.01624813862144947 -0.3730774521827698 -0.5240978598594666 0.02493821643292904 0.8512927889823914 11.676727294921875
0.8258122801780701 -0.010027344338595867 0.5638559460639954 4.138646602630615 0.023200251162052155 0.9995995163917542 -0.016202230006456375 -0.40944936871528625 -0.5634676814079285 0.02646159939467907 0.8257142305374146 12.496328353881836
0.7984400987625122 -0.011699195019900799 0.6019604802131653 4.7547430992126465 0.026573585346341133 0.9995216727256775 -0.015821335837244987 -0.4401981830596924 -0.6014874577522278 0.0286286398768425 0.7983691096305847 13.316595077514648
0.769650936126709 -0.010346622206270695 0.6383810639381409 5.398257732391357 0.02684740163385868 0.999508798122406 -0.01616837829351425 -0.47616568207740784 -0.6379001140594482 0.029582878574728966 0.7695506811141968 14.09397029876709
0.7390150427818298 -0.013550106436014175 0.6735525727272034 6.073245525360107 0.03169110044836998 0.999390184879303 -0.014666054397821426 -0.5108955502510071 -0.6729430556297302 0.03218406066298485 0.738993763923645 14.829839706420898
0.7071272730827332 -0.012689836323261261 0.7069724202156067 6.804173946380615 0.0319155752658844 0.9993926882743835 -0.013983916491270065 -0.5393151044845581 -0.7063656449317932 0.03245184198021889 0.7071028351783752 15.548422813415527
0.6729496121406555 -0.011177431792020798 0.7396038770675659 7.55557918548584 0.03260243311524391 0.9993622899055481 -0.014561159536242485 -0.575219452381134 -0.7389694452285767 0.033911820501089096 0.6728848814964294 16.234968185424805
0.6375176310539246 -0.012887640856206417 0.7703279852867126 8.323127746582031 0.03764031082391739 0.9991870522499084 -0.01443436462432146 -0.6050716638565063 -0.7695157527923584 0.03819755092263222 0.6374844908714294 16.85860252380371
0.6005203723907471 -0.010697998106479645 0.7995378971099854 9.123546600341797 0.037391625344753265 0.9991923570632935 -0.014714842662215233 -0.6293114423751831 -0.798734724521637 0.038732584565877914 0.6004353761672974 17.468896865844727
0.5626775026321411 -0.00969664379954338 0.826619565486908 9.945917129516602 0.04078828915953636 0.9990389347076416 -0.016045261174440384 -0.6599505543708801 -0.8256695866584778 0.042744703590869904 0.5625323057174683 18.028440475463867
0.5234456658363342 -0.0077317035757005215 0.8520239591598511 10.801465034484863 0.044792573899030685 0.9988258481025696 -0.01845470443367958 -0.6870154738426208 -0.8508808612823486 0.047824375331401825 0.5231773853302002 18.561647415161133
0.48451167345046997 -0.006420328747481108 0.8747612237930298 11.666698455810547 0.04589662328362465 0.9987823367118835 -0.01809057965874672 -0.7096909880638123 -0.8735799789428711 0.04891367629170418 0.4842164218425751 19.04598045349121
0.44610723853111267 -0.008450381457805634 0.8949396014213562 12.539800643920898 0.05113624408841133 0.9985625147819519 -0.016061432659626007 -0.739047646522522 -0.8935173749923706 0.05292896926403046 0.4458981156349182 19.45812225341797
0.4090975224971771 -0.008990678936243057 0.9124463796615601 13.452759742736816 0.0548626072704792 0.9983848333358765 -0.014760321006178856 -0.7640395760536194 -0.9108397960662842 0.056097596883773804 0.4089300334453583 19.853254318237305
0.37400978803634644 -0.006614954210817814 0.9274013042449951 14.391636848449707 0.05671887472271919 0.9982659220695496 -0.015753626823425293 -0.789924681186676 -0.9256887435913086 0.05849315971136093 0.3737364411354065 20.222209930419922
0.34046751260757446 -0.007516233716160059 0.9402262568473816 15.34395980834961 0.05702870339155197 0.9982921481132507 -0.012670380063354969 -0.8126547932624817 -0.9385251402854919 0.057933736592531204 0.340314656496048 20.56940460205078
0.3073190152645111 -0.00894700177013874 0.9515644907951355 16.344200134277344 0.059628259390592575 0.9981718063354492 -0.009872427210211754 -0.8332684636116028 -0.9497365355491638 0.05977411940693855 0.30729061365127563 20.88434410095215
0.2746618390083313 -0.008808357641100883 0.9615005254745483 17.33708953857422 0.06010453775525093 0.9981599450111389 -0.00802523735910654 -0.8518811464309692 -0.959660530090332 0.05999477580189705 0.2746857702732086 21.164844512939453
0.24253572523593903 -0.006008175667375326 0.9701238870620728 18.339988708496094 0.05748646706342697 0.9983127117156982 -0.008189144544303417 -0.8746426701545715 -0.9684377908706665 0.05775515362620354 0.24247190356254578 21.418811798095703
0.21154248714447021 -0.004423345904797316 0.9773588180541992 19.373632431030273 0.05733242630958557 0.998323917388916 -0.007890974171459675 -0.8890374302864075 -0.9756857752799988 0.05770362168550491 0.21144156157970428 21.646608352661133
0.18125057220458984 -0.004369528964161873 0.9834272265434265 20.40607452392578 0.05925527587532997 0.9982218146324158 -0.006485781632363796 -0.9094595909118652 -0.981650173664093 0.05944880470633507 0.1811871975660324 21.83575439453125
0.15063230693340302 -0.004411333240568638 0.9885799884796143 21.464265823364258 0.06094364821910858 0.9981294870376587 -0.004832183010876179 -0.9199606776237488 -0.9867095947265625 0.06097554787993431 0.15061938762664795 21.994508743286133
0.12005656212568283 -0.005079248920083046 0.9927539825439453 22.537904739379883 0.05931689962744713 0.9982370734214783 -0.002066059038043022 -0.9336653351783752 -0.9909933805465698 0.05913513898849487 0.12014620006084442 22.128347396850586
0.09092306345701218 -0.0055336481891572475 0.9958425164222717 23.626449584960938 0.059859491884708405 0.9982069134712219 8.145411993609741e-05 -0.9464679956436157 -0.9940572381019592 0.05960322916507721 0.09109126031398773 22.221633911132812
0.06393980979919434 -0.005183437839150429 0.9979403018951416 24.741863250732422 0.06275608390569687 0.9980281591415405 0.0011630005901679397 -0.9509493708610535 -0.995978593826294 0.06255245208740234 0.06413902342319489 22.282272338867188
0.03897742182016373 -0.004555615596473217 0.9992296695709229 25.86623764038086 0.06696528941392899 0.997753381729126 0.0019367386121302843 -0.9546524882316589 -0.9969936609268188 0.06683822721242905 0.039194926619529724 22.313091278076172
0.01614834927022457 -0.003951742313802242 0.9998617768287659 27.05235481262207 0.07123684883117676 0.9974555373191833 0.0027917155530303717 -0.9521685838699341 -0.9973286390304565 0.07118192315101624 0.016388772055506706 22.327980041503906
-0.004067232366651297 -0.004313172306865454 0.9999824166297913 28.21139144897461 0.07661502808332443 0.9970500469207764 0.004612141754478216 -0.957999050617218 -0.9970524311065674 0.07663243263959885 -0.0037247815635055304 22.32012939453125
-0.021393217146396637 -0.004630778916180134 0.9997603297233582 29.401268005371094 0.08138642460107803 0.9966623187065125 0.0063579631969332695 -0.9527247548103333 -0.9964529275894165 0.08150293678045273 -0.020944932475686073 22.27829360961914
-0.037121593952178955 -0.004472467117011547 0.9993006587028503 30.614662170410156 0.08437100797891617 0.9964054822921753 0.0075936876237392426 -0.950299084186554 -0.995742678642273 0.08459390699863434 -0.036610815674066544 22.22723960876465
-0.051058657467365265 -0.005273217335343361 0.9986816644668579 31.814498901367188 0.08667130768299103 0.9961898326873779 0.009691222570836544 -0.9512333869934082 -0.994927704334259 0.0870518684387207 -0.05040707439184189 22.158096313476562
-0.06393665075302124 -0.006235206034034491 0.9979344606399536 33.02031326293945 0.08681905269622803 0.9961543679237366 0.011786491610109806 -0.9453995823860168 -0.9941703081130981 0.08739329874515533 -0.06314943730831146 22.067626953125
-0.0760454460978508 -0.0060519385151565075 0.9970859885215759 34.229129791259766 0.08650807291269302 0.9961708784103394 0.012644155882298946 -0.9415873289108276 -0.9933445453643799 0.08721750974655151 -0.07523073256015778 21.97600746154785
-0.08703869581222534 -0.003231523558497429 0.9961996674537659 35.445308685302734 0.0865454450249672 0.9961893558502197 0.010793027468025684 -0.9359444975852966 -0.9924384951591492 0.08715594559907913 -0.08642735332250595 21.86865234375
-0.09693685173988342 0.00016017674352042377 0.9952905178070068 36.684898376464844 0.08688047528266907 0.9961841106414795 0.008301448076963425 -0.9280990362167358 -0.9914913177490234 0.08727601915597916 -0.0965808779001236 21.74424934387207
-0.10598892718553543 0.0025822650641202927 0.9943639636039734 37.943336486816406 0.08828254044055939 0.9960721135139465 0.006823307368904352 -0.9261223077774048 -0.9904405474662781 0.08850818127393723 -0.1058005839586258 21.60761070251465
-0.11362845450639725 0.0038693801034241915 0.9935157895088196 39.234493255615234 0.08829696476459503 0.996074914932251 0.006219182629138231 -0.9152459502220154 -0.9895918965339661 0.08843110501766205 -0.11352410167455673 21.469482421875
-0.11874717473983765 0.004678149241954088 0.9929134845733643 40.544551849365234 0.08809703588485718 0.9960947632789612 0.0058427974581718445 -0.9082139134407043 -0.9890086054801941 0.08816653490066528 -0.11869557201862335 21.304738998413086
-0.12335624545812607 0.006133347284048796 0.9923434853553772 41.87506866455078 0.08946380019187927 0.9959776997566223 0.0049652596935629845 -0.9059957265853882 -0.9883215427398682 0.0893913209438324 -0.12340879440307617 21.138553619384766
-0.12820830941200256 0.007594568654894829 0.9917181730270386 43.21672821044922 0.08830785006284714 0.9960859417915344 0.0037883296608924866 -0.9032472968101501 -0.9878078699111938 0.08806220442056656 -0.12837713956832886 20.97493553161621
-0.13245785236358643 0.008309274911880493 0.9911538362503052 44.5938720703125 0.08910775929689407 0.9960155487060547 0.003558333497494459 -0.9036808013916016 -0.9871751070022583 0.08879082649946213 -0.13267052173614502 20.797731399536133
-0.13610397279262543 0.007536216638982296 0.9906659126281738 46.0103759765625 0.08852580934762955 0.9960633516311646 0.004584962036460638 -0.8952958583831787 -0.9867314100265503 0.08832354843616486 -0.1362352967262268 20.623111724853516
-0.13842304050922394 0.005617938004434109 0.9903573393821716 47.43690490722656 0.08939401805400848 0.9959728121757507 0.006844878196716309 -0.8927087187767029 -0.986330509185791 0.0894794911146164 -0.13836778700351715 20.416540145874023
-0.14098872244358063 0.004212771076709032 0.9900021553039551 48.86979675292969 0.08923336118459702 0.9959746599197388 0.008469763211905956 -0.8916575908660889 -0.9859815239906311 0.08953537791967392 -0.14079712331295013 20.213016510009766
-0.14310383796691895 0.004992606118321419 0.9896950721740723 50.29615783691406 0.09189271926879883 0.9957346320152283 0.00826405081897974 -0.8864786624908447 -0.9854323863983154 0.09212840348482132 -0.14295223355293274 20.020957946777344
-0.14520016312599182 0.0044787051156163216 0.9893922805786133 51.76967239379883 0.09079939126968384 0.9958301186561584 0.008817596361041069 -0.8754327893257141 -0.9852270483970642 0.0911165326833725 -0.1450013816356659 19.820453643798828
-0.1457260698080063 0.0062683648429811 0.9893050789833069 53.24237060546875 0.0931476503610611 0.9956246614456177 0.007412377744913101 -0.8616542816162109 -0.9849300980567932 0.09323164075613022 -0.14567235112190247 19.60338592529297
-0.14656813442707062 0.006319548934698105 0.9891803860664368 54.75252151489258 0.09257505089044571 0.9956785440444946 0.007355902809649706 -0.8538373112678528 -0.9848592281341553 0.09265158325433731 -0.1465197503566742 19.390287399291992
-0.1462811529636383 0.008163927122950554 0.9892093539237976 56.248565673828125 0.09207586944103241 0.9957373738288879 0.00539808813482523 -0.8412339091300964 -0.9849485754966736 0.0918719470500946 -0.14640933275222778 19.17772674560547
-0.14537909626960754 0.008092952892184258 0.9893428683280945 57.78068542480469 0.0923510417342186 0.9957118034362793 0.005425481125712395 -0.8328723311424255 -0.9850564002990723 0.09215559810400009 -0.14550304412841797 18.96099281311035
-0.1439400017261505 0.006136787123978138 0.9895673990249634 59.351314544677734 0.091183602809906 0.9958088994026184 0.0070878444239497185 -0.8415658473968506 -0.9853764772415161 0.09125252813100815 -0.14389631152153015 18.72793197631836
-0.14292113482952118 0.006793180946260691 0.9897107481956482 60.94192886352539 0.09203927218914032 0.9957345724105835 0.006456590723246336 -0.8366813659667969 -0.9854452013969421 0.09201505780220032 -0.14293675124645233 18.496618270874023
-0.14193493127822876 0.007502023130655289 0.9898475408554077 62.52914047241211 0.09155501425266266 0.9957844018936157 0.005581120494753122 -0.8286060690879822 -0.9856328964233398 0.09141767770051956 -0.14202342927455902 18.278457641601562
-0.1405760794878006 0.007780017796903849 0.9900393486022949 64.13063049316406 0.09258319437503815 0.9956907033920288 0.005321495234966278 -0.8297008872032166 -0.9857316017150879 0.09240908175706863 -0.14069059491157532 18.04568862915039
-0.1396147608757019 0.007634100038558245 0.9901764392852783 65.7563247680664 0.09180419147014618 0.9957630634307861 0.005267208442091942 -0.8245413303375244 -0.9859410524368286 0.09163772314786911 -0.13972410559654236 17.817405700683594
-0.13839350640773773 0.005729334894567728 0.9903607964515686 67.40809631347656 0.09333588927984238 0.9956079721450806 0.007283115293830633 -0.8194631338119507 -0.9859694242477417 0.09344414621591568 -0.1383204460144043 17.580942153930664
-0.1387893110513687 0.00412058737128973 0.9903133511543274 69.10884857177734 0.0955844298005104 0.9953782558441162 0.009254195727407932 -0.8104962706565857 -0.9856982827186584 0.0959429070353508 -0.13854172825813293 17.34492301940918
-0.13734568655490875 0.005148702766746283 0.9905097484588623 70.79353332519531 0.0970204621553421 0.9952479600906372 0.008279682137072086 -0.8054869174957275 -0.9857602119445801 0.09723689407110214 -0.1371925324201584 17.10059356689453
-0.1371663510799408 0.007346540689468384 0.990520715713501 72.48207092285156 0.09895994514226913 0.9950713515281677 0.006323588080704212 -0.7921083569526672 -0.9855923652648926 0.09888926893472672 -0.13721731305122375 16.8723087310791
-0.13598798215389252 0.006719930097460747 0.9906876087188721 74.18553924560547 0.09796142578125 0.9951677322387695 0.006696481257677078 -0.7916184067726135 -0.9858554601669312 0.09795983135700226 -0.13598912954330444 16.635026931762695
-0.13609272241592407 0.006779805291444063 0.9906728267669678 75.93281555175781 0.09872595220804214 0.9950916767120361 0.006752334535121918 -0.7882687449455261 -0.9857646822929382 0.09872405976057053 -0.1360940784215927 16.393569946289062
-0.1359342485666275 0.00554755749180913 0.9907023310661316 77.66615295410156 0.09815840423107147 0.9951394200325012 0.007895909249782562 -0.783205509185791 -0.9858431816101074 0.09831906110048294 -0.13581807911396027 16.157264709472656
-0.13579519093036652 0.0056455424055457115 0.9907208681106567 79.38481140136719 0.09965994209051132 0.9949893951416016 0.007990223355591297 -0.7812157273292542 -0.9857116937637329 0.09982018917798996 -0.13567738234996796 15.927135467529297
-0.13558605313301086 0.005646641831845045 0.9907494783401489 81.15338897705078 0.10068901628255844 0.9948849081993103 0.00810928363353014 -0.7698808908462524 -0.9856359362602234 0.10085711628198624 -0.13546106219291687 15.681575775146484
-0.13569185137748718 0.00691964803263545 0.9907270669937134 82.91630554199219 0.10115084797143936 0.9948470592498779 0.006905386224389076 -0.7577074766159058 -0.9855740666389465 0.10114986449480057 -0.13569259643554688 15.438912391662598
-0.13625594973564148 0.0076017980463802814 0.9906445145606995 84.71764373779297 0.10073146969079971 0.9948942065238953 0.006220472510904074 -0.7564718723297119 -0.9855391979217529 0.10063665360212326 -0.13632600009441376 15.185531616210938
-0.13743019104003906 0.0082315718755126 0.9904773831367493 86.4967269897461 0.09995689243078232 0.9949759840965271 0.005600206553936005 -0.7582916617393494 -0.9854549765586853 0.09977468103170395 -0.13756254315376282 14.949724197387695
-0.13930431008338928 0.008766919374465942 0.9902108311653137 88.29515838623047 0.09881702810525894 0.9950925707817078 0.0050915819592773914 -0.7571079134941101 -0.9853067994117737 0.09855896234512329 -0.13948696851730347 14.720623016357422
-0.14008331298828125 0.007859954610466957 0.9901085495948792 90.10263061523438 0.09802373498678207 0.9951661825180054 0.005968566983938217 -0.7605867981910706 -0.9852756261825562 0.09789023548364639 -0.14017663896083832 14.470296859741211
-0.141085684299469 0.0076939803548157215 0.9899674654006958 91.93791961669922 0.09804923087358475 0.9951620101928711 0.006239175796508789 -0.7553721070289612 -0.9851300120353699 0.09794579446315765 -0.14115747809410095 14.218100547790527
-0.1416095793247223 0.006655242294073105 0.9899002313613892 93.78462219238281 0.09551951289176941 0.9954030513763428 0.006972246337682009 -0.753577709197998 -0.9853034019470215 0.09554211795330048 -0.14159435033798218 13.958924293518066
-0.14361681044101715 0.00749739957973361 0.9896049499511719 95.6063461303711 0.09531472623348236 0.9954273104667664 0.006291079800575972 -0.7535565495491028 -0.9850325584411621 0.09522745758295059 -0.14367470145225525 13.711141586303711
-0.14605997502803802 0.008482356555759907 0.9892393350601196 97.4762954711914 0.094422847032547 0.9955174922943115 0.005405226722359657 -0.7466962933540344 -0.9847592711448669 0.09419627487659454 -0.14620617032051086 13.43410873413086
-0.15010137856006622 0.009692943654954433 0.9886232018470764 99.34085845947266 0.09486398100852966 0.9954794049263 0.004642907530069351 -0.7372807860374451 -0.9841089248657227 0.09448160976171494 -0.15034236013889313 13.1552095413208
-0.154617577791214 0.0087119797244668 0.9879359602928162 101.219970703125 0.0929744616150856 0.9956517815589905 0.005771007854491472 -0.7387187480926514 -0.9835899472236633 0.0927451029419899 -0.15475526452064514 12.871326446533203
-0.15952233970165253 0.008104228414595127 0.9871610403060913 103.11134338378906 0.09145911037921906 0.9957869052886963 0.006604484748095274 -0.7378793358802795 -0.9829485416412354 0.09133844822645187 -0.1595914661884308 12.577345848083496
-0.16367298364639282 0.008579479530453682 0.9864773154258728 105.01419067382812 0.09030672907829285 0.9958939552307129 0.0063220118172466755 -0.7452253103256226 -0.9823725819587708 0.09012028574943542 -0.1637757271528244 12.258454322814941
-0.16794534027576447 0.010300815105438232 0.9857425093650818 106.9222640991211 0.09080851823091507 0.9958555102348328 0.0050649577751755714 -0.7453110218048096 -0.9816048741340637 0.09036444872617722 -0.16818468272686005 11.925283432006836
-0.1728430837392807 0.012048820964992046 0.9848756790161133 108.85014343261719 0.09045619517564774 0.9958935976028442 0.0036912113428115845 -0.7532202005386353 -0.9807868599891663 0.08972609788179398 -0.17322322726249695 11.599928855895996
-0.17729775607585907 0.012063905596733093 0.9840832948684692 110.79039764404297 0.08939781039953232 0.9959884881973267 0.003896540030837059 -0.7618393301963806 -0.9800885319709778 0.08866574615240097 -0.17766498029232025 11.252120018005371
-0.1817263960838318 0.011923935264348984 0.9832768440246582 112.73535919189453 0.08759578317403793 0.996147632598877 0.004109181929379702 -0.7633265852928162 -0.979439914226532 0.08687765151262283 -0.1820707768201828 10.894667625427246
-0.18632908165454865 0.011538206599652767 0.9824196100234985 114.70124816894531 0.08608056604862213 0.9962774515151978 0.004625375382602215 -0.7649558186531067 -0.9787091612815857 0.08542908728122711 -0.18662866950035095 10.520904541015625
-0.1921873688697815 0.010765990242362022 0.9812992215156555 116.641357421875 0.08434239774942398 0.9964211583137512 0.0055865575559437275 -0.7654203772544861 -0.9777271151542664 0.0838388055562973 -0.19240757822990417 10.16346549987793
-0.1973578780889511 0.010499099269509315 0.9802753329277039 118.61993408203125 0.08493177592754364 0.9963660836219788 0.006427795626223087 -0.7680192589759827 -0.9766455292701721 0.08452509343624115 -0.19753238558769226 9.765811920166016
-0.2023945152759552 0.011918005533516407 0.9792315363883972 120.5630874633789 0.08523184806108475 0.9963459968566895 0.005490018520504236 -0.7728831768035889 -0.9755880236625671 0.08457285910844803 -0.20267076790332794 9.373433113098145
-0.20769646763801575 0.012916010804474354 0.9781080484390259 122.52021789550781 0.08488627523183823 0.9963787198066711 0.004867910873144865 -0.7782561779022217 -0.9745031595230103 0.08403900265693665 -0.2080407440662384 8.9650297164917
-0.21415497362613678 0.012811671011149883 0.9767156839370728 124.52513122558594 0.08486924320459366 0.9963766932487488 0.00553888687863946 -0.7777138352394104 -0.973105788230896 0.0840793028473854 -0.21446631848812103 8.557162284851074
-0.219648540019989 0.012647340074181557 0.9754970669746399 126.51042175292969 0.08365046232938766 0.9964776039123535 0.005915866699069738 -0.7787310481071472 -0.9719861745834351 0.08290018886327744 -0.21993277966976166 8.118653297424316
-0.22495302557945251 0.013543793000280857 0.9742754101753235 128.49925231933594 0.08307582885026932 0.9965289831161499 0.005328447092324495 -0.775539219379425 -0.9708215594291687 0.08213739097118378 -0.22529737651348114 7.670177936553955
-0.23030880093574524 0.014096854254603386 0.9730156064033508 130.49029541015625 0.08223798125982285 0.9966001510620117 0.0050268578343093395 -0.7801511883735657 -0.9696363806724548 0.08117656409740448 -0.23068511486053467 7.218277454376221
-0.2346327304840088 0.013170065358281136 0.9719948768615723 132.46592712402344 0.0831400528550148 0.9965161681175232 0.006567109376192093 -0.7821928858757019 -0.9685221314430237 0.08235257118940353 -0.23491030931472778 6.746731758117676
-0.23840755224227905 0.013330817222595215 0.9710736274719238 134.46739196777344 0.08564026653766632 0.9962989687919617 0.007348369807004929 -0.7775788307189941 -0.9673818349838257 0.0849149227142334 -0.23866689205169678 6.254815101623535
-0.24207466840744019 0.013860066421329975 0.9701586365699768 136.4798583984375 0.08671105653047562 0.9962059855461121 0.007404015865176916 -0.7794603109359741 -0.9663752317428589 0.08591581881046295 -0.24235805869102478 5.7526631355285645
-0.2449861317873001 0.014900609850883484 0.969412088394165 138.4756317138672 0.08741214871406555 0.9961493015289307 0.00677888561040163 -0.774408221244812 -0.9655779600143433 0.08639911562204361 -0.24534520506858826 5.242973804473877
-0.24874024093151093 0.015102876350283623 0.9684524536132812 140.51158142089844 0.08689510822296143 0.9961944818496704 0.006782894022762775 -0.7733713388442993 -0.9646645188331604 0.08584097027778625 -0.24910596013069153 4.734755516052246
-0.25224533677101135 0.015584807842969894 0.9675378203392029 142.5140380859375 0.08573292940855026 0.9962981939315796 0.0063032303005456924 -0.7764813899993896 -0.9638579487800598 0.08453980833292007 -0.2526476979255676 4.205280303955078
-0.2570052444934845 0.01622464321553707 0.9662737846374512 144.54733276367188 0.08483570069074631 0.9963778257369995 0.00583410169929266 -0.7820790410041809 -0.9626791477203369 0.08347390592098236 -0.25745072960853577 3.674196481704712
-0.2614942193031311 0.015556970611214638 0.965079665184021 146.58056640625 0.08339439332485199 0.9964951276779175 0.006532835774123669 -0.7846160531044006 -0.9615956544876099 0.08219052851200104 -0.26187509298324585 3.132422685623169
-0.26594775915145874 0.015725944191217422 0.9638591408729553 148.61126708984375 0.08389820158481598 0.9964504241943359 0.0068914759904146194 -0.789614737033844 -0.9603295922279358 0.08269881457090378 -0.26632314920425415 2.57417368888855
-0.2707730531692505 0.016378693282604218 0.9625037908554077 150.6598663330078 0.0832412987947464 0.9965084791183472 0.006460234057158232 -0.7903217077255249 -0.9590373635292053 0.08186931908130646 -0.2711910605430603 2.013014078140259
-0.2758491337299347 0.016721859574317932 0.9610553979873657 152.71151733398438 0.08275870978832245 0.9965488910675049 0.006414574105292559 -0.7878705263137817 -0.9576315879821777 0.08130515366792679 -0.2762809991836548 1.443557620048523
-0.2804296910762787 0.015888670459389687 0.9597429633140564 154.755126953125 0.08251863718032837 0.9965604543685913 0.007613144814968109 -0.796692430973053 -0.9563210010528564 0.08133165538311005 -0.2807762920856476 0.8578715920448303
-0.2852112650871277 0.01587878167629242 0.9583331346511841 156.81158447265625 0.08302424848079681 0.9965137243270874 0.008197596296668053 -0.7955312132835388 -0.9548619389533997 0.08190292865037918 -0.2855353355407715 0.2665069103240967
-0.2898351550102234 0.016863010823726654 0.956928014755249 158.8965606689453 0.0836731344461441 0.9964630007743835 0.007783300243318081 -0.7925186157226562 -0.9534119963645935 0.0823250487446785 -0.2902209460735321 -0.33921656012535095
-0.2935209274291992 0.01806865818798542 0.955781877040863 160.95887756347656 0.08408598601818085 0.9964340329170227 0.00698566809296608 -0.7908700108528137 -0.9522472620010376 0.08241830766201019 -0.2939935028553009 -0.9654353260993958
-0.29716935753822327 0.019661936908960342 0.9546223282814026 163.0138397216797 0.08428102731704712 0.9964255690574646 0.005713336635380983 -0.7958308458328247 -0.951097846031189 0.08215437084436417 -0.29776430130004883 -1.5967940092086792
-0.3010534346103668 0.02090371958911419 0.9533781409263611 165.0989227294922 0.0850430577993393 0.9963647127151489 0.005008272361010313 -0.8001460433006287 -0.9498076438903809 0.08258593082427979 -0.3017367422580719 -2.2366392612457275
-0.30445221066474915 0.0215565524995327 0.9522836804389954 167.1825408935547 0.08436555415391922 0.9964250922203064 0.004416530020534992 -0.8044496178627014 -0.9487841129302979 0.08168455958366394 -0.30518245697021484 -2.8954806327819824
-0.30831924080848694 0.021568555384874344 0.9510384202003479 169.27415466308594 0.08473628759384155 0.9963914155960083 0.004873719997704029 -0.8133655786514282 -0.9475014805793762 0.0820901170372963 -0.30903422832489014 -3.5590975284576416
-0.3124535083770752 0.02170909009873867 0.9496850967407227 171.3575439453125 0.08437392115592957 0.9964216947555542 0.004982200916856527 -0.8174050450325012 -0.9461785554885864 0.08168534934520721 -0.3131672143936157 -4.2255964279174805
-0.31672200560569763 0.022864358499646187 0.9482427835464478 173.45639038085938 0.08660086989402771 0.9962310194969177 0.00490404199808836 -0.8209758996963501 -0.9445566534996033 0.08367186039686203 -0.31750839948654175 -4.9198994636535645
-0.31950613856315613 0.02338126115500927 0.9472958445549011 175.53553771972656 0.08889617025852203 0.9960262775421143 0.005399074871093035 -0.8242995142936707 -0.9434051513671875 0.08593598753213882 -0.32031506299972534 -5.632065296173096
-0.3220151662826538 0.022843588143587112 0.9464588761329651 177.59132385253906 0.08974160999059677 0.9959439039230347 0.006494972389191389 -0.8305637836456299 -0.9424715638160706 0.08702822774648666 -0.32275906205177307 -6.324615955352783
-0.3247666656970978 0.022554419934749603 0.9455252289772034 179.6866912841797 0.08945886045694351 0.9959661364555359 0.006969477981328964 -0.8272222876548767 -0.9415538907051086 0.08684906363487244 -0.3254742920398712 -7.047855854034424
-0.3275517225265503 0.023125993087887764 0.944550096988678 181.7596893310547 0.08864986896514893 0.9960425496101379 0.006355348974466324 -0.8307843804359436 -0.9406651258468628 0.08581594377756119 -0.3283056318759918 -7.759209632873535
-0.33023548126220703 0.02496495470404625 0.9435682892799377 183.8630828857422 0.08801129460334778 0.9961095452308655 0.004447610583156347 -0.8349179625511169 -0.939786434173584 0.08451343327760696 -0.3311478793621063 -8.494705200195312
-0.33377063274383545 0.027129968628287315 0.9422638416290283 185.9864044189453 0.08764715492725372 0.9961487650871277 0.0023651125375181437 -0.8383503556251526 -0.9385707974433899 0.08337614685297012 -0.3348630666732788 -9.234665870666504
-0.33681949973106384 0.027759702876210213 0.9411599636077881 188.09841918945312 0.08674556761980057 0.9962291121482849 0.0016602679388597608 -0.8561550378799438 -0.9375648498535156 0.08220068365335464 -0.33795735239982605 -9.98852252960205
-0.34046870470046997 0.028628097847104073 0.9398199319839478 190.25762939453125 0.08478089421987534 0.9963995814323425 0.0003620041243266314 -0.8646941781044006 -0.9364258050918579 0.0798020213842392 -0.3416699767112732 -10.755318641662598
-0.3431336581707001 0.02926134504377842 0.9388306140899658 192.366455078125 0.08597978204488754 0.9962968230247498 0.0003723561530932784 -0.8794137835502625 -0.9353430271148682 0.08084822446107864 -0.34437885880470276 -11.549588203430176
-0.3472117483615875 0.027943339198827744 0.9373703598976135 194.544189453125 0.0849996954202652 0.9963793754577637 0.0017823644448071718 -0.8928945660591125 -0.9339265823364258 0.08029507845640182 -0.3483298420906067 -12.333949089050293
-0.3505558669567108 0.027416633442044258 0.9361404180526733 196.69654846191406 0.08517460525035858 0.9963623285293579 0.0027149354573339224 -0.9061397314071655 -0.9326606392860413 0.08068714290857315 -0.35161593556404114 -13.141378402709961
-0.35400286316871643 0.027647752314805984 0.9348357319831848 198.84202575683594 0.08533802628517151 0.9963479042053223 0.0028487611562013626 -0.9137319922447205 -0.9313427805900574 0.08078547567129135 -0.35506951808929443 -13.953659057617188
-0.3574512004852295 0.027848150581121445 0.9335165619850159 200.99465942382812 0.08470606803894043 0.9964023232460022 0.0027105307672172785 -0.9234995245933533 -0.9300825595855713 0.08004339784383774 -0.3585241138935089 -14.770482063293457
-0.3611373007297516 0.028268402442336082 0.9320840835571289 203.15721130371094 0.08365639299154282 0.9964922666549683 0.002191003877669573 -0.9399682283401489 -0.9287525415420532 0.07876604795455933 -0.3622353971004486 -15.604716300964355
-0.36441272497177124 0.028831690549850464 0.9307910799980164 205.33380126953125 0.08334558457136154 0.996519148349762 0.0017628658097237349 -0.9546432495117188 -0.9275002479553223 0.07821974158287048 -0.3655472993850708 -16.44268226623535
-0.3668839633464813 0.029455970972776413 0.9298001527786255 207.4468231201172 0.08489757031202316 0.9963877201080322 0.0019337378907948732 -0.9764029383659363 -0.926384687423706 0.07964722812175751 -0.3680594861507416 -17.283235549926758
-0.3694436848163605 0.029228931292891502 0.9287933111190796 209.58590698242188 0.0858982652425766 0.9962998628616333 0.002814173698425293 -0.9944014549255371 -0.9252744913101196 0.08082140237092972 -0.37058743834495544 -18.126461029052734
-0.37161925435066223 0.029094869270920753 0.9279292225837708 211.7540283203125 0.08755528181791306 0.9961522221565247 0.0038303614128381014 -1.0057405233383179 -0.9242473840713501 0.08266852796077728 -0.37273678183555603 -19.00433921813965
-0.37461861968040466 0.030242901295423508 0.9266857504844666 213.93955993652344 0.08906668424606323 0.9960196614265442 0.003500141203403473 -1.0153297185897827 -0.9228910207748413 0.08384803682565689 -0.37582123279571533 -19.882797241210938
-0.37783968448638916 0.03117320127785206 0.9253460764884949 216.13458251953125 0.08893709629774094 0.9960334300994873 0.002760506235063076 -1.0310156345367432 -0.9215894937515259 0.08334062993526459 -0.37911343574523926 -20.762557983398438
-0.38064223527908325 0.0311159435659647 0.9241987466812134 218.3113555908203 0.08836717903614044 0.9960838556289673 0.0028589065186679363 -1.048709750175476 -0.9204905033111572 0.08275705575942993 -0.38190123438835144 -21.651037216186523
-0.38349640369415283 0.03245897963643074 0.922971785068512 220.47821044921875 0.0883818194270134 0.9960851669311523 0.0016925666714087129 -1.0679125785827637 -0.9193036556243896 0.08222299814224243 -0.38486388325691223 -22.54831314086914
-0.3860760033130646 0.03390466794371605 0.9218437075614929 222.6474151611328 0.08846297860145569 0.9960793852806091 0.000414062145864591 -1.0838896036148071 -0.9182154536247253 0.08170891553163528 -0.3875615894794464 -23.456533432006836
-0.3887069821357727 0.03407294303178787 0.9207311868667603 224.81521606445312 0.08642178028821945 0.996258556842804 -0.0003830847272183746 -1.1037096977233887 -0.9172993898391724 0.07942230254411697 -0.3901973068714142 -24.35964584350586
-0.39204782247543335 0.0347781740128994 0.9192872047424316 226.98431396484375 0.08708962798118591 0.9962002635002136 -0.0005468789022415876 -1.1263766288757324 -0.9158132672309875 0.07984597235918045 -0.39358699321746826 -25.270883560180664
-0.39508265256881714 0.034492127597332 0.9179977774620056 229.14060974121094 0.08841462433338165 0.9960835576057434 0.0006253284518606961 -1.1508615016937256 -0.9143809676170349 0.08141148835420609 -0.39658501744270325 -26.192607879638672
-0.3979812562465668 0.03341337665915489 0.9167847633361816 231.30697631835938 0.08855769038200378 0.9960687756538391 0.002140399534255266 -1.173069715499878 -0.9131091237068176 0.0820402055978775 -0.39937570691108704 -27.121904373168945
-0.4014883041381836 0.03277841955423355 0.9152774214744568 233.436279296875 0.08734909445047379 0.9961743950843811 0.0026403209194540977 -1.1905943155288696 -0.9116891622543335 0.08100872486829758 -0.40281543135643005 -28.04150390625
-0.40482789278030396 0.033052388578653336 0.9137953519821167 235.5745086669922 0.08595453947782516 0.9962968826293945 0.002042910782620311 -1.210002064704895 -0.9103440046310425 0.079371877014637 -0.4061698019504547 -28.977495193481445
-0.4085458219051361 0.03236868605017662 0.9121636748313904 237.75767517089844 0.08420087397098541 0.9964460134506226 0.0023529448080807924 -1.2258347272872925 -0.9088457226753235 0.07776626199483871 -0.4098193347454071 -29.938236236572266
-0.412362664937973 0.032120607793331146 0.9104533195495605 239.92156982421875 0.083715058863163 0.9964858889579773 0.0027604273054748774 -1.241086721420288 -0.9071651697158813 0.0773569718003273 -0.4136025905609131 -30.902000427246094
-0.41627800464630127 0.032403651624917984 0.908659815788269 242.07179260253906 0.0833139419555664 0.9965198040008545 0.0026312198024243116 -1.2584948539733887 -0.9054123163223267 0.07679935544729233 -0.41752898693084717 -31.876253128051758
-0.42034903168678284 0.031938452273607254 0.9068002104759216 244.222900390625 0.08249229192733765 0.9965866804122925 0.0031386311165988445 -1.2791247367858887 -0.9036047458648682 0.07612333446741104 -0.421548992395401 -32.85508346557617
-0.4246600270271301 0.03137671947479248 0.9048089981079102 246.38206481933594 0.0813342034816742 0.9966802597045898 0.0036105208564549685 -1.296901822090149 -0.9016919732093811 0.07512516528367996 -0.4258023500442505 -33.84115982055664
-0.4283609986305237 0.0315084233880043 0.9030581712722778 248.4925537109375 0.08061353862285614 0.9967394471168518 0.0034615742042660713 -1.3071261644363403 -0.9000046253204346 0.07428149878978729 -0.42950430512428284 -34.83479309082031
-0.432174950838089 0.03254733979701996 0.9012022614479065 250.62644958496094 0.08148609101772308 0.9966697096824646 0.003081768751144409 -1.3299826383590698 -0.8981006741523743 0.07476731389760971 -0.43338775634765625 -35.846343994140625
-0.43566492199897766 0.03268609941005707 0.8995152711868286 252.68983459472656 0.08147110044956207 0.9966703653335571 0.0032426605466753244 -1.3522017002105713 -0.8964142799377441 0.07469720393419266 -0.4368773400783539 -36.837913513183594
-0.43968674540519714 0.03247370198369026 0.8975639343261719 254.80641174316406 0.0811583548784256 0.9966943860054016 0.003696565516293049 -1.3697715997695923 -0.8944767713546753 0.074470154941082 -0.4408688545227051 -37.85793685913086
-0.44346246123313904 0.03286857530474663 0.8956900835037231 256.9223937988281 0.08018281310796738 0.996775209903717 0.0031210449524223804 -1.3888492584228516 -0.8926990628242493 0.07320301979780197 -0.44466787576675415 -38.89060974121094
-0.4475844204425812 0.03312624245882034 0.893627941608429 259.0418395996094 0.08038998395204544 0.996757984161377 0.0033151053357869387 -1.4090133905410767 -0.8906209468841553 0.07332254201173782 -0.44879627227783203 -39.942771911621094
-0.4511103332042694 0.03402554243803024 0.8918192386627197 261.1578369140625 0.08074831962585449 0.9967305660247803 0.002816846827045083 -1.405860185623169 -0.8888077139854431 0.07328363507986069 -0.45238298177719116 -41.00763702392578
-0.45431333780288696 0.03534574434161186 0.8901404738426208 263.2715759277344 0.08211535215377808 0.996620237827301 0.0023365227971225977 -1.417568564414978 -0.8870491981506348 0.07415572553873062 -0.4556802809238434 -42.0823974609375
-0.4574796259403229 0.037518780678510666 0.888428270816803 265.38519287109375 0.08448296785354614 0.9964239001274109 0.0014234409900382161 -1.4318500757217407 -0.8851977586746216 0.07570826262235641 -0.4590132534503937 -43.179378509521484
-0.4604152739048004 0.03816448897123337 0.8868829011917114 267.509033203125 0.08603407442569733 0.9962905049324036 0.0017910830210894346 -1.452432632446289 -0.8835247159004211 0.07712678611278534 -0.4619907736778259 -44.27985763549805
-0.46346357464790344 0.04036513715982437 0.8851961493492126 269.6289978027344 0.0877586081624031 0.9961416125297546 0.0005236355937086046 -1.4608653783798218 -0.8817595839500427 0.07792627066373825 -0.4652176797389984 -45.389732360839844
