0.9999120235443115 0.003332769963890314 -0.012840710580348969 8.915160179138184 -0.0034295732621103525 0.9999657869338989 -0.0075241499580442905 3.511439561843872 0.012815196067094803 0.0075675263069570065 0.9998892545700073 -3.3560049533843994
0.9998981356620789 0.0009126875665970147 -0.014242798089981079 8.890113830566406 -0.0009784410940483212 0.9999889135360718 -0.004610336851328611 3.4839258193969727 0.014238432049751282 0.004623802844434977 0.9998879432678223 -1.8324322700500488
0.9998758435249329 0.0005084087606519461 -0.015746556222438812 8.867633819580078 -0.0005668619414791465 0.9999929666519165 -0.00370791950263083 3.4538488388061523 0.015744557604193687 0.0037163852248340845 0.999869167804718 -0.312924861907959
0.9998518824577332 0.0015963894547894597 -0.01713315211236477 8.831428527832031 -0.0016671966295689344 0.9999900460243225 -0.0041192760691046715 3.4297101497650146 0.017126407474279404 0.004147230181843042 0.9998446702957153 1.1996210813522339
0.9998219013214111 0.0023427412379533052 -0.018723713234066963 8.801595687866211 -0.002421101788058877 0.999988317489624 -0.004163527395576239 3.4016029834747314 0.01871374249458313 0.0042081186547875404 0.9998159408569336 2.6997530460357666
0.9997941851615906 0.002078467281535268 -0.020179757848381996 8.76718807220459 -0.0021626262459903955 0.9999890923500061 -0.0041495515033602715 3.379265069961548 0.020170914009213448 0.00419233925640583 0.9997876882553101 4.199620246887207
0.999757707118988 0.0016662245616316795 -0.021947519853711128 8.728792190551758 -0.0017436989583075047 0.999992311000824 -0.0035113045014441013 3.3498458862304688 0.021941499784588814 0.003548724576830864 0.999752938747406 5.7111029624938965
0.9997153878211975 -0.00013538773055188358 -0.023857444524765015 8.689603805541992 2.9540913601522334e-05 0.9999901056289673 -0.00443692784756422 3.3259778022766113 0.023857809603214264 0.004434959962964058 0.9997054934501648 7.208281517028809
0.9996888041496277 -0.001084669609554112 -0.02492738701403141 8.647645950317383 0.0009813517099246383 0.9999908804893494 -0.00415667612105608 3.299870252609253 0.02493167296051979 0.004130919463932514 0.9996806383132935 8.691612243652344
0.9996539354324341 -0.0008575437241233885 -0.02629058249294758 8.606549263000488 0.0007472315919585526 0.9999908804893494 -0.004205414559692144 3.2730624675750732 0.02629394829273224 0.004184314515441656 0.999645471572876 10.178349494934082
0.9996276497840881 -0.0005762992077507079 -0.02728075161576271 8.552495956420898 0.00046269563608802855 0.9999912977218628 -0.00417037820443511 3.2468655109405518 0.027282916009426117 0.004156202543526888 0.9996191263198853 11.660022735595703
0.9996020793914795 0.0007501723594032228 -0.02819778397679329 8.515223503112793 -0.0008481346885673702 0.999993622303009 -0.003462305525317788 3.216722011566162 0.028195004910230637 0.0034848435316234827 0.9995962977409363 13.113523483276367
0.9995850324630737 0.0017914364580065012 -0.028749844059348106 8.461028099060059 -0.0018776052165776491 0.9999938011169434 -0.0029704710468649864 3.194164991378784 0.028744347393512726 0.0030232195276767015 0.9995821714401245 14.591496467590332
0.999561071395874 0.003168658586218953 -0.02945343218743801 8.415461540222168 -0.0032254757825285196 0.9999930262565613 -0.0018817471573129296 3.1660237312316895 0.029447266831994057 0.001975921681150794 0.9995644092559814 16.05883026123047
0.9995567798614502 0.0031231206376105547 -0.029603218659758568 8.361989974975586 -0.0031829383224248886 0.9999929666519165 -0.001973740989342332 3.1453447341918945 0.02959684655070305 0.0020670921076089144 0.999559760093689 17.52102279663086
0.9995277523994446 0.00391986221075058 -0.030478432774543762 8.323930740356445 -0.003980954177677631 0.9999901652336121 -0.0019440128235146403 3.1251413822174072 0.03047051467001438 0.0020644289907068014 0.9995335340499878 19.00056266784668
0.9995231628417969 0.004467263352125883 -0.030550723895430565 8.26832389831543 -0.004511225037276745 0.9999889135360718 -0.0013702262658625841 3.1019463539123535 0.030544262379407883 0.0015073951799422503 0.9995322823524475 20.449628829956055
0.9995236396789551 0.0051870765164494514 -0.03042357601225376 8.218132019042969 -0.005195639096200466 0.999986469745636 -0.0002023983543040231 3.080418348312378 0.030422117561101913 0.000360371865099296 0.9995370507240295 21.889888763427734
0.9995189309120178 0.00568002462387085 -0.030490510165691376 8.17167854309082 -0.005726600531488657 0.9999825358390808 -0.0014404869871214032 3.0563740730285645 0.030481796711683273 0.0016144008841365576 0.999534010887146 23.326080322265625
0.9995142221450806 0.005939160939306021 -0.030594855546951294 8.123598098754883 -0.0060503981076180935 0.9999754428863525 -0.0035445215180516243 3.0375797748565674 0.030573051422834396 0.0037279108073562384 0.9995256066322327 24.761577606201172
0.9995367527008057 0.004300403408706188 -0.03012540191411972 8.071416854858398 -0.004412100184708834 0.9999836087226868 -0.0036422554403543472 3.0117130279541016 0.030109243467450142 0.003773485077545047 0.9995394349098206 26.178058624267578
0.9995430707931519 0.0034479741007089615 -0.03002576343715191 8.02135944366455 -0.00348025094717741 0.9999933838844299 -0.0010227863676846027 2.9860219955444336 0.030022036284208298 0.0011268164962530136 0.9995485544204712 27.596914291381836
0.9995601773262024 0.0018950990634039044 -0.029595891013741493 7.972246170043945 -0.0018854958470910788 0.999998152256012 0.0003523773921187967 2.9604475498199463 0.02959650382399559 -0.00029641762375831604 0.9995619058609009 29.001827239990234
0.9995678067207336 0.0013980515068396926 -0.029366089031100273 7.924206256866455 -0.001415501581504941 0.9999988079071045 -0.0005734493024647236 2.9449288845062256 0.02936525084078312 0.0006147697567939758 0.9995686411857605 30.40314483642578
0.9995772242546082 0.0010060736676678061 -0.02905580773949623 7.884435653686523 -0.0010697519173845649 0.9999970197677612 -0.0021761227399110794 2.916576623916626 0.02905353717505932 0.002206285484135151 0.9995753765106201 31.79571533203125
0.9995850324630737 0.002432329347357154 -0.02870052121579647 7.836369037628174 -0.0025214937049895525 0.9999921321868896 -0.003070922801271081 2.894550323486328 0.02869282476603985 0.003142016241326928 0.99958336353302 33.14903259277344
0.999606192111969 0.0026600505225360394 -0.02793245203793049 7.796443462371826 -0.0027680792845785618 0.9999889731407166 -0.0038295623380690813 2.86578369140625 0.027921954169869423 0.0039053745567798615 0.9996024370193481 34.49518966674805
0.9996376633644104 0.0031471794936805964 -0.026729699224233627 7.754576206207275 -0.0032176487147808075 0.9999915361404419 -0.0025937703903764486 2.837684392929077 0.026721308007836342 0.0026788380928337574 0.9996393322944641 35.83017349243164
0.9996755719184875 0.003406725823879242 -0.025242194533348083 7.715125560760498 -0.00342568033374846 0.9999938607215881 -0.0007076959009282291 2.8147284984588623 0.025239629670977592 0.0007939370698295534 0.9996811151504517 37.16107177734375
0.9997192621231079 0.00322400382719934 -0.023471849039196968 7.677127361297607 -0.0032143178395926952 0.9999947547912598 0.00045037386007606983 2.7903361320495605 0.02347317710518837 -0.00037480186438187957 0.9997244477272034 38.46006393432617
0.9997656345367432 0.003561178920790553 -0.021354949101805687 7.6505126953125 -0.0035397368483245373 0.9999931454658508 0.001041806535795331 2.765923500061035 0.021358512341976166 -0.0009659751085564494 0.9997714161872864 39.74303436279297
0.9998317956924438 0.0030547950882464647 -0.018087273463606834 7.62086296081543 -0.0030465079471468925 0.999995231628418 0.00048573839012533426 2.7444756031036377 0.01808866858482361 -0.0004305532784201205 0.9998363256454468 41.00981903076172
0.999893844127655 0.0024090695660561323 -0.014375727623701096 7.5929484367370605 -0.0024275227915495634 0.9999963045120239 -0.0012663244269788265 2.7182486057281494 0.014372622594237328 0.0013010866241529584 0.9998958706855774 42.247589111328125
0.999938428401947 0.0024178610183298588 -0.0108285928145051 7.574600696563721 -0.002450239611789584 0.9999925494194031 -0.00297782220877707 2.700106382369995 0.010821312665939331 0.003004170721396804 0.9999369382858276 43.473487854003906
0.999968409538269 0.0026860511861741543 -0.007485406473278999 7.569253444671631 -0.0027027276810258627 0.9999938011169434 -0.002218567067757249 2.6755285263061523 0.007479402236640453 0.002238728804513812 0.9999695420265198 44.68580627441406
0.9999947547912598 0.0028093568980693817 -0.0015830332413315773 7.554406642913818 -0.002813168801367283 0.9999931454658508 -0.002410844899713993 2.6529321670532227 0.0015762494876980782 0.0024152861442416906 0.9999958276748657 45.919891357421875
0.9999797940254211 0.004115911666303873 0.0048494297079741955 7.560046195983887 -0.004098574165254831 0.9999851584434509 -0.0035797373857349157 2.6347270011901855 -0.004864091984927654 0.0035597889218479395 0.9999818205833435 47.10881423950195
0.9999093413352966 0.00559453759342432 0.012255045585334301 7.565553665161133 -0.005550892557948828 0.9999781250953674 -0.0035925593692809343 2.6126046180725098 -0.012274875305593014 0.0035242068115621805 0.9999184608459473 48.30707931518555
0.9997668862342834 0.006638273596763611 0.02054276131093502 7.588218688964844 -0.006582159083336592 0.9999744296073914 -0.0027979849837720394 2.593674421310425 -0.020560815930366516 0.0026621173601597548 0.9997850060462952 49.496395111083984
0.999479353427887 0.008950687944889069 0.03099668398499489 7.615782737731934 -0.008889494463801384 0.9999582767486572 -0.0021114435512572527 2.571835994720459 -0.03101428784430027 0.0018347993027418852 0.9995172023773193 50.66748809814453
0.9989750385284424 0.011348911561071873 0.043818872421979904 7.65028190612793 -0.0112672820687294 0.9999343156814575 -0.0021094304975122213 2.547415256500244 -0.043839942663908005 0.0016135487239807844 0.9990372657775879 51.78909683227539
0.998208224773407 0.013010106049478054 0.05840551480650902 7.709908962249756 -0.012907912023365498 0.9999144673347473 -0.002126687439158559 2.5302629470825195 -0.05842819809913635 0.0013689836487174034 0.9982906579971313 52.92333984375
0.9970678091049194 0.015606611035764217 0.07491454482078552 7.775545120239258 -0.01561836525797844 0.9998779296875 -0.00042892745113931596 2.5042502880096436 -0.07491210103034973 -0.0007423749775625765 0.997189998626709 54.04155349731445
0.9955894351005554 0.015673797577619553 0.09249845147132874 7.873690605163574 -0.01576041802763939 0.9998757243156433 0.0002060073020402342 2.487133741378784 -0.09248374402523041 -0.0016629139427095652 0.9957127571105957 55.15208053588867
0.9936244487762451 0.015319567173719406 0.11169501394033432 7.986283779144287 -0.01535424217581749 0.9998819828033447 -0.0005497843958437443 2.4654974937438965 -0.11169027537107468 -0.0011687132064253092 0.9937423467636108 56.250606536865234
0.9911577105522156 0.014482812024652958 0.13189584016799927 8.128626823425293 -0.014378120191395283 0.9998950958251953 -0.0017461369279772043 2.4546308517456055 -0.13190729916095734 -0.00016571767628192902 0.9912620782852173 57.345947265625
0.9881752133369446 0.01152530126273632 0.15289494395256042 8.285723686218262 -0.011407280340790749 0.9999336004257202 -0.0016491480637341738 2.4257545471191406 -0.15290376543998718 -0.00011446785356383771 0.9882410764694214 58.38578414916992
0.9846680164337158 0.006363465450704098 0.17432282865047455 8.474370956420898 -0.006533247418701649 0.9999786019325256 0.000400110031478107 2.4110238552093506 -0.17431654036045074 -0.0015328677836805582 0.9846884608268738 59.42495346069336
0.9802538156509399 0.0010217981180176139 0.1977405995130539 8.677578926086426 -0.0014238548465073109 0.9999971389770508 0.0018910856451839209 2.389979839324951 -0.19773808121681213 -0.0021352977491915226 0.9802525043487549 60.451656341552734
0.9752078652381897 -0.0039602904580533504 0.22125542163848877 8.919609069824219 0.0037729330360889435 0.9999920725822449 0.001269415020942688 2.373966932296753 -0.22125868499279022 -0.0004031610442325473 0.9752150774002075 61.4645881652832
0.9690772294998169 -0.010076956823468208 0.2465514838695526 9.176717758178711 0.010507303290069103 0.9999446868896484 -0.0004298837448004633 2.3543941974639893 -0.24653354287147522 0.003007183549925685 0.9691296219825745 62.455814361572266
0.9619399309158325 -0.013972380198538303 0.27290332317352295 9.463639259338379 0.014418628998100758 0.9998959898948669 0.0003703576512634754 2.3405463695526123 -0.27288010716438293 0.003578629344701767 0.962041437625885 63.440673828125
0.9537473320960999 -0.016124768182635307 0.30017656087875366 9.761764526367188 0.016020238399505615 0.9998677372932434 0.0028095971792936325 2.3216259479522705 -0.30018216371536255 0.00212925486266613 0.9538795351982117 64.40003967285156
0.9444618821144104 -0.02070402167737484 0.3279680609703064 10.092230796813965 0.019960852339863777 0.9997849464416504 0.005632576532661915 2.3104636669158936 -0.3280141353607178 0.0012267681304365396 0.9446720480918884 65.3455581665039
0.9339579939842224 -0.023489156737923622 0.3566100001335144 10.449573516845703 0.023132577538490295 0.9997185468673706 0.005265386775135994 2.296043872833252 -0.3566332459449768 0.003331658896058798 0.9342384934425354 66.26611328125
0.9222546815872192 -0.022490331903100014 0.38592809438705444 10.824003219604492 0.023785879835486412 0.9997161030769348 0.001418163301423192 2.2860970497131348 -0.3858503997325897 0.007871732115745544 0.9225276708602905 67.16808319091797
0.9096795916557312 -0.024398857727646828 0.41459348797798157 11.230762481689453 0.028499482199549675 0.9995869398117065 -0.003706330666318536 2.2675821781158447 -0.4143317937850952 0.015187274664640427 0.9099991917610168 68.03533172607422
0.8959301710128784 -0.026480140164494514 0.4434049725532532 11.662763595581055 0.032464366406202316 0.9994553923606873 -0.00590901356190443 2.2504756450653076 -0.44300705194473267 0.01968892477452755 0.8963019251823425 68.89151763916016
0.8806579113006592 -0.027145739644765854 0.4729745388031006 12.115900039672852 0.03213277831673622 0.9994805455207825 -0.0024659649934619665 2.2325899600982666 -0.4726620018482208 0.017369655892252922 0.8810725808143616 69.73418426513672
0.8634307980537415 -0.02584850788116455 0.503804624080658 12.600700378417969 0.02816113829612732 0.9995988607406616 0.0030228898394852877 2.2205862998962402 -0.5036807060241699 0.01157765369862318 0.8638123273849487 70.56756591796875
0.8441684246063232 -0.02601972222328186 0.5354462265968323 13.106199264526367 0.026434989646077156 0.9996268153190613 0.006899709813296795 2.205475330352783 -0.5354259014129639 0.008329998701810837 0.8445411324501038 71.37688446044922
0.823580801486969 -0.020055336877703667 0.5668442845344543 13.632974624633789 0.022774457931518555 0.9997380375862122 0.0022818949073553085 2.193535327911377 -0.5667415857315063 0.011030245572328568 0.8238217830657959 72.14818572998047
0.8019899129867554 -0.013088648207485676 0.5971940755844116 14.189266204833984 0.020051587373018265 0.999786376953125 -0.005015652626752853 2.185594081878662 -0.5970008969306946 0.01599719375371933 0.8020809888839722 72.90685272216797
0.7798658609390259 -0.010583105497062206 0.6258571743965149 14.774402618408203 0.01952836662530899 0.9997817873954773 -0.007427745033055544 2.177018642425537 -0.6256420016288757 0.018014611676335335 0.7799022197723389 73.63955688476562
0.7569661736488342 -0.012925725430250168 0.6533262133598328 15.393514633178711 0.020755138248205185 0.9997754693031311 -0.004267570562660694 2.1656651496887207 -0.6531243324279785 0.016790281981229782 0.7570645213127136 74.34686279296875
0.732724130153656 -0.013889556750655174 0.6803838610649109 16.00292205810547 0.021379299461841583 0.9997680187225342 -0.002614401513710618 2.1319618225097656 -0.680189847946167 0.016461770981550217 0.7328512072563171 75.01490020751953
0.7076644897460938 -0.011472709476947784 0.706455409526825 16.645044326782227 0.021983163431286812 0.9997416138648987 -0.0057851639576256275 2.1226093769073486 -0.7062065601348877 0.01962408423423767 0.7077338695526123 75.65733337402344
0.6819255352020264 -0.009662303142249584 0.731357753276825 17.31145668029785 0.022335195913910866 0.9997215270996094 -0.007617787923663855 2.101121425628662 -0.7310804724693298 0.021529782563447952 0.6819514632225037 76.2748794555664
0.6552438735961914 -0.007136056199669838 0.7553837299346924 17.995302200317383 0.02068021520972252 0.999750018119812 -0.008494106121361256 2.087031841278076 -0.7551342844963074 0.021187204867601395 0.6552276611328125 76.87033081054688
0.6275667548179626 -0.005680072121322155 0.7785420417785645 18.712574005126953 0.020837070420384407 0.9997377395629883 -0.009502466768026352 2.0656747817993164 -0.7782838940620422 0.02218596637248993 0.6275205016136169 77.44872283935547
0.5991872549057007 0.0007177377119660378 0.8006086349487305 19.438369750976562 0.01949884742498398 0.9996898770332336 -0.015489435754716396 2.044066905975342 -0.800371527671814 0.024892013520002365 0.5989874601364136 77.99268341064453
0.5694590210914612 0.009992368519306183 0.8219589591026306 20.19955062866211 0.018633713945746422 0.9995121955871582 -0.025060411542654037 2.0210371017456055 -0.8218085169792175 0.029587021097540855 0.5689950585365295 78.52249908447266
0.5393006801605225 0.018327215686440468 0.8419138193130493 20.971576690673828 0.017772864550352097 0.9992926716804504 -0.03313779830932617 1.9943585395812988 -0.8419257402420044 0.032834455370903015 0.5385934710502625 79.01081848144531
0.5073263049125671 0.023169562220573425 0.8614423871040344 21.771596908569336 0.015215836465358734 0.999241828918457 -0.03583685681223869 1.9548826217651367 -0.8616197109222412 0.031288545578718185 0.5065892338752747 79.5010757446289
0.4749787747859955 0.022725945338606834 0.8797037601470947 22.598276138305664 0.013542816042900085 0.9993593692779541 -0.033129263669252396 1.9187685251235962 -0.8798930048942566 0.02764936164021492 0.4743667244911194 79.95149230957031
0.4420517683029175 0.021817022934556007 0.8967241048812866 23.439973831176758 0.00918067991733551 0.999541699886322 -0.028844278305768967 1.8871500492095947 -0.8969425559043884 0.020983200520277023 0.4416489005088806 80.3747329711914
0.4080493450164795 0.022873960435390472 0.9126732349395752 24.289602279663086 0.005069319158792496 0.9996139407157898 -0.027319371700286865 1.8472940921783447 -0.9129458069801331 0.015774285420775414 0.40777587890625 80.75763702392578
0.37285271286964417 0.026043035089969635 0.927524983882904 25.164709091186523 -0.001627534395083785 0.9996228814125061 -0.027413152158260345 1.8158776760101318 -0.9278890490531921 0.008711487986147404 0.3727545142173767 81.13279724121094
0.33766359090805054 0.028204383328557014 0.9408441781997681 26.05950355529785 -0.006578066386282444 0.9995972514152527 -0.027604838833212852 1.7832640409469604 -0.9412438273429871 0.003132212208583951 0.3377131223678589 81.44993591308594
0.30106252431869507 0.02748105116188526 0.953208327293396 26.97052001953125 -0.008829645812511444 0.9996222853660583 -0.026030389592051506 1.750440239906311 -0.9535635113716125 -0.0005797141930088401 0.30119141936302185 81.7690658569336
0.26506003737449646 0.027210259810090065 0.963847815990448 27.900480270385742 -0.009437902830541134 0.9996270537376404 -0.025624893605709076 1.7193717956542969 -0.9641857147216797 -0.002304568188264966 0.26521801948547363 82.02613830566406
0.22945314645767212 0.026601728051900864 0.972956120967865 28.84126853942871 -0.00859255064278841 0.9996429085731506 -0.02530498243868351 1.6863887310028076 -0.973281741142273 -0.0025538660120218992 0.22959984838962555 82.2425537109375
0.1938459873199463 0.025430794805288315 0.98070228099823 29.806697845458984 -0.00660685496404767 0.9996751546859741 -0.024616869166493416 1.6572072505950928 -0.9810097217559814 -0.0017074763309210539 0.19395104050636292 82.43939208984375
0.15956002473831177 0.024543534964323044 0.9868830442428589 30.771448135375977 0.0017815895844250917 0.9996821284294128 -0.025149891152977943 1.6269396543502808 -0.9871866703033447 0.005771137773990631 0.15946558117866516 82.581298828125
0.1258658468723297 0.027633607387542725 0.991662323474884 31.721656799316406 0.0042402418330311775 0.9995878338813782 -0.028392650187015533 1.5879790782928467 -0.9920382499694824 0.007778553292155266 0.12569677829742432 82.69650268554688
0.0931558609008789 0.03267724812030792 0.9951151609420776 32.714691162109375 0.005044291261583567 0.9994331002235413 -0.03329124301671982 1.5505460500717163 -0.9956387877464294 0.008120926097035408 0.09293823689222336 82.79446411132812
0.06423433870077133 0.03636957332491875 0.9972718954086304 33.68919372558594 0.012090897187590599 0.9992340207099915 -0.037219904363155365 1.51240074634552 -0.9978616833686829 0.014448706991970539 0.0637453943490982 82.84564971923828
0.03885840252041817 0.03482019901275635 0.998637855052948 34.67383575439453 0.014089490287005901 0.9992742538452148 -0.03539063408970833 1.4749903678894043 -0.9991453886032104 0.015445522032678127 0.03833959624171257 82.87750244140625
0.016471967101097107 0.03157144412398338 0.9993658661842346 35.70289993286133 0.015779079869389534 0.9993686079978943 -0.03183162212371826 1.431706190109253 -0.9997397661209106 0.016293400898575783 0.01596340350806713 82.89768981933594
-0.002191854640841484 0.02922872267663479 0.999570369720459 36.69295883178711 0.01603836752474308 0.9994450807571411 -0.02918989397585392 1.3946561813354492 -0.9998689889907837 0.01596749573945999 -0.0026594195514917374 82.89273071289062
-0.019101683050394058 0.032296910881996155 0.999295711517334 37.686946868896484 0.01817096211016178 0.9993242621421814 -0.03195049613714218 1.3521790504455566 -0.9996523857116699 0.017547858878970146 -0.019675644114613533 82.87571716308594
-0.03365466743707657 0.036476898938417435 0.9987675547599792 38.70061492919922 0.020435970276594162 0.9991498589515686 -0.03580225259065628 1.3157342672348022 -0.9992244839668274 0.01920587383210659 -0.0343715064227581 82.8375244140625
-0.04576118662953377 0.04182858765125275 0.9980762600898743 39.6947021484375 0.024612387642264366 0.998866856098175 -0.04073325917124748 1.2750624418258667 -0.9986491203308105 0.022701038047671318 -0.04673884063959122 82.78939819335938
-0.05457073450088501 0.04504111781716347 0.9974934458732605 40.693382263183594 0.029614726081490517 0.9986156821250916 -0.043471626937389374 1.2234163284301758 -0.9980706572532654 0.027168219909071922 -0.05582907050848007 82.72876739501953
-0.0601835660636425 0.050295211374759674 0.9969193935394287 41.71147537231445 0.03457120805978775 0.9982355833053589 -0.04827456176280975 1.1694303750991821 -0.9975884556770325 0.03155937045812607 -0.061816148459911346 82.65445709228516
-0.06361470371484756 0.055032916367053986 0.9964559078216553 42.71212387084961 0.03653080761432648 0.9979375600814819 -0.0527825765311718 1.1134766340255737 -0.9973056316375732 0.03304359316825867 -0.06549391150474548 82.5874252319336
-0.06666883826255798 0.05910738185048103 0.9960229992866516 43.723758697509766 0.038103677332401276 0.9976664781570435 -0.056654445827007294 1.054093360900879 -0.9970472455024719 0.03417505323886871 -0.06876548379659653 82.51582336425781
-0.06916873902082443 0.062067918479442596 0.995672345161438 44.72251510620117 0.03857085481286049 0.9974827766418457 -0.0595012903213501 0.9906072616577148 -0.9968590140342712 0.034288305789232254 -0.07138863950967789 82.44432830810547
-0.07138720154762268 0.06572964787483215 0.9952805638313293 45.74652862548828 0.0400787778198719 0.9972096681594849 -0.06298234313726425 0.9275424480438232 -0.99664306640625 0.035393502563238144 -0.07382236421108246 82.3636474609375
-0.07326724380254745 0.06980640441179276 0.9948663115501404 46.7579460144043 0.0413605198264122 0.9969017505645752 -0.06690321862697601 0.860332727432251 -0.9964542388916016 0.03624637424945831 -0.07592747360467911 82.28092193603516
-0.0753437727689743 0.07090143114328384 0.9946337342262268 47.762943267822266 0.04418915510177612 0.9967264533042908 -0.06770326942205429 0.7841172218322754 -0.9961780309677124 0.03885100781917572 -0.07823020219802856 82.2007064819336
-0.07756379246711731 0.06954751908779144 0.9945586919784546 48.779945373535156 0.044186484068632126 0.9968236088752747 -0.06625987589359283 0.7090160846710205 -0.9960078001022339 0.03880668431520462 -0.08039047569036484 82.12222290039062
-0.07988915592432022 0.06931983679533005 0.9943904876708984 49.80147933959961 0.04346643388271332 0.9968724846839905 -0.06600075215101242 0.6351442337036133 -0.9958555698394775 0.03794987127184868 -0.08265237510204315 82.04247283935547
-0.08222024142742157 0.07055431604385376 0.9941136240959167 50.82794952392578 0.04333137720823288 0.9968007802963257 -0.0671612024307251 0.5630435943603516 -0.9956717491149902 0.0375543050467968 -0.08501441776752472 81.96196746826172
-0.0846637487411499 0.07286179810762405 0.9937421679496765 51.83926773071289 0.04301292449235916 0.9966604113578796 -0.06941119581460953 0.4847440719604492 -0.9954807758331299 0.036867137998342514 -0.08751501142978668 81.8744888305664
-0.08726504445075989 0.07527942210435867 0.9933367371559143 52.873435974121094 0.041146405041217804 0.9965620636940002 -0.0719091147184372 0.40735602378845215 -0.995335042476654 0.03459708392620087 -0.09006251394748688 81.78377532958984
-0.08974893391132355 0.07847679406404495 0.9928678274154663 53.898094177246094 0.0386824756860733 0.9964134693145752 -0.07526037096977234 0.3202478885650635 -0.9952129125595093 0.0316520519554615 -0.09246271103620529 81.69502258300781
-0.09222058951854706 0.08279405534267426 0.9922906160354614 54.937171936035156 0.03516868129372597 0.9961861968040466 -0.07985062897205353 0.23931026458740234 -0.9951173663139343 0.027533676475286484 -0.09478063136339188 81.60865020751953
-0.09477032721042633 0.08529625833034515 0.991838276386261 55.97768783569336 0.03279256820678711 0.9960493445396423 -0.08252506703138351 0.15497159957885742 -0.9949588775634766 0.024703998118638992 -0.09719301015138626 81.50434875488281
-0.09778651595115662 0.08356765657663345 0.9916927218437195 57.029273986816406 0.030839938670396805 0.9962441921234131 -0.08091020584106445 0.06316256523132324 -0.9947294592857361 0.022671809419989586 -0.09999647736549377 81.4041976928711
-0.10037615150213242 0.07963422685861588 0.9917575120925903 58.08148956298828 0.028040137141942978 0.9966222643852234 -0.07718689739704132 -0.024300813674926758 -0.9945542812347412 0.020061299204826355 -0.10227007418870926 81.29730224609375
-0.10283786803483963 0.07799571007490158 0.9916355609893799 59.134117126464844 0.028452040627598763 0.9967438578605652 -0.07544687390327454 -0.11188817024230957 -0.9942910671234131 0.020455263555049896 -0.10472214967012405 81.19233703613281
-0.10497148334980011 0.07832208275794983 0.9913862347602844 60.17597961425781 0.02764325588941574 0.9967383742332458 -0.07581795752048492 -0.20208454132080078 -0.9940909743309021 0.019446419551968575 -0.10679418593645096 81.08903503417969
-0.10613361746072769 0.08123534172773361 0.9910280108451843 61.237518310546875 0.02862103283405304 0.9964938759803772 -0.07861821353435516 -0.28659987449645996 -0.993939995765686 0.02002020552754402 -0.10808653384447098 80.97837829589844
-0.10664555430412292 0.0841737687587738 0.9907277822494507 62.30698013305664 0.029312077909708023 0.9962432384490967 -0.08148711174726486 -0.37287473678588867 -0.9938649535179138 0.020350050181150436 -0.10871222615242004 80.85905456542969
-0.10683620721101761 0.08476170152425766 0.9906572103500366 63.372806549072266 0.028324754908680916 0.9962146878242493 -0.08218257874250412 -0.46799325942993164 -0.9938730597496033 0.019280046224594116 -0.10883267968893051 80.74051666259766
-0.10732357949018478 0.08336438983678818 0.9907229542732239 64.4329833984375 0.025154009461402893 0.9963871836662292 -0.08111608773469925 -0.5616374015808105 -0.9939059615135193 0.01621498540043831 -0.10903278738260269 80.64014434814453
-0.10706063359975815 0.0828826054930687 0.9907918572425842 65.49756622314453 0.0214310921728611 0.9964801669120789 -0.08104270696640015 -0.651026725769043 -0.994021475315094 0.012557268142700195 -0.10846006125211716 80.52566528320312
-0.10715432465076447 0.08400958776473999 0.99068683385849 66.56556701660156 0.01760694943368435 0.9964278936386108 -0.08259204030036926 -0.7434935569763184 -0.994086503982544 0.008592878468334675 -0.1082506999373436 80.41625213623047
-0.10721778124570847 0.08463260531425476 0.9906269907951355 67.64952087402344 0.013563955202698708 0.9964022040367126 -0.08365794271230698 -0.8353676795959473 -0.9941430687904358 0.0044672004878520966 -0.10797998309135437 80.30499267578125
-0.10781663656234741 0.08365146815776825 0.9906452298164368 68.73522186279297 0.009979783557355404 0.9964946508407593 -0.08305923640727997 -0.9383401870727539 -0.994120717048645 0.0009312554029747844 -0.10827352851629257 80.19754028320312
-0.10793980211019516 0.07895690202713013 0.9910170435905457 69.82819366455078 0.010056084021925926 0.9968768954277039 -0.07832849025726318 -1.0240979194641113 -0.9941065907478333 0.0015109891537576914 -0.10839670151472092 80.07976531982422
-0.10848838835954666 0.06985852122306824 0.991640031337738 70.91189575195312 0.013714823871850967 0.9975379705429077 -0.06877357512712479 -1.117110252380371 -0.9940031170845032 0.00613903533667326 -0.10917939245700836 79.97000122070312
-0.10775833576917648 0.0642375648021698 0.9920996427536011 72.03162384033203 0.019778016954660416 0.9978513717651367 -0.062461767345666885 -1.2049424648284912 -0.9939804673194885 0.01289098709821701 -0.10879728198051453 79.8282241821289
-0.10747364163398743 0.06670799851417542 0.991967499256134 73.12428283691406 0.028052594512701035 0.9975526928901672 -0.06404425948858261 -1.278710126876831 -0.9938121438026428 0.02094419114291668 -0.1090819463133812 79.70809936523438
-0.106136254966259 0.07252976298332214 0.9917028546333313 74.24449920654297 0.03309003636240959 0.9970414042472839 -0.06937877088785172 -1.3513281345367432 -0.9938008189201355 0.025451885536313057 -0.10822225362062454 79.57099151611328
-0.10469117760658264 0.07786274701356888 0.9914520382881165 75.34000396728516 0.037540972232818604 0.9965294003486633 -0.07429737597703934 -1.4398343563079834 -0.9937959909439087 0.029441794380545616 -0.1072508692741394 79.44602966308594
-0.10429462045431137 0.08234747499227524 0.9911313652992249 76.43883514404297 0.03790887072682381 0.9961712956428528 -0.07877711951732635 -1.5269217491149902 -0.9938237071037292 0.029356639832258224 -0.10701701045036316 79.33952331542969
-0.10410994291305542 0.07954321056604385 0.9913797974586487 77.59197998046875 0.03511322662234306 0.9964691996574402 -0.07626412063837051 -1.6172966957092285 -0.9939457774162292 0.026870688423514366 -0.10653538256883621 79.21208190917969
-0.10336629301309586 0.07509211450815201 0.9918046593666077 78.71720886230469 0.03424937278032303 0.9968235492706299 -0.07190259546041489 -1.7061424255371094 -0.9940535426139832 0.026536382734775543 -0.10560980439186096 79.08905792236328
-0.10329151898622513 0.07312288135290146 0.9919596314430237 79.85523986816406 0.032485879957675934 0.9970099329948425 -0.07011246681213379 -1.7973856925964355 -0.9941205382347107 0.024982653558254242 -0.10535813868045807 78.97499084472656
-0.10333411395549774 0.07389291375875473 0.9918980598449707 80.9974594116211 0.02978549338877201 0.9970192909240723 -0.07117139548063278 -1.8763148784637451 -0.9942006468772888 0.02218974009156227 -0.1052270382642746 78.86125946044922
-0.10333900153636932 0.07920137047767639 0.9914878010749817 82.1334228515625 0.030985048040747643 0.9965972304344177 -0.07638004422187805 -1.9655754566192627 -0.9941635131835938 0.02282826229929924 -0.10544142127037048 78.7475814819336
-0.10209420323371887 0.08188273757696152 0.9913989901542664 83.25936889648438 0.030682815238833427 0.9963915348052979 -0.07913536578416824 -2.0574886798858643 -0.994301438331604 0.022339647635817528 -0.10423818230628967 78.62342071533203
-0.10150767117738724 0.08095316588878632 0.9915355443954468 84.4109115600586 0.03066476434469223 0.9964646697044373 -0.07821633666753769 -2.147148847579956 -0.9943619966506958 0.022465646266937256 -0.10363122075796127 78.50460815429688
-0.10142017900943756 0.07363838702440262 0.9921145439147949 85.55421447753906 0.03203301504254341 0.9969813823699951 -0.07072499394416809 -2.2474913597106934 -0.9943278431892395 0.024607479572296143 -0.10347286611795425 78.39012908935547
-0.10195412486791611 0.072189562022686 0.99216628074646 86.70811462402344 0.03109464794397354 0.9971074461936951 -0.06935380399227142 -2.3350236415863037 -0.9943029880523682 0.023780155926942825 -0.10390391200780869 78.27702331542969
-0.10191380232572556 0.07509061694145203 0.9919551610946655 87.86371612548828 0.02849026396870613 0.996958315372467 -0.07254225760698318 -2.4246103763580322 -0.9943852424621582 0.020868007093667984 -0.10374318808317184 78.17070770263672
-0.10160450637340546 0.0785602405667305 0.9917182326316833 89.02000427246094 0.027995295822620392 0.9967080354690552 -0.07608732581138611 -2.5067942142486572 -0.9944308996200562 0.020032629370689392 -0.1034693494439125 78.05485534667969
-0.10181958228349686 0.07774936407804489 0.9917599558830261 90.19035339355469 0.026997696608304977 0.9967899322509766 -0.07537195831537247 -2.6023178100585938 -0.9944364428520203 0.019100897014141083 -0.10359178483486176 77.94325256347656
-0.1010546088218689 0.07443935424089432 0.9920920729637146 91.38034057617188 0.026951003819704056 0.9970356822013855 -0.07206505537033081 -2.6942102909088135 -0.9945157766342163 0.019455373287200928 -0.10276128351688385 77.8132553100586
-0.10067586600780487 0.07299983501434326 0.9922375082969666 92.56156158447266 0.026242973282933235 0.9971524477005005 -0.07069871574640274 -2.793869972229004 -0.9945731163024902 0.018921608105301857 -0.10230492800474167 77.70105743408203
-0.0992804616689682 0.0734691470861435 0.9923434853553772 93.74996948242188 0.027728911489248276 0.9970874786376953 -0.07104619592428207 -2.8843069076538086 -0.9946730732917786 0.02046310342848301 -0.10102853178977966 77.58154296875
-0.09824075549840927 0.07411327958106995 0.9923990368843079 94.94749450683594 0.030023876577615738 0.9969896674156189 -0.07148395478725433 -2.9719183444976807 -0.9947096705436707 0.022773029282689095 -0.10017019510269165 77.45916748046875
-0.09719724953174591 0.0733431726694107 0.9925590753555298 96.15379333496094 0.03018399514257908 0.9970395565032959 -0.07071845978498459 -3.0639231204986572 -0.9948073029518127 0.023085758090019226 -0.09912329167127609 77.3385238647461
-0.0958622395992279 0.07392062991857529 0.9926460385322571 97.35613250732422 0.03144337236881256 0.9969659447669983 -0.07120576500892639 -3.156106948852539 -0.9948978424072266 0.024386191740632057 -0.09789570420980453 77.22123718261719
-0.09476315975189209 0.07234358787536621 0.9928677678108215 98.5553207397461 0.030820045620203018 0.9970911145210266 -0.06970974802970886 -3.244943141937256 -0.995022714138031 0.023994311690330505 -0.09671713411808014 77.1142578125
-0.09354549646377563 0.07103438675403595 0.9930776953697205 99.77552032470703 0.029701516032218933 0.9972066283226013 -0.06853193044662476 -3.343249559402466 -0.9951719045639038 0.023085057735443115 -0.09539402276277542 76.98880767822266
-0.09191843122243881 0.07073524594306946 0.9932509660720825 100.99170684814453 0.030785249546170235 0.997198760509491 -0.06816744804382324 -3.4280731678009033 -0.9952906370162964 0.024311630055308342 -0.09383854269981384 76.87578582763672
-0.08973813056945801 0.07150660455226898 0.9933951497077942 102.22112274169922 0.028606019914150238 0.9971928596496582 -0.06919585913419724 -3.5209741592407227 -0.9955545663833618 0.02220757305622101 -0.09153174608945847 76.76106262207031
-0.08890394121408463 0.07396481186151505 0.9932901263237 103.4498519897461 0.029102280735969543 0.9970061182975769 -0.07163672149181366 -3.612074613571167 -0.9956149458885193 0.02253822237253189 -0.09079031646251678 76.65409088134766
-0.08794912695884705 0.07285062968730927 0.9934574365615845 104.6722412109375 0.02644162066280842 0.9971414804458618 -0.070779949426651 -3.700469732284546 -0.9957739114761353 0.020043594762682915 -0.08962401747703552 76.55335235595703
-0.08721183240413666 0.0715838149189949 0.9936145544052124 105.91854858398438 0.023478899151086807 0.9972855448722839 -0.06978749483823776 -3.799898862838745 -0.995913028717041 0.017242681235074997 -0.08865581452846527 76.44580841064453
-0.08730221539735794 0.07265327125787735 0.9935290217399597 107.16033935546875 0.020664207637310028 0.9972544312477112 -0.07110992074012756 -3.8901398181915283 -0.9959675073623657 0.01432243175804615 -0.08856385201215744 76.3432388305664
-0.08719365298748016 0.0721045732498169 0.9935784339904785 108.38636779785156 0.01760733127593994 0.9973328709602356 -0.07083185762166977 -3.9840471744537354 -0.9960357546806335 0.011318175122141838 -0.08823065459728241 76.23307037353516
-0.08825432509183884 0.06940574198961258 0.9936769604682922 109.63307189941406 0.014707471244037151 0.9975516200065613 -0.06837012618780136 -4.079649925231934 -0.9959893822669983 0.008580516092479229 -0.08905903249979019 76.12667846679688
-0.08965081721544266 0.06797969341278076 0.9936506152153015 110.89637756347656 0.01262901071459055 0.997665286064148 -0.067114919424057 -4.174300670623779 -0.995893120765686 0.006531914696097374 -0.09030003845691681 76.02249908447266
-0.09165256470441818 0.0674121156334877 0.993506669998169 112.16294860839844 0.010544780641794205 0.9977156519889832 -0.06672493368387222 -4.264193534851074 -0.9957351684570312 0.0043607959523797035 -0.09215405583381653 75.92263793945312
-0.09271534532308578 0.06711272895336151 0.9934282898902893 113.4098129272461 0.010830627754330635 0.997734785079956 -0.06639283895492554 -4.366093635559082 -0.9956337213516235 0.004603815730661154 -0.09323221445083618 75.80143737792969
-0.09500455111265182 0.06590606272220612 0.9932927489280701 114.67007446289062 0.010443847626447678 0.9978170394897461 -0.0652073472738266 -4.454369068145752 -0.9954220056533813 0.004178803879767656 -0.09548547118902206 75.68523406982422
-0.0984841138124466 0.061085063964128494 0.9932620525360107 115.93673706054688 0.007222143467515707 0.9981318712234497 -0.0606684610247612 -4.543708801269531 -0.995112419128418 0.0011986014433205128 -0.09874129295349121 75.57386779785156
-0.10299090296030045 0.06110011041164398 0.9928038716316223 117.19535064697266 0.006324068643152714 0.9981316328048706 -0.060771942138671875 -4.628027439117432 -0.9946622252464294 1.9602883185143583e-05 -0.10318487137556076 75.45157623291016
-0.10818173736333847 0.06722204387187958 0.9918557405471802 118.43943786621094 0.002360419137403369 0.9977257251739502 -0.06736242771148682 -4.714359283447266 -0.9941283464431763 -0.004946187604218721 -0.10809437930583954 75.318603515625
-0.11571802943944931 0.07028601318597794 0.9907922744750977 119.66181945800781 0.0029977550730109215 0.997513473033905 -0.07041269540786743 -4.804065704345703 -0.9932774901390076 -0.005177865736186504 -0.11564097553491592 75.18922424316406
-0.12431914359331131 0.06640097498893738 0.9900180101394653 120.91879272460938 0.00504645612090826 0.9977876543998718 -0.06628841161727905 -4.898616790771484 -0.9922294616699219 -0.0032448351848870516 -0.12437917292118073 75.02732849121094
-0.1350887566804886 0.06439539790153503 0.9887387752532959 122.14844512939453 0.007357073947787285 0.9979234933853149 -0.06398843228816986 -4.990292549133301 -0.9908061623573303 -0.0013698930852115154 -0.1352820247411728 74.8623046875
-0.1480283886194229 0.06521163880825043 0.9868308305740356 123.37737274169922 0.007567979395389557 0.9978691935539246 -0.06480586528778076 -5.082256317138672 -0.9889540672302246 -0.0021247901022434235 -0.14820651710033417 74.68374633789062
