1.0 0.0 0.0 0.0 0.0 1.0 0.0 0.0 0.0 0.0 1.0 0.0
0.9999986290931702 0.0007772939861752093 0.001468809787184 -0.00616272259503603 -0.0007705697207711637 0.9999892711639404 -0.004573073238134384 -0.0022782781161367893 -0.0014723485801368952 0.004571935161948204 0.9999884366989136 0.9643425345420837
0.9999966621398926 -0.0014375308528542519 0.002149287611246109 -0.0025373022072017193 0.001449001021683216 0.9999846816062927 -0.005344763398170471 -0.0008076410740613937 -0.002141571370884776 0.00534785958006978 0.9999834299087524 1.9188629388809204
0.9999933242797852 -0.0024757294449955225 0.00268057850189507 -0.010122211650013924 0.002479087794199586 0.9999961256980896 -0.0012503808829933405 -0.004585101269185543 -0.002677472773939371 0.0012570180697366595 0.9999955892562866 2.851926326751709
0.9999856948852539 -0.0049315630458295345 0.0020733564160764217 -0.007520112209022045 0.004921296611428261 0.9999756813049316 0.004928013309836388 -0.008135255426168442 -0.0020976082887500525 -0.00491773895919323 0.9999856948852539 3.8004744052886963
0.9999635815620422 -0.008517898619174957 0.0005159454885870218 -0.004500287584960461 0.008515187539160252 0.9999509453773499 0.0050468770787119865 -0.0051789674907922745 -0.0005589087959378958 -0.005042300093919039 0.9999870657920837 4.738342761993408
0.9999386668205261 -0.011076418682932854 -9.022574522532523e-05 -0.007948780432343483 0.011076584458351135 0.9999363422393799 0.002115695970132947 -0.0030508721247315407 6.678565114270896e-05 -0.0021165653597563505 0.9999977350234985 5.667864799499512
0.9999299049377441 -0.011799806728959084 -0.000992615707218647 -0.014148135669529438 0.01179827842861414 0.9999291896820068 -0.001531817950308323 0.0025774920359253883 0.001010620384477079 0.0015200001653283834 0.9999983310699463 6.589280605316162
0.9999338388442993 -0.011394000612199306 -0.001577869988977909 -0.017674623057246208 0.011391181498765945 0.9999335408210754 -0.001784403924830258 -0.0027597276493906975 0.0015980966854840517 0.001766312401741743 0.999997079372406 7.520249843597412
0.9999336004257202 -0.011212076060473919 -0.00265516247600317 -0.026985596865415573 0.011212717741727829 0.999937117099762 0.0002269131364300847 -0.003773982170969248 0.0026524513959884644 -0.00025666970759630203 0.9999964237213135 8.432530403137207
0.9999377131462097 -0.010762273333966732 -0.002960548037663102 -0.0380735769867897 0.010770197957754135 0.999938428401947 0.0026744413189589977 0.0027802158147096634 0.0029315827414393425 -0.0027061598375439644 0.9999920129776001 9.373299598693848
0.9999328255653381 -0.010941963642835617 -0.0038043137174099684 -0.0472872368991375 0.010958155617117882 0.9999309182167053 0.0042617046274244785 0.004979085177183151 0.0037574192974716425 -0.004303106106817722 0.9999836087226868 10.295884132385254
0.9999158978462219 -0.01210858579725027 -0.004628223367035389 -0.05047404021024704 0.012132753618061543 0.9999127388000488 0.005229668226093054 0.004391901195049286 0.004564494825899601 -0.005285381805151701 0.9999756217002869 11.207221031188965
0.9999070167541504 -0.012449419125914574 -0.005562339909374714 -0.05853215605020523 0.012480250559747219 0.9999067187309265 0.005542943254113197 0.004460647702217102 0.005492814816534519 -0.005611847620457411 0.9999691843986511 12.122119903564453
0.99989914894104 -0.012776189483702183 -0.006195906084030867 -0.06796468794345856 0.012800539843738079 0.9999103546142578 0.003906389698386192 0.009606815874576569 0.006145442370325327 -0.0039853062480688095 0.9999731183052063 13.018139839172363
0.9998869299888611 -0.013130866922438145 -0.007320761680603027 -0.08075211197137833 0.013143704272806644 0.9999121427536011 0.0017080990364775062 0.018168389797210693 0.007297689560800791 -0.0018041281728073955 0.9999717473983765 13.925652503967285
0.9998559355735779 -0.014408723451197147 -0.008973347954452038 -0.08946910500526428 0.01441051997244358 0.9998961687088013 0.0001356382854282856 0.02601761557161808 0.008970461785793304 -0.0002649294910952449 0.9999597668647766 14.830560684204102
0.9998461008071899 -0.014012047089636326 -0.010556774213910103 -0.10835196077823639 0.014008061029016972 0.9999018311500549 -0.00045135512482374907 0.02562740258872509 0.01056206040084362 0.0003034058026969433 0.9999441504478455 15.739459991455078
0.999840259552002 -0.013144462369382381 -0.01210661418735981 -0.12207286059856415 0.013128979131579399 0.9999129176139832 -0.0013573890319094062 0.02575741894543171 0.012123402208089828 0.0011982248397544026 0.9999257922172546 16.64096450805664
0.9998329877853394 -0.012105263769626617 -0.013686561957001686 -0.1390000879764557 0.012088486924767494 0.9999260306358337 -0.0013078837655484676 0.027666624635457993 0.013701383955776691 0.001142215565778315 0.9999054074287415 17.522764205932617
0.9998040199279785 -0.012653070501983166 -0.015219432301819324 -0.15663456916809082 0.012646788731217384 0.9999199509620667 -0.0005088642938062549 0.028285592794418335 0.015224648639559746 0.0003162879147566855 0.9998840093612671 18.414812088012695
0.9997823238372803 -0.012315618805587292 -0.01684187725186348 -0.17534001171588898 0.012335747480392456 0.9999234080314636 0.0010916790924966335 0.024724140763282776 0.016827140003442764 -0.0012991983676329255 0.999857485294342 19.307111740112305
0.999764621257782 -0.01197766698896885 -0.01809116266667843 -0.19780270755290985 0.012012055143713951 0.9999262094497681 0.0017932706978172064 0.0249645933508873 0.018068348988890648 -0.0020101601257920265 0.9998347163200378 20.18512725830078
0.9997292160987854 -0.012698435224592686 -0.019499674439430237 -0.21518434584140778 0.012729013338685036 0.9999179244041443 0.0014447207795456052 0.02678845077753067 0.01947972923517227 -0.0016925411764532328 0.9998088479042053 21.071313858032227
0.9996929168701172 -0.012513685040175915 -0.02138691581785679 -0.23628751933574677 0.01252933032810688 0.9999213218688965 0.0005977196851745248 0.03184492141008377 0.02137775532901287 -0.0008655000710859895 0.9997711777687073 21.94208526611328
0.9996610283851624 -0.012813031673431396 -0.022660084068775177 -0.256928414106369 0.012843829579651356 0.9999167919158936 0.001214121119119227 0.03162098675966263 0.02264264225959778 -0.0015047520864754915 0.9997425079345703 22.808223724365234
0.9996488094329834 -0.01241401769220829 -0.0234131570905447 -0.2840232849121094 0.012489578686654568 0.9999172687530518 0.0030838153325021267 0.03446165844798088 0.023372933268547058 -0.0033751530572772026 0.999721109867096 23.65898895263672
0.9996155500411987 -0.013443946838378906 -0.02424982748925686 -0.304666668176651 0.013583854772150517 0.9998920559883118 0.005613989662379026 0.038929931819438934 0.024171732366085052 -0.005941237322986126 0.9996901750564575 24.504901885986328
0.9995979070663452 -0.013592789880931377 -0.024881727993488312 -0.3325633704662323 0.01378861628472805 0.9998750686645508 0.0077156927436590195 0.036516398191452026 0.024773746728897095 -0.008055675774812698 0.9996606707572937 25.34546661376953
0.9995900988578796 -0.012923859059810638 -0.025543076917529106 -0.353300541639328 0.013092178851366043 0.9998936057090759 0.006433466449379921 0.037480369210243225 0.025457214564085007 -0.0067652445286512375 0.9996529817581177 26.177955627441406
0.9995976090431213 -0.01136633101850748 -0.02598843351006508 -0.38554081320762634 0.011463481932878494 0.9999277591705322 0.0035923097748309374 0.044361986219882965 0.025945724919438362 -0.003888781415298581 0.9996558427810669 26.983789443969727
0.9995819926261902 -0.010745265521109104 -0.026842333376407623 -0.4103074371814728 0.01080163661390543 0.9999397397041321 0.0019558770582079887 0.04714379087090492 0.026819705963134766 -0.002245000097900629 0.9996377825737 27.788742065429688
0.9995622038841248 -0.009619040414690971 -0.0279783234000206 -0.4314211308956146 0.009663164615631104 0.9999522566795349 0.0014423488173633814 0.051984675228595734 0.02796311303973198 -0.001712076598778367 0.999607503414154 28.581268310546875
0.9995216131210327 -0.00955636240541935 -0.029416093602776527 -0.45539969205856323 0.009588750079274178 0.9999535083770752 0.0009601008496247232 0.051446396857500076 0.02940555475652218 -0.0012417049147188663 0.9995668530464172 29.369672775268555
0.9994649887084961 -0.009351415559649467 -0.03133956342935562 -0.48603782057762146 0.009362637996673584 0.9999561309814453 0.00021138601005077362 0.0498160794377327 0.03133620694279671 -0.0005046942969784141 0.9995087385177612 30.14558982849121
0.9994090795516968 -0.009322527796030045 -0.03308434784412384 -0.515535295009613 0.009330055676400661 0.999956488609314 7.319495489355177e-05 0.050742074847221375 0.03308222442865372 -0.0003818305558525026 0.999452531337738 30.910415649414062
0.9993365406990051 -0.009602718986570835 -0.03513196110725403 -0.5448815822601318 0.00965564139187336 0.9999524354934692 0.0013370198430493474 0.05153299868106842 0.03511745482683182 -0.001675354433245957 0.9993817806243896 31.663833618164062
0.9992536306381226 -0.009578106924891472 -0.037424568086862564 -0.5713329911231995 0.009715479798614979 0.9999467134475708 0.003490481059998274 0.05628848448395729 0.03738914057612419 -0.0038514730986207724 0.9992933869361877 32.414398193359375
0.9991920590400696 -0.008880364708602428 -0.03919672593474388 -0.6066812872886658 0.009071607142686844 0.9999477863311768 0.004703928250819445 0.0591631755232811 0.03915290907025337 -0.005055705085396767 0.9992204308509827 33.170814514160156
0.9991239309310913 -0.00756553839892149 -0.041160374879837036 -0.6422710418701172 0.007779101841151714 0.9999570846557617 0.005030871834605932 0.06031253933906555 0.04112054407596588 -0.00534665584564209 0.9991399049758911 33.89668273925781
0.9990667104721069 -0.004817792680114508 -0.04292503371834755 -0.6817095279693604 0.005008303560316563 0.9999781250953674 0.0043317824602127075 0.0601082444190979 0.042903222143650055 -0.004542720969766378 0.9990689158439636 34.61172103881836
0.9989803433418274 -0.0036990121006965637 -0.04499520733952522 -0.7100731134414673 0.0038634866941720247 0.9999861717224121 0.0035689659416675568 0.06523166596889496 0.04498139023780823 -0.00373916607350111 0.9989808201789856 35.333614349365234
0.9989058971405029 -0.00339274643920362 -0.046641502529382706 -0.745098888874054 0.0036084335297346115 0.9999831914901733 0.004540937952697277 0.07026326656341553 0.04662531241774559 -0.004704271908849478 0.9989013671875 36.039031982421875
0.9988526105880737 -0.0019795596599578857 -0.047848790884017944 -0.7816514372825623 0.0022973748855292797 0.9999756813049316 0.006588002201169729 0.07429906725883484 0.04783457890152931 -0.006690369453281164 0.9988328218460083 36.735626220703125
0.9988606572151184 0.0009655422763898969 -0.04771236702799797 -0.8237791657447815 -0.0006218571215867996 0.9999738931655884 0.007217588368803263 0.0719907283782959 0.04771807789802551 -0.007179695647209883 0.998835027217865 37.41477966308594
0.998900830745697 0.004198449198156595 -0.0466858446598053 -0.859505295753479 -0.003956361673772335 0.999978244304657 0.005276648327708244 0.07220868766307831 0.04670698940753937 -0.005086142104119062 0.9988956451416016 38.08051681518555
0.9989731907844543 0.005582151003181934 -0.04495994374155998 -0.8976733088493347 -0.005481180269271135 0.9999821186065674 0.0023687630891799927 0.07225597649812698 0.044972363859415054 -0.0021198969334363937 0.9989859461784363 38.734161376953125
0.9990600943565369 0.006359254941344261 -0.04287789389491081 -0.9256322979927063 -0.006367139518260956 0.9999797344207764 -4.7301135055022314e-05 0.08398605138063431 0.0428767167031765 0.00032026603003032506 0.9990803003311157 39.38777160644531
0.9991761445999146 0.007270918693393469 -0.039928849786520004 -0.952327311038971 -0.007235704455524683 0.9999733567237854 0.0010263740550726652 0.0813927948474884 0.03993524610996246 -0.0007366149220615625 0.9992019534111023 40.031803131103516
0.999254584312439 0.012036127969622612 -0.036681436002254486 -0.9876982569694519 -0.011907750740647316 0.9999222159385681 0.0037162310909479856 0.08423870801925659 0.03672332316637039 -0.0032766670919954777 0.9993200898170471 40.66741180419922
0.9993146657943726 0.016349518671631813 -0.03321300074458122 -1.0056785345077515 -0.016128774732351303 0.9998460412025452 0.006903564557433128 0.08913496136665344 0.03332076221704483 -0.006363146007061005 0.9994244575500488 41.306861877441406
0.9993508458137512 0.02128288708627224 -0.02906874567270279 -1.0283961296081543 -0.02106798067688942 0.9997485876083374 0.007679511792957783 0.09462100267410278 0.029224876314401627 -0.00706210732460022 0.9995478987693787 41.9144287109375
0.9993956685066223 0.025168925523757935 -0.023971840739250183 -1.0462193489074707 -0.024983637034893036 0.9996559619903564 0.007997927255928516 0.10006219148635864 0.024164890870451927 -0.0073941899463534355 0.9996806383132935 42.49801254272461
0.999413013458252 0.029324766248464584 -0.01771165058016777 -1.0724399089813232 -0.029148902744054794 0.999523937702179 0.010107421316206455 0.10583034157752991 0.017999619245529175 -0.009585212916135788 0.9997919797897339 43.068603515625
0.9993634223937988 0.03379681333899498 -0.011425883509218693 -1.073960304260254 -0.03366689011454582 0.9993683099746704 0.011378302238881588 0.10212019085884094 0.01180321630090475 -0.010986385866999626 0.9998699426651001 43.61627197265625
0.999295711517334 0.03727498650550842 -0.004313518293201923 -1.0818443298339844 -0.03722537308931351 0.9992457032203674 0.011061225086450577 0.10484623908996582 0.004722572863101959 -0.010892861522734165 0.9999295473098755 44.14891815185547
0.9991733431816101 0.040540922433137894 0.003022509627044201 -1.0853713750839233 -0.04057224467396736 0.9991143941879272 0.011141899973154068 0.10669189691543579 -0.0025681303814053535 -0.011255319230258465 0.9999334216117859 44.657135009765625
0.9989558458328247 0.04454716667532921 0.010143816471099854 -1.0778394937515259 -0.044654522091150284 0.9989460706710815 0.010614575818181038 0.1100064218044281 -0.009660275653004646 -0.01105645764619112 0.9998922944068909 45.1487922668457
0.9986611008644104 0.04860496148467064 0.017711643129587173 -1.074461817741394 -0.04875003173947334 0.9987801313400269 0.007852992042899132 0.1130501925945282 -0.017308343201875687 -0.008705919608473778 0.9998123049736023 45.62361145019531
0.9983869194984436 0.05066308751702309 0.0256279855966568 -1.0613367557525635 -0.05080409348011017 0.9986968040466309 0.0048810518346726894 0.11332236230373383 -0.02534729242324829 -0.006175185088068247 0.9996597766876221 46.07896423339844
0.9981329441070557 0.05110263451933861 0.033453647047281265 -1.045199990272522 -0.05128619447350502 0.998673141002655 0.004651329014450312 0.11640292406082153 -0.03317156434059143 -0.006358354352414608 0.9994295239448547 46.508235931396484
0.9978739023208618 0.05034731701016426 0.04138479009270668 -1.022326111793518 -0.050640080124139786 0.9986985921859741 0.006056036334484816 0.1162678599357605 -0.0410260334610939 -0.00813889130949974 0.9991249442100525 46.9045524597168
0.9974315762519836 0.052031949162483215 0.04922042787075043 -0.9978899955749512 -0.05242444947361946 0.9986023306846619 0.006716474425047636 0.11970703303813934 -0.04880215972661972 -0.009279578924179077 0.9987654089927673 47.296138763427734
0.996768057346344 0.05529657006263733 0.0582723543047905 -0.9893674850463867 -0.05579352751374245 0.9984182119369507 0.006934870034456253 0.11717250943183899 -0.05779670551419258 -0.010163676925003529 0.9982766509056091 47.65240478515625
0.9959648847579956 0.060194917023181915 0.06656330078840256 -0.9586009979248047 -0.060739871114492416 0.998134434223175 0.0061919838190078735 0.12026220560073853 -0.06606640666723251 -0.010210043750703335 0.9977630376815796 47.97892379760742
0.9950610995292664 0.06408891081809998 0.0758020430803299 -0.9410507678985596 -0.06476091593503952 0.9978800415992737 0.006438249722123146 0.11669498682022095 -0.0752287283539772 -0.011315464973449707 0.9971020221710205 48.27967071533203
0.9943358898162842 0.06335990875959396 0.08533254265785217 -0.9151201248168945 -0.06420183926820755 0.997911274433136 0.0071557960473001 0.11496251821517944 -0.08470092713832855 -0.012593772262334824 0.996326744556427 48.565101623535156
0.9934629797935486 0.06211339682340622 0.09577788412570953 -0.8732285499572754 -0.06289663165807724 0.9980066418647766 0.0051776207983493805 0.11531296372413635 -0.09526536613702774 -0.011167882941663265 0.9953892827033997 48.840370178222656
0.9923576712608337 0.06060243397951126 0.1074877604842186 -0.8369193077087402 -0.06104216352105141 0.9981348514556885 0.0008024921989999712 0.11155582964420319 -0.10723864287137985 -0.007357645779848099 0.9942060112953186 49.0986442565918
0.9907707571983337 0.06164753437042236 0.12071822583675385 -0.7950797080993652 -0.06169310584664345 0.9980894923210144 -0.0033635334111750126 0.11388380825519562 -0.12069494277238846 -0.004114993382245302 0.992681086063385 49.365478515625
0.9886643886566162 0.06310904771089554 0.13623511791229248 -0.7568769454956055 -0.06294043362140656 0.9980018734931946 -0.0055491141974925995 0.11172711849212646 -0.13631309568881989 -0.0030884866137057543 0.9906609654426575 49.629295349121094
0.9861902594566345 0.06504259258508682 0.15230968594551086 -0.7050938606262207 -0.06476201117038727 0.9978775382041931 -0.006807682570070028 0.10728141665458679 -0.15242916345596313 -0.0031502109486609697 0.988309383392334 49.87721252441406
0.9834021925926208 0.06551821529865265 0.1691969484090805 -0.6500272750854492 -0.06510324031114578 0.9978464245796204 -0.008005195297300816 0.10724601149559021 -0.1693570762872696 -0.0031429415103048086 0.9855497479438782 50.136619567871094
0.9801554679870605 0.06452527642250061 0.187435120344162 -0.5921545028686523 -0.06389346718788147 0.9979122877120972 -0.009416752494871616 0.10878691077232361 -0.18765144050121307 -0.0027459999546408653 0.982231855392456 50.39736557006836
0.9762735366821289 0.06393834203481674 0.2068861722946167 -0.526148796081543 -0.06333282589912415 0.9979467391967773 -0.009555461816489697 0.10248449444770813 -0.20707231760025024 -0.0037739407271146774 0.9783183932304382 50.63312530517578
0.9718419313430786 0.06392013281583786 0.2267986238002777 -0.45040130615234375 -0.06315693259239197 0.9979470372200012 -0.01062765996903181 0.09708774089813232 -0.22701233625411987 -0.003995504230260849 0.9738836288452148 50.868412017822266
0.9665743112564087 0.066112220287323 0.24771617352962494 -0.3728923797607422 -0.06488823145627975 0.9978064894676208 -0.01311136968433857 0.09850817918777466 -0.2480396032333374 -0.00340075371786952 0.9687439203262329 51.1109619140625
0.960375964641571 0.0673387199640274 0.2704506516456604 -0.28763389587402344 -0.06570352613925934 0.9977248311042786 -0.015106011182069778 0.09155279397964478 -0.27085256576538086 -0.003262108191847801 0.9626153111457825 51.34130859375
0.9530968070030212 0.06874334067106247 0.2947554886341095 -0.1914653778076172 -0.0669168010354042 0.9976255297660828 -0.016291189938783646 0.0841059684753418 -0.2951754927635193 -0.004197012633085251 0.9554338455200195 51.59608840942383
0.9445822834968567 0.0715736523270607 0.32037708163261414 -0.0939340591430664 -0.0697304904460907 0.9974168539047241 -0.017237745225429535 0.07782644033432007 -0.32078325748443604 -0.0060575781390070915 0.9471332430839539 51.83460235595703
0.9347418546676636 0.07364942133426666 0.3476111590862274 0.01468658447265625 -0.07177133858203888 0.9972532987594604 -0.018294688314199448 0.06867456436157227 -0.3480038046836853 -0.007847711443901062 0.9374603033065796 52.070045471191406
0.9235723614692688 0.0743093267083168 0.3761545419692993 0.13498306274414062 -0.07220391929149628 0.9971950054168701 -0.019713569432497025 0.06252264976501465 -0.37656429409980774 -0.008952923119068146 0.9263472557067871 52.31044387817383
0.9110580682754517 0.07218778878450394 0.40590912103652954 0.27744293212890625 -0.06930653750896454 0.9973568320274353 -0.021814482286572456 0.05209541320800781 -0.4064110219478607 -0.008257901296019554 0.9136530756950378 52.54545974731445
0.8961493968963623 0.06961830705404282 0.4382573366165161 0.42144012451171875 -0.06547753512859344 0.9975513219833374 -0.02457500249147415 0.04608619213104248 -0.4388951063156128 -0.00667314138263464 0.8985135555267334 52.77140808105469
0.878873348236084 0.0689765065908432 0.4720422327518463 0.5777072906494141 -0.06286223977804184 0.9976084232330322 -0.02873384952545166 0.035507917404174805 -0.4728953242301941 -0.00442022318020463 0.8811075091362 52.99147415161133
0.8593997359275818 0.07092752307653427 0.5063608884811401 0.7418479919433594 -0.062282562255859375 0.9974787831306458 -0.03401345759630203 0.02964043617248535 -0.50749671459198 -0.00230629974976182 0.8616505861282349 53.21746826171875
0.8376827239990234 0.07283800840377808 0.5412783622741699 0.9295711517333984 -0.061774842441082 0.9973431825637817 -0.03860631212592125 0.02121889591217041 -0.5426522493362427 -0.0010975379263982177 0.8399567604064941 53.44462585449219
0.8131016492843628 0.07559435069561005 0.5771924257278442 1.123870849609375 -0.06267184019088745 0.9971370100975037 -0.04230711609125137 0.011732220649719238 -0.5787380933761597 -0.0017737187445163727 0.8155114650726318 53.6717529296875
0.7856013178825378 0.07972270250320435 0.6135753989219666 1.334024429321289 -0.06576523184776306 0.9968057870864868 -0.045312728732824326 2.47955322265625e-05 -0.6152279376983643 -0.00475419033318758 0.7883349657058716 53.90367126464844
0.755672812461853 0.08418691903352737 0.6495160460472107 1.5601539611816406 -0.06954636424779892 0.9964117407798767 -0.04823674261569977 -0.014741897583007812 -0.6512463092803955 -0.008720288053154945 0.7588161826133728 54.133296966552734
0.7226491570472717 0.08506906777620316 0.6859602332115173 1.8189506530761719 -0.068955197930336 0.9963197112083435 -0.05091483145952225 -0.033806800842285156 -0.687766969203949 -0.010506975464522839 0.7258554697036743 54.369632720947266
0.6860062479972839 0.08272068202495575 0.722878098487854 2.0970993041992188 -0.06550956517457962 0.9965031147003174 -0.0518641471862793 -0.05345487594604492 -0.7246405482292175 -0.011776299215853214 0.6890263557434082 54.59272766113281
0.6469195485115051 0.08114907145500183 0.7582281231880188 2.392690658569336 -0.06252516806125641 0.9966182708740234 -0.05331626534461975 -0.07666826248168945 -0.7599905729293823 -0.012917004525661469 0.6498057246208191 54.80162811279297
0.6043497323989868 0.08039392530918121 0.7926526069641113 2.7250633239746094 -0.06027478724718094 0.9966582655906677 -0.05512909218668938 -0.09902524948120117 -0.7944357991218567 -0.014459705911576748 0.6071759462356567 55.02116394042969
0.5582234859466553 0.08026229590177536 0.8257993459701538 3.0886268615722656 -0.05672907084226608 0.9966729283332825 -0.05852241441607475 -0.11826467514038086 -0.8277490735054016 -0.014178245328366756 0.5609194040298462 55.231689453125
0.5094017386436462 0.0790083184838295 0.8568941950798035 3.455768585205078 -0.053478628396987915 0.996757984161377 -0.06011252850294113 -0.14412319660186768 -0.8588653802871704 -0.015204090625047684 0.5119756460189819 55.425811767578125
0.46095356345176697 0.07790473848581314 0.8839980959892273 3.8785858154296875 -0.05224372819066048 0.996793806552887 -0.06060309335589409 -0.15869176387786865 -0.8858850598335266 -0.018248144537210464 0.4635457396507263 55.61048889160156
0.41192784905433655 0.07545635104179382 0.908086895942688 4.3151702880859375 -0.05103285610675812 0.9969117641448975 -0.059687525033950806 -0.18058931827545166 -0.9097862243652344 -0.021755315363407135 0.4145064949989319 55.7712516784668
0.3610427975654602 0.07525485754013062 0.9295077919960022 4.770210266113281 -0.05423882231116295 0.9967458248138428 -0.059630949050188065 -0.20300400257110596 -0.9309706091880798 -0.028886085376143456 0.3639496862888336 55.93984603881836
0.3120877742767334 0.07611226290464401 0.9469995498657227 5.236566543579102 -0.05263897776603699 0.9966399669647217 -0.0627545416355133 -0.22223961353302002 -0.9485938549041748 -0.03026416152715683 0.3150455951690674 56.063873291015625
0.2647058665752411 0.07233977317810059 0.9616119861602783 5.705571174621582 -0.0416533462703228 0.9971094131469727 -0.06354411691427231 -0.26089227199554443 -0.9634292125701904 -0.023233860731124878 0.26695382595062256 56.15019989013672
0.22053834795951843 0.06665435433387756 0.9730981588363647 6.218592643737793 -0.028233284130692482 0.9976805448532104 -0.061939503997564316 -0.2852281928062439 -0.9749696254730225 -0.01381372008472681 0.22190873324871063 56.22652053833008
0.17830953001976013 0.0656401589512825 0.9817825555801392 6.7433671951293945 -0.018846042454242706 0.9978172183036804 -0.06328941881656647 -0.3141106963157654 -0.9837940335273743 -0.007217613980174065 0.17915740609169006 56.291263580322266
0.1396668255329132 0.0670994445681572 0.9879224896430969 7.28256368637085 -0.015773553401231766 0.9977256655693054 -0.0655352994799614 -0.339596152305603 -0.9900729656219482 -0.006429943721741438 0.14040756225585938 56.34761047363281
0.10730912536382675 0.0678645670413971 0.9919068217277527 7.796300411224365 -0.007293493486940861 0.9976945519447327 -0.06747151166200638 -0.37578558921813965 -0.9941989183425903 5.842345217388356e-06 0.10755670815706253 56.36662673950195
0.0782439336180687 0.06612088531255722 0.9947391152381897 8.356866836547852 -2.499227412045002e-05 0.9977982640266418 -0.06632226705551147 -0.4126719832420349 -0.9969342350959778 0.0051644532941281796 0.07807331532239914 56.38914108276367
0.05327974259853363 0.0643177181482315 0.9965061545372009 8.927389144897461 0.0065929945558309555 0.997879147529602 -0.06475884467363358 -0.44829219579696655 -0.9985579252243042 0.010020294226706028 0.05274268984794617 56.401668548583984
0.03334759920835495 0.06346816569566727 0.9974265098571777 9.505521774291992 0.011755716986954212 0.9978876709938049 -0.06389056146144867 -0.47266441583633423 -0.9993746876716614 0.013856062665581703 0.032531045377254486 56.404541015625
0.01765657216310501 0.06564638018608093 0.9976867437362671 10.081939697265625 0.014798328280448914 0.9977157711982727 -0.06591019034385681 -0.49716150760650635 -0.9997345209121704 0.015927841886878014 0.016644785180687904 56.39971160888672
0.003932769410312176 0.06528649479150772 0.9978589415550232 10.680935859680176 0.015173564665019512 0.9977477788925171 -0.06533901393413544 -0.5338478684425354 -0.9998770952224731 0.015398037619888783 0.0029332824051380157 56.401065826416016
-0.007588129490613937 0.06613434851169586 0.9977818131446838 11.292208671569824 0.0161016583442688 0.9976893067359924 -0.06600576639175415 -0.5700401663780212 -0.999841570854187 0.01556508056819439 -0.008635470643639565 56.39386749267578
-0.01628621108829975 0.06888111680746078 0.9974919557571411 11.916959762573242 0.020992113277316093 0.9974278807640076 -0.06853394210338593 -0.6094552874565125 -0.9996469616889954 0.019823305308818817 -0.017690273001790047 56.369239807128906
-0.022859396412968636 0.07095548510551453 0.9972174763679504 12.537196159362793 0.025120986625552177 0.9972040057182312 -0.07037866115570068 -0.641075611114502 -0.9994230270385742 0.02344227395951748 -0.024577951058745384 56.340301513671875
-0.027340156957507133 0.07032899558544159 0.9971491098403931 13.176899909973145 0.025783412158489227 0.9972397685050964 -0.06962843239307404 -0.6743631958961487 -0.9992936253547668 0.02380625158548355 -0.029078010469675064 56.319793701171875
-0.03109772503376007 0.06756936758756638 0.9972298741340637 13.831426620483398 0.023327914997935295 0.9974896311759949 -0.06685950607061386 -0.7105598449707031 -0.9992440342903137 0.021184111014008522 -0.0325959138572216 56.304840087890625
-0.033964853733778 0.06058109551668167 0.9975852966308594 14.524578094482422 0.021105296909809113 0.9979820251464844 -0.05988660827279091 -0.7529577016830444 -0.9992002248764038 0.019020292907953262 -0.0351748988032341 56.30440902709961
-0.034970253705978394 0.055229946970939636 0.9978610277175903 15.222357749938965 0.02234652452170849 0.9982653856277466 -0.05446917936205864 -0.7845261096954346 -0.9991384744644165 0.02039392665028572 -0.03614378720521927 56.26177978515625
-0.03516107425093651 0.052554354071617126 0.997998833656311 15.914037704467773 0.02492961660027504 0.9983516335487366 -0.05169462040066719 -0.8195183277130127 -0.9990707039833069 0.02306208573281765 -0.036413274705410004 56.23049545288086
-0.03505947068333626 0.05462091788649559 0.9978914856910706 16.602203369140625 0.028603170067071915 0.9981511831283569 -0.05363019183278084 -0.8603619933128357 -0.9989758133888245 0.026662608608603477 -0.03655697777867317 56.20286178588867
-0.03406502678990364 0.06194043159484863 0.9974983930587769 17.31267738342285 0.029325315728783607 0.9977098107337952 -0.060952089726924896 -0.8921467661857605 -0.9989892244338989 0.027175618335604668 -0.03580344095826149 56.178218841552734
-0.03201190009713173 0.07008922100067139 0.9970269799232483 18.027711868286133 0.030221454799175262 0.9971499443054199 -0.06912752985954285 -0.9259418249130249 -0.9990305304527283 0.027918700128793716 -0.03403886780142784 56.164085388183594
-0.02984284982085228 0.07122723758220673 0.9970135688781738 18.758806228637695 0.030614906921982765 0.9970549941062927 -0.07031381875276566 -0.9611529111862183 -0.9990857839584351 0.028425106778740883 -0.03193557634949684 56.12898635864258
-0.027653690427541733 0.06708714365959167 0.9973638653755188 19.491531372070312 0.02989068627357483 0.9973546266555786 -0.06625775992870331 -1.0006288290023804 -0.9991705417633057 0.027979614213109016 -0.02958582155406475 56.11294937133789
-0.024929488077759743 0.06044534966349602 0.9978601932525635 20.238500595092773 0.0293264240026474 0.9977849721908569 -0.0597081184387207 -1.0473963022232056 -0.9992588758468628 0.02777518332004547 -0.026646919548511505 56.093238830566406
-0.02188611775636673 0.05887935310602188 0.9980251789093018 20.971254348754883 0.027891287580132484 0.9979116916656494 -0.05826101452112198 -1.0890311002731323 -0.9993714690208435 0.02656109817326069 -0.023482631891965866 56.079612731933594
-0.01908789575099945 0.06409024447202682 0.9977615475654602 21.72319793701172 0.035170577466487885 0.9973686933517456 -0.06339218467473984 -1.1395026445388794 -0.9991990327835083 0.033881813287734985 -0.021291758865118027 56.06594467163086
-0.016148699447512627 0.06949156522750854 0.997451901435852 22.45416259765625 0.03686244785785675 0.9969450831413269 -0.06885946542024612 -1.182509422302246 -0.9991899132728577 0.03565651923418045 -0.018660996109247208 56.0584831237793
-0.013472694903612137 0.06994928419589996 0.9974595904350281 23.19860076904297 0.03082248754799366 0.9971051216125488 -0.06950809806585312 -1.2262290716171265 -0.9994340538978577 0.02980772592127323 -0.015589706599712372 56.0579833984375
-0.010342265479266644 0.06665414571762085 0.9977225661277771 23.957277297973633 0.02663801982998848 0.9974401593208313 -0.06635915488004684 -1.2663053274154663 -0.9995915293693542 0.025891048833727837 -0.012091327458620071 56.06248092651367
-0.005430920515209436 0.06290797889232635 0.9980045557022095 24.695009231567383 0.030669191852211952 0.9975602030754089 -0.06271307170391083 -1.3178964853286743 -0.9995148181915283 0.03026740625500679 -0.007347007282078266 56.046958923339844
-0.0018235717434436083 0.06403197348117828 0.9979461431503296 25.438461303710938 0.03523397445678711 0.9973322749137878 -0.06392819434404373 -1.3643184900283813 -0.9993773698806763 0.03504503145813942 -0.004074807278811932 56.039573669433594
0.0006130891852080822 0.06858968734741211 0.9976447820663452 26.171585083007812 0.03481808677315712 0.9970385432243347 -0.06856941431760788 -1.409304141998291 -0.9993934035301208 0.03477812558412552 -0.0017768880352377892 56.04994583129883
0.0046002245508134365 0.06938239187002182 0.9975794553756714 26.927127838134766 0.031101975589990616 0.9970975518226624 -0.06949229538440704 -1.4545700550079346 -0.9995056390762329 0.03134637326002121 0.0024289425928145647 56.05947494506836
0.008535649627447128 0.06888571381568909 0.9975879788398743 27.677072525024414 0.030576519668102264 0.9971399307250977 -0.06911639869213104 -1.5003889799118042 -0.9994959831237793 0.031092721968889236 0.006404950749129057 56.068603515625
0.012282107025384903 0.06537698954343796 0.9977850317955017 28.422054290771484 0.034525420516729355 0.9972376227378845 -0.0657661035656929 -1.5521477460861206 -0.9993283152580261 0.03525669500231743 0.009991010650992393 56.07073974609375
0.01620587334036827 0.06624558568000793 0.9976717829704285 29.170204162597656 0.038953568786382675 0.9970034956932068 -0.0668339654803276 -1.596919059753418 -0.9991095662117004 0.03994598239660263 0.01357680931687355 56.072654724121094
0.019269108772277832 0.06710495799779892 0.9975597858428955 29.922924041748047 0.041778624057769775 0.9968195557594299 -0.06786216050386429 -1.650252103805542 -0.9989410638809204 0.04298432171344757 0.016404274851083755 56.092193603515625
0.022181568667292595 0.06728523969650269 0.9974871277809143 30.67715072631836 0.04233348369598389 0.9967745542526245 -0.06817856431007385 -1.6927742958068848 -0.998857319355011 0.04373941570520401 0.01926160603761673 56.10872268676758
0.025488698855042458 0.06555431336164474 0.9975234866142273 31.421483993530273 0.04368786886334419 0.9968211054801941 -0.0666244626045227 -1.7440252304077148 -0.9987200498580933 0.04527784138917923 0.022543752565979958 56.133934020996094
0.02919682115316391 0.0646449401974678 0.9974811673164368 32.165653228759766 0.046070292592048645 0.9967589974403381 -0.06594663858413696 -1.7884595394134521 -0.9985114336013794 0.04787968471646309 0.026123985648155212 56.15195846557617
0.03171234950423241 0.06504637748003006 0.9973782300949097 32.91073226928711 0.04410367086529732 0.9968170523643494 -0.06641209125518799 -1.838735818862915 -0.9985234141349792 0.0460941307246685 0.028742626309394836 56.190670013427734
0.03464055061340332 0.06654660403728485 0.99718177318573 33.67595291137695 0.04099847748875618 0.9968460202217102 -0.06794842332601547 -1.8839867115020752 -0.998558521270752 0.04323670268058777 0.03180297836661339 56.22107696533203
0.03764621913433075 0.06680715084075928 0.9970554113388062 34.430850982666016 0.04285893961787224 0.9967366456985474 -0.06840402632951736 -1.925957441329956 -0.9983716011047363 0.04530788213014603 0.03466007858514786 56.24481964111328
0.040238864719867706 0.06665974110364914 0.9969640970230103 35.191864013671875 0.040681853890419006 0.9968355298042297 -0.06829311698675156 -1.9713599681854248 -0.9983615279197693 0.0433063879609108 0.03739968687295914 56.28291320800781
0.042506758123636246 0.06694037467241287 0.9968511462211609 35.94532775878906 0.03880681097507477 0.9968892931938171 -0.068597711622715 -2.0182008743286133 -0.9983422756195068 0.04160047695040703 0.039776790887117386 56.3227424621582
0.04557613655924797 0.06646524369716644 0.9967473149299622 36.71186447143555 0.03624207153916359 0.9970171451568604 -0.068140409886837 -2.073488235473633 -0.998303234577179 0.03922975808382034 0.04303135722875595 56.3605842590332
0.04836864024400711 0.0687025636434555 0.9964640140533447 37.46833038330078 0.03485064581036568 0.9969081282615662 -0.07042483985424042 -2.119357109069824 -0.9982213973999023 0.038133762776851654 0.04582475870847702 56.40838623046875
0.051446788012981415 0.07258744537830353 0.9960342645645142 38.22871398925781 0.03316601738333702 0.9966806769371033 -0.07434763759374619 -2.1694822311401367 -0.9981249570846558 0.036859430372714996 0.048868577927351 56.455841064453125
0.05528724566102028 0.07469166070222855 0.9956729412078857 39.000732421875 0.03344723954796791 0.9964999556541443 -0.07661093771457672 -2.2222557067871094 -0.9979100227355957 0.03753811493515968 0.05259550362825394 56.495418548583984
0.05802229046821594 0.07670294493436813 0.9953643083572388 39.77085494995117 0.027645274996757507 0.9965382218360901 -0.07840491831302643 -2.2762575149536133 -0.9979324340820312 0.03206634894013405 0.05570095777511597 56.55415344238281
0.06024613976478577 0.0758085697889328 0.9953006505966187 40.54623794555664 0.02363908477127552 0.9967239499092102 -0.07734785228967667 -2.333508253097534 -0.9979036450386047 0.028187908232212067 0.05825672298669815 56.62104797363281
0.0640466958284378 0.07635238766670227 0.9950217008590698 41.30245590209961 0.02629288099706173 0.9965935945510864 -0.07816539704799652 -2.3845276832580566 -0.9976004958152771 0.031168218702077866 0.06182100251317024 56.67007064819336
0.06744583696126938 0.07770955562591553 0.9946919679641724 42.10026931762695 0.024278083816170692 0.9965391159057617 -0.07950004935264587 -2.449833869934082 -0.9974275231361389 0.029511168599128723 0.0653257891535759 56.73076248168945
0.0712757334113121 0.07886952906847 0.9943336248397827 42.88377380371094 0.020688403397798538 0.9965376257896423 -0.08052733540534973 -2.5017971992492676 -0.9972422122955322 0.026310820132493973 0.06939727067947388 56.797088623046875
0.0753510445356369 0.07659632712602615 0.9942108392715454 43.674530029296875 0.019770758226513863 0.9967345595359802 -0.07828918099403381 -2.559333324432373 -0.9969610571861267 0.025555472820997238 0.07359062880277634 56.86520767211914
0.07922836393117905 0.07645340263843536 0.9939203858375549 44.47535705566406 0.019427986815571785 0.9967468976974487 -0.0782194584608078 -2.627192497253418 -0.996667206287384 0.02550707757472992 0.07748528569936752 56.95088195800781
0.08513686060905457 0.0802069753408432 0.9931356906890869 45.2681884765625 0.016254130750894547 0.9965103268623352 -0.08187288790941238 -2.6818482875823975 -0.9962366819381714 0.023112956434488297 0.0835360512137413 57.00515365600586
0.09086647629737854 0.08883190900087357 0.9918932318687439 46.05513000488281 0.01411017868667841 0.9957988262176514 -0.09047430753707886 -2.743184804916382 -0.9957631230354309 0.02221687138080597 0.08923129737377167 57.08867263793945
0.09842244535684586 0.09334107488393784 0.990757405757904 46.85639572143555 0.013060209341347218 0.9953844547271729 -0.09507439285516739 -2.809859037399292 -0.9950590133666992 0.022296959534287453 0.09674912691116333 57.17375946044922
0.10554371774196625 0.0966000184416771 0.9897114634513855 47.65968322753906 0.00814109481871128 0.9951532483100891 -0.09799932688474655 -2.875669479370117 -0.9943813681602478 0.01840054988861084 0.10424574464559555 57.2745361328125
0.11258996278047562 0.09474870562553406 0.9891138672828674 48.4733772277832 0.004882089328020811 0.9953785538673401 -0.09590450674295425 -2.94692063331604 -0.993629515171051 0.015626827254891396 0.11160705238580704 57.3782844543457
0.11980628222227097 0.09324179589748383 0.9884091019630432 49.28005599975586 0.004699632991105318 0.9955155253410339 -0.09448184072971344 -3.0163354873657227 -0.992786169052124 0.015964673832058907 0.11883082240819931 57.48872375488281
0.12783578038215637 0.08958741277456284 0.9877409934997559 50.10765838623047 0.004265130031853914 0.9958531856536865 -0.09087519347667694 -3.088496446609497 -0.9917861819267273 0.015829944983124733 0.1269235610961914 57.59410095214844
0.13475072383880615 0.08395252376794815 0.9873167872428894 50.911842346191406 0.0023188048508018255 0.9963749051094055 -0.08503923565149307 -3.1595630645751953 -0.9908767938613892 0.013748492114245892 0.134067565202713 57.71964645385742
0.14226403832435608 0.07714530825614929 0.9868178963661194 51.72955322265625 -0.00024771224707365036 0.9969609379768372 -0.07790252566337585 -3.2131824493408203 -0.9898287057876587 0.010838283225893974 0.1418507993221283 57.838294982910156
0.14944849908351898 0.0739881694316864 0.9859974384307861 52.53306579589844 -0.0010198751697316766 0.9972073435783386 -0.07467477768659592 -3.292544364929199 -0.988768994808197 0.010154436342418194 0.14910657703876495 57.965667724609375
0.15647391974925995 0.07565202564001083 0.9847805500030518 53.33331298828125 -0.0012990913819521666 0.9970771074295044 -0.07639023661613464 -3.3556203842163086 -0.9876812696456909 0.010673758573830128 0.1561148464679718 58.1040153503418
