1.0 0.0 0.0 0.0 0.0 1.0 0.0 0.0 0.0 0.0 1.0 0.0
0.9999986290931702 0.0008136205142363906 0.0014579463750123978 -0.00629653874784708 -0.0008069496834650636 0.9999892115592957 -0.004570255056023598 -0.0021782168187201023 -0.0014616490807384253 0.004569072276353836 0.9999884963035583 0.9640225172042847
0.9999966621398926 -0.0014571257634088397 0.00214604870416224 -0.0026298060547560453 0.0014685988426208496 0.9999845623970032 -0.005354282446205616 -0.0008937498787418008 -0.0021382139530032873 0.00535741588100791 0.9999833703041077 1.918536901473999
0.9999934434890747 -0.0024966138880699873 0.0026143526192754507 -0.009544320404529572 0.0024998190347105265 0.9999961256980896 -0.0012233828892931342 -0.00479594012722373 -0.0026112881023436785 0.0012299101799726486 0.999995768070221 2.849574089050293
0.9999856352806091 -0.0049538761377334595 0.0020224356558173895 -0.00736622978001833 0.0049438150599598885 0.9999755024909973 0.004949498455971479 -0.008306019939482212 -0.0020469052251428366 -0.004939428064972162 0.9999856948852539 3.797894239425659
0.9999635815620422 -0.008532259613275528 0.00042925370507873595 -0.004068728070706129 0.008530020713806152 0.9999512434005737 0.004972476977854967 -0.005195287521928549 -0.00047165967407636344 -0.004968634340912104 0.9999874830245972 4.735952854156494
0.9999377727508545 -0.011152430437505245 -0.0002578187268227339 -0.005307904444634914 0.011152940802276134 0.9999356865882874 0.0020613037049770355 -0.0016207079170271754 0.00023481351672671735 -0.002064051106572151 0.9999977946281433 5.66591215133667
0.9999278783798218 -0.011930358596146107 -0.0013558194041252136 -0.007528901100158691 0.011928366497159004 0.9999278783798218 -0.001467459020204842 0.003917171619832516 0.0013732286170125008 0.0014511802000924945 0.9999979734420776 6.593478679656982
0.9999336004257202 -0.011402354575693607 -0.0016417738515883684 -0.01628674380481243 0.011399426497519016 0.9999334216117859 -0.0017825770191848278 -0.0031044518109411 0.0016619899543002248 0.0017637436976656318 0.999997079372406 7.51791524887085
0.9999316930770874 -0.011357907205820084 -0.0027476197574287653 -0.025628242641687393 0.011358410120010376 0.999935507774353 0.0001677482359809801 -0.002770619001239538 0.0027455370873212814 -0.0001989453739952296 0.9999962449073792 8.430265426635742
0.9999365210533142 -0.01084645465016365 -0.0030453030485659838 -0.037274304777383804 0.010854674503207207 0.9999374151229858 0.0026954663917422295 0.0026076510548591614 0.003015875816345215 -0.002728351391851902 0.9999917149543762 9.370988845825195
0.9999286532402039 -0.011209779419004917 -0.004132701549679041 -0.043958473950624466 0.011227906681597233 0.9999273419380188 0.004389127716422081 0.0031520144548267126 0.004083199892193079 -0.004435216076672077 0.9999818205833435 10.293225288391113
0.9999150633811951 -0.012180648744106293 -0.004636059515178204 -0.050336409360170364 0.01220455951988697 0.9999122023582458 0.005164692178368568 0.005389407277107239 0.00457274354994297 -0.005220835097134113 0.999975860118866 11.206624984741211
0.9999067783355713 -0.012468510307371616 -0.005562974605709314 -0.058137502521276474 0.012498213909566402 0.9999076128005981 0.00533691979944706 0.006466615479439497 0.005495917052030563 -0.0054059503600001335 0.9999702572822571 12.121097564697266
0.9999004602432251 -0.012883887626230717 -0.00575152225792408 -0.073525071144104 0.012906456366181374 0.9999091029167175 0.0039045934099704027 0.009510979056358337 0.005700693465769291 -0.00397843774408102 0.9999758005142212 13.017900466918945
0.9998877048492432 -0.0131775988265872 -0.007137206383049488 -0.08366852253675461 0.013189325109124184 0.9999117255210876 0.001598418690264225 0.02007863111793995 0.007115513551980257 -0.0016923741204664111 0.9999732375144958 13.924813270568848
0.9998568296432495 -0.014438633807003498 -0.00882871076464653 -0.09204527735710144 0.01443975605070591 0.9998957514762878 6.318488158285618e-05 0.02729860506951809 0.008826878853142262 -0.00019066015374846756 0.9999610185623169 14.829675674438477
0.9998459815979004 -0.01410861499607563 -0.010444629937410355 -0.11065477132797241 0.014105688780546188 0.9999004602432251 -0.0003537344455253333 0.023728860542178154 0.010448580607771873 0.00020635128021240234 0.9999454021453857 15.73884105682373
0.9998410940170288 -0.013088289648294449 -0.0121052460744977 -0.1217835545539856 0.01307156402617693 0.9999133944511414 -0.0014596747932955623 0.027249697595834732 0.012123304419219494 0.0013012082781642675 0.9999256730079651 16.636852264404297
0.9998385310173035 -0.011914433911442757 -0.013462872244417667 -0.14099887013435364 0.011897125281393528 0.9999282956123352 -0.0013651675544679165 0.026919707655906677 0.013478174805641174 0.0012047773925587535 0.999908447265625 17.526411056518555
0.9998102188110352 -0.012465927749872208 -0.014975806698203087 -0.1588859260082245 0.012457013130187988 0.9999222159385681 -0.0006884259055368602 0.02844993583858013 0.0149832246825099 0.000501741305924952 0.9998876452445984 18.417213439941406
0.9997886419296265 -0.012217392213642597 -0.016538502648472786 -0.17708547413349152 0.012236218899488449 0.9999246597290039 0.0010376410791650414 0.02375551126897335 0.016524581238627434 -0.0012397903483361006 0.9998626708984375 19.309938430786133
0.9997710585594177 -0.011864121071994305 -0.017804943025112152 -0.2005731761455536 0.011895699426531792 0.999927818775177 0.0016687412280589342 0.024751413613557816 0.017783861607313156 -0.0018801613477990031 0.9998401403427124 20.188528060913086
0.9997207522392273 -0.013045219704508781 -0.019704751670360565 -0.21309790015220642 0.013084095902740955 0.9999126195907593 0.0018452495569363236 0.022255169227719307 0.019678959622979164 -0.0021025529131293297 0.9998041391372681 21.076940536499023
0.9997097849845886 -0.01213802583515644 -0.020805809646844864 -0.2366519421339035 0.012151968665421009 0.999925971031189 0.0005438258522190154 0.030461540445685387 0.020797666162252426 -0.0007964995456859469 0.9997833371162415 21.92687225341797
0.9996746778488159 -0.012252294458448887 -0.02237040176987648 -0.2581213116645813 0.012277447618544102 0.9999241828918457 0.0009874224197119474 0.030998215079307556 0.022356607019901276 -0.001261752680875361 0.9997493028640747 22.78952407836914
0.9996587038040161 -0.011965797282755375 -0.023222630843520164 -0.2841837704181671 0.01203716080635786 0.9999232292175293 0.0029356079176068306 0.03293900191783905 0.023185720667243004 -0.003214140422642231 0.9997259974479675 23.649425506591797
0.9996211528778076 -0.013291428796947002 -0.024102194234728813 -0.3007381856441498 0.013437382876873016 0.9998922944068909 0.005903761368244886 0.03365350887179375 0.024021131917834282 -0.006225395482033491 0.9996920824050903 24.49457550048828
0.9995955228805542 -0.013541942462325096 -0.025006569921970367 -0.3204226493835449 0.013723272830247879 0.9998806715011597 0.007094014901667833 0.03864096850156784 0.024907518178224564 -0.007434317376464605 0.9996621012687683 25.333444595336914
0.9996007084846497 -0.012661985121667385 -0.025259975343942642 -0.3522765040397644 0.012817819602787495 0.9998997449874878 0.006016829051077366 0.039600420743227005 0.025181258097290993 -0.006338205188512802 0.9996627569198608 26.15618324279785
0.9996016621589661 -0.010786415077745914 -0.02607744373381138 -0.3789684772491455 0.010887304320931435 0.9999337792396545 0.0037299373652786016 0.04040519893169403 0.026035483926534653 -0.004012365359812975 0.9996529221534729 26.968303680419922
0.9995830059051514 -0.010301435366272926 -0.02697574533522129 -0.40342357754707336 0.010354634374380112 0.9999446868896484 0.0018331874161958694 0.04671217128634453 0.026955371722579002 -0.00211174669675529 0.9996344447135925 27.77122688293457
0.9995771646499634 -0.009267783723771572 -0.02755984663963318 -0.435330331325531 0.00931207463145256 0.9999555349349976 0.0014792352449148893 0.04917847737669945 0.027544911950826645 -0.001735249301418662 0.9996190667152405 28.562774658203125
0.999534010887146 -0.009608629159629345 -0.02897314354777336 -0.4591303765773773 0.009648924693465233 0.9999527931213379 0.0012513379333540797 0.04357542097568512 0.028959747403860092 -0.0015303145628422499 0.9995793700218201 29.3505859375
0.9994609355926514 -0.00962733943015337 -0.031389135867357254 -0.48395147919654846 0.009642546065151691 0.9999535083770752 0.000333096191752702 0.04365888237953186 0.03138446807861328 -0.0006355877849273384 0.9995071887969971 30.126914978027344
0.9994043111801147 -0.009625791572034359 -0.033142320811748505 -0.5140402913093567 0.009642663411796093 0.9999534487724304 0.0003492890391498804 0.042786676436662674 0.03313741460442543 -0.0006686611450277269 0.9994505643844604 30.890586853027344
0.9993471503257751 -0.009548960253596306 -0.03484177961945534 -0.5413017868995667 0.009606494568288326 0.9999527335166931 0.001484270323999226 0.04544809088110924 0.03482595831155777 -0.0018180088372901082 0.9993917346000671 31.656274795532227
0.9992671608924866 -0.009723911993205547 -0.037021271884441376 -0.5705608129501343 0.009868741966784 0.9999443888664246 0.003731354372575879 0.04852588474750519 0.03698292374610901 -0.004093973431736231 0.9993074536323547 32.41090393066406
0.999206006526947 -0.008730054832994938 -0.03887305036187172 -0.6038650870323181 0.00894369650632143 0.9999457597732544 0.0053253998048603535 0.0491844043135643 0.038824450224637985 -0.005668840371072292 0.999229907989502 33.15058517456055
0.9991357326507568 -0.007653986569494009 -0.04085896909236908 -0.6363071799278259 0.007890274748206139 0.999953031539917 0.005624862853437662 0.04796086251735687 0.04081400856375694 -0.005942389834672213 0.9991490244865417 33.879146575927734
0.999083936214447 -0.00525035010650754 -0.042472150176763535 -0.6787380576133728 0.005465837195515633 0.9999727606773376 0.004959046840667725 0.04805876687169075 0.04244495555758476 -0.00518664950504899 0.9990853071212769 34.58533477783203
0.9990063905715942 -0.0031833199318498373 -0.04445231705904007 -0.7143117785453796 0.003380365436896682 0.9999847412109375 0.004358289297670126 0.051578156650066376 0.044437769800424576 -0.004504224751144648 0.9990019798278809 35.29497528076172
0.9989180564880371 -0.0029475425835698843 -0.04641132429242134 -0.7395337820053101 0.0031849557999521494 0.9999822378158569 0.005042294971644878 0.058301717042922974 0.046395640820264816 -0.005184658337384462 0.9989096522331238 36.01130676269531
0.9988824725151062 -0.0012587938690558076 -0.047247301787137985 -0.7853602170944214 0.0015977448783814907 0.9999733567237854 0.007136895786970854 0.05977886915206909 0.04723706468939781 -0.007204409223049879 0.9988577365875244 36.68687438964844
0.9988805055618286 0.0013045675586909056 -0.047286320477724075 -0.8240911960601807 -0.0009439636487513781 0.9999703764915466 0.007647509220987558 0.061307769268751144 0.047294896095991135 -0.007594312075525522 0.9988521337509155 37.37787628173828
0.998914361000061 0.004054226912558079 -0.046407584100961685 -0.8513691425323486 -0.0038107174914330244 0.9999784231185913 0.005334451794624329 0.06653816998004913 0.04642821103334427 -0.005151812918484211 0.9989083409309387 38.053443908691406
0.9989902973175049 0.005585636477917433 -0.04457872360944748 -0.8857778906822205 -0.005486229434609413 0.9999821186065674 0.0023519566748291254 0.06897854804992676 0.044591061770915985 -0.002105012536048889 0.9990031123161316 38.6998405456543
0.9990692734718323 0.00603282917290926 -0.04271091893315315 -0.9144340753555298 -0.006024334579706192 0.9999818205833435 0.0003275797062087804 0.07607322186231613 0.04271210730075836 -6.996991578489542e-05 0.9990874528884888 39.3494987487793
0.9992051124572754 0.007134981453418732 -0.03922032564878464 -0.9476406574249268 -0.007098059635609388 0.9999741911888123 0.001080563641153276 0.0774465799331665 0.039227019995450974 -0.0008013167534954846 0.9992300271987915 39.9853401184082
0.9992618560791016 0.011689925566315651 -0.03659140318632126 -0.9705535769462585 -0.011561163701117039 0.9999262094497681 0.0037285059224814177 0.0780876874923706 0.03663228824734688 -0.0033027147874236107 0.9993233680725098 40.63722610473633
0.999334454536438 0.015866778790950775 -0.0328470803797245 -0.997681200504303 -0.01563575305044651 0.9998512268066406 0.007278420031070709 0.07873870432376862 0.032957687973976135 -0.006759986747056246 0.9994339346885681 41.260475158691406
0.9993715882301331 0.020991981029510498 -0.028557786718010902 -1.0229977369308472 -0.020764481276273727 0.9997504353523254 0.008239620365202427 0.08262231200933456 0.02872363105416298 -0.007641455624252558 0.9995582103729248 41.863834381103516
0.9994306564331055 0.024584144353866577 -0.02310483530163765 -1.0449386835098267 -0.024389535188674927 0.9996649622917175 0.008667257614433765 0.08598439395427704 0.023310165852308273 -0.00809880718588829 0.9996955394744873 42.450138092041016
0.9994429349899292 0.028619367629289627 -0.017165347933769226 -1.0600917339324951 -0.028440887108445168 0.999539852142334 0.010553169995546341 0.08973221480846405 0.01745947077870369 -0.010059094056487083 0.999796986579895 43.02092361450195
0.9993728995323181 0.033788878470659256 -0.010589513927698135 -1.073933482170105 -0.03366413339972496 0.9993641376495361 0.011744589544832706 0.09053531289100647 0.010979617945849895 -0.011380738578736782 0.9998748898506165 43.58300018310547
0.9992994070053101 0.03725462779402733 -0.0035875143948942423 -1.0800267457962036 -0.03721082583069801 0.9992402195930481 0.011587820947170258 0.09067150950431824 0.004016490187495947 -0.011446207761764526 0.9999263882637024 44.114200592041016
0.9991698265075684 0.04054177179932594 0.00400268379598856 -1.0858179330825806 -0.04058538004755974 0.9991099238395691 0.01149167213588953 0.0944976881146431 -0.0035332273691892624 -0.011644582264125347 0.9999259114265442 44.61763000488281
0.9989457726478577 0.044600024819374084 0.01087463740259409 -1.075191855430603 -0.044720377773046494 0.9989380836486816 0.01108743529766798 0.09747451543807983 -0.010368587449193 -0.011562064290046692 0.9998794198036194 45.11578369140625
0.9986357092857361 0.0487770177423954 0.018644073978066444 -1.0726120471954346 -0.04893846437335014 0.9987673163414001 0.008303209207952023 0.10294347256422043 -0.0182160846889019 -0.00920429453253746 0.99979168176651 45.592037200927734
0.998336136341095 0.051016222685575485 0.02687247283756733 -1.0659465789794922 -0.05117492377758026 0.9986758828163147 0.005251058377325535 0.1028459370136261 -0.026569005101919174 -0.006617518607527018 0.999625027179718 46.0482292175293
0.9980807304382324 0.05140458419919014 0.03452952951192856 -1.0483592748641968 -0.05160391330718994 0.9986555576324463 0.00490601547062397 0.10602501034736633 -0.03423091769218445 -0.0066784583032131195 0.9993916153907776 46.4744758605957
0.9978219866752625 0.050520703196525574 0.042412061244249344 -1.0239250659942627 -0.050836484879255295 0.9986864924430847 0.0063998764380812645 0.10580134391784668 -0.04203302413225174 -0.008542018011212349 0.999079704284668 46.87316131591797
0.9973308444023132 0.05264485254883766 0.05059265345335007 -1.0032731294631958 -0.05306687951087952 0.9985660910606384 0.0070340861566364765 0.1093602254986763 -0.05014980956912041 -0.009700106456875801 0.9986945986747742 47.26397705078125
0.9966813325881958 0.05559293180704117 0.05946143716573715 -0.9902223944664001 -0.056129612028598785 0.998396098613739 0.007392523810267448 0.10604938864707947 -0.05895509570837021 -0.010705537162721157 0.9982031583786011 47.61835861206055
0.9958629608154297 0.060557715594768524 0.06774761527776718 -0.9585862159729004 -0.0611361600458622 0.9981083273887634 0.00649587856605649 0.11103642731904984 -0.06722608208656311 -0.010610832832753658 0.9976813197135925 47.9448356628418
0.9949464201927185 0.06437001377344131 0.07705829292535782 -0.9424868822097778 -0.06509100645780563 0.9978556036949158 0.0068791951052844524 0.10496837645769119 -0.07645024359226227 -0.01186023373156786 0.9970028400421143 48.243961334228516
0.994234561920166 0.06338678300380707 0.08648502081632614 -0.9158462285995483 -0.06427422910928726 0.9979039430618286 0.007512819021940231 0.1043299213051796 -0.0858275294303894 -0.013028263114392757 0.9962248206138611 48.526329040527344
0.9933584928512573 0.062120221555233 0.0968504324555397 -0.8731181621551514 -0.062950499355793 0.9980012774467468 0.005537890829145908 0.10587982088327408 -0.09631284326314926 -0.01159789226949215 0.9952836036682129 48.80461502075195
0.9921976327896118 0.060857534408569336 0.10881258547306061 -0.8384065628051758 -0.06135134398937225 0.9981155395507812 0.0011929620523005724 0.10068424791097641 -0.10853494703769684 -0.00785945262759924 0.9940615892410278 49.06163787841797
0.9905943274497986 0.061953239142894745 0.12200300395488739 -0.7962888479232788 -0.06204725056886673 0.9980685710906982 -0.0030321157537400723 0.10368623584508896 -0.12195522338151932 -0.004566354211419821 0.9925251007080078 49.329219818115234
0.9884670376777649 0.06339742243289948 0.1375269889831543 -0.7562231421470642 -0.06327547132968903 0.9979822039604187 -0.005262729246169329 0.10203282535076141 -0.13758313655853271 -0.00350005179643631 0.9904840588569641 49.590301513671875
0.9859611988067627 0.06532596051692963 0.15366527438163757 -0.7064397931098938 -0.06509782373905182 0.9978575706481934 -0.006521038245409727 0.09822400659322739 -0.1537620574235916 -0.0035737876314669847 0.9881014227867126 49.84247589111328
0.9831546545028687 0.06583977490663528 0.17050538957118988 -0.6516878604888916 -0.06550092250108719 0.9978234171867371 -0.007618065923452377 0.09605125337839127 -0.17063583433628082 -0.0036785253323614597 0.9853273034095764 50.10313034057617
0.9798984527587891 0.06467059999704361 0.18872389197349548 -0.5928982496261597 -0.06411898136138916 0.9979013800621033 -0.009033187292516232 0.09732230007648468 -0.1889120191335678 -0.003249179106205702 0.9819886684417725 50.35503387451172
0.9760145545005798 0.06407876312732697 0.2080615609884262 -0.524487316608429 -0.06356104463338852 0.9979358315467834 -0.009179867804050446 0.09156191349029541 -0.20822031795978546 -0.004264926537871361 0.9780726432800293 50.60005187988281
0.9715271592140198 0.06404691189527512 0.22810734808444977 -0.4488683044910431 -0.06335344165563583 0.9979372620582581 -0.010368874296545982 0.08866669237613678 -0.22830094397068024 -0.004377742763608694 0.9735807180404663 50.83154296875
0.9662079215049744 0.06630804389715195 0.24908941984176636 -0.3730452358722687 -0.06518331170082092 0.9977915287017822 -0.012770417146384716 0.08726806938648224 -0.24938613176345825 -0.003897596849128604 0.9683962464332581 51.07419204711914
0.9599485397338867 0.06767989695072174 0.2718789875507355 -0.2895888388156891 -0.06615521013736725 0.9976997971534729 -0.014780905097723007 0.08138413727283478 -0.27225401997566223 -0.0037973090074956417 0.9622178673744202 51.31734085083008
0.9526730179786682 0.06907588988542557 0.29604506492614746 -0.1945214569568634 -0.06735106557607651 0.9976004362106323 -0.01603340357542038 0.07567083835601807 -0.2964422404766083 -0.004664361942559481 0.955039381980896 51.55526351928711
0.9441225528717041 0.07183472067117691 0.3216712474822998 -0.0957573875784874 -0.07011964917182922 0.9973949193954468 -0.0169304758310318 0.06902524083852768 -0.32204946875572205 -0.006571032572537661 0.9467000961303711 51.79277038574219
0.9343066811561584 0.07375194132328033 0.34875744581222534 0.01354451198130846 -0.0720253512263298 0.9972415566444397 -0.017934350296854973 0.05950320512056351 -0.3491181433200836 -0.008363193832337856 0.9370414018630981 52.02758026123047
0.9230490326881409 0.07456499338150024 0.3773864507675171 0.13281449675559998 -0.07257816195487976 0.9971719980239868 -0.019505014643073082 0.05490356683731079 -0.37777361273765564 -0.009385933168232441 0.9258504509925842 52.267372131347656
0.9105232357978821 0.07244694977998734 0.4070611894130707 0.2759213149547577 -0.06971302628517151 0.9973339438438416 -0.02156548574566841 0.044671304523944855 -0.4075382947921753 -0.0087415911257267 0.9131462574005127 52.502899169921875
0.8955497145652771 0.06991498917341232 0.4394344389438629 0.4190942645072937 -0.06591802835464478 0.9975274205207825 -0.02437051571905613 0.037690773606300354 -0.440051794052124 -0.00714164599776268 0.8979439735412598 52.72865676879883
0.8782225847244263 0.06915038079023361 0.47322648763656616 0.5757471919059753 -0.0631919875741005 0.9975943565368652 -0.028500942513346672 0.027062706649303436 -0.47405898571014404 -0.004873950965702534 0.880479633808136 52.94975662231445
0.8587183952331543 0.07120846956968307 0.507476270198822 0.7424523830413818 -0.06271946430206299 0.9974575042724609 -0.033832259476184845 0.022301925346255302 -0.5085951089859009 -0.002776254201307893 0.8610014319419861 53.17576599121094
0.8369365334510803 0.07319693267345428 0.5423831939697266 0.9303301572799683 -0.0622742660343647 0.9973162412643433 -0.038498397916555405 0.014678937382996082 -0.5437455773353577 -0.001555795781314373 0.8392487168312073 53.40425109863281
0.8123199939727783 0.07573942840099335 0.5782732367515564 1.1246278285980225 -0.06296997517347336 0.9971251487731934 -0.042142603546381 0.004643963184207678 -0.5798026919364929 -0.0021805698052048683 0.8147540092468262 53.628944396972656
0.7847926616668701 0.07981999218463898 0.614596962928772 1.3339176177978516 -0.06602497398853302 0.9967959523200989 -0.045148830860853195 -0.00802623201161623 -0.6162315607070923 -0.0051462785340845585 0.7875482439994812 53.85898208618164
0.7548148036003113 0.0844249576330185 0.6504821181297302 1.5626236200332642 -0.0698995441198349 0.9963884949684143 -0.048208605498075485 -0.02096828818321228 -0.6522029042243958 -0.009079834446310997 0.7579899430274963 54.0909309387207
0.7217018604278564 0.08533278107643127 0.686924159526825 1.8195682764053345 -0.06943867355585098 0.9962913990020752 -0.05080954730510712 -0.04091298207640648 -0.6887122988700867 -0.011029751040041447 0.7249507308006287 54.32502365112305
0.6851329207420349 0.08288616687059402 0.7236869931221008 2.0997819900512695 -0.06584565341472626 0.9964847564697266 -0.05179280787706375 -0.06141338869929314 -0.7254359126091003 -0.012166682630777359 0.6881821155548096 54.54660415649414
0.6459818482398987 0.08126745373010635 0.7590144276618958 2.392775297164917 -0.06281892210245132 0.996603786945343 -0.05324215069413185 -0.0847243145108223 -0.7607634663581848 -0.013287005946040154 0.6488930583000183 54.75387954711914
0.6034155488014221 0.08052670955657959 0.7933506369590759 2.724884510040283 -0.06068442016839981 0.9966403841972351 -0.05500500276684761 -0.10778537392616272 -0.7951144576072693 -0.014953152276575565 0.6062749028205872 54.971885681152344
0.5569931268692017 0.08065711706876755 0.8265911936759949 3.0823397636413574 -0.05719442665576935 0.9966353178024292 -0.05870958790183067 -0.12328846007585526 -0.8285453915596008 -0.014575575478374958 0.5597321391105652 55.185001373291016
0.5081206560134888 0.0793435201048851 0.8576234579086304 3.4520106315612793 -0.054078083485364914 0.9967221021652222 -0.060172393918037415 -0.1506301313638687 -0.8595864176750183 -0.01580379530787468 0.5107459425926208 55.379024505615234
0.4597780108451843 0.07795087993144989 0.8846060037612915 3.887646436691284 -0.05239476263523102 0.9967859387397766 -0.06060366332530975 -0.16707690060138702 -0.8864868879318237 -0.01848449371755123 0.46238431334495544 55.566280364990234
0.41070884466171265 0.07558669149875641 0.9086280465126038 4.324192047119141 -0.05141565203666687 0.9968920350074768 -0.059688787907361984 -0.18876881897449493 -0.9103156328201294 -0.022202998399734497 0.4133186638355255 55.72549819946289
0.3601343631744385 0.07552217692136765 0.9298384785652161 4.777956485748291 -0.05458930507302284 0.9967159032821655 -0.05981111153960228 -0.20851896703243256 -0.9313018321990967 -0.02921920083463192 0.36307430267333984 55.88809585571289
0.31090247631073 0.07636845856904984 0.9473686814308167 5.243722915649414 -0.05280297249555588 0.9966151714324951 -0.06300966441631317 -0.22660011053085327 -0.9489738941192627 -0.030434023588895798 0.3138825297355652 56.01517105102539
0.2634727656841278 0.07242622971534729 0.9619441032409668 5.716519355773926 -0.04183811694383621 0.9970971345901489 -0.063613660633564 -0.2686425745487213 -0.9637591242790222 -0.02348545752465725 0.2657381594181061 56.10371398925781
0.21938368678092957 0.0667300820350647 0.973353922367096 6.226180553436279 -0.028182685375213623 0.9976752996444702 -0.06204541027545929 -0.2922114133834839 -0.9752315878868103 -0.013819972984492779 0.22075432538986206 56.17682647705078
0.17739586532115936 0.06569576263427734 0.9819443821907043 6.732333183288574 -0.019097154960036278 0.9978112578392029 -0.0633072778582573 -0.32169514894485474 -0.9839542508125305 -0.00752189289778471 0.17826223373413086 56.226322174072266
0.13848966360092163 0.06713317334651947 0.9880858659744263 7.293129920959473 -0.015886733308434486 0.9977220892906189 -0.0655612051486969 -0.3485567271709442 -0.9902364611625671 -0.006617902312427759 0.13924075663089752 56.29876708984375
0.1059899628162384 0.06802203506231308 0.9920378923416138 7.798095703125 -0.007312714122235775 0.9976839423179626 -0.06762786954641342 -0.3814695477485657 -0.9943402409553528 -8.661347965244204e-05 0.10624188929796219 56.31450653076172
0.07693930715322495 0.06639334559440613 0.9948227405548096 8.359550476074219 9.439678251510486e-05 0.997779905796051 -0.06659800559282303 -0.41690269112586975 -0.9970357418060303 0.005217911209911108 0.07676222175359726 56.337188720703125
0.05219174548983574 0.06452585756778717 0.9965503811836243 8.930548667907715 0.0066620223224163055 0.997865617275238 -0.06495995074510574 -0.45363175868988037 -0.9986148476600647 0.010029413737356663 0.051650483161211014 56.3453483581543
0.03213685378432274 0.06354349106550217 0.9974615573883057 9.507268905639648 0.011661909520626068 0.9978851675987244 -0.06394621729850769 -0.48023250699043274 -0.999415397644043 0.01368733774870634 0.031327858567237854 56.34872055053711
0.01642790250480175 0.06571952253580093 0.9977028965950012 10.083069801330566 0.014776051044464111 0.9977126121520996 -0.06596346199512482 -0.5046079158782959 -0.999755859375 0.015825750306248665 0.015419251285493374 56.342315673828125
0.0029605538584291935 0.06574813276529312 0.9978318810462952 10.677544593811035 0.015556865371763706 0.9977123737335205 -0.0657864362001419 -0.5343207120895386 -0.9998745918273926 0.015717899426817894 0.0019309447379782796 56.33835220336914
-0.008793697692453861 0.0662761926651001 0.9977625608444214 11.291092872619629 0.016040798276662827 0.9976821541786194 -0.06612948328256607 -0.5774754285812378 -0.9998327493667603 0.015423383563756943 -0.009836439974606037 56.33486557006836
-0.017672132700681686 0.06904000043869019 0.9974573254585266 11.907347679138184 0.021196044981479645 0.9974148273468018 -0.06866152584552765 -0.6148468852043152 -0.9996191263198853 0.01992875523865223 -0.019089821726083755 56.30986785888672
-0.02410428784787655 0.0710792988538742 0.9971793293952942 12.52751636505127 0.025435136631131172 0.9971898198127747 -0.07046523690223694 -0.6477667093276978 -0.9993858337402344 0.023664874956011772 -0.02584446221590042 56.28031921386719
-0.028895894065499306 0.07047031819820404 0.9970952272415161 13.180731773376465 0.025566905736923218 0.9972375631332397 -0.0697394460439682 -0.6850053668022156 -0.9992554187774658 0.023477455601096153 -0.03061777539551258 56.267906188964844
-0.03243101015686989 0.06784039735794067 0.9971688389778137 13.829849243164062 0.023549877107143402 0.9974686503410339 -0.06709486991167068 -0.7160331010818481 -0.9991965293884277 0.02130724862217903 -0.03394654765725136 56.247161865234375
-0.03496737778186798 0.060989413410425186 0.9975257515907288 14.521622657775879 0.021408267319202423 0.9979528188705444 -0.06026507541537285 -0.7538895606994629 -0.9991591572761536 0.019247986376285553 -0.03620146960020065 56.22761917114258
-0.03629060089588165 0.05545280873775482 0.9978016018867493 15.211068153381348 0.022744078189134598 0.9982465505599976 -0.05465031415224075 -0.7878775596618652 -0.9990824460983276 0.020710784941911697 -0.0374881848692894 56.20193099975586
-0.03670009598135948 0.05281767249107361 0.9979296326637268 15.88400936126709 0.02508006989955902 0.9983363747596741 -0.05191686004400253 -0.8220394849777222 -0.9990115761756897 0.023122789338231087 -0.03796371817588806 56.1734619140625
-0.03657648712396622 0.05480184406042099 0.9978271722793579 16.59648895263672 0.028656238690018654 0.9981421232223511 -0.05376872047781944 -0.8653305172920227 -0.9989199638366699 0.026627302169799805 -0.038078952580690384 56.14942169189453
-0.035328470170497894 0.062355317175388336 0.9974285960197449 17.300518035888672 0.0297404732555151 0.9976751208305359 -0.061317335814237595 -0.8939553499221802 -0.9989331364631653 0.027497751638293266 -0.03710081800818443 56.11793899536133
-0.033369362354278564 0.07063058763742447 0.9969442486763 18.033939361572266 0.030351679772138596 0.9971113204956055 -0.06962648779153824 -0.9287161231040955 -0.9989821314811707 0.027935536578297615 -0.035416729748249054 56.093257904052734
-0.03154107555747032 0.07151919603347778 0.9969403743743896 18.75221824645996 0.031126679852604866 0.9970231652259827 -0.07054033875465393 -0.9625464677810669 -0.9990177750587463 0.028806522488594055 -0.03367333486676216 56.0797233581543
-0.02925041876733303 0.06707725673913956 0.9973189830780029 19.48851203918457 0.030396388843655586 0.9973440170288086 -0.06618745625019073 -1.0070863962173462 -0.9991098642349243 0.028378883376717567 -0.031211644411087036 56.05900573730469
-0.026746703311800957 0.06081998348236084 0.9977903366088867 20.23432159423828 0.029796019196510315 0.9977524280548096 -0.06001895293593407 -1.0481597185134888 -0.9991981983184814 0.028124872595071793 -0.028498776257038116 56.03917694091797
-0.023513223975896835 0.05881933867931366 0.9979916214942932 20.982820510864258 0.0284022968262434 0.9979040026664734 -0.05814500153064728 -1.0960886478424072 -0.9993200302124023 0.026978077366948128 -0.02513454109430313 56.022335052490234
-0.020395176485180855 0.06439366191625595 0.9977161288261414 21.735332489013672 0.03595148026943207 0.9973254799842834 -0.06363354623317719 -1.1424329280853271 -0.9991453886032104 0.034571558237075806 -0.022655677050352097 55.998809814453125
-0.017265792936086655 0.06976856291294098 0.9974137544631958 22.470582962036133 0.037640608847141266 0.996900737285614 -0.06908109784126282 -1.1848772764205933 -0.9991421699523926 0.03635052219033241 -0.019838407635688782 55.98500442504883
-0.015060903504490852 0.07029444724321365 0.9974125623703003 23.209157943725586 0.03151846304535866 0.9970632791519165 -0.06979391723871231 -1.2283207178115845 -0.9993896484375 0.03038574941456318 -0.017232246696949005 55.990936279296875
-0.011610583402216434 0.06664697080850601 0.9977090954780579 23.97285270690918 0.027341904118657112 0.9974244832992554 -0.06630976498126984 -1.2746059894561768 -0.9995587468147278 0.026509368792176247 -0.01340293139219284 55.99376678466797
-0.006760978139936924 0.06340450048446655 0.9979651570320129 24.711772918701172 0.03131110966205597 0.9975118637084961 -0.06316357851028442 -1.319106936454773 -0.9994868040084839 0.030820343643426895 -0.008729422464966774 55.97343063354492
-0.0029660530854016542 0.06433289498090744 0.9979241490364075 25.455774307250977 0.03577131778001785 0.9972965717315674 -0.06418611854314804 -1.3681402206420898 -0.9993555545806885 0.03550667315721512 -0.005259307567030191 55.963134765625
-0.0005227649817243218 0.0688273161649704 0.9976284503936768 26.18682098388672 0.035499345511198044 0.9970009922981262 -0.06876543164253235 -1.414676308631897 -0.9993695616722107 0.035379208624362946 -0.002964522922411561 55.97187042236328
0.003664314979687333 0.06950820982456207 0.9975746870040894 26.948287963867188 0.03161635249853134 0.9970746040344238 -0.06958950310945511 -1.458997130393982 -0.9994933605194092 0.03179467096924782 0.001455999445170164 55.97633743286133
0.006693256553262472 0.06912624835968018 0.9975854754447937 27.708539962768555 0.031085781753063202 0.9971113801002502 -0.06930195540189743 -1.509157419204712 -0.9994943141937256 0.031474582850933075 0.00452507846057415 55.99701690673828
0.010510900057852268 0.06631825119256973 0.9977431297302246 28.449512481689453 0.034870587289333344 0.9971671104431152 -0.06664731353521347 -1.5542292594909668 -0.9993366003036499 0.035492416471242905 0.008168566972017288 55.998783111572266
0.014284208416938782 0.06668420881032944 0.9976718425750732 29.195890426635742 0.03939086198806763 0.9969615340232849 -0.06720071285963058 -1.6045646667480469 -0.9991217851638794 0.04025905579328537 0.0116140590980649 56.003021240234375
0.017449399456381798 0.06740713864564896 0.9975728988647461 29.951810836791992 0.04200505465269089 0.9967945218086243 -0.06808929890394211 -1.6564539670944214 -0.9989650249481201 0.043091222643852234 0.014562026597559452 56.02552795410156
0.020434437319636345 0.06732891499996185 0.9975215792655945 30.717182159423828 0.04273465275764465 0.9967592358589172 -0.06815290451049805 -1.704923152923584 -0.9988774657249451 0.04402140900492668 0.0174909345805645 56.03171920776367
0.023920074105262756 0.06587717682123184 0.9975410103797913 31.46978187561035 0.04419003054499626 0.9967815279960632 -0.06688666343688965 -1.7516247034072876 -0.9987367987632751 0.04568130150437355 0.020931974053382874 56.05393600463867
0.027347277849912643 0.06501989811658859 0.9975091814994812 32.2253532409668 0.046116821467876434 0.9967378377914429 -0.06623393297195435 -1.796995759010315 -0.998561680316925 0.04781326651573181 0.024259554222226143 56.0772819519043
0.030378950759768486 0.06504801660776138 0.9974196553230286 32.97701644897461 0.044689249247312546 0.9967939257621765 -0.06636834144592285 -1.8462315797805786 -0.9985389709472656 0.04659013822674751 0.02737460471689701 56.097434997558594
0.033285778015851974 0.06685925275087357 0.9972070455551147 33.753116607666016 0.041420407593250275 0.9968104362487793 -0.06821522861719131 -1.895516276359558 -0.9985871911048889 0.04357531666755676 0.030410271137952805 56.14105987548828
0.03596301004290581 0.06720801442861557 0.9970906376838684 34.5032844543457 0.043168868869543076 0.9967002868652344 -0.06873871386051178 -1.9371106624603271 -0.998420238494873 0.04551532492041588 0.03294305130839348 56.164188385009766
0.03880511596798897 0.06725111603736877 0.996981143951416 35.26123809814453 0.04094723239541054 0.9967876076698303 -0.06883182376623154 -1.9793972969055176 -0.9984074831008911 0.04349464178085327 0.0359266996383667 56.19872283935547
0.0412941537797451 0.06720320135354996 0.9968844056129456 36.03063201904297 0.03943472355604172 0.9968484044075012 -0.06883428245782852 -2.0319361686706543 -0.9983684420585632 0.04215431213378906 0.038513876497745514 56.23436737060547
0.043912459164857864 0.06770247220993042 0.9967387318611145 36.789588928222656 0.03649236261844635 0.9969265460968018 -0.06932295858860016 -2.0773582458496094 -0.9983686804771423 0.039417482912540436 0.04130687564611435 56.27961349487305
0.04702193662524223 0.06918647885322571 0.9964948892593384 37.542789459228516 0.03540845960378647 0.9968560338020325 -0.07088238000869751 -2.1292247772216797 -0.9982661008834839 0.03861737623810768 0.044424306601285934 56.3147087097168
0.050029776990413666 0.07313042134046555 0.996066689491272 38.32155227661133 0.033551767468452454 0.996629536151886 -0.07485697418451309 -2.1776010990142822 -0.9981840252876282 0.03716488182544708 0.04740751534700394 56.36601638793945
0.053897108882665634 0.07525642961263657 0.9957065582275391 39.09394836425781 0.03384239971637726 0.99644535779953 -0.07714415341615677 -2.2303898334503174 -0.9979729056358337 0.03785494342446327 0.05115867406129837 56.40422058105469
0.05683954432606697 0.07696188241243362 0.9954125285148621 39.8604621887207 0.028005333617329597 0.9965091347694397 -0.07864582538604736 -2.288006067276001 -0.9979905486106873 0.03234705328941345 0.05448578670620918 56.457122802734375
0.058814410120248795 0.0767592340707779 0.9953134059906006 40.63252639770508 0.02377469837665558 0.9966488480567932 -0.07826710492372513 -2.338186502456665 -0.99798583984375 0.02826651744544506 0.05679238960146904 56.524681091308594
0.06279049813747406 0.07714458554983139 0.995040774345398 41.40114974975586 0.027015449479222298 0.9965113401412964 -0.07896337658166885 -2.3899872303009033 -0.9976610541343689 0.03183962404727936 0.060487352311611176 56.57207107543945
0.06631641089916229 0.07840269058942795 0.9947136044502258 42.20292282104492 0.024859504774212837 0.9964689016342163 -0.08019839227199554 -2.456611156463623 -0.9974889159202576 0.030046558007597923 0.0641331896185875 56.62798309326172
0.06993899494409561 0.07976339012384415 0.9943572282791138 42.987335205078125 0.021226661279797554 0.9964534640312195 -0.0814245343208313 -2.507176160812378 -0.9973254203796387 0.026801634579896927 0.06799784302711487 56.696189880371094
0.07420770823955536 0.07734957337379456 0.994238555431366 43.77836227416992 0.020287146791815758 0.9966640472412109 -0.07905245572328568 -2.5669338703155518 -0.9970364570617676 0.026036564260721207 0.07239095866680145 56.758758544921875
0.07843904197216034 0.0772414356470108 0.9939221143722534 44.582542419433594 0.019981039687991142 0.9966719150543213 -0.07903199642896652 -2.634507179260254 -0.9967185854911804 0.026058794930577278 0.07663462311029434 56.84132385253906
0.08381904661655426 0.0809156745672226 0.993190348148346 45.364131927490234 0.016445428133010864 0.9964495897293091 -0.08256910741329193 -2.6914687156677246 -0.9963452219963074 0.023254305124282837 0.08219077438116074 56.898643493652344
0.08966727554798126 0.08954941481351852 0.9919378161430359 46.151824951171875 0.014325587078928947 0.9957307577133179 -0.09118679165840149 -2.7526748180389404 -0.9958686828613281 0.022386562079191208 0.08800160884857178 56.980281829833984
0.09692397713661194 0.09367763996124268 0.9908735156059265 46.95016860961914 0.013302639126777649 0.9953498840332031 -0.0954020768404007 -2.823495864868164 -0.9952028393745422 0.022427979856729507 0.09522711485624313 57.06816101074219
0.10467386990785599 0.09737970679998398 0.9897275567054749 47.754539489746094 0.008240112103521824 0.9950754642486572 -0.09877735376358032 -2.8857946395874023 -0.9944724440574646 0.018494876101613045 0.10335598140954971 57.15602111816406
0.1114761233329773 0.09530573338270187 0.9891864061355591 48.55322265625 0.005267247091978788 0.9953199625015259 -0.09649026393890381 -2.958169460296631 -0.9937531352043152 0.01596665009856224 0.11045240610837936 57.2585334777832
0.11862070113420486 0.09378679096698761 0.9885003566741943 49.362060546875 0.005184246692806482 0.9954571723937988 -0.09506893903017044 -3.0288710594177246 -0.9929261207580566 0.016401775181293488 0.1175956130027771 57.36851501464844
0.1265387386083603 0.09054780751466751 0.9878203272819519 50.187747955322266 0.004818767309188843 0.9957572221755981 -0.09189261496067047 -3.0947206020355225 -0.9919499158859253 0.016388051211833954 0.1255655437707901 57.474517822265625
0.1336342692375183 0.08418969064950943 0.9874482154846191 50.99210739135742 0.002739787334576249 0.9963498115539551 -0.08531942963600159 -3.1761510372161865 -0.9910268783569336 0.014106998220086098 0.13291580975055695 57.59657287597656
0.14109213650226593 0.07749523222446442 0.9869587421417236 51.80783462524414 0.00039999207365326583 0.9969269633293152 -0.07833512872457504 -3.2270851135253906 -0.9899963140487671 0.011447248049080372 0.14062756299972534 57.71257400512695
0.14824657142162323 0.07458731532096863 0.9861336350440979 52.62314987182617 -0.00016149248403962702 0.9971535801887512 -0.07539654523134232 -3.302272319793701 -0.9889504313468933 0.011018027551472187 0.14783667027950287 57.84687805175781
0.15539628267288208 0.07631141692399979 0.9849002361297607 53.42436599731445 -0.00044487995910458267 0.9970171451568604 -0.07718005031347275 -3.3645479679107666 -0.9878520965576172 0.011555331759154797 0.15496669709682465 57.981971740722656
