1.0 0.0 0.0 0.0 0.0 1.0 0.0 0.0 0.0 0.0 1.0 0.0
1.0 -4.871628698310815e-05 0.00011886130960192531 -0.01467403955757618 4.85442578792572e-05 0.999998927116394 0.001446863287128508 -0.01266169548034668 -0.00011893167538801208 -0.0014468574663624167 0.999998927116394 1.3157721757888794
0.9999983310699463 -0.0016276328824460506 -0.0007191178156062961 -0.008036152459681034 0.0016288809711113572 0.999997079372406 0.0017387305852025747 -0.038460444658994675 0.0007162857218645513 -0.0017398992786183953 0.9999982118606567 2.6216235160827637
0.9999956488609314 -0.0028664208948612213 -0.0007282329606823623 -0.014045067131519318 0.002866931725293398 0.9999956488609314 0.0007021562196314335 -0.05431949347257614 0.0007262171129696071 -0.0007042408105917275 0.999999463558197 3.930643320083618
0.9999949932098389 -0.0030987104400992393 -0.0006417318363673985 -0.023721089586615562 0.0030991884414106607 0.9999949336051941 0.0007446168456226587 -0.07150161266326904 0.0006394212250597775 -0.0007466020761057734 0.999999463558197 5.259472370147705
0.9999930262565613 -0.0036559917498379946 -0.0007031411514617503 -0.022468775510787964 0.0036572227254509926 0.9999917149543762 0.0017581807915121317 -0.09804799407720566 0.0006967074004933238 -0.001760740065947175 0.9999982118606567 6.5778679847717285
0.9999867677688599 -0.005144396796822548 -0.0003654341271612793 -0.03029019944369793 0.005145334638655186 0.9999833703041077 0.002615661360323429 -0.10997051745653152 0.0003519719757605344 -0.0026175067760050297 0.9999966025352478 7.904164791107178
0.999988853931427 -0.004684593062847853 -0.000535803206730634 -0.0360654778778553 0.00468636816367507 0.9999833703041077 0.00336145400069654 -0.1327211558818817 0.000520047266036272 -0.0033639271277934313 0.9999942183494568 9.242066383361816
0.9999932646751404 -0.0035923051182180643 -0.0007166430004872382 -0.046783894300460815 0.003593303496018052 0.9999925494194031 0.0013962078373879194 -0.14868202805519104 0.0007116221240721643 -0.0013987733982503414 0.9999988079071045 10.58812141418457
0.9999983906745911 -0.0013858301099389791 -0.001164144603535533 -0.04561068117618561 0.001385288080200553 0.999998927116394 -0.00046652741730213165 -0.17135308682918549 0.0011647900100797415 0.00046491436660289764 0.9999992847442627 11.944190979003906
0.9999971389770508 0.0022829861845821142 -0.0007175221107900143 -0.06814447045326233 -0.0022839922457933426 0.9999964237213135 -0.0014057980151847005 -0.1992601752281189 0.0007143100956454873 0.0014074330683797598 0.9999987483024597 13.257115364074707
0.9999887347221375 0.00465756980702281 -0.0008734863949939609 -0.07899702340364456 -0.004658922087401152 0.9999879002571106 -0.0015526128700003028 -0.22140532732009888 0.0008662444306537509 0.001556664938107133 0.9999984502792358 14.598548889160156
0.9999836683273315 0.005692658480256796 -0.0004628092865459621 -0.092103011906147 -0.005692882928997278 0.9999836683273315 -0.00048235966823995113 -0.24553628265857697 0.0004600558604579419 0.00048498643445782363 0.9999997019767761 15.942960739135742
0.9999946355819702 0.003267292631790042 -0.00022921297932043672 -0.09498446434736252 -0.003266745014116168 0.9999918937683105 0.0023510921746492386 -0.26521754264831543 0.00023689281078986824 -0.0023503308184444904 0.9999971985816956 17.29749298095703
0.9999992251396179 -0.001126273418776691 -0.00025130779249593616 -0.09030898660421371 0.0011273621348664165 0.9999897480010986 0.004373765550553799 -0.29064199328422546 0.00024637917522341013 -0.004374045878648758 0.9999904036521912 18.665966033935547
0.9999920725822449 -0.003974305931478739 -0.000308012095047161 -0.09637206792831421 0.003974940627813339 0.999989926815033 0.0020879628136754036 -0.30688220262527466 0.0002997110132128 -0.002089170506224036 0.9999977946281433 19.998512268066406
0.999988853931427 -0.004718265030533075 -0.00022520116181112826 -0.10917820036411285 0.004718286916613579 0.999988853931427 9.39804594963789e-05 -0.3227464556694031 0.0002247552474727854 -9.504216723144054e-05 0.9999999403953552 21.34334945678711
0.9999969601631165 -0.0020749180112034082 0.0013255260419100523 -0.13568872213363647 0.0020770078990608454 0.999996542930603 -0.00157669628970325 -0.3423275351524353 -0.0013222499983385205 0.0015794446226209402 0.9999979138374329 22.687358856201172
0.9999988079071045 0.0006220155046321452 0.0013870344264432788 -0.12842917442321777 -0.0006227568374015391 0.9999996423721313 0.0005342544754967093 -0.3702796399593353 -0.001386701944284141 -0.0005351176951080561 0.9999988079071045 24.06540870666504
0.9999973773956299 0.001174471341073513 0.001982657937332988 -0.13404510915279388 -0.0011825598776340485 0.9999909400939941 0.004083508159965277 -0.3877824544906616 -0.0019778436981141567 -0.004085841588675976 0.9999896883964539 25.445409774780273
0.9999958276748657 -0.0010276634711772203 0.0027228430844843388 -0.13998627662658691 0.0010114398319274187 0.9999817609786987 0.005952978972345591 -0.4003705382347107 -0.002728911116719246 -0.005950200371444225 0.9999785423278809 26.817075729370117
0.9999788403511047 -0.006280782166868448 0.0016886292723938823 -0.12277418375015259 0.00627355370670557 0.9999712705612183 0.004251842387020588 -0.4220558702945709 -0.0017152855871245265 -0.004241158254444599 0.9999894499778748 28.207290649414062
0.9999801516532898 -0.00599307706579566 0.0019416824216023088 -0.12916278839111328 0.005988909862935543 0.9999797940254211 0.0021447637118399143 -0.4363507628440857 -0.0019544970709830523 -0.002133093075826764 0.999995768070221 29.582122802734375
0.9999739527702332 -0.006690341979265213 0.002718754578381777 -0.13904744386672974 0.0066918726079165936 0.9999774694442749 -0.0005542958388105035 -0.4584844708442688 -0.002714985515922308 0.0005724747898057103 0.9999960660934448 30.94405174255371
0.9999885559082031 -0.003361182287335396 0.0034207359421998262 -0.15009355545043945 0.0033644221257418394 0.9999938607215881 -0.0009417138062417507 -0.484169602394104 -0.0034175494220107794 0.0009532116237096488 0.999993622303009 32.32463073730469
0.9999894499778748 -0.002691335277631879 0.0037230888847261667 -0.15032842755317688 0.002703540725633502 0.9999909996986389 -0.0032771965488791466 -0.5086473822593689 -0.0037142352666705847 0.00328722782433033 0.9999877214431763 33.705657958984375
0.9999908208847046 -0.0020547667518258095 0.003777655540034175 -0.14860856533050537 0.0020648417994379997 0.9999943971633911 -0.0026650442741811275 -0.5312793850898743 -0.0037721579428762197 0.002672820119187236 0.9999893307685852 35.09856414794922
0.9999915361404419 -0.0014942967100068927 0.00383573304861784 -0.16296592354774475 0.0015005649765953422 0.9999975562095642 -0.0016318201087415218 -0.5556195974349976 -0.0038332855328917503 0.0016375621780753136 0.999991238117218 36.483943939208984
0.9999940991401672 -0.0001280155120184645 0.0034333616495132446 -0.1671321988105774 0.00012710121518466622 1.0 0.00026647094637155533 -0.5816964507102966 -0.003433395642787218 -0.00026603275910019875 0.9999940395355225 37.88542175292969
0.9999909400939941 0.002476209308952093 0.0034676797222346067 -0.1710367053747177 -0.0024782405234873295 0.9999967217445374 0.000581541215069592 -0.6093401312828064 -0.0034662268590182066 -0.0005901296390220523 0.9999937415122986 39.288848876953125
0.999979555606842 0.0051137967966496944 0.0038182567805051804 -0.1817636340856552 -0.005114242900162935 0.9999868869781494 0.00010689074406400323 -0.6284030079841614 -0.003817659802734852 -0.00012641606735996902 0.9999926090240479 40.6805419921875
0.999968409538269 0.007009785156697035 0.0037529347464442253 -0.1839534193277359 -0.007011118344962597 0.9999753832817078 0.0003426549956202507 -0.6473984718322754 -0.003750440664589405 -0.00036895647644996643 0.999992847442627 42.09661865234375
0.9999638199806213 0.007811300456523895 0.0033844872377812862 -0.1850462555885315 -0.007812339812517166 0.999969482421875 0.0002940133272204548 -0.6689137816429138 -0.003382087452337146 -0.00032044341787695885 0.999994158744812 43.495277404785156
0.9999716281890869 0.006910837255418301 0.002973690629005432 -0.19017793238162994 -0.006912273354828358 0.9999759793281555 0.0004727708001155406 -0.6971122026443481 -0.0029703520704060793 -0.0004933124291710556 0.9999954104423523 44.91304016113281
0.999979555606842 0.005900511518120766 0.0024277358315885067 -0.192063108086586 -0.005900690332055092 0.9999825358390808 6.602346547879279e-05 -0.7176871299743652 -0.002427303697913885 -8.03474395070225e-05 0.9999970197677612 46.30320739746094
0.9999855160713196 0.005237742327153683 0.0012509638909250498 -0.19426394999027252 -0.005238113459199667 0.9999862313270569 0.0002935570664703846 -0.7418262958526611 -0.0012494090478867292 -0.00030010551563464105 0.9999991655349731 47.7244873046875
0.9999845623970032 0.005553748924285173 0.000252261059358716 -0.19939681887626648 -0.005554089322686195 0.9999836683273315 0.001368274912238121 -0.7611317038536072 -0.00024465785827487707 -0.0013696547830477357 0.9999990463256836 49.14989471435547
0.9999816417694092 0.005981294438242912 -0.0009532995172776282 -0.20536856353282928 -0.005980148445814848 0.9999814033508301 0.0012003149604424834 -0.7850805521011353 0.0009604610968381166 -0.0011945920996367931 0.9999988079071045 50.561851501464844
0.999977707862854 0.006316438317298889 -0.0021410102490335703 -0.21604914963245392 -0.006313038058578968 0.99997878074646 0.0015913776587694883 -0.8032559156417847 0.002151016378775239 -0.0015778262168169022 0.9999963641166687 51.99148178100586
0.9999741315841675 0.006450571119785309 -0.0031713852658867836 -0.23156672716140747 -0.006442468613386154 0.9999759793281555 0.002558536594733596 -0.8274341821670532 0.003187813563272357 -0.0025380386505275965 0.9999916553497314 53.40570068359375
0.999980092048645 0.005068990867584944 -0.003770312527194619 -0.24298827350139618 -0.005056603811681271 0.9999818801879883 0.0032877293415367603 -0.8446933627128601 0.003786909393966198 -0.003268598346039653 0.9999875426292419 54.84317398071289
0.9999849796295166 0.0030087269842624664 -0.004584085196256638 -0.24905036389827728 -0.0029925794806331396 0.9999893307685852 0.003525263862684369 -0.8665662407875061 0.004594642668962479 -0.0035114921629428864 0.9999833106994629 56.29405212402344
0.9999890327453613 0.0005249115638434887 -0.004653829615563154 -0.2721098065376282 -0.0005112578510306776 0.9999955892562866 0.0029346037190407515 -0.8865313529968262 0.004655349999666214 -0.0029321915935724974 0.999984860420227 57.673828125
0.9999878406524658 -0.0005921866395510733 -0.004900304134935141 -0.2840338945388794 0.0006101517356000841 0.9999931454658508 0.00366538786329329 -0.9096817374229431 0.0048980992287397385 -0.0036683334037661552 0.9999812841415405 59.09716033935547
0.9999894499778748 -0.0015497013228014112 -0.004318673629313707 -0.2960464358329773 0.001566368038766086 0.9999912977218628 0.003858588868752122 -0.9263288974761963 0.004312656354159117 -0.003865312784910202 0.9999831914901733 60.51679611206055
0.9999881982803345 -0.0029653608798980713 -0.0038451440632343292 -0.3039551377296448 0.002983934013172984 0.9999839067459106 0.004833608865737915 -0.9454463720321655 0.003830749075859785 -0.004845025017857552 0.9999809265136719 61.94915008544922
0.9999856352806091 -0.004281856585294008 -0.003232719376683235 -0.3218281865119934 0.004296277184039354 0.9999807476997375 0.004467290826141834 -0.9719213247299194 0.0032135280780494213 -0.004481114447116852 0.9999848008155823 63.35565185546875
0.9999822378158569 -0.005381309427320957 -0.0025623715482652187 -0.3360536992549896 0.005390573758631945 0.9999789595603943 0.0036224164068698883 -0.9891409277915955 0.0025428240187466145 -0.003636164590716362 0.9999901652336121 64.76172637939453
0.9999809265136719 -0.0056731500662863255 -0.0024451413191854954 -0.3325592279434204 0.0056814150884747505 0.9999781250953674 0.0033869275357574224 -1.016215443611145 0.002425873652100563 -0.0034007548820227385 0.9999912977218628 66.17335510253906
0.9999873638153076 -0.004814249463379383 -0.0014124809531494975 -0.34311139583587646 0.004818923305720091 0.9999828338623047 0.003324923338368535 -1.0333595275878906 0.0013964495155960321 -0.0033316882327198982 0.9999935030937195 67.60538482666016
0.9999992251396179 -0.0008761582430452108 -0.0008222048636525869 -0.3619041442871094 0.0008797417976893485 0.9999900460243225 0.004368534777313471 -1.0534939765930176 0.0008183693280443549 -0.004369254689663649 0.9999901056289673 68.96533203125
0.9999980330467224 0.0019430054817348719 0.0001101106172427535 -0.3788670599460602 -0.0019436015281826258 0.9999818205833435 0.005700456444174051 -1.0752158164978027 -9.903247701004148e-05 -0.0057006594724953175 0.9999837279319763 70.37183380126953
0.9999803900718689 0.0062074484303593636 0.0008496586233377457 -0.3897853195667267 -0.006212637294083834 0.9999611377716064 0.006246644072234631 -1.0932673215866089 -0.0008108499459922314 -0.0062517994083464146 0.9999801516532898 71.75818634033203
0.9999469518661499 0.010197388008236885 0.001508180983364582 -0.406631201505661 -0.010206134989857674 0.9999304413795471 0.005910227540880442 -1.1102312803268433 -0.0014478071825578809 -0.005925306119024754 0.9999814629554749 73.1518783569336
0.9999040365219116 0.013698496855795383 0.0020543711725622416 -0.4177791476249695 -0.01370907761156559 0.9998922944068909 0.0052282968536019325 -1.1319531202316284 -0.0019825303461402655 -0.005255958065390587 0.9999842047691345 74.56158447265625
0.999876856803894 0.015454850159585476 0.002699795179069042 -0.42335277795791626 -0.015468919649720192 0.9998664855957031 0.005270964000374079 -1.1535100936889648 -0.002617972670122981 -0.005312077235430479 0.999982476234436 75.9493637084961
0.9998761415481567 0.015468562953174114 0.002909623086452484 -0.42747563123703003 -0.015484516508877277 0.9998647570610046 0.005543044302612543 -1.1699023246765137 -0.0028234869241714478 -0.005587412975728512 0.9999803900718689 77.3492431640625
0.9998857378959656 0.014769144356250763 0.0032230543438345194 -0.4357496500015259 -0.0147854620590806 0.9998776912689209 0.005098662804812193 -1.1884444952011108 -0.0031473571434617043 -0.005145733710378408 0.9999818205833435 78.73169708251953
0.9999074935913086 0.013281449675559998 0.0029409665148705244 -0.43675604462623596 -0.013293982483446598 0.9999023675918579 0.004284005146473646 -1.2080600261688232 -0.0028837823774665594 -0.004322705324739218 0.999986469745636 80.11359405517578
0.9999175667762756 0.012617740780115128 0.002376801334321499 -0.43739163875579834 -0.012627868913114071 0.9999110102653503 0.004295719787478447 -1.2265503406524658 -0.002322387881577015 -0.004325380083173513 0.9999879002571106 81.49205017089844
0.9999180436134338 0.01261015422642231 0.002178581664338708 -0.4416276216506958 -0.012619568966329098 0.999910831451416 0.004363462794572115 -1.2452170848846436 -0.002123363083228469 -0.004390598274767399 0.9999880790710449 82.87223815917969
0.9999288320541382 0.01185497734695673 0.0012966749491170049 -0.43337392807006836 -0.011860070750117302 0.9999216794967651 0.003995571285486221 -1.2644516229629517 -0.0012492059031501412 -0.004010665696114302 0.9999911785125732 84.24056243896484
0.9999271631240845 0.012049754150211811 0.0007276240503415465 -0.452600359916687 -0.012052726931869984 0.9999184012413025 0.004229326266795397 -1.2773185968399048 -0.0006766023579984903 -0.004237786866724491 0.9999908208847046 85.61222839355469
0.9999300837516785 0.011822329834103584 -0.0002628543006721884 -0.45480939745903015 -0.011820849031209946 0.9999173283576965 0.005058262497186661 -1.300201654434204 0.0003226331027690321 -0.005054802168160677 0.9999871253967285 86.97303009033203
0.999952495098114 0.009620562195777893 -0.0015071360394358635 -0.46670693159103394 -0.009611704386770725 0.999937117099762 0.005777939688414335 -1.3111838102340698 0.0015626281965523958 -0.005763178691267967 0.9999821186065674 88.39777374267578
0.9999677538871765 0.007546895649284124 -0.002753720385953784 -0.46295809745788574 -0.007528453134000301 0.99994957447052 0.0066473777405917645 -1.3434844017028809 0.002803748706355691 -0.006626432295888662 0.9999740719795227 89.72250366210938
0.9999815225601196 0.004934386815875769 -0.0035586701706051826 -0.4725656509399414 -0.004909944254904985 0.9999645352363586 0.006844636518508196 -1.3619630336761475 0.0035923179239034653 -0.0068270363844931126 0.9999702572822571 91.0843734741211
0.9999845027923584 0.003808641107752919 -0.004059277940541506 -0.48164960741996765 -0.0037831971421837807 0.9999732375144958 0.006257316097617149 -1.383366346359253 0.0040830024518072605 -0.006241861265152693 0.9999721646308899 92.449462890625
0.9999865293502808 0.0030608794186264277 -0.0041901664808392525 -0.497484028339386 -0.0030357330106198788 0.9999774098396301 0.005994495935738087 -1.4015352725982666 0.004208420403301716 -0.005981695372611284 0.9999732375144958 93.78368377685547
0.9999861717224121 0.0030835529323667288 -0.004244675859808922 -0.511247992515564 -0.003060966031625867 0.9999812841415405 0.005317329429090023 -1.4180755615234375 0.004260992165654898 -0.00530426437035203 0.9999768137931824 95.15018463134766
0.9999868273735046 0.0028899444732815027 -0.004233678337186575 -0.5278301239013672 -0.002868764568120241 0.9999834299087524 0.005000226199626923 -1.4389573335647583 0.004248058423399925 -0.004988015629351139 0.9999785423278809 96.49681091308594
0.9999856948852539 0.003957813605666161 -0.0035981794353574514 -0.5499134063720703 -0.003943387884646654 0.9999842047691345 0.0040074861608445644 -1.4542436599731445 0.003613983280956745 -0.0039932397194206715 0.9999855160713196 97.84469604492188
0.9999800324440002 0.005436182953417301 -0.003237526398152113 -0.5741264224052429 -0.0054230764508247375 0.999977171421051 0.004043377470225096 -1.4696321487426758 0.003259432502090931 -0.004025739151984453 0.9999865889549255 99.1875991821289
0.9999804496765137 0.005444221664220095 -0.00304972380399704 -0.5727698802947998 -0.005426514428108931 0.9999685287475586 0.0057846480049192905 -1.492884874343872 0.003081121016293764 -0.005767986178398132 0.9999786019325256 100.52857971191406
0.9999746084213257 0.006305820774286985 -0.0033203887287527323 -0.5912941694259644 -0.006282458547502756 0.9999557733535767 0.007000413257628679 -1.5081391334533691 0.0033643851056694984 -0.00697937561199069 0.9999699592590332 101.8572769165039
0.9999798536300659 0.005619059782475233 -0.0029358232859522104 -0.592109203338623 -0.005602274555712938 0.9999680519104004 0.005694740451872349 -1.532287836074829 0.002967728301882744 -0.005678179208189249 0.9999794960021973 103.23055267333984
0.9999794960021973 0.005730213597416878 -0.0028691112529486418 -0.6090670824050903 -0.005720772780478001 0.999978244304657 0.003288361243903637 -1.544427514076233 0.00288789183832705 -0.003271879628300667 0.9999905228614807 104.55290985107422
0.9999812245368958 0.00530777545645833 -0.0030443668365478516 -0.6160939931869507 -0.005301616154611111 0.9999839067459106 0.0020275458227843046 -1.5677109956741333 0.003055079374462366 -0.002011367818340659 0.9999933242797852 105.89160919189453
0.999991238117218 0.0028210242744535208 -0.003094420302659273 -0.6260058879852295 -0.002810116158798337 0.9999898672103882 0.003523857332766056 -1.5893529653549194 0.0031043298076838255 -0.003515130840241909 0.9999890327453613 107.21475982666016
0.9999977946281433 0.0010887334356084466 -0.0018023784505203366 -0.648919939994812 -0.0010791959939524531 0.9999855756759644 0.005284068640321493 -1.6041094064712524 0.0018081051530316472 -0.005282113328576088 0.9999844431877136 108.55390167236328
0.9999988079071045 -0.0006923063192516565 -0.0013924953527748585 -0.6527678966522217 0.0007005963707342744 0.9999819993972778 0.00596170499920845 -1.6263236999511719 0.0013883430510759354 -0.005962672643363476 0.9999812841415405 109.88626098632812
0.9999997019767761 -0.0007797283469699323 -0.00013978357310406864 -0.6667189002037048 0.0007803159533068538 0.9999906420707703 0.004254320170730352 -1.6374222040176392 0.00013646505249198526 -0.0042544277384877205 0.9999909400939941 111.23873138427734
0.9999989867210388 0.0012744360137730837 0.0006862001027911901 -0.6771862506866455 -0.0012759597739204764 0.9999967813491821 0.0022244397550821304 -1.6567802429199219 -0.0006833630613982677 -0.0022253128699958324 0.9999973177909851 112.56806182861328
0.999991774559021 0.003504822961986065 0.002053851028904319 -0.690974235534668 -0.003504487220197916 0.9999939799308777 -0.0001665917516220361 -1.6783747673034668 -0.0020544221624732018 0.0001593927008798346 0.9999978542327881 113.90205383300781
0.999974250793457 0.006372101604938507 0.0032908478751778603 -0.6958831548690796 -0.006372192408889532 0.9999797344207764 1.727466587908566e-05 -1.70074462890625 -0.0032906709238886833 -3.8244223105721176e-05 0.9999945759773254 115.22235870361328
0.9999589920043945 0.007560735568404198 0.004983714781701565 -0.7023255228996277 -0.0075710248202085495 0.9999692440032959 0.002048936439678073 -1.7262966632843018 -0.004968068562448025 -0.0020865844562649727 0.99998539686203 116.5710678100586
0.9999517202377319 0.007730269338935614 0.006059892475605011 -0.6990399360656738 -0.007756093051284552 0.9999608993530273 0.004249743651598692 -1.743072271347046 -0.006026802584528923 -0.004296539351344109 0.9999725818634033 117.90155029296875
0.9999508261680603 0.007064376957714558 0.006958437617868185 -0.7033620476722717 -0.007098416797816753 0.9999629259109497 0.004879085347056389 -1.7655835151672363 -0.006923711858689785 -0.004928239155560732 0.9999638795852661 119.24227905273438
0.9999406337738037 0.007629179861396551 0.007773266173899174 -0.6929668188095093 -0.007661833893507719 0.9999619126319885 0.004179845564067364 -1.7807278633117676 -0.007741080597043037 -0.0042391554452478886 0.9999610185623169 120.59556579589844
0.9999169111251831 0.009036760777235031 0.009190047159790993 -0.6946132183074951 -0.009074443951249123 0.9999505281448364 0.004067262634634972 -1.802718162536621 -0.00915283802896738 -0.004150319378823042 0.9999495148658752 121.9248046875
0.9998834133148193 0.010993021540343761 0.01059542316943407 -0.6900216341018677 -0.011034427210688591 0.9999315738677979 0.003857410978525877 -1.8201078176498413 -0.010552295483648777 -0.003973876126110554 0.9999364614486694 123.25955200195312
0.9998618960380554 0.011911374516785145 0.011589903384447098 -0.6900262832641602 -0.011941821314394474 0.999925434589386 0.002561528468504548 -1.836029291152954 -0.011558527126908302 -0.002699578646570444 0.9999295473098755 124.60630798339844
0.9998324513435364 0.013220329768955708 0.012661760672926903 -0.6837383508682251 -0.01323813945055008 0.9999116063117981 0.0013238668907433748 -1.8478889465332031 -0.012643137946724892 -0.001491262810304761 0.9999189972877502 125.95970916748047
0.9998376369476318 0.011895762756466866 0.013531338423490524 -0.6751667261123657 -0.01191781833767891 0.9999277591705322 0.0015505162300541997 -1.8717118501663208 -0.013511915691196918 -0.0017115286318585277 0.9999072551727295 127.30400085449219
0.9998283982276917 0.011552396230399609 0.01448152307420969 -0.6646527051925659 -0.011592574417591095 0.9999291300773621 0.002693459391593933 -1.8903014659881592 -0.014449379406869411 -0.0028608753345906734 0.9998915195465088 128.65231323242188
0.9998354315757751 0.009984678588807583 0.01514392253011465 -0.6530414819717407 -0.010038833133876324 0.9999434947967529 0.003504104446619749 -1.908750295639038 -0.01510807778686285 -0.0036555558908730745 0.9998791217803955 130.01116943359375
0.999837338924408 0.008952656760811806 0.015656065195798874 -0.6375179290771484 -0.00901522021740675 0.9999516606330872 0.003930109553039074 -1.9253270626068115 -0.015620123594999313 -0.004070613067597151 0.9998696446418762 131.3600311279297
0.9998507499694824 0.007477366831153631 0.015574438497424126 -0.6245958805084229 -0.0075375959277153015 0.9999644756317139 0.0038121077232062817 -1.9400159120559692 -0.015545380301773548 -0.003928932826966047 0.9998713731765747 132.7076416015625
0.9998574256896973 0.005847949534654617 0.015842031687498093 -0.6251635551452637 -0.005918100010603666 0.9999728798866272 0.004384858533740044 -1.9554086923599243 -0.015815960243344307 -0.004477987997233868 0.9998648762702942 134.0515899658203
0.9998723864555359 0.004281241912394762 0.015391339547932148 -0.6121211051940918 -0.004346759989857674 0.999981701374054 0.004225891083478928 -1.9743986129760742 -0.01537296362221241 -0.004292254336178303 0.9998725652694702 135.40298461914062
0.9999017715454102 0.0028525886591523886 0.013721085153520107 -0.594426155090332 -0.002908410970121622 0.9999875426292419 0.004050109535455704 -1.9876453876495361 -0.013709362596273422 -0.004089618567377329 0.9998975992202759 136.7421875
0.9999200105667114 0.0014342800714075565 0.012564643286168575 -0.5785800218582153 -0.001494005206041038 0.9999875426292419 0.004745327867567539 -2.0050852298736572 -0.012557684443891048 -0.004763719160109758 0.9999097585678101 138.0947723388672
0.9999315738677979 8.441605314146727e-05 0.011694949120283127 -0.5713177919387817 -0.0001406839000992477 0.9999884366989136 0.00481056421995163 -2.0210635662078857 -0.0116944070905447 -0.004811880644410849 0.9999200105667114 139.43548583984375
0.9999496340751648 0.00010884593211812899 0.010026955977082253 -0.5561996698379517 -0.00015463422460015863 0.9999895691871643 0.004565857350826263 -2.0356247425079346 -0.010026355274021626 -0.00456717936322093 0.9999393224716187 140.79139709472656
0.9999588131904602 -0.0006718552904203534 0.009037886746227741 -0.5536504983901978 0.000632789044175297 0.9999904036521912 0.004324659239500761 -2.0580313205718994 -0.009040705859661102 -0.004318762570619583 0.9999498724937439 142.1283721923828
0.9999690055847168 -0.00011882725084433332 0.007864362560212612 -0.5482181310653687 8.921530388761312e-05 0.9999929070472717 0.003765576286241412 -2.0733985900878906 -0.007864754647016525 -0.003764757653698325 0.9999619722366333 143.45596313476562
0.9999718070030212 -0.0030624321661889553 0.006858159322291613 -0.5462660789489746 0.003052428597584367 0.9999942779541016 0.0014687066432088614 -2.092829465866089 -0.006862619426101446 -0.0014477311633527279 0.9999753832817078 144.7917022705078
0.9999473690986633 -0.0083184028044343 0.006004140712320805 -0.5378186702728271 0.008313776925206184 0.9999651312828064 0.0007951750885695219 -2.1092758178710938 -0.006010545417666435 -0.0007452163845300674 0.9999815821647644 146.15457153320312
0.9998669028282166 -0.01550598070025444 0.0050839646719396114 -0.5309571623802185 0.015489638783037663 0.9998747110366821 0.00323823606595397 -2.127716541290283 -0.005133539438247681 -0.003159056417644024 0.9999818205833435 147.4977264404297
0.9997386932373047 -0.022524679079651833 0.0038719603326171637 -0.5257828235626221 0.022505439817905426 0.9997344613075256 0.004942263942211866 -2.1492390632629395 -0.003982254769653082 -0.0048538330011069775 0.9999802708625793 148.85650634765625
0.9996710419654846 -0.02552678994834423 0.002493655076250434 -0.5118095278739929 0.025524314492940903 0.9996736645698547 0.0010175966890528798 -2.1596357822418213 -0.002518816851079464 -0.0009536132565699518 0.9999963641166687 150.19381713867188
0.9996758103370667 -0.02529209293425083 0.0029097157530486584 -0.5065464377403259 0.02529945783317089 0.9996767640113831 -0.0025236126966774464 -2.1771724224090576 -0.0028449473902583122 0.0025964095257222652 0.9999926090240479 151.54978942871094
0.9997528195381165 -0.021929675713181496 0.0036511393263936043 -0.5188280940055847 0.021944448351860046 0.9997509121894836 -0.0040548755787312984 -2.214329957962036 -0.0035613083746284246 0.004133995156735182 0.9999850988388062 152.87367248535156
0.9997493624687195 -0.02188030630350113 0.004750128835439682 -0.5281904935836792 0.021899141371250153 0.999752402305603 -0.003949024714529514 -2.2462100982666016 -0.004662547260522842 0.004052058793604374 0.9999809265136719 154.19815063476562
0.9996669292449951 -0.0253272857517004 0.004960053600370884 -0.5177385210990906 0.02532941848039627 0.9996789693832397 -0.00036676900344900787 -2.270575523376465 -0.004949172493070364 0.0004922820371575654 0.9999876022338867 155.56475830078125
0.9995141625404358 -0.030647285282611847 0.005679354537278414 -0.508783757686615 0.030635183677077293 0.999528169631958 0.0022063665091991425 -2.2908287048339844 -0.005744294263422489 -0.0020313062705099583 0.9999814033508301 156.925537109375
0.9993927478790283 -0.03439125418663025 0.005599687807261944 -0.5033097863197327 0.034370411187410355 0.9994019865989685 0.003776439931243658 -2.3142788410186768 -0.005726215895265341 -0.0035816833842545748 0.999977171421051 158.26528930664062
0.9993548393249512 -0.03547582030296326 0.0056046005338430405 -0.4986083507537842 0.0354575477540493 0.9993656277656555 0.0033267983235418797 -2.3269782066345215 -0.005719066131860018 -0.003125926246866584 0.9999787211418152 159.60711669921875
0.9994018077850342 -0.033931665122509 0.006680764723569155 -0.5000002384185791 0.03390345722436905 0.9994158744812012 0.004292274825274944 -2.3514833450317383 -0.006822505965828896 -0.004063206724822521 0.999968409538269 160.9581298828125
0.9995154142379761 -0.030085120350122452 0.007999764755368233 -0.5101683139801025 0.030057232826948166 0.9995417594909668 0.003583455691114068 -2.370271921157837 -0.00810390803962946 -0.003341267816722393 0.9999615550041199 162.29647827148438
0.9996185302734375 -0.026249337941408157 0.00858481228351593 -0.49559569358825684 0.026238547638058662 0.9996547698974609 0.0013669724576175213 -2.392587900161743 -0.008617731742560863 -0.0011411979794502258 0.9999622106552124 163.6669158935547
0.9996898770332336 -0.023052169010043144 0.009422514587640762 -0.4905884265899658 0.023048652336001396 0.9997341632843018 0.00048153847455978394 -2.4073679447174072 -0.009431111626327038 -0.00026421278016641736 0.9999554753303528 165.01820373535156
0.9997258186340332 -0.021205579861998558 0.009928084909915924 -0.49790799617767334 0.021189117804169655 0.9997738599777222 0.0017602996667847037 -2.428955078125 -0.009963169693946838 -0.0015494497492909431 0.9999490976333618 166.35816955566406
0.9997617602348328 -0.01983570121228695 0.009110212326049805 -0.47673261165618896 0.019821403548121452 0.9998021721839905 0.0016570007428526878 -2.454695463180542 -0.009141279384493828 -0.00147602881770581 0.9999570846557617 167.7229461669922
0.999809741973877 -0.017241284251213074 0.009120667353272438 -0.483959436416626 0.01725214160978794 0.9998505115509033 -0.001113029196858406 -2.4702043533325195 -0.0091001121327281 0.0012701685773208737 0.999957799911499 169.08053588867188
0.9998695254325867 -0.013693259097635746 0.008573937229812145 -0.48221373558044434 0.013729012571275234 0.9998971819877625 -0.004125282634049654 -2.4894943237304688 -0.008516566827893257 0.0042424555867910385 0.9999547004699707 170.42532348632812
0.9999309778213501 -0.008023916743695736 0.008585420437157154 -0.49107813835144043 0.008068418130278587 0.9999540448188782 -0.005161163862794638 -2.5225348472595215 -0.008543613366782665 0.00523007707670331 0.9999497532844543 171.7860107421875
0.9999538064002991 -0.0037751770578324795 0.008842511102557182 -0.49456512928009033 0.0038101652171462774 0.9999849796295166 -0.003943299874663353 -2.549917221069336 -0.008827491663396358 0.003976809326559305 0.9999531507492065 173.14596557617188
0.9999546408653259 -0.0004911006544716656 0.009503365494310856 -0.5014606714248657 0.0005120622226968408 0.9999974370002747 -0.0022034007124602795 -2.5738959312438965 -0.009502259083092213 0.002208167454227805 0.9999523758888245 174.5009307861328
0.9999551773071289 0.000525950628798455 0.009449081495404243 -0.4975261688232422 -0.0005258875899016857 0.9999998807907104 -9.145582225755788e-06 -2.598142147064209 -0.009449082426726818 4.176133643341018e-06 0.9999553561210632 175.87457275390625
0.9999603033065796 -0.002816930878907442 0.008454092778265476 -0.49094438552856445 0.002806371543556452 0.999995231628418 0.0012605894589796662 -2.6229164600372314 -0.008457602933049202 -0.0012368139578029513 0.9999635219573975 177.25181579589844
0.9999663233757019 -0.004631316754966974 0.00677477614954114 -0.4794367551803589 0.004625275731086731 0.9999889135360718 0.0009070950327441096 -2.6400561332702637 -0.006778901908546686 -0.0008757293107919395 0.999976634979248 178.6385955810547
0.9999749064445496 -0.004850142169743776 0.005159972235560417 -0.4823911786079407 0.00486817117780447 0.9999821186065674 -0.0034873553086072206 -2.6618776321411133 -0.0051429662853479385 0.003512387629598379 0.9999805688858032 180.0313720703125
0.9999868273735046 -0.003994577098637819 0.0032019405625760555 -0.4764665365219116 0.004017388913780451 0.9999663233757019 -0.007149944081902504 -2.6972434520721436 -0.0031732714269310236 0.007162713445723057 0.9999693036079407 181.42759704589844
0.9999963045120239 0.0010530391009524465 0.002511518308892846 -0.4888230562210083 -0.0010330359218642116 0.9999678730964661 -0.007952531799674034 -2.724867343902588 -0.002519812434911728 0.007949909195303917 0.9999651908874512 182.82870483398438
0.9999865889549255 0.004542490933090448 0.002497393172234297 -0.4993287920951843 -0.00452473945915699 0.9999648928642273 -0.0070680882781744 -2.7568159103393555 -0.002529412042349577 0.007056694012135267 0.9999719262123108 184.21849060058594
0.9999760389328003 0.0062479921616613865 0.002950559835880995 -0.5138895511627197 -0.006238346919417381 0.9999752044677734 -0.0032669680658727884 -2.7914302349090576 -0.0029708982910960913 0.0032484836410731077 0.9999902844429016 185.60585021972656
0.9999682307243347 0.0072686136700212955 0.003276078961789608 -0.5209912657737732 -0.007264386862516403 0.9999727606773376 -0.0013003107160329819 -2.8147149085998535 -0.0032854415476322174 0.0012764707207679749 0.9999938011169434 187.00643920898438
0.9999717473983765 0.0067376927472651005 0.003323120530694723 -0.5207226872444153 -0.006735794711858034 0.9999771118164062 -0.0005824306281283498 -2.8327410221099854 -0.0033269685227423906 0.0005600301083177328 0.9999943375587463 188.40234375
0.9999820590019226 0.004979316610842943 0.003317532828077674 -0.5227456092834473 -0.004979517310857773 0.9999876022338867 5.2410225180210546e-05 -2.8605003356933594 -0.003317230846732855 -6.892901001265272e-05 0.9999944567680359 189.82373046875
0.9999910593032837 0.002357319463044405 0.0035126316361129284 -0.5223489999771118 -0.0023599211126565933 0.9999969601631165 0.0007367059006355703 -2.887716054916382 -0.003510884242132306 -0.0007449888507835567 0.9999935626983643 191.24594116210938
0.9999938607215881 -0.00017284486966673285 0.0035058697685599327 -0.5211149454116821 0.00017043422849383205 0.9999997615814209 0.0006877263076603413 -2.9065940380096436 -0.003505988046526909 -0.0006871245568618178 0.999993622303009 192.67005920410156
0.9999852776527405 -0.0036540585570037365 0.004017515107989311 -0.5189932584762573 0.00364746805280447 0.9999919533729553 0.0016464798245579004 -2.926624298095703 -0.004023499321192503 -0.001631801831535995 0.9999905824661255 194.09718322753906
0.9999541640281677 -0.00838298536837101 0.004641756881028414 -0.5211318731307983 0.008368486538529396 0.9999600648880005 0.003134189872071147 -2.9462928771972656 -0.00466784555464983 -0.0030952016822993755 0.9999843835830688 195.52464294433594
0.9999265074729919 -0.01106720045208931 0.004947463516145945 -0.5120768547058105 0.011050429195165634 0.999933123588562 0.003404428716748953 -2.9727351665496826 -0.004984809551388025 -0.0033495069947093725 0.9999818801879883 196.94833374023438
0.9999458193778992 -0.008938489481806755 0.005328857805579901 -0.5118016004562378 0.008943825960159302 0.9999595284461975 -0.0009779419051483274 -2.9931094646453857 -0.005319900345057249 0.0010255493689328432 0.9999853372573853 198.38778686523438
0.9999814629554749 -0.0016108440468087792 0.0058744302950799465 -0.5239846706390381 0.0016457968158647418 0.9999809861183167 -0.005950257647782564 -3.0160083770751953 -0.005864732898771763 0.0059598153457045555 0.9999650716781616 199.797607421875
0.9999404549598694 0.008000875823199749 0.0074220323003828526 -0.5361356735229492 -0.007953379303216934 0.9999478459358215 -0.00640663830563426 -3.0439743995666504 -0.007472904399037361 0.006347226444631815 0.9999518990516663 201.23995971679688
0.999845027923584 0.015387003310024738 0.008553949184715748 -0.5517020225524902 -0.015365554951131344 0.9998787045478821 -0.0025674179196357727 -3.0724122524261475 -0.00859241746366024 0.0024355847854167223 0.9999601244926453 202.66690063476562
0.9998210668563843 0.016494667157530785 0.00925825722515583 -0.5447936058044434 -0.016490859910845757 0.9998639225959778 -0.00048729771515354514 -3.09837007522583 -0.009265034459531307 0.00033453377545811236 0.9999569654464722 204.1186981201172
0.9998638033866882 0.01410283986479044 0.008570053614675999 -0.5348180532455444 -0.014103753492236137 0.9999005198478699 4.602820263244212e-05 -3.1209206581115723 -0.008568553254008293 -0.00016689187032170594 0.9999632239341736 205.56222534179688
0.999908983707428 0.01130659319460392 0.007352637127041817 -0.5244361162185669 -0.01130650658160448 0.999936044216156 -5.337619950296357e-05 -3.1445493698120117 -0.007352771237492561 -2.9761244149995036e-05 0.999972939491272 207.01397705078125
0.9999315738677979 0.009555822238326073 0.006742247845977545 -0.5260661840438843 -0.009551993571221828 0.9999542832374573 -0.0005997353582642972 -3.1648635864257812 -0.006747670006006956 0.0005352924927137792 0.9999770522117615 208.46762084960938
0.9999359846115112 0.009841473773121834 0.005586251616477966 -0.5016840696334839 -0.009835160337388515 0.9999510049819946 -0.001156770857051015 -3.1892635822296143 -0.005597362294793129 0.0011017550714313984 0.9999837279319763 209.97914123535156
0.9999233484268188 0.010956650599837303 0.005767493508756161 -0.5141149759292603 -0.010952516458928585 0.9999397397041321 -0.0007478855550289154 -3.221116542816162 -0.0057753403671085835 0.0006846595788374543 0.9999830722808838 211.4053497314453
0.9999169707298279 0.0115115437656641 0.00578670110553503 -0.5134121179580688 -0.011512914672493935 0.9999337792396545 0.00020380684873089194 -3.2482380867004395 -0.005783971399068832 -0.000270411663223058 0.9999831914901733 212.8623504638672
0.9999173879623413 0.011661957018077374 0.005399300716817379 -0.516193151473999 -0.011659149080514908 0.9999318718910217 -0.0005514101940207183 -3.266864538192749 -0.0054053617641329765 0.0004884132649749517 0.9999852776527405 214.33518981933594
0.9999232292175293 0.011271768249571323 0.005142460577189922 -0.5143344402313232 -0.011263889260590076 0.9999353885650635 -0.0015587203670293093 -3.2962751388549805 -0.005159697029739618 0.0015006766188889742 0.9999855756759644 215.81195068359375
0.9999346733093262 0.01042743306607008 0.00468071736395359 -0.5095628499984741 -0.010418380610644817 0.9999437928199768 -0.0019545501563698053 -3.3156495094299316 -0.004700835328549147 0.0019056570017710328 0.9999871253967285 217.27987670898438
0.9999327659606934 0.010700274258852005 0.00445838738232851 -0.5140917301177979 -0.01069069653749466 0.9999406337738037 -0.0021665850654244423 -3.340564727783203 -0.004481305833905935 0.0021187765523791313 0.9999876618385315 218.75514221191406
0.9999292492866516 0.011126617901027203 0.004189610481262207 -0.5167189836502075 -0.011116888374090195 0.9999354481697083 -0.002338257385417819 -3.366556167602539 -0.004215356893837452 0.0022915173321962357 0.9999884366989136 220.24102783203125
0.9999266862869263 0.011527092196047306 0.0036938744597136974 -0.520923376083374 -0.011516629718244076 0.999929666519165 -0.002841030480340123 -3.389847755432129 -0.0037263636477291584 0.002798281377181411 0.9999890923500061 221.72239685058594
0.9999256134033203 0.011708207428455353 0.0034039700403809547 -0.5177081227302551 -0.011699669994413853 0.9999284148216248 -0.0025171784218400717 -3.4269328117370605 -0.003433197969570756 0.0024771662428975105 0.9999909996986389 223.20077514648438
