1.0 0.0 0.0 0.0 0.0 1.0 0.0 0.0 0.0 0.0 1.0 0.0
1.0 -6.648802809650078e-05 0.0001218690667883493 -0.014873076230287552 6.631216820096597e-05 0.9999989867210388 0.0014424410182982683 -0.01267093513160944 -0.00012196484749438241 -0.0014424328692257404 0.999998927116394 1.3156399726867676
0.9999984502792358 -0.0015766216674819589 -0.0007553253672085702 -0.00810199324041605 0.0015779281966388226 0.9999972581863403 0.0017326464876532555 -0.03891908749938011 0.0007525915279984474 -0.001733835437335074 0.9999982118606567 2.619569778442383
0.9999960064888 -0.00272196508012712 -0.0006776328664273024 -0.014353731647133827 0.002722458215430379 0.9999960064888 0.0007281686994247139 -0.05476098880171776 0.000675648101605475 -0.0007300106226466596 0.999999463558197 3.9325919151306152
0.9999953508377075 -0.0029786673840135336 -0.000586095848120749 -0.024237481877207756 0.002979111159220338 0.999995231628418 0.0007584273698739707 -0.0718604326248169 0.0005838339566253126 -0.000760170049034059 0.9999995827674866 5.261096000671387
0.9999929070472717 -0.003684603376314044 -0.0006823543226346374 -0.02268846333026886 0.003685867879539728 0.9999914169311523 0.0018614846048876643 -0.10033554583787918 0.0006754896603524685 -0.001863986486569047 0.9999980330467224 6.578250885009766
0.9999865889549255 -0.005145327188074589 -0.0005258587189018726 -0.02835705503821373 0.005146838258951902 0.9999825358390808 0.002915302524343133 -0.11522135883569717 0.0005108492914587259 -0.0029179700650274754 0.9999956488609314 7.901293754577637
0.9999894499778748 -0.004563051741570234 -0.0005503333522938192 -0.03712410107254982 0.004564948379993439 0.9999834895133972 0.0034976580645889044 -0.13535435497760773 0.0005343642551451921 -0.0035001335199922323 0.9999937415122986 9.243918418884277
0.9999933242797852 -0.0035721613094210625 -0.0007734571699984372 -0.046156372874975204 0.0035733331460505724 0.9999924898147583 0.0015199031913653016 -0.1507006734609604 0.0007680220296606421 -0.001522657461464405 0.9999985098838806 10.590109825134277
0.9999984502792358 -0.0013377685099840164 -0.0011565578170120716 -0.050103165209293365 0.00133742846082896 0.9999990463256836 -0.0002945261658169329 -0.17815238237380981 0.0011569508351385593 0.0002929788897745311 0.9999992847442627 11.929974555969238
0.9999967813491821 0.002406278159469366 -0.0007271215436048806 -0.06985695660114288 -0.0024070776998996735 0.9999964833259583 -0.001100750989280641 -0.2017233818769455 0.0007244703592732549 0.0011024975683540106 0.9999991059303284 13.266719818115234
0.9999890327453613 0.00465683126822114 -0.0005263627972453833 -0.0903533548116684 -0.0046575660817325115 0.9999882578849792 -0.0014046556316316128 -0.22002576291561127 0.0005198153667151928 0.0014070916222408414 0.9999988675117493 14.604233741760254
0.9999831318855286 0.005754757672548294 -0.0007597728399559855 -0.09073934704065323 -0.005755264777690172 0.9999831914901733 -0.0006666701519861817 -0.24002879858016968 0.000755923567339778 0.0006710315938107669 0.9999994039535522 15.963542938232422
0.9999945163726807 0.003315199166536331 0.0001304837642237544 -0.10849343240261078 -0.003315481124445796 0.9999920129776001 0.0022260816767811775 -0.2636353075504303 -0.00012310278543736786 -0.0022265026345849037 0.9999974966049194 17.317398071289062
0.9999997019767761 -0.0007510752184316516 0.00022923722281120718 -0.11173397302627563 0.0007501423242501915 0.9999914765357971 0.00403957162052393 -0.2817193567752838 -0.00023226930352393538 -0.004039398394525051 0.9999918341636658 18.67026138305664
0.9999952912330627 -0.003060966497287154 4.856337000092026e-06 -0.11731915920972824 0.003060953924432397 0.9999938607215881 0.0016968417912721634 -0.29852476716041565 -1.0050249329651706e-05 -0.0016968190902844071 0.9999985694885254 20.01972770690918
0.9999885559082031 -0.004764849785715342 -0.00015065805928315967 -0.1194402277469635 0.0047648753970861435 0.9999886155128479 0.00016482615319546312 -0.32856252789497375 0.00014987093163654208 -0.000165542121976614 1.0 21.387235641479492
0.999997615814209 -0.0018591675907373428 0.0010786701459437609 -0.14336372911930084 0.0018608797108754516 0.9999969601631165 -0.0015881810104474425 -0.34406551718711853 -0.001075714360922575 0.0015901847509667277 0.9999982118606567 22.732568740844727
0.9999989867210388 0.0004540848603937775 0.001338029163889587 -0.1437157243490219 -0.0004548283468466252 0.9999997019767761 0.0005554236704483628 -0.36601075530052185 -0.0013377765426412225 -0.0005560317076742649 0.9999988675117493 24.11069679260254
0.9999978542327881 0.0010630023898556828 0.0017810005228966475 -0.1498381495475769 -0.0010711548384279013 0.9999889135360718 0.004582883790135384 -0.3903772830963135 -0.0017761093331500888 -0.004584781359881163 0.9999879002571106 25.483570098876953
0.999996542930603 -0.0012571337865665555 0.002300039865076542 -0.15183493494987488 0.0012425659224390984 0.9999791979789734 0.006324275396764278 -0.39953190088272095 -0.0023079426027834415 -0.006321394816040993 0.9999773502349854 26.86046600341797
0.9999783635139465 -0.006349318195134401 0.0017189072677865624 -0.13918893039226532 0.006341850850731134 0.999970555305481 0.00431546987965703 -0.41869133710861206 -0.001746256952174008 -0.004304477013647556 0.9999892115592957 28.2912540435791
0.9999783635139465 -0.006342126056551933 0.0017349530244246125 -0.14203761518001556 0.006338444072753191 0.9999775886535645 0.0021198170725256205 -0.4334716200828552 -0.001748358365148306 -0.002108774147927761 0.9999963045120239 29.666807174682617
0.9999756813049316 -0.006399243604391813 0.0027804006822407246 -0.15437087416648865 0.006401153281331062 0.9999792575836182 -0.0006783684948459268 -0.4519985616207123 -0.002776002511382103 0.0006961497711017728 0.9999958872795105 31.022098541259766
0.9999892115592957 -0.003032979089766741 0.0035257849376648664 -0.16591772437095642 0.0030370643362402916 0.999994695186615 -0.0011536434758454561 -0.47646674513816833 -0.0035222670994699 0.001164338900707662 0.9999931454658508 32.403141021728516
0.9999896883964539 -0.002266254974529147 0.0039368439465761185 -0.1727249175310135 0.002279839711263776 0.9999914765357971 -0.003449627896770835 -0.5012817978858948 -0.00392899289727211 0.0034585678949952126 0.9999862313270569 33.77672576904297
0.9999913573265076 -0.0016120527870953083 0.0038290766533464193 -0.16955304145812988 0.0016229848843067884 0.9999946355819702 -0.002853667363524437 -0.5238327980041504 -0.003824455663561821 0.002859857166185975 0.9999886155128479 35.16986083984375
0.9999912977218628 -0.0009759971289895475 0.004053083714097738 -0.18807362020015717 0.0009830589406192303 0.9999979138374329 -0.0017406931146979332 -0.5489313006401062 -0.004051376599818468 0.001744662644341588 0.9999902248382568 36.5592041015625
0.999993085861206 0.00015132437692955136 0.0037283694837242365 -0.19219009578227997 -0.00015190817066468298 0.9999999403953552 0.00015628869005013257 -0.5745810866355896 -0.00372834550216794 -0.0001568540174048394 0.9999930262565613 37.95943069458008
0.9999889135360718 0.0028046579100191593 0.0037796376273036003 -0.2015240490436554 -0.0028063529171049595 0.9999958872795105 0.00044328291551209986 -0.600699245929718 -0.0037783789448440075 -0.00045388497528620064 0.9999927878379822 39.360652923583984
0.999975860118866 0.005461185239255428 0.004303467459976673 -0.216043159365654 -0.005460583139210939 0.9999850988388062 -0.0001516788179287687 -0.6190875172615051 -0.004304231610149145 0.00012817572860512882 0.999990701675415 40.74859619140625
0.9999643564224243 0.007540097460150719 0.003776300000026822 -0.21346549689769745 -0.007540509104728699 0.9999715685844421 9.465511539019644e-05 -0.6359936594963074 -0.003775478806346655 -0.00012312695616856217 0.9999927878379822 42.17452621459961
0.9999595284461975 0.008289276622235775 0.0034711307380348444 -0.2156616598367691 -0.008289164863526821 0.9999656081199646 -4.6368611947400495e-05 -0.6545020341873169 -0.003471395466476679 1.75939712789841e-05 0.9999939203262329 43.577857971191406
0.9999696016311646 0.007218743674457073 0.0029478755313903093 -0.22372640669345856 -0.0072193932719528675 0.9999738931655884 0.00021003205620218068 -0.6835354566574097 -0.002946282271295786 -0.00023130758199840784 0.9999956488609314 44.97732925415039
0.9999783039093018 0.006257474888116121 0.0020939751993864775 -0.2227955311536789 -0.006257126107811928 0.9999803900718689 -0.00017325099906884134 -0.7038069367408752 -0.002095018280670047 0.00016014493303373456 0.9999978542327881 46.3831672668457
0.9999850988388062 0.00536362174898386 0.001035144436173141 -0.22759944200515747 -0.005363751668483019 0.9999856352806091 0.0001228024484589696 -0.7273626327514648 -0.0010344708571210504 -0.00012835286906920373 0.999999463558197 47.79096984863281
0.9999834895133972 0.005751789081841707 -7.467070827260613e-05 -0.23131442070007324 -0.005751716438680887 0.9999830722808838 0.0009366158046759665 -0.7432251572608948 8.005659037735313e-05 -0.000936170807108283 0.9999995827674866 49.219268798828125
0.9999815225601196 0.005938922520726919 -0.0013583936961367726 -0.24218912422657013 -0.005938077811151743 0.9999822378158569 0.0006248146528378129 -0.7670323848724365 0.0013620797544717789 -0.0006167368264868855 0.999998927116394 50.6387825012207
0.9999809861183167 0.005617802496999502 -0.0025339326821267605 -0.2536187171936035 -0.005614361725747585 0.9999833106994629 0.0013629528693854809 -0.7913128733634949 0.0025415471754968166 -0.0013487006071954966 0.9999958276748657 52.062713623046875
0.9999786615371704 0.0052511366084218025 -0.003878949675709009 -0.26358985900878906 -0.00524085434153676 0.9999828338623047 0.002655956195667386 -0.8162413835525513 0.0038928294088691473 -0.002635570475831628 0.9999889731407166 53.485992431640625
0.9999803304672241 0.004482239484786987 -0.004380599595606327 -0.27458128333091736 -0.004468233324587345 0.999984860420227 0.003202002728357911 -0.8341665863990784 0.004394885618239641 -0.0031823655590415 0.9999852776527405 54.94063949584961
0.9999821186065674 0.002557696308940649 -0.005398827604949474 -0.2771862745285034 -0.002537233056500554 0.9999895095825195 0.003793928073719144 -0.8566045761108398 0.005408476106822491 -0.003780161961913109 0.9999781847000122 56.38651657104492
0.9999839663505554 0.00016154251352418214 -0.005652770400047302 -0.2968981862068176 -0.00014605298929382116 0.9999962449073792 0.0027404665015637875 -0.8742488026618958 0.005653192289173603 -0.002739597111940384 0.9999802708625793 57.80979537963867
0.9999812245368958 -0.0013731775106862187 -0.005968893878161907 -0.3090416491031647 0.0013937907060608268 0.999993085861206 0.003450659802183509 -0.8981881141662598 0.005964114796370268 -0.003458914812654257 0.9999762177467346 59.23286056518555
0.999981164932251 -0.002472584368661046 -0.005621095187962055 -0.31847095489501953 0.0024936050176620483 0.9999900460243225 0.003735710633918643 -0.9159148931503296 0.005611801519989967 -0.0037496574223041534 0.9999772310256958 60.65256118774414
0.9999786019325256 -0.003933828789740801 -0.005232052877545357 -0.3285530209541321 0.003957378678023815 0.9999821186065674 0.004498474765568972 -0.932643711566925 0.005214262753725052 -0.00451908353716135 0.9999762177467346 62.08526611328125
0.9999783635139465 -0.004860865883529186 -0.004431487061083317 -0.353916734457016 0.004880028311163187 0.9999786615371704 0.004323747009038925 -0.963148295879364 0.0044103763066232204 -0.004345278721302748 0.9999808073043823 63.46495819091797
0.9999741315841675 -0.006143147125840187 -0.0037202900275588036 -0.36887601017951965 0.006154501345008612 0.9999763369560242 0.0030485717579722404 -0.9760907292366028 0.0037014740519225597 -0.0030713884625583887 0.9999884366989136 64.87901306152344
0.9999715089797974 -0.00662066787481308 -0.0036300974898040295 -0.3681093752384186 0.006632307078689337 0.9999728202819824 0.0032036069314926863 -1.003616452217102 0.0036087892949581146 -0.003227591048926115 0.9999881982803345 66.28828430175781
0.9999783039093018 -0.006010808050632477 -0.0027052557561546564 -0.38001349568367004 0.00601931381970644 0.9999769330024719 0.0031471506226807833 -1.0224899053573608 0.0026862763334065676 -0.003163366112858057 0.9999913573265076 67.7129135131836
0.9999955892562866 -0.0019753200467675924 -0.0022111793514341116 -0.4023675322532654 0.0019841885659843683 0.999989926815033 0.004015644080936909 -1.0359505414962769 0.002203224925324321 -0.004020014312118292 0.9999895095825195 69.09434509277344
0.9999979138374329 0.001261726371012628 -0.0015797248343005776 -0.4184289574623108 -0.001253734459169209 0.999986469745636 0.00504979956895113 -1.052785873413086 0.0015860749408602715 -0.005047808866947889 0.9999860525131226 70.48826599121094
0.999988853931427 0.004647548776119947 -0.0008096874807961285 -0.4317909777164459 -0.004642752464860678 0.9999721646308899 0.005827450659126043 -1.076077938079834 0.0008367485133931041 -0.0058236271142959595 0.9999827146530151 71.89382934570312
0.9999597668647766 0.00896971020847559 8.439940575044602e-05 -0.45462989807128906 -0.008970039896667004 0.9999442100524902 0.005566422361880541 -1.0948258638381958 -3.4465501812519506e-05 -0.005566955544054508 0.9999845623970032 73.28355407714844
0.999922513961792 0.012432962656021118 0.0005736058228649199 -0.4699048399925232 -0.01243558619171381 0.9999109506607056 0.004824365954846144 -1.1155014038085938 -0.0005135735846124589 -0.004831124562770128 0.9999881386756897 74.67671966552734
0.9998988509178162 0.014151372015476227 0.0013816306600347161 -0.4820466935634613 -0.01415790431201458 0.999888002872467 0.004838235676288605 -1.1361452341079712 -0.0013130081351846457 -0.004857307765632868 0.9999873638153076 76.06444549560547
0.9999016523361206 0.013943187892436981 0.0014845291152596474 -0.4886554777622223 -0.013950558379292488 0.9998897314071655 0.0050773355178534985 -1.150688648223877 -0.0014135712990537286 -0.005097546149045229 0.999985933303833 77.47708129882812
0.9999039769172668 0.013758782297372818 0.0016391025856137276 -0.4991046190261841 -0.013766440562903881 0.9998939037322998 0.00475673284381628 -1.1707606315612793 -0.0015734817134216428 -0.00477884104475379 0.9999873042106628 78.85529327392578
0.9999237060546875 0.012203047052025795 0.001905128825455904 -0.5114769339561462 -0.012210397981107235 0.9999178647994995 0.0038968243170529604 -1.196861743927002 -0.0018574194982647896 -0.00391978956758976 0.9999905824661255 80.212890625
0.9999316334724426 0.011556876823306084 0.001743307919241488 -0.5203002095222473 -0.011564001441001892 0.9999246001243591 0.004132701084017754 -1.2179200649261475 -0.001695415354333818 -0.004152578767389059 0.9999899864196777 81.59527587890625
0.9999352693557739 0.011320698074996471 0.001101008034311235 -0.5137346982955933 -0.011325019411742687 0.9999278783798218 0.004001120571047068 -1.237289547920227 -0.0010556330671533942 -0.0040133316069841385 0.9999914169311523 82.96986389160156
0.999943733215332 0.010606738738715649 0.00023790568229742348 -0.5118792057037354 -0.010607494041323662 0.9999377727508545 0.003431759076192975 -1.2520133256912231 -0.00020149112970102578 -0.0034340897109359503 0.9999940395355225 84.34697723388672
0.9999408721923828 0.010867695324122906 -0.000294765253784135 -0.5321943163871765 -0.010866494849324226 0.9999337196350098 0.003799593774601817 -1.2663174867630005 0.0003360385599080473 -0.0037961662746965885 0.9999926686286926 85.70378112792969
0.999944269657135 0.01046068500727415 -0.001384806470014155 -0.5360553860664368 -0.01045419555157423 0.9999346733093262 0.004612916614860296 -1.291919469833374 0.0014329702826216817 -0.004598182160407305 0.9999883770942688 87.06719207763672
0.9999619722366333 0.008409339934587479 -0.002275903010740876 -0.5531116724014282 -0.008396755903959274 0.9999496936798096 0.0054824515245854855 -1.3073415756225586 0.0023218924179673195 -0.005463132634758949 0.9999824166297913 88.48548889160156
0.9999727606773376 0.006229468621313572 -0.003962502349168062 -0.5496684908866882 -0.006205304525792599 0.9999622702598572 0.006081580184400082 -1.3318294286727905 0.0040002381429076195 -0.006056826561689377 0.9999736547470093 89.81632995605469
0.9999814033508301 0.0037636503111571074 -0.004796180408447981 -0.5601640939712524 -0.0037328952457755804 0.9999725222587585 0.006405288819223642 -1.3534460067749023 0.0048201559111475945 -0.006387266330420971 0.9999680519104004 91.17127990722656
0.9999820590019226 0.002261691726744175 -0.005547528620809317 -0.5676324367523193 -0.0022288085892796516 0.9999799728393555 0.00592659180983901 -1.3772741556167603 0.005560822319239378 -0.005914121400564909 0.9999669790267944 92.54307556152344
0.999982476234436 0.0014111963100731373 -0.005756243132054806 -0.5847589373588562 -0.0013791738310828805 0.999983549118042 0.00556329358369112 -1.3933898210525513 0.005764000583440065 -0.0055552576668560505 0.9999679327011108 93.87712860107422
0.9999813437461853 0.0015759252710267901 -0.005897190421819687 -0.6043433547019958 -0.0015480751171708107 0.9999876022338867 0.004724232479929924 -1.4104409217834473 0.005904562771320343 -0.004715016111731529 0.9999713897705078 95.23172760009766
0.9999818205833435 0.0013270803028717637 -0.005882291588932276 -0.6253094673156738 -0.0013007629895582795 0.9999891519546509 0.004475561901926994 -1.4325047731399536 0.00588816637173295 -0.004467829596251249 0.9999726414680481 96.58309173583984
0.9999826550483704 0.0024134425912052393 -0.005389449652284384 -0.6482207179069519 -0.0023955199867486954 0.9999915957450867 0.003329440951347351 -1.4480814933776855 0.005397440399974585 -0.0033164729829877615 0.9999799132347107 97.91542053222656
0.9999802708625793 0.004173314664512873 -0.004690989851951599 -0.6787201762199402 -0.004156589042395353 0.9999849796295166 0.003569777822121978 -1.4658833742141724 0.004705816973000765 -0.003550209803506732 0.9999826550483704 99.25758361816406
0.9999819397926331 0.003739489009603858 -0.0047071510925889015 -0.6833792328834534 -0.003714747494086623 0.9999793171882629 0.005254095885902643 -1.4906890392303467 0.00472670141607523 -0.0052365148440003395 0.9999751448631287 100.5923843383789
0.9999773502349854 0.004896427970379591 -0.004618125967681408 -0.7078855037689209 -0.004865618422627449 0.9999659657478333 0.006659492384642363 -1.5065053701400757 0.00465057697147131 -0.006636871490627527 0.9999672174453735 101.92291259765625
0.9999805688858032 0.004204404074698687 -0.004598625935614109 -0.7137613296508789 -0.004180716350674629 0.9999780058860779 0.005148562602698803 -1.533555030822754 0.004620171617716551 -0.0051292371936142445 0.9999761581420898 103.27312469482422
0.9999815821647644 0.004271290730684996 -0.004325417336076498 -0.7349788546562195 -0.004259311128407717 0.9999871253967285 0.002775192726403475 -1.5477243661880493 0.004337215796113014 -0.0027567180804908276 0.9999867677688599 104.59613800048828
0.9999838471412659 0.003374851541593671 -0.004570823162794113 -0.7459176182746887 -0.0033670756965875626 0.9999927878379822 0.001707765506580472 -1.575671911239624 0.0045765540562570095 -0.0016923475777730346 0.9999880194664001 105.93408966064453
0.9999884366989136 0.0008233155240304768 -0.004742050543427467 -0.7588773965835571 -0.0008085158187896013 0.9999947547912598 0.0031220444943755865 -1.5964773893356323 0.004744596779346466 -0.003118174383416772 0.9999838471412659 107.25597381591797
0.999993085861206 -0.0008227473590523005 -0.0036200133617967367 -0.7854072451591492 0.0008393086609430611 0.9999891519546509 0.004575796891003847 -1.608440637588501 0.003616209141910076 -0.004578804597258568 0.9999829530715942 108.59105682373047
0.9999927282333374 -0.0022927625104784966 -0.0030227391980588436 -0.7955282926559448 0.002308848313987255 0.999983012676239 0.005328928120434284 -1.6320607662200928 0.0030104706529527903 -0.005335868336260319 0.999981164932251 109.91948699951172
0.9999943971633911 -0.0027273904997855425 -0.0020126833114773035 -0.8103991150856018 0.002734558656811714 0.999989926815033 0.003567332634702325 -1.6453607082366943 0.0020029337611049414 -0.003572816029191017 0.9999915957450867 111.25706481933594
0.9999991059303284 -0.0004404088540468365 -0.0012923978501930833 -0.8236634135246277 0.0004423294449225068 0.9999988079071045 0.001485927146859467 -1.6652222871780396 0.0012917419662699103 -0.0014864976983517408 0.9999980330467224 112.58372497558594
0.9999983310699463 0.0017938078381121159 -8.435015479335561e-05 -0.8378462195396423 -0.001793879666365683 0.9999979734420776 -0.000856960890814662 -1.686541199684143 8.281275950139388e-05 0.0008571110083721578 0.9999996423721313 113.89783477783203
0.9999886751174927 0.004651392810046673 0.0010318421991541982 -0.8452246785163879 -0.00465060630813241 0.999988853931427 -0.0007638922543264925 -1.708324670791626 -0.0010353840189054608 0.0007590850000269711 0.9999992251396179 115.21878051757812
0.999977707862854 0.006106182001531124 0.0027456111274659634 -0.8547500371932983 -0.006109194830060005 0.9999807476997375 0.0010899220360442996 -1.7332531213760376 -0.0027389037422835827 -0.0011066710576415062 0.9999956488609314 116.55089569091797
0.9999749660491943 0.00610030023381114 0.0035930152516812086 -0.8523455858230591 -0.006112772971391678 0.9999752640724182 0.0034706781152635813 -1.753275752067566 -0.003571754554286599 -0.003492554184049368 0.9999875426292419 117.8810043334961
0.9999743103981018 0.005548151209950447 0.004542801529169083 -0.8617331981658936 -0.005566641688346863 0.9999762177467346 0.004067785106599331 -1.7760387659072876 -0.004520125687122345 -0.004092969931662083 0.9999814033508301 119.20915985107422
0.9999645948410034 0.006513967178761959 0.005342924036085606 -0.8594791889190674 -0.006531333085149527 0.9999734163284302 0.0032393457368016243 -1.789928913116455 -0.005321681033819914 -0.0032741273753345013 0.9999805092811584 120.55284118652344
0.9999472498893738 0.007768833078444004 0.0067079984582960606 -0.8642222881317139 -0.007790050003677607 0.999964714050293 0.003142413217574358 -1.8134124279022217 -0.006683348678052425 -0.0031945037189871073 0.9999725222587585 121.87796020507812
0.9999210238456726 0.0096324123442173 0.008070690557360649 -0.8630824089050293 -0.00965466070920229 0.9999496340751648 0.0027223180513828993 -1.8268722295761108 -0.008044063113629818 -0.0028000229503959417 0.9999637007713318 123.22993469238281
0.9999020099639893 0.010700210928916931 0.009025565348565578 -0.865157425403595 -0.010715804062783718 0.9999411702156067 0.001680802903138101 -1.8492275476455688 -0.009007047861814499 -0.0017773547442629933 0.999957799911499 124.55171966552734
0.9998751878738403 0.012022631242871284 0.010256224311888218 -0.8651022911071777 -0.012028975412249565 0.9999274611473083 0.0005569744971580803 -1.8635145425796509 -0.01024878490716219 -0.0006802769494242966 0.999947190284729 125.90203857421875
0.9998821020126343 0.010686373338103294 0.011022442951798439 -0.8590916991233826 -0.010693967342376709 0.9999426007270813 0.0006302312249317765 -1.8860993385314941 -0.011015075258910656 -0.0007480306085199118 0.9999390244483948 127.25292205810547
0.9998744130134583 0.010437789373099804 0.011930868029594421 -0.8543031811714172 -0.010456184856593609 0.9999442100524902 0.0014803812373429537 -1.901490330696106 -0.011914750561118126 -0.0016049466794356704 0.9999277591705322 128.59640502929688
0.9998824596405029 0.008692535571753979 0.012628214433789253 -0.844388484954834 -0.008727110922336578 0.999958336353302 0.0026854153256863356 -1.9251669645309448 -0.012604345567524433 -0.0027953078970313072 0.999916672706604 129.97227478027344
0.9998825192451477 0.008069442585110664 0.01304060872644186 -0.8325459957122803 -0.008106199093163013 0.9999632835388184 0.002768272999674082 -1.939185619354248 -0.01301779318600893 -0.0028736568056046963 0.9999111890792847 131.32435607910156
0.999894380569458 0.005765798967331648 0.013339069671928883 -0.8258619904518127 -0.0058056022971868515 0.99997878074646 0.0029471830930560827 -1.9566222429275513 -0.013321793638169765 -0.003024312434718013 0.9999067783355713 132.67344665527344
0.9998990297317505 0.00468823965638876 0.013415413908660412 -0.8304057717323303 -0.004735556431114674 0.9999826550483704 0.003497380530461669 -1.976874589920044 -0.013398785144090652 -0.0035605563316494226 0.9999039173126221 134.01516723632812
0.9999099969863892 0.003125355578958988 0.01304678525775671 -0.8233446478843689 -0.0031678115483373404 0.9999896883964539 0.0032347056549042463 -1.996477723121643 -0.01303654070943594 -0.0032757441513240337 0.9999096393585205 135.36581420898438
0.9999311566352844 0.002079487545415759 0.011548897251486778 -0.8113771677017212 -0.0021133015397936106 0.9999935030937195 0.002916445257142186 -2.0095791816711426 -0.011542757041752338 -0.002940650563687086 0.9999290704727173 136.7025146484375
0.9999465942382812 0.0002623498730827123 0.010326553136110306 -0.7931945323944092 -0.0003029779763892293 0.9999921917915344 0.003932970110327005 -2.0314881801605225 -0.01032544206827879 -0.00393588887527585 0.99993896484375 138.0708770751953
0.9999538660049438 -0.001232527894899249 0.009530234150588512 -0.7910709381103516 0.0011908250162377954 0.9999896883964539 0.0043802871368825436 -2.052611827850342 -0.009535535238683224 -0.004368735942989588 0.9999449849128723 139.41253662109375
0.9999681711196899 -0.0010132815223187208 0.007910879328846931 -0.7822847366333008 0.0009836257668212056 0.9999924898147583 0.0037517256569117308 -2.066080331802368 -0.007914621382951736 -0.003743825713172555 0.9999616742134094 140.7500762939453
0.9999754428863525 -0.0017735430737957358 0.006774568464607 -0.7794901728630066 0.001751469448208809 0.9999931454658508 0.0032628446351736784 -2.086184024810791 -0.006780308671295643 -0.0032508992590010166 0.9999718070030212 142.09042358398438
0.9999830722808838 -0.0013307188637554646 0.005654266569763422 -0.7809542417526245 0.001313585671596229 0.9999945163726807 0.0030327332206070423 -2.10742449760437 -0.005658270791172981 -0.00302525470033288 0.9999794363975525 143.42298889160156
0.9999818801879883 -0.004097720142453909 0.0044023022055625916 -0.7805846929550171 0.004094754345715046 0.9999913573265076 0.0006825344753451645 -2.126943588256836 -0.004405060783028603 -0.0006644953973591328 0.9999901056289673 144.75546264648438
0.9999436140060425 -0.009918427094817162 0.0037895888090133667 -0.7765152454376221 0.009917438961565495 0.9999507665634155 0.00027904825401492417 -2.1483805179595947 -0.0037921706680208445 -0.0002414495247649029 0.9999927282333374 146.1358642578125
0.999853253364563 -0.016828671097755432 0.0031893812119960785 -0.7778765559196472 0.016820577904582024 0.9998552799224854 0.002546956529840827 -2.164944648742676 -0.0032317815348505974 -0.0024929356295615435 0.9999917149543762 147.47564697265625
0.9997110366821289 -0.023981217294931412 0.0016393845435231924 -0.7696582078933716 0.02397414855659008 0.9997036457061768 0.004202918615192175 -2.1874024868011475 -0.0017396897310391068 -0.004162400960922241 0.9999898076057434 148.8350372314453
0.999638557434082 -0.026884522289037704 6.756406946806237e-05 -0.7555358409881592 0.026884501799941063 0.9996384382247925 0.00031802727608010173 -2.198988199234009 -7.608961459482089e-05 -0.0003160958585795015 0.9999999403953552 150.195556640625
0.9996382594108582 -0.02689552865922451 0.0003670445585157722 -0.7510722279548645 0.026896528899669647 0.9996335506439209 -0.003071030369028449 -2.2192928791046143 -0.0002843130496330559 0.003079791320487857 0.999995231628418 151.55059814453125
0.9997302889823914 -0.023195581510663033 0.0011616989504545927 -0.7700825929641724 0.023200785741209984 0.9997197985649109 -0.004690826404839754 -2.2555336952209473 -0.0010525669204071164 0.004716512747108936 0.9999882578849792 152.85426330566406
0.9997283816337585 -0.023202314972877502 0.0021956043783575296 -0.7853863835334778 0.023212095722556114 0.9997201561927795 -0.004538608714938164 -2.2879631519317627 -0.002089683897793293 0.004588339012116194 0.9999873042106628 154.18359375
0.9996488094329834 -0.026393070816993713 0.0023865930270403624 -0.7747874855995178 0.026396259665489197 0.9996507167816162 -0.0013157075736671686 -2.3098340034484863 -0.0023510341998189688 0.0013782426249235868 0.9999963045120239 155.55496215820312
0.9995003342628479 -0.03146514669060707 0.0030236481688916683 -0.7681833505630493 0.03146156296133995 0.9995042681694031 0.0012262740638107061 -2.3301117420196533 -0.003060733899474144 -0.001130532706156373 0.9999947547912598 156.9143524169922
0.9993639588356018 -0.035545188933610916 0.0028591156005859375 -0.763806164264679 0.035536859184503555 0.9993641376495361 0.002913586562499404 -2.357247829437256 -0.002960861660540104 -0.002810129662975669 0.9999916553497314 158.26385498046875
0.9993215203285217 -0.03672179952263832 0.002812974387779832 -0.761074423789978 0.03671448305249214 0.9993225336074829 0.0026068140286952257 -2.3721885681152344 -0.0029067951254546642 -0.0025017689913511276 0.9999926686286926 159.6068115234375
0.999381422996521 -0.034974485635757446 0.0036830308381468058 -0.76554274559021 0.03496216610074043 0.9993829727172852 0.003357476554811001 -2.3958959579467773 -0.003798183985054493 -0.003226632485166192 0.9999876022338867 160.95765686035156
0.999508798122406 -0.03097398206591606 0.004786275327205658 -0.7750329375267029 0.030962670221924782 0.999517560005188 0.002420139964669943 -2.4141154289245605 -0.004858928266912699 -0.002270755125209689 0.9999856352806091 162.29978942871094
0.9996101260185242 -0.02730921097099781 0.0058036004193127155 -0.7745105028152466 0.027307255193591118 0.9996269345283508 0.00041661818977445364 -2.438173294067383 -0.0058128125965595245 -0.000257975363638252 0.9999830722808838 163.65093994140625
0.9996880292892456 -0.02405574545264244 0.006722590886056423 -0.7743691802024841 0.024059979245066643 0.9997103810310364 -0.000549072225112468 -2.4540998935699463 -0.006707435939460993 0.00071064627263695 0.9999772310256958 165.00360107421875
0.999731719493866 -0.022005293518304825 0.0072318511083722115 -0.785767674446106 0.022001011297106743 0.999757707118988 0.0006710986490361392 -2.4760684967041016 -0.00724486680701375 -0.0005118105327710509 0.9999735951423645 166.3427276611328
0.9997738003730774 -0.02030320093035698 0.006338509265333414 -0.7686775922775269 0.020300017669796944 0.9997937679290771 0.0005664252093993127 -2.503101110458374 -0.0063487025909125805 -0.00043762518907897174 0.9999797344207764 167.7144317626953
0.9998251795768738 -0.017541293054819107 0.0064621297642588615 -0.7798961997032166 0.017557239159941673 0.9998428821563721 -0.002419099910184741 -2.517219305038452 -0.006418679840862751 0.0025321345310658216 0.9999762177467346 169.06463623046875
0.9998868107795715 -0.01376084890216589 0.006086897570639849 -0.7857655882835388 0.01379347499459982 0.9998905658721924 -0.005350550636649132 -2.538790225982666 -0.006012603174895048 0.005433904472738504 0.9999672174453735 170.40736389160156
0.9999442100524902 -0.008635778911411762 0.0060820491053164005 -0.796779990196228 0.00867390725761652 0.9999427199363708 -0.00627098698168993 -2.573341131210327 -0.0060275462456047535 0.006323392502963543 0.999961793422699 171.75244140625
0.9999706149101257 -0.00423025619238615 0.0063922512345016 -0.8038075566291809 0.004262899048626423 0.9999778866767883 -0.005101814866065979 -2.6013128757476807 -0.006370529066771269 0.0051289149560034275 0.9999665021896362 173.12127685546875
0.9999750852584839 -0.0010365454945713282 0.006980772130191326 -0.812701404094696 0.0010598970111459494 0.9999938011169434 -0.003342269454151392 -2.626372814178467 -0.006977264769375324 0.003349585458636284 0.999970018863678 174.47608947753906
0.9999755024909973 0.00028935945010744035 0.006995262112468481 -0.8135985732078552 -0.00027990114176645875 0.9999989867210388 -0.0013530540745705366 -2.648038148880005 -0.006995646748691797 0.001351062674075365 0.9999745488166809 175.85292053222656
0.9999758005142212 -0.0033895624801516533 0.00608754763379693 -0.810920000076294 0.0033908465411514044 0.999994158744812 -0.0002006671275012195 -2.674408435821533 -0.0060868333093822 0.0002213043626397848 0.9999814629554749 177.22987365722656
0.9999776482582092 -0.0051296004094183445 0.004293506033718586 -0.8028318285942078 0.005131435114890337 0.9999867677688599 -0.0004164906276855618 -2.693488121032715 -0.004291313700377941 0.00043851317605003715 0.999990701675415 178.61569213867188
0.999983012676239 -0.0052772522903978825 0.0024582454934716225 -0.8066532611846924 0.005289048422127962 0.9999744296073914 -0.00481750350445509 -2.7178761959075928 -0.0024327596183866262 0.00483042374253273 0.9999853372573853 180.0165557861328
0.9999901652336121 -0.004388330038636923 0.0006482130265794694 -0.8019937872886658 0.004393721465021372 0.9999536275863647 -0.008565142750740051 -2.7525837421417236 -0.000610596383921802 0.008567907847464085 0.999963104724884 181.4233856201172
0.9999998211860657 0.0004843905917368829 0.00020548044994939119 -0.8214976191520691 -0.00048249494284391403 0.9999582171440125 -0.009126697666943073 -2.783978223800659 -0.0002098927361657843 0.009126595221459866 0.999958336353302 182.82151794433594
0.9999917149543762 0.004063557367771864 -0.00014446844579651952 -0.8316114544868469 -0.004064633045345545 0.9999560713768005 -0.008446317166090012 -2.814807891845703 0.0001101400121115148 0.008446832187473774 0.9999642968177795 184.21966552734375
0.9999814629554749 0.00607110932469368 0.0003693921025842428 -0.8508806228637695 -0.006069309078156948 0.999970555305481 -0.004694371018558741 -2.8513872623443604 -0.00039788123103789985 0.004692042246460915 0.9999889135360718 185.60040283203125
0.9999752640724182 0.006994082126766443 0.0007391009712591767 -0.8617857098579407 -0.006992032285779715 0.9999717473983765 -0.0027423438150435686 -2.878068685531616 -0.0007582602556794882 0.002737108152359724 0.9999958872795105 186.9923553466797
0.9999789595603943 0.006410193629562855 0.0009129795944318175 -0.8699696660041809 -0.006408531218767166 0.9999778270721436 -0.0018122059991583228 -2.8992373943328857 -0.0009245758992619812 0.0018063168972730637 0.9999979138374329 188.3981170654297
0.9999862909317017 0.005145737435668707 0.0009141589398495853 -0.8736231327056885 -0.005144299939274788 0.9999855160713196 -0.001566814724355936 -2.91967511177063 -0.0009222080698236823 0.0015620908234268427 0.9999983310699463 189.85989379882812
0.9999971389770508 0.0021059284918010235 0.0011234583798795938 -0.8787506222724915 -0.002104906365275383 0.9999973177909851 -0.0009097649599425495 -2.946938991546631 -0.001125371316447854 0.0009073974215425551 0.999998927116394 191.3074188232422
0.9999989867210388 -0.0007529333815909922 0.0012081348104402423 -0.8743142485618591 0.0007540961960330606 0.9999991655349731 -0.0009622621582821012 -2.969536304473877 -0.0012074096594005823 0.000963172351475805 0.9999987483024597 192.72792053222656
0.9999895095825195 -0.004283927846699953 0.0016489258268848062 -0.873959481716156 0.004282737150788307 0.9999905228614807 0.000724220706615597 -3.0015454292297363 -0.001652012811973691 -0.0007171512115746737 0.9999983310699463 194.15284729003906
0.999961256980896 -0.008551524952054024 0.002056142780929804 -0.8771751523017883 0.008547229692339897 0.9999613165855408 0.002089341636747122 -3.0213451385498047 -0.002073930110782385 -0.002071686089038849 0.9999957084655762 195.60792541503906
0.9999347925186157 -0.011213952675461769 0.0021483772434294224 -0.8676174879074097 0.011209994554519653 0.999935507774353 0.0018455761019140482 -3.0404577255249023 -0.002168935025110841 -0.0018213720759376884 0.9999960064888 197.05458068847656
0.9999555349349976 -0.009008745662868023 0.002795546781271696 -0.8820719718933105 0.009015853516757488 0.9999560713768005 -0.0025406405329704285 -3.064546585083008 -0.002772536361590028 0.0025657315272837877 0.999992847442627 198.49331665039062
0.9999940991401672 -0.0012584980577230453 0.00322829931974411 -0.8918629288673401 0.0012833867222070694 0.9999693632125854 -0.007718557491898537 -3.0865721702575684 -0.003218487137928605 0.0077226548455655575 0.9999649524688721 199.91717529296875
0.9999561905860901 0.008163973689079285 0.0045813885517418385 -0.9123194217681885 -0.00812691729515791 0.9999344944953918 -0.008049902506172657 -3.1163599491119385 -0.004646807909011841 0.008012316189706326 0.9999570846557617 201.37623596191406
0.9998605251312256 0.01578286848962307 0.005462269764393568 -0.9271938800811768 -0.015757782384753227 0.9998651742935181 -0.004605830181390047 -3.1434175968170166 -0.005534227006137371 0.004519115202128887 0.9999744296073914 202.80203247070312
0.9998355507850647 0.01674598455429077 0.006964253727346659 -0.9454732537269592 -0.01673344522714615 0.9998582005500793 -0.0018553163390606642 -3.1803438663482666 -0.006994335912168026 0.0017384751699864864 0.9999740123748779 204.22116088867188
0.9998781085014343 0.014386198483407497 0.0060693868435919285 -0.9365400075912476 -0.014377230778336525 0.999895453453064 -0.0015187261160463095 -3.2029507160186768 -0.0060906014405190945 0.0014312799321487546 0.9999803900718689 205.66558837890625
0.9999185800552368 0.011643029749393463 0.005212728399783373 -0.9351813793182373 -0.011634327471256256 0.9999308586120605 -0.0016964598326012492 -3.22733998298645 -0.005232119932770729 0.0016356754349544644 0.9999849796295166 207.11370849609375
0.9999396204948425 0.009969793260097504 0.004598263651132584 -0.9408429861068726 -0.009959728457033634 0.9999478459358215 -0.0022064014337956905 -3.2503881454467773 -0.004620021674782038 0.002160470699891448 0.999987006187439 208.56521606445312
0.9999427199363708 0.010142337530851364 0.00342418160289526 -0.9201128482818604 -0.010133407078683376 0.9999451637268066 -0.0026151048950850964 -3.2786567211151123 -0.0034505175426602364 0.0025802564341574907 0.9999906420707703 210.06695556640625
0.9999186396598816 0.012210085988044739 0.003677419852465391 -0.9338878989219666 -0.012200637720525265 0.9999220967292786 -0.0025811586529016495 -3.305931329727173 -0.0037086494266986847 0.0025360817089676857 0.999989926815033 211.52513122558594
0.9999123811721802 0.012601219117641449 0.004045926965773106 -0.9405965805053711 -0.0125955855473876 0.999919593334198 -0.001414879341609776 -3.338156223297119 -0.0040634311735630035 0.0013637946685776114 0.9999908208847046 212.98350524902344
0.9999132752418518 0.012742358259856701 0.0033364093396812677 -0.9416711926460266 -0.012735222466289997 0.9999165534973145 -0.002151614287868142 -3.3633182048797607 -0.0033635476138442755 0.002108937595039606 0.9999920725822449 214.45423889160156
0.9999195337295532 0.012316408567130566 0.0030616670846939087 -0.9448010325431824 -0.012307386845350266 0.9999199509620667 -0.002948400564491749 -3.3966891765594482 -0.003097736043855548 0.0029104819986969233 0.9999909400939941 215.92254638671875
0.9999250173568726 0.011973584070801735 0.002572934376075864 -0.9460821151733398 -0.011963923461735249 0.999921441078186 -0.0037383311428129673 -3.414382219314575 -0.0026174935046583414 0.0037072678096592426 0.9999896883964539 217.3995819091797
0.9999200701713562 0.012428579851984978 0.002301326720044017 -0.9549872875213623 -0.012419883161783218 0.9999158382415771 -0.0037547131069004536 -3.444220781326294 -0.0023477980867028236 0.0037258313968777657 0.9999902844429016 218.8694305419922
0.999916136264801 0.012755751609802246 0.0022503642830997705 -0.965707004070282 -0.012746809050440788 0.9999109506607056 -0.00394423259422183 -3.4722909927368164 -0.0023004759568721056 0.003915216773748398 0.9999896883964539 220.34970092773438
0.9999151229858398 0.012879115529358387 0.001985665410757065 -0.9735879898071289 -0.012870663776993752 0.9999082684516907 -0.004212549421936274 -3.501425266265869 -0.002039737068116665 0.004186634905636311 0.9999890923500061 221.83474731445312
0.999908447265625 0.013437949120998383 0.0015979671152308583 -0.9777806401252747 -0.013431406579911709 0.9999016523361206 -0.004036841448396444 -3.539268970489502 -0.0016520569333806634 0.004015009850263596 0.9999905824661255 223.29257202148438
