0.9999985694885254 -0.00010920760541921481 0.0016798577271401882 0.06245937570929527 0.00010645303700584918 0.9999986290931702 0.0016397651052102447 -0.5032828450202942 -0.0016800345620140433 -0.001639583962969482 0.9999972581863403 -1.8132789134979248
0.9999984502792358 -0.0017167354235425591 0.000247585354372859 0.0607634000480175 0.0017165584722533822 0.9999982118606567 0.000713036977685988 -0.5101543068885803 -0.0002488089958205819 -0.0007126108976081014 0.9999997615814209 -1.2493747472763062
0.9999979138374329 -0.0019029531395062804 -0.0007226713933050632 0.056456223130226135 0.0019022682681679726 0.9999977350234985 -0.000947127933613956 -0.5190345644950867 0.0007244719890877604 0.0009457513224333525 0.9999992847442627 -0.6937416791915894
0.9999924898147583 -0.0026272947434335947 -0.0028459045570343733 0.05612637475132942 0.002621889114379883 0.999994695186615 -0.001901470124721527 -0.5356488227844238 0.002850885037332773 0.0018939942819997668 0.999994158744812 -0.12840120494365692
0.99997878074646 -0.00450055580586195 -0.004695847164839506 0.04628996178507805 0.004482331220060587 0.9999823570251465 -0.0038843813817948103 -0.5411384105682373 0.00471324659883976 0.0038632513023912907 0.9999814629554749 0.43874719738960266
0.999958872795105 -0.007012509275227785 -0.005749519914388657 0.03274650126695633 0.006979125551879406 0.9999588131904602 -0.005806055851280689 -0.5567283630371094 0.00578999612480402 0.005765690468251705 0.9999666213989258 0.9956762194633484
0.9999401569366455 -0.0082047488540411 -0.007232006173580885 0.02714434266090393 0.008158346638083458 0.999946117401123 -0.006422449368983507 -0.5685238838195801 0.007284310180693865 0.006363062188029289 0.9999532103538513 1.5671496391296387
0.9999306201934814 -0.008170116692781448 -0.00848538987338543 0.015412632375955582 0.008121185936033726 0.9999502897262573 -0.005784991197288036 -0.5800761580467224 0.008532232604920864 0.005715677980333567 0.9999473094940186 2.147648334503174
0.9999167323112488 -0.008682044222950935 -0.009548709727823734 0.006132204085588455 0.008623044937849045 0.9999436140060425 -0.006202594377100468 -0.5931324362754822 0.009602023288607597 0.006119739264249802 0.9999351501464844 2.7427756786346436
0.9999103546142578 -0.008013621903955936 -0.010727781802415848 -0.0037196502089500427 0.007918788120150566 0.9999294281005859 -0.008853323757648468 -0.6103706955909729 0.010797972790896893 0.008767579682171345 0.9999032020568848 3.334768056869507
0.9999106526374817 -0.006217345129698515 -0.011835810728371143 -0.019590390846133232 0.006067491136491299 0.9999014735221863 -0.012655149213969707 -0.6245032548904419 0.011913327500224113 0.01258220337331295 0.9998498558998108 3.9383997917175293
0.9998971819877625 -0.005186832044273615 -0.013372358866035938 -0.030995476990938187 0.004967908374965191 0.9998539090156555 -0.016352951526641846 -0.6355440616607666 0.013455224223434925 0.016284838318824768 0.9997768998146057 4.5559587478637695
0.9998920559883118 -0.0031588743440806866 -0.014349967241287231 -0.04997827112674713 0.0029228352941572666 0.9998605847358704 -0.016440121456980705 -0.6480863094329834 0.014399899169802666 0.016396403312683105 0.9997618794441223 5.184010982513428
0.9998740553855896 -0.0009038295829668641 -0.015840524807572365 -0.05703437700867653 0.000751365558244288 0.9999533891677856 -0.009628241881728172 -0.656787633895874 0.015848491340875626 0.009615126065909863 0.9998281598091125 5.822926044464111
0.9998695254325867 0.00018096633721143007 -0.016151292249560356 -0.07789850234985352 -0.0001661556598264724 0.9999996423721313 0.0009183445945382118 -0.6686393618583679 0.01615145429968834 -0.0009155413135886192 0.999869167804718 6.482062816619873
0.9998511672019958 0.0010041698114946485 -0.017223751172423363 -0.09175953269004822 -0.0008750927518121898 0.9999715685844421 0.00750002171844244 -0.6785533428192139 0.017230791971087456 -0.007483835332095623 0.9998235106468201 7.169402122497559
0.9998199343681335 0.0030660652555525303 -0.018725920468568802 -0.10711586475372314 -0.0029429711867123842 0.9999738931655884 0.006597502622753382 -0.6927708387374878 0.01874566078186035 -0.006541205104440451 0.9998028874397278 7.853244781494141
0.9998021125793457 0.005047926213592291 -0.019239800050854683 -0.13230925798416138 -0.005060874857008457 0.999987006187439 -0.0006243479438126087 -0.6976442933082581 0.019236402586102486 0.0007215943187475204 0.9998146891593933 8.546638488769531
0.9997791647911072 0.004617094527930021 -0.02049713023006916 -0.1490415334701538 -0.004751020111143589 0.999967634677887 -0.006490016356110573 -0.6962995529174805 0.020466504618525505 0.0065859658643603325 0.999768853187561 9.256534576416016
0.9997649788856506 0.0021726659033447504 -0.021567728370428085 -0.1651262789964676 -0.0022799703292548656 0.9999850988388062 -0.00495190778747201 -0.6963528990745544 0.02155665121972561 0.004999917931854725 0.9997550845146179 9.99337100982666
0.9997599720954895 0.0017290490213781595 -0.02183903194963932 -0.1863977313041687 -0.0016361024463549256 0.9999894499778748 0.004273143596947193 -0.7077226638793945 0.021846190094947815 -0.004236386623233557 0.9997523427009583 10.753911972045898
0.9997557997703552 0.0014799762284383178 -0.02204548940062523 -0.20783287286758423 -0.001220452832058072 0.9999297857284546 0.011780982837080956 -0.7130259871482849 0.022061379626393318 -0.011751201003789902 0.9996874928474426 11.528093338012695
0.9997419714927673 0.0004493839223869145 -0.022712215781211853 -0.22976553440093994 -0.0001285259786527604 0.9999002814292908 0.014126596972346306 -0.7123066782951355 0.022716298699378967 -0.014120032079517841 0.9996421933174133 12.31894302368164
0.9997362494468689 -0.0013662399724125862 -0.022923091426491737 -0.24623706936836243 0.0016685042064636946 0.9999118447303772 0.013172073289752007 -0.7108833193778992 0.0229030754417181 -0.013206847012043 0.9996503591537476 13.124946594238281
0.9997482895851135 -0.001888502505607903 -0.022353561595082283 -0.2684943377971649 0.002129643689841032 0.9999397397041321 0.01076870784163475 -0.7108249068260193 0.022331880405545235 -0.010813605040311813 0.9996921420097351 13.958366394042969
0.9997624158859253 0.0008896620711311698 -0.021778959780931473 -0.29148799180984497 -0.0007283884333446622 0.9999722242355347 0.007411828264594078 -0.7107666730880737 0.0217849500477314 -0.007394202519208193 0.999735414981842 14.79515266418457
0.9997768998146057 -0.002477028639987111 -0.020972833037376404 -0.3111264407634735 0.0025115027092397213 0.9999955892562866 0.0016175704076886177 -0.71181720495224 0.020968729630112648 -0.0016698837280273438 0.9997787475585938 15.653297424316406
0.9997808933258057 -0.005136139690876007 -0.020293183624744415 -0.32687076926231384 0.005042362958192825 0.9999763369560242 -0.004669561982154846 -0.7198270559310913 0.02031668648123741 0.0045662131160497665 0.9997832775115967 16.523958206176758
0.999804675579071 -0.004280070774257183 -0.019293343648314476 -0.3439074754714966 0.004089290741831064 0.9999424815177917 -0.009917021729052067 -0.73237144947052 0.01933467760682106 0.009836188517510891 0.9997646808624268 17.43551254272461
0.9998182058334351 -0.00309961661696434 -0.0188150554895401 -0.37014198303222656 0.0028985191602259874 0.999938428401947 -0.010706047527492046 -0.7462145686149597 0.018847079947590828 0.010649563744664192 0.9997656345367432 18.34005355834961
0.9998032450675964 -0.0030582307372242212 -0.0195967648178339 -0.38647228479385376 0.0028579430654644966 0.9999434947967529 -0.010240309871733189 -0.7630719542503357 0.01962697133421898 0.010182290337979794 0.9997555613517761 19.277807235717773
0.9998098611831665 -0.0013977005146443844 -0.019444338977336884 -0.4129752218723297 0.0011715847067534924 0.9999315738677979 -0.011635376140475273 -0.7861523628234863 0.019459273666143417 0.011610385961830616 0.9997432827949524 20.2183780670166
0.9998102188110352 0.0018800741527229548 -0.01939123123884201 -0.43345433473587036 -0.002144433092325926 0.9999049305915833 -0.013621107675135136 -0.8090100288391113 0.019363781437277794 0.013660106807947159 0.9997192025184631 21.182636260986328
0.9997928738594055 0.005087807308882475 -0.01970532536506653 -0.45943453907966614 -0.005374392960220575 0.9998801946640015 -0.014518014155328274 -0.829639196395874 0.01962909661233425 0.01462091226130724 0.9997004270553589 22.14859390258789
0.9997880458831787 0.006866647861897945 -0.01940888538956642 -0.4945964813232422 -0.00714530237019062 0.9998717904090881 -0.014324340038001537 -0.856468915939331 0.01930803805589676 0.014459985308349133 0.9997090101242065 23.130563735961914
0.9997760057449341 0.007854302413761616 -0.019650494679808617 -0.5199816226959229 -0.008135383017361164 0.9998651146888733 -0.014265237376093864 -0.8818976879119873 0.01953580044209957 0.014421902596950531 0.9997051358222961 24.10718536376953
0.9997686743736267 0.0073954095132648945 -0.02019447833299637 -0.5324907898902893 -0.007686705328524113 0.9998669624328613 -0.014385176822543144 -0.9055429100990295 0.020085405558347702 0.014537079259753227 0.9996925592422485 25.079954147338867
0.9997520446777344 0.00905603263527155 -0.020348045974969864 -0.5605908036231995 -0.00932752899825573 0.9998681545257568 -0.013287441805005074 -0.9385912418365479 0.0202250387519598 0.013473941944539547 0.9997046589851379 26.11359405517578
0.9997405409812927 0.009664401412010193 -0.02063162624835968 -0.5855838060379028 -0.009893562644720078 0.999890148639679 -0.011034179478883743 -0.9665053486824036 0.020522726699709892 0.011235435493290424 0.9997262954711914 27.13126564025879
0.9997272491455078 0.010356429032981396 -0.020931029692292213 -0.6135571002960205 -0.010563583113253117 0.9998961091041565 -0.009810779243707657 -0.9939085841178894 0.02082725241780281 0.010029209777712822 0.9997327923774719 28.152965545654297
0.9997193217277527 0.010720460675656796 -0.02112673409283161 -0.634012758731842 -0.010957526974380016 0.9998778104782104 -0.011137446388602257 -1.0135154724121094 0.021004758775234222 0.011365816928446293 0.999714732170105 29.1876163482666
0.9997091293334961 0.011604316532611847 -0.021142862737178802 -0.6666909456253052 -0.011860528960824013 0.9998572468757629 -0.01203323993831873 -1.0426411628723145 0.0210002101957798 0.012280503287911415 0.9997040629386902 30.202220916748047
0.999704122543335 0.011231214739382267 -0.021576877683401108 -0.693925142288208 -0.011471481993794441 0.999873161315918 -0.011044087819755077 -1.0684115886688232 0.0214501041918993 0.011288339272141457 0.9997062087059021 31.23763084411621
0.9996906518936157 0.011150277219712734 -0.022231433540582657 -0.72087562084198 -0.011342860758304596 0.9998990893363953 -0.008555463515222073 -1.0898988246917725 0.02213379181921482 0.008804983459413052 0.9997162818908691 32.29251480102539
0.9996871948242188 0.011071037501096725 -0.022427240386605263 -0.7579594254493713 -0.011182311922311783 0.9999257326126099 -0.004842263646423817 -1.1144834756851196 0.022371962666511536 0.005091536324471235 0.9997367262840271 33.33335876464844
0.9996698498725891 0.011446166783571243 -0.023004945367574692 -0.7814648747444153 -0.011509629897773266 0.9999303221702576 -0.002628240268677473 -1.1367868185043335 0.022973256185650826 0.0028921510092914104 0.9997318387031555 34.42380142211914
0.9996580481529236 0.011762572452425957 -0.02335801161825657 -0.8135437369346619 -0.011816930957138538 0.999927818775177 -0.0021906152833253145 -1.1529968976974487 0.023330556228756905 0.0024658862967044115 0.9997247457504272 35.496219635009766
0.9996533989906311 0.01108965277671814 -0.02387498877942562 -0.843595027923584 -0.011173537001013756 0.999931812286377 -0.003382871625944972 -1.1758114099502563 0.02383584715425968 0.0036484666634351015 0.9997091889381409 36.58482360839844
0.9996280670166016 0.011623392812907696 -0.024670979008078575 -0.8774975538253784 -0.01173048559576273 0.9999224543571472 -0.004200501833111048 -1.190702199935913 0.024620240554213524 0.004488341510295868 0.9996867775917053 37.66407012939453
0.9996197819709778 0.011142752133309841 -0.025221947580575943 -0.9114524722099304 -0.011219524778425694 0.9999328255653381 -0.0029044412076473236 -1.2157585620880127 0.025187890976667404 0.0031863150652498007 0.9996776580810547 38.74617004394531
0.9995880126953125 0.011757558211684227 -0.02618328668177128 -0.9443494081497192 -0.011794776655733585 0.9999296069145203 -0.00126746972091496 -1.2284557819366455 0.026166539639234543 0.0015757732326164842 0.9996563792228699 39.83332443237305
0.9995839595794678 0.011065799742937088 -0.026633817702531815 -0.9834002256393433 -0.011025900021195412 0.9999378323554993 0.0016444490756839514 -1.2550384998321533 0.026650356128811836 -0.0013501031789928675 0.9996439218521118 40.92501449584961
0.9995508790016174 0.012776417657732964 -0.027107542380690575 -1.0228805541992188 -0.012738170102238655 0.9999175667762756 0.001583185512572527 -1.2764402627944946 0.027125541120767593 -0.001237174030393362 0.9996312260627747 42.003170013427734
0.9995209574699402 0.014130815863609314 -0.02753319963812828 -1.0495030879974365 -0.014200332574546337 0.9998964071273804 -0.0023309183306992054 -1.296329379081726 0.027497410774230957 0.0027207829989492893 0.9996181130409241 43.09018325805664
0.9995109438896179 0.015243311412632465 -0.027304593473672867 -1.0893847942352295 -0.015421932563185692 0.9998608827590942 -0.0063432008028030396 -1.3165345191955566 0.027204105630517006 0.006761188618838787 0.9996070265769958 44.1705207824707
0.9994983673095703 0.015685318037867546 -0.027513399720191956 -1.1247166395187378 -0.015876909717917442 0.9998511075973511 -0.006758968345820904 -1.3384486436843872 0.02740328386425972 0.007192406337708235 0.9995986223220825 45.25164794921875
0.9994944334030151 0.016496097669005394 -0.027183303609490395 -1.1640030145645142 -0.016616223379969597 0.9998531341552734 -0.004199137911200523 -1.3605408668518066 0.027110040187835693 0.00464869849383831 0.9996216893196106 46.353172302246094
0.9994964599609375 0.01664937660098076 -0.027015723288059235 -1.1987961530685425 -0.016706326976418495 0.9998586773872375 -0.0018835975788533688 -1.3851299285888672 0.026980547234416008 0.0023339828476309776 0.999633252620697 47.44811248779297
0.9995192885398865 0.015161731280386448 -0.027044223621487617 -1.2315012216567993 -0.015186727978289127 0.9998844265937805 -0.000719082192517817 -1.4046533107757568 0.02703019604086876 0.001129449694417417 0.9996340274810791 48.536651611328125
0.9995290040969849 0.015219907276332378 -0.026647228747606277 -1.2654868364334106 -0.01525723934173584 0.9998828768730164 -0.0011981641873717308 -1.4305450916290283 0.026625871658325195 0.0016041629714891315 0.9996442198753357 49.627323150634766
0.9995463490486145 0.014303907752037048 -0.026502983644604683 -1.302870750427246 -0.014394426718354225 0.9998911619186401 -0.0032278387807309628 -1.449927806854248 0.026453930884599686 0.0036078698467463255 0.9996435046195984 50.72140884399414
0.999549925327301 0.01417811494320631 -0.026436133310198784 -1.328458547592163 -0.014326118864119053 0.9998826384544373 -0.005417611449956894 -1.470010757446289 0.026356220245361328 0.005793900229036808 0.9996358156204224 51.80794906616211
0.9995653033256531 0.013833261094987392 -0.02603268064558506 -1.3643444776535034 -0.014042382128536701 0.9998703598976135 -0.007867489941418171 -1.5006316900253296 0.02592047117650509 0.008229631930589676 0.9996301531791687 52.90206527709961
0.9995974898338318 0.011920355260372162 -0.02574114315211773 -1.4008352756500244 -0.012207040563225746 0.9998648166656494 -0.011009019799530506 -1.5329079627990723 0.0256064310669899 0.011318812146782875 0.999608039855957 53.987606048583984
0.9996135830879211 0.010159924626350403 -0.02587069571018219 -1.4263724088668823 -0.010491015389561653 0.9998643398284912 -0.012694544158875942 -1.5627071857452393 0.02573821321129799 0.012961049564182758 0.9995846748352051 55.076072692871094
0.9996485114097595 0.008418641984462738 -0.025138098746538162 -1.4590805768966675 -0.008679542690515518 0.9999093413352966 -0.010287661105394363 -1.594151258468628 0.02504921518266201 0.010502232238650322 0.9996311068534851 56.15467834472656
0.9996553659439087 0.007479751016944647 -0.025164106860756874 -1.4889907836914062 -0.0076016951352357864 0.9999598264694214 -0.004753781482577324 -1.6162601709365845 0.025127537548542023 0.004943431820720434 0.9996720552444458 57.26935958862305
0.9996720552444458 0.0059150950983166695 -0.02491922862827778 -1.5182491540908813 -0.00588624831289053 0.9999819397926331 0.0012307753786444664 -1.636669635772705 0.02492605894804001 -0.0010836911387741566 0.9996887445449829 58.36411666870117
0.9996854662895203 0.004349824972450733 -0.024700062349438667 -1.5491504669189453 -0.0043073478154838085 0.9999890923500061 0.00177266716491431 -1.6558407545089722 0.024707501754164696 -0.0016657178057357669 0.9996932744979858 59.461708068847656
0.9996896386146545 0.0011333858128637075 -0.024886969476938248 -1.57220458984375 -0.0011625090846791863 0.9999986290931702 -0.001155799487605691 -1.6711280345916748 0.024885624647140503 0.0011843722313642502 0.9996895790100098 60.55698776245117
0.9997001886367798 -0.0002755450550466776 -0.02448415942490101 -1.605879545211792 0.0001661724381847307 0.9999900460243225 -0.004469024948775768 -1.6892937421798706 0.024485142901539803 0.004463615827262402 0.9996902346611023 61.645545959472656
0.9996978640556335 0.0020098616369068623 -0.02449721284210682 -1.642193078994751 -0.0022103588562458754 0.9999642372131348 -0.00816015899181366 -1.7236895561218262 0.024479936808347702 0.008211840875446796 0.9996665716171265 62.74341583251953
0.9996988773345947 0.002288899617269635 -0.02442905120551586 -1.6724101305007935 -0.0025969790294766426 0.9999174475669861 -0.012586921453475952 -1.747189998626709 0.02439822256565094 0.012646574527025223 0.9996223449707031 63.835411071777344
0.9996989965438843 0.005344117060303688 -0.02394324168562889 -1.7067201137542725 -0.005660712253302336 0.9998971819877625 -0.013174536637961864 -1.7761309146881104 0.023870375007390976 0.013306107372045517 0.9996264576911926 64.9284439086914
0.9997004270553589 0.00901930034160614 -0.022752804681658745 -1.7550971508026123 -0.009241967462003231 0.9999102354049683 -0.009700288996100426 -1.804931879043579 0.02266327291727066 0.00990766566246748 0.9996940493583679 66.04452514648438
0.9996926188468933 0.01027284562587738 -0.022564461454749107 -1.7865632772445679 -0.010448083281517029 0.9999160766601562 -0.007662029936909676 -1.829275369644165 0.022483857348561287 0.007895429618656635 0.99971604347229 67.1365966796875
0.9996962547302246 0.009386429563164711 -0.022790614515542984 -1.8133645057678223 -0.009542706422507763 0.9999315738677979 -0.006757955998182297 -1.8546900749206543 0.022725624963641167 0.006973386276513338 0.9997174143791199 68.22852325439453
0.9997065663337708 0.008370266295969486 -0.02273668348789215 -1.841852068901062 -0.008509404957294464 0.9999456405639648 -0.006029677111655474 -1.881941318511963 0.02268497459590435 0.006221383344382048 0.9997232556343079 69.34234619140625
0.9997112154960632 0.007365555036813021 -0.022876644507050514 -1.8710299730300903 -0.007466357666999102 0.9999627470970154 -0.004324038978666067 -1.9107251167297363 0.022843943908810616 0.0044935960322618484 0.9997289180755615 70.4327621459961
0.9997168779373169 0.005792182870209217 -0.023080524057149887 -1.9019906520843506 -0.00584741635248065 0.9999802112579346 -0.0023263320326805115 -1.9351133108139038 0.02306659147143364 0.002460635267198086 0.9997308850288391 71.53630828857422
0.9997012615203857 0.004739225842058659 -0.02397659793496132 -1.9292292594909668 -0.004758819937705994 0.9999883770942688 -0.0007602199912071228 -1.9584020376205444 0.02397271804511547 0.0008740932680666447 0.9997121691703796 72.62948608398438
0.9996982216835022 0.004211262334138155 -0.024200567975640297 -1.963671088218689 -0.004251198377460241 0.9999896883964539 -0.00159899378195405 -1.9856855869293213 0.02419358119368553 0.0017013929318636656 0.9997058510780334 73.71768951416016
0.9996770620346069 0.004250827245414257 -0.025055082514882088 -1.9916629791259766 -0.00439629890024662 0.999973714351654 -0.005753836128860712 -2.0056710243225098 0.025029964745044708 0.005862126592546701 0.9996694326400757 74.79869842529297
0.9996475577354431 0.004856578074395657 -0.026099562644958496 -2.0197203159332275 -0.005063945427536964 0.9999560713768005 -0.007885024882853031 -2.0297083854675293 0.02606011927127838 0.008014412596821785 0.9996281862258911 75.88097381591797
0.9996276497840881 0.0067626675590872765 -0.026432333514094353 -2.0576112270355225 -0.006929165683686733 0.9999566674232483 -0.006212548352777958 -2.0550222396850586 0.026389170438051224 0.006393390242010355 0.9996312260627747 76.96038055419922
0.999604344367981 0.008078477345407009 -0.02694213204085827 -2.0951876640319824 -0.008133492432534695 0.9999650716781616 -0.0019330475479364395 -2.0764286518096924 0.026925571262836456 0.00215141661465168 0.9996351003646851 78.03839874267578
0.999584436416626 0.009012225084006786 -0.02738100476562977 -2.132209300994873 -0.008953544311225414 0.9999573230743408 0.0022649646271020174 -2.105032205581665 0.02740025334060192 -0.0020188665948808193 0.9996224641799927 79.11437225341797
0.9995522499084473 0.01024142000824213 -0.0281157735735178 -2.1692841053009033 -0.01016333606094122 0.9999440908432007 0.0029187093023210764 -2.12247633934021 0.028144091367721558 -0.002631652634590864 0.9996004104614258 80.18710327148438
0.9995457530021667 0.010292806662619114 -0.028325660154223442 -2.21039080619812 -0.010281119495630264 0.9999468922615051 0.0005582412704825401 -2.137359857559204 0.02832990512251854 -0.0002667681546881795 0.9995986223220825 81.25641632080078
0.9995324611663818 0.009953453205525875 -0.02890907973051071 -2.24645733833313 -0.00995592400431633 0.9999504089355469 5.851010064361617e-05 -2.1623024940490723 0.028908222913742065 0.00022933335276320577 0.999582052230835 82.32466888427734
0.9995208978652954 0.009238213300704956 -0.029540574178099632 -2.2784528732299805 -0.00924089178442955 0.999957263469696 4.587618968798779e-05 -2.184368133544922 0.029539737850427628 0.00022712696227245033 0.9995635747909546 83.3783187866211
0.9995066523551941 0.00785468053072691 -0.030410712584853172 -2.313438892364502 -0.007849936373531818 0.9999691247940063 0.0002753930166363716 -2.2003355026245117 0.030411936342716217 -3.6535042454488575e-05 0.999537467956543 84.41995239257812
0.9994944930076599 0.0070519037544727325 -0.030997784808278084 -2.3452792167663574 -0.007008342072367668 0.9999743103981018 0.0015137371374294162 -2.2236483097076416 0.031007668003439903 -0.0012957289582118392 0.9995183348655701 85.45803833007812
0.999485433101654 0.0074065132066607475 -0.03120698779821396 -2.3852951526641846 -0.0072755697183310986 0.9999642372131348 0.004307464696466923 -2.2447426319122314 0.031237777322530746 -0.0040781996212899685 0.9995037317276001 86.46052551269531
0.9994534254074097 0.006244052201509476 -0.032463107258081436 -2.422402858734131 -0.006072056945413351 0.9999670386314392 0.005394065752625465 -2.2661452293395996 0.03249571472406387 -0.005193999968469143 0.9994584321975708 87.44061279296875
0.9993969202041626 0.005149767734110355 -0.03434009850025177 -2.4652481079101562 -0.004963296465575695 0.999972403049469 0.005513177253305912 -2.281167507171631 0.034367553889751434 -0.005339412018656731 0.9993950128555298 88.41119384765625
0.9992839694023132 0.004383194260299206 -0.037579454481601715 -2.504990577697754 -0.004213960841298103 0.9999805688858032 0.004581376910209656 -2.298372983932495 0.03759881481528282 -0.0044197384268045425 0.9992831349372864 89.34197235107422
0.9991466403007507 0.004114809911698103 -0.04109716787934303 -2.546870708465576 -0.003969152458012104 0.9999855160713196 0.0036251922138035297 -2.3150248527526855 0.04111148789525032 -0.0034589776769280434 0.9991485476493835 90.26690673828125
0.999017596244812 0.003752409713342786 -0.044154275208711624 -2.5962014198303223 -0.0035694807302206755 0.9999847412109375 0.004221055656671524 -2.335996627807617 0.044169437140226364 -0.0040593016892671585 0.9990158081054688 91.16361236572266
0.998870313167572 0.004856077954173088 -0.04726877808570862 -2.643141984939575 -0.00460342550650239 0.9999744892120361 0.005452403333038092 -2.352999687194824 0.047294046729803085 -0.005228646099567413 0.9988673329353333 92.02991485595703
0.9987236261367798 0.005744743626564741 -0.050181347876787186 -2.6959195137023926 -0.0054210093803703785 0.999963641166687 0.006585010793060064 -2.370924949645996 0.05021736025810242 -0.006304571870714426 0.9987184405326843 92.87457275390625
0.9985489249229431 0.007003186270594597 -0.053394071757793427 -2.742387533187866 -0.006576518062502146 0.9999451041221619 0.00816244538873434 -2.383514404296875 0.053448304533958435 -0.007799453567713499 0.9985402226448059 93.69319152832031
0.9984166026115417 0.008305667899549007 -0.05563613399863243 -2.800403356552124 -0.007827206514775753 0.9999305605888367 0.00881222728639841 -2.3955442905426025 0.05570546165108681 -0.008362798020243645 0.9984122514724731 94.47949981689453
0.9982445240020752 0.010267544537782669 -0.05833052098751068 -2.850910186767578 -0.009732353501021862 0.999907910823822 0.009451828896999359 -2.4137985706329346 0.05842220038175583 -0.008867542259395123 0.9982525706291199 95.25196838378906
0.998039960861206 0.011946730315685272 -0.06142915040254593 -2.8973605632781982 -0.011462188325822353 0.9999004006385803 0.008234195411205292 -2.4253087043762207 0.06152139976620674 -0.007513944059610367 0.9980774521827698 95.98296356201172
0.9978760480880737 0.013308408670127392 -0.0637669637799263 -2.954826831817627 -0.013042120262980461 0.9999043941497803 0.004590393044054508 -2.442498207092285 0.06382196396589279 -0.003748986404389143 0.997954249382019 96.67491149902344
0.9976674318313599 0.015842800959944725 -0.06639676541090012 -3.01238751411438 -0.01581350713968277 0.999874472618103 0.0009667221456766129 -2.454193353652954 0.06640374660491943 8.549820631742477e-05 0.9977927803993225 97.34938049316406
0.9974951148033142 0.017478935420513153 -0.06854170560836792 -3.053424835205078 -0.017643176019191742 0.9998427033424377 -0.001791473594494164 -2.4710185527801514 0.0684996172785759 0.0029962793923914433 0.9976466298103333 97.99630737304688
0.9973872303962708 0.019647954031825066 -0.06951697170734406 -3.1007542610168457 -0.019877301529049873 0.9997989535331726 -0.0026088671293109655 -2.4858999252319336 0.06945174187421799 0.003983860835433006 0.9975773692131042 98.61356353759766
0.9974071979522705 0.022015875205397606 -0.06851378083229065 -3.1532180309295654 -0.022214293479919434 0.999751091003418 -0.002135399030521512 -2.5003910064697266 0.0684497132897377 0.003651847830042243 0.9976478815078735 99.19795989990234
0.9975665807723999 0.02578725479543209 -0.06477543711662292 -3.2146341800689697 -0.025885824114084244 0.9996647238731384 -0.0006827664328739047 -2.5153863430023193 0.06473610550165176 0.0023578712716698647 0.9978996515274048 99.76835632324219
0.9977912902832031 0.028258105739951134 -0.06011620908975601 -3.23367977142334 -0.02825758047401905 0.999600350856781 0.00085905019659549 -2.531475305557251 0.06011646240949631 0.000841585686430335 0.9981910586357117 100.31263732910156
0.9981982111930847 0.028974251821637154 -0.05254450440406799 -3.264397621154785 -0.02884647808969021 0.9995788335800171 0.0031886545475572348 -2.547926187515259 0.052614759653806686 -0.0016671852208673954 0.9986135363578796 100.82080841064453
0.9986622929573059 0.02910846285521984 -0.04273701459169388 -3.2837889194488525 -0.02889750897884369 0.9995670318603516 0.005545791704207659 -2.5582311153411865 0.042879946529865265 -0.004303379449993372 0.999070942401886 101.32440948486328
0.9991099238395691 0.028655463829636574 -0.03095458820462227 -3.286083698272705 -0.028460536152124405 0.9995723366737366 0.006719539873301983 -2.569526195526123 0.031133901327848434 -0.005832574795931578 0.999498188495636 101.80411529541016
0.9994593858718872 0.02777673676609993 -0.017586257308721542 -3.284878730773926 -0.027660205960273743 0.9995940327644348 0.006834958214312792 -2.5794856548309326 0.017768971621990204 -0.006344824098050594 0.9998220205307007 102.26216125488281
0.9996131658554077 0.027699200436472893 -0.002496844157576561 -3.274747848510742 -0.027684107422828674 0.9995993971824646 0.005888138432055712 -2.5893187522888184 0.0026589427143335342 -0.0058167376555502415 0.9999794960021973 102.70208740234375
0.9995356202125549 0.026320725679397583 0.015354704111814499 -3.250795841217041 -0.026364147663116455 0.999648928642273 0.002632387913763523 -2.5964787006378174 -0.015280023217201233 -0.00303597841411829 0.9998786449432373 103.12413024902344
0.998982310295105 0.025896890088915825 0.036927901208400726 -3.2286314964294434 -0.025846680626273155 0.9996641874313354 -0.0018365480937063694 -2.6095995903015137 -0.03696306794881821 0.0008802157826721668 0.9993162751197815 103.54312896728516
0.9978784322738647 0.023765407502651215 0.060611605644226074 -3.1727561950683594 -0.02338598482310772 0.9997022747993469 -0.006961683742702007 -2.6157169342041016 -0.060759007930755615 0.005529451183974743 0.9981371164321899 103.94864654541016
0.9959014654159546 0.021672535687685013 0.08780969679355621 -3.111508369445801 -0.020871667191386223 0.9997320175170898 -0.010028475895524025 -2.6238856315612793 -0.0880034863948822 0.008154638111591339 0.996086835861206 104.36161804199219
0.9928984642028809 0.018560728058218956 0.11750788986682892 -3.03971004486084 -0.017415985465049744 0.9997904896736145 -0.010761228390038013 -2.6413750648498535 -0.11768300831317902 0.0086382906883955 0.9930135607719421 104.74691009521484
0.9885639548301697 0.01606779918074608 0.14994385838508606 -2.951767921447754 -0.014322711154818535 0.9998166561126709 -0.01271103136241436 -2.6573104858398438 -0.1501206010580063 0.010418064892292023 0.9886128306388855 105.10356903076172
0.9823918342590332 0.013822932727634907 0.18631985783576965 -2.8608055114746094 -0.011425148695707321 0.9998376965522766 -0.01393686980009079 -2.6735949516296387 -0.1864822506904602 0.011562734842300415 0.9823903441429138 105.4754867553711
0.9744423627853394 0.010387540794909 0.22439691424369812 -2.7387142181396484 -0.007223282940685749 0.9998627305030823 -0.014917503111064434 -2.6837387084960938 -0.22452105581760406 0.012915365397930145 0.9743837714195251 105.83935546875
0.964361310005188 0.008476932533085346 0.26445284485816956 -2.61181640625 -0.004484470002353191 0.999866783618927 -0.015697138383984566 -2.6991195678710938 -0.26455068588256836 0.013951783068478107 0.964270830154419 106.18861389160156
0.9518894553184509 0.008819583803415298 0.30631446838378906 -2.487222671508789 -0.004022359848022461 0.9998592734336853 -0.016288822516798973 -2.72037935256958 -0.30641502141952515 0.014273051172494888 0.951790988445282 106.50566864013672
0.9365929961204529 0.01090208813548088 0.35024943947792053 -2.3404388427734375 -0.005295572802424431 0.9998422265052795 -0.01696096733212471 -2.7323312759399414 -0.350379079580307 0.014030750840902328 0.9365029335021973 106.82511901855469
0.9187566637992859 0.01141572929918766 0.39465922117233276 -2.165435791015625 -0.005483923479914665 0.9998545050621033 -0.01615488901734352 -2.739785671234131 -0.3947862386703491 0.012678132392466068 0.9186856150627136 107.14641571044922
0.8982495069503784 0.010261328890919685 0.43936586380004883 -1.9863929748535156 -0.004148201551288366 0.9998807907104492 -0.014871401712298393 -2.7517216205596924 -0.43946608901023865 0.011535651981830597 0.898185133934021 107.45260620117188
0.8750424385070801 0.0092063182964921 0.483958899974823 -1.7918663024902344 -0.0019965502433478832 0.9998793005943298 -0.015410695225000381 -2.7644505500793457 -0.48404234647750854 0.012518762610852718 0.8749551177024841 107.72575378417969
0.8493445515632629 0.010812880471348763 0.5277278423309326 -1.576904296875 -0.0016270773485302925 0.9998390674591064 -0.017867527902126312 -2.779055118560791 -0.5278362035751343 0.014317032881081104 0.8492255210876465 108.02232360839844
0.821570873260498 0.012472238391637802 0.5699697732925415 -1.3469467163085938 -0.00011983001604676247 0.9997645020484924 -0.021704398095607758 -2.791468620300293 -0.5701062083244324 0.017763406038284302 0.8213789463043213 108.30200958251953
0.7909234166145325 0.016734614968299866 0.6116862893104553 -1.1066398620605469 -0.0016813912661746144 0.9996816515922546 -0.02517538145184517 -2.8184823989868164 -0.6119128465652466 0.018883315846323967 0.7906997203826904 108.55711364746094
0.7567014694213867 0.02304075099527836 0.6533545255661011 -0.8546104431152344 -0.0050941226072609425 0.9995562434196472 -0.029349755495786667 -2.8287174701690674 -0.6537408232688904 0.018880734220147133 0.7564829587936401 108.81158447265625
0.7189834117889404 0.027787741273641586 0.694471538066864 -0.584259033203125 -0.007218143902719021 0.9994450807571411 -0.03251767158508301 -2.836609363555908 -0.694989800453186 0.018366867676377296 0.7187849879264832 109.05862426757812
0.6795942187309265 0.02819346822798252 0.7330463528633118 -0.2892875671386719 -0.005365769378840923 0.9994255304336548 -0.033464089035987854 -2.851933479309082 -0.7335686683654785 0.018808642402291298 0.6793550252914429 109.28038024902344
0.6387786865234375 0.025277508422732353 0.7689751982688904 0.025482177734375 -0.0010275649838149548 0.9994873404502869 -0.03200124576687813 -2.8670356273651123 -0.7693898677825928 0.019651543349027634 0.6384772062301636 109.47787475585938
0.5947549939155579 0.023491675034165382 0.8035637140274048 0.3513984680175781 0.0009014345705509186 0.999552845954895 -0.029888488352298737 -2.870314598083496 -0.8039065599441528 0.018500691279768944 0.5944679379463196 109.6739501953125
0.5486440658569336 0.022324327379465103 0.835757851600647 0.6961174011230469 0.0005305684171617031 0.9996339082717896 -0.027049995958805084 -2.8931212425231934 -0.8360558748245239 0.015284248627722263 0.548431396484375 109.85211181640625
0.5006927251815796 0.019572429358959198 0.8654037117958069 1.0221061706542969 0.0026434550527483225 0.9997050762176514 -0.024139277637004852 -2.900900363922119 -0.8656209111213684 0.014374017715454102 0.5004934072494507 109.97933959960938
0.4498651325702667 0.0157976895570755 0.8929567933082581 1.3951263427734375 0.005820371676236391 0.9997704029083252 -0.02061964012682438 -2.9110219478607178 -0.8930774331092834 0.01447339914739132 0.4496699273586273 110.12455749511719
0.3978218734264374 0.01567188650369644 0.9173287749290466 1.7651748657226562 0.0033680631313472986 0.9998224377632141 -0.01854187250137329 -2.930147409439087 -0.9174565672874451 0.010465985164046288 0.39769846200942993 110.25408935546875
0.34715965390205383 0.02061690017580986 0.937579333782196 2.158905029296875 -0.00012168101966381073 0.999759316444397 -0.021939149126410484 -2.941439390182495 -0.9378060698509216 0.007502304390072823 0.3470785617828369 110.36184692382812
0.29601797461509705 0.026134124025702477 0.9548247456550598 2.574810028076172 0.00041853031143546104 0.9996220469474792 -0.027490008622407913 -2.942514419555664 -0.9551823139190674 0.00853716116398573 0.2958950996398926 110.47779083251953
0.24905358254909515 0.02825455740094185 0.9680774211883545 2.98419189453125 0.0007329738000407815 0.9995685815811157 -0.029362233355641365 -2.964378595352173 -0.968489408493042 0.008022344671189785 0.24892543256282806 110.55133056640625
0.20794475078582764 0.02800522744655609 0.9777395725250244 3.409191131591797 0.007956977002322674 0.9995085597038269 -0.030321035534143448 -2.978623867034912 -0.9781082272529602 0.0140849519520998 0.20761975646018982 110.60006713867188
0.1731746792793274 0.027640437707304955 0.9845032095909119 3.8428001403808594 0.016692006960511208 0.9993802309036255 -0.030994253233075142 -2.993671417236328 -0.9847496747970581 0.021800752729177475 0.1726059466600418 110.63353729248047
0.1423204094171524 0.028859499841928482 0.989399790763855 4.298312187194824 0.020764559507369995 0.9992678761482239 -0.03213421255350113 -3.012267589569092 -0.98960280418396 0.02511780336499214 0.14161692559719086 110.67384338378906
0.11427141726016998 0.0273407194763422 0.9930732846260071 4.771929740905762 0.018602441996335983 0.9993871450424194 -0.029655100777745247 -3.027609348297119 -0.9932754039764404 0.021862318739295006 0.1136927604675293 110.71546936035156
0.08899195492267609 0.02393820323050022 0.9957447052001953 5.266361236572266 0.012490862980484962 0.9996057152748108 -0.025147367268800735 -3.0417723655700684 -0.9959539771080017 0.014675622805953026 0.08865788578987122 110.74638366699219
0.06543949246406555 0.019573219120502472 0.9976645708084106 5.772778034210205 0.008080296218395233 0.9997643828392029 -0.020144427195191383 -3.0619161128997803 -0.9978237748146057 0.009379665367305279 0.06526592373847961 110.76929473876953
0.04218101501464844 0.01754089444875717 0.9989559650421143 6.279755115509033 0.011228459887206554 0.9997743964195251 -0.018029388040304184 -3.0827836990356445 -0.9990468621253967 0.011977233923971653 0.04197453334927559 110.79164123535156
0.02195487543940544 0.018319137394428253 0.999591052532196 6.815767288208008 0.01915833353996277 0.999640703201294 -0.018740836530923843 -3.099487066268921 -0.9995753765106201 0.019561951979994774 0.021596018224954605 110.77883911132812
0.004342176020145416 0.02091047912836075 0.9997718930244446 7.366303443908691 0.023776395246386528 0.9994964599609375 -0.02100798301398754 -3.117657423019409 -0.9997079372406006 0.023862192407250404 0.003842804580926895 110.76333618164062
-0.010044936090707779 0.026105450466275215 0.9996086955070496 7.963000297546387 0.024522362276911736 0.9993649125099182 -0.025852659717202187 -3.1291391849517822 -0.9996488690376282 0.024253081530332565 -0.010678727179765701 110.75843811035156
-0.020925182849168777 0.031091291457414627 0.9992974996566772 8.58234691619873 0.021990474313497543 0.9992888569831848 -0.03063054382801056 -3.13784122467041 -0.9995391964912415 0.021334074437618256 -0.02159402146935463 110.75528717041016
-0.026866097003221512 0.03084617294371128 0.9991631507873535 9.211529731750488 0.02437455765902996 0.9992468357086182 -0.03019336611032486 -3.155568838119507 -0.9993417859077454 0.0235429760068655 -0.02759772725403309 110.7242660522461
-0.029425833374261856 0.027910711243748665 0.9991772174835205 9.855857849121094 0.031223075464367867 0.999147891998291 -0.0269903726875782 -3.171365737915039 -0.9990792274475098 0.030403168871998787 -0.030272221192717552 110.69820404052734
-0.029240941628813744 0.025965161621570587 0.9992350339889526 10.50666618347168 0.032007988542318344 0.9991742372512817 -0.025026919320225716 -3.1989245414733887 -0.9990597367286682 0.0312516912817955 -0.030047887936234474 110.67711639404297
-0.027276381850242615 0.02579980343580246 0.9992948770523071 11.177938461303711 0.030608031898736954 0.9992197155952454 -0.024962395429611206 -3.2200961112976074 -0.9991592764854431 0.029905566945672035 -0.02804478257894516 110.6673355102539
-0.025389524176716805 0.025717852637171745 0.9993467926979065 11.879660606384277 0.02790442667901516 0.9992978572845459 -0.025007644668221474 -3.2513129711151123 -0.9992880821228027 0.027251265943050385 -0.026089336723089218 110.64482879638672
-0.02439848706126213 0.02690116874873638 0.999340295791626 12.595536231994629 0.02735823020339012 0.9992814660072327 -0.026231640949845314 -3.2686994075775146 -0.9993277788162231 0.02670016884803772 -0.025116924196481705 110.63778686523438
-0.02378559485077858 0.027700230479240417 0.9993332624435425 13.320773124694824 0.02632269077003002 0.9992868304252625 -0.027072422206401825 -3.2965493202209473 -0.9993704557418823 0.025661205872893333 -0.024497780948877335 110.62869262695312
-0.022566471248865128 0.027304554358124733 0.9993724226951599 14.06417179107666 0.02583346702158451 0.9993091225624084 -0.026719488203525543 -3.32470440864563 -0.9994115233421326 0.025214293971657753 -0.02325625531375408 110.6147232055664
