0.9999923706054688 0.003135836683213711 0.002331464784219861 -0.5079973936080933 -0.0031323889270424843 0.9999939799308777 -0.0014809947460889816 0.056151509284973145 -0.002336094854399562 0.0014736803714185953 0.9999961853027344 -2.2926855087280273
0.9999984502792358 0.0015156269073486328 0.0008932016789913177 -0.5091893672943115 -0.0015134718269109726 0.9999959468841553 -0.0024085312616080046 0.04762093722820282 -0.0008968485053628683 0.0024071757216006517 0.9999966621398926 -1.7284526824951172
0.9999991059303284 0.0013076860923320055 -8.160193829098716e-05 -0.513231098651886 -0.001308006583712995 0.9999908804893494 -0.004060525447130203 0.036952998489141464 7.62912750360556e-05 0.0040606288239359856 0.9999917149543762 -1.1731517314910889
0.9999973773956299 0.0006201303331181407 -0.002217393135651946 -0.5132866501808167 -0.0006312390905804932 0.9999872446060181 -0.005012533161789179 0.01842258870601654 0.002214256441220641 0.005013919901102781 0.9999849796295166 -0.6080356240272522
0.9999909996986389 -0.0012028366327285767 -0.004060384351760149 -0.5228734612464905 0.0011743842624127865 0.99997478723526 -0.007002475671470165 0.011548850685358047 0.004068705253303051 0.006997644901275635 0.9999672770500183 -0.04066281020641327
0.9999803900718689 -0.0038632198702543974 -0.004926890600472689 -0.5394354462623596 0.003820087993517518 0.9999545812606812 -0.008733851835131645 -0.009039785712957382 0.0049604088999331 0.008714859373867512 0.9999496340751648 0.518587052822113
0.9999663829803467 -0.005080105271190405 -0.006437621079385281 -0.5442837476730347 0.00501958467066288 0.9999433755874634 -0.009382660500705242 -0.0217510424554348 0.00648491969332099 0.009350028820335865 0.9999352693557739 1.0914208889007568
0.9999575614929199 -0.005092232953757048 -0.007693503983318806 -0.5566359162330627 0.005025121383368969 0.9999493956565857 -0.008717535063624382 -0.03604542836546898 0.007737506181001663 0.008678503334522247 0.9999324083328247 1.67030930519104
0.9999468922615051 -0.005515580996870995 -0.008711086586117744 -0.5653171539306641 0.005435131955891848 0.9999426007270813 -0.00923210009932518 -0.048947740346193314 0.008761505596339703 0.009184262715280056 0.9999194145202637 2.2670483589172363
0.9999386668205261 -0.0049119070172309875 -0.009928382001817226 -0.5743675827980042 0.004794780630618334 0.999919056892395 -0.011786675080657005 -0.0686633437871933 0.009985473938286304 0.011738347820937634 0.9998812079429626 2.8624167442321777
0.9999316334724426 -0.0032996428199112415 -0.01121617667376995 -0.5867388248443604 0.0031245716381818056 0.9998735785484314 -0.015590730123221874 -0.08394762128591537 0.011266202665865421 0.015554618090391159 0.9998155236244202 3.469029426574707
0.9999213218688965 -0.0019388458458706737 -0.012399327009916306 -0.603233277797699 0.0016985489055514336 0.9998111128807068 -0.019361086189746857 -0.09693785011768341 0.01243452075868845 0.01933850161731243 0.9997356534004211 4.079555511474609
0.9999071359634399 0.00010154324263567105 -0.013631142675876617 -0.6179860830307007 -0.0003659831709228456 0.9998117089271545 -0.01939866878092289 -0.11164235323667526 0.01362660527229309 0.019401853904128075 0.999718964099884 4.713502883911133
0.9998865723609924 0.0021936632692813873 -0.014898737892508507 -0.6298311948776245 -0.0023806660901755095 0.9999184608459473 -0.012545479461550713 -0.12258885055780411 0.01487000286579132 0.01257952768355608 0.9998102784156799 5.358222007751465
0.9998781085014343 0.0031243872363120317 -0.015295110642910004 -0.6496192812919617 -0.003152603982016444 0.9999934434890747 -0.0018210898851975799 -0.13769985735416412 0.01528931874781847 0.0018690885044634342 0.9998813271522522 6.020970344543457
0.9998584985733032 0.003920790273696184 -0.016358641907572746 -0.6618167757987976 -0.00384366512298584 0.9999812841415405 0.004743414465337992 -0.14934532344341278 0.016376936808228493 -0.004679869394749403 0.9998549222946167 6.705764293670654
0.9998226761817932 0.006213434971868992 -0.01777496002614498 -0.6796091794967651 -0.006152606103569269 0.9999749660491943 0.0034748120233416557 -0.16253562271595 0.01779610477387905 -0.003364832838997245 0.9998359680175781 7.394984722137451
0.9997996091842651 0.008163360878825188 -0.018277663737535477 -0.7044214606285095 -0.008231546729803085 0.999959409236908 -0.0036584713961929083 -0.17025162279605865 0.018247056752443314 0.0038081922102719545 0.9998262524604797 8.08782958984375
0.9997779726982117 0.007927879691123962 -0.019528290256857872 -0.7206376791000366 -0.00811768975108862 0.9999204874038696 -0.00965970940887928 -0.1705113649368286 0.019450156018137932 0.00981608871370554 0.9997626543045044 8.797487258911133
0.9997699856758118 0.00551460450515151 -0.020727431401610374 -0.7346190810203552 -0.005681873299181461 0.9999516606330872 -0.008019690401852131 -0.17444700002670288 0.020682204514741898 0.008135616779327393 0.9997529983520508 9.535633087158203
0.9997685551643372 0.00496852258220315 -0.020929865539073944 -0.756683886051178 -0.004944278858602047 0.9999870657920837 0.0012099109590053558 -0.18692192435264587 0.020935604348778725 -0.001106147887185216 0.9997802376747131 10.299687385559082
0.9997649192810059 0.004362568724900484 -0.021235592663288116 -0.7768737077713013 -0.004179222509264946 0.9999536871910095 0.008670618757605553 -0.19287073612213135 0.021272432059049606 -0.008579833433032036 0.9997369050979614 11.074878692626953
0.9997556209564209 0.0036498650442808867 -0.021803854033350945 -0.7987937331199646 -0.0034108927939087152 0.9999338388442993 0.010987211018800735 -0.19538502395153046 0.021842513233423233 -0.01091015711426735 0.9997018575668335 11.865376472473145
0.9997565746307373 0.001836578012444079 -0.021985849365592003 -0.8158481121063232 -0.0016158923972398043 0.9999482035636902 0.010051175020635128 -0.1967925727367401 0.022003168240189552 -0.01001320406794548 0.9997076988220215 12.669445991516113
0.9997746348381042 0.0013132431777194142 -0.02118842862546444 -0.8432121872901917 -0.0011524675646796823 0.9999704957008362 0.007598313502967358 -0.1987474262714386 0.021197782829403877 -0.007572181988507509 0.9997466206550598 13.517642974853516
0.9997792840003967 0.004123535007238388 -0.020602259784936905 -0.8657731413841248 -0.004036320839077234 0.9999827742576599 0.004272995050996542 -0.20211505889892578 0.020619526505470276 -0.004188894294202328 0.9997786283493042 14.354498863220215
0.9998020529747009 0.0006260247901082039 -0.01988760568201542 -0.8811410665512085 -0.0006546652875840664 0.9999988079071045 -0.0014336392050608993 -0.20642772316932678 0.0198866855353117 0.0014463742263615131 0.9998012185096741 15.209562301635742
0.9998149275779724 -0.0019142458913847804 -0.019144762307405472 -0.899243175983429 0.0017669213702902198 0.9999687075614929 -0.007709220051765442 -0.21815691888332367 0.019158923998475075 0.007673966232687235 0.9997869729995728 16.082820892333984
0.99983149766922 -0.0009481948218308389 -0.018331844359636307 -0.9072901010513306 0.0007102895178832114 0.9999154806137085 -0.012979893013834953 -0.23515741527080536 0.018342602998018265 0.012964682653546333 0.9997476935386658 16.976322174072266
0.9998427629470825 0.0002877376973628998 -0.01773195154964924 -0.9344136714935303 -0.0005341328796930611 0.9999033212661743 -0.01389238890260458 -0.25038406252861023 0.017726240679621696 0.013899674639105797 0.9997462630271912 17.879886627197266
0.9998248219490051 0.000364425330189988 -0.01871408335864544 -0.9463071823120117 -0.000612791976891458 0.9999117851257324 -0.013267647475004196 -0.2713363766670227 0.018707599490880966 0.013276792131364346 0.9997368454933167 18.81740379333496
0.9998303055763245 0.001964491792023182 -0.018319115042686462 -0.9753453135490417 -0.0022339744027704 0.9998894333839417 -0.01470161136239767 -0.2975199520587921 0.018288210034370422 0.01474004052579403 0.9997241497039795 19.756820678710938
0.9998164772987366 0.00495564192533493 -0.018504086881875992 -0.9899318814277649 -0.005264960695058107 0.9998465180397034 -0.016705086454749107 -0.3231810927391052 0.018418464809656143 0.0167994424700737 0.9996891617774963 20.71515464782715
0.9997902512550354 0.008169933222234249 -0.018781758844852448 -1.0152854919433594 -0.008500858210027218 0.9998087882995605 -0.01760769821703434 -0.34693625569343567 0.018634317442774773 0.017763664945960045 0.999668538570404 21.680328369140625
0.9997747540473938 0.009987672790884972 -0.018725838512182236 -1.0450077056884766 -0.010312657803297043 0.9997963905334473 -0.01733938232064247 -0.3773280680179596 0.01854884810745716 0.017528589814901352 0.9996742606163025 22.65680694580078
0.9997636079788208 0.010973680764436722 -0.018768586218357086 -1.0734907388687134 -0.011302677914500237 0.9997826218605042 -0.017513815313577652 -0.40382832288742065 0.01857231743633747 0.017721811309456825 0.9996704459190369 23.636417388916016
0.9997612833976746 0.010339672677218914 -0.01924801431596279 -1.0889009237289429 -0.010678323917090893 0.9997884631156921 -0.017575237900018692 -0.42986947298049927 0.01906222105026245 0.017776576802134514 0.9996602535247803 24.619535446166992
0.9997461438179016 0.011298438534140587 -0.01949342153966427 -1.1093430519104004 -0.011617441661655903 0.9997991323471069 -0.016329793259501457 -0.466772198677063 0.01930500566959381 0.016552109271287918 0.9996766448020935 25.637325286865234
0.9997327327728271 0.011981128714978695 -0.01977243274450302 -1.1335232257843018 -0.012259677983820438 0.9998264908790588 -0.014027193188667297 -0.4980371296405792 0.019600939005613327 0.014265846461057663 0.9997061491012573 26.65472412109375
0.9997208714485168 0.01246131956577301 -0.020073216408491135 -1.1579822301864624 -0.012720378115773201 0.9998368620872498 -0.012830184772610664 -0.5281581878662109 0.019910059869289398 0.013081942684948444 0.9997161626815796 27.675161361694336
0.9997098445892334 0.01287879329174757 -0.02035658247768879 -1.1786953210830688 -0.013166374526917934 0.9998144507408142 -0.014056739397346973 -0.5525088310241699 0.020171770825982094 0.014320682734251022 0.9996939897537231 28.70995330810547
0.9996980428695679 0.014108371920883656 -0.02011694945394993 -1.2172235250473022 -0.014413689263164997 0.9997818470001221 -0.015113761648535728 -0.5839880704879761 0.01989932730793953 0.015399158000946045 0.9996833205223083 29.7250919342041
0.9996944069862366 0.01370161585509777 -0.020576439797878265 -1.243377685546875 -0.013995538465678692 0.9998011589050293 -0.014209087938070297 -0.6112191081047058 0.020377658307552338 0.014492721296846867 0.9996872544288635 30.7615966796875
0.9996851682662964 0.013554911129176617 -0.021111100912094116 -1.2710635662078857 -0.013806954957544804 0.9998345375061035 -0.011839263141155243 -0.6357463002204895 0.020947128534317017 0.012127015739679337 0.9997069835662842 31.815553665161133
0.9996764063835144 0.013549196533858776 -0.02153177373111248 -1.300305724143982 -0.013721619732677937 0.9998747110366821 -0.00788036733865738 -0.6652773022651672 0.021422306075692177 0.008173266425728798 0.9997371435165405 32.86604309082031
0.9996627569198608 0.01402255892753601 -0.021856706589460373 -1.3292611837387085 -0.01415050495415926 0.9998835921287537 -0.005710117518901825 -0.6876300573348999 0.02177409455180168 0.006017475854605436 0.9997447729110718 33.94987487792969
0.9996531009674072 0.014311623759567738 -0.022108810022473335 -1.3612136840820312 -0.014432570897042751 0.9998816847801208 -0.005320646334439516 -0.7063450813293457 0.022030049934983253 0.00563788739964366 0.9997414350509644 35.01982116699219
0.9996387362480164 0.013559887185692787 -0.023207316175103188 -1.381968379020691 -0.013713732361793518 0.9998849630355835 -0.006482884753495455 -0.7339879870414734 0.023116741329431534 0.006798801943659782 0.9997096657752991 36.11328125
0.9996195435523987 0.014132460579276085 -0.023685093969106674 -1.4181644916534424 -0.014308687299489975 0.9998710751533508 -0.007287477143108845 -0.7512087225914001 0.023579051718115807 0.007623608224093914 0.9996928572654724 37.18830871582031
0.9996100664138794 0.013773947954177856 -0.024288106709718704 -1.4497920274734497 -0.01392258983105421 0.9998853206634521 -0.0059615205973386765 -0.7786648273468018 0.024203205481171608 0.006297348532825708 0.9996872544288635 38.28868865966797
0.9995797872543335 0.014381775632500648 -0.025170618668198586 -1.4822394847869873 -0.014495635405182838 0.9998854994773865 -0.004346861038357019 -0.794648289680481 0.025105219334363937 0.00470989802852273 0.9996737837791443 39.374794006347656
0.9995784759521484 0.013716955669224262 -0.025588195770978928 -1.5200963020324707 -0.013754509389400482 0.9999046325683594 -0.0012921610614284873 -0.8266841173171997 0.025568028911948204 0.0016435695579275489 0.9996717572212219 40.466312408447266
0.9995455145835876 0.015456155873835087 -0.025881582871079445 -1.561962604522705 -0.015500625595450401 0.9998787641525269 -0.0015184712829068303 -0.8495436906814575 0.025854969397187233 0.0019189612939953804 0.9996638894081116 41.54212188720703
0.9995048642158508 0.0174357108771801 -0.02619224600493908 -1.6056303977966309 -0.01758180372416973 0.9998311400413513 -0.005357747431844473 -0.8706845045089722 0.026094406843185425 0.005815600976347923 0.999642550945282 42.618404388427734
0.9994891881942749 0.018336297944188118 -0.026175351813435555 -1.6295242309570312 -0.018594816327095032 0.9997803568840027 -0.009667390026152134 -0.8923776745796204 0.025992337614297867 0.010149178095161915 0.9996106028556824 43.72691345214844
0.9994780421257019 0.018823599442839622 -0.026253584772348404 -1.664515495300293 -0.01909511163830757 0.9997663497924805 -0.010129794478416443 -0.9161767959594727 0.026056768372654915 0.010625822469592094 0.9996039867401123 44.810585021972656
0.9994900226593018 0.01945401541888714 -0.025323234498500824 -1.7091803550720215 -0.01965097337961197 0.9997783899307251 -0.007552360184490681 -0.9424668550491333 0.025170696899294853 0.008046136237680912 0.999650776386261 45.88420867919922
0.9994632005691528 0.019842060282826424 -0.02606767788529396 -1.7347521781921387 -0.01998305879533291 0.9997869729995728 -0.005159532651305199 -0.9729621410369873 0.025959748774766922 0.005677676759660244 0.9996468424797058 46.988685607910156
0.9995052218437195 0.017746759578585625 -0.025968270376324654 -1.7627155780792236 -0.01784653402864933 0.9998341798782349 -0.0036153944674879313 -1.0016918182373047 0.025899799540638924 0.004077048972249031 0.9996562004089355 48.1123046875
0.9995301365852356 0.017595592886209488 -0.025100141763687134 -1.8006559610366821 -0.01770387403666973 0.9998348355293274 -0.004098245874047279 -1.0298343896865845 0.02502388507127762 0.004540689755231142 0.9996764659881592 49.19949722290039
0.9995384812355042 0.016842950135469437 -0.025282038375735283 -1.8282772302627563 -0.017002183943986893 0.9998368620872498 -0.0060965521261096 -1.0499552488327026 0.025175226852297783 0.006523588206619024 0.9996618032455444 50.29161834716797
0.9995443224906921 0.017079388722777367 -0.024886619299650192 -1.8628301620483398 -0.01730000600218773 0.999812662601471 -0.008676687255501747 -1.0737245082855225 0.024733763188123703 0.009103271178901196 0.999652624130249 51.38407897949219
0.999566912651062 0.016023440286517143 -0.02468382753431797 -1.890276312828064 -0.01630767062306404 0.9998024106025696 -0.01135679055005312 -1.1012505292892456 0.024496980011463165 0.011754404753446579 0.9996307492256165 52.47894287109375
0.9995810985565186 0.014668963849544525 -0.024947380647063255 -1.9160422086715698 -0.015029353089630604 0.9997844696044922 -0.014320343732833862 -1.1413745880126953 0.024731937795877457 0.014689288102090359 0.9995862245559692 53.568519592285156
0.9996169209480286 0.012897979468107224 -0.024487413465976715 -1.9482581615447998 -0.013289161957800388 0.9997856020927429 -0.015879973769187927 -1.1767370700836182 0.0242773424834013 0.016199307516217232 0.9995739459991455 54.65312194824219
0.999644935131073 0.01118474081158638 -0.02418542094528675 -1.9768656492233276 -0.011507847346365452 0.9998458027839661 -0.013261889107525349 -1.212781548500061 0.024033362045884132 0.01353550050407648 0.9996194839477539 55.7386360168457
0.999652087688446 0.009984254837036133 -0.024410054087638855 -2.001542568206787 -0.01016838289797306 0.9999207258224487 -0.007430732250213623 -1.2399924993515015 0.024333929643034935 0.007676359266042709 0.9996744394302368 56.838348388671875
0.9996771216392517 0.008226506412029266 -0.024041786789894104 -2.0312929153442383 -0.008274952881038189 0.9999639391899109 -0.0019162807147949934 -1.2617363929748535 0.02402515895664692 0.0021146065555512905 0.9997091293334961 57.94915008544922
0.9996861219406128 0.006371868308633566 -0.024230383336544037 -2.0543477535247803 -0.0064083002507686615 0.9999784231185913 -0.001426181523129344 -1.280897855758667 0.024220773950219154 0.0015810095937922597 0.9997053742408752 59.03913497924805
0.999713659286499 0.003134006867185235 -0.0237229373306036 -2.084106922149658 -0.0032365056686103344 0.9999855756759644 -0.004283448681235313 -1.3032288551330566 0.023709172382950783 0.004359001759439707 0.9997093677520752 60.12854766845703
0.9997230768203735 0.0020249877125024796 -0.023442523553967476 -2.1208105087280273 -0.0022065697703510523 0.9999677538871765 -0.007722581271082163 -1.3232629299163818 0.023426126688718796 0.007772170472890139 0.999695360660553 61.239593505859375
0.9997171759605408 0.004076377954334021 -0.023431066423654556 -2.1563658714294434 -0.004348265938460827 0.9999237060546875 -0.011564547196030617 -1.3528358936309814 0.023382138460874557 0.011663160286843777 0.9996585845947266 62.327266693115234
0.9997260570526123 0.004329148679971695 -0.023001333698630333 -2.1916582584381104 -0.004692678339779377 0.9998645782470703 -0.0157743152230978 -1.3847932815551758 0.022929927334189415 0.01587793231010437 0.9996110200881958 63.401832580566406
0.9997194409370422 0.0068806991912424564 -0.022664004936814308 -2.221172332763672 -0.007258513476699591 0.9998353123664856 -0.016630347818136215 -1.412266731262207 0.022545846179127693 0.01679018698632717 0.9996047616004944 64.52864837646484
0.9997153878211975 0.010405238717794418 -0.02146291360259056 -2.2620389461517334 -0.010685442015528679 0.9998586177825928 -0.01298209372907877 -1.444071888923645 0.021324796602129936 0.013207740150392056 0.9996853470802307 65.62828826904297
0.9996935129165649 0.012100962921977043 -0.021596640348434448 -2.291208505630493 -0.012336638756096363 0.9998654127120972 -0.01081286184489727 -1.4784834384918213 0.02146288938820362 0.011075976304709911 0.9997082948684692 66.73239135742188
0.9996894001960754 0.01220899447798729 -0.021726852282881737 -2.314531087875366 -0.012428215704858303 0.9998729228973389 -0.009983603842556477 -1.5087097883224487 0.021602198481559753 0.010250529274344444 0.9997140765190125 67.83001708984375
0.9997081160545349 0.010355995036661625 -0.02182828262448311 -2.3366119861602783 -0.010558102279901505 0.9999022483825684 -0.009164169430732727 -1.5391064882278442 0.021731246262788773 0.009391960687935352 0.9997196793556213 68.92588806152344
0.9997152090072632 0.009494546800851822 -0.02189686894416809 -2.36783504486084 -0.009669276885688305 0.9999221563339233 -0.007887616753578186 -1.5659278631210327 0.021820275112986565 0.008097095414996147 0.9997290372848511 70.02397918701172
0.9997222423553467 0.007764927111566067 -0.02225266396999359 -2.3983728885650635 -0.007894872687757015 0.9999521970748901 -0.005757664795964956 -1.595052719116211 0.022206895053386688 0.005931747145950794 0.9997357130050659 71.13424682617188
0.999707043170929 0.00619909493252635 -0.023397712036967278 -2.4172120094299316 -0.006301753222942352 0.9999708533287048 -0.004316341131925583 -1.617740273475647 0.023370271548628807 0.004462523385882378 0.9997168779373169 72.23009490966797
0.9997048377990723 0.005584201775491238 -0.023645097389817238 -2.4520251750946045 -0.005709923803806305 0.9999698400497437 -0.0052528525702655315 -1.6511201858520508 0.023615054786205292 0.0053863138891756535 0.9997065663337708 73.32373046875
0.9996882081031799 0.0059570083394646645 -0.024253208190202713 -2.481961488723755 -0.006176825147122145 0.9999404549598694 -0.008998582139611244 -1.6783833503723145 0.02419815957546234 0.009145583026111126 0.9996653199195862 74.40402221679688
0.9996575117111206 0.0064712585881352425 -0.02535533905029297 -2.5060739517211914 -0.006761849392205477 0.9999122619628906 -0.011391819454729557 -1.7021313905715942 0.025279393419623375 0.011559367179870605 0.9996135830879211 75.48274993896484
0.9996405839920044 0.008556753396987915 -0.025404853746294975 -2.5524442195892334 -0.008797403424978256 0.9999173283576965 -0.009376013651490211 -1.7380037307739258 0.025322522968053818 0.009596139192581177 0.999633252620697 76.5790786743164
0.9996189475059509 0.009578605182468891 -0.025888435542583466 -2.587512493133545 -0.009717343375086784 0.9999390840530396 -0.005238602869212627 -1.7613316774368286 0.025836676359176636 0.005488173570483923 0.9996510744094849 77.66349029541016
0.9995922446250916 0.010658266954123974 -0.026490487158298492 -2.6209328174591064 -0.01069062203168869 0.9999422430992126 -0.0010800297604873776 -1.7917119264602661 0.026477450504899025 0.0013627891894429922 0.9996485114097595 78.74212646484375
0.9995584487915039 0.011896385811269283 -0.027229035273194313 -2.6573524475097656 -0.01191276777535677 0.999928891658783 -0.00043945322977378964 -1.8126592636108398 0.02722187340259552 0.0007636325899511576 0.9996291399002075 79.80976867675781
0.9995478391647339 0.012160074897110462 -0.02750042825937271 -2.7000110149383545 -0.012246930040419102 0.9999204874038696 -0.002992067253217101 -1.829710602760315 0.027461858466267586 0.003327510552480817 0.999617338180542 80.86905670166016
0.9995387196540833 0.011541545391082764 -0.028090260922908783 -2.7374136447906494 -0.011645774357020855 0.9999258518218994 -0.0035497189965099096 -1.8551403284072876 0.028047209605574608 0.0038752148393541574 0.9995990991592407 81.9522705078125
0.9995238184928894 0.011102898046374321 -0.028790650889277458 -2.7578322887420654 -0.011201731860637665 0.9999318718910217 -0.0032738333102315664 -1.8886706829071045 0.02875235304236412 0.0035947789438068867 0.9995800852775574 83.02632904052734
0.9995172023773193 0.010173439048230648 -0.02935837022960186 -2.796478509902954 -0.010264556854963303 0.9999428987503052 -0.0029545933939516544 -1.910550594329834 0.029326636344194412 0.0032545174472033978 0.9995645880699158 84.05885314941406
0.9995084404945374 0.009036669507622719 -0.030022528022527695 -2.8308591842651367 -0.009088071994483471 0.9999575614929199 -0.001576149370521307 -1.9338889122009277 0.03000701405107975 0.0018482215236872435 0.9995479583740234 85.08699035644531
0.9995109438896179 0.009297856129705906 -0.029859159141778946 -2.8749470710754395 -0.009259996004402637 0.9999560713768005 0.0014059377135708928 -1.9659929275512695 0.029870929196476936 -0.0011287543457001448 0.9995530843734741 86.0807113647461
0.9994724988937378 0.008137849159538746 -0.031439151614904404 -2.9067318439483643 -0.008080492727458477 0.9999654293060303 0.001950983889400959 -1.9817910194396973 0.031453937292099 -0.0016959107015281916 0.9995037913322449 87.08882904052734
0.9994061589241028 0.007057751528918743 -0.033726878464221954 -2.9400177001953125 -0.006984021048992872 0.9999729990959167 0.0023034082259982824 -2.001965045928955 0.03374222666025162 -0.002066490938887 0.9994285106658936 88.04507446289062
0.9993240833282471 0.006650678813457489 -0.03615398705005646 -2.9884893894195557 -0.006600158754736185 0.9999770522117615 0.0015165398363023996 -2.028262138366699 0.036163244396448135 -0.0012768929591402411 0.9993451237678528 88.97388458251953
0.9991662502288818 0.006017106585204601 -0.04038105905056 -3.0205085277557373 -0.0060025909915566444 0.9999818801879883 0.00048070240882225335 -2.0431246757507324 0.04038321226835251 -0.00023791100829839706 0.999184250831604 89.92910766601562
0.9990403056144714 0.0059218439273536205 -0.04339784383773804 -3.064013957977295 -0.005891112145036459 0.9999823570251465 0.0008359868661500514 -2.061919927597046 0.04340201988816261 -0.0005795227480120957 0.9990575313568115 90.82024383544922
0.9988792538642883 0.007049172651022673 -0.046803105622529984 -3.108827829360962 -0.006968826521188021 0.9999738931655884 0.001879631308838725 -2.082500696182251 0.046815138310194016 -0.0015513617545366287 0.9989023804664612 91.68991088867188
0.9987457394599915 0.008001907728612423 -0.04942600429058075 -3.16540265083313 -0.007860620506107807 0.9999644756317139 0.0030522786546498537 -2.1026995182037354 0.04944867268204689 -0.0026599315460771322 0.9987730979919434 92.5451431274414
0.9985679984092712 0.009198463521897793 -0.0526990182697773 -3.2111096382141113 -0.00898058246821165 0.999950110912323 0.004369757603853941 -2.116832733154297 0.05273658409714699 -0.0038902321830391884 0.9986008405685425 93.36153411865234
0.998435914516449 0.01074704248458147 -0.05486595258116722 -3.2688169479370117 -0.010459928773343563 0.9999300241470337 0.005517521407455206 -2.1362736225128174 0.05492141470313072 -0.004934997763484716 0.9984784722328186 94.1562728881836
0.9982447028160095 0.012621193192899227 -0.05786567181348801 -3.3130416870117188 -0.012297702953219414 0.9999066591262817 0.005943083669990301 -2.15120267868042 0.05793529003858566 -0.00522103626281023 0.9983066916465759 94.92285919189453
0.998066246509552 0.014298501424491405 -0.06049231067299843 -3.3630423545837402 -0.014038065448403358 0.9998902082443237 0.00472810585051775 -2.167863130569458 0.060553278774023056 -0.003869767766445875 0.9981575012207031 95.65204620361328
0.9978802800178528 0.015376297757029533 -0.06323440372943878 -3.4115214347839355 -0.015333468094468117 0.9998816847801208 0.0011625675251707435 -2.1883881092071533 0.06324479728937149 -0.00019050021364819258 0.997998058795929 96.34580993652344
0.9977093935012817 0.018363188952207565 -0.0651056095957756 -3.483438491821289 -0.01855294033885002 0.9998251795768738 -0.0023110676556825638 -2.2041850090026855 0.06505179405212402 0.0035136742517352104 0.9978756904602051 97.03619384765625
0.9975478649139404 0.020280612632632256 -0.0669851154088974 -3.5373599529266357 -0.020658764988183975 0.9997742176055908 -0.004957352764904499 -2.218337297439575 0.06686946749687195 0.006329026073217392 0.99774169921875 97.66682434082031
0.9974196553230286 0.02213018387556076 -0.06829515844583511 -3.5776889324188232 -0.02257346361875534 0.999728798866272 -0.0057256328873336315 -2.238093376159668 0.06814992427825928 0.007252517156302929 0.9976487755775452 98.29651641845703
0.9974267482757568 0.024661026895046234 -0.06731756776571274 -3.628419876098633 -0.02507457137107849 0.9996715188026428 -0.005305077880620956 -2.2554848194122314 0.06716462224721909 0.006979385856539011 0.9977174997329712 98.88109588623047
0.9975524544715881 0.028455223888158798 -0.06387049704790115 -3.6864123344421387 -0.02875555120408535 0.9995792508125305 -0.00378754292614758 -2.2714834213256836 0.06373586505651474 0.005614904221147299 0.9979510307312012 99.4435806274414
0.9978005290031433 0.031171372160315514 -0.05849938094615936 -3.718604564666748 -0.031372614204883575 0.999504566192627 -0.0025246096774935722 -2.28397798538208 0.05839169770479202 0.004354335833340883 0.9982842206954956 99.9811782836914
0.998182475566864 0.03167976438999176 -0.051264651119709015 -3.7373414039611816 -0.03173808008432388 0.9994961619377136 -0.00032370732515119016 -2.3064661026000977 0.05122857168316841 0.0019501607166603208 0.9986850619316101 100.51495361328125
0.9986289739608765 0.03160826116800308 -0.041727595031261444 -3.7500672340393066 -0.03155168518424034 0.999500036239624 0.002013812307268381 -2.31583571434021 0.04177039489150047 -0.0006944751366972923 0.9991269707679749 101.01844024658203
0.9990611672401428 0.03146744146943092 -0.02977483719587326 -3.7626521587371826 -0.03138929232954979 0.999502420425415 0.0030884677544236183 -2.3252220153808594 0.029857212677598 -0.0021509570069611073 0.9995518922805786 101.49024963378906
0.9994045495986938 0.03036082535982132 -0.016390621662139893 -3.7626893520355225 -0.03031228482723236 0.9995353817939758 0.0032016572076827288 -2.3385488986968994 0.016480205580592155 -0.002702914411202073 0.9998605251312256 101.94744110107422
0.9995434284210205 0.030189836397767067 -0.0011862588580697775 -3.7555227279663086 -0.030187202617526054 0.9995418787002563 0.0021780014503747225 -2.349525213241577 0.0012514677364379168 -0.0021411969792097807 0.9999969005584717 102.39078521728516
0.9994364380836487 0.02901150844991207 0.01688564196228981 -3.7377374172210693 -0.02900201454758644 0.9995790123939514 -0.0008070069015957415 -2.3644375801086426 -0.01690194383263588 0.0003168343973811716 0.9998571276664734 102.809814453125
0.9988793134689331 0.028297362849116325 0.037938110530376434 -3.7018651962280273 -0.02810966596007347 0.9995899796485901 -0.0054717594757676125 -2.3781003952026367 -0.03807738795876503 0.004399199970066547 0.9992650747299194 103.2284164428711
0.9977219104766846 0.02631150186061859 0.06211819127202034 -3.6574583053588867 -0.025704659521579742 0.9996140003204346 -0.010548252612352371 -2.3875303268432617 -0.06237174570560455 0.00892749521881342 0.9980130791664124 103.63630676269531
0.9957573413848877 0.023674754425883293 0.08892015367746353 -3.586259603500366 -0.022604573518037796 0.9996595978736877 -0.013023240491747856 -2.406688928604126 -0.08919819444417953 0.010957987047731876 0.9959536194801331 104.03177642822266
0.9926736950874329 0.021333428099751472 0.11892757564783096 -3.5128495693206787 -0.019751539453864098 0.9997002482414246 -0.014464248903095722 -2.417078733444214 -0.11920049786567688 0.012009277008473873 0.9927975535392761 104.42558288574219
0.988260805606842 0.01896543614566326 0.1515943855047226 -3.427119493484497 -0.01665227860212326 0.9997249841690063 -0.016513975337147713 -2.4317023754119873 -0.1518658846616745 0.01379572506994009 0.988304853439331 104.81304168701172
0.9821661710739136 0.016396919265389442 0.18729831278324127 -3.3269033432006836 -0.013239873573184013 0.999748706817627 -0.018094344064593315 -2.446540117263794 -0.1875479370355606 0.015291848219931126 0.9821363687515259 105.18122100830078
0.9741396307945251 0.013224411755800247 0.22555950284004211 -3.2093892097473145 -0.009257745929062366 0.9997835159301758 -0.018634598702192307 -2.462169885635376 -0.22575710713863373 0.016064532101154327 0.9740511178970337 105.53961181640625
0.9641357660293579 0.01123032532632351 0.26517167687416077 -3.0873219966888428 -0.006179454270750284 0.999783456325531 -0.019874144345521927 -2.474055051803589 -0.26533740758895874 0.01752275787293911 0.963996410369873 105.86737060546875
0.9515299797058105 0.011502775363624096 0.30734091997146606 -2.960174798965454 -0.005547512322664261 0.9997797608375549 -0.020243367180228233 -2.502296209335327 -0.30750608444213867 0.017557194456458092 0.9513841271400452 106.1971664428711
0.9360084533691406 0.013659480959177017 0.3517124056816101 -2.8266677856445312 -0.0066011520102620125 0.9997521638870239 -0.02125987969338894 -2.5097413063049316 -0.3519156575202942 0.017577720806002617 0.93586665391922 106.50023651123047
0.9179676175117493 0.014220115728676319 0.39640048146247864 -2.649191379547119 -0.006618232000619173 0.9997671842575073 -0.020538531243801117 -2.5191972255706787 -0.39660021662712097 0.016230236738920212 0.9178478717803955 106.83644104003906
0.8973829746246338 0.01339042279869318 0.4410493075847626 -2.4647889137268066 -0.005398407578468323 0.9997977614402771 -0.019370347261428833 -2.5329794883728027 -0.4412195086479187 0.015001654624938965 0.8972737789154053 107.14372253417969
0.8739653825759888 0.012006482109427452 0.48583975434303284 -2.273622751235962 -0.0029303543269634247 0.9998067617416382 -0.019436724483966827 -2.55600643157959 -0.48597925901412964 0.015563342720270157 0.8738318085670471 107.42523956298828
0.8490234017372131 0.013104373589158058 0.5281926989555359 -2.05263614654541 -0.0016890817787498236 0.9997546076774597 -0.02208869345486164 -2.567939281463623 -0.5283525586128235 0.017861658707261086 0.8488370776176453 107.6933364868164
0.8209432363510132 0.015244150534272194 0.5708063244819641 -1.8320306539535522 -0.0007007508538663387 0.9996697902679443 -0.025689691305160522 -2.5841801166534424 -0.5710094571113586 0.020689787343144417 0.8206826448440552 107.9612808227539
0.7896371483802795 0.019891656935214996 0.6132516264915466 -1.5955339670181274 -0.0019601222593337297 0.999550998210907 -0.029897909611463547 -2.602980375289917 -0.613571047782898 0.022406449541449547 0.7893215417861938 108.23033905029297
0.755977213382721 0.025888290256261826 0.6540857553482056 -1.3424519300460815 -0.004962662700563669 0.9994155764579773 -0.0338204950094223 -2.6154775619506836 -0.6545789837837219 0.022321518510580063 0.7556639313697815 108.4667739868164
0.717928946018219 0.03109544888138771 0.695421576499939 -1.0678638219833374 -0.006497006863355637 0.9992576241493225 -0.037974052131175995 -2.6173200607299805 -0.6960861682891846 0.02274450846016407 0.7175979018211365 108.72545623779297
0.6786574721336365 0.03124740533530712 0.7337899804115295 -0.7694814205169678 -0.004039199091494083 0.9992383122444153 -0.03881542757153511 -2.636491537094116 -0.7344437837600708 0.023378456011414528 0.6782666444778442 108.95462799072266
0.6378482580184937 0.028639066964387894 0.7696294188499451 -0.45338964462280273 0.00033942697336897254 0.9992979168891907 -0.037466682493686676 -2.650697708129883 -0.7701619863510132 0.02415928989648819 0.6373906135559082 109.15176391601562
0.5933669805526733 0.027301670983433723 0.8044689297676086 -0.12737436592578888 0.001771710580214858 0.9993779063224792 -0.03522318974137306 -2.6615779399871826 -0.8049300909042358 0.022325564175844193 0.592949390411377 109.35210418701172
0.5505329966545105 0.025284061208367348 0.8344303965568542 0.2072819471359253 0.003317862981930375 0.9994670152664185 -0.032473865896463394 -2.674318313598633 -0.8348067998886108 0.020646460354328156 0.5501556992530823 109.44992065429688
0.5026244521141052 0.022775942459702492 0.8642047047615051 0.5670847296714783 0.005559436045587063 0.999547004699707 -0.029576247557997704 -2.6853408813476562 -0.8644869327545166 0.019670238718390465 0.5022701621055603 109.61267852783203
0.4517701268196106 0.01890888251364231 0.8919339179992676 0.9379832148551941 0.009169229306280613 0.9996241331100464 -0.025836171582341194 -2.6966261863708496 -0.8920872807502747 0.0198503565043211 0.4514268636703491 109.76174926757812
0.39907699823379517 0.019092606380581856 0.916718602180481 1.2962263822555542 0.005364070646464825 0.9997174739837646 -0.023156384006142616 -2.72521710395813 -0.9169016480445862 0.014158525504171848 0.398861825466156 109.89409637451172
0.34793731570243835 0.024039724841713905 0.9372094869613647 1.6918063163757324 0.0024962613824754953 0.999643862247467 -0.026567919179797173 -2.7376885414123535 -0.9375144839286804 0.011583490297198296 0.3477533459663391 110.01043701171875
0.2971171736717224 0.02974092587828636 0.9543777108192444 2.0995023250579834 0.0015011770883575082 0.9994990229606628 -0.03161437064409256 -2.7481272220611572 -0.9548397660255432 0.010825864039361477 0.2969237267971039 110.11355590820312
0.2506072223186493 0.031817302107810974 0.9675658345222473 2.5046048164367676 0.0034232705365866423 0.9994244575500488 -0.033751584589481354 -2.762862205505371 -0.968082845211029 0.011770631186664104 0.2503540515899658 110.18265533447266
0.20938441157341003 0.03150451183319092 0.9773257374763489 2.9262447357177734 0.010621157474815845 0.9993485808372498 -0.03448992595076561 -2.7818078994750977 -0.9777756929397583 0.01760198548436165 0.20891344547271729 110.2315902709961
0.17420680820941925 0.03136175870895386 0.9842095971107483 3.358983039855957 0.019233431667089462 0.9991936683654785 -0.035243574529886246 -2.7950525283813477 -0.9845212697982788 0.025069400668144226 0.17346319556236267 110.27033233642578
0.14356541633605957 0.032754749059677124 0.9890986680984497 3.810410499572754 0.023496421054005623 0.9990575909614563 -0.03649499639868736 -2.8105835914611816 -0.9893618822097778 0.028479699045419693 0.14266052842140198 110.30926513671875
0.11539238691329956 0.03072991967201233 0.9928445816040039 4.285869598388672 0.02195551246404648 0.999198317527771 -0.03347833454608917 -2.835197687149048 -0.993077278137207 0.025661559775471687 0.1146252304315567 110.35404205322266
0.08988161385059357 0.02758447453379631 0.9955703616142273 4.803691387176514 0.015942128375172615 0.9994484782218933 -0.029131202027201653 -2.8492255210876465 -0.9958248734474182 0.018489869311451912 0.08939230442047119 110.40313720703125
0.06634614616632462 0.023549770936369896 0.9975187182426453 5.269233703613281 0.01088632270693779 0.9996448755264282 -0.024324029684066772 -2.87009859085083 -0.9977372884750366 0.01247311383485794 0.066066212952137 110.42601013183594
0.04393025487661362 0.021100657060742378 0.9988117814064026 5.793833255767822 0.015119911171495914 0.9996483325958252 -0.021783342584967613 -2.891186237335205 -0.9989201426506042 0.016058890148997307 0.04359576478600502 110.42979431152344
0.023695047944784164 0.02178916521370411 0.9994816780090332 6.3317084312438965 0.023007310926914215 0.9994857311248779 -0.022334692999720573 -2.911668062210083 -0.9994544386863708 0.023524608463048935 0.023181546479463577 110.41517639160156
0.006455444265156984 0.02431425452232361 0.9996834993362427 6.885865211486816 0.02822555974125862 0.9993016719818115 -0.02448723278939724 -2.930072784423828 -0.9995807409286499 0.028374703601002693 0.0057646529749035835 110.39706420898438
-0.008676670491695404 0.029714785516262054 0.9995207190513611 7.48781681060791 0.027072980999946594 0.9991989731788635 -0.029470203444361687 -2.9495861530303955 -0.9995958209037781 0.026804298162460327 -0.009474191814661026 110.40828704833984
-0.018802708014845848 0.034474484622478485 0.9992286562919617 8.086928367614746 0.026262741535902023 0.9990776777267456 -0.033975083380937576 -2.958167552947998 -0.9994781613349915 0.02560366317629814 -0.019690757617354393 110.38736724853516
-0.02539745904505253 0.03399817273020744 0.9990991353988647 8.708355903625488 0.028332293033599854 0.9990445971488953 -0.03327609971165657 -2.980762481689453 -0.999275803565979 0.027461640536785126 -0.026336440816521645 110.37020111083984
-0.028041113168001175 0.03128008544445038 0.9991172552108765 9.354320526123047 0.03461451083421707 0.99894118309021 -0.030303090810775757 -2.9983012676239014 -0.9990072846412659 0.03373422101140022 -0.029094165191054344 110.34845733642578
-0.0274797473102808 0.0293708685785532 0.9991908073425293 9.996681213378906 0.03559204936027527 0.9989632368087769 -0.028385326266288757 -3.0297412872314453 -0.9989885091781616 0.03478322550654411 -0.028496623039245605 110.32279205322266
-0.025223270058631897 0.029041819274425507 0.9992600083351135 10.694190979003906 0.03452751040458679 0.9990068674087524 -0.02816292829811573 -3.055911064147949 -0.9990854263305664 0.033791594207286835 -0.02620096132159233 110.30766296386719
-0.023683736100792885 0.0295695960521698 0.9992820620536804 11.377824783325195 0.031198319047689438 0.999097466468811 -0.028824707493185997 -3.0793449878692627 -0.9992325901985168 0.030493242666125298 -0.024584880098700523 110.29571533203125
-0.02255510538816452 0.03065376542508602 0.9992754459381104 12.088508605957031 0.030513251200318336 0.9990853071212769 -0.02995919995009899 -3.1021201610565186 -0.9992798566818237 0.029815413057804108 -0.023469818755984306 110.2896957397461
-0.02160852588713169 0.031394150108098984 0.9992734789848328 12.811336517333984 0.0297081395983696 0.9990857839584351 -0.03074582852423191 -3.134162425994873 -0.9993250370025635 0.02902219258248806 -0.022521434351801872 110.27180480957031
-0.0210038460791111 0.03114255517721176 0.9992942214012146 13.559863090515137 0.028946129605174065 0.9991148114204407 -0.030528545379638672 -3.1579575538635254 -0.9993603229522705 0.02828448824584484 -0.021886706352233887 110.26647186279297
