1.0 -1.7610487702768296e-05 -1.4096333870838862e-05 2.512151695555076e-05 1.7610400391276926e-05 1.0 -6.158461474115029e-06 1.0873994142457377e-05 1.4096442100708373e-05 6.158213182061445e-06 1.0 1.567398840052192e-06
0.9999973177909851 0.0010241717100143433 0.002061025472357869 -0.009503353387117386 -0.0010219510877504945 0.9999988675117493 -0.0010782304452732205 -0.016854342073202133 -0.002062127459794283 0.001076121348887682 0.9999972581863403 1.2060083150863647
0.9999892711639404 0.0017514037899672985 0.004284856375306845 -0.02500671148300171 -0.0017507559387013316 0.9999984502792358 -0.00015496028936468065 -0.04696730151772499 -0.0042851208709180355 0.00014745676890015602 0.9999908208847046 2.4077939987182617
0.9999834895133972 0.0013879508478567004 0.00559404119849205 -0.026952330023050308 -0.0013887238455936313 0.9999990463256836 0.0001342788600595668 -0.06497225165367126 -0.005593849346041679 -0.0001420452754246071 0.9999842643737793 3.604740858078003
0.999977171421051 0.0012740481179207563 0.0066345492377877235 -0.025102488696575165 -0.0012741603422909975 0.9999992251396179 1.271016662940383e-05 -0.08442045003175735 -0.006634529214352369 -2.1163396013434976e-05 0.9999779462814331 4.804311752319336
0.9999724626541138 0.0008554956875741482 0.0073688277043402195 -0.021248187869787216 -0.00085775728803128 0.9999995827674866 0.00030375763890333474 -0.10696180164813995 -0.007368565537035465 -0.0003100699686910957 0.9999728202819824 5.997809886932373
0.9999674558639526 0.0011314719449728727 0.007980815134942532 -0.013641390949487686 -0.0011257638689130545 0.9999991059303284 -0.000719692965503782 -0.12740342319011688 -0.007981622591614723 0.0007106850389391184 0.9999679923057556 7.19654655456543
0.999957799911499 0.0011616420233622193 0.00910352636128664 -0.014108739793300629 -0.001155457110144198 0.9999990463256836 -0.0006846325122751296 -0.1532995104789734 -0.009104312397539616 0.0006740851094946265 0.999958336353302 8.384946823120117
0.9999564290046692 0.0010911020217463374 0.00926228053867817 -0.008368879556655884 -0.0010992202442139387 0.999998927116394 0.0008714341092854738 -0.1757756620645523 -0.009261319413781166 -0.0008815774344839156 0.9999567270278931 9.583915710449219
0.9999684691429138 0.00026315863942727447 0.007929276674985886 -0.004404202103614807 -0.00027897575637325644 0.9999979734420776 0.0019937450997531414 -0.19875705242156982 -0.007928736507892609 -0.001995894592255354 0.9999666213989258 10.775444984436035
0.9999839663505554 -0.0011231788666918874 0.005552599206566811 -0.004752762615680695 0.0011148506309837103 0.9999982118606567 0.0015026692999526858 -0.2211403250694275 -0.005554277915507555 -0.0014964549336582422 0.9999833703041077 11.979952812194824
0.999992847442627 -0.0008267438388429582 0.0036972416564822197 -0.009926944971084595 0.0008231521933339536 0.9999991655349731 0.00097291060956195 -0.23729920387268066 -0.00369804329238832 -0.0009698601788841188 0.9999926686286926 13.174446105957031
0.9999967813491821 -0.0006226434488780797 0.0024511998053640127 -0.011453494429588318 0.0006199659546837211 0.9999992251396179 0.0010929919080808759 -0.2645139694213867 -0.00245187827385962 -0.0010914687300100923 0.9999964237213135 14.374726295471191
0.9999980926513672 0.0010680115083232522 0.001675318693742156 -0.018760627135634422 -0.0010695754317566752 0.9999990463256836 0.0009327908046543598 -0.28379714488983154 -0.0016743206651881337 -0.0009345808648504317 0.999998152256012 15.574427604675293
0.9999987483024597 0.0007595978677272797 0.0013546277768909931 -0.023373516276478767 -0.0007608838495798409 0.9999992847442627 0.0009490951197221875 -0.30271482467651367 -0.0013539056526497006 -0.0009501246968284249 0.9999986290931702 16.775962829589844
0.9999997019767761 0.00018584841745905578 0.000732571876142174 -0.028782056644558907 -0.00018698246276471764 0.9999988079071045 0.0015483149327337742 -0.32378730177879333 -0.0007322831661440432 -0.001548451604321599 0.9999985694885254 17.976659774780273
0.9999997615814209 -0.0007441306952387094 3.462238237261772e-05 -0.027919799089431763 0.0007440700428560376 0.9999982714653015 0.0017164454329758883 -0.34039920568466187 -3.5899458453059196e-05 -0.0017164191231131554 0.9999985098838806 19.168277740478516
1.0 2.6255593184032477e-05 -0.0004999575321562588 -0.0339096337556839 -2.5931247364496812e-05 0.9999997615814209 0.0006487370119430125 -0.3632766306400299 0.0004999745870009065 -0.0006487240316346288 0.9999995827674866 20.372400283813477
0.9999992847442627 -0.00046380708226934075 -0.0011418536305427551 -0.03768724203109741 0.0004637592355720699 0.9999998211860657 -4.211458144709468e-05 -0.384571373462677 0.001141872489824891 4.158512456342578e-05 0.9999992847442627 21.568950653076172
0.9999984502792358 0.00012207721010781825 -0.0017314581200480461 -0.05135530233383179 -0.00012105109635740519 0.9999997615814209 0.0005927223828621209 -0.40922462940216064 0.0017315305303782225 -0.0005925118457525969 0.9999983310699463 22.778284072875977
0.9999979138374329 -0.00044552661711350083 -0.0019946794491261244 -0.07126884162425995 0.000446306454250589 0.9999998211860657 0.00039060323615558445 -0.4277295172214508 0.0019945050589740276 -0.0003914926783181727 0.9999979138374329 23.979106903076172
0.9999939203262329 -0.0008090439951047301 -0.0033982633613049984 -0.06961224973201752 0.0008091054623946548 0.9999996423721313 1.6621468603261746e-05 -0.459398090839386 0.003398248692974448 -1.9371034795767628e-05 0.9999942183494568 25.15668296813965
0.9999899864196777 -2.3797434550942853e-05 -0.004477772396057844 -0.08249548822641373 2.676872827578336e-05 0.9999998211860657 0.0006634769961237907 -0.4773065447807312 0.004477755166590214 -0.0006635902100242674 0.9999897480010986 26.35662078857422
0.9999855756759644 -0.001999607076868415 -0.004979895427823067 -0.09297646582126617 0.0020113824866712093 0.9999951720237732 0.0023606382310390472 -0.49820274114608765 0.0049751512706279755 -0.002370620844885707 0.9999848008155823 27.556005477905273
0.9999805092811584 -0.0017477537039667368 -0.005985011346638203 -0.1019492894411087 0.0017611775547266006 0.9999959468841553 0.002238453133031726 -0.5124449729919434 0.005981074180454016 -0.002248950069770217 0.999979555606842 28.75120735168457
0.9999755024909973 -0.002490264130756259 -0.006542654242366552 -0.1207006424665451 0.0025018886663019657 0.9999952912330627 0.0017690769163891673 -0.5383815765380859 0.006538218352943659 -0.0017854025354608893 0.9999770522117615 29.947851181030273
0.99996417760849 -0.002991254208609462 -0.007912756875157356 -0.12665827572345734 0.002998128766193986 0.9999951124191284 0.0008571235230192542 -0.5587063431739807 0.007910153828561306 -0.0008808161364868283 0.999968409538269 31.145645141601562
0.9999639987945557 -0.002353450981900096 -0.008144511841237545 -0.15141743421554565 0.00236185803078115 0.9999966025352478 0.0010227733291685581 -0.5777736902236938 0.008142078295350075 -0.001041972660459578 0.9999663233757019 32.341495513916016
0.9999573230743408 -0.0027512535452842712 -0.008818102069199085 -0.16282114386558533 0.0027633379213511944 0.9999951720237732 0.0013585042906925082 -0.5965466499328613 0.008814320899546146 -0.0013828135561197996 0.99996018409729 33.538841247558594
0.9999492168426514 -0.003479108214378357 -0.00945237185806036 -0.1777549684047699 0.0034943674691021442 0.9999925494194031 0.0015983114717528224 -0.6186135411262512 0.00944674015045166 -0.001631260383874178 0.9999540448188782 34.726600646972656
0.9999452233314514 -0.0037574812304228544 -0.009767020121216774 -0.2001548409461975 0.0037740892730653286 0.9999914765357971 0.0016825331840664148 -0.6387351155281067 0.009760616347193718 -0.0017193026142194867 0.9999508857727051 35.943180084228516
0.9999427795410156 -0.0035171285271644592 -0.010098643600940704 -0.22011208534240723 0.0035326757933944464 0.9999925494194031 0.0015220721252262592 -0.6558077335357666 0.010093215852975845 -0.001557660405524075 0.9999478459358215 37.148799896240234
0.999937891960144 -0.004712632857263088 -0.010093634016811848 -0.24125604331493378 0.0047376942820847034 0.9999857544898987 0.0024603779893368483 -0.6832109093666077 0.010081893764436245 -0.0025080458726733923 0.9999460577964783 38.32561492919922
0.9999362826347351 -0.004593255463987589 -0.010307819582521915 -0.2486463189125061 0.0046317134983837605 0.9999823570251465 0.0037101884372532368 -0.6978178024291992 0.010290594771504402 -0.0037576952017843723 0.999940037727356 39.5261344909668
0.9999372363090515 -0.0042012399062514305 -0.010383566841483116 -0.2670108675956726 0.004249482415616512 0.9999802708625793 0.00462829414755106 -0.7201340198516846 0.010363916866481304 -0.0046721287071704865 0.9999353885650635 40.71819305419922
0.9999424815177917 -0.0033839319366961718 -0.010176739655435085 -0.2862818241119385 0.00342342141084373 0.9999865889549255 0.003865373320877552 -0.7302060127258301 0.010163522325456142 -0.0038999896496534348 0.9999407529830933 41.91224670410156
0.9999470114707947 -0.002504174131900072 -0.009982461109757423 -0.3046426773071289 0.002540766028687358 0.9999901056289673 0.0036546392366290092 -0.7425757050514221 0.009973209351301193 -0.003679809160530567 0.9999434947967529 43.10834503173828
0.9999545812606812 -0.0001273524248972535 -0.009525828063488007 -0.32250964641571045 0.00018341251416131854 0.9999826550483704 0.005884367972612381 -0.760869026184082 0.009524914436042309 -0.00588584877550602 0.9999372959136963 44.32834243774414
0.9999696016311646 2.6504355901124654e-06 -0.007796728052198887 -0.3402522802352905 6.851978105260059e-05 0.999958336353302 0.009127967990934849 -0.7805911898612976 0.007796427700668573 -0.009128225035965443 0.9999279379844666 45.52263259887695
0.999983549118042 0.00044874672312289476 -0.0057123806327581406 -0.36223042011260986 -0.00038100144593045115 0.999929666519165 0.011854950338602066 -0.7886148691177368 0.00571729801595211 -0.01185258012264967 0.9999133944511414 46.720306396484375
0.9999887347221375 0.0013413903070613742 -0.0045456597581505775 -0.361958384513855 -0.001271521206945181 0.9998814463615417 0.015338713303208351 -0.7938792705535889 0.004565697629004717 -0.015332761220633984 0.9998720288276672 47.92134094238281
0.9999971389770508 0.000370139314327389 -0.002352136420086026 -0.39160412549972534 -0.00033151914249174297 0.9998654127120972 0.0163984764367342 -0.7959853410720825 0.0023578896652907133 -0.016397647559642792 0.999862790107727 49.13720703125
0.9999984502792358 -0.0015485357725992799 -0.0007966909324750304 -0.3967970311641693 0.001560330274514854 0.9998859167098999 0.015023353509604931 -0.7988236546516418 0.0007733366219326854 -0.015024571679532528 0.9998868107795715 50.351776123046875
0.9999997615814209 -0.0004145479470025748 0.00018838210962712765 -0.39899134635925293 0.0004119965306017548 0.999910831451416 0.013348515145480633 -0.8041043877601624 -0.0001938994973897934 -0.013348432257771492 0.9999108910560608 51.54976272583008
0.9999991059303284 -0.0004277214757166803 0.0012877375120297074 -0.4112570285797119 0.00041125601273961365 0.9999186396598816 0.012759263627231121 -0.8066104650497437 -0.0012930897064507008 -0.012758725322782993 0.9999176859855652 52.73332595825195
0.9999986886978149 -0.0008114766096696258 0.0014497089432552457 -0.41630756855010986 0.0007940493524074554 0.9999279379844666 0.011981639079749584 -0.8078598380088806 -0.0014593274099752307 -0.011980472132563591 0.9999271631240845 53.937068939208984
0.9999986290931702 -0.0013061797944828868 0.0009699911461211741 -0.4275040030479431 0.0012952645774930716 0.9999366998672485 0.011170101352036 -0.8153289556503296 -0.0009845199529081583 -0.01116883009672165 0.9999370574951172 55.14927291870117
0.9999992847442627 -0.0009356148075312376 -0.0005950652412138879 -0.4345010817050934 0.0009426202159374952 0.999928891658783 0.011883025988936424 -0.8202723860740662 0.0005839051445946097 -0.011883581057190895 0.9999291896820068 56.36421203613281
0.9999975562095642 -0.0012413730146363378 -0.0018358426168560982 -0.44564884901046753 0.0012644609669223428 0.9999194741249084 0.012629402801394463 -0.8250275254249573 0.0018200170015916228 -0.012631694786250591 0.999918520450592 57.56050491333008
0.9999943375587463 -0.0019329632632434368 -0.00274217058904469 -0.45444196462631226 0.0019687714520841837 0.9999120235443115 0.013116247020661831 -0.8338009715080261 0.0027165766805410385 -0.013121571391820908 0.9999102354049683 58.768890380859375
0.9999926686286926 -0.0005848680157214403 -0.0037888819351792336 -0.4631538987159729 0.0006348706083372235 0.9999125599861145 0.013209487311542034 -0.8436977863311768 0.0037808266934007406 -0.013211797922849655 0.9999055862426758 59.963905334472656
0.9999899864196777 -2.452353510307148e-05 -0.004488605540245771 -0.4735668897628784 8.220723975682631e-05 0.9999173879623413 0.012851417995989323 -0.8460423946380615 0.004487920552492142 -0.012851658277213573 0.999907374382019 61.16840744018555
0.9999889135360718 -0.0014608518686145544 -0.0044583543203771114 -0.4850122928619385 0.0015163400676101446 0.9999211430549622 0.012468005530536175 -0.8542325496673584 0.004439789801836014 -0.012474626302719116 0.9999123215675354 62.36288070678711
0.9999854564666748 -0.0024174111895263195 -0.004815571941435337 -0.4941125214099884 0.0024738959036767483 0.999927818775177 0.011758224107325077 -0.8625895977020264 0.004786800593137741 -0.011769966222345829 0.9999192953109741 63.57159423828125
0.9999827742576599 -0.0029328898526728153 -0.0050819083116948605 -0.5044061541557312 0.002998974407091737 0.9999103546142578 0.013045577332377434 -0.8747080564498901 0.005043190438300371 -0.01306059304624796 0.9999019503593445 64.76138305664062
0.9999836683273315 -0.002862124238163233 -0.004932664800435305 -0.5219665765762329 0.002932766918092966 0.9998923540115356 0.01437439490109682 -0.8749141097068787 0.004890992771834135 -0.014388627372682095 0.9998845458030701 65.95958709716797
0.9999816417694092 -0.002722387434914708 -0.005406794138252735 -0.5331805348396301 0.0027922121807932854 0.9999122023582458 0.012948885560035706 -0.8873340487480164 0.0053710672073066235 -0.012963742949068546 0.999901533126831 67.1584243774414
0.9999873638153076 -0.000826940406113863 -0.004950215574353933 -0.5530387759208679 0.0008853704202920198 0.9999298453330994 0.011812909506261349 -0.893330454826355 0.004940098617225885 -0.011817144230008125 0.9999179840087891 68.35600280761719
0.9999851584434509 0.0012384536676108837 -0.00529183354228735 -0.5619490742683411 -0.0011743378126993775 0.9999260902404785 0.012101953849196434 -0.9003292918205261 0.00530643155798316 -0.01209555845707655 0.9999127388000488 69.55143737792969
0.9999821782112122 0.003327335696667433 -0.004980001132935286 -0.5788657069206238 -0.003265413688495755 0.9999179244041443 0.012390943244099617 -0.9063716530799866 0.005020821467041969 -0.012374458834528923 0.9999107718467712 70.74442291259766
0.9999773502349854 0.004635406658053398 -0.004862021189182997 -0.5945999622344971 -0.0045726969838142395 0.9999072551727295 0.012830561026930809 -0.9144313335418701 0.004921045154333115 -0.012808037921786308 0.9999058246612549 71.94733428955078
0.9999786019325256 0.005379820242524147 -0.0037269715685397387 -0.6071330308914185 -0.005327280610799789 0.9998882412910461 0.013966496102511883 -0.921478271484375 0.003801691345870495 -0.01394634135067463 0.9998955130577087 73.1419906616211
0.9999740123748779 0.0068282498978078365 -0.0023234253749251366 -0.6102715134620667 -0.006794168148189783 0.9998736381530762 0.014373743906617165 -0.9236607551574707 0.002421279437839985 -0.014357585459947586 0.9998940229415894 74.33634185791016
0.9999828338623047 0.005815877579152584 0.0007226497400552034 -0.6165603399276733 -0.005824323743581772 0.9999074339866638 0.012293584644794464 -0.9316695332527161 -0.0006510848761536181 -0.012297584675252438 0.9999241232872009 75.51841735839844
0.9999903440475464 0.0032257423736155033 0.002983624581247568 -0.6150776147842407 -0.0032468794379383326 0.999969482421875 0.007107083220034838 -0.9381741285324097 -0.0029606071766465902 -0.007116702850908041 0.9999702572822571 76.69337463378906
0.9999725222587585 0.004275448154658079 0.006049606949090958 -0.6168617010116577 -0.004316422622650862 0.9999678134918213 0.0067764949053525925 -0.9490517377853394 -0.006020438391715288 -0.0068024215288460255 0.9999587535858154 77.87262725830078
0.9999603629112244 0.003017973620444536 0.008375064469873905 -0.6079260110855103 -0.003104811068624258 0.9999412894248962 0.010375029407441616 -0.9608191251754761 -0.008343260735273361 -0.01040062215179205 0.9999111294746399 79.0567855834961
0.9999223351478577 0.0036122282035648823 0.011928251013159752 -0.5987072587013245 -0.0037514378782361746 0.999924898147583 0.011668912135064602 -0.970220148563385 -0.011885205283761024 -0.011712752282619476 0.9998607039451599 80.23214721679688
0.99986732006073 0.00351095967926085 0.01590615138411522 -0.5856951475143433 -0.003669596277177334 0.9999438524246216 0.00995513703674078 -0.9785474538803101 -0.01587030477821827 -0.010012186132371426 0.9998239278793335 81.40048217773438
0.9998013973236084 0.002341487677767873 0.019790450111031532 -0.5720573663711548 -0.002481175819411874 0.9999721050262451 0.007036739028990269 -0.9909288883209229 -0.01977342553436756 -0.007084446493536234 0.9997793436050415 82.56165313720703
0.9997338652610779 0.0010776050621643662 0.02304057404398918 -0.5472558736801147 -0.0011598090641200542 0.9999929666519165 0.003554726717993617 -1.0039782524108887 -0.02303658239543438 -0.003580504097044468 0.9997281432151794 83.7237548828125
0.9996403455734253 0.0006118086166679859 0.026809561997652054 -0.5229341983795166 -0.0006864779279567301 0.9999958872795105 0.002776064909994602 -1.0207830667495728 -0.0268077589571476 -0.002793470863252878 0.999636709690094 84.87642669677734
0.9995461702346802 0.00041038679773919284 0.030120661482214928 -0.4892394542694092 -0.0005414449260570109 0.9999904036521912 0.004343085922300816 -1.0389044284820557 -0.030118592083454132 -0.004357423633337021 0.9995368123054504 86.0453872680664
0.9994173049926758 0.0016550520667806268 0.034093670547008514 -0.4646313190460205 -0.0018272416200488806 0.9999857544898987 0.005019946955144405 -1.059885025024414 -0.034084878861904144 -0.005079319700598717 0.9994059801101685 87.20795440673828
0.9992800951004028 0.000992689747363329 0.03792564570903778 -0.4224228858947754 -0.0010915460297837853 0.9999960660934448 0.0025859633460640907 -1.0720875263214111 -0.0379229299724102 -0.0026254989206790924 0.9992771744728088 88.35981750488281
0.9991516470909119 0.0008903038688004017 0.04117238149046898 -0.3793976306915283 -0.0009112095576710999 0.9999995231628418 0.0004890018608421087 -1.090956687927246 -0.04117191582918167 -0.0005261038895696402 0.9991519451141357 89.5075912475586
0.9990158677101135 0.0011117676040157676 0.04433880373835564 -0.3316192626953125 -0.001111027435399592 0.9999994039535522 -4.133450784138404e-05 -1.1063756942749023 -0.04433881863951683 -7.967799319885671e-06 0.999016523361206 90.67695617675781
0.9988756775856018 0.00026722991606220603 0.04740450531244278 -0.28216981887817383 -0.0003153927391394973 0.999999463558197 0.0010085144313052297 -1.1224669218063354 -0.0474042072892189 -0.001022331533022225 0.9988752603530884 91.83390045166016
0.9987508654594421 -0.0009756195941008627 0.0499575212597847 -0.22540760040283203 0.0008506062440574169 0.9999964833259583 0.002523582661524415 -1.1404000520706177 -0.04995981603860855 -0.002477936213836074 0.9987481832504272 93.00008392333984
0.9986111521720886 -0.001727476017549634 0.052657660096883774 -0.16820144653320312 0.001499972422607243 0.99998939037323 0.004359636455774307 -1.1563520431518555 -0.052664633840322495 -0.004274596460163593 0.998603105545044 94.15998077392578
0.9984829425811768 -0.0032784142531454563 0.05496349185705185 -0.10262346267700195 0.00299462559632957 0.9999818205833435 0.005244786385446787 -1.1692601442337036 -0.054979681968688965 -0.0050722346641123295 0.9984745979309082 95.32295227050781
0.9983396530151367 -0.0041050538420677185 0.05745406448841095 -0.04356718063354492 0.003936722408980131 0.9999875426292419 0.0030427174642682076 -1.1860785484313965 -0.057465847581624985 -0.0028114847373217344 0.9983435273170471 96.4783706665039
0.9982113838195801 -0.005577646195888519 0.05952189490199089 0.02779388427734375 0.005622576456516981 0.9999840259552002 -0.0005873935297131538 -1.2020386457443237 -0.059517666697502136 0.000921009574085474 0.9982268810272217 97.63117980957031
0.9980801343917847 -0.004871014039963484 0.06174285709857941 0.08990669250488281 0.005088871344923973 0.9999813437461853 -0.003371709492057562 -1.2201106548309326 -0.061725277453660965 0.003679438028484583 0.9980863928794861 98.79588317871094
0.9979692101478577 -0.004872184246778488 0.0635109692811966 0.16028690338134766 0.005161132197827101 0.9999769926071167 -0.004386324435472488 -1.2378628253936768 -0.06348814070224762 0.00470520555973053 0.9979714751243591 99.97623443603516
0.997952401638031 -0.0046257516369223595 0.06379316002130508 0.22767925262451172 0.004866868257522583 0.9999815821647644 -0.0036247861571609974 -1.2596031427383423 -0.06377521902322769 0.003927837125957012 0.9979565739631653 101.14905548095703
0.9980097413063049 -0.004788020625710487 0.06287792325019836 0.3008689880371094 0.0049026948399841785 0.9999865889549255 -0.0016696033999323845 -1.2831103801727295 -0.06286907941102982 0.0019745517056435347 0.9980198740959167 102.33319854736328
0.9980692863464355 -0.004946807865053415 0.06191302090883255 0.3608994483947754 0.004982450511306524 0.9999874830245972 -0.0004212972999084741 -1.30000638961792 -0.06191016361117363 0.0007289626519195735 0.9980814456939697 103.52455139160156
0.9982048273086548 -0.004625321831554174 0.05971324071288109 0.430147647857666 0.004616827238351107 0.9999892711639404 0.0002802324015647173 -1.3153740167617798 -0.059713900089263916 -4.04351158067584e-06 0.9982154965400696 104.71710968017578
0.9983590841293335 -0.0044281138107180595 0.057091355323791504 0.49201393127441406 0.0043855272233486176 0.999989926815033 0.0008712225826457143 -1.335049033164978 -0.05709464102983475 -0.0006194172892719507 0.9983685612678528 105.90699768066406
0.9985133409500122 -0.0037631867453455925 0.05437764152884483 0.5489726066589355 0.003718081396073103 0.9999926090240479 0.0009306221618317068 -1.3559948205947876 -0.05438074842095375 -0.0007270581554621458 0.9985199570655823 107.1233901977539
0.9987109899520874 -0.002299634041264653 0.0507049523293972 0.5987439155578613 0.0022911326959729195 0.9999973177909851 0.00022577476920560002 -1.367563247680664 -0.05070533975958824 -0.00010931200813502073 0.9987136125564575 108.32886505126953
0.9989096522331238 -0.0020689242519438267 0.04663838818669319 0.6509833335876465 0.0020361344795674086 0.999997615814209 0.0007505526300519705 -1.384933352470398 -0.0466398224234581 -0.0006547722150571644 0.9989115595817566 109.53536987304688
0.999103307723999 -0.001679840381257236 0.04230406507849693 0.7058196067810059 0.0016036622691899538 0.9999969005584717 0.0018346052384003997 -1.4032163619995117 -0.042307015508413315 -0.0017651186790317297 0.9991031289100647 110.7625961303711
0.9992672801017761 -0.0011265557259321213 0.03825799375772476 0.7385187149047852 0.0010270235361531377 0.9999960660934448 0.0026211657095700502 -1.4205572605133057 -0.03826078772544861 -0.002579953521490097 0.9992644786834717 111.96709442138672
0.9994257092475891 -0.0009756829822435975 0.033872202038764954 0.7749543190002441 0.0008703425992280245 0.9999947547912598 0.0031245413701981306 -1.4346554279327393 -0.033875077962875366 -0.0030932666268199682 0.999421238899231 113.19276428222656
0.9995850920677185 -0.000343906634952873 0.028802933171391487 0.8070895671844482 0.0002497693058103323 0.9999945759773254 0.0032718591392040253 -1.4492443799972534 -0.028803909197449684 -0.0032633072696626186 0.9995797276496887 114.40953826904297
0.9997111558914185 0.00018404467846266925 0.024028221145272255 0.8284919261932373 -0.00026153933140449226 0.999994695186615 0.0032220548018813133 -1.468234658241272 -0.024027502164244652 -0.0032274085097014904 0.9997060894966125 115.64793395996094
0.9998169541358948 0.0006075978162698448 0.01912335678935051 0.8415477275848389 -0.0006639516213908792 0.9999954104423523 0.002940654754638672 -1.482032299041748 -0.019121482968330383 -0.002952813170850277 0.9998127818107605 116.86904907226562
0.9998942017555237 0.0017305881483480334 0.014443928375840187 0.8542577624320984 -0.0017620696453377604 0.9999961256980896 0.0021671217400580645 -1.5002717971801758 -0.014440122060477734 -0.002192343585193157 0.999893307685852 118.10384368896484
0.9999324679374695 0.0036856834776699543 0.011021583341062069 0.8598508834838867 -0.0037094017025083303 0.9999908208847046 0.002132313558831811 -1.517238736152649 -0.011013624258339405 -0.002173053100705147 0.9999369978904724 119.34210205078125
0.9999472498893738 0.00538784172385931 0.008748030290007591 0.8617693185806274 -0.005409199744462967 0.9999824166297913 0.002419683849439025 -1.5367965698242188 -0.008734839968383312 -0.0024668758269399405 0.9999588131904602 120.56343078613281
0.99994295835495 0.007048886734992266 0.008026095107197762 0.8595457673072815 -0.007064759265631437 0.9999731183052063 0.0019509649137035012 -1.554856538772583 -0.008012127131223679 -0.0020075561478734016 0.9999659061431885 121.82904815673828
0.9999335408210754 0.009212305769324303 0.006932149641215801 0.8622331619262695 -0.009227840229868889 0.9999549984931946 0.002212641993537545 -1.5699539184570312 -0.006911454256623983 -0.0022764636669307947 0.9999735355377197 123.0733871459961
0.9999278783798218 0.010469743981957436 0.005884181708097458 0.8604913949966431 -0.010487348772585392 0.9999405145645142 0.0029691492673009634 -1.5859311819076538 -0.005852746311575174 -0.0030306444969028234 0.9999783039093018 124.31741333007812
0.9999349117279053 0.010057198815047741 0.005378562491387129 0.8585357666015625 -0.010075267404317856 0.9999436140060425 0.0033428724855184555 -1.5990819931030273 -0.005344639532268047 -0.0033968461211770773 0.9999799728393555 125.56427001953125
0.9998931288719177 0.01391372550278902 0.004482807591557503 0.8534222841262817 -0.013937828131020069 0.9998882412910461 0.005391191691160202 -1.6156896352767944 -0.00440729595720768 -0.005453096237033606 0.9999753832817078 126.8155288696289
0.9998793601989746 0.015081675723195076 0.00371323199942708 0.8480101823806763 -0.015113309025764465 0.9998483657836914 0.008643764071166515 -1.6280369758605957 -0.00358230690471828 -0.008698840625584126 0.9999557733535767 128.06863403320312
0.999897837638855 0.01395178772509098 0.0030914011877030134 0.8492780923843384 -0.013976192101836205 0.9998701214790344 0.008018339984118938 -1.6388498544692993 -0.002979128621518612 -0.008060727268457413 0.999963104724884 129.328857421875
0.9999042749404907 0.013571126386523247 0.0026929080486297607 0.8497066497802734 -0.013588842935860157 0.9998853802680969 0.00667356513440609 -1.6474997997283936 -0.00260203261859715 -0.006709520239382982 0.9999741315841675 130.5883331298828
0.9999362230300903 0.011017824523150921 0.0025048840325325727 0.8442507982254028 -0.011036577634513378 0.9999101758003235 0.007599465548992157 -1.655103087425232 -0.0024209304247051477 -0.0076266261748969555 0.9999680519104004 131.84341430664062
0.9999595284461975 0.008865369483828545 0.0015404673758894205 0.8428853154182434 -0.008879764005541801 0.9999144077301025 0.00960233062505722 -1.6677546501159668 -0.0014552073553204536 -0.009615623392164707 0.9999527335166931 133.11544799804688
0.999984860420227 0.005409810692071915 0.0010201837867498398 0.8452752232551575 -0.0054211849346756935 0.9999192357063293 0.011496790684759617 -1.6756502389907837 -0.0009579058969393373 -0.011502147652208805 0.9999333620071411 134.38034057617188
0.9999943375587463 0.003356735222041607 0.0002377689233981073 0.8478018045425415 -0.003359490307047963 0.9999134540557861 0.012727940455079079 -1.68326735496521 -0.00019502430222928524 -0.012728668749332428 0.9999189376831055 135.646728515625
0.9999991059303284 -0.0008593514212407172 0.0009420579299330711 0.8440439105033875 0.000849136442411691 0.9999414086341858 0.010790657252073288 -1.6877695322036743 -0.0009512756951153278 -0.010789849795401096 0.9999412894248962 136.9141845703125
0.9999943971633911 -0.003176405793055892 0.0010421194601804018 0.8418002128601074 0.0031661121174693108 0.9999476075172424 0.009735386818647385 -1.6929216384887695 -0.0010729876812547445 -0.00973203219473362 0.9999520182609558 138.18661499023438
0.9999881386756897 -0.0046661715023219585 0.0013026152737438679 0.8388373255729675 0.004653739742934704 0.9999451041221619 0.009388372302055359 -1.702064871788025 -0.0013463511131703854 -0.009382199496030807 0.9999550580978394 139.45169067382812
0.999988853931427 -0.004467662423849106 0.0015935905976220965 0.8443301916122437 0.00445186160504818 0.9999422430992126 0.009785029105842113 -1.7067025899887085 -0.0016372159589082003 -0.009777824394404888 0.9999507665634155 140.74688720703125
0.9999897480010986 -0.004028233699500561 0.00207931874319911 0.8397443294525146 0.004003704525530338 0.9999239444732666 0.011669349856674671 -1.7136999368667603 -0.0021261677611619234 -0.011660905554890633 0.9999297261238098 142.02081298828125
0.999994695186615 -0.0019125844119116664 0.0026393230073153973 0.8402317762374878 0.001876908470876515 0.9999077320098877 0.013454184867441654 -1.7237958908081055 -0.0026648116763681173 -0.013449158519506454 0.9999060034751892 143.3138885498047
0.9999927878379822 -0.0021070244256407022 0.003155853133648634 0.8400048613548279 0.002070545917376876 0.9999315738677979 0.011517912149429321 -1.7272597551345825 -0.0031799054704606533 -0.011511296033859253 0.9999286532402039 144.59136962890625
0.9999914765357971 -0.0015824537258595228 0.003818240948021412 0.8332193493843079 0.0015442495932802558 0.9999488592147827 0.009987873025238514 -1.7393485307693481 -0.0038338513113558292 -0.009981893002986908 0.9999427795410156 145.86883544921875
0.9999902844429016 -0.0016048434190452099 0.00410213740542531 0.8371050357818604 0.0015737151261419058 0.9999699592590332 0.00758020207285881 -1.7497940063476562 -0.004114178940653801 -0.007573670707643032 0.9999628663063049 147.1401824951172
0.9999834895133972 -0.002759805880486965 0.005058166570961475 0.8285622000694275 0.002742771990597248 0.9999905228614807 0.003371543250977993 -1.7647614479064941 -0.005067423917353153 -0.0033576134592294693 0.9999815225601196 148.40609741210938
0.9999823570251465 -0.0024424130097031593 0.005410227458924055 0.8318273425102234 0.002442914992570877 0.9999970197677612 -8.607884956290945e-05 -1.784767985343933 -0.0054100011475384235 9.929405496222898e-05 0.9999853372573853 149.6808319091797
0.9999811053276062 -0.003106519812718034 0.0052994731813669205 0.8371402025222778 0.003113284707069397 0.9999943375587463 -0.0012687410926446319 -1.8020954132080078 -0.005295501556247473 0.0012852158397436142 0.9999850988388062 150.9548797607422
0.9999788999557495 -0.003228470217436552 0.005636111367493868 0.8347294926643372 0.0032346874941140413 0.9999940991401672 -0.0010944001842290163 -1.8254578113555908 -0.005632545333355665 0.0011126080062240362 0.9999834895133972 152.224853515625
0.9999827146530151 -0.0023714967537671328 0.005376296117901802 0.8358969688415527 0.002373974770307541 0.9999971389770508 -0.0004546591662801802 -1.8499079942703247 -0.005375201813876629 0.0004674145020544529 0.9999854564666748 153.48744201660156
0.9999842643737793 -0.001815253053791821 0.005303718149662018 0.8359511494636536 0.0018129657255485654 0.9999982118606567 0.00043610052671283484 -1.8673306703567505 -0.005304500460624695 -0.00042647807276807725 0.9999858140945435 154.74342346191406
0.9999873638153076 -0.0013072574511170387 0.00486284913495183 0.837405800819397 0.0013008691603317857 0.9999983906745911 0.0013164618285372853 -1.891555905342102 -0.004864562302827835 -0.0013101191725581884 0.9999872446060181 156.012451171875
0.9999890923500061 -0.0014983911532908678 0.0044304560869932175 0.837297797203064 0.001495939097367227 0.9999987483024597 0.0005567808984778821 -1.9070987701416016 -0.004431284964084625 -0.0005501468549482524 0.9999900460243225 157.2745361328125
0.9999908208847046 -0.0011332688154652715 0.0041367425583302975 0.829200267791748 0.0011307490058243275 0.9999991059303284 0.0006114343996159732 -1.9248334169387817 -0.004137431737035513 -0.0006067509530112147 0.9999912977218628 158.53988647460938
0.9999940395355225 -0.0015477786073461175 0.003081310773268342 0.8366364240646362 0.0015416634269058704 0.9999968409538269 0.0019857538864016533 -1.9477059841156006 -0.0030843736603856087 -0.001980992266908288 0.9999932646751404 159.82237243652344
0.9999954700469971 -0.00042639553430490196 0.002962931990623474 0.8235101699829102 0.0004192594496998936 0.9999970197677612 0.0024086544290184975 -1.9674768447875977 -0.002963950391858816 -0.002407402265816927 0.9999927282333374 161.0691680908203
0.9999982118606567 -4.741047814604826e-05 0.001890202984213829 0.8293315172195435 4.52475760539528e-05 0.9999993443489075 0.0011446186108514667 -1.9860990047454834 -0.0018902560696005821 -0.0011445312993600965 0.9999975562095642 162.35240173339844
0.9999993443489075 0.00018123819609172642 0.0011405048426240683 0.8242155313491821 -0.0001815917930798605 0.9999998807907104 0.0003097844892181456 -2.0115408897399902 -0.0011404482647776604 -0.0003099914756603539 0.9999993443489075 163.61813354492188
0.9999991059303284 0.001053318497724831 0.0007139414083212614 0.8175396919250488 -0.0010536009212955832 0.9999993443489075 0.00039605345227755606 -2.037274122238159 -0.0007135237101465464 -0.0003968054661527276 0.9999996423721313 164.8850555419922
0.9999995827674866 0.0008083673310466111 -4.1124236304312944e-05 0.8078854084014893 -0.0008083851425908506 0.9999995231628418 -0.000434072979260236 -2.059000015258789 4.077400080859661e-05 0.00043410598300397396 0.9999998807907104 166.15968322753906
0.9999991655349731 0.001192323281429708 -0.0005726634990423918 0.7957870960235596 -0.0011932795168831944 0.9999979138374329 -0.0016722939908504486 -2.0797042846679688 0.0005706688389182091 0.0016729759518057108 0.9999984502792358 167.43959045410156
0.9999976754188538 0.0016051657730713487 -0.0014111007330939174 0.7944611310958862 -0.0016071608988568187 0.9999977350234985 -0.0014141406863927841 -2.0987801551818848 0.0014088274911046028 0.0014164051972329617 0.9999980330467224 168.6990966796875
0.9999960064888 0.001877696136943996 -0.002136991359293461 0.7858240604400635 -0.0018777396762743592 0.9999983310699463 -1.8521095626056194e-05 -2.1227049827575684 0.0021369531750679016 2.2533698938786983e-05 0.9999977350234985 169.97535705566406
0.9999951124191284 0.0014993710210546851 -0.0027383763808757067 0.7804723978042603 -0.0014980188570916653 0.9999987483024597 0.0004957872442901134 -2.147719144821167 0.002739118179306388 -0.0004916827310808003 0.9999961256980896 171.22756958007812
0.999991774559021 0.002270567463710904 -0.0033711432479321957 0.7665566802024841 -0.0022679048124700785 0.9999971389770508 0.0007935179164633155 -2.1656851768493652 0.003372935578227043 -0.0007858660537749529 0.9999939799308777 172.49966430664062
0.9999869465827942 0.0026406391989439726 -0.004366814158856869 0.755634605884552 -0.0026353374123573303 0.999995768070221 0.0012195141753181815 -2.191483974456787 0.004370016045868397 -0.001207990339025855 0.9999897480010986 173.79385375976562
0.9999850988388062 0.0027739237993955612 -0.004701228346675634 0.7422614693641663 -0.0027731209993362427 0.9999961256980896 0.00017728180682752281 -2.2094390392303467 0.004701702389866114 -0.00016424221394117922 0.9999889135360718 175.02699279785156
0.9999803900718689 0.0036003105342388153 -0.00511979078873992 0.7243605852127075 -0.0036042823921889067 0.9999931454658508 -0.0007666999008506536 -2.2255806922912598 0.005116995424032211 0.0007851380505599082 0.9999865889549255 176.29661560058594
0.9999772906303406 0.003578157164156437 -0.005709197372198105 0.705410361289978 -0.0035783436615020037 0.999993622303009 -2.24664545385167e-05 -2.2480716705322266 0.0057090818881988525 4.289537901058793e-05 0.9999837279319763 177.5663299560547
0.9999789595603943 0.003673840779811144 -0.005342488177120686 0.6835394501686096 -0.003680602880194783 0.9999924302101135 -0.0012564710341393948 -2.271023988723755 0.005337830167263746 0.0012761079706251621 0.9999849200248718 178.78724670410156
0.9999812841415405 0.0026069283485412598 -0.005528189241886139 0.6726422905921936 -0.0026231890078634024 0.9999922513961792 -0.0029362388886511326 -2.291325092315674 0.005520490929484367 0.0029506850987672806 0.9999804496765137 180.0534210205078
0.9999842047691345 -0.0005847536376677454 -0.005576853174716234 0.6569781303405762 0.0005687119555659592 0.9999957084655762 -0.0028777553234249353 -2.316553831100464 0.005578512325882912 0.002874538768082857 0.9999803304672241 181.3223876953125
0.9999803304672241 5.820910519105382e-05 -0.006259172689169645 0.656224250793457 -5.3171424951869994e-05 0.9999997019767761 0.0008049748721532524 -2.3374083042144775 0.006259217392653227 -0.000804626033641398 0.999980092048645 182.58963012695312
0.9999800324440002 -0.0006934982957318425 -0.0062838103622198105 0.6422070264816284 0.0007252678624354303 0.9999870657920837 0.005054842215031385 -2.357503652572632 0.006280223838984966 -0.005059297662228346 0.9999675154685974 183.856689453125
0.9999805092811584 3.814064621110447e-05 -0.006247413344681263 0.629428505897522 -1.0414373718958814e-05 0.9999901652336121 0.004437932278960943 -2.373506546020508 0.006247520912438631 -0.004437780939042568 0.9999706149101257 185.10948181152344
0.9999827742576599 0.0018440353451296687 -0.005586372688412666 0.6074439287185669 -0.0018370094476267695 0.9999975562095642 0.0012625164818018675 -2.3894948959350586 0.0055886851623654366 -0.0012522335164248943 0.9999836087226868 186.35789489746094
0.9999775290489197 0.0018608327955007553 -0.0064403279684484005 0.5956960916519165 -0.0018645783420652151 0.9999980926513672 -0.0005756850587204099 -2.411475896835327 0.006439244840294123 0.00058768066810444 0.9999790191650391 187.60494995117188
0.9999768137931824 0.00231896061450243 -0.006409945897758007 0.5779119729995728 -0.00232232129201293 0.9999972581863403 -0.0005169749492779374 -2.4305567741394043 0.006408729124814272 0.0005318489274941385 0.9999792575836182 188.8536376953125
0.9999794960021973 0.0015330848982557654 -0.0062375967390835285 0.5629080533981323 -0.0015283460961654782 0.9999985098838806 0.0007645051227882504 -2.4542689323425293 0.006238760892301798 -0.0007549563306383789 0.9999802708625793 190.1085662841797
0.9999789595603943 0.0018155475845560431 -0.006221018265932798 0.5506411790847778 -0.0017975758528336883 0.9999942183494568 0.0028933086432516575 -2.4754199981689453 0.006226233672350645 -0.002882065251469612 0.9999764561653137 191.3586883544922
0.999985933303833 0.0009564802749082446 -0.005216442048549652 0.5344252586364746 -0.0009365305304527283 0.9999923706054688 0.003825560212135315 -2.4969420433044434 0.005220058839768171 -0.003820621408522129 0.9999790787696838 192.60858154296875
0.9999925494194031 0.0008976746466942132 -0.003756653517484665 0.5210891366004944 -0.0008857381762936711 0.9999945759773254 0.0031778060365468264 -2.5157418251037598 0.0037594863679260015 -0.00317445513792336 0.9999879002571106 193.85060119628906
0.999997615814209 0.00018044044554699212 -0.002175356727093458 0.5108552575111389 -0.00017716773436404765 0.9999988675117493 0.0015044668689370155 -2.5325522422790527 0.0021756256464868784 -0.00150407780893147 0.9999964833259583 195.08328247070312
0.999999463558197 -0.0002889787720050663 -0.0010063063818961382 0.5029478073120117 0.000289050251012668 0.9999998807907104 7.093336898833513e-05 -2.553922414779663 0.0010062848450616002 -7.122405804693699e-05 0.999999463558197 196.3123321533203
