1.0 -1.0260083627144923e-07 2.1850227938102762e-07 -4.5274035187503614e-07 1.0260092153657752e-07 1.0 -3.8655988987557066e-07 7.897212981333723e-07 -2.1850223674846347e-07 3.8655988987557066e-07 1.0 1.0811165296331637e-08
0.9999973177909851 0.0010403841733932495 0.0020668727811425924 -0.009288583882153034 -0.0010381636675447226 0.9999988675117493 -0.001075063250027597 -0.016919100657105446 -0.0020679892040789127 0.0010729145724326372 0.9999972581863403 1.2061409950256348
0.9999845027923584 0.0015573877608403563 0.00534051563590765 -0.05207672342658043 -0.0015529979718849063 0.9999984502792358 -0.0008260152535513043 -0.03536413237452507 -0.00534179387614131 0.0008177085546776652 0.99998539686203 2.4133801460266113
0.9999772310256958 0.001142235822044313 0.006649641320109367 -0.04568831995129585 -0.001138609484769404 0.9999992251396179 -0.0005491059855557978 -0.05035904049873352 -0.006650262977927923 0.0005415221094153821 0.9999777674674988 3.6198813915252686
0.9999701976776123 0.0009335805079899728 0.0076600308530032635 -0.041371624916791916 -0.0009285964770242572 0.9999994039535522 -0.0006541881593875587 -0.07091066986322403 -0.007660636678338051 0.0006470556254498661 0.9999704360961914 4.815757751464844
0.9999659061431885 0.0011440353700891137 0.008177203126251698 -0.03752205893397331 -0.001141651184298098 0.9999992847442627 -0.00029622126021422446 -0.09497181326150894 -0.00817753653973341 0.00028687564190477133 0.9999665021896362 6.014216899871826
0.9999619126319885 0.0013125897385179996 0.008620104752480984 -0.028225401416420937 -0.0013008457608520985 0.9999982714653015 -0.0013678256655111909 -0.1162940114736557 -0.008621885441243649 0.0013565601548179984 0.9999619126319885 7.217276096343994
0.9999533295631409 0.00033886992605403066 0.009652949869632721 -0.024265842512249947 -0.00032487924909219146 0.9999988675117493 -0.00145089125726372 -0.14405466616153717 -0.009653430432081223 0.0014476876240223646 0.9999523758888245 8.387286186218262
0.99994957447052 0.0002460554242134094 0.01004168950021267 -0.02111717499792576 -0.0002457215450704098 0.9999999403953552 -3.448409552220255e-05 -0.1653629094362259 -0.010041697882115841 3.201493018423207e-05 0.99994957447052 9.582253456115723
0.9999614357948303 -6.172216671984643e-05 0.008781845681369305 -0.018526943400502205 5.276222509564832e-05 0.999999463558197 0.0010205020662397146 -0.18856024742126465 -0.008781904354691505 -0.0010199995012953877 0.9999609589576721 10.771202087402344
0.9999783039093018 -0.0016418915474787354 0.006377125158905983 -0.015287007205188274 0.0016390248201787472 0.9999985098838806 0.0004548010474536568 -0.21104860305786133 -0.006377862766385078 -0.00044433894800022244 0.999979555606842 11.992259979248047
0.9999884366989136 -0.0013548615388572216 0.004601564258337021 -0.021421415731310844 0.001355404732748866 0.9999990463256836 -0.00011490957695059478 -0.22753554582595825 -0.0046014036051929 0.0001211452909046784 0.99998939037323 13.19059944152832
0.9999942779541016 -0.0013656631344929338 0.0031170337460935116 -0.019213618710637093 0.001366275129839778 0.9999991059303284 -0.00019417145813349634 -0.2510901689529419 -0.0031167662236839533 0.00019842905749101192 0.9999951124191284 14.38322639465332
0.9999973177909851 0.00030560302548110485 0.0022973373997956514 -0.022590728476643562 -0.0003052429819945246 0.9999999403953552 -0.00015707833517808467 -0.2762223482131958 -0.002297385362908244 0.00015637667092960328 0.9999973773956299 15.599527359008789
0.9999979734420776 0.00014003447722643614 0.0019995002076029778 -0.02824283391237259 -0.00013987261627335101 0.9999999403953552 -8.110742783173919e-05 -0.29600003361701965 -0.001999511383473873 8.082757267402485e-05 0.9999980926513672 16.79871940612793
0.9999992251396179 -0.0007831269176676869 0.0010419635800644755 -0.027203641831874847 0.0007830325630493462 0.9999997615814209 9.072729153558612e-05 -0.31311067938804626 -0.0010420344769954681 -8.991130744107068e-05 0.999999463558197 17.98505210876465
0.9999994039535522 -0.0009530831594020128 0.0004936438635922968 -0.026109976693987846 0.0009527556831017137 0.9999993443489075 0.0006634242599830031 -0.3426094651222229 -0.0004942758241668344 -0.0006629535346291959 0.9999996423721313 19.1884708404541
0.9999996423721313 -0.0005589501815848053 -0.0006699506775476038 -0.028992973268032074 0.0005588976782746613 0.9999998211860657 -7.848417590139434e-05 -0.3654080629348755 0.0006699948571622372 7.810964598320425e-05 0.9999997615814209 20.38485336303711
0.999999463558197 -0.0009756469517014921 -0.00023169814085122198 -0.051306966692209244 0.0009754342027008533 0.9999991059303284 -0.0009166857926174998 -0.39404937624931335 0.00023259257432073355 0.0009164594812318683 0.9999995827674866 21.5987548828125
0.9999995231628418 0.00010730123904068023 -0.0009953780099749565 -0.05721008777618408 -0.00010775207920232788 0.9999998807907104 -0.00045283063082024455 -0.41222482919692993 0.0009953294647857547 0.00045293764560483396 0.999999463558197 22.796844482421875
0.9999983906745911 -0.0003603606310207397 -0.001748664421029389 -0.07010616362094879 0.0003590047708712518 0.9999996423721313 -0.0007754405378364027 -0.4358958899974823 0.0017489446327090263 0.0007748115458525717 0.999998152256012 23.987041473388672
0.9999964833259583 -0.00017147969629149884 -0.0026242127642035484 -0.08162833005189896 0.0001676675456110388 0.999998927116394 -0.0014527501771226525 -0.4569381773471832 0.002624459331855178 0.00145230523776263 0.9999954700469971 25.18025779724121
0.9999935030937195 -9.359521936858073e-05 -0.003609113395214081 -0.09135784953832626 9.258831414626911e-05 0.9999999403953552 -0.000279096479061991 -0.4881976842880249 0.0036091404035687447 0.00027876050444319844 0.9999934434890747 26.365678787231445
0.9999894499778748 -0.0017076811054721475 -0.004260422196239233 -0.10213831067085266 0.0017141993157565594 0.9999973177909851 0.0015267941635102034 -0.5099977850914001 0.004257804248481989 -0.0015340812969952822 0.9999897480010986 27.5690860748291
0.9999845027923584 -0.0016873707063496113 -0.005300450138747692 -0.11011356115341187 0.0016950161661952734 0.9999974966049194 0.0014383289963006973 -0.52980637550354 0.005298011004924774 -0.0014472909970209002 0.9999849200248718 28.759382247924805
0.9999772906303406 -0.0024470773059874773 -0.006273256149142981 -0.12101127207279205 0.0024511748924851418 0.9999967813491821 0.0006455866969190538 -0.5506860017776489 0.006271656136959791 -0.000660948920994997 0.9999802112579346 29.95711326599121
0.999972939491272 -0.0025763348676264286 -0.006882003974169493 -0.13344673812389374 0.0025753797963261604 0.9999966621398926 -0.0001476155739510432 -0.5725677609443665 0.006882361136376858 0.00012988779053557664 0.9999762773513794 31.140260696411133
0.9999685287475586 -0.001925527467392385 -0.00768780242651701 -0.15018680691719055 0.001925695571117103 0.999998152256012 1.4501663827104494e-05 -0.5944650173187256 0.007687760982662439 -2.9305538191692904e-05 0.9999704360961914 32.3359489440918
0.9999627470970154 -0.002138501964509487 -0.008359137922525406 -0.16217242181301117 0.0021431136410683393 0.9999975562095642 0.0005427610012702644 -0.6158662438392639 0.008357955142855644 -0.0005606552585959435 0.9999648928642273 33.53312301635742
0.9999522566795349 -0.0029350826516747475 -0.00931234285235405 -0.1750234216451645 0.0029411285649985075 0.9999954700469971 0.0006356341764330864 -0.6378139853477478 0.009310433641076088 -0.0006629926501773298 0.9999564290046692 34.72064208984375
0.9999497532844543 -0.0034335150849074125 -0.009412593208253384 -0.19680333137512207 0.0034411337692290545 0.9999937415122986 0.0007934023742564023 -0.6607423424720764 0.009409811347723007 -0.0008257523877546191 0.9999553561210632 35.93017578125
0.9999455809593201 -0.0033883838914334774 -0.009866719134151936 -0.21541690826416016 0.003393176244571805 0.999994158744812 0.00046905261115171015 -0.6776091456413269 0.00986507348716259 -0.0005025066784583032 0.9999512434005737 37.13521194458008
0.9999428987503052 -0.004290980752557516 -0.00978894717991352 -0.23508113622665405 0.004306170158088207 0.9999895691871643 0.0015311490278691053 -0.707607090473175 0.009782275184988976 -0.0015732146566733718 0.9999508857727051 38.31440734863281
0.999941349029541 -0.004015936981886625 -0.010063128545880318 -0.24206899106502533 0.004042705520987511 0.999988317489624 0.0026411202270537615 -0.7215273976325989 0.010052403435111046 -0.002681647427380085 0.9999458193778992 39.51673889160156
0.9999405145645142 -0.0035275195259600878 -0.010325693525373936 -0.25037702918052673 0.0035632436629384756 0.999987781047821 0.003443416440859437 -0.7423431277275085 0.010313419625163078 -0.0034800043795257807 0.9999407529830933 40.71025466918945
0.9999426603317261 -0.0029377578757703304 -0.010300562717020512 -0.26968488097190857 0.002968774875625968 0.9999910593032837 0.0029972216580063105 -0.7568947076797485 0.01029166579246521 -0.003027629340067506 0.999942421913147 41.913185119628906
0.9999457001686096 -0.002141572069376707 -0.01020408608019352 -0.28623566031455994 0.0021687359549105167 0.9999940991401672 0.0026517370715737343 -0.7688559293746948 0.010198348201811314 -0.0026737223379313946 0.9999444484710693 43.10624313354492
0.9999551177024841 0.00031850914820097387 -0.009475263766944408 -0.307614266872406 -0.000275284459348768 0.9999895095825195 0.00456277234479785 -0.7842076420783997 0.009476616978645325 -0.004559958819299936 0.9999446868896484 44.3293342590332
0.9999692440032959 0.0006913963006809354 -0.007813287898898125 -0.32592347264289856 -0.0006305197603069246 0.9999694228172302 0.0077911787666380405 -0.8051803112030029 0.007818435318768024 -0.007786013651639223 0.9999391436576843 45.515907287597656
0.9999806880950928 0.0009441674337722361 -0.006156709045171738 -0.34288373589515686 -0.0008799281204119325 0.9999452829360962 0.010428395122289658 -0.8139892220497131 0.006166217382997274 -0.010422776453197002 0.9999266862869263 46.7131233215332
0.9999862909317017 0.0014606013428419828 -0.005045692436397076 -0.340681254863739 -0.0013908300315961242 0.9999037384986877 0.013803837820887566 -0.8199416995048523 0.0050653694197535515 -0.013796631246805191 0.999891996383667 47.911231994628906
0.9999961256980896 0.0005884459242224693 -0.0027144213672727346 -0.3733755052089691 -0.000547182047739625 0.9998846054077148 0.015177511610090733 -0.8293223977088928 0.002723039360716939 -0.015175966545939445 0.9998811483383179 49.132755279541016
0.999998152256012 -0.0014283619821071625 -0.0012485820334404707 -0.37837231159210205 0.0014453781768679619 0.9999045729637146 0.01373532135039568 -0.83295738697052 0.0012288432335481048 -0.01373709924519062 0.9999049305915833 50.34712219238281
1.0 6.113825656939298e-05 0.00012629323464352638 -0.38892558217048645 -6.267292337724939e-05 0.9999257326126099 0.012186894193291664 -0.8399754762649536 -0.00012553873239085078 -0.012186901643872261 0.9999257326126099 51.53822326660156
0.9999995231628418 0.00015797467494849116 0.0009206547401845455 -0.3956843316555023 -0.00016855898138601333 0.9999337792396545 0.011507848277688026 -0.8414775133132935 -0.000918775680474937 -0.01150799635797739 0.9999334216117859 52.74639892578125
0.9999988675117493 -5.483304994413629e-05 0.0014666687930002809 -0.409542053937912 3.841038778773509e-05 0.9999373555183411 0.011194895021617413 -0.8509078621864319 -0.001467190682888031 -0.011194827035069466 0.9999362826347351 53.93576431274414
0.9999994039535522 -0.0009645499521866441 0.00046483593177981675 -0.4066850543022156 0.000959733035415411 0.9999470710754395 0.010253075510263443 -0.863292932510376 -0.00047470125718973577 -0.010252626612782478 0.9999473094940186 55.14750289916992
0.9999991655349731 -0.0004955619224347174 -0.0011923565762117505 -0.4135221838951111 0.0005082114366814494 0.9999433755874634 0.010632241144776344 -0.8660295605659485 0.0011870193993672729 -0.010632838122546673 0.9999427795410156 56.36456298828125
0.9999960660934448 -0.0010989666916429996 -0.002585814567282796 -0.42391759157180786 0.0011299294419586658 0.9999273419380188 0.012003260664641857 -0.8806962370872498 0.002572435885667801 -0.012006132863461971 0.9999246001243591 57.554901123046875
0.9999921917915344 -0.001638888381421566 -0.00360584887675941 -0.43153253197669983 0.0016837636940181255 0.9999207854270935 0.012477499432861805 -0.8892151117324829 0.003585114376619458 -0.012483472935855389 0.9999156594276428 58.76231002807617
0.9999889135360718 -9.83687859843485e-05 -0.004712978843599558 -0.4387468695640564 0.00015678144700359553 0.9999231696128845 0.01239523384720087 -0.8999851942062378 0.004711395129561424 -0.012395835481584072 0.9999120235443115 59.961219787597656
0.9999842643737793 0.0002902911219280213 -0.005611357744783163 -0.4478008449077606 -0.00022274054936133325 0.9999275207519531 0.012035076506435871 -0.9037925004959106 0.005614443216472864 -0.012033636681735516 0.9999118447303772 61.1582145690918
0.999985933303833 -0.0010095087345689535 -0.005201577674597502 -0.4657936692237854 0.0010697849793359637 0.9999321699142456 0.011598392389714718 -0.9126633405685425 0.005189515184611082 -0.011603794060647488 0.9999192357063293 62.36698913574219
0.9999829530715942 -0.001980225555598736 -0.005484637804329395 -0.4761684238910675 0.0020397906191647053 0.9999387860298157 0.010876120068132877 -0.9215821027755737 0.005462764762341976 -0.01088712178170681 0.9999259114265442 63.57734298706055
0.99997878074646 -0.002659139921888709 -0.005935690365731716 -0.48639917373657227 0.0027322943788021803 0.9999200105667114 0.012350599281489849 -0.9380855560302734 0.0059023755602538586 -0.012366557493805885 0.9999061226844788 64.76459503173828
0.9999772310256958 -0.0027478004340082407 -0.006160351913422346 -0.5015360713005066 0.002830963348969817 0.999904453754425 0.013531861826777458 -0.9392251372337341 0.0061225807294249535 -0.01354899164289236 0.9998895525932312 65.95663452148438
0.9999783635139465 -0.0021494559478014708 -0.00621799798682332 -0.5195417404174805 0.0022251310292631388 0.9999232292175293 0.012189270928502083 -0.9518370628356934 0.006191321182996035 -0.012202844955027103 0.9999063611030579 67.16569519042969
0.9999831914901733 -0.0002928544126916677 -0.005797776393592358 -0.5401171445846558 0.00035709005896933377 0.9999386072158813 0.011081472970545292 -0.9589830040931702 0.00579417496919632 -0.011083357036113739 0.9999217391014099 68.36322784423828
0.9999803304672241 0.0017062199767678976 -0.006037066224962473 -0.5525705814361572 -0.0016375735867768526 0.9999340772628784 0.011357564479112625 -0.9666708707809448 0.006056047510355711 -0.011347455903887749 0.9999172687530518 69.56309509277344
0.9999768733978271 0.003985070623457432 -0.005521966610103846 -0.5711089372634888 -0.00392050901427865 0.9999243021011353 0.011653819121420383 -0.9747186899185181 0.005567990709096193 -0.011631900444626808 0.9999168515205383 70.74910736083984
0.999971330165863 0.0050137704238295555 -0.005677790381014347 -0.585440993309021 -0.00494395662099123 0.9999127984046936 0.012243904173374176 -0.9832731485366821 0.005738682579249144 -0.012215480208396912 0.9999089241027832 71.95979309082031
0.9999737739562988 0.005650415550917387 -0.004536951892077923 -0.5997875928878784 -0.0055911606177687645 0.9999003410339355 0.01296857837587595 -0.98764967918396 0.004609778057783842 -0.012942870147526264 0.9999056458473206 73.15595245361328
0.9999675750732422 0.007543060462921858 -0.0028551428113132715 -0.6074192523956299 -0.007503758184611797 0.999880313873291 0.013534416444599628 -0.99116051197052 0.0029568923637270927 -0.01351255178451538 0.9999043345451355 74.34891510009766
0.9999802708625793 0.006274559069424868 -0.0002964679151773453 -0.6092743873596191 -0.006270646583288908 0.9999114274978638 0.01173486653715372 -1.0038492679595947 0.00037007295759394765 -0.011732776649296284 0.9999310970306396 75.52993774414062
0.999991238117218 0.0036597459111362696 0.002030027098953724 -0.6089632511138916 -0.0036725271493196487 0.9999732375144958 0.00632868055254221 -1.0094623565673828 -0.0020068117883056402 -0.006336079444736242 0.9999779462814331 76.7045669555664
0.9999735951423645 0.005216343328356743 0.005047600716352463 -0.6130232810974121 -0.005246961489319801 0.9999678134918213 0.006071930285543203 -1.0211100578308105 -0.005015764385461807 -0.006098254583775997 0.9999688267707825 77.88733673095703
0.9999672770500183 0.003930730279535055 0.007072105072438717 -0.6026196479797363 -0.003999870736151934 0.9999440908432007 0.009789125993847847 -1.0358916521072388 -0.0070332312025129795 -0.009817094542086124 0.9999271631240845 79.07051849365234
0.9999374151229858 0.0037595098838210106 0.010535958223044872 -0.5939276218414307 -0.0038751850370317698 0.9999322295188904 0.010980202816426754 -1.0445945262908936 -0.010493963956832886 -0.01102034468203783 0.9998841881752014 80.25385284423828
0.9998845458030701 0.0036547440104186535 0.014744932763278484 -0.5848654508590698 -0.003793360898271203 0.9999487996101379 0.009383982047438622 -1.0545263290405273 -0.01470988243818283 -0.009438831359148026 0.9998472332954407 81.42041778564453
0.9998252987861633 0.0027143959887325764 0.01849380135536194 -0.5714187622070312 -0.002829756587743759 0.999976634979248 0.006214468274265528 -1.0663681030273438 -0.01847650483250618 -0.006265716161578894 0.9998096823692322 82.58863830566406
0.9997607469558716 0.0014143419684842229 0.021828891709446907 -0.5486337542533875 -0.0014752764254808426 0.9999950528144836 0.002775599015876651 -1.0805283784866333 -0.021824859082698822 -0.0028071384876966476 0.9997578859329224 83.75187683105469
0.9996771812438965 0.0010517523624002934 0.025384649634361267 -0.5239962339401245 -0.0011007307330146432 0.9999975562095642 0.0019155587069690228 -1.0970593690872192 -0.025382574647665024 -0.0019428820814937353 0.9996759295463562 84.9062271118164
0.9995818138122559 0.000559822132345289 0.0289126206189394 -0.49430233240127563 -0.0006664127577096224 0.9999930262565613 0.0036771344020962715 -1.1165419816970825 -0.028910361230373383 -0.0036948644556105137 0.9995751976966858 86.07605743408203
0.9994587302207947 0.0018263537203893065 0.0328473336994648 -0.47087952494621277 -0.0019753621891140938 0.9999879002571106 0.00450451485812664 -1.1393547058105469 -0.03283870965242386 -0.004566961899399757 0.9994502663612366 87.23902130126953
0.9993268847465515 0.0013271592324599624 0.036659736186265945 -0.4292308986186981 -0.0014019006630405784 0.9999970197677612 0.002013162709772587 -1.1529669761657715 -0.036656949669122696 -0.002063201507553458 0.9993257522583008 88.38695526123047
0.9992046356201172 0.0010462888749316335 0.0398617722094059 -0.3866559863090515 -0.001041537499986589 0.999999463558197 -0.00013995809422340244 -1.1723920106887817 -0.03986189514398575 9.83289210125804e-05 0.9992051720619202 89.53445434570312
0.9990761280059814 0.0012476869160309434 0.042959876358509064 -0.3405725955963135 -0.001221145736053586 0.9999989867210388 -0.0006440611905418336 -1.188099980354309 -0.04296063631772995 0.0005910057807341218 0.9990766048431396 90.6978988647461
0.9989449977874756 0.00015808183525223285 0.045922890305519104 -0.29160594940185547 -0.00018258480122312903 0.9999998211860657 0.0005293727735988796 -1.2067493200302124 -0.04592280462384224 -0.0005371990846469998 0.9989448189735413 91.85283660888672
0.9988094568252563 -0.000257935025729239 0.048781346529722214 -0.24355825781822205 0.00015353490016423166 0.9999977350234985 0.0021439006086438894 -1.2250615358352661 -0.04878178611397743 -0.0021338581573218107 0.9988071918487549 93.01309204101562
0.9986789226531982 -0.0014179733116179705 0.05136377364397049 -0.18432676792144775 0.0012215288588777184 0.9999918341636658 0.003855760907754302 -1.2424947023391724 -0.051368821412324905 -0.003787925699725747 0.9986724853515625 94.16629028320312
0.9985570907592773 -0.002982975449413061 0.053616225719451904 -0.12434791028499603 0.002729725558310747 0.9999848008155823 0.00479600066319108 -1.2560241222381592 -0.053629714995622635 -0.004642723128199577 0.9985500574111938 95.32319641113281
0.9984293580055237 -0.0038014736492186785 0.05589568614959717 -0.06111661344766617 0.0036702118813991547 0.9999902844429016 0.002450793981552124 -1.2702338695526123 -0.055904459208250046 -0.002241796115413308 0.9984335899353027 96.47003936767578
0.9983020424842834 -0.005329272244125605 0.05800555273890495 0.007531948387622833 0.005404982250183821 0.9999847412109375 -0.0011484003625810146 -1.2868378162384033 -0.057998549193143845 0.0014599693240597844 0.9983155131340027 97.62435150146484
0.9981949329376221 -0.004289549309760332 0.05990441516041756 0.07171439379453659 0.0045294309966266155 0.9999822378158569 -0.003869192209094763 -1.3046079874038696 -0.05988675728440285 0.004133541136980057 0.998196542263031 98.78608703613281
0.998090386390686 -0.004486914724111557 0.06160682812333107 0.14151956140995026 0.0047889528796076775 0.9999772310256958 -0.004755888134241104 -1.3271024227142334 -0.06158408150076866 0.005041840020567179 0.998089075088501 99.95720672607422
0.9980753660202026 -0.004592934623360634 0.061841994524002075 0.21314148604869843 0.004864757880568504 0.9999791979789734 -0.004245605785399675 -1.3486610651016235 -0.06182119995355606 0.004538280889391899 0.998076856136322 101.13442993164062
0.9981107711791992 -0.00470376294106245 0.0612594410777092 0.2758081257343292 0.0048508187755942345 0.9999856352806091 -0.0022520350757986307 -1.375191569328308 -0.06124797463417053 0.0025449388194829226 0.9981193542480469 102.31159973144531
0.9981805086135864 -0.004853300750255585 0.06010090932250023 0.33729425072669983 0.0049225338734686375 0.9999873042106628 -0.0010039545595645905 -1.3916449546813965 -0.060095272958278656 0.00129797647241503 0.9981918334960938 103.50798034667969
0.9982922077178955 -0.00445588119328022 0.05824705958366394 0.39617231488227844 0.00446609640493989 0.9999899864196777 -4.5203072659205645e-05 -1.4110915660858154 -0.05824628099799156 0.0003052628308068961 0.9983022212982178 104.68559265136719
0.9984687566757202 -0.004482910502701998 0.05513661354780197 0.46597352623939514 0.004469077568501234 0.9999898672103882 0.00037418687134049833 -1.4287728071212769 -0.05513773486018181 -0.00012720422819256783 0.9984788298606873 105.88983917236328
0.998603880405426 -0.0037911213003098965 0.052686091512441635 0.5155351161956787 0.0037767882458865643 0.9999927878379822 0.0003715995408128947 -1.445823311805725 -0.05268711969256401 -0.00017209656652994454 0.9986109733581543 107.09159088134766
0.9987915754318237 -0.0020137077663093805 0.04910535365343094 0.5572736263275146 0.0020259905140846968 0.9999979734420776 -0.00020035823399666697 -1.4592212438583374 -0.049104850739240646 0.000299603067105636 0.9987935423851013 108.2844467163086
0.9989761114120483 -0.002226137090474367 0.045185334980487823 0.6086463332176208 0.0022192716132849455 0.9999974966049194 0.0002021381660597399 -1.47732412815094 -0.04518566653132439 -0.00010165269486606121 0.9989785552024841 109.48551940917969
0.9991521239280701 -0.001786493812687695 0.041131772100925446 0.6554520130157471 0.0017274401616305113 0.9999974370002747 0.001471236813813448 -1.4971795082092285 -0.041134290397167206 -0.001398936496116221 0.999152660369873 110.70887756347656
0.9993228912353516 -0.0012815732043236494 0.036770328879356384 0.6964220404624939 0.001204413827508688 0.9999970197677612 0.0021204755175858736 -1.5147775411605835 -0.03677293658256531 -0.0020747536327689886 0.9993215203285217 111.9102783203125
0.9994744658470154 -0.0011508198222145438 0.03239638730883598 0.7296848893165588 0.0010663347784429789 0.9999960064888 0.002625009510666132 -1.5300902128219604 -0.03239927813410759 -0.0025890846736729145 0.9994716644287109 113.12761688232422
0.9996309876441956 -0.0007044239318929613 0.027157587930560112 0.7656319737434387 0.0006316830986179411 0.9999961853027344 0.00268695130944252 -1.5452693700790405 -0.027159376069903374 -0.0026688044890761375 0.9996275901794434 114.35081481933594
0.9997471570968628 0.00018608714162837714 0.022484511137008667 0.7841567397117615 -0.00024845500593073666 0.9999960660934448 0.0027710474096238613 -1.5669121742248535 -0.022483905777335167 -0.002775933127850294 0.9997432827949524 115.58434295654297
0.9998481869697571 0.00034306658199056983 0.01742212288081646 0.798092246055603 -0.00038618402322754264 0.9999968409538269 0.002471559913828969 -1.581771969795227 -0.017421217635273933 -0.002477912465110421 0.9998451471328735 116.80655670166016
0.9999163746833801 0.0016299502458423376 0.012828078120946884 0.8098176717758179 -0.0016522067598998547 0.999997079372406 0.0017245740164071321 -1.598178505897522 -0.012825231067836285 -0.001745624584145844 0.9999162554740906 118.02517700195312
0.9999512434005737 0.003470049239695072 0.009242112748324871 0.8165742754936218 -0.0034853077959269285 0.9999925494194031 0.0016353648388758302 -1.6143202781677246 -0.009236369282007217 -0.0016674966318532825 0.999955952167511 119.26165771484375
0.9999608993530273 0.005096575245261192 0.007222818676382303 0.8146665096282959 -0.005109664052724838 0.9999853372573853 0.0017948480090126395 -1.6337586641311646 -0.007213565520942211 -0.0018316840287297964 0.9999723434448242 120.48164367675781
0.9999571442604065 0.006795598194003105 0.00629107840359211 0.8133876323699951 -0.0068040392361581326 0.9999759793281555 0.0013212851481512189 -1.6502150297164917 -0.006281948182731867 -0.0013640334364026785 0.9999793171882629 121.73927307128906
0.9999467134475708 0.008984792046248913 0.005081405397504568 0.8147456049919128 -0.008993363007903099 0.9999581575393677 0.0016663351561874151 -1.667551040649414 -0.005066221114248037 -0.0017119452822953463 0.9999856948852539 122.98479461669922
0.9999396204948425 0.010171731933951378 0.0041457852348685265 0.8087571859359741 -0.010181756690144539 0.9999452829360962 0.0024042711593210697 -1.6832635402679443 -0.00412110285833478 -0.002446337603032589 0.9999884366989136 124.22346496582031
0.999943733215332 0.009940952993929386 0.003702821908518672 0.8030792474746704 -0.009951502084732056 0.9999464750289917 0.002841515466570854 -1.6980383396148682 -0.003674376755952835 -0.0028782044537365437 0.9999890327453613 125.47101593017578
0.9999023675918579 0.013708673417568207 0.0027135228738188744 0.7956982254981995 -0.013721476309001446 0.9998945593833923 0.004756302107125521 -1.7145049571990967 -0.0026480339001864195 -0.004793072119355202 0.9999849796295166 126.71656799316406
0.9998904466629028 0.014651729725301266 0.002086505526676774 0.7862939834594727 -0.014668208546936512 0.9998595714569092 0.008114218711853027 -1.728022575378418 -0.0019673246424645185 -0.008143934421241283 0.9999648928642273 127.96932983398438
0.9999082088470459 0.013501535169780254 0.0011452649487182498 0.787735104560852 -0.013510127551853657 0.9998778700828552 0.007857265882194042 -1.7433555126190186 -0.0010390395764261484 -0.007872017100453377 0.9999684691429138 129.2213897705078
0.9999144673347473 0.013035395182669163 0.0009915176779031754 0.7802304029464722 -0.013041431084275246 0.9998947381973267 0.00634672399610281 -1.7559183835983276 -0.0009086812497116625 -0.006359111983329058 0.9999793767929077 130.47274780273438
0.9999463558197021 0.010350451804697514 -0.0002995663962792605 0.7847571969032288 -0.010347997769713402 0.9999198913574219 0.007279285695403814 -1.7641575336456299 0.00037488649832084775 -0.00727579602971673 0.999973475933075 131.72866821289062
0.9999674558639526 0.008037385530769825 -0.0007162694237194955 0.7704859972000122 -0.008030671626329422 0.9999277591705322 0.008931857533752918 -1.770301342010498 0.0007880069897510111 -0.008925815112888813 0.9999598860740662 132.98606872558594
0.9999880790710449 0.00483345054090023 -0.0006749243475496769 0.7619614005088806 -0.004825743380934 0.9999279975891113 0.010988572612404823 -1.782894253730774 0.0007279886049218476 -0.010985187254846096 0.9999393224716187 134.25741577148438
0.999995231628418 0.0026725581847131252 -0.0015360632678493857 0.7635015845298767 -0.002653778064996004 0.9999232888221741 0.012100701220333576 -1.7905888557434082 0.0015682847006246448 -0.012096568010747433 0.9999255537986755 135.52227783203125
0.9999983906745911 -0.0014665263006463647 -0.0010372952092438936 0.7587116956710815 0.0014770375564694405 0.9999468326568604 0.010207081213593483 -1.7959277629852295 0.001022270880639553 -0.010208597406744957 0.9999473690986633 136.79600524902344
0.9999918937683105 -0.0038512293249368668 -0.0011296984739601612 0.7558174729347229 0.0038616086822003126 0.9999489784240723 0.009335003793239594 -1.803905725479126 0.0010936901671811938 -0.009339292533695698 0.9999558329582214 138.06692504882812
0.9999889135360718 -0.004658570513129234 -0.0006552273989655077 0.7501524686813354 0.004664219915866852 0.9999495148658752 0.008902426809072495 -1.81092369556427 0.0006137219606898725 -0.008905384689569473 0.99996018409729 139.34031677246094
0.9999875426292419 -0.004972898866981268 -0.0004029141564387828 0.7455403208732605 0.004976436961442232 0.9999442100524902 0.009316928684711456 -1.8194620609283447 0.00035655972897075117 -0.009318819269537926 0.9999566078186035 140.61712646484375
0.9999895095825195 -0.004596073180437088 0.0001953417668119073 0.7433669567108154 0.004593573976308107 0.9999255537986755 0.011297405697405338 -1.8279833793640137 -0.0002472511841915548 -0.011296387761831284 0.9999361634254456 141.89111328125
0.9999963641166687 -0.002432487206533551 0.0011573623633012176 0.7298426032066345 0.002417576964944601 0.9999162554740906 0.012715035118162632 -1.833400011062622 -0.0011881948448717594 -0.012712190859019756 0.9999184608459473 143.16903686523438
0.9999952912330627 -0.0025212469045072794 0.0017445908160880208 0.7293318510055542 0.002501523355022073 0.9999338984489441 0.011217024177312851 -1.8463270664215088 -0.0017727562226355076 -0.011212607845664024 0.9999355673789978 144.45785522460938
0.9999961256980896 -0.0017746975645422935 0.0021080011501908302 0.7236034870147705 0.0017547588795423508 0.9999539852142334 0.009422834031283855 -1.8543622493743896 -0.002124626887962222 -0.009419097565114498 0.9999533891677856 145.72833251953125
0.9999951124191284 -0.0016465237131342292 0.0026570791378617287 0.7161135077476501 0.001626568497158587 0.999970555305481 0.007494885008782148 -1.8743748664855957 -0.0026693413965404034 -0.007490526419132948 0.999968409538269 147.01080322265625
0.9999902844429016 -0.003103282069787383 0.0031237176153808832 0.7159968018531799 0.003093845909461379 0.9999905824661255 0.0030210507102310658 -1.8869248628616333 -0.003133063204586506 -0.003011356806382537 0.9999905824661255 148.2948455810547
0.9999884963035583 -0.0030629513785243034 0.0036843623965978622 0.7113777995109558 0.0030652505811303854 0.9999951720237732 -0.0006185484235174954 -1.9044344425201416 -0.003682449460029602 0.0006298350053839386 0.9999930262565613 149.57174682617188
0.9999868273735046 -0.0032924222759902477 0.0039376383647322655 0.7114505171775818 0.0032983070705085993 0.9999933838844299 -0.0014888863079249859 -1.9272881746292114 -0.003932710271328688 0.0015018540434539318 0.9999911189079285 150.84092712402344
0.9999862313270569 -0.0031373563688248396 0.004202172160148621 0.7060219049453735 0.003142475849017501 0.9999942779541016 -0.0012121426407247782 -1.951258897781372 -0.004198344890028238 0.0012253309832885861 0.9999904036521912 152.10777282714844
0.9999894499778748 -0.002859358210116625 0.0035877188201993704 0.7151141166687012 0.002860811073333025 0.9999958276748657 -0.00040004364564083517 -1.9787945747375488 -0.0035865597892552614 0.0004103032115381211 0.9999935030937195 153.3761444091797
0.9999918341636658 -0.002826876472681761 0.002881536493077874 0.7215273380279541 0.002825070172548294 0.9999958276748657 0.0006308105075731874 -2.000671148300171 -0.002883306937292218 -0.0006226648692972958 0.9999956488609314 154.6372833251953
0.9999927878379822 -0.001629941165447235 0.003415510291233659 0.7041058540344238 0.0016261445125564933 0.9999979734420776 0.0011139506241306663 -2.021713972091675 -0.0034173193853348494 -0.001108388532884419 0.9999935030937195 155.90953063964844
0.9999942183494568 -0.0012594693107530475 0.0031565127428621054 0.6962869763374329 0.0012562116608023643 0.9999985694885254 0.0010337753919884562 -2.044955015182495 -0.003157810540869832 -0.0010298039996996522 0.9999944567680359 157.17991638183594
0.9999974966049194 -0.0013580466620624065 0.0017907641595229506 0.7058114409446716 0.001355838030576706 0.9999983310699463 0.0012336740037426353 -2.068883180618286 -0.001792437513358891 -0.0012312427861616015 0.999997615814209 158.453125
0.9999977946281433 -0.0017673454713076353 0.0011519789695739746 0.7000856995582581 0.0017647193744778633 0.9999958872795105 0.0022763109300285578 -2.0865771770477295 -0.0011559984413906932 -0.002274273196235299 0.9999967217445374 159.7230224609375
0.9999993443489075 -0.000617121928371489 0.0009473199024796486 0.6876484751701355 0.0006144297076389194 0.9999957084655762 0.002838774584233761 -2.1101973056793213 -0.0009490668307989836 -0.0028381911106407642 0.9999955296516418 161.00033569335938
0.9999998211860657 -0.0005790741997770965 6.14553982813959e-06 0.6856789588928223 0.0005790627910755575 0.9999983906745911 0.001661450951360166 -2.1269421577453613 -7.1072913669922855e-06 -0.0016614473424851894 0.9999986290931702 162.2699737548828
0.9999998211860657 -5.6909677368821576e-05 -0.0005494782235473394 0.6784535646438599 5.726576637243852e-05 0.9999997615814209 0.0006483204197138548 -2.1504037380218506 0.0005494400975294411 -0.000648351910058409 0.9999995827674866 163.5269012451172
0.9999988675117493 0.000990569475106895 -0.001141414395533502 0.6712966561317444 -0.0009898742428049445 0.9999992847442627 0.0006096831639297307 -2.169020652770996 0.0011420163791626692 -0.0006085526547394693 0.9999991059303284 164.7948455810547
0.9999977946281433 0.000679202436003834 -0.0019664247520267963 0.6610836982727051 -0.0006797425448894501 0.9999997019767761 -0.0002740755444392562 -2.1900508403778076 0.001966239418834448 0.00027541161398403347 0.9999980330467224 166.06809997558594
0.9999952912330627 0.0009156903252005577 -0.0029442033264786005 0.6547197103500366 -0.0009205014212056994 0.9999982118606567 -0.0016331059159711003 -2.209613561630249 0.0029427025001496077 0.001635808264836669 0.9999942779541016 167.33834838867188
0.9999943375587463 0.000897973426617682 -0.003248917870223522 0.640329122543335 -0.000901652267202735 0.9999990463256836 -0.0011311820708215237 -2.234381914138794 0.0032478992361575365 0.0011341051431372762 0.9999940395355225 168.60586547851562
0.9999900460243225 0.0011893132468685508 -0.004302387125790119 0.6334202885627747 -0.0011888047447428107 0.9999993443489075 0.00012067709030816332 -2.2561614513397217 0.0043025268241763115 -0.00011556125537026674 0.999990701675415 169.88284301757812
0.9999879002571106 0.0012022777227684855 -0.004772790241986513 0.6225062012672424 -0.0011983654694631696 0.999998927116394 0.0008225261117331684 -2.2810604572296143 0.004773773718625307 -0.0008167966734617949 0.9999881982803345 171.14898681640625
0.9999833703041077 0.0016739843413233757 -0.005526205059140921 0.6082462668418884 -0.0016685016453266144 0.999998152256012 0.000996577786281705 -2.2996137142181396 0.005527861882001162 -0.000987340696156025 0.9999841451644897 172.41957092285156
0.9999815225601196 0.001945929485373199 -0.005764685571193695 0.589000940322876 -0.0019383009057492018 0.9999972581863403 0.0013286549365147948 -2.322078227996826 0.005767254624515772 -0.0013174564810469747 0.999982476234436 173.70376586914062
0.9999759793281555 0.002411000430583954 -0.006493936292827129 0.5746321082115173 -0.0024071182124316692 0.9999969005584717 0.0006055579287931323 -2.344388246536255 0.006495375651866198 -0.000589911884162575 0.9999787211418152 174.95664978027344
0.9999718070030212 0.0032533796038478613 -0.006764373276382685 0.5523126721382141 -0.003252966096624732 0.999994695186615 7.208105671452358e-05 -2.3643527030944824 0.006764571648091078 -5.0074904720531777e-05 0.9999771118164062 176.2265625
0.9999700784683228 0.0034892940893769264 -0.0069025252014398575 0.5226554870605469 -0.0034877262078225613 0.9999938607215881 0.00023916079953778535 -2.379241943359375 0.006903317756950855 -0.0002150796353816986 0.9999760985374451 177.48362731933594
0.9999670386314392 0.003350653685629368 -0.007399405352771282 0.5099718570709229 -0.0033565410412847996 0.9999940395355225 -0.0007833791896700859 -2.4058964252471924 0.007396734785288572 0.0008081897394731641 0.9999723434448242 178.73509216308594
0.9999703168869019 0.0022566926199942827 -0.007368334103375673 0.49224305152893066 -0.0022745125461369753 0.9999945759773254 -0.0024110097438097 -2.426168203353882 0.007362852338701487 0.002427697414532304 0.9999699592590332 179.9985809326172
0.9999728798866272 -0.0006081889732740819 -0.0073405662551522255 0.4768730700016022 0.0005906078149564564 0.9999969005584717 -0.002396974479779601 -2.4503672122955322 0.007342000957578421 0.0023925742134451866 0.9999701976776123 181.26405334472656
0.9999651908874512 -0.0006135146832093596 -0.008311673067510128 0.470344215631485 0.0006253424216993153 0.9999988079071045 0.0014204897452145815 -2.472580909729004 0.008310792967677116 -0.0014256387948989868 0.9999644756317139 182.54310607910156
0.9999644160270691 -0.0013189481105655432 -0.00832407083362341 0.45324820280075073 0.001366156036965549 0.999983012676239 0.005668082740157843 -2.4923157691955566 0.00831645354628563 -0.005679253488779068 0.9999493360519409 183.81027221679688
0.9999660849571228 -0.0005208915681578219 -0.008220180869102478 0.43574491143226624 0.000563007197342813 0.9999867081642151 0.005121960770338774 -2.5075314044952393 0.008217405527830124 -0.005126415751874447 0.999953031539917 185.06483459472656
0.9999692440032959 0.0011094927322119474 -0.007757921237498522 0.4129151403903961 -0.001095576910302043 0.9999977946281433 0.0017977430252358317 -2.5218076705932617 0.0077598984353244305 -0.0017891881288960576 0.9999682903289795 186.31320190429688
0.9999648928642273 0.0010405111825093627 -0.008316232822835445 0.3943229913711548 -0.0010398199083283544 0.9999994039535522 8.743391663301736e-05 -2.5455689430236816 0.00831632036715746 -7.878341421019286e-05 0.9999653697013855 187.5530242919922
0.999965250492096 0.001473169308155775 -0.00820054579526186 0.3736995458602905 -0.0014718552120029926 0.9999988675117493 0.00016626760771032423 -2.563795804977417 0.008200781419873238 -0.00015419178816955537 0.9999663233757019 188.8009033203125
0.9999657869338989 0.0006131008267402649 -0.008250197395682335 0.35888680815696716 -0.000600796309299767 0.9999986886978149 0.0014937740052118897 -2.5892257690429688 0.00825110450387001 -0.0014887659344822168 0.9999648332595825 190.06484985351562
0.9999659657478333 0.0008608581847511232 -0.00820373184978962 0.34391048550605774 -0.0008289717370644212 0.9999920725822449 0.003889417974278331 -2.611295461654663 0.008207016624510288 -0.0038824849762022495 0.9999587535858154 191.3153839111328
0.9999731779098511 0.0001251536450581625 -0.007324725855141878 0.32621973752975464 -9.14007323444821e-05 0.99998939037323 0.004608232993632555 -2.6329421997070312 0.00732522364705801 -0.004607439506798983 0.9999625086784363 192.5677490234375
0.9999834299087524 0.00025017530424520373 -0.005751957651227713 0.310604989528656 -0.0002282824571011588 0.9999927878379822 0.003806472523137927 -2.6475799083709717 0.005752868484705687 -0.0038050960283726454 0.9999761581420898 193.810546875
0.9999901652336121 -0.000819150940515101 -0.004338789731264114 0.3005399703979492 0.0008301321067847311 0.9999964833259583 0.0025299375411123037 -2.671851634979248 0.0043367017060518265 -0.0025335149839520454 0.9999873042106628 195.03787231445312
0.9999940395355225 -0.001208724221214652 -0.0032115981448441744 0.2885470688343048 0.0012123254127800465 0.9999987483024597 0.0011195838451385498 -2.691990375518799 0.0032102400436997414 -0.0011234708363190293 0.999994158744812 196.27200317382812
