1.0 -5.428880285762716e-06 1.7612881492823362e-05 -1.8191608432971407e-06 5.428844360721996e-06 1.0 2.054834340015077e-06 5.751018647970341e-07 -1.7612892406759784e-05 -2.0547386156977154e-06 1.0 -5.973780844215071e-06
0.9999790787696838 0.0004022342909593135 -0.006456819828599691 -0.008148613385856152 -0.00039964262396097183 0.9999998211860657 0.0004026716633234173 -0.001981607638299465 0.0064569809474051 -0.00040008281939662993 0.9999790787696838 0.09150228649377823
0.9999074935913086 0.0009644170058891177 -0.013565178029239178 -0.01647304557263851 -0.0009620760101824999 0.9999995231628418 0.00017909568850882351 -0.002001510001718998 0.01356534380465746 -0.0001660283887758851 0.9999079704284668 0.18866613507270813
0.9997727870941162 0.0013856665464118123 -0.0212700217962265 -0.026077184826135635 -0.0013978870119899511 0.9999988675117493 -0.0005596794653683901 -0.002154781250283122 0.02126922458410263 0.0005892854533158243 0.9997736215591431 0.285386860370636
0.9995423555374146 0.0016986042028293014 -0.03020334802567959 -0.04299085959792137 -0.0017587891779839993 0.9999964833259583 -0.001966203562915325 -0.0020027151331305504 0.03019990399479866 0.002018424915149808 0.9995418190956116 0.390625923871994
0.9991260170936584 0.0019201785326004028 -0.041754864156246185 -0.0589732900261879 -0.0020651875529438257 0.9999919533729553 -0.003430008189752698 -0.004861248657107353 0.04174794256687164 0.003513242118060589 0.9991219639778137 0.5011752843856812
0.998479962348938 0.0017307291273027658 -0.05508817732334137 -0.08422864973545074 -0.001956090098246932 0.999989926815033 -0.004037256818264723 -0.007950358092784882 0.055080633610486984 0.0041388776153326035 0.9984732866287231 0.6260680556297302
0.9974288940429688 0.001813007052987814 -0.07164003700017929 -0.10853251069784164 -0.002135263755917549 0.9999879002571106 -0.004421950317919254 -0.004295027814805508 0.07163115590810776 0.004563551861792803 0.9974207282066345 0.761437177658081
0.9959057569503784 0.0002157769340556115 -0.0903974249958992 -0.13456767797470093 -0.0005964827141724527 0.9999910593032837 -0.004184472840279341 -0.009206485003232956 0.09039571136236191 0.004221261013299227 0.9958969950675964 0.9170059561729431
0.9939152002334595 -0.0007517258636653423 -0.11014563590288162 -0.17618250846862793 0.00027205809601582587 0.9999904036521912 -0.004369813948869705 -0.012592267245054245 0.1101478636264801 0.004313258454203606 0.9939058423042297 1.0753023624420166
0.9912246465682983 -0.0009412693907506764 -0.132184699177742 -0.215717613697052 0.000300590880215168 0.9999880790710449 -0.004866712260991335 -0.011588850989937782 0.13218769431114197 0.004784272518008947 0.9912130832672119 1.2228485345840454
0.9877037405967712 0.002600806299597025 -0.15631534159183502 -0.27143463492393494 -0.0036102314479649067 0.9999743700027466 -0.006174054462462664 -0.01709536649286747 0.1562952995300293 0.0066624716855585575 0.987687885761261 1.3920072317123413
0.9833183884620667 0.006969194393604994 -0.18175950646400452 -0.33793166279792786 -0.008476466871798038 0.9999357461929321 -0.007517173420637846 -0.024100564420223236 0.18169546127319336 0.008932452648878098 0.9833142161369324 1.5661492347717285
0.9779021739959717 0.009822140447795391 -0.2088322937488556 -0.40963417291641235 -0.011887243017554283 0.9998921155929565 -0.008636018261313438 -0.026968223974108696 0.20872488617897034 0.01092761941254139 0.9779133200645447 1.7471979856491089
0.9712244868278503 0.010468508116900921 -0.2379359006881714 -0.4880370497703552 -0.012995495460927486 0.9998745918273926 -0.009054318070411682 -0.026355210691690445 0.23781128227710724 0.0118858702480793 0.9712385535240173 1.931958794593811
0.9632546901702881 0.012433627620339394 -0.26830172538757324 -0.5778435468673706 -0.015239818952977657 0.9998487830162048 -0.00837891548871994 -0.03294651582837105 0.2681569755077362 0.012159900739789009 0.9632984399795532 2.1200854778289795
0.9537323713302612 0.01432003453373909 -0.30031588673591614 -0.6717246770858765 -0.017321450635790825 0.9998230934143066 -0.0073340293020009995 -0.035869866609573364 0.3001577854156494 0.012196606956422329 0.9538116455078125 2.310518741607666
0.9425003528594971 0.016098445281386375 -0.33381712436676025 -0.7765629291534424 -0.01943652331829071 0.9997889995574951 -0.006661990657448769 -0.030991535633802414 0.3336394131183624 0.01276717521250248 0.9426143169403076 2.5037436485290527
0.9299721717834473 0.018778279423713684 -0.3671499490737915 -0.8702957034111023 -0.022332560271024704 0.9997358918190002 -0.005434678867459297 -0.04508146271109581 0.3669508993625641 0.013253498822450638 0.9301458597183228 2.664992570877075
0.9160886406898499 0.02110801450908184 -0.4004199504852295 -0.9823257923126221 -0.025196190923452377 0.9996703267097473 -0.0049470351077616215 -0.042598992586135864 0.40018343925476074 0.014620981179177761 0.916318416595459 2.834927558898926
0.9000300168991089 0.022727100178599358 -0.4352347254753113 -1.0966107845306396 -0.02713496796786785 0.9996241331100464 -0.003914513159543276 -0.0494675375521183 0.43498218059539795 0.015333260409533978 0.9003084897994995 3.006681203842163
0.8814694881439209 0.018179843202233315 -0.471890926361084 -1.2249950170516968 -0.02303776890039444 0.9997243285179138 -0.004518534988164902 -0.04967382922768593 0.471678763628006 0.01485426165163517 0.8816453814506531 3.1949942111968994
0.8602253794670105 0.01296908874064684 -0.5097489953041077 -1.3622970581054688 -0.018096841871738434 0.9998232126235962 -0.005101664457470179 -0.050173744559288025 0.5095927715301514 0.013613429851830006 0.860308051109314 3.3730645179748535
0.8352222442626953 0.01472996361553669 -0.5497152805328369 -1.517472505569458 -0.018852489069104195 0.9998205900192261 -0.0018531347159296274 -0.05469723790884018 0.5495893359184265 0.011911279521882534 0.835349977016449 3.5461068153381348
0.8062695264816284 0.020731665194034576 -0.5911849737167358 -1.7070684432983398 -0.023770788684487343 0.9997139573097229 0.002638884587213397 -0.06571542471647263 0.5910705327987671 0.011925281025469303 0.8065317273139954 3.7207326889038086
0.7736261487007141 0.02373283915221691 -0.6331977844238281 -1.9019412994384766 -0.02690945751965046 0.9996273517608643 0.0045896186493337154 -0.06928104907274246 0.6330706477165222 0.01348835974931717 0.7739765644073486 3.886775493621826
0.7373727560043335 0.02268308959901333 -0.6751052141189575 -2.1108713150024414 -0.026011934503912926 0.9996482133865356 0.005176406819373369 -0.0681488960981369 0.6749850511550903 0.013743849471211433 0.7377033829689026 4.057547569274902
0.6979333162307739 0.018630700185894966 -0.7159203290939331 -2.333474636077881 -0.02005198411643505 0.9997780323028564 0.006469456013292074 -0.06983920931816101 0.7158819437026978 0.009840373881161213 0.6981518864631653 4.220492839813232
0.6550701260566711 0.014760058373212814 -0.755423903465271 -2.5709025859832764 -0.014626380987465382 0.9998694658279419 0.006852875463664532 -0.06659701466560364 0.7554265260696411 0.006560003384947777 0.6552005410194397 4.379159450531006
0.6102814674377441 0.014381133951246738 -0.7920541167259216 -2.8303654193878174 -0.012378321960568428 0.9998862743377686 0.008617132902145386 -0.06390149891376495 0.7920879125595093 0.004545424599200487 0.6103900671005249 4.527021408081055
0.562386155128479 0.015005539171397686 -0.8267384767532349 -3.106259346008301 -0.010245894081890583 0.9998849630355835 0.011178460903465748 -0.058933161199092865 0.8268112540245056 0.0021840627305209637 0.562475323677063 4.660606384277344
0.5112009644508362 0.01585393399000168 -0.8593149185180664 -3.40181303024292 -0.008284359239041805 0.9998742938041687 0.013518872670829296 -0.06016213446855545 0.8594211339950562 0.00020801182836294174 0.511268138885498 4.786083221435547
0.4589453339576721 0.01689031720161438 -0.8883039355278015 -3.7190704345703125 -0.008128120563924313 0.9998572468757629 0.014811985194683075 -0.04614569991827011 0.8884272575378418 0.00042235059663653374 0.4590170979499817 4.888574600219727
0.4041011333465576 0.01908034086227417 -0.9145152568817139 -4.033491134643555 -0.006319079082459211 0.9998167753219604 0.018067821860313416 -0.046227723360061646 0.9146924018859863 -0.001522332662716508 0.4041477143764496 4.981341361999512
0.3485090434551239 0.020974447950720787 -0.9370706677436829 -4.386143684387207 -0.006078389938920736 0.999779224395752 0.020117413252592087 -0.039556436240673065 0.9372856616973877 -0.0013152204919606447 0.3485596179962158 5.0650858879089355
0.2932913899421692 0.02428644336760044 -0.9557144641876221 -4.761680603027344 -0.0037990037817507982 0.999699056148529 0.02423832006752491 -0.035727113485336304 0.9560154676437378 -0.0034781289286911488 0.29329538345336914 5.134401321411133
0.23928654193878174 0.026077287271618843 -0.9705987572669983 -5.097231864929199 0.001394597114995122 0.9996289610862732 0.027201063930988312 -0.03897370398044586 0.9709479808807373 -0.00786244310438633 0.2391614317893982 5.194336891174316
0.1884651482105255 0.026544272899627686 -0.9817211627960205 -5.484658718109131 0.003513510338962078 0.9996100068092346 0.027702467516064644 -0.03415632247924805 0.9820736050605774 -0.008670235052704811 0.18829840421676636 5.229087829589844
0.14094099402427673 0.027606183663010597 -0.9896330833435059 -5.903143405914307 0.000986914150416851 0.999606728553772 0.028024958446621895 -0.026222914457321167 0.9900175333023071 -0.004926548805087805 0.14085832238197327 5.248055458068848
0.09848468005657196 0.02782871574163437 -0.9947494268417358 -6.334836959838867 -0.0010820918250828981 0.9996113181114197 0.027857599779963493 -0.012996003031730652 0.9951380491256714 -0.0016671365592628717 0.09847651422023773 5.250814914703369
0.06047229468822479 0.026263918727636337 -0.9978243112564087 -6.766289234161377 -0.0010392527328804135 0.9996548891067505 0.026249118149280548 -0.006659984588623047 0.9981693625450134 -0.0005503530846908689 0.06047872081398964 5.249392986297607
0.026034042239189148 0.023395290598273277 -0.9993872046470642 -7.227788925170898 -0.0003756719524972141 0.9997262954711914 0.023393435403704643 0.002487495541572571 0.9996609091758728 -0.00023358424368780106 0.02603570744395256 5.23491096496582
-0.005034089088439941 0.02072255313396454 -0.9997726082801819 -7.7004499435424805 -0.0001483625965192914 0.9997852444648743 0.020723557099699974 0.007728099822998047 0.9999873638153076 0.00025265273870900273 -0.005029931664466858 5.202454566955566
-0.03207297623157501 0.01902705989778042 -0.9993045330047607 -8.189358711242676 -0.00041752035031095147 0.9998184442520142 0.019050249829888344 0.01232004165649414 0.999485433101654 0.0010282283183187246 -0.03205921873450279 5.172306537628174
-0.052668798714876175 0.01647040992975235 -0.9984762668609619 -8.69735336303711 -0.0012538116425275803 0.9998621940612793 0.016559405252337456 0.023013554513454437 0.9986112117767334 0.0021240650676190853 -0.0526408813893795 5.123866081237793
-0.06894932687282562 0.015612521208822727 -0.9974980354309082 -9.215001106262207 -0.0009307474247179925 0.9998761415481567 0.015714075416326523 0.03452245891094208 0.9976196885108948 0.002011894015595317 -0.06892624497413635 5.073630332946777
-0.08212139457464218 0.015903867781162262 -0.9964953660964966 -9.75728702545166 5.744724694523029e-05 0.9998727440834045 0.015953034162521362 0.04379637539386749 0.9966223239898682 0.0012528395745903254 -0.08211186528205872 5.021167755126953
-0.0916234627366066 0.01715688966214657 -0.9956459403038025 -10.308273315429688 1.4745004591532052e-05 0.9998515844345093 0.017228003591299057 0.04900165647268295 0.9957937002182007 0.0015638087643310428 -0.09161011874675751 4.96075439453125
-0.09835715591907501 0.01853400468826294 -0.9949785470962524 -10.881131172180176 -0.002643933752551675 0.9998181462287903 0.01888551563024521 0.0463620126247406 0.995147705078125 0.004488182719796896 -0.09829025715589523 4.893733978271484
-0.10291364789009094 0.019580993801355362 -0.9944974780082703 -11.47816276550293 -0.0024677689652889967 0.9997981190681458 0.019940728321671486 0.05265228450298309 0.9946872591972351 0.004506364464759827 -0.10284455865621567 4.827413558959961
-0.10423032194375992 0.020083600655198097 -0.994350254535675 -12.08407974243164 -0.0004373118281364441 0.999795138835907 0.020239409059286118 0.06531298160552979 0.9945531487464905 0.0025444014463573694 -0.10420016199350357 4.760791301727295
-0.10304152965545654 0.022241586819291115 -0.994428277015686 -12.699049949645996 0.0013937584590166807 0.9997522234916687 0.02221623994410038 0.07313834130764008 0.9946761727333069 0.0009032029192894697 -0.10304699093103409 4.695644378662109
-0.10153717547655106 0.02484939992427826 -0.9945213198661804 -13.335070610046387 0.0009618693147785962 0.9996898770332336 0.024880344048142433 0.07723736763000488 0.9948313236236572 0.0015696804039180279 -0.10152960568666458 4.628627777099609
-0.09985294193029404 0.024719536304473877 -0.9946950674057007 -14.000210762023926 -0.0011127301258966327 0.9996879696846008 0.02495531365275383 0.08418187499046326 0.9950015544891357 0.0035986891016364098 -0.09979427605867386 4.556337356567383
-0.09844675660133362 0.022306742146611214 -0.9948922991752625 -14.666489601135254 -0.0027687549591064453 0.9997387528419495 0.022689377889037132 0.09294746816158295 0.99513840675354 0.004988308995962143 -0.09835927933454514 4.491034507751465
-0.0970916822552681 0.02205355279147625 -0.9950309991836548 -15.34934139251709 -0.0027292240411043167 0.9997448325157166 0.022424332797527313 0.10851982235908508 0.995271623134613 0.004892879631370306 -0.09700670093297958 4.421224117279053
-0.0952267199754715 0.02446766197681427 -0.9951547980308533 -16.05699920654297 -0.0037641359958797693 0.9996818900108337 0.02493915893137455 0.11924883723258972 0.9954484701156616 0.006120773032307625 -0.09510434418916702 4.348316192626953
-0.09344107657670975 0.028397247195243835 -0.995219886302948 -16.772445678710938 -0.0042480407282710075 0.9995726943016052 0.028920304030179977 0.12558668851852417 0.9956156611442566 0.006930078845471144 -0.09328054636716843 4.277304649353027
-0.09174255281686783 0.030285412445664406 -0.995322048664093 -17.500362396240234 -0.004238639958202839 0.9995164275169373 0.030803726986050606 0.13860946893692017 0.9957736730575562 0.00704482477158308 -0.09156983345746994 4.2069621086120605
-0.08990217745304108 0.029737932607531548 -0.9955065250396729 -18.239341735839844 -0.006036172620952129 0.9995194673538208 0.03040292114019394 0.148759126663208 0.9959322810173035 0.008742337115108967 -0.08967947214841843 4.134234428405762
-0.08822102844715118 0.026353776454925537 -0.9957522749900818 -18.997495651245117 -0.008769228123128414 0.9995906352996826 0.027232294902205467 0.16920897364616394 0.9960622191429138 0.011134439148008823 -0.08795380592346191 4.054632663726807
-0.0867047980427742 0.025772824883461 -0.9959006309509277 -19.773103713989258 -0.009319600649178028 0.9996006488800049 0.026679951697587967 0.18363597989082336 0.9961904287338257 0.011594675481319427 -0.08642997592687607 3.9885802268981934
-0.08527623862028122 0.028422044590115547 -0.9959520101547241 -20.53973960876465 -0.006941571366041899 0.9995518326759338 0.029119139537215233 0.19530147314071655 0.996333122253418 0.009396642446517944 -0.08504074066877365 3.9276444911956787
-0.08412408083677292 0.030377879738807678 -0.995992124080658 -21.33002281188965 -0.005100548267364502 0.9995089173316956 0.030915947631001472 0.2106831669807434 0.9964421987533569 0.007680882699787617 -0.08392781764268875 3.8597702980041504
-0.0827513188123703 0.0323810838162899 -0.9960440397262573 -22.126712799072266 -0.003954601474106312 0.9994533658027649 0.03282047063112259 0.2199016809463501 0.9965623617172241 0.006654894910752773 -0.08257802575826645 3.7895331382751465
-0.08213130384683609 0.02791351079940796 -0.9962306022644043 -22.926982879638672 -0.0037312484346330166 0.9995919466018677 0.028315313160419464 0.22867560386657715 0.9966145753860474 0.0060427566058933735 -0.08199365437030792 3.719182014465332
-0.08188680559396744 0.0205366387963295 -0.9964300990104675 -23.73340606689453 -0.0027357409708201885 0.999779224395752 0.020830489695072174 0.24401654303073883 0.9966379404067993 0.004431718494743109 -0.0818125531077385 3.65622615814209
-0.08203231543302536 0.016279643401503563 -0.9964966773986816 -24.557205200195312 0.0010411149123683572 0.9998674392700195 0.016249004751443863 0.24944093823432922 0.9966290593147278 0.0002954762021545321 -0.08203839510679245 3.586109161376953
-0.08244703710079193 0.016868848353624344 -0.9964526891708374 -25.386581420898438 0.0023394885938614607 0.9998571872711182 0.01673291251063347 0.2622528076171875 0.99659264087677 -0.0009516102727502584 -0.08247474581003189 3.5165038108825684
-0.08226149529218674 0.024564722552895546 -0.996307909488678 -26.21996307373047 0.0015414467779919505 0.9996981024742126 0.024521032348275185 0.26459431648254395 0.9966095089912415 0.00048138099373318255 -0.08227451890707016 3.4355502128601074
-0.08313221484422684 0.031904187053442 -0.9960276484489441 -27.077816009521484 -2.00328286155127e-05 0.9994872212409973 0.032016679644584656 0.27257728576660156 0.9965385794639587 0.002681570127606392 -0.0830889567732811 3.3707988262176514
-0.08336037397384644 0.03705669194459915 -0.9958303570747375 -27.913368225097656 -0.0018866858445107937 0.9993007183074951 0.037343770265579224 0.28353965282440186 0.9965176582336426 0.004991809371858835 -0.08323217183351517 3.2881243228912354
-0.08368409425020218 0.03755767270922661 -0.995784342288971 -28.756967544555664 -0.0036547889467328787 0.9992711544036865 0.0379963293671608 0.2935851216316223 0.9964855909347534 0.006819069851189852 -0.08348584175109863 3.2103519439697266
-0.08381154388189316 0.03373885899782181 -0.9959102272987366 -29.5964298248291 -0.0036181933246552944 0.9994098544120789 0.03416190296411514 0.3135848641395569 0.9964750409126282 0.006466557737439871 -0.08364001661539078 3.129077196121216
-0.08384467661380768 0.03094945102930069 -0.9959980249404907 -30.427536010742188 -0.004295565653592348 0.9994970560073853 0.031419787555933 0.327339231967926 0.9964696168899536 0.006912756711244583 -0.08366956561803818 3.049994468688965
-0.08426153659820557 0.03243264555931091 -0.9959157109260559 -31.266347885131836 -0.005310163367539644 0.9994412660598755 0.032996732741594315 0.34149837493896484 0.996429443359375 0.008068830706179142 -0.08404221385717392 2.9711499214172363
-0.08431193232536316 0.03459390625357628 -0.9958387613296509 -32.108734130859375 -0.006303910631686449 0.999358594417572 0.035249896347522736 0.35371851921081543 0.9964194297790527 0.009249664843082428 -0.08403977751731873 2.8971776962280273
-0.08410226553678513 0.03329835087060928 -0.9959006309509277 -32.933143615722656 -0.007101912517100573 0.9993960857391357 0.03401495888829231 0.3626320958137512 0.996431827545166 0.009933535009622574 -0.08381496369838715 2.820535659790039
-0.08393282443284988 0.028173120692372322 -0.9960731267929077 -33.75828170776367 -0.00774190342053771 0.9995515942573547 0.028923867270350456 0.37435102462768555 0.9964413046836853 0.010139165446162224 -0.08367707580327988 2.749735116958618
-0.08344321697950363 0.023827528581023216 -0.9962276816368103 -34.592628479003906 -0.009329378604888916 0.9996515512466431 0.02469085156917572 0.38827452063560486 0.9964689016342163 0.011354468762874603 -0.08319183439016342 2.6670713424682617
-0.08303288370370865 0.02456890232861042 -0.9962438941001892 -35.41345977783203 -0.009379765950143337 0.9996324777603149 0.025434236973524094 0.39430591464042664 0.9965026378631592 0.011456415057182312 -0.08277192711830139 2.601168155670166
-0.08240777999162674 0.027174189686775208 -0.9962280988693237 -36.241790771484375 -0.008013693615794182 0.9995778799057007 0.027928445488214493 0.40026533603668213 0.9965665340423584 0.010284990072250366 -0.08215520530939102 2.5299973487854004
-0.08174391835927963 0.03200633078813553 -0.9961392879486084 -37.09219741821289 -0.007768123410642147 0.9994333982467651 0.03274962678551674 0.4132797122001648 0.9966230392456055 0.010415215976536274 -0.0814489796757698 2.448143243789673
-0.08159337192773819 0.03755171224474907 -0.9959579706192017 -37.91947555541992 -0.007124905474483967 0.9992424845695496 0.03825925290584564 0.430181622505188 0.9966402053833008 0.010217810049653053 -0.08126400411128998 2.389068126678467
-0.0814206451177597 0.04068657383322716 -0.9958490133285522 -38.774600982666016 -0.0073728980496525764 0.9991145133972168 0.041422802954912186 0.44609534740448 0.9966524839401245 0.01071496307849884 -0.08104857802391052 2.303774118423462
-0.08106154948472977 0.040673624724149704 -0.9958788156509399 -39.60527038574219 -0.006689050234854221 0.9991223812103271 0.04135056212544441 0.4658867120742798 0.9966866374015808 0.010013424791395664 -0.08071833848953247 2.232083559036255
-0.08091269433498383 0.03609497845172882 -0.9960674047470093 -40.42692947387695 -0.007203519809991121 0.9992967247962952 0.03679715469479561 0.4858190417289734 0.9966951012611389 0.010152548551559448 -0.08059578388929367 2.1613950729370117
-0.08045243471860886 0.03192766010761261 -0.9962470531463623 -41.26095962524414 -0.008009967394173145 0.9994338750839233 0.03267664089798927 0.4990089535713196 0.9967262148857117 0.010608820244669914 -0.08015115559101105 2.081791400909424
-0.08005114644765854 0.029357921332120895 -0.9963582754135132 -42.080204010009766 -0.012308199889957905 0.9994608759880066 0.030438221991062164 0.5083152055740356 0.9967147707939148 0.014699991792440414 -0.07964664697647095 2.001397132873535
-0.08090036362409592 0.02750936895608902 -0.9963425993919373 -42.90528869628906 -0.015683969482779503 0.9994601011276245 0.02886894717812538 0.5214265584945679 0.9965987801551819 0.01796211674809456 -0.08042524009943008 1.932866096496582
-0.0817539393901825 0.02557435631752014 -0.996324360370636 -43.72142791748047 -0.013622679747641087 0.9995486736297607 0.0267749335616827 0.5292161107063293 0.9965594410896301 0.015761567279696465 -0.08136864006519318 1.8659703731536865
-0.08275860548019409 0.021913519129157066 -0.996328592300415 -44.550968170166016 -0.010355506092309952 0.9996853470802307 0.022847509011626244 0.534172534942627 0.9965158104896545 0.012208318337798119 -0.08250563591718674 1.7937548160552979
-0.08358358591794968 0.020401719957590103 -0.9962918758392334 -45.36710739135742 -0.005461441818624735 0.9997661113739014 0.020931046456098557 0.5467820167541504 0.9964857697486877 0.007190681993961334 -0.08345261216163635 1.7280583381652832
-0.08566490560770035 0.02411781996488571 -0.9960319399833679 -46.18175506591797 -0.005054923240095377 0.999683678150177 0.024640988558530807 0.5511506795883179 0.9963111281394958 0.007145736366510391 -0.08551588654518127 1.6551594734191895
-0.08681908249855042 0.029923686757683754 -0.9957745671272278 -47.01634979248047 -0.0037686917930841446 0.9995318651199341 0.03036518022418022 0.55757075548172 0.9962169528007507 0.0063890437595546246 -0.08666566014289856 1.5671920776367188
-0.08888404071331024 0.03415621072053909 -0.9954561591148376 -47.83245086669922 -0.0013344691833481193 0.9994068145751953 0.034410927444696426 0.5608458518981934 0.9960409998893738 0.004386987537145615 -0.08878575265407562 1.5110301971435547
-0.09025924652814865 0.03314283490180969 -0.9953666925430298 -48.64107131958008 -0.0013261259300634265 0.9994412660598755 0.03339875862002373 0.5720789432525635 0.9959173798561096 0.004334528464823961 -0.09016487002372742 1.4328579902648926
-0.09132564812898636 0.028973180800676346 -0.9953994750976562 -49.437042236328125 -0.004713708534836769 0.9995529055595398 0.029526541009545326 0.5840246677398682 0.9958099126815796 0.007388554513454437 -0.0911482647061348 1.3491005897521973
-0.09257794171571732 0.025366660207509995 -0.9953821897506714 -50.22589874267578 -0.009536348283290863 0.9996070861816406 0.026361268013715744 0.590308427810669 0.9956598281860352 0.01193278469145298 -0.09229966253042221 1.2618379592895508
-0.0940297469496727 0.02412262000143528 -0.9952771067619324 -51.01521682739258 -0.013590535148978233 0.9995821118354797 0.025510938838124275 0.595339298248291 0.9954765439033508 0.01592513546347618 -0.09366263449192047 1.175611972808838
-0.09490060061216354 0.0253011342138052 -0.9951651692390442 -51.799163818359375 -0.015201548114418983 0.9995236992835999 0.026861591264605522 0.6001074314117432 0.9953706860542297 0.017677228897809982 -0.09447076916694641 1.0939044952392578
-0.09590741991996765 0.026939593255519867 -0.995025634765625 -52.58631134033203 -0.01517852395772934 0.9994779229164124 0.028523148968815804 0.6066319346427917 0.995274543762207 0.017838602885603905 -0.09544844180345535 1.0135235786437988
-0.09676528722047806 0.026399562135338783 -0.9949569702148438 -53.36948776245117 -0.01693754829466343 0.9994597434997559 0.028166308999061584 0.6132310032844543 0.995163083076477 0.019577650353312492 -0.09626585245132446 0.9293112754821777
-0.09735459834337234 0.02632885053753853 -0.9949014186859131 -54.147071838378906 -0.017629127949476242 0.9994475841522217 0.028174227103590965 0.6207775473594666 0.995093584060669 0.020282132551074028 -0.0968366339802742 0.8463454246520996
-0.09791192412376404 0.028124859556555748 -0.9947975873947144 -54.922142028808594 -0.016088608652353287 0.9994251728057861 0.02983919531106949 0.6286740303039551 0.9950649738311768 0.018926521763205528 -0.0974031463265419 0.7684965133666992
-0.09801503270864487 0.030797354876995087 -0.9947082996368408 -55.69209289550781 -0.015635043382644653 0.9993499517440796 0.03248169645667076 0.6408451795578003 0.9950621724128723 0.01873600110411644 -0.09746979176998138 0.6903200149536133
-0.09836776554584503 0.035241782665252686 -0.9945260286331177 -56.470401763916016 -0.015270874835550785 0.9992015361785889 0.036917898803949356 0.6485730409622192 0.9950329661369324 0.01881881058216095 -0.09775107353925705 0.6096577644348145
-0.0989389568567276 0.03733118250966072 -0.994392991065979 -57.23114776611328 -0.015551295131444931 0.9991160035133362 0.03905579447746277 0.6618986129760742 0.9949720501899719 0.019328240305185318 -0.098270945250988 0.5315666198730469
-0.0996355339884758 0.037358153611421585 -0.9943224191665649 -57.98471450805664 -0.015147374011576176 0.9991222023963928 0.03905632346868515 0.6727074384689331 0.9949086308479309 0.01895276829600334 -0.09898220747709274 0.4542069435119629
-0.09998452663421631 0.03559502214193344 -0.9943521022796631 -58.725521087646484 -0.014553343877196312 0.9992006421089172 0.037231966853141785 0.6812920570373535 0.9948825240135193 0.018193766474723816 -0.09938658773899078 0.3778533935546875
-0.09990502148866653 0.031838104128837585 -0.994487464427948 -59.449886322021484 -0.014085009694099426 0.9993425011634827 0.033408503979444504 0.6968683004379272 0.9948972463607788 0.017345041036605835 -0.0993909165263176 0.3006730079650879
-0.09968394786119461 0.028843559324741364 -0.9946009516716003 -60.18543243408203 -0.01467999629676342 0.9994283318519592 0.030454855412244797 0.7068750858306885 0.9949108362197876 0.017636599019169807 -0.09920354187488556 0.21767330169677734
-0.09860972315073013 0.02660106122493744 -0.9947704672813416 -60.89336395263672 -0.015306842513382435 0.9994838237762451 0.028244435787200928 0.7154980301856995 0.9950084090232849 0.018011974170804024 -0.09815163165330887 0.14551496505737305
-0.09614676982164383 0.025852421298623085 -0.9950314164161682 -61.58684158325195 -0.01804487034678459 0.9994531273841858 0.0277109257876873 0.7190045118331909 0.9952036142349243 0.020619532093405724 -0.09562766551971436 0.07000255584716797
-0.0913703665137291 0.026693906635046005 -0.9954591393470764 -62.28702163696289 -0.01806321181356907 0.9994317293167114 0.028458409011363983 0.7266321182250977 0.9956530928611755 0.02058144100010395 -0.09083624184131622 -0.008097648620605469
-0.08586585521697998 0.028630739077925682 -0.9958953261375427 -62.935733795166016 -0.01803048700094223 0.9993786811828613 0.030285470187664032 0.7245558500289917 0.9961435198783875 0.020556965842843056 -0.08529627323150635 -0.057030677795410156
-0.07909110188484192 0.03000369668006897 -0.9964157938957214 -63.57704162597656 -0.016588764265179634 0.9993689060211182 0.0314093641936779 0.7336229085922241 0.9967293739318848 0.019013507291674614 -0.07854346185922623 -0.09834146499633789
-0.07016859203577042 0.031082842499017715 -0.9970507621765137 -64.21556091308594 -0.017725607380270958 0.9993177652359009 0.03240097686648369 0.7404658794403076 0.9973776936531067 0.019946856424212456 -0.06956975162029266 -0.14495515823364258
-0.0582902766764164 0.032921258360147476 -0.9977567791938782 -64.83956146240234 -0.019727515056729317 0.9992229342460632 0.034122154116630554 0.7475072145462036 0.9981048107147217 0.021672245115041733 -0.057595521211624146 -0.18601512908935547
-0.04339022934436798 0.03451356291770935 -0.9984619617462158 -65.43982696533203 -0.022984877228736877 0.9991039633750916 0.03553462401032448 0.7529867887496948 0.9987937211990356 0.024491379037499428 -0.042558059096336365 -0.21227097511291504
-0.02491108328104019 0.0357951745390892 -0.99904865026474 -66.03368377685547 -0.023966463282704353 0.9990500807762146 0.036392826586961746 0.7620937824249268 0.9994024038314819 0.02485024556517601 -0.024029534310102463 -0.2231374979019165
-0.0031201615929603577 0.03646465390920639 -0.9993301033973694 -66.59230041503906 -0.02509012259542942 0.9990173578262329 0.036531589925289154 0.7747583389282227 0.9996803402900696 0.0251872967928648 -0.0022021904587745667 -0.2062072604894638
0.02273479290306568 0.03685423731803894 -0.9990621209144592 -67.10946655273438 -0.024838978424668312 0.9990325570106506 0.03628792241215706 0.7792832851409912 0.9994329214096069 0.023990679532289505 0.023628225550055504 -0.1867309808731079
0.052223607897758484 0.036219947040081024 -0.9979784488677979 -67.63509368896484 -0.023456618189811707 0.9991108179092407 0.03503357991576195 0.7890925407409668 0.9983599781990051 0.021579615771770477 0.053026773035526276 -0.14250421524047852
0.08656874299049377 0.03588524088263512 -0.9955993294715881 -68.14115905761719 -0.022174326702952385 0.9991729259490967 0.034085944294929504 0.7995431423187256 0.9959990382194519 0.019125966355204582 0.08729287981987 -0.07815837860107422
0.12394426017999649 0.036042194813489914 -0.9916344285011292 -68.6127700805664 -0.02180522494018078 0.999197781085968 0.03359166532754898 0.807104229927063 0.9920495748519897 0.017459318041801453 0.12463074177503586 0.008799552917480469
0.16510459780693054 0.03621913492679596 -0.9856107234954834 -69.06249237060547 -0.021685659885406494 0.9992172122001648 0.033086471259593964 0.8048101663589478 0.98603755235672 0.01591089367866516 0.16576078534126282 0.10074710845947266
0.21036696434020996 0.037225864827632904 -0.9769134521484375 -69.4869384765625 -0.021390268579125404 0.9992108345031738 0.033469367772340775 0.812671422958374 0.9773884415626526 0.013855594210326672 0.21099722385406494 0.2109670639038086
0.25826096534729004 0.035765960812568665 -0.9654128551483154 -69.91075134277344 -0.01749180629849434 0.9993237257003784 0.03234297037124634 0.809899091720581 0.9659166932106018 0.00853388849645853 0.25871193408966064 0.36870765686035156
0.30789047479629517 0.03094128519296646 -0.9509184956550598 -70.3147201538086 -0.009531569667160511 0.9995211958885193 0.02943657711148262 0.8062561750411987 0.9513740539550781 5.002948455512524e-07 0.30803799629211426 0.5478363037109375
0.3599183261394501 0.026405462995171547 -0.9326099753379822 -70.66468811035156 -0.00537665281444788 0.9996415376663208 0.026228370144963264 0.8007164001464844 0.9329683184623718 -0.0044257501140236855 0.3599312901496887 0.7130985260009766
0.4120841324329376 0.021681973710656166 -0.9108877182006836 -71.04771423339844 -0.00046180468052625656 0.9997217059135437 0.023587577044963837 0.8080237507820129 0.9111457467079163 -0.009299416095018387 0.41197943687438965 0.9305610656738281
0.46359628438949585 0.02099597081542015 -0.8857977390289307 -71.43025207519531 -0.0008950589690357447 0.9997298121452332 0.02322804555296898 0.820612370967865 0.8860461115837097 -0.009975595399737358 0.4634898006916046 1.1640205383300781
0.5115761756896973 0.019931014627218246 -0.8590067028999329 -71.79695892333984 0.0008448143489658833 0.9997187852859497 0.023698996752500534 0.8226408362388611 0.859237551689148 -0.012849545106291771 0.5114155411720276 1.4240264892578125
0.556408166885376 0.014794794842600822 -0.8307773470878601 -72.14973449707031 0.009182995185256004 0.9996708631515503 0.02395276539027691 0.8361204862594604 0.8308584690093994 -0.02095653861761093 0.5560891628265381 1.715545654296875
0.5999709367752075 0.008553406223654747 -0.799976110458374 -72.46586608886719 0.01933322660624981 0.999495804309845 0.025186333805322647 0.8333621025085449 0.7997881770133972 -0.03057718649506569 0.5995029807090759 2.0210914611816406
0.6437122821807861 0.004568217322230339 -0.7652539610862732 -72.7620849609375 0.019818374887108803 0.9995472431182861 0.02263754978775978 0.8251503705978394 0.7650109529495239 -0.029738157987594604 0.6433302760124207 2.302997589111328
0.6848586797714233 -0.00028251437470316887 -0.728675901889801 -73.06414794921875 0.017226019874215126 0.9997267127037048 0.015802565962076187 0.8280497193336487 0.7284722328186035 -0.023374708369374275 0.6846763491630554 2.624755859375
0.7257599830627441 -0.007027977146208286 -0.687912106513977 -73.34993743896484 0.01357363909482956 0.9998995065689087 0.004105081781744957 0.8330901861190796 0.687813937664032 -0.012316778302192688 0.7257823944091797 2.9620704650878906
0.7648148536682129 -0.009974025189876556 -0.6441729068756104 -73.62034606933594 0.009230848401784897 0.999947190284729 -0.004523027688264847 0.8400460481643677 0.6441839933395386 -0.00248698890209198 0.7648664712905884 3.329204559326172
0.8017582297325134 -0.00995606929063797 -0.5975656509399414 -73.85750579833984 0.007061476819217205 0.9999492764472961 -0.00718576880171895 0.8310739398002625 0.5976067781448364 0.0015415532980114222 0.8017879724502563 3.7010421752929688
0.8355686068534851 -0.011443003080785275 -0.5492668151855469 -74.08918762207031 0.007744248956441879 0.9999290704727173 -0.009050865657627583 0.8267635703086853 0.5493314266204834 0.00330895883962512 0.8355979323387146 4.1264495849609375
0.8660035133361816 -0.010070180520415306 -0.49993661046028137 -74.31039428710938 0.005086822900921106 0.9999229311943054 -0.011329833418130875 0.821094274520874 0.5000120997428894 0.007268584333360195 0.8659879565238953 4.5709075927734375
0.8917713761329651 -0.00860120914876461 -0.45240429043769836 -74.51436614990234 0.004520529415458441 0.9999387860298157 -0.010100267827510834 0.8077083230018616 0.4524635076522827 0.006962024141103029 0.8917557001113892 5.048589706420898
0.9133636355400085 -0.002029285067692399 -0.40713968873023987 -74.73225402832031 -0.0019049951806664467 0.9999553561210632 -0.009257626719772816 0.7984891533851624 0.4071403443813324 0.009231179021298885 0.9133189916610718 5.540824890136719
0.930800199508667 0.0020641516894102097 -0.3655226230621338 -74.91895294189453 -0.006596848368644714 0.9999160170555115 -0.011152169667184353 0.7934204339981079 0.3654688596725464 0.012791740708053112 0.93073570728302 6.057823181152344
0.9442655444145203 0.007186334580183029 -0.32910633087158203 -75.09408569335938 -0.01093339268118143 0.9998947381973267 -0.00953627284616232 0.7820982933044434 0.32900312542915344 0.01260302308946848 0.9442446827888489 6.597358703613281
0.9543043971061707 0.007926580496132374 -0.29873135685920715 -75.25721740722656 -0.010715332813560963 0.9999129772186279 -0.007698545232415199 0.76986163854599 0.2986443042755127 0.010547761805355549 0.9543062448501587 7.151517868041992
0.961603045463562 0.007485781796276569 -0.2743420898914337 -75.41679382324219 -0.009612015448510647 0.9999333024024963 -0.006406822707504034 0.7623063921928406 0.2742758095264435 0.008797798305749893 0.9616107940673828 7.7266998291015625
0.9674092531204224 0.00782758742570877 -0.25309687852859497 -75.56171417236328 -0.009254557080566883 0.9999473094940186 -0.004447975195944309 0.7557101845741272 0.25304868817329407 0.00664531160145998 0.9674307107925415 8.322633743286133
0.9720003604888916 0.009893784299492836 -0.23477105796337128 -75.705078125 -0.010601526126265526 0.9999423027038574 -0.0017526554875075817 0.7468785643577576 0.23474007844924927 0.0041925134137272835 0.9720490574836731 8.939661026000977
0.9755655527114868 0.014843483455479145 -0.21920645236968994 -75.85960388183594 -0.015353566966950893 0.9998819828033447 -0.0006235167384147644 0.7435643076896667 0.21917127072811127 0.003973882645368576 0.9756782054901123 9.584395408630371
0.9783149361610413 0.018860114738345146 -0.2062625139951706 -75.99727630615234 -0.019071049988269806 0.9998176097869873 0.0009656649199314415 0.7310702800750732 0.2062431424856186 0.0029889182187616825 0.9784961938858032 10.224065780639648
0.9810150265693665 0.01741848513484001 -0.19314824044704437 -76.12355041503906 -0.017597047612071037 0.9998448491096497 0.0007911900756880641 0.723061740398407 0.19313202798366547 0.0026226688642054796 0.9811692237854004 10.888444900512695
0.983612060546875 0.01767696440219879 -0.1794295608997345 -76.24329376220703 -0.017880072817206383 0.9998400807380676 0.0004853244172409177 0.7136375308036804 0.17940941452980042 0.0027308424469083548 0.9837707281112671 11.565808296203613
0.9861394166946411 0.017914336174726486 -0.16494886577129364 -76.35486602783203 -0.017980653792619705 0.9998377561569214 0.0010912101715803146 0.7080953121185303 0.16494165360927582 0.0018898037960752845 0.9863014817237854 12.267345428466797
0.9883620142936707 0.01962689869105816 -0.15084901452064514 -76.46435546875 -0.019636597484350204 0.9998062252998352 0.0014254336711019278 0.7016544342041016 0.15084773302078247 0.0015533172991126776 0.9885557889938354 12.981793403625488
0.9902679324150085 0.019271787256002426 -0.1378333568572998 -76.5669937133789 -0.01964058168232441 0.9998062252998352 -0.0013159700902178884 0.6895304322242737 0.1377813220024109 0.004010290373116732 0.9904545545578003 13.69076156616211
0.9917466044425964 0.01975385844707489 -0.12668251991271973 -76.65715026855469 -0.02073371596634388 0.9997643828392029 -0.006420687772333622 0.6751866936683655 0.1265258640050888 0.008994296193122864 0.9919224977493286 14.415966987609863
0.992912769317627 0.018359754234552383 -0.11741863191127777 -76.74087524414062 -0.01998268999159336 0.9997201561927795 -0.012659421190619469 0.6643751859664917 0.11715338379144669 0.014916041865944862 0.9930018186569214 15.158424377441406
0.9938573837280273 0.017800023779273033 -0.10922779142856598 -76.82633209228516 -0.019302623346447945 0.9997327923774719 -0.01271461509168148 0.6530132293701172 0.10897230356931686 0.014744898304343224 0.9939354062080383 15.916921615600586
0.9945791959762573 0.01986505463719368 -0.10206717997789383 -76.91049194335938 -0.020668255165219307 0.9997631311416626 -0.006817749701440334 0.6378389596939087 0.10190760344266891 0.008890341967344284 0.9947541356086731 16.67841339111328
0.9949473738670349 0.023810673505067825 -0.09753337502479553 -77.00035095214844 -0.023776328191161156 0.9997161030769348 0.001514578820206225 0.6158512830734253 0.09754175692796707 0.0008120592683553696 0.995231032371521 17.47991371154785
0.9953764081001282 0.024877633899450302 -0.09277337789535522 -77.0808334350586 -0.024498308077454567 0.9996862411499023 0.005225508473813534 0.6022000312805176 0.09287425875663757 -0.0029285564087331295 0.9956735372543335 18.24655532836914
0.9957112073898315 0.023312721401453018 -0.08953052014112473 -77.15042877197266 -0.02300664596259594 0.9997254610061646 0.004449279047548771 0.5890518426895142 0.08960964530706406 -0.0023704003542661667 0.9959741234779358 19.019363403320312
0.995962381362915 0.02306949906051159 -0.0867561399936676 -77.21636199951172 -0.02286500483751297 0.9997329711914062 0.0033501924481242895 0.5803719758987427 0.08681025356054306 -0.0013529860880225897 0.9962239265441895 19.79225730895996
