1.0 7.451516381706824e-08 -9.709591495266068e-07 2.049027352768462e-05 -7.451556882642763e-08 1.0 -4.1573960629648354e-07 1.76978778654302e-06 9.709591495266068e-07 4.157396631399024e-07 1.0 3.2070618090074277e-06
0.9999789595603943 0.00040546711534261703 -0.006474690977483988 -0.008101051673293114 -0.00040283138514496386 0.9999998211860657 0.0004083768872078508 -0.0020735440775752068 0.006474855821579695 -0.0004057600744999945 0.9999789595603943 0.0915800929069519
0.9999076128005981 0.0009396066889166832 -0.013561462983489037 -0.016574956476688385 -0.0009373228531330824 0.9999995231628418 0.00017476138600613922 -0.0019062585197389126 0.013561621308326721 -0.00016203377163037658 0.9999080300331116 0.18834620714187622
0.9997724890708923 0.001390298712067306 -0.021284770220518112 -0.02608247473835945 -0.0014026097487658262 0.9999988675117493 -0.0005634795525111258 -0.002149430103600025 0.021283961832523346 0.0005932055646553636 0.9997733235359192 0.285381942987442
0.9995418190956116 0.0017063553677871823 -0.03021988272666931 -0.04294050857424736 -0.0017670670058578253 0.9999964833259583 -0.0019824004266411066 -0.0018960479646921158 0.030216393992304802 0.0020348927937448025 0.9995412826538086 0.3905584216117859
0.9991253614425659 0.0019275776576250792 -0.04177069664001465 -0.058947402983903885 -0.0020725391805171967 0.9999919533729553 -0.003427382092922926 -0.004907459486275911 0.041763756424188614 0.003510955721139908 0.9991213083267212 0.5012548565864563
0.998478889465332 0.0017284866189584136 -0.05510778725147247 -0.08420077711343765 -0.0019540467765182257 0.999989926815033 -0.00403945054858923 -0.00800770241767168 0.055100250989198685 0.004140989854931831 0.9984722137451172 0.626076877117157
0.9974279999732971 0.0018554277485236526 -0.07165159285068512 -0.10868869721889496 -0.0021789574529975653 0.999987781047821 -0.004437419585883617 -0.004011936020106077 0.07164248824119568 0.004582132678478956 0.9974198341369629 0.7611387372016907
0.9959054589271545 0.0002042889391304925 -0.09040068835020065 -0.13492095470428467 -0.0005844948464073241 0.9999911189079285 -0.004179332405328751 -0.009302053600549698 0.09039902687072754 0.004215058404952288 0.9958966970443726 0.9170435070991516
0.9939125776290894 -0.0007618399104103446 -0.11016896367073059 -0.17606964707374573 0.00028197249048389494 0.9999904036521912 -0.004371254704892635 -0.012712334282696247 0.11017123609781265 0.004313580691814423 0.9939032793045044 1.0754716396331787
0.9920005202293396 0.002661168808117509 -0.1262059211730957 -0.3595998287200928 -0.003444709349423647 0.9999760985374451 -0.0059905932284891605 -0.0014077695086598396 0.12618693709373474 0.0063774134032428265 0.9919859766960144 1.299794316291809
0.9885355830192566 0.0059990715235471725 -0.15086835622787476 -0.4028143286705017 -0.007152512203902006 0.9999492168426514 -0.007103856652975082 -0.00918666273355484 0.15081803500652313 0.008101503364741802 0.9885282516479492 1.4648246765136719
0.9842720031738281 0.010387401096522808 -0.1763540357351303 -0.4682229161262512 -0.012050444260239601 0.9998924136161804 -0.008361763320863247 -0.016217702999711037 0.1762481927871704 0.010355393402278423 0.9842912554740906 1.6396243572235107
0.979017972946167 0.01332103367894888 -0.20333817601203918 -0.5402014851570129 -0.015553366392850876 0.9998350143432617 -0.009384317323565483 -0.019296608865261078 0.20317961275577545 0.012350007891654968 0.9790635704994202 1.8213502168655396
0.9724787473678589 0.01404285803437233 -0.23256787657737732 -0.6181285381317139 -0.016733108088374138 0.9998139142990112 -0.009598691947758198 -0.020302526652812958 0.23238977789878845 0.013226106762886047 0.9725328087806702 2.007957696914673
0.964584469795227 0.01579161547124386 -0.2633011043071747 -0.7065860629081726 -0.018799107521772385 0.9997836351394653 -0.008906641975045204 -0.024942396208643913 0.2631034553050995 0.013541034422814846 0.9646726250648499 2.205087900161743
0.9530256390571594 0.014630747959017754 -0.3025360703468323 -0.5731679797172546 -0.017319822683930397 0.9998307228088379 -0.006207405123859644 -0.05953642353415489 0.3023940920829773 0.011155687272548676 0.9531177282333374 2.211344003677368
0.9416565895080566 0.016293304041028023 -0.336180716753006 -0.6705743074417114 -0.01910748891532421 0.999804675579071 -0.005064451135694981 -0.06037385016679764 0.336032509803772 0.011192542500793934 0.9417839050292969 2.395125389099121
0.9290440678596497 0.018451305106282234 -0.36950868368148804 -0.7767533659934998 -0.021636398509144783 0.999755859375 -0.0044772024266421795 -0.06398232281208038 0.3693358898162842 0.012154354713857174 0.9292165637016296 2.5794615745544434
0.915101170539856 0.02153938077390194 -0.40264859795570374 -0.9008229970932007 -0.025230612605810165 0.9996742010116577 -0.003864909755066037 -0.06455057859420776 0.40243417024612427 0.01369585283100605 0.9153464436531067 2.762880325317383
0.8989414572715759 0.022285500541329384 -0.43750154972076416 -1.0151512622833252 -0.026324432343244553 0.99964839220047 -0.003169034840539098 -0.0659988597035408 0.43727707862854004 0.014365754090249538 0.899212121963501 2.933396577835083
0.8805028796195984 0.018148882314562798 -0.47369322180747986 -1.1384117603302002 -0.02252381667494774 0.999739944934845 -0.003563739126548171 -0.06913396716117859 0.4735053479671478 0.013807261362671852 0.8806827664375305 3.107228994369507
0.8602091670036316 0.014090070500969887 -0.5097466707229614 -1.3375133275985718 -0.01891462877392769 0.9998118877410889 -0.004282752051949501 -0.06223410740494728 0.5095904469490051 0.013325733132660389 0.860313892364502 3.340498924255371
0.8350820541381836 0.015653414651751518 -0.5499026775360107 -1.4971380233764648 -0.019454821944236755 0.9998101592063904 -0.001083701616153121 -0.06520190834999084 0.549781322479248 0.011603238992393017 0.8352280259132385 3.520932197570801
0.8059290647506714 0.021371059119701385 -0.5916262269020081 -1.6740537881851196 -0.024139322340488434 0.9997034072875977 0.0032286213245242834 -0.07375401258468628 0.5915197134017944 0.011679418385028839 0.8062058687210083 3.6833689212799072
0.7734243273735046 0.024486396461725235 -0.6334155201911926 -1.8744562864303589 -0.027526021003723145 0.9996085166931152 0.0050322674214839935 -0.0748189389705658 0.633290708065033 0.013543331995606422 0.7737953662872314 3.8522965908050537
0.7377048134803772 0.02342901937663555 -0.6747167110443115 -2.0948293209075928 -0.02652791514992714 0.9996317625045776 0.005707013886421919 -0.07507134974002838 0.6746019124984741 0.013688739389181137 0.7380547523498535 4.025683879852295
0.6975592374801636 0.019022850319743156 -0.7162745594978333 -2.3102383613586426 -0.02046952396631241 0.9997685551643372 0.0066172112710773945 -0.07199463248252869 0.7162346839904785 0.01004590280354023 0.6977871656417847 4.193968772888184
0.6545335650444031 0.015432939864695072 -0.7558754682540894 -2.5491955280303955 -0.015093929134309292 0.999859094619751 0.007344174664467573 -0.07165039330720901 0.755882203578949 0.006602122448384762 0.6546742916107178 4.35924768447876
0.610886812210083 0.014993621036410332 -0.7915759682655334 -2.813425064086914 -0.01241183839738369 0.9998791813850403 0.0093605425208807 -0.07037416100502014 0.791620671749115 0.004106681793928146 0.6109990477561951 4.49195671081543
0.5626240372657776 0.015388788655400276 -0.826569676399231 -3.0912396907806396 -0.009871533140540123 0.9998805522918701 0.011896139942109585 -0.06566701084375381 0.8266539573669434 0.0014664559857919812 0.5627086758613586 4.630129337310791
0.5114180445671082 0.016077371314167976 -0.8591816425323486 -3.3876607418060303 -0.008148912340402603 0.9998707175254822 0.0138594601303339 -0.06165074557065964 0.8592934608459473 -8.658122533233836e-05 0.5114828944206238 4.757196426391602
0.4592607617378235 0.01719963364303112 -0.8881349563598633 -3.692427396774292 -0.007676451466977596 0.9998520612716675 0.015393602661788464 -0.05095396190881729 0.8882683515548706 -0.0002519525878597051 0.4593248665332794 4.853633880615234
0.4046001136302948 0.019463542848825455 -0.9142865538597107 -4.024094581604004 -0.006132124457508326 0.9998087286949158 0.01857050508260727 -0.049892667680978775 0.9144731760025024 -0.0019071085844188929 0.40464210510253906 4.94928503036499
0.3490610122680664 0.02125019021332264 -0.9368590116500854 -4.378329277038574 -0.005958063527941704 0.9997730255126953 0.02045733667910099 -0.04085180535912514 0.9370810985565186 -0.0015589947579428554 0.34910842776298523 5.03286075592041
0.29353418946266174 0.024372873827815056 -0.9556378126144409 -4.759286403656006 -0.0033832970075309277 0.9996951222419739 0.024457311257719994 -0.034649807959795 0.9559425711631775 -0.00394584983587265 0.29352718591690063 5.113046169281006
0.24003566801548004 0.026195453479886055 -0.9704105854034424 -5.110973834991455 0.0011341291246935725 0.9996275305747986 0.027264675125479698 -0.036317020654678345 0.9707633852958679 -0.007645067293196917 0.2399165779352188 5.1680707931518555
0.18919967114925385 0.02662011981010437 -0.9815778136253357 -5.497560977935791 0.00340645550750196 0.9996086359024048 0.027765711769461632 -0.03130815178155899 0.9819327592849731 -0.008596965111792088 0.18903496861457825 5.2017621994018555
0.14146828651428223 0.027731681242585182 -0.989554226398468 -5.913225173950195 0.0008462778641842306 0.9996036887168884 0.0281342975795269 -0.023928901180624962 0.9899424314498901 -0.004817547742277384 0.14138875901699066 5.223716735839844
0.0991135984659195 0.028086531907320023 -0.9946796894073486 -6.340455055236816 -0.0004983245744369924 0.999602735042572 0.028175894170999527 -0.01384828332811594 0.9950759410858154 -0.0022969404235482216 0.09908825159072876 5.224419116973877
0.061277955770492554 0.026638485491275787 -0.9977651834487915 -6.7823286056518555 -0.0019413549453020096 0.999644935131073 0.02656944841146469 -0.005810307804495096 0.9981189370155334 0.000308895978378132 0.06130790337920189 5.213473320007324
0.02675320953130722 0.023783840239048004 -0.9993590712547302 -7.247041702270508 -6.954692071303725e-05 0.9997168779373169 0.023790497332811356 0.0003687886637635529 0.9996420741081238 -0.0005669699748978019 0.026747291907668114 5.212210178375244
-0.004197408445179462 0.021100465208292007 -0.9997684955596924 -7.723381996154785 0.00029803221696056426 0.9997773170471191 0.02109939604997635 0.005117215681821108 0.9999911785125732 -0.00020940043032169342 -0.004202766809612513 5.180629253387451
-0.03115730732679367 0.01925511471927166 -0.9993289709091187 -8.2134428024292 -0.0002114064118359238 0.9998143315315247 0.01927105337381363 0.011660465970635414 0.9995144605636597 0.0008116988465189934 -0.03114745393395424 5.144656658172607
-0.05157264322042465 0.01685928739607334 -0.9985268712043762 -8.72316837310791 -0.0011633994290605187 0.9998557567596436 0.01694181188941002 0.022295523434877396 0.9986686110496521 0.002035419689491391 -0.05154559388756752 5.094822883605957
-0.0682084932923317 0.015870820730924606 -0.9975448250770569 -9.23893928527832 -0.0006307817529886961 0.9998725652694702 0.015950985252857208 0.03572333604097366 0.9976708889007568 0.0017172255320474505 -0.06818980723619461 5.055362701416016
-0.08112334460020065 0.01620977371931076 -0.9965721964836121 -9.777618408203125 -0.00041092021274380386 0.9998670816421509 0.016296813264489174 0.04426276311278343 0.9967040419578552 0.0017315637087449431 -0.08110590279102325 4.999843120574951
-0.09079597890377045 0.017773564904928207 -0.9957108497619629 -10.33358097076416 -0.0002538145345170051 0.999840259552002 0.017870420590043068 0.04674632474780083 0.9958694577217102 0.0018752882024273276 -0.0907769724726677 4.940378189086914
-0.09769304096698761 0.01878335513174534 -0.9950393438339233 -10.905620574951172 -0.002082533435896039 0.999815821647644 0.019077984616160393 0.04687581583857536 0.9952144026756287 0.003935989458113909 -0.097635917365551 4.876545429229736
-0.10208555310964584 0.019714582711458206 -0.9945802688598633 -11.497658729553223 -0.001998377498239279 0.9997974634170532 0.02002311684191227 0.05463505908846855 0.9947735667228699 0.004031618125736713 -0.10202548652887344 4.807341575622559
-0.10353073477745056 0.020488761365413666 -0.9944152235984802 -12.104381561279297 0.0003168291295878589 0.9997884631156921 0.020566483959555626 0.06578481942415237 0.9946262240409851 0.0018142038024961948 -0.10351531952619553 4.742610454559326
-0.10280082374811172 0.0226456206291914 -0.9944441914558411 -12.718899726867676 0.0020160183776170015 0.9997434616088867 0.02255789190530777 0.07187701016664505 0.9946998953819275 0.00031415256671607494 -0.10282011330127716 4.6859130859375
-0.10103229433298111 0.02506517805159092 -0.994567334651947 -13.38095474243164 0.0012328462908044457 0.9996849894523621 0.025068916380405426 0.08180616796016693 0.9948824048042297 0.0013066213577985764 -0.1010313481092453 4.61123514175415
-0.09928105771541595 0.025119010359048843 -0.9947423934936523 -14.03416919708252 -0.0010262992000207305 0.9996783137321472 0.02534608356654644 0.08806875348091125 0.9950588941574097 0.003537289099767804 -0.09922332316637039 4.540225982666016
-0.09764684736728668 0.022661741822957993 -0.9949631094932556 -14.698711395263672 -0.0023256714921444654 0.9997327923774719 0.0229986272752285 0.09927594661712646 0.9952184557914734 0.0045597003772854805 -0.09756804257631302 4.471957683563232
-0.09630361199378967 0.022352011874318123 -0.9951010942459106 -15.37826919555664 -0.0030949562788009644 0.9997362494468689 0.022755654528737068 0.11077059060335159 0.995347261428833 0.0052712457254529 -0.09620903432369232 4.400489330291748
-0.0946638286113739 0.025063177570700645 -0.9951937198638916 -16.07777214050293 -0.002845607465133071 0.9996721148490906 0.025446634739637375 0.12348143756389618 0.995505154132843 0.005240808241069317 -0.09456149488687515 4.3331828117370605
-0.0928470715880394 0.028591234236955643 -0.995269775390625 -16.796497344970703 -0.0034012601245194674 0.9995726943016052 0.029032139107584953 0.1371302753686905 0.9956744909286499 0.006080721039324999 -0.09271015971899033 4.264965534210205
-0.09129258990287781 0.030574416741728783 -0.9953546524047852 -17.530038833618164 -0.0036882904823869467 0.9995114207267761 0.031040379777550697 0.14786206185817719 0.9958173036575317 0.006504914257675409 -0.09113521128892899 4.194347381591797
-0.08940885961055756 0.029928287491202354 -0.9955452680587769 -18.265352249145508 -0.006110064685344696 0.9995131492614746 0.030596306547522545 0.16109128296375275 0.9959762096405029 0.008818426169455051 -0.08918246626853943 4.119203567504883
-0.08738836646080017 0.026993220672011375 -0.9958085417747498 -19.023683547973633 -0.00838158093392849 0.9995776414871216 0.02783092111349106 0.17307063937187195 0.9961389899253845 0.010778549127280712 -0.08712518960237503 4.042575836181641
-0.08571226894855499 0.026421062648296356 -0.9959695339202881 -19.79958152770996 -0.009214756079018116 0.9995845556259155 0.027309974655508995 0.18958179652690887 0.9962772727012634 0.011518416926264763 -0.08543318510055542 3.967142105102539
-0.08442345261573792 0.028575250878930092 -0.9960201978683472 -20.578134536743164 -0.0068140290677547455 0.9995487928390503 0.029254047200083733 0.20597445964813232 0.9964066743850708 0.009256636723876 -0.08419065177440643 3.9008736610412598
-0.08344358950853348 0.03097018226981163 -0.9960312247276306 -21.37494659423828 -0.004715488292276859 0.9994934797286987 0.031472887843847275 0.2156599909067154 0.9965013265609741 0.00732298381626606 -0.08325528353452682 3.837078332901001
-0.08169523626565933 0.03254259005188942 -0.9961259961128235 -22.16655921936035 -0.0039152223616838455 0.9994485378265381 0.03297223895788193 0.23285245895385742 0.9966496825218201 0.006593727972358465 -0.08152277767658234 3.7566487789154053
-0.08103767037391663 0.027829714119434357 -0.9963224530220032 -22.96636962890625 -0.004061136394739151 0.9995926022529602 0.02825137786567211 0.24158264696598053 0.9967027306556702 0.0063356272876262665 -0.08089164644479752 3.6971023082733154
-0.08052407205104828 0.02100605145096779 -0.9965313076972961 -23.774185180664062 -0.0028710123151540756 0.999768853187561 0.02130628563463688 0.2506508231163025 0.9967485666275024 0.004576722625643015 -0.08044514805078506 3.6272077560424805
-0.08091747760772705 0.016400597989559174 -0.9965859055519104 -24.59769058227539 0.0005778860650025308 0.9998652935028076 0.016407640650868416 0.26200416684150696 0.9967206716537476 0.0007517521153204143 -0.08091606199741364 3.564837694168091
-0.0815020203590393 0.017055775970220566 -0.9965272545814514 -25.42995834350586 0.0015523562906309962 0.9998546242713928 0.016985761001706123 0.27412062883377075 0.9966720342636108 -0.00016259167750831693 -0.08151663839817047 3.4946281909942627
-0.08161114156246185 0.024557461962103844 -0.9963616132736206 -26.27963638305664 0.0007288833148777485 0.9996975660324097 0.024579983204603195 0.2783939242362976 0.9966640472412109 0.0012797685340046883 -0.08160435408353806 3.4185402393341064
-0.0818101093173027 0.031509652733802795 -0.9961496591567993 -27.11427879333496 -0.0008650688105262816 0.9994974732398987 0.03168658912181854 0.29012659192085266 0.9966475367546082 0.0034540218766778708 -0.08174174278974533 3.3509469032287598
-0.08231135457754135 0.03698191046714783 -0.9959202408790588 -27.959054946899414 -0.0027453445363789797 0.9992990493774414 0.037334274500608444 0.3017538785934448 0.9966028332710266 0.005807178560644388 -0.08215212821960449 3.2759017944335938
-0.08238285779953003 0.03769355267286301 -0.9958877563476562 -28.799419403076172 -0.004600984510034323 0.999259352684021 0.03820177540183067 0.3085879385471344 0.9965900778770447 0.007729236036539078 -0.08214842528104782 3.1940553188323975
-0.08284135907888412 0.03377476707100868 -0.9959902763366699 -29.635225296020508 -0.0045695179142057896 0.9994021654129028 0.03427053615450859 0.32810547947883606 0.9965522289276123 0.00739021273329854 -0.08263750374317169 3.122666597366333
-0.08293848484754562 0.03088146261870861 -0.9960760474205017 -30.472414016723633 -0.004443640820682049 0.9994983077049255 0.03135756403207779 0.3484610319137573 0.9965447187423706 0.007026953157037497 -0.08275964856147766 3.0411839485168457
-0.08305379003286362 0.03227179870009422 -0.9960224032402039 -31.303319931030273 -0.0061448970809578896 0.9994398355484009 0.03289492800831795 0.3613920509815216 0.9965261220932007 0.008852502331137657 -0.0828089639544487 2.9654312133789062
-0.08321958780288696 0.03467637673020363 -0.9959277510643005 -32.14515686035156 -0.007028601132333279 0.999349057674408 0.03538281470537186 0.3713543117046356 0.9965065121650696 0.009944521822035313 -0.08292168378829956 2.8951992988586426
-0.0828709602355957 0.03338652104139328 -0.9960008263587952 -32.97110366821289 -0.008356869220733643 0.9993802309036255 0.03419512137770653 0.3762863874435425 0.996525228023529 0.011157231405377388 -0.0825406014919281 2.814337730407715
-0.08268384635448456 0.028040995821356773 -0.9961812496185303 -33.79383850097656 -0.00883028469979763 0.9995441436767578 0.028868582099676132 0.3899294137954712 0.9965367317199707 0.011183531023561954 -0.08239856362342834 2.745645046234131
-0.08237253129482269 0.02389748953282833 -0.9963150024414062 -34.624412536621094 -0.010307162068784237 0.9996384382247925 0.024829374626278877 0.4021444320678711 0.9965482950210571 0.012314436957240105 -0.08209645748138428 2.666135311126709
-0.08168449997901917 0.024845262989401817 -0.99634850025177 -35.45637512207031 -0.010206020437180996 0.9996159672737122 0.02576347067952156 0.40783223509788513 0.9966059923171997 0.012273229658603668 -0.08139955997467041 2.5932302474975586
-0.08115987479686737 0.027415959164500237 -0.9963240027427673 -36.28581619262695 -0.008969664573669434 0.999561071395874 0.028235698118805885 0.4138247072696686 0.9966607093811035 0.011228297837078571 -0.08087833225727081 2.52388072013855
-0.08074110001325607 0.03230726346373558 -0.9962114095687866 -37.13557815551758 -0.008547942154109478 0.9994153380393982 0.03310396149754524 0.42624640464782715 0.9966984391212463 0.011188407428562641 -0.08041774481534958 2.44677996635437
-0.07990715652704239 0.03762863576412201 -0.9960918426513672 -37.97771072387695 -0.007758509833365679 0.9992335438728333 0.03836970776319504 0.44718828797340393 0.9967721700668335 0.010794203728437424 -0.07955396175384521 2.370237350463867
-0.0800129771232605 0.040811214596033096 -0.9959580302238464 -38.80424880981445 -0.0083923963829875 0.9990984797477722 0.041614122688770294 0.4603407382965088 0.9967584609985352 0.011688146740198135 -0.07959835231304169 2.301109790802002
-0.07970645278692245 0.04076588153839111 -0.9959844946861267 -39.63627624511719 -0.007789643947035074 0.9991074204444885 0.041517093777656555 0.48068663477897644 0.996787965297699 0.011067545041441917 -0.07931775599718094 2.230372905731201
-0.07957325875759125 0.0363580547273159 -0.9961658120155334 -40.45818328857422 -0.008200585842132568 0.9992769360542297 0.03712666407227516 0.4984210431575775 0.9967952966690063 0.011123433709144592 -0.0792175754904747 2.160820484161377
-0.07908985018730164 0.0322444923222065 -0.9963459968566895 -41.28267288208008 -0.00917067565023899 0.9994109272956848 0.03307165578007698 0.5111404061317444 0.9968253374099731 0.011752797290682793 -0.07874756306409836 2.0870237350463867
-0.07875710725784302 0.029808150604367256 -0.9964480996131897 -42.112274169921875 -0.013355045579373837 0.9994315505027771 0.030952954664826393 0.5206403732299805 0.996804416179657 0.0157453753054142 -0.07831425964832306 2.003645658493042
-0.07911853492259979 0.027759026736021042 -0.9964786767959595 -42.94004440307617 -0.016392987221479416 0.9994408488273621 0.029143113642930984 0.5369914174079895 0.996730387210846 0.018641026690602303 -0.07861924171447754 1.922849178314209
-0.08007370680570602 0.0257265605032444 -0.9964569211006165 -43.753360748291016 -0.01459057629108429 0.9995295405387878 0.02697836235165596 0.5413022041320801 0.9966821074485779 0.016699137166142464 -0.07966066151857376 1.8668603897094727
-0.08154486119747162 0.022155936807394028 -0.9964234232902527 -44.581275939941406 -0.01116857584565878 0.9996697902679443 0.0231421310454607 0.5480465292930603 0.9966070652008057 0.013015751726925373 -0.0812704861164093 1.8063150644302368
-0.08203387260437012 0.020520787686109543 -0.996418297290802 -45.40812683105469 -0.006830454338341951 0.999752938747406 0.02115180715918541 0.5579833984375 0.9966061115264893 0.008541152812540531 -0.08187343925237656 1.732461929321289
-0.08434153348207474 0.024052303284406662 -0.9961466193199158 -46.22974395751953 -0.006585672497749329 0.9996733665466309 0.024695051833987236 0.563123345375061 0.9964151382446289 0.008643113076686859 -0.08415558189153671 1.6626832485198975
-0.08573497831821442 0.0306071974337101 -0.995847761631012 -47.045013427734375 -0.003912646789103746 0.9995099306106567 0.0310566034168005 0.5670294761657715 0.9963103532791138 0.006559033878147602 -0.085573211312294 1.5865877866744995
-0.08727733790874481 0.0342867337167263 -0.995593786239624 -47.85374450683594 -0.00217373832128942 0.9993985891342163 0.034608323127031326 0.5762020349502563 0.9961817264556885 0.005184681620448828 -0.08715032786130905 1.5107393264770508
-0.08863168954849243 0.03359442949295044 -0.9954977631568909 -48.650733947753906 -0.002767495810985565 0.9994189143180847 0.03397315368056297 0.5805601477622986 0.9960606098175049 0.005766133777797222 -0.08848723024129868 1.4337856769561768
-0.08922047168016434 0.029432669281959534 -0.9955769181251526 -49.44936752319336 -0.006144621875137091 0.9995279908180237 0.03010014072060585 0.5925114750862122 0.99599289894104 0.008802992291748524 -0.08899751305580139 1.3453431129455566
-0.09054035693407059 0.025897592306137085 -0.9955559372901917 -50.237388610839844 -0.010765505954623222 0.9995779395103455 0.026981282979249954 0.6001963019371033 0.9958346486091614 0.013160559348762035 -0.09022333472967148 1.2628421783447266
-0.09203796088695526 0.0244782492518425 -0.9954545497894287 -51.03129959106445 -0.015141347423195839 0.9995478391647339 0.025978850200772285 0.6084001064300537 0.9956403970718384 0.01746356301009655 -0.09162570536136627 1.1749759912490845
-0.09297331422567368 0.025625789538025856 -0.9953387975692749 -51.8207893371582 -0.0167482178658247 0.9994869828224182 0.027297021821141243 0.6145860552787781 0.9955277442932129 0.019208041951060295 -0.09249641746282578 1.0941498279571533
-0.09403356909751892 0.027267521247267723 -0.9951955676078796 -52.60785675048828 -0.01667865365743637 0.9994413256645203 0.02895977906882763 0.6220250129699707 0.995429277420044 0.019321711733937263 -0.09352624416351318 1.016464114189148
-0.09481561928987503 0.026631800457835197 -0.9951385855674744 -53.392066955566406 -0.018430566415190697 0.9994238018989563 0.028502527624368668 0.6293392777442932 0.9953242540359497 0.021043451502919197 -0.09427014738321304 0.931826651096344
-0.09539300203323364 0.02645011432468891 -0.9950882196426392 -54.16819381713867 -0.019234349951148033 0.9994112849235535 0.028408903628587723 0.6375494003295898 0.9952538013458252 0.021849889308214188 -0.09482809901237488 0.8519852757453918
-0.09607026726007462 0.028320416808128357 -0.994971513748169 -54.94895553588867 -0.017466697841882706 0.9993932843208313 0.030132785439491272 0.6459487080574036 0.9952212572097778 0.020273732021450996 -0.09551730751991272 0.7752148509025574
-0.09633176028728485 0.031107721850275993 -0.9948630332946777 -55.71498107910156 -0.016716286540031433 0.9993199706077576 0.03286570683121681 0.658000111579895 0.9952089786529541 0.019796429201960564 -0.0957462415099144 0.7025147676467896
-0.0965343490242958 0.035466015338897705 -0.9946975708007812 -56.501670837402344 -0.01645605079829693 0.9991714358329773 0.03722258657217026 0.666356086730957 0.995193600654602 0.01996205747127533 -0.095870740711689 0.6166003942489624
-0.09703988581895828 0.03746367245912552 -0.9945751428604126 -57.26339340209961 -0.016715575009584427 0.9990890026092529 0.03926462307572365 0.680686354637146 0.9951401352882385 0.02043513022363186 -0.09632525593042374 0.5409441590309143
-0.09785547107458115 0.0375404879450798 -0.9944922924041748 -58.01563262939453 -0.016268415376544 0.9990943670272827 0.03931497037410736 0.6915169954299927 0.9950676560401917 0.02002600207924843 -0.0971561148762703 0.4642283022403717
-0.09808081388473511 0.035751085728406906 -0.9945360422134399 -58.75446701049805 -0.016029667109251022 0.9991681575775146 0.037498436868190765 0.698946475982666 0.9950493574142456 0.019619960337877274 -0.09742613136768341 0.38963472843170166
-0.0982017070055008 0.031888097524642944 -0.9946554899215698 -59.4885368347168 -0.015283303335309029 0.9993202686309814 0.03354655206203461 0.7176895141601562 0.9950491189956665 0.01849595457315445 -0.09764759987592697 0.31195068359375
-0.09784534573554993 0.029037442058324814 -0.9947778582572937 -60.217708587646484 -0.015927709639072418 0.9994004964828491 0.030739005655050278 0.7266514897346497 0.9950741529464722 0.01885220594704151 -0.0973241999745369 0.2315295934677124
-0.09692099690437317 0.026766939088702202 -0.9949320554733276 -60.92179870605469 -0.016269544139504433 0.9994620680809021 0.028473708778619766 0.7349835634231567 0.9951591491699219 0.01894679106771946 -0.09643338620662689 0.16422273218631744
-0.0944281816482544 0.02597343549132347 -0.9951927065849304 -61.617759704589844 -0.01908382959663868 0.9994286894798279 0.02789474092423916 0.7398050427436829 0.9953488111495972 0.021626142784953117 -0.09387855976819992 0.0882495865225792
-0.08986163139343262 0.026852846145629883 -0.9955921769142151 -62.31144714355469 -0.018887968733906746 0.9994107484817505 0.02866065502166748 0.7470652461051941 0.9957751631736755 0.021380210295319557 -0.08930148184299469 0.017468100413680077
-0.08453255891799927 0.028836924582719803 -0.9960033297538757 -62.96562194824219 -0.018783152103424072 0.9993574023246765 0.030528193339705467 0.7452321648597717 0.9962436556816101 0.021288709715008736 -0.08393659442663193 -0.03112066350877285
-0.07718537002801895 0.030363762751221657 -0.9965543150901794 -63.59910583496094 -0.01785050891339779 0.9993338584899902 0.03183101490139961 0.7511568665504456 0.9968568682670593 0.02024589292705059 -0.07659193128347397 -0.07784000039100647
-0.06836109608411789 0.03156866505742073 -0.9971611499786377 -64.23632049560547 -0.01912934146821499 0.9992741346359253 0.032946981489658356 0.7570170760154724 0.9974771738052368 0.021327326074242592 -0.06770757585763931 -0.12205260246992111
-0.056450001895427704 0.03360118716955185 -0.9978398680686951 -64.86192321777344 -0.021368427202105522 0.9991639852523804 0.03485462814569473 0.7622484564781189 0.9981767535209656 0.023289814591407776 -0.05568479374051094 -0.16232138872146606
-0.0415581613779068 0.03491418808698654 -0.998525857925415 -65.46379852294922 -0.02419513650238514 0.9990609884262085 0.035939887166023254 0.7719125747680664 0.9988430142402649 0.025653067976236343 -0.040674373507499695 -0.18852408230304718
-0.02323266677558422 0.03585188090801239 -0.9990869760513306 -66.06660461425781 -0.025330904871225357 0.9990148544311523 0.03643833100795746 0.7847639322280884 0.9994090795516968 0.02615433931350708 -0.022301608696579933 -0.19887128472328186
-0.0012181964702904224 0.03695635870099068 -0.9993161559104919 -66.63217163085938 -0.02648015506565571 0.9989652633666992 0.03697565943002701 0.793068528175354 0.9996485710144043 0.026507090777158737 -0.00023831373255234212 -0.18164552748203278
0.024441901594400406 0.037040986120700836 -0.9990147352218628 -67.1502914428711 -0.026166824623942375 0.9989946484565735 0.03640003874897957 0.8009565472602844 0.9993587136268616 0.0252513587474823 0.025386571884155273 -0.15660688281059265
0.053942423313856125 0.036503855139017105 -0.9978765249252319 -67.67569732666016 -0.02474452555179596 0.9990735054016113 0.0352100171148777 0.8098728656768799 0.9982374310493469 0.022792670875787735 0.05479571595788002 -0.11194173991680145
0.08817554265260696 0.03642629086971283 -0.9954386949539185 -68.18275451660156 -0.023669546470046043 0.999125599861145 0.03446457162499428 0.8166056871414185 0.9958236217498779 0.020522650331258774 0.08896062523126602 -0.04534873366355896
0.12565158307552338 0.036467295140028 -0.9914039969444275 -68.6572036743164 -0.02323460951447487 0.9991582036018372 0.033807747066020966 0.8257238268852234 0.9918022751808167 0.01878689043223858 0.126393124461174 0.04126499965786934
0.16693533957004547 0.036540523171424866 -0.9852904677391052 -69.10464477539062 -0.02292156033217907 0.9991868138313293 0.03317233920097351 0.823276162147522 0.9857013821601868 0.017046760767698288 0.1676371544599533 0.133573979139328
0.2122049778699875 0.03771146759390831 -0.9764972925186157 -69.52792358398438 -0.022819940000772476 0.9991738200187683 0.03362816572189331 0.8304427862167358 0.976958692073822 0.015147545374929905 0.21289023756980896 0.2430305778980255
0.2602830231189728 0.0363166444003582 -0.9648491144180298 -69.94792175292969 -0.018652034923434258 0.9992950558662415 0.032581496983766556 0.8246559500694275 0.9653521776199341 0.009515989571809769 0.26077693700790405 0.39631935954093933
0.30989521741867065 0.0314057283103466 -0.9502519369125366 -70.3471450805664 -0.010843093506991863 0.9995060563087463 0.02949744090437889 0.821965754032135 0.9507088661193848 0.0011625534389168024 0.31008267402648926 0.5752541422843933
0.36153918504714966 0.02646980807185173 -0.931981086730957 -70.71249389648438 -0.00613916153088212 0.9996428489685059 0.026009976863861084 0.8189936876296997 0.9323366284370422 -0.003682042472064495 0.3615725338459015 0.7520114183425903
0.41385984420776367 0.021732063964009285 -0.910081148147583 -71.09729766845703 -0.001272499212063849 0.9997277855873108 0.02329409308731556 0.8268998861312866 0.9103396534919739 -0.008482412435114384 0.41377484798431396 0.9687733054161072
0.4650115370750427 0.021002616733312607 -0.8850554823875427 -71.47571563720703 -0.001578809111379087 0.9997365474700928 0.022894524037837982 0.838982343673706 0.8853031396865845 -0.009248882532119751 0.4649222195148468 1.206040382385254
0.5135847330093384 0.0197561364620924 -0.8578113913536072 -71.84920501708984 0.00019476331362966448 0.9997321963310242 0.023141300305724144 0.8434597849845886 0.8580387234687805 -0.012052088044583797 0.5134433507919312 1.460708737373352
0.557955801486969 0.014919432811439037 -0.829736590385437 -72.19884490966797 0.008245225064456463 0.9996894001960754 0.023519836366176605 0.8544377088546753 0.8298296928405762 -0.019964391365647316 0.557659387588501 1.7569700479507446
0.6013911366462708 0.008621747605502605 -0.7989082336425781 -72.5137939453125 0.018714318051934242 0.9995154142379761 0.024874184280633926 0.8500618934631348 0.7987355589866638 -0.0299101360142231 0.6009382009506226 2.0647969245910645
0.6441089510917664 0.003689878387376666 -0.7649248838424683 -72.83944702148438 0.019752327352762222 0.9995746612548828 0.0214543379843235 0.852942705154419 0.7646786570549011 -0.02892797440290451 0.6437621116638184 2.3786914348602295
0.6869404315948486 0.00048109397175721824 -0.7267135977745056 -73.1207504272461 0.015711624175310135 0.9997561573982239 0.015513580292463303 0.8379531502723694 0.7265439033508301 -0.022074755281209946 0.6867653727531433 2.6521027088165283
0.7275550365447998 -0.006563407834619284 -0.6860179305076599 -73.40339660644531 0.012645946815609932 0.9999126195907593 0.00384507211856544 0.8423564434051514 0.6859328150749207 -0.011472845450043678 0.7275744676589966 2.993314266204834
0.766592264175415 -0.008900545537471771 -0.6420725584030151 -73.67267608642578 0.007865888997912407 0.9999590516090393 -0.004470289684832096 0.8447601199150085 0.6420860290527344 -0.0016235780203714967 0.7666308879852295 3.3615732192993164
0.8035562634468079 -0.009920754469931126 -0.5951461791992188 -73.92778015136719 0.0063581508584320545 0.9999470114707947 -0.008083892054855824 0.8469703793525696 0.5951949954032898 0.00271183461882174 0.8035767674446106 3.7556638717651367
0.8373244404792786 -0.01033460907638073 -0.5466088056564331 -74.16226196289062 0.006674148142337799 0.999940037727356 -0.008681824430823326 0.8261105418205261 0.5466657280921936 0.0036213560961186886 0.8373430967330933 4.177459716796875
0.8679869771003723 -0.008377640508115292 -0.4965161979198456 -74.4105224609375 0.00304788607172668 0.9999287128448486 -0.011543462984263897 0.8240650296211243 0.4965774416923523 0.008506251499056816 0.8679507374763489 4.632054805755615
0.8936686515808105 -0.007110860664397478 -0.4486709535121918 -74.61653137207031 0.002730556530877948 0.9999420642852783 -0.010409041307866573 0.8128925561904907 0.44871896505355835 0.008077114820480347 0.8936364650726318 5.111450672149658
0.9146125912666321 -0.0011652061948552728 -0.4043295383453369 -74.80767059326172 -0.0029542935080826283 0.9999499320983887 -0.009564430452883244 0.8020005822181702 0.4043203890323639 0.009942257776856422 0.9145633578300476 5.606646537780762
0.9319970011711121 0.0032578916288912296 -0.3624514937400818 -74.9942626953125 -0.007812687195837498 0.9999077916145325 -0.011101646348834038 0.7934027314186096 0.3623819351196289 0.013178420253098011 0.931936502456665 6.119984149932861
0.9452574253082275 0.00829680822789669 -0.32622015476226807 -75.16644287109375 -0.01218368113040924 0.9998770356178284 -0.009873475879430771 0.7842046022415161 0.32609811425209045 0.013307539746165276 0.9452422261238098 6.659051418304443
0.9552454352378845 0.009078762494027615 -0.29567503929138184 -75.33745574951172 -0.012061787769198418 0.999893069267273 -0.008266426622867584 0.7744520902633667 0.2955683767795563 0.011462834663689137 0.9552527666091919 7.2093892097473145
0.9624103307723999 0.008230322040617466 -0.2714749276638031 -75.48342895507812 -0.010515828616917133 0.9999204277992249 -0.006965198088437319 0.7636879086494446 0.2713959813117981 0.009558162651956081 0.9624203443527222 7.790931701660156
0.9681638479232788 0.008781165815889835 -0.2501634657382965 -75.6273422241211 -0.010280601680278778 0.9999361038208008 -0.004687737673521042 0.7506185173988342 0.2501063644886017 0.007110328879207373 0.9681922793388367 8.389569282531738
0.9727299213409424 0.011354956775903702 -0.23166248202323914 -75.77665710449219 -0.012196137569844723 0.9999232292175293 -0.002199161797761917 0.743476152420044 0.23161974549293518 0.004964578431099653 0.9727937579154968 9.013299942016602
0.9762501120567322 0.016536789014935493 -0.2160143256187439 -75.9219970703125 -0.017134634777903557 0.9998527765274048 -0.0008950046030804515 0.7386086583137512 0.21596771478652954 0.0045750755816698074 0.9763897657394409 9.644655227661133
0.9789800643920898 0.019840329885482788 -0.20298849046230316 -76.06122589111328 -0.02018052339553833 0.9997962713241577 0.0003939074231311679 0.7306271195411682 0.2029549479484558 0.003710787510499358 0.9791810512542725 10.298913955688477
0.9816258549690247 0.018519489094614983 -0.18991471827030182 -76.18704986572266 -0.01882488653063774 0.9998227953910828 0.00019592315948102623 0.719791054725647 0.18988464772701263 0.0033827999141067266 0.9818005561828613 10.969413757324219
0.9841597676277161 0.01845012791454792 -0.176320880651474 -76.30042266845703 -0.018752815201878548 0.9998241662979126 -5.038315794081427e-05 0.7109636664390564 0.17628896236419678 0.0033560979645699263 0.9843327403068542 11.649744987487793
0.9867247939109802 0.018639417365193367 -0.1613284796476364 -76.41519927978516 -0.01883949153125286 0.9998224973678589 0.0002895633806474507 0.7087932825088501 0.1613052487373352 0.0027536277193576097 0.9869006872177124 12.346720695495605
0.9888994693756104 0.02006455697119236 -0.14722540974617004 -76.51860809326172 -0.020190328359603882 0.9997959733009338 0.0006402382277883589 0.7033138871192932 0.14720822870731354 0.0023393987212330103 0.9891026616096497 13.052733421325684
0.9906967282295227 0.020465193316340446 -0.1345406025648117 -76.6153335571289 -0.020886480808258057 0.9997803568840027 -0.001720468862913549 0.6851897835731506 0.13447584211826324 0.0045145433396101 0.9909065961837769 13.773859977722168
0.9921182990074158 0.020894112065434456 -0.12355049699544907 -76.71986389160156 -0.02193773351609707 0.9997341632843018 -0.007092401850968599 0.6694153547286987 0.12336947023868561 0.009746920317411423 0.9923129081726074 14.528329849243164
0.9933341145515442 0.019179580733180046 -0.11366336792707443 -76.8060302734375 -0.020819315686821938 0.9996953010559082 -0.013256686739623547 0.6591335535049438 0.1133744940161705 0.015534713864326477 0.9934309124946594 15.2684965133667
0.9942333102226257 0.01899302564561367 -0.1055433601140976 -76.8865966796875 -0.020546332001686096 0.9996957182884216 -0.013649394735693932 0.6486594676971436 0.10525199770927429 0.015739211812615395 0.9943211078643799 16.024621963500977
0.9949079155921936 0.020521337166428566 -0.09867718815803528 -76.96685028076172 -0.021344467997550964 0.9997456073760986 -0.007293126545846462 0.6320534944534302 0.09850241988897324 0.009362202137708664 0.9950928688049316 16.79583168029785
0.995269775390625 0.025574566796422005 -0.09372282028198242 -77.04159545898438 -0.025619445368647575 0.9996713995933533 0.0007245584856718779 0.6104615926742554 0.09371056407690048 0.0016799941658973694 0.9955981373786926 17.565200805664062
0.995646059513092 0.026347024366259575 -0.08941255509853363 -77.12794494628906 -0.026058735325932503 0.9996508955955505 0.00439017079770565 0.597545862197876 0.08949700742959976 -0.002041078405454755 0.9959849715232849 18.352752685546875
0.9959729909896851 0.0253924410790205 -0.08598321676254272 -77.19357299804688 -0.0252094604074955 0.9996769428253174 0.0032133900094777346 0.5861011147499084 0.0860370621085167 -0.0010328588541597128 0.9962913990020752 19.1219539642334
0.9962318539619446 0.025404350832104683 -0.08292553573846817 -77.2592544555664 -0.02529754862189293 0.999677300453186 0.002338518388569355 0.5736925601959229 0.0829581692814827 -0.00023189374769572169 0.9965530037879944 19.88774299621582
