1.0 0.0 0.0 0.0 0.0 1.0 0.0 0.0 0.0 0.0 1.0 0.0
0.9999956488609314 0.0029416403267532587 0.00015132692351471633 -0.005911353975534439 -0.002941846614703536 0.999994695186615 0.0013805130729451776 -0.012899364344775677 -0.00014726514928042889 -0.0013809523079544306 0.9999990463256836 0.7725096940994263
0.9999848008155823 0.005473424680531025 0.0006456068949773908 -0.013186256401240826 -0.005474666599184275 0.9999831318855286 0.0019362034508958459 -0.03012249991297722 -0.0006349983159452677 -0.0019397083669900894 0.9999979138374329 1.5384260416030884
0.999976634979248 0.0067213005386292934 0.0012000801507383585 -0.0217204038053751 -0.006723490543663502 0.9999756813049316 0.0018302623648196459 -0.048390984535217285 -0.0011877493234351277 -0.001838288619183004 0.999997615814209 2.273697853088379
0.999961793422699 0.008667527697980404 0.0010861554183065891 -0.0247443076223135 -0.008669172413647175 0.999961256980896 0.0015184853691607714 -0.06154710054397583 -0.0010729518253356218 -0.0015278435312211514 0.9999982714653015 3.001116991043091
0.9999589323997498 0.008880679495632648 0.0017785694217309356 -0.03377716243267059 -0.008882859721779823 0.9999598264694214 0.001222820719704032 -0.07447689026594162 -0.0017676386050879955 -0.0012385692680254579 0.9999976754188538 3.7177908420562744
0.999957263469696 0.0090714693069458 0.0017859755316749215 -0.027679789811372757 -0.00907514151185751 0.9999567270278931 0.0020591963548213243 -0.08628620207309723 -0.0017672186950221658 -0.0020753163844347 0.9999963045120239 4.4148945808410645
0.9999459385871887 0.009989291429519653 0.0028769371565431356 -0.04511294513940811 -0.010003874078392982 0.9999369382858276 0.005100657697767019 -0.10307232290506363 -0.0028258035890758038 -0.005129162222146988 0.9999828934669495 5.0868330001831055
0.999944269657135 0.009629109874367714 0.004314233548939228 -0.0385628305375576 -0.009666834026575089 0.9999144077301025 0.008810034021735191 -0.10787675529718399 -0.004229031503200531 -0.008851245976984501 0.9999518990516663 5.755473613739014
0.999944806098938 0.008948961272835732 0.005501696839928627 -0.03593526780605316 -0.009017418138682842 0.9998806118965149 0.012546622194349766 -0.12040404975414276 -0.005388761404901743 -0.012595539912581444 0.9999061822891235 6.38057279586792
0.9999420046806335 0.008418316021561623 0.006710388232022524 -0.03590381518006325 -0.0085154352709651 0.9998574256896973 0.014578224159777164 -0.12610116600990295 -0.006586709059774876 -0.014634521678090096 0.9998711943626404 6.995413780212402
0.9999331831932068 0.008812186308205128 0.007482676301151514 -0.023023417219519615 -0.008921143598854542 0.9998528361320496 0.014655053615570068 -0.13882829248905182 -0.007352430839091539 -0.014720828272402287 0.9998646378517151 7.568194389343262
0.9999210238456726 0.009393472224473953 0.008346706628799438 -0.01756162941455841 -0.009493427351117134 0.9998827576637268 0.012017879635095596 -0.1465463489294052 -0.008232837542891502 -0.012096168473362923 0.9998930096626282 8.124505996704102
0.9999127984046936 0.009317138232290745 0.009358406066894531 -0.01843196526169777 -0.009401974268257618 0.999914824962616 0.009062481112778187 -0.15092389285564423 -0.009273171424865723 -0.009149678982794285 0.9999151825904846 8.656238555908203
0.999911904335022 0.007849209941923618 0.010704903863370419 -0.006253316067159176 -0.007932738400995731 0.9999382495880127 0.0077829547226428986 -0.16061212122440338 -0.01064315252006054 -0.007867187261581421 0.999912440776825 9.156097412109375
0.9999090433120728 0.003894263878464699 0.012913522310554981 -0.0027446781750768423 -0.003962498623877764 0.9999783635139465 0.0052626184187829494 -0.16426420211791992 -0.012892749160528183 -0.005313310772180557 0.9999027848243713 9.613980293273926
0.9998884797096252 0.002052578842267394 0.014792519621551037 0.008230808191001415 -0.002115399343892932 0.9999887347221375 0.004232367966324091 -0.17121034860610962 -0.014783666469156742 -0.004263187758624554 0.9998816251754761 10.056488990783691
0.999843180179596 0.006449833512306213 0.016496405005455017 0.016849065199494362 -0.0064882803708314896 0.999976396560669 0.002278180792927742 -0.182327002286911 -0.016481323167681694 -0.0023848568089306355 0.9998613595962524 10.473939895629883
0.9997430443763733 0.010953381657600403 0.01984354853630066 0.012677883729338646 -0.010986516252160072 0.999938428401947 0.0015616086311638355 -0.1891157478094101 -0.019825221970677376 -0.0017792190192267299 0.9998018741607666 10.859689712524414
0.9996795654296875 0.010961739346385002 0.022814137861132622 0.023777062073349953 -0.01103097852319479 0.9999348521232605 0.0029111828189343214 -0.2021983116865158 -0.02278074249625206 -0.0031619130168110132 0.9997354745864868 11.202624320983887
0.9996344447135925 0.006768928840756416 0.026170309633016586 0.03734941780567169 -0.0068604727275669575 0.9999706745147705 0.003409807337448001 -0.20754927396774292 -0.026146456599235535 -0.003588102525100112 0.9996516704559326 11.522300720214844
0.9995812177658081 0.0027219082694500685 0.028808748349547386 0.052141450345516205 -0.0028034027200192213 0.9999921321868896 0.002788792597129941 -0.20569957792758942 -0.028800927102565765 -0.0028683869168162346 0.999580979347229 11.805792808532715
0.9995120167732239 -0.0007076075999066234 0.03122657909989357 0.06636393815279007 0.0005784817622043192 0.9999912977218628 0.004143974278122187 -0.21158552169799805 -0.031229235231876373 -0.004123887978494167 0.9995036721229553 12.062320709228516
0.999433696269989 -0.001201594015583396 0.03362743556499481 0.07767286151647568 0.0010260336566716433 0.9999857544898987 0.005237516015768051 -0.2176428586244583 -0.03363325074315071 -0.005200046580284834 0.999420702457428 12.295042037963867
0.9993570446968079 -0.0005910512991249561 0.03584947809576988 0.08258611708879471 0.000436759612057358 0.999990701675415 0.004311570432037115 -0.2229468673467636 -0.03585169091820717 -0.004293141420930624 0.9993479251861572 12.498022079467773
0.999299168586731 0.00015068142965901643 0.037432268261909485 0.10234524309635162 -0.00026637347764335573 0.999995231628418 0.0030857312958687544 -0.23016539216041565 -0.03743162378668785 -0.003093539969995618 0.9992944002151489 12.696697235107422
0.9991747140884399 0.002574474783614278 0.040538910776376724 0.09870195388793945 -0.002668465254828334 0.9999938607215881 0.0022645839489996433 -0.23554745316505432 -0.040532831102609634 -0.0023708913940936327 0.9991753697395325 12.856450080871582
0.9990944266319275 0.005561391822993755 0.04218234121799469 0.10267594456672668 -0.005634368397295475 0.9999828338623047 0.0016113290330395103 -0.24143502116203308 -0.04217265546321869 -0.0018475411925464869 0.999108612537384 13.02766227722168
0.9990308880805969 0.006961667910218239 0.04345922917127609 0.10738353431224823 -0.006972538772970438 0.9999756813049316 9.855772805167362e-05 -0.24779559671878815 -0.04345748573541641 -0.0004014838195871562 0.9990551471710205 13.178394317626953
0.9989385604858398 0.005941931623965502 0.04567909613251686 0.11417485028505325 -0.00588132394477725 0.9999815821647644 -0.0014610996004194021 -0.25605908036231995 -0.04568694159388542 0.001190894516184926 0.9989551305770874 13.328338623046875
0.9988863468170166 0.004676488693803549 0.04694819450378418 0.12610037624835968 -0.0045499955303967 0.9999857544898987 -0.0028008113149553537 -0.25880441069602966 -0.04696061834692955 0.002584078349173069 0.9988933205604553 13.471329689025879
0.9988241195678711 0.0038792963605374098 0.04832422733306885 0.1330217570066452 -0.003699270077049732 0.999985933303833 -0.003814251162111759 -0.26099157333374023 -0.04833833873271942 0.0036310015711933374 0.9988243579864502 13.610498428344727
0.998745858669281 0.004862999077886343 0.04983029514551163 0.13953401148319244 -0.004604106303304434 0.999975323677063 -0.005308965221047401 -0.26286792755126953 -0.049854882061481476 0.005072882864624262 0.9987435340881348 13.743266105651855
0.9986806511878967 0.005318313371390104 0.05107620730996132 0.1452402025461197 -0.004968959838151932 0.9999634623527527 -0.006964401807636023 -0.27102819085121155 -0.0511113740503788 0.00670141726732254 0.9986704587936401 13.864373207092285
0.9986390471458435 0.005477443803101778 0.05186612904071808 0.15428394079208374 -0.004988242872059345 0.9999419450759888 -0.009556769393384457 -0.27051204442977905 -0.05191545933485031 0.009285042062401772 0.9986082911491394 13.990254402160645
0.9985942840576172 0.004985217470675707 0.05276970937848091 0.15957486629486084 -0.004369376692920923 0.9999210834503174 -0.01177928689867258 -0.27462032437324524 -0.05282426252961159 0.011532156728208065 0.9985371828079224 14.113636016845703
0.9986231923103333 0.004010767675936222 0.05230403319001198 0.16538366675376892 -0.0033121928572654724 0.9999043345451355 -0.013435879722237587 -0.2811781167984009 -0.052352916449308395 0.013244139961898327 0.9985407590866089 14.239872932434082
0.9987353682518005 0.0034097805619239807 0.050161153078079224 0.17217932641506195 -0.002674696734175086 0.9998882412910461 -0.01471428107470274 -0.28492021560668945 -0.050205715000629425 0.014561505988240242 0.9986327290534973 14.36485481262207
0.9988861083984375 0.003751337295398116 0.047038108110427856 0.17812404036521912 -0.003020532662048936 0.9998738169670105 -0.015597904101014137 -0.2883087694644928 -0.047090690582990646 0.015438448637723923 0.9987713098526001 14.49455451965332
0.9990578293800354 0.0041549247689545155 0.04320164769887924 0.17420616745948792 -0.0034199238289147615 0.9998484253883362 -0.01707327738404274 -0.286554753780365 -0.04326603561639786 0.016909444704651833 0.9989204406738281 14.61904239654541
0.9992822408676147 0.004272941965609789 0.03764128312468529 0.1694309264421463 -0.003591428743675351 0.9998287558555603 -0.018154505640268326 -0.2913665175437927 -0.03771241754293442 0.01800629124045372 0.9991263747215271 14.742128372192383
0.9995235204696655 0.003968745935708284 0.030608899891376495 0.17417962849140167 -0.003399405861273408 0.9998206496238708 -0.018630119040608406 -0.2967631220817566 -0.030677353963255882 0.01851719431579113 0.9993578195571899 14.862639427185059
0.9997187256813049 0.004265801981091499 0.023327818140387535 0.17061083018779755 -0.003810558468103409 0.9998021721839905 -0.01952478289604187 -0.2970673143863678 -0.023406490683555603 0.019430402666330338 0.9995371699333191 14.986952781677246
0.9998813271522522 0.0036016704980283976 0.014977878890931606 0.1680593490600586 -0.003297345479950309 0.9997886419296265 -0.020293541252613068 -0.3015860915184021 -0.01504780538380146 0.020241744816303253 0.9996818900108337 15.120955467224121
0.9999821782112122 0.002736414549872279 0.0053100879304111 0.15254494547843933 -0.002621414139866829 0.9997644424438477 -0.02154430001974106 -0.3043280839920044 -0.005367789883166552 0.021529996767640114 0.9997537732124329 15.251443862915039
0.9999672174453735 0.0014098759274929762 -0.007976744323968887 0.14843125641345978 -0.0015948072541505098 0.9997289776802063 -0.023225219920277596 -0.30609017610549927 0.007941840216517448 0.023237181827425957 0.9996984004974365 15.402931213378906
0.999713122844696 0.00037009819061495364 -0.023949427530169487 0.12522241473197937 -0.000973476970102638 0.9996822476387024 -0.02518712729215622 -0.30976760387420654 0.023932499811053276 0.025203216820955276 0.9993957877159119 15.55208969116211
0.9990637302398682 0.000962890568189323 -0.043249789625406265 0.09858042746782303 -0.0020998974796384573 0.9996531009674072 -0.026251593604683876 -0.31128212809562683 0.0432095043361187 0.026317836716771126 0.998719334602356 15.734403610229492
0.9978824257850647 0.001914998865686357 -0.06501521915197372 0.06399118900299072 -0.0036015433724969625 0.9996597170829773 -0.0258334930986166 -0.3171757757663727 0.06494361907243729 0.026012945920228958 0.997549831867218 15.899965286254883
0.996056318283081 0.002522143768146634 -0.08868702501058578 0.024905268102884293 -0.004690863192081451 0.9996947646141052 -0.024253718554973602 -0.3250999450683594 0.08859878033399582 0.02457408793270588 0.9957641959190369 16.11682891845703
0.9933264255523682 0.0033511342480778694 -0.11528816819190979 -0.020986177027225494 -0.006029809825122356 0.9997196793556213 -0.022893710061907768 -0.33129358291625977 0.11517912149429321 0.02343609184026718 0.9930682182312012 16.321760177612305
0.9894019961357117 0.0044372365809977055 -0.1451345533132553 -0.08936989307403564 -0.007492360193282366 0.9997616410255432 -0.020510468631982803 -0.3404790461063385 0.14500892162322998 0.021380499005317688 0.9891992807388306 16.544628143310547
0.9839729070663452 0.004613022319972515 -0.17825858294963837 -0.16545802354812622 -0.007798966486006975 0.9998220205307007 -0.01717599481344223 -0.34381967782974243 0.17814764380455017 0.018290946260094643 0.9838337302207947 16.800493240356445
0.9765691757202148 0.005730682052671909 -0.21512731909751892 -0.2497836798429489 -0.008755341172218323 0.9998757243156433 -0.013109570369124413 -0.35194283723831177 0.21502546966075897 0.01468591671437025 0.976498007774353 17.040597915649414
0.9669167399406433 0.00699642626568675 -0.254996120929718 -0.3555394411087036 -0.009346827864646912 0.9999242424964905 -0.008006821386516094 -0.3540685772895813 0.2549207806587219 0.010125337168574333 0.9669089317321777 17.30665397644043
0.9551212191581726 0.010626762174069881 -0.29602450132369995 -0.4797859787940979 -0.012073498219251633 0.9999224543571472 -0.0030595939606428146 -0.3574748933315277 0.29596903920173645 0.006496333982795477 0.9551754593849182 17.569765090942383
0.9409388303756714 0.014111164025962353 -0.3382822871208191 -0.6193018555641174 -0.014589227735996246 0.9998930096626282 0.0011294722789898515 -0.3597036600112915 0.33826205134391785 0.003872513072565198 0.9410440325737 17.844331741333008
0.9241724014282227 0.01645253784954548 -0.3816210627555847 -0.761241614818573 -0.014948299154639244 0.9998644590377808 0.006906070280820131 -0.3632473051548004 0.3816829323768616 -0.000677814066875726 0.9242931008338928 18.11263656616211
0.9048603773117065 0.020107947289943695 -0.42523321509361267 -0.9236939549446106 -0.015241291373968124 0.9997736215591431 0.014843984507024288 -0.3710693418979645 0.42543551325798035 -0.006950632203370333 0.9049620628356934 18.385805130004883
0.8830934166908264 0.024311572313308716 -0.4685668647289276 -1.1029316186904907 -0.016255216673016548 0.9996424317359924 0.021230701357126236 -0.3693162500858307 0.46891549229621887 -0.011132038198411465 0.8831729292869568 18.65191650390625
0.858328104019165 0.02995246648788452 -0.5122262835502625 -1.323667049407959 -0.019385693594813347 0.9994751214981079 0.025960123166441917 -0.3706538677215576 0.5127348899841309 -0.012352441437542439 0.8584581017494202 18.939964294433594
0.8302287459373474 0.0329577773809433 -0.5564478039741516 -1.5490334033966064 -0.02008269540965557 0.9993709921836853 0.029227938503026962 -0.36615803837776184 0.5570610165596008 -0.013090900145471096 0.8303683996200562 19.214561462402344
0.7994771599769592 0.03716103360056877 -0.599545955657959 -1.7981868982315063 -0.022722585126757622 0.9992412328720093 0.03163501247763634 -0.36911332607269287 0.6002665162086487 -0.011668235994875431 0.7997149229049683 19.472593307495117
0.7652521729469299 0.040481533855199814 -0.6424565315246582 -2.0682852268218994 -0.023654883727431297 0.9991150498390198 0.03477862849831581 -0.36344531178474426 0.6432958245277405 -0.011417186819016933 0.7655325531959534 19.751985549926758
0.7284645438194275 0.04404465854167938 -0.6836662888526917 -2.39188551902771 -0.0246923565864563 0.9989708662033081 0.03804754465818405 -0.34079331159591675 0.6846384406089783 -0.010834956541657448 0.7288023233413696 20.03995132446289
0.6898748278617859 0.04387527331709862 -0.7225977182388306 -2.716329336166382 -0.021343117579817772 0.9989604353904724 0.040279097855091095 -0.3178243041038513 0.723613977432251 -0.01236504502594471 0.6900942921638489 20.291229248046875
0.6484223008155823 0.04368220642209053 -0.7600265145301819 -3.065969228744507 -0.018800955265760422 0.9989667534828186 0.04137502983212471 -0.30265912413597107 0.7610486745834351 -0.012539267539978027 0.648573637008667 20.556394577026367
0.6067625284194946 0.04284908249974251 -0.7937272787094116 -3.45058012008667 -0.013245819136500359 0.9989524483680725 0.043802350759506226 -0.29564782977104187 0.794772744178772 -0.016064057126641273 0.6066945195198059 20.791641235351562
0.5612607598304749 0.04259157180786133 -0.826542317867279 -3.857786178588867 -0.008714452385902405 0.9989237189292908 0.04555683955550194 -0.2753225862979889 0.8275931477546692 -0.01836640201508999 0.5610279440879822 21.046661376953125
0.5150160193443298 0.04419394209980965 -0.8560405373573303 -4.275796890258789 -0.00651078624650836 0.9988428950309753 0.04764919728040695 -0.2569052577018738 0.8571558594703674 -0.01896660402417183 0.5147078037261963 21.252338409423828
0.4649452567100525 0.04363808035850525 -0.8842633366584778 -4.729666709899902 -0.0053531089797616005 0.998904824256897 0.0464809350669384 -0.23266154527664185 0.8853233456611633 -0.01687753200531006 0.4646695852279663 21.449859619140625
0.413228839635849 0.04273262992501259 -0.9096240997314453 -5.219876766204834 0.00015379740216303617 0.9988950490951538 0.04699630290269852 -0.21518202126026154 0.9106271862983704 -0.01956012286245823 0.41276559233665466 21.63408660888672
0.35852494835853577 0.041753139346838 -0.9325859546661377 -5.7287492752075195 0.005504315719008446 0.998887300491333 0.04683763161301613 -0.19413019716739655 0.9335039258003235 -0.021925704553723335 0.3578961193561554 21.81637954711914
0.30499014258384705 0.04077274352312088 -0.9514822959899902 -6.240938186645508 0.00847011897712946 0.9989275932312012 0.045520883053541183 -0.17302297055721283 0.9523178339004517 -0.021942591294646263 0.3043176829814911 21.9459228515625
0.25175201892852783 0.046280112117528915 -0.9666845202445984 -6.797196388244629 0.00926608219742775 0.9986949563026428 0.05022575706243515 -0.14065925776958466 0.9677473902702332 -0.021601814776659012 0.25099462270736694 22.049230575561523
0.19986116886138916 0.05186651274561882 -0.9784505367279053 -7.393369674682617 0.011731256730854511 0.9983997941017151 0.055320266634225845 -0.11714723706245422 0.9797539114952087 -0.02253483049571514 0.19893291592597961 22.145231246948242
0.15223047137260437 0.052815407514572144 -0.9869327545166016 -7.980290412902832 0.017492476850748062 0.9982707500457764 0.05612030252814293 -0.08983869105577469 0.988190233707428 -0.025807123631238937 0.1510433405637741 22.209104537963867
0.10767275840044022 0.05417158454656601 -0.9927094578742981 -8.59593677520752 0.01993096061050892 0.9981961846351624 0.05663277208805084 -0.06765836477279663 0.9939866065979004 -0.02588346041738987 0.10639882832765579 22.251846313476562
0.06760406494140625 0.052532412111759186 -0.9963282346725464 -9.231271743774414 0.01971416175365448 0.9983475208282471 0.053976546972990036 -0.03945176675915718 0.997517466545105 -0.023290811106562614 0.06645670533180237 22.26184844970703
0.03194652870297432 0.048176225274801254 -0.9983278512954712 -9.868539810180664 0.017469804733991623 0.9986581206321716 0.04875120520591736 -0.006740987300872803 0.999336838722229 -0.018998023122549057 0.03106202930212021 22.259214401245117
0.0037792448420077562 0.04803698882460594 -0.9988384246826172 -10.545698165893555 0.0150523716583848 0.9987297058105469 0.04808870702981949 0.029441172257065773 0.9998795986175537 -0.015216623432934284 0.0030513715464621782 22.23307991027832
-0.017278676852583885 0.052351951599121094 -0.9984792470932007 -11.251102447509766 0.014197277836501598 0.9985405206680298 0.0521094836294651 0.05788296461105347 0.9997498989105225 -0.01327530387789011 -0.017996709793806076 22.203920364379883
-0.030350519344210625 0.05836930125951767 -0.9978336095809937 -11.969985008239746 0.015597322024405003 0.9981995820999146 0.057916298508644104 0.08982919156551361 0.9994176030158997 -0.01380573958158493 -0.0312062818557024 22.18017578125
-0.038201771676540375 0.06088880077004433 -0.9974132776260376 -12.712580680847168 0.015064590610563755 0.9980635046958923 0.06035151705145836 0.12485460937023163 0.9991564750671387 -0.012720085680484772 -0.0390450581908226 22.14164924621582
-0.04195204749703407 0.05816454440355301 -0.9974251389503479 -13.479766845703125 0.01626846380531788 0.9982114434242249 0.05752614140510559 0.15857334434986115 0.9989871978759766 -0.01381323765963316 -0.04282325878739357 22.100229263305664
-0.040931764990091324 0.05414457246661186 -0.9976937770843506 -14.256640434265137 0.023432981222867966 0.998308002948761 0.05321653187274933 0.1968209594488144 0.9988871812820435 -0.021200690418481827 -0.042131271213293076 22.070619583129883
-0.036506280303001404 0.05285138264298439 -0.997934877872467 -15.059226036071777 0.03557632490992546 0.9980362057685852 0.05155529826879501 0.2382923662662506 0.9987000226974487 -0.033620767295360565 -0.03831484168767929 22.056133270263672
-0.0315086804330349 0.052910808473825455 -0.9981020092964172 -15.89816665649414 0.036135606467723846 0.9980052709579468 0.051764942705631256 0.2764257490634918 0.9988500475883484 -0.03443598002195358 -0.03335779532790184 22.041608810424805
-0.026581844314932823 0.05175593122839928 -0.9983059167861938 -16.737768173217773 0.03429335355758667 0.9981181621551514 0.0508330762386322 0.3051605522632599 0.999058187007904 -0.03288401663303375 -0.028306707739830017 22.012052536010742
-0.02339136227965355 0.04516063630580902 -0.9987058043479919 -17.622663497924805 0.037815023213624954 0.9983042478561401 0.0442567802965641 0.3478311598300934 0.9990109205245972 -0.03673085942864418 -0.025059448555111885 22.004899978637695
-0.021418077871203423 0.03444318100810051 -0.9991771578788757 -18.492841720581055 0.035795897245407104 0.9987919926643372 0.033662594854831696 0.3789350986480713 0.9991295337677002 -0.035045456141233444 -0.022625133395195007 21.984594345092773
-0.020405728369951248 0.026063311845064163 -0.9994520545005798 -19.391603469848633 0.027869200333952904 0.9992865324020386 0.02548999711871147 0.40603652596473694 0.9994032382965088 -0.027333790436387062 -0.02111753262579441 21.939327239990234
-0.021945029497146606 0.02318788692355156 -0.9994902610778809 -20.308815002441406 0.02240697667002678 0.999491274356842 0.022695939987897873 0.42855003476142883 0.9995080232620239 -0.021897491067647934 -0.02245343290269375 21.916372299194336
-0.025643562898039818 0.02934427373111248 -0.9992404580116272 -21.256990432739258 0.013128376565873623 0.9994928240776062 0.029014773666858673 0.4486028552055359 0.9995849132537842 -0.012374361045658588 -0.02601579762995243 21.871042251586914
-0.030622413381934166 0.037521008402109146 -0.9988266229629517 -22.213829040527344 0.008285971358418465 0.9992703795433044 0.037283651530742645 0.4731803238391876 0.9994966983795166 -0.007134533021599054 -0.030910968780517578 21.824024200439453
-0.03488828241825104 0.046938031911849976 -0.9982883334159851 -23.225309371948242 0.006739877164363861 0.9988847374916077 0.04673052579164505 0.5048214793205261 0.9993684887886047 -0.005097992718219757 -0.03516572341322899 21.779747009277344
-0.03654592111706734 0.05678291991353035 -0.9977174401283264 -24.2384033203125 0.005314388778060675 0.9983813166618347 0.05662604048848152 0.5499826669692993 0.9993177652359009 -0.00323280761949718 -0.03678853064775467 21.735763549804688
-0.03747042268514633 0.06453484296798706 -0.9972116947174072 -25.269237518310547 0.007413001265376806 0.9979029893875122 0.0643010288476944 0.5977754592895508 0.9992702603340149 -0.004982943646609783 -0.037870243191719055 21.694652557373047
-0.0391053669154644 0.06539889425039291 -0.997092604637146 -26.278995513916016 0.00833202712237835 0.99784255027771 0.06512129306793213 0.6469484567642212 0.9992002844810486 -0.005761211272329092 -0.03956591337919235 21.657615661621094
-0.04090514034032822 0.06249036639928818 -0.9972069263458252 -27.298954010009766 0.007188636343926191 0.9980347156524658 0.062247373163700104 0.7011839747428894 0.9991371631622314 -0.004622320178896189 -0.04127397760748863 21.611221313476562
-0.04358803480863571 0.05776317045092583 -0.9973782300949097 -28.32176971435547 0.00694124773144722 0.9983205199241638 0.05751437693834305 0.7434772253036499 0.9990254640579224 -0.00441611185669899 -0.04391578212380409 21.557147979736328
-0.04809226095676422 0.052668869495391846 -0.9974533319473267 -29.348419189453125 0.007177368737757206 0.9986011981964111 0.0523834228515625 0.7896694540977478 0.9988170862197876 -0.0046398532576859 -0.04840301349759102 21.50132179260254
-0.053814515471458435 0.0478973351418972 -0.9974015355110168 -30.377500534057617 0.006906114052981138 0.9988428354263306 0.04759393259882927 0.8320901989936829 0.9985271096229553 -0.004326924681663513 -0.05408302694559097 21.441791534423828
-0.06023881584405899 0.04593918099999428 -0.9971262812614441 -31.403423309326172 0.005866158287972212 0.9989394545555115 0.04566832259297371 0.8724954724311829 0.9981667995452881 -0.003098295070230961 -0.060444410890340805 21.35993194580078
-0.06724788248538971 0.04864649847149849 -0.9965496063232422 -32.47986602783203 0.0068247029557824135 0.9988096952438354 0.048296283930540085 0.9061031937599182 0.9977129101753235 -0.0035533327609300613 -0.06749983131885529 21.292842864990234
-0.07350793480873108 0.05355203524231911 -0.9958557486534119 -33.54872131347656 0.005417941603809595 0.9985639452934265 0.0532977432012558 0.9471603631973267 0.997279942035675 -0.0014776820316910744 -0.07369250804185867 21.205421447753906
-0.0796227976679802 0.056540001183748245 -0.9952203035354614 -34.6153678894043 0.002797259483486414 0.9983988404273987 0.05649678409099579 0.9906731843948364 0.9968211054801941 0.0017145434394478798 -0.07965348660945892 21.111391067504883
-0.08410295844078064 0.058598458766937256 -0.9947326183319092 -35.686214447021484 -0.0006868981290608644 0.9982656836509705 0.058864668011665344 1.0414979457855225 0.9964568614959717 0.005633973050862551 -0.08391685038805008 21.007856369018555
-0.0865011215209961 0.060132578015327454 -0.9944353699684143 -36.76509094238281 -0.004733956418931484 0.9981405735015869 0.06076841801404953 1.085862398147583 0.996240496635437 0.009964150376617908 -0.08605562895536423 20.89743423461914
-0.08867877721786499 0.060742639005184174 -0.994206428527832 -37.8408203125 -0.009658333845436573 0.9980394244194031 0.061838299036026 1.1541869640350342 0.9960134625434875 0.015086122788488865 -0.0879182443022728 20.800662994384766
-0.0899713933467865 0.06029145419597626 -0.994117796421051 -38.91895294189453 -0.010293301194906235 0.9980563521385193 0.061461906880140305 1.2050516605377197 0.9958910942077637 0.0157625675201416 -0.08917592465877533 20.688833236694336
-0.09101276099681854 0.059555523097515106 -0.9940673112869263 -40.000244140625 -0.011581039987504482 0.9980792999267578 0.060856204479932785 1.2528035640716553 0.9957823157310486 0.01705102249979973 -0.09014825522899628 20.57415771484375
-0.09235183149576187 0.05885050445795059 -0.9939857721328735 -41.08372497558594 -0.012104722671210766 0.9981117844581604 0.06021944805979729 1.3045068979263306 0.9956527948379517 0.017593299970030785 -0.09146508574485779 20.469640731811523
-0.09302151948213577 0.058004941791296005 -0.9939730763435364 -42.171104431152344 -0.01469477079808712 0.9981128573417664 0.059621747583150864 1.3558131456375122 0.9955556392669678 0.020152311772108078 -0.09199361503124237 20.351234436035156
-0.09376417100429535 0.0553136020898819 -0.9940567016601562 -43.253997802734375 -0.01940475031733513 0.998164176940918 0.05737251788377762 1.4075145721435547 0.9954053163528442 0.02466890960931778 -0.09251869469881058 20.240997314453125
-0.09410834312438965 0.050270628184080124 -0.9942919015884399 -44.344627380371094 -0.02402476780116558 0.9983187913894653 0.05274812877178192 1.4546715021133423 0.9952720403671265 0.028851671144366264 -0.09274239093065262 20.129587173461914
-0.09323622286319733 0.049876417964696884 -0.9943939447402954 -45.44580841064453 -0.02579534240067005 0.9982881546020508 0.05249036103487015 1.496816635131836 0.9953098297119141 0.030544739216566086 -0.09179004281759262 20.01587677001953
-0.09173586219549179 0.05399073287844658 -0.9943186044692993 -46.55682373046875 -0.026743242517113686 0.9980353116989136 0.05665987730026245 1.5430622100830078 0.995424211025238 0.03178904950618744 -0.09011173248291016 19.91218376159668
-0.08990535885095596 0.057351838797330856 -0.9942976832389832 -47.65578079223633 -0.026481805369257927 0.9978498816490173 0.05995124951004982 1.5841619968414307 0.9955982565879822 0.031720735132694244 -0.08819327503442764 19.809904098510742
-0.08803713321685791 0.05697407200932503 -0.9944865107536316 -48.77451705932617 -0.024990001693367958 0.997922420501709 0.05938316136598587 1.6394165754318237 0.9958036541938782 0.030080141499638557 -0.08643044531345367 19.699722290039062
-0.0856427401304245 0.05608225613832474 -0.9947463274002075 -49.8831901550293 -0.024776963517069817 0.9979858994483948 0.05839807912707329 1.6903057098388672 0.9960178136825562 0.029648158699274063 -0.08408068865537643 19.602210998535156
-0.08166974037885666 0.056164298206567764 -0.9950757026672363 -51.020050048828125 -0.029357686638832092 0.9978421330451965 0.05872993543744087 1.7500935792922974 0.996226966381073 0.034009579569101334 -0.0798446536064148 19.502422332763672
-0.07574700564146042 0.05699033662676811 -0.9954971671104431 -52.14665985107422 -0.03442274034023285 0.9976208209991455 0.05973111838102341 1.8029476404190063 0.9965327382087708 0.0387921966612339 -0.073605015873909 19.400829315185547
-0.06956709921360016 0.056550104171037674 -0.9959731698036194 -53.270103454589844 -0.03857235237956047 0.9974929690361023 0.05933060497045517 1.8564646244049072 0.9968312382698059 0.042544491589069366 -0.06721141934394836 19.302955627441406
-0.06410259753465652 0.05560964345932007 -0.9963927268981934 -54.431640625 -0.04000569134950638 0.9975003600120544 0.0582452192902565 1.9128806591033936 0.9971411228179932 0.043595053255558014 -0.061717670410871506 19.22500228881836
-0.058428335934877396 0.05482463911175728 -0.996785044670105 -55.56829833984375 -0.039542630314826965 0.9975801110267639 0.05718623474240303 1.9661736488342285 0.99750816822052 0.04275679960846901 -0.05611903965473175 19.157249450683594
-0.05281347781419754 0.05433033034205437 -0.9971253275871277 -56.715999603271484 -0.038144275546073914 0.9976805448532104 0.056380897760391235 2.018272876739502 0.9978756308555603 0.041012298315763474 -0.05061858147382736 19.084775924682617
-0.0473698191344738 0.05510075390338898 -0.9973565340042114 -57.85441207885742 -0.03701608628034592 0.997694730758667 0.05687753111124039 2.066739559173584 0.9981912970542908 0.03961251303553581 -0.045221004635095596 19.0284423828125
-0.04145130142569542 0.05652403086423874 -0.9975403547286987 -59.01637268066406 -0.03618387505412102 0.9976585507392883 0.058034297078847885 2.1196510791778564 0.9984850883483887 0.03850046917796135 -0.03930898755788803 18.975954055786133
-0.036039527505636215 0.05785852670669556 -0.9976740479469299 -60.17116165161133 -0.03671770915389061 0.9975718259811401 0.05917896702885628 2.1708216667175293 0.9986756443977356 0.038765083998441696 -0.033827584236860275 18.934995651245117
-0.031120670959353447 0.057022545486688614 -0.9978876709938049 -61.33989715576172 -0.03610815852880478 0.9976553916931152 0.05813536047935486 2.221798896789551 0.9988632202148438 0.03784109279513359 -0.028988724574446678 18.902626037597656
-0.026243086904287338 0.052628401666879654 -0.998269259929657 -62.498008728027344 -0.0363418385386467 0.9979028105735779 0.053564462810754776 2.2659382820129395 0.998994767665863 0.03768463432788849 -0.024275438860058784 18.86536979675293
-0.02211141027510166 0.04718437045812607 -0.9986414313316345 -63.65117645263672 -0.03626256808638573 0.9981904625892639 0.047965969890356064 2.3107991218566895 0.9990976452827454 0.03727389872074127 -0.020360372960567474 18.842041015625
-0.01787996105849743 0.047274719923734665 -0.9987218379974365 -64.8411636352539 -0.03573695570230484 0.9982131719589233 0.04789042845368385 2.346615791320801 0.999201238155365 0.03654756024479866 -0.016158556565642357 18.802156448364258
-0.015502842143177986 0.04984622076153755 -0.9986366033554077 -66.03356170654297 -0.03499014675617218 0.9981177449226379 0.050363510847091675 2.3788771629333496 0.9992673993110657 0.03572321683168411 -0.013729535043239594 18.803251266479492
-0.013105088844895363 0.04966180399060249 -0.9986801743507385 -67.20077514648438 -0.03566662594676018 0.9981070160865784 0.05010133609175682 2.421081066131592 0.9992777705192566 0.036276135593652725 -0.011309013701975346 18.77581214904785
-0.01218890119343996 0.04939435422420502 -0.9987050294876099 -68.36267852783203 -0.037577301263809204 0.9980509281158447 0.04982063174247742 2.466604232788086 0.9992193579673767 0.03813589736819267 -0.010309037752449512 18.758726119995117
-0.011616021394729614 0.05051002651453018 -0.9986559748649597 -69.55899047851562 -0.03787996992468834 0.9979842901229858 0.05091666057705879 2.5046565532684326 0.999214768409729 0.038420505821704865 -0.00967929232865572 18.742563247680664
-0.010110300034284592 0.05012202635407448 -0.9986919164657593 -70.73817443847656 -0.03860912844538689 0.9979786276817322 0.05047708749771118 2.546130418777466 0.9992032647132874 0.039068955928087234 -0.008154697716236115 18.71959686279297
-0.009180723689496517 0.048175375908613205 -0.9987966418266296 -71.90774536132812 -0.03874858096241951 0.9980714321136475 0.048496562987565994 2.5840423107147217 0.9992067813873291 0.03914719074964523 -0.00729629211127758 18.701833724975586
-0.008832158520817757 0.046928390860557556 -0.9988592267036438 -73.11327362060547 -0.03697606921195984 0.9981997013092041 0.04722435027360916 2.6256861686706543 0.9992771148681641 0.037350982427597046 -0.007081031333655119 18.69460678100586
-0.008173063397407532 0.04648648947477341 -0.9988855123519897 -74.30130004882812 -0.03409114480018616 0.9983251690864563 0.046739351004362106 2.66861629486084 0.9993853569030762 0.034435149282217026 -0.006574597675353289 18.680763244628906
-0.008211049251258373 0.04770926013588905 -0.9988276362419128 -75.47285461425781 -0.03161667287349701 0.9983494281768799 0.04794633388519287 2.6986446380615234 0.9994663596153259 0.03197329118847847 -0.006689089350402355 18.67559814453125
-0.00806004460901022 0.05053110048174858 -0.9986900091171265 -76.65992736816406 -0.03130675107240677 0.9982200860977173 0.05075998604297638 2.7381863594055176 0.9994773268699646 0.03167486563324928 -0.006463734433054924 18.660253524780273
-0.00781079288572073 0.0540585070848465 -0.9985072612762451 -77.83930206298828 -0.03324711695313454 0.9979715943336487 0.05428957939147949 2.779407262802124 0.999416708946228 0.03362153097987175 -0.005997660104185343 18.651660919189453
-0.007475196849554777 0.05393702909350395 -0.998516321182251 -79.03741455078125 -0.03548981621861458 0.9979007840156555 0.054169464856386185 2.8292343616485596 0.9993420243263245 0.03584207966923714 -0.005545290187001228 18.63466453552246
-0.0071750832721591 0.05152728408575058 -0.9986457824707031 -80.2145767211914 -0.03680935129523277 0.9979809522628784 0.05175745487213135 2.8762552738189697 0.9992965459823608 0.03713086247444153 -0.005263911560177803 18.62056541442871
-0.006445521488785744 0.04962877929210663 -0.9987469911575317 -81.39619445800781 -0.036332495510578156 0.9980965256690979 0.04983094334602356 2.912865161895752 0.9993189573287964 0.03660815209150314 -0.004630116280168295 18.595720291137695
-0.007072285283356905 0.04880068078637123 -0.9987834095954895 -82.58367919921875 -0.034286096692085266 0.9982093572616577 0.049015410244464874 2.9538543224334717 0.9993870258331299 0.034591034054756165 -0.005386436823755503 18.59375762939453
-0.007093279622495174 0.050040870904922485 -0.9987219572067261 -83.75994110107422 -0.032876212149858475 0.998195469379425 0.05024798959493637 2.9969396591186523 0.9994342923164368 0.03319061920046806 -0.005435324739664793 18.58576202392578
-0.0061487480998039246 0.05258955806493759 -0.998597264289856 -84.93893432617188 -0.03202809393405914 0.9980933666229248 0.052760232239961624 3.0422463417053223 0.9994680285453796 0.03230757638812065 -0.004452682100236416 18.565494537353516
-0.005960626527667046 0.0555357001721859 -0.9984388947486877 -86.10999298095703 -0.03262457624077797 0.9979142546653748 0.05570128560066223 3.075120687484741 0.9994499087333679 0.032905664294958115 -0.004136366304010153 18.55605697631836
-0.005661495961248875 0.05557312071323395 -0.9984385967254639 -87.27363586425781 -0.034079018980264664 0.9978638291358948 0.05573436990380287 3.1210439205169678 0.9994031190872192 0.034341346472501755 -0.003755524754524231 18.54086685180664
-0.0062996214255690575 0.05370461195707321 -0.998537003993988 -88.45354461669922 -0.033411409705877304 0.9979879260063171 0.05388587340712547 3.162940740585327 0.9994218349456787 0.03370198979973793 -0.0044926004484295845 18.537572860717773
-0.005165226757526398 0.052259672433137894 -0.9986201524734497 -89.6198501586914 -0.03271523490548134 0.9980900883674622 0.052401140332221985 3.2055015563964844 0.9994513392448425 0.03294076398015022 -0.0034456735011190176 18.5212459564209
-0.0051511963829398155 0.05340602621436119 -0.9985595941543579 -90.7820053100586 -0.03111661598086357 0.9980807304382324 0.05354093387722969 3.2458884716033936 0.999502420425415 0.031347595155239105 -0.0034794947132468224 18.511699676513672
-0.004827567841857672 0.05598698556423187 -0.9984198212623596 -91.95668029785156 -0.029009589925408363 0.9980033040046692 0.0561039000749588 3.2976765632629395 0.9995675086975098 0.029234591871500015 -0.003193770069628954 18.49847984313965
-0.004908366594463587 0.0584421269595623 -0.9982788562774658 -93.11661529541016 -0.02704053744673729 0.9979179501533508 0.058553971350193024 3.3415722846984863 0.9996222853660583 0.027281397953629494 -0.0033178399316966534 18.500591278076172
-0.004675053991377354 0.06033514812588692 -0.9981672763824463 -94.28631591796875 -0.02764293923974037 0.9977888464927673 0.0604417510330677 3.3880462646484375 0.9996069073677063 0.027874842286109924 -0.0029968759045004845 18.490888595581055
-0.004123165272176266 0.061976853758096695 -0.9980691075325012 -95.44990539550781 -0.030543014407157898 0.9976040720939636 0.06207416206598282 3.4435808658599854 0.9995249509811401 0.030739979818463326 -0.002220326801761985 18.472888946533203
-0.003414551494643092 0.06161774322390556 -0.9980939030647278 -96.60842895507812 -0.03264439478516579 0.9975610971450806 0.06169651821255684 3.486433744430542 0.9994611740112305 0.032792843878269196 -0.001394749036990106 18.45878028869629
-0.003395172767341137 0.056962769478559494 -0.9983705282211304 -97.7608871459961 -0.03497620299458504 0.997758686542511 0.057046808302402496 3.5434608459472656 0.9993823170661926 0.0351128913462162 -0.0013952215667814016 18.44373321533203
-0.0029437518678605556 0.0555129311978817 -0.9984536170959473 -98.9183120727539 -0.03639073669910431 0.9977906942367554 0.05558336526155472 3.590054512023926 0.9993333220481873 0.03649809584021568 -0.0009170910925604403 18.4291934967041
-0.0028564513195306063 0.05403073504567146 -0.9985352158546448 -100.08808135986328 -0.03583556041121483 0.9978923201560974 0.0540984608232975 3.628119707107544 0.9993536472320557 0.0359375923871994 -0.0009142095223069191 18.428678512573242
-0.002798737958073616 0.054640743881464005 -0.9985021948814392 -101.25594329833984 -0.034685082733631134 0.9978999495506287 0.05470500886440277 3.672654390335083 0.999394416809082 0.03478623181581497 -0.0008976421086117625 18.4280948638916
-0.0027779715601354837 0.05656358227133751 -0.9983951449394226 -102.39987182617188 -0.03491495922207832 0.9977847337722778 0.056626152247190475 3.7187681198120117 0.9993864297866821 0.03501623868942261 -0.0007969022844918072 18.415498733520508
