1.0 0.0 0.0 0.0 0.0 1.0 0.0 0.0 0.0 0.0 1.0 0.0
0.9999955296516418 0.00298342015594244 0.00013591727474704385 -0.00567590119317174 -0.0029836012981832027 0.9999946355819702 0.0013520946959033608 -0.012439409270882607 -0.000131882683490403 -0.0013524942332878709 0.9999991059303284 0.7727128863334656
0.999984622001648 0.0055076610296964645 0.000635598145890981 -0.013108061626553535 -0.005508885253220797 0.9999828934669495 0.0019393267575651407 -0.030082112178206444 -0.0006249061552807689 -0.00194279826246202 0.9999979138374329 1.538439393043518
0.9999764561653137 0.006742401048541069 0.0012208381667733192 -0.02256223000586033 -0.006744650192558765 0.9999755620956421 0.0018473491072654724 -0.04853549972176552 -0.0012083526235073805 -0.0018555396236479282 0.9999975562095642 2.273336410522461
0.9999613165855408 0.008723133243620396 0.0011226977221667767 -0.025729089975357056 -0.008724870160222054 0.999960720539093 0.0015511391684412956 -0.061655253171920776 -0.0011091228807345033 -0.0015608747489750385 0.9999982118606567 3.001013994216919
0.9999580979347229 0.008965100161731243 0.0018395209917798638 -0.035508234053850174 -0.008967325091362 0.9999590516090393 0.001205058186315 -0.07411613315343857 -0.0018286420963704586 -0.0012215034803375602 0.9999974966049194 3.7197794914245605
0.9999567270278931 0.009126374498009682 0.0018295312765985727 -0.029669824987649918 -0.00912995170801878 0.9999564290046692 0.0019564165268093348 -0.08554224669933319 -0.0018115966813638806 -0.001973035279661417 0.9999963045120239 4.417480945587158
0.9999449253082275 0.010061089880764484 0.002984073478728533 -0.04651666432619095 -0.0100760692730546 0.9999364018440247 0.005047838669270277 -0.10264161229133606 -0.002933097304776311 -0.005077628418803215 0.9999827146530151 5.090481758117676
0.9999414682388306 0.00989812146872282 0.0043655019253492355 -0.0416906401515007 -0.009936504997313023 0.9999113082885742 0.008859890513122082 -0.1082456111907959 -0.004277419298887253 -0.008902749978005886 0.999951183795929 5.755397319793701
0.9999423623085022 0.009185662493109703 0.0055521042086184025 -0.03617219999432564 -0.009253747761249542 0.9998806118965149 0.012364285066723824 -0.11814098060131073 -0.005437868181616068 -0.01241495180875063 0.9999081492424011 6.3883137702941895
0.9999397397041321 0.008568895049393177 0.006861448287963867 -0.0415046326816082 -0.008668349124491215 0.9998558163642883 0.014598285779356956 -0.12713658809661865 -0.0067353686317801476 -0.014656884595751762 0.9998698830604553 6.988481521606445
0.9999294281005859 0.009148846380412579 0.007578311488032341 -0.025635499507188797 -0.009258471429347992 0.9998511672019958 0.014559119008481503 -0.13698282837867737 -0.007443984970450401 -0.014628253877162933 0.9998652338981628 7.573880195617676
0.9999155402183533 0.009792327880859375 0.008539281785488129 -0.022739924490451813 -0.009895280934870243 0.9998778700828552 0.012098448351025581 -0.14758512377738953 -0.008419767953455448 -0.012181922793388367 0.9998903870582581 8.125469207763672
0.9999077916145325 0.009755188599228859 0.009444880299270153 -0.021127603948116302 -0.009841338731348515 0.9999099969863892 0.009118239395320415 -0.1503426730632782 -0.00935508031398058 -0.009210348129272461 0.9999138712882996 8.655945777893066
0.9999070763587952 0.008112319745123386 0.010954557918012142 -0.00945725291967392 -0.008195982314646244 0.9999374151229858 0.007614148315042257 -0.1583346724510193 -0.010892104357481003 -0.007703223265707493 0.9999110102653503 9.157601356506348
0.9999070167541504 0.0041861142963171005 0.012976963073015213 -0.0035612955689430237 -0.004254026338458061 0.9999774098396301 0.005210143513977528 -0.16277480125427246 -0.012954859994351864 -0.005264861509203911 0.9999021887779236 9.622385025024414
0.9998878836631775 0.002253667451441288 0.014802340418100357 0.00947272777557373 -0.002317124977707863 0.9999881386756897 0.004271229263395071 -0.1711035966873169 -0.014792540110647678 -0.004305049777030945 0.9998813271522522 10.060880661010742
0.9998389482498169 0.006508651655167341 0.016721736639738083 0.014643490314483643 -0.006546752993017435 0.9999761581420898 0.002224792493507266 -0.18083257973194122 -0.016706854104995728 -0.002333907876163721 0.9998576641082764 10.475915908813477
0.9997398853302002 0.011026537045836449 0.019965466111898422 0.011997386813163757 -0.011058335192501545 0.9999377727508545 0.0014829046558588743 -0.18878506124019623 -0.019947873428463936 -0.0017033037729561329 0.9997995495796204 10.861773490905762
0.999677300453186 0.011242613196372986 0.02278122305870056 0.02694326639175415 -0.011304509826004505 0.9999327659606934 0.002590014599263668 -0.1978868842124939 -0.022750575095415115 -0.002846709219738841 0.9997372031211853 11.211289405822754
0.9996350407600403 0.006796676199883223 0.0261464174836874 0.03823992609977722 -0.006884468719363213 0.9999710321426392 0.003269154578447342 -0.2067084014415741 -0.026123441755771637 -0.00344796571880579 0.9996528029441833 11.527862548828125
0.9995815753936768 0.0028316087555140257 0.02878577448427677 0.053324222564697266 -0.0029150182381272316 0.9999916553497314 0.002856047125533223 -0.20649871230125427 -0.02877744846045971 -0.002938763238489628 0.999581515789032 11.808870315551758
0.9995143413543701 -0.0006568880053237081 0.031154057011008263 0.068910151720047 0.000521270907483995 0.9999904036521912 0.004361041821539402 -0.21352174878120422 -0.031156621873378754 -0.004342684522271156 0.9995051026344299 12.066245079040527
0.9994342923164368 -0.001037552603520453 0.03361665457487106 0.07860633730888367 0.0008571242797188461 0.9999851584434509 0.005381188355386257 -0.21942250430583954 -0.03362174332141876 -0.0053493306040763855 0.9994202852249146 12.29738712310791
0.9993569850921631 -0.00041492300806567073 0.035854458808898926 0.0823773443698883 0.00025823269970715046 0.9999903440475464 0.0043746912851929665 -0.22351859509944916 -0.035855937749147415 -0.004362618550658226 0.999347448348999 12.502626419067383
0.9992978572845459 0.00031979751656763256 0.03746598958969116 0.10166355967521667 -0.0004439404292497784 0.9999943971633911 0.003305216785520315 -0.23306165635585785 -0.03746473044157028 -0.0033195288851857185 0.9992924332618713 12.699087142944336
0.9991682171821594 0.0027014981023967266 0.04068748280405998 0.09712260961532593 -0.0028003444895148277 0.9999932646751404 0.002372621325775981 -0.23683589696884155 -0.04068079963326454 -0.0024845865555107594 0.999169111251831 12.85653018951416
0.9990913271903992 0.005718737840652466 0.04223630949854851 0.1015862226486206 -0.0057923682034015656 0.9999818205833435 0.001621124567463994 -0.24155589938163757 -0.04222627729177475 -0.0018642994109541178 0.9991062879562378 13.027304649353027
0.9990282654762268 0.007150048855692148 0.04349203035235405 0.10969585180282593 -0.007170889992266893 0.999974250793457 0.0003232064191251993 -0.2502208650112152 -0.04348860681056976 -0.0006347689777612686 0.9990537762641907 13.182670593261719
0.9989408254623413 0.0060857608914375305 0.04560825228691101 0.11711391806602478 -0.006032672710716724 0.9999808669090271 -0.0013015540316700935 -0.25817203521728516 -0.0456153079867363 0.0010250359773635864 0.9989584684371948 13.33155345916748
0.9988828301429749 0.004587492905557156 0.04703225567936897 0.12565451860427856 -0.004461448639631271 0.9999861121177673 -0.0027845874428749084 -0.2598913908004761 -0.047044381499290466 0.0025716444943100214 0.9988895058631897 13.471761703491211
0.9988235831260681 0.0037992908619344234 0.048341475427150726 0.13260352611541748 -0.0036235079169273376 0.999986469745636 -0.003723394824191928 -0.26379576325416565 -0.04835497587919235 0.0035438493359833956 0.9988239407539368 13.608663558959961
0.9987490773200989 0.004718350246548653 0.049778006970882416 0.1415998339653015 -0.004462352953851223 0.9999762773513794 -0.005252662114799023 -0.2652788758277893 -0.049801602959632874 0.0050239646807312965 0.9987465143203735 13.743980407714844
0.9986768364906311 0.005276814103126526 0.051152303814888 0.14456391334533691 -0.0049274074845016 0.999963641166687 -0.006954411044716835 -0.2718505263328552 -0.051187142729759216 0.006693162024021149 0.9986667037010193 13.864645957946777
0.9986371994018555 0.005301171448081732 0.05191965401172638 0.15493977069854736 -0.004816751461476088 0.9999437928199768 -0.00945088267326355 -0.272316038608551 -0.0519668348133564 0.009187920019030571 0.9986066222190857 13.99132251739502
0.9986023902893066 0.004722176119685173 0.0526387020945549 0.16284650564193726 -0.0041162180714309216 0.9999240636825562 -0.0116141177713871 -0.2772650718688965 -0.0526895597577095 0.01138121448457241 0.9985461235046387 14.118258476257324
0.9986185431480408 0.0038855017628520727 0.052401743829250336 0.16482776403427124 -0.003189409151673317 0.9999057054519653 -0.013360852375626564 -0.28268662095069885 -0.052448712289333344 0.013175264932215214 0.9985367059707642 14.241246223449707
0.9987406730651855 0.0032314681448042393 0.05006511136889458 0.17475587129592896 -0.0025012418627738953 0.9998896718025208 -0.014641332440078259 -0.2868592441082001 -0.05010690167546272 0.014497670345008373 0.9986386895179749 14.368278503417969
0.9988887906074524 0.0035739592276513577 0.046992652118206024 0.17996472120285034 -0.0028474382124841213 0.9998754858970642 -0.015518181025981903 -0.289745032787323 -0.04704226180911064 0.01536712609231472 0.9987747073173523 14.496783256530762
0.9990531802177429 0.004126508720219135 0.04330744594335556 0.17392131686210632 -0.003391134785488248 0.9998490214347839 -0.017040057107806206 -0.28761979937553406 -0.04337122291326523 0.0168770644813776 0.9989165663719177 14.619396209716797
0.999282717704773 0.003922829404473305 0.037665486335754395 0.17055335640907288 -0.0032421299256384373 0.9998306035995483 -0.018116334453225136 -0.2928682565689087 -0.03773017227649689 0.01798122376203537 0.9991262555122375 14.744158744812012
0.9995255470275879 0.003738024504855275 0.030572202056646347 0.17458626627922058 -0.003176304278895259 0.999825656414032 -0.018401537090539932 -0.3000589609146118 -0.030635656788945198 0.01829569973051548 0.9993631839752197 14.861475944519043
0.9997203350067139 0.003922213334590197 0.023318011313676834 0.17083647847175598 -0.003473185235634446 0.9998084306716919 -0.01926613040268421 -0.3015281856060028 -0.02338910661637783 0.019179759547114372 0.9995424151420593 14.98849105834961
0.9998795390129089 0.0035479797516018152 0.015107125043869019 0.165925532579422 -0.0032434461172670126 0.9997920393943787 -0.020135309547185898 -0.30495795607566833 -0.015175419859588146 0.02008388563990593 0.999683141708374 15.120335578918457
0.9999834299087524 0.0024914229288697243 0.0051910486072301865 0.15422271192073822 -0.002380329417064786 0.9997704029083252 -0.02129828743636608 -0.30771583318710327 -0.005242915824055672 0.02128557488322258 0.9997597336769104 15.25128173828125
0.9999672770500183 0.001088860328309238 -0.00801483727991581 0.14938461780548096 -0.001272833556868136 0.9997350573539734 -0.022984912618994713 -0.3091089427471161 0.00798768736422062 0.022994359955191612 0.9997036457061768 15.402177810668945
0.999711811542511 0.00024038906849455088 -0.024003969505429268 0.12594148516654968 -0.0008401079103350639 0.9996877312660217 -0.024977196007966995 -0.312491238117218 0.023990469053387642 0.02499016374349594 0.9993997812271118 15.552437782287598
0.9990628957748413 0.0008026746800169349 -0.04327685013413429 0.09903150796890259 -0.0019300618441775441 0.9996597170829773 -0.026015087962150574 -0.3143894076347351 0.04324125126004219 0.026074230670928955 0.9987243413925171 15.733635902404785
0.9978781342506409 0.0018481593579053879 -0.06508324295282364 0.06466960906982422 -0.0035226992331445217 0.9996654391288757 -0.02562384493649006 -0.3198205530643463 0.06501411646604538 0.025798741728067398 0.9975508451461792 15.900617599487305
0.9960864782333374 0.0022674575448036194 -0.08835477381944656 0.025365114212036133 -0.004417755175381899 0.9996985793113708 -0.02414913848042488 -0.32902097702026367 0.08827337622642517 0.024444961920380592 0.9957962036132812 16.098878860473633
0.9933537244796753 0.0034195496700704098 -0.11505177617073059 -0.02833092212677002 -0.0060742320492863655 0.9997232556343079 -0.02273114025592804 -0.33395108580589294 0.11494217813014984 0.023278916254639626 0.9930993318557739 16.324308395385742
0.9894030690193176 0.004355668555945158 -0.14512911438941956 -0.09504961967468262 -0.007410090416669846 0.9997620582580566 -0.020512308925390244 -0.3412775695323944 0.1450052559375763 0.021370362490415573 0.9892000555992126 16.554607391357422
0.9839255213737488 0.004482623655349016 -0.17852264642715454 -0.1592864990234375 -0.007638449314981699 0.9998264312744141 -0.016994040459394455 -0.34833335876464844 0.178415447473526 0.018084505572915077 0.9837890267372131 16.792198181152344
0.9766035676002502 0.005471806973218918 -0.21497800946235657 -0.24872803688049316 -0.00847991555929184 0.9998785853385925 -0.013072839006781578 -0.3549697995185852 0.21488037705421448 0.014589976519346237 0.9765313863754272 17.037511825561523
0.9669404625892639 0.006867679767310619 -0.2549099922180176 -0.35379528999328613 -0.009217713959515095 0.9999252557754517 -0.008025633171200752 -0.3549515902996063 0.254835844039917 0.010109994560480118 0.9669315218925476 17.3051815032959
0.9550071358680725 0.010726169683039188 -0.29638880491256714 -0.4770350456237793 -0.012148471549153328 0.9999218583106995 -0.002957422286272049 -0.36250540614128113 0.2963338792324066 0.006425028666853905 0.9550628066062927 17.571304321289062
0.9410077929496765 0.014268796890974045 -0.3380838930606842 -0.627936840057373 -0.01471694279462099 0.9998908042907715 0.0012378077954053879 -0.36030587553977966 0.33806467056274414 0.0038107754662632942 0.9411150813102722 17.857812881469727
0.9241943359375 0.01679137721657753 -0.381553053855896 -0.7620820999145508 -0.015140586532652378 0.9998584985733032 0.0073283519595861435 -0.3663839101791382 0.3816221058368683 -0.0009958849987015128 0.9243178963661194 18.11617660522461
0.9049775004386902 0.02019229158759117 -0.4249798059463501 -0.9373860359191895 -0.01539439707994461 0.9997730851173401 0.014720998704433441 -0.3673592209815979 0.4251806437969208 -0.006779866758733988 0.9050830602645874 18.400468826293945
0.8831396102905273 0.024336934089660645 -0.46847838163375854 -1.1319313049316406 -0.01633523777127266 0.999643087387085 0.02113640308380127 -0.3655778467655182 0.46882563829421997 -0.011013692244887352 0.8832221031188965 18.685306549072266
0.8583391308784485 0.029739737510681152 -0.512220025062561 -1.3263187408447266 -0.019176285713911057 0.999480664730072 0.025896159932017326 -0.36984026432037354 0.5127242207527161 -0.012405211105942726 0.8584638237953186 18.942140579223633
0.8304566144943237 0.033502619713544846 -0.5560749769210815 -1.5589017868041992 -0.02055438794195652 0.9993530511856079 0.029512960463762283 -0.37106916308403015 0.5567039847373962 -0.013079448603093624 0.8306079506874084 19.221643447875977
0.7995970845222473 0.03702126070857048 -0.599394679069519 -1.8212223052978516 -0.02292533591389656 0.999252200126648 0.031135648488998413 -0.36276769638061523 0.6000991463661194 -0.011154647916555405 0.7998478412628174 19.49665641784668
0.7655301094055176 0.039962656795978546 -0.6421577334403992 -2.0909080505371094 -0.023390796035528183 0.9991380572319031 0.034293510019779205 -0.3579287528991699 0.6429747343063354 -0.011232133954763412 0.7658049464225769 19.769737243652344
0.7286897897720337 0.044054415076971054 -0.6834253668785095 -2.392533302307129 -0.024673447012901306 0.9989697337150574 0.03808716684579849 -0.345109224319458 0.6843991875648499 -0.010891272686421871 0.7290260791778564 20.03605842590332
0.689960777759552 0.0440196618437767 -0.7225069999694824 -2.738649368286133 -0.021634945645928383 0.9989572763442993 0.04020237550139427 -0.3193798065185547 0.7235233783721924 -0.012106659822165966 0.6901937127113342 20.31058120727539
0.6489661335945129 0.04389932006597519 -0.7595497965812683 -3.092251777648926 -0.019271088764071465 0.9989621043205261 0.04127112403512001 -0.30427467823028564 0.760573148727417 -0.012146209366619587 0.6491386294364929 20.572372436523438
0.606879711151123 0.04279039800167084 -0.7936409711837769 -3.473759651184082 -0.013569347560405731 0.9989619255065918 0.04348441958427429 -0.29448413848876953 0.7946779131889343 -0.015620618127286434 0.6068302989006042 20.813724517822266
0.5615682005882263 0.04299093410372734 -0.8263128399848938 -3.8709793090820312 -0.008925746195018291 0.9989059567451477 0.04590450972318649 -0.2797725796699524 0.8273822665214539 -0.018403058871626854 0.5613375902175903 21.063976287841797
0.514461874961853 0.044399525970220566 -0.8563629984855652 -4.305904388427734 -0.007004817947745323 0.9988429546356201 0.047578465193510056 -0.25835567712783813 0.8574846982955933 -0.018478643149137497 0.5141776204109192 21.289636611938477
0.4653053879737854 0.043891433626413345 -0.8840612769126892 -4.775443077087402 -0.00596335856243968 0.9989026188850403 0.04645434021949768 -0.23370510339736938 0.8851301074028015 -0.016343479976058006 0.46505653858184814 21.48477554321289
0.4124627113342285 0.04277795925736427 -0.9099695682525635 -5.245287895202637 -2.3643501663173083e-06 0.9988968968391418 0.04695739969611168 -0.21703362464904785 0.9109745025634766 -0.019366025924682617 0.41200777888298035 21.672119140625
0.3583318889141083 0.041888270527124405 -0.9326540231704712 -5.744489669799805 0.005504613742232323 0.9988807439804077 0.04697762057185173 -0.19781911373138428 0.9335780143737793 -0.021967479959130287 0.35770028829574585 21.837757110595703
0.3047836422920227 0.04081881046295166 -0.9515465497970581 -6.279737949371338 0.008275582455098629 0.9989299178123474 0.045502129942178726 -0.1733960509300232 0.9523857235908508 -0.02174290642142296 0.30411970615386963 21.972061157226562
0.2519129812717438 0.04658634588122368 -0.9666279554367065 -6.847140312194824 0.008559131994843483 0.9986944794654846 0.05036236345767975 -0.1380724310874939 0.9677119851112366 -0.020960431545972824 0.2511853575706482 22.08262825012207
0.2005341500043869 0.051535189151763916 -0.9783303737640381 -7.427238464355469 0.011176596395671368 0.9984301328659058 0.05488492175936699 -0.11055481433868408 0.9796229600906372 -0.021940702572464943 0.19964337348937988 22.164045333862305
0.1522459089756012 0.05267047882080078 -0.9869382381439209 -8.035196304321289 0.01621098630130291 0.9983115792274475 0.055778175592422485 -0.08109080791473389 0.9882097244262695 -0.024491241201758385 0.15113501250743866 22.234752655029297
0.10762202739715576 0.05448536202311516 -0.9926977753639221 -8.615006446838379 0.020130613818764687 0.9981729984283447 0.0569683201611042 -0.07242792844772339 0.993988037109375 -0.026114661246538162 0.106328584253788 22.283056259155273
0.067494235932827 0.052709221839904785 -0.9963263869285583 -9.25046443939209 0.020013686269521713 0.9983310699462891 0.05417107045650482 -0.04190969467163086 0.9975188374519348 -0.023596404120326042 0.06632669270038605 22.294004440307617
0.031601812690496445 0.04824206978082657 -0.998335599899292 -9.892030715942383 0.01705421321094036 0.9986630082130432 0.048797741532325745 -0.005828738212585449 0.9993550181388855 -0.018567923456430435 0.030736831948161125 22.291179656982422
0.003340698778629303 0.0482628308236599 -0.9988291263580322 -10.565646171569824 0.014591103419661522 0.9987260103225708 0.048306651413440704 0.028151899576187134 0.9998879432678223 -0.014735396951436996 0.00263223797082901 22.264667510986328
-0.017547905445098877 0.05230436474084854 -0.998477041721344 -11.267191886901855 0.013046164996922016 0.9985576868057251 0.05207931995391846 0.05928027629852295 0.9997609257698059 -0.012112407945096493 -0.01820497028529644 22.23175621032715
-0.030726708471775055 0.058379340916872025 -0.9978215098381042 -11.986600875854492 0.015068845823407173 0.9982064366340637 0.05793784558773041 0.09145450592041016 0.9994142055511475 -0.013255778700113297 -0.0315513089299202 22.21047592163086
-0.038775380700826645 0.06090833991765976 -0.9973899722099304 -12.731362342834473 0.014880145899951458 0.9980650544166565 0.06037108227610588 0.1263248324394226 0.9991371631622314 -0.012500395998358727 -0.03960667550563812 22.174448013305664
-0.042402781546115875 0.05815168097615242 -0.9974068403244019 -13.498769760131836 0.01582498662173748 0.9982184767723083 0.05752624571323395 0.16222035884857178 0.9989752769470215 -0.013344675302505493 -0.043247487396001816 22.133045196533203
-0.04147447645664215 0.05426498129963875 -0.9976648092269897 -14.27655029296875 0.023207813501358032 0.998306930065155 0.05333511158823967 0.19948279857635498 0.9988700151443481 -0.02094157412648201 -0.042663633823394775 22.106143951416016
-0.03702148422598839 0.052662912756204605 -0.9979258179664612 -15.076159477233887 0.0350814089179039 0.9980633854866028 0.05136870592832565 0.243793785572052 0.9986985325813293 -0.03310690075159073 -0.038797274231910706 22.08871078491211
-0.03179067745804787 0.05284958332777023 -0.9980963468551636 -15.913530349731445 0.03566312417387962 0.9980251789093018 0.05170989781618118 0.28166550397872925 0.9988580346107483 -0.03395134210586548 -0.033612675964832306 22.069549560546875
-0.026741471141576767 0.05177479237318039 -0.9983006715774536 -16.753158569335938 0.03369680047035217 0.9981369376182556 0.05086366832256317 0.30949628353118896 0.9990742206573486 -0.032279375940561295 -0.02843629941344261 22.04034996032715
-0.02367008477449417 0.045050110667943954 -0.9987042546272278 -17.640016555786133 0.03729930520057678 0.9983283877372742 0.04414913058280945 0.35417354106903076 0.9990237951278687 -0.03620595484972 -0.025310851633548737 22.032791137695312
-0.02159614861011505 0.03419323265552521 -0.9991818070411682 -18.5078182220459 0.035205647349357605 0.9988211393356323 0.033419959247112274 0.38632088899612427 0.9991468191146851 -0.03445509821176529 -0.022774485871195793 22.010303497314453
-0.02080833911895752 0.02574002556502819 -0.9994519948959351 -19.40707015991211 0.02726404182612896 0.9993113875389099 0.0251687690615654 0.4152757227420807 0.9994117617607117 -0.02672537975013256 -0.02149578556418419 21.971485137939453
-0.022331947460770607 0.02309597097337246 -0.9994838237762451 -20.32513427734375 0.021992666646838188 0.9995025396347046 0.022605007514357567 0.4354957938194275 0.9995086789131165 -0.021476496011018753 -0.022828780114650726 21.946434020996094
-0.026126421988010406 0.029279891401529312 -0.9992297887802124 -21.2713623046875 0.01266093272715807 0.9995005130767822 0.028956782072782516 0.45532286167144775 0.9995784759521484 -0.011894641444087029 -0.026484081521630287 21.903709411621094
-0.030957672744989395 0.03749310225248337 -0.9988172650337219 -22.2304630279541 0.007832668721675873 0.9992746710777283 0.03726750239729881 0.4780166745185852 0.999489963054657 -0.0066696894355118275 -0.031228888779878616 21.852012634277344
-0.035390641540288925 0.04692970588803291 -0.9982710480690002 -23.25054359436035 0.006471430882811546 0.9988865852355957 0.04672921448945999 0.5111439824104309 0.9993525147438049 -0.00480646500363946 -0.0356549434363842 21.81232261657715
-0.03703911975026131 0.056690312922000885 -0.9977044463157654 -24.263198852539062 0.005023029167205095 0.9983875751495361 0.056542642414569855 0.5577394366264343 0.9993011355400085 -0.0029172098729759455 -0.0372641459107399 21.768571853637695
-0.037864599376916885 0.06452075392007828 -0.9971977472305298 -25.289897918701172 0.007084157317876816 0.9979056715965271 0.06429757177829742 0.6028754115104675 0.9992577433586121 -0.0046297055669128895 -0.03824236989021301 21.726016998291016
-0.03945900499820709 0.06538734585046768 -0.9970794320106506 -26.311687469482422 0.008119029924273491 0.9978447556495667 0.06511621177196503 0.6540122032165527 0.9991881847381592 -0.00552589725703001 -0.03990483656525612 21.684833526611328
-0.04126480966806412 0.06233043596148491 -0.9972021579742432 -27.331274032592773 0.006894821301102638 0.9980462193489075 0.06209789216518402 0.7095145583152771 0.9991244077682495 -0.004313074052333832 -0.04161393642425537 21.637893676757812
-0.0439445897936821 0.057856280356645584 -0.9973572492599487 -28.350011825561523 0.006724254693835974 0.9983161687850952 0.057615622878074646 0.7493857741355896 0.9990113377571106 -0.004174588713794947 -0.04425963759422302 21.582460403442383
-0.048483699560165405 0.05275198072195053 -0.9974299073219299 -29.379854202270508 0.006991427857428789 0.9985978007316589 0.05247390270233154 0.794386088848114 0.9987994432449341 -0.004429331049323082 -0.0487845316529274 21.527681350708008
-0.05410309508442879 0.04794803634285927 -0.9973834753036499 -30.40774917602539 0.006794965825974941 0.9988409876823425 0.047649502754211426 0.8365207314491272 0.9985122084617615 -0.00419920077547431 -0.05436619371175766 21.467655181884766
-0.06085028871893883 0.04643595963716507 -0.997066080570221 -31.43504524230957 0.006103114690631628 0.9989157915115356 0.04614963009953499 0.8731366991996765 0.9981282353401184 -0.0032769895624369383 -0.06106773391366005 21.389217376708984
-0.06784315407276154 0.04881531745195389 -0.996501088142395 -32.51178741455078 0.006687209475785494 0.998802125453949 0.048472754657268524 0.911500871181488 0.9976735711097717 -0.0033752662129700184 -0.06808833032846451 21.321653366088867
-0.07389582693576813 0.05353090912103653 -0.9958282709121704 -33.581180572509766 0.0052229189313948154 0.9985653162002563 0.0532904788851738 0.9542011618614197 0.9972522258758545 -0.0012631863355636597 -0.07406942546367645 21.22994613647461
-0.08006414771080017 0.05657608062028885 -0.9951829314231873 -34.645957946777344 0.0026743155904114246 0.9983965754508972 0.056543633341789246 0.9957010746002197 0.9967861175537109 0.001865684287622571 -0.08008706569671631 21.136062622070312
-0.08465901017189026 0.05869857221841812 -0.9946795105934143 -35.716835021972656 -0.0006399414269253612 0.998259961605072 0.0589643232524395 1.0451414585113525 0.9964097738265991 0.005628397688269615 -0.08447413146495819 21.03476905822754
-0.08719055354595184 0.060101620852947235 -0.9943770170211792 -36.79494094848633 -0.005005557555705309 0.9981393218040466 0.06076793372631073 1.0921540260314941 0.9961790442466736 0.010275800712406635 -0.08672747015953064 20.925060272216797
-0.08911550790071487 0.06100882962346077 -0.9941510558128357 -37.85453796386719 -0.009377318434417248 0.9980266690254211 0.062087249010801315 1.15230131149292 0.9959771633148193 0.014855408109724522 -0.08836754411458969 20.8240966796875
-0.09041661024093628 0.06041048839688301 -0.9940701127052307 -38.932411193847656 -0.01002645306289196 0.998052716255188 0.061564479023218155 1.206753134727478 0.9958535432815552 0.015533448196947575 -0.08963482826948166 20.71282386779785
-0.0914873257279396 0.05988399311900139 -0.99400395154953 -40.012489318847656 -0.011655627749860287 0.9980573058128357 0.06120097264647484 1.2496428489685059 0.9957380294799805 0.017184855416417122 -0.09061162173748016 20.596416473388672
-0.0930115133523941 0.059075064957141876 -0.9939109683036804 -41.101436614990234 -0.011747397482395172 0.998103678226471 0.060423608869314194 1.3049297332763672 0.9955957531929016 0.01729596219956875 -0.09214115142822266 20.500938415527344
-0.0939219519495964 0.0581255666911602 -0.9938814043998718 -42.18827819824219 -0.0144821647554636 0.9981087446212769 0.05974137783050537 1.359654426574707 0.9954742789268494 0.020004577934741974 -0.0929025337100029 20.385295867919922
-0.09466644376516342 0.055595334619283676 -0.9939553141593933 -43.274906158447266 -0.018646474927663803 0.9981651902198792 0.05760673061013222 1.4071999788284302 0.9953343868255615 0.023987194523215294 -0.09345610439777374 20.272829055786133
-0.09499093890190125 0.05083919316530228 -0.9941790699958801 -44.3607177734375 -0.023393796756863594 0.9983052611351013 0.05328540503978729 1.4523159265518188 0.9952031970024109 0.028319256380200386 -0.09364064782857895 20.160552978515625
-0.09401483088731766 0.05014445632696152 -0.9943071603775024 -45.47751235961914 -0.02527833916246891 0.9982885122299194 0.052735380828380585 1.4961186647415161 0.9952498078346252 0.03009234555065632 -0.09258637577295303 20.042423248291016
-0.09269903600215912 0.054350629448890686 -0.9942096471786499 -46.58799362182617 -0.026175668463110924 0.998030960559845 0.057000115513801575 1.5414339303970337 0.9953500628471375 0.03130795806646347 -0.09109386056661606 19.93866539001465
-0.09057711064815521 0.05763961747288704 -0.994219958782196 -47.68844985961914 -0.026112619787454605 0.9978429675102234 0.0602286122739315 1.5854573249816895 0.9955470561981201 0.03141702711582184 -0.0888766273856163 19.83323097229004
-0.08904629945755005 0.05738179758191109 -0.9943732023239136 -48.8079719543457 -0.024125266820192337 0.9979219436645508 0.05974701792001724 1.638363003730774 0.9957352876663208 0.029309775680303574 -0.08747690171003342 19.727882385253906
-0.08644726872444153 0.056345563381910324 -0.9946617484092712 -49.9149169921875 -0.02402311936020851 0.997991144657135 0.058622051030397415 1.6915278434753418 0.9959668517112732 0.028962599113583565 -0.0849200114607811 19.62703514099121
-0.08256565779447556 0.05665958300232887 -0.9949736595153809 -51.05406188964844 -0.02841123193502426 0.9978429079055786 0.059180617332458496 1.748281717300415 0.996180534362793 0.033154722303152084 -0.08077778667211533 19.523788452148438
-0.07645417004823685 0.057629674673080444 -0.9954062700271606 -52.176673889160156 -0.03350113332271576 0.9976160526275635 0.06033072993159294 1.8002147674560547 0.9965101480484009 0.037959784269332886 -0.07434124499559402 19.417831420898438
-0.07043009251356125 0.05700637772679329 -0.9958863854408264 -53.29816436767578 -0.03775183483958244 0.997498095035553 0.059768471866846085 1.854884386062622 0.996802031993866 0.041806042194366455 -0.06810178607702255 19.320171356201172
-0.06492685526609421 0.05605119839310646 -0.996314525604248 -54.4586067199707 -0.0389249362051487 0.9975190758705139 0.05865558236837387 1.9156064987182617 0.9971305727958679 0.042589809745550156 -0.06258398294448853 19.24375343322754
-0.0592302605509758 0.055160414427518845 -0.9967191815376282 -55.595062255859375 -0.03862261027097702 0.997597873210907 0.05750420689582825 1.9711785316467285 0.9974969625473022 0.04190189391374588 -0.05695754289627075 19.174816131591797
-0.05379227548837662 0.054633669555187225 -0.9970564246177673 -56.74492263793945 -0.03713668882846832 0.99770188331604 0.0566725954413414 2.0260252952575684 0.9978612661361694 0.04007592797279358 -0.05163973569869995 19.103227615356445
-0.04819481447339058 0.055438458919525146 -0.9972983002662659 -57.88341522216797 -0.03601318225264549 0.9977128505706787 0.05720185860991478 2.0742874145507812 0.9981885552406311 0.038672711700201035 -0.04608806222677231 19.043882369995117
-0.042497243732213974 0.05707810819149017 -0.9974647760391235 -59.04784393310547 -0.03514249250292778 0.9976635575294495 0.0585867315530777 2.122795581817627 0.9984782934188843 0.03754318132996559 -0.040392085909843445 18.992816925048828
-0.03697597607970238 0.05822671577334404 -0.9976183772087097 -60.20193862915039 -0.03569266200065613 0.9975870847702026 0.05954781174659729 2.175591468811035 0.9986785054206848 0.037809498608112335 -0.03480850160121918 18.949216842651367
-0.0317252092063427 0.05736503377556801 -0.9978490471839905 -61.36719512939453 -0.035512641072273254 0.997656524181366 0.05848304182291031 2.227041482925415 0.99886554479599 0.03729163855314255 -0.02961367927491665 18.909564971923828
-0.02733430825173855 0.05312258377671242 -0.9982138276100159 -62.529476165771484 -0.03514320030808449 0.9979185461997986 0.05406920611858368 2.2705769538879395 0.9990083575248718 0.036558374762535095 -0.025410518050193787 18.876150131225586
-0.023167286068201065 0.04762975871562958 -0.9985964298248291 -63.68275833129883 -0.03502357378602028 0.9982126355171204 0.04842400550842285 2.316484212875366 0.999117910861969 0.03609626367688179 -0.021457716822624207 18.851665496826172
-0.01902056112885475 0.04738060384988785 -0.9986957907676697 -64.87158966064453 -0.034608129411935806 0.9982467889785767 0.04801841825246811 2.3567230701446533 0.9992199540138245 0.035476334393024445 -0.017347462475299835 18.810510635375977
-0.0162422526627779 0.05034489557147026 -0.9985997676849365 -66.0539779663086 -0.03372225537896156 0.9981359243392944 0.050869982689619064 2.3840901851654053 0.9992992281913757 0.03450128436088562 -0.014514231123030186 18.80117416381836
-0.013720880262553692 0.049711983650922775 -0.9986693859100342 -67.22534942626953 -0.034520223736763 0.9981444478034973 0.05016013979911804 2.433610677719116 0.9993098378181458 0.035162534564733505 -0.011979350820183754 18.772640228271484
-0.01293724961578846 0.04951111599802971 -0.9986897706985474 -68.38581848144531 -0.036345914006233215 0.9980900883674622 0.04995220899581909 2.4777934551239014 0.9992555379867554 0.03694453835487366 -0.011113014072179794 18.75353240966797
-0.012317788787186146 0.05093713849782944 -0.9986259937286377 -69.56854248046875 -0.03676299378275871 0.998003363609314 0.05135884881019592 2.510472536087036 0.9992480874061584 0.03734511137008667 -0.010420591570436954 18.732580184936523
-0.010723937302827835 0.05041461065411568 -0.9986708164215088 -70.74852752685547 -0.0375073179602623 0.9980050921440125 0.05078376457095146 2.553987979888916 0.9992387890815735 0.03800206258893013 -0.008811624720692635 18.70781898498535
-0.009534481912851334 0.048583388328552246 -0.9987735748291016 -71.9141616821289 -0.03790628910064697 0.9980834722518921 0.0489116832613945 2.5910940170288086 0.9992358088493347 0.03832615166902542 -0.007674593478441238 18.687503814697266
-0.00950074102729559 0.04750625416636467 -0.99882572889328 -73.1119384765625 -0.03599338233470917 0.9982072710990906 0.04781919717788696 2.630988121032715 0.999306857585907 0.036405425518751144 -0.007773798890411854 18.682886123657227
-0.008734521456062794 0.04684079810976982 -0.9988641142845154 -74.30014038085938 -0.03307219594717026 0.9983422756195068 0.04710552096366882 2.6767866611480713 0.9994148015975952 0.033446066081523895 -0.007170915603637695 18.667749404907227
-0.008771241642534733 0.04820995405316353 -0.9987988471984863 -75.4798583984375 -0.03045903705060482 0.9983608722686768 0.04845630005002022 2.708615303039551 0.999497652053833 0.030847467482089996 -0.007288435474038124 18.658422470092773
-0.008462098427116871 0.05101805180311203 -0.9986618757247925 -76.6662368774414 -0.03018033504486084 0.9982295632362366 0.05125169828534126 2.7489206790924072 0.9995087385177612 0.030573645606637 -0.006907373666763306 18.641246795654297
-0.008556627668440342 0.054569944739341736 -0.9984732270240784 -77.8490219116211 -0.03205227106809616 0.9979817867279053 0.05481775850057602 2.79028582572937 0.9994494915008545 0.0324723944067955 -0.0067902677692472935 18.630828857421875
-0.007728212047368288 0.05464230850338936 -0.9984761476516724 -79.02733612060547 -0.0344192236661911 0.9978996515274048 0.05487717315554619 2.8350648880004883 0.9993776082992554 0.03479086607694626 -0.005831234157085419 18.6118221282959
-0.007901373319327831 0.052403151988983154 -0.9985948801040649 -80.21853637695312 -0.035541683435440063 0.9979802370071411 0.052652135491371155 2.878600597381592 0.9993369579315186 0.035907771438360214 -0.006022918503731489 18.60199546813965
-0.007473336532711983 0.049817729741334915 -0.9987304210662842 -81.39940643310547 -0.035241879522800446 0.9981246590614319 0.050051238387823105 2.9263057708740234 0.999350905418396 0.035571180284023285 -0.005703652277588844 18.586450576782227
-0.007377371657639742 0.0493137389421463 -0.9987561106681824 -82.58832550048828 -0.033109284937381744 0.998223602771759 0.04953201115131378 2.9639923572540283 0.9994245171546936 0.03343351557850838 -0.005731524899601936 18.568496704101562
-0.007326573133468628 0.050456453114748 -0.998699426651001 -83.76498413085938 -0.03193434327840805 0.9982049465179443 0.050665754824876785 3.007199764251709 0.9994630217552185 0.03226400911808014 -0.005702128633856773 18.55954360961914
-0.007213539909571409 0.05367036908864975 -0.9985326528549194 -84.94017028808594 -0.03091931901872158 0.9980692267417908 0.053868819028139114 3.0433244705200195 0.9994958639144897 0.03126254305243492 -0.005540159996598959 18.551462173461914
-0.006546652875840664 0.05584602430462837 -0.9984179139137268 -86.11734771728516 -0.03144647553563118 0.9979340434074402 0.056025147438049316 3.0891175270080566 0.9994840621948242 0.03176350146532059 -0.0047769672237336636 18.539684295654297
-0.006363606080412865 0.0560603067278862 -0.9984071254730225 -87.28447723388672 -0.032718509435653687 0.9978810548782349 0.056239306926727295 3.1294937133789062 0.9994444251060486 0.03302427753806114 -0.0045159123837947845 18.52193260192871
-0.0059488266706466675 0.05390648543834686 -0.9985283613204956 -88.4572525024414 -0.032453298568725586 0.998009443283081 0.05407184362411499 3.1752970218658447 0.9994555711746216 0.0327271930873394 -0.004187542013823986 18.50695037841797
-0.00587026821449399 0.05232831463217735 -0.998612642288208 -89.62691497802734 -0.03095751442015171 0.9981416463851929 0.052485618740320206 3.221266269683838 0.999503493309021 0.031222674995660782 -0.00423940597102046 18.50008773803711
-0.006020942237228155 0.053575970232486725 -0.9985455870628357 -90.7939453125 -0.029013536870479584 0.9981338977813721 0.05372883751988411 3.259397029876709 0.9995609521865845 0.029294833540916443 -0.004455280024558306 18.493751525878906
-0.0050156209617853165 0.05660472437739372 -0.9983839988708496 -91.97198486328125 -0.027477554976940155 0.9980118274688721 0.056721657514572144 3.30802583694458 0.9996098279953003 0.027717646211385727 -0.003450289834290743 18.473785400390625
-0.005447666626423597 0.058927543461322784 -0.9982473254203796 -93.14257049560547 -0.026071107015013695 0.9979144930839539 0.05905016511678696 3.354022979736328 0.9996451735496521 0.026347097009420395 -0.003899999428540468 18.46991729736328
-0.004840531386435032 0.06044608727097511 -0.998159646987915 -94.30887603759766 -0.027093488723039627 0.9977970719337463 0.060555510222911835 3.4120073318481445 0.9996210932731628 0.02733675017952919 -0.003192173084244132 18.455778121948242
-0.004150572698563337 0.06269968301057816 -0.9980238080024719 -95.45925903320312 -0.0296322088688612 0.9975864291191101 0.06279545277357101 3.455227851867676 0.9995522499084473 0.029834289103746414 -0.0022826248314231634 18.443927764892578
-0.004150337539613247 0.06186729297041893 -0.9980757236480713 -96.6207046508789 -0.03149152547121048 0.9975811839103699 0.06196758151054382 3.5067057609558105 0.9994953870773315 0.03168811649084091 -0.002192003885284066 18.43321990966797
-0.00438072020187974 0.05772923305630684 -0.9983226656913757 -97.77410888671875 -0.03385569900274277 0.9977513551712036 0.057844750583171844 3.555379629135132 0.9994171261787415 0.03405231237411499 -0.0024164069909602404 18.41761016845703
-0.0033585235942155123 0.05620686337351799 -0.9984135031700134 -98.9451904296875 -0.03514169529080391 0.997795820236206 0.05629029870033264 3.6042675971984863 0.9993767142295837 0.03527499735355377 -0.0013759166467934847 18.404457092285156
-0.003142132656648755 0.05439317971467972 -0.9985145926475525 -100.1160888671875 -0.035010505467653275 0.9979014992713928 0.05446993187069893 3.6547369956970215 0.9993820786476135 0.03512965887784958 -0.0012312063481658697 18.393211364746094
-0.0028217944782227278 0.05514126643538475 -0.9984745979309082 -101.27922821044922 -0.03381495922803879 0.9979022741317749 0.05520521476864815 3.6978225708007812 0.9994240999221802 0.033919163048267365 -0.0009512754040770233 18.389514923095703
-0.0032073669135570526 0.0570540577173233 -0.9983659386634827 -102.452392578125 -0.033959295600652695 0.9977889657020569 0.057130198925733566 3.743600368499756 0.9994180798530579 0.03408703953027725 -0.0012627585092559457 18.386119842529297
