1.0 0.0 0.0 0.0 0.0 1.0 0.0 0.0 0.0 0.0 1.0 0.0
0.9999340176582336 -0.0024999240413308144 0.011210527271032333 0.016168002039194107 0.0024888492189347744 0.9999964237213135 0.0010017354506999254 -0.003627671394497156 -0.011212991550564766 -0.0009737680084072053 0.9999366402626038 0.2958871126174927
0.9998287558555603 -0.004533565137535334 0.017940862104296684 0.02567581832408905 0.004513110499829054 0.9999890923500061 0.0011804414680227637 -0.00868241023272276 -0.017946019768714905 -0.0010992701863870025 0.9998383522033691 0.5823989510536194
0.9997783899307251 -0.007464224938303232 0.019684653729200363 0.04011332243680954 0.0074662696570158005 0.9999721050262451 -3.038256363652181e-05 -0.012637444771826267 -0.019683877006173134 0.00017734675202518702 0.9998062252998352 0.8863601088523865
0.9998161196708679 -0.008594338782131672 0.01714121736586094 0.0502907894551754 0.008627220056951046 0.9999610781669617 -0.0018452241783961654 -0.00966403353959322 -0.017124691978096962 0.001992766046896577 0.999851405620575 1.2011992931365967
0.9998836517333984 -0.011447865515947342 0.010081571526825428 0.054048266261816025 0.011482669040560722 0.9999282956123352 -0.0034010508097708225 -0.010773003101348877 -0.010041913017630577 0.003516418393701315 0.9999433755874634 1.5153586864471436
0.9999116063117981 -0.013133562169969082 -0.002048312686383724 0.05796866491436958 0.013121710158884525 0.9998976588249207 -0.005695580504834652 -0.008647124283015728 0.00212290626950562 0.005668200086802244 0.999981701374054 1.8633222579956055
0.9997484683990479 -0.012399371713399887 -0.018687212839722633 0.03905273973941803 0.012288231402635574 0.9999061226844788 -0.006050503812730312 -0.01186159998178482 0.018760481849312782 0.005819349549710751 0.9998070597648621 2.201323986053467
0.9992251396179199 -0.007842957973480225 -0.038571834564208984 0.012079179286956787 0.007629204075783491 0.9999548196792603 -0.005685768555849791 -0.02154901996254921 0.03861468285322189 0.005387089215219021 0.9992396831512451 2.5417673587799072
0.9983066320419312 -0.004380374681204557 -0.05800595134496689 -0.03491993248462677 0.003972891252487898 0.9999666213989258 -0.007138333283364773 -0.02265278622508049 0.058035288006067276 0.006895794533193111 0.9982906579971313 2.896679162979126
0.9969022870063782 -0.004038508515805006 -0.07854574918746948 -0.07405361533164978 0.003452701261267066 0.9999651908874512 -0.0075925542041659355 -0.02667924202978611 0.07857366651296616 0.007297839969396591 0.9968816041946411 3.2630739212036133
0.994994580745697 -0.005561129190027714 -0.09977394342422485 -0.11962005496025085 0.004848842043429613 0.9999609589576721 -0.007380090653896332 -0.025684738531708717 0.09981109946966171 0.006859361659735441 0.9949827790260315 3.634833335876465
0.9928671717643738 -0.00735902413725853 -0.11899841576814651 -0.18381378054618835 0.006682828068733215 0.9999591112136841 -0.006080439314246178 -0.038377001881599426 0.11903830617666245 0.00524182291701436 0.9928758144378662 4.016722202301025
0.9906066656112671 -0.0059052095748484135 -0.13661456108093262 -0.260328471660614 0.00512331910431385 0.999968409538269 -0.006074234843254089 -0.03722572699189186 0.13664610683918 0.00531725725159049 0.9906055927276611 4.413228511810303
0.9881929755210876 -0.005006716586649418 -0.1531326025724411 -0.32426729798316956 0.004314637277275324 0.9999789595603943 -0.00485145952552557 -0.050412293523550034 0.1531536728143692 0.0041334666311740875 0.988193690776825 4.824432373046875
0.9861019253730774 -0.003858524840325117 -0.16609671711921692 -0.4143260717391968 0.0030634175054728985 0.9999825954437256 -0.005042939446866512 -0.05585702508687973 0.1661132425069809 0.004464029800146818 0.9860965609550476 5.241143703460693
0.9839398860931396 -0.005631004925817251 -0.1784115582704544 -0.5000564455986023 0.004622131120413542 0.9999708533287048 -0.006069921888411045 -0.060705363750457764 0.17844051122665405 0.005147796124219894 0.9839372634887695 5.673748970031738
0.9820747971534729 -0.009470950812101364 -0.18825338780879974 -0.5883796215057373 0.008076435886323452 0.9999340176582336 -0.008173353970050812 -0.06969800591468811 0.18831832706928253 0.006506429053843021 0.9820864796638489 6.125945091247559
0.9805734753608704 -0.008509751409292221 -0.19596745073795319 -0.6893674731254578 0.0066694109700620174 0.999927282333374 -0.010049039497971535 -0.07808194309473038 0.19603870809078217 0.00854683481156826 0.9805589318275452 6.582266330718994
0.9790566563606262 -0.007958709262311459 -0.20343223214149475 -0.7956956624984741 0.005652426742017269 0.9999130368232727 -0.011915371753275394 -0.08222521096467972 0.2035093456506729 0.010515938512980938 0.9790165424346924 7.050448417663574
0.9773074984550476 -0.00876032654196024 -0.21164457499980927 -0.9045323729515076 0.005710335448384285 0.9998708963394165 -0.01501783262938261 -0.08941812813282013 0.21174880862236023 0.013468476943671703 0.9772313237190247 7.532655715942383
0.9755799174308777 -0.01265140064060688 -0.21928025782108307 -1.0220720767974854 0.009238002821803093 0.999819815158844 -0.016584765166044235 -0.10166454315185547 0.21945054829120636 0.014154050499200821 0.9755209684371948 8.031240463256836
0.9735331535339355 -0.019183870404958725 -0.2277393341064453 -1.1269021034240723 0.015419739298522472 0.999713659286499 -0.018296154215931892 -0.10955511778593063 0.22802510857582092 0.014300229959189892 0.9735502600669861 8.554018020629883
0.9715238213539124 -0.019749660044908524 -0.23611781001091003 -1.2522361278533936 0.015468411147594452 0.9996808767318726 -0.01997067593038082 -0.13432490825653076 0.2364368736743927 0.015749618411064148 0.9715192317962646 9.05733871459961
0.9693910479545593 -0.015708358958363533 -0.245018869638443 -1.4024670124053955 0.00993423257023096 0.9996433854103088 -0.024784229695796967 -0.141354501247406 0.24532084167003632 0.021591532975435257 0.9692015051841736 9.585372924804688
0.9672412276268005 -0.01256647054105997 -0.2535475790500641 -1.561517596244812 0.005729870405048132 0.9996001720428467 -0.027684280648827553 -0.15990987420082092 0.2537941038608551 0.025324581190943718 0.9669267535209656 10.129237174987793
0.9648491740226746 -0.015273255296051502 -0.2623600959777832 -1.714743733406067 0.0076437825337052345 0.9995183348655701 -0.030076229944825172 -0.174590602517128 0.2626930773258209 0.02701360173523426 0.9645013213157654 10.70102310180664
0.9625088572502136 -0.01844295859336853 -0.27062246203422546 -1.8707653284072876 0.010305959731340408 0.9994518756866455 -0.03145812824368477 -0.19991807639598846 0.27105432748794556 0.02748970128595829 0.9621714353561401 11.262182235717773
0.9603081941604614 -0.017944425344467163 -0.27836325764656067 -2.048354148864746 0.008854175917804241 0.999386727809906 -0.033879052847623825 -0.22246518731117249 0.27880048751831055 0.030069656670093536 0.9598782062530518 11.834748268127441
0.958055317401886 -0.01687570847570896 -0.2860860228538513 -2.2419960498809814 0.006402556784451008 0.9992759227752686 -0.0375044085085392 -0.24929997324943542 0.28651177883148193 0.03409961611032486 0.957469642162323 12.428165435791016
0.9557625651359558 -0.01741911470890045 -0.2936229705810547 -2.4325850009918213 0.005126969423145056 0.9990798830986023 -0.04258153960108757 -0.280860036611557 0.2940945625305176 0.03919244930148125 0.9549724459648132 13.027609825134277
0.9537283778190613 -0.020151657983660698 -0.2999938428401947 -2.612410306930542 0.0053448667749762535 0.9987301230430603 -0.050096090883016586 -0.3120344281196594 0.30062246322631836 0.04617462307214737 0.9526248574256897 13.63165283203125
0.9523248076438904 -0.020951058715581894 -0.30436578392982483 -2.8177261352539062 0.0033088899217545986 0.9982898831367493 -0.05836428701877594 -0.3467603027820587 0.3050679564476013 0.054574646055698395 0.9507654905319214 14.252947807312012
0.9510719776153564 -0.020661858841776848 -0.30827781558036804 -3.0318613052368164 -4.665672895498574e-05 0.9977518916130066 -0.06701675802469254 -0.38941437005996704 0.3089694678783417 0.06375215202569962 0.9489328265190125 14.868402481079102
0.9498000741004944 -0.020352745428681374 -0.3121945858001709 -3.2542479038238525 -0.003442273708060384 0.9971414804458618 -0.0754786878824234 -0.4424780011177063 0.3128383457660675 0.0727643296122551 0.9470150470733643 15.510976791381836
0.9487191438674927 -0.019749494269490242 -0.3155026435852051 -3.4895365238189697 -0.0066625140607357025 0.996575653553009 -0.0824168249964714 -0.49617934226989746 0.3160499334335327 0.08029245585203171 0.9453388452529907 16.150503158569336
0.9468926191329956 -0.017762653529644012 -0.32105907797813416 -3.7182674407958984 -0.011450286023318768 0.9959771633148193 -0.08887270838022232 -0.5579718351364136 0.32134610414505005 0.08782913535833359 0.9428801536560059 16.80290985107422
0.9453660845756531 -0.016499804332852364 -0.32559293508529663 -3.9690968990325928 -0.015373343601822853 0.9953511357307434 -0.09507741034030914 -0.6195546388626099 0.32564806938171387 0.09488841891288757 0.9407176375389099 17.47102165222168
0.9437105655670166 -0.01467062532901764 -0.33044689893722534 -4.217818260192871 -0.01965244859457016 0.9947642087936401 -0.10028854757547379 -0.6954168081283569 0.3301880657672882 0.10113745927810669 0.9384812712669373 18.135272979736328
0.9419618248939514 -0.012149724178016186 -0.3355001211166382 -4.471125602722168 -0.023899151012301445 0.9943827390670776 -0.10311044752597809 -0.7707970142364502 0.33486828207969666 0.10514428466558456 0.9363802075386047 18.822181701660156
0.9402428865432739 -0.011030097492039204 -0.34032580256462097 -4.739561557769775 -0.026184286922216415 0.994173526763916 -0.10456280410289764 -0.8487286567687988 0.3394962549209595 0.10722562670707703 0.9344757795333862 19.52393341064453
0.9378286004066467 -0.011012607254087925 -0.3469240963459015 -5.0069780349731445 -0.026743890717625618 0.994232714176178 -0.10385636985301971 -0.9286576509475708 0.34606701135635376 0.1066775694489479 0.9321252703666687 20.236631393432617
0.9355759024620056 -0.010735565796494484 -0.3529624044895172 -5.276452541351318 -0.027047332376241684 0.9944228529930115 -0.10193870216608047 -1.0136433839797974 0.35208821296691895 0.10491809248924255 0.930067777633667 20.931943893432617
0.9330701231956482 -0.011171113699674606 -0.3595210313796997 -5.5656023025512695 -0.02661173604428768 0.9946342706680298 -0.09997133165597916 -1.096478819847107 0.35870876908302307 0.10284774750471115 0.9277664422988892 21.650972366333008
0.9298510551452637 -0.009791855700314045 -0.3678058385848999 -5.857186317443848 -0.027946844696998596 0.9948784112930298 -0.09713853150606155 -1.1747363805770874 0.36687320470809937 0.1006033644080162 0.9248151183128357 22.3674259185791
0.9265347719192505 -0.008000606670975685 -0.37612420320510864 -6.1710991859436035 -0.028468968346714973 0.995415985584259 -0.09130342304706573 -1.2546467781066895 0.3751305341720581 0.09530364722013474 0.9220597743988037 23.10342788696289
0.9231089353561401 -0.004009951837360859 -0.38451772928237915 -6.497130393981934 -0.03160172328352928 0.9957721829414368 -0.08625047653913498 -1.3334801197052002 0.3832378387451172 0.0917699858546257 0.9190794229507446 23.851455688476562
0.9194288849830627 -0.0003887675702571869 -0.3932563066482544 -6.82802677154541 -0.03480997681617737 0.9959937930107117 -0.08236994594335556 -1.4084622859954834 0.39171281456947327 0.08942253887653351 0.9157317876815796 24.604101181030273
0.9156773090362549 0.0012484428007155657 -0.40191224217414856 -7.175660133361816 -0.036782436072826385 0.996059000492096 -0.08070748299360275 -1.4819226264953613 0.40022748708724976 0.08868532627820969 0.9121145009994507 25.348634719848633
0.9116159081459045 0.00085678935283795 -0.41104215383529663 -7.522492408752441 -0.03699645400047302 0.9961100816726685 -0.07997501641511917 -1.553088903427124 0.4093747138977051 0.08811359852552414 0.908101499080658 26.099123001098633
0.9078980684280396 0.0012443599989637733 -0.4191890358924866 -7.895063400268555 -0.03772071376442909 0.996181309223175 -0.07874006778001785 -1.6239598989486694 0.41749024391174316 0.08730006217956543 0.9044780731201172 26.870450973510742
0.9037269353866577 0.0014541780110448599 -0.4281068742275238 -8.278425216674805 -0.03825147822499275 0.9962688684463501 -0.07736417651176453 -1.6879079341888428 0.42639705538749695 0.08629180490970612 0.9004105925559998 27.66583251953125
0.8998969197273254 0.0005734011065214872 -0.43610236048698425 -8.635150909423828 -0.03669176623225212 0.9965530037879944 -0.07440314441919327 -1.7707492113113403 0.43455639481544495 0.08295654505491257 0.8968160152435303 28.4042911529541
0.8962007761001587 0.0007719793356955051 -0.4436480700969696 -9.035919189453125 -0.035626571625471115 0.9968941807746887 -0.07023356109857559 -1.8400484323501587 0.4422159790992737 0.07874903082847595 0.893444836139679 29.1947021484375
0.89227294921875 0.0028176680207252502 -0.45148754119873047 -9.44865608215332 -0.03584440052509308 0.9972662925720215 -0.06461533159017563 -1.904036045074463 0.4500712454319 0.07383781671524048 0.8899345993995667 29.98887062072754
0.8884986639022827 0.003032859181985259 -0.45886901021003723 -9.873787879943848 -0.03455601632595062 0.9975809454917908 -0.060316674411296844 -1.9695208072662354 0.45757609605789185 0.06944797188043594 0.8864542245864868 30.794551849365234
0.8849778175354004 0.0019804779440164566 -0.4656289517879486 -10.311175346374512 -0.03310445696115494 0.997728168964386 -0.058674901723861694 -2.028200626373291 0.46445491909980774 0.06734038889408112 0.8830327391624451 31.599761962890625
0.8813925385475159 0.0019690552726387978 -0.47238054871559143 -10.742256164550781 -0.0331738144159317 0.997780442237854 -0.057738352566957474 -2.089707851409912 0.4712183177471161 0.06656080484390259 0.8795016407966614 32.415531158447266
0.8783127665519714 0.002749380888417363 -0.4780784547328949 -11.20341682434082 -0.03350881114602089 0.9978782534599304 -0.05582278594374657 -2.1466243267059326 0.4769105911254883 0.06504970788955688 0.8765413165092468 33.24107360839844
0.8752875328063965 0.0004319248255342245 -0.4836025834083557 -11.663305282592773 -0.03057195618748665 0.9980489015579224 -0.054441746324300766 -2.2026724815368652 0.4826355278491974 0.06243686378002167 0.8735928535461426 34.07657241821289
0.8724458813667297 -0.0012403966393321753 -0.48870909214019775 -12.140488624572754 -0.028927471488714218 0.9981123805046082 -0.054174769669771194 -2.2658567428588867 0.48785385489463806 0.06140168383717537 0.8707630038261414 34.92403030395508
0.8702488541603088 -0.0026768450625240803 -0.4926051199436188 -12.63902473449707 -0.02813723124563694 0.9980825781822205 -0.05513160675764084 -2.3152899742126465 0.491808146238327 0.06183876097202301 0.8685048222541809 35.784236907958984
0.8689713478088379 -0.0016452671261504292 -0.4948596656322479 -13.118515968322754 -0.029416386038064957 0.9980545043945312 -0.05497328191995621 -2.386972427368164 0.4939873218536377 0.06232719495892525 0.8672323226928711 36.622901916503906
0.8684363961219788 -0.0016187310684472322 -0.49579793214797974 -13.6165189743042 -0.029064469039440155 0.9981087446212769 -0.05416785553097725 -2.4429664611816406 0.49494796991348267 0.061451442539691925 0.8667469620704651 37.48573303222656
0.8682212233543396 -0.001590487314388156 -0.49617478251457214 -14.125195503234863 -0.028262384235858917 0.9982128143310547 -0.05265411362051964 -2.5013747215270996 0.4953717887401581 0.05973849818110466 0.8666245341300964 38.373451232910156
0.867750346660614 -0.00292204855941236 -0.49699169397354126 -14.643202781677246 -0.026489872485399246 0.9982893466949463 -0.052120890468358994 -2.5626060962677 0.4962938725948334 0.05839316546916962 0.8661885261535645 39.271759033203125
0.8673699498176575 -0.00410644244402647 -0.4976470470428467 -15.178220748901367 -0.025598274543881416 0.998274028301239 -0.0528537891805172 -2.626349687576294 0.4970051348209381 0.05858268961310387 0.8657678365707397 40.172752380371094
0.8662201762199402 -0.006402384489774704 -0.49962133169174194 -15.715967178344727 -0.023376422002911568 0.9983036518096924 -0.05332168936729431 -2.6901865005493164 0.4991152286529541 0.057867687195539474 0.8646012544631958 41.089134216308594
0.8646343350410461 -0.007216568570584059 -0.5023499131202698 -16.255542755126953 -0.021654462441802025 0.9984322190284729 -0.051614318042993546 -2.744711399078369 0.501934826374054 0.05550563335418701 0.8631225228309631 42.009117126464844
0.8625221252441406 -0.006577667780220509 -0.505976676940918 -16.80556297302246 -0.02040793187916279 0.9986497759819031 -0.04777113348245621 -2.807011842727661 0.5056077241897583 0.051529597491025925 0.8612232804298401 42.93352508544922
0.8594845533370972 -0.006388719193637371 -0.511121928691864 -17.35039710998535 -0.01863880269229412 0.9988652467727661 -0.043827563524246216 -2.865981101989746 0.5108219385147095 0.04719581454992294 0.8583900928497314 43.84785461425781
0.8556461334228516 -0.006825423799455166 -0.5175162553787231 -17.89879608154297 -0.017050335183739662 0.9989987015724182 -0.04136614128947258 -2.934779644012451 0.5172803401947021 0.04421860724687576 0.854672908782959 44.75178527832031
0.8505887985229492 -0.010290225967764854 -0.5257306694984436 -18.46857452392578 -0.015101912431418896 0.9989179968833923 -0.043985672295093536 -2.9891562461853027 0.5256145000457764 0.04535325989127159 0.849513053894043 45.653167724609375
0.8442774415016174 -0.014145277440547943 -0.535719633102417 -19.022075653076172 -0.013083996251225471 0.9988094568252563 -0.046992793679237366 -3.0498998165130615 0.5357465744018555 0.046684298664331436 0.8430872559547424 46.543861389160156
0.8382334113121033 -0.014275141060352325 -0.5451247692108154 -19.608694076538086 -0.013151704333722591 0.9988372325897217 -0.046379730105400085 -3.1073222160339355 0.5451530814170837 0.04604635015130043 0.8370709419250488 47.427886962890625
0.8323143720626831 -0.010452932678163052 -0.5542052388191223 -20.20004653930664 -0.014832179062068462 0.9990441203117371 -0.04111830145120621 -3.1690452098846436 0.5541052222251892 0.042443420737981796 0.83136385679245 48.308128356933594
0.8271988034248352 -0.005728237330913544 -0.5618801116943359 -20.809558868408203 -0.01800423488020897 0.999164342880249 -0.0366920530796051 -3.22617244720459 0.5616207718849182 0.040467843413352966 0.8264045715332031 49.1839714050293
0.8230466842651367 -0.00611125398427248 -0.567940890789032 -21.41971778869629 -0.01891009882092476 0.9990928769111633 -0.03815469890832901 -3.2766618728637695 0.5676588416099548 0.04214290902018547 0.8221845626831055 50.05689239501953
0.8196507692337036 -0.00792519561946392 -0.5728087425231934 -22.040023803710938 -0.02002243883907795 0.9988970160484314 -0.04247117042541504 -3.336031913757324 0.5725135207176208 0.046280551701784134 0.8185880184173584 50.936767578125
0.8167620301246643 -0.009795652702450752 -0.5768914222717285 -22.66700553894043 -0.022882580757141113 0.9985193610191345 -0.04935204237699509 -3.3957085609436035 0.5765206217765808 0.05350964516401291 0.8153285384178162 51.799991607666016
0.8134136199951172 -0.010990498587489128 -0.5815818905830383 -23.29599952697754 -0.023054499179124832 0.9984267950057983 -0.05111242085695267 -3.4550137519836426 0.5812286734580994 0.05498361214995384 0.8118805885314941 52.68214416503906
0.8101853728294373 -0.009519723244011402 -0.5860963463783264 -23.93581199645996 -0.022252796217799187 0.9986478686332703 -0.046981602907180786 -3.5197839736938477 0.5857511162757874 0.05110608786344528 0.8088780641555786 53.54383087158203
0.8069831728935242 -0.006766381673514843 -0.5905357599258423 -24.573959350585938 -0.022181952372193336 0.9988815784454346 -0.04175746813416481 -3.580136775970459 0.5901578068733215 0.04679680988192558 0.805930495262146 54.41416549682617
0.8040119409561157 -0.004558755084872246 -0.5945956707000732 -25.224578857421875 -0.023394905030727386 0.9989538192749023 -0.03929353132843971 -3.62656831741333 0.5941527485847473 0.04550298675894737 0.8030641078948975 55.27524185180664
0.8008116483688354 -0.004400879144668579 -0.5989000797271729 -25.876218795776367 -0.024568168446421623 0.9988899230957031 -0.040191128849983215 -3.6754465103149414 0.5984120965003967 0.046899404376745224 0.7998145818710327 56.134071350097656
0.7971675992012024 -0.005696711130440235 -0.6037312150001526 -26.533252716064453 -0.024248294532299042 0.9988465905189514 -0.04144242778420448 -3.7345662117004395 0.6032710671424866 0.047676023095846176 0.7961099147796631 57.003326416015625
0.7929237484931946 -0.008870835416018963 -0.6092562675476074 -27.180404663085938 -0.022579314187169075 0.9987794756889343 -0.043928444385528564 -3.796415328979492 0.6089023351669312 0.04858849570155144 0.791755735874176 57.84973907470703
0.7889597415924072 -0.009967224672436714 -0.6143640875816345 -27.854846954345703 -0.021808406338095665 0.9987841844558716 -0.0442100428044796 -3.8565473556518555 0.614057719707489 0.04827824607491493 0.787783145904541 58.69649124145508
0.7842615842819214 -0.01007075421512127 -0.6203485727310181 -28.535602569580078 -0.02152533084154129 0.9988245964050293 -0.04342785105109215 -3.912976026535034 0.6200567483901978 0.04741200432181358 0.7831230759620667 59.55377960205078
0.779537558555603 -0.009751616977155209 -0.6262794733047485 -29.217416763305664 -0.021298900246620178 0.998887836933136 -0.04206439480185509 -3.982780933380127 0.6259931325912476 0.04612984135746956 0.7784630060195923 60.37660217285156
0.7739745378494263 -0.011373966932296753 -0.6331143975257874 -29.9068603515625 -0.020760999992489815 0.9988454580307007 -0.04332442954182625 -4.035259246826172 0.6328762173652649 0.04667610302567482 0.7728448510169983 61.22193908691406
0.7687517404556274 -0.01280959788709879 -0.63941890001297 -30.613107681274414 -0.02036857418715954 0.9988018274307251 -0.04449763521552086 -4.091805458068848 0.6392228007316589 0.04723168909549713 0.7675698399543762 62.05795669555664
0.7628881931304932 -0.014195587486028671 -0.6463744640350342 -31.30466079711914 -0.01944100111722946 0.9988030791282654 -0.044880952686071396 -4.156052589416504 0.6462380290031433 0.04680531844496727 0.7616990804672241 62.882835388183594
0.7574284672737122 -0.015755951404571533 -0.6527278423309326 -32.029048919677734 -0.01915755495429039 0.9987420439720154 -0.04633878171443939 -4.214395999908447 0.6526367664337158 0.04760298877954483 0.7561739087104797 63.70425796508789
0.7510911822319031 -0.017879055812954903 -0.6599563956260681 -32.76084518432617 -0.017478466033935547 0.9987443685531616 -0.04694937542080879 -4.27953577041626 0.6599671244621277 0.046798285096883774 0.7498356103897095 64.5403823852539
0.7449581027030945 -0.01891225576400757 -0.6668431162834167 -33.49775695800781 -0.016741175204515457 0.9987533092498779 -0.04702778905630112 -4.3436126708984375 0.6669011116027832 0.046197474002838135 0.7437127828598022 65.35933685302734
0.7384365797042847 -0.01902947574853897 -0.6740543842315674 -34.251216888427734 -0.015489847399294376 0.9988592863082886 -0.04516850784420967 -4.405036926269531 0.6741451621055603 0.04379507899284363 0.7372993230819702 66.18538665771484
0.7320300936698914 -0.01935514062643051 -0.6809973120689392 -35.01679229736328 -0.014970078133046627 0.9988980293273926 -0.04448234662413597 -4.466823101043701 0.681107759475708 0.042757000774145126 0.730933666229248 67.00340270996094
0.7254999876022339 -0.02089398168027401 -0.687904953956604 -35.78955841064453 -0.014045999385416508 0.9988812804222107 -0.04515300691127777 -4.534419059753418 0.6880788803100586 0.04242081940174103 0.7243949174880981 67.80654907226562
0.7189746499061584 -0.02296808734536171 -0.6946566700935364 -36.57225799560547 -0.013620121404528618 0.998796284198761 -0.047121062874794006 -4.59172248840332 0.6949028968811035 0.043340153992176056 0.7177963256835938 68.61439514160156
0.7129907011985779 -0.022163448855280876 -0.7008230686187744 -37.384220123291016 -0.014942397363483906 0.9987930655479431 -0.046788547188043594 -4.657234191894531 0.7010141611099243 0.043831780552864075 0.7117990255355835 69.4244613647461
0.7075669169425964 -0.02168569155037403 -0.7063135504722595 -38.197166442871094 -0.014844955876469612 0.9988522529602051 -0.04553869739174843 -4.722387790679932 0.7064904570579529 0.04270685836672783 0.7064328193664551 70.22827911376953
0.7025995254516602 -0.02079731412231922 -0.7112815976142883 -39.025856018066406 -0.016457824036478996 0.9988304972648621 -0.04546196013689041 -4.795722961425781 0.7113950252532959 0.043647702783346176 0.7014354467391968 71.03549194335938
0.6980190873146057 -0.02174052782356739 -0.7157490253448486 -39.84767532348633 -0.016181889921426773 0.9988048672676086 -0.04611925780773163 -4.863401412963867 0.7158961892127991 0.04377429932355881 0.6968331336975098 71.82057189941406
0.692645788192749 -0.023369301110506058 -0.7208991050720215 -40.67287826538086 -0.017119722440838814 0.9986608028411865 -0.04882223904132843 -4.932389736175537 0.7210745811462402 0.04615812003612518 0.691318154335022 72.60901641845703
0.6875523328781128 -0.026488130912184715 -0.7256515622138977 -41.52528381347656 -0.0161094069480896 0.9985320568084717 -0.05171256139874458 -4.990233898162842 0.7259560823440552 0.047244906425476074 0.6861163377761841 73.39875793457031
0.6823959350585938 -0.027097506448626518 -0.7304803729057312 -42.37705993652344 -0.01620432734489441 0.9985063076019287 -0.05217772349715233 -5.059187412261963 0.7308030724525452 0.04744281247258186 0.6809375286102295 74.18560791015625
0.6775680780410767 -0.026081455871462822 -0.7349973320960999 -43.238529205322266 -0.016712527722120285 0.9985669255256653 -0.05084093287587166 -5.133807182312012 0.7352701425552368 0.0467318557202816 0.6761612892150879 74.97062683105469
0.6723906993865967 -0.026373323053121567 -0.7397263646125793 -44.11378860473633 -0.016140757128596306 0.9986050128936768 -0.05027458071708679 -5.199817180633545 0.7400203943252563 0.045743901282548904 0.6710271239280701 75.75997924804688
0.6672012805938721 -0.0273586492985487 -0.7443748712539673 -44.99965286254883 -0.015635084360837936 0.9985907077789307 -0.05071617662906647 -5.273180961608887 0.7447133660316467 0.04547625780105591 0.6658332943916321 76.54960632324219
0.6624754667282104 -0.028584148734807968 -0.748538076877594 -45.8744010925293 -0.014572124928236008 0.9985908269882202 -0.05102954059839249 -5.3403706550598145 0.7489418983459473 0.04471360892057419 0.6611254215240479 77.3165512084961
0.6583492755889893 -0.028886623680591583 -0.7521580457687378 -46.783843994140625 -0.013896256685256958 0.9986265301704407 -0.050515368580818176 -5.418933868408203 0.7525842785835266 0.043708935379981995 0.6570436954498291 78.09425354003906
0.6541540622711182 -0.029707666486501694 -0.7557775974273682 -47.681148529052734 -0.012415727600455284 0.9986719489097595 -0.05000149458646774 -5.493220329284668 0.7562593221664429 0.042092207819223404 0.652916431427002 78.86990356445312
0.6501165628433228 -0.03264481574296951 -0.7591328620910645 -48.59777069091797 -0.009655405767261982 0.9986410737037659 -0.051213156431913376 -5.566894054412842 0.7597731351852417 0.040624260902404785 0.6489178538322449 79.65443420410156
0.6460028886795044 -0.03699497506022453 -0.7624378800392151 -49.508148193359375 -0.007471479941159487 0.9984706044197083 -0.05477822571992874 -5.634388446807861 0.7632984519004822 0.0410834364593029 0.6447385549545288 80.4138412475586
0.6414756178855896 -0.04159994050860405 -0.7660146355628967 -50.425941467285156 -0.0027787338476628065 0.998396098613739 -0.05654684826731682 -5.705380439758301 0.7671383619308472 0.03840196877717972 0.6403311491012573 81.17543029785156
0.6346006989479065 -0.0448957197368145 -0.7715349793434143 -51.35826110839844 0.0018347204895690084 0.9983959197998047 -0.05658770725131035 -5.780500411987305 0.7728379368782043 0.034495044499635696 0.6336652040481567 81.95124816894531
0.6263688802719116 -0.0486132986843586 -0.7780095338821411 -52.28753662109375 0.006618589162826538 0.9983492493629456 -0.057052481919527054 -5.864035606384277 0.7794986963272095 0.030586572363972664 0.6256566047668457 82.69755554199219
0.6172235608100891 -0.04951402544975281 -0.7852283716201782 -53.239986419677734 0.009410616010427475 0.9984110593795776 -0.05555949732661247 -5.945611476898193 0.7867316603660583 0.026903146877884865 0.6167085766792297 83.43974304199219
0.6086865067481995 -0.047730423510074615 -0.791973888874054 -54.20816421508789 0.00927661545574665 0.9985487461090088 -0.053050484508275986 -6.020272254943848 0.7933567762374878 0.024944283068180084 0.608245849609375 84.17466735839844
0.6000442504882812 -0.04782324284315109 -0.7985360622406006 -55.18867874145508 0.009177046827971935 0.9985573291778564 -0.052906326949596405 -6.097872257232666 0.7999141812324524 0.0244179405272007 0.5996174216270447 84.89572143554688
0.5902421474456787 -0.049407027661800385 -0.8057129383087158 -56.192100524902344 0.008592966943979263 0.9984531998634338 -0.05493106693029404 -6.174096584320068 0.8071805238723755 0.025499165058135986 0.5897536873817444 85.62205505371094
0.5804240107536316 -0.05160810798406601 -0.8126774430274963 -57.18950653076172 0.009037657640874386 0.9983364939689636 -0.056943368166685104 -6.254194736480713 0.8142642974853516 0.025706594809889793 0.5799248814582825 86.32241821289062
0.5706995725631714 -0.053492650389671326 -0.8194147944450378 -58.21923065185547 0.009487959556281567 0.9982389211654663 -0.05855845287442207 -6.329978942871094 0.8211042284965515 0.025644706562161446 0.5702019333839417 87.03536224365234
0.5600023865699768 -0.05382191762328148 -0.8267409801483154 -59.24867248535156 0.012466540560126305 0.9983219504356384 -0.056547727435827255 -6.422885417938232 0.8283972144126892 0.021360257640480995 0.5597337484359741 87.7484130859375
0.5501726269721985 -0.054155707359313965 -0.8332930207252502 -60.28136444091797 0.013667041435837746 0.998345136642456 -0.05585893243551254 -6.500324726104736 0.8349391222000122 0.01934339851140976 0.5500022768974304 88.41439819335938
0.5401556491851807 -0.05502431094646454 -0.8397643566131592 -61.34253692626953 0.014189183712005615 0.9983139634132385 -0.056286219507455826 -6.580176830291748 0.8414456248283386 0.01848774217069149 0.5400255918502808 89.08243560791016
0.5293729305267334 -0.05548902973532677 -0.8465726971626282 -62.41340637207031 0.013564836233854294 0.9982848763465881 -0.05695081129670143 -6.672814846038818 0.8482807874679565 0.018664592877030373 0.529217541217804 89.75355529785156
0.5189455151557922 -0.05665695294737816 -0.8529276251792908 -63.48014831542969 0.012453414499759674 0.9981963634490967 -0.05872960761189461 -6.748422145843506 0.8547165989875793 0.01985560916364193 0.5187150239944458 90.41336822509766
0.5090652108192444 -0.057575881481170654 -0.8588000535964966 -64.56312561035156 0.011900750920176506 0.9981356859207153 -0.059862907975912094 -6.838891983032227 0.8606457114219666 0.020253758877515793 0.508801281452179 91.04969024658203
0.4994364082813263 -0.057574644684791565 -0.8644353151321411 -65.65507507324219 0.010755902156233788 0.9981245398521423 -0.06026451662182808 -6.924882888793945 0.8662837743759155 0.020800508558750153 0.49911898374557495 91.67566680908203
0.49085694551467896 -0.05545639246702194 -0.8694735765457153 -66.7755126953125 0.010006669908761978 0.9982651472091675 -0.058021724224090576 -7.011160373687744 0.8711827397346497 0.019779827445745468 0.490560382604599 92.29449462890625
0.4828033149242401 -0.05406207963824272 -0.8740584850311279 -67.89200592041016 0.010549470782279968 0.9983792901039124 -0.05592433363199234 -7.094245433807373 0.8756653070449829 0.017779596149921417 0.4825911521911621 92.90895080566406
0.4752357006072998 -0.053993649780750275 -0.878200352191925 -69.0017318725586 0.010382447391748428 0.9983898401260376 -0.055764734745025635 -7.184349536895752 0.8797973990440369 0.017383521422743797 0.4750310778617859 93.50596618652344
0.4672091603279114 -0.05709687992930412 -0.8823012709617615 -70.09314727783203 0.012287786230444908 0.9982355833053589 -0.058092594146728516 -7.267457962036133 0.8840613961219788 0.016299868002533913 0.46708640456199646 94.09173583984375
0.45999547839164734 -0.06018294766545296 -0.8858792781829834 -71.22821044921875 0.015078570693731308 0.9980859756469727 -0.05997619777917862 -7.359348297119141 0.8877931833267212 0.014230987057089806 0.46002253890037537 94.68344116210938
0.4543571174144745 -0.06326775997877121 -0.8885700702667236 -72.35831451416016 0.01609763503074646 0.9978950023651123 -0.06282058358192444 -7.45062780380249 0.8906741738319397 0.014239109121263027 0.45441916584968567 95.25120544433594
0.44839996099472046 -0.06705539673566818 -0.8913142085075378 -73.49940490722656 0.01826464757323265 0.9976611733436584 -0.06586756557226181 -7.544753074645996 0.8936463594436646 0.013255473226308823 0.4485760033130646 95.83672332763672
0.44380271434783936 -0.06782997399568558 -0.8935536742210388 -74.6343002319336 0.021326489746570587 0.9976482391357422 -0.06513956934213638 -7.649423599243164 0.8958706855773926 0.009852752089500427 0.444205641746521 96.39806365966797
0.439492404460907 -0.0654238760471344 -0.8958605527877808 -75.78129577636719 0.022889694198966026 0.9978358149528503 -0.061641767621040344 -7.743776798248291 0.8979546427726746 0.0065851155668497086 0.440038800239563 96.9642333984375
0.4356410801410675 -0.06409373134374619 -0.8978356122970581 -76.91681671142578 0.026812484487891197 0.9979430437088013 -0.058230333030223846 -7.839330196380615 0.8997209668159485 0.0012943197507411242 0.4364635646343231 97.5181655883789
0.43226733803749084 -0.06311669945716858 -0.8995339274406433 -78.0562515258789 0.027289986610412598 0.9980061650276184 -0.05691199749708176 -7.928465366363525 0.901332437992096 5.293325011734851e-05 0.43312790989875793 98.06791687011719
0.42958101630210876 -0.06312398612499237 -0.9008193612098694 -79.19113159179688 0.028893811628222466 0.9980038404464722 -0.056155260652303696 -8.014503479003906 0.9025658965110779 -0.0019048693357035518 0.4305473864078522 98.6011734008789
0.4276018738746643 -0.061952777206897736 -0.9018417596817017 -80.33011627197266 0.030242664739489555 0.9980707168579102 -0.05422395467758179 -8.107906341552734 0.9034610986709595 -0.0040878308936953545 0.42865052819252014 99.1236343383789
0.42470797896385193 -0.061527565121650696 -0.9032372236251831 -81.45543670654297 0.03300899267196655 0.9980769753456116 -0.052466895431280136 -8.187525749206543 0.9047284126281738 -0.007531838957220316 0.4259222745895386 99.66172790527344
0.4220443665981293 -0.06282629072666168 -0.904395580291748 -82.58889770507812 0.035526342689991 0.9979756474494934 -0.05274839699268341 -8.266548156738281 0.9058787822723389 -0.009867701679468155 0.42342206835746765 100.19857788085938
0.4196496605873108 -0.06284014135599136 -0.905508279800415 -83.67749786376953 0.037480346858501434 0.9979494214057922 -0.051885414868593216 -8.349567413330078 0.9069120287895203 -0.01216506864875555 0.42114442586898804 100.7148208618164
0.41729575395584106 -0.06217707321047783 -0.9066412448883057 -84.78364562988281 0.04084694758057594 0.9979316592216492 -0.049637291580438614 -8.42669677734375 0.907852292060852 -0.01632009446620941 0.4189724624156952 101.23509216308594
0.415306955575943 -0.061489131301641464 -0.9076008200645447 -85.89102172851562 0.042657189071178436 0.9979316592216492 -0.04808957129716873 -8.505821228027344 0.9086806178092957 -0.018743764609098434 0.4170708954334259 101.73725891113281
0.4139479994773865 -0.06311486661434174 -0.9081098437309265 -86.98738861083984 0.04491677135229111 0.9977944493293762 -0.04887344688177109 -8.580997467041016 0.9091916680335999 -0.020558299496769905 0.41586992144584656 102.2347412109375
0.41190391778945923 -0.06385459750890732 -0.9089872241020203 -88.05834197998047 0.04645773395895958 0.997715950012207 -0.049035489559173584 -8.667624473571777 0.9100422263145447 -0.02203158102929592 0.41392967104911804 102.73211669921875
0.411464124917984 -0.06451653689146042 -0.9091396331787109 -89.12188720703125 0.04605407640337944 0.9976890087127686 -0.04995693638920784 -8.750616073608398 0.9102616906166077 -0.021314099431037903 0.41348451375961304 103.2093505859375
0.41135212779045105 -0.06549995392560959 -0.9091200828552246 -90.17207336425781 0.04588458314538002 0.9976381659507751 -0.051115937530994415 -8.827217102050781 0.9103208780288696 -0.02068793773651123 0.41338595747947693 103.70262145996094
0.4140183925628662 -0.0651533454656601 -0.9079338312149048 -91.21028137207031 0.043217733502388 0.9977172613143921 -0.05188889428973198 -8.906842231750488 0.9092419743537903 -0.017755884677171707 0.41588908433914185 104.15930938720703
0.4182344377040863 -0.0653412863612175 -0.905985951423645 -92.24330139160156 0.04109889641404152 0.9977491497993469 -0.05298672616481781 -8.98453140258789 0.9074088931083679 -0.015074153430759907 0.4199784994125366 104.63748168945312
0.42303434014320374 -0.0657241940498352 -0.9037269353866577 -93.28533935546875 0.039456065744161606 0.9977560043334961 -0.05409316346049309 -9.066353797912598 0.9052541851997375 -0.012774238362908363 0.4246782958507538 105.11601257324219
0.42947089672088623 -0.06600816547870636 -0.9006651043891907 -94.31084442138672 0.03924288973212242 0.9977471828460693 -0.0544106550514698 -9.143202781677246 0.9022276401519775 -0.011976907029747963 0.4310937821865082 105.5958480834961
0.4361216127872467 -0.06487499177455902 -0.8975462317466736 -95.31683349609375 0.038028012961149216 0.997835636138916 -0.05364597216248512 -9.218769073486328 0.8990838527679443 -0.010735731571912766 0.43764472007751465 106.0880355834961
0.4446443021297455 -0.06297824531793594 -0.8934904336929321 -96.3316650390625 0.0368572473526001 0.9979667067527771 -0.05200035497546196 -9.300628662109375 0.8949486613273621 -0.00980993639677763 0.446061372756958 106.57623291015625
0.4536612033843994 -0.06263109296560287 -0.888970673084259 -97.31297302246094 0.036321330815553665 0.9979979395866394 -0.05177687481045723 -9.375874519348145 0.890433669090271 -0.00879944209009409 0.4550277888774872 107.06861877441406
0.4633064568042755 -0.06208423152565956 -0.8840207457542419 -98.29850769042969 0.03518311679363251 0.9980452060699463 -0.051652975380420685 -9.446949005126953 0.8854993581771851 -0.007171446457505226 0.4645851254463196 107.57563781738281
0.47293949127197266 -0.06264707446098328 -0.8788648843765259 -99.27105712890625 0.03410877659916878 0.9980230927467346 -0.05278610810637474 -9.526058197021484 0.8804343938827515 -0.005012375768274069 0.474141389131546 108.09994506835938
0.4828324317932129 -0.06473252922296524 -0.8733169436454773 -100.22069549560547 0.03358642756938934 0.9978992938995361 -0.05539790540933609 -9.598220825195312 0.8750684261322021 -0.0025836892891675234 0.483992338180542 108.62762451171875
0.49443185329437256 -0.06551532447338104 -0.8667438626289368 -101.17786407470703 0.03159598261117935 0.9978510141372681 -0.057401593774557114 -9.671817779541016 0.8686419725418091 0.0009955561254173517 0.49543941020965576 109.16535949707031
0.5068705677986145 -0.06384645402431488 -0.8596544861793518 -102.12289428710938 0.029331007972359657 0.9979532957077026 -0.05682371184229851 -9.748725891113281 0.8615230321884155 0.00358773535117507 0.507705807685852 109.71736145019531
0.5193917751312256 -0.06151032820343971 -0.8523195385932922 -103.04649353027344 0.027854258194565773 0.9980946183204651 -0.05505664646625519 -9.822564125061035 0.8540821671485901 0.004855238366872072 0.5201154947280884 110.27407836914062
0.5319499373435974 -0.05893588811159134 -0.8447222709655762 -103.96107482910156 0.02712680771946907 0.9982488751411438 -0.05256471782922745 -9.902444839477539 0.8463411927223206 0.00504718441516161 0.5326172709465027 110.84274291992188
0.5436343550682068 -0.058333564549684525 -0.8372926115989685 -104.86502838134766 0.027041826397180557 0.9982813596725464 -0.05199190974235535 -9.97293472290039 0.8388864398002625 0.005622668657451868 0.5442774891853333 111.42681884765625
