1.0 0.0 0.0 0.0 0.0 1.0 0.0 0.0 0.0 0.0 1.0 0.0
0.9999336004257202 -0.0025279303081333637 0.011241049505770206 0.015696482732892036 0.0025169732980430126 0.9999963641166687 0.000988761312328279 -0.0038528009317815304 -0.011243508197367191 -0.0009604022488929331 0.9999363422393799 0.2953576445579529
0.9998283386230469 -0.004554527811706066 0.017960527911782265 0.025868799537420273 0.004533831961452961 0.9999890327453613 0.0011928572785109282 -0.008773203007876873 -0.017965763807296753 -0.0011112225474789739 0.9998379945755005 0.582629382610321
0.9997767806053162 -0.007455130573362112 0.019768813624978065 0.03825196623802185 0.007457029074430466 0.9999722242355347 -2.2338137569022365e-05 -0.012769528664648533 -0.01976809836924076 0.00016974977916106582 0.9998045563697815 0.8866773247718811
0.9998143315315247 -0.00866937916725874 0.01720753312110901 0.04945699870586395 0.008701475337147713 0.9999605417251587 -0.001791211194358766 -0.010057439096271992 -0.0171913243830204 0.0019406095379963517 0.999850332736969 1.202175259590149
0.9998831748962402 -0.011515540070831776 0.010053866542875767 0.05657446011900902 0.011550063267350197 0.9999275803565979 -0.00338252866640687 -0.010835709050297737 -0.0100141866132617 0.003498256206512451 0.999943733215332 1.5199788808822632
0.9999112486839294 -0.013168899342417717 -0.0020283437334001064 0.05804773420095444 0.013157269917428493 0.9998975396156311 -0.005643207114189863 -0.009356902912259102 0.0021024507004767656 0.005616018548607826 0.9999819993972778 1.8610079288482666
0.9997480511665344 -0.01243737805634737 -0.01868661679327488 0.03941858187317848 0.012326836585998535 0.9999058842658997 -0.006019115913659334 -0.012372704222798347 0.018759720027446747 0.005787254311144352 0.9998072981834412 2.1988818645477295
0.9992254972457886 -0.00787516962736845 -0.038555193692445755 0.012809439562261105 0.00766238896176219 0.9999545812606812 -0.005663546267896891 -0.022101571783423424 0.03859804570674896 0.005363735370337963 0.9992404580116272 2.5397770404815674
0.9983046650886536 -0.004409024491906166 -0.05803701654076576 -0.03339211642742157 0.004005092196166515 0.9999669194221497 -0.00707439286634326 -0.023792533203959465 0.05806627869606018 0.0068299551494419575 0.9982893466949463 2.8931851387023926
0.996916651725769 -0.004136393778026104 -0.07835867255926132 -0.07477205246686935 0.0035587253514677286 0.999965488910675 -0.007510308641940355 -0.027614809572696686 0.07838702946901321 0.0072082942351698875 0.9968968629837036 3.2584903240203857
0.9949847459793091 -0.005615840200334787 -0.09986970573663712 -0.11772550642490387 0.004904365167021751 0.9999608397483826 -0.007368122693151236 -0.02613014541566372 0.09990715980529785 0.006841370835900307 0.9949732422828674 3.6340413093566895
0.9928507208824158 -0.007348321843892336 -0.11913642287254333 -0.18147574365139008 0.006656970363110304 0.9999586343765259 -0.006199950817972422 -0.03779453784227371 0.11917705088853836 0.005362538620829582 0.9928585290908813 4.0144500732421875
0.990599513053894 -0.005964949261397123 -0.13666407763957977 -0.2581877112388611 0.0051783910021185875 0.9999679327011108 -0.006110209506005049 -0.037340812385082245 0.13669614493846893 0.005345070268958807 0.9905986189842224 4.409391403198242
0.9881802797317505 -0.004978987388312817 -0.15321512520313263 -0.32403621077537537 0.004267600830644369 0.9999785423278809 -0.004971576854586601 -0.0499974861741066 0.15323656797409058 0.004258953500539064 0.98818039894104 4.824047088623047
0.98605877161026 -0.003874956164509058 -0.16635237634181976 -0.4106215536594391 0.003048414597287774 0.999981701374054 -0.005223663058131933 -0.05479317903518677 0.16636955738067627 0.004643728490918875 0.9860525131225586 5.239962100982666
0.9838744401931763 -0.005614279769361019 -0.17877285182476044 -0.49386149644851685 0.004585463088005781 0.9999704360961914 -0.006167569197714329 -0.059865500777959824 0.17880219221115112 0.005248357076197863 0.9838710427284241 5.670851230621338
0.9820114374160767 -0.009509255178272724 -0.1885819435119629 -0.582830011844635 0.008061866275966167 0.9999318718910217 -0.008440693840384483 -0.06751731038093567 0.18864935636520386 0.006768533494323492 0.9820212125778198 6.125625133514404
0.9804877638816833 -0.008416527882218361 -0.19639983773231506 -0.6836950778961182 0.006538794841617346 0.9999265074729919 -0.01020724419504404 -0.07724232971668243 0.19647130370140076 0.008723859675228596 0.9804707765579224 6.580278396606445
0.9790050387382507 -0.007871166802942753 -0.2036840170621872 -0.7907947301864624 0.005515549797564745 0.9999111890792847 -0.012130149640142918 -0.08159293979406357 0.20376136898994446 0.010752048343420029 0.9789615273475647 7.047143936157227
0.977237343788147 -0.008770008571445942 -0.21196775138378143 -0.8990254402160645 0.0056971111334860325 0.999869704246521 -0.015103412792086601 -0.09007297456264496 0.21207256615161896 0.013552014715969563 0.9771599173545837 7.53135347366333
0.9755247235298157 -0.012542606331408024 -0.21953165531158447 -1.0169358253479004 0.009076495654881 0.9998177886009216 -0.016790185123682022 -0.10097362101078033 0.21970224380493164 0.01438666321337223 0.975460946559906 8.027422904968262
0.973503589630127 -0.01911551132798195 -0.22787140309810638 -1.1240649223327637 0.01535702683031559 0.9997153878211975 -0.018255695700645447 -0.11129454523324966 0.22815550863742828 0.014272559434175491 0.973520040512085 8.543567657470703
0.971432089805603 -0.01977478712797165 -0.236492320895195 -1.2448912858963013 0.015430629253387451 0.9996767640113831 -0.02020610310137272 -0.13306362926959991 0.2368154525756836 0.01597963087260723 0.9714232087135315 9.053106307983398
0.9692957997322083 -0.01586071401834488 -0.24538512527942657 -1.3936841487884521 0.010007933713495731 0.9996353387832642 -0.025080084800720215 -0.13940449059009552 0.24569343030452728 0.021854227408766747 0.9691011905670166 9.57861614227295
0.9670765399932861 -0.012884157709777355 -0.2541588544845581 -1.550196886062622 0.005955033004283905 0.9995898008346558 -0.028013575822114944 -0.15669578313827515 0.2544155418872833 0.02557775191962719 0.9667566418647766 10.123678207397461
0.9647543430328369 -0.015241825953125954 -0.2627103626728058 -1.7087172269821167 0.0076086814515292645 0.9995194673538208 -0.03004825860261917 -0.1755818873643875 0.263042151927948 0.026990307494997978 0.9644067287445068 10.696455001831055
0.9622877240180969 -0.018587470054626465 -0.2713978588581085 -1.8572784662246704 0.01030951552093029 0.9994380474090576 -0.03189525753259659 -0.19574487209320068 0.2718381881713867 0.027894437313079834 0.9619386196136475 11.256006240844727
0.9600632786750793 -0.018320927396416664 -0.2791823446750641 -2.0343446731567383 0.009098291397094727 0.9993703365325928 -0.03429463878273964 -0.21842294931411743 0.27963489294052124 0.030384939163923264 0.9596254825592041 11.830523490905762
0.9578385353088379 -0.017167581245303154 -0.2867935597896576 -2.227177619934082 0.006538875866681337 0.9992572665214539 -0.03797728940844536 -0.24470265209674835 0.28723248839378357 0.03450080379843712 0.9572393298149109 12.42029857635498
0.9554789662361145 -0.017772966995835304 -0.2945234179496765 -2.4193923473358154 0.005342448130249977 0.9990626573562622 -0.04295654967427254 -0.2773844003677368 0.2950107753276825 0.039470601826906204 0.9546783566474915 13.022673606872559
0.9535344243049622 -0.01992947608232498 -0.30062413215637207 -2.605053663253784 0.004925863817334175 0.9987075328826904 -0.05058389902114868 -0.30932602286338806 0.30124375224113464 0.04675265774130821 0.9524003267288208 13.622347831726074
0.9520971179008484 -0.020637743175029755 -0.3050984740257263 -2.8091752529144287 0.0027958103455603123 0.99826580286026 -0.05880092456936836 -0.3450324535369873 0.30578291416168213 0.05513119697570801 0.9505037665367126 14.242477416992188
0.9508636593818665 -0.020378872752189636 -0.3089384436607361 -3.0259227752685547 -0.0004884872469119728 0.9977314472198486 -0.06731802225112915 -0.3890869915485382 0.3096095025539398 0.06416118144989014 0.9486966133117676 14.859798431396484
0.9496092796325684 -0.019829314202070236 -0.31280824542045593 -3.2474470138549805 -0.004232289735227823 0.9970946311950684 -0.07605531066656113 -0.44051310420036316 0.3134075403213501 0.07354672253131866 0.9467663764953613 15.502161979675293
0.948468804359436 -0.01932164654135704 -0.3162810206413269 -3.481545925140381 -0.007437278516590595 0.9965067505836487 -0.0831797644495964 -0.49223700165748596 0.3167833685874939 0.08124566823244095 0.9450118541717529 16.144563674926758
0.9466097950935364 -0.017536023631691933 -0.3219043016433716 -3.714024543762207 -0.012006993405520916 0.9959089159965515 -0.08956146985292435 -0.555804967880249 0.32215797901153564 0.0886448472738266 0.9425265789031982 16.806941986083984
0.9450105428695679 -0.0165108572691679 -0.32662293314933777 -3.9571492671966553 -0.01574007049202919 0.9952712655067444 -0.09585152566432953 -0.6144621968269348 0.32666105031967163 0.0957217663526535 0.940281867980957 17.474241256713867
0.9433508515357971 -0.014487042091786861 -0.331480473279953 -4.211588382720947 -0.02017156220972538 0.9946942925453186 -0.10087784379720688 -0.6945200562477112 0.33118319511413574 0.10184966772794724 0.9380534291267395 18.15777587890625
0.941588282585144 -0.012170514091849327 -0.3365463316440582 -4.471196174621582 -0.024291949346661568 0.9942889213562012 -0.10392037779092789 -0.7671517729759216 0.33588907122612 0.1060255691409111 0.9359151124954224 18.849517822265625
0.9397844672203064 -0.011019186116755009 -0.3415897786617279 -4.737437725067139 -0.026691429316997528 0.9940609335899353 -0.10550063103437424 -0.8448516726493835 0.34072357416152954 0.10826537758111954 0.933908998966217 19.56015396118164
0.9374710917472839 -0.010895590297877789 -0.3478924036026001 -5.004582405090332 -0.02732899598777294 0.9941200017929077 -0.10477855801582336 -0.9260584115982056 0.3469884693622589 0.10773442685604095 0.931661069393158 20.268226623535156
0.9351673126220703 -0.009905765764415264 -0.3540675938129425 -5.275022506713867 -0.02848394773900509 0.9942683577537537 -0.10304881632328033 -1.012088656425476 0.3530590236186981 0.10645312815904617 0.9295251369476318 20.971906661987305
0.9326068758964539 -0.01089999545365572 -0.3607292175292969 -5.562249660491943 -0.0274231918156147 0.9945135712623596 -0.10094898194074631 -1.0967559814453125 0.3598504662513733 0.10403807461261749 0.9271912574768066 21.68450355529785
0.9292792081832886 -0.00989628117531538 -0.36924535036087036 -5.861169338226318 -0.028268003836274147 0.9948040843009949 -0.09780414402484894 -1.1822813749313354 0.36829471588134766 0.10132519155740738 0.9241710901260376 22.425254821777344
0.9260563850402832 -0.008210675790905952 -0.3772957921028137 -6.166555881500244 -0.028654523193836212 0.9953474998474121 -0.09199196100234985 -1.2584482431411743 0.37629568576812744 0.09600097686052322 0.9215125441551208 23.140811920166016
0.9224384427070618 -0.00485310098156333 -0.38611361384391785 -6.484180450439453 -0.03124554455280304 0.9957041144371033 -0.08716175705194473 -1.3325058221817017 0.38487789034843445 0.09246568381786346 0.9183241128921509 23.89160919189453
0.91893070936203 -0.0006033015670254827 -0.394418329000473 -6.820594787597656 -0.03503905236721039 0.9959202408790588 -0.08315867930650711 -1.4132331609725952 0.3928593099117279 0.09023711830377579 0.9151605367660522 24.620351791381836
0.9148350358009338 0.0004613199853338301 -0.4038275182247162 -7.160272598266602 -0.03651303052902222 0.9959977865219116 -0.08157920092344284 -1.481247901916504 0.4021736979484558 0.08937647938728333 0.9111905097961426 25.39392852783203
0.9108632802963257 -0.00020915760251227766 -0.4127082824707031 -7.515353679656982 -0.036447878926992416 0.9960517287254333 -0.0809466764330864 -1.5514954328536987 0.4110957384109497 0.0887736827135086 0.9072593450546265 26.152299880981445
0.9071521162986755 0.0003192448930349201 -0.42080265283584595 -7.888519763946533 -0.03741903603076935 0.9960994124412537 -0.07991098612546921 -1.6230473518371582 0.4191357493400574 0.0882374569773674 0.9036257266998291 26.921974182128906
0.9030291438102722 0.001757025602273643 -0.429575651884079 -8.244094848632812 -0.039154354482889175 0.9961658716201782 -0.07823354750871658 -1.6948702335357666 0.42779114842414856 0.08746694773435593 0.8996356129646301 27.666597366333008
0.8991320729255676 0.000869095791131258 -0.4376765489578247 -8.62954330444336 -0.03783465176820755 0.9964090585708618 -0.07574627548456192 -1.767606258392334 0.4360390603542328 0.08466525375843048 0.8959362506866455 28.461503982543945
0.8954634070396423 0.001319028320722282 -0.4451330602169037 -9.033851623535156 -0.03705433011054993 0.996745765209198 -0.07158772647380829 -1.8408147096633911 0.44359007477760315 0.08059829473495483 0.8925983309745789 29.242565155029297
0.8915820717811584 0.003527742577716708 -0.4528452455997467 -9.439708709716797 -0.03735489770770073 0.997134804725647 -0.06577815115451813 -1.907737374305725 0.451315701007843 0.07556261867284775 0.8891593217849731 30.015819549560547
0.8878781199455261 0.0035685717593878508 -0.4600647985935211 -9.869645118713379 -0.035893477499485016 0.997459352016449 -0.061533790081739426 -1.9724204540252686 0.4586763381958008 0.07114783674478531 0.8857504725456238 30.820520401000977
0.884049117565155 0.0024809057358652353 -0.4673873782157898 -10.301058769226074 -0.03454463183879852 0.9975977540016174 -0.06004484370350838 -2.033195972442627 0.4661156237125397 0.06922831386327744 0.8820111155509949 31.625905990600586
0.8804885745048523 0.0019175458000972867 -0.4740634560585022 -10.73390007019043 -0.033842455595731735 0.9976946711540222 -0.058820731937885284 -2.0964198112487793 0.47285786271095276 0.06783445179462433 0.8785236477851868 32.449832916259766
0.8776882290840149 0.0027592976111918688 -0.47922423481941223 -11.199827194213867 -0.033956415951251984 0.9978280067443848 -0.056445054709911346 -2.1581766605377197 0.47802767157554626 0.06581389158964157 0.8758755922317505 33.27143096923828
0.8741909265518188 5.394880645326339e-05 -0.4855823516845703 -11.65608024597168 -0.03085622936487198 0.9979851245880127 -0.05543940141797066 -2.211792469024658 0.4846009612083435 0.06344785541296005 0.872431218624115 34.109046936035156
0.8717437386512756 -0.000657563388813287 -0.4899616241455078 -12.15495491027832 -0.030406750738620758 0.9979990124702454 -0.055439338088035583 -2.273909330368042 0.4890175759792328 0.06322703510522842 0.8699793815612793 34.95478820800781
0.8692434430122375 -0.002717359224334359 -0.4943767488002777 -12.612751007080078 -0.028682226315140724 0.9980233311653137 -0.05591650679707527 -2.32833194732666 0.4935515522956848 0.06278488785028458 0.8674473166465759 35.79328155517578
0.867713987827301 -0.002382794627919793 -0.49705806374549866 -13.116876602172852 -0.029525043442845345 0.997975766658783 -0.05632593482732773 -2.388465404510498 0.49618613719940186 0.06355046480894089 0.8658872246742249 36.66400909423828
0.867387592792511 -0.0022663166746497154 -0.49762797355651855 -13.6193265914917 -0.029211455956101418 0.9980334043502808 -0.05546215549111366 -2.450162410736084 0.49677497148513794 0.0626436248421669 0.8656156063079834 37.516014099121094
0.867134153842926 -0.002086093183606863 -0.49807029962539673 -14.129387855529785 -0.028722064569592476 0.9981177449226379 -0.05418521910905838 -2.506927490234375 0.4972458481788635 0.061291467398405075 0.8654420375823975 38.39788818359375
0.8670765161514282 -0.0029878050554543734 -0.4981660544872284 -14.652023315429688 -0.02716708742082119 0.9982105493545532 -0.05327219516038895 -2.576160192489624 0.49743372201919556 0.05972479656338692 0.8654435873031616 39.27153396606445
0.86628657579422 -0.005285018123686314 -0.4995194971561432 -15.173943519592285 -0.02500324137508869 0.9982320070266724 -0.0539231151342392 -2.6397695541381836 0.49892136454582214 0.05920247361063957 0.8646228313446045 40.179805755615234
0.8651016354560852 -0.008169704116880894 -0.501530110836029 -15.70403003692627 -0.022020943462848663 0.9982847571372986 -0.05424608662724495 -2.703972816467285 0.5011130571365356 0.05797254666686058 0.863437831401825 41.08830261230469
0.8634026050567627 -0.008600234985351562 -0.5044423937797546 -16.24837875366211 -0.02076440118253231 0.9984017014503479 -0.05256204679608345 -2.7619247436523438 0.5040882229804993 0.055856648832559586 0.861844003200531 42.0260009765625
0.8614402413368225 -0.007738342974334955 -0.5077999234199524 -16.793285369873047 -0.019658606499433517 0.9986264109611511 -0.04856722056865692 -2.827077865600586 0.5074781775474548 0.05182040482759476 0.8601049184799194 42.92744064331055
0.8586655259132385 -0.007542575243860483 -0.5124809145927429 -17.343994140625 -0.01799808070063591 0.9988313317298889 -0.04485649988055229 -2.885877847671509 0.5122203230857849 0.047740399837493896 0.8575262427330017 43.84242248535156
0.8545611500740051 -0.008081246167421341 -0.5192878842353821 -17.914356231689453 -0.016308346763253212 0.9989683032035828 -0.042383790016174316 -2.956606388092041 0.5190946459770203 0.04468826949596405 0.8535476922988892 44.76282501220703
0.8491553068161011 -0.011538404040038586 -0.5280171632766724 -18.477294921875 -0.014306091703474522 0.9988919496536255 -0.04483511671423912 -3.0140798091888428 0.5279493927955627 0.04562584310770035 0.8480493426322937 45.67087173461914
0.8430874943733215 -0.015461581759154797 -0.537554144859314 -19.049612045288086 -0.012338632717728615 0.9987673163414001 -0.04807901009917259 -3.073390007019043 0.5376349091529846 0.04716748371720314 0.8418574333190918 46.570648193359375
0.836976170539856 -0.015460871160030365 -0.5470209717750549 -19.63844871520996 -0.012508806772530079 0.9987991452217102 -0.04736907780170441 -3.13228440284729 0.5470964312553406 0.04648936167359352 0.8357776403427124 47.458778381347656
0.8310409188270569 -0.012109593488276005 -0.5560793280601501 -20.23927879333496 -0.01368335448205471 0.9990152716636658 -0.04220458120107651 -3.196309804916382 0.5560427904129028 0.042682770639657974 0.8300569653511047 48.3465461730957
0.8259663581848145 -0.007181795313954353 -0.5636736154556274 -20.852890014648438 -0.017180923372507095 0.9991336464881897 -0.03790569305419922 -3.253622055053711 0.5634574890136719 0.040993258357048035 0.8251274228096008 49.224205017089844
0.8221474885940552 -0.006685873493552208 -0.5692351460456848 -21.47022819519043 -0.01897498220205307 0.9990534782409668 -0.03913985565304756 -3.309095859527588 0.568958044052124 0.04297996684908867 0.82124263048172 50.082637786865234
0.8181813955307007 -0.010221571661531925 -0.5748692750930786 -22.085031509399414 -0.01791667938232422 0.9989031553268433 -0.043261054903268814 -3.371769428253174 0.5746809840202332 0.045695140957832336 0.8171007633209229 50.97724533081055
0.8152129054069519 -0.012424951419234276 -0.5790282487869263 -22.71383285522461 -0.020632345229387283 0.9985122084617615 -0.05047459527850151 -3.428805351257324 0.5787939429283142 0.053094249218702316 0.8137435913085938 51.8452033996582
0.8119394779205322 -0.013284887187182903 -0.5835903882980347 -23.35060691833496 -0.02096250280737877 0.9984325766563416 -0.051893144845962524 -3.4929397106170654 0.5833651423454285 0.05436761677265167 0.8103883266448975 52.7247200012207
0.8086360692977905 -0.011786133050918579 -0.5881910920143127 -23.99077606201172 -0.020260367542505264 0.9986483454704285 -0.047864481806755066 -3.557920217514038 0.5879603028297424 0.050621919333934784 0.8073042631149292 53.5844612121582
0.805470883846283 -0.009189952164888382 -0.5925641655921936 -24.62558364868164 -0.020210392773151398 0.9988722205162048 -0.04296322539448738 -3.614932060241699 0.5922908186912537 0.046581584960222244 0.8043767213821411 54.42823028564453
0.8025649785995483 -0.006701972801238298 -0.596527099609375 -25.273672103881836 -0.02118861675262451 0.998985767364502 -0.03973066434264183 -3.6766467094421387 0.5961883068084717 0.04452602565288544 0.8016089797019958 55.29077911376953
0.7996233701705933 -0.006161967758089304 -0.6004703044891357 -25.930814743041992 -0.022704599425196648 0.9989221692085266 -0.040485698729753494 -3.725494861602783 0.6000723838806152 0.04600674286484718 0.7986215949058533 56.1475830078125
0.7959453463554382 -0.007399612572044134 -0.6053232550621033 -26.592483520507812 -0.022715501487255096 0.9988560080528259 -0.04207908734679222 -3.783287525177002 0.6049421429634094 0.047242872416973114 0.7948667407035828 57.00264358520508
0.7915804386138916 -0.0104757621884346 -0.6109751462936401 -27.249746322631836 -0.021547438576817513 0.9987527132034302 -0.045041490346193314 -3.834674119949341 0.6106849312782288 0.04881890490651131 0.7903674244880676 57.86760330200195
0.787487268447876 -0.011472894810140133 -0.6162241697311401 -27.90573501586914 -0.02097429148852825 0.998748779296875 -0.045398302376270294 -3.894374370574951 0.6159738898277283 0.048675451427698135 0.7862613201141357 58.69023895263672
0.7830146551132202 -0.011981897987425327 -0.6218878626823425 -28.58611297607422 -0.019665325060486794 0.9988377094268799 -0.044005051255226135 -3.9623336791992188 0.6216922998428345 0.04668622836470604 0.7818689346313477 59.53028106689453
0.7782763838768005 -0.011568248271942139 -0.627815306186676 -29.275236129760742 -0.019839810207486153 0.9988780617713928 -0.04300009831786156 -4.021600723266602 0.6276084184646606 0.045921698212623596 0.777173638343811 60.36589431762695
0.7726536989212036 -0.012907461263239384 -0.6346966028213501 -29.964553833007812 -0.019548535346984863 0.9988354444503784 -0.04411033168435097 -4.082922458648682 0.6345267295837402 0.046489398926496506 0.7715014815330505 61.216426849365234
0.7671140432357788 -0.014815972186625004 -0.6413394808769226 -30.6640682220459 -0.01803586445748806 0.9988399147987366 -0.04464772343635559 -4.154072284698486 0.6412569880485535 0.04581701382994652 0.7659569382667542 62.042198181152344
0.7614558935165405 -0.015974074602127075 -0.6480197906494141 -31.372539520263672 -0.017454395070672035 0.9988285303115845 -0.045131515711545944 -4.214674949645996 0.647981584072113 0.04567645490169525 0.7602851390838623 62.87101364135742
0.7558136582374573 -0.01756080985069275 -0.6545512676239014 -32.0976448059082 -0.017037739977240562 0.998774528503418 -0.04646944999694824 -4.277693271636963 0.6545650959014893 0.046274326741695404 0.7545880675315857 63.70005416870117
0.74979567527771 -0.01939200609922409 -0.6613852977752686 -32.828697204589844 -0.01679239608347416 0.9986908435821533 -0.048319004476070404 -4.331409931182861 0.6614563465118408 0.04733562842011452 0.7484883069992065 64.52342987060547
0.7433515191078186 -0.02081204205751419 -0.6685771346092224 -33.57408142089844 -0.015067645348608494 0.9987412095069885 -0.04784249886870384 -4.403409004211426 0.6687312722206116 0.04563767835497856 0.7421022057533264 65.3472900390625
0.7369301915168762 -0.020539134740829468 -0.6756567358970642 -34.33254623413086 -0.01441931538283825 0.998833179473877 -0.046090267598629 -4.468744277954102 0.6758149862289429 0.043707821518182755 0.7357742190361023 66.1734390258789
0.7305275201797485 -0.02108526974916458 -0.6825576424598694 -35.09937286376953 -0.01356895174831152 0.9988775849342346 -0.04537946358323097 -4.527266025543213 0.6827484369277954 0.042412541806697845 0.7294214963912964 66.97611236572266
0.723862886428833 -0.02287479117512703 -0.68956458568573 -35.85934829711914 -0.012572910636663437 0.9988468885421753 -0.04633283242583275 -4.590212821960449 0.6898293495178223 0.04220845177769661 0.722740650177002 67.77801513671875
0.7170477509498596 -0.025543678551912308 -0.6965559720993042 -36.641326904296875 -0.011036723852157593 0.9987869262695312 -0.047988325357437134 -4.6501336097717285 0.6969366669654846 0.042097609490156174 0.7158958911895752 68.59284973144531
0.711288332939148 -0.024843290448188782 -0.7024612426757812 -37.44807434082031 -0.012529403902590275 0.9987683296203613 -0.04800935089588165 -4.711404323577881 0.7027887105941772 0.04294991120696068 0.7101009488105774 69.38587951660156
0.7055114507675171 -0.02457978017628193 -0.7082721590995789 -38.263343811035156 -0.012456745840609074 0.9988138675689697 -0.04707089439034462 -4.775767803192139 0.7085890769958496 0.04203181713819504 0.7043683528900146 70.19425201416016
0.7007309198379517 -0.024175671860575676 -0.7130159735679626 -39.080753326416016 -0.01324586383998394 0.9988125562667847 -0.046883586794137955 -4.840097427368164 0.713302731513977 0.04229728877544403 0.6995784640312195 70.98539733886719
0.6955663561820984 -0.02479451894760132 -0.7180339694023132 -39.91009521484375 -0.014046158641576767 0.998744010925293 -0.04809439554810524 -4.90079402923584 0.718324601650238 0.04353845864534378 0.6943444013595581 71.78622436523438
0.6900780200958252 -0.027009330689907074 -0.7232307195663452 -40.74074935913086 -0.014091419987380505 0.9986125230789185 -0.050739046186208725 -4.9751667976379395 0.7235978245735168 0.0452052541077137 0.6887400150299072 72.57305145263672
0.6851884126663208 -0.029927140101790428 -0.7277507185935974 -41.58804702758789 -0.012507244013249874 0.9985247850418091 -0.052837882190942764 -5.045109748840332 0.728258490562439 0.04530605673789978 0.6838033199310303 73.35887908935547
0.6799111366271973 -0.029999807476997375 -0.7326805591583252 -42.444297790527344 -0.01401336770504713 0.9984487891197205 -0.053885847330093384 -5.117681503295898 0.7331605553627014 0.04690491035580635 0.6784360408782959 74.15323638916016
0.675022304058075 -0.029497995972633362 -0.7372074127197266 -43.311004638671875 -0.01349740568548441 0.9985394477844238 -0.05231357365846634 -5.191924571990967 0.7376738786697388 0.04526321217417717 0.6736382246017456 74.93866729736328
0.6694292426109314 -0.030034847557544708 -0.742268443107605 -44.18345260620117 -0.012306957505643368 0.9985968470573425 -0.05150609090924263 -5.261481285095215 0.7427738904953003 0.04361474886536598 0.668120265007019 75.73294067382812
0.6642479300498962 -0.03132084384560585 -0.7468559741973877 -45.062835693359375 -0.011752873659133911 0.9985607266426086 -0.05232948064804077 -5.330854892730713 0.747420072555542 0.043537452816963196 0.6629236340522766 76.51119995117188
0.6594143509864807 -0.03205234929919243 -0.7510960698127747 -45.96332550048828 -0.010978545062243938 0.9985736012458801 -0.05225168168544769 -5.4045844078063965 0.7516994476318359 0.04270145669579506 0.6581218838691711 77.29251098632812
0.6548227071762085 -0.03336391597986221 -0.7550457715988159 -46.85467529296875 -0.009187581017613411 0.9985999464988708 -0.05209411680698395 -5.474006652832031 0.7557266354560852 0.04104945808649063 0.6535993814468384 78.07227325439453
0.6510887145996094 -0.033624500036239624 -0.7582564353942871 -47.77421951293945 -0.008732601068913937 0.9986202716827393 -0.051781684160232544 -5.552294731140137 0.7589514255523682 0.04033602401614189 0.6498966813087463 78.8365249633789
0.647516667842865 -0.0361604318022728 -0.7611929178237915 -48.67451477050781 -0.006660251412540674 0.9985669255256653 -0.05310247838497162 -5.623227596282959 0.7620221972465515 0.039454471319913864 0.6463478207588196 79.58792114257812
0.6428824067115784 -0.04093917831778526 -0.7648699879646301 -49.60185241699219 -0.003212758805602789 0.9984177350997925 -0.056140027940273285 -5.703786373138428 0.7659581899642944 0.038548778742551804 0.6417335867881775 80.37380981445312
0.6385084390640259 -0.04531526193022728 -0.7682795524597168 -50.52077102661133 0.0010676110396161675 0.99831622838974 -0.05799618735909462 -5.774913311004639 0.7696141600608826 0.03621082380414009 0.637481689453125 81.13208770751953
0.6313874125480652 -0.048741891980171204 -0.7739340662956238 -51.458900451660156 0.0057650404050946236 0.9982901215553284 -0.05816848948597908 -5.853970050811768 0.7754459977149963 0.03226509690284729 0.6305888891220093 81.9094009399414
0.622721791267395 -0.052568692713975906 -0.7806754112243652 -52.39750289916992 0.010641605593264103 0.9982171654701233 -0.05872892588376999 -5.936191558837891 0.7823709845542908 0.028264140710234642 0.6221710443496704 82.66302490234375
0.6138522028923035 -0.05354664847254753 -0.7876029014587402 -53.35551452636719 0.013768336735665798 0.9982713460922241 -0.05713839456439018 -6.020452499389648 0.7893009185791016 0.02423054724931717 0.6135283708572388 83.40193939208984
0.604663610458374 -0.051833413541316986 -0.7947925329208374 -54.330467224121094 0.014123531989753246 0.9984211325645447 -0.054368384182453156 -6.102712631225586 0.7963557243347168 0.021649304777383804 0.6044410467147827 84.14727783203125
0.5960314273834229 -0.05160040408372879 -0.8013014197349548 -55.30861282348633 0.013583065010607243 0.9984381794929504 -0.05419169366359711 -6.185159683227539 0.8028461933135986 0.021415822207927704 0.5958014130592346 84.85704040527344
0.5867088437080383 -0.05303271859884262 -0.808059573173523 -56.3055419921875 0.012758995406329632 0.9983348250389099 -0.0562564954161644 -6.26162052154541 0.8096973896026611 0.022696156054735184 0.5864084959030151 85.57575225830078
0.5765746831893921 -0.05506199225783348 -0.8151869773864746 -57.3007926940918 0.012943265959620476 0.9982168674468994 -0.058270130306482315 -6.342754364013672 0.8169419765472412 0.023045899346470833 0.5762592554092407 86.2818603515625
0.5670151114463806 -0.05730980262160301 -0.8217113614082336 -58.34021759033203 0.013600611127912998 0.9980920553207397 -0.06022639572620392 -6.416150093078613 0.8235951066017151 0.022973492741584778 0.5667126774787903 86.9749755859375
0.5566494464874268 -0.057538073509931564 -0.8287525177001953 -59.36297607421875 0.016428034752607346 0.9981658458709717 -0.058265745639801025 -6.516323089599609 0.8305849432945251 0.018818823620676994 0.5565738081932068 87.6678695678711
0.5473284721374512 -0.05756339803338051 -0.8349359631538391 -60.41496276855469 0.017282474786043167 0.9981964230537415 -0.05748991295695305 -6.598322868347168 0.8367394208908081 0.017036106437444687 0.547336220741272 88.33573913574219
0.5363115668296814 -0.05832948908209801 -0.8420021533966064 -61.46141052246094 0.017172235995531082 0.9981566667556763 -0.05820923671126366 -6.679574966430664 0.8438453078269958 0.016759224236011505 0.5363246202468872 89.01473999023438
0.5253356695175171 -0.058987196534872055 -0.8488479852676392 -62.51221466064453 0.016921188682317734 0.9981211423873901 -0.05888812616467476 -6.773694038391113 0.8507267832756042 0.01657252199947834 0.5253468155860901 89.67587280273438
0.5151742696762085 -0.05948048457503319 -0.8550189733505249 -63.58599090576172 0.015445289202034473 0.9980712532997131 -0.06012585759162903 -6.857929706573486 0.8569462299346924 0.017769282683730125 0.5150994062423706 90.32144927978516
0.5057585835456848 -0.06051000952720642 -0.8605502247810364 -64.67027282714844 0.01441069133579731 0.9979903697967529 -0.06170479953289032 -6.94797945022583 0.8625547289848328 0.018806612119078636 0.5056142210960388 90.94216918945312
0.496015340089798 -0.05985429510474205 -0.8662484884262085 -65.75422668457031 0.013277929276227951 0.998027503490448 -0.061356741935014725 -7.044994354248047 0.8682122230529785 0.018931904807686806 0.49583181738853455 91.55744171142578
0.4874419569969177 -0.05773269012570381 -0.8712447285652161 -66.87373352050781 0.012648576870560646 0.9981738328933716 -0.059067003428936005 -7.135142803192139 0.8730637431144714 0.017771730199456215 0.48728203773498535 92.17495727539062
0.47891363501548767 -0.05674872547388077 -0.876025915145874 -67.99195861816406 0.013687739148736 0.9982696771621704 -0.057184718549251556 -7.217260837554932 0.8777554035186768 0.015395726077258587 0.47886180877685547 92.79662322998047
0.4715532064437866 -0.05654263123869896 -0.8800230026245117 -69.07584381103516 0.013277007266879082 0.9982843399047852 -0.0570266917347908 -7.307400226593018 0.8817376494407654 0.015207049436867237 0.47149497270584106 93.35800170898438
0.4635887145996094 -0.06009899079799652 -0.8840100169181824 -70.2073974609375 0.015449516475200653 0.9980935454368591 -0.05975295230746269 -7.391117095947266 0.8859158754348755 0.014043263159692287 0.4636334776878357 93.95452117919922
0.4565770626068115 -0.06356151401996613 -0.8874105215072632 -71.34248352050781 0.01774933934211731 0.9978969097137451 -0.06234307214617729 -7.476642608642578 0.8895068168640137 0.012713465839624405 0.4567450284957886 94.5323486328125
0.45030540227890015 -0.06616970151662827 -0.8904193639755249 -72.4553451538086 0.019363969564437866 0.9977393746376038 -0.06435216963291168 -7.576300144195557 0.8926646113395691 0.011736077256500721 0.4505687355995178 95.10765075683594
0.4448090195655823 -0.06953959912061691 -0.8929216861724854 -73.60025024414062 0.021707158535718918 0.9975253343582153 -0.06687256693840027 -7.679469108581543 0.895362377166748 0.010362733155488968 0.4452178180217743 95.67735290527344
0.4399949908256531 -0.07060502469539642 -0.8952202796936035 -74.740966796875 0.02476373128592968 0.9974790811538696 -0.06649885326623917 -7.782003402709961 0.8976587057113647 0.007090179715305567 0.44063428044319153 96.23616027832031
0.43573275208473206 -0.0678577646613121 -0.8975145816802979 -75.89059448242188 0.026202747598290443 0.9976876974105835 -0.06271036714315414 -7.881164073944092 0.8996946215629578 0.0038076152559369802 0.43650326132774353 96.79688262939453
0.4316447377204895 -0.06618235260248184 -0.899612545967102 -77.03572845458984 0.02970839850604534 0.9978069067001343 -0.059151824563741684 -7.980587959289551 0.9015543460845947 -0.0011934691574424505 0.43266430497169495 97.35060119628906
0.42854705452919006 -0.06566430628299713 -0.901130199432373 -78.16558837890625 0.03027520328760147 0.9978391528129578 -0.058313511312007904 -8.06480598449707 0.9030120968818665 -0.0022918127942830324 0.4296090304851532 97.88340759277344
0.42570504546165466 -0.06570357829332352 -0.9024733901023865 -79.29534149169922 0.03206312656402588 0.997829258441925 -0.057521380484104156 -8.152853965759277 0.9042937755584717 -0.004448977764695883 0.426887571811676 98.41458129882812
0.4232451617717743 -0.06399110704660416 -0.9037525057792664 -80.4277572631836 0.03317245841026306 0.9979283213615417 -0.05512400344014168 -8.25411605834961 0.9054076671600342 -0.006648724433034658 0.42449110746383667 98.93990325927734
0.4209578335285187 -0.06395421177148819 -0.904822826385498 -81.55929565429688 0.03563587740063667 0.997907280921936 -0.05395440384745598 -8.328583717346191 0.9063798785209656 -0.009531625546514988 0.4223559498786926 99.46238708496094
0.4186108410358429 -0.06531877815723419 -0.9058136940002441 -82.69066619873047 0.03830017149448395 0.9977925419807434 -0.05425145849585533 -8.40929889678955 0.9073576927185059 -0.011982565745711327 0.4201885461807251 99.98963165283203
0.4158051013946533 -0.0654597133398056 -0.9070948958396912 -83.78341674804688 0.04019957035779953 0.9977542757987976 -0.05357491597533226 -8.492416381835938 0.9085648655891418 -0.014188101515173912 0.4175027906894684 100.505615234375
0.41363081336021423 -0.06473392993211746 -0.9081404805183411 -84.89231872558594 0.04356299340724945 0.9977338314056396 -0.05127866193652153 -8.57177448272705 0.9094018340110779 -0.018350886180996895 0.4155134856700897 101.0179214477539
0.4113280475139618 -0.06419439613819122 -0.9092239737510681 -85.99807739257812 0.04555409029126167 0.997718095779419 -0.04983397573232651 -8.653664588928223 0.9103482961654663 -0.02092076651751995 0.41331371665000916 101.51850891113281
0.40971171855926514 -0.06593772023916245 -0.9098288416862488 -87.0943374633789 0.04811445251107216 0.9975578784942627 -0.050628911703825 -8.728857040405273 0.9109452962875366 -0.023032663390040398 0.411883682012558 102.0112533569336
0.4083159267902374 -0.06609990447759628 -0.9104442596435547 -88.16638946533203 0.049121417105197906 0.9975207448005676 -0.05039185285568237 -8.824843406677246 0.9115179777145386 -0.02414652518928051 0.4105505347251892 102.49822235107422
0.40786269307136536 -0.06717146933078766 -0.9105690717697144 -89.2378921508789 0.048596348613500595 0.9974735975265503 -0.05181499943137169 -8.904754638671875 0.9117490649223328 -0.023116927593946457 0.41009652614593506 102.97196197509766
0.4080079197883606 -0.06758040934801102 -0.910473644733429 -90.28456115722656 0.04826642945408821 0.9974586367607117 -0.05240741744637489 -8.990562438964844 0.9117016196250916 -0.022562675178050995 0.41023287177085876 103.45403289794922
0.4101381003856659 -0.06773220002651215 -0.9095048308372498 -91.33956146240234 0.04636380076408386 0.9974974393844604 -0.053377553820610046 -9.069217681884766 0.9108442068099976 -0.02027592621743679 0.4122520387172699 103.92599487304688
0.4144859313964844 -0.06780701875686646 -0.9075261354446411 -92.37439727783203 0.04416535794734955 0.9975441098213196 -0.054361600428819656 -9.14926528930664 0.9089834690093994 -0.017549093812704086 0.4164627194404602 104.39673614501953
0.42035260796546936 -0.06797538697719574 -0.9048110842704773 -93.41957092285156 0.04245833307504654 0.9975711107254028 -0.05521906167268753 -9.234371185302734 0.9063669443130493 -0.01520528830587864 0.4222177565097809 104.85662078857422
0.4254109859466553 -0.06844589114189148 -0.902408242225647 -94.428466796875 0.04272821545600891 0.9975429773330688 -0.05551883950829506 -9.313894271850586 0.9039910435676575 -0.014939970336854458 0.42729029059410095 105.3445053100586
0.43227294087409973 -0.0671943947672844 -0.8992357850074768 -95.43648529052734 0.041388023644685745 0.9976472854614258 -0.0546523854136467 -9.390515327453613 0.9007924795150757 -0.013592845760285854 0.4340369999408722 105.82938385009766
0.4406391382217407 -0.06541546434164047 -0.8952977061271667 -96.44994354248047 0.04025338590145111 0.9977779984474182 -0.053091712296009064 -9.473031997680664 0.8967813849449158 -0.012644481845200062 0.4422932267189026 106.3125228881836
0.44983571767807007 -0.0654277428984642 -0.8907116055488586 -97.42274475097656 0.03960235044360161 0.9977933168411255 -0.0532931387424469 -9.54587459564209 0.8922327756881714 -0.011301116086542606 0.45143425464630127 106.79537200927734
0.45928314328193665 -0.06489492207765579 -0.8859162330627441 -98.40965270996094 0.03868936374783516 0.9978427886962891 -0.05303611606359482 -9.619309425354004 0.887446939945221 -0.009916936047375202 0.4608031213283539 107.30077362060547
0.46866506338119507 -0.06503018736839294 -0.880979061126709 -99.38459014892578 0.0372278094291687 0.9978546500205994 -0.05385292321443558 -9.701606750488281 0.8825910687446594 -0.0075579360127449036 0.47008055448532104 107.82227325439453
0.4795299470424652 -0.06701415777206421 -0.8749629259109497 -100.3524398803711 0.03578177094459534 0.9977437257766724 -0.05680757388472557 -9.772354125976562 0.8767955899238586 -0.004066793713718653 0.48084592819213867 108.34247589111328
0.4911365211009979 -0.06781676411628723 -0.868438720703125 -101.31050109863281 0.03390905261039734 0.997697651386261 -0.05873372405767441 -9.847996711730957 0.8704223036766052 -0.0006016559200361371 0.49230536818504333 108.87747955322266
0.5039945840835571 -0.06595809012651443 -0.8611846566200256 -102.26679992675781 0.03173520043492317 0.9978207945823669 -0.057850513607263565 -9.929624557495117 0.8631235361099243 0.0018264768877997994 0.504989504814148 109.42108917236328
0.517316460609436 -0.06331189721822739 -0.8534489870071411 -103.2079849243164 0.029915913939476013 0.9979879856109619 -0.05590084567666054 -10.006026268005371 0.85527104139328 0.003386726137250662 0.5181697607040405 109.97062683105469
0.5290851593017578 -0.06079798936843872 -0.8463878035545349 -104.11725616455078 0.029555544257164 0.9981451630592346 -0.05322360247373581 -10.092388153076172 0.8480537533760071 0.0031443701591342688 0.5299007892608643 110.54421997070312
0.5409318208694458 -0.06045692414045334 -0.8388906717300415 -105.03208923339844 0.02987034060060978 0.9981648921966553 -0.052674513310194016 -10.163061141967773 0.8405357599258423 0.0034353681840002537 0.5417450070381165 111.12865447998047
