1.0 0.0 0.0 0.0 0.0 1.0 0.0 0.0 0.0 0.0 1.0 0.0
0.9998737573623657 0.0014874085318297148 0.015819737687706947 0.010572772473096848 -0.0014728916576132178 0.9999985098838806 -0.0009292559116147459 -0.0033909159246832132 -0.015821095556020737 0.0009058378636837006 0.9998744130134583 0.12626764178276062
0.9992924928665161 0.004320097621530294 0.037361521273851395 0.02730609104037285 -0.004308235365897417 0.9999906420707703 -0.0003979963657911867 -0.004817234817892313 -0.03736289218068123 0.000236752544878982 0.9993017315864563 0.2726467549800873
0.9978944659233093 0.005981226451694965 0.06458189338445663 0.05619293451309204 -0.006057255435734987 0.999981164932251 0.0009815110825002193 -0.004833436571061611 -0.06457480788230896 -0.0013706334866583347 0.9979119300842285 0.4361713230609894
0.9951307773590088 0.005708638112992048 0.0983978658914566 0.1028268039226532 -0.006055647507309914 0.9999764561653137 0.003228285815566778 -0.004376656841486692 -0.09837712347507477 -0.003808429231867194 0.995141863822937 0.6079722046852112
0.9906295537948608 0.0026373271830379963 0.13655059039592743 0.16368025541305542 -0.0033819801174104214 0.9999805688858032 0.005221606232225895 -0.005844155792146921 -0.1365341693162918 -0.005634489469230175 0.9906193614006042 0.7910494208335876
0.9843428730964661 -0.00012691377196460962 0.17626461386680603 0.23676377534866333 -0.0008480141405016184 0.9999846816062927 0.005455707665532827 -0.004870320670306683 -0.17626264691352844 -0.005519762169569731 0.9843276739120483 0.9868850708007812
0.9755561947822571 -0.0003889916115440428 0.21974971890449524 0.3196059465408325 -0.0010972520103678107 0.9999773502349854 0.0066412524320185184 -0.0011529866605997086 -0.219747394323349 -0.00672003673389554 0.975533664226532 1.1910829544067383
0.963371753692627 -0.00021697752526961267 0.2681690752506256 0.41170114278793335 -0.00242179399356246 0.9999517798423767 0.0095091313123703 0.0016262922435998917 -0.2681582570075989 -0.009810280054807663 0.9633249044418335 1.4081493616104126
0.9489157795906067 -0.0036660071928054094 0.3155081272125244 0.5279833078384399 -0.0016670656623318791 0.9998602867126465 0.016631579026579857 -0.0025888271629810333 -0.315525084733963 -0.01630794070661068 0.9487770199775696 1.6179280281066895
0.9319146275520325 -0.013172225095331669 0.36243852972984314 0.6689208149909973 0.0045270067639648914 0.9996848106384277 0.024691887199878693 -0.00710393488407135 -0.362649530172348 -0.021369969472289085 0.9316805601119995 1.827813744544983
0.9105684757232666 -0.0183138195425272 0.412952184677124 0.8241913914680481 0.00701703829690814 0.9995588660240173 0.02885625511407852 -0.00475301593542099 -0.41329848766326904 -0.02337789535522461 0.9102954268455505 2.050733804702759
0.8850215673446655 -0.019589483737945557 0.46513766050338745 0.9918637275695801 0.004942307248711586 0.9994532465934753 0.03268865868449211 0.0003458783030509949 -0.46552377939224243 -0.026631314307451248 0.8846346735954285 2.282682180404663
0.8567537069320679 -0.021836865693330765 0.5152632594108582 1.1696099042892456 0.0030048962216824293 0.999297559261322 0.037353865802288055 0.001188419759273529 -0.5157170295715332 -0.030454743653535843 0.8562175035476685 2.486618757247925
0.8242231011390686 -0.026251062750816345 0.5656563639640808 1.373387336730957 0.003434143727645278 0.9991381168365479 0.041364237666130066 0.00894368439912796 -0.5662547945976257 -0.03215080872178078 0.8236029744148254 2.70426607131958
0.7880425453186035 -0.03213997557759285 0.6147811412811279 1.6003835201263428 0.005644753109663725 0.9989714622497559 0.044989366084337234 0.009664475917816162 -0.6155948638916016 -0.03198324143886566 0.7874134182929993 2.916891574859619
0.7496452331542969 -0.03598877042531967 0.660860538482666 1.8486292362213135 0.0061153508722782135 0.9988544583320618 0.04745811969041824 0.01831817626953125 -0.6618115901947021 -0.03153535723686218 0.7490066885948181 3.1313397884368896
0.7095632553100586 -0.03910383954644203 0.7035558223724365 2.1106371879577637 0.007076400797814131 0.9988040924072266 0.04837698116898537 0.029886797070503235 -0.7046061754226685 -0.02934788353741169 0.7089913487434387 3.3306593894958496
0.6671342849731445 -0.0409151092171669 0.7438129782676697 2.4122252464294434 0.0060432180762290955 0.9987549781799316 0.04951853305101395 0.04424649477005005 -0.7449129819869995 -0.028540490195155144 0.6665509343147278 3.552685260772705
0.6241849660873413 -0.04043810814619064 0.780229389667511 2.7199909687042236 0.0003968684177380055 0.9986758232116699 0.051442358642816544 0.061731770634651184 -0.7812764644622803 -0.03179990127682686 0.6233745217323303 3.767089605331421
0.5822604298591614 -0.04088503494858742 0.8119736909866333 3.071434497833252 -0.0028467692900449038 0.9986259341239929 0.05232487991452217 0.0789697915315628 -0.8129973411560059 -0.03277820348739624 0.581343948841095 3.977231979370117
0.5419727563858032 -0.04205937311053276 0.8393429517745972 3.4448156356811523 -0.00425040815025568 0.9985969066619873 0.05278410390019417 0.10133948922157288 -0.8403853178024292 -0.03217509761452675 0.5410335659980774 4.1839213371276855
0.5027943253517151 -0.04407726600766182 0.8632815480232239 3.852290630340576 -0.006146624684333801 0.9984914660453796 0.054560720920562744 0.11948585510253906 -0.8643841743469238 -0.03273908421397209 0.5017649531364441 4.394321441650391
0.4656589925289154 -0.043853066861629486 0.8838770389556885 4.283831596374512 -0.009236210957169533 0.9984762668609619 0.05440481752157211 0.1363186240196228 -0.8849160075187683 -0.03349776938557625 0.46454447507858276 4.59185266494751
0.42891478538513184 -0.04300211742520332 0.9023208618164062 4.747200012207031 -0.01048863772302866 0.9985619187355042 0.052574437111616135 0.15735922753810883 -0.9032840728759766 -0.03201407566666603 0.4278469681739807 4.78792667388916
0.3951636552810669 -0.04149698466062546 0.9176729321479797 5.239092826843262 -0.008989538997411728 0.9987567067146301 0.04903459921479225 0.1835804581642151 -0.9185667037963867 -0.02762615494430065 0.39429932832717896 4.970832824707031
0.36620032787323 -0.039627887308597565 0.9296918511390686 5.7612738609313965 -0.006745097693055868 0.9989535212516785 0.04523700475692749 0.2070779651403427 -0.9305115938186646 -0.02283666469156742 0.36554980278015137 5.1410908699035645
0.3412257730960846 -0.037974901497364044 0.9392139315605164 6.31048583984375 -0.005628588609397411 0.9990831613540649 0.04244048893451691 0.2285802662372589 -0.9399644136428833 -0.019768238067626953 0.340699166059494 5.315208435058594
0.3208650052547455 -0.0373988039791584 0.9463862776756287 6.876275062561035 -0.004266504198312759 0.9991528987884521 0.04093053191900253 0.2539295554161072 -0.9471153616905212 -0.017170937731862068 0.3204335570335388 5.494006156921387
0.30581995844841003 -0.03782189264893532 0.9513378143310547 7.484277725219727 -0.0036120470613241196 0.9991573095321655 0.04088417813181877 0.2778804302215576 -0.9520825147628784 -0.015939468517899513 0.3054257035255432 5.690267562866211
0.294444739818573 -0.039087697863578796 0.9548688530921936 8.109659194946289 -0.002814178355038166 0.9991233944892883 0.041767049580812454 0.3040851056575775 -0.9556643962860107 -0.01498525869101286 0.2940766513347626 5.871774673461914
0.28371572494506836 -0.04071797803044319 0.9580435752868652 8.775388717651367 -0.004056207835674286 0.9990381002426147 0.04366150498390198 0.33297428488731384 -0.9588997960090637 -0.01627347804605961 0.2832776606082916 6.0596418380737305
0.2731800675392151 -0.042572323232889175 0.9610203504562378 9.447718620300293 -0.005416896194219589 0.9989362359046936 0.04579177126288414 0.3543253242969513 -0.9619476795196533 -0.017715146765112877 0.2726588547229767 6.254969120025635
0.2632354497909546 -0.04424668475985527 0.9637163281440735 10.148902893066406 -0.006440356373786926 0.9988448619842529 0.04761868715286255 0.3820588290691376 -0.9647101759910583 -0.018741605803370476 0.2626463770866394 6.444322109222412
0.2532425820827484 -0.046274032443761826 0.9662954211235046 10.864158630371094 -0.007143096067011356 0.998738706111908 0.04969970881938934 0.4126876890659332 -0.9673764109611511 -0.019488422200083733 0.25259262323379517 6.625147819519043
0.24289730191230774 -0.04729273542761803 0.9688984155654907 11.619447708129883 -0.007396885193884373 0.9986915588378906 0.050601303577423096 0.45130783319473267 -0.9700237512588501 -0.019457750022411346 0.242229625582695 6.8100786209106445
0.23242051899433136 -0.04866117611527443 0.971397340297699 12.376924514770508 -0.007263968698680401 0.9986330270767212 0.05176352337002754 0.48347604274749756 -0.9725882411003113 -0.01908710226416588 0.23174931108951569 6.989814758300781
0.2220403403043747 -0.05155367776751518 0.9736735820770264 13.160377502441406 -0.00869318563491106 0.9984568953514099 0.05484830588102341 0.5176979303359985 -0.9749987721443176 -0.02064286358654499 0.22124949097633362 7.169046401977539
0.21037213504314423 -0.054891131818294525 0.9760791659355164 13.961531639099121 -0.010541243478655815 0.9982370734214783 0.05840914323925972 0.5534595251083374 -0.9775646924972534 -0.022576741874217987 0.20942260324954987 7.351268768310547
0.1981816291809082 -0.05884817987680435 0.9783970713615417 14.75866413116455 -0.011451244354248047 0.9979888796806335 0.06234610825777054 0.5873086452484131 -0.9800984859466553 -0.02355971559882164 0.1971091479063034 7.509918212890625
0.18504199385643005 -0.060793712735176086 0.9808483719825745 15.55642318725586 -0.012352176941931248 0.9978619813919067 0.06417853385210037 0.6270211935043335 -0.9826529622077942 -0.023991338908672333 0.18389543890953064 7.661867141723633
0.17108000814914703 -0.06144000217318535 0.9833396077156067 16.378257751464844 -0.012737792916595936 0.9978324174880981 0.0645616352558136 0.6662729978561401 -0.9851747155189514 -0.02357078343629837 0.16992658376693726 7.807010650634766
0.15635913610458374 -0.060573872178792953 0.9858410358428955 17.194353103637695 -0.014198267832398415 0.9978766441345215 0.06356529891490936 0.7035317420959473 -0.987598180770874 -0.023936249315738678 0.15516707301139832 7.9385528564453125
0.1403890699148178 -0.059352535754442215 0.988315761089325 18.012035369873047 -0.0149399284273386 0.9979609847068787 0.06205395609140396 0.7409974336624146 -0.9899836778640747 -0.023477062582969666 0.1392160803079605 8.044157028198242
0.11964622139930725 -0.057764533907175064 0.9911347031593323 18.832666397094727 -0.017833586782217026 0.9980198740959167 0.060318607836961746 0.7777001857757568 -0.992656409740448 -0.024892378598451614 0.11837916076183319 8.143957138061523
0.09372314810752869 -0.05645640939474106 0.9939964413642883 19.653289794921875 -0.022068282589316368 0.9980278015136719 0.0587662048637867 0.8105217814445496 -0.9953536987304688 -0.02744354121387005 0.0922924056649208 8.231605529785156
0.06332672387361526 -0.05617086589336395 0.9964108467102051 20.492263793945312 -0.025946984067559242 0.9979846477508545 0.057908639311790466 0.8444580435752869 -0.9976555109024048 -0.029521021991968155 0.06174160912632942 8.279664993286133
0.02997005730867386 -0.05598023161292076 0.9979819655418396 21.337890625 -0.028685517609119415 0.9979709982872009 0.05684106424450874 0.876262903213501 -0.9991390705108643 -0.030331160873174667 0.028303436934947968 8.299742698669434
-0.0037065669894218445 -0.05580669268965721 0.9984347820281982 22.179096221923828 -0.030132057145237923 0.9979943633079529 0.055670224130153656 0.9028018712997437 -0.9995390176773071 -0.02987854741513729 -0.005380697548389435 8.280029296875
-0.03786032646894455 -0.054767731577157974 0.9977810978889465 23.005783081054688 -0.03049783781170845 0.9980951547622681 0.05362774431705475 0.9291591644287109 -0.9988175630569458 -0.02839980274438858 -0.0394584983587265 8.243850708007812
-0.0717766061425209 -0.052214011549949646 0.9960530996322632 23.892208099365234 -0.033961545675992966 0.9981776475906372 0.04987809434533119 0.9627840518951416 -0.9968423843383789 -0.03024742193520069 -0.07341907918453217 8.191975593566895
-0.1047975942492485 -0.04923192039132118 0.9932742118835449 24.743093490600586 -0.036249201744794846 0.9982991814613342 0.04565643519163132 0.9892833828926086 -0.9938327670097351 -0.03122071363031864 -0.10640399158000946 8.102720260620117
-0.1370784491300583 -0.044797345995903015 0.9895466566085815 25.577558517456055 -0.03284274786710739 0.9986331462860107 0.040659099817276 1.0058059692382812 -0.9900155067443848 -0.02692594565451145 -0.13836237788200378 7.973315715789795
-0.16855505108833313 -0.03897365927696228 0.9849214553833008 26.400842666625977 -0.028092054650187492 0.9990020394325256 0.034723296761512756 1.0188496112823486 -0.9852918386459351 -0.021815679967403412 -0.16948172450065613 7.815127849578857
-0.1983897089958191 -0.03221917897462845 0.9795935153961182 27.2213191986084 -0.021314071491360664 0.9993650317192078 0.028552886098623276 1.0333667993545532 -0.9798914194107056 -0.015214528888463974 -0.19895045459270477 7.629929065704346
-0.2271748185157776 -0.02655933052301407 0.9734917879104614 28.04701042175293 -0.015233078971505165 0.9996026158332825 0.023716900497674942 1.0396173000335693 -0.9737347960472107 -0.009441393427550793 -0.22748908400535583 7.417374610900879
-0.25444495677948 -0.020355233922600746 0.9668729901313782 28.86496925354004 -0.006329626776278019 0.9997920989990234 0.019382543861865997 1.0417606830596924 -0.9670665264129639 -0.0011881525861099362 -0.25452089309692383 7.175177574157715
-0.28057482838630676 -0.01025315374135971 0.9597774147987366 29.641042709350586 7.5857387855649e-05 0.9999427199363708 0.010704409331083298 1.0258327722549438 -0.9598321318626404 0.003076194552704692 -0.2805579900741577 6.93031120300293
-0.30611300468444824 0.005622672848403454 0.9519786834716797 30.429298400878906 0.005057450383901596 0.9999780654907227 -0.004279923625290394 1.0144022703170776 -0.9519816637039185 0.0035044425167143345 -0.30613481998443604 6.6629791259765625
-0.3307984471321106 0.022477231919765472 0.9434337019920349 31.21042823791504 0.005087989382445812 0.9997442364692688 -0.022034816443920135 0.9923099875450134 -0.9436877369880676 -0.0024889009073376656 -0.3308282196521759 6.382890701293945
-0.3561019003391266 0.037458665668964386 0.9336960315704346 31.9796199798584 0.005734649486839771 0.9992650151252747 -0.03790207579731941 0.9604673385620117 -0.9344295859336853 -0.008142581209540367 -0.35605496168136597 6.083526611328125
-0.38029998540878296 0.04766996577382088 0.9236339330673218 32.73503875732422 0.00936727412045002 0.998818039894104 -0.0476934090256691 0.9151101112365723 -0.9248157739639282 -0.00948586966842413 -0.3802970349788666 5.757438659667969
-0.403591126203537 0.05208393186330795 0.9134557843208313 33.488224029541016 0.012380547821521759 0.9985978603363037 -0.05146852880716324 0.8661916255950928 -0.9148556590080261 -0.00946316123008728 -0.403670072555542 5.422041893005371
-0.42630791664123535 0.051733966916799545 0.9030975103378296 34.24138641357422 0.016066892072558403 0.9986387491226196 -0.04962265491485596 0.8103892803192139 -0.9044354557991028 -0.006644564680755138 -0.4265587627887726 5.057781219482422
-0.44620707631111145 0.04741024225950241 0.8936730623245239 34.98306655883789 0.019879324361681938 0.9988744258880615 -0.04306561499834061 0.7535418272018433 -0.8947089314460754 -0.001450572395697236 -0.44664737582206726 4.667986869812012
-0.46423840522766113 0.046609487384557724 0.8844830989837646 35.71175765991211 0.02817428857088089 0.9988861680030823 -0.03785034269094467 0.7045772075653076 -0.885262131690979 0.00734809972345829 -0.46503448486328125 4.270565032958984
-0.4776657223701477 0.04657599702477455 0.8773061633110046 36.42095184326172 0.029780816286802292 0.9988781809806824 -0.03681550547480583 0.655514121055603 -0.8780367374420166 0.008541385643184185 -0.47851696610450745 3.873724937438965
-0.48859527707099915 0.05095955729484558 0.8710210919380188 37.11622619628906 0.033795543015003204 0.9986491203308105 -0.039469048380851746 0.6116527318954468 -0.8718557953834534 0.01015224028378725 -0.489657461643219 3.4717931747436523
-0.49848464131355286 0.0532667338848114 0.8652605414390564 37.80947494506836 0.034258294850587845 0.9985412359237671 -0.041735175997018814 0.5659935474395752 -0.8662213683128357 0.008838003501296043 -0.4995822012424469 3.063638687133789
-0.5092564225196838 0.05258366838097572 0.859006941318512 38.49737548828125 0.028297478333115578 0.9986150860786438 -0.04435373842716217 0.5150415897369385 -0.8601495027542114 0.0017203091410920024 -0.5100390911102295 2.662717819213867
-0.5205032825469971 0.05092895030975342 0.852339506149292 39.199440002441406 0.027338197454810143 0.9987018704414368 -0.04297960549592972 0.46408843994140625 -0.8534220457077026 0.0009304012055508792 -0.5212198495864868 2.240488052368164
-0.528961718082428 0.0521371066570282 0.8470426797866821 39.87492370605469 0.02935425378382206 0.9986379146575928 -0.043136920779943466 0.4184722900390625 -0.8481378555297852 0.0020465245470404625 -0.5297715663909912 1.809173583984375
-0.5363026261329651 0.05530376359820366 0.8422119617462158 40.554569244384766 0.032600123435258865 0.9984636306762695 -0.044804953038692474 0.369950532913208 -0.8433958888053894 0.003427195595577359 -0.5372816920280457 1.3726062774658203
-0.5395902991294861 0.05812901258468628 0.8399186134338379 41.24662780761719 0.033918894827365875 0.9983046650886536 -0.04730001464486122 0.3233848810195923 -0.8412442207336426 0.0029664745088666677 -0.5406472086906433 0.92041015625
-0.5393610000610352 0.06048646941781044 0.8398994207382202 41.948631286621094 0.03366146236658096 0.9981683492660522 -0.050267916172742844 0.2769200801849365 -0.8414015173912048 0.0011596838012337685 -0.5404092073440552 0.47132110595703125
-0.5358785390853882 0.06065892428159714 0.8421133160591125 42.67470932006836 0.035594578832387924 0.9981521964073181 -0.04924808442592621 0.22818517684936523 -0.8435444235801697 0.0035836747847497463 -0.5370474457740784 0.00614166259765625
-0.5302460789680481 0.05950312688946724 0.8457532525062561 43.409149169921875 0.03430020436644554 0.9982231259346008 -0.04872562363743782 0.16866028308868408 -0.847149670124054 0.0031729352194815874 -0.5313448309898376 -0.4452056884765625
-0.5234679579734802 0.05784124508500099 0.8500797748565674 44.153343200683594 0.031683050096035004 0.9983245134353638 -0.048418138176202774 0.11937820911407471 -0.8514559268951416 0.0015877718105912209 -0.5244235396385193 -0.8875236511230469
-0.5161279439926147 0.057401977479457855 0.8545858860015869 44.92411804199219 0.030208345502614975 0.9983509182929993 -0.048814233392477036 0.06720757484436035 -0.8559785485267639 0.0006212338339537382 -0.5170108675956726 -1.3503742218017578
-0.5103449821472168 0.0558493509888649 0.8581543564796448 45.713844299316406 0.02702300250530243 0.9984376430511475 -0.048908498138189316 0.013458609580993652 -0.859545111656189 -0.0017703037010505795 -0.5110569000244141 -1.8036308288574219
-0.5055033564567566 0.053714558482170105 0.8611510396003723 46.523597717285156 0.022864028811454773 0.9985437393188477 -0.04886307567358017 -0.03983414173126221 -0.8625216484069824 -0.005011067725718021 -0.5059953331947327 -2.2798385620117188
-0.5041241645812988 0.05103931203484535 0.8621217012405396 47.34873962402344 0.01875966601073742 0.9986636638641357 -0.048153188079595566 -0.09473395347595215 -0.863427460193634 -0.008102066814899445 -0.5044079422950745 -2.751190185546875
-0.5046752691268921 0.048448216170072556 0.8619487285614014 48.184818267822266 0.01600468158721924 0.9987776875495911 -0.04676823690533638 -0.1559818983078003 -0.8631609082221985 -0.009807555004954338 -0.5048336982727051 -3.2290172576904297
-0.5057052373886108 0.04719878360629082 0.8614141941070557 49.030662536621094 0.014843732118606567 0.9988304972648621 -0.046013906598091125 -0.21513140201568604 -0.8625786900520325 -0.010482871904969215 -0.5058143138885498 -3.7168445587158203
-0.506007194519043 0.04652155935764313 0.8612737655639648 49.895389556884766 0.014545474201440811 0.998862624168396 -0.04540778696537018 -0.2682400941848755 -0.8624066114425659 -0.010449032299220562 -0.5061083436012268 -4.223455429077148
-0.5062902569770813 0.04619595408439636 0.8611249923706055 50.76370620727539 0.01470005139708519 0.9988813400268555 -0.04494329169392586 -0.3238074779510498 -0.8622378706932068 -0.010095766745507717 -0.5064029693603516 -4.729574203491211
-0.5063713192939758 0.045062728226184845 0.8611373901367188 51.642555236816406 0.014475702308118343 0.9989371299743652 -0.04376160725951195 -0.381061315536499 -0.8621940016746521 -0.0096940528601408 -0.5064852833747864 -5.24003791809082
-0.5063429474830627 0.04487123340368271 0.8611639142036438 52.530540466308594 0.014719590544700623 0.9989496469497681 -0.04339584335684776 -0.4415706396102905 -0.8622064590454102 -0.009297199547290802 -0.5064716339111328 -5.760089874267578
-0.5065975785255432 0.04340517893433571 0.8610892295837402 53.42887496948242 0.012356549501419067 0.9989949464797974 -0.04308699071407318 -0.496646523475647 -0.8620940446853638 -0.011187674477696419 -0.5066248178482056 -6.283796310424805
-0.5067341327667236 0.042529188096523285 0.8610526919364929 54.30927658081055 0.011599356308579445 0.9990283846855164 -0.042517807334661484 -0.5573664903640747 -0.8620243072509766 -0.011557566933333874 -0.50673508644104 -6.789913177490234
-0.5062069296836853 0.041868917644023895 0.8613951206207275 55.200645446777344 0.01069595292210579 0.9990488290786743 -0.0422741174697876 -0.6195124387741089 -0.8623456358909607 -0.012186015024781227 -0.5061732530593872 -7.305927276611328
-0.5048766136169434 0.040381163358688354 0.8622463345527649 56.08016586303711 0.010400716215372086 0.9991172552108765 -0.04070116952061653 -0.6771208047866821 -0.8631288409233093 -0.011581088416278362 -0.5048508644104004 -7.81999397277832
-0.5026236772537231 0.03821577504277229 0.8636602759361267 56.96892547607422 0.010420474223792553 0.999217689037323 -0.03814961016178131 -0.7358578443527222 -0.8644425272941589 -0.010175148025155067 -0.5026286840438843 -8.335378646850586
-0.5002751350402832 0.03663024306297302 0.8650913238525391 57.85239028930664 0.0109544163569808 0.9992925524711609 -0.035977818071842194 -0.8000552654266357 -0.8657973408699036 -0.00852223951369524 -0.5003224611282349 -8.841476440429688
-0.49772733449935913 0.036535732448101044 0.866563618183136 58.73878860473633 0.011180287227034569 0.9992995858192444 -0.03571048006415367 -0.8534274101257324 -0.867261528968811 -0.008085652254521847 -0.4977872371673584 -9.34646987915039
-0.49586063623428345 0.03644033148884773 0.8676371574401855 59.62596893310547 0.01120966486632824 0.9993045926094055 -0.035563889890909195 -0.9121906757354736 -0.8683297634124756 -0.007908807136118412 -0.4959242343902588 -9.847082138061523
-0.49485549330711365 0.03727514296770096 0.8681754469871521 60.50226593017578 0.010991846211254597 0.9992682337760925 -0.03663831204175949 -0.9631942510604858 -0.8689057230949402 -0.008587821386754513 -0.4949030578136444 -10.344854354858398
-0.4956454336643219 0.03873373940587044 0.8676608204841614 61.376502990722656 0.010819927789270878 0.9992029070854187 -0.03842517361044884 -1.0211104154586792 -0.8684574961662292 -0.009657233953475952 -0.4956693947315216 -10.840396881103516
-0.4986558258533478 0.04038083180785179 0.8658589124679565 62.250770568847656 0.00898834690451622 0.9991015195846558 -0.04141835495829582 -1.0787285566329956 -0.866753339767456 -0.012870864942669868 -0.4985707700252533 -11.334892272949219
-0.5030290484428406 0.040998369455337524 0.8632965683937073 63.12559509277344 0.007869885303080082 0.9990500211715698 -0.04285971075296402 -1.1365286111831665 -0.864233672618866 -0.014765635132789612 -0.5028738379478455 -11.844842910766602
-0.5085605978965759 0.03963031247258186 0.8601136803627014 63.988128662109375 0.009489892050623894 0.9991375207901001 -0.04042482748627663 -1.1958633661270142 -0.8609738945960999 -0.012396088801324368 -0.5084980726242065 -12.351957321166992
-0.5138804316520691 0.03712332993745804 0.8570582866668701 64.8439712524414 0.010639170184731483 0.9992620944976807 -0.03690376877784729 -1.2563717365264893 -0.8577958345413208 -0.009845738299190998 -0.5138962268829346 -12.866220474243164
-0.5193262100219727 0.0346548892557621 0.853873074054718 65.71253967285156 0.007672387175261974 0.9993261694908142 -0.03589183837175369 -1.312873363494873 -0.8545416593551636 -0.01208832673728466 -0.5192421674728394 -13.38009262084961
-0.5244037508964539 0.03782666102051735 0.8506290316581726 66.55895233154297 0.010249868035316467 0.9992207884788513 -0.03811545670032501 -1.37151300907135 -0.851408064365387 -0.01126905344426632 -0.5243828296661377 -13.897958755493164
-0.5296102166175842 0.0397958904504776 0.8473070859909058 67.40290069580078 0.010302511043846607 0.9991269111633301 -0.0404868945479393 -1.4187721014022827 -0.8481785655021667 -0.012712882831692696 -0.5295578837394714 -14.417348861694336
-0.5345392823219299 0.040574461221694946 0.8441690802574158 68.22785186767578 0.009049235843122005 0.9990644454956055 -0.042289312928915024 -1.4761028289794922 -0.8450950980186462 -0.01496621873229742 -0.5344064235687256 -14.927894592285156
-0.5378226637840271 0.04096299409866333 0.84206223487854 69.03707885742188 0.00826073344796896 0.999026894569397 -0.0433226004242897 -1.5348427295684814 -0.8430175185203552 -0.016343828290700912 -0.5376377105712891 -15.450828552246094
-0.541281521320343 0.040713660418987274 0.8398551344871521 69.85025787353516 0.00982110295444727 0.9990649819374084 -0.042102038860321045 -1.5905795097351074 -0.8407840728759766 -0.014540751464664936 -0.541175365447998 -15.970508575439453
-0.5431073307991028 0.033568233251571655 0.8389919996261597 70.6718978881836 0.010154062882065773 0.9993900060653687 -0.033412739634513855 -1.6403660774230957 -0.8396018743515015 -0.00962752103805542 -0.5431168079376221 -16.507251739501953
-0.5456541180610657 0.02401481196284294 0.8376663327217102 71.48892211914062 0.008384114131331444 0.9996957182884216 -0.02319858968257904 -1.697677731513977 -0.8379685282707214 -0.005635314155369997 -0.5456894040107727 -17.03394889831543
-0.5475244522094727 0.022915473207831383 0.8364759087562561 72.30473327636719 0.009572908282279968 0.9997310042381287 -0.021121839061379433 -1.7374513149261475 -0.8367348909378052 -0.0035572166088968515 -0.5475965142250061 -17.5611572265625
-0.5480871200561523 0.027505237609148026 0.8359688520431519 73.0915756225586 0.01017051376402378 0.9996045231819153 -0.026221105828881264 -1.7837426662445068 -0.8363592028617859 -0.005869218613952398 -0.5481501221656799 -18.079423904418945
-0.5497583150863647 0.03378601372241974 0.8346402049064636 73.88983154296875 0.011907768435776234 0.9993971586227417 -0.03261195123195648 -1.828292965888977 -0.8352388739585876 -0.007989991456270218 -0.5498291850090027 -18.591957092285156
-0.5496276617050171 0.03766092658042908 0.8345603942871094 74.6741714477539 0.017807232216000557 0.9992844462394714 -0.03336683660745621 -1.8740572929382324 -0.8352199196815491 -0.003478122176602483 -0.5499050617218018 -19.127403259277344
-0.5493307113647461 0.03916887938976288 0.8346865773200989 75.464111328125 0.021511895582079887 0.9992325901985168 -0.03273286297917366 -1.9236152172088623 -0.835328221321106 -2.5476620066910982e-05 -0.5497516393661499 -19.659643173217773
-0.5490566492080688 0.03588845208287239 0.835014283657074 76.26709747314453 0.01955113746225834 0.9993557929992676 -0.030096078291535378 -1.9614741802215576 -0.8355563879013062 -0.00019897602032870054 -0.5494045615196228 -20.178600311279297
-0.5484856963157654 0.030865710228681564 0.8355900049209595 77.06141662597656 0.01745486631989479 0.9995232820510864 -0.025463752448558807 -1.9970483779907227 -0.8359777927398682 0.0006186091341078281 -0.5487630367279053 -20.698192596435547
-0.548221230506897 0.023865552619099617 0.8359927535057068 77.86004638671875 0.015014092437922955 0.9997125267982483 -0.018693523481488228 -2.0445570945739746 -0.8361985683441162 0.002303488552570343 -0.5484219789505005 -21.202211380004883
-0.5481507778167725 0.018400615081191063 0.8361771106719971 78.65912628173828 0.0064464411698281765 0.9998211860656738 -0.017775781452655792 -2.077702522277832 -0.8363546133041382 -0.00435344222933054 -0.5481714010238647 -21.696626663208008
-0.5464414358139038 0.013474464416503906 0.8373888731002808 79.4577407836914 -0.0008791908621788025 0.9998608827590942 -0.01666252687573433 -2.105849266052246 -0.8374967575073242 -0.009841319173574448 -0.5463536977767944 -22.202428817749023
-0.5447303056716919 0.013939687050879002 0.8384953737258911 80.24998474121094 0.0020583192817866802 0.9998810887336731 -0.015285471454262733 -2.142627000808716 -0.8386087417602539 -0.006600568536669016 -0.5446941256523132 -22.70842742919922
-0.541024386882782 0.017641959711909294 0.8408218622207642 81.03640747070312 0.007031462620943785 0.9998398423194885 -0.016454072669148445 -2.1754939556121826 -0.8409774899482727 -0.002989846281707287 -0.5410618185997009 -23.228776931762695
-0.5355161428451538 0.021062437444925308 0.8442623019218445 81.82638549804688 0.00893707387149334 0.9997743368148804 -0.019273316487669945 -2.201597213745117 -0.844477653503418 -0.002775938482955098 -0.5355835556983948 -23.732099533081055
-0.5279890298843384 0.022949343547225 0.8489410281181335 82.61691284179688 0.01385124959051609 0.9997345805168152 -0.018411103636026382 -2.236907958984375 -0.8491382598876953 0.002038031816482544 -0.5281668305397034 -24.22197151184082
-0.5195168256759644 0.026704946532845497 0.8540428876876831 83.4185791015625 0.020916616544127464 0.9996094703674316 -0.01853300631046295 -2.267904758453369 -0.8542041778564453 0.008235475979745388 -0.5198725461959839 -24.725147247314453
-0.5098798274993896 0.025819117203354836 0.8598580956459045 84.23014831542969 0.019102048128843307 0.9996428489685059 -0.01868930086493492 -2.301795482635498 -0.8600335121154785 0.006895753554999828 -0.5101909041404724 -25.198841094970703
-0.4990711212158203 0.02358688972890377 0.8662400245666504 85.03889465332031 0.016988122835755348 0.9997036457061768 -0.0174335278570652 -2.330665111541748 -0.8663944602012634 0.006015220656991005 -0.4993239641189575 -25.654939651489258
-0.48742911219596863 0.020159084349870682 0.8729297518730164 85.84558868408203 0.017158493399620056 0.9997615218162537 -0.013507073745131493 -2.364377021789551 -0.8729938864707947 0.008394420146942139 -0.487658828496933 -26.0980167388916
-0.476150780916214 0.019512325525283813 0.8791471123695374 86.65718841552734 0.016175922006368637 0.9997789263725281 -0.013428736478090286 -2.3890347480773926 -0.879214882850647 0.007826914079487324 -0.47636115550994873 -26.536537170410156
-0.4651355743408203 0.018691908568143845 0.8850420713424683 87.49565124511719 0.016716355457901955 0.9997842311859131 -0.012329923920333385 -2.414247989654541 -0.8850815892219543 0.009059589356184006 -0.46534767746925354 -26.95939826965332
-0.45308008790016174 0.019752096384763718 0.8912509083747864 88.3149185180664 0.01775478571653366 0.9997560977935791 -0.0131309162825346 -2.440725326538086 -0.8912928700447083 0.009874614886939526 -0.45332032442092896 -27.373340606689453
-0.4406255781650543 0.023446518927812576 0.897384762763977 89.13422393798828 0.01752125285565853 0.9996930360794067 -0.017516465857625008 -2.478438138961792 -0.8975200057029724 0.008005104027688503 -0.44090116024017334 -27.77678680419922
-0.4290880858898163 0.032717615365982056 0.9026699066162109 89.95777893066406 0.02027011662721634 0.9994409084320068 -0.02658962830901146 -2.511561870574951 -0.9030351042747498 0.006887930445373058 -0.4295113980770111 -28.166038513183594
-0.41611388325691223 0.03722142055630684 0.9085503816604614 90.802734375 0.020097924396395683 0.9992944002151489 -0.03173421323299408 -2.5503387451171875 -0.9090903401374817 0.005054933950304985 -0.4165683090686798 -28.559494018554688
-0.4047071635723114 0.033583130687475204 0.9138294458389282 91.64530944824219 0.018225209787487984 0.9994232058525085 -0.028657302260398865 -2.591867208480835 -0.9142646789550781 0.005056918133050203 -0.4050857126712799 -28.92354965209961
-0.3935030698776245 0.03009497933089733 0.9188305139541626 92.49738311767578 0.016834506765007973 0.9995324015617371 -0.025528617203235626 -2.634561538696289 -0.9191691875457764 0.005422469228506088 -0.3938257396221161 -29.275768280029297
-0.3831583559513092 0.030111104249954224 0.9231917262077332 93.34819793701172 0.012350350618362427 0.9995461106300354 -0.02747565507888794 -2.6757149696350098 -0.9236001372337341 0.0008742122445255518 -0.3833564221858978 -29.627487182617188
-0.3763367533683777 0.034676045179367065 0.9258338212966919 94.20234680175781 0.007310148794203997 0.9993793368339539 -0.034459155052900314 -2.7172932624816895 -0.9264541268348694 -0.00620026420801878 -0.37635669112205505 -29.964065551757812
-0.3713357746601105 0.03978467732667923 0.9276459813117981 95.04407501220703 0.002098530065268278 0.999114990234375 -0.04200979322195053 -2.7619874477386475 -0.9284963011741638 -0.013653045520186424 -0.3710906505584717 -30.287691116333008
-0.3683778643608093 0.04181661456823349 0.9287351965904236 95.88394165039062 -0.0008854536572471261 0.9989717602729797 -0.04533024877309799 -2.8115477561950684 -0.9296756982803345 -0.01752101443707943 -0.3679620325565338 -30.604717254638672
-0.36444151401519775 0.04165917634963989 0.9302940368652344 96.72416687011719 -0.0018801065161824226 0.9989637732505798 -0.04547079652547836 -2.8674731254577637 -0.9312243461608887 -0.018320489674806595 -0.3639856278896332 -30.929378509521484
-0.35975486040115356 0.0414934866130352 0.9321237206459045 97.56356048583984 -0.0038207261823117733 0.9989367723464966 -0.0459422767162323 -2.918576240539551 -0.9330389499664307 -0.020089348778128624 -0.35921379923820496 -31.240501403808594
-0.35405433177948 0.036780912429094315 0.9345012307167053 98.42440795898438 -0.008165932260453701 0.9990667700767517 -0.04241595044732094 -2.9720330238342285 -0.9351891279220581 -0.022648630663752556 -0.353423535823822 -31.563053131103516
-0.348934143781662 0.03308223932981491 0.9365631341934204 99.26365661621094 -0.008392224088311195 0.9992263317108154 -0.038422368466854095 -3.0224688053131104 -0.9371095895767212 -0.021266719326376915 -0.34838658571243286 -31.865615844726562
-0.3430704176425934 0.03038971684873104 0.9388178586959839 100.11949157714844 -0.009755516424775124 0.9993073344230652 -0.035912711173295975 -3.0741140842437744 -0.9392589330673218 -0.02147924154996872 -0.34253638982772827 -32.17166519165039
-0.3374778628349304 0.02855071984231472 0.9409003853797913 100.96808624267578 -0.018213637173175812 0.9991546869277954 -0.036851171404123306 -3.121490001678467 -0.9411571621894836 -0.029573675245046616 -0.3366726338863373 -32.45431137084961
-0.33147087693214417 0.028917813673615456 0.9430221319198608 101.82164764404297 -0.025141773745417595 0.9989044666290283 -0.03946874290704727 -3.1684937477111816 -0.9431304931640625 -0.036791980266571045 -0.33038070797920227 -32.7356071472168
-0.3244740068912506 0.032837964594364166 0.9453243613243103 102.6701431274414 -0.02264024317264557 0.9988412857055664 -0.04246804118156433 -3.223881721496582 -0.9456236362457275 -0.03518214449286461 -0.3233545422554016 -33.02705383300781
-0.3175135552883148 0.03620476275682449 0.9475623369216919 103.51141357421875 -0.02115226723253727 0.998751699924469 -0.04524843022227287 -3.2725133895874023 -0.9480178356170654 -0.034410081803798676 -0.31635141372680664 -33.30242156982422
-0.31102368235588074 0.03418830409646034 0.9497870802879333 104.36346435546875 -0.022751355543732643 0.9987986087799072 -0.04340282455086708 -3.3241829872131348 -0.9501298666000366 -0.03510824218392372 -0.3098721504211426 -33.57398986816406
-0.3043171763420105 0.029482677578926086 0.9521144032478333 105.2210693359375 -0.023005083203315735 0.9990018606185913 -0.038287509232759476 -3.3732070922851562 -0.9522929191589355 -0.03355501592159271 -0.30333518981933594 -33.837158203125
-0.2972717583179474 0.026973295956850052 0.9544117450714111 106.08184051513672 -0.0240331944078207 0.9990727305412292 -0.03572113811969757 -3.424715995788574 -0.9544903635978699 -0.03355645388364792 -0.2963479161262512 -34.097930908203125
-0.29068198800086975 0.030014589428901672 0.9563488364219666 106.9447250366211 -0.026296798139810562 0.9988796710968018 -0.039342306554317474 -3.46978759765625 -0.9564582705497742 -0.0365849994122982 -0.28956711292266846 -34.35142135620117
-0.2843984365463257 0.0328323058784008 0.9581437706947327 107.79830932617188 -0.02577277086675167 0.9987903833389282 -0.04187506064772606 -3.5205044746398926 -0.9583596587181091 -0.03660321980714798 -0.28320828080177307 -34.596736907958984
-0.27789056301116943 0.03303254768252373 0.9600446224212646 108.65387725830078 -0.02793836034834385 0.9987079501152039 -0.042449772357940674 -3.5707345008850098 -0.9602063298225403 -0.038618460297584534 -0.2766086161136627 -34.83052062988281
-0.2708708643913269 0.03270803391933441 0.9620598554611206 109.51826477050781 -0.028392920270562172 0.9987162351608276 -0.04194839671254158 -3.6237645149230957 -0.9621968269348145 -0.03867828845977783 -0.26959455013275146 -35.071266174316406
-0.2625567615032196 0.03247390314936638 0.9643699526786804 110.37701416015625 -0.024556463584303856 0.9988850355148315 -0.040321823209524155 -3.6755645275115967 -0.9646040201187134 -0.03426827862858772 -0.2614665627479553 -35.30679702758789
-0.25503969192504883 0.03381076455116272 0.9663392305374146 111.2334213256836 -0.021764831617474556 0.9989345669746399 -0.040695469826459885 -3.72525954246521 -0.9666855931282043 -0.031411174684762955 -0.25403210520744324 -35.53166198730469
-0.2483256310224533 0.03436741977930069 0.9680666923522949 112.09300994873047 -0.02042653039097786 0.9989623427391052 -0.04070400446653366 -3.7743101119995117 -0.9684612154960632 -0.029882092028856277 -0.24736595153808594 -35.7475471496582
-0.241806298494339 0.033115316182374954 0.9697592854499817 112.96134185791016 -0.02643248811364174 0.9988216757774353 -0.04069860279560089 -3.823221206665039 -0.9699644446372986 -0.035474326461553574 -0.24064603447914124 -35.94603729248047
-0.23605366051197052 0.031341876834630966 0.9712344408035278 113.82759857177734 -0.031188374385237694 0.9987204670906067 -0.039809033274650574 -3.8704781532287598 -0.9712393879890442 -0.039688292890787125 -0.23477411270141602 -36.1447639465332
-0.23152613639831543 0.03127149119973183 0.9723259210586548 114.70391845703125 -0.028726084157824516 0.9988277554512024 -0.03896395489573479 -3.92154860496521 -0.9724045991897583 -0.03695229813456535 -0.2303563952445984 -36.34763717651367
-0.22739079594612122 0.03140123188495636 0.9732971787452698 115.57283020019531 -0.027184223756194115 0.9988857507705688 -0.03857782483100891 -3.9722070693969727 -0.9734240770339966 -0.03523057699203491 -0.22628380358219147 -36.53770446777344
-0.22211164236068726 0.0332646518945694 0.9744536280632019 116.44200897216797 -0.025678714737296104 0.9988715648651123 -0.03995127230882645 -4.0202531814575195 -0.9746831059455872 -0.03389635682106018 -0.22100679576396942 -36.7401237487793
-0.21611475944519043 0.032166849821805954 0.9758379459381104 117.30764770507812 -0.01996929571032524 0.9991024732589722 -0.03735625371336937 -4.066342353820801 -0.9761636853218079 -0.02756003476679325 -0.21527846157550812 -36.9332275390625
-0.21081727743148804 0.031108876690268517 0.977030336856842 118.18353271484375 -0.013023341074585915 0.9993154406547546 -0.03462853282690048 -4.10985803604126 -0.977438747882843 -0.020024491474032402 -0.2102678120136261 -37.12889862060547
-0.20558643341064453 0.03056195005774498 0.9781616926193237 119.05850219726562 -0.011057073250412941 0.9993759393692017 -0.033548712730407715 -4.157775402069092 -0.9785764813423157 -0.01771276257932186 -0.20512020587921143 -37.31342315673828
