1.0 0.0 0.0 0.0 0.0 1.0 0.0 0.0 0.0 0.0 1.0 0.0
0.9998737573623657 0.0015176921151578426 0.015817008912563324 0.010558942332863808 -0.0015027179615572095 0.9999983906745911 -0.0009585520019754767 -0.0031083037611097097 -0.015818437561392784 0.0009346624719910324 0.999874472618103 0.12627938389778137
0.9992918372154236 0.0043084449134767056 0.03738008439540863 0.02703731879591942 -0.004296226892620325 0.999990701675415 -0.0004071789444424212 -0.0047088428400456905 -0.03738148882985115 0.0002462972770445049 0.999301016330719 0.2725646495819092
0.9978948831558228 0.005959687754511833 0.06457804888486862 0.05627724528312683 -0.006035330705344677 0.9999812841415405 0.0009763187263160944 -0.005044003017246723 -0.06457102298736572 -0.0013640132965520024 0.9979121685028076 0.43618151545524597
0.9951265454292297 0.005661661736667156 0.09844362735748291 0.10218379646539688 -0.006004187744110823 0.9999769330024719 0.0031835027039051056 -0.0035589775070548058 -0.0984233170747757 -0.0037590619176626205 0.9951375126838684 0.6081245541572571
0.9906296133995056 0.002579913940280676 0.1365516483783722 0.16328983008861542 -0.0033328921999782324 0.9999804496765137 0.005285895429551601 -0.005755346268415451 -0.13653533160686493 -0.005691475700587034 0.9906189441680908 0.7916257977485657
0.9843423366546631 -0.00024290152941830456 0.176267609000206 0.2360469400882721 -0.0007318609859794378 0.999984860420227 0.005464981775730848 -0.004311188589781523 -0.17626626789569855 -0.005508414935320616 0.9843270182609558 0.9865604639053345
0.975546658039093 -0.0005104672745801508 0.21979187428951263 0.3191673159599304 -0.000992751563899219 0.9999769926071167 0.006728779058903456 -0.0013918764889240265 -0.21979022026062012 -0.0067824372090399265 0.9755235910415649 1.1901410818099976
0.9633994698524475 -0.0002507309545762837 0.26806971430778503 0.41102632880210876 -0.002398064825683832 0.9999515414237976 0.009553536772727966 0.002104559214785695 -0.2680590748786926 -0.009846719913184643 0.9633522033691406 1.4042809009552002
0.9489285349845886 -0.0038757245056331158 0.31546732783317566 0.528963565826416 -0.001473654294386506 0.999859094619751 0.01671670190989971 -0.0028137192130088806 -0.31548768281936646 -0.016327839344739914 0.9487891793251038 1.6186679601669312
0.9319949746131897 -0.013246535323560238 0.36222904920578003 0.6716022491455078 0.0045714471489191055 0.9996820688247681 0.02479580044746399 -0.0071534956805408 -0.36244234442710876 -0.021453648805618286 0.931759238243103 1.8264868259429932
0.9105409979820251 -0.018438242375850677 0.41300728917121887 0.8238443732261658 0.007125371135771275 0.9995564818382263 0.0289150383323431 -0.0038976699579507113 -0.4133572280406952 -0.02338549681007862 0.9102686047554016 2.0509564876556396
0.8851205110549927 -0.019722992554306984 0.4649435579776764 0.992304265499115 0.005059993825852871 0.9994502663612366 0.032764069736003876 0.0014100474072620273 -0.4653342068195343 -0.026647543534636497 0.8847337961196899 2.2794029712677
0.856812596321106 -0.022340433672070503 0.5151439309120178 1.1825610399246216 0.003526939544826746 0.9992915391921997 0.037470459938049316 0.0035893814638257027 -0.5156160593032837 -0.03028828091919422 0.8562842607498169 2.497127056121826
0.8243379592895508 -0.026674557477235794 0.5654690861701965 1.3659279346466064 0.003765399567782879 0.9991254210472107 0.04164201021194458 0.007062450051307678 -0.5660852789878845 -0.032197870314121246 0.8237175941467285 2.6946773529052734
0.7881187796592712 -0.03238970413804054 0.6146703362464905 1.5915380716323853 0.005855008959770203 0.9989638328552246 0.045132655650377274 0.00725011620670557 -0.6154953241348267 -0.03197098523378372 0.7874917387962341 2.906479597091675
0.7497240304946899 -0.036255624145269394 0.6607566475868225 1.8311318159103394 0.006272629369050264 0.9988424777984619 0.04768914356827736 0.014612176455557346 -0.6617208123207092 -0.03160901367664337 0.7490836381912231 3.11574125289917
0.7095839381217957 -0.03931689262390137 0.7035230994224548 2.1024389266967773 0.00729606207460165 0.9987984895706177 0.048459652811288834 0.02869688719511032 -0.7045831084251404 -0.029253244400024414 0.7090182304382324 3.323225736618042
0.6672766208648682 -0.041002754122018814 0.7436805367469788 2.407055616378784 0.006203456781804562 0.9987548589706421 0.049500130116939545 0.048077214509248734 -0.7447841763496399 -0.028416886925697327 0.6667000651359558 3.5449845790863037
0.6243599653244019 -0.04060035198926926 0.7800809144973755 2.716888427734375 0.0006557421293109655 0.9986752271652222 0.051452551037073135 0.06191553175449371 -0.7811365127563477 -0.03161337599158287 0.6235594153404236 3.757969617843628
0.5824057459831238 -0.04122591018676758 0.811852216720581 3.069063186645508 -0.002406707964837551 0.9986213445663452 0.05243658274412155 0.07773520797491074 -0.8128947019577026 -0.03249325603246689 0.5815035104751587 3.969763994216919
0.5419164896011353 -0.04221383109688759 0.8393714427947998 3.443596124649048 -0.004099802114069462 0.9985930919647217 0.05286835879087448 0.10240138322114944 -0.8404223322868347 -0.032091494649648666 0.5409809350967407 4.181305885314941
0.5027740001678467 -0.044273491948843 0.8632833957672119 3.8517353534698486 -0.0060205403715372086 0.9984839558601379 0.05471360310912132 0.12114069610834122 -0.8643969893455505 -0.03270601108670235 0.5017452239990234 4.391305446624756
0.46536311507225037 -0.04415890574455261 0.8840175867080688 4.28756046295166 -0.008855651132762432 0.9984723925590515 0.05453798547387123 0.1375512182712555 -0.8850756287574768 -0.03320852294564247 0.46426111459732056 4.589963436126709
0.42920950055122375 -0.043241340667009354 0.9021692872047424 4.748029708862305 -0.009895159862935543 0.9985682368278503 0.0525694340467453 0.1591566503047943 -0.9031506776809692 -0.03149041160941124 0.42816704511642456 4.781614303588867
0.39533406496047974 -0.041873060166835785 0.9175825119018555 5.23914909362793 -0.008720465935766697 0.9987442493438721 0.049333956092596054 0.1817324161529541 -0.9184959530830383 -0.027505140751600266 0.3944724202156067 4.965334415435791
0.3664461672306061 -0.04016496241092682 0.9295719861984253 5.756194591522217 -0.00630017276853323 0.9989378452301025 0.045645713806152344 0.2041713446378708 -0.9304178357124329 -0.022583160549402237 0.3658038377761841 5.131446838378906
0.34175559878349304 -0.038325995206832886 0.939007043838501 6.310194969177246 -0.004977183882147074 0.9990803003311157 0.04258938133716583 0.23016875982284546 -0.9397755861282349 -0.019228773191571236 0.3412504494190216 5.304369926452637
0.32062944769859314 -0.03728670999407768 0.9464704990386963 6.892638683319092 -0.00425163796171546 0.9991582036018372 0.040802665054798126 0.25915852189064026 -0.9471951723098755 -0.017106588929891586 0.32020100951194763 5.50624942779541
0.3062358796596527 -0.03768930956721306 0.9512092471122742 7.492988586425781 -0.003400827292352915 0.9991662502288818 0.04068436101078987 0.2855879068374634 -0.9519495964050293 -0.01569390669465065 0.30585235357284546 5.683730602264404
0.29442161321640015 -0.03914797678589821 0.9548734426498413 8.118575096130371 -0.002287524053826928 0.9991288781166077 0.041667692363262177 0.308965802192688 -0.9556729793548584 -0.014452164061367512 0.2940755784511566 5.871888160705566
0.28385740518569946 -0.04059934616088867 0.9580065608024597 8.768391609191895 -0.0035336946602910757 0.9990521669387817 0.04338584095239639 0.3385225832462311 -0.9588600397109985 -0.015700696036219597 0.28344491124153137 6.051761627197266
0.27307039499282837 -0.04265991598367691 0.9610476493835449 9.4475679397583 -0.005711825098842382 0.9989266991615295 0.045964282006025314 0.3549354076385498 -0.9619771242141724 -0.018040820956230164 0.2725335955619812 6.25727653503418
0.2632576823234558 -0.04440688341856003 0.9637029767036438 10.149872779846191 -0.006436854600906372 0.9988369345664978 0.04778421297669411 0.38419607281684875 -0.9647040963172913 -0.018782775849103928 0.26266565918922424 6.44352388381958
0.25288766622543335 -0.04606243222951889 0.9663984775543213 10.861242294311523 -0.007575572468340397 0.9987410306930542 0.04958639666438103 0.41510286927223206 -0.9674659967422485 -0.019860809668898582 0.2522203028202057 6.628852367401123
0.24267315864562988 -0.04767080768942833 0.9689361453056335 11.609783172607422 -0.007101100403815508 0.9986778497695923 0.050912562757730484 0.4475351870059967 -0.97008216381073 -0.019235624000430107 0.24201378226280212 6.8086347579956055
0.23259207606315613 -0.04873158782720566 0.971352756023407 12.39592170715332 -0.007343260105699301 0.9986274242401123 0.05185827985405922 0.4824577867984772 -0.9725466370582581 -0.019194722175598145 0.23191499710083008 6.990818023681641
0.22203177213668823 -0.05142095685005188 0.9736826419830322 13.170655250549316 -0.00867602601647377 0.9984646439552307 0.054708149284124374 0.5183756947517395 -0.97500079870224 -0.02059464156627655 0.22124476730823517 7.167324542999268
0.2104739248752594 -0.055199697613716125 0.9760398268699646 13.958271026611328 -0.010155633091926575 0.9982272386550903 0.05864446982741356 0.5540540814399719 -0.9775466918945312 -0.022255435585975647 0.2095402330160141 7.342063903808594
0.19878742098808289 -0.05912261828780174 0.9782576560974121 14.756024360656738 -0.010726716369390488 0.9979876279830933 0.06249476224184036 0.5882549285888672 -0.979983925819397 -0.022916661575436592 0.1977531909942627 7.495235919952393
0.18539485335350037 -0.06163071095943451 0.9807295203208923 15.545442581176758 -0.011707664467394352 0.9978219270706177 0.06491801887750626 0.6210222840309143 -0.9825943112373352 -0.02351752109825611 0.18426954746246338 7.652527809143066
0.17109939455986023 -0.062085047364234924 0.9832956790924072 16.353912353515625 -0.01189624983817339 0.9978097081184387 0.0650714784860611 0.6605186462402344 -0.9851819276809692 -0.02283122017979622 0.1699860692024231 7.794107913970947
0.15643535554409027 -0.06069698557257652 0.9858214259147644 17.161304473876953 -0.014001661911606789 0.9978733658790588 0.0636608898639679 0.7036643028259277 -0.9875890016555786 -0.023761950433254242 0.1552528291940689 7.927706718444824
0.14078354835510254 -0.059907812625169754 0.9882261753082275 17.988405227661133 -0.01407510507851839 0.9979455471038818 0.06250216066837311 0.7383490204811096 -0.9899402856826782 -0.02270866371691227 0.1396511197090149 8.025123596191406
0.11968907713890076 -0.05862567946314812 0.9910789728164673 18.80615997314453 -0.017054881900548935 0.9979863166809082 0.06109392270445824 0.7680631875991821 -0.9926649332046509 -0.024215010926127434 0.11844820529222488 8.136621475219727
0.09365101158618927 -0.057159941643476486 0.9939629435539246 19.639389038085938 -0.02169295772910118 0.9979963302612305 0.059435803443193436 0.8066363334655762 -0.9953688383102417 -0.02712821587920189 0.0922234058380127 8.217529296875
0.06318231672048569 -0.05683774873614311 0.9963821768760681 20.467193603515625 -0.025613905861973763 0.9979557394981384 0.05855172500014305 0.8383236527442932 -0.9976732730865479 -0.02922067418694496 0.0615973174571991 8.270950317382812
0.030735783278942108 -0.05680249631404877 0.9979122877120972 21.327407836914062 -0.02864684909582138 0.9979236721992493 0.0576854906976223 0.8719531893730164 -0.9991169571876526 -0.03036005049943924 0.029044747352600098 8.286909103393555
-0.0036667142994701862 -0.0564400851726532 0.9983992576599121 22.179271697998047 -0.030665602535009384 0.9979427456855774 0.05630166083574295 0.8981893658638 -0.9995229840278625 -0.030410073697566986 -0.005389953963458538 8.275738716125488
-0.0382392443716526 -0.05464682728052139 0.997773289680481 23.029735565185547 -0.03172456845641136 0.9980666041374207 0.053447067737579346 0.9329186081886292 -0.9987648725509644 -0.029610149562358856 -0.039898961782455444 8.244129180908203
-0.07141054421663284 -0.052761733531951904 0.9960506558418274 23.875761032104492 -0.03360842913389206 0.998160183429718 0.050463974475860596 0.9620246291160583 -0.9968806505203247 -0.02987203374505043 -0.07305240631103516 8.179078102111816
-0.10422541201114655 -0.049716249108314514 0.9933103322982788 24.724878311157227 -0.03588974103331566 0.9982872605323792 0.04619954153895378 0.9898935556411743 -0.9939059019088745 -0.030834484845399857 -0.10583122074604034 8.090158462524414
-0.13644149899482727 -0.045567478984594345 0.9895996451377869 25.56924057006836 -0.032717328518629074 0.998603880405426 0.041471175849437714 1.0048803091049194 -0.9901077151298523 -0.026718664914369583 -0.13774187862873077 7.959998607635498
-0.16717016696929932 -0.03953300416469574 0.9851351380348206 26.387943267822266 -0.028206245973706245 0.9989785552024841 0.03530213609337807 1.0199798345565796 -0.9855244755744934 -0.021885499358177185 -0.1681145280599594 7.803808689117432
-0.19780142605304718 -0.033275917172431946 0.979677140712738 27.21769905090332 -0.021768735721707344 0.9993262887001038 0.02954811044037342 1.0317844152450562 -0.980000376701355 -0.015481675043702126 -0.19839255511760712 7.6194257736206055
-0.22653242945671082 -0.027451220899820328 0.9736167192459106 28.04176902770996 -0.015441156923770905 0.9995784163475037 0.02459050342440605 1.0374298095703125 -0.9738812446594238 -0.00946322176605463 -0.22686079144477844 7.407100200653076
-0.2541804909706116 -0.021144144237041473 0.9669255614280701 28.858009338378906 -0.007702523376792669 0.9997735619544983 0.0198376402258873 1.0463061332702637 -0.9671261310577393 -0.0024054255336523056 -0.2542858123779297 7.177943706512451
-0.28051045536994934 -0.010400545783340931 0.9597945809364319 29.666107177734375 -0.0015454953536391258 0.9999448657035828 0.010383933782577515 1.0422369241714478 -0.9598497152328491 0.001429445226676762 -0.2805110812187195 6.924381732940674
-0.3057688772678375 0.004800466820597649 0.9520936608314514 30.445594787597656 0.002904311055317521 0.9999873042106628 -0.004109215922653675 1.026343584060669 -0.9521013498306274 0.0015087054343894124 -0.30577895045280457 6.660892486572266
-0.330855131149292 0.022081997245550156 0.9434231519699097 31.22262954711914 0.004061893094331026 0.9997501969337463 -0.021975912153720856 1.0036293268203735 -0.9436728358268738 -0.0034387598279863596 -0.3308621942996979 6.38394021987915
-0.35551539063453674 0.03675880283117294 0.9339473247528076 31.998926162719727 0.0037182429805397987 0.9992740750312805 -0.03791458532214165 0.9743073582649231 -0.9346629977226257 -0.010006575845181942 -0.35539406538009644 6.07611083984375
-0.3798906207084656 0.047026246786117554 0.923835277557373 32.7612419128418 0.0074609434232115746 0.998830258846283 -0.047775719314813614 0.928817629814148 -0.925001323223114 -0.011256866157054901 -0.3797971308231354 5.752216339111328
-0.40315672755241394 0.05131380259990692 0.9136911630630493 33.51238250732422 0.010778481140732765 0.9986236691474915 -0.05132780969142914 0.8774047493934631 -0.9150674343109131 -0.010844950564205647 -0.40315496921539307 5.403115272521973
-0.42577487230300903 0.05088416859507561 0.9033972024917603 34.258819580078125 0.014138279482722282 0.9986696839332581 -0.04958699643611908 0.8251687288284302 -0.9047186374664307 -0.008340420201420784 -0.4259279668331146 5.0490241050720215
-0.44602614641189575 0.046348217874765396 0.8938190340995789 34.99114227294922 0.017323143780231476 0.9989182353019714 -0.04315359517931938 0.7696661949157715 -0.8948522806167603 -0.003763878019526601 -0.44634661078453064 4.669817924499512
-0.4638849198818207 0.045089881867170334 0.8847472071647644 35.71227264404297 0.024683550000190735 0.9989740252494812 -0.03796936571598053 0.7229031324386597 -0.8855515122413635 0.00422528525814414 -0.46452197432518005 4.275984764099121
-0.4775404632091522 0.045495934784412384 0.8774310350418091 36.41736602783203 0.027054253965616226 0.9989462494850159 -0.037072427570819855 0.675155758857727 -0.878193199634552 0.006034656427800655 -0.4782681167125702 3.8830296993255615
-0.4884003698825836 0.04975876584649086 0.8711998462677002 37.11174774169922 0.031306102871894836 0.9987293481826782 -0.039492230862379074 0.624653160572052 -0.8720578551292419 0.007985856384038925 -0.4893375039100647 3.4818639755249023
-0.4984610974788666 0.0520964041352272 0.865345299243927 37.800140380859375 0.031812362372875214 0.9986196160316467 -0.04179517924785614 0.5794121623039246 -0.8663281202316284 0.006695404648780823 -0.4994303286075592 3.0814919471740723
-0.5089526772499084 0.0516667515039444 0.8592426776885986 38.49581527709961 0.026268109679222107 0.998664379119873 -0.044490959495306015 0.5284165740013123 -0.8603936433792114 -7.311611989280209e-05 -0.5096301436424255 2.67582106590271
-0.5199991464614868 0.05022730678319931 0.8526887893676758 39.182315826416016 0.02573901042342186 0.9987376928329468 -0.043133728206157684 0.4795900881290436 -0.8537790179252625 -0.0004821346956305206 -0.5206354856491089 2.262151002883911
-0.5288382172584534 0.051449839025735855 0.8471617698669434 39.852821350097656 0.02792825549840927 0.9986752271652222 -0.043217431753873825 0.43243640661239624 -0.8482630252838135 0.0008047182927839458 -0.5295745730400085 1.8398783206939697
-0.5360692739486694 0.054252393543720245 0.8424288630485535 40.5440788269043 0.03004751354455948 0.9985266327857971 -0.04518471658229828 0.3914281129837036 -0.843639075756073 0.0010907560354098678 -0.5369096398353577 1.396431565284729
-0.5394870042800903 0.05718478560447693 0.8400498032569885 41.2351188659668 0.031601112335920334 0.998363196849823 -0.04766716808080673 0.34482455253601074 -0.8414007425308228 0.0008306953823193908 -0.5404110550880432 0.9511242508888245
-0.5394580960273743 0.05912826210260391 0.8399338126182556 41.94351577758789 0.030824052169919014 0.9982494711875916 -0.050475962460041046 0.2975882887840271 -0.8414481282234192 -0.0013395032146945596 -0.5403363108634949 0.5088470578193665
-0.5361206531524658 0.05941111594438553 0.8420481085777283 42.64606475830078 0.032978691160678864 0.9982327222824097 -0.049433715641498566 0.24652719497680664 -0.8434969782829285 0.0012672089505940676 -0.5371326208114624 0.055868472903966904
-0.5302069187164307 0.05835419520735741 0.8458577990531921 43.398956298828125 0.030785389244556427 0.9982959032058716 -0.049573492258787155 0.19438642263412476 -0.8473091721534729 -0.0002441486285533756 -0.5310998558998108 -0.4118686020374298
-0.523396372795105 0.05724082887172699 0.8501644730567932 44.16242980957031 0.02889387123286724 0.9983595609664917 -0.04943040385842323 0.1445946842432022 -0.8515992760658264 -0.0013071562862023711 -0.5241917371749878 -0.870127260684967
-0.5160855650901794 0.056832995265722275 0.8546494841575623 44.93742752075195 0.027263600379228592 0.9983805418014526 -0.04992762580513954 0.09064282476902008 -0.8561030030250549 -0.00246610795147717 -0.5167993903160095 -1.3317009210586548
-0.5096121430397034 0.05543293431401253 0.8586166501045227 45.72941589355469 0.024966951459646225 0.9984548687934875 -0.04964243620634079 0.03245851770043373 -0.8600419163703918 -0.003861346049234271 -0.5102087259292603 -1.8032342195510864
-0.5056831240653992 0.053080249577760696 0.8610848188400269 46.53056716918945 0.02033148892223835 0.998561441898346 -0.049614861607551575 -0.02023436315357685 -0.8624796867370605 -0.007582261227071285 -0.5060348510742188 -2.2560110092163086
-0.5040708780288696 0.050211288034915924 0.862201452255249 47.35852813720703 0.015738725662231445 0.9986768960952759 -0.048957712948322296 -0.07390696555376053 -0.8635188937187195 -0.011108205653727055 -0.5041941404342651 -2.731647253036499
-0.5047029852867126 0.04743671789765358 0.86198890209198 48.1851806640625 0.013130204752087593 0.9987955093383789 -0.04727756604552269 -0.1401892900466919 -0.8631932139396667 -0.01254303753376007 -0.5047179460525513 -3.198456048965454
-0.5057494640350342 0.046315453946590424 0.8614362478256226 49.02934265136719 0.012184836901724339 0.9988416433334351 -0.04654939845204353 -0.19776898622512817 -0.8625944256782532 -0.013045870698988438 -0.5057279467582703 -3.685835123062134
-0.5060368776321411 0.04556294530630112 0.8613075613975525 49.89421844482422 0.011857334524393082 0.9988768696784973 -0.04587389528751373 -0.25394704937934875 -0.8624303340911865 -0.01300106942653656 -0.5060088038444519 -4.190321445465088
-0.5062514543533325 0.04525453597307205 0.8611977100372314 50.761837005615234 0.011880195699632168 0.9988934397697449 -0.04550649970769882 -0.30891433358192444 -0.8623040914535522 -0.012806535698473454 -0.5062289237976074 -4.696050643920898
-0.5063022375106812 0.04411200433969498 0.8612271547317505 51.638145446777344 0.011697977781295776 0.998950183391571 -0.044289108365774155 -0.3669030964374542 -0.8622767329216003 -0.012349058873951435 -0.5062867999076843 -5.206419467926025
-0.5063577890396118 0.04401000589132309 0.861199676990509 52.52505111694336 0.011827844195067883 0.9989572167396545 -0.04409546032547951 -0.4259103238582611 -0.8622423410415649 -0.012141944840550423 -0.5063503384590149 -5.723820209503174
-0.5067691802978516 0.0423961766064167 0.8610386848449707 53.4210090637207 0.009789212606847286 0.9990085363388062 -0.043428096920251846 -0.4832507073879242 -0.8620262742042542 -0.013579126447439194 -0.5066816806793213 -6.244777679443359
-0.5068269371986389 0.04142693802714348 0.8610517978668213 54.302127838134766 0.008540752343833447 0.9990368485450745 -0.04303847625851631 -0.5442119836807251 -0.8620055317878723 -0.014459026977419853 -0.50669264793396 -6.75193977355957
-0.5062053203582764 0.04076927527785301 0.8614487051963806 55.19365310668945 0.007770988158881664 0.9990570545196533 -0.04271538555622101 -0.6080849766731262 -0.862377941608429 -0.014928449876606464 -0.506044864654541 -7.2685112953186035
-0.5048357248306274 0.03920450806617737 0.8623246550559998 56.07195281982422 0.007509561255574226 0.9991297721862793 -0.04102781414985657 -0.6659709811210632 -0.8631827235221863 -0.014236632734537125 -0.504690945148468 -7.78486967086792
-0.5025714635848999 0.03718443959951401 0.8637356758117676 56.95712661743164 0.007470726501196623 0.999224066734314 -0.03867041692137718 -0.7236961126327515 -0.8645034432411194 -0.012981913052499294 -0.5024592876434326 -8.297689437866211
-0.5002819895744324 0.035597123205661774 0.8651305437088013 57.83723831176758 0.008089844137430191 0.9993031024932861 -0.03643972799181938 -0.7852011322975159 -0.8658247590065002 -0.01123136468231678 -0.5002211928367615 -8.801968574523926
-0.49779120087623596 0.03551729768514633 0.8665693998336792 58.72370147705078 0.008472474291920662 0.9993126392364502 -0.03609100729227066 -0.8397970795631409 -0.867255449295044 -0.01062379777431488 -0.4977498948574066 -9.3065767288208
-0.4958514869213104 0.03568738326430321 0.8676737546920776 59.60791778564453 0.008220146410167217 0.9993033409118652 -0.03640371561050415 -0.8961787223815918 -0.86836838722229 -0.010918432846665382 -0.49579939246177673 -9.805959701538086
-0.49475646018981934 0.036191463470458984 0.8682776689529419 60.48982238769531 0.008065233007073402 0.9992806315422058 -0.03705623000860214 -0.9488837122917175 -0.8689942359924316 -0.011330949142575264 -0.4946923851966858 -10.309160232543945
-0.49564626812934875 0.03834442421793938 0.8676775693893433 61.3651237487793 0.008162486366927624 0.9991864562034607 -0.0394933819770813 -1.0035209655761719 -0.8684861660003662 -0.012492340058088303 -0.49555596709251404 -10.803377151489258
-0.4987795054912567 0.03987477719783783 0.8658111095428467 62.238121032714844 0.006667792797088623 0.9990881085395813 -0.04217161983251572 -1.0647250413894653 -0.8667032718658447 -0.015261287800967693 -0.49859049916267395 -11.295619010925293
-0.5030685067176819 0.03978702425956726 0.8633302450180054 63.11338806152344 0.004993869457393885 0.9990568161010742 -0.043132100254297256 -1.1262513399124146 -0.8642321228981018 -0.017387041822075844 -0.5027927160263062 -11.806343078613281
-0.508687436580658 0.038531117141246796 0.8600887060165405 63.97419357299805 0.006656726822257042 0.9991441965103149 -0.040823642164468765 -1.1864047050476074 -0.8609256148338318 -0.01504109799861908 -0.5085085034370422 -12.311213493347168
-0.5136675834655762 0.036071207374334335 0.8572307229042053 64.82852935791016 0.008125772699713707 0.9992755055427551 -0.03717917203903198 -1.2490736246109009 -0.8579508662223816 -0.012132074683904648 -0.5135884881019592 -12.82987117767334
-0.5195001363754272 0.03332848474383354 0.8538201451301575 65.69549560546875 0.004738934338092804 0.9993359446525574 -0.03612527251243591 -1.3044815063476562 -0.8544571995735168 -0.014720885083079338 -0.5193131566047668 -13.334057807922363
-0.5245957374572754 0.03657621145248413 0.8505654335021973 66.53912353515625 0.007158724591135979 0.9992308020591736 -0.03855394199490547 -1.3620409965515137 -0.8513213396072388 -0.014136265963315964 -0.5244540572166443 -13.851439476013184
-0.5298141837120056 0.038464393466711044 0.8472409844398499 67.37982177734375 0.007244339678436518 0.9991397857666016 -0.040830355137586594 -1.409719705581665 -0.8480828404426575 -0.015494796447455883 -0.5296370983123779 -14.368066787719727
-0.534808337688446 0.03935708478093147 0.8440563678741455 68.20494079589844 0.005987526848912239 0.9990660548210144 -0.04279116168618202 -1.4665935039520264 -0.8449521660804749 -0.01783125475049019 -0.5345444679260254 -14.8779878616333
-0.5380961298942566 0.03944718465209007 0.8419598340988159 69.01290130615234 0.004899368155747652 0.9990336894989014 -0.04367516562342644 -1.5268023014068604 -0.842869222164154 -0.01937636360526085 -0.5377694964408875 -15.398515701293945
-0.5414075255393982 0.03893839567899704 0.8398581743240356 69.82917022705078 0.006176378577947617 0.9990842342376709 -0.04233905300498009 -1.5854779481887817 -0.8407376408576965 -0.017735399305820465 -0.5411521792411804 -15.92030143737793
-0.543351411819458 0.031940918415784836 0.8388974666595459 70.6508560180664 0.006465521175414324 0.9994054436683655 -0.033864546567201614 -1.6334404945373535 -0.8394804000854492 -0.01297643780708313 -0.5432350039482117 -16.452999114990234
-0.5459355711936951 0.0225682333111763 0.8375231623649597 71.46708679199219 0.005065735895186663 0.9997077584266663 -0.023636452853679657 -1.6888974905014038 -0.8378118276596069 -0.008661307394504547 -0.5458903908729553 -16.982622146606445
-0.5478315949440002 0.021490998566150665 0.8363125920295715 72.2829360961914 0.006205962970852852 0.9997467994689941 -0.021625570952892303 -1.7284247875213623 -0.8365656137466431 -0.006657046731561422 -0.54782634973526 -17.50971221923828
-0.548500120639801 0.026114342734217644 0.8357425928115845 73.0715560913086 0.006796441972255707 0.9996183514595032 -0.02677442878484726 -1.7749022245407104 -0.8361228704452515 -0.009005699306726456 -0.548468291759491 -18.02700424194336
-0.5506185293197632 0.0320453904569149 0.834141731262207 73.87230682373047 0.008079979568719864 0.999420702457428 -0.03306134045124054 -1.8197153806686401 -0.8347179293632507 -0.011464337818324566 -0.5505584478378296 -18.533863067626953
-0.5500993132591248 0.03613542020320892 0.8343170285224915 74.6549072265625 0.013793133199214935 0.9993202686309814 -0.03418756276369095 -1.8620754480361938 -0.8349853157997131 -0.007298705633729696 -0.5502237677574158 -19.077123641967773
-0.5498203039169312 0.037643685936927795 0.8344342708587646 75.44617462158203 0.01743166334927082 0.9992835521697998 -0.03359454125165939 -1.9117348194122314 -0.8351010084152222 -0.003925382159650326 -0.5500826239585876 -19.61055564880371
-0.5494864583015442 0.0342613086104393 0.8347998857498169 76.25096893310547 0.015897467732429504 0.9994067549705505 -0.030552877113223076 -1.9540905952453613 -0.835351288318634 -0.003517189295962453 -0.5497050881385803 -20.132003784179688
-0.5488738417625427 0.029408946633338928 0.8353877067565918 77.03958892822266 0.01376611739397049 0.9995633959770203 -0.026143847033381462 -1.9894633293151855 -0.835791826248169 -0.0028496291488409042 -0.5490391254425049 -20.646875381469727
-0.5486183166503906 0.022174334153532982 0.8357788920402527 77.8251724243164 0.010834509506821632 0.9997528195381165 -0.019412845373153687 -2.0368428230285645 -0.8360026478767395 -0.0015949881635606289 -0.5487229824066162 -21.134891510009766
-0.5477465987205505 0.01701814867556095 0.8364710807800293 78.65013885498047 0.00276543153449893 0.9998244643211365 -0.01853070966899395 -2.0707361698150635 -0.8366397023200989 -0.007836930453777313 -0.5476974844932556 -21.673614501953125
-0.5462191104888916 0.011734845116734505 0.8375600576400757 79.44852447509766 -0.005097231827676296 0.9998367428779602 -0.017332648858428 -2.0974154472351074 -0.8376268148422241 -0.013736662454903126 -0.5460701584815979 -22.175138473510742
-0.5439957976341248 0.012713727541267872 0.838991641998291 80.23136901855469 -0.0011848047142848372 0.9998724460601807 -0.015919871628284454 -2.1350088119506836 -0.8390870690345764 -0.00965438224375248 -0.5439113974571228 -22.686628341674805
-0.5412076115608215 0.016009261831641197 0.8407365083694458 81.01168060302734 0.0033881287090480328 0.9998521208763123 -0.016858095303177834 -2.1758203506469727 -0.8408821821212769 -0.006275205407291651 -0.5411819815635681 -23.18189811706543
-0.5355641841888428 0.019307313486933708 0.8442738056182861 81.81804656982422 0.00491300830617547 0.9997928738594055 -0.01974724791944027 -2.1969048976898193 -0.8444802761077881 -0.006427991669625044 -0.5355481505393982 -23.69357681274414
-0.527067244052887 0.02188623510301113 0.8495417237281799 82.601806640625 0.01056755892932415 0.9997597932815552 -0.019199959933757782 -2.231083869934082 -0.8497578501701355 -0.001142087741754949 -0.5271721482276917 -24.206340789794922
-0.5189632177352905 0.02548278123140335 0.8544166684150696 83.39521026611328 0.01830463856458664 0.9996576309204102 -0.018696526065468788 -2.2688965797424316 -0.8546006083488464 0.005936978850513697 -0.5192520618438721 -24.6968936920166
-0.5097734928131104 0.024507373571395874 0.8599594831466675 84.19418334960938 0.014937639236450195 0.9996955394744873 -0.01963476836681366 -2.293663263320923 -0.8601789474487305 0.0028364805039018393 -0.5099844932556152 -25.153928756713867
-0.49864742159843445 0.021988583728671074 0.8665260076522827 85.02056121826172 0.011957455426454544 0.9997575283050537 -0.018488427624106407 -2.3208279609680176 -0.8667224049568176 0.0011422394309192896 -0.498789519071579 -25.62067413330078
-0.4873387813568115 0.018682116642594337 0.8730130791664124 85.82994079589844 0.01317512709647417 0.9998146295547485 -0.014040913432836533 -2.3605713844299316 -0.8731135725975037 0.004659376572817564 -0.4874945878982544 -26.065006256103516
-0.47617390751838684 0.017620181664824486 0.8791745901107788 86.64259338378906 0.012952935881912708 0.9998313188552856 -0.013022850267589092 -2.394864797592163 -0.8792557716369629 0.005186750553548336 -0.4763217866420746 -26.501033782958984
-0.46424758434295654 0.01695318892598152 0.8855431079864502 87.45726013183594 0.012961961328983307 0.9998397827148438 -0.01234599482268095 -2.418300151824951 -0.8856105208396912 0.005746776238083839 -0.4643930196762085 -26.920995712280273
-0.4524354338645935 0.01817106269299984 0.8916119933128357 88.29759979248047 0.014366105198860168 0.9998111724853516 -0.013086289167404175 -2.4450953006744385 -0.8916813731193542 0.006888290401548147 -0.4526110887527466 -27.342975616455078
-0.4404664933681488 0.0221247635781765 0.8974964022636414 89.1318588256836 0.01344772893935442 0.9997467398643494 -0.018045632168650627 -2.476318597793579 -0.8976683020591736 0.004120791330933571 -0.440652459859848 -27.75034523010254
-0.42927101254463196 0.031406089663505554 0.902629554271698 89.95377349853516 0.01610751822590828 0.9995024800300598 -0.027116302400827408 -2.5096378326416016 -0.9030320644378662 0.002898877253755927 -0.42956337332725525 -28.13397979736328
-0.41589781641960144 0.03631773218512535 0.9086858034133911 90.7922592163086 0.015256442129611969 0.999340295791626 -0.032958194613456726 -2.5389909744262695 -0.9092833399772644 0.00015607080422341824 -0.41617751121520996 -28.522602081298828
-0.4047809839248657 0.03242585062980652 0.9138386249542236 91.64134979248047 0.012414002791047096 0.9994738698005676 -0.029965724796056747 -2.5806610584259033 -0.9143293499946594 -0.0007851608097553253 -0.40497058629989624 -28.894243240356445
-0.39303189516067505 0.028214314952492714 0.9190918207168579 92.4764633178711 0.011056308634579182 0.9996019005775452 -0.025957804173231125 -2.627511739730835 -0.9194583892822266 -4.047983020427637e-05 -0.39318734407424927 -29.242013931274414
-0.38315072655677795 0.02888607792556286 0.9232340455055237 93.31278228759766 0.00831836462020874 0.9995782375335693 -0.027822531759738922 -2.6713550090789795 -0.9236484169960022 -0.002980425488203764 -0.38322940468788147 -29.57979393005371
-0.3767327666282654 0.0332036018371582 0.925726592540741 94.16557312011719 0.0035478095524013042 0.9994016885757446 -0.03440233692526817 -2.718313455581665 -0.9263152480125427 -0.009676185436546803 -0.3766251802444458 -29.910823822021484
-0.37157830595970154 0.03802431374788284 0.9276226162910461 94.99000549316406 -0.0035359696485102177 0.9990957379341125 -0.04237048327922821 -2.7592663764953613 -0.9283948540687561 -0.019023999571800232 -0.37110790610313416 -30.227684020996094
-0.36819109320640564 0.0401126854121685 0.9288844466209412 95.83432006835938 -0.005806193687021732 0.9989503026008606 -0.04543984681367874 -2.810389280319214 -0.9297319650650024 -0.022123830392956734 -0.3675716817378998 -30.55104637145996
-0.36446964740753174 0.03982846438884735 0.9303631782531738 96.66730499267578 -0.006577700842171907 0.9989499449729919 -0.04534144699573517 -2.865579605102539 -0.9311920404434204 -0.022645235061645508 -0.3638249933719635 -30.866458892822266
-0.3598904013633728 0.039906907826662064 0.9321406483650208 97.50109100341797 -0.008214675821363926 0.9989105463027954 -0.04593707248568535 -2.9198060035705566 -0.9329584240913391 -0.024189544841647148 -0.35917046666145325 -31.17902374267578
-0.35377776622772217 0.03579731658101082 0.9346442222595215 98.34938049316406 -0.01017452497035265 0.9990609288215637 -0.042115725576877594 -2.9738669395446777 -0.9352741837501526 -0.02440916933119297 -0.3530813157558441 -31.495620727539062
-0.34856292605400085 0.031749047338962555 0.9367474913597107 99.20494079589844 -0.010515724308788776 0.999230682849884 -0.03777967393398285 -3.029132604598999 -0.9372262954711914 -0.023019174113869667 -0.3479609489440918 -31.80844497680664
-0.3430393636226654 0.028668999671936035 0.9388834238052368 100.04595947265625 -0.012909214943647385 0.9992958307266235 -0.03523033857345581 -3.077474594116211 -0.9392322897911072 -0.024205639958381653 -0.34242770075798035 -32.10414123535156
-0.3369550108909607 0.026634065434336662 0.9411439299583435 100.91622161865234 -0.0205437820404768 0.9991538524627686 -0.0356309600174427 -3.132974624633789 -0.9412965178489685 -0.03134068846702576 -0.3361227512359619 -32.401309967041016
-0.330903023481369 0.02715379185974598 0.9432739615440369 101.76024627685547 -0.02767237275838852 0.9988768100738525 -0.03846195712685585 -3.1751043796539307 -0.9432588815689087 -0.03882981836795807 -0.3297799527645111 -32.68035125732422
-0.3242940902709961 0.031230412423610687 0.9454406499862671 102.60193634033203 -0.025527510792016983 0.9988019466400146 -0.041749224066734314 -3.2262320518493652 -0.9456117749214172 -0.03767377510666847 -0.3231083154678345 -32.96174240112305
-0.31718361377716064 0.034397099167108536 0.9477401971817017 103.45598602294922 -0.024094577878713608 0.9987271428108215 -0.044311437755823135 -3.2758400440216064 -0.948058009147644 -0.036890264600515366 -0.3159511089324951 -33.244354248046875
-0.31085827946662903 0.03277586027979851 0.9498910307884216 104.3180923461914 -0.025667918846011162 0.998751163482666 -0.042861778289079666 -3.3242530822753906 -0.9501096606254578 -0.037705663591623306 -0.30962881445884705 -33.5154914855957
-0.30360662937164307 0.027816729620099068 0.9523912668228149 105.17120361328125 -0.02643595077097416 0.9989429116249084 -0.037603721022605896 -3.374819040298462 -0.9524306058883667 -0.03659411519765854 -0.30255037546157837 -33.78600311279297
-0.29662883281707764 0.02506493777036667 0.9546638131141663 106.0312728881836 -0.0273680929094553 0.9990217685699463 -0.034733254462480545 -3.4262428283691406 -0.9546005725860596 -0.03643021360039711 -0.29565271735191345 -34.04437255859375
-0.29028478264808655 0.02843533828854561 0.95651775598526 106.89306640625 -0.0298552718013525 0.9988026022911072 -0.03875289112329483 -3.467644453048706 -0.9564744234085083 -0.03980647027492523 -0.28908830881118774 -34.29332733154297
-0.2839621603488922 0.03117084875702858 0.9583287239074707 107.74617767333984 -0.02932726964354515 0.9987214803695679 -0.04117463156580925 -3.5178873538970947 -0.9583868980407715 -0.03979719802737236 -0.28268489241600037 -34.53910827636719
-0.2772018611431122 0.031570497900247574 0.9602929353713989 108.60218811035156 -0.03149621561169624 0.998624324798584 -0.041922494769096375 -3.5665128231048584 -0.9602953791618347 -0.04186657816171646 -0.275826096534729 -34.77479553222656
-0.2703007757663727 0.031080983579158783 0.9622741341590881 109.46366119384766 -0.031761813908815384 0.9986468553543091 -0.04117762669920921 -3.6206281185150146 -0.9622519016265869 -0.04169391468167305 -0.2689477801322937 -35.01205825805664
-0.2619399130344391 0.03081398829817772 0.9645921587944031 110.32433319091797 -0.027852175757288933 0.9988324642181396 -0.03947119787335396 -3.6717915534973145 -0.9646822214126587 -0.03720507025718689 -0.2607758045196533 -35.24810791015625
-0.2544848322868347 0.031993620097637177 0.966547429561615 111.18024444580078 -0.025452114641666412 0.9988847970962524 -0.0397653765976429 -3.720499038696289 -0.9667418003082275 -0.03472036495804787 -0.2533867657184601 -35.47172546386719
-0.24768060445785522 0.03270557150244713 0.9682895541191101 112.04280853271484 -0.023427803069353104 0.9989356398582458 -0.03973332792520523 -3.7690622806549072 -0.9685583710670471 -0.032526083290576935 -0.2466508001089096 -35.6881217956543
-0.24111579358577728 0.03157859295606613 0.9699824452400208 112.91156768798828 -0.029651284217834473 0.998764157295227 -0.0398862399160862 -3.815796375274658 -0.9700432419776917 -0.03837842866778374 -0.2398814558982849 -35.886993408203125
-0.23516158759593964 0.02965988777577877 0.9715035557746887 113.77701568603516 -0.0343274250626564 0.9986572861671448 -0.038798172026872635 -3.8643453121185303 -0.9713498950004578 -0.04247305914759636 -0.23382766544818878 -36.087982177734375
-0.2308158427476883 0.029707172885537148 0.9725437760353088 114.65520477294922 -0.031986020505428314 0.9987618923187256 -0.03809933736920357 -3.912734031677246 -0.9724715352058411 -0.0399017333984375 -0.2295798510313034 -36.287498474121094
-0.22636651992797852 0.029608681797981262 0.9735920429229736 115.52490234375 -0.030539849773049355 0.9988306760787964 -0.037476953119039536 -3.9651992321014404 -0.9735633134841919 -0.038216885179281235 -0.22519759833812714 -36.4826545715332
-0.22134721279144287 0.03151455521583557 0.9746857285499573 116.39382934570312 -0.02903606928884983 0.9988215565681458 -0.03888891637325287 -4.012331485748291 -0.9747626781463623 -0.036908991634845734 -0.22017130255699158 -36.679927825927734
-0.21530485153198242 0.030096104368567467 0.976082980632782 117.24797058105469 -0.022769493982195854 0.9990986585617065 -0.035828255116939545 -4.064056396484375 -0.9762814044952393 -0.029938915744423866 -0.21442551910877228 -36.869903564453125
-0.21008850634098053 0.02925909496843815 0.9772443771362305 118.12509155273438 -0.01576673798263073 0.9993207454681396 -0.033309608697891235 -4.104008197784424 -0.9775552749633789 -0.022405920550227165 -0.20948445796966553 -37.06456756591797
-0.20445580780506134 0.02858952432870865 0.9784581065177917 119.00016784667969 -0.013728330843150616 0.9993913769721985 -0.032069798558950424 -4.152040958404541 -0.9787795543670654 -0.019989456981420517 -0.20393888652324677 -37.253631591796875
