0.999999940 -0.000000000 0.000000000 0.000000000 -0.000000000 0.999999940 0.000000000 0.000000000 0.000000000 0.000000000 1.000000000 -0.000000000
0.999991357 -0.002449159 -0.003350302 -0.002999794 0.002441830 0.999994576 -0.002189889 -0.005310750 0.003355647 0.002181689 0.999992013 0.666723549
0.999970675 -0.001531714 -0.007502047 -0.009983358 0.001505610 0.999992788 -0.003484027 -0.010905713 0.007507331 0.003472630 0.999965727 1.368815541
0.999934852 -0.001270445 -0.011339370 -0.025698826 0.001214520 0.999986947 -0.004937409 -0.012436787 0.011345496 0.004923315 0.999923527 2.071018934
0.999867857 -0.000028054 -0.016255897 -0.045213912 -0.000063808 0.999983966 -0.005650459 -0.014696316 0.016255792 0.005650749 0.999851882 2.801243305
0.999788225 -0.000961864 -0.020556739 -0.061936975 0.000844903 0.999983370 -0.005697605 -0.029223384 0.020561880 0.005679031 0.999772429 3.540715456
0.999685168 0.000833849 -0.025076391 -0.087394267 -0.001011427 0.999974430 -0.007069614 -0.032433555 0.025069859 0.007092752 0.999660552 4.295734882
0.999556720 0.003680151 -0.029543683 -0.122915223 -0.003909091 0.999962747 -0.007695216 -0.042573266 0.029514264 0.007807295 0.999533892 5.056004524
0.999410391 0.003986759 -0.034102418 -0.150800079 -0.004195620 0.999972820 -0.006055160 -0.048244227 0.034077365 0.006194672 0.999399960 5.860198975
0.999246716 0.003390610 -0.038657703 -0.184884191 -0.003530872 0.999987423 -0.003560625 -0.053159893 0.038645141 0.003694438 0.999246120 6.661660671
0.999121010 0.003026039 -0.041809991 -0.228082269 -0.003059808 0.999994934 -0.000743685 -0.061114419 0.041807536 0.000870961 0.999125242 7.466448307
0.999015868 0.004360684 -0.044140901 -0.276377946 -0.004426776 0.999989212 -0.001399641 -0.070914224 0.044134334 0.001593666 0.999024332 8.272515297
0.998899937 0.004242813 -0.046699747 -0.313941956 -0.004344011 0.999988437 -0.002065715 -0.075057887 0.046690449 0.002266307 0.998906791 9.120770454
0.998833299 0.001323038 -0.048272345 -0.357458562 -0.001446790 0.999995708 -0.002528777 -0.081560656 0.048268791 0.002595667 0.998830974 9.955218315
0.998708010 0.000747343 -0.050809231 -0.395090461 -0.000826208 0.999998510 -0.001531178 -0.090898216 0.050807998 0.001571180 0.998707116 10.806864738
0.998604059 -0.000786390 -0.052814346 -0.437304497 0.000667920 0.999997199 -0.002260752 -0.095487304 0.052815977 0.002222320 0.998601794 11.659897804
0.998527884 0.001449479 -0.054222185 -0.486923069 -0.001663145 0.999991000 -0.003895638 -0.113394737 0.054216057 0.003980082 0.998521268 12.512063026
0.998464286 0.001875060 -0.055369049 -0.546512663 -0.002251283 0.999974787 -0.006733246 -0.119701959 0.055355038 0.006847557 0.998443127 13.380523682
0.998376131 0.005648041 -0.056686964 -0.611212730 -0.006130710 0.999946356 -0.008344351 -0.135260791 0.056636807 0.008678332 0.998357058 14.252936363
0.998284161 0.006311588 -0.058215652 -0.657437742 -0.006776061 0.999946713 -0.007784550 -0.147970974 0.058163419 0.008165665 0.998273611 15.147452354
0.998210371 0.006102420 -0.059487842 -0.717274785 -0.006474639 0.999960601 -0.006066290 -0.167350799 0.059448481 0.006440595 0.998210490 16.034896851
0.998136580 0.006858109 -0.060633041 -0.779582381 -0.007167288 0.999962330 -0.004883146 -0.176312536 0.060597278 0.005308621 0.998148143 16.931211472
0.998089075 0.006524160 -0.061446503 -0.841101646 -0.006810795 0.999966741 -0.004456485 -0.196156695 0.061415400 0.004866467 0.998100400 17.835056305
0.997960806 0.006091651 -0.063538082 -0.894749105 -0.006452417 0.999964178 -0.005474288 -0.204792589 0.063502476 0.005873099 0.997964382 18.740816116
0.997890294 0.004535638 -0.064763889 -0.956572711 -0.004934523 0.999969780 -0.006000427 -0.217998818 0.064734727 0.006307348 0.997882545 19.655838013
0.997859538 0.004296836 -0.065251611 -1.013841510 -0.004582580 0.999980628 -0.004230063 -0.229731724 0.065232165 0.004520030 0.997859836 20.575546265
0.997853935 0.006156168 -0.065189093 -1.080488920 -0.006246556 0.999979734 -0.001182806 -0.239252135 0.065180503 0.001587475 0.997872233 21.494253159
0.997916222 0.007288397 -0.064109743 -1.145645618 -0.007136287 0.999971092 0.002601330 -0.249047324 0.064126842 -0.002138404 0.997939408 22.424757004
0.998030901 0.006471723 -0.062388029 -1.211780429 -0.006162249 0.999967694 0.005151595 -0.252384245 0.062419340 -0.004757002 0.998038650 23.357706070
0.998116732 0.006316457 -0.061016843 -1.266320944 -0.005945115 0.999962687 0.006265508 -0.261352658 0.061054144 -0.005890956 0.998117030 24.300411224
0.998194337 0.006734109 -0.059687946 -1.322562933 -0.006541279 0.999972761 0.003425443 -0.268455923 0.059709389 -0.003028822 0.998211145 25.244264603
0.998232782 0.007262836 -0.058979928 -1.381390452 -0.007356373 0.999971986 -0.001368932 -0.273639530 0.058968335 0.001800391 0.998258173 26.182464600
0.998318911 0.006798842 -0.057559326 -1.438612223 -0.007042142 0.999967039 -0.004025145 -0.288719654 0.057530068 0.004423719 0.998333991 27.128913879
0.998354077 0.004098841 -0.057203669 -1.487667322 -0.004285374 0.999985874 -0.003138587 -0.297762632 0.057189997 0.003378560 0.998357594 28.086997986
0.998377800 0.002418535 -0.056884289 -1.554202795 -0.002313153 0.999995351 0.001918336 -0.309352338 0.056888670 -0.001783643 0.998378932 29.062437057
0.998338580 -0.001075196 -0.057608768 -1.607094526 0.001389192 0.999984324 0.005410715 -0.320246160 0.057602048 -0.005481756 0.998324513 30.021320343
0.998235285 -0.008511454 -0.058769196 -1.655741811 0.008811577 0.999949396 0.004849553 -0.327985197 0.058724947 -0.005358844 0.998259842 30.996679306
0.998134434 -0.011022856 -0.060051624 -1.712339878 0.011104622 0.999937713 0.001028034 -0.332861990 0.060036559 -0.001692967 0.998194695 31.961563110
0.998046398 -0.010733900 -0.061547756 -1.773931742 0.010567426 0.999939501 -0.003029657 -0.339272082 0.061576564 0.002373336 0.998099387 32.941596985
0.997925580 -0.009803387 -0.063626789 -1.845172644 0.009592199 0.999947369 -0.003623807 -0.347480863 0.063658975 0.003005968 0.997967184 33.932067871
0.997887611 -0.009633392 -0.064244010 -1.903619528 0.009534160 0.999952793 -0.001851025 -0.368991852 0.064258799 0.001234603 0.997932494 34.894142151
0.997825503 -0.006558448 -0.065582462 -1.973458767 0.006628605 0.999977589 0.000852199 -0.380845547 0.065575399 -0.001285066 0.997846723 35.892322540
0.997757494 -0.006196841 -0.066643029 -2.043134212 0.006363238 0.999977112 0.002284849 -0.394699216 0.066627361 -0.002703791 0.997774303 36.867713928
0.997698247 -0.005125339 -0.067614771 -2.112959862 0.005467976 0.999973059 0.004883384 -0.402019143 0.067587942 -0.005241861 0.997699559 37.845832825
0.997712672 -0.005011826 -0.067411214 -2.178377151 0.005551644 0.999953926 0.007822885 -0.409471065 0.067368902 -0.008179235 0.997694612 38.832340240
0.997680306 0.000667624 -0.068070069 -2.255905151 0.000016536 0.999949515 0.010049785 -0.410329670 0.068073325 -0.010027599 0.997629941 39.818683624
0.997669280 0.000817668 -0.068229005 -2.331315279 -0.000172640 0.999955237 0.009459228 -0.416032225 0.068233676 -0.009425404 0.997624815 40.822410583
0.997686505 0.000679024 -0.067978188 -2.406227589 -0.000148024 0.999969423 0.007816054 -0.417507559 0.067981414 -0.007787909 0.997656226 41.816360474
0.997677922 0.003092233 -0.068038151 -2.485430002 -0.002706203 0.999979675 0.005765159 -0.428150982 0.068054602 -0.005567647 0.997666001 42.802650452
0.997616291 0.002527347 -0.068960488 -2.545304298 -0.002147055 0.999982178 0.005588198 -0.427839935 0.068973355 -0.005426816 0.997603774 43.773925781
0.997536361 0.000893034 -0.070146188 -2.616242886 -0.000419455 0.999977052 0.006765752 -0.437055498 0.070150606 -0.006719659 0.997513771 44.755077362
0.997477889 0.001610360 -0.070959032 -2.689564228 -0.001063488 0.999969423 0.007743973 -0.444740862 0.070969336 -0.007648977 0.997449160 45.732505798
0.997458339 0.003356410 -0.071172170 -2.760270119 -0.003046611 0.999985337 0.004460941 -0.454313874 0.071186110 -0.004232770 0.997453988 46.703403473
0.997393906 0.003876481 -0.072042860 -2.838094234 -0.003868954 0.999992490 0.000244032 -0.460694373 0.072043270 0.000035334 0.997401416 47.666519165
0.997351050 0.005046342 -0.072562158 -2.917202950 -0.005147382 0.999985993 -0.001205517 -0.465917826 0.072555065 0.001575830 0.997363150 48.624679565
0.997371554 0.004115437 -0.072337836 -2.999669075 -0.003941644 0.999988973 0.002545113 -0.482065916 0.072347499 -0.002253293 0.997376859 49.596710205
0.997322559 0.001408877 -0.073113069 -3.051334381 -0.000979429 0.999981999 0.005909266 -0.493988603 0.073120080 -0.005821835 0.997306287 50.567932129
0.997309506 -0.000195957 -0.073304884 -3.124726295 0.000678609 0.999978244 0.006559329 -0.503150463 0.073302016 -0.006591427 0.997287989 51.528972626
0.997273505 -0.003510817 -0.073710836 -3.194297552 0.003905112 0.999978840 0.005205767 -0.510722637 0.073691003 -0.005479423 0.997266114 52.488784790
0.997238338 -0.006632871 -0.073969550 -3.257071257 0.006956330 0.999967277 0.004116082 -0.518489003 0.073939830 -0.004619270 0.997251987 53.428634644
0.997160017 -0.007920820 -0.074893177 -3.331360579 0.008331033 0.999951959 0.005166477 -0.526673436 0.074848637 -0.005775741 0.997178197 54.380313873
0.997023582 -0.011627068 -0.076216042 -3.397204638 0.012378336 0.999879301 0.009392107 -0.530856073 0.076097630 -0.010307580 0.997047126 55.330753326
0.996986866 -0.011791506 -0.076668501 -3.470123529 0.012923853 0.999814332 0.014290053 -0.536268234 0.076485746 -0.015237851 0.996954203 56.268009186
0.996948540 -0.010017431 -0.077415079 -3.547931194 0.011318551 0.999801636 0.016386593 -0.534698188 0.077235557 -0.017212819 0.996864259 57.217494965
0.996849716 -0.008725085 -0.078830928 -3.625548840 0.009712203 0.999879003 0.012147247 -0.534560800 0.078715384 -0.012874603 0.996814013 58.146244049
0.996759892 -0.006874281 -0.080139637 -3.701622486 0.007263992 0.999963164 0.004572368 -0.541855693 0.080105253 -0.005139688 0.996773183 59.050983429
0.996722817 -0.005544071 -0.080702409 -3.787618637 0.005563456 0.999984443 0.000015340 -0.555179119 0.080701075 -0.000464274 0.996738195 59.976921082
0.996696711 -0.000262840 -0.081213549 -3.878085613 0.000326842 0.999999583 0.000774782 -0.564526141 0.081213303 -0.000798766 0.996696353 60.879711151
0.996561468 0.002511638 -0.082819648 -3.958279610 -0.002258965 0.999992490 0.003144452 -0.578004062 0.082826927 -0.002946552 0.996559501 61.775474548
0.996475756 0.004996959 -0.083733484 -4.034598827 -0.004626978 0.999978721 0.004612031 -0.591391444 0.083754741 -0.004208345 0.996477485 62.659442902
0.996358752 0.005644368 -0.085072763 -4.110643387 -0.005307916 0.999977171 0.004180533 -0.597912848 0.085094407 -0.003713752 0.996365905 63.526809692
0.996232092 0.007339595 -0.086416125 -4.193049431 -0.006902146 0.999961734 0.005359821 -0.610072851 0.086452164 -0.004743169 0.996244669 64.377586365
0.996095538 0.008425575 -0.087879874 -4.272187233 -0.007937144 0.999951005 0.005905882 -0.620442510 0.087925337 -0.005185307 0.996113539 65.217559814
0.995978296 0.007979134 -0.089238904 -4.344497681 -0.007438735 0.999951899 0.006386573 -0.630561113 0.089285575 -0.005697064 0.995989740 66.029541016
0.995873988 0.007614338 -0.090426661 -4.418709755 -0.006966425 0.999947786 0.007478525 -0.636432409 0.090478890 -0.006817720 0.995875001 66.832649231
0.995722055 0.010556555 -0.091793448 -4.498374939 -0.009666730 0.999901891 0.010132996 -0.643382847 0.091891408 -0.009202309 0.995726526 67.633239746
0.995586514 0.012286454 -0.093039319 -4.579409122 -0.011008660 0.999838054 0.014234710 -0.648701072 0.093199134 -0.013147651 0.995560706 68.421936035
0.995399356 0.015168287 -0.094604343 -4.664108753 -0.013715493 0.999778211 0.015987916 -0.651788950 0.094825864 -0.014616819 0.995386481 69.200340271
0.995221019 0.018159499 -0.095944479 -4.742819309 -0.017105788 0.999784052 0.011793724 -0.656701982 0.096137926 -0.010096156 0.995316803 69.949882507
0.995084047 0.017880635 -0.097406335 -4.813143730 -0.017504301 0.999835551 0.004716790 -0.668371618 0.097474672 -0.002988572 0.995233476 70.670349121
0.994948864 0.017088009 -0.098917820 -4.885500908 -0.017280573 0.999850035 -0.001090168 -0.674333811 0.098884366 0.002794018 0.995095015 71.377838135
0.994894445 0.017864078 -0.099327065 -4.960361481 -0.018205306 0.999831021 -0.002530017 -0.676911831 0.099265084 0.004325380 0.995051622 72.072395325
0.994782805 0.020403689 -0.099953994 -5.039653778 -0.020390976 0.999791324 0.001148913 -0.687526226 0.099956594 0.000895241 0.994991422 72.745552063
0.994642198 0.020793032 -0.101264410 -5.112224579 -0.020547254 0.999782801 0.003469605 -0.704702377 0.101314567 -0.001370311 0.994853497 73.398925781
0.994606614 0.017660992 -0.102204613 -5.176753044 -0.017723965 0.999842763 0.000291965 -0.716294527 0.102193713 0.001521081 0.994763374 74.026077271
0.994705915 0.009337494 -0.102336809 -5.227604866 -0.009884793 0.999939442 -0.004842198 -0.731676102 0.102285385 0.005828143 0.994737983 74.640518188
0.994846225 0.005410193 -0.101250514 -5.284687996 -0.006427353 0.999932110 -0.009722451 -0.737520754 0.101191022 0.010323117 0.994813442 75.239334106
0.995133698 0.007641640 -0.098236911 -5.341796398 -0.008653431 0.999913752 -0.009877563 -0.752692461 0.098152965 0.010679582 0.995113969 75.817535400
0.995475411 0.012726612 -0.094162665 -5.403634071 -0.013429643 0.999886394 -0.006836172 -0.765387177 0.094064966 0.008069813 0.995533288 76.388839722
0.995913982 0.011289862 -0.089598291 -5.452899456 -0.011667931 0.999925017 -0.003696951 -0.776129186 0.089549825 0.004727273 0.995971084 76.943428040
0.996452987 0.007671964 -0.083800815 -5.491381645 -0.007684105 0.999970436 0.000177667 -0.780758381 0.083799705 0.000466899 0.996482432 77.490386963
0.997136474 0.002907421 -0.075568512 -5.518303394 -0.002628531 0.999989271 0.003789804 -0.797596812 0.075578742 -0.003580319 0.997133374 78.015205383
0.997860730 0.006654891 -0.065035060 -5.548339844 -0.006431106 0.999972641 0.003649742 -0.806169212 0.065057576 -0.003223687 0.997876287 78.529106140
0.998694241 0.011900264 -0.049680404 -5.580270767 -0.011764101 0.999926269 0.003032299 -0.811181962 0.049712829 -0.002443894 0.998760521 79.033790588
0.999361217 0.016874375 -0.031500958 -5.596163273 -0.016771836 0.999853253 0.003516508 -0.816949069 0.031555679 -0.002985933 0.999497473 79.528320312
0.999835968 0.015538721 -0.009294670 -5.586786747 -0.015499934 0.999871016 0.004230746 -0.824488044 0.009359196 -0.004085985 0.999947846 80.006500244
0.999789000 0.012037900 0.016642330 -5.552554607 -0.012122306 0.999914110 0.004980215 -0.829009116 -0.016580947 -0.005180907 0.999849141 80.461120605
0.998880804 0.010905353 0.046025008 -5.506013393 -0.011219231 0.999915421 0.006566912 -0.838531554 -0.045949504 -0.007075927 0.998918772 80.914001465
0.996796906 0.010547913 0.079275131 -5.452596664 -0.011225638 0.999904037 0.008108210 -0.845490336 -0.079182014 -0.008972152 0.996819913 81.367385864
0.993101954 0.010687377 0.116766274 -5.375016212 -0.011753389 0.999895275 0.008444687 -0.848203063 -0.116663799 -0.009758836 0.993123591 81.808403015
0.987325907 0.010393657 0.158365235 -5.290275574 -0.011837976 0.999896407 0.008179577 -0.852229357 -0.158263803 -0.009950630 0.987346709 82.204956055
0.979023516 0.010139765 0.203494802 -5.174516678 -0.012031836 0.999895036 0.008062849 -0.858012557 -0.203391731 -0.010342133 0.979042828 82.623291016
0.967540383 0.012356052 0.252414197 -5.040340424 -0.014326612 0.999879479 0.005970397 -0.866315603 -0.252310008 -0.009392841 0.967600822 83.024177551
0.952024341 0.013493652 0.305724591 -4.890737534 -0.015145515 0.999880672 0.003031676 -0.873151302 -0.305647194 -0.007516587 0.952115178 83.405532837
0.932319403 0.013952259 0.361366689 -4.707599640 -0.015061166 0.999886453 0.000252221 -0.872518003 -0.361322135 -0.005677756 0.932423651 83.774276733
0.908185124 0.013957944 0.418335974 -4.522304535 -0.014951372 0.999887764 -0.000903024 -0.887589812 -0.418301702 -0.005434585 0.908291936 84.090278625
0.879025340 0.014416859 0.476557046 -4.304382324 -0.014662128 0.999887347 -0.003203928 -0.890175998 -0.476549596 -0.004171006 0.879137695 84.420135498
0.845628917 0.013280575 0.533605993 -4.063571930 -0.012131735 0.999910414 -0.005660432 -0.895494044 -0.533633351 -0.001686941 0.845714331 84.721786499
0.808692276 0.012718297 0.588094532 -3.801601410 -0.010627864 0.999918997 -0.007010092 -0.904556394 -0.588135958 -0.000581182 0.808761835 85.012107849
0.768794954 0.011645839 0.639389396 -3.524372101 -0.009872927 0.999931157 -0.006341648 -0.913012505 -0.639419198 -0.001437219 0.768856943 85.280532837
0.726864219 0.010491386 0.686701059 -3.229537964 -0.011028806 0.999932647 -0.003603077 -0.926962018 -0.686692595 -0.004954545 0.726931095 85.517486572
0.682624161 0.009220595 0.730711460 -2.932670593 -0.009983201 0.999944687 -0.003291741 -0.935185909 -0.730701447 -0.005047818 0.682678461 85.717109680
0.636033773 0.007923794 0.771620452 -2.612430573 -0.006719410 0.999966204 -0.004729988 -0.941278756 -0.771631956 -0.002176403 0.636065483 85.923339844
0.589228749 0.005462994 0.807947814 -2.278751373 -0.001040087 0.999981403 -0.006002917 -0.946224689 -0.807965577 0.002696755 0.589223444 86.107299805
0.543212175 0.007498157 0.839561939 -1.937881470 -0.003400408 0.999971449 -0.006730655 -0.959793448 -0.839588583 0.000801322 0.543222129 86.270828247
0.494995981 0.010487017 0.868832052 -1.608940125 -0.006990756 0.999942839 -0.008086745 -0.967364550 -0.868867159 -0.002070888 0.495041013 86.439155579
0.449805349 0.012581574 0.893038034 -1.265594482 -0.007394230 0.999918878 -0.010363042 -0.974374771 -0.893096089 -0.001941977 0.449861914 86.572021484
0.406384528 0.009956754 0.913647830 -0.918014526 -0.000633516 0.999943435 -0.010615402 -0.987225890 -0.913701952 0.003735126 0.406367838 86.696594238
0.367053449 0.002255301 0.930196941 -0.549570084 0.014334469 0.999864578 -0.008080559 -0.991876960 -0.930089355 0.016299879 0.366971523 86.781585693
0.331728846 -0.001392522 0.943373680 -0.180578232 0.018851481 0.999808908 -0.005153127 -0.994551539 -0.943186462 0.019493433 0.331691772 86.872711182
0.298617572 0.002700896 0.954368949 0.187292099 0.016180620 0.999837875 -0.007892413 -1.003078222 -0.954235673 0.017799094 0.298525512 86.969100952
0.267492592 0.009933885 0.963508666 0.551656723 0.005391186 0.999915719 -0.011805966 -1.019050837 -0.963544905 0.008352462 0.267416567 87.070365906
0.238371819 0.015117826 0.971056163 0.946605682 -0.000634558 0.999881029 -0.015410810 -1.034682751 -0.971173704 0.003057312 0.238353059 87.171455383
0.212593123 0.016653463 0.976998746 1.336965561 0.000802705 0.999851346 -0.017217664 -1.049347639 -0.977140427 0.004444599 0.212548137 87.236183167
0.189007163 0.018217998 0.981806636 1.746770859 0.007964696 0.999766588 -0.020084534 -1.057987452 -0.981943369 0.011615911 0.188817933 87.293067932
0.169237271 0.024264727 0.985276461 2.157810211 0.014714243 0.999523222 -0.027142994 -1.061711550 -0.985465348 0.019091202 0.168799520 87.329750061
0.149592534 0.031495482 0.988245904 2.581047058 0.016552521 0.999272704 -0.034352481 -1.059799433 -0.988609076 0.021496836 0.148962379 87.378524780
0.131906196 0.031906944 0.990748405 3.026044846 0.015054339 0.999301970 -0.034186710 -1.069116354 -0.991147757 0.019424506 0.131333783 87.438858032
0.116550177 0.027446419 0.992805362 3.481326103 0.012934196 0.999491215 -0.029149661 -1.094173908 -0.993100464 0.016238539 0.116135903 87.484695435
0.101585537 0.024266012 0.994530678 3.954244614 0.013183147 0.999581754 -0.025735840 -1.113958001 -0.994739294 0.015725436 0.101223148 87.534637451
0.088812128 0.021964913 0.995806098 4.434356689 0.015586585 0.999603689 -0.023438787 -1.130085468 -0.995926440 0.017602868 0.088434577 87.559341431
0.076883674 0.021121478 0.996816278 4.925760746 0.019047625 0.999561906 -0.022648789 -1.143315911 -0.996858120 0.020728309 0.076447681 87.586814880
0.066871300 0.021961093 0.997519851 5.437655449 0.022125974 0.999479234 -0.023487499 -1.156810164 -0.997516274 0.023641739 0.066350557 87.609680176
0.058791600 0.022397691 0.998019040 5.962080002 0.024250923 0.999421120 -0.023857746 -1.174079895 -0.997975647 0.025605517 0.058214396 87.635833740
0.053287230 0.022713974 0.998320818 6.512284756 0.025917364 0.999372900 -0.024121298 -1.190571785 -0.998242855 0.027159205 0.052665129 87.659927368
0.047926985 0.023781691 0.998567700 7.082317352 0.027549222 0.999304771 -0.025121486 -1.200815558 -0.998470843 0.028713765 0.047238495 87.679756165
0.042263065 0.024351811 0.998809636 7.656457901 0.028059501 0.999279618 -0.025550565 -1.217251420 -0.998712480 0.029105946 0.041549318 87.695503235
0.037703224 0.024279544 0.998993933 8.262428284 0.030595148 0.999208093 -0.025439447 -1.237349033 -0.998820484 0.031523526 0.036930520 87.716560364
0.034687337 0.024405591 0.999100089 8.884620667 0.031746246 0.999170303 -0.025509488 -1.253084898 -0.998893976 0.032602541 0.033883773 87.735786438
0.031594187 0.023935843 0.999214113 9.522467613 0.032807518 0.999149680 -0.024971643 -1.271264315 -0.998962045 0.033570699 0.030782050 87.752891541
0.029304564 0.023157516 0.999302208 10.175540924 0.035084426 0.999091685 -0.024181485 -1.292479157 -0.998954594 0.035768576 0.028465483 87.769348145
0.028677572 0.022745891 0.999329805 10.852083206 0.039719008 0.998925567 -0.023876492 -1.311442375 -0.998799324 0.040377110 0.027743317 87.781524658
0.029812418 0.022347139 0.999305665 11.546790123 0.043071430 0.998792589 -0.023620620 -1.332308769 -0.998627126 0.043745708 0.028813902 87.797042847
0.032040313 0.022588182 0.999231279 12.245550156 0.044234611 0.998732865 -0.023995297 -1.348965406 -0.998507261 0.044969425 0.031000534 87.817047119
0.035823889 0.022719193 0.999099731 12.967052460 0.046639897 0.998614192 -0.024380477 -1.367817163 -0.998269200 0.047471322 0.034714621 87.844429016
0.040300172 0.021970097 0.998946011 13.702547073 0.047209524 0.998599768 -0.023867043 -1.392177939 -0.998071671 0.048121616 0.039206546 87.872039795
0.044003196 0.020180151 0.998827457 14.457206726 0.048749793 0.998561502 -0.022322442 -1.415354490 -0.997841179 0.049674898 0.042956121 87.915397644
0.048154149 0.018714733 0.998664558 15.222040176 0.048561119 0.998598218 -0.021055033 -1.432046175 -0.997658670 0.049510166 0.047177844 87.943405151
0.052246619 0.016467603 0.998498380 15.998916626 0.045407545 0.998790681 -0.018848380 -1.454625249 -0.997601330 0.046324126 0.051435687 87.993804932
0.056344375 0.015532266 0.998290539 16.791830063 0.044619668 0.998840749 -0.018059202 -1.472258687 -0.997413814 0.045560926 0.055586014 88.046264648
0.060247459 0.016571043 0.998045862 17.609680176 0.041999184 0.998934627 -0.019121103 -1.493528128 -0.997299433 0.043069109 0.059487298 88.107528687
0.062899917 0.020893840 0.997801065 18.408285141 0.039616317 0.998940408 -0.023415061 -1.519012809 -0.997233212 0.041002002 0.062005542 88.168319702
0.064636350 0.025812659 0.997574866 19.202005386 0.033872679 0.999032557 -0.028045099 -1.550493956 -0.997333765 0.035603266 0.063699469 88.227294922
0.064324394 0.028961465 0.997508705 20.019941330 0.031101007 0.999035001 -0.031011328 -1.576846838 -0.997444272 0.033018313 0.063361593 88.286926270
0.064178288 0.029022517 0.997516334 20.831651688 0.028773773 0.999107599 -0.030920064 -1.601682425 -0.997523606 0.030686706 0.063285917 88.351165771
0.064241737 0.027200894 0.997563601 21.638277054 0.025981642 0.999243915 -0.028919898 -1.636291742 -0.997596085 0.027776208 0.063486435 88.408927917
0.064187653 0.025561465 0.997610509 22.479351044 0.026262080 0.999282360 -0.027294051 -1.676505089 -0.997592211 0.027951270 0.063470297 88.467262268
0.064355791 0.024647113 0.997622490 23.292882919 0.023960240 0.999368548 -0.026235905 -1.713248968 -0.997639358 0.025591712 0.063724585 88.529411316
0.064597808 0.024989521 0.997598410 24.106132507 0.022111099 0.999405086 -0.026466547 -1.745309114 -0.997666359 0.023767682 0.064006828 88.585830688
0.064856216 0.025542153 0.997567594 24.921676636 0.018984592 0.999459743 -0.026824875 -1.778535485 -0.997713923 0.020678181 0.064336263 88.644859314
0.063613348 0.026953405 0.997610569 25.735034943 0.016143918 0.999476612 -0.028033251 -1.812566280 -0.997843921 0.017888634 0.063144922 88.702362061
0.060529537 0.026635872 0.997810960 26.548498154 0.012905536 0.999539435 -0.027464895 -1.843726516 -0.998082936 0.014539723 0.060157906 88.763145447
0.056649126 0.025371345 0.998071730 27.361049652 0.010423702 0.999607503 -0.026002020 -1.877226353 -0.998339653 0.011876591 0.056362431 88.817070007
0.051430888 0.022964016 0.998412490 28.181970596 0.008510821 0.999689221 -0.023431800 -1.908043861 -0.998640180 0.009702432 0.051219463 88.871734619
0.045920309 0.020870393 0.998726964 28.992340088 0.006497492 0.999754369 -0.021190610 -1.936745167 -0.998923957 0.007462300 0.045773417 88.898498535
0.038234852 0.021145957 0.999044955 29.794647217 0.006377739 0.999750614 -0.021404980 -1.963987112 -0.999248385 0.007190066 0.038090449 88.932258606
0.029749889 0.021865964 0.999318242 30.602525711 0.005933049 0.999739289 -0.022051804 -1.995702147 -0.999539673 0.006585043 0.029612402 88.954124451
0.019815974 0.022412596 0.999552369 31.397863388 0.005870044 0.999728918 -0.022532929 -2.025308371 -0.999786377 0.006313928 0.019679032 88.965003967
0.009800156 0.021489216 0.999721050 32.179473877 0.007607364 0.999738514 -0.021564161 -2.050697088 -0.999923050 0.007816575 0.009634117 88.970718384
-0.001191988 0.020697827 0.999785006 32.974021912 0.006612030 0.999764085 -0.020689508 -2.077902555 -0.999977469 0.006585948 -0.001328562 88.972702026
-0.012147007 0.019599358 0.999734044 33.759262085 0.007765074 0.999779642 -0.019505899 -2.108830690 -0.999896049 0.007526072 -0.012296522 88.960731506
-0.023318997 0.020298203 0.999521911 34.543430328 0.008364764 0.999762774 -0.020107942 -2.129243135 -0.999693036 0.007891869 -0.023483258 88.943016052
-0.034627050 0.020933297 0.999181032 35.321937561 0.008436221 0.999751091 -0.020652877 -2.155293703 -0.999364674 0.007714163 -0.034795031 88.917205811
-0.044736966 0.021836096 0.998760045 36.095573425 0.008095141 0.999736130 -0.021494824 -2.185627937 -0.998965979 0.007123490 -0.044901930 88.873611450
-0.055355206 0.022970179 0.998202443 36.862403870 0.008723727 0.999708235 -0.022521054 -2.209390640 -0.998428583 0.007461388 -0.055539452 88.833099365
-0.064530306 0.023330450 0.997642934 37.616840363 0.009744529 0.999693751 -0.022748100 -2.243252516 -0.997868180 0.008253618 -0.064737886 88.772041321
-0.074269436 0.024165427 0.996945381 38.387722015 0.010738080 0.999667704 -0.023431465 -2.265948296 -0.997180402 0.008965039 -0.074504249 88.722236633
-0.083545826 0.024528710 0.996202111 39.126762390 0.011428457 0.999654889 -0.023655290 -2.295070887 -0.996438444 0.009408753 -0.083797321 88.659027100
-0.092113927 0.024073705 0.995457470 39.856773376 0.012789181 0.999653876 -0.022991756 -2.319644690 -0.995666385 0.010613226 -0.092389919 88.584869385
-0.099646345 0.022932265 0.994758666 40.582885742 0.014278797 0.999664366 -0.021615034 -2.347029924 -0.994920552 0.012050098 -0.099940337 88.512466431
-0.104735754 0.021269253 0.994272590 41.339088440 0.017571680 0.999654710 -0.019533405 -2.377981663 -0.994344831 0.015425193 -0.105073333 88.425750732
-0.108063631 0.019592244 0.993950903 42.046180725 0.020937661 0.999628901 -0.017427796 -2.402200222 -0.993923485 0.018927695 -0.108433746 88.335762024
-0.110958137 0.018790949 0.993647397 42.755676270 0.022356065 0.999615431 -0.016407359 -2.421709061 -0.993573606 0.020393517 -0.111335576 88.259338379
-0.112688571 0.017818363 0.993470490 43.440093994 0.022223748 0.999634385 -0.015408084 -2.445018530 -0.993381739 0.020342328 -0.113043346 88.184226990
-0.113643169 0.018327210 0.993352532 44.107318878 0.023356939 0.999602735 -0.015770407 -2.466541529 -0.993246973 0.021409478 -0.114026107 88.109382629
-0.112515695 0.019090433 0.993466437 44.757423401 0.023752810 0.999581397 -0.016517797 -2.489951372 -0.993366003 0.021739112 -0.112922035 88.034660339
-0.109270014 0.020918600 0.993791938 45.379543304 0.025068257 0.999518454 -0.018282821 -2.510814190 -0.993695915 0.022914864 -0.109741800 87.963256836
-0.104550630 0.021383584 0.994289637 46.001838684 0.025329698 0.999501705 -0.018832227 -2.533559322 -0.994196892 0.023216140 -0.105040185 87.903137207
-0.096655786 0.022133227 0.995071769 46.594997406 0.024777092 0.999496341 -0.019824931 -2.553615093 -0.995009363 0.022738790 -0.097155519 87.851524353
-0.085481882 0.021980517 0.996097267 47.179473877 0.023640200 0.999519885 -0.020027315 -2.579179525 -0.996059239 0.021835962 -0.085960478 87.811943054
-0.071972966 0.022165790 0.997160196 47.724445343 0.022808680 0.999528170 -0.020572143 -2.603426456 -0.997145712 0.021263272 -0.072444580 87.783294678
-0.054684892 0.023557862 0.998225689 48.266815186 0.021518117 0.999517262 -0.022409538 -2.626461267 -0.998271763 0.020254478 -0.055165410 87.765151978
-0.033159062 0.026113994 0.999108851 48.801887512 0.019669199 0.999481976 -0.025470955 -2.648192883 -0.999256492 0.018807080 -0.033655532 87.762458801
-0.008734811 0.029047623 0.999539793 49.316776276 0.017495031 0.999429405 -0.028891532 -2.674124718 -0.999808788 0.017234618 -0.009238023 87.778488159
0.019407470 0.030681595 0.999340773 49.830982208 0.015542789 0.999398947 -0.030985232 -2.698094368 -0.999690771 0.016133890 0.018918924 87.809265137
0.052934378 0.029912587 0.998149931 50.353912354 0.013091649 0.999444485 -0.030645667 -2.726040840 -0.998512149 0.014689637 0.052513380 87.851257324
0.091227502 0.027558044 0.995448589 50.850582123 0.012296071 0.999509633 -0.028797336 -2.745788574 -0.995754123 0.014867216 0.090843908 87.914451599
0.133287877 0.023797305 0.990791559 51.347652435 0.010112872 0.999626935 -0.025369965 -2.764773846 -0.991025686 0.013401258 0.132997513 88.006378174
0.178717896 0.019420020 0.983708620 51.836372375 0.007043655 0.999754310 -0.021016458 -2.790221691 -0.983875155 0.010684920 0.178537220 88.119186401
0.226922393 0.016266979 0.973776877 52.317169189 0.002354770 0.999848425 -0.017251238 -2.808658600 -0.973909974 0.006207713 0.226849675 88.268066406
0.278525591 0.014737408 0.960315824 52.799606323 -0.001442483 0.999887526 -0.014926323 -2.825283051 -0.960427701 0.002772124 0.278515607 88.429618835
0.334232330 0.014638187 0.942377090 53.256851196 -0.002264383 0.999888957 -0.014728430 -2.836979866 -0.942488074 0.002788815 0.334228337 88.615242004
0.392126113 0.015255736 0.919784904 53.699195862 0.000011189 0.999862373 -0.016588684 -2.847983360 -0.919911504 0.006515149 0.392072022 88.832221985
0.449825466 0.018807171 0.892918408 54.095718384 0.001335486 0.999763072 -0.021730369 -2.860980749 -0.893115401 0.010967356 0.449693769 89.095458984
0.509649992 0.021883424 0.860103428 54.492256165 0.002902831 0.999626994 -0.027153352 -2.877068043 -0.860376835 0.016335443 0.509396493 89.366470337
0.568855524 0.026819509 0.821999907 54.862335205 -0.001196882 0.999494076 -0.031782344 -2.880800962 -0.822436512 0.017095730 0.568599939 89.652565002
0.624491215 0.028418534 0.780514538 55.211032867 -0.004922626 0.999461114 -0.032451767 -2.910976410 -0.781016231 0.016423667 0.624294639 89.982315063
0.675868809 0.030318633 0.736398160 55.509376526 -0.007024303 0.999373078 -0.034698788 -2.916820288 -0.736988604 0.018279143 0.675658047 90.331130981
0.726085484 0.027480502 0.687055171 55.824741364 -0.006852990 0.999440610 -0.032732859 -2.942085266 -0.687570274 0.019058470 0.725867748 90.687843323
0.770943880 0.024035009 0.636449456 56.078231812 -0.008741122 0.999592781 -0.027160542 -2.956337929 -0.636843145 0.015375972 0.770840168 91.066879272
0.810815096 0.021342117 0.584913075 56.300884247 -0.010234793 0.999699116 -0.022289086 -2.944623709 -0.585212708 0.012085862 0.810789704 91.484611511
0.848177969 0.018273314 0.529395998 56.527351379 -0.012351022 0.999815285 -0.014722578 -2.965411186 -0.529567182 0.005948787 0.848247051 91.893829346
0.879497647 0.015082537 0.475664079 56.715366364 -0.013064735 0.999886036 -0.007548218 -2.972066402 -0.475723743 0.000424215 0.879594564 92.325737000
0.904907465 0.016241848 0.425298214 56.872856140 -0.017075725 0.999852419 -0.001851631 -2.984617949 -0.425265491 -0.005586719 0.905051231 92.765304565
0.925063372 0.017594218 0.379405200 57.005958557 -0.019985504 0.999797344 0.002364774 -2.999484301 -0.379286647 -0.009770170 0.925227523 93.192924500
0.940062702 0.023611896 0.340183496 57.112834930 -0.027024858 0.999620676 0.005297493 -3.010652781 -0.339929342 -0.014173385 0.940344155 93.629196167
0.951845407 0.028860008 0.305216908 57.218833923 -0.031700980 0.999487877 0.004354956 -3.015419245 -0.304934949 -0.013820918 0.952272773 94.076568604
0.961196244 0.029824005 0.274248511 57.341056824 -0.032331061 0.999466479 0.004624988 -3.009146690 -0.273964286 -0.013312266 0.961647868 94.544342041
0.967331767 0.024925957 0.252285272 57.454212189 -0.026919397 0.999627709 0.004452538 -3.010146141 -0.252080411 -0.011098448 0.967642725 95.016517639
0.971292436 0.022071989 0.236862272 57.558914185 -0.024063881 0.999695122 0.005521380 -3.021200180 -0.236668229 -0.011062700 0.971527576 95.502395630
0.974125206 0.026704945 0.224425584 57.652309418 -0.028564285 0.999579191 0.005041650 -3.018774509 -0.224196494 -0.011321752 0.974478185 95.999519348
0.976150692 0.031887934 0.214738995 57.743064880 -0.033924758 0.999407530 0.005805336 -3.019801617 -0.214426696 -0.012951852 0.976654232 96.509330750
0.977149665 0.040453337 0.208666891 57.837722778 -0.042341843 0.999092579 0.004589544 -3.024344444 -0.208291918 -0.013320009 0.977976024 97.011756897
0.977531016 0.045803107 0.205755070 57.932594299 -0.047053508 0.998891592 0.001185497 -3.025930166 -0.205472752 -0.010840356 0.978602886 97.522041321
0.977626622 0.047403786 0.204936743 58.038188934 -0.048127946 0.998840094 -0.001452388 -3.033006668 -0.204767898 -0.008443289 0.978774190 98.042839050
0.977314591 0.045104850 0.206933811 58.169525146 -0.045069527 0.998971820 -0.004887371 -3.041489840 -0.206941500 -0.004549912 0.978342712 98.562660217
0.976571441 0.044042654 0.210637972 58.292671204 -0.042583004 0.999027133 -0.011462638 -3.046176434 -0.210937917 0.002224488 0.977496862 99.110641479
0.975704610 0.044062719 0.214613333 58.417839050 -0.041511271 0.999003708 -0.016383316 -3.048015594 -0.215121448 0.007076405 0.976561606 99.662391663
0.974439502 0.049041491 0.219231039 58.536064148 -0.046743549 0.998784184 -0.015659694 -3.062159538 -0.219732493 0.005011788 0.975547254 100.244712830
0.972917259 0.052130505 0.225198254 58.663162231 -0.050687816 0.998640239 -0.012187300 -3.067213774 -0.225527406 0.000442426 0.974236667 100.842742920
0.972060025 0.048924692 0.229576945 58.810386658 -0.048574645 0.998793662 -0.007179320 -3.083297491 -0.229651287 -0.004172889 0.973263979 101.432487488
0.971381307 0.044699930 0.233281001 58.963455200 -0.045568451 0.998959720 -0.001667897 -3.092139006 -0.233112901 -0.009010091 0.972407937 102.045791626
0.970568836 0.042119548 0.237111613 59.118095398 -0.044123814 0.999021053 0.003149932 -3.100694656 -0.236746833 -0.013519494 0.971477211 102.672981262
0.970050693 0.037039839 0.240061343 59.276412964 -0.039070800 0.999229491 0.003704729 -3.106239557 -0.239739165 -0.012973168 0.970750630 103.298400879
0.970057070 0.034008533 0.240484327 59.436065674 -0.035189439 0.999380410 0.000616678 -3.111272097 -0.240314364 -0.009060722 0.970652759 103.950401306
0.970220268 0.033497810 0.239896208 59.602302551 -0.032886531 0.999437571 -0.006551922 -3.117097139 -0.239980742 -0.001532548 0.970776439 104.585731506
0.970389009 0.035675813 0.238898188 59.760299683 -0.033496339 0.999351919 -0.013178049 -3.124815702 -0.239213526 0.004785619 0.970955133 105.244186401
0.970876396 0.038941972 0.236395016 59.914871216 -0.035876501 0.999207258 -0.017256951 -3.127892494 -0.236879677 0.008273341 0.971503735 105.926528931
0.971509635 0.036945608 0.234102607 60.079238892 -0.034921885 0.999308169 -0.012785487 -3.136608601 -0.234413028 0.004245919 0.972127795 106.617012024
0.971986353 0.032862112 0.232728586 60.248859406 -0.032631617 0.999455750 -0.004841388 -3.152567148 -0.232761011 -0.002888549 0.972529650 107.308532715
0.972595811 0.033243608 0.230113626 60.417594910 -0.034393199 0.999407887 0.000985398 -3.163717985 -0.229944602 -0.008872736 0.973163247 108.030326843
0.972835362 0.036506377 0.228601247 60.570598602 -0.037635561 0.999291360 0.000580486 -3.178086042 -0.228418067 -0.009168252 0.973519921 108.751487732
0.973141491 0.042342737 0.226280168 60.731941223 -0.042445235 0.999089003 -0.004414579 -3.177593946 -0.226260975 -0.005308505 0.974052250 109.474609375
0.974029243 0.043250397 0.222252920 60.895744324 -0.042150989 0.999064147 -0.009689959 -3.185585022 -0.222464040 0.000070122 0.974940896 110.210220337
0.974924088 0.041914705 0.218555421 61.058532715 -0.040107794 0.999114633 -0.012699525 -3.194786549 -0.218894228 0.003615295 0.975741863 110.967018127
0.975860655 0.039698727 0.214755595 61.225265503 -0.038208131 0.999208272 -0.011089255 -3.206694126 -0.215025812 0.002616157 0.976604879 111.739089966
0.976691902 0.036243591 0.211564377 61.387344360 -0.035111491 0.999341965 -0.009106614 -3.220709801 -0.211755231 0.001466015 0.977321684 112.511932373
0.977133393 0.034920249 0.209739909 61.556716919 -0.034404565 0.999389231 -0.006107937 -3.236016750 -0.209825128 -0.001247742 0.977738082 113.302581787
0.977486372 0.031406131 0.208647981 61.723716736 -0.031298649 0.999502718 -0.003817487 -3.243389368 -0.208664149 -0.002798860 0.977983296 114.100952148
0.977717996 0.026390087 0.208257362 61.898029327 -0.026433902 0.999647141 -0.002573173 -3.253032923 -0.208251819 -0.002989216 0.978070557 114.899185181
0.977874398 0.027071815 0.207433850 62.071105957 -0.027469145 0.999622166 -0.000965193 -3.264672756 -0.207381606 -0.004754193 0.978248537 115.709968567
0.977598429 0.032375012 0.207974389 62.232978821 -0.032438084 0.999468923 -0.003108073 -3.270738602 -0.207964569 -0.003707844 0.978129327 116.528938293
0.977271259 0.038452759 0.208475962 62.392169952 -0.037945956 0.999258995 -0.006431335 -3.278516054 -0.208568811 -0.001625662 0.978006303 117.335136414
0.976713419 0.046800427 0.209381208 62.555976868 -0.046171293 0.998902261 -0.007894345 -3.290641308 -0.209520847 -0.001956889 0.977802157 118.162597656
0.975809693 0.052689791 0.212177515 62.723190308 -0.052315991 0.998603404 -0.007379411 -3.305535078 -0.212270021 -0.003899378 0.977203250 118.979400635
0.974971712 0.055590302 0.215267032 62.892303467 -0.055691313 0.998432279 -0.005600942 -3.317311764 -0.215240911 -0.006527744 0.976539195 119.813484192
0.974414110 0.056226455 0.217613995 63.075035095 -0.056214377 0.998399079 -0.006251314 -3.336312771 -0.217617124 -0.006141667 0.976014912 120.632690430
0.974109292 0.054372497 0.219442129 63.258300781 -0.053658973 0.998516798 -0.009214968 -3.346360683 -0.219617680 -0.002798655 0.975582004 121.469673157
0.974156022 0.048191223 0.220675260 63.458709717 -0.047658585 0.998833776 -0.007740387 -3.363183260 -0.220790878 -0.002976725 0.975316584 122.307769775
0.974339128 0.041741464 0.221180692 63.647926331 -0.040718969 0.999128401 -0.009182539 -3.381019592 -0.221371219 -0.000059343 0.975189507 123.142768860
0.974166334 0.040990561 0.222080454 63.840492249 -0.039954554 0.999159575 -0.009157644 -3.401039362 -0.222269192 0.000047943 0.974985301 123.963554382
0.973619640 0.043340154 0.224022835 64.025924683 -0.042982027 0.999054849 -0.006477217 -3.412005901 -0.224091828 -0.003322610 0.974562347 124.802268982
0.973182321 0.045612108 0.225467697 64.210289001 -0.046632934 0.998911679 -0.000798893 -3.426650763 -0.225258812 -0.009736752 0.974250257 125.633552551
0.972777545 0.049045976 0.226491138 64.389343262 -0.051129393 0.998686373 0.003337738 -3.441395521 -0.226029932 -0.014827231 0.974007428 126.461074829
0.972545087 0.048556898 0.227592498 64.575363159 -0.049179979 0.998785615 -0.002935899 -3.460169792 -0.227458671 -0.008337700 0.973752022 127.281417847
0.972881854 0.044048458 0.227069721 64.772598267 -0.041167889 0.999000609 -0.017408498 -3.475103378 -0.227609575 0.007588428 0.973722875 128.090469360
