1.000000000 0.000000000 0.000000000 0.000000000 0.000000000 1.000000000 0.000000000 0.000000000 0.000000000 0.000000000 1.000000000 0.000000000
0.999040544 -0.000574291 0.043790728 0.045926549 0.000675492 0.999997139 -0.002296234 -0.020977888 -0.043789282 0.002323611 0.999038100 1.024738908
0.996024668 -0.004666130 0.088955782 0.138602689 0.005336203 0.999959290 -0.007296333 -0.039613534 -0.088918090 0.007742014 0.996008813 2.046609163
0.990868568 -0.004157277 0.134766996 0.270201564 0.005751876 0.999918044 -0.011445058 -0.060580082 -0.134708375 0.012115711 0.990811229 3.055986404
0.983527839 -0.001241782 0.180752352 0.449852437 0.003729176 0.999902904 -0.013422165 -0.095290616 -0.180718139 0.013875130 0.983437061 4.087811947
0.973990858 -0.003803691 0.226555437 0.685349882 0.007026223 0.999885261 -0.013419328 -0.125438496 -0.226478368 0.014662134 0.973905802 5.091153622
0.962308109 -0.004256545 0.271928757 0.959416807 0.008558925 0.999856174 -0.014637612 -0.156488240 -0.271827400 0.016413307 0.962206066 6.097768784
0.948729038 -0.006887707 0.316015422 1.283448815 0.012996010 0.999767184 -0.017225707 -0.189493209 -0.315823197 0.020449465 0.948597670 7.081597328
0.933525026 -0.008545898 0.358410358 1.657204866 0.016467279 0.999682844 -0.019054784 -0.220346645 -0.358133823 0.023690157 0.933369696 8.040131569
0.916196287 -0.008500517 0.400639415 2.067749977 0.017994972 0.999639153 -0.019941825 -0.252056390 -0.400325328 0.025480123 0.916018724 8.972236633
0.896683395 -0.009229990 0.442576200 2.527544975 0.019412342 0.999640644 -0.018482802 -0.289321303 -0.442246646 0.025164662 0.896540403 9.898149490
0.874911070 -0.008995474 0.484200060 3.018689156 0.019997934 0.999645770 -0.017563252 -0.325493336 -0.483870506 0.025049293 0.874780953 10.777730942
0.850881994 -0.008998469 0.525279760 3.552242994 0.020724814 0.999649942 -0.016446572 -0.359141827 -0.524947882 0.024880424 0.850770593 11.647487640
0.825411379 -0.009589357 0.564450204 4.135237694 0.022824507 0.999605060 -0.016394783 -0.396582395 -0.564070106 0.026415739 0.825304270 12.493904114
0.798119426 -0.011381953 0.602391779 4.746288300 0.026335025 0.999525070 -0.016006107 -0.429210454 -0.601923585 0.028638786 0.798039913 13.292984962
0.769388497 -0.010317292 0.638697803 5.412098408 0.026918447 0.999504983 -0.016280873 -0.467191726 -0.638213754 0.029719064 0.769285381 14.102577209
0.738747060 -0.013496026 0.673847735 6.088075161 0.031712838 0.999388158 -0.014751102 -0.499211073 -0.673236370 0.032266956 0.738723040 14.840156555
0.706695735 -0.012672639 0.707403958 6.836193085 0.032115042 0.999383569 -0.014179648 -0.532627881 -0.706788301 0.032739006 0.706667244 15.576793671
0.672638595 -0.011258358 0.739885390 7.587150097 0.033009730 0.999345362 -0.014803149 -0.566545606 -0.739234447 0.034380589 0.672569990 16.257415771
0.636790693 -0.012326643 0.770938098 8.389221191 0.037773877 0.999170303 -0.015225134 -0.588925064 -0.770110846 0.038816549 0.636727929 16.928216934
0.600234032 -0.010736857 0.799752235 9.180131912 0.038117371 0.999157727 -0.015194121 -0.617758930 -0.798915565 0.039604489 0.600137711 17.514028549
0.562534630 -0.009378826 0.826720536 10.048345566 0.040920421 0.999026000 -0.016510380 -0.646881282 -0.825760424 0.043117419 0.562370479 18.104913712
0.523602664 -0.007594004 0.851928771 10.895412445 0.045558028 0.998779118 -0.019097336 -0.671748102 -0.850743651 0.048811607 0.523309290 18.626937866
0.484719604 -0.006453424 0.874645770 11.800110817 0.046871755 0.998727620 -0.018606903 -0.699022949 -0.873412788 0.050015319 0.484405398 19.122823715
0.446173608 -0.008291658 0.894908011 12.706094742 0.052035414 0.998505712 -0.016691728 -0.727676392 -0.893432379 0.054014333 0.445938379 19.568561554
0.409480542 -0.008900908 0.912275434 13.638109207 0.055823695 0.998323083 -0.015316362 -0.753503799 -0.910609305 0.057198346 0.409290850 19.971410751
0.373971850 -0.006380027 0.927418113 14.613132477 0.057621669 0.998204410 -0.016368363 -0.780347526 -0.925648212 0.059560698 0.373667955 20.358482361
0.340766102 -0.007272747 0.940119922 15.567922592 0.058175743 0.998216987 -0.013364826 -0.805539846 -0.938346446 0.059246458 0.340581566 20.695535660
0.307412177 -0.008798734 0.951535702 16.558303833 0.060751956 0.998098671 -0.010397811 -0.828737676 -0.949635148 0.061004076 0.307362348 21.009773254
0.274736196 -0.008730622 0.961480021 17.548915863 0.061546493 0.998067796 -0.008523629 -0.852327406 -0.959547818 0.061517470 0.274742752 21.284832001
0.242497727 -0.005991456 0.970133483 18.552906036 0.058903053 0.998226941 -0.008558640 -0.876942873 -0.968362153 0.059219271 0.242420703 21.539062500
0.211671188 -0.004373740 0.977331161 19.589185715 0.058814701 0.998234749 -0.008270851 -0.892213464 -0.975569665 0.059232138 0.211554751 21.760732651
0.181305990 -0.004327693 0.983417213 20.620689392 0.060778301 0.998128057 -0.006812854 -0.913919568 -0.981546760 0.061005633 0.181229666 21.944313049
0.150714055 -0.004359897 0.988567770 21.697816849 0.062451292 0.998034894 -0.005119485 -0.925374150 -0.986602843 0.062508911 0.150690138 22.102046967
0.120048925 -0.005060828 0.992755055 22.789102554 0.060875390 0.998142719 -0.002273065 -0.939949811 -0.990899742 0.060707238 0.120134041 22.235443115
0.090810478 -0.005544855 0.995852768 23.883996964 0.061487697 0.998107851 -0.000049568 -0.955232143 -0.993968189 0.061237194 0.090979569 22.330942154
0.063542776 -0.005264267 0.997965336 25.015518188 0.064118080 0.997941613 0.001181595 -0.960850954 -0.995917261 0.063912518 0.063749529 22.395423889
0.038650677 -0.004727828 0.999241531 26.146516800 0.068465218 0.997651279 0.002072069 -0.969405532 -0.996904552 0.068333209 0.038883589 22.422788620
0.015911933 -0.004320970 0.999864042 27.324800491 0.072654992 0.997352064 0.003153877 -0.975241840 -0.997230172 0.072594941 0.016183741 22.432193756
-0.004299312 -0.004453022 0.999980867 28.486776352 0.078347526 0.996914625 0.004776216 -0.975761652 -0.996916771 0.078366555 -0.003937165 22.422796249
-0.021557497 -0.005036453 0.999754906 29.683183670 0.082916491 0.996533215 0.006808133 -0.977074564 -0.996323287 0.083042920 -0.021065157 22.375869751
-0.037043650 -0.004706443 0.999302506 30.894306183 0.086187854 0.996247649 0.007886996 -0.973160207 -0.995589912 0.086419888 -0.036499020 22.317205429
-0.051394090 -0.005491134 0.998663366 32.102642059 0.088417128 0.996033072 0.010026871 -0.974557757 -0.994756758 0.088814273 -0.050704710 22.253677368
-0.064418457 -0.006633611 0.997900844 33.313091278 0.088544734 0.995995760 0.012336859 -0.972649813 -0.993986964 0.089153588 -0.063573129 22.166421890
-0.076502435 -0.006404154 0.997048855 34.527015686 0.088329799 0.996004283 0.013174890 -0.968677878 -0.993149161 0.089077026 -0.075631052 22.071487427
-0.087956555 -0.003625273 0.996117711 35.755237579 0.088228337 0.996034861 0.011415477 -0.964409113 -0.992209375 0.088889882 -0.087287925 21.972970963
-0.097961962 -0.000248098 0.995190084 36.987964630 0.088723555 0.996015728 0.008981845 -0.956648469 -0.991227329 0.089176662 -0.097549655 21.849716187
-0.107368939 0.002244520 0.994216740 38.245155334 0.090003073 0.995913446 0.007471394 -0.953553081 -0.990137041 0.090284750 -0.107132189 21.723905563
-0.114621684 0.003301678 0.993403673 39.536426544 0.089815825 0.995933414 0.007053116 -0.946079969 -0.989340663 0.090031825 -0.114452101 21.573564529
-0.120469674 0.004055843 0.992708683 40.843833923 0.089496121 0.995964110 0.006791617 -0.939482450 -0.988674581 0.089661770 -0.120346442 21.418624878
-0.125724837 0.005788499 0.992048264 42.167457581 0.090843745 0.995848835 0.005702190 -0.932613492 -0.987897098 0.090838291 -0.125728786 21.258665085
-0.130278319 0.007166894 0.991451561 43.497287750 0.089700699 0.995958328 0.004587343 -0.930373073 -0.987411380 0.089531533 -0.130394623 21.085803986
-0.134584680 0.007966451 0.990870059 44.869335175 0.090324774 0.995903313 0.004261422 -0.924014330 -0.986776769 0.090073623 -0.134752899 20.914031982
-0.137767866 0.007199300 0.990438342 46.247299194 0.090007998 0.995926976 0.005280724 -0.919610918 -0.986366332 0.089874893 -0.137854725 20.732769012
-0.141006574 0.005218499 0.989994943 47.689670563 0.091111384 0.995810628 0.007727987 -0.924598098 -0.985807121 0.091289498 -0.140891328 20.537050247
-0.141622931 0.004073345 0.989912271 49.118576050 0.090913370 0.995818913 0.008908979 -0.906781435 -0.985737085 0.091257989 -0.141401142 20.289155960
-0.143407434 0.004440562 0.989653707 50.537910461 0.093453884 0.995582283 0.009074930 -0.904131711 -0.985241413 0.093788408 -0.143188894 20.097097397
-0.144648105 0.005030284 0.989470482 51.999099731 0.093642838 0.995568454 0.008628123 -0.885253072 -0.985042095 0.093904853 -0.144478187 19.866605759
-0.145631313 0.006469412 0.989317894 53.466098785 0.095737219 0.995377719 0.007583846 -0.873402715 -0.984695792 0.095818989 -0.145577550 19.658006668
-0.145388275 0.006494002 0.989353299 54.955490112 0.095418908 0.995408952 0.007488328 -0.867618740 -0.984762669 0.095491737 -0.145340443 19.431947708
-0.144692227 0.008015602 0.989444256 56.469181061 0.095242918 0.995436788 0.005863782 -0.859433889 -0.984882116 0.095086008 -0.144795403 19.210514069
-0.143757522 0.007682230 0.989583194 58.007392883 0.095538191 0.995406747 0.006151472 -0.854690790 -0.984990478 0.095427290 -0.143831179 18.994297028
-0.141780511 0.006726573 0.989875197 59.537216187 0.095163412 0.995437980 0.006865951 -0.852363229 -0.985313177 0.095173374 -0.141773865 18.764936447
-0.140766039 0.007481095 0.990014553 61.125000000 0.096471347 0.995316446 0.006195702 -0.846913934 -0.985331416 0.096380189 -0.140828490 18.542512894
-0.139778003 0.008096517 0.990149677 62.733291626 0.095305055 0.995433927 0.005314355 -0.834641993 -0.985585630 0.095109127 -0.139911428 18.327781677
-0.138650745 0.008911745 0.990301251 64.342056274 0.096564405 0.995316267 0.004562981 -0.828722000 -0.985622287 0.096260525 -0.138861895 18.098630905
-0.137335613 0.008659526 0.990486741 65.979713440 0.096190557 0.995352209 0.004635208 -0.823690653 -0.985842943 0.095912047 -0.137530267 17.864501953
-0.136261225 0.007428152 0.990645051 67.630500793 0.098079026 0.995160460 0.006028565 -0.812308192 -0.985805929 0.097982980 -0.136330292 17.635618210
-0.135581002 0.005698652 0.990749836 69.289756775 0.099984139 0.994957149 0.007959664 -0.807706296 -0.985708296 0.100138463 -0.135467052 17.409662247
-0.134665519 0.006572512 0.990869343 71.043136597 0.100711584 0.994890392 0.007088164 -0.798704982 -0.985759795 0.100746535 -0.134639338 17.161518097
-0.133872315 0.008482002 0.990962386 72.729667664 0.102985837 0.994668067 0.005398968 -0.795813560 -0.985632837 0.102777839 -0.134032071 16.931793213
-0.133014962 0.008371310 0.991078794 74.457794189 0.102108739 0.994759142 0.005301851 -0.788829446 -0.985840142 0.101903021 -0.133172616 16.698799133
-0.132457405 0.008286281 0.991154075 76.170669556 0.102928214 0.994673908 0.005439575 -0.788413405 -0.985829949 0.102738217 -0.132604852 16.465021133
-0.132071227 0.007348788 0.991212964 77.899749756 0.102789707 0.994683027 0.006321395 -0.783533692 -0.985896289 0.102721363 -0.132124379 16.235912323
-0.131970525 0.007375649 0.991226137 79.635246277 0.104007483 0.994555593 0.006446995 -0.781940222 -0.985782027 0.103945754 -0.132019132 16.011764526
-0.131592259 0.007408165 0.991276264 81.406639099 0.105100691 0.994440317 0.006520343 -0.770711541 -0.985716641 0.105041847 -0.131639242 15.772899628
-0.131412596 0.008635029 0.991290152 83.178352356 0.105497412 0.994405329 0.005323334 -0.760976374 -0.985698223 0.105278105 -0.131588370 15.534345627
-0.132131487 0.009474038 0.991186917 84.989021301 0.105241917 0.994436383 0.004524314 -0.761428833 -0.985629439 0.104912199 -0.132393420 15.295187950
-0.133159041 0.010148200 0.991042733 86.789016724 0.104564391 0.994510591 0.003865827 -0.766215265 -0.985563219 0.104142547 -0.133489236 15.056831360
-0.134713233 0.010703878 0.990826786 88.596733093 0.103731364 0.994599700 0.003358724 -0.769523144 -0.985440075 0.103232287 -0.135096073 14.826540947
-0.135641977 0.009750942 0.990709960 90.414840698 0.102741301 0.994698882 0.004276509 -0.775584579 -0.985416412 0.102366909 -0.135924742 14.585632324
-0.136622086 0.009437750 0.990578234 92.253746033 0.102822959 0.994688570 0.004704591 -0.776978016 -0.985272467 0.102496944 -0.136866853 14.337052345
-0.136920109 0.008489151 0.990545690 94.104927063 0.100455217 0.994927168 0.005358915 -0.777280807 -0.985475361 0.100239210 -0.137078285 14.081245422
-0.138661265 0.009343722 0.990295768 95.934677124 0.100333564 0.994942963 0.004661139 -0.780855358 -0.985244215 0.100006215 -0.138897508 13.835997581
-0.141010955 0.010169985 0.989955783 97.811286926 0.099596091 0.995020151 0.003964628 -0.779151201 -0.984985530 0.099154815 -0.141321614 13.561524391
-0.145067155 0.011227334 0.989358127 99.689796448 0.100083821 0.994973242 0.003383989 -0.776025176 -0.984346807 0.099509656 -0.145461604 13.286021233
-0.149400622 0.010142378 0.988724709 101.570411682 0.098038182 0.995172024 0.004605485 -0.779577971 -0.983904362 0.097620830 -0.149673671 13.006871223
-0.154187173 0.009507908 0.987995923 103.467338562 0.096501112 0.995317876 0.005481644 -0.780415058 -0.983317733 0.096187904 -0.154382735 12.720086098
-0.158777788 0.010180206 0.987261832 105.371551514 0.095252834 0.995440245 0.005054630 -0.786774278 -0.982708752 0.094842032 -0.159023464 12.421163559
-0.162966490 0.011711888 0.986562014 107.292152405 0.095760368 0.995396376 0.004001531 -0.791091442 -0.981973469 0.095125668 -0.163337737 12.093769073
-0.167819157 0.013516779 0.985725105 109.219718933 0.095337071 0.995441616 0.002581059 -0.798762262 -0.981197000 0.094409272 -0.168342799 11.776573181
-0.172457784 0.013476061 0.984924734 111.159606934 0.094179168 0.995551109 0.002869082 -0.810716510 -0.980504215 0.093254194 -0.172959730 11.443017960
-0.177433908 0.013189802 0.984044313 113.110275269 0.092308074 0.995725155 0.003297785 -0.817959785 -0.979794085 0.091420405 -0.177892908 11.101741791
-0.182259068 0.012938305 0.983165324 115.077102661 0.090818182 0.995860517 0.003730497 -0.820077181 -0.979047298 0.089969233 -0.182679653 10.739356995
-0.187597707 0.012067518 0.982171834 117.022941589 0.089783013 0.995949149 0.004912017 -0.825971067 -0.978134096 0.089103825 -0.187921226 10.376165390
-0.192560866 0.011890256 0.981212974 119.005081177 0.090592869 0.995871544 0.005710757 -0.830575943 -0.977094293 0.089990564 -0.192843080 9.982469559
-0.198273987 0.013358015 0.980055630 120.966468811 0.090754688 0.995861709 0.004787028 -0.831543624 -0.975935936 0.089893766 -0.198665768 9.601705551
-0.203611463 0.014203046 0.978948772 122.928230286 0.090240985 0.995910585 0.004320076 -0.839483857 -0.974884033 0.089220904 -0.204060525 9.200708389
-0.209886521 0.014395892 0.977619708 124.929809570 0.090728462 0.995863974 0.004814071 -0.833246052 -0.973506987 0.089708351 -0.210324585 8.790931702
-0.215419799 0.014123757 0.976419330 126.916252136 0.089561455 0.995966911 0.005352733 -0.836633801 -0.972405791 0.088602617 -0.215815917 8.360536575
-0.220555365 0.014948606 0.975260019 128.902679443 0.088816479 0.996036351 0.004818819 -0.836453795 -0.971322298 0.087681971 -0.221008867 7.915300369
-0.226146445 0.015502365 0.973969936 130.907424927 0.087981097 0.996111572 0.004573572 -0.839469075 -0.970111907 0.086725235 -0.226630986 7.477088928
-0.230703503 0.014741433 0.972912371 132.900619507 0.089127637 0.996001899 0.006043259 -0.843751431 -0.968933523 0.088107586 -0.231095001 7.011722565
-0.234375820 0.015115597 0.972028553 134.909484863 0.091708295 0.995763779 0.006628036 -0.834447324 -0.967810690 0.090696521 -0.234769195 6.523611069
-0.237979501 0.015826197 0.971141219 136.924468994 0.092934936 0.995650649 0.006548212 -0.835017383 -0.966813922 0.091811284 -0.238415197 6.032218933
-0.241061062 0.016501738 0.970369637 138.928222656 0.093306229 0.995617867 0.006248204 -0.834793270 -0.966014206 0.092047729 -0.241544396 5.533214569
-0.244636685 0.016476516 0.969474733 140.966705322 0.092736006 0.995669723 0.006479244 -0.836529851 -0.965169847 0.091490291 -0.245105281 5.029914856
-0.248610392 0.016869608 0.968456626 142.985260010 0.091101654 0.995823264 0.006040197 -0.843642831 -0.964309812 0.089729659 -0.249108866 4.514617920
-0.253525943 0.017828545 0.967164218 145.015869141 0.090335943 0.995897114 0.005321858 -0.846390069 -0.963101268 0.088718928 -0.254096329 3.996730804
-0.257958621 0.017034581 0.966005802 147.048965454 0.088627525 0.996046126 0.006102447 -0.850498676 -0.962082386 0.087188877 -0.258448422 3.468517303
-0.262548149 0.017578367 0.964758754 149.078964233 0.089050524 0.996008635 0.006086342 -0.853719652 -0.960800946 0.087510243 -0.263065547 2.919086456
-0.267439276 0.017883165 0.963408768 151.129623413 0.088258125 0.996079445 0.006010570 -0.858799696 -0.959524214 0.086636104 -0.267969191 2.365577698
-0.272237450 0.017911138 0.962063491 153.174926758 0.087788731 0.996119201 0.006296620 -0.862797558 -0.958217084 0.086172514 -0.272753328 1.800277710
-0.276725858 0.017196462 0.960795045 155.227767944 0.087567553 0.996131182 0.007392090 -0.868518949 -0.956950724 0.086180054 -0.277161151 1.220211029
-0.281359941 0.017401226 0.959444523 157.290176392 0.088223226 0.996070266 0.007806223 -0.868250608 -0.955538213 0.086841643 -0.281789422 0.634101868
-0.285800487 0.017936524 0.958121240 159.375564575 0.088853061 0.996013880 0.007858315 -0.871008635 -0.954160988 0.087377913 -0.286254823 0.031509399
-0.289425164 0.019276839 0.957006514 161.439498901 0.089267239 0.995983541 0.006934933 -0.867898583 -0.953029096 0.087436475 -0.289983511 -0.590160370
-0.293017894 0.020707386 0.955882609 163.506042480 0.089298487 0.995987952 0.005797522 -0.873729527 -0.951927662 0.087057650 -0.293691486 -1.220157623
-0.296617568 0.022163080 0.954739034 165.593963623 0.090123489 0.995918632 0.004880487 -0.875099659 -0.950734258 0.087492064 -0.297404379 -1.854663849
-0.300076425 0.022650538 0.953646183 167.679016113 0.089551434 0.995971859 0.004522612 -0.883603096 -0.949702442 0.086757503 -0.300896078 -2.502132416
-0.303953946 0.022710729 0.952416003 169.782012939 0.089793235 0.995948255 0.004907820 -0.890835702 -0.948445678 0.087012261 -0.304761618 -3.157730103
-0.307816625 0.022814661 0.951172113 171.872222900 0.089505263 0.995973408 0.005076281 -0.894320428 -0.947226346 0.086697489 -0.308619201 -3.823406219
-0.311795831 0.024255097 0.949839473 173.971786499 0.091923013 0.995754719 0.004747198 -0.894372225 -0.945692122 0.088792279 -0.312701732 -4.512168884
-0.314589322 0.024284499 0.948917091 176.066955566 0.093903840 0.995565236 0.005653125 -0.901310086 -0.944571614 0.090885386 -0.315474600 -5.213348389
-0.317136914 0.024073627 0.948074162 178.137924194 0.095116794 0.995444655 0.006540710 -0.905813575 -0.943597913 0.092252046 -0.317982048 -5.902458191
-0.319965601 0.023734659 0.947131753 180.226791382 0.094803184 0.995470762 0.007080954 -0.904235840 -0.942673981 0.092056774 -0.320766538 -6.603031158
-0.322784185 0.024255278 0.946161747 182.341369629 0.093984805 0.995552063 0.006541593 -0.907894731 -0.941794693 0.091036327 -0.323628128 -7.318973541
-0.325406104 0.026219081 0.945210695 184.442321777 0.093320906 0.995625794 0.004509893 -0.911476612 -0.940958023 0.089675471 -0.326429516 -8.040756226
-0.328743786 0.028307827 0.943994820 186.567428589 0.092987508 0.995664001 0.002525411 -0.914059997 -0.939830244 0.088609926 -0.329950601 -8.772121429
-0.331894249 0.029234435 0.942863464 188.693710327 0.092263877 0.995733321 0.001603777 -0.929328203 -0.938793838 0.087524511 -0.333175391 -9.513263702
-0.335872084 0.030322606 0.941419423 190.862411499 0.090468831 0.995899260 0.000199372 -0.937215805 -0.937552869 0.085236080 -0.337238014 -10.266639709
-0.338348597 0.030755427 0.940518081 192.983825684 0.091627009 0.995793462 0.000399593 -0.950961173 -0.936549366 0.086312056 -0.339743316 -11.052940369
-0.342382103 0.029643850 0.939093053 195.154464722 0.090987176 0.995850563 0.001737357 -0.966728270 -0.935144722 0.086040273 -0.343658656 -11.825138092
-0.345909357 0.029034218 0.937818587 197.313919067 0.090991899 0.995847881 0.002731108 -0.979561627 -0.933845401 0.086278610 -0.347114980 -12.620258331
-0.349595487 0.029247828 0.936444044 199.470779419 0.090980783 0.995848536 0.002861954 -0.984804213 -0.932472765 0.086198948 -0.350805074 -13.421875000
-0.352964759 0.029427305 0.935173750 201.623947144 0.090334013 0.995907724 0.002756535 -0.997202337 -0.931265593 0.085450940 -0.354178637 -14.228660583
-0.356995553 0.029718878 0.933633208 203.797439575 0.089314900 0.996000350 0.002447440 -1.014959097 -0.929826319 0.084261090 -0.358222067 -15.050117493
-0.360397935 0.030181821 0.932310224 205.975997925 0.088829704 0.996044636 0.002093290 -1.029056191 -0.928559422 0.083571240 -0.361653477 -15.878078461
-0.363005757 0.030993529 0.931271255 208.085433960 0.090439573 0.995899737 0.002108564 -1.050213695 -0.927387476 0.084989198 -0.364320427 -16.701873779
-0.365283966 0.030716373 0.930389225 210.227828979 0.091473185 0.995802820 0.003037701 -1.069345713 -0.926391006 0.086215295 -0.366560638 -17.546615601
-0.367585093 0.030515214 0.929489255 212.405090332 0.093088672 0.995649397 0.004126532 -1.079299927 -0.925319254 0.088041782 -0.368826479 -18.414916992
-0.370637536 0.031160103 0.928254724 214.598815918 0.094140172 0.995550215 0.004169580 -1.092864633 -0.923994184 0.088931471 -0.371921748 -19.284378052
-0.373402923 0.032407597 0.927103162 216.785415649 0.094596341 0.995510161 0.003301098 -1.104644418 -0.922833562 0.088933200 -0.374792099 -20.163116455
-0.376067817 0.032389659 0.926025867 218.968002319 0.093845934 0.995581269 0.003289212 -1.119256139 -0.921827495 0.088140726 -0.377445728 -21.043529510
-0.378794670 0.033760387 0.924864650 221.139907837 0.093841225 0.995584905 0.002092434 -1.138198733 -0.920710802 0.087583035 -0.380290508 -21.930458069
-0.381275266 0.034864776 0.923803926 223.323715210 0.093687080 0.995601237 0.001092392 -1.154779911 -0.919702113 0.086965002 -0.382864386 -22.831882477
-0.383774251 0.034840703 0.922769606 225.502487183 0.091689266 0.995787442 0.000535381 -1.175993323 -0.918863654 0.084813513 -0.385352135 -23.728515625
-0.386873215 0.036024358 0.921428978 227.678848267 0.092859872 0.995679200 0.000061096 -1.194943786 -0.917445362 0.085587442 -0.388546795 -24.635112762
-0.389208525 0.035701949 0.920457542 229.831283569 0.094454646 0.995528281 0.001325703 -1.218050241 -0.916294098 0.087457456 -0.390840352 -25.549602509
-0.392063409 0.034798481 0.919279814 232.003967285 0.094688438 0.995503306 0.002699808 -1.236558318 -0.915052116 0.088103682 -0.393595427 -26.466655731
-0.395492345 0.034192797 0.917832494 234.144714355 0.093403451 0.995623350 0.003156559 -1.253906727 -0.913707614 0.086977109 -0.396955162 -27.375072479
-0.398145229 0.034599304 0.916669667 236.272338867 0.092543416 0.995705247 0.002612723 -1.273247719 -0.912642360 0.085871987 -0.399637222 -28.303318024
-0.401626199 0.034044877 0.915170670 238.461212158 0.091029674 0.995843947 0.002902753 -1.286863923 -0.911268353 0.084473506 -0.403056115 -29.254749298
-0.405037224 0.033702265 0.913678825 240.619995117 0.090474211 0.995893002 0.003372703 -1.303564191 -0.909812748 0.084030434 -0.406422973 -30.198219299
-0.408485353 0.033691678 0.912142813 242.772918701 0.090034947 0.995932341 0.003533794 -1.327055335 -0.908313513 0.083568238 -0.409857273 -31.161659241
-0.412027925 0.033541340 0.910553634 244.921661377 0.089641951 0.995966494 0.003875592 -1.342485666 -0.906750977 0.083220653 -0.413372725 -32.123992920
-0.416012734 0.033218630 0.908751845 247.084854126 0.088432342 0.996073782 0.004072364 -1.354557514 -0.905048609 0.082057193 -0.417316973 -33.093925476
-0.419396192 0.033261888 0.907193661 249.206329346 0.088024653 0.996109545 0.004171897 -1.368377447 -0.903525591 0.081605107 -0.420692384 -34.069244385
-0.422972828 0.034144502 0.905498803 251.364669800 0.088453405 0.996073365 0.003758092 -1.387469769 -0.901814818 0.081684008 -0.424332112 -35.066513062
-0.426693380 0.034434441 0.903740585 253.475494385 0.088562883 0.996063113 0.003862081 -1.410072803 -0.900049627 0.081685811 -0.428063154 -36.045318604
-0.429702491 0.034517281 0.902310550 255.627044678 0.088489741 0.996068835 0.004037046 -1.424747109 -0.898624122 0.081579931 -0.431067705 -37.069641113
-0.433230698 0.034914345 0.900606513 257.728057861 0.087748088 0.996136248 0.003592811 -1.441459656 -0.897001326 0.080583006 -0.434620470 -38.077316284
-0.436964780 0.035253931 0.898787498 259.866241455 0.087996542 0.996113896 0.003709960 -1.453545809 -0.895163834 0.080711320 -0.438368917 -39.109672546
-0.440373212 0.036034644 0.897091389 261.996398926 0.088723101 0.996049941 0.003543631 -1.458397627 -0.893420219 0.081153244 -0.441830873 -40.154617310
-0.443587005 0.037682176 0.895438790 264.120788574 0.090469159 0.995895147 0.002907466 -1.464350104 -0.891653419 0.082299314 -0.445175231 -41.201652527
-0.446581751 0.039980736 0.893849134 266.250396729 0.092872471 0.995676398 0.001865291 -1.477074862 -0.889909804 0.083847001 -0.448363960 -42.268707275
-0.449706703 0.040486764 0.892258108 268.394531250 0.094500870 0.995521665 0.002456938 -1.499134660 -0.888162971 0.085424066 -0.451518863 -43.346084595
-0.452322990 0.042584736 0.890836895 270.520599365 0.096344039 0.995347202 0.001338102 -1.508853793 -0.886635065 0.086432077 -0.454321265 -44.433853149
-0.454847097 0.045016494 0.889431119 272.651550293 0.098586194 0.995128512 0.000049975 -1.536732078 -0.885096014 0.087708369 -0.457069248 -45.504730225
-0.457594067 0.045738686 0.887983978 274.800262451 0.099395454 0.995047867 -0.000033131 -1.549071074 -0.883588254 0.088246427 -0.459874183 -46.593803406
-0.460740179 0.046418354 0.886320531 276.960693359 0.099503681 0.995037138 -0.000386590 -1.571669459 -0.881939650 0.088014022 -0.463072419 -47.685874939
-0.464106828 0.046254873 0.884570718 279.133728027 0.098404266 0.995146453 -0.000407279 -1.581820846 -0.880296171 0.086856514 -0.466405958 -48.815681458
-0.467160136 0.047868360 0.882875919 281.313140869 0.099771537 0.995009720 -0.001155541 -1.595737338 -0.878525496 0.087546058 -0.469604790 -49.954742432
-0.469726294 0.048075020 0.881502151 283.467071533 0.099174351 0.995069206 -0.001421625 -1.611429334 -0.877223849 0.086754620 -0.472177893 -51.111068726
-0.472142875 0.048330210 0.880196154 285.626525879 0.097892001 0.995194674 -0.002134708 -1.622800708 -0.876069784 0.085156269 -0.474605203 -52.261970520
-0.474458426 0.048843537 0.878921688 287.815521240 0.099592410 0.995027125 -0.001533901 -1.641693354 -0.874625862 0.086806171 -0.476963460 -53.440971375
-0.476568729 0.048550334 0.877795577 290.015502930 0.100834079 0.994903207 -0.000283109 -1.660096884 -0.873335421 0.088376790 -0.479035288 -54.614219666
-0.478716284 0.048989594 0.876601756 292.207641602 0.102396205 0.994743645 0.000327017 -1.676704168 -0.871978045 0.089917257 -0.481216460 -55.803459167
-0.480005324 0.048635114 0.875916362 294.374298096 0.102216236 0.994761825 0.000780876 -1.688088655 -0.871290267 0.089907706 -0.482462317 -56.991409302
-0.482395709 0.048651982 0.874601245 296.568847656 0.102122121 0.994771361 0.000989803 -1.686967373 -0.869980156 0.089793630 -0.484841883 -58.194168091
-0.485099673 0.049334712 0.873066068 298.804473877 0.103693202 0.994608343 0.001412057 -1.688040376 -0.868289113 0.091215990 -0.487599909 -59.423843384
-0.487067819 0.049145106 0.871980250 301.020141602 0.104016371 0.994573474 0.002046614 -1.696632862 -0.867147923 0.091697082 -0.489536583 -60.657752991
-0.489306599 0.049865432 0.870685101 303.253387451 0.103442930 0.994634688 0.001168526 -1.706869721 -0.865955353 0.090637982 -0.491839498 -61.900390625
-0.492002219 0.052385289 0.869016409 305.471405029 0.102845065 0.994696021 -0.001734621 -1.710408449 -0.864497960 0.088520624 -0.494780123 -63.147109985
-0.495573193 0.051440448 0.867041528 307.702117920 0.101137504 0.994871736 -0.001217469 -1.731886864 -0.862657666 0.087087095 -0.498234361 -64.407302856
-0.499903053 0.049524095 0.864664257 309.913024902 0.098897800 0.995097697 0.000182743 -1.750293612 -0.860416234 0.085604750 -0.502350152 -65.662994385
-0.504758537 0.046686329 0.861997247 312.146606445 0.096191265 0.995360076 0.002417258 -1.764819980 -0.857884645 0.084136739 -0.506907225 -66.943519592
-0.509774983 0.045242693 0.859117329 314.367797852 0.094836198 0.995485425 0.003848934 -1.771161914 -0.855064631 0.083437510 -0.511764228 -68.228378296
-0.514372289 0.045600750 0.856353700 316.646911621 0.095622562 0.995407820 0.004430708 -1.778541565 -0.852219105 0.084165752 -0.516370654 -69.571144104
-0.519503713 0.047394142 0.853152752 318.943237305 0.098027393 0.995173931 0.004407403 -1.778181791 -0.848826468 0.085921988 -0.521642566 -70.940391541
-0.523553312 0.048132785 0.850632250 321.209442139 0.098634683 0.995113969 0.004400158 -1.780404449 -0.846264243 0.086205572 -0.525742769 -72.328048706
-0.527416706 0.048470397 0.848223090 323.442413330 0.099837430 0.994990051 0.005220750 -1.789876699 -0.843720376 0.087437920 -0.529613435 -73.716468811
-0.531625152 0.046991546 0.845675170 325.678649902 0.100062981 0.994951904 0.007617202 -1.796977520 -0.841048241 0.088670291 -0.533643603 -75.129234314
-0.535576522 0.045086499 0.843282223 327.911437988 0.097775415 0.995168746 0.008890904 -1.789210796 -0.838807344 0.087214023 -0.537397325 -76.540336609
-0.539187431 0.044937514 0.840986013 330.114807129 0.097176194 0.995225370 0.009124092 -1.792659283 -0.836560547 0.086643405 -0.540979922 -77.943817139
-0.543384016 0.044543594 0.838301659 332.336456299 0.097033873 0.995230675 0.010014900 -1.794149399 -0.833857358 0.086785600 -0.545114756 -79.373649597
-0.547172129 0.044814434 0.835819542 334.559356689 0.098112531 0.995115936 0.010874234 -1.789876938 -0.831250012 0.087954462 -0.548896551 -80.815040588
-0.551604509 0.043873154 0.832951009 336.789001465 0.098258607 0.995080352 0.012656911 -1.784878731 -0.828297973 0.088826239 -0.553201795 -82.269035339
-0.555026710 0.042907078 0.830725253 339.019409180 0.096726634 0.995223165 0.013221887 -1.777346611 -0.826189578 0.087691769 -0.556525588 -83.744865417
-0.558300197 0.042029891 0.828573644 341.243927002 0.096614242 0.995214581 0.014616676 -1.765668869 -0.823994279 0.088212512 -0.559689164 -85.235382080
-0.560780644 0.041596085 0.826918900 343.445220947 0.097414106 0.995115221 0.016005272 -1.754504681 -0.822213829 0.089529023 -0.562093377 -86.720237732
-0.563630164 0.040906221 0.825013876 345.669097900 0.094848081 0.995371878 0.015444978 -1.737736225 -0.820563734 0.086956233 -0.564901352 -88.234466553
-0.566836417 0.039953951 0.822860897 347.847351074 0.090955079 0.995752215 0.014306697 -1.724480152 -0.818794012 0.082952954 -0.568062603 -89.707847595
-0.570286989 0.039254609 0.820507050 350.022888184 0.087779835 0.996050358 0.013357752 -1.712505817 -0.816741943 0.079641722 -0.571480334 -91.182899475
-0.572613358 0.036730453 0.819002330 352.207611084 0.085898884 0.996185064 0.015380315 -1.705090046 -0.815313041 0.079158366 -0.573584020 -92.714454651
-0.575842619 0.036293272 0.816754520 354.391357422 0.086924732 0.996069372 0.017023882 -1.688549995 -0.812926412 0.080799244 -0.576733947 -94.232368469
-0.578859627 0.036544785 0.814607918 356.575531006 0.086293064 0.996130943 0.016631531 -1.669159412 -0.810848355 0.079922333 -0.579773545 -95.765670776
-0.582230926 0.035369225 0.812253714 358.774261475 0.083934322 0.996329963 0.016780142 -1.650012493 -0.808679283 0.077945881 -0.583062768 -97.308181763
-0.585927010 0.031144390 0.809765100 360.971038818 0.081091963 0.996498883 0.020349866 -1.632608891 -0.806296229 0.077588983 -0.586401045 -98.857536316
-0.588763356 0.028847942 0.807790577 363.128295898 0.078552328 0.996674657 0.021659965 -1.609870434 -0.804479480 0.076206423 -0.589071512 -100.410789490
-0.592084289 0.027877796 0.805393696 365.322326660 0.077092998 0.996777356 0.022172514 -1.578217030 -0.802180052 0.075218208 -0.592325389 -101.983383179
-0.595126450 0.027656199 0.803156018 367.508392334 0.076308198 0.996836782 0.022217734 -1.551159859 -0.800000966 0.074509747 -0.595354319 -103.561264038
-0.597313881 0.027562257 0.801533878 369.706390381 0.076485388 0.996811807 0.022720680 -1.524725914 -0.798352301 0.074876994 -0.597517550 -105.178115845
-0.600269318 0.026266119 0.799366534 371.863616943 0.075510293 0.996857345 0.023947645 -1.499687195 -0.796225429 0.074735440 -0.600366294 -106.768318176
-0.603212893 0.025006993 0.797188103 374.029479980 0.072634749 0.997077346 0.023683637 -1.471599579 -0.794265985 0.072189830 -0.603266299 -108.373672485
-0.606491089 0.021235766 0.794806659 376.201904297 0.062236320 0.997843981 0.020829957 -1.442080498 -0.792650759 0.062099021 -0.606505156 -109.984672546
-0.610179245 0.024096901 0.791896999 378.355041504 0.055011123 0.998413563 0.012006572 -1.428898335 -0.790351212 0.050889302 -0.610536695 -111.590515137
-0.612915456 0.034303669 0.789403617 380.491119385 0.065080360 0.997854292 0.007168316 -1.426577091 -0.787463784 0.055768229 -0.613832891 -113.229064941
-0.613852739 0.035449401 0.788623989 382.620025635 0.072784215 0.997277617 0.011825533 -1.430309772 -0.786058068 0.064658523 -0.614761829 -114.874839783
-0.615628719 0.026170470 0.787601650 384.756225586 0.071813449 0.997152865 0.022999525 -1.408150673 -0.784757316 0.070719562 -0.615755379 -116.535835266
-0.619244099 0.015380906 0.785047889 386.908386230 0.065441377 0.997340560 0.032079805 -1.360188484 -0.782466710 0.071239837 -0.618603826 -118.182609558
-0.622944415 0.009205516 0.782211900 389.033843994 0.059276577 0.997611344 0.035466712 -1.301046371 -0.780016899 0.068460643 -0.622002125 -119.823554993
-0.625272095 0.008752947 0.780357778 391.133209229 0.057867657 0.997704387 0.035176400 -1.235579491 -0.778258383 0.067152299 -0.624343157 -121.483642578
-0.627915919 0.014001629 0.778155208 393.244262695 0.063638523 0.997413754 0.033404935 -1.188164711 -0.775674999 0.070496142 -0.627183080 -123.161651611
-0.629939318 0.020679798 0.776368916 395.307128906 0.068573266 0.997222245 0.029077206 -1.136526108 -0.773611128 0.071555026 -0.629607558 -124.821281433
-0.632381737 0.023456579 0.774301708 397.430328369 0.069175467 0.997258127 0.026285671 -1.095025063 -0.771562099 0.070185259 -0.632270455 -126.522247314
-0.635671794 0.023447927 0.771603286 399.539093018 0.069013014 0.997262299 0.026549771 -1.051541328 -0.768868387 0.070127606 -0.635549903 -128.228485107
-0.637902319 0.022847954 0.769778371 401.622009277 0.069782592 0.997162700 0.028230682 -1.007511139 -0.766948998 0.071725540 -0.637686908 -129.950408936
-0.640354574 0.022628462 0.767745972 403.680541992 0.070755392 0.997053564 0.029627953 -0.955232620 -0.764813542 0.073294550 -0.640068889 -131.655624390
-0.642024338 0.022632016 0.766350091 405.768737793 0.070942931 0.997029603 0.029989315 -0.908495903 -0.763394952 0.073620990 -0.641722679 -133.378555298
-0.643096268 0.022289727 0.765460849 407.834960938 0.071186960 0.996988177 0.030775575 -0.862948418 -0.762469292 0.074282497 -0.642746150 -135.108886719
-0.644209564 0.023467002 0.764488935 409.905120850 0.072278135 0.996924043 0.030304478 -0.813052177 -0.761426210 0.074778259 -0.643924177 -136.829757690
-0.645349026 0.022695031 0.763550639 411.960754395 0.072977722 0.996818423 0.032051928 -0.755579948 -0.760393977 0.076406866 -0.644951999 -138.556976318
-0.646343470 0.022306718 0.762720466 414.038635254 0.075322591 0.996555805 0.034684233 -0.702513695 -0.759319842 0.079868011 -0.645797551 -140.309768677
-0.647118390 0.021974387 0.762072802 416.091033936 0.077192388 0.996336102 0.036818963 -0.642663956 -0.758471608 0.082652442 -0.646443665 -142.049072266
-0.648866534 0.022222510 0.760577619 418.135467529 0.075517133 0.996519148 0.035309207 -0.571181297 -0.757145464 0.080347613 -0.648286164 -143.749694824
-0.650885403 0.022063704 0.758855283 420.167388916 0.071108826 0.996954918 0.032005001 -0.511712074 -0.755838335 0.074792892 -0.650472403 -145.451599121
-0.652536213 0.021489793 0.757452726 422.198852539 0.068220854 0.997204542 0.030479588 -0.457675934 -0.754680336 0.071563095 -0.652178168 -147.170104980
-0.653476119 0.020801382 0.756661236 424.233673096 0.067729220 0.997219563 0.031078475 -0.404044151 -0.753910959 0.071557119 -0.653068066 -148.912261963
-0.654447436 0.019715685 0.755850375 426.266540527 0.065853216 0.997347474 0.031003598 -0.352950096 -0.753234267 0.070065394 -0.654009938 -150.652709961
-0.655110538 0.018560534 0.755304992 428.308258057 0.062802538 0.997576237 0.029957520 -0.301236153 -0.752918243 0.067060560 -0.654688418 -152.400024414
-0.656229794 0.017823540 0.754350543 430.328948975 0.061937209 0.997619629 0.030309420 -0.256303787 -0.752014816 0.066612303 -0.655771732 -154.127258301
-0.656621099 0.016384667 0.754042566 432.326995850 0.062208321 0.997534037 0.032495551 -0.201949120 -0.751650631 0.068244979 -0.656021237 -155.857040405
-0.656801462 0.015271558 0.753908813 434.343383789 0.064781472 0.997241318 0.036236648 -0.142533302 -0.751275718 0.072639629 -0.655978799 -157.589996338
-0.656082988 0.014178037 0.754555583 436.363739014 0.069541723 0.996705532 0.041738231 -0.071334839 -0.751478076 0.079856843 -0.654907465 -159.336074829
-0.654694080 0.013248269 0.755777836 438.392852783 0.072859481 0.996296883 0.045650270 0.013978958 -0.752374351 0.084952533 -0.653234959 -161.082290649
-0.652917147 0.010832926 0.757351816 440.398559570 0.067227393 0.996780217 0.043699458 0.099687576 -0.754439950 0.079446919 -0.651543200 -162.794128418
-0.652295709 0.009923574 0.757899582 442.423522949 0.059738375 0.997476935 0.038354099 0.178047180 -0.755606771 0.070293918 -0.651242793 -164.502838135
-0.650443912 0.008029467 0.759511828 444.453125000 0.055369131 0.997784972 0.036869518 0.239513397 -0.757533431 0.066035070 -0.649447858 -166.223876953
-0.648364842 0.007738517 0.761290431 446.483428955 0.053309947 0.997955382 0.035258036 0.304084778 -0.759461045 0.063444421 -0.647451758 -167.914901733
-0.645673454 0.008526637 0.763565898 448.514190674 0.055335075 0.997831225 0.035648856 0.368288040 -0.761606097 0.065269500 -0.644745111 -169.620880127
-0.642976046 0.008409174 0.765840113 450.542144775 0.056038272 0.997776091 0.036092121 0.433097839 -0.763833404 0.066122726 -0.642017365 -171.302932739
-0.640357494 0.009226049 0.768021584 452.563842773 0.053639740 0.998023808 0.032734487 0.491184235 -0.766201735 0.062158260 -0.639586806 -172.972412109
-0.639460087 0.004437237 0.768811464 454.621459961 0.046876330 0.998347819 0.033227455 0.549828529 -0.767393887 0.057286687 -0.638611674 -174.646179199
-0.638850272 -0.002025805 0.769328356 456.670043945 0.037564468 0.998721540 0.033823378 0.604536057 -0.768413305 0.050507493 -0.637957573 -176.299743652
-0.638681233 -0.005469810 0.769451857 458.728393555 0.030004436 0.999037325 0.032006949 0.660589218 -0.768886209 0.043529220 -0.637902141 -177.958496094
-0.637871802 -0.005821750 0.770120680 460.777832031 0.028799413 0.999091685 0.031406499 0.711216927 -0.769603908 0.042212345 -0.637124836 -179.635681152
-0.637062967 -0.005468863 0.770792305 462.831542969 0.031126454 0.998976648 0.032814000 0.765366554 -0.770182908 0.044896618 -0.636240900 -181.305480957
-0.635649323 -0.006557484 0.771950066 464.886627197 0.032338232 0.998860002 0.035113398 0.823589325 -0.771300316 0.047283299 -0.634712636 -182.967361450
-0.634591222 -0.008788673 0.772797942 466.917907715 0.031211603 0.998828053 0.036988944 0.886882782 -0.772217333 0.047593128 -0.633573353 -184.613433838
-0.633740008 -0.008652051 0.773497641 469.000823975 0.029600594 0.998933852 0.035425961 0.955459595 -0.772979558 0.045346834 -0.632808208 -186.287048340
-0.632911086 -0.008420679 0.774178684 471.030700684 0.027179675 0.999082983 0.033087030 1.014900208 -0.773747265 0.041983079 -0.632101715 -187.906341553
-0.631941080 -0.006913239 0.774985611 473.102325439 0.028403858 0.999081850 0.032073434 1.065694809 -0.774495780 0.042281095 -0.631164491 -189.583068848
-0.631041229 -0.005995242 0.775726140 475.141723633 0.030522805 0.999003887 0.032550689 1.121701241 -0.775148571 0.044218164 -0.630229652 -191.219772339
