1.000000000 0.000000000 0.000000000 0.000000000 0.000000000 1.000000000 0.000000000 0.000000000 0.000000000 0.000000000 1.000000000 0.000000000
0.999040127 -0.000351448 0.043802395 0.046028141 0.000452537 0.999997199 -0.002297945 -0.021369830 -0.043801460 0.002315561 0.999037564 1.026254892
0.996020615 -0.004493671 0.089009970 0.137691095 0.005156400 0.999960661 -0.007217004 -0.040098093 -0.088974051 0.007647255 0.996004581 2.048687220
0.990848184 -0.003792672 0.134928241 0.267455190 0.005371681 0.999921262 -0.011340443 -0.061966363 -0.134874612 0.011961447 0.990790486 3.053257227
0.983492196 -0.001018946 0.180947289 0.448904634 0.003495838 0.999904513 -0.013370085 -0.097941361 -0.180916399 0.013781937 0.983401895 4.075796127
0.973964214 -0.003600058 0.226673126 0.686038077 0.006779134 0.999889195 -0.013248040 -0.129663229 -0.226600319 0.014439764 0.973880768 5.078551769
0.962270737 -0.004094142 0.272062719 0.958774507 0.008364485 0.999859273 -0.014538306 -0.159642294 -0.271964967 0.016265454 0.962169707 6.085613728
0.948714137 -0.006733958 0.316063434 1.285872102 0.012832506 0.999769330 -0.017217975 -0.191653684 -0.315874666 0.020390827 0.948581815 7.064393997
0.933565080 -0.008381024 0.358309776 1.660410166 0.016285077 0.999685943 -0.019047180 -0.223750204 -0.358037591 0.023616888 0.933408439 8.021017075
0.916286945 -0.008472485 0.400432765 2.070821762 0.017921336 0.999642134 -0.019857591 -0.256876618 -0.400121242 0.025371544 0.916110933 8.944612503
0.896711349 -0.008809707 0.442528039 2.515959740 0.018876230 0.999653459 -0.018348843 -0.293109208 -0.442213058 0.024806879 0.896566987 9.847260475
0.874985874 -0.008890383 0.484066784 3.013937235 0.019742912 0.999654949 -0.017327063 -0.332423627 -0.483745694 0.024717825 0.874859512 10.732723236
0.850996554 -0.008933461 0.525095284 3.549558163 0.020405948 0.999662757 -0.016063655 -0.369011819 -0.524774611 0.024385184 0.850891948 11.603769302
0.825573146 -0.009694388 0.564211845 4.137871265 0.022700002 0.999613583 -0.016039843 -0.407845050 -0.563838363 0.026049672 0.825474143 12.448866844
0.798316181 -0.011403362 0.602130651 4.751368999 0.026066449 0.999537945 -0.015629783 -0.439574301 -0.601674199 0.028172914 0.798244536 13.253541946
0.769447207 -0.009988264 0.638632238 5.393528938 0.026241409 0.999527812 -0.015983894 -0.475869328 -0.638171136 0.029057367 0.769345999 14.035086632
0.739085019 -0.013362706 0.673479557 6.073421955 0.031275347 0.999405742 -0.014492465 -0.509622693 -0.672885776 0.031774469 0.739063680 14.766289711
0.707009673 -0.012467059 0.707093894 6.803075790 0.031557061 0.999404788 -0.013932397 -0.537787199 -0.706499338 0.032164145 0.706982315 15.488896370
0.672794461 -0.011139722 0.739745557 7.551143169 0.032490022 0.999366820 -0.014500174 -0.572803676 -0.739115655 0.033789981 0.672730446 16.173427582
0.637307763 -0.012554990 0.770507097 8.343889236 0.037293002 0.999198198 -0.014564694 -0.601008415 -0.769706428 0.038016714 0.637265027 16.825246811
0.600696266 -0.010773933 0.799404740 9.164998055 0.037356995 0.999195278 -0.014604549 -0.629929006 -0.798604071 0.038636256 0.600615323 17.435157776
0.562845588 -0.009683070 0.826505363 9.983561516 0.040187351 0.999069452 -0.015662588 -0.662527621 -0.825584590 0.042030681 0.562710881 17.988882065
0.523823082 -0.007843168 0.851790965 10.849859238 0.044807374 0.998826981 -0.018357994 -0.683704913 -0.850647807 0.047782864 0.523560047 18.524938583
0.485114872 -0.006388488 0.874427140 11.714116096 0.046149392 0.998766780 -0.018305862 -0.702462077 -0.873231888 0.049234726 0.484811395 19.005516052
0.446409613 -0.008649132 0.894786894 12.603351593 0.051302969 0.998555839 -0.015942903 -0.741107643 -0.893356860 0.053022292 0.446208745 19.442577362
0.409492612 -0.009430193 0.912264705 13.525359154 0.055167489 0.998372674 -0.014442990 -0.768983603 -0.910643935 0.056241643 0.409346461 19.843544006
0.374515980 -0.006888617 0.927194893 14.458165169 0.056815404 0.998263836 -0.015532463 -0.791802526 -0.925478160 0.058496106 0.374257147 20.208648682
0.341147304 -0.007850784 0.939977050 15.416522026 0.057377547 0.998274446 -0.012486440 -0.816887558 -0.938256979 0.058193304 0.341009200 20.553823471
0.307695270 -0.009348001 0.951438963 16.419498444 0.059868757 0.998160541 -0.009554503 -0.837193310 -0.949599504 0.059901349 0.307688922 20.871726990
0.275320321 -0.009105097 0.961309433 17.400308609 0.060551032 0.998133957 -0.007888020 -0.855084598 -0.959443688 0.060380016 0.275357902 21.142726898
0.243052512 -0.006358724 0.969992280 18.401618958 0.057957929 0.998287141 -0.007978400 -0.879068077 -0.968280077 0.058157906 0.243004769 21.396867752
0.212086067 -0.004662142 0.977239847 19.435970306 0.057807051 0.998297453 -0.007783009 -0.891259849 -0.975539744 0.058142025 0.211994484 21.624597549
0.181616902 -0.004665221 0.983358264 20.471988678 0.059772447 0.998192132 -0.006303805 -0.913007736 -0.981551051 0.059922606 0.181567430 21.816650391
0.151021093 -0.004695869 0.988519371 21.538682938 0.061414447 0.998101532 -0.004641205 -0.924276292 -0.986620963 0.061410289 0.151022777 21.976058960
0.120521218 -0.005430820 0.992695868 22.616739273 0.059776910 0.998210132 -0.001796408 -0.937414348 -0.990909338 0.059556797 0.120630138 22.110288620
0.091416679 -0.005905850 0.995795131 23.703865051 0.060346678 0.998177409 0.000379991 -0.950348556 -0.993982494 0.060058184 0.091606475 22.202009201
0.064587452 -0.005432956 0.997897267 24.819755554 0.063302152 0.997993529 0.001336340 -0.951439738 -0.995902240 0.063082717 0.064801775 22.264238358
0.039759152 -0.004913262 0.999197185 25.945337296 0.067457423 0.997719646 0.002221792 -0.958078146 -0.996929586 0.067314923 0.039999921 22.288976669
0.017059205 -0.004376245 0.999845028 27.124202728 0.071672924 0.997423232 0.003142774 -0.958016694 -0.997282267 0.071608178 0.017328905 22.302240372
-0.002915156 -0.004413374 0.999985993 28.274074554 0.077473253 0.996983647 0.004625972 -0.955022991 -0.996990144 0.077485658 -0.002564444 22.290374756
-0.020020990 -0.004852966 0.999787748 29.465026855 0.082049794 0.996607184 0.006480595 -0.951869249 -0.996427119 0.082162134 -0.019554880 22.245985031
-0.035495717 -0.004703957 0.999358892 30.672693253 0.085237078 0.996330738 0.007717197 -0.950686514 -0.995728195 0.085456327 -0.034964528 22.190761566
-0.049555086 -0.005122263 0.998758256 31.873498917 0.087599307 0.996110916 0.009455075 -0.942789733 -0.994922400 0.087959081 -0.048913658 22.131521225
-0.062517956 -0.006309961 0.998023868 33.084686279 0.087753333 0.996072352 0.011794644 -0.941937506 -0.994178414 0.088317282 -0.061718687 22.041379929
-0.074547663 -0.006006596 0.997199357 34.296764374 0.087583266 0.996078193 0.012547308 -0.936664820 -0.993363917 0.088273354 -0.073729225 21.953445435
-0.085776567 -0.003373774 0.996308625 35.519859314 0.087510392 0.996103883 0.010907234 -0.933818698 -0.992463708 0.088122971 -0.085147135 21.855512619
-0.095839851 0.000133674 0.995396733 36.748943329 0.087933280 0.996091485 0.008332720 -0.924548388 -0.991505086 0.088327102 -0.095477022 21.736867905
-0.105371952 0.002298635 0.994430244 38.014572144 0.089109175 0.995996296 0.007139943 -0.927325487 -0.990432382 0.089365192 -0.105154902 21.610050201
-0.112384088 0.003376777 0.993659079 39.298568726 0.089074023 0.996002495 0.006689644 -0.921508908 -0.989664376 0.089261033 -0.112235606 21.459024429
-0.118228406 0.004083850 0.992977977 40.620193481 0.088758498 0.996032119 0.006471573 -0.913426340 -0.989011586 0.088900350 -0.118121780 21.308324814
-0.123516083 0.005661625 0.992326379 41.946163177 0.090020381 0.995924532 0.005522795 -0.909569323 -0.988250971 0.090011761 -0.123522371 21.154161453
-0.128038988 0.007161161 0.991743267 43.287754059 0.088862278 0.996034861 0.004280416 -0.906907976 -0.987780094 0.088676639 -0.128167659 20.982120514
-0.132775739 0.008211300 0.991112113 44.663982391 0.089432783 0.995985806 0.003729312 -0.896933854 -0.987103045 0.089133084 -0.132977113 20.817533493
-0.136645541 0.007228830 0.990593672 46.053031921 0.088644080 0.996050954 0.004959183 -0.892539382 -0.986645937 0.088487916 -0.136746705 20.660118103
-0.138562679 0.004853059 0.990341783 47.455894470 0.089837737 0.995926738 0.007689131 -0.900973797 -0.986270487 0.090035483 -0.138434246 20.457746506
-0.141062468 0.003630851 0.989994049 48.896957397 0.089540422 0.995941579 0.009105789 -0.891351223 -0.985943198 0.089928970 -0.140815064 20.257795334
-0.143786490 0.004091534 0.989600301 50.318721771 0.092471100 0.995671690 0.009319182 -0.899046898 -0.985278904 0.092849389 -0.143542469 20.084911346
-0.144574121 0.004056336 0.989485681 51.755336761 0.092008092 0.995714247 0.009361464 -0.885480583 -0.985206962 0.092394106 -0.144327715 19.879474640
-0.144995958 0.005399023 0.989417434 53.218425751 0.094305366 0.995507956 0.008387890 -0.874569058 -0.984927773 0.094523594 -0.144853801 19.665231705
-0.144841060 0.005287645 0.989440799 54.705879211 0.093839258 0.995551765 0.008416525 -0.870660126 -0.984995067 0.094067462 -0.144692943 19.444852829
-0.144251391 0.006929347 0.989516914 56.218795776 0.093678735 0.995580018 0.006684642 -0.860655844 -0.985096812 0.093660943 -0.144262940 19.227922440
-0.142650336 0.007097940 0.989747703 57.749153137 0.094163381 0.995535851 0.006432124 -0.849779367 -0.985283792 0.094115533 -0.142681882 19.003696442
-0.141054273 0.005780279 0.989985108 59.288043976 0.093425229 0.995598078 0.007498286 -0.844651699 -0.985583782 0.093547240 -0.140973404 18.778045654
-0.139807597 0.006285831 0.990158737 60.873569489 0.094754234 0.995475709 0.007059444 -0.842855334 -0.985634565 0.094808698 -0.139770687 18.555784225
-0.139454082 0.007092481 0.990203142 62.494304657 0.093593560 0.995592117 0.006050061 -0.825429857 -0.985795438 0.093520351 -0.139503211 18.350492477
-0.138069555 0.007853811 0.990391374 64.103294373 0.094557032 0.995505393 0.005287744 -0.818732440 -0.985898435 0.094378546 -0.138191611 18.115552902
-0.136713520 0.007446514 0.990582645 65.742004395 0.093997434 0.995557368 0.005488980 -0.813360572 -0.986140907 0.093862638 -0.136806101 17.885122299
-0.135428652 0.006433328 0.990766227 67.384765625 0.095970862 0.995361924 0.006655168 -0.797169626 -0.986128032 0.095986001 -0.135417923 17.646802902
-0.134050727 0.004754880 0.990963042 69.044441223 0.097604528 0.995189607 0.008428113 -0.789200306 -0.986155987 0.097852260 -0.133869976 17.412239075
-0.134653464 0.005518198 0.990877330 70.817741394 0.098796755 0.995076418 0.007884220 -0.781437993 -0.985955119 0.098957121 -0.134535655 17.179925919
-0.133491158 0.007307088 0.991023064 72.500427246 0.100953870 0.994871378 0.006263057 -0.777365685 -0.985894680 0.100883678 -0.133544207 16.946413040
-0.132956982 0.007389732 0.991094232 74.222663879 0.099984221 0.994970977 0.005994417 -0.772783399 -0.986065626 0.099890798 -0.133027211 16.723423004
-0.132265091 0.007944786 0.991182566 75.935188293 0.100832045 0.994888365 0.005480705 -0.762766898 -0.986072421 0.100667849 -0.132390097 16.489032745
-0.132123351 0.006879762 0.991209328 77.672378540 0.100917563 0.994873166 0.006546623 -0.759401500 -0.986082673 0.100895412 -0.132140279 16.260105133
-0.131958544 0.006854453 0.991231561 79.401260376 0.102165945 0.994744599 0.006722186 -0.758218825 -0.985976219 0.102157168 -0.131965384 16.038383484
-0.131675810 0.007001317 0.991268098 81.171188354 0.103504688 0.994606256 0.006724224 -0.745803237 -0.985874355 0.103486314 -0.131690219 15.798319817
-0.131473064 0.008076369 0.991286874 82.927055359 0.103735447 0.994588852 0.005655022 -0.739058077 -0.985877156 0.103575066 -0.131599411 15.561031342
-0.131621778 0.008985896 0.991259277 84.741218567 0.103428997 0.994625628 0.004717140 -0.732552230 -0.985889494 0.103145845 -0.131843790 15.304871559
-0.132654473 0.009597150 0.991115808 86.524398804 0.102431156 0.994731724 0.004077588 -0.735222816 -0.985855281 0.102062069 -0.132938638 15.073266029
-0.134201095 0.010110085 0.990902543 88.325065613 0.101654105 0.994813144 0.003617357 -0.737171352 -0.985726357 0.101214774 -0.134532779 14.846853256
-0.135286719 0.009277299 0.990763068 90.146873474 0.100664251 0.994910598 0.004429363 -0.741845489 -0.985679567 0.100333638 -0.135532081 14.613024712
-0.136315390 0.008997090 0.990624666 91.976501465 0.100945845 0.994880021 0.004854961 -0.743273318 -0.985509038 0.100661241 -0.136525646 14.369614601
-0.137047365 0.008305313 0.990529656 93.844802856 0.098401599 0.995132804 0.005270705 -0.738362908 -0.985664785 0.098192051 -0.137197584 14.123335838
-0.138780639 0.008947358 0.990282714 95.669471741 0.098073602 0.995167732 0.004752777 -0.742450595 -0.985454977 0.097780176 -0.138987526 13.879158974
-0.141104102 0.009921540 0.989945054 97.543907166 0.097461969 0.995231569 0.003917448 -0.738183200 -0.985185683 0.097034775 -0.141398251 13.608871460
-0.145299584 0.010833431 0.989328384 99.423637390 0.097808152 0.995199263 0.003467062 -0.736461759 -0.984541297 0.097268164 -0.145661637 13.337862015
-0.149755582 0.009972661 0.988672733 101.305564880 0.095855743 0.995385170 0.004479025 -0.737630665 -0.984065533 0.095440708 -0.150020391 13.062456131
-0.154272944 0.009282170 0.987984657 103.191604614 0.094626993 0.995498002 0.005423166 -0.741570890 -0.983486474 0.094326667 -0.154456750 12.774553299
-0.158856437 0.009894217 0.987252116 105.090087891 0.093221739 0.995632648 0.005021877 -0.748745620 -0.982890785 0.092831090 -0.159084991 12.479542732
-0.162943244 0.011636400 0.986566961 107.010894775 0.093770169 0.995586812 0.003744471 -0.749047875 -0.982169390 0.093120657 -0.163315311 12.148367882
-0.167659640 0.013289280 0.985755384 108.940902710 0.093673088 0.995599866 0.002510146 -0.761534929 -0.981384516 0.092759579 -0.168166757 11.825448990
-0.172047243 0.013317976 0.984998584 110.885162354 0.092664078 0.995693624 0.002722817 -0.773089647 -0.980720699 0.091742449 -0.172540441 11.486445427
-0.176560476 0.012981232 0.984204113 112.830215454 0.090577431 0.995884538 0.003113770 -0.777430236 -0.980113268 0.089696467 -0.177009627 11.140595436
-0.181226581 0.012423957 0.983362854 114.799789429 0.088805556 0.996041715 0.003782067 -0.780308664 -0.979423583 0.088013493 -0.181612551 10.775212288
-0.186957538 0.011848046 0.982296526 116.751991272 0.087738641 0.996132493 0.004684100 -0.784720421 -0.978442013 0.087061070 -0.187274009 10.426763535
-0.192134306 0.011542425 0.981300771 118.729949951 0.087942995 0.996110260 0.005502227 -0.788450658 -0.977420270 0.087355688 -0.192402050 10.040740013
-0.197412074 0.012966457 0.980234861 120.693267822 0.088628449 0.996053755 0.004673412 -0.795911431 -0.976306021 0.087799288 -0.197782278 9.658311844
-0.202750817 0.014060617 0.979129434 122.651252747 0.088356800 0.996080875 0.003992220 -0.801348388 -0.975235939 0.087322161 -0.203198582 9.260046959
-0.209139585 0.014285491 0.977781415 124.640708923 0.088766851 0.996042550 0.004434230 -0.798303902 -0.973848522 0.087721959 -0.209580019 8.863591194
-0.214825213 0.014222057 0.976548970 126.629127502 0.087600701 0.996144295 0.004763322 -0.799550474 -0.972715914 0.086569652 -0.215242773 8.436999321
-0.220223472 0.015005232 0.975334167 128.624237061 0.086886235 0.996208966 0.004291904 -0.800840020 -0.971572042 0.085688286 -0.220692396 7.995593071
-0.225548953 0.015612340 0.974106669 130.624938965 0.086185969 0.996271074 0.003988302 -0.807070374 -0.970412076 0.084853888 -0.226053476 7.548448563
-0.230024114 0.014898374 0.973070860 132.601364136 0.087321989 0.996165514 0.005390069 -0.810309887 -0.969259381 0.086210340 -0.230443016 7.088327885
-0.233502075 0.015047341 0.972239852 134.597640991 0.089825094 0.995938540 0.006159098 -0.806184292 -0.968198478 0.088769712 -0.233905330 6.600780964
-0.237053946 0.015850028 0.971367180 136.604904175 0.091170602 0.995817304 0.006000433 -0.808779597 -0.967209041 0.089982562 -0.237507463 6.105772495
-0.240122616 0.016576525 0.970601022 138.598815918 0.091699786 0.995770454 0.005679759 -0.811344445 -0.966401637 0.090367749 -0.240627095 5.609260559
-0.243749395 0.016725540 0.969694018 140.631546021 0.091020316 0.995832682 0.005703147 -0.814499557 -0.965557575 0.089651987 -0.244256005 5.108856201
-0.247246012 0.017228112 0.968799531 142.628265381 0.089930840 0.995934248 0.005240484 -0.819595098 -0.964770377 0.088420644 -0.247790128 4.580826759
-0.251923829 0.017734608 0.967584491 144.654678345 0.089205801 0.996000946 0.004970510 -0.830394387 -0.963626862 0.087566361 -0.252498388 4.061419010
-0.255905420 0.016876478 0.966554642 146.694229126 0.087396637 0.996157050 0.005745823 -0.838020861 -0.962743104 0.085943982 -0.256396979 3.523321390
-0.260011077 0.017446354 0.965448022 148.721130371 0.087827690 0.996119618 0.005652826 -0.838629842 -0.961603105 0.086262867 -0.260534346 2.975924730
-0.264614195 0.017759589 0.964190960 150.769561768 0.087283120 0.996167779 0.005605548 -0.846480012 -0.960396290 0.085640892 -0.265150279 2.424846649
-0.269494951 0.018041441 0.962832808 152.824569702 0.086883724 0.996202409 0.005651867 -0.848382831 -0.959074378 0.085177667 -0.270039022 1.866614819
-0.274128735 0.017518630 0.961533427 154.874145508 0.086963676 0.996189475 0.006642901 -0.857493758 -0.957753003 0.085439496 -0.274607599 1.294893861
-0.279105037 0.017604284 0.960099161 156.935684204 0.087432057 0.996144831 0.007151672 -0.856761098 -0.956271946 0.085939497 -0.279568285 0.718910635
-0.283602297 0.018282607 0.958767712 159.021697998 0.087853320 0.996108890 0.006992243 -0.858109653 -0.954909205 0.086213939 -0.284104884 0.123319380
-0.287426561 0.019718990 0.957599699 161.088226318 0.088415369 0.996065438 0.006027069 -0.856568277 -0.953713119 0.086398847 -0.288039118 -0.488473743
-0.291520178 0.021095080 0.956332088 163.157287598 0.088176526 0.996092796 0.004906844 -0.864568651 -0.952491939 0.085756466 -0.292241156 -1.104156375
-0.295168221 0.022577884 0.955178499 165.242675781 0.089245483 0.996001422 0.004035706 -0.869632721 -0.951268077 0.086436570 -0.296002895 -1.733827949
-0.298721641 0.023085861 0.954061031 167.326385498 0.088508219 0.996068895 0.003610059 -0.878917217 -0.950227082 0.085520647 -0.299590647 -2.375861883
-0.302350461 0.023250911 0.952913225 169.420944214 0.089099653 0.996014833 0.003967900 -0.888007045 -0.949023426 0.086103939 -0.303217113 -3.030062437
-0.306202143 0.023351990 0.951680064 171.504119873 0.088597894 0.996059179 0.004065343 -0.893846631 -0.947834730 0.085561663 -0.307064384 -3.686590672
-0.310617805 0.024414239 0.950221300 173.615997314 0.090982772 0.995843947 0.004154929 -0.899427652 -0.946170568 0.087744370 -0.311548084 -4.367286682
-0.313320696 0.025169816 0.949313760 175.712570190 0.093549244 0.995604575 0.004478740 -0.901065111 -0.945028305 0.090210855 -0.314298183 -5.067616463
-0.315948725 0.024628621 0.948456466 177.786788940 0.094334640 0.995524943 0.005573790 -0.908715010 -0.944074869 0.091233321 -0.316858172 -5.753737926
-0.318584889 0.024271606 0.947583556 179.877838135 0.093923010 0.995561063 0.006077136 -0.909578443 -0.943229616 0.090935975 -0.319450319 -6.460865021
-0.321523666 0.024872465 0.946574807 181.991210938 0.093232393 0.995629132 0.005506886 -0.914710045 -0.942300498 0.090022065 -0.322437316 -7.172519684
-0.324563026 0.026751639 0.945485711 184.099212646 0.092444994 0.995711565 0.003561472 -0.921623766 -0.941335618 0.088561349 -0.325644165 -7.885869026
-0.327881932 0.028914865 0.944276094 186.224716187 0.092312202 0.995728910 0.001563250 -0.927962482 -0.940197706 0.087680764 -0.329150736 -8.615246773
-0.330848724 0.029674429 0.943217278 188.338150024 0.091389820 0.995814919 0.000727267 -0.944998443 -0.939248145 0.086441077 -0.332176030 -9.354639053
-0.334700763 0.030708997 0.941823959 190.506408691 0.089656606 0.995972693 -0.000612830 -0.955808759 -0.938049614 0.084235638 -0.336106032 -10.107347488
-0.338080376 0.031127898 0.940602243 192.643585205 0.090804696 0.995868683 -0.000318966 -0.972260535 -0.936726332 0.085303262 -0.339510173 -10.881655693
-0.341774821 0.029689481 0.939312756 194.806228638 0.089829780 0.995956421 0.001205276 -0.989029586 -0.935478806 0.084790185 -0.343059897 -11.657696724
-0.344985604 0.029310141 0.938150227 196.960922241 0.090235621 0.995918274 0.002067345 -1.003436208 -0.934260368 0.085367769 -0.346222281 -12.453740120
-0.349009693 0.029203387 0.936663985 199.123260498 0.089938730 0.995944262 0.002460370 -1.011034608 -0.932793260 0.085101061 -0.350220710 -13.253643990
-0.352694392 0.029660063 0.935268283 201.285659790 0.089296810 0.996002793 0.002088147 -1.021902919 -0.931468070 0.084252968 -0.353933215 -14.055541992
-0.356454819 0.029876720 0.933834732 203.451889038 0.088269666 0.996094942 0.001824846 -1.042528033 -0.930133462 0.083079763 -0.357700080 -14.879183769
-0.360155076 0.030484911 0.932394147 205.644912720 0.087972015 0.996121943 0.001412367 -1.056743503 -0.928735197 0.082533278 -0.361440182 -15.704933167
-0.363092482 0.031067163 0.931235015 207.753860474 0.089105226 0.996021211 0.001514002 -1.078626752 -0.927482665 0.083527640 -0.364416003 -16.524503708
-0.365746051 0.030884607 0.930202127 209.905548096 0.090333641 0.995908558 0.002452084 -1.097404003 -0.926320493 0.084925383 -0.367039531 -17.367578506
-0.368715912 0.030334566 0.929047048 212.090713501 0.091484629 0.995799184 0.003793894 -1.109737873 -0.925029278 0.086392403 -0.369942158 -18.233037949
-0.371246964 0.031329844 0.928005457 214.264633179 0.093014583 0.995658278 0.003596474 -1.124372244 -0.923863530 0.087653205 -0.372549206 -19.103933334
-0.374224305 0.032270879 0.926776528 216.453842163 0.093183070 0.995644629 0.002957608 -1.139886498 -0.922644615 0.087466694 -0.375601500 -19.979942322
-0.377050191 0.032503560 0.925622344 218.633651733 0.092614420 0.995698214 0.002761970 -1.154995799 -0.921550632 0.086767368 -0.378438473 -20.858617783
-0.380084306 0.033912163 0.924329877 220.805023193 0.092441015 0.995716989 0.001480485 -1.173828840 -0.920320809 0.086008698 -0.381591320 -21.745473862
-0.382753044 0.034940232 0.923189759 222.989517212 0.092259884 0.995734811 0.000564936 -1.190578699 -0.919232428 0.085389614 -0.384344041 -22.648571014
-0.385319501 0.035103049 0.922115326 225.166656494 0.090102106 0.995932519 -0.000262627 -1.208573341 -0.918373823 0.082983322 -0.386915088 -23.546279907
-0.388736457 0.036203049 0.920637429 227.338012695 0.091225520 0.995830059 -0.000640219 -1.229219794 -0.916821599 0.083736755 -0.390418082 -24.448978424
-0.391052186 0.035712481 0.919675410 229.486648560 0.092459343 0.995716274 0.000649067 -1.254653811 -0.915712535 0.085286401 -0.392678976 -25.363857269
-0.393894941 0.034826849 0.918495417 231.654205322 0.092757620 0.995686591 0.002025180 -1.276116133 -0.914463103 0.085995130 -0.395426393 -26.286245346
-0.397054970 0.034329586 0.917152584 233.778228760 0.091644399 0.995788813 0.002401817 -1.290818095 -0.913207889 0.085005544 -0.398529053 -27.200607300
-0.399844050 0.034620348 0.915929139 235.905471802 0.090749495 0.995871782 0.001974196 -1.314235091 -0.912079632 0.083909474 -0.401335180 -28.131080627
-0.403223276 0.034001596 0.914469719 238.085433960 0.089215256 0.996009707 0.002304885 -1.330935121 -0.910742342 0.082514033 -0.404647768 -29.082298279
-0.406992823 0.033532165 0.912815571 240.248489380 0.088395603 0.996081471 0.002821603 -1.347223759 -0.909144044 0.081837267 -0.408362091 -30.031894684
-0.411008954 0.033678383 0.911009014 242.404342651 0.087813511 0.996133029 0.002792505 -1.367590547 -0.907392025 0.081146643 -0.412376970 -30.991413116
-0.414626151 0.033604264 0.909371078 244.555480957 0.087840021 0.996129334 0.003240246 -1.387468696 -0.905742407 0.081222668 -0.415973037 -31.962726593
-0.418778449 0.032696173 0.907499611 246.718109131 0.086117417 0.996277571 0.003845358 -1.405529737 -0.903995693 0.079761885 -0.420035332 -32.936233521
-0.422414362 0.033358630 0.905788779 248.838577271 0.086068057 0.996283293 0.003446424 -1.415259957 -0.902307272 0.079415299 -0.423715472 -33.917819977
-0.426055640 0.033691697 0.904069364 250.983108521 0.086072452 0.996282876 0.003434690 -1.442072153 -0.900593102 0.079278834 -0.427372009 -34.920078278
-0.430179298 0.034297906 0.902091682 253.070190430 0.086291358 0.996264577 0.003271249 -1.459185004 -0.898609817 0.079249941 -0.431531996 -35.893573761
-0.434163243 0.034314398 0.900180340 255.222991943 0.086026683 0.996286631 0.003513351 -1.473200321 -0.896717072 0.078964897 -0.435503036 -36.912208557
-0.437702417 0.034733303 0.898448765 257.344848633 0.085152209 0.996363461 0.002965474 -1.488758802 -0.895078599 0.077802889 -0.439068347 -37.931877136
-0.441331208 0.035303246 0.896649539 259.450134277 0.085507534 0.996333420 0.002858807 -1.504419804 -0.893261015 0.077931970 -0.442731798 -38.957935333
-0.444666564 0.035686821 0.894985139 261.570312500 0.085974187 0.996293008 0.002989234 -1.512010574 -0.891560495 0.078274809 -0.446086258 -40.004405975
-0.447748870 0.037277088 0.893381953 263.686065674 0.087951675 0.996121585 0.002516001 -1.523684502 -0.889823258 0.079700962 -0.449290901 -41.065105438
-0.451290995 0.039869800 0.891485751 265.817779541 0.090336449 0.995910585 0.001190452 -1.531006813 -0.887792647 0.081070893 -0.453047246 -42.140270233
-0.454227775 0.040345531 0.889971554 267.951232910 0.091761433 0.995779574 0.001691444 -1.553354621 -0.886147261 0.082433365 -0.456012905 -43.228263855
-0.456910700 0.042742096 0.888485074 270.075897217 0.093985498 0.995573461 0.000439054 -1.562535882 -0.884533405 0.083705336 -0.458905309 -44.326927185
-0.459879249 0.045164637 0.886832118 272.191986084 0.095818318 0.995398343 -0.001005758 -1.589515924 -0.882796645 0.084512241 -0.462090701 -45.400043488
-0.463120311 0.045684271 0.885117233 274.337585449 0.096370786 0.995345056 -0.000949418 -1.605417371 -0.881040454 0.084859751 -0.465367138 -46.496738434
-0.466502249 0.046610653 0.883291066 276.492950439 0.096921995 0.995291114 -0.001332345 -1.631026387 -0.879193842 0.084988773 -0.468823135 -47.604236603
-0.469569087 0.046348475 0.881678283 278.652618408 0.095693476 0.995409906 -0.001362225 -1.644295454 -0.877694666 0.083731204 -0.471848935 -48.750450134
-0.472837776 0.047994707 0.879841447 280.818023682 0.097114950 0.995270967 -0.002100509 -1.664183736 -0.875781357 0.084452555 -0.475262672 -49.899036407
-0.475834072 0.048066612 0.878220677 282.969238281 0.096250847 0.995354414 -0.002327298 -1.681564689 -0.874252677 0.083422080 -0.478249967 -51.061618805
-0.478573203 0.047758769 0.876747847 285.114471436 0.094701208 0.995502532 -0.002534966 -1.701249242 -0.872925758 0.081815898 -0.480943620 -52.224891663
-0.480869889 0.048698593 0.875438631 287.258270264 0.096591935 0.995321393 -0.002310376 -1.717732191 -0.871455193 0.083449304 -0.483324081 -53.403633118
-0.482984960 0.048623640 0.874277472 289.447662354 0.098126277 0.995173335 -0.001138568 -1.740240574 -0.870113075 0.085239694 -0.485425025 -54.597965240
-0.485112160 0.049258221 0.873063445 291.623107910 0.099597663 0.995027483 -0.000798624 -1.752622128 -0.868761480 0.086567663 -0.487605989 -55.803482056
-0.486479163 0.048725657 0.872332394 293.783477783 0.099272259 0.995060205 -0.000219035 -1.768129826 -0.868034005 0.086491860 -0.488913268 -57.008319855
-0.488915145 0.048120730 0.871003091 295.995941162 0.098785281 0.995108604 0.000473318 -1.774721026 -0.866719961 0.086273693 -0.491277307 -58.233181000
-0.491279125 0.048792519 0.869634509 298.220275879 0.100383393 0.994948447 0.000885690 -1.776577711 -0.865198255 0.087731980 -0.493695289 -59.486679077
-0.493839324 0.048560154 0.868196189 300.419219971 0.100402355 0.994945824 0.001460393 -1.785391331 -0.863737285 0.087890141 -0.496218920 -60.720935822
-0.495942533 0.048779596 0.866984129 302.641906738 0.099581778 0.995029032 0.000980112 -1.804232359 -0.862626374 0.086821906 -0.498334825 -61.984962463
-0.498632044 0.051212311 0.865299523 304.856567383 0.098975033 0.995088160 -0.001859060 -1.813698292 -0.861144602 0.084716067 -0.501251519 -63.253410339
-0.501855671 0.050425541 0.863480210 307.094085693 0.097257152 0.995258033 -0.001595130 -1.829815984 -0.859465957 0.083179086 -0.504380226 -64.541427612
-0.506416738 0.048237488 0.860938728 309.298828125 0.094307899 0.995542943 -0.000305938 -1.842402577 -0.857116163 0.081038386 -0.508708894 -65.808364868
-0.511470854 0.045819588 0.858078122 311.525665283 0.092205860 0.995738328 0.001790382 -1.859817266 -0.854339182 0.080035567 -0.513516068 -67.102859497
-0.516371846 0.044518471 0.855206549 313.776153564 0.090762846 0.995868146 0.002961685 -1.865909576 -0.851541102 0.079150312 -0.518278897 -68.434341431
-0.521179020 0.044927556 0.852263927 316.054260254 0.091446094 0.995804131 0.003427056 -1.871823192 -0.848534048 0.079722337 -0.523100674 -69.802780151
-0.525595307 0.046398278 0.849468589 318.340759277 0.093632020 0.995600522 0.003553284 -1.879243374 -0.845566511 0.081405051 -0.527627170 -71.187644958
-0.528993368 0.047373876 0.847302616 320.587799072 0.094668031 0.995502949 0.003443785 -1.883849025 -0.843329132 0.082034208 -0.531099260 -72.597640991
-0.533136547 0.047218882 0.844710410 322.840911865 0.095196523 0.995448589 0.004437943 -1.892448187 -0.840656340 0.082779527 -0.535205007 -74.002815247
-0.537534654 0.046145238 0.841978192 325.069427490 0.095837690 0.995374799 0.006632332 -1.901208758 -0.837777674 0.084258340 -0.539471090 -75.416702271
-0.541676402 0.044202562 0.839424133 327.310485840 0.093456604 0.995592177 0.007881015 -1.896607995 -0.835375726 0.082718678 -0.543419778 -76.854782104
-0.545666873 0.043796185 0.836857021 329.524261475 0.092790656 0.995650172 0.008397016 -1.904435396 -0.832849085 0.082234494 -0.547357082 -78.285697937
-0.549919248 0.043895341 0.834063590 331.720275879 0.092987292 0.995627403 0.008910703 -1.907899737 -0.830025434 0.082457468 -0.551596403 -79.720474243
-0.553433955 0.044313025 0.831713378 333.911407471 0.094254695 0.995501041 0.009678920 -1.907599211 -0.827542603 0.083749533 -0.555120826 -81.167228699
-0.557998717 0.043738216 0.828688383 336.154022217 0.094506912 0.995462358 0.011095839 -1.903773308 -0.824442744 0.084508240 -0.559600294 -82.651664734
-0.561166108 0.042678058 0.826602161 338.369079590 0.093045637 0.995592356 0.011763961 -1.898800611 -0.822456777 0.083513282 -0.562663615 -84.147117615
-0.564357102 0.042036772 0.824459791 340.572143555 0.092619620 0.995621383 0.012635965 -1.884758472 -0.820318639 0.083492361 -0.565779448 -85.635345459
-0.566835642 0.041544192 0.822782695 342.792053223 0.093589656 0.995509446 0.014210698 -1.878018856 -0.818497598 0.085059091 -0.568178236 -87.173049927
-0.569777369 0.040887821 0.820781291 345.011230469 0.091495998 0.995708346 0.013913587 -1.869554639 -0.816689789 0.083025858 -0.571073115 -88.710212708
-0.572964370 0.040063735 0.818600476 347.169586182 0.087788492 0.996058226 0.012697117 -1.859681964 -0.814865053 0.079138696 -0.574222982 -90.190223694
-0.576533198 0.039528482 0.816116989 349.338439941 0.084329747 0.996373653 0.011314270 -1.846111894 -0.812710226 0.075346000 -0.577775955 -91.670036316
-0.578952610 0.036736585 0.814533234 351.483032227 0.082561582 0.996491253 0.013739848 -1.850265026 -0.811170340 0.075203858 -0.579954326 -93.209617615
-0.582344711 0.036463164 0.812123775 353.659149170 0.083653599 0.996378124 0.015249080 -1.839497924 -0.808626413 0.076817311 -0.583285928 -94.747612000
-0.584743202 0.036814138 0.810382605 355.809448242 0.083357289 0.996408582 0.014882700 -1.823544264 -0.806924343 0.076253861 -0.585711837 -96.311973572
-0.588295341 0.035407837 0.807870686 358.015686035 0.080817774 0.996613383 0.015171731 -1.811946869 -0.804597378 0.074215747 -0.589164734 -97.880233765
-0.591899514 0.031552527 0.805394053 360.202178955 0.078369536 0.996751845 0.018546021 -1.801917315 -0.802192748 0.074095733 -0.592449784 -99.450325012
-0.595202684 0.029327905 0.803040206 362.392639160 0.076053306 0.996903896 0.019961670 -1.777690768 -0.799968421 0.072955094 -0.595590413 -101.040260315
-0.598451495 0.028260686 0.800660431 364.594909668 0.074442461 0.997015595 0.020450439 -1.749596357 -0.797693014 0.071841724 -0.598769248 -102.646415710
-0.601582289 0.028303107 0.798309207 366.761413574 0.073780917 0.997068882 0.020249225 -1.724791527 -0.795396268 0.071081571 -0.601907194 -104.236274719
-0.604123652 0.028084518 0.796395481 368.973388672 0.074239194 0.997016013 0.021156501 -1.705495119 -0.793424904 0.071904905 -0.604406059 -105.891937256
-0.606729925 0.027007805 0.794449091 371.118988037 0.073402427 0.997056127 0.022162724 -1.682969451 -0.791511774 0.071761273 -0.606926203 -107.508193970
-0.609662116 0.025520710 0.792250454 373.266479492 0.070275977 0.997285962 0.021954121 -1.660303831 -0.789539993 0.069060788 -0.609800994 -109.130500793
-0.612820387 0.022130251 0.789912283 375.415924072 0.060311239 0.998001993 0.018829828 -1.636031389 -0.787917316 0.059179887 -0.612930715 -110.764671326
-0.616419017 0.024559872 0.787035167 377.560363770 0.052784417 0.998554051 0.010181189 -1.630016088 -0.785647035 0.047819067 -0.616824090 -112.391998291
-0.618666887 0.034872137 0.784879029 379.684783936 0.063029744 0.997997284 0.005341109 -1.633787036 -0.783120990 0.052775107 -0.619625866 -114.058776855
-0.619772434 0.035912294 0.783959448 381.822174072 0.070445985 0.997465432 0.009999508 -1.642404795 -0.781613290 0.061424214 -0.620731533 -115.731178284
-0.621339977 0.027014568 0.783075154 383.946624756 0.069932722 0.997328877 0.021083016 -1.624323845 -0.780413926 0.067862302 -0.621569514 -117.419013977
-0.624823570 0.015655793 0.780609012 386.089660645 0.062782191 0.997568846 0.030245701 -1.582312226 -0.778237700 0.067906566 -0.624287426 -119.085906982
-0.629335463 0.009350105 0.777077496 388.237915039 0.056800757 0.997806609 0.033995494 -1.533922791 -0.775055170 0.065533161 -0.628486156 -120.726150513
-0.631849051 0.009640874 0.775031447 390.321289062 0.056120854 0.997867167 0.033340063 -1.467945695 -0.773057103 0.064561315 -0.631042480 -122.402412415
-0.634793997 0.014288252 0.772549272 392.414978027 0.060960967 0.997638583 0.031639595 -1.422073245 -0.770272911 0.067179978 -0.634166002 -124.089553833
-0.636641085 0.021100039 0.770871520 394.453613281 0.065956406 0.997452676 0.027169608 -1.375334740 -0.768334448 0.068141200 -0.636411011 -125.763458252
-0.639307499 0.023965355 0.768577695 396.530670166 0.066813238 0.997465312 0.024473252 -1.337477207 -0.766043007 0.066997081 -0.639288306 -127.461509705
-0.642319143 0.023720097 0.766070187 398.620513916 0.066233717 0.997499704 0.024648381 -1.297287583 -0.763570070 0.066571787 -0.642284155 -129.186706543
-0.644904971 0.023233702 0.763909519 400.694427490 0.067534670 0.997360170 0.026679946 -1.261822462 -0.761273026 0.068796389 -0.644771695 -130.933868408
-0.647159100 0.022844553 0.762012601 402.739471436 0.068206534 0.997277558 0.028028561 -1.211726427 -0.759297609 0.070113167 -0.646955371 -132.664459229
-0.648914516 0.022958312 0.760514915 404.791595459 0.068651095 0.997234344 0.028472645 -1.169993043 -0.757757843 0.070686482 -0.648695946 -134.396194458
-0.650645137 0.023137446 0.759029388 406.877899170 0.068946488 0.997207344 0.028703593 -1.127084017 -0.756245553 0.071008280 -0.650423229 -136.146392822
-0.652219057 0.024181182 0.757644773 408.925415039 0.070064723 0.997135520 0.028490443 -1.079690337 -0.754785538 0.071666181 -0.652045012 -137.891860962
-0.653345883 0.023295039 0.756701112 410.955047607 0.070922926 0.997014046 0.030542735 -1.031707048 -0.753730059 0.073622428 -0.653047204 -139.636016846
-0.654500246 0.022819310 0.755717337 413.004486084 0.072931573 0.996788681 0.033064876 -0.981603742 -0.752535880 0.076756626 -0.654062748 -141.393005371
-0.655894876 0.022207111 0.754525602 415.043640137 0.074170463 0.996626198 0.035142373 -0.924819350 -0.751199603 0.079013199 -0.655329049 -143.143722534
-0.657249689 0.022602996 0.753333807 417.068267822 0.072955146 0.996764362 0.033743206 -0.862408042 -0.750133455 0.077137299 -0.656772077 -144.894531250
-0.659000397 0.022412309 0.751808524 419.086456299 0.068972506 0.997145116 0.030732011 -0.810348213 -0.748973370 0.072106533 -0.658664882 -146.635147095
-0.660417378 0.021998573 0.750576437 421.091278076 0.066138484 0.997390032 0.028961545 -0.758861899 -0.747980356 0.068768710 -0.660148680 -148.376907349
-0.661719203 0.021068277 0.749455690 423.102508545 0.065413587 0.997415602 0.029717034 -0.713754475 -0.746892750 0.068688922 -0.661387265 -150.121002197
-0.662188828 0.019174414 0.749091625 425.042510986 0.062250864 0.997624695 0.029492987 -0.669815600 -0.746746838 0.066161528 -0.661809444 -151.831329346
-0.663578331 0.018210795 0.747885108 427.056579590 0.059184030 0.997848213 0.028215069 -0.620890021 -0.745762050 0.062985756 -0.663228273 -153.581741333
-0.664390683 0.017349688 0.747184038 429.060607910 0.058360834 0.997882307 0.028723110 -0.581882775 -0.745103419 0.062689647 -0.663996220 -155.332397461
-0.664826512 0.016552022 0.746814311 431.034912109 0.059776615 0.997727156 0.031101007 -0.532126665 -0.744602084 0.065318801 -0.664304972 -157.092361450
-0.665427506 0.015763404 0.746296048 433.017456055 0.062778711 0.997416794 0.034908388 -0.477387011 -0.743817925 0.070080496 -0.664698124 -158.834274292
-0.664944947 0.014739860 0.746746838 435.024902344 0.067265376 0.996924162 0.040218789 -0.407176048 -0.743857086 0.076973490 -0.663891256 -160.603256226
-0.663442612 0.013763368 0.748100579 437.029541016 0.070449285 0.996538162 0.044142917 -0.325435519 -0.744903207 0.081989452 -0.662115455 -162.367752075
-0.662322998 0.011079757 0.749136508 439.011260986 0.064340457 0.997037947 0.042138163 -0.243581921 -0.746450663 0.076108873 -0.661074042 -164.084045410
-0.661493659 0.010444382 0.749878049 441.011718750 0.057399657 0.997675061 0.036738515 -0.169906229 -0.747750938 0.067345053 -0.660555243 -165.819503784
-0.659441233 0.007935997 0.751714289 443.021850586 0.052337330 0.998002648 0.035376802 -0.109269306 -0.749932051 0.062671639 -0.658539534 -167.573669434
-0.657523453 0.008220558 0.753389239 445.028778076 0.050870623 0.998143017 0.033506360 -0.050663050 -0.751714766 0.060356602 -0.656720638 -169.286437988
-0.655121386 0.009250709 0.755467057 447.038299561 0.053271290 0.998001933 0.033974901 0.008175568 -0.753643453 0.062502399 -0.654305220 -171.014923096
-0.652514815 0.008775278 0.757725179 449.041656494 0.053626511 0.997960627 0.034622993 0.066674434 -0.755876064 0.063226171 -0.651654720 -172.722610474
-0.649528265 0.009615435 0.760276556 451.035705566 0.051157203 0.998206854 0.031080609 0.124694668 -0.758614361 0.059081353 -0.648855567 -174.419967651
-0.648638606 0.004913735 0.761080682 453.070953369 0.044364244 0.998522997 0.031363159 0.179318607 -0.759802461 0.054108124 -0.647898793 -176.112655640
-0.647654057 -0.001690891 0.761932492 455.100952148 0.035757087 0.998828292 0.032610666 0.225315154 -0.761095047 0.048364919 -0.646834910 -177.810943604
-0.647106409 -0.005168596 0.762382030 457.136840820 0.028208258 0.999130011 0.030716678 0.278803676 -0.761877537 0.041382432 -0.646397650 -179.496032715
-0.646662414 -0.005683049 0.762755156 459.172515869 0.026417376 0.999205470 0.029841367 0.326343507 -0.762318730 0.039447289 -0.645998538 -181.191894531
-0.645555675 -0.005175768 0.763695657 461.205383301 0.028871991 0.999096811 0.031176785 0.378121078 -0.763167262 0.042175774 -0.644823194 -182.892257690
-0.643693030 -0.006453133 0.765256584 463.241333008 0.030470360 0.998955429 0.034053866 0.427658588 -0.764676929 0.045237873 -0.642823994 -184.587188721
-0.642616808 -0.008397427 0.766141713 465.256072998 0.028915539 0.998961806 0.035202775 0.494852841 -0.765641928 0.044775300 -0.641706824 -186.256530762
-0.641755044 -0.008921771 0.766857803 467.307250977 0.026966158 0.999051332 0.034190129 0.550926030 -0.766435444 0.042620894 -0.640905738 -187.936859131
-0.640386701 -0.008271625 0.768008053 469.327972412 0.024953898 0.999190032 0.031568766 0.617024362 -0.767647207 0.039381023 -0.639661491 -189.609390259
-0.639293432 -0.006930636 0.768931568 471.377899170 0.025825204 0.999201775 0.030477325 0.662036836 -0.768529296 0.039341766 -0.638603985 -191.296615601
-0.638044953 -0.006459461 0.769972026 473.406890869 0.027706675 0.999124646 0.031341292 0.711541414 -0.769500494 0.041330520 -0.637307465 -192.957916260
