1.000000000 -0.000000000 0.000000000 0.000000000 -0.000000000 1.000000119 0.000000000 -0.000000060 0.000000000 0.000000000 0.999999940 -0.000000477
0.999995887 -0.002538774 -0.001444115 -0.005214782 0.002542945 0.999992609 0.002894254 -0.015495947 0.001436756 -0.002897914 0.999994755 1.523608446
0.999991298 -0.002909496 -0.002959359 -0.007909618 0.002920630 0.999988616 0.003764858 -0.033950571 0.002948371 -0.003773469 0.999988496 3.044301748
0.999988735 -0.001844043 -0.004388248 -0.023726171 0.001859284 0.999992251 0.003471534 -0.048577234 0.004381812 -0.003479654 0.999984264 4.557922840
0.999981582 -0.001059285 -0.005973266 -0.035658922 0.001079780 0.999993563 0.003428817 -0.065822437 0.005969593 -0.003435204 0.999976277 6.062701225
0.999971449 -0.001491879 -0.007398698 -0.050584875 0.001517619 0.999992847 0.003474488 -0.076862603 0.007393460 -0.003485618 0.999966681 7.562556744
0.999957442 -0.001704011 -0.009072167 -0.071732312 0.001740263 0.999990463 0.003989550 -0.093611553 0.009065280 -0.004005170 0.999950886 9.076971054
0.999935746 -0.003602895 -0.010752517 -0.093471989 0.003635940 0.999988735 0.003055216 -0.105411798 0.010741386 -0.003094116 0.999937534 10.575714111
0.999916017 -0.004520464 -0.012145477 -0.110776126 0.004562229 0.999983907 0.003413184 -0.122637019 0.012129849 -0.003468308 0.999920428 12.062759399
0.999900341 -0.004203232 -0.013472490 -0.133464873 0.004248024 0.999985576 0.003297795 -0.138405278 0.013458434 -0.003354698 0.999903738 13.551519394
0.999886632 -0.003971532 -0.014520194 -0.165792599 0.004019425 0.999986649 0.003270679 -0.153092742 0.014507010 -0.003328672 0.999889195 15.035600662
0.999878287 -0.002576434 -0.015384359 -0.185816884 0.002638914 0.999988377 0.004042360 -0.172679022 0.015373763 -0.004082467 0.999873400 16.503162384
0.999873579 -0.001501824 -0.015827471 -0.221119732 0.001574793 0.999988198 0.004598786 -0.184294924 0.015820373 -0.004623131 0.999864161 17.975687027
0.999860704 -0.000301337 -0.016695876 -0.243188918 0.000395231 0.999984145 0.005620743 -0.199987143 0.016693918 -0.005626561 0.999844790 19.463893890
0.999855816 -0.000420062 -0.016975405 -0.276300728 0.000513082 0.999984860 0.005475682 -0.208021075 0.016972842 -0.005483603 0.999840796 20.935253143
0.999842048 0.000708821 -0.017754836 -0.305686861 -0.000612569 0.999985158 0.005426025 -0.216727182 0.017758414 -0.005414292 0.999827623 22.397632599
0.999841273 0.000685790 -0.017804509 -0.334894657 -0.000578737 0.999981880 0.006017174 -0.231450856 0.017808311 -0.006005913 0.999823511 23.857847214
0.999843657 0.001744998 -0.017596245 -0.371005684 -0.001618361 0.999972701 0.007208488 -0.241596952 0.017608345 -0.007178884 0.999819160 25.297864914
0.999843657 0.002141832 -0.017550601 -0.399723202 -0.002037119 0.999980032 0.005982062 -0.255210102 0.017563054 -0.005945373 0.999828041 26.740058899
0.999840438 0.002425803 -0.017697759 -0.434076995 -0.002357994 0.999989867 0.003851338 -0.262456059 0.017706918 -0.003808993 0.999835968 28.168664932
0.999851823 0.000810472 -0.017197650 -0.463412195 -0.000748683 0.999993265 0.003599063 -0.276760131 0.017200451 -0.003585654 0.999845505 29.606904984
0.999856412 0.000136409 -0.016947646 -0.495977700 -0.000027551 0.999979377 0.006423288 -0.293802828 0.016948173 -0.006421898 0.999835670 31.014680862
0.999861658 -0.001761713 -0.016542133 -0.529584467 0.001887494 0.999969363 0.007591139 -0.306390285 0.016528253 -0.007621313 0.999834299 32.439380646
0.999866426 -0.002240504 -0.016190754 -0.563679457 0.002353388 0.999972999 0.006956416 -0.315986693 0.016174730 -0.006993590 0.999844670 33.837978363
0.999870837 -0.002492838 -0.015876325 -0.587071955 0.002574457 0.999983609 0.005122565 -0.330708206 0.015863292 -0.005162776 0.999860764 35.231170654
0.999880672 -0.001180599 -0.015397997 -0.617518067 0.001247732 0.999989748 0.004351037 -0.345000029 0.015392697 -0.004369731 0.999871969 36.583812714
0.999892592 -0.000972330 -0.014622729 -0.643096685 0.001024345 0.999993205 0.003550110 -0.364634156 0.014619176 -0.003564708 0.999886692 37.939189911
0.999908447 -0.000412961 -0.013521907 -0.667479217 0.000478108 0.999988317 0.004815023 -0.383079708 0.013519759 -0.004821047 0.999896944 39.271293640
0.999928236 -0.000042511 -0.011975692 -0.690490961 0.000121568 0.999978185 0.006600790 -0.394883305 0.011975149 -0.006601772 0.999906480 40.598995209
0.999947846 -0.000501030 -0.010197981 -0.711622119 0.000580677 0.999969304 0.007808703 -0.411692023 0.010193755 -0.007814215 0.999917448 41.891056061
0.999967992 -0.000194330 -0.008003974 -0.721193314 0.000262341 0.999963880 0.008497056 -0.426738590 0.008002028 -0.008498884 0.999931872 43.177970886
0.999989569 -0.000453382 -0.004557039 -0.738790751 0.000489338 0.999968708 0.007892125 -0.438164413 0.004553314 -0.007894275 0.999958456 44.447059631
0.999998808 -0.001114262 -0.001073132 -0.747318745 0.001120854 0.999980390 0.006162114 -0.454080820 0.001066241 -0.006163311 0.999980450 45.683994293
0.999996185 -0.001449477 0.002405544 -0.745437682 0.001438972 0.999989450 0.004363284 -0.463685483 -0.002411844 -0.004359804 0.999987543 46.912471771
0.999982476 -0.000970839 0.005857741 -0.735469222 0.000940408 0.999986112 0.005195482 -0.480503350 -0.005862704 -0.005189882 0.999969304 48.124374390
0.999930322 -0.001121868 0.011751791 -0.735264480 0.001061404 0.999986172 0.005150128 -0.494453847 -0.011757407 -0.005137295 0.999917626 49.360454559
0.999832332 0.000739233 0.018293388 -0.718475103 -0.000809020 0.999992430 0.003807765 -0.502123117 -0.018290432 -0.003821926 0.999825478 50.543243408
0.999673963 0.001840479 0.025467647 -0.694098949 -0.001939509 0.999990702 0.003864295 -0.515501797 -0.025460295 -0.003912430 0.999668181 51.742183685
0.999422431 0.003255906 0.033823352 -0.654089332 -0.003416601 0.999983191 0.004694300 -0.524476528 -0.033807490 -0.004807150 0.999416709 52.939506531
0.999002516 0.005763654 0.044278674 -0.611770868 -0.006009885 0.999967277 0.005429847 -0.537455976 -0.044245929 -0.005690541 0.999004424 54.108791351
0.998342574 0.007696518 0.057034403 -0.561001062 -0.008011456 0.999953926 0.005295254 -0.551967859 -0.056991011 -0.005743407 0.998358071 55.228393555
0.997395933 0.009308747 0.071518421 -0.485486507 -0.009728192 0.999937534 0.005518762 -0.562359333 -0.071462579 -0.006200135 0.997423947 56.363491058
0.996051490 0.011985574 0.087964222 -0.402369976 -0.012655847 0.999894977 0.007066047 -0.577428818 -0.087870307 -0.008151407 0.996098459 57.476947784
0.994339108 0.012047916 0.105567291 -0.292003155 -0.012948888 0.999885440 0.007853321 -0.588232875 -0.105460569 -0.009175843 0.994381070 58.580699921
0.992112160 0.011829467 0.124793947 -0.164956570 -0.012819062 0.999892473 0.007129759 -0.599934161 -0.124696173 -0.008673263 0.992156982 59.680831909
0.989365160 0.011079188 0.145031229 -0.009581566 -0.012072328 0.999909341 0.005969449 -0.602522373 -0.144951925 -0.007656830 0.989409029 60.775058746
0.986122489 0.008059024 0.165823817 0.164357185 -0.009177931 0.999940038 0.005982402 -0.619648099 -0.165765643 -0.007421301 0.986137211 61.815101624
0.982315540 0.002968339 0.187209934 0.367165565 -0.004570673 0.999956608 0.008127949 -0.626472175 -0.187177688 -0.008839887 0.982286215 62.851589203
0.977556825 -0.002463940 0.210657105 0.580914497 0.000420779 0.999952435 0.009743261 -0.640791774 -0.210671067 -0.009435953 0.977511466 63.883579254
0.972158492 -0.007694154 0.234197512 0.834826469 0.005716340 0.999942005 0.009122727 -0.649111688 -0.234254122 -0.007529985 0.972146332 64.895111084
0.965668261 -0.013530287 0.259425759 1.106102943 0.012004592 0.999900103 0.007464498 -0.659769893 -0.259500802 -0.004093929 0.965734184 65.891120911
0.958209991 -0.017292414 0.285542876 1.408315659 0.015559703 0.999844193 0.008335911 -0.664694965 -0.285642534 -0.003544590 0.958329678 66.871559143
0.949601054 -0.019645084 0.312844753 1.715663910 0.017177425 0.999795973 0.010642240 -0.673671782 -0.312989920 -0.004732016 0.949744582 67.825561523
0.939963043 -0.024165060 0.340419680 2.060007095 0.020840101 0.999692857 0.013420821 -0.676219225 -0.340639353 -0.005520697 0.940177739 68.768890381
0.929034352 -0.027195219 0.368992716 2.428552628 0.024010148 0.999624252 0.013221810 -0.685085654 -0.369213611 -0.003423948 0.929338217 69.685394287
0.916930318 -0.026232058 0.398184270 2.814273834 0.024506249 0.999655247 0.009424021 -0.687546551 -0.398294210 0.001116829 0.917257071 70.581642151
0.903912306 -0.027876321 0.426808506 3.231094360 0.028773829 0.999576509 0.004347389 -0.698639154 -0.426748961 0.008351254 0.904331565 71.444473267
0.889737725 -0.029820560 0.455497146 3.673721313 0.032433387 0.999471784 0.002080377 -0.707204938 -0.455318511 0.012922322 0.890234828 72.295898438
0.874140680 -0.030558299 0.484710544 4.142351151 0.031930964 0.999475360 0.005426146 -0.715915322 -0.484622002 0.010734059 0.874657810 73.134765625
0.856532931 -0.029242156 0.515263319 4.637014389 0.027530821 0.999560893 0.010961886 -0.721076190 -0.515357554 0.004796402 0.856961846 73.961540222
0.836785316 -0.029541785 0.546733499 5.152585983 0.025610883 0.999562263 0.014811681 -0.728766084 -0.546931744 0.001608130 0.837175548 74.763427734
0.815777481 -0.023509922 0.577887952 5.690517426 0.021645769 0.999714613 0.010114556 -0.733109117 -0.577960789 0.004257603 0.816053391 75.532142639
0.793785512 -0.016564798 0.607972264 6.253818512 0.018540973 0.999823570 0.003033562 -0.738599539 -0.607915163 0.008864399 0.793952465 76.272720337
0.771207094 -0.014117536 0.636427760 6.847743988 0.017732598 0.999842465 0.000691055 -0.737502694 -0.636337280 0.010752571 0.771335959 77.011764526
0.747748971 -0.016551256 0.663775206 7.470905304 0.018616661 0.999818861 0.003958675 -0.745285273 -0.663720489 0.009397179 0.747921646 77.712036133
0.723536670 -0.017162576 0.690072477 8.114086151 0.019147364 0.999805152 0.004789952 -0.760067701 -0.690020323 0.009747362 0.723724365 78.377250671
0.698112547 -0.015121777 0.715828359 8.771484375 0.019833487 0.999801755 0.001778046 -0.768424869 -0.715713322 0.012956094 0.698274016 79.026535034
0.672135711 -0.013151260 0.740311205 9.447463989 0.019845033 0.999803066 -0.000256493 -0.779321194 -0.740162075 0.014863895 0.672264218 79.626243591
0.644882143 -0.010328218 0.764212251 10.143550873 0.017713610 0.999842048 -0.001434947 -0.786098123 -0.764076710 0.014462329 0.644963205 80.223953247
0.616892755 -0.008556385 0.787000775 10.858238220 0.017337704 0.999845982 -0.002719739 -0.797124147 -0.786856234 0.015322573 0.616946042 80.783050537
0.587749302 -0.002485517 0.809039354 11.592147827 0.016120445 0.999832749 -0.008639480 -0.816757083 -0.808882475 0.018119920 0.587691069 81.336471558
0.557915449 0.006975108 0.829868555 12.350318909 0.014870516 0.999720097 -0.018400081 -0.829820454 -0.829764545 0.022606257 0.557655573 81.843414307
0.526963830 0.015187399 0.849752069 13.120967865 0.013690432 0.999558866 -0.026354820 -0.855502307 -0.849777400 0.025521507 0.526523471 82.327529907
0.495121717 0.020238822 0.868587852 13.930942535 0.011012554 0.999502122 -0.029566735 -0.880901575 -0.868753731 0.024204502 0.494652390 82.798202515
0.462604821 0.019560711 0.886348784 14.762430191 0.009169487 0.999597490 -0.026845742 -0.913337052 -0.886517107 0.020546330 0.462239385 83.237884521
0.429405093 0.018524636 0.902922034 15.609006882 0.004562932 0.999732316 -0.022680836 -0.942422450 -0.903100371 0.013859235 0.429205686 83.648162842
0.394928187 0.019533435 0.918504238 16.464677811 0.000329801 0.999770820 -0.021403497 -0.974124610 -0.918711901 0.008755767 0.394831210 84.027366638
0.359692425 0.022668103 0.932795584 17.344539642 -0.006955938 0.999742150 -0.021612734 -1.003463984 -0.933044970 0.001285468 0.359757394 84.386917114
0.323893785 0.024550900 0.945774972 18.252647400 -0.011778399 0.999690354 -0.021916790 -1.031512499 -0.946020126 -0.004041002 0.324082613 84.706008911
0.287944227 0.023537787 0.957357943 19.144914627 -0.014322869 0.999691844 -0.020270735 -1.064301491 -0.957540095 -0.007875273 0.288192600 84.982833862
0.251324266 0.023575820 0.967615783 20.100076675 -0.015257188 0.999675632 -0.020394124 -1.085624456 -0.967782676 -0.009637562 0.251602441 85.248565674
0.215737671 0.023175577 0.976176262 21.046796799 -0.014636892 0.999682724 -0.020498855 -1.109110832 -0.976341665 -0.009865812 0.216008425 85.450805664
0.180514604 0.021905476 0.983328342 22.011833191 -0.012617814 0.999721348 -0.019954342 -1.135339141 -0.983491421 -0.008805405 0.180740714 85.621765137
0.145899251 0.020663740 0.989083648 22.983116150 -0.004108118 0.999785900 -0.020281343 -1.171347380 -0.989290893 -0.001104240 0.145952880 85.760231018
0.112295419 0.023971230 0.993385613 23.950523376 -0.002196799 0.999712527 -0.023875564 -1.202854633 -0.993672431 0.000498847 0.112315789 85.862930298
0.078956023 0.028697833 0.996464968 24.921035767 -0.001450540 0.999587715 -0.028672835 -1.238757849 -0.996877074 0.000818481 0.078965105 85.951179504
0.049808647 0.033101514 0.998210073 25.929243088 0.005604171 0.999425590 -0.033421457 -1.267348766 -0.998742998 0.007258815 0.049594525 86.001602173
0.024224365 0.031228567 0.999218702 26.913732529 0.007922707 0.999474645 -0.031428639 -1.302250624 -0.999675095 0.008677853 0.023964215 86.019470215
0.001948889 0.027928673 0.999608040 27.903799057 0.009043416 0.999568582 -0.027945193 -1.340331078 -0.999957144 0.009094331 0.001695469 86.020103455
-0.016983842 0.025799284 0.999522865 28.949277878 0.009278122 0.999628067 -0.025644349 -1.377744794 -0.999812603 0.008838159 -0.017216899 86.009193420
-0.033374459 0.028850097 0.999026418 29.944068909 0.011349813 0.999529839 -0.028485473 -1.414823174 -0.999378383 0.010388079 -0.033686206 85.970535278
-0.048460476 0.032890875 0.998283446 30.940814972 0.013662468 0.999386132 -0.032263976 -1.451816916 -0.998731613 0.012075488 -0.048880093 85.925132751
-0.060070820 0.038704883 0.997443497 31.947719574 0.017604297 0.999133706 -0.037710261 -1.486082435 -0.998038769 0.015294002 -0.060700152 85.855651855
-0.068822861 0.042119443 0.996739388 32.941913605 0.022824703 0.998913348 -0.040635310 -1.531919122 -0.997367680 0.019953640 -0.069709435 85.779655457
-0.074784882 0.047557991 0.996064961 33.938285828 0.026719430 0.998599112 -0.045672875 -1.579961538 -0.996841609 0.023198646 -0.075950846 85.698623657
-0.078385442 0.052074175 0.995562136 34.942066193 0.028778614 0.998336852 -0.049953431 -1.635873318 -0.996507645 0.024735276 -0.079753682 85.616882324
-0.081298538 0.056102097 0.995109618 35.943840027 0.030538322 0.998086035 -0.053774983 -1.695848107 -0.996221781 0.026017154 -0.082856201 85.531890869
-0.083551772 0.059030160 0.994753540 36.946731567 0.031135930 0.997911274 -0.056602359 -1.756707072 -0.996016800 0.026243350 -0.085215211 85.442848206
-0.086001225 0.062498622 0.994332850 37.968803406 0.032431528 0.997677147 -0.059903789 -1.821379542 -0.995767117 0.027095927 -0.087828375 85.347076416
-0.088317215 0.066569343 0.993865490 38.974620819 0.033348560 0.997402608 -0.063842833 -1.885540843 -0.995534062 0.027505558 -0.090307795 85.258522034
-0.089893438 0.067812279 0.993640125 39.985946655 0.036592793 0.997230589 -0.064746805 -1.958123922 -0.995278895 0.030539751 -0.092125908 85.153480530
-0.092201270 0.066268742 0.993532777 40.999877930 0.036756914 0.997329414 -0.063110888 -2.032016993 -0.995061636 0.030700292 -0.094390877 85.062034607
-0.094320729 0.066300340 0.993331671 42.027999878 0.036263879 0.997346759 -0.063124932 -2.101689339 -0.994881094 0.030068073 -0.096474759 84.963638306
-0.096805371 0.067679219 0.992999613 43.052803040 0.035875596 0.997274458 -0.064473137 -2.168326855 -0.994656503 0.029383104 -0.098969549 84.870132446
-0.099052630 0.069805868 0.992630839 44.062805176 0.035564214 0.997147441 -0.066574641 -2.246437311 -0.994446456 0.028707739 -0.101252690 84.764694214
-0.101656161 0.072022609 0.992209017 45.092636108 0.033854276 0.997048557 -0.068905398 -2.324234247 -0.994243383 0.026585860 -0.103794396 84.659461975
-0.104048058 0.075264983 0.991720319 46.121849060 0.031367000 0.996884763 -0.072366007 -2.406334639 -0.994077563 0.023577746 -0.106084749 84.554183960
-0.106311202 0.079721436 0.991131902 47.159343719 0.027623188 0.996632814 -0.077200972 -2.481954098 -0.993949234 0.019170890 -0.108155370 84.450874329
-0.109002255 0.082055092 0.990649045 48.203655243 0.025530238 0.996489584 -0.079729721 -2.566685200 -0.993713498 0.016600780 -0.110714488 84.332992554
-0.112133056 0.080473073 0.990429342 49.249366760 0.023415105 0.996652663 -0.078327745 -2.652880907 -0.993417263 0.014407875 -0.113641970 84.223007202
-0.114591576 0.076282203 0.990479708 50.305709839 0.020857576 0.997012377 -0.074372254 -2.742230892 -0.993193686 0.012136570 -0.115840286 84.096992493
-0.117111787 0.074508153 0.990319908 51.357868195 0.021105776 0.997143149 -0.072525606 -2.827428818 -0.992894411 0.012407863 -0.118349776 83.978225708
-0.119353242 0.074850693 0.990026355 52.398170471 0.020210391 0.997130632 -0.072951332 -2.913503647 -0.992646098 0.011301841 -0.120523565 83.863044739
-0.120458618 0.077962786 0.989652216 53.456703186 0.021254009 0.996885300 -0.075945616 -2.993159294 -0.992490768 0.011885772 -0.121740453 83.736686707
-0.121187888 0.080903009 0.989327192 54.525901794 0.021866575 0.996648729 -0.078823194 -3.076236010 -0.992388606 0.012080777 -0.122550838 83.604644775
-0.121149801 0.081469059 0.989285409 55.588142395 0.021046512 0.996613085 -0.079495125 -3.168934822 -0.992411077 0.011190187 -0.122454107 83.468185425
-0.121540390 0.079930723 0.989363074 56.649112701 0.018023897 0.996765673 -0.078314632 -3.260252476 -0.992422879 0.008313783 -0.122587971 83.350883484
-0.121294491 0.079419285 0.989434481 57.715576172 0.014186049 0.996831000 -0.078273937 -3.348627090 -0.992515147 0.004541966 -0.122036755 83.222801208
-0.121456690 0.080631852 0.989316344 58.783367157 0.010422774 0.996743798 -0.079957627 -3.436505318 -0.992541969 0.000600030 -0.121901609 83.098587036
-0.121469401 0.080999270 0.989284813 59.864753723 0.006287551 0.996707797 -0.080835015 -3.527118683 -0.992575347 -0.003598801 -0.121578760 82.972442627
-0.121873416 0.080193117 0.989300668 60.948726654 0.002669176 0.996753633 -0.080468446 -3.623364925 -0.992541969 -0.007166345 -0.121691793 82.848907471
-0.122345634 0.075207688 0.989633977 62.031394958 0.002989244 0.997148275 -0.075409196 -3.711077213 -0.992482960 -0.006267727 -0.122221552 82.726066589
-0.122878976 0.066276610 0.990206122 63.124389648 0.006586826 0.997800052 -0.065967515 -3.799170494 -0.992399752 -0.001583705 -0.123045199 82.594711304
-0.122031547 0.060919147 0.990655065 64.236503601 0.012651626 0.998129010 -0.059820294 -3.882148027 -0.992445529 0.005233433 -0.122573949 82.439270020
-0.121790454 0.063466720 0.990524709 65.329711914 0.020995531 0.997895062 -0.061357453 -3.953508377 -0.992333710 0.013323837 -0.122866593 82.302795410
-0.120366544 0.069484331 0.990294814 66.448738098 0.026066573 0.997424781 -0.066816315 -4.020455360 -0.992387295 0.017771142 -0.121867791 82.147705078
-0.119076617 0.074909635 0.990055144 67.544013977 0.030555528 0.996954024 -0.071756639 -4.106568336 -0.992414773 0.021707123 -0.121002808 82.010444641
-0.118894294 0.079487622 0.989720047 68.640899658 0.030792134 0.996606171 -0.076341636 -4.189516544 -0.992429316 0.021399008 -0.120938383 81.891334534
-0.118387952 0.076507188 0.990015686 69.791107178 0.028352521 0.996881187 -0.073647298 -4.279146194 -0.992562473 0.019350484 -0.120187894 81.745033264
-0.117615663 0.071997583 0.990445912 70.914451599 0.027425002 0.997223437 -0.069233544 -4.364783287 -0.992680371 0.019020028 -0.119263619 81.606079102
-0.117517032 0.069876894 0.990609527 72.050987244 0.025920389 0.997397363 -0.067280740 -4.456128597 -0.992732465 0.017770348 -0.119022429 81.475708008
-0.117625430 0.070631668 0.990543067 73.190444946 0.023221422 0.997390330 -0.068362415 -4.530720234 -0.992786527 0.014960656 -0.118958592 81.348632812
-0.117582865 0.076098904 0.990143061 74.326187134 0.024387144 0.996980250 -0.073728330 -4.614994049 -0.992763638 0.015477570 -0.119083606 81.218093872
-0.116465643 0.078643911 0.990076184 75.451110840 0.024185471 0.996789098 -0.076332100 -4.705258846 -0.992900193 0.015055391 -0.117993712 81.080505371
-0.115952626 0.077864669 0.990198076 76.600234985 0.024283508 0.996846735 -0.075543880 -4.790691376 -0.992957830 0.015285970 -0.117477812 80.946586609
-0.115729488 0.070584632 0.990769625 77.746726990 0.025388561 0.997356236 -0.068088301 -4.886965752 -0.992956221 0.017274389 -0.117215574 80.814941406
-0.116301432 0.068931304 0.990819097 78.901535034 0.024495576 0.997484446 -0.066519737 -4.972870827 -0.992911935 0.016534347 -0.117697373 80.685447693
-0.116213821 0.071695313 0.990633190 80.053726196 0.021858657 0.997334301 -0.069616020 -5.060867310 -0.992983699 0.013563566 -0.117471196 80.563484192
-0.115731105 0.075218283 0.990428507 81.213684082 0.021499466 0.997084618 -0.073211595 -5.139062881 -0.993047833 0.012820825 -0.117010862 80.427986145
-0.115897529 0.074562915 0.990458548 82.382553101 0.020402605 0.997146726 -0.072679006 -5.229322433 -0.993051589 0.011784621 -0.117088109 80.299621582
-0.115192905 0.071308360 0.990780413 83.574478149 0.020442372 0.997378945 -0.069406547 -5.317746639 -0.993132710 0.012258759 -0.116348706 80.153984070
-0.114791825 0.069894940 0.990927577 84.747406006 0.019372441 0.997489452 -0.068113618 -5.411059856 -0.993200600 0.011377802 -0.115857668 80.026679993
-0.113604590 0.070324466 0.991034091 85.934471130 0.020992268 0.997438908 -0.068372585 -5.499475956 -0.993304312 0.013036612 -0.114789911 79.893096924
-0.112388387 0.070861496 0.991134465 87.131256104 0.023196686 0.997369230 -0.068676896 -5.584853172 -0.993393540 0.015272552 -0.113736473 79.750984192
-0.111611515 0.070356667 0.991258144 88.320755005 0.023521723 0.997398198 -0.068144016 -5.670361996 -0.993473470 0.015710447 -0.112976037 79.617294312
-0.110240720 0.070907198 0.991372347 89.520332336 0.024644928 0.997340262 -0.068593524 -5.759867668 -0.993599355 0.016870504 -0.111695006 79.483360291
-0.109182686 0.069125123 0.991615295 90.716293335 0.023705753 0.997476399 -0.066923581 -5.848823071 -0.993739069 0.016200094 -0.110545814 79.357887268
-0.107881807 0.067811586 0.991848350 91.935379028 0.022874359 0.997576237 -0.065715201 -5.943080425 -0.993900657 0.015598417 -0.109171465 79.216529846
-0.106294133 0.067556798 0.992037117 93.148689270 0.024020610 0.997572601 -0.065360017 -6.024174213 -0.994044542 0.016881946 -0.107658871 79.088119507
-0.104020633 0.068275556 0.992228925 94.377929688 0.021942506 0.997555673 -0.066341750 -6.113963127 -0.994333088 0.014871074 -0.105264507 78.954109192
-0.103349596 0.070919923 0.992113590 95.611244202 0.022264300 0.997369826 -0.068976380 -6.199650288 -0.994395852 0.014960025 -0.104656763 78.832176208
-0.102574207 0.069533907 0.992292106 96.830909729 0.019577246 0.997501791 -0.067875259 -6.286456108 -0.994532645 0.012464092 -0.103679232 78.717353821
-0.101688966 0.068355985 0.992465019 98.081054688 0.016723245 0.997613013 -0.066997074 -6.381873131 -0.994675636 0.009784373 -0.102589369 78.588745117
-0.101669110 0.069482781 0.992388785 99.320396423 0.013857427 0.997559965 -0.068425171 -6.467527390 -0.994721711 0.006795229 -0.102383882 78.467765808
-0.101552911 0.068846941 0.992444992 100.545471191 0.010963588 0.997619331 -0.068084031 -6.558335781 -0.994769692 0.003966627 -0.102065973 78.340652466
-0.102675445 0.065949485 0.992526233 101.790779114 0.008125297 0.997822046 -0.065460831 -6.652141571 -0.994681716 0.001343351 -0.102987684 78.217987061
-0.103869461 0.064807974 0.992477357 103.050743103 0.006017652 0.997897506 -0.064532138 -6.739816666 -0.994572699 -0.000730535 -0.104041062 78.092254639
-0.105924658 0.064208888 0.992298961 104.315612793 0.003896259 0.997932196 -0.064157486 -6.826459885 -0.994366407 -0.002929606 -0.105955787 77.975959778
-0.106919557 0.063788496 0.992219329 105.565216064 0.004213824 0.997960031 -0.063703477 -6.926172256 -0.994258702 -0.002630110 -0.106970228 77.836570740
-0.109234683 0.062597975 0.992043018 106.823715210 0.003836715 0.998034358 -0.062553547 -7.010852814 -0.994008601 -0.003026831 -0.109260134 77.703376770
-0.112633869 0.057795569 0.991954267 108.094596863 0.000481955 0.998309970 -0.058111161 -7.095479965 -0.993636370 -0.006067208 -0.112471394 77.572937012
-0.117180549 0.057734676 0.991430998 109.350341797 -0.000449505 0.998305500 -0.058188129 -7.176865101 -0.993110478 -0.007264171 -0.116956048 77.434486389
-0.122386143 0.063888721 0.990424097 110.595199585 -0.004612662 0.997878551 -0.064939573 -7.258834839 -0.992471755 -0.012516196 -0.121831819 77.284729004
-0.129890412 0.066894330 0.989269257 111.816986084 -0.003890261 0.997679472 -0.067973822 -7.346602440 -0.991520703 -0.012677661 -0.129328743 77.139007568
-0.138461113 0.062985778 0.988362968 113.071632385 -0.001750994 0.997958422 -0.063842572 -7.437360287 -0.990366280 -0.010570329 -0.138068140 76.959548950
-0.149195999 0.061029021 0.986922503 114.298828125 0.000527583 0.998098195 -0.061640352 -7.526011467 -0.988807499 -0.008675809 -0.148944438 76.777061462
-0.162293240 0.061693635 0.984811962 115.527656555 0.000599013 0.998049498 -0.062424179 -7.617179871 -0.986742377 -0.009541105 -0.162013635 76.583679199
-0.176218107 0.061831523 0.982407212 116.743675232 0.002842063 0.998053014 -0.062306449 -7.704595566 -0.984347045 -0.008187463 -0.176050738 76.367668152
-0.190688103 0.059855692 0.979824245 117.958442688 0.003000997 0.998170197 -0.060392391 -7.790231228 -0.981646061 -0.008575657 -0.190518841 76.139282227
-0.205880240 0.062432189 0.976583660 119.159591675 0.007269771 0.998032928 -0.062270828 -7.878045082 -0.978550136 -0.005720793 -0.205929101 75.885139465
-0.221274376 0.065735795 0.972993553 120.335960388 0.006985394 0.997806847 -0.065823615 -7.965240479 -0.975186586 -0.007768332 -0.221248269 75.627548218
-0.236508682 0.069665849 0.969128668 121.502990723 0.006734718 0.997519791 -0.070063204 -8.053808212 -0.971606016 -0.010043750 -0.236391261 75.349990845
-0.252287656 0.067629382 0.965286076 122.680221558 0.003394978 0.997610331 -0.069006778 -8.148033142 -0.967646420 -0.014132425 -0.251914352 75.052192688
-0.268579572 0.062041204 0.961257398 123.842605591 -0.002240790 0.997880638 -0.065031029 -8.237167358 -0.963254929 -0.019619975 -0.267871290 74.750076294
-0.284349114 0.057830442 0.956975043 125.030494690 -0.006130040 0.998049021 -0.062133994 -8.325980186 -0.958701313 -0.023534035 -0.283439815 74.418731689
-0.299847990 0.059129201 0.952152729 126.178375244 -0.008086824 0.997883916 -0.064515792 -8.412538528 -0.953952730 -0.027044822 -0.298735291 74.076431274
-0.313588500 0.061437521 0.947569370 127.331085205 -0.007597730 0.997710466 -0.067202918 -8.496934891 -0.949528694 -0.028273430 -0.312403738 73.696517944
-0.327550918 0.063644834 0.942687452 128.466369629 -0.006239471 0.997561276 -0.069517590 -8.586993217 -0.944813013 -0.028652420 -0.326354951 73.312713623
-0.341862559 0.063189812 0.937623143 129.595703125 -0.004026873 0.997629106 -0.068702057 -8.687093735 -0.939741313 -0.027262343 -0.340797514 72.910034180
-0.355964482 0.061187297 0.932494223 130.718765259 -0.004386891 0.997733712 -0.067142740 -8.778914452 -0.934489191 -0.027991179 -0.354889333 72.494384766
-0.370329380 0.060054302 0.926957190 131.841934204 -0.004249964 0.997788012 -0.066341095 -8.871376038 -0.928890765 -0.028507583 -0.369254947 72.050338745
-0.385112405 0.061514184 0.920817256 132.939758301 -0.005695072 0.997598708 -0.069025323 -8.961749077 -0.922852099 -0.031826627 -0.383837283 71.603569031
-0.400375426 0.063337088 0.914159715 134.031951904 -0.004843488 0.997448266 -0.071229011 -9.055541039 -0.916338384 -0.032946058 -0.399046957 71.147857666
-0.414952338 0.065198809 0.907504082 135.127532959 -0.003536940 0.997306168 -0.073267803 -9.147563934 -0.909836233 -0.033612430 -0.413603872 70.654884338
-0.429434568 0.067676783 0.900558650 136.211944580 -0.000893014 0.997155905 -0.075361870 -9.245337486 -0.903097630 -0.033167198 -0.428152680 70.140541077
-0.444380820 0.070940636 0.893024743 137.283569336 -0.001097702 0.996815801 -0.079731897 -9.344088554 -0.895837307 -0.036411591 -0.442887932 69.622543335
-0.459288925 0.073047861 0.885278344 138.360092163 -0.000711816 0.996582389 -0.082601301 -9.446010590 -0.888286650 -0.038568016 -0.457667232 69.072334290
-0.474833697 0.070421338 0.877253652 139.426940918 -0.002051739 0.996702135 -0.081120610 -9.548139572 -0.880073130 -0.040318694 -0.473123252 68.512329102
-0.490825355 0.065894276 0.868762672 140.493713379 -0.004851803 0.996913671 -0.078355461 -9.649839401 -0.871244490 -0.042673908 -0.488990784 67.931289673
-0.506854057 0.066148430 0.859490335 141.552307129 -0.005341014 0.996791303 -0.079865143 -9.750609398 -0.862015486 -0.045070510 -0.504874408 67.322174072
-0.522854030 0.065202214 0.849924922 142.607940674 -0.006428840 0.996740282 -0.080420062 -9.851413727 -0.852397978 -0.047511984 -0.520730555 66.690109253
-0.538685024 0.064387031 0.840043306 143.643890381 -0.006910692 0.996704221 -0.080826215 -9.950996399 -0.842478871 -0.049345158 -0.536464691 66.033813477
-0.554278255 0.063712716 0.829889357 144.685607910 -0.008115245 0.996604860 -0.081932023 -10.060422897 -0.832291842 -0.052147888 -0.551879346 65.361587524
-0.569769502 0.063038558 0.819383264 145.707351685 -0.008609420 0.996541083 -0.082654715 -10.165116310 -0.821759522 -0.054148544 -0.567255914 64.664169312
-0.584608257 0.060785860 0.809035420 146.718765259 -0.008402969 0.996682286 -0.080956429 -10.268331528 -0.811272204 -0.054126114 -0.582157850 63.936450958
-0.599610448 0.057121664 0.798250914 147.722259521 -0.008486842 0.996939600 -0.077714458 -10.376694679 -0.800247014 -0.053373046 -0.597290635 63.199611664
-0.614488184 0.055269409 0.786987603 148.723388672 -0.008041780 0.997052372 -0.076301150 -10.478241920 -0.788885057 -0.053214934 -0.612232327 62.425376892
-0.628845751 0.053992428 0.775653243 149.699615479 -0.008528608 0.997047067 -0.076317832 -10.577011108 -0.777483284 -0.054607373 -0.626528263 61.640224457
-0.643984914 0.054929487 0.763063669 150.686187744 -0.009776998 0.996746719 -0.080002524 -10.687230110 -0.764975786 -0.058980882 -0.641352832 60.838020325
-0.659314752 0.054128680 0.749916077 151.642761230 -0.011981114 0.996522129 -0.082462229 -10.793848991 -0.751771390 -0.063353397 -0.656373322 60.021118164
-0.675230205 0.050791930 0.735856235 152.592178345 -0.013982024 0.996565700 -0.081617273 -10.902674675 -0.737474501 -0.065399207 -0.672201037 59.182380676
-0.691527069 0.043092821 0.721064031 153.522460938 -0.017657885 0.996912301 -0.076512851 -11.011783600 -0.722134709 -0.065643169 -0.688630879 58.320308685
-0.708276093 0.040697008 0.704761505 154.445312500 -0.018637912 0.996910870 -0.076298259 -11.114501953 -0.705689490 -0.067175508 -0.705329597 57.419055939
-0.725881457 0.037890416 0.686775446 155.343872070 -0.020400001 0.996856332 -0.076559648 -11.219215393 -0.687517285 -0.069583438 -0.722826481 56.502925873
-0.743309259 0.034181796 0.668074012 156.224090576 -0.023456378 0.996747732 -0.077096216 -11.323776245 -0.668536484 -0.072976924 -0.740090132 55.560371399
-0.759877443 0.031989235 0.649278939 157.059799194 -0.023389624 0.996796370 -0.076484829 -11.432341576 -0.649645567 -0.073305480 -0.756694674 54.607074738
-0.775740087 0.034131184 0.630129039 157.881561279 -0.021299422 0.996551156 -0.080199912 -11.535676956 -0.630693078 -0.075635664 -0.772337556 53.614109039
-0.790740728 0.034336545 0.611187756 158.679229736 -0.016886227 0.996822119 -0.077848509 -11.651214600 -0.611918449 -0.071878627 -0.787647963 52.597686768
-0.805744112 0.034700084 0.591246486 159.477172852 -0.013961395 0.996891975 -0.077533767 -11.764570236 -0.592099309 -0.070726983 -0.802755296 51.566024780
-0.820065260 0.035926230 0.571141124 160.222076416 -0.012209326 0.996701956 -0.080225691 -11.874155045 -0.572139740 -0.072763547 -0.816921949 50.518459320
-0.833919704 0.037181161 0.550631940 160.949279785 -0.011459648 0.996346295 -0.084633179 -11.992864609 -0.551766872 -0.076887324 -0.830446541 49.459281921
-0.846869707 0.037373818 0.530485690 161.657684326 -0.008915530 0.996389508 -0.084430523 -12.111391068 -0.531725764 -0.076231189 -0.843478799 48.354469299
-0.858452260 0.035530839 0.511661410 162.324920654 -0.007782090 0.996580541 -0.082261235 -12.223274231 -0.512834370 -0.074599139 -0.855240226 47.249225616
-0.869035959 0.037295312 0.493341208 162.973815918 -0.004743032 0.996480882 -0.083686367 -12.343557358 -0.494726211 -0.075066388 -0.865800738 46.139060974
-0.878420889 0.040144697 0.476198643 163.586502075 -0.001959097 0.996154547 -0.087592103 -12.455874443 -0.477883667 -0.077875644 -0.874964297 45.018768311
-0.887444198 0.037641943 0.459375501 164.188354492 -0.003852175 0.996019125 -0.089057170 -12.575997353 -0.460898966 -0.080802873 -0.883766353 43.889514923
-0.895798862 0.034915145 0.443086147 164.778396606 -0.004866912 0.996079326 -0.088330507 -12.699325562 -0.444433004 -0.081282832 -0.892116845 42.747200012
-0.902926385 0.032981481 0.428527862 165.340545654 -0.005740987 0.996036887 -0.088756062 -12.820802689 -0.429756910 -0.082600378 -0.899158657 41.589477539
-0.909488559 0.031048695 0.414567947 165.884643555 -0.006166381 0.996089935 -0.088129207 -12.946718216 -0.415683270 -0.082708873 -0.905740917 40.416076660
-0.915860593 0.028197140 0.400505066 166.412261963 -0.007615830 0.996131301 -0.087547168 -13.064476013 -0.401424199 -0.083231173 -0.912102580 39.255271912
-0.921262801 0.023395393 0.388236642 166.922882080 -0.009836799 0.996468484 -0.083389983 -13.197345734 -0.388816565 -0.080643080 -0.917778969 38.042770386
-0.926522851 0.020418428 0.375684023 167.423400879 -0.010733539 0.996685386 -0.080641203 -13.307586670 -0.376085371 -0.078748338 -0.923232496 36.864234924
-0.930748820 0.021336090 0.365036160 167.899032593 -0.007584627 0.996955097 -0.077610120 -13.419206619 -0.365580559 -0.075004198 -0.927752733 35.646976471
-0.934061766 0.024793951 0.356249779 168.387329102 -0.003655000 0.996871114 -0.078962445 -13.535692215 -0.357092857 -0.075057901 -0.931048214 34.431091309
-0.936522007 0.029729120 0.349346161 168.845764160 0.001623355 0.996755719 -0.080471352 -13.645309448 -0.350605100 -0.074796081 -0.933531702 33.232803345
-0.938669503 0.033227272 0.343213797 169.302947998 0.005155319 0.996587634 -0.082382314 -13.765939713 -0.344779909 -0.075560369 -0.935637414 32.022323608
-0.939988315 0.031262975 0.339771479 169.736175537 0.003667814 0.996661901 -0.081557497 -13.878070831 -0.341187060 -0.075416856 -0.936965048 30.781671524
-0.941834092 0.023892153 0.335227787 170.181701660 -0.002496663 0.996944904 -0.078068107 -13.988106728 -0.336068809 -0.074364156 -0.938896954 29.578479767
-0.943613112 0.017412730 0.330592155 170.627136230 -0.007945947 0.997136772 -0.075200751 -14.108110428 -0.330954999 -0.073587261 -0.940772951 28.368835449
-0.945257127 0.010668528 0.326151967 171.068435669 -0.015538264 0.996860385 -0.077640764 -14.203921318 -0.325956255 -0.078458317 -0.942123532 27.121889114
-0.946695387 0.008012628 0.322030902 171.501602173 -0.018792171 0.996614337 -0.080041885 -14.314188957 -0.321581990 -0.081826925 -0.943339467 25.918891907
-0.947378337 0.008249223 0.320009857 171.918151855 -0.019281382 0.996382415 -0.082766652 -14.424091339 -0.319534987 -0.084581539 -0.943791926 24.709341049
-0.947721064 0.008851761 0.318977445 172.336181641 -0.019249249 0.996208847 -0.084837116 -14.537733078 -0.318519115 -0.086541966 -0.943957686 23.506027222
-0.947584391 0.011704269 0.319291145 172.748458862 -0.016805304 0.996119678 -0.086389169 -14.657448769 -0.319063336 -0.087226801 -0.943710744 22.288963318
-0.947263956 0.012468598 0.320211947 173.164993286 -0.016579470 0.995997608 -0.087828778 -14.776794434 -0.320025444 -0.088505961 -0.943265736 21.079498291
-0.946770549 0.013925545 0.321607530 173.583984375 -0.015873669 0.995828867 -0.089849219 -14.899063110 -0.321517199 -0.090171702 -0.942600608 19.865276337
-0.946037948 0.015181274 0.323699862 174.001876831 -0.014574036 0.995898068 -0.089300632 -15.025629044 -0.323727697 -0.089199401 -0.941936195 18.660346985
-0.945371866 0.014372669 0.325677514 174.425109863 -0.015794788 0.995834887 -0.089796685 -15.145051956 -0.325611562 -0.090035230 -0.941207051 17.470497131
-0.944255531 0.013079556 0.328953773 174.852081299 -0.017253172 0.995871246 -0.089121804 -15.275779724 -0.328761280 -0.089829244 -0.940131187 16.290695190
-0.942434728 0.011462458 0.334193736 175.281173706 -0.018933592 0.995979786 -0.087554157 -15.387321472 -0.333853781 -0.088841565 -0.938428879 15.083454132
-0.940602839 0.009186231 0.339384705 175.724044800 -0.020742733 0.996211529 -0.084453121 -15.509240150 -0.338874727 -0.086476617 -0.936848760 13.906368256
-0.938017726 0.006590025 0.346524715 176.170120239 -0.023170289 0.996390164 -0.081669159 -15.624520302 -0.345811963 -0.084636182 -0.934478819 12.715389252
-0.935653090 0.008816528 0.352810919 176.624267578 -0.021362716 0.996439934 -0.081554271 -15.736484528 -0.352273881 -0.083843514 -0.932133794 11.550743103
-0.932076991 0.009922643 0.362124264 177.070541382 -0.021002173 0.996463299 -0.081362128 -15.852586746 -0.361650854 -0.083441168 -0.928572059 10.375099182
-0.928196132 0.012500980 0.371881276 177.533706665 -0.020216245 0.996264994 -0.083948627 -15.962780952 -0.371541768 -0.085438840 -0.924476564 9.218284607
-0.923904181 0.013644621 0.382380456 178.010757446 -0.019374883 0.996413529 -0.082368813 -16.081815720 -0.382132977 -0.083509460 -0.920326352 8.057682037
-0.919238210 0.016185490 0.393368691 178.521423340 -0.018386761 0.996299505 -0.083960429 -16.193788528 -0.393271953 -0.084412418 -0.915539026 6.896171570
-0.913972080 0.017630741 0.405394107 179.042526245 -0.018519184 0.996202350 -0.085077189 -16.310632706 -0.405354500 -0.085265741 -0.910174429 5.772994995
-0.907746792 0.019948568 0.419043720 179.573211670 -0.017205914 0.996258020 -0.084698871 -16.425983429 -0.419165283 -0.084095173 -0.904006898 4.619400024
-0.901266277 0.019363895 0.432832778 180.121734619 -0.018129844 0.996440291 -0.082329221 -16.537244797 -0.432886183 -0.082047723 -0.897706926 3.458457947
-0.894915164 0.021806490 0.445703298 180.689453125 -0.016744679 0.996460855 -0.082374044 -16.656389236 -0.445922136 -0.081180952 -0.891382694 2.328514099
-0.887972295 0.024265015 0.459256530 181.257156372 -0.015121963 0.996526659 -0.081890240 -16.759496689 -0.459648341 -0.079661123 -0.884521127 1.215515137
-0.880535424 0.025941484 0.473269969 181.842437744 -0.013437106 0.996733546 -0.079634435 -16.866561890 -0.473789871 -0.076480322 -0.877310574 0.114944458
-0.872802615 0.027964493 0.487271547 182.449050903 -0.011071052 0.996966124 -0.077046350 -16.971826553 -0.487947732 -0.072640873 -0.869844973 -0.975517273
-0.864727914 0.030790385 0.501295984 183.062377930 -0.007907104 0.997160733 -0.074886829 -17.080280304 -0.502178431 -0.068720527 -0.862029135 -2.032173157
-0.856582463 0.033508025 0.514921188 183.700332642 -0.005588326 0.997228563 -0.074190058 -17.178785324 -0.515979946 -0.066427425 -0.854021072 -3.051147461
-0.845664203 0.036633134 0.532456875 184.331542969 -0.002260485 0.997386932 -0.072210595 -17.284990311 -0.533710599 -0.062269516 -0.843371332 -4.096092224
-0.835059524 0.039333027 0.548751831 184.989837646 0.000454299 0.997490048 -0.070806034 -17.387304306 -0.550159454 -0.058877967 -0.832981288 -5.095664978
-0.823505938 0.040888786 0.565832376 185.670623779 0.001799955 0.997582555 -0.069468729 -17.496063232 -0.567304969 -0.056189444 -0.821588576 -6.113723755
-0.812354863 0.042591386 0.581606090 186.383666992 0.002392295 0.997564316 -0.069710851 -17.590118408 -0.583158553 -0.055238571 -0.810478091 -7.086097717
-0.799341202 0.045238990 0.599171996 187.116210938 0.004605875 0.997593820 -0.069176234 -17.685920715 -0.600859761 -0.052535709 -0.797626197 -8.081665039
-0.785531104 0.045984510 0.617111325 187.867050171 0.006044460 0.997757852 -0.066654570 -17.780414581 -0.618792713 -0.048629131 -0.784047723 -9.043495178
-0.770405471 0.048204288 0.635729253 188.631469727 0.008398421 0.997818410 -0.065482169 -17.868749619 -0.637498856 -0.045108713 -0.769129634 -9.978355408
