1.000000000 0.000000000 0.000000000 0.000000000 0.000000000 1.000000000 0.000000000 0.000000000 0.000000000 0.000000000 1.000000000 0.000000000
0.999998629 0.000806246 0.001459250 -0.006333694 -0.000799565 0.999989212 -0.004572940 -0.002194493 -0.001462921 0.004571767 0.999988496 0.963966489
0.999996662 -0.001437067 0.002148282 -0.002608419 0.001448522 0.999984682 -0.005340330 -0.000927353 -0.002140574 0.005343424 0.999983430 1.918677807
0.999993265 -0.002523378 0.002674555 -0.010355808 0.002526809 0.999996006 -0.001280202 -0.004332774 -0.002671314 0.001286951 0.999995530 2.853869200
0.999985099 -0.005035689 0.002102278 -0.008482763 0.005025265 0.999975204 0.004934821 -0.008389470 -0.002127076 -0.004924182 0.999985635 3.801374674
0.999962509 -0.008642796 0.000427704 -0.003424485 0.008640556 0.999950230 0.004989112 -0.005060242 -0.000470802 -0.004985230 0.999987483 4.741932392
0.999937475 -0.011182138 -0.000006036 -0.009100388 0.011182124 0.999935210 0.002115983 -0.003018575 -0.000017626 -0.002115918 0.999997675 5.666604996
0.999929607 -0.011837888 -0.000851103 -0.016019501 0.011836588 0.999928772 -0.001518722 0.002662067 0.000869021 0.001508541 0.999998450 6.586126328
0.999933183 -0.011481377 -0.001329330 -0.021186491 0.011478961 0.999932468 -0.001811690 -0.002445567 0.001350041 0.001796310 0.999997497 7.518290043
0.999931991 -0.011420903 -0.002370934 -0.030733187 0.011421166 0.999934733 0.000097318 -0.001819271 0.002369667 -0.000124391 0.999997258 8.431155205
0.999937713 -0.010838293 -0.002649355 -0.042826448 0.010845361 0.999937594 0.002668916 0.002736169 0.002620263 -0.002697482 0.999992847 9.372783661
0.999932885 -0.011013594 -0.003606612 -0.050204225 0.011028724 0.999930322 0.004201626 0.004392099 0.003560086 -0.004241120 0.999984622 10.293454170
0.999916911 -0.012172331 -0.004231743 -0.054800693 0.012194264 0.999912143 0.005196593 0.004698412 0.004168116 -0.005247765 0.999977529 11.208388329
0.999907017 -0.012590205 -0.005238674 -0.059846140 0.012618474 0.999905765 0.005398578 0.005391549 0.005170211 -0.005464180 0.999971747 12.120545387
0.999902308 -0.012740200 -0.005752299 -0.072386377 0.012762873 0.999910891 0.003921890 0.009082087 0.005701820 -0.003994923 0.999975741 13.020442963
0.999892235 -0.012979966 -0.006856103 -0.085537866 0.012991647 0.999914229 0.001662062 0.017327929 0.006833942 -0.001750956 0.999975145 13.932028770
0.999861419 -0.014289406 -0.008539265 -0.094138190 0.014290493 0.999897897 0.000066346 0.025595890 0.008537446 -0.000188368 0.999963582 14.836715698
0.999851346 -0.013982149 -0.010097334 -0.113015398 0.013976952 0.999902129 -0.000585174 0.025568202 0.010104529 0.000443957 0.999948919 15.745593071
0.999846220 -0.013000418 -0.011762153 -0.124409929 0.012984286 0.999914646 -0.001446771 0.026215766 0.011779959 0.001293826 0.999929726 16.645570755
0.999843836 -0.011582984 -0.013346583 -0.140792668 0.011564897 0.999932110 -0.001431507 0.025046853 0.013362258 0.001276931 0.999909878 17.536306381
0.999817491 -0.012081974 -0.014795054 -0.159437075 0.012071762 0.999926805 -0.000779409 0.026518278 0.014803388 0.000600665 0.999890149 18.427751541
0.999796987 -0.011802757 -0.016329573 -0.177950442 0.011819503 0.999929726 0.000929384 0.022148639 0.016317455 -0.001122203 0.999866247 19.318613052
0.999775648 -0.011566110 -0.017742414 -0.198713765 0.011600861 0.999931037 0.001856985 0.019856980 0.017719712 -0.002062396 0.999840856 20.197784424
0.999732256 -0.012698301 -0.019346008 -0.217450202 0.012736911 0.999917150 0.001873798 0.018393422 0.019320613 -0.002119704 0.999811053 21.091968536
0.999720752 -0.011902993 -0.020413121 -0.240433499 0.011916454 0.999928832 0.000538005 0.027107906 0.020405265 -0.000781107 0.999791503 21.933301926
0.999686420 -0.011993639 -0.021982547 -0.261274993 0.012014336 0.999927461 0.000809685 0.029313970 0.021971243 -0.001073537 0.999758065 22.796134949
0.999666929 -0.011686459 -0.023011426 -0.284953773 0.011753056 0.999927044 0.002760865 0.031145018 0.022977483 -0.003030400 0.999731421 23.656280518
0.999639869 -0.012883854 -0.023537457 -0.304928601 0.013026674 0.999897599 0.005924521 0.030152120 0.023458717 -0.006229002 0.999705374 24.502952576
0.999606848 -0.013211043 -0.024729013 -0.321789056 0.013399021 0.999882519 0.007451300 0.033794891 0.024627667 -0.007779715 0.999666452 25.344570160
0.999614596 -0.012198738 -0.024934856 -0.354731739 0.012360814 0.999903381 0.006356249 0.035089236 0.024854910 -0.006662014 0.999668896 26.168869019
0.999612451 -0.010637480 -0.025722072 -0.379563212 0.010734604 0.999935687 0.003640732 0.038263191 0.025681693 -0.003915438 0.999662519 26.979946136
0.999594927 -0.010251308 -0.026549332 -0.404485524 0.010301975 0.999945283 0.001772307 0.043561112 0.026529714 -0.002045100 0.999645948 27.781755447
0.999586046 -0.009023393 -0.027317842 -0.433795840 0.009061620 0.999958158 0.001275875 0.048006870 0.027305186 -0.001522891 0.999626040 28.576511383
0.999542773 -0.009452218 -0.028720628 -0.456016600 0.009492950 0.999954104 0.001282121 0.040068246 0.028707197 -0.001554178 0.999586642 29.364353180
0.999473631 -0.009205615 -0.031107437 -0.481501967 0.009223324 0.999957383 0.000425890 0.040411118 0.031102190 -0.000712580 0.999515951 30.139379501
0.999421000 -0.009248110 -0.032744873 -0.512520492 0.009261839 0.999957085 0.000267628 0.041018203 0.032740995 -0.000570751 0.999463737 30.902975082
0.999354482 -0.009296926 -0.034701444 -0.536797285 0.009353037 0.999955118 0.001454906 0.042541586 0.034686364 -0.001778531 0.999396682 31.672554016
0.999268234 -0.009561111 -0.037034739 -0.564951479 0.009703049 0.999946177 0.003654682 0.045327317 0.036997810 -0.004011357 0.999307334 32.427093506
0.999211073 -0.008572668 -0.038779072 -0.598774970 0.008778260 0.999948204 0.005134484 0.048069812 0.038733050 -0.005470846 0.999234676 33.161453247
0.999156237 -0.007307541 -0.040414430 -0.635251939 0.007538830 0.999956012 0.005573504 0.043816160 0.040371921 -0.005873478 0.999167442 33.890010834
0.999100029 -0.004951241 -0.042126086 -0.676600516 0.005152339 0.999975860 0.004666483 0.047153052 0.042101964 -0.004879332 0.999101400 34.597660065
0.999016702 -0.002983924 -0.044235256 -0.709205151 0.003172058 0.999986231 0.004183438 0.049143068 0.044222165 -0.004319641 0.999012351 35.308971405
0.998944998 -0.002840093 -0.045834351 -0.738758862 0.003076883 0.999982238 0.005096474 0.052269612 0.045819066 -0.005232125 0.998936057 36.022140503
0.998916805 -0.001161437 -0.046517491 -0.784565449 0.001490126 0.999974132 0.007031863 0.055968579 0.046508122 -0.007093563 0.998892665 36.700965881
0.998908103 0.001507642 -0.046694521 -0.822349548 -0.001154226 0.999970496 0.007594716 0.057859056 0.046704594 -0.007532529 0.998880327 37.391410828
0.998943329 0.003883152 -0.045796584 -0.849676907 -0.003637800 0.999978602 0.005439568 0.059742957 0.045816731 -0.005267220 0.998935938 38.057849884
0.999014735 0.005530162 -0.044034835 -0.884637356 -0.005419462 0.999981940 0.002632926 0.059877809 0.044048600 -0.002391686 0.999026477 38.701282501
0.999098837 0.005993462 -0.042019408 -0.913690984 -0.005977371 0.999981999 0.000508579 0.069333643 0.042021699 -0.000256954 0.999116659 39.355758667
0.999232411 0.006932389 -0.038554162 -0.946278930 -0.006878380 0.999975204 0.001533346 0.067231581 0.038563836 -0.001266979 0.999255359 39.991489410
0.999282420 0.011853307 -0.035973981 -0.970569730 -0.011722263 0.999923825 0.003851523 0.071588419 0.036016889 -0.003427063 0.999345303 40.644046783
0.999357224 0.015936334 -0.032111607 -0.997281492 -0.015708650 0.999849677 0.007330311 0.072802581 0.032223597 -0.006821169 0.999457479 41.268329620
0.999388576 0.021158138 -0.027836563 -1.023496270 -0.020938169 0.999747336 0.008170172 0.077872217 0.028002398 -0.007582329 0.999579132 41.869045258
0.999443173 0.024731940 -0.022400293 -1.044140697 -0.024539715 0.999660015 0.008816117 0.080051370 0.022610717 -0.008261510 0.999710262 42.458168030
0.999453366 0.028660461 -0.016482562 -1.059455514 -0.028487774 0.999537766 0.010618024 0.083802097 0.016779259 -0.010142665 0.999807775 43.027687073
0.999377191 0.033837643 -0.010013744 -1.072136283 -0.033719756 0.999362588 0.011716709 0.084314093 0.010403828 -0.011371749 0.999881208 43.590682983
0.999296248 0.037396211 -0.002934197 -1.078669667 -0.037359968 0.999234915 0.011564270 0.084802106 0.003364412 -0.011446510 0.999928772 44.121971130
0.999162376 0.040662020 0.004600526 -1.083965182 -0.040713113 0.999103308 0.011617890 0.086335137 -0.004123993 -0.011795458 0.999921918 44.626888275
0.998936772 0.044673078 0.011387232 -1.071969509 -0.044798538 0.998935461 0.011011461 0.092491776 -0.010883191 -0.011509882 0.999874532 45.128475189
0.998608589 0.049066242 0.019327912 -1.070835471 -0.049227722 0.998755813 0.007969051 0.099990450 -0.018912852 -0.008909429 0.999781430 45.599075317
0.998312473 0.051132526 0.027526816 -1.063789845 -0.051297858 0.998669147 0.005333412 0.095345899 -0.027217476 -0.006736478 0.999606848 46.054718018
0.998051465 0.051531840 0.035181809 -1.045641065 -0.051736183 0.998648643 0.004922188 0.099486239 -0.034880616 -0.006732769 0.999368787 46.482398987
0.997775555 0.050792318 0.043174524 -1.022840738 -0.051117830 0.998671651 0.006468445 0.099227406 -0.042788628 -0.008661045 0.999046624 46.881587982
0.997299194 0.052707244 0.051150300 -0.999432147 -0.053138003 0.998561859 0.007097345 0.101931594 -0.050702661 -0.009796201 0.998665750 47.269016266
0.996620715 0.055859517 0.060225599 -0.988918126 -0.056407165 0.998380184 0.007430386 0.099532574 -0.059712995 -0.010802429 0.998157144 47.626296997
0.995798886 0.060753502 0.068509959 -0.958017886 -0.061342850 0.998095453 0.006529694 0.104770675 -0.067982778 -0.010704859 0.997629046 47.954402924
0.994880319 0.064589918 0.077725828 -0.939314723 -0.065319650 0.997840643 0.006880233 0.100485936 -0.077113599 -0.011922032 0.996951044 48.250759125
0.994149208 0.063617878 0.087293722 -0.912731111 -0.064520188 0.997887790 0.007551267 0.099267676 -0.086628951 -0.013139294 0.996154010 48.535507202
0.993272364 0.062350944 0.097582251 -0.869816005 -0.063190691 0.997986078 0.005535814 0.100331239 -0.097040564 -0.011664863 0.995212078 48.814525604
0.992095292 0.061130907 0.109590836 -0.838457286 -0.061637186 0.998097837 0.001234840 0.095129579 -0.109306909 -0.007979949 0.993975997 49.070514679
0.990483820 0.062165447 0.122789711 -0.795991957 -0.062271178 0.998054802 -0.002980148 0.097854853 -0.122736111 -0.004694473 0.992428243 49.338039398
0.988337457 0.063698679 0.138316587 -0.756625772 -0.063590236 0.997962475 -0.005207544 0.096314393 -0.138366476 -0.003648774 0.990374386 49.601810455
0.985853612 0.065504536 0.154278278 -0.703128934 -0.065292329 0.997845352 -0.006447558 0.091819771 -0.154368177 -0.003716838 0.988006353 49.844367981
0.983035982 0.065931737 0.171152502 -0.647446692 -0.065602787 0.997816980 -0.007583314 0.089873284 -0.171278834 -0.003773410 0.985215366 50.102046967
0.979752779 0.064870633 0.189410150 -0.589890242 -0.064335652 0.997887969 -0.008978240 0.091620997 -0.189592510 -0.003389371 0.981857002 50.355838776
0.975843370 0.064226665 0.208816782 -0.522062182 -0.063687012 0.997926414 -0.009314077 0.089462578 -0.208982006 -0.004209836 0.977910459 50.603942871
0.971335530 0.064258792 0.228862792 -0.447929263 -0.063584894 0.997923076 -0.010325231 0.083569579 -0.229050934 -0.004522954 0.973403990 50.840457916
0.966048717 0.066485897 0.249658555 -0.369340301 -0.065360144 0.997779608 -0.012806218 0.084093846 -0.249955639 -0.003946287 0.968249261 51.077693939
0.959751070 0.067649268 0.272582680 -0.287680328 -0.066072948 0.997702479 -0.014968822 0.081582583 -0.272969067 -0.003644001 0.962015927 51.327415466
0.952437699 0.069399916 0.296725988 -0.192110494 -0.067746855 0.997576535 -0.015863281 0.066069044 -0.297107846 -0.004993470 0.954830885 51.557373047
0.943842888 0.072197415 0.322410136 -0.093853191 -0.070562355 0.997366369 -0.016772117 0.059020635 -0.322771966 -0.006919775 0.946451426 51.793960571
0.934043169 0.074127182 0.349383146 0.016379215 -0.072452389 0.997211635 -0.017879562 0.050661799 -0.349734306 -0.008613362 0.936809361 52.027145386
0.922825158 0.074781641 0.377890885 0.137170434 -0.072873615 0.997153163 -0.019368354 0.043824792 -0.378263474 -0.009664675 0.925647557 52.265285492
0.910201967 0.072688632 0.407736272 0.280657947 -0.069984391 0.997314930 -0.021566698 0.035954122 -0.408209205 -0.008905129 0.912845016 52.507598877
0.895191431 0.070351824 0.440094143 0.425936103 -0.066414557 0.997494578 -0.024362557 0.028370460 -0.440705508 -0.007419508 0.897621095 52.734863281
0.877853394 0.069516808 0.473857313 0.580038249 -0.063585810 0.997567952 -0.028550150 0.018341189 -0.474689603 -0.005067760 0.880138695 52.956432343
0.858373463 0.071457498 0.508024335 0.745139062 -0.063032560 0.997439206 -0.033795673 0.012034694 -0.509138286 -0.003012771 0.860679388 53.172382355
0.836558402 0.073372714 0.542942464 0.933192849 -0.062538274 0.997303009 -0.038416401 0.003401762 -0.544296801 -0.001817121 0.838890731 53.400173187
0.811978698 0.075984970 0.578720033 1.128023624 -0.063320488 0.997105956 -0.042075917 -0.007158658 -0.580242276 -0.002480083 0.814440131 53.623378754
0.784463108 0.079997085 0.614994466 1.338301659 -0.066330127 0.996780217 -0.045050781 -0.019359617 -0.616618276 -0.005451987 0.787243426 53.854705811
0.754405558 0.084630288 0.650930226 1.564622164 -0.070186533 0.996368766 -0.048198532 -0.032554381 -0.652645588 -0.009325293 0.757605970 54.085342407
0.721231282 0.085648187 0.687379003 1.823238134 -0.069824621 0.996261358 -0.050871894 -0.051032297 -0.689166188 -0.011305571 0.724515080 54.322174072
0.684603572 0.083077662 0.724165857 2.102574825 -0.066113576 0.996465802 -0.051814739 -0.072560444 -0.725911200 -0.012404640 0.687676609 54.543190002
0.645479381 0.081718221 0.759393513 2.401140690 -0.063351974 0.996562064 -0.053391144 -0.094448783 -0.761145771 -0.013646195 0.648437262 54.752994537
0.602865756 0.080914572 0.793729007 2.733358383 -0.061090495 0.996604860 -0.055195797 -0.117681444 -0.795500398 -0.015213638 0.605761945 54.971187592
0.556621790 0.080854543 0.826822102 3.092455626 -0.057543833 0.996614695 -0.058719605 -0.135361597 -0.828770816 -0.014893902 0.559390068 55.179187775
0.507680178 0.079573281 0.857863009 3.467768669 -0.054320805 0.996700764 -0.060304698 -0.162223130 -0.859831393 -0.015984304 0.510327816 55.379032135
0.459443629 0.078371592 0.884742618 3.901633263 -0.052793045 0.996748090 -0.060877938 -0.177895516 -0.886636615 -0.018738272 0.462087035 55.563003540
0.410304010 0.075883083 0.908786237 4.339602947 -0.051752083 0.996863663 -0.059872162 -0.201716021 -0.910479248 -0.022465790 0.412944257 55.724086761
0.359702766 0.075818978 0.929981411 4.797285080 -0.054819189 0.996688724 -0.060054213 -0.221082076 -0.931455135 -0.029379159 0.362668008 55.888916016
0.310689628 0.076681875 0.947413266 5.263606071 -0.053091664 0.996584475 -0.063251108 -0.240122899 -0.949027538 -0.030648280 0.313699633 56.012718201
0.262858689 0.072890185 0.962077022 5.741557598 -0.042160880 0.997057557 -0.064021230 -0.280363083 -0.963912725 -0.023733474 0.265158296 56.106140137
0.218642861 0.067288212 0.973482192 6.253188610 -0.028696654 0.997631550 -0.062512219 -0.304354638 -0.975382864 -0.014267832 0.220055982 56.181911469
0.176798776 0.065980941 0.982033014 6.759436131 -0.019371999 0.997790456 -0.063552044 -0.335368752 -0.984056354 -0.007788018 0.177686289 56.228935242
0.137944683 0.067729592 0.988121450 7.315468788 -0.016009565 0.997681320 -0.066149876 -0.358257830 -0.990310550 -0.006694375 0.138709128 56.299911499
0.105702877 0.068418585 0.992041230 7.820893764 -0.007544484 0.997656643 -0.068002015 -0.395063698 -0.994369149 -0.000296431 0.105971359 56.309013367
0.076545425 0.066789940 0.994826615 8.383510590 -0.000057490 0.997754216 -0.066982083 -0.430272281 -0.997066081 0.005069978 0.076377347 56.333438873
0.051594395 0.064936452 0.996554732 8.944162369 0.006561491 0.997840226 -0.065359928 -0.466390371 -0.998646557 0.009911091 0.051056877 56.341903687
0.031650722 0.063947916 0.997451186 9.530011177 0.011638721 0.997859955 -0.064343445 -0.493718475 -0.999431312 0.013645572 0.030838706 56.345260620
0.015849415 0.066253036 0.997676969 10.114144325 0.014353259 0.997684419 -0.066481553 -0.517367125 -0.999771357 0.015373609 0.014861767 56.339996338
0.002486326 0.066226289 0.997801483 10.707304001 0.015149979 0.997687638 -0.066256478 -0.547899544 -0.999882162 0.015281407 0.001477249 56.334506989
-0.009339060 0.066815190 0.997721672 11.321169853 0.015731037 0.997651458 -0.066663243 -0.590449989 -0.999832630 0.015072625 -0.010368198 56.330757141
-0.018022895 0.069482192 0.997420371 11.943760872 0.020866467 0.997391224 -0.069103122 -0.630703688 -0.999619722 0.019567201 -0.019425726 56.303600311
-0.024691673 0.071530968 0.997132659 12.571117401 0.024851536 0.997172475 -0.070918433 -0.662180185 -0.999386132 0.023029184 -0.026399510 56.277572632
-0.029252363 0.071055733 0.997043312 13.209783554 0.025429012 0.997200251 -0.070320867 -0.694381237 -0.999248505 0.023296773 -0.030977342 56.257434845
-0.032882448 0.068285622 0.997123778 13.861975670 0.023103038 0.997448623 -0.067545988 -0.729550719 -0.999192178 0.020815508 -0.034376159 56.237392426
-0.035859171 0.061172001 0.997482955 14.558128357 0.020739038 0.997955382 -0.060455423 -0.774181724 -0.999141634 0.018518955 -0.037054498 56.237529755
-0.036814347 0.055929866 0.997755885 15.248341560 0.022250528 0.998230934 -0.055135526 -0.804680109 -0.999074399 0.020170810 -0.037993692 56.196769714
-0.037052035 0.053251620 0.997893572 15.939760208 0.024979141 0.998316526 -0.052346710 -0.840065241 -0.999001086 0.022986969 -0.038319837 56.165130615
-0.036968712 0.055405989 0.997779310 16.632081985 0.028260460 0.998120487 -0.054377854 -0.880181968 -0.998916805 0.026187418 -0.038465023 56.135868073
-0.036047343 0.062861681 0.997371018 17.339689255 0.028987011 0.997665524 -0.061832577 -0.912242293 -0.998929679 0.026681904 -0.037785366 56.112270355
-0.033893712 0.070669219 0.996923804 18.052701950 0.030119399 0.997116089 -0.069658846 -0.950691402 -0.998971462 0.027665747 -0.035924487 56.094886780
-0.031714410 0.071859531 0.996910453 18.786739349 0.030520014 0.997016668 -0.070896283 -0.982569814 -0.999030828 0.028177289 -0.033812951 56.057128906
-0.029514119 0.067670234 0.997271121 19.520179749 0.029819822 0.997321308 -0.066791132 -1.022967935 -0.999119401 0.027767170 -0.031452969 56.040302277
-0.027096972 0.061002567 0.997769654 20.260105133 0.029276211 0.997756541 -0.060206693 -1.072006822 -0.999203980 0.027579501 -0.028822102 56.023597717
-0.023848696 0.059500977 0.997943342 20.996738434 0.027787222 0.997881055 -0.058833208 -1.113072515 -0.999329329 0.026326977 -0.025451528 56.006679535
-0.020374216 0.064924188 0.997682273 21.734189987 0.035236090 0.997316003 -0.064180799 -1.157425284 -0.999171317 0.033846784 -0.022607207 55.986564636
-0.017866913 0.070336968 0.997363269 22.484865189 0.036801785 0.996892929 -0.069644511 -1.202834487 -0.999162853 0.035460420 -0.020399926 55.976421356
-0.015589177 0.070801288 0.997368634 23.220308304 0.030625617 0.997055650 -0.070300385 -1.246428847 -0.999409378 0.029449105 -0.017711610 55.981227875
-0.012340521 0.067125872 0.997668147 23.952909470 0.026426863 0.997417569 -0.066782117 -1.291955829 -0.999574661 0.025541114 -0.014082575 55.980133057
-0.007062200 0.063480504 0.997958064 24.698251724 0.030338822 0.997537076 -0.063239038 -1.342740059 -0.999514699 0.029830264 -0.008970730 55.967063904
-0.003826066 0.064659834 0.997899950 25.456806183 0.034796283 0.997311592 -0.064488284 -1.392187238 -0.999387085 0.034476470 -0.006065702 55.960369110
-0.001047480 0.069328301 0.997593284 26.202207565 0.034549240 0.997000754 -0.069250844 -1.434591413 -0.999402463 0.034393549 -0.003439578 55.961673737
0.003019140 0.070054285 0.997538567 26.947158813 0.030714698 0.997065961 -0.070114046 -1.478840947 -0.999523640 0.030850777 0.000858586 55.972969055
0.006685379 0.069426559 0.997564614 27.690641403 0.030286888 0.997115254 -0.069598250 -1.525733590 -0.999518812 0.030678419 0.004563380 55.981430054
0.010179725 0.066516057 0.997733414 28.442014694 0.033811372 0.997191668 -0.066824906 -1.577785134 -0.999376416 0.034414995 0.007902136 55.982826233
0.013855884 0.067049839 0.997653365 29.190067291 0.038423482 0.996976614 -0.067537986 -1.624709725 -0.999165475 0.039269127 0.011237702 55.986557007
0.017477915 0.067885853 0.997539997 29.936536789 0.041424669 0.996786654 -0.068560384 -1.674682617 -0.998988807 0.042521056 0.014609600 55.998245239
0.020404074 0.068040036 0.997473955 30.679019928 0.041492492 0.996764481 -0.068840384 -1.717887521 -0.998930514 0.042792305 0.017514907 56.012844086
0.023488456 0.066293336 0.997523606 31.439109802 0.042912219 0.996812463 -0.067256510 -1.772199512 -0.998802722 0.044385705 0.020568794 56.034637451
0.026986742 0.065566622 0.997483194 32.188323975 0.045083657 0.996751368 -0.066738255 -1.815905333 -0.998618722 0.046771236 0.023943093 56.058982849
0.029638862 0.065656446 0.997401953 32.940982819 0.043361597 0.996816516 -0.066906445 -1.865396142 -0.998619735 0.045231972 0.026697541 56.087894440
0.032832496 0.067614436 0.997171164 33.704780579 0.040663537 0.996792614 -0.068927623 -1.909488678 -0.998633325 0.042811569 0.029977752 56.116863251
0.035390139 0.067969568 0.997059464 34.448192596 0.042027913 0.996700644 -0.069436863 -1.952747703 -0.998489439 0.044361711 0.032416750 56.153190613
0.038517039 0.067213155 0.996994913 35.210693359 0.040393442 0.996815026 -0.068761557 -2.007326126 -0.998441160 0.042920556 0.035679393 56.170993805
0.041258261 0.067625694 0.996857345 35.971878052 0.038629346 0.996852994 -0.069224201 -2.052942514 -0.998401463 0.041364018 0.038516078 56.202606201
0.043805204 0.067514382 0.996756256 36.725303650 0.035910785 0.996962726 -0.069106586 -2.105681419 -0.998394489 0.038821530 0.041247666 56.246810913
0.046391290 0.069590226 0.996496439 37.486755371 0.034211200 0.996874571 -0.071209319 -2.154007435 -0.998337328 0.037394833 0.043865532 56.295776367
0.050150182 0.072925560 0.996075749 38.261596680 0.033094890 0.996661603 -0.074634723 -2.209942818 -0.998193264 0.036707960 0.047569301 56.339241028
0.053233467 0.074693978 0.995784640 39.031745911 0.033056106 0.996520102 -0.076516286 -2.268629551 -0.998034775 0.036989998 0.050579146 56.381732941
0.055971369 0.077257015 0.995438874 39.804035187 0.027121434 0.996516228 -0.078865610 -2.315038681 -0.998063922 0.031411957 0.053681061 56.437370300
0.058450084 0.076335788 0.995367467 40.576889038 0.023425069 0.996692717 -0.077812985 -2.370039701 -0.998015463 0.027864732 0.056468606 56.495250702
0.062123608 0.076788746 0.995110154 41.354427338 0.025399510 0.996591270 -0.078488715 -2.429074287 -0.997745275 0.030151311 0.059961457 56.551460266
0.066162400 0.078002863 0.994755268 42.138980865 0.024489122 0.996512592 -0.079769455 -2.485651016 -0.997508228 0.029638419 0.064021438 56.599014282
0.070177697 0.079133719 0.994390726 42.923988342 0.020824801 0.996514976 -0.080772452 -2.538419724 -0.997317135 0.026376413 0.068285182 56.661430359
0.074409932 0.077023476 0.994248688 43.714424133 0.019896047 0.996699691 -0.078702375 -2.594611168 -0.997029185 0.025637854 0.072631888 56.726116180
0.078647256 0.076819278 0.993938386 44.522953033 0.019658558 0.996713281 -0.078589253 -2.661750317 -0.996708572 0.025720224 0.076878615 56.807956696
0.083840422 0.080651037 0.993210018 45.322132111 0.016070070 0.996480227 -0.082273133 -2.715278149 -0.996349573 0.022858763 0.082249247 56.869506836
0.089595191 0.089261174 0.991970241 46.110038757 0.013933757 0.995766044 -0.090861231 -2.776646376 -0.995880723 0.021962604 0.087972112 56.951770782
0.097029015 0.094140328 0.990819275 46.908634186 0.012763499 0.995317042 -0.095817581 -2.840131283 -0.995199740 0.021943405 0.095373072 57.036880493
0.104197182 0.097100586 0.989805222 47.697128296 0.007514889 0.995117307 -0.098412804 -2.912122488 -0.994528294 0.017692611 0.102958716 57.127002716
0.111471571 0.095096365 0.989207149 48.489055634 0.004780129 0.995348096 -0.096225381 -2.979537725 -0.993756056 0.015454933 0.110498466 57.220455170
0.118850969 0.093934909 0.988458693 49.298377991 0.004627759 0.995451570 -0.095155895 -3.045034647 -0.992901325 0.015883718 0.117875673 57.326938629
0.126454800 0.090292372 0.987854481 50.124046326 0.004358647 0.995788574 -0.091575518 -3.116125822 -0.991962790 0.015885873 0.125528693 57.438823700
0.133970857 0.084870756 0.987344325 50.933872223 0.002019847 0.996300399 -0.085914686 -3.186038733 -0.990983188 0.013504348 0.133303791 57.552345276
0.141080171 0.077668726 0.986946821 51.746631622 -0.000063713 0.996918499 -0.078444354 -3.242167473 -0.989998102 0.011004061 0.140650362 57.676101685
0.148385897 0.074713022 0.986103177 52.553184509 -0.000503096 0.997147620 -0.075474106 -3.314939499 -0.988929391 0.010703189 0.148000255 57.805301666
0.155521557 0.076384299 0.984874904 53.353855133 -0.000958876 0.997017145 -0.077174611 -3.379202843 -0.987832069 0.011057943 0.155130923 57.940269470
0.161200210 0.082851797 0.983437896 54.133819580 0.000078281 0.996468961 -0.083962463 -3.437450647 -0.986921728 0.013611751 0.160624534 58.072143555
0.167121693 0.086975932 0.982092381 54.910617828 -0.001334772 0.996120334 -0.087991141 -3.488442421 -0.985935390 0.013394359 0.166589409 58.196571350
0.171715155 0.090176940 0.981010675 55.680324554 -0.002387442 0.995836914 -0.091121897 -3.552981138 -0.985143661 0.013304905 0.171215594 58.347045898
0.176891953 0.089161642 0.980183363 56.462509155 -0.005728357 0.995964646 -0.089563400 -3.635368586 -0.984213591 0.010228203 0.176688850 58.497184753
0.182131469 0.085959554 0.979509652 57.232910156 -0.001799147 0.996198833 -0.087089635 -3.704110146 -0.983272493 0.014099481 0.181593806 58.641262054
0.186428651 0.079751283 0.979226232 57.990127563 -0.001118914 0.996716440 -0.080962710 -3.758821487 -0.982467771 0.013998101 0.185905740 58.791458130
0.190017775 0.073517807 0.979024172 58.742069244 -0.002486869 0.997225225 -0.074401900 -3.817423105 -0.981777489 0.011702980 0.189673349 58.940258026
0.193089068 0.069873571 0.978690028 59.478973389 -0.006406550 0.997529566 -0.069954649 -3.880729675 -0.981160223 0.007237452 0.193059728 59.096557617
0.196549684 0.069919132 0.977997720 60.213268280 -0.007518644 0.997532368 -0.069804668 -3.934175253 -0.980465055 0.006366870 0.196590364 59.246246338
0.198842883 0.072102793 0.977375448 60.928066254 -0.009500508 0.997384965 -0.071646087 -3.983931065 -0.979985356 0.004960752 0.199007899 59.394474030
0.200448975 0.076662265 0.976700127 61.627799988 -0.013810277 0.997055769 -0.075425707 -4.036619186 -0.979606807 0.001630507 0.200917542 59.547306061
0.202224866 0.080793917 0.976000786 62.324302673 -0.014594682 0.996729136 -0.079485849 -4.087438107 -0.979230344 0.001829591 0.202742577 59.706916809
0.203554854 0.086172037 0.975263894 63.002693176 -0.015487172 0.996277869 -0.084796324 -4.144333363 -0.978941083 0.002156624 0.204131782 59.867527008
0.205490604 0.087901436 0.974703550 63.682132721 -0.014494486 0.996122360 -0.086777247 -4.200273991 -0.978551745 0.003704085 0.205967873 60.008739471
0.206959084 0.087518610 0.974427164 64.373809814 -0.016516922 0.996161580 -0.085962616 -4.260731697 -0.978210151 0.001696210 0.207610220 60.167861938
0.207292870 0.084681123 0.974606991 65.035926819 -0.016553992 0.996407568 -0.083054379 -4.316769600 -0.978138864 0.001082944 0.207949981 60.314521790
0.208018169 0.081990466 0.974682510 65.695167542 -0.016257532 0.996632814 -0.080367215 -4.373034477 -0.977989852 0.000871906 0.208650693 60.458812714
0.208033934 0.080754064 0.974782348 66.337760925 -0.014887361 0.996732056 -0.079395249 -4.422406673 -0.978008330 0.002004969 0.208556309 60.596370697
0.206095994 0.079937287 0.975261211 66.973571777 -0.015340278 0.996799290 -0.078460865 -4.474831581 -0.978411496 0.001209691 0.206662551 60.740478516
0.205233365 0.080603980 0.975388229 67.593620300 -0.016605565 0.996746123 -0.078874961 -4.532428265 -0.978572130 -0.000009103 0.205904052 60.863483429
0.202978760 0.083334312 0.975630641 68.202209473 -0.017308293 0.996521592 -0.081517771 -4.584219933 -0.979030132 -0.000340127 0.203715086 60.994537354
0.200886071 0.087000407 0.975743651 68.796379089 -0.015096729 0.996205151 -0.085716709 -4.635450840 -0.979498267 0.002488755 0.201437145 61.115966797
0.199147403 0.087775640 0.976030588 69.401214600 -0.012787754 0.996128500 -0.086973883 -4.681756020 -0.979886055 0.004839386 0.199498862 61.245754242
0.196985215 0.086941503 0.976543903 69.988983154 -0.012898825 0.996203840 -0.086089917 -4.720508575 -0.980321527 0.004362171 0.197358862 61.359355927
0.194656625 0.084147952 0.977255285 70.576515198 -0.013289923 0.996448159 -0.083153389 -4.768702030 -0.980781317 0.003198711 0.195083544 61.477020264
0.192413658 0.079886936 0.978056788 71.151519775 -0.012449125 0.996799350 -0.078968696 -4.820461750 -0.981234908 0.003018702 0.192792311 61.595130920
0.190611452 0.078885347 0.978490889 71.712722778 -0.009493702 0.996867537 -0.078517482 -4.874744892 -0.981619656 0.005676829 0.190763280 61.699756622
0.189063191 0.080617547 0.978649974 72.257133484 -0.005350230 0.996693969 -0.081070334 -4.912370205 -0.981950343 0.010091413 0.188869491 61.795074463
0.186667040 0.082502097 0.978952885 72.808273315 -0.001095230 0.996484458 -0.083770737 -4.955670834 -0.982422590 0.014565059 0.186101168 61.897510529
0.184814736 0.084492892 0.979134560 73.353553772 -0.001832276 0.996325314 -0.085630491 -4.997175694 -0.982771635 0.014031732 0.184290409 62.000247955
0.183299556 0.087085538 0.979192197 73.893630981 -0.002347736 0.996104479 -0.088150151 -5.041348934 -0.983054221 0.013859002 0.182789966 62.105060577
0.182457432 0.085073061 0.979526341 74.444305420 -0.000345273 0.996255159 -0.086461656 -5.094717979 -0.983213663 0.015437369 0.181803524 62.201068878
0.183450371 0.084070705 0.979427457 74.991310120 0.005073583 0.996242106 -0.086464308 -5.134126663 -0.983015895 0.020831114 0.182334423 62.287704468
0.185465097 0.082194053 0.979207218 75.531028748 0.010627245 0.996269524 -0.085639074 -5.169946671 -0.982593358 0.026289340 0.183899716 62.387184143
0.187519953 0.081287190 0.978891551 76.082153320 0.013343962 0.996267080 -0.085286260 -5.217475891 -0.982170224 0.029055169 0.185735255 62.489742279
0.190794811 0.081147030 0.978270233 76.639320374 0.010813229 0.996343136 -0.084755108 -5.261302948 -0.981570363 0.026749097 0.189219624 62.606582642
0.196325496 0.081525818 0.977143824 77.192169189 0.009608552 0.996329725 -0.085057087 -5.310107231 -0.980491698 0.026087815 0.194821596 62.720664978
0.202274963 0.080772586 0.975992143 77.755317688 0.010381905 0.996360064 -0.084609881 -5.352663040 -0.979273736 0.027247122 0.200700134 62.855030060
0.210628822 0.081241421 0.974184573 78.332275391 0.008688398 0.996345818 -0.084968068 -5.390476704 -0.977527440 0.026360827 0.209153280 62.976486206
0.218638644 0.079258822 0.972581744 78.897178650 0.009098227 0.996486962 -0.083252236 -5.434415817 -0.975763500 0.027050931 0.217149436 63.125610352
0.227462471 0.079010233 0.970576227 79.466011047 0.005494852 0.996582866 -0.082415111 -5.476441383 -0.973771334 0.024079513 0.226251036 63.253704071
0.236925676 0.078575581 0.968345106 80.044235229 0.004373840 0.996627629 -0.081940703 -5.523797035 -0.971517920 0.023649242 0.235782981 63.404949188
0.246053353 0.082456343 0.965742588 80.628181458 -0.001036064 0.996396542 -0.084809676 -5.569098473 -0.969255745 0.019867126 0.245252147 63.578086853
0.255723566 0.084747747 0.963028193 81.235183716 -0.004476608 0.996243298 -0.086482003 -5.613375664 -0.966739655 0.017804386 0.255142272 63.754283905
0.266971290 0.087265335 0.959745347 81.826232910 -0.008401334 0.996064603 -0.088230707 -5.660895348 -0.963667870 0.015491922 0.266653836 63.923419952
0.276793659 0.089545190 0.956748068 82.433876038 -0.010367167 0.995869040 -0.090207361 -5.709708691 -0.960873425 0.015050055 0.276578575 64.119194031
0.286636233 0.090315610 0.953772902 83.057579041 -0.013443562 0.995827675 -0.090257734 -5.760883808 -0.957945168 0.013049030 0.286654472 64.320533752
0.296699971 0.090494022 0.950673401 83.684562683 -0.014313625 0.995809674 -0.090323322 -5.815598011 -0.954863489 0.013191343 0.296752006 64.524719238
0.306806922 0.091625474 0.947351217 84.327003479 -0.018495500 0.995741487 -0.090315759 -5.861314774 -0.951592088 0.010187767 0.307195008 64.750801086
0.317535013 0.087093271 0.944238484 84.970802307 -0.018351831 0.996151090 -0.085710049 -5.907907486 -0.948068976 0.009887437 0.317911148 64.970603943
0.328219265 0.079570614 0.941244125 85.630470276 -0.014411801 0.996751547 -0.079237580 -5.962687016 -0.944491684 0.012442271 0.328299791 65.203536987
0.339188188 0.075513177 0.937682867 86.297958374 -0.013204320 0.997056961 -0.075518265 -6.013288498 -0.940625906 0.013233442 0.339187056 65.449050903
0.349778384 0.072174579 0.934048176 86.979614258 -0.013756067 0.997316122 -0.071912013 -6.061378956 -0.936731517 0.012304438 0.349832386 65.710990906
0.359116912 0.069680855 0.930687726 87.668128967 -0.007062215 0.997383296 -0.071949326 -6.102595806 -0.933265865 0.019265501 0.358669281 65.979545593
0.367818952 0.064341538 0.927668810 88.370513916 -0.000768853 0.997624040 -0.068888672 -6.145251751 -0.929897130 0.024625316 0.366994530 66.252113342
0.375215173 0.054971136 0.925306380 89.088867188 0.008865657 0.997981548 -0.062883735 -6.187113762 -0.926895380 0.031798378 0.373970449 66.528587341
0.381911099 0.050491456 0.922818780 89.796516418 0.014124800 0.998071015 -0.060454413 -6.231158733 -0.924091101 0.036122844 0.380461216 66.823410034
0.389046848 0.050358180 0.919840515 90.502159119 0.016021604 0.997983932 -0.061412603 -6.282054424 -0.921078563 0.038629703 0.387455672 67.126976013
0.396661431 0.056657601 0.916214764 91.211944580 0.018338082 0.997405291 -0.069617502 -6.322216988 -0.917781770 0.044416200 0.394593179 67.433921814
0.403808296 0.060938656 0.912811756 91.935134888 0.022329872 0.996825218 -0.076425590 -6.367250919 -0.914571047 0.051244255 0.401165545 67.749450684
0.409254193 0.062929146 0.910247684 92.643630981 0.020514704 0.996731937 -0.078131720 -6.419945240 -0.912189782 0.050649188 0.406625777 68.070388794
0.413410127 0.064607933 0.908249855 93.328079224 0.013183840 0.996950328 -0.076918505 -6.476751328 -0.910449505 0.043773107 0.411297530 68.400199890
0.417457908 0.068656594 0.906098843 94.025154114 0.006297218 0.996899128 -0.078437924 -6.532328606 -0.908674479 0.038450435 0.415731072 68.738533020
0.421748608 0.071445294 0.903893590 94.704360962 0.005685529 0.996662796 -0.081430748 -6.593167782 -0.906694949 0.039482426 0.419935018 69.050796509
0.425761402 0.075817652 0.901653409 95.380378723 0.002478566 0.996381879 -0.084953509 -6.650371075 -0.904832065 0.038404733 0.424033016 69.376388550
0.429327309 0.078546591 0.899726868 96.038536072 -0.000283544 0.996222615 -0.086835429 -6.709518433 -0.903148890 0.037025709 0.427727878 69.700012207
0.433239818 0.077255003 0.897961497 96.694213867 -0.001662580 0.996386290 -0.084920712 -6.768001080 -0.901277125 0.035298109 0.431802720 70.020278931
0.437121183 0.073925093 0.896359384 97.343788147 -0.000804867 0.996648192 -0.081803672 -6.834790707 -0.899402201 0.035036668 0.435715526 70.347640991
0.440493554 0.071336403 0.894917071 97.990173340 -0.000896635 0.996872425 -0.079022236 -6.885693550 -0.897755265 0.034006368 0.439179808 70.669197083
0.444237828 0.070380524 0.893140197 98.623031616 -0.001986045 0.996984482 -0.077575751 -6.945014000 -0.895906627 0.032688271 0.443038017 70.990783691
0.447526276 0.072308742 0.891342640 99.233825684 -0.004255695 0.996886551 -0.078734130 -6.995136738 -0.894260585 0.031442307 0.446440637 71.305252075
0.450050354 0.072874099 0.890024781 99.844436646 -0.003689577 0.996807873 -0.079751715 -7.052513123 -0.892995536 0.032608468 0.448882610 71.622604370
0.452031702 0.070782974 0.889189065 100.436180115 -0.001229799 0.996895015 -0.078731634 -7.104139328 -0.892001092 0.034495659 0.450715214 71.927642822
0.454189450 0.069560625 0.888185382 101.036285400 0.000241622 0.996937454 -0.078201413 -7.163646698 -0.890905142 0.035732858 0.452781677 72.227729797
0.455999285 0.069543026 0.887258947 101.636024475 -0.000580212 0.996965408 -0.077843584 -7.209743500 -0.889979899 0.034981817 0.454655826 72.541725159
0.457777381 0.068640739 0.886413157 102.209381104 0.000913750 0.996978343 -0.077674419 -7.262988567 -0.889066339 0.036367554 0.456331402 72.843338013
0.460522741 0.070590198 0.884836674 102.770568848 0.000160540 0.996826172 -0.079608023 -7.308705807 -0.887647867 0.036803361 0.459049761 73.132575989
0.463473409 0.070530243 0.883299470 103.330474854 0.003428967 0.996677041 -0.081382498 -7.357877254 -0.886104167 0.040747430 0.461691499 73.427597046
0.466379553 0.069984995 0.881811917 103.881080627 0.004889490 0.996646166 -0.081684820 -7.407635689 -0.884571254 0.042407736 0.464473188 73.719924927
0.469113171 0.068488814 0.880478382 104.422386169 0.007871635 0.996624529 -0.081717297 -7.458786011 -0.883103013 0.045265462 0.466990530 74.030899048
0.473002046 0.067283235 0.878488421 104.932754517 0.009134643 0.996651709 -0.081251681 -7.502733231 -0.881013930 0.046456892 0.470803708 74.269332886
0.476177722 0.066843107 0.876804829 105.450912476 0.010529152 0.996601880 -0.081694014 -7.546793461 -0.879285991 0.048132882 0.473855793 74.553260803
0.479801029 0.065990597 0.874892056 105.967514038 0.010803361 0.996647477 -0.081098944 -7.598295212 -0.877310872 0.048363134 0.477479607 74.837921143
0.483050704 0.065197200 0.873161733 106.478027344 0.012734869 0.996595323 -0.081458926 -7.643026352 -0.875499785 0.050468389 0.480575830 75.127258301
0.487194866 0.066265784 0.870775521 106.979614258 0.012213415 0.996502340 -0.082666911 -7.692434788 -0.873207927 0.050910033 0.484681487 75.402534485
0.490867436 0.066754550 0.868673146 107.482261658 0.013875301 0.996334791 -0.084405519 -7.742006779 -0.871123850 0.053485021 0.488142073 75.704757690
0.495948672 0.070283324 0.865502834 107.959197998 0.011695081 0.996088028 -0.087589025 -7.786210537 -0.868273079 0.053561781 0.493186563 75.980918884
0.501497269 0.076143689 0.861801982 108.442634583 0.008350189 0.995647132 -0.092828549 -7.831172943 -0.865118861 0.053749476 0.498678446 76.269538879
0.507130265 0.083347574 0.857829928 108.926742554 0.003104883 0.995129883 -0.098523311 -7.880824089 -0.861863852 0.052627608 0.504401684 76.575057983
0.512733579 0.089234263 0.853897810 109.404579163 -0.002149244 0.994714200 -0.102659352 -7.939095497 -0.858545065 0.050801653 0.510215163 76.885360718
0.519435287 0.093788400 0.849347293 109.876502991 -0.006057783 0.994337618 -0.106094077 -7.993317127 -0.854488373 0.049963839 0.517062068 77.177734375
0.525141060 0.094140522 0.845792234 110.365219116 -0.010333319 0.994494677 -0.104275987 -8.044542313 -0.850952387 0.046019755 0.523222804 77.490631104
0.530788302 0.093376473 0.842344701 110.860267639 -0.016860528 0.994878590 -0.099660970 -8.097944260 -0.847336650 0.038696501 0.529644310 77.816215515
0.536407888 0.090963058 0.839042485 111.357704163 -0.023027239 0.995381832 -0.093190759 -8.151860237 -0.843644619 0.030667419 0.536025345 78.158538818
0.541949213 0.089326546 0.835650504 111.863342285 -0.029876998 0.995754480 -0.087064512 -8.209353447 -0.839879930 0.022217816 0.542317271 78.506912231
0.548022449 0.086994752 0.831927419 112.370697021 -0.032258131 0.996035218 -0.082905836 -8.260545731 -0.835841358 0.018597839 0.548655927 78.856628418
0.554444909 0.090953842 0.827235341 112.885169983 -0.037098188 0.995722950 -0.084614292 -8.300107002 -0.831393182 0.016225031 0.555447757 79.218696594
0.560200870 0.094938979 0.822898269 113.401649475 -0.041424703 0.995378196 -0.086637743 -8.350665092 -0.827320397 0.014446221 0.561544597 79.594284058
0.566706061 0.098382674 0.818025112 113.928131104 -0.043903664 0.995040476 -0.089256771 -8.391744614 -0.822749555 0.014668048 0.568214893 79.969230652
0.572869658 0.100548536 0.813455820 114.456153870 -0.046394113 0.994833767 -0.090295397 -8.442930222 -0.818332434 0.013987930 0.574575007 80.357292175
