1.000000000 0.000000000 0.000000000 0.000000000 0.000000000 1.000000000 0.000000000 0.000000000 0.000000000 0.000000000 1.000000000 0.000000000
0.999998629 0.000766758 0.001469239 -0.006350491 -0.000760031 0.999989271 -0.004574087 -0.002357308 -0.001472730 0.004572964 0.999988437 0.963961601
0.999996662 -0.001450928 0.002145198 -0.002620791 0.001462372 0.999984682 -0.005343006 -0.000897747 -0.002137413 0.005346125 0.999983430 1.918587446
0.999993443 -0.002507085 0.002593247 -0.009231437 0.002510220 0.999996126 -0.001206753 -0.004688537 -0.002590212 0.001213254 0.999995887 2.852069616
0.999985576 -0.004992704 0.001979717 -0.006439039 0.004982757 0.999975026 0.004997880 -0.008489845 -0.002004620 -0.004987944 0.999985576 3.801108360
0.999962986 -0.008596421 0.000396246 -0.003191496 0.008594275 0.999949932 0.005129420 -0.005617315 -0.000440320 -0.005125824 0.999986827 4.739341736
0.999937892 -0.011135506 -0.000207423 -0.006157612 0.011135923 0.999935687 0.002130586 -0.002812712 0.000183685 -0.002132763 0.999997675 5.669015884
0.999928772 -0.011862641 -0.001269440 -0.009057229 0.011860619 0.999928415 -0.001587841 0.003986177 0.001288185 0.001572672 0.999997914 6.596010208
0.999932408 -0.011515462 -0.001577273 -0.017662423 0.011512532 0.999931991 -0.001853956 -0.002019901 0.001598515 0.001835673 0.999997020 7.520188808
0.999931455 -0.011395589 -0.002698701 -0.026949745 0.011395837 0.999934971 0.000076319 -0.002302169 0.002697657 -0.000107067 0.999996364 8.432558060
0.999936342 -0.010889261 -0.002963201 -0.038502432 0.010897120 0.999937117 0.002649223 0.004054988 0.002934166 -0.002681345 0.999992073 9.372526169
0.999929726 -0.011204383 -0.003869888 -0.046879232 0.011221063 0.999927640 0.004315874 0.005429551 0.003821251 -0.004358994 0.999983191 10.294257164
0.999912620 -0.012408831 -0.004563544 -0.049961075 0.012432491 0.999909222 0.005192756 0.005493470 0.004498695 -0.005249037 0.999976099 11.204979897
0.999904215 -0.012674990 -0.005554304 -0.057074286 0.012705303 0.999904275 0.005456606 0.005729385 0.005484610 -0.005526652 0.999969721 12.119897842
0.999898434 -0.012877182 -0.006107182 -0.064514071 0.012900316 0.999909699 0.003763798 0.013056874 0.006058164 -0.003842200 0.999974251 13.020381927
0.999887288 -0.013261965 -0.007034787 -0.085419126 0.013274211 0.999910414 0.001696851 0.018499931 0.007011653 -0.001790042 0.999973774 13.930048943
0.999851644 -0.014650857 -0.009048884 -0.084992059 0.014652279 0.999892652 0.000090647 0.026157862 0.009046583 -0.000223220 0.999959052 14.832890511
0.999837637 -0.014521111 -0.010671158 -0.100342959 0.014520084 0.999894500 -0.000173971 0.018965824 0.010672562 0.000018996 0.999943018 15.731069565
0.999844313 -0.013089716 -0.011832351 -0.126176044 0.013078371 0.999913931 -0.001035512 0.019992825 0.011844887 0.000880603 0.999929488 16.633481979
0.999841869 -0.011417103 -0.013634898 -0.140798151 0.011404539 0.999934494 -0.000998820 0.018031407 0.013645407 0.000843162 0.999906540 17.527156830
0.999815583 -0.012299227 -0.014749538 -0.161520064 0.012298958 0.999924302 -0.000108843 0.016956234 0.014749762 -0.000072581 0.999891162 18.422290802
0.999794960 -0.011846772 -0.016422596 -0.176787272 0.011867483 0.999928832 0.001164396 0.017781220 0.016407637 -0.001359052 0.999864459 19.306842804
0.999769807 -0.011475968 -0.018130535 -0.193667457 0.011503495 0.999932766 0.001414676 0.023310525 0.018113084 -0.001622915 0.999834597 20.191226959
0.999724209 -0.012800521 -0.019688942 -0.214324832 0.012835766 0.999916196 0.001664772 0.020794418 0.019665983 -0.001917036 0.999804735 21.067726135
0.999687016 -0.012572850 -0.021632101 -0.235905334 0.012588519 0.999920547 0.000588208 0.025307450 0.021622987 -0.000860340 0.999765873 21.944868088
0.999675214 -0.012544117 -0.022180788 -0.258746326 0.012578345 0.999919832 0.001404287 0.021166485 0.022161394 -0.001682829 0.999752998 22.802499771
0.999651492 -0.012411361 -0.023300454 -0.281197578 0.012490399 0.999916673 0.003249677 0.025565021 0.023258179 -0.003539577 0.999723196 23.658760071
0.999618173 -0.013493215 -0.024114227 -0.301826954 0.013641473 0.999888957 0.005994242 0.028603286 0.024030669 -0.006320907 0.999691248 24.504028320
0.999604821 -0.013267904 -0.024783231 -0.326653779 0.013460335 0.999880373 0.007613962 0.028948441 0.024679245 -0.007944543 0.999663830 25.345037460
0.999599576 -0.012682991 -0.025294608 -0.355571419 0.012845026 0.999897957 0.006253726 0.034321502 0.025212709 -0.006576131 0.999660492 26.176828384
0.999595881 -0.010784878 -0.026301913 -0.380846322 0.010889304 0.999933362 0.003830211 0.035218567 0.026258852 -0.004115073 0.999646723 26.988899231
0.999583066 -0.010644088 -0.026838634 -0.408271730 0.010705239 0.999940515 0.002135906 0.036941715 0.026814301 -0.002422330 0.999637425 27.779188156
0.999566436 -0.009778924 -0.027773259 -0.436424524 0.009829088 0.999950230 0.001670200 0.040379591 0.027755547 -0.001942462 0.999612808 28.573818207
0.999537706 -0.009459577 -0.028892819 -0.465731025 0.009499084 0.999954104 0.001230480 0.039855056 0.028879851 -0.001504366 0.999581754 29.359237671
0.999463916 -0.009807280 -0.031240504 -0.487495244 0.009828996 0.999951541 0.000541602 0.035935879 0.031233681 -0.000848374 0.999511778 30.152917862
0.999396205 -0.010133801 -0.033234037 -0.516420484 0.010157303 0.999948323 0.000538453 0.035673421 0.033226866 -0.000875696 0.999447465 30.918319702
0.999354005 -0.009602619 -0.034632973 -0.554581106 0.009656260 0.999952435 0.001381936 0.041912675 0.034618050 -0.001715468 0.999399126 31.683032990
0.999249399 -0.010190375 -0.037374321 -0.570445240 0.010340774 0.999939144 0.003832939 0.040466301 0.037332997 -0.004216542 0.999293983 32.440303802
0.999182999 -0.009099276 -0.039377328 -0.604264140 0.009312955 0.999942899 0.005246460 0.043709397 0.039327342 -0.005608893 0.999210596 33.178081512
0.999134183 -0.007781853 -0.040870514 -0.646618724 0.008011574 0.999953032 0.005459954 0.044084847 0.040826108 -0.005782664 0.999149501 33.900768280
0.999062717 -0.005269561 -0.042964444 -0.683678687 0.005483101 0.999973118 0.004853822 0.041671187 0.042937711 -0.005084851 0.999064803 34.626621246
0.998970985 -0.003775611 -0.045194969 -0.712766826 0.003962857 0.999983907 0.004054179 0.048012592 0.045178927 -0.004229108 0.998969913 35.337234497
0.998900414 -0.003140788 -0.046777792 -0.745423079 0.003380495 0.999981523 0.005046113 0.053640902 0.046761069 -0.005198697 0.998892546 36.047237396
0.998869538 -0.001882584 -0.047498427 -0.790604830 0.002218055 0.999973059 0.007011074 0.054287732 0.047483936 -0.007108502 0.998846829 36.736160278
0.998851895 0.000739908 -0.047898717 -0.825614691 -0.000378739 0.999971509 0.007548901 0.057933286 0.047902938 -0.007522094 0.998823643 37.414836884
0.998910367 0.004061329 -0.046492934 -0.866379678 -0.003818117 0.999978542 0.005318767 0.060457483 0.046513539 -0.005135457 0.998904467 38.085689545
0.998982668 0.005557505 -0.044750229 -0.901053131 -0.005444976 0.999981701 0.002636093 0.054597262 0.044764053 -0.002389748 0.998994708 38.732566833
0.999067783 0.005803060 -0.042776939 -0.928504586 -0.005790266 0.999983132 0.000422977 0.063831553 0.042778671 -0.000174892 0.999084592 39.379005432
0.999203622 0.006768856 -0.039323289 -0.964192331 -0.006714152 0.999976337 0.001522988 0.063399106 0.039332662 -0.001257753 0.999225318 40.014064789
0.999263585 0.011688259 -0.036547232 -0.990402758 -0.011540179 0.999924362 0.004260078 0.064098746 0.036594246 -0.003835179 0.999322891 40.651935577
0.999329865 0.016144639 -0.032849807 -1.011936188 -0.015908170 0.999845862 0.007447057 0.069940582 0.032964963 -0.006919488 0.999432564 41.282821655
0.999376833 0.020783162 -0.028531130 -1.035393238 -0.020551385 0.999753594 0.008393058 0.073348224 0.028698532 -0.007801473 0.999557734 41.890197754
0.999425948 0.024728335 -0.023159251 -1.057664514 -0.024535326 0.999662101 0.008581582 0.080927163 0.023363627 -0.008008436 0.999695003 42.471675873
0.999443650 0.028629549 -0.017104220 -1.081135869 -0.028452199 0.999539733 0.010523764 0.088029563 0.017397631 -0.010031258 0.999798357 43.047260284
0.999384761 0.033312757 -0.010969184 -1.079395771 -0.033182949 0.999379456 0.011810941 0.086507708 0.011355835 -0.011439685 0.999870062 43.597576141
0.999312758 0.036873251 -0.003810358 -1.088661432 -0.036826681 0.999253750 0.011646799 0.087516844 0.004236970 -0.011498471 0.999924898 44.128490448
0.999189734 0.040106710 0.003348167 -1.088162303 -0.040143367 0.999125302 0.011711430 0.089985490 -0.002875532 -0.011836348 0.999925792 44.638889313
0.998971105 0.044077806 0.010665773 -1.084055901 -0.044194635 0.998962641 0.010977620 0.096353829 -0.010170840 -0.011437695 0.999882877 45.134693146
0.998681843 0.047987044 0.018219601 -1.078540564 -0.048143018 0.998806596 0.008220813 0.100671172 -0.017803367 -0.009087122 0.999800205 45.608207703
0.998377740 0.050386913 0.026515454 -1.072916031 -0.050544579 0.998707712 0.005309408 0.097514823 -0.026213663 -0.006641006 0.999634326 46.063796997
0.998110771 0.050896432 0.034418475 -1.057945728 -0.051096316 0.998681426 0.004952105 0.101300225 -0.034121051 -0.006701405 0.999395192 46.491825104
0.997846842 0.050088510 0.042341053 -1.033584118 -0.050403085 0.998708427 0.006394209 0.101528123 -0.041966096 -0.008514561 0.999082744 46.888996124
0.997395635 0.051755164 0.050233513 -1.010664701 -0.052177407 0.998612404 0.007130006 0.104526535 -0.049794793 -0.009732490 0.998712063 47.276321411
0.996733904 0.054955844 0.059172697 -0.999966860 -0.055486728 0.998432279 0.007365107 0.101647660 -0.058675177 -0.010624349 0.998220563 47.634689331
0.995921791 0.059915654 0.067452997 -0.969366312 -0.060503677 0.998145521 0.006706894 0.104455858 -0.066926055 -0.010760698 0.997699857 47.957519531
0.995009184 0.063751444 0.076762103 -0.951889277 -0.064467780 0.997896016 0.006887855 0.101269156 -0.076161496 -0.011802163 0.997025788 48.261302948
0.994282126 0.063036539 0.086194582 -0.923226357 -0.063924037 0.997926056 0.007572733 0.099957466 -0.085538469 -0.013039340 0.996249557 48.547267914
0.993385136 0.061844874 0.096752986 -0.883783817 -0.062686972 0.998017013 0.005685270 0.100009710 -0.096209526 -0.011712815 0.995292246 48.822402954
0.992260039 0.060303964 0.108551562 -0.849951744 -0.060806435 0.998148680 0.001321688 0.095922418 -0.108270898 -0.007912092 0.994089961 49.080402374
0.990666986 0.061270457 0.121757023 -0.807331085 -0.061371937 0.998110712 -0.002920083 0.099037662 -0.121705897 -0.004579635 0.992555618 49.345272064
0.988537073 0.062775120 0.137308925 -0.768799782 -0.062666215 0.998021483 -0.005120127 0.096550554 -0.137358680 -0.003543194 0.990514994 49.609329224
0.986060858 0.064564802 0.153346673 -0.716840744 -0.064341210 0.997907400 -0.006425416 0.093750030 -0.153440595 -0.003530663 0.988151670 49.857582092
0.983223975 0.065257624 0.170329168 -0.663677216 -0.064915620 0.997861981 -0.007582402 0.092619598 -0.170459852 -0.003601827 0.985358059 50.115745544
0.979981720 0.064088516 0.188490033 -0.604129791 -0.063527621 0.997939348 -0.009021916 0.095179766 -0.188679814 -0.003133011 0.982033610 50.376796722
0.976089418 0.063553236 0.207871020 -0.536748886 -0.063028701 0.997969747 -0.009152566 0.088900119 -0.208030641 -0.004168115 0.978113413 50.613231659
0.971632242 0.063485965 0.227816641 -0.460793495 -0.062805295 0.997973263 -0.010243541 0.083110750 -0.228005230 -0.004355138 0.973650157 50.846942902
0.966328084 0.065765001 0.248766541 -0.384376526 -0.064672001 0.997827351 -0.012572984 0.082333088 -0.249052912 -0.003938600 0.968481779 51.085453033
0.960070252 0.066992477 0.271619260 -0.302710533 -0.065463752 0.997746706 -0.014695968 0.077536702 -0.271991760 -0.003672055 0.962292612 51.333209991
0.952774704 0.068559587 0.295837641 -0.205788612 -0.066900335 0.997635424 -0.015740136 0.068651378 -0.296217352 -0.004794840 0.955108523 51.574733734
0.944269419 0.071291320 0.321360707 -0.107458115 -0.069651924 0.997433007 -0.016611019 0.061482191 -0.321720004 -0.006698117 0.946811199 51.810398102
0.934346080 0.073516905 0.348701268 0.002487183 -0.071844906 0.997257948 -0.017743906 0.054219961 -0.349049598 -0.008473458 0.937065899 52.051383972
0.923177123 0.074131846 0.377158493 0.123498917 -0.072230861 0.997202992 -0.019203173 0.048405707 -0.377527177 -0.009514544 0.925949574 52.290008545
0.910623491 0.072003826 0.406915456 0.265501022 -0.069352180 0.997365177 -0.021283004 0.038179278 -0.407375753 -0.008839667 0.913217783 52.524719238
0.895638049 0.069588110 0.439306319 0.407978058 -0.065704569 0.997548997 -0.024060741 0.031668186 -0.439903915 -0.007314721 0.898015022 52.751350403
0.878282011 0.068973772 0.473142117 0.563676834 -0.063140973 0.997605443 -0.028222032 0.020316839 -0.473955750 -0.005087757 0.880533934 52.976249695
0.858892858 0.070656978 0.507257998 0.728073120 -0.062277205 0.997496665 -0.033495098 0.015995026 -0.508354843 -0.002821907 0.861143053 53.191505432
0.837175608 0.072546609 0.542101502 0.916366577 -0.061809633 0.997363567 -0.038018420 0.006766558 -0.543430448 -0.001679002 0.839452565 53.417785645
0.812522709 0.075281113 0.578048289 1.109910965 -0.062698849 0.997159600 -0.041731913 -0.003085136 -0.579548061 -0.002334839 0.814934731 53.644161224
0.785013974 0.079366840 0.614372790 1.321739197 -0.065782070 0.996831357 -0.044721209 -0.013761759 -0.615975499 -0.005307943 0.787747383 53.877136230
0.754996896 0.083945915 0.650332868 1.545877457 -0.069684803 0.996427119 -0.047720440 -0.027895212 -0.652015150 -0.009289529 0.758148968 54.106361389
0.722028911 0.084706150 0.686657965 1.806669235 -0.069014043 0.996344805 -0.050340064 -0.047625899 -0.688412189 -0.011042061 0.725235522 54.340831757
0.685227990 0.082347959 0.723658264 2.081745148 -0.065567940 0.996527970 -0.051312961 -0.066704154 -0.725371242 -0.012287704 0.688248217 54.564964294
0.646160483 0.080821328 0.758910000 2.379486084 -0.062609188 0.996638834 -0.052831158 -0.089679003 -0.760629177 -0.013377337 0.649048924 54.773216248
0.603510857 0.080088906 0.793322384 2.711225510 -0.060467385 0.996674716 -0.054618228 -0.112079024 -0.795058787 -0.015007435 0.606346726 54.992992401
0.557320714 0.080087744 0.826425791 3.076721191 -0.057009943 0.996679246 -0.058140714 -0.129587293 -0.828337789 -0.014711462 0.560035825 55.204101562
0.508531213 0.078698963 0.857439458 3.443181992 -0.053713676 0.996774316 -0.059631057 -0.156767011 -0.859366596 -0.015731975 0.511117995 55.396167755
0.460071474 0.077606082 0.884483755 3.876354218 -0.052502561 0.996807516 -0.060151916 -0.171833277 -0.886328161 -0.018763488 0.462677181 55.585384369
0.410961807 0.075232469 0.908543110 4.314125061 -0.051461507 0.996914446 -0.059272528 -0.192840815 -0.910198867 -0.022396253 0.413565338 55.745910645
0.360333532 0.074824922 0.929817677 4.767103195 -0.054658845 0.996758640 -0.059029825 -0.218353868 -0.931220829 -0.029552335 0.363255382 55.907142639
0.310866714 0.075755447 0.947429657 5.241430283 -0.053178988 0.996643364 -0.062241644 -0.236554503 -0.948964596 -0.031034501 0.313851833 56.043399811
0.263469517 0.072173007 0.961964011 5.718749046 -0.042256191 0.997103631 -0.063235976 -0.273160100 -0.963741779 -0.023988193 0.265756130 56.132293701
0.219414532 0.066496111 0.973363042 6.230642319 -0.028618775 0.997684002 -0.061706390 -0.296635330 -0.975211978 -0.014317177 0.220809340 56.205810547
0.177197322 0.065445147 0.981997013 6.749025345 -0.019386167 0.997825086 -0.063001871 -0.325790763 -0.983984470 -0.007873399 0.178080663 56.266307831
0.138616875 0.066982791 0.988078356 7.294640064 -0.016127177 0.997730434 -0.065374643 -0.349302769 -0.990214765 -0.006872884 0.139382556 56.326183319
0.106144167 0.067727342 0.992041528 7.800656319 -0.007892292 0.997703612 -0.067269467 -0.385507166 -0.994319379 -0.000689222 0.106434956 56.339168549
0.077206329 0.065896936 0.994835019 8.364717484 -0.000635217 0.997816503 -0.066045120 -0.423904598 -0.997014940 0.004467166 0.077079602 56.361766815
0.052313622 0.064120919 0.996570051 8.931925774 0.006016129 0.997898042 -0.064522192 -0.458673865 -0.998612523 0.009370882 0.051817913 56.370346069
0.032254651 0.063223079 0.997477949 9.509419441 0.010981952 0.997914612 -0.063605860 -0.484247804 -0.999419332 0.013005841 0.031493068 56.373302460
0.016357763 0.065369889 0.997727036 10.090848923 0.014024202 0.997747362 -0.065601170 -0.509160161 -0.999767840 0.015065413 0.015404155 56.371788025
0.002755564 0.065018006 0.997880340 10.687150002 0.014436060 0.997777522 -0.065051168 -0.545249820 -0.999891937 0.014584711 0.001810836 56.370635986
-0.008681426 0.066010766 0.997781157 11.298604965 0.015371935 0.997709751 -0.065872297 -0.580268443 -0.999844193 0.014765963 -0.009676251 56.361644745
-0.017715579 0.068837725 0.997470558 11.918397903 0.020457525 0.997443199 -0.068472505 -0.616648674 -0.999633729 0.019192746 -0.019078534 56.340171814
-0.024219386 0.070788749 0.997197270 12.541584969 0.024718568 0.997227371 -0.070190519 -0.650282919 -0.999401033 0.022949314 -0.025902031 56.312877655
-0.028783914 0.070205510 0.997117221 13.191970825 0.025163827 0.997265339 -0.069489531 -0.687767804 -0.999268889 0.023091102 -0.030471835 56.297317505
-0.032472607 0.067626782 0.997182131 13.838022232 0.022690335 0.997501016 -0.066909522 -0.716545045 -0.999215007 0.020453667 -0.033925928 56.278675079
-0.035071626 0.060678277 0.997541070 14.539743423 0.020673625 0.997985542 -0.059978463 -0.757932544 -0.999170899 0.018519253 -0.036255412 56.259868622
-0.036305476 0.055075675 0.997821867 15.227366447 0.021877458 0.998284698 -0.054305203 -0.792124689 -0.999101281 0.019858237 -0.037448116 56.233913422
-0.036760718 0.052460674 0.997946203 15.903527260 0.024279414 0.998373151 -0.051588759 -0.826626241 -0.999029040 0.022333112 -0.037974618 56.204162598
-0.036652934 0.054552734 0.997837961 16.613023758 0.027945751 0.998174310 -0.053544607 -0.868525922 -0.998937190 0.025922764 -0.038110536 56.179660797
-0.035632595 0.062149543 0.997430682 17.319812775 0.028958224 0.997709513 -0.061132424 -0.898217618 -0.998945296 0.026705515 -0.037350722 56.148124695
-0.033546481 0.070279375 0.996963143 18.030683517 0.029708371 0.997153878 -0.069293186 -0.932055831 -0.998995483 0.027293606 -0.035538886 56.127861023
-0.031337038 0.071182519 0.996970832 18.763645172 0.030505173 0.997064292 -0.070230335 -0.964057565 -0.999043286 0.028211961 -0.033416465 56.104293823
-0.029047869 0.066615090 0.997355819 19.509006500 0.029931106 0.997387409 -0.065745458 -1.009688139 -0.999129832 0.027942197 -0.030965840 56.083282471
-0.026417138 0.060281612 0.997831762 20.262430191 0.029600881 0.997789562 -0.059495397 -1.055525064 -0.999212742 0.027965000 -0.028143134 56.067943573
-0.023813501 0.058454975 0.998005986 20.993564606 0.027769469 0.997942567 -0.057788644 -1.100778461 -0.999330759 0.026337942 -0.025387762 56.055572510
-0.020286212 0.064160883 0.997733355 21.722160339 0.035326123 0.997361600 -0.063418716 -1.139838815 -0.999169886 0.033959527 -0.022499241 56.032497406
-0.017125513 0.069324747 0.997447252 22.454687119 0.037254240 0.996945024 -0.068650223 -1.186153054 -0.999159098 0.035983466 -0.019655835 56.018962860
-0.014856169 0.069961622 0.997439027 23.188081741 0.030956231 0.997103214 -0.069476992 -1.227597117 -0.999410272 0.029844794 -0.016978882 56.023799896
-0.011796285 0.066390052 0.997724056 23.944526672 0.026616266 0.997460723 -0.066057846 -1.275936842 -0.999576092 0.025776450 -0.013533387 56.031768799
-0.007022696 0.062663265 0.998010039 24.700685501 0.030461598 0.997584820 -0.062422223 -1.326802611 -0.999511242 0.029962607 -0.008914558 56.013618469
-0.003266921 0.063361786 0.997985303 25.440982819 0.035018452 0.997385681 -0.063209087 -1.375783801 -0.999381304 0.034741398 -0.005477212 56.002040863
-0.001027505 0.067942224 0.997688711 26.174804688 0.034666773 0.997092009 -0.067865893 -1.421315551 -0.999398291 0.034516916 -0.003379856 56.013210297
0.003020809 0.069070905 0.997607172 26.930942535 0.030891366 0.997129083 -0.069131345 -1.462280273 -0.999518096 0.031026274 0.000878442 56.021991730
0.006842840 0.068489246 0.997628391 27.682859421 0.030225808 0.997181654 -0.068665907 -1.510089159 -0.999519646 0.030623991 0.004753411 56.030345917
0.010498424 0.065302797 0.997810245 28.426628113 0.034316167 0.997253954 -0.065627448 -1.556841612 -0.999355912 0.034930002 0.008228653 56.034976959
0.013931632 0.065755390 0.997738481 29.179597855 0.038606942 0.997055888 -0.066249482 -1.611691713 -0.999157369 0.039442595 0.011351999 56.040100098
0.017814487 0.066875428 0.997602284 29.926868439 0.041951496 0.996831894 -0.067572936 -1.655488253 -0.998960793 0.043054685 0.014952526 56.047801971
0.020365363 0.066566855 0.997574210 30.682247162 0.041835044 0.996850491 -0.067372628 -1.704313278 -0.998916984 0.043105621 0.017516391 56.064289093
0.023355447 0.065217070 0.997597814 31.429616928 0.043465305 0.996860206 -0.066186443 -1.749479771 -0.998781919 0.044906709 0.020447431 56.095901489
0.027005678 0.064088121 0.997578800 32.180027008 0.045122918 0.996847332 -0.065262690 -1.803048849 -0.998616278 0.046776135 0.024028698 56.109855652
0.029552296 0.064562127 0.997476041 32.926822662 0.043375101 0.996889055 -0.065809213 -1.844597578 -0.998621643 0.045210443 0.026659969 56.143543243
0.032676261 0.066307336 0.997264147 33.688915253 0.040074568 0.996907651 -0.067596719 -1.891302347 -0.998662293 0.042173732 0.029917974 56.173866272
0.035841096 0.066641614 0.997133076 34.449279785 0.041713230 0.996804833 -0.068119012 -1.932168484 -0.998486578 0.044035103 0.032946739 56.194297791
0.038893260 0.066542186 0.997025311 35.204799652 0.040154625 0.996870220 -0.068098225 -1.977252483 -0.998436153 0.042683750 0.036099553 56.221576691
0.041221019 0.066597879 0.996928036 35.962703705 0.038714834 0.996920347 -0.068198130 -2.026749134 -0.998399675 0.041407101 0.038515747 56.259387970
0.043866243 0.066641204 0.996812284 36.724697113 0.035795718 0.997027218 -0.068230808 -2.076950073 -0.998395920 0.038674641 0.041350368 56.301548004
0.046573296 0.068460964 0.996566117 37.490470886 0.034265146 0.996952116 -0.070088826 -2.127273083 -0.998326957 0.037411753 0.044085521 56.351779938
0.049798168 0.072114646 0.996152401 38.252677917 0.032452881 0.996746361 -0.073779985 -2.178753138 -0.998231888 0.036002122 0.047295824 56.391418457
0.053596549 0.073972501 0.995819092 39.024421692 0.032806322 0.996583581 -0.075795002 -2.233067989 -0.998023570 0.036731508 0.050986677 56.430183411
0.056106530 0.076029941 0.995525718 39.792598724 0.026957022 0.996617496 -0.077632584 -2.286673069 -0.998060763 0.031192105 0.053867213 56.490390778
0.058563504 0.075252853 0.995443344 40.574600220 0.023002595 0.996788144 -0.076707818 -2.341990709 -0.998018503 0.027390053 0.056644410 56.551723480
0.062442690 0.076032326 0.995148361 41.342243195 0.025463069 0.996648014 -0.077744670 -2.391259670 -0.997723699 0.030194117 0.060297385 56.598522186
0.065904424 0.077312648 0.994826436 42.117973328 0.024769591 0.996559799 -0.079088278 -2.446620703 -0.997518480 0.029853711 0.063762709 56.656707764
0.069846272 0.078273878 0.994482100 42.908737183 0.021123309 0.996577382 -0.079922356 -2.499542713 -0.997334123 0.026589032 0.067953795 56.720294952
0.074116692 0.076161332 0.994337022 43.711299896 0.019930117 0.996767223 -0.077833042 -2.557651043 -0.997050405 0.025585981 0.072359182 56.783294678
0.078678288 0.076013185 0.993997872 44.499198914 0.019371592 0.996784031 -0.077759564 -2.625080109 -0.996711850 0.025373317 0.076952755 56.853057861
0.083819576 0.079283774 0.993321955 45.293415070 0.016108068 0.996591628 -0.080904014 -2.685251713 -0.996350825 0.022781834 0.082256794 56.927555084
0.089509763 0.087892316 0.992100298 46.085155487 0.013902140 0.995891333 -0.089482449 -2.747511387 -0.995888948 0.021801865 0.087920122 57.019004822
0.096836135 0.092968307 0.990948915 46.876842499 0.012975160 0.995425463 -0.094656229 -2.806653023 -0.995215774 0.022023866 0.095186882 57.103977203
0.104143307 0.095806584 0.989937007 47.680786133 0.008047868 0.995235622 -0.097166039 -2.879407883 -0.994529724 0.018086076 0.102876075 57.183204651
0.111186177 0.094208695 0.989324152 48.499526978 0.004371245 0.995440662 -0.095282413 -2.947553635 -0.993789971 0.014918667 0.110267423 57.288623810
0.118599579 0.092510253 0.988623321 49.310112000 0.003959354 0.995598435 -0.093637943 -3.020990372 -0.992934227 0.015019730 0.117711268 57.392787933
0.126552552 0.088683598 0.987987697 50.137191772 0.003936660 0.995942771 -0.089901924 -3.094386101 -0.991952062 0.015266689 0.125689983 57.496276855
0.133904800 0.083503127 0.987469852 50.966583252 0.002064060 0.996417880 -0.084539697 -3.156843424 -0.990992069 0.013358466 0.133252770 57.625831604
0.141074523 0.075705439 0.987100124 51.751605988 -0.000709517 0.997079432 -0.076369397 -3.227962732 -0.989998698 0.010073411 0.140716210 57.734134674
0.148211077 0.073378183 0.986229718 52.565715790 -0.000616957 0.997250199 -0.074105419 -3.288071632 -0.988955498 0.010374781 0.147848800 57.872039795
0.155879766 0.075404055 0.984893739 53.361797333 -0.000725379 0.997090518 -0.076223038 -3.344229221 -0.987775743 0.011167209 0.155480936 57.998512268
0.161671951 0.082004890 0.983431458 54.153884888 -0.000342842 0.996545911 -0.083042115 -3.405341625 -0.986844480 0.013088419 0.161141664 58.135078430
0.166893423 0.085861884 0.982229233 54.922008514 -0.002187493 0.996230781 -0.086714149 -3.459994555 -0.985972404 0.012323401 0.166452199 58.266807556
0.171752736 0.088384569 0.981167257 55.685768127 -0.003924234 0.996020854 -0.089035645 -3.535076618 -0.985132396 0.011441788 0.171416119 58.404251099
0.176832318 0.087912016 0.980306983 56.466636658 -0.006456098 0.996085286 -0.088162377 -3.603830099 -0.984219790 0.009261006 0.176707655 58.558200836
0.182235330 0.084601752 0.979608476 57.229526520 -0.002536405 0.996328652 -0.085573897 -3.671032906 -0.983251631 0.013109904 0.181780845 58.694534302
0.186965033 0.078139596 0.979253948 57.993450165 -0.001638690 0.996855021 -0.079231210 -3.726642370 -0.982365191 0.013208771 0.186505064 58.840602875
0.190812081 0.072268501 0.978962779 58.744468689 -0.003557503 0.997330666 -0.072931051 -3.783721685 -0.981620133 0.010433462 0.190559834 58.987274170
0.193352193 0.068555437 0.978731275 59.482383728 -0.006800464 0.997625530 -0.068535417 -3.844940662 -0.981105804 0.006595648 0.193359286 59.149036407
0.196718350 0.068690985 0.978050768 60.212200165 -0.008177051 0.997623086 -0.068420909 -3.896229982 -0.980425894 0.005462078 0.196812481 59.298736572
0.198704407 0.070617393 0.977512002 60.929664612 -0.010176622 0.997495592 -0.069992386 -3.945130348 -0.980006635 0.003960025 0.198925421 59.453620911
0.199719116 0.075194195 0.976963699 61.631526947 -0.015153398 0.997168839 -0.073651552 -4.002688885 -0.979736090 -0.000094701 0.200293109 59.615905762
0.202251017 0.079401627 0.976109564 62.338531494 -0.015706379 0.996842623 -0.077833779 -4.051233292 -0.979207754 0.000410815 0.202859536 59.764869690
0.204198197 0.084144920 0.975306451 63.026782990 -0.015764568 0.996452332 -0.082668692 -4.112236023 -0.978802681 0.001505511 0.204800308 59.917594910
0.205787867 0.086423367 0.974772990 63.683895111 -0.015068207 0.996254444 -0.085146792 -4.161744118 -0.978480637 0.002834099 0.206319317 60.059768677
0.207392916 0.086378686 0.974436820 64.355018616 -0.017473185 0.996262252 -0.084594510 -4.216211796 -0.978101730 0.000517790 0.208127037 60.210182190
0.207845405 0.083279133 0.974610090 65.016685486 -0.017124800 0.996526182 -0.081499793 -4.270835400 -0.978011906 0.000249355 0.208549514 60.355617523
0.208477959 0.080673568 0.974694133 65.664802551 -0.016813830 0.996740580 -0.078901976 -4.325749397 -0.977882624 0.000060985 0.209154844 60.499454498
0.208270773 0.080089509 0.974786639 66.323379517 -0.015725298 0.996787190 -0.078537248 -4.371236801 -0.977944791 0.001028206 0.208861068 60.648017883
0.206864417 0.079168178 0.975161254 66.959259033 -0.016561227 0.996861279 -0.077416688 -4.427888870 -0.978229523 -0.000135107 0.207526222 60.777641296
0.205141708 0.079759754 0.975476921 67.597167969 -0.017776797 0.996813118 -0.077765875 -4.479745865 -0.978570759 -0.001387831 0.205905840 60.926139832
0.202834770 0.082352981 0.975743890 68.208656311 -0.018420862 0.996601760 -0.080284126 -4.531650543 -0.979039609 -0.001689630 0.203662544 61.060112000
0.200695097 0.086159207 0.975857556 68.800994873 -0.016294003 0.996280849 -0.084611356 -4.581473351 -0.979518175 0.001080460 0.201352566 61.179931641
0.199131101 0.086786754 0.976122320 69.408699036 -0.014044968 0.996221304 -0.085708544 -4.628242493 -0.979872167 0.003357628 0.199597538 61.308696747
0.196721002 0.085815787 0.976696670 69.989944458 -0.014487274 0.996307909 -0.084620923 -4.671994686 -0.980352402 0.002497044 0.197237894 61.425064087
0.194290116 0.083028279 0.977423966 70.576095581 -0.014825842 0.996546328 -0.081705600 -4.719029427 -0.980832100 0.001383453 0.194850057 61.543926239
0.192068711 0.078714140 0.978219688 71.152999878 -0.014188463 0.996896684 -0.077431202 -4.771555901 -0.981278896 0.000992676 0.192589507 61.661987305
0.190248638 0.077703446 0.978656054 71.715347290 -0.011210966 0.996969759 -0.076978147 -4.825422287 -0.981671929 0.003673306 0.190543249 61.767555237
0.188696116 0.079281814 0.978829980 72.256889343 -0.006990768 0.996819019 -0.079391181 -4.864592075 -0.982010663 0.008138039 0.188650146 61.861656189
0.186314479 0.081233159 0.979126155 72.807189941 -0.002665642 0.996614218 -0.082176797 -4.905909061 -0.982486606 0.012700730 0.185900167 61.963344574
0.184483483 0.083247855 0.979303658 73.352409363 -0.003557819 0.996456444 -0.084035710 -4.946959019 -0.982829154 0.012019020 0.184125930 62.065490723
0.183009908 0.086039968 0.979338706 73.892883301 -0.003976431 0.996219575 -0.086779930 -4.987368584 -0.983103096 0.011987315 0.182660162 62.168575287
0.181910634 0.084072985 0.979714274 74.444160461 -0.002032318 0.996368170 -0.085124746 -5.040496826 -0.983313024 0.013494007 0.181420803 62.270603180
0.183018893 0.082890429 0.979608715 74.987365723 0.003786580 0.996372402 -0.085016325 -5.077167511 -0.983102202 0.019268960 0.182041034 62.353160858
0.184901118 0.080619194 0.979444921 75.529144287 0.009084787 0.996446669 -0.083733685 -5.123332024 -0.982715130 0.024380499 0.183511719 62.459667206
0.186957836 0.079883710 0.979114652 76.081771851 0.011850198 0.996432304 -0.083559386 -5.167758942 -0.982296526 0.027224781 0.185344189 62.564086914
0.190156534 0.079555660 0.978525162 76.637939453 0.009331666 0.996519864 -0.082832083 -5.212069035 -0.981709480 0.024882331 0.188752398 62.680561066
0.195698231 0.080140710 0.977384150 77.193138123 0.008149964 0.996487856 -0.083338968 -5.257335663 -0.980630279 0.024274930 0.194357783 62.796848297
0.201824278 0.079068892 0.976224840 77.761787415 0.009052526 0.996542752 -0.082586050 -5.303088188 -0.979379952 0.025505172 0.200410753 62.928657532
0.209899724 0.079359464 0.974496901 78.330024719 0.007259795 0.996546447 -0.082718797 -5.342464447 -0.977696002 0.024437301 0.208598688 63.050998688
0.217774227 0.077491030 0.972918093 78.894912720 0.007804520 0.996672988 -0.081129991 -5.382369995 -0.975968003 0.025261179 0.216444910 63.200035095
0.226814449 0.077131949 0.970878899 79.461799622 0.004150068 0.996773422 -0.080158688 -5.428689957 -0.973929167 0.022210361 0.225762561 63.324958801
0.236347005 0.076846413 0.968625247 80.042259216 0.003098160 0.996803045 -0.079837874 -5.472737312 -0.971663833 0.021870403 0.235353366 63.476470947
0.245644450 0.080798946 0.965986669 80.628463745 -0.002466544 0.996568978 -0.082729734 -5.516541481 -0.969356954 0.017939454 0.245000958 63.648052216
0.254573345 0.082765117 0.963505149 81.231254578 -0.005775573 0.996443272 -0.084068470 -5.563714504 -0.967036247 0.015836805 0.254145920 63.834571838
0.266133428 0.085540198 0.960133135 81.826210022 -0.009564534 0.996240199 -0.086105898 -5.605149746 -0.963888764 0.013732431 0.265950918 64.001670837
0.276331246 0.087497659 0.957071126 82.433547974 -0.011179836 0.996072292 -0.087835319 -5.654935837 -0.960997403 0.013571749 0.276224166 64.187980652
0.285860091 0.088167481 0.954206645 83.054641724 -0.014286336 0.996039808 -0.087752923 -5.706182480 -0.958164811 0.011452945 0.285987675 64.392364502
0.296187043 0.088256374 0.951043546 83.683975220 -0.015038611 0.996029198 -0.087747477 -5.759157181 -0.955011606 0.011687290 0.296338171 64.594848633
0.306247294 0.089364000 0.947748065 84.326721191 -0.019172544 0.995961070 -0.087714784 -5.803910255 -0.951758921 0.008691674 0.306723744 64.819961548
0.316945463 0.085036226 0.944623947 84.966735840 -0.019003918 0.996342003 -0.083315648 -5.847270966 -0.948253393 0.008454956 0.317402035 65.041229248
0.327779233 0.077464126 0.941573143 85.629127502 -0.014832281 0.996931970 -0.076855153 -5.899929047 -0.944637895 0.011225842 0.327922553 65.274604797
0.338786185 0.072979406 0.938028693 86.300888062 -0.013340364 0.997259617 -0.072769508 -5.950238228 -0.940768838 0.012139658 0.338831365 65.519927979
0.349110723 0.070174411 0.934450269 86.980125427 -0.014232661 0.997474253 -0.069589995 -5.993976593 -0.936973393 0.010994895 0.349227697 65.781539917
0.358322382 0.067682080 0.931141376 87.667259216 -0.007724896 0.997549474 -0.069536395 -6.035531998 -0.933565855 0.017723482 0.357967168 66.050415039
0.367214590 0.062320601 0.928046107 88.371917725 -0.001122397 0.997781932 -0.066559404 -6.073246002 -0.930135548 0.023399953 0.366469890 66.321380615
0.374110729 0.053095784 0.925862908 89.091362000 0.008237209 0.998130023 -0.060568504 -6.115403175 -0.927347541 0.030285850 0.372973770 66.604766846
0.381246716 0.048407909 0.923205078 89.800064087 0.013829687 0.998217762 -0.058052287 -6.157921791 -0.924369872 0.034899887 0.379897833 66.891189575
0.388446778 0.048387401 0.920199931 90.505767822 0.015554233 0.998133838 -0.059051402 -6.207392216 -0.921339869 0.037251331 0.386969239 67.194412231
0.395789087 0.054807957 0.916704476 91.221733093 0.017984908 0.997563422 -0.067407377 -6.244602203 -0.918165326 0.043165948 0.393839002 67.506210327
0.402881771 0.059194420 0.913335800 91.928016663 0.021976426 0.996993065 -0.074310370 -6.284469128 -0.914988101 0.050010145 0.400369406 67.813972473
0.407946229 0.061445005 0.910935998 92.634719849 0.019765297 0.996904671 -0.076095343 -6.335187912 -0.912791967 0.049047727 0.405469000 68.142311096
0.412866563 0.062616073 0.908636510 93.342597961 0.012928635 0.997130573 -0.074588887 -6.394869804 -0.910699785 0.042542692 0.410872281 68.471214294
0.416688144 0.066436946 0.906618476 94.027526855 0.006259645 0.997092485 -0.075943857 -6.449899197 -0.909027994 0.037320018 0.415060759 68.807037354
0.420690656 0.069398060 0.904545844 94.710311890 0.005498577 0.996856451 -0.079037569 -6.510144711 -0.907187521 0.038224079 0.418986648 69.135543823
0.424974501 0.073798664 0.902191997 95.384956360 0.001913642 0.996595621 -0.082422242 -6.568066120 -0.905203223 0.036753822 0.423386514 69.450706482
0.428510845 0.076396510 0.900301039 96.053176880 -0.000377315 0.996434033 -0.084374435 -6.621314049 -0.903536558 0.035815664 0.427011669 69.776885986
0.432332158 0.075443387 0.898552895 96.715751648 -0.002022298 0.996572435 -0.082700185 -6.677181244 -0.901712179 0.033936806 0.431002855 70.106246948
0.436610043 0.071659677 0.896792293 97.368164062 -0.000396850 0.996837914 -0.079460762 -6.739245415 -0.899650753 0.034337472 0.435257852 70.420547485
0.440052032 0.068968512 0.895319819 98.000282288 -0.000633132 0.997069716 -0.076495349 -6.791764259 -0.897972047 0.033095084 0.438806176 70.733444214
0.443211526 0.068307623 0.893810749 98.632980347 -0.002391839 0.997179091 -0.075021297 -6.854420662 -0.896413863 0.031112451 0.442124635 71.064079285
0.447138786 0.069801539 0.891736865 99.262130737 -0.004046564 0.997098088 -0.076019734 -6.905318737 -0.894455433 0.030382900 0.446123660 71.379280090
0.449667126 0.070324607 0.890423477 99.868125916 -0.003125338 0.997013450 -0.077164657 -6.956536770 -0.893190682 0.031915534 0.448544025 71.693923950
0.451568574 0.068610430 0.889594555 100.462860107 -0.001535650 0.997097313 -0.076122127 -7.011778831 -0.892235100 0.033008251 0.450363159 71.998741150
0.453536838 0.067107543 0.888707399 101.050727844 0.001013645 0.997121572 -0.075811356 -7.058433533 -0.891236961 0.035284080 0.452163368 72.289489746
0.455312222 0.067192420 0.887792706 101.650009155 -0.000712042 0.997175276 -0.075105824 -7.110961437 -0.890331566 0.033564460 0.454073906 72.604927063
0.457375467 0.066673040 0.886770844 102.228599548 0.000839214 0.997152686 -0.075405076 -7.157347679 -0.889273345 0.035232626 0.456017166 72.905052185
0.460069507 0.068802595 0.885213137 102.792465210 0.000070582 0.996990263 -0.077527083 -7.199235916 -0.887882829 0.035730328 0.458679944 73.195617676
0.462671012 0.068221919 0.883901179 103.345375061 0.003457894 0.996888220 -0.078752555 -7.252372742 -0.886523306 0.039492965 0.460995346 73.489845276
0.465889663 0.067856230 0.882237196 103.898742676 0.004658801 0.996853292 -0.079132013 -7.301495552 -0.884830594 0.040976945 0.464107484 73.779121399
0.468465686 0.065964401 0.881015658 104.439666748 0.007928367 0.996854782 -0.078853399 -7.353172302 -0.883446097 0.043925133 0.466469258 74.090408325
0.472435117 0.064893641 0.878973126 104.947433472 0.008945082 0.996881366 -0.078406513 -7.397086143 -0.881320059 0.044904474 0.470381260 74.329956055
0.475701839 0.064330921 0.877250910 105.467643738 0.010446253 0.996838510 -0.078765169 -7.439804554 -0.879544556 0.046632718 0.473525852 74.613304138
0.479105175 0.063760526 0.875438631 105.982269287 0.010653246 0.996862352 -0.078434393 -7.488438129 -0.877692819 0.046904586 0.476922661 74.900024414
0.482522160 0.063212477 0.873599708 106.494079590 0.012604293 0.996787965 -0.079088040 -7.528137684 -0.875793040 0.049172845 0.480175585 75.185455322
0.486694008 0.064198285 0.871210396 106.996116638 0.012128164 0.996703386 -0.080220975 -7.576420784 -0.873488247 0.049609251 0.484310955 75.461280823
0.490328908 0.064994596 0.869110644 107.499053955 0.013543073 0.996526837 -0.082163796 -7.623055458 -0.871432126 0.052057717 0.487745732 75.761596680
0.495266706 0.067991540 0.866076231 107.985542297 0.011474405 0.996333718 -0.084779076 -7.670609474 -0.868665218 0.051925968 0.492670685 76.048789978
0.500812709 0.073718123 0.862410724 108.469245911 0.008324622 0.995910227 -0.089963764 -7.714655399 -0.865515709 0.052234236 0.498150826 76.337921143
0.506528378 0.080941014 0.858415782 108.953262329 0.002852108 0.995421350 -0.095542386 -7.764134884 -0.862218559 0.050843216 0.503978252 76.641387939
0.512560070 0.086819597 0.854250789 109.437782288 -0.002274865 0.995008945 -0.099760242 -7.819288731 -0.858648360 0.049189810 0.510199368 76.950729370
0.518751860 0.091553085 0.850008547 109.908432007 -0.006083377 0.994619548 -0.103416264 -7.870020390 -0.854903221 0.048476461 0.516517699 77.250259399
0.524536371 0.091893375 0.846414328 110.399497986 -0.010241350 0.994767189 -0.101652995 -7.920469284 -0.851326525 0.044652268 0.522732675 77.562774658
0.529770017 0.091089785 0.843235731 110.889793396 -0.016725646 0.995144665 -0.096991584 -7.970812321 -0.847976506 0.037279557 0.528721273 77.894203186
0.535590112 0.088526070 0.839825213 111.390090942 -0.022892438 0.995646715 -0.090351827 -8.025495529 -0.844167650 0.029165890 0.535285115 78.233398438
0.541384697 0.086969413 0.836264908 111.889625549 -0.029845892 0.995996714 -0.084259368 -8.079122543 -0.840245128 0.020657660 0.541813076 78.572158813
0.547501147 0.084928237 0.832484066 112.401390076 -0.032223742 0.996238291 -0.080441467 -8.126163483 -0.836184263 0.017216042 0.548178375 78.922714233
0.553773880 0.088610515 0.827938914 112.912681580 -0.037127994 0.995960295 -0.081759721 -8.167930603 -0.831838906 0.014536686 0.554826617 79.285575867
0.559651792 0.092573337 0.823541164 113.432693481 -0.041163124 0.995619953 -0.083943404 -8.214792252 -0.827704966 0.013079555 0.561011076 79.661682129
0.566206992 0.095941059 0.818660498 113.961448669 -0.043706823 0.995300174 -0.086413160 -8.256374359 -0.823103547 0.013146677 0.567739129 80.036254883
0.572349906 0.098189212 0.814109623 114.489318848 -0.046165526 0.995088875 -0.087560877 -8.304870605 -0.818708897 0.012531659 0.574071944 80.423591614
