1.000000000 0.000000000 0.000000000 0.000000000 0.000000000 1.000000000 0.000000000 0.000000000 0.000000000 0.000000000 1.000000000 0.000000000
1.000000000 -0.000047447 0.000111129 -0.014525899 0.000047286 0.999998987 0.001441214 -0.012573343 -0.000111198 -0.001441209 0.999998927 1.315661788
0.999998510 -0.001612357 -0.000633279 -0.011419704 0.001613467 0.999997139 0.001756280 -0.039758638 0.000630445 -0.001757299 0.999998271 2.616269350
0.999995649 -0.002879144 -0.000663389 -0.016195145 0.002879639 0.999995530 0.000746997 -0.055970091 0.000661236 -0.000748904 0.999999464 3.927493095
0.999995053 -0.003097770 -0.000582407 -0.026917418 0.003098251 0.999994874 0.000826987 -0.073532328 0.000579842 -0.000828788 0.999999523 5.251391888
0.999992788 -0.003731204 -0.000700934 -0.022754181 0.003732458 0.999991357 0.001796546 -0.100389764 0.000694225 -0.001799149 0.999998152 6.576952457
0.999986053 -0.005260407 -0.000336145 -0.031831097 0.005261330 0.999982238 0.002806406 -0.114082724 0.000321376 -0.002808135 0.999996066 7.898180962
0.999989271 -0.004612008 -0.000448560 -0.037650928 0.004613536 0.999983311 0.003469313 -0.137427598 0.000432552 -0.003471345 0.999993861 9.238891602
0.999993622 -0.003508677 -0.000608888 -0.048592389 0.003509636 0.999992490 0.001580467 -0.154214025 0.000603338 -0.001582594 0.999998510 10.585478783
0.999998569 -0.001359611 -0.001009114 -0.049612418 0.001359395 0.999999046 -0.000214126 -0.181417689 0.001009404 0.000212754 0.999999464 11.927998543
0.999997199 0.002296547 -0.000475967 -0.068709426 -0.002297052 0.999996781 -0.001062221 -0.203889713 0.000473526 0.001063311 0.999999285 13.269422531
0.999989688 0.004525512 -0.000447745 -0.087769687 -0.004526087 0.999988914 -0.001293153 -0.224275053 0.000441888 0.001295166 0.999999046 14.601172447
0.999983311 0.005774136 -0.000506372 -0.093197316 -0.005774389 0.999983191 -0.000500450 -0.243480712 0.000503474 0.000503366 0.999999762 15.954797745
0.999994278 0.003366906 0.000149147 -0.100786358 -0.003367262 0.999991298 0.002452844 -0.270289332 -0.000140887 -0.002453332 0.999996960 17.315649033
0.999999642 -0.000848213 0.000197468 -0.102500468 0.000847336 0.999989986 0.004395179 -0.290380925 -0.000201194 -0.004395009 0.999990344 18.669143677
0.999995530 -0.002976147 0.000081182 -0.111397065 0.002975986 0.999993682 0.001916851 -0.303664178 -0.000086886 -0.001916601 0.999998093 20.011648178
0.999988079 -0.004876785 -0.000123406 -0.103861801 0.004876841 0.999988019 0.000463672 -0.334834635 0.000121143 -0.000464269 0.999999881 21.385341644
0.999997377 -0.002025178 0.001061690 -0.126685828 0.002026379 0.999997318 -0.001131256 -0.351440042 -0.001059396 0.001133404 0.999998748 22.732206345
0.999998271 0.000809665 0.001674320 -0.132375419 -0.000810145 0.999999583 0.000285332 -0.361073047 -0.001674088 -0.000286688 0.999998569 24.113166809
0.999997973 0.000907581 0.001788215 -0.129294306 -0.000915338 0.999990165 0.004341881 -0.394142300 -0.001784257 -0.004343510 0.999988973 25.474880219
0.999994934 -0.000902611 0.003050111 -0.145409271 0.000884357 0.999981761 0.005980931 -0.398727924 -0.003055454 -0.005978204 0.999977469 26.842399597
0.999981225 -0.005833257 0.001866836 -0.121848106 0.005825144 0.999973714 0.004321808 -0.420828730 -0.001891997 -0.004310853 0.999988914 28.240610123
0.999982476 -0.005598118 0.001931761 -0.124730438 0.005594025 0.999982178 0.002117082 -0.434594154 -0.001943578 -0.002106238 0.999995947 29.616014481
0.999977291 -0.006215101 0.002578495 -0.124013998 0.006216980 0.999980330 -0.000721296 -0.453245550 -0.002573962 0.000737310 0.999996364 30.992778778
0.999989867 -0.003048144 0.003285156 -0.134945914 0.003052210 0.999994576 -0.001233561 -0.479133397 -0.003281378 0.001243575 0.999993801 32.374454498
0.999990940 -0.002328574 0.003560128 -0.139381781 0.002340604 0.999991655 -0.003378716 -0.504465342 -0.003552230 0.003387018 0.999987900 33.748836517
0.999992907 -0.001726632 0.003356449 -0.133828595 0.001735688 0.999994874 -0.002697105 -0.528599024 -0.003351775 0.002702912 0.999990702 35.144882202
0.999993026 -0.000813692 0.003643886 -0.150919259 0.000820347 0.999997973 -0.001825271 -0.550492465 -0.003642394 0.001828247 0.999991715 36.529125214
0.999994159 0.000556430 0.003361068 -0.159305796 -0.000555978 0.999999821 -0.000135431 -0.574670076 -0.003361142 0.000133562 0.999994397 37.923255920
0.999989390 0.003225792 0.003279967 -0.158646122 -0.003226774 0.999994755 0.000294273 -0.602970958 -0.003279001 -0.000304854 0.999994576 39.339153290
0.999976277 0.005711841 0.003860221 -0.173915356 -0.005711216 0.999983668 -0.000173091 -0.623402476 -0.003861147 0.000151040 0.999992490 40.723793030
0.999963999 0.007692984 0.003558588 -0.171185970 -0.007693348 0.999970317 0.000088431 -0.642492294 -0.003557802 -0.000115806 0.999993682 42.148777008
0.999956906 0.008722978 0.003164400 -0.176063508 -0.008722760 0.999961913 -0.000082484 -0.662399888 -0.003165000 0.000054879 0.999994993 43.552902222
0.999966323 0.007681198 0.002865428 -0.179183617 -0.007681021 0.999970615 -0.000073147 -0.690015197 -0.002865905 0.000051135 0.999995887 44.967391968
0.999974310 0.006848921 0.002124128 -0.179087102 -0.006848300 0.999976516 -0.000300189 -0.712576210 -0.002126134 0.000285634 0.999997735 46.360103607
0.999982655 0.005806039 0.001017228 -0.181673855 -0.005805963 0.999983072 -0.000076998 -0.738190711 -0.001017658 0.000071091 0.999999404 47.782325745
0.999980628 0.006240276 -0.000061736 -0.183762640 -0.006240217 0.999980152 0.000892115 -0.755799532 0.000067302 -0.000891712 0.999999583 49.214504242
0.999979138 0.006365149 -0.001053658 -0.196022794 -0.006364328 0.999979436 0.000780084 -0.783064961 0.001058602 -0.000773362 0.999999166 50.624591827
0.999973893 0.006909590 -0.002145501 -0.210121900 -0.006906765 0.999975264 0.001320879 -0.803397298 0.002154575 -0.001306026 0.999996901 52.040527344
0.999971509 0.006746843 -0.003391713 -0.218530878 -0.006739475 0.999974906 0.002178670 -0.826573193 0.003406327 -0.002155750 0.999991894 53.472713470
0.999977767 0.005414278 -0.003904119 -0.232171312 -0.005402540 0.999980867 0.003010676 -0.844564140 0.003920344 -0.002989517 0.999987900 54.909313202
0.999983072 0.003273924 -0.004818856 -0.239652127 -0.003257385 0.999988794 0.003435751 -0.868986070 0.004830049 -0.003419996 0.999982476 56.332962036
0.999987125 0.000800043 -0.005008425 -0.256078929 -0.000786725 0.999996126 0.002660491 -0.890024841 0.005010534 -0.002656517 0.999983847 57.744865417
0.999986172 -0.000209891 -0.005264863 -0.267646223 0.000227268 0.999994516 0.003300325 -0.912174642 0.005264140 -0.003301475 0.999980628 59.169040680
0.999988139 -0.001474427 -0.004644558 -0.279657722 0.001490783 0.999992669 0.003519845 -0.929715037 0.004639333 -0.003526727 0.999983013 60.592140198
0.999987245 -0.002886692 -0.004140807 -0.288859695 0.002905028 0.999985933 0.004428911 -0.949175358 0.004127963 -0.004440883 0.999981642 62.022228241
0.999985158 -0.004192223 -0.003471484 -0.306199193 0.004206768 0.999982476 0.004193162 -0.978313804 0.003453844 -0.004207704 0.999985099 63.420009613
0.999982119 -0.005317847 -0.002719866 -0.322049975 0.005326321 0.999980986 0.003118176 -0.992398262 0.002703232 -0.003132607 0.999991357 64.831146240
0.999981582 -0.005531507 -0.002501024 -0.320912093 0.005539278 0.999979794 0.003111522 -1.022984743 0.002483761 -0.003125319 0.999991953 66.235214233
0.999987364 -0.004787804 -0.001559709 -0.329732209 0.004792740 0.999983490 0.003176555 -1.042483807 0.001544474 -0.003183990 0.999993682 67.650794983
0.999998748 -0.001146577 -0.001104414 -0.349047363 0.001151120 0.999990761 0.004121265 -1.061362982 0.001099678 -0.004122531 0.999990821 69.013854980
0.999998450 0.001762278 -0.000253232 -0.364730686 -0.001760909 0.999984324 0.005305944 -1.078889966 0.000262578 -0.005305490 0.999985874 70.416999817
0.999983251 0.005761604 0.000554940 -0.376868188 -0.005764913 0.999964416 0.006157023 -1.102831483 -0.000519446 -0.006160120 0.999980867 71.810676575
0.999949157 0.009981596 0.001436141 -0.395976067 -0.009989880 0.999932826 0.005881230 -1.121374249 -0.001377340 -0.005895279 0.999981642 73.204124451
0.999910116 0.013291757 0.001772883 -0.405263484 -0.013300736 0.999898255 0.005153832 -1.141874671 -0.001704199 -0.005176949 0.999985099 74.607910156
0.999884009 0.015003158 0.002624226 -0.416295648 -0.015016563 0.999873877 0.005165643 -1.163449287 -0.002546394 -0.005204450 0.999983191 75.989707947
0.999884546 0.014941020 0.002767503 -0.419110298 -0.014955539 0.999874115 0.005302592 -1.175771475 -0.002687928 -0.005343369 0.999982119 77.392623901
0.999892533 0.014342535 0.003036343 -0.425943255 -0.014357588 0.999884427 0.004995157 -1.198480368 -0.002964349 -0.005038216 0.999982893 78.772300720
0.999912918 0.012869030 0.002914980 -0.430330694 -0.012881191 0.999908388 0.004193140 -1.217297435 -0.002860751 -0.004230323 0.999986947 80.156791687
0.999922633 0.012186776 0.002473751 -0.433031738 -0.012197211 0.999916553 0.004248110 -1.236177564 -0.002421774 -0.004277954 0.999987841 81.533294678
0.999925196 0.012011010 0.002254597 -0.437196463 -0.012020657 0.999918461 0.004315306 -1.254605770 -0.002202581 -0.004342085 0.999988079 82.906898499
0.999935389 0.011305312 0.001272270 -0.429693341 -0.011309988 0.999929070 0.003731293 -1.270210981 -0.001229997 -0.003745441 0.999992251 84.283485413
0.999933302 0.011525763 0.000765498 -0.446442842 -0.011528827 0.999925017 0.004124690 -1.287034750 -0.000717900 -0.004133240 0.999991179 85.643074036
0.999937594 0.011167269 -0.000219388 -0.447590053 -0.011166017 0.999924779 0.005063447 -1.313134670 0.000275917 -0.005060681 0.999987185 87.003379822
0.999959052 0.008990197 -0.001026594 -0.465199351 -0.008983806 0.999941230 0.006069466 -1.327887774 0.001081100 -0.006059995 0.999981105 88.424758911
0.999972403 0.006993440 -0.002543192 -0.461761355 -0.006976557 0.999953926 0.006588853 -1.355123281 0.002589154 -0.006570928 0.999975085 89.750160217
0.999984086 0.004419827 -0.003492602 -0.469864607 -0.004396663 0.999968529 0.006612538 -1.371794105 0.003521718 -0.006597077 0.999972105 91.111640930
0.999986172 0.003139062 -0.004204328 -0.471446604 -0.003113022 0.999976158 0.006185825 -1.395458341 0.004223645 -0.006172652 0.999972045 92.471244812
0.999988258 0.002138520 -0.004340123 -0.486341894 -0.002112681 0.999980152 0.005949379 -1.412780285 0.004352760 -0.005940140 0.999972939 93.813842773
0.999986947 0.002573467 -0.004411004 -0.502004981 -0.002550691 0.999983370 0.005161157 -1.427927375 0.004424212 -0.005149839 0.999976873 95.175498962
0.999988735 0.002255176 -0.004183445 -0.523411214 -0.002235913 0.999986947 0.004603479 -1.444609165 0.004193771 -0.004594074 0.999980569 96.528488159
0.999986053 0.003322831 -0.004106362 -0.534117103 -0.003307224 0.999987304 0.003801671 -1.463752866 0.004118943 -0.003788037 0.999984324 97.855331421
0.999981284 0.004785241 -0.003798611 -0.557188630 -0.004770635 0.999981225 0.003844786 -1.478227615 0.003816939 -0.003826592 0.999985337 99.198348999
0.999981165 0.005084103 -0.003419485 -0.561788440 -0.005065515 0.999972463 0.005422417 -1.501006365 0.003446959 -0.005404994 0.999979436 100.521270752
0.999975026 0.006153163 -0.003476673 -0.581581950 -0.006129751 0.999958754 0.006704974 -1.515480280 0.003517786 -0.006683495 0.999971509 101.851387024
0.999978721 0.005727650 -0.003115544 -0.585512996 -0.005711616 0.999970496 0.005131277 -1.539476633 0.003144842 -0.005113374 0.999981940 103.218002319
0.999981165 0.005465242 -0.002785582 -0.605457067 -0.005457436 0.999981046 0.002801727 -1.555180669 0.002800841 -0.002786471 0.999992192 104.533378601
0.999982297 0.005005018 -0.003213675 -0.608828306 -0.004999680 0.999986112 0.001667253 -1.580375910 0.003221975 -0.001651156 0.999993384 105.866882324
0.999991119 0.002639144 -0.003263931 -0.617526531 -0.002629698 0.999992430 0.002894941 -1.597940207 0.003271546 -0.002886332 0.999990463 107.198516846
0.999996305 0.000988883 -0.002580321 -0.630452394 -0.000977050 0.999988973 0.004583102 -1.611096859 0.002584826 -0.004580562 0.999986172 108.527061462
0.999997795 -0.000829782 -0.001907839 -0.636324823 0.000839628 0.999986291 0.005165829 -1.631998062 0.001903526 -0.005167420 0.999984801 109.865631104
0.999998987 -0.001238181 -0.000736099 -0.653930664 0.001240915 0.999992251 0.003725805 -1.647769928 0.000731480 -0.003726715 0.999992788 111.194770813
0.999999762 0.000692240 -0.000199236 -0.661964655 -0.000691946 0.999998689 0.001471028 -1.666453600 0.000200254 -0.001470890 0.999998927 112.522895813
0.999994457 0.003123429 0.001118839 -0.670647085 -0.003122456 0.999994755 -0.000870711 -1.687052488 -0.001121553 0.000867213 0.999998987 113.833633423
0.999979556 0.005951298 0.002353525 -0.677561879 -0.005949979 0.999982238 -0.000567273 -1.710625768 -0.002356859 0.000553258 0.999997020 115.154136658
0.999965608 0.007335673 0.003864953 -0.682861924 -0.007340282 0.999972463 0.001180377 -1.732709527 -0.003856187 -0.001208707 0.999991834 116.492729187
0.999962032 0.007346030 0.004678602 -0.679475963 -0.007361973 0.999967158 0.003399862 -1.750894070 -0.004653473 -0.003434177 0.999983251 117.820175171
0.999959588 0.006873003 0.005790467 -0.686999440 -0.006896139 0.999968290 0.003985197 -1.773140192 -0.005762893 -0.004024968 0.999975324 119.146125793
0.999951541 0.007364188 0.006528722 -0.676971853 -0.007384873 0.999967754 0.003149928 -1.788357973 -0.006505315 -0.003197990 0.999973714 120.496810913
0.999925792 0.009166869 0.008014807 -0.682347238 -0.009190501 0.999953449 0.002916635 -1.809919238 -0.007987697 -0.002990079 0.999963641 121.812812805
0.999898851 0.010868426 0.009171704 -0.674308300 -0.010894979 0.999936640 0.002850142 -1.829454184 -0.009140146 -0.002949780 0.999953926 123.150947571
0.999876201 0.011890600 0.010303069 -0.676809311 -0.011907455 0.999927878 0.001576227 -1.848957658 -0.010283583 -0.001698715 0.999945700 124.474617004
0.999845266 0.013244589 0.011572609 -0.675184488 -0.013252197 0.999912024 0.000580866 -1.865251422 -0.011563898 -0.000734139 0.999932945 125.822761536
0.999854863 0.011824518 0.012262451 -0.663726330 -0.011833487 0.999929786 0.000659236 -1.888578773 -0.012253796 -0.000804248 0.999924600 127.160980225
0.999845564 0.011551348 0.013241771 -0.655988216 -0.011576613 0.999931335 0.001832904 -1.909053564 -0.013219688 -0.001985916 0.999910712 128.500106812
0.999853730 0.009936245 0.013920794 -0.646210790 -0.009972071 0.999947131 0.002506508 -1.927734375 -0.013895151 -0.002644961 0.999899983 129.854507446
0.999854922 0.009069979 0.014421842 -0.630766869 -0.009110820 0.999954641 0.002768672 -1.942947507 -0.014396077 -0.002899665 0.999892175 131.201278687
0.999874890 0.006834694 0.014269065 -0.610513568 -0.006878900 0.999971747 0.003051304 -1.963552475 -0.014247806 -0.003149077 0.999893606 132.541992188
0.999877751 0.005958490 0.014452501 -0.619089007 -0.006010329 0.999975622 0.003546103 -1.984286547 -0.014431019 -0.003632533 0.999889255 133.866577148
0.999888480 0.004284223 0.014309701 -0.608140469 -0.004334081 0.999984622 0.003454980 -2.003266096 -0.014294678 -0.003516614 0.999891639 135.208755493
0.999916852 0.002983751 0.012547602 -0.598426938 -0.003020293 0.999991238 0.002894387 -2.017193079 -0.012538856 -0.002932044 0.999917090 136.545578003
0.999934793 0.001585236 0.011307403 -0.579255939 -0.001629117 0.999991179 0.003872587 -2.038016319 -0.011301164 -0.003890755 0.999928653 137.871871948
0.999946475 -0.000122764 0.010337070 -0.579891443 0.000078239 0.999990642 0.004307596 -2.064793825 -0.010337501 -0.004306557 0.999937296 139.229614258
0.999957442 -0.000429133 0.009205241 -0.577407598 0.000392980 0.999992132 0.003928840 -2.076853037 -0.009206854 -0.003925056 0.999949932 140.556777954
0.999969065 -0.000941100 0.007801362 -0.566098928 0.000912666 0.999992907 0.003647514 -2.101432562 -0.007804741 -0.003640282 0.999962926 141.905334473
0.999975920 -0.000839897 0.006883287 -0.568310618 0.000819596 0.999995351 0.002951751 -2.116076231 -0.006885733 -0.002946038 0.999971986 143.241226196
0.999977350 -0.003302729 0.005858657 -0.558774531 0.003297986 0.999994218 0.000818861 -2.141374588 -0.005861328 -0.000799520 0.999982476 144.573516846
0.999947309 -0.008814617 0.005256018 -0.555577397 0.008812333 0.999961078 0.000457840 -2.161887407 -0.005259850 -0.000411498 0.999986053 145.921386719
0.999865234 -0.015889321 0.004130407 -0.549367309 0.015877636 0.999869883 0.002846321 -2.186344624 -0.004175095 -0.002780356 0.999987423 147.258316040
0.999736965 -0.022798322 0.002496481 -0.538937449 0.022788173 0.999732256 0.004020733 -2.200776577 -0.002587478 -0.003962785 0.999988794 148.592651367
0.999652863 -0.026325248 0.001100395 -0.524751067 0.026324429 0.999653161 0.000753246 -2.221917391 -0.001119843 -0.000724018 0.999999106 149.939468384
0.999670267 -0.025613381 0.001829740 -0.533355713 0.025617614 0.999669075 -0.002331846 -2.246606588 -0.001769408 0.002377951 0.999995589 151.270996094
0.999755025 -0.021959610 0.002787903 -0.543810725 0.021970760 0.999750495 -0.004035689 -2.276768208 -0.002698585 0.004095952 0.999987960 152.598861694
0.999747694 -0.022186926 0.003498263 -0.544131279 0.022202076 0.999743998 -0.004353365 -2.300707579 -0.003400780 0.004429937 0.999984384 153.953384399
0.999669254 -0.025372764 0.004194509 -0.549667537 0.025376195 0.999677718 -0.000766597 -2.329720736 -0.004173707 0.000872784 0.999990880 155.284622192
0.999515533 -0.030788045 0.004556154 -0.533567607 0.030779501 0.999524474 0.001932649 -2.352430105 -0.004613488 -0.001791477 0.999987781 156.642944336
0.999383211 -0.034853447 0.004289231 -0.524374604 0.034838963 0.999387145 0.003408059 -2.371701241 -0.004405385 -0.003256525 0.999985039 157.977157593
0.999332368 -0.036224481 0.004738727 -0.525171280 0.036209535 0.999339104 0.003202221 -2.392796993 -0.004851592 -0.003028496 0.999983668 159.323852539
0.999383509 -0.034678485 0.005467484 -0.522994339 0.034656361 0.999390900 0.004090748 -2.412029266 -0.005606014 -0.003898743 0.999976695 160.665008545
0.999523163 -0.030229893 0.006283845 -0.509293437 0.030211927 0.999539196 0.002934594 -2.429059029 -0.006369661 -0.002743347 0.999975979 162.042495728
0.999605894 -0.026939830 0.007889690 -0.535953283 0.026932057 0.999636650 0.001090297 -2.455041885 -0.007916195 -0.000877382 0.999968290 163.342926025
0.999670744 -0.024188844 0.008556946 -0.528548360 0.024186226 0.999707401 0.000409135 -2.473666430 -0.008564338 -0.000202040 0.999963284 164.698013306
0.999720752 -0.021789303 0.009140090 -0.534832954 0.021775765 0.999761581 0.001578035 -2.496882439 -0.009172296 -0.001378562 0.999956906 166.040359497
0.999761343 -0.020232407 0.008241363 -0.515231013 0.020223157 0.999794781 0.001204178 -2.522485018 -0.008264035 -0.001037224 0.999965310 167.409454346
0.999803603 -0.017972717 0.008361605 -0.518481970 0.017983759 0.999837518 -0.001247438 -2.540477991 -0.008337826 0.001397566 0.999964237 168.763656616
0.999870062 -0.014107220 0.007805653 -0.516235113 0.014139791 0.999891460 -0.004133403 -2.560951710 -0.007746494 0.004243236 0.999960959 170.109375000
0.999930441 -0.008772789 0.007882068 -0.523293972 0.008814573 0.999947190 -0.005282205 -2.593438625 -0.007835313 0.005351314 0.999954998 171.481155396
0.999956369 -0.004411297 0.008231338 -0.528688788 0.004445343 0.999981642 -0.004122504 -2.619138479 -0.008212999 0.004158917 0.999957621 172.847885132
0.999960721 -0.001333276 0.008760815 -0.530275941 0.001353548 0.999996424 -0.002308402 -2.644055367 -0.008757707 0.002320169 0.999958932 174.212966919
0.999961197 -0.000271831 0.008797582 -0.528341889 0.000274340 0.999999881 -0.000284048 -2.665452480 -0.008797504 0.000286450 0.999961257 175.591186523
0.999959946 -0.004028897 0.007988947 -0.524540424 0.004021364 0.999991417 0.000958765 -2.689967632 -0.007992743 -0.000926601 0.999967635 176.962417603
0.999965966 -0.005704342 0.005951590 -0.511347294 0.005700281 0.999983549 0.000699086 -2.703743935 -0.005955480 -0.000665137 0.999982059 178.355789185
0.999969184 -0.006552555 0.004326819 -0.516131282 0.006566130 0.999973536 -0.003130883 -2.737513065 -0.004306190 0.003159197 0.999985695 179.729110718
0.999984801 -0.004946231 0.002441030 -0.510852873 0.004964289 0.999959946 -0.007448282 -2.761883020 -0.002404091 0.007460287 0.999969244 181.124877930
0.999997795 0.000080590 0.002096474 -0.530822456 -0.000063844 0.999968112 -0.007986316 -2.797269344 -0.002097051 0.007986163 0.999965906 182.523452759
0.999991894 0.003438072 0.002090972 -0.541732311 -0.003423415 0.999969840 -0.006973320 -2.829717159 -0.002114884 0.006966105 0.999973476 183.917495728
0.999982178 0.005443057 0.002430688 -0.554774463 -0.005434653 0.999979258 -0.003450407 -2.860896349 -0.002449418 0.003437136 0.999991059 185.308181763
0.999977112 0.006168490 0.002779512 -0.558400810 -0.006164923 0.999980092 -0.001289818 -2.887885571 -0.002787414 0.001272653 0.999995232 186.698699951
0.999981463 0.005423330 0.002738228 -0.558717728 -0.005421862 0.999985158 -0.000543611 -2.906733990 -0.002741135 0.000528755 0.999996126 188.115554810
0.999989986 0.003606061 0.002621480 -0.562506497 -0.003605900 0.999993443 -0.000066567 -2.926490068 -0.002621704 0.000057113 0.999996662 189.535308838
0.999995232 0.001244971 0.002807113 -0.563189387 -0.001246730 0.999998987 0.000625157 -2.955459118 -0.002806332 -0.000628653 0.999995887 190.961837769
0.999993920 -0.001460967 0.003174890 -0.569681406 0.001458974 0.999998748 0.000629794 -2.977056503 -0.003175806 -0.000625158 0.999994814 192.390533447
0.999982417 -0.004937618 0.003276701 -0.558699369 0.004931720 0.999986231 0.001805677 -3.000299931 -0.003285572 -0.001789486 0.999993026 193.803421021
0.999948919 -0.009372529 0.003770364 -0.559794545 0.009360495 0.999951065 0.003197056 -3.017366409 -0.003800144 -0.003161601 0.999987781 195.230453491
0.999920189 -0.011922244 0.004207059 -0.555116951 0.011908601 0.999923825 0.003253712 -3.041140795 -0.004245531 -0.003203352 0.999985814 196.653137207
0.999942064 -0.009591396 0.004883565 -0.564382732 0.009597585 0.999953151 -0.001245235 -3.059403419 -0.004871392 0.001292033 0.999987304 198.081344604
0.999983191 -0.002743971 0.005111931 -0.572488308 0.002775502 0.999977112 -0.006171249 -3.085306168 -0.005094881 0.006185334 0.999967873 199.508514404
0.999958336 0.006435727 0.006475939 -0.585473657 -0.006395808 0.999960482 -0.006166306 -3.117455959 -0.006515368 0.006124629 0.999960005 200.956420898
0.999867916 0.014393945 0.007563477 -0.603877544 -0.014375022 0.999893427 -0.002550512 -3.143329620 -0.007599383 0.002441450 0.999968171 202.387695312
0.999856055 0.014766999 0.008353175 -0.598947287 -0.014766341 0.999890983 -0.000140428 -3.175319433 -0.008354336 0.000017062 0.999965131 203.829299927
0.999884188 0.013101398 0.007746373 -0.591028929 -0.013101485 0.999914169 -0.000039544 -3.189978123 -0.007746227 -0.000061950 0.999970019 205.274993896
0.999931872 0.009558614 0.006698070 -0.586686611 -0.009560186 0.999954343 0.000202700 -3.219274759 -0.006695827 -0.000266721 0.999977589 206.713821411
0.999949753 0.007962644 0.006079034 -0.594118357 -0.007960014 0.999968231 -0.000456447 -3.239316940 -0.006082476 0.000408035 0.999981344 208.145904541
0.999951839 0.008197918 0.005402601 -0.588486671 -0.008194545 0.999966264 -0.000645972 -3.264470339 -0.005407715 0.000601669 0.999985218 209.617141724
0.999944866 0.009229065 0.005007961 -0.585856438 -0.009226367 0.999957263 -0.000561419 -3.290732622 -0.005012929 0.000515183 0.999987245 211.073715210
0.999938846 0.009897889 0.004922716 -0.588191271 -0.009899762 0.999950945 0.000356640 -3.319383860 -0.004918945 -0.000405352 0.999987781 212.542114258
0.999940991 0.009787246 0.004716830 -0.591827631 -0.009787045 0.999952197 -0.000065446 -3.342085838 -0.004717244 0.000019278 0.999988914 214.009948730
0.999945343 0.009487338 0.004383770 -0.592892706 -0.009481604 0.999954283 -0.001326972 -3.367114067 -0.004396159 0.001285334 0.999989510 215.465438843
0.999950945 0.008976740 0.004181084 -0.594872355 -0.008970437 0.999958694 -0.001523818 -3.390458107 -0.004194590 0.001486237 0.999990106 216.925460815
0.999956012 0.008629486 0.003657405 -0.595812678 -0.008624127 0.999961674 -0.001478993 -3.421712875 -0.003670028 0.001447386 0.999992192 218.397949219
0.999953747 0.008921847 0.003588873 -0.604628921 -0.008915678 0.999958754 -0.001731238 -3.446652174 -0.003604172 0.001699162 0.999992073 219.875961304
0.999953628 0.009144898 0.003025280 -0.603459477 -0.009138872 0.999956310 -0.001999737 -3.471955776 -0.003043434 0.001971996 0.999993503 221.366882324
0.999947488 0.009808378 0.002952966 -0.616903901 -0.009802434 0.999949932 -0.002021149 -3.505454302 -0.002972642 0.001992096 0.999993622 222.814270020
0.999946177 0.009945499 0.002949145 -0.625240624 -0.009938662 0.999948025 -0.002323731 -3.528286934 -0.002972102 0.002294295 0.999993026 224.294418335
0.999943912 0.010298883 0.002477473 -0.631028295 -0.010293658 0.999944806 -0.002113437 -3.559740305 -0.002499101 0.002087816 0.999994636 225.786132812
0.999950767 0.009592404 0.002542130 -0.637455821 -0.009586293 0.999951243 -0.002405358 -3.580262661 -0.002565078 0.002380870 0.999993861 227.284469604
0.999964297 0.008039039 0.002573421 -0.644061625 -0.008033155 0.999965131 -0.002289065 -3.620056391 -0.002591733 0.002268311 0.999994040 228.775161743
0.999973059 0.006749894 0.002875909 -0.652631640 -0.006744893 0.999975801 -0.001744984 -3.651704788 -0.002887618 0.001725539 0.999994338 230.272125244
0.999981105 0.005372473 0.002983819 -0.654620051 -0.005369098 0.999984920 -0.001138184 -3.675412416 -0.002989888 0.001122142 0.999994874 231.773559570
0.999980032 0.005542795 0.003036394 -0.658114672 -0.005540465 0.999984384 -0.000775506 -3.701736450 -0.003040644 0.000758668 0.999995053 233.276535034
0.999980450 0.005502715 0.002961670 -0.665692270 -0.005499546 0.999984324 -0.001077090 -3.736715317 -0.002967550 0.001060782 0.999994993 234.787963867
0.999975801 0.006190502 0.003203058 -0.666523993 -0.006185616 0.999979675 -0.001532948 -3.765742064 -0.003212483 0.001513098 0.999993682 236.293655396
0.999964774 0.007556811 0.003662910 -0.671838522 -0.007553292 0.999970973 -0.000973456 -3.790950060 -0.003670159 0.000945754 0.999992847 237.795974731
0.999957085 0.008018696 0.004634662 -0.683704972 -0.008023827 0.999967217 0.001089662 -3.816210508 -0.004625772 -0.001126803 0.999988616 239.316787720
0.999956012 0.007768390 0.005260230 -0.685154557 -0.007776866 0.999968469 0.001592462 -3.840664148 -0.005247692 -0.001633300 0.999984920 240.824035645
0.999946713 0.008431829 0.005954402 -0.685522318 -0.008432018 0.999964476 0.000006283 -3.865024090 -0.005954135 -0.000056491 0.999982238 242.327041626
0.999941409 0.008608050 0.006575106 -0.679725409 -0.008597645 0.999961734 -0.001609049 -3.885937214 -0.006588705 0.001552424 0.999977052 243.842147827
0.999941230 0.008615950 0.006574041 -0.679596424 -0.008612157 0.999962747 -0.000605496 -3.919491768 -0.006579011 0.000548843 0.999978185 245.367462158
0.999946713 0.008305831 0.006132025 -0.667824149 -0.008308813 0.999965370 0.000460976 -3.945995331 -0.006127984 -0.000511901 0.999981105 246.897201538
0.999939680 0.009032592 0.006255280 -0.675065994 -0.009036765 0.999958992 0.000638949 -3.968386412 -0.006249252 -0.000695438 0.999980271 248.428939819
0.999942482 0.008885218 0.006010836 -0.675593615 -0.008892258 0.999959826 0.001145759 -4.002836227 -0.006000415 -0.001199143 0.999981284 249.952285767
0.999928117 0.010167718 0.006350062 -0.676190853 -0.010177064 0.999947131 0.001441261 -4.025844574 -0.006335072 -0.001505783 0.999978781 251.490631104
0.999908805 0.011798116 0.006572099 -0.681591868 -0.011808042 0.999929130 0.001473393 -4.052267075 -0.006554251 -0.001550862 0.999977231 253.008514404
0.999899864 0.012206418 0.007167466 -0.688210964 -0.012218106 0.999924064 0.001588772 -4.072200775 -0.007147529 -0.001676186 0.999973059 254.540863037
0.999919176 0.010809825 0.006688927 -0.681314945 -0.010823169 0.999939501 0.001961926 -4.100152969 -0.006667315 -0.002034163 0.999975622 256.088897705
0.999936461 0.009095568 0.006663868 -0.676153660 -0.009114882 0.999954283 0.002873682 -4.123753548 -0.006637425 -0.002934240 0.999973655 257.615631104
0.999954283 0.006948557 0.006559964 -0.674145341 -0.006968526 0.999971092 0.003026440 -4.135151386 -0.006538745 -0.003072015 0.999973834 259.143951416
0.999963224 0.005371654 0.006686881 -0.676789522 -0.005388065 0.999982536 0.002438710 -4.158166885 -0.006673664 -0.002474650 0.999974608 260.702789307
0.999970436 0.004202183 0.006438441 -0.675701022 -0.004209356 0.999990523 0.001100892 -4.175040722 -0.006433754 -0.001127961 0.999978662 262.253173828
0.999974370 0.002209033 0.006809368 -0.666836023 -0.002231573 0.999992192 0.003304354 -4.205059528 -0.006802015 -0.003319466 0.999971271 263.788665771
0.999970973 0.000115049 0.007614355 -0.666553497 -0.000154465 0.999986649 0.005176154 -4.226085186 -0.007613657 -0.005177181 0.999957502 265.334197998
0.999975681 -0.001006371 0.006901240 -0.649835706 0.000977316 0.999990642 0.004212197 -4.242059231 -0.006905415 -0.004205350 0.999967337 266.906524658
0.999970734 -0.001391137 0.007522626 -0.642777443 0.001368823 0.999994695 0.002970537 -4.256964684 -0.007526718 -0.002960152 0.999967337 268.458160400
0.999966860 -0.000953750 0.008087332 -0.635841131 0.000929674 0.999995112 0.002980276 -4.282669544 -0.008090136 -0.002972659 0.999962866 270.000213623
0.999959111 0.000384993 0.009029618 -0.635056496 -0.000415281 0.999994278 0.003352646 -4.309420586 -0.009028276 -0.003356259 0.999953628 271.531127930
0.999945402 0.002344291 0.010185279 -0.635640383 -0.002370495 0.999993920 0.002561426 -4.324710846 -0.010179211 -0.002585431 0.999944866 273.071990967
0.999934316 0.003384078 0.010954058 -0.622419357 -0.003411102 0.999991238 0.002449265 -4.348730087 -0.010945672 -0.002486469 0.999936998 274.633697510
0.999920249 0.004554410 0.011779527 -0.607775688 -0.004577135 0.999987721 0.001902946 -4.370312214 -0.011770716 -0.001956710 0.999928772 276.171691895
0.999910355 0.004980558 0.012426044 -0.601574898 -0.004993609 0.999987006 0.001019502 -4.392048359 -0.012420806 -0.001081461 0.999922276 277.729614258
0.999901235 0.003764437 0.013540439 -0.591318846 -0.003777025 0.999992490 0.000904189 -4.418774128 -0.013536934 -0.000955242 0.999907970 279.283630371
0.999895036 0.003776157 0.013987789 -0.560534239 -0.003793044 0.999992251 0.001180929 -4.447218895 -0.013983218 -0.001233861 0.999901414 280.841674805
0.999890387 0.002681482 0.014562281 -0.543594360 -0.002711174 0.999994278 0.002019568 -4.467231750 -0.014556784 -0.002058827 0.999891937 282.410186768
0.999891341 0.001538616 0.014659496 -0.526532650 -0.001572232 0.999996185 0.002281883 -4.491059780 -0.014655929 -0.002304683 0.999889970 283.972412109
0.999894261 0.001348063 0.014473853 -0.503504276 -0.001345721 0.999999046 -0.000171570 -4.517055035 -0.014474069 0.000152074 0.999895155 285.537353516
0.999900520 -0.000165241 0.014097738 -0.482400894 0.000200062 0.999996960 -0.002468620 -4.541971684 -0.014097285 0.002471195 0.999897540 287.100463867
0.999910295 -0.000083135 0.013388481 -0.465474129 0.000115796 0.999997020 -0.002438733 -4.572607040 -0.013388240 0.002440066 0.999907374 288.689941406
0.999921739 -0.001529745 0.012417725 -0.452867508 0.001560234 0.999995708 -0.002445936 -4.596368313 -0.012413931 0.002465118 0.999919891 290.245941162
0.999933243 -0.001525895 0.011455610 -0.453127384 0.001563707 0.999993324 -0.003292540 -4.620160580 -0.011450510 0.003310233 0.999929011 291.783813477
0.999942422 -0.001246994 0.010660492 -0.427908421 0.001285669 0.999992549 -0.003621881 -4.652891636 -0.010655894 0.003635379 0.999936581 293.392974854
0.999952734 -0.001514424 0.009606864 -0.409045458 0.001543738 0.999994159 -0.003044717 -4.682915688 -0.009602197 0.003059404 0.999949217 294.977844238
0.999961615 -0.002117329 0.008501754 -0.398761272 0.002142619 0.999993324 -0.002966618 -4.713122368 -0.008495416 0.002984720 0.999959409 296.549377441
0.999969542 -0.002785916 0.007289651 -0.389309406 0.002796985 0.999994934 -0.001508686 -4.742981911 -0.007285410 0.001529029 0.999972284 298.114379883
0.999977708 -0.001160442 0.006564164 -0.388169169 0.001161863 0.999999285 -0.000212706 -4.767988682 -0.006563913 0.000220328 0.999978364 299.692810059
0.999974012 -0.001091308 0.007117928 -0.382619619 0.001092970 0.999999404 -0.000229603 -4.791225910 -0.007117672 0.000237377 0.999974608 301.270629883
0.999969363 -0.000948396 0.007772154 -0.376109362 0.000951033 0.999999464 -0.000335725 -4.818474293 -0.007771831 0.000343107 0.999969721 302.869812012
0.999963284 -0.002278281 0.008260000 -0.372583628 0.002284459 0.999997139 -0.000738628 -4.839005470 -0.008258294 0.000757470 0.999965608 304.457580566
0.999955893 -0.003966049 0.008513051 -0.363597155 0.003979628 0.999990940 -0.001578884 -4.868304729 -0.008506711 0.001612693 0.999962509 306.053619385
0.999945223 -0.005596639 0.008838996 -0.349773645 0.005628936 0.999977469 -0.003633188 -4.894887447 -0.008818465 0.003682743 0.999954343 307.653594971
0.999945700 -0.006086521 0.008457377 -0.340687037 0.006125891 0.999970496 -0.004637008 -4.925117016 -0.008428904 0.004688565 0.999953508 309.257629395
0.999967635 -0.005118148 0.006205253 -0.341032624 0.005153902 0.999970198 -0.005759550 -4.955368996 -0.006175591 0.005791345 0.999964178 310.860137939
0.999982297 -0.004250659 0.004191135 -0.339034915 0.004271596 0.999978483 -0.004999391 -4.987333298 -0.004169794 0.005017205 0.999978721 312.475311279
0.999987721 -0.003274336 0.003715462 -0.340753675 0.003281401 0.999992847 -0.001897002 -5.014716148 -0.003709225 0.001909171 0.999991298 314.103607178
0.999979079 -0.005032022 0.004062842 -0.334433675 0.005026482 0.999986410 0.001372486 -5.048741817 -0.004069694 -0.001352036 0.999990761 315.737518311
0.999974549 -0.006089693 0.003724141 -0.331059456 0.006081945 0.999979198 0.002088417 -5.070315361 -0.003736781 -0.002065714 0.999990940 317.359405518
0.999966860 -0.006939243 0.004263151 -0.333611369 0.006935070 0.999975383 0.000992805 -5.098541260 -0.004269936 -0.000963206 0.999990344 318.976287842
0.999951661 -0.008720645 0.004550699 -0.336798549 0.008714032 0.999960899 0.001470845 -5.124810696 -0.004563348 -0.001431119 0.999988496 320.588378906
0.999950230 -0.008489883 0.005263246 -0.350543737 0.008482092 0.999963045 0.001500698 -5.146140099 -0.005275792 -0.001455980 0.999985039 322.204437256
0.999947429 -0.008510262 0.005709391 -0.347217083 0.008502840 0.999962986 0.001323245 -5.170241833 -0.005720440 -0.001274629 0.999982834 323.827789307
0.999959350 -0.006891455 0.005808770 -0.342422724 0.006890798 0.999976218 0.000133280 -5.191905022 -0.005809551 -0.000093248 0.999983132 325.451538086
0.999955833 -0.006406907 0.006879583 -0.350196838 0.006406267 0.999979436 0.000115122 -5.231698036 -0.006880180 -0.000071044 0.999976337 327.068603516
0.999941945 -0.008021849 0.007201788 -0.339995146 0.008005879 0.999965489 0.002243523 -5.260191917 -0.007219537 -0.002185736 0.999971569 328.708953857
0.999930918 -0.009008017 0.007549317 -0.342509031 0.008986369 0.999955356 0.002897026 -5.282241821 -0.007575077 -0.002828985 0.999967337 330.314544678
0.999918997 -0.010361913 0.007386434 -0.331209898 0.010348468 0.999944746 0.001856215 -5.310175896 -0.007405259 -0.001779626 0.999971032 331.947753906
0.999934793 -0.008570787 0.007550163 -0.324195862 0.008559955 0.999962270 0.001465647 -5.328948021 -0.007562440 -0.001400923 0.999970436 333.565551758
0.999951422 -0.006985851 0.006965421 -0.322937727 0.006988721 0.999975443 -0.000387855 -5.357565880 -0.006962541 0.000436515 0.999975741 335.171081543
0.999964595 -0.005070024 0.006720029 -0.324155331 0.005092101 0.999981701 -0.003272296 -5.387102127 -0.006703314 0.003306400 0.999972045 336.776367188
0.999976039 -0.003742718 0.005823246 -0.322292924 0.003760035 0.999988496 -0.002965564 -5.413737297 -0.005812080 0.002987389 0.999978662 338.394165039
0.999985516 -0.002626389 0.004695461 -0.325485706 0.002624598 0.999996483 0.000387648 -5.442324162 -0.004696463 -0.000375318 0.999988914 339.971221924
0.999991536 -0.002200869 0.003483789 -0.323345542 0.002188524 0.999991298 0.003543349 -5.473626137 -0.003491557 -0.003535694 0.999987662 341.591705322
0.999996185 -0.001468334 0.002392673 -0.329611957 0.001463212 0.999996662 0.002140880 -5.495087624 -0.002395809 -0.002137370 0.999994874 343.193389893
0.999997675 -0.002123032 0.000407625 -0.333589256 0.002122917 0.999997795 0.000283847 -5.518070698 -0.000408227 -0.000282981 0.999999881 344.786712646
0.999991834 -0.003652821 -0.001715189 -0.328017622 0.003655561 0.999992013 0.001597131 -5.537723064 0.001709341 -0.001603388 0.999997199 346.404663086
0.999983609 -0.004929615 -0.002945007 -0.334144831 0.004936403 0.999985218 0.002301883 -5.566890240 0.002933617 -0.002316383 0.999993026 347.995849609
0.999981046 -0.005361257 -0.003026831 -0.353197992 0.005364681 0.999984980 0.001123957 -5.581381798 0.003020760 -0.001140174 0.999994755 349.606231689
0.999972641 -0.006412593 -0.003691395 -0.358302772 0.006413105 0.999979436 0.000126990 -5.605906487 0.003690504 -0.000150660 0.999993145 351.201965332
0.999973238 -0.006340350 -0.003650487 -0.370566130 0.006339664 0.999979913 -0.000199209 -5.628996372 0.003651677 0.000176060 0.999993324 352.796447754
0.999967515 -0.007192478 -0.003617776 -0.385678709 0.007190854 0.999974012 -0.000461517 -5.652295113 0.003621002 0.000435487 0.999993324 354.385925293
0.999966562 -0.007293739 -0.003701241 -0.393796444 0.007290168 0.999972939 -0.000977402 -5.685894012 0.003708269 0.000950387 0.999992669 355.978240967
0.999965310 -0.007473623 -0.003660384 -0.409933388 0.007467205 0.999970555 -0.001763979 -5.711613655 0.003673460 0.001736585 0.999991775 357.576599121
0.999960601 -0.008064867 -0.003710989 -0.417448461 0.008059142 0.999966323 -0.001555021 -5.740164757 0.003723405 0.001525052 0.999991894 359.165435791
0.999959230 -0.008184299 -0.003815456 -0.425819635 0.008176344 0.999964356 -0.002096465 -5.774137497 0.003832479 0.002065183 0.999990523 360.759521484
0.999946952 -0.009620841 -0.003718272 -0.436802447 0.009607847 0.999947727 -0.003497093 -5.804411888 0.003751723 0.003461182 0.999986947 362.346221924
0.999929190 -0.011298175 -0.003730338 -0.446796775 0.011292972 0.999935329 -0.001412770 -5.837198734 0.003746057 0.001370543 0.999992073 363.936004639
0.999899268 -0.013351520 -0.004813203 -0.435652137 0.013348934 0.999910712 -0.000568815 -5.868231297 0.004820367 0.000504506 0.999988258 365.549407959
0.999906003 -0.013149140 -0.003881749 -0.459153175 0.013142157 0.999911904 -0.001818641 -5.889823914 0.003905321 0.001767456 0.999990821 367.130828857
0.999924898 -0.011941944 -0.002758746 -0.486132443 0.011933262 0.999923766 -0.003142647 -5.906002045 0.002796066 0.003109491 0.999991298 368.740814209
0.999937356 -0.010743293 -0.003134026 -0.493706524 0.010738132 0.999940991 -0.001659249 -5.950596333 0.003151666 0.001625492 0.999993682 370.331024170
0.999954224 -0.009148395 -0.002782997 -0.501077473 0.009146009 0.999957800 -0.000869178 -5.974585056 0.002790830 0.000843685 0.999995708 371.940734863
0.999949932 -0.009607218 -0.002793840 -0.512522817 0.009604405 0.999953330 -0.001018447 -6.008899689 0.002803494 0.000991562 0.999995589 373.527130127
0.999953866 -0.009315005 -0.002356415 -0.536384344 0.009309843 0.999954224 -0.002191699 -6.029537201 0.002376722 0.002169660 0.999994814 375.113250732
0.999957263 -0.008942275 -0.002330221 -0.538782597 0.008937121 0.999957621 -0.002212407 -6.064747810 0.002349906 0.002191487 0.999994755 376.727844238
0.999957860 -0.008927300 -0.002132504 -0.540898085 0.008923175 0.999958277 -0.001935538 -6.098920345 0.002149694 0.001916428 0.999995768 378.347900391
0.999975383 -0.006724626 -0.001972078 -0.563099682 0.006719016 0.999973357 -0.002837409 -6.115644932 0.001991106 0.002824090 0.999994040 379.966522217
0.999985278 -0.005338574 -0.000955440 -0.580565929 0.005336819 0.999984145 -0.001829020 -6.149108887 0.000965189 0.001823894 0.999997973 381.564117432
0.999992967 -0.003686767 -0.000597028 -0.604302943 0.003685086 0.999989331 -0.002790881 -6.177457333 0.000607311 0.002788662 0.999995887 383.204132080
