1.000000000 0.000000000 0.000000000 0.000000000 0.000000000 1.000000000 0.000000000 0.000000000 0.000000000 0.000000000 1.000000000 0.000000000
1.000000000 -0.000055015 0.000126418 -0.014852047 0.000054834 0.999998987 0.001434762 -0.012559633 -0.000126497 -0.001434755 0.999998987 1.315577149
0.999998510 -0.001561980 -0.000729551 -0.008828512 0.001563302 0.999997258 0.001815299 -0.040415078 0.000726713 -0.001816437 0.999998093 2.617786407
0.999996126 -0.002687829 -0.000694009 -0.014451381 0.002688342 0.999996126 0.000738057 -0.055220101 0.000692022 -0.000739920 0.999999404 3.930004358
0.999995470 -0.002927056 -0.000581580 -0.024621995 0.002927503 0.999995410 0.000769863 -0.072283253 0.000579324 -0.000771562 0.999999523 5.258518696
0.999992907 -0.003691772 -0.000726529 -0.023110967 0.003693121 0.999991417 0.001863496 -0.099612668 0.000719643 -0.001866166 0.999997973 6.573863029
0.999986529 -0.005175934 -0.000498036 -0.029547960 0.005177368 0.999982297 0.002922180 -0.114523321 0.000482902 -0.002924719 0.999995649 7.897469044
0.999989510 -0.004560068 -0.000478962 -0.039569952 0.004561710 0.999983609 0.003486072 -0.133704856 0.000463057 -0.003488221 0.999993801 9.236311913
0.999992907 -0.003680029 -0.000730388 -0.047461219 0.003681141 0.999992013 0.001527013 -0.149643213 0.000724763 -0.001529690 0.999998629 10.585849762
0.999998629 -0.001302710 -0.001049627 -0.054575894 0.001302423 0.999999046 -0.000273988 -0.176628247 0.001049983 0.000272621 0.999999404 11.915987015
0.999997020 0.002395434 -0.000618999 -0.076766767 -0.002396180 0.999996424 -0.001206950 -0.199224114 0.000616105 0.001208429 0.999999046 13.252157211
0.999989092 0.004644585 -0.000510725 -0.092860654 -0.004645265 0.999988258 -0.001338166 -0.219472021 0.000504504 0.001340524 0.999998987 14.595288277
0.999982417 0.005900466 -0.000650003 -0.096564516 -0.005900847 0.999982357 -0.000586819 -0.239171013 0.000646529 0.000590644 0.999999642 15.951284409
0.999994397 0.003341832 0.000162148 -0.112514541 -0.003342192 0.999991834 0.002274154 -0.263545722 -0.000154547 -0.002274683 0.999997318 17.309387207
0.999999523 -0.000869369 0.000442863 -0.117042281 0.000867482 0.999990642 0.004243386 -0.283334792 -0.000446548 -0.004242999 0.999990821 18.664890289
0.999995232 -0.003074797 0.000058088 -0.122541137 0.003074686 0.999993622 0.001813075 -0.298221916 -0.000063663 -0.001812888 0.999998331 20.009632111
0.999988556 -0.004782975 0.000099384 -0.131134361 0.004782954 0.999988496 0.000200542 -0.327147275 -0.000100342 -0.000200064 1.000000000 21.375310898
0.999997497 -0.001895855 0.001160199 -0.152434930 0.001897612 0.999997020 -0.001515962 -0.343011230 -0.001157322 0.001518160 0.999998212 22.721677780
0.999998868 0.000391373 0.001532298 -0.154672727 -0.000392093 0.999999940 0.000469872 -0.363060415 -0.001532114 -0.000470472 0.999998689 24.101757050
0.999997675 0.000991167 0.001938511 -0.159559041 -0.000999256 0.999990880 0.004175988 -0.383312702 -0.001934354 -0.004177915 0.999989331 25.474489212
0.999996960 -0.001218325 0.002153860 -0.155724704 0.001205245 0.999980986 0.006063905 -0.394515365 -0.002161207 -0.006061289 0.999979258 26.861501694
0.999978364 -0.006317955 0.001811338 -0.146295756 0.006309992 0.999970555 0.004368439 -0.417467386 -0.001838884 -0.004356914 0.999988794 28.283557892
0.999979138 -0.006159731 0.001963000 -0.150213897 0.006155775 0.999979079 0.002014942 -0.430098712 -0.001975370 -0.002002816 0.999996066 29.659780502
0.999974728 -0.006472188 0.002940438 -0.162714943 0.006473872 0.999978840 -0.000563689 -0.451051056 -0.002936728 0.000582711 0.999995470 31.021833420
0.999988914 -0.003003140 0.003629117 -0.174370319 0.003007364 0.999994814 -0.001159099 -0.474481881 -0.003625618 0.001170000 0.999992669 32.401668549
0.999989688 -0.002203531 0.003953487 -0.178713128 0.002217327 0.999991477 -0.003488750 -0.499134123 -0.003945765 0.003497480 0.999986112 33.776840210
0.999991179 -0.001431694 0.003957385 -0.177309722 0.001443248 0.999994695 -0.002918090 -0.521433175 -0.003953186 0.002923775 0.999987900 35.168865204
0.999990821 -0.001139169 0.004126749 -0.194188610 0.001146125 0.999997914 -0.001683609 -0.549319744 -0.004124823 0.001688323 0.999990046 36.557662964
0.999992907 0.000377770 0.003744887 -0.198902935 -0.000377798 0.999999940 0.000006666 -0.572667658 -0.003744884 -0.000008080 0.999992967 37.956363678
0.999988377 0.002825276 0.003906472 -0.209053993 -0.002827390 0.999996006 0.000535779 -0.601315618 -0.003904942 -0.000546818 0.999992192 39.343791962
0.999978125 0.005238506 0.004044600 -0.213623762 -0.005238546 0.999986351 -0.000000607 -0.620139956 -0.004044548 -0.000020581 0.999991894 40.745769501
0.999965727 0.007241467 0.004011986 -0.225558579 -0.007243131 0.999973714 0.000400401 -0.639900506 -0.004008981 -0.000429447 0.999991894 42.152015686
0.999963105 0.007740284 0.003701440 -0.226843342 -0.007741780 0.999970019 0.000390164 -0.660793781 -0.003698309 -0.000418805 0.999993086 43.555362701
0.999969304 0.007080353 0.003349283 -0.240068734 -0.007081658 0.999974787 0.000377884 -0.685006797 -0.003346524 -0.000401591 0.999994338 44.947898865
0.999978960 0.006045479 0.002337088 -0.236900002 -0.006045468 0.999981701 -0.000011936 -0.705224812 -0.002337118 -0.000002193 0.999997258 46.353748322
0.999984264 0.005393331 0.001546473 -0.247625038 -0.005393806 0.999985337 0.000303237 -0.729329169 -0.001544815 -0.000311573 0.999998748 47.754337311
0.999984145 0.005627796 0.000404703 -0.250653565 -0.005628293 0.999983311 0.001241086 -0.746080816 -0.000397712 -0.001243344 0.999999166 49.180721283
0.999982178 0.005877738 -0.001037867 -0.257774681 -0.005876634 0.999982178 0.001062949 -0.772409081 0.001044097 -0.001056831 0.999998927 50.598079681
0.999981463 0.005712701 -0.002117077 -0.267996043 -0.005709275 0.999982417 0.001620337 -0.794394970 0.002126296 -0.001608220 0.999996424 52.026844025
0.999978900 0.005510740 -0.003458665 -0.279418021 -0.005500065 0.999980092 0.003088319 -0.820333302 0.003475615 -0.003069231 0.999989271 53.446147919
0.999980748 0.004924600 -0.003758568 -0.291468680 -0.004912208 0.999982476 0.003299133 -0.832492650 0.003774748 -0.003280607 0.999987483 54.893760681
0.999983013 0.003164464 -0.004891291 -0.292998344 -0.003146512 0.999988258 0.003673534 -0.852365136 0.004902858 -0.003658080 0.999981344 56.343563080
0.999987066 0.000880846 -0.005008730 -0.313121885 -0.000867644 0.999996126 0.002637407 -0.869569063 0.005011032 -0.002633027 0.999983966 57.765674591
0.999985158 -0.000705795 -0.005416784 -0.323419392 0.000724716 0.999993682 0.003491854 -0.896205425 0.005414285 -0.003495728 0.999979198 59.188938141
0.999987662 -0.001394226 -0.004762020 -0.337351233 0.001410930 0.999992847 0.003506287 -0.909874797 0.004757097 -0.003512962 0.999982536 60.616561890
0.999986947 -0.002742369 -0.004296528 -0.347539425 0.002760589 0.999987185 0.004240599 -0.926691830 0.004284844 -0.004252404 0.999981761 62.047554016
0.999987483 -0.003634753 -0.003468497 -0.371906132 0.003649415 0.999984384 0.004230185 -0.959700465 0.003453068 -0.004242790 0.999985039 63.435272217
0.999984324 -0.004864126 -0.002771222 -0.384367853 0.004872434 0.999983668 0.002999638 -0.973348737 0.002756586 -0.003013093 0.999991655 64.851188660
0.999984980 -0.004746658 -0.002726553 -0.382888973 0.004754344 0.999984682 0.002819699 -0.998270929 0.002713127 -0.002832620 0.999992311 66.262817383
0.999990404 -0.003994768 -0.001808094 -0.393455148 0.003999873 0.999988019 0.002828579 -1.017505527 0.001796772 -0.002835784 0.999994338 67.691619873
0.999999046 -0.000139242 -0.001390682 -0.410161763 0.000144470 0.999992907 0.003759666 -1.034122467 0.001390148 -0.003759863 0.999991953 69.069068909
0.999995172 0.003013948 -0.000728357 -0.425982088 -0.003010439 0.999984086 0.004771678 -1.052466393 0.000742727 -0.004769462 0.999988377 70.465835571
0.999978542 0.006543139 0.000336667 -0.434043527 -0.006544963 0.999962151 0.005735260 -1.078837037 -0.000299127 -0.005737340 0.999983490 71.855430603
0.999943376 0.010587040 0.001110608 -0.453628957 -0.010593086 0.999928236 0.005587277 -1.098690271 -0.001051376 -0.005598725 0.999983788 73.241073608
0.999897003 0.014239142 0.001781312 -0.471469373 -0.014247248 0.999887824 0.004624637 -1.115711570 -0.001715261 -0.004649539 0.999987662 74.638572693
0.999865234 0.016219709 0.002534085 -0.479743540 -0.016230959 0.999858141 0.004483087 -1.135434270 -0.002461011 -0.004523613 0.999986768 76.028114319
0.999863684 0.016294396 0.002666912 -0.484242648 -0.016306803 0.999855995 0.004698919 -1.150860310 -0.002589961 -0.004741769 0.999985337 77.440376282
0.999873281 0.015622298 0.003031292 -0.494604796 -0.015635733 0.999867797 0.004460132 -1.175087690 -0.002961213 -0.004506963 0.999985456 78.814361572
0.999897242 0.014051882 0.002836528 -0.499056160 -0.014062164 0.999894500 0.003638756 -1.195316553 -0.002785097 -0.003678270 0.999989331 80.198738098
0.999907851 0.013379423 0.002262380 -0.500277400 -0.013387993 0.999903023 0.003817397 -1.218674660 -0.002211086 -0.003847335 0.999990165 81.574485779
0.999908566 0.013337880 0.002199938 -0.504272223 -0.013346077 0.999903917 0.003753773 -1.237362266 -0.002149659 -0.003782790 0.999990463 82.943695068
0.999916732 0.012839057 0.001232613 -0.495124429 -0.012842974 0.999912262 0.003224027 -1.257254243 -0.001191111 -0.003239589 0.999993980 84.319015503
0.999914527 0.013059622 0.000631576 -0.511161208 -0.013061811 0.999908209 0.003597148 -1.274963856 -0.000584541 -0.003605089 0.999993324 85.677803040
0.999920070 0.012636413 -0.000616675 -0.507036567 -0.012633584 0.999910533 0.004397141 -1.298586130 0.000672184 -0.004388997 0.999990106 87.037261963
0.999942660 0.010606684 -0.001520503 -0.523881972 -0.010598594 0.999930143 0.005232962 -1.313260794 0.001575902 -0.005216546 0.999985158 88.454505920
0.999960005 0.008413278 -0.003012335 -0.522857845 -0.008395777 0.999948084 0.005776078 -1.341590047 0.003060774 -0.005750558 0.999978781 89.791625977
0.999973953 0.006036502 -0.003960769 -0.531393945 -0.006012155 0.999963284 0.006130371 -1.364817739 0.003997629 -0.006106400 0.999973297 91.153198242
0.999974728 0.005429599 -0.004604156 -0.543493211 -0.005405708 0.999972045 0.005185670 -1.377569079 0.004632182 -0.005160650 0.999975920 92.517349243
0.999981821 0.003928532 -0.004580142 -0.555377781 -0.003904609 0.999978721 0.005220531 -1.407162666 0.004600553 -0.005202552 0.999975801 93.852264404
0.999979079 0.004089386 -0.005021208 -0.565114141 -0.004066946 0.999981701 0.004471302 -1.421750069 0.005039400 -0.004450788 0.999977410 95.222343445
0.999982178 0.004038408 -0.004401578 -0.588723123 -0.004020214 0.999983311 0.004135046 -1.446636796 0.004418204 -0.004117277 0.999981761 96.582130432
0.999981463 0.004246426 -0.004363890 -0.603834689 -0.004229698 0.999983728 0.003835321 -1.470642686 0.004380105 -0.003816793 0.999983132 97.920471191
0.999974608 0.005963929 -0.003877778 -0.623122454 -0.005948687 0.999974608 0.003930447 -1.489548326 0.003901120 -0.003907280 0.999984682 99.245635986
0.999971151 0.006682178 -0.003590441 -0.640079021 -0.006662795 0.999963343 0.005383300 -1.507528186 0.003626281 -0.005359223 0.999979019 100.579330444
0.999963462 0.007863729 -0.003382345 -0.660515964 -0.007840936 0.999946833 0.006701185 -1.527994633 0.003434862 -0.006674420 0.999971807 101.920768738
0.999967813 0.007408627 -0.003080451 -0.675211966 -0.007392073 0.999958456 0.005351358 -1.542296410 0.003119969 -0.005328414 0.999980927 103.257881165
0.999970198 0.007138802 -0.002910443 -0.689045429 -0.007129732 0.999969840 0.003114939 -1.566556692 0.002932592 -0.003094096 0.999990880 104.572448730
0.999976516 0.006138237 -0.003020520 -0.696953893 -0.006132620 0.999979436 0.001865541 -1.582787037 0.003031909 -0.001846973 0.999993742 105.923118591
0.999986887 0.004202421 -0.002896572 -0.707907438 -0.004192732 0.999985635 0.003342636 -1.610402465 0.002910577 -0.003330447 0.999990165 107.277214050
0.999995887 0.001657449 -0.002313333 -0.715040088 -0.001644831 0.999983847 0.005445778 -1.628556490 0.002322322 -0.005441951 0.999982476 108.626464844
0.999998808 0.000802816 -0.001250988 -0.718230963 -0.000795737 0.999983728 0.005649166 -1.642080665 0.001255503 -0.005648165 0.999983251 109.976043701
0.999999583 -0.000400731 -0.000734883 -0.720953822 0.000403968 0.999990225 0.004409259 -1.661662936 0.000733109 -0.004409554 0.999990046 111.295181274
0.999998569 0.001657160 0.000343251 -0.740162432 -0.001657950 0.999996066 0.002315364 -1.684568167 -0.000339413 -0.002315930 0.999997258 112.629508972
0.999991000 0.003850320 0.001803449 -0.748869419 -0.003850671 0.999992609 0.000191632 -1.703562856 -0.001802698 -0.000198575 0.999998331 113.972923279
0.999967933 0.007304141 0.003267231 -0.763672352 -0.007304829 0.999973238 0.000198721 -1.726185918 -0.003265692 -0.000222581 0.999994636 115.288421631
0.999953449 0.008499764 0.004562084 -0.769547224 -0.008508388 0.999962032 0.001874502 -1.744570851 -0.004545977 -0.001913231 0.999987841 116.632286072
0.999948561 0.008324645 0.005791705 -0.770268917 -0.008349475 0.999956012 0.004276488 -1.767807126 -0.005755850 -0.004324625 0.999974072 117.968116760
0.999943495 0.008211805 0.006758090 -0.769743562 -0.008240966 0.999956846 0.004298445 -1.778388739 -0.006722501 -0.004353895 0.999967933 119.307403564
0.999935329 0.008532163 0.007522728 -0.765109003 -0.008561595 0.999955773 0.003889078 -1.794790030 -0.007489213 -0.003953233 0.999964118 120.651191711
0.999910474 0.010213639 0.008651950 -0.755894482 -0.010245292 0.999940991 0.003622034 -1.813444853 -0.008614445 -0.003710351 0.999955952 122.000427246
0.999867797 0.012655919 0.010211385 -0.765784204 -0.012686627 0.999915183 0.002948000 -1.830065608 -0.010173209 -0.003077158 0.999943495 123.330177307
0.999851823 0.013014808 0.011265828 -0.759615541 -0.013037615 0.999913156 0.001953354 -1.846836090 -0.011239427 -0.002099944 0.999934614 124.677444458
0.999819815 0.014658203 0.012059012 -0.752740443 -0.014672920 0.999891698 0.001132981 -1.872605324 -0.012041099 -0.001309718 0.999926627 126.010299683
0.999819398 0.013627444 0.013247714 -0.743966579 -0.013642360 0.999906361 0.001036122 -1.891773105 -0.013232356 -0.001216665 0.999911666 127.364807129
0.999817312 0.013172917 0.013845921 -0.730188131 -0.013202936 0.999910593 0.002078922 -1.913366318 -0.013817300 -0.002261349 0.999901950 128.726196289
0.999822736 0.011863627 0.014617372 -0.718289316 -0.011905679 0.999925196 0.002793202 -1.933156729 -0.014583142 -0.002966737 0.999889195 130.039108276
0.999817073 0.011524669 0.015261961 -0.714429796 -0.011576006 0.999927580 0.003279666 -1.953217030 -0.015223060 -0.003455739 0.999878168 131.421279907
0.999845982 0.009087105 0.015015204 -0.694716752 -0.009136789 0.999952972 0.003243612 -1.966387033 -0.014985022 -0.003380303 0.999882042 132.775207520
0.999860942 0.007851476 0.014710664 -0.679135561 -0.007908216 0.999961495 0.003802998 -1.985716105 -0.014680237 -0.003918803 0.999884546 134.155670166
0.999881387 0.006112456 0.014134754 -0.668344796 -0.006165571 0.999974072 0.003717171 -2.006384134 -0.014111667 -0.003803878 0.999893188 135.500427246
0.999898672 0.004955807 0.013344917 -0.664057672 -0.005005853 0.999980509 0.003719363 -2.023608208 -0.013326224 -0.003785789 0.999904037 136.833511353
0.999924898 0.003269455 0.011812735 -0.637946546 -0.003321146 0.999984980 0.004358854 -2.041030884 -0.011798305 -0.004397758 0.999920726 138.212493896
0.999936938 0.001962517 0.011068515 -0.633716941 -0.002011910 0.999988079 0.004453044 -2.058428526 -0.011059643 -0.004475031 0.999928832 139.553115845
0.999952912 0.001977401 0.009491324 -0.620336294 -0.002018929 0.999988377 0.004367823 -2.077398300 -0.009482577 -0.004386780 0.999945402 140.892761230
0.999965191 0.001197673 0.008251294 -0.614641786 -0.001229906 0.999991655 0.003902468 -2.096771955 -0.008246551 -0.003912480 0.999958336 142.236740112
0.999971807 0.001662794 0.007313533 -0.615845978 -0.001688796 0.999992251 0.003550721 -2.116625786 -0.007307572 -0.003562971 0.999966979 143.570358276
0.999977052 -0.000885161 0.006722149 -0.620672643 0.000877352 0.999998987 0.001164539 -2.135250568 -0.006723174 -0.001158615 0.999976754 144.902175903
0.999968350 -0.005879502 0.005385675 -0.609307349 0.005877378 0.999982655 0.000410242 -2.153266430 -0.005387994 -0.000378575 0.999985337 146.281326294
0.999906719 -0.012634521 0.005205685 -0.615444779 0.012620044 0.999916494 0.002804670 -2.171140432 -0.005240686 -0.002738712 0.999982476 147.619689941
0.999795020 -0.019903447 0.003716805 -0.607759535 0.019885791 0.999791086 0.004728382 -2.198399544 -0.003810140 -0.004653502 0.999981880 148.974334717
0.999731243 -0.023064908 0.002346799 -0.591147602 0.023062780 0.999733567 0.000927702 -2.211141109 -0.002367571 -0.000873329 0.999996781 150.344329834
0.999735296 -0.022801394 0.003074116 -0.593098104 0.022808570 0.999737203 -0.002320306 -2.231920958 -0.003020402 0.002389808 0.999992609 151.691345215
0.999804258 -0.019452719 0.003607411 -0.607067883 0.019467490 0.999802053 -0.004104671 -2.264685631 -0.003526851 0.004174095 0.999984980 153.003067017
0.999799788 -0.019468214 0.004622175 -0.618051469 0.019487133 0.999801755 -0.004083871 -2.295420647 -0.004541753 0.004173126 0.999980927 154.336608887
0.999738097 -0.022354018 0.004906049 -0.608725131 0.022358198 0.999749720 -0.000798726 -2.316553116 -0.004886967 0.000908207 0.999987662 155.716400146
0.999611199 -0.027339943 0.005484607 -0.597749174 0.027332082 0.999625325 0.001503104 -2.334048986 -0.005523647 -0.001352613 0.999983847 157.076354980
0.999500930 -0.031110790 0.005498177 -0.590765893 0.031093460 0.999511242 0.003209352 -2.358393192 -0.005595337 -0.003036793 0.999979734 158.425537109
0.999463737 -0.032219380 0.005843056 -0.589254618 0.032202229 0.999476850 0.003005773 -2.374082565 -0.005936844 -0.002816001 0.999978364 159.767791748
0.999509573 -0.030554038 0.006875057 -0.593447864 0.030528646 0.999526739 0.003768695 -2.396138906 -0.006986954 -0.003556960 0.999969244 161.123245239
0.999613702 -0.026617173 0.008009233 -0.599044323 0.026594047 0.999641895 0.002980244 -2.415033817 -0.008085690 -0.002766095 0.999963522 162.465408325
0.999704540 -0.022645537 0.008833351 -0.594044209 0.022640111 0.999743342 0.000713739 -2.435361862 -0.008847247 -0.000513540 0.999960721 163.807464600
0.999759197 -0.019654149 0.009759570 -0.590344250 0.019655613 0.999806762 -0.000054108 -2.453250170 -0.009756620 0.000245925 0.999952376 165.162063599
0.999792755 -0.017610295 0.010214594 -0.593318582 0.017597748 0.999844253 0.001316934 -2.476907969 -0.010236192 -0.001136907 0.999946952 166.500610352
0.999825776 -0.016079046 0.009481743 -0.575706661 0.016072081 0.999870539 0.000810265 -2.501312256 -0.009493543 -0.000657732 0.999954700 167.867813110
0.999870718 -0.013176045 0.009216215 -0.579881132 0.013193959 0.999911189 -0.001885470 -2.516383410 -0.009190552 0.002006825 0.999955773 169.213912964
0.999916613 -0.009550186 0.008694543 -0.580938637 0.009593261 0.999941826 -0.004926088 -2.535234928 -0.008646992 0.005009086 0.999950051 170.558044434
0.999953210 -0.003811911 0.008892383 -0.589579284 0.003865611 0.999974310 -0.006029436 -2.567971706 -0.008869172 0.006063527 0.999942303 171.906036377
0.999959230 0.000297766 0.009026477 -0.588560700 -0.000256012 0.999989271 -0.004626486 -2.599378347 -0.009027758 0.004623987 0.999948561 173.273117065
0.999946833 0.003646480 0.009645677 -0.593091786 -0.003618567 0.999989212 -0.002909777 -2.624093771 -0.009656182 0.002874719 0.999949157 174.623703003
0.999942362 0.004890170 0.009559565 -0.588257790 -0.004881060 0.999987602 -0.000976005 -2.643401623 -0.009564219 0.000929289 0.999953747 176.000076294
0.999962389 0.000952131 0.008611288 -0.586565077 -0.000955803 0.999999404 0.000422273 -2.672178268 -0.008610880 -0.000430488 0.999962807 177.364700317
0.999977946 -0.001358558 0.006491628 -0.572822452 0.001355996 0.999998987 0.000399194 -2.690982580 -0.006492163 -0.000390382 0.999978840 178.757873535
0.999986172 -0.001176798 0.005110222 -0.579942942 0.001196597 0.999991775 -0.003873041 -2.717212915 -0.005105622 0.003879103 0.999979436 180.142669678
0.999993980 0.000250681 0.003466104 -0.574905992 -0.000223153 0.999968469 -0.007940325 -2.745987654 -0.003467985 0.007939504 0.999962509 181.538513184
0.999982119 0.005262013 0.002834476 -0.584653676 -0.005237502 0.999949396 -0.008586281 -2.780754805 -0.002879514 0.008571283 0.999959052 182.940200806
0.999957025 0.008883893 0.002640523 -0.594280720 -0.008863288 0.999930978 -0.007715473 -2.812784910 -0.002708885 0.007691739 0.999966741 184.343917847
0.999936163 0.010907887 0.002932997 -0.605729461 -0.010895334 0.999931574 -0.004262665 -2.842300892 -0.002979293 0.004230438 0.999986589 185.747299194
0.999925971 0.011723693 0.003256666 -0.609811842 -0.011716677 0.999929011 -0.002165944 -2.870302677 -0.003281828 0.002127627 0.999992371 187.137756348
0.999933183 0.011114825 0.003178144 -0.608135045 -0.011110344 0.999937296 -0.001423479 -2.889285564 -0.003193767 0.001388074 0.999993920 188.549102783
0.999949813 0.009467684 0.003257075 -0.611087024 -0.009464566 0.999954700 -0.000971308 -2.912045002 -0.003266123 0.000940432 0.999994159 189.994293213
0.999973416 0.006469429 0.003340586 -0.610281467 -0.006469828 0.999979019 0.000108922 -2.941514254 -0.003339811 -0.000130533 0.999994457 191.440765381
0.999986410 0.003843668 0.003513827 -0.601309061 -0.003843064 0.999992609 -0.000178378 -2.964465857 -0.003514486 0.000164871 0.999993801 192.850891113
0.999991655 0.000721054 0.004005817 -0.603013933 -0.000724247 0.999999404 0.000795713 -2.985666752 -0.004005242 -0.000798608 0.999991655 194.275604248
0.999981880 -0.003903229 0.004579288 -0.602535009 0.003891281 0.999989033 0.002615161 -3.010810614 -0.004589446 -0.002597295 0.999986053 195.727386475
0.999967933 -0.006449712 0.004753698 -0.594732761 0.006437566 0.999976039 0.002565839 -3.030604362 -0.004770132 -0.002535155 0.999985397 197.163146973
0.999975801 -0.004369808 0.005433812 -0.604828000 0.004380353 0.999988556 -0.001930329 -3.052709341 -0.005425316 0.001954085 0.999983370 198.574340820
0.999979198 0.002912852 0.005761853 -0.611416399 -0.002872711 0.999971628 -0.006962914 -3.076919079 -0.005781972 0.006946217 0.999959171 199.997085571
0.999890208 0.012768198 0.007519549 -0.635054350 -0.012714625 0.999893725 -0.007129682 -3.109677315 -0.007609784 0.007033293 0.999946237 201.434799194
0.999757826 0.020319417 0.008460367 -0.646960318 -0.020287218 0.999786615 -0.003874587 -3.132726192 -0.008537292 0.003702011 0.999956727 202.861679077
0.999720633 0.021639083 0.009501900 -0.652027309 -0.021629997 0.999765456 -0.001058416 -3.168459892 -0.009522574 0.000852594 0.999954224 204.283569336
0.999774516 0.019340551 0.008773149 -0.642070770 -0.019334361 0.999812722 -0.000789805 -3.188350916 -0.008786782 0.000620003 0.999961197 205.729705811
0.999835432 0.016309923 0.007945802 -0.636809647 -0.016305493 0.999866784 -0.000622757 -3.216733694 -0.007954903 0.000493094 0.999968231 207.176010132
0.999865472 0.014720039 0.007241200 -0.635592043 -0.014710270 0.999890804 -0.001400768 -3.235317230 -0.007261028 0.001294060 0.999972820 208.630752563
0.999866962 0.015015019 0.006373192 -0.616510689 -0.015002729 0.999885440 -0.001971991 -3.262389421 -0.006402072 0.001876114 0.999977767 210.133850098
0.999842465 0.016489776 0.006577413 -0.620603442 -0.016479386 0.999862850 -0.001630870 -3.288562298 -0.006603404 0.001522221 0.999977112 211.602767944
0.999826849 0.017372970 0.006681875 -0.628248811 -0.017369211 0.999848902 -0.000620086 -3.317035198 -0.006691639 0.000503919 0.999977589 213.060791016
0.999828577 0.017405072 0.006311557 -0.616683185 -0.017396517 0.999847591 -0.001408199 -3.341134787 -0.006335106 0.001298158 0.999979079 214.563385010
0.999833703 0.017253052 0.005903543 -0.612359524 -0.017238343 0.999848068 -0.002534098 -3.370435953 -0.005946368 0.002431910 0.999979377 216.031539917
0.999854743 0.016184082 0.005346911 -0.608459055 -0.016169291 0.999865353 -0.002798759 -3.392547131 -0.005391486 0.002711897 0.999981761 217.507080078
0.999851644 0.016487895 0.004979926 -0.612742305 -0.016473969 0.999860287 -0.002824498 -3.420350552 -0.005025800 0.002742040 0.999983609 218.977249146
0.999844849 0.016929060 0.004871049 -0.618260562 -0.016914269 0.999852121 -0.003062211 -3.446317196 -0.004922170 0.002979345 0.999983430 220.453094482
0.999844909 0.017014099 0.004562696 -0.620372415 -0.016998887 0.999849737 -0.003353171 -3.474191904 -0.004619062 0.003275089 0.999983907 221.937591553
0.999830186 0.017915381 0.004318874 -0.627197027 -0.017900953 0.999834239 -0.003356375 -3.505443811 -0.004378287 0.003278494 0.999985039 223.398956299
0.999834120 0.017828802 0.003715071 -0.624245703 -0.017815227 0.999834657 -0.003655891 -3.531162024 -0.003779636 0.003589100 0.999986410 224.876113892
0.999823868 0.018363465 0.003881291 -0.646841824 -0.018349672 0.999825299 -0.003559876 -3.558180809 -0.003945985 0.003488029 0.999986112 226.347396851
0.999842465 0.017325552 0.003836271 -0.651437521 -0.017310111 0.999841988 -0.004022585 -3.581080198 -0.003905359 0.003955545 0.999984562 227.842437744
0.999863148 0.016060336 0.003964211 -0.662447274 -0.016045040 0.999863744 -0.003860862 -3.613749981 -0.004025678 0.003796728 0.999984682 229.290527344
0.999880612 0.014935139 0.003955692 -0.665685654 -0.014921587 0.999882698 -0.003433450 -3.646080732 -0.004006507 0.003374015 0.999986291 230.782531738
0.999898195 0.013527537 0.004538742 -0.676742971 -0.013514566 0.999904454 -0.002876090 -3.668565035 -0.004577215 0.002814458 0.999985576 232.281768799
0.999900222 0.013461675 0.004277044 -0.675235569 -0.013451021 0.999906301 -0.002510060 -3.698736191 -0.004310434 0.002452279 0.999987721 233.784805298
0.999893427 0.013889677 0.004484249 -0.688295722 -0.013877039 0.999899685 -0.002837116 -3.731751680 -0.004523205 0.002774586 0.999985933 235.273696899
0.999881804 0.014593525 0.004841871 -0.692101419 -0.014577140 0.999887884 -0.003402334 -3.761682987 -0.004890980 0.003331351 0.999982476 236.777420044
0.999864936 0.015641470 0.005067152 -0.692841053 -0.015627885 0.999874175 -0.002709666 -3.790042400 -0.005108899 0.002630111 0.999983490 238.279876709
0.999845326 0.016458957 0.006198407 -0.706606269 -0.016454317 0.999864280 -0.000799354 -3.815980911 -0.006210722 0.000697240 0.999980450 239.797302246
0.999847889 0.016094681 0.006727074 -0.704070330 -0.016091932 0.999870420 -0.000462645 -3.840724945 -0.006733648 0.000354323 0.999977291 241.307418823
0.999831498 0.016761310 0.007477534 -0.707597911 -0.016747450 0.999857843 -0.001912484 -3.864929438 -0.007508527 0.001786932 0.999970198 242.784561157
0.999818146 0.017284252 0.008050122 -0.700951695 -0.017255319 0.999844432 -0.003649265 -3.888111591 -0.008111945 0.003509694 0.999960899 244.298416138
0.999822974 0.017057041 0.007938581 -0.692755938 -0.017035326 0.999850988 -0.002794938 -3.919368505 -0.007985072 0.002659208 0.999964535 245.837249756
0.999829412 0.016856506 0.007550504 -0.678471029 -0.016844660 0.999856770 -0.001629878 -3.949988365 -0.007576897 0.001502414 0.999970078 247.379379272
0.999817610 0.017521568 0.007589283 -0.684908867 -0.017512100 0.999845803 -0.001311937 -3.977513552 -0.007611101 0.001178793 0.999970317 248.907623291
0.999827027 0.017194120 0.007081194 -0.673940480 -0.017188499 0.999851823 -0.000854297 -4.014105797 -0.007094834 0.000732434 0.999974549 250.456176758
0.999796689 0.018635610 0.007703035 -0.675378144 -0.018630901 0.999826133 -0.000682564 -4.039013386 -0.007714417 0.000538910 0.999970078 251.995239258
0.999758959 0.020482242 0.007907946 -0.681262314 -0.020474544 0.999789774 -0.001053411 -4.061313152 -0.007927860 0.000891246 0.999968171 253.542831421
0.999747694 0.020873141 0.008301447 -0.682953954 -0.020867486 0.999781966 -0.000767186 -4.086833477 -0.008315653 0.000593762 0.999965250 255.077896118
0.999779403 0.019502748 0.007797360 -0.673128486 -0.019499773 0.999809742 -0.000457187 -4.116654873 -0.007804793 0.000305040 0.999969482 256.639892578
0.999807417 0.017991709 0.007830709 -0.667451978 -0.017994735 0.999838054 0.000316453 -4.141920567 -0.007823747 -0.000457303 0.999969304 258.167175293
0.999846458 0.015599145 0.007975706 -0.663827419 -0.015605327 0.999877930 0.000713538 -4.160945892 -0.007963602 -0.000837893 0.999967933 259.681854248
0.999865174 0.014196441 0.008253440 -0.674958646 -0.014197646 0.999899209 0.000087430 -4.188503265 -0.008251368 -0.000204598 0.999965906 261.222442627
0.999882162 0.013106762 0.007980204 -0.670140028 -0.013097468 0.999913454 -0.001215799 -4.209751129 -0.007995448 0.001111136 0.999967456 262.774414062
0.999904215 0.011019704 0.008371410 -0.660336196 -0.011026979 0.999938846 0.000823395 -4.241835117 -0.008361827 -0.000915628 0.999964595 264.330780029
0.999921978 0.008848578 0.008807381 -0.651705623 -0.008874082 0.999956548 0.002860828 -4.267581940 -0.008781685 -0.002938763 0.999957085 265.880554199
0.999928355 0.008232908 0.008690692 -0.642806470 -0.008247340 0.999964595 0.001626190 -4.285070896 -0.008676996 -0.001697748 0.999960899 267.465728760
0.999929309 0.007961961 0.008832214 -0.626308739 -0.007963891 0.999968171 0.000183422 -4.301152229 -0.008830475 -0.000253748 0.999961019 269.021911621
0.999921560 0.008065816 0.009583388 -0.619490445 -0.008070282 0.999967337 0.000427156 -4.335779190 -0.009579629 -0.000504464 0.999953926 270.564666748
0.999897897 0.009486118 0.010690955 -0.617493629 -0.009492589 0.999954820 0.000554811 -4.362631321 -0.010685207 -0.000656239 0.999942660 272.087646484
0.999867022 0.011654131 0.011402772 -0.611599922 -0.011652994 0.999932051 -0.000166324 -4.383725166 -0.011403935 0.000033425 0.999934971 273.640991211
0.999844432 0.012847026 0.012089310 -0.595900297 -0.012844274 0.999917507 -0.000305351 -4.411880493 -0.012092236 0.000150025 0.999926805 275.199310303
0.999815762 0.014116718 0.013007301 -0.577907205 -0.014109115 0.999900162 -0.000676217 -4.439283848 -0.013015549 0.000492571 0.999915123 276.738861084
0.999808133 0.014434898 0.013242151 -0.562548578 -0.014415054 0.999894798 -0.001592910 -4.465475082 -0.013263752 0.001401718 0.999911010 278.297637939
0.999810636 0.013342819 0.014161710 -0.544748306 -0.013317103 0.999909520 -0.001908715 -4.492524147 -0.014185895 0.001719760 0.999897838 279.851165771
0.999806881 0.012715827 0.014982321 -0.529205084 -0.012692878 0.999918103 -0.001625962 -4.520331383 -0.015001769 0.001435479 0.999886453 281.430267334
0.999809504 0.011850163 0.015510125 -0.509204090 -0.011839861 0.999929607 -0.000755899 -4.545957565 -0.015517992 0.000572118 0.999879360 283.004760742
0.999820888 0.010774743 0.015557416 -0.486303777 -0.010768292 0.999941826 -0.000498522 -4.574755669 -0.015561886 0.000330906 0.999878824 284.550598145
0.999833226 0.010216101 0.015134615 -0.459075511 -0.010175248 0.999944329 -0.002773857 -4.606204987 -0.015162110 0.002619395 0.999881625 286.119720459
0.999845743 0.008879896 0.015155229 -0.436808974 -0.008805412 0.999948978 -0.004974411 -4.637249470 -0.015198626 0.004840196 0.999872744 287.691802979
0.999856532 0.008898437 0.014419567 -0.422048837 -0.008825234 0.999947906 -0.005132420 -4.665768623 -0.014464485 0.005004426 0.999882877 289.251525879
0.999883115 0.007557011 0.013291921 -0.403332978 -0.007491565 0.999959588 -0.004966638 -4.701017380 -0.013328916 0.004866479 0.999899328 290.812896729
0.999899089 0.007449482 0.012089740 -0.389881641 -0.007380689 0.999956310 -0.005724962 -4.730533600 -0.012131860 0.005635153 0.999910533 292.366455078
0.999902606 0.007696138 0.011643508 -0.382274628 -0.007625852 0.999952435 -0.006068894 -4.763160229 -0.011689662 0.005979511 0.999913812 293.939300537
0.999910712 0.007733123 0.010897823 -0.367801934 -0.007674069 0.999955714 -0.005450296 -4.798206806 -0.010939487 0.005366178 0.999925733 295.508209229
0.999923229 0.007304325 0.010006817 -0.363678902 -0.007252117 0.999960065 -0.005243538 -4.833826542 -0.010044717 0.005170565 0.999936104 297.077758789
0.999937057 0.006888856 0.008872057 -0.356180012 -0.006855959 0.999969661 -0.003732910 -4.868336201 -0.008897506 0.003671849 0.999953687 298.657318115
0.999931455 0.008281520 0.008275708 -0.353534281 -0.008260259 0.999962509 -0.002599826 -4.893751144 -0.008296927 0.002531288 0.999962389 300.246459961
0.999919236 0.008719391 0.009246231 -0.351971060 -0.008695737 0.999958813 -0.002595577 -4.921011448 -0.009268482 0.002514965 0.999953866 301.842468262
0.999908507 0.009121977 0.009985725 -0.340643138 -0.009095822 0.999955058 -0.002661652 -4.952302933 -0.010009558 0.002570580 0.999946594 303.450531006
0.999917805 0.007568724 0.010348503 -0.334824175 -0.007537375 0.999966919 -0.003064968 -4.977667332 -0.010371359 0.002986715 0.999941766 305.034088135
0.999926507 0.005928661 0.010572555 -0.322218478 -0.005888170 0.999975204 -0.003856762 -5.012070656 -0.010595158 0.003794226 0.999936640 306.623199463
0.999931455 0.004371235 0.010862858 -0.305268079 -0.004306293 0.999972761 -0.005994515 -5.039562702 -0.010888766 0.005947324 0.999922991 308.225463867
0.999935091 0.004049140 0.010650297 -0.294805318 -0.003975713 0.999968231 -0.006906578 -5.074691296 -0.010677924 0.006863788 0.999919415 309.823120117
0.999954045 0.004763961 0.008321021 -0.289202660 -0.004695566 0.999955177 -0.008219881 -5.105838299 -0.008359807 0.008180431 0.999931574 311.434692383
0.999964297 0.005602411 0.006321679 -0.285435885 -0.005556041 0.999957681 -0.007328912 -5.142511845 -0.006362473 0.007293527 0.999953151 313.029449463
0.999960244 0.006592815 0.006006705 -0.285607308 -0.006569371 0.999970794 -0.003914337 -5.177232265 -0.006032336 0.003874721 0.999974310 314.661254883
0.999965072 0.005204798 0.006532216 -0.272421360 -0.005197539 0.999985814 -0.001127765 -5.207143307 -0.006537994 0.001093774 0.999978006 316.312347412
0.999969065 0.004368754 0.006532625 -0.266348183 -0.004366712 0.999990344 -0.000326881 -5.233526707 -0.006533990 0.000298345 0.999978602 317.944030762
0.999970496 0.003335516 0.006910979 -0.266042680 -0.003324910 0.999993265 -0.001545595 -5.261731625 -0.006916087 0.001522571 0.999974906 319.562774658
0.999970436 0.001735277 0.007483966 -0.268987328 -0.001726691 0.999997854 -0.001153485 -5.291394711 -0.007485951 0.001140529 0.999971330 321.173095703
0.999967277 0.001686444 0.007912727 -0.278206468 -0.001680491 0.999998271 -0.000758958 -5.321100712 -0.007913995 0.000745636 0.999968410 322.777252197
0.999961078 0.001714543 0.008653997 -0.273681313 -0.001706685 0.999998152 -0.000915329 -5.348927975 -0.008655553 0.000900524 0.999962151 324.399505615
0.999957025 0.002948721 0.008787150 -0.264112622 -0.002930853 0.999993622 -0.002045621 -5.374958992 -0.008793127 0.002019780 0.999959290 326.023590088
0.999948442 0.003855830 0.009395688 -0.255989850 -0.003833921 0.999989808 -0.002348717 -5.416141987 -0.009404650 0.002312574 0.999953032 327.652496338
0.999947906 0.002456234 0.009912444 -0.244243875 -0.002455023 0.999996960 -0.000134310 -5.448823452 -0.009912745 0.000109967 0.999950886 329.292663574
0.999948680 0.001537322 0.010024806 -0.234012961 -0.001543720 0.999998629 0.000630483 -5.478518009 -0.010023822 -0.000645926 0.999949574 330.888214111
0.999951124 0.000539487 0.009873818 -0.219322011 -0.000531889 0.999999583 -0.000772113 -5.503526211 -0.009874231 0.000766823 0.999950886 332.532196045
0.999955595 0.001584351 0.009296983 -0.199484885 -0.001576375 0.999998450 -0.000865158 -5.529594421 -0.009298339 0.000850464 0.999956310 334.171051025
0.999946773 0.003789066 0.009596710 -0.215001643 -0.003762228 0.999989092 -0.002813080 -5.564775467 -0.009607263 0.002776826 0.999949932 335.759063721
0.999945521 0.005306946 0.008981762 -0.208453238 -0.005256878 0.999970555 -0.005588864 -5.597600937 -0.009011158 0.005541343 0.999943972 337.379333496
0.999944687 0.006412325 0.008334006 -0.208823159 -0.006371320 0.999967515 -0.004937474 -5.637276173 -0.008365396 0.004884101 0.999953091 338.978240967
0.999947190 0.007472602 0.007043390 -0.206772938 -0.007461856 0.999971032 -0.001550755 -5.670193195 -0.007054773 0.001498115 0.999974012 340.557769775
0.999954462 0.007751985 0.005589918 -0.196056589 -0.007761018 0.999968588 0.001596442 -5.704064369 -0.005577368 -0.001639753 0.999983072 342.187286377
0.999958277 0.008163221 0.004095214 -0.197641343 -0.008165045 0.999966502 0.000428563 -5.731935024 -0.004091579 -0.000461983 0.999991536 343.778198242
0.999968469 0.007622106 0.002223120 -0.201813057 -0.007619380 0.999970198 -0.001232114 -5.757998466 -0.002232445 0.001215136 0.999996722 345.371032715
0.999980032 0.006318919 0.000241833 -0.203807861 -0.006318914 0.999979973 -0.000021855 -5.784617424 -0.000241966 0.000020327 0.999999940 346.954986572
0.999987483 0.004927315 -0.000954087 -0.207411960 -0.004926829 0.999987721 0.000510480 -5.814132690 0.000956590 -0.000505773 0.999999404 348.545684814
0.999988556 0.004654887 -0.001027488 -0.231236577 -0.004655220 0.999989033 -0.000322600 -5.837528706 0.001025975 0.000327380 0.999999404 350.137603760
0.999992669 0.003476634 -0.001594144 -0.236861885 -0.003478926 0.999992907 -0.001437541 -5.863032341 0.001589135 0.001443076 0.999997675 351.725738525
0.999992430 0.003562793 -0.001553612 -0.246297941 -0.003565301 0.999992311 -0.001615122 -5.891165257 0.001547845 0.001620649 0.999997437 353.315277100
0.999994338 0.002851486 -0.001746650 -0.255066723 -0.002854534 0.999994397 -0.001744737 -5.920124054 0.001741665 0.001749713 0.999996960 354.910430908
0.999994636 0.002573076 -0.001990816 -0.262151152 -0.002578006 0.999993622 -0.002477953 -5.949146748 0.001984428 0.002483072 0.999994934 356.509552002
0.999995112 0.002567093 -0.001749050 -0.277420700 -0.002572284 0.999992251 -0.002971967 -5.983952045 0.001741407 0.002976452 0.999994040 358.119537354
0.999996066 0.002088656 -0.001866030 -0.283430427 -0.002093800 0.999993980 -0.002759035 -6.015659809 0.001860255 0.002762932 0.999994457 359.706787109
0.999995410 0.002060720 -0.002193278 -0.287583947 -0.002068601 0.999991536 -0.003597552 -6.046469212 0.002185846 0.003602073 0.999991119 361.302154541
0.999997437 0.000530213 -0.002167638 -0.296095192 -0.000541167 0.999987006 -0.005055806 -6.078486919 0.002164929 0.005056967 0.999984860 362.894775391
0.999997139 -0.000864775 -0.002237191 -0.305268377 0.000857808 0.999994814 -0.003113301 -6.112440109 0.002239871 0.003111373 0.999992669 364.515380859
0.999991655 -0.003101812 -0.002675292 -0.302683800 0.003096358 0.999993145 -0.002040300 -6.147602081 0.002681602 0.002031999 0.999994338 366.112701416
0.999994993 -0.002494904 -0.001942243 -0.325392306 0.002488198 0.999990940 -0.003447328 -6.172455788 0.001950826 0.003442478 0.999992192 367.717163086
0.999998331 -0.001560830 -0.001027682 -0.347626179 0.001556397 0.999989510 -0.004300296 -6.198567390 0.001034383 0.004298690 0.999990225 369.336364746
0.999998808 -0.000443564 -0.001428610 -0.350869864 0.000438814 0.999994397 -0.003323434 -6.237234116 0.001430076 0.003322803 0.999993443 370.932861328
0.999998987 0.001021064 -0.000997124 -0.361641079 -0.001023457 0.999996662 -0.002401540 -6.265892029 0.000994668 0.002402558 0.999996662 372.546813965
0.999999404 0.000807107 -0.000749299 -0.372668654 -0.000808834 0.999996960 -0.002307693 -6.306276321 0.000747434 0.002308297 0.999997079 374.143737793
0.999999464 0.001050139 -0.000210490 -0.394363552 -0.001050863 0.999993443 -0.003467727 -6.330635548 0.000206847 0.003467946 0.999993980 375.738861084
0.999998987 0.001398791 0.000094673 -0.407637864 -0.001398469 0.999993503 -0.003313511 -6.366349220 -0.000099308 0.003313375 0.999994516 377.330383301
0.999998868 0.001457232 0.000418541 -0.404373050 -0.001455936 0.999994218 -0.003080874 -6.402669430 -0.000423028 0.003080261 0.999995112 378.955963135
0.999994636 0.003118285 0.000947307 -0.422731876 -0.003115302 0.999990225 -0.003135125 -6.429178715 -0.000957074 0.003132157 0.999994636 380.587127686
0.999987245 0.004825044 0.001522919 -0.430319101 -0.004821151 0.999985158 -0.002550976 -6.460229397 -0.001535205 0.002543602 0.999995649 382.193817139
0.999977469 0.006330075 0.002224892 -0.454505444 -0.006322396 0.999974072 -0.003441547 -6.487615585 -0.002246619 0.003427403 0.999991596 383.831359863
