1.000000000 0.000000000 -0.000000000 -0.000000000 0.000000000 1.000000000 0.000000000 0.000000000 -0.000000000 0.000000000 1.000000000 0.000000119
0.999997675 -0.001618864 -0.001433141 -0.002485099 0.001617537 0.999998271 -0.000926833 -0.007816763 0.001434639 0.000924513 0.999998569 0.564055741
0.999995410 -0.001834678 -0.002405029 -0.007784801 0.001828459 0.999994993 -0.002585721 -0.017594237 0.002409761 0.002581312 0.999993742 1.119529605
0.999986529 -0.002524068 -0.004540242 -0.009037831 0.002507976 0.999990582 -0.003546627 -0.035240646 0.004549151 0.003535193 0.999983430 1.684786081
0.999970198 -0.004361815 -0.006374561 -0.019980792 0.004326520 0.999975324 -0.005540081 -0.041376732 0.006398568 0.005512336 0.999964356 2.251990795
0.999941707 -0.007094499 -0.008137707 -0.018731123 0.007032980 0.999946594 -0.007563574 -0.055187002 0.008190932 0.007505903 0.999938309 2.815227509
0.999918222 -0.008325830 -0.009705582 -0.024352290 0.008246310 0.999932289 -0.008204659 -0.067742467 0.009773236 0.008123953 0.999919236 3.387181997
0.999903142 -0.008368218 -0.011119474 -0.035353780 0.008284452 0.999937117 -0.007558019 -0.080306873 0.011182020 0.007465169 0.999909639 3.969292641
0.999890268 -0.008713884 -0.011980326 -0.049297892 0.008617727 0.999930382 -0.008054453 -0.093852565 0.012049679 0.007950326 0.999895811 4.562450886
0.999876857 -0.008192000 -0.013382876 -0.055605281 0.008048271 0.999909759 -0.010758634 -0.109410152 0.013469803 0.010649601 0.999852598 5.156489849
0.999871790 -0.006610944 -0.014581348 -0.069747299 0.006398936 0.999873877 -0.014538684 -0.124478474 0.014675622 0.014443517 0.999787986 5.759786129
0.999859810 -0.005356318 -0.015869759 -0.087545209 0.005067320 0.999821544 -0.018195143 -0.138706714 0.015964385 0.018112173 0.999708533 6.372740269
0.999848187 -0.003365035 -0.017097639 -0.104621567 0.003053990 0.999829888 -0.018185904 -0.153171882 0.017155927 0.018130926 0.999688506 7.004199982
0.999828935 -0.001268929 -0.018450104 -0.115113609 0.001057459 0.999933660 -0.011466914 -0.160766646 0.018463429 0.011445444 0.999763966 7.643658638
0.999821603 -0.000227036 -0.018887680 -0.135374531 0.000214684 0.999999762 -0.000655984 -0.177115664 0.018887823 0.000651814 0.999821365 8.302455902
0.999801576 0.000420874 -0.019918831 -0.152214333 -0.000302170 0.999982119 0.005962021 -0.187399596 0.019920984 -0.005954819 0.999783814 8.988169670
0.999767005 0.002952843 -0.021378800 -0.169097394 -0.002853706 0.999984980 0.004666221 -0.199382320 0.021392256 -0.004604125 0.999760568 9.672026634
0.999746799 0.004907613 -0.021957969 -0.194314107 -0.004965420 0.999984264 -0.002578893 -0.204731315 0.021944970 0.002687271 0.999755561 10.364229202
0.999719918 0.004587167 -0.023218010 -0.212044284 -0.004783441 0.999953151 -0.008405082 -0.206485033 0.023178371 0.008513790 0.999695063 11.070861816
0.999700904 0.002217539 -0.024353005 -0.231772482 -0.002388096 0.999972761 -0.006976718 -0.207849324 0.024336873 0.007032789 0.999679029 11.812050819
0.999695063 0.001805837 -0.024624886 -0.253462374 -0.001745756 0.999995470 0.002461136 -0.222425967 0.024629215 -0.002417397 0.999693751 12.567333221
0.999689043 0.001404375 -0.024895167 -0.276897639 -0.001156994 0.999949872 0.009948544 -0.228253394 0.024907893 -0.009916648 0.999640584 13.343280792
0.999676406 0.000539879 -0.025429932 -0.301760525 -0.000224791 0.999923229 0.012391680 -0.230504259 0.025434669 -0.012381954 0.999599814 14.131088257
0.999669015 -0.001246382 -0.025693882 -0.319807708 0.001539948 0.999933720 0.011408901 -0.230972201 0.025677959 -0.011444693 0.999604702 14.939131737
0.999678016 -0.001985012 -0.025296463 -0.339355469 0.002211917 0.999957442 0.008945028 -0.230316728 0.025277633 -0.008998101 0.999639928 15.764925957
0.999699056 0.000756412 -0.024519589 -0.367449462 -0.000616955 0.999983549 0.005694633 -0.232499242 0.024523497 -0.005677791 0.999683082 16.600603104
0.999712169 -0.002633200 -0.023847790 -0.387460530 0.002630998 0.999996483 -0.000123723 -0.235802516 0.023848034 0.000060944 0.999715567 17.456285477
0.999718010 -0.005436309 -0.023120506 -0.406619847 0.005290610 0.999965668 -0.006358204 -0.245270580 0.023154279 0.006234090 0.999712527 18.326047897
0.999742389 -0.004346153 -0.022276528 -0.425049067 0.004082093 0.999921024 -0.011885430 -0.257212013 0.022326427 0.011791434 0.999681175 19.240573883
0.999756992 -0.003236555 -0.021805959 -0.453899860 0.002960236 0.999915063 -0.012692067 -0.272642553 0.021845186 0.012624435 0.999681652 20.145402908
0.999737561 -0.003143714 -0.022692723 -0.470533699 0.002869154 0.999922395 -0.012121426 -0.291762710 0.022729071 0.012053137 0.999669015 21.083858490
0.999750137 -0.001292805 -0.022315782 -0.504381835 0.000990984 0.999907970 -0.013530734 -0.317466259 0.022331221 0.013505238 0.999659419 22.022968292
0.999752402 0.001451482 -0.022202702 -0.526396930 -0.001796767 0.999877632 -0.015539481 -0.340047359 0.022177434 0.015575526 0.999632716 22.991981506
0.999735773 0.004737732 -0.022497222 -0.554383934 -0.005105283 0.999853849 -0.016308405 -0.364240289 0.022416675 0.016418949 0.999613881 23.957195282
0.999724030 0.006555506 -0.022558825 -0.586801469 -0.006924199 0.999843121 -0.016304545 -0.391126424 0.022448404 0.016456246 0.999612629 24.934371948
0.999719977 0.007450727 -0.022459568 -0.619633496 -0.007820567 0.999834478 -0.016424315 -0.417222828 0.022333480 0.016595362 0.999612868 25.911027908
0.999713480 0.007064468 -0.022871066 -0.641657591 -0.007442003 0.999836743 -0.016464286 -0.441963226 0.022751024 0.016629774 0.999602854 26.887992859
0.999694943 0.008501876 -0.023194510 -0.669866860 -0.008857355 0.999844193 -0.015266616 -0.477322340 0.023061104 0.015467403 0.999614418 27.915216446
0.999683559 0.009209385 -0.023409707 -0.699355483 -0.009516323 0.999869764 -0.013034222 -0.506325305 0.023286620 0.013252873 0.999641001 28.931985855
0.999672115 0.009713612 -0.023695936 -0.727411032 -0.009993769 0.999881208 -0.011733360 -0.536189437 0.023579147 0.011966323 0.999650419 29.952322006
0.999660552 0.010068825 -0.024030052 -0.751219034 -0.010379078 0.999863863 -0.012821464 -0.562407911 0.023897685 0.013066523 0.999629021 30.986499786
0.999652743 0.011156819 -0.023871737 -0.790989459 -0.011494277 0.999835193 -0.014046071 -0.588857710 0.023711095 0.014315586 0.999616325 31.994619370
0.999649107 0.010728785 -0.024218649 -0.821797490 -0.011044272 0.999855340 -0.012930641 -0.618059039 0.024076415 0.013193582 0.999623060 33.029609680
0.999640524 0.010488362 -0.024671987 -0.854054630 -0.010754230 0.999885142 -0.010668291 -0.639723420 0.024557263 0.010929785 0.999638736 34.083663940
0.999635756 0.010535619 -0.024848307 -0.893387735 -0.010700532 0.999921441 -0.006513185 -0.670174956 0.024777737 0.006776704 0.999670029 35.127353668
0.999607921 0.010547525 -0.025939113 -0.914870262 -0.010672033 0.999932170 -0.004666362 -0.689613581 0.025888136 0.004941354 0.999652624 36.217029572
0.999594152 0.010829518 -0.026351903 -0.949420691 -0.010946615 0.999930799 -0.004303430 -0.707327187 0.026303478 0.004590146 0.999643505 37.289085388
0.999578476 0.010214957 -0.027177941 -0.976296782 -0.010364435 0.999931931 -0.005364825 -0.734398901 0.027121291 0.005644246 0.999616265 38.381462097
0.999559224 0.010644019 -0.027712608 -1.019080043 -0.010814480 0.999923408 -0.006008497 -0.752864838 0.027646532 0.006305546 0.999597907 39.457393646
0.999547780 0.009761640 -0.028445011 -1.052840233 -0.009902194 0.999939501 -0.004804601 -0.778623223 0.028396392 0.005084096 0.999583721 40.537399292
0.999517500 0.010513385 -0.029227275 -1.091537952 -0.010607452 0.999939024 -0.003065342 -0.794679403 0.029193267 0.003373890 0.999568045 41.623428345
0.999514818 0.009733398 -0.029588021 -1.134219766 -0.009740558 0.999952555 -0.000097900 -0.824716330 0.029585667 0.000386056 0.999562144 42.714725494
0.999491155 0.011355523 -0.029808247 -1.180777669 -0.011368429 0.999935269 -0.000263498 -0.846677721 0.029803324 0.000602236 0.999555528 43.790470123
0.999452770 0.012649233 -0.030562686 -1.208331585 -0.012781224 0.999909699 -0.004127173 -0.870962322 0.030507721 0.004515543 0.999524355 44.874046326
0.999441445 0.013857902 -0.030412303 -1.250168920 -0.014119703 0.999864936 -0.008410595 -0.890435040 0.030291639 0.008835311 0.999502063 45.956264496
0.999440551 0.014264147 -0.030250082 -1.291514158 -0.014531001 0.999857187 -0.008620149 -0.916532040 0.030122804 0.009054891 0.999505281 47.035999298
0.999423325 0.015070528 -0.030428244 -1.329450607 -0.015259299 0.999865651 -0.005981132 -0.941232562 0.030334018 0.006441998 0.999519110 48.132698059
0.999434114 0.015065361 -0.030074673 -1.372292042 -0.015185713 0.999877512 -0.003777317 -0.965944648 0.030014081 0.004231885 0.999540448 49.236091614
0.999455392 0.013608707 -0.030061577 -1.408973455 -0.013692494 0.999902844 -0.002583022 -0.987690449 0.030023510 0.002993233 0.999544621 50.324337006
0.999462783 0.013587439 -0.029824853 -1.442137122 -0.013685688 0.999901533 -0.003092487 -1.015298724 0.029779896 0.003499000 0.999550402 51.413314819
0.999480844 0.012681607 -0.029617332 -1.481882811 -0.012843154 0.999903619 -0.005270618 -1.034556985 0.029547639 0.005648263 0.999547422 52.500732422
0.999490738 0.012492828 -0.029362269 -1.512040615 -0.012715048 0.999891818 -0.007393687 -1.057141900 0.029266724 0.007763266 0.999541521 53.587875366
0.999502599 0.011880121 -0.029211789 -1.548965693 -0.012168097 0.999878883 -0.009700230 -1.090731621 0.029093012 0.010050859 0.999526203 54.689968109
0.999530911 0.009996660 -0.028949093 -1.585139751 -0.010375756 0.999861956 -0.012974813 -1.122826815 0.028815392 0.013269096 0.999496698 55.760658264
0.999549627 0.008501975 -0.028778711 -1.614851594 -0.008924475 0.999853790 -0.014584525 -1.156252027 0.028650505 0.014834793 0.999479413 56.844058990
0.999579847 0.006381032 -0.028274076 -1.648982406 -0.006724675 0.999904454 -0.012075656 -1.189406633 0.028194321 0.012260719 0.999527276 57.931564331
0.999587357 0.005467652 -0.028198346 -1.689457774 -0.005657657 0.999961674 -0.006662766 -1.213878393 0.028160840 0.006819555 0.999580145 59.037467957
0.999602497 0.004035929 -0.027903732 -1.723928332 -0.004056931 0.999991417 -0.000696080 -1.236170650 0.027900686 0.000809008 0.999610364 60.135040283
0.999607503 0.002529352 -0.027900169 -1.751005888 -0.002535133 0.999996781 -0.000171848 -1.256648421 0.027899645 0.000242511 0.999610662 61.225887299
0.999603033 -0.000715569 -0.028162146 -1.776434898 0.000629348 0.999995172 -0.003070347 -1.274392843 0.028164204 0.003051406 0.999598622 62.321651459
0.999610782 -0.002403179 -0.027794570 -1.815576792 0.002226588 0.999977052 -0.006382651 -1.295950413 0.027809272 0.006318279 0.999593318 63.407649994
0.999617815 0.000103265 -0.027644290 -1.852918267 -0.000386089 0.999947548 -0.010225689 -1.328435421 0.027641788 0.010232458 0.999565482 64.498977661
0.999615431 0.000186975 -0.027732458 -1.884133816 -0.000592338 0.999893010 -0.014609435 -1.353611112 0.027726766 0.014620245 0.999508619 65.592277527
0.999631286 0.003220503 -0.026961630 -1.927042246 -0.003639691 0.999872923 -0.015512957 -1.379492044 0.026908249 0.015605372 0.999516070 66.692634583
0.999638915 0.006988274 -0.025942599 -1.978516459 -0.007289035 0.999907076 -0.011516967 -1.418723822 0.025859704 0.011701905 0.999597132 67.790031433
0.999631703 0.008235786 -0.025857389 -2.012995720 -0.008481554 0.999919713 -0.009409484 -1.446064830 0.025777822 0.009625329 0.999621391 68.883880615
0.999639273 0.007220994 -0.025868874 -2.043837070 -0.007445984 0.999935269 -0.008611605 -1.471062541 0.025805015 0.008801118 0.999628305 69.975502014
0.999642313 0.006261915 -0.026002217 -2.070371866 -0.006472160 0.999946952 -0.008009355 -1.499355435 0.025950687 0.008174780 0.999629736 71.080398560
0.999642849 0.005232921 -0.026211299 -2.102514029 -0.005398338 0.999965906 -0.006244123 -1.531447887 0.026177732 0.006383389 0.999636948 72.170188904
0.999646246 0.003398508 -0.026377004 -2.136922598 -0.003519765 0.999983490 -0.004551975 -1.553986669 0.026361097 0.004643207 0.999641716 73.274871826
0.999620378 0.002432588 -0.027445976 -2.165768385 -0.002514880 0.999992490 -0.002964219 -1.576843977 0.027438559 0.003032119 0.999618948 74.364547729
0.999609590 0.001779251 -0.027883429 -2.201915264 -0.001894139 0.999989867 -0.004094421 -1.606420636 0.027875859 0.004145639 0.999602795 75.453971863
0.999598920 0.002100269 -0.028242523 -2.237871885 -0.002319945 0.999967217 -0.007747713 -1.635287642 0.028225329 0.007810127 0.999571085 76.530899048
0.999562860 0.002608798 -0.029447937 -2.265365362 -0.002902783 0.999946296 -0.009944906 -1.659936666 0.029420413 0.010026042 0.999516904 77.611389160
0.999547243 0.004604478 -0.029734666 -2.308344364 -0.004847385 0.999955416 -0.008102245 -1.689465880 0.029696036 0.008242713 0.999525011 78.686126709
0.999522865 0.005752034 -0.030348176 -2.346414328 -0.005864831 0.999976218 -0.003629091 -1.713649035 0.030326582 0.003805348 0.999532819 79.764183044
0.999505162 0.006707303 -0.030732786 -2.389241934 -0.006700370 0.999977469 0.000328565 -1.742783904 0.030734301 -0.000122481 0.999527633 80.834884644
0.999478698 0.007992913 -0.031282820 -2.432596207 -0.007969267 0.999967813 0.000880488 -1.760674715 0.031288855 -0.000630728 0.999510288 81.904617310
0.999467254 0.007882040 -0.031671941 -2.473906755 -0.007936247 0.999967277 -0.001586147 -1.776641369 0.031658407 0.001836659 0.999497116 82.972343445
0.999454498 0.007584704 -0.032143265 -2.517287016 -0.007650534 0.999968827 -0.001925568 -1.806277633 0.032127660 0.002170431 0.999481440 84.048019409
0.999442995 0.006824352 -0.032667473 -2.553708553 -0.006896889 0.999974012 -0.002108327 -1.828588486 0.032652237 0.002332457 0.999464035 85.104385376
0.999420404 0.005426927 -0.033608127 -2.592328548 -0.005495856 0.999983013 -0.001958956 -1.846179247 0.033596929 0.002142527 0.999433219 86.151153564
0.999402821 0.004727164 -0.034229867 -2.623994112 -0.004744087 0.999988616 -0.000413170 -1.873539567 0.034227528 0.000575313 0.999413908 87.175949097
0.999394119 0.004976847 -0.034448676 -2.666270733 -0.004895749 0.999984980 0.002438168 -1.897430778 0.034460302 -0.002268038 0.999403536 88.179000854
0.999335766 0.004162330 -0.036201328 -2.700279474 -0.004046116 0.999986410 0.003282891 -1.919962883 0.036214504 -0.003134236 0.999339163 89.165214539
0.999278903 0.003170028 -0.037836608 -2.749891281 -0.003038247 0.999989092 0.003539885 -1.939546585 0.037847415 -0.003422376 0.999277711 90.126815796
0.999155998 0.002027356 -0.041028570 -2.791081667 -0.001927457 0.999995053 0.002474253 -1.957571030 0.041033387 -0.002393083 0.999154985 91.059226990
0.999019623 0.001855643 -0.044232253 -2.841439009 -0.001784938 0.999997020 0.001637920 -1.979467034 0.044235162 -0.001557363 0.999019980 91.975303650
0.998874545 0.001902379 -0.047391847 -2.892302275 -0.001799882 0.999995887 0.002205329 -1.997026801 0.047395863 -0.002117547 0.998873949 92.874839783
0.998730361 0.003233569 -0.050272010 -2.944132805 -0.003075932 0.999990106 0.003212726 -2.015027285 0.050281908 -0.003054013 0.998730421 93.739540100
0.998558104 0.003818899 -0.053544797 -2.996610641 -0.003587197 0.999983668 0.004422693 -2.032976866 0.053560819 -0.004224241 0.998555660 94.590057373
0.998362243 0.005286059 -0.056964114 -3.040748835 -0.004962260 0.999970615 0.005824216 -2.048312426 0.056993239 -0.005532006 0.998359263 95.409545898
0.998199046 0.006367868 -0.059649378 -3.095297337 -0.005978882 0.999959648 0.006697438 -2.065622330 0.059689622 -0.006328741 0.998196959 96.198776245
0.998053074 0.008349651 -0.061807308 -3.156955719 -0.007908967 0.999941528 0.007371188 -2.081992388 0.061865244 -0.006868007 0.998060882 96.955764771
0.997848809 0.010058428 -0.064779714 -3.207253695 -0.009679597 0.999934196 0.006159191 -2.095302820 0.064837404 -0.005518901 0.997880638 97.686248779
0.997671843 0.011436860 -0.067230634 -3.265917778 -0.011290840 0.999932945 0.002551483 -2.114649296 0.067255311 -0.001786452 0.997734249 98.376930237
0.997473836 0.013924877 -0.069655173 -3.328447819 -0.014043823 0.999900639 -0.001218212 -2.125710487 0.069631279 0.002193359 0.997570395 99.053962708
0.997291565 0.015807630 -0.071830355 -3.375123262 -0.016131062 0.999862134 -0.003924856 -2.146331787 0.071758412 0.005072927 0.997409105 99.689758301
0.997211754 0.017514395 -0.072539702 -3.429293394 -0.017898288 0.999828875 -0.004645524 -2.163051367 0.072445929 0.005930908 0.997354686 100.309364319
0.997240663 0.019984286 -0.071496077 -3.484132528 -0.020340022 0.999783933 -0.004250983 -2.177388906 0.071395673 0.005693486 0.997431815 100.894134521
0.997371793 0.024006214 -0.068362683 -3.534299850 -0.024242235 0.999702513 -0.002624884 -2.195365906 0.068279341 0.004275249 0.997657061 101.463836670
0.997639358 0.026220784 -0.063467458 -3.559420586 -0.026358226 0.999651611 -0.001329142 -2.208566904 0.063410498 0.002998895 0.997983038 102.011611938
0.998047888 0.027255109 -0.056192562 -3.588856936 -0.027260305 0.999627948 0.000674177 -2.220405102 0.056190044 0.000858965 0.998419821 102.539115906
0.998558462 0.026954228 -0.046415631 -3.607472181 -0.026837518 0.999634802 0.003135897 -2.236634493 0.046483204 -0.001885697 0.998917341 103.028747559
0.999052763 0.026517592 -0.034502696 -3.616845131 -0.026382089 0.999642313 0.004376796 -2.246470690 0.034606416 -0.003462397 0.999395013 103.505950928
0.999450445 0.025639527 -0.021009304 -3.619747162 -0.025547298 0.999662757 0.004646512 -2.258666515 0.021121347 -0.004107228 0.999768496 103.962287903
0.999655902 0.025578178 -0.005823884 -3.613583803 -0.025558179 0.999667287 0.003482429 -2.266528130 0.005911017 -0.003332383 0.999976993 104.404014587
0.999638379 0.024069805 0.011994942 -3.590116501 -0.024078896 0.999709845 0.000613992 -2.279651403 -0.011976688 -0.000902594 0.999927878 104.826004028
0.999157429 0.023821020 0.033421196 -3.564538002 -0.023701867 0.999711335 -0.003956751 -2.290948629 -0.033505812 0.003161271 0.999433517 105.246551514
0.998127341 0.021548714 0.057249583 -3.513369322 -0.021086043 0.999740064 -0.008673576 -2.302922964 -0.057421610 0.007450165 0.998322248 105.656745911
0.996234298 0.019335918 0.084518157 -3.452965260 -0.018423615 0.999763489 -0.011560891 -2.315352678 -0.084721707 0.009960227 0.996354938 106.065116882
0.993321717 0.016444324 0.114199616 -3.384140253 -0.015116198 0.999807835 -0.012486163 -2.328728199 -0.114382990 0.010676512 0.993379354 106.447280884
0.989084303 0.013973091 0.146686956 -3.298099041 -0.012016245 0.999826729 -0.014217955 -2.345100880 -0.146860227 0.012300127 0.989080787 106.801956177
0.983026564 0.011757701 0.183086604 -3.208199263 -0.009050591 0.999837101 -0.015614546 -2.358828068 -0.183240399 0.013692469 0.982972801 107.173309326
0.975191951 0.008191054 0.221209556 -3.089238644 -0.004733545 0.999858260 -0.016155612 -2.373516083 -0.221310556 0.014707715 0.975092530 107.536308289
0.965204895 0.006404393 0.261416554 -2.965115547 -0.002065012 0.999855459 -0.016870812 -2.388618469 -0.261486858 0.015743958 0.965078712 107.886390686
0.952964067 0.006675590 0.303009927 -2.835520744 -0.001478171 0.999847889 -0.017378738 -2.410083771 -0.303079873 0.016113408 0.952829003 108.206115723
0.937847495 0.008922150 0.346933126 -2.686792374 -0.002702911 0.999826908 -0.018406106 -2.416802168 -0.347037375 0.016324386 0.937709332 108.530181885
0.920134544 0.009422091 0.391489089 -2.514645100 -0.002937783 0.999848485 -0.017158862 -2.427381992 -0.391591430 0.014638350 0.920022845 108.848770142
0.899636507 0.007995656 0.436566561 -2.340284824 -0.001176258 0.999873102 -0.015888607 -2.438697338 -0.436638236 0.013780453 0.899531722 109.156883240
0.876567900 0.006760598 0.481230825 -2.144806623 0.001159331 0.999868751 -0.016158447 -2.452689648 -0.481276959 0.014721879 0.876445115 109.436454773
0.851353943 0.008082299 0.524529576 -1.925216913 0.001953809 0.999825478 -0.018577166 -2.465148211 -0.524588168 0.016840573 0.851189673 109.728195190
0.823548019 0.009724250 0.567163110 -1.714239240 0.002960182 0.999765694 -0.021439729 -2.488144875 -0.567238688 0.019335557 0.823326468 109.984764099
0.792447627 0.014343537 0.609771192 -1.481367111 0.001416424 0.999677420 -0.025355989 -2.506461382 -0.609938204 0.020956993 0.792171836 110.250328064
0.758633733 0.020524936 0.651193857 -1.226753116 -0.002149385 0.999576986 -0.029001586 -2.519256115 -0.651513755 0.020601923 0.758357167 110.502159119
0.721145451 0.025430884 0.692316771 -0.954998910 -0.003895750 0.999458969 -0.032655180 -2.520483971 -0.692772746 0.020852040 0.720854521 110.749176025
0.681692004 0.025308819 0.731201410 -0.658714414 -0.001916569 0.999459743 -0.032807156 -2.541795254 -0.731636763 0.020962980 0.681372404 110.984901428
0.641270757 0.022815652 0.766975403 -0.346433342 0.002303991 0.999495983 -0.031658951 -2.552327394 -0.767311215 0.022069069 0.640895069 111.173492432
0.596737921 0.020967504 0.802162170 -0.021946473 0.003823879 0.999572873 -0.028972199 -2.560647964 -0.802426994 0.020356188 0.596403003 111.384040833
0.552302122 0.019800324 0.833408833 0.296074867 0.004695975 0.999628067 -0.026861437 -2.569633245 -0.833630800 0.018749295 0.552003801 111.502174377
0.504369557 0.017390274 0.863312721 0.653494537 0.006510789 0.999692082 -0.023941221 -2.578712225 -0.863463402 0.017696070 0.504101038 111.666038513
0.453262717 0.013545514 0.891274035 1.024475098 0.009737282 0.999749660 -0.020146066 -2.587411404 -0.891323805 0.017810049 0.453017324 111.817451477
0.400881737 0.013824617 0.916025460 1.382923841 0.006039811 0.999824464 -0.017732520 -2.610368013 -0.916109860 0.012641265 0.400727957 111.949485779
0.349535644 0.018596677 0.936738491 1.771714211 0.002603899 0.999779820 -0.020819834 -2.623433590 -0.936919451 0.009716446 0.349410236 112.066864014
0.299355537 0.024362601 0.953830540 2.188759327 0.001251473 0.999662995 -0.025926018 -2.631116629 -0.954140782 0.008954790 0.299224228 112.167030334
0.253031105 0.026614875 0.967091978 2.595577955 0.002855453 0.999596536 -0.028256526 -2.642504454 -0.967453957 0.009911266 0.252853036 112.235595703
0.211701110 0.026199054 0.976983190 3.015320778 0.009905415 0.999531686 -0.028950118 -2.659476042 -0.977284253 0.015806196 0.211342499 112.286270142
0.176286131 0.026051123 0.983994126 3.445240498 0.018223239 0.999392033 -0.029723544 -2.670047998 -0.984170318 0.023171410 0.175704256 112.329063416
0.145972118 0.027374838 0.988909841 3.900087833 0.022335842 0.999270976 -0.030958634 -2.683705807 -0.989036560 0.026607234 0.145254269 112.364990234
0.117773227 0.025425579 0.992714942 4.372946739 0.020707346 0.999391913 -0.028053263 -2.706088543 -0.992824614 0.023860417 0.117175132 112.411560059
0.092126854 0.022292536 0.995497704 4.884419918 0.014323425 0.999616206 -0.023710309 -2.716802120 -0.995644271 0.016443294 0.091772206 112.461875916
0.068684332 0.018177329 0.997472823 5.370487690 0.009432801 0.999777436 -0.018868856 -2.734060287 -0.997593820 0.010704958 0.068497568 112.486221313
0.046274830 0.015738437 0.998804748 5.895824432 0.013575374 0.999773562 -0.016382655 -2.752367020 -0.998836517 0.014317253 0.046050686 112.491394043
0.025866827 0.016499441 0.999529243 6.432753563 0.021255143 0.999628603 -0.017051145 -2.768539667 -0.999439418 0.021686198 0.025506519 112.478614807
0.008513219 0.018920250 0.999784708 6.984394073 0.026535001 0.999464631 -0.019140137 -2.784446001 -0.999611616 0.026692234 0.008006610 112.462577820
-0.006468661 0.024287829 0.999684095 7.592169285 0.025570575 0.999382079 -0.024115032 -2.802651644 -0.999652088 0.025406506 -0.007085728 112.473320007
-0.017007820 0.029436389 0.999421895 8.213904381 0.024221154 0.999285400 -0.029020177 -2.801468134 -0.999561965 0.023713581 -0.017708657 112.467124939
-0.023063669 0.028726719 0.999321222 8.831139565 0.025075965 0.999289155 -0.028147057 -2.830246210 -0.999419451 0.024409775 -0.023767628 112.431289673
-0.025568388 0.025879659 0.999338090 9.478206635 0.031724937 0.999182343 -0.025063928 -2.844350338 -0.999169528 0.031063095 -0.026368510 112.407699585
-0.025248384 0.023962222 0.999394000 10.131954193 0.033004783 0.999187648 -0.023123449 -2.869885921 -0.999136209 0.032400955 -0.026018741 112.386360168
-0.023115631 0.023663348 0.999452710 10.811064720 0.031684265 0.999234855 -0.022925390 -2.889325380 -0.999230564 0.031136988 -0.023847703 112.372749329
-0.021619340 0.023899773 0.999480605 11.512012482 0.028135564 0.999332726 -0.023287654 -2.916346550 -0.999370337 0.027617482 -0.022277350 112.366020203
-0.020443879 0.025143186 0.999474764 12.225603104 0.027550172 0.999318242 -0.024575720 -2.932223558 -0.999411404 0.027033281 -0.021122640 112.357681274
-0.019775044 0.026006235 0.999466240 12.951123238 0.026561519 0.999322474 -0.025476964 -2.958691835 -0.999451578 0.026043529 -0.020452410 112.353157043
-0.018723983 0.025591042 0.999497116 13.703783989 0.025966151 0.999347568 -0.025100781 -2.982958555 -0.999487460 0.025483109 -0.019376270 112.342239380
-0.018152440 0.024409397 0.999537230 14.463022232 0.024904815 0.999402761 -0.023953822 -3.005332947 -0.999525070 0.024458472 -0.018749515 112.332389832
-0.017645463 0.023059933 0.999578297 15.220603943 0.025881186 0.999409497 -0.022599157 -3.031445265 -0.999509335 0.025471505 -0.018231861 112.320152283
-0.018114388 0.020905798 0.999617338 16.018430710 0.026356602 0.999444008 -0.020424554 -3.054732084 -0.999488473 0.025976544 -0.018655321 112.306495667
-0.019353487 0.019139659 0.999629498 16.809318542 0.023750959 0.999543428 -0.018678175 -3.082631111 -0.999530613 0.023380673 -0.019799232 112.301406860
-0.020742789 0.018209737 0.999619007 17.595960617 0.022961995 0.999579072 -0.017732533 -3.105511665 -0.999521136 0.022585427 -0.021152187 112.289077759
-0.021593614 0.015603628 0.999645054 18.405473709 0.025417892 0.999563515 -0.015053297 -3.128540993 -0.999443710 0.025083812 -0.021980802 112.265007019
-0.022948744 0.014345190 0.999633789 19.223134995 0.026823696 0.999545753 -0.013728138 -3.146062613 -0.999376774 0.026498824 -0.023323117 112.247207642
-0.024654783 0.013253829 0.999608219 20.049644470 0.024227852 0.999626279 -0.012656504 -3.175339222 -0.999402463 0.023906315 -0.024966687 112.234565735
-0.025252070 0.017945372 0.999520004 20.866119385 0.020938860 0.999628901 -0.017418325 -3.198082447 -0.999461830 0.020488959 -0.025618460 112.214309692
-0.026124010 0.022533260 0.999404669 21.698223114 0.022621688 0.999503314 -0.021944158 -3.225661993 -0.999402761 0.022034952 -0.026620770 112.194877625
-0.027246773 0.024300866 0.999333322 22.541826248 0.022611277 0.999463677 -0.023687538 -3.250886917 -0.999373078 0.021950791 -0.027781632 112.175659180
-0.029351363 0.022349672 0.999319196 23.387401581 0.019048527 0.999580979 -0.021796042 -3.277661085 -0.999387622 0.018395817 -0.029764794 112.168342590
-0.030593932 0.017824484 0.999373019 24.235702515 0.016321193 0.999716520 -0.017330967 -3.310278177 -0.999398708 0.015780734 -0.030876175 112.154167175
-0.030301699 0.012110297 0.999467432 25.073863983 0.015196272 0.999816597 -0.011653809 -3.345359802 -0.999425292 0.014835048 -0.030480171 112.120147705
-0.030434245 0.006717661 0.999514222 25.923482895 0.011457084 0.999914169 -0.006371489 -3.364186049 -0.999471128 0.011257607 -0.030508593 112.099884033
-0.030537724 0.005105417 0.999520600 26.773017883 0.008893440 0.999948740 -0.004835886 -3.391132832 -0.999494076 0.008741499 -0.030581564 112.088615417
-0.029747497 0.011917008 0.999486387 27.602489471 0.011625692 0.999865413 -0.011575513 -3.423522234 -0.999489844 0.011275379 -0.029882031 112.066253662
-0.028011303 0.023052700 0.999341726 28.425954819 0.014154415 0.999642909 -0.022662902 -3.445119143 -0.999507427 0.013510282 -0.028327595 112.031913757
-0.028048646 0.028814957 0.999191165 29.262880325 0.016193749 0.999466300 -0.028368313 -3.465296984 -0.999475360 0.015384960 -0.028500298 112.023315430
-0.026648274 0.023256140 0.999374270 30.105175018 0.017834470 0.999581158 -0.022785403 -3.497529984 -0.999485791 0.017216116 -0.027051879 112.001350403
-0.025438780 0.015858456 0.999550521 30.945764542 0.020846305 0.999665141 -0.015329729 -3.527530670 -0.999458969 0.020446967 -0.025760852 111.976623535
-0.025630662 0.012446173 0.999593973 31.771873474 0.021254929 0.999703169 -0.011902533 -3.560154915 -0.999445379 0.020941233 -0.025887603 111.960281372
-0.025328459 0.012889271 0.999596119 32.584651947 0.021003066 0.999702990 -0.012358458 -3.588286400 -0.999458492 0.020681562 -0.025591651 111.941055298
-0.026167708 0.014045347 0.999558985 33.401065826 0.017824305 0.999748826 -0.013581389 -3.611783028 -0.999498665 0.017461048 -0.026411485 111.926002502
-0.028033527 0.014410189 0.999503136 34.216571808 0.016697071 0.999763429 -0.013945628 -3.634174824 -0.999467552 0.016297834 -0.028267499 111.910324097
-0.030509049 0.013954784 0.999437034 35.026428223 0.015221780 0.999793053 -0.013495089 -3.666236877 -0.999418676 0.014801492 -0.030715154 111.896156311
-0.033051454 0.014265177 0.999351799 35.841876984 0.014338340 0.999801874 -0.013797392 -3.693053722 -0.999350786 0.013873021 -0.033249449 111.879440308
-0.035166528 0.014847241 0.999271154 36.646747589 0.012513981 0.999817610 -0.014414967 -3.716122389 -0.999303102 0.011997936 -0.035345919 111.857017517
-0.037470993 0.013921938 0.999200702 37.454738617 0.010460427 0.999853551 -0.013538757 -3.740638733 -0.999242961 0.009944757 -0.037611134 111.836761475
-0.039083917 0.012930180 0.999152243 38.240154266 0.011098295 0.999860168 -0.012505208 -3.766436338 -0.999174356 0.010600133 -0.039221957 111.799880981
-0.040984962 0.012542286 0.999081016 39.034137726 0.010274402 0.999873579 -0.012130752 -3.796434879 -0.999106884 0.009767783 -0.041108649 111.772514343
-0.042616602 0.013624636 0.998998582 39.817108154 0.010280888 0.999860048 -0.013197809 -3.818707228 -0.999038577 0.009708147 -0.042750712 111.740043640
-0.043850441 0.014005325 0.998939872 40.606273651 0.010724456 0.999850631 -0.013547321 -3.842133284 -0.998980522 0.010119032 -0.043994091 111.714035034
-0.045164309 0.012923086 0.998896003 41.390411377 0.012349615 0.999847054 -0.012377011 -3.863865376 -0.998903215 0.011776982 -0.045316998 111.685119629
-0.046724480 0.012277441 0.998832464 42.174388885 0.014049107 0.999833643 -0.011632543 -3.886352301 -0.998808980 0.013489180 -0.046889197 111.654563904
-0.047963534 0.011313194 0.998785079 42.911380768 0.011622547 0.999874413 -0.010767399 -3.922261238 -0.998781443 0.011091985 -0.048089001 111.618843079
-0.049326304 0.010428711 0.998728395 43.666355133 0.009920570 0.999901235 -0.009950993 -3.942732096 -0.998733461 0.009417110 -0.049424890 111.590980530
-0.050206792 0.009133234 0.998697162 44.405567169 0.008678660 0.999924362 -0.008708162 -3.966622353 -0.998701096 0.008230144 -0.050282262 111.564201355
-0.051178828 0.008776259 0.998650968 45.115299225 0.008993951 0.999924839 -0.008326533 -3.989586830 -0.998649001 0.008555675 -0.051253919 111.531730652
-0.051153045 0.011563036 0.998623908 45.817661285 0.009310638 0.999894977 -0.011100831 -4.009516716 -0.998647392 0.008729986 -0.051255334 111.498733521
-0.051030830 0.014413306 0.998593092 46.534641266 0.008981162 0.999861956 -0.013972660 -4.028625011 -0.998656750 0.008255489 -0.051153243 111.461608887
-0.051098350 0.016156934 0.998562932 47.231723785 0.007227265 0.999848902 -0.015807908 -4.050344944 -0.998667598 0.006409120 -0.051207405 111.432014465
-0.051194485 0.016937649 0.998545110 47.923488617 0.007092956 0.999837041 -0.016595915 -4.074920177 -0.998663604 0.006233016 -0.051306292 111.397567749
-0.051477205 0.016730255 0.998534083 48.631420135 0.008952768 0.999827206 -0.016290380 -4.097580910 -0.998634100 0.008101060 -0.051618092 111.367576599
-0.051748775 0.016108451 0.998530209 49.318458557 0.008802828 0.999838412 -0.015673347 -4.122815609 -0.998621404 0.007978814 -0.051882207 111.334190369
-0.052456722 0.016643878 0.998484552 50.013835907 0.005336160 0.999851406 -0.016386323 -4.141486645 -0.998609066 0.004468500 -0.052537743 111.312866211
-0.052006818 0.016504535 0.998510361 50.693107605 0.002741850 0.999862015 -0.016384069 -4.170398235 -0.998643041 0.001885682 -0.052044895 111.282928467
-0.051963996 0.015203873 0.998533249 51.376827240 0.005439668 0.999873579 -0.014941197 -4.192555428 -0.998634279 0.004655285 -0.052040122 111.251434326
-0.052634858 0.014711383 0.998505414 52.047592163 0.005746572 0.999879301 -0.014428704 -4.213406563 -0.998597324 0.004978531 -0.052713044 111.208000183
-0.056000087 0.013886832 0.998334169 52.715026855 0.002012476 0.999902725 -0.013795764 -4.238646030 -0.998428702 0.001236560 -0.056022592 111.174484253
-0.061364420 0.013259267 0.998027325 53.388320923 -0.001986815 0.999908149 -0.013406415 -4.264087200 -0.998113453 -0.002805573 -0.061332438 111.144325256
-0.066918381 0.017453661 0.997605860 54.045848846 0.002354254 0.999846876 -0.017334951 -4.281193256 -0.997755706 0.001188591 -0.066949241 111.094238281
-0.073368520 0.020437956 0.997095525 54.728698730 0.004903852 0.999785244 -0.020132257 -4.300066948 -0.997292876 0.003412534 -0.073452987 111.035217285
-0.081006713 0.021588093 0.996479809 55.421352386 0.003170067 0.999765873 -0.021401582 -4.332903862 -0.996708572 0.001425235 -0.081056193 110.987922668
-0.087229632 0.020661544 0.995974064 56.068347931 -0.000054754 0.999784768 -0.020745398 -4.357955456 -0.996188223 -0.001864146 -0.087209731 110.931488037
-0.092444368 0.019735726 0.995522261 56.758621216 -0.000004119 0.999803543 -0.019820984 -4.378387451 -0.995717883 -0.001836439 -0.092426114 110.869277954
-0.097030289 0.019982543 0.995080829 57.451171875 -0.002518862 0.999790370 -0.020322729 -4.405478954 -0.995278299 -0.004478392 -0.096959613 110.806358337
-0.101405323 0.019360658 0.994656801 58.140304565 -0.004889739 0.999788821 -0.019959060 -4.425782204 -0.994833231 -0.006887568 -0.101289243 110.745590210
-0.103709660 0.015708087 0.994483650 58.840148926 -0.004925320 0.999854863 -0.016306564 -4.453613281 -0.994595468 -0.006589298 -0.103617243 110.669570923
-0.105072960 0.012682995 0.994383693 59.562690735 -0.002608340 0.999911666 -0.013029120 -4.477223396 -0.994461179 -0.003962697 -0.105030604 110.590316772
-0.107061133 0.010517884 0.994196832 60.275032043 -0.002482541 0.999938071 -0.010845960 -4.493601799 -0.994249344 -0.003629314 -0.107028402 110.519042969
-0.108274825 0.010719762 0.994063258 61.001514435 -0.003175638 0.999933064 -0.011128957 -4.507169247 -0.994115889 -0.004361769 -0.108233549 110.445129395
-0.109061286 0.014636850 0.993927240 61.737255096 -0.001583132 0.999887705 -0.014898338 -4.524366856 -0.994033813 -0.003198350 -0.109025873 110.374351501
-0.108959652 0.017936667 0.993884385 62.472370148 0.004013201 0.999836862 -0.017604128 -4.554177284 -0.994038045 0.002070518 -0.109013878 110.285652161
-0.109989606 0.022644477 0.993674695 63.216011047 0.011034457 0.999706507 -0.021560533 -4.582607269 -0.993871450 0.008593228 -0.110207222 110.198341370
-0.110312082 0.023889311 0.993609846 63.967773438 0.012429561 0.999666035 -0.022654969 -4.604220390 -0.993819296 0.009851017 -0.110572174 110.110206604
-0.110496193 0.021534996 0.993643224 64.717941284 0.010253737 0.999736667 -0.020526811 -4.630385399 -0.993823647 0.007920421 -0.110687919 110.034057617
-0.110405006 0.016633773 0.993747473 65.465644836 0.010990972 0.999819160 -0.015514310 -4.655804634 -0.993825972 0.009209392 -0.110567860 109.952293396
-0.110637732 0.014907786 0.993748963 66.216865540 0.012650822 0.999827564 -0.013590511 -4.678971767 -0.993780315 0.011068118 -0.110807240 109.868972778
-0.111413911 0.014302176 0.993671179 66.950012207 0.013509273 0.999825776 -0.012876057 -4.706304550 -0.993682265 0.011989201 -0.111587718 109.782173157
-0.113075435 0.014910745 0.993474543 67.696846008 0.011860468 0.999836326 -0.013656292 -4.731151104 -0.993515611 0.010238880 -0.113233790 109.705055237
-0.115264662 0.015880559 0.993207872 68.430412292 0.010918255 0.999831975 -0.014719380 -4.752600670 -0.993274808 0.009147472 -0.115418680 109.625289917
-0.117774636 0.015991582 0.992911518 69.175292969 0.012064136 0.999819517 -0.014671847 -4.777224541 -0.992967129 0.010250648 -0.117946312 109.539710999
-0.119729593 0.016266236 0.992673218 69.918571472 0.012187678 0.999814451 -0.014913258 -4.798546791 -0.992731750 0.010312825 -0.119905628 109.453353882
-0.121513411 0.015867257 0.992462993 70.662986755 0.012146389 0.999821007 -0.014497739 -4.821921349 -0.992515504 0.010293173 -0.121684432 109.358802795
-0.123134859 0.016075023 0.992259741 71.412445068 0.009955750 0.999838471 -0.014962339 -4.844668865 -0.992339969 0.008036307 -0.123275004 109.271553040
-0.124173254 0.017663708 0.992103279 72.163536072 0.009927398 0.999813676 -0.016558455 -4.867879391 -0.992210805 0.007792890 -0.124325454 109.181297302
-0.125030905 0.017737083 0.991994262 72.927688599 0.008502665 0.999822557 -0.016805382 -4.891358376 -0.992116332 0.006333404 -0.125159517 109.091247559
-0.126288801 0.018052790 0.991829216 73.688957214 0.008271948 0.999818802 -0.017144954 -4.915715694 -0.991958976 0.006039146 -0.126415223 108.994132996
-0.127576947 0.016739585 0.991687357 74.471641541 0.009259486 0.999834001 -0.015685901 -4.932166100 -0.991785467 0.007181356 -0.127710804 108.903640747
-0.128371641 0.014390235 0.991621733 75.250671387 0.007214265 0.999881744 -0.013576172 -4.954586983 -0.991699934 0.005411027 -0.128460288 108.806129456
-0.130605608 0.012590753 0.991354465 76.047729492 0.003747585 0.999918461 -0.012205796 -4.970327377 -0.991427362 0.002121041 -0.130642161 108.718299866
-0.132402763 0.011664394 0.991127372 76.830337524 0.005066506 0.999925673 -0.011091114 -4.997266293 -0.991183043 0.003553061 -0.132451996 108.606216431
-0.133879915 0.012445685 0.990919411 77.627128601 0.006538024 0.999910355 -0.011675278 -5.016213417 -0.990976036 0.004915571 -0.133949280 108.501861572
-0.136431843 0.013968307 0.990550995 78.426452637 0.005791440 0.999894619 -0.013302394 -5.034064770 -0.990632594 0.003921847 -0.136498377 108.396736145
-0.137879476 0.016738281 0.990307629 79.217781067 0.007008683 0.999848485 -0.015923733 -5.067868233 -0.990424275 0.004745197 -0.137975946 108.287727356
-0.138348088 0.020886874 0.990163326 80.029899597 0.009092231 0.999762177 -0.019818967 -5.088007450 -0.990341961 0.006260879 -0.138505101 108.176429749
-0.139505163 0.024574475 0.989916384 80.842231750 0.009736601 0.999677658 -0.023444658 -5.126452923 -0.990173519 0.006367770 -0.139699504 108.056762695
-0.139437765 0.025897738 0.989892125 81.668838501 0.011987819 0.999628723 -0.024463849 -5.153149605 -0.990158379 0.008455465 -0.139696479 107.943656921
-0.138803914 0.025007036 0.990004182 82.498474121 0.015170914 0.999617457 -0.023122823 -5.186644077 -0.990203738 0.011809729 -0.139130220 107.826972961
-0.138605803 0.022924507 0.990082324 83.328483582 0.015972633 0.999653697 -0.020910051 -5.219632626 -0.990218878 0.012915968 -0.138924003 107.705528259
-0.137405396 0.021411762 0.990283430 84.177574158 0.015096609 0.999695480 -0.019520555 -5.247853756 -0.990399897 0.012267691 -0.137686804 107.588783264
-0.136179283 0.018913593 0.990503669 85.032196045 0.014586031 0.999747634 -0.017084748 -5.274920940 -0.990576863 0.012120929 -0.136420801 107.492507935
-0.134793893 0.015992945 0.990744650 85.888984680 0.015109698 0.999786735 -0.014083180 -5.297802925 -0.990758479 0.013071527 -0.135006770 107.385574341
-0.132852942 0.012665709 0.991054833 86.739562988 0.015492081 0.999822795 -0.010701016 -5.324076653 -0.991014719 0.013931840 -0.133025587 107.269714355
-0.131370097 0.012414573 0.991255641 87.588890076 0.013533958 0.999850750 -0.010728576 -5.349927425 -0.991241038 0.012006202 -0.131518513 107.168907166
-0.130183011 0.016485289 0.991352916 88.441551208 0.013991210 0.999792695 -0.014788328 -5.377889633 -0.991391242 0.011945039 -0.130386651 107.061614990
-0.128027543 0.022819832 0.991508007 89.292564392 0.015061366 0.999664605 -0.021062771 -5.402701378 -0.991656244 0.012236853 -0.128328294 106.951698303
-0.126789764 0.026304236 0.991580725 90.145133972 0.012648275 0.999609828 -0.024899947 -5.427481174 -0.991848946 0.009384727 -0.127073020 106.855895996
-0.125393480 0.023815565 0.991821170 91.002738953 0.011436551 0.999679983 -0.022558380 -5.457464695 -0.992041111 0.008514340 -0.125625715 106.751914978
