1.000000000 -0.000000000 0.000000000 -0.000000030 -0.000000000 0.999999940 0.000000000 -0.000000030 0.000000000 0.000000000 0.999999940 -0.000000119
0.999997675 -0.001607839 -0.001418620 -0.003060360 0.001606519 0.999998212 -0.000930811 -0.007724329 0.001420114 0.000928530 0.999998510 0.563878596
0.999995530 -0.001791322 -0.002400098 -0.007952693 0.001785101 0.999994993 -0.002591504 -0.017480627 0.002404728 0.002587208 0.999993682 1.119512200
0.999986589 -0.002518381 -0.004529961 -0.009212740 0.002502329 0.999990523 -0.003545462 -0.035157554 0.004538847 0.003534079 0.999983370 1.684736371
0.999970078 -0.004385152 -0.006376527 -0.020055469 0.004349967 0.999975264 -0.005521227 -0.041472681 0.006400580 0.005493324 0.999964356 2.251591444
0.999952018 -0.006871360 -0.006975573 -0.042336080 0.006821702 0.999951422 -0.007117945 -0.063598998 0.007024144 0.007070019 0.999950230 2.792373657
0.999931991 -0.008029477 -0.008450114 -0.048685584 0.007963385 0.999937534 -0.007826135 -0.075541228 0.008512425 0.007758311 0.999933660 3.363191366
0.999919832 -0.008011340 -0.009799798 -0.059814893 0.007940992 0.999942482 -0.007196447 -0.087619290 0.009856888 0.007118051 0.999926031 3.946055174
0.999906123 -0.008444794 -0.010784137 -0.071523592 0.008362981 0.999935985 -0.007609019 -0.102211572 0.010847703 0.007518116 0.999912918 4.538116932
0.999897242 -0.007850677 -0.011984245 -0.081759468 0.007726053 0.999915957 -0.010410101 -0.116509028 0.012064964 0.010316443 0.999873996 5.129475594
0.999894977 -0.006141479 -0.013123052 -0.097381622 0.005955398 0.999881804 -0.014172005 -0.132163718 0.013208537 0.014092366 0.999813437 5.731998920
0.999882340 -0.005066457 -0.014471771 -0.112053744 0.004809447 0.999830961 -0.017739324 -0.146506131 0.014559200 0.017667633 0.999737859 6.346924305
0.999871850 -0.003051428 -0.015706100 -0.127654135 0.002771802 0.999837816 -0.017794697 -0.160289288 0.015757849 0.017748885 0.999718308 6.975600719
0.999854326 -0.000840179 -0.017046407 -0.139265329 0.000651008 0.999938130 -0.011099900 -0.167899251 0.017054675 0.011087185 0.999793053 7.614859104
0.999848723 0.000367642 -0.017384646 -0.159620315 -0.000375491 0.999999702 -0.000448239 -0.182335898 0.017384481 0.000454698 0.999848783 8.272384644
0.999829531 0.000867044 -0.018441327 -0.175523490 -0.000751210 0.999979913 0.006287212 -0.193677425 0.018446410 -0.006272286 0.999810219 8.960221291
0.999797523 0.003447717 -0.019820964 -0.193515182 -0.003349237 0.999981880 0.004999510 -0.206506401 0.019837841 -0.004932113 0.999790967 9.640563965
0.999778330 0.005420872 -0.020340173 -0.219135672 -0.005466652 0.999982655 -0.002195720 -0.212470815 0.020327916 0.002306425 0.999790609 10.333624840
0.999753356 0.005142746 -0.021603623 -0.235127747 -0.005317275 0.999953628 -0.008029081 -0.213669837 0.021561332 0.008141972 0.999734223 11.039593697
0.999736845 0.002712357 -0.022776583 -0.252325743 -0.002862278 0.999974430 -0.006552255 -0.214846581 0.022758229 0.006615723 0.999719024 11.780573845
0.999731719 0.002477459 -0.023028430 -0.276029438 -0.002413155 0.999993205 0.002819746 -0.230521113 0.023035254 -0.002763419 0.999730766 12.535895348
0.999725223 0.002182564 -0.023337901 -0.297826290 -0.001942713 0.999945104 0.010295020 -0.236468509 0.023359088 -0.010246852 0.999674618 13.312231064
0.999715745 0.001265507 -0.023807865 -0.322254717 -0.000963456 0.999918938 0.012694234 -0.237610713 0.023822000 -0.012667687 0.999635935 14.100820541
0.999710858 -0.000658924 -0.024037108 -0.339136213 0.000941312 0.999930620 0.011738582 -0.237209335 0.024027703 -0.011757812 0.999642134 14.907217979
0.999722719 -0.001216258 -0.023513611 -0.359063596 0.001438384 0.999954462 0.009432090 -0.239474967 0.023501070 -0.009463299 0.999679029 15.728816032
0.999739170 0.001502792 -0.022784490 -0.385184526 -0.001362191 0.999979913 0.006185178 -0.241490558 0.022793325 -0.006152528 0.999721289 16.565618515
0.999752879 -0.001875321 -0.022149175 -0.404729813 0.001880853 0.999998152 0.000228908 -0.242194548 0.022148700 -0.000270509 0.999754667 17.423973083
0.999760151 -0.004633486 -0.021403404 -0.420392156 0.004509391 0.999972761 -0.005842575 -0.253780037 0.021429889 0.005744658 0.999753892 18.291751862
0.999787450 -0.003161259 -0.020371966 -0.440784335 0.002928643 0.999930322 -0.011438156 -0.266330987 0.020406703 0.011376063 0.999726951 19.197071075
0.999798357 -0.002007569 -0.019980615 -0.467273265 0.001763111 0.999923468 -0.012244839 -0.281501830 0.020003669 0.012207139 0.999725401 20.102329254
0.999782443 -0.001915333 -0.020771766 -0.484328628 0.001670913 0.999929309 -0.011777906 -0.299676031 0.020792853 0.011740635 0.999714851 21.041704178
0.999787033 -0.000089951 -0.020641707 -0.513052702 -0.000181285 0.999913752 -0.013137972 -0.324880570 0.020641105 0.013138915 0.999700606 21.980201721
0.999789536 0.002931749 -0.020300256 -0.534523964 -0.003240343 0.999879301 -0.015185286 -0.348568916 0.020253293 0.015247873 0.999678552 22.936067581
0.999766111 0.006177075 -0.020726928 -0.559498668 -0.006506320 0.999853075 -0.015855234 -0.373207152 0.020625949 0.015986385 0.999659419 23.900989532
0.999761105 0.007901218 -0.020376988 -0.597401977 -0.008226776 0.999839008 -0.015942750 -0.398869604 0.020247746 0.016106578 0.999665201 24.884010315
0.999747872 0.008799877 -0.020658627 -0.623084903 -0.009130143 0.999831080 -0.015947357 -0.426043093 0.020514805 0.016131951 0.999659300 25.856885910
0.999740005 0.008849756 -0.021010466 -0.636914849 -0.009182082 0.999833405 -0.015773682 -0.457211107 0.020867368 0.015962498 0.999654770 26.858060837
0.999722123 0.009904117 -0.021389792 -0.661506057 -0.010213938 0.999843776 -0.014424108 -0.487112164 0.021243591 0.014638571 0.999667168 27.860050201
0.999711215 0.010207342 -0.021754192 -0.687020600 -0.010482660 0.999865890 -0.012579616 -0.512863457 0.021622866 0.012804026 0.999684095 28.876993179
0.999704719 0.010896251 -0.021718776 -0.720489204 -0.011149268 0.999870956 -0.011562814 -0.541242659 0.021589987 0.011801547 0.999697149 29.899164200
0.999700844 0.010939727 -0.021874554 -0.745485902 -0.011215189 0.999858856 -0.012510042 -0.568729281 0.021734612 0.012751627 0.999682367 30.925235748
0.999685466 0.011768390 -0.022145448 -0.772564411 -0.012071114 0.999834776 -0.013586137 -0.594467521 0.021981904 0.013849184 0.999662399 31.957784653
0.999690235 0.011571902 -0.022034461 -0.808027804 -0.011853063 0.999849379 -0.012672568 -0.620712459 0.021884501 0.012929820 0.999676883 32.993083954
0.999677002 0.011314556 -0.022757610 -0.836126924 -0.011545962 0.999882698 -0.010062812 -0.646017730 0.022641087 0.010322319 0.999690294 34.037811279
0.999662161 0.011742488 -0.023187343 -0.866456091 -0.011897534 0.999907613 -0.006560082 -0.666801929 0.023108171 0.006833737 0.999709547 35.091976166
0.999653101 0.012164582 -0.023361193 -0.907177269 -0.012269856 0.999915123 -0.004368392 -0.686369598 0.023306070 0.004653516 0.999717474 36.146945953
0.999633133 0.011255092 -0.024633229 -0.915974677 -0.011345336 0.999929368 -0.003526866 -0.714658380 0.024591792 0.003805044 0.999690354 37.236598969
0.999613523 0.010783073 -0.025625976 -0.939493299 -0.010922386 0.999926150 -0.005302676 -0.730167925 0.025566909 0.005580523 0.999657512 38.311134338
0.999606133 0.011457124 -0.025619093 -0.986298919 -0.011609939 0.999915600 -0.005824191 -0.748284996 0.025550203 0.006119333 0.999654770 39.399829865
0.999586225 0.011224575 -0.026485471 -1.018046737 -0.011348395 0.999925256 -0.004529349 -0.771835268 0.026432656 0.004828042 0.999638915 40.459167480
0.999570251 0.010778795 -0.027259149 -1.054435015 -0.010852393 0.999937832 -0.002553364 -0.791214883 0.027229935 0.002848094 0.999625087 41.565879822
0.999550879 0.011094383 -0.027836928 -1.090762138 -0.011095654 0.999938488 0.000108796 -0.813406467 0.027836422 0.000200122 0.999612451 42.649269104
0.999530733 0.012274780 -0.028063871 -1.131101251 -0.012272131 0.999924541 0.000266670 -0.838337898 0.028065030 0.000077859 0.999606073 43.723598480
0.999496341 0.013582614 -0.028680401 -1.169433355 -0.013693213 0.999899566 -0.003663377 -0.861667097 0.028627761 0.004054259 0.999581873 44.824745178
0.999472976 0.015101559 -0.028733412 -1.201218247 -0.015335845 0.999850750 -0.007950983 -0.879359841 0.028609054 0.008387444 0.999555469 45.901084900
0.999476492 0.015367392 -0.028469166 -1.242588520 -0.015609833 0.999843538 -0.008313335 -0.902640581 0.028336959 0.008753382 0.999560058 46.984203339
0.999470770 0.016083011 -0.028275866 -1.276232243 -0.016248919 0.999851882 -0.005647495 -0.928304553 0.028180847 0.006103958 0.999584198 48.067493439
0.999459982 0.016706191 -0.028296702 -1.312573910 -0.016811017 0.999852657 -0.003470612 -0.955158353 0.028234549 0.003944434 0.999593556 49.177646637
0.999487400 0.014681621 -0.028448643 -1.346200466 -0.014745761 0.999889135 -0.002046123 -0.978924334 0.028415455 0.002464572 0.999593139 50.269031525
0.999512911 0.014605161 -0.027578611 -1.387379885 -0.014682989 0.999888718 -0.002621663 -1.004733205 0.027537255 0.003025323 0.999616206 51.355762482
0.999519348 0.013676259 -0.027818877 -1.418891191 -0.013817209 0.999892533 -0.004880754 -1.020799398 0.027749142 0.005262788 0.999601007 52.448451996
0.999524534 0.013902306 -0.027521111 -1.453017473 -0.014096691 0.999876857 -0.006881767 -1.048364401 0.027422050 0.007266451 0.999597549 53.534400940
0.999545097 0.012938347 -0.027241517 -1.485861540 -0.013197684 0.999869049 -0.009361759 -1.075166702 0.027116820 0.009717027 0.999585092 54.629890442
0.999564290 0.011278692 -0.027275911 -1.518254399 -0.011622696 0.999854386 -0.012486628 -1.110124588 0.027131101 0.012798209 0.999549925 55.715877533
0.999588966 0.009523419 -0.027039938 -1.547273636 -0.009910779 0.999849558 -0.014227787 -1.142516613 0.026900373 0.014489925 0.999533057 56.797653198
0.999612331 0.008313142 -0.026570363 -1.584329128 -0.008631057 0.999892116 -0.011872776 -1.175369978 0.026468797 0.012097504 0.999576390 57.886871338
0.999627709 0.006690423 -0.026449151 -1.612509131 -0.006845945 0.999959648 -0.005793883 -1.203421593 0.026409322 0.005972793 0.999633312 58.975898743
0.999639750 0.005109318 -0.026347542 -1.641408324 -0.005117551 0.999986887 -0.000245054 -1.223962069 0.026345942 0.000379800 0.999652803 60.082466125
0.999640107 0.003375890 -0.026612338 -1.668401122 -0.003371102 0.999994338 0.000224733 -1.240390062 0.026612945 -0.000134939 0.999645770 61.174896240
0.999658048 0.000369773 -0.026147200 -1.699148059 -0.000444584 0.999995828 -0.002855369 -1.257624865 0.026146038 0.002866017 0.999653995 62.266391754
0.999664783 -0.001205675 -0.025862923 -1.734324932 0.001058375 0.999983072 -0.005708355 -1.285559177 0.025869371 0.005679070 0.999649107 63.364616394
0.999662042 0.000882748 -0.025981311 -1.770659328 -0.001135499 0.999952018 -0.009715036 -1.311331511 0.025971493 0.009741254 0.999615192 64.452239990
0.999665737 0.001299556 -0.025819354 -1.802025795 -0.001661829 0.999900281 -0.014014564 -1.338619709 0.025798563 0.014052786 0.999568403 65.534461975
0.999677360 0.004084795 -0.025069922 -1.838376760 -0.004450994 0.999883890 -0.014568707 -1.370235562 0.025007503 0.014675593 0.999579549 66.636009216
0.999670208 0.008287388 -0.024311591 -1.881782293 -0.008557498 0.999902487 -0.011027403 -1.403328776 0.024217835 0.011231811 0.999643564 67.745994568
0.999667227 0.009592929 -0.023946796 -1.918360949 -0.009804318 0.999913812 -0.008725737 -1.431433678 0.023861026 0.008957614 0.999675155 68.837677002
0.999665976 0.008581663 -0.024378426 -1.941863179 -0.008778092 0.999929667 -0.007961979 -1.458230257 0.024308385 0.008173315 0.999671102 69.925994873
0.999673069 0.007685008 -0.024386363 -1.969313979 -0.007868457 0.999941349 -0.007435596 -1.485418081 0.024327792 0.007625048 0.999674916 71.043266296
0.999679625 0.006681981 -0.024412254 -2.001772165 -0.006827520 0.999959350 -0.005883316 -1.514440298 0.024371952 0.006048107 0.999684632 72.134979248
0.999685526 0.004903470 -0.024594249 -2.034008980 -0.004996608 0.999980569 -0.003726964 -1.541172743 0.024575502 0.003848680 0.999690533 73.226959229
0.999665916 0.003985761 -0.025535302 -2.064375877 -0.004042518 0.999989390 -0.002171432 -1.567572236 0.025526378 0.002273933 0.999671459 74.335113525
0.999659956 0.003404605 -0.025852775 -2.099977732 -0.003483924 0.999989331 -0.003023644 -1.595728159 0.025842210 0.003112685 0.999661148 75.427169800
0.999638617 0.003042118 -0.026708134 -2.125308990 -0.003227334 0.999971032 -0.006894450 -1.619977474 0.026686383 0.006978153 0.999619424 76.492301941
0.999619186 0.004138317 -0.027282042 -2.163706064 -0.004390676 0.999948025 -0.009196574 -1.648088694 0.027242567 0.009312861 0.999585390 77.598464966
0.999592602 0.006109278 -0.027878314 -2.199645758 -0.006318980 0.999952316 -0.007440206 -1.672487974 0.027831528 0.007613339 0.999583602 78.680870056
0.999571204 0.007499652 -0.028302722 -2.242032290 -0.007595287 0.999965787 -0.003273000 -1.697706819 0.028277205 0.003486564 0.999593914 79.770477295
0.999540806 0.008733070 -0.029016580 -2.278236151 -0.008719035 0.999961793 0.000610193 -1.718373537 0.029020801 -0.000356916 0.999578655 80.843971252
0.999516845 0.010037124 -0.029417112 -2.320366383 -0.009998901 0.999948978 0.001446151 -1.741528749 0.029430125 -0.001151313 0.999566138 81.925643921
0.999511719 0.009195335 -0.029866651 -2.361384630 -0.009210445 0.999957502 -0.000368343 -1.772024274 0.029861994 0.000643249 0.999553800 82.989799500
0.999506652 0.009169387 -0.030038722 -2.402976513 -0.009201921 0.999957144 -0.000944993 -1.792139530 0.030028770 0.001220940 0.999548316 84.055511475
0.999487936 0.009067965 -0.030687394 -2.438966751 -0.009113896 0.999957502 -0.001357183 -1.810655475 0.030673783 0.001636169 0.999528050 85.119071960
0.999460876 0.007335356 -0.032001693 -2.465759039 -0.007374591 0.999972165 -0.001108211 -1.835034609 0.031992666 0.001343613 0.999487162 86.141181946
0.999459982 0.006163448 -0.032276858 -2.505675554 -0.006169639 0.999980927 -0.000092197 -1.849794984 0.032275669 0.000291284 0.999478936 87.164741516
0.999445558 0.006327769 -0.032693561 -2.546033382 -0.006233273 0.999976039 0.002991536 -1.877904177 0.032711711 -0.002786090 0.999460936 88.173194885
0.999418199 0.005611212 -0.033640977 -2.583465099 -0.005482821 0.999977291 0.003907517 -1.899940491 0.033662144 -0.003720796 0.999426246 89.152183533
0.999353230 0.004359140 -0.035694256 -2.622560978 -0.004206733 0.999981642 0.004343777 -1.918158412 0.035712536 -0.004190811 0.999353290 90.105522156
0.999235630 0.003794847 -0.038907349 -2.666714430 -0.003662400 0.999987185 0.003474897 -1.941424608 0.038920034 -0.003329747 0.999236703 91.048072815
0.999087632 0.003557367 -0.042558614 -2.705135345 -0.003453132 0.999990761 0.002522477 -1.957459450 0.042567201 -0.002373215 0.999090791 91.974258423
0.998959303 0.003239910 -0.045495521 -2.752307653 -0.003107092 0.999990702 0.002989790 -1.975491762 0.045504779 -0.002845320 0.998960078 92.865348816
0.998809636 0.004636625 -0.048558049 -2.802885056 -0.004446325 0.999981940 0.004026310 -1.994308233 0.048575845 -0.003805612 0.998812258 93.736106873
0.998641670 0.005089445 -0.051852394 -2.849922657 -0.004823582 0.999974549 0.005251131 -2.013905287 0.051877797 -0.004993883 0.998640895 94.576423645
0.998465240 0.006420838 -0.055007309 -2.898736954 -0.006065666 0.999959648 0.006621337 -2.026492357 0.055047605 -0.006277518 0.998463929 95.392448425
0.998327315 0.007803036 -0.057287358 -2.958057642 -0.007386843 0.999944806 0.007473192 -2.042515039 0.057342503 -0.007037518 0.998329818 96.179824829
0.998135090 0.009806364 -0.060251944 -3.005676985 -0.009345070 0.999924839 0.007933144 -2.056028605 0.060325220 -0.007355289 0.998151660 96.944953918
0.997964144 0.011407404 -0.062749363 -3.057433367 -0.011003883 0.999916494 0.006772533 -2.071701527 0.062821396 -0.006068259 0.998006225 97.672935486
0.997786999 0.013049814 -0.065198191 -3.118914127 -0.012864016 0.999911845 0.003268739 -2.089650154 0.065235116 -0.002422794 0.997866929 98.369590759
0.997575343 0.015528006 -0.067839764 -3.173931599 -0.015583463 0.999878407 -0.000288351 -2.105544090 0.067827053 0.001344831 0.997696161 99.033439636
0.997408450 0.017363995 -0.069820955 -3.229876995 -0.017616536 0.999840200 -0.003002858 -2.119674206 0.069757655 0.004225079 0.997554958 99.683128357
0.997317493 0.019146062 -0.070649102 -3.282508135 -0.019469835 0.999802828 -0.003896978 -2.136065483 0.070560560 0.005262051 0.997493565 100.302833557
0.997328162 0.021563197 -0.069796085 -3.326193333 -0.021853184 0.999755383 -0.003393710 -2.154000282 0.069705844 0.004909909 0.997555614 100.877143860
0.997451365 0.025709195 -0.066556305 -3.373658180 -0.025900528 0.999662399 -0.002013277 -2.167576551 0.066482089 0.003731989 0.997780621 101.445068359
0.997739792 0.028188467 -0.060996581 -3.413113594 -0.028272627 0.999599993 -0.000516928 -2.181583166 0.060957603 0.002240292 0.998137891 101.983421326
0.998144805 0.028966192 -0.053552456 -3.440119028 -0.028918061 0.999580264 0.001673644 -2.198145866 0.053578466 -0.000121907 0.998563647 102.503501892
0.998614609 0.028876225 -0.043988436 -3.459270477 -0.028720606 0.999578714 0.004165727 -2.210962296 0.044090196 -0.002896582 0.999023318 103.017051697
0.999075234 0.028385801 -0.032292038 -3.466947556 -0.028238088 0.999588549 0.005021416 -2.217873096 0.032421287 -0.004104909 0.999465883 103.493324280
0.999447227 0.027278874 -0.018998850 -3.464490891 -0.027182890 0.999616444 0.005292353 -2.230782986 0.019135928 -0.004772983 0.999805450 103.937004089
0.999623895 0.027141070 -0.003894519 -3.456131220 -0.027124025 0.999622524 0.004366089 -2.240598202 0.004011545 -0.004258811 0.999982834 104.374649048
0.999569178 0.025668509 0.014222087 -3.439725399 -0.025690189 0.999669135 0.001343735 -2.250910044 -0.014182892 -0.001708525 0.999897957 104.799362183
0.999055982 0.025341723 0.035281647 -3.405641556 -0.025247917 0.999676526 -0.003101839 -2.265992641 -0.035348844 0.002208122 0.999372542 105.210426331
0.997944236 0.023219500 0.059732780 -3.362114429 -0.022791887 0.999709547 -0.007830206 -2.276683807 -0.059897251 0.006452685 0.998183608 105.617630005
0.995993257 0.021191681 0.086880371 -3.304224014 -0.020316990 0.999733865 -0.010939788 -2.283823729 -0.087089092 0.009130808 0.996158600 106.017944336
0.992995620 0.018270995 0.116729185 -3.228821754 -0.016997060 0.999784708 -0.011899805 -2.299520016 -0.116921484 0.009832401 0.993092537 106.409751892
0.988620996 0.016086701 0.149564654 -3.146256447 -0.014142830 0.999801219 -0.014051484 -2.310648441 -0.149760962 0.011776322 0.988652050 106.796936035
0.982641101 0.013512098 0.185024187 -3.054660797 -0.010852684 0.999822736 -0.015378599 -2.328435183 -0.185199216 0.013103631 0.982613623 107.135993958
0.974662304 0.010538557 0.223432869 -2.934169769 -0.007162091 0.999847591 -0.015916778 -2.341495514 -0.223566562 0.013913236 0.974589348 107.500900269
0.964602470 0.008151973 0.263582230 -2.810600281 -0.003850094 0.999850869 -0.016833261 -2.355736732 -0.263680100 0.015222586 0.964490056 107.849502563
0.952187836 0.009075190 0.305378199 -2.678487778 -0.003852100 0.999835849 -0.017701911 -2.373981714 -0.305488706 0.015679197 0.952066600 108.178833008
0.936764359 0.011301356 0.349778056 -2.541629791 -0.005186468 0.999816895 -0.018413933 -2.384706020 -0.349922150 0.015435401 0.936651587 108.490974426
0.918911815 0.011443480 0.394296914 -2.371749878 -0.005038062 0.999837995 -0.017276557 -2.395118237 -0.394430727 0.013889139 0.918820620 108.807525635
0.898376346 0.010681404 0.439096749 -2.188869476 -0.003946383 0.999860108 -0.016248301 -2.406283379 -0.439208865 0.012864242 0.898292840 109.117935181
0.875518382 0.009412606 0.483093202 -1.988430023 -0.001378266 0.999854803 -0.016983354 -2.417229176 -0.483182877 0.014203405 0.875404239 109.393486023
0.850206435 0.010427497 0.526346326 -1.769866943 -0.000235934 0.999811172 -0.019426256 -2.431042671 -0.526449442 0.016392142 0.850048363 109.682403564
0.822411120 0.012293774 0.568760872 -1.548217773 0.000815432 0.999740005 -0.022788482 -2.450702429 -0.568893015 0.019205285 0.822187066 109.952484131
0.791259289 0.016974270 0.611245155 -1.313812256 -0.000645680 0.999637306 -0.026924077 -2.468364477 -0.611480355 0.020909261 0.790983140 110.218551636
0.757190585 0.023087075 0.652785897 -1.060634613 -0.004249444 0.999528110 -0.030421220 -2.484025002 -0.653180122 0.020260684 0.756931365 110.472045898
0.719749689 0.027937897 0.693671227 -0.787418365 -0.005965303 0.999401987 -0.034061756 -2.487075806 -0.694208026 0.020377975 0.719485819 110.716445923
0.680625319 0.027890624 0.732100666 -0.492530823 -0.003872082 0.999398172 -0.034473937 -2.507375240 -0.732621551 0.020629082 0.680323482 110.936889648
0.639836311 0.025319837 0.768094063 -0.178649902 0.000480507 0.999443710 -0.033346433 -2.520273685 -0.768511057 0.021705337 0.639468074 111.135742188
0.594965935 0.023667702 0.803402364 0.146236420 0.001787257 0.999524951 -0.030768909 -2.530549526 -0.803748906 0.019742344 0.594640970 111.349227905
0.550039351 0.022355063 0.834839582 0.467456818 0.002118944 0.999601066 -0.028163083 -2.544944525 -0.835136056 0.017259780 0.549772620 111.475738525
0.501976192 0.019919289 0.864651978 0.825942993 0.004031893 0.999669909 -0.025370467 -2.554578304 -0.864872158 0.016221551 0.501730084 111.639938354
0.450993150 0.016119216 0.892381787 1.193954468 0.007173766 0.999739110 -0.021683916 -2.565065861 -0.892498612 0.016181035 0.450759917 111.785339355
0.398307502 0.016267858 0.917107701 1.555747986 0.003836997 0.999804437 -0.019401193 -2.588438988 -0.917243898 0.011246580 0.398167133 111.921104431
0.347438604 0.021611433 0.937453628 1.944137573 -0.000482291 0.999738336 -0.022868555 -2.600618362 -0.937702596 0.007493295 0.347358167 112.031944275
0.296988815 0.026603417 0.954510272 2.329704285 -0.000777162 0.999618173 -0.027618824 -2.613240480 -0.954880655 0.007460672 0.296896070 112.118324280
0.250349373 0.028769128 0.967728078 2.726060867 0.000790078 0.999552011 -0.029919598 -2.626526117 -0.968155324 0.008254934 0.250214428 112.187400818
0.209190786 0.028652117 0.977454960 3.151874542 0.008029418 0.999486566 -0.031016342 -2.641305208 -0.977841854 0.014336731 0.208853304 112.238555908
0.173927829 0.028357705 0.984350085 3.585521698 0.016506493 0.999360919 -0.031706728 -2.657694101 -0.984619975 0.021762850 0.173348606 112.282028198
0.143618748 0.029763471 0.989185393 4.047078133 0.020725936 0.999237895 -0.033075113 -2.669576645 -0.989416003 0.025251998 0.142892405 112.315811157
0.115579635 0.027977318 0.992904127 4.492506981 0.019240145 0.999352634 -0.030398676 -2.691397905 -0.993111849 0.022617090 0.114966527 112.356437683
0.089925170 0.024473181 0.995647788 4.983075142 0.013181066 0.999581158 -0.025760356 -2.704605341 -0.995861351 0.015440203 0.089564934 112.398223877
0.066106603 0.020338345 0.997605205 5.490773201 0.008384495 0.999745667 -0.020937577 -2.723713160 -0.997777283 0.009748529 0.065919250 112.425056458
0.043266430 0.017999692 0.998901367 6.009717464 0.012651622 0.999747634 -0.018562932 -2.741540670 -0.998983443 0.013440879 0.043027773 112.431823730
0.023171224 0.018681146 0.999556959 6.554379463 0.020063074 0.999615312 -0.019147331 -2.762483835 -0.999530196 0.020497851 0.022787511 112.421104431
0.005964363 0.021186639 0.999757707 7.120771408 0.024281222 0.999477684 -0.021325564 -2.784798384 -0.999687374 0.024402538 0.005446809 112.407188416
-0.008487679 0.026489109 0.999612927 7.691052914 0.024988687 0.999342501 -0.026269760 -2.796384335 -0.999651730 0.024756048 -0.009144029 112.396331787
-0.019269109 0.031238869 0.999326169 8.301209450 0.023190785 0.999256730 -0.030789535 -2.805478811 -0.999545336 0.022581870 -0.019979240 112.386322021
-0.025639113 0.031142164 0.999186039 8.917362213 0.025029369 0.999221206 -0.030501008 -2.823122978 -0.999357879 0.024226977 -0.026398620 112.364433289
-0.027999736 0.028123798 0.999212205 9.579803467 0.031020578 0.999147058 -0.027252715 -2.845177174 -0.999126434 0.030233072 -0.028848274 112.336891174
-0.027569603 0.026184941 0.999276876 10.235901833 0.032629590 0.999147654 -0.025281319 -2.868946552 -0.999087155 0.031909000 -0.028400516 112.315124512
-0.025690293 0.025855128 0.999335527 10.906219482 0.030825691 0.999210536 -0.025059447 -2.895057440 -0.999194562 0.030161425 -0.026467014 112.303573608
-0.024076302 0.026241826 0.999365687 11.614809990 0.027985673 0.999281287 -0.025565390 -2.918486118 -0.999318242 0.027352398 -0.024793394 112.297386169
-0.022926776 0.027540635 0.999357820 12.330667496 0.027344011 0.999263704 -0.026910735 -2.935477018 -0.999363124 0.026709469 -0.023662969 112.287704468
-0.022154257 0.028477089 0.999348938 13.050496101 0.026419045 0.999261856 -0.027888931 -2.962894917 -0.999405444 0.025783982 -0.022890240 112.280502319
-0.021677239 0.028065247 0.999370992 13.803941727 0.025879247 0.999286711 -0.027501537 -2.986980438 -0.999429941 0.025266809 -0.022388084 112.276588440
-0.020585077 0.026706152 0.999431312 14.566927910 0.025346480 0.999335825 -0.026181541 -3.016325235 -0.999466836 0.024793116 -0.021248309 112.251472473
-0.020052172 0.025531992 0.999472857 15.335077286 0.025979724 0.999349654 -0.025007617 -3.040818691 -0.999461353 0.025464572 -0.020702440 112.239212036
-0.020663664 0.023061624 0.999520421 16.116750717 0.026940234 0.999383748 -0.022501523 -3.073782921 -0.999423385 0.026462350 -0.021272210 112.223114014
-0.021759292 0.021141909 0.999539614 16.905725479 0.024080887 0.999497473 -0.020616792 -3.103019714 -0.999473095 0.023621194 -0.022257466 112.211990356
-0.023119839 0.020228207 0.999527931 17.702941895 0.023553794 0.999528706 -0.019683406 -3.127247095 -0.999455094 0.023087597 -0.023585390 112.198303223
-0.024142537 0.017792735 0.999550164 18.499385834 0.026107766 0.999511778 -0.017161459 -3.151328087 -0.999367535 0.025681701 -0.024595279 112.174499512
-0.025338316 0.016349021 0.999545217 19.316778183 0.027357096 0.999503136 -0.015654832 -3.172025681 -0.999304473 0.026947988 -0.025772991 112.154464722
-0.027337773 0.015566456 0.999505043 20.144374847 0.024746362 0.999582708 -0.014890822 -3.199779034 -0.999319851 0.024327029 -0.027711580 112.141975403
-0.028170761 0.020352975 0.999395847 20.964653015 0.021064287 0.999582708 -0.019763019 -3.222988605 -0.999381185 0.020494824 -0.028587727 112.125503540
-0.028805191 0.024900528 0.999274790 21.794937134 0.023270678 0.999435365 -0.024233729 -3.252201319 -0.999314070 0.022555746 -0.029368373 112.098106384
-0.030106429 0.026661947 0.999190986 22.638319016 0.023263091 0.999392033 -0.025966378 -3.280242443 -0.999275923 0.022462515 -0.030708363 112.078407288
-0.031930093 0.024373824 0.999192953 23.483556747 0.019843046 0.999520898 -0.023747731 -3.310629368 -0.999292970 0.019068765 -0.032398455 112.064758301
-0.033166144 0.020078409 0.999248147 24.332019806 0.016851224 0.999667227 -0.019527521 -3.344640255 -0.999307632 0.016190903 -0.033493455 112.049461365
-0.032958645 0.014774851 0.999347448 25.168853760 0.015928647 0.999771595 -0.014255789 -3.374377489 -0.999329746 0.015448403 -0.033186454 112.016868591
-0.033260610 0.009233009 0.999404013 26.022148132 0.012091678 0.999887824 -0.008835064 -3.396495819 -0.999373555 0.011790610 -0.033368513 111.997627258
-0.033050440 0.007575859 0.999424934 26.866355896 0.009683875 0.999926686 -0.007259424 -3.426350832 -0.999406695 0.009438380 -0.033121381 111.977317810
-0.032381110 0.014593262 0.999369025 27.698053360 0.011856914 0.999828577 -0.014215789 -3.455319881 -0.999405205 0.011389109 -0.032548595 111.956398010
-0.030547742 0.025261205 0.999214053 28.527313232 0.014612004 0.999584973 -0.024823871 -3.488312244 -0.999426425 0.013842207 -0.030904187 111.916786194
-0.030568175 0.031330023 0.999041498 29.349857330 0.017002260 0.999380291 -0.030820420 -3.505602837 -0.999388158 0.016043840 -0.031081917 111.907775879
-0.028980555 0.025671178 0.999250352 30.189352036 0.018735744 0.999508500 -0.025134429 -3.540900946 -0.999404311 0.017993290 -0.029447291 111.881149292
-0.028189857 0.017997883 0.999440491 31.030899048 0.021549288 0.999616444 -0.017393237 -3.575990438 -0.999370337 0.021046918 -0.028566882 111.858131409
-0.028120000 0.014755448 0.999495566 31.861911774 0.022025866 0.999657512 -0.014138153 -3.607506037 -0.999361873 0.021617193 -0.028435368 111.838577271
-0.027886413 0.015379065 0.999492705 32.669754028 0.022224100 0.999643922 -0.014761328 -3.637972355 -0.999364018 0.021801190 -0.028218273 111.818496704
-0.028732302 0.016500248 0.999450922 33.486572266 0.019144014 0.999689400 -0.015953833 -3.663272142 -0.999403894 0.018675113 -0.029039260 111.801399231
-0.031150896 0.016581932 0.999377072 34.307975769 0.017409252 0.999719679 -0.016044965 -3.691311598 -0.999363065 0.016898593 -0.031430840 111.790382385
-0.033118051 0.016376076 0.999317229 35.112609863 0.016370090 0.999740601 -0.015840495 -3.722415447 -0.999317348 0.015834311 -0.033377536 111.767402649
-0.035547867 0.016758833 0.999227405 35.934608459 0.015991291 0.999740839 -0.016198549 -3.749856472 -0.999240100 0.015403110 -0.035806648 111.745857239
-0.037461925 0.017231729 0.999149442 36.738677979 0.014148465 0.999760151 -0.016711783 -3.775750160 -0.999197841 0.013510373 -0.037696745 111.718994141
-0.039690111 0.016259443 0.999079645 37.541458130 0.012297203 0.999799788 -0.015782634 -3.802291870 -0.999136269 0.011659471 -0.039882112 111.694442749
-0.041405730 0.015280667 0.999025524 38.330184937 0.012677613 0.999810517 -0.014767239 -3.829042435 -0.999061942 0.012053807 -0.041591607 111.658660889
-0.043291889 0.014868082 0.998951852 39.117961884 0.012084332 0.999823868 -0.014357357 -3.863415718 -0.998989344 0.011450106 -0.043463930 111.626899719
-0.044928685 0.015878363 0.998864055 39.899997711 0.012150599 0.999808311 -0.015346844 -3.888165474 -0.998916268 0.011447281 -0.045113005 111.592803955
-0.046395671 0.016290238 0.998790383 40.698238373 0.012621234 0.999796689 -0.015720373 -3.912920475 -0.998843431 0.011876606 -0.046591833 111.571067810
-0.047073349 0.015232797 0.998775303 41.465194702 0.014645656 0.999786675 -0.014557957 -3.935487986 -0.998784065 0.013942426 -0.047286402 111.527770996
-0.048967965 0.014446961 0.998695850 42.262702942 0.015650267 0.999783695 -0.013695333 -3.962583065 -0.998677731 0.014959224 -0.049183466 111.501441956
-0.050412659 0.013744229 0.998633862 42.992996216 0.013458500 0.999823809 -0.013081199 -3.997008801 -0.998637915 0.012780657 -0.050588742 111.464660645
-0.051778499 0.012954083 0.998574555 43.748222351 0.011829106 0.999853611 -0.012357309 -4.018146515 -0.998588562 0.011172402 -0.051924165 111.434852600
-0.053002410 0.011477593 0.998528421 44.486953735 0.010590935 0.999884129 -0.010931007 -4.045372963 -0.998538196 0.009995981 -0.053117834 111.409385681
-0.053385455 0.011021182 0.998513103 45.194972992 0.011010190 0.999884725 -0.010447662 -4.070412636 -0.998513281 0.010436065 -0.053500649 111.369895935
-0.053375531 0.013757668 0.998479784 45.901538849 0.011024431 0.999852240 -0.013187249 -4.093909264 -0.998513639 0.010303796 -0.053519320 111.336380005
-0.053382743 0.016580621 0.998436451 46.608341217 0.011236737 0.999808788 -0.016002625 -4.116056919 -0.998510778 0.010364904 -0.053558849 111.298278809
-0.053499423 0.018287940 0.998400390 47.305213928 0.009508695 0.999796212 -0.017803986 -4.139157295 -0.998522580 0.008540980 -0.053662430 111.267112732
-0.053796548 0.018925063 0.998372555 48.002899170 0.009325553 0.999786258 -0.018449364 -4.166931629 -0.998508275 0.008317863 -0.053961538 111.234092712
-0.053708892 0.018799536 0.998379588 48.698451996 0.011266067 0.999770522 -0.018219652 -4.192358971 -0.998493016 0.010269254 -0.053908374 111.195907593
-0.054164864 0.018264987 0.998364866 49.385768890 0.011263516 0.999780178 -0.017679792 -4.217677116 -0.998468459 0.010287475 -0.054358687 111.162124634
-0.054757826 0.018445583 0.998329282 50.077808380 0.007559890 0.999808311 -0.018058252 -4.241228104 -0.998471022 0.006558429 -0.054886777 111.137893677
-0.054526079 0.018293988 0.998344719 50.761550903 0.004903741 0.999825001 -0.018053288 -4.271840096 -0.998500288 0.003911248 -0.054606244 111.110305786
-0.054463089 0.017120058 0.998368979 51.442409515 0.007397097 0.999832451 -0.016741626 -4.293426991 -0.998488426 0.006473231 -0.054580614 111.077529907
-0.055081692 0.016793495 0.998340607 52.103942871 0.008057619 0.999833405 -0.016374044 -4.312929153 -0.998449266 0.007142338 -0.055207837 111.032707214
-0.058419652 0.016018996 0.998163581 52.772136688 0.004374664 0.999865711 -0.015790276 -4.339059353 -0.998282433 0.003444168 -0.058481887 110.997421265
-0.063850224 0.015493746 0.997839272 53.447303772 0.000440809 0.999879777 -0.015497227 -4.365084171 -0.997959316 -0.000549644 -0.063849382 110.966583252
-0.069530785 0.019881692 0.997381687 54.106468201 0.004912603 0.999796033 -0.019587347 -4.381376266 -0.997567654 0.003537816 -0.069614269 110.916481018
-0.075611755 0.023115117 0.996869326 54.784774780 0.007999738 0.999713123 -0.022574283 -4.398825645 -0.997105181 0.006267813 -0.075774968 110.850883484
-0.083332516 0.024555601 0.996219277 55.477710724 0.005862155 0.999691129 -0.024150819 -4.426425457 -0.996504426 0.003827444 -0.083450712 110.802200317
-0.089456148 0.022921003 0.995726883 56.109828949 0.002333289 0.999737263 -0.022803696 -4.462045670 -0.995987952 0.000283387 -0.089486122 110.742935181
-0.094407834 0.022026652 0.995289862 56.797237396 0.002445683 0.999757349 -0.021893537 -4.483200073 -0.995530486 0.000367241 -0.094438814 110.675682068
-0.099426135 0.022359172 0.994793713 57.490150452 -0.000025957 0.999747455 -0.022473112 -4.510560036 -0.995044887 -0.002260236 -0.099400461 110.615898132
-0.103719406 0.021639358 0.994371116 58.180885315 -0.002559732 0.999754190 -0.022023505 -4.534171581 -0.994603217 -0.004829587 -0.103638537 110.553161621
-0.106163815 0.017781531 0.994189680 58.886928558 -0.002699359 0.999831319 -0.018170685 -4.563575745 -0.994344890 -0.004612743 -0.106097914 110.476295471
-0.107690096 0.015342002 0.994066060 59.600799561 -0.000029767 0.999880970 -0.015434967 -4.584345818 -0.994184375 -0.001691784 -0.107676819 110.396789551
-0.108908795 0.012863785 0.993968546 60.307605743 -0.000211338 0.999915898 -0.012963912 -4.605106831 -0.994051635 -0.001621948 -0.108896919 110.317436218
-0.110328279 0.012770421 0.993813097 61.034893036 -0.000955537 0.999915600 -0.012954915 -4.622301579 -0.993894637 -0.002378920 -0.110306740 110.244033813
-0.110762589 0.016493820 0.993709981 61.766086578 0.000550661 0.999863148 -0.016534571 -4.642910004 -0.993846714 -0.001284214 -0.110756494 110.167594910
-0.111014999 0.020344576 0.993610561 62.506412506 0.006353195 0.999784529 -0.019761154 -4.670012951 -0.993798375 0.004118816 -0.111120313 110.082015991
-0.111952484 0.024940522 0.993400574 63.248596191 0.013114260 0.999634981 -0.023619123 -4.701383591 -0.993626952 0.010383492 -0.112238683 109.991767883
-0.112330526 0.026188487 0.993325770 63.999771118 0.014671574 0.999587357 -0.024694430 -4.723963737 -0.993562579 0.011799714 -0.112668388 109.902259827
-0.112387501 0.023691768 0.993382037 64.749542236 0.012481296 0.999670446 -0.022429662 -4.752456665 -0.993586063 0.009877880 -0.112646155 109.823638916
-0.112678915 0.018810743 0.993453443 65.499504089 0.013204560 0.999760866 -0.017432494 -4.779364109 -0.993543744 0.011153839 -0.112900347 109.743492126
-0.112811677 0.016971994 0.993471503 66.251319885 0.014689451 0.999773324 -0.015411623 -4.804577351 -0.993507802 0.012854939 -0.113035418 109.658576965
-0.113562532 0.016629711 0.993391633 66.991355896 0.015688598 0.999765217 -0.014942918 -4.830063343 -0.993406951 0.013887968 -0.113796763 109.569732666
-0.115266919 0.017214799 0.993185401 67.737335205 0.014139050 0.999776900 -0.015688103 -4.856570721 -0.993233860 0.012234379 -0.115484618 109.490829468
-0.117489874 0.017989201 0.992911100 68.472114563 0.013197161 0.999775887 -0.016551973 -4.879931450 -0.992986321 0.011158921 -0.117700964 109.409851074
-0.119850926 0.018454466 0.992620409 69.214569092 0.014687560 0.999750674 -0.016813628 -4.903667450 -0.992683232 0.012564042 -0.120092101 109.322181702
-0.121780202 0.018686533 0.992381215 69.957107544 0.014779645 0.999745965 -0.017011525 -4.927028656 -0.992446959 0.012595377 -0.122025460 109.233787537
-0.123581387 0.018236212 0.992166877 70.701606750 0.014703890 0.999754965 -0.016544214 -4.952887535 -0.992225468 0.012544155 -0.123819247 109.138778687
-0.125266686 0.018508947 0.991950452 71.449501038 0.012674387 0.999774098 -0.017054372 -4.976768970 -0.992042124 0.010436018 -0.125472978 109.050148010
-0.126294240 0.020093082 0.991789281 72.198242188 0.012666482 0.999745965 -0.018641332 -5.002128601 -0.991911948 0.010208188 -0.126516685 108.957550049
-0.127078325 0.020363862 0.991683662 72.962799072 0.012029723 0.999747336 -0.018987905 -5.025771141 -0.991819799 0.009516727 -0.127291173 108.865776062
-0.128529102 0.020695943 0.991489708 73.728523254 0.011297725 0.999747872 -0.019403767 -5.049138069 -0.991641402 0.008707630 -0.128730521 108.771232605
-0.129878148 0.019242302 0.991343260 74.513404846 0.011798193 0.999770880 -0.017860176 -5.068275452 -0.991459727 0.009376411 -0.130075440 108.678588867
-0.130638838 0.016771739 0.991288126 75.295616150 0.009843256 0.999829531 -0.015619038 -5.092965126 -0.991381109 0.007717049 -0.130781651 108.580101013
-0.132592171 0.015013581 0.991057038 76.078514099 0.006321031 0.999877751 -0.014301524 -5.111916542 -0.991150439 0.004368231 -0.132670879 108.484481812
-0.134709746 0.013998290 0.990786195 76.857177734 0.007356932 0.999886692 -0.013126600 -5.141008377 -0.990857780 0.005520866 -0.134797469 108.375015259
-0.136199579 0.014905112 0.990569293 77.654617310 0.008873412 0.999864995 -0.013824925 -5.160002232 -0.990641594 0.006906782 -0.136313483 108.268684387
-0.138503790 0.016386587 0.990226448 78.450294495 0.008210751 0.999847710 -0.015397361 -5.180300236 -0.990327835 0.005997909 -0.138617232 108.159133911
-0.140271798 0.019413244 0.989922762 79.246109009 0.009534062 0.999787748 -0.018255737 -5.211916447 -0.990067124 0.006877220 -0.140427127 108.051910400
-0.140693218 0.023066290 0.989784539 80.062469482 0.011443326 0.999699652 -0.021670738 -5.239680767 -0.989987075 0.008277501 -0.140914902 107.939208984
-0.141822323 0.027043816 0.989522636 80.872970581 0.012217122 0.999598444 -0.025568182 -5.276041508 -0.989816666 0.008462980 -0.142095789 107.818580627
-0.141791493 0.028456029 0.989487469 81.698730469 0.014455659 0.999539673 -0.026673647 -5.303961277 -0.989790976 0.010521596 -0.142137587 107.703834534
-0.141014799 0.027540343 0.989624381 82.527992249 0.017762434 0.999522507 -0.025284769 -5.339031696 -0.989848137 0.014012611 -0.141436666 107.583290100
-0.140758187 0.025769331 0.989708602 83.357879639 0.018613081 0.999553442 -0.023378477 -5.369948864 -0.989868999 0.015130815 -0.141174972 107.460800171
-0.139675304 0.024236573 0.989900768 84.209030151 0.017757328 0.999601007 -0.021968506 -5.400699615 -0.990038157 0.014509533 -0.140049964 107.344337463
-0.138534278 0.021453073 0.990125299 85.052062988 0.017139802 0.999667585 -0.019261695 -5.433456421 -0.990209222 0.014302149 -0.138855904 107.244949341
-0.137140483 0.018507183 0.990378737 85.908180237 0.017590631 0.999713242 -0.016245794 -5.458628654 -0.990395308 0.015193429 -0.137426719 107.135719299
-0.135291636 0.015055204 0.990691483 86.754669189 0.018071737 0.999755681 -0.012725018 -5.487486839 -0.990640938 0.016181925 -0.135530651 107.018798828
-0.133626193 0.014851481 0.990920663 87.606056213 0.016089177 0.999788404 -0.012814756 -5.514820576 -0.990901053 0.014230709 -0.133836865 106.913764954
-0.132376730 0.018992864 0.991017520 88.457969666 0.016724784 0.999716759 -0.016925547 -5.544393539 -0.991058171 0.014334003 -0.132656902 106.804283142
-0.130402148 0.025279175 0.991138935 89.306259155 0.017722769 0.999574542 -0.023162585 -5.571628571 -0.991302669 0.014545272 -0.130794689 106.695098877
-0.128924847 0.028601123 0.991241813 90.158668518 0.015378158 0.999521315 -0.026839875 -5.600717545 -0.991535127 0.011783144 -0.129302979 106.589370728
-0.127358228 0.026296223 0.991508186 91.017860413 0.014251173 0.999593735 -0.024680115 -5.631071091 -0.991754413 0.010986938 -0.127681240 106.481765747
