1.000000000 0.000000000 0.000000000 0.000000000 0.000000000 1.000000000 0.000000000 0.000000000 0.000000000 0.000000000 1.000000000 0.000000000
0.999997258 0.001052074 0.002078656 -0.009619007 -0.001049845 0.999998868 -0.001073248 -0.016812731 -0.002079783 0.001071063 0.999997258 1.206108570
0.999977231 0.001924337 0.006468313 -0.062400673 -0.001923361 0.999998093 -0.000157085 -0.045552723 -0.006468603 0.000144641 0.999979079 2.416435003
0.999967813 0.001494849 0.007872091 -0.063917413 -0.001496122 0.999998808 0.000155802 -0.064439349 -0.007871849 -0.000167574 0.999969006 3.609804392
0.999960482 0.001311112 0.008794431 -0.058483642 -0.001311356 0.999999166 0.000021921 -0.083428122 -0.008794394 -0.000033453 0.999961376 4.803879738
0.999951959 0.000857147 0.009756713 -0.058387503 -0.000861093 0.999999583 0.000400175 -0.108714052 -0.009756365 -0.000408557 0.999952316 5.994673252
0.999945462 0.001180857 0.010372045 -0.048321530 -0.001175323 0.999999166 -0.000539551 -0.129618302 -0.010372672 0.000527331 0.999946117 7.194644451
0.999937832 0.000796762 0.011128586 -0.047282867 -0.000791399 0.999999523 -0.000486346 -0.157138258 -0.011128970 0.000477509 0.999937952 8.382496834
0.999935985 0.000526803 0.011314163 -0.039907068 -0.000539684 0.999999225 0.001135399 -0.178992540 -0.011313558 -0.001141432 0.999935389 9.572716713
0.999925196 0.000629811 0.012214229 -0.072626323 -0.000648107 0.999998629 0.001494018 -0.196606025 -0.012213272 -0.001501823 0.999924302 10.713920593
0.999951482 -0.000457851 0.009842784 -0.065863088 0.000448362 0.999999404 0.000966261 -0.216818482 -0.009843221 -0.000961801 0.999951065 11.915329933
0.999968112 -0.000272399 0.007976695 -0.066009223 0.000267767 0.999999821 0.000581706 -0.235385388 -0.007976853 -0.000579552 0.999967933 13.075661659
0.999979079 -0.000299051 0.006461965 -0.061839484 0.000294981 0.999999762 0.000630813 -0.255635262 -0.006462152 -0.000628893 0.999978900 14.269889832
0.999983668 0.000928983 0.005629201 -0.067219652 -0.000931958 0.999999464 0.000525766 -0.281578600 -0.005628710 -0.000531004 0.999984026 15.471264839
0.999987304 0.000788463 0.004989898 -0.061458573 -0.000792638 0.999999344 0.000834607 -0.302914262 -0.004989237 -0.000838552 0.999987185 16.661899567
0.999990642 0.000177731 0.004347296 -0.062051125 -0.000184175 0.999998868 0.001482084 -0.323945999 -0.004347029 -0.001482871 0.999989450 17.857591629
0.999994218 -0.000468742 0.003338163 -0.053642191 0.000463110 0.999998450 0.001687652 -0.343589544 -0.003338950 -0.001686097 0.999992907 19.068622589
0.999997139 -0.000236082 0.002371108 -0.054082297 0.000234140 0.999999702 0.000819363 -0.365412444 -0.002371301 -0.000818805 0.999996841 20.265316010
0.999996543 -0.000508563 0.002572329 -0.072927371 0.000508382 0.999999821 0.000071085 -0.386705756 -0.002572364 -0.000069777 0.999996722 21.466920853
0.999997735 0.001024742 0.001859325 -0.076227129 -0.001025708 0.999999285 0.000518578 -0.404274225 -0.001858792 -0.000520484 0.999998152 22.661821365
0.999998927 0.000377791 0.001406286 -0.095033832 -0.000378565 0.999999762 0.000550042 -0.430270463 -0.001406078 -0.000550574 0.999998868 23.869461060
0.999999881 0.000242739 0.000384314 -0.100026742 -0.000242754 1.000000000 0.000040242 -0.452268302 -0.000384305 -0.000040335 0.999999940 25.062507629
0.999999702 0.000684191 -0.000225262 -0.115663148 -0.000684004 0.999999464 0.000828089 -0.478123277 0.000225828 -0.000827935 0.999999642 26.261093140
0.999999225 -0.000966871 -0.000864810 -0.123335764 0.000968877 0.999996841 0.002321659 -0.494373351 0.000862563 -0.002322495 0.999996960 27.461635590
0.999997437 -0.000996119 -0.002031871 -0.128658161 0.001001519 0.999995887 0.002658481 -0.516770422 0.002029215 -0.002660509 0.999994397 28.667585373
0.999994040 -0.001806442 -0.002904569 -0.137029484 0.001811678 0.999996603 0.001801126 -0.535903335 0.002901306 -0.001806377 0.999994159 29.866622925
0.999991536 -0.002096590 -0.003540787 -0.147639453 0.002099500 0.999997497 0.000818282 -0.554929912 0.003539061 -0.000825709 0.999993443 31.069101334
0.999989510 -0.001541303 -0.004315932 -0.160704985 0.001544958 0.999998510 0.000843649 -0.573245466 0.004314627 -0.000850308 0.999990344 32.264678955
0.999985814 -0.001548498 -0.005111780 -0.170557275 0.001554978 0.999998033 0.001264015 -0.591709435 0.005109812 -0.001271946 0.999986112 33.470973969
0.999981463 -0.002615359 -0.005504911 -0.184982076 0.002624328 0.999995232 0.001622767 -0.612393796 0.005500641 -0.001637184 0.999983490 34.670829773
0.999975562 -0.003109374 -0.006275659 -0.191669360 0.003120979 0.999993443 0.001840250 -0.634388268 0.006269895 -0.001859792 0.999978602 35.871372223
0.999973178 -0.003363736 -0.006489558 -0.214728758 0.003374428 0.999992907 0.001637240 -0.654611290 0.006484006 -0.001659094 0.999977589 37.079971313
0.999968171 -0.004355345 -0.006674055 -0.224656925 0.004371385 0.999987602 0.002390582 -0.676288068 0.006663559 -0.002419681 0.999974847 38.283477783
0.999968469 -0.003840730 -0.006949723 -0.232495666 0.003865672 0.999986112 0.003579041 -0.689927161 0.006935880 -0.003605793 0.999969423 39.489143372
0.999972641 -0.003288988 -0.006624487 -0.250429451 0.003316126 0.999986172 0.004089813 -0.705046117 0.006610946 -0.004111669 0.999969721 40.712108612
0.999973357 -0.002673406 -0.006793756 -0.264256507 0.002700988 0.999988139 0.004054015 -0.726921916 0.006782839 -0.004072256 0.999968767 41.911197662
0.999976993 -0.001475472 -0.006619443 -0.276595861 0.001500963 0.999991536 0.003847704 -0.737238169 0.006613709 -0.003857550 0.999970675 43.096481323
0.999984980 0.000896709 -0.005435185 -0.303149849 -0.000866595 0.999984264 0.005540485 -0.752360284 0.005440067 -0.005535692 0.999969840 44.323574066
0.999992430 0.000972012 -0.003788634 -0.316297770 -0.000939511 0.999962807 0.008571065 -0.764286160 0.003796826 -0.008567441 0.999956071 45.532756805
0.999998093 0.001058119 -0.001657913 -0.329934061 -0.001038839 0.999932349 0.011586846 -0.777255893 0.001670062 -0.011585100 0.999931514 46.739845276
0.999998152 0.001901221 -0.000285175 -0.336482793 -0.001896853 0.999891520 0.014604917 -0.777269900 0.000312911 -0.014604349 0.999893248 47.933818817
0.999998987 0.001059198 0.000958346 -0.341453403 -0.001074240 0.999874055 0.015834117 -0.780994475 -0.000941455 -0.015835129 0.999874175 49.142524719
0.999997318 -0.000424584 0.002256302 -0.333260924 0.000392196 0.999897182 0.014335705 -0.781829000 -0.002262156 -0.014334782 0.999894738 50.351463318
0.999990940 0.000793599 0.004187813 -0.359561443 -0.000847621 0.999916315 0.012913737 -0.788016319 -0.004177216 -0.012917169 0.999907792 51.524436951
0.999988556 0.000783061 0.004723747 -0.356856048 -0.000840984 0.999924421 0.012272713 -0.790297210 -0.004713780 -0.012276544 0.999913514 52.730583191
0.999988019 0.000483252 0.004885626 -0.360316902 -0.000540634 0.999930859 0.011750458 -0.797355890 -0.004879612 -0.011752957 0.999918997 53.924682617
0.999985993 -0.000332151 0.005279757 -0.381533444 0.000276683 0.999944806 0.010502870 -0.799509764 -0.005282954 -0.010501262 0.999930859 55.138042450
0.999994695 -0.000074078 0.003236709 -0.377701700 0.000037360 0.999935687 0.011342952 -0.807386696 -0.003237341 -0.011342772 0.999930382 56.351276398
0.999997318 -0.000640189 0.002230744 -0.392165542 0.000612750 0.999924362 0.012279269 -0.815124094 -0.002238436 -0.012277868 0.999922097 57.551548004
0.999998271 -0.001250171 0.001360339 -0.395829737 0.001232592 0.999916732 0.012847391 -0.824496567 -0.001376289 -0.012845693 0.999916553 58.759845734
0.999999940 0.000080998 0.000270044 -0.402811557 -0.000084444 0.999918282 0.012785648 -0.833576620 -0.000268986 -0.012785668 0.999918222 59.959415436
0.999999821 0.000430768 -0.000418814 -0.408580095 -0.000425434 0.999919891 0.012655350 -0.838380396 0.000424232 -0.012655169 0.999919832 61.165351868
0.999999762 -0.000636433 -0.000123047 -0.422674745 0.000637882 0.999925971 0.012152093 -0.844657004 0.000115302 -0.012152169 0.999926150 62.358230591
0.999998510 -0.001692602 -0.000323305 -0.428234518 0.001696163 0.999934196 0.011350738 -0.853445649 0.000304071 -0.011351271 0.999935567 63.567462921
0.999997020 -0.002347447 -0.000695158 -0.439227223 0.002356086 0.999916553 0.012699598 -0.864575207 0.000665288 -0.012701197 0.999919116 64.740844727
0.999996305 -0.002613909 -0.000657682 -0.447780967 0.002622957 0.999896407 0.014155187 -0.869762957 0.000620613 -0.014156863 0.999899566 65.943046570
0.999998510 -0.001596806 -0.000687042 -0.471088946 0.001605292 0.999920130 0.012533091 -0.876703560 0.000666975 -0.012534172 0.999921143 67.125144958
0.999999940 0.000156810 -0.000272887 -0.484437764 -0.000153687 0.999934912 0.011409127 -0.882941008 0.000274658 -0.011409083 0.999934793 68.323791504
0.999997258 0.002246835 -0.000520438 -0.493608952 -0.002240598 0.999929190 0.011688221 -0.890729666 0.000546662 -0.011687024 0.999931574 69.511482239
0.999989927 0.004471869 0.000095653 -0.508055568 -0.004472684 0.999920905 0.011755725 -0.894686222 -0.000043076 -0.011756037 0.999930918 70.696983337
0.999984264 0.005604345 -0.000102405 -0.514999092 -0.005602667 0.999909043 0.012270280 -0.902894855 0.000171163 -0.012269516 0.999924719 71.894317627
0.999979854 0.006204569 0.001288126 -0.525426865 -0.006221297 0.999890685 0.013417748 -0.911096394 -0.001204734 -0.013425494 0.999909103 73.090820312
0.999964893 0.007883543 0.002818569 -0.524167240 -0.007921652 0.999873817 0.013774676 -0.912562728 -0.002709621 -0.013796519 0.999901116 74.283576965
0.999957621 0.007132612 0.005805831 -0.530139327 -0.007199856 0.999906242 0.011645094 -0.921967924 -0.005722227 -0.011686398 0.999915361 75.446670532
0.999955475 0.004427017 0.008330397 -0.524677813 -0.004483300 0.999967158 0.006749974 -0.931956530 -0.008300242 -0.006787019 0.999942541 76.621337891
0.999916434 0.006134219 0.011378203 -0.526982367 -0.006203671 0.999962270 0.006078688 -0.940567136 -0.011340485 -0.006148769 0.999916792 77.792991638
0.999894559 0.004859061 0.013681814 -0.511234164 -0.004989863 0.999942064 0.009542327 -0.952990830 -0.013634654 -0.009609593 0.999860883 78.974945068
0.999836504 0.004840014 0.017421445 -0.503119826 -0.005031455 0.999927223 0.010961811 -0.963386238 -0.017367121 -0.011047672 0.999788105 80.144264221
0.999755740 0.004816525 0.021568723 -0.485276222 -0.005017423 0.999944389 0.009269916 -0.972827911 -0.021522872 -0.009375868 0.999724329 81.311584473
0.999670565 0.003735499 0.025396314 -0.467573881 -0.003894430 0.999973118 0.006211467 -0.984176457 -0.025372427 -0.006308325 0.999658167 82.475357056
0.999583840 0.002564032 0.028733879 -0.437745571 -0.002641058 0.999992967 0.002643006 -0.997179687 -0.028726900 -0.002717794 0.999583542 83.636856079
0.999478400 0.002348316 0.032210235 -0.404439449 -0.002405783 0.999995589 0.001745469 -1.013849378 -0.032205991 -0.001822050 0.999479532 84.790802002
0.999360323 0.001530692 0.035728049 -0.366806746 -0.001661444 0.999991953 0.003630235 -1.034559846 -0.035722207 -0.003687273 0.999354959 85.959732056
0.999215305 0.002860145 0.039502051 -0.332179546 -0.003028921 0.999986470 0.004213413 -1.053869963 -0.039489467 -0.004329756 0.999210656 87.124938965
0.999050856 0.002417972 0.043490428 -0.287940025 -0.002501437 0.999995112 0.001864834 -1.069947600 -0.043485705 -0.001971853 0.999052107 88.266113281
0.998909712 0.002361269 0.046623390 -0.236745834 -0.002358916 0.999997199 -0.000105488 -1.090449810 -0.046623509 -0.000004607 0.998912513 89.413024902
0.998749912 0.002352727 0.049929541 -0.187664032 -0.002318432 0.999996960 -0.000744770 -1.107869864 -0.049931142 0.000628081 0.998752475 90.578903198
0.998605967 0.001105299 0.052772790 -0.131435394 -0.001131985 0.999999285 0.000475784 -1.127880096 -0.052772224 -0.000534859 0.998606443 91.730964661
0.998455286 0.000687487 0.055556830 -0.073366165 -0.000803870 0.999997556 0.002072526 -1.145753384 -0.055555265 -0.002113985 0.998453319 92.890792847
0.998288512 -0.000111899 0.058479525 -0.017742634 -0.000108850 0.999992847 0.003771598 -1.160587072 -0.058479529 -0.003771508 0.998281479 94.049842834
0.998140931 -0.001666097 0.060924880 0.048786640 0.001389869 0.999988556 0.004576004 -1.172972441 -0.060931806 -0.004482820 0.998131812 95.207168579
0.997992158 -0.002394019 0.063292608 0.112862110 0.002253523 0.999994874 0.002291097 -1.188026786 -0.063297756 -0.002143865 0.997992516 96.361824036
0.997837126 -0.003800829 0.065624356 0.184772968 0.003893625 0.999991655 -0.001286201 -1.204940677 -0.065618917 0.001538936 0.997843564 97.520843506
0.997714162 -0.002973100 0.067509465 0.258469582 0.003261402 0.999985993 -0.004160720 -1.221870661 -0.067496143 0.004371386 0.997709930 98.683502197
0.997586966 -0.003032461 0.069360562 0.333734989 0.003380268 0.999982297 -0.004897646 -1.245106816 -0.069344491 0.005120286 0.997579634 99.854827881
0.997578084 -0.002866150 0.069495142 0.416247845 0.003179171 0.999985278 -0.004394031 -1.264457107 -0.069481529 0.004604326 0.997572601 101.034500122
0.997605085 -0.002910246 0.069104798 0.480431080 0.003088474 0.999992073 -0.002472393 -1.290666580 -0.069097057 0.002679900 0.997606337 102.210876465
0.997698963 -0.003030658 0.067731790 0.556048870 0.003110236 0.999994516 -0.001069470 -1.308223605 -0.067728177 0.001277671 0.997703016 103.413650513
0.997819602 -0.002894082 0.065936841 0.620482922 0.002910852 0.999995708 -0.000158259 -1.329224467 -0.065936111 0.000349847 0.997823775 104.592620850
0.997988343 -0.002787872 0.063336052 0.693103790 0.002778378 0.999996185 0.000237981 -1.346468210 -0.063336462 -0.000061530 0.997992218 105.796600342
0.998163700 -0.002139384 0.060536854 0.754565716 0.002130542 0.999997735 0.000210611 -1.363741517 -0.060537167 -0.000081248 0.998165905 106.992149353
0.998368382 -0.000326828 0.057100184 0.803575039 0.000346364 0.999999940 -0.000332233 -1.377673745 -0.057100069 0.000351468 0.998368323 108.185615540
0.998601079 -0.000732264 0.052871160 0.867410183 0.000733004 0.999999702 0.000005397 -1.397282243 -0.052871142 0.000033365 0.998601437 109.401611328
0.998805165 -0.000247813 0.048869655 0.921216965 0.000188433 0.999999225 0.001219671 -1.416050315 -0.048869919 -0.001209005 0.998804390 110.618728638
0.999009907 0.000322457 0.044486649 0.972760916 -0.000413572 0.999997854 0.002038943 -1.435968161 -0.044485897 -0.002055322 0.999007881 111.836151123
0.999192715 0.000421073 0.040172048 1.011828661 -0.000524988 0.999996543 0.002576248 -1.450243592 -0.040170826 -0.002595259 0.999189436 113.056137085
0.999380052 0.000842718 0.035196606 1.050859451 -0.000939178 0.999995887 0.002724158 -1.466946363 -0.035194170 -0.002755525 0.999376595 114.273185730
0.999535918 0.001589869 0.030419147 1.076437712 -0.001675104 0.999994755 0.002776727 -1.485938072 -0.030414572 -0.002826394 0.999533415 115.513992310
0.999669850 0.001875958 0.025623232 1.097472787 -0.001942621 0.999994814 0.002577033 -1.500140667 -0.025618264 -0.002625959 0.999668419 116.732292175
0.999775946 0.003282694 0.020912345 1.114878893 -0.003317246 0.999993145 0.001617750 -1.514330864 -0.020906894 -0.001686759 0.999779999 117.966453552
0.999833286 0.005252208 0.017486284 1.126381874 -0.005281453 0.999984682 0.001626669 -1.532337785 -0.017477471 -0.001718751 0.999845743 119.207092285
0.999859631 0.006908186 0.015262093 1.135729074 -0.006936962 0.999974251 0.001833286 -1.551612020 -0.015249035 -0.001938901 0.999881804 120.426269531
0.999854743 0.008578184 0.014731052 1.137419581 -0.008597314 0.999962270 0.001235779 -1.566744804 -0.014719896 -0.001362246 0.999890745 121.689872742
0.999846995 0.010859482 0.013713043 1.146423459 -0.010881929 0.999939561 0.001563326 -1.583838344 -0.013695238 -0.001712311 0.999904692 122.936561584
0.999842227 0.012167078 0.012934366 1.146110058 -0.012197046 0.999923170 0.002240600 -1.597890377 -0.012906110 -0.002398008 0.999913752 124.175964355
0.999853134 0.011844138 0.012383817 1.151487112 -0.011877149 0.999926150 0.002595452 -1.611830950 -0.012352161 -0.002742155 0.999919891 125.422302246
0.999813080 0.015635315 0.011368869 1.156400442 -0.015689896 0.999865770 0.004727683 -1.630969286 -0.011293423 -0.004905176 0.999924183 126.660888672
0.999806345 0.016505677 0.010708664 1.159379005 -0.016592199 0.999830067 0.008041759 -1.644411325 -0.010574108 -0.008217881 0.999910355 127.912528992
0.999835908 0.015170855 0.009895089 1.169933319 -0.015246103 0.999855161 0.007573985 -1.656751275 -0.009778751 -0.007723605 0.999922335 129.171554565
0.999835849 0.015018928 0.010124981 1.160932541 -0.015079731 0.999868512 0.005955848 -1.666075706 -0.010034200 -0.006107554 0.999930978 130.434356689
0.999876678 0.012574106 0.009410316 1.171375632 -0.012640767 0.999895155 0.007058128 -1.676526546 -0.009320579 -0.007176212 0.999930799 131.689559937
0.999912202 0.010135141 0.008526905 1.177796125 -0.010210700 0.999908447 0.008864783 -1.686103225 -0.008436280 -0.008951071 0.999924362 132.953155518
0.999940813 0.006868418 0.008438354 1.177203178 -0.006957558 0.999919772 0.010580049 -1.691360116 -0.008365011 -0.010638132 0.999908388 134.218872070
0.999959052 0.004884586 0.007618041 1.189539313 -0.004974990 0.999916911 0.011893501 -1.700881362 -0.007559316 -0.011930914 0.999900222 135.483993530
0.999963403 0.000890471 0.008510373 1.190043807 -0.000973951 0.999951422 0.009810076 -1.704819083 -0.008501224 -0.009818005 0.999915600 136.752227783
0.999963999 -0.001535371 0.008353007 1.201001883 0.001463803 0.999962330 0.008567308 -1.710549355 -0.008365847 -0.008554772 0.999928355 138.024475098
0.999958992 -0.002539250 0.008697981 1.208636403 0.002464970 0.999960482 0.008539980 -1.720867395 -0.008719323 -0.008518187 0.999925673 139.293212891
0.999955833 -0.002697786 0.009011352 1.214414716 0.002619349 0.999958694 0.008704728 -1.728496552 -0.009034464 -0.008680736 0.999921560 140.571411133
0.999950945 -0.002315048 0.009627247 1.224058867 0.002210211 0.999938309 0.010886175 -1.738333821 -0.009651856 -0.010864361 0.999894381 141.844146729
0.999945104 0.000216041 0.010466854 1.224274158 -0.000347261 0.999921322 0.012536578 -1.746845484 -0.010463323 -0.012539523 0.999866605 143.121307373
0.999939442 -0.000305985 0.010996409 1.236741066 0.000187304 0.999941766 0.010792012 -1.757614970 -0.010999070 -0.010789298 0.999881327 144.416427612
0.999931276 0.000475992 0.011713998 1.237786055 -0.000581695 0.999959111 0.009021896 -1.766610503 -0.011709226 -0.009028092 0.999890685 145.691513062
0.999922633 0.000565369 0.012423469 1.241859913 -0.000654214 0.999974310 0.007148467 -1.788446069 -0.012419108 -0.007156042 0.999897242 146.972763062
0.999922395 -0.000794322 0.012426421 1.258440018 0.000762724 0.999996424 0.002547419 -1.797072768 -0.012428400 -0.002537744 0.999919593 148.252029419
0.999915659 -0.000761068 0.012967160 1.265999556 0.000774725 0.999999225 -0.001048251 -1.815564632 -0.012966351 0.001058209 0.999915421 149.533004761
0.999910891 -0.000903752 0.013310695 1.277203798 0.000928946 0.999997675 -0.001886704 -1.838666916 -0.013308961 0.001898901 0.999909639 150.798477173
0.999908149 -0.001107216 0.013499789 1.284253716 0.001130450 0.999997795 -0.001713534 -1.862114072 -0.013497863 0.001728637 0.999907434 152.065307617
0.999914646 -0.000697102 0.013041813 1.303367853 0.000709664 0.999999285 -0.000958613 -1.887787580 -0.013041135 0.000967786 0.999914467 153.316421509
0.999918520 -0.000744347 0.012745811 1.317086577 0.000742542 0.999999762 0.000146366 -1.911231756 -0.012745916 -0.000136890 0.999918759 154.578399658
0.999916971 0.000470281 0.012876660 1.316128850 -0.000474572 0.999999762 0.000330183 -1.927884221 -0.012876501 -0.000336267 0.999917030 155.846725464
0.999923050 0.000803400 0.012378958 1.323017836 -0.000807512 0.999999583 0.000327218 -1.953000307 -0.012378690 -0.000337189 0.999923348 157.112976074
0.999934733 0.000856443 0.011391242 1.340212584 -0.000860321 0.999999523 0.000335546 -1.972540379 -0.011390951 -0.000345325 0.999935031 158.383117676
0.999944806 0.000312131 0.010504087 1.350478053 -0.000328940 0.999998689 0.001598569 -1.994022846 -0.010503573 -0.001601936 0.999943495 159.648330688
0.999943972 0.001444509 0.010483434 1.349407911 -0.001464823 0.999996960 0.001930270 -2.014281511 -0.010480614 -0.001945518 0.999943197 160.926422119
0.999951422 0.001509424 0.009739452 1.357522607 -0.001514484 0.999998689 0.000512078 -2.029681444 -0.009738664 -0.000526804 0.999952495 162.195129395
0.999956310 0.001937999 0.009137425 1.361957550 -0.001935949 0.999998093 -0.000233231 -2.055690765 -0.009137859 0.000215531 0.999958277 163.453308105
0.999959528 0.002994913 0.008483678 1.364914894 -0.002993265 0.999995470 -0.000206940 -2.076839685 -0.008484259 0.000181538 0.999964058 164.716979980
0.999966264 0.002629830 0.007783717 1.367658019 -0.002619450 0.999995649 -0.001343369 -2.095432043 -0.007787215 0.001322935 0.999968767 165.990722656
0.999972463 0.003027687 0.006787651 1.370674014 -0.003010803 0.999992371 -0.002496357 -2.117547035 -0.006795157 0.002475852 0.999973774 167.257034302
0.999976158 0.002918282 0.006248791 1.376034021 -0.002905661 0.999993742 -0.002027947 -2.143869400 -0.006254670 0.002009741 0.999978364 168.532546997
0.999982834 0.003108707 0.004967842 1.384474039 -0.003106077 0.999995053 -0.000537071 -2.168917656 -0.004969488 0.000521631 0.999987483 169.807281494
0.999984205 0.002999876 0.004761475 1.381936312 -0.002999600 0.999995530 -0.000065240 -2.192769051 -0.004761651 0.000050957 0.999988675 171.068603516
0.999984443 0.003797942 0.004112644 1.378262281 -0.003799236 0.999992788 0.000306653 -2.212610960 -0.004111449 -0.000322273 0.999991536 172.339050293
0.999986410 0.004122528 0.003177705 1.378323317 -0.004124412 0.999991357 0.000586468 -2.237269163 -0.003175258 -0.000599566 0.999994814 173.622833252
0.999984980 0.004449275 0.003188049 1.368544102 -0.004448349 0.999990046 -0.000297555 -2.258066893 -0.003189341 0.000283369 0.999994874 174.876190186
0.999982119 0.005283249 0.002797660 1.360032201 -0.005280444 0.999985516 -0.001008974 -2.277281523 -0.002802951 0.000994183 0.999995530 176.144866943
0.999982953 0.005405733 0.002169507 1.352999926 -0.005403769 0.999984980 -0.000910098 -2.292590380 -0.002174393 0.000898359 0.999997199 177.406295776
0.999981761 0.005548345 0.002390996 1.339393020 -0.005543625 0.999982655 -0.001976414 -2.317393303 -0.002401922 0.001963123 0.999995172 178.672210693
0.999987185 0.004512680 0.002287630 1.335446358 -0.004504155 0.999982953 -0.003717864 -2.338421345 -0.002304368 0.003707513 0.999990404 179.934188843
0.999997079 0.001286610 0.002040144 1.329843402 -0.001279420 0.999992967 -0.003522254 -2.365888596 -0.002044660 0.003519634 0.999991655 181.200927734
0.999996960 0.001801649 0.001638496 1.336902857 -0.001802109 0.999998331 0.000279413 -2.388342857 -0.001637992 -0.000282364 0.999998629 182.457992554
0.999998808 0.000797898 0.001293885 1.336477041 -0.000803856 0.999989092 0.004610940 -2.410463572 -0.001290190 -0.004611976 0.999988496 183.723358154
0.999997139 0.001778770 0.001580876 1.328953385 -0.001784969 0.999990702 0.003928733 -2.425019264 -0.001573875 -0.003931544 0.999991000 184.980926514
0.999991715 0.003468968 0.002134775 1.316929340 -0.003470043 0.999993920 0.000500334 -2.440651178 -0.002133028 -0.000507738 0.999997616 186.228393555
0.999992311 0.003525935 0.001677604 1.308424830 -0.003524083 0.999993205 -0.001104989 -2.465567589 -0.001681488 0.001099068 0.999997973 187.468841553
0.999992490 0.003636746 0.001340649 1.305547476 -0.003635632 0.999993086 -0.000832444 -2.488299131 -0.001343667 0.000827564 0.999998808 188.719818115
0.999993384 0.003082356 0.001898215 1.296741605 -0.003083020 0.999995172 0.000347341 -2.510847807 -0.001897135 -0.000353191 0.999998152 189.976959229
0.999993443 0.003081453 0.001913118 1.293690801 -0.003086420 0.999991894 0.002598373 -2.533897161 -0.001905096 -0.002604261 0.999994814 191.224411011
0.999992073 0.002557276 0.003066116 1.284757853 -0.002567215 0.999991477 0.003242030 -2.551174164 -0.003057801 -0.003249874 0.999989986 192.470260620
0.999986947 0.002561078 0.004417608 1.286159158 -0.002572297 0.999993443 0.002535872 -2.570035458 -0.004411086 -0.002547201 0.999987006 193.712875366
0.999979913 0.001578658 0.006132440 1.281230807 -0.001585772 0.999998033 0.001155532 -2.591480017 -0.006130604 -0.001165233 0.999980509 194.934570312
0.999973834 0.001210554 0.007129361 1.284924626 -0.001208886 0.999999166 -0.000238286 -2.614837408 -0.007129645 0.000229661 0.999974489 196.170089722
0.999959350 0.000889262 0.008974415 1.283888340 -0.000881124 0.999999166 -0.000910655 -2.637279510 -0.008975218 0.000902710 0.999959350 197.386184692
0.999943972 0.001061969 0.010533134 1.289061546 -0.001061340 0.999999404 -0.000065308 -2.663365841 -0.010533199 0.000054125 0.999944568 198.600509644
0.999932408 0.000540291 0.011615656 1.301725149 -0.000559469 0.999998450 0.001647899 -2.681651354 -0.011614750 -0.001654286 0.999931097 199.834762573
0.999922276 0.001600652 0.012366912 1.312039137 -0.001627208 0.999996364 0.002137533 -2.705544472 -0.012363449 -0.002157491 0.999921203 201.048309326
0.999899387 0.001176112 0.014138483 1.315113783 -0.001202228 0.999997616 0.001838790 -2.721847296 -0.014136286 -0.001855603 0.999898374 202.258132935
0.999889135 0.000927907 0.014857437 1.330045938 -0.000952806 0.999998152 0.001668850 -2.736715317 -0.014855862 -0.001682822 0.999888301 203.470870972
0.999862373 0.001298317 0.016543305 1.332879543 -0.001332780 0.999997020 0.002072319 -2.760238886 -0.016540565 -0.002094083 0.999861002 204.659652710
0.999845684 0.001750812 0.017483611 1.345396757 -0.001787914 0.999996245 0.002106678 -2.781950951 -0.017479857 -0.002137612 0.999844968 205.858047485
0.999829173 0.001412419 0.018430501 1.356317520 -0.001456773 0.999996126 0.002393370 -2.809195995 -0.018427050 -0.002419811 0.999827325 207.030944824
0.999816298 0.000479558 0.019162476 1.368535280 -0.000514007 0.999998271 0.001792829 -2.817145348 -0.019161584 -0.001802348 0.999814749 208.193588257
0.999804735 0.000533129 0.019751281 1.378426552 -0.000590112 0.999995589 0.002879307 -2.843550444 -0.019749660 -0.002890399 0.999800742 209.345397949
0.999815881 -0.000042232 0.019188561 1.397560596 -0.000031025 0.999992728 0.003817362 -2.860750914 -0.019188581 -0.003817254 0.999808609 210.475051880
0.999820292 0.000041795 0.018959258 1.408785105 -0.000113696 0.999992847 0.003791310 -2.882463455 -0.018958963 -0.003792784 0.999813080 211.586608887
0.999827802 0.000856658 0.018537201 1.420964003 -0.000909613 0.999995589 0.002848454 -2.904049397 -0.018534679 -0.002864826 0.999824107 212.697677612
0.999840379 0.001112099 0.017832329 1.437286615 -0.001145625 0.999997735 0.001870000 -2.920230865 -0.017830206 -0.001890131 0.999839246 213.785461426
0.999842286 0.000895890 0.017738532 1.443738699 -0.000929367 0.999997854 0.001879115 -2.942172766 -0.017736809 -0.001895304 0.999840915 214.859863281
0.999863207 0.000426836 0.016532075 1.455590725 -0.000454619 0.999998510 0.001676856 -2.960180283 -0.016531331 -0.001684143 0.999861956 215.921554565
0.999889612 -0.000148233 0.014856620 1.469960213 0.000109843 0.999996662 0.002584795 -2.980176449 -0.014856953 -0.002582878 0.999886274 216.973159790
0.999921262 -0.001113146 0.012495735 1.478898525 0.001061168 0.999990761 0.004165562 -2.999264240 -0.012500255 -0.004151973 0.999913275 218.012039185
0.999938905 -0.000924430 0.011013165 1.480587959 0.000862418 0.999983847 0.005634066 -3.014314175 -0.011018193 -0.005624223 0.999923527 219.053085327
0.999962866 -0.000695313 0.008590233 1.483676076 0.000643587 0.999981582 0.006022811 -3.032476187 -0.008594260 -0.006017060 0.999944985 220.046081543
0.999982834 -0.000702171 0.005812990 1.487147450 0.000670216 0.999984622 0.005497226 -3.046104431 -0.005816759 -0.005493237 0.999967992 221.039230347
0.999995649 -0.000329443 0.002923336 1.483560085 0.000313272 0.999984682 0.005530302 -3.061989069 -0.002925111 -0.005529363 0.999980450 222.019210815
1.000000000 0.000388858 0.000063968 1.479650140 -0.000389244 0.999981105 0.006128808 -3.077911377 -0.000061583 -0.006128833 0.999981225 222.962844849
0.999996424 0.000756140 -0.002623961 1.467330098 -0.000740343 0.999981642 0.006016249 -3.096518040 0.002628463 -0.006014284 0.999978483 223.890533447
0.999984205 0.001057795 -0.005528301 1.455844045 -0.001028620 0.999985516 0.005277591 -3.108089447 0.005533805 -0.005271821 0.999970853 224.801162720
0.999961913 0.000657879 -0.008696645 1.441628098 -0.000619477 0.999989986 0.004417669 -3.122137785 0.008699467 -0.004412114 0.999952376 225.683074951
0.999930203 0.001269487 -0.011748004 1.425019741 -0.001216447 0.999989092 0.004520928 -3.145535946 0.011753615 -0.004506321 0.999920726 226.531723022
0.999897122 0.001689937 -0.014247606 1.399987459 -0.001634816 0.999991119 0.003879633 -3.160508633 0.014254034 -0.003855942 0.999890924 227.362945557
0.999855161 0.003184335 -0.016720643 1.378239155 -0.003120403 0.999987841 0.003848234 -3.177233934 0.016732693 -0.003795501 0.999852717 228.183334351
0.999833941 0.003991484 -0.017777428 1.363396645 -0.003911038 0.999981999 0.004557653 -3.191322803 0.017795298 -0.004487369 0.999831557 228.987701416
0.999842107 0.004342648 -0.017230347 1.341226339 -0.004255428 0.999977887 0.005095442 -3.204667091 0.017252102 -0.005021314 0.999838591 229.752197266
0.999848247 0.004077232 -0.016938390 1.325973272 -0.003982568 0.999976218 0.005618746 -3.217976570 0.016960904 -0.005550435 0.999840856 230.512878418
0.999855757 0.003794804 -0.016553480 1.310017586 -0.003705805 0.999978483 0.005403846 -3.233672142 0.016573632 -0.005341723 0.999848425 231.256835938
0.999866605 0.004522316 -0.015692901 1.289658546 -0.004464160 0.999983013 0.003738984 -3.247306824 0.015709544 -0.003668430 0.999869823 231.991836548
0.999879837 0.004345860 -0.014877870 1.278324604 -0.004321861 0.999989331 0.001644826 -3.260021925 0.014884858 -0.001580328 0.999887943 232.722763062
0.999897361 0.004550279 -0.013583085 1.263708115 -0.004547950 0.999989688 0.000202314 -3.274262428 0.013583868 -0.000140520 0.999907672 233.447967529
0.999912202 0.005054101 -0.012247312 1.252136707 -0.005059594 0.999987125 -0.000417605 -3.283496380 0.012245043 0.000479535 0.999924898 234.173904419
0.999935746 0.004544107 -0.010384021 1.241874456 -0.004549584 0.999989510 -0.000503888 -3.296850920 0.010381621 0.000551099 0.999945879 234.894577026
0.999953449 0.004365752 -0.008600808 1.232525587 -0.004370123 0.999990344 -0.000489419 -3.313548326 0.008598591 0.000526983 0.999962926 235.605682373
0.999968529 0.004264345 -0.006683172 1.222338080 -0.004267902 0.999990761 -0.000518008 -3.327354431 0.006680896 0.000546515 0.999977529 236.327651978
0.999980152 0.004360792 -0.004537737 1.221128583 -0.004366063 0.999989748 -0.001152447 -3.340781450 0.004532668 0.001172236 0.999989152 237.036636353
0.999988914 0.004259920 -0.001931940 1.220121264 -0.004261163 0.999990702 -0.000639945 -3.354168415 0.001929196 0.000648170 0.999997914 237.740097046
0.999993563 0.003247785 0.001496881 1.217310429 -0.003248138 0.999994636 0.000233327 -3.370769501 -0.001496118 -0.000238188 0.999998808 238.451721191
0.999988616 0.002471272 0.004076931 1.223661900 -0.002471746 0.999996901 0.000111317 -3.381896019 -0.004076646 -0.000121393 0.999991715 239.155014038
0.999968529 0.002537537 0.007533611 1.226217270 -0.002539099 0.999996722 0.000197550 -3.396077633 -0.007533085 -0.000216672 0.999971569 239.848327637
0.999942720 0.002252826 0.010463070 1.232570291 -0.002250735 0.999997437 -0.000211588 -3.407746077 -0.010463518 0.000188026 0.999945223 240.538742065
0.999903262 0.002359618 0.013711227 1.235615492 -0.002354655 0.999997199 -0.000378109 -3.422431469 -0.013712080 0.000345786 0.999905884 241.230224609
0.999864936 0.002803965 0.016189216 1.250841141 -0.002784323 0.999995351 -0.001235651 -3.435485840 -0.016192604 0.001190409 0.999868155 241.916091919
0.999816716 0.002835139 0.018933997 1.265218973 -0.002804705 0.999994695 -0.001633740 -3.449620008 -0.018938530 0.001580337 0.999819338 242.612686157
0.999753058 0.003461213 0.021947492 1.275944233 -0.003438032 0.999993443 -0.001093834 -3.458510399 -0.021951133 0.001018108 0.999758482 243.316604614
0.999692082 0.003641670 0.024550334 1.294130325 -0.003629574 0.999993265 -0.000537259 -3.469827175 -0.024552129 0.000447987 0.999698400 244.018692017
0.999628544 0.003290468 0.027055321 1.309472084 -0.003270689 0.999994457 -0.000775243 -3.482692957 -0.027057718 0.000686465 0.999633729 244.722991943
0.999561965 0.003508283 0.029386710 1.327105522 -0.003444844 0.999991655 -0.002209110 -3.496303558 -0.029394213 0.002106909 0.999565721 245.430435181
0.999517441 0.002898031 0.030928237 1.350420475 -0.002761969 0.999986410 -0.004441094 -3.508909702 -0.030940687 0.004353528 0.999511719 246.139984131
0.999477267 0.002324628 0.032245770 1.369698524 -0.002125786 0.999978423 -0.006199378 -3.520895958 -0.032259490 0.006127588 0.999460697 246.854263306
0.999478936 0.002168709 0.032201953 1.393493176 -0.001956087 0.999976099 -0.006632798 -3.536648273 -0.032215562 0.006566353 0.999459386 247.576171875
0.999480963 0.000703281 0.032204740 1.416679382 -0.000471897 0.999974072 -0.007191815 -3.553343058 -0.032208964 0.007172885 0.999455392 248.303726196
0.999478459 0.002525491 0.032192387 1.437904358 -0.002289328 0.999970317 -0.007370725 -3.568345547 -0.032210048 0.007293182 0.999454439 249.036483765
0.999466360 0.002656871 0.032553662 1.458730221 -0.002402049 0.999966204 -0.007864334 -3.583534718 -0.032573458 0.007781942 0.999439001 249.776367188
0.999455333 0.001848837 0.032945909 1.479043961 -0.001524672 0.999950171 -0.009861688 -3.599953175 -0.032962497 0.009806086 0.999408484 250.519195557
0.999439001 -0.001751419 0.033444889 1.503764629 0.002155068 0.999925196 -0.012036859 -3.618710279 -0.033421300 0.012102181 0.999368072 251.267349243
0.999408305 -0.004986709 0.034029916 1.531556606 0.005426635 0.999902725 -0.012847492 -3.634759903 -0.033962537 0.013024558 0.999338269 252.031494141
0.999392509 -0.002494081 0.034759354 1.552712917 0.002807333 0.999955833 -0.008966142 -3.649954081 -0.034735456 0.009058276 0.999355495 252.807739258
0.999375284 0.001081615 0.035327282 1.568755627 -0.000977994 0.999995172 -0.002950338 -3.662312984 -0.035330303 0.002913944 0.999371469 253.592437744
0.999349713 0.000163367 0.036058418 1.595069408 -0.000182985 0.999999821 0.000540757 -3.680072308 -0.036058325 -0.000547004 0.999349535 254.377288818
0.999247968 -0.000676133 0.038770854 1.624051094 0.000748510 0.999997973 -0.001852298 -3.689942837 -0.038769525 0.001879925 0.999246418 255.178894043
0.999104619 0.000322236 0.042306151 1.661945343 0.000009115 0.999969363 -0.007831777 -3.703120947 -0.042307381 0.007825151 0.999073982 255.973571777
0.998919129 0.002566664 0.046411742 1.686693192 -0.002033007 0.999931395 -0.011541856 -3.715864658 -0.046438180 0.011435024 0.998855710 256.779876709
0.998759151 0.004246044 0.049619861 1.721735001 -0.003705139 0.999932826 -0.010987883 -3.735236406 -0.049663179 0.010790399 0.998707712 257.593078613
0.998618662 0.002860810 0.052464418 1.771682739 -0.002389737 0.999956310 -0.009039417 -3.749817371 -0.052487988 0.008901555 0.998581886 258.430633545
0.998467624 -0.000250033 0.055337932 1.823513985 0.000567747 0.999983430 -0.005725681 -3.769015551 -0.055335581 0.005748324 0.998451293 259.266326904
0.998305500 -0.003270244 0.058099292 1.871186256 0.003534923 0.999983847 -0.004453408 -3.784894943 -0.058083791 0.004651239 0.998300850 260.103973389
0.998101473 -0.002167844 0.061552934 1.916804314 0.002402961 0.999990225 -0.003745991 -3.802044868 -0.061544206 0.003886789 0.998096704 260.952423096
0.997957885 -0.000021251 0.063875839 1.967970848 0.000393384 0.999983072 -0.005813302 -3.818281174 -0.063874632 0.005826559 0.997940838 261.791717529
0.997778237 0.000578686 0.066621535 2.013138771 -0.000045415 0.999967933 -0.008005733 -3.839975357 -0.066624030 0.007984919 0.997746170 262.624755859
0.997600675 0.001235536 0.069219500 2.069160461 -0.000667121 0.999965906 -0.008234291 -3.856225967 -0.069227301 0.008168356 0.997567475 263.475158691
0.997409284 0.002092289 0.071905218 2.126258850 -0.001659485 0.999980211 -0.006078295 -3.877000809 -0.071916491 0.005943222 0.997392952 264.316192627
0.997184098 0.003726686 0.074901439 2.185459137 -0.003406192 0.999984562 -0.004406176 -3.896422386 -0.074916691 0.004138640 0.997181237 265.165313721
0.996948421 0.004138595 0.077954233 2.248548508 -0.003759565 0.999980330 -0.005008345 -3.909106255 -0.077973433 0.004699987 0.996944368 266.030914307
0.996741533 0.004255513 0.080550432 2.313335419 -0.003836950 0.999978244 -0.005350364 -3.928037643 -0.080571450 0.005023862 0.996736169 266.873901367
0.996554077 0.002467043 0.082910128 2.385200500 -0.001987633 0.999980807 -0.005864335 -3.943953991 -0.082923010 0.005679331 0.996539772 267.709136963
0.996401310 -0.000931230 0.084756024 2.460920334 0.001367152 0.999986112 -0.005085373 -3.964209557 -0.084750116 0.005182946 0.996388793 268.580596924
0.996334314 -0.001235703 0.085536100 2.535367966 0.001687113 0.999985099 -0.005205345 -3.981591702 -0.085528389 0.005330572 0.996321559 269.425659180
0.996292174 -0.002069669 0.086009368 2.604267120 0.002484545 0.999985874 -0.004716853 -4.005040169 -0.085998386 0.004913058 0.996283233 270.275970459
0.996263742 -0.002375565 0.086330265 2.682277679 0.002807310 0.999984205 -0.004880033 -4.020761013 -0.086317301 0.005104156 0.996254623 271.147216797
0.996277153 -0.002168653 0.086181089 2.750362396 0.002565934 0.999986589 -0.004499333 -4.036690712 -0.086170174 0.004703718 0.996269405 272.009826660
0.996322513 -0.001759609 0.085663781 2.818670273 0.002132245 0.999988735 -0.004258692 -4.052093506 -0.085655317 0.004425688 0.996315002 272.859008789
0.996438622 -0.002036461 0.084297255 2.896636963 0.002438111 0.999986172 -0.004662029 -4.075411320 -0.084286593 0.004850951 0.996429741 273.728424072
0.996574998 -0.001905935 0.082672901 2.964168549 0.002367033 0.999982178 -0.005479746 -4.095273972 -0.082660981 0.005656667 0.996561646 274.579803467
0.996714473 -0.001430896 0.080982514 3.033777237 0.001948273 0.999978244 -0.006310103 -4.114108086 -0.080971725 0.006447147 0.996695518 275.447814941
0.996839285 -0.000331642 0.079443373 3.096357346 0.000882152 0.999975860 -0.006894601 -4.130922794 -0.079439163 0.006942890 0.996815562 276.300689697
0.996990860 0.000520372 0.077517003 3.155937195 -0.000002358 0.999977708 -0.006682526 -4.158328056 -0.077518746 0.006662234 0.996968687 277.145050049
0.997134745 0.001626458 0.075627260 3.216102600 -0.001168581 0.999980688 -0.006098256 -4.175693989 -0.075635731 0.005992407 0.997117460 277.992675781
0.997354984 0.000987046 0.072677277 3.272539139 -0.000649767 0.999988854 -0.004664286 -4.196121216 -0.072681077 0.004604725 0.997344553 278.844787598
0.997662067 0.000441466 0.068338908 3.335893631 -0.000264340 0.999996603 -0.002600892 -4.206177235 -0.068339825 0.002576747 0.997658730 279.694183350
0.997974575 -0.001529066 0.063597567 3.387521744 0.001575624 0.999998569 -0.000681914 -4.229366779 -0.063596427 0.000780738 0.997975409 280.533325195
0.998289287 -0.002093067 0.058430593 3.438122749 0.002060188 0.999997735 0.000622946 -4.247455597 -0.058431759 -0.000501501 0.998291314 281.364257812
0.998534501 -0.001879580 0.054085728 3.467867851 0.001805047 0.999997377 0.001426866 -4.262215137 -0.054088261 -0.001327149 0.998535275 282.180297852
0.998778045 -0.002446452 0.049360048 3.504986763 0.002363280 0.999995708 0.001743302 -4.274918079 -0.049364112 -0.001624520 0.998779476 282.991119385
0.998989105 -0.003558320 0.044810884 3.536600113 0.003466822 0.999991715 0.002119418 -4.292252064 -0.044818047 -0.001961924 0.998993278 283.794952393
0.999169469 -0.003406762 0.040604718 3.562614441 0.003330421 0.999992490 0.001947615 -4.308815479 -0.040611040 -0.001810767 0.999173403 284.577575684
0.999315500 -0.003335017 0.036842354 3.586063862 0.003278478 0.999993324 0.001594931 -4.320310593 -0.036847435 -0.001473053 0.999319792 285.343231201
0.999449015 -0.002987393 0.033056799 3.604899883 0.002940499 0.999994576 0.001467086 -4.334367752 -0.033061005 -0.001369074 0.999452353 286.091949463
