1.000000000 -0.000000000 0.000000000 0.000000000 -0.000000000 1.000000000 0.000000000 0.000000000 0.000000000 0.000000000 1.000000000 0.000000000
0.999997318 0.001040487 0.002066654 -0.009288395 -0.001038267 0.999998868 -0.001074677 -0.016919423 -0.002067770 0.001072528 0.999997258 1.206140995
0.999973357 0.002261191 0.006938436 -0.067243747 -0.002253423 0.999996781 -0.001127235 -0.030742215 -0.006940963 0.001111569 0.999975264 2.403054476
0.999960899 0.001684763 0.008690171 -0.071550526 -0.001677474 0.999998391 -0.000846000 -0.050163921 -0.008691581 0.000831389 0.999961853 3.597326279
0.999952257 0.001515564 0.009641599 -0.064798258 -0.001506220 0.999998391 -0.000976339 -0.070705533 -0.009643061 0.000961770 0.999953032 4.794178009
0.999947608 0.001359693 0.010147207 -0.060095008 -0.001354195 0.999998868 -0.000548695 -0.095474355 -0.010147942 0.000534925 0.999948323 5.994280338
0.999942243 0.001578552 0.010629283 -0.049600165 -0.001562424 0.999997616 -0.001525438 -0.117610358 -0.010631666 0.001508742 0.999942362 7.197934628
0.999927938 0.001475286 0.011911423 -0.059937257 -0.001456381 0.999997675 -0.001595677 -0.143216565 -0.011913750 0.001578214 0.999927700 8.382042885
0.999924362 0.001348182 0.012227420 -0.057292972 -0.001346625 0.999999106 -0.000135502 -0.166078418 -0.012227592 0.000119026 0.999925256 9.588781357
0.999940574 0.000911311 0.010861320 -0.051316537 -0.000922254 0.999999166 0.001002567 -0.190293774 -0.010860397 -0.001012524 0.999940574 10.779378891
0.999962449 -0.000531157 0.008659114 -0.054085411 0.000527632 0.999999762 0.000409389 -0.209815145 -0.008659331 -0.000404805 0.999962389 12.001873970
0.999975264 -0.000161319 0.007030172 -0.060670272 0.000161688 1.000000000 -0.000051904 -0.227553695 -0.007030165 0.000053039 0.999975264 13.201708794
0.999985158 -0.000162485 0.005439279 -0.051563933 0.000163140 1.000000000 -0.000119993 -0.251723886 -0.005439259 0.000120879 0.999985158 14.394969940
0.999987125 0.000962740 0.004988821 -0.071949057 -0.000960888 0.999999464 -0.000373541 -0.272922456 -0.004989178 0.000368743 0.999987483 15.582735062
0.999989569 0.000821802 0.004487223 -0.071984202 -0.000820591 0.999999642 -0.000271654 -0.293057859 -0.004487446 0.000267969 0.999989927 16.783050537
0.999993742 -0.000095815 0.003543461 -0.067643672 0.000096034 1.000000000 -0.000061440 -0.311445028 -0.003543456 0.000061780 0.999993742 17.967264175
0.999993384 -0.000030363 0.003641402 -0.081773423 0.000027902 0.999999762 0.000675882 -0.339991212 -0.003641422 -0.000675776 0.999993145 19.176795959
0.999996901 0.000319037 0.002476554 -0.080858432 -0.000319021 0.999999940 -0.000007002 -0.363482684 -0.002476556 0.000006212 0.999996901 20.372919083
0.999995887 -0.000705694 0.002772286 -0.099703662 0.000708688 0.999999166 -0.001078977 -0.389359742 -0.002771521 0.001080938 0.999995589 21.572145462
0.999997914 0.000448013 0.002010593 -0.101265386 -0.000446809 0.999999762 -0.000599102 -0.408154786 -0.002010860 0.000598202 0.999997795 22.769147873
0.999998927 0.000216850 0.001420203 -0.118551627 -0.000215604 0.999999583 -0.000877455 -0.430516511 -0.001420392 0.000877148 0.999998629 23.963996887
0.999999881 0.000332803 0.000304518 -0.122555800 -0.000332348 0.999998868 -0.001494188 -0.452394068 -0.000305015 0.001494087 0.999998868 25.157104492
0.999999821 0.000590969 -0.000255581 -0.138317287 -0.000591063 0.999999762 -0.000368255 -0.482235909 0.000255364 0.000368406 0.999999881 26.351070404
0.999999046 -0.001008434 -0.000903358 -0.145122379 0.001009641 0.999998629 0.001337701 -0.501782238 0.000902008 -0.001338611 0.999998748 27.554584503
0.999998450 -0.000843869 -0.001520338 -0.161150858 0.000845929 0.999998689 0.001355020 -0.523630917 0.001519192 -0.001356304 0.999997854 28.743534088
0.999995649 -0.001569737 -0.002510287 -0.168759480 0.001571410 0.999998629 0.000664446 -0.546277285 0.002509241 -0.000668388 0.999996543 29.943696976
0.999994218 -0.001721376 -0.002931971 -0.183061391 0.001720148 0.999998391 -0.000421265 -0.561128736 0.002932691 0.000416219 0.999995530 31.138082504
0.999992549 -0.001152823 -0.003683286 -0.197967112 0.001151378 0.999999285 -0.000394460 -0.579985261 0.003683738 0.000390216 0.999993086 32.337596893
0.999988973 -0.001574729 -0.004422529 -0.204951540 0.001575366 0.999998748 0.000140650 -0.601508737 0.004422301 -0.000147616 0.999990165 33.535011292
0.999983370 -0.002392330 -0.005243349 -0.213020638 0.002393608 0.999997079 0.000237343 -0.623786688 0.005242766 -0.000249890 0.999986231 34.721462250
0.999982178 -0.002751824 -0.005293562 -0.237228185 0.002754305 0.999996066 0.000461644 -0.647380769 0.005292269 -0.000476216 0.999985814 35.938873291
0.999981225 -0.002759024 -0.005476842 -0.253272146 0.002760092 0.999996126 0.000187520 -0.665260553 0.005476304 -0.000202633 0.999984980 37.144977570
0.999978065 -0.003735508 -0.005464503 -0.271685213 0.003741304 0.999992430 0.001050896 -0.692372739 0.005460537 -0.001071317 0.999984443 38.326183319
0.999979198 -0.003334488 -0.005527908 -0.276795536 0.003346653 0.999992013 0.002192916 -0.706047118 0.005520551 -0.002211370 0.999982238 39.532127380
0.999978304 -0.003005096 -0.005857481 -0.282426149 0.003022288 0.999991179 0.002928465 -0.726803958 0.005848630 -0.002946104 0.999978542 40.719638824
0.999979913 -0.002445681 -0.005864979 -0.299420357 0.002461415 0.999993324 0.002676730 -0.746068954 0.005858394 -0.002691112 0.999979198 41.925186157
0.999979973 -0.001627445 -0.006119088 -0.305320770 0.001641333 0.999996006 0.002265169 -0.758033454 0.006115377 -0.002275167 0.999978721 43.114822388
0.999984801 0.000922477 -0.005441106 -0.320297599 -0.000897811 0.999989331 0.004533789 -0.777617633 0.005445232 -0.004528834 0.999974906 44.336200714
0.999996126 0.000777673 -0.002645344 -0.360029280 -0.000757829 0.999971628 0.007494420 -0.794702411 0.002651097 -0.007492386 0.999968350 45.529026031
0.999999046 0.001049009 -0.000870481 -0.371707886 -0.001040090 0.999947608 0.010183387 -0.803927243 0.000881117 -0.010182473 0.999947727 46.727943420
0.999998450 0.001709012 0.000205152 -0.363242805 -0.001711655 0.999905169 0.013662077 -0.811357319 -0.000181785 -0.013662405 0.999906659 47.929569244
0.999995410 0.001491239 0.002682850 -0.399569958 -0.001530970 0.999888241 0.014868748 -0.817927778 -0.002660377 -0.014872787 0.999885857 49.132789612
0.999990940 -0.000390902 0.004236459 -0.396924376 0.000334458 0.999911249 0.013315985 -0.819626212 -0.004241288 -0.013314448 0.999902368 50.342597961
0.999985397 0.000765816 0.005358828 -0.397039860 -0.000827421 0.999933481 0.011503218 -0.823931038 -0.005349662 -0.011507483 0.999919474 51.547729492
0.999979615 0.000861701 0.006332938 -0.405968875 -0.000932183 0.999937594 0.011134926 -0.830735981 -0.006322947 -0.011140600 0.999917924 52.733314514
0.999979556 0.000581803 0.006383321 -0.403854579 -0.000648741 0.999944806 0.010489365 -0.834777474 -0.006376866 -0.010493290 0.999924600 53.937171936
0.999983072 -0.000002955 0.005824564 -0.407894075 -0.000051869 0.999955714 0.009412332 -0.840076268 -0.005824334 -0.009412475 0.999938786 55.144172668
0.999990642 0.000240621 0.004335111 -0.409189016 -0.000283970 0.999949932 0.010001572 -0.846155167 -0.004332486 -0.010002709 0.999940693 56.359546661
0.999994755 0.000136086 0.003246641 -0.420067966 -0.000171801 0.999939442 0.011002787 -0.854557991 -0.003244947 -0.011003288 0.999934196 57.545486450
0.999997258 -0.000609668 0.002264380 -0.421531230 0.000583782 0.999934673 0.011415127 -0.864394546 -0.002271191 -0.011413774 0.999932289 58.753665924
0.999998689 0.000981089 0.001262134 -0.425815582 -0.000995482 0.999933898 0.011454153 -0.875997901 -0.001250813 -0.011455394 0.999933600 59.949279785
0.999998808 0.001468698 0.000517850 -0.429378569 -0.001474415 0.999936044 0.011218102 -0.881033838 -0.000501342 -0.011218851 0.999936938 61.154216766
0.999999881 0.000013600 0.000499143 -0.436631590 -0.000018911 0.999943376 0.010643475 -0.889497280 -0.000498972 -0.010643481 0.999943197 62.354244232
0.999999583 -0.000944711 0.000262826 -0.440552056 0.000942041 0.999949753 0.009978189 -0.901330233 -0.000272240 -0.009977937 0.999950171 63.563781738
0.999998629 -0.001633943 -0.000062051 -0.446343511 0.001634537 0.999935567 0.011224736 -0.912804067 0.000043706 -0.011224822 0.999936998 64.757263184
0.999998748 -0.001546524 -0.000313627 -0.453663081 0.001550336 0.999920070 0.012541780 -0.915294707 0.000294206 -0.012542252 0.999921322 65.950752258
0.999999285 -0.001137076 0.000066926 -0.474025875 0.001136246 0.999935448 0.011304879 -0.931836963 -0.000079776 -0.011304798 0.999936104 67.159042358
0.999999583 0.000700375 0.000416087 -0.486412525 -0.000704541 0.999948740 0.010097854 -0.939381719 -0.000408993 -0.010098143 0.999948978 68.358283997
0.999996185 0.002761327 0.000170079 -0.491992176 -0.002762953 0.999941587 0.010446751 -0.948587596 -0.000141223 -0.010447183 0.999945402 69.556137085
0.999987543 0.004958464 0.000566305 -0.501552522 -0.004964209 0.999931097 0.010640016 -0.955776393 -0.000513506 -0.010642695 0.999943256 70.741088867
0.999980569 0.006200981 0.000656860 -0.511382341 -0.006207914 0.999918759 0.011136497 -0.964057684 -0.000587750 -0.011140357 0.999937773 71.952613831
0.999975979 0.006701057 0.001790810 -0.518687606 -0.006721990 0.999906003 0.011950471 -0.970009089 -0.001710562 -0.011962221 0.999926984 73.144905090
0.999958277 0.008695124 0.002807766 -0.513601363 -0.008729708 0.999883115 0.012549479 -0.975206017 -0.002698320 -0.012573466 0.999917269 74.339447021
0.999953866 0.007325780 0.006217115 -0.514100909 -0.007392504 0.999914527 0.010777904 -0.990243196 -0.006137628 -0.010823366 0.999922574 75.527519226
0.999951482 0.004659023 0.008689032 -0.508866847 -0.004709377 0.999972224 0.005783555 -1.000322580 -0.008661844 -0.005824194 0.999945581 76.703483582
0.999914765 0.005765313 0.011711803 -0.506065845 -0.005827814 0.999968946 0.005309606 -1.012243152 -0.011680827 -0.005377407 0.999917269 77.880271912
0.999890924 0.004418092 0.014089257 -0.490607440 -0.004544390 0.999949753 0.008944831 -1.026946664 -0.014049029 -0.009007881 0.999860764 79.063583374
0.999838829 0.004500817 0.017379139 -0.475153834 -0.004679702 0.999936283 0.010266196 -1.037249804 -0.017331824 -0.010345871 0.999796271 80.244445801
0.999752402 0.004833246 0.021721948 -0.459555924 -0.005016472 0.999952257 0.008388518 -1.046286464 -0.021680366 -0.008495408 0.999728858 81.410194397
0.999672949 0.003661117 0.025309512 -0.437627375 -0.003798170 0.999978364 0.005369132 -1.058867574 -0.025289308 -0.005463507 0.999665201 82.581520081
0.999587774 0.002302174 0.028619329 -0.406786859 -0.002358105 0.999995410 0.001920715 -1.074515104 -0.028614774 -0.001987411 0.999588549 83.745864868
0.999478281 0.001972373 0.032237522 -0.374090880 -0.002007562 0.999997437 0.001059244 -1.092102766 -0.032235350 -0.001123410 0.999479711 84.899917603
0.999365628 0.001430553 0.035583600 -0.336637437 -0.001534668 0.999994636 0.002898788 -1.113203406 -0.035579260 -0.002951558 0.999362469 86.074844360
0.999216378 0.002715610 0.039489076 -0.304183811 -0.002861295 0.999989331 0.003633207 -1.136260271 -0.039478786 -0.003743350 0.999213338 87.239204407
0.999062777 0.002251372 0.043226372 -0.257075250 -0.002300419 0.999996781 0.001084946 -1.150281072 -0.043223787 -0.001183368 0.999064744 88.392410278
0.998932779 0.002023154 0.046144396 -0.203969315 -0.001973330 0.999997377 -0.001125276 -1.170905232 -0.046146549 0.001033016 0.998934209 89.538841248
0.998761117 0.002275844 0.049709059 -0.158040270 -0.002203719 0.999996424 -0.001505693 -1.187485456 -0.049712304 0.001394283 0.998762548 90.703483582
0.998615444 0.001600962 0.052580878 -0.100976638 -0.001580896 0.999998629 -0.000423201 -1.205015540 -0.052581489 0.000339491 0.998616576 91.862915039
0.998450339 0.000303896 0.055648971 -0.049355768 -0.000365655 0.999999344 0.001099614 -1.225955725 -0.055648595 -0.001118258 0.998449743 93.018287659
0.998294115 -0.000517694 0.058383875 0.014993737 0.000355642 0.999996006 0.002785985 -1.241416097 -0.058385085 -0.002760468 0.998290360 94.181518555
0.998155177 -0.002023600 0.060683537 0.088543847 0.001798124 0.999991238 0.003769969 -1.257867932 -0.060690634 -0.003653896 0.998149931 95.343566895
0.997997820 -0.002864033 0.063182607 0.147084504 0.002773732 0.999995112 0.001516862 -1.275191188 -0.063186638 -0.001338573 0.998000801 96.483489990
0.997857153 -0.004349292 0.065284751 0.223730952 0.004498614 0.999987602 -0.002140427 -1.292384863 -0.065274633 0.002429532 0.997864366 97.638793945
0.997725308 -0.003582959 0.067315623 0.295423418 0.003920018 0.999980390 -0.004875726 -1.313051581 -0.067296848 0.005128514 0.997719765 98.801681519
0.997621953 -0.003473142 0.068835437 0.374002427 0.003876436 0.999976099 -0.005726101 -1.335562587 -0.068813905 0.005979321 0.997611582 99.957832336
0.997606993 -0.003409484 0.069055878 0.455594897 0.003765294 0.999980211 -0.005022991 -1.359172702 -0.069037393 0.005270986 0.997600138 101.138816833
0.997634470 -0.003501107 0.068652578 0.519747496 0.003727419 0.999988019 -0.003168667 -1.387848020 -0.068640672 0.003417068 0.997635603 102.310768127
0.997713208 -0.003712581 0.067487404 0.591816962 0.003844577 0.999990940 -0.001826082 -1.406186223 -0.067480020 0.002081366 0.997718453 103.505104065
0.997833610 -0.003431697 0.065698393 0.656792343 0.003502593 0.999993324 -0.000963970 -1.425152302 -0.065694645 0.001191996 0.997839034 104.700508118
0.998020232 -0.003546993 0.062793463 0.734157205 0.003592530 0.999993324 -0.000612299 -1.442995310 -0.062790871 0.000836674 0.998026311 105.905044556
0.998181820 -0.002684239 0.060214847 0.793429971 0.002730223 0.999996126 -0.000681390 -1.461086631 -0.060212772 0.000844551 0.998185217 107.097862244
0.998406708 -0.001271931 0.056412801 0.852850676 0.001339456 0.999998450 -0.001159177 -1.477064371 -0.056411237 0.001232892 0.998406827 108.299133301
0.998613358 -0.001036044 0.052632894 0.905233264 0.001080924 0.999998987 -0.000824245 -1.495179534 -0.052632000 0.000879994 0.998613596 109.509849548
0.998825610 -0.000777970 0.048443172 0.962523460 0.000766212 0.999999642 0.000261300 -1.514733195 -0.048443358 -0.000223875 0.998825967 110.731101990
0.999027669 -0.000281948 0.044086572 1.013971686 0.000231342 0.999999285 0.001152960 -1.535410643 -0.044086870 -0.001141640 0.999027073 111.939071655
0.999210596 -0.000169448 0.039724331 1.055157781 0.000107880 0.999998808 0.001552019 -1.550231218 -0.039724551 -0.001546509 0.999209464 113.156883240
0.999394894 0.000534513 0.034778405 1.096030951 -0.000589121 0.999998629 0.001559935 -1.566030502 -0.034777522 -0.001579480 0.999393880 114.378395081
0.999552190 0.001004346 0.029910456 1.119690418 -0.001055286 0.999998033 0.001687351 -1.588614583 -0.029908707 -0.001718160 0.999551177 115.609848022
0.999688268 0.001216963 0.024939226 1.142634034 -0.001254775 0.999998093 0.001500580 -1.605610013 -0.024937356 -0.001531406 0.999687850 116.833213806
0.999791086 0.002537220 0.020283885 1.161227822 -0.002550418 0.999996543 0.000624857 -1.621964455 -0.020282229 -0.000676459 0.999794006 118.052330017
0.999846816 0.004458633 0.016923727 1.172248363 -0.004469658 0.999989986 0.000613749 -1.639544606 -0.016920818 -0.000689299 0.999856591 119.284889221
0.999879181 0.005965406 0.014349103 1.190006495 -0.005977196 0.999981880 0.000778885 -1.658062577 -0.014344194 -0.000864558 0.999896765 120.502326965
0.999875307 0.007415990 0.013951092 1.183272600 -0.007420802 0.999972463 0.000293086 -1.679154754 -0.013948536 -0.000396577 0.999902666 121.759033203
0.999873638 0.009705133 0.012597110 1.194490314 -0.009714631 0.999952614 0.000693074 -1.697837591 -0.012589786 -0.000815363 0.999920487 123.001213074
0.999868214 0.010887089 0.012039923 1.191200495 -0.010906451 0.999939442 0.001543694 -1.715381742 -0.012022386 -0.001674804 0.999926329 124.235885620
0.999876142 0.010634894 0.011598507 1.194573164 -0.010655239 0.999941826 0.001693750 -1.728191257 -0.011579819 -0.001817126 0.999931276 125.481964111
0.999837637 0.014417789 0.010805773 1.192207813 -0.014460240 0.999888003 0.003860773 -1.749125957 -0.010748898 -0.004016400 0.999934137 126.726531982
0.999826968 0.015400012 0.010434444 1.190930367 -0.015475288 0.999854565 0.007172429 -1.763119578 -0.010322470 -0.007332664 0.999919772 127.979614258
0.999851048 0.014335502 0.009607767 1.203030825 -0.014399191 0.999874592 0.006593008 -1.776321769 -0.009512047 -0.006730370 0.999932051 129.230575562
0.999857783 0.013794937 0.009695232 1.195552945 -0.013844059 0.999891579 0.005017923 -1.783815384 -0.009624957 -0.005151431 0.999940395 130.492080688
0.999900877 0.011206336 0.008512526 1.209804177 -0.011256990 0.999919116 0.005926338 -1.793404460 -0.008445422 -0.006021576 0.999946237 131.746414185
0.999928176 0.008911823 0.008006284 1.206765532 -0.008975171 0.999928415 0.007911631 -1.807207465 -0.007935203 -0.007982921 0.999936640 133.002395630
0.999956787 0.005528835 0.007468448 1.216271520 -0.005601163 0.999937236 0.009698425 -1.816201925 -0.007414358 -0.009739836 0.999925077 134.249069214
0.999970376 0.003432966 0.006892034 1.224872112 -0.003508421 0.999933720 0.010966144 -1.826635838 -0.006853930 -0.010989998 0.999916136 135.513824463
0.999973357 -0.000820479 0.007240534 1.231813431 0.000756133 0.999960244 0.008885175 -1.832706571 -0.007247536 -0.008879465 0.999934316 136.768600464
0.999968410 -0.003230598 0.007249735 1.239122629 0.003171995 0.999962330 0.008080557 -1.842380166 -0.007275567 -0.008057307 0.999941051 138.041839600
0.999964833 -0.004248418 0.007214585 1.249631405 0.004192499 0.999961138 0.007748262 -1.853701711 -0.007247222 -0.007717743 0.999943972 139.301666260
0.999962389 -0.004319962 0.007515990 1.254277349 0.004259786 0.999958813 0.008004181 -1.862385869 -0.007550259 -0.007971862 0.999939680 140.577896118
0.999958336 -0.003910293 0.008234948 1.258256078 0.003826012 0.999940395 0.010225481 -1.875174165 -0.008274441 -0.010193550 0.999913752 141.851074219
0.999956667 -0.001744216 0.009136129 1.255449891 0.001635757 0.999928236 0.011865511 -1.883924603 -0.009156169 -0.011850053 0.999887824 143.130828857
0.999949515 -0.002063180 0.009832050 1.263393879 0.001966187 0.999949336 0.009864455 -1.891218901 -0.009851904 -0.009844629 0.999902964 144.420974731
0.999946237 -0.001310166 0.010275005 1.266720891 0.001225679 0.999965310 0.008224606 -1.903012514 -0.010285426 -0.008211572 0.999913275 145.689956665
0.999942303 -0.001357796 0.010654750 1.273258090 0.001295693 0.999982119 0.005833410 -1.919040084 -0.010662481 -0.005819271 0.999926150 146.974151611
0.999932766 -0.002570208 0.011302117 1.279219508 0.002551133 0.999995291 0.001701931 -1.935629368 -0.011306439 -0.001672984 0.999934614 148.254913330
0.999924600 -0.002382163 0.012044176 1.282788992 0.002406320 0.999995112 -0.001991512 -1.953709960 -0.012039373 0.002020345 0.999925494 149.533843994
0.999924481 -0.002925374 0.011935595 1.298797488 0.002961412 0.999991119 -0.003002836 -1.976039290 -0.011926704 0.003037956 0.999924242 150.805511475
0.999922812 -0.002899357 0.012078259 1.305559635 0.002931673 0.999992132 -0.002658700 -2.001995325 -0.012070456 0.002693905 0.999923527 152.075271606
0.999927878 -0.002712757 0.011696239 1.322430968 0.002735300 0.999994397 -0.001911878 -2.030305862 -0.011690988 0.001943733 0.999929786 153.339233398
0.999935567 -0.002224974 0.011131275 1.336593866 0.002235012 0.999997199 -0.000889506 -2.055931807 -0.011129265 0.000914328 0.999937594 154.594497681
0.999933064 -0.001498938 0.011470784 1.331632733 0.001503584 0.999998748 -0.000396412 -2.075265408 -0.011470176 0.000413632 0.999934137 155.882476807
0.999937415 -0.001162997 0.011122742 1.335295200 0.001170034 0.999999046 -0.000626143 -2.099411249 -0.011122003 0.000639118 0.999937952 157.153823853
0.999948025 -0.001141684 0.010128541 1.347527981 0.001146322 0.999999225 -0.000452174 -2.122634888 -0.010128018 0.000463761 0.999948561 158.424148560
0.999954879 -0.001598305 0.009356839 1.353847980 0.001589810 0.999998212 0.000915219 -2.146263838 -0.009358286 -0.000900302 0.999955773 159.688980103
0.999959230 -0.000479413 0.009015135 1.353367209 0.000468443 0.999999166 0.001218892 -2.166504622 -0.009015714 -0.001214619 0.999958575 160.971984863
0.999963224 -0.000261279 0.008579022 1.356710792 0.000262713 1.000000000 -0.000166095 -2.183193922 -0.008578979 0.000168342 0.999963164 162.241165161
0.999967933 0.000084729 0.008002041 1.357904434 -0.000076254 0.999999404 -0.001059390 -2.208474636 -0.008002127 0.001058746 0.999967396 163.499862671
0.999974251 0.001011081 0.007109681 1.364655137 -0.001003889 0.999998987 -0.001015046 -2.229702950 -0.007110700 0.001007883 0.999974251 164.764450073
0.999978662 0.000838169 0.006478986 1.361315846 -0.000825347 0.999997675 -0.001981412 -2.253028631 -0.006480632 0.001976022 0.999977052 166.039398193
0.999983728 0.001204459 0.005586856 1.362874627 -0.001186075 0.999993861 -0.003292840 -2.274055958 -0.005590788 0.003286160 0.999978960 167.307479858
0.999985874 0.001197770 0.005184005 1.362188101 -0.001182774 0.999995232 -0.002894708 -2.300081253 -0.005187446 0.002888536 0.999982417 168.586883545
0.999990404 0.001494900 0.004129515 1.365293622 -0.001489165 0.999997914 -0.001391615 -2.326746225 -0.004131587 0.001385452 0.999990523 169.861282349
0.999991953 0.001306253 0.003804511 1.361296296 -0.001302423 0.999998629 -0.001008977 -2.352130413 -0.003805822 0.001004013 0.999992251 171.121780396
0.999993145 0.001802016 0.003236145 1.356608868 -0.001800013 0.999998152 -0.000621779 -2.374285460 -0.003237260 0.000615949 0.999994576 172.392120361
0.999994516 0.002201702 0.002489928 1.353469372 -0.002200894 0.999997437 -0.000327156 -2.399789810 -0.002490642 0.000321674 0.999996841 173.665603638
0.999994934 0.002489567 0.002040181 1.339503169 -0.002487297 0.999996305 -0.001114540 -2.425849199 -0.002042948 0.001109460 0.999997318 174.949615479
0.999992728 0.003273441 0.001948690 1.325228333 -0.003269950 0.999992967 -0.001792200 -2.446806431 -0.001954542 0.001785814 0.999996543 176.219299316
0.999993205 0.003393433 0.001463354 1.312012434 -0.003390901 0.999992669 -0.001729546 -2.463177443 -0.001469213 0.001724572 0.999997497 177.476577759
0.999993324 0.003383293 0.001374158 1.304632068 -0.003379462 0.999990463 -0.002780342 -2.491297483 -0.001383552 0.002775680 0.999995172 178.725021362
0.999996185 0.002434790 0.001240522 1.300248265 -0.002429392 0.999987721 -0.004334171 -2.514730453 -0.001251059 0.004331141 0.999989867 179.991668701
0.999998927 -0.000965744 0.001078188 1.299440980 0.000970391 0.999990225 -0.004317640 -2.540979862 -0.001074009 0.004318681 0.999990106 181.257003784
0.999999702 -0.000772137 0.000103948 1.301448226 0.000772185 0.999999642 -0.000465056 -2.566335440 -0.000103588 0.000465136 0.999999940 182.527557373
0.999998450 -0.001603909 0.000685880 1.289314628 0.001601266 0.999991357 0.003836726 -2.588891506 -0.000692026 -0.003835621 0.999992430 183.783126831
0.999999881 -0.000313179 0.000321253 1.289034128 0.000312204 0.999995470 0.003030651 -2.605233908 -0.000322199 -0.003030550 0.999995410 185.041488647
0.999999046 0.001015160 0.000933075 1.275049090 -0.001015153 0.999999404 -0.000008695 -2.625025034 -0.000933083 0.000007748 0.999999583 186.269531250
0.999998391 0.001525390 0.000955545 1.268017530 -0.001523496 0.999996841 -0.001980295 -2.646150351 -0.000958562 0.001978836 0.999997556 187.515075684
0.999999106 0.001288057 0.000416102 1.260942578 -0.001287443 0.999998093 -0.001472999 -2.674249649 -0.000417999 0.001472462 0.999998748 188.767364502
0.999998331 0.001595381 0.000853451 1.251820564 -0.001594526 0.999998152 -0.001001138 -2.691790581 -0.000855046 0.000999775 0.999999106 190.010375977
0.999998927 0.001212836 0.000864205 1.247948766 -0.001214288 0.999997854 0.001682162 -2.716907740 -0.000862163 -0.001683209 0.999998212 191.266448975
0.999999166 0.000096561 0.001355833 1.245692611 -0.000100143 0.999996543 0.002641915 -2.740938663 -0.001355573 -0.002642048 0.999995589 192.516754150
0.999995589 0.000441481 0.002919869 1.242177129 -0.000447000 0.999998033 0.001889813 -2.758849382 -0.002919030 -0.001891109 0.999993980 193.752914429
0.999989688 -0.000925224 0.004454764 1.238204002 0.000922724 0.999999344 0.000563343 -2.781543970 -0.004455283 -0.000559226 0.999989986 194.984985352
0.999983907 -0.000569513 0.005640822 1.243822336 0.000575562 0.999999285 -0.001070741 -2.804649591 -0.005640206 0.001073970 0.999983549 196.214019775
0.999977291 -0.001375418 0.006592676 1.252936363 0.001384952 0.999998033 -0.001441741 -2.829693556 -0.006590680 0.001450839 0.999977231 197.431381226
0.999963343 -0.000954000 0.008507452 1.246803999 0.000962383 0.999999046 -0.000981478 -2.852056026 -0.008506509 0.000989629 0.999963224 198.655929565
0.999952912 -0.001378913 0.009606433 1.258560181 0.001369670 0.999998510 0.000968646 -2.877892017 -0.009607756 -0.000955443 0.999953330 199.874572754
0.999938905 -0.000732430 0.011039140 1.254427195 0.000718288 0.999998927 0.001284919 -2.906089544 -0.011040069 -0.001276911 0.999938250 201.094680786
0.999923229 -0.000578435 0.012379586 1.258765340 0.000562132 0.999998987 0.001320395 -2.923432350 -0.012380337 -0.001313335 0.999922514 202.307266235
0.999906301 -0.000476261 0.013682372 1.258594751 0.000456078 0.999998808 0.001478180 -2.947252750 -0.013683059 -0.001471801 0.999905288 203.502319336
0.999890804 -0.000824894 0.014752897 1.270608664 0.000797356 0.999997854 0.001872338 -2.970992327 -0.014754409 -0.001860371 0.999889374 204.695144653
0.999876678 0.000030606 0.015705746 1.278026342 -0.000060288 0.999998212 0.001889426 -2.995477438 -0.015705660 -0.001890140 0.999874830 205.877853394
0.999844134 -0.000475695 0.017657528 1.258223653 0.000447853 0.999998629 0.001580676 -3.013303995 -0.017658260 -0.001572521 0.999842823 207.054519653
0.999843776 -0.001520812 0.017614743 1.279537797 0.001494936 0.999997795 0.001482068 -3.033069372 -0.017616959 -0.001455503 0.999843717 208.221237183
0.999825001 -0.001521329 0.018645240 1.282298207 0.001475705 0.999995887 0.002460503 -3.058540583 -0.018648906 -0.002432557 0.999823153 209.366439819
0.999826849 -0.002062737 0.018491425 1.294558525 0.001999401 0.999992073 0.003442986 -3.075169325 -0.018498380 -0.003405418 0.999823093 210.508163452
0.999837518 -0.002124125 0.017902609 1.308883429 0.002061580 0.999991715 0.003511393 -3.101943970 -0.017909920 -0.003473914 0.999833584 211.628189087
0.999848545 -0.001553200 0.017334431 1.321484089 0.001508181 0.999995470 0.002609890 -3.121447563 -0.017338406 -0.002583352 0.999846339 212.726272583
0.999852419 -0.001180902 0.017136689 1.330557227 0.001152483 0.999997854 0.001668212 -3.141202927 -0.017138621 -0.001648216 0.999851763 213.815704346
0.999867141 -0.001412717 0.016232073 1.346544504 0.001387994 0.999997795 0.001534243 -3.160495758 -0.016234200 -0.001511509 0.999867141 214.882858276
0.999879837 -0.001541273 0.015426022 1.350150228 0.001515149 0.999997318 0.001705011 -3.187906504 -0.015428611 -0.001681433 0.999879479 215.952926636
0.999899983 -0.002083828 0.013985732 1.360605359 0.002049869 0.999994934 0.002441936 -3.205994129 -0.013990750 -0.002413023 0.999899209 217.011779785
0.999924421 -0.002934673 0.011939365 1.363053441 0.002888271 0.999988198 0.003901844 -3.220858812 -0.011950677 -0.003867065 0.999921083 218.048171997
0.999948740 -0.002857951 0.009718585 1.368378162 0.002801731 0.999979377 0.005793534 -3.240071297 -0.009734942 -0.005766009 0.999935985 219.074890137
0.999970376 -0.002575373 0.007252693 1.372362018 0.002533004 0.999979734 0.005845060 -3.259144306 -0.007267600 -0.005826516 0.999956608 220.080841064
0.999986887 -0.001801994 0.004792918 1.368266463 0.001778048 0.999986053 0.004995701 -3.269410372 -0.004801853 -0.004987113 0.999976039 221.091552734
0.999994636 -0.002004652 0.002596295 1.353923202 0.001991005 0.999984264 0.005248051 -3.290170193 -0.002606776 -0.005242853 0.999982834 222.048950195
0.999997616 -0.002134656 -0.000534115 1.350215197 0.002137655 0.999981642 0.005680023 -3.306312084 0.000521980 -0.005681151 0.999983668 222.994110107
0.999992311 -0.001617303 -0.003588092 1.341256380 0.001638050 0.999981999 0.005786940 -3.328618288 0.003578668 -0.005792772 0.999976873 223.921813965
0.999977946 -0.001744235 -0.006410673 1.330258250 0.001776463 0.999985814 0.005024950 -3.341295719 0.006401817 -0.005036227 0.999966919 224.828399658
0.999957860 -0.001190507 -0.009100150 1.310747981 0.001227243 0.999991119 0.004032338 -3.352609634 0.009095267 -0.004043336 0.999950409 225.700653076
0.999923229 -0.000412658 -0.012382942 1.293742537 0.000464259 0.999991238 0.004164571 -3.373714209 0.012381118 -0.004170001 0.999914646 226.556015015
0.999879420 -0.000287697 -0.015526756 1.275771022 0.000347627 0.999992490 0.003857208 -3.395996571 0.015525525 -0.003862140 0.999872029 227.388824463
0.999845743 0.001923796 -0.017463777 1.247743487 -0.001866871 0.999992847 0.003275297 -3.407444715 0.017469957 -0.003242188 0.999842167 228.214782715
0.999827445 0.002432706 -0.018414650 1.233008146 -0.002363469 0.999989986 0.003780718 -3.421069384 0.018423667 -0.003736543 0.999823213 229.020217896
0.999832332 0.002077001 -0.018194158 1.215021133 -0.001991283 0.999986827 0.004728154 -3.435109377 0.018203743 -0.004691132 0.999823213 229.800201416
0.999840915 0.002377011 -0.017675558 1.195801497 -0.002279392 0.999981940 0.005540964 -3.450258970 0.017688412 -0.005499793 0.999828398 230.563537598
0.999844074 0.001854403 -0.017559228 1.183346152 -0.001759086 0.999983609 0.005442196 -3.467772961 0.017569035 -0.005410459 0.999831021 231.309463501
0.999860227 0.003140340 -0.016422536 1.153186560 -0.003086727 0.999989748 0.003288940 -3.476372242 0.016432699 -0.003237789 0.999859691 232.040115356
0.999872506 0.002942539 -0.015696742 1.142503858 -0.002922636 0.999994874 0.001290764 -3.490597725 0.015700463 -0.001244724 0.999875903 232.770401001
0.999890625 0.002816601 -0.014520778 1.128109336 -0.002817062 0.999996006 -0.000011305 -3.505703449 0.014520693 0.000052210 0.999894559 233.490219116
0.999911129 0.003692230 -0.012810160 1.108917594 -0.003703753 0.999992728 -0.000875905 -3.514821291 0.012806835 0.000923273 0.999917507 234.224563599
0.999933660 0.003141096 -0.011085480 1.099846959 -0.003151263 0.999994636 -0.000899712 -3.529888153 0.011082593 0.000934585 0.999938130 234.944778442
0.999952793 0.002960884 -0.009252803 1.090539455 -0.002968591 0.999995291 -0.000819352 -3.547812462 0.009250333 0.000846781 0.999956846 235.651489258
0.999969959 0.003003704 -0.007148445 1.079092026 -0.003011102 0.999994934 -0.001024374 -3.560680628 0.007145332 0.001045868 0.999973953 236.380386353
0.999980688 0.002644127 -0.005625137 1.081559658 -0.002651372 0.999995708 -0.001280884 -3.575273991 0.005621727 0.001295773 0.999983430 237.089385986
0.999992788 0.002960944 -0.002385493 1.071716189 -0.002962581 0.999995410 -0.000682864 -3.590234280 0.002383459 0.000689927 0.999997020 237.803054810
0.999998450 0.001623639 0.000775525 1.073572159 -0.001623743 0.999998569 0.000132686 -3.606118679 -0.000775306 -0.000133945 0.999999702 238.504943848
0.999991775 0.000974548 0.003937424 1.070017219 -0.000974368 0.999999523 -0.000047700 -3.615130424 -0.003937469 0.000043863 0.999992251 239.205474854
0.999978006 0.000494425 0.006619818 1.077183962 -0.000495256 0.999999821 0.000123995 -3.630251169 -0.006619757 -0.000127272 0.999978065 239.902206421
0.999952793 0.000220001 0.009713716 1.082103014 -0.000218472 0.999999940 -0.000158527 -3.643520594 -0.009713750 0.000156397 0.999952853 240.587539673
0.999914110 0.000235852 0.013102319 1.083715200 -0.000229144 0.999999821 -0.000513514 -3.656988621 -0.013102436 0.000510467 0.999914050 241.292587280
0.999872923 0.001124439 0.015901793 1.094614744 -0.001099341 0.999998212 -0.001586939 -3.667457819 -0.015903547 0.001569256 0.999872327 241.983169556
0.999822259 0.001771163 0.018765137 1.106418490 -0.001731307 0.999996185 -0.002140001 -3.679955482 -0.018768854 0.002107133 0.999821603 242.673919678
0.999758601 0.001684188 0.021903101 1.117375016 -0.001661654 0.999998093 -0.001046949 -3.695890665 -0.021904821 0.001010301 0.999759495 243.376663208
0.999707699 0.001769458 0.024110645 1.134176135 -0.001760891 0.999998391 -0.000376542 -3.708324194 -0.024111269 0.000333976 0.999709189 244.080230713
0.999650240 0.001619547 0.026396535 1.150887370 -0.001603367 0.999998510 -0.000634128 -3.721480608 -0.026397523 0.000591583 0.999651372 244.784713745
0.999577343 0.001325032 0.029038630 1.165087461 -0.001258773 0.999996543 -0.002299912 -3.733105898 -0.029041577 0.002262387 0.999575675 245.497329712
0.999515235 0.001609314 0.031090103 1.182251930 -0.001464562 0.999987960 -0.004678078 -3.744938135 -0.031097259 0.004630277 0.999505639 246.205184937
0.999489784 0.000533166 0.031935271 1.205435038 -0.000320712 0.999977767 -0.006657394 -3.755769253 -0.031938110 0.006643756 0.999467790 246.920791626
0.999498606 0.000877709 0.031651575 1.229832172 -0.000664715 0.999977052 -0.006739225 -3.772976398 -0.031656768 0.006714806 0.999476194 247.644134521
0.999503911 -0.000380625 0.031495735 1.254158139 0.000606539 0.999974132 -0.007163615 -3.789782763 -0.031492200 0.007179164 0.999478161 248.373443604
0.999493182 0.000931541 0.031818409 1.272625208 -0.000697901 0.999972701 -0.007353222 -3.806043386 -0.031824391 0.007327291 0.999466658 249.107009888
0.999482095 0.001647336 0.032136928 1.291522861 -0.001392310 0.999967396 -0.007956339 -3.821188211 -0.032148983 0.007907475 0.999451756 249.842956543
0.999470949 0.000422221 0.032521512 1.313674927 -0.000103015 0.999951839 -0.009816295 -3.837258816 -0.032524090 0.009807752 0.999422848 250.589797974
0.999450028 -0.003219800 0.033004377 1.337850213 0.003615530 0.999922216 -0.011937588 -3.856781244 -0.032963373 0.012050352 0.999383867 251.338119507
0.999420345 -0.006533439 0.033409450 1.367639780 0.006963269 0.999894261 -0.012765398 -3.872834444 -0.033322513 0.012990638 0.999360144 252.106170654
0.999416053 -0.003948669 0.033940218 1.391731858 0.004255938 0.999950588 -0.008985738 -3.886508226 -0.033903055 0.009124938 0.999383450 252.886489868
0.999400318 -0.000412865 0.034623183 1.404642820 0.000515440 0.999995530 -0.002953759 -3.899765491 -0.034621809 0.002969834 0.999396026 253.665222168
0.999374568 -0.001410440 0.035333030 1.431612849 0.001383976 0.999998808 0.000773426 -3.920111656 -0.035334080 -0.000724042 0.999375284 254.451736450
0.999279559 -0.002507306 0.037868656 1.461625814 0.002563885 0.999995649 -0.001445613 -3.931355476 -0.037864864 0.001541662 0.999281645 255.254425049
0.999113739 -0.001524190 0.042061817 1.484072208 0.001849249 0.999968827 -0.007690289 -3.944490194 -0.042048778 0.007761256 0.999085367 256.039550781
0.998964608 0.000477130 0.045492005 1.527311683 0.000034255 0.999936819 -0.011239748 -3.959367990 -0.045494497 0.011229670 0.998901427 256.866088867
0.998821557 0.002565325 0.048466340 1.564463258 -0.002034508 0.999937475 -0.010998430 -3.975562572 -0.048491523 0.010886863 0.998764277 257.687011719
0.998660862 0.000649095 0.051730532 1.605099440 -0.000194869 0.999961376 -0.008785176 -3.994089365 -0.051734235 0.008763331 0.998622417 258.518463135
0.998481870 -0.002189352 0.055037007 1.653907061 0.002496589 0.999981642 -0.005514244 -4.013699055 -0.055023924 0.005643277 0.998469114 259.367126465
0.998324633 -0.004723650 0.057667866 1.705014825 0.004969212 0.999979138 -0.004115544 -4.028934956 -0.057647228 0.004395213 0.998327374 260.207824707
0.998161793 -0.004754941 0.060419288 1.755834579 0.004994039 0.999980211 -0.003806914 -4.044479847 -0.060399998 0.004101652 0.998165786 261.041534424
0.997975230 -0.001437909 0.063586675 1.799780250 0.001798851 0.999982595 -0.005619491 -4.061354160 -0.063577488 0.005722497 0.997960508 261.887451172
0.997803271 -0.000425827 0.066245049 1.846597910 0.000958115 0.999967515 -0.008003569 -4.076352596 -0.066239491 0.008049459 0.997771263 262.723022461
0.997603416 0.000084363 0.069191210 1.896174550 0.000477107 0.999967098 -0.008098197 -4.096786022 -0.069189623 0.008111802 0.997570515 263.573638916
0.997443438 0.000308510 0.071460024 1.961668253 0.000102861 0.999983430 -0.005752920 -4.121469021 -0.071460620 0.005745563 0.997426867 264.432220459
0.997241557 0.001709998 0.074204780 2.022334814 -0.001415493 0.999990940 -0.004021234 -4.143150806 -0.074210986 0.003905106 0.997234881 265.273590088
0.997005880 0.002453914 0.077287391 2.082264662 -0.002122330 0.999988139 -0.004372107 -4.156870365 -0.077297211 0.004194987 0.996999264 266.132019043
0.996803999 0.002623270 0.079843134 2.154476643 -0.002237638 0.999985337 -0.004918971 -4.172731876 -0.079854868 0.004724590 0.996795297 266.981475830
0.996625423 0.000389720 0.082083397 2.226904631 0.000064928 0.999984682 -0.005536119 -4.189832687 -0.082084283 0.005522767 0.996610105 267.832611084
0.996444166 -0.001594300 0.084240638 2.293582439 0.002016481 0.999985874 -0.004926777 -4.201655388 -0.084231585 0.005079128 0.996433258 268.675201416
0.996398211 -0.003069469 0.084741943 2.378930092 0.003472838 0.999983251 -0.004612976 -4.227161884 -0.084726363 0.004890656 0.996392190 269.533935547
0.996373117 -0.003799552 0.085007258 2.453939676 0.004229211 0.999979138 -0.004874871 -4.240608215 -0.084986955 0.005216704 0.996368408 270.382507324
0.996358871 -0.004006732 0.085164160 2.524281740 0.004424764 0.999979019 -0.004720371 -4.258986950 -0.085143447 0.005080014 0.996355772 271.237457275
0.996342540 -0.003820562 0.085363440 2.590467691 0.004169687 0.999983668 -0.003911955 -4.280518532 -0.085347101 0.004253586 0.996342242 272.104125977
0.996405959 -0.003181415 0.084646098 2.660189629 0.003525631 0.999986112 -0.003917373 -4.294066429 -0.084632456 0.004201724 0.996403456 272.956481934
0.996503770 -0.003657524 0.083468236 2.727206707 0.004013186 0.999983609 -0.004093661 -4.320261478 -0.083451904 0.004414322 0.996502042 273.817657471
0.996611595 -0.003850508 0.082160927 2.791189909 0.004287718 0.999977529 -0.005145611 -4.340682507 -0.082139269 0.005480458 0.996605814 274.670410156
0.996751249 -0.003412720 0.080469027 2.859994650 0.003898366 0.999975026 -0.005878860 -4.357435703 -0.080446966 0.006173459 0.996739864 275.533874512
0.996872962 -0.002112099 0.078992404 2.915023565 0.002609718 0.999977410 -0.006196879 -4.380299568 -0.078977533 0.006383649 0.996855915 276.375518799
0.997013509 -0.001064921 0.077219494 2.979909420 0.001580280 0.999976933 -0.006613149 -4.397064686 -0.077210657 0.006715428 0.996992230 277.227722168
0.997183681 -0.000027593 0.074998491 3.039548397 0.000471254 0.999982476 -0.005897911 -4.417541504 -0.074997015 0.005916644 0.997166157 278.087036133
0.997390091 0.000101228 0.072200857 3.094160080 0.000239207 0.999988854 -0.004706445 -4.433515549 -0.072200529 0.004711431 0.997378945 278.941406250
0.997684181 -0.001222677 0.068005346 3.152406454 0.001386919 0.999996364 -0.002367978 -4.450114250 -0.068002194 0.002456812 0.997682154 279.786132812
0.997982919 -0.002648637 0.063426696 3.197072029 0.002692436 0.999996305 -0.000605086 -4.470442295 -0.063424855 0.000774638 0.997986317 280.620910645
0.998279989 -0.003229595 0.058536366 3.244145155 0.003194727 0.999994695 0.000689242 -4.487626553 -0.058538277 -0.000501049 0.998284996 281.453704834
0.998545110 -0.003853967 0.053784292 3.285205841 0.003768052 0.999991417 0.001698720 -4.506238937 -0.053790383 -0.001493587 0.998551130 282.284271240
0.998779595 -0.004360844 0.049195692 3.320842981 0.004273501 0.999989033 0.001880456 -4.518213272 -0.049203359 -0.001667923 0.998787344 283.094787598
0.998992920 -0.005206384 0.044563688 3.352037907 0.005112255 0.999984443 0.002225931 -4.534688473 -0.044574581 -0.001995868 0.999004066 283.901489258
0.999159098 -0.005135888 0.040677097 3.373738289 0.005054777 0.999984980 0.002096613 -4.551391602 -0.040687252 -0.001889237 0.999170125 284.682281494
0.999318779 -0.004941869 0.036574699 3.400641680 0.004884754 0.999986708 0.001650781 -4.563991070 -0.036582373 -0.001470997 0.999329567 285.453247070
0.999454319 -0.004741152 0.032690197 3.419961452 0.004690916 0.999987662 0.001613224 -4.578364372 -0.032697450 -0.001458998 0.999464214 286.202148438
