1.000000000 -0.000000000 0.000000000 0.000000000 -0.000000000 1.000000000 0.000000000 0.000000000 0.000000000 0.000000000 1.000000000 0.000000000
0.999978960 0.000418421 -0.006472260 -0.008270345 -0.000415805 0.999999821 0.000405561 -0.002050395 0.006472429 -0.000402862 0.999978960 0.091705054
0.999907494 0.000953652 -0.013566790 -0.016584221 -0.000951542 0.999999523 0.000161979 -0.001939788 0.013566938 -0.000149055 0.999907970 0.188401088
0.999772489 0.001388470 -0.021284703 -0.026121652 -0.001400776 0.999998868 -0.000563294 -0.002162176 0.021283897 0.000592981 0.999773324 0.285389006
0.999541759 0.001703396 -0.030221105 -0.042987660 -0.001764243 0.999996483 -0.001986870 -0.001843667 0.030217614 0.002039277 0.999541283 0.390606821
0.999124885 0.001926819 -0.041782573 -0.058769185 -0.002072530 0.999991894 -0.003444324 -0.004725663 0.041775595 0.003527906 0.999120772 0.501273572
0.998479605 0.001740931 -0.055094838 -0.084372759 -0.001967117 0.999989867 -0.004051443 -0.007815373 0.055087227 0.004153661 0.998472929 0.626056314
0.997427225 0.001814439 -0.071663149 -0.108496308 -0.002136639 0.999987960 -0.004419629 -0.004377068 0.071654260 0.004561377 0.997419119 0.761388540
0.995904148 0.000219998 -0.090414904 -0.134581462 -0.000600840 0.999991059 -0.004184963 -0.009216428 0.090413176 0.004222147 0.995895386 0.917014658
0.993913233 -0.000753360 -0.110163212 -0.176156789 0.000273949 0.999990404 -0.004366893 -0.012629522 0.110165447 0.004310134 0.993903935 1.075416565
0.991233706 -0.000794031 -0.132116944 -0.218014821 0.000165107 0.999988616 -0.004771250 -0.012639744 0.132119179 0.004707611 0.991222680 1.225224495
0.987726688 0.002774395 -0.156167537 -0.273826540 -0.003791466 0.999973476 -0.006215188 -0.016064620 0.156146109 0.006731011 0.987711012 1.394324422
0.983342946 0.007145089 -0.181619108 -0.340169489 -0.008659510 0.999934018 -0.007546847 -0.023271551 0.181553170 0.008993872 0.983339965 1.568935871
0.977950394 0.010060873 -0.208594605 -0.413385987 -0.012138907 0.999888599 -0.008684297 -0.025949249 0.208483964 0.011024922 0.977963686 1.751161695
0.971264780 0.010778391 -0.237757295 -0.492393643 -0.013296238 0.999871254 -0.008988850 -0.027172824 0.237629771 0.011891831 0.971283019 1.936502457
0.963192940 0.012529979 -0.268518895 -0.580623925 -0.015349931 0.999846935 -0.008404938 -0.031911943 0.268372446 0.012217323 0.963237762 2.133299351
0.953799129 0.014598439 -0.300090045 -0.677249193 -0.017627746 0.999817312 -0.007389643 -0.034092933 0.299927294 0.012338144 0.953882277 2.315162182
0.942546189 0.016395608 -0.333673030 -0.778682709 -0.019649575 0.999786615 -0.006379075 -0.033691067 0.333497286 0.012569106 0.942667246 2.504790068
0.929995239 0.018585587 -0.367101133 -0.880323410 -0.022183511 0.999738336 -0.005583844 -0.040152907 0.366901278 0.013336540 0.930164278 2.683055162
0.916123033 0.021404497 -0.400325179 -1.000373483 -0.025548542 0.999660969 -0.005016837 -0.039702173 0.400081992 0.014823765 0.916359425 2.863256931
0.900094569 0.022295754 -0.435123801 -1.117471457 -0.026822200 0.999631166 -0.004263111 -0.042076286 0.434868246 0.015508180 0.900360525 3.037412167
0.881662846 0.018049873 -0.471534550 -1.239769578 -0.022981944 0.999724865 -0.004702557 -0.044588402 0.471319914 0.014982849 0.881835103 3.213315964
0.860531628 0.013649413 -0.509214103 -1.374795437 -0.018685820 0.999813914 -0.004777680 -0.050792530 0.509054244 0.013626426 0.860626519 3.384873867
0.835463405 0.015250344 -0.549334407 -1.535303593 -0.019293766 0.999812663 -0.001586920 -0.054311838 0.549207330 0.011924541 0.835601032 3.565200806
0.806284368 0.020785380 -0.591162980 -1.713024259 -0.023926504 0.999710500 0.002516737 -0.060077097 0.591044247 0.012115257 0.806548178 3.730545282
0.773782015 0.024076048 -0.632994354 -1.915858984 -0.027460352 0.999612927 0.004452503 -0.063113332 0.632856548 0.013936978 0.774143577 3.905056715
0.737980723 0.023195349 -0.674423099 -2.127622843 -0.026473548 0.999634862 0.005411910 -0.066891685 0.674302459 0.013860485 0.738325238 4.069975853
0.697955251 0.018910427 -0.715891600 -2.345023394 -0.020521946 0.999768913 0.006401330 -0.064589866 0.715847254 0.010223645 0.698182046 4.238347530
0.655023217 0.015095288 -0.755457878 -2.582957268 -0.014925056 0.999863863 0.007038081 -0.063597292 0.755461276 0.006665144 0.655159414 4.402543068
0.611126959 0.014596779 -0.791397989 -2.846016645 -0.012373628 0.999883950 0.008887092 -0.061381891 0.791435838 0.004361322 0.611236691 4.538379669
0.562681735 0.015230530 -0.826533198 -3.123245001 -0.009989005 0.999882460 0.011624589 -0.058775645 0.826613188 0.001715297 0.562767863 4.678549767
0.511595666 0.015652940 -0.859083712 -3.419005871 -0.008093541 0.999877453 0.013398461 -0.053309113 0.859188199 0.000098434 0.511659622 4.804486275
0.459500194 0.016935645 -0.888016105 -3.722493649 -0.007397118 0.999856472 0.015240984 -0.045638651 0.888146877 -0.000434475 0.459559590 4.900021553
0.404813111 0.019136148 -0.914199173 -4.056065083 -0.006038858 0.999815166 0.018254228 -0.043377146 0.914379537 -0.001868833 0.404853910 4.997481346
0.349243104 0.021000521 -0.936796725 -4.410406113 -0.005738464 0.999777973 0.020273063 -0.035505325 0.937014639 -0.001704454 0.349286139 5.084552765
0.293750137 0.024211969 -0.955575466 -4.787391663 -0.003129065 0.999698043 0.024368038 -0.031332701 0.955877125 -0.004168058 0.293737233 5.160201073
0.240206778 0.025883170 -0.970376551 -5.130714893 0.001836965 0.999630511 0.027118189 -0.032672375 0.970719993 -0.008296520 0.240070462 5.214083195
0.189310938 0.026292816 -0.981564999 -5.518682480 0.004009283 0.999612451 0.027549500 -0.027294740 0.981909037 -0.009150794 0.189132154 5.248616695
0.141721129 0.027455622 -0.989525735 -5.930047035 0.001298198 0.999609292 0.027921330 -0.021535620 0.989905834 -0.005241643 0.141630143 5.267605782
0.099352360 0.027940921 -0.994659960 -6.354882240 -0.000188831 0.999606252 0.028061002 -0.012989774 0.995052278 -0.002600105 0.099318519 5.268101692
0.061542556 0.026305677 -0.997757673 -6.797312260 -0.001341438 0.999653995 0.026272925 -0.003352180 0.998103559 -0.000278472 0.061556548 5.257533550
0.027021492 0.023456397 -0.999359608 -7.267365932 0.000218077 0.999724507 0.023470858 0.003862783 0.999634862 -0.000852155 0.027008928 5.257698536
-0.004141029 0.020837737 -0.999774277 -7.741015434 0.000413449 0.999782860 0.020836204 0.008209005 0.999991357 -0.000327073 -0.004148751 5.227551937
-0.030939162 0.018898506 -0.999342561 -8.232706070 0.000125074 0.999821246 0.018903689 0.015655562 0.999521255 0.000459873 -0.030935988 5.190560341
-0.051460288 0.016581368 -0.998537362 -8.741567612 -0.000831985 0.999861181 0.016646231 0.025239177 0.998674691 0.001687388 -0.051439352 5.142703056
-0.067983240 0.015446410 -0.997566879 -9.258441925 0.000214651 0.999880314 0.015467600 0.040124863 0.997686446 0.000837409 -0.067978419 5.103040695
-0.081055030 0.015685983 -0.996586204 -9.795817375 0.000438920 0.999876618 0.015702076 0.049152911 0.996709466 0.000835310 -0.081051923 5.048537254
-0.090623185 0.017235648 -0.995736122 -10.352975845 0.000535439 0.999850869 0.017258143 0.050363362 0.995885074 0.001030832 -0.090618908 4.989073753
-0.097581461 0.018427484 -0.995056868 -10.925391197 -0.001305322 0.999825239 0.018643806 0.048910737 0.995226741 0.003118159 -0.097540356 4.925900459
-0.101980269 0.019470969 -0.994595766 -11.517985344 -0.001111565 0.999805570 0.019686932 0.055078968 0.994785905 0.003113237 -0.101938769 4.857164383
-0.103302538 0.020135177 -0.994446099 -12.124543190 0.001050733 0.999796689 0.020134365 0.067109168 0.994649529 0.001035033 -0.103302695 4.790569305
-0.102501132 0.022311948 -0.994482636 -12.741044998 0.002830428 0.999750853 0.022138419 0.071636885 0.994728804 -0.000545598 -0.102538742 4.733577251
-0.100918606 0.024786053 -0.994585812 -13.395017624 0.002094526 0.999692678 0.024700793 0.079579443 0.994892597 0.000409584 -0.100939505 4.663336754
-0.099231042 0.024868602 -0.994753540 -14.048636436 -0.000173311 0.999687254 0.025009230 0.085599780 0.995064437 0.002654094 -0.099195696 4.592215538
-0.097428784 0.022462688 -0.994988918 -14.712989807 -0.001582799 0.999740481 0.022724947 0.095602751 0.995241225 0.003788931 -0.097367950 4.522470474
-0.096175946 0.021983311 -0.995121479 -15.392907143 -0.002345656 0.999748230 0.022312224 0.108719632 0.995361567 0.004480112 -0.096100181 4.452738285
-0.094668835 0.024775675 -0.995200455 -16.087013245 -0.001701662 0.999684751 0.025049185 0.120326698 0.995507360 0.004064871 -0.094596818 4.388223171
-0.092800416 0.028318301 -0.995281935 -16.808166504 -0.002774790 0.999584198 0.028699430 0.131191880 0.995680928 0.005425016 -0.092683256 4.318004608
-0.091061667 0.030301493 -0.995384157 -17.537019730 -0.002629315 0.999526083 0.030668126 0.143058389 0.995841801 0.005409868 -0.090938844 4.246519566
-0.089398742 0.029544950 -0.995557547 -18.274801254 -0.004812771 0.999535441 0.030095177 0.159379900 0.995984256 0.007481860 -0.089215003 4.173085690
-0.087318227 0.026817122 -0.995819449 -19.029708862 -0.007201986 0.999594450 0.027550286 0.167582184 0.996154428 0.009577518 -0.087089658 4.095743179
-0.085795261 0.026197845 -0.995968223 -19.804470062 -0.008075035 0.999603093 0.026989060 0.183709025 0.996280074 0.010358011 -0.085549630 4.022137165
-0.084297776 0.028329002 -0.996037781 -20.584913254 -0.005747021 0.999565363 0.028915718 0.200912893 0.996424019 0.008161781 -0.084098324 3.954135656
-0.083177321 0.030545076 -0.996066570 -21.385005951 -0.003642086 0.999514103 0.030954940 0.212618887 0.996528089 0.006202508 -0.083025657 3.887842894
-0.081573606 0.032397624 -0.996140599 -22.168548584 -0.002790321 0.999460161 0.032734092 0.225895226 0.996663451 0.005449790 -0.081439182 3.809462070
-0.081064261 0.027656619 -0.996325076 -22.965826035 -0.002936763 0.999603927 0.027986586 0.234776497 0.996704519 0.005194683 -0.080950938 3.751945972
-0.080515265 0.020956835 -0.996533036 -23.774042130 -0.001681747 0.999774516 0.021160884 0.242460072 0.996751964 0.003379690 -0.080461875 3.681709766
-0.080900945 0.016359430 -0.996587813 -24.598424911 0.001776536 0.999866009 0.016269032 0.254569232 0.996720612 -0.000454294 -0.080919176 3.620136738
-0.081493467 0.016910657 -0.996530414 -25.429090500 0.002766242 0.999856055 0.016740879 0.266267300 0.996670067 -0.001392373 -0.081528515 3.548770666
-0.081530116 0.024587333 -0.996367514 -26.278274536 0.001885914 0.999697626 0.024515193 0.268932909 0.996669114 0.000119662 -0.081551827 3.472112417
-0.081789181 0.031519819 -0.996151030 -27.104026794 0.000196161 0.999500215 0.031609688 0.279124379 0.996649623 0.002389924 -0.081754476 3.406531096
-0.082357667 0.036961224 -0.995917201 -27.948614120 -0.001694109 0.999305367 0.037227064 0.291034579 0.996601403 0.004753126 -0.082237832 3.332061768
-0.082514986 0.037462074 -0.995885432 -28.788309097 -0.003520502 0.999276042 0.037881311 0.299592018 0.996583581 0.006631793 -0.082323365 3.251785994
-0.082846686 0.033780813 -0.995989501 -29.623653412 -0.003518893 0.999409139 0.034189504 0.317040861 0.996556044 0.006337267 -0.082678847 3.178619146
-0.082950048 0.030726746 -0.996079862 -30.461278915 -0.003512021 0.999509275 0.031125009 0.338403463 0.996547520 0.006080074 -0.082801409 3.096252918
-0.083103493 0.032232702 -0.996019542 -31.286201477 -0.005162694 0.999449372 0.032774452 0.349803746 0.996527553 0.007865815 -0.082891315 3.022555590
-0.083261177 0.034725185 -0.995922625 -32.127456665 -0.005978369 0.999357224 0.035344753 0.359553993 0.996509910 0.008896837 -0.083000049 2.952288628
-0.082937270 0.033297315 -0.995998263 -32.954517365 -0.007214214 0.999395370 0.034011610 0.365293443 0.996528685 0.010006174 -0.082646906 2.873586893
-0.082806580 0.027993143 -0.996172369 -33.778915405 -0.007968365 0.999554873 0.028750559 0.378187895 0.996533811 0.010318600 -0.082546651 2.804486752
-0.082440712 0.023732081 -0.996313393 -34.612316132 -0.009398345 0.999653459 0.024589321 0.391739428 0.996551633 0.011390856 -0.082189105 2.725364685
-0.081814982 0.024765532 -0.996339738 -35.437911987 -0.009097210 0.999631047 0.025594359 0.395430863 0.996605992 0.011157918 -0.081559516 2.654211998
-0.081317507 0.027330883 -0.996313453 -36.266994476 -0.007805350 0.999575794 0.028057437 0.401687086 0.996657670 0.010058137 -0.081069693 2.584726095
-0.080724165 0.032266513 -0.996214032 -37.115394592 -0.007542452 0.999427497 0.032981761 0.413215458 0.996707916 0.010176322 -0.080434568 2.506482840
-0.080106780 0.037537124 -0.996079266 -37.951278687 -0.007155281 0.999243319 0.038231805 0.434526920 0.996760666 0.010189853 -0.079777576 2.438882589
-0.079939306 0.040673945 -0.995969534 -38.777633667 -0.007543479 0.999113798 0.041407820 0.449181676 0.996771157 0.010823186 -0.079561643 2.360061407
-0.079692215 0.040722083 -0.995987356 -39.610462189 -0.007091540 0.999116719 0.041417450 0.466998100 0.996794283 0.010363732 -0.079333052 2.289542198
-0.079639524 0.036387049 -0.996159434 -40.429958344 -0.007548598 0.999282837 0.037104625 0.484789014 0.996795058 0.010474602 -0.079307757 2.223381042
-0.079105563 0.032135509 -0.996348143 -41.265522003 -0.008271648 0.999424696 0.032891475 0.499521971 0.996831894 0.010843338 -0.078794256 2.141191721
-0.079061583 0.029554792 -0.996431530 -42.089672089 -0.012513531 0.999452233 0.030637275 0.509538651 0.996791244 0.014891108 -0.078648463 2.066205502
-0.079207897 0.027431078 -0.996480584 -42.913074493 -0.015327441 0.999469638 0.028731704 0.525468588 0.996740282 0.017549274 -0.078745440 1.984817505
-0.080191016 0.025553530 -0.996451914 -43.722984314 -0.013382155 0.999553621 0.026710022 0.531313717 0.996689618 0.015476577 -0.079813257 1.930198193
-0.081535473 0.021871308 -0.996430457 -44.551586151 -0.009888002 0.999692261 0.022752017 0.538951933 0.996621370 0.011707801 -0.081294104 1.867343187
-0.081910998 0.020376261 -0.996431351 -45.374244690 -0.005521294 0.999766231 0.020898340 0.548515499 0.996624351 0.007213394 -0.081779361 1.792991400
-0.084237657 0.023941472 -0.996158063 -46.195171356 -0.005176300 0.999687314 0.024464019 0.552722633 0.996432304 0.007217202 -0.084087387 1.724633694
-0.085930914 0.030642183 -0.995829761 -47.011104584 -0.002850031 0.999515235 0.031001521 0.553003371 0.996297061 0.005502134 -0.085801922 1.652509212
-0.087476000 0.034143858 -0.995581329 -47.820949554 -0.000929454 0.999409139 0.034356810 0.565667272 0.996166170 0.003930743 -0.087392583 1.575196743
-0.088714719 0.033537306 -0.995492220 -48.620014191 -0.001324431 0.999428093 0.033787929 0.569059849 0.996056139 0.004315948 -0.088619553 1.498263836
-0.089395948 0.029295133 -0.995565236 -49.419441223 -0.004656994 0.999544144 0.029830392 0.582072079 0.995985270 0.007303057 -0.089218751 1.411458969
-0.090512700 0.025716031 -0.995563209 -50.211006165 -0.009519486 0.999598503 0.026685741 0.588815749 0.995849788 0.011892650 -0.090231545 1.325494289
-0.092079625 0.024341250 -0.995454133 -51.002048492 -0.013704512 0.999575496 0.025709704 0.596821666 0.995657265 0.016009554 -0.091706954 1.238199234
-0.093179390 0.025623042 -0.995319545 -51.794597626 -0.015272368 0.999514401 0.027160799 0.602371097 0.995532215 0.017731713 -0.092742816 1.159337044
-0.094334878 0.027140515 -0.995170355 -52.582015991 -0.015198651 0.999472558 0.028698564 0.610366821 0.995424569 0.017832525 -0.093872614 1.082132339
-0.095174313 0.026672233 -0.995103180 -53.365070343 -0.017062159 0.999450445 0.028420629 0.617198467 0.995314419 0.019683523 -0.094666943 0.998069763
-0.095533863 0.026578873 -0.995071292 -54.142192841 -0.017924936 0.999435425 0.028416356 0.622137964 0.995264888 0.020551309 -0.095003471 0.913951874
-0.096212059 0.028412499 -0.994955301 -54.915515900 -0.016049182 0.999418259 0.030091897 0.631309986 0.995231450 0.018863419 -0.095700093 0.839241505
-0.096338354 0.031341370 -0.994855046 -55.692749023 -0.015641565 0.999333024 0.032997128 0.640084743 0.995225728 0.018739980 -0.095783874 0.758570671
-0.096604705 0.035549730 -0.994687676 -56.464607239 -0.015958773 0.999178112 0.037260145 0.652407885 0.995194912 0.019473502 -0.095957980 0.680131435
-0.097166024 0.037815608 -0.994549513 -57.226623535 -0.015716908 0.999094903 0.039523967 0.659104705 0.995144069 0.019471629 -0.096483745 0.601726055
-0.097920232 0.037661456 -0.994481385 -57.975631714 -0.015346525 0.999107659 0.039347738 0.673446536 0.995075941 0.019114774 -0.097254880 0.528105736
-0.098190069 0.035734531 -0.994525969 -58.727420807 -0.014342719 0.999200463 0.037318558 0.685762763 0.995064259 0.017928518 -0.097599044 0.449241638
-0.098458149 0.032151006 -0.994621694 -59.460384369 -0.014099060 0.999332428 0.033698965 0.695595980 0.995041251 0.017341167 -0.097939141 0.375262737
-0.097803697 0.029254070 -0.994775593 -60.181671143 -0.014623261 0.999417663 0.030828305 0.705778241 0.995098293 0.017561989 -0.097318977 0.293066025
-0.096660502 0.026975203 -0.994951785 -60.882244110 -0.015214602 0.999475837 0.028575977 0.714824557 0.995201051 0.017899966 -0.096199423 0.221920013
-0.094414830 0.026536105 -0.995179176 -61.589199066 -0.017685980 0.999442220 0.028327681 0.713934541 0.995375812 0.020275276 -0.093892843 0.148406982
-0.090001881 0.027519869 -0.995561302 -62.272010803 -0.018116243 0.999407530 0.029263953 0.718595862 0.995776892 0.020669643 -0.089450002 0.078114986
-0.084386282 0.029096585 -0.996008217 -62.941295624 -0.017300475 0.999380112 0.030660862 0.725318074 0.996282935 0.019818773 -0.083830595 0.023612022
-0.077026390 0.030563474 -0.996560454 -63.587459564 -0.017127220 0.999341965 0.031972583 0.729648471 0.996881962 0.019531045 -0.076452233 -0.024822235
-0.068406790 0.031993326 -0.997144341 -64.221984863 -0.017712355 0.999289215 0.033277258 0.732600689 0.997500181 0.019938165 -0.067791492 -0.067538738
-0.056175407 0.033363137 -0.997863233 -64.826126099 -0.020044181 0.999202371 0.034536295 0.748271585 0.998219728 0.021941444 -0.055461869 -0.113267660
-0.041313432 0.034842197 -0.998538435 -65.438438416 -0.023349771 0.999085128 0.035827335 0.755687118 0.998873353 0.024795797 -0.040462077 -0.138842821
-0.022685971 0.035927121 -0.999096811 -66.021423340 -0.024699537 0.999028802 0.036485508 0.767371893 0.999437511 0.025504934 -0.021776557 -0.151586890
-0.000373721 0.037243050 -0.999306142 -66.594291687 -0.025953623 0.998969138 0.037240189 0.769337535 0.999663055 0.025949532 0.000593264 -0.143693015
0.025320500 0.037779741 -0.998965323 -67.131713867 -0.025005858 0.998996913 0.037147120 0.772853732 0.999366641 0.024039399 0.026239812 -0.117201924
0.054468796 0.036939412 -0.997831941 -67.657096863 -0.023836868 0.999078751 0.035684377 0.784844160 0.998230875 0.021841502 0.055299141 -0.067296982
0.088573948 0.036597200 -0.995397091 -68.166801453 -0.022687465 0.999139726 0.034715988 0.797451615 0.995811224 0.019508105 0.089328021 0.002947330
0.126073807 0.037296962 -0.991319478 -68.558967590 -0.022158271 0.999149561 0.034773521 0.792750955 0.991773367 0.017581901 0.126793012 0.070392609
0.167275891 0.037304282 -0.985204160 -69.025611877 -0.021978952 0.999176741 0.034101587 0.795089126 0.985665143 0.015949380 0.167958066 0.171244621
0.212606460 0.037865423 -0.976404011 -69.469543457 -0.020955902 0.999195755 0.034186270 0.804186344 0.976913154 0.013193207 0.213229001 0.290222168
0.261103094 0.036634292 -0.964615464 -69.890777588 -0.017656419 0.999293745 0.033172049 0.802756071 0.965149462 0.008370333 0.261565506 0.432638168
0.310878217 0.031860508 -0.949915588 -70.290023804 -0.010386711 0.999492228 0.030124078 0.800103664 0.950393021 0.000501581 0.311051279 0.609977722
0.361841679 0.026402149 -0.931865633 -70.684234619 -0.004774597 0.999638259 0.026468363 0.802291811 0.932227314 -0.005128070 0.361836851 0.812705994
0.413670778 0.021402705 -0.910174906 -71.060516357 -0.000079669 0.999724388 0.023472253 0.813419640 0.910426497 -0.009637274 0.413558513 1.031745911
0.465486497 0.021833550 -0.884785652 -71.419921875 -0.001362604 0.999712169 0.023952685 0.811534703 0.885053933 -0.009944039 0.465382248 1.244844437
0.513993740 0.020256693 -0.857554793 -71.791023254 0.000072536 0.999720156 0.023658326 0.823260784 0.857793927 -0.012222433 0.513848364 1.501926422
0.559015751 0.015745202 -0.829007506 -72.137565613 0.008062628 0.999669194 0.024423337 0.828764141 0.829117835 -0.020337010 0.558703899 1.788410187
0.602600873 0.009297493 -0.797988653 -72.461914062 0.018655121 0.999494791 0.025732685 0.828997016 0.797824562 -0.030393111 0.602122962 2.098831177
0.644648194 0.004090454 -0.764468431 -72.768371582 0.020028271 0.999552131 0.022237422 0.834295273 0.764217019 -0.029646294 0.644277453 2.414779663
0.686383367 0.001244291 -0.727238774 -73.048744202 0.015762437 0.999738157 0.016587453 0.816615641 0.727069080 -0.022848407 0.686183989 2.708496094
0.726900220 -0.005933259 -0.686717391 -73.331848145 0.012729418 0.999907196 0.004835043 0.824001431 0.686625063 -0.012256104 0.726908445 3.049854279
0.765935421 -0.008443387 -0.642862082 -73.602493286 0.007988911 0.999961555 -0.003615202 0.827450633 0.642867982 -0.002366752 0.765973449 3.420269012
0.802700520 -0.009306548 -0.596309662 -73.852821350 0.006326776 0.999954820 -0.007089645 0.828356981 0.596348882 0.001918145 0.802723229 3.814357758
0.836774230 -0.009333501 -0.547468722 -74.093734741 0.005851503 0.999950171 -0.008103930 0.813010812 0.547516882 0.003577646 0.836786866 4.227348328
0.867215097 -0.008126795 -0.497867763 -74.315383911 0.003204958 0.999937236 -0.010739598 0.809133112 0.497923732 0.007717895 0.867186487 4.675451279
0.893025935 -0.006947222 -0.449951649 -74.526916504 0.002976501 0.999950171 -0.009531657 0.796995699 0.449995488 0.007172736 0.893002033 5.154788971
0.913910151 -0.001053935 -0.405915558 -74.714744568 -0.002605753 0.999960721 -0.008463142 0.785239577 0.405908465 0.008792265 0.913871408 5.647789001
0.931548834 0.004327054 -0.363590479 -74.915451050 -0.008625720 0.999910772 -0.010199968 0.774817944 0.363513917 0.012637997 0.931502998 6.152139664
0.944882393 0.009148916 -0.327282250 -75.085121155 -0.012783378 0.999878168 -0.008955535 0.768846989 0.327160507 0.012645698 0.944884181 6.692310333
0.954879582 0.009869999 -0.296829194 -75.250946045 -0.012553053 0.999895751 -0.007134356 0.756170809 0.296727836 0.010538561 0.954903960 7.253990173
0.962000310 0.009261948 -0.272891283 -75.389938354 -0.011261253 0.999919891 -0.005760981 0.743576705 0.272816181 0.008615160 0.962027609 7.830461502
0.967951715 0.010281789 -0.250925690 -75.563690186 -0.011640814 0.999924421 -0.003932376 0.737775624 0.250866294 0.006727330 0.967998385 8.435630798
0.972496986 0.012489225 -0.232579812 -75.705810547 -0.013180729 0.999912024 -0.001419267 0.730575383 0.232541606 0.004445804 0.972576261 9.051177979
0.975950122 0.017622234 -0.217279926 -75.845680237 -0.018045906 0.999837160 0.000034326 0.723308325 0.217245117 0.003887512 0.976109385 9.682694435
0.978777528 0.021065567 -0.203840017 -75.981506348 -0.021225728 0.999773741 0.001400773 0.714998603 0.203823343 0.002955607 0.979003191 10.326519012
0.981443822 0.019351857 -0.190770924 -76.105895996 -0.019523341 0.999808908 0.000980729 0.709833264 0.190753415 0.002761955 0.981634140 10.987489700
0.984093666 0.019746037 -0.176549375 -76.247596741 -0.019950196 0.999800682 0.000618748 0.701230049 0.176526427 0.002913289 0.984291553 11.694673538
0.986583829 0.020245895 -0.161995351 -76.357864380 -0.020320384 0.999792755 0.001197207 0.696336329 0.161986023 0.002110662 0.986790836 12.394125938
0.988749027 0.021849738 -0.147979587 -76.466003418 -0.021892136 0.999759436 0.001342447 0.693649828 0.147973329 0.001912246 0.988989592 13.108880997
0.990617275 0.022595124 -0.134784639 -76.571182251 -0.022962229 0.999735594 -0.001169470 0.676308095 0.134722546 0.004253453 0.990874290 13.829024315
0.991987586 0.022878004 -0.124247149 -76.653427124 -0.023846522 0.999695659 -0.006313241 0.661368847 0.124064885 0.009225518 0.992231250 14.567296028
0.993172348 0.021242982 -0.114705920 -76.739807129 -0.022836691 0.999659836 -0.012597555 0.648135126 0.114399277 0.015131048 0.993319631 15.325334549
0.994073033 0.020926872 -0.106681824 -76.817138672 -0.022426601 0.999665618 -0.012877608 0.640129149 0.106376663 0.015193795 0.994209886 16.085012436
0.994734108 0.022779509 -0.099925019 -76.898017883 -0.023571163 0.999699354 -0.006748889 0.623512924 0.099741228 0.009068700 0.994972110 16.853614807
0.995150268 0.027536688 -0.094433509 -76.987983704 -0.027527574 0.999620080 0.001399424 0.605387747 0.094436154 0.001206889 0.995530248 17.635572433
0.995532513 0.027877165 -0.090210497 -77.064323425 -0.027517073 0.999607623 0.005233174 0.596214354 0.090320967 -0.002727464 0.995908976 18.413177490
0.995826364 0.027125664 -0.087143116 -77.130691528 -0.026867824 0.999630451 0.004130593 0.580067396 0.087222964 -0.001772008 0.996187270 19.187759399
0.996132016 0.026856920 -0.083664171 -77.202056885 -0.026676828 0.999638736 0.003269925 0.569425523 0.083721757 -0.001025382 0.996488690 19.952545166
0.996396720 0.025479613 -0.080896959 -77.263153076 -0.025108797 0.999669015 0.005597930 0.559199393 0.081012815 -0.003546534 0.996706724 20.722841263
0.996643126 0.023084141 -0.078547105 -77.330841064 -0.022536723 0.999715149 0.007848775 0.552708805 0.078705914 -0.006052233 0.996879518 21.507547379
0.996924937 0.020591237 -0.075608850 -77.388557434 -0.019911228 0.999754310 0.009736719 0.545008659 0.075790763 -0.008201314 0.997089982 22.269792557
0.997134984 0.020073421 -0.072929434 -77.445419312 -0.019697901 0.999788761 0.005864754 0.534248292 0.073031746 -0.004411394 0.997319877 23.025485992
0.997188568 0.022826821 -0.071369849 -77.506393433 -0.022977704 0.999735177 -0.001293670 0.522855043 0.071321405 0.002929949 0.997448981 23.779205322
0.997298717 0.023940537 -0.069440804 -77.565315247 -0.024612729 0.999657929 -0.008840427 0.505596638 0.069205403 0.010525675 0.997546911 24.526088715
0.997345328 0.024592105 -0.068537794 -77.615364075 -0.025541315 0.999589145 -0.013007559 0.491206169 0.068189755 0.014723575 0.997563660 25.277986526
0.997473478 0.026202500 -0.066029906 -77.680068970 -0.027005283 0.999571502 -0.011294617 0.469347507 0.065705664 0.013049239 0.997753739 26.038513184
0.997549057 0.029410195 -0.063488953 -77.739036560 -0.029933911 0.999525070 -0.007313300 0.449147642 0.063243732 0.009195849 0.997955680 26.800037384
0.997600436 0.032517012 -0.061122347 -77.794586182 -0.032697625 0.999463379 -0.001956770 0.429722726 0.061025932 0.003950631 0.998128355 27.555122375
0.997817993 0.030525571 -0.058543187 -77.843383789 -0.030585887 0.999532104 -0.000134242 0.413332939 0.058511712 0.001924544 0.998284876 28.311679840
0.997989416 0.027848728 -0.056933217 -77.890228271 -0.027901545 0.999610662 -0.000132814 0.398711681 0.056907352 0.001721072 0.998377979 29.065614700
0.998097658 0.026158471 -0.055829100 -77.934265137 -0.026221309 0.999656081 -0.000393149 0.383339643 0.055799618 0.001856313 0.998440206 29.815963745
0.998147547 0.026239861 -0.054890320 -77.978363037 -0.026400238 0.999648988 -0.002198528 0.370703816 0.054813366 0.003643573 0.998489976 30.557735443
0.998259366 0.023372509 -0.054147687 -78.023445129 -0.023601083 0.999714971 -0.003585617 0.360994577 0.054048449 0.004857320 0.998526454 31.322431564
0.998304904 0.022184314 -0.053806379 -78.063629150 -0.022408234 0.999742508 -0.003561803 0.347457230 0.053713508 0.004761472 0.998545051 32.083641052
0.998281360 0.025519056 -0.052755766 -78.116691589 -0.025688531 0.999666631 -0.002536726 0.334907442 0.052673452 0.003887584 0.998604059 32.855701447
0.998295963 0.025787216 -0.052347228 -78.167068481 -0.026019277 0.999654353 -0.003756352 0.324643195 0.052232262 0.005111989 0.998621821 33.630962372
0.998228967 0.025220171 -0.053878762 -78.217063904 -0.025433093 0.999671102 -0.003269816 0.305816203 0.053778581 0.004634329 0.998542070 34.402481079
0.998159885 0.023751864 -0.055792056 -78.262405396 -0.023944935 0.999709308 -0.002794399 0.291655302 0.055709466 0.004125194 0.998438537 35.175582886
0.997921765 0.025533827 -0.059161600 -78.312263489 -0.025757670 0.999663591 -0.003023845 0.280581474 0.059064485 0.004541425 0.998243868 35.958679199
0.997657776 0.029366510 -0.061779205 -78.376464844 -0.029606640 0.999557257 -0.002974885 0.262480855 0.061664492 0.004796993 0.998085439 36.751121521
0.997481942 0.029591454 -0.064454332 -78.437599182 -0.030176528 0.999511600 -0.008122503 0.248889804 0.064182490 0.010047056 0.997887552 37.543266296
0.997275829 0.030975673 -0.066942543 -78.498207092 -0.031840548 0.999422252 -0.011891264 0.243495166 0.066535562 0.013990358 0.997685969 38.361007690
0.997209072 0.030136945 -0.068305783 -78.568252563 -0.031108791 0.999428749 -0.013208824 0.223409832 0.067868695 0.015296869 0.997577012 39.169528961
0.997061670 0.031194111 -0.069963612 -78.642387390 -0.032066494 0.999421000 -0.011380583 0.196200490 0.069568105 0.013590630 0.997484624 39.982753754
0.996922195 0.028809337 -0.072910890 -78.696479797 -0.029718807 0.999493122 -0.011419500 0.186623394 0.072544932 0.013551176 0.997273088 40.811210632
0.996801257 0.028464749 -0.074679844 -78.764732361 -0.029265109 0.999525189 -0.009644709 0.171277672 0.074369855 0.011799370 0.997160912 41.630580902
0.996711016 0.027890950 -0.076086931 -78.829315186 -0.028404299 0.999580383 -0.005672851 0.148908943 0.075896777 0.007815390 0.997084975 42.479713440
0.996664047 0.027229961 -0.076937139 -78.897186279 -0.027381390 0.999624610 -0.000913871 0.135728627 0.076883368 0.003017469 0.997035503 43.333084106
0.996713102 0.026903039 -0.076414421 -78.964279175 -0.026873264 0.999637842 0.001418074 0.118253157 0.076424904 0.000640092 0.997075140 44.186874390
0.996749699 0.030380126 -0.074612945 -79.030258179 -0.030371573 0.999537885 0.001249543 0.107622534 0.074616425 0.001020631 0.997211754 45.037265778
0.996954620 0.029844504 -0.072047316 -79.110153198 -0.029891059 0.999553025 0.000432120 0.091740243 0.072028019 0.001722767 0.997401059 45.901771545
0.997105539 0.027449317 -0.070901833 -79.167289734 -0.027655654 0.999615550 -0.001929983 0.078641765 0.070821591 0.003885234 0.997481406 46.764034271
0.997319698 0.023476062 -0.069297411 -79.223632812 -0.023776347 0.999711156 -0.003511546 0.062517539 0.069194965 0.005149774 0.997589886 47.634944916
0.997513056 0.022263058 -0.066871867 -79.293922424 -0.022555236 0.999739051 -0.003617337 0.048348054 0.066773877 0.005116653 0.997755051 48.507091522
0.997624218 0.019887850 -0.065957814 -79.352035522 -0.019983247 0.999800026 -0.000786850 0.030071359 0.065928973 0.002103032 0.997822165 49.381988525
0.997745931 0.017222414 -0.064856589 -79.410873413 -0.017167408 0.999851644 0.001405340 0.019003496 0.064871177 -0.000288753 0.997893631 50.251399994
0.997791588 0.016658241 -0.064299420 -79.468887329 -0.016556140 0.999860704 0.002120448 -0.002932034 0.064325787 -0.001051215 0.997928441 51.135082245
0.997833669 0.019155117 -0.062936015 -79.528495789 -0.019297605 0.999812365 -0.001656954 -0.017566651 0.062892482 0.002867879 0.998016238 52.016021729
0.997844279 0.021491705 -0.062007148 -79.594360352 -0.021967936 0.999734163 -0.007008709 -0.041178882 0.061840024 0.008355769 0.998051107 52.873779297
0.997862101 0.023426633 -0.061011437 -79.653572083 -0.024232401 0.999628127 -0.012500413 -0.060159683 0.060695916 0.013952143 0.998058856 53.732105255
0.997781634 0.028385382 -0.060215466 -79.717918396 -0.029550733 0.999391198 -0.018551458 -0.082477093 0.059652213 0.020289717 0.998013079 54.584251404
0.997842848 0.028407751 -0.059181172 -79.772865295 -0.029590473 0.999377608 -0.019205071 -0.113866448 0.058598761 0.020914845 0.998062551 55.430778503
0.997917771 0.025355404 -0.059305996 -79.822769165 -0.026227202 0.999558389 -0.013967900 -0.129240632 0.058925647 0.015494246 0.998142183 56.296657562
0.997902334 0.025064886 -0.059690692 -79.889709473 -0.025384007 0.999667287 -0.004593926 -0.158857942 0.059555672 0.006099479 0.998206377 57.137111664
0.997876942 0.023576725 -0.060710669 -79.945457458 -0.023404557 0.999719679 0.003545580 -0.182980269 0.060777258 -0.002117148 0.998149097 57.989250183
0.997771144 0.021782266 -0.063073620 -80.002151489 -0.021745725 0.999762654 0.001265879 -0.197109997 0.063086227 0.000108524 0.998008132 58.829765320
0.997768104 0.016934905 -0.064590827 -80.065986633 -0.017115736 0.999850929 -0.002247252 -0.211811289 0.064543143 0.003347756 0.997909307 59.672004700
0.997618735 0.015530653 -0.067198895 -80.125762939 -0.015828654 0.999867082 -0.003904399 -0.232883394 0.067129321 0.004958770 0.997731984 60.506668091
0.997373939 0.016981917 -0.070404768 -80.185401917 -0.017454214 0.999828935 -0.006098500 -0.249066204 0.070289157 0.007311342 0.997499824 61.312774658
0.997109413 0.018533636 -0.073684126 -80.253761292 -0.019285338 0.999768853 -0.009503253 -0.268720925 0.073490947 0.010896806 0.997236311 62.132965088
0.996807635 0.019368431 -0.077456400 -80.325874329 -0.020405458 0.999712110 -0.012619509 -0.292706192 0.077189669 0.014159756 0.996915936 62.946472168
0.996529758 0.021351507 -0.080452479 -80.402618408 -0.022751808 0.999604523 -0.016528964 -0.317864180 0.080067739 0.018302046 0.996621370 63.761070251
0.996157408 0.026623003 -0.083435692 -80.491989136 -0.028096452 0.999468327 -0.016535390 -0.344762921 0.082951114 0.018816095 0.996375978 64.562263489
0.995753169 0.030241316 -0.086954556 -80.572891235 -0.031620041 0.999394417 -0.014521967 -0.368320942 0.086462744 0.017209802 0.996106446 65.367172241
0.995322049 0.033071574 -0.090776458 -80.657928467 -0.033989798 0.999385297 -0.008587636 -0.391729772 0.090436652 0.011632938 0.995834351 66.166946411
0.994928777 0.033458397 -0.094853304 -80.738800049 -0.033901472 0.999420464 -0.003063079 -0.413843900 0.094695859 0.006263213 0.995486557 66.983200073
0.994445443 0.033010054 -0.099942908 -80.823837280 -0.033103198 0.999451637 0.000726816 -0.431460649 0.099912114 0.002585652 0.994992912 67.779037476
0.993803144 0.032477159 -0.106303319 -80.915985107 -0.032472394 0.999471068 0.001776178 -0.445168674 0.106304780 0.001686753 0.994332135 68.571731567
0.993247986 0.030021710 -0.112058468 -81.004867554 -0.029581061 0.999546707 0.005593270 -0.457116753 0.112175569 -0.002240696 0.993685901 69.358932495
0.992492318 0.030677339 -0.118396945 -81.106292725 -0.030258466 0.999527872 0.005334245 -0.469669133 0.118504696 -0.001711687 0.992952049 70.136199951
0.991643250 0.035340872 -0.124075644 -81.225769043 -0.035024785 0.999375224 0.004728583 -0.482724130 0.124165222 -0.000343344 0.992261529 70.909530640
0.990785480 0.036943909 -0.130304337 -81.334762573 -0.037143562 0.999309480 0.000898579 -0.492200106 0.130247593 0.003949670 0.991473615 71.681480408
0.990005195 0.035920277 -0.136379674 -81.444908142 -0.036508393 0.999331653 -0.001812763 -0.503998041 0.136223450 0.006773647 0.990654945 72.448036194
0.989206195 0.037400838 -0.141676575 -81.563713074 -0.038239710 0.999263346 -0.003202098 -0.515995264 0.141452461 0.008585207 0.989907861 73.215606689
0.988452256 0.039421566 -0.146314695 -81.681579590 -0.039555028 0.999215364 0.001998235 -0.527250171 0.146278664 0.003812323 0.989236057 73.985450745
0.987506449 0.040244594 -0.152352780 -81.809326172 -0.039795872 0.999189794 0.005994732 -0.536707520 0.152470574 0.000143175 0.988308012 74.746963501
0.986548603 0.039022047 -0.158742368 -81.934883118 -0.038086679 0.999234498 0.008931603 -0.557043731 0.158969373 -0.002765491 0.987279654 75.503921509
0.985399842 0.036633801 -0.166268080 -82.063209534 -0.036374196 0.999327540 0.004607300 -0.559838533 0.166325077 0.001507834 0.986069798 76.250152588
0.984052002 0.034489188 -0.174505144 -82.198562622 -0.035406802 0.999370635 -0.002146956 -0.571315765 0.174321279 0.008291388 0.984653950 76.978279114
0.982495248 0.031776674 -0.183557153 -82.345321655 -0.033004347 0.999448478 -0.003636236 -0.583869278 0.183340415 0.009630769 0.983002305 77.721664429
0.980413675 0.031500909 -0.194413379 -82.495185852 -0.032264195 0.999478996 -0.000760005 -0.597814739 0.194288179 0.007017711 0.980919421 78.459442139
0.978131354 0.031439852 -0.205597520 -82.659042358 -0.031007722 0.999504864 0.005324289 -0.604720712 0.205663115 0.001167257 0.978622139 79.198593140
0.975676239 0.032656144 -0.216770649 -82.835136414 -0.030498751 0.999446392 0.013291320 -0.615704536 0.217084736 -0.006356790 0.976132035 79.913284302
0.973105788 0.033192117 -0.227954730 -83.016723633 -0.030165678 0.999404609 0.016748751 -0.622637391 0.228374898 -0.009421897 0.973527670 80.639434814
0.970245898 0.036722988 -0.239320576 -83.211265564 -0.034630906 0.999316394 0.012942420 -0.635687351 0.239632234 -0.004269443 0.970854342 81.357131958
0.967179239 0.036425062 -0.251470894 -83.408760071 -0.036657024 0.999320924 0.003763488 -0.641586304 0.251437187 0.005578206 0.967857599 82.056915283
0.964054704 0.033937737 -0.263527662 -83.617073059 -0.035494708 0.999369204 -0.001147900 -0.642005920 0.263322443 0.010460474 0.964651167 82.763710022
0.960632622 0.032847703 -0.275872856 -83.820884705 -0.033051580 0.999445975 0.003911493 -0.647436857 0.275848538 0.005360527 0.961186171 83.491577148
0.957285106 0.034031179 -0.287135959 -84.046340942 -0.032159436 0.999419689 0.011233978 -0.652852535 0.287351668 -0.001519989 0.957823932 84.214729309
0.953666151 0.033935219 -0.298946887 -84.281440735 -0.030323070 0.999400377 0.016714647 -0.657979012 0.299334884 -0.006875209 0.954123378 84.925003052
0.949673533 0.031634498 -0.311639547 -84.523696899 -0.028387154 0.999485135 0.014952155 -0.660677671 0.311952114 -0.005353109 0.950082839 85.637985229
0.946033478 0.030209595 -0.322657794 -84.778305054 -0.028190674 0.999542713 0.010929419 -0.667291760 0.322840452 -0.001243657 0.946452618 86.334167480
0.942873001 0.025369402 -0.332184881 -85.018928528 -0.025544927 0.999666214 0.003839176 -0.671272159 0.332171500 0.004865785 0.943206370 87.024963379
0.940106928 0.021319693 -0.340212345 -85.275268555 -0.023415638 0.999723554 -0.002055781 -0.676943898 0.340074509 0.009898944 0.940346301 87.728576660
0.937549889 0.020755094 -0.347230971 -85.546020508 -0.023716217 0.999709547 -0.004279780 -0.682820320 0.347041309 0.012247514 0.937769830 88.431953430
0.934433222 0.026604405 -0.355143517 -85.834167480 -0.029884340 0.999546230 -0.003752228 -0.702813387 0.354882538 0.014119433 0.934804320 89.142425537
0.931418836 0.026834741 -0.362958401 -86.104461670 -0.029287273 0.999570251 -0.001254982 -0.718741596 0.362768799 0.011798976 0.931804478 89.827903748
0.928319395 0.027190300 -0.370787829 -86.390197754 -0.027148558 0.999617279 0.005332851 -0.721588194 0.370790899 0.005115767 0.928702176 90.534835815
0.925560474 0.029204050 -0.377471745 -86.680053711 -0.025874276 0.999568760 0.013890455 -0.730010033 0.377714574 -0.003089647 0.925916851 91.244743347
0.922956169 0.039490111 -0.382874072 -87.001434326 -0.034199361 0.999202371 0.020618012 -0.738324165 0.383382827 -0.005935472 0.923570395 91.946868896
0.920251131 0.045740485 -0.388645738 -87.311599731 -0.042286854 0.998953283 0.017440228 -0.733257771 0.389036715 0.000385219 0.921222091 92.638244629
0.917936027 0.042275455 -0.394469380 -87.614929199 -0.041750725 0.999078870 0.009917157 -0.732786894 0.394525319 0.007366067 0.918855488 93.326377869
0.916077614 0.034703240 -0.399496406 -87.917861938 -0.036696248 0.999322951 0.002661166 -0.737798333 0.399318308 0.012222186 0.916730821 94.017440796
0.914175510 0.034929492 -0.403810501 -88.223922729 -0.037387658 0.999299288 0.001798188 -0.738408625 0.403590351 0.013453670 0.914840937 94.715057373
0.912199676 0.041568205 -0.407631934 -88.570953369 -0.042361759 0.999077201 0.007083515 -0.747797966 0.407550246 0.010806425 0.913118839 95.411323547
0.909778178 0.044210993 -0.412733465 -88.900222778 -0.043321487 0.998994768 0.011517368 -0.756132960 0.412827790 0.007401974 0.910778940 96.121520996
0.907597363 0.040429190 -0.417890400 -89.223518372 -0.040077917 0.999150217 0.009620259 -0.765477300 0.417924166 0.008016855 0.908446491 96.820236206
0.905337453 0.038917284 -0.422906041 -89.558364868 -0.041341804 0.999139130 0.003441654 -0.774677932 0.422675878 0.014367837 0.906166971 97.508148193
0.903272152 0.036167249 -0.427540928 -89.898864746 -0.041504044 0.999133289 -0.003165865 -0.779261231 0.427055866 0.020604309 0.903990448 98.202758789
