1.000000000 -0.000000000 0.000000000 0.000000000 -0.000000000 1.000000000 0.000000000 0.000000000 0.000000000 0.000000000 1.000000000 0.000000000
0.999978960 0.000411033 -0.006474751 -0.008227189 -0.000408488 0.999999821 0.000394472 -0.001930735 0.006474912 -0.000391819 0.999978960 0.091791593
0.999907374 0.000955206 -0.013577217 -0.016430395 -0.000952836 0.999999523 0.000181045 -0.001959670 0.013577384 -0.000168091 0.999907792 0.188467637
0.999772489 0.001389738 -0.021285601 -0.026079327 -0.001402039 0.999998868 -0.000563011 -0.002151252 0.021284794 0.000592726 0.999773264 0.285383999
0.999541759 0.001698841 -0.030221410 -0.042954929 -0.001759263 0.999996483 -0.001972831 -0.002013690 0.030217953 0.002025094 0.999541283 0.390647471
0.999125481 0.001923344 -0.041767444 -0.059017111 -0.002068229 0.999992013 -0.003425923 -0.004945608 0.041760523 0.003509311 0.999121487 0.501119852
0.998479009 0.001730065 -0.055106364 -0.084224418 -0.001955634 0.999989927 -0.004039677 -0.008010617 0.055098820 0.004141301 0.998472333 0.626069725
0.997427583 0.001822850 -0.071657978 -0.108582094 -0.002145883 0.999987900 -0.004431254 -0.004180664 0.071649030 0.004573625 0.997419417 0.761479199
0.995905399 0.000203059 -0.090401292 -0.134822816 -0.000583409 0.999991119 -0.004180953 -0.009261739 0.090399638 0.004216575 0.995896637 0.917325795
0.993913293 -0.000757595 -0.110162824 -0.176169023 0.000278236 0.999990404 -0.004366676 -0.012733298 0.110165074 0.004309446 0.993903935 1.075204015
0.991228223 -0.001117911 -0.132156581 -0.224434599 0.000498900 0.999988735 -0.004716939 -0.015562566 0.132160380 0.004609630 0.991217613 1.237049580
0.987749636 0.002683752 -0.156023845 -0.275356770 -0.003660997 0.999975443 -0.005976417 -0.019329969 0.156003967 0.006474406 0.987735212 1.393933892
0.983390570 0.006827305 -0.181373477 -0.341391385 -0.008326802 0.999937177 -0.007507290 -0.023636553 0.181310833 0.008892859 0.983385623 1.567335963
0.978032470 0.009927228 -0.208215728 -0.415903807 -0.011964051 0.999892116 -0.008525165 -0.027186669 0.208108649 0.010828991 0.978045762 1.749524236
0.971323371 0.010371108 -0.237536058 -0.494002700 -0.012830925 0.999878883 -0.008811823 -0.028668866 0.237415895 0.011606936 0.971338749 1.935477018
0.963278711 0.012427809 -0.268215746 -0.581571400 -0.015194613 0.999850571 -0.008242234 -0.032606930 0.268073201 0.012015003 0.963323593 2.128009081
0.953792632 0.014129822 -0.300132960 -0.678063989 -0.017140852 0.999825776 -0.007401583 -0.033321671 0.299976081 0.012204109 0.953868687 2.319725752
0.942549288 0.016402962 -0.333664179 -0.765228748 -0.019461541 0.999793649 -0.005825862 -0.041872624 0.333499819 0.011984780 0.942673981 2.484947920
0.930031717 0.018668890 -0.367004633 -0.869997025 -0.022086011 0.999742985 -0.005113285 -0.047485676 0.366814882 0.012861186 0.930205047 2.664672613
0.916136801 0.021432977 -0.400292426 -0.992951035 -0.025410935 0.999666452 -0.004631774 -0.045841172 0.400059611 0.014415143 0.916375697 2.850388288
0.900074244 0.021711038 -0.435195297 -1.111213684 -0.026049223 0.999652684 -0.004004495 -0.044693027 0.434957206 0.014940841 0.900327146 3.028413296
0.881587982 0.017009817 -0.471713156 -1.244396687 -0.021805219 0.999751270 -0.004701236 -0.043132227 0.471515805 0.014430362 0.881739497 3.223335266
0.860417724 0.012152550 -0.509444475 -1.375873566 -0.017176045 0.999839187 -0.005158517 -0.046720292 0.509299874 0.013188720 0.860488057 3.389118910
0.835540831 0.014368879 -0.549240351 -1.529613614 -0.018275613 0.999831557 -0.001645107 -0.056030151 0.549124360 0.011412256 0.835662723 3.556177378
0.806374907 0.020026818 -0.591065466 -1.711462021 -0.022967817 0.999732971 0.002539135 -0.063746370 0.590958416 0.011527989 0.806619644 3.725872278
0.773927271 0.022937305 -0.632858872 -1.911184430 -0.026303798 0.999645710 0.004064024 -0.062401805 0.632727981 0.013501333 0.774256468 3.894956350
0.737772882 0.021954479 -0.674691856 -2.122421026 -0.025449386 0.999665082 0.004700305 -0.064236455 0.674569070 0.013702736 0.738084495 4.065478802
0.698379934 0.018007588 -0.715500712 -2.341285467 -0.019679740 0.999788523 0.005953661 -0.063326269 0.715456605 0.009922949 0.698586762 4.227344036
0.655433834 0.014323374 -0.755116761 -2.578160286 -0.014248884 0.999876678 0.006598192 -0.062710255 0.755118132 0.006434895 0.655557156 4.388204575
0.610593617 0.013859753 -0.791822791 -2.837460995 -0.011553364 0.999896288 0.008592714 -0.062168103 0.791859806 0.003901563 0.610690475 4.537351131
0.562726378 0.014156464 -0.826522052 -3.109448433 -0.009424854 0.999898255 0.010709225 -0.054911237 0.826589525 0.001763487 0.562802494 4.669365883
0.511711717 0.014766079 -0.859030366 -3.404250622 -0.007802681 0.999890983 0.012539424 -0.050878678 0.859121799 0.000286171 0.511771083 4.792617321
0.459387332 0.016183017 -0.888088644 -3.722299576 -0.007526788 0.999869049 0.014326485 -0.042706911 0.888204157 0.000103050 0.459448963 4.897285938
0.404361516 0.018311940 -0.914415896 -4.038362026 -0.006069243 0.999831200 0.017338591 -0.040320646 0.914579034 -0.001461246 0.404404432 4.992766380
0.348772675 0.020298816 -0.936987519 -4.388730526 -0.005787820 0.999793053 0.019505043 -0.034955919 0.937189519 -0.001379711 0.348817915 5.074491024
0.293686271 0.023402737 -0.955615401 -4.766219616 -0.003631698 0.999720335 0.023366738 -0.029099705 0.955895007 -0.003391983 0.293689102 5.145109653
0.239601687 0.025265472 -0.970542610 -5.105831146 0.001699552 0.999648809 0.026442759 -0.033912133 0.970869780 -0.007985216 0.239474639 5.206534386
0.188574120 0.025648333 -0.981724083 -5.485517502 0.004032203 0.999630213 0.026890676 -0.030671161 0.982050717 -0.009029395 0.188400984 5.244472504
0.141255960 0.026750877 -0.989611685 -5.881942749 0.001390872 0.999628544 0.027220182 -0.025273973 0.989972115 -0.005221435 0.141166255 5.256649971
0.098972209 0.027017061 -0.994723380 -6.327757835 -0.001677655 0.999634385 0.026983529 -0.010888905 0.995088816 -0.001001816 0.098981358 5.257637024
0.060855977 0.025643613 -0.997817039 -6.768490791 -0.000827197 0.999670982 0.025640802 -0.005649846 0.998146176 -0.000735005 0.060857154 5.258882999
0.026440041 0.022759596 -0.999391258 -7.230227470 -0.000333642 0.999740958 0.022758732 0.003679967 0.999650300 -0.000268303 0.026440786 5.244608402
-0.004626834 0.020038027 -0.999788463 -7.698597908 -0.000366354 0.999799073 0.020039935 0.009142751 0.999989212 0.000458998 -0.004618573 5.211264133
-0.031419717 0.018140024 -0.999341667 -8.192304611 -0.000394133 0.999835014 0.018161369 0.013688722 0.999506176 0.000964498 -0.031407386 5.178034782
-0.052286945 0.015713824 -0.998508453 -8.692470551 -0.001101842 0.999874651 0.015793024 0.025281224 0.998631537 0.001925967 -0.052263077 5.138549328
-0.068739116 0.014782539 -0.997525096 -9.213740349 -0.000817086 0.999889016 0.014873876 0.037525170 0.997634411 0.001837481 -0.068719409 5.089395523
-0.081991255 0.015141139 -0.996518016 -9.751121521 0.000200617 0.999884844 0.015175791 0.043271396 0.996633112 0.001044364 -0.081984855 5.037130833
-0.091190092 0.016546259 -0.995696008 -10.308173180 -0.000405711 0.999861121 0.016652634 0.046923436 0.995833337 0.001922520 -0.091170736 4.973207951
-0.098146021 0.017827975 -0.995012283 -10.874073982 -0.002473024 0.999831915 0.018158266 0.047783174 0.995168865 0.004242850 -0.098085441 4.911159039
-0.102360204 0.018841676 -0.994568884 -11.468319893 -0.002315399 0.999813378 0.019179327 0.053735547 0.994744658 0.004266024 -0.102297470 4.839303970
-0.103505284 0.019592080 -0.994435906 -12.087095261 -0.000664484 0.999804318 0.019767009 0.061150964 0.994628549 0.002706776 -0.103472024 4.767199516
-0.102911167 0.021664092 -0.994454503 -12.701786995 0.002002831 0.999765277 0.021572519 0.072102986 0.994688511 0.000228330 -0.102930404 4.711950779
-0.101382867 0.024184410 -0.994553387 -13.339918137 0.001484727 0.999707103 0.024158375 0.077429548 0.994846344 0.000972605 -0.101389073 4.645205975
-0.099625237 0.024117036 -0.994732618 -13.988757133 -0.001047907 0.999703169 0.024342492 0.082412720 0.995024383 0.003467514 -0.099570386 4.573645115
-0.098058298 0.021641621 -0.994945228 -14.645221710 -0.002183119 0.999756396 0.021961430 0.092167266 0.995178282 0.004325585 -0.097987168 4.507127285
-0.096777759 0.021475468 -0.995074213 -15.343783379 -0.003405460 0.999754190 0.021907672 0.101168260 0.995300174 0.005508861 -0.096680842 4.432692528
-0.095159955 0.024147749 -0.995168984 -16.046079636 -0.002774827 0.999695420 0.024522915 0.116936386 0.995458186 0.005095021 -0.095063962 4.365761280
-0.092902794 0.027675927 -0.995290399 -16.764823914 -0.004130391 0.999594390 0.028181141 0.125662893 0.995666623 0.006729045 -0.092750795 4.291342735
-0.091178611 0.029828640 -0.995387614 -17.496484756 -0.004474999 0.999528944 0.030362654 0.133094132 0.995824397 0.007222784 -0.091002181 4.219043255
-0.089448527 0.029149950 -0.995564699 -18.221998215 -0.006321770 0.999534786 0.029834185 0.147674620 0.995971382 0.008962354 -0.089222647 4.152229309
-0.087953448 0.025932871 -0.995786905 -18.979759216 -0.008700497 0.999602914 0.026800724 0.164358348 0.996086597 0.011021058 -0.087692887 4.079430580
-0.086120576 0.025265809 -0.995964229 -19.754640579 -0.009640590 0.999610364 0.026191920 0.181681290 0.996238053 0.011857346 -0.085843451 4.002938747
-0.084882841 0.027460910 -0.996012449 -20.525377274 -0.007032522 0.999578714 0.028158568 0.195318237 0.996366084 0.009394660 -0.084653974 3.941605568
-0.083735116 0.030009961 -0.996036053 -21.312686920 -0.004605146 0.999524117 0.030502204 0.199341983 0.996477365 0.007140996 -0.083557084 3.876180410
-0.082161620 0.031682640 -0.996115267 -22.102344513 -0.003910657 0.999476612 0.032112110 0.216972888 0.996611297 0.006533849 -0.081994727 3.804563522
-0.081465818 0.027053487 -0.996308863 -22.907701492 -0.003942514 0.999614954 0.027465625 0.228772447 0.996668339 0.006165472 -0.081327796 3.733185530
-0.081229679 0.020083215 -0.996493042 -23.710920334 -0.002447718 0.999789953 0.020349188 0.235349625 0.996692419 0.004092093 -0.081163459 3.667414665
-0.081394702 0.015648954 -0.996559024 -24.530755997 0.000640120 0.999877334 0.015648771 0.245006531 0.996681750 0.000635810 -0.081394732 3.599667072
-0.081740923 0.016443290 -0.996517956 -25.346647263 0.001913075 0.999864638 0.016341588 0.253007919 0.996651769 -0.000570637 -0.081761315 3.528799295
-0.081524439 0.024194246 -0.996377647 -26.187065125 0.001421619 0.999707162 0.024158774 0.255519360 0.996670306 0.000553061 -0.081534952 3.448196888
-0.082318433 0.031643435 -0.996103644 -27.028898239 0.000315500 0.999496520 0.031725150 0.263534546 0.996605992 0.002297294 -0.082286984 3.384722948
-0.082375944 0.036542483 -0.995931089 -27.861341476 -0.002011343 0.999319375 0.036833167 0.278559178 0.996599317 0.005037326 -0.082246371 3.304248333
-0.082835041 0.036970068 -0.995877266 -28.711820602 -0.003805143 0.999292612 0.037413359 0.286784381 0.996555924 0.006888593 -0.082635760 3.224646568
-0.083045624 0.033232387 -0.995991468 -29.547956467 -0.003734710 0.999426365 0.033658396 0.304856628 0.996538758 0.006514923 -0.082873866 3.149563789
-0.083463468 0.030666217 -0.996038854 -30.387069702 -0.003951086 0.999508262 0.031104116 0.317876041 0.996502936 0.006531494 -0.083301254 3.074029207
-0.083935112 0.031805824 -0.995963514 -31.225900650 -0.004839289 0.999465644 0.032325502 0.335263491 0.996459484 0.007533000 -0.083736353 3.000335693
-0.083357044 0.034462370 -0.995923638 -32.054767609 -0.006305647 0.999363601 0.035109177 0.338904023 0.996499777 0.009206540 -0.083086692 2.922409534
-0.083296284 0.032916944 -0.995980978 -32.886585236 -0.006756422 0.999412715 0.033595413 0.351866871 0.996501982 0.009527640 -0.083024971 2.849233627
-0.082939439 0.027647607 -0.996170998 -33.720500946 -0.007728694 0.999567151 0.028385345 0.364061713 0.996524632 0.010053365 -0.082689866 2.770468950
-0.082757480 0.023522964 -0.996292055 -34.542995453 -0.009380521 0.999658644 0.024381651 0.372761339 0.996525586 0.011363503 -0.082508586 2.699209690
-0.082345173 0.024300244 -0.996307611 -35.382465363 -0.008962551 0.999644220 0.025122382 0.382613152 0.996563554 0.010998164 -0.082098082 2.625321865
-0.081717134 0.026724730 -0.996297181 -36.201065063 -0.008035657 0.999590278 0.027472155 0.386424661 0.996623158 0.010250847 -0.081468903 2.552172899
-0.081356727 0.031430442 -0.996189296 -37.043369293 -0.007014979 0.999459803 0.032106526 0.403946698 0.996660411 0.009600328 -0.081092298 2.482488394
-0.080660351 0.036817130 -0.996061504 -37.883262634 -0.006664696 0.999275267 0.037475634 0.422677249 0.996719360 0.009661242 -0.080356531 2.412213087
-0.080648936 0.040367946 -0.995924711 -38.736194611 -0.007556208 0.999126077 0.041109599 0.429926962 0.996713936 0.010840860 -0.080273420 2.331050396
-0.080192916 0.040661082 -0.995949686 -39.515018463 -0.006576002 0.999124289 0.041320182 0.442014962 0.996757686 0.009862953 -0.079855300 2.266813278
-0.080439478 0.036384199 -0.996095181 -40.334747314 -0.006181246 0.999296129 0.037000280 0.461510956 0.996740401 0.009133392 -0.080157951 2.202944756
-0.080114998 0.032130405 -0.996267676 -41.152790070 -0.007411961 0.999433517 0.032828543 0.473115772 0.996758044 0.010014355 -0.079831459 2.131124496
-0.079982243 0.029535469 -0.996358633 -41.960800171 -0.011499476 0.999467075 0.030550728 0.481699437 0.996730030 0.013901117 -0.079599969 2.056030273
-0.080479689 0.027725598 -0.996370494 -42.801361084 -0.014980840 0.999466479 0.029021790 0.498335004 0.996643603 0.017262133 -0.080021389 1.975064516
-0.080544099 0.025414059 -0.996426940 -43.609951019 -0.013054209 0.999562263 0.026549233 0.507196844 0.996665478 0.015145953 -0.080177084 1.898654103
-0.081776582 0.021664679 -0.996415138 -44.437076569 -0.009631813 0.999699831 0.022526583 0.515470386 0.996604085 0.011439432 -0.081543356 1.834454775
-0.082464792 0.019848814 -0.996396303 -45.262275696 -0.005034950 0.999780476 0.020332936 0.527263701 0.996581197 0.006693559 -0.082346760 1.762266278
-0.084413081 0.023501296 -0.996153653 -46.082717896 -0.005131959 0.999698281 0.024019795 0.529989004 0.996417582 0.007139807 -0.084267005 1.689924955
-0.086051300 0.029947834 -0.995840490 -46.892887115 -0.002726987 0.999537170 0.030294647 0.534684122 0.996286988 0.005322539 -0.085929811 1.614601016
-0.087785251 0.034093838 -0.995555758 -47.680103302 -0.000797757 0.999411404 0.034296215 0.539528966 0.996139109 0.003804913 -0.087706372 1.544501901
-0.089208879 0.032872774 -0.995470345 -48.490196228 -0.000733251 0.999452829 0.033069994 0.553414166 0.996012628 0.003680067 -0.089135960 1.466803670
-0.090499960 0.029247899 -0.995466828 -49.284950256 -0.003912829 0.999550462 0.029723603 0.559850037 0.995888770 0.006585078 -0.090344839 1.387201071
-0.091445103 0.025692968 -0.995478630 -50.061954498 -0.009202601 0.999602616 0.026644759 0.563513756 0.995767593 0.011597526 -0.091172323 1.295951605
-0.093124256 0.024411032 -0.995355248 -50.863697052 -0.012446041 0.999592721 0.025679391 0.572956920 0.995576680 0.014779606 -0.092782520 1.215543628
-0.093828566 0.025332151 -0.995266020 -51.642578125 -0.014536411 0.999534726 0.026811218 0.578208506 0.995482206 0.016983250 -0.093416668 1.133262515
-0.094822146 0.027039945 -0.995126963 -52.429874420 -0.014499598 0.999487460 0.028540047 0.584364653 0.995388567 0.017135167 -0.094381481 1.053474188
-0.095696725 0.026345545 -0.995061815 -53.212982178 -0.016225826 0.999475598 0.028022865 0.592301786 0.995278299 0.018827397 -0.095219061 0.970270097
-0.096294135 0.026247757 -0.995006740 -53.989688873 -0.016773533 0.999467492 0.027988724 0.599709988 0.995211661 0.019384928 -0.095802590 0.888630271
-0.096763477 0.028115230 -0.994910121 -54.763809204 -0.015288999 0.999440968 0.029730255 0.607003927 0.995189965 0.018087987 -0.096279539 0.810298979
-0.097034983 0.030900782 -0.994801104 -55.532730103 -0.014625996 0.999365687 0.032469220 0.618448436 0.995173514 0.017700609 -0.096521482 0.736164987
-0.097224973 0.035186086 -0.994640172 -56.311225891 -0.014191664 0.999224186 0.036735468 0.627694905 0.995161235 0.017687203 -0.096650206 0.652107716
-0.097783014 0.037219182 -0.994511425 -57.074260712 -0.014576785 0.999139667 0.038825609 0.641116917 0.995101035 0.018293265 -0.097156353 0.575721323
-0.098463371 0.037247155 -0.994443357 -57.826919556 -0.013994899 0.999148607 0.038809072 0.652472734 0.995042205 0.017738406 -0.097858280 0.497760415
-0.098783232 0.035598010 -0.994472086 -58.567035675 -0.013496238 0.999220014 0.037108570 0.658668399 0.995017469 0.017087340 -0.098225750 0.422896832
-0.098865755 0.031671114 -0.994596660 -59.300075531 -0.013006578 0.999366820 0.033115897 0.676050723 0.995015740 0.016210329 -0.098391220 0.343588531
-0.098473608 0.028709730 -0.994725406 -60.032299042 -0.013377053 0.999455214 0.030170510 0.686106026 0.995049715 0.016277494 -0.098035917 0.260909081
-0.097401775 0.026378499 -0.994895518 -60.740104675 -0.013833234 0.999516249 0.027855305 0.695177495 0.995148957 0.016475782 -0.096989773 0.190658376
-0.094925992 0.025660763 -0.995153606 -61.433376312 -0.016713509 0.999485672 0.027366744 0.698630035 0.995343924 0.019230323 -0.094448306 0.115066357
-0.090330414 0.026554542 -0.995557725 -62.126659393 -0.016489139 0.999467552 0.028154941 0.705148458 0.995775342 0.018959139 -0.089844465 0.043348171
-0.084707335 0.028448494 -0.995999694 -62.780876160 -0.016277773 0.999419391 0.029930556 0.704532743 0.996272922 0.018747997 -0.084195085 -0.009904945
-0.077764153 0.029851355 -0.996524751 -63.424114227 -0.015280467 0.999398470 0.031129854 0.712290287 0.996854603 0.017648149 -0.077261247 -0.053874541
-0.068833664 0.031077771 -0.997143984 -64.061576843 -0.016606264 0.999340475 0.032292575 0.717149317 0.997489929 0.018781653 -0.068272181 -0.099911451
-0.057010323 0.032911379 -0.997830987 -64.687065125 -0.018604191 0.999247909 0.034021050 0.724353969 0.998200238 0.020503387 -0.056355156 -0.139595821
-0.042206071 0.034426358 -0.998515666 -65.290817261 -0.021556916 0.999142110 0.035359144 0.731253505 0.998876274 0.023017285 -0.041427746 -0.166164979
-0.023890445 0.035575345 -0.999081373 -65.891677856 -0.022858016 0.999085903 0.036122099 0.740951657 0.999453187 0.023699991 -0.023055421 -0.175746337
-0.001523242 0.036662947 -0.999326468 -66.427093506 -0.024104187 0.999035954 0.036689032 0.745337367 0.999708295 0.024143845 -0.000638044 -0.169070020
0.024136547 0.037153669 -0.999018013 -66.972122192 -0.023526855 0.999053478 0.036586571 0.750296056 0.999431849 0.022620682 0.024987809 -0.142575249
0.053353086 0.036423698 -0.997911155 -67.495941162 -0.022313943 0.999128461 0.035275124 0.761915505 0.998326361 0.020385297 0.054119349 -0.093041159
0.087323293 0.036348488 -0.995516658 -67.999855042 -0.020856852 0.999181688 0.034652818 0.767670751 0.995961666 0.017737348 0.088009953 -0.025283489
0.124821670 0.036342815 -0.991513371 -68.471397400 -0.020298894 0.999213278 0.034069616 0.775848925 0.991971493 0.015873998 0.125461191 0.064394966
0.166555181 0.036231335 -0.985366225 -68.923065186 -0.020634394 0.999233961 0.033253439 0.782570362 0.985816181 0.014793904 0.167175204 0.145962626
0.211725220 0.037593409 -0.976605892 -69.318222046 -0.019378757 0.999224961 0.034262858 0.775406182 0.977137089 0.011671098 0.212289646 0.249989197
0.260276377 0.036315773 -0.964850962 -69.755233765 -0.016150124 0.999316394 0.033256389 0.777365088 0.965399086 0.006926613 0.260684967 0.399099976
0.310205549 0.031380739 -0.950151384 -70.156433105 -0.008640890 0.999506772 0.030189734 0.776043475 0.950630248 -0.001154871 0.310323745 0.574490011
0.361041218 0.026044432 -0.932186007 -70.554702759 -0.003368204 0.999639928 0.026624503 0.779364824 0.932543755 -0.006472749 0.360998929 0.777957797
0.413168967 0.021755099 -0.910394371 -70.939018250 0.001864783 0.999692261 0.024735294 0.777561128 0.910652459 -0.011917544 0.413001299 0.998301804
0.464053065 0.020832378 -0.885562360 -71.321197510 0.001628062 0.999701619 0.024370583 0.789163053 0.885805905 -0.012750993 0.463880748 1.236823678
0.513161719 0.019636335 -0.858067155 -71.674659729 0.002337548 0.999702692 0.024275525 0.800578952 0.858288705 -0.014463047 0.512963176 1.472597957
0.558725715 0.015061154 -0.829215646 -72.026985168 0.010137019 0.999636352 0.024986850 0.809008598 0.829290509 -0.022366574 0.558369875 1.753688335
0.602297902 0.008186513 -0.798229277 -72.343711853 0.020835971 0.999445558 0.025971780 0.812803686 0.797999322 -0.032274637 0.601793408 2.061063528
0.644722402 0.002821526 -0.764411449 -72.659690857 0.022328395 0.999496877 0.022521535 0.819964528 0.764090538 -0.031588223 0.644335091 2.375651121
0.685497463 -0.001611600 -0.728073180 -72.948585510 0.019793538 0.999669135 0.016423278 0.816191375 0.727805853 -0.025669262 0.685302556 2.699493647
0.726572275 -0.007084431 -0.687053502 -73.214675903 0.014896164 0.999874234 0.005442951 0.811848640 0.686928511 -0.014189158 0.726586461 3.010749578
0.765740812 -0.009838348 -0.643074095 -73.485954285 0.010198958 0.999943018 -0.003153645 0.817912817 0.643068373 -0.004143812 0.765797555 3.379147291
0.802672148 -0.010555638 -0.596327186 -73.739944458 0.008467221 0.999944270 -0.006302997 0.818955421 0.596360445 0.000010006 0.802716792 3.770415068
0.836655617 -0.012245814 -0.547592402 -73.994041443 0.009430731 0.999923885 -0.007952284 0.816235483 0.547648191 0.001489128 0.836707413 4.207969189
0.867278874 -0.010135483 -0.497719705 -74.232460022 0.006096867 0.999933898 -0.009738676 0.803053081 0.497785568 0.005411616 0.867283404 4.656020641
0.893142104 -0.008706331 -0.449690461 -74.441162109 0.005480565 0.999949098 -0.008474641 0.793437839 0.449741334 0.005104500 0.893144369 5.133491039
0.914039552 -0.002743946 -0.405615866 -74.630760193 -0.000239035 0.999973297 -0.007303367 0.781496227 0.405625075 0.006772522 0.914014459 5.632215500
0.931495249 0.001856763 -0.363748759 -74.817420959 -0.005410080 0.999947071 -0.008750002 0.773496866 0.363713235 0.010118493 0.931455970 6.146535397
0.944953561 0.007057270 -0.327128321 -75.003356934 -0.010119100 0.999919474 -0.007658700 0.769580185 0.327047944 0.010547361 0.944948792 6.679862976
0.954809546 0.007570394 -0.297121733 -75.158248901 -0.009818139 0.999933302 -0.006073484 0.760601044 0.297055960 0.008716204 0.954820216 7.244807243
0.962072372 0.006862086 -0.272707909 -75.310997009 -0.008410083 0.999954462 -0.004507888 0.751437068 0.272664547 0.006630410 0.962086320 7.829758644
0.967827797 0.007031607 -0.251515120 -75.461296082 -0.007861148 0.999966443 -0.002293566 0.740096092 0.251490533 0.004196974 0.967850685 8.442659378
0.972441554 0.009887624 -0.232936844 -75.613311768 -0.010078585 0.999949098 0.000370418 0.733029008 0.232928649 0.001987465 0.972491801 9.060359001
0.975954771 0.014526586 -0.217488483 -75.756446838 -0.014499133 0.999893367 0.001722106 0.730416358 0.217490345 0.001472697 0.976061404 9.695132256
0.978717923 0.018392710 -0.204384640 -75.888931274 -0.018060286 0.999830842 0.003491818 0.720090806 0.204414308 0.000273741 0.978884459 10.341026306
0.981443226 0.017249130 -0.190975323 -76.018013000 -0.016920622 0.999851227 0.003350853 0.710337698 0.191004708 -0.000057250 0.981589079 11.004094124
0.983983696 0.017103966 -0.177436233 -76.131553650 -0.016893344 0.999853730 0.002697790 0.706261098 0.177456424 0.000342911 0.984128594 11.681971550
0.986459970 0.017400809 -0.163076252 -76.245605469 -0.017140193 0.999848545 0.003005103 0.705699384 0.163103893 -0.000169255 0.986608863 12.389261246
0.988636434 0.018857514 -0.149138615 -76.348930359 -0.018617105 0.999822199 0.003008039 0.706783712 0.149168849 -0.000197328 0.988811731 13.100538254
0.990496099 0.018948575 -0.136228994 -76.446830750 -0.019039715 0.999818504 0.000634015 0.693031967 0.136216328 0.001965772 0.990677118 13.815390587
0.991970360 0.019168835 -0.125009239 -76.542556763 -0.019858772 0.999793589 -0.004275157 0.678531587 0.124901511 0.006723359 0.992146373 14.554175377
0.993151903 0.019410783 -0.115206271 -76.632316589 -0.020780718 0.999726832 -0.010701942 0.662451327 0.114967078 0.013022724 0.993283927 15.290058136
0.994052529 0.017784871 -0.107438907 -76.719963074 -0.019048173 0.999760866 -0.010743465 0.652360976 0.107222125 0.012726085 0.994153619 16.063058853
0.994772017 0.019564066 -0.100228719 -76.806549072 -0.020117246 0.999787450 -0.004511344 0.639074624 0.100119136 0.006504086 0.994954169 16.829397202
0.995158970 0.023919854 -0.095322959 -76.886535645 -0.023688419 0.999713063 0.003558921 0.624472201 0.095380731 -0.001283641 0.995439947 17.597206116
0.995510161 0.024656802 -0.091387011 -76.950820923 -0.024077106 0.999682426 0.007440536 0.610384643 0.091541462 -0.005206789 0.995787621 18.357044220
0.995880246 0.023768207 -0.087508008 -77.032768250 -0.023280811 0.999707282 0.006586258 0.599695504 0.087638929 -0.004521864 0.996142030 19.124906540
0.996171892 0.022798261 -0.084390178 -77.108436584 -0.022472467 0.999735892 0.004808592 0.601713777 0.084477514 -0.002893726 0.996421218 19.909921646
0.996433437 0.022491092 -0.081329912 -77.188552856 -0.021930585 0.999729156 0.007778610 0.580437958 0.081482843 -0.005967257 0.996656895 20.711904526
0.996700287 0.020310413 -0.078587480 -77.249824524 -0.019568143 0.999756455 0.010203787 0.573766768 0.078775600 -0.008632307 0.996855080 21.482244492
0.996977389 0.018258037 -0.075516239 -77.308815002 -0.017394267 0.999775648 0.012080205 0.563481867 0.075719878 -0.010730143 0.997071385 22.249170303
0.997181118 0.017482679 -0.072967246 -77.361091614 -0.016909726 0.999821186 0.008462578 0.556930482 0.073102161 -0.007204867 0.997298360 23.005340576
0.997242510 0.020090295 -0.071440905 -77.424545288 -0.020060601 0.999798119 0.001133123 0.547334135 0.071449265 0.000303149 0.997444153 23.762809753
0.997327089 0.020326057 -0.070180990 -77.473915100 -0.020825077 0.999762714 -0.006386067 0.536811292 0.070034534 0.007830524 0.997513771 24.504783630
0.997389793 0.021256752 -0.069004215 -77.531486511 -0.022042276 0.999700367 -0.010642201 0.524360836 0.068757333 0.012135432 0.997559488 25.265649796
0.997508705 0.023147216 -0.066636950 -77.590240479 -0.023802964 0.999675512 -0.009063424 0.506472111 0.066405535 0.010627002 0.997736096 26.028783798
0.997600079 0.026448617 -0.063987933 -77.650314331 -0.026822735 0.999627650 -0.004994537 0.486945868 0.063832022 0.006698883 0.997938216 26.776342392
0.997658849 0.029613672 -0.061642762 -77.711318970 -0.029651536 0.999560237 0.000300625 0.471105248 0.061624546 0.001527881 0.998098254 27.547243118
0.997898638 0.027400326 -0.058715262 -77.763435364 -0.027347174 0.999624431 0.001708773 0.462306350 0.058740027 -0.000099486 0.998273313 28.308614731
0.998039842 0.024800962 -0.057457238 -77.810951233 -0.024730401 0.999692202 0.001938880 0.446058810 0.057487641 -0.000514140 0.998346090 29.072471619
0.998167694 0.022579240 -0.056138579 -77.856094360 -0.022491330 0.999744594 0.002197328 0.430028737 0.056173854 -0.000930671 0.998420537 29.823514938
0.998206556 0.022145096 -0.055617362 -77.894439697 -0.022171112 0.999754190 0.000149378 0.420954525 0.055607002 0.001083989 0.998452127 30.565641403
0.998280764 0.020130297 -0.055048794 -77.935142517 -0.020221272 0.999794900 -0.001096046 0.410026699 0.055015441 0.002207318 0.998483062 31.322914124
0.998339355 0.018415431 -0.054582071 -77.975639343 -0.018514030 0.999827802 -0.001301351 0.400606155 0.054548703 0.002309724 0.998508453 32.080375671
0.998318434 0.022754740 -0.053315818 -78.030998230 -0.022795152 0.999740243 -0.000149945 0.387826800 0.053298552 0.001365035 0.998577774 32.855899811
0.998328924 0.022497604 -0.053226981 -78.077217102 -0.022579663 0.999744534 -0.000940697 0.376605988 0.053192221 0.002140973 0.998582006 33.630020142
0.998233438 0.021872260 -0.055240218 -78.117752075 -0.021958567 0.999758363 -0.000955852 0.363279194 0.055205967 0.002167160 0.998472631 34.403945923
0.998183310 0.019420952 -0.057034701 -78.167015076 -0.019477945 0.999810159 -0.000443495 0.351891011 0.057015263 0.001553608 0.998372138 35.188282013
0.997979879 0.021198796 -0.059889860 -78.226852417 -0.021272805 0.999773502 -0.000598344 0.341463089 0.059863616 0.001871161 0.998204827 35.991443634
0.997712910 0.025471130 -0.062611327 -78.286567688 -0.025557853 0.999673188 -0.000584477 0.323024273 0.062575974 0.002183351 0.998037755 36.776973724
0.997545063 0.025838451 -0.065087005 -78.351173401 -0.026250064 0.999640405 -0.005476720 0.310186386 0.064922094 0.007171812 0.997864544 37.574321747
0.997363091 0.026291527 -0.067643605 -78.412124634 -0.026956834 0.999596596 -0.008941411 0.298538715 0.067381233 0.010741291 0.997669458 38.357997894
0.997265399 0.026279099 -0.069073960 -78.485519409 -0.027061692 0.999579489 -0.010418408 0.284555763 0.068771131 0.012259176 0.997557104 39.154697418
0.997079074 0.026537623 -0.071617492 -78.551040649 -0.027248859 0.999588430 -0.008972186 0.268525273 0.071349926 0.010897473 0.997391820 39.979785919
0.996964037 0.024653092 -0.073857754 -78.613555908 -0.025339942 0.999643743 -0.008376959 0.244588494 0.073624909 0.010223077 0.997233629 40.827964783
0.996874988 0.024121448 -0.075222418 -78.684059143 -0.024670089 0.999675393 -0.006372837 0.228000790 0.075044259 0.008208665 0.997146428 41.663677216
0.996774316 0.023418495 -0.076763250 -78.747291565 -0.023693390 0.999715686 -0.002672123 0.213679150 0.076678835 0.004482284 0.997045815 42.501930237
0.996718884 0.023328377 -0.077506609 -78.821464539 -0.023242116 0.999727845 0.002014938 0.201782659 0.077532515 -0.000206910 0.996989787 43.338119507
0.996763587 0.022763526 -0.077097647 -78.885543823 -0.022502910 0.999737740 0.004247528 0.186993316 0.077174127 -0.002498859 0.997014523 44.202613831
0.996841431 0.025907841 -0.075072154 -78.956466675 -0.025639702 0.999660969 0.004533464 0.176602960 0.075164147 -0.002594317 0.997167826 45.063407898
0.996997952 0.025934430 -0.072955333 -79.026748657 -0.025796117 0.999663293 0.002837542 0.172195017 0.073004350 -0.000947058 0.997331202 45.913173676
0.997151375 0.023657788 -0.071620144 -79.085632324 -0.023684919 0.999719322 0.000470522 0.160578057 0.071611181 0.001227136 0.997431874 46.775314331
0.997346997 0.019826684 -0.070041351 -79.144645691 -0.019961521 0.999800026 -0.001225653 0.149235323 0.070003040 0.002620534 0.997543395 47.646991730
0.997531950 0.018148955 -0.067828022 -79.209976196 -0.018280396 0.999832034 -0.001317660 0.137385547 0.067792714 0.002554331 0.997696161 48.527481079
0.997628152 0.015833357 -0.066987738 -79.269027710 -0.015774408 0.999874592 0.001408847 0.121651694 0.067001633 -0.000348814 0.997752845 49.403751373
0.997739971 0.013342951 -0.065855674 -79.331809998 -0.013136768 0.999907374 0.003562878 0.113401003 0.065897115 -0.002689695 0.997822821 50.278022766
0.997786820 0.012726284 -0.065265156 -79.387542725 -0.012484912 0.999913573 0.004104873 0.093518503 0.065311760 -0.003280959 0.997859538 51.159049988
0.997850299 0.014440978 -0.063924327 -79.449211121 -0.014417649 0.999895632 0.000826273 0.077445194 0.063929595 0.000097143 0.997954369 52.026462555
0.997877538 0.017078381 -0.062839463 -79.525344849 -0.017451309 0.999833167 -0.005390496 0.069423579 0.062736928 0.006475687 0.998009086 52.890655518
0.997879505 0.018263172 -0.062472999 -79.573226929 -0.018973000 0.999761760 -0.010787765 0.049752064 0.062261101 0.011950190 0.997988403 53.761760712
0.997849286 0.022973953 -0.061393678 -79.644256592 -0.024007047 0.999581516 -0.016142942 0.019784130 0.060997114 0.017582102 0.997983158 54.613185883
0.997907221 0.023221293 -0.060348928 -79.700416565 -0.024274567 0.999564528 -0.016778799 -0.007451430 0.059933018 0.018208632 0.998036325 55.452430725
0.997993112 0.020202186 -0.060014062 -79.755294800 -0.020895055 0.999721825 -0.010939930 -0.026565645 0.059776355 0.012171973 0.998137534 56.304565430
0.997942328 0.019644322 -0.061035514 -79.804298401 -0.019799808 0.999802113 -0.001943617 -0.048015088 0.060985245 0.003148109 0.998133719 57.157695770
0.997881711 0.018505070 -0.062367152 -79.865219116 -0.018149583 0.999815643 0.006261708 -0.074999005 0.062471531 -0.005116505 0.998033583 58.005550385
0.997797847 0.016647553 -0.064204670 -79.925437927 -0.016458927 0.999858499 0.003465672 -0.081795596 0.064253278 -0.002401299 0.997930765 58.847515106
0.997732341 0.011509119 -0.066315576 -79.974647522 -0.011539486 0.999933422 -0.000074889 -0.093955286 0.066310301 0.000839967 0.997798741 59.686157227
0.997596145 0.010614846 -0.068478480 -80.043434143 -0.010744962 0.999941111 -0.001532084 -0.112347648 0.068458185 0.002264200 0.997651458 60.527309418
0.997342408 0.012541906 -0.071769647 -80.101669312 -0.012829416 0.999911427 -0.003546425 -0.131600201 0.071718797 0.004457762 0.997414947 61.352214813
0.997085154 0.013860453 -0.075027160 -80.178916931 -0.014447890 0.999869049 -0.007292531 -0.147324905 0.074916251 0.008355258 0.997154832 62.184928894
0.996777177 0.014928492 -0.078820191 -80.250175476 -0.015795443 0.999821305 -0.010387106 -0.169187889 0.078651033 0.011598628 0.996834695 62.986389160
0.996507645 0.016902350 -0.081772901 -80.325874329 -0.018103527 0.999738574 -0.013970110 -0.195299864 0.081515387 0.015401701 0.996553063 63.793266296
0.996171653 0.021789493 -0.084659718 -80.411674500 -0.023045648 0.999637961 -0.013888778 -0.221896157 0.084326424 0.015786644 0.996313155 64.589996338
0.995761573 0.025020272 -0.088502549 -80.491340637 -0.026201513 0.999582052 -0.012210304 -0.240000278 0.088160060 0.014477451 0.996001124 65.404380798
0.995343089 0.028253974 -0.092161737 -80.579421997 -0.028962400 0.999560297 -0.006358109 -0.260974735 0.091941588 0.008997724 0.995723724 66.188667297
0.994922459 0.028628135 -0.096486710 -80.662658691 -0.028837839 0.999583781 -0.000779310 -0.279736668 0.096424252 0.003557820 0.995333970 66.989112854
0.994487584 0.028181495 -0.100996196 -80.752799988 -0.028032079 0.999602795 0.002898610 -0.296214670 0.101037778 -0.000051499 0.994882584 67.778862000
0.993814647 0.027483480 -0.107596971 -80.841751099 -0.027216893 0.999621689 0.003945624 -0.304661900 0.107664697 -0.000992764 0.994186699 68.571876526
0.993235767 0.025085511 -0.113373205 -80.935462952 -0.024338534 0.999671936 0.007968160 -0.316073656 0.113535896 -0.005154924 0.993520498 69.358528137
0.992442310 0.026143285 -0.119895101 -81.036514282 -0.025430476 0.999648631 0.007471680 -0.326620430 0.120048307 -0.004366221 0.992758453 70.145393372
0.991589725 0.030450808 -0.125787705 -81.153419495 -0.029834295 0.999531925 0.006782614 -0.336856306 0.125935346 -0.002972783 0.992034018 70.907157898
0.990764260 0.032205064 -0.131715834 -81.266365051 -0.032058924 0.999480724 0.003230452 -0.346641570 0.131751478 0.001022052 0.991282284 71.673835754
0.990007162 0.030995339 -0.137568727 -81.380577087 -0.031269226 0.999511003 0.000170274 -0.353450894 0.137506753 0.004133095 0.990492225 72.442207336
0.989154935 0.032510087 -0.143232808 -81.496292114 -0.033005297 0.999454618 -0.001082116 -0.365193665 0.143119514 0.005797821 0.989688456 73.211273193
0.988449931 0.034541827 -0.147558942 -81.617713928 -0.034310844 0.999402761 0.004111191 -0.376323074 0.147612810 0.000999166 0.989044726 73.970031738
0.987508118 0.035618838 -0.153489724 -81.747993469 -0.034778643 0.999361753 0.008156319 -0.385165900 0.153682277 -0.002716267 0.988116562 74.731735229
0.986532569 0.034319829 -0.159923896 -81.873435974 -0.033034958 0.999397039 0.010686762 -0.401315033 0.160194218 -0.005259759 0.987071514 75.483551025
0.985417128 0.031886335 -0.167141676 -82.006439209 -0.031200763 0.999490499 0.006726736 -0.404545307 0.167270988 -0.001413692 0.985909939 76.233200073
0.984056652 0.029741507 -0.175350502 -82.141220093 -0.030186770 0.999544263 0.000128061 -0.417804599 0.175274372 0.005167246 0.984506071 76.955718994
0.982449532 0.027026720 -0.184560299 -82.287239075 -0.027803747 0.999612153 -0.001623015 -0.427481532 0.184444830 0.006725998 0.982819855 77.700592041
0.980381727 0.026872110 -0.195267916 -82.437767029 -0.027151845 0.999630570 0.001244485 -0.440737337 0.195229188 0.004081815 0.980749130 78.435485840
0.978107274 0.026868800 -0.206359535 -82.604370117 -0.025930597 0.999637425 0.007250214 -0.445811003 0.206479520 -0.001740460 0.978449345 79.175025940
0.975593090 0.028039837 -0.217788547 -82.776229858 -0.025316693 0.999562621 0.015284481 -0.455738306 0.218121901 -0.009397746 0.975876272 79.890228271
0.972978473 0.028549727 -0.229123831 -82.956703186 -0.024956962 0.999516129 0.018563410 -0.460873246 0.229542956 -0.012343562 0.973220229 80.614875793
0.970121622 0.032061949 -0.240491390 -83.152755737 -0.029403467 0.999460459 0.014635514 -0.472622186 0.240830883 -0.007126946 0.970541000 81.332534790
0.967147052 0.031738516 -0.252228677 -83.352760315 -0.031314641 0.999493420 0.005695509 -0.479448974 0.252281666 0.002390057 0.967650950 82.029548645
0.963954151 0.029421363 -0.264436543 -83.561256409 -0.030329090 0.999539793 0.000650294 -0.477231026 0.264333993 0.007393271 0.964402914 82.741920471
0.960537791 0.028085625 -0.276728034 -83.763900757 -0.027615298 0.999603093 0.005597309 -0.481460512 0.276775390 0.002265502 0.960932016 83.462913513
0.957166851 0.029269388 -0.288053870 -83.989860535 -0.026693504 0.999560833 0.012867032 -0.485886425 0.288304001 -0.004626728 0.957527757 84.186218262
0.953490436 0.029233534 -0.300002545 -84.223197937 -0.024927484 0.999524057 0.018171528 -0.488371849 0.300391018 -0.009848068 0.953765392 84.896835327
0.949525654 0.026848856 -0.312538564 -84.468429565 -0.022825211 0.999602854 0.016526183 -0.491913259 0.312858164 -0.008558274 0.949761271 85.608947754
0.945850432 0.025375530 -0.323609471 -84.722930908 -0.022662533 0.999669373 0.012149742 -0.495097697 0.323810786 -0.004158026 0.946112812 86.306678772
0.942693532 0.020674599 -0.333018720 -84.965339661 -0.020064456 0.999784768 0.005271512 -0.501623392 0.333056033 0.001712420 0.942905426 86.993286133
0.939925969 0.016617509 -0.340973437 -85.222892761 -0.017921848 0.999839127 -0.000675653 -0.506110191 0.340907335 0.006745938 0.940072715 87.696868896
0.937370420 0.016022846 -0.347965389 -85.494018555 -0.018179242 0.999830425 -0.002932910 -0.510803938 0.347859412 0.009074969 0.937502742 88.399162292
0.934341729 0.021731760 -0.355715007 -85.785156250 -0.024241095 0.999702692 -0.002598054 -0.528838575 0.355552822 0.011050393 0.934590816 89.109657288
0.931261420 0.021635400 -0.363708764 -86.058631897 -0.023282686 0.999728918 -0.000144988 -0.542485297 0.363607049 0.008603139 0.931512713 89.805755615
0.928211808 0.021852521 -0.371409774 -86.347038269 -0.020953896 0.999759614 0.006455443 -0.544408441 0.371461600 0.001790462 0.928446651 90.511940002
0.925369382 0.024060819 -0.378302276 -86.634490967 -0.019900916 0.999690950 0.014902591 -0.552122712 0.378543884 -0.006261840 0.925562143 91.221626282
0.922887743 0.034350127 -0.383534044 -86.961769104 -0.028215704 0.999368131 0.021610860 -0.559414268 0.384034067 -0.009122715 0.923273861 91.924674988
0.920186281 0.040807441 -0.389347970 -87.269012451 -0.036500737 0.999163151 0.018456014 -0.556497514 0.389775276 -0.002771479 0.920905769 92.610260010
0.917874038 0.037270509 -0.395117909 -87.572944641 -0.035890710 0.999296427 0.010885705 -0.555167139 0.395245582 0.004189358 0.918565929 93.297668457
0.915951431 0.029867614 -0.400176078 -87.875648499 -0.030982424 0.999513149 0.003685062 -0.561043441 0.400091320 0.009023087 0.916430831 93.988471985
0.913997531 0.030070633 -0.404603809 -88.180175781 -0.031660642 0.999494791 0.002762457 -0.560355306 0.404482543 0.010285141 0.914487898 94.686172485
0.912121296 0.036611062 -0.408282131 -88.530639648 -0.036546789 0.999300241 0.007961011 -0.568171144 0.408287883 0.007659995 0.912821054 95.383529663
0.909689605 0.039000571 -0.413453430 -88.866241455 -0.037204422 0.999230742 0.012398231 -0.575382650 0.413618982 0.004103751 0.910440803 96.105659485
0.907468617 0.035186116 -0.418643951 -89.189979553 -0.033952922 0.999369323 0.010397168 -0.583762288 0.418745786 0.004779081 0.908090949 96.804077148
0.905253768 0.033696335 -0.423532963 -89.524520874 -0.035173826 0.999371707 0.004330071 -0.593587577 0.423412830 0.010977461 0.905870259 97.490806580
0.903172970 0.030971432 -0.428158045 -89.865692139 -0.035353851 0.999372184 -0.002285728 -0.597808421 0.427818447 0.017201442 0.903701007 98.184318542
