1.000000000 0.000000000 0.000000000 0.000000000 0.000000000 1.000000000 0.000000000 0.000000000 0.000000000 0.000000000 1.000000000 0.000000000
0.999995589 0.002966018 0.000140031 -0.005711874 -0.002966204 0.999994695 0.001347213 -0.012471354 -0.000136034 -0.001347622 0.999999106 0.772663057
0.999984503 0.005528440 0.000629790 -0.013626543 -0.005529651 0.999982834 0.001938181 -0.030029258 -0.000619064 -0.001941633 0.999997914 1.538010955
0.999976277 0.006792410 0.001153907 -0.021758988 -0.006794464 0.999975324 0.001786268 -0.047896184 -0.001141746 -0.001794065 0.999997735 2.273496151
0.999961793 0.008689789 0.001008775 -0.024767121 -0.008691245 0.999961197 0.001446685 -0.061149631 -0.000996165 -0.001455397 0.999998450 3.000953674
0.999957979 0.008995175 0.001752518 -0.035490677 -0.008997338 0.999958754 0.001231301 -0.075036518 -0.001741370 -0.001247017 0.999997735 3.716222048
0.999957085 0.009080600 0.001842396 -0.031517189 -0.009084386 0.999956608 0.002056689 -0.087300703 -0.001823640 -0.002073339 0.999996185 4.410460472
0.999946058 0.009958148 0.002947709 -0.049873747 -0.009973169 0.999937117 0.005125813 -0.103520155 -0.002896480 -0.005154934 0.999982536 5.082548141
0.999942601 0.009855866 0.004201676 -0.038509171 -0.009892342 0.999912739 0.008750893 -0.106215179 -0.004115061 -0.008791954 0.999952912 5.752369881
0.999943197 0.009172216 0.005424145 -0.035684124 -0.009238406 0.999881566 0.012306293 -0.117384389 -0.005310627 -0.012355706 0.999909580 6.380540371
0.999939203 0.008659305 0.006830943 -0.038262125 -0.008756603 0.999858797 0.014344890 -0.122849710 -0.006705762 -0.014403833 0.999873757 6.992575169
0.999931455 0.009047083 0.007421082 -0.023019537 -0.009154606 0.999851644 0.014585131 -0.136414960 -0.007288030 -0.014652069 0.999866068 7.567976952
0.999918222 0.009678597 0.008357163 -0.022033788 -0.009779785 0.999878287 0.012152961 -0.147676289 -0.008238522 -0.012233697 0.999891162 8.115385056
0.999911010 0.009608835 0.009251411 -0.019924529 -0.009691934 0.999912620 0.008979872 -0.147582352 -0.009164317 -0.009068737 0.999916852 8.651236534
0.999909937 0.008042479 0.010738664 -0.007877588 -0.008124730 0.999937773 0.007637882 -0.157117218 -0.010676568 -0.007724445 0.999913096 9.149365425
0.999909282 0.003971747 0.012869831 -0.007172756 -0.004039829 0.999977887 0.005268386 -0.161737889 -0.012848623 -0.005319901 0.999903202 9.611837387
0.999890447 0.002032805 0.014663609 0.009353504 -0.002093759 0.999989331 0.004142685 -0.168325290 -0.014655029 -0.004172933 0.999883890 10.058809280
0.999843895 0.006360663 0.016491309 0.014720067 -0.006396097 0.999977291 0.002096847 -0.178262413 -0.016477598 -0.002201999 0.999861836 10.472382545
0.999750018 0.010740296 0.019613527 0.013620570 -0.010770560 0.999940932 0.001438041 -0.187504649 -0.019596923 -0.001648930 0.999806583 10.859483719
0.999681354 0.011265973 0.022590861 0.026405409 -0.011327107 0.999932468 0.002579983 -0.195593521 -0.022560267 -0.002835051 0.999741495 11.206972122
0.999638796 0.007014418 0.025947506 0.038732469 -0.007096590 0.999970078 0.003076123 -0.201422960 -0.025925152 -0.003259150 0.999658644 11.527846336
0.999586880 0.002737949 0.028610833 0.054210603 -0.002816308 0.999992371 0.002698885 -0.203390494 -0.028603228 -0.002778348 0.999586940 11.811894417
0.999521911 -0.000754454 0.030910861 0.070087612 0.000626778 0.999991179 0.004139959 -0.209392205 -0.030913714 -0.004118606 0.999513626 12.068428993
0.999440312 -0.001079059 0.033433519 0.079071462 0.000903758 0.999985754 0.005257929 -0.216752440 -0.033438720 -0.005224771 0.999427140 12.299323082
0.999361217 -0.000494328 0.035733644 0.081926376 0.000345749 0.999991238 0.004163998 -0.219628781 -0.035735387 -0.004148984 0.999352694 12.504446030
0.999306858 0.000125577 0.037225649 0.104129970 -0.000242615 0.999994993 0.003139517 -0.230374575 -0.037225075 -0.003146373 0.999301970 12.704490662
0.999179840 0.002793755 0.040396377 0.100016832 -0.002880448 0.999993563 0.002088010 -0.232236713 -0.040390290 -0.002202658 0.999181569 12.860742569
0.999101222 0.005527151 0.042026967 0.104761958 -0.005598780 0.999983072 0.001586870 -0.239164516 -0.042017486 -0.001820744 0.999115288 13.031847954
0.999037623 0.007007703 0.043298859 0.110899895 -0.007021533 0.999975264 0.000167330 -0.246615261 -0.043296617 -0.000471193 0.999062240 13.187054634
0.998964489 0.005697018 0.045138776 0.120769948 -0.005640039 0.999983132 -0.001389599 -0.255288929 -0.045145936 0.001133575 0.998979747 13.335844040
0.998888671 0.004667642 0.046900544 0.125993907 -0.004535547 0.999985456 -0.002922508 -0.256947696 -0.046913505 0.002706541 0.998895288 13.475936890
0.998834908 0.003697678 0.048115097 0.134624243 -0.003518386 0.999986589 -0.003810497 -0.260916978 -0.048128538 0.003636771 0.998834550 13.613903046
0.998759031 0.004798732 0.049572866 0.141761124 -0.004537106 0.999975204 -0.005388767 -0.262548983 -0.049597498 0.005157162 0.998755991 13.748458862
0.998691022 0.005226180 0.050883017 0.146762848 -0.004868465 0.999962568 -0.007151566 -0.268647879 -0.050918493 0.006894482 0.998679042 13.870132446
0.998650730 0.005387886 0.051649861 0.156559527 -0.004897940 0.999941826 -0.009607779 -0.269396037 -0.051698629 0.009341837 0.998619080 13.996720314
0.998614132 0.004825423 0.052407917 0.163614929 -0.004207656 0.999920428 -0.011891607 -0.273053974 -0.052461136 0.011654613 0.998554945 14.124119759
0.998632789 0.003821553 0.052134626 0.166092992 -0.003120199 0.999903679 -0.013527522 -0.279786557 -0.052181300 0.013346356 0.998548448 14.247172356
0.998753369 0.003233108 0.049813189 0.176879287 -0.002498326 0.999887288 -0.014805951 -0.282637179 -0.049855445 0.014663043 0.998648822 14.374565125
0.998900294 0.003506919 0.046756204 0.181726009 -0.002779140 0.999874175 -0.015621332 -0.286904603 -0.046805106 0.015474208 0.998784125 14.501246452
0.999067068 0.004146469 0.042985938 0.177258432 -0.003411610 0.999847114 -0.017154625 -0.284746796 -0.043050490 0.016991969 0.998928368 14.625657082
0.999290287 0.003956371 0.037459273 0.172070444 -0.003273637 0.999827743 -0.018269857 -0.289071560 -0.037525095 0.018134262 0.999131143 14.748243332
0.999529064 0.003919931 0.030435275 0.173672944 -0.003352082 0.999819875 -0.018686224 -0.295897037 -0.030503046 0.018575404 0.999362051 14.864715576
0.999732733 0.003809925 0.022801908 0.175919354 -0.003371231 0.999809086 -0.019246921 -0.301869690 -0.022870883 0.019164911 0.999554694 14.990315437
0.999881864 0.003769024 0.014901211 0.164885670 -0.003464839 0.999786139 -0.020386793 -0.301202416 -0.014974860 0.020332756 0.999681115 15.122236252
0.999983907 0.002656426 0.005021226 0.153550953 -0.002547407 0.999763548 -0.021594809 -0.303200305 -0.005077401 0.021581668 0.999754250 15.256061554
0.999965608 0.001328703 -0.008188017 0.148157641 -0.001518710 0.999728680 -0.023243213 -0.305158138 0.008154914 0.023254849 0.999696314 15.405438423
0.999708354 0.000504495 -0.024145372 0.125219256 -0.001114871 0.999679863 -0.025272436 -0.307479262 0.024124898 0.025291983 0.999388993 15.559135437
0.999054730 0.000997618 -0.043461639 0.098770261 -0.002141848 0.999652088 -0.026288765 -0.310494930 0.043420300 0.026357003 0.998709142 15.738002777
0.997875035 0.002352765 -0.065114915 0.060599327 -0.004046848 0.999656439 -0.025897181 -0.315189511 0.065031603 0.026105655 0.997541606 15.915742874
0.996063948 0.002734501 -0.088596173 0.021350384 -0.004915853 0.999689817 -0.024412470 -0.322699338 0.088501938 0.024751905 0.995768428 16.121700287
0.993329763 0.003351174 -0.115258917 -0.023975134 -0.006026848 0.999720156 -0.022873819 -0.330912054 0.115150005 0.023415890 0.993072212 16.329477310
0.989374399 0.004356076 -0.145324826 -0.089240789 -0.007393987 0.999765158 -0.020370698 -0.341920853 0.145201966 0.021228774 0.989174366 16.551523209
0.983946145 0.004620591 -0.178405836 -0.164644480 -0.007799265 0.999823034 -0.017119857 -0.344616592 0.178295165 0.018236447 0.983808100 16.807603836
0.976564050 0.005775029 -0.215149343 -0.252515793 -0.008811194 0.999874711 -0.013155471 -0.350726306 0.215046406 0.014742878 0.976492584 17.050100327
0.966895640 0.007328724 -0.255066633 -0.351084948 -0.009564847 0.999925852 -0.007527553 -0.362236261 0.254992545 0.009718031 0.966894150 17.301836014
0.955115199 0.010833480 -0.296036422 -0.484758854 -0.012269786 0.999920189 -0.002994368 -0.358499110 0.295980304 0.006492270 0.955171943 17.581731796
0.940984070 0.014459641 -0.338141888 -0.626054764 -0.014938345 0.999887705 0.001186696 -0.360145181 0.338121057 0.003934619 0.941094398 17.854747772
0.924170613 0.016890891 -0.381606281 -0.771259308 -0.015325827 0.999857008 0.007140337 -0.365831792 0.381672263 -0.000750457 0.924297452 18.129491806
0.904814839 0.020492123 -0.425311863 -0.932291508 -0.015558553 0.999765396 0.015070596 -0.374411643 0.425520837 -0.007018861 0.904921472 18.403791428
0.883038044 0.024264399 -0.468673825 -1.114427090 -0.016211331 0.999643505 0.021209920 -0.367112637 0.469021440 -0.011131336 0.883116603 18.671438217
0.858304560 0.030190311 -0.512251675 -1.324645996 -0.019550787 0.999466896 0.026146691 -0.373160481 0.512767971 -0.012426901 0.858437300 18.948390961
0.830221415 0.033118512 -0.556449056 -1.552472115 -0.020176345 0.999364793 0.029376701 -0.368222773 0.557068467 -0.013162060 0.830362260 19.224697113
0.799455762 0.037246980 -0.599568963 -1.799019814 -0.022947904 0.999240994 0.031477392 -0.367035627 0.600286365 -0.011405935 0.799703777 19.481620789
0.765345931 0.040585387 -0.642338216 -2.071554184 -0.023812588 0.999112070 0.034755029 -0.362590313 0.643178463 -0.011303881 0.765632868 19.758749008
0.728630245 0.044463240 -0.683462560 -2.386801720 -0.025093149 0.998953581 0.038236313 -0.343780518 0.684447408 -0.010709906 0.728983521 20.035545349
0.689905822 0.044343352 -0.722539723 -2.721899986 -0.021770379 0.998941541 0.040519450 -0.320739150 0.723571718 -0.012224633 0.690140963 20.301538467
0.648601592 0.044192784 -0.759844065 -3.071112633 -0.019262213 0.998946309 0.041656859 -0.305909157 0.760884285 -0.012382423 0.648769438 20.563570023
0.606685102 0.043175321 -0.793768883 -3.456620216 -0.013710380 0.998943746 0.043856379 -0.295339763 0.794824123 -0.015724139 0.606636167 20.805240631
0.560958385 0.043040741 -0.826724470 -3.860006332 -0.008869691 0.998902678 0.045986287 -0.278557241 0.827796578 -0.018463599 0.560724497 21.062496185
0.515210509 0.044819444 -0.855890810 -4.282702446 -0.007002487 0.998818636 0.048088752 -0.259959757 0.857035100 -0.018782472 0.514915705 21.262926102
0.465196759 0.044331584 -0.884096563 -4.740088940 -0.005801976 0.998876393 0.047034133 -0.236653864 0.885188282 -0.016750619 0.464931369 21.462299347
0.413509339 0.043413188 -0.909464300 -5.227981091 -0.000509138 0.998873472 0.047449633 -0.216608346 0.910499811 -0.019157831 0.413065612 21.644149780
0.358677149 0.042428762 -0.932496905 -5.730943680 0.004819380 0.998868942 0.047302432 -0.194858968 0.933449268 -0.021460360 0.358066916 21.826066971
0.305370629 0.041294415 -0.951337755 -6.248697281 0.007216951 0.998930216 0.045676820 -0.169158101 0.952206135 -0.020814123 0.304745913 21.954631805
0.251792371 0.046814948 -0.966648340 -6.805639267 0.008195265 0.998690307 0.050501447 -0.137948692 0.967746556 -0.020637818 0.251078933 22.062700272
0.200326532 0.052171253 -0.978339076 -7.399200439 0.010621451 0.998406827 0.055416256 -0.112088084 0.979671597 -0.021492727 0.199453250 22.152944565
0.152552783 0.053420469 -0.986850619 -7.995497704 0.016417596 0.998263299 0.056576207 -0.085860372 0.988158941 -0.024832569 0.151410818 22.221412659
0.108016953 0.054862898 -0.992634058 -8.612063408 0.018615840 0.998189390 0.057195690 -0.063103914 0.993974745 -0.024656821 0.106800042 22.263866425
0.067998365 0.053070843 -0.996272922 -9.246317863 0.018539961 0.998344541 0.054446604 -0.034284949 0.997513175 -0.022173138 0.066901848 22.273719788
0.032263268 0.048750654 -0.998289704 -9.878717422 0.016492942 0.998647690 0.049301166 -0.001056969 0.999343336 -0.018055351 0.031415597 22.271085739
0.003979538 0.048558217 -0.998812437 -10.555357933 0.013885519 0.998721361 0.048609115 0.036596835 0.999895573 -0.014062476 0.003300190 22.246549606
-0.016968302 0.052915674 -0.998454928 -11.260715485 0.013206243 0.998523235 0.052694876 0.064923823 0.999768853 -0.012291690 -0.017642058 22.216320038
-0.030196914 0.058888711 -0.997807741 -11.975945473 0.014760190 0.998180389 0.058464020 0.097597241 0.999434948 -0.012962399 -0.031011179 22.196144104
-0.038177844 0.061446574 -0.997379959 -12.719795227 0.014352224 0.998038352 0.060937766 0.132793546 0.999167919 -0.011988149 -0.038984850 22.159715652
-0.041933134 0.058715444 -0.997393668 -13.483967781 0.015490925 0.998189926 0.058111038 0.167041063 0.999000251 -0.013013773 -0.042766795 22.119602203
-0.040883821 0.054742750 -0.997663081 -14.263253212 0.022734962 0.998290420 0.053845495 0.205142438 0.998905182 -0.020480422 -0.042058505 22.091749191
-0.036907472 0.053259872 -0.997898400 -15.072610855 0.034907546 0.998038054 0.051976256 0.250263572 0.998708785 -0.032915868 -0.038694236 22.082023621
-0.031136824 0.053400341 -0.998087645 -15.895116806 0.035186522 0.998011410 0.052298568 0.288280725 0.998895645 -0.033490818 -0.032953877 22.056472778
-0.026122982 0.052278373 -0.998290837 -16.754571915 0.033461288 0.998117864 0.051393703 0.316926420 0.999098539 -0.032061536 -0.027823113 22.028860092
-0.023183880 0.045663085 -0.998687863 -17.612537384 0.037160702 0.998305440 0.044782933 0.356160998 0.999040306 -0.036073696 -0.024841463 22.018981934
-0.021036359 0.034847680 -0.999171197 -18.512443542 0.034965262 0.998806775 0.034098819 0.395604789 0.999167085 -0.034218956 -0.022229705 22.000013351
-0.020307627 0.026628971 -0.999439061 -19.411291122 0.027068259 0.999293506 0.026075095 0.421318829 0.999427259 -0.026523551 -0.021014072 21.961503983
-0.021595495 0.023679420 -0.999486327 -20.330268860 0.021606240 0.999497056 0.023212839 0.445817411 0.999533296 -0.021093847 -0.022096252 21.929580688
-0.025232365 0.029939365 -0.999233186 -21.292675018 0.012370396 0.999484241 0.029634517 0.462143749 0.999605060 -0.011613162 -0.025589718 21.892646790
-0.030334929 0.038293984 -0.998805940 -22.258012772 0.007796150 0.999244452 0.038074017 0.485475153 0.999509394 -0.006631868 -0.030610550 21.846996307
-0.034572206 0.047612082 -0.998267412 -23.238962173 0.006236373 0.998855412 0.047424145 0.522772312 0.999382734 -0.004586012 -0.034829561 21.791883469
-0.036573634 0.057625014 -0.997668087 -24.280441284 0.005093675 0.998333871 0.057476733 0.564182878 0.999318004 -0.002979664 -0.036806226 21.764665604
-0.037605379 0.065683700 -0.997131586 -25.298662186 0.007025201 0.997830153 0.065464772 0.608367324 0.999268055 -0.004543223 -0.037985224 21.724664688
-0.039259404 0.066429846 -0.997018516 -26.331611633 0.008138708 0.997775912 0.066159844 0.664240360 0.999195933 -0.005517046 -0.039712735 21.683959961
-0.040653404 0.063505538 -0.997153103 -27.323539734 0.006562697 0.997973502 0.063290231 0.714213848 0.999151766 -0.003971049 -0.040987790 21.633827209
-0.043309551 0.058759857 -0.997332335 -28.343235016 0.006254087 0.998265207 0.058543246 0.761088371 0.999042094 -0.003701920 -0.043601915 21.582038879
-0.047803424 0.053334858 -0.997431755 -29.378955841 0.006188381 0.998570085 0.053099137 0.809688091 0.998837590 -0.003634166 -0.048065122 21.522945404
-0.053589121 0.048922066 -0.997363925 -30.399291992 0.006649325 0.998794377 0.048634961 0.847300529 0.998540878 -0.004025492 -0.053849805 21.469100952
-0.060218878 0.046945557 -0.997080684 -31.421970367 0.005698586 0.998893380 0.046686728 0.888796985 0.998168945 -0.002870528 -0.060419753 21.390451431
-0.067213960 0.049429595 -0.996513367 -32.476016998 0.006221416 0.998773396 0.049122062 0.930666268 0.997719169 -0.002898036 -0.067439035 21.322130203
-0.073460013 0.054160085 -0.995826423 -33.544097900 0.004441594 0.998532176 0.053979598 0.973823726 0.997288227 -0.000457715 -0.073592737 21.233558655
-0.079702519 0.057186209 -0.995176911 -34.611164093 0.002069837 0.998360515 0.057203356 1.017352223 0.996816635 0.002499398 -0.079690203 21.141643524
-0.084164783 0.059201140 -0.994691610 -35.681781769 -0.001325031 0.998225987 0.059523612 1.068204284 0.996450961 0.006327789 -0.083937049 21.037651062
-0.087153874 0.060567029 -0.994351983 -36.757057190 -0.005545631 0.998104990 0.061281711 1.119028449 0.996179342 0.010855249 -0.086652853 20.937755585
-0.088865839 0.061705001 -0.994130433 -37.831947327 -0.009738817 0.997977734 0.062814355 1.173971415 0.995996058 0.015263704 -0.088085182 20.828868866
-0.089811236 0.061280914 -0.994071662 -38.911022186 -0.011018736 0.997983038 0.062517546 1.225210190 0.995897830 0.016568188 -0.088954858 20.713790894
-0.091245659 0.060512796 -0.993988097 -39.991283417 -0.011660752 0.998018622 0.061828598 1.276544809 0.995760143 0.017232236 -0.090359226 20.606996536
-0.092344105 0.059683993 -0.993936837 -41.074150085 -0.012274583 0.998057902 0.061071858 1.329613924 0.995651484 0.017839786 -0.091432162 20.504858017
-0.093385786 0.058882292 -0.993887305 -42.164680481 -0.014507725 0.998063207 0.060492832 1.381372452 0.995524287 0.020068215 -0.092350669 20.393226624
-0.093871877 0.056244183 -0.993994236 -43.245983124 -0.019329049 0.998111844 0.058302585 1.433036804 0.995396614 0.024685936 -0.092607461 20.275983810
-0.094056614 0.051387366 -0.994239748 -44.335968018 -0.024373533 0.998248875 0.053900350 1.479857445 0.995268404 0.029302819 -0.092639416 20.162118912
-0.093289912 0.050777707 -0.994343400 -45.446796417 -0.025954841 0.998235226 0.053411551 1.524898648 0.995300651 0.030790774 -0.091807358 20.050104141
-0.091804191 0.054998185 -0.994257092 -46.557342529 -0.026885290 0.997972667 0.057686150 1.570777178 0.995414078 0.032026723 -0.090139441 19.946056366
-0.089454502 0.058283161 -0.994284093 -47.650962830 -0.027042193 0.997776151 0.060920812 1.613955259 0.995623767 0.032337263 -0.087679468 19.836534500
-0.088344567 0.057781931 -0.994412601 -48.784107208 -0.025105368 0.997869730 0.060213201 1.671631575 0.995773554 0.030284608 -0.086705744 19.737998962
-0.085909329 0.056913380 -0.994676054 -49.890338898 -0.025106175 0.997926354 0.059267752 1.723253250 0.995986581 0.030064164 -0.084302306 19.638868332
-0.081861049 0.057051547 -0.995009482 -51.029155731 -0.029480394 0.997784793 0.059636071 1.784087658 0.996207654 0.034215134 -0.079997793 19.536911011
-0.075839587 0.057853356 -0.995440304 -52.152244568 -0.034458730 0.997567058 0.060602266 1.837659836 0.996524453 0.038897667 -0.073661529 19.432601929
-0.069639713 0.057326179 -0.995923817 -53.275569916 -0.038505651 0.997448981 0.060106482 1.891732931 0.996828735 0.042534489 -0.067254677 19.334344864
-0.064316064 0.056615993 -0.996322274 -54.428379059 -0.039800510 0.997449458 0.059249308 1.945716619 0.997135699 0.043464821 -0.061898686 19.260564804
-0.058826648 0.055832978 -0.996705651 -55.566154480 -0.039360765 0.997528553 0.058202196 1.999812245 0.997492015 0.042654935 -0.056483630 19.193460464
-0.053243410 0.055261414 -0.997051299 -56.709972382 -0.038007516 0.997631907 0.057323229 2.053864002 0.997857988 0.040947527 -0.051016979 19.123401642
-0.048198614 0.055962585 -0.997268796 -57.849876404 -0.036636963 0.997658312 0.057755124 2.104216337 0.998165548 0.039320614 -0.046035443 19.071153641
-0.041833475 0.057476636 -0.997470021 -59.011276245 -0.035995323 0.997609138 0.058994282 2.159204245 0.998475969 0.038372189 -0.039664567 19.013250351
-0.036877315 0.058921319 -0.997581244 -60.169055939 -0.036278445 0.997523248 0.060258988 2.210618973 0.998660982 0.038412884 -0.034648404 18.975484848
-0.031027591 0.057922877 -0.997838736 -61.331466675 -0.036422029 0.997590840 0.059041020 2.263613701 0.998854578 0.038175210 -0.028843172 18.932222366
-0.026885530 0.053623285 -0.998199224 -62.492336273 -0.036127929 0.997855663 0.054577898 2.306675434 0.998985469 0.037530221 -0.024890581 18.904405594
-0.022779601 0.048180141 -0.998578846 -63.644798279 -0.035913710 0.998153925 0.048978902 2.352411747 0.999095261 0.036978383 -0.021007216 18.880401611
-0.018919226 0.048080310 -0.998664260 -64.831123352 -0.035586167 0.998177826 0.048731051 2.390526533 0.999187529 0.036460590 -0.017173756 18.846586227
-0.015836479 0.050862178 -0.998580098 -65.999465942 -0.034801640 0.998072326 0.051388219 2.422356844 0.999268711 0.035566043 -0.014035865 18.834064484
-0.013580386 0.050723143 -0.998620331 -67.166183472 -0.035417210 0.998061419 0.051176395 2.465700150 0.999280274 0.036063343 -0.011757588 18.809541702
-0.012697513 0.050300032 -0.998653471 -68.329750061 -0.037424542 0.998010337 0.050743472 2.514332294 0.999218762 0.038018469 -0.010789795 18.790851593
-0.012143373 0.051426411 -0.998602927 -69.521987915 -0.037935920 0.997933924 0.051853281 2.551557064 0.999206364 0.038512602 -0.010167378 18.774314880
-0.010673609 0.050905820 -0.998646319 -70.701332092 -0.038641490 0.997936308 0.051282633 2.595904827 0.999196112 0.039136559 -0.008684507 18.751342773
-0.009469973 0.048889417 -0.998759270 -71.878150940 -0.038798064 0.998033941 0.049221799 2.636246204 0.999202132 0.039216060 -0.007554539 18.734579086
-0.009338847 0.047942676 -0.998806417 -73.066329956 -0.037015166 0.998148859 0.048257202 2.675930262 0.999271095 0.037421655 -0.007546954 18.726011276
-0.008439480 0.047245715 -0.998847723 -74.254592896 -0.033998668 0.998292148 0.047506697 2.722083092 0.999386251 0.034360416 -0.006818778 18.709821701
-0.008790188 0.048667215 -0.998776376 -75.438903809 -0.031494085 0.998305917 0.048921470 2.754032135 0.999465287 0.031885572 -0.007242569 18.704540253
-0.008667869 0.051502403 -0.998635232 -76.624206543 -0.031081155 0.998176277 0.051748518 2.794333696 0.999479234 0.031487282 -0.007051308 18.689661026
-0.008522404 0.054960452 -0.998452127 -77.806320190 -0.033186879 0.997922838 0.055214584 2.837389231 0.999412954 0.033606075 -0.006680736 18.676908493
-0.007646607 0.054969326 -0.998458803 -78.985466003 -0.035584319 0.997840643 0.055207811 2.883593798 0.999337494 0.035951633 -0.005674049 18.656772614
-0.007784852 0.052848037 -0.998572230 -80.173583984 -0.036680851 0.997915268 0.053099237 2.926726341 0.999296725 0.037041843 -0.005830111 18.647649765
-0.007216144 0.050183259 -0.998713911 -81.356101990 -0.036487687 0.998061657 0.050414119 2.974581718 0.999308109 0.036804557 -0.005371085 18.629961014
-0.007426510 0.049882561 -0.998727441 -82.541831970 -0.034094904 0.998161674 0.050107826 3.012300968 0.999391019 0.034423646 -0.005712116 18.617219925
-0.007321711 0.051004767 -0.998671591 -83.716583252 -0.033005513 0.998141825 0.051219687 3.055645704 0.999428391 0.033336680 -0.005624668 18.607345581
-0.007071680 0.054233775 -0.998503208 -84.899681091 -0.031950351 0.998006105 0.054433055 3.093573809 0.999464393 0.032287467 -0.005324792 18.595678329
-0.006437073 0.056469418 -0.998383522 -86.075263977 -0.032402571 0.997868121 0.056649189 3.140027523 0.999454200 0.032714847 -0.004593597 18.585184097
-0.006069057 0.056562185 -0.998380601 -87.241447449 -0.033745673 0.997818768 0.056735490 3.181940556 0.999412000 0.034035355 -0.004147090 18.565616608
-0.005766245 0.054632749 -0.998489976 -88.407501221 -0.033523124 0.997934580 0.054795969 3.224945068 0.999421299 0.033788454 -0.003922876 18.553211212
-0.005793429 0.053076204 -0.998573601 -89.577941895 -0.032010492 0.998068810 0.053235088 3.271485567 0.999470770 0.032273244 -0.004083245 18.548389435
-0.006107576 0.054144021 -0.998514473 -90.750122070 -0.030007036 0.998073459 0.054303657 3.314327240 0.999531031 0.030294122 -0.004471107 18.546606064
-0.004954340 0.057230074 -0.998348594 -91.914299011 -0.028251676 0.997954428 0.057347678 3.361039162 0.999588668 0.028489141 -0.003327360 18.523113251
-0.005412312 0.059534393 -0.998211563 -93.084976196 -0.026855171 0.997857511 0.059658885 3.407919168 0.999624610 0.027130034 -0.003801910 18.520149231
-0.004840988 0.061115444 -0.998118937 -94.255180359 -0.027710292 0.997739136 0.061226584 3.462890387 0.999604285 0.027954565 -0.003136517 18.507335663
-0.004003396 0.063366972 -0.997982264 -95.401458740 -0.030389875 0.997521579 0.063459650 3.507731676 0.999530017 0.030582609 -0.002067759 18.491519928
-0.004023882 0.062495049 -0.998037219 -96.562896729 -0.032197528 0.997519612 0.062592469 3.560506105 0.999473333 0.032386195 -0.002001715 18.481592178
-0.004145897 0.058506973 -0.998278320 -97.713684082 -0.034583323 0.997681379 0.058615610 3.608628988 0.999393165 0.034766793 -0.002112919 18.464811325
-0.003144811 0.056895744 -0.998375118 -98.887916565 -0.035925619 0.997729182 0.056972098 3.659290314 0.999349535 0.036046404 -0.001093655 18.452611923
-0.002944257 0.055106409 -0.998476088 -100.057579041 -0.035823327 0.997833729 0.055176590 3.709792852 0.999353826 0.035931189 -0.000963784 18.442094803
-0.002563340 0.055857189 -0.998435557 -101.219070435 -0.034572005 0.997836888 0.055912472 3.753458261 0.999398947 0.034661230 -0.000626700 18.437156677
-0.003068005 0.057770528 -0.998325169 -102.387252808 -0.034830727 0.997717917 0.057842415 3.799948692 0.999388516 0.034949858 -0.001048815 18.435789108
-0.003330214 0.059935991 -0.998196602 -103.559196472 -0.033104874 0.997648418 0.060013518 3.848806381 0.999446392 0.033245027 -0.001338210 18.435211182
-0.003662020 0.058763377 -0.998265207 -104.715927124 -0.037373349 0.997566462 0.058859337 3.900776863 0.999294579 0.037524063 -0.001456924 18.417591095
-0.003845713 0.059963126 -0.998193204 -105.884773254 -0.040852282 0.997357845 0.060070336 3.955234051 0.999157786 0.041009486 -0.001385922 18.404953003
-0.003879267 0.059344236 -0.998230040 -107.065193176 -0.044686735 0.997230053 0.059458453 4.008073330 0.998993516 0.044838291 -0.001216621 18.381006241
-0.004424003 0.055213530 -0.998464763 -108.239044189 -0.045360059 0.997435689 0.055357609 4.062962532 0.998960912 0.045535319 -0.001908170 18.375726700
-0.004807812 0.051589426 -0.998656809 -109.418212891 -0.045376100 0.997628391 0.051754754 4.105415821 0.998958349 0.045563973 -0.002455483 18.361972809
-0.005784213 0.050586678 -0.998703003 -110.616668701 -0.041949570 0.997828186 0.050785329 4.154384613 0.999103069 0.042188916 -0.003649561 18.352680206
-0.006153548 0.050046355 -0.998727918 -111.795974731 -0.037540179 0.998031199 0.050242741 4.195387840 0.999276161 0.037801590 -0.004262683 18.350914001
-0.006473992 0.051771615 -0.998637855 -113.013648987 -0.036603868 0.997977376 0.051974665 4.246921539 0.999308884 0.036890492 -0.004565855 18.336990356
-0.007155729 0.055900898 -0.998410642 -114.257606506 -0.036058176 0.997772455 0.056123599 4.283967018 0.999324083 0.036402468 -0.005124106 18.322559357
-0.007844095 0.055809565 -0.998410642 -115.461402893 -0.034134183 0.997844517 0.056046106 4.348946571 0.999386430 0.034519564 -0.005922174 18.316221237
-0.009009673 0.051117912 -0.998651922 -116.678970337 -0.034038000 0.998098075 0.051396638 4.402717590 0.999379992 0.034455184 -0.007252586 18.304805756
-0.009475135 0.047909118 -0.998806715 -117.913932800 -0.034416448 0.998244166 0.048208617 4.442521572 0.999362767 0.034832165 -0.007809637 18.282535553
-0.009995326 0.046465348 -0.998869896 -119.168556213 -0.033474874 0.998344362 0.046775866 4.489400387 0.999389529 0.033904597 -0.008423354 18.272104263
-0.010734820 0.047362745 -0.998820186 -120.409492493 -0.035415240 0.998232901 0.047715530 4.538918018 0.999314964 0.035885669 -0.009038488 18.250871658
-0.011351211 0.052276041 -0.998568118 -121.679092407 -0.040304832 0.997797012 0.052693829 4.583752632 0.999122918 0.040845260 -0.009219225 18.229751587
-0.011049401 0.055614565 -0.998391151 -122.936119080 -0.045963883 0.997368395 0.056066290 4.631736279 0.998881996 0.046509430 -0.008464063 18.184352875
-0.011047327 0.055278260 -0.998409867 -124.197280884 -0.053173535 0.997025549 0.055789974 4.687879562 0.998524129 0.053705312 -0.008075126 18.152385712
-0.010327167 0.053570509 -0.998510599 -125.456069946 -0.056645945 0.996928930 0.054071520 4.736447334 0.998340845 0.057119977 -0.007260900 18.114950180
-0.011455911 0.051861610 -0.998588502 -126.724517822 -0.059011057 0.996878505 0.052449789 4.791419983 0.998191535 0.059528623 -0.008359744 18.101818085
-0.012399059 0.051001001 -0.998621583 -127.986709595 -0.058706112 0.996938586 0.051643949 4.835820198 0.998198271 0.059265524 -0.009367028 18.084226608
-0.012444217 0.050750561 -0.998633742 -129.273437500 -0.056856994 0.997059345 0.051379062 4.877389908 0.998304784 0.057418685 -0.009522100 18.060445786
-0.012968441 0.051566530 -0.998585403 -130.528686523 -0.056947362 0.997010350 0.052224759 4.921009064 0.998292983 0.057544071 -0.009993094 18.040594101
-0.013704805 0.056485567 -0.998309374 -131.788803101 -0.056862872 0.996743381 0.057177570 4.969595909 0.998287916 0.057550341 -0.010448240 18.021724701
-0.014320340 0.060715295 -0.998052359 -133.066040039 -0.056113757 0.996532857 0.061427996 5.020912170 0.998321652 0.056884136 -0.010863726 18.000444412
-0.013882339 0.059627157 -0.998124123 -134.316574097 -0.056301031 0.996590137 0.060318571 5.072140694 0.998317361 0.057032790 -0.010477929 17.965698242
-0.013306399 0.057773963 -0.998240948 -135.590072632 -0.055819809 0.996729672 0.058430564 5.132850170 0.998352110 0.056499112 -0.010037953 17.949016571
-0.012135183 0.057256281 -0.998285711 -136.838439941 -0.054664094 0.996828318 0.057837185 5.185331345 0.998431027 0.055272240 -0.008966831 17.926362991
-0.011206753 0.056304768 -0.998350799 -138.096893311 -0.055096049 0.996861994 0.056839272 5.236623287 0.998418152 0.055642162 -0.008069417 17.906982422
-0.010370700 0.058584135 -0.998228610 -139.345672607 -0.055324331 0.996719599 0.059070341 5.286880493 0.998414576 0.055838931 -0.007095551 17.892663956
-0.009760844 0.061797809 -0.998040974 -140.593124390 -0.056346145 0.996468723 0.062251523 5.348177433 0.998363614 0.056843393 -0.006244306 17.874265671
-0.008429805 0.062929817 -0.997982323 -141.844161987 -0.057929602 0.996311009 0.063313752 5.403781891 0.998285055 0.058346447 -0.004753209 17.853147507
-0.007144906 0.060512587 -0.998141825 -143.102371216 -0.059905022 0.996348739 0.060832683 5.452339172 0.998178482 0.060228355 -0.003493810 17.837398529
-0.006911527 0.057618622 -0.998314798 -144.345123291 -0.058645368 0.996596873 0.057925489 5.505632401 0.998254955 0.058946889 -0.003508942 17.823293686
-0.006932190 0.056006417 -0.998406351 -145.583862305 -0.055780251 0.996854126 0.056306630 5.552845955 0.998418987 0.056081682 -0.003786332 17.816997528
-0.007645019 0.055236451 -0.998444021 -146.810653687 -0.053739615 0.997007668 0.055568457 5.600861549 0.998525739 0.054080822 -0.004653757 17.812013626
-0.007601651 0.055999801 -0.998401880 -148.041458130 -0.051923558 0.997061670 0.056319967 5.642260075 0.998622119 0.052268703 -0.004671607 17.797723770
-0.007557926 0.054322977 -0.998494804 -149.291397095 -0.050052673 0.997251153 0.054634184 5.701443195 0.998718083 0.050390247 -0.004818140 17.786296844
-0.007356538 0.054084066 -0.998509347 -150.532836914 -0.049056415 0.997314453 0.054380782 5.754944324 0.998768985 0.049383339 -0.004683611 17.771966934
-0.007640279 0.056816231 -0.998355389 -151.762619019 -0.047111340 0.997255445 0.057114165 5.805081367 0.998860359 0.047470223 -0.004942622 17.761682510
-0.007656939 0.058232490 -0.998273671 -152.990737915 -0.044691399 0.997285485 0.058517631 5.856177330 0.998971462 0.045062318 -0.005033663 17.751157761
-0.007518330 0.056756653 -0.998359740 -154.217987061 -0.042638037 0.997461796 0.057026695 5.906942844 0.999062359 0.042996846 -0.005079255 17.734201431
-0.008665547 0.057232205 -0.998323262 -155.448593140 -0.043065172 0.997413039 0.057553831 5.954046249 0.999034703 0.043491695 -0.006178415 17.727190018
-0.008530235 0.061845273 -0.998049140 -156.677871704 -0.043869298 0.997101486 0.062161479 6.010017395 0.999000907 0.044313971 -0.005792402 17.711889267
-0.008150727 0.068679616 -0.997605443 -157.909484863 -0.048891440 0.996418118 0.068997331 6.061604023 0.998770833 0.049336743 -0.004763688 17.696331024
-0.006922309 0.068685301 -0.997614324 -159.154006958 -0.053395472 0.996189594 0.068957701 6.122546196 0.998549461 0.053745437 -0.003228448 17.673353195
-0.005524139 0.064547911 -0.997899294 -160.382415771 -0.057190325 0.996260762 0.064758517 6.187785149 0.998348057 0.057427928 -0.001811966 17.649925232
-0.003719833 0.059655912 -0.998211980 -161.596267700 -0.059011411 0.996466279 0.059771486 6.233582020 0.998250365 0.059128236 -0.000186309 17.634527206
-0.003204430 0.058149550 -0.998302698 -162.820358276 -0.061629724 0.996398687 0.058236461 6.288055897 0.998093903 0.061711743 0.000390851 17.622877121
-0.001815402 0.055070803 -0.998480797 -164.018875122 -0.056998074 0.996853471 0.055084676 6.330903530 0.998372614 0.057011481 0.001329239 17.629703522
-0.001554961 0.050496250 -0.998723090 -165.233245850 -0.053987011 0.997263432 0.050506517 6.382210732 0.998540401 0.053996608 0.001175436 17.622489929
-0.001745055 0.046813473 -0.998902082 -166.465270996 -0.047707573 0.997762322 0.046843406 6.427859306 0.998859823 0.047736939 0.000492208 17.622287750
-0.003025784 0.049769852 -0.998756111 -167.692596436 -0.045306582 0.997728229 0.049855888 6.472964287 0.998968482 0.045401081 -0.000764009 17.620605469
-0.002309984 0.056229271 -0.998415291 -168.920898438 -0.046314206 0.997340441 0.056275904 6.517317295 0.998924255 0.046370801 0.000300374 17.611236572
-0.000571677 0.059479199 -0.998229384 -170.144104004 -0.047387507 0.997106433 0.059439436 6.565401077 0.998876393 0.047337584 0.002248549 17.604097366
0.001009201 0.055919852 -0.998434722 -171.357742310 -0.048301071 0.997272551 0.055805944 6.618618488 0.998832285 0.048169143 0.003707437 17.598922729
0.001652718 0.056476984 -0.998402596 -172.579330444 -0.050479371 0.997135699 0.056321770 6.667490959 0.998723626 0.050305642 0.004498907 17.598739624
0.002876042 0.057462409 -0.998343527 -173.783187866 -0.049139734 0.997149646 0.057252135 6.714739323 0.998787761 0.048893679 0.005691533 17.591941833
0.003115534 0.055049758 -0.998478770 -174.985992432 -0.048845939 0.997300088 0.054832362 6.766839027 0.998801470 0.048600800 0.005796080 17.597156525
0.005524040 0.053637814 -0.998545170 -176.191146851 -0.049476452 0.997352064 0.053300008 6.812849522 0.998759985 0.049110040 0.008163221 17.587198257
0.006593763 0.055465784 -0.998438835 -177.353958130 -0.050500840 0.997204959 0.055063725 6.854839802 0.998702228 0.050058924 0.009376400 17.600608826
0.008334182 0.057561707 -0.998307168 -178.465591431 -0.050624546 0.997085929 0.057068646 6.886134148 0.998683095 0.050063226 0.011223927 17.594173431
0.008657293 0.058831092 -0.998230398 -179.555892944 -0.051614672 0.996963322 0.058308776 6.923234463 0.998629570 0.051018532 0.011667550 17.600030899
0.009163261 0.060396850 -0.998132408 -180.648986816 -0.051916350 0.996856928 0.059843037 6.955004215 0.998609364 0.051271044 0.012270044 17.597320557
0.008852907 0.061116353 -0.998091459 -181.701950073 -0.051412288 0.996838272 0.060583591 6.996159554 0.998638272 0.050777812 0.011967046 17.606546402
0.009598302 0.060334533 -0.998131990 -182.721481323 -0.051906381 0.996862411 0.059758645 7.032571793 0.998605847 0.051235825 0.012699932 17.605966568
0.011072268 0.060469814 -0.998108625 -183.696884155 -0.052541249 0.996826112 0.059809268 7.064919472 0.998557389 0.051779639 0.014214286 17.613422394
0.012255456 0.061154928 -0.998053074 -184.662002563 -0.053151775 0.996756732 0.060422819 7.099031925 0.998511374 0.052307781 0.015466199 17.625627518
0.011972753 0.059684843 -0.998145461 -185.599594116 -0.051943392 0.996906340 0.058987688 7.130424023 0.998578250 0.051140811 0.015035945 17.629310608
0.008409335 0.056575529 -0.998362899 -186.536621094 -0.049388368 0.997203171 0.056093805 7.162101269 0.998744249 0.048835807 0.011179992 17.639711380
0.003324392 0.052863728 -0.998596251 -187.461563110 -0.049219653 0.997399926 0.052636545 7.195651054 0.998782456 0.048975572 0.005917684 17.640182495
-0.001457246 0.050003354 -0.998748004 -188.382995605 -0.050851498 0.997453213 0.050012715 7.228965282 0.998705208 0.050860710 0.001089211 17.627723694
-0.005068006 0.049094133 -0.998781443 -189.320266724 -0.053046934 0.997374713 0.049294159 7.260527611 0.998579144 0.053232107 -0.002450409 17.613494873
-0.007596605 0.049924828 -0.998724103 -190.236206055 -0.054869492 0.997227430 0.050267365 7.287741661 0.998464584 0.055181339 -0.004836194 17.590101242
-0.009558823 0.051426988 -0.998631060 -191.167144775 -0.053646855 0.997211933 0.051867425 7.322918415 0.998514175 0.054069199 -0.006773277 17.576398849
-0.011596374 0.053072307 -0.998523355 -192.089324951 -0.050485317 0.997285843 0.053592838 7.350946426 0.998657465 0.051032256 -0.008885527 17.577589035
-0.012829445 0.053333253 -0.998494446 -193.005447388 -0.048993666 0.997343600 0.053901292 7.386579514 0.998716712 0.049611427 -0.010182371 17.559940338
-0.013691070 0.051942669 -0.998556256 -193.906402588 -0.049573459 0.997386515 0.052561514 7.422763348 0.998676538 0.050221507 -0.011080311 17.542346954
-0.014425164 0.051084634 -0.998590171 -194.820007324 -0.051297437 0.997341156 0.051761761 7.448667526 0.998579204 0.051971782 -0.011766297 17.519721985
-0.014523773 0.050845239 -0.998600960 -195.725112915 -0.054783422 0.997165680 0.051568929 7.475045204 0.998392642 0.055455752 -0.011697133 17.504791260
-0.014036657 0.048861772 -0.998706937 -196.642166138 -0.057429850 0.997117043 0.049591150 7.509346008 0.998250842 0.058051679 -0.011190068 17.488620758
-0.013278628 0.046618935 -0.998824537 -197.552429199 -0.057352360 0.997232616 0.047307096 7.533575058 0.998265743 0.057913117 -0.010568174 17.475666046
-0.012200048 0.043842103 -0.998963952 -198.473663330 -0.057336483 0.997363925 0.044472102 7.564431190 0.998280346 0.057819650 -0.009654136 17.449047089
-0.011065485 0.043611992 -0.998987257 -199.391067505 -0.057057112 0.997393131 0.044174403 7.588989258 0.998309612 0.057488140 -0.008548267 17.431795120
-0.011334840 0.046364583 -0.998860240 -200.324462891 -0.054671075 0.997401476 0.046917271 7.616675854 0.998440027 0.055140574 -0.008770587 17.431556702
-0.010743978 0.047433063 -0.998816669 -201.266326904 -0.054021973 0.997387946 0.047946315 7.647628784 0.998481929 0.054473180 -0.008153488 17.409311295
-0.009922595 0.043884888 -0.998987377 -202.191040039 -0.049067773 0.997811615 0.044320617 7.675299644 0.998746216 0.049457856 -0.007747549 17.403697968
-0.009439060 0.040939629 -0.999117017 -203.127136230 -0.047459565 0.998017192 0.041342940 7.703546047 0.998828530 0.047807895 -0.007477368 17.390634537
-0.009227787 0.041506991 -0.999095559 -204.069259644 -0.052117299 0.997760117 0.041932877 7.734904766 0.998598337 0.052457109 -0.007043887 17.373653412
-0.007650785 0.045196030 -0.998948872 -205.015029907 -0.052973308 0.997557104 0.045538768 7.765748978 0.998566628 0.053266034 -0.005237912 17.360712051
-0.005393552 0.045119300 -0.998967052 -205.990951538 -0.050466526 0.997696280 0.045334380 7.794896603 0.998711169 0.050658904 -0.003104113 17.349245071
-0.003267776 0.046085805 -0.998932123 -206.952285767 -0.049248528 0.997717798 0.046190891 7.835591316 0.998781204 0.049346872 -0.000990660 17.344814301
-0.001780466 0.050607786 -0.998716950 -207.922622681 -0.050367899 0.997446418 0.050633196 7.873029709 0.998729169 0.050393425 0.000773088 17.339529037
-0.000217783 0.054816891 -0.998496532 -208.922302246 -0.047610395 0.997363508 0.054765087 7.906548023 0.998865962 0.047550730 0.002392646 17.344539642
0.001051292 0.055202298 -0.998474598 -209.911529541 -0.047103174 0.997369647 0.055091616 7.949333191 0.998889446 0.046973411 0.003648731 17.343370438
0.002864047 0.056289040 -0.998410463 -210.923660278 -0.050418630 0.997152865 0.056073509 7.989783764 0.998724043 0.050177887 0.005693909 17.343311310
0.006264125 0.058203798 -0.998285055 -211.957992554 -0.052972384 0.996922255 0.057791941 8.034560204 0.998576343 0.052519515 0.009328038 17.333908081
0.009553461 0.058381815 -0.998248577 -212.984512329 -0.054133546 0.996860385 0.057782557 8.081936836 0.998488009 0.053486705 0.012683881 17.344808578
0.012606395 0.055638611 -0.998371422 -214.008926392 -0.057076469 0.996862888 0.054833841 8.126517296 0.998290300 0.056292262 0.015742503 17.344650269
