1.000000000 0.000000000 0.000000000 0.000000000 0.000000000 1.000000000 0.000000000 0.000000000 0.000000000 0.000000000 1.000000000 0.000000000
0.999995649 0.002941640 0.000151327 -0.005911354 -0.002941847 0.999994695 0.001380513 -0.012899364 -0.000147265 -0.001380952 0.999999046 0.772509694
0.999984682 0.005501203 0.000638293 -0.013024575 -0.005502417 0.999983013 0.001913669 -0.029787615 -0.000627754 -0.001917151 0.999997973 1.538935900
0.999976456 0.006751490 0.001203722 -0.021993577 -0.006753636 0.999975562 0.001786846 -0.047972295 -0.001191628 -0.001794933 0.999997675 2.273904324
0.999961734 0.008667121 0.001086944 -0.024962362 -0.008668732 0.999961376 0.001485774 -0.061231796 -0.001074025 -0.001495140 0.999998271 3.001149654
0.999958575 0.008927258 0.001778292 -0.034161121 -0.008929354 0.999959469 0.001175728 -0.073900752 -0.001767724 -0.001191559 0.999997735 3.718477488
0.999956846 0.009121483 0.001796781 -0.028200198 -0.009125098 0.999956310 0.002013671 -0.085653841 -0.001778335 -0.002029980 0.999996364 4.415495872
0.999945343 0.010051833 0.002894104 -0.045730770 -0.010066321 0.999936640 0.005035511 -0.102185361 -0.002843305 -0.005064369 0.999983191 5.087912083
0.999942362 0.009796698 0.004389296 -0.041042145 -0.009834851 0.999913216 0.008756046 -0.106141798 -0.004303134 -0.008798708 0.999951959 5.756791115
0.999943018 0.009097970 0.005576321 -0.038322829 -0.009167119 0.999879777 0.012502760 -0.118992448 -0.005461900 -0.012553165 0.999906301 6.381674767
0.999939263 0.008604975 0.006883306 -0.039748497 -0.008704632 0.999855757 0.014581379 -0.125185639 -0.006756841 -0.014640411 0.999870002 6.995733738
0.999929428 0.009112686 0.007635373 -0.026804434 -0.009222817 0.999852121 0.014514524 -0.135341689 -0.007501978 -0.014583917 0.999865472 7.572783470
0.999917388 0.009611974 0.008533382 -0.022148982 -0.009713893 0.999881029 0.011983564 -0.145113617 -0.008417180 -0.012065467 0.999891758 8.126760483
0.999909461 0.009535415 0.009489578 -0.022567036 -0.009620556 0.999913514 0.008967256 -0.148577660 -0.009403250 -0.009057738 0.999914765 8.657987595
0.999907494 0.008102305 0.010918718 -0.011735564 -0.008185376 0.999937713 0.007585085 -0.157417715 -0.010856583 -0.007673758 0.999911666 9.158432007
0.999907732 0.004056012 0.012962555 -0.004648030 -0.004122850 0.999978244 0.005133574 -0.161360756 -0.012941453 -0.005186541 0.999902844 9.619956017
0.999887049 0.002228519 0.014858300 0.007161816 -0.002291021 0.999988616 0.004190821 -0.169609979 -0.014848791 -0.004224389 0.999880791 10.061158180
0.999840200 0.006617379 0.016604617 0.014767678 -0.006655049 0.999975383 0.002214424 -0.180648938 -0.016589556 -0.002324575 0.999859691 10.477478027
0.999740303 0.011143919 0.019878788 0.012744210 -0.011176297 0.999936402 0.001518413 -0.188012198 -0.019860603 -0.001740190 0.999801278 10.865580559
0.999672532 0.011278567 0.022968182 0.021812826 -0.011346097 0.999931693 0.002811945 -0.199683324 -0.022934899 -0.003071624 0.999732256 11.206707001
0.999625564 0.007010681 0.026448892 0.028990636 -0.007104027 0.999968886 0.003436984 -0.207235172 -0.026423976 -0.003623591 0.999644279 11.526782036
0.999580085 0.002764551 0.028845381 0.051508356 -0.002843781 0.999992311 0.002706075 -0.204024121 -0.028837683 -0.002786968 0.999580145 11.808658600
0.999512315 -0.000727029 0.031220518 0.066446103 0.000599381 0.999991477 0.004097757 -0.210050240 -0.031223230 -0.004077046 0.999504089 12.065273285
0.999433696 -0.001090945 0.033631925 0.077160150 0.000917767 0.999986291 0.005164224 -0.216007322 -0.033637099 -0.005130433 0.999420941 12.298451424
0.999357700 -0.000426268 0.035834096 0.081723161 0.000275514 0.999991119 0.004211810 -0.220341638 -0.035835572 -0.004199232 0.999348879 12.500736237
0.999298394 0.000312383 0.037450787 0.101833329 -0.000426349 0.999995351 0.003035142 -0.229516357 -0.037449665 -0.003048979 0.999293864 12.701027870
0.999171972 0.002735006 0.040594172 0.098464549 -0.002819867 0.999993920 0.002033362 -0.231915101 -0.040588364 -0.002146149 0.999173641 12.859320641
0.999092579 0.005462386 0.042240251 0.102572262 -0.005537385 0.999983311 0.001658738 -0.240706429 -0.042230491 -0.001891134 0.999106050 13.026238441
0.999026000 0.007174903 0.043536931 0.107875854 -0.007181566 0.999974191 -0.000003336 -0.245503038 -0.043535836 -0.000309331 0.999051750 13.181815147
0.998944461 0.006039280 0.045536011 0.116685100 -0.005971313 0.999980807 -0.001628448 -0.253074497 -0.045544971 0.001354819 0.998961329 13.331601143
0.998881996 0.004701266 0.047037140 0.124963067 -0.004565590 0.999985099 -0.002991436 -0.255134940 -0.047050498 0.002773340 0.998888671 13.471190453
0.998819768 0.003899761 0.048412569 0.131585687 -0.003711072 0.999985158 -0.003986770 -0.257950783 -0.048427396 0.003802403 0.998819470 13.608914375
0.998742044 0.004831362 0.049909513 0.137794256 -0.004567490 0.999975085 -0.005399674 -0.260815769 -0.049934350 0.005164920 0.998739243 13.742591858
0.998680532 0.005262927 0.051082630 0.145353109 -0.004904461 0.999962509 -0.007140202 -0.268412530 -0.051118292 0.006880248 0.998668849 13.864080429
0.998630285 0.005566176 0.052025892 0.152531490 -0.005077799 0.999941826 -0.009514689 -0.269418150 -0.052075826 0.009237478 0.998600364 13.989954948
0.998602688 0.004989840 0.052609179 0.162458137 -0.004372767 0.999920368 -0.011837959 -0.272902757 -0.052664056 0.011591370 0.998544991 14.118030548
0.998621702 0.004114317 0.052323587 0.165169060 -0.003407859 0.999901950 -0.013583778 -0.277847141 -0.052374348 0.013386746 0.998537779 14.239812851
0.998734832 0.003448892 0.050167870 0.173189998 -0.002704413 0.999885380 -0.014900083 -0.280568689 -0.050213501 0.014745557 0.998629630 14.364306450
0.998878360 0.003813999 0.047197785 0.178357512 -0.003070610 0.999870300 -0.015812999 -0.282678068 -0.047251973 0.015650336 0.998760343 14.497293472
0.999058425 0.004303283 0.043170605 0.175595224 -0.003564292 0.999846041 -0.017180320 -0.282902062 -0.043237887 0.017010270 0.998920023 14.617196083
0.999284863 0.004190886 0.037580408 0.171233088 -0.003505017 0.999826372 -0.018298060 -0.287486792 -0.037650574 0.018153254 0.999126017 14.739253044
0.999524951 0.003904339 0.030570796 0.173535958 -0.003332972 0.999819219 -0.018718665 -0.294781148 -0.030638348 0.018607879 0.999357283 14.860800743
0.999717593 0.004219145 0.023384882 0.168790564 -0.003760959 0.999800742 -0.019602695 -0.295501590 -0.023462927 0.019509211 0.999534309 14.985827446
0.999880493 0.003555436 0.015043353 0.166137293 -0.003249574 0.999788523 -0.020307848 -0.299601316 -0.015112372 0.020256540 0.999680519 15.118454933
0.999981463 0.002733798 0.005427727 0.150325373 -0.002615708 0.999762297 -0.021645907 -0.302184433 -0.005485609 0.021631310 0.999750972 15.249702454
0.999967992 0.001306742 -0.007897210 0.146962881 -0.001489579 0.999729872 -0.023190662 -0.305215538 0.007864773 0.023201680 0.999699831 15.401211739
0.999715924 0.000484874 -0.023824537 0.123478025 -0.001086966 0.999680161 -0.025265465 -0.307701737 0.023804676 0.025284186 0.999396801 15.554158211
0.999066949 0.000817413 -0.043178815 0.097084999 -0.001952956 0.999653101 -0.026262974 -0.310297191 0.043142367 0.026322797 0.998722136 15.732500076
0.997895360 0.002243437 -0.064805537 0.059059903 -0.003929367 0.999656796 -0.025899485 -0.314862818 0.064725190 0.026099624 0.997561693 15.910145760
0.996068060 0.002486868 -0.088555038 0.022681337 -0.004652122 0.999695003 -0.024252953 -0.324842721 0.088467717 0.024569562 0.995775938 16.112668991
0.993353903 0.003266175 -0.115053646 -0.025880668 -0.005952564 0.999717355 -0.023013184 -0.329416037 0.114945985 0.023545098 0.993092597 16.326349258
0.989433885 0.004277150 -0.144921258 -0.097418703 -0.007324478 0.999762952 -0.020500442 -0.340901345 0.144799247 0.021345302 0.989230752 16.553007126
0.984021306 0.004454991 -0.177995503 -0.172400579 -0.007645918 0.999822021 -0.017245082 -0.343212545 0.177886978 0.018330466 0.983880162 16.797893524
0.976634979 0.005460972 -0.214835614 -0.260244071 -0.008510337 0.999875724 -0.013271536 -0.348966211 0.214736462 0.014789767 0.976559997 17.055679321
0.967007637 0.007052243 -0.254649520 -0.362664104 -0.009374944 0.999924779 -0.007908637 -0.354868442 0.254574597 0.010035035 0.967001081 17.311500549
0.955149472 0.010752350 -0.295928925 -0.487266302 -0.012200776 0.999920905 -0.003048249 -0.357689321 0.295872748 0.006522095 0.955205083 17.582742691
0.941036522 0.014313611 -0.338001817 -0.628440201 -0.014781192 0.999890029 0.001190512 -0.359802455 0.337981701 0.003875754 0.941144705 17.855390549
0.924355507 0.016908249 -0.381157607 -0.771931231 -0.015376528 0.999856770 0.007063878 -0.365031451 0.381222486 -0.000668654 0.924483120 18.120477676
0.904973090 0.020252435 -0.424986660 -0.937354863 -0.015390901 0.999770880 0.014869751 -0.371988595 0.425190508 -0.006915795 0.905077457 18.403455734
0.883135319 0.024197785 -0.468493879 -1.110743880 -0.016151877 0.999644995 0.021184701 -0.367199540 0.468840241 -0.011141904 0.883212686 18.666233063
0.858502030 0.030235723 -0.511917949 -1.332510829 -0.019671621 0.999467254 0.026042234 -0.372049242 0.512432575 -0.012287057 0.858639538 18.949249268
0.830375552 0.033148106 -0.556217253 -1.558161974 -0.020309199 0.999366164 0.029238271 -0.366807938 0.556833863 -0.012982420 0.830522418 19.225286484
0.799646199 0.037263088 -0.599314153 -1.806716561 -0.022947310 0.999239981 0.031511080 -0.367709100 0.600032806 -0.011445071 0.799893498 19.482648849
0.765396953 0.040399272 -0.642289281 -2.079153776 -0.023764543 0.999121249 0.034524105 -0.359538645 0.643119633 -0.011160933 0.765684426 19.765823364
0.728479505 0.044127218 -0.683644950 -2.390859604 -0.024816124 0.998968124 0.038036775 -0.342466772 0.684617996 -0.010743598 0.728822887 20.045000076
0.689939439 0.043838900 -0.722538412 -2.720617533 -0.021434648 0.998963952 0.040143017 -0.316864312 0.723549724 -0.012208896 0.690164328 20.300861359
0.648769855 0.043749176 -0.759726048 -3.070536375 -0.019049384 0.998966873 0.041258700 -0.302299619 0.760746241 -0.012295088 0.648932993 20.560855865
0.606908381 0.042832453 -0.793616831 -3.455470562 -0.013349216 0.998955131 0.043706171 -0.294792831 0.794659734 -0.015931480 0.606845975 20.800687790
0.561437666 0.042600278 -0.826421797 -3.861784935 -0.008733877 0.998923421 0.045558922 -0.275866330 0.827472925 -0.018360628 0.561205328 21.053861618
0.515386999 0.044138744 -0.855820060 -4.277782917 -0.006468112 0.998844564 0.047620013 -0.256273746 0.856933177 -0.019007193 0.515076935 21.257446289
0.465210557 0.043498654 -0.884130716 -4.731028557 -0.005328493 0.998911381 0.046342053 -0.230916604 0.885183990 -0.016847726 0.464935899 21.457262039
0.413422912 0.042879511 -0.909528971 -5.217471123 0.000428641 0.998881280 0.047286838 -0.217624664 0.910539031 -0.019939322 0.412941992 21.640573502
0.358941764 0.041649621 -0.932430208 -5.728014469 0.005497395 0.998892188 0.046734568 -0.192267999 0.933343828 -0.021900926 0.358315229 21.820838928
0.305541068 0.040707137 -0.951308370 -6.242247581 0.008193543 0.998936355 0.045376781 -0.171295151 0.952143669 -0.021659056 0.304882556 21.949762344
0.252356410 0.046183936 -0.966531575 -6.801905632 0.009029525 0.998704433 0.050078820 -0.138486803 0.967592299 -0.021365035 0.251612425 22.055505753
0.200547755 0.051849272 -0.978311002 -7.398050308 0.011584496 0.998403192 0.055288889 -0.116115868 0.979615450 -0.022421306 0.199626923 22.151140213
0.152814940 0.052901983 -0.986837864 -7.980831146 0.017290032 0.998270273 0.056192260 -0.090328261 0.988103569 -0.025649475 0.151635960 22.213237762
0.108267926 0.054255866 -0.992640078 -8.595534325 0.019838078 0.998192787 0.056723122 -0.068355620 0.993923843 -0.025833366 0.106995925 22.256860733
0.068193316 0.052571114 -0.996286094 -9.233827591 0.019705681 0.998344898 0.054028556 -0.039657988 0.997477472 -0.023316879 0.067044519 22.267501831
0.032731831 0.048284363 -0.998297155 -9.869716644 0.017287245 0.998655617 0.048868507 -0.007531494 0.999314666 -0.018857364 0.031853124 22.263990402
0.004579663 0.048167307 -0.998828769 -10.545986176 0.014881412 0.998725355 0.048230555 0.028893003 0.999878764 -0.015084865 0.003857031 22.238088608
-0.016908919 0.052428361 -0.998481512 -11.249040604 0.013867336 0.998540521 0.052196622 0.058425732 0.999760866 -0.012963687 -0.017611284 22.217817307
-0.029692393 0.058232084 -0.997861385 -11.973152161 0.014991292 0.998215199 0.057806645 0.094648950 0.999446690 -0.013242813 -0.030512374 22.182203293
-0.037829611 0.061037675 -0.997418344 -12.719362259 0.014955197 0.998055577 0.060509458 0.125113234 0.999172270 -0.012627539 -0.038668890 22.151165009
-0.041350886 0.058231164 -0.997446299 -13.478925705 0.015949572 0.998211503 0.057614610 0.160010755 0.999017417 -0.013526427 -0.042205680 22.111278534
-0.040632144 0.054277834 -0.997698903 -14.259901047 0.023260895 0.998304129 0.053363457 0.197003439 0.998903394 -0.021039095 -0.041825790 22.083389282
-0.036591489 0.052722048 -0.997938573 -15.071635246 0.035276514 0.998053133 0.051434610 0.241966978 0.998707473 -0.033321731 -0.038380101 22.070257187
-0.030863805 0.052709285 -0.998132825 -15.894312859 0.035617124 0.998032391 0.051602643 0.280001938 0.998888791 -0.033957973 -0.032680433 22.045358658
-0.025833957 0.051588088 -0.998334229 -16.750213623 0.033898372 0.998138428 0.050700773 0.309240311 0.999091327 -0.032532103 -0.027534617 22.019536972
-0.022958929 0.044976205 -0.998724103 -17.622737885 0.037492801 0.998323500 0.044096265 0.350022018 0.999033093 -0.036432564 -0.024606720 22.012519836
-0.020609539 0.034222763 -0.999201715 -18.502656937 0.035142552 0.998821199 0.033484880 0.384671867 0.999169767 -0.034424379 -0.021787923 21.989072800
-0.020044565 0.025874371 -0.999464214 -19.407241821 0.027468385 0.999302030 0.025319282 0.409268945 0.999421656 -0.026946148 -0.020741299 21.953741074
-0.021133855 0.022942064 -0.999513388 -20.325502396 0.021817638 0.999509215 0.022480655 0.436282098 0.999538600 -0.021331910 -0.021624025 21.915752411
-0.024773359 0.029267585 -0.999264598 -21.274747849 0.012754213 0.999499261 0.028958261 0.451451004 0.999611735 -0.012027440 -0.025134243 21.878871918
-0.029726140 0.037483845 -0.998855054 -22.240543365 0.008221474 0.999272048 0.037254818 0.475502998 0.999524236 -0.007104620 -0.030012675 21.832141876
-0.034247275 0.047191981 -0.998298585 -23.210851669 0.006718026 0.998872876 0.046988662 0.505997419 0.999390841 -0.005097361 -0.034525715 21.784616470
-0.036066961 0.056950878 -0.997725308 -24.251045227 0.005157959 0.998372197 0.056801356 0.551808178 0.999336064 -0.003097573 -0.036302004 21.749628067
-0.037094217 0.064620927 -0.997220159 -25.270338058 0.007130600 0.997898757 0.064399645 0.599172592 0.999286294 -0.004721925 -0.037477050 21.710866928
-0.038801972 0.065410383 -0.997103751 -26.298963547 0.007965251 0.997843742 0.065148965 0.652746201 0.999215186 -0.005414273 -0.039239313 21.669837952
-0.040112086 0.062674545 -0.997227728 -27.289201736 0.006682968 0.998025298 0.062455870 0.700605512 0.999172866 -0.004159206 -0.040451724 21.618095398
-0.042827461 0.057640377 -0.997418463 -28.308589935 0.006290942 0.998330057 0.057422943 0.749794304 0.999062717 -0.003815423 -0.043118555 21.567628860
-0.047273953 0.052482538 -0.997502327 -29.329849243 0.006352919 0.998614371 0.052239969 0.793184757 0.998861790 -0.003867462 -0.047541864 21.508644104
-0.052852180 0.047940008 -0.997450948 -30.358425140 0.006404332 0.998842716 0.047667552 0.834050357 0.998581827 -0.003868673 -0.053098030 21.448707581
-0.059401784 0.046185691 -0.997165143 -31.381189346 0.005528364 0.998929024 0.045938056 0.872594953 0.998218894 -0.002783889 -0.059593488 21.370290756
-0.066305980 0.048522253 -0.996618867 -32.431755066 0.005862019 0.998818517 0.048239350 0.915225208 0.997782052 -0.002643641 -0.066512078 21.299703598
-0.072469413 0.053267229 -0.995947182 -33.498291016 0.004181607 0.998580158 0.053103779 0.956870615 0.997361839 -0.000316260 -0.072589256 21.211692810
-0.078912511 0.056114279 -0.995301008 -34.561534882 0.001088833 0.998418629 0.056203734 0.998177111 0.996880949 0.003351462 -0.078848824 21.121871948
-0.083424211 0.058397092 -0.994801521 -35.614883423 -0.001906272 0.998270273 0.058760568 1.045990229 0.996512294 0.006798416 -0.083168581 21.021148682
-0.086044446 0.059679937 -0.994502246 -36.690490723 -0.006564068 0.998148561 0.060466681 1.096564531 0.996269703 0.011730802 -0.085493416 20.915384293
-0.087636843 0.061108150 -0.994276404 -37.763771057 -0.010686772 0.998001516 0.062279046 1.146059752 0.996095181 0.016083542 -0.086808667 20.810506821
-0.088830486 0.060390845 -0.994214237 -38.831966400 -0.011651508 0.998028934 0.061663587 1.197646737 0.995978594 0.017061697 -0.087951742 20.696872711
-0.090121187 0.059760839 -0.994136155 -39.915351868 -0.012067285 0.998059213 0.061090600 1.247688770 0.995857716 0.017502083 -0.089225136 20.587257385
-0.091350235 0.058730692 -0.994085371 -41.001346588 -0.013125187 0.998101532 0.060174085 1.302692175 0.995732307 0.018544473 -0.090405971 20.488895416
-0.092028230 0.057776548 -0.994078755 -42.090709686 -0.015427482 0.998112619 0.059439227 1.356211066 0.995636880 0.020806221 -0.090963200 20.374378204
-0.092570826 0.055687733 -0.994147599 -43.159408569 -0.020296277 0.998121858 0.057800256 1.395664811 0.995499134 0.025528116 -0.091266729 20.261287689
-0.093262166 0.050575852 -0.994356155 -44.253261566 -0.024802702 0.998281002 0.053101763 1.443499804 0.995332539 0.029615106 -0.091847450 20.156051636
-0.092137612 0.049905699 -0.994494915 -45.356510162 -0.026705977 0.998260081 0.052568894 1.494336963 0.995388091 0.031402528 -0.090644524 20.040513992
-0.090953372 0.054137889 -0.994382501 -46.477443695 -0.026981717 0.998020709 0.056803908 1.536625504 0.995489538 0.031996656 -0.089312628 19.942813873
-0.089122310 0.057400167 -0.994365335 -47.583316803 -0.027159330 0.997826755 0.060034201 1.582370877 0.995650291 0.032356679 -0.087369688 19.837505341
-0.087285258 0.056913666 -0.994556248 -48.689273834 -0.025463087 0.997913063 0.059340477 1.638194561 0.995857835 0.030504026 -0.085653901 19.730466843
-0.084965833 0.055853918 -0.994817138 -49.824180603 -0.025410021 0.997981429 0.058201808 1.695365310 0.996059835 0.030223489 -0.083375067 19.636079788
-0.080634974 0.056411747 -0.995146096 -50.937698364 -0.029737849 0.997816622 0.058972735 1.746895552 0.996299982 0.034348767 -0.078781351 19.530815125
-0.074724436 0.057195410 -0.995562613 -52.074928284 -0.034930088 0.997590959 0.059933711 1.800468683 0.996592283 0.039253600 -0.072546579 19.425134659
-0.068950050 0.056651536 -0.996010244 -53.195735931 -0.038630206 0.997485936 0.059409693 1.853963494 0.996871948 0.042572387 -0.066588238 19.338769913
-0.063103437 0.055757731 -0.996448219 -54.345611572 -0.040136062 0.997488558 0.058357704 1.912788749 0.997199595 0.043676071 -0.060707062 19.255517960
-0.056951329 0.054867819 -0.996868134 -55.478363037 -0.039883036 0.997566640 0.057184789 1.966054440 0.997579992 0.043014877 -0.054624446 19.184083939
-0.051799066 0.054292452 -0.997180641 -56.628582001 -0.038516309 0.997669578 0.056319814 2.022415638 0.997914493 0.041325029 -0.049587205 19.117223740
-0.046482701 0.054947443 -0.997406721 -57.765632629 -0.037532497 0.997684836 0.056711912 2.071616173 0.998213768 0.040071286 -0.044312771 19.062921524
-0.040670168 0.056801319 -0.997556746 -58.943523407 -0.036457341 0.997633636 0.058292050 2.116945505 0.998507261 0.038739014 -0.038503099 19.017803192
-0.035145566 0.058050148 -0.997694850 -60.095050812 -0.037033219 0.997550189 0.059346307 2.168232203 0.998695791 0.039033603 -0.032909684 18.975517273
-0.030564724 0.057349578 -0.997886121 -61.265541077 -0.036526520 0.997621596 0.058453161 2.217231989 0.998865128 0.038235914 -0.028397249 18.946779251
-0.025427500 0.052758243 -0.998283505 -62.420829773 -0.036787350 0.997880578 0.053673975 2.265006065 0.998999596 0.038088996 -0.023432774 18.905866623
-0.021070633 0.047267281 -0.998659968 -63.571788788 -0.036740694 0.998170376 0.048019301 2.310394049 0.999102712 0.037703250 -0.019295450 18.881076813
-0.016988618 0.047444168 -0.998729408 -64.751831055 -0.036115002 0.998192608 0.048032999 2.343909264 0.999203265 0.036885131 -0.015244468 18.846206665
-0.014314353 0.049895369 -0.998651862 -65.923126221 -0.035403017 0.998102665 0.050375380 2.380304337 0.999270558 0.036076382 -0.012520747 18.840894699
-0.011912721 0.049430359 -0.998706579 -67.093299866 -0.035949714 0.998110473 0.049829684 2.425658464 0.999282658 0.036496826 -0.010113204 18.816753387
-0.011129174 0.049319208 -0.998721063 -68.252944946 -0.037758082 0.998049915 0.049706824 2.469090223 0.999224961 0.038262997 -0.009245273 18.800376892
-0.010413211 0.050277192 -0.998681009 -69.456275940 -0.038440142 0.997976780 0.050642561 2.509382486 0.999206603 0.038916796 -0.008459479 18.785808563
-0.009318513 0.049836155 -0.998713911 -70.632690430 -0.039052110 0.997977197 0.050163772 2.550600052 0.999193728 0.039469343 -0.007353456 18.769008636
-0.008302182 0.048000496 -0.998812795 -71.801879883 -0.039043952 0.998070002 0.048289333 2.586453438 0.999203026 0.039398506 -0.006412028 18.751726151
-0.007649572 0.046833076 -0.998873413 -73.014533997 -0.037398037 0.998190403 0.047087453 2.627310991 0.999271154 0.037716102 -0.005884263 18.742931366
-0.007118296 0.046537545 -0.998891115 -74.201866150 -0.034400690 0.998313785 0.046755791 2.668624878 0.999382794 0.034695365 -0.005505370 18.731859207
-0.006862447 0.047480375 -0.998848617 -75.376289368 -0.032191586 0.998343885 0.047677550 2.701787710 0.999458134 0.032481696 -0.005322614 18.723424911
-0.006793196 0.050237384 -0.998714268 -76.563217163 -0.031856470 0.998219490 0.050429188 2.740942717 0.999469399 0.032158080 -0.005180714 18.710477829
-0.006588102 0.053786658 -0.998530805 -77.746955872 -0.033786509 0.997970343 0.053979386 2.782419205 0.999407291 0.034092490 -0.004757468 18.703104019
-0.006466475 0.053828686 -0.998529196 -78.940597534 -0.036261540 0.997880757 0.054028559 2.828215122 0.999321401 0.036557574 -0.004500860 18.695524216
-0.006105760 0.051497787 -0.998654425 -80.116432190 -0.037550014 0.997956872 0.051691402 2.874771357 0.999276042 0.037815098 -0.004159543 18.681510925
-0.005308426 0.049406473 -0.998764694 -81.297485352 -0.037219554 0.998076856 0.049570274 2.912479401 0.999292970 0.037436709 -0.003459331 18.657939911
-0.006110022 0.048658613 -0.998796701 -82.486701965 -0.034851044 0.998198271 0.048842657 2.952144384 0.999373853 0.035107538 -0.004403211 18.660448074
-0.006094429 0.050002355 -0.998730481 -83.662414551 -0.033552907 0.998176515 0.050179366 2.993013144 0.999418378 0.033816125 -0.004405591 18.652755737
-0.005141538 0.052812353 -0.998591244 -84.847724915 -0.032605253 0.998064518 0.052952383 3.035738468 0.999455094 0.032831576 -0.003409626 18.632106781
-0.004927704 0.055359438 -0.998454332 -86.015533447 -0.033207320 0.997906685 0.055492971 3.072210789 0.999436259 0.033429444 -0.003079050 18.625186920
-0.004623593 0.055460103 -0.998450160 -87.179092407 -0.034656916 0.997852206 0.055587374 3.117098093 0.999388516 0.034860220 -0.002691585 18.611171722
-0.005085242 0.053624250 -0.998548329 -88.356895447 -0.034108549 0.997970819 0.053766940 3.157999039 0.999405146 0.034332450 -0.003245878 18.606151581
-0.004132759 0.052190300 -0.998628616 -89.532226562 -0.033393826 0.998072982 0.052299459 3.198761940 0.999433696 0.033564180 -0.002381961 18.594285965
-0.004118316 0.053270373 -0.998571694 -90.694427490 -0.031758014 0.998069525 0.053374562 3.239699125 0.999487102 0.031932473 -0.002418604 18.585926056
-0.003701752 0.055910449 -0.998428881 -91.868644714 -0.029703427 0.997989058 0.055995945 3.290725708 0.999551773 0.029864050 -0.002033576 18.572519302
-0.003830743 0.058391545 -0.998286426 -93.030273438 -0.027683282 0.997904897 0.058475465 3.335444450 0.999609411 0.027859848 -0.002206247 18.576601028
-0.003573426 0.060429636 -0.998166084 -94.200592041 -0.028316073 0.997766137 0.060506791 3.379669428 0.999592662 0.028480364 -0.001854313 18.567863464
-0.003363022 0.062211167 -0.998057306 -95.362075806 -0.031140579 0.997572422 0.062285878 3.433175802 0.999509394 0.031289551 -0.001417567 18.555511475
-0.002452950 0.061545689 -0.998101234 -96.524093628 -0.033143945 0.997550845 0.061593216 3.480036736 0.999447584 0.033232093 -0.000407075 18.540344238
-0.002559082 0.056955144 -0.998373449 -97.676689148 -0.035465013 0.997743547 0.057010110 3.536255836 0.999367654 0.035553217 -0.000533393 18.527957916
-0.001940568 0.055505175 -0.998456478 -98.834877014 -0.036897179 0.997774541 0.055538978 3.583076239 0.999317229 0.036948003 0.000111735 18.512475967
-0.001743296 0.053808711 -0.998549759 -100.002998352 -0.036370762 0.997887194 0.053836506 3.623577833 0.999336839 0.036411874 0.000217451 18.511701584
-0.001581589 0.054346234 -0.998520970 -101.169807434 -0.035279974 0.997897446 0.054368190 3.668486595 0.999376237 0.035313778 0.000339070 18.511138916
-0.001682226 0.056265678 -0.998414397 -102.312652588 -0.035388459 0.997787118 0.056289960 3.714441776 0.999372244 0.035427045 0.000312653 18.501213074
-0.001842838 0.058332067 -0.998295546 -103.484146118 -0.034067683 0.997714102 0.058360979 3.762671471 0.999417901 0.034117166 0.000148614 18.500551224
-0.002352890 0.057211474 -0.998359323 -104.634475708 -0.038065378 0.997633398 0.057259593 3.812100172 0.999272466 0.038137648 -0.000169545 18.488307953
-0.002417897 0.058473498 -0.998286009 -105.803100586 -0.041534744 0.997421563 0.058523469 3.864388227 0.999134064 0.041605055 0.000017019 18.474681854
-0.002637209 0.057721350 -0.998329222 -106.978363037 -0.045094155 0.997310221 0.057781558 3.915827751 0.998979270 0.045171194 -0.000027220 18.456398010
-0.003262924 0.053570349 -0.998558760 -108.153320312 -0.046119932 0.997493386 0.053663898 3.969082832 0.998930633 0.046228565 -0.000784085 18.453813553
-0.003370894 0.049997002 -0.998743653 -109.328300476 -0.045848459 0.997691274 0.050099056 4.007561207 0.998942733 0.045959733 -0.001070827 18.436424255
-0.004443673 0.049075626 -0.998785138 -110.525314331 -0.042439405 0.997885823 0.049220253 4.052709579 0.999089241 0.042606562 -0.002351539 18.429325104
-0.004901905 0.048506465 -0.998810768 -111.705390930 -0.038057808 0.998090148 0.048658237 4.091771126 0.999263525 0.038251068 -0.003046494 18.432283401
-0.004929520 0.050171990 -0.998728395 -112.916671753 -0.037001494 0.998047471 0.050320409 4.141249657 0.999303102 0.037202500 -0.003063456 18.417497635
-0.005963002 0.054341231 -0.998504579 -114.142456055 -0.035903655 0.997866929 0.054520939 4.175551414 0.999337494 0.036175076 -0.003999233 18.406551361
-0.006549647 0.054416209 -0.998496771 -115.373703003 -0.034493826 0.997911751 0.054610580 4.236274719 0.999383450 0.034799658 -0.004658947 18.398447037
-0.007587007 0.049921565 -0.998724222 -116.593818665 -0.034245301 0.998154223 0.050153222 4.286329269 0.999384642 0.034582131 -0.005863424 18.388032913
-0.007922205 0.046054129 -0.998907566 -117.831237793 -0.034582101 0.998328686 0.046301708 4.330866814 0.999370456 0.034911137 -0.006316317 18.368959427
-0.008481486 0.044949900 -0.998953223 -119.076026917 -0.034010902 0.998398185 0.045213696 4.372934818 0.999385417 0.034358785 -0.006939115 18.355237961
-0.009183678 0.045955606 -0.998901188 -120.317077637 -0.035922904 0.998283446 0.046257440 4.419302940 0.999312341 0.036308248 -0.007517056 18.335363388
-0.009403525 0.051175691 -0.998645425 -121.586074829 -0.040709704 0.997842073 0.051517855 4.457646847 0.999126732 0.041139010 -0.007299887 18.312498093
-0.009813377 0.054223735 -0.998480558 -122.846542358 -0.046362091 0.997430146 0.054622352 4.507185936 0.998876512 0.046827685 -0.007274233 18.277496338
-0.009801133 0.053893439 -0.998498559 -124.107917786 -0.053547744 0.997085452 0.054342788 4.561784744 0.998517215 0.053999975 -0.006886696 18.247123718
-0.008712251 0.051415425 -0.998639345 -125.363250732 -0.057426676 0.997003317 0.051832188 4.616517067 0.998311758 0.057800118 -0.005733526 18.206766129
-0.010072927 0.050460797 -0.998675227 -126.627418518 -0.059397653 0.996932209 0.050971817 4.662477970 0.998183548 0.059832409 -0.007044772 18.196685791
-0.011044470 0.049585674 -0.998708785 -127.890167236 -0.059103359 0.996991158 0.050154004 4.705369949 0.998190761 0.059580974 -0.008080559 18.180988312
-0.010925317 0.049250349 -0.998726726 -129.166198730 -0.057330616 0.997112453 0.049797904 4.744595528 0.998295486 0.057801679 -0.008070217 18.156795502
-0.011327977 0.049903929 -0.998689711 -130.419113159 -0.057523899 0.997067273 0.050475333 4.786985874 0.998279929 0.058020312 -0.008424086 18.138683319
-0.012164943 0.054968268 -0.998413980 -131.676025391 -0.057438593 0.996800780 0.055579297 4.831895828 0.998274922 0.058023613 -0.008968723 18.120723724
-0.012639634 0.059169214 -0.998167932 -132.959869385 -0.056581717 0.996605814 0.059793103 4.883694172 0.998317957 0.057233822 -0.009248839 18.099805832
-0.012560382 0.058077455 -0.998233080 -134.213150024 -0.056564745 0.996671975 0.058698364 4.933229923 0.998319864 0.057202071 -0.009233442 18.073263168
-0.011984047 0.056238011 -0.998345494 -135.461486816 -0.056568738 0.996780038 0.056828883 4.988703251 0.998326778 0.057156190 -0.008764145 18.057889938
-0.010571249 0.055622734 -0.998395920 -136.711547852 -0.055498518 0.996879995 0.056125909 5.041186333 0.998402774 0.056002814 -0.007451288 18.035263062
-0.010073703 0.054595537 -0.998457730 -137.953887939 -0.055635642 0.996931016 0.055073388 5.087393761 0.998400390 0.056104623 -0.007005329 18.025999069
-0.008985869 0.057056859 -0.998330474 -139.217514038 -0.056029737 0.996773601 0.057472188 5.135877609 0.998388648 0.056452632 -0.005759997 18.008512497
-0.008495783 0.060747076 -0.998117030 -140.463165283 -0.057063863 0.996497095 0.061134186 5.187188625 0.998334348 0.057475805 -0.004999559 17.992422104
-0.006921792 0.061558731 -0.998079479 -141.716796875 -0.058623884 0.996361732 0.061859347 5.245971680 0.998256147 0.058939476 -0.003287797 17.971458435
-0.005821437 0.059018109 -0.998239875 -142.979797363 -0.060754515 0.996391833 0.059263151 5.294578075 0.998135686 0.060992572 -0.002214816 17.957193375
-0.005777600 0.056198094 -0.998402894 -144.221740723 -0.059229754 0.996647418 0.056442033 5.344826221 0.998227596 0.059461258 -0.002429632 17.946937561
-0.005636762 0.054659136 -0.998489082 -145.460479736 -0.056391742 0.996898830 0.054890417 5.388566971 0.998392820 0.056615952 -0.002536956 17.941062927
-0.006396461 0.053865988 -0.998527646 -146.692047119 -0.054429311 0.997049034 0.054134894 5.434495926 0.998497128 0.054695439 -0.003445697 17.936960220
-0.006459444 0.054539554 -0.998490691 -147.920883179 -0.052329198 0.997125030 0.054803491 5.475628376 0.998609066 0.052604213 -0.003586861 17.928476334
-0.006359231 0.052959014 -0.998576462 -149.163894653 -0.050643839 0.997298062 0.053213734 5.530000687 0.998696506 0.050910149 -0.003660000 17.918014526
-0.006216655 0.052673526 -0.998592436 -150.404312134 -0.049673770 0.997362614 0.052917894 5.582307816 0.998746157 0.049932826 -0.003583767 17.904649734
-0.006554961 0.055667270 -0.998427868 -151.634796143 -0.047771227 0.997291982 0.055917565 5.627764702 0.998836815 0.048062664 -0.003877916 17.898363113
-0.006525415 0.056785285 -0.998365104 -152.873031616 -0.045335468 0.997343004 0.057023466 5.682541370 0.998950481 0.045633450 -0.003933690 17.886571884
-0.006347638 0.055249736 -0.998452365 -154.101547241 -0.043222297 0.997524261 0.055473164 5.733405113 0.999045372 0.043507528 -0.003943902 17.871644974
-0.007424342 0.055812906 -0.998413563 -155.329864502 -0.043720804 0.997468293 0.056085169 5.776430607 0.999016225 0.044067837 -0.004965360 17.863656998
-0.007272467 0.060214140 -0.998158991 -156.560699463 -0.044657111 0.997169971 0.060479842 5.833184719 0.998975933 0.045014735 -0.004562897 17.849311829
-0.006564255 0.066964313 -0.997733712 -157.794265747 -0.049600460 0.996505380 0.067208193 5.885057926 0.998747587 0.049929224 -0.003219855 17.829351425
-0.005693445 0.067331158 -0.997714460 -159.044876099 -0.053862747 0.996261477 0.067540467 5.939454556 0.998532116 0.054124177 -0.002045519 17.814516068
-0.004407482 0.063179508 -0.997992456 -160.274108887 -0.057763260 0.996319652 0.063328713 6.003133774 0.998320580 0.057926420 -0.000741807 17.792568207
-0.002403181 0.058467306 -0.998286366 -161.491088867 -0.059304647 0.996523917 0.058506839 6.045793056 0.998236954 0.059343629 0.001072556 17.776977539
-0.002211756 0.057040628 -0.998369396 -162.710159302 -0.061871428 0.996451259 0.057068102 6.095613480 0.998081625 0.061896753 0.001325277 17.771924973
-0.000441199 0.053807538 -0.998551250 -163.910537720 -0.056917891 0.996931195 0.053745382 6.138851166 0.998378694 0.056859143 0.002622766 17.775915146
-0.000033512 0.049068287 -0.998795390 -165.127151489 -0.053838331 0.997346759 0.048998915 6.190329075 0.998549581 0.053775124 0.002608332 17.768880844
-0.000516286 0.045541324 -0.998962283 -166.357284546 -0.047552489 0.997831225 0.045514341 6.231305122 0.998868585 0.047526635 0.001650437 17.773616791
-0.001591991 0.048596203 -0.998817205 -167.584625244 -0.045495644 0.997780681 0.048618291 6.273850918 0.998963237 0.045519233 0.000622458 17.770215988
-0.000997079 0.054853436 -0.998493969 -168.817504883 -0.046133049 0.997428894 0.054840989 6.318536758 0.998934805 0.046118259 0.001536041 17.764110565
0.000450706 0.058380857 -0.998294294 -170.020431519 -0.047626793 0.997162759 0.058293175 6.360574722 0.998865128 0.047519289 0.003229921 17.763229370
0.002092580 0.055010404 -0.998483658 -171.234741211 -0.048673347 0.997307897 0.054843619 6.411548138 0.998812556 0.048484780 0.004764488 17.758125305
0.002901634 0.055575419 -0.998450339 -172.462097168 -0.051011041 0.997162640 0.055355519 6.461681843 0.998693883 0.050771359 0.005728362 17.753002167
0.004013908 0.056204662 -0.998411179 -173.664871216 -0.049408495 0.997210860 0.055938456 6.508447647 0.998770595 0.049105447 0.006779700 17.755176544
0.004236124 0.053752683 -0.998545289 -174.870330811 -0.049399044 0.997346401 0.053478569 6.561214447 0.998770118 0.049100641 0.006880214 17.761146545
0.006527076 0.052514493 -0.998598754 -176.068023682 -0.049729455 0.997401536 0.052126482 6.601040840 0.998741388 0.049319550 0.009121633 17.756725311
0.007612856 0.054230370 -0.998499393 -177.231384277 -0.050704140 0.997264802 0.053776730 6.642843246 0.998684704 0.050218660 0.010341736 17.771305084
0.009386280 0.056406252 -0.998363793 -178.350418091 -0.050802741 0.997145236 0.055859774 6.672221184 0.998664618 0.050195299 0.012225077 17.763404846
0.009786938 0.057827428 -0.998278677 -179.437561035 -0.051780079 0.997016311 0.057246666 6.706673622 0.998610556 0.051130682 0.012752046 17.768598557
0.010195933 0.059330609 -0.998186290 -180.522521973 -0.052060883 0.996915817 0.058723327 6.736467361 0.998591840 0.051367719 0.013253292 17.770469666
0.009824639 0.059994441 -0.998150289 -181.571975708 -0.051214021 0.996918678 0.059416316 6.777694225 0.998639405 0.050535545 0.012866923 17.782775879
0.010561105 0.059425354 -0.998176813 -182.587631226 -0.051788460 0.996925294 0.058802910 6.809362888 0.998602211 0.051073015 0.013606180 17.784551620
0.011948873 0.059620328 -0.998149633 -183.569869995 -0.052472278 0.996882856 0.058916520 6.839930058 0.998550832 0.051671200 0.015040042 17.796424866
0.013191488 0.060254555 -0.998095870 -184.529586792 -0.053409204 0.996800244 0.059470449 6.875088215 0.998485565 0.052523006 0.016367422 17.806041718
0.012897032 0.058614321 -0.998197317 -185.465545654 -0.052124161 0.996962547 0.057868358 6.905969143 0.998557270 0.051283874 0.015913079 17.811424255
0.009492274 0.055751748 -0.998399556 -186.395950317 -0.049572125 0.997243106 0.055215865 6.934324741 0.998725414 0.048968658 0.012229837 17.821578979
0.004414523 0.052130871 -0.998630524 -187.326873779 -0.049297348 0.997437358 0.051850662 6.966326714 0.998774409 0.049000941 0.006973123 17.820611954
-0.000393475 0.049154397 -0.998791039 -188.245498657 -0.051008947 0.997489989 0.049110454 6.996162415 0.998698115 0.050966606 0.002114827 17.814556122
-0.004226801 0.048295408 -0.998824120 -189.174148560 -0.053192802 0.997408152 0.048452031 7.031402111 0.998575270 0.053335052 -0.001646878 17.801895142
-0.007061312 0.049211700 -0.998763323 -190.096252441 -0.054514602 0.997284055 0.049524225 7.055244446 0.998488009 0.054796893 -0.004359378 17.787446976
-0.009134782 0.051017724 -0.998655975 -191.011306763 -0.053648952 0.997234225 0.051435824 7.084147453 0.998518050 0.054046694 -0.006372469 17.778165817
-0.010667936 0.052187685 -0.998580277 -191.934204102 -0.050784361 0.997320175 0.052664358 7.121224880 0.998652637 0.051274091 -0.007989028 17.768211365
-0.011760757 0.052628949 -0.998544872 -192.843505859 -0.049038973 0.997381985 0.053145226 7.151395798 0.998727620 0.049592640 -0.009149096 17.749736786
-0.012874560 0.051528577 -0.998588562 -193.755905151 -0.049627624 0.997407496 0.052107479 7.179234505 0.998684824 0.050228432 -0.010283943 17.735713959
-0.013729336 0.050698012 -0.998619676 -194.659423828 -0.051495157 0.997352660 0.051341660 7.209030151 0.998578846 0.052128963 -0.011082287 17.724029541
-0.013587635 0.049424510 -0.998685479 -195.561965942 -0.055218987 0.997216344 0.050103094 7.249706745 0.998381734 0.055827174 -0.010820642 17.699848175
-0.013579896 0.047861435 -0.998761654 -196.481414795 -0.057814736 0.997145176 0.048570063 7.274694443 0.998234928 0.058402721 -0.010774028 17.688982010
-0.012439567 0.045480844 -0.998887777 -197.390884399 -0.057581011 0.997274756 0.046124484 7.301838398 0.998263359 0.058090735 -0.009786833 17.670856476
-0.011138074 0.043663278 -0.998984218 -198.302520752 -0.057252601 0.997379422 0.044231471 7.320733070 0.998297572 0.057687096 -0.008609052 17.648334503
-0.010618474 0.043097891 -0.999014378 -199.223037720 -0.057152472 0.997411370 0.043636203 7.352043629 0.998308957 0.057559490 -0.008127837 17.636339188
-0.010137069 0.045909606 -0.998894155 -200.156555176 -0.054966215 0.997409523 0.046399187 7.378250122 0.998436749 0.055375777 -0.007587334 17.622175217
-0.009955161 0.047063004 -0.998842299 -201.095581055 -0.053933583 0.997412562 0.047533181 7.408332348 0.998494864 0.054344345 -0.007391128 17.604085922
-0.008767222 0.043449212 -0.999017179 -202.025527954 -0.049476959 0.997813046 0.043831054 7.437272549 0.998736799 0.049812607 -0.006598313 17.601610184
-0.008664267 0.039998561 -0.999162197 -202.968429565 -0.047955245 0.998033404 0.040369220 7.470313549 0.998811960 0.048264831 -0.006729088 17.594833374
-0.008203585 0.040403333 -0.999149740 -203.929138184 -0.052507948 0.997787476 0.040779367 7.501154423 0.998586833 0.052797839 -0.006063939 17.577243805
-0.007020049 0.044563796 -0.998981953 -204.890274048 -0.053864051 0.997539282 0.044877961 7.528301716 0.998523533 0.054124262 -0.004602388 17.566093445
-0.004728755 0.044468470 -0.998999596 -205.836090088 -0.052006967 0.997647822 0.044654470 7.551490784 0.998635471 0.052166108 -0.002404962 17.560125351
-0.002383483 0.045382567 -0.998966813 -206.797698975 -0.050783463 0.997675180 0.045445051 7.592091560 0.998706818 0.050839320 -0.000073258 17.554836273
-0.001101287 0.049792375 -0.998758972 -207.768844604 -0.051885393 0.997411489 0.049782407 7.628362179 0.998652399 0.051875826 0.001485061 17.552116394
0.000629235 0.053700916 -0.998556852 -208.787979126 -0.048791129 0.997369409 0.053606313 7.668437004 0.998808801 0.048686985 0.003247708 17.558294296
0.001763085 0.054197378 -0.998528719 -209.778656006 -0.048434649 0.997363031 0.054048583 7.709186554 0.998824835 0.048268091 0.004383467 17.557750702
0.003609385 0.054857932 -0.998487592 -210.793563843 -0.051546343 0.997176886 0.054599579 7.752996922 0.998664081 0.051271312 0.006426921 17.559106827
0.006919857 0.056886625 -0.998356640 -211.828521729 -0.054057062 0.996942103 0.056431327 7.796014309 0.998513877 0.053577736 0.009973818 17.551454544
0.010156052 0.057389453 -0.998300195 -212.855194092 -0.055142742 0.996864736 0.056745946 7.838276863 0.998426855 0.054472692 0.013288821 17.563646317
0.013152270 0.054154258 -0.998445928 -213.879959106 -0.057919290 0.996897101 0.053307295 7.886316776 0.998234689 0.057128165 0.016248034 17.565498352
