1.000000000 0.000000000 0.000000000 0.000000000 0.000000000 1.000000000 0.000000000 0.000000000 0.000000000 0.000000000 1.000000000 0.000000000
0.999933839 -0.002499696 0.011228514 0.015808571 0.002488730 0.999996424 0.000990495 -0.003720560 -0.011230949 -0.000962485 0.999936461 0.295591176
0.999829173 -0.004523523 0.017921096 0.026205342 0.004503208 0.999989152 0.001173729 -0.008631135 -0.017926211 -0.001092826 0.999838710 0.582326710
0.999777436 -0.007466597 0.019731205 0.039750531 0.007468182 0.999972105 -0.000006640 -0.012570018 -0.019730605 0.000153995 0.999805331 0.888231397
0.999817789 -0.008617429 0.017033175 0.053943478 0.008651842 0.999960661 -0.001947697 -0.007484053 -0.017015720 0.002094710 0.999853015 1.205503941
0.999883652 -0.011438024 0.010092564 0.056182854 0.011473041 0.999928355 -0.003418564 -0.010091214 -0.010052739 0.003533958 0.999943197 1.520167470
0.999912322 -0.013095425 -0.001966554 0.056718338 0.013084001 0.999898076 -0.005714722 -0.008534934 0.002041190 0.005688492 0.999981701 1.860568881
0.999750197 -0.012372705 -0.018612660 0.038021326 0.012261511 0.999906361 -0.006076340 -0.011722808 0.018686097 0.005846603 0.999808311 2.198938608
0.999228060 -0.007816411 -0.038498767 0.010924108 0.007601841 0.999954760 -0.005716655 -0.021361468 0.038541708 0.005419581 0.999242306 2.539158106
0.998305202 -0.004376865 -0.058030453 -0.034347564 0.003967873 0.999966502 -0.007161229 -0.022651115 0.058059853 0.006918836 0.998289108 2.894282818
0.996902049 -0.004044819 -0.078548960 -0.073784441 0.003456735 0.999964952 -0.007621364 -0.026591511 0.078577057 0.007326231 0.996881068 3.260021925
0.994997561 -0.005526898 -0.099746168 -0.120097965 0.004806364 0.999960601 -0.007462547 -0.024839347 0.099783480 0.006945799 0.994984925 3.632275343
0.992858231 -0.007337032 -0.119074300 -0.183168173 0.006648154 0.999958813 -0.006181485 -0.037435599 0.119114757 0.005345713 0.992866099 4.015643597
0.990601003 -0.005872843 -0.136657253 -0.260127217 0.005082475 0.999968410 -0.006131774 -0.036639843 0.136688933 0.005379585 0.990599453 4.411627769
0.988177240 -0.004929063 -0.153236359 -0.323750228 0.004220830 0.999978840 -0.004946801 -0.049772739 0.153257489 0.004241532 0.988177180 4.823362350
0.986081958 -0.003842566 -0.166215628 -0.413615286 0.003023299 0.999982119 -0.005181680 -0.054461218 0.166232556 0.004607043 0.986075759 5.240118980
0.983908832 -0.005648745 -0.178582132 -0.498997629 0.004628801 0.999970555 -0.006127493 -0.060300320 0.178611472 0.005202274 0.983905971 5.673177719
0.982051075 -0.009396054 -0.188380927 -0.587803841 0.007970825 0.999933660 -0.008321819 -0.068605974 0.188446611 0.006670899 0.982060790 6.125306129
0.980512202 -0.008429426 -0.196277335 -0.686653018 0.006565127 0.999926984 -0.010146986 -0.076969057 0.196348548 0.008660657 0.980495930 6.581795692
0.979039490 -0.007846680 -0.203519404 -0.794198215 0.005531909 0.999913335 -0.011940110 -0.082392991 0.203595474 0.010563987 0.978998125 7.047342300
0.977314651 -0.008717943 -0.211612806 -0.904745042 0.005661394 0.999870718 -0.015045651 -0.089488313 0.211716622 0.013506313 0.977237821 7.529375553
0.975555956 -0.012593679 -0.219389975 -1.019969225 0.009170375 0.999819815 -0.016615158 -0.101910517 0.219559714 0.014197125 0.975495756 8.028030396
0.973572552 -0.018997720 -0.227586567 -1.129248261 0.015247270 0.999717593 -0.018226173 -0.110564567 0.227868542 0.014274430 0.973587275 8.542942047
0.971525013 -0.019595578 -0.236125275 -1.251726270 0.015301948 0.999682844 -0.020002682 -0.134296179 0.236442342 0.015819930 0.971516728 9.050660133
0.969401658 -0.015626518 -0.244982392 -1.400828004 0.009851833 0.999644458 -0.024779651 -0.141604975 0.245282471 0.021607907 0.969210804 9.575895309
0.967242241 -0.012446341 -0.253550082 -1.559977531 0.005625928 0.999603033 -0.027607039 -0.160779536 0.253793001 0.025276240 0.966928244 10.121865273
0.964846790 -0.015111797 -0.262378126 -1.715368509 0.007516912 0.999523818 -0.029926034 -0.175979808 0.262705415 0.026901767 0.964501023 10.695842743
0.962514758 -0.018415838 -0.270603299 -1.869590044 0.010296326 0.999453962 -0.031394362 -0.200442076 0.271033794 0.027431315 0.962178886 11.250379562
0.960314810 -0.018054208 -0.278333277 -2.046757221 0.009000395 0.999388993 -0.033772327 -0.222774416 0.278773010 0.029926956 0.959890604 11.823571205
0.958056331 -0.016922412 -0.286079884 -2.241594791 0.006470470 0.999277771 -0.037441015 -0.249974951 0.286506891 0.034019522 0.957474053 12.417619705
0.955786943 -0.017392306 -0.293545246 -2.433227301 0.005179501 0.999090195 -0.042330734 -0.282800138 0.294014394 0.038938746 0.955007434 13.016180038
0.953820705 -0.019590460 -0.299736768 -2.618754625 0.004851243 0.998745441 -0.049839295 -0.317095786 0.300337017 0.046083659 0.952719212 13.618391037
0.952436864 -0.020305784 -0.304058552 -2.823826313 0.002694830 0.998299718 -0.058227599 -0.350838691 0.304723918 0.054638728 0.950872242 14.238426208
0.951167166 -0.020029511 -0.308025569 -3.040380001 -0.000638018 0.997762799 -0.066850185 -0.393237054 0.308675438 0.063782237 0.949026465 14.857295990
0.949915648 -0.019655690 -0.311887652 -3.266522884 -0.004152593 0.997138023 -0.075488880 -0.443681002 0.312478781 0.073003218 0.947115302 15.496457100
0.948842049 -0.019072888 -0.315174401 -3.501906395 -0.007353858 0.996568382 -0.082446665 -0.496685326 0.315665334 0.080546632 0.945445716 16.136507034
0.947057068 -0.016996598 -0.320614964 -3.734743118 -0.012277803 0.995950162 -0.089064933 -0.558783233 0.320830286 0.088286027 0.943013012 16.803480148
0.945397854 -0.016235013 -0.325513870 -3.974781036 -0.015562392 0.995370626 -0.094842374 -0.625218153 0.325546712 0.094729550 0.940768659 17.466751099
0.943711460 -0.014874943 -0.330435157 -4.229056358 -0.019487254 0.994752765 -0.100434951 -0.694589734 0.330195248 0.101220891 0.938469708 18.145320892
0.941980839 -0.012481136 -0.335434586 -4.486987114 -0.023544582 0.994390368 -0.103118971 -0.775187969 0.334839940 0.105033755 0.936402678 18.832269669
0.940225184 -0.010784615 -0.340382665 -4.749822617 -0.026500707 0.994150639 -0.104700319 -0.849412799 0.339520752 0.107462250 0.934439659 19.530967712
0.937975407 -0.010800613 -0.346533686 -5.023341179 -0.026930772 0.994224966 -0.103882097 -0.929503679 0.345654428 0.106771253 0.932267666 20.244798660
0.935682356 -0.009977964 -0.352702439 -5.293881416 -0.027870206 0.994386852 -0.102067955 -1.016348839 0.351741135 0.105333082 0.930152178 20.952386856
0.933165193 -0.010276601 -0.359300911 -5.584238529 -0.027669638 0.994571388 -0.100309126 -1.097468138 0.358381271 0.103546709 0.927815139 21.673194885
0.929994822 -0.009359715 -0.367453307 -5.877542496 -0.028477266 0.994836390 -0.097413994 -1.174882650 0.366467655 0.101058587 0.924926281 22.388908386
0.926599205 -0.007516683 -0.375975221 -6.184518337 -0.029164955 0.995352387 -0.091777250 -1.252897501 0.374917716 0.096006036 0.922073543 23.129421234
0.923202753 -0.004000596 -0.384292662 -6.512198448 -0.031729490 0.995738566 -0.086591005 -1.332442164 0.383001417 0.092134453 0.919141531 23.873205185
0.919538319 0.000433651 -0.393000126 -6.843623638 -0.035725731 0.995951176 -0.082491785 -1.414402246 0.391373247 0.089894563 0.915830731 24.627494812
0.915634453 0.001030105 -0.402010411 -7.184286118 -0.036687206 0.996038020 -0.081007965 -1.484107971 0.400334209 0.088922337 0.912044525 25.387256622
0.911723912 0.001033876 -0.410802305 -7.542402744 -0.037329286 0.996068120 -0.080340810 -1.554627061 0.409104049 0.088583589 0.908177733 26.141643524
0.907850027 0.000944613 -0.419293880 -7.904336929 -0.037504572 0.996172011 -0.078960203 -1.627195358 0.417614281 0.087409474 0.904410183 26.911550522
0.903716862 0.001547975 -0.428127915 -8.277802467 -0.038281053 0.996280134 -0.077203594 -1.694424152 0.426415801 0.086159393 0.900414348 27.693748474
0.899995744 0.000964479 -0.435897589 -8.666046143 -0.037305743 0.996498883 -0.074820109 -1.769577026 0.434299350 0.083599262 0.896880805 28.472255707
0.896210074 0.001549395 -0.443627268 -9.059339523 -0.036716320 0.996822119 -0.070692368 -1.840833664 0.442107946 0.079643555 0.893418908 29.243286133
0.892288387 0.003245738 -0.451454312 -9.466608047 -0.036675058 0.997190297 -0.065318063 -1.901446342 0.449973792 0.074839644 0.889900327 30.042276382
0.888579249 0.003639384 -0.458708674 -9.881900787 -0.035369806 0.997535229 -0.060601570 -1.971768618 0.457357466 0.070073739 0.886517823 30.838428497
0.884873688 0.003113535 -0.465820670 -10.319893837 -0.034465261 0.997674525 -0.058801826 -2.034981489 0.464554340 0.068086818 0.882923245 31.649311066
0.881283700 0.002081462 -0.472583085 -10.758642197 -0.033446647 0.997757375 -0.057977501 -2.088466644 0.471402586 0.066900939 0.879377007 32.478218079
0.878498971 0.002881461 -0.477735639 -11.223360062 -0.033502884 0.997891486 -0.055589028 -2.151317596 0.476568162 0.064840436 0.876743138 33.287223816
0.875267684 0.000485446 -0.483638376 -11.677377701 -0.030818891 0.998023093 -0.054772928 -2.203886032 0.482655704 0.062846191 0.873552382 34.127235413
0.872856498 -0.000223574 -0.487976760 -12.183458328 -0.030321330 0.998042643 -0.054693811 -2.266633272 0.487033814 0.062535964 0.871141374 34.978874207
0.870309412 -0.002262251 -0.492500126 -12.635697365 -0.028625017 0.998066664 -0.055168521 -2.321394205 0.491672754 0.062111493 0.868562043 35.830062866
0.868862092 -0.001937968 -0.495050371 -13.137821198 -0.029522358 0.998009801 -0.055721547 -2.378433228 0.494173050 0.063029401 0.867075622 36.696228027
0.868483305 -0.002002641 -0.495714396 -13.644277573 -0.028946448 0.998080671 -0.054745853 -2.439245701 0.494872540 0.061895031 0.866758406 37.560852051
0.868186235 -0.001773406 -0.496235341 -14.151760101 -0.028410457 0.998175800 -0.053272594 -2.498127222 0.495424569 0.060348805 0.866552055 38.447673798
0.868011296 -0.002890285 -0.496535927 -14.672714233 -0.026735174 0.998260438 -0.052547429 -2.563537121 0.495824099 0.058886740 0.866424143 39.333755493
0.867212474 -0.005242937 -0.497910559 -15.193893433 -0.024435228 0.998291731 -0.053070810 -2.627017021 0.497338235 0.058190230 0.865602970 40.243961334
0.866139650 -0.007708539 -0.499742657 -15.727809906 -0.022033647 0.998320043 -0.053587187 -2.688906193 0.499316216 0.057425138 0.864514709 41.160213470
0.864508569 -0.008231843 -0.502550781 -16.271821976 -0.020761978 0.998427570 -0.052069958 -2.744882584 0.502189338 0.055448875 0.862978220 42.097187042
0.862531364 -0.007292239 -0.505950868 -16.811767578 -0.019688886 0.998655260 -0.047958627 -2.809958458 0.505620241 0.051327437 0.861227930 42.995845795
0.859661102 -0.007159619 -0.510814428 -17.361248016 -0.017860528 0.998869240 -0.044058114 -2.871419191 0.510552287 0.046998467 0.858561218 43.917339325
0.855556309 -0.007874180 -0.517649889 -17.932388306 -0.016085165 0.998997211 -0.041781228 -2.936549425 0.517459810 0.044072669 0.854571760 44.845027924
0.850259483 -0.011476160 -0.526238620 -18.495719910 -0.014049466 0.998911321 -0.044484299 -2.990582943 0.526176155 0.045216568 0.849172592 45.751457214
0.844143450 -0.015539059 -0.535892248 -19.065099716 -0.011909587 0.998789668 -0.047721621 -3.049232483 0.535985231 0.046666145 0.842936516 46.648529053
0.838191032 -0.014689838 -0.545178771 -19.659402847 -0.013094007 0.998806953 -0.047044374 -3.112087727 0.545219362 0.046570741 0.836998761 47.544586182
0.832539141 -0.011237732 -0.553852201 -20.263553619 -0.014221076 0.999031186 -0.041647289 -3.173299074 0.553783715 0.042549375 0.831572771 48.427654266
0.827406287 -0.006090628 -0.561570525 -20.887901306 -0.018019382 0.999138534 -0.037385739 -3.231143951 0.561314583 0.041052356 0.826583683 49.318698883
0.823278129 -0.006260538 -0.567603707 -21.500316620 -0.019178504 0.999061584 -0.038836796 -3.284641027 0.567314148 0.042859275 0.822385490 50.194217682
0.819699407 -0.008833365 -0.572725594 -22.119018555 -0.019185586 0.998896778 -0.042865250 -3.345736504 0.572472334 0.046124712 0.818625689 51.081363678
0.816742122 -0.010763135 -0.576902390 -22.745681763 -0.022207055 0.998498976 -0.050068107 -3.403138638 0.576575279 0.053704038 0.815277159 51.949287415
0.813506186 -0.012147870 -0.581429362 -23.374412537 -0.021940140 0.998429000 -0.051557802 -3.466132164 0.581142247 0.054699238 0.811961651 52.820480347
0.810228705 -0.010577577 -0.586018264 -24.011428833 -0.021317994 0.998643696 -0.047499690 -3.530166149 0.585725904 0.050978348 0.808904409 53.679412842
0.807275593 -0.007801944 -0.590123117 -24.653366089 -0.021225002 0.998881996 -0.042241435 -3.589730263 0.589792907 0.046625849 0.806207359 54.536964417
0.804207206 -0.005675981 -0.594321907 -25.299655914 -0.022100216 0.998977304 -0.039445505 -3.643550873 0.593937993 0.044857003 0.803259313 55.404190063
0.801089525 -0.005288938 -0.598521054 -25.953575134 -0.023651132 0.998900235 -0.040482782 -3.689685345 0.598076940 0.046586040 0.800083518 56.267021179
0.797410667 -0.006579950 -0.603401065 -26.610675812 -0.023213303 0.998865962 -0.041569393 -3.750005007 0.602990329 0.047154810 0.796353579 57.133220673
0.793213487 -0.009726860 -0.608865976 -27.252811432 -0.021698426 0.998785973 -0.044224057 -3.809771776 0.608556986 0.048290554 0.792039394 57.969680786
0.789097130 -0.010835313 -0.614172816 -27.922481537 -0.021016112 0.998782814 -0.044622410 -3.868365526 0.613908947 0.048118938 0.787908792 58.814193726
0.784410834 -0.011183342 -0.620140731 -28.600349426 -0.020222398 0.998844743 -0.043591857 -3.928561211 0.619911909 0.046734665 0.783278406 59.665313721
0.779628992 -0.010837931 -0.626147807 -29.282196045 -0.020419223 0.998878658 -0.042713873 -3.993151426 0.625908613 0.046086427 0.778533459 60.495697021
0.774345219 -0.012065617 -0.632648289 -29.976184845 -0.020444816 0.998819113 -0.044073015 -4.044362068 0.632432997 0.047062106 0.773184121 61.332595825
0.769084573 -0.013330895 -0.639007926 -30.680755615 -0.019988814 0.998791754 -0.044894408 -4.105174541 0.638834298 0.047300603 0.767888963 62.169281006
0.763576448 -0.014517418 -0.645554185 -31.383750916 -0.019449012 0.998776615 -0.045465529 -4.171547413 0.645424545 0.047271796 0.762359798 62.994201660
0.757727802 -0.016882705 -0.652352273 -32.111427307 -0.017551865 0.998776317 -0.046235114 -4.239688873 0.652334571 0.046483636 0.756504357 63.841220856
0.751313388 -0.018666074 -0.659681618 -32.839927673 -0.016812960 0.998733997 -0.047408104 -4.300463200 0.659731388 0.046709534 0.750048518 64.679611206
0.745508134 -0.019387869 -0.666214526 -33.606742859 -0.016249355 0.998750985 -0.047248572 -4.371488094 0.666298449 0.046049744 0.744261920 65.502052307
0.739013374 -0.019309735 -0.673414052 -34.359691620 -0.015263429 0.998852670 -0.045391772 -4.436951160 0.673517883 0.043823738 0.737870634 66.329940796
0.732708454 -0.019384269 -0.680266559 -35.131538391 -0.015205687 0.998878419 -0.044841044 -4.494937897 0.680372775 0.043199331 0.731591880 67.142463684
0.726400971 -0.020995116 -0.686950326 -35.889736176 -0.013988019 0.998874545 -0.045319725 -4.562322617 0.687128782 0.042529367 0.725289822 67.936592102
0.719314873 -0.023727227 -0.694278777 -36.676841736 -0.012736506 0.998798072 -0.047330085 -4.620722771 0.694567263 0.042887926 0.718148232 68.770530701
0.713563502 -0.023002386 -0.700212777 -37.481472015 -0.014143621 0.998784184 -0.047223922 -4.682416439 0.700447679 0.043600813 0.712370634 69.566581726
0.707933187 -0.022295831 -0.705927432 -38.296333313 -0.014471180 0.998833895 -0.046059206 -4.749487877 0.706131160 0.042822447 0.706784964 70.375587463
0.702961862 -0.021838279 -0.710892200 -39.107334137 -0.015452852 0.998823583 -0.045963861 -4.813383102 0.711059630 0.043296158 0.701797307 71.168045044
0.698204637 -0.022292573 -0.715551138 -39.938545227 -0.016113499 0.998772442 -0.046839036 -4.875884533 0.715716898 0.044233259 0.696988225 71.970062256
0.693056524 -0.024388256 -0.720470548 -40.778125763 -0.016725371 0.998614550 -0.049892530 -4.948684692 0.720689178 0.046628486 0.691688418 72.758369446
0.688322246 -0.027442036 -0.724885762 -41.624588013 -0.015173205 0.998520911 -0.052208904 -5.016049385 0.725246370 0.046935394 0.686887681 73.544227600
0.683141112 -0.027370986 -0.729773283 -42.482765198 -0.016423015 0.998468816 -0.052822310 -5.090693474 0.730101764 0.048070163 0.681645572 74.339408875
0.678027451 -0.027089879 -0.734537125 -43.357780457 -0.016148653 0.998530388 -0.051732305 -5.158445358 0.734859169 0.046937712 0.676593482 75.142143250
0.673277080 -0.027139915 -0.738891959 -44.237945557 -0.015392131 0.998595119 -0.050704237 -5.228960991 0.739230096 0.045511115 0.671913385 75.926597595
0.667725742 -0.028298870 -0.743869305 -45.118659973 -0.014982013 0.998563826 -0.051436596 -5.302314758 0.744256616 0.045490198 0.666342795 76.720779419
0.662982821 -0.029563012 -0.748050690 -45.993293762 -0.013884711 0.998562515 -0.051769007 -5.370042801 0.748505831 0.044708427 0.661619306 77.491226196
0.658712924 -0.029802402 -0.751803875 -46.903820038 -0.013468220 0.998588085 -0.051385764 -5.446331978 0.752273738 0.043973930 0.657381535 78.268936157
0.654606998 -0.030450957 -0.755355716 -47.801483154 -0.012002530 0.998643816 -0.050660368 -5.523805141 0.755873978 0.042228818 0.653353810 79.044403076
0.650766611 -0.033630010 -0.758532703 -48.721687317 -0.009374974 0.998586595 -0.052315999 -5.594473839 0.759219944 0.041156728 0.649531543 79.828437805
0.646393299 -0.038045824 -0.762055278 -49.630599976 -0.006821014 0.998428047 -0.055632547 -5.665899754 0.762973785 0.041158494 0.645117700 80.592544556
0.641870379 -0.042505931 -0.765634120 -50.557365417 -0.002504313 0.998340905 -0.057524685 -5.736201286 0.766809046 0.038840774 0.640699029 81.365318298
0.635000229 -0.045693353 -0.771159351 -51.487030029 0.002235245 0.998353601 -0.057314672 -5.815954685 0.772508740 0.034671098 0.634056926 82.141426086
0.626751661 -0.049705051 -0.777632117 -52.415611267 0.007256907 0.998292506 -0.057960439 -5.899265289 0.779185295 0.030683603 0.626042128 82.888435364
0.617745578 -0.050307639 -0.784767151 -53.368774414 0.009708587 0.998363376 -0.056357954 -5.982519150 0.786318123 0.027195895 0.617222965 83.626296997
0.609047294 -0.049015231 -0.791617990 -54.338909149 0.010269980 0.998492241 -0.053923026 -6.059463501 0.793067276 0.024711771 0.608632326 84.370933533
0.600072026 -0.049046002 -0.798441172 -55.320072174 0.009960362 0.998499453 -0.053849276 -6.137629509 0.799883962 0.024360679 0.599660039 85.103950500
0.590555727 -0.050389476 -0.805422127 -56.321353912 0.009385413 0.998410046 -0.055581722 -6.217711926 0.806942225 0.025264889 0.590089738 85.821258545
0.580780149 -0.052730698 -0.812350869 -57.318153381 0.009768536 0.998279393 -0.057815667 -6.298469067 0.814001858 0.025642715 0.580295980 86.519714355
0.571078062 -0.054577857 -0.819079518 -58.349571228 0.010249829 0.998183608 -0.059365764 -6.376113892 0.820831895 0.025507063 0.570600152 87.233734131
0.560439527 -0.054950513 -0.826370418 -59.377723694 0.013125209 0.998260319 -0.057479121 -6.468275547 0.828091383 0.021367284 0.560185790 87.947189331
0.550548375 -0.055329349 -0.832967699 -60.414642334 0.014469226 0.998283744 -0.056746956 -6.547425747 0.834677875 0.019189550 0.550404072 88.616821289
0.540408373 -0.056210820 -0.839523196 -61.473564148 0.014883797 0.998248518 -0.057257541 -6.627506733 0.841271341 0.018447161 0.540298462 89.284713745
0.530135870 -0.056791674 -0.846008658 -62.551235199 0.014417656 0.998214006 -0.057974499 -6.720544815 0.847790062 0.018536897 0.530007958 89.949035645
0.519575655 -0.057913788 -0.852459431 -63.615036011 0.013428360 0.998130500 -0.059625681 -6.796051025 0.854318917 0.019532915 0.519382000 90.611602783
0.509787858 -0.058883317 -0.858282566 -64.697364807 0.012961506 0.998067379 -0.060774740 -6.886409760 0.860202491 0.019857593 0.509565949 91.246337891
0.499911129 -0.058790646 -0.864078879 -65.794830322 0.011826909 0.998063743 -0.061064333 -6.975253105 0.865995884 0.020307358 0.499638498 91.881423950
0.491433531 -0.056702819 -0.869067252 -66.920295715 0.011145174 0.998206019 -0.058826260 -7.067224026 0.870843709 0.019223295 0.491183847 92.505035400
0.483360201 -0.055262916 -0.873675585 -68.035797119 0.011780098 0.998325706 -0.056630135 -7.152397156 0.875342190 0.017080773 0.483201921 93.120285034
0.475769132 -0.055325553 -0.877828479 -69.142143250 0.011485686 0.998325467 -0.056694876 -7.240877151 0.879495203 0.016891208 0.475607902 93.718650818
0.467816919 -0.058181476 -0.881908238 -70.251998901 0.013394915 0.998182952 -0.058746912 -7.330835819 0.883723855 0.015669718 0.467746228 94.310852051
0.460683107 -0.061265104 -0.885447800 -71.390228271 0.016171174 0.998028636 -0.060641125 -7.423331261 0.887417376 0.013617607 0.460765660 94.903366089
0.454901308 -0.064456180 -0.888206124 -72.519386292 0.017137174 0.997826159 -0.063634247 -7.514392853 0.890376925 0.013725963 0.455016971 95.474166870
0.449118227 -0.068222255 -0.890863955 -73.655090332 0.019339783 0.997589290 -0.066645347 -7.610048294 0.893262982 0.012702530 0.449354887 96.053878784
0.444555670 -0.069202967 -0.893073916 -74.801353455 0.022422899 0.997558534 -0.066137604 -7.714177608 0.895470500 0.009376540 0.445022017 96.619522095
0.440305471 -0.066694595 -0.895367444 -75.948654175 0.024160117 0.997756183 -0.062440414 -7.812508583 0.897522926 0.005860670 0.440928847 97.186126709
0.436266124 -0.065237597 -0.897449732 -77.091148376 0.027672084 0.997869313 -0.059085444 -7.908896446 0.899392068 0.000942670 0.437141865 97.742149353
0.433174670 -0.064301297 -0.899013400 -78.234718323 0.028418314 0.997930467 -0.057683371 -8.000916481 0.900861859 -0.000561468 0.434105486 98.290794373
0.430304736 -0.064253576 -0.900394022 -79.360588074 0.030022684 0.997930288 -0.056865875 -8.088031769 0.902184248 -0.002562589 0.431343138 98.827514648
0.428194404 -0.063008286 -0.901487410 -80.502670288 0.031619772 0.998000145 -0.054734942 -8.183994293 0.903133273 -0.005067624 0.429330379 99.351959229
0.425069124 -0.062303528 -0.903014064 -81.620414734 0.034164779 0.998021722 -0.052776448 -8.270093918 0.904515862 -0.008417642 0.426356792 99.902130127
0.422528565 -0.063752890 -0.904104650 -82.758277893 0.037117321 0.997903228 -0.053020515 -8.348498344 0.905589283 -0.011155260 0.424008965 100.437469482
0.420143276 -0.063580826 -0.905227661 -83.846984863 0.038286828 0.997896314 -0.052319560 -8.434587479 0.906649649 -0.012676590 0.421693712 100.954406738
0.417767584 -0.062979765 -0.906368494 -84.949432373 0.041579574 0.997874677 -0.050173100 -8.511458397 0.907601953 -0.016725721 0.419498414 101.473510742
0.415813863 -0.062280770 -0.907314658 -86.061996460 0.043537684 0.997871637 -0.048543971 -8.592656136 0.908407032 -0.019317126 0.417640448 101.977607727
0.414028496 -0.064206839 -0.907996595 -87.160018921 0.046418007 0.997700632 -0.049384352 -8.665710449 0.909079671 -0.021700865 0.416056752 102.482604980
0.413024873 -0.064736672 -0.908415973 -88.228698730 0.047307674 0.997648835 -0.049586561 -8.754467010 0.909490228 -0.022494562 0.415116310 102.963325500
0.411921084 -0.065309756 -0.908876061 -89.316070557 0.046838596 0.997627139 -0.050459001 -8.840124130 0.910014927 -0.021785347 0.414002687 103.463081360
0.412350684 -0.066007957 -0.908630729 -90.372650146 0.045695949 0.997614861 -0.051734712 -8.915992737 0.909878492 -0.020187905 0.414383411 103.943069458
0.415012062 -0.065913372 -0.907425225 -91.413879395 0.043594562 0.997667313 -0.052530337 -8.995188713 0.908770800 -0.017758077 0.416917473 104.409027100
0.419248044 -0.065776557 -0.905485809 -92.442649841 0.041805986 0.997712672 -0.053119574 -9.080579758 0.906908691 -0.015584446 0.421038955 104.881088257
0.424076468 -0.066432863 -0.903186560 -93.465347290 0.040444680 0.997700095 -0.054394562 -9.156229973 0.904722750 -0.013461635 0.425788075 105.358703613
0.430249035 -0.066684097 -0.900243938 -94.477622986 0.040409543 0.997690856 -0.054589599 -9.234689713 0.901805401 -0.012891317 0.431950182 105.832595825
0.436835885 -0.065336734 -0.897165298 -95.507263184 0.039494105 0.997790039 -0.053434860 -9.319187164 0.898673832 -0.012090468 0.438450903 106.336006165
0.445372969 -0.064102106 -0.893047571 -96.509658813 0.038193449 0.997886181 -0.052579805 -9.392314911 0.894530118 -0.010690937 0.446879834 106.822288513
0.453823477 -0.063932613 -0.888795197 -97.486763000 0.038162582 0.997902215 -0.052294865 -9.466064453 0.890274048 -0.010186081 0.455311209 107.327110291
0.463824689 -0.063013338 -0.883683145 -98.498413086 0.036566094 0.997978926 -0.051970810 -9.537473679 0.885172069 -0.008207498 0.465191394 107.832496643
0.473217875 -0.063160419 -0.878678322 -99.468452454 0.035356604 0.997984588 -0.052694764 -9.618423462 0.880235672 -0.006130983 0.474497259 108.358993530
0.483639985 -0.065136954 -0.872839868 -100.427726746 0.034205899 0.997871816 -0.055514164 -9.686944962 0.874598384 -0.003007400 0.484838665 108.882308960
0.495496929 -0.066154167 -0.866086781 -101.385551453 0.032504383 0.997809350 -0.057619411 -9.759550095 0.868001342 0.000398623 0.496561736 109.417747498
0.507716060 -0.064466543 -0.859109044 -102.332710266 0.030205628 0.997915447 -0.057031490 -9.835935593 0.860994756 0.003005872 0.508604825 109.971572876
0.520581782 -0.061679963 -0.851581037 -103.254417419 0.028229194 0.998085320 -0.055034418 -9.913103104 0.853344858 0.004610473 0.521326184 110.524276733
0.532943189 -0.059100524 -0.844084442 -104.167106628 0.027368160 0.998239875 -0.052614175 -9.992506981 0.845708251 0.004939335 0.533622622 111.095375061
0.544839561 -0.058789913 -0.836476922 -105.067359924 0.027758211 0.998256922 -0.052079957 -10.062204361 0.838080764 0.005156120 0.545521796 111.679260254
0.556090355 -0.058375206 -0.829069257 -105.946914673 0.027436960 0.998275995 -0.051886071 -10.145097733 0.830668867 0.006106206 0.556733310 112.264518738
0.567793608 -0.059866108 -0.820991099 -106.830604553 0.027238915 0.998172164 -0.053947721 -10.205995560 0.822720170 0.008268272 0.568386495 112.856613159
0.577822328 -0.061836336 -0.813816667 -107.673759460 0.029774457 0.998059034 -0.054695319 -10.279094696 0.815619290 0.007373230 0.578541875 113.473365784
0.589741528 -0.060914662 -0.805291355 -108.526641846 0.030500660 0.998119831 -0.053164136 -10.369742393 0.807015896 0.006791183 0.590490639 114.072769165
0.600586057 -0.058938242 -0.797384977 -109.357841492 0.029782580 0.998236418 -0.051351994 -10.436963081 0.799005330 0.007093111 0.601282179 114.689697266
0.610512853 -0.055501662 -0.790059209 -110.157806396 0.029624982 0.998443782 -0.047248177 -10.512029648 0.791452050 0.005440139 0.611207128 115.307922363
0.620504975 -0.053660635 -0.782364309 -110.966697693 0.028174466 0.998537481 -0.046141870 -10.580565453 0.783696115 0.006588564 0.621109545 115.933303833
0.630328238 -0.053497661 -0.774483144 -111.745681763 0.026652336 0.998525977 -0.047281951 -10.643296242 0.775870979 0.009161363 0.630824983 116.569267273
0.639931917 -0.052722756 -0.766620815 -112.511917114 0.024361854 0.998533964 -0.048336193 -10.708597183 0.768045366 0.012255558 0.640278161 117.205322266
0.649331927 -0.052014854 -0.758724153 -113.285423279 0.024277018 0.998567581 -0.047680691 -10.778092384 0.760117531 0.012541036 0.649664521 117.848739624
0.658412576 -0.049676709 -0.751016080 -114.025222778 0.023628242 0.998691916 -0.045344703 -10.842037201 0.752286196 0.012110331 0.658725202 118.500076294
0.667211354 -0.048210897 -0.743306696 -114.753273010 0.024060305 0.998777390 -0.043183595 -10.902252197 0.744479775 0.010928393 0.667555571 119.145034790
0.675217569 -0.047684573 -0.736075759 -115.476493835 0.024465017 0.998806894 -0.042262614 -10.962260246 0.737212777 0.010528349 0.675578535 119.815513611
0.683107913 -0.046783101 -0.728817463 -116.177757263 0.023227038 0.998833001 -0.042345222 -11.016038895 0.729948044 0.011998089 0.683397472 120.468330383
0.690411091 -0.045539938 -0.721982360 -116.866088867 0.022660756 0.998888195 -0.041336287 -11.074605942 0.723062277 0.012178357 0.690675497 121.129356384
0.697743595 -0.043164894 -0.715045869 -117.546165466 0.021868460 0.999001145 -0.038967025 -11.126878738 0.716013610 0.011552036 0.697990656 121.779945374
0.705133677 -0.040538672 -0.707914531 -118.208656311 0.020808576 0.999117494 -0.036487546 -11.175580978 0.708768964 0.010997904 0.705354869 122.443313599
0.712849259 -0.039038092 -0.700229943 -118.862716675 0.019976432 0.999174654 -0.035367928 -11.228128433 0.701032698 0.011223909 0.713040769 123.094108582
0.720072210 -0.037896458 -0.692863524 -119.498931885 0.019168703 0.999212861 -0.034730911 -11.280622482 0.693634331 0.011727474 0.720231831 123.751693726
0.728120327 -0.034987856 -0.684555829 -120.122817993 0.016443379 0.999300539 -0.033584747 -11.322594643 0.685252130 0.013197326 0.728186309 124.407546997
0.737051964 -0.032049824 -0.675075710 -120.726097107 0.015593784 0.999415457 -0.030422751 -11.372720718 0.675656140 0.011896168 0.737120926 125.061363220
0.746570170 -0.028106054 -0.664712846 -121.311500549 0.013607972 0.999543369 -0.026979942 -11.413785934 0.665167570 0.011097024 0.746611655 125.713752747
0.756593347 -0.025788968 -0.653376937 -121.891769409 0.011604592 0.999594152 -0.026016442 -11.457843781 0.653782725 0.012101693 0.756585538 126.376937866
0.766290665 -0.024853373 -0.642013192 -122.439979553 0.009982525 0.999591529 -0.026780920 -11.493883133 0.642416537 0.014113057 0.766225696 127.035667419
0.776398301 -0.026158301 -0.629699469 -122.988586426 0.010287421 0.999531150 -0.028837407 -11.528223038 0.630158603 0.015911330 0.776303411 127.702835083
0.786419213 -0.025304129 -0.617174566 -123.518089294 0.010059147 0.999552727 -0.028163994 -11.567127228 0.617611229 0.015940456 0.786321938 128.379364014
0.796580076 -0.023760393 -0.604065895 -124.035461426 0.009659123 0.999599934 -0.026580917 -11.601752281 0.604455888 0.015339080 0.796490967 129.063217163
0.806727350 -0.021458484 -0.590534151 -124.539772034 0.009437349 0.999680817 -0.023433480 -11.640576363 0.590848565 0.013331351 0.806672394 129.748413086
0.816402376 -0.019974468 -0.577137947 -125.033508301 0.009555496 0.999732018 -0.021083327 -11.670218468 0.577404439 0.011697638 0.816374481 130.439453125
0.825619280 -0.018688308 -0.563918054 -125.519104004 0.010082275 0.999780357 -0.018371619 -11.694349289 0.564137459 0.009482387 0.825626373 131.148712158
0.833813310 -0.017607499 -0.551765621 -125.985511780 0.010456529 0.999815643 -0.016103685 -11.726511002 0.551947474 0.007657914 0.833843708 131.846435547
0.841046333 -0.018238258 -0.540655494 -126.440612793 0.012287139 0.999817729 -0.014613518 -11.750806808 0.540823460 0.005647539 0.841117144 132.564376831
0.847706258 -0.017592585 -0.530174017 -126.891036987 0.011835103 0.999828339 -0.014253571 -11.775230408 0.530333698 0.005808178 0.847769022 133.283309937
0.854253948 -0.017035438 -0.519576669 -127.326843262 0.011235815 0.999834538 -0.014308532 -11.795751572 0.519734323 0.006385253 0.854304016 134.010238647
0.861195147 -0.014760193 -0.508060098 -127.778350830 0.009347113 0.999869049 -0.013204296 -11.822159767 0.508188546 0.006622578 0.861220360 134.748657227
0.867285669 -0.013873184 -0.497617424 -128.198791504 0.008683722 0.999881089 -0.012741249 -11.843839645 0.497735113 0.006729131 0.867302895 135.493560791
0.873267174 -0.014436495 -0.487027824 -128.623107910 0.009445048 0.999874711 -0.012702841 -11.868076324 0.487150222 0.006492972 0.873294115 136.246887207
0.878394067 -0.015801184 -0.477675766 -129.036407471 0.010468841 0.999849677 -0.013823268 -11.890434265 0.477822423 0.007141565 0.878427446 137.005752563
0.882691324 -0.016452720 -0.469665110 -129.436920166 0.011050011 0.999837339 -0.014257594 -11.909062386 0.469823301 0.007395249 0.882729530 137.773864746
0.886182725 -0.015299981 -0.463083237 -129.843841553 0.010182213 0.999856293 -0.013549365 -11.933303833 0.463224024 0.007291999 0.886211216 138.548065186
0.889421582 -0.013491961 -0.456888586 -130.258026123 0.009934790 0.999898791 -0.010187117 -11.951552391 0.456979781 0.004521551 0.889465570 139.343612671
0.892565787 -0.009416253 -0.450818866 -130.663558960 0.007552008 0.999953866 -0.005933994 -11.972008705 0.450853944 0.001891893 0.892595708 140.141937256
0.895963311 -0.006634986 -0.444078535 -131.069412231 0.005898307 0.999977946 -0.003040390 -11.987123489 0.444088876 0.000104766 0.895982742 140.950424194
0.899233878 -0.003929567 -0.437450409 -131.475738525 0.003939705 0.999991775 -0.000884255 -11.998619080 0.437450290 -0.000928274 0.899242103 141.772613525
0.902440488 -0.002355599 -0.430808157 -131.881729126 0.003267441 0.999993742 0.001376683 -12.007191658 0.430802137 -0.002650014 0.902442515 142.617843628
0.905810237 -0.000828548 -0.423682928 -132.285446167 0.002832676 0.999987662 0.004100539 -12.010768890 0.423674256 -0.004914466 0.905801296 143.470382690
0.909209788 -0.000991239 -0.416336983 -132.678741455 0.003880582 0.999973893 0.006093741 -12.016814232 0.416320086 -0.007156119 0.909189939 144.342254639
0.912783206 -0.001168299 -0.408442795 -133.086029053 0.004451990 0.999964952 0.007088982 -12.023080826 0.408420146 -0.008289087 0.912756383 145.235855103
0.916499197 -0.001554535 -0.400033474 -133.482955933 0.004913362 0.999960721 0.007370928 -12.028993607 0.400006294 -0.008720959 0.916470826 146.140609741
0.920309067 -0.004107591 -0.391170621 -133.856140137 0.007352501 0.999949813 0.006798026 -12.029860497 0.391123086 -0.009132366 0.920293033 147.043319702
0.924330175 -0.005394077 -0.381555438 -134.249282837 0.008121030 0.999951661 0.005537063 -12.037314415 0.381507248 -0.008216698 0.924329340 147.981170654
0.928897917 -0.006315547 -0.370282024 -134.632125854 0.008278599 0.999958873 0.003712540 -12.044080734 0.370243371 -0.006513988 0.928911984 148.932479858
0.934017539 -0.004476738 -0.357199162 -134.999603271 0.005855224 0.999979079 0.002777829 -12.047481537 0.357179195 -0.004686023 0.934024096 149.900970459
0.940179944 -0.000776727 -0.340677232 -135.374359131 0.002292840 0.999989271 0.004047712 -12.054605484 0.340670496 -0.004586696 0.940171540 150.878845215
0.946732342 0.002857905 -0.322008520 -135.723785400 -0.000623271 0.999974966 0.007042554 -12.057388306 0.322020620 -0.006466716 0.946710587 151.888992310
0.953276813 0.006165607 -0.302035034 -136.052978516 -0.003727644 0.999955595 0.008647533 -12.063909531 0.302074969 -0.007117615 0.953257620 152.889541626
0.959726095 0.007650664 -0.280833364 -136.368667603 -0.005208021 0.999941826 0.009443129 -12.064930916 0.280889302 -0.007600231 0.959710121 153.930252075
0.965734661 0.009242337 -0.259366900 -136.657531738 -0.006593090 0.999916792 0.011082353 -12.069130898 0.259447694 -0.008992583 0.965715289 154.976699829
0.971274495 0.010412460 -0.237734318 -136.929367065 -0.007276170 0.999874532 0.014066110 -12.068176270 0.237850994 -0.011932258 0.971228421 156.057723999
0.976328254 0.012548073 -0.215929478 -137.163375854 -0.009023703 0.999809742 0.017300025 -12.067274094 0.216105431 -0.014942022 0.976255715 157.126998901
0.981019020 0.015104759 -0.193322316 -137.393768311 -0.011170995 0.999708116 0.021422211 -12.058352470 0.193589449 -0.018855995 0.980901480 158.227630615
0.985145509 0.016983192 -0.170879900 -137.598083496 -0.012920445 0.999607384 0.024859620 -12.048372269 0.171235040 -0.022282500 0.984978199 159.353851318
0.988697290 0.018983234 -0.148718894 -137.777297974 -0.015498592 0.999578238 0.024555150 -12.032936096 0.149122313 -0.021972679 0.988574624 160.501144409
0.991782486 0.018226145 -0.126630574 -137.927154541 -0.015493742 0.999626040 0.022529399 -12.017333984 0.126993865 -0.020382280 0.991694093 161.655426025
0.994224787 0.018331856 -0.105741277 -138.058700562 -0.016154509 0.999640167 0.021411199 -12.000247955 0.106095739 -0.019579342 0.994163156 162.825454712
0.996196806 0.017081536 -0.085440718 -138.159347534 -0.015150539 0.999616086 0.023198036 -11.983934402 0.085804164 -0.021815339 0.996073127 164.011932373
0.997697055 0.017415537 -0.065552376 -138.239898682 -0.015820647 0.999567986 0.024771035 -11.966513634 0.065955460 -0.023676911 0.997541547 165.212921143
0.998824596 0.018305238 -0.044880517 -138.305511475 -0.017164070 0.999522805 0.025681777 -11.950004578 0.045329217 -0.024881262 0.998662174 166.424911499
0.999502957 0.019690402 -0.024618974 -138.340042114 -0.019044243 0.999475002 0.026210975 -11.931148529 0.025122158 -0.025729097 0.999353230 167.660903931
0.999786675 0.020203939 -0.004295651 -138.351074219 -0.020081481 0.999437451 0.026859781 -11.911300659 0.004835907 -0.026767783 0.999629974 168.899734497
0.999631882 0.022056172 0.015794728 -138.336807251 -0.022463078 0.999407828 0.026065281 -11.892142296 -0.015210474 -0.026410485 0.999535441 170.169601440
0.999091864 0.023071796 0.035820737 -138.304931641 -0.023969006 0.999404490 0.024823081 -11.871030807 -0.035226692 -0.025659127 0.999049842 171.445831299
0.998184979 0.023371624 0.055501975 -138.243362427 -0.024641270 0.999447525 0.022302533 -11.856971741 -0.054950070 -0.023629693 0.998209476 172.737518311
0.996924043 0.025349116 0.074161299 -138.151245117 -0.026881661 0.999443710 0.019740265 -11.843236923 -0.073619641 -0.021673126 0.997050881 174.029022217
0.995304585 0.025538886 0.093362205 -138.040710449 -0.027340908 0.999462783 0.018073371 -11.835947037 -0.092850469 -0.020541117 0.995468140 175.327148438
0.993357003 0.025662642 0.112175211 -137.899963379 -0.027504059 0.999510646 0.014898694 -11.826975822 -0.111737974 -0.017884998 0.993576765 176.639511108
0.991027355 0.026754834 0.130953595 -137.736968994 -0.028249709 0.999555051 0.009570630 -11.821811676 -0.130639240 -0.013184159 0.991342425 177.974685669
0.988427043 0.028610794 0.148974225 -137.553100586 -0.029391985 0.999563336 0.003044388 -11.828963280 -0.148822039 -0.007387805 0.988836348 179.290969849
0.985596597 0.030676857 0.166307554 -137.341186523 -0.030736426 0.999525189 -0.002216180 -11.837679863 -0.166296527 -0.002927439 0.986071467 180.610534668
0.982342720 0.033143561 0.184131190 -137.104248047 -0.032521058 0.999450505 -0.006400488 -11.855487823 -0.184242129 0.000299331 0.982880831 181.961059570
0.978758752 0.035280526 0.201957017 -136.845092773 -0.034116060 0.999375105 -0.009244949 -11.880198479 -0.202156961 0.002158594 0.979350746 183.298675537
0.975027502 0.034626048 0.219368249 -136.551620483 -0.033457380 0.999399245 -0.009041340 -11.905451775 -0.219549537 0.001476069 0.975600183 184.657775879
0.971096814 0.033862684 0.236271307 -136.233169556 -0.032421000 0.999424279 -0.009985412 -11.931593895 -0.236473441 0.002036651 0.971635818 186.007431030
0.966802657 0.034023155 0.253248602 -135.890258789 -0.031232735 0.999399126 -0.015031945 -11.965680122 -0.253607869 0.006623280 0.967284441 187.366424561
0.962319553 0.035469871 0.269597590 -135.523284912 -0.031401616 0.999318779 -0.019389313 -11.999889374 -0.270101666 0.010192916 0.962777793 188.720489502
0.957424283 0.037811998 0.286197513 -135.117095947 -0.033640493 0.999244153 -0.019480238 -12.039160728 -0.286717713 0.009023030 0.957972586 190.110290527
0.951936781 0.039980009 0.303674191 -134.696563721 -0.035517164 0.999164760 -0.020207588 -12.081887245 -0.304228455 0.008450700 0.952561617 191.482009888
0.945953727 0.043697760 0.321344197 -134.254638672 -0.038216066 0.998996675 -0.023349682 -12.128352165 -0.322042108 0.009807207 0.946674526 192.860229492
0.939885020 0.044306029 0.338604689 -133.779235840 -0.037179086 0.998929858 -0.027508646 -12.177412033 -0.339461058 0.013265951 0.940526485 194.230102539
0.933442235 0.045331739 0.355852365 -133.272277832 -0.037154298 0.998865545 -0.029784625 -12.236022949 -0.356798887 0.014580776 0.934067428 195.604461670
0.926639795 0.046151116 0.373106807 -132.740646362 -0.035672028 0.998752356 -0.034945525 -12.303982735 -0.374254137 0.019072441 0.927130044 196.973236084
0.918554425 0.049588624 0.392171830 -132.181930542 -0.036360189 0.998493552 -0.041091960 -12.372770309 -0.393618762 0.023485759 0.918973744 198.346542358
0.909003735 0.053217690 0.413376480 -131.586898804 -0.038179982 0.998276770 -0.044560462 -12.451820374 -0.415035576 0.024722917 0.909469128 199.707199097
0.897574425 0.056218214 0.437263817 -130.974777222 -0.040130481 0.998137176 -0.045952581 -12.536730766 -0.439032584 0.023698259 0.898158550 201.045806885
