1.000000000 0.000000000 0.000000000 0.000000000 0.000000000 1.000000000 0.000000000 0.000000000 0.000000000 0.000000000 1.000000000 0.000000000
0.999933720 -0.002507356 0.011237862 0.015716366 0.002496482 0.999996424 0.000981588 -0.003713317 -0.011240283 -0.000953467 0.999936342 0.295431733
0.999828160 -0.004553529 0.017968606 0.025771569 0.004532726 0.999989033 0.001198352 -0.008833721 -0.017973866 -0.001116699 0.999837816 0.582585692
0.999776721 -0.007441004 0.019776342 0.038141273 0.007443115 0.999972284 -0.000033127 -0.012598344 -0.019775549 0.000180317 0.999804437 0.886561930
0.999815345 -0.008675305 0.017145619 0.050593957 0.008707401 0.999960482 -0.001798192 -0.009803723 -0.017129341 0.001947154 0.999851406 1.203299642
0.999883294 -0.011470913 0.010088723 0.056314126 0.011506088 0.999927878 -0.003435458 -0.010357566 -0.010048588 0.003551139 0.999943197 1.520134568
0.999910772 -0.013169612 -0.002237252 0.059891634 0.013156709 0.999897301 -0.005687475 -0.009244489 0.002311924 0.005657534 0.999981344 1.858545065
0.999744058 -0.012401172 -0.018916994 0.041659262 0.012286967 0.999905646 -0.006141486 -0.011203910 0.018991370 0.005907483 0.999802113 2.197425127
0.999224603 -0.007761687 -0.038599696 0.013256194 0.007540146 0.999954224 -0.005881750 -0.020524979 0.038643584 0.005586142 0.999237418 2.536083937
0.998288572 -0.004333338 -0.058318343 -0.031629872 0.003920289 0.999966443 -0.007195215 -0.022868246 0.058347560 0.006954277 0.998272121 2.891156435
0.996884704 -0.004002590 -0.078770757 -0.071578525 0.003404662 0.999964416 -0.007723575 -0.025748212 0.078798860 0.007431327 0.996862829 3.258147717
0.994960606 -0.005558039 -0.100112095 -0.116349243 0.004834342 0.999960423 -0.007470007 -0.025728645 0.100149654 0.006948385 0.994948149 3.629533291
0.992823780 -0.007346847 -0.119360618 -0.180170611 0.006672700 0.999959469 -0.006046652 -0.039248951 0.119400211 0.005206802 0.992832482 4.011419773
0.990511537 -0.006128835 -0.137293682 -0.250688374 0.005401155 0.999969363 -0.005672073 -0.042860568 0.137324259 0.004876710 0.990514100 4.411275387
0.988171041 -0.004867173 -0.153278738 -0.324707955 0.004164367 0.999979258 -0.004905870 -0.050084688 0.153299451 0.004209529 0.988170743 4.816189289
0.986030757 -0.003991170 -0.166515455 -0.410777152 0.003180570 0.999981761 -0.005134405 -0.056332305 0.166532919 0.004533067 0.986025453 5.235126495
0.983837366 -0.005808311 -0.178969845 -0.493969440 0.004788326 0.999969721 -0.006130645 -0.060586020 0.179000065 0.005174592 0.983835459 5.668012619
0.981998742 -0.009649744 -0.188641012 -0.585966468 0.008214734 0.999931037 -0.008387462 -0.069078796 0.188708976 0.006686840 0.982010245 6.121669769
0.980449736 -0.008685806 -0.196577877 -0.683684945 0.006844978 0.999926150 -0.010041860 -0.079086177 0.196650565 0.008499967 0.980436742 6.574716091
0.978906155 -0.008224153 -0.204144791 -0.788576186 0.005890302 0.999910116 -0.012037345 -0.082295366 0.204225436 0.010580956 0.978866696 7.044300556
0.977164924 -0.009047621 -0.212289438 -0.898885846 0.005970863 0.999867678 -0.015129846 -0.090032414 0.212398231 0.013516804 0.977089703 7.527482986
0.975429654 -0.012921801 -0.219931722 -1.016327024 0.009479377 0.999815643 -0.016700417 -0.102214143 0.220106974 0.014205267 0.975372255 8.024369240
0.973441839 -0.019431146 -0.228108123 -1.128557205 0.015654992 0.999709010 -0.018352112 -0.111780010 0.228398353 0.014293683 0.973462820 8.542502403
0.971309781 -0.020197058 -0.236959085 -1.244310737 0.015852526 0.999669731 -0.020225748 -0.130850911 0.237289324 0.015889069 0.971309066 9.047657013
0.969163418 -0.016303094 -0.245879203 -1.392682672 0.010464006 0.999631763 -0.025035713 -0.138022318 0.246196821 0.021690816 0.968977034 9.573683739
0.966988385 -0.013145365 -0.254481345 -1.552677870 0.006250118 0.999591529 -0.027884975 -0.157196403 0.254743963 0.025373908 0.966675580 10.115793228
0.964582443 -0.015682092 -0.263314933 -1.707989097 0.008010958 0.999512315 -0.030181400 -0.172622159 0.263659805 0.027003046 0.964237690 10.692662239
0.962092280 -0.019138075 -0.272051662 -1.856741428 0.010850784 0.999431074 -0.031934120 -0.194615200 0.272508085 0.027771596 0.961752534 11.251956940
0.959883809 -0.018763937 -0.279769272 -2.034576654 0.009552616 0.999367535 -0.034252033 -0.218080074 0.280235052 0.030205444 0.959456027 11.826170921
0.957595944 -0.017737914 -0.287567943 -2.226098776 0.007055187 0.999247372 -0.038142446 -0.243217990 0.288028121 0.034496207 0.957000375 12.413625717
0.955338478 -0.018223386 -0.294951349 -2.421875954 0.005821127 0.999063611 -0.042872071 -0.277697563 0.295456439 0.039240394 0.954550028 13.015218735
0.953270137 -0.020669412 -0.301411241 -2.603473663 0.005618227 0.998697162 -0.050717410 -0.308265358 0.302066863 0.046653993 0.952144444 13.620705605
0.951860607 -0.021407027 -0.305782646 -2.809533834 0.003467170 0.998246431 -0.059091739 -0.342798799 0.306511432 0.055186898 0.950265884 14.240750313
0.950640142 -0.021031031 -0.309582055 -3.024403811 0.000042301 0.997709215 -0.067648105 -0.386503696 0.310295612 0.064295910 0.948463380 14.854239464
0.949154258 -0.021107290 -0.314102829 -3.244349957 -0.003096257 0.997075558 -0.076358423 -0.435614794 0.314795911 0.073448464 0.946313262 15.502526283
0.948076069 -0.020537775 -0.317379951 -3.479106903 -0.006279551 0.996509433 -0.083242752 -0.489749014 0.317981750 0.080913469 0.944637895 16.142890930
0.946343958 -0.018617425 -0.322624415 -3.712993145 -0.011085450 0.995881319 -0.089985132 -0.550593138 0.322970897 0.088733323 0.942239940 16.799381256
0.944653511 -0.017685397 -0.327592641 -3.955151558 -0.014627774 0.995282292 -0.095912203 -0.617282093 0.327743441 0.095395766 0.939938247 17.471004486
0.943047762 -0.016269030 -0.332259387 -4.213202953 -0.018597102 0.994663000 -0.101487458 -0.687458575 0.332137197 0.101886570 0.937712193 18.145664215
0.941252172 -0.013236921 -0.337445050 -4.465837002 -0.023395007 0.994274914 -0.104259185 -0.765734851 0.336893171 0.106028706 0.935553789 18.826955795
0.939551532 -0.012058358 -0.342195392 -4.737957478 -0.025780756 0.994051695 -0.105813749 -0.842472434 0.341435850 0.108239509 0.933651865 19.525089264
0.937221885 -0.012063910 -0.348524898 -5.002246380 -0.026203347 0.994140267 -0.104875043 -0.926471233 0.347747833 0.107423715 0.931413710 20.223733902
0.934891641 -0.011613935 -0.354743332 -5.277761459 -0.026832413 0.994291782 -0.103266329 -1.009622335 0.353917718 0.106061444 0.929243326 20.937746048
0.932388127 -0.012305012 -0.361249298 -5.567864895 -0.026114887 0.994515240 -0.101278372 -1.095035791 0.360514134 0.103864707 0.926953018 21.650318146
0.929063678 -0.011463436 -0.369742185 -5.866887093 -0.026873920 0.994786978 -0.098369256 -1.176478744 0.368942380 0.101327725 0.923912466 22.388114929
0.925641954 -0.009636174 -0.378277868 -6.172519207 -0.027360279 0.995354712 -0.092305794 -1.257745385 0.377410084 0.095791891 0.921078444 23.122404099
0.922122478 -0.005597094 -0.386857420 -6.508450031 -0.030700466 0.995683968 -0.087584041 -1.335800529 0.385677874 0.092639931 0.917970717 23.891496658
0.918681860 -0.001921721 -0.394993544 -6.845887184 -0.033783168 0.995941818 -0.083418854 -1.414288878 0.393550903 0.089979522 0.914888680 24.629074097
0.914771497 -0.000531089 -0.403971374 -7.195111275 -0.035594393 0.996003926 -0.081911005 -1.487205505 0.402400494 0.089308977 0.911096931 25.389869690
0.910595298 -0.001066369 -0.413297862 -7.539357662 -0.035751041 0.996045113 -0.081338160 -1.553551674 0.411750048 0.088841967 0.906955898 26.131202698
0.906748116 -0.000905391 -0.421672046 -7.908155918 -0.036441620 0.996088088 -0.080501467 -1.619754076 0.420095384 0.088360958 0.903167903 26.901363373
0.902513921 -0.000566050 -0.430660516 -8.297119141 -0.037068319 0.996185899 -0.078991607 -1.687168241 0.429062575 0.087254889 0.899050534 27.698366165
0.898732066 -0.001600714 -0.438495219 -8.652643204 -0.035418849 0.996460855 -0.076231413 -1.768888116 0.437065333 0.084042601 0.895494699 28.434511185
0.894902289 -0.001340188 -0.446260095 -9.053390503 -0.034501012 0.996794641 -0.072179720 -1.838190675 0.444926471 0.079990216 0.891987681 29.224510193
0.891033649 0.001186214 -0.453935683 -9.463604927 -0.035261173 0.997156024 -0.066608660 -1.905795336 0.452565730 0.075356856 0.888541222 30.007949829
0.887289345 0.001290909 -0.461211354 -9.893019676 -0.034021102 0.997455001 -0.062658764 -1.969662666 0.459956706 0.071287356 0.885075092 30.813798904
0.883577049 -0.000014061 -0.468285769 -10.331811905 -0.032125235 0.997642338 -0.060644891 -2.033295393 0.467182577 0.068628229 0.881493390 31.618345261
0.879985511 -0.000475759 -0.475000292 -10.756003380 -0.031654891 0.997717738 -0.059643164 -2.095640898 0.473944604 0.067521207 0.877962053 32.430599213
0.876970828 0.000116588 -0.480543673 -11.220551491 -0.031855103 0.997814476 -0.057892043 -2.154368639 0.479486734 0.066077404 0.875057876 33.252853394
0.873533070 -0.002225636 -0.486759782 -11.668146133 -0.029034894 0.997970879 -0.056668732 -2.206833839 0.485898077 0.063635036 0.871695817 34.080348969
0.871006191 -0.002941158 -0.491263390 -12.170060158 -0.028425038 0.998005152 -0.056372356 -2.273690939 0.490449101 0.063064843 0.869184971 34.926517487
0.868431687 -0.005265738 -0.495780885 -12.624042511 -0.026566474 0.998012900 -0.057134997 -2.323447227 0.495096594 0.062788986 0.866566181 35.769062042
0.866900623 -0.005028978 -0.498455614 -13.126890182 -0.027373534 0.997960031 -0.057675861 -2.383991480 0.497728765 0.063643731 0.864994526 36.635238647
0.866501153 -0.005011152 -0.499149859 -13.628131866 -0.026943643 0.998022377 -0.056792442 -2.447050571 0.498447359 0.062659636 0.864652455 37.488262177
0.866223633 -0.004749688 -0.499633789 -14.139722824 -0.026648765 0.998092413 -0.055689625 -2.503481627 0.498945206 0.061554302 0.864444733 38.368392944
0.866074085 -0.005216227 -0.499888361 -14.659646988 -0.025581514 0.998173058 -0.054736588 -2.573796272 0.499260664 0.060193844 0.864358425 39.240783691
0.865379870 -0.007495488 -0.501060426 -15.183524132 -0.023335919 0.998200595 -0.055235729 -2.641247034 0.500572801 0.059492588 0.863647759 40.145572662
0.864088178 -0.010325778 -0.503234446 -15.712680817 -0.020592868 0.998227239 -0.055841822 -2.703284025 0.502919018 0.058615305 0.862343729 41.053695679
0.862354934 -0.010903826 -0.506186843 -16.257780075 -0.019114777 0.998354137 -0.054070160 -2.764358282 0.505943298 0.056303315 0.860727191 41.990184784
0.860334337 -0.010048493 -0.509631038 -16.802455902 -0.018056544 0.998577416 -0.050171323 -2.829969406 0.509410203 0.052366290 0.858928978 42.891864777
0.857549727 -0.010047127 -0.514302909 -17.355455399 -0.015914924 0.998812437 -0.046048805 -2.894583941 0.514154792 0.047674235 0.856371462 43.805110931
0.853430808 -0.010393994 -0.521102488 -17.922554016 -0.014700626 0.998923361 -0.044000506 -2.963576555 0.520998776 0.045211922 0.852359176 44.718181610
0.848001778 -0.013847876 -0.529812396 -18.487474442 -0.012793116 0.998832524 -0.046583086 -3.022615194 0.529838979 0.046280496 0.846834540 45.623367310
0.841957808 -0.017679334 -0.539253652 -19.062582016 -0.010980704 0.998694539 -0.049886618 -3.081805468 0.539431632 0.047923807 0.840664506 46.520069122
0.835780859 -0.017763456 -0.548775673 -19.651056290 -0.011047514 0.998730183 -0.049153417 -3.143283844 0.548951924 0.047144093 0.834523320 47.406108856
0.829883695 -0.014154167 -0.557756722 -20.256330490 -0.012448869 0.998959541 -0.043873157 -3.210253000 0.557797372 0.043353062 0.828844011 48.293476105
0.824623287 -0.009506557 -0.565602422 -20.866809845 -0.015676027 0.999090731 -0.039647508 -3.268784285 0.565465033 0.041560657 0.823724449 49.172836304
0.820854843 -0.009140957 -0.571063638 -21.493957520 -0.017298499 0.999015331 -0.040856235 -3.325102568 0.570874810 0.043415587 0.819888413 50.037555695
0.817100227 -0.012149632 -0.576367557 -22.105777740 -0.016946256 0.998839676 -0.045079432 -3.389543295 0.576246500 0.046601687 0.815946221 50.916118622
0.814138353 -0.014406713 -0.580492139 -22.736051559 -0.019565888 0.998443961 -0.052220579 -3.449531555 0.580341220 0.053872615 0.812589586 51.781532288
0.810657978 -0.015554541 -0.585313261 -23.372915268 -0.019544665 0.998371124 -0.053600758 -3.515464544 0.585193694 0.054891635 0.809033513 52.667747498
0.807316601 -0.014074962 -0.589950621 -24.015460968 -0.018771432 0.998597145 -0.049512107 -3.583308458 0.589819968 0.051046167 0.805919826 53.527538300
0.804115891 -0.011631017 -0.594358742 -24.651199341 -0.018696751 0.998819232 -0.044840995 -3.639919043 0.594178498 0.047169939 0.802948892 54.370079041
0.801500142 -0.009093350 -0.597925365 -25.306644440 -0.019546166 0.998951733 -0.041393250 -3.704719543 0.597674966 0.044863846 0.800482273 55.224002838
0.798129380 -0.008910206 -0.602420151 -25.958473206 -0.020924270 0.998877525 -0.042496048 -3.752054453 0.602122605 0.046522554 0.797047079 56.086093903
0.794885874 -0.009744829 -0.606680810 -26.632551193 -0.021099741 0.998822451 -0.043688942 -3.815807104 0.606391966 0.047528531 0.793744087 56.934280396
0.790675104 -0.012763762 -0.612102926 -27.295263290 -0.019968934 0.998713136 -0.046620063 -3.871235132 0.611910224 0.049084369 0.789402664 57.796241760
0.786462307 -0.014050505 -0.617478311 -27.951694489 -0.019132880 0.998707235 -0.047094174 -3.931336164 0.617341697 0.048851941 0.785176873 58.618434906
0.782014132 -0.014015717 -0.623103023 -28.637594223 -0.018515104 0.998783469 -0.045703102 -3.999817371 0.622985542 0.047277290 0.780803323 59.465591431
0.777208745 -0.013776943 -0.629091978 -29.324501038 -0.018557886 0.998823524 -0.044801217 -4.059575558 0.628969133 0.046494510 0.776038766 60.297584534
0.771651804 -0.015292854 -0.635861158 -30.021436691 -0.018063679 0.998780727 -0.045942541 -4.123854637 0.635788500 0.046937644 0.770434797 61.150093079
0.766033173 -0.016754122 -0.642582595 -30.722085953 -0.017310305 0.998760045 -0.046676662 -4.195287228 0.642567813 0.046879180 0.764793396 61.984016418
0.760414243 -0.017897757 -0.649191678 -31.435413361 -0.016905729 0.998735845 -0.047336534 -4.257916451 0.649218261 0.046970438 0.759150505 62.811733246
0.754697204 -0.019357875 -0.655787528 -32.159236908 -0.016682750 0.998675168 -0.048678357 -4.321689129 0.655861020 0.047677759 0.753374457 63.639488220
0.748832166 -0.020978671 -0.662427485 -32.891616821 -0.016575115 0.998593450 -0.050361961 -4.380640030 0.662552357 0.048692472 0.747431219 64.455627441
0.742319107 -0.022050366 -0.669683576 -33.656166077 -0.015350894 0.998636305 -0.049897540 -4.456558704 0.669870615 0.047320139 0.740968406 65.296920776
0.736095488 -0.021946039 -0.676521778 -34.416458130 -0.014491194 0.998734236 -0.048165716 -4.523797512 0.676722467 0.045258187 0.734845817 66.114700317
0.729468763 -0.022330197 -0.683649540 -35.179111481 -0.013753796 0.998786092 -0.047299173 -4.589441299 0.683875799 0.043906044 0.728276134 66.919631958
0.722792923 -0.024080416 -0.690645039 -35.941207886 -0.012437813 0.998777568 -0.047840703 -4.657932758 0.690952718 0.043169029 0.721609831 67.718940735
0.716060638 -0.026542429 -0.697533250 -36.728324890 -0.011319553 0.998703837 -0.049622741 -4.721613407 0.697946191 0.043428663 0.714832127 68.531410217
0.710285842 -0.025806384 -0.703440189 -37.537528992 -0.012681723 0.998696387 -0.049443282 -4.786316872 0.703799129 0.044039700 0.709032655 69.324516296
0.704518139 -0.025332842 -0.709233582 -38.351783752 -0.012934575 0.998738348 -0.048522118 -4.852769852 0.709568143 0.043358356 0.703301728 70.127044678
0.699613214 -0.024961969 -0.714085579 -39.169475555 -0.013564500 0.998745441 -0.048202287 -4.919901371 0.714393079 0.043409169 0.698396981 70.918174744
0.694354653 -0.025507553 -0.719180763 -40.000511169 -0.014461491 0.998675227 -0.049382806 -4.982954502 0.719487667 0.044689611 0.693066001 71.719535828
0.689624071 -0.027034549 -0.723662734 -40.827667236 -0.015774025 0.998505056 -0.052334160 -5.057495594 0.723995745 0.047505971 0.688166678 72.484382629
0.684878767 -0.030339461 -0.728025138 -41.673137665 -0.014000865 0.998400390 -0.054778099 -5.125986576 0.728522480 0.047709342 0.683358490 73.261825562
0.679912806 -0.030306138 -0.732666433 -42.544998169 -0.015135288 0.998352706 -0.055341553 -5.201861382 0.733136714 0.048716549 0.678334236 74.050949097
0.674620211 -0.029601742 -0.737571239 -43.423686981 -0.015701342 0.998394012 -0.054430876 -5.273135185 0.737998009 0.048301026 0.673072040 74.860229492
0.669364274 -0.029653650 -0.742342412 -44.300319672 -0.014820947 0.998471260 -0.053248908 -5.347776413 0.742786646 0.046645131 0.667901397 75.642829895
0.664212883 -0.031143636 -0.746894479 -45.186721802 -0.014141356 0.998429537 -0.054207917 -5.420769691 0.747409701 0.046567693 0.662729323 76.427124023
0.659386933 -0.032234319 -0.751112401 -46.064407349 -0.013101016 0.998436093 -0.054349445 -5.491935253 0.751689613 0.045677647 0.657933414 77.194702148
0.655304909 -0.032394815 -0.754669547 -46.973205566 -0.012938325 0.998452008 -0.054094158 -5.572806358 0.755253792 0.045212325 0.653871298 77.954803467
0.650871813 -0.033501826 -0.758448124 -47.870429993 -0.011152332 0.998496175 -0.053675633 -5.650004387 0.759105682 0.043394428 0.649519324 78.730331421
0.647248685 -0.036184091 -0.761419594 -48.786663055 -0.008938712 0.998443723 -0.055046324 -5.726688385 0.762226403 0.042434778 0.645918071 79.495201111
0.642722070 -0.040721655 -0.765016317 -49.698650360 -0.006136665 0.998280525 -0.058293931 -5.802730083 0.766074777 0.042161457 0.641367137 80.257049561
0.638427854 -0.045060176 -0.768361509 -50.636264801 -0.002204689 0.998173654 -0.060369257 -5.873904228 0.769678533 0.040235415 0.637162447 81.026992798
0.631264508 -0.048579272 -0.774044693 -51.565914154 0.002901284 0.998177290 -0.060279787 -5.956822872 0.775562227 0.035806764 0.630254745 81.798881531
0.623337209 -0.052182026 -0.780210018 -52.499763489 0.007362868 0.998118341 -0.060873725 -6.042975426 0.781918406 0.032200277 0.622548521 82.535514832
0.614172518 -0.053340577 -0.787367046 -53.452796936 0.010311293 0.998170316 -0.059578404 -6.127554893 0.789104402 0.028472651 0.613598764 83.272857666
0.605638206 -0.051292401 -0.794085205 -54.432491302 0.010047300 0.998333752 -0.056822497 -6.212052345 0.795676589 0.026435468 0.605144501 84.010375977
0.596797407 -0.051293038 -0.800750673 -55.416767120 0.009812526 0.998346686 -0.056637026 -6.294044495 0.802331805 0.025943445 0.596314013 84.736076355
0.586832881 -0.052729554 -0.807989240 -56.402156830 0.009530915 0.998258054 -0.058224339 -6.378548622 0.809651971 0.026467083 0.586313307 85.447807312
0.577254891 -0.054852627 -0.814719677 -57.423831940 0.009626467 0.998129010 -0.060380384 -6.466271877 0.816507280 0.027012002 0.576702952 86.148910522
0.567711592 -0.056800108 -0.821265697 -58.455448151 0.009900225 0.998015821 -0.062180769 -6.544765472 0.823167980 0.027170029 0.567147434 86.853797913
0.557155013 -0.057264611 -0.828431726 -59.492286682 0.012667115 0.998089433 -0.060472898 -6.637717724 0.830311894 0.023198934 0.556815922 87.568183899
0.546955287 -0.057366125 -0.835194051 -60.534175873 0.014029604 0.998137414 -0.059370283 -6.725977898 0.837044239 0.020755455 0.546741366 88.237113953
0.536916077 -0.058129553 -0.841630638 -61.588939667 0.014232417 0.998105407 -0.059857383 -6.809300423 0.843515575 0.020159954 0.536726177 88.898132324
0.526541770 -0.058441356 -0.848138213 -62.670520782 0.013585544 0.998085439 -0.060339354 -6.911117077 0.850040674 0.020248774 0.526327670 89.557090759
0.515721262 -0.059890971 -0.854660511 -63.742679596 0.013006721 0.997985959 -0.062086057 -6.988208771 0.856657684 0.020902770 0.515461624 90.224212646
0.505906165 -0.060732339 -0.860447884 -64.828712463 0.012494100 0.997929513 -0.063090116 -7.083544731 0.862498045 0.021167157 0.505617499 90.856948853
0.496035874 -0.060846843 -0.866167486 -65.919158936 0.011232261 0.997907817 -0.063668907 -7.172278881 0.868229389 0.021853043 0.495681524 91.478851318
0.487490207 -0.058686577 -0.871153951 -67.039886475 0.010568336 0.998062074 -0.061321985 -7.264563560 0.873064399 0.020687224 0.487165749 92.095726013
0.479301035 -0.057360142 -0.875774145 -68.159118652 0.011170775 0.998179793 -0.059263658 -7.351733685 0.877579391 0.018622056 0.479069412 92.708992004
0.471704900 -0.057196334 -0.879899502 -69.266624451 0.010556431 0.998188674 -0.059226334 -7.444319248 0.881693244 0.018648753 0.471454322 93.299530029
0.463815689 -0.060422003 -0.883868873 -70.370460510 0.013073789 0.998029590 -0.061365582 -7.534613609 0.885835230 0.016906805 0.463691771 93.885864258
0.456723094 -0.063730836 -0.887323141 -71.509742737 0.015979297 0.997857392 -0.063444942 -7.628240585 0.889465392 0.014797972 0.456762850 94.469871521
0.450662702 -0.066697091 -0.890199184 -72.642219543 0.017030494 0.997665763 -0.066127211 -7.727474213 0.892531812 0.014640545 0.450746745 95.043624878
0.445043862 -0.070437096 -0.892734349 -73.785133362 0.019329401 0.997425020 -0.069061190 -7.828462601 0.895300090 0.013479242 0.445259511 95.614318848
0.439996153 -0.071360022 -0.895159841 -74.923423767 0.022624582 0.997402012 -0.068389915 -7.936285019 0.897714615 0.009838683 0.440467566 96.182182312
0.435771495 -0.068747394 -0.897428036 -76.072860718 0.024272950 0.997613609 -0.064635687 -8.037959099 0.899729967 0.006383161 0.436400265 96.741744995
0.432464629 -0.067292094 -0.899136424 -77.213661194 0.027975149 0.997732341 -0.061215688 -8.138467789 0.901216805 0.001320143 0.433366507 97.281661987
0.428295165 -0.066543266 -0.901185453 -78.358688354 0.028173091 0.997783422 -0.060286548 -8.224895477 0.903199613 0.000431257 0.429220557 97.845359802
0.425603777 -0.066496775 -0.902463078 -79.490516663 0.029924266 0.997785091 -0.059408091 -8.316236496 0.904414713 -0.001721239 0.426650971 98.372772217
0.423414648 -0.065093420 -0.903594375 -80.613388062 0.031415988 0.997870386 -0.057163700 -8.417828560 0.905391157 -0.004183365 0.424557924 98.891777039
0.420780718 -0.064834170 -0.904842615 -81.769798279 0.033610549 0.997872174 -0.055869982 -8.498779297 0.906539500 -0.006903242 0.422064483 99.426498413
0.418055624 -0.066181377 -0.906007528 -82.908912659 0.036630742 0.997759521 -0.055981241 -8.581309319 0.907682538 -0.009784451 0.419543326 99.959091187
0.415618658 -0.066225268 -0.907124758 -84.006599426 0.038248215 0.997736037 -0.055316165 -8.668925285 0.908734381 -0.011705469 0.417210788 100.472534180
0.413231254 -0.065702990 -0.908252776 -85.114784241 0.041567061 0.997714996 -0.053262766 -8.748080254 0.909676969 -0.015743561 0.415018082 100.987205505
0.411294967 -0.064904429 -0.909188569 -86.223442078 0.043520983 0.997722268 -0.051536772 -8.834873199 0.910462737 -0.018371968 0.413182825 101.483428955
0.409767807 -0.066527262 -0.909760594 -87.322822571 0.045688536 0.997582018 -0.052370582 -8.913526535 0.911044955 -0.020105859 0.411816508 101.978096008
0.408084720 -0.066855028 -0.910492897 -88.386795044 0.047179747 0.997526705 -0.052099645 -9.010344505 0.911724150 -0.021695761 0.410229594 102.465118408
0.407389760 -0.068063311 -0.910714567 -89.450721741 0.046986796 0.997460127 -0.053527761 -9.091188431 0.912044823 -0.020984901 0.409553200 102.940666199
0.407636911 -0.068721764 -0.910554528 -90.502799988 0.046555817 0.997431278 -0.054436475 -9.176030159 0.911956549 -0.020201296 0.409789205 103.424575806
0.410379648 -0.068289027 -0.909354210 -91.559669495 0.043721814 0.997518718 -0.055178780 -9.259394646 0.910866022 -0.017114364 0.412347108 103.882904053
0.414702773 -0.068727963 -0.907357752 -92.594352722 0.041637778 0.997532368 -0.056527950 -9.339191437 0.909003794 -0.014338064 0.416541159 104.352783203
0.419555724 -0.069069602 -0.905097961 -93.634246826 0.040257297 0.997535646 -0.057462532 -9.425135612 0.906836390 -0.012328068 0.421302378 104.826744080
0.425439000 -0.068894878 -0.902360857 -94.647369385 0.040369995 0.997550189 -0.057129186 -9.512759209 0.904086232 -0.012123320 0.427178055 105.305580139
0.432219326 -0.067845099 -0.899212718 -95.654502869 0.039181180 0.997636914 -0.056438193 -9.590746880 0.900916934 -0.010838535 0.433856189 105.790351868
0.440748781 -0.065994717 -0.895201206 -96.670989990 0.037754826 0.997774065 -0.054968003 -9.672532082 0.896836102 -0.009571080 0.442259341 106.273147583
0.449398279 -0.065890923 -0.890898168 -97.642700195 0.037854761 0.997784972 -0.054701097 -9.750933647 0.892529011 -0.009142162 0.450897157 106.766265869
0.459091008 -0.065496929 -0.885971606 -98.631492615 0.036706831 0.997825444 -0.054745238 -9.823743820 0.887630522 -0.007388167 0.460496902 107.268882751
0.468533128 -0.065852270 -0.880988181 -99.604202271 0.035513941 0.997815788 -0.055697672 -9.907200813 0.882731736 -0.005191160 0.469848514 107.788467407
0.478862524 -0.067556217 -0.875286698 -100.573959351 0.034403410 0.997712851 -0.058183473 -9.980447769 0.877215505 -0.002250966 0.480091512 108.317604065
0.490340620 -0.068855092 -0.868806660 -101.531303406 0.032917324 0.997626126 -0.060486339 -10.054229736 0.870909035 0.001060120 0.491443098 108.853729248
0.502823055 -0.067103572 -0.861780763 -102.482765198 0.030832168 0.997740090 -0.059700567 -10.136592865 0.863839209 0.003448253 0.503755689 109.400398254
0.516079724 -0.064471371 -0.854110718 -103.426063538 0.028889608 0.997906029 -0.057869587 -10.212464333 0.856053174 0.005190398 0.516861677 109.949455261
0.528843284 -0.059929546 -0.846600890 -104.352836609 0.026476068 0.998183310 -0.054121103 -10.320350647 0.848306477 0.006206921 0.529469311 110.515434265
0.540629804 -0.059584495 -0.839147806 -105.267425537 0.026978265 0.998203516 -0.053497355 -10.393169403 0.840827882 0.006283516 0.541266024 111.100311279
0.551615179 -0.058984313 -0.832010508 -106.155906677 0.026649565 0.998233557 -0.053100068 -10.481720924 0.833672881 0.007118085 0.552212656 111.699798584
0.563688397 -0.060675956 -0.823755860 -107.037841797 0.026869191 0.998117447 -0.055132687 -10.548559189 0.825550377 0.008944002 0.564257443 112.276382446
0.574881554 -0.062435128 -0.815851092 -107.895713806 0.029587662 0.998018682 -0.055527322 -10.625655174 0.817701519 0.007782504 0.575589836 112.877288818
0.585780680 -0.062107738 -0.808086514 -108.755622864 0.029704982 0.998034835 -0.055173647 -10.704798698 0.809925139 0.008315459 0.586474359 113.499588013
0.595914304 -0.059147976 -0.800866842 -109.585571289 0.028150547 0.998209476 -0.052776262 -10.778775215 0.802554488 0.008905287 0.596512377 114.114311218
0.605881512 -0.056496706 -0.793546319 -110.400283813 0.028045118 0.998371959 -0.049666550 -10.843595505 0.795060515 0.007836943 0.606479645 114.737617493
0.616040885 -0.055414699 -0.785762548 -111.199211121 0.027441736 0.998426676 -0.048898082 -10.909200668 0.787236035 0.008560531 0.616592467 115.355712891
0.626443684 -0.054505009 -0.777558625 -111.989807129 0.025994018 0.998458147 -0.049047336 -10.988303185 0.779033065 0.010513525 0.626894593 115.983589172
0.636147618 -0.054073468 -0.769670248 -112.758018494 0.024344601 0.998451233 -0.050025277 -11.053082466 0.771183252 0.013086149 0.636478782 116.609466553
0.645455062 -0.054527175 -0.761849523 -113.528472900 0.024405772 0.998411536 -0.050781339 -11.102819443 0.763408303 0.014183544 0.645760596 117.252128601
0.655037165 -0.052076347 -0.753799975 -114.274024963 0.023551779 0.998544633 -0.048518531 -11.172670364 0.755229592 0.014028110 0.655310333 117.895439148
0.663483381 -0.050049461 -0.746515274 -114.990325928 0.024104992 0.998672009 -0.045531206 -11.237306595 0.747802615 0.012214454 0.663808584 118.532653809
0.671606123 -0.049525887 -0.739251316 -115.707321167 0.024530645 0.998702765 -0.044621773 -11.299440384 0.740502179 0.011833943 0.671949625 119.186744690
0.679541111 -0.048374310 -0.732040823 -116.408226013 0.022947684 0.998737037 -0.044696037 -11.356046677 0.733278513 0.013574147 0.679792881 119.828819275
0.687104166 -0.047806706 -0.724984288 -117.114372253 0.022758456 0.998759389 -0.044290569 -11.408223152 0.726202369 0.013932713 0.687339902 120.478370667
0.694154084 -0.045304336 -0.718399286 -117.792182922 0.022160565 0.998889446 -0.041580167 -11.460355759 0.719485283 0.012942908 0.694387078 121.137161255
0.701855958 -0.042369679 -0.711057663 -118.461318970 0.021237509 0.999030292 -0.038566381 -11.517130852 0.712002218 0.011966950 0.702075183 121.788085938
0.709196985 -0.040373854 -0.703853309 -119.111106873 0.019745052 0.999104738 -0.037414860 -11.578018188 0.704733849 0.012636879 0.709359229 122.436233521
0.716663003 -0.039551876 -0.696297228 -119.748710632 0.019010326 0.999127507 -0.037187241 -11.625724792 0.697160542 0.013413878 0.716789603 123.096832275
0.724863827 -0.036522601 -0.687923372 -120.371765137 0.016420806 0.999225914 -0.035747413 -11.675915718 0.688696444 0.014615747 0.724902391 123.732292175
0.733953714 -0.033879988 -0.678354025 -120.976936340 0.015828455 0.999336958 -0.032785501 -11.720151901 0.679015100 0.013325741 0.734003305 124.385879517
0.743403316 -0.029687520 -0.668184280 -121.571060181 0.013746412 0.999481618 -0.029113229 -11.771099091 0.668702185 0.012457735 0.743426025 125.041313171
0.753596663 -0.027693423 -0.656753480 -122.145492554 0.012151740 0.999528348 -0.028203653 -11.812416077 0.657224834 0.013273484 0.753577769 125.694099426
0.763736129 -0.026771966 -0.644973159 -122.702163696 0.010438345 0.999521196 -0.029128352 -11.852540016 0.645444155 0.015513922 0.763649881 126.340148926
0.773596287 -0.027953651 -0.633061945 -123.238708496 0.010746885 0.999461591 -0.030999886 -11.891050339 0.633587599 0.017177956 0.773480237 126.999610901
0.783651769 -0.026954927 -0.620615304 -123.775810242 0.010286000 0.999484241 -0.030422043 -11.927639008 0.621115208 0.017456636 0.783524811 127.671623230
0.793967783 -0.025370829 -0.607430100 -124.297691345 0.009989486 0.999538422 -0.028691016 -11.966277122 0.607877612 0.016711831 0.793854833 128.350051880
0.804118991 -0.022962468 -0.594024718 -124.799041748 0.009514923 0.999622822 -0.025761010 -12.002910614 0.594392240 0.015062817 0.804034293 129.032897949
0.813933134 -0.021154128 -0.580573201 -125.293067932 0.009437712 0.999686360 -0.023194024 -12.038990974 0.580881834 0.013399103 0.813877583 129.714843750
0.823114216 -0.019776158 -0.567531407 -125.773551941 0.010096126 0.999745011 -0.020194216 -12.072308540 0.567786157 0.010892279 0.823104084 130.417465210
0.831361473 -0.018851791 -0.555412233 -126.244163513 0.010508839 0.999779046 -0.018204464 -12.097457886 0.555632651 0.009297753 0.831375897 131.117202759
0.838741720 -0.019268828 -0.544188321 -126.717826843 0.012221960 0.999788105 -0.016563514 -12.132449150 0.544392228 0.007241466 0.838799477 131.843246460
0.845133364 -0.019021023 -0.534217000 -127.155120850 0.012345224 0.999794662 -0.016067924 -12.157764435 0.534412920 0.006984510 0.845194697 132.552841187
0.851867378 -0.018179407 -0.523442090 -127.599464417 0.011403508 0.999804318 -0.016165251 -12.182465553 0.523633480 0.007801574 0.851907849 133.278213501
0.858853817 -0.016428782 -0.511957288 -128.052307129 0.009942852 0.999831915 -0.015404729 -12.206709862 0.512124300 0.008140096 0.858872771 134.012680054
0.865106046 -0.015486088 -0.501349926 -128.479171753 0.009254991 0.999845922 -0.014914040 -12.229225159 0.501503706 0.008262237 0.865116060 134.753417969
0.871318400 -0.015938919 -0.490459204 -128.908569336 0.009888507 0.999839723 -0.014925449 -12.256792068 0.490618438 0.008154911 0.871336341 135.494628906
0.876143396 -0.017234467 -0.481742322 -129.318756104 0.010961505 0.999814570 -0.015832990 -12.283331871 0.481925905 0.008591349 0.876169801 136.265640259
0.880557120 -0.017622581 -0.473612249 -129.722915649 0.011315577 0.999805331 -0.016163304 -12.305108070 0.473804921 0.008873515 0.880585134 137.023727417
0.884039044 -0.016906479 -0.467107236 -130.133010864 0.010831549 0.999818265 -0.015687827 -12.326876640 0.467287570 0.008809153 0.884061515 137.807022095
0.887189329 -0.014861871 -0.461166143 -130.546295166 0.010438358 0.999871731 -0.012141322 -12.349486351 0.461287498 0.005957833 0.887230754 138.599334717
0.890521705 -0.010927469 -0.454809487 -130.960281372 0.008162214 0.999934316 -0.008043196 -12.368994713 0.454867482 0.003450388 0.890552402 139.393371582
0.893988013 -0.008140210 -0.448016852 -131.370269775 0.006490750 0.999965310 -0.005216935 -12.385598183 0.448043793 0.001755911 0.894009888 140.200332642
0.897242308 -0.005399831 -0.441505462 -131.778549194 0.004576412 0.999985218 -0.002929976 -12.399988174 0.441514760 0.000608387 0.897253752 141.021575928
0.900613546 -0.003857420 -0.434603631 -132.192947388 0.003918638 0.999992013 -0.000755194 -12.408047676 0.434603095 -0.001022917 0.900621533 141.861129761
0.904026866 -0.002386002 -0.427468896 -132.601257324 0.003552855 0.999991834 0.001932056 -12.414419174 0.427460819 -0.003265366 0.904027998 142.710433960
0.907537878 -0.002519255 -0.419962764 -133.001831055 0.004545520 0.999982357 0.003824198 -12.420537949 0.419945717 -0.005379554 0.907533288 143.580230713
0.911123991 -0.002980518 -0.412121356 -133.419326782 0.005487827 0.999972939 0.004900629 -12.427122116 0.412095577 -0.006726731 0.911115706 144.487121582
0.914914370 -0.003444090 -0.403633296 -133.820739746 0.005919052 0.999970555 0.004884228 -12.432024002 0.403604567 -0.006857777 0.914907813 145.383407593
0.918814719 -0.006000647 -0.394643456 -134.213592529 0.008448467 0.999954343 0.004465303 -12.437018394 0.394598633 -0.007436917 0.918823481 146.301025391
0.922733724 -0.007274397 -0.385369301 -134.598983765 0.009238502 0.999952018 0.003245278 -12.447789192 0.385327220 -0.006554763 0.922756732 147.233001709
0.927097380 -0.008701941 -0.374719381 -134.942703247 0.009796118 0.999951482 0.001015261 -12.445915222 0.374692380 -0.004612041 0.927137673 148.162170410
0.932590187 -0.006727371 -0.360874355 -135.326217651 0.007298916 0.999973297 0.000220872 -12.449845314 0.360863179 -0.002839974 0.932614446 149.125183105
0.938558400 -0.003243994 -0.345105171 -135.684234619 0.004013611 0.999990821 0.001515608 -12.457396507 0.345097154 -0.002807605 0.938562810 150.099121094
0.945102751 0.000036276 -0.326773375 -136.033584595 0.001495122 0.999989092 0.004435245 -12.461170197 0.326769948 -0.004680328 0.945092380 151.104797363
0.951854706 0.003513013 -0.306529462 -136.373168945 -0.001695581 0.999979377 0.006195143 -12.468016624 0.306544870 -0.005377132 0.951840937 152.114593506
0.958448172 0.005253035 -0.285218507 -136.693572998 -0.003399343 0.999969780 0.006993874 -12.470496178 0.285246611 -0.005733710 0.958436966 153.152526855
0.964504480 0.006811112 -0.263978571 -136.988204956 -0.004700669 0.999951899 0.008625571 -12.476657867 0.264024645 -0.007078528 0.964489996 154.202285767
0.970173001 0.007799176 -0.242288202 -137.262313843 -0.005197231 0.999921739 0.011376336 -12.475445747 0.242358014 -0.009777786 0.970137656 155.278381348
0.975315392 0.010214715 -0.220580086 -137.502868652 -0.007076179 0.999862254 0.015014060 -12.480583191 0.220703065 -0.013082582 0.975253224 156.349029541
0.980117083 0.012639421 -0.198017001 -137.735519409 -0.009035846 0.999777019 0.019091360 -12.471097946 0.198214129 -0.016922517 0.980012655 157.453781128
0.984332383 0.014193636 -0.175750583 -137.943725586 -0.010387000 0.999691546 0.022560360 -12.464424133 0.176016599 -0.020381376 0.984176159 158.575607300
0.988000572 0.016088696 -0.153609231 -138.127670288 -0.012798344 0.999667645 0.022385199 -12.451706886 0.153918281 -0.020150652 0.987878025 159.721832275
0.991179645 0.015505124 -0.131615534 -138.286193848 -0.012943846 0.999710321 0.020293629 -12.438691139 0.131892055 -0.018411022 0.991093040 160.877166748
0.993752241 0.015762059 -0.110489830 -138.421707153 -0.013719446 0.999721050 0.019222887 -12.424537659 0.110762015 -0.017586924 0.993691266 162.037918091
0.995807171 0.014356658 -0.090343870 -138.526565552 -0.012501569 0.999699891 0.021066150 -12.411071777 0.090619214 -0.019848384 0.995687783 163.231140137
0.997436285 0.015328703 -0.069899328 -138.627151489 -0.013757989 0.999643147 0.022897424 -12.401114464 0.070225388 -0.021877052 0.997291207 164.418441772
0.998632729 0.015839102 -0.049816623 -138.691558838 -0.014655805 0.999603868 0.024029285 -12.386775017 0.050177488 -0.023266328 0.998469234 165.639328003
0.999411464 0.017548254 -0.029472644 -138.724716187 -0.016832637 0.999561548 0.024355853 -12.371751785 0.029887127 -0.023845417 0.999268830 166.852783203
0.999799073 0.017999856 -0.008822552 -138.745300293 -0.017773407 0.999526799 0.025106372 -12.353506088 0.009270286 -0.024944520 0.999645829 168.092025757
0.999726474 0.020294825 0.011624341 -138.741119385 -0.020575464 0.999486744 0.024553997 -12.336014748 -0.011120055 -0.024786456 0.999630928 169.349746704
0.999249876 0.021317108 0.032328159 -138.719512939 -0.022077940 0.999483168 0.023363087 -12.319548607 -0.031813405 -0.024059301 0.999204218 170.628936768
0.998428106 0.021915141 0.051583901 -138.661163330 -0.023004759 0.999522567 0.020625183 -12.298973083 -0.051107280 -0.021779437 0.998455584 171.913284302
0.997259974 0.023479434 0.070150450 -138.570312500 -0.024818275 0.999525070 0.018275026 -12.289515495 -0.069688037 -0.019965969 0.997368932 173.206741333
0.995686591 0.024117498 0.089592665 -138.468887329 -0.025692290 0.999534428 0.016465625 -12.279294968 -0.089153841 -0.018696446 0.995842397 174.508300781
0.993753254 0.024371075 0.108905941 -138.338912964 -0.025965568 0.999575138 0.013246752 -12.269910812 -0.108536825 -0.015991809 0.993963838 175.823867798
0.991563380 0.025357170 0.127118334 -138.174530029 -0.026589694 0.999614358 0.008008089 -12.271847725 -0.126866266 -0.011320566 0.991855145 177.144760132
0.989087284 0.026471643 0.144933254 -137.986816406 -0.026947599 0.999635994 0.001321433 -12.277787209 -0.144845515 -0.005212617 0.989440560 178.473022461
0.986300349 0.028937524 0.162401378 -137.782836914 -0.028692324 0.999580860 -0.003855573 -12.290262222 -0.162444890 -0.000856920 0.986717165 179.796218872
0.983174443 0.031326920 0.179962829 -137.551589966 -0.030400114 0.999506533 -0.007906334 -12.310011864 -0.180121705 0.002302415 0.983641624 181.139862061
0.979688704 0.033375025 0.197727010 -137.296264648 -0.031908169 0.999434590 -0.010600837 -12.338531494 -0.197969034 0.004076413 0.980199814 182.479003906
0.976081669 0.032344751 0.214984626 -137.009017944 -0.030818732 0.999470532 -0.010447383 -12.366460800 -0.215208650 0.003571946 0.976561546 183.840667725
0.972197950 0.031611461 0.232016921 -136.695587158 -0.029845215 0.999492764 -0.011119754 -12.395764351 -0.232250705 0.003886008 0.972648144 185.199584961
0.967991412 0.031728085 0.248970345 -136.354949951 -0.028536823 0.999457836 -0.016417576 -12.430118561 -0.249356300 0.008787249 0.968371868 186.547500610
0.963653743 0.032956135 0.265113562 -135.994125366 -0.028495189 0.999380410 -0.020656124 -12.467476845 -0.265630037 0.012350890 0.963995934 187.896438599
0.958837092 0.035332426 0.281749964 -135.599197388 -0.030751696 0.999313414 -0.020664791 -12.508507729 -0.282286674 0.011149876 0.959265292 189.273468018
0.953500926 0.037240326 0.299080253 -135.181167603 -0.032296907 0.999247909 -0.021456411 -12.551848412 -0.299654335 0.010799340 0.953986704 190.648239136
0.947594166 0.041123256 0.316818565 -134.749206543 -0.035172924 0.999081373 -0.024480321 -12.598186493 -0.317534268 0.012053979 0.948170185 192.024185181
0.941716433 0.041412678 0.333848923 -134.277053833 -0.033905629 0.999024630 -0.028284663 -12.654333115 -0.334694684 0.015316777 0.942202151 193.392608643
0.935451746 0.042277534 0.350916862 -133.768493652 -0.033687491 0.998965383 -0.030550733 -12.712327957 -0.351845473 0.016757229 0.935908079 194.776443481
0.928692579 0.043188643 0.368327022 -133.245483398 -0.032367948 0.998845041 -0.035508908 -12.780908585 -0.369435221 0.021054862 0.929017901 196.149429321
0.920774102 0.046410624 0.387325644 -132.695266724 -0.032865431 0.998596728 -0.041525416 -12.851583481 -0.388709366 0.025505897 0.921007335 197.522125244
0.911328852 0.049941503 0.408638716 -132.102340698 -0.034500420 0.998387635 -0.045075882 -12.930168152 -0.410230994 0.026980747 0.911582470 198.895843506
0.900192797 0.052893519 0.432267398 -131.488830566 -0.036408562 0.998262405 -0.046329878 -13.016036987 -0.433966845 0.025967594 0.900554538 200.241165161
