1.000000000 0.000000000 0.000000000 0.000000000 0.000000000 1.000000000 0.000000000 0.000000000 0.000000000 0.000000000 1.000000000 0.000000000
0.999873757 0.001517692 0.015817009 0.010558942 -0.001502718 0.999998391 -0.000958552 -0.003108304 -0.015818438 0.000934662 0.999874473 0.126279384
0.999291956 0.004308249 0.037376057 0.027095800 -0.004296062 0.999990702 -0.000406388 -0.004715269 -0.037377462 0.000245530 0.999301195 0.272593170
0.997895122 0.005976222 0.064572610 0.056329377 -0.006051830 0.999981225 0.000975354 -0.004986629 -0.064565569 -0.001364083 0.997912526 0.436252385
0.995124161 0.005735493 0.098463096 0.101973876 -0.006081367 0.999976277 0.003212955 -0.004417959 -0.098442338 -0.003796079 0.995135546 0.608021319
0.990619421 0.002610164 0.136624798 0.162947342 -0.003351669 0.999980867 0.005197550 -0.005504407 -0.136608645 -0.005606715 0.990609229 0.791829526
0.984333992 -0.000203282 0.176313624 0.236024588 -0.000764442 0.999985039 0.005420712 -0.004490321 -0.176312074 -0.005470573 0.984319091 0.987187624
0.975544572 -0.000432150 0.219801277 0.319497347 -0.001051667 0.999977469 0.006633667 -0.001610829 -0.219799191 -0.006702596 0.975522101 1.191065311
0.963393569 -0.000166153 0.268091172 0.411606491 -0.002454474 0.999952495 0.009439959 0.002588868 -0.268079996 -0.009752419 0.963347316 1.405988097
0.948910952 -0.003934094 0.315519512 0.528241217 -0.001407413 0.999859571 0.016699607 -0.003850221 -0.315540880 -0.016290501 0.948772252 1.618813157
0.931938887 -0.013175714 0.362376094 0.669565976 0.004500787 0.999683022 0.024772827 -0.008237780 -0.362587601 -0.021455780 0.931702733 1.829129934
0.910539448 -0.018325562 0.413015842 0.824581802 0.007025402 0.999558628 0.028862258 -0.004548861 -0.413362503 -0.023378626 0.910266399 2.053699017
0.885098100 -0.019676970 0.464988291 0.992279768 0.005022393 0.999451458 0.032733869 -0.000368329 -0.465377361 -0.026637331 0.884711444 2.281392097
0.856721818 -0.021843603 0.515315890 1.166142941 0.002995575 0.999296665 0.037378743 0.000398118 -0.515769839 -0.030479524 0.856184721 2.485996962
0.824162245 -0.026304990 0.565742552 1.366353631 0.003419206 0.999133646 0.041475084 0.007348661 -0.566343486 -0.032247812 0.823538184 2.700261116
0.788016498 -0.032154031 0.614813745 1.599019289 0.005683276 0.998972595 0.044960726 0.008487782 -0.615627766 -0.031935643 0.787389696 2.916993380
0.749652505 -0.035829604 0.660860956 1.842756510 0.005971855 0.998858988 0.047380470 0.017886691 -0.661804616 -0.031572323 0.749011219 3.127756357
0.709544837 -0.039117564 0.703573704 2.107205868 0.007096033 0.998804152 0.048375644 0.028362826 -0.704624593 -0.029332101 0.708973765 3.328031778
0.667178333 -0.040797528 0.743780017 2.408859253 0.005843342 0.998755038 0.049541783 0.043295562 -0.744875133 -0.028707040 0.666586041 3.550442934
0.624216497 -0.040703576 0.780190349 2.719583750 0.000640765 0.998668134 0.051589187 0.057974555 -0.781251132 -0.031702906 0.623411238 3.762481928
0.582385659 -0.041099660 0.811873078 3.070090532 -0.002592195 0.998622119 0.052412983 0.076385543 -0.812908471 -0.032629102 0.581476629 3.971760750
0.541871250 -0.042316597 0.839395523 3.443477154 -0.003968934 0.998591721 0.052904323 0.099434629 -0.840452135 -0.031998836 0.540940106 4.177862644
0.503202677 -0.044448353 0.863024533 3.851559162 -0.006101497 0.998468697 0.054981731 0.112140045 -0.864146829 -0.032932699 0.502160966 4.385487080
0.465562284 -0.044149701 0.883913219 4.287037849 -0.009221455 0.998458743 0.054728009 0.131461173 -0.884967148 -0.033630267 0.464437485 4.587919235
0.429216057 -0.043132525 0.902171373 4.750969410 -0.010244531 0.998562336 0.052614883 0.157230884 -0.903143764 -0.031825472 0.428157091 4.778155327
0.395290703 -0.041891988 0.917600334 5.243065357 -0.008870232 0.998738825 0.049417466 0.178765774 -0.918513179 -0.027673595 0.394420534 4.973500252
0.365675241 -0.039879818 0.929887831 5.755907536 -0.006877476 0.998938620 0.045545731 0.203012958 -0.930717111 -0.023050228 0.365012854 5.148390770
0.340964139 -0.038203962 0.939299762 6.307303905 -0.005828830 0.999068797 0.042750791 0.224440917 -0.940058231 -0.020051507 0.340423942 5.318830967
0.320341468 -0.037880015 0.946544468 6.883566380 -0.004429811 0.999129415 0.041483615 0.244696736 -0.947291672 -0.017481940 0.319894761 5.504350662
0.305912465 -0.038009841 0.951300561 7.495221138 -0.003517073 0.999150813 0.041052725 0.275774091 -0.952053070 -0.015904333 0.305519044 5.687488556
0.294482559 -0.039084155 0.954857290 8.124435425 -0.002864257 0.999122798 0.041779377 0.303878248 -0.955652475 -0.015038255 0.294112265 5.869180679
0.283880085 -0.040985722 0.957983494 8.788094521 -0.004068838 0.999025583 0.043947369 0.330243617 -0.958851159 -0.016373660 0.283436716 6.058188915
0.273217171 -0.042865567 0.960996866 9.450078964 -0.005450711 0.998921692 0.046106886 0.353036761 -0.961936951 -0.017835308 0.272688895 6.249742508
0.263325363 -0.044445194 0.963682711 10.173627853 -0.006445189 0.998834789 0.047827564 0.383570731 -0.964685559 -0.018805327 0.262732089 6.445608616
0.253129274 -0.046523061 0.966313183 10.889102936 -0.007277351 0.998723149 0.049989775 0.410747677 -0.967405081 -0.019686075 0.252467543 6.632346630
0.242390603 -0.047640808 0.969008327 11.634095192 -0.007285560 0.998676121 0.050921842 0.446335703 -0.970151424 -0.019402742 0.241722584 6.820120811
0.232848853 -0.049453631 0.971254706 12.390537262 -0.007414261 0.998586893 0.052622814 0.470776647 -0.972484648 -0.019454297 0.232153177 6.988082409
0.222136989 -0.052210819 0.973616481 13.181750298 -0.009474725 0.998402476 0.055701699 0.503543317 -0.974969447 -0.021598157 0.221287429 7.173084736
0.211036831 -0.055346288 0.975909889 13.968593597 -0.011117384 0.998195231 0.059014224 0.545442522 -0.977414966 -0.023303742 0.210040629 7.341284752
0.198614284 -0.058938000 0.978303909 14.758854866 -0.011588910 0.997979164 0.062476106 0.586397886 -0.980009258 -0.023746124 0.197529867 7.505441666
0.185858369 -0.061553963 0.980646610 15.545433044 -0.012315321 0.997811437 0.064965457 0.618054092 -0.982499480 -0.024151353 0.184693575 7.645962715
0.171127096 -0.061969783 0.983298182 16.372888565 -0.013128065 0.997787952 0.065167703 0.657697201 -0.985161424 -0.024060756 0.169935033 7.804593563
0.156655416 -0.060699221 0.985786378 17.187648773 -0.014686652 0.997856140 0.063776329 0.699328780 -0.987544060 -0.024468806 0.155428126 7.932988644
0.140552148 -0.059355978 0.988292515 18.009492874 -0.014995212 0.997959137 0.062069125 0.738941789 -0.989959657 -0.023543606 0.139375269 8.040633202
0.119949989 -0.058377184 0.991062164 18.847419739 -0.018053407 0.997976363 0.060969494 0.767998755 -0.992615759 -0.025205338 0.118653350 8.144301414
0.094250992 -0.056717694 0.993931532 19.657373428 -0.022148449 0.998009264 0.059050646 0.807417035 -0.995302081 -0.027579620 0.092807166 8.222848892
0.063879259 -0.056320675 0.996367097 20.496885300 -0.026110131 0.997970104 0.058085263 0.841871738 -0.997615993 -0.029725721 0.062279053 8.271640778
0.030941434 -0.056021675 0.997950017 21.342088699 -0.028472468 0.997973561 0.056905776 0.875426292 -0.999115586 -0.030174850 0.029283656 8.286034584
-0.003566236 -0.055413358 0.998457134 22.184694290 -0.030421985 0.998007298 0.055279732 0.904357851 -0.999530792 -0.030177910 -0.005244927 8.277746201
-0.037326589 -0.054363385 0.997823298 23.021005630 -0.031110831 0.998098373 0.053214572 0.934587359 -0.998818696 -0.029056795 -0.038946901 8.235990524
-0.070897393 -0.052276284 0.996112823 23.871717453 -0.033561625 0.998185337 0.049996331 0.960200310 -0.996918857 -0.029886553 -0.072523206 8.183275223
-0.103670746 -0.049424700 0.993382990 24.722896576 -0.035919476 0.998299062 0.045920696 0.986000597 -0.993962884 -0.030921152 -0.105269723 8.092527390
-0.136193141 -0.045126341 0.989653945 25.561735153 -0.032588810 0.998625457 0.041050643 1.001949072 -0.990146160 -0.026660832 -0.137476563 7.965619564
-0.167505965 -0.038969766 0.985100508 26.388675690 -0.027592100 0.999012351 0.034828350 1.017974138 -0.985484898 -0.021347035 -0.168415770 7.805030823
-0.197620675 -0.032458652 0.979741037 27.204912186 -0.020444820 0.999370754 0.028985117 1.030222297 -0.980065346 -0.014302570 -0.198159933 7.626459122
-0.226318851 -0.026832715 0.973683596 28.031442642 -0.014425223 0.999603152 0.024194069 1.036882281 -0.973946452 -0.008570028 -0.226616129 7.413207054
-0.253942072 -0.020646997 0.966999054 28.839311600 -0.005767475 0.999786794 0.019832483 1.038954020 -0.967202365 -0.000540843 -0.254006892 7.181334496
-0.280153036 -0.010409741 0.959898949 29.644989014 0.000448843 0.999939620 0.010974969 1.030071139 -0.959955215 0.003505514 -0.280131459 6.925958633
-0.305427015 0.005018395 0.952202260 30.432943344 0.005105246 0.999980330 -0.003632650 1.014387131 -0.952201903 0.003751718 -0.305446684 6.659885883
-0.330165625 0.022298303 0.943659604 31.209550858 0.006193742 0.999750555 -0.021456659 0.991826296 -0.943902731 -0.001239467 -0.330221385 6.378778934
-0.355313271 0.037284777 0.934003353 31.989379883 0.006639170 0.999279618 -0.037364885 0.961230874 -0.934723735 -0.007075232 -0.355304778 6.077506542
-0.379694313 0.047489971 0.923892260 32.750709534 0.010290012 0.998836517 -0.047113348 0.915652812 -0.925054789 -0.008381809 -0.379741251 5.753621101
-0.403045624 0.051816303 0.913711846 33.501445770 0.013648532 0.998625100 -0.050611231 0.866798460 -0.915078104 -0.007927809 -0.403198719 5.407032013
-0.425473511 0.051610529 0.903497994 34.248271942 0.017436089 0.998654604 -0.048835192 0.813610911 -0.904802799 -0.005024613 -0.425800979 5.048367023
-0.445753783 0.047252040 0.893907607 34.981231689 0.020501588 0.998882771 -0.042577770 0.760919690 -0.894920826 -0.000652678 -0.446224540 4.669699192
-0.463454276 0.045927182 0.884929836 35.701068878 0.028479895 0.998912036 -0.036927309 0.709915042 -0.885663033 0.008088587 -0.464258134 4.273644924
-0.476832777 0.046352673 0.877771020 36.404514313 0.030609526 0.998878598 -0.036119975 0.664720953 -0.878460884 0.009644965 -0.477716923 3.877902031
-0.487930477 0.050616976 0.871413648 37.102542877 0.034890432 0.998650372 -0.038471464 0.615730643 -0.872184873 0.011632594 -0.489038050 3.477888107
-0.497962832 0.053156778 0.865567684 37.793079376 0.035702109 0.998529971 -0.040782839 0.570976675 -0.866463125 0.010594253 -0.499128610 3.072653294
-0.508562088 0.052403282 0.859429181 38.492794037 0.029795652 0.998619437 -0.043258950 0.518411756 -0.860509634 0.003607392 -0.509421408 2.670510054
-0.519841731 0.051280599 0.852722049 39.180847168 0.029100211 0.998680353 -0.042317916 0.473773956 -0.853766799 0.002815775 -0.520648003 2.256067038
-0.528496563 0.052203234 0.847328961 39.848533630 0.031308077 0.998627067 -0.041997101 0.425899923 -0.848357975 0.004332916 -0.529405355 1.836845040
-0.535584152 0.055228136 0.842673957 40.539836884 0.033776913 0.998461664 -0.043970510 0.386174977 -0.843806028 0.004913006 -0.536625743 1.391805410
-0.539134026 0.058173515 0.840208530 41.232395172 0.035508625 0.998294652 -0.046334222 0.338679314 -0.841471136 0.004854291 -0.540280282 0.948098898
-0.538865745 0.060324486 0.840228915 41.938980103 0.034600064 0.998175919 -0.049474206 0.297160119 -0.841680706 0.002412021 -0.539970040 0.502412796
-0.535753310 0.060536180 0.842201710 42.643341064 0.036719222 0.998153389 -0.048387405 0.246663079 -0.843575776 0.005001275 -0.536986828 0.052768387
-0.529581904 0.059364952 0.846178949 43.391490936 0.034554772 0.998229861 -0.048406176 0.194634378 -0.847554684 0.003604483 -0.530695856 -0.415208548
-0.522705436 0.058135055 0.850528955 44.153820038 0.032683250 0.998305261 -0.048149839 0.144568115 -0.851886630 0.002629867 -0.523719609 -0.874351978
-0.515504360 0.057658378 0.854944885 44.931953430 0.031090915 0.998335242 -0.048581947 0.090805203 -0.856322765 0.001536815 -0.516438842 -1.336275101
-0.509009778 0.056291599 0.858918071 45.719253540 0.028414786 0.998414338 -0.048594784 0.037491590 -0.860291600 -0.000329248 -0.509802163 -1.803096175
-0.505124629 0.053918663 0.861360550 46.520935059 0.023796936 0.998537183 -0.048550386 -0.014833860 -0.862718225 -0.004026253 -0.505668879 -2.255194426
-0.503514349 0.050970931 0.862481952 47.342895508 0.019147333 0.998671532 -0.047841288 -0.068482615 -0.863774717 -0.007574542 -0.503821373 -2.726320744
-0.504084706 0.048431236 0.862295151 48.178260803 0.016844468 0.998787820 -0.046250388 -0.132312849 -0.863489926 -0.008789206 -0.504289448 -3.199079752
-0.505070150 0.047358394 0.861777961 49.021713257 0.015896915 0.998834491 -0.045573384 -0.188710019 -0.862931788 -0.009318145 -0.505234361 -3.686460018
-0.505376995 0.046687733 0.861634672 49.887512207 0.015629971 0.998866677 -0.044956170 -0.242864460 -0.862757087 -0.009252487 -0.505533993 -4.192392826
-0.505403340 0.046386745 0.861635506 50.754920959 0.015773268 0.998883843 -0.044523597 -0.297222048 -0.862739027 -0.008911564 -0.505570889 -4.698753357
-0.505694926 0.045115482 0.861531913 51.626651764 0.015455709 0.998945177 -0.043239281 -0.354740381 -0.862573922 -0.008550297 -0.505858839 -5.203182220
-0.505658984 0.045066472 0.861555576 52.512382507 0.015730225 0.998950303 -0.043021068 -0.413339227 -0.862590194 -0.008201529 -0.505837083 -5.720096588
-0.506048501 0.043492258 0.861407757 53.409751892 0.013612562 0.999006152 -0.042442638 -0.469228178 -0.862397671 -0.009752070 -0.506137609 -6.240508080
-0.506259024 0.042428110 0.861337125 54.292911530 0.012308555 0.999042690 -0.041976810 -0.528457522 -0.862293601 -0.010649324 -0.506296694 -6.747166634
-0.505563676 0.041664105 0.861782789 55.181510925 0.011300610 0.999067426 -0.041671842 -0.590898871 -0.862715364 -0.011329100 -0.505563140 -7.262306213
-0.504299045 0.040394783 0.862583697 56.063140869 0.010960333 0.999124348 -0.040381145 -0.645020664 -0.863459468 -0.010909972 -0.504300237 -7.778351307
-0.501960158 0.038334426 0.864040792 56.948280334 0.011146098 0.999220967 -0.037856627 -0.703849494 -0.864818931 -0.009371834 -0.501996458 -8.291859627
-0.499633968 0.036787357 0.865455091 57.827342987 0.011618554 0.999292552 -0.035768818 -0.762261629 -0.866158605 -0.007815979 -0.499707937 -8.794865608
-0.497152865 0.036733370 0.866885006 58.713809967 0.012081249 0.999299586 -0.035415795 -0.815928578 -0.867578804 -0.007134008 -0.497248471 -9.298614502
-0.495237589 0.036794607 0.867978156 59.591514587 0.011587153 0.999293506 -0.035750009 -0.870478332 -0.868680239 -0.007647352 -0.495314121 -9.796897888
-0.494391382 0.037176851 0.868444026 60.475898743 0.011669588 0.999278724 -0.036134388 -0.927511692 -0.869161069 -0.007730147 -0.494468659 -10.296203613
-0.495107234 0.038834769 0.867963552 61.352172852 0.011148241 0.999202192 -0.038347479 -0.979870975 -0.868760288 -0.009309846 -0.495145202 -10.788027763
-0.497759581 0.040627040 0.866362929 62.222965240 0.009803466 0.999102056 -0.041219193 -1.041372180 -0.867259622 -0.012023893 -0.497710913 -11.289427757
-0.502501249 0.041038837 0.863601923 63.091220856 0.008657412 0.999061644 -0.042438488 -1.101006269 -0.864533126 -0.013848838 -0.502384961 -11.786825180
-0.508230746 0.039536003 0.860312939 63.941963196 0.009925256 0.999148250 -0.040052872 -1.159321547 -0.861163676 -0.011817279 -0.508190274 -12.281859398
-0.513052940 0.037181336 0.857551217 64.829139709 0.011140847 0.999265611 -0.036660422 -1.221445918 -0.858284533 -0.009254893 -0.513090491 -12.817830086
-0.518995285 0.034231462 0.854091346 65.682846069 0.008267108 0.999351978 -0.035029851 -1.281001091 -0.854737043 -0.011119463 -0.518941998 -13.321079254
-0.523923934 0.037613053 0.850934148 66.536323547 0.010525038 0.999234080 -0.037687909 -1.335303903 -0.851699948 -0.010789482 -0.523918509 -13.840730667
-0.528387308 0.039785594 0.848070741 67.365798950 0.011000602 0.999138355 -0.040018745 -1.386469364 -0.848932147 -0.011816111 -0.528369725 -14.370170593
-0.533479214 0.041140251 0.844812036 68.191055298 0.009773176 0.999049485 -0.042479698 -1.439112306 -0.845756650 -0.014405542 -0.533374310 -14.878389359
-0.536556840 0.041163772 0.842859507 68.999397278 0.009381624 0.999038815 -0.042819031 -1.500460267 -0.843811989 -0.015067453 -0.536427319 -15.398851395
-0.539831460 0.040858269 0.840780914 69.811515808 0.010440397 0.999069512 -0.041847046 -1.555428982 -0.841708481 -0.013812262 -0.539755702 -15.921880722
-0.542103171 0.033887420 0.839628339 70.637016296 0.010871054 0.999385715 -0.033316370 -1.602893233 -0.840241671 -0.008933263 -0.542138517 -16.450164795
-0.544583917 0.024239529 0.838355958 71.454559326 0.009400930 0.999695897 -0.022797668 -1.659252167 -0.838653684 -0.004533919 -0.544646144 -16.975669861
-0.546555579 0.023017855 0.837106407 72.271591187 0.010516974 0.999731958 -0.020622918 -1.699266315 -0.837356806 -0.002467745 -0.546651244 -17.500915527
-0.547394931 0.027776500 0.836413443 73.064399719 0.011005897 0.999601543 -0.025992963 -1.742824316 -0.836802125 -0.005022935 -0.547482491 -18.018474579
-0.549161434 0.033614218 0.835040092 73.861854553 0.012032015 0.999405205 -0.032317858 -1.786387444 -0.835629702 -0.007700506 -0.549239218 -18.526197433
-0.548847437 0.037686948 0.835072517 74.635902405 0.018196044 0.999285102 -0.033138618 -1.829307795 -0.835724473 -0.002993033 -0.549140811 -19.055570602
-0.548660338 0.039271563 0.835122466 75.427391052 0.021898409 0.999228418 -0.032601777 -1.877573609 -0.835758507 0.000400549 -0.549097002 -19.586704254
-0.548496306 0.036038782 0.835375965 76.232025146 0.020468200 0.999350071 -0.029673617 -1.917900205 -0.835902452 0.000822771 -0.548877358 -20.102382660
-0.547757328 0.031155476 0.836057067 77.022178650 0.018264506 0.999513447 -0.025280343 -1.952839255 -0.836437941 0.001422675 -0.548059762 -20.621500015
-0.547425210 0.023934886 0.836512208 77.818786621 0.015180128 0.999710441 -0.018670341 -1.996492743 -0.836716890 0.002477747 -0.547630072 -21.122665405
-0.547464192 0.018455068 0.836625516 78.620552063 0.006769725 0.999821782 -0.017625082 -2.030666590 -0.836801708 -0.003985376 -0.547491491 -21.617473602
-0.545503318 0.013566604 0.837998867 79.422302246 -0.000241798 0.999866366 -0.016344525 -2.061764240 -0.838108659 -0.009118618 -0.545427144 -22.130376816
-0.543363988 0.014332817 0.839374900 80.213554382 0.003568255 0.999884665 -0.014763732 -2.100972176 -0.839489639 -0.005026975 -0.543352485 -22.645301819
-0.539935887 0.017680202 0.841520429 81.006614685 0.007275561 0.999840021 -0.016338326 -2.129347086 -0.841674745 -0.002699116 -0.539978147 -23.161397934
-0.534374654 0.021100432 0.844984293 81.797370911 0.009173985 0.999774277 -0.019164054 -2.154944181 -0.845197976 -0.002488913 -0.534447670 -23.663930893
-0.526485085 0.023034222 0.849872291 82.586219788 0.014489797 0.999730825 -0.018119616 -2.192536354 -0.850060940 0.002774771 -0.526677132 -24.156806946
-0.518093824 0.026815232 0.854903281 83.393714905 0.021551810 0.999600291 -0.018292893 -2.223545074 -0.855052233 0.008947277 -0.518464744 -24.663778305
-0.508683980 0.025581524 0.860573173 84.195167542 0.018905733 0.999649346 -0.018540561 -2.254317284 -0.860745728 0.006838483 -0.508989215 -25.122566223
-0.497750551 0.023283945 0.867007673 85.003700256 0.017073719 0.999708951 -0.017045652 -2.285037041 -0.867152214 0.006318564 -0.498003185 -25.578336716
-0.486190557 0.020025140 0.873623371 85.811347961 0.017021297 0.999764681 -0.013443820 -2.315914631 -0.873687029 0.008333946 -0.486416936 -26.019603729
-0.475238025 0.019106174 0.879649818 86.625015259 0.015818214 0.999788165 -0.013169684 -2.341282845 -0.879715085 0.007655750 -0.475439548 -26.456094742
-0.463547796 0.018369235 0.885881484 87.445205688 0.016453942 0.999791145 -0.012121498 -2.364926815 -0.885919213 0.008957349 -0.463753164 -26.877092361
-0.451905161 0.019409247 0.891854823 88.264846802 0.017252682 0.999766469 -0.013015726 -2.392648697 -0.891899109 0.009505013 -0.452134490 -27.283401489
-0.439485908 0.022793189 0.897960305 89.098777771 0.016549118 0.999713778 -0.017276445 -2.431111813 -0.898097098 0.007267694 -0.439737320 -27.692588806
-0.427723944 0.032274220 0.903333068 89.919792175 0.019046159 0.999462247 -0.026690453 -2.459657431 -0.903708756 0.005788879 -0.428108633 -28.082944870
-0.415211260 0.036947291 0.908974528 90.746627808 0.018570464 0.999310911 -0.032136403 -2.493122101 -0.909535468 0.003536683 -0.415611267 -28.452503204
-0.403828889 0.033768438 0.914211094 91.582069397 0.017291751 0.999421775 -0.029277699 -2.534796000 -0.914671063 0.003985132 -0.404179305 -28.811849594
-0.392017633 0.029752642 0.919476449 92.431182861 0.014493166 0.999552667 -0.026164614 -2.574708939 -0.919843554 0.003069137 -0.392273396 -29.170026779
-0.382246673 0.029676719 0.923583627 93.289978027 0.009601594 0.999557734 -0.028144086 -2.615511179 -0.924010396 -0.001890108 -0.382362634 -29.523277283
-0.375302792 0.034053292 0.926276445 94.128234863 0.004863454 0.999383450 -0.034770425 -2.662203789 -0.926889479 -0.008544534 -0.375237048 -29.849756241
-0.370903939 0.039196353 0.927843750 94.971649170 -0.000917011 0.999092996 -0.042572822 -2.703690767 -0.928670704 -0.016641270 -0.370531559 -30.165344238
-0.367315203 0.041039471 0.929190636 95.826408386 -0.003846562 0.998950481 -0.045641121 -2.758996725 -0.930088580 -0.020338867 -0.366771817 -30.500709534
-0.363315970 0.040891893 0.930768132 96.666023254 -0.004415112 0.998949528 -0.045610730 -2.816066980 -0.931655586 -0.020680554 -0.362753749 -30.824018478
-0.358838081 0.040807419 0.932507336 97.498703003 -0.005998728 0.998922348 -0.046022173 -2.868855238 -0.933380544 -0.022108367 -0.358206600 -31.130002975
-0.352923959 0.036695406 0.934932172 98.349449158 -0.008543910 0.999062598 -0.042437684 -2.920714617 -0.935613036 -0.022965251 -0.352279574 -31.447793961
-0.347609490 0.032844901 0.937063873 99.203338623 -0.008560281 0.999233484 -0.038199481 -2.974393845 -0.937600315 -0.021300035 -0.347061843 -31.755222321
-0.342154831 0.029799007 0.939170957 100.043403625 -0.010846106 0.999305189 -0.035658412 -3.023539066 -0.939580977 -0.022387046 -0.341593862 -32.048412323
-0.336460114 0.027858900 0.941285551 100.904441833 -0.019269526 0.999149442 -0.036459312 -3.075768471 -0.941500604 -0.030405231 -0.335637093 -32.336696625
-0.330205709 0.028080475 0.943491220 101.755241394 -0.025641952 0.998921633 -0.038704444 -3.122884989 -0.943560660 -0.036973380 -0.329129517 -32.617130280
-0.323398590 0.032115255 0.945717692 102.598999023 -0.023425594 0.998845816 -0.041930053 -3.174920797 -0.945972800 -0.035714116 -0.322272986 -32.901294708
-0.316698968 0.035342146 0.947867393 103.448539734 -0.022124728 0.998758435 -0.044631924 -3.223891735 -0.948267996 -0.035106193 -0.315523803 -33.177440643
-0.309947193 0.033603024 0.950159788 104.312461853 -0.023220943 0.998809457 -0.042898353 -3.274202108 -0.950470209 -0.035359830 -0.308797896 -33.451633453
-0.302838355 0.028802900 0.952606618 105.162910461 -0.024393136 0.998981416 -0.037959784 -3.322710037 -0.952729702 -0.034732740 -0.301827252 -33.718181610
-0.295911402 0.026008679 0.954861224 106.023094177 -0.025318773 0.999064445 -0.035058979 -3.374726295 -0.954879701 -0.034550264 -0.294975996 -33.975566864
-0.289652556 0.029377343 0.956681013 106.883567810 -0.027876906 0.998845875 -0.039112378 -3.416986227 -0.956725836 -0.037998300 -0.288499385 -34.222049713
-0.283332229 0.032016344 0.958487272 107.736289978 -0.027397830 0.998764396 -0.041460630 -3.468156099 -0.958630383 -0.038007602 -0.282104969 -34.467098236
-0.276375502 0.032603014 0.960496604 108.592987061 -0.029665185 0.998658717 -0.042434324 -3.516197920 -0.960591733 -0.040221114 -0.275037646 -34.703544617
-0.269693255 0.032110408 0.962410748 109.453002930 -0.029564166 0.998696625 -0.041605733 -3.570321560 -0.962492287 -0.039673656 -0.268392384 -34.939117432
-0.261329681 0.031930935 0.964721322 110.313270569 -0.025549831 0.998873651 -0.039982434 -3.621099710 -0.964911401 -0.035097063 -0.260219514 -35.174186707
-0.253873289 0.033144042 0.966669500 111.168418884 -0.022577532 0.998937368 -0.040179871 -3.671571255 -0.966973960 -0.032025605 -0.252855211 -35.396343231
-0.247052148 0.033775900 0.968413353 112.028495789 -0.021287397 0.998962104 -0.040271990 -3.718675137 -0.968768299 -0.030564280 -0.246076733 -35.611785889
-0.240779102 0.032681122 0.970029533 112.897331238 -0.027380122 0.998806536 -0.040446881 -3.767098904 -0.970193684 -0.036298290 -0.239596903 -35.808231354
-0.234665439 0.030644458 0.971592963 113.764564514 -0.032068342 0.998714864 -0.039245240 -3.816406488 -0.971547067 -0.040366881 -0.233381137 -36.006202698
-0.230659172 0.030520661 0.972555757 114.641914368 -0.029849155 0.998815536 -0.038424008 -3.866544962 -0.972576678 -0.037892815 -0.229474962 -36.204380035
-0.226353779 0.030719439 0.973560572 115.511734009 -0.028249867 0.998875022 -0.038086321 -3.916202784 -0.973635316 -0.036123935 -0.225231305 -36.393455505
-0.220887452 0.032545071 0.974756062 116.384323120 -0.026657328 0.998868167 -0.039390884 -3.966655731 -0.974934876 -0.034685351 -0.219769880 -36.597324371
-0.214850426 0.031435501 0.976140857 117.241127014 -0.020790370 0.999108136 -0.036751129 -4.013565540 -0.976425588 -0.028190324 -0.214005262 -36.788780212
-0.209585205 0.030465886 0.977315605 118.117012024 -0.013717541 0.999324441 -0.034093689 -4.055819511 -0.977694094 -0.020551901 -0.209025711 -36.982994080
-0.203895345 0.029779784 0.978539586 118.988594055 -0.011677804 0.999392152 -0.032847658 -4.105314255 -0.978923023 -0.018124674 -0.203423649 -37.168621063
-0.200269550 0.031343833 0.979239285 119.864067078 -0.013876023 0.999297142 -0.034823708 -4.146457672 -0.979642570 -0.020562075 -0.199693829 -37.336959839
-0.196858868 0.032843936 0.979881525 120.746871948 -0.015204207 0.999216259 -0.036546547 -4.195828915 -0.980313957 -0.022092830 -0.196205243 -37.508911133
-0.194824904 0.032292932 0.980306268 121.617095947 -0.018120900 0.999168754 -0.036515623 -4.240765095 -0.980670691 -0.024878182 -0.194077790 -37.674327850
-0.194606483 0.031103469 0.980388105 122.489501953 -0.018505827 0.999202788 -0.035373777 -4.285779476 -0.980706811 -0.025026854 -0.193875745 -37.830333710
-0.193386510 0.026575439 0.980762720 123.369338989 -0.017116139 0.999389470 -0.030455129 -4.329593658 -0.980973363 -0.022676475 -0.192813590 -38.003932953
-0.192606062 0.021447649 0.981041670 124.245941162 -0.018855195 0.999495566 -0.025552895 -4.369875431 -0.981095016 -0.023419376 -0.192104504 -38.169567108
-0.191637829 0.019717328 0.981267571 125.115463257 -0.018457292 0.999548972 -0.023689305 -4.408473492 -0.981292188 -0.022651311 -0.191187471 -38.336585999
-0.190254956 0.024521343 0.981428385 125.964447021 -0.018261524 0.999426544 -0.028511126 -4.448482513 -0.981564879 -0.023346765 -0.189698085 -38.499809265
-0.189949095 0.028444791 0.981381834 126.842643738 -0.017783998 0.999316573 -0.032406759 -4.487367630 -0.981632948 -0.023608528 -0.189313412 -38.672042847
-0.190543577 0.026966875 0.981308281 127.667251587 -0.022066019 0.999252319 -0.031744618 -4.528206825 -0.981430709 -0.027702298 -0.189806074 -38.813823700
-0.190229788 0.025546761 0.981407166 128.518386841 -0.024100883 0.999238491 -0.030682495 -4.575847626 -0.981443703 -0.029489502 -0.189469248 -38.968502045
-0.189255849 0.027071619 0.981554508 129.358581543 -0.019216092 0.999326289 -0.031266872 -4.615746975 -0.981739759 -0.024779081 -0.188608125 -39.134983063
-0.188201889 0.029086817 0.981699526 130.215454102 -0.021310888 0.999205053 -0.033691000 -4.658988476 -0.981899142 -0.027261600 -0.187432408 -39.301998138
-0.188859776 0.030238887 0.981538355 131.053955078 -0.029698916 0.998892665 -0.036487959 -4.701220989 -0.981554866 -0.036041733 -0.187752575 -39.442451477
-0.188248917 0.031339843 0.981621146 131.885848999 -0.035484195 0.998621106 -0.038687523 -4.751942635 -0.981480122 -0.042114917 -0.186877266 -39.586502075
-0.187734202 0.035253592 0.981586933 132.717864990 -0.031818599 0.998612821 -0.041950572 -4.797937393 -0.981704354 -0.039108273 -0.186352044 -39.744865417
-0.187208310 0.036199361 0.981653035 133.544830322 -0.030536020 0.998623431 -0.042648602 -4.847771645 -0.981845438 -0.037959948 -0.185845211 -39.898075104
-0.185333237 0.037404682 0.981963694 134.361434937 -0.031541076 0.998534024 -0.043988861 -4.895907402 -0.982169390 -0.039124783 -0.183881745 -40.049110413
-0.183152899 0.036657177 0.982400775 135.181930542 -0.022355322 0.998890877 -0.041440278 -4.946243286 -0.982830226 -0.029551785 -0.182130232 -40.209369659
-0.179754615 0.033615548 0.983136952 135.996185303 -0.018082988 0.999134183 -0.037468784 -4.991949081 -0.983545184 -0.024513243 -0.178991124 -40.364009857
-0.177976012 0.028623391 0.983618438 136.809051514 -0.013920522 0.999403596 -0.031601526 -5.039665222 -0.983936310 -0.019316798 -0.177471414 -40.509456635
-0.174058601 0.028206209 0.984331191 137.615890503 -0.012293986 0.999449551 -0.030813361 -5.081091404 -0.984658480 -0.017464686 -0.173616052 -40.653831482
-0.169043347 0.033256449 0.985047340 138.417205811 -0.011143796 0.999302208 -0.035650086 -5.126462936 -0.985545576 -0.017003577 -0.168554798 -40.791812897
-0.162289500 0.036159988 0.986080408 139.213928223 -0.010232376 0.999213040 -0.038325615 -5.169526100 -0.986690104 -0.016309790 -0.161791757 -40.921562195
-0.154550686 0.037117407 0.987287402 140.013229370 -0.010130638 0.999181986 -0.039150447 -5.205962181 -0.987932920 -0.016052580 -0.154048219 -41.037944794
-0.144656703 0.032760050 0.988939464 140.812622070 -0.008509072 0.999373615 -0.034350358 -5.247786045 -0.989445329 -0.013383966 -0.144287348 -41.153671265
-0.132588252 0.031237496 0.990678847 141.605636597 -0.004956961 0.999469817 -0.032178104 -5.291702271 -0.991158783 -0.009177196 -0.132363141 -41.259609222
-0.118716590 0.033954635 0.992347419 142.398544312 -0.000812060 0.999411464 -0.034293495 -5.329546928 -0.992927790 -0.004877051 -0.118619137 -41.355865479
-0.104487598 0.035028297 0.993909061 143.184906006 -0.001342974 0.999373674 -0.035362065 -5.368582249 -0.994525313 -0.005029692 -0.104375102 -41.433727264
-0.090511732 0.035008803 0.995279849 143.974548340 -0.000025975 0.999381840 -0.035155453 -5.409834862 -0.995895386 -0.003207834 -0.090454891 -41.503818512
-0.077121355 0.036756136 0.996343911 144.755508423 0.000783120 0.999322176 -0.036805388 -5.452275753 -0.997021377 -0.002058224 -0.077097870 -41.559120178
-0.063343652 0.043045077 0.997063041 145.524032593 -0.002253609 0.999060690 -0.043274485 -5.501775265 -0.997989237 -0.004988155 -0.063187145 -41.597026825
-0.050602194 0.052392423 0.997343719 146.288085938 -0.009296941 0.998555064 -0.052927751 -5.546618462 -0.998675644 -0.011950505 -0.050041981 -41.619564056
-0.036898658 0.060129590 0.997508287 147.052108765 -0.013372426 0.998069048 -0.060658049 -5.597398281 -0.999229550 -0.015577309 -0.036023322 -41.634075165
-0.023871645 0.060916815 0.997857273 147.816970825 -0.014125061 0.998021603 -0.061264753 -5.648771763 -0.999615312 -0.015557285 -0.022963956 -41.643451691
-0.011723421 0.057167061 0.998295784 148.590347290 -0.017501943 0.998199642 -0.057367098 -5.705079556 -0.999778092 -0.018144652 -0.010701780 -41.642833710
-0.001177904 0.054584384 0.998508453 149.354553223 -0.021336729 0.998280406 -0.054597091 -5.764721394 -0.999771655 -0.021369213 -0.000011224 -41.628787994
0.007511473 0.061166938 0.998099267 150.113540649 -0.026007069 0.997801781 -0.060952984 -5.823971272 -0.999633551 -0.025499791 0.009085735 -41.609050751
0.014259707 0.069179416 0.997502267 150.859451294 -0.029091524 0.997210205 -0.068743266 -5.878307343 -0.999475002 -0.028038606 0.016232459 -41.587482452
0.017414974 0.071744181 0.997271001 151.610534668 -0.031848837 0.996955931 -0.071165353 -5.936094284 -0.999340951 -0.030522579 0.019646931 -41.568851471
0.017163202 0.067418620 0.997577190 152.365081787 -0.034241132 0.997178614 -0.066802561 -5.995208740 -0.999266148 -0.033011630 0.019423269 -41.546772003
0.015486190 0.062866651 0.997901738 153.121887207 -0.035858691 0.997414351 -0.062279455 -6.063605785 -0.999236882 -0.034818970 0.017700465 -41.529563904
0.012456125 0.059884679 0.998127580 153.870178223 -0.034658000 0.997631013 -0.059422377 -6.118953228 -0.999321640 -0.033852931 0.014502103 -41.517631531
0.009784568 0.060299031 0.998132408 154.610397339 -0.033198044 0.997649491 -0.059944429 -6.169553757 -0.999400914 -0.032549508 0.011763378 -41.509494781
0.006034021 0.060488544 0.998150587 155.366455078 -0.031581465 0.997682452 -0.060269251 -6.226966381 -0.999482989 -0.031159395 0.007930353 -41.505023956
0.001374423 0.059206374 0.998244762 156.106246948 -0.032287337 0.997727990 -0.059131257 -6.282450199 -0.999477744 -0.032149401 0.003282914 -41.498100281
-0.004286876 0.059659544 0.998209536 156.841430664 -0.033159640 0.997661293 -0.059769176 -6.331363678 -0.999440849 -0.033356491 -0.002298563 -41.494049072
-0.009943319 0.057939924 0.998270571 157.594345093 -0.035487354 0.997670591 -0.058258574 -6.382750988 -0.999320686 -0.036005262 -0.007864025 -41.503662109
-0.015575611 0.055219736 0.998352766 158.331512451 -0.033390101 0.997888267 -0.055714972 -6.440815449 -0.999321103 -0.034202892 -0.013698928 -41.516731262
-0.021219095 0.055302151 0.998244107 159.075851440 -0.034420002 0.997836709 -0.056011219 -6.491719246 -0.999182224 -0.035548072 -0.019269692 -41.526138306
-0.026757471 0.056585640 0.998039126 159.796676636 -0.036075525 0.997691691 -0.057533123 -6.541827202 -0.998990834 -0.037544224 -0.024654349 -41.536830902
-0.029738065 0.058806911 0.997826338 160.535949707 -0.034976643 0.997595191 -0.059835702 -6.601166725 -0.998945594 -0.036680017 -0.027609684 -41.568309784
-0.032308169 0.060989149 0.997615457 161.254287720 -0.034993779 0.997455418 -0.062112663 -6.656229019 -0.998865187 -0.036917083 -0.030091722 -41.590732574
-0.033186469 0.062297620 0.997505784 161.974533081 -0.031574290 0.997491956 -0.063347220 -6.712717056 -0.998950303 -0.033597808 -0.031136237 -41.621871948
-0.033351228 0.061504662 0.997549415 162.695587158 -0.029188128 0.997619092 -0.062484808 -6.761400223 -0.999017417 -0.031200550 -0.031476617 -41.637775421
-0.028373627 0.057145976 0.997962534 163.427154541 -0.025428625 0.998000145 -0.057871103 -6.823000908 -0.999273896 -0.027018825 -0.026863743 -41.673252106
-0.020762272 0.056940071 0.998161674 164.128829956 -0.024676625 0.998043537 -0.057446618 -6.878807545 -0.999479830 -0.025823979 -0.019316563 -41.685001373
-0.009762589 0.058045857 0.998266160 164.823852539 -0.022333756 0.998052001 -0.058251817 -6.928480148 -0.999702871 -0.022863723 -0.008447192 -41.682579041
0.004126451 0.057969671 0.998309791 165.515594482 -0.020161271 0.998120189 -0.057875324 -6.979933262 -0.999788284 -0.019888375 0.005287436 -41.671974182
0.020100839 0.055829540 0.998237967 166.197631836 -0.020556673 0.998251617 -0.055416375 -7.028996468 -0.999586582 -0.019406537 0.021213368 -41.659431458
0.036021736 0.051210940 0.998037994 166.880538940 -0.025839545 0.998399913 -0.050296899 -7.075038910 -0.999016881 -0.023977069 0.037287366 -41.615997314
0.052443918 0.044151265 0.997647345 167.564987183 -0.026734669 0.998726130 -0.042793620 -7.121407032 -0.998265922 -0.024427505 0.053557482 -41.567764282
0.069362767 0.037083115 0.996901989 168.240951538 -0.027632190 0.998996854 -0.035238437 -7.156594753 -0.997208714 -0.025102351 0.070317879 -41.505313873
0.087062560 0.029683247 0.995760441 168.915603638 -0.027041597 0.999258220 -0.027423173 -7.191662312 -0.995835781 -0.024539424 0.087800659 -41.446640015
0.104110457 0.023930045 0.994277775 169.578460693 -0.028992811 0.999358654 -0.021016506 -7.223866940 -0.994143069 -0.026638869 0.104737498 -41.363010406
0.122055501 0.021495424 0.992290497 170.230148315 -0.030163551 0.999383986 -0.017938858 -7.253878593 -0.992064834 -0.027741466 0.122628711 -41.269950867
0.139977410 0.020336982 0.989945769 170.872421265 -0.028747424 0.999451041 -0.016467396 -7.271400452 -0.989737272 -0.026153333 0.140485182 -41.171764374
0.157279611 0.019745998 0.987356663 171.510513306 -0.029542454 0.999446690 -0.015281862 -7.290228367 -0.987112164 -0.026765412 0.157775924 -41.055149078
0.172581613 0.018683273 0.984818041 172.138641357 -0.034764312 0.999312639 -0.012866085 -7.309407711 -0.984381497 -0.032016069 0.173112482 -40.919479370
0.188031882 0.015270542 0.982044220 172.760803223 -0.036006283 0.999314189 -0.008644967 -7.326244831 -0.981502712 -0.033734236 0.188452780 -40.799137115
0.199955955 0.011336720 0.979739368 173.385589600 -0.032643490 0.999455094 -0.004902615 -7.342136860 -0.979260981 -0.031001799 0.200217038 -40.663867950
0.210660741 0.010413379 0.977503777 174.002197266 -0.030860716 0.999515831 -0.003997114 -7.359364986 -0.977072001 -0.029324431 0.210880056 -40.526584625
0.220924571 0.014261253 0.975186646 174.606613159 -0.035116382 0.999361098 -0.006659308 -7.377481937 -0.974658549 -0.032773823 0.221284240 -40.379425049
0.229255304 0.021548713 0.973127782 175.193191528 -0.040393952 0.999104261 -0.012607681 -7.398957253 -0.972527921 -0.036418095 0.229920402 -40.215709686
0.238320321 0.031066747 0.970689595 175.770278931 -0.039970625 0.998955071 -0.022157934 -7.415985107 -0.970363736 -0.033518378 0.239313096 -40.071834564
0.246654660 0.036888998 0.968401134 176.360565186 -0.035006642 0.998962283 -0.029136853 -7.433264732 -0.968470991 -0.026713727 0.247690067 -39.924686432
0.253020078 0.034867469 0.966832519 176.959304810 -0.033834927 0.999057949 -0.027175032 -7.451347351 -0.966869235 -0.025836881 0.253961414 -39.763370514
0.259080082 0.027404023 0.965467036 177.562408447 -0.036793567 0.999151886 -0.018486701 -7.470338821 -0.965154827 -0.030733434 0.259868652 -39.589664459
0.262868136 0.017165709 0.964679062 178.175308228 -0.040767822 0.999146402 -0.006670087 -7.489227295 -0.963970065 -0.037574511 0.263343602 -39.401172638
0.265047133 0.009097539 0.964192569 178.783187866 -0.041212760 0.999148667 0.001901624 -7.509900570 -0.963354230 -0.040241059 0.265196413 -39.229408264
0.265931249 0.008270442 0.963956535 179.383819580 -0.038393680 0.999260664 0.002018505 -7.526836395 -0.963227093 -0.037546612 0.266052157 -39.061252594
0.266867489 0.010515952 0.963675857 179.977157593 -0.034485068 0.999404311 -0.001355999 -7.532514095 -0.963115990 -0.032870557 0.267071187 -38.899257660
0.269167602 0.009850153 0.963042974 180.582534790 -0.030909644 0.999520898 -0.001584103 -7.540235996 -0.962597132 -0.029340928 0.269343138 -38.738590240
0.270449698 0.007829808 0.962702334 181.192840576 -0.033206720 0.999447823 0.001200021 -7.541388988 -0.962161243 -0.032292731 0.270560354 -38.555419922
0.273234844 0.004340743 0.961937547 181.800964355 -0.033718474 0.999418497 0.005067733 -7.551327705 -0.961356282 -0.033819746 0.273222327 -38.377475739
0.275850296 -0.001048533 0.961200058 182.396423340 -0.033167645 0.999393642 0.010608823 -7.565313339 -0.960628211 -0.034807194 0.275648147 -38.194339752
0.280249953 -0.003652316 0.959920108 183.017745972 -0.031806350 0.999408364 0.013088467 -7.565314293 -0.959399998 -0.034199599 0.279967964 -38.012111664
0.286404490 -0.005845754 0.958090961 183.628372192 -0.029819261 0.999442518 0.015012005 -7.562050819 -0.957644641 -0.032869074 0.286070496 -37.822471619
0.294115007 -0.008970212 0.955727935 184.248199463 -0.028624209 0.999424696 0.018189134 -7.564523697 -0.955341339 -0.032706656 0.293689072 -37.623630524
0.304340214 -0.011103961 0.952498674 184.871566772 -0.025825435 0.999468327 0.019903202 -7.570014477 -0.952213228 -0.030656038 0.303891718 -37.430442810
0.315442145 -0.008918018 0.948902905 185.485382080 -0.027379027 0.999454021 0.018494673 -7.570413589 -0.948549747 -0.031814039 0.315025806 -37.215564728
0.326985359 -0.005313481 0.945014477 186.098526001 -0.028532064 0.999472737 0.015492088 -7.571313381 -0.944598615 -0.032028899 0.326661408 -36.992088318
0.338494092 -0.002389546 0.940965474 186.704208374 -0.029281078 0.999485850 0.013071456 -7.570820332 -0.940512836 -0.031977091 0.338249981 -36.762115479
0.350216061 -0.002104131 0.936666608 187.321258545 -0.027841024 0.999532223 0.012655006 -7.566980839 -0.936255097 -0.030509740 0.349993646 -36.527244568
0.361714721 -0.004764121 0.932276607 187.952758789 -0.027166462 0.999508560 0.015648024 -7.561008453 -0.931892991 -0.030986775 0.361407489 -36.280696869
