1.000000000 0.000000000 0.000000000 0.000000000 0.000000000 1.000000000 0.000000000 0.000000000 0.000000000 0.000000000 1.000000000 0.000000000
0.999873757 0.001499741 0.015818061 0.010597972 -0.001485130 0.999998450 -0.000935380 -0.003371349 -0.015819440 0.000911770 0.999874473 0.126107737
0.999292314 0.004323016 0.037366062 0.027238332 -0.004311310 0.999990642 -0.000393862 -0.004892205 -0.037367415 0.000232487 0.999301553 0.272596389
0.997895658 0.006015197 0.064560890 0.056388758 -0.006089668 0.999980986 0.000956775 -0.004723271 -0.064553909 -0.001347916 0.997913301 0.436293066
0.995126009 0.005728929 0.098444611 0.101874635 -0.006073839 0.999976397 0.003204262 -0.004487077 -0.098423913 -0.003786581 0.995137393 0.607177794
0.990625083 0.002640567 0.136583224 0.163166404 -0.003383957 0.999980688 0.005210860 -0.005744590 -0.136566892 -0.005624201 0.990614891 0.790539980
0.984342813 -0.000161881 0.176265001 0.236500978 -0.000801653 0.999985099 0.005395168 -0.004691555 -0.176263288 -0.005451997 0.984327972 0.986135840
0.975551128 -0.000369321 0.219771951 0.319312841 -0.001107839 0.999977648 0.006598048 -0.001391379 -0.219769448 -0.006680207 0.975528955 1.190299988
0.963387728 -0.000285997 0.268112004 0.412597537 -0.002336101 0.999952614 0.009460801 0.001951209 -0.268101990 -0.009740757 0.963341355 1.407270074
0.948934793 -0.003867897 0.315448314 0.528216779 -0.001471794 0.999859691 0.016687335 -0.003553824 -0.315468580 -0.016299469 0.948796034 1.615344405
0.931927860 -0.013288069 0.362399966 0.668662071 0.004693917 0.999686718 0.024584750 -0.005690400 -0.362613201 -0.021210138 0.931698382 1.827358127
0.910571754 -0.018333856 0.412944168 0.824119329 0.007067970 0.999560416 0.028793002 -0.004220866 -0.413290501 -0.023299417 0.910301089 2.050024986
0.885011971 -0.019674081 0.465152442 0.991600871 0.005052636 0.999453783 0.032659601 0.001087502 -0.465540916 -0.026553888 0.884627938 2.281560898
0.856721580 -0.021925045 0.515312910 1.167840481 0.003107316 0.999297380 0.037351158 0.000637673 -0.515769780 -0.030398300 0.856187761 2.485792398
0.824202359 -0.026468707 0.565676451 1.371892452 0.003631847 0.999133587 0.041459028 0.006853998 -0.566283762 -0.032116175 0.823584378 2.703301907
0.788036108 -0.032294482 0.614781380 1.599552989 0.005770332 0.998966694 0.045079257 0.007263467 -0.615601957 -0.031976584 0.787408233 2.915912628
0.749590695 -0.036169093 0.660912693 1.846045017 0.006205909 0.998845994 0.047624249 0.015298858 -0.661872506 -0.031597126 0.748950183 3.130139351
0.709533513 -0.039277036 0.703576148 2.107573032 0.007267820 0.998800218 0.048428517 0.027843863 -0.704634070 -0.029248198 0.708967745 3.327902794
0.667122722 -0.041017186 0.743817747 2.412466288 0.006098245 0.998750269 0.049605753 0.042751506 -0.744922876 -0.028557146 0.666539073 3.551285028
0.624139369 -0.040667713 0.780254126 2.718311548 0.000549723 0.998667002 0.051611930 0.058767065 -0.781312823 -0.031784106 0.623329759 3.765254736
0.582239270 -0.041114431 0.811977267 3.070410728 -0.002557236 0.998622894 0.052398935 0.077531993 -0.813013434 -0.032585140 0.581332445 3.974040031
0.541989803 -0.042328939 0.839318275 3.444414616 -0.004060286 0.998587132 0.052983191 0.099045917 -0.840375245 -0.032124221 0.541052163 4.180581093
0.502669036 -0.044371542 0.863339424 3.850905180 -0.005909984 0.998482168 0.054758262 0.117305398 -0.864458799 -0.032627597 0.501643896 4.391489029
0.465674520 -0.044080481 0.883857548 4.283383369 -0.009119825 0.998466611 0.054601293 0.134681821 -0.884909093 -0.033487052 0.464558452 4.588732243
0.429007411 -0.043101188 0.902272105 4.746824265 -0.010387501 0.998559594 0.052639790 0.157275364 -0.903241277 -0.031955216 0.427941710 4.783653259
0.395138741 -0.041806877 0.917669594 5.239474297 -0.008923638 0.998742044 0.049342763 0.181431338 -0.918578088 -0.027686188 0.394268572 4.969090462
0.366123885 -0.039767727 0.929715991 5.756747246 -0.006725351 0.998947263 0.045377485 0.207112089 -0.930541813 -0.022866448 0.365471065 5.139213562
0.341064841 -0.038234811 0.939261913 6.307023048 -0.005423415 0.999075770 0.042639025 0.228155315 -0.940024078 -0.019636679 0.340542287 5.314118385
0.320928663 -0.037581474 0.946357489 6.875816345 -0.004078339 0.999148309 0.041060932 0.254114240 -0.947094679 -0.017037200 0.320502043 5.490236282
0.305707395 -0.038036026 0.951365471 7.479155540 -0.003599750 0.999148369 0.041103151 0.276297450 -0.952118635 -0.015990214 0.305310130 5.689126968
0.294309527 -0.039240208 0.954904318 8.104578018 -0.002687124 0.999118805 0.041885324 0.303351462 -0.955706298 -0.014893197 0.293944776 5.870440960
0.283782393 -0.040865365 0.958017588 8.770062447 -0.003991301 0.999032497 0.043797202 0.332874566 -0.958880365 -0.016252613 0.283344716 6.053970337
0.272829711 -0.042605810 0.961118460 9.439634323 -0.005393806 0.998935461 0.045813337 0.355042011 -0.962047219 -0.017683329 0.272309542 6.257624626
0.262928367 -0.044347346 0.963795543 10.142224312 -0.006351073 0.998841941 0.047692534 0.382873058 -0.964794457 -0.018660855 0.262342244 6.445909500
0.252850980 -0.046173226 0.966402829 10.860841751 -0.007224421 0.998742640 0.049608573 0.414731801 -0.967478335 -0.019525276 0.252199501 6.626889229
0.242325008 -0.047538120 0.969029784 11.612113953 -0.007686535 0.998673558 0.050914515 0.446944118 -0.970164657 -0.019786341 0.241638139 6.816806793
0.231992170 -0.048809510 0.971492350 12.371313095 -0.007449532 0.998621821 0.051951490 0.481567681 -0.972689033 -0.019289501 0.231308818 6.993897438
0.221844822 -0.051672276 0.973711908 13.157618523 -0.008779505 0.998448610 0.054985251 0.517508864 -0.975042403 -0.020746903 0.221046984 7.171635628
0.210207149 -0.055246659 0.976094663 13.953521729 -0.010841647 0.998208940 0.058833130 0.547672510 -0.977596700 -0.022949619 0.209231675 7.351037979
0.197916955 -0.059198841 0.978429556 14.748601913 -0.011803661 0.997958362 0.062768064 0.581810057 -0.980147719 -0.023971915 0.196814120 7.510675430
0.185103133 -0.061496753 0.980792999 15.543086052 -0.012703439 0.997806907 0.064961031 0.617838264 -0.982636988 -0.024483938 0.183915988 7.657732010
0.170816630 -0.061802775 0.983362556 16.371828079 -0.013493557 0.997790456 0.065053478 0.659895003 -0.985210419 -0.024381272 0.169605285 7.809702873
0.156032935 -0.060802177 0.985878706 17.185312271 -0.015020178 0.997842133 0.063917227 0.698266864 -0.987637639 -0.024781263 0.154782981 7.940364838
0.140415400 -0.059703514 0.988290906 18.007989883 -0.015401084 0.997927725 0.062473860 0.736133277 -0.989972889 -0.023993043 0.139204904 8.042573929
0.119842283 -0.058696467 0.991056204 18.833057404 -0.018084230 0.997956038 0.061291926 0.763517082 -0.992628276 -0.025267849 0.118535809 8.140898705
0.093767174 -0.056969501 0.993962884 19.649044037 -0.022087550 0.997996867 0.059284363 0.803081810 -0.995349050 -0.027513133 0.092321031 8.227512360
0.063290000 -0.056670710 0.996384859 20.488422394 -0.026146030 0.997949660 0.058420490 0.837949038 -0.997652590 -0.029748941 0.061678521 8.278192520
0.029965870 -0.056310430 0.997963548 21.332380295 -0.028716870 0.997951210 0.057172023 0.871149838 -0.999138296 -0.030371603 0.028287426 8.296319962
-0.004043102 -0.055911288 0.998427570 22.169569016 -0.030046422 0.997991621 0.055765212 0.897952080 -0.999540269 -0.029773710 -0.005714916 8.280212402
-0.038458042 -0.055046562 0.997742832 23.019544601 -0.031194951 0.998061001 0.053861696 0.928056598 -0.998773158 -0.029053124 -0.040100627 8.245994568
-0.071578488 -0.052675549 0.996043086 23.878030777 -0.034304064 0.998143911 0.050321441 0.956929505 -0.996844888 -0.030566394 -0.073252626 8.189477921
-0.104469687 -0.049867291 0.993277133 24.728271484 -0.036400810 0.998264670 0.046289176 0.981971860 -0.993861675 -0.031320278 -0.106103599 8.098924637
-0.136692226 -0.045313183 0.989576697 25.566747665 -0.033281773 0.998599410 0.041129060 1.001358509 -0.990054250 -0.027312845 -0.138008893 7.968723774
-0.168077469 -0.039368417 0.984987319 26.390888214 -0.028410301 0.998980641 0.035079792 1.015958428 -0.985364318 -0.022087663 -0.169024602 7.810504436
-0.198508903 -0.032595970 0.979556859 27.217348099 -0.021714315 0.999347746 0.028854089 1.032479763 -0.979858518 -0.015542611 -0.199087217 7.630649567
-0.227329955 -0.026988139 0.973443806 28.043792725 -0.015622621 0.999588370 0.024064606 1.038580298 -0.973692477 -0.009737139 -0.227657974 7.417845249
-0.254793644 -0.020774100 0.966772258 28.861671448 -0.006736854 0.999783158 0.019707933 1.041514039 -0.966971993 -0.001491547 -0.254878283 7.177142620
-0.280752063 -0.010575810 0.959721982 29.640697479 -0.000539186 0.999940813 0.010861277 1.026833057 -0.959780097 0.002531857 -0.280741215 6.929555893
-0.306408107 0.005326365 0.951885402 30.431423187 0.004255709 0.999981999 -0.004225598 1.015560985 -0.951890767 0.002756190 -0.306425303 6.663694382
-0.330877542 0.022102073 0.943414807 31.208877563 0.004411476 0.999750912 -0.021874698 0.993866563 -0.943663299 -0.003075993 -0.330892622 6.381163597
-0.356242001 0.037029441 0.933659673 31.978307724 0.004970462 0.999275446 -0.037735287 0.962137461 -0.934380412 -0.008802177 -0.356167942 6.082181931
-0.380358458 0.047464535 0.923620343 32.733535767 0.008770814 0.998822331 -0.047717206 0.918612480 -0.924797535 -0.010048740 -0.380326807 5.755713463
-0.403813243 0.051675092 0.913380861 33.482124329 0.011386705 0.998609960 -0.051462833 0.869725227 -0.914770603 -0.010380974 -0.403840363 5.424333572
-0.426557362 0.051373176 0.903000414 34.234924316 0.015116999 0.998651087 -0.049673967 0.814641356 -0.904334188 -0.007538143 -0.426758617 5.060470581
-0.446649432 0.047034301 0.893471837 34.971115112 0.018595047 0.998889625 -0.043287985 0.758361816 -0.894515812 -0.002720407 -0.447028100 4.675657272
-0.464326173 0.045637000 0.884487689 35.685897827 0.026491212 0.998940349 -0.037635434 0.707474351 -0.885268033 0.005956032 -0.465043038 4.284130096
-0.477830857 0.045924798 0.877250612 36.391750336 0.028840955 0.998914361 -0.036584575 0.659427166 -0.877978384 0.007819507 -0.478636593 3.888712883
-0.488845527 0.050204266 0.870924592 37.089118958 0.032814886 0.998694301 -0.039150700 0.613110423 -0.871752977 0.009440654 -0.489854634 3.486548424
-0.498772293 0.052732456 0.865127504 37.776660919 0.033769492 0.998571992 -0.041397206 0.567014337 -0.866074979 0.008567137 -0.499840766 3.083998680
-0.509513199 0.051956236 0.858892798 38.477432251 0.027833650 0.998648107 -0.043898832 0.512725830 -0.860012591 0.001539089 -0.510270536 2.678756714
-0.520568132 0.050550994 0.852322400 39.162086487 0.027451361 0.998720646 -0.042467520 0.463842392 -0.853378773 0.001290176 -0.521289766 2.264163971
-0.529401779 0.051810265 0.846787632 39.832386017 0.029464154 0.998654187 -0.042681482 0.419110537 -0.847859502 0.002354233 -0.530215800 1.843616486
-0.536463559 0.054880720 0.842137098 40.526947021 0.032132555 0.998488009 -0.044600576 0.376806617 -0.843311548 0.003133433 -0.537415922 1.393341064
-0.540019393 0.057926837 0.839656770 41.218727112 0.033861071 0.998316348 -0.047095038 0.329802155 -0.840971112 0.002999442 -0.541071713 0.948705673
-0.539963007 0.059911676 0.839553595 41.921623230 0.032892123 0.998203516 -0.050078399 0.286946535 -0.841045737 0.000574214 -0.540963709 0.508066177
-0.536525965 0.060186684 0.841734767 42.629066467 0.035100732 0.998181820 -0.048999745 0.235147715 -0.843153477 0.003255871 -0.537663102 0.053373337
-0.530515850 0.058928505 0.845624268 43.382171631 0.032852247 0.998260558 -0.048954800 0.181711435 -0.847038150 0.001809358 -0.531529009 -0.421670914
-0.523596227 0.057827242 0.850001752 44.145050049 0.030987483 0.998326242 -0.048829939 0.132045984 -0.851402700 0.000772241 -0.524511933 -0.882118225
-0.516455173 0.057187285 0.854402602 44.918724060 0.028938673 0.998363197 -0.049330559 0.079308510 -0.855825126 -0.000751748 -0.517264724 -1.340444565
-0.509879768 0.055913530 0.858426571 45.705936432 0.026549736 0.998432815 -0.049263079 0.024581432 -0.859835804 -0.002327246 -0.510565281 -1.809757233
-0.505997181 0.053447682 0.860877514 46.508186340 0.022033533 0.998553514 -0.049044684 -0.029776573 -0.862253726 -0.005848296 -0.506442845 -2.263170242
-0.504450917 0.050640650 0.861954033 47.334884644 0.017354676 0.998671651 -0.048516270 -0.082625151 -0.863265932 -0.009515141 -0.504659653 -2.736648560
-0.504985809 0.047906376 0.861797154 48.160385132 0.014996773 0.998794734 -0.046734296 -0.149000645 -0.862997353 -0.010675975 -0.505095601 -3.206424713
-0.505866170 0.046653915 0.861349344 49.003707886 0.014088207 0.998849928 -0.045827527 -0.207848310 -0.862496912 -0.011047726 -0.505941689 -3.696226120
-0.506328642 0.046111129 0.861106873 49.868240356 0.013650378 0.998872817 -0.045461923 -0.261589766 -0.862232566 -0.011264234 -0.506387353 -4.198434830
-0.506372452 0.045727149 0.861101449 50.735717773 0.013742791 0.998894095 -0.044962876 -0.317255974 -0.862205267 -0.010934022 -0.506440878 -4.705718994
-0.506631017 0.044586010 0.861009300 51.614418030 0.013786867 0.998953164 -0.043616816 -0.376147032 -0.862052739 -0.010227010 -0.506715357 -5.216045380
-0.506580889 0.044515196 0.861042500 52.501625061 0.014001985 0.998959243 -0.043407537 -0.435866356 -0.862078726 -0.009933122 -0.506677032 -5.736339569
-0.507002473 0.042912617 0.860875726 53.398612976 0.012159397 0.999016583 -0.042637486 -0.494097233 -0.861858845 -0.011149583 -0.507025778 -6.257230759
-0.506909013 0.042016082 0.860974967 54.278656006 0.010908347 0.999044061 -0.042331520 -0.552387238 -0.861930549 -0.012066415 -0.506882727 -6.766965866
-0.506113112 0.041300382 0.861477613 55.171409607 0.009967442 0.999066234 -0.042040750 -0.614409804 -0.862409592 -0.012690646 -0.506052017 -7.286844254
-0.504961014 0.039819736 0.862223148 56.051136017 0.009866960 0.999136329 -0.040364161 -0.672890544 -0.863085747 -0.011874807 -0.504917800 -7.800497055
-0.502658546 0.037780926 0.863659143 56.937473297 0.010050143 0.999232471 -0.037862312 -0.730924249 -0.864426613 -0.010351916 -0.502652347 -8.315591812
-0.500351310 0.036217313 0.865064681 57.818157196 0.010687804 0.999306977 -0.035655789 -0.792359829 -0.865756512 -0.008594773 -0.500391603 -8.819120407
-0.497968793 0.036086574 0.866443813 58.704719543 0.010953144 0.999315858 -0.035325501 -0.845940590 -0.867125750 -0.008100714 -0.498023301 -9.323263168
-0.495858222 0.036067262 0.867654145 59.588996887 0.011097486 0.999318719 -0.035198256 -0.903682709 -0.868332624 -0.007824562 -0.495920599 -9.825321198
-0.494900942 0.036746975 0.868172050 60.469787598 0.010689179 0.999287248 -0.036203314 -0.954910398 -0.868883669 -0.008637007 -0.494940996 -10.325325012
-0.495746076 0.038332641 0.867621124 61.345741272 0.010546878 0.999217510 -0.038120408 -1.011500359 -0.868403494 -0.009747348 -0.495762438 -10.820774078
-0.498750329 0.039850805 0.865828991 62.217178345 0.009088792 0.999127924 -0.040750559 -1.071844816 -0.866698027 -0.012455013 -0.498677641 -11.314104080
-0.503273666 0.040465798 0.863179028 63.088584900 0.007656813 0.999072552 -0.042372204 -1.128552318 -0.864093184 -0.014715609 -0.503116667 -11.818210602
-0.508840680 0.039030433 0.859975398 63.950561523 0.009176764 0.999160886 -0.039917611 -1.187806249 -0.860811770 -0.012419913 -0.508771896 -12.324659348
-0.514154315 0.036537427 0.856919050 64.810874939 0.010547563 0.999286056 -0.036279116 -1.248503208 -0.857632816 -0.009614656 -0.514172673 -12.841104507
-0.519632518 0.034095582 0.853709280 65.672370911 0.007508091 0.999347091 -0.035342094 -1.305466652 -0.854356885 -0.011955174 -0.519549251 -13.348573685
-0.524758101 0.037488136 0.850425482 66.518722534 0.010074900 0.999233365 -0.037831083 -1.361499786 -0.851191759 -0.011284215 -0.524733543 -13.866472244
-0.529741943 0.039293606 0.847248197 67.360946655 0.010095580 0.999147654 -0.040026136 -1.408968449 -0.848098814 -0.012650060 -0.529687107 -14.388738632
-0.534605026 0.040167164 0.844146907 68.188323975 0.008603320 0.999076664 -0.042090673 -1.465719700 -0.845058322 -0.015239416 -0.534457028 -14.900600433
-0.538055420 0.040167175 0.841951847 68.997085571 0.007854550 0.999059439 -0.042642839 -1.526553988 -0.842872858 -0.016331054 -0.537864923 -15.421722412
-0.541491747 0.039931722 0.839757204 69.817085266 0.009107561 0.999091327 -0.041635580 -1.581185222 -0.840656638 -0.014897184 -0.541363478 -15.944116592
-0.543352365 0.032959804 0.838857412 70.633110046 0.009663982 0.999408305 -0.033008419 -1.628241181 -0.839449227 -0.009828499 -0.543349445 -16.478334427
-0.545792162 0.023416694 0.837593317 71.452407837 0.008043090 0.999709725 -0.022707971 -1.685326457 -0.837881982 -0.005656993 -0.545822144 -17.008871078
-0.547706783 0.022235852 0.836374760 72.268630981 0.009203324 0.999746323 -0.020552378 -1.724992752 -0.836619675 -0.003559249 -0.547772586 -17.536079407
-0.548322380 0.026981346 0.835831702 73.056915283 0.009706751 0.999617338 -0.025900660 -1.768744469 -0.836210728 -0.006088702 -0.548374474 -18.054161072
-0.549919128 0.033190165 0.834558189 73.855293274 0.011428744 0.999415576 -0.032215707 -1.812253714 -0.835139751 -0.008178085 -0.549977124 -18.568185806
-0.549828351 0.037145156 0.834451199 74.635375977 0.017527863 0.999303758 -0.032934196 -1.858444095 -0.835093677 -0.003482009 -0.550096810 -19.100198746
-0.549598575 0.038632009 0.834535182 75.425598145 0.021180054 0.999253511 -0.032308575 -1.907609224 -0.835160375 -0.000081248 -0.550006628 -19.632188797
-0.549339771 0.035218667 0.834856570 76.228546143 0.019269099 0.999379575 -0.029479954 -1.946310043 -0.835376859 -0.000107578 -0.549677551 -20.150226593
-0.548794389 0.030307211 0.835407794 77.023620605 0.017219393 0.999540329 -0.024949949 -1.980611920 -0.835779965 0.000692822 -0.549064040 -20.669115067
-0.548488975 0.023232516 0.835834920 77.813987732 0.014628890 0.999727547 -0.018188281 -2.027488947 -0.836029708 0.002251265 -0.548679471 -21.168756485
-0.548471510 0.017760320 0.835980713 78.615211487 0.006032803 0.999832392 -0.017283326 -2.059913635 -0.836147547 -0.004436103 -0.548486769 -21.663785934
-0.546630621 0.012821984 0.837275624 79.412254333 -0.001103083 0.999870896 -0.016032122 -2.089582443 -0.837373197 -0.009687233 -0.546545744 -22.173444748
-0.545065105 0.013293737 0.838288307 80.203842163 0.001453584 0.999887764 -0.014911273 -2.121049881 -0.838392437 -0.006909091 -0.545023322 -22.674180984
-0.541297913 0.016921036 0.840660572 80.992515564 0.006250131 0.999850810 -0.016100820 -2.153440714 -0.840807676 -0.003461101 -0.541322887 -23.199167252
-0.535814941 0.020197961 0.844093800 81.782676697 0.008077908 0.999790668 -0.018795859 -2.179855585 -0.844296813 -0.003252592 -0.535865963 -23.702415466
-0.527978897 0.022200268 0.848967314 82.570953369 0.013070703 0.999752283 -0.018014487 -2.214359999 -0.849157035 0.001585332 -0.528138280 -24.195613861
-0.519413114 0.026026754 0.854126811 83.375190735 0.020298123 0.999629736 -0.018116757 -2.245259285 -0.854282260 0.007927093 -0.519749105 -24.705953598
-0.510161161 0.025149001 0.859710991 84.178886414 0.018227220 0.999664009 -0.018426815 -2.277213573 -0.859885693 0.006269498 -0.510448098 -25.166891098
-0.499406666 0.022866013 0.866065979 84.987648010 0.016049787 0.999724269 -0.017139969 -2.305985689 -0.866219103 0.005340362 -0.499635905 -25.622295380
-0.487823665 0.019432526 0.872725844 85.793746948 0.016406246 0.999779642 -0.013091043 -2.340239286 -0.872788012 0.007932035 -0.488034993 -26.065095901
-0.476251334 0.018889777 0.879106224 86.605148315 0.015335684 0.999795616 -0.013175054 -2.363345385 -0.879175544 0.007207058 -0.476443678 -26.507413864
-0.465071052 0.017791420 0.885094523 87.455917358 0.015784957 0.999805868 -0.011803072 -2.391328573 -0.885132611 0.008481914 -0.465261519 -26.941112518
-0.453011185 0.018821873 0.891306043 88.274810791 0.016855093 0.999779224 -0.012545824 -2.417880058 -0.891345501 0.009339649 -0.453228414 -27.355066299
-0.440552771 0.022512600 0.897444308 89.094139099 0.016697114 0.999718070 -0.016881591 -2.455363989 -0.897571385 0.007547499 -0.440804511 -27.758216858
-0.429455727 0.031819899 0.902527153 89.916091919 0.019163825 0.999475121 -0.026119081 -2.485780001 -0.902884662 0.006078884 -0.429840088 -28.142234802
-0.416320533 0.036064286 0.908502400 90.767677307 0.017685236 0.999345183 -0.031566165 -2.519484997 -0.909045875 0.002925435 -0.416685730 -28.543039322
-0.404802889 0.032592051 0.913822949 91.610206604 0.015722644 0.999464989 -0.028681746 -2.559240103 -0.914268792 0.002757261 -0.405098796 -28.908456802
-0.393485516 0.029019447 0.918872774 92.462577820 0.014982956 0.999571443 -0.025151944 -2.605482578 -0.919208646 0.003870505 -0.393751740 -29.263376236
-0.383523732 0.028942181 0.923077404 93.307945251 0.009308241 0.999579191 -0.027473396 -2.640385389 -0.923484147 -0.001944473 -0.383631706 -29.609460831
-0.376794904 0.033058975 0.925706565 94.145820618 0.004403498 0.999415517 -0.033898901 -2.687466621 -0.926286280 -0.008696589 -0.376720309 -29.934831619
-0.371998698 0.038326375 0.927441657 94.990310669 -0.001097577 0.999128401 -0.041729059 -2.729300499 -0.928232610 -0.016541094 -0.371632397 -30.255550385
-0.368619770 0.040272884 0.928707480 95.840484619 -0.004045364 0.998982131 -0.044925977 -2.782018661 -0.929571569 -0.020317560 -0.368081659 -30.585874557
-0.364610553 0.040038731 0.930298924 96.678634644 -0.004794913 0.998981118 -0.044873983 -2.838059425 -0.931147695 -0.020822231 -0.364047110 -30.908931732
-0.360232621 0.040102474 0.932000160 97.509590149 -0.006207962 0.998950303 -0.045382723 -2.889819145 -0.932841837 -0.022134149 -0.359605491 -31.214757919
-0.354267836 0.035837818 0.934457064 98.360000610 -0.008766754 0.999094188 -0.041640371 -2.941766024 -0.935102940 -0.022943996 -0.353632689 -31.534498215
-0.349124491 0.031992022 0.936530054 99.208030701 -0.009414476 0.999246836 -0.037644017 -2.992136955 -0.937029064 -0.021959392 -0.348560423 -31.840133667
-0.343578786 0.028919801 0.938678384 100.046913147 -0.011745084 0.999315262 -0.035086945 -3.040448666 -0.939050436 -0.023079989 -0.343003869 -32.134952545
-0.337776810 0.027078934 0.940836489 100.908233643 -0.020025413 0.999153018 -0.035946857 -3.091269016 -0.941013217 -0.030982658 -0.336948454 -32.426517487
-0.331650257 0.027236229 0.943009138 101.757453918 -0.026709255 0.998911321 -0.038244288 -3.139567137 -0.943024337 -0.037870791 -0.330561757 -32.706436157
-0.324918598 0.031163011 0.945228517 102.600418091 -0.024457993 0.998845756 -0.041338053 -3.192008257 -0.945425749 -0.036549889 -0.323781461 -32.990089417
-0.318144619 0.034510463 0.947413921 103.450630188 -0.023320647 0.998750031 -0.044211581 -3.239349604 -0.947755277 -0.036159981 -0.316942155 -33.269630432
-0.311123073 0.032891747 0.949800253 104.312461853 -0.024602925 0.998787224 -0.042647276 -3.288018465 -0.950051069 -0.036636420 -0.309936464 -33.551280975
-0.304544628 0.027987629 0.952086687 105.167785645 -0.024983978 0.998989642 -0.037358020 -3.338943243 -0.952170372 -0.035164107 -0.303537667 -33.813236237
-0.296892703 0.025275728 0.954576254 106.032897949 -0.025965564 0.999066234 -0.034529582 -3.390866280 -0.954557776 -0.035037696 -0.295959204 -34.082111359
-0.290985584 0.028550817 0.956301332 106.887008667 -0.028613474 0.998847723 -0.038527645 -3.433602333 -0.956299484 -0.038574088 -0.289833426 -34.329074860
-0.284609586 0.031032264 0.958141029 107.743400574 -0.028039251 0.998778760 -0.040677316 -3.485219002 -0.958233356 -0.038442716 -0.283391893 -34.574131012
-0.277999222 0.031602614 0.960061312 108.597915649 -0.030139340 0.998679459 -0.041601099 -3.532558441 -0.960108340 -0.040500678 -0.276679754 -34.810256958
-0.270947963 0.031186350 0.962088645 109.461807251 -0.030333476 0.998702049 -0.040915839 -3.583337784 -0.962115943 -0.040269557 -0.269650370 -35.049354553
-0.262677342 0.030920444 0.964388192 110.319389343 -0.026403345 0.998881876 -0.039218053 -3.634759426 -0.964522421 -0.035764780 -0.261567205 -35.284584045
-0.254845530 0.032243803 0.966444016 111.180152893 -0.023789510 0.998932302 -0.039600864 -3.683601379 -0.966689110 -0.033083338 -0.253806382 -35.512344360
-0.248344630 0.032810468 0.968115926 112.033927917 -0.022029053 0.998976409 -0.039507344 -3.731976032 -0.968421221 -0.031138120 -0.247367650 -35.724967957
-0.241848662 0.031647805 0.969797730 112.901191711 -0.028148782 0.998818517 -0.039614607 -3.778849840 -0.969905615 -0.036879368 -0.240672067 -35.923091888
-0.236085132 0.029581765 0.971282005 113.767478943 -0.033204343 0.998707235 -0.038487867 -3.826790333 -0.971164942 -0.041337192 -0.234797657 -36.118453979
-0.231652856 0.029588981 0.972348452 114.645843506 -0.030675877 0.998818099 -0.037702698 -3.876111031 -0.972314715 -0.038561575 -0.230471388 -36.321399689
-0.227179259 0.029518668 0.973405421 115.511688232 -0.029116655 0.998887777 -0.037086833 -3.928864956 -0.973417640 -0.036767669 -0.226067066 -36.514358521
-0.222032532 0.031507697 0.974529982 116.383636475 -0.027476199 0.998878658 -0.038554959 -3.974399090 -0.974652112 -0.035336837 -0.220917836 -36.715358734
-0.215925455 0.030180546 0.975943327 117.237731934 -0.021627609 0.999129057 -0.035682619 -4.023259640 -0.976170301 -0.028812099 -0.215084687 -36.908103943
-0.210800171 0.029460929 0.977085114 118.114730835 -0.014705508 0.999337018 -0.033304490 -4.062619209 -0.977418482 -0.021389125 -0.210227191 -37.102401733
-0.205528229 0.028766671 0.978228331 118.988014221 -0.012749167 0.999404371 -0.032068029 -4.109446526 -0.978568137 -0.019062482 -0.205039099 -37.286617279
-0.201625735 0.030169485 0.978997886 119.858497620 -0.014769943 0.999318123 -0.033837583 -4.152606010 -0.979351223 -0.021282269 -0.201042712 -37.455284119
-0.198221803 0.031570613 0.979648530 120.743911743 -0.016457416 0.999232948 -0.035531741 -4.198896408 -0.980019033 -0.023165649 -0.197550178 -37.629234314
-0.196466535 0.031113483 0.980016768 121.613693237 -0.019197306 0.999182642 -0.035570502 -4.242204666 -0.980322659 -0.025802094 -0.195708692 -37.792579651
-0.195891947 0.030232091 0.980159283 122.489166260 -0.019410519 0.999209285 -0.034699004 -4.282933712 -0.980433345 -0.025822656 -0.195150211 -37.954925537
-0.194787398 0.025099821 0.980524302 123.362953186 -0.018293703 0.999405682 -0.029217314 -4.331652164 -0.980674922 -0.023628589 -0.194212452 -38.128093719
-0.193801150 0.020312853 0.980830491 124.238037109 -0.019660497 0.999504328 -0.024584284 -4.371586800 -0.980843782 -0.024048073 -0.193305746 -38.297679901
-0.192960843 0.018431213 0.981033325 125.106491089 -0.019201636 0.999561131 -0.022556104 -4.410197258 -0.981018543 -0.023189887 -0.192522243 -38.464385986
-0.191447198 0.022624487 0.981242061 125.959304810 -0.019510275 0.999449015 -0.026850875 -4.453979969 -0.981308877 -0.024284828 -0.190900311 -38.630157471
-0.191658363 0.026117962 0.981114089 126.841697693 -0.019278159 0.999352813 -0.030369433 -4.495074272 -0.981272280 -0.024734627 -0.191030815 -38.797515869
-0.191497833 0.025912989 0.981150925 127.674446106 -0.022309558 0.999278367 -0.030746054 -4.525106430 -0.981239378 -0.027776849 -0.190781519 -38.951225281
-0.191293120 0.024617989 0.981224179 128.526428223 -0.024468569 0.999255180 -0.029840600 -4.570327282 -0.981227875 -0.029717458 -0.190548271 -39.105422974
-0.190313965 0.025999747 0.981378973 129.366012573 -0.019649651 0.999348104 -0.030286368 -4.610848904 -0.981526613 -0.025047673 -0.189679012 -39.273735046
-0.188899621 0.028211929 0.981591046 130.221755981 -0.022271942 0.999207020 -0.033004295 -4.649466991 -0.981743813 -0.028096439 -0.188121527 -39.444206238
-0.189727530 0.028810060 0.981413960 131.060623169 -0.030922588 0.998898208 -0.035301290 -4.694008827 -0.981349766 -0.037045483 -0.188627601 -39.583995819
-0.189132750 0.030164201 0.981488109 131.895095825 -0.036580216 0.998617887 -0.037739657 -4.741952419 -0.981269956 -0.043040853 -0.187767923 -39.727783203
-0.188557938 0.034191769 0.981466651 132.723022461 -0.032933865 0.998611391 -0.041116253 -4.787419319 -0.981509626 -0.040076289 -0.187170073 -39.886306763
-0.187946826 0.035105079 0.981551647 133.548889160 -0.031391960 0.998635828 -0.041727003 -4.837392330 -0.981677413 -0.038655281 -0.186588407 -40.040756226
-0.186075971 0.036509767 0.981856823 134.364883423 -0.032406364 0.998537600 -0.043271512 -4.883316994 -0.982000768 -0.039870195 -0.184620708 -40.191261292
-0.184043556 0.035530113 0.982275784 135.184066772 -0.023303611 0.998907864 -0.040497992 -4.933111191 -0.982641816 -0.030343970 -0.183014587 -40.350711823
-0.180642322 0.032787941 0.983002186 135.993942261 -0.017889531 0.999169350 -0.036614686 -4.977954388 -0.983386159 -0.024199605 -0.179905668 -40.504924774
-0.178565770 0.027584357 0.983541250 136.808105469 -0.014063944 0.999433219 -0.030583426 -5.026149750 -0.983827472 -0.019293625 -0.178076610 -40.652881622
-0.175061613 0.027485879 0.984173775 137.608459473 -0.012402806 0.999469280 -0.030119225 -5.064522266 -0.984479368 -0.017479235 -0.174627781 -40.793056488
-0.170323834 0.032287449 0.984858990 138.409561157 -0.011720769 0.999325871 -0.034788746 -5.110774517 -0.985318363 -0.017468654 -0.169830605 -40.929450989
-0.163722143 0.035261806 0.985876203 139.205444336 -0.010848448 0.999236226 -0.037541240 -5.152191162 -0.986446857 -0.016841553 -0.163214579 -41.057228088
-0.155460089 0.036039710 0.987184465 140.008941650 -0.009718762 0.999230087 -0.038009953 -5.193716526 -0.987794340 -0.015503243 -0.154990137 -41.178436279
-0.145948619 0.031370882 0.988794625 140.810012817 -0.008527329 0.999419987 -0.032966644 -5.237269402 -0.989255369 -0.013243213 -0.145596534 -41.292224884
-0.133762300 0.030408625 0.990546703 141.607025146 -0.004092268 0.999503613 -0.031236202 -5.278651237 -0.991005003 -0.008231808 -0.133571461 -41.402053833
-0.120101564 0.032851569 0.992217839 142.400222778 -0.000272527 0.999451220 -0.033124048 -5.316851139 -0.992761552 -0.004248655 -0.120026708 -41.497142792
-0.105880715 0.034068611 0.993795097 143.188079834 -0.000772777 0.999409795 -0.034343421 -5.353945732 -0.994378507 -0.004404288 -0.105791904 -41.577507019
-0.091769516 0.033854894 0.995204628 143.981170654 0.000488671 0.999423325 -0.033953346 -5.396317482 -0.995780170 -0.002629554 -0.091733135 -41.648586273
-0.078496978 0.035353713 0.996287346 144.762847900 0.001321279 0.999373853 -0.035359133 -5.439330101 -0.996913433 -0.001459212 -0.078494534 -41.703361511
-0.064698592 0.041722566 0.997032225 145.532974243 -0.001756105 0.999119282 -0.041923851 -5.487751007 -0.997903287 -0.004463307 -0.064568318 -41.745223999
-0.051808938 0.050972272 0.997355402 146.297302246 -0.008691695 0.998635769 -0.051489212 -5.532134056 -0.998619199 -0.011336309 -0.051295232 -41.769718170
-0.038301013 0.058800101 0.997534752 147.063583374 -0.012925698 0.998154461 -0.059332926 -5.580035210 -0.999182642 -0.015166340 -0.037470300 -41.782707214
-0.025326567 0.059401453 0.997912943 147.828750610 -0.013642709 0.998119533 -0.059760008 -5.631254196 -0.999586105 -0.015127750 -0.024468549 -41.792823792
-0.013300066 0.055754643 0.998355925 148.604064941 -0.017375397 0.998280585 -0.055981919 -5.684880257 -0.999760509 -0.018091395 -0.012308441 -41.793407440
-0.002795916 0.053058021 0.998587549 149.368606567 -0.021313917 0.998361290 -0.053105686 -5.743852615 -0.999768853 -0.021432292 -0.001660461 -41.780437469
0.006123192 0.059666973 0.998199522 150.126586914 -0.025479995 0.997903466 -0.059492972 -5.803114891 -0.999656558 -0.025069833 0.007630668 -41.763500214
0.013081354 0.067623630 0.997625172 150.871597290 -0.029021474 0.997315884 -0.067222118 -5.856515884 -0.999493182 -0.028073195 0.015008777 -41.745426178
0.016123982 0.070397615 0.997388661 151.623779297 -0.031475823 0.997059703 -0.069865555 -5.912066936 -0.999374449 -0.030267119 0.018292394 -41.726718903
0.016041609 0.065846883 0.997700751 152.377777100 -0.033889625 0.997291744 -0.065274984 -5.971147060 -0.999296904 -0.032764591 0.018229688 -41.706428528
0.014344587 0.061670050 0.997993529 153.134460449 -0.035637405 0.997493625 -0.061126933 -6.037664890 -0.999261916 -0.034689061 0.016506394 -41.689849854
0.011266869 0.058784395 0.998207092 153.892395020 -0.035240449 0.997673690 -0.058355212 -6.088819504 -0.999315321 -0.034519780 0.013312248 -41.679958344
0.008759126 0.059126534 0.998212039 154.636901855 -0.033493619 0.997707546 -0.058802761 -6.139958858 -0.999400556 -0.032918666 0.010719408 -41.676395416
0.004756670 0.059041239 0.998244166 155.378585815 -0.031976931 0.997753918 -0.058859877 -6.196907520 -0.999477208 -0.031640813 0.006633946 -41.667377472
0.000576422 0.058110572 0.998309910 156.123077393 -0.031974997 0.997800767 -0.058062471 -6.249338150 -0.999488533 -0.031887490 0.002433239 -41.667850494
-0.004639353 0.058293525 0.998288572 156.861282349 -0.032739613 0.997755408 -0.058414530 -6.299162388 -0.999453187 -0.032954592 -0.002720432 -41.668457031
-0.010726674 0.056552660 0.998341978 157.600296021 -0.034031067 0.997800350 -0.056887634 -6.350225925 -0.999363303 -0.034584858 -0.008778532 -41.667648315
-0.016237566 0.053730495 0.998423576 158.351165771 -0.031436123 0.998034000 -0.054220796 -6.411726475 -0.999373794 -0.032266986 -0.014516568 -41.689407349
-0.021257371 0.053530216 0.998339891 159.086547852 -0.032211207 0.998010516 -0.054198418 -6.462185383 -0.999255002 -0.033309855 -0.019490805 -41.706142426
-0.027101059 0.055301737 0.998101830 159.808212280 -0.034534328 0.997820735 -0.056223858 -6.508288383 -0.999036014 -0.035992496 -0.025132190 -41.712661743
-0.031220533 0.057315290 0.997867823 160.532150269 -0.034326185 0.997704089 -0.058379859 -6.566752434 -0.998922884 -0.036075644 -0.029181441 -41.729362488
-0.033765521 0.059257884 0.997671425 161.250610352 -0.033955522 0.997596443 -0.060402621 -6.622681141 -0.998852849 -0.035915982 -0.031672224 -41.752365112
-0.034367345 0.060535997 0.997574210 161.969055176 -0.030872032 0.997623205 -0.061602544 -6.677577496 -0.998932362 -0.032914259 -0.032416798 -41.786304474
-0.034468818 0.059498042 0.997633159 162.696060181 -0.028431827 0.997763932 -0.060488176 -6.728300571 -0.999001265 -0.030449493 -0.032700103 -41.804824829
-0.030075291 0.055522654 0.998004317 163.419784546 -0.024714405 0.998109460 -0.056273270 -6.785365105 -0.999242067 -0.026357524 -0.028646223 -41.832057953
-0.022477005 0.055217523 0.998221338 164.121627808 -0.023872530 0.998159230 -0.055751629 -6.840494633 -0.999462366 -0.025083197 -0.021117453 -41.845199585
-0.011473838 0.056388300 0.998342991 164.817337036 -0.021522284 0.998163402 -0.056625519 -6.889093399 -0.999702513 -0.022136331 -0.010239162 -41.844608307
0.002798583 0.056131002 0.998419464 165.509201050 -0.019534728 0.998235941 -0.056065932 -6.940505981 -0.999805272 -0.019346945 0.003890149 -41.837032318
0.018346911 0.054182421 0.998362482 166.186111450 -0.019214051 0.998365402 -0.053829476 -6.987298965 -0.999647021 -0.018194985 0.019357983 -41.822101593
0.034114175 0.049163554 0.998208046 166.868637085 -0.024149224 0.998538315 -0.048354514 -7.034123421 -0.999126136 -0.022456374 0.035251565 -41.778842926
0.050906561 0.042311754 0.997806728 167.554443359 -0.025324134 0.998835564 -0.041063383 -7.078282356 -0.998382211 -0.023178199 0.051918797 -41.734237671
0.067490272 0.035630807 0.997083426 168.229003906 -0.026226154 0.999080122 -0.033926968 -7.110566616 -0.997375131 -0.023859926 0.068362653 -41.671375275
0.085159779 0.027923493 0.995975971 168.906860352 -0.025207713 0.999347627 -0.025862662 -7.146210670 -0.996048391 -0.022903813 0.085808113 -41.608371735
0.101969630 0.021884762 0.994546831 169.568939209 -0.026915777 0.999452651 -0.019233072 -7.178586960 -0.994423389 -0.024807811 0.102502868 -41.524497986
0.119993865 0.019597713 0.992581248 170.222000122 -0.028272556 0.999467134 -0.016315781 -7.206921577 -0.992371976 -0.026105015 0.120483994 -41.433212280
0.138024136 0.018881705 0.990248859 170.863525391 -0.027381103 0.999508858 -0.015241803 -7.223841667 -0.990050256 -0.025010372 0.138473362 -41.336418152
0.155100435 0.018523453 0.987725019 171.500701904 -0.028151618 0.999501050 -0.014323704 -7.240762234 -0.987497568 -0.025584446 0.155544505 -41.220153809
0.170744672 0.017373225 0.985162079 172.131164551 -0.033443742 0.999370635 -0.011827444 -7.260110855 -0.984747648 -0.030928031 0.171218216 -41.086654663
0.185945317 0.013717020 0.982464314 172.751724243 -0.034734819 0.999369264 -0.007378988 -7.277760983 -0.981945872 -0.032753631 0.186304495 -40.965572357
0.197806925 0.009968396 0.980190337 173.377151489 -0.031618860 0.999492764 -0.003783869 -7.292207241 -0.979731023 -0.030244026 0.198021770 -40.831844330
0.208621636 0.008854044 0.977956355 173.994659424 -0.029091936 0.999572694 -0.002843742 -7.308428764 -0.977563620 -0.027857373 0.208790019 -40.696445465
0.218738183 0.012756544 0.975700200 174.598434448 -0.033895008 0.999410450 -0.005467757 -7.326275826 -0.975194633 -0.031875357 0.219041646 -40.548660278
0.227385178 0.019835230 0.973602831 175.186691284 -0.038542025 0.999192536 -0.011355069 -7.347069740 -0.973041832 -0.034942646 0.227966055 -40.389389038
0.236574143 0.029235369 0.971173465 175.764770508 -0.037924580 0.999063253 -0.020836657 -7.365684986 -0.970872998 -0.031901933 0.237461314 -40.247833252
0.245133549 0.035223797 0.968849242 176.358963013 -0.032808557 0.999068737 -0.028021410 -7.380069733 -0.968933940 -0.024917554 0.246060893 -40.102848053
0.251281619 0.033245642 0.967342913 176.958969116 -0.031945311 0.999150276 -0.026040535 -7.398333073 -0.967386723 -0.024358552 0.252130151 -39.939212799
0.257128090 0.025813192 0.966032624 177.558303833 -0.034869060 0.999240041 -0.017419459 -7.416533470 -0.965748072 -0.029205609 0.257832795 -39.767204285
0.261200309 0.015336691 0.965162754 178.179214478 -0.038554572 0.999241769 -0.005444258 -7.434851646 -0.964514315 -0.035789389 0.261593550 -39.583282471
0.263735473 0.007347678 0.964567065 178.784439087 -0.038914427 0.999237955 0.003028342 -7.453576088 -0.963809729 -0.038334254 0.263820410 -39.418178558
0.264496058 0.006398482 0.964365602 179.387298584 -0.036231171 0.999338031 0.003306586 -7.471168518 -0.963706017 -0.035814669 0.264552772 -39.248847961
0.265491098 0.008731117 0.964073718 179.985183716 -0.032316949 0.999477684 -0.000152163 -7.475542068 -0.963571548 -0.031115524 0.265634507 -39.089382172
0.267804235 0.008038702 0.963439822 180.591629028 -0.028780337 0.999585688 -0.000340316 -7.482378483 -0.963043451 -0.027636984 0.267924666 -38.928966522
0.269276440 0.006041936 0.963043988 181.197586060 -0.030755490 0.999524176 0.002328729 -7.482850552 -0.962571740 -0.030245962 0.269334167 -38.752635956
0.271994948 0.002659856 0.962294996 181.810943604 -0.031513043 0.999484420 0.006144586 -7.489964962 -0.961782575 -0.031996131 0.271938562 -38.571231842
0.274603784 -0.002762804 0.961553633 182.407852173 -0.031337567 0.999438941 0.011821151 -7.505418301 -0.961046696 -0.033378888 0.274363101 -38.389205933
0.279243350 -0.005525270 0.960204482 183.029998779 -0.029833306 0.999450862 0.014427122 -7.505284309 -0.959756851 -0.032674748 0.278925121 -38.209499359
0.285374254 -0.007698889 0.958385229 183.640625000 -0.027889445 0.999477565 0.016333513 -7.501117229 -0.958010316 -0.031389993 0.285010427 -38.019878387
0.293223470 -0.010829482 0.955982625 184.263107300 -0.026666103 0.999454260 0.019501086 -7.503860474 -0.955671966 -0.031210510 0.292774677 -37.822711945
0.303139418 -0.012918735 0.952858567 184.884323120 -0.023725374 0.999495864 0.021098947 -7.507584095 -0.952650785 -0.029002851 0.302680075 -37.630783081
0.314282089 -0.011003106 0.949265838 185.498901367 -0.025178013 0.999484539 0.019921111 -7.508964539 -0.948995650 -0.030161478 0.313843012 -37.417049408
0.325623810 -0.007159492 0.945472240 186.111358643 -0.026540099 0.999508202 0.016709168 -7.507383347 -0.945126891 -0.030533837 0.325273603 -37.191848755
0.337444723 -0.003927433 0.941337168 186.721801758 -0.027194770 0.999533176 0.013918852 -7.501604557 -0.940952361 -0.030296287 0.337180436 -36.964466095
0.349090040 -0.003767906 0.937081635 187.339675903 -0.025772892 0.999575019 0.013620332 -7.498859406 -0.936734676 -0.028906023 0.348844558 -36.728870392
0.360498786 -0.006548692 0.932736635 187.972106934 -0.025035625 0.999547243 0.016693929 -7.494552135 -0.932423651 -0.029369788 0.360171586 -36.479446411
