0.999997615814209 -0.002170729683712125 0.00031829706858843565 0.07650570571422577 0.002169620478525758 0.9999917149543762 0.0034448131918907166 -0.9054630398750305 -0.0003257721837144345 -0.0034441142342984676 0.9999940395355225 -0.014653476886451244
0.9999847412109375 -0.0046147736720740795 -0.0030363225378096104 0.0737740695476532 0.00461852690204978 0.9999885559082031 0.0012303870171308517 -0.9082167148590088 0.0030306100379675627 -0.0012443915475159883 0.9999946355819702 0.6520766019821167
0.9999668598175049 -0.003513890318572521 -0.007347604259848595 0.06841176748275757 0.0035127224400639534 0.9999937415122986 -0.00017188569472637028 -0.9113028645515442 0.007348162587732077 0.0001460698840674013 0.9999729990959167 1.3577238321304321
0.9999334216117859 -0.003324609249830246 -0.011043648235499859 0.04999641329050064 0.003307271981611848 0.9999933838844299 -0.0015877160476520658 -0.9105802774429321 0.011048853397369385 0.0015510863158851862 0.9999377727508545 2.059032678604126
0.9998703598976135 -0.002098900731652975 -0.01596548967063427 0.030764292925596237 0.0020622960291802883 0.9999951720237732 -0.0023088566958904266 -0.9103966951370239 0.01597025990486145 0.002275631297379732 0.9998698830604553 2.789290189743042
0.9997898936271667 -0.002967395354062319 -0.020281879231333733 0.01650550216436386 0.002923943568021059 0.9999933838844299 -0.002171717118471861 -0.9260187745094299 0.020288189873099327 0.002111957874149084 0.9997919201850891 3.5246243476867676
0.9996918439865112 -0.0011649139923974872 -0.024796994403004646 -0.00870782881975174 0.0010767800267785788 0.999993085861206 -0.003567277453839779 -0.9264749884605408 0.02480097860097885 0.003539476776495576 0.999686062335968 4.2798943519592285
0.9995699524879456 0.0017009939765557647 -0.02927647903561592 -0.04357270151376724 -0.001825373969040811 0.9999894499778748 -0.004222264513373375 -0.9338765144348145 0.029268983751535416 0.004273888189345598 0.9995624423027039 5.039312362670898
0.9994263648986816 0.0018458726117387414 -0.03381560742855072 -0.07038727402687073 -0.0019327154150232673 0.9999949336051941 -0.002535620704293251 -0.9391332268714905 0.03381076082587242 0.002599522238597274 0.9994248747825623 5.833975315093994
0.9992638826370239 0.0011864375555887818 -0.038343943655490875 -0.1043415516614914 -0.0011918839300051332 0.9999993443489075 -0.00011917715892195702 -0.9401175379753113 0.03834377974271774 0.00016479147598147392 0.9992645978927612 6.637755393981934
0.999133288860321 0.0007623028941452503 -0.04161645844578743 -0.14578907191753387 -0.0006411108188331127 0.9999955296516418 0.002925390377640724 -0.9497566223144531 0.04161849990487099 -0.0028961736243218184 0.9991293549537659 7.4413161277771
0.9990153312683105 0.002081951592117548 -0.044319503009319305 -0.18438482284545898 -0.0020036976784467697 0.9999963641166687 0.0018100424204021692 -0.9509372711181641 0.044323112815618515 -0.001719457097351551 0.999015748500824 8.265890121459961
0.9989185929298401 0.0016373366815969348 -0.04646281152963638 -0.22990766167640686 -0.0015613655559718609 0.9999973773956299 0.001671348582021892 -0.9542428255081177 0.0464654266834259 -0.0015969957457855344 0.9989186525344849 9.085464477539062
0.9988552927970886 -0.0009033109527081251 -0.04782453179359436 -0.27638447284698486 0.0009420947753824294 0.9999992251396179 0.0007884226506575942 -0.9561519622802734 0.04782377928495407 -0.0008325752569362521 0.998855471611023 9.912324905395508
0.9987267851829529 -0.0014696135185658932 -0.050424207001924515 -0.3109568953514099 0.001557273673824966 0.9999973177909851 0.0016992115415632725 -0.9607983827590942 0.050421569496393204 -0.0017755725421011448 0.9987263679504395 10.7643461227417
0.9986447095870972 -0.0029813277069479227 -0.05195966735482216 -0.3572709560394287 0.0030521564185619354 0.9999945759773254 0.0012838478432968259 -0.9645262956619263 0.05195555463433266 -0.0014406971167773008 0.9986483454704285 11.616786003112793
0.9985576868057251 -0.0007584826089441776 -0.05368315428495407 -0.4109443426132202 0.0007071662112139165 0.9999992251396179 -0.0009748997399583459 -0.9722550511360168 0.05368385463953018 0.0009355308720842004 0.9985575079917908 12.472940444946289
0.9984914660453796 -0.0004652168427128345 -0.05490504205226898 -0.4629520773887634 0.0002815528423525393 0.9999943375587463 -0.0033528057392686605 -0.9824100732803345 0.05490629002451897 0.0033322900999337435 0.9984859228134155 13.338766098022461
0.9984076023101807 0.0033916106913238764 -0.05630888417363167 -0.5247517824172974 -0.0036715702153742313 0.9999814033508301 -0.004869132302701473 -0.9928482174873352 0.05629132315516472 0.005068120546638966 0.9984015226364136 14.211852073669434
0.9983327984809875 0.004550328478217125 -0.05753926932811737 -0.577640175819397 -0.004814291372895241 0.9999784827232361 -0.004449739586561918 -1.0018994808197021 0.05751778185367584 0.004719333723187447 0.9983333945274353 15.107583999633789
0.9982418417930603 0.0033810383174568415 -0.05917641147971153 -0.6317249536514282 -0.0035601425915956497 0.99998939037323 -0.00292145274579525 -1.0141079425811768 0.05916590616106987 0.003126992844045162 0.9982432723045349 15.994975090026855
0.9981752038002014 0.004057601094245911 -0.06024867296218872 -0.6952884197235107 -0.004165641963481903 0.999989926815033 -0.001667748554609716 -1.0213016271591187 0.060241296887397766 0.00191567896399647 0.9981819987297058 16.89097023010254
0.9981251955032349 0.0036527635529637337 -0.061097368597984314 -0.7563017010688782 -0.003744155168533325 0.9999920129776001 -0.001381407375447452 -1.0350606441497803 0.0610918365418911 0.001607575104571879 0.9981308579444885 17.800704956054688
0.9980162978172302 0.003399395616725087 -0.06286449730396271 -0.8154290914535522 -0.003539466066285968 0.9999914765357971 -0.0021169164683669806 -1.0454961061477661 0.0628567636013031 0.0023352247662842274 0.998019814491272 18.69784164428711
0.9979537129402161 0.0018509948858991265 -0.0639132484793663 -0.8770896196365356 -0.0020158225670456886 0.9999948143959045 -0.002514548832550645 -1.0576398372650146 0.06390824913978577 0.002638241508975625 0.9979523420333862 19.60842514038086
0.9979192614555359 0.0017529668984934688 -0.06445284932851791 -0.9363874793052673 -0.001828263862989843 0.9999977350234985 -0.0011092862114310265 -1.0639222860336304 0.06445076316595078 0.001224813750013709 0.9979201555252075 20.5262451171875
0.9979060888290405 0.003305730177089572 -0.0645950436592102 -0.9979857206344604 -0.0031795252580195665 0.999992847442627 0.0020564899314194918 -1.0690395832061768 0.064601369202137 -0.0018468026537448168 0.9979093670845032 21.45235824584961
0.9979640245437622 0.004274371545761824 -0.06363590806722641 -1.0606434345245361 -0.003913719207048416 0.9999755620956421 0.005791021510958672 -1.0752052068710327 0.06365912407636642 -0.005530177615582943 0.9979563355445862 22.381053924560547
0.9980756640434265 0.003382279071956873 -0.061915427446365356 -1.1245317459106445 -0.0028648581355810165 0.9999602437019348 0.008443767204880714 -1.075603723526001 0.06194151192903519 -0.008250139653682709 0.9980456829071045 23.313283920288086
0.9981482028961182 0.0029797356110066175 -0.060756366699934006 -1.1777751445770264 -0.002394513925537467 0.9999500513076782 0.009702795185148716 -1.0841927528381348 0.06078224256634712 -0.009539345279335976 0.9981054663658142 24.256507873535156
0.9982385635375977 0.0034472369588911533 -0.05922791361808777 -1.2366502285003662 -0.003050401574000716 0.9999723434448242 0.006789240520447493 -1.0874563455581665 0.059249673038721085 -0.006596612744033337 0.9982213973999023 25.20185089111328
0.9982906579971313 0.003877360839396715 -0.058315739035606384 -1.2975786924362183 -0.003750113071873784 0.9999902844429016 0.0022913357242941856 -1.0911027193069458 0.05832406505942345 -0.002068726811558008 0.9982955455780029 26.138696670532227
0.9983616471290588 0.0034856703132390976 -0.05711301043629646 -1.3523261547088623 -0.0035319773014634848 0.9999935030937195 -0.0007098669302649796 -1.0995968580245972 0.05711016058921814 0.0009104257915169001 0.998367428779602 27.084209442138672
0.9983925223350525 0.0007947699050419033 -0.056672316044569016 -1.401969075202942 -0.0007936172187328339 0.9999997019767761 4.2843748815357685e-05 -1.1032257080078125 0.05667232722043991 2.2007152438163757e-06 0.9983928799629211 28.041812896728516
0.9984146356582642 -0.0005737984320148826 -0.05628226324915886 -1.4694733619689941 0.0008637041319161654 0.9999865293502808 0.005126733332872391 -1.11253023147583 0.05627856031060219 -0.005167216993868351 0.9984017610549927 29.0174560546875
0.9983490109443665 -0.004297959618270397 -0.05727672949433327 -1.5177812576293945 0.0048067281022667885 0.9999501705169678 0.008747842162847519 -1.1230254173278809 0.05723627656698227 -0.00900871492922306 0.9983199834823608 29.980693817138672
0.9982208609580994 -0.011816243641078472 -0.058441534638404846 -1.5660029649734497 0.012315790168941021 0.9998905658721924 0.008195004425942898 -1.127053141593933 0.05833830684423447 -0.008900179527699947 0.9982572197914124 30.95612144470215
0.9981143474578857 -0.014249376952648163 -0.0597054660320282 -1.6222699880599976 0.014525337144732475 0.9998857378959656 0.00419057859107852 -1.1277987957000732 0.05963892489671707 -0.005049918312579393 0.9982072710990906 31.924850463867188
0.9980299472808838 -0.01401535514742136 -0.06115495041012764 -1.6836661100387573 0.014043889008462429 0.9999013543128967 3.675417974591255e-05 -1.1297310590744019 0.061148401349782944 -0.0008955346420407295 0.9981282949447632 32.904083251953125
0.9979258179664612 -0.01272011548280716 -0.06310376524925232 -1.756442904472351 0.012702491134405136 0.9999191761016846 -0.0006804624572396278 -1.1341809034347534 0.06310731172561646 -0.00012252479791641235 0.9980067610740662 33.89394760131836
0.9978767037391663 -0.01252487301826477 -0.0639178529381752 -1.8130698204040527 0.0126190772280097 0.9999198317527771 0.001070297439582646 -1.152727723121643 0.06389933079481125 -0.0018746093846857548 0.9979546070098877 34.86608123779297
0.9978213906288147 -0.009598793461918831 -0.06527070701122284 -1.8823249340057373 0.009878462180495262 0.9999434351921082 0.003963360097259283 -1.1627212762832642 0.06522896885871887 -0.004599499516189098 0.99785977602005 35.86488723754883
0.9977468848228455 -0.009226186200976372 -0.06645188480615616 -1.949841022491455 0.009586243890225887 0.9999410510063171 0.00510150333866477 -1.1716967821121216 0.06640090048313141 -0.0057270340621471405 0.9977765083312988 36.84120178222656
0.9976972341537476 -0.008062085136771202 -0.06734289973974228 -2.0215139389038086 0.008600717410445213 0.9999333620071411 0.007712261751294136 -1.1772971153259277 0.06727622449398041 -0.008273698389530182 0.997700035572052 37.819271087646484
0.9977136850357056 -0.008009309880435467 -0.06710837036371231 -2.0911598205566406 0.00875853281468153 0.9999024868011475 0.010877576656639576 -1.1818675994873047 0.06701470911502838 -0.011440476402640343 0.9976863861083984 38.8259391784668
0.9977083802223206 -0.002277534455060959 -0.0676243007183075 -2.1700456142425537 0.003167911898344755 0.9999096989631653 0.01306220330297947 -1.1790359020233154 0.0675884485244751 -0.01324649527668953 0.9976253509521484 39.814903259277344
0.99769526720047 -0.0022096780594438314 -0.06781720370054245 -2.2486796379089355 0.003055830718949437 0.9999186992645264 0.012375765480101109 -1.1810576915740967 0.06778433918952942 -0.012554481625556946 0.9976209998130798 40.811927795410156
0.997687816619873 -0.0021331366151571274 -0.06792978942394257 -2.302039623260498 0.0028914364520460367 0.9999346733093262 0.011066633276641369 -1.1907398700714111 0.06790173798799515 -0.011237461119890213 0.9976287484169006 41.794158935546875
0.997696578502655 0.0001635011867620051 -0.06783372908830643 -2.384126663208008 0.00042304277303628623 0.9999626874923706 0.00863233394920826 -1.1897389888763428 0.06783260405063629 -0.00864114798605442 0.9976593852043152 42.791690826416016
0.9976581335067749 -0.00022276818344835192 -0.06839744746685028 -2.4622106552124023 0.0008223784388974309 0.9999614357948303 0.00873851403594017 -1.1926040649414062 0.06839288771152496 -0.008774297311902046 0.9976199269294739 43.763458251953125
0.9975464344024658 -0.0021551751997321844 -0.06997453421354294 -2.520749568939209 0.0028448437806218863 0.999948263168335 0.009757834486663342 -1.1954479217529297 0.06994988769292831 -0.009932958520948887 0.9975010752677917 44.75443649291992
0.997485339641571 -0.0016781935701146722 -0.0708523616194725 -2.591547966003418 0.0024563975166529417 0.9999375343322754 0.010897758416831493 -1.1995384693145752 0.07082965970039368 -0.0110443951562047 0.9974273443222046 45.743228912353516
0.997519850730896 0.0010693544754758477 -0.07037704437971115 -2.6807124614715576 -0.0005497689126059413 0.999972403049469 0.007401840761303902 -1.210376262664795 0.07038301974534988 -0.007344791665673256 0.9974930286407471 46.70754623413086
0.997419536113739 0.0015622705686837435 -0.07177508622407913 -2.7491977214813232 -0.0013499484630301595 0.9999945163726807 0.003006577491760254 -1.2131507396697998 0.07177939265966415 -0.002901925239712 0.9974163770675659 47.66621780395508
0.9973537921905518 0.0016119485953822732 -0.07268241047859192 -2.8104991912841797 -0.00147865095641464 0.9999972581863403 0.00188774848356843 -1.217585563659668 0.07268523424863815 -0.0017752815037965775 0.9973533749580383 48.6436882019043
0.9973425269126892 0.0005375096807256341 -0.07285340875387192 -2.8830413818359375 -0.00012019995483569801 0.9999836087226868 0.005732341669499874 -1.2294821739196777 0.07285530120134354 -0.005708351265639067 0.997326135635376 49.62568283081055
0.9973489046096802 -0.0013605378335341811 -0.0727560743689537 -2.958742618560791 0.0019871043041348457 0.9999615550041199 0.008540194481611252 -1.234986662864685 0.07274165749549866 -0.008662126958370209 0.9973132014274597 50.58803939819336
0.9973174333572388 -0.0033409162424504757 -0.07312175631523132 -3.022813081741333 0.004036175087094307 0.9999480247497559 0.009362535551190376 -1.2403066158294678 0.0730866864323616 -0.009632552042603493 0.9972790479660034 51.539730072021484
0.997261643409729 -0.006723460741341114 -0.07364784926176071 -3.089505910873413 0.007343967445194721 0.9999397397041321 0.008157754316926003 -1.2457714080810547 0.07358856499195099 -0.008676283061504364 0.9972509145736694 52.50083541870117
0.9972422122955322 -0.009352017194032669 -0.07362529635429382 -3.1660802364349365 0.009900148957967758 0.9999259114265442 0.007083440665155649 -1.2554265260696411 0.07355359196662903 -0.007792806718498468 0.9972608089447021 53.446205139160156
0.9971269369125366 -0.010975857265293598 -0.07494942098855972 -3.2296228408813477 0.011624847538769245 0.9998985528945923 0.008228277787566185 -1.260279655456543 0.07485150545835495 -0.009075913578271866 0.9971534013748169 54.40562057495117
0.997001588344574 -0.014179166406393051 -0.07607076317071915 -3.300772190093994 0.015139183029532433 0.9998127222061157 0.012058244086802006 -1.2586214542388916 0.07588553428649902 -0.013173739425837994 0.9970295429229736 55.36240005493164
0.996947169303894 -0.014542774297297001 -0.07671278715133667 -3.37111496925354 0.015910543501377106 0.9997246265411377 0.017248811200261116 -1.2632975578308105 0.07644082605838776 -0.018416695296764374 0.9969040155410767 56.30400466918945
0.9969019889831543 -0.01353646069765091 -0.07747982442378998 -3.444441318511963 0.01507033035159111 0.999701201915741 0.0192466601729393 -1.254992127418518 0.0771961584687233 -0.020354682579636574 0.9968080520629883 57.2612190246582
0.9968123435974121 -0.012219845317304134 -0.07883992791175842 -3.5213851928710938 0.013469018042087555 0.99979168176651 0.015332132577896118 -1.256256103515625 0.07863616198301315 -0.016345154494047165 0.9967693090438843 58.18861770629883
0.9967226386070251 -0.010874307714402676 -0.08016141504049301 -3.602670192718506 0.01151141244918108 0.9999056458473206 0.00748993456363678 -1.2549357414245605 0.08007241040468216 -0.008388159796595573 0.9967537522315979 59.10441970825195
0.9966574311256409 -0.008600037544965744 -0.08124063909053802 -3.6844751834869385 0.008845798671245575 0.9999573826789856 0.0026656854897737503 -1.262068510055542 0.08121424168348312 -0.003375416621565819 0.9966909885406494 60.01823425292969
0.9966527223587036 -0.004651357419788837 -0.08161856979131699 -3.771946430206299 0.0049683828838169575 0.9999808073043823 0.003681566333398223 -1.2678468227386475 0.0815998911857605 -0.004074755124747753 0.9966568350791931 60.926334381103516
0.996565043926239 -0.0017130491323769093 -0.08279573172330856 -3.8556876182556152 0.002226625569164753 0.99997878074646 0.006110992282629013 -1.2796375751495361 0.08278350532054901 -0.006274356506764889 0.9965477585792542 61.81480026245117
0.9964391589164734 0.0008438940858468413 -0.08431082218885422 -3.930819511413574 -0.0002182762837037444 0.999972403049469 0.007429314777255058 -1.2890019416809082 0.08431477099657059 -0.007384457625448704 0.9964118003845215 62.69441604614258
0.9963921904563904 0.0017622449668124318 -0.08484981209039688 -4.007086277008057 -0.0011550147319212556 0.9999733567237854 0.007205098867416382 -1.2999581098556519 0.08486025035381317 -0.00708110211417079 0.9963676929473877 63.54723358154297
0.9962494373321533 0.002973734401166439 -0.08647693693637848 -4.088402271270752 -0.0023022936657071114 0.9999664425849915 0.007863092236220837 -1.303794503211975 0.08649742603302002 -0.0076345051638782024 0.9962228536605835 64.39860534667969
0.9961218237876892 0.004178253933787346 -0.08788545429706573 -4.164046287536621 -0.003425903618335724 0.9999563097953796 0.008709658868610859 -1.3166344165802002 0.0879179984331131 -0.008374796248972416 0.9960924386978149 65.23741149902344
0.9959869384765625 0.003873641137033701 -0.08941547572612762 -4.237736701965332 -0.003073544707149267 0.9999539852142334 0.009084030985832214 -1.320365071296692 0.08944655954837799 -0.008772753179073334 0.9959529638290405 66.06131744384766
0.9958898425102234 0.0036690165288746357 -0.09049812704324722 -4.316906929016113 -0.0027467417530715466 0.99994295835495 0.010313529521226883 -1.3296139240264893 0.09053081274032593 -0.010022563859820366 0.995843231678009 66.86942291259766
0.9957369565963745 0.006415822077542543 -0.09201475232839584 -4.396783351898193 -0.0052443742752075195 0.9999021291732788 0.01296723447740078 -1.332939863204956 0.09208895266056061 -0.012429394759237766 0.9956732392311096 67.67002868652344
0.9956044554710388 0.008041406981647015 -0.0933120995759964 -4.473824977874756 -0.006466587074100971 0.9998317360877991 0.017167022451758385 -1.3360774517059326 0.09343443810939789 -0.016488155350089073 0.9954888224601746 68.45698547363281
0.9954006671905518 0.011370883323252201 -0.09512190520763397 -4.553328990936279 -0.009619689546525478 0.9997761249542236 0.0188483614474535 -1.3357998132705688 0.09531494230031967 -0.01784662902355194 0.9952871203422546 69.23253631591797
0.995272159576416 0.014112984761595726 -0.09609438478946686 -4.638210296630859 -0.01275132317095995 0.9998096227645874 0.01476939208805561 -1.3414133787155151 0.09628453105688095 -0.013474234379827976 0.9952627420425415 69.98013305664062
0.9951245784759521 0.014157884754240513 -0.0976044312119484 -4.711857795715332 -0.013500693254172802 0.9998814463615417 0.007390368729829788 -1.3455721139907837 0.09769749641418457 -0.006036609876900911 0.9951978325843811 70.7040023803711
0.9950087070465088 0.013167682103812695 -0.09891560673713684 -4.786611557006836 -0.013069253414869308 0.9999131560325623 0.0016430086689069867 -1.3502732515335083 0.09892864525318146 -0.00034205420524813235 0.9950944781303406 71.41316223144531
0.9949597120285034 0.013818826526403427 -0.09931918233633041 -4.861309051513672 -0.01385525893419981 0.9999039769172668 0.0003229440189898014 -1.3519712686538696 0.09931410849094391 0.0010547771817073226 0.9950555562973022 72.10773468017578
0.9948481917381287 0.016723670065402985 -0.09998629242181778 -4.939723491668701 -0.016417423263192177 0.9998576045036316 0.0038849874399602413 -1.3607252836227417 0.10003703087568283 -0.002223455812782049 0.9949812293052673 72.78142547607422
0.9947035312652588 0.017007334157824516 -0.10136829316616058 -5.010747909545898 -0.01646415702998638 0.9998452663421631 0.006192736327648163 -1.3756730556488037 0.10145793855190277 -0.004490993916988373 0.9948295950889587 73.43550109863281
0.994675874710083 0.013716383837163448 -0.1021353006362915 -5.075702667236328 -0.01348932832479477 0.9999047517776489 0.002913480391725898 -1.3852386474609375 0.10216555744409561 -0.0015202322974801064 0.9947662353515625 74.06055450439453
0.994719922542572 0.005436376202851534 -0.10248282551765442 -5.12281608581543 -0.005686777178198099 0.9999815225601196 -0.002151333726942539 -1.3984040021896362 0.10246922075748444 0.002722771605476737 0.9947324395179749 74.67644500732422
0.9948295950889587 0.0016146320849657059 -0.10154613107442856 -5.175697326660156 -0.0023525322321802378 0.9999716877937317 -0.007147309370338917 -1.4032444953918457 0.10153171420097351 0.0073492443189024925 0.9948051571846008 75.27359008789062
0.9951385855674744 0.003870283719152212 -0.09840842336416245 -5.236520767211914 -0.004623419605195522 0.9999617338180542 -0.007426274940371513 -1.4124959707260132 0.09837590903043747 0.007845156826078892 0.9951183795928955 75.8584213256836
0.9955183863639832 0.008987575769424438 -0.09414034336805344 -5.302019119262695 -0.009425285272300243 0.9999467134475708 -0.004205928184092045 -1.4253488779067993 0.09409753978252411 0.005074378568679094 0.9955500364303589 76.42385864257812
0.9959522485733032 0.007455401588231325 -0.08957426995038986 -5.350584030151367 -0.007587296888232231 0.999970555305481 -0.001132025383412838 -1.433106541633606 0.08956321328878403 0.0018070703372359276 0.9959794878959656 76.98220825195312
0.9964660406112671 0.0038646722678095102 -0.08390841633081436 -5.387752532958984 -0.0036584525369107723 0.9999898672103882 0.0026112995110452175 -1.4360939264297485 0.08391766250133514 -0.002295096404850483 0.9964700937271118 77.52839660644531
0.9971379637718201 -0.0008463257690891623 -0.07560030370950699 -5.416961669921875 0.0013176475185900927 0.9999799728393555 0.00618475629016757 -1.4485881328582764 0.07559356093406677 -0.006266667973250151 0.9971190094947815 78.0522689819336
0.9978803992271423 0.0030317495111376047 -0.06500397622585297 -5.4465484619140625 -0.0026355269365012646 0.9999774098396301 0.006180232390761375 -1.4567456245422363 0.06502126157283783 -0.00599581329151988 0.9978658556938171 78.56568145751953
0.9987256526947021 0.008222309872508049 -0.049796026200056076 -5.476009368896484 -0.007945314981043339 0.9999518394470215 0.0057579949498176575 -1.461988925933838 0.049840979278087616 -0.00535501167178154 0.9987428188323975 79.07073974609375
0.99941086769104 0.013211604207754135 -0.031677424907684326 -5.490322113037109 -0.013013758696615696 0.9998945593833923 0.006443719379603863 -1.4689221382141113 0.031759217381477356 -0.006027680356055498 0.9994773864746094 79.56498718261719
0.9998854398727417 0.011832485906779766 -0.009427770972251892 -5.481910705566406 -0.011764300055801868 0.999904453754425 0.007254990749061108 -1.4747487306594849 0.009512711316347122 -0.007143248803913593 0.9999292492866516 80.0451431274414
0.9998304843902588 0.008394972421228886 0.016382649540901184 -5.446096420288086 -0.008530435152351856 0.9999299645423889 0.008216486312448978 -1.4791104793548584 -0.016312524676322937 -0.008354846388101578 0.999832034111023 80.49138641357422
0.9989291429519653 0.00719766179099679 0.04570252448320389 -5.400308609008789 -0.007652973756194115 0.9999227523803711 0.00979539006948471 -1.4849759340286255 -0.045628488063812256 -0.010134661570191383 0.9989070892333984 80.94702911376953
0.9968656897544861 0.006735092028975487 0.07882510870695114 -5.344472408294678 -0.007674935273826122 0.9999030232429504 0.011626260355114937 -1.4929163455963135 -0.07873915880918503 -0.012194800190627575 0.9968206882476807 81.39850616455078
0.9931683540344238 0.0067596170119941235 0.11649472266435623 -5.269233703613281 -0.008233625441789627 0.9998919367790222 0.012176423333585262 -1.4957704544067383 -0.11639983206987381 -0.013052411377429962 0.9931167364120483 81.83899688720703
0.9873791933059692 0.006761719007045031 0.15822955965995789 -5.186005592346191 -0.008787068538367748 0.9998880624771118 0.012103991582989693 -1.4977905750274658 -0.1581300050020218 -0.013341603800654411 0.9873281121253967 82.24079132080078
0.9791141748428345 0.006489553023129702 0.20320770144462585 -5.070226669311523 -0.00910149049013853 0.9998874664306641 0.011921675875782967 -1.499925971031189 -0.20310746133327484 -0.013522174209356308 0.9790630340576172 82.65648651123047
0.9676365852355957 0.008716093376278877 0.2521974444389343 -4.935211181640625 -0.011641770601272583 0.9998810887336731 0.010110912844538689 -1.5074777603149414 -0.2520793080329895 -0.012719713151454926 0.9676229953765869 83.05797576904297
0.9520913362503052 0.009839574806392193 0.3056555986404419 -4.785785675048828 -0.01268851663917303 0.9998925924301147 0.007335410453379154 -1.5125620365142822 -0.30555057525634766 -0.01086229644715786 0.9521139860153198 83.44293975830078
0.9324634671211243 0.01032454613596201 0.36111682653427124 -4.603155136108398 -0.012913411483168602 0.9999052882194519 0.004756677895784378 -1.5105823278427124 -0.36103349924087524 -0.009098678827285767 0.9325085282325745 83.80964660644531
0.908297598361969 0.009792336262762547 0.41820991039276123 -4.4102325439453125 -0.012496856972575188 0.9999150037765503 0.003728661686182022 -1.5242048501968384 -0.418137788772583 -0.008613044396042824 0.9083427786827087 84.14488220214844
0.8791784048080444 0.010462510399520397 0.4763777554035187 -4.20477294921875 -0.012771395035088062 0.9999172687530518 0.0016094226157292724 -1.5276445150375366 -0.4763214588165283 -0.007498979568481445 0.8792392015457153 84.44999694824219
0.845689594745636 0.009314828552305698 0.5335937738418579 -3.962799072265625 -0.010638155043125153 0.9999432563781738 -0.0005954396910965443 -1.5307022333145142 -0.5335690379142761 -0.0051728952676057816 0.8457406759262085 84.75301361083984
0.8086368441581726 0.00868451688438654 0.5882442593574524 -3.7043075561523438 -0.009654819034039974 0.9999523162841797 -0.0014906428987160325 -1.541471242904663 -0.5882291197776794 -0.004474002402275801 0.8086819648742676 85.04259490966797
0.7684798836708069 0.007540320977568626 0.6398295164108276 -3.42926025390625 -0.009134882129728794 0.9999579787254333 -0.0008127645123749971 -1.5474175214767456 -0.639808714389801 -0.005220174323767424 0.768516480922699 85.31575012207031
0.7265682816505432 0.0074023595079779625 0.687054455280304 -3.13079833984375 -0.010675709694623947 0.99994295835495 0.0005162553861737251 -1.545206069946289 -0.6870113015174866 -0.007709888741374016 0.7266057133674622 85.55193328857422
0.6819517016410828 0.006174520123749971 0.7313711643218994 -2.8287620544433594 -0.009499025531113148 0.9999548196792603 0.00041515694465488195 -1.5493690967559814 -0.7313355207443237 -0.007230430841445923 0.6819794178009033 85.7649917602539
0.6357508897781372 0.0046679433435201645 0.7718802690505981 -2.5000839233398438 -0.0067617627792060375 0.9999770522117615 -0.0004781039897352457 -1.5596991777420044 -0.7718647122383118 -0.004915317054837942 0.6357678174972534 85.97032165527344
0.5901144742965698 0.0013106915866956115 0.8073185086250305 -2.1670913696289062 -0.0007337468559853733 0.9999992847442627 -0.001087172538973391 -1.5693752765655518 -0.8073192238807678 4.9188616685569286e-05 0.590114951133728 86.13429260253906
0.5436088442802429 0.003062787000089884 0.839333176612854 -1.8332748413085938 -0.0030759666115045547 0.9999939203262329 -0.0016568456776440144 -1.5805021524429321 -0.8393329977989197 -0.0016810852102935314 0.5436149835586548 86.3004150390625
0.4967392683029175 0.006426922045648098 0.8678760528564453 -1.4943199157714844 -0.006605320144444704 0.9999716877937317 -0.0036245007067918777 -1.5800776481628418 -0.8678746819496155 -0.003932167310267687 0.4967675805091858 86.45646667480469
0.45131129026412964 0.008000404573976994 0.8923307657241821 -1.1551399230957031 -0.007560355588793755 0.9999582171440125 -0.005141587927937508 -1.5923614501953125 -0.8923345804214478 -0.004425880964845419 0.45135295391082764 86.5887680053711
0.408271849155426 0.005920609459280968 0.9128412008285522 -0.7997188568115234 -0.0015076652634888887 0.9999820590019226 -0.005811487324535847 -1.5985291004180908 -0.9128591418266296 0.000996407587081194 0.4082733988761902 86.71151733398438
0.3677452802658081 -0.0017362203216180205 0.9299249649047852 -0.4440116882324219 0.013012669049203396 0.9999099373817444 -0.0032790645491331816 -1.603723168373108 -0.9298354983329773 0.013306666165590286 0.3677347004413605 86.81072235107422
0.3323673605918884 -0.005044512916356325 0.9431365728378296 -0.07714271545410156 0.016839925199747086 0.999858021736145 -0.0005866012070327997 -1.6043941974639893 -0.9429996609687805 0.016077319160103798 0.3324050307273865 86.90161895751953
0.29897189140319824 -0.0014613578096032143 0.9542608857154846 0.28635406494140625 0.01422963384538889 0.9998944401741028 -0.002926934277638793 -1.6124298572540283 -0.9541558027267456 0.014453853480517864 0.29896119236946106 86.99790954589844
0.2682556211948395 0.006131250876933336 0.9633283019065857 0.6568374633789062 0.003482743166387081 0.999967098236084 -0.007334273308515549 -1.6246470212936401 -0.9633414149284363 0.005322485230863094 0.26822543144226074 87.09683227539062
0.2401207685470581 0.010694416239857674 0.9706840515136719 1.0338115692138672 -0.0018569942330941558 0.9999425411224365 -0.01055739913135767 -1.641654372215271 -0.9707412123680115 0.0007324957987293601 0.2401268482208252 87.18421173095703
0.21437060832977295 0.012303738854825497 0.9766749143600464 1.4241352081298828 -0.0005530593916773796 0.999921977519989 -0.012475203722715378 -1.6538697481155396 -0.9767521619796753 0.0021341578103601933 0.21436068415641785 87.24967193603516
0.1909192055463791 0.01387283019721508 0.9815077185630798 1.834686279296875 0.006425876170396805 0.9998610019683838 -0.015382176265120506 -1.6602143049240112 -0.9815847277641296 0.009243801236152649 0.19080351293087006 87.30551147460938
0.1708785742521286 0.01976686716079712 0.9850938320159912 2.2443246841430664 0.01324471365660429 0.9996622800827026 -0.022356681525707245 -1.6629053354263306 -0.9852030277252197 0.016867561265826225 0.1705590784549713 87.34659576416016
0.1511785387992859 0.02689659781754017 0.988140344619751 2.670755386352539 0.015736430883407593 0.9994375705718994 -0.029611662030220032 -1.6536633968353271 -0.9883811473846436 0.02002645470201969 0.15067023038864136 87.40390014648438
0.133524090051651 0.027559535577893257 0.9906622767448425 3.110157012939453 0.013442444615066051 0.9994708299636841 -0.029616396874189377 -1.6652653217315674 -0.9909544587135315 0.01727142371237278 0.13308297097682953 87.4595718383789
0.11828641593456268 0.023290574550628662 0.9927063584327698 3.573291778564453 0.011155946180224419 0.9996305704116821 -0.024782320484519005 -1.6873033046722412 -0.9929168820381165 0.014005986973643303 0.1179828867316246 87.50927734375
0.10377965867519379 0.020098388195037842 0.9943972229957581 4.041351318359375 0.0107038002461195 0.999715268611908 -0.02132297307252884 -1.7057008743286133 -0.9945427179336548 0.01285671815276146 0.1035350114107132 87.55061340332031
0.09047528356313705 0.017544858157634735 0.9957441687583923 4.526558876037598 0.013430542312562466 0.9997323751449585 -0.018835455179214478 -1.717939019203186 -0.9958080649375916 0.015077524818480015 0.09021544456481934 87.58670806884766
0.0788271576166153 0.016639724373817444 0.9967494010925293 5.021032810211182 0.017061317339539528 0.9996917843818665 -0.018038125708699226 -1.7317265272140503 -0.9967422485351562 0.018427753821015358 0.07851897925138474 87.61288452148438
0.06864486634731293 0.01747751608490944 0.9974880814552307 5.529874324798584 0.02048187330365181 0.9996111392974854 -0.018924228847026825 -1.7411513328552246 -0.9974309206008911 0.021729474887251854 0.06826020777225494 87.63858032226562
0.060719627887010574 0.018011778593063354 0.9979923367500305 6.068362712860107 0.02246047742664814 0.9995592832565308 -0.019406594336032867 -1.7506370544433594 -0.9979020953178406 0.02359374612569809 0.06028832495212555 87.6656494140625
0.055223096162080765 0.018247656524181366 0.9983072876930237 6.602625370025635 0.023752598091959953 0.9995260238647461 -0.01958385296165943 -1.7686573266983032 -0.9981914162635803 0.024793870747089386 0.054763488471508026 87.68736267089844
0.04985298588871956 0.019267726689577103 0.9985706806182861 7.162109851837158 0.025158461183309555 0.999472439289093 -0.020541144534945488 -1.7810958623886108 -0.998439610004425 0.02614654041826725 0.049341943114995956 87.7077865600586
0.04388321191072464 0.019919058308005333 0.9988380670547485 7.749523162841797 0.025301694869995117 0.999458372592926 -0.021043037995696068 -1.7981107234954834 -0.9987162351608276 0.02619573287665844 0.04335545748472214 87.7320556640625
0.039121661335229874 0.02005586214363575 0.9990331530570984 8.340005874633789 0.027730010449886322 0.9993916153907776 -0.021148955449461937 -1.8095223903656006 -0.998849630355835 0.028530580922961235 0.03854172304272652 87.75377655029297
0.03633682802319527 0.020098408684134483 0.9991374611854553 8.963191032409668 0.02904711849987507 0.9993540048599243 -0.021159160882234573 -1.8237913846969604 -0.9989174604415894 0.02979091741144657 0.0357295498251915 87.77055358886719
0.03332259878516197 0.019422343000769615 0.9992559552192688 9.597415924072266 0.030265023931860924 0.9993329644203186 -0.020433099940419197 -1.8439111709594727 -0.9989863038063049 0.030923394486308098 0.032712556421756744 87.78651428222656
0.030843151733279228 0.018729394301772118 0.9993487596511841 10.253252029418945 0.032398324459791183 0.9992802739143372 -0.019728031009435654 -1.8617048263549805 -0.9989989995956421 0.03298570215702057 0.030214153230190277 87.80496978759766
0.030233511701226234 0.018391592428088188 0.9993736743927002 10.930173873901367 0.03663526102900505 0.9991384744644165 -0.019495569169521332 -1.8774200677871704 -0.9988712668418884 0.03720172122120857 0.029533686116337776 87.81763458251953
0.031413741409778595 0.017953108996152878 0.9993452429771423 11.619572639465332 0.04044216498732567 0.9989970922470093 -0.01921812631189823 -1.892490267753601 -0.9986879825592041 0.04101939871907234 0.030656173825263977 87.8337631225586
0.03376329317688942 0.017698824405670166 0.9992731809616089 12.32624626159668 0.04208168387413025 0.9989312887191772 -0.019114617258310318 -1.9130412340164185 -0.9985435009002686 0.04269647225737572 0.03298241272568703 87.85932922363281
0.03755347803235054 0.017913438379764557 0.9991340637207031 13.053494453430176 0.04443911090493202 0.9988202452659607 -0.019578102976083755 -1.927634835243225 -0.9983060359954834 0.04513585567474365 0.03671310842037201 87.88524627685547
0.04206715524196625 0.017276544123888016 0.9989653825759888 13.796025276184082 0.0450102835893631 0.9988026022911072 -0.019169148057699203 -1.9465510845184326 -0.9981003999710083 0.045770104974508286 0.04123915359377861 87.91683959960938
0.04605870693922043 0.015663672238588333 0.9988158941268921 14.55172061920166 0.04667982831597328 0.9987510442733765 -0.01781521551311016 -1.9635066986083984 -0.9978474378585815 0.04744509980082512 0.045270003378391266 87.9516830444336
0.049801718443632126 0.014243893325328827 0.9986575841903687 15.318037033081055 0.045883599668741226 0.9988099932670593 -0.016534218564629555 -1.9818400144577026 -0.9977046251296997 0.04664543271064758 0.049088895320892334 87.99756622314453
0.05396297201514244 0.012066908180713654 0.9984700679779053 16.101842880249023 0.04328855499625206 0.9989586472511292 -0.014412371441721916 -1.9969149827957153 -0.9976041913032532 0.0440000519156456 0.05338442698121071 88.0475845336914
0.057561829686164856 0.011069977656006813 0.9982806444168091 16.89455795288086 0.042482890188694 0.9990056157112122 -0.013527622446417809 -2.0128839015960693 -0.9974376559257507 0.043188516050577164 0.05703430250287056 88.10897827148438
0.061865150928497314 0.011760085821151733 0.998015284538269 17.69915008544922 0.04007049649953842 0.9990951418876648 -0.014256708323955536 -2.032783031463623 -0.997279703617096 0.0408729612827301 0.061337944120168686 88.16497039794922
0.06510817259550095 0.01596607267856598 0.997750461101532 18.501203536987305 0.03768067806959152 0.9991195797920227 -0.01844683289527893 -2.052473783493042 -0.9971665143966675 0.03879695385694504 0.0644492357969284 88.21195983886719
0.06645027548074722 0.021701231598854065 0.9975537061691284 19.30257797241211 0.031796809285879135 0.9992096424102783 -0.023855343461036682 -2.068730354309082 -0.9972829222679138 0.03330422192811966 0.06570771336555481 88.27661895751953
0.0661705955862999 0.024561164900660515 0.9975059032440186 20.110326766967773 0.028980989009141922 0.9992279410362244 -0.02652604505419731 -2.095547676086426 -0.9973874092102051 0.030663954094052315 0.06540770083665848 88.33976745605469
0.0664379820227623 0.024088285863399506 0.9974998235702515 20.926509857177734 0.02659349888563156 0.9993106722831726 -0.02590326778590679 -2.1258022785186768 -0.9974361062049866 0.02824796922504902 0.06575161218643188 88.39938354492188
0.06652579456567764 0.02217850461602211 0.997538149356842 21.73537254333496 0.023733092471957207 0.9994348883628845 -0.023803433403372765 -2.1573405265808105 -0.9975024461746216 0.025258207693696022 0.06596184521913528 88.45958709716797
0.06660955399274826 0.02085522934794426 0.9975610971450806 22.558317184448242 0.024858977645635605 0.9994365572929382 -0.02255433052778244 -2.188188314437866 -0.997469425201416 0.026300674304366112 0.06605358421802521 88.5136947631836
0.06637408584356308 0.020035702735185623 0.9975935816764832 23.37702178955078 0.022079091519117355 0.9995240569114685 -0.021543486043810844 -2.221169948577881 -0.9975504279136658 0.02345588617026806 0.06590011715888977 88.58623504638672
0.06658528000116348 0.020533528178930283 0.9975694417953491 24.196958541870117 0.020512524992227554 0.9995486736297607 -0.021943431347608566 -2.2501485347747803 -0.9975698590278625 0.02192377857863903 0.06613404303789139 88.64546203613281
0.06639138609170914 0.020987708121538162 0.9975728988647461 25.010854721069336 0.017384536564350128 0.9996026754379272 -0.022187400609254837 -2.2821521759033203 -0.9976422190666199 0.01881539821624756 0.06600014120340347 88.71080780029297
0.06538962572813034 0.022253340110182762 0.9976116418838501 25.824787139892578 0.014559658244252205 0.9996235370635986 -0.023252548649907112 -2.3120388984680176 -0.9977535605430603 0.016045359894633293 0.06504102051258087 88.77301025390625
0.062126524746418 0.02227456122636795 0.997819721698761 26.630430221557617 0.011554835364222527 0.9996678829193115 -0.02303524687886238 -2.3373289108276367 -0.9980013370513916 0.012960740365087986 0.06184852123260498 88.8311996459961
0.05868782848119736 0.021218635141849518 0.9980508089065552 27.44519805908203 0.009205996058881283 0.99972003698349 -0.02179545722901821 -2.3605973720550537 -0.9982339143753052 0.010467180982232094 0.05847605690360069 88.88301849365234
0.05388797074556351 0.01875588484108448 0.9983708262443542 28.257291793823242 0.007393703795969486 0.9997886419296265 -0.01918160729110241 -2.3883094787597656 -0.9985195994377136 0.008415316231548786 0.053737908601760864 88.93170166015625
0.04776215925812721 0.016659218817949295 0.9987198710441589 29.06484603881836 0.004915774799883366 0.9998449087142944 -0.016913075000047684 -2.4155287742614746 -0.9988466501235962 0.005717286374419928 0.047672856599092484 88.97345733642578
0.040290240198373795 0.016929978504776955 0.9990445375442505 29.875682830810547 0.0050115748308598995 0.9998404383659363 -0.017145570367574692 -2.4397952556610107 -0.9991753697395325 0.005697586573660374 0.04019896686077118 89.00875091552734
