1.0 0.0 0.0 0.0 0.0 1.0 0.0 0.0 0.0 0.0 1.0 0.0
0.9990444779396057 -0.0005487294401973486 0.04370226711034775 0.04691162332892418 0.0006481644813902676 0.9999971985816956 -0.0022611471358686686 -0.02060120739042759 -0.043700896203517914 0.0022873124107718468 0.9990420341491699 1.025596022605896
0.9960271120071411 -0.004606469999998808 0.08893139660358429 0.13868317008018494 0.005271065980195999 0.9999598264694214 -0.007239725440740585 -0.03921397030353546 -0.08889447897672653 0.007679725531488657 0.9960114359855652 2.047046422958374
0.9908732771873474 -0.004042760003358126 0.1347360908985138 0.2706964313983917 0.005637478549033403 0.9999184608459473 -0.011456442065536976 -0.05953126400709152 -0.13467878103256226 0.012111454270780087 0.990815281867981 3.0569207668304443
0.9835037589073181 -0.0012402213178575039 0.18088345229625702 0.4492546319961548 0.0037287913728505373 0.9999030232429504 -0.013418467715382576 -0.09368210285902023 -0.18084926903247833 0.013871590606868267 0.9834129810333252 4.080624580383301
0.9739913940429688 -0.003821571357548237 0.22655266523361206 0.6874377727508545 0.007028565742075443 0.999886155128479 -0.013350654393434525 -0.12558603286743164 -0.22647584974765778 0.014595763757824898 0.9739074110984802 5.080989837646484
0.9622920751571655 -0.004240065347403288 0.27198526263237 0.9599210619926453 0.008521153591573238 0.9998575448989868 -0.014560997486114502 -0.15686708688735962 -0.2718847990036011 0.016329558566212654 0.9621912240982056 6.086717128753662
0.9487497210502625 -0.006889387499541044 0.31595340371131897 1.2865607738494873 0.01297724712640047 0.9997683763504028 -0.017168255522847176 -0.19041883945465088 -0.315761923789978 0.02038857899606228 0.9486193060874939 7.065678119659424
0.9335739612579346 -0.008486666716635227 0.3582843542098999 1.6590821743011475 0.016391344368457794 0.9996844530105591 -0.019031086936593056 -0.22137071192264557 -0.35800981521606445 0.02363969013094902 0.9334185123443604 8.023843765258789
0.9163240194320679 -0.008600430563092232 0.4003452956676483 2.0700302124023438 0.01804753579199314 0.9996404051780701 -0.01983301155269146 -0.2543838322162628 -0.4000307619571686 0.02539871074259281 0.9161497354507446 8.948925018310547
0.8967586755752563 -0.0088642667979002 0.44243124127388 2.5150392055511475 0.018915913999080658 0.9996533989906311 -0.018312033265829086 -0.29163578152656555 -0.44211554527282715 0.024790463969111443 0.8966155052185059 9.84911823272705
0.8750782608985901 -0.009124595671892166 0.4838953912258148 3.01456618309021 0.02001146599650383 0.9996494054794312 -0.017338871955871582 -0.3295743763446808 -0.4835675358772278 0.0248563252389431 0.8749540448188782 10.742114067077637
0.851081371307373 -0.00916370376944542 0.5249537825584412 3.548395872116089 0.02068423293530941 0.9996566772460938 -0.016084104776382446 -0.36558598279953003 -0.5246261358261108 0.024547146633267403 0.8509787917137146 11.614519119262695
0.8256365656852722 -0.00986997876316309 0.5641159415245056 4.132943153381348 0.022914979606866837 0.99960857629776 -0.016048703342676163 -0.4027895927429199 -0.5637367963790894 0.02617710456252098 0.8255394697189331 12.456060409545898
0.7983158826828003 -0.011464564129710197 0.6021297574043274 4.748466491699219 0.02613379992544651 0.9995364546775818 -0.015617524273693562 -0.43324053287506104 -0.6016716957092285 0.028203656896948814 0.7982453107833862 13.268574714660645
0.7696090340614319 -0.010546280071139336 0.638428270816803 5.393780708312988 0.026895662769675255 0.9995115995407104 -0.015910977497696877 -0.46980351209640503 -0.6379486918449402 0.02941618487238884 0.7695168256759644 14.045644760131836
0.7390533685684204 -0.013618658296763897 0.6735091209411621 6.072548866271973 0.03156687319278717 0.9993974566459656 -0.014430618844926357 -0.5029324889183044 -0.672906756401062 0.03192557767033577 0.7390380501747131 14.782560348510742
0.7071530818939209 -0.012890626676380634 0.7069427967071533 6.800546646118164 0.03195537254214287 0.9993947744369507 -0.013741587288677692 -0.5346620082855225 -0.7063378691673279 0.032308030873537064 0.7071371674537659 15.500458717346191
0.6728909611701965 -0.01143963448703289 0.7396531701087952 7.5484089851379395 0.032860539853572845 0.999355673789978 -0.014438248239457607 -0.5678573250770569 -0.7390115261077881 0.03402077406644821 0.6728333234786987 16.187923431396484
0.6374241709709167 -0.012940490618348122 0.7704043388366699 8.327001571655273 0.037869807332754135 0.9991767406463623 -0.01454988680779934 -0.5942970514297485 -0.7695817947387695 0.038449522107839584 0.6373894810676575 16.822458267211914
0.600672721862793 -0.011161727830767632 0.7994170784950256 9.116740226745605 0.03800981119275093 0.9991705417633057 -0.014609379693865776 -0.6224865913391113 -0.798590898513794 0.03916114941239357 0.6005987524986267 17.414165496826172
0.5630613565444946 -0.010276020504534245 0.8263512253761292 9.949431419372559 0.040977392345666885 0.999039888381958 -0.01549780648201704 -0.6534618139266968 -0.8253985643386841 0.04258793219923973 0.56294184923172 17.9728946685791
0.5240859985351562 -0.00839541107416153 0.8516239523887634 10.789963722229004 0.04532986134290695 0.9988089799880981 -0.018049437552690506 -0.6797031760215759 -0.8504582047462463 0.048063453286886215 0.5238423943519592 18.49361228942871
0.48544180393218994 -0.007553748320788145 0.8742362856864929 11.666049003601074 0.04692573845386505 0.9987463355064392 -0.01742713712155819 -0.7026299238204956 -0.8730087280273438 0.049484044313430786 0.4851876497268677 18.970630645751953
0.44686418771743774 -0.009432738646864891 0.8945521712303162 12.56218147277832 0.05219532921910286 0.9985158443450928 -0.015544639900326729 -0.7275950312614441 -0.8930778503417969 0.0536377839744091 0.44669342041015625 19.412946701049805
0.41009512543678284 -0.010054112412035465 0.9119873046875 13.492156028747559 0.0559488944709301 0.9983333349227905 -0.014152627438306808 -0.7520449757575989 -0.9103251099586487 0.056828610599040985 0.4099741578102112 19.814191818237305
0.3747652769088745 -0.00730490917339921 0.9270909428596497 14.470527648925781 0.05704788491129875 0.998255729675293 -0.015195274725556374 -0.77393639087677 -0.9253628253936768 0.058583229780197144 0.3745283782482147 20.21700096130371
0.3416946828365326 -0.008222075179219246 0.9397750496864319 15.427863121032715 0.057286158204078674 0.9982844591140747 -0.012094815261662006 -0.7962583303451538 -0.9380634427070618 0.057968832552433014 0.34157952666282654 20.559202194213867
0.30845215916633606 -0.009811357595026493 0.9511892795562744 16.41583824157715 0.06001310423016548 0.9981555342674255 -0.009165272116661072 -0.8189550042152405 -0.9493448734283447 0.05991087481379509 0.30847203731536865 20.873830795288086
0.27588966488838196 -0.009716279804706573 0.9611402153968811 17.404773712158203 0.06106520816683769 0.998106062412262 -0.007438437547534704 -0.8363339304924011 -0.9592475891113281 0.06074442341923714 0.2759604752063751 21.151763916015625
0.24367506802082062 -0.00693021435290575 0.9698323011398315 18.413345336914062 0.05809732899069786 0.9982830286026001 -0.0074637215584516525 -0.8581470847129822 -0.9681152701377869 0.058163389563560486 0.24365931749343872 21.411043167114258
0.21295437216758728 -0.005409973207861185 0.9770471453666687 19.44109344482422 0.058242619037628174 0.9982766509056091 -0.00716687086969614 -0.8712166547775269 -0.9753246903419495 0.05843200534582138 0.2129025161266327 21.636457443237305
0.18248362839221954 -0.005283050239086151 0.9831947088241577 20.46828842163086 0.05980009585618973 0.9981939196586609 -0.005735412705689669 -0.8927584886550903 -0.9813885688781738 0.05984174832701683 0.18246996402740479 21.828933715820312
0.15208832919597626 -0.005650911945849657 0.9883507490158081 21.52431297302246 0.06146613508462906 0.9981021285057068 -0.0037518003955483437 -0.9075419306755066 -0.9864537715911865 0.0613207072019577 0.15214702486991882 21.989578247070312
0.12164032459259033 -0.00616232305765152 0.9925551414489746 22.60381507873535 0.060207828879356384 0.9981850981712341 -0.0011813538148999214 -0.9161930084228516 -0.9907464981079102 0.05990327522158623 0.1217905730009079 22.122455596923828
0.0925656110048294 -0.0063600726425647736 0.995686411857605 23.703750610351562 0.06094794720411301 0.9981406927108765 0.0007096260087564588 -0.9249088168144226 -0.9938395023345947 0.06061933934688568 0.09278114140033722 22.21634864807129
0.06563685089349747 -0.006134443450719118 0.9978247284889221 24.824073791503906 0.06378734111785889 0.9979616403579712 0.0019393573747947812 -0.9282589554786682 -0.9958027005195618 0.06352129578590393 0.06589437276124954 22.277406692504883
0.04119237884879112 -0.005440101493149996 0.9991365671157837 25.944631576538086 0.0678684264421463 0.9976907968521118 0.002634152304381132 -0.9297727942466736 -0.9968435764312744 0.0677013099193573 0.041466474533081055 22.301849365234375
0.01850873790681362 -0.004988419823348522 0.9998162388801575 27.12541961669922 0.0722571462392807 0.9973794221878052 0.0036386277060955763 -0.9307693243026733 -0.9972141981124878 0.07217651605606079 0.018820680677890778 22.31924057006836
-0.0013111181324347854 -0.004870375152677298 0.9999873042106628 28.268896102905273 0.07801444828510284 0.9969398975372314 0.004957819357514381 -0.9258608818054199 -0.9969512820243835 0.07801994681358337 -0.0009271462913602591 22.30615997314453
-0.01886315457522869 -0.005615976173430681 0.99980628490448 29.464088439941406 0.08261994272470474 0.9965554475784302 0.007156491745263338 -0.9252560138702393 -0.9964025616645813 0.08273894339799881 -0.01833418942987919 22.27194595336914
-0.03433440253138542 -0.005165521055459976 0.9993970394134521 30.679628372192383 0.08555054664611816 0.996300995349884 0.008088619448244572 -0.9186220169067383 -0.9957420825958252 0.0857766792178154 -0.03376549109816551 22.218795776367188
-0.04846686124801636 -0.005654542241245508 0.9988088011741638 31.886516571044922 0.08797762542963028 0.9960731863975525 0.009908139705657959 -0.9111867547035217 -0.9949426651000977 0.08835304528474808 -0.04777906835079193 22.1638240814209
-0.06100519001483917 -0.006914243102073669 0.9981135129928589 33.09566879272461 0.08834178000688553 0.9960142970085144 0.012299194000661373 -0.9103825688362122 -0.9942202568054199 0.08892542868852615 -0.060151223093271255 22.062084197998047
-0.0730242058634758 -0.006815773900598288 0.9973068833351135 34.29771041870117 0.08777967095375061 0.9960519075393677 0.013234550133347511 -0.9077169299125671 -0.9934597015380859 0.08850972354412079 -0.07213762402534485 21.975574493408203
-0.08420906215906143 -0.004009357653558254 0.996440052986145 35.5238037109375 0.08788176625967026 0.9960652589797974 0.011434728279709816 -0.901455283164978 -0.9925650954246521 0.08853182941675186 -0.08352536708116531 21.87799644470215
-0.09390896558761597 -0.0005086755263619125 0.9955806732177734 36.76490783691406 0.08830063045024872 0.9960545897483826 0.008837945759296417 -0.8908177018165588 -0.9916572570800781 0.08874035626649857 -0.09349354356527328 21.749488830566406
-0.10237851738929749 0.0019439122406765819 0.9947435855865479 38.01139831542969 0.08956515043973923 0.9959543347358704 0.0072717247530817986 -0.8850421905517578 -0.9907051920890808 0.08983884006738663 -0.1021384596824646 21.61039924621582
-0.10976075381040573 0.003166896989569068 0.9939529895782471 39.29854965209961 0.08955647051334381 0.9959591031074524 0.006716299336403608 -0.873534083366394 -0.9899152517318726 0.08975210785865784 -0.10960084944963455 21.471590042114258
-0.11474979668855667 0.004013830795884132 0.9933863282203674 40.60870361328125 0.08965014666318893 0.9959532022476196 0.0063316235318779945 -0.8668006062507629 -0.9893408417701721 0.08978378027677536 -0.11464525014162064 21.30668067932129
-0.11947963386774063 0.005307978950440884 0.9928224682807922 41.93752670288086 0.09057766944169998 0.9958739280700684 0.005576132796704769 -0.8633712530136108 -0.988696277141571 0.09059378504753113 -0.11946742981672287 21.149078369140625
-0.12383085489273071 0.006785888224840164 0.992280125617981 43.27791976928711 0.08958292007446289 0.9959697723388672 0.004368313122540712 -0.8607216477394104 -0.9882513880729675 0.08943228423595428 -0.12393970787525177 20.978219985961914
-0.12799862027168274 0.007697676308453083 0.9917444586753845 44.64714813232422 0.09038660675287247 0.9958989024162292 0.003935744985938072 -0.8548294305801392 -0.9876469969749451 0.09014417976140976 -0.1281694620847702 20.807525634765625
-0.13110433518886566 0.006451541092246771 0.9913474917411804 46.05620574951172 0.08979058265686035 0.9959459900856018 0.005393214523792267 -0.8504911661148071 -0.9872938394546509 0.08972075581550598 -0.13115215301513672 20.634706497192383
-0.13341014087200165 0.004709344357252121 0.9910496473312378 47.484954833984375 0.09054366499185562 0.9958645701408386 0.007456308696419001 -0.8442370891571045 -0.9869161248207092 0.0907280221581459 -0.1332848221063614 20.436954498291016
-0.13460978865623474 0.0031644832342863083 0.9908936023712158 48.91142272949219 0.09055308252573013 0.9958498477935791 0.009121042676270008 -0.8417585492134094 -0.986752450466156 0.09095625579357147 -0.13433769345283508 20.222129821777344
-0.13673381507396698 0.0036697639152407646 0.9906010031700134 50.34712600708008 0.09331203252077103 0.9955945014953613 0.009191706776618958 -0.8389208912849426 -0.9862032532691956 0.09369182586669922 -0.1364738643169403 20.03460121154785
-0.13710060715675354 0.00427877064794302 0.9905478954315186 51.817813873291016 0.09349843114614487 0.995581865310669 0.00864049606025219 -0.8150346875190735 -0.9861345291137695 0.09379929304122925 -0.13689492642879486 19.803468704223633
-0.13740935921669006 0.005426421295851469 0.9904994964599609 53.27887725830078 0.09528844058513641 0.9954193234443665 0.007765735033899546 -0.8057657480239868 -0.9859201908111572 0.09545022994279861 -0.13729700446128845 19.598602294921875
-0.13686364889144897 0.005605786573141813 0.990574061870575 54.7627067565918 0.09501177072525024 0.9954479336738586 0.007494024932384491 -0.7994970083236694 -0.9860228896141052 0.09514185041189194 -0.1367732137441635 19.383378982543945
-0.13581964373588562 0.0074088736437261105 0.9907060265541077 56.271480560302734 0.09481939673423767 0.9954789876937866 0.005554581992328167 -0.7858567833900452 -0.9861857295036316 0.09469255805015564 -0.1359080970287323 19.169408798217773
-0.13476048409938812 0.007471449673175812 0.9908500909805298 57.813819885253906 0.0954548716545105 0.9954186677932739 0.005476432852447033 -0.7775838375091553 -0.9862697124481201 0.0953194797039032 -0.13485628366470337 18.962909698486328
-0.13245198130607605 0.006247799843549728 0.9911697506904602 59.365535736083984 0.09478005021810532 0.9954777359962463 0.006390691269189119 -0.7734479308128357 -0.9866474866867065 0.09478957951068878 -0.13244515657424927 18.73796272277832
-0.13135500252246857 0.006979591678828001 0.9913108944892883 60.951656341552734 0.09589549899101257 0.9953750967979431 0.005698558408766985 -0.7694225311279297 -0.9866862893104553 0.09581078588962555 -0.13141681253910065 18.5302677154541
-0.13018980622291565 0.007733391597867012 0.9914589524269104 62.568397521972656 0.09501094371080399 0.995465099811554 0.00471137510612607 -0.7544448971748352 -0.9869263172149658 0.09481284022331238 -0.13033412396907806 18.321735382080078
-0.1292976438999176 0.008395114913582802 0.9915702939033508 64.18131256103516 0.09598527103662491 0.9953743815422058 0.004088854882866144 -0.7492989301681519 -0.9869493246078491 0.09570479393005371 -0.12950539588928223 18.10938835144043
-0.12762315571308136 0.00839133933186531 0.9917872548103333 65.81461334228516 0.09555581957101822 0.9954166412353516 0.00387407373636961 -0.7426671981811523 -0.9872089624404907 0.0952654555439949 -0.127840057015419 17.891382217407227
-0.1265675276517868 0.006695935502648354 0.9919353127479553 67.46920776367188 0.0975300744175911 0.9952161312103271 0.005726418923586607 -0.7361962199211121 -0.9871517419815063 0.0974683165550232 -0.12661507725715637 17.667713165283203
-0.12510471045970917 0.004687528591603041 0.9921323657035828 69.1272201538086 0.09919127076864243 0.9950377345085144 0.007806442677974701 -0.7331405878067017 -0.9871726632118225 0.0993875041604042 -0.12494885176420212 17.449207305908203
-0.12489186227321625 0.006615328602492809 0.992148220539093 70.88851928710938 0.10054638981819153 0.9949140548706055 0.006023035850375891 -0.7123132348060608 -0.9870624542236328 0.1005091741681099 -0.12492182105779648 17.22187614440918
-0.12379594147205353 0.007972139865159988 0.992275595664978 72.57405853271484 0.10263854265213013 0.9947070479393005 0.004813474602997303 -0.7170768976211548 -0.9869852066040039 0.10244164615869522 -0.12395893782377243 17.006303787231445
-0.12239551544189453 0.008786613121628761 0.9924424886703491 74.28319549560547 0.10205450654029846 0.9947717785835266 0.0037789002526551485 -0.7021410465240479 -0.9872204661369324 0.10174576938152313 -0.1226523146033287 16.779747009277344
-0.12182307243347168 0.008886455558240414 0.992512047290802 76.00064086914062 0.1029948964715004 0.9946748614311218 0.003735994454473257 -0.700965404510498 -0.9871935844421387 0.1026788055896759 -0.12208962440490723 16.563947677612305
-0.12135178595781326 0.007675031665712595 0.9925798773765564 77.73287200927734 0.10296295583248138 0.9946731328964233 0.004896925296634436 -0.7028064727783203 -0.9872549772262573 0.10279320925474167 -0.12149561941623688 16.347822189331055
-0.12118641287088394 0.007794382516294718 0.9925991892814636 79.4626693725586 0.10445886850357056 0.9945168495178223 0.0049439393915236 -0.7039019465446472 -0.987118124961853 0.10428491979837418 -0.12133613228797913 16.144506454467773
-0.12087798863649368 0.007495342753827572 0.9926390647888184 81.24050903320312 0.10544874519109726 0.9944104552268982 0.005332237109541893 -0.6994848251342773 -0.9870507121086121 0.10531710088253021 -0.12099272757768631 15.923728942871094
-0.12060408294200897 0.008586663752794266 0.992663562297821 83.0089111328125 0.10584015399217606 0.9943740367889404 0.004257635213434696 -0.6934360265731812 -0.9870423078536987 0.10557713359594345 -0.12083438038825989 15.705281257629395
-0.12089589983224869 0.009467018768191338 0.992620050907135 84.81140899658203 0.10561919212341309 0.9944009184837341 0.0033798576332628727 -0.6947895884513855 -0.9870302677154541 0.1052483394742012 -0.12121888995170593 15.480020523071289
-0.12186390906572342 0.01006318163126707 0.9924957752227783 86.60157012939453 0.10478070378303528 0.9944915771484375 0.0027821131516247988 -0.7024173736572266 -0.987000584602356 0.10433344542980194 -0.12224703282117844 15.27116584777832
-0.12353885173797607 0.010509001091122627 0.9922840595245361 88.40766906738281 0.10372311621904373 0.9946032762527466 0.0023799084592610598 -0.7075906991958618 -0.9869040846824646 0.10321678966283798 -0.12396218627691269 15.067392349243164
-0.1242947056889534 0.009761668741703033 0.9921973347663879 90.22379302978516 0.10275156050920486 0.9947022199630737 0.003085596952587366 -0.7130269408226013 -0.9869108200073242 0.10233335196971893 -0.12463925033807755 14.846403121948242
-0.12535735964775085 0.0096071632578969 0.9920650720596313 92.06144714355469 0.10313157737255096 0.9946619272232056 0.0033993935212492943 -0.7150034308433533 -0.9867367744445801 0.1027393639087677 -0.12567897140979767 14.62270736694336
-0.12605157494544983 0.008684534579515457 0.9919857978820801 93.92842102050781 0.10060752183198929 0.9949178099632263 0.004073990508913994 -0.7157167196273804 -0.9869088530540466 0.10031474381685257 -0.12628470361232758 14.396166801452637
-0.12775230407714844 0.009452605620026588 0.9917610287666321 95.7503662109375 0.10027242451906204 0.9949541091918945 0.003433415899053216 -0.7210885882377625 -0.9867242574691772 0.09988492727279663 -0.12805551290512085 14.17249584197998
-0.13027511537075043 0.010364440269768238 0.9914236664772034 97.62875366210938 0.09958004206418991 0.9950258731842041 0.0026829245034605265 -0.720048725605011 -0.9864644408226013 0.09907552599906921 -0.13065923750400543 13.924627304077148
-0.13446438312530518 0.01135306991636753 0.9908533692359924 99.50782012939453 0.09989769011735916 0.9949953556060791 0.002156155416741967 -0.7190722823143005 -0.9858700037002563 0.0992739200592041 -0.13492560386657715 13.674150466918945
-0.13893745839595795 0.010442189872264862 0.9902461171150208 101.39173889160156 0.0979941189289093 0.995181679725647 0.0032549225725233555 -0.7229915857315063 -0.985440731048584 0.09749052673578262 -0.13929125666618347 13.417553901672363
-0.14368049800395966 0.009741458110511303 0.9895761013031006 103.28626251220703 0.09674476832151413 0.99530029296875 0.004248949699103832 -0.7294780611991882 -0.9848839640617371 0.09634682536125183 -0.14394761621952057 13.151951789855957
-0.14810273051261902 0.010247121565043926 0.9889189004898071 105.19315338134766 0.09523674100637436 0.9954468011856079 0.003948106896132231 -0.7397616505622864 -0.9843756556510925 0.09476612508296967 -0.1484042853116989 12.874592781066895
-0.15211685001850128 0.012190824374556541 0.9882873296737671 107.1167984008789 0.09598296135663986 0.9953798651695251 0.002495354739949107 -0.7395222187042236 -0.9836908578872681 0.0952383503317833 -0.15258416533470154 12.566157341003418
-0.15693354606628418 0.013846224173903465 0.9875121116638184 109.05366516113281 0.09568143635988235 0.995411217212677 0.0012485350016504526 -0.7528834342956543 -0.9829633235931396 0.09468251466751099 -0.1575382649898529 12.266874313354492
-0.161564901471138 0.013844518922269344 0.9867649674415588 111.0022201538086 0.0944831371307373 0.9955253005027771 0.001502476166933775 -0.7658458352088928 -0.9823287129402161 0.09347539395093918 -0.16215002536773682 11.954324722290039
-0.16585992276668549 0.013585987500846386 0.9860557317733765 112.9583740234375 0.09282012283802032 0.99568110704422 0.0018942371243610978 -0.7763267755508423 -0.9817712903022766 0.0918399915099144 -0.1664046049118042 11.624210357666016
-0.17079538106918335 0.013009331189095974 0.9852206110954285 114.93643188476562 0.09112498164176941 0.9958359003067017 0.0026476967614144087 -0.7856165170669556 -0.9810836911201477 0.09023043513298035 -0.17126964032649994 11.282090187072754
-0.17611731588840485 0.012405987828969955 0.9842910170555115 116.86119079589844 0.08993370085954666 0.9959414005279541 0.0035388395190238953 -0.7904322743415833 -0.9802523255348206 0.08914418518543243 -0.1765182912349701 10.952747344970703
-0.1809939742088318 0.01222693920135498 0.9834082722663879 118.8443374633789 0.0905638113617897 0.9958814382553101 0.004286035895347595 -0.7963917851448059 -0.9793055653572083 0.08983694761991501 -0.18135586380958557 10.584352493286133
-0.18638665974140167 0.013580934144556522 0.982382595539093 120.79183197021484 0.09082534909248352 0.9958608150482178 0.003464954439550638 -0.8057182431221008 -0.9782692790031433 0.08987104892730713 -0.18684865534305573 10.230063438415527
-0.1917833834886551 0.014678433537483215 0.981327474117279 122.75570678710938 0.0905570313334465 0.9958873391151428 0.002801580121740699 -0.8144045472145081 -0.9772505760192871 0.08940340578556061 -0.19232386350631714 9.853628158569336
-0.19791747629642487 0.014729132875800133 0.9801080226898193 124.72679138183594 0.09048554301261902 0.9958922863006592 0.00330579886212945 -0.8139331340789795 -0.9760333299636841 0.08933987468481064 -0.19843725860118866 9.486346244812012
-0.20322376489639282 0.014593245461583138 0.9790235161781311 126.71446990966797 0.08946655690670013 0.9959828853607178 0.003725251415744424 -0.8199670910835266 -0.9750363230705261 0.088346928358078 -0.20371298491954803 9.078569412231445
-0.20846585929393768 0.015369072556495667 0.9779089093208313 128.70700073242188 0.08874620497226715 0.9960488080978394 0.0032643224112689495 -0.8231330513954163 -0.9739949107170105 0.08746620267629623 -0.2090061455965042 8.662059783935547
-0.21385788917541504 0.01601364091038704 0.9767335057258606 130.708251953125 0.08803056180477142 0.9961134195327759 0.002943107858300209 -0.8318880796432495 -0.9728902578353882 0.08661182224750519 -0.2144363671541214 8.245983123779297
-0.21817903220653534 0.015322694554924965 0.975788414478302 132.6912841796875 0.08925118297338486 0.9959997534751892 0.004315834492444992 -0.8370797634124756 -0.9718189835548401 0.08803191035985947 -0.21867385506629944 7.807245254516602
-0.2218809276819229 0.015363344922661781 0.9749528765678406 134.6971435546875 0.09164262562990189 0.9957785606384277 0.005164618603885174 -0.8358984589576721 -0.9707576632499695 0.09049315750598907 -0.22235223650932312 7.346917629241943
-0.2257554680109024 0.01616671495139599 0.9740498661994934 136.72845458984375 0.09299293160438538 0.9956539869308472 0.005027675069868565 -0.8410826325416565 -0.9697354435920715 0.0917147696018219 -0.22627770900726318 6.883341312408447
-0.22877101600170135 0.0170084610581398 0.9733316898345947 138.74037170410156 0.0935673862695694 0.9956023693084717 0.0045943656004965305 -0.843403160572052 -0.9689731597900391 0.09212316572666168 -0.22935639321804047 6.41005802154541
-0.23232786357402802 0.01710670068860054 0.9724871516227722 140.7805633544922 0.0930069163441658 0.9956544637680054 0.0047051929868757725 -0.8478347063064575 -0.9681805372238159 0.09154118597507477 -0.23290929198265076 5.931496620178223
-0.2359171360731125 0.017648478969931602 0.9716128706932068 142.80796813964844 0.09169313311576843 0.995778501033783 0.004176564514636993 -0.8539469838142395 -0.9674375653266907 0.0900755450129509 -0.23653948307037354 5.438251972198486
-0.2406366765499115 0.018266484141349792 0.9704433083534241 144.84194946289062 0.09080150723457336 0.9958618879318237 0.0037707274314016104 -0.865121603012085 -0.9663586020469666 0.0890250951051712 -0.24129951000213623 4.943666458129883
-0.24514754116535187 0.017435532063245773 0.9693289995193481 146.88897705078125 0.0890861228108406 0.9960132241249084 0.004614764358848333 -0.8758997321128845 -0.9653840661048889 0.08748507499694824 -0.24572345614433289 4.433004379272461
-0.24949829280376434 0.018035773187875748 0.9682072997093201 148.92361450195312 0.08969469368457794 0.9959588646888733 0.004560786299407482 -0.8799219727516174 -0.9642123579978943 0.0879809781908989 -0.2501077353954315 3.9105777740478516
-0.2544737756252289 0.018524929881095886 0.9669022560119629 150.98252868652344 0.08891117572784424 0.9960301518440247 0.004317048937082291 -0.885880708694458 -0.9629838466644287 0.08706696331501007 -0.25511056184768677 3.3848073482513428
-0.25956523418426514 0.018832415342330933 0.9655418395996094 153.04214477539062 0.08855888992547989 0.9960613250732422 0.004379487130790949 -0.8907206654548645 -0.961656391620636 0.08664409071207047 -0.2602107524871826 2.8508899211883545
-0.26413509249687195 0.017898445948958397 0.9643195867538452 155.0983428955078 0.08834797888994217 0.996073305606842 0.005711421836167574 -0.9063287377357483 -0.9604308009147644 0.08670425415039062 -0.26467928290367126 2.2991065979003906
-0.2689020037651062 0.017890477553009987 0.9630013704299927 157.1682891845703 0.08872775733470917 0.996036171913147 0.006271548569202423 -0.9080532193183899 -0.9590719938278198 0.08713140338659286 -0.2694235146045685 1.7387659549713135
-0.2735559046268463 0.018499845638871193 0.9616782069206238 159.26235961914062 0.08916355669498444 0.9959976673126221 0.006203129421919584 -0.9130662083625793 -0.9577144980430603 0.08744355291128159 -0.2741105556488037 1.1653136014938354
-0.27680087089538574 0.019796038046479225 0.960723340511322 161.33543395996094 0.08987431973218918 0.9959385991096497 0.005372680723667145 -0.9145804643630981 -0.9567151665687561 0.0878315344452858 -0.2774558961391449 0.5659791231155396
-0.2805306315422058 0.021275952458381653 0.9596091508865356 163.4110107421875 0.08982069790363312 0.9959492087364197 0.004176378715783358 -0.9220597147941589 -0.9556331038475037 0.08736434578895569 -0.28130534291267395 -0.0368226058781147
-0.2846042811870575 0.022668858990073204 0.9583770036697388 165.50672912597656 0.09075527638196945 0.9958674311637878 0.0033954984974116087 -0.9295766949653625 -0.9543395042419434 0.0879441648721695 -0.2854854464530945 -0.6391038298606873
-0.28833889961242676 0.023263921961188316 0.9572457671165466 167.60638427734375 0.09002220630645752 0.9959354996681213 0.00291204871609807 -0.9382140040397644 -0.9532873034477234 0.08701302856206894 -0.2892612814903259 -1.2579963207244873
-0.29187044501304626 0.023262204602360725 0.9561748504638672 169.7073974609375 0.0904235690832138 0.9958977103233337 0.0033730126451700926 -0.9502734541893005 -0.9521739482879639 0.08744523674249649 -0.29277655482292175 -1.8928331136703491
-0.2959253489971161 0.0234715286642313 0.9549226760864258 171.81085205078125 0.09018714725971222 0.9959188103675842 0.003469317452982068 -0.9560472369194031 -0.9509440064430237 0.08714840561151505 -0.29683443903923035 -2.5312790870666504
-0.3002209961414337 0.024579590186476707 0.9535529613494873 173.93922424316406 0.09240389615297318 0.9957157373428345 0.0034264465793967247 -0.9617896676063538 -0.9493834376335144 0.08914070576429367 -0.30120593309402466 -3.1929285526275635
-0.30297228693962097 0.024861423298716545 0.9526751637458801 176.04525756835938 0.09450194239616394 0.9955163598060608 0.004074332304298878 -0.970294713973999 -0.9483022689819336 0.0912640318274498 -0.30396339297294617 -3.869306802749634
-0.30556273460388184 0.024558506906032562 0.9518551230430603 178.12655639648438 0.09557172656059265 0.9954100251197815 0.004998001269996166 -0.9768126010894775 -0.9473634362220764 0.09249764680862427 -0.30650725960731506 -4.532643795013428
-0.30826523900032043 0.024179870262742043 0.9509931206703186 180.22499084472656 0.09517274051904678 0.9954453706741333 0.005540221929550171 -0.9771322011947632 -0.9465277194976807 0.09221647679805756 -0.3091624677181244 -5.2142558097839355
-0.3109242022037506 0.02490280382335186 0.9501084089279175 182.34161376953125 0.0945366695523262 0.9955094456672668 0.004844451788812876 -0.9832053184509277 -0.9457213878631592 0.09132634848356247 -0.31188225746154785 -5.906960487365723
-0.31337693333625793 0.02681584283709526 0.9492500424385071 184.4527130126953 0.0941484197974205 0.9955537915229797 0.002957424847409129 -0.9922327399253845 -0.9449501633644104 0.09029719978570938 -0.31450825929641724 -6.607199668884277
-0.3165132701396942 0.02897130884230137 0.9481455683708191 186.5930938720703 0.0937209203839302 0.9955981373786926 0.0008649816154502332 -0.9980838894844055 -0.943946897983551 0.08913485705852509 -0.31783515214920044 -7.316161155700684
-0.3194742500782013 0.030100751668214798 0.9471167325973511 188.7308349609375 0.09315761178731918 0.995651364326477 -0.00022002960031386465 -1.0153164863586426 -0.9430046081542969 0.08816083520650864 -0.32088911533355713 -8.03709888458252
-0.3231733739376068 0.03114902973175049 0.9458269476890564 190.89959716796875 0.09162749350070953 0.9957922697067261 -0.0014869419392198324 -1.0289583206176758 -0.9418933987617493 0.08618320524692535 -0.324667751789093 -8.763520240783691
-0.32556530833244324 0.031470298767089844 0.9449957013130188 193.0347442626953 0.09289151430130005 0.9956755638122559 -0.0011555091477930546 -1.0494933128356934 -0.9409455060958862 0.08740588277578354 -0.32708075642585754 -9.520879745483398
-0.32919591665267944 0.030372899025678635 0.9437730312347412 195.2158966064453 0.09216051548719406 0.9957441687583923 0.00010090737487189472 -1.0667492151260376 -0.9397534132003784 0.08701182901859283 -0.33059418201446533 -10.270418167114258
-0.3326907455921173 0.029485147446393967 0.9425748586654663 197.38885498046875 0.09224288165569305 0.9957355260848999 0.0014099028194323182 -1.086755394935608 -0.9385138154029846 0.08741489052772522 -0.3339917063713074 -11.037216186523438
-0.3362838327884674 0.0296857338398695 0.9412926435470581 199.55743408203125 0.09237996488809586 0.9957225322723389 0.0016011262778192759 -1.0964574813842773 -0.9372188448905945 0.08749502152204514 -0.3375876843929291 -11.811355590820312
-0.3399813771247864 0.029713593423366547 0.93996262550354 201.73411560058594 0.09144236147403717 0.9958090782165527 0.0015954171540215611 -1.1101051568984985 -0.9359758496284485 0.0864948108792305 -0.34127363562583923 -12.584817886352539
-0.3439321219921112 0.030284158885478973 0.9385060667991638 203.9331817626953 0.09051159024238586 0.9958948493003845 0.0010335565311834216 -1.1287758350372314 -0.934622049331665 0.08530114591121674 -0.34526124596595764 -13.37588119506836
-0.3472353518009186 0.03098295070230961 0.9372660517692566 206.11839294433594 0.08983120322227478 0.9959569573402405 0.00035730053787119687 -1.1430538892745972 -0.9334654808044434 0.0843198150396347 -0.34861472249031067 -14.172554969787598
-0.34999123215675354 0.03158605843782425 0.9362202882766724 208.2377166748047 0.09165344387292862 0.9957906603813171 0.0006673557800240815 -1.1721800565719604 -0.9322584271430969 0.0860413983464241 -0.35141298174858093 -14.962193489074707
-0.3525550961494446 0.031334344297647476 0.9352663159370422 210.3975067138672 0.09268412739038467 0.9956944584846497 0.0015790516044944525 -1.1940099000930786 -0.931189775466919 0.08724105358123779 -0.35394126176834106 -15.775568008422852
-0.35459786653518677 0.031110156327486038 0.9345012307167053 212.5836181640625 0.09457381069660187 0.9955142140388489 0.0027448581531643867 -1.208659052848816 -0.9302237033843994 0.08935267478227615 -0.3559493124485016 -16.61817169189453
-0.35744497179985046 0.03189610317349434 0.9333893656730652 214.7896728515625 0.09574352949857712 0.9954025149345398 0.0026501065585762262 -1.2237404584884644 -0.9290136098861694 0.09031325578689575 -0.35885554552078247 -17.460119247436523
-0.35981595516204834 0.033157192170619965 0.9324339628219604 216.99911499023438 0.09637312591075897 0.995343804359436 0.001795073039829731 -1.2398719787597656 -0.9280326962471008 0.09050746262073517 -0.36133599281311035 -18.314266204833984
-0.3623911738395691 0.0330069474875927 0.9314413666725159 219.19020080566406 0.09554079174995422 0.9954237341880798 0.0018973180558532476 -1.2595168352127075 -0.9271162748336792 0.08967822790145874 -0.3638862371444702 -19.16141128540039
-0.3655364215373993 0.03406337648630142 0.9301735758781433 221.37783813476562 0.09510771185159683 0.9954667091369629 0.0009206618997268379 -1.2835007905960083 -0.9259253144264221 0.08880320936441422 -0.3671188950538635 -20.012662887573242
-0.3682948350906372 0.03556178882718086 0.9290286898612976 223.57118225097656 0.0953289195895195 0.9954457879066467 -0.00031289231264963746 -1.299603819847107 -0.9248088002204895 0.08844806253910065 -0.37000760436058044 -20.878143310546875
-0.3708620071411133 0.03562441095709801 0.9280044436454773 225.75633239746094 0.09303628653287888 0.9956621527671814 -0.0010412181727588177 -1.320479393005371 -0.9240159392356873 0.08595193922519684 -0.37256765365600586 -21.74061393737793
-0.3738716244697571 0.036431312561035156 0.9267646670341492 227.93792724609375 0.0937732681632042 0.9955927133560181 -0.0013073227601125836 -1.3428525924682617 -0.9227277040481567 0.08641698956489563 -0.3756401240825653 -22.607603073120117
-0.3758854866027832 0.03610512241721153 0.925962507724762 230.09129333496094 0.09567169845104218 0.9954129457473755 2.3872946258052252e-05 -1.3722487688064575 -0.921714186668396 0.08859739452600479 -0.3776155114173889 -23.489410400390625
-0.3786686360836029 0.03500433638691902 0.9248701333999634 232.2754669189453 0.09586125612258911 0.9953934550285339 0.0015748838195577264 -1.3956835269927979 -0.9205544590950012 0.08925557136535645 -0.38027986884117126 -24.375349044799805
-0.38152825832366943 0.034701768308877945 0.9237055778503418 234.41806030273438 0.0950835645198822 0.9954675436019897 0.0018756864592432976 -1.4144591093063354 -0.9194537997245789 0.08854484558105469 -0.3830985724925995 -25.256929397583008
-0.3843151032924652 0.03496526554226875 0.9225395917892456 236.5620574951172 0.09387236833572388 0.9955832362174988 0.0013720161514356732 -1.4363130331039429 -0.9184169769287109 0.08712825924158096 -0.38589993119239807 -26.151262283325195
-0.3877810537815094 0.034221045672893524 0.9211159348487854 238.766357421875 0.09228009730577469 0.9957313537597656 0.0018559196032583714 -1.4548450708389282 -0.9171205163002014 0.08572037518024445 -0.3892837464809418 -27.070833206176758
-0.39141395688056946 0.03377804160118103 0.9195945858955383 240.95155334472656 0.09150075912475586 0.9958021640777588 0.002368904184550047 -1.4725863933563232 -0.9156543016433716 0.08507084846496582 -0.3928615152835846 -27.98747444152832
-0.3948694169521332 0.03441455587744713 0.9180924892425537 243.1226348876953 0.09151455014944077 0.9958016872406006 0.0020327179227024317 -1.4894864559173584 -0.9141680598258972 0.08482146263122559 -0.3963610529899597 -28.919504165649414
-0.3981221914291382 0.033779777586460114 0.9167102575302124 245.291259765625 0.09109491109848022 0.9958381056785583 0.002866460010409355 -1.5122820138931274 -0.9127981662750244 0.08464884012937546 -0.3995423913002014 -29.86095428466797
-0.4022139012813568 0.03332927078008652 0.9149388670921326 247.4730987548828 0.08987978845834732 0.9959473609924316 0.0032315903808921576 -1.5315721035003662 -0.9111232757568359 0.08353430032730103 -0.4035795032978058 -30.799846649169922
-0.4061391353607178 0.03335953876376152 0.9132021069526672 249.62197875976562 0.08865565061569214 0.9960576891899109 0.0030426019802689552 -1.5447255373001099 -0.9095004200935364 0.08219625055789948 -0.40749555826187134 -31.74021339416504
-0.40963074564933777 0.03463108837604523 0.9115938544273376 251.79254150390625 0.08969613164663315 0.9959661364555359 0.0024691992439329624 -1.565208911895752 -0.907831072807312 0.08277790248394012 -0.4110846221446991 -32.70651626586914
-0.41299280524253845 0.03485579416155815 0.9100669622421265 253.9368438720703 0.0900212749838829 0.9959361553192139 0.002707473700866103 -1.5919619798660278 -0.9062743186950684 0.08304354548454285 -0.4144521951675415 -33.674522399902344
-0.4164443016052246 0.03487314656376839 0.9084921479225159 256.09869384765625 0.0900036171078682 0.9959367513656616 0.00302704400382936 -1.6081290245056152 -0.9046951532363892 0.08302817493677139 -0.4178909659385681 -34.65876388549805
-0.4201096296310425 0.03554653376340866 0.9067769050598145 258.2381591796875 0.08913516998291016 0.9960169196128845 0.0022514835000038147 -1.6247351169586182 -0.9030851721763611 0.08177158981561661 -0.42160478234291077 -35.63682556152344
-0.42396819591522217 0.03581798076629639 0.9049684405326843 260.39276123046875 0.08939258009195328 0.995993435382843 0.0024588084779679775 -1.6411702632904053 -0.9012546539306641 0.0819399282336235 -0.4254714250564575 -36.63987731933594
-0.4275992512702942 0.036751627922058105 0.9032210111618042 262.5721130371094 0.09006962180137634 0.9959332346916199 0.0021163516212254763 -1.6391124725341797 -0.8994700312614441 0.0822577252984047 -0.4291705787181854 -37.65328598022461
-0.431153267621994 0.03807026520371437 0.901475191116333 264.7113342285156 0.09130037575960159 0.995822012424469 0.0016120814252644777 -1.6513681411743164 -0.8976474404335022 0.08300008624792099 -0.43282783031463623 -38.666160583496094
-0.43431851267814636 0.040167659521102905 0.8998632431030273 266.8564453125 0.09391005337238312 0.9955804347991943 0.000885407323949039 -1.6684231758117676 -0.8958505392074585 0.08489076048135757 -0.4361710250377655 -39.709800720214844
-0.43720075488090515 0.04073253273963928 0.8984410762786865 269.00787353515625 0.09541407227516174 0.9954368472099304 0.001300529227592051 -1.6903971433639526 -0.8942883610725403 0.08629251271486282 -0.4390921890735626 -40.75851058959961
-0.43996524810791016 0.04312380030751228 0.8969786763191223 271.1567687988281 0.09736592322587967 0.9952487945556641 -9.06117056729272e-05 -1.6991695165634155 -0.8927208185195923 0.08729530870914459 -0.44207364320755005 -41.81791687011719
