1.0 0.0 0.0 0.0 0.0 1.0 0.0 0.0 0.0 0.0 1.0 0.0
0.9990390539169312 -0.0004893122822977602 0.04382510855793953 0.045305900275707245 0.0005943715805187821 0.9999969601631165 -0.002384242368862033 -0.01982533186674118 -0.04382381588220596 0.0024079992435872555 0.9990363717079163 1.0253205299377441
0.9960218667984009 -0.004610078874975443 0.08899001032114029 0.13823086023330688 0.005291320849210024 0.9999584555625916 -0.007420874200761318 -0.037628479301929474 -0.08895210921764374 0.007862227968871593 0.9960048198699951 2.046046257019043
0.9908490777015686 -0.0040069520473480225 0.13491582870483398 0.2698224186897278 0.005614690948277712 0.9999176859855652 -0.011538220569491386 -0.060039713978767395 -0.13485850393772125 0.012190143577754498 0.9907898902893066 3.0528922080993652
0.9835124015808105 -0.0011791425058618188 0.18083658814430237 0.4494778513908386 0.003673958359286189 0.999902606010437 -0.013461635448038578 -0.09414196014404297 -0.1808031052350998 0.013904072344303131 0.9834209680557251 4.083573818206787
0.9739698767662048 -0.0036477576941251755 0.22664780914783478 0.6850257515907288 0.0068750521168112755 0.9998858571052551 -0.013451498933136463 -0.1254711151123047 -0.22657284140586853 0.014659570530056953 0.973883867263794 5.084707260131836
0.9622789621353149 -0.004037474747747183 0.27203455567359924 0.9571508169174194 0.008367849513888359 0.9998559951782227 -0.014760301448404789 -0.15516141057014465 -0.2719357907772064 0.016479872167110443 0.9621742367744446 6.093260288238525
0.9487262964248657 -0.006770185194909573 0.3160262405872345 1.2830185890197754 0.012924790382385254 0.9997653365135193 -0.01738303154706955 -0.18805530667304993 -0.3158343434333801 0.02057630755007267 0.9485911726951599 7.074653148651123
0.933536171913147 -0.008368934504687786 0.35838544368743896 1.654785394668579 0.016365816816687584 0.9996800422668457 -0.01928601786494255 -0.21895110607147217 -0.35810932517051697 0.023869464173913002 0.9333744645118713 8.032408714294434
0.9162705540657043 -0.008473275229334831 0.40047019720077515 2.0662922859191895 0.01804325543344021 0.9996346235275269 -0.020132144913077354 -0.25159916281700134 -0.4001532793045044 0.02567228302359581 0.9160885810852051 8.963883399963379
0.896713137626648 -0.008854685351252556 0.442523717880249 2.5131797790527344 0.019082672894001007 0.9996436834335327 -0.01866600662469864 -0.2858648896217346 -0.44220077991485596 0.025182591751217842 0.8965625166893005 9.878265380859375
0.8749018907546997 -0.008893193677067757 0.4842187762260437 3.008329391479492 0.019933924078941345 0.9996453523635864 -0.01765768602490425 -0.3286772668361664 -0.4838900864124298 0.02510111965239048 0.8747687339782715 10.756450653076172
0.8509581685066223 -0.009038111194968224 0.5251557230949402 3.544320583343506 0.0208513792604208 0.9996450543403625 -0.016583170741796494 -0.36153653264045715 -0.5248194336891174 0.025061804801225662 0.8508445620536804 11.62840461730957
0.8253847360610962 -0.00960652343928814 0.56448894739151 4.132194519042969 0.022850675508379936 0.999604344367981 -0.016400448977947235 -0.4037811756134033 -0.5641080737113953 0.02643563039600849 0.8252776861190796 12.479799270629883
0.7981033325195312 -0.011362683959305286 0.602413535118103 4.747340202331543 0.026284819468855858 0.999526858329773 -0.015970243141055107 -0.4352693557739258 -0.6019470691680908 0.028580233454704285 0.7980244159698486 13.287097930908203
0.7693905830383301 -0.010214378125965595 0.6386969685554504 5.410288333892822 0.026951216161251068 0.9995008707046509 -0.016481580212712288 -0.467983216047287 -0.6382098197937012 0.02989443577826023 0.769281804561615 14.092401504516602
0.7388599514961243 -0.013326632790267467 0.6737272143363953 6.087773323059082 0.03156907483935356 0.9993912577629089 -0.014852611348032951 -0.5032398104667664 -0.673119068145752 0.032242950052022934 0.7388308048248291 14.824799537658691
0.7067155241966248 -0.012586832046508789 0.707385778427124 6.833229064941406 0.03210956230759621 0.9993820786476135 -0.01429668441414833 -0.5333951115608215 -0.706768810749054 0.0328175388276577 0.7066829204559326 15.566902160644531
0.6726796627044678 -0.011220497079193592 0.7398487329483032 7.5857014656066895 0.03305554762482643 0.9993425011634827 -0.01489854883402586 -0.5671573281288147 -0.7391952276229858 0.03447805717587471 0.6726081371307373 16.247692108154297
0.6372689604759216 -0.012452875263988972 0.7705407738685608 8.393115997314453 0.03806646168231964 0.9991575479507446 -0.015334930270910263 -0.5903066396713257 -0.7697007060050964 0.03910423815250397 0.6372060775756836 16.913867950439453
0.6006119847297668 -0.010949000716209412 0.7994657158851624 9.183055877685547 0.03851201385259628 0.9991418123245239 -0.01524914987385273 -0.6191607117652893 -0.7986125349998474 0.03994785621762276 0.6005181670188904 17.5014591217041
0.5626617074012756 -0.009470261633396149 0.8266329765319824 10.047052383422852 0.04109417647123337 0.9990186095237732 -0.01652625948190689 -0.6473982334136963 -0.8256652355194092 0.04326849803328514 0.5624986886978149 18.095443725585938
0.5236343145370483 -0.007706774398684502 0.851908266544342 10.893367767333984 0.04567835107445717 0.9987747073173523 -0.0190412774682045 -0.673050582408905 -0.8507177233695984 0.04888443276286125 0.5233447551727295 18.617618560791016
0.48522740602493286 -0.0068320161662995815 0.8743612766265869 11.797279357910156 0.047501128166913986 0.9986987709999084 -0.0185572300106287 -0.7002239227294922 -0.873096764087677 0.050537627190351486 0.48492056131362915 19.10399627685547
0.4465770721435547 -0.008469752036035061 0.8947049975395203 12.70029067993164 0.05261978134512901 0.998473048210144 -0.016812212765216827 -0.7241880893707275 -0.8931965231895447 0.05458713695406914 0.4463408589363098 19.554824829101562
0.4098336398601532 -0.009108462370932102 0.9121147394180298 13.653460502624512 0.056494325399398804 0.9982839226722717 -0.01541521493345499 -0.7520257234573364 -0.910409152507782 0.05784698575735092 0.40964487195014954 19.964988708496094
0.37474140524864197 -0.006691602058708668 0.927105188369751 14.585216522216797 0.057902831584215164 0.9981907606124878 -0.0161999873816967 -0.7812036275863647 -0.925319492816925 0.059752825647592545 0.3744508624076843 20.331199645996094
0.3412719964981079 -0.007546328939497471 0.9399343132972717 15.552010536193848 0.05836472660303116 0.9982083439826965 -0.013176915235817432 -0.8046371340751648 -0.9381507635116577 0.059355925768613815 0.3411009609699249 20.676815032958984
0.30777040123939514 -0.00907871499657631 0.9514172673225403 16.546525955200195 0.060759663581848145 0.998100996017456 -0.01013073232024908 -0.828120768070221 -0.9495185613632202 0.060925740748643875 0.3077375888824463 20.993877410888672
0.2751973867416382 -0.009056863375008106 0.9613450169563293 17.526826858520508 0.061361681669950485 0.998082160949707 -0.00816260650753975 -0.8513076901435852 -0.9594274759292603 0.061236072331666946 0.2752254009246826 21.26488494873047
0.24292533099651337 -0.006230225786566734 0.9700250029563904 18.528366088867188 0.058668576180934906 0.9982430934906006 -0.008281027898192406 -0.8747914433479309 -0.9682691693305969 0.05892166495323181 0.24286404252052307 21.52012062072754
0.2120940387248993 -0.004645245615392923 0.9772382378578186 19.562091827392578 0.05857265740633011 0.9982514977455139 -0.007967134937644005 -0.8895813226699829 -0.9754922986030579 0.05892922356724739 0.21199528872966766 21.743478775024414
0.18144075572490692 -0.004611379001289606 0.9833911657333374 20.589473724365234 0.060389913618564606 0.9981539249420166 -0.006461646407842636 -0.9108587503433228 -0.9815458655357361 0.06055930629372597 0.18138429522514343 21.934368133544922
0.1507907658815384 -0.004753702785819769 0.9885544180870056 21.660367965698242 0.061852678656578064 0.9980745315551758 -0.004635317716747522 -0.9253954291343689 -0.9866288304328918 0.06184370070695877 0.15079443156719208 22.09219741821289
0.12023438513278961 -0.005391324870288372 0.9927308559417725 22.74593162536621 0.06041976436972618 0.9981712698936462 -0.001896857051178813 -0.9376574754714966 -0.9909051656723022 0.06020863726735115 0.1203402653336525 22.224977493286133
0.09117390960454941 -0.005886401515454054 0.9958175420761108 23.833003997802734 0.06117219850420952 0.9981271624565125 0.0002993214875459671 -0.9528294801712036 -0.9939543604850769 0.06088906154036522 0.09136323630809784 22.317338943481445
0.0641845166683197 -0.005583750084042549 0.997922420501709 24.952247619628906 0.06381995975971222 0.9979604482650757 0.001479181693866849 -0.9579598307609558 -0.995895266532898 0.06359241902828217 0.06440994143486023 22.37848472595215
0.039219602942466736 -0.005122197791934013 0.9992174506187439 26.07630157470703 0.0679549127817154 0.9976852536201477 0.00244709150865674 -0.9665319323539734 -0.9969172477722168 0.06780575215816498 0.039476897567510605 22.408836364746094
0.016478633508086205 -0.00453536119312048 0.9998539090156555 27.2517147064209 0.07221076637506485 0.9973838329315186 0.003334048669785261 -0.9673260450363159 -0.9972532391548157 0.0721452608704567 0.016763020306825638 22.421842575073242
-0.003639897331595421 -0.004706426989287138 0.9999822974205017 28.404909133911133 0.07796073704957962 0.996944010257721 0.004975900519639254 -0.9687293767929077 -0.9969497919082642 0.07797747105360031 -0.003261857433244586 22.407997131347656
-0.02086523547768593 -0.005446051247417927 0.9997676014900208 29.593114852905273 0.0824749693274498 0.9965674877166748 0.007149881217628717 -0.9708713293075562 -0.9963746666908264 0.08260498940944672 -0.020344454795122147 22.365205764770508
-0.03624173626303673 -0.005308201536536217 0.9993289113044739 30.810970306396484 0.08550248295068741 0.996302604675293 0.008392967283725739 -0.9688783884048462 -0.9956785440444946 0.0857493057847023 -0.03565387427806854 22.303546905517578
-0.05073804780840874 -0.0059537929482758045 0.9986942410469055 32.015010833740234 0.08768622577190399 0.9960940480232239 0.010393135249614716 -0.9659496545791626 -0.9948551654815674 0.08809906989336014 -0.05001778155565262 22.250783920288086
-0.06370407342910767 -0.006951348390430212 0.9979445338249207 33.22232437133789 0.08792444318532944 0.996048092842102 0.012550819665193558 -0.961817741394043 -0.9940879940986633 0.08854327350854874 -0.06284112483263016 22.16301727294922
-0.07556077092885971 -0.006857919506728649 0.9971176385879517 34.42228698730469 0.08766224980354309 0.9960588216781616 0.013493611477315426 -0.9596953392028809 -0.9932803511619568 0.08842915296554565 -0.07466176897287369 22.06827735900879
-0.08699870854616165 -0.004100928083062172 0.996199905872345 35.648765563964844 0.08756889402866364 0.9960892796516418 0.01174791157245636 -0.9556236863136292 -0.9923521280288696 0.08825819939374924 -0.0862993448972702 21.97015380859375
-0.09724461287260056 -0.0007300183060579002 0.9952602386474609 36.88250732421875 0.08804989606142044 0.9960723519325256 0.009333768859505653 -0.9498920440673828 -0.9913579225540161 0.0885402113199234 -0.09679839760065079 21.851234436035156
-0.10652541369199753 0.0017208390636369586 0.9943084120750427 38.13727569580078 0.08924316614866257 0.9959790110588074 0.007837354205548763 -0.9443763494491577 -0.9902969002723694 0.08957012742757797 -0.10625065863132477 21.720619201660156
-0.1139911636710167 0.0027646911330521107 0.9934779405593872 39.423919677734375 0.08907648921012878 0.9959969520568848 0.00744888698682189 -0.9370238780975342 -0.9894803762435913 0.08934459835290909 -0.11378109455108643 21.580459594726562
-0.11966582387685776 0.0035314178094267845 0.992807924747467 40.73195266723633 0.08880556374788284 0.9960231781005859 0.007161120884120464 -0.9302123785018921 -0.9888345003128052 0.08902380615472794 -0.11950354278087616 21.425764083862305
-0.12502354383468628 0.005153292324393988 0.9921404123306274 42.05656433105469 0.09006647020578384 0.9959166049957275 0.006176729686558247 -0.9246623516082764 -0.9880572557449341 0.09013083577156067 -0.12497717142105103 21.266246795654297
-0.12948451936244965 0.006686721928417683 0.991558849811554 43.3908576965332 0.08894360065460205 0.9960246086120605 0.004898021928966045 -0.9188457131385803 -0.9875842332839966 0.08882702887058258 -0.12956450879573822 21.09292984008789
-0.13384199142456055 0.007142559625208378 0.9909769296646118 44.75727462768555 0.0894160121679306 0.99598228931427 0.0048979464918375015 -0.9174428582191467 -0.9869604706764221 0.08926475793123245 -0.13394290208816528 20.921974182128906
-0.13658671081066132 0.00652663316577673 0.9906067252159119 46.15263748168945 0.08932511508464813 0.9959860444068909 0.005754244513809681 -0.9133891463279724 -0.9865926504135132 0.08927200734615326 -0.13662144541740417 20.73162841796875
-0.13915613293647766 0.004480204079300165 0.9902603626251221 47.587127685546875 0.09031005948781967 0.995880126953125 0.00818517804145813 -0.9126473665237427 -0.9861438274383545 0.09056948870420456 -0.1389874517917633 20.526992797851562
-0.14098826050758362 0.003208600915968418 0.9900060296058655 49.010738372802734 0.09001123160123825 0.9958945512771606 0.009590953588485718 -0.9038615226745605 -0.9859108924865723 0.09046388417482376 -0.14069823920726776 20.314407348632812
-0.14291612803936005 0.003673327388241887 0.9897279143333435 50.44148635864258 0.09272468835115433 0.9956445693969727 0.009694104082882404 -0.9017585515975952 -0.9853816032409668 0.09315767139196396 -0.14263425767421722 20.118547439575195
-0.14448846876621246 0.004061197862029076 0.9894981384277344 51.88426208496094 0.09225782006978989 0.9956909418106079 0.00938505306839943 -0.883446216583252 -0.9851962327957153 0.09264495968818665 -0.14424055814743042 19.912263870239258
-0.14528977870941162 0.005645701661705971 0.9893731474876404 53.354248046875 0.09445444494485855 0.9954954981803894 0.008190028369426727 -0.8686590194702148 -0.9848701357841492 0.0946405902504921 -0.14516860246658325 19.69864273071289
-0.14496827125549316 0.005846305750310421 0.9894190430641174 54.845664978027344 0.09414032846689224 0.9955275058746338 0.007910903543233871 -0.8589202165603638 -0.9849476218223572 0.09429106116294861 -0.14487023651599884 19.4713191986084
-0.14446592330932617 0.007106604520231485 0.9894842505455017 56.36293029785156 0.09373579919338226 0.9955756068229675 0.006535189691931009 -0.854087233543396 -0.985059916973114 0.09369419515132904 -0.14449292421340942 19.253002166748047
-0.1429702639579773 0.0070962244644761086 0.989701509475708 57.897010803222656 0.09420612454414368 0.9955317378044128 0.006470801308751106 -0.8434144854545593 -0.9852333068847656 0.09416109323501587 -0.14299996197223663 19.029804229736328
-0.14140638709068298 0.005947768688201904 0.9899337291717529 59.45979690551758 0.09359046071767807 0.9955834746360779 0.007387150544673204 -0.8404281139373779 -0.985517680644989 0.09369293600320816 -0.141338512301445 18.80052375793457
-0.1400947868824005 0.006924727000296116 0.9901138544082642 61.048213958740234 0.09455810487270355 0.9954986572265625 0.006416980642825365 -0.8294782638549805 -0.9856126308441162 0.09452227503061295 -0.14011897146701813 18.573589324951172
-0.13936786353588104 0.007210036739706993 0.9902144074440002 62.641544342041016 0.0940336212515831 0.9955510497093201 0.005985882133245468 -0.8270573616027832 -0.985765814781189 0.09394769370555878 -0.1394258290529251 18.363590240478516
-0.13814496994018555 0.007996145635843277 0.9903796911239624 64.24488067626953 0.0952797457575798 0.9954367876052856 0.00525329913944006 -0.8219586610794067 -0.9858182072639465 0.09508885443210602 -0.13827644288539886 18.136741638183594
-0.13701868057250977 0.007517650723457336 0.9905398488044739 65.87167358398438 0.09457273781299591 0.9955025911331177 0.0055266753770411015 -0.8181160688400269 -0.9860435724258423 0.09443532675504684 -0.13711343705654144 17.90807342529297
-0.13595931231975555 0.00575243029743433 0.9906976222991943 67.52720642089844 0.09664954990148544 0.9952902793884277 0.0074846940115094185 -0.8137831687927246 -0.9859888553619385 0.09676811099052429 -0.13587498664855957 17.67668914794922
-0.13519631326198578 0.0043294597417116165 0.9908093810081482 69.22596740722656 0.09866504371166229 0.995078980922699 0.0091147655621171 -0.8011180758476257 -0.9858940243721008 0.09899052232503891 -0.1349581629037857 17.43743896484375
-0.1342030167579651 0.005072943400591612 0.9909408688545227 70.91570281982422 0.09999168664216995 0.9949524402618408 0.00844838097691536 -0.79960697889328 -0.985896110534668 0.10021963715553284 -0.13403284549713135 17.204193115234375
-0.13328425586223602 0.00708408560603857 0.9910524487495422 72.58692932128906 0.1022656038403511 0.9947349429130554 0.00664304755628109 -0.7896993160247803 -0.9857874512672424 0.10223600268363953 -0.13330696523189545 16.977426528930664
-0.13216081261634827 0.007070811931043863 0.9912030696868896 74.2890853881836 0.10138300061225891 0.9948267340660095 0.006421114318072796 -0.782423734664917 -0.9860299229621887 0.10133976489305496 -0.13219396770000458 16.749452590942383
-0.1316991150379181 0.007149290759116411 0.9912638664245605 76.0493392944336 0.10244432836771011 0.9947178959846497 0.006436530034989119 -0.776292085647583 -0.9859820008277893 0.10239705443382263 -0.1317358911037445 16.49987030029297
-0.13134579360485077 0.005980452056974173 0.9913185834884644 77.78584289550781 0.10249365866184235 0.9947047829627991 0.0075791277922689915 -0.7715216875076294 -0.986024022102356 0.1025993674993515 -0.13126328587532043 16.26268768310547
-0.13119065761566162 0.006409419700503349 0.991336464881897 79.50054931640625 0.1038067564368248 0.9945705533027649 0.007307159714400768 -0.7652317881584167 -0.9859071969985962 0.10386604815721512 -0.1311437040567398 16.043622970581055
-0.13098129630088806 0.006322142668068409 0.991364598274231 81.2731704711914 0.1050640270113945 0.9944368600845337 0.007539554964751005 -0.7552295923233032 -0.9858019351959229 0.10514430701732635 -0.13091684877872467 15.805631637573242
-0.13121488690376282 0.007204041816294193 0.9913277626037598 83.02635955810547 0.1052209809422493 0.9944263100624084 0.006700784899294376 -0.7497292757034302 -0.985754132270813 0.10518772155046463 -0.1312415450811386 15.573463439941406
-0.13166719675064087 0.008335096761584282 0.9912589192390442 84.83199310302734 0.10511825233697891 0.994443953037262 0.005600801669061184 -0.7460736632347107 -0.9857047200202942 0.10493685305118561 -0.13181187212467194 15.331890106201172
-0.13299183547496796 0.00886416994035244 0.9910774230957031 86.63146209716797 0.10424434393644333 0.9945386648178101 0.005093332380056381 -0.7510722279548645 -0.985619843006134 0.10399159044027328 -0.13318955898284912 15.098895072937012
-0.13456541299819946 0.009302045218646526 0.9908609986305237 88.44098663330078 0.10338396579027176 0.9946303963661194 0.004702795296907425 -0.7544412612915039 -0.9854966998100281 0.10307198762893677 -0.13480456173419952 14.867793083190918
-0.13542255759239197 0.008500414900481701 0.9907514452934265 90.26217651367188 0.10239214450120926 0.9947291016578674 0.005461104214191437 -0.7562605142593384 -0.985482931137085 0.1021847277879715 -0.1355791687965393 14.624040603637695
-0.13648495078086853 0.008230851031839848 0.9906079173088074 92.10348510742188 0.10249114036560059 0.9947167038917542 0.005856133997440338 -0.7554330825805664 -0.9853260517120361 0.10232779383659363 -0.13660743832588196 14.375946998596191
-0.13674920797348022 0.00727190962061286 0.9905790090560913 93.95881652832031 0.10007418692111969 0.9949586391448975 0.006511161103844643 -0.7533431053161621 -0.9855378270149231 0.10002179443836212 -0.1367875337600708 14.119454383850098
-0.1387178748846054 0.007968089543282986 0.9902998805046082 95.7942886352539 0.09977777302265167 0.9949918389320374 0.0059706950560212135 -0.7563823461532593 -0.9852926731109619 0.09963816404342651 -0.13881820440292358 13.873063087463379
-0.1409323811531067 0.008792038075625896 0.989980161190033 97.67820739746094 0.09910927712917328 0.9950625896453857 0.005271906964480877 -0.7532596588134766 -0.985045850276947 0.09885922819375992 -0.1411079317331314 13.595050811767578
-0.14499996602535248 0.009845149703323841 0.9893826246261597 99.55662536621094 0.09966675192117691 0.99500972032547 0.004705620929598808 -0.7485145330429077 -0.9843990206718445 0.0992908626794815 -0.1452576369047165 13.31844425201416
-0.14931829273700714 0.008814848959445953 0.9887498617172241 101.43655395507812 0.09755588322877884 0.9952127933502197 0.005860151723027229 -0.7493093013763428 -0.9839648604393005 0.0973334088921547 -0.14946337044239044 13.036675453186035
-0.15403598546981812 0.00820048339664936 0.9880313277244568 103.33773803710938 0.09617922455072403 0.9953411817550659 0.006733376067131758 -0.7482211589813232 -0.9833729863166809 0.09606526046991348 -0.15410713851451874 12.74600887298584
-0.15846192836761475 0.008898988366127014 0.9873250126838684 105.23660278320312 0.09486296772956848 0.9954707026481628 0.006252738181501627 -0.7508885860443115 -0.9827974438667297 0.09465138614177704 -0.15858839452266693 12.444561004638672
-0.16289746761322021 0.010564700700342655 0.9865864515304565 107.15586853027344 0.09536036849021912 0.9954298138618469 0.005085763055831194 -0.752653181552887 -0.9820238351821899 0.09490970522165298 -0.16316045820713043 12.125450134277344
-0.1674955189228058 0.012277464382350445 0.9857963919639587 109.08519744873047 0.09511304646730423 0.9954593181610107 0.0037627373822033405 -0.7594407200813293 -0.9812740683555603 0.09439235925674438 -0.16790273785591125 11.800285339355469
-0.17231696844100952 0.012368788942694664 0.9849638938903809 111.01683807373047 0.09402742236852646 0.9955618977546692 0.003947991877794266 -0.7679166793823242 -0.9805435538291931 0.09329391270875931 -0.1727151870727539 11.476654052734375
-0.17698276042938232 0.012275665067136288 0.9841374158859253 112.97370910644531 0.09220045059919357 0.9957317113876343 0.004160621203482151 -0.7688943147659302 -0.9798858165740967 0.0914742648601532 -0.1773592084646225 11.12611198425293
-0.18149109184741974 0.01198231615126133 0.9833195805549622 114.94055938720703 0.09045932441949844 0.9958897233009338 0.004560567904263735 -0.7671772837638855 -0.9792233109474182 0.0897781252861023 -0.18182902038097382 10.76058578491211
-0.1875116527080536 0.010955660603940487 0.9822012782096863 116.88687133789062 0.0895003229379654 0.9959688782691956 0.005977250169962645 -0.7753334641456604 -0.9781764149665833 0.08902814984321594 -0.18773633241653442 10.40699577331543
-0.1928621530532837 0.011031592264771461 0.9811637997627258 118.87057495117188 0.09023705869913101 0.9958987832069397 0.0065401531755924225 -0.7762342095375061 -0.9770678281784058 0.08979868143796921 -0.19306662678718567 10.018022537231445
-0.1980196237564087 0.012201014906167984 0.9801220893859863 120.81742095947266 0.09043702483177185 0.9958848357200623 0.005874271038919687 -0.7790588736534119 -0.9760170578956604 0.0898025706410408 -0.19830815494060516 9.633808135986328
-0.20357276499271393 0.013249970972537994 0.9789701700210571 122.77989959716797 0.09006151556968689 0.995922327041626 0.005248504225164652 -0.7835321426391602 -0.974908709526062 0.08923598378896713 -0.20393601059913635 9.23709487915039
-0.20948447287082672 0.01334418822079897 0.9777209162712097 124.77271270751953 0.09042160212993622 0.9958868026733398 0.0057814293541014194 -0.7747333645820618 -0.97362220287323 0.08961822837591171 -0.2098294198513031 8.826950073242188
-0.21488453447818756 0.013219544664025307 0.9765499234199524 126.75287628173828 0.08943728357553482 0.9959731698036194 0.006197719369083643 -0.7759278416633606 -0.9725356698036194 0.08867179602384567 -0.21520154178142548 8.396154403686523
-0.22005392611026764 0.013952397741377354 0.9753880500793457 128.73931884765625 0.08875134587287903 0.9960370659828186 0.005775119177997112 -0.7758142352104187 -0.9714418649673462 0.0878378376364708 -0.22042016685009003 7.953113555908203
-0.2252921611070633 0.01458002533763647 0.9741820693016052 130.73330688476562 0.08806908875703812 0.9960993528366089 0.005459061358124018 -0.7784533500671387 -0.9703026413917542 0.0870252177119255 -0.22569741308689117 7.508174896240234
-0.22978244721889496 0.014108769595623016 0.9731397032737732 132.72830200195312 0.08931795507669449 0.995980978012085 0.006650259252637625 -0.7759417295455933 -0.9691347479820251 0.0884469747543335 -0.23011910915374756 7.042352676391602
-0.23358289897441864 0.014250784181058407 0.972232460975647 134.73585510253906 0.09165482223033905 0.9957631826400757 0.007424759212881327 -0.7663840055465698 -0.9680074453353882 0.09084407985210419 -0.23389936983585358 6.559083938598633
-0.23699381947517395 0.015024821273982525 0.971394956111908 136.73800659179688 0.09288421273231506 0.9956504106521606 0.007261225022375584 -0.7663399577140808 -0.9670607447624207 0.09194812178611755 -0.23735857009887695 6.070497512817383
-0.23986801505088806 0.01572570390999317 0.9706781506538391 138.73968505859375 0.09343014657497406 0.9956015348434448 0.006958402693271637 -0.7643051743507385 -0.9662991762161255 0.09235968440771103 -0.24028222262859344 5.5729827880859375
-0.24366910755634308 0.015431566163897514 0.9697356820106506 140.77679443359375 0.0924437940120697 0.9956905841827393 0.007384113967418671 -0.7676305770874023 -0.9654426574707031 0.09144533425569534 -0.24404558539390564 5.075950622558594
-0.2469867616891861 0.016063712537288666 0.9688857197761536 142.7956085205078 0.09110860526561737 0.9958181977272034 0.006715011317282915 -0.7693812251091003 -0.9647262692451477 0.08993233740329742 -0.24741747975349426 4.549564361572266
-0.25164148211479187 0.016764121130108833 0.9676753282546997 144.82293701171875 0.09035900980234146 0.9958896040916443 0.006244717165827751 -0.7748175859451294 -0.9635931849479675 0.0890096127986908 -0.2521219253540039 4.032436370849609
-0.25605615973472595 0.015990080311894417 0.9665296673774719 146.85084533691406 0.08877541124820709 0.9960267543792725 0.0070405942387878895 -0.7803705334663391 -0.9625768065452576 0.08760686218738556 -0.2564583420753479 3.502208709716797
-0.2606799006462097 0.01645773835480213 0.9652850031852722 148.8785400390625 0.08913610875606537 0.9959942102432251 0.0070903124287724495 -0.7822777032852173 -0.9613015651702881 0.08789005130529404 -0.2611026167869568 2.9603424072265625
-0.26568400859832764 0.016685625538229942 0.9639157056808472 150.93463134765625 0.0882398933172226 0.9960740804672241 0.007079265546053648 -0.7852603197097778 -0.9600133299827576 0.08693668246269226 -0.26611337065696716 2.4111595153808594
-0.2708089351654053 0.016857948154211044 0.9624854922294617 152.98745727539062 0.08773694932460785 0.996117353439331 0.007239032536745071 -0.7853038311004639 -0.9586265087127686 0.08640594780445099 -0.2712365984916687 1.854949951171875
-0.27520552277565 0.016258398070931435 0.9612479209899902 155.0239715576172 0.08757268637418747 0.9961241483688354 0.008223787881433964 -0.7882266044616699 -0.9573886394500732 0.08644228428602219 -0.2755626142024994 1.2822113037109375
-0.2800067067146301 0.016339797526597977 0.9598590731620789 157.08737182617188 0.08811961114406586 0.996071457862854 0.008749698288738728 -0.7874799966812134 -0.9559451937675476 0.08703237026929855 -0.2803465723991394 0.7017250061035156
-0.284545361995697 0.016871530562639236 0.9585140943527222 159.17233276367188 0.08882929384708405 0.9960076212882996 0.008838461712002754 -0.7885586023330688 -0.9545382857322693 0.0876590758562088 -0.2849080264568329 0.103302001953125
-0.28815406560897827 0.018342651426792145 0.9574083089828491 161.23716735839844 0.08947787433862686 0.9959578514099121 0.007849217392504215 -0.784381628036499 -0.9533944129943848 0.0879286527633667 -0.28863054513931274 -0.5141410827636719
-0.29192888736724854 0.019867567345499992 0.9562336206436157 163.29368591308594 0.08948151022195816 0.995966374874115 0.006624756380915642 -0.7879209518432617 -0.9522449970245361 0.08749919384717941 -0.29252922534942627 -1.1283721923828125
-0.29568347334861755 0.021180277690291405 0.9550511240959167 165.38096618652344 0.09007814526557922 0.9959179162979126 0.005801573395729065 -0.7873923778533936 -0.9510295391082764 0.08774467557668686 -0.2963842451572418 -1.7567558288574219
-0.2990906536579132 0.0217987522482872 0.9539756774902344 167.46548461914062 0.08962653577327728 0.9959611296653748 0.005341593641787767 -0.7922132611274719 -0.9500061869621277 0.08709914982318878 -0.2998364269733429 -2.4024658203125
-0.3029627203941345 0.021830787882208824 0.9527523517608643 169.56214904785156 0.08992645889520645 0.9959318041801453 0.005775257013738155 -0.7980064749717712 -0.9487501382827759 0.08742732554674149 -0.30369332432746887 -3.0568809509277344
-0.3069940209388733 0.021932778880000114 0.9514586925506592 171.6377716064453 0.08960083872079849 0.9959601163864136 0.005951658822596073 -0.8015138506889343 -0.9474841952323914 0.08707862347364426 -0.30771899223327637 -3.7044906616210938
-0.31117087602615356 0.02298199199140072 0.9500760436058044 173.73207092285156 0.09187329560518265 0.9957526326179504 0.006003634072840214 -0.8046518564224243 -0.9459027647972107 0.08915475755929947 -0.3119606375694275 -4.386661529541016
-0.31389349699020386 0.02327854000031948 0.9491727948188782 175.82406616210938 0.09393835067749023 0.9955558180809021 0.006649532355368137 -0.8056842088699341 -0.9447997212409973 0.09125097095966339 -0.31468525528907776 -5.0853271484375
-0.31613701581954956 0.02335570752620697 0.9484259486198425 177.88714599609375 0.0954689234495163 0.9954055547714233 0.007309854030609131 -0.807004451751709 -0.9438977837562561 0.09285612404346466 -0.31691426038742065 -5.777530670166016
-0.31881651282310486 0.022529833018779755 0.9475486278533936 179.96824645996094 0.09464280307292938 0.9954777359962463 0.008174506016075611 -0.8065533638000488 -0.94307941198349 0.09228484332561493 -0.31950703263282776 -6.477752685546875
-0.3217284083366394 0.023110155016183853 0.9465498924255371 182.07080078125 0.0939968153834343 0.9955431818962097 0.007642795797437429 -0.8098481893539429 -0.9421547055244446 0.09143158793449402 -0.3224667012691498 -7.186405181884766
-0.32421717047691345 0.02522147260606289 0.9456464052200317 184.17173767089844 0.09347639977931976 0.9956063628196716 0.005494644399732351 -0.8093699216842651 -0.9413529634475708 0.09017705917358398 -0.3251502811908722 -7.905826568603516
-0.32749810814857483 0.02730553038418293 0.9444571733474731 186.294921875 0.0930730327963829 0.9956530928611755 0.0034881485626101494 -0.8100287914276123 -0.9402565360069275 0.08904586732387543 -0.3286159336566925 -8.63449478149414
-0.330432265996933 0.028495680540800095 0.9433994293212891 188.4104461669922 0.09263188391923904 0.9956976175308228 0.002369605703279376 -0.8215512633323669 -0.9392729997634888 0.08817185461521149 -0.3316501975059509 -9.372947692871094
-0.3342113494873047 0.029443122446537018 0.9420379996299744 190.57757568359375 0.09084214270114899 0.9958646893501282 0.0011030408786609769 -0.8304018974304199 -0.9381100535392761 0.08594541251659393 -0.3355039358139038 -10.122611999511719
-0.3369940221309662 0.02998034656047821 0.9410293102264404 192.70486450195312 0.09210330992937088 0.9957485795021057 0.0012596588348969817 -0.8414469361305237 -0.9369909167289734 0.08709639310836792 -0.3383226990699768 -10.903030395507812
-0.34115588665008545 0.028596946969628334 0.9395716786384583 194.8808135986328 0.09117157012224197 0.9958311915397644 0.002794865518808365 -0.855431318283081 -0.9355748891830444 0.0866156816482544 -0.342340886592865 -11.672737121582031
-0.34464022517204285 0.028216173872351646 0.9383106827735901 197.041015625 0.09141136705875397 0.9958065152168274 0.0036301182117313147 -0.8650896549224854 -0.9342735409736633 0.08702334016561508 -0.34577423334121704 -12.463123321533203
-0.34809279441833496 0.028380222618579865 0.9370304346084595 199.1896209716797 0.0915079414844513 0.9957969784736633 0.0038337111473083496 -0.8694472908973694 -0.9329832196235657 0.08708019554615021 -0.3492266833782196 -13.262943267822266
-0.3518945574760437 0.02837892808020115 0.9356093406677246 201.3581085205078 0.09060044586658478 0.9958799481391907 0.0038689288776367903 -0.8808226585388184 -0.9316446781158447 0.08612807095050812 -0.3530158996582031 -14.06277084350586
-0.35575631260871887 0.02888866700232029 0.9341321587562561 203.5458984375 0.08964408934116364 0.9959684014320374 0.0033392012119293213 -0.8937894105911255 -0.9302695393562317 0.08492738008499146 -0.35691168904304504 -14.882694244384766
-0.35904088616371155 0.02951849438250065 0.9328548908233643 205.73211669921875 0.08933155238628387 0.995997965335846 0.002865737769752741 -0.9036323428153992 -0.9290368556976318 0.08436228334903717 -0.3602408766746521 -15.714130401611328
-0.3615638315677643 0.030096055939793587 0.9318614602088928 207.8394012451172 0.09085726737976074 0.9958591461181641 0.0030898028053343296 -0.9259920120239258 -0.9279097318649292 0.08578354120254517 -0.36280110478401184 -16.536602020263672
-0.3641037940979004 0.029779687523841858 0.9308820962905884 209.99356079101562 0.09181658923625946 0.9957676529884338 0.004057574085891247 -0.9412458539009094 -0.9268215298652649 0.08694782108068466 -0.36529701948165894 -17.376079559326172
-0.36627867817878723 0.029529068619012833 0.9300365447998047 212.17405700683594 0.09347318857908249 0.9956082105636597 0.005201788153499365 -0.948938250541687 -0.9257984161376953 0.08883878588676453 -0.3674302399158478 -18.244617462158203
-0.36966365575790405 0.030398817732930183 0.9286682605743408 214.3720245361328 0.0943375825881958 0.9955278635025024 0.004964420571923256 -0.9561179876327515 -0.9243642091751099 0.08944348245859146 -0.3708781898021698 -19.108646392822266
-0.3724898099899292 0.03173777461051941 0.9274934530258179 216.5729522705078 0.09493164718151093 0.9954755306243896 0.004061369225382805 -0.9655849933624268 -0.9231680035591125 0.08956130594015121 -0.3738173842430115 -19.986492156982422
-0.3752364218235016 0.03174345940351486 0.9263854026794434 218.75526428222656 0.09417757391929626 0.9955472350120544 0.004033678211271763 -0.9789344072341919 -0.9221324324607849 0.08875829726457596 -0.3765551745891571 -20.86278533935547
-0.37803858518600464 0.03325077146291733 0.9251925349235535 220.92881774902344 0.0942455381155014 0.9955452680587769 0.0027300240471959114 -0.9949400424957275 -0.9209802746772766 0.08822732418775558 -0.37948817014694214 -21.747417449951172
-0.3806437849998474 0.03448916971683502 0.9240783452987671 223.11447143554688 0.09419864416122437 0.9955520629882812 0.001645282143726945 -1.0080580711364746 -0.9199113845825195 0.08767318725585938 -0.3821995258331299 -22.646041870117188
-0.38300344347953796 0.03428196907043457 0.9231105446815491 225.2883758544922 0.09184210747480392 0.9957729578018188 0.001125309499911964 -1.0265488624572754 -0.9191698431968689 0.08521140366792679 -0.3845330476760864 -23.540088653564453
-0.38610589504241943 0.03539583832025528 0.9217751026153564 227.4633026123047 0.09303215891122818 0.9956628084182739 0.0007354827830567956 -1.0461654663085938 -0.9177511930465698 0.08603872358798981 -0.3877243101596832 -24.44384002685547
-0.38876569271087646 0.03495880588889122 0.9206731915473938 229.617919921875 0.09477502107620239 0.9954961538314819 0.002220013877376914 -1.0701789855957031 -0.916449248790741 0.08811986446380615 -0.3903280198574066 -25.353378295898438
-0.3915866017341614 0.03393613174557686 0.9195152521133423 231.78921508789062 0.09482627362012863 0.9954871535301208 0.00364291132427752 -1.0877089500427246 -0.9152420163154602 0.08862073719501495 -0.39303746819496155 -26.26844024658203
-0.3950149118900299 0.03352605551481247 0.9180627465248108 233.9237060546875 0.0937628298997879 0.9955865740776062 0.0039862473495304585 -1.1020704507827759 -0.9138773083686829 0.08765476942062378 -0.3964150547981262 -27.175819396972656
-0.3981667160987854 0.03378230705857277 0.9166907668113708 236.06631469726562 0.09240232408046722 0.9957157969474792 0.00344059313647449 -1.1187851428985596 -0.9126472473144531 0.08607429265975952 -0.39958253502845764 -28.098262786865234
-0.4016959071159363 0.033095475286245346 0.9151749014854431 238.25534057617188 0.09046558290719986 0.9958927631378174 0.0036933841183781624 -1.1299515962600708 -0.9112938046455383 0.08427541702985764 -0.40303996205329895 -29.04620361328125
-0.40527573227882385 0.032532673329114914 0.9136154651641846 240.4215545654297 0.08991357684135437 0.9959397315979004 0.004421140532940626 -1.1468760967254639 -0.9097620248794556 0.08393824100494385 -0.4065553843975067 -29.991104125976562
-0.40908434987068176 0.03292374312877655 0.9119024276733398 242.5791015625 0.08977058529853821 0.9959531426429749 0.004313204437494278 -1.162519931793213 -0.9080700874328613 0.08362646400928497 -0.4103843569755554 -30.950904846191406
-0.4128195345401764 0.03259113430976868 0.9102295637130737 244.7307586669922 0.0893193930387497 0.9959912300109863 0.004847476724535227 -1.1779369115829468 -0.9064226746559143 0.08330230414867401 -0.41407567262649536 -31.915252685546875
-0.41698962450027466 0.03180813789367676 0.9083544611930847 246.89878845214844 0.08764564245939255 0.996137261390686 0.005352594889700413 -1.1910367012023926 -0.9046754837036133 0.08184529095888138 -0.4181668162345886 -32.885467529296875
-0.4207419157028198 0.0319720134139061 0.9066168069839478 249.01791381835938 0.08721189945936203 0.9961754679679871 0.005342893768101931 -1.2025198936462402 -0.9029785990715027 0.08131573349237442 -0.42192110419273376 -33.85735321044922
-0.4243226647377014 0.03308933973312378 0.9049062728881836 251.1722869873047 0.08776925504207611 0.9961294531822205 0.004731104709208012 -1.2169198989868164 -0.9012473821640015 0.08143043518066406 -0.42558467388153076 -34.85608673095703
-0.42801401019096375 0.033180203288793564 0.9031627178192139 253.2687530517578 0.08781694620847702 0.9961239099502563 0.005021561868488789 -1.2392719984054565 -0.8994954228401184 0.0814623013138771 -0.42926886677742004 -35.834449768066406
-0.43194541335105896 0.03291154280304909 0.9012990593910217 255.41049194335938 0.08744419366121292 0.9961540699005127 0.005532183218747377 -1.2524278163909912 -0.8976505398750305 0.08120296150445938 -0.4331621527671814 -36.844207763671875
-0.43576666712760925 0.033482037484645844 0.8994367122650146 257.53778076171875 0.08666644245386124 0.9962252378463745 0.004903832916170359 -1.2631752490997314 -0.8958774209022522 0.08008791506290436 -0.4370235502719879 -37.85662078857422
-0.43952834606170654 0.03378427401185036 0.897593080997467 259.6695556640625 0.0869867205619812 0.9961963295936584 0.0050995987839996815 -1.2796074151992798 -0.8940067887306213 0.08032010495662689 -0.440795361995697 -38.89241027832031
-0.4427718222141266 0.03450365737080574 0.8959701061248779 261.7919616699219 0.08733243495225906 0.9961676001548767 0.004795815329998732 -1.2752959728240967 -0.8923710584640503 0.0803707018494606 -0.44408831000328064 -39.93806457519531
-0.4459814429283142 0.03581296652555466 0.8943254947662354 263.91070556640625 0.08902285248041153 0.9960193634033203 0.00450856052339077 -1.2851759195327759 -0.8906041383743286 0.08162613213062286 -0.4473942518234253 -40.990020751953125
-0.44918686151504517 0.03796185925602913 0.8926309943199158 266.0425720214844 0.09149142354726791 0.9957990050315857 0.003690610872581601 -1.2965404987335205 -0.8887410759925842 0.08332584798336029 -0.4507730305194855 -42.06422424316406
-0.45213937759399414 0.03884837031364441 0.8911008238792419 268.1802978515625 0.09313159435987473 0.9956462979316711 0.0038482919335365295 -1.310258388519287 -0.8870718479156494 0.08472960442304611 -0.4537889063358307 -43.14750671386719
-0.45490309596061707 0.04120432958006859 0.8895872235298157 270.3115539550781 0.0949929729104042 0.9954748749732971 0.002467117737978697 -1.3111729621887207 -0.8854600787162781 0.08562683314085007 -0.45675867795944214 -44.240394592285156
-0.4579998254776001 0.043502748012542725 0.887887179851532 272.4228210449219 0.09708432853221893 0.9952754378318787 0.0013148069847375154 -1.340620756149292 -0.8836349844932556 0.08680213987827301 -0.46005934476852417 -45.289337158203125
