0.99985671043396 0.00023197359405457973 -0.01692785695195198 10.64238452911377 -0.00035653309896588326 0.9999728798866272 -0.007355608977377415 1.953118920326233 0.016925690695643425 0.007360590156167746 0.9998296499252319 -4.4120965003967285
0.9998310804367065 -0.002128871623426676 -0.01825672574341297 10.609148025512695 0.0020487774163484573 0.9999881982803345 -0.004404696170240641 1.9249626398086548 0.01826588809490204 0.004366548731923103 0.9998235702514648 -2.8881278038024902
0.9998006820678711 -0.00260495045222342 -0.019790733233094215 10.579392433166504 0.002535878447815776 0.9999905228614807 -0.0035144109278917313 1.8960744142532349 0.019799700006842613 0.003463523229584098 0.9997979402542114 -1.366438627243042
0.999775230884552 -0.0015490829246118665 -0.02114509604871273 10.536526679992676 0.0014679752057418227 0.9999915361404419 -0.003850751556456089 1.870876669883728 0.02115088514983654 0.0038188458420336246 0.9997689127922058 0.1463092416524887
0.9997406601905823 -0.000795728643424809 -0.022760063409805298 10.498390197753906 0.0007081308285705745 0.999992311000824 -0.0038565550930798054 1.8431214094161987 0.022762957960367203 0.0038394376169890165 0.9997335076332092 1.6514503955841064
0.9997018575668335 -0.0012041768059134483 -0.024391476064920425 10.460021018981934 0.0011101943673565984 0.9999918341636658 -0.0038662604056298733 1.8215287923812866 0.024395935237407684 0.0038380278274416924 0.9996950030326843 3.150160312652588
0.9996629357337952 -0.001539528602734208 -0.025915158912539482 10.412553787231445 0.0014547314494848251 0.9999935030937195 -0.003290640888735652 1.7917134761810303 0.02592005766928196 0.0032518322113901377 0.9996587038040161 4.658940315246582
0.9996147155761719 -0.0032805672381073236 -0.02756267786026001 10.364252090454102 0.0031657058279961348 0.9999861717224121 -0.00420986907556653 1.768349289894104 0.027576105669140816 0.004120990633964539 0.9996112585067749 6.156455993652344
0.99957275390625 -0.004219374153763056 -0.02892688289284706 10.321545600891113 0.004107228014618158 0.9999838471412659 -0.003935229033231735 1.7436050176620483 0.028943022713065147 0.0038147377781569958 0.9995737671852112 7.645327091217041
0.9995348453521729 -0.003975733183324337 -0.03023679554462433 10.273294448852539 0.003857761388644576 0.9999847412109375 -0.00395891023799777 1.7154361009597778 0.03025207296013832 0.003840422723442316 0.9995349049568176 9.134549140930176
0.9995000958442688 -0.0037390966899693012 -0.03139336034655571 10.218798637390137 0.0036158496513962746 0.9999855756759644 -0.003981743473559618 1.6892104148864746 0.03140779584646225 0.0038662399165332317 0.9994991421699524 10.620783805847168
0.9994885325431824 -0.0020851222798228264 -0.031910866498947144 10.164887428283691 0.0019790451042354107 0.9999923706054688 -0.0033554015681147575 1.662642240524292 0.03191762417554855 0.0032905314583331347 0.9994850158691406 12.082087516784668
0.99947190284729 -0.0008242843905463815 -0.032481927424669266 10.106115341186523 0.0007344362093135715 0.9999958872795105 -0.00277793244458735 1.6403964757919312 0.03248407691717148 0.002752610482275486 0.9994684457778931 13.554323196411133
0.999445915222168 0.0001927807170432061 -0.03328408673405647 10.057960510253906 -0.0002481607371009886 0.9999985694885254 -0.0016597354551777244 1.6110330820083618 0.033283721655607224 0.0016670756740495563 0.9994444847106934 15.033486366271973
0.9994348287582397 3.306155122118071e-05 -0.03361636772751808 10.001617431640625 -9.185336239170283e-05 0.9999984502792358 -0.0017473612679168582 1.5915802717208862 0.033616263419389725 0.0017494624480605125 0.9994332194328308 16.493438720703125
0.9994140267372131 0.0007652227650396526 -0.034220997244119644 9.946553230285645 -0.0008284670184366405 0.9999979734420776 -0.0018339698435738683 1.573632001876831 0.03421952575445175 0.0018612470012158155 0.9994125962257385 17.95613670349121
0.9994081258773804 0.0013348069041967392 -0.0343758724629879 9.890764236450195 -0.0013794917613267899 0.9999982118606567 -0.0012762036640197039 1.5502302646636963 0.03437410295009613 0.001322869909927249 0.9994081258773804 19.410442352294922
0.99941086769104 0.002337625715881586 -0.03423921391367912 9.835914611816406 -0.0023407998960465193 0.9999972581863403 -5.2627969125751406e-05 1.5269629955291748 0.034238994121551514 0.00013274411321617663 0.9994136691093445 20.859888076782227
0.9994109869003296 0.0025412181857973337 -0.03422323614358902 9.783031463623047 -0.002584836445748806 0.9999960064888 -0.0012303452240303159 1.501051664352417 0.03421996906399727 0.0013180829118937254 0.9994135499000549 22.295007705688477
0.9994056224822998 0.0029274618718773127 -0.034346312284469604 9.726568222045898 -0.003047819482162595 0.99998939037323 -0.003452410688623786 1.4832615852355957 0.03433583304286003 0.003555040340870619 0.9994040131568909 23.728036880493164
0.9994270205497742 0.0012130682589486241 -0.03382415324449539 9.670920372009277 -0.0013370702508836985 0.9999924898147583 -0.003643701784312725 1.4588855504989624 0.03381947800517082 0.0036868397146463394 0.9994211196899414 25.1557559967041
0.9994288086891174 0.00040012889076024294 -0.033791981637477875 9.617985725402832 -0.0004317328566685319 0.9999995231628418 -0.0009279586374759674 1.4328776597976685 0.033791590481996536 0.0009420185815542936 0.9994284510612488 26.564760208129883
0.9994427561759949 -0.001136031118221581 -0.0333588533103466 9.563187599182129 0.001147048664279282 0.9999992251396179 0.0003111434925813228 1.4111082553863525 0.03335846960544586 -0.0003492342948447913 0.999443531036377 27.987655639648438
0.9994425773620605 -0.001614731503650546 -0.033343568444252014 9.509940147399902 0.001603535609319806 0.9999986290931702 -0.00036251728306524456 1.3908483982086182 0.033344101160764694 0.00030884711304679513 0.9994438886642456 29.387939453125
0.9994685649871826 -0.001833776943385601 -0.03254511579871178 9.457508087158203 0.0017623144667595625 0.9999959468841553 -0.0022243501152843237 1.3674814701080322 0.032549068331718445 0.0021658146288245916 0.9994677305221558 30.77661895751953
0.9994849562644958 -0.0005734993028454483 -0.03208576515316963 9.404603004455566 0.00047903944505378604 0.9999955892562866 -0.002951586851850152 1.3426915407180786 0.03208731859922409 0.002934696851298213 0.9994807243347168 32.130157470703125
0.999505341053009 -0.0004209729959256947 -0.031444061547517776 9.362777709960938 0.00029861999792046845 0.9999923706054688 -0.0038957269862294197 1.3152849674224854 0.0314454585313797 0.0038844109512865543 0.9994978904724121 33.49521255493164
0.999549150466919 0.0002373032330069691 -0.030020205304026604 9.313278198242188 -0.0003194620949216187 0.9999962449073792 -0.002732018008828163 1.286836862564087 0.03001944161951542 0.0027403770945966244 0.9995455741882324 34.823402404785156
0.9995921850204468 0.0006177879986353219 -0.028549332171678543 9.267145156860352 -0.0006381803541444242 0.9999995231628418 -0.00070518086431548 1.263181209564209 0.02854888327419758 0.0007231119670905173 0.999592125415802 36.15979766845703
0.9996427893638611 7.589043525513262e-05 -0.026724733412265778 9.223807334899902 -7.220842962851748e-05 1.0 0.00013873871648684144 1.2410650253295898 0.026724744588136673 -0.0001367594231851399 0.9996427893638611 37.45649719238281
0.9996955394744873 0.00047283509047701955 -0.024674883112311363 9.19476318359375 -0.00044881366193294525 0.9999995231628418 0.000979053438641131 1.2147225141525269 0.024675337597727776 -0.0009676791960373521 0.9996950030326843 38.73773956298828
0.9997807741165161 1.9681443518493325e-05 -0.020940402522683144 9.15392780303955 -9.03623913472984e-06 0.9999998807907104 0.0005084549193270504 1.1924041509628296 0.02094041183590889 -0.0005081543349660933 0.9997805953025818 40.007080078125
0.9998494386672974 -0.0006500057643279433 -0.017344415187835693 9.12267017364502 0.0006270522717386484 0.999998927116394 -0.0013287857873365283 1.169064998626709 0.017345260828733444 0.0013177094515413046 0.9998486638069153 41.2508659362793
0.9999029636383057 -0.0007852687267586589 -0.01391701027750969 9.100641250610352 0.0007434691651724279 0.9999951720237732 -0.0030084126628935337 1.1450062990188599 0.013919307850301266 0.00299777346663177 0.9998986124992371 42.493202209472656
0.9999477863311768 -0.00017582278815098107 -0.010220499709248543 9.086865425109863 0.00015145681391004473 0.9999970197677612 -0.0023847618140280247 1.1213352680206299 0.010220891796052456 0.0023830898571759462 0.9999449253082275 43.70354080200195
0.9999913573265076 -0.0001164610730484128 -0.004165983758866787 9.062138557434082 0.00010682940774131566 0.9999972581863403 -0.0023121072445064783 1.0965275764465332 0.0041662417352199554 0.002311642514541745 0.9999886155128479 44.93088150024414
0.9999961853027344 0.0016767700435593724 0.0021872702054679394 9.062176704406738 -0.001668984885327518 0.999992311000824 -0.0035561989061534405 1.0783605575561523 -0.0021932160016149282 0.0035525334533303976 0.9999914169311523 46.1292610168457
0.9999533295631409 0.002978931413963437 0.009181407280266285 9.066611289978027 -0.002946015214547515 0.9999893307685852 -0.0035965933930128813 1.0569493770599365 -0.00919202622026205 0.003569377586245537 0.9999514222145081 47.32168960571289
0.9998350143432617 0.003968815319240093 0.01772569864988327 9.085634231567383 -0.003921841271221638 0.9999887347221375 -0.0026840250939130783 1.0374994277954102 -0.017736151814460754 0.0026140641421079636 0.9998393058776855 48.5196533203125
0.9995827674865723 0.006420486140996218 0.028160367161035538 9.106993675231934 -0.006370933260768652 0.9999781250953674 -0.0018490414367988706 1.0144027471542358 -0.02817162312567234 0.0016688625328242779 0.9996017217636108 49.68882369995117
0.9991289377212524 0.008234514854848385 0.04090730845928192 9.143425941467285 -0.008158020675182343 0.9999646544456482 -0.002036504913121462 0.9934291839599609 -0.04092263802886009 0.001701008528470993 0.9991608262062073 50.81647872924805
0.9983824491500854 0.010383437387645245 0.055899329483509064 9.188840866088867 -0.010297143831849098 0.999945342540741 -0.0018315425841137767 0.9742239713668823 -0.05591529980301857 0.0012529771775007248 0.9984347820281982 51.94527816772461
0.9973176717758179 0.012813637964427471 0.07206322997808456 9.261748313903809 -0.012831308878958225 0.9999176263809204 -0.00021772636682726443 0.9499552249908447 -0.07206007093191147 -0.0007075233152136207 0.9973999857902527 53.06444549560547
0.9958714842796326 0.01292035449296236 0.08984982222318649 9.353399276733398 -0.013008823618292809 0.999915361404419 0.0003990657569374889 0.9332937598228455 -0.08983705192804337 -0.0015662580262869596 0.995955228805542 54.172325134277344
0.9939563274383545 0.012772553600370884 0.10903069376945496 9.46371841430664 -0.012830421328544617 0.9999176263809204 -0.00017082506383303553 0.9114291667938232 -0.10902391374111176 -0.0012291169259697199 0.9940383434295654 55.27789306640625
0.9915338754653931 0.011859474703669548 0.12930507957935333 9.603759765625 -0.011772713623940945 0.9999296069145203 -0.001435342594049871 0.9021993279457092 -0.12931300699710846 -9.908131323754787e-05 0.9916037917137146 56.37660217285156
0.988609254360199 0.008833447471261024 0.15024608373641968 9.75579833984375 -0.008727014996111393 0.9999609589576721 -0.0013677200768142939 0.8780332207679749 -0.1502523571252823 4.0940627513919026e-05 0.9886476993560791 57.414276123046875
0.9850994944572449 0.0037841584999114275 0.17194350063800812 9.938024520874023 -0.003989653196185827 0.9999916553497314 0.0008495722431689501 0.8618046045303345 -0.17193886637687683 -0.0015229075215756893 0.9851065278053284 58.45412063598633
0.9807530641555786 -0.0015607537934556603 0.1952458918094635 10.142373085021973 0.0011300190817564726 0.9999966025352478 0.002317482838407159 0.843059778213501 -0.19524885714054108 -0.0020522465929389 0.9807515740394592 59.49917221069336
0.9757146239280701 -0.0066182976588606834 0.2189452052116394 10.379289627075195 0.006363562773913145 0.9999779462814331 0.0018686412367969751 0.826076328754425 -0.21895277500152588 -0.0004299893043935299 0.9757353067398071 60.513736724853516
0.9696210026741028 -0.012758340686559677 0.2442796230316162 10.632390975952148 0.013126473873853683 0.9999138116836548 0.00012092615361325443 0.8083595037460327 -0.24426008760929108 0.003089277073740959 0.969704806804657 61.50666809082031
0.9626107215881348 -0.01647975854575634 0.27038681507110596 10.920549392700195 0.01684723235666752 0.999857485294342 0.0009619029005989432 0.7965103387832642 -0.27036410570144653 0.003629331011325121 0.9627512693405151 62.4905891418457
0.9544007778167725 -0.018783926963806152 0.2979368269443512 11.211523056030273 0.01861148327589035 0.9998209476470947 0.0034159915521740913 0.7780275344848633 -0.2979476749897003 0.002284822752699256 0.9545794129371643 63.450626373291016
0.9451736211776733 -0.023286471143364906 0.325737327337265 11.541363716125488 0.02249855175614357 0.999727725982666 0.00618626456707716 0.7690759897232056 -0.32579267024993896 0.0014815255999565125 0.9454401135444641 64.4029312133789
0.9346808791160583 -0.026204943656921387 0.354520708322525 11.891944885253906 0.02572013810276985 0.9996507167816162 0.00608051149174571 0.7537484169006348 -0.35455629229545593 0.003434983780607581 0.9350283145904541 65.32257080078125
0.9230775237083435 -0.02542904205620289 0.38377243280410767 12.265995979309082 0.026558132842183113 0.9996445178985596 0.002357605379074812 0.7437775731086731 -0.38369596004486084 0.008016028441488743 0.9234246015548706 66.22319030761719
0.9104983806610107 -0.02725004032254219 0.4126136600971222 12.66847038269043 0.031161809340119362 0.9995105862617493 -0.002753365086391568 0.727153480052948 -0.4123367369174957 0.015364724211394787 0.9109019637107849 67.0924072265625
0.896763026714325 -0.029265381395816803 0.44154229760169983 13.097345352172852 0.035025350749492645 0.9993743300437927 -0.004897288046777248 0.711959183216095 -0.44112274050712585 0.019856879487633705 0.8972270488739014 67.94902801513672
0.8816375136375427 -0.02983916364610195 0.4709828794002533 13.55179214477539 0.034620486199855804 0.9993994235992432 -0.0014893852639943361 0.6967012882232666 -0.470655620098114 0.017618753015995026 0.88214111328125 68.79530334472656
0.8644821643829346 -0.028550827875733376 0.5018520355224609 14.033853530883789 0.03054407797753811 0.9995244145393372 0.004249134566634893 0.6843128800392151 -0.5017346143722534 0.011655304580926895 0.8649431467056274 69.62897491455078
0.845255434513092 -0.028847098350524902 0.5335832238197327 14.537221908569336 0.028941869735717773 0.9995476603507996 0.008191351778805256 0.670179009437561 -0.533578097820282 0.00851911399513483 0.845707893371582 70.44116973876953
0.8247142434120178 -0.022902648895978928 0.565085768699646 15.062618255615234 0.025252152234315872 0.999674379825592 0.003662064205855131 0.6589432954788208 -0.5649856925010681 0.011249477043747902 0.8250240087509155 71.21588897705078
0.8032544255256653 -0.015908148139715195 0.5954235196113586 15.61551284790039 0.022319890558719635 0.9997451305389404 -0.0034000296145677567 0.6494650840759277 -0.5952177047729492 0.01602087914943695 0.8034047484397888 71.96495056152344
0.7810698747634888 -0.013488938100636005 0.624298095703125 16.194725036621094 0.02166946418583393 0.9997499585151672 -0.0055098640732467175 0.6430062651634216 -0.6240675449371338 0.017831789329648018 0.7811667919158936 72.71170043945312
0.7581575512886047 -0.015949295833706856 0.6518764495849609 16.807748794555664 0.02299320325255394 0.9997329711914062 -0.0022817705757915974 0.6311948895454407 -0.6516659259796143 0.0167186688631773 0.7583217024803162 73.41900634765625
0.7342573404312134 -0.016603844240307808 0.6786680817604065 17.43899917602539 0.02367899753153324 0.9997189044952393 -0.0011600647121667862 0.6098735332489014 -0.678458034992218 0.016921963542699814 0.734444260597229 74.0947036743164
0.7091249227523804 -0.014465607702732086 0.7049344182014465 18.08108139038086 0.02443438209593296 0.9996931552886963 -0.00406543118879199 0.5968788862228394 -0.7046593427658081 0.020107535645365715 0.7092608213424683 74.7544174194336
0.6834849715232849 -0.01237411703914404 0.7298595905303955 18.747865676879883 0.02455056458711624 0.9996803998947144 -0.006041958928108215 0.5825152397155762 -0.7295516729354858 0.02204805612564087 0.6835702657699585 75.36539459228516
0.656701385974884 -0.009639864787459373 0.7540891170501709 19.43441390991211 0.02272656373679638 0.999717116355896 -0.007011675741523504 0.5700540542602539 -0.7538082003593445 0.021742431446909904 0.6567347049713135 75.97197723388672
0.629092812538147 -0.007720476947724819 0.7772918343544006 20.138830184936523 0.022466043010354042 0.9997134208679199 -0.008252968080341816 0.5558317303657532 -0.7770053744316101 0.02265455573797226 0.6290861368179321 76.5417251586914
0.6003363132476807 -0.0018870296189561486 0.7997453212738037 20.864940643310547 0.021508673205971718 0.99967360496521 -0.01378692127764225 0.5294132232666016 -0.7994582653045654 0.02547825500369072 0.600180983543396 77.10453796386719
0.5707563161849976 0.007442577742040157 0.8210857510566711 21.61394500732422 0.02050098590552807 0.9995179772377014 -0.023310668766498566 0.5116010904312134 -0.8208635449409485 0.03013777732849121 0.5703286528587341 77.62452697753906
0.5401566624641418 0.015577520243823528 0.8414203524589539 22.377330780029297 0.01964406482875347 0.999322772026062 -0.031111497431993484 0.4822138547897339 -0.8413352370262146 0.03333399444818497 0.5394848585128784 78.11958312988281
0.5087738633155823 0.020805850625038147 0.8606487512588501 23.18741226196289 0.01695561408996582 0.9992718696594238 -0.03418034687638283 0.45336413383483887 -0.8607332110404968 0.031982894986867905 0.5080506205558777 78.60331726074219
0.4765700101852417 0.020230017602443695 0.8789037466049194 24.011356353759766 0.01532167661935091 0.9993922710418701 -0.03131124749779701 0.41753900051116943 -0.8790029883384705 0.028388280421495438 0.4759703278541565 79.05469512939453
0.44373729825019836 0.019224030897021294 0.8959506750106812 24.85689926147461 0.011004146188497543 0.9995776414871216 -0.026897529140114784 0.38504624366760254 -0.8960893154144287 0.021794606000185013 0.4433383345603943 79.47655487060547
0.4096284508705139 0.0201959740370512 0.9120288491249084 25.706104278564453 0.007028840482234955 0.9996554255485535 -0.025293301790952682 0.34912073612213135 -0.9122253656387329 0.016771361231803894 0.4093452990055084 79.86697387695312
0.3748997747898102 0.023558178916573524 0.9267659783363342 26.576684951782227 -0.00023065903224051 0.999679446220398 -0.025318318977952003 0.319100022315979 -0.9270653128623962 0.009278063662350178 0.37478500604629517 80.22938537597656
0.3382962942123413 0.025586390867829323 0.9406916499137878 27.482704162597656 -0.005326694343239069 0.9996663331985474 -0.025274859741330147 0.2816239595413208 -0.9410244822502136 0.0035396136809140444 0.3383197784423828 80.60252380371094
0.3024821877479553 0.024939347058534622 0.9528287053108215 28.388996124267578 -0.007672034204006195 0.999688982963562 -0.0237303264439106 0.25356781482696533 -0.9531241059303284 -0.00013213243801146746 0.30257946252822876 80.8946762084961
0.2662997543811798 0.0242293868213892 0.9635856747627258 29.329755783081055 -0.008499409072101116 0.9997041821479797 -0.02278866432607174 0.21711957454681396 -0.9638528227806091 -0.002121293218806386 0.2664269208908081 81.16197967529297
0.23037436604499817 0.023883098736405373 0.9728088974952698 30.275243759155273 -0.007465426344424486 0.9997127056121826 -0.022775691002607346 0.18833529949188232 -0.9730735421180725 -0.002015498699620366 0.23048646748065948 81.39118957519531
0.19514238834381104 0.023084761574864388 0.9805032014846802 31.227291107177734 -0.005261374171823263 0.9997332096099854 -0.022490374743938446 0.16735398769378662 -0.9807608127593994 -0.0007699691923335195 0.19521178305149078 81.5759506225586
0.16075807809829712 0.021713633090257645 0.9867550134658813 32.20229721069336 0.0031008049845695496 0.9997418522834778 -0.02250458113849163 0.13384079933166504 -0.9869889616966248 0.006677528377622366 0.16064926981925964 81.72167205810547
0.12725630402565002 0.024855243042111397 0.9915583729743958 33.18874740600586 0.005191384814679623 0.999655544757843 -0.025724472478032112 0.0949317216873169 -0.9918562769889832 0.008421162143349648 0.1270834505558014 81.84839630126953
0.09458422660827637 0.029971156269311905 0.9950655698776245 34.15937423706055 0.006265982054173946 0.9995089769363403 -0.03070059046149254 0.06626546382904053 -0.9954971075057983 0.009138855151832104 0.09434998035430908 81.9400634765625
0.0652364045381546 0.033606886863708496 0.9973037242889404 35.13275146484375 0.013182138092815876 0.999316394329071 -0.03453699126839638 0.02795732021331787 -0.9977827668190002 0.01539966557174921 0.06474880129098892 81.99356842041016
0.040381964296102524 0.03221267834305763 0.9986648559570312 36.190799713134766 0.014945716597139835 0.9993488192558289 -0.032839085906744 -0.0028880834579467773 -0.9990725517272949 0.01625186949968338 0.03987422585487366 82.02661895751953
0.018102744594216347 0.029113059863448143 0.9994121789932251 37.187381744384766 0.016497844830155373 0.9994311332702637 -0.029412448406219482 -0.039562225341796875 -0.9997000098228455 0.017020592465996742 0.017612144351005554 82.04034423828125
-0.000683128833770752 0.026660963892936707 0.9996442198753357 38.18022155761719 0.016537105664610863 0.9995081424713135 -0.026646027341485023 -0.07741415500640869 -0.9998630285263062 0.016513021662831306 -0.0011236891150474548 82.04011535644531
-0.017498519271612167 0.029956592246890068 0.9993979930877686 39.21929168701172 0.018969370052218437 0.9993811249732971 -0.029623951762914658 -0.11494207382202148 -0.9996669292449951 0.018439574167132378 -0.018055947497487068 82.0255126953125
-0.031822312623262405 0.03401973098516464 0.998914361000061 40.218387603759766 0.021577175706624985 0.9992110729217529 -0.033342450857162476 -0.15130102634429932 -0.999260663986206 0.020492713898420334 -0.0325312539935112 81.98470306396484
-0.044158853590488434 0.03899124264717102 0.9982632994651794 41.21354675292969 0.02643037959933281 0.9989339113235474 -0.03784827142953873 -0.19463717937469482 -0.9986748099327087 0.024713141843676567 -0.04514233022928238 81.93885803222656
-0.05290805548429489 0.04275757074356079 0.997683584690094 42.23799133300781 0.031467001885175705 0.9986581206321716 -0.04113060608506203 -0.23764491081237793 -0.9981034994125366 0.02921796776354313 -0.0541824996471405 81.8788070678711
-0.05877454951405525 0.04812029004096985 0.9971107840538025 43.23468017578125 0.03498384729027748 0.9983232617378235 -0.04611668363213539 -0.2855360507965088 -0.9976581335067749 0.03217228129506111 -0.06035944074392319 81.81417846679688
-0.062358345836400986 0.05286596342921257 0.9966526627540588 44.24806213378906 0.037132378667593 0.9980276823043823 -0.05061560496687889 -0.34102022647857666 -0.9973628520965576 0.033851779997348785 -0.06419838964939117 81.74503326416016
-0.06497344374656677 0.056776657700538635 0.996270477771759 45.259029388427734 0.039450131356716156 0.9977457523345947 -0.05428792163729668 -0.4010739326477051 -0.9971069097518921 0.03577573224902153 -0.06706681847572327 81.67342376708984
-0.06761102378368378 0.05962100625038147 0.9959287643432617 46.27632522583008 0.04027622938156128 0.9975622892379761 -0.056984543800354004 -0.46425652503967285 -0.9968985915184021 0.03625946491956711 -0.06984752416610718 81.59774017333984
-0.07018981873989105 0.0630534291267395 0.9955389499664307 47.28257751464844 0.04104069620370865 0.997337818145752 -0.06027381494641304 -0.5312445163726807 -0.9966890215873718 0.03662700578570366 -0.07259073108434677 81.52859497070312
-0.07186708599328995 0.0671149417757988 0.9951536059379578 48.295623779296875 0.042617421597242355 0.9970288872718811 -0.06416372209787369 -0.5920872688293457 -0.9965033531188965 0.037799619138240814 -0.07451383024454117 81.44221496582031
-0.07421807199716568 0.06851577013731003 0.9948855042457581 49.3114013671875 0.04544436186552048 0.9968329071998596 -0.06525975465774536 -0.663010835647583 -0.9962060451507568 0.040368493646383286 -0.07709667831659317 81.36280822753906
-0.07645688951015472 0.06709164381027222 0.994813084602356 50.33698272705078 0.045658089220523834 0.9969224333763123 -0.0637248232960701 -0.7423694133758545 -0.9960269927978516 0.04054906219244003 -0.07928486168384552 81.28963470458984
-0.07855966687202454 0.06696735322475433 0.994657576084137 51.367557525634766 0.04513395577669144 0.996957004070282 -0.06355743855237961 -0.8069257736206055 -0.9958872199058533 0.039899785071611404 -0.08134312182664871 81.20401000976562
-0.08056897670030594 0.06815961003303528 0.9944157600402832 52.39972686767578 0.04494528844952583 0.9968928694725037 -0.06468786299228668 -0.8781707286834717 -0.995735228061676 0.0394824743270874 -0.08338209241628647 81.11034393310547
-0.08294056355953217 0.07064168900251389 0.9940475821495056 53.430450439453125 0.04435689374804497 0.9967575669288635 -0.06713324040174484 -0.9515326023101807 -0.9955668449401855 0.038524795323610306 -0.08580506592988968 81.02159881591797
-0.08541219681501389 0.07233276218175888 0.9937165379524231 54.46161651611328 0.04283500462770462 0.9967057704925537 -0.06886856257915497 -1.0374658107757568 -0.9954245090484619 0.03668363764882088 -0.08822920173406601 80.93030548095703
-0.0880039632320404 0.07617345452308655 0.9932032823562622 55.498783111572266 0.04017239063978195 0.9965320825576782 -0.07286922633647919 -1.1143264770507812 -0.9953097105026245 0.03348657116293907 -0.09075884521007538 80.84191131591797
-0.09036541730165482 0.08072369545698166 0.992631733417511 56.54123306274414 0.03654942661523819 0.9963070154190063 -0.07769525796175003 -1.1900768280029297 -0.9952378273010254 0.02925916202366352 -0.09298211336135864 80.7549819946289
-0.09288403391838074 0.0831274762749672 0.9922007918357849 57.58501434326172 0.03439844027161598 0.9961819052696228 -0.08024082332849503 -1.2740826606750488 -0.9950825572013855 0.026677070185542107 -0.09538883715867996 80.65391540527344
-0.09602100402116776 0.0816982239484787 0.992020845413208 58.62933349609375 0.03219279646873474 0.9963594675064087 -0.07893949002027512 -1.3596794605255127 -0.9948586225509644 0.024356070905923843 -0.09830152243375778 80.56233978271484
-0.0985783040523529 0.07754264026880264 0.9921034574508667 59.69366455078125 0.029560429975390434 0.9967476725578308 -0.07496840506792068 -1.4481985569000244 -0.9946901202201843 0.021936748176813126 -0.10054989904165268 80.45092010498047
-0.10102017968893051 0.075993612408638 0.9919777512550354 60.74604797363281 0.029743198305368423 0.9968634247779846 -0.07333894073963165 -1.531646728515625 -0.9944397211074829 0.022095879539847374 -0.10296362638473511 80.34832000732422
-0.10319344699382782 0.07604878395795822 0.9917498826980591 61.7840461730957 0.029342930763959885 0.9968717098236084 -0.07338834553956985 -1.6225244998931885 -0.9942283630371094 0.021527649834752083 -0.10510214418172836 80.2456283569336
-0.10426076501607895 0.07891707122325897 0.9914140105247498 62.84884262084961 0.0301352646201849 0.9966397881507874 -0.07616391032934189 -1.7064318656921387 -0.9940933585166931 0.021935617551207542 -0.1062886193394661 80.13603973388672
-0.1048726737499237 0.08185040205717087 0.991111695766449 63.918739318847656 0.03081345371901989 0.9963961243629456 -0.07902637124061584 -1.7895665168762207 -0.9940082430839539 0.02225186675786972 -0.10701682418584824 80.01951599121094
-0.10502225905656815 0.08248774707317352 0.9910429120063782 64.98017883300781 0.029763953760266304 0.9963682889938354 -0.07977686077356339 -1.8810441493988037 -0.9940243363380432 0.02111900970339775 -0.10709600895643234 79.90351867675781
-0.10550567507743835 0.08119945973157883 0.9910979866981506 66.04293823242188 0.02650200016796589 0.996536135673523 -0.07882377505302429 -1.970611333847046 -0.994065523147583 0.017949726432561874 -0.10729217529296875 79.80476379394531
-0.10513832420110703 0.08065269142389297 0.9911817908287048 67.1098403930664 0.02291209064424038 0.9966377019882202 -0.07866627722978592 -2.0604915618896484 -0.9941936135292053 0.014439203776419163 -0.10663274675607681 79.69011688232422
-0.1051396057009697 0.08172158896923065 0.9910939335823059 68.17845153808594 0.019322270527482033 0.9965975284576416 -0.080125592648983 -2.151524066925049 -0.9942696690559387 0.010725813917815685 -0.10636089742183685 79.58128356933594
-0.10521326959133148 0.08219856023788452 0.9910467863082886 69.26317596435547 0.015312128700315952 0.9965937733650208 -0.08103306591510773 -2.2437376976013184 -0.9943317770957947 0.006649283226579428 -0.10611353069543839 79.4714126586914
-0.1060270145535469 0.08162098377943039 0.9910076260566711 70.3449478149414 0.011186872608959675 0.9966604113578796 -0.08088964968919754 -2.3369996547698975 -0.9943003058433533 0.0025097867473959923 -0.10658598691225052 79.3698501586914
-0.10656774789094925 0.07649320363998413 0.9913586378097534 71.42577362060547 0.011114990338683128 0.9970658421516418 -0.07573872804641724 -2.424346923828125 -0.9942433834075928 0.0029476347845047712 -0.10710527002811432 79.26724243164062
-0.10672188550233841 0.06766971200704575 0.9919834136962891 72.52151489257812 0.01497166883200407 0.9976776242256165 -0.0664474219083786 -2.513120412826538 -0.9941762089729309 0.007760255131870508 -0.10748714953660965 79.14463806152344
-0.10609937459230423 0.06196633726358414 0.9924228191375732 73.63245391845703 0.02099786512553692 0.9979733824729919 -0.060068048536777496 -2.5986099243164062 -0.9941337704658508 0.014465579763054848 -0.10718552768230438 79.0107421875
-0.10580479353666306 0.06439022719860077 0.9923000335693359 74.72628021240234 0.02939276024699211 0.9976677298545837 -0.06160452216863632 -2.6705708503723145 -0.9939523935317993 0.022648386657238007 -0.10745062679052353 78.891357421875
-0.10455629229545593 0.07027983665466309 0.9920325875282288 75.84503936767578 0.034226447343826294 0.9971632957458496 -0.0670359805226326 -2.7396421432495117 -0.9939298629760742 0.0269447211176157 -0.10666513442993164 78.7583999633789
-0.10309850424528122 0.07549643516540527 0.9918017983436584 76.94158172607422 0.039101745933294296 0.9966522455215454 -0.07180098444223404 -2.8275134563446045 -0.9939022064208984 0.0313786119222641 -0.1057053953409195 78.63345336914062
-0.10275083035230637 0.079762302339077 0.9915040135383606 78.0405044555664 0.039544880390167236 0.9963194727897644 -0.07605159282684326 -2.9139552116394043 -0.9939207434654236 0.03139454126358032 -0.10552683472633362 78.52918243408203
-0.10236121714115143 0.07716137170791626 0.9917501211166382 79.191162109375 0.036898959428071976 0.9965953826904297 -0.07372989505529404 -3.0001015663146973 -0.9940627217292786 0.029047464951872826 -0.10485988855361938 78.40201568603516
-0.10161248594522476 0.07273340225219727 0.9921616315841675 80.31635284423828 0.036036185920238495 0.9969383478164673 -0.06939290463924408 -3.085902214050293 -0.994171142578125 0.02870253100991249 -0.10392241179943085 78.28120422363281
-0.1017020046710968 0.07081086933612823 0.9922915697097778 81.45449829101562 0.03414883464574814 0.9971240758895874 -0.06765575706958771 -3.1740524768829346 -0.9942285418510437 0.027004871517419815 -0.10382762551307678 78.17062377929688
-0.10167144984006882 0.07150965183973312 0.99224454164505 82.59669494628906 0.03142432123422623 0.9971461892127991 -0.06864297389984131 -3.2503421306610107 -0.9943215847015381 0.02420158125460148 -0.10362842679023743 78.0586929321289
-0.10172484070062637 0.07675649225711823 0.9918469786643982 83.73368072509766 0.03259287029504776 0.9967408180236816 -0.073792465031147 -3.3369357585906982 -0.9942784905433655 0.024820614606142044 -0.10389501601457596 77.9472427368164
-0.10057836771011353 0.07964058965444565 0.9917365312576294 84.8626937866211 0.03208915889263153 0.9965322017669678 -0.0767713189125061 -3.423100709915161 -0.9944115281105042 0.024102455005049706 -0.10278517752885818 77.8258285522461
-0.09984118491411209 0.07876061648130417 0.9918813109397888 86.01411437988281 0.03237740322947502 0.9965915679931641 -0.07587558031082153 -3.51006817817688 -0.9944764971733093 0.024539032950997353 -0.10205094516277313 77.70673370361328
-0.09971299767494202 0.07155061513185501 0.9924403429031372 87.16339111328125 0.0335051529109478 0.9970870018005371 -0.06851927936077118 -3.6069014072418213 -0.9944519996643066 0.02641960233449936 -0.10181985050439835 77.59184265136719
-0.10017095506191254 0.07005222141742706 0.9925010800361633 88.32017517089844 0.03263012319803238 0.9972130656242371 -0.06709152460098267 -3.6922476291656494 -0.9944350123405457 0.025664810091257095 -0.10217759758234024 77.47895812988281
-0.1000489592552185 0.07277849316596985 0.9923171997070312 89.47466278076172 0.030042311176657677 0.9970875382423401 -0.07009939104318619 -3.780977725982666 -0.9945288896560669 0.02279813587665558 -0.10194400697946548 77.37407684326172
-0.09974716603755951 0.07621100544929504 0.9920898675918579 90.63047790527344 0.029866058379411697 0.9968424439430237 -0.0735732838511467 -3.8631162643432617 -0.994564414024353 0.022291092202067375 -0.101708322763443 77.2588882446289
-0.10007084906101227 0.07554906606674194 0.9921079277992249 91.80290985107422 0.028779588639736176 0.9969156980514526 -0.07301227003335953 -3.9537601470947266 -0.99456387758255 0.021246062591671944 -0.1019364669919014 77.1491928100586
-0.09927520900964737 0.07232734560966492 0.9924280047416687 92.99085235595703 0.028832651674747467 0.9971451759338379 -0.0697869211435318 -4.041897773742676 -0.9946421384811401 0.021686218678951263 -0.10107719898223877 77.02139282226562
-0.09867500513792038 0.07067956030368805 0.9926064610481262 94.17140197753906 0.02799665555357933 0.997276782989502 -0.06822896748781204 -4.140827178955078 -0.99472576379776 0.021057169884443283 -0.10038507729768753 76.90896606445312
-0.09738378971815109 0.07117445766925812 0.992698609828949 95.36030578613281 0.029595892876386642 0.9972055554389954 -0.06859422475099564 -4.228508949279785 -0.994806706905365 0.022699834778904915 -0.09921811521053314 76.79254150390625
-0.09633311629295349 0.07153528183698654 0.9927751421928406 96.557861328125 0.03199772164225578 0.9971210360527039 -0.06874353438615799 -4.315113067626953 -0.9948347210884094 0.025144267827272415 -0.09834473580121994 76.67152404785156
-0.09534557163715363 0.07103848457336426 0.9929061532020569 97.7503662109375 0.03159945830702782 0.9971635937690735 -0.06830869615077972 -4.401248931884766 -0.9949425458908081 0.024862365797162056 -0.09731991589069366 76.55419921875
-0.09436514228582382 0.07143111526966095 0.9929717183113098 98.95181274414062 0.032892268151044846 0.9971016645431519 -0.06860236078500748 -4.4923858642578125 -0.9949941635131836 0.02618742361664772 -0.09644117951393127 76.44335174560547
-0.0929589569568634 0.06994283944368362 0.9932102560997009 100.15372467041016 0.03211425244808197 0.9972212314605713 -0.0672195702791214 -4.578557014465332 -0.9951518177986145 0.025647541508078575 -0.09494681656360626 76.33597564697266
-0.09159357845783234 0.06878110021352768 0.9934182167053223 101.38062286376953 0.031025080010294914 0.997324526309967 -0.06619103997945786 -4.671445846557617 -0.9953130483627319 0.02475820668041706 -0.09348246455192566 76.21067810058594
-0.09004773199558258 0.06844393163919449 0.9935827851295471 102.59681701660156 0.03216823190450668 0.9973151087760925 -0.06578564643859863 -4.7536725997924805 -0.9954177737236023 0.026037955656647682 -0.09200769662857056 76.10110473632812
-0.0880294144153595 0.06908901035785675 0.9937190413475037 103.82752227783203 0.030061690136790276 0.9973216652870178 -0.06667645275592804 -4.844756603240967 -0.9956642389297485 0.02400338463485241 -0.08987057954072952 75.98966217041016
-0.08719392120838165 0.07155928015708923 0.993617832660675 105.05651092529297 0.030547961592674255 0.9971396923065186 -0.06913220137357712 -4.933344841003418 -0.9957228899002075 0.024325091391801834 -0.08913052082061768 75.88615417480469
-0.08622176200151443 0.07059475779533386 0.9937716722488403 106.27923583984375 0.027824636548757553 0.9972679018974304 -0.06842900067567825 -5.017365455627441 -0.995887279510498 0.021751265972852707 -0.08795047551393509 75.78759765625
-0.08559978753328323 0.06917555630207062 0.9939252734184265 107.52703857421875 0.024923481047153473 0.9974232912063599 -0.06727254390716553 -5.114603042602539 -0.9960178136825562 0.01901356317102909 -0.08710332214832306 75.68388366699219
-0.08556029945611954 0.07032124698162079 0.9938482642173767 108.76832580566406 0.022030232474207878 0.9973957538604736 -0.06867566704750061 -5.200959205627441 -0.9960893988609314 0.01601880043745041 -0.0868866816163063 75.58226776123047
-0.08564736694097519 0.06980482488870621 0.9938771724700928 110.00501251220703 0.019254561513662338 0.9974722862243652 -0.06839805096387863 -5.29184627532959 -0.9961394667625427 0.013278555124998093 -0.08677492290735245 75.4779052734375
-0.08678938448429108 0.06703127920627594 0.9939689636230469 111.25160217285156 0.016434546560049057 0.9976943731307983 -0.06584751605987549 -5.385077953338623 -0.9960911273956299 0.01062056329101324 -0.08769091963768005 75.3735580444336
-0.08804839104413986 0.06574825197458267 0.993943989276886 112.51699829101562 0.014360015280544758 0.9977993965148926 -0.06473120301961899 -5.4736409187316895 -0.9960126876831055 0.008573572151362896 -0.08879878371953964 75.26937866210938
-0.08993326872587204 0.06528928130865097 0.9938055276870728 113.78289794921875 0.01218110229820013 0.9978463649749756 -0.06445244699716568 -5.559762001037598 -0.9958732724189758 0.0063092270866036415 -0.09053488820791245 75.17042541503906
-0.0911390483379364 0.06499706208705902 0.9937147498130798 115.03670501708984 0.01243613101541996 0.9978641867637634 -0.06412787735462189 -5.654732704162598 -0.9957605004310608 0.00651341350749135 -0.09175270795822144 75.05329895019531
-0.09339019656181335 0.0638187825679779 0.9935821294784546 116.29556274414062 0.012058067135512829 0.9979427456855774 -0.06296548992395401 -5.7408447265625 -0.9955564737319946 0.006100320722907782 -0.09396761655807495 74.93875122070312
-0.09665098041296005 0.05903837829828262 0.9935657978057861 117.56433868408203 0.008896458894014359 0.9982506036758423 -0.0584513358771801 -5.826271057128906 -0.995278537273407 0.0031898387242108583 -0.0970071479678154 74.82845306396484
-0.1012360006570816 0.059038542211055756 0.9931091666221619 118.82484436035156 0.008042583242058754 0.9982535243034363 -0.05852452293038368 -5.907375812530518 -0.9948299527168274 0.0020623737946152687 -0.10153403133153915 74.70836639404297
-0.10653592646121979 0.06509779393672943 0.9921755790710449 120.06368255615234 0.003723462810739875 0.9978736639022827 -0.06507182866334915 -5.992905139923096 -0.9943017959594727 -0.0032381583005189896 -0.10655177384614944 74.58085632324219
-0.1140684261918068 0.06824300438165665 0.9911262392997742 121.28582763671875 0.004364165477454662 0.9976627230644226 -0.0681908056139946 -6.079190254211426 -0.9934633374214172 -0.003452977864071727 -0.11409962177276611 74.4537353515625
-0.1225469708442688 0.0642673447728157 0.9903796911239624 122.53887939453125 0.00629026023671031 0.9979314208030701 -0.06397902965545654 -6.1714067459106445 -0.992442786693573 -0.001610690145753324 -0.12269772589206696 74.29290008544922
-0.13321100175380707 0.06229638308286667 0.9891278743743896 123.76948547363281 0.00854538194835186 0.9980576634407043 -0.061707936227321625 -6.259716510772705 -0.9910507798194885 0.0002323008084204048 -0.1334846019744873 74.12825012207031
-0.14630790054798126 0.06294295191764832 0.9872345924377441 124.99796295166016 0.008620195090770721 0.9980169534683228 -0.062352873384952545 -6.351363182067871 -0.9892014861106873 -0.00061256397748366 -0.14656035602092743 73.9542007446289
