1.0 0.0 0.0 0.0 0.0 1.0 0.0 0.0 0.0 0.0 1.0 0.0
0.9999986290931702 0.0007665553130209446 0.0014691550750285387 -0.0063490127213299274 -0.0007598361698910594 0.9999892711639404 -0.004568574018776417 -0.0023987875320017338 -0.00147264136467129 0.004567451775074005 0.9999884963035583 0.9639666080474854
0.9999966025352478 -0.0014602546580135822 0.0021454980596899986 -0.002615080215036869 0.001471734489314258 0.9999845623970032 -0.005358878988772631 -0.000788375735282898 -0.0021376395598053932 0.0053620184771716595 0.9999833106994629 1.9185734987258911
0.9999935626983643 -0.002435507485643029 0.002640308579429984 -0.009228058159351349 0.002438943600282073 0.9999961853027344 -0.0012987799709662795 -0.003834781004115939 -0.0026371353305876255 0.0013052111025899649 0.9999956488609314 2.854553699493408
0.9999856352806091 -0.004960498306900263 0.001990171615034342 -0.005991954822093248 0.004950633738189936 0.9999755024909973 0.004930740222334862 -0.007661007344722748 -0.002014582045376301 -0.0049208179116249084 0.9999858736991882 3.80377459526062
0.9999633431434631 -0.00855310633778572 0.00043065252248197794 -0.0029667862690985203 0.008550824597477913 0.9999507665634155 0.005049038678407669 -0.004698842763900757 -0.0004738159477710724 -0.005045171827077866 0.9999871850013733 4.741791248321533
0.9999377727508545 -0.011152827180922031 -0.0001836088631534949 -0.006043444853276014 0.01115319412201643 0.999935507774353 0.0021222219802439213 -0.0026889098808169365 0.0001599283132236451 -0.0021241377107799053 0.9999977350234985 5.6715922355651855
0.9999284148216248 -0.011907986365258694 -0.0011198404245078564 -0.009890369139611721 0.01190622616559267 0.9999278783798218 -0.0015657271724194288 0.003597077913582325 0.0011384043609723449 0.0015522821340709925 0.999998152256012 6.597298622131348
0.9999350309371948 -0.01128893531858921 -0.0015379763208329678 -0.01780705712735653 0.011286131106317043 0.9999346137046814 -0.0018212173599749804 -0.002651442773640156 0.0015584356151521206 0.0018037412082776427 0.9999971389770508 7.524884223937988
0.9999346137046814 -0.011137699708342552 -0.002593469340354204 -0.02775220200419426 0.011138240806758404 0.9999379515647888 0.00019445829093456268 -0.0034758897963911295 0.0025911428965628147 -0.00022333196830004454 0.9999966025352478 8.437277793884277
0.9999386072158813 -0.010731897316873074 -0.0027566205244511366 -0.04089370369911194 0.01073944941163063 0.9999385476112366 0.002739144954830408 0.0030164308845996857 0.0027270554564893246 -0.002768581500276923 0.9999924302101135 9.382020950317383
0.9999330639839172 -0.010987658984959126 -0.0036161975003778934 -0.049840979278087616 0.011003296822309494 0.9999300241470337 0.004333780147135258 0.005174264311790466 0.0035683265887200832 -0.004373280331492424 0.999984085559845 10.304553985595703
0.9999179244041443 -0.01208608876913786 -0.004242903087288141 -0.056950949132442474 0.012107436545193195 0.9999139904975891 0.00504229636862874 0.008675158023834229 0.004181596450507641 -0.005093253217637539 0.9999781847000122 11.220254898071289
0.9999057054519653 -0.012658152729272842 -0.005323456134647131 -0.05446763336658478 0.012687651440501213 0.9999040961265564 0.0055443160235881805 0.004066191613674164 0.005252765025943518 -0.00561133585870266 0.9999704360961914 12.119864463806152
0.999894380569458 -0.013237464241683483 -0.006003973074257374 -0.06483718007802963 0.013262666761875153 0.9999033212661743 0.004177861846983433 0.0071748122572898865 0.00594808766618371 -0.0042570484802126884 0.9999732375144958 13.026432037353516
0.9998875260353088 -0.013197698630392551 -0.007128143683075905 -0.08369173854589462 0.013212040066719055 0.9999107718467712 0.0019686403684318066 0.013438607566058636 0.0071015264838933945 -0.002062595682218671 0.9999725818634033 13.929068565368652
0.999849796295166 -0.014829463325440884 -0.008968811482191086 -0.09017279744148254 0.014833838678896427 0.9998898506164551 0.0004214649088680744 0.02178889885544777 0.008961574174463749 -0.0005544433370232582 0.9999597072601318 14.822001457214355
0.9998449683189392 -0.014188390225172043 -0.010420056991279125 -0.1026531457901001 0.014183391816914082 0.9998992681503296 -0.0005534074152819812 0.025616155937314034 0.010426859371364117 0.0004055299505125731 0.9999455213546753 15.735040664672852
0.9998492002487183 -0.012869585305452347 -0.011661690659821033 -0.12769445776939392 0.0128529854118824 0.9999162554740906 -0.0014974803198128939 0.026194483041763306 0.01167998556047678 0.0013473669532686472 0.9999309182167053 16.636430740356445
0.9998464584350586 -0.011116601526737213 -0.013546634465456009 -0.14205069839954376 0.011101607233285904 0.9999377131462097 -0.0011816642945632339 0.021594248712062836 0.013558927923440933 0.0010310934158042073 0.9999076128005981 17.53000831604004
0.9998165369033813 -0.012147963978350163 -0.014807837083935738 -0.15963833034038544 0.012141172774136066 0.9999261498451233 -0.0005484663997776806 0.022918466478586197 0.014813408255577087 0.0003685812698677182 0.9998902678489685 18.431644439697266
0.9998084306716919 -0.01156098023056984 -0.01579657383263111 -0.19356854259967804 0.011577875353395939 0.9999324679374695 0.0009784199064597487 0.02292322739958763 0.01578419655561447 -0.0011611231602728367 0.9998747706413269 19.319297790527344
0.9997802376747131 -0.011016786098480225 -0.01784219965338707 -0.19786275923252106 0.011044533923268318 0.999937891960144 0.0014572832733392715 0.022074896842241287 0.017825039103627205 -0.001654021325521171 0.999839723110199 20.194711685180664
0.9997373223304749 -0.012166743166744709 -0.019425367936491966 -0.21812932193279266 0.012200582772493362 0.9999242424964905 0.0016245205188170075 0.020061178132891655 0.019404130056500435 -0.001861094613559544 0.9998100996017456 21.072418212890625
0.9997008442878723 -0.011937983334064484 -0.021349335089325905 -0.2406672090291977 0.011964766308665276 0.9999276995658875 0.001127220457419753 0.019705966114997864 0.021334337070584297 -0.001382322981953621 0.9997715353965759 21.943798065185547
0.9996787905693054 -0.012073441408574581 -0.022284673526883125 -0.26029112935066223 0.012109445407986641 0.9999255537986755 0.001481447252444923 0.022090483456850052 0.022265126928687096 -0.001750826369971037 0.9997506141662598 22.804643630981445
0.9996622800827026 -0.011869756504893303 -0.0231174249202013 -0.2839389741420746 0.011943968944251537 0.9999238848686218 0.003074747510254383 0.028669368475675583 0.023079168051481247 -0.003349822945892811 0.9997279644012451 23.656641006469727
0.999624490737915 -0.013124041259288788 -0.024052180349826813 -0.30362841486930847 0.013270365074276924 0.9998943209648132 0.005934121087193489 0.030670836567878723 0.023971758782863617 -0.006251074373722076 0.9996930956840515 24.502588272094727
0.9996050596237183 -0.013304104097187519 -0.024754507467150688 -0.32756730914115906 0.013492136262357235 0.9998811483383179 0.00744436401873827 0.03441855311393738 0.024652525782585144 -0.007775414735078812 0.9996657967567444 25.34044647216797
0.9995966553688049 -0.012525836937129498 -0.025487961247563362 -0.3499285876750946 0.012695507146418095 0.9998982548713684 0.006506074219942093 0.03126226365566254 0.025403877720236778 -0.006827033590525389 0.9996539354324341 26.170114517211914
0.9996042251586914 -0.010989325121045113 -0.025896579027175903 -0.3824792206287384 0.011083461344242096 0.9999325275421143 0.0034943672362715006 0.039902228862047195 0.02585642971098423 -0.0037800073623657227 0.9996585845947266 26.976024627685547
0.9995872974395752 -0.010299661196768284 -0.026815837249159813 -0.4071255028247833 0.01035708375275135 0.9999443888664246 0.0020033353939652443 0.040799546986818314 0.026793712750077248 -0.002280241809785366 0.9996384382247925 27.778934478759766
0.9995687007904053 -0.009326336905360222 -0.027845850214362144 -0.42904287576675415 0.009374181739985943 0.9999547600746155 0.001588186016306281 0.043691180646419525 0.027829783037304878 -0.001848533283919096 0.999610960483551 28.566335678100586
0.9995291233062744 -0.009310237132012844 -0.029236819595098495 -0.45346951484680176 0.009347770363092422 0.9999556541442871 0.0011473342310637236 0.04303944483399391 0.029224839061498642 -0.0014200933510437608 0.9995718598365784 29.35321044921875
0.9994695782661438 -0.009090397506952286 -0.03127092123031616 -0.48241424560546875 0.00910838320851326 0.9999584555625916 0.00043267279397696257 0.04101113975048065 0.03126569092273712 -0.0007172710029408336 0.9995108246803284 30.12937355041504
0.9994152188301086 -0.008874676190316677 -0.03302069753408432 -0.511747419834137 0.008890165016055107 0.9999603629112244 0.000322262552799657 0.04232744872570038 0.03301653265953064 -0.0006156335002742708 0.9994546175003052 30.903715133666992
0.9993458390235901 -0.008946175687015057 -0.03504117950797081 -0.5411080718040466 0.009001231752336025 0.9999585151672363 0.001413682708516717 0.045922137796878815 0.03502707928419113 -0.0017281719483435154 0.9993848204612732 31.65717124938965
0.9992626905441284 -0.009307405911386013 -0.03724777698516846 -0.5678889155387878 0.009451205842196941 0.9999485611915588 0.003686427604407072 0.045594148337841034 0.03721155226230621 -0.004035745747387409 0.9992992877960205 32.409873962402344
0.9991915225982666 -0.0083713224157691 -0.039318881928920746 -0.6001309752464294 0.008578500710427761 0.999950110912323 0.005103445146232843 0.04908269643783569 0.039274200797080994 -0.005436616018414497 0.999213695526123 33.1498908996582
0.9991489052772522 -0.006636602338403463 -0.040709368884563446 -0.6433539986610413 0.006857785861939192 0.9999623894691467 0.0052960459142923355 0.05018487572669983 0.04067268967628479 -0.005570713896304369 0.9991570115089417 33.87142562866211
0.9990724921226501 -0.004416478797793388 -0.042831901460886 -0.6784242391586304 0.004618993494659662 0.9999786019325256 0.004630308132618666 0.04889596253633499 0.042810533195734024 -0.0048238541930913925 0.999071478843689 34.6030158996582
0.9989904761314392 -0.0028388078790158033 -0.04483271762728691 -0.7103228569030762 0.003008423838764429 0.9999885559082031 0.003716291394084692 0.05541296303272247 0.04482165724039078 -0.0038474148605018854 0.9989875555038452 35.312339782714844
0.9989091157913208 -0.0026497479993849993 -0.04662160947918892 -0.7431380152702332 0.002882658736780286 0.9999836683273315 0.004929258022457361 0.05827543884515762 0.04660778492689133 -0.005058275070041418 0.9989004731178284 36.01543045043945
0.9988845586776733 -0.0008881558896973729 -0.047211047261953354 -0.7887619733810425 0.0012080675223842263 0.9999764561653137 0.0067481063306331635 0.06088925898075104 0.04720393568277359 -0.0067976126447319984 0.9988621473312378 36.70707702636719
0.99886155128479 0.0017850487492978573 -0.04767216369509697 -0.8233670592308044 -0.001443298882804811 0.9999730587005615 0.007202212233096361 0.06462918221950531 0.04768373817205429 -0.007125206757336855 0.9988371133804321 37.382965087890625
0.9989235997200012 0.005077580455690622 -0.04610587656497955 -0.8668761253356934 -0.004841307643800974 0.9999745488166809 0.005234785843640566 0.06359803676605225 0.046131283044815063 -0.005005939397960901 0.9989228248596191 38.0501823425293
0.9989852905273438 0.006511268671602011 -0.04456421732902527 -0.8969922661781311 -0.006412266753613949 0.9999765753746033 0.0023641418665647507 0.06079907715320587 0.044578563421964645 -0.002075985074043274 0.9990037083625793 38.712100982666016
0.9990618228912354 0.006839253939688206 -0.04276437684893608 -0.9221416115760803 -0.006835986860096455 0.9999765753746033 0.00022264081053435802 0.06931396573781967 0.042764902114868164 6.990460678935051e-05 0.9990851879119873 39.359466552734375
0.9992058277130127 0.007821479812264442 -0.03907030448317528 -0.960793673992157 -0.00777810625731945 0.999968945980072 0.0012619922636076808 0.06963096559047699 0.0390789657831192 -0.0009570971596986055 0.9992356896400452 39.994083404541016
0.9992664456367493 0.01255862321704626 -0.03617700934410095 -0.9865751266479492 -0.012426674365997314 0.9999153017997742 0.003869874170050025 0.07153112441301346 0.03622254356741905 -0.003417475614696741 0.999337911605835 40.634742736816406
0.9993255138397217 0.016894811764359474 -0.03260856866836548 -1.0079281330108643 -0.016664201393723488 0.9998343586921692 0.0073310635052621365 0.07109750807285309 0.03272702544927597 -0.0067827231250703335 0.9994413256645203 41.27394104003906
0.9993630051612854 0.02172931097447872 -0.028307119384407997 -1.0313115119934082 -0.02150196209549904 0.9997342228889465 0.008311235345900059 0.07504245638847351 0.028480196371674538 -0.007697282824665308 0.9995647072792053 41.880924224853516
0.9994058609008789 0.025592388585209846 -0.023086722940206528 -1.0506397485733032 -0.025403475388884544 0.9996415972709656 0.008439281024038792 0.08346843719482422 0.02329443022608757 -0.007847784087061882 0.9996978640556335 42.464603424072266
0.9994188547134399 0.029599130153656006 -0.016908805817365646 -1.0751762390136719 -0.029421675950288773 0.9995102882385254 0.010648819617927074 0.08864134550094604 0.017215726897120476 -0.01014514546841383 0.9998003244400024 43.03883743286133
0.9993523955345154 0.03440842404961586 -0.010519446805119514 -1.083927035331726 -0.03428398817777634 0.9993425011634827 0.011788749136030674 0.08740106225013733 0.010918162763118744 -0.011420467868447304 0.9998751282691956 43.59574508666992
0.9992992877960205 0.03723924607038498 -0.003760591149330139 -1.0816874504089355 -0.03719405084848404 0.9992425441741943 0.011445241048932076 0.08750343322753906 0.004183954559266567 -0.011297349818050861 0.9999274015426636 44.14003372192383
0.9991580247879028 0.040893178433179855 0.0033045215532183647 -1.0790345668792725 -0.040927544236183167 0.999100387096405 0.01110490970313549 0.09495365619659424 -0.0028474340215325356 -0.01123080588877201 0.9999328255653381 44.64594268798828
0.9989393353462219 0.04472970962524414 0.010923594236373901 -1.0780798196792603 -0.044847115874290466 0.9989359974861145 0.010750356130301952 0.09747332334518433 -0.010431112721562386 -0.011228847317397594 0.9998825192451477 45.1492805480957
0.9986138343811035 0.0492548830807209 0.01855785772204399 -1.0788917541503906 -0.04941074922680855 0.9987462162971497 0.008035652339458466 0.09999015927314758 -0.018138794228434563 -0.0089414706453681 0.9997953772544861 45.61671829223633
0.9983171224594116 0.051680538803339005 0.026304589584469795 -1.0678983926773071 -0.05182947590947151 0.9986433982849121 0.0050118123181164265 0.09819881618022919 -0.02600989118218422 -0.006366731598973274 0.9996413588523865 46.064109802246094
0.9980664253234863 0.051689039915800095 0.034518953412771225 -1.05475652217865 -0.05188805237412453 0.9986408352851868 0.004894009325653315 0.09948453307151794 -0.034219078719615936 -0.006675668992102146 0.9993919730186462 46.481712341308594
0.9977975487709045 0.05097227543592453 0.042448095977306366 -1.030637264251709 -0.05128710716962814 0.9986636638641357 0.0063606975600123405 0.09970113635063171 -0.04206715151667595 -0.00852372869849205 0.9990783333778381 46.879451751708984
0.997344434261322 0.052664656192064285 0.05030493438243866 -1.007580041885376 -0.05307881534099579 0.9985663294792175 0.006932077929377556 0.10461118817329407 -0.04986773431301117 -0.009583796374499798 0.9987097978591919 47.26361083984375
0.9967151284217834 0.05545118451118469 0.05902509018778801 -0.9881763458251953 -0.0559663251042366 0.9984073638916016 0.007109059486538172 0.1027989387512207 -0.05853688344359398 -0.010389124974608421 0.9982311725616455 47.6159553527832
0.9958822727203369 0.06045612692832947 0.06755386292934418 -0.9617397785186768 -0.06102058291435242 0.9981164932250977 0.00632181391119957 0.10659873485565186 -0.06704443693161011 -0.010417958721518517 0.9976955652236938 47.94031524658203
0.9949837923049927 0.06432956457138062 0.07660900056362152 -0.9407143592834473 -0.06502068042755127 0.9978622794151306 0.006558578927069902 0.10396811366081238 -0.07602332532405853 -0.011506849899888039 0.9970395565032959 48.24230194091797
0.9942513704299927 0.06370176374912262 0.08605954051017761 -0.9132480621337891 -0.06456613540649414 0.9978866577148438 0.007295172195881605 0.10153904557228088 -0.08541296422481537 -0.012809766456484795 0.9962631464004517 48.523860931396484
0.9933695793151855 0.062446773052215576 0.0965259000658989 -0.8713946342468262 -0.06325150281190872 0.9979836344718933 0.005296683870255947 0.1025816798210144 -0.09600050002336502 -0.01136697269976139 0.9953163266181946 48.80630111694336
0.9922346472740173 0.0609649159014225 0.10841456800699234 -0.8376154899597168 -0.06143445894122124 0.9981106519699097 0.0009931096574291587 0.09786555171012878 -0.10814918577671051 -0.00764578627422452 0.9941052794456482 49.06148147583008
0.990642249584198 0.061947304755449295 0.12161586433649063 -0.7951545715332031 -0.062015097588300705 0.9980700016021729 -0.0032311719842255116 0.09968873858451843 -0.12158128619194031 -0.004341084975749254 0.992572009563446 49.326194763183594
0.9885318279266357 0.06335904449224472 0.13707822561264038 -0.7556743621826172 -0.06321631371974945 0.9979852437973022 -0.0053986916318535805 0.09728020429611206 -0.13714410364627838 -0.0033288008999079466 0.9905456304550171 49.58850860595703
0.9860431551933289 0.06524159014225006 0.15317398309707642 -0.7042989730834961 -0.06497792899608612 0.9978639483451843 -0.006732236593961716 0.09462979435920715 -0.15328599512577057 -0.0033146513160318136 0.9881762266159058 49.837738037109375
0.9832243323326111 0.06583216786384583 0.17010597884655 -0.6497220993041992 -0.06541606038808823 0.997825562953949 -0.00805598869919777 0.09585297107696533 -0.17026641964912415 -0.0032068185973912477 0.9853928089141846 50.09698486328125
0.9799686670303345 0.06464213132858276 0.18836882710456848 -0.5922298431396484 -0.06400975584983826 0.9979045391082764 -0.009444900788366795 0.09734490513801575 -0.18858467042446136 -0.0028017351869493723 0.9820529818534851 50.35742950439453
0.9761024713516235 0.06396111100912094 0.20768435299396515 -0.5242929458618164 -0.06335805356502533 0.9979450702667236 -0.009561184793710709 0.09136682748794556 -0.20786914229393005 -0.003825779538601637 0.9781491160392761 50.595272064208984
0.9716233611106873 0.06397492438554764 0.22771720588207245 -0.45056724548339844 -0.06317691504955292 0.9979439377784729 -0.010799435898661613 0.08814913034439087 -0.2279398888349533 -0.0038934850599616766 0.9736674427986145 50.83348846435547
0.9663169384002686 0.06639130413532257 0.24864372611045837 -0.3720846176147461 -0.06519412249326706 0.9977871179580688 -0.013055652379989624 0.0855950117111206 -0.24896031618118286 -0.003594211768358946 0.9685069918632507 51.06937789916992
0.9600890874862671 0.06768251210451126 0.27138152718544006 -0.29166221618652344 -0.06606903672218323 0.9977008700370789 -0.01508851908147335 0.08055323362350464 -0.2717788815498352 -0.0034435950219631195 0.962353527545929 51.29326629638672
0.9527565836906433 0.06922409683465958 0.29574134945869446 -0.19758892059326172 -0.06744863092899323 0.9975910186767578 -0.016214199364185333 0.07084506750106812 -0.2961513102054596 -0.0044991676695644855 0.9551304578781128 51.549827575683594
0.9442161917686462 0.07198978960514069 0.3213615417480469 -0.09880924224853516 -0.07024224102497101 0.9973843693733215 -0.01704506389796734 0.06319856643676758 -0.3217479884624481 -0.006478928029537201 0.9468031525611877 51.787803649902344
0.9343041181564331 0.07413055002689362 0.3486841022968292 0.008794784545898438 -0.07233219593763351 0.997214674949646 -0.018193569034337997 0.055980026721954346 -0.3490615785121918 -0.008222761563956738 0.9370636940002441 52.0259895324707
0.9231658577919006 0.07470864057540894 0.37707215547561646 0.12944412231445312 -0.07270970940589905 0.9971614480018616 -0.019554467871785164 0.0481947660446167 -0.3774626851081848 -0.009364791214466095 0.9259774684906006 52.262447357177734
0.9106152057647705 0.07261374592781067 0.4068257808685303 0.2725849151611328 -0.06980831176042557 0.9973232746124268 -0.021755898371338844 0.0391155481338501 -0.40731650590896606 -0.008588563650846481 0.9132466912269592 52.49909591674805
0.8956774473190308 0.07018639892339706 0.4391306936740875 0.4194927215576172 -0.06615868210792542 0.9975085258483887 -0.024490872398018837 0.03241539001464844 -0.43975549936294556 -0.007116383872926235 0.8980892896652222 52.729408264160156
0.8782942295074463 0.06941360235214233 0.473054975271225 0.5706367492675781 -0.06341399997472763 0.9975762367248535 -0.02864190936088562 0.02058994770050049 -0.47389644384384155 -0.004842283204197884 0.8805673122406006 52.948646545410156
0.8588951826095581 0.07130857557058334 0.5071627497673035 0.7353019714355469 -0.06274182349443436 0.9974508285522461 -0.033989377319812775 0.015366554260253906 -0.5082936882972717 -0.002627000445500016 0.8611797094345093 53.165748596191406
0.8371458053588867 0.07324117422103882 0.5420541763305664 0.9211654663085938 -0.06229745224118233 0.9973130822181702 -0.038542911410331726 0.005969524383544922 -0.5434206128120422 -0.001502556842751801 0.8394591212272644 53.39215850830078
0.8125962615013123 0.07591079920530319 0.5778624415397644 1.11785888671875 -0.06310053169727325 0.9971123337745667 -0.042252883315086365 -0.004003643989562988 -0.5794012546539307 -0.002128892345353961 0.8150396943092346 53.616676330566406
0.7849710583686829 0.08006062358617783 0.614337682723999 1.3272762298583984 -0.06618493795394897 0.9967770576477051 -0.04533231258392334 -0.014237523078918457 -0.6159870624542236 -0.005075349938124418 0.7877399921417236 53.85060119628906
0.755111038684845 0.0843222513794899 0.6501515507698059 1.546194076538086 -0.06988897174596786 0.9963966012001038 -0.0480571947991848 -0.033869266510009766 -0.6518610119819641 -0.009149902500212193 0.7582833170890808 54.07182693481445
0.7220025062561035 0.08530798554420471 0.6866111159324646 1.7979869842529297 -0.06941454112529755 0.9962940812110901 -0.05079199746251106 -0.051876068115234375 -0.6883995532989502 -0.010988838970661163 0.7252485156059265 54.302215576171875
0.6853836178779602 0.08280673623085022 0.7234585881233215 2.080965042114258 -0.06570421159267426 0.9964931011199951 -0.051811862736940384 -0.07226896286010742 -0.7252118587493896 -0.012023285031318665 0.688420832157135 54.525917053222656
0.6463630199432373 0.08110713958740234 0.7587071657180786 2.391111373901367 -0.06257344782352448 0.9966197609901428 -0.05323241651058197 -0.0947108268737793 -0.7604600787162781 -0.013067464344203472 0.6492533087730408 54.74424743652344
0.6035186648368835 0.08064047247171402 0.7932605743408203 2.7202682495117188 -0.060670509934425354 0.9966327548027039 -0.05515608564019203 -0.11562180519104004 -0.7950373291969299 -0.014839794486761093 0.6063790321350098 54.967201232910156
0.5572656989097595 0.08091891556978226 0.8263819217681885 3.08404541015625 -0.0572398379445076 0.9966163039207458 -0.05898882448673248 -0.12906885147094727 -0.8283588886260986 -0.014429518952965736 0.5600119233131409 55.17800521850586
0.5089924335479736 0.07965988665819168 0.8570770025253296 3.479249954223633 -0.05397311598062515 0.9967027306556702 -0.06058419868350029 -0.15352511405944824 -0.8590772151947021 -0.0154222147539258 0.511613667011261 55.382835388183594
0.4607067108154297 0.07815315574407578 0.88410484790802 3.892200469970703 -0.052010226994752884 0.9967811703681946 -0.06101100146770477 -0.17027950286865234 -0.8860273361206055 -0.01787431910634041 0.46328845620155334 55.558162689208984
0.4108791947364807 0.07532382011413574 0.9085727334022522 4.318044662475586 -0.05115637555718422 0.9969158172607422 -0.059513576328754425 -0.20092976093292236 -0.9102534055709839 -0.02202640287578106 0.41346532106399536 55.723426818847656
0.3603304624557495 0.07580967247486115 0.9297391176223755 4.787349700927734 -0.05475417897105217 0.9966927170753479 -0.06004839763045311 -0.21639180183410645 -0.9312164187431335 -0.02926984243094921 0.36328965425491333 55.89427947998047
0.3106382191181183 0.07628073543310165 0.9474624395370483 5.234989166259766 -0.05281433090567589 0.9966199398040771 -0.06292255222797394 -0.23768675327301025 -0.949059784412384 -0.03049345128238201 0.31361693143844604 56.019962310791016
0.26402848958969116 0.07271473854780197 0.9617700576782227 5.721199035644531 -0.04136578366160393 0.9970903396606445 -0.0640292689204216 -0.27133166790008545 -0.9636274576187134 -0.022878820076584816 0.2662680745124817 56.104820251464844
0.21947231888771057 0.06722472608089447 0.9732998609542847 6.23681640625 -0.02801867574453354 0.9976460337638855 -0.06258828192949295 -0.29444849491119385 -0.9752164483070374 -0.01353417243808508 0.22083920240402222 56.18669891357422
0.1769486665725708 0.0658852681517601 0.9820123910903931 6.769726753234863 -0.019239051267504692 0.9977977871894836 -0.06347767263650894 -0.33219826221466064 -0.9840320944786072 -0.007660698611289263 0.17782658338546753 56.256446838378906
0.1390582174062729 0.06735440343618393 0.9879909157752991 7.261324882507324 -0.016090355813503265 0.9977062344551086 -0.06575202196836472 -0.3559659719467163 -0.990153431892395 -0.006753766909241676 0.13982300460338593 56.28667449951172
0.10649296641349792 0.06795437633991241 0.9919885993003845 7.803346157073975 -0.0075187720358371735 0.9976884126663208 -0.06753765791654587 -0.39285069704055786 -0.9942851066589355 -0.0002662497863639146 0.1067577376961708 56.31565475463867
0.07791907340288162 0.06617989391088486 0.9947607517242432 8.365723609924316 -0.0001550130546092987 0.9977951049804688 -0.06636965274810791 -0.4282608926296234 -0.9969597458839417 0.005017259158194065 0.07775752246379852 56.3320198059082
0.05283372104167938 0.06450175493955612 0.9965179562568665 8.942710876464844 0.006718025077134371 0.9978662729263306 -0.06494519114494324 -0.46295735239982605 -0.9985807538032532 0.01012592762708664 0.05228766053915024 56.349281311035156
0.03275081515312195 0.06390639394521713 0.9974183440208435 9.500201225280762 0.011792377568781376 0.997859537601471 -0.0643218606710434 -0.4835354685783386 -0.9993939399719238 0.013868529349565506 0.031927116215229034 56.346031188964844
0.016737759113311768 0.06566577404737473 0.9977014064788818 10.090337753295898 0.01470878068357706 0.9977169632911682 -0.06591358035802841 -0.5114963054656982 -0.9997517466545105 0.01577821746468544 0.015733685344457626 56.34746551513672
0.003256324678659439 0.06522993743419647 0.9978649616241455 10.673539161682129 0.014799116179347038 0.9977577924728394 -0.06527122855186462 -0.5499404668807983 -0.9998852014541626 0.014980063773691654 0.002283681184053421 56.340335845947266
-0.008056171238422394 0.06640982627868652 0.9977600574493408 11.288289070129395 0.016134941950440407 0.9976710677146912 -0.06627363711595535 -0.5822709202766418 -0.9998374581336975 0.01556488685309887 -0.009108930826187134 56.32541275024414
-0.01728559099137783 0.06914997100830078 0.9974564909934998 11.928855895996094 0.020905734971165657 0.9974124431610107 -0.06878461688756943 -0.6196423172950745 -0.9996320009231567 0.019663579761981964 -0.01868649572134018 56.312049865722656
-0.023637881502509117 0.07105207443237305 0.9971924424171448 12.552163124084473 0.02507134899497032 0.9971995949745178 -0.0704583004117012 -0.6553378105163574 -0.999406099319458 0.023335475474596024 -0.02535305730998516 56.28227615356445
-0.02814698964357376 0.07037165760993958 0.997123658657074 13.204841613769531 0.025223523378372192 0.9972512125968933 -0.06966865807771683 -0.6940415501594543 -0.9992853999137878 0.023190012201666832 -0.02984464168548584 56.265045166015625
-0.0318419374525547 0.06777410209178925 0.9971924424171448 13.86957836151123 0.023281846195459366 0.9974778294563293 -0.06705009192228317 -0.724965512752533 -0.999221682548523 0.021081477403640747 -0.033339545130729675 56.247188568115234
-0.03451584279537201 0.06104404851794243 0.9975380897521973 14.560441017150879 0.021264519542455673 0.9979517459869385 -0.06033358722925186 -0.7607511878013611 -0.999177873134613 0.01912970095872879 -0.03574322536587715 56.23280334472656
-0.03560712933540344 0.05557229742407799 0.9978194832801819 15.247505187988281 0.022654935717582703 0.9982410669326782 -0.05478733032941818 -0.7939191460609436 -0.9991089701652527 0.020654717460274696 -0.0368034802377224 56.20506286621094
-0.03617648407816887 0.05287016183137894 0.9979458451271057 15.930107116699219 0.024862490594387054 0.9983381032943726 -0.05198965221643448 -0.829686164855957 -0.9990360140800476 0.02293061837553978 -0.037430841475725174 56.18070602416992
-0.03613124042749405 0.055160511285066605 0.9978235363960266 16.635770797729492 0.028378179296851158 0.9981293678283691 -0.05414985120296478 -0.8682193756103516 -0.9989439845085144 0.026359913870692253 -0.03762901574373245 56.15606689453125
-0.03489813581109047 0.0628880187869072 0.9974101781845093 17.343120574951172 0.02935420162975788 0.9976520538330078 -0.06187620386481285 -0.8952943682670593 -0.9989596009254456 0.02711881883442402 -0.03666222468018532 56.12485885620117
-0.03327322006225586 0.07063610851764679 0.9969470500946045 18.05582046508789 0.030491871759295464 0.9971067905426025 -0.06962975859642029 -0.9381551742553711 -0.9989810585975647 0.028081975877285004 -0.03533077985048294 56.104949951171875
-0.03126681223511696 0.07128152996301651 0.9969660043716431 18.773752212524414 0.031389761716127396 0.9970317482948303 -0.07030179351568222 -0.9742357730865479 -0.9990180730819702 0.029096415266394615 -0.033411506563425064 56.08881759643555
-0.02912045642733574 0.06673064082860947 0.9973459839820862 19.512664794921875 0.030644280835986137 0.9973596930503845 -0.06583680957555771 -1.0193331241607666 -0.9991061091423035 0.028645753860473633 -0.031088482588529587 56.06901550292969
-0.026397809386253357 0.06033262982964516 0.9978291988372803 20.250354766845703 0.030426939949393272 0.9977630376815796 -0.05952368304133415 -1.061155080795288 -0.9991883039474487 0.028789596632122993 -0.028174497187137604 56.04843521118164
-0.023566801100969315 0.05906326323747635 0.9979760050773621 21.012130737304688 0.028596363961696625 0.9978845715522766 -0.058382563292980194 -1.1032958030700684 -0.9993131756782532 0.027162596583366394 -0.02520594373345375 56.03494644165039
-0.020300863310694695 0.06445097923278809 0.9977144002914429 21.737340927124023 0.03626488149166107 0.9973107576370239 -0.06368701159954071 -1.1459308862686157 -0.9991359710693359 0.034889090806245804 -0.022583581507205963 56.015480041503906
-0.016901569440960884 0.06977050006389618 0.9974198937416077 22.473445892333984 0.03824247792363167 0.9968775510787964 -0.0690845251083374 -1.1904737949371338 -0.999125599861145 0.03697618097066879 -0.019516993314027786 55.99797058105469
-0.014481534250080585 0.07061587274074554 0.9973984956741333 23.208114624023438 0.03196544200181961 0.9970259666442871 -0.07012537121772766 -1.2298463582992554 -0.9993841052055359 0.03086675889790058 -0.01669573225080967 55.99783706665039
-0.011522139422595501 0.06699714064598083 0.9976866245269775 23.966876983642578 0.027300260961055756 0.9974019527435303 -0.0666627362370491 -1.27866530418396 -0.9995608925819397 0.026469003409147263 -0.013321244157850742 56.00862503051758
-0.00660281628370285 0.06316980719566345 0.9979808926582336 24.72818946838379 0.0314614437520504 0.9975217580795288 -0.0629325807094574 -1.3344006538391113 -0.9994831681251526 0.03098238818347454 -0.0085738655179739 55.99296188354492
-0.002847013296559453 0.06405557692050934 0.9979422688484192 25.465591430664062 0.03610531985759735 0.9973021745681763 -0.06391150504350662 -1.3808578252792358 -0.999343991279602 0.03584907576441765 -0.005152080208063126 55.980777740478516
-0.00041709141805768013 0.0681876614689827 0.9976724982261658 26.201040267944336 0.035746991634368896 0.9970359802246094 -0.06812921911478043 -1.43203604221344 -0.9993607997894287 0.03563537821173668 -0.0028533595614135265 55.99071502685547
0.0038352245464920998 0.06916404515504837 0.997597873210907 26.95102882385254 0.032135266810655594 0.9970815777778625 -0.06925179064273834 -1.4740468263626099 -0.9994761943817139 0.0323236808180809 0.0016014249995350838 55.99779510498047
0.006881114561110735 0.06869200617074966 0.9976142048835754 27.71072006225586 0.03151083365082741 0.9971274733543396 -0.06887584179639816 -1.5233203172683716 -0.9994797110557556 0.03190959617495537 0.004696805961430073 56.01430892944336
0.010484679602086544 0.065768763422966 0.9977798461914062 28.453596115112305 0.03512632101774216 0.9971946477890015 -0.06609930098056793 -1.5702095031738281 -0.9993278384208679 0.03574136644601822 0.008145050145685673 56.0201530456543
0.014099190942943096 0.06607270240783691 0.9977152347564697 29.198945999145508 0.03982424736022949 0.9969854950904846 -0.06658715754747391 -1.6222940683364868 -0.9991071820259094 0.040672075003385544 0.01142539270222187 56.03199768066406
0.017481133341789246 0.06708495318889618 0.9975941181182861 29.946199417114258 0.04219716787338257 0.9968081712722778 -0.0677715316414833 -1.668555498123169 -0.9989563822746277 0.04328036308288574 0.014594539999961853 56.04692840576172
0.020656174048781395 0.06707154959440231 0.997534453868866 30.71770477294922 0.04305833950638771 0.9967617392539978 -0.06791123747825623 -1.7139976024627686 -0.9988589882850647 0.044354960322380066 0.017701296135783195 56.04597854614258
0.02429942414164543 0.06582152098417282 0.9975354671478271 31.471694946289062 0.044371072202920914 0.99677574634552 -0.06685225665569305 -1.7583503723144531 -0.9987195134162903 0.045886192470788956 0.021300503984093666 56.0645866394043
0.027773823589086533 0.06494717299938202 0.9975021481513977 32.2211799621582 0.04624760523438454 0.9967350363731384 -0.06618492305278778 -1.803539752960205 -0.9985437989234924 0.04797029495239258 0.02467949315905571 56.08820724487305
0.030970491468906403 0.06508765369653702 0.997398853302002 32.97625732421875 0.04506077989935875 0.996772050857544 -0.06644593179225922 -1.8505239486694336 -0.9985039830207825 0.0470014326274395 0.027937615290284157 56.106834411621094
0.03388800844550133 0.06660345941781998 0.9972038865089417 33.74649429321289 0.04204390197992325 0.9967986345291138 -0.06800518184900284 -1.9016788005828857 -0.9985408782958984 0.04423089697957039 0.030979251489043236 56.140628814697266
0.037039246410131454 0.0666680559515953 0.9970874786376953 34.5051155090332 0.043995201587677 0.9966959953308105 -0.06827617436647415 -1.9466848373413086 -0.998344898223877 0.04639595001935959 0.03398379310965538 56.163658142089844
0.039710577577352524 0.06694288551807404 0.9969662427902222 35.272972106933594 0.04161083698272705 0.9967769384384155 -0.06858759373426437 -1.988379955291748 -0.9983444213867188 0.04420824721455574 0.036797039210796356 56.20013427734375
0.04157937318086624 0.06683782488107681 0.9968970417976379 36.016719818115234 0.04002660512924194 0.9968475699424744 -0.0685039758682251 -2.0386314392089844 -0.9983330965042114 0.04275074973702431 0.03877301141619682 56.243839263916016
0.04451349377632141 0.0668623298406601 0.9967688322067261 36.798614501953125 0.03689463064074516 0.9969671368598938 -0.06852326542139053 -2.0932230949401855 -0.9983272552490234 0.03982562571763992 0.04191163182258606 56.28364944458008
0.047420307993888855 0.06915251910686493 0.9964784383773804 37.55052947998047 0.03560582920908928 0.9968496561050415 -0.07087268680334091 -2.135018825531006 -0.9982401728630066 0.03884125500917435 0.04480868577957153 56.32573318481445
0.0510513074696064 0.07300218939781189 0.9960243701934814 38.31634521484375 0.034522783011198044 0.9965997338294983 -0.0748138353228569 -2.180225372314453 -0.9980990886688232 0.038204874843358994 0.04835748299956322 56.36511993408203
0.05431825667619705 0.07434191554784775 0.9957523345947266 39.08423614501953 0.03505275398492813 0.9964680075645447 -0.07630746811628342 -2.243105888366699 -0.9979082345962524 0.039048753678798676 0.05152050778269768 56.41218566894531
0.05704473704099655 0.07665097713470459 0.9954248070716858 39.85240936279297 0.028564896434545517 0.9965148568153381 -0.07837187498807907 -2.2963955402374268 -0.9979628920555115 0.03290490806102753 0.05465639755129814 56.4692268371582
0.05965811014175415 0.07559884339570999 0.995352029800415 40.65146255493164 0.0249125137925148 0.9967046976089478 -0.07719475775957108 -2.352695941925049 -0.9979079365730286 0.02940201759338379 0.05757816508412361 56.5312385559082
0.06369306147098541 0.07610378414392471 0.9950636029243469 41.42689895629883 0.027381807565689087 0.9965794682502747 -0.0779724046587944 -2.408094882965088 -0.9975937604904175 0.032212939113378525 0.06139133498072624 56.580711364746094
0.06765848398208618 0.07720869779586792 0.9947167038917542 42.197635650634766 0.026330798864364624 0.9965158104896545 -0.07913932204246521 -2.4661965370178223 -0.9973609447479248 0.031546127051115036 0.06538977473974228 56.63086700439453
0.07086382061243057 0.07821732014417648 0.9944145679473877 42.98237991333008 0.02267240360379219 0.9965370893478394 -0.07999994605779648 -2.5200066566467285 -0.9972282648086548 0.028214868158102036 0.06884504109621048 56.710472106933594
0.07539857178926468 0.0760532096028328 0.9942489862442017 43.78274917602539 0.021754804998636246 0.9967244267463684 -0.07789232581853867 -2.577232837677002 -0.9969161152839661 0.02750266157090664 0.07349706441164017 56.7721061706543
0.07991717010736465 0.07664792239665985 0.9938502311706543 44.587669372558594 0.021791746839880943 0.9966666102409363 -0.07861741632223129 -2.634481430053711 -0.996563196182251 0.027940619736909866 0.07798048853874207 56.82917404174805
0.08536399900913239 0.08033537119626999 0.9931058883666992 45.383113861083984 0.01865760236978531 0.9964404702186584 -0.08220886439085007 -2.6911494731903076 -0.9961750507354736 0.02554665319621563 0.08356128633022308 56.90292739868164
0.09084022045135498 0.08842755854129791 0.9919317960739136 46.1766242980957 0.01653118059039116 0.9957788586616516 -0.09028442203998566 -2.759340763092041 -0.9957281947135925 0.024599261581897736 0.08899496495723724 56.99820327758789
0.09841624647378922 0.09331879019737244 0.9907602667808533 46.95781326293945 0.015584124252200127 0.9953268766403198 -0.0952969565987587 -2.8216500282287598 -0.9950233101844788 0.024818899109959602 0.09650205075740814 57.07462692260742
0.10557880252599716 0.09602725505828857 0.9897635579109192 47.74089813232422 0.010351973585784435 0.9951664209365845 -0.09765570610761642 -2.8939638137817383 -0.9943570494651794 0.020556379109621048 0.10407441854476929 57.17073440551758
0.11254018545150757 0.09453298896551132 0.9891401529312134 48.55683898925781 0.007193808909505606 0.9953605532646179 -0.09594596177339554 -2.959733486175537 -0.9936211109161377 0.017913460731506348 0.11133801937103271 57.263919830322266
0.11976345628499985 0.09335482120513916 0.9884036183357239 49.363704681396484 0.007110320031642914 0.9954630732536316 -0.09488314390182495 -3.0243794918060303 -0.9927769899368286 0.018391400575637817 0.11855632066726685 57.37438201904297
0.12782442569732666 0.08951333165168762 0.9877491593360901 50.19330596923828 0.00661871675401926 0.9958196878433228 -0.09110123664140701 -3.1003365516662598 -0.9917747378349304 0.01818259432911873 0.1266976296901703 57.47768783569336
0.13540957868099213 0.0836491659283638 0.9872523546218872 50.99876022338867 0.004418897908180952 0.9963687062263489 -0.08502769470214844 -3.173839807510376 -0.9907798767089844 0.015876129269599915 0.13454824686050415 57.59321975708008
0.14271797239780426 0.07692460715770721 0.9867695569992065 51.80404281616211 0.0022036919835954905 0.9969480037689209 -0.07803680747747421 -3.226118564605713 -0.9897609949111938 0.013311791233718395 0.14211289584636688 57.71546173095703
0.1494496762752533 0.07424488663673401 0.9859778881072998 52.60463333129883 0.0016126229893416166 0.9971572756767273 -0.07533112168312073 -3.2937722206115723 -0.9887679815292358 0.012848224490880966 0.14890509843826294 57.85570526123047
