1.0 0.0 0.0 0.0 0.0 1.0 0.0 0.0 0.0 0.0 1.0 0.0
0.9999986290931702 0.0008136205142363906 0.0014579463750123978 -0.00629653874784708 -0.0008069496834650636 0.9999892115592957 -0.004570255056023598 -0.0021782168187201023 -0.0014616490807384253 0.004569072276353836 0.9999884963035583 0.9640225172042847
0.9999966621398926 -0.0014441002858802676 0.0021484391763806343 -0.002629827242344618 0.0014555524103343487 0.9999846816062927 -0.005338436458259821 -0.0009826724417507648 -0.002140697091817856 0.005341545678675175 0.9999834299087524 1.9186288118362427
0.9999933838844299 -0.002423560945317149 0.0027129771187901497 -0.010781398043036461 0.00242706504650414 0.9999962449073792 -0.0012890779180452228 -0.0042358506470918655 -0.0027098427526652813 0.0012956539867445827 0.9999954700469971 2.84995698928833
0.9999858736991882 -0.004874065518379211 0.002110747154802084 -0.00836729072034359 0.0048636686988174915 0.9999761581420898 0.00490310275927186 -0.007903450168669224 -0.002134594600647688 -0.0048927683383226395 0.9999856948852539 3.7981483936309814
0.99996417760849 -0.008446035906672478 0.0005277539021335542 -0.005106940865516663 0.008443338796496391 0.9999522566795349 0.004920685663819313 -0.004793839994817972 -0.0005692889099009335 -0.00491605419665575 0.999987781047821 4.736147880554199
0.9999394416809082 -0.011002371087670326 -0.00017279245366808027 -0.006049617193639278 0.011002696119248867 0.9999374747276306 0.001992926700040698 -0.0013739652931690216 0.00015085471386555582 -0.001994707155972719 0.9999979138374329 5.66581392288208
0.9999300837516785 -0.011751806363463402 -0.0012737809447571635 -0.008375181816518307 0.01174984872341156 0.9999297857284546 -0.0015345540596172214 0.004079295787960291 0.0012917250860482454 0.0015194803709164262 0.9999979734420776 6.59296989440918
0.9999347925186157 -0.011323635466396809 -0.0015548400115221739 -0.017048459500074387 0.011320793069899082 0.999934196472168 -0.001825206447392702 -0.0034365467727184296 0.0015754058258607984 0.0018074854742735624 0.999997079372406 7.518624782562256
0.999933660030365 -0.011237376369535923 -0.0025301820132881403 -0.02767651155591011 0.011237630620598793 0.9999368190765381 8.583341696066782e-05 -0.0024896638933569193 0.002529057441279292 -0.00011426079436205328 0.9999967813491821 8.431574821472168
0.9999371767044067 -0.010815798304975033 -0.0029401902575045824 -0.038425058126449585 0.010823478922247887 0.9999380111694336 0.0026091025210916996 0.0033654833678156137 0.002911789109930396 -0.002640761435031891 0.9999922513961792 9.37261962890625
0.9999309182167053 -0.011061341501772404 -0.003978565335273743 -0.04604768007993698 0.0110782440751791 0.999929666519165 0.0042518614791333675 0.004557856358587742 0.003931254148483276 -0.0042956434190273285 0.9999830722808838 10.294961929321289
0.9999158978462219 -0.012153764255344868 -0.004550813231617212 -0.05055474489927292 0.01217647735029459 0.9999133944511414 0.004996953997761011 0.008045882917940617 0.004489687737077475 -0.005051945336163044 0.999977171421051 11.208014488220215
0.9999077916145325 -0.012431783601641655 -0.0054601519368588924 -0.058565471321344376 0.012459797784686089 0.9999092221260071 0.005126867908984423 0.009103142656385899 0.005395920947194099 -0.005194427445530891 0.9999719858169556 12.121994018554688
0.9999004006385803 -0.012774353846907616 -0.006004226393997669 -0.06995880603790283 0.012796306051313877 0.9999115467071533 0.0036319978535175323 0.012986107729375362 0.0059572989121079445 -0.003708467585965991 0.9999753832817078 13.018915176391602
0.9998866319656372 -0.013231462799012661 -0.007182511501014233 -0.08211342990398407 0.013242253102362156 0.9999112486839294 0.0014567748876288533 0.021359030157327652 0.007162598427385092 -0.0015517226420342922 0.9999731183052063 13.9252347946167
0.9998563528060913 -0.01444514375180006 -0.008869326673448086 -0.0905613899230957 0.014445911161601543 0.9998956322669983 2.235784450022038e-05 0.02754758484661579 0.008868078701198101 -0.00015048014756757766 0.9999606609344482 14.830504417419434
0.9998438954353333 -0.014164834283292294 -0.01056779082864523 -0.10785352438688278 0.014159174636006355 0.9998996257781982 -0.0006102251936681569 0.0267889853566885 0.0105753717944026 0.0004604984715115279 0.9999439716339111 15.741430282592773
0.9998403787612915 -0.013138195499777794 -0.01211228035390377 -0.12090471386909485 0.01311955414712429 0.999912679195404 -0.0016170880990102887 0.028256278485059738 0.01213246863335371 0.0014579218113794923 0.9999253153800964 16.637746810913086
0.9998369812965393 -0.012128458358347416 -0.01337522640824318 -0.14230886101722717 0.012110655196011066 0.9999256730079651 -0.0014110998017713428 0.026869067922234535 0.013391348533332348 0.0012488869251683354 0.9999095797538757 17.52597999572754
0.9998087286949158 -0.012699124403297901 -0.01486816443502903 -0.1604636162519455 0.012691434472799301 0.9999192357063293 -0.0006113759591244161 0.027010265737771988 0.014874730259180069 0.0004225608136039227 0.9998893141746521 18.41690444946289
0.9997876882553101 -0.012405949644744396 -0.01644924096763134 -0.17845003306865692 0.012424126267433167 0.9999223351478577 0.001003237091936171 0.023448148742318153 0.016435518860816956 -0.0012073918478563428 0.9998642206192017 19.308469772338867
0.9997695088386536 -0.012111796997487545 -0.017730262130498886 -0.20149821043014526 0.0121462382376194 0.9999245405197144 0.0018361913971602917 0.022092608734965324 0.01770668476819992 -0.0020511241164058447 0.9998411536216736 20.1871280670166
0.9997255206108093 -0.013127288781106472 -0.019406268373131752 -0.21876183152198792 0.013165807351469994 0.9999115467071533 0.0018584062345325947 0.02029201202094555 0.019380157813429832 -0.0021133956033736467 0.999809980392456 21.080251693725586
0.9997097253799438 -0.0123447822406888 -0.020691290497779846 -0.23922809958457947 0.012360122054815292 0.9999234080314636 0.0006136661395430565 0.028482286259531975 0.02068213000893593 -0.0008692348492331803 0.9997857213020325 21.924224853515625
0.9996761083602905 -0.012434846721589565 -0.022206202149391174 -0.26126426458358765 0.012461618520319462 0.9999217391014099 0.0010676308302208781 0.02872195467352867 0.022191189229488373 -0.0013440102338790894 0.9997528195381165 22.786264419555664
0.9996554255485535 -0.0122517766430974 -0.023211807012557983 -0.2853635251522064 0.012326054275035858 0.9999193549156189 0.003059689188376069 0.030832763761281967 0.023172451183199883 -0.0033447451423853636 0.999725878238678 23.646488189697266
0.9996236562728882 -0.01337804552167654 -0.0239487923681736 -0.3038668930530548 0.013519572094082832 0.9998919367790222 0.005757434293627739 0.033406175673007965 0.023869184777140617 -0.006079043727368116 0.9996965527534485 24.49260711669922
0.9995937943458557 -0.013708398677408695 -0.02498590387403965 -0.32245728373527527 0.01389625109732151 0.9998763203620911 0.007360261399298906 0.03620273619890213 0.024881917983293533 -0.007704482413828373 0.9996606707572937 25.334148406982422
0.9996015429496765 -0.01274065300822258 -0.02518523670732975 -0.3559363782405853 0.012900167144834995 0.9998977184295654 0.006181389559060335 0.03837481513619423 0.02510390244424343 -0.006503819953650236 0.9996637105941772 26.15924072265625
0.999601423740387 -0.011094166897237301 -0.025959331542253494 -0.3810899257659912 0.01119418814778328 0.9999304413795471 0.003710866440087557 0.03888225182890892 0.025916356593370438 -0.003999981097877026 0.9996561408042908 26.967559814453125
0.9995824694633484 -0.01065097562968731 -0.026860414072871208 -0.4054449498653412 0.010703552514314651 0.9999410510063171 0.0018144537461921573 0.045032795518636703 0.02683950588107109 -0.0021011983044445515 0.9996376037597656 27.77028465270996
0.9995797872543335 -0.00940111093223095 -0.02742020972073078 -0.436574786901474 0.009441329166293144 0.9999545812606812 0.0013377104187384248 0.0495857410132885 0.027406388893723488 -0.0015960315940901637 0.9996231198310852 28.564956665039062
0.9995349049568176 -0.009783235378563404 -0.028884565457701683 -0.4602772295475006 0.009826237335801125 0.9999508261680603 0.0013472320279106498 0.041523199528455734 0.028869958594441414 -0.0016304320888593793 0.9995818138122559 29.351268768310547
0.9994654655456543 -0.009640468284487724 -0.03123835101723671 -0.485754132270813 0.00965785700827837 0.9999533295631409 0.0004058003833051771 0.04219560697674751 0.031232979148626328 -0.0007072789594531059 0.9995118975639343 30.127077102661133
0.9994148015975952 -0.009408403187990189 -0.03288824111223221 -0.5178114175796509 0.009429535828530788 0.9999554753303528 0.00048749957932159305 0.04187202453613281 0.03288218751549721 -0.000797334942035377 0.9994589686393738 30.892955780029297
0.9993482232093811 -0.009778222069144249 -0.034748468548059464 -0.5423797965049744 0.009835908189415932 0.9999504685401917 0.0014895210042595863 0.04388740286231041 0.034732189029455185 -0.0018303332617506385 0.9993948936462402 31.65673065185547
0.9992665648460388 -0.00998196005821228 -0.03696944937109947 -0.571443498134613 0.010128202848136425 0.9999415874481201 0.0037706189323216677 0.04643131420016289 0.0369296558201313 -0.004142287187278271 0.999309241771698 32.41069412231445
0.9992022514343262 -0.009123309515416622 -0.038879573345184326 -0.6032109260559082 0.009335965849459171 0.9999423623085022 0.005291576497256756 0.04787922278046608 0.03882906585931778 -0.005650333594530821 0.9992298483848572 33.147953033447266
0.999140739440918 -0.007877393625676632 -0.04069114476442337 -0.6379113793373108 0.008110502734780312 0.9999516010284424 0.005566781386733055 0.047245465219020844 0.04064532741904259 -0.00589202344417572 0.9991562366485596 33.87852096557617
0.9990935325622559 -0.00545678474009037 -0.042217619717121124 -0.6814028024673462 0.005668524652719498 0.9999719262123108 0.004897340200841427 0.047174710780382156 0.042189713567495346 -0.005132211837917566 0.9990964531898499 34.58351516723633
0.9990203380584717 -0.0035183471627533436 -0.04411327466368675 -0.7180315852165222 0.00371010834351182 0.9999840259552002 0.004265914671123028 0.05059431493282318 0.04409755766391754 -0.004425400868058205 0.9990173578262329 35.291507720947266
0.9989270567893982 -0.0031696835067123175 -0.04620150849223137 -0.7414771914482117 0.0034079751931130886 0.9999812841415405 0.005079804919660091 0.05557769164443016 0.04618454724550247 -0.00523180840536952 0.9989192485809326 36.009063720703125
0.9988914728164673 -0.0015207797987386584 -0.04704797640442848 -0.7882266640663147 0.0018657846376299858 0.9999716877937317 0.00728999450802803 0.056015580892562866 0.04703556373715401 -0.007369694299995899 0.998866081237793 36.68307876586914
0.9988943934440613 0.0013130216393619776 -0.046992506831884384 -0.8270188570022583 -0.0009617771138437092 0.9999713897705078 0.007496308069676161 0.062074750661849976 0.04700100049376488 -0.007442824076861143 0.9988671541213989 37.377662658691406
0.9989247918128967 0.003718162653967738 -0.04620901122689247 -0.8531789183616638 -0.003479012520983815 0.999980092048645 0.005254766903817654 0.0660945251584053 0.046227626502513885 -0.005088355392217636 0.9989179968833923 38.05052947998047
0.9990024566650391 0.005360801238566637 -0.044331662356853485 -0.8881402611732483 -0.0052667954005301 0.9999836087226868 0.0022370496299117804 0.068898506462574 0.044342927634716034 -0.0020013328175991774 0.9990143775939941 38.698604583740234
0.9990745186805725 0.0057270159013569355 -0.042630501091480255 -0.9133619070053101 -0.005722634494304657 0.9999836087226868 0.00022480485495179892 0.0764007568359375 0.04263108968734741 1.9362791135790758e-05 0.9990909099578857 39.34693145751953
0.9992162585258484 0.006860004737973213 -0.038984522223472595 -0.9500458240509033 -0.006828947924077511 0.9999762773513794 0.0009297545766457915 0.07727521657943726 0.03898997604846954 -0.0006628020782954991 0.999239444732666 39.985443115234375
0.9992731809616089 0.011469479650259018 -0.036354001611471176 -0.9728522896766663 -0.011338667944073677 0.99992835521698 0.003802425693720579 0.075472392141819 0.03639501705765724 -0.0033874555956572294 0.9993316531181335 40.63622283935547
0.9993469715118408 0.01565992645919323 -0.032565269619226456 -0.9999566674232483 -0.015431773848831654 0.9998546242713928 0.007245597895234823 0.07678557932376862 0.03267400711774826 -0.006738326512277126 0.9994432926177979 41.2589225769043
0.9993833303451538 0.02085673063993454 -0.028251156210899353 -1.0260132551193237 -0.020630307495594025 0.9997528195381165 0.008282534778118134 0.07972493022680283 0.02841692417860031 -0.007694595027714968 0.9995664954185486 41.861263275146484
0.9994421601295471 0.024398863315582275 -0.022804956883192062 -1.046908974647522 -0.02420612797141075 0.9996691942214966 0.00868967268615961 0.08383139222860336 0.023009436205029488 -0.008132805116474628 0.9997021555900574 42.44927215576172
0.9994509816169739 0.028380315750837326 -0.017100291326642036 -1.0596888065338135 -0.02820170670747757 0.9995460510253906 0.010597260668873787 0.08668296784162521 0.017393289133906364 -0.010109184309840202 0.9997976422309875 43.020137786865234
0.999387800693512 0.03333984315395355 -0.010608311742544174 -1.0705333948135376 -0.03321544826030731 0.9993798136711121 0.011693285778164864 0.09029843658208847 0.01099158450961113 -0.0113337691873312 0.9998753666877747 43.5897216796875
0.9993171691894531 0.03676086291670799 -0.0037249699234962463 -1.0745030641555786 -0.03671576827764511 0.9992592930793762 0.011525982059538364 0.09130048751831055 0.00414591608569026 -0.011381346732378006 0.9999266862869263 44.122406005859375
0.9991850852966309 0.040170155465602875 0.0039578950963914394 -1.0822272300720215 -0.04021315276622772 0.9991253614425659 0.011460000649094582 0.09377060830593109 -0.003494082950055599 -0.011609820649027824 0.9999265074729919 44.623931884765625
0.9989664554595947 0.04411233216524124 0.010968189686536789 -1.0730661153793335 -0.04423379898071289 0.9989596009254456 0.011090308427810669 0.09674975275993347 -0.010467559099197388 -0.011564010754227638 0.9998782873153687 45.12234115600586
0.9986596703529358 0.04827253520488739 0.018678275868296623 -1.0701545476913452 -0.048434119671583176 0.9987918734550476 0.008297508582472801 0.10188878327608109 -0.018255164846777916 -0.009191052056849003 0.9997910857200623 45.59722137451172
0.9983615279197693 0.05056983232498169 0.02677670493721962 -1.0618194341659546 -0.05072949826717377 0.9986982941627502 0.005317340139299631 0.1008545458316803 -0.026472952216863632 -0.006666997447609901 0.9996272921562195 46.05607223510742
0.998100757598877 0.05103832855820656 0.034498438239097595 -1.0448325872421265 -0.051241252571344376 0.998673677444458 0.005023070145398378 0.10413216799497604 -0.034196317195892334 -0.00678127259016037 0.9993921518325806 46.4820671081543
0.9978418946266174 0.050077494233846664 0.042470648884773254 -1.0210859775543213 -0.050396110862493515 0.9987083077430725 0.006464031990617514 0.10398250073194504 -0.042092084884643555 -0.008590437471866608 0.999076783657074 46.88044738769531
0.997371256351471 0.052097760140895844 0.050361670553684235 -0.9985486268997192 -0.05251680314540863 0.9985952973365784 0.0070325653068721294 0.10818613320589066 -0.049924541264772415 -0.00965891219675541 0.9987063407897949 47.27263259887695
0.996712327003479 0.055104974657297134 0.05939638614654541 -0.9858090877532959 -0.05564240738749504 0.9984230995178223 0.007431336212903261 0.10519157350063324 -0.05889322608709335 -0.01071186177432537 0.9982067942619324 47.630096435546875
0.995897114276886 0.05999528244137764 0.0677454024553299 -0.9545760154724121 -0.06057307869195938 0.9981424808502197 0.006505393888801336 0.11034683138132095 -0.06722927838563919 -0.010582251474261284 0.9976814389228821 47.95610809326172
0.9949814081192017 0.06389248371124268 0.07700391858816147 -0.9382149577140808 -0.06461171060800552 0.9978866577148438 0.006882848683744669 0.10496480017900467 -0.07640141993761063 -0.011823662556707859 0.9970070123672485 48.258018493652344
0.9942723512649536 0.06288249045610428 0.08641890436410904 -0.9110289216041565 -0.06377656757831573 0.9979351162910461 0.007621509023010731 0.10316114872694016 -0.08576120436191559 -0.013089356943964958 0.9962297081947327 48.54007339477539
0.9933827519416809 0.06167882680892944 0.09688355028629303 -0.8694647550582886 -0.0625118762254715 0.998028576374054 0.005583998281508684 0.10542315989732742 -0.09634813666343689 -0.011603420600295067 0.9952800869941711 48.81764221191406
0.9922359585762024 0.0604185126721859 0.10870780795812607 -0.83376145362854 -0.0609157420694828 0.9981421232223511 0.0012558473972603679 0.09987161308526993 -0.10842996835708618 -0.007868112996220589 0.9940729737281799 49.074668884277344
0.9906285405158997 0.061508066952228546 0.12195044010877609 -0.792100191116333 -0.06161095201969147 0.9980959296226501 -0.0029305105563253164 0.10231790691614151 -0.12189848721027374 -0.004610436502844095 0.9925317764282227 49.341434478759766
0.9885135293006897 0.06291959434747696 0.13741275668144226 -0.7516552209854126 -0.06280820816755295 0.9980122447013855 -0.0051506939344108105 0.1006060242652893 -0.13746370375156403 -0.0035391184501349926 0.9905004501342773 49.60480499267578
0.9860033988952637 0.06490521878004074 0.15357273817062378 -0.7018619775772095 -0.06468959152698517 0.9978848099708557 -0.006406024098396301 0.09729839861392975 -0.15366370975971222 -0.003618197049945593 0.9881165027618408 49.85710525512695
0.9832098484039307 0.06534942239522934 0.17037585377693176 -0.646165132522583 -0.06500908732414246 0.9978557825088501 -0.007581679150462151 0.09617957472801208 -0.17050601541996002 -0.0036215975414961576 0.9853499531745911 50.11745834350586
0.979947030544281 0.0642281025648117 0.18862305581569672 -0.5886110067367554 -0.06368419528007507 0.9979299306869507 -0.008949117735028267 0.09751734882593155 -0.18880736827850342 -0.0032426477409899235 0.9820087552070618 50.37010192871094
0.9760770797729492 0.06367841362953186 0.20789121091365814 -0.5180685520172119 -0.06317950785160065 0.997961163520813 -0.00904568936675787 0.08981797844171524 -0.20804336667060852 -0.0043051764369010925 0.978110134601593 50.607208251953125
0.9715700149536133 0.06365152448415756 0.22803552448749542 -0.4443504810333252 -0.06297685950994492 0.997962474822998 -0.010241473093628883 0.08759631216526031 -0.2282227724790573 -0.00441064964979887 0.9735988974571228 50.84635543823242
0.9662536382675171 0.06576566398143768 0.24905572831630707 -0.3676373064517975 -0.0646388977766037 0.9978277683258057 -0.012708994559943676 0.0885084941983223 -0.24935053288936615 -0.0038185743615031242 0.9684057831764221 51.094573974609375
0.9600181579589844 0.06707356870174408 0.27178341150283813 -0.28392907977104187 -0.0655050277709961 0.9977417588233948 -0.014850368723273277 0.08609877526760101 -0.2721657156944275 -0.003546555293723941 0.9622438549995422 51.33699035644531
0.9527313709259033 0.06851913779973984 0.2959866523742676 -0.1894521564245224 -0.06682535260915756 0.9976388216018677 -0.01584782637655735 0.0746920257806778 -0.2963736653327942 -0.004680694546550512 0.955060601234436 51.57197952270508
0.94417405128479 0.07138460129499435 0.32162031531333923 -0.09152574837207794 -0.06970958411693573 0.9974268674850464 -0.016736939549446106 0.06806422024965286 -0.321987509727478 -0.006617437582463026 0.9467207789421082 51.80952835083008
0.9343997836112976 0.07321687787771225 0.34862077236175537 0.019540898501873016 -0.07150217890739441 0.997281551361084 -0.01780223473906517 0.05918896198272705 -0.3489764928817749 -0.008292746730148792 0.9370948076248169 52.04409408569336
0.9231271147727966 0.07406094670295715 0.3772948086261749 0.13910575211048126 -0.07213494926691055 0.9972090721130371 -0.019254233688116074 0.05370334908366203 -0.3776678144931793 -0.009442039765417576 0.9258929491043091 52.28513717651367
0.910573422908783 0.0719977468252182 0.4070287346839905 0.2809702455997467 -0.06932782381772995 0.9973660111427307 -0.021325374022126198 0.043881021440029144 -0.4074919819831848 -0.008800099603831768 0.9131664037704468 52.520145416259766
0.8955990672111511 0.0694982185959816 0.4393998980522156 0.4241197109222412 -0.06558556854724884 0.9975559115409851 -0.024101000279188156 0.03656111657619476 -0.4400009512901306 -0.007233460433781147 0.8979681730270386 52.7463264465332
0.8783406615257263 0.06857235729694366 0.4730914533138275 0.581413209438324 -0.0626717135310173 0.9976344108581543 -0.028246190398931503 0.02631833218038082 -0.4739091992378235 -0.004839680623263121 0.8805603981018066 52.96263885498047
0.8587675094604492 0.0707760751247406 0.5074535012245178 0.7482994794845581 -0.06235840544104576 0.997488260269165 -0.03359312564134598 0.02231856994330883 -0.5085563659667969 -0.0027953011449426413 0.8610240817070007 53.19190979003906
0.8369414806365967 0.07271603494882584 0.5424401760101318 0.9342446327209473 -0.061877571046352386 0.9973514080047607 -0.0382264070212841 0.0140485018491745 -0.5437831282615662 -0.0015716099878773093 0.8392242789268494 53.420860290527344
0.8123782873153687 0.07532144337892532 0.5782458186149597 1.1299299001693726 -0.06261031329631805 0.9971569776535034 -0.04192689061164856 0.005098652094602585 -0.5797598361968994 -0.0021436570677906275 0.814784586429596 53.64513397216797
0.7849048972129822 0.07936979830265045 0.6145117878913879 1.340373158454895 -0.06565964221954346 0.9968321323394775 -0.04488406330347061 -0.007320706732571125 -0.6161275506019592 -0.005118904169648886 0.7876297831535339 53.87457275390625
0.7549490332603455 0.08389219641685486 0.6503951549530029 1.5677883625030518 -0.06946025043725967 0.9964340925216675 -0.047900229692459106 -0.02117268182337284 -0.6520944237709045 -0.009014377370476723 0.7580841779708862 54.1046142578125
0.7218027710914612 0.08482618629932404 0.6868807673454285 1.8237332105636597 -0.06903927773237228 0.9963353276252747 -0.05049286410212517 -0.04050030931830406 -0.6886467337608337 -0.010975860990583897 0.7250139713287354 54.33994674682617
0.6852031350135803 0.08235126733779907 0.7236815690994263 2.1054890155792236 -0.06539715081453323 0.9965305328369141 -0.05148013308644295 -0.06004014611244202 -0.7254101634025574 -0.01205235905945301 0.6882113218307495 54.563385009765625
0.6460167765617371 0.08068627119064331 0.7590466737747192 2.395282506942749 -0.06244046613574028 0.9966509938240051 -0.052801039069890976 -0.08543672412633896 -0.7607650756835938 -0.013284868560731411 0.6488914489746094 54.766944885253906
0.6034236550331116 0.07992545515298843 0.7934051156044006 2.7275469303131104 -0.06032131239771843 0.9966886043548584 -0.05452633649110794 -0.1083424761891365 -0.7951359748840332 -0.01495675090700388 0.6062467098236084 54.986083984375
0.5569800734519958 0.08013646304607391 0.8266505599021912 3.083740234375 -0.05701184272766113 0.9966753125190735 -0.05820544809103012 -0.12351635098457336 -0.8285666704177856 -0.014709594659507275 0.559697151184082 55.1982536315918
0.5082690119743347 0.07876969873905182 0.8575884103775024 3.4560983180999756 -0.05380775034427643 0.9967672824859619 -0.059662941843271255 -0.15058310329914093 -0.8595157861709595 -0.015820086002349854 0.5108643174171448 55.39086151123047
0.4599039852619171 0.07700520008802414 0.8846233487129211 3.8909924030303955 -0.05183113366365433 0.99686199426651 -0.05982910469174385 -0.17096298933029175 -0.8864546418190002 -0.018335392698645592 0.46245211362838745 55.580039978027344
0.4108755588531494 0.07468126714229584 0.908627450466156 4.326250076293945 -0.050953276455402374 0.9969626069068909 -0.058900896459817886 -0.1921807825565338 -0.9102664589881897 -0.02209661342203617 0.4134328365325928 55.738162994384766
0.360236793756485 0.07458088546991348 0.9298747181892395 4.785272598266602 -0.0540819950401783 0.9967920780181885 -0.058996446430683136 -0.211593359708786 -0.931291937828064 -0.029036791995167732 0.3631146550178528 55.9037971496582
0.31034839153289795 0.07516118884086609 0.9476469159126282 5.234603404998779 -0.05271419137716293 0.9966962933540344 -0.06178790330886841 -0.23480574786663055 -0.9491602182388306 -0.030778668820858 0.31328514218330383 56.03218078613281
0.26365867257118225 0.07172190397977829 0.9619459509849548 5.715986251831055 -0.0413011871278286 0.9971569180488586 -0.06302700191736221 -0.2651742696762085 -0.9637314677238464 -0.023111902177333832 0.2658712565898895 56.113861083984375
0.21971911191940308 0.06617963314056396 0.9733158349990845 6.234529495239258 -0.027920858934521675 0.9977143406867981 -0.061535634100437164 -0.28909528255462646 -0.9751636385917664 -0.013655259273946285 0.22106467187404633 56.187442779541016
0.17695318162441254 0.06514989584684372 0.9820606112480164 6.743982315063477 -0.018895050510764122 0.997847855091095 -0.0627925843000412 -0.3186336159706116 -0.9840378165245056 -0.007444739807397127 0.17780335247516632 56.254310607910156
0.13839061558246613 0.06651449203491211 0.988141655921936 7.27125358581543 -0.015421133488416672 0.9977659583091736 -0.06500259041786194 -0.3428887128829956 -0.9902576208114624 -0.006242517381906509 0.13910721242427826 56.30593490600586
0.10564617067575455 0.0673077255487442 0.9921232461929321 7.820681095123291 -0.0068998695351183414 0.9977322816848755 -0.06695351004600525 -0.37778693437576294 -0.9943798780441284 0.00022786336194258183 0.1058710366487503 56.341922760009766
0.07693185657262802 0.06550280004739761 0.9948822855949402 8.363801956176758 0.0004844079085160047 0.9978370070457458 -0.06573478877544403 -0.4151468276977539 -0.9970361590385437 0.005539029370993376 0.07673373073339462 56.354034423828125
0.05192072317004204 0.06364421546459198 0.9966211318969727 8.934470176696777 0.007325858809053898 0.997916042804718 -0.06410855799913406 -0.44958481192588806 -0.9986242651939392 0.010629667900502682 0.05134626850485802 56.36488342285156
0.031883012503385544 0.06288066506385803 0.9975116848945618 9.506264686584473 0.012342395260930061 0.9979181885719299 -0.06330078840255737 -0.47213369607925415 -0.999415397644043 0.01432990375906229 0.03104054182767868 56.36602783203125
0.016306212171912193 0.0649484172463417 0.9977554082870483 10.098505020141602 0.015185844153165817 0.9977568984031677 -0.065196692943573 -0.5004392266273499 -0.9997517466545105 0.016214871779084206 0.01528333779424429 56.36389923095703
0.002716947114095092 0.06504824012517929 0.9978784918785095 10.69644832611084 0.015714731067419052 0.9977561235427856 -0.06508306413888931 -0.5302959680557251 -0.9998728632926941 0.01585821993649006 0.0016886339290067554 56.35893630981445
-0.008749659173190594 0.06560172140598297 0.9978075623512268 11.307351112365723 0.01662711426615715 0.9977172613143921 -0.06544999778270721 -0.5705048441886902 -0.9998235106468201 0.01601799577474594 -0.009820452891290188 56.34764099121094
-0.017832955345511436 0.06842458993196487 0.9974969029426575 11.93203353881836 0.021426305174827576 0.9974525570869446 -0.06803850829601288 -0.6061168313026428 -0.9996113777160645 0.020159343257546425 -0.01925361342728138 56.329410552978516
-0.024380750954151154 0.0702541396021843 0.9972311854362488 12.555960655212402 0.02568626031279564 0.997242271900177 -0.06962694227695465 -0.6410017609596252 -0.9993727207183838 0.023917578160762787 -0.0261180829256773 56.301876068115234
-0.029179034754633904 0.0697203278541565 0.9971397519111633 13.194612503051758 0.025958597660064697 0.9972808957099915 -0.06897056847810745 -0.6760979890823364 -0.999237060546875 0.023871853947639465 -0.03090953640639782 56.287567138671875
-0.0326586551964283 0.06702519208192825 0.9972165822982788 13.869820594787598 0.023683572188019753 0.9975206255912781 -0.06626998633146286 -0.710266649723053 -0.9991858601570129 0.021453361958265305 -0.03416508063673973 56.264198303222656
-0.035072021186351776 0.059902630746364594 0.9975878596305847 14.545583724975586 0.021405141800642014 0.9980180263519287 -0.059175923466682434 -0.750933051109314 -0.9991554617881775 0.019278088584542274 -0.036284733563661575 56.247032165527344
-0.03666839748620987 0.05448571965098381 0.9978410005569458 15.226446151733398 0.022904949262738228 0.9982961416244507 -0.05366886779665947 -0.7814404964447021 -0.9990649223327637 0.020887549966573715 -0.0378539077937603 56.22258377075195
-0.03698377311229706 0.05194422975182533 0.9979649186134338 15.936802864074707 0.02527877315878868 0.9983771443367004 -0.05102888122200966 -0.8173433542251587 -0.9989960789680481 0.02334008365869522 -0.038236841559410095 56.190853118896484
-0.036744195967912674 0.05422961711883545 0.9978522062301636 16.630706787109375 0.028697827830910683 0.9981719255447388 -0.05319024249911308 -0.8550424575805664 -0.998912513256073 0.02668176218867302 -0.03823329880833626 56.16058349609375
-0.0360344797372818 0.06176208704710007 0.9974402785301208 17.332624435424805 0.029499445110559464 0.9977192878723145 -0.060713641345500946 -0.8829154968261719 -0.9989150762557983 0.027236152440309525 -0.03777423873543739 56.139644622802734
-0.03373792767524719 0.0695599615573883 0.9970071315765381 18.028396606445312 0.03046533279120922 0.9971830248832703 -0.06854131072759628 -0.9208923578262329 -0.9989662170410156 0.02806171029806137 -0.03576205298304558 56.118247985839844
-0.03143446519970894 0.07064031809568405 0.997006356716156 18.774198532104492 0.031231088563799858 0.9970816969871521 -0.0696609765291214 -0.9532265067100525 -0.9990177750587463 0.02894783578813076 -0.03354891389608383 56.08504867553711
-0.029156971722841263 0.0662858635187149 0.9973744750022888 19.505266189575195 0.0307264793664217 0.9973867535591125 -0.06538841128349304 -0.9950469136238098 -0.9991024732589722 0.028739280998706818 -0.031117506325244904 56.067222595214844
-0.02676701359450817 0.059856463223695755 0.9978480339050293 20.250024795532227 0.02995145693421364 0.9978055357933044 -0.05905047059059143 -1.0397425889968872 -0.9991929531097412 0.028306398540735245 -0.02850106917321682 56.04999542236328
-0.02400275692343712 0.058027371764183044 0.998026430606842 20.978391647338867 0.028310826048254967 0.9979530572891235 -0.057342223823070526 -1.0839601755142212 -0.9993109703063965 0.02687857672572136 -0.025596432387828827 56.04008102416992
-0.020556144416332245 0.06343056261539459 0.9977744817733765 21.735107421875 0.0355929471552372 0.9973992109298706 -0.0626734122633934 -1.1293282508850098 -0.9991549253463745 0.03422541171312332 -0.022760363295674324 56.01352310180664
-0.01752813532948494 0.06889856606721878 0.9974696636199951 22.467697143554688 0.03738342598080635 0.996970534324646 -0.06820715963840485 -1.17049241065979 -0.9991472363471985 0.036093294620513916 -0.020050695165991783 56.002899169921875
-0.015322739258408546 0.0696096420288086 0.9974566102027893 23.208084106445312 0.031049955636262894 0.9971257448196411 -0.06910956650972366 -1.2111432552337646 -0.9994003772735596 0.029912035912275314 -0.0174400731921196 56.00636291503906
-0.012100690975785255 0.06594867259263992 0.9977496266365051 23.960763931274414 0.027085689827799797 0.9974782466888428 -0.06560224294662476 -1.2565473318099976 -0.9995598793029785 0.026230905205011368 -0.013856441713869572 56.00728988647461
-0.0070398845709860325 0.06264041364192963 0.9980113506317139 24.705135345458984 0.03070806711912155 0.9975789189338684 -0.06239665672183037 -1.3014302253723145 -0.9995036125183105 0.030207738280296326 -0.008946406655013561 55.99226379394531
-0.003355060936883092 0.06383620947599411 0.9979547262191772 25.448078155517578 0.035178229212760925 0.9973502159118652 -0.0636792778968811 -1.3464683294296265 -0.9993754625320435 0.03489262983202934 -0.005591814871877432 55.982505798339844
-0.0006834282539784908 0.06831727921962738 0.9976633787155151 26.182361602783203 0.03505868837237358 0.9970519542694092 -0.06825140118598938 -1.3921266794204712 -0.9993850588798523 0.03493012487888336 -0.003076526802033186 55.987945556640625
0.0035963538102805614 0.06910711526870728 0.9976028203964233 26.938068389892578 0.031356312334537506 0.9971108436584473 -0.06918606907129288 -1.4334018230438232 -0.9995018243789673 0.03152996301651001 0.0014190198853611946 55.991844177246094
0.00685799028724432 0.0683804452419281 0.9976357221603394 27.691837310791016 0.03066345304250717 0.9971756339073181 -0.06855970621109009 -1.4847618341445923 -0.9995062351226807 0.031061137095093727 0.004741840064525604 56.00423812866211
0.010575712658464909 0.0655762255191803 0.9977914690971375 28.432533264160156 0.034461088478565216 0.997230589389801 -0.06590461730957031 -1.5290082693099976 -0.9993501305580139 0.035081975162029266 0.008286597207188606 56.008750915527344
0.014032900333404541 0.06590860337018967 0.9977269768714905 29.17667579650879 0.039120640605688095 0.9970250725746155 -0.06641244888305664 -1.5779489278793335 -0.9991359710693359 0.039963677525520325 0.011412767693400383 56.019691467285156
0.017439711838960648 0.06707102060317993 0.9975957274436951 29.92471694946289 0.041550613939762115 0.9968369603157043 -0.06774637848138809 -1.6236448287963867 -0.998984158039093 0.042632196098566055 0.01459770742803812 56.0344352722168
0.0202348455786705 0.06675409525632858 0.9975642561912537 30.69123077392578 0.042411886155605316 0.9968130588531494 -0.06756410747766495 -1.6740866899490356 -0.9988952279090881 0.043675731867551804 0.01733919233083725 56.045562744140625
0.023673349991440773 0.06506024301052094 0.9976004958152771 31.443754196166992 0.04394068568944931 0.9968480467796326 -0.06605389714241028 -1.7237043380737305 -0.9987536072731018 0.04539896175265312 0.02073993720114231 56.06745147705078
0.02740025706589222 0.06428585946559906 0.9975553154945374 32.19200134277344 0.04582376033067703 0.9968001842498779 -0.06549584865570068 -1.7670211791992188 -0.9985736608505249 0.047506336122751236 0.02436675690114498 56.08367156982422
0.030251022428274155 0.06450288742780685 0.9974589347839355 32.948856353759766 0.044436339288949966 0.9968421459197998 -0.0658106729388237 -1.8126897811889648 -0.9985540509223938 0.04631425440311432 0.027289222925901413 56.11019515991211
0.033031173050403595 0.06647148728370667 0.9972414374351501 33.720916748046875 0.04105982556939125 0.996853232383728 -0.06780563294887543 -1.8597290515899658 -0.9986105561256409 0.043186262249946594 0.030197924003005028 56.15212631225586
0.03577514737844467 0.06645210087299347 0.9971480369567871 34.46733093261719 0.04298503324389458 0.9967609643936157 -0.06796849519014359 -1.9041985273361206 -0.9984349012374878 0.04529402405023575 0.03280283138155937 56.17495346069336
0.03868970274925232 0.06670281291007996 0.9970224499702454 35.22710037231445 0.04090925678610802 0.996827244758606 -0.06827723979949951 -1.9431713819503784 -0.9984135627746582 0.04342907667160034 0.035838186740875244 56.207740783691406
0.04115935415029526 0.06733857840299606 0.996880829334259 35.99428939819336 0.03907221183180809 0.9968546628952026 -0.06895002722740173 -1.9869953393936157 -0.9983882904052734 0.04178828373551369 0.038398828357458115 56.243064880371094
0.04363499954342842 0.06693117320537567 0.9968029856681824 36.752708435058594 0.03640157729387283 0.9969842433929443 -0.06853683292865753 -2.042797803878784 -0.9983841180801392 0.03927580267190933 0.04106700420379639 56.29140090942383
0.04646790400147438 0.06969606131315231 0.9964853525161743 37.51715087890625 0.03507542610168457 0.9968340396881104 -0.07135606557130814 -2.0794596672058105 -0.9983037710189819 0.038267917931079865 0.04387616738677025 56.3365592956543
0.04998452588915825 0.07257090508937836 0.9961099624633789 38.290382385253906 0.03338591009378433 0.9966778755187988 -0.07428756356239319 -2.140298366546631 -0.9981918334960938 0.03696926683187485 0.04739563167095184 56.37503433227539
0.05382709577679634 0.07478610426187515 0.9957458972930908 39.061553955078125 0.03361552581191063 0.9964905381202698 -0.0766591876745224 -2.191783905029297 -0.9979843497276306 0.037598852068185806 0.051124218851327896 56.412933349609375
0.056754086166620255 0.07603327184915543 0.9954888224601746 39.829139709472656 0.027876989915966988 0.9965865015983582 -0.07770641893148422 -2.2533202171325684 -0.9979989528656006 0.03216139227151871 0.05444077029824257 56.46784210205078
0.058708127588033676 0.07561390846967697 0.9954073429107666 40.60482406616211 0.023873766884207726 0.996735692024231 -0.07712287455797195 -2.3050968647003174 -0.9979896545410156 0.028291862457990646 0.05671129748225212 56.534061431884766
0.06246604397892952 0.075795479118824 0.9951648712158203 41.36528778076172 0.026791706681251526 0.9966253638267517 -0.07758843898773193 -2.3604025840759277 -0.9976873993873596 0.031508807092905045 0.06022455543279648 56.584224700927734
0.06619202345609665 0.07743712514638901 0.9947974681854248 42.15862274169922 0.02453039027750492 0.9965564012527466 -0.07920625060796738 -2.4207775592803955 -0.9975053071975708 0.029645593836903572 0.06406452506780624 56.63798141479492
0.069811150431633 0.0789632722735405 0.9944300651550293 42.942100524902344 0.020924830809235573 0.9965269565582275 -0.08059875667095184 -2.468536853790283 -0.997340738773346 0.026434974744915962 0.06791641563177109 56.70621109008789
0.07403463125228882 0.07712802290916443 0.9942686557769775 43.73394012451172 0.02004486322402954 0.9966882467269897 -0.07880829274654388 -2.5221991539001465 -0.9970541596412659 0.025764523074030876 0.07224342226982117 56.77002716064453
0.07784662395715714 0.07631859183311462 0.9940398931503296 44.538856506347656 0.01957395300269127 0.9967564940452576 -0.07806006073951721 -2.5976877212524414 -0.9967731237411499 0.025534000247716904 0.07610027492046356 56.8558464050293
0.08372046053409576 0.08006711304187775 0.9932674169540405 45.31209945678711 0.01599053479731083 0.9965304732322693 -0.08167794346809387 -2.650611400604248 -0.9963609576225281 0.02272099256515503 0.0821496769785881 56.90851974487305
0.08968009799718857 0.08886658400297165 0.9919981360435486 46.0990104675293 0.013945553451776505 0.9958016872406006 -0.09046804159879684 -2.7095868587493896 -0.9958729147911072 0.021947147324681282 0.0880642980337143 56.9893798828125
0.09711349755525589 0.09342127293348312 0.9908791780471802 46.900882720947266 0.012861068360507488 0.9953839778900146 -0.09510647505521774 -2.7744812965393066 -0.9951902627944946 0.021979885175824165 0.09546373039484024 57.072845458984375
0.10406456142663956 0.09726440906524658 0.9898031949996948 47.699981689453125 0.007594309281557798 0.9950998425483704 -0.09858333319425583 -2.8342652320861816 -0.9945415258407593 0.01777590438723564 0.10281595587730408 57.172454833984375
0.11164363473653793 0.09431132674217224 0.9892628788948059 48.512271881103516 0.004895143676549196 0.9954221248626709 -0.09545096009969711 -2.9165284633636475 -0.993736207485199 0.01549907773733139 0.11067087948322296 57.26434326171875
0.1185687929391861 0.09302186220884323 0.9885789752006531 49.31899642944336 0.004746061749756336 0.9955376386642456 -0.09424589574337006 -2.9827539920806885 -0.99293452501297 0.01586647890508175 0.11759820580482483 57.3785285949707
0.12625743448734283 0.08977242559194565 0.9879270792007446 50.145957946777344 0.004348626360297203 0.9958372116088867 -0.09104696661233902 -3.0497636795043945 -0.991987943649292 0.015791481360793114 0.12534144520759583 57.48982238769531
0.13360509276390076 0.08385884016752243 0.9874803423881531 50.95150375366211 0.002357053104788065 0.996383786201477 -0.08493385463953018 -3.1232693195343018 -0.9910318851470947 0.013675141148269176 0.13292428851127625 57.605873107910156
0.14132173359394073 0.07710764557123184 0.9869562387466431 51.7713737487793 3.6584715417120606e-06 0.9969619512557983 -0.07788988947868347 -3.1746418476104736 -0.989963710308075 0.011011146008968353 0.14089210331439972 57.7234992980957
0.14844296872615814 0.07384757697582245 0.9861598610877991 52.578712463378906 -0.0005147502524778247 0.9972135424613953 -0.07459783554077148 -3.251354455947876 -0.9889208078384399 0.010565896518528461 0.14806735515594482 57.85144805908203
0.15574316680431366 0.07553721964359283 0.9849051237106323 53.38119125366211 -0.0008634416735731065 0.9970818758010864 -0.07633456587791443 -3.3142306804656982 -0.9877971410751343 0.011038180440664291 0.15535391867160797 57.98505401611328
