1.0 0.0 0.0 0.0 0.0 1.0 0.0 0.0 0.0 0.0 1.0 0.0
1.0 -6.648802809650078e-05 0.0001218690667883493 -0.014873076230287552 6.631216820096597e-05 0.9999989867210388 0.0014424410182982683 -0.01267093513160944 -0.00012196484749438241 -0.0014424328692257404 0.999998927116394 1.3156399726867676
0.9999985098838806 -0.0015738242072984576 -0.0006869350327178836 -0.00987287238240242 0.0015750606544315815 0.999997079372406 0.0018029500497505069 -0.04038926586508751 0.0006840955466032028 -0.001804029569029808 0.999998152256012 2.620013475418091
0.9999959468841553 -0.0027787969447672367 -0.0006571297417394817 -0.01520646270364523 0.002779243979603052 0.9999958276748657 0.0006797438836656511 -0.05464491620659828 0.0006552382255904377 -0.0006815674132667482 0.9999995231628418 3.933809757232666
0.9999951720237732 -0.0030343004036694765 -0.0005757776089012623 -0.024933960288763046 0.003034710418432951 0.9999951720237732 0.0007127457647584379 -0.07186295837163925 0.0005736121674999595 -0.0007144897244870663 0.9999996423721313 5.262231349945068
0.9999927282333374 -0.0037487908266484737 -0.000656396965496242 -0.02446930669248104 0.003749977331608534 0.9999912977218628 0.0018150516552850604 -0.09991298615932465 0.0006495870184153318 -0.0018175002187490463 0.999998152256012 6.581777095794678
0.9999866485595703 -0.005147140938788652 -0.00045460122055374086 -0.03024560958147049 0.005148384254425764 0.9999828934669495 0.0027765219565480947 -0.11340808123350143 0.00044030227581970394 -0.0027788253501057625 0.9999961256980896 7.904866695404053
0.9999893307685852 -0.004597194027155638 -0.0004983232938684523 -0.03874470666050911 0.004598901607096195 0.9999833703041077 0.003481977852061391 -0.13572919368743896 0.00048230765969492495 -0.0034842328168451786 0.9999938011169434 9.24473762512207
0.9999929666519165 -0.0036876690573990345 -0.0007048396510072052 -0.04726880416274071 0.0036887992173433304 0.9999918937683105 0.001608399790711701 -0.15217778086662292 0.0006989027024246752 -0.0016109885182231665 0.9999984502792358 10.594573020935059
0.9999985098838806 -0.0013754249084740877 -0.001055276021361351 -0.05402693897485733 0.00137520011048764 0.9999990463256836 -0.00021376532095018774 -0.1799766570329666 0.0010555690387263894 0.00021231385471764952 0.9999994039535522 11.928255081176758
0.9999971985816956 0.0022941846400499344 -0.0006531059625558555 -0.07204604893922806 -0.002294799080118537 0.9999969601631165 -0.000941626203712076 -0.20434537529945374 0.0006509437225759029 0.000943122198805213 0.9999993443489075 13.266450881958008
0.9999894499778748 0.004573465324938297 -0.00043182322406210005 -0.09436023235321045 -0.004574026446789503 0.9999886751174927 -0.0013074703747406602 -0.22285999357700348 0.0004258386616129428 0.0013094318564981222 0.9999989867210388 14.604789733886719
0.9999833106994629 0.0057429783046245575 -0.0005246031214483082 -0.09762448072433472 -0.005743263754993677 0.9999833106994629 -0.000544570735655725 -0.24267616868019104 0.0005214668926782906 0.0005475747748278081 0.9999997019767761 15.96253776550293
0.999994695186615 0.0032521754037588835 0.0002905031433328986 -0.11217180639505386 -0.0032529050949960947 0.9999914765357971 0.002547143492847681 -0.268979549407959 -0.00028221693355590105 -0.002548075281083584 0.9999967217445374 17.310380935668945
0.999999463558197 -0.0009570453548803926 0.0004743524477817118 -0.11569293588399887 0.0009549704263918102 0.9999901056289673 0.004355908837169409 -0.2877034544944763 -0.00047851656563580036 -0.004355453420430422 0.9999904632568359 18.66242027282715
0.9999954104423523 -0.003045279299840331 0.0001948750577867031 -0.1235165223479271 0.0030448869802057743 0.9999935030937195 0.0019782092422246933 -0.3013731837272644 -0.00020089800818823278 -0.001977606676518917 0.9999980926513672 20.015178680419922
0.999988853931427 -0.004715032875537872 0.00010920476051978767 -0.12575417757034302 0.004715005401521921 0.9999889731407166 0.0002460803952999413 -0.3301912546157837 -0.00011036384967155755 -0.0002455627254676074 0.9999999403953552 21.377878189086914
0.999997615814209 -0.001737005077302456 0.0012671280419453979 -0.14848583936691284 0.0017388389678671956 0.9999974966049194 -0.0014479596866294742 -0.34581294655799866 -0.0012646096292883158 0.0014501597033813596 0.9999980926513672 22.72306251525879
0.9999986290931702 0.0005406213458627462 0.0015389249892905354 -0.1475769430398941 -0.0005414157058112323 0.9999996423721313 0.000515782623551786 -0.3669534921646118 -0.0015386455925181508 -0.0005166150513105094 0.9999986886978149 24.10454750061035
0.9999972581863403 0.0012705764966085553 0.0019644801504909992 -0.15332549810409546 -0.0012790124164894223 0.9999898672103882 0.004298935644328594 -0.3885062336921692 -0.001958998152986169 -0.004301437176764011 0.999988853931427 25.47624397277832
0.999997079372406 -0.0005474467761814594 0.0023540789261460304 -0.15329952538013458 0.0005334229208528996 0.9999820590019226 0.0059537263587117195 -0.39506369829177856 -0.0023572961799800396 -0.00595245324075222 0.9999794960021973 26.860424041748047
0.9999814629554749 -0.005754596088081598 0.0019893012940883636 -0.14112702012062073 0.00574614480137825 0.9999745488166809 0.004227952565997839 -0.41855838894844055 -0.002013580873608589 -0.0042164442129433155 0.9999890923500061 28.289751052856445
0.9999815225601196 -0.005730931647121906 0.002022841712459922 -0.14295600354671478 0.005727006588131189 0.999981701374054 0.0019408679800108075 -0.43243342638015747 -0.002033927710726857 -0.0019292470533400774 0.9999961256980896 29.666778564453125
0.9999775886535645 -0.005941626150161028 0.0030893036164343357 -0.1568489968776703 0.005943653639405966 0.9999820590019226 -0.000647637527436018 -0.45336446166038513 -0.0030854004435241222 0.0006659846403636038 0.9999949336051941 31.030427932739258
0.999989926815033 -0.0025492319837212563 0.0036999168805778027 -0.16686873137950897 0.002553511643782258 0.9999960064888 -0.001152471057139337 -0.47793126106262207 -0.0036969645880162716 0.0011619071010500193 0.9999924898147583 32.4099006652832
0.9999896883964539 -0.002025156980380416 0.0040696836076676846 -0.17090682685375214 0.0020385202951729298 0.9999925494194031 -0.003282182151451707 -0.5055133700370789 -0.004063006956130266 0.0032904446125030518 0.9999862909317017 33.78940200805664
0.9999908804893494 -0.0013168813893571496 0.004073998890817165 -0.16874337196350098 0.0013278156984597445 0.9999955296516418 -0.0026823882944881916 -0.5282420516014099 -0.004070448689162731 0.0026877736672759056 0.9999880790710449 35.182003021240234
0.9999908804893494 -0.0009509275550954044 0.004184923134744167 -0.18554024398326874 0.0009568884270265698 0.9999985098838806 -0.001422568573616445 -0.5566555261611938 -0.004183564335107803 0.0014265599893406034 0.9999902248382568 36.57327651977539
0.9999921917915344 0.000636450422462076 0.0038839378394186497 -0.1912388950586319 -0.0006373481592163444 0.9999997615814209 0.000229892524657771 -0.5787301659584045 -0.0038837899919599295 -0.0002323660592082888 0.9999924898147583 37.97343063354492
0.9999875426292419 0.002981536788865924 0.003988478798419237 -0.1995181143283844 -0.0029848143458366394 0.999995231628418 0.0008160271681845188 -0.6092082858085632 -0.003986026160418987 -0.0008279219618998468 0.9999917149543762 39.36595916748047
0.9999749660491943 0.005502260290086269 0.004442419391125441 -0.20962606370449066 -0.005504093132913113 0.9999848008155823 0.00040044329944066703 -0.629004180431366 -0.004440148361027241 -0.0004248848417773843 0.9999900460243225 40.760520935058594
0.9999634027481079 0.007455117534846067 0.004195413086563349 -0.21613454818725586 -0.007458494044840336 0.999971866607666 0.0007897222531028092 -0.6491271257400513 -0.004189407452940941 -0.0008209847146645188 0.9999908804893494 42.17295455932617
0.9999586343765259 0.008260473608970642 0.0037917981389909983 -0.21578028798103333 -0.008262894116342068 0.9999656677246094 0.0006232848390936852 -0.6661245822906494 -0.0037865194026380777 -0.0006545904325321317 0.9999926090240479 43.5750846862793
0.9999662041664124 0.007422266993671656 0.0035338669549673796 -0.23210512101650238 -0.007424816954880953 0.9999721646308899 0.000709004991222173 -0.6931276321411133 -0.003528506262227893 -0.0007352193351835012 0.9999935030937195 44.95965576171875
0.9999771118164062 0.006243691314011812 0.0026210499927401543 -0.22692663967609406 -0.006244450807571411 0.9999804496765137 0.0002821529924403876 -0.7125023603439331 -0.0026192371733486652 -0.00029851359431631863 0.9999964833259583 46.369171142578125
0.9999840259552002 0.005410578101873398 0.0016085129464045167 -0.2386884093284607 -0.00541152385994792 0.9999851584434509 0.0005847702850587666 -0.7348915934562683 -0.0016053251456469297 -0.0005934655200690031 0.9999984502792358 47.75315475463867
0.9999834299087524 0.005746256560087204 0.0003743867564480752 -0.23937708139419556 -0.005746710579842329 0.9999827742576599 0.001225694315508008 -0.7474364638328552 -0.0003673371102195233 -0.0012278256472200155 0.9999991655349731 49.180660247802734
0.9999831318855286 0.005776262376457453 -0.0006430285284295678 -0.2514447271823883 -0.005775276571512222 0.9999821782112122 0.0015248875133693218 -0.7809227108955383 0.0006518252776004374 -0.0015211481368169188 0.9999986290931702 50.59211730957031
0.9999818801879883 0.00567416800186038 -0.0020244524348527193 -0.263072669506073 -0.005669990088790655 0.9999818205833435 0.0020634534303098917 -0.7985938191413879 0.0020361237693578005 -0.0020519376266747713 0.9999958276748657 52.00520706176758
0.9999792575836182 0.005867281928658485 -0.002661335514858365 -0.2852270305156708 -0.005859491415321827 0.9999785423278809 0.002925547305494547 -0.820771336555481 0.002678442979231477 -0.0029098924715071917 0.9999921917915344 53.41142654418945
0.9999851584434509 0.004313257522881031 -0.0033434501383453608 -0.2941945493221283 -0.004300309810787439 0.9999832510948181 0.0038701158482581377 -0.8390285968780518 0.0033600875176489353 -0.003855680115520954 0.9999869465827942 54.85006332397461
0.9999886751174927 0.0023614862002432346 -0.004139084368944168 -0.30408400297164917 -0.0023439787328243256 0.999988317489624 0.004229547921568155 -0.8617243766784668 0.004149023909121752 -0.004219796974211931 0.999982476234436 56.292964935302734
0.9999880194664001 -0.00013332055823411793 -0.004899136256426573 -0.31223806738853455 0.00015285420522559434 0.9999920129776001 0.003987004514783621 -0.8816782832145691 0.004898565821349621 -0.003987704869359732 0.9999800324440002 57.71451950073242
0.9999867081642151 -0.0015365441795438528 -0.004943677689880133 -0.3252694308757782 0.0015569449169561267 0.9999902844429016 0.0041254181414842606 -0.9044379591941833 0.004937291145324707 -0.004133060108870268 0.9999792575836182 59.123531341552734
0.9999859929084778 -0.002689820947125554 -0.004555701278150082 -0.33575543761253357 0.0027108166832476854 0.9999857544898987 0.0046087163500487804 -0.9189871549606323 0.004543239250779152 -0.0046210018917918205 0.9999789595603943 60.55001449584961
0.9999865889549255 -0.0034728716127574444 -0.0038400785997509956 -0.34975528717041016 0.0034933346323668957 0.9999796748161316 0.0053350795060396194 -0.9390162229537964 0.003821472404524684 -0.005348423030227423 0.9999783635139465 61.98046112060547
0.9999810457229614 -0.005220185033977032 -0.0032839879859238863 -0.3655785322189331 0.005237368401139975 0.9999725222587585 0.00524581503123045 -0.9604943990707397 0.0032565139699727297 -0.00526291411370039 0.9999808669090271 63.37750244140625
0.9999721050262451 -0.00696815550327301 -0.0026957157533615828 -0.37295326590538025 0.006980052683502436 0.9999657869338989 0.004428827203810215 -0.9858956336975098 0.00266476278193295 -0.004447519313544035 0.9999865889549255 64.77239990234375
0.9999738931655884 -0.0068354373797774315 -0.002362203551456332 -0.37233152985572815 0.0068446616642177105 0.9999688863754272 0.003918868023902178 -1.0030196905136108 0.0023353430442512035 -0.003934933803975582 0.9999895691871643 66.193359375
0.9999861717224121 -0.005046410486102104 -0.0014937433879822493 -0.38921093940734863 0.005052213091403246 0.9999796152114868 0.003906943369656801 -1.0242414474487305 0.0014739969046786427 -0.003914435859769583 0.999991238117218 67.58491516113281
0.9999969005584717 -0.0022686030715703964 -0.0010682245483621955 -0.4028881788253784 0.0022744012530893087 0.9999825358390808 0.005458966828882694 -1.0450576543807983 0.0010558217763900757 -0.005461378954350948 0.9999845027923584 68.98721313476562
0.9999996423721313 0.000788814970292151 -0.00020884409605059773 -0.4104869067668915 -0.0007874437142163515 0.99997878074646 0.006486531812697649 -1.060992956161499 0.00021395625662989914 -0.0064863660372793674 0.9999789595603943 70.43707275390625
0.9999879002571106 0.004825280979275703 0.0009567434317432344 -0.42984846234321594 -0.004831965081393719 0.999963104724884 0.007111611310392618 -1.078291654586792 -0.0009223927045240998 -0.0071161482483148575 0.999974250793457 71.82501983642578
0.9999557137489319 0.00934144388884306 0.0011591543443500996 -0.44369077682495117 -0.00934867188334465 0.9999358654022217 0.006395086646080017 -1.0899386405944824 -0.0010993406176567078 -0.006405639927834272 0.9999788999557495 73.24211883544922
0.9999241828918457 0.01214673463255167 0.0020289653912186623 -0.4658198356628418 -0.01215819176286459 0.9999096393585205 0.005731908138841391 -1.1040441989898682 -0.001959158107638359 -0.005756141152232885 0.9999815821647644 74.62269592285156
0.9999099373817444 0.013275163248181343 0.0019335149554535747 -0.45364782214164734 -0.013286301866173744 0.999894380569458 0.005865987855941057 -1.1252565383911133 -0.001855438924394548 -0.005891149397939444 0.9999809265136719 76.0113754272461
0.9999099969863892 0.013254982419312 0.0020758784376084805 -0.4593520164489746 -0.013267596252262592 0.9998928308486938 0.006185954436659813 -1.1391633749008179 -0.001993661280721426 -0.006212939508259296 0.9999787211418152 77.42474365234375
0.999911904335022 0.013053975068032742 0.0023890596348792315 -0.4712640643119812 -0.013067057356238365 0.9998992085456848 0.0055453418754041195 -1.1547070741653442 -0.002316429978236556 -0.005576071795076132 0.9999818205833435 78.80858612060547
0.9999334216117859 0.011285797692835331 0.0023997887037694454 -0.4824574887752533 -0.011297320015728474 0.9999244809150696 0.0048427158035337925 -1.1752057075500488 -0.002344953827559948 -0.004869504831731319 0.9999853372573853 80.15840148925781
0.9999409317970276 0.010703270323574543 0.0018600396579131484 -0.4875911474227905 -0.010712431743741035 0.999930202960968 0.004987748339772224 -1.1941180229187012 -0.0018065249314531684 -0.0050073787569999695 0.9999858140945435 81.53687286376953
0.9999447464942932 0.01038422156125307 0.0016418361337855458 -0.4918426275253296 -0.010392352938652039 0.9999333620071411 0.005023873411118984 -1.2144379615783691 -0.0015895579708740115 -0.005040658172219992 0.9999860525131226 82.87030792236328
0.99995356798172 0.009620025753974915 0.0007742948364466429 -0.492885559797287 -0.009623496793210506 0.9999430179595947 0.004609208554029465 -1.2305797338485718 -0.0007299102144315839 -0.004616444930434227 0.9999890923500061 84.23487091064453
0.9999490976333618 0.010087372735142708 0.0002176191919716075 -0.5119664072990417 -0.010088327340781689 0.9999368190765381 0.004959456156939268 -1.2439475059509277 -0.0001675775711191818 -0.004961397964507341 0.9999876618385315 85.57930755615234
0.9999525547027588 0.009705957025289536 -0.0009480767766945064 -0.5136937499046326 -0.009700438939034939 0.9999369382858276 0.005660727620124817 -1.2661043405532837 0.0010029597906395793 -0.005651261657476425 0.999983549118042 86.94693756103516
0.9999696016311646 0.007446278817951679 -0.002305398928001523 -0.5233167409896851 -0.007430350873619318 0.9999490976333618 0.006841656286269426 -1.2845309972763062 0.00235622632317245 -0.006824319250881672 0.9999739527702332 88.34304809570312
0.9999810457229614 0.005211314186453819 -0.0032722321338951588 -0.5322089195251465 -0.005187104921787977 0.999959409236908 0.007363724987953901 -1.3031545877456665 0.0033104741014540195 -0.007346611935645342 0.9999675154685974 89.65022277832031
0.9999879002571106 0.002894187578931451 -0.0039873006753623486 -0.54441899061203 -0.002863520523533225 0.9999664425849915 0.007675514556467533 -1.3210945129394531 0.004009381867945194 -0.0076640029437839985 0.999962568283081 91.00372314453125
0.999988317489624 0.001526969950646162 -0.004567941650748253 -0.5543609857559204 -0.0014939381508156657 0.9999728798866272 0.0072258831933140755 -1.3449782133102417 0.004578849766403437 -0.00721897603943944 0.9999634623527527 92.36502075195312
0.9999884366989136 0.000512368103954941 -0.004775200504809618 -0.570631742477417 -0.00047969474690034986 0.9999764561653137 0.006840970832854509 -1.360352635383606 0.004778593312948942 -0.006838602013885975 0.9999651908874512 93.70101928710938
0.9999881386756897 0.0010233548237010837 -0.004761099349707365 -0.5908744931221008 -0.0009949622908607125 0.9999817609786987 0.005961988586932421 -1.3727807998657227 0.0047671133652329445 -0.005957180634140968 0.9999708533287048 95.05754852294922
0.9999889135360718 0.0009620447526685894 -0.004611365031450987 -0.6111815571784973 -0.0009372562635689974 0.9999850988388062 0.0053746518678963184 -1.3890438079833984 0.004616465885192156 -0.005370269995182753 0.9999749660491943 96.40621185302734
0.9999891519546509 0.001965078990906477 -0.004223809577524662 -0.6302802562713623 -0.001946033095009625 0.9999879598617554 0.004508460871875286 -1.405368685722351 0.0042326184920966625 -0.004500193055719137 0.9999809265136719 97.73886108398438
0.9999867081642151 0.0032417515758424997 -0.004021264147013426 -0.6521639823913574 -0.003223499283194542 0.9999845623970032 0.004537106491625309 -1.4193041324615479 0.004035910591483116 -0.004524083808064461 0.9999816417694092 99.07715606689453
0.9999865293502808 0.0036803698167204857 -0.0036484163720160723 -0.6591479778289795 -0.003657539375126362 0.9999737739562988 0.00624472089111805 -1.4410359859466553 0.0036713036242872477 -0.006231293082237244 0.9999738335609436 100.41808319091797
0.999982476234436 0.004512774292379618 -0.0038426595274358988 -0.678748607635498 -0.004482119809836149 0.999958336353302 0.007948908023536205 -1.4594521522521973 0.0038783710915595293 -0.007931545376777649 0.9999610781669617 101.74848175048828
0.9999837279319763 0.004544440656900406 -0.003451521974056959 -0.6870834827423096 -0.0045232311822474 0.9999709725379944 0.006128078792244196 -1.4798465967178345 0.0034792707301676273 -0.006112367380410433 0.9999752044677734 103.10051727294922
0.9999851584434509 0.004614383447915316 -0.0028902392368763685 -0.7113345265388489 -0.004603791516274214 0.9999826550483704 0.0036606022622436285 -1.493454933166504 0.002907080575823784 -0.0036472417414188385 0.9999890923500061 104.41942596435547
0.9999867677688599 0.0039909170009195805 -0.003289606422185898 -0.7171259522438049 -0.003982285503298044 0.9999886155128479 0.0026265052147209644 -1.5171538591384888 0.003300051437690854 -0.0026133707724511623 0.9999910593032837 105.75519561767578
0.999993085861206 0.0014636628329753876 -0.0034365542232990265 -0.7279517650604248 -0.0014494397910311818 0.9999903440475464 0.004137733485549688 -1.5372397899627686 0.003442577552050352 -0.004132723901420832 0.9999855160713196 107.07662963867188
0.9999974370002747 -2.5363005988765508e-05 -0.0022708119358867407 -0.7545579671859741 3.796178862103261e-05 0.999984622001648 0.0055482760071754456 -1.5470925569534302 0.0022706363815814257 -0.005548349115997553 0.9999820590019226 108.41788482666016
0.9999972581863403 -0.0017338256584480405 -0.0015732208266854286 -0.7636196613311768 0.00174338452052325 0.9999799728393555 0.0060948897153139114 -1.5670043230056763 0.0015626216772943735 -0.0060976166278123856 0.9999802708625793 109.7497787475586
0.9999971389770508 -0.0023353390861302614 -0.0005500177503563464 -0.7762516140937805 0.0023378387559205294 0.9999867677688599 0.004588715732097626 -1.5807806253433228 0.0005392940947785974 -0.004589989315718412 0.9999893307685852 111.09745025634766
0.9999998211860657 -0.0004727116320282221 0.0004427956591825932 -0.7903063893318176 0.00047146709403023124 0.9999959468841553 0.00280721765011549 -1.6029082536697388 -0.0004441209021024406 -0.0028070081025362015 0.9999959468841553 112.42431640625
0.999996542930603 0.0021702442318201065 0.0015804290305823088 -0.8027660250663757 -0.0021705564577132463 0.999997615814209 0.0001954415929503739 -1.6209602355957031 -0.001580001087859273 -0.00019887127564288676 0.9999987483024597 113.75200653076172
0.9999834299087524 0.004945366643369198 0.002960019977763295 -0.8113369345664978 -0.00494640227407217 0.9999876618385315 0.0003425929753575474 -1.6422423124313354 -0.0029582891147583723 -0.00035722870961762965 0.9999955892562866 115.07440185546875
0.9999702572822571 0.006098281126469374 0.0047239759005606174 -0.8185991644859314 -0.006110220681875944 0.9999781847000122 0.0025170932058244944 -1.6684656143188477 -0.0047085219994187355 -0.002545882249251008 0.9999856948852539 116.41178131103516
0.9999654293060303 0.006066447589546442 0.005692123901098967 -0.8151373267173767 -0.006094442680478096 0.9999693632125854 0.004913650918751955 -1.6870900392532349 -0.005662140902131796 -0.0049481699243187904 0.9999717473983765 117.74165344238281
0.9999639987945557 0.005437633488327265 0.006514002103358507 -0.8192170858383179 -0.005472708959132433 0.9999704957008362 0.005378910806030035 -1.7057074308395386 -0.006484560668468475 -0.005414366722106934 0.9999642968177795 119.08497619628906
0.9999524354934692 0.006233470980077982 0.007509442046284676 -0.8159072399139404 -0.006268983241170645 0.9999691843986511 0.004714806564152241 -1.7194623947143555 -0.00747982133179903 -0.004761659540235996 0.9999606609344482 120.42810821533203
0.9999288320541382 0.007814946584403515 0.00902734138071537 -0.8193982243537903 -0.007856210693717003 0.9999588131904602 0.004544578958302736 -1.741687536239624 -0.008991455659270287 -0.004615176003426313 0.9999488592147827 121.75800323486328
0.9999022483825684 0.00955801922827959 0.010207519866526127 -0.8111194968223572 -0.009603223763406277 0.999944269657135 0.004388810601085424 -1.758534550666809 -0.010165002197027206 -0.004486406687647104 0.9999382495880127 123.09669494628906
0.9998800158500671 0.010570955462753773 0.011325192637741566 -0.8155407309532166 -0.010607320815324783 0.9999389052391052 0.00315606826916337 -1.7747602462768555 -0.011291136965155602 -0.003275820054113865 0.9999308586120605 124.43309020996094
0.9998514652252197 0.011774740181863308 0.012592729181051254 -0.813286304473877 -0.011801320128142834 0.99992835521698 0.0020387214608490467 -1.7865629196166992 -0.012567821890115738 -0.0021870294585824013 0.9999185800552368 125.78410339355469
0.9998509287834167 0.010742204263806343 0.013514525257050991 -0.8060781955718994 -0.010771532543003559 0.9999397993087769 0.002099305158481002 -1.8082045316696167 -0.013491159304976463 -0.002244564238935709 0.9999064207077026 127.12625885009766
0.9998390078544617 0.010343343950808048 0.014661283232271671 -0.7998638153076172 -0.010389477014541626 0.9999412894248962 0.003073903499171138 -1.8235459327697754 -0.014628627337515354 -0.003225731197744608 0.9998878240585327 128.47373962402344
0.9998464584350586 0.008669260889291763 0.015225205570459366 -0.785686194896698 -0.008732439018785954 0.9999535083770752 0.004088067449629307 -1.8423517942428589 -0.01518905907869339 -0.00422039395198226 0.9998756647109985 129.8454132080078
0.9998422861099243 0.008126779459416866 0.015786034986376762 -0.7701858878135681 -0.00819513387978077 0.999957263469696 0.004270230419933796 -1.8560023307800293 -0.015750659629702568 -0.0043989261612296104 0.9998661875724792 131.19732666015625
0.9998518824577332 0.005997182335704565 0.0161261148750782 -0.7592847943305969 -0.006069577764719725 0.9999716877937317 0.004444243852049112 -1.8740230798721313 -0.016099005937576294 -0.004541465081274509 0.9998600482940674 132.53744506835938
0.9998630881309509 0.004491525702178478 0.015920333564281464 -0.7542136907577515 -0.004573857877403498 0.9999763369560242 0.005138950888067484 -1.892220377922058 -0.01589687168598175 -0.00521106505766511 0.9998600482940674 133.8782958984375
0.9998753666877747 0.0030704427044838667 0.015486587770283222 -0.743819534778595 -0.0031437906436622143 0.9999840259552002 0.004714183509349823 -1.9077666997909546 -0.015471863560378551 -0.004762283526360989 0.9998688697814941 135.23089599609375
0.9998968839645386 0.0018391222693026066 0.014242498204112053 -0.7310527563095093 -0.001902625197544694 0.999988317489624 0.0044464487582445145 -1.9208613634109497 -0.014234153553843498 -0.004473088309168816 0.9998886585235596 136.56365966796875
0.9999132752418518 0.0005567410844378173 0.01315306220203638 -0.7180801033973694 -0.0006257450440898538 0.9999861717224121 0.005242716055363417 -1.9357773065567017 -0.013149960897862911 -0.005250492598861456 0.999899685382843 137.9202880859375
0.9999252557754517 -0.000996589194983244 0.012185228057205677 -0.7079491019248962 0.0009262152016162872 0.9999828934669495 0.005779633764177561 -1.9602570533752441 -0.01219077780842781 -0.005767916329205036 0.999908983707428 139.24195861816406
0.9999357461929321 -0.0015476808184757829 0.0112255634739995 -0.7064501643180847 0.001483642845414579 0.9999825954437256 0.005710755940526724 -1.9741982221603394 -0.011234206147491932 -0.005693735554814339 0.9999206066131592 140.57208251953125
0.999948263168335 -0.0019897841848433018 0.009972643107175827 -0.6954620480537415 0.0019363107858225703 0.9999837279319763 0.0053687933832407 -1.9959349632263184 -0.009983163326978683 -0.0053492053411901 0.9999358057975769 141.91781616210938
0.9999599456787109 -0.0017746997764334083 0.008766072802245617 -0.6924237012863159 0.0017310200491920114 0.9999861717224121 0.004987842403352261 -2.0179450511932373 -0.008774799294769764 -0.004972468595951796 0.9999491572380066 143.26417541503906
0.9999569058418274 -0.004625229164958 0.008050218224525452 -0.6939710974693298 0.0046041253954172134 0.999985933303833 0.0026380992494523525 -2.0345211029052734 -0.008062304928898811 -0.0026009210851043463 0.99996417760849 144.59849548339844
0.9999282360076904 -0.009725836105644703 0.006996291223913431 -0.6791695952415466 0.00971129909157753 0.9999505877494812 0.002109093591570854 -2.0507233142852783 -0.007016458548605442 -0.0020409992430359125 0.9999732375144958 145.97903442382812
0.9998425841331482 -0.01662321947515011 0.006213790737092495 -0.6737410426139832 0.016597356647253036 0.9998534917831421 0.004190782550722361 -2.0641531944274902 -0.006282544229179621 -0.004086989909410477 0.999971866607666 147.32080078125
0.9997101426124573 -0.023593442514538765 0.004788264632225037 -0.6661422252655029 0.023566052317619324 0.9997060298919678 0.005699292756617069 -2.08317232131958 -0.004921323619782925 -0.005584800150245428 0.9999722242355347 148.68096923828125
0.9996119737625122 -0.02757089212536812 0.003962049260735512 -0.6521744132041931 0.027561523020267487 0.9996172189712524 0.002401237841695547 -2.1007907390594482 -0.004026737064123154 -0.0022911063861101866 0.9999892711639404 150.03688049316406
0.9996414184570312 -0.02641737088561058 0.004374522250145674 -0.6472910046577454 0.0264203529804945 0.9996506571769714 -0.0006250374135561287 -2.126718282699585 -0.004356482531875372 0.00074038963066414 0.9999902248382568 151.4025421142578
0.9997214674949646 -0.023072760552167892 0.004956374876201153 -0.6499618887901306 0.023086393252015114 0.9997297525405884 -0.002711407607421279 -2.1505753993988037 -0.00489247590303421 0.0028250771574676037 0.9999840259552002 152.72677612304688
0.9997206926345825 -0.0227707177400589 0.006328927353024483 -0.6550632119178772 0.02278873696923256 0.9997364282608032 -0.002790289930999279 -2.175530433654785 -0.006263722199946642 0.0029337387531995773 0.9999760985374451 154.08139038085938
0.9996367692947388 -0.026018669828772545 0.007025737315416336 -0.653816819190979 0.026013897731900215 0.9996613264083862 0.0007696434622630477 -2.2010250091552734 -0.007043383549898863 -0.0005865971324965358 0.9999750852584839 155.42506408691406
0.9994717836380005 -0.03156530484557152 0.0077285184524953365 -0.64607834815979 0.03153669089078903 0.9994953870773315 0.003796930192038417 -2.227353096008301 -0.007844471372663975 -0.003551193280145526 0.9999629259109497 156.77557373046875
0.9993460774421692 -0.03533732891082764 0.007670192047953606 -0.6350839138031006 0.035298675298690796 0.9993636608123779 0.005118439439684153 -2.2424259185791016 -0.007846183143556118 -0.004844344686716795 0.9999575018882751 158.11119079589844
0.999294102191925 -0.03679512441158295 0.007577539887279272 -0.6159559488296509 0.036759305745363235 0.9993125796318054 0.00481343362480402 -2.2596254348754883 -0.007749442011117935 -0.004531490616500378 0.9999596476554871 159.48468017578125
0.9993454813957214 -0.03517046570777893 0.008454732596874237 -0.6092572808265686 0.03512270376086235 0.9993665218353271 0.0057322122156620026 -2.2770681381225586 -0.00865098088979721 -0.0054315077140927315 0.9999477863311768 160.83189392089844
0.9994723200798035 -0.031147969886660576 0.009210809133946896 -0.5978727340698242 0.03110095113515854 0.9995027780532837 0.005204135552048683 -2.2986509799957275 -0.00936832558363676 -0.004914924968034029 0.9999440312385559 162.19631958007812
0.9995557069778442 -0.02764696069061756 0.011139278300106525 -0.6203396320343018 0.027615636587142944 0.9996143579483032 0.002955775475129485 -2.3183376789093018 -0.01121669914573431 -0.002646843669936061 0.9999336004257202 163.51348876953125
0.9996227025985718 -0.024768255650997162 0.01187908835709095 -0.6084142923355103 0.024743275716900826 0.9996913075447083 0.002245361916720867 -2.3350014686584473 -0.011931035667657852 -0.0019505866803228855 0.9999269843101501 164.86798095703125
0.999668300151825 -0.02256149612367153 0.01242281123995781 -0.6074962019920349 0.0225206445902586 0.999740481376648 0.003418720094487071 -2.3548359870910645 -0.012496720999479294 -0.0031378164421766996 0.9999169707298279 166.21713256835938
0.9997187852859497 -0.02060302346944809 0.011746127158403397 -0.5868154764175415 0.020568564534187317 0.9997838735580444 0.003046996658667922 -2.3766369819641113 -0.011806365102529526 -0.0028045387007296085 0.9999263286590576 167.58592224121094
0.9997660517692566 -0.01833372935652733 0.011477861553430557 -0.57252436876297 0.01832985319197178 0.9998319149017334 0.00044289769721217453 -2.392615556716919 -0.011484052054584026 -0.00023240651353262365 0.9999340176582336 168.95970153808594
0.9998359680175781 -0.014310684986412525 0.011101524345576763 -0.5702471733093262 0.014338767156004906 0.9998942017555237 -0.0024539208970963955 -2.412649631500244 -0.011065234430134296 0.002612700220197439 0.9999353289604187 170.31292724609375
0.9998980760574341 -0.009185127913951874 0.010932008735835552 -0.5648093223571777 0.009223784320056438 0.9999513626098633 -0.0034909823443740606 -2.4419162273406982 -0.010899413377046585 0.0035914608743041754 0.9999340772628784 171.68470764160156
0.9999247789382935 -0.004642205778509378 0.011345773935317993 -0.565517246723175 0.004668802488595247 0.9999864101409912 -0.002318850951269269 -2.4663448333740234 -0.011334853246808052 0.0023716480936855078 0.9999328851699829 173.054931640625
0.9999253749847412 -0.0013889349065721035 0.012137988582253456 -0.5667878985404968 0.0013957556802779436 0.9999988079071045 -0.0005534918163903058 -2.4888904094696045 -0.012137208133935928 0.0005703921196982265 0.9999261498451233 174.4143829345703
0.999925434589386 -0.0004290493088774383 0.012210571207106113 -0.5592066645622253 0.0004118746146559715 0.9999988675117493 0.0014090483309701085 -2.5066657066345215 -0.012211163528263569 -0.0014039138332009315 0.9999244213104248 175.79515075683594
0.9999279975891113 -0.003855218179523945 0.011362363584339619 -0.5539778470993042 0.003824640531092882 0.9999890327453613 0.0027116716373711824 -2.5277507305145264 -0.011372692883014679 -0.0026680193841457367 0.9999317526817322 177.15383911132812
0.9999414086341858 -0.005677845329046249 0.009211147204041481 -0.5348297357559204 0.005655983928591013 0.9999812245368958 0.002397706964984536 -2.5383574962615967 -0.009224587120115757 -0.0023454686161130667 0.9999547004699707 178.55018615722656
0.9999500513076782 -0.006162780802696943 0.007869559340178967 -0.540356457233429 0.0061741420067846775 0.9999799132347107 -0.0014203219907358289 -2.5687649250030518 -0.007860646583139896 0.0014688391238451004 0.9999680519104004 179.92652893066406
0.999969482421875 -0.004831438418477774 0.006150871515274048 -0.5323991179466248 0.0048662577755749226 0.9999720454216003 -0.005658618174493313 -2.5929059982299805 -0.006123361177742481 0.0056883771903812885 0.9999650716781616 181.31935119628906
0.9999849796295166 0.00036034834920428693 0.005470407195389271 -0.5315505266189575 -0.0003258414217270911 0.9999800324440002 -0.006307508330792189 -2.623399019241333 -0.0054725706577301025 0.0063056303188204765 0.9999651312828064 182.72792053222656
0.9999773502349854 0.004033649805933237 0.005383667536079884 -0.5388014912605286 -0.004005036782473326 0.9999778270721436 -0.005314982496201992 -2.65317964553833 -0.005404987372457981 0.005293299909681082 0.999971330165863 184.1305694580078
0.9999678730964661 0.005786923225969076 0.005569817032665014 -0.5451380610466003 -0.005776648875325918 0.9999815821647644 -0.0018588656093925238 -2.6786720752716064 -0.005580471362918615 0.0018266307888552547 0.9999827742576599 185.5345458984375
0.999961256980896 0.006566639989614487 0.005864699371159077 -0.5431292653083801 -0.00656837597489357 0.9999783039093018 0.0002767365949694067 -2.7025973796844482 -0.005862755235284567 -0.00031524739461019635 0.9999827742576599 186.9197540283203
0.9999645948410034 0.005952039733529091 0.005950676742941141 -0.5426102876663208 -0.005958082620054483 0.9999817609786987 0.0009984482312574983 -2.7175910472869873 -0.005944625474512577 -0.0010338674765080214 0.9999818205833435 188.3440704345703
0.9999748468399048 0.003949375357478857 0.005887381732463837 -0.5411351919174194 -0.003957644104957581 0.9999911785125732 0.0013934785965830088 -2.733494758605957 -0.005881825927644968 -0.0014167437329888344 0.9999817609786987 189.77035522460938
0.999979555606842 0.0019061313942074776 0.006100976374000311 -0.5366252064704895 -0.001919167465530336 0.9999958276748657 0.002131484216079116 -2.7597951889038086 -0.0060968887992203236 -0.0021431492641568184 0.9999791383743286 191.21221923828125
0.9999774694442749 -0.0006864375900477171 0.0066659231670200825 -0.5392756462097168 0.0006725467392243445 0.9999975562095642 0.0020858915522694588 -2.7769362926483154 -0.006667338777333498 -0.0020813613664358854 0.9999756217002869 192.64288330078125
0.9999690055847168 -0.003963741008192301 0.006802947726100683 -0.5316913723945618 0.003941650502383709 0.9999869465827942 0.0032575505319982767 -2.799800395965576 -0.006815770640969276 -0.0032306350767612457 0.9999715089797974 194.0462646484375
0.9999369978904724 -0.008598912507295609 0.007209094241261482 -0.5185714364051819 0.00856388732790947 0.9999514818191528 0.004875347018241882 -2.8184525966644287 -0.00725066801533103 -0.004813301842659712 0.9999621510505676 195.4795379638672
0.9999041557312012 -0.011579658836126328 0.0075907595455646515 -0.5072903037071228 0.011541992425918579 0.9999209642410278 0.004987305961549282 -2.8398540019989014 -0.0076479120180010796 -0.00489921635016799 0.9999587535858154 196.9257354736328
0.999924898147583 -0.009348328225314617 0.007923699915409088 -0.5043166875839233 0.009344902820885181 0.9999561905860901 0.00046929926611483097 -2.855943441390991 -0.007927740924060345 -0.0003952178230974823 0.999968409538269 198.3603057861328
0.9999637007713318 -0.0023670699447393417 0.008183876983821392 -0.5035843849182129 0.0024028276093304157 0.9999876022338867 -0.004362199921160936 -2.878045082092285 -0.008173450827598572 0.00438170600682497 0.9999569058418274 199.7821502685547
0.999922513961792 0.007601337507367134 0.009850897826254368 -0.516308605670929 -0.007553999312222004 0.9999597668647766 -0.004833833780139685 -2.9008443355560303 -0.009887244552373886 0.004759045783430338 0.9999397993087769 201.24191284179688
0.9998392462730408 0.014534393325448036 0.010500947944819927 -0.5137729644775391 -0.014524700120091438 0.9998939633369446 -0.0009989319369196892 -2.925023317337036 -0.010514352470636368 0.0008462481200695038 0.9999443292617798 202.68357849121094
0.9998009204864502 0.016094040125608444 0.011792371980845928 -0.5248631834983826 -0.016108734533190727 0.9998695850372314 0.0011522014392539859 -2.954131841659546 -0.01177229080349207 -0.0013419323367998004 0.9999297857284546 204.08908081054688
0.9998379349708557 0.014026287943124771 0.011281515471637249 -0.5115141868591309 -0.014041718095541 0.9999005198478699 0.001289524370804429 -2.9695494174957275 -0.011262306943535805 -0.0014477273216471076 0.999935507774353 205.53907775878906
0.9998838305473328 0.011185962706804276 0.01035100407898426 -0.5028644800186157 -0.011203072033822536 0.9999359250068665 0.0015964688500389457 -2.9941816329956055 -0.010332483798265457 -0.0017122464487329125 0.9999451041221619 206.98489379882812
0.9999048113822937 0.009485815651714802 0.01001857127994299 -0.5036424994468689 -0.009498280473053455 0.9999541640281677 0.0011972448555752635 -3.013963222503662 -0.010006756521761417 -0.0012922900496050715 0.9999490976333618 208.4374237060547
0.9999116659164429 0.009935256093740463 0.00882370863109827 -0.4762197732925415 -0.009937494061887264 0.9999505281448364 0.00020992445934098214 -3.0316195487976074 -0.008821184746921062 -0.0002975914685521275 0.9999609589576721 209.92788696289062
0.9998988509178162 0.011205131188035011 0.00875918660312891 -0.47520869970321655 -0.01121056079864502 0.9999369382858276 0.0005710528930649161 -3.0551273822784424 -0.00875223521143198 -0.000669190427288413 0.9999614357948303 211.3946533203125
0.9998862147331238 0.012202526442706585 0.008865964598953724 -0.48116686940193176 -0.012216802686452866 0.9999240636825562 0.0015576815931126475 -3.0793449878692627 -0.008846282958984375 -0.0016658181557431817 0.9999594688415527 212.85011291503906
0.9998914003372192 0.012288701720535755 0.00813713762909174 -0.4618957042694092 -0.012294989079236984 0.9999240636825562 0.0007229659822769463 -3.10071063041687 -0.008127634413540363 -0.0008229332743212581 0.9999666213989258 214.3505859375
0.999901294708252 0.01175165455788374 0.007702311035245657 -0.4545086622238159 -0.011750929988920689 0.9999309182167053 -0.00013935810420662165 -3.1294567584991455 -0.007703416049480438 4.8835099732968956e-05 0.9999703168869019 215.8194122314453
0.9999104738235474 0.011186734773218632 0.007356227375566959 -0.4501427114009857 -0.01118175033479929 0.9999372363090515 -0.0007187957526184618 -3.1458754539489746 -0.00736380647867918 0.0006364758592098951 0.9999727010726929 217.298828125
0.9999083876609802 0.011515012942254543 0.007114403881132603 -0.45335066318511963 -0.011509750038385391 0.9999334216117859 -0.0007804413908161223 -3.170081377029419 -0.007122916169464588 0.0006984850624576211 0.9999743700027466 218.77207946777344
0.9999021291732788 0.012018874287605286 0.007164925802499056 -0.45956894755363464 -0.012012667953968048 0.9999274611473083 -0.0009085954516194761 -3.1944010257720947 -0.007175325881689787 0.0008224366465583444 0.9999738931655884 220.24868774414062
0.9999060034751892 0.011989282444119453 0.006644450128078461 -0.45428067445755005 -0.011981271207332611 0.9999274611473083 -0.0012442723382264376 -3.218823194503784 -0.006658885627985001 0.0011645465856418014 0.9999771118164062 221.73464965820312
0.9998959898948669 0.012883838266134262 0.006475607864558697 -0.45595380663871765 -0.012876305729150772 0.9999163150787354 -0.0012035408290103078 -3.2484207153320312 -0.0064905728213489056 0.0011200339067727327 0.9999783039093018 223.17666625976562
