1.0 0.0 0.0 0.0 0.0 1.0 0.0 0.0 0.0 0.0 1.0 0.0
1.0 -5.1065057050436735e-05 0.00011740216723410413 -0.01460786908864975 5.089591650175862e-05 0.9999989867210388 0.0014402669621631503 -0.012579856440424919 -0.00011747558892238885 -0.0014402609085664153 0.999998927116394 1.3157137632369995
0.9999985694885254 -0.001587162259966135 -0.0006174369482323527 -0.011962427757680416 0.001588252722285688 0.9999971985816956 0.0017697624862194061 -0.03901904821395874 0.0006146262749098241 -0.001770740607753396 0.9999982714653015 2.617295026779175
0.9999960064888 -0.002758153947070241 -0.0006106851506046951 -0.016889920458197594 0.002758568152785301 0.9999959468841553 0.0006784735014662147 -0.053709566593170166 0.0006088113877922297 -0.0006801553536206484 0.9999995231628418 3.929704189300537
0.9999952912330627 -0.0030171291437000036 -0.0005921843694522977 -0.025876745581626892 0.0030175703577697277 0.9999951124191284 0.0007457289029844105 -0.07146936655044556 0.0005899315583519638 -0.0007475123275071383 0.9999995231628418 5.255801677703857
0.999993622303009 -0.0035290243104100227 -0.0005509969778358936 -0.026575233787298203 0.003529949812218547 0.999992311000824 0.001688276301138103 -0.09742278605699539 0.0005450348253361881 -0.0016902103088796139 0.9999983906745911 6.572658538818359
0.9999874830245972 -0.005002421326935291 -0.00022035546135157347 -0.03417552262544632 0.005002994555979967 0.9999839067459106 0.002685141982510686 -0.11085206270217896 0.00020691961981356144 -0.0026862111408263445 0.9999964237213135 7.897489547729492
0.9999891519546509 -0.004643092397600412 -0.00033560203155502677 -0.03956043720245361 0.0046442304737865925 0.9999831914901733 0.0034738206304609776 -0.13575133681297302 0.0003194671298842877 -0.0034753410145640373 0.9999939203262329 9.237183570861816
0.9999937415122986 -0.003501752158626914 -0.00047588656889274716 -0.050704166293144226 0.0035024904645979404 0.9999926686286926 0.0015607187524437904 -0.15209652483463287 0.00047041778452694416 -0.0015623761573806405 0.9999986290931702 10.582447052001953
0.9999987483024597 -0.0013499816413968801 -0.0008483997080475092 -0.05194990336894989 0.0013497060863301158 0.9999991059303284 -0.0003250986337661743 -0.17483413219451904 0.000848837720695883 0.0003239528741687536 0.9999995827674866 11.937745094299316
0.9999971985816956 0.0023254540283232927 -0.00040092424023896456 -0.07574018836021423 -0.002325962297618389 0.9999964237213135 -0.0012713209725916386 -0.2033648043870926 0.00039796653436496854 0.001272250316105783 0.9999991059303284 13.246269226074219
0.9999886751174927 0.004721205681562424 -0.0005856873467564583 -0.08597176522016525 -0.004722068551927805 0.9999878406524658 -0.0014796131290495396 -0.22458840906620026 0.0005786946276202798 0.001482362044043839 0.9999986886978149 14.586575508117676
0.9999834895133972 0.005736846476793289 -2.9357597668422386e-05 -0.10314914584159851 -0.005736857187002897 0.9999834895133972 -0.00040292504127137363 -0.2482539266347885 2.704547659959644e-05 0.00040308685856871307 0.9999998807907104 15.935284614562988
0.999994695186615 0.00324572017416358 0.00018143952183891088 -0.10574176162481308 -0.0032461562659591436 0.9999917149543762 0.0024598706513643265 -0.2679329514503479 -0.00017345395463053137 -0.002460446674376726 0.9999969601631165 17.289213180541992
0.9999993443489075 -0.001082890317775309 0.0001323423784924671 -0.09928806871175766 0.0010822934564203024 0.9999896287918091 0.004432905465364456 -0.29328489303588867 -0.0001371412945445627 -0.004432758782058954 0.9999902248382568 18.65925407409668
0.999994158744812 -0.003405076451599598 -1.084669634110469e-06 -0.10121386498212814 0.003405071794986725 0.9999924302101135 0.0019572845194488764 -0.3047947585582733 -5.579808657785179e-06 -0.0019572770688682795 0.9999980926513672 19.99329948425293
0.9999910593032837 -0.004225610755383968 8.131684444379061e-05 -0.11445257812738419 0.004225598182529211 0.9999911189079285 0.00015421188436448574 -0.3229255974292755 -8.196770068025216e-05 -0.00015386706218123436 0.9999999403953552 21.337303161621094
0.9999971985816956 -0.001963480142876506 0.0013066865503787994 -0.13177530467510223 0.001965154893696308 0.9999972581863403 -0.0012818996328860521 -0.3483799695968628 -0.0013041659258306026 0.0012844635639339685 0.9999982714653015 22.687631607055664
0.999998152256012 0.0011722876224666834 0.0016022014897316694 -0.12810781598091125 -0.0011730610858649015 0.9999992251396179 0.0004818170564249158 -0.37092453241348267 -0.0016016355948522687 -0.0004836955922655761 0.9999986290931702 24.054710388183594
0.9999963641166687 0.0016421329928562045 0.0021395389921963215 -0.13134504854679108 -0.0016505520325154066 0.9999908804893494 0.00393917178735137 -0.3878190219402313 -0.002133050700649619 -0.00394268985837698 0.9999900460243225 25.437211990356445
0.9999956488609314 -0.0007313142996281385 0.0028683438431471586 -0.13885632157325745 0.0007140309317037463 0.9999816417694092 0.006021993234753609 -0.4039243757724762 -0.002872695215046406 -0.00601991917937994 0.9999777674674988 26.797809600830078
0.9999823570251465 -0.00558368070051074 0.0020324932411313057 -0.1288667619228363 0.005575043149292469 0.9999755024909973 0.004230748396366835 -0.42275628447532654 -0.0020560661796480417 -0.004219342488795519 0.9999889731407166 28.173486709594727
0.9999825954437256 -0.005458727013319731 0.0022404806222766638 -0.1365443915128708 0.005454265978187323 0.9999831318855286 0.0019919637124985456 -0.4362623393535614 -0.002251316560432315 -0.001979708904400468 0.9999954700469971 29.542306900024414
0.999975860118866 -0.006334466859698296 0.00284017575904727 -0.1360381543636322 0.006335797253996134 0.9999797940254211 -0.0004598094383254647 -0.46147826313972473 -0.00283720507286489 0.0004777928988914937 0.9999958872795105 30.92037010192871
0.9999896287918091 -0.0027755803894251585 0.003609171137213707 -0.15043893456459045 0.002779271686449647 0.9999955892562866 -0.0010181339457631111 -0.48471859097480774 -0.0036063287407159805 0.0010281542781740427 0.9999930262565613 32.29654312133789
0.9999901652336121 -0.002255598781630397 0.00381647446192801 -0.14927266538143158 0.0022680514957755804 0.9999921321868896 -0.003261709585785866 -0.5098041892051697 -0.0038090862799435854 0.0032703338656574488 0.9999874234199524 33.67067337036133
0.9999914169311523 -0.0015851532807573676 0.003819215577095747 -0.14653846621513367 0.0015956361312419176 0.9999949932098389 -0.002743331715464592 -0.5317263007164001 -0.003814847208559513 0.0027494023088365793 0.9999890327453613 35.06471633911133
0.9999920129776001 -0.0010739404242485762 0.0038533760234713554 -0.15839345753192902 0.0010802596807479858 0.9999980330467224 -0.001638200948946178 -0.5564835071563721 -0.00385160930454731 0.0016423503402620554 0.999991238117218 36.457027435302734
0.9999944567680359 0.00016346736811101437 0.0033427136950194836 -0.16076010465621948 -0.0001645326556172222 1.0 0.00031842454336583614 -0.5830066204071045 -0.003342661540955305 -0.000318972859531641 0.9999943971633911 37.859107971191406
0.9999895095825195 0.0029156729578971863 0.0035289046354591846 -0.16651898622512817 -0.0029175542294979095 0.9999955296516418 0.0005280109471641481 -0.609663724899292 -0.0035273495595902205 -0.0005383011302910745 0.999993622303009 39.260902404785156
0.9999762773513794 0.005585563834756613 0.004020920488983393 -0.17886073887348175 -0.005585957784205675 0.9999843239784241 8.67491471581161e-05 -0.6289767622947693 -0.0040203724056482315 -0.00010920772911049426 0.9999918937683105 40.652130126953125
0.9999659657478333 0.007342655211687088 0.003749996889382601 -0.17771436274051666 -0.007344495505094528 0.999972939491272 0.0004766244674101472 -0.65071702003479 -0.0037463956978172064 -0.000504150113556534 0.999992847442627 42.07242965698242
0.9999608397483826 0.008154395036399364 0.0034388811327517033 -0.17888973653316498 -0.00815585907548666 0.9999667406082153 0.0004121156525798142 -0.6719381809234619 -0.0034354054369032383 -0.00044014654122292995 0.9999939799308777 43.47142028808594
0.9999696016311646 0.007230402901768684 0.0029167889151722193 -0.18345466256141663 -0.00723168533295393 0.9999737739562988 0.0004291080404073 -0.6979676485061646 -0.0029136098455637693 -0.0004501882940530777 0.9999956488609314 44.89213180541992
0.9999774694442749 0.00631554052233696 0.0022637946531176567 -0.18358397483825684 -0.0063157109543681145 0.999980092048645 6.842287257313728e-05 -0.7187265157699585 -0.00226331758312881 -8.271884871646762e-05 0.9999974370002747 46.28696060180664
0.9999833703041077 0.005645624361932278 0.0011243097251281142 -0.18499693274497986 -0.005645810626447201 0.9999840259552002 0.00016282490105368197 -0.7410603165626526 -0.0011233723489567637 -0.0001691698416834697 0.9999993443489075 47.70700454711914
0.9999829530715942 0.005841005127876997 -9.995652362704277e-06 -0.18812963366508484 -0.005840987432748079 0.9999821186065674 0.0012905519688501954 -0.7614147067070007 1.7533544450998306e-05 -0.0012904717586934566 0.9999991059303284 49.13516616821289
0.9999793767929077 0.006340153515338898 -0.001038087299093604 -0.194937065243721 -0.006339178420603275 0.9999794363975525 0.0009386520250700414 -0.7817386984825134 0.0010440172627568245 -0.000932052091229707 0.9999990463256836 50.55181884765625
0.9999750256538391 0.006741548888385296 -0.0021534101106226444 -0.21045246720314026 -0.006738270167261362 0.9999760985374451 0.001526003354229033 -0.8024383187294006 0.002163646509870887 -0.0015114548150449991 0.9999964833259583 51.96187973022461
0.9999709129333496 0.006898796651512384 -0.00324832065962255 -0.22118401527404785 -0.0068914215080440044 0.9999736547470093 0.002275979844853282 -0.8225299715995789 0.0032639361452311277 -0.002253528218716383 0.9999921321868896 53.39407730102539
0.9999769330024719 0.005577558185905218 -0.003858326468616724 -0.23303894698619843 -0.005565315019339323 0.9999794363975525 0.003176473081111908 -0.8409640789031982 0.0038759640883654356 -0.003154926933348179 0.9999875426292419 54.83147430419922
0.9999848008155823 0.003422878449782729 -0.00431976979598403 -0.2489008903503418 -0.003407870652154088 0.9999880790710449 0.003476891666650772 -0.8634059429168701 0.0043316190131008625 -0.0034621176309883595 0.999984622001648 56.26385498046875
0.9999886155128479 0.0010668307077139616 -0.004647776484489441 -0.26391229033470154 -0.0010538700735196471 0.9999954700469971 0.0027900824788957834 -0.8837963938713074 0.0046507325023412704 -0.0027851522900164127 0.9999852776527405 57.66432571411133
0.9999880194664001 0.0001479098864365369 -0.004894249141216278 -0.2760530710220337 -0.00013223050336819142 0.9999948143959045 0.003203767351806164 -0.9036550521850586 0.004894697107374668 -0.003203081898391247 0.9999828338623047 59.087886810302734
0.9999900460243225 -0.0010479448828846216 -0.004343831911683083 -0.28643998503685 0.0010635771322995424 0.9999929666519165 0.003597995499148965 -0.9223949909210205 0.004340031184256077 -0.003602579003199935 0.999984085559845 60.50878143310547
0.999989926815033 -0.0024449459742754698 -0.0037641958333551884 -0.29578572511672974 0.0024620520416647196 0.9999867081642151 0.004546596668660641 -0.942474365234375 0.003753029741346836 -0.004555818159133196 0.9999825954437256 61.9418830871582
0.9999869465827942 -0.003870248794555664 -0.00333992182277143 -0.30796775221824646 0.003884029807522893 0.9999838471412659 0.004129690118134022 -0.9665931463241577 0.003323885379359126 -0.004142608027905226 0.9999858736991882 63.343223571777344
0.9999831318855286 -0.005143018905073404 -0.002725505968555808 -0.3211315870285034 0.005152030382305384 0.9999812245368958 0.003310029162093997 -0.9848428964614868 0.0027084313333034515 -0.0033240143675357103 0.9999908208847046 64.7503433227539
0.9999818801879883 -0.005512242671102285 -0.0024244480300694704 -0.3202046751976013 0.0055197542533278465 0.9999799132347107 0.003102388698607683 -1.009342908859253 0.00240729795768857 -0.0031157145276665688 0.9999922513961792 66.16646575927734
0.9999889135360718 -0.0044789700768888 -0.0014870257582515478 -0.33151090145111084 0.004483380354940891 0.9999855160713196 0.002975831273943186 -1.0262115001678467 0.0014736757148057222 -0.0029824646189808846 0.9999944567680359 67.59407806396484
0.9999986290931702 -0.0012215314200147986 -0.0011195651022717357 -0.3457283079624176 0.0012261694064363837 0.9999905824661255 0.004151241388171911 -1.045470118522644 0.0011144836898893118 -0.004152609035372734 0.9999907612800598 68.96905517578125
0.9999979734420776 0.0020239930599927902 7.515924517065287e-05 -0.3654102087020874 -0.00202436582185328 0.9999836683273315 0.005341782234609127 -1.0651589632034302 -6.434612441807985e-05 -0.005341922864317894 0.9999857544898987 70.35957336425781
0.9999829530715942 0.00582199776545167 0.0005023950943723321 -0.3708686828613281 -0.0058248816058039665 0.9999653697013855 0.00594305107370019 -1.0840468406677246 -0.0004677772813010961 -0.005945876706391573 0.9999821782112122 71.76435852050781
0.9999501705169678 0.009913615882396698 0.0011524984147399664 -0.38670453429222107 -0.009919838048517704 0.999935507774353 0.005524992011487484 -1.1001838445663452 -0.001097651431336999 -0.005536150187253952 0.999984085559845 73.16374206542969
0.9999088048934937 0.013394837267696857 0.0017329438123852015 -0.3997311592102051 -0.013403428718447685 0.9998973608016968 0.00504468847066164 -1.1237890720367432 -0.0016651934711262584 -0.005067455116659403 0.9999857544898987 74.56407928466797
0.9998822808265686 0.015153043903410435 0.002407466061413288 -0.40636366605758667 -0.015164783224463463 0.9998728036880493 0.0049361432902514935 -1.1434977054595947 -0.0023323623463511467 -0.004972070921212435 0.9999849200248718 75.95247650146484
0.9998851418495178 0.014958406798541546 0.002434155438095331 -0.4087930917739868 -0.014970919117331505 0.9998743534088135 0.005205855239182711 -1.157341480255127 -0.0023559785913676023 -0.005241698585450649 0.9999834299087524 77.35443115234375
0.9998942017555237 0.014293097890913486 0.002708346350118518 -0.4167355000972748 -0.01430593989789486 0.9998862147331238 0.004783182870596647 -1.1766326427459717 -0.002639671554788947 -0.004821421578526497 0.999984860420227 78.72879791259766
0.9999153017997742 0.01277784164994955 0.002461968921124935 -0.4195147156715393 -0.01278756931424141 0.9999104738235474 0.003977036103606224 -1.1957299709320068 -0.0024109298828989267 -0.0040081823244690895 0.9999890327453613 80.12069702148438
0.9999232888221741 0.012245016172528267 0.001878730719909072 -0.4216410517692566 -0.012252799235284328 0.999916136264801 0.004189019091427326 -1.218701958656311 -0.0018272788729518652 -0.004211716819554567 0.99998939037323 81.49686431884766
0.9999234080314636 0.01225713174790144 0.0017264728667214513 -0.42016470432281494 -0.012264000251889229 0.999916672706604 0.004026819486171007 -1.2354828119277954 -0.0016769715584814548 -0.004047683905810118 0.9999903440475464 82.87096405029297
0.9999315738677979 0.011659989133477211 0.0009226078982464969 -0.41832783818244934 -0.01166312862187624 0.9999259114265442 0.0034747966565191746 -1.252928614616394 -0.0008820234797894955 -0.0034853192046284676 0.9999935626983643 84.23540496826172
0.9999296069145203 0.011857498437166214 0.0004117065982427448 -0.4370748698711395 -0.011859015561640263 0.9999220371246338 0.0038998962845653296 -1.2698382139205933 -0.0003654315078165382 -0.003904504468664527 0.999992311000824 85.60037231445312
0.9999340772628784 0.01145490724593401 -0.0008239684975706041 -0.43454062938690186 -0.01145092211663723 0.9999234080314636 0.004691374022513628 -1.2924326658248901 0.0008776446920819581 -0.004681628197431564 0.9999886751174927 86.9600830078125
0.9999546408653259 0.009363631717860699 -0.0017600520513951778 -0.44612443447113037 -0.009353559464216232 0.9999402761459351 0.00564758712425828 -1.3127292394638062 0.0018128292867913842 -0.005630867555737495 0.999982476234436 88.35124206542969
0.9999685287475586 0.007350205443799496 -0.0029705066699534655 -0.45960533618927 -0.0073324148543179035 0.9999552965164185 0.00595652312040329 -1.3272494077682495 0.0030141554307192564 -0.0059345560148358345 0.9999777674674988 89.72236633300781
0.9999802112579346 0.004835890606045723 -0.004020144697278738 -0.4632924199104309 -0.00481127854436636 0.9999697804450989 0.006109423469752073 -1.347278118133545 0.004049567971378565 -0.006089961156249046 0.9999731779098511 91.08930206298828
0.9999813437461853 0.0038585341535508633 -0.004732231143862009 -0.46991166472435 -0.003833281109109521 0.9999784827232361 0.0053339567966759205 -1.3647927045822144 0.004752709995955229 -0.005315717309713364 0.9999745488166809 92.45840454101562
0.999984860420227 0.002892800373956561 -0.004674341529607773 -0.4835531413555145 -0.0028695790097117424 0.9999834895133972 0.0049669439904391766 -1.3810434341430664 0.004688633605837822 -0.004953456111252308 0.9999767541885376 93.78623962402344
0.9999817609786987 0.003007560735568404 -0.005239284597337246 -0.49310895800590515 -0.002985686296597123 0.9999867677688599 0.004177989438176155 -1.3964316844940186 0.005251781549304724 -0.00416226964443922 0.9999775886535645 95.1367416381836
0.9999827742576599 0.002904866123571992 -0.005092527251690626 -0.5055448412895203 -0.002884968649595976 0.9999881982803345 0.003910162020474672 -1.4209096431732178 0.0051038251258432865 -0.0038954035844653845 0.9999793767929077 96.5042724609375
0.9999827742576599 0.0035076835192739964 -0.0047003584913909435 -0.5273277163505554 -0.0034919341560453176 0.9999882578849792 0.0033546392805874348 -1.443205714225769 0.004712069407105446 -0.0033381686080247164 0.9999833106994629 97.84371948242188
0.999975860118866 0.005286903120577335 -0.004501295275986195 -0.5420252084732056 -0.005272025242447853 0.999980628490448 0.003310595639050007 -1.4601490497589111 0.004518710542470217 -0.0032867854461073875 0.9999843835830688 99.18824768066406
0.9999745488166809 0.005875471979379654 -0.004061340354382992 -0.5607861280441284 -0.005855682771652937 0.9999710917472839 0.00486732879653573 -1.4801470041275024 0.00408982066437602 -0.0048434236086905 0.9999799132347107 100.51786041259766
0.9999645948410034 0.00725653488188982 -0.004250393249094486 -0.5699191689491272 -0.007231007795780897 0.9999558925628662 0.005990755744278431 -1.4978444576263428 0.0042936778627336025 -0.005959810223430395 0.9999729990959167 101.8644027709961
0.9999683499336243 0.00692387018352747 -0.003922919277101755 -0.5849542021751404 -0.006905432790517807 0.9999651908874512 0.004693957976996899 -1.5137040615081787 0.00395528320223093 -0.00466671958565712 0.9999813437461853 103.2001953125
0.9999680519104004 0.007009750232100487 -0.0038493741303682327 -0.6009469032287598 -0.007001691497862339 0.9999732971191406 0.0021027985494583845 -1.5350327491760254 0.003864011960104108 -0.0020757790189236403 0.9999903440475464 104.4969482421875
0.9999740123748779 0.005940495524555445 -0.004095184616744518 -0.6076505184173584 -0.005937190726399422 0.9999820590019226 0.0008189654909074306 -1.5522465705871582 0.004099976271390915 -0.0007946306141093373 0.9999912977218628 105.85218048095703
0.9999850988388062 0.003760782303288579 -0.0039580888114869595 -0.6213288903236389 -0.0037516446318477392 0.9999902844429016 0.0023135512601584196 -1.5802706480026245 0.003966751042753458 -0.0022986673284322023 0.9999895095825195 107.16108703613281
0.9999942779541016 0.0014824263053014874 -0.0030573811382055283 -0.6349771022796631 -0.001468887785449624 0.9999891519546509 0.004425750579684973 -1.5995131731033325 0.003063908778131008 -0.004421234130859375 0.9999855756759644 108.50235748291016
0.9999968409538269 0.0002623933833092451 -0.0024722565431147814 -0.6384962797164917 -0.00025087097310461104 0.9999890923500061 0.004659822676330805 -1.6157066822052002 0.0024734523613005877 -0.004659187514334917 0.9999860525131226 109.8167724609375
0.9999980330467224 -0.0007405502256006002 -0.0017984999576583505 -0.6445311307907104 0.0007467098184861243 0.9999937415122986 0.003426609095185995 -1.6357052326202393 0.0017959512770175934 -0.0034279446117579937 0.9999924898147583 111.13845825195312
0.9999985694885254 0.0014120766427367926 -0.0010407303925603628 -0.659995436668396 -0.0014108062023296952 0.9999982714653015 0.0012203255901113153 -1.659488320350647 0.0010424519423395395 -0.0012188556138426065 0.9999986886978149 112.45783233642578
0.999993622303009 0.003527103690430522 0.0005855031777173281 -0.6723675727844238 -0.0035265027545392513 0.9999932050704956 -0.0010240455158054829 -1.6797550916671753 -0.0005891112377867103 0.001021974254399538 0.9999992847442627 113.79537963867188
0.999975323677063 0.006825506221503019 0.0016502379439771175 -0.6825448870658875 -0.0068237329833209515 0.9999761581420898 -0.0010777957504615188 -1.699840784072876 -0.0016575549961999059 0.0010665084701031446 0.9999980330467224 115.10476684570312
0.9999613165855408 0.008261808194220066 0.003005429171025753 -0.6898627877235413 -0.008263861760497093 0.9999656081199646 0.0006720111705362797 -1.7201926708221436 -0.002999774180352688 -0.0006968214875087142 0.999995231628418 116.45035552978516
0.9999614953994751 0.007639691233634949 0.004309966694563627 -0.6954259872436523 -0.00765366293489933 0.9999654293060303 0.003234375733882189 -1.7471283674240112 -0.0042851087637245655 -0.003267238149419427 0.9999854564666748 117.76930236816406
0.9999614357948303 0.007021763827651739 0.005274311639368534 -0.6970424652099609 -0.007041549310088158 0.9999682307243347 0.00374235725030303 -1.7648191452026367 -0.00524786626920104 -0.003779352642595768 0.9999790787696838 119.1092529296875
0.9999510645866394 0.00771752605214715 0.006188221741467714 -0.6963684558868408 -0.007736392319202423 0.9999654293060303 0.003030366962775588 -1.7793846130371094 -0.0061646210961043835 -0.003078093286603689 0.9999762177467346 120.44599914550781
0.9999287724494934 0.00935639999806881 0.007402193266898394 -0.6917509436607361 -0.009373948909342289 0.9999533891677856 0.002339503960683942 -1.7955889701843262 -0.007379957474768162 -0.002408725442364812 0.9999698400497437 121.79145050048828
0.999893069267273 0.011704256758093834 0.00877039972692728 -0.701188325881958 -0.011722982861101627 0.9999291300773621 0.002086772583425045 -1.8177614212036133 -0.008745355531573296 -0.002189364517107606 0.9999593496322632 123.13493347167969
0.9998771548271179 0.012249568477272987 0.00978265143930912 -0.6964596509933472 -0.012257736176252365 0.9999246001243591 0.0007753781974315643 -1.8331456184387207 -0.009772415272891521 -0.0008951961062848568 0.9999518990516663 124.4822998046875
0.9998500347137451 0.013542392291128635 0.010796012356877327 -0.6918911933898926 -0.013546893373131752 0.9999080896377563 0.00034404618781991303 -1.8623826503753662 -0.010790360160171986 -0.0004902469809167087 0.9999416470527649 125.81790161132812
0.9998462200164795 0.012773164547979832 0.012015638872981071 -0.6889222860336304 -0.012775124981999397 0.9999182820320129 8.657202124595642e-05 -1.8813730478286743 -0.012013551779091358 -0.00024006000603549182 0.999927818775177 127.16471099853516
0.9998489618301392 0.01198892667889595 0.012575481086969376 -0.6736741065979004 -0.012006654404103756 0.9999269843101501 0.0013351705856621265 -1.9064561128616333 -0.01255855429917574 -0.0014859584625810385 0.9999199509620667 128.5220489501953
0.9998470544815063 0.01125924289226532 0.013380630873143673 -0.6632496118545532 -0.011286769062280655 0.9999342560768127 0.0019833154510706663 -1.9289495944976807 -0.01335742138326168 -0.0021340358071029186 0.9999085068702698 129.83326721191406
0.9998471736907959 0.010284966789186 0.014131600968539715 -0.6629879474639893 -0.010320203378796577 0.9999437928199768 0.0024230079725384712 -1.945330262184143 -0.014105886220932007 -0.0025684789288789034 0.9998971223831177 131.2328643798828
0.9998720288276672 0.007904368452727795 0.013903200626373291 -0.6449606418609619 -0.007933507673442364 0.9999663829803467 0.0020418474450707436 -1.9536089897155762 -0.013886595144867897 -0.002151887398213148 0.9999012351036072 132.59945678710938
0.9998857975006104 0.00632529566064477 0.013727323152124882 -0.6330668926239014 -0.0063702138140797615 0.9999744892120361 0.003230863017961383 -1.986331820487976 -0.01370653510093689 -0.003317939816042781 0.9999005794525146 133.95704650878906
0.9999008774757385 0.0047143795527517796 0.013271477073431015 -0.625489354133606 -0.004752981010824442 0.9999845623970032 0.002878570929169655 -2.004148483276367 -0.013257700949907303 -0.002941364189609885 0.9999077916145325 135.30337524414062
0.9999220967292786 0.0036362409591674805 0.011941126547753811 -0.6143360137939453 -0.003670732257887721 0.9999891519546509 0.002867871429771185 -2.024549961090088 -0.011930570006370544 -0.002911480376496911 0.9999246001243591 136.62918090820312
0.9999375343322754 0.001816810225136578 0.011029443703591824 -0.6007267236709595 -0.0018586665391921997 0.9999911189079285 0.00378586957231164 -2.0431909561157227 -0.011022467166185379 -0.0038061330560594797 0.9999319911003113 138.0079345703125
0.9999479651451111 0.0006043631001375616 0.010181297548115253 -0.596900463104248 -0.0006437187548726797 0.999992311000824 0.0038626280147582293 -2.0601389408111572 -0.010178885422647 -0.0038689810317009687 0.9999406337738037 139.35733032226562
0.9999630451202393 0.00042641794425435364 0.008582742884755135 -0.5821475982666016 -0.0004581668181344867 0.9999932050704956 0.0036975617986172438 -2.079240322113037 -0.008581104688346386 -0.0037013578694313765 0.9999562501907349 140.71090698242188
0.9999725818634033 -0.0003868810599669814 0.007398493122309446 -0.5781729221343994 0.0003629610000643879 0.9999948143959045 0.0032341741025447845 -2.0998573303222656 -0.007399706169962883 -0.0032313999254256487 0.9999673366546631 142.05035400390625
0.9999777674674988 9.10220478544943e-05 0.006670214235782623 -0.5779511332511902 -0.00011157842527609318 0.999995231628418 0.0030815142672508955 -2.1220180988311768 -0.00666990177705884 -0.003082189941778779 0.9999729990959167 143.38739013671875
0.9999808073043823 -0.0025079611223191023 0.005675269290804863 -0.579213559627533 0.0025036700535565615 0.9999966025352478 0.000763079384341836 -2.14266037940979 -0.005677164066582918 -0.000748856458812952 0.999983549118042 144.72238159179688
0.9999555945396423 -0.008208353072404861 0.004619114100933075 -0.5616692900657654 0.008207524195313454 0.9999662637710571 0.00019834870181512088 -2.1617069244384766 -0.004620586521923542 -0.00016042840434238315 0.9999892711639404 146.0972137451172
0.9998753666877747 -0.01522133406251669 0.004180284217000008 -0.5657432079315186 0.015210268087685108 0.9998807907104492 0.002666923450306058 -2.180375814437866 -0.004220378585159779 -0.002603007946163416 0.9999877214431763 147.4427490234375
0.9997449517250061 -0.022485528141260147 0.0021181677002459764 -0.5470130443572998 0.022476939484477043 0.9997393488883972 0.00399361876770854 -2.2020914554595947 -0.002207414712756872 -0.003944989759474993 0.9999898076057434 148.798583984375
0.999657392501831 -0.026157602667808533 0.0009126565419137478 -0.5326293706893921 0.026157088577747345 0.9996576309204102 0.0005661686882376671 -2.2190818786621094 -0.0009271538583561778 -0.0005421023815870285 0.9999994039535522 150.1572265625
0.9996885061264038 -0.02489520236849785 0.0017500757239758968 -0.5444251298904419 0.024899374693632126 0.9996870756149292 -0.002404269762337208 -2.2501425743103027 -0.0016896732850000262 0.0024470968637615442 0.9999955892562866 151.50186157226562
0.9997701048851013 -0.021264033392071724 0.0027398113161325455 -0.5542365312576294 0.02127654477953911 0.9997629523277283 -0.004621090833097696 -2.274993896484375 -0.0026408990379422903 0.004678322933614254 0.9999855756759644 152.83349609375
0.9997524619102478 -0.021978406235575676 0.0035004368983209133 -0.5551648139953613 0.02199394255876541 0.999748170375824 -0.0044630845077335835 -2.3081705570220947 -0.003401464316993952 0.004538967274129391 0.9999839067459106 154.2061309814453
0.9996713399887085 -0.025253215804696083 0.004436936695128679 -0.5611962676048279 0.025256842374801636 0.999680757522583 -0.0007634644862264395 -2.3382322788238525 -0.004416240379214287 0.0008752767462283373 0.9999898076057434 155.54855346679688
0.9995211958885193 -0.030592136085033417 0.004624435678124428 -0.5423987507820129 0.03058350458741188 0.9995303750038147 0.0019252672791481018 -2.3603999614715576 -0.004681161604821682 -0.0017829141579568386 0.9999874830245972 156.91458129882812
0.9994017481803894 -0.03430245816707611 0.004404389299452305 -0.5352290272712708 0.034287821501493454 0.9994064569473267 0.003355727531015873 -2.378706693649292 -0.004516884218901396 -0.0032027035485953093 0.9999846816062927 158.250244140625
0.9993543028831482 -0.03560248017311096 0.004823183175176382 -0.52895188331604 0.035587161779403687 0.999361515045166 0.00322372792288661 -2.3997488021850586 -0.0049348752945661545 -0.003050004132091999 0.9999831914901733 159.612548828125
0.9994045495986938 -0.03399619460105896 0.005899387411773205 -0.5311697125434875 0.033972229808568954 0.999414324760437 0.004116608761250973 -2.4189438819885254 -0.006035880651324987 -0.0039137424901127815 0.9999741911888123 160.95538330078125
0.9995259642601013 -0.030085843056440353 0.006517522037029266 -0.5129581689834595 0.030064720660448074 0.9995424747467041 0.003314781468361616 -2.4413161277770996 -0.006614268757402897 -0.003117262851446867 0.9999733567237854 162.3326416015625
0.9996212720870972 -0.02635507471859455 0.007919288240373135 -0.5337731838226318 0.02634800784289837 0.9996523261070251 0.000995431561022997 -2.46246075630188 -0.007942769676446915 -0.0007863971404731274 0.9999681711196899 163.67532348632812
0.9996790289878845 -0.02371480129659176 0.00891073327511549 -0.5274176597595215 0.023709632456302643 0.9997187256813049 0.0006850908976048231 -2.4851090908050537 -0.008924472145736217 -0.0004736009577754885 0.9999600648880005 165.02859497070312
0.9997327327728271 -0.021208329126238823 0.009204607456922531 -0.5343610048294067 0.02119535766541958 0.9997742176055908 0.0015040942234918475 -2.5075180530548096 -0.009234428405761719 -0.0013085973914712667 0.999956488609314 166.3915252685547
0.9997718930244446 -0.01957988552749157 0.008537175133824348 -0.5162618160247803 0.019569478929042816 0.9998076558113098 0.0013004383072257042 -2.5345377922058105 -0.008560994639992714 -0.001133073354139924 0.9999626874923706 167.7589111328125
0.9998197555541992 -0.01705102249979973 0.008350469172000885 -0.5171670913696289 0.01706434041261673 0.999853253364563 -0.0015262812376022339 -2.5498039722442627 -0.00832321960479021 0.0016685010632500052 0.9999639391899109 169.1353759765625
0.9998825788497925 -0.013126330450177193 0.007901900447905064 -0.5180195569992065 0.013160389848053455 0.9999042749404907 -0.004274013917893171 -2.573391914367676 -0.007845043204724789 0.004377503879368305 0.9999595880508423 170.4884796142578
0.9999377727508545 -0.007887054234743118 0.007886386476457119 -0.5208686590194702 0.007928899489343166 0.9999545812606812 -0.005288851447403431 -2.609747886657715 -0.00784431491047144 0.0053510526195168495 0.9999549388885498 171.87071228027344
0.9999604225158691 -0.003444110741838813 0.008202271535992622 -0.5255563259124756 0.003478389699012041 0.9999852776527405 -0.004168591927736998 -2.6342835426330566 -0.008187794126570225 0.0041969576850533485 0.9999576807022095 173.24156188964844
0.9999600648880005 -0.00041787122609093785 0.008925515227019787 -0.5297871828079224 0.00043790866038762033 0.9999973773956299 -0.0022431248798966408 -2.660874128341675 -0.008924553170800209 0.002246943535283208 0.9999576210975647 174.60479736328125
0.9999593496322632 0.0007454651058651507 0.008979704231023788 -0.5264053344726562 -0.0007414700230583549 0.9999997019767761 -0.000448232633061707 -2.678711175918579 -0.008980034850537777 0.0004415565636008978 0.9999595284461975 175.9873504638672
0.9999625086784363 -0.0028528065886348486 0.008169024251401424 -0.523874044418335 0.0028452991973608732 0.9999955296516418 0.0009305112180300057 -2.7064261436462402 -0.008171643130481243 -0.0009072330431081355 0.9999662041664124 177.35989379882812
0.9999690651893616 -0.0045611741952598095 0.006398774683475494 -0.5144429206848145 0.004555267747491598 0.9999891519546509 0.0009372860076837242 -2.7235465049743652 -0.0064029814675450325 -0.0009081088937819004 0.9999791383743286 178.74932861328125
0.9999744296073914 -0.005324563477188349 0.0047657908871769905 -0.5198907852172852 0.0053395298309624195 0.9999807476997375 -0.0031332066282629967 -2.7553398609161377 -0.0047490159049630165 0.003158572828397155 0.9999837279319763 180.1123046875
0.9999893307685852 -0.0035870999563485384 0.0028999659698456526 -0.51357102394104 0.003609343199059367 0.9999637603759766 -0.007701726630330086 -2.7777328491210938 -0.002872233744710684 0.007712110877037048 0.9999661445617676 181.50836181640625
0.9999955892562866 0.0017997028771787882 0.0023650825023651123 -0.5281859636306763 -0.0017803185619413853 0.9999649524688721 -0.008172711357474327 -2.8146824836730957 -0.0023797079920768738 0.00816846638917923 0.9999637603759766 182.91070556640625
0.9999824166297913 0.005471386015415192 0.0022803284227848053 -0.5386480689048767 -0.005454808473587036 0.9999591112136841 -0.007213303353637457 -2.8488426208496094 -0.0023197014816105366 0.007200738415122032 0.9999713897705078 184.30555725097656
0.9999696612358093 0.007294939365237951 0.002723885467275977 -0.5511500239372253 -0.007285043131560087 0.9999670386314392 -0.0036255698651075363 -2.879765748977661 -0.0027502435259521008 0.003605616744607687 0.9999896883964539 185.70054626464844
0.9999626278877258 0.008117594756186008 0.0029728622175753117 -0.5545011162757874 -0.008112999610602856 0.9999659061431885 -0.0015539487358182669 -2.906783103942871 -0.0029853752348572016 0.0015297713689506054 0.9999943971633911 187.09657287597656
0.9999681115150452 0.00741592375561595 0.002946321852505207 -0.5531138181686401 -0.0074133193120360374 0.9999721050262451 -0.0008940225234255195 -2.92464280128479 -0.0029528699815273285 0.0008721518097445369 0.999995231628418 188.5142364501953
0.9999800324440002 0.005630040541291237 0.0028702726121991873 -0.5585247874259949 -0.005628400016576052 0.9999840259552002 -0.0005798750789836049 -2.941805839538574 -0.0028734919615089893 0.0005637082504108548 0.9999956488609314 189.9313507080078
0.9999908208847046 0.0031022343318909407 0.0029638740234076977 -0.5544210076332092 -0.0031037135049700737 0.9999950528144836 0.0004943666281178594 -2.9772236347198486 -0.0029623256996273994 -0.0005035611102357507 0.9999954700469971 191.35997009277344
0.999994158744812 0.0005563053418882191 0.0033812238834798336 -0.5609135627746582 -0.0005578105919994414 0.9999997615814209 0.00044407323002815247 -2.9979875087738037 -0.0033809763845056295 -0.0004459567426238209 0.9999942183494568 192.79518127441406
0.9999900460243225 -0.002748581115156412 0.003522912971675396 -0.5485918521881104 0.0027433664072304964 0.9999950528144836 0.0014842492528259754 -3.0209813117980957 -0.0035269754007458687 -0.0014745696680620313 0.9999926686286926 194.2039337158203
0.9999665021896362 -0.006997520569711924 0.004243573639541864 -0.5525283813476562 0.006985187064856291 0.999971330165863 0.002914144890382886 -3.038825750350952 -0.004263843409717083 -0.0028844051994383335 0.9999867677688599 195.63485717773438
0.9999416470527649 -0.009842648170888424 0.004474280867725611 -0.5426288843154907 0.009828743524849415 0.9999467730522156 0.003118976252153516 -3.0636396408081055 -0.0045047421008348465 -0.0030748173594474792 0.9999850392341614 197.0595245361328
0.9999601244926453 -0.007470841519534588 0.00490207877010107 -0.5483889579772949 0.00747869536280632 0.9999707341194153 -0.001585927326232195 -3.081007719039917 -0.004890087991952896 0.0016225245781242847 0.9999866485595703 198.48480224609375
0.9999866485595703 -0.0005716538289561868 0.005134006030857563 -0.5504988431930542 0.0006046121707186103 0.9999791979789734 -0.0064203618094325066 -3.10748291015625 -0.005130228586494923 0.006423380691558123 0.9999661445617676 199.91714477539062
0.9999401569366455 0.008663425222039223 0.006680118385702372 -0.5656660795211792 -0.00862038228660822 0.9999420642852783 -0.006445502396672964 -3.1396234035491943 -0.006735571660101414 0.006387530360370874 0.9999569058418274 201.3595733642578
0.9998268485069275 0.016918331384658813 0.007742234971374273 -0.5837329626083374 -0.016895292326807976 0.9998526573181152 -0.003031669883057475 -3.1620848178863525 -0.007792385295033455 0.002900337101891637 0.9999654293060303 202.7957305908203
0.9998195767402649 0.017005786299705505 0.008463299833238125 -0.5746315717697144 -0.017003482207655907 0.9998553395271301 -0.0003443974710535258 -3.197330951690674 -0.008467930369079113 0.00020042972755618393 0.9999641180038452 204.23219299316406
0.9998524188995361 0.0151254553347826 0.008150644600391388 -0.5723421573638916 -0.015126611106097698 0.9998855590820312 7.991536404006183e-05 -3.217616081237793 -0.008148501627147198 -0.00020319514442235231 0.9999668002128601 205.6719512939453
0.9999085664749146 0.011659088544547558 0.006844949908554554 -0.560077428817749 -0.011658933013677597 0.999932050704956 -6.262451643124223e-05 -3.2418060302734375 -0.006845215335488319 -1.718584098853171e-05 0.9999765753746033 207.12210083007812
0.9999252557754517 0.010633797384798527 0.006031947210431099 -0.558385968208313 -0.010629487223923206 0.999943196773529 -0.0007461928762495518 -3.2594051361083984 -0.006039538886398077 0.0006820205599069595 0.9999815225601196 208.5665283203125
0.9999266266822815 0.01087990216910839 0.005318053998053074 -0.5514830350875854 -0.010875005275011063 0.9999403953552246 -0.0009487502975389361 -3.28377628326416 -0.005328059196472168 0.0008908467716537416 0.99998539686203 210.0386199951172
0.9999194741249084 0.011692866683006287 0.0049216533079743385 -0.5502433776855469 -0.01168975979089737 0.9999314546585083 -0.0006592863355763257 -3.3129494190216064 -0.004929025657474995 0.0006017002742737532 0.9999876618385315 211.49139404296875
0.9999058842658997 0.012725267559289932 0.0051136021502316 -0.5580692291259766 -0.012725071981549263 0.999919056892395 -7.060343341436237e-05 -3.3385539054870605 -0.005114086903631687 5.525716915144585e-06 0.9999869465827942 212.949462890625
0.9999088644981384 0.012601852416992188 0.00484541617333889 -0.5617494583129883 -0.012600814923644066 0.999920666217804 -0.00024449024931527674 -3.3632616996765137 -0.004848112817853689 0.00018341165559832007 0.9999882578849792 214.41709899902344
0.999911904335022 0.012412144802510738 0.004690383095294237 -0.5640023946762085 -0.012404915876686573 0.9999217391014099 -0.0015675253234803677 -3.389749526977539 -0.004709473345428705 0.0015092033427208662 0.999987781047821 215.86915588378906
0.9999163150787354 0.012018950656056404 0.004774400033056736 -0.5716034173965454 -0.012009385041892529 0.9999257326126099 -0.0020267635118216276 -3.410118341445923 -0.004798405338078737 0.001969256205484271 0.9999865293502808 217.3230438232422
0.9999165534973145 0.012293247506022453 0.003964199218899012 -0.5659566521644592 -0.01228514313697815 0.9999223351478577 -0.0020629866048693657 -3.440128803253174 -0.00398925319314003 0.002014113822951913 0.9999899864196777 218.80975341796875
0.9999148845672607 0.012465550564229488 0.003846236737444997 -0.5721529126167297 -0.01245688647031784 0.9999198317527771 -0.0022685162257403135 -3.4645371437072754 -0.00387420691549778 0.0022204110864549875 0.9999900460243225 220.28981018066406
0.9999163150787354 0.012564140371978283 0.0030929239001125097 -0.5684385895729065 -0.012556145898997784 0.9999178647994995 -0.002590800868347287 -3.4904303550720215 -0.0031252212356776 0.0025517491158097982 0.9999918341636658 221.7805938720703
0.9999047517776489 0.0134489256888628 0.0030717565678060055 -0.5764294266700745 -0.01344064436852932 0.9999059438705444 -0.0027014545630663633 -3.5217552185058594 -0.003107799682766199 0.002659911522641778 0.9999916553497314 223.25823974609375
