0.9999896287918091 0.0029753977432847023 0.0034454097039997578 -0.06090198829770088 -0.0029758394230157137 0.9999955892562866 0.0001230745401699096 0.18245276808738708 -0.003445028094574809 -0.00013332624803297222 0.9999940395355225 -1.4442369937896729
0.999997079372406 0.0013562284875661135 0.002007298404350877 -0.06146423891186714 -0.0013546153204515576 0.9999988079071045 -0.0008046904695220292 0.17482687532901764 -0.002008387353271246 0.0008019689121283591 0.999997615814209 -0.8799902200698853
0.9999987483024597 0.0011501298286020756 0.0010327576892450452 -0.06488578021526337 -0.0011475894134491682 0.9999963641166687 -0.0024568468797951937 0.16504886746406555 -0.00103557959664613 0.002455658745020628 0.9999964237213135 -0.32466888427734375
0.9999992847442627 0.00046579833724536 -0.0011015108320862055 -0.0643017515540123 -0.0004695526440627873 0.9999940991401672 -0.003410743549466133 0.14744944870471954 0.0010999158257618546 0.003411258105188608 0.9999935626983643 0.24053925275802612
0.999994695186615 -0.001366715761832893 -0.0029539568349719048 -0.07301954180002213 0.0013507616240531206 0.9999845623970032 -0.005396256688982248 0.14136411249637604 0.0029612863436341286 0.005392237100750208 0.9999810457229614 0.8080533742904663
0.999983549118042 -0.004103943705558777 -0.004012556746602058 -0.08442442119121552 0.004076594021171331 0.9999685883522034 -0.0068003712221980095 0.11558446288108826 0.004040339030325413 0.006783901713788509 0.9999688267707825 1.3602111339569092
0.9999708533287048 -0.005283041391521692 -0.005504638887941837 -0.08954639732837677 0.005242472048848867 0.9999591112136841 -0.00735853798687458 0.10219481587409973 0.005543290171772242 0.007329465355724096 0.999957799911499 1.932887315750122
0.9999633431434631 -0.005266997963190079 -0.006753361318260431 -0.10020455718040466 0.005221760831773281 0.9999638795852661 -0.006698549259454012 0.09000498801469803 0.006788400001823902 0.006663039326667786 0.9999547600746155 2.5132462978363037
0.9999536871910095 -0.005690635647624731 -0.00775397103279829 -0.10911167412996292 0.005635084584355354 0.9999583959579468 -0.007167143747210503 0.0763634666800499 0.0077944351360201836 0.007123117335140705 0.999944269657135 3.107008218765259
0.9999459981918335 -0.005075015593320131 -0.009070508182048798 -0.11615334451198578 0.004985397215932608 0.9999387860298157 -0.009875672869384289 0.060117751359939575 0.009120072238147259 0.009829919785261154 0.9999101161956787 3.700417995452881
0.9999410510063171 -0.0033735085744410753 -0.010314183309674263 -0.12856046855449677 0.0032325265929102898 0.9999014735221863 -0.013654999434947968 0.04551616683602333 0.010359231382608414 0.013620855286717415 0.9998535513877869 4.3066606521606445
0.9999295473098755 -0.0020910666789859533 -0.01168446522206068 -0.14263775944709778 0.001886390964500606 0.9998449683189392 -0.017500590533018112 0.03519006446003914 0.011719250120222569 0.01747731864452362 0.9997786283493042 4.921930313110352
0.9999194145202637 -0.00014441466191783547 -0.012699983082711697 -0.15986475348472595 -7.769966032356024e-05 0.9998470544815063 -0.01748715341091156 0.0208429042249918 0.012700566090643406 0.017486728727817535 0.9997664093971252 5.549658298492432
0.9999002814292908 0.0020563327707350254 -0.013968550600111485 -0.16944028437137604 -0.002204039366915822 0.9999417662620544 -0.010567091405391693 0.010436778888106346 0.013946009799838066 0.01059682760387659 0.9998465180397034 6.187197208404541
0.9998927712440491 0.0029131865594536066 -0.014352683909237385 -0.18841306865215302 -0.002910331590101123 0.9999957084655762 0.00021979839948471636 -0.004010655451565981 0.01435326412320137 -0.00017800201021600515 0.9998969435691833 6.849373817443848
0.9998751878738403 0.0036937284749001265 -0.015364889055490494 -0.20077131688594818 -0.0035924247931689024 0.9999716877937317 0.006615559570491314 -0.011859283782541752 0.015388892032206059 -0.006559532601386309 0.9998600482940674 7.534542560577393
0.9998404383659363 0.005917292553931475 -0.016856104135513306 -0.21548734605312347 -0.005823928862810135 0.9999674558639526 0.005582583136856556 -0.026264652609825134 0.016888592392206192 -0.005483523011207581 0.9998422861099243 8.21660041809082
0.9998176693916321 0.007914790883660316 -0.017375536262989044 -0.23923136293888092 -0.007944443263113499 0.999967098236084 -0.0016382311005145311 -0.03168077394366264 0.017362002283334732 0.0017759711481630802 0.9998476505279541 8.908514976501465
0.9997978806495667 0.007574594113975763 -0.01862633414566517 -0.25490832328796387 -0.007715622894465923 0.9999420046806335 -0.007511278614401817 -0.031559914350509644 0.018568363040685654 0.0076534743420779705 0.9997983574867249 9.6190767288208
0.9997896552085876 0.005158891901373863 -0.019853375852108 -0.2680111527442932 -0.005277251359075308 0.9999685883522034 -0.005913896951824427 -0.03344609960913658 0.019822245463728905 0.0060174246318638325 0.9997854828834534 10.357531547546387
0.9997860789299011 0.004760876763612032 -0.020129021257162094 -0.288387268781662 -0.004694461356848478 0.9999833703041077 0.0033454643562436104 -0.04595630243420601 0.020144613459706306 -0.0032502536196261644 0.9997918009757996 11.119125366210938
0.9997825622558594 0.004184130113571882 -0.020430216565728188 -0.30740275979042053 -0.003963581286370754 0.9999335408210754 0.010823803953826427 -0.05045454204082489 0.0204741470515728 -0.010740472935140133 0.9997327327728271 11.89400577545166
0.9997748732566833 0.003353193635120988 -0.020955974236130714 -0.3289705216884613 -0.0030765130650252104 0.9999078512191772 0.013221308588981628 -0.051625002175569534 0.020998377352952957 -0.013153860345482826 0.9996930360794067 12.681968688964844
0.9997736215591431 0.001633358420804143 -0.021216746419668198 -0.34499391913414 -0.0013749381760135293 0.9999247789382935 0.012188911437988281 -0.05090279132127762 0.021235056221485138 -0.01215698104351759 0.9997006058692932 13.489580154418945
0.999788224697113 0.000877504120580852 -0.02056533843278885 -0.3630073070526123 -0.0006756381480954587 0.9999515414237976 0.009820731356739998 -0.05090643838047981 0.02057296223938465 -0.009804755449295044 0.9997403025627136 14.31501293182373
0.9997937083244324 0.003596062073484063 -0.0199876856058836 -0.38491809368133545 -0.0034656685311347246 0.9999725222587585 0.006554505322128534 -0.05208688601851463 0.020010707899928093 -0.006483882665634155 0.9997788071632385 15.15278148651123
0.9998142719268799 0.0003182023065164685 -0.019272176548838615 -0.40115535259246826 -0.000300320127280429 0.9999995231628418 0.000930767972022295 -0.05714952200651169 0.019272463396191597 -0.0009248059941455722 0.9998138546943665 16.00826072692871
0.999824583530426 -0.0023363677319139242 -0.018580488860607147 -0.4164317846298218 0.0022359704598784447 0.9999827742576599 -0.005422317888587713 -0.06524835526943207 0.01859283819794655 0.005379823502153158 0.9998127222061157 16.877811431884766
0.9998454451560974 -0.0012875193497166038 -0.017538858577609062 -0.4314756691455841 0.0010988754220306873 0.9999414086341858 -0.010761162266135216 -0.07866793125867844 0.017551688477396965 0.010740223340690136 0.999788224697113 17.788209915161133
0.999853789806366 -6.185854999785079e-06 -0.017097098752856255 -0.4558393359184265 -0.00019209929450880736 0.9999327063560486 -0.01159590296447277 -0.09327799826860428 0.01709602028131485 0.01159749273210764 0.9997865557670593 18.692827224731445
0.999836266040802 -8.311618148582056e-05 -0.018094178289175034 -0.4669058322906494 -0.00011586197797441855 0.999939501285553 -0.010995475575327873 -0.11138570308685303 0.018093999475240707 0.010995771735906601 0.9997758269309998 19.62947654724121
0.9998448491096497 0.0016326569020748138 -0.017536107450723648 -0.4988086223602295 -0.0018488592468202114 0.9999223947525024 -0.012319841422140598 -0.1370343118906021 0.017514633014798164 0.012350351549685001 0.9997703433036804 20.57131004333496
0.9998343586921692 0.004813408944755793 -0.017548004165291786 -0.5128528475761414 -0.005067941267043352 0.999882161617279 -0.014489450491964817 -0.1570909321308136 0.017476191744208336 0.014575984328985214 0.9997409582138062 21.545196533203125
0.9998094439506531 0.008096819743514061 -0.017762314528226852 -0.5381935238838196 -0.008370151743292809 0.9998468160629272 -0.015368329361081123 -0.17894645035266876 0.017635159194469452 0.015514073893427849 0.9997240900993347 22.510955810546875
0.999800980091095 0.009883376769721508 -0.017328640446066856 -0.5740564465522766 -0.010147281922399998 0.999832808971405 -0.015208195894956589 -0.20651063323020935 0.017175432294607162 0.015381007455289364 0.9997341632843018 23.492881774902344
0.9997803568840027 0.010950449854135513 -0.017869092524051666 -0.5929309129714966 -0.01122448593378067 0.9998197555541992 -0.015308201313018799 -0.2318038046360016 0.017698241397738457 0.015505408868193626 0.9997231364250183 24.46949005126953
0.9997782707214355 0.010333498939871788 -0.018352754414081573 -0.6059490442276001 -0.010618523694574833 0.9998233914375305 -0.015501408837735653 -0.25445398688316345 0.018189329653978348 0.015692848712205887 0.9997113943099976 25.4468936920166
0.999754011631012 0.012141237035393715 -0.018561741337180138 -0.6303293704986572 -0.012404407374560833 0.9998231530189514 -0.014129268936812878 -0.29463064670562744 0.01838691346347332 0.014356039464473724 0.9997279047966003 26.480178833007812
0.9997402429580688 0.012768259271979332 -0.018880074843764305 -0.6529538631439209 -0.012993077747523785 0.9998455047607422 -0.011833335272967815 -0.32333093881607056 0.01872606761753559 0.012075570411980152 0.9997517466545105 27.498592376708984
0.9997298121452332 0.013469202443957329 -0.018946237862110138 -0.6800840497016907 -0.01367215346544981 0.9998500943183899 -0.010623438283801079 -0.35093411803245544 0.01880030706524849 0.010879602283239365 0.9997640252113342 28.518457412719727
0.9997166395187378 0.01378817018121481 -0.019405324012041092 -0.6975619196891785 -0.014020854607224464 0.9998307824134827 -0.011906121857464314 -0.37289750576019287 0.019237879663705826 0.012174826115369797 0.9997407793998718 29.552520751953125
0.9997032284736633 0.014978407882153988 -0.01921173371374607 -0.7334094643592834 -0.015231016092002392 0.999798595905304 -0.01307038776576519 -0.39944174885749817 0.01901208981871605 0.013359123840928078 0.9997299909591675 30.55231475830078
0.9996987581253052 0.014541731216013432 -0.019772235304117203 -0.7573633790016174 -0.01478455401957035 0.9998164176940918 -0.012190788984298706 -0.4239750802516937 0.019591329619288445 0.012479440309107304 0.999730110168457 31.589527130126953
0.9996938705444336 0.014243697747588158 -0.020230602473020554 -0.7841565012931824 -0.014442134648561478 0.9998487234115601 -0.009696770459413528 -0.4479568898677826 0.020089423283934593 0.009985976852476597 0.9997482895851135 32.64317321777344
0.9996843338012695 0.014380531385540962 -0.02060176245868206 -0.8147016763687134 -0.014505529776215553 0.9998772144317627 -0.005930792540311813 -0.4733368158340454 0.020513946190476418 0.006227760575711727 0.9997701644897461 33.695274353027344
0.9996718764305115 0.014296705834567547 -0.021255115047097206 -0.8346167206764221 -0.014376111328601837 0.999890148639679 -0.003587766783311963 -0.49586021900177 0.021201487630605698 0.0038921551313251257 0.9997676610946655 34.77817916870117
0.9996611475944519 0.01460219081491232 -0.021552883088588715 -0.8654540181159973 -0.014673466794192791 0.9998874068260193 -0.00315263494849205 -0.512939453125 0.021504418924450874 0.003467821516096592 0.9997627139091492 35.85041046142578
0.9996523261070251 0.013919384218752384 -0.022395092993974686 -0.8900754451751709 -0.014019124209880829 0.9998924136161804 -0.004302854184061289 -0.5375275611877441 0.02233278937637806 0.004615317098796368 0.999739944934845 36.93878936767578
0.9996321201324463 0.01450649555772543 -0.02291739359498024 -0.9249621033668518 -0.014626136980950832 0.9998802542686462 -0.005061574745923281 -0.5540087223052979 0.02284122258424759 0.0053949058055877686 0.9997245669364929 38.018253326416016
0.9996214509010315 0.014100237749516964 -0.023625683039426804 -0.9506788849830627 -0.01419609785079956 0.9998916387557983 -0.0038945940323174 -0.5770642161369324 0.023568207398056984 0.004228512290865183 0.9997133016586304 39.104217529296875
0.9995896816253662 0.01470855250954628 -0.024579167366027832 -0.9817557334899902 -0.014766830950975418 0.99988853931427 -0.0021912131924182177 -0.5917069911956787 0.02454419992864132 0.0025532697327435017 0.9996954798698425 40.19135665893555
0.99958735704422 0.014143520966172218 -0.025000901892781258 -1.0188648700714111 -0.014128416776657104 0.9998998641967773 0.00078067637514323 -0.6201258897781372 0.025009440258145332 -0.0004271314537618309 0.999687135219574 41.28290557861328
0.9995582699775696 0.015702812001109123 -0.025233924388885498 -1.059942364692688 -0.01569199189543724 0.9998766183853149 0.0006267566932365298 -0.6419692039489746 0.02524065226316452 -0.00023050940944813192 0.9996814131736755 42.359214782714844
0.9995180368423462 0.01684775948524475 -0.02607368305325508 -1.077562928199768 -0.016936425119638443 0.9998515248298645 -0.003183468244969845 -0.6664732694625854 0.026016179472208023 0.003623528638854623 0.9996548891067505 43.4568977355957
0.9995052814483643 0.01802879199385643 -0.025772573426365852 -1.1169660091400146 -0.01822379045188427 0.9998069405555725 -0.0073513612151145935 -0.6856903433799744 0.02563505992293358 0.007817397825419903 0.9996407628059387 44.536678314208984
0.9994857311248779 0.018520066514611244 -0.02617703564465046 -1.147090196609497 -0.01873287744820118 0.9997933506965637 -0.00790796522051096 -0.7072246074676514 0.02602516859769821 0.008394269272685051 0.9996260404586792 45.61832809448242
0.9994710087776184 0.019329959526658058 -0.026154112070798874 -1.181228756904602 -0.019467007368803024 0.999798059463501 -0.00499555142596364 -0.7338459491729736 0.026052268221974373 0.005502050742506981 0.9996454119682312 46.71855163574219
0.9994800686836243 0.01943225786089897 -0.025734545662999153 -1.215769648551941 -0.019511757418513298 0.9998055100440979 -0.0028416577260941267 -0.7580567598342896 0.025674322620034218 0.0033423060085624456 0.9996647834777832 47.82600784301758
0.9995058178901672 0.017924154177308083 -0.025824788957834244 -1.246427297592163 -0.01796955056488514 0.9998373985290527 -0.001526918145827949 -0.7796515226364136 0.025793222710490227 0.0019902235362678766 0.999665379524231 48.915016174316406
0.9995130896568298 0.017829351127147675 -0.025605682283639908 -1.274430751800537 -0.0178851205855608 0.99983811378479 -0.0019506996031850576 -0.806911289691925 0.02556675672531128 0.002407710300758481 0.9996702075004578 50.00456619262695
0.9995376467704773 0.01733451336622238 -0.024980319663882256 -1.3195013999938965 -0.01744828186929226 0.9998382925987244 -0.004343481734395027 -0.8240938186645508 0.02490098960697651 0.004777336958795786 0.9996784925460815 51.09825134277344
0.9995418787002563 0.017155777662992477 -0.024931345134973526 -1.341866374015808 -0.017320483922958374 0.9998294711112976 -0.006405585911124945 -0.8458067178726196 0.024817200377583504 0.006834474857896566 0.9996686577796936 52.18593978881836
0.9995560050010681 0.01657702401280403 -0.024761110544204712 -1.3762058019638062 -0.01679895631968975 0.999820351600647 -0.008781940676271915 -0.878951907157898 0.024611081928014755 0.00919400155544281 0.9996547698974609 53.28923034667969
0.9995967149734497 0.014751962386071682 -0.02426563948392868 -1.4101738929748535 -0.015046483837068081 0.9998147487640381 -0.011999956332147121 -0.9105872511863708 0.024084117263555527 0.012360231019556522 0.9996335506439209 54.366764068603516
0.9996198415756226 0.01312182005494833 -0.02424982748925686 -1.4365015029907227 -0.013456260785460472 0.999815821647644 -0.013680076226592064 -0.9419349431991577 0.024065852165222168 0.014001188799738884 0.9996123313903809 55.45466232299805
0.9996532797813416 0.011006454937160015 -0.02392132207751274 -1.4604979753494263 -0.01127864420413971 0.9998728036880493 -0.011273561045527458 -0.9724979996681213 0.02379419654607773 0.011539452709257603 0.9996503591537476 56.53843307495117
0.9996705651283264 0.01013086922466755 -0.02358122356235981 -1.496821403503418 -0.010271722450852394 0.9999300837516785 -0.005859578028321266 -0.9955927133560181 0.02352021262049675 0.0060998667031526566 0.9997047781944275 57.64332580566406
0.9996944665908813 0.008444505743682384 -0.023229539394378662 -1.524660587310791 -0.008451566100120544 0.9999642968177795 -0.00020578643307089806 -1.0149562358856201 0.023226968944072723 0.0004020492488052696 0.9997302293777466 58.73887634277344
0.9997037053108215 0.00708147743716836 -0.023289091885089874 -1.5508874654769897 -0.007064744830131531 0.9999747276306152 0.0008006627322174609 -1.0386042594909668 0.023294176906347275 -0.000635894073639065 0.9997284412384033 59.83124923706055
0.9997168779373169 0.0038205012679100037 -0.023484235629439354 -1.5721588134765625 -0.0038726155180484056 0.9999901652336121 -0.002174078021198511 -1.0549839735031128 0.02347569912672043 0.0022644076962023973 0.999721884727478 60.92742156982422
0.9997312426567078 0.0023915155325084925 -0.023055389523506165 -1.6073874235153198 -0.0025175618939101696 0.9999821186065674 -0.005439657252281904 -1.074467658996582 0.023041967302560806 0.005496240220963955 0.9997193813323975 62.0142822265625
0.9997194409370422 0.004987319931387901 -0.02315395139157772 -1.639573574066162 -0.005203085020184517 0.9999434351921082 -0.009267834015190601 -1.106843113899231 0.023106422275304794 0.009385704062879086 0.9996888637542725 63.10321807861328
0.9997153878211975 0.00501583656296134 -0.02332318387925625 -1.665597915649414 -0.005335570778697729 0.9998923540115356 -0.013666892424225807 -1.1311980485916138 0.023252123966813087 0.013787442818284035 0.9996345043182373 64.19679260253906
0.9997106790542603 0.008278711698949337 -0.02258452959358692 -1.7027555704116821 -0.008604676462709904 0.9998595714569092 -0.014374304562807083 -1.1606470346450806 0.022462356835603714 0.014564476907253265 0.9996415376663208 65.2845687866211
0.9997053742408752 0.011759488843381405 -0.02123928815126419 -1.7530150413513184 -0.011989392340183258 0.9998705387115479 -0.010729619301855564 -1.1912704706192017 0.021110359579324722 0.010981103405356407 0.9997167587280273 66.39478302001953
0.9996935129165649 0.012984775006771088 -0.021078381687402725 -1.782725214958191 -0.01316771935671568 0.9998766183853149 -0.008563768118619919 -1.2184879779815674 0.020964577794075012 0.008838697336614132 0.9997410774230957 67.48978424072266
0.9997028708457947 0.0120884720236063 -0.021170511841773987 -1.808801531791687 -0.012253988534212112 0.9998952150344849 -0.007705997675657272 -1.2453672885894775 0.021075135096907616 0.007963131181895733 0.9997461438179016 68.57682800292969
0.9997114539146423 0.011049228720366955 -0.021325062960386276 -1.829357385635376 -0.011206350289285183 0.999910831451416 -0.007262485567480326 -1.2689815759658813 0.021242916584014893 0.007499366533011198 0.9997461438179016 69.68018341064453
0.999718189239502 0.009986829943954945 -0.021533891558647156 -1.856582522392273 -0.010107331909239292 0.9999338984489441 -0.005494351964443922 -1.3001948595046997 0.0214775949716568 0.005710454657673836 0.9997529983520508 70.77066802978516
0.9997272491455078 0.008453658781945705 -0.02176774851977825 -1.8841079473495483 -0.00853817630559206 0.9999563694000244 -0.0037926393561065197 -1.3222986459732056 0.02173473872244358 0.003977461718022823 0.9997557997703552 71.87528991699219
0.9997168779373169 0.007510933559387922 -0.02257506735622883 -1.9122971296310425 -0.007556179538369179 0.9999696016311646 -0.0019196339417248964 -1.3497272729873657 0.022559965029358864 0.002089672489091754 0.9997432827949524 72.95865631103516
0.999714732170105 0.0069435834884643555 -0.02285042591392994 -1.9446115493774414 -0.007013699971139431 0.9999709129333496 -0.0029897931963205338 -1.3763296604156494 0.022828999906778336 0.0031492069829255342 0.9997344017028809 74.04519653320312
0.9996984004974365 0.007008558139204979 -0.023537585511803627 -1.9739102125167847 -0.007169207092374563 0.9999514818191528 -0.006747756619006395 -1.4027159214019775 0.023489151149988174 0.0069144656881690025 0.9997001886367798 75.1269760131836
0.999668300151825 0.00761835090816021 -0.024603083729743958 -1.999644160270691 -0.007842994295060635 0.9999282956123352 -0.009047157131135464 -1.4255280494689941 0.024532392621040344 0.009237118065357208 0.9996563792228699 76.20880126953125
0.9996446967124939 0.009473428130149841 -0.02491454966366291 -2.036931276321411 -0.009656291455030441 0.9999272227287292 -0.007229588460177183 -1.4534231424331665 0.024844247847795486 0.007467602379620075 0.9996634125709534 77.28816986083984
0.9996123313903809 0.010927536524832249 -0.025607191026210785 -2.0713343620300293 -0.011007198132574558 0.9999349117279053 -0.0029720242600888014 -1.4748603105545044 0.02557304874062538 0.0032527348957955837 0.9996677041053772 78.36157989501953
0.9995948076248169 0.011295802891254425 -0.026128442957997322 -2.107255697250366 -0.011266986839473248 0.9999357461929321 0.001249795313924551 -1.5041369199752808 0.026140883564949036 -0.0009549010428600013 0.9996578693389893 79.42694091796875
0.9995702505111694 0.01320569310337305 -0.026171334087848663 -2.1501550674438477 -0.013166372664272785 0.999911904335022 0.0016742099542170763 -1.5198222398757935 0.026191139593720436 -0.001328909071162343 0.9996560215950012 80.52953338623047
0.9995539784431458 0.01282863412052393 -0.02696794457733631 -2.1832828521728516 -0.012849013321101665 0.9999172687530518 -0.0005824731197208166 -1.5361812114715576 0.026958243921399117 0.0009287249413318932 0.9996361136436462 81.59679412841797
0.9995386600494385 0.013227630406618118 -0.02734062261879444 -2.2206153869628906 -0.013276148587465286 0.9999105334281921 -0.001593748340383172 -1.5540448427200317 0.027317099273204803 0.001955991378054023 0.9996249079704285 82.661865234375
0.9995329976081848 0.011989095248281956 -0.0281075406819582 -2.2470669746398926 -0.012026802636682987 0.9999269843101501 -0.0011728777317330241 -1.586257815361023 0.028091425076127052 0.0015103736659511924 0.9996042251586914 83.71781158447266
0.9995213747024536 0.010961195454001427 -0.028927475214004517 -2.281411647796631 -0.010994735173881054 0.9999390840530396 -0.0010006935335695744 -1.6055529117584229 0.028914738446474075 0.0013182646362110972 0.9995810389518738 84.7496337890625
0.9995160698890686 0.009722195565700531 -0.02954914979636669 -2.3156659603118896 -0.00971589982509613 0.9999527931213379 0.0003565893566701561 -1.6263762712478638 0.029551221057772636 -6.931987445568666e-05 0.9995632767677307 85.77823638916016
0.9995140433311462 0.00979855190962553 -0.029590213671326637 -2.3602404594421387 -0.009695333428680897 0.9999463558197021 0.0036297261249274015 -1.655791163444519 0.02962419204413891 -0.0033410750329494476 0.9995555281639099 86.78616333007812
0.9994823932647705 0.00895632989704609 -0.030898958444595337 -2.389645576477051 -0.008828210644423962 0.9999520182609558 0.004280338995158672 -1.6723337173461914 0.030935803428292274 -0.004005340859293938 0.9995132684707642 87.76676940917969
0.9994193315505981 0.007761393673717976 -0.03317880257964134 -2.423006534576416 -0.007621360011398792 0.9999615550041199 0.0043449667282402515 -1.6868422031402588 0.033211249858140945 -0.004089575260877609 0.9994399547576904 88.72340393066406
0.9993136525154114 0.007027995306998491 -0.036371294409036636 -2.4632530212402344 -0.006903859321027994 0.9999698996543884 0.00353749911300838 -1.7100237607955933 0.03639506176114082 -0.003283968660980463 0.9993320107460022 89.66168975830078
0.9991872310638428 0.006951432209461927 -0.03970789909362793 -2.507704257965088 -0.006853989325463772 0.9999731779098511 0.002589596901088953 -1.725347638130188 0.03972483053803444 -0.0023153347428888083 0.9992079138755798 90.58241271972656
0.9990694522857666 0.006687609478831291 -0.04260994493961334 -2.554288148880005 -0.006558078806847334 0.999973475933075 0.003178980201482773 -1.7442030906677246 0.04263007268309593 -0.002896582707762718 0.9990866780281067 91.46957397460938
0.9989046454429626 0.007832028903067112 -0.046132203191518784 -2.5939676761627197 -0.0076494114473462105 0.9999622106552124 0.004133772104978561 -1.761608600616455 0.046162836253643036 -0.0037763603031635284 0.9989268183708191 92.34523010253906
0.9987545609474182 0.008284324780106544 -0.04920168220996857 -2.642943859100342 -0.008024762384593487 0.9999529123306274 0.005470674019306898 -1.7809077501296997 0.04924468323588371 -0.005069028120487928 0.9987739324569702 93.1833267211914
0.9985986351966858 0.009965716861188412 -0.0519750639796257 -2.6946117877960205 -0.009621894918382168 0.9999301433563232 0.006861174013465643 -1.793320894241333 0.05203981325030327 -0.006351460237056017 0.9986248016357422 93.99661254882812
0.9984458088874817 0.01132884994149208 -0.05456828325986862 -2.7454493045806885 -0.010928508825600147 0.9999111890792847 0.0076293619349598885 -1.8081984519958496 0.054649874567985535 -0.007021154742687941 0.9984808564186096 94.79022216796875
0.9982621073722839 0.013659489341080189 -0.057324495166540146 -2.794567346572876 -0.013210529461503029 0.9998791217803955 0.008203575387597084 -1.8250298500061035 0.05742962285876274 -0.007432032376527786 0.9983218908309937 95.5521240234375
0.9980983138084412 0.015592300333082676 -0.0596378855407238 -2.8519647121429443 -0.015188977122306824 0.9998586177825928 0.007210240699350834 -1.84142005443573 0.05974188074469566 -0.006290691439062357 0.9981940388679504 96.27508544921875
0.9979100227355957 0.016889801248908043 -0.06237282603979111 -2.901189088821411 -0.01671060174703598 0.999854564666748 0.0033935988321900368 -1.8552438020706177 0.062421075999736786 -0.002344217849895358 0.9980471730232239 96.97299194335938
0.9977023005485535 0.01906086504459381 -0.06501521915197372 -2.954493522644043 -0.01912536285817623 0.99981689453125 -0.00036974583053961396 -1.868489384651184 0.06499627977609634 0.0016123371897265315 0.997884213924408 97.63973999023438
0.9975546002388 0.02075660042464733 -0.06673893332481384 -3.0154473781585693 -0.02101771906018257 0.9997738599777222 -0.003212692216038704 -1.8800075054168701 0.0666571632027626 0.00460753683000803 0.997765302658081 98.28446960449219
0.9974467158317566 0.02295135147869587 -0.0676247626543045 -3.0566039085388184 -0.02326173335313797 0.9997220635414124 -0.0038057868368923664 -1.8985241651535034 0.06751863658428192 0.005369138903915882 0.997703492641449 98.90406799316406
0.997432291507721 0.025268346071243286 -0.06701027601957321 -3.098796844482422 -0.025536589324474335 0.9996689558029175 -0.0031493299175053835 -1.9175082445144653 0.06690850853919983 0.00485245743766427 0.9977472424507141 99.48905181884766
0.9975279569625854 0.029256723821163177 -0.06389003992080688 -3.1429781913757324 -0.029425017535686493 0.9995655417442322 -0.0016945519018918276 -1.9309749603271484 0.06381271034479141 0.003570328466594219 0.9979555010795593 100.05303192138672
0.9977958798408508 0.03178723528981209 -0.05824868381023407 -3.1833479404449463 -0.03185712546110153 0.9994924068450928 -0.0002713656867854297 -1.944666862487793 0.05821049213409424 0.002126403385773301 0.9983020424842834 100.59625244140625
0.9981656670570374 0.03267267346382141 -0.050969094038009644 -3.205202341079712 -0.03262396901845932 0.999466061592102 0.0017874984769150615 -1.9591907262802124 0.051000285893678665 -0.00012140595936216414 0.9986985921859741 101.11495208740234
0.9986162781715393 0.032565873116254807 -0.04129274562001228 -3.2261290550231934 -0.03241881728172302 0.9994654059410095 0.004226183984428644 -1.972999930381775 0.04140830039978027 -0.002881673164665699 0.9991381764411926 101.616455078125
0.9990526437759399 0.03205408528447151 -0.02943549118936062 -3.232126474380493 -0.03190755471587181 0.9994760751724243 0.005434548482298851 -1.9850611686706543 0.02959427237510681 -0.004490185528993607 0.9995518326759338 102.10231018066406
0.9993931651115417 0.03084426559507847 -0.016179919242858887 -3.22806453704834 -0.030761858448386192 0.9995125532150269 0.005317601375281811 -1.9961438179016113 0.016336049884557724 -0.0048166499473154545 0.9998549818992615 102.54568481445312
0.9995255470275879 0.030779855325818062 -0.001090098056010902 -3.2185683250427246 -0.03077484481036663 0.9995168447494507 0.004348681308329105 -2.006173610687256 0.0012234218884259462 -0.004313069861382246 0.9999900460243225 102.98358154296875
0.999436616897583 0.029118532314896584 0.01669299229979515 -3.1976397037506104 -0.0291451308876276 0.9995743036270142 0.0013522151857614517 -2.018815755844116 -0.016646509990096092 -0.0018379729008302093 0.9998597502708435 103.40771484375
0.9988579154014587 0.028959516435861588 0.03800150752067566 -3.167113780975342 -0.028863370418548584 0.9995786547660828 -0.0030762823298573494 -2.0353143215179443 -0.03807458654046059 0.0019759179558604956 0.9992729425430298 103.8241958618164
0.9977113008499146 0.026669984683394432 0.062135592103004456 -3.1172940731048584 -0.026214292272925377 0.9996232986450195 -0.008137628436088562 -2.04319429397583 -0.062329210340976715 0.006490163970738649 0.9980345964431763 104.22209167480469
0.9956902861595154 0.024621814489364624 0.08941251039505005 -3.059605598449707 -0.023706700652837753 0.9996553063392639 -0.011282479390501976 -2.0517914295196533 -0.08965948224067688 0.009114179760217667 0.9959308505058289 104.62338256835938
0.9926272034645081 0.021937444806098938 0.11920500546693802 -2.983083963394165 -0.020598018541932106 0.9997103214263916 -0.012456946074962616 -2.0653343200683594 -0.11944373697042465 0.009909717366099358 0.9927915334701538 105.01829528808594
0.9882661700248718 0.019298529252409935 0.15151748061180115 -2.8999435901641846 -0.01731419935822487 0.9997463226318359 -0.014404910616576672 -2.0811662673950195 -0.15175704658031464 0.0116124814376235 0.9883496761322021 105.39734649658203
0.9820912480354309 0.017035599797964096 0.18763375282287598 -2.8090436458587646 -0.014272348955273628 0.9997689723968506 -0.016068093478679657 -2.0944104194641113 -0.18786409497261047 0.01310236006975174 0.9821076393127441 105.73541259765625
0.9740171432495117 0.014055011793971062 0.22603781521320343 -2.6885697841644287 -0.01045300718396902 0.9997987151145935 -0.01712445355951786 -2.103680372238159 -0.22623299062252045 0.014316736720502377 0.9739680290222168 106.09933471679688
0.9638803005218506 0.01175991352647543 0.26607605814933777 -2.56434965133667 -0.0072418563067913055 0.9998125433921814 -0.017955118790268898 -2.1204073429107666 -0.2662372887134552 0.015379701741039753 0.9637848138809204 106.44515991210938
0.9513082504272461 0.012530707754194736 0.30798614025115967 -2.433276414871216 -0.006985725834965706 0.9997932314872742 -0.019099997356534004 -2.1383211612701416 -0.30816176533699036 0.01601848006248474 0.9511991143226624 106.77555084228516
0.9357388019561768 0.014889456331729889 0.3523794710636139 -2.2906575202941895 -0.00845631118863821 0.9997683763504028 -0.019788645207881927 -2.151446580886841 -0.3525925278663635 0.015537171624600887 0.9356480240821838 107.09423065185547
0.9175471663475037 0.014940711669623852 0.3973460793495178 -2.125034809112549 -0.008150541223585606 0.9997904896736145 -0.018772242590785027 -2.163586378097534 -0.397543340921402 0.013985834084451199 0.9174767732620239 107.41472625732422
0.8972538113594055 0.014149012975394726 0.4412882328033447 -1.932116985321045 -0.006978738121688366 0.9998159408569336 -0.01786748506128788 -2.175177812576294 -0.44145986437797546 0.01295203436166048 0.8971875905990601 107.7204818725586
0.8739758133888245 0.012957332655787468 0.48579657077789307 -1.7400856018066406 -0.004505914635956287 0.9998174905776978 -0.01856108568608761 -2.188135862350464 -0.48594847321510315 0.014032982289791107 0.873874843120575 107.9949951171875
0.8485464453697205 0.01421804167330265 0.5289297699928284 -1.5184762477874756 -0.0036371485330164433 0.9997720122337341 -0.021039679646492004 -2.2041008472442627 -0.5291082859039307 0.01592934876680374 0.8484047651290894 108.28641510009766
0.8207367658615112 0.01632772758603096 0.5710732340812683 -1.2926791906356812 -0.0028787958435714245 0.9996969699859619 -0.024445287883281708 -2.224416732788086 -0.5712993741035461 0.018419140949845314 0.8205350637435913 108.55229949951172
0.790355920791626 0.01952926442027092 0.6123366355895996 -1.0491294860839844 -0.0030862181447446346 0.9996060132980347 -0.02789701148867607 -2.2524380683898926 -0.6126400232315063 0.020158763974905014 0.790104866027832 108.8172378540039
0.7560025453567505 0.025857361033558846 0.6540578007698059 -0.7982955574989319 -0.006578258238732815 0.9994691014289856 -0.031909190118312836 -2.266204833984375 -0.6545355916023254 0.019820867106318474 0.755771279335022 109.07184600830078
0.7182170748710632 0.030538925901055336 0.6951486468315125 -0.526762843132019 -0.008378616534173489 0.9993435144424438 -0.03524600714445114 -2.2735228538513184 -0.6957687139511108 0.019489899277687073 0.7180014848709106 109.31885528564453
0.6787117719650269 0.03095979429781437 0.7337519526481628 -0.23199504613876343 -0.0063579389825463295 0.9993212223052979 -0.03628415986895561 -2.290290117263794 -0.7343773245811462 0.01996133103966713 0.6784479022026062 109.5425796508789
0.6378476619720459 0.0281034205108881 0.7696496248245239 0.08161861449480057 -0.0017639735015109181 0.9993847012519836 -0.03503020107746124 -2.304527521133423 -0.7701606154441833 0.020986290648579597 0.6375047564506531 109.73876953125
0.5937873721122742 0.026426242664456367 0.8041879534721375 0.40838995575904846 -0.0002915590303018689 0.9994674324989319 -0.032628003507852554 -2.3127782344818115 -0.8046219944953918 0.019139625132083893 0.5934788584709167 109.9333724975586
0.5474870800971985 0.025035934522747993 0.8364394903182983 0.7351783514022827 0.0005337464390322566 0.999541699886322 -0.030267193913459778 -2.3310465812683105 -0.8368139863014221 0.017017345875501633 0.5472227334976196 110.09558868408203
0.4991530179977417 0.02240358106791973 0.8662241697311401 1.092203974723816 0.0024435471277683973 0.9996253848075867 -0.027261866256594658 -2.34424090385437 -0.8665103912353516 0.015724504366517067 0.4989112317562103 110.25900268554688
0.4483602046966553 0.018799128010869026 0.8936553001403809 1.4649598598480225 0.0055986689403653145 0.9997000694274902 -0.023838846012949944 -2.355118751525879 -0.8938354253768921 0.015691671520471573 0.44812044501304626 110.4036865234375
0.39563509821891785 0.01862100139260292 0.9182190299034119 1.8249410390853882 0.002529239747673273 0.9997684955596924 -0.021364562213420868 -2.3820512294769287 -0.9184043407440186 0.010774968191981316 0.3954963684082031 110.53636932373047
0.3445909321308136 0.02428336627781391 0.9384388327598572 2.214271068572998 -0.0014178166165947914 0.9996777176856995 -0.025347387418150902 -2.3892178535461426 -0.9387518763542175 0.00740394601598382 0.34451428055763245 110.6488037109375
0.2941616475582123 0.029228154569864273 0.9553087949752808 2.5995566844940186 -0.0014669952215626836 0.9995449185371399 -0.030129864811897278 -2.4041287899017334 -0.9557545781135559 0.007461617235094309 0.29407066106796265 110.73271179199219
0.24738343060016632 0.031417783349752426 0.9684081673622131 2.995326519012451 0.00013373602996580303 0.999472975730896 -0.03245977684855461 -2.417557954788208 -0.9689176082611084 0.008159521967172623 0.24724887311458588 110.8017807006836
0.20618624985218048 0.03125673905014992 0.9780134558677673 3.4255645275115967 0.007256228476762772 0.9994133710861206 -0.03347043693065643 -2.4351906776428223 -0.9784858822822571 0.013997833244502544 0.20583853125572205 110.85237121582031
0.17100884020328522 0.03096753917634487 0.9847827553749084 3.857919454574585 0.01583245024085045 0.9992905855178833 -0.03417308256030083 -2.4527664184570312 -0.9851422905921936 0.021435420960187912 0.17039722204208374 110.89315032958984
0.14064721763134003 0.032378826290369034 0.9895302057266235 4.316434383392334 0.02029993012547493 0.9991607069969177 -0.03557928279042244 -2.464858293533325 -0.9898515939712524 0.025091519579291344 0.13987188041210175 110.92676544189453
0.11238012462854385 0.030610034242272377 0.9931936860084534 4.763827323913574 0.018463224172592163 0.9992884397506714 -0.03288699686527252 -2.4883313179016113 -0.9934937357902527 0.02203340083360672 0.111735038459301 110.97306823730469
0.08674247562885284 0.02711782604455948 0.9958615899085999 5.256013870239258 0.012490703724324703 0.9995211958885193 -0.028305459767580032 -2.5032107830047607 -0.9961524605751038 0.01489429920911789 0.08636222779750824 111.0110092163086
0.0628897026181221 0.022904038429260254 0.9977576732635498 5.760107040405273 0.007779151201248169 0.9996949434280396 -0.023438842967152596 -2.523005247116089 -0.9979901313781738 0.00923576857894659 0.06269235163927078 111.03762817382812
0.0400029718875885 0.020537978038191795 0.9989884495735168 6.279972076416016 0.011881728656589985 0.9997082352638245 -0.021028563380241394 -2.5428030490875244 -0.9991288781166077 0.012710916809737682 0.039747271686792374 111.04447937011719
0.02006920427083969 0.021351592615246773 0.9995706081390381 6.821809768676758 0.0199995506554842 0.9995632171630859 -0.021752988919615746 -2.5616374015808105 -0.999598503112793 0.02042752504348755 0.019633417949080467 111.0256576538086
0.00267598289065063 0.02382003329694271 0.9997126460075378 7.393977642059326 0.023597782477736473 0.9994363784790039 -0.0238766148686409 -2.587412118911743 -0.9997179508209229 0.02365489862859249 0.002112375572323799 111.01742553710938
-0.011587045155465603 0.029054909944534302 0.999510645866394 7.967153072357178 0.024616634473204613 0.9992831349372864 -0.028762921690940857 -2.6009950637817383 -0.9996298551559448 0.024271313101053238 -0.012293973937630653 111.00304412841797
-0.02250160649418831 0.033827945590019226 0.9991743564605713 8.574464797973633 0.02262956090271473 0.9991884231567383 -0.03331880271434784 -2.6114838123321533 -0.9994906187057495 0.02186114713549614 -0.023248860612511635 110.99282836914062
-0.028927812352776527 0.0337345264852047 0.9990121126174927 9.188614845275879 0.02428494207561016 0.9991589784622192 -0.033036280423402786 -2.6316776275634766 -0.9992864727973938 0.02330527827143669 -0.029722727835178375 110.96885681152344
-0.03130393847823143 0.03086107037961483 0.9990333318710327 9.856945037841797 0.03029327094554901 0.9990932941436768 -0.029913712292909622 -2.654041290283203 -0.9990506768226624 0.029327571392059326 -0.03221043944358826 110.94021606445312
-0.030874105170369148 0.029005147516727448 0.9991022944450378 10.51230525970459 0.03207777813076973 0.9990927577018738 -0.028013603761792183 -2.6786692142486572 -0.9990083575248718 0.031184090301394463 -0.031776513904333115 110.9164047241211
-0.028995290398597717 0.02864135056734085 0.9991690516471863 11.18360424041748 0.030394792556762695 0.9991525411605835 -0.027758825570344925 -2.706871747970581 -0.999117374420166 0.029564663767814636 -0.029841260984539986 110.90251159667969
-0.02736395038664341 0.028922535479068756 0.9992070198059082 11.892072677612305 0.02739867940545082 0.9992275238037109 -0.028172800317406654 -2.7334277629852295 -0.9992499947547913 0.026606034487485886 -0.028135254979133606 110.89324188232422
-0.02613883651793003 0.030045123770833015 0.9992067813873291 12.606992721557617 0.026487501338124275 0.9992181658744812 -0.029352569952607155 -2.754901170730591 -0.99930739402771 0.025699246674776077 -0.026914220303297043 110.87825012207031
-0.025568239390850067 0.031110534444451332 0.9991888403892517 13.332795143127441 0.025908028706908226 0.9992004632949829 -0.030447937548160553 -2.7815210819244385 -0.9993373155593872 0.025108516216278076 -0.026353808119893074 110.87345123291016
-0.025018619373440742 0.030599432066082954 0.9992185235023499 14.073692321777344 0.02491338551044464 0.999239981174469 -0.02997630648314953 -2.80816650390625 -0.9993765354156494 0.024143949151039124 -0.025761941447854042 110.8675765991211
