0.9999886751174927 0.0030024994630366564 0.0036909966729581356 -0.28922536969184875 -0.00300715584307909 0.999994695186615 0.0012566882651299238 -0.22131593525409698 -0.003687203861773014 -0.0012677733320742846 0.9999923706054688 -2.0113017559051514
0.9999964833259583 0.0013966570841148496 0.0022538136690855026 -0.2898035943508148 -0.001397420302964747 0.999998927116394 0.000337195408064872 -0.22841811180114746 -0.0022533400915563107 -0.000340343511197716 0.9999973773956299 -1.4474029541015625
0.9999984502792358 0.0012190773850306869 0.0012801436241716146 -0.2929416596889496 -0.0012173913419246674 0.9999983310699463 -0.0013169370358809829 -0.2375468909740448 -0.0012817471288144588 0.0013153768377378583 0.9999983310699463 -0.8917868137359619
0.9999995231628418 0.00048504580627195537 -0.0008549594786018133 -0.2922382056713104 -0.0004869918047916144 0.9999973177909851 -0.0022776788100600243 -0.25429823994636536 0.0008538523688912392 0.0022780941799283028 0.9999970197677612 -0.32647258043289185
0.9999954104423523 -0.0013495004968717694 -0.0026881161611527205 -0.3012503683567047 0.0013379919109866023 0.9999899864196777 -0.00427843164652586 -0.2594471275806427 0.0026938628870993853 0.004274815320968628 0.9999872446060181 0.24054302275180817
0.9999843835830688 -0.0039603691548109055 -0.003923971671611071 -0.30887091159820557 0.003936553839594126 0.9999738931655884 -0.0060585904866456985 -0.27727624773979187 0.0039478628896176815 0.006043050438165665 0.9999739527702332 0.7883985042572021
0.9999702572822571 -0.0052530779503285885 -0.0056371428072452545 -0.3110809624195099 0.005215988028794527 0.9999648928642273 -0.006574392784386873 -0.290417343378067 0.00567148020491004 0.006544793955981731 0.9999624490737915 1.361304521560669
0.9999625086784363 -0.005220724269747734 -0.006898818537592888 -0.3216126561164856 0.005179815925657749 0.9999690055847168 -0.005934441462159157 -0.30208131670951843 0.006929587107151747 0.005898484960198402 0.9999586343765259 1.9417059421539307
0.9999520778656006 -0.005714236292988062 -0.007944389246404171 -0.3299225866794586 0.005663789808750153 0.9999637007713318 -0.006358022335916758 -0.3153991401195526 0.00798043329268694 0.006312721874564886 0.9999483227729797 2.5359108448028564
0.9999459385871887 -0.0049080438911914825 -0.009170008823275566 -0.3374510705471039 0.004823316354304552 0.9999457001686096 -0.009238822385668755 -0.32909101247787476 0.00921485386788845 0.009194092825055122 0.9999153017997742 3.123993396759033
0.9999423027038574 -0.003136666724458337 -0.01027749665081501 -0.35270294547080994 0.0030027853790670633 0.9999107718467712 -0.013016370125114918 -0.34369152784347534 0.010317408479750156 0.012984758242964745 0.9998624920845032 3.727013349533081
0.9999286532402039 -0.0020314459688961506 -0.011765334755182266 -0.3641444146633148 0.0018346435390412807 0.9998586773872375 -0.016713907942175865 -0.35478636622428894 0.011797627434134483 0.01669113151729107 0.999791145324707 4.3446431159973145
0.99991774559021 1.2480748409871012e-05 -0.01282593049108982 -0.38068199157714844 -0.00022785202600061893 0.9998590350151062 -0.01679055579006672 -0.3675941526889801 0.012823915109038353 0.016792096197605133 0.9997768402099609 4.973262310028076
0.999896228313446 0.0021035252138972282 -0.014250650070607662 -0.3880954384803772 -0.0022451463155448437 0.9999482035636902 -0.0099291717633605 -0.37756800651550293 0.014229029417037964 0.009960136376321316 0.9998491406440735 5.605784893035889
0.9998898506164551 0.003120511770248413 -0.014511237852275372 -0.40760114789009094 -0.0031115966849029064 0.9999949336051941 0.0006369082257151604 -0.3896411061286926 0.014513152651488781 -0.000591685064136982 0.9998944997787476 6.2640581130981445
0.9998709559440613 0.003843726823106408 -0.01559682097285986 -0.42060306668281555 -0.0037303767167031765 0.9999665021896362 0.007290097884833813 -0.4000239372253418 0.015624319203197956 -0.007230974733829498 0.9998517632484436 6.951189994812012
0.9998356103897095 0.006373838987201452 -0.01696985773742199 -0.4354795217514038 -0.0062678782269358635 0.9999606013298035 0.006289894692599773 -0.41574543714523315 0.017009280622005463 -0.00618249736726284 0.9998362064361572 7.627998352050781
0.9998109936714172 0.008306859992444515 -0.017582572996616364 -0.45882928371429443 -0.008323172107338905 0.9999649524688721 -0.00085475854575634 -0.42109811305999756 0.01757485792040825 0.0010009389370679855 0.9998449683189392 8.321596145629883
0.9997922778129578 0.007960686460137367 -0.018763713538646698 -0.4749837815761566 -0.008088874630630016 0.9999444484710693 -0.006765794008970261 -0.4197356402873993 0.018708813935518265 0.006916165817528963 0.9998010396957397 9.030753135681152
0.9997848868370056 0.005464497022330761 -0.02001248113811016 -0.4874975085258484 -0.005570288747549057 0.9999707937240601 -0.0052343918941915035 -0.4200383424758911 0.01998329535126686 0.005344738252460957 0.9997860193252563 9.767616271972656
0.9997815489768982 0.005293029360473156 -0.02021847292780876 -0.5047127604484558 -0.0052134571596980095 0.9999784827232361 0.003986308816820383 -0.4334687888622284 0.02023914083838463 -0.003880030708387494 0.9997876286506653 10.515292167663574
0.9997774958610535 0.005024151410907507 -0.020481636747717857 -0.5245068073272705 -0.004790078848600388 0.9999228715896606 0.011461487039923668 -0.43807944655418396 0.020537640899419785 -0.011360829696059227 0.9997245669364929 11.290745735168457
0.9997708201408386 0.004044629167765379 -0.021022506058216095 -0.5467389822006226 -0.0037516001611948013 0.9998955130577087 0.013959609903395176 -0.4400191903114319 0.02107677049934864 -0.01387754175812006 0.9996815919876099 12.080399513244629
0.9997724294662476 0.0021162808407098055 -0.021227482706308365 -0.5615308284759521 -0.0018414548831060529 0.9999143481254578 0.012957936152815819 -0.4384176731109619 0.021253088489174843 -0.012915898114442825 0.9996907114982605 12.887741088867188
0.999782383441925 0.0017700039315968752 -0.020786883309483528 -0.5785177946090698 -0.0015514185652136803 0.9999433755874634 0.01052697841078043 -0.4390048384666443 0.02080433815717697 -0.010492435656487942 0.9997285008430481 13.712859153747559
0.9997879266738892 0.004277389030903578 -0.020147226750850677 -0.6024061441421509 -0.004132983740419149 0.999965488910675 0.007203692104667425 -0.4377690851688385 0.020177341997623444 -0.007118895184248686 0.9997710585594177 14.550652503967285
0.9998092651367188 0.001169663853943348 -0.01949414238333702 -0.6186734437942505 -0.0011434941552579403 0.9999984502792358 0.001353515312075615 -0.44066858291625977 0.01949569396674633 -0.0013309642672538757 0.9998090863227844 15.40849781036377
0.9998223185539246 -0.0016517294570803642 -0.018778299912810326 -0.6332529187202454 0.001562490244396031 0.9999874234199524 -0.004765966907143593 -0.4501785337924957 0.018785931169986725 0.004735779948532581 0.9998123645782471 16.275915145874023
0.9998399019241333 -0.00021376526274252683 -0.01788916625082493 -0.6481855511665344 2.8802736778743565e-05 0.9999465346336365 -0.010338988155126572 -0.4623073637485504 0.01789042167365551 0.010336820036172867 0.9997864961624146 17.188974380493164
0.9998458623886108 0.0008997541153803468 -0.01753420941531658 -0.6717960238456726 -0.0010953227756544948 0.9999372959136963 -0.01114712469279766 -0.47651636600494385 0.01752307452261448 0.011164611205458641 0.9997841119766235 18.0944881439209
0.9998323321342468 0.0010712766088545322 -0.01828201673924923 -0.6865674257278442 -0.0012655094033107162 0.9999427795410156 -0.010615979321300983 -0.493837833404541 0.018269598484039307 0.010637333616614342 0.9997765421867371 19.03314971923828
0.9998295903205872 0.0028776878025382757 -0.018238170072436333 -0.7128564119338989 -0.003095921827480197 0.999923825263977 -0.01194886676967144 -0.5191221237182617 0.018202394247055054 0.012003292329609394 0.999762237071991 19.973583221435547
0.9998248219490051 0.005619999021291733 -0.017854465171694756 -0.7277803421020508 -0.005870813503861427 0.999884307384491 -0.014026466757059097 -0.5397686958312988 0.017773570492863655 0.014128830283880234 0.9997421503067017 20.910747528076172
0.9997951984405518 0.008848276920616627 -0.018201863393187523 -0.7511578798294067 -0.00911734253168106 0.9998494982719421 -0.014752744697034359 -0.5630142092704773 0.01806858740746975 0.014915675856173038 0.9997254610061646 21.87596321105957
0.9997838139533997 0.010542577132582664 -0.017921268939971924 -0.7857204675674438 -0.010809317231178284 0.9998311996459961 -0.014852911233901978 -0.5870494842529297 0.017761653289198875 0.015043415129184723 0.9997290372848511 22.859277725219727
0.9997691512107849 0.011753242462873459 -0.01798357628285885 -0.810205340385437 -0.012021836824715137 0.9998165965080261 -0.014901003800332546 -0.6126393675804138 0.01780514046549797 0.01511375978589058 0.999727189540863 23.830480575561523
0.999762237071991 0.011387198232114315 -0.018600281327962875 -0.822212278842926 -0.011665672063827515 0.9998204112052917 -0.014932249672710896 -0.6365624666213989 0.018426906317472458 0.015145680867135525 0.9997154474258423 24.803890228271484
0.9997437000274658 0.012424461543560028 -0.01892547309398651 -0.839773416519165 -0.012685280293226242 0.9998252987861633 -0.013724169693887234 -0.6744587421417236 0.01875164732336998 0.013960728421807289 0.9997267127037048 25.805877685546875
0.9997319579124451 0.01312700379639864 -0.019075239077210426 -0.8645904064178467 -0.01334719080477953 0.9998452663421631 -0.011461989022791386 -0.7023665904998779 0.018921826034784317 0.011713516898453236 0.9997523427009583 26.8217716217041
0.999717116355896 0.01381352636963129 -0.01936459168791771 -0.8900343179702759 -0.01401501800864935 0.9998486638069153 -0.010308437049388885 -0.729660153388977 0.01921926438808441 0.010576914995908737 0.9997593760490417 27.843181610107422
0.9997099041938782 0.01396129373461008 -0.019627820700407028 -0.911005973815918 -0.014186655171215534 0.999834418296814 -0.01138975378125906 -0.7517342567443848 0.019465556368231773 0.011664901860058308 0.9997425079345703 28.883377075195312
0.9997020363807678 0.01470194198191166 -0.019484443590044975 -0.951259434223175 -0.014941350556910038 0.999813973903656 -0.012198979035019875 -0.7918574810028076 0.01930147036910057 0.012486466206610203 0.9997357130050659 29.857568740844727
0.9996981620788574 0.014269274659454823 -0.019996244460344315 -0.9756989479064941 -0.014493938535451889 0.9998329877853394 -0.011135801672935486 -0.8185486793518066 0.0198340006172657 0.011422263458371162 0.9997380375862122 30.89312171936035
0.9996898770332336 0.0141927944496274 -0.020460540428757668 -1.0029175281524658 -0.01437150128185749 0.9998596906661987 -0.008613788522779942 -0.8405808210372925 0.02033541537821293 0.008905166760087013 0.999753475189209 31.94846534729004
0.9996848702430725 0.01397339254617691 -0.020852191373705864 -1.0357069969177246 -0.014077880419790745 0.9998890161514282 -0.004872595891356468 -0.8653064966201782 0.02078179083764553 0.005164615344256163 0.9997706413269043 32.988338470458984
0.9996764659881592 0.014080613851547241 -0.021183369681239128 -1.063185691833496 -0.01413229200989008 0.9998974800109863 -0.002291731536388397 -0.8963726758956909 0.021148933097720146 0.002590359654277563 0.9997729659080505 34.052398681640625
0.9996641278266907 0.014407230541110039 -0.021543124690651894 -1.0932703018188477 -0.014452400617301464 0.9998936653137207 -0.0019425156060606241 -0.9114380478858948 0.021512852981686592 0.0022532129660248756 0.9997660517692566 35.12489318847656
0.999659538269043 0.01377942692488432 -0.022157585248351097 -1.120460033416748 -0.013851077295839787 0.9998992085456848 -0.0030833964701741934 -0.9345974326133728 0.02211286686360836 0.0033892530482262373 0.9997497200965881 36.21397399902344
0.9996442794799805 0.014307691715657711 -0.022506553679704666 -1.159281849861145 -0.014398360624909401 0.9998888373374939 -0.0038716665003448725 -0.9497699737548828 0.02244865521788597 0.004194346256554127 0.9997391700744629 37.29386901855469
0.9996340870857239 0.013332044705748558 -0.023532457649707794 -1.1836336851119995 -0.013398133218288422 0.9999066591262817 -0.002652877476066351 -0.9706239700317383 0.023494897410273552 0.0029671979136765003 0.999719500541687 38.36882019042969
0.9996014833450317 0.013988779857754707 -0.02451736107468605 -1.2145628929138184 -0.014015902765095234 0.999901294708252 -0.0009347331942990422 -0.9837294220924377 0.024501865729689598 0.001277993549592793 0.999699056148529 39.455718994140625
0.9996023178100586 0.013297179713845253 -0.02486298605799675 -1.2528034448623657 -0.013252065517008305 0.9999102354049683 0.001978345913812518 -1.0104084014892578 0.02488706074655056 -0.0016480730846524239 0.9996889233589172 40.547603607177734
0.9995704293251038 0.015080662444233894 -0.02513018250465393 -1.2927595376968384 -0.015035729855298996 0.9998850226402283 0.001976026687771082 -1.0319397449493408 0.025157088413834572 -0.0015973271802067757 0.9996822476387024 41.62486267089844
0.9995290040969849 0.016239488497376442 -0.026044834405183792 -1.3137707710266113 -0.01629628613591194 0.9998652935028076 -0.0019698776304721832 -1.0532252788543701 0.02600933611392975 0.002393383765593171 0.9996588230133057 42.71507263183594
0.9995182156562805 0.0174883846193552 -0.025645460933446884 -1.3545424938201904 -0.017656520009040833 0.9998239874839783 -0.0063444082625210285 -1.069020390510559 0.025529995560646057 0.0067941611632704735 0.9996509552001953 43.794490814208984
0.9995067715644836 0.01793384738266468 -0.025782328099012375 -1.3887927532196045 -0.018107226118445396 0.9998148679733276 -0.006506854202598333 -1.0933253765106201 0.025660868734121323 0.006970491260290146 0.9996463656425476 44.87619400024414
0.9994903206825256 0.01852688193321228 -0.025998573750257492 -1.418696641921997 -0.01862296648323536 0.9998205900192261 -0.0034583290107548237 -1.120490312576294 0.02592984028160572 0.0039407373405992985 0.9996559619903564 45.98095703125
0.9994919300079346 0.018989138305187225 -0.025596467778086662 -1.4575238227844238 -0.019037507474422455 0.9998173713684082 -0.001647337805479765 -1.1392675638198853 0.025560515001416206 0.0021337936632335186 0.9996709823608398 47.07855224609375
0.9995228052139282 0.017528731375932693 -0.02543458715081215 -1.4911084175109863 -0.0175437331199646 0.9998459815979004 -0.0003668190911412239 -1.1592698097229004 0.025424238294363022 0.000812861486338079 0.9996763467788696 48.16654586791992
0.9995211958885193 0.01739935390651226 -0.02558506466448307 -1.5154447555541992 -0.01743265800178051 0.9998474717140198 -0.001079160487279296 -1.1819565296173096 0.025562383234500885 0.001524659339338541 0.9996720552444458 49.2587776184082
0.9995449781417847 0.016794567927718163 -0.025051439180970192 -1.557138204574585 -0.016879620030522346 0.9998524785041809 -0.003187555354088545 -1.2000901699066162 0.02499420940876007 0.003608964616432786 0.9996810555458069 50.34817886352539
0.9995566606521606 0.016686126589775085 -0.0246588122099638 -1.5830209255218506 -0.01682220585644245 0.9998443126678467 -0.005321516655385494 -1.223863124847412 0.024566181004047394 0.005733973812311888 0.9996817708015442 51.43226623535156
0.9995743036270142 0.015831967815756798 -0.02450638636946678 -1.6123342514038086 -0.016029391437768936 0.9998404383659363 -0.007880693301558495 -1.2482444047927856 0.02437770739197731 0.008270160295069218 0.9996685981750488 52.52793884277344
0.9996047019958496 0.014450112357735634 -0.024118291214108467 -1.645648717880249 -0.014724846929311752 0.9998281598091125 -0.011252625845372677 -1.2797709703445435 0.023951545357704163 0.01160331629216671 0.9996457695960999 53.61131286621094
0.9996304512023926 0.012516176328063011 -0.02412988804280758 -1.6677836179733276 -0.012827275320887566 0.9998359680175781 -0.012781255878508091 -1.3116893768310547 0.02396596409380436 0.013086050748825073 0.9996271133422852 54.69932556152344
0.9996516704559326 0.011026875115931034 -0.02397831156849861 -1.6953778266906738 -0.011275733821094036 0.9998836517333984 -0.010268175974488258 -1.3432908058166504 0.02386230230331421 0.01053496915847063 0.9996597170829773 55.78569793701172
0.9996724128723145 0.009696978144347668 -0.023684311658143997 -1.7251564264297485 -0.009798923507332802 0.999943196773529 -0.0041920775547623634 -1.370896816253662 0.023642320185899734 0.004422785714268684 0.9997106194496155 56.881248474121094
0.9996894001960754 0.008078418672084808 -0.023575149476528168 -1.748265027999878 -0.008049329742789268 0.9999667406082153 0.0013285145396366715 -1.3881152868270874 0.02358509600162506 -0.0011383378878235817 0.999721109867096 57.99395751953125
0.9996967911720276 0.006377192214131355 -0.023782070726156235 -1.7727633714675903 -0.006336177233606577 0.9999783635139465 0.0017995326779782772 -1.4034981727600098 0.02379303053021431 -0.001648299745284021 0.9997155070304871 59.086055755615234
0.9997192025184631 0.0033375092316418886 -0.02346038818359375 -1.7989983558654785 -0.0033662773203104734 0.9999935626983643 -0.001186845009215176 -1.4197977781295776 0.023456277325749397 0.0012654857710003853 0.9997239708900452 60.178226470947266
0.9997279047966003 0.0019000329775735736 -0.023247677832841873 -1.833886981010437 -0.0020015959162265062 0.9999885559082031 -0.004346243571490049 -1.4421539306640625 0.023239150643348694 0.004391592927277088 0.9997202157974243 61.28215408325195
0.9997231364250183 0.004065904300659895 -0.023174285888671875 -1.8699140548706055 -0.004264699295163155 0.9999545216560364 -0.00853527057915926 -1.4651192426681519 0.02313852496445179 0.008631739765405655 0.9996950030326843 62.369049072265625
0.999725341796875 0.004276795778423548 -0.023040154948830605 -1.8985704183578491 -0.004569429438561201 0.9999094009399414 -0.012663377448916435 -1.4928581714630127 0.022983908653259277 0.012765181250870228 0.9996542930603027 63.45261764526367
0.999721109867096 0.007035944145172834 -0.02254430763423443 -1.9294960498809814 -0.007338996045291424 0.9998833537101746 -0.013388056308031082 -1.5210379362106323 0.022447483614087105 0.013549774885177612 0.9996562600135803 64.55645751953125
0.9997039437294006 0.0110376151278615 -0.02168002724647522 -1.968536138534546 -0.011249164119362831 0.9998900294303894 -0.009660185314714909 -1.5526165962219238 0.021571019664406776 0.009901206940412521 0.9997182488441467 65.67381286621094
0.9996917843818665 0.012305045500397682 -0.02156001329421997 -1.9993302822113037 -0.012470414862036705 0.9998936653137207 -0.007552582770586014 -1.577223300933838 0.021464789286255836 0.007819117046892643 0.9997390508651733 66.76819610595703
0.9997009634971619 0.011484846472740173 -0.021586883813142776 -2.0254766941070557 -0.011634556576609612 0.9999090433120728 -0.006822395138442516 -1.6031298637390137 0.021506570279598236 0.007071510888636112 0.999743640422821 67.86705017089844
0.9997155070304871 0.01023745909333229 -0.021543150767683983 -2.053179979324341 -0.010371989570558071 0.999927282333374 -0.006142209284007549 -1.6289781332015991 0.02147870697081089 0.006363906431943178 0.9997490644454956 68.98441314697266
0.9997248649597168 0.009125919081270695 -0.02161012589931488 -2.0816874504089355 -0.009222486987709999 0.9999478459358215 -0.004373183939605951 -1.658490777015686 0.021569088101387024 0.0045712785795331 0.999756932258606 70.0777359008789
0.9997223019599915 0.007448352407664061 -0.022358190268278122 -2.104887008666992 -0.007508115842938423 0.9999684691429138 -0.002590227173641324 -1.679604172706604 0.02233818918466568 0.0027573751285672188 0.9997466206550598 71.17701721191406
0.9997195601463318 0.006526318844407797 -0.022765282541513443 -2.1395151615142822 -0.006550053600221872 0.9999780058860779 -0.0009681652300059795 -1.7031670808792114 0.022758465260267258 0.001117007457651198 0.9997403621673584 72.28765869140625
0.999721109867096 0.00593287730589509 -0.02286316081881523 -2.173942804336548 -0.005975866224616766 0.9999804496765137 -0.001812419039197266 -1.7303881645202637 0.022851962596178055 0.001948540797457099 0.9997369647026062 73.37740325927734
0.9997034072875977 0.005415396299213171 -0.02374270372092724 -2.196321964263916 -0.0055548702366650105 0.999967634677887 -0.005812393501400948 -1.7517722845077515 0.0237104594707489 0.005942557007074356 0.999701201915741 74.44170379638672
0.9996744990348816 0.006658629979938269 -0.02462778612971306 -2.2265303134918213 -0.006854418199509382 0.9999455213546753 -0.007874044589698315 -1.782804012298584 0.02457401715219021 0.008040291257202625 0.9996656775474548 75.54845428466797
0.9996453523635864 0.00864175520837307 -0.0251877773553133 -2.259962797164917 -0.008796395733952522 0.9999431371688843 -0.006035231985151768 -1.8066343069076538 0.025134187191724777 0.006254654377698898 0.9996645450592041 76.63072204589844
0.9996212720870972 0.009654849767684937 -0.02576768398284912 -2.2966561317443848 -0.009706934913992882 0.9999510645866394 -0.001896995585411787 -1.8297523260116577 0.025748107582330704 0.002146402606740594 0.999666154384613 77.7216567993164
0.9995930790901184 0.01094809453934431 -0.02634153701364994 -2.331939935684204 -0.010900532826781273 0.9999386668205261 0.0019484871299937367 -1.848636507987976 0.02636125683784485 -0.0016605572309345007 0.9996510744094849 78.79408264160156
0.9995664954185486 0.012186060659587383 -0.026801085099577904 -2.3701748847961426 -0.01211676187813282 0.9999227523803711 0.002746578771620989 -1.8712841272354126 0.026832489296793938 -0.0024206459056586027 0.9996370077133179 79.87489318847656
0.9995644688606262 0.011388629674911499 -0.027221592143177986 -2.412431001663208 -0.011369308456778526 0.99993497133255 0.0008644050103612244 -1.8979071378707886 0.027229664847254753 -0.0005545380990952253 0.999629020690918 80.94220733642578
0.9995579123497009 0.011396817862987518 -0.027460115030407906 -2.4504055976867676 -0.011396869085729122 0.9999350309371948 0.00015462131705135107 -1.9153093099594116 0.027460092678666115 0.0001584063284099102 0.9996228218078613 82.0080795288086
0.9995461702346802 0.011194789782166481 -0.027964508160948753 -2.4858617782592773 -0.011201692745089531 0.9999372363090515 -9.029114153236151e-05 -1.9347134828567505 0.027961743995547295 0.0004034999292343855 0.9996088743209839 83.0687026977539
0.9995258450508118 0.009490176104009151 -0.029292233288288116 -2.5118472576141357 -0.00949171558022499 0.9999549388885498 8.647805225336924e-05 -1.9545745849609375 0.029291734099388123 0.00019159626390319318 0.999570906162262 84.09724426269531
0.9995250105857849 0.00833798199892044 -0.029668521136045456 -2.5475783348083496 -0.008305545896291733 0.9999647736549377 0.0012162734055891633 -1.9693667888641357 0.02967762015759945 -0.0009692824678495526 0.9995589852333069 85.12142944335938
0.9995116591453552 0.00834911223500967 -0.030115287750959396 -2.583688259124756 -0.008225698955357075 0.999957263469696 0.004219538532197475 -1.9951105117797852 0.030149228870868683 -0.003969758749008179 0.9995375871658325 86.13265991210938
0.9994852542877197 0.007752488367259502 -0.031130878254771233 -2.620342969894409 -0.007596876006573439 0.9999580383300781 0.005113817751407623 -2.01381516456604 0.031169209629297256 -0.004874688107520342 0.9995022416114807 87.11383056640625
0.9994263648986816 0.006570366211235523 -0.033222656697034836 -2.656644344329834 -0.006389617919921875 0.99996417760849 0.005543748382478952 -2.0308938026428223 0.03325788676738739 -0.005328289233148098 0.9994325637817383 88.06795501708984
0.9993147253990173 0.00584105309098959 -0.03655198961496353 -2.696455478668213 -0.0056790863163769245 0.9999735355377197 0.004533399362117052 -2.052263021469116 0.036577507853507996 -0.0043227109126746655 0.999321460723877 89.00987243652344
0.9991822838783264 0.005460500251501799 -0.04006201773881912 -2.737339735031128 -0.005320691037923098 0.9999793767929077 0.0035956110805273056 -2.0635323524475098 0.04008083418011665 -0.0033795135095715523 0.9991907477378845 89.94273376464844
0.9990672469139099 0.0050943149253726006 -0.042880285531282425 -2.7830615043640137 -0.004927081987261772 0.9999798536300659 0.004004774149507284 -2.079838991165161 0.042899828404188156 -0.0037897638976573944 0.9990721940994263 90.83553314208984
0.9989181756973267 0.0064314985647797585 -0.04605664685368538 -2.830566883087158 -0.006201477721333504 0.9999675154685974 0.005135463550686836 -2.098778009414673 0.046088188886642456 -0.004844287876039743 0.9989256858825684 91.70494079589844
0.998768150806427 0.007008883636444807 -0.04912523925304413 -2.8804757595062256 -0.006705054081976414 0.9999573826789856 0.006346885580569506 -2.1173436641693115 0.04916763678193092 -0.006009677890688181 0.9987724423408508 92.5501937866211
0.9985957145690918 0.008346178568899632 -0.05231725424528122 -2.9265570640563965 -0.007951457053422928 0.9999383687973022 0.007748388219624758 -2.1291985511779785 0.05237869918346405 -0.007321507669985294 0.998600423336029 93.36569213867188
0.9984642267227173 0.009698032401502132 -0.054546844214200974 -2.9873039722442627 -0.00923633761703968 0.9999193549156189 0.008709962479770184 -2.145155906677246 0.054626934230327606 -0.008192772045731544 0.9984732270240784 94.16167449951172
0.9982798099517822 0.011753072962164879 -0.05743973329663277 -3.0332047939300537 -0.011247938498854637 0.9998951554298401 0.009109584614634514 -2.157057762145996 0.057540781795978546 -0.00844783429056406 0.9983074069023132 94.92743682861328
0.9981059432029724 0.013421940617263317 -0.060037191957235336 -3.082315444946289 -0.0129604022949934 0.9998834729194641 0.00807035993784666 -2.1729812622070312 0.0601385124027729 -0.007276967633515596 0.9981635212898254 95.65507507324219
0.9979321360588074 0.0149008147418499 -0.06252565234899521 -3.1429033279418945 -0.014648621901869774 0.9998826384544373 0.004489928018301725 -2.1898887157440186 0.06258518993854523 -0.0035647286567837 0.9980334043502808 96.3555679321289
0.9977260231971741 0.017404843121767044 -0.06511503458023071 -3.1969106197357178 -0.017382675781846046 0.999848484992981 0.0009069978259503841 -2.2043895721435547 0.06512093544006348 0.0002269381657242775 0.9978773593902588 97.01986694335938
0.9975667595863342 0.019198600202798843 -0.06702281534671783 -3.255993366241455 -0.019373517483472824 0.9998103976249695 -0.0019607902504503727 -2.2156848907470703 0.06697245687246323 0.003254485782235861 0.9977495074272156 97.67386627197266
0.9974616169929504 0.021045736968517303 -0.06802559643983841 -3.3025264739990234 -0.02127937413752079 0.999769926071167 -0.002711709588766098 -2.2334303855895996 0.06795287132263184 0.004152367822825909 0.9976798892021179 98.2898941040039
0.9974826574325562 0.023306144401431084 -0.06697113066911697 -3.3497118949890137 -0.023506062105298042 0.9997212886810303 -0.0021986346691846848 -2.2507948875427246 0.06690120697021484 0.0037673276383429766 0.9977524876594543 98.87333679199219
0.9975989460945129 0.027409927919507027 -0.06360054761171341 -3.398030996322632 -0.027508284896612167 0.9996213912963867 -0.0006712445756420493 -2.2652013301849365 0.06355805695056915 0.0024191751144826412 0.99797523021698 99.4383316040039
0.9978606104850769 0.02990100346505642 -0.058137714862823486 -3.433680772781372 -0.029908092692494392 0.999552309513092 0.0007483731023967266 -2.277906656265259 0.058134064078330994 0.0009920159354805946 0.9983082413673401 99.97979736328125
0.998235821723938 0.030754350125789642 -0.05078866332769394 -3.45817232131958 -0.030633065849542618 0.9995256662368774 0.0031649330630898476 -2.2970101833343506 0.050861913710832596 -0.0016035367734730244 0.9987043738365173 100.49870300292969
0.9986872673034668 0.03063778392970562 -0.04105079919099808 -3.4770967960357666 -0.030441762879490852 0.9995220303535461 0.005391852930188179 -2.3061819076538086 0.041196368634700775 -0.004135115072131157 0.9991424679756165 101.00707244873047
0.9991122484207153 0.030182283371686935 -0.02938748523592949 -3.4821884632110596 -0.03000771440565586 0.9995294213294983 0.006363313179463148 -2.313889741897583 0.0295657180249691 -0.005475813988596201 0.9995477795600891 101.48765563964844
0.9994465708732605 0.029053980484604836 -0.016198519617319107 -3.4837207794189453 -0.02895074337720871 0.999559223651886 0.006571838166564703 -2.3264963626861572 0.016382316127419472 -0.006099240854382515 0.9998472929000854 101.94698333740234
0.9995793700218201 0.028979290276765823 -0.0010598981752991676 -3.4743638038635254 -0.028972802683711052 0.999563992023468 0.005696211941540241 -2.336336374282837 0.0012245075777173042 -0.005663109011948109 0.9999831914901733 102.38427734375
0.9994766712188721 0.027486758306622505 0.01705586537718773 -3.45719313621521 -0.02753624878823757 0.9996172189712524 0.0026736101135611534 -2.346997022628784 -0.01697584241628647 -0.003141865599900484 0.9998509287834167 102.80940246582031
0.9989069104194641 0.027152247726917267 0.03804868832230568 -3.4212467670440674 -0.027102988213300705 0.9996309876441956 -0.0018098861910402775 -2.361725091934204 -0.038083791732788086 0.0007766745984554291 0.9992741942405701 103.22041320800781
0.9977397322654724 0.025013456121087074 0.06236833333969116 -3.3758578300476074 -0.02464759536087513 0.9996742010116577 -0.00662876944988966 -2.3717479705810547 -0.0625138208270073 0.0050765578635036945 0.9980310797691345 103.62589263916016
0.9957123398780823 0.02305557392537594 0.08958415687084198 -3.316659927368164 -0.02227727510035038 0.9997050762176514 -0.009678209200501442 -2.3796629905700684 -0.08978085964918137 0.0076410225592553616 0.9959322214126587 104.02598571777344
0.9926724433898926 0.020134786143898964 0.11914703249931335 -3.2370548248291016 -0.01897340826690197 0.9997608661651611 -0.010873906314373016 -2.3927524089813232 -0.11933748424053192 0.008533602580428123 0.9928170442581177 104.41816711425781
0.9881883859634399 0.017906198278069496 0.1521943211555481 -3.1571998596191406 -0.016137519851326942 0.9997872114181519 -0.012848567217588425 -2.4067940711975098 -0.15239199995994568 0.010240767151117325 0.9882670044898987 104.81216430664062
0.9820268750190735 0.01547977328300476 0.18810532987117767 -3.0827999114990234 -0.012938164174556732 0.9998077750205994 -0.014732013456523418 -2.414275646209717 -0.18829721212387085 0.012033496983349323 0.9820383787155151 105.12016296386719
0.9739054441452026 0.01248204056173563 0.22661079466342926 -2.9634170532226562 -0.00926721841096878 0.9998407959938049 -0.015244897454977036 -2.428347110748291 -0.2267650067806244 0.012747034430503845 0.9738661050796509 105.48368835449219
0.9637327194213867 0.010084247216582298 0.26667866110801697 -2.836456298828125 -0.005942348390817642 0.9998489618301392 -0.016333840787410736 -2.4419171810150146 -0.2668030858039856 0.014156757853925228 0.9636471271514893 105.83499908447266
0.95123690366745 0.010984606109559536 0.3082653284072876 -2.699563980102539 -0.0059155868366360664 0.9998315572738647 -0.017373446375131607 -2.459472894668579 -0.30840420722961426 0.014702694490551949 0.9511417746543884 106.16641235351562
0.9356474876403809 0.01321769692003727 0.35268837213516235 -2.5656051635742188 -0.0072944797575473785 0.9998092651367188 -0.018118303269147873 -2.4701380729675293 -0.35286059975624084 0.014379664324223995 0.9355654716491699 106.47191619873047
0.9175234436988831 0.013357274234294891 0.39745718240737915 -2.3963623046875 -0.007232717238366604 0.9998309016227722 -0.016904529184103012 -2.4833834171295166 -0.39761579036712646 0.012635608203709126 0.9174649715423584 106.79413604736328
0.89658522605896 0.01259250845760107 0.4426921010017395 -2.214733123779297 -0.0061437939293682575 0.9998531937599182 -0.015998076647520065 -2.4940857887268066 -0.44282853603363037 0.01162382960319519 0.8965310454368591 107.11203002929688
0.87352055311203 0.011242336593568325 0.48665744066238403 -2.0179061889648438 -0.003574593458324671 0.9998544454574585 -0.01668158918619156 -2.505913734436035 -0.48677417635917664 0.01283210702240467 0.8734335899353027 107.3818359375
0.8484078645706177 0.012681924737989902 0.529191255569458 -1.7898597717285156 -0.0029615038074553013 0.999811053276062 -0.0192122720181942 -2.520414113998413 -0.5293349027633667 0.01473263744264841 0.8482850193977356 107.66858673095703
0.8204104900360107 0.01471948716789484 0.5715856552124023 -1.565399169921875 -0.0018739490769803524 0.9997324347496033 -0.023055411875247955 -2.534975528717041 -0.571772038936615 0.01784377731382847 0.8202185034751892 107.93888854980469
0.7885090112686157 0.018856706097722054 0.6147341132164001 -1.3354377746582031 -0.002486234763637185 0.9996194243431091 -0.027473850175738335 -2.5537025928497314 -0.6150181889533997 0.020135004073381424 0.7882558107376099 108.23439025878906
0.7540712356567383 0.025236865505576134 0.6563076376914978 -1.0830307006835938 -0.0061066425405442715 0.9994876980781555 -0.031416814774274826 -2.5678212642669678 -0.6567643284797668 0.01968267560005188 0.7538390159606934 108.48826599121094
0.71615070104599 0.029872994869947433 0.6973061561584473 -0.811248779296875 -0.007852299138903618 0.9993652105331421 -0.034748874604701996 -2.574828624725342 -0.6979016065597534 0.01940997503697872 0.7159306406974792 108.7352294921875
0.6766682863235474 0.03031693585216999 0.735663652420044 -0.5152587890625 -0.005833931267261505 0.9993411898612976 -0.035817090421915054 -2.5902247428894043 -0.7362650632858276 0.01994447410106659 0.6763994693756104 108.95445251464844
0.6355928182601929 0.027417778968811035 0.7715374827384949 -0.20056915283203125 -0.0012730746529996395 0.9994050860404968 -0.03446664661169052 -2.605393886566162 -0.7720233798027039 0.020924530923366547 0.6352496147155762 109.15277099609375
0.5914981961250305 0.025797894224524498 0.8058934807777405 0.12726593017578125 0.00025745946913957596 0.9994818568229675 -0.0321839265525341 -2.611936330795288 -0.8063063025474548 0.019244220107793808 0.5911851525306702 109.34532928466797
0.5452554225921631 0.024048779159784317 0.8379249572753906 0.4435691833496094 -0.0004883157671429217 0.9995973110198975 -0.028371086344122887 -2.64247465133667 -0.838269829750061 0.01506031397730112 0.5450475811958313 109.54786682128906
0.4969085454940796 0.021513596177101135 0.8675363063812256 0.8027801513671875 0.0014199650613591075 0.999671220779419 -0.02560367062687874 -2.65343976020813 -0.8678017258644104 0.013954556547105312 0.4967145323753357 109.71061706542969
0.44600093364715576 0.017829742282629013 0.8948549628257751 1.1744461059570312 0.004446241073310375 0.9997450113296509 -0.022135687991976738 -2.664651393890381 -0.8950214385986328 0.01385127380490303 0.4458080232143402 109.85379028320312
0.39328375458717346 0.01760585606098175 0.9192485213279724 1.53399658203125 0.0012437321711331606 0.9998055100440979 -0.019680825993418694 -2.691380262374878 -0.9194163084030151 0.00888344831764698 0.3931852877140045 109.9844970703125
0.3419327139854431 0.02297709695994854 0.9394434690475464 1.9313011169433594 -0.002103738486766815 0.9997171759605408 -0.023685578256845474 -2.6959266662597656 -0.9397221207618713 0.006122531834989786 0.3418843746185303 110.10067749023438
0.29106616973876953 0.028216037899255753 0.9562867283821106 2.305023193359375 -0.004255671985447407 0.9995932579040527 -0.02819853648543358 -2.717850685119629 -0.9566934108734131 0.00413799611851573 0.2910679280757904 110.19763946533203
0.2442527711391449 0.030343372374773026 0.9692367315292358 2.712289810180664 -0.002416519448161125 0.9995262026786804 -0.030682653188705444 -2.730877637863159 -0.9697085618972778 0.0051521421410143375 0.2442103922367096 110.26654052734375
0.20321637392044067 0.030072785913944244 0.9786719083786011 3.1324195861816406 0.004559754393994808 0.9994882941246033 -0.031659241765737534 -2.749446392059326 -0.9791232347488403 0.01089617982506752 0.20297527313232422 110.31004333496094
0.16800062358379364 0.029885876923799515 0.9853337407112122 3.566204071044922 0.013287683948874474 0.999380886554718 -0.032577499747276306 -2.7627153396606445 -0.9856972694396973 0.018565844744443893 0.16749948263168335 110.34564971923828
0.1373283565044403 0.03122815303504467 0.9900332093238831 4.016844749450684 0.017546173185110092 0.999269425868988 -0.03395333141088486 -2.777869701385498 -0.9903701543807983 0.022034049034118652 0.13668008148670197 110.38265991210938
0.10902808606624603 0.029184691607952118 0.993610143661499 4.492500305175781 0.015874868258833885 0.9993903636932373 -0.031096406280994415 -2.8015191555023193 -0.993911862373352 0.019163811579346657 0.10849833488464355 110.42530822753906
0.08372649550437927 0.02601073682308197 0.9961492419242859 5.007750511169434 0.009847186505794525 0.9995887875556946 -0.02692820504307747 -2.8135862350463867 -0.9964401125907898 0.012063873000442982 0.08343596756458282 110.46623229980469
0.06047713756561279 0.0219035092741251 0.9979292154312134 5.478332042694092 0.004193963948637247 0.9997448325157166 -0.022197524085640907 -2.8340065479278564 -0.9981607794761658 0.005527719855308533 0.06036984175443649 110.49281311035156
0.0378408208489418 0.01937180757522583 0.9990960359573364 6.003355026245117 0.008449509739875793 0.9997702240943909 -0.0197049081325531 -2.855041980743408 -0.9992480278015137 0.009187520481646061 0.03766843304038048 110.49517822265625
0.01764523610472679 0.020284779369831085 0.9996384978294373 6.540109157562256 0.016130149364471436 0.9996582865715027 -0.020569903776049614 -2.8724002838134766 -0.999714195728302 0.016487278044223785 0.017312008887529373 110.47702026367188
0.0003848336637020111 0.02282784692943096 0.9997393488883972 7.093003273010254 0.021231291815638542 0.9995139837265015 -0.022830870002508163 -2.8907687664031982 -0.9997744560241699 0.0212345402687788 -0.00010002404451370239 110.45504760742188
-0.01460946723818779 0.02790454402565956 0.9995038509368896 7.697648048400879 0.02028973028063774 0.999413013458252 -0.027605438604950905 -2.913424491882324 -0.9996873140335083 0.01987636089324951 -0.01516706496477127 110.46157836914062
-0.02499195747077465 0.032905641943216324 0.9991459846496582 8.300780296325684 0.018875520676374435 0.9992954730987549 -0.03243841975927353 -2.9186816215515137 -0.9995094537734985 0.01804869994521141 -0.02559545636177063 110.44392395019531
-0.03167993202805519 0.03250434994697571 0.9989694356918335 8.91943645477295 0.020901361480355263 0.9992740154266357 -0.031851429492235184 -2.9391279220581055 -0.9992794990539551 0.01987077109515667 -0.032336317002773285 110.42476654052734
-0.034127093851566315 0.029750915244221687 0.9989746809005737 9.56341552734375 0.027204729616642 0.9992141127586365 -0.028828676789999008 -2.9577267169952393 -0.9990471005439758 0.02619299665093422 -0.03490963578224182 110.39390563964844
-0.03379884362220764 0.027869904413819313 0.9990400671958923 10.221331596374512 0.02812941186130047 0.9992416501045227 -0.026923878118395805 -2.9870235919952393 -0.9990327954292297 0.027192411944270134 -0.034557171165943146 110.37095642089844
-0.03140200674533844 0.027464449405670166 0.9991294145584106 10.905295372009277 0.027005337178707123 0.9992808103561401 -0.026619847863912582 -3.0138068199157715 -0.9991419315338135 0.02614591270685196 -0.03212111070752144 110.34927368164062
-0.030022861436009407 0.027942022308707237 0.9991586208343506 11.591291427612305 0.02388564683496952 0.9993438124656677 -0.027229484170675278 -3.034489870071411 -0.9992637038230896 0.02304803766310215 -0.03067057766020298 110.33635711669922
-0.028848931193351746 0.02912275120615959 0.9991594552993774 12.302329063415527 0.02283567003905773 0.9993338584899902 -0.02846848964691162 -3.0565273761749268 -0.9993228912353516 0.021995190531015396 -0.0294947549700737 110.32477569580078
-0.027886925265192986 0.02985161356627941 0.9991652369499207 13.034283638000488 0.022357160225510597 0.9993225932121277 -0.029232321307063103 -3.0862598419189453 -0.9993611574172974 0.02152329497039318 -0.028535423800349236 110.30647277832031
-0.02731289714574814 0.029629793018102646 0.999187707901001 13.784311294555664 0.021555334329605103 0.9993456602096558 -0.029045257717370987 -3.1088972091674805 -0.9993944764137268 0.02074451372027397 -0.02793370559811592 110.29629516601562
