1.0 -7.1568792918697e-06 -6.786634912714362e-06 4.182803240837529e-05 7.156864739954472e-06 1.0 -2.123016429322888e-06 1.144671841757372e-05 6.786650374124292e-06 2.1229679987300187e-06 1.0 -4.25778216595063e-06
0.9999973177909851 0.0010219479445368052 0.0020650301594287157 -0.009433967061340809 -0.0010197375668212771 0.999998927116394 -0.0010710930218920112 -0.017012152820825577 -0.002066122367978096 0.001068984274752438 0.9999972581863403 1.2061371803283691
0.999985933303833 0.002134792972356081 0.004837389569729567 -0.036568619310855865 -0.0021322802640497684 0.999997615814209 -0.0005244776257313788 -0.039585892111063004 -0.004838496912270784 0.0005141556612215936 0.9999881386756897 2.4031667709350586
0.9999796748161316 0.0017276409780606627 0.0061255283653736115 -0.037666432559490204 -0.0017260771710425615 0.9999984502792358 -0.00026055070338770747 -0.05773372948169708 -0.006125969346612692 0.00024997233413159847 0.999981164932251 3.5990452766418457
0.999972939491272 0.0016354023246094584 0.007162617519497871 -0.0347573347389698 -0.001632531057111919 0.9999985098838806 -0.00040668476140126586 -0.07734189182519913 -0.0071632713079452515 0.00039498056867159903 0.9999743700027466 4.79935359954834
0.9999663829803467 0.0014499278040602803 0.00806993618607521 -0.03376413881778717 -0.0014491148758679628 0.999998927116394 -0.0001065842661773786 -0.10003414005041122 -0.008070083335042 9.488643991062418e-05 0.9999673962593079 5.99639892578125
0.9999608993530273 0.0017015822231769562 0.008670841343700886 -0.024808119982481003 -0.0016921680653467774 0.9999979138374329 -0.0010929361451417208 -0.1219165176153183 -0.00867268443107605 0.0010782210156321526 0.9999618530273438 7.19514799118042
0.9999489784240723 0.0016468334943056107 0.009967168793082237 -0.031236201524734497 -0.0016351661179214716 0.9999979734420776 -0.0011786133982241154 -0.14714838564395905 -0.009969089180231094 0.0011622551828622818 0.9999496340751648 8.374428749084473
0.9999450445175171 0.0015672759618610144 0.010357476770877838 -0.03093738853931427 -0.0015710033476352692 0.9999986290931702 0.00035174627555534244 -0.17008830606937408 -0.010356912389397621 -0.00036799864028580487 0.9999462962150574 9.57361888885498
0.999958872795105 0.0008356661419384181 0.009031710214912891 -0.025802530348300934 -0.000848911702632904 0.9999985694885254 0.0014628286007791758 -0.19312022626399994 -0.009030475281178951 -0.0014704355271533132 0.9999581575393677 10.764960289001465
0.9999756813049316 -0.000557772524189204 0.0069485874846577644 -0.030726172029972076 0.0005506828892976046 0.9999992847442627 0.0010221655247732997 -0.216200053691864 -0.006949152331799269 -0.001018314273096621 0.9999752640724182 11.974382400512695
0.999987006187439 -0.00020014846813865006 0.005088655278086662 -0.034314483404159546 0.0001979666849365458 0.9999998211860657 0.0004293033853173256 -0.2321891188621521 -0.00508874049410224 -0.0004282903973944485 0.9999869465827942 13.168705940246582
0.9999926090240479 -0.0002923178835771978 0.0038353069685399532 -0.035280000418424606 0.00029056600760668516 0.9999998211860657 0.0004573107580654323 -0.2603567838668823 -0.0038354401476681232 -0.00045619296724908054 0.9999924898147583 14.37353229522705
0.9999943971633911 0.001386101241223514 0.0030315006151795387 -0.041040435433387756 -0.0013870038092136383 0.9999989867210388 0.00029567748424597085 -0.2803698182106018 -0.003031087340787053 -0.00029988051392138004 0.9999954104423523 15.573211669921875
0.9999960660934448 0.0010869705583900213 0.0026059490628540516 -0.0440969318151474 -0.0010875780135393143 0.999999463558197 0.00023161560238804668 -0.29782578349113464 -0.002605695743113756 -0.0002344488602830097 0.9999966025352478 16.775529861450195
0.999997079372406 0.0008619175059720874 0.0022654251661151648 -0.04787280037999153 -0.0008637846913188696 0.9999992847442627 0.0008234121487475932 -0.32024723291397095 -0.002264713868498802 -0.0008253667037934065 0.999997079372406 17.983688354492188
0.9999988675117493 0.0006182449287734926 0.001392282429151237 -0.04734160006046295 -0.0006198739283718169 0.9999991655349731 0.001169952331110835 -0.3405563235282898 -0.0013915573945268989 -0.0011708139209076762 0.9999983310699463 19.174968719482422
0.9999988079071045 0.0010625995928421617 0.0012275022454559803 -0.055529333651065826 -0.0010631113545969129 0.9999993443489075 0.0004159962118137628 -0.363524854183197 -0.0012270601000636816 -0.00041730067459866405 0.9999991059303284 20.377967834472656
0.9999996423721313 0.0005489689647220075 0.0007096915505826473 -0.05960564687848091 -0.0005487126181833446 0.9999997019767761 -0.00036154568078927696 -0.3840291500091553 -0.0007098897476680577 0.00036115615512244403 0.9999996423721313 21.573925018310547
0.9999986290931702 0.0016563524259254336 9.933949331752956e-05 -0.07357446849346161 -0.001656368956901133 0.9999986290931702 0.0001659088593441993 -0.40765810012817383 -9.90645494312048e-05 -0.0001660731213632971 1.0 22.773204803466797
0.999999463558197 0.0009851129725575447 -0.00047627766616642475 -0.08569235354661942 -0.0009851159993559122 0.9999995231628418 -5.94186712987721e-06 -0.42847853899002075 0.00047627196181565523 6.411093636415899e-06 0.9999999403953552 23.972213745117188
0.9999988079071045 0.0008853818289935589 -0.001243778271600604 -0.09324365109205246 -0.0008860891102813184 0.999999463558197 -0.0005681537440977991 -0.45561060309410095 0.0012432754738256335 0.0005692553822882473 0.9999990463256836 25.15580940246582
0.9999963641166687 0.0016506033716723323 -0.002111529465764761 -0.10606463253498077 -0.0016501023201271892 0.9999986290931702 0.00023904512636363506 -0.47505807876586914 0.002111920854076743 -0.00023556005908176303 0.9999977350234985 26.355321884155273
0.9999960064888 -0.0003184524248354137 -0.002801768947392702 -0.10944852977991104 0.00032300615566782653 0.9999986886978149 0.0016249549807980657 -0.4965378940105438 0.002801247639581561 -0.001625853474251926 0.9999947547912598 27.551759719848633
0.9999940395355225 -0.00028231850592419505 -0.0034473298583179712 -0.12712053954601288 0.00028887667576782405 0.999998152256012 0.001901986775919795 -0.5187733173370361 0.0034467855002731085 -0.0019029713002964854 0.9999922513961792 28.75619125366211
0.9999889135360718 -0.0010798502480611205 -0.0045800101943314075 -0.13488474488258362 0.001084795338101685 0.9999988079071045 0.0010773616377264261 -0.538377046585083 0.00457884231582284 -0.0010823181364685297 0.9999889135360718 29.956907272338867
0.9999861717224121 -0.001382683403789997 -0.005070403218269348 -0.14980196952819824 0.0013837546575814486 0.9999989867210388 0.00020770913397427648 -0.560311496257782 0.005070111248642206 -0.0002147223858628422 0.9999871253967285 31.149002075195312
0.999984860420227 -0.0007308491040021181 -0.005457954481244087 -0.16840244829654694 0.0007327449275180697 0.9999996423721313 0.00034534087171778083 -0.5804339051246643 0.005457700230181217 -0.0003493348485790193 0.9999850392341614 32.34297180175781
0.9999825954437256 -0.0009072588291019201 -0.005834716837853193 -0.18277543783187866 0.0009122298797592521 0.9999992251396179 0.0008493291097693145 -0.6007569432258606 0.005833941511809826 -0.0008546368917450309 0.9999825954437256 33.54443359375
0.9999759197235107 -0.0015519489534199238 -0.0067778537049889565 -0.19249120354652405 0.0015594549477100372 0.999998152256012 0.0011022810358554125 -0.6228010654449463 0.006776129826903343 -0.0011128241894766688 0.999976396560669 34.73246765136719
0.9999724626541138 -0.0024303386453539133 -0.007001038640737534 -0.21002522110939026 0.0024379005189985037 0.9999964833259583 0.0010717966360971332 -0.6436242461204529 0.006998409982770681 -0.0010888350661844015 0.9999749064445496 35.943817138671875
0.9999704957008362 -0.002445925958454609 -0.007277315016835928 -0.22744125127792358 0.0024527963250875473 0.999996542930603 0.000935299729462713 -0.662242591381073 0.00727500207722187 -0.0009531219257041812 0.9999731183052063 37.14986801147461
0.9999706745147705 -0.0033087560441344976 -0.006906426977366209 -0.2523670792579651 0.003321797586977482 0.9999927282333374 0.0018778577214106917 -0.6911349892616272 0.006900165230035782 -0.001900744391605258 0.9999743700027466 38.327945709228516
0.9999693632125854 -0.003158058039844036 -0.007161569315940142 -0.2558862864971161 0.0031806447077542543 0.9999899864196777 0.0031446791253983974 -0.7062176465988159 0.007151567842811346 -0.00316736102104187 0.9999694228172302 39.53065490722656
0.9999734163284302 -0.0024867020547389984 -0.006860646419227123 -0.2754121720790863 0.002511859405785799 0.9999901652336121 0.0036607603542506695 -0.7228103876113892 0.006851476151496172 -0.0036778957583010197 0.9999697208404541 40.734710693359375
0.9999740123748779 -0.002111871261149645 -0.006897104438394308 -0.29038017988204956 0.00213564932346344 0.9999917149543762 0.0034419596195220947 -0.7412886023521423 0.00688977912068367 -0.0034565997775644064 0.9999703168869019 41.9107666015625
0.9999773502349854 -0.0012473884271457791 -0.006621405947953463 -0.3048003315925598 0.0012676857877522707 0.9999944567680359 0.0030621225014328957 -0.7520802021026611 0.006617550738155842 -0.003070447128266096 0.9999734163284302 43.1070556640625
0.9999808669090271 0.0011944184079766273 -0.006074138451367617 -0.32129350304603577 -0.0011623655445873737 0.99998539686203 0.005277783609926701 -0.7711160182952881 0.006080351769924164 -0.005270622670650482 0.999967634677887 44.32643127441406
0.999991774559021 0.0012074405094608665 -0.0038725549820810556 -0.3458438515663147 -0.0011735380394384265 0.9999610781669617 0.00874489825218916 -0.7942875623703003 0.0038829632103443146 -0.008740279823541641 0.9999542832374573 45.52566146850586
0.9999967217445374 0.0016076171305030584 -0.001999941188842058 -0.36088621616363525 -0.0015851273201406002 0.999936044216156 0.011196378618478775 -0.7998844385147095 0.0020178144332021475 -0.0111931711435318 0.9999353289604187 46.723670959472656
0.9999971985816956 0.0022705490700900555 -0.0006862205918878317 -0.35775208473205566 -0.0022601529490202665 0.9998881220817566 0.014788804575800896 -0.806115984916687 0.000719722593203187 -0.014787211082875729 0.9998903870582581 47.92607116699219
0.9999972581863403 0.0014721945626661181 0.0018800785765051842 -0.3898620903491974 -0.0015021410072222352 0.9998703598976135 0.016027282923460007 -0.8126236796379089 -0.0018562410259619355 -0.01603006012737751 0.999869704246521 49.140235900878906
0.9999951720237732 -0.00041735530248843133 0.0030781165696680546 -0.38512322306632996 0.0003730915195774287 0.9998967051506042 0.014366725459694862 -0.81215900182724 -0.0030837946105748415 -0.014365503564476967 0.999891996383667 50.35074996948242
0.9999886751174927 0.0005195348639972508 0.0047304932959377766 -0.39065808057785034 -0.000579349638428539 0.9999197125434875 0.012651927769184113 -0.8166281580924988 -0.004723540507256985 -0.012654522433876991 0.9999087452888489 51.55867385864258
0.9999849200248718 0.00034129919367842376 0.005480525083839893 -0.3944273591041565 -0.00040929947863332927 0.9999228715896606 0.012411265634000301 -0.8267250657081604 -0.005475866608321667 -0.012413320131599903 0.9999079704284668 52.736656188964844
0.9999839663505554 4.0958842873806134e-05 0.0056700324639678 -0.3947269916534424 -0.00010729372297646478 0.9999314546585083 0.01169936265796423 -0.8286229968070984 -0.005669165402650833 -0.011699779890477657 0.9999154806137085 53.94063949584961
0.9999869465827942 -0.0007623795536346734 0.005077769048511982 -0.3984804153442383 0.0007064264500513673 0.9999390840530396 0.011011936701834202 -0.839742124080658 -0.005085855722427368 -0.011008205823600292 0.9999264478683472 55.14027404785156
0.9999940991401672 -0.00046234065666794777 0.0034082308411598206 -0.39885592460632324 0.0004227623576298356 0.999932587146759 0.011604112572968006 -0.843706488609314 -0.0034133666194975376 -0.011602602899074554 0.9999268054962158 56.35711669921875
0.9999968409538269 -0.000577096885535866 0.0024504687171429396 -0.41033050417900085 0.0005467426381073892 0.9999232888221741 0.01236959919333458 -0.8477484583854675 -0.002457420341670513 -0.012368218041956425 0.9999204277992249 57.55403137207031
0.999998152256012 -0.0012479559518396854 0.0015167176024988294 -0.41312506794929504 0.0012285521952435374 0.9999182820320129 0.012727399356663227 -0.8554470539093018 -0.0015324780251830816 -0.012725511565804482 0.9999178051948547 58.762420654296875
1.0 3.644922617240809e-05 0.0002364593674428761 -0.4145333170890808 -3.949978781747632e-05 0.9999166131019592 0.012913129292428493 -0.8668011426925659 -0.0002359708450967446 -0.012913140468299389 0.9999166131019592 59.95611572265625
0.9999997615814209 0.0006396505632437766 -0.0002845550188794732 -0.4224952757358551 -0.0006360115949064493 0.9999203681945801 0.012609928846359253 -0.8697962164878845 0.00029259780421853065 -0.012609746307134628 0.9999204874038696 61.16302490234375
0.9999997615814209 -0.0006601524073630571 -0.00011734065628843382 -0.4316902160644531 0.0006615360034629703 0.9999253153800964 0.012204078957438469 -0.8776342272758484 0.00010927532275673002 -0.012204154394567013 0.9999254941940308 62.355899810791016
0.9999985694885254 -0.0016649144235998392 -0.00031886319629848003 -0.43641263246536255 0.0016684421570971608 0.999933660030365 0.011401674710214138 -0.8858606815338135 0.0002998607524204999 -0.011402192525565624 0.9999349117279053 63.56630325317383
0.9999974966049194 -0.0021180135663598776 -0.0007436900632455945 -0.43982577323913574 0.0021274718455970287 0.99991375207901 0.012955984100699425 -0.9014296531677246 0.0007161832181736827 -0.012957535684108734 0.9999157190322876 64.7520523071289
0.9999970197677612 -0.002288488205522299 -0.0008592464728280902 -0.44989144802093506 0.0023005674593150616 0.9998946785926819 0.01433048490434885 -0.9039407968521118 0.0008263610070571303 -0.014332421123981476 0.9998969435691833 65.94505310058594
0.9999975562095642 -0.0019731209613382816 -0.0009281736565753818 -0.46220898628234863 0.001984828384593129 0.9999162554740906 0.012785916216671467 -0.9137905836105347 0.0009028678177855909 -0.01278772670775652 0.99991774559021 67.14083099365234
0.9999999403953552 -7.432643178617582e-05 -0.00028032204136252403 -0.4791215658187866 7.758055289741606e-05 0.9999324083328247 0.011626106686890125 -0.9197701215744019 0.0002794401370920241 -0.011626129038631916 0.9999322891235352 68.33909606933594
0.9999979138374329 0.001915654051117599 -0.0006797559908591211 -0.48423346877098083 -0.0019073188304901123 0.9999254941940308 0.012057842686772346 -0.9294053316116333 0.0007028058171272278 -0.012056522071361542 0.9999270439147949 69.52897644042969
0.9999914169311523 0.004110322333872318 -0.0004405772779136896 -0.4926774203777313 -0.004104562569409609 0.9999151229858398 0.012362501583993435 -0.936611533164978 0.0004913531593047082 -0.01236058957874775 0.9999234676361084 70.71509552001953
0.9999865889549255 0.005160822067409754 -0.00038065167609602213 -0.4988642930984497 -0.005155631341040134 0.9999077320098877 0.012567386031150818 -0.9417803287506104 0.0004454753652680665 -0.012565256096422672 0.9999209046363831 71.9179458618164
0.9999840259552002 0.005613063462078571 0.0006161844939924777 -0.5072582364082336 -0.00562103558331728 0.9998888969421387 0.01380225084722042 -0.9519200325012207 -0.0005386431002989411 -0.013805494643747807 0.9999045729637146 73.10176849365234
0.9999663829803467 0.007790491450577974 0.0026015881448984146 -0.515171229839325 -0.007827258668839931 0.9998652338981628 0.01443453785032034 -0.9546389579772949 -0.0024887854233384132 -0.014454414136707783 0.9998924136161804 74.28009796142578
0.9999647736549377 0.0065107629634439945 0.0052949669770896435 -0.5157879590988159 -0.006574978586286306 0.9999038577079773 0.012202058918774128 -0.9596039652824402 -0.00521501200273633 -0.012236441485583782 0.9999115467071533 75.4659652709961
0.9999633431434631 0.0036658812314271927 0.007727665361016989 -0.504927933216095 -0.003722545923665166 0.9999662041664124 0.00733112683519721 -0.974369466304779 -0.00770052894949913 -0.007359623908996582 0.999943196773529 76.64850616455078
0.9999363422393799 0.004592202138155699 0.010298957116901875 -0.5001572966575623 -0.004663570784032345 0.9999653100967407 0.0069164396263659 -0.9823781251907349 -0.010266836732625961 -0.006964029278606176 0.999923050403595 77.83397674560547
0.9999091625213623 0.0032108298037201166 0.013091452419757843 -0.48783421516418457 -0.0033503929153084755 0.9999375939369202 0.010652653872966766 -0.9955072402954102 -0.013056432828307152 -0.010695545934140682 0.999857485294342 79.00054168701172
0.9998496770858765 0.0038683563470840454 0.016895879060029984 -0.48077869415283203 -0.004070939961820841 0.9999200105667114 0.011972252279520035 -1.005429983139038 -0.016848215833306313 -0.012039236724376678 0.9997854828834534 80.16090393066406
0.9997755885124207 0.003758229548111558 0.020849362015724182 -0.46202969551086426 -0.003970778081566095 0.9999403953552246 0.010162443853914738 -1.0122792720794678 -0.020809929817914963 -0.010242951102554798 0.9997309446334839 81.34275817871094
0.9997010231018066 0.002601760206744075 0.024311579763889313 -0.43800806999206543 -0.0027804248966276646 0.9999692440032959 0.007318022660911083 -1.0254074335098267 -0.024291792884469032 -0.007383429445326328 0.9996777176856995 82.5047607421875
0.9996176362037659 0.0016615535132586956 0.027601175010204315 -0.4103047847747803 -0.0017653906252235174 0.9999914765357971 0.0037381104193627834 -1.0387649536132812 -0.027594728395342827 -0.003785407869145274 0.9996119737625122 83.67621612548828
0.9995278120040894 0.0004554784682113677 0.030723541975021362 -0.3733992576599121 -0.0005532216746360064 0.9999948143959045 0.003172940807417035 -1.0558797121047974 -0.030721932649612427 -0.003188439179211855 0.9995229244232178 84.83641052246094
0.9994028210639954 0.0005311489221639931 0.0345497652888298 -0.33966493606567383 -0.0006901370361447334 0.9999891519546509 0.004589949734508991 -1.072157859802246 -0.034546952694654465 -0.004611052572727203 0.9993924498558044 85.9964828491211
0.9992564916610718 0.0018686852417886257 0.03850957378745079 -0.30747222900390625 -0.002067525638267398 0.9999846816062927 0.0051242210902273655 -1.0919227600097656 -0.038499414920806885 -0.005200030282139778 0.9992450475692749 87.1624526977539
0.9991039633750916 0.0013706681784242392 0.04230097681283951 -0.261063814163208 -0.001493115327320993 0.9999948143959045 0.002863202476873994 -1.1055561304092407 -0.04229683056473732 -0.0029237973503768444 0.9991008043289185 88.31163787841797
0.9989688396453857 0.0010569788282737136 0.045389074832201004 -0.20935535430908203 -0.0010865888325497508 0.9999992251396179 0.0006276972126215696 -1.1225206851959229 -0.04538837820291519 -0.0006763695273548365 0.9989691972732544 89.45893859863281
0.9988173842430115 0.0012225514510646462 0.048603929579257965 -0.1578536033630371 -0.0012399579863995314 0.9999991655349731 0.00032798072788864374 -1.1418788433074951 -0.04860348254442215 -0.00038785990909673274 0.9988180994987488 90.62055969238281
0.9986733794212341 -0.00019554729806259274 0.05149206519126892 -0.09981393814086914 0.00011868918954860419 0.9999988079071045 0.0014956728555262089 -1.1604149341583252 -0.05149230360984802 -0.0014875771012157202 0.9986722469329834 91.78063201904297
0.9985308051109314 -0.0006512911641038954 0.05418384075164795 -0.04181623458862305 0.000483523472212255 0.9999951124191284 0.0031093216966837645 -1.1776247024536133 -0.054185591638088226 -0.003078554291278124 0.9985261559486389 92.94184875488281
0.9983724355697632 -0.0016550018917769194 0.05700653791427612 0.01876974105834961 0.0013840944739058614 0.9999874830245972 0.0047913650050759315 -1.1956937313079834 -0.057013753801584244 -0.004704664461314678 0.9983622431755066 94.10517883300781
0.9982339143753052 -0.003021590644493699 0.059328094124794006 0.08705711364746094 0.0026851941365748644 0.9999798536300659 0.0057490235194563866 -1.2091293334960938 -0.059344273060560226 -0.005579562857747078 0.9982219934463501 95.26317596435547
0.9981101155281067 -0.004132523201406002 0.061311379075050354 0.157745361328125 0.00392402708530426 0.9999861121177673 0.0035206435713917017 -1.2245712280273438 -0.0613250769674778 -0.0032734025735408068 0.9981124401092529 96.41898345947266
0.9979268312454224 -0.005380716640502214 0.06413308531045914 0.2222743034362793 0.00539416866376996 0.9999854564666748 -3.6617264413507655e-05 -1.2408405542373657 -0.0641319528222084 0.0003824863233603537 0.9979413747787476 97.58489990234375
0.9978117942810059 -0.00466525973752141 0.065953828394413 0.29358530044555664 0.004860639572143555 0.9999842643737793 -0.0028022087644785643 -1.2568540573120117 -0.06593970954418182 0.0031166537664830685 0.9978187680244446 98.74517059326172
0.9976930022239685 -0.004591875709593296 0.06773209571838379 0.3705110549926758 0.00485203368589282 0.9999814629554749 -0.0036769695580005646 -1.2787740230560303 -0.06771395355463028 0.003997124265879393 0.9976967573165894 99.92223358154297
0.9976802468299866 -0.004493033979088068 0.06792527437210083 0.449948787689209 0.004717777017503977 0.9999839663505554 -0.0031486416701227427 -1.2974417209625244 -0.06791002303361893 0.0034617942292243242 0.997685432434082 101.10411834716797
0.997718870639801 -0.004344714339822531 0.06736631691455841 0.5184435844421387 0.0044348533265292645 0.99998939037323 -0.0011885279091075063 -1.3210116624832153 -0.06736044585704803 0.0014845762634649873 0.9977275729179382 102.28227233886719
0.9978198409080505 -0.004966129083186388 0.06580926477909088 0.5938115119934082 0.0049683586694300175 0.9999876022338867 0.00012977828737348318 -1.337856411933899 -0.06580910086631775 0.00019746844191104174 0.997832179069519 103.48198699951172
0.9979332089424133 -0.004484872799366713 0.06410281360149384 0.6604642868041992 0.004430241417139769 0.9999896883964539 0.0009943476179614663 -1.3558623790740967 -0.06410660594701767 -0.0007083014352247119 0.9979429244995117 104.67273712158203
0.9980950951576233 -0.004392899572849274 0.061536937952041626 0.7321052551269531 0.004330342635512352 0.999989926815033 0.0011498925741761923 -1.3684535026550293 -0.0615413673222065 -0.000881226034834981 0.9981040954589844 105.87857818603516
0.9982700943946838 -0.0037907215300947428 0.05867232754826546 0.7947134971618652 0.003712218487635255 0.9999920129776001 0.0014469338348135352 -1.3908836841583252 -0.058677349239587784 -0.0012266263365745544 0.9982761740684509 107.07653045654297
0.9984878301620483 -0.002240400295704603 0.05492721125483513 0.8460159301757812 0.0022075276356190443 0.9999973773956299 0.0006591430283151567 -1.4003074169158936 -0.05492854490876198 -0.0005368932033888996 0.9984900951385498 108.26842498779297
0.9987001419067383 -0.0021681797225028276 0.05092351511120796 0.9068794250488281 0.002107790904119611 0.9999970197677612 0.0012395421508699656 -1.4198169708251953 -0.05092605575919151 -0.0011305948719382286 0.9987017512321472 109.47602081298828
0.9989076256752014 -0.0016779007855802774 0.04669705405831337 0.967339038848877 0.001558107789605856 0.9999954700469971 0.002601602580398321 -1.4393616914749146 -0.04670121148228645 -0.0025260017719119787 0.9989056587219238 110.7071762084961
0.9990938901901245 -0.0011876499047502875 0.042542096227407455 1.0062625408172607 0.001052383566275239 0.9999943375587463 0.003201849525794387 -1.4558161497116089 -0.04254565387964249 -0.0031541779171675444 0.9990895390510559 111.90653991699219
0.9992685914039612 -0.0010770187946036458 0.038223955780267715 1.045072078704834 0.0009357437957078218 0.9999926090240479 0.0037136804312467575 -1.4701321125030518 -0.03822767734527588 -0.003675196086987853 0.9992622137069702 113.1277847290039
0.9994511604309082 -0.0004867399693466723 0.033121123909950256 1.0825235843658447 0.00036211556289345026 0.9999927878379822 0.0037685800343751907 -1.4837677478790283 -0.033122722059488297 -0.003754518460482359 0.9994441270828247 114.34656524658203
0.9995998740196228 1.9038328900933266e-05 0.02828558348119259 1.1118056774139404 -0.00012543801858555526 0.999992847442627 0.0037598544731736183 -1.5014925003051758 -0.02828531339764595 -0.003761898260563612 0.9995927810668945 115.58641052246094
0.9997252821922302 0.00040450438973493874 0.02343381941318512 1.130232810974121 -0.0004889374249614775 0.9999933838844299 0.0035974259953945875 -1.5158159732818604 -0.023432213813066483 -0.003607895690947771 0.9997188448905945 116.80558013916016
0.9998260140419006 0.0017371549038216472 0.018573671579360962 1.1507289409637451 -0.0017870807787403464 0.9999949336051941 0.002671744441613555 -1.530941367149353 -0.018568936735391617 -0.0027044727467000484 0.9998238682746887 118.0380859375
0.9998789429664612 0.0036725224927067757 0.01512105017900467 1.1625759601593018 -0.003711514174938202 0.9999898672103882 0.0025514115113765 -1.5453227758407593 -0.015111527405679226 -0.0026072245091199875 0.9998824000358582 119.27527618408203
0.9999061822891235 0.005233885254710913 0.012663980945944786 1.1747689247131348 -0.005271826405078173 0.999981701374054 0.0029644789174199104 -1.5651180744171143 -0.012648234143853188 -0.0030309625435620546 0.9999154210090637 120.49928283691406
0.9999054670333862 0.006701264530420303 0.012007178738713264 1.1758184432983398 -0.006730885244905949 0.9999743700027466 0.0024282182566821575 -1.5810343027114868 -0.01199059933423996 -0.0025088076945394278 0.9999249577522278 121.76786041259766
0.9998980164527893 0.008966648019850254 0.011115087196230888 1.1765626668930054 -0.008997805416584015 0.9999557137489319 0.0027563355397433043 -1.5972771644592285 -0.01108988095074892 -0.0028560657519847155 0.9999343752861023 123.00637817382812
0.9999001622200012 0.010095395147800446 0.00988319143652916 1.1873040199279785 -0.010131004266440868 0.9999423027038574 0.0035595414228737354 -1.6143453121185303 -0.009846685454249382 -0.0036593121476471424 0.999944806098938 124.26162719726562
0.9999053478240967 0.00981671642512083 0.009635345079004765 1.185797095298767 -0.009852128103375435 0.9999448657035828 0.003634417662397027 -1.6240646839141846 -0.00959913432598114 -0.0037290023174136877 0.9999470114707947 125.51022338867188
0.9998687505722046 0.013764848932623863 0.008546028286218643 1.189603328704834 -0.013814972713589668 0.9998874664306641 0.005834458861500025 -1.6402952671051025 -0.008464757353067398 -0.005951756611466408 0.9999464750289917 126.76106262207031
0.9998611807823181 0.014731661416590214 0.007793880067765713 1.191987156867981 -0.014802739955484867 0.9998485445976257 0.009142177179455757 -1.6518287658691406 -0.007658022455871105 -0.009256279096007347 0.9999278783798218 128.01104736328125
0.999884307384491 0.013589052483439445 0.006833601742982864 1.2017667293548584 -0.013649426400661469 0.9998674988746643 0.008867301046848297 -1.6668667793273926 -0.006712200120091438 -0.00895955041050911 0.9999373555183411 129.27296447753906
0.9998838305473328 0.013433190993964672 0.007201828062534332 1.189137578010559 -0.013483152724802494 0.999885082244873 0.006934353616088629 -1.6646836996078491 -0.007107850629836321 -0.007030651438981295 0.9999500513076782 130.54202270507812
0.9999216794967651 0.0108024962246418 0.00631369324401021 1.1962772607803345 -0.010850715450942516 0.9999118447303772 0.007653756067156792 -1.6692014932632446 -0.006230457220226526 -0.0077216653153300285 0.9999508261680603 131.79885864257812
0.9999505281448364 0.008327862247824669 0.0054403068497776985 1.194817066192627 -0.008377652615308762 0.9999226927757263 0.009194635786116123 -1.675118088722229 -0.005363314878195524 -0.009239757433533669 0.99994295835495 133.0604705810547
0.9999704360961914 0.005249887239187956 0.005622718948870897 1.199962854385376 -0.0053154961206018925 0.999917209148407 0.011717867106199265 -1.6903985738754272 -0.0055607338435947895 -0.011747405864298344 0.9999155402183533 134.32769775390625
0.9999815821647644 0.0032239235006272793 0.005142252892255783 1.205000877380371 -0.0032905261032283306 0.9999101161956787 0.012996596284210682 -1.6979089975357056 -0.0050998893566429615 -0.01301327720284462 0.9999023675918579 135.5946502685547
0.9999853372573853 -0.0009170568082481623 0.0053334650583565235 1.212564468383789 0.0008594378014095128 0.999941349029541 0.010795658454298973 -1.7001698017120361 -0.0053430539555847645 -0.010790915228426456 0.9999274611473083 136.85914611816406
0.9999803900718689 -0.0032329901587218046 0.005342618562281132 1.2180761098861694 0.0031796470284461975 0.999945342540741 0.009963124990463257 -1.7076547145843506 -0.005374537315219641 -0.009945941157639027 0.9999361038208008 138.1294708251953
0.9999734163284302 -0.004371406976133585 0.005840551108121872 1.2165701389312744 0.004315370228141546 0.9999448657035828 0.009572768583893776 -1.714839220046997 -0.005882076919078827 -0.009547307156026363 0.999937117099762 139.4008026123047
0.9999697208404541 -0.0044353730045259 0.006395390722900629 1.2232211828231812 0.004371181596070528 0.9999402761459351 0.010016527026891708 -1.7206634283065796 -0.006439434830099344 -0.009988267906010151 0.9999293684959412 140.68411254882812
0.9999692440032959 -0.004058272112160921 0.006717707961797714 1.2264093160629272 0.003977304790169001 0.9999198317527771 0.012022703886032104 -1.7284526824951172 -0.0067659602500498295 -0.011995615437626839 0.9999051094055176 141.95750427246094
0.9999687075614929 -0.00158891046885401 0.007749057840555906 1.2271820306777954 0.001482616295106709 0.999904990196228 0.013703581877052784 -1.737840175628662 -0.007770095486193895 -0.01369166374206543 0.999876081943512 143.2483673095703
0.9999645352363586 -0.0016985801048576832 0.00824911892414093 1.2323780059814453 0.0016008387319743633 0.9999285936355591 0.011840878054499626 -1.7410520315170288 -0.008268643170595169 -0.011827250942587852 0.9998958706855774 144.52590942382812
0.9999610185623169 -0.0012331671314314008 0.008745614439249039 1.2361624240875244 0.001143034198321402 0.9999462366104126 0.010303626768290997 -1.7532979249954224 -0.008757850155234337 -0.01029322948306799 0.9999086856842041 145.79141235351562
0.9999560117721558 -0.0013959339121356606 0.009274573996663094 1.2429516315460205 0.0013253248762339354 0.9999700784683228 0.007614962290972471 -1.7599886655807495 -0.009284925647079945 -0.007602335885167122 0.9999279975891113 147.06610107421875
0.9999504089355469 -0.0020541753619909286 0.00974757969379425 1.2493995428085327 0.0020208561327308416 0.9999920129776001 0.003426860086619854 -1.7743186950683594 -0.009754541330039501 -0.0034069917164742947 0.999946653842926 148.3308868408203
0.9999470114707947 -0.002155113033950329 0.010064122267067432 1.2608264684677124 0.0021520277950912714 0.9999975562095642 0.0003173402219545096 -1.7982795238494873 -0.01006478350609541 -0.0002956651442218572 0.9999492168426514 149.5971221923828
0.9999462366104126 -0.0028547400142997503 0.00996551662683487 1.2718106508255005 0.0028627701103687286 0.9999955296516418 -0.0007916364702396095 -1.816573143005371 -0.009963213466107845 0.0008201230084523559 0.9999500513076782 150.87232971191406
0.9999420046806335 -0.0029862793162465096 0.010345458053052425 1.2751743793487549 0.0029920737724751234 0.9999953508377075 -0.0005446381401270628 -1.839938998222351 -0.010343783535063267 0.0005755610181950033 0.9999463558197021 152.14483642578125
0.9999467134475708 -0.0022684945724904537 0.010067003779113293 1.28340744972229 0.0022723881993442774 0.9999973177909851 -0.00037535009323619306 -1.8592102527618408 -0.010066126473248005 0.0003982062335126102 0.9999492764472961 153.40870666503906
0.9999489188194275 -0.0016347060445696115 0.009973322041332722 1.2891329526901245 0.0016263049328699708 0.9999983310699463 0.0008504475117661059 -1.8793739080429077 -0.009974694810807705 -0.0008341839420609176 0.9999499320983887 154.6637725830078
0.999954879283905 -0.0012168614193797112 0.009424451738595963 1.2976963520050049 0.0012013580417260528 0.9999979734420776 0.0016505209496244788 -1.901790976524353 -0.009426439180970192 -0.0016391242388635874 0.9999542236328125 155.9318389892578
0.9999576210975647 -0.0014489388559013605 0.009083479642868042 1.3028185367584229 0.0014392323791980743 0.9999983906745911 0.0010749949142336845 -1.9211511611938477 -0.009085021913051605 -0.001061876188032329 0.9999581575393677 157.1992950439453
0.9999637603759766 -0.0010439081816002727 0.00844831857830286 1.302139401435852 0.0010339603759348392 0.9999987483024597 0.0011817162157967687 -1.9389193058013916 -0.008449542336165905 -0.0011729381512850523 0.999963641166687 158.46604919433594
0.9999679327011108 -0.0014045237330719829 0.007886075414717197 1.311724305152893 0.001384432427585125 0.999995768070221 0.002552600810304284 -1.9627515077590942 -0.007889628410339355 -0.0025416009593755007 0.9999656081199646 159.73777770996094
0.999970555305481 -0.0003546535735949874 0.007669504266232252 1.3046729564666748 0.0003314075293019414 0.9999952912330627 0.003032032400369644 -1.982623815536499 -0.007670545019209385 -0.0030294014140963554 0.9999659657478333 160.9892120361328
0.9999765157699585 5.4234304116107523e-05 0.006851831451058388 1.31501042842865 -6.651946023339406e-05 0.9999983906745911 0.0017927165608853102 -1.9996097087860107 -0.006851723417639732 -0.0017931301845237613 0.9999749064445496 162.263916015625
0.9999814033508301 0.00040000438457354903 0.006086369510740042 1.3164315223693848 -0.00040445648483000696 0.9999997019767761 0.0007302699377760291 -2.0216336250305176 -0.0060860756784677505 -0.0007327181519940495 0.999981164932251 163.530517578125
0.9999845027923584 0.0009740591631270945 0.005484223831444979 1.3160145282745361 -0.0009789905743673444 0.9999991059303284 0.0008965921006165445 -2.0443155765533447 -0.005483346059918404 -0.0009019469725899398 0.9999845623970032 164.78622436523438
0.9999879598617554 0.0008271284750662744 0.004835940431803465 1.3113408088684082 -0.000827332551125437 0.9999997019767761 4.023761721327901e-05 -2.0653319358825684 -0.004835907369852066 -4.423805512487888e-05 0.999988317489624 166.0603790283203
0.9999902844429016 0.0011974576627835631 0.004241165239363909 1.3055882453918457 -0.0011934490175917745 0.9999988079071045 -0.0009475321276113391 -2.0876214504241943 -0.004242296330630779 0.0009424611926078796 0.9999905228614807 167.34002685546875
0.9999923706054688 0.001711890916340053 0.003493446158245206 1.3087635040283203 -0.001708805444650352 0.9999980926513672 -0.0008859981317073107 -2.104684829711914 -0.003494958160445094 0.0008800217765383422 0.9999935030937195 168.60147094726562
0.9999945759773254 0.0019708946347236633 0.0026236718986183405 1.3085016012191772 -0.0019721142016351223 0.9999979734420776 0.0004623316344805062 -2.1275556087493896 -0.0026227575726807117 -0.000467503210529685 0.9999964833259583 169.88153076171875
0.9999957084655762 0.001976215047761798 0.0021412461064755917 1.3079427480697632 -0.001977936364710331 0.9999977350234985 0.0008021972025744617 -2.1481029987335205 -0.0021396540105342865 -0.000806428783107549 0.9999973773956299 171.13714599609375
0.9999963641166687 0.002422574907541275 0.0011328239925205708 1.3049988746643066 -0.0024240207858383656 0.9999962449073792 0.0012766665313392878 -2.168569564819336 -0.0011297255987301469 -0.0012794078793376684 0.9999985694885254 172.40892028808594
0.9999958276748657 0.0028826657216995955 0.0004244031151756644 1.2976349592208862 -0.0028832738753408194 0.9999947547912598 0.0014389108400791883 -2.1898488998413086 -0.0004202533746138215 -0.001440128544345498 0.9999988675117493 173.70303344726562
0.9999949336051941 0.0031505231745541096 0.00043172590085305274 1.284776210784912 -0.003150749020278454 0.9999948740005493 0.0005234150448814034 -2.2076473236083984 -0.0004300765576772392 -0.0005247725057415664 0.9999997019767761 174.94796752929688
0.9999917149543762 0.0040727658197283745 2.65574490185827e-05 1.2734230756759644 -0.004072754178196192 0.9999915957450867 -0.00041839166078716516 -2.223253011703491 -2.826229319907725e-05 0.00041828013490885496 0.9999998807907104 176.21755981445312
0.9999931454658508 0.0036850913893431425 -0.00031835222034715116 1.2565832138061523 -0.0036850410979241133 0.9999931454658508 0.00015887946938164532 -2.243623733520508 0.00031893522827886045 -0.00015770530444569886 0.9999999403953552 177.4796142578125
0.9999924898147583 0.003858942771330476 -0.00013972088345326483 1.2431683540344238 -0.0038590840995311737 0.9999920129776001 -0.0010270974598824978 -2.2673733234405518 0.00013575810589827597 0.0010276290122419596 0.999999463558197 178.72332763671875
0.9999961256980896 0.0027760639786720276 -0.00017982517601922154 1.235713005065918 -0.002776525681838393 0.9999927282333374 -0.002619351027533412 -2.288978099822998 0.0001725522888591513 0.002619839971885085 0.999996542930603 179.98648071289062
0.9999997019767761 -0.00046948742237873375 -0.0005378701607696712 1.2321466207504272 0.0004681014397647232 0.9999964833259583 -0.00257398234680295 -2.3137855529785156 0.0005390762235037982 0.002573729492723942 0.999996542930603 181.2563934326172
0.999999463558197 6.974576535867527e-05 -0.0009702189709059894 1.2286028861999512 -6.863661837996915e-05 0.9999992847442627 0.001143248868174851 -2.332082748413086 0.0009702980169095099 -0.001143181580118835 0.9999988675117493 182.5229949951172
0.9999991655349731 -0.0007654931396245956 -0.0009691056911833584 1.2211347818374634 0.0007706083706580102 0.9999856948852539 0.005288879852741957 -2.351632595062256 0.0009650429710745811 -0.0052896230481565 0.9999855756759644 183.7903594970703
0.9999996423721313 0.00010582497634459287 -0.0008573349332436919 1.21376371383667 -0.00010164357081521302 0.9999880790710449 0.004875912796705961 -2.3678154945373535 0.0008578426204621792 -0.0048758238554000854 0.9999877214431763 185.0450897216797
0.9999982714653015 0.0018697292543947697 -8.487113518640399e-05 1.1972098350524902 -0.0018695894395932555 0.9999969005584717 0.0016178677324205637 -2.3830630779266357 8.789746789261699e-05 -0.0016177063807845116 0.9999986886978149 186.2923583984375
0.9999977946281433 0.0018435518722981215 -0.0009579779580235481 1.1918803453445435 -0.001843725796788931 0.9999982714653015 -0.00018084711336996406 -2.405702590942383 0.0009576447191648185 0.00018261297373101115 0.9999995231628418 187.53945922851562
0.9999967217445374 0.0022963620722293854 -0.0011493114288896322 1.1823291778564453 -0.002296469872817397 0.9999973177909851 -9.26931097637862e-05 -2.424093008041382 0.0011490958277136087 9.533220145385712e-05 0.9999992847442627 188.78802490234375
0.9999982714653015 0.0017237855354323983 -0.0007032873691059649 1.1735730171203613 -0.0017230045050382614 0.9999979138374329 0.0011099304538220167 -2.447234630584717 0.0007051973370835185 -0.001108716707676649 0.9999991655349731 190.03579711914062
0.9999977946281433 0.0020684758201241493 -0.0004982326063327491 1.1651737689971924 -0.0020668215584009886 0.9999924302101135 0.0032984321005642414 -2.4681618213653564 0.0005050516920164227 -0.0032973948400467634 0.9999944567680359 191.28382873535156
0.9999994039535522 0.001082753762602806 0.00022051572159398347 1.1594725847244263 -0.0010836691362783313 0.9999906420707703 0.0041944002732634544 -2.4889214038848877 -0.00021597214799840003 -0.004194637760519981 0.9999911785125732 192.52769470214844
0.999998152256012 0.0010117690544575453 0.0015954242553561926 1.1546260118484497 -0.001017437782138586 0.9999932050704956 0.0035562769044190645 -2.5078275203704834 -0.0015918159624561667 -0.003557894378900528 0.9999924302101135 193.7703399658203
0.9999942779541016 0.0002548056363593787 0.0033508026972413063 1.1481285095214844 -0.0002615703851915896 0.9999979138374329 0.0020186181645840406 -2.525585412979126 -0.003350283019244671 -0.002019482897594571 0.9999923706054688 194.999755859375
0.9999898672103882 8.884783164830878e-05 0.00448719272390008 1.1453057527542114 -9.098489681491628e-05 0.9999998807907104 0.0004760716110467911 -2.545966386795044 -0.00448714941740036 -0.0004764754557982087 0.9999898076057434 196.2312469482422
