1.0 -5.748929652327206e-06 -8.353360499313567e-06 4.8858717491384596e-05 5.748912371927872e-06 1.0 -2.055465301964432e-06 5.270158908388112e-06 8.35337232274469e-06 2.0554173261189135e-06 1.0 -6.051414857211057e-06
0.9999973177909851 0.001035306602716446 0.002060518367215991 -0.009273513220250607 -0.0010330878430977464 0.9999988675117493 -0.0010775094851851463 -0.01691068708896637 -0.0020616315305233 0.001075378037057817 0.9999972581863403 1.206114411354065
0.9999710321426392 0.002578891348093748 0.007158821448683739 -0.07195877283811569 -0.0025725122541189194 0.9999963045120239 -0.0009001445723697543 -0.03409359231591225 -0.007161116227507591 0.000881702231708914 0.9999739527702332 2.4204323291778564
0.9999609589576721 0.0023178337141871452 0.008530178107321262 -0.07241799682378769 -0.0023130481131374836 0.9999971389770508 -0.0005708402604795992 -0.05343655124306679 -0.008531476370990276 0.0005510872579179704 0.9999634623527527 3.618060350418091
0.9999517202377319 0.0022127339616417885 0.009569992311298847 -0.06637769192457199 -0.0022059762850403786 0.9999972581863403 -0.0007166615687310696 -0.07360153645277023 -0.009571551345288754 0.0006955157732591033 0.9999539256095886 4.819060802459717
0.9999403357505798 0.0021817213855683804 0.010701026767492294 -0.06678730249404907 -0.0021763520780950785 0.9999974370002747 -0.0005134115344844759 -0.0951806828379631 -0.010702118277549744 0.0004900916828773916 0.9999426007270813 6.01344633102417
0.999934732913971 0.002328070579096675 0.011181346140801907 -0.05476862192153931 -0.002310647163540125 0.9999960660934448 -0.001570956315845251 -0.11698601394891739 -0.01118495874106884 0.0015450179344043136 0.9999362230300903 7.216586589813232
0.9999191164970398 0.0021772743202745914 0.012532331980764866 -0.05977092310786247 -0.0021562559995800257 0.9999962449073792 -0.0016904016956686974 -0.14369112253189087 -0.01253596507012844 0.0016632420010864735 0.9999200105667114 8.387598991394043
0.9999171495437622 0.0018836265662685037 0.012729317881166935 -0.05366256460547447 -0.0018823264399543405 0.999998152256012 -0.00011411654850235209 -0.1676311492919922 -0.012729509733617306 9.014631359605119e-05 0.9999189972877502 9.582332611083984
0.9999332427978516 0.0014367513358592987 0.011471734382212162 -0.0486600287258625 -0.0014474989147856832 0.9999985694885254 0.0009286344284191728 -0.18980611860752106 -0.01147038396447897 -0.000945177860558033 0.9999337792396545 10.771712303161621
0.9999558925628662 -1.6559804862481542e-05 0.0093874866142869 -0.050929732620716095 1.3340372788661625e-05 0.9999999403953552 0.00034302062704227865 -0.21018803119659424 -0.009387491270899773 -0.0003428802883718163 0.9999558925628662 11.977239608764648
0.9999707341194153 0.0003108847595285624 0.0076382155530154705 -0.0534009113907814 -0.00031025795033201575 0.9999999403953552 -8.324571535922587e-05 -0.22837674617767334 -0.007638240698724985 8.087344031082466e-05 0.9999708533287048 13.17177677154541
0.999981164932251 0.0002013298071688041 0.006127799395471811 -0.04624881222844124 -0.00019978306954726577 0.9999998807907104 -0.00025302590802311897 -0.2516694962978363 -0.006127850152552128 0.0002517969405744225 0.9999812245368958 14.370594024658203
0.9999845027923584 0.0016818465664982796 0.005312674678862095 -0.04697097837924957 -0.0016792038222774863 0.9999984502792358 -0.0005018548108637333 -0.27354148030281067 -0.005313510540872812 0.000492925988510251 0.9999857544898987 15.57343864440918
0.9999867677688599 0.001551404013298452 0.004917223006486893 -0.04837728291749954 -0.0015495099360123277 0.9999987483024597 -0.00038897618651390076 -0.2937922179698944 -0.0049178204499185085 0.00038135171052999794 0.9999878406524658 16.77543067932129
0.9999924302101135 0.0006826048484072089 0.003831384237855673 -0.041680630296468735 -0.0006820489652454853 0.9999997615814209 -0.00014634076796937734 -0.3126972019672394 -0.0038314834237098694 0.00014372651639860123 0.9999926090240479 17.956533432006836
0.9999918341636658 0.0007331178640015423 0.003969937562942505 -0.05338297784328461 -0.0007344288169406354 0.9999997019767761 0.0003287478757556528 -0.33844614028930664 -0.003969695419073105 -0.000331660732626915 0.9999920725822449 19.157682418823242
0.9999954700469971 0.0010843545896932483 0.0028130903374403715 -0.051903754472732544 -0.0010831411927938461 0.9999993443489075 -0.0004328009090386331 -0.3615895211696625 -0.0028135578613728285 0.0004297518462408334 0.9999959468841553 20.353300094604492
0.9999952912330627 0.0003997909661848098 0.0030502304434776306 -0.06696340441703796 -0.00039596116403117776 0.9999991059303284 -0.001256037736311555 -0.390423983335495 -0.0030507303308695555 0.0012548241065815091 0.9999945163726807 21.556716918945312
0.9999964237213135 0.0014862318057566881 0.002257164102047682 -0.06799502670764923 -0.001484408276155591 0.9999985694885254 -0.0008093162323348224 -0.40851038694381714 -0.002258364111185074 0.0008059627143666148 0.999997079372406 22.753137588500977
0.9999973773956299 0.0012003813171759248 0.0019046225352212787 -0.08622144907712936 -0.0011982694268226624 0.9999986290931702 -0.0011096023954451084 -0.4320296347141266 -0.0019059506012126803 0.0011073171626776457 0.9999975562095642 23.94474983215332
0.9999987483024597 0.0012644793605431914 0.0009342181729152799 -0.0918148085474968 -0.0012627633986994624 0.9999975562095642 -0.0018349135061725974 -0.45285701751708984 -0.0009365354781039059 0.0018337315414100885 0.9999979138374329 25.13872718811035
0.9999986886978149 0.0016087563708424568 3.266435305704363e-05 -0.0998910665512085 -0.001608731341548264 0.9999984502792358 -0.0007528862333856523 -0.4837069511413574 -3.387600736459717e-05 0.0007528326823376119 0.9999997019767761 26.32453155517578
0.9999998211860657 -5.5737884395057335e-05 -0.0005888394080102444 -0.10773903131484985 5.636825881083496e-05 0.999999463558197 0.0010701966239139438 -0.5052411556243896 0.0005887785810045898 -0.0010702293366193771 0.9999991655349731 27.529279708862305
0.9999988675117493 4.892866490990855e-05 -0.0014934481587260962 -0.11418531835079193 -4.732599336421117e-05 0.9999994039535522 0.001073111779987812 -0.5272265076637268 0.0014934997307136655 -0.0010730399517342448 0.9999982714653015 28.716651916503906
0.9999967813491821 -0.0007483225781470537 -0.0024199129547923803 -0.12323758006095886 0.0007492921431548893 0.9999996423721313 0.00039974646642804146 -0.550314724445343 0.0024196128360927105 -0.00040155838360078633 0.9999970197677612 29.915599822998047
0.9999950528144836 -0.0007463235524483025 -0.003039061324670911 -0.13145793974399567 0.0007444095681421459 0.9999995231628418 -0.0006309649907052517 -0.5681837797164917 0.003039532108232379 0.0006286996067501605 0.9999951124191284 31.103132247924805
0.9999926686286926 -0.00014976918464526534 -0.0038203976582735777 -0.14377567172050476 0.00014771327550988644 0.9999998211860657 -0.0005385143449530005 -0.5881199240684509 0.0038204770535230637 0.0005379461799748242 0.9999924898147583 32.29922866821289
0.9999903440475464 -0.0004342583997640759 -0.004403889179229736 -0.15258832275867462 0.00043400487629696727 0.9999998807907104 -5.84339868510142e-05 -0.6100566387176514 0.004403914790600538 5.6522050726925954e-05 0.9999902844429016 33.49992370605469
0.9999865889549255 -0.0009026190964505076 -0.005102954339236021 -0.1619257628917694 0.0009026068728417158 0.9999995827674866 -4.668229394155787e-06 -0.630963146686554 0.005102957598865032 6.218495940402136e-08 0.9999869465827942 34.689300537109375
0.9999843835830688 -0.0016956542385742068 -0.0053233737125992775 -0.1803036630153656 0.0016970910364761949 0.9999985098838806 0.0002654478885233402 -0.6560889482498169 0.005322916898876429 -0.0002744780795183033 0.9999858140945435 35.90242004394531
0.9999814629554749 -0.001602258998900652 -0.005871686618775129 -0.19237959384918213 0.0016027435194700956 0.9999986886978149 7.783867476973683e-05 -0.6751064658164978 0.0058715553022921085 -8.724804501980543e-05 0.9999828338623047 37.105648040771484
0.9999817609786987 -0.0025304360315203667 -0.005468861199915409 -0.21358275413513184 0.0025353506207466125 0.9999963641166687 0.0008918348466977477 -0.7022715210914612 0.005466584116220474 -0.0009056840208359063 0.999984622001648 38.28108215332031
0.9999811053276062 -0.002173998160287738 -0.005755735095590353 -0.21595439314842224 0.002185866003856063 0.9999954700469971 0.0020564652513712645 -0.7174621224403381 0.005751237738877535 -0.0020690076053142548 0.9999812841415405 39.48344802856445
0.9999802112579346 -0.0015816923696547747 -0.006091487128287554 -0.2246336042881012 0.0015992412809282541 0.9999945163726807 0.0028770179487764835 -0.739054262638092 0.006086904555559158 -0.0028867025393992662 0.9999772906303406 40.67563247680664
0.9999813437461853 -0.0009958733571693301 -0.006027050316333771 -0.23441942036151886 0.001008327817544341 0.9999973773956299 0.002063852734863758 -0.7505033016204834 0.006024979054927826 -0.002069891896098852 0.9999797344207764 41.8704948425293
0.9999822378158569 -0.00011737012391677126 -0.005977625958621502 -0.2423354685306549 0.00012713606702163815 0.9999986886978149 0.0016334432875737548 -0.763228714466095 0.00597742572426796 -0.0016341744922101498 0.9999808073043823 43.06450271606445
0.999983012676239 0.00209526508115232 -0.0054541281424462795 -0.2565927803516388 -0.002075490541756153 0.9999912977218628 0.003628779435530305 -0.7817333340644836 0.005461682099848986 -0.0036173975095152855 0.9999785423278809 44.28300476074219
0.9999920129776001 0.0021718803327530622 -0.0033514646347612143 -0.2854594886302948 -0.0021475795656442642 0.9999715089797974 0.007237419951707125 -0.8081590533256531 0.00336708826944232 -0.00723016494885087 0.9999681115150452 45.47367477416992
0.9999959468841553 0.002374643459916115 -0.0015686381375417113 -0.2964956760406494 -0.0023592286743223667 0.9999496340751648 0.00975663959980011 -0.8171398639678955 0.001591727021150291 -0.009752899408340454 0.9999510645866394 46.67085647583008
0.9999958872795105 0.0028848580550402403 -1.5364621503977105e-05 -0.29589998722076416 -0.002884411485865712 0.9999107122421265 0.0130520174279809 -0.8229316473007202 5.3016414312878624e-05 -0.013051916845142841 0.999914824962616 47.87069320678711
0.9999948740005493 0.0024684974923729897 0.00202759332023561 -0.3227851986885071 -0.002497660694643855 0.9998916387557983 0.014508876949548721 -0.8342606425285339 -0.0019915590528398752 -0.014513866975903511 0.9998926520347595 49.066768646240234
0.999993622303009 0.00045105614117346704 0.0035455606412142515 -0.32234328985214233 -0.000497157103382051 0.9999153017997742 0.013012390583753586 -0.8377393484115601 -0.0035393908619880676 -0.013014071621000767 0.9999091029167175 50.28022384643555
0.9999861121177673 0.0019267227035015821 0.004910320043563843 -0.32740285992622375 -0.0019822162576019764 0.9999338984489441 0.0113217206671834 -0.8432297706604004 -0.004888181574642658 -0.011331293731927872 0.999923825263977 51.466983795166016
0.9999821782112122 0.0020382157526910305 0.0056096711196005344 -0.3264790177345276 -0.002098753582686186 0.9999393820762634 0.010807040147483349 -0.8471566438674927 -0.0055873035453259945 -0.010818621143698692 0.9999258518218994 52.67558288574219
0.9999809861183167 0.0016654850915074348 0.005952263250946999 -0.3335350453853607 -0.0017270924290642142 0.999944806098938 0.010360097512602806 -0.8559322953224182 -0.005934680346399546 -0.010370178148150444 0.9999285936355591 53.86946487426758
0.999984860420227 0.0004834189312532544 0.005484845023602247 -0.3331080377101898 -0.0005341679789125919 0.9999570250511169 0.00925491750240326 -0.8691487312316895 -0.005480135325342417 -0.009257704950869083 0.9999421238899231 55.09238815307617
0.9999925494194031 0.0009466269402764738 0.0037319313269108534 -0.3341245949268341 -0.0009833979420363903 0.9999508857727051 0.009863528423011303 -0.8761358261108398 -0.0037224104162305593 -0.009867124259471893 0.9999443888664246 56.30558776855469
0.9999964237213135 0.0004504703974816948 0.002628185087814927 -0.3401336669921875 -0.00047931005246937275 0.999939501285553 0.010982917621731758 -0.8878498077392578 -0.0026230786461383104 -0.010984137654304504 0.9999361634254456 57.50064468383789
0.9999989867210388 -4.169340172666125e-05 0.0014354177983477712 -0.34004566073417664 2.5415556592633948e-05 0.9999356865882874 0.011338016018271446 -0.8964564800262451 -0.0014357981272041798 -0.011337967589497566 0.9999346733093262 58.70888900756836
0.9999988675117493 0.0014278787421062589 0.0005026446306146681 -0.34285280108451843 -0.0014335507294163108 0.999933123588562 0.011469579301774502 -0.9096123576164246 -0.00048623388283886015 -0.011470288038253784 0.9999340772628784 59.90079879760742
0.9999983906745911 0.001784915803000331 -0.0002689603134058416 -0.34615498781204224 -0.0017817876068875194 0.9999354481697083 0.011214171536266804 -0.9161763191223145 0.0002889599709305912 -0.011213675141334534 0.9999370574951172 61.10185241699219
0.9999997019767761 0.0007155310595408082 -0.00023795336892362684 -0.354793518781662 -0.0007129178266040981 0.9999412894248962 0.010807730257511139 -0.9253466725349426 0.00024567366926930845 -0.010807557962834835 0.9999415874481201 62.309837341308594
0.9999998807907104 -0.00033421305124647915 -0.00037179584614932537 -0.3607478141784668 0.00033790699671953917 0.999950110912323 0.00998064037412405 -0.9347286820411682 0.0003684412222355604 -0.009980765171349049 0.999950110912323 63.51982879638672
0.9999992251396179 -0.0010123687097802758 -0.0006653847522102296 -0.3676602840423584 0.0010200055548921227 0.9999324679374695 0.011578589677810669 -0.9529082775115967 0.0006536189466714859 -0.011579258367419243 0.9999327659606934 64.71371459960938
0.9999986886978149 -0.0011194408871233463 -0.0011523690773174167 -0.37080931663513184 0.0011341329663991928 0.9999170899391174 0.012828455306589603 -0.9561094641685486 0.0011379134375602007 -0.012829745188355446 0.9999170899391174 65.91038513183594
0.999999463558197 -0.0004312076198402792 -0.0009042907040566206 -0.3871416747570038 0.0004414960858412087 0.9999348521232605 0.011407513171434402 -0.9668146371841431 0.0008993134833872318 -0.01140790618956089 0.9999344944953918 67.11946868896484
0.9999987483024597 0.0015481511363759637 -0.0003136405721306801 -0.40371423959732056 -0.0015448887133970857 0.9999473690986633 0.010148330591619015 -0.9735554456710815 0.0003293356276117265 -0.010147832334041595 0.9999484419822693 68.31742095947266
0.999994158744812 0.003372786333784461 -0.0005831027519889176 -0.4090101718902588 -0.003366452408954501 0.9999387860298157 0.010542233474552631 -0.9841434955596924 0.0006186249083839357 -0.010540208779275417 0.999944269657135 69.51856994628906
0.999983549118042 0.005742308683693409 -0.00021083265892229974 -0.4197300374507904 -0.005739723332226276 0.9999262094497681 0.010705729015171528 -0.9911929368972778 0.0002722924982663244 -0.010704342275857925 0.9999427199363708 70.70519256591797
0.9999774098396301 0.0067189219407737255 -2.0062165276613086e-05 -0.43060389161109924 -0.006718278396874666 0.9999150633811951 0.01117001473903656 -1.0007389783859253 9.51115507632494e-05 -0.01116962730884552 0.9999375343322754 71.9148178100586
0.999971330165863 0.007448754273355007 0.0013648581225425005 -0.4418147802352905 -0.007464423310011625 0.9999019503593445 0.011859524995088577 -1.0048749446868896 -0.001276385155506432 -0.01186937466263771 0.9999287128448486 73.11000061035156
0.9999530911445618 0.009273926727473736 0.0028033487033098936 -0.44124507904052734 -0.009307271800935268 0.9998831748962402 0.012125440873205662 -1.0072263479232788 -0.0026905706617981195 -0.012150962837040424 0.999922513961792 74.30684661865234
0.9999514222145081 0.008080963045358658 0.005637429654598236 -0.4352101981639862 -0.0081412922590971 0.9999088644981384 0.010761926881968975 -1.0262365341186523 -0.005549949128180742 -0.010807301849126816 0.9999262094497681 75.48824310302734
0.9999512434005737 0.005568754393607378 0.008161378093063831 -0.43051615357398987 -0.005614338908344507 0.9999685883522034 0.005573108326643705 -1.034860610961914 -0.0081300875172019 -0.005618656054139137 0.999951183795929 76.6630859375
0.9999194145202637 0.0067269448190927505 0.010768267326056957 -0.4217056632041931 -0.0067833648063242435 0.9999634027481079 0.005211541894823313 -1.0477250814437866 -0.010732815600931644 -0.0052841659635305405 0.9999284148216248 77.84917449951172
0.9998965263366699 0.005616444628685713 0.013243339024484158 -0.40760910511016846 -0.005733496975153685 0.9999446272850037 0.008817196823656559 -1.0619093179702759 -0.013193084858357906 -0.008892214857041836 0.9998734593391418 79.03258514404297
0.9998447895050049 0.005880010314285755 0.01660909503698349 -0.3918338119983673 -0.006046761758625507 0.9999316334724426 0.010007455945014954 -1.0721386671066284 -0.016549116000533104 -0.010106333531439304 0.9998119473457336 80.21785736083984
0.999767005443573 0.0060173748061060905 0.020733676850795746 -0.37489381432533264 -0.006189968902617693 0.9999465942382812 0.00827021338045597 -1.0823876857757568 -0.0206828061491251 -0.008396625518798828 0.9997507929801941 81.38490295410156
0.9996897578239441 0.004858782980591059 0.02442862279713154 -0.35271599888801575 -0.004988023545593023 0.9999738931655884 0.005232388619333506 -1.0963009595870972 -0.024402562528848648 -0.005352615844458342 0.999687910079956 82.55481719970703
0.9996055960655212 0.003624490462243557 0.02784881368279457 -0.3241778314113617 -0.003673859406262636 0.999991774559021 0.0017217877320945263 -1.111257791519165 -0.027842344716191292 -0.0018234214512631297 0.9996106624603271 83.71759033203125
0.9995013475418091 0.003192109987139702 0.031415753066539764 -0.29208266735076904 -0.003223549108952284 0.9999943971633911 0.0009501550230197608 -1.1296658515930176 -0.03141254186630249 -0.0010509513085708022 0.9995059370994568 84.87229919433594
0.9993816018104553 0.0030024396255612373 0.0350334532558918 -0.25657087564468384 -0.0030967837665230036 0.9999918341636658 0.00263903453014791 -1.1499220132827759 -0.03502523899078369 -0.0027458935510367155 0.9993826746940613 86.04231262207031
0.9992389678955078 0.004201630596071482 0.038778506219387054 -0.22309362888336182 -0.004340337123721838 0.9999845027923584 0.003493408439680934 -1.1742067337036133 -0.03876322880387306 -0.003659061621874571 0.9992417693138123 87.20765686035156
0.9990811944007874 0.0036908944603055716 0.04269787669181824 -0.17672085762023926 -0.0037310156039893627 0.9999926090240479 0.0008599922293797135 -1.1885497570037842 -0.042694393545389175 -0.0010185083374381065 0.9990875720977783 88.36060333251953
0.9989451169967651 0.0035061859525740147 0.045784879475831985 -0.12645941972732544 -0.0034549683332443237 0.9999933242797852 -0.001197749050334096 -1.2102019786834717 -0.04578877612948418 0.0010383001063019037 0.9989505410194397 89.5071029663086
0.9987834095954895 0.003911653533577919 0.04915617033839226 -0.07725708931684494 -0.0038315404672175646 0.9999911785125732 -0.001723886700347066 -1.2266263961791992 -0.049162473529577255 0.0015334456693381071 0.9987896084785461 90.67569732666016
0.9986379146575928 0.0033018719404935837 0.052071262151002884 -0.022188883274793625 -0.0032717359717935324 0.9999944567680359 -0.0006639728671871126 -1.2434642314910889 -0.0520731620490551 0.0004927052068524063 0.998643159866333 91.8340835571289
0.9984827637672424 0.0019979022908955812 0.055028364062309265 0.032611995935440063 -0.002052656840533018 0.9999974370002747 0.0009385139564983547 -1.2666884660720825 -0.055026356130838394 -0.0010500442003831267 0.9984843730926514 92.99375915527344
0.9983386397361755 0.001131982309743762 0.057607557624578476 0.09991557896137238 -0.0012864044401794672 0.9999956488609314 0.0026435719337314367 -1.28191077709198 -0.057604316622018814 -0.0027132872492074966 0.9983357787132263 94.15534210205078
0.9982032775878906 -0.0003411480283830315 0.059917185455560684 0.17230382561683655 0.00012786795559804887 0.9999936819076538 0.003563385223969817 -1.2978711128234863 -0.05991801619529724 -0.0035493215546011925 0.9981969594955444 95.3164291381836
0.9980520009994507 -0.0012828381732106209 0.06237350404262543 0.23350393772125244 0.0012082639150321484 0.9999985098838806 0.0012333289487287402 -1.3138536214828491 -0.062374990433454514 -0.0011555629316717386 0.9980521202087402 96.4679946899414
0.9979153275489807 -0.0026602563448250294 0.06448125094175339 0.30913683772087097 0.0028190575540065765 0.9999931454658508 -0.0023719025775790215 -1.3320807218551636 -0.06447449326515198 0.0025487341918051243 0.9979161024093628 97.62594604492188
0.9977880120277405 -0.00187555025331676 0.06644947826862335 0.37933945655822754 0.0022145293187350035 0.9999849200248718 -0.005028015002608299 -1.3543503284454346 -0.06643904000520706 0.005164048168808222 0.9977771043777466 98.78437805175781
0.9976628422737122 -0.001730619347654283 0.06830599159002304 0.45378297567367554 0.0021521674934774637 0.9999790787696838 -0.0060983626171946526 -1.3739114999771118 -0.068293996155262 0.006231117062270641 0.9976457953453064 99.96133422851562
0.9976458549499512 -0.001406860421411693 0.0685606524348259 0.5324321985244751 0.0017846913542598486 0.999983549118042 -0.005449960473924875 -1.396463394165039 -0.06855184584856033 0.005559490993618965 0.9976321458816528 101.13717651367188
0.9976829886436462 -0.00195193977560848 0.06800656765699387 0.6011818647384644 0.002201836323365569 0.9999911189079285 -0.0035998255480080843 -1.4273443222045898 -0.06799893826246262 0.0037412235978990793 0.9976783990859985 102.31635284423828
0.9977715015411377 -0.0019652426708489656 0.06669577211141586 0.6737225651741028 0.002111015608534217 0.9999955892562866 -0.0021152314729988575 -1.4462183713912964 -0.0666913166642189 0.0022513135336339474 0.9977712035179138 103.51912689208984
0.9978785514831543 -0.001586721744388342 0.06508386135101318 0.737277090549469 0.0016749297501519322 0.9999976754188538 -0.0013007589150220156 -1.4658361673355103 -0.0650816485285759 0.0014070102479308844 0.9978789687156677 104.70537567138672
0.9980700612068176 -0.001710644457489252 0.062074482440948486 0.8143980503082275 0.0017731387633830309 0.9999979138374329 -0.0009516869322396815 -1.4829579591751099 -0.06207272410392761 0.0010599169181659818 0.9980710744857788 105.90769958496094
0.9982117414474487 -0.0008186400518752635 0.05977187678217888 0.8701459169387817 0.000874862598720938 0.9999992251396179 -0.0009144477662630379 -1.5042752027511597 -0.05977107211947441 0.0009651047876104712 0.9982116222381592 107.11402130126953
0.99843430519104 0.0005907983286306262 0.055934663861989975 0.9290692210197449 -0.0005028048763051629 0.9999986290931702 -0.001587210688740015 -1.5181180238723755 -0.05593552440404892 0.0015566013753414154 0.9984331130981445 108.315185546875
0.9986412525177002 0.0007700485293753445 0.05210653692483902 0.9810144901275635 -0.0007150985184125602 0.9999991655349731 -0.0010732123628258705 -1.5388598442077637 -0.0521073117852211 0.0010344925103709102 0.9986409544944763 109.52165985107422
0.9988461136817932 0.0007893174770288169 0.04801952838897705 1.0401546955108643 -0.0007973762112669647 0.9999997019767761 0.00014866121637169272 -1.5626283884048462 -0.048019394278526306 -0.00018677952175494283 0.9988464117050171 110.74688720703125
0.9990349411964417 0.0017524270806461573 0.04388725012540817 1.080385446548462 -0.0017905296990647912 0.9999979734420776 0.0008288892568089068 -1.5787025690078735 -0.04388570412993431 -0.0009066710481420159 0.9990361332893372 111.95281982421875
0.9992188811302185 0.001750571420416236 0.03947858139872551 1.121342420578003 -0.0018063547322526574 0.9999975562095642 0.0013773880200460553 -1.596219778060913 -0.039476070553064346 -0.0014476242940872908 0.9992194771766663 113.17052459716797
0.99940425157547 0.0022932274732738733 0.03443605825304985 1.1641241312026978 -0.0023444571997970343 0.9999962449073792 0.0014473721385002136 -1.6124701499938965 -0.034432608634233475 -0.001527243759483099 0.9994058609008789 114.39506530761719
0.9995511770248413 0.003064547898247838 0.02980084717273712 1.184254765510559 -0.003107395488768816 0.9999942183494568 0.0013915931340306997 -1.6326218843460083 -0.029796410351991653 -0.0014835713664069772 0.9995548725128174 115.63026428222656
0.9996881484985352 0.0033633089624345303 0.024743715301156044 1.206573724746704 -0.0033926106989383698 0.999993622303009 0.0011423320975154638 -1.6493432521820068 -0.024739714339375496 -0.001225921674631536 0.9996931552886963 116.85072326660156
0.9997853636741638 0.004601310472935438 0.0201994888484478 1.2279245853424072 -0.004609792958945036 0.9999893307685852 0.00037341355346143246 -1.6688029766082764 -0.020197555422782898 -0.00046644883695989847 0.9997959136962891 118.08131408691406
0.9998377561569214 0.006593469530344009 0.016764400526881218 1.2394763231277466 -0.006601123604923487 0.9999781250953674 0.0004012850404251367 -1.687699317932129 -0.01676138862967491 -0.0005118836998008192 0.9998593926429749 119.31977844238281
0.9998607635498047 0.008246788755059242 0.014510054141283035 1.2500081062316895 -0.008258560672402382 0.9999655485153198 0.0007516025798395276 -1.7100588083267212 -0.014503357000648975 -0.0008713300339877605 0.9998944997787476 120.5434799194336
0.9998568296432495 0.009715474210679531 0.013851730152964592 1.2534955739974976 -0.009717746637761593 0.9999527335166931 9.668244456406683e-05 -1.725803017616272 -0.013850137591362 -0.00023127617896534503 0.9999039769172668 121.8039779663086
0.9998492002487183 0.011871293187141418 0.012675016187131405 1.2635427713394165 -0.011877807788550854 0.9999293684959412 0.00043882738100364804 -1.7440729141235352 -0.0126689113676548 -0.0005893126362934709 0.999919593334198 123.04783630371094
0.9998440146446228 0.013211533427238464 0.01172089297324419 1.2669579982757568 -0.013225938193500042 0.9999118447303772 0.0011523716384544969 -1.7608965635299683 -0.011704635806381702 -0.0013072119327262044 0.9999306201934814 124.28526306152344
0.9998549818992615 0.012807109393179417 0.011224721558392048 1.2706472873687744 -0.012824314646422863 0.999916672706604 0.0014621979789808393 -1.7757797241210938 -0.01120506040751934 -0.0016059355111792684 0.9999359846115112 125.52971649169922
0.9998085498809814 0.01667066663503647 0.010242416523396969 1.272253155708313 -0.0167081356048584 0.9998539686203003 0.0035836389288306236 -1.7951838970184326 -0.010181179270148277 -0.0037540849298238754 0.9999411106109619 126.77162170410156
0.9997961521148682 0.017769830301404 0.009579360485076904 1.2742812633514404 -0.017837010324001312 0.9998164772987366 0.0069736759178340435 -1.8105210065841675 -0.009453683160245419 -0.007143121678382158 0.9999297857284546 128.02767944335938
0.9998259544372559 0.016381673514842987 0.008921348489820957 1.2832257747650146 -0.01644079200923443 0.9998431205749512 0.006594004109501839 -1.8273353576660156 -0.008811927400529385 -0.006739530712366104 0.9999384880065918 129.28323364257812
0.9998259544372559 0.016395118087530136 0.008898213505744934 1.2783762216567993 -0.016439825296401978 0.9998524785041809 0.004974449053406715 -1.8342903852462769 -0.008815344423055649 -0.0051198676228523254 0.9999481439590454 130.53610229492188
0.9998810887336731 0.013628046028316021 0.0072119045071303844 1.3011283874511719 -0.013672569766640663 0.9998876452445984 0.006160874851047993 -1.851320743560791 -0.007127131801098585 -0.006258747540414333 0.9999550580978394 131.7967071533203
0.9999134540557861 0.011263757944107056 0.006798126734793186 1.2965741157531738 -0.01131733600050211 0.9999048113822937 0.007894960232079029 -1.8604357242584229 -0.006708553060889244 -0.00797121599316597 0.9999457001686096 133.0702667236328
0.999944806098938 0.007934310473501682 0.006892862729728222 1.2965352535247803 -0.008001497946679592 0.9999202489852905 0.009775006212294102 -1.8706520795822144 -0.006814754568040371 -0.009829619899392128 0.9999284744262695 134.343994140625
0.9999634027481079 0.005753287114202976 0.006330277770757675 1.3007255792617798 -0.005822240374982357 0.9999233484268188 0.010928616859018803 -1.8825141191482544 -0.006266916170716286 -0.010965073481202126 0.9999203085899353 135.62167358398438
0.9999765157699585 0.0016631651669740677 0.006646491587162018 1.3111964464187622 -0.0017229621298611164 0.9999579787254333 0.009001228027045727 -1.88645601272583 -0.006631242576986551 -0.009012468159198761 0.9999374151229858 136.8740234375
0.9999784231185913 -0.0006766578298993409 0.006531212013214827 1.3178859949111938 0.0006242527742870152 0.9999675750732422 0.00802253745496273 -1.8942995071411133 -0.006536428350955248 -0.00801828596740961 0.9999465942382812 138.14669799804688
0.9999757409095764 -0.0015643466031178832 0.0067860959097743034 1.3266335725784302 0.0015134626301005483 0.9999707341194153 0.007497003301978111 -1.8992871046066284 -0.006797625217586756 -0.0074865506030619144 0.9999488592147827 139.4224090576172
0.999972403049469 -0.0016861524200066924 0.007239840924739838 1.3293817043304443 0.0016297129914164543 0.9999683499336243 0.007794434204697609 -1.908443808555603 -0.007252755109220743 -0.007782419212162495 0.9999433755874634 140.69952392578125
0.9999693632125854 -0.0016664917347952724 0.00764747429639101 1.3406987190246582 0.0015906874323263764 0.9999496340751648 0.009907783940434456 -1.9191983938217163 -0.007663600612431765 -0.009895315393805504 0.9999216794967651 141.965087890625
0.999966025352478 0.0007604598649777472 0.008199010975658894 1.3413180112838745 -0.0008541852585040033 0.9999342560768127 0.011433967389166355 -1.9279404878616333 -0.008189776912331581 -0.011440583504736423 0.9999010562896729 143.24232482910156
0.9999580979347229 0.00038200151175260544 0.009147447533905506 1.3468947410583496 -0.0004705826286226511 0.9999529719352722 0.009683498181402683 -1.9383623600006104 -0.00914331991225481 -0.009687395766377449 0.9999112486839294 144.5329132080078
0.9999549388885498 0.0009863588493317366 0.009446877986192703 1.3514010906219482 -0.0010608064476400614 0.9999683499336243 0.007878837175667286 -1.9481215476989746 -0.00943880807608366 -0.007888504303991795 0.9999243021011353 145.8060302734375
0.9999499917030334 0.0011763800866901875 0.009930504485964775 1.3554028272628784 -0.0012310412712395191 0.9999842047691345 0.0055000740103423595 -1.964564323425293 -0.009923876263201237 -0.005512024275958538 0.9999355673789978 147.0823974609375
0.9999431371688843 -0.00015045607869978994 0.010655135847628117 1.358174204826355 0.00013527451665140688 0.9999989867210388 0.001425479305908084 -1.9834736585617065 -0.010655339807271957 -0.001423956942744553 0.9999421834945679 148.3666229248047
0.9999362826347351 2.3983275241334923e-05 0.011279844678938389 1.3626285791397095 1.4721550769536407e-06 0.9999974966049194 -0.0022567228879779577 -2.0021212100982666 -0.011279869824647903 0.002256595529615879 0.9999338388442993 149.64395141601562
0.9999348521232605 -0.00033848409657366574 0.011403778567910194 1.3732434511184692 0.00037585783866234124 0.9999945163726807 -0.003275374649092555 -2.0253994464874268 -0.011402607895433903 0.0032794473227113485 0.9999295473098755 150.9091339111328
0.9999337196350098 -7.114472100511193e-05 0.011520684696733952 1.3793203830718994 0.0001028605765895918 0.9999962449073792 -0.0027524642646312714 -2.0538527965545654 -0.01152044627815485 0.0027534663677215576 0.9999297857284546 152.1748809814453
0.9999378323554993 0.00011616068513831124 0.011152149178087711 1.3955925703048706 -9.305294952355325e-05 0.9999978542327881 -0.0020725007634609938 -2.0827698707580566 -0.011152366176247597 0.0020713340491056442 0.9999356865882874 153.4342498779297
0.9999427795410156 8.425833220826462e-05 0.01070412341505289 1.4088984727859497 -7.43814671295695e-05 0.9999996423721313 -0.0009230722789652646 -2.1077167987823486 -0.01070419792085886 0.0009222232038155198 0.9999423623085022 154.6956024169922
0.9999390840530396 0.001442449982278049 0.010934827849268913 1.4038234949111938 -0.0014360244385898113 0.9999988079071045 -0.0005954135558567941 -2.1291403770446777 -0.01093567255884409 0.0005796746117994189 0.999940037727356 155.96136474609375
0.9999427795410156 0.0019474250730127096 0.010517509654164314 1.4087934494018555 -0.0019401381723582745 0.9999979138374329 -0.0007029356784187257 -2.1540448665618896 -0.010518855415284634 0.0006824900046922266 0.9999444484710693 157.22747802734375
0.9999517202377319 0.0019269498297944665 0.009638356044888496 1.4192922115325928 -0.0019223636481910944 0.9999980330467224 -0.0004850714176427573 -2.1811022758483887 -0.009639273397624493 0.0004665195883717388 0.9999533891677856 158.4996795654297
0.999961256980896 0.001221216400153935 0.00872352346777916 1.427600383758545 -0.0012278357753530145 0.999998927116394 0.0007534056203439832 -2.202838182449341 -0.008722596801817417 -0.0007640873081982136 0.9999616742134094 159.76844787597656
0.9999580979347229 0.002588552888482809 0.008783555589616299 1.4212462902069092 -0.002599273342639208 0.9999958276748657 0.0012092898832634091 -2.2272441387176514 -0.008780389092862606 -0.0012320701498538256 0.999960720539093 161.04510498046875
0.9999640583992004 0.002711906097829342 0.008032641373574734 1.4275277853012085 -0.0027111151721328497 0.9999963045120239 -0.00010935524187516421 -2.2445616722106934 -0.008032908663153648 8.757405157666653e-05 0.9999676942825317 162.31394958496094
0.9999654293060303 0.003172605764120817 0.007683210540562868 1.4271138906478882 -0.0031634988263249397 0.9999942779541016 -0.0011971727944910526 -2.266477584838867 -0.007686964701861143 0.0011728255776688457 0.9999697804450989 163.56948852539062
0.9999690055847168 0.004191284999251366 0.006659624632447958 1.4343674182891846 -0.004184303339570761 0.9999907612800598 -0.0010619106469675899 -2.289010763168335 -0.006664013024419546 0.0010340118315070868 0.9999772906303406 164.83563232421875
0.9999741315841675 0.003813632298260927 0.00609924690797925 1.4312421083450317 -0.0038010815624147654 0.9999906420707703 -0.002068000379949808 -2.3116703033447266 -0.00610707700252533 0.002044763183221221 0.9999792575836182 166.10751342773438
0.9999792575836182 0.0041861869394779205 0.00489954324439168 1.4362767934799194 -0.004169592168182135 0.9999856352806091 -0.003392180660739541 -2.3328022956848145 -0.004913671873509884 0.003371681086719036 0.9999822974205017 167.3728790283203
0.9999804496765137 0.004186695441603661 0.004649022594094276 1.4342124462127686 -0.00417289650067687 0.9999868869781494 -0.0029738815501332283 -2.3589048385620117 -0.004661413840949535 0.0029544238932430744 0.9999847412109375 168.64944458007812
0.999984085559845 0.004368383437395096 0.0035837648902088404 1.4375606775283813 -0.004363164305686951 0.9999894499778748 -0.0014628423377871513 -2.385589838027954 -0.00359011790715158 0.0014471827307716012 0.9999924898147583 169.9240264892578
0.9999844431877136 0.004459017887711525 0.0033445258159190416 1.433950424194336 -0.004456068389117718 0.9999896287918091 -0.0008889119490049779 -2.4115726947784424 -0.0033484562300145626 0.0008739946642890573 0.9999940395355225 171.1930694580078
0.999983549118042 0.004913927987217903 0.002930042101070285 1.4254276752471924 -0.004912453703582287 0.999987781047821 -0.0005100720445625484 -2.4342286586761475 -0.0029325122013688087 0.0004956698976457119 0.9999956488609314 172.46493530273438
0.9999855160713196 0.004931642208248377 0.0021679464261978865 1.4219019412994385 -0.00493120402097702 0.999987781047821 -0.00020726655202452093 -2.459123134613037 -0.0021689427085220814 0.00019657293159980327 0.9999976754188538 173.7510528564453
0.9999842047691345 0.005389679688960314 0.0015375837683677673 1.4156701564788818 -0.0053884596563875675 0.9999851584434509 -0.0007963529205881059 -2.4903621673583984 -0.001541852136142552 0.0007880553603172302 0.9999985098838806 174.97352600097656
0.9999796748161316 0.006193120498210192 0.001423661014996469 1.4076639413833618 -0.006191014777868986 0.9999797344207764 -0.0014785766834393144 -2.5094282627105713 -0.0014327896060422063 0.0014697330771014094 0.9999979138374329 176.2498016357422
0.9999780654907227 0.006604275666177273 0.0004198116366751492 1.4036118984222412 -0.006603769958019257 0.9999774694442749 -0.0011962595162913203 -2.526505470275879 -0.00042770130676217377 0.0011934610083699226 0.9999991655349731 177.5085906982422
0.9999787211418152 0.00650323461741209 0.0005227720248512924 1.389879584312439 -0.00650195823982358 0.9999759793281555 -0.002406677231192589 -2.555647134780884 -0.0005384086980484426 0.0024032271467149258 0.9999969601631165 178.7949981689453
0.9999855160713196 0.0053576091304421425 0.0005376660265028477 1.3829760551452637 -0.005355454981327057 0.9999779462814331 -0.003930608741939068 -2.5800960063934326 -0.0005587124032899737 0.0039276727475225925 0.9999920725822449 180.06028747558594
0.999997615814209 0.0020370078273117542 0.0007697006221860647 1.373157024383545 -0.0020339936017990112 0.9999904036521912 -0.0038948634173721075 -2.606300115585327 -0.0007776249549351633 0.0038932885508984327 0.9999921321868896 181.32273864746094
0.999996542930603 0.0026384952943772078 3.4790362406056374e-05 1.3744927644729614 -0.002638490404933691 0.9999964833259583 -0.00013733803643845022 -2.626481771469116 -3.515313073876314e-05 0.00013724570453632623 1.0 182.60398864746094
0.9999985694885254 0.0016902654897421598 -0.00013243991998024285 1.3692976236343384 -0.0016896931920200586 0.9999897480010986 0.004207091871649027 -2.64951753616333 0.00013954938913229853 -0.004206861834973097 0.9999911189079285 183.87060546875
0.9999955296516418 0.0029853512533009052 2.076988312182948e-05 1.3633770942687988 -0.0029854043386876583 0.9999898672103882 0.003363430965691805 -2.663484573364258 -1.0729406312748324e-05 -0.003363477997481823 0.9999943375587463 185.13014221191406
0.9999887943267822 0.004717860370874405 0.00027856382075697184 1.352512001991272 -0.004717877134680748 0.999988853931427 5.996361869620159e-05 -2.680009365081787 -0.00027827860321849585 -6.127737287897617e-05 0.9999999403953552 186.3782958984375
0.9999892115592957 0.004650093149393797 7.703964365646243e-05 1.3419597148895264 -0.004649963695555925 0.9999878406524658 -0.0016089709242805839 -2.7060012817382812 -8.452001929981634e-05 0.0016085951356217265 0.9999986886978149 187.62118530273438
0.9999890923500061 0.004658544436097145 -0.0004229658516123891 1.3389534950256348 -0.004659079946577549 0.999988317489624 -0.0012737909564748406 -2.729891538619995 0.0004170262545812875 0.001275747548788786 0.9999991059303284 188.87188720703125
0.9999913573265076 0.004159221891313791 0.00012074415280949324 1.3293050527572632 -0.004159197676926851 0.9999913573265076 -0.0002015506470343098 -2.7536184787750244 -0.00012158333993284032 0.00020104671420995146 0.9999999403953552 190.12290954589844
0.9999914169311523 0.004150026477873325 0.00010529807332204655 1.3256763219833374 -0.004150242079049349 0.9999891519546509 0.0021350395400077105 -2.777503252029419 -9.643842349760234e-05 -0.0021354579366743565 0.9999976754188538 191.3724822998047
0.9999924302101135 0.0037219023797661066 0.0011212974786758423 1.3173224925994873 -0.0037251475732773542 0.999988853931427 0.002906662179157138 -2.8007044792175293 -0.0011104692239314318 -0.002910817041993141 0.9999951124191284 192.6228485107422
0.9999895095825195 0.0037918698508292437 0.0025730361230671406 1.313177227973938 -0.003797579789534211 0.9999904036521912 0.0022182015236467123 -2.818969488143921 -0.002564601134508848 -0.0022279496770352125 0.9999942183494568 193.86483764648438
0.9999880194664001 0.002790130442008376 0.004011489916592836 1.3124040365219116 -0.0027935844846069813 0.9999957084655762 0.0008557972032576799 -2.84415864944458 -0.004009082913398743 -0.0008669933304190636 0.9999915957450867 195.08822631835938
0.9999834299087524 0.0024744211696088314 0.005202026572078466 1.310367465019226 -0.0024715939071029425 0.9999967217445374 -0.0005499032558873296 -2.866630792617798 -0.005203370936214924 0.0005370370345190167 0.9999863505363464 196.3185577392578
