1.0 -3.353434863129223e-08 -6.406321517715696e-06 1.5219212400552351e-05 3.353405020334321e-08 1.0 -4.672396158866832e-08 2.1632777347235788e-08 6.406321517715696e-06 4.672374487313391e-08 1.0 4.584828275255859e-06
0.9999788999557495 0.00040779856499284506 -0.006481959018856287 -0.008100437931716442 -0.0004052037838846445 0.9999998211860657 0.00040161554352380335 -0.001998627558350563 0.006482121534645557 -0.0003989805409219116 0.9999788999557495 0.09145669639110565
0.9999074935913086 0.0009608314139768481 -0.013571038842201233 -0.016567392274737358 -0.0009587167878635228 0.9999995231628418 0.00016232441703323275 -0.0018841114360839128 0.013571188785135746 -0.00014929861936252564 0.999907910823822 0.1884625107049942
0.999772310256958 0.0013911842834204435 -0.021294627338647842 -0.02605453133583069 -0.0014034673804417253 0.9999988675117493 -0.0005618798895739019 -0.002152092754840851 0.021293820813298225 0.0005916382651776075 0.9997730851173401 0.2854098379611969
0.9995415806770325 0.00171228579711169 -0.03022697940468788 -0.042993903160095215 -0.0017723885830491781 0.9999964833259583 -0.0019616992212831974 -0.0020795788150280714 0.030223514884710312 0.0020143738947808743 0.999541163444519 0.39059704542160034
0.9991248846054077 0.0019289865158498287 -0.0417821891605854 -0.05886690318584442 -0.0020742779597640038 0.9999919533729553 -0.0034342824947088957 -0.004816199652850628 0.04177523031830788 0.0035179448314011097 0.9991208910942078 0.5012906789779663
0.9984791278839111 0.0017428434221073985 -0.0551031120121479 -0.08434870839118958 -0.0019690722692757845 0.9999898672103882 -0.00405153026804328 -0.007820822298526764 0.05509549379348755 0.004153870511800051 0.9984724521636963 0.6260471940040588
0.9974268674850464 0.0018307978753000498 -0.07166759669780731 -0.10852867364883423 -0.002155943773686886 0.9999877214431763 -0.0044597722589969635 -0.003890854772180319 0.07165855169296265 0.00460280803963542 0.9974185824394226 0.7615147233009338
0.9959039092063904 0.00021924027532804757 -0.0904175341129303 -0.13461807370185852 -0.0006003208109177649 0.9999910593032837 -0.00418750150129199 -0.00920430850237608 0.09041580557823181 0.004224628210067749 0.9958951473236084 0.9170031547546387
0.993912398815155 -0.0007464509690180421 -0.11017084121704102 -0.17613157629966736 0.0002665396605152637 0.9999904036521912 -0.00437072804197669 -0.012605569325387478 0.1101730465888977 0.0043147555552423 0.9939030408859253 1.0752475261688232
0.9912068843841553 -0.0010900552151724696 -0.13231675326824188 -0.211832195520401 0.0004921777872368693 0.9999895095825195 -0.0045511540956795216 -0.014511002227663994 0.13232029974460602 0.00444601196795702 0.9911970496177673 1.2151018381118774
0.9876925349235535 0.002604031004011631 -0.15638688206672668 -0.2688155472278595 -0.003572000190615654 0.9999761581420898 -0.005908860359340906 -0.019221248105168343 0.15636777877807617 0.006394750438630581 0.9876782298088074 1.3849740028381348
0.9833065271377563 0.006976583041250706 -0.1818227767944336 -0.3353837728500366 -0.008437065407633781 0.9999380707740784 -0.0072602033615112305 -0.026234131306409836 0.18176084756851196 0.008673056028783321 0.9833046197891235 1.5592259168624878
0.9778916835784912 0.009828252717852592 -0.20888075232505798 -0.40724173188209534 -0.011833353899419308 0.9998950362205505 -0.008351735770702362 -0.029258305206894875 0.20877674221992493 0.010638854466378689 0.9779054522514343 1.7404615879058838
0.9712109565734863 0.010480877943336964 -0.23799005150794983 -0.48573294281959534 -0.012943863868713379 0.9998775720596313 -0.008788716048002243 -0.028396759182214737 0.23786881566047668 0.011616209521889687 0.9712278246879578 1.9247785806655884
0.9631597995758057 0.012346205301582813 -0.2686459720134735 -0.5764333009719849 -0.015085532329976559 0.9998530745506287 -0.00813482329249382 -0.0344039723277092 0.2685060501098633 0.011887803673744202 0.9632046222686768 2.121509075164795
0.9537128806114197 0.014313390478491783 -0.3003777265548706 -0.6638858318328857 -0.01724458672106266 0.9998260140419006 -0.0071093360893428326 -0.03686251491308212 0.30022361874580383 0.011960156261920929 0.9537938237190247 2.2931830883026123
0.9424474239349365 0.016138708218932152 -0.3339647948741913 -0.7649906873703003 -0.019293874502182007 0.9997950196266174 -0.006132577080279589 -0.03594740480184555 0.3337973654270172 0.012223106808960438 0.9425656199455261 2.483076810836792
0.9298895597457886 0.018251044675707817 -0.3673858046531677 -0.8669376373291016 -0.021758174523711205 0.9997486472129822 -0.005406416952610016 -0.04150503873825073 0.367194801568985 0.0130210155621171 0.9300528764724731 2.661574125289917
0.9159929752349854 0.021012425422668457 -0.40064379572868347 -0.986595869064331 -0.025067664682865143 0.9996738433837891 -0.004882726352661848 -0.040338627994060516 0.400410532951355 0.014515748247504234 0.9162209033966064 2.8418328762054443
0.8999629020690918 0.02190316468477249 -0.43541595339775085 -1.1043026447296143 -0.026343591511249542 0.9996442198753357 -0.004163555335253477 -0.0427568182349205 0.43516987562179565 0.015217463485896587 0.900219738483429 3.0157976150512695
0.8815115690231323 0.017526330426335335 -0.4718370735645294 -1.2264201641082764 -0.02233542501926422 0.999739944934845 -0.004593022633343935 -0.04572337120771408 0.4716339111328125 0.014587484300136566 0.8816737532615662 3.1918697357177734
0.8603416681289673 0.01375462394207716 -0.5095321536064148 -1.355064868927002 -0.01861635595560074 0.9998167753219604 -0.004443920683115721 -0.05667169392108917 0.509377658367157 0.01330892276018858 0.8604401350021362 3.353549003601074
0.8352782130241394 0.01537415012717247 -0.5496125221252441 -1.5170998573303223 -0.019237665459513664 0.9998140931129456 -0.0012690911535173655 -0.05992468073964119 0.5494908690452576 0.011633303947746754 0.8354187607765198 3.534825086593628
0.8061620593070984 0.020940758287906647 -0.5913240909576416 -1.6951215267181396 -0.023923229426145554 0.999709963798523 0.0027881236746907234 -0.06535424292087555 0.5912109017372131 0.011898702941834927 0.8064291477203369 3.6988518238067627
0.7735931873321533 0.024083303287625313 -0.633224606513977 -1.8984453678131104 -0.027302158996462822 0.9996163249015808 0.004663902334868908 -0.06769414991140366 0.633094072341919 0.013680439442396164 0.773953914642334 3.8759121894836426
0.7377917766571045 0.023548182100057602 -0.6746174693107605 -2.1098952293395996 -0.02653735689818859 0.9996305704116821 0.005870641674846411 -0.07407061010599136 0.6745064854621887 0.013571253977715969 0.7381441593170166 4.038228988647461
0.697808027267456 0.019135335460305214 -0.7160292267799377 -2.327122449874878 -0.020487526431679726 0.9997673034667969 0.006751852575689554 -0.07024645805358887 0.7159917950630188 0.009958168491721153 0.6980376243591309 4.205418586730957
0.6548246741294861 0.015325045213103294 -0.7556253671646118 -2.565088987350464 -0.015018463134765625 0.9998608231544495 0.007263453211635351 -0.06836867332458496 0.7556315660476685 0.006592044606804848 0.6549636721611023 4.3702192306518555
0.6109178066253662 0.014942478388547897 -0.7915529608726501 -2.823253631591797 -0.012160861864686012 0.9998810291290283 0.009489462710916996 -0.069652259349823 0.7916006445884705 0.003828685963526368 0.6110267639160156 4.502370834350586
0.5625900030136108 0.015529529191553593 -0.8265901207923889 -3.1015968322753906 -0.009680453687906265 0.9998787045478821 0.012196514755487442 -0.0666482150554657 0.8266794085502625 0.0011401282390579581 0.5626721382141113 4.641298770904541
0.5118107199668884 0.01604967564344406 -0.858948290348053 -3.3968629837036133 -0.007920711301267147 0.9998711347579956 0.013963242061436176 -0.06081118434667587 0.8590617179870605 -0.00034305755980312824 0.5118719339370728 4.762794494628906
0.4596864879131317 0.017369315028190613 -0.8879113793373108 -3.6975951194763184 -0.007253297604620457 0.9998487830162048 0.015803880989551544 -0.053910017013549805 0.8880515694618225 -0.0008245460921898484 0.45974305272102356 4.856988430023193
0.40506431460380554 0.019559519365429878 -0.914078950881958 -4.03135871887207 -0.005833212751895189 0.9998059868812561 0.018808990716934204 -0.051540449261665344 0.9142695069313049 -0.0022868348751217127 0.40509989857673645 4.954202651977539
0.34946349263191223 0.02143939584493637 -0.9367047548294067 -4.385059356689453 -0.005766575690358877 0.9997684359550476 0.020731426775455475 -0.042665258049964905 0.9369322061538696 -0.001843299949541688 0.3495061993598938 5.0404276847839355
0.29410693049430847 0.024657543748617172 -0.955454409122467 -4.76284122467041 -0.0028467681258916855 0.9996852874755859 0.024922728538513184 -0.03855709731578827 0.955768346786499 -0.004609991330653429 0.2940846085548401 5.1149091720581055
0.24053069949150085 0.02631707489490509 -0.970284640789032 -5.119488716125488 0.0013598991790786386 0.9996222257614136 0.027449915185570717 -0.037911176681518555 0.9706405997276306 -0.007922036573290825 0.24040403962135315 5.172602653503418
0.18961991369724274 0.02678218111395836 -0.981492280960083 -5.508981227874756 0.003555597737431526 0.9996025562286377 0.027963289991021156 -0.032555028796195984 0.9818511009216309 -0.00879218801856041 0.18944934010505676 5.2074055671691895
0.14193075895309448 0.027825461700558662 -0.9894854426383972 -5.92185115814209 0.0011186511255800724 0.9995996356010437 0.02827034331858158 -0.02530987560749054 0.9898759126663208 -0.0051193200051784515 0.1418428272008896 5.228180408477783
0.09955164790153503 0.028189392760396004 -0.9946330189704895 -6.3474602699279785 -0.0003842245787382126 0.9995996952056885 0.028291692957282066 -0.015525326132774353 0.9950323700904846 -0.0024343240074813366 0.0995226502418518 5.2304158210754395
0.06175649166107178 0.02676398865878582 -0.997732400894165 -6.790309906005859 -0.0018602041527628899 0.9996417760848999 0.026700066402554512 -0.00766754150390625 0.9980894327163696 0.0002070826303679496 0.06178414821624756 5.21820592880249
0.027333423495292664 0.023908190429210663 -0.9993403553962708 -7.2624664306640625 0.0004125883860979229 0.9997135996818542 0.023928401991724968 -0.0012428313493728638 0.9996262192726135 -0.001066361553966999 0.02731573022902012 5.217060089111328
-0.0038322024047374725 0.021251944825053215 -0.9997667670249939 -7.737175941467285 0.0007775927660986781 0.9997739195823669 0.021249113604426384 0.003712072968482971 0.999992311000824 -0.0006959806196391582 -0.0038478653877973557 5.18806791305542
-0.030517328530550003 0.01942930929362774 -0.9993453621864319 -8.229574203491211 0.00041153805796056986 0.9998112320899963 0.019425800070166588 0.01014930009841919 0.9995340704917908 0.00018155483121518046 -0.030519559979438782 5.148867607116699
-0.051074013113975525 0.017001014202833176 -0.9985501170158386 -8.736787796020508 -0.0006238350179046392 0.999854326248169 0.017055127769708633 0.021059632301330566 0.9986945986747742 0.0014940041583031416 -0.05105597525835037 5.101765155792236
-0.06775236129760742 0.01606927439570427 -0.9975727796554565 -9.254888534545898 0.00017235880659427494 0.9998704195022583 0.01609458215534687 0.03519056737422943 0.9977021813392639 0.0009185053640976548 -0.0677463486790657 5.062867164611816
-0.08074595034122467 0.016385124996304512 -0.9965999722480774 -9.792357444763184 0.0005631829262711108 0.9998654723167419 0.016393182799220085 0.044122979044914246 0.9967345595359802 0.0007624148856848478 -0.08074431121349335 5.007989406585693
-0.0902566984295845 0.01782982423901558 -0.9957588911056519 -10.349055290222168 0.0006245754193514585 0.9998405575752258 0.01784629561007023 0.04738794267177582 0.995918333530426 0.0009888210333883762 -0.09025343507528305 4.948331832885742
-0.09727144241333008 0.018984487280249596 -0.9950768351554871 -10.922576904296875 -0.0010647360468283296 0.9998155236244202 0.019178975373506546 0.04783889651298523 0.9952572584152222 0.002925060922279954 -0.09723327308893204 4.885974884033203
-0.10173825174570084 0.02005069889128208 -0.9946091771125793 -11.513846397399902 -0.0008739916956983507 0.9997947216033936 0.02024463750422001 0.05424308776855469 0.9948107600212097 0.002928934060037136 -0.1016998365521431 4.818408012390137
-0.10306977480649948 0.020626846700906754 -0.9944602847099304 -12.121984481811523 0.0012139412574470043 0.999786913394928 0.020611509680747986 0.0669366717338562 0.9946733713150024 0.0009172074496746063 -0.10307282209396362 4.752013206481934
-0.10236106812953949 0.02301611937582493 -0.9944810271263123 -12.73671817779541 0.003279957454651594 0.9997346997261047 0.022800106555223465 0.0694563239812851 0.9947418570518494 -0.0009280117228627205 -0.10240940004587173 4.695350646972656
-0.10045643150806427 0.025418028235435486 -0.9946167469024658 -13.394392967224121 0.0021268464624881744 0.9996768236160278 0.025332529097795486 0.07953935861587524 0.9949392080307007 0.00042941857827827334 -0.10047799348831177 4.619241237640381
-0.09888320416212082 0.025519482791423798 -0.9947717189788818 -14.048686981201172 -7.958820788189769e-05 0.9996709823608398 0.025653071701526642 0.08614471554756165 0.9950990080833435 0.0026158306282013655 -0.0988486260175705 4.550100326538086
-0.09723237156867981 0.023056205362081528 -0.9949946403503418 -14.713950157165527 -0.001454044715501368 0.9997273087501526 0.023307962343096733 0.09737633168697357 0.9952607154846191 0.003713055280968547 -0.0971723273396492 4.481480121612549
-0.09582369029521942 0.02262876182794571 -0.9951410889625549 -15.393511772155762 -0.002296985127031803 0.9997338056564331 0.02295437827706337 0.10979302227497101 0.9953957200050354 0.004485397133976221 -0.09574621170759201 4.410442352294922
-0.09416759014129639 0.025342047214508057 -0.9952337145805359 -16.086122512817383 -0.0017687012441456318 0.999670147895813 0.02562236599624157 0.12280488014221191 0.9955548048019409 0.004173067398369312 -0.09409169852733612 4.344002723693848
-0.09231527894735336 0.02904530055820942 -0.9953061938285828 -16.809062957763672 -0.00262644630856812 0.9995639324188232 0.02941315621137619 0.13367405533790588 0.9957263469696045 0.0053294021636247635 -0.09219874441623688 4.27299690246582
-0.09041913598775864 0.031013764441013336 -0.9954207539558411 -17.535648345947266 -0.002845159964635968 0.9995028972625732 0.03139938786625862 0.1446266770362854 0.9958997964859009 0.005671237129718065 -0.09028594940900803 4.200927734375
-0.08884583413600922 0.03026038408279419 -0.9955856800079346 -18.272871017456055 -0.0048238481394946575 0.999513566493988 0.030810251832008362 0.16133159399032593 0.9960337281227112 0.007539916783571243 -0.08865664899349213 4.129842281341553
-0.08699905127286911 0.027312595397233963 -0.9958339333534241 -19.030611038208008 -0.007408597972244024 0.9995787143707275 0.028062541037797928 0.17238688468933105 0.9961808323860168 0.009819149039685726 -0.08676005154848099 4.0568437576293945
-0.08529874682426453 0.026684187352657318 -0.9959980249404907 -19.805816650390625 -0.008360490202903748 0.9995869994163513 0.0274963416159153 0.18880262970924377 0.9963203072547913 0.010672434233129025 -0.08504042029380798 3.9812722206115723
-0.08389996737241745 0.028817068785429 -0.9960573315620422 -20.588773727416992 -0.005935761146247387 0.9995495676994324 0.029418081045150757 0.20701980590820312 0.9964564442634583 0.008380533196032047 -0.08369111269712448 3.915039300918579
-0.08278428763151169 0.03120819665491581 -0.9960787296295166 -21.384187698364258 -0.0037586651742458344 0.9994927048683167 0.03162754327058792 0.2169707715511322 0.9965604543685913 0.006362189073115587 -0.08262498676776886 3.850119113922119
-0.08111879229545593 0.03289475291967392 -0.9961614608764648 -22.172136306762695 -0.002999671036377549 0.9994426965713501 0.033247366547584534 0.23242580890655518 0.9966999292373657 0.005685143638402224 -0.08097490668296814 3.7708182334899902
-0.08059868961572647 0.02813800238072872 -0.9963493943214417 -22.971969604492188 -0.0029974004719406366 0.9995900392532349 0.028471997007727623 0.24163541197776794 0.9967421293258667 0.005281263962388039 -0.08048130571842194 3.710117816925049
-0.08017351478338242 0.02136160060763359 -0.996552050113678 -23.780424118041992 -0.0017563418950885534 0.9997657537460327 0.021571792662143707 0.25031226873397827 0.9967793822288513 0.003479772014543414 -0.08011721074581146 3.6412081718444824
-0.08040214329957962 0.016698673367500305 -0.996622622013092 -24.601703643798828 0.0016239176038652658 0.9998605847358704 0.016621917486190796 0.26310041546821594 0.9967612028121948 -0.0002819954534061253 -0.08041805028915405 3.5769951343536377
-0.08116809278726578 0.01744619756937027 -0.9965476989746094 -25.440776824951172 0.0026508437003940344 0.9998470544815063 0.017288047820329666 0.2724725008010864 0.9966968894004822 -0.0012384543661028147 -0.08120192587375641 3.5083069801330566
-0.08107754588127136 0.02521069347858429 -0.9963889122009277 -26.281917572021484 0.0017277710139751434 0.9996821284294128 0.025153426453471184 0.2743966579437256 0.9967062473297119 0.00031784610473550856 -0.08109532296657562 3.430539608001709
-0.08149707317352295 0.032017290592193604 -0.9961591362953186 -27.118633270263672 0.0003566317318473011 0.9994847774505615 0.03209499642252922 0.28650522232055664 0.9966735243797302 0.002260386710986495 -0.08146650344133377 3.3632335662841797
-0.08194608986377716 0.03756629303097725 -0.9959284663200378 -27.964096069335938 -0.0015399159165099263 0.9992834329605103 0.03781953826546669 0.2976815104484558 0.9966356754302979 0.004632809665054083 -0.0818295106291771 3.2879297733306885
-0.08219201862812042 0.03812772408127785 -0.9958869814872742 -28.80400276184082 -0.003328226273879409 0.9992518424987793 0.038531236350536346 0.3058617115020752 0.9966109991073608 0.006481497082859278 -0.0820036381483078 3.208714723587036
-0.08244950324296951 0.03432752192020416 -0.9960038065910339 -29.640295028686523 -0.003217175370082259 0.9993923306465149 0.03471061587333679 0.3255111575126648 0.9965900182723999 0.006066192407160997 -0.08228893578052521 3.134119749069214
-0.08234663307666779 0.031361740082502365 -0.996110200881958 -30.477386474609375 -0.0033862432464957237 0.9994902014732361 0.03174808993935585 0.3451728820800781 0.9965980052947998 0.005987419746816158 -0.08219844102859497 3.0518877506256104
-0.08256542682647705 0.03277129679918289 -0.9960466623306274 -31.311481475830078 -0.0051090954802930355 0.9994321465492249 0.03330618515610695 0.35853493213653564 0.9965725541114807 0.007838836871087551 -0.08235110342502594 2.9765336513519287
-0.08266560733318329 0.03529750928282738 -0.9959519505500793 -32.154850006103516 -0.005983230657875538 0.9993369579315186 0.035914089530706406 0.3685687184333801 0.9965593814849854 0.008927871473133564 -0.08239959925413132 2.904655694961548
-0.08239728212356567 0.0337313637137413 -0.9960285425186157 -32.983177185058594 -0.007171902805566788 0.9993811249732971 0.03443820774555206 0.37644416093826294 0.9965737462043762 0.009981034323573112 -0.08210436254739761 2.827022075653076
-0.08214928954839706 0.028465311974287033 -0.996213436126709 -33.80777359008789 -0.007845795713365078 0.9995425939559937 0.02920740842819214 0.38916152715682983 0.996589183807373 0.01021545473486185 -0.08188837766647339 2.7573750019073486
-0.08182427287101746 0.02427447773516178 -0.9963510632514954 -34.64155960083008 -0.009395435452461243 0.9996400475502014 0.025126194581389427 0.40291574597358704 0.9966024160385132 0.011417083442211151 -0.08156676590442657 2.6782302856445312
-0.08119498938322067 0.025187188759446144 -0.9963799118995667 -35.4686279296875 -0.009008309803903103 0.9996212720870972 0.026003215461969376 0.40883058309555054 0.9966575503349304 0.011087029241025448 -0.08093734830617905 2.607656717300415
-0.0806022584438324 0.027786128222942352 -0.9963589310646057 -36.29800033569336 -0.007748511619865894 0.9995636940002441 0.02850232645869255 0.4147449731826782 0.9967162013053894 0.01001765113323927 -0.08035178482532501 2.537660598754883
-0.08008292317390442 0.03267323225736618 -0.9962525367736816 -37.14638137817383 -0.007502278778702021 0.9994145631790161 0.03338000178337097 0.427267849445343 0.9967599511146545 0.010147332213819027 -0.07979092001914978 2.4609622955322266
-0.07951072603464127 0.0380575954914093 -0.9961072206497192 -37.984619140625 -0.0071454537101089954 0.9992234706878662 0.038747020065784454 0.44693446159362793 0.9968084692955017 0.010198441334068775 -0.07917705923318863 2.392033576965332
-0.07959610223770142 0.04111829772591591 -0.9959787726402283 -38.8194465637207 -0.007529546041041613 0.9990954995155334 0.041848719120025635 0.46103131771087646 0.9967987537384033 0.010830261744558811 -0.07921449840068817 2.319129228591919
-0.07933415472507477 0.04111473634839058 -0.995999813079834 -39.64845275878906 -0.006891118828207254 0.9991025924682617 0.04179171472787857 0.4809393882751465 0.996824324131012 0.010179062373936176 -0.07897963374853134 2.2514383792877197
-0.07906046509742737 0.03661271929740906 -0.9961972832679749 -40.47597122192383 -0.0072838119231164455 0.9992774724960327 0.03730398416519165 0.5015912652015686 0.9968432188034058 0.010205384343862534 -0.07873665541410446 2.17748761177063
-0.07866890728473663 0.03229435160756111 -0.9963775873184204 -41.30411148071289 -0.008113829419016838 0.9994212985038757 0.03303362429141998 0.5157883167266846 0.9968677759170532 0.010683157481253147 -0.07836133241653442 2.1027655601501465
-0.07855657488107681 0.03001340478658676 -0.9964577555656433 -42.117279052734375 -0.012330856174230576 0.9994410276412964 0.031075362116098404 0.5227450728416443 0.9968334436416626 0.01472835335880518 -0.07814254611730576 2.029171943664551
-0.07881060987710953 0.02765326015651226 -0.9965060353279114 -42.94482421875 -0.014797414653003216 0.9994725584983826 0.02890586107969284 0.5445088744163513 0.99677973985672 0.017023801803588867 -0.07835984230041504 1.949265718460083
-0.07967507094144821 0.026078667491674423 -0.9964796900749207 -43.765995025634766 -0.013387458398938179 0.9995395541191101 0.02722916565835476 0.5427189469337463 0.9967311024665833 0.015509814023971558 -0.0792892649769783 1.88462495803833
-0.0810793936252594 0.022497162222862244 -0.9964537620544434 -44.593833923339844 -0.01002566423267126 0.9996761679649353 0.02338568866252899 0.549859344959259 0.9966572523117065 0.011886205524206161 -0.08082759380340576 1.8240580558776855
-0.08144090324640274 0.02101864106953144 -0.9964564442634583 -45.415748596191406 -0.005577840842306614 0.9997522234916687 0.021544041112065315 0.5598397254943848 0.9966625571250916 0.007312642876058817 -0.08130348473787308 1.7488324642181396
-0.0836917981505394 0.024720340967178345 -0.9961850047111511 -46.24171829223633 -0.005519535392522812 0.999665379524231 0.02527041919529438 0.5621602535247803 0.996476411819458 0.007613404653966427 -0.0835273265838623 1.6790223121643066
-0.08562180399894714 0.031227681785821915 -0.9958382248878479 -47.04911804199219 -0.002661494305357337 0.9994979500770569 0.03157127648591995 0.5666515231132507 0.9963241815567017 0.00535360723733902 -0.08549569547176361 1.6106419563293457
-0.08702197670936584 0.034845560789108276 -0.9955967664718628 -47.85939407348633 -0.0012496731942519546 0.9993835091590881 0.03508732467889786 0.5772712230682373 0.9962056875228882 0.004297538660466671 -0.08692476898431778 1.5307979583740234
-0.08824507147073746 0.03414316475391388 -0.995513379573822 -48.665775299072266 -0.001327439909800887 0.9994074106216431 0.03439438343048096 0.5818338394165039 0.9960978627204895 0.00435661943629384 -0.08814746141433716 1.4535183906555176
-0.089042067527771 0.030104903504252434 -0.9955727458000183 -49.46417999267578 -0.004695529583841562 0.9995192885398865 0.030644197016954422 0.5934085249900818 0.9960166811943054 0.007403364405035973 -0.08885790407657623 1.3686394691467285
-0.09013371914625168 0.026316121220588684 -0.9955819249153137 -50.256351470947266 -0.009424765594303608 0.9995836019515991 0.027275152504444122 0.603052020072937 0.9958850741386414 0.01184153649955988 -0.08984816819429398 1.2818913459777832
-0.09166991710662842 0.02505292370915413 -0.9954742193222046 -51.047821044921875 -0.013661032542586327 0.9995577335357666 0.0264136865735054 0.6099753379821777 0.9956957101821899 0.01602054573595524 -0.09128713607788086 1.196448802947998
-0.09256178140640259 0.026270069181919098 -0.9953603148460388 -51.84175491333008 -0.015239778906106949 0.9994974136352539 0.027796458452939987 0.6172114014625549 0.9955904483795166 0.017741957679390907 -0.0921149030327797 1.1149883270263672
-0.09367579966783524 0.027818087488412857 -0.9952139854431152 -52.6290168762207 -0.015202268958091736 0.9994530081748962 0.029367510229349136 0.6255061030387878 0.9954867362976074 0.017880534753203392 -0.0932016521692276 1.0379977226257324
-0.09455251693725586 0.02732817456126213 -0.9951448440551758 -53.41288375854492 -0.01701751910150051 0.9994327425956726 0.029062829911708832 0.6324533224105835 0.9953744411468506 0.019682858139276505 -0.09403382241725922 0.9548306465148926
-0.09502005577087402 0.027238603681325912 -0.9951026439666748 -54.19036865234375 -0.01788734272122383 0.9994174838066101 0.029064731672406197 0.640284538269043 0.9953145980834961 0.020561479032039642 -0.09447746723890305 0.8728957176208496
-0.09573344886302948 0.02900693193078041 -0.9949842691421509 -54.97142028808594 -0.016157669946551323 0.9993983507156372 0.03069024346768856 0.6497708559036255 0.9952758550643921 0.019014710560441017 -0.09520716965198517 0.7972249984741211
-0.09600832313299179 0.03172912821173668 -0.9948746562004089 -55.73746871948242 -0.0153804337605834 0.999325156211853 0.03335531800985336 0.662848711013794 0.9952616691589355 0.01850399188697338 -0.09545553475618362 0.7249727249145508
-0.09618935734033585 0.03603413328528404 -0.9947106838226318 -56.524322509765625 -0.015465401113033295 0.9991697072982788 0.03769118711352348 0.6712298393249512 0.9952428936958313 0.01900908723473549 -0.0955522283911705 0.6397037506103516
-0.09686489403247833 0.03801841288805008 -0.9945711493492126 -57.286293029785156 -0.01562916487455368 0.9990888833999634 0.039713285863399506 0.6859122514724731 0.9951748847961426 0.019391141831874847 -0.0961824432015419 0.5648341178894043
-0.0975944772362709 0.038079190999269485 -0.9944974780082703 -58.0411376953125 -0.015108532272279263 0.9990959167480469 0.03973792865872383 0.6982131004333496 0.9951115846633911 0.018903600051999092 -0.09693089872598648 0.48871612548828125
-0.09772735834121704 0.03632749617099762 -0.9945500493049622 -58.78035354614258 -0.01471511460840702 0.9991715550422668 0.03794226050376892 0.7063201665878296 0.9951044917106628 0.018342910334467888 -0.09711184352636337 0.4128398895263672
-0.09800615161657333 0.03249743580818176 -0.994655191898346 -59.509132385253906 -0.013863596133887768 0.999325156211853 0.03401603549718857 0.7244184017181396 0.9950891733169556 0.017123278230428696 -0.09748949110507965 0.33721256256103516
-0.09753237664699554 0.029476258903741837 -0.9947956800460815 -60.24608612060547 -0.014784667640924454 0.9994080662727356 0.031062453985214233 0.7352712154388428 0.995122492313385 0.017737317830324173 -0.09703885018825531 0.2533082962036133
-0.09644199907779694 0.027203144505620003 -0.9949668049812317 -60.95351028442383 -0.01520856935530901 0.9994694590568542 0.028800418600440025 0.7449045181274414 0.9952223896980286 0.017909590154886246 -0.09597712755203247 0.18325376510620117
-0.09398090839385986 0.02651998959481716 -0.9952207803726196 -61.64686965942383 -0.018153823912143707 0.9994332790374756 0.028346553444862366 0.7481920719146729 0.9954084753990173 0.02073109894990921 -0.09344621002674103 0.10887479782104492
-0.089357390999794 0.027370605617761612 -0.9956234693527222 -62.342647552490234 -0.01793350651860237 0.9994160532951355 0.029084406793117523 0.7554652690887451 0.9958381652832031 0.020453929901123047 -0.088814377784729 0.036913394927978516
-0.08398044109344482 0.02890651673078537 -0.9960479736328125 -62.998905181884766 -0.017520559951663017 0.9993817210197449 0.030480485409498215 0.7609519958496094 0.9963133335113525 0.020011086016893387 -0.08342206478118896 -0.013738155364990234
-0.07659696787595749 0.03035493940114975 -0.9965999722480774 -63.651676177978516 -0.016763458028435707 0.9993559718132019 0.031727295368909836 0.7685372829437256 0.9969212412834167 0.01913667842745781 -0.07603877782821655 -0.06418704986572266
-0.06768076121807098 0.0316573828458786 -0.997204601764679 -64.28211975097656 -0.017719699069857597 0.9993005990982056 0.032926563173532486 0.7741037607192993 0.9975496530532837 0.019898656755685806 -0.06707247346639633 -0.1056671142578125
-0.05591505020856857 0.03369574621319771 -0.997866690158844 -64.91459655761719 -0.019861513748764992 0.9991950988769531 0.03485352545976639 0.7772173881530762 0.9982379078865051 0.021767979487776756 -0.055200789123773575 -0.14675259590148926
-0.041166651993989944 0.03529297187924385 -0.998528778553009 -65.49736022949219 -0.023178033530712128 0.9990733861923218 0.03626778721809387 0.7825084924697876 0.9988834261894226 0.02463696524500847 -0.04031047970056534 -0.16766881942749023
-0.02257222682237625 0.03641444817185402 -0.9990817904472351 -66.08936309814453 -0.024770935997366905 0.9990093111991882 0.036971453577280045 0.793177604675293 0.9994383454322815 0.02558271773159504 -0.021647842600941658 -0.17908787727355957
-0.0003755055367946625 0.03737867996096611 -0.9993011355400085 -66.65808868408203 -0.025777069851756096 0.998968780040741 0.037375930696725845 0.8004970550537109 0.9996676445007324 0.025773094967007637 0.0005883984267711639 -0.17143499851226807
0.024896036833524704 0.03791481629014015 -0.9989707469940186 -67.19694519042969 -0.025016145780682564 0.9989911913871765 0.03729214146733284 0.8035956621170044 0.9993770718574524 0.02406197600066662 0.025819413363933563 -0.13901233673095703
0.054500121623277664 0.037241511046886444 -0.9978190064430237 -67.72415924072266 -0.023722028359770775 0.9990705251693726 0.03599253296852112 0.8152958154678345 0.9982320070266724 0.021708695217967033 0.05533291772007942 -0.0933992862701416
0.08893749117851257 0.037283845245838165 -0.9953391551971436 -68.21839141845703 -0.022939715534448624 0.9991108179092407 0.035375356674194336 0.8216757774353027 0.9957730770111084 0.019686603918671608 0.0897136777639389 -0.03377389907836914
0.1258736103773117 0.03734038025140762 -0.9913433194160461 -68.6488037109375 -0.02227659709751606 0.9991459250450134 0.034805748611688614 0.8284354209899902 0.9917961359024048 0.017702631652355194 0.12659789621829987 0.04848194122314453
0.1673566997051239 0.03708166629076004 -0.9851989150047302 -69.11516571044922 -0.022142311558127403 0.9991817474365234 0.03384663537144661 0.8334579467773438 0.9856477379798889 0.01615012437105179 0.16804081201553345 0.14557170867919922
0.2125323861837387 0.03818201646208763 -0.9764078259468079 -69.56046295166016 -0.02128642611205578 0.9991801381111145 0.034439146518707275 0.8362948894500732 0.9769221544265747 0.013464799150824547 0.2131708860397339 0.26558399200439453
0.2608671188354492 0.036517880856990814 -0.9646838903427124 -69.98490905761719 -0.018506735563278198 0.999289870262146 0.0328233428299427 0.8445326089859009 0.9651973247528076 0.009290617890655994 0.26135772466659546 0.4129905700683594
0.3104057312011719 0.031732216477394104 -0.9500744342803955 -70.36914825439453 -0.010112395510077477 0.999496340751648 0.030079001560807228 0.8359835147857666 0.950550377368927 0.00027083230088464916 0.31057029962539673 0.5875816345214844
0.36212554574012756 0.027194630354642868 -0.9317325949668884 -70.76402282714844 -0.00528295524418354 0.9996180534362793 0.027122758328914642 0.8290923833847046 0.9321144223213196 -0.004899545107036829 0.36213093996047974 0.7761497497558594
0.41440704464912415 0.022011570632457733 -0.9098254442214966 -71.1478500366211 -0.0003317854134365916 0.9997110366821289 0.02403506450355053 0.8422453999519348 0.9100915789604187 -0.009658433496952057 0.41429460048675537 0.9913234710693359
0.46547040343284607 0.021629536524415016 -0.8847991824150085 -71.52234649658203 -0.0008096013916656375 0.9997113347053528 0.02401273511350155 0.8494019508361816 0.8850630521774292 -0.010460881516337395 0.4653535783290863 1.2261104583740234
0.514378011226654 0.020201491191983223 -0.8573256134986877 -71.89241027832031 0.000456763431429863 0.9997157454490662 0.02383074164390564 0.8591832518577576 0.8575634360313416 -0.012649602256715298 0.5142226219177246 1.4752197265625
0.5592100024223328 0.0151142543181777 -0.8288882970809937 -72.2422103881836 0.009047981351613998 0.9996629357337952 0.024332448840141296 0.8687061071395874 0.8289766907691956 -0.02110671065747738 0.5588847398757935 1.7662239074707031
0.6032127141952515 0.009307852946221828 -0.7975260615348816 -72.56596374511719 0.01894228160381317 0.9994825720787048 0.025991961359977722 0.8628203272819519 0.7973554134368896 -0.03078564442694187 0.6027242541313171 2.0677223205566406
0.6448599696159363 0.004641698207706213 -0.7642867565155029 -72.87165832519531 0.020159699022769928 0.9995303153991699 0.02307995595037937 0.8624834418296814 0.7640349864959717 -0.030291125178337097 0.6444634795188904 2.39532470703125
0.6871169209480286 0.0013050416018813848 -0.7265456914901733 -73.16143798828125 0.015981681644916534 0.9997291564941406 0.016910111531615257 0.854455828666687 0.7263711094856262 -0.023230640217661858 0.6869100332260132 2.677173614501953
0.7274553775787354 -0.005776967853307724 -0.686130702495575 -73.44091796875 0.012993394397199154 0.9999012351036072 0.005357164889574051 0.8593049645423889 0.6860319375991821 -0.012812267057597637 0.7274585962295532 3.020416259765625
0.7666488885879517 -0.008249128237366676 -0.6420135498046875 -73.71208190917969 0.008136963471770287 0.9999619126319885 -0.0031317435204982758 0.8643894195556641 0.6420149803161621 -0.0028230929747223854 0.7666869759559631 3.3868637084960938
0.8034112453460693 -0.00887968298047781 -0.5953583717346191 -73.95919799804688 0.006283346563577652 0.9999595284461975 -0.00643513910472393 0.8635445237159729 0.5953914523124695 0.001429220661520958 0.8034346103668213 3.7793121337890625
0.8368927836418152 -0.009617099538445473 -0.5472823977470398 -74.18977355957031 0.006694891955703497 0.9999507665634155 -0.007333904504776001 0.8470326662063599 0.5473259687423706 0.0024736979976296425 0.8369159698486328 4.203865051269531
0.8680197596549988 -0.008279805071651936 -0.49646052718162537 -74.4568862915039 0.003594418987631798 0.9999395608901978 -0.010392121970653534 0.8492389917373657 0.4965166747570038 0.007236080709844828 0.8679970502853394 4.664005279541016
0.8937752842903137 -0.006823855452239513 -0.4484631419181824 -74.66401672363281 0.003056278685107827 0.9999537467956543 -0.009124299511313438 0.8376528024673462 0.44850465655326843 0.006784445606172085 0.8937547206878662 5.142110824584961
0.9146801829338074 -0.0008909031748771667 -0.4041772484779358 -74.85511016845703 -0.002660949481651187 0.9999626874923706 -0.0082260612398386 0.8273570537567139 0.404169499874115 0.008599711582064629 0.9146436452865601 5.638544082641602
0.9320469498634338 0.0035636299289762974 -0.3623198866844177 -75.04151153564453 -0.0076322429813444614 0.9999229907989502 -0.009798669256269932 0.8196515440940857 0.3622569739818573 0.011898132972419262 0.9320023059844971 6.153911590576172
0.9453250765800476 0.00859175156801939 -0.32601624727249146 -75.21366119384766 -0.012044476345181465 0.9998908042907715 -0.008573595434427261 0.8113057613372803 0.3259069621562958 0.012031527236104012 0.9453252553939819 6.695379257202148
0.9552172422409058 0.008979106321930885 -0.29576918482780457 -75.38390350341797 -0.011541628278791904 0.9999094009399414 -0.006919143255800009 0.8019692897796631 0.29568028450012207 0.01002294197678566 0.9552343487739563 7.256193161010742
0.9624325633049011 0.008211573585867882 -0.271396279335022 -75.53152465820312 -0.010107419453561306 0.9999333024024963 -0.005588451866060495 0.7923063039779663 0.2713322639465332 0.008121626451611519 0.9624513983726501 7.838644027709961
0.968161404132843 0.008796434849500656 -0.2501722276210785 -75.67485809326172 -0.009920673444867134 0.9999455809593201 -0.003233191091567278 0.7781580686569214 0.25013017654418945 0.00561212794855237 0.968195915222168 8.436698913574219
0.9726970791816711 0.01162884384393692 -0.23178690671920776 -75.81558990478516 -0.01210074219852686 0.9999266266822815 -0.0006142114289104939 0.7700614929199219 0.23176278173923492 0.003402236383408308 0.9727663397789001 9.052608489990234
0.9762184023857117 0.016427719965577126 -0.21616585552692413 -75.9631576538086 -0.016734452918171883 0.9998599290847778 0.0004114280454814434 0.7701645493507385 0.21614229679107666 0.0032157739624381065 0.9763565063476562 9.686485290527344
0.9789150953292847 0.01981973834335804 -0.2033035308122635 -76.09627532958984 -0.01981879398226738 0.999801516532898 0.0020407228730618954 0.7584815621376038 0.20330363512039185 0.0020315367728471756 0.9791135787963867 10.337984085083008
0.981602132320404 0.018462132662534714 -0.19004322588443756 -76.22911071777344 -0.018483605235815048 0.9998277425765991 0.0016596621135249734 0.7519593238830566 0.19004110991954803 0.0018835559021681547 0.9817744493484497 11.008613586425781
0.9841133952140808 0.018371839076280594 -0.17658813297748566 -76.34134674072266 -0.018419822677969933 0.9998294115066528 0.0013676551170647144 0.7444998025894165 0.17658312618732452 0.0019067944958806038 0.9842839241027832 11.689087867736816
0.9867041707038879 0.018505627289414406 -0.16146981716156006 -76.45710754394531 -0.018465492874383926 0.999828040599823 0.0017493411432951689 0.7433907985687256 0.16147442162036896 0.00125553784891963 0.9868760704994202 12.386087417602539
0.9888639450073242 0.01982574537396431 -0.14749696850776672 -76.5585708618164 -0.01972084492444992 0.9998032450675964 0.002173678483814001 0.7378735542297363 0.14751103520393372 0.0007592936744913459 0.98906010389328 13.093220710754395
0.9907042384147644 0.02023180201649666 -0.13452111184597015 -76.67044830322266 -0.020469460636377335 0.9997904896736145 -0.0003837310941889882 0.7260993719100952 0.1344851404428482 0.0031337386462837458 0.9909106492996216 13.831462860107422
0.9920941591262817 0.02060749940574169 -0.12379193305969238 -76.76011657714844 -0.021486088633537292 0.9997526407241821 -0.005766361486166716 0.7101012468338013 0.1236424446105957 0.008380578830838203 0.9922915697097778 14.571703910827637
0.9933039546012878 0.0188724547624588 -0.113978810608387 -76.84513092041016 -0.020363453775644302 0.9997214078903198 -0.01193118467926979 0.7005927562713623 0.11372189223766327 0.014172295108437538 0.9934115409851074 15.311558723449707
0.9942119121551514 0.018663587048649788 -0.10580384731292725 -76.92652130126953 -0.020077504217624664 0.9997226595878601 -0.012314151041209698 0.691055178642273 0.10554466396570206 0.014367152936756611 0.9943107962608337 16.067806243896484
0.9948880076408386 0.02041586861014366 -0.09889931231737137 -77.00788879394531 -0.02110942266881466 0.9997593760490417 -0.005971288308501244 0.6749419569969177 0.09875361621379852 0.00802847184240818 0.9950795769691467 16.839601516723633
0.995265007019043 0.02523062564432621 -0.09386648237705231 -77.08415985107422 -0.025131821632385254 0.9996817111968994 0.00223477091640234 0.6534926891326904 0.09389299154281616 0.00013484712690114975 0.9955824017524719 17.607833862304688
0.9956351518630981 0.026013335213065147 -0.08963259309530258 -77.17312622070312 -0.025604110211133957 0.9996559619903564 0.00571251567453146 0.6438192129135132 0.08975034207105637 -0.003392617218196392 0.9959585070610046 18.402271270751953
0.9959622025489807 0.024932367727160454 -0.0862419456243515 -77.23883056640625 -0.02461954392492771 0.9996858835220337 0.004689106717705727 0.6327511072158813 0.08633174002170563 -0.002546936273574829 0.9962631464004517 19.171600341796875
0.9962207674980164 0.025041433051228523 -0.08316899836063385 -77.30443572998047 -0.024814466014504433 0.9996849298477173 0.0037616980262100697 0.6210771799087524 0.08323698490858078 -0.0016836875583976507 0.9965284466743469 19.937732696533203
