1.0 -4.228675436479534e-07 -1.3761916306975763e-05 2.9507764338632114e-05 4.2286654888812336e-07 1.0 -7.144891611687854e-08 4.950645120516128e-07 1.3761916306975763e-05 7.144309677187266e-08 1.0 8.281296686618589e-06
0.9999789595603943 0.00040091844857670367 -0.006479231640696526 -0.008242611773312092 -0.00039825731073506176 0.9999998211860657 0.00041200697887688875 -0.0020586433820426464 0.006479396019130945 -0.00040941787301562726 0.9999789595603943 0.0917169451713562
0.9999071955680847 0.0009542526095174253 -0.013591977767646313 -0.016386253759264946 -0.0009518803562968969 0.9999995231628418 0.00018100165470968932 -0.0019576302729547024 0.013592144474387169 -0.00016804692859295756 0.9999076128005981 0.18849404156208038
0.9997720718383789 0.001390234800055623 -0.02130303718149662 -0.026038426905870438 -0.0014025201089680195 0.9999988675117493 -0.000561767490580678 -0.0021533011458814144 0.021302232518792152 0.0005915173678658903 0.9997729063034058 0.2854149639606476
0.999541163444519 0.0016995052574202418 -0.030241796746850014 -0.04285356029868126 -0.0017600457649677992 0.9999964833259583 -0.00197537406347692 -0.0019870661199092865 0.030238334089517593 0.002027694368734956 0.9995406866073608 0.3906588852405548
0.9991249442100525 0.0019230643520131707 -0.041780516505241394 -0.05902707576751709 -0.0020680681336671114 0.9999920129776001 -0.003427662653848529 -0.004915804136544466 0.041773587465286255 0.0035110681783407927 0.9991208910942078 0.5011557340621948
0.9984787106513977 0.0017362855141982436 -0.05511118844151497 -0.08432279527187347 -0.0019625730346888304 0.9999898672103882 -0.004052161704748869 -0.007880466990172863 0.055103592574596405 0.004154156893491745 0.9984719753265381 0.626046895980835
0.9974257946014404 0.0018147466471418738 -0.07168305665254593 -0.10844866931438446 -0.0021367312874644995 0.9999879598617554 -0.00441535422578454 -0.004334792494773865 0.07167418301105499 0.004557155538350344 0.997417688369751 0.7614925503730774
0.9959035515785217 0.0001999770029215142 -0.0904216319322586 -0.13459575176239014 -0.0005802269442938268 0.9999911189079285 -0.00417903158813715 -0.009301475249230862 0.09041998535394669 0.0042143771424889565 0.9958947896957397 0.9171513915061951
0.9939120411872864 -0.0007574964547529817 -0.11017413437366486 -0.17622029781341553 0.0002778716152533889 0.9999904036521912 -0.004368623718619347 -0.012695346027612686 0.11017638444900513 0.004311413038522005 0.9939027428627014 1.0752675533294678
0.9912382960319519 -0.0007903802907094359 -0.13208308815956116 -0.22016476094722748 0.00013934640446677804 0.999987781047821 -0.004938142374157906 -0.010551383718848228 0.13208536803722382 0.004876470658928156 0.991226315498352 1.2298284769058228
0.9877337217330933 0.002749039325863123 -0.15612302720546722 -0.27607494592666626 -0.0037678999360650778 0.999973475933075 -0.006230444647371769 -0.015519793145358562 0.1561017483472824 0.006742276716977358 0.9877179861068726 1.399726390838623
0.9833444952964783 0.007125575561076403 -0.18161161243915558 -0.342781662940979 -0.00864684022963047 0.9999337792396545 -0.007586071267724037 -0.022831272333860397 0.18154552578926086 0.009030087850987911 0.9833410978317261 1.5757133960723877
0.9779613018035889 0.010027703829109669 -0.20854578912258148 -0.4150705635547638 -0.012096370570361614 0.9998893737792969 -0.008646483533084393 -0.02604748122394085 0.20843605697155 0.010978573933243752 0.9779744148254395 1.755086898803711
0.9712780117988586 0.01077331230044365 -0.23770330846309662 -0.4946476221084595 -0.013293626718223095 0.999871015548706 -0.009002340026199818 -0.026733510196208954 0.2375756949186325 0.011903714388608932 0.9712960720062256 1.941733479499817
0.9632076025009155 0.012468468397855759 -0.26846882700920105 -0.5820643901824951 -0.015296933241188526 0.9998473525047302 -0.008446265943348408 -0.03125418350100517 0.26832255721092224 0.012242259457707405 0.9632513523101807 2.1373772621154785
0.9538082480430603 0.014604499563574791 -0.3000609576702118 -0.679600179195404 -0.017645178362727165 0.9998167157173157 -0.007426133845001459 -0.03394560143351555 0.2998974323272705 0.012377738021314144 0.9538911581039429 2.319744825363159
0.9425397515296936 0.016293834894895554 -0.33369654417037964 -0.777924120426178 -0.019509483128786087 0.9997898936271667 -0.006287301424890757 -0.03478416055440903 0.3335239887237549 0.012436280027031898 0.9426595568656921 2.5055480003356934
0.9299739003181458 0.01855137012898922 -0.36715707182884216 -0.8801822066307068 -0.022153981029987335 0.9997389912605286 -0.005600061733275652 -0.04017781466245651 0.36695730686187744 0.013341901823878288 0.9301421046257019 2.686760663986206
0.9161327481269836 0.021386729553341866 -0.4003041386604309 -1.0026458501815796 -0.025538714602589607 0.9996611475944519 -0.005039595533162355 -0.03950042650103569 0.4000606834888458 0.014840192161500454 0.9163685441017151 2.868662118911743
0.9000941514968872 0.022199565544724464 -0.43512946367263794 -1.1194171905517578 -0.026741547510027885 0.9996330738067627 -0.0043170941062271595 -0.041469424962997437 0.43487390875816345 0.015521826222538948 0.9003576040267944 3.0426442623138428
0.8816830515861511 0.017925845459103584 -0.47150152921676636 -1.2428481578826904 -0.022876931354403496 0.9997268915176392 -0.004770399536937475 -0.0437910296022892 0.47128725051879883 0.014992487616837025 0.881852388381958 3.219205141067505
0.8605462908744812 0.013673445209860802 -0.5091885924339294 -1.3742676973342896 -0.018780071288347244 0.9998116493225098 -0.004890622571110725 -0.050102412700653076 0.5090259909629822 0.013771207071840763 0.8606410026550293 3.3850231170654297
0.8354977965354919 0.015308295376598835 -0.5492804646492004 -1.5362223386764526 -0.019460516050457954 0.9998090267181396 -0.0017365309176966548 -0.053265780210494995 0.5491490960121155 0.01214014831930399 0.8356361985206604 3.5675745010375977
0.8063529133796692 0.020937129855155945 -0.5910638570785522 -1.7123122215270996 -0.02418564260005951 0.9997044205665588 0.002417304553091526 -0.05967162176966667 0.5909398794174194 0.0123460553586483 0.8066211342811584 3.729297161102295
0.7737852334976196 0.024083904922008514 -0.6329899430274963 -1.9144898653030396 -0.027604928240180016 0.999609649181366 0.00428793067112565 -0.06195985525846481 0.6328461170196533 0.014155701734125614 0.7741481065750122 3.9048233032226562
0.7380850911140442 0.023112209513783455 -0.674311637878418 -2.12808895111084 -0.026607884094119072 0.999632716178894 0.0051383343525230885 -0.0641125813126564 0.6741827726364136 0.014149477705359459 0.7384290099143982 4.068962097167969
0.6981080770492554 0.01874053105711937 -0.7157471179962158 -2.3451263904571533 -0.020538413897156715 0.9997701644897461 0.006144894286990166 -0.061868082731962204 0.7156977653503418 0.010410510003566742 0.6983325481414795 4.236189842224121
0.6551017165184021 0.014997132122516632 -0.7553918361663818 -2.5825815200805664 -0.015175571665167809 0.9998624324798584 0.006689941976219416 -0.05998606234788895 0.7553882598876953 0.007080910261720419 0.6552392244338989 4.401357173919678
0.6113128066062927 0.014723923988640308 -0.7912521958351135 -2.845834255218506 -0.012663261964917183 0.9998809099197388 0.008822672069072723 -0.06057378649711609 0.7912877202033997 0.004626420326530933 0.6114263534545898 4.536219120025635
0.5630707144737244 0.0151580311357975 -0.8262697458267212 -3.121326208114624 -0.01023500133305788 0.9998830556869507 0.01136823371052742 -0.05637338384985924 0.8263453841209412 0.0020557527896016836 0.5631599426269531 4.673513412475586
0.5122742652893066 0.015811221674084663 -0.8586763739585876 -3.418673038482666 -0.008566919714212418 0.9998748302459717 0.013300275430083275 -0.05186116322875023 0.8587791919708252 0.0005428226431831717 0.5123456120491028 4.795655250549316
0.45960792899131775 0.017153216525912285 -0.8879562616348267 -3.723341703414917 -0.007709320168942213 0.9998528361320496 0.015324434265494347 -0.04610495641827583 0.8880884647369385 -0.0001976920320885256 0.4596725404262543 4.899670600891113
0.4049414396286011 0.019336067140102386 -0.91413813829422 -4.055155277252197 -0.0062961820513010025 0.9998115301132202 0.018359193578362465 -0.043610457330942154 0.9143209457397461 -0.0016788191860541701 0.4049869477748871 4.996562957763672
0.34951287508010864 0.021153492853045464 -0.9366927146911621 -4.409270763397217 -0.0060527268797159195 0.999775230884552 0.020319612696766853 -0.03537570685148239 0.9369120597839355 -0.001432420453056693 0.34956231713294983 5.079456806182861
0.293913334608078 0.02435917966067791 -0.9555216431617737 -4.7884368896484375 -0.003381494665518403 0.9996954202651978 0.024445177987217903 -0.03074362501502037 0.9558261036872864 -0.0039536720141768456 0.29390621185302734 5.158878803253174
0.24028700590133667 0.026181263849139214 -0.9703487753868103 -5.131679058074951 0.0012833729851990938 0.9996266961097717 0.027289025485515594 -0.033528443425893784 0.9707010388374329 -0.007802517153322697 0.24016372859477997 5.214402198791504
0.1894146203994751 0.026606163010001183 -0.9815366268157959 -5.518115043640137 0.0036684367805719376 0.9996066093444824 0.027803905308246613 -0.028805579990148544 0.9818903803825378 -0.008867170661687851 0.18924249708652496 5.248707294464111
0.1418095827102661 0.027729716151952744 -0.9895054697990417 -5.934069633483887 0.001077225198969245 0.9996024966239929 0.028167059645056725 -0.02145598828792572 0.98989337682724 -0.005060278344899416 0.1417233794927597 5.269647121429443
0.09943781048059464 0.02802230976521969 -0.9946491718292236 -6.360647201538086 -0.00030811323085799813 0.9996041655540466 0.02813110686838627 -0.011280514299869537 0.9950437545776367 -0.002490830607712269 0.09940709173679352 5.2707743644714355
0.06163625046610832 0.02659725211560726 -0.9977443218231201 -6.803233623504639 -0.0018621378112584352 0.9996461868286133 0.026532918214797974 -0.0026588989421725273 0.9980970025062561 0.0002225471253041178 0.06166398525238037 5.259227752685547
0.02712913602590561 0.023786332458257675 -0.9993488788604736 -7.270639419555664 0.00013375410344451666 0.9997167587280273 0.023798715323209763 0.0037149584386497736 0.999631941318512 -0.0007793057011440396 0.027118271216750145 5.258092403411865
-0.003910699859261513 0.021095676347613335 -0.9997698068618774 -7.746516227722168 0.0006210157298482955 0.9997773170471191 0.021093403920531273 0.00842053722590208 0.9999921917915344 -0.0005383827374316752 -0.003922929987311363 5.227120876312256
-0.03075597807765007 0.019291914999485016 -0.9993407130241394 -8.236357688903809 -2.691570080060046e-05 0.9998136162757874 0.019301874563097954 0.014958266168832779 0.9995269179344177 0.0006205461104400456 -0.0307497289031744 5.190593719482422
-0.05123233050107956 0.016828252002596855 -0.9985449910163879 -8.746155738830566 -0.0009765071445144713 0.9998566508293152 0.016900457441806793 0.026451580226421356 0.9986863136291504 0.0018409363692626357 -0.051208555698394775 5.141890525817871
-0.06792640686035156 0.015908297151327133 -0.9975634813308716 -9.262273788452148 9.074794070329517e-05 0.9998729228973389 0.015938948839902878 0.03958733379840851 0.9976903200149536 0.0009921486489474773 -0.06791923940181732 5.102010726928711
-0.08081915229558945 0.016232805326581 -0.9965965747833252 -9.799860954284668 0.000357933429768309 0.9998677372932434 0.016257060691714287 0.04825706034898758 0.9967287182807922 0.0009571667178533971 -0.08081428706645966 5.046731472015381
-0.09051544219255447 0.01776411011815071 -0.9957365989685059 -10.355828285217285 0.0005804042448289692 0.9998416900634766 0.017784586176276207 0.05082498490810394 0.9958949089050293 0.0010318498825654387 -0.09051142632961273 4.987608909606934
-0.09738343209028244 0.018829621374607086 -0.9950687885284424 -10.930436134338379 -0.0013609974412247539 0.9998175501823425 0.019052673131227493 0.050878021866083145 0.9952459931373596 0.003209700807929039 -0.09734003245830536 4.9238128662109375
-0.10180778801441193 0.019816987216472626 -0.9946066737174988 -11.522436141967773 -0.0012325671268627048 0.9997982978820801 0.020046591758728027 0.05775848776102066 0.9948033094406128 0.00326681905426085 -0.10176283121109009 4.855120658874512
-0.10318795591592789 0.020501796156167984 -0.994450569152832 -12.129216194152832 0.0007812385447323322 0.9997889399528503 0.020530790090560913 0.06888295710086823 0.9946615695953369 0.0013416267465800047 -0.10318218171596527 4.790293216705322
-0.10241798311471939 0.02278742380440235 -0.9944803714752197 -12.747610092163086 0.0028077841270715 0.9997403025627136 0.02261878177523613 0.07464151084423065 0.994737446308136 -0.00047571558388881385 -0.10245534777641296 4.732058048248291
-0.10066985338926315 0.025147927924990654 -0.9946020245552063 -13.405104637145996 0.001888323575258255 0.9996834993362427 0.02508528158068657 0.08342655003070831 0.9949181079864502 0.0006472014356404543 -0.1006854847073555 4.658565521240234
-0.09899391978979111 0.025278888642787933 -0.9947669506072998 -14.058478355407715 -0.000410607666708529 0.9996761083602905 0.025444503873586655 0.08903319388628006 0.9950879812240601 0.0029273100662976503 -0.09895148128271103 4.588161945343018
-0.09739801287651062 0.022779375314712524 -0.9949848055839539 -14.724080085754395 -0.0016038701869547367 0.9997331500053406 0.023045087233185768 0.10126186162233353 0.9952442049980164 0.0038403719663619995 -0.09733548760414124 4.520441055297852
-0.09589719772338867 0.02245272509753704 -0.9951379895210266 -15.40263557434082 -0.0024383452255278826 0.9997373223304749 0.02279146946966648 0.11239460855722427 0.9953882694244385 0.004612128250300884 -0.09581726044416428 4.448116302490234
-0.09428102523088455 0.025132911279797554 -0.9952283501625061 -16.099767684936523 -0.002260993467643857 0.9996733069419861 0.025459356606006622 0.12459347397089005 0.9955430626869202 0.00465053878724575 -0.09419339895248413 4.381310939788818
-0.09249936044216156 0.028749192133545876 -0.9952976703643799 -16.819610595703125 -0.002855625469237566 0.9995713233947754 0.029138028621673584 0.13743746280670166 0.9957086443901062 0.005537446588277817 -0.09237761050462723 4.31279182434082
-0.0910479947924614 0.030695874243974686 -0.9953733086585999 -17.55190086364746 -0.003030217718333006 0.99951171875 0.031100671738386154 0.14909151196479797 0.995841920375824 0.005847851745784283 -0.09091050922870636 4.244739055633545
-0.08911289274692535 0.029918843880295753 -0.9955720901489258 -18.28631019592285 -0.005080690141767263 0.9995220899581909 0.03049231879413128 0.1632433980703354 0.996008574962616 0.007775451522320509 -0.0889183059334755 4.170477390289307
-0.08699172735214233 0.02713783085346222 -0.9958393573760986 -19.04442596435547 -0.007588264998048544 0.9995818138122559 0.027902692556381226 0.1747337132692337 0.9961801171302795 0.009983997792005539 -0.08674941956996918 4.0912604331970215
-0.08541403710842133 0.026581810787320137 -0.9959909915924072 -19.818864822387695 -0.008573004975914955 0.9995874166488647 0.027413001284003258 0.1905042678117752 0.9963086843490601 0.010880090296268463 -0.08515091240406036 4.017430782318115
-0.08404755592346191 0.028711026534438133 -0.996048092842102 -20.598447799682617 -0.006047613453119993 0.9995516538619995 0.029322324320673943 0.20784030854701996 0.9964433312416077 0.008488182909786701 -0.08383625000715256 3.9506869316101074
-0.08285940438508987 0.030830971896648407 -0.9960842728614807 -21.395212173461914 -0.004018879029899836 0.9995028376579285 0.03127110004425049 0.22026792168617249 0.9965531229972839 0.006594246253371239 -0.08269429951906204 3.884704113006592
-0.08128663897514343 0.032661233097314835 -0.9961555004119873 -22.18743324279785 -0.003152261720970273 0.9994494915008545 0.03302646055817604 0.2351878583431244 0.9966857433319092 0.005824752617627382 -0.08113891631364822 3.8067874908447266
-0.08076974749565125 0.028013508766889572 -0.9963390231132507 -22.97859001159668 -0.0032516359351575375 0.9995923638343811 0.028368573635816574 0.24259115755558014 0.9967274069786072 0.005531055387109518 -0.08064573258161545 3.7504332065582275
-0.08031031489372253 0.02124490961432457 -0.9965434670448303 -23.78652000427246 -0.0019787854980677366 0.9997674226760864 0.02147310972213745 0.2505694031715393 0.9967678785324097 0.0036964581813663244 -0.0802496001124382 3.6815147399902344
-0.08056531101465225 0.01662260852754116 -0.996610701084137 -24.610441207885742 0.0014361458597704768 0.9998618960380554 0.016560738906264305 0.2627341151237488 0.9967482686042786 -9.705717820907012e-05 -0.08057805895805359 3.617685556411743
-0.0811205729842186 0.017210528254508972 -0.9965556859970093 -25.439220428466797 0.0023157568648457527 0.9998514652252197 0.01707894168794155 0.27524858713150024 0.9967015981674194 -0.000922326697036624 -0.08114837855100632 3.5495314598083496
-0.08118142187595367 0.025029286742210388 -0.9963850378990173 -26.291839599609375 0.0015323221450671554 0.9996865391731262 0.02498737722635269 0.2766319811344147 0.9966980814933777 0.0005017280345782638 -0.08119433373212814 3.4707233905792236
-0.08157768100500107 0.03171286731958389 -0.9961622953414917 -27.12019157409668 -0.0002394606126472354 0.9994930028915405 0.03183851018548012 0.2901800870895386 0.9966669082641602 0.0028358532581478357 -0.08152873814105988 3.403477907180786
-0.08201739192008972 0.037104614078998566 -0.9959399700164795 -27.965059280395508 -0.0021699860226362944 0.9992977380752563 0.03740841522812843 0.302534818649292 0.9966285824775696 0.005229316186159849 -0.08187928050756454 3.3279483318328857
-0.08222877234220505 0.037916336208581924 -0.9958918690681458 -28.804889678955078 -0.003950001671910286 0.9992557764053345 0.03837054967880249 0.30879196524620056 0.996605634689331 0.007088938262313604 -0.08201780170202255 3.2488491535186768
-0.08254149556159973 0.03389091417193413 -0.9960111975669861 -29.638811111450195 -0.003983808681368828 0.9994024038314819 0.03433644771575928 0.32877594232559204 0.996579647064209 0.0068020992912352085 -0.08235716819763184 3.176942825317383
-0.08256242424249649 0.03106069006025791 -0.9961017370223999 -30.476978302001953 -0.0039701154455542564 0.9994959831237793 0.0314955972135067 0.34862983226776123 0.9965780377388 0.006554991006851196 -0.08239749819040298 3.093205213546753
-0.08281760662794113 0.03255492076277733 -0.9960327744483948 -31.310800552368164 -0.005400748457759619 0.9994369745254517 0.03311522677540779 0.36134958267211914 0.9965500831604004 0.008121848106384277 -0.08259516209363937 3.0186398029327393
-0.08292558044195175 0.03499116376042366 -0.9959412813186646 -32.15395736694336 -0.006292914971709251 0.9993451237678528 0.03563471511006355 0.3716263473033905 0.9965358376502991 0.009222404100000858 -0.08265107870101929 2.947169303894043
-0.08266895264387131 0.03361038491129875 -0.9960102438926697 -32.98064422607422 -0.007336080074310303 0.9993835091590881 0.03433312103152275 0.37903788685798645 0.9965500235557556 0.010145093314349651 -0.08237142860889435 2.86899733543396
-0.08247285336256027 0.028249766677618027 -0.9961928725242615 -33.80221176147461 -0.0079598193988204 0.99954754114151 0.02900388091802597 0.39299386739730835 0.9965615272521973 0.010321548208594322 -0.08221068233251572 2.801042079925537
-0.08204317837953568 0.023993046954274178 -0.9963399171829224 -34.64071273803711 -0.009508784860372543 0.9996458292007446 0.024855656549334526 0.4073296785354614 0.9965834021568298 0.011513219214975834 -0.08178596943616867 2.7182297706604004
-0.08153839409351349 0.024984441697597504 -0.9963570237159729 -35.4670295715332 -0.009275036863982677 0.9996233582496643 0.025825388729572296 0.41073551774024963 0.9966270327568054 0.011347007937729359 -0.08127595484256744 2.6501991748809814
-0.08099396526813507 0.02759484387934208 -0.9963325262069702 -36.29528045654297 -0.008025718852877617 0.9995661973953247 0.02833683416247368 0.41672635078430176 0.996682345867157 0.010291396640241146 -0.08073734492063522 2.5806362628936768
-0.08064806461334229 0.032428137958049774 -0.9962149858474731 -37.145790100097656 -0.007470667827874422 0.9994227886199951 0.03313734754920006 0.4303850531578064 0.9967146515846252 0.010114854201674461 -0.08035925030708313 2.504295587539673
-0.07987809926271439 0.03779739513993263 -0.9960878491401672 -37.9812126159668 -0.00710692722350359 0.9992337822914124 0.03848669305443764 0.44860246777534485 0.9967792630195618 0.01015336811542511 -0.07954827696084976 2.4351887702941895
-0.07982110977172852 0.04101041704416275 -0.9959652423858643 -38.814208984375 -0.00755301583558321 0.9990996718406677 0.04174482077360153 0.46372342109680176 0.9967805743217468 0.010854658670723438 -0.07943950593471527 2.3581855297088623
-0.07963769137859344 0.0410895049571991 -0.9959766864776611 -39.64194107055664 -0.0069976672530174255 0.9991023540496826 0.04177798703312874 0.48192843794822693 0.9967992901802063 0.01029661763459444 -0.07927869260311127 2.2921900749206543
-0.07951103150844574 0.0367046594619751 -0.9961580634117126 -40.46684646606445 -0.007213076576590538 0.999274492263794 0.03739522024989128 0.5008582472801208 0.996807873249054 0.010158698074519634 -0.07918860018253326 2.2222793102264404
-0.07910387217998505 0.03267686814069748 -0.9963306784629822 -41.29340362548828 -0.008440583944320679 0.9994049072265625 0.033447831869125366 0.5120171308517456 0.9968307018280029 0.011055465787649155 -0.07878097146749496 2.1465365886688232
-0.0788133293390274 0.03014479950070381 -0.9964335560798645 -42.12168884277344 -0.012607892043888569 0.9994325637817383 0.031232761219143867 0.521554708480835 0.996809720993042 0.015024484135210514 -0.07838854193687439 2.065385580062866
-0.07921326905488968 0.027787119150161743 -0.9964703321456909 -42.94205856323242 -0.01577281951904297 0.9994512796401978 0.02912408672273159 0.5416319966316223 0.9967328906059265 0.018024155870079994 -0.07873154431581497 1.9902615547180176
-0.07980826497077942 0.025855442509055138 -0.9964748620986938 -43.76084518432617 -0.013628319837152958 0.9995418190956116 0.027026521041989326 0.5505178570747375 0.9967170357704163 0.015737218782305717 -0.0794193372130394 1.9196655750274658
-0.08102529495954514 0.022411717101931572 -0.9964600801467896 -44.58930969238281 -0.010646259412169456 0.9996706247329712 0.023349609225988388 0.5518343448638916 0.9966552257537842 0.012500479817390442 -0.08076000958681107 1.853992223739624
-0.08157166093587875 0.020847607403993607 -0.9964494109153748 -45.403465270996094 -0.005856924690306187 0.9997539520263672 0.021396201103925705 0.5646354556083679 0.996650218963623 0.007581453304737806 -0.08142948150634766 1.7863984107971191
-0.08330925554037094 0.024085549637675285 -0.9962325692176819 -46.22044372558594 -0.0056647262535989285 0.9996803402900696 0.02464260719716549 0.5742186903953552 0.9965075850486755 0.007696344051510096 -0.08314618468284607 1.7072008848190308
-0.0851307138800621 0.030534902587532997 -0.9959017038345337 -47.05356216430664 -0.003970046993345022 0.9995119571685791 0.03098495490849018 0.5734081268310547 0.9963618516921997 0.006591548677533865 -0.08496793359518051 1.6327770948410034
-0.08713740110397339 0.034393906593322754 -0.9956024885177612 -47.856380462646484 -0.0017466899007558823 0.9993969798088074 0.03467787057161331 0.581785261631012 0.9961947798728943 0.004760748241096735 -0.08702479302883148 1.576563835144043
-0.08854778110980988 0.03360265493392944 -0.9955049753189087 -48.66608428955078 -0.0017141676507890224 0.9994242191314697 0.03388741984963417 0.5915272831916809 0.9960704445838928 0.004707118030637503 -0.08843918889760971 1.499245047569275
-0.08959399163722992 0.029512902721762657 -0.9955410361289978 -49.460182189941406 -0.005026181694120169 0.9995347857475281 0.030083632096648216 0.6026297807693481 0.9959656596183777 0.007699082605540752 -0.08940396457910538 1.4175877571105957
-0.09085631370544434 0.025966528803110123 -0.9955254197120667 -50.24881362915039 -0.010147688910365105 0.9995840787887573 0.02699851058423519 0.6085925698280334 0.9958123564720154 0.012555265799164772 -0.09055500477552414 1.3309168815612793
-0.09243989735841751 0.024656495079398155 -0.9954130053520203 -51.04264450073242 -0.01416222844272852 0.9995597004890442 0.026074396446347237 0.6159719824790955 0.9956175088882446 0.016507579013705254 -0.09205000102519989 1.2466729879379272
-0.09290279448032379 0.025594495236873627 -0.995346188545227 -51.827186584472656 -0.015979787334799767 0.999502420425415 0.02719288133084774 0.6211936473846436 0.9955469369888306 0.018431713804602623 -0.09244756400585175 1.1604101657867432
-0.09399177879095078 0.02720782905817032 -0.9952011704444885 -52.6147575378418 -0.015977036207914352 0.999456524848938 0.028833119198679924 0.6282398700714111 0.9954447746276855 0.01861044205725193 -0.09350599348545074 1.08217191696167
-0.09479417651891708 0.026648495346307755 -0.9951401352882385 -53.397220611572266 -0.017830519005656242 0.9994357824325562 0.028462013229727745 0.6349815130233765 0.995337188243866 0.020441891625523567 -0.09426553547382355 0.999412477016449
-0.09523144364356995 0.026470273733139038 -0.995103120803833 -54.1747932434082 -0.018512511625885963 0.9994264841079712 0.028356924653053284 0.6430327892303467 0.9952829480171204 0.02112232893705368 -0.09468679130077362 0.9170563220977783
-0.0960068479180336 0.028460565954446793 -0.9949736595153809 -54.948280334472656 -0.016713909804821014 0.9994040727615356 0.03020005114376545 0.650285542011261 0.995240330696106 0.01952931471168995 -0.09547396004199982 0.8429210782051086
-0.09614916145801544 0.031067920848727226 -0.9948819279670715 -55.71891403198242 -0.016331356018781662 0.9993289709091187 0.032785117626190186 0.6624037623405457 0.9952329993247986 0.019400034099817276 -0.09557726234197617 0.7679349780082703
-0.09654537588357925 0.03543531522154808 -0.994697630405426 -56.49540328979492 -0.016004981473088264 0.9991815686225891 0.03714849054813385 0.6711043119430542 0.9951999187469482 0.019506633281707764 -0.09589923173189163 0.6884632706642151
-0.09719386696815491 0.037465352565050125 -0.9945600628852844 -57.25830841064453 -0.016546843573451042 0.9990922808647156 0.03925313428044319 0.6849299669265747 0.9951279759407043 0.020271992310881615 -0.09648570418357849 0.6137709021568298
-0.097770094871521 0.037589579820632935 -0.9944989085197449 -58.00694274902344 -0.015794474631547928 0.9991019368171692 0.039316337555646896 0.694911003112793 0.9950836896896362 0.01955154724419117 -0.09708859026432037 0.5357939004898071
-0.09819915890693665 0.035825587809085846 -0.9945217370986938 -58.74769973754883 -0.015464730560779572 0.9991762042045593 0.03752024099230766 0.7024673223495483 0.9950466156005859 0.019064465537667274 -0.09756423532962799 0.46214404702186584
-0.09814917296171188 0.03201530501246452 -0.9946565628051758 -59.481842041015625 -0.014706568792462349 0.9993265867233276 0.0336168110370636 0.7211744785308838 0.995063066482544 0.017927445471286774 -0.09761224687099457 0.3826198875904083
-0.09783642739057541 0.029058927670121193 -0.9947782158851624 -60.20059585571289 -0.01503869891166687 0.9994163513183594 0.030673472210764885 0.7319003939628601 0.9950888752937317 0.017961150035262108 -0.09734232723712921 0.3078276216983795
-0.09658274799585342 0.026843486353754997 -0.9949629306793213 -60.913150787353516 -0.01610148698091507 0.9994633197784424 0.028527898713946342 0.7372479438781738 0.9951947331428528 0.018775690346956253 -0.09609868377447128 0.23095867037773132
-0.09437671303749084 0.025852475315332413 -0.9952008128166199 -61.606109619140625 -0.018529126420617104 0.9994440078735352 0.027719847857952118 0.747542142868042 0.9953641891479492 0.021056314930319786 -0.09384521096944809 0.15987080335617065
-0.0897803083062172 0.026823394000530243 -0.9956002831459045 -62.28961181640625 -0.018657304346561432 0.9994165897369385 0.028608670458197594 0.7515962719917297 0.9957868456840515 0.02114371582865715 -0.08922746032476425 0.08937512338161469
-0.08410169929265976 0.028840523213148117 -0.9960397481918335 -62.955936431884766 -0.018517887219786644 0.9993631839752197 0.03050033375620842 0.7493504285812378 0.9962851405143738 0.02100967988371849 -0.08351407945156097 0.03406922519207001
-0.07703017443418503 0.030451467260718346 -0.9965636730194092 -63.59698486328125 -0.017647646367549896 0.9993353486061096 0.03190024942159653 0.7532227039337158 0.9968725442886353 0.02004428766667843 -0.07644157111644745 -0.009992817416787148
-0.06833434849977493 0.03162262216210365 -0.9971611499786377 -64.21943664550781 -0.018334759399294853 0.9992889165878296 0.03294656425714493 0.7587131857872009 0.9974939823150635 0.0205340888351202 -0.06770595908164978 -0.05241108313202858
-0.05634404346346855 0.033412035554647446 -0.9978522062301636 -64.84356689453125 -0.020588455721735954 0.9991884827613831 0.03461931645870209 0.765096127986908 0.9981991052627563 0.022494826465845108 -0.05561040714383125 -0.09218773990869522
-0.04147845506668091 0.03493413329124451 -0.9985284805297852 -65.44937133789062 -0.02399711310863495 0.9990654587745667 0.03594974800944328 0.7729976773262024 0.9988512396812439 0.02545293979346752 -0.04060136526823044 -0.11819902062416077
-0.0230519138276577 0.03650365024805069 -0.9990676045417786 -66.03849029541016 -0.025485843420028687 0.9989869594573975 0.037088751792907715 0.7760737538337708 0.9994093179702759 0.026317046955227852 -0.022098228335380554 -0.1266707479953766
-0.000744540651794523 0.03709937259554863 -0.9993113875389099 -66.60504913330078 -0.02614503912627697 0.9989692568778992 0.03710614889860153 0.7879523634910583 0.9996578693389893 0.026154663413763046 0.00022619505762122571 -0.11985080689191818
0.024832889437675476 0.03753496706485748 -0.9989867806434631 -67.1448745727539 -0.025182316079735756 0.9990012049674988 0.036909524351358414 0.7927675247192383 0.9993743300437927 0.024240227416157722 0.02575329877436161 -0.0934964194893837
0.05417731776833534 0.0368681363761425 -0.9978504776954651 -67.62278747558594 -0.023956282064318657 0.9990785121917725 0.03561282530426979 0.8002426028251648 0.9982439279556274 0.021975379437208176 0.05501062422990799 -0.04937276989221573
0.08847084641456604 0.03672867640852928 -0.9954013824462891 -68.12824249267578 -0.022862816229462624 0.9991315603256226 0.034834280610084534 0.8093404769897461 0.9958164095878601 0.019675860181450844 0.08923373371362686 0.015275024808943272
0.12636029720306396 0.03671281784772873 -0.9913048148155212 -68.60206604003906 -0.022611794993281364 0.9991618990898132 0.03412150964140892 0.819672703742981 0.9917266368865967 0.018103579059243202 0.12708453834056854 0.09849627315998077
0.16752547025680542 0.03656116500496864 -0.9851895570755005 -69.0595474243164 -0.022331371903419495 0.9991964101791382 0.03328365087509155 0.8215252757072449 0.9856147766113281 0.01642477698624134 0.1682073175907135 0.19583769142627716
0.2124173492193222 0.03814258798956871 -0.9764342904090881 -69.48533630371094 -0.02187599055469036 0.999173104763031 0.03427184745669365 0.8203246593475342 0.9769341349601746 0.014080530032515526 0.21307609975337982 0.3131389915943146
0.2612418532371521 0.03664636239409447 -0.9645774960517883 -69.91049194335938 -0.017947804182767868 0.9992907047271729 0.033104293048381805 0.8193114399909973 0.9651065468788147 0.008663821965456009 0.26171427965164185 0.4521949291229248
0.3105625808238983 0.030972003936767578 -0.9500482082366943 -70.32637786865234 -0.0106439758092165 0.9995196461677551 0.029105374589562416 0.8327469229698181 0.9504932761192322 0.0010732494993135333 0.3107430636882782 0.6400811672210693
0.36143580079078674 0.02596089243888855 -0.932035505771637 -70.73208618164062 -0.004638525657355785 0.9996500015258789 0.026045437902212143 0.824496865272522 0.9323854446411133 -0.0050904834643006325 0.36142972111701965 0.8420065641403198
0.41458025574684143 0.0220931489020586 -0.9097446203231812 -71.0619125366211 -0.0005868760636076331 0.9997114539146423 0.0240105539560318 0.820341944694519 0.9100125432014465 -0.009420393966138363 0.4144737124443054 1.0272572040557861
0.4656643569469452 0.021699711680412292 -0.884695291519165 -71.4352798461914 -0.000978037714958191 0.9997112154960632 0.024006016552448273 0.8275407552719116 0.8849608302116394 -0.010313481092453003 0.4655511975288391 1.2624526023864746
0.5141395926475525 0.02061416581273079 -0.8574588298797607 -71.80113983154297 0.00028463941998779774 0.9997068643569946 0.02420462854206562 0.8329614996910095 0.8577064275741577 -0.012688624672591686 0.5139831304550171 1.5170994997024536
0.5592067241668701 0.015580708160996437 -0.8288818001747131 -72.15457916259766 0.00861386302858591 0.9996601343154907 0.024602236226201057 0.8443610668182373 0.8289834856987 -0.02089761011302471 0.558882474899292 1.803673505783081
0.6029284000396729 0.009679164737462997 -0.7977365851402283 -72.4703140258789 0.018618283793330193 0.9994833469390869 0.026198698207736015 0.8387494087219238 0.7975779175758362 -0.030648423358798027 0.6024367213249207 2.1086719036102295
0.6450323462486267 0.004624256398528814 -0.7641412019729614 -72.78054809570312 0.020333046093583107 0.9995237588882446 0.023212365806102753 0.8402631878852844 0.7638846039772034 -0.03051004745066166 0.6446312069892883 2.429292917251587
0.6869822144508362 0.0009540749015286565 -0.7266736030578613 -73.06040954589844 0.01606961339712143 0.9997345805168152 0.016504470258951187 0.8370985388755798 0.7264965176582336 -0.023015638813376427 0.6867848038673401 2.7067177295684814
0.7273774743080139 -0.0060562752187252045 -0.6862108707427979 -73.33876037597656 0.01302464958280325 0.9999028444290161 0.004981194622814655 0.8411353826522827 0.6861139535903931 -0.01256086491048336 0.7273856401443481 3.048492908477783
0.766569972038269 -0.008285650983452797 -0.6421072483062744 -73.61254119873047 0.00804237462580204 0.9999621510505676 -0.003302088240161538 0.8443384766578674 0.642110288143158 -0.002632785588502884 0.7666077017784119 3.4160823822021484
0.8033306002616882 -0.008904465474188328 -0.5954667329788208 -73.85919189453125 0.006030455231666565 0.9999585151672363 -0.006817590445280075 0.8451166749000549 0.5955027341842651 0.0018858431139960885 0.8033510446548462 3.808267116546631
0.8369527459144592 -0.009577796794474125 -0.5471912026405334 -74.09215545654297 0.006394725292921066 0.9999498128890991 -0.007721674162894487 0.8289656043052673 0.5472376942634583 0.002963538747280836 0.8369719982147217 4.228898048400879
0.8678463697433472 -0.00837682094424963 -0.49676191806793213 -74.34918975830078 0.0035667172633111477 0.9999372363090515 -0.010630708187818527 0.8305301070213318 0.4968196749687195 0.007454013451933861 0.8678216934204102 4.688215732574463
0.8935741782188416 -0.006989778019487858 -0.44886115193367004 -74.55572509765625 0.0030697465408593416 0.9999505281448364 -0.009460357949137688 0.8193195462226868 0.4489050507545471 0.0070756422355771065 0.8935514092445374 5.166443824768066
0.9145275354385376 -0.0010264890734106302 -0.4045223295688629 -74.74732971191406 -0.0026461854577064514 0.9999601244926453 -0.008519822731614113 0.8085936903953552 0.4045149087905884 0.008862052112817764 0.9144883751869202 5.662945747375488
0.9319089651107788 0.0034317881800234318 -0.3626759648323059 -74.93412780761719 -0.0076082805171608925 0.9999201893806458 -0.010088097304105759 0.8010624647140503 0.36261236667633057 0.012160527519881725 0.9318606853485107 6.178169250488281
0.9452137351036072 0.008371676318347454 -0.326344758272171 -75.10678100585938 -0.011878243647515774 0.9998911023139954 -0.008753671310842037 0.7916752099990845 0.32623592019081116 0.012150491587817669 0.9452102780342102 6.718842506408691
0.9551296234130859 0.0090000219643116 -0.2960512340068817 -75.27378845214844 -0.011641019023954868 0.999906599521637 -0.007159241009503603 0.7813688516616821 0.2959591746330261 0.010284342803061008 0.9551451802253723 7.2737321853637695
0.962320864200592 0.008258707821369171 -0.2717909514904022 -75.42058563232422 -0.010213719680905342 0.9999310970306396 -0.00577920489013195 0.7708131670951843 0.2717244625091553 0.008337446488440037 0.962338924407959 7.854618072509766
0.9680890440940857 0.008635302074253559 -0.2504572868347168 -75.56436157226562 -0.009848320856690407 0.9999451041221619 -0.0035903356038033962 0.758992075920105 0.2504124939441681 0.005942349322140217 0.9681210517883301 8.453338623046875
0.9727097749710083 0.011594953946769238 -0.2317349910736084 -75.7152328491211 -0.012131591327488422 0.999925971031189 -0.0008907681913115084 0.7491916418075562 0.23170748353004456 0.003677773056551814 0.9727786183357239 9.075017929077148
0.9761543869972229 0.016179142519831657 -0.21647372841835022 -75.85794067382812 -0.01654459722340107 0.9998631477355957 0.00012402441643644124 0.7506193518638611 0.21644608676433563 0.0034604030661284924 0.9762884974479675 9.711377143859863
0.9788347482681274 0.019782843068242073 -0.20369365811347961 -75.98259735107422 -0.019827889278531075 0.9998016953468323 0.001819864846765995 0.7370554208755493 0.20368927717208862 0.0022574677132070065 0.9790329933166504 10.348616600036621
0.9815179705619812 0.018028821796178818 -0.19051861763000488 -76.11953735351562 -0.018067125231027603 0.9998356103897095 0.0015360794495791197 0.7290560007095337 0.19051501154899597 0.0019344338215887547 0.9816823601722717 11.03231430053711
0.9840329885482788 0.018011095002293587 -0.1770729422569275 -76.23211669921875 -0.01810353808104992 0.9998354911804199 0.0010936653707176447 0.7226773500442505 0.17706352472305298 0.002129443921148777 0.9841971397399902 11.711833953857422
0.9866503477096558 0.018210701644420624 -0.16183169186115265 -76.34939575195312 -0.01818963699042797 0.9998332262039185 0.0016118973726406693 0.7198218703269958 0.16183406114578247 0.0013532808516174555 0.9868170619010925 12.409191131591797
0.9887992739677429 0.019543016329407692 -0.14796647429466248 -76.44905853271484 -0.019448302686214447 0.999808669090271 0.0020870384760200977 0.7141934037208557 0.14797896146774292 0.0008140342542901635 0.9889901876449585 13.113537788391113
0.9906299710273743 0.02002086490392685 -0.13509853184223175 -76.55378723144531 -0.02027945965528488 0.9997942447662354 -0.0005380766233429313 0.701499342918396 0.13505996763706207 0.0032727601937949657 0.9908320903778076 13.843810081481934
0.9920186400413513 0.020755058154463768 -0.12437138706445694 -76.6483383178711 -0.021634459495544434 0.999749481678009 -0.005724226124584675 0.6831697821617126 0.12422142922878265 0.008369245566427708 0.9922192096710205 14.588134765625
0.9932507872581482 0.018970223143696785 -0.11442481726408005 -76.73535919189453 -0.020478002727031708 0.9997181296348572 -0.012015924789011478 0.6749964356422424 0.11416462063789368 0.014278018847107887 0.9933591485023499 15.328160285949707
0.9941453337669373 0.018734170123934746 -0.10641422122716904 -76.8155288696289 -0.02014157734811306 0.9997230768203735 -0.012166370637714863 0.6638762950897217 0.1061568334698677 0.014238491654396057 0.9942474961280823 16.08488655090332
0.994826078414917 0.020381253212690353 -0.09952732175588608 -76.89508056640625 -0.021066972985863686 0.9997609257698059 -0.005843524821102619 0.6480587720870972 0.09938444942235947 0.007910029962658882 0.9950177073478699 16.853818893432617
0.9952250719070435 0.025378849357366562 -0.09424912929534912 -76.97660827636719 -0.025301653891801834 0.9996777772903442 0.0020141408313065767 0.6295264363288879 0.09426987916231155 0.00038013531593605876 0.9955466389656067 17.624164581298828
0.9955942630767822 0.026197824627161026 -0.0900319367647171 -77.06339263916016 -0.025794506072998047 0.9996513724327087 0.005640499293804169 0.6194421648979187 0.09014829993247986 -0.003293318673968315 0.9959229230880737 18.416921615600586
0.9959322810173035 0.025172999128699303 -0.08651658147573471 -77.13104248046875 -0.02487771213054657 0.9996805191040039 0.004489716142416 0.6091111302375793 0.08660194277763367 -0.0023191184736788273 0.9962403178215027 19.18646812438965
0.9961869120597839 0.025222549214959145 -0.08351905643939972 -77.19589233398438 -0.025005225092172623 0.9996806979179382 0.0036472566425800323 0.5971874594688416 0.08358438313007355 -0.0015449370257556438 0.9964995384216309 19.95172119140625
