1.0 0.0 0.0 0.0 0.0 1.0 0.0 0.0 0.0 0.0 1.0 0.0
0.9999955892562866 0.0029762890189886093 0.00013947149273008108 -0.005663664545863867 -0.002976474817842245 0.9999946355819702 0.0013512461446225643 -0.01244870014488697 -0.00013544905232265592 -0.001351655344478786 0.9999991059303284 0.7728116512298584
0.9999848008155823 0.005474158562719822 0.0005973200895823538 -0.012966911308467388 -0.005475329700857401 0.9999830722808838 0.001977562205865979 -0.030498437583446503 -0.0005864844424650073 -0.0019808027427643538 0.9999978542327881 1.5388292074203491
0.9999769926071167 0.006681650876998901 0.0011627082712948322 -0.021939996629953384 -0.00668377336114645 0.9999759793281555 0.0018324062693864107 -0.04856492206454277 -0.0011504368158057332 -0.0018401353154331446 0.999997615814209 2.2739577293395996
0.9999616146087646 0.008697494864463806 0.0010677273385226727 -0.02522864006459713 -0.00869913212954998 0.9999609589576721 0.001539733842946589 -0.061627667397260666 -0.0010542938252910972 -0.0015489631332457066 0.999998152256012 3.001624822616577
0.9999590516090393 0.008891099132597446 0.001765804598107934 -0.034667279571294785 -0.008893195539712906 0.9999597668647766 0.0011822088854387403 -0.07406364381313324 -0.0017552225617691875 -0.0011978637194260955 0.9999977350234985 3.7188758850097656
0.9999570250511169 0.009083983488380909 0.0018801848636940122 -0.03337383642792702 -0.009087903425097466 0.999956488609314 0.0020859823562204838 -0.08784237504005432 -0.0018611539853736758 -0.0021029796916991472 0.9999961256980896 4.40755033493042
0.9999458193778992 0.010003763251006603 0.002884381916373968 -0.04647386446595192 -0.010018282569944859 0.9999369978904724 0.005063952878117561 -0.10274277627468109 -0.0028335414826869965 -0.005092575214803219 0.9999830722808838 5.086557388305664
0.9999433755874634 0.009749533608555794 0.004267912823706865 -0.03939390182495117 -0.009786585345864296 0.9999138712882996 0.008747918531298637 -0.10612860321998596 -0.004182257689535618 -0.008789190091192722 0.9999525547027588 5.760531902313232
0.9999434351921082 0.009139148518443108 0.005442934576421976 -0.03593561053276062 -0.009205491282045841 0.9998821020126343 0.012290948070585728 -0.11655447632074356 -0.005329963285475969 -0.012340356595814228 0.9999095797538757 6.390088081359863
0.9999433755874634 0.008269553072750568 0.006700501311570406 -0.03854817524552345 -0.008366267196834087 0.9998593926429749 0.014536965638399124 -0.12565983831882477 -0.0065793441608548164 -0.014592200517654419 0.9998717904090881 6.99466609954834
0.9999322295188904 0.008916730992496014 0.007482889574021101 -0.023190535604953766 -0.009025443345308304 0.9998523592948914 0.014622371643781662 -0.13745474815368652 -0.007351399399340153 -0.014688918367028236 0.9998650550842285 7.576140880584717
0.9999173879623413 0.009650858119130135 0.008480262011289597 -0.0226663276553154 -0.00975362490862608 0.9998785257339478 0.012161606922745705 -0.14782631397247314 -0.008361862041056156 -0.012243315577507019 0.999890148639679 8.122715950012207
0.9999086260795593 0.009529678151011467 0.009586392901837826 -0.02430686354637146 -0.00961640477180481 0.9999128580093384 0.009041620418429375 -0.14922703802585602 -0.009499394334852695 -0.009132979437708855 0.999913215637207 8.651217460632324
0.9999110698699951 0.007826743647456169 0.010793223977088928 -0.005645819008350372 -0.007909598760306835 0.9999394416809082 0.007655283436179161 -0.15837761759757996 -0.010732652619481087 -0.007739972323179245 0.9999125003814697 9.153356552124023
0.9999091029167175 0.003957271575927734 0.012883634306490421 -0.005552008748054504 -0.004024866968393326 0.9999783039093018 0.005224965512752533 -0.16271808743476868 -0.01286267675459385 -0.00527634471654892 0.9999033808708191 9.618253707885742
0.9998886585235596 0.002212406601756811 0.014756891876459122 0.008933976292610168 -0.002276164246723056 0.9999881386756897 0.004305141046643257 -0.1696179211139679 -0.014747191220521927 -0.004338252358138561 0.9998818039894104 10.064508438110352
0.999840259552002 0.0065355258993804455 0.016635270789265633 0.013779982924461365 -0.0065732961520552635 0.9999759197235107 0.0022167942952364683 -0.17881274223327637 -0.01662037894129753 -0.0023257886059582233 0.9998591542243958 10.478209495544434
0.9997458457946777 0.010965203866362572 0.019696824252605438 0.014398917555809021 -0.01099641714245081 0.9999383687973022 0.0014770193956792355 -0.18703636527061462 -0.019679415971040726 -0.0016932382714003325 0.9998049139976501 10.867873191833496
0.9996781945228577 0.011282932944595814 0.02271970734000206 0.025388091802597046 -0.011345244944095612 0.9999322891235352 0.0026156026870012283 -0.195721834897995 -0.02268865704536438 -0.00287252152338624 0.9997385144233704 11.211538314819336
0.9996344447135925 0.007036782335489988 0.026105456054210663 0.03835991024971008 -0.007122215814888477 0.9999695420265198 0.0031810938380658627 -0.2024730145931244 -0.026082277297973633 -0.0033658593893051147 0.9996541738510132 11.538959503173828
0.9995824694633484 0.0026098827365785837 0.028774727135896683 0.05245465040206909 -0.0026895704213529825 0.9999927878379822 0.0027310107834637165 -0.20466363430023193 -0.028767390176653862 -0.002807261887937784 0.9995821714401245 11.807944297790527
0.9995141625404358 -0.0009123630588874221 0.031155837699770927 0.06800952553749084 0.0007833291892893612 0.9999910593032837 0.004153500776737928 -0.21043063700199127 -0.031159350648522377 -0.004127076826989651 0.9995059370994568 12.065391540527344
0.9994329810142517 -0.0012234249152243137 0.03364963084459305 0.07699713110923767 0.0010481222998350859 0.9999858140945435 0.005226786248385906 -0.2170829027891159 -0.03365554288029671 -0.005188553594052792 0.9994199872016907 12.29670524597168
0.9993584752082825 -0.0006044068140909076 0.03580903634428978 0.08185926079750061 0.0004526257107499987 0.9999908208847046 0.0042465729638934135 -0.221796914935112 -0.035811275243759155 -0.00422764103859663 0.9993496537208557 12.49870491027832
0.9993008971214294 3.9080452552298084e-05 0.03738640993833542 0.10326984524726868 -0.00015247304691001773 0.9999954104423523 0.003030146239325404 -0.2294972687959671 -0.03738611936569214 -0.0030337278731167316 0.9992963075637817 12.701988220214844
0.9991764426231384 0.002532262122258544 0.040496110916137695 0.09907075762748718 -0.002621658844873309 0.9999942779541016 0.0021545966155827045 -0.23395977914333344 -0.040490418672561646 -0.002258989028632641 0.9991773366928101 12.855606079101562
0.9990909695625305 0.005257477983832359 0.04230666533112526 0.10195288062095642 -0.005332135129719973 0.9999844431877136 0.0016520072240382433 -0.2410544753074646 -0.042297326028347015 -0.0018760899547487497 0.9991033673286438 13.024715423583984
0.9990264177322388 0.0069684782065451145 0.043562356382608414 0.10814443230628967 -0.006983397528529167 0.9999756217002869 0.0001903008669614792 -0.24831600487232208 -0.0435599610209465 -0.000494328560307622 0.9990506768226624 13.181187629699707
0.998947262763977 0.005835519637912512 0.0455014631152153 0.11671596765518188 -0.005772102158516645 0.9999822378158569 -0.0015250020660459995 -0.25533396005630493 -0.04550955444574356 0.0012607572134584188 0.9989631175994873 13.330598831176758
0.9988742470741272 0.005037698894739151 0.04716869443655014 0.1192978024482727 -0.004899136256426573 0.9999833703041077 -0.003052724525332451 -0.2582448124885559 -0.047183290123939514 0.002818201668560505 0.9988822937011719 13.472260475158691
0.9988210201263428 0.0038841411005705595 0.04838866367936134 0.1314367651939392 -0.0037043429911136627 0.9999858736991882 -0.003804857609793544 -0.2624068260192871 -0.04840276390314102 0.003621123731136322 0.9988212585449219 13.601153373718262
0.998753547668457 0.004700347315520048 0.0496910996735096 0.14029031991958618 -0.0044495053589344025 0.9999767541885376 -0.005157431587576866 -0.26576802134513855 -0.049714185297489166 0.004929901100695133 0.9987513422966003 13.735400199890137
0.9986827969551086 0.005428069271147251 0.05102131888270378 0.14686834812164307 -0.005079345311969519 0.9999628067016602 -0.006962031126022339 -0.27246329188346863 -0.05105721950531006 0.006693705916404724 0.9986732006072998 13.855996131896973
0.9986268281936646 0.005668443161994219 0.05207851156592369 0.1491473913192749 -0.005176730919629335 0.999940812587738 -0.00957179069519043 -0.2699151039123535 -0.052129682153463364 0.009289052337408066 0.9985970258712769 13.98031997680664
0.9986039400100708 0.004834160208702087 0.05259836092591286 0.16170364618301392 -0.004223447293043137 0.9999224543571472 -0.011715813539922237 -0.2753381133079529 -0.05265091732144356 0.011477312073111534 0.9985470175743103 14.10678482055664
0.9986290335655212 0.004015794023871422 0.05218997225165367 0.1670815348625183 -0.0033176473807543516 0.9999039173126221 -0.013456781394779682 -0.2801925241947174 -0.05223899334669113 0.013265183195471764 0.9985464811325073 14.226466178894043
0.9987385272979736 0.0034497040323913097 0.05009415000677109 0.17333078384399414 -0.002716447925195098 0.9998882412910461 -0.014698268845677376 -0.2833426296710968 -0.050139255821704865 0.014543648809194565 0.9986363053321838 14.353297233581543
0.998882532119751 0.0034924871288239956 0.04713154211640358 0.17569565773010254 -0.0027676003519445658 0.9998769760131836 -0.0154365673661232 -0.2882874608039856 -0.047179657965898514 0.015288878232240677 0.9987694025039673 14.482775688171387
0.9990689754486084 0.004248196724802256 0.04293247312307358 0.18277186155319214 -0.0035223481245338917 0.9998497366905212 -0.016968291252851486 -0.2860550284385681 -0.04299810901284218 0.016801267862319946 0.9989337921142578 14.605694770812988
0.9993053674697876 0.003935008309781551 0.0370560847222805 0.18139630556106567 -0.0032704342156648636 0.9998330473899841 -0.01797783188521862 -0.2905183732509613 -0.03712064027786255 0.017844155430793762 0.9991514682769775 14.743892669677734
0.9995226860046387 0.003981176298111677 0.03063325397670269 0.17318060994148254 -0.0034138222690671682 0.9998220801353455 -0.01855093613266945 -0.29674553871154785 -0.030701657757163048 0.01843750663101673 0.9993585348129272 14.851597785949707
0.999710738658905 0.004189957398921251 0.023678937926888466 0.16525830328464508 -0.003733629360795021 0.9998070597648621 -0.019282924011349678 -0.29960301518440247 -0.023755166679620743 0.01918894052505493 0.9995335936546326 14.972892761230469
0.9998773336410522 0.0034114797599613667 0.015285495668649673 0.16265332698822021 -0.0031013949774205685 0.999789834022522 -0.02026413381099701 -0.3023396134376526 -0.015351415611803532 0.02021423913538456 0.999677836894989 15.105103492736816
0.9999809861183167 0.002923439722508192 0.005422566086053848 0.1506948471069336 -0.0028059131000190973 0.9997637271881104 -0.021556086838245392 -0.3043249249458313 -0.005484303459525108 0.021540462970733643 0.9997528791427612 15.23570728302002
0.9999685287475586 0.0012176601449027658 -0.007825672626495361 0.14507099986076355 -0.0013974241446703672 0.9997342228889465 -0.02300681173801422 -0.30998706817626953 0.007795577868819237 0.023017022758722305 0.9997046589851379 15.386573791503906
0.999715268611908 0.0002691011759452522 -0.023858793079853058 0.12315461039543152 -0.0008674049749970436 0.9996852278709412 -0.02507004328072071 -0.31067296862602234 0.023844540119171143 0.025083601474761963 0.9994009137153625 15.543218612670898
0.9990715980529785 0.0006919911247678101 -0.043073974549770355 0.09415209293365479 -0.0018204780062660575 0.9996559619903564 -0.026165099814534187 -0.31188124418258667 0.04304105415940285 0.02621922269463539 0.9987292289733887 15.722112655639648
0.9979068040847778 0.0017000440275296569 -0.0646461695432663 0.05652594566345215 -0.0033686254173517227 0.9996637105941772 -0.025710755959153175 -0.3199426531791687 0.06458073109388351 0.025874704122543335 0.9975769519805908 15.891928672790527
0.9960831999778748 0.002132153371348977 -0.0883953645825386 0.0260545015335083 -0.004283781163394451 0.9996989369392395 -0.024158397689461708 -0.32993555068969727 0.08831725269556046 0.024442441761493683 0.9957923889160156 16.089345932006836
0.9933322668075562 0.0033913415390998125 -0.11523677408695221 -0.024972081184387207 -0.006040573585778475 0.9997252821922302 -0.022648034617304802 -0.33475545048713684 0.11512832343578339 0.023193122819066048 0.9930797815322876 16.312124252319336
0.9894002079963684 0.004467696882784367 -0.14514559507369995 -0.09611749649047852 -0.007523374632000923 0.9997612833976746 -0.02051042579114437 -0.34148770570755005 0.1450193077325821 0.02138500288128853 0.9891977310180664 16.542234420776367
0.9839206337928772 0.00433141877874732 -0.17855414748191833 -0.15713191032409668 -0.007529967464506626 0.9998230338096619 -0.017239805310964584 -0.3473438024520874 0.1784478724002838 0.018307102844119072 0.9837790727615356 16.779645919799805
0.9766215085983276 0.005436863750219345 -0.21489723026752472 -0.25435733795166016 -0.008442074991762638 0.9998789429664612 -0.013069075532257557 -0.35452860593795776 0.2148001343011856 0.014577717520296574 0.9765492081642151 17.02813148498535
0.9670041799545288 0.007094178814440966 -0.25466158986091614 -0.36139965057373047 -0.009470918215811253 0.9999222159385681 -0.008107982575893402 -0.353413462638855 0.25458431243896484 0.0102523323148489 0.9669962525367737 17.28845977783203
0.9551150798797607 0.010657056234776974 -0.29604315757751465 -0.4828977584838867 -0.012064516544342041 0.9999229311943054 -0.0029278378933668137 -0.363602876663208 0.29598915576934814 0.006368040107190609 0.9551700353622437 17.55303382873535
0.9411054849624634 0.014087069779634476 -0.33781927824020386 -0.6354670524597168 -0.014497561380267143 0.9998940229415894 0.001307920552790165 -0.3600022792816162 0.3378019332885742 0.0036666635423898697 0.941210150718689 17.848424911499023
0.9243553280830383 0.016766713932156563 -0.38116419315338135 -0.780909538269043 -0.015123107470571995 0.9998589158058167 0.007307143881917 -0.3665437698364258 0.38123294711112976 -0.0009900099830701947 0.9244784712791443 18.11545753479004
0.905113160610199 0.020151184871792793 -0.42469313740730286 -0.9529228210449219 -0.015341621823608875 0.9997736811637878 0.014741746708750725 -0.3691038191318512 0.4248940944671631 -0.006827464327216148 0.9052172899246216 18.40096092224121
0.8833756446838379 0.024710342288017273 -0.46801382303237915 -1.1436457633972168 -0.016642943024635315 0.999633252620697 0.021365413442254066 -0.37207353115081787 0.4683700501918793 -0.011084554716944695 0.8834627866744995 18.674453735351562
0.8585482835769653 0.029636325314641 -0.5118756294250488 -1.3457837104797363 -0.019096169620752335 0.9994836449623108 0.025838393718004227 -0.36908236145973206 0.5123770833015442 -0.01240864209830761 0.8586708307266235 18.943174362182617
0.8306152820587158 0.03350694477558136 -0.5558376908302307 -1.5666718482971191 -0.020490532740950584 0.9993510246276855 0.029622776433825493 -0.3718391954898834 0.5564696192741394 -0.013215719722211361 0.8307628631591797 19.211790084838867
0.7998165488243103 0.03688556328415871 -0.5991101861000061 -1.8263959884643555 -0.022832419723272324 0.9992572069168091 0.031040076166391373 -0.3622826337814331 0.5998102426528931 -0.011147231794893742 0.8000646829605103 19.48395538330078
0.7658327221870422 0.03989627957344055 -0.6418009400367737 -2.1026487350463867 -0.023385193198919296 0.999141275882721 0.03420509397983551 -0.35606420040130615 0.642614483833313 -0.011186741292476654 0.7661079168319702 19.761859893798828
0.7288807034492493 0.043836675584316254 -0.6832358837127686 -2.399984359741211 -0.024651939049363136 0.9989813566207886 0.03779616951942444 -0.34117329120635986 0.6841968297958374 -0.010705803520977497 0.7292187809944153 20.026622772216797
0.6900073885917664 0.0440075546503067 -0.7224632501602173 -2.738034248352051 -0.02145390585064888 0.9989548325538635 0.040359433740377426 -0.32012033462524414 0.7234842777252197 -0.012348651885986328 0.6902304291725159 20.29828453063965
0.6488319635391235 0.043804530054330826 -0.759669840335846 -3.090700149536133 -0.019043050706386566 0.9989637136459351 0.041338223963975906 -0.30380117893218994 0.7606933116912842 -0.012355131097137928 0.6489939093589783 20.561660766601562
0.6067547798156738 0.042667001485824585 -0.7937431335449219 -3.471663475036621 -0.013358401134610176 0.9989646673202515 0.0434870645403862 -0.2939094305038452 0.7947768568992615 -0.01578284427523613 0.6066965460777283 20.80388641357422
0.5617470741271973 0.04299898073077202 -0.8261908292770386 -3.8675537109375 -0.008761589415371418 0.9989016056060791 0.04603046923875809 -0.2814045548439026 0.8272626399993896 -0.018618738278746605 0.5615068078041077 21.04692840576172
0.5146018266677856 0.04444372281432152 -0.8562766313552856 -4.3019561767578125 -0.006804832257330418 0.9988359212875366 0.04775350168347359 -0.2606436014175415 0.8574022650718689 -0.018747221678495407 0.5143052339553833 21.273136138916016
0.4652302861213684 0.043852876871824265 -0.8841026425361633 -4.769855976104736 -0.005661377217620611 0.9988991022109985 0.04656783491373062 -0.23595011234283447 0.8851715922355652 -0.016659531742334366 0.46496641635894775 21.46973419189453
0.4126538336277008 0.0428004264831543 -0.9098819494247437 -5.239798069000244 0.0005671962280757725 0.9988831281661987 0.047244250774383545 -0.22063040733337402 0.9108877778053284 -0.020011600106954575 0.4121687710285187 21.65526580810547
0.3587358593940735 0.0417860709130764 -0.932503342628479 -5.741175174713135 0.005963645409792662 0.9988744854927063 0.04705442860722542 -0.1996670961380005 0.9334200620651245 -0.022441230714321136 0.35808297991752625 21.820253372192383
0.3051045835018158 0.040685199201107025 -0.9514493346214294 -6.278289794921875 0.008569353260099888 0.9989291429519653 0.04546346142888069 -0.17369377613067627 0.9522802829742432 -0.02202441357076168 0.304429292678833 21.95595932006836
0.25212061405181885 0.04659359157085419 -0.9665735960006714 -6.8412299156188965 0.008881036192178726 0.998686671257019 0.050458140671253204 -0.1402665376663208 0.9676550626754761 -0.021305708214640617 0.2513757348060608 22.06488609313965
0.20080989599227905 0.05149989575147629 -0.9782755374908447 -7.421003341674805 0.011347528547048569 0.9984278678894043 0.05489007756114006 -0.11180382966995239 0.9795644879341125 -0.02212348021566868 0.19990982115268707 22.145784378051758
0.15251974761486053 0.052685417234897614 -0.9868950843811035 -8.028844833374023 0.016315294429659843 0.9983077645301819 0.05581612512469292 -0.08231037855148315 0.9881657958030701 -0.024614544585347176 0.151402086019516 22.217126846313477
0.10795825719833374 0.05443181097507477 -0.9926642179489136 -8.616975784301758 0.02060835249722004 0.9981629252433777 0.0569746196269989 -0.07272523641586304 0.9939417839050293 -0.026608049869537354 0.10663817822933197 22.265811920166016
0.06768880039453506 0.0526898056268692 -0.9963142275810242 -9.25167465209961 0.02049686759710312 0.9983203411102295 0.05418843775987625 -0.04253220558166504 0.9974958300590515 -0.02408927120268345 0.0664951354265213 22.27854347229004
0.031922679394483566 0.04826660454273224 -0.9983242154121399 -9.894405364990234 0.01756630279123783 0.998651921749115 0.04884415492415428 -0.006434619426727295 0.9993359446525574 -0.01909610629081726 0.03103177808225155 22.273099899291992
0.0036700889468193054 0.04821096733212471 -0.9988303780555725 -10.568963050842285 0.015008840709924698 0.9987219572067261 0.0482608862221241 0.028646260499954224 0.9998804926872253 -0.015168407931923866 0.002941807731986046 22.247142791748047
-0.01728113368153572 0.052284955978393555 -0.9984826445579529 -11.272455215454102 0.013657892122864723 0.9985509514808655 0.052052151411771774 0.059859633445739746 0.9997574090957642 -0.01273764856159687 -0.017970193177461624 22.215717315673828
-0.03055056557059288 0.05844071879982948 -0.9978232979774475 -11.998353958129883 0.015717821195721626 0.9981939196586609 0.05798119679093361 0.09145623445510864 0.9994096159934998 -0.01391225028783083 -0.03141395002603531 22.19595718383789
-0.0385361947119236 0.06102767959237099 -0.9973918199539185 -12.74289608001709 0.01564028672873974 0.9980478286743164 0.06046351045370102 0.12550318241119385 0.9991347193717957 -0.013269461691379547 -0.03941546007990837 22.159297943115234
-0.04224506765604019 0.05811803415417671 -0.9974154233932495 -13.512856483459473 0.016447070986032486 0.9982118606567383 0.05746783688664436 0.16339129209518433 0.9989719986915588 -0.013976828195154667 -0.043125394731760025 22.11907386779785
-0.04130794107913971 0.05428581312298775 -0.9976705312728882 -14.291542053222656 0.023762576282024384 0.9982938766479492 0.05333585664629936 0.19947034120559692 0.9988638758659363 -0.021504031494259834 -0.04252743721008301 22.09111976623535
-0.0369175560772419 0.052671562880277634 -0.9979292750358582 -15.09243106842041 0.0357355996966362 0.9980408549308777 0.05135544762015343 0.24432438611984253 0.9986791014671326 -0.03376567363739014 -0.03872747719287872 22.075878143310547
-0.03156163543462753 0.052882999181747437 -0.9981017708778381 -15.92413330078125 0.03628012165427208 0.9980018734931946 0.05173046141862869 0.2814122438430786 0.9988431334495544 -0.03457855433225632 -0.033417169004678726 22.05355453491211
-0.026458758860826492 0.051797378808259964 -0.9983070492744446 -16.763378143310547 0.0343317873775959 0.9981146454811096 0.05087748169898987 0.30926012992858887 0.9990602135658264 -0.032927509397268295 -0.02818717062473297 22.022491455078125
-0.023427804931998253 0.04506857320666313 -0.9987091422080994 -17.648395538330078 0.037971384823322296 0.9983026385307312 0.044159483164548874 0.3540126085281372 0.9990041851997375 -0.036887817084789276 -0.02509935200214386 22.017351150512695
-0.021387958899140358 0.03425140678882599 -0.9991843700408936 -18.519554138183594 0.03591392934322357 0.9987942576408386 0.03346927464008331 0.38573551177978516 0.9991260170936584 -0.03516879305243492 -0.022592272609472275 21.995925903320312
-0.020603299140930176 0.025846660137176514 -0.9994535446166992 -19.415157318115234 0.02799808606505394 0.9992886781692505 0.025265224277973175 0.41372382640838623 0.9993956089019775 -0.02746223844587803 -0.021312301978468895 21.95652961730957
-0.02203662320971489 0.023166289553046227 -0.9994887113571167 -20.329559326171875 0.022627664729952812 0.9994869828224182 0.022667355835437775 0.43403881788253784 0.9995010495185852 -0.022116584703326225 -0.022549517452716827 21.930517196655273
-0.02575829066336155 0.029330521821975708 -0.9992378354072571 -21.276607513427734 0.013283994048833847 0.9994913935661316 0.02899552509188652 0.45389387011528015 0.9995798468589783 -0.012526994571089745 -0.02613481692969799 21.88579559326172
-0.03062780573964119 0.037440553307533264 -0.9988294243812561 -22.22968101501465 0.008494874462485313 0.999271810054779 0.037196654826402664 0.47891348600387573 0.9994947910308838 -0.007345676887780428 -0.03092355839908123 21.83675193786621
-0.03503803536295891 0.04696410894393921 -0.9982818961143494 -23.253633499145508 0.007106791716068983 0.9988816976547241 0.04674289748072624 0.5111386775970459 0.9993607401847839 -0.0054568033665418625 -0.035332608968019485 21.795499801635742
-0.036741241812705994 0.05680994689464569 -0.997708797454834 -24.267017364501953 0.005665326490998268 0.9983786344528198 0.05663946270942688 0.5565862655639648 0.9993088245391846 -0.003571342211216688 -0.03700350970029831 21.75266456604004
-0.037438105791807175 0.0647490918636322 -0.9971989989280701 -25.29437255859375 0.007733713835477829 0.9978875517845154 0.06450344622135162 0.6012293696403503 0.9992689490318298 -0.005297164898365736 -0.03785976395010948 21.70899772644043
-0.03910016641020775 0.06536250561475754 -0.9970951676368713 -26.311595916748047 0.00870597641915083 0.9978427290916443 0.06507008522748947 0.6545416116714478 0.9991973638534546 -0.006136436015367508 -0.03958485648036003 21.668222427368164
-0.040920089930295944 0.0623762346804142 -0.9972134232521057 -27.331148147583008 0.007507816888391972 0.998040497303009 0.06211986765265465 0.7094781398773193 0.9991341829299927 -0.00494494428858161 -0.041308216750621796 21.621931076049805
-0.04360385984182358 0.05787045881152153 -0.9973713755607605 -28.35202980041504 0.007335355971008539 0.9983125329017639 0.05760437622666359 0.7499393224716187 0.9990218877792358 -0.004804300609976053 -0.04395478218793869 21.56714630126953
-0.048083703964948654 0.052737437188625336 -0.9974501132965088 -29.379467010498047 0.007561041973531246 0.9985957741737366 0.05243350937962532 0.7950572967529297 0.9988147020339966 -0.005020564422011375 -0.048414941877126694 21.511287689208984
-0.053854480385780334 0.047824446111917496 -0.9974029064178467 -30.40779685974121 0.0072754560969769955 0.9988446831703186 0.04750073701143265 0.8385990262031555 0.9985223412513733 -0.004698433447629213 -0.054140202701091766 21.452770233154297
-0.06025633588433266 0.046256303787231445 -0.9971105456352234 -31.433137893676758 0.00644490122795105 0.9989229440689087 0.04595090076327324 0.8753119707107544 0.9981621503829956 -0.0036574467085301876 -0.06048955023288727 21.370574951171875
-0.06743311136960983 0.04863153398036957 -0.9965378046035767 -32.511165618896484 0.007250806782394648 0.9988088011741638 0.048251718282699585 0.9152193665504456 0.9976975917816162 -0.0039719389751553535 -0.06770540773868561 21.306440353393555
-0.07358706742525101 0.053491126745939255 -0.9958531856536865 -33.58099365234375 0.0059093148447573185 0.9985663294792175 0.05320020765066147 0.9566246271133423 0.9972712993621826 -0.0019699621479958296 -0.07379767298698425 21.2164249420166
-0.07973655313253403 0.05651504918932915 -0.9952125549316406 -34.64436340332031 0.0033985942136496305 0.9984011054039001 0.056423816829919815 0.9986550807952881 0.9968101978302002 0.001116716768592596 -0.07980114221572876 21.123340606689453
-0.08433526754379272 0.058511167764663696 -0.994718074798584 -35.71613311767578 4.7450041165575385e-05 0.9982747435569763 0.05871634930372238 1.0486726760864258 0.9964374899864197 0.0049046603962779045 -0.08419254422187805 21.022634506225586
-0.0868193656206131 0.060101501643657684 -0.9944095015525818 -36.794925689697266 -0.0042200819589197636 0.9981473684310913 0.06069586053490639 1.0933058261871338 0.9962152242660522 0.009466065093874931 -0.08640488237142563 20.91103744506836
-0.08883051574230194 0.06121945008635521 -0.9941636323928833 -37.85790252685547 -0.008313431404531002 0.9980290532112122 0.062200307846069336 1.1457633972167969 0.9960120320320129 0.013790195807814598 -0.08814649283885956 20.810382843017578
-0.09015802294015884 0.060559649020433426 -0.9940844774246216 -38.9368896484375 -0.00917076040059328 0.9980567097663879 0.06163337081670761 1.2015475034713745 0.9958853125572205 0.01467325072735548 -0.08942743390798569 20.699033737182617
-0.0912792831659317 0.05988973379135132 -0.9940227270126343 -40.01664352416992 -0.010456987656652927 0.9980772137641907 0.0610942617058754 1.2468656301498413 0.9957703948020935 0.015971126034855843 -0.09047750383615494 20.58353614807129
-0.09273264557123184 0.05918719246983528 -0.993930459022522 -41.089576721191406 -0.011024881154298782 0.9981095790863037 0.060464661568403244 1.2992385625839233 0.9956300258636475 0.01656501367688179 -0.09190481156110764 20.489429473876953
-0.09365753084421158 0.05824355036020279 -0.993899405002594 -42.17854309082031 -0.013439600355923176 0.9981224536895752 0.059757478535175323 1.3540928363800049 0.9955137968063354 0.01895434781908989 -0.09269893169403076 20.375600814819336
-0.09446065127849579 0.05569817125797272 -0.9939692616462708 -43.25898361206055 -0.01796572096645832 0.9981756806373596 0.05764123424887657 1.4005967378616333 0.9953664541244507 0.02330220676958561 -0.09328768402338028 20.264101028442383
-0.09485295414924622 0.05091145634651184 -0.9941886067390442 -44.343833923339844 -0.0226104985922575 0.9983235597610474 0.05328041687607765 1.4460161924362183 0.9952344298362732 0.027532903477549553 -0.09354282915592194 20.15253448486328
-0.09383923560380936 0.05012216046452522 -0.9943248629570007 -45.46306610107422 -0.024688228964805603 0.9983076453208923 0.05265287309885025 1.4943113327026367 0.9952813386917114 0.029489021748304367 -0.09244299679994583 20.03540802001953
-0.09247619658708572 0.05419440567493439 -0.9942389726638794 -46.573394775390625 -0.02543277107179165 0.9980633854866028 0.056768424808979034 1.5407530069351196 0.9953900575637817 0.030535977333784103 -0.09091879427433014 19.931779861450195
-0.09046229720115662 0.057738445699214935 -0.9942247271537781 -47.67543411254883 -0.025584546849131584 0.9978537559509277 0.06027707830071449 1.5814082622528076 0.9955711364746094 0.030889594927430153 -0.08879093825817108 19.822998046875
-0.08913931995630264 0.05716248229146004 -0.9943774938583374 -48.78074264526367 -0.02357204630970955 0.9979511499404907 0.05948099121451378 1.6371254920959473 0.9957401156425476 0.028741607442498207 -0.08760923892259598 19.722393035888672
-0.08638568222522736 0.056347716599702835 -0.9946669936180115 -49.89927291870117 -0.023436974734067917 0.9980079531669617 0.05857245251536369 1.6898459196090698 0.9959860444068909 0.02837180718779564 -0.08489299565553665 19.617216110229492
-0.0823560282588005 0.056584909558296204 -0.9949952960014343 -51.01250076293945 -0.027888117358088493 0.9978649020195007 0.05905641242861748 1.7447396516799927 0.9962127208709717 0.03261219710111618 -0.08060216158628464 19.518091201782227
-0.07645189017057419 0.057829584926366806 -0.9953948259353638 -52.15099334716797 -0.032596614211797714 0.9976380467414856 0.06046350300312042 1.7902473211288452 0.9965402483940125 0.03706905245780945 -0.07438626140356064 19.40929412841797
-0.07072404026985168 0.057189542800188065 -0.9958550930023193 -53.27168273925781 -0.036694176495075226 0.9975302219390869 0.05989169329404831 1.8453956842422485 0.9968207478523254 0.04077786207199097 -0.06845085322856903 19.320154190063477
-0.06442772597074509 0.05607948452234268 -0.9963454008102417 -54.407188415527344 -0.03831890970468521 0.9975444674491882 0.05862482264637947 1.9051203727722168 0.9971864223480225 0.04195593297481537 -0.06212060898542404 19.22957420349121
-0.05898924916982651 0.055462028831243515 -0.9967166781425476 -55.546260833740234 -0.03767034038901329 0.9976205825805664 0.05774179473519325 1.956617832183838 0.9975476264953613 0.040952812880277634 -0.056759610772132874 19.160123825073242
-0.05354642495512962 0.055335745215415955 -0.9970309734344482 -56.68435287475586 -0.03602418303489685 0.997706413269043 0.05730794370174408 2.0045742988586426 0.9979153871536255 0.03898586705327034 -0.05143018066883087 19.094118118286133
-0.047975361347198486 0.055537689477205276 -0.9973032474517822 -57.83857345581055 -0.035219840705394745 0.9977380037307739 0.05725615471601486 2.065457344055176 0.9982273578643799 0.037871748208999634 -0.04591081291437149 19.033214569091797
-0.04201403260231018 0.05683334544301033 -0.9974992871284485 -58.98392105102539 -0.03441097214818001 0.9977060556411743 0.05829451233148575 2.1226062774658203 0.9985243082046509 0.03677409887313843 -0.03996196761727333 18.97344970703125
-0.03602859005331993 0.05824382230639458 -0.9976520538330078 -60.13631820678711 -0.035372767597436905 0.9976001977920532 0.0595182329416275 2.171144485473633 0.9987245798110962 0.03743407130241394 -0.033881887793540955 18.921640396118164
-0.03148738667368889 0.05772200599312782 -0.9978359937667847 -61.27499771118164 -0.03463741019368172 0.9976683855056763 0.058805324137210846 2.2137415409088135 0.9989038109779358 0.03641408309340477 -0.029414627701044083 18.891645431518555
-0.026687366887927055 0.05307277664542198 -0.99823397397995 -62.41875076293945 -0.03483863174915314 0.9979336261749268 0.053988199681043625 2.2627921104431152 0.9990366101264954 0.036217909306287766 -0.024783235043287277 18.856077194213867
-0.02211873233318329 0.04748793691396713 -0.9986268877983093 -63.587886810302734 -0.03490925207734108 0.9982254505157471 0.04824205860495567 2.3129141330718994 0.9991457462310791 0.03592837601900101 -0.02042170614004135 18.827592849731445
-0.018561597913503647 0.047439731657505035 -0.9987016320228577 -64.76304626464844 -0.03428977355360985 0.9982558488845825 0.04805585369467735 2.3464410305023193 0.9992395639419556 0.03513724356889725 -0.01690252684056759 18.800241470336914
-0.015080674551427364 0.049673959612846375 -0.9986516237258911 -65.93199920654297 -0.033730652183294296 0.9981713891029358 0.05015944689512253 2.390486240386963 0.9993171691894531 0.03444160893559456 -0.013377565890550613 18.775793075561523
-0.012862896546721458 0.04953761026263237 -0.9986894130706787 -67.09341430664062 -0.03408275917172432 0.9981699585914612 0.049950819462537766 2.4308557510375977 0.999336302280426 0.034680601209402084 -0.011150977574288845 18.75311851501465
-0.01176130585372448 0.049495160579681396 -0.9987050890922546 -68.26704406738281 -0.035804346203804016 0.9981128573417664 0.049887459725141525 2.470665216445923 0.9992896318435669 0.036344725638628006 -0.009966968558728695 18.731590270996094
-0.010950148105621338 0.05043173208832741 -0.9986673593521118 -69.44440460205078 -0.036873750388622284 0.9980277419090271 0.05080372467637062 2.5125691890716553 0.9992599487304688 0.03738093003630638 -0.009068941697478294 18.712757110595703
-0.009279048070311546 0.049985796213150024 -0.9987067580223083 -70.60631561279297 -0.037569619715213776 0.9980272054672241 0.05030084028840065 2.5529303550720215 0.9992509484291077 0.03798777610063553 -0.0073827942833304405 18.68281364440918
-0.008967592380940914 0.04774318262934685 -0.9988195300102234 -71.80109405517578 -0.03795388340950012 0.9981235861778259 0.048050686717033386 2.5978517532348633 0.9992392659187317 0.03833997994661331 -0.0071387263014912605 18.681795120239258
-0.008352664299309254 0.046611469238996506 -0.9988781809806824 -72.98150634765625 -0.03647172451019287 0.9982341527938843 0.04688639938831329 2.638380765914917 0.9992998242378235 0.03682243451476097 -0.006637914106249809 18.669097900390625
-0.008206494152545929 0.046341460198163986 -0.9988919496536255 -74.16831970214844 -0.03272969648241997 0.9983779191970825 0.04658650606870651 2.6757266521453857 0.9994305372238159 0.033075738698244095 -0.006676441058516502 18.661394119262695
-0.008242160081863403 0.0467042475938797 -0.9988747835159302 -75.35194396972656 -0.030570458620786667 0.998430073261261 0.046935707330703735 2.7196359634399414 0.9994986653327942 0.03092290088534355 -0.006801449228078127 18.65326499938965
-0.008284368552267551 0.05018453299999237 -0.9987056255340576 -76.54774475097656 -0.029521537944674492 0.9982922077178955 0.05040865018963814 2.750166893005371 0.9995297789573669 0.02990092895925045 -0.006788697559386492 18.645191192626953
-0.007449640892446041 0.05402079224586487 -0.9985120296478271 -77.73039245605469 -0.031749363988637924 0.9980234503746033 0.05423124134540558 2.7906718254089355 0.9994680881500244 0.03210613131523132 -0.005719791166484356 18.62116241455078
-0.0071996352635324 0.053781308233737946 -0.9985268115997314 -78.92158508300781 -0.03427216783165932 0.9979526996612549 0.05399750545620918 2.835968017578125 0.9993866086006165 0.03461044281721115 -0.005341694690287113 18.608909606933594
-0.0066176108084619045 0.051463667303323746 -0.9986530542373657 -80.09534454345703 -0.035519566386938095 0.9980325102806091 0.051667068153619766 2.880995750427246 0.9993470907211304 0.03581364080309868 -0.004776624031364918 18.59202766418457
-0.006202214863151312 0.04932883381843567 -0.998763382434845 -81.2826919555664 -0.035140685737133026 0.998154878616333 0.04951700568199158 2.920809030532837 0.999363124370575 0.03540434315800667 -0.0044573210179805756 18.57131576538086
-0.007031898479908705 0.0487273707985878 -0.9987873435020447 -82.47575378417969 -0.03257523104548454 0.9982708096504211 0.048931512981653214 2.9618043899536133 0.9994445443153381 0.032879818230867386 -0.005432434380054474 18.574199676513672
-0.0067532965913414955 0.04988705739378929 -0.9987319707870483 -83.64952850341797 -0.03144334256649017 0.9982503056526184 0.05007561296224594 3.005120277404785 0.9994826912879944 0.03174164891242981 -0.005172865465283394 18.56341552734375
-0.006138935685157776 0.05235719680786133 -0.9986094832420349 -84.82861328125 -0.030093412846326828 0.9981663823127747 0.05251896381378174 3.051095962524414 0.999528169631958 0.030373984947800636 -0.00455207284539938 18.543973922729492
-0.005912213120609522 0.05534856393933296 -0.9984495639801025 -85.9896240234375 -0.030911128968000412 0.9979797601699829 0.05550555884838104 3.0804131031036377 0.9995046257972717 0.03119136393070221 -0.004189382307231426 18.535850524902344
-0.005578999407589436 0.055442407727241516 -0.9984462857246399 -87.15516662597656 -0.0323510579764843 0.9979292154312134 0.05559445917606354 3.1257035732269287 0.9994609951972961 0.03261095657944679 -0.0037738257087767124 18.51959991455078
-0.005661449395120144 0.05323807895183563 -0.9985657334327698 -88.32646942138672 -0.03189881891012192 0.9980639815330505 0.05339217931032181 3.169370651245117 0.9994750022888184 0.0321553498506546 -0.003952256869524717 18.510669708251953
-0.005158242303878069 0.05202023312449455 -0.9986328482627869 -89.4977798461914 -0.03114689700305462 0.9981532096862793 0.05215614289045334 3.210268974304199 0.9995015263557434 0.03137334808707237 -0.0035284473560750484 18.502689361572266
-0.0051152086816728115 0.05317910760641098 -0.9985719323158264 -90.66045379638672 -0.02950560487806797 0.9981420636177063 0.05330737307667732 3.2513837814331055 0.9995514750480652 0.029736142605543137 -0.0035366241354495287 18.49309539794922
-0.004380417987704277 0.05575181543827057 -0.9984350204467773 -91.83030700683594 -0.02739497646689415 0.9980631470680237 0.05585124343633652 3.301348924636841 0.9996150732040405 0.027596760541200638 -0.0028446139767766 18.474796295166016
-0.004859370645135641 0.05813271552324295 -0.9982970356941223 -92.99008178710938 -0.025544434785842896 0.9979759454727173 0.058238353580236435 3.345813035964966 0.9996618628501892 0.02578393556177616 -0.0033645674120634794 18.481327056884766
-0.004471258260309696 0.059943921864032745 -0.998191773891449 -94.15999603271484 -0.026206793263554573 0.9978518486022949 0.060040898621082306 3.393568277359009 0.9996465444564819 0.0264278594404459 -0.002890715841203928 18.469696044921875
-0.0039808014407753944 0.061585478484630585 -0.998093843460083 -95.32454681396484 -0.02895665355026722 0.9976760745048523 0.061675190925598145 3.4475741386413574 0.9995726943016052 0.02914697490632534 -0.0021882415749132633 18.45194435119629
-0.00334595306776464 0.061233073472976685 -0.9981178641319275 -96.48152923583984 -0.031185828149318695 0.9976316094398499 0.061307791620492935 3.4897549152374268 0.9995080232620239 0.031332265585660934 -0.001428424147889018 18.439008712768555
-0.0033703127410262823 0.056750111281871796 -0.9983826279640198 -97.63373565673828 -0.03352019563317299 0.9978209733963013 0.05683133006095886 3.5444304943084717 0.999432384967804 0.03365752473473549 -0.0014606935437768698 18.423465728759766
-0.0027646953240036964 0.05512566119432449 -0.9984755516052246 -98.7917251586914 -0.034879233688116074 0.9978666305541992 0.055188607424497604 3.5923843383789062 0.9993876814842224 0.03497863933444023 -0.0008360563078895211 18.408184051513672
-0.002740350319072604 0.053600624203681946 -0.9985587000846863 -99.95799255371094 -0.03438205644488335 0.9979669451713562 0.0536632277071476 3.630528450012207 0.9994049668312073 0.03447956591844559 -0.0008918791427277029 18.408283233642578
-0.0027545832563191652 0.054070908576250076 -0.998533308506012 -101.12149810791016 -0.03311413899064064 0.9979844689369202 0.05413253605365753 3.6755075454711914 0.999447762966156 0.03321468085050583 -0.0009585199295543134 18.409832000732422
-0.0026890342123806477 0.05617349594831467 -0.9984173774719238 -102.27157592773438 -0.03323180973529816 0.9978645443916321 0.056231893599033356 3.7193603515625 0.9994440674781799 0.03333042562007904 -0.0008165451581589878 18.39649200439453
