1.0 0.0 0.0 0.0 0.0 1.0 0.0 0.0 0.0 0.0 1.0 0.0
0.9999956488609314 0.002946683904156089 0.0001494940952397883 -0.005909041967242956 -0.0029468878637999296 0.999994695186615 0.0013833092525601387 -0.012901096604764462 -0.00014541712880600244 -0.0013837438309565187 0.9999990463256836 0.7725295424461365
0.9999848008155823 0.005479907616972923 0.0006423795712180436 -0.013110464438796043 -0.005481137428432703 0.9999831318855286 0.00192711828276515 -0.030001766979694366 -0.000631808303296566 -0.0019306099275127053 0.9999979138374329 1.5386401414871216
0.9999765157699585 0.0067476192489266396 0.0011870807502418756 -0.02165859565138817 -0.006749781314283609 0.9999755620956421 0.0018257484771311283 -0.04805991053581238 -0.0011747322278097272 -0.0018337180372327566 0.9999975562095642 2.274850368499756
0.9999618530273438 0.00866355374455452 0.0010628795716911554 -0.024614591151475906 -0.008665157482028008 0.9999613165855408 0.001512582297436893 -0.06124023720622063 -0.0010497341863811016 -0.0015217345207929611 0.9999982714653015 3.002100944519043
0.9999585747718811 0.008924764581024647 0.0017807038966566324 -0.034964315593242645 -0.008926913142204285 0.999959409236908 0.001202142215333879 -0.07435473054647446 -0.001769902417436242 -0.0012179886689409614 0.999997615814209 3.72102427482605
0.9999571442604065 0.009101335890591145 0.001679886132478714 -0.02632872760295868 -0.00910464022308588 0.9999566078186035 0.001969256903976202 -0.08545370399951935 -0.0016618900699540973 -0.001984467264264822 0.9999966621398926 4.42081880569458
0.9999449253082275 0.010079419240355492 0.002938746241852641 -0.04633016884326935 -0.01009416300803423 0.9999362826347351 0.005045813973993063 -0.10259989649057388 -0.002887700218707323 -0.00507520092651248 0.9999829530715942 5.090769290924072
0.9999417662620544 0.009888221509754658 0.004308487754315138 -0.04138119891285896 -0.009925869293510914 0.999911904335022 0.008806097321212292 -0.10725855082273483 -0.004221030976623297 -0.008848351426422596 0.999951958656311 5.761360168457031
0.9999433755874634 0.009102187119424343 0.005510891787707806 -0.03884393721818924 -0.009170705452561378 0.9998793005943298 0.012538261711597443 -0.1198391243815422 -0.005396101623773575 -0.01258809119462967 0.9999062418937683 6.385917663574219
0.9999399781227112 0.008570968173444271 0.006826541852205992 -0.042169198393821716 -0.008669860661029816 0.9998559355735779 0.014590911567211151 -0.12685267627239227 -0.006700500380247831 -0.014649219810962677 0.999870240688324 6.992626667022705
0.9999313354492188 0.00909707322716713 0.007390091195702553 -0.021383101120591164 -0.009203657507896423 0.9998522400856018 0.01451892964541912 -0.13591335713863373 -0.007256919052451849 -0.01458594761788845 0.9998672008514404 7.588052272796631
0.9999173283576965 0.009746549651026726 0.008387225680053234 -0.01723640225827694 -0.009846934117376804 0.9998793601989746 0.012011750601232052 -0.14567022025585175 -0.008269139565527439 -0.012093348428606987 0.9998925924301147 8.142935752868652
0.9999102354049683 0.009670212864875793 0.009268024936318398 -0.018469223752617836 -0.009753783233463764 0.9999118447303772 0.009014656767249107 -0.14883537590503693 -0.009180032648146152 -0.009104246273636818 0.9999164342880249 8.66922378540039
0.9999093413352966 0.008060240186750889 0.010784062556922436 -0.006926823407411575 -0.008142175152897835 0.9999382495880127 0.00757560832425952 -0.1576232612133026 -0.010722333565354347 -0.00766272796317935 0.9999131560325623 9.168797492980957
0.9999099969863892 0.004054148681461811 0.012788843363523483 -0.0019095223397016525 -0.004120233003050089 0.9999783039093018 0.005145280156284571 -0.1623496264219284 -0.012767704203724861 -0.005197510123252869 0.9999049305915833 9.628910064697266
0.9998915791511536 0.0023563869763165712 0.0145345414057374 0.013863088563084602 -0.002417653100565076 0.9999882578849792 0.0041991169564425945 -0.1696801632642746 -0.014524473808705807 -0.004233800806105137 0.9998855590820312 10.075762748718262
0.9998420476913452 0.006746514700353146 0.016445009037852287 0.0187578946352005 -0.006783598568290472 0.9999745488166809 0.002200273796916008 -0.18018771708011627 -0.01642974466085434 -0.002311481861397624 0.9998623728752136 10.492725372314453
0.9997466206550598 0.011213963851332664 0.019517509266734123 0.01890421286225319 -0.011244604364037514 0.9999356865882874 0.0014608680503442883 -0.18764346837997437 -0.019499873742461205 -0.0016799651784822345 0.9998084902763367 10.879582405090332
0.9996786117553711 0.01141293067485094 0.02263747528195381 0.029169058427214622 -0.01147543266415596 0.9999306797981262 0.0026330791879445314 -0.19796325266361237 -0.022605856880545616 -0.002892007352784276 0.9997403025627136 11.224916458129883
0.9996384382247925 0.007045890670269728 0.025951368734240532 0.03954284265637398 -0.007134690415114164 0.999968945980072 0.0033307571429759264 -0.20617808401584625 -0.025927096605300903 -0.0035147073213011026 0.9996576905250549 11.541385650634766
0.9995861649513245 0.002954179421067238 0.028612744063138962 0.05658050999045372 -0.003034871304407716 0.9999915361404419 0.0027771207969635725 -0.20491547882556915 -0.02860429883003235 -0.002862807596102357 0.9995866417884827 11.824663162231445
0.9995207190513611 -0.0007182104745879769 0.03094746358692646 0.07211774587631226 0.0005872488836757839 0.9999908804893494 0.004240625072270632 -0.21234013140201569 -0.03095022775232792 -0.004220419563353062 0.9995120167732239 12.079904556274414
0.9994425773620605 -0.0010108334245160222 0.03337017074227333 0.08217579126358032 0.0008350271382369101 0.9999856352806091 0.005281881894916296 -0.21758678555488586 -0.03337503969669342 -0.005251072347164154 0.9994291067123413 12.312902450561523
0.9993645548820496 -0.00030694244196638465 0.03564267233014107 0.08594345301389694 0.0001508427521912381 0.9999903440475464 0.004382175859063864 -0.22289474308490753 -0.03564367815852165 -0.004374014679342508 0.9993550181388855 12.515758514404297
0.9993060231208801 0.0002951506176032126 0.03724663704633713 0.10597239434719086 -0.00041393752326257527 0.9999948740005493 0.003181531559675932 -0.23139749467372894 -0.037245504558086395 -0.0031947416719049215 0.9993010759353638 12.716849327087402
0.9991745948791504 0.0029517156071960926 0.04051464796066284 0.10056351870298386 -0.003040535608306527 0.9999931454658508 0.0021308562718331814 -0.2342347502708435 -0.04050808027386665 -0.002252283738926053 0.9991766810417175 12.874007225036621
0.9990969896316528 0.005791982635855675 0.04208973050117493 0.10548572242259979 -0.005862838588654995 0.9999815821647644 0.001560208504088223 -0.24012278020381927 -0.04207991808652878 -0.0018055649707093835 0.9991126656532288 13.041786193847656
0.9990323781967163 0.007297663018107414 0.043370455503463745 0.11257918179035187 -0.0073111699894070625 0.9999732375144958 0.00015284410619642586 -0.24783888459205627 -0.043368179351091385 -0.00046978486352600157 0.9990590214729309 13.199134826660156
0.9989534020423889 0.006111493334174156 0.04533039778470993 0.12112534046173096 -0.0060522486455738544 0.9999806880950928 -0.0014440715312957764 -0.2556096911430359 -0.04533834755420685 0.0011682093609124422 0.9989709854125977 13.347789764404297
0.9988863468170166 0.004953647963702679 0.04691952466964722 0.12779399752616882 -0.0048192390240728855 0.9999839663505554 -0.002977366792038083 -0.2549857497215271 -0.04693351686000824 0.0027479343116283417 0.998894214630127 13.491721153259277
0.9988301396369934 0.004102130886167288 0.04818229004740715 0.1361229419708252 -0.003919903188943863 0.999984860420227 -0.0038759394083172083 -0.25897037982940674 -0.04819745942950249 0.0036825353745371103 0.9988309741020203 13.629366874694824
0.9987527132034302 0.005167356226593256 0.04966118559241295 0.14242863655090332 -0.004902810789644718 0.9999731183052063 -0.005447338335216045 -0.26071006059646606 -0.049688003957271576 0.005197064485400915 0.9987512826919556 13.7633638381958
0.9986875653266907 0.005608445033431053 0.050909824669361115 0.14847852289676666 -0.005247066263109446 0.99996018409729 -0.007229284383356571 -0.26692676544189453 -0.05094834417104721 0.006952669005841017 0.998677134513855 13.884054183959961
0.9986376762390137 0.005878204945474863 0.051847852766513824 0.1567501425743103 -0.00539252208545804 0.9999403953552246 -0.009502394124865532 -0.2686420679092407 -0.05190061777830124 0.009209858253598213 0.9986097812652588 14.01101303100586
0.9986060261726379 0.005206984002143145 0.052527185529470444 0.16549335420131683 -0.004593297839164734 0.9999198913574219 -0.011797184124588966 -0.27313748002052307 -0.052584413439035416 0.011539462953805923 0.9985498189926147 14.136590957641602
0.9986191391944885 0.004327084869146347 0.05235580727458 0.166714146733284 -0.003622133983299136 0.9999016523361206 -0.013552009128034115 -0.2777445316314697 -0.052409302443265915 0.013343654572963715 0.9985365271568298 14.259578704833984
0.9987428188323975 0.0035062539391219616 0.05000447854399681 0.17622123658657074 -0.00277055730111897 0.9998870491981506 -0.014774329960346222 -0.28113916516304016 -0.05005062744021416 0.01461721584200859 0.998639702796936 14.387589454650879
0.9988871812820435 0.004004924092441797 0.046993061900138855 0.18248704075813293 -0.0032704591285437346 0.9998714923858643 -0.015695715323090553 -0.28423380851745605 -0.047049880027770996 0.015524559654295444 0.9987719655036926 14.519427299499512
0.9990588426589966 0.0045458427630364895 0.043136946856975555 0.17825829982757568 -0.00380453048273921 0.999843955039978 -0.017251642420887947 -0.2812962532043457 -0.043208640068769455 0.01707128807902336 0.998920202255249 14.639128684997559
0.9992896914482117 0.004294385202229023 0.03743954375386238 0.17469432950019836 -0.0036106030456721783 0.9998258352279663 -0.018312159925699234 -0.28711554408073425 -0.037511661648750305 0.018163973465561867 0.9991310834884644 14.7617769241333
0.9995291829109192 0.004125732462853193 0.030404413118958473 0.17661705613136292 -0.003559150267392397 0.9998194575309753 -0.01866547390818596 -0.2952253520488739 -0.030475934967398643 0.018548473715782166 0.9993633031845093 14.881409645080566
0.99973064661026 0.004035607445985079 0.022858357056975365 0.17832596600055695 -0.003594338893890381 0.9998071193695068 -0.0193127803504467 -0.3010910153388977 -0.022931886836886406 0.01922542043030262 0.9995521306991577 15.005559921264648
0.9998822212219238 0.003981758840382099 0.014822720550000668 0.1697569042444229 -0.0036790682934224606 0.9997853636741638 -0.02039226144552231 -0.2985759973526001 -0.01490073837339878 0.020335327833890915 0.9996821284294128 15.138984680175781
0.9999819397926331 0.0030083213932812214 0.005203776527196169 0.15416911244392395 -0.0028947615064680576 0.9997604489326477 -0.021694153547286987 -0.3011493980884552 -0.00526779517531395 0.02167869731783867 0.999751091003418 15.272867202758789
0.9999668598175049 0.0016799400327727199 -0.007963994517922401 0.14919805526733398 -0.0018652182770892978 0.999726414680481 -0.02331443876028061 -0.30475637316703796 0.007922646589577198 0.023328522220253944 0.9996963739395142 15.421943664550781
0.9997104406356812 0.0007279465207830071 -0.024051306769251823 0.12731093168258667 -0.001335454755462706 0.99968022108078 -0.025252463296055794 -0.30803269147872925 0.02402522973716259 0.02527727372944355 0.9993916749954224 15.57519817352295
0.9990612268447876 0.0011259688762947917 -0.04330494999885559 0.09965971112251282 -0.002266939729452133 0.9996512532234192 -0.026307277381420135 -0.3097502887248993 0.043260231614112854 0.0263807512819767 0.9987154603004456 15.753047943115234
0.9978863000869751 0.0024242450017482042 -0.0649406760931015 0.06201471760869026 -0.004112950060516596 0.9996564388275146 -0.025882745161652565 -0.31524133682250977 0.06485562026500702 0.026095129549503326 0.9975533485412598 15.927299499511719
0.9960511922836304 0.0023489741142839193 -0.08874925971031189 0.02779361605644226 -0.004527827724814415 0.9996930360794067 -0.024357331916689873 -0.32308998703956604 0.08866479992866516 0.024662993848323822 0.9957560896873474 16.13326072692871
0.9933373332023621 0.0035759087186306715 -0.11518675088882446 -0.02497817762196064 -0.00626531895250082 0.9997159838676453 -0.02299467660486698 -0.3283364176750183 0.11507179588079453 0.02356315776705742 0.9930776953697205 16.339181900024414
0.989374577999115 0.004552104044705629 -0.14531731605529785 -0.09022671729326248 -0.00760373380035162 0.9997619986534119 -0.020451251417398453 -0.3401729166507721 0.14518962800502777 0.02133890427649021 0.9891737699508667 16.563400268554688
0.9839534759521484 0.004700117744505405 -0.17836299538612366 -0.1683582067489624 -0.007893690839409828 0.9998210072517395 -0.01719946600496769 -0.34140175580978394 0.17825020849704742 0.01833142340183258 0.9838144183158875 16.816650390625
0.976571798324585 0.005810866132378578 -0.21511347591876984 -0.2532936930656433 -0.008836754597723484 0.9998750686645508 -0.01310743112117052 -0.3502987027168274 0.21501041948795319 0.014701250940561295 0.9765011668205261 17.059110641479492
0.9669367074966431 0.007511166390031576 -0.25490590929985046 -0.35445189476013184 -0.009741324931383133 0.9999244809150696 -0.0074876416474580765 -0.3611868619918823 0.2548304498195648 0.009723197668790817 0.9669368863105774 17.31477928161621
0.955146312713623 0.011008418165147305 -0.2959294617176056 -0.48968642950057983 -0.012420169077813625 0.9999186992645264 -0.0028910760302096605 -0.35839229822158813 0.29587361216545105 0.006436894182115793 0.9552053809165955 17.59576416015625
0.9409690499305725 0.014458299614489079 -0.33818361163139343 -0.6285660266876221 -0.014912299811840057 0.9998881220817566 0.0012557313311845064 -0.35907113552093506 0.33816391229629517 0.0038614908698946238 0.9410792589187622 17.870519638061523
0.9242308139801025 0.01691379025578499 -0.3814595639705658 -0.7725076079368591 -0.01540958508849144 0.9998568296432495 0.00699774082750082 -0.3622724711894989 0.38152334094047546 -0.0005893940106034279 0.9243590235710144 18.13869285583496
0.9048566222190857 0.020464235916733742 -0.42522433400154114 -0.9362311959266663 -0.015585632063448429 0.9997667670249939 0.014949053525924683 -0.3701220452785492 0.42543110251426697 -0.00689935777336359 0.9049645066261292 18.41864585876465
0.8831889629364014 0.02466071955859661 -0.4683685898780823 -1.1163713932037354 -0.016609501093626022 0.999634861946106 0.021313101053237915 -0.36837688088417053 0.4687231481075287 -0.011044122278690338 0.8832760453224182 18.677934646606445
0.8583929538726807 0.029992232099175453 -0.5121151208877563 -1.3267545700073242 -0.01936037465929985 0.9994722604751587 0.026083191856741905 -0.37113282084465027 0.5126270651817322 -0.012474891729652882 0.8585206866264343 18.95675277709961
0.8303406238555908 0.03304528817534447 -0.5562755465507507 -1.5510488748550415 -0.02008070796728134 0.9993662238121033 0.02939283661544323 -0.3673466742038727 0.5568942427635193 -0.013235659338533878 0.8304778933525085 19.229690551757812
0.7995072603225708 0.0369909293949604 -0.5995162129402161 -1.7992781400680542 -0.022678010165691376 0.9992491602897644 0.03141186386346817 -0.36608678102493286 0.6002280712127686 -0.011518181301653385 0.7997459173202515 19.48916244506836
0.7653255462646484 0.040142908692359924 -0.6423903703689575 -2.070068836212158 -0.023340286687016487 0.9991276264190674 0.03462843596935272 -0.3604843020439148 0.643220067024231 -0.011508450843393803 0.7655947804450989 19.766653060913086
0.7288095951080322 0.04361899942159653 -0.6833255887031555 -2.3870022296905518 -0.024225989356637 0.9989867806434631 0.037930190563201904 -0.342235267162323 0.6842876076698303 -0.011089646257460117 0.729127824306488 20.04301643371582
0.6896751523017883 0.04433779790997505 -0.7227603197097778 -2.715684413909912 -0.021656464785337448 0.998940110206604 0.04061496630311012 -0.3235819637775421 0.7237950563430786 -0.012358696199953556 0.6899042725563049 20.30986213684082
0.6484478116035461 0.04419485852122307 -0.7599751353263855 -3.065202236175537 -0.019242899492383003 0.998945951461792 0.041672758758068085 -0.30766400694847107 0.7610158920288086 -0.012398481369018555 0.6486146450042725 20.570566177368164
0.6061551570892334 0.04313792288303375 -0.7941756248474121 -3.4446914196014404 -0.014039834961295128 0.9989528059959412 0.043545059859752655 -0.2946862280368805 0.7952224612236023 -0.015244965441524982 0.6061260104179382 20.815460205078125
0.5611512660980225 0.04332970455288887 -0.8265783786773682 -3.8482673168182373 -0.008723998442292213 0.9988829493522644 0.04643942788243294 -0.2846846878528595 0.8276672959327698 -0.018848473206162453 0.56090247631073 21.062009811401367
0.5139824748039246 0.044521696865558624 -0.8566445112228394 -4.28249454498291 -0.006615813355892897 0.9988281726837158 0.047941841185092926 -0.26179301738739014 0.8577751517295837 -0.01897386647760868 0.513674795627594 21.288616180419922
0.4647971987724304 0.04383797571063042 -0.8843312859535217 -4.749172210693359 -0.0059608276933431625 0.9989057779312134 0.04638468846678734 -0.2327418476343155 0.8853970766067505 -0.01628812961280346 0.4645499885082245 21.48201560974121
0.41224050521850586 0.04288524016737938 -0.910065233707428 -5.2364654541015625 -1.654307561693713e-05 0.9988918900489807 0.04706355184316635 -0.21573567390441895 0.9110750555992126 -0.019386447966098785 0.4117843210697174 21.674957275390625
0.35802602767944336 0.04238148033618927 -0.9327492713928223 -5.714733600616455 0.005240168888121843 0.9988623857498169 0.04739685729146004 -0.20126964151859283 0.9336969256401062 -0.021857071667909622 0.35739660263061523 21.834909439086914
0.3032112419605255 0.04139434173703194 -0.9520239233970642 -6.240533828735352 0.008147679269313812 0.9989069700241089 0.04602779075503349 -0.17772839963436127 0.952888548374176 -0.021712925285100937 0.3025425374507904 21.9766902923584
0.250626802444458 0.0470353402197361 -0.9669405221939087 -6.810728073120117 0.00909716822206974 0.9986604452133179 0.050936259329319 -0.1459953486919403 0.9680410623550415 -0.02156240865588188 0.24986320734024048 22.078758239746094
0.19949916005134583 0.05241340398788452 -0.9784952998161316 -7.400390625 0.011355921626091003 0.9983776807785034 0.055793702602386475 -0.12064910680055618 0.9798322319984436 -0.022242508828639984 0.19858036935329437 22.16779899597168
0.15128496289253235 0.05353367701172829 -0.9870395064353943 -8.007966041564941 0.018304605036973953 0.9982094168663025 0.0569450780749321 -0.09435615688562393 0.9883206486701965 -0.026682302355766296 0.15003418922424316 22.246896743774414
0.10691531002521515 0.05506778880953789 -0.9927420020103455 -8.625503540039062 0.021040186285972595 0.998116135597229 0.05763186514377594 -0.0739976167678833 0.9940454959869385 -0.02704920433461666 0.10555528104305267 22.289304733276367
0.06703004986047745 0.053324922919273376 -0.996324896812439 -9.260454177856445 0.020666426047682762 0.998282253742218 0.054820071905851364 -0.04440563917160034 0.9975368976593018 -0.024265063926577568 0.06581287086009979 22.29538345336914
0.03120756894350052 0.04885080084204674 -0.9983184337615967 -9.901664733886719 0.01860138773918152 0.9986035227775574 0.0494462251663208 -0.00910884141921997 0.9993398189544678 -0.020113205537199974 0.030255291610956192 22.29523277282715
0.002947110217064619 0.048512052744627 -0.9988182783126831 -10.575981140136719 0.016096768900752068 0.9986909031867981 0.04855335131287575 0.029202014207839966 0.9998660683631897 -0.01622083969414234 0.002162361517548561 22.268211364746094
-0.01843651756644249 0.05287637561559677 -0.9984308481216431 -11.272603034973145 0.014952778816223145 0.9985035061836243 0.05260412022471428 0.058305930346250534 0.999718189239502 -0.013959478586912155 -0.01919957436621189 22.24361801147461
-0.03124331869184971 0.05898331105709076 -0.9977699518203735 -11.997743606567383 0.016474077478051186 0.9981520175933838 0.05849004536867142 0.09203703701496124 0.9993759989738464 -0.01460991706699133 -0.032157279551029205 22.208953857421875
-0.039471130818128586 0.06160430982708931 -0.9973198771476746 -12.73960018157959 0.01630217209458351 0.9980045557022095 0.061001405119895935 0.1249414011836052 0.9990876317024231 -0.013850687071681023 -0.04039665311574936 22.175949096679688
-0.042865969240665436 0.05878453329205513 -0.9973499774932861 -13.497247695922852 0.017230072990059853 0.9981626272201538 0.05809188261628151 0.1602262705564499 0.9989322423934937 -0.01469424832612276 -0.04380007088184357 22.133800506591797
-0.04240459203720093 0.05486302077770233 -0.9975929856300354 -14.280183792114258 0.024736743420362473 0.9982427358627319 0.053847264498472214 0.19826523959636688 0.9987942576408386 -0.022393831983208656 -0.043687209486961365 22.108295440673828
-0.03801816701889038 0.05318070948123932 -0.9978609085083008 -15.086942672729492 0.036641329526901245 0.9979854822158813 0.05179132521152496 0.24397233128547668 0.9986050128936768 -0.03459394350647926 -0.03989019617438316 22.090478897094727
-0.03256285563111305 0.05339904502034187 -0.9980421662330627 -15.920306205749512 0.03712370619177818 0.9979472756385803 0.05218275263905525 0.28119269013404846 0.9987800121307373 -0.035351790487766266 -0.03447837755084038 22.069429397583008
-0.02766251377761364 0.05213899537920952 -0.9982566237449646 -16.761384963989258 0.03494281694293022 0.9980788826942444 0.05116141960024834 0.3111552894115448 0.999006450176239 -0.0334666445851326 -0.02943124994635582 22.04119873046875
-0.02437249943614006 0.04566911980509758 -0.9986591935157776 -17.639751434326172 0.03890416398644447 0.9982426166534424 0.04470060393214226 0.35127052664756775 0.9989456534385681 -0.037762537598609924 -0.02610638737678528 22.02741241455078
-0.0223196092993021 0.03498787060379982 -0.9991384744644165 -18.511409759521484 0.03678105026483536 0.9987396597862244 0.034152258187532425 0.3829006552696228 0.9990740418434143 -0.035987090319395065 -0.023578369989991188 22.005210876464844
-0.021381855010986328 0.026467278599739075 -0.9994210004806519 -19.407459259033203 0.02872462384402752 0.9992531538009644 0.025848284363746643 0.411056786775589 0.9993586540222168 -0.028155308216810226 -0.02212614379823208 21.96258544921875
-0.02284710295498371 0.02382802590727806 -0.9994549751281738 -20.336591720581055 0.023523589596152306 0.9994519352912903 0.02329021506011486 0.43020105361938477 0.9994621872901917 -0.022978654131293297 -0.023395102471113205 21.933713912963867
-0.0266946479678154 0.02986791729927063 -0.9991974234580994 -21.281959533691406 0.014177506789565086 0.9994643330574036 0.02949713170528412 0.4515409469604492 0.9995431303977966 -0.013378710485994816 -0.02710380218923092 21.889759063720703
-0.03121849149465561 0.03794996067881584 -0.9987918734550476 -22.2275447845459 0.009232163429260254 0.9992472529411316 0.03767870366573334 0.4761419892311096 0.9994699954986572 -0.008044738322496414 -0.031545352190732956 21.83782958984375
-0.03596363961696625 0.04764072224497795 -0.9982168674468994 -23.259349822998047 0.007775487843900919 0.998846173286438 0.047390613704919815 0.5083160996437073 0.9993228316307068 -0.0060572843067348 -0.036292579025030136 21.797285079956055
-0.037501901388168335 0.05735890939831734 -0.9976490139961243 -24.272748947143555 0.006335333455353975 0.998344898223877 0.057160768657922745 0.5557449460029602 0.9992765188217163 -0.004176800604909658 -0.03780321776866913 21.751218795776367
-0.0384102389216423 0.06540995836257935 -0.9971189498901367 -25.305620193481445 0.008420046418905258 0.9978411197662354 0.06513296812772751 0.6002318263053894 0.9992265701293945 -0.005894014611840248 -0.038878072053194046 21.708820343017578
-0.03999844193458557 0.06606191396713257 -0.997013509273529 -26.312936782836914 0.009511565789580345 0.9977919459342957 0.06573189795017242 0.6525763273239136 0.9991544485092163 -0.006853985134512186 -0.040538471192121506 21.66702651977539
-0.04157864302396774 0.06328555941581726 -0.997128963470459 -27.333003997802734 0.008090202696621418 0.997980535030365 0.06300227344036102 0.7047012448310852 0.9991024732589722 -0.005447427276521921 -0.04200667142868042 21.61568260192871
-0.04468443617224693 0.05849631503224373 -0.9972870945930481 -28.356307983398438 0.008115656673908234 0.9982724785804749 0.0581904873251915 0.749116837978363 0.9989681839942932 -0.005493429489433765 -0.045081980526447296 21.567119598388672
-0.04905341938138008 0.05346318706870079 -0.9973642230033875 -29.38268280029297 0.008435024879872799 0.9985529184341431 0.053112052381038666 0.7961610555648804 0.9987605214118958 -0.0058074635453522205 -0.049433398991823196 21.50835418701172
-0.05460444465279579 0.048594601452350616 -0.9973248243331909 -30.410554885864258 0.00817027036100626 0.9988033175468445 0.04821930453181267 0.8397372364997864 0.9984745979309082 -0.005515426397323608 -0.054936137050390244 21.4459285736084
-0.06118389591574669 0.0465836338698864 -0.9970388412475586 -31.435731887817383 0.007201910950243473 0.9989049434661865 0.04622887447476387 0.8817391395568848 0.9981004595756531 -0.004352122079581022 -0.061452388763427734 21.36465835571289
-0.06819172203540802 0.04941940680146217 -0.9964474439620972 -32.5090217590332 0.008011950179934502 0.9987672567367554 0.04898616299033165 0.914882481098175 0.9976400136947632 -0.004643035586923361 -0.06850361824035645 21.296815872192383
-0.07441900670528412 0.05420345440506935 -0.9957528710365295 -33.57813262939453 0.006559890694916248 0.9985266327857971 0.053864188492298126 0.957588255405426 0.9972054958343506 -0.0025235104840248823 -0.07466495037078857 21.207365036010742
-0.08058576285839081 0.05730080232024193 -0.9950992465019226 -34.648616790771484 0.00407584011554718 0.998356819152832 0.057158298790454865 1.0006016492843628 0.9967392683029175 0.0005502796266227961 -0.08068688213825226 21.113800048828125
-0.0852900967001915 0.05930327996611595 -0.9945897459983826 -35.720008850097656 0.0008431540918536484 0.9982309937477112 0.05944808945059776 1.0524957180023193 0.9963557720184326 0.0042317402549088 -0.08518920838832855 21.01336097717285
-0.08774702996015549 0.060893263667821884 -0.9942798614501953 -36.7976188659668 -0.0035656325053423643 0.9981043338775635 0.06144214794039726 1.0962907075881958 0.9961363673210144 0.00893660169094801 -0.08736355602741241 20.89983558654785
-0.08977353572845459 0.0617670901119709 -0.9940451383590698 -37.860992431640625 -0.007907353341579437 0.997999370098114 0.0627269372344017 1.1552602052688599 0.9959307909011841 0.013491484336555004 -0.0891055315732956 20.804475784301758
-0.09085898846387863 0.06116035208106041 -0.9939839243888855 -38.941139221191406 -0.008860722184181213 0.9980231523513794 0.06221884489059448 1.2106276750564575 0.9958243370056152 0.014460556209087372 -0.09013746678829193 20.68818473815918
-0.09209498763084412 0.060504887253046036 -0.9939102530479431 -40.02384567260742 -0.009961242787539959 0.9980462789535522 0.0616796649992466 1.2573639154434204 0.9957004189491272 0.015580970793962479 -0.09131237119436264 20.57692527770996
-0.09324617683887482 0.059705279767513275 -0.9938513040542603 -41.10411834716797 -0.010727121494710445 0.998082160949707 0.06096590310335159 1.3110932111740112 0.9955853223800659 0.016346001997590065 -0.09242688864469528 20.468843460083008
-0.09390760958194733 0.05877140909433365 -0.9938446283340454 -42.190433502197266 -0.013039055280387402 0.9980977773666382 0.06025496870279312 1.365798830986023 0.9954955577850342 0.01861719600856304 -0.09296267479658127 20.34931182861328
-0.09483116865158081 0.05635251849889755 -0.9938970804214478 -43.275001525878906 -0.017733516171574593 0.9981424808502197 0.05828524008393288 1.410265326499939 0.9953353404998779 0.0231525506824255 -0.09365569800138474 20.238948822021484
-0.09512095153331757 0.051551345735788345 -0.99413001537323 -44.36399841308594 -0.02235700935125351 0.9982957243919373 0.05390653386712074 1.4557468891143799 0.995214581489563 0.02735341712832451 -0.09380631148815155 20.125272750854492
-0.09415852278470993 0.05093253403902054 -0.9942535161972046 -45.4607048034668 -0.024219881743192673 0.9982777237892151 0.053432364016771317 1.5014433860778809 0.9952625632286072 0.029111819341778755 -0.0927627757191658 20.010238647460938
-0.09261627495288849 0.05502251163125038 -0.99418044090271 -46.57042694091797 -0.024971280246973038 0.9980295896530151 0.05756182596087456 1.5484699010849 0.9953886866569519 0.030157122761011124 -0.09105980396270752 19.905986785888672
-0.09057723730802536 0.05826462060213089 -0.9941835999488831 -47.67073059082031 -0.024815404787659645 0.9978451132774353 0.06074006110429764 1.5920262336730957 0.99558025598526 0.03017273359000683 -0.08893618732690811 19.79998779296875
-0.0889860987663269 0.05790248140692711 -0.994348406791687 -48.7845458984375 -0.023440806195139885 0.9979106187820435 0.06020767614245415 1.6489075422286987 0.995756983757019 0.028665971010923386 -0.08744288980960846 19.691160202026367
-0.08658778667449951 0.05709759518504143 -0.9946066737174988 -49.8935546875 -0.02323930151760578 0.997968852519989 0.059313759207725525 1.6997549533843994 0.9959731101989746 0.02824981138110161 -0.08508501201868057 19.591876983642578
-0.08264072239398956 0.057241786271333694 -0.99493408203125 -51.02346420288086 -0.027604708448052406 0.9978345036506653 0.05970154330134392 1.7591334581375122 0.996196985244751 0.03239864483475685 -0.08088162541389465 19.49306297302246
-0.07683832943439484 0.05809793993830681 -0.9953494668006897 -52.14749526977539 -0.03259589895606041 0.9976207613945007 0.06074684485793114 1.8116939067840576 0.9965106248855591 0.03711199760437012 -0.0747617781162262 19.389875411987305
-0.07065898925065994 0.05779192969202995 -0.995824933052063 -53.267635345458984 -0.036710694432258606 0.9974932670593262 0.06049356982111931 1.8645647764205933 0.9968247413635254 0.04083184152841568 -0.06836029142141342 19.291723251342773
-0.06511975824832916 0.056908488273620605 -0.9962534308433533 -54.428524017333984 -0.03800252452492714 0.9975067973136902 0.059464097023010254 1.9207227230072021 0.9971535801887512 0.041732437908649445 -0.06279473006725311 19.214235305786133
-0.059623878449201584 0.056108299642801285 -0.9966428875923157 -55.56711196899414 -0.03750002756714821 0.9975883960723877 0.05840495973825455 1.9758942127227783 0.9975163340568542 0.04085645079612732 -0.05737603083252907 19.14747428894043
-0.05383743718266487 0.05551247298717499 -0.9970054626464844 -56.71012878417969 -0.036415573209524155 0.9976801872253418 0.05751645192503929 2.0306613445281982 0.9978854656219482 0.03940306231379509 -0.051691025495529175 19.07166290283203
-0.048409417271614075 0.05617523565888405 -0.9972466826438904 -57.85106658935547 -0.03517221286892891 0.9977021813392639 0.057908255606889725 2.0810463428497314 0.9982081651687622 0.03787866607308388 -0.046322375535964966 19.01479721069336
-0.04228466376662254 0.05788545683026314 -0.9974272847175598 -59.002906799316406 -0.034224383533000946 0.9976503252983093 0.05934929847717285 2.130833387374878 0.998519241809845 0.03664589300751686 -0.04020421579480171 18.95523452758789
-0.03675170615315437 0.05916779488325119 -0.9975712895393372 -60.162330627441406 -0.03487130254507065 0.9975617527961731 0.0604519285261631 2.1866226196289062 0.9987158179283142 0.03700832650065422 -0.034598831087350845 18.907825469970703
-0.0317663699388504 0.05819720774888992 -0.9977995753288269 -61.31011962890625 -0.034418173134326935 0.9976475834846497 0.05928409472107887 2.2395167350769043 0.9989025592803955 0.03622568026185036 -0.029688598588109016 18.875164031982422
-0.026431536301970482 0.05384739115834236 -0.9981993436813354 -62.45841598510742 -0.034717753529548645 0.9978963136672974 0.05475035309791565 2.289185047149658 0.999047577381134 0.03610236942768097 -0.0245064664632082 18.830074310302734
-0.021998563781380653 0.04840949550271034 -0.9985852837562561 -63.61874771118164 -0.03512990102171898 0.9981727004051208 0.049163397401571274 2.3324317932128906 0.9991406202316284 0.03616172447800636 -0.020257754251360893 18.79901123046875
-0.018372882157564163 0.048012372106313705 -0.9986777305603027 -64.7793960571289 -0.034893013536930084 0.998207151889801 0.04863167554140091 2.3743093013763428 0.9992222189903259 0.03574037924408913 -0.016664644703269005 18.775928497314453
-0.01444487925618887 0.05027419328689575 -0.998630940914154 -65.94122314453125 -0.033971358090639114 0.9981338977813721 0.050740551203489304 2.415177583694458 0.9993184208869934 0.0346577912569046 -0.012710043229162693 18.739957809448242
-0.01307629980146885 0.0504632405936718 -0.998640239238739 -67.13984680175781 -0.033872831612825394 0.9981301426887512 0.05088098719716072 2.447403907775879 0.9993405342102051 0.034492116421461105 -0.011342516168951988 18.732257843017578
-0.011964613571763039 0.05007676035165787 -0.998673677444458 -68.31253814697266 -0.03571464866399765 0.9980865120887756 0.05047520250082016 2.4969284534454346 0.999290406703949 0.03627120330929756 -0.01015324518084526 18.709117889404297
-0.010662703774869442 0.05116024240851402 -0.9986334443092346 -69.47069549560547 -0.03703584894537926 0.9979848265647888 0.051522448658943176 2.5374772548675537 0.9992570281028748 0.03753461316227913 -0.008746453560888767 18.6889705657959
-0.010204886086285114 0.05106130242347717 -0.9986435174942017 -70.65818786621094 -0.03742421790957451 0.9979761242866516 0.05140962079167366 2.575411319732666 0.9992473125457764 0.03789807856082916 -0.008273306302726269 18.67549705505371
-0.009356320835649967 0.048760078847408295 -0.9987667798995972 -71.82913970947266 -0.037935707718133926 0.9980740547180176 0.04908163845539093 2.6215999126434326 0.9992364048957825 0.03834814205765724 -0.007488555274903774 18.662357330322266
-0.00817511510103941 0.047246575355529785 -0.9988498687744141 -73.01496124267578 -0.03631557524204254 0.9982101917266846 0.04751355201005936 2.6670870780944824 0.9993069767951965 0.03666223585605621 -0.006444698199629784 18.643068313598633
-0.008098345249891281 0.04734741523861885 -0.998845636844635 -74.20500946044922 -0.03290274366736412 0.9983249306678772 0.0475894995033741 2.6987507343292236 0.9994257688522339 0.03325016051530838 -0.006526920013129711 18.634960174560547
-0.007711048237979412 0.04778817668557167 -0.9988276362419128 -75.3917236328125 -0.030895821750164032 0.9983691573143005 0.04800476133823395 2.7434768676757812 0.999492883682251 0.0312297735363245 -0.006222018040716648 18.622089385986328
-0.007636195980012417 0.05096057429909706 -0.9986714124679565 -76.58362579345703 -0.030272020027041435 0.998231053352356 0.05116957426071167 2.7778327465057373 0.9995125532150269 0.030622540041804314 -0.006080008111894131 18.611799240112305
-0.00666101835668087 0.054572660475969315 -0.9984875917434692 -77.76655578613281 -0.032694246619939804 0.9979639649391174 0.05476215481758118 2.820981740951538 0.9994431734085083 0.033009570091962814 -0.004863244481384754 18.588159561157227
-0.00641191890463233 0.05473501607775688 -0.9984803795814514 -78.9542236328125 -0.03515903651714325 0.9978712201118469 0.05492740124464035 2.8635430335998535 0.9993611574172974 0.0354578010737896 -0.004473838955163956 18.57158088684082
-0.006183560471981764 0.05249418318271637 -0.9986020922660828 -80.15387725830078 -0.03631557151675224 0.9979506731033325 0.052684806287288666 2.9055583477020264 0.9993212223052979 0.03659059479832649 -0.0042645311914384365 18.559860229492188
-0.005567653104662895 0.04984792694449425 -0.9987413287162781 -81.33670043945312 -0.03610183298587799 0.998095691204071 0.05001695454120636 2.953873634338379 0.99933260679245 0.036334868520498276 -0.0037574484013020992 18.545154571533203
-0.005576888099312782 0.04934177175164223 -0.9987663626670837 -82.525146484375 -0.03352589160203934 0.9982112050056458 0.04950155317783356 2.993638038635254 0.9994223117828369 0.033760592341423035 -0.003912685438990593 18.53116798400879
-0.005718919914215803 0.050567179918289185 -0.9987042546272278 -83.69960021972656 -0.03212627395987511 0.9981958270072937 0.05072539672255516 3.0371992588043213 0.9994674921035767 0.03237474337220192 -0.004084066953510046 18.52708625793457
-0.005136115942150354 0.053476396948099136 -0.9985558390617371 -84.8739013671875 -0.031079763546586037 0.9980780482292175 0.0536106713116169 3.0760297775268555 0.9995037317276001 0.031310226768255234 -0.0034642117097973824 18.516904830932617
-0.004552673082798719 0.05592732131481171 -0.9984244108200073 -86.0499496459961 -0.031547993421554565 0.9979296922683716 0.05604347214102745 3.11918044090271 0.9994918704032898 0.031753432005643845 -0.0027788537554442883 18.509082794189453
-0.004596312530338764 0.055933814495801926 -0.9984238743782043 -87.22303009033203 -0.03300460800528526 0.9978820085525513 0.05605539306998253 3.1618738174438477 0.9994446635246277 0.033210236579179764 -0.0027405046857893467 18.495708465576172
-0.004142831079661846 0.05386894941329956 -0.9985394477844238 -88.39390563964844 -0.03281708434224129 0.9980027675628662 0.0539761520922184 3.206366777420044 0.9994527697563171 0.03299277275800705 -0.0023667351342737675 18.48138427734375
-0.00405453285202384 0.052228134125471115 -0.9986270070075989 -89.56404113769531 -0.031295936554670334 0.9981393814086914 0.052329692989587784 3.253355026245117 0.9995018839836121 0.03146514296531677 -0.002412460744380951 18.476993560791016
-0.004265766125172377 0.05357754975557327 -0.9985546469688416 -90.73371887207031 -0.029202474281191826 0.9981311559677124 0.053679581731557846 3.2908530235290527 0.9995643496513367 0.029389256611466408 -0.0026931967586278915 18.474287033081055
-0.0034751854836940765 0.05648421868681908 -0.9983974099159241 -91.90396118164062 -0.027479393407702446 0.9980210065841675 0.05655857175588608 3.3388116359710693 0.9996163249015808 0.027631910517811775 -0.001916155917569995 18.460847854614258
-0.003981773741543293 0.05864645913243294 -0.9982708692550659 -93.07428741455078 -0.02602868340909481 0.9979344606399536 0.05873052030801773 3.3864495754241943 0.9996532201766968 0.02621753141283989 -0.0024470589123666286 18.460241317749023
-0.0033045774325728416 0.060425516217947006 -0.9981672763824463 -94.24424743652344 -0.027121543884277344 0.9978001117706299 0.06049307808279991 3.43975567817688 0.999626636505127 0.02727174200117588 -0.001658474444411695 18.447418212890625
-0.0025960218627005816 0.0626206174492836 -0.9980340003967285 -95.38101959228516 -0.02957228757441044 0.9975960850715637 0.06267007440328598 3.4823696613311768 0.999559223651886 0.02967683970928192 -0.0007379460730589926 18.434688568115234
-0.0020966839510947466 0.06173890829086304 -0.9980901479721069 -96.5429916381836 -0.03158096224069595 0.9975903630256653 0.06177434325218201 3.5348329544067383 0.9994989633560181 0.03165016695857048 -0.0001418580795871094 18.419069290161133
-0.0027724523097276688 0.057859282940626144 -0.9983209371566772 -97.69380187988281 -0.03383723273873329 0.9977476000785828 0.057920027524232864 3.5797903537750244 0.9994235038757324 0.03394099324941635 -0.0008084097062237561 18.411516189575195
-0.0017985866870731115 0.056333549320697784 -0.9984103441238403 -98.86100006103516 -0.03530855104327202 0.9977858662605286 0.05636192485690117 3.6288704872131348 0.9993748068809509 0.03535379841923714 0.00019445194629952312 18.39951515197754
-0.0016057241009548306 0.0544118657708168 -0.9985172748565674 -100.02687072753906 -0.03505481779575348 0.9979017376899719 0.054434701800346375 3.680016279220581 0.9993841052055359 0.03509025275707245 0.0003050431841984391 18.39269256591797
-0.001051677973009646 0.05492857098579407 -0.9984897971153259 -101.1920166015625 -0.03400595858693123 0.9979107975959778 0.054932545870542526 3.724829912185669 0.9994211196899414 0.03401237726211548 0.0008184182224795222 18.387447357177734
-0.0016813977854326367 0.05699217692017555 -0.9983732104301453 -102.35417938232422 -0.03425917401909828 0.9977852702140808 0.05701630190014839 3.769892454147339 0.9994115829467773 0.03429930657148361 0.00027483070152811706 18.386917114257812
