1.0 0.0 0.0 0.0 0.0 1.0 0.0 0.0 0.0 0.0 1.0 0.0
0.9999335408210754 -0.002512347185984254 0.011253263801336288 0.015576369129121304 0.0025012772530317307 0.9999963641166687 0.0009976711589843035 -0.0038441538345068693 -0.011255729012191296 -0.0009694573236629367 0.9999361634254456 0.29559701681137085
0.9998285174369812 -0.004559070337563753 0.017948035150766373 0.025964444503188133 0.0045382557436823845 0.9999889731407166 0.0012002760777249932 -0.00882777664810419 -0.017953310161828995 -0.0011186174815520644 0.9998381733894348 0.5827683210372925
0.9997772574424744 -0.0074315145611763 0.019752852618694305 0.038421664386987686 0.0074337683618068695 0.9999723434448242 -4.0667633584234864e-05 -0.0124998539686203 -0.019752005115151405 0.0001874967128969729 0.9998049139976501 0.8866912126541138
0.9998146891593933 -0.008654511533677578 0.01719435676932335 0.04962299019098282 0.00868696067482233 0.9999606013298035 -0.0018134491983801126 -0.009763994254171848 -0.017177985981106758 0.001962479902431369 0.9998505115509033 1.202258825302124
0.9998830556869507 -0.011504027992486954 0.010074486024677753 0.05647693946957588 0.011539076454937458 0.9999275207519531 -0.003427659859880805 -0.010458998382091522 -0.01003432460129261 0.003543509403243661 0.9999433755874634 1.520042061805725
0.9999120235443115 -0.013125505298376083 -0.001919949776493013 0.055434633046388626 0.0131143219769001 0.9998975992202759 -0.005725938826799393 -0.007810041308403015 0.0019949092529714108 0.005700256209820509 0.9999817609786987 1.8600687980651855
0.9997511506080627 -0.012351221404969692 -0.018572047352790833 0.03679889813065529 0.0122422119602561 0.9999072551727295 -0.005971777252852917 -0.0130382115021348 0.018644077703356743 0.005742928478866816 0.9998096823692322 2.1951472759246826
0.9992298483848572 -0.007793772965669632 -0.03845775127410889 0.009608708322048187 0.007582911290228367 0.999955415725708 -0.005625783000141382 -0.022661473602056503 0.03849988430738449 0.005329827778041363 0.9992443919181824 2.5352895259857178
0.9983059763908386 -0.0043343729339540005 -0.05802111327648163 -0.03725162893533707 0.0039169820956885815 0.9999656081199646 -0.007305557373911142 -0.02074083872139454 0.05805078521370888 0.0070659141056239605 0.998288631439209 2.888396739959717
0.9969074130058289 -0.004176782909780741 -0.07847383618354797 -0.06808941811323166 0.0035990469623357058 0.9999653697013855 -0.007502145133912563 -0.03020433709025383 0.07850246876478195 0.007196513470262289 0.9968879222869873 3.255539894104004
0.9949960112571716 -0.0056630405597388744 -0.0997537225484848 -0.1156015396118164 0.00498990248888731 0.9999629855155945 -0.006996213458478451 -0.03138754889369011 0.09978966414928436 0.006463443394750357 0.9949875473976135 3.6338682174682617
0.9927737712860107 -0.007202984765172005 -0.119784876704216 -0.1720643937587738 0.006505369674414396 0.9999595880508423 -0.006213917396962643 -0.03763442486524582 0.11982479691505432 0.0053897700272500515 0.9927803874015808 4.02192497253418
0.9905098676681519 -0.006174340844154358 -0.13730230927467346 -0.24464495480060577 0.005461768247187138 0.9999696016311646 -0.005565951578319073 -0.0431501567363739 0.137332484126091 0.004763217177242041 0.9905135035514832 4.415956974029541
0.9881848096847534 -0.004823994357138872 -0.15319114923477173 -0.3192841708660126 0.004107963759452105 0.9999790787696838 -0.00499027781188488 -0.048498209565877914 0.1532120257616043 0.004302013665437698 0.9881839752197266 4.824518203735352
0.9859566688537598 -0.00434240372851491 -0.16694512963294983 -0.4013868570327759 0.0035356662701815367 0.9999806880950928 -0.005129268392920494 -0.05716497451066971 0.16696414351463318 0.004466974176466465 0.9859528541564941 5.245357036590576
0.9838171005249023 -0.0058294860646128654 -0.1790807694196701 -0.4906582236289978 0.004810337442904711 0.9999696612358093 -0.00612470880150795 -0.06283796578645706 0.1791110336780548 0.005164154805243015 0.9838153123855591 5.671467304229736
0.9820597171783447 -0.009867501445114613 -0.1883125752210617 -0.5790894627571106 0.008496779948472977 0.9999311566352844 -0.008084859699010849 -0.07337310910224915 0.1883794218301773 0.006339764688163996 0.9820758104324341 6.117255210876465
0.9804825186729431 -0.009012521244585514 -0.19640012085437775 -0.6749386191368103 0.007201738655567169 0.9999247789382935 -0.009932098910212517 -0.08104031533002853 0.1964748650789261 0.008323825895786285 0.980473518371582 6.580965995788574
0.9789129495620728 -0.008565772324800491 -0.20409825444221497 -0.7793691754341125 0.0063097006641328335 0.9999116063117981 -0.011702049523591995 -0.08710865676403046 0.20418046414852142 0.01016748882830143 0.9788804650306702 7.049846172332764
0.9772401452064514 -0.009630559012293816 -0.21191777288913727 -0.8923946022987366 0.006725572980940342 0.9998732805252075 -0.01442465465515852 -0.09731251001358032 0.2120298594236374 0.012671081349253654 0.977181077003479 7.530947685241699
0.975544810295105 -0.013095236383378506 -0.2194102257490158 -1.0099972486495972 0.009757043793797493 0.9998196959495544 -0.01629113219678402 -0.10560121387243271 0.21958397328853607 0.01375193428248167 0.9754966497421265 8.015274047851562
0.9735261797904968 -0.019682932645082474 -0.22772647440433502 -1.116929054260254 0.016085097566246986 0.9997149109840393 -0.017644232138991356 -0.11697296798229218 0.22800885140895844 0.013514119200408459 0.9735652804374695 8.528190612792969
0.9714850187301636 -0.02016870118677616 -0.23624159395694733 -1.2497849464416504 0.015903735533356667 0.9996745586395264 -0.019945235922932625 -0.13273252546787262 0.23656697571277618 0.015619373880326748 0.971489667892456 9.044954299926758
0.969383955001831 -0.016508784145116806 -0.24499432742595673 -1.3986395597457886 0.010796032845973969 0.999638020992279 -0.024642638862133026 -0.1415797919034958 0.24531249701976776 0.02124321274459362 0.9692112803459167 9.583364486694336
0.9671943783760071 -0.013422156684100628 -0.25368255376815796 -1.5556594133377075 0.006652252748608589 0.999599039554596 -0.027525553479790688 -0.15999619662761688 0.2539502680301666 0.024935001507401466 0.9668958783149719 10.124288558959961
0.9648876786231995 -0.0160713791847229 -0.26217079162597656 -1.70907723903656 0.008635899983346462 0.9995278120040894 -0.029488850384950638 -0.17988957464694977 0.2625209391117096 0.026189347729086876 0.9645708203315735 10.673407554626465
0.9623944759368896 -0.018985994160175323 -0.2709914743900299 -1.8631079196929932 0.010848470963537693 0.9994450211524963 -0.031495265662670135 -0.20175792276859283 0.2714391052722931 0.02737101912498474 0.9620663523674011 11.25185489654541
0.9601338505744934 -0.0185441505163908 -0.2789250612258911 -2.0383474826812744 0.009449148550629616 0.9993800520896912 -0.0339166596531868 -0.22419986128807068 0.27938106656074524 0.02992892637848854 0.9597137570381165 11.830716133117676
0.9578006267547607 -0.017634693533182144 -0.2868918776512146 -2.2285819053649902 0.00711861765012145 0.9992653727531433 -0.037657126784324646 -0.2494029849767685 0.28734520077705383 0.03402573987841606 0.957222580909729 12.427163124084473
0.9554957151412964 -0.01820630393922329 -0.29444262385368347 -2.419013261795044 0.005889443680644035 0.9990721940994263 -0.042663902044296265 -0.28207927942276 0.29494616389274597 0.039031073451042175 0.9547163844108582 13.013606071472168
0.9536963701248169 -0.02009757235646248 -0.3000989258289337 -2.6136298179626465 0.005261026322841644 0.9987270832061768 -0.050165362656116486 -0.3181372284889221 0.3007251024246216 0.0462636835873127 0.9525880217552185 13.624909400939941
0.9522823691368103 -0.0208996944129467 -0.30450206995010376 -2.8184821605682373 0.003252900904044509 0.9982912540435791 -0.058345403522253036 -0.3538113832473755 0.30520114302635193 0.05457078292965889 0.9507230520248413 14.246603965759277
0.9509739875793457 -0.02091039903461933 -0.3085632026195526 -3.0296218395233154 0.00013600729289464653 0.9977399110794067 -0.06719467043876648 -0.393620103597641 0.30927085876464844 0.06385840475559235 0.9488275051116943 14.863008499145508
0.949723482131958 -0.02034090645611286 -0.3124288320541382 -3.2514636516571045 -0.0036092912778258324 0.9971097111701965 -0.07588909566402435 -0.443432480096817 0.31306955218315125 0.07320129871368408 0.9469048976898193 15.501077651977539
0.9485381245613098 -0.019902171567082405 -0.316037118434906 -3.48622465133667 -0.006668600253760815 0.9965462684631348 -0.08277147263288498 -0.49790722131729126 0.3165929913520813 0.08061940968036652 0.9451292753219604 16.147216796875
0.9467902779579163 -0.018056293949484825 -0.321344256401062 -3.715301752090454 -0.011309516616165638 0.9959420561790466 -0.08928357809782028 -0.5591973662376404 0.3216523826122284 0.08816707879304886 0.9427440166473389 16.79673957824707
0.9451448321342468 -0.0171697735786438 -0.326200008392334 -3.9483835697174072 -0.014761298894882202 0.9953525066375732 -0.0951610654592514 -0.6204358339309692 0.3263178765773773 0.09475613385438919 0.9404987692832947 17.457637786865234
0.9434775710105896 -0.015101136639714241 -0.3310922682285309 -4.203536033630371 -0.01945115439593792 0.9947168231010437 -0.10079691559076309 -0.6949486136436462 0.3308652341365814 0.10153975337743759 0.9381992220878601 18.140853881835938
0.9417831897735596 -0.012041567824780941 -0.3360050618648529 -4.461691379547119 -0.024202808737754822 0.9943378567695618 -0.10347218066453934 -0.773163378238678 0.335348516702652 0.105580635368824 0.9361592531204224 18.811782836914062
0.9400840997695923 -0.011133388616144657 -0.34076064825057983 -4.730660915374756 -0.02626766264438629 0.9941307902336121 -0.10494714230298996 -0.8509069085121155 0.33992907404899597 0.10761013627052307 0.9342741966247559 19.511266708374023
0.9378252625465393 -0.010811096988618374 -0.3469392955303192 -5.004908561706543 -0.027074437588453293 0.9941912889480591 -0.10416632890701294 -0.9320663809776306 0.3460501432418823 0.10708300769329071 0.9320850968360901 20.219039916992188
0.9354766011238098 -0.010734118521213531 -0.3532258868217468 -5.273368835449219 -0.027278168126940727 0.9943631291389465 -0.10246049612760544 -1.015345573425293 0.352334588766098 0.105484738945961 0.9299103617668152 20.91875648498535
0.9330675601959229 -0.011116018518805504 -0.3595295548439026 -5.563547611236572 -0.026815036311745644 0.9945915341377258 -0.10034263134002686 -1.0993777513504028 0.3587004244327545 0.10326723754405975 0.9277229309082031 21.63566017150879
0.9297634363174438 -0.009698376059532166 -0.3680295944213867 -5.85004997253418 -0.028292613103985786 0.9948144555091858 -0.09769194573163986 -1.1757301092147827 0.3670685887336731 0.10124292969703674 0.9246677756309509 22.34067153930664
0.9263998866081238 -0.007941502146422863 -0.3764572739601135 -6.158761501312256 -0.02879495732486248 0.9953557252883911 -0.09185707569122314 -1.254390835762024 0.375438392162323 0.09593646973371506 0.9218688011169434 23.080772399902344
0.9229856729507446 -0.003949320409446955 -0.38481405377388 -6.489674091339111 -0.03192824125289917 0.995714008808136 -0.08679956942796707 -1.3345623016357422 0.38350754976272583 0.09240119904279709 0.918903648853302 23.821496963500977
0.9193192720413208 -0.00033771555172279477 -0.3935123383998871 -6.820291519165039 -0.03510652109980583 0.9959418773651123 -0.08287020027637482 -1.409511685371399 0.3919433653354645 0.08999902755022049 0.9155765771865845 24.572132110595703
0.9155373573303223 0.0011722561903297901 -0.402231365442276 -7.169927597045898 -0.0369570218026638 0.9960110187530518 -0.08121680468320847 -1.4828460216522217 0.40053167939186096 0.08922230452299118 0.9119285941123962 25.323196411132812
0.9115905165672302 0.0008659152663312852 -0.4110983908176422 -7.512407302856445 -0.03716091811656952 0.9960774183273315 -0.08030442893505096 -1.5551352500915527 0.4094162583351135 0.08848155289888382 0.9080469608306885 26.052339553833008
0.9077608585357666 0.0012249982682988048 -0.4194861948490143 -7.88174295425415 -0.03794649615883827 0.9961356520652771 -0.07920660823583603 -1.6249886751174927 0.41776812076568604 0.0878187045454979 0.9042994976043701 26.82647132873535
0.9037705063819885 0.0017630374059081078 -0.42801377177238464 -8.270218849182129 -0.03857383877038956 0.9962577223777771 -0.07734670490026474 -1.6944952011108398 0.42627567052841187 0.08641380816698074 0.9004563689231873 27.618144989013672
0.8998546004295349 0.0007857651216909289 -0.43618911504745483 -8.62024974822998 -0.037276070564985275 0.9964786171913147 -0.07510515302419662 -1.7658770084381104 0.43459415435791016 0.08384314179420471 0.8967152833938599 28.352413177490234
0.8961374163627625 0.0009714754414744675 -0.44377562403678894 -9.019796371459961 -0.036214008927345276 0.9968225955963135 -0.07094652950763702 -1.8355257511138916 0.4422966241836548 0.07964873313903809 0.89332515001297 29.14383888244629
0.8922263979911804 0.003475179662927985 -0.45157501101493835 -9.430315971374512 -0.036916252225637436 0.9971847534179688 -0.0652654692530632 -1.9017785787582397 0.4500768780708313 0.07490203529596329 0.8898429274559021 29.93263816833496
0.8885509967803955 0.003751835087314248 -0.4587627053260803 -9.857987403869629 -0.03559735417366028 0.9975156188011169 -0.0607886016368866 -1.9703080654144287 0.45739489793777466 0.07034451514482498 0.886476993560791 30.73594856262207
0.8849231004714966 0.002313649281859398 -0.46573150157928467 -10.294597625732422 -0.03352529555559158 0.9977098107337952 -0.058744050562381744 -2.0310850143432617 0.46452903747558594 0.06759775429964066 0.8829740881919861 31.540910720825195
0.8814979195594788 0.002417944138869643 -0.4721817076206207 -10.729288101196289 -0.033890191465616226 0.9977319240570068 -0.05815912038087845 -2.089843511581421 0.47097018361091614 0.0672694742679596 0.879580557346344 32.358638763427734
0.8784854412078857 0.0029578537214547396 -0.4777598977088928 -11.190476417541504 -0.03401181474328041 0.9978309869766235 -0.056361887603998184 -2.1459758281707764 0.4765569269657135 0.06576257944107056 0.8766806125640869 33.18355941772461
0.8752148747444153 0.001008212799206376 -0.4837331771850586 -11.642499923706055 -0.03156476095318794 0.9979856610298157 -0.055029869079589844 -2.2009012699127197 0.48270323872566223 0.06343188881874084 0.8734837770462036 34.01427459716797
0.8727622628211975 0.0002692280104383826 -0.4881453812122345 -12.139984130859375 -0.030953295528888702 0.9980179071426392 -0.054791420698165894 -2.265205144882202 0.48716306686401367 0.06292959302663803 0.8710407018661499 34.85847473144531
0.8703043460845947 -0.0019420526223257184 -0.4925104081630707 -12.600156784057617 -0.029206426814198494 0.9980288147926331 -0.055545441806316376 -2.315525770187378 0.49164748191833496 0.06272590160369873 0.8685321807861328 35.705108642578125
0.8689366579055786 -0.0013515992322936654 -0.49492141604423523 -13.10163402557373 -0.030315348878502846 0.9979731440544128 -0.055950265377759933 -2.3764781951904297 0.49399393796920776 0.06362093985080719 0.8671345710754395 36.568748474121094
0.868432879447937 -0.0013195360079407692 -0.49580496549606323 -13.60263729095459 -0.029924694448709488 0.998033881187439 -0.055071111768484116 -2.437617301940918 0.49490290880203247 0.06266236305236816 0.8666859865188599 37.431251525878906
0.8680923581123352 -0.0013438629684969783 -0.4964008629322052 -14.110611915588379 -0.02915945276618004 0.9981314539909363 -0.05369541794061661 -2.4956393241882324 0.49554550647735596 0.06108735129237175 0.8664311766624451 38.31778335571289
0.8679547905921936 -0.0019813464023172855 -0.4966392517089844 -14.62956714630127 -0.028074804693460464 0.9981972575187683 -0.05304742977023125 -2.5609965324401855 0.4958491027355194 0.05998581275343895 0.8663344383239746 39.19236755371094
0.8672143220901489 -0.004364110063761473 -0.49791601300239563 -15.15107536315918 -0.025774328038096428 0.9982276558876038 -0.053640056401491165 -2.625088930130005 0.49726763367652893 0.0593508705496788 0.86556476354599 40.100990295410156
0.8661028742790222 -0.007096678018569946 -0.499815434217453 -15.68009090423584 -0.022958895191550255 0.9982792139053345 -0.053958386182785034 -2.689100742340088 0.4993382692337036 0.05820872634649277 0.8644495606422424 41.00863265991211
0.8644311428070068 -0.007402438670396805 -0.502696692943573 -16.224374771118164 -0.021774740889668465 0.9984021186828613 -0.05214551091194153 -2.7493503093719482 0.5022794008255005 0.05602229759097099 0.8628886938095093 41.94658279418945
0.8624669313430786 -0.006514562759548426 -0.5060715079307556 -16.766979217529297 -0.020729903131723404 0.9986233711242676 -0.048183802515268326 -2.8125882148742676 0.5056887269020081 0.05204774811863899 0.8611445426940918 42.8491096496582
0.859769880771637 -0.006578129716217518 -0.5106392502784729 -17.31692886352539 -0.01874835602939129 0.99883633852005 -0.044433996081352234 -2.8722891807556152 0.5103373527526855 0.047776658087968826 0.8586460947990417 43.76377487182617
0.8556850552558899 -0.006831084843724966 -0.517451822757721 -17.884307861328125 -0.017384693026542664 0.9989690184593201 -0.0419359989464283 -2.9428553581237793 0.5172048807144165 0.04487975686788559 0.854684054851532 44.68153762817383
0.8505420684814453 -0.009991423226892948 -0.5258120894432068 -18.449199676513672 -0.015783479437232018 0.9988840818405151 -0.044511690735816956 -2.9981961250305176 0.5256701111793518 0.046158213168382645 0.8494353294372559 45.58271789550781
0.8443172574043274 -0.013999605551362038 -0.5356606841087341 -19.015670776367188 -0.013604042120277882 0.9987763166427612 -0.047546155750751495 -3.0605249404907227 0.5356708765029907 0.047431185841560364 0.8430936932563782 46.48526382446289
0.8382158875465393 -0.013969799503684044 -0.5451595783233643 -19.602529525756836 -0.013822595588862896 0.9988064169883728 -0.04684765264391899 -3.119485378265381 0.5451632738113403 0.04680396616458893 0.8370222449302673 47.37602233886719
0.832241952419281 -0.010600555688142776 -0.5543111562728882 -20.20087432861328 -0.015080668963491917 0.9990143179893494 -0.0417470820248127 -3.1803693771362305 0.5542073249816895 0.04310305789113045 0.8312618732452393 48.269493103027344
0.8271684050559998 -0.005581328645348549 -0.5619262456893921 -20.812732696533203 -0.018764358013868332 0.9991186261177063 -0.03754531219601631 -3.2368040084838867 0.5616406202316284 0.041600484400987625 0.8263347744941711 49.14822006225586
0.8232169151306152 -0.005554663948714733 -0.5676997900009155 -21.424856185913086 -0.019899707287549973 0.9990552067756653 -0.03863166645169258 -3.293259859085083 0.5673781633377075 0.0430992990732193 0.8223286867141724 50.0093994140625
0.8195178508758545 -0.008686494082212448 -0.5729876756668091 -22.0416202545166 -0.01927891932427883 0.9989011883735657 -0.04271708056330681 -3.353949546813965 0.5727291107177734 0.04605399817228317 0.8184499144554138 50.904052734375
0.8165595531463623 -0.01081513985991478 -0.5771598815917969 -22.667293548583984 -0.022098558023571968 0.9985060095787048 -0.049975354224443436 -3.4098620414733887 0.5768380165100098 0.05356225743889809 0.8151005506515503 51.77083969116211
0.813186526298523 -0.012010983191430569 -0.5818793177604675 -23.301454544067383 -0.02203364670276642 0.9984349608421326 -0.05140182375907898 -3.472712993621826 0.5815859436988831 0.05462018772959709 0.8116491436958313 52.6573371887207
0.8098981976509094 -0.010432563722133636 -0.5864777565002441 -23.940013885498047 -0.021470708772540092 0.9986444711685181 -0.04741442948579788 -3.5374860763549805 0.5861774682998657 0.05099295452237129 0.8085763454437256 53.51918029785156
0.8068021535873413 -0.008072531782090664 -0.5907665491104126 -24.575735092163086 -0.021243954077363014 0.998863697052002 -0.04266157001256943 -3.5925168991088867 0.5904396176338196 0.046969663351774216 0.8057138919830322 54.37387466430664
0.8037732243537903 -0.00584829319268465 -0.5949071049690247 -25.22017478942871 -0.02181779034435749 0.9989894032478333 -0.039298467338085175 -3.6557040214538574 0.5945356488227844 0.04456661641597748 0.8028332591056824 55.235713958740234
0.8006905317306519 -0.005212008953094482 -0.5990556478500366 -25.872724533081055 -0.02330619841814041 0.9989341497421265 -0.03984188660979271 -3.7056567668914795 0.5986247658729553 0.045862726867198944 0.7997156381607056 56.09536361694336
0.7971236705780029 -0.006559574045240879 -0.6037804484367371 -26.537700653076172 -0.0233136173337698 0.9988610148429871 -0.041630931198596954 -3.7609524726867676 0.6033658385276794 0.0472613088786602 0.7960628271102905 56.95284652709961
0.7928024530410767 -0.009352078661322594 -0.6094070076942444 -27.193552017211914 -0.022396501153707504 0.998759925365448 -0.04446368291974068 -3.8151209354400635 0.6090670824050903 0.04889950528740883 0.7916098237037659 57.817901611328125
0.7887541055679321 -0.01065907534211874 -0.6146164536476135 -27.845258712768555 -0.021672023460268974 0.9987457990646362 -0.04513319954276085 -3.8688623905181885 0.6143266558647156 0.04891897365450859 0.7875339388847351 58.63765335083008
0.7840763926506042 -0.010922787711024284 -0.6205682158470154 -28.518831253051758 -0.020478015765547752 0.9988455176353455 -0.04345454275608063 -3.94136905670166 0.6203264594078064 0.04677968844771385 0.7829474806785583 59.48417663574219
0.7793031930923462 -0.010555803775787354 -0.626558244228363 -29.204607009887695 -0.020727338269352913 0.9988768100738525 -0.04260868951678276 -3.998605966567993 0.6263042092323303 0.046191971749067307 0.7782090306282043 60.32029724121094
0.7738414406776428 -0.011751020327210426 -0.6332703232765198 -29.902502059936523 -0.02063797600567341 0.9988291263580322 -0.043753482401371 -4.059723854064941 0.6330430507659912 0.04692767933011055 0.772692859172821 61.17438888549805
0.76826012134552 -0.013823844492435455 -0.6399886012077332 -30.589492797851562 -0.018895909190177917 0.9988413453102112 -0.04425830394029617 -4.129001140594482 0.6398588418960571 0.04609505459666252 0.7671088576316833 62.00089645385742
0.7625345587730408 -0.01497887633740902 -0.6467739939689636 -31.297441482543945 -0.01866183616220951 0.9988066554069519 -0.045133691281080246 -4.187028408050537 0.6466782093048096 0.04648599028587341 0.7613450884819031 62.83258056640625
0.7569236159324646 -0.016354097053408623 -0.6532986760139465 -32.01407241821289 -0.018222175538539886 0.9987699389457703 -0.04611486196517944 -4.2511982917785645 0.6532492637634277 0.046809952706098557 0.755694568157196 63.65380096435547
0.7507566809654236 -0.01805688999593258 -0.6603320240974426 -32.74458312988281 -0.01816755160689354 0.9986839294433594 -0.04796455800533295 -4.30511474609375 0.6603290438652039 0.0480063296854496 0.7494404911994934 64.48274993896484
0.7444562315940857 -0.019588416442275047 -0.6673837900161743 -33.484066009521484 -0.016210217028856277 0.998744547367096 -0.04739643633365631 -4.377017498016357 0.6674744486808777 0.046103015542030334 0.7432040572166443 65.30230712890625
0.7380915880203247 -0.019361354410648346 -0.6744226813316345 -34.244205474853516 -0.015497162938117981 0.9988378882408142 -0.045634835958480835 -4.441544055938721 0.6745225787162781 0.04413433372974396 0.736933708190918 66.13121795654297
0.7315479516983032 -0.019955527037382126 -0.6814978122711182 -35.00615310668945 -0.014691220596432686 0.9988780617713928 -0.045019183307886124 -4.499930381774902 0.6816315650939941 0.042945727705955505 0.7304341197013855 66.93946075439453
0.7250913977622986 -0.021584022790193558 -0.6883142590522766 -35.765403747558594 -0.01369671430438757 0.9988589286804199 -0.04575056582689285 -4.565053939819336 0.68851637840271 0.042600978165864944 0.7239684462547302 67.73640441894531
0.7181332111358643 -0.024039670825004578 -0.6954903602600098 -36.54844284057617 -0.012545176781713963 0.9987935423851013 -0.047476980835199356 -4.625003337860107 0.695792555809021 0.04281984269618988 0.7169653177261353 68.56124877929688
0.712405264377594 -0.02329854667186737 -0.7013814449310303 -37.35335922241211 -0.01407011691480875 0.9987736344337463 -0.04746861010789871 -4.686269283294678 0.7016271352767944 0.04368540272116661 0.7112038731575012 69.35515594482422
0.7066652774810791 -0.022910524159669876 -0.7071769833564758 -38.168704986572266 -0.014037983492016792 0.9988248944282532 -0.04638691619038582 -4.751270294189453 0.7074087262153625 0.04270736128091812 0.7055132985115051 70.16532135009766
0.7016192674636841 -0.022563420236110687 -0.7121946811676025 -38.98442077636719 -0.01480773650109768 0.9988209009170532 -0.04623204469680786 -4.81439733505249 0.7123981714248657 0.0429832823574543 0.7004580497741699 70.96407318115234
0.6965431571006775 -0.023206524550914764 -0.717139482498169 -39.81251907348633 -0.015615248121321201 0.9987497925758362 -0.04748617112636566 -4.873823165893555 0.7173449397087097 0.044274479150772095 0.6953100562095642 71.7643814086914
0.6913861036300659 -0.025397418066859245 -0.7220388650894165 -40.64731979370117 -0.015666423365473747 0.9986199140548706 -0.050127364695072174 -4.945795059204102 0.7223156094551086 0.04596913605928421 0.690034031867981 72.54918670654297
0.6863853931427002 -0.02852334827184677 -0.7266783714294434 -41.48810577392578 -0.014201080426573753 0.9985142946243286 -0.05260702222585678 -5.008974552154541 0.7270992994308472 0.04642831161618233 0.684960663318634 73.33301544189453
0.6812187433242798 -0.028408236801624298 -0.7315284609794617 -42.349266052246094 -0.015607472509145737 0.9984560608863831 -0.05330822244286537 -5.086142063140869 0.7319133877754211 0.04773186892271042 0.6797237396240234 74.13225555419922
0.6761707663536072 -0.028135908767580986 -0.7362074851989746 -43.21108627319336 -0.014964379370212555 0.998539924621582 -0.05190560966730118 -5.155797481536865 0.7365928888320923 0.04611394926905632 0.6747624278068542 74.91912841796875
0.6710397601127625 -0.028118442744016647 -0.7408879399299622 -44.09196853637695 -0.014157316647469997 0.9986124038696289 -0.050722308456897736 -5.23159646987915 0.7412862777709961 0.044525664299726486 0.6697104573249817 75.70706939697266
0.6659249663352966 -0.029682986438274384 -0.7454279661178589 -44.97043991088867 -0.013512025587260723 0.9985643029212952 -0.051833800971508026 -5.294817924499512 0.7458964586257935 0.044589657336473465 0.6645677089691162 76.488037109375
0.6610720753669739 -0.030327117070555687 -0.7497093081474304 -45.873207092285156 -0.01258738525211811 0.9985939860343933 -0.051494162529706955 -5.373089790344238 0.7502167820930481 0.04347822442650795 0.6597608923912048 77.27499389648438
0.6562405824661255 -0.03164825215935707 -0.7538878321647644 -46.76155090332031 -0.010910144075751305 0.9986176490783691 -0.051419030874967575 -5.439964294433594 0.7544729709625244 0.041968271136283875 0.6549879908561707 78.0596923828125
0.6527615785598755 -0.03200582414865494 -0.7568871974945068 -47.69371032714844 -0.010500311851501465 0.9986289143562317 -0.05128392204642296 -5.515141487121582 0.7574908137321472 0.04142371937632561 0.6515303254127502 78.83513641357422
0.649147629737854 -0.03458813577890396 -0.7598757147789001 -48.59307098388672 -0.00862243864685297 0.9985669255256653 -0.052818913012742996 -5.58329963684082 0.7606135606765747 0.04083925485610962 0.6479190587997437 79.5878677368164
0.6444815397262573 -0.039206281304359436 -0.7636140584945679 -49.521942138671875 -0.005195417441427708 0.9984369277954102 -0.05564768239855766 -5.664095401763916 0.7646022439002991 0.03983119875192642 0.6432704925537109 80.3803939819336
0.6397563219070435 -0.04387101158499718 -0.7673247456550598 -50.43779373168945 -0.000863154768012464 0.9983277916908264 -0.057798050343990326 -5.730806350708008 0.7685773372650146 0.037638984620571136 0.6386487483978271 81.14852142333984
0.6330708265304565 -0.04696715250611305 -0.7726677060127258 -51.371524810791016 0.0035668632481247187 0.9983241558074951 -0.05776138976216316 -5.811543941497803 0.7740856409072876 0.0338110513985157 0.6321773529052734 81.91474914550781
0.6246539950370789 -0.05089375376701355 -0.7792413830757141 -52.309329986572266 0.008261877112090588 0.998248815536499 -0.05857468396425247 -5.889686584472656 0.7808579206466675 0.030150914564728737 0.6239806413650513 82.66645812988281
0.6156322360038757 -0.05154569819569588 -0.7863459587097168 -53.27140808105469 0.011086576618254185 0.9983261823654175 -0.0567614920437336 -5.974810600280762 0.7879555821418762 0.026226315647363663 0.6151732802391052 83.41617584228516
0.6064212322235107 -0.05001796409487724 -0.7935687303543091 -54.24454879760742 0.01119015272706747 0.9984574913978577 -0.054380759596824646 -6.052396774291992 0.7950647473335266 0.024097491055727005 0.606045663356781 84.16384887695312
0.5976236462593079 -0.04973654821515083 -0.8002325296401978 -55.224388122558594 0.010855051688849926 0.9984845519065857 -0.05395174399018288 -6.137945175170898 0.8017032146453857 0.02355627343058586 0.5972579121589661 84.88117218017578
0.5885034799575806 -0.051599182188510895 -0.8068464398384094 -56.22385025024414 0.010544983670115471 0.9983664751052856 -0.056155815720558167 -6.208801746368408 0.8084259033203125 0.02453971654176712 0.5880861878395081 85.59201049804688
0.5784593224525452 -0.05398812144994736 -0.8139227032661438 -57.23114776611328 0.010811666026711464 0.9982272386550903 -0.058529265224933624 -6.285841464996338 0.8156396150588989 0.02505693957209587 0.5780174732208252 86.30982208251953
0.5687094926834106 -0.055807460099458694 -0.8206430673599243 -58.26781463623047 0.011237353086471558 0.9981297254562378 -0.06008981168270111 -6.364692687988281 0.822461724281311 0.024951791390776634 0.5682729482650757 87.00871276855469
0.5585016012191772 -0.05597687512636185 -0.8276125192642212 -59.27669143676758 0.014197273179888725 0.99821937084198 -0.057935334742069244 -6.460852146148682 0.8293819427490234 0.020607134327292442 0.5583018660545349 87.69243621826172
0.5485720634460449 -0.05592038482427597 -0.8342310786247253 -60.325164794921875 0.015044142492115498 0.9982594847679138 -0.05702288821339607 -6.543826103210449 0.8359679579734802 0.018730871379375458 0.5484586358070374 88.37462615966797
0.5378865599632263 -0.05653563514351845 -0.8411193490028381 -61.37466812133789 0.015517596155405045 0.9982436895370483 -0.05717338249087334 -6.63211727142334 0.8428744077682495 0.017700642347335815 0.5378191471099854 89.05582427978516
0.527372419834137 -0.0574544295668602 -0.8476894497871399 -62.408241271972656 0.014954295009374619 0.998184084892273 -0.05835111066699028 -6.717483997344971 0.8495026230812073 0.01809616945683956 0.5272738933563232 89.6933364868164
0.5176014304161072 -0.057926375418901443 -0.8536588549613953 -63.48081588745117 0.013087647035717964 0.9981249570846558 -0.059793878346681595 -6.799239158630371 0.8555217385292053 0.01977701112627983 0.5173889994621277 90.33482360839844
0.5075634121894836 -0.05884324759244919 -0.8596028089523315 -64.56371307373047 0.01216193102300167 0.9980551600456238 -0.06113969907164574 -6.890531539916992 0.8615285158157349 0.020577846094965935 0.5072919130325317 90.96906280517578
0.4976620078086853 -0.05853860080242157 -0.8653934001922607 -65.6578598022461 0.011651724576950073 0.9980811476707458 -0.06081356108188629 -6.9865193367004395 0.8672927021980286 0.02018127404153347 0.49738916754722595 91.59953308105469
0.489025741815567 -0.0564810149371624 -0.870438814163208 -66.77609252929688 0.01082292478531599 0.9982175230979919 -0.058691833168268204 -7.074380397796631 0.8722021579742432 0.019281120970845222 0.48876529932022095 92.21952056884766
0.4802834093570709 -0.055210892111063004 -0.8753740191459656 -67.8965072631836 0.011979837901890278 0.9983367323875427 -0.05639343708753586 -7.158792495727539 0.8770315051078796 0.016597993671894073 0.48014605045318604 92.8481216430664
0.4732326865196228 -0.05516592040657997 -0.879208505153656 -68.97515106201172 0.011788341216742992 0.9983445405960083 -0.056296054273843765 -7.248069763183594 0.8808586001396179 0.01627671904861927 0.47309955954551697 93.40713500976562
0.46512529253959656 -0.05886358395218849 -0.8832857012748718 -70.10601806640625 0.013953950256109238 0.9981502890586853 -0.05917041376233101 -7.328767776489258 0.8851348757743835 0.015196326188743114 0.46508631110191345 94.0105209350586
0.4587804675102234 -0.06181539595127106 -0.8863968849182129 -71.23641967773438 0.016732197254896164 0.9980012774467468 -0.060938216745853424 -7.421596527099609 0.8883921504020691 0.013125889003276825 0.45889776945114136 94.577880859375
0.45236384868621826 -0.06480316817760468 -0.8894760012626648 -72.35460662841797 0.01792960800230503 0.997815728187561 -0.0635778084397316 -7.513817310333252 0.8916533589363098 0.012812345288693905 0.4525376260280609 95.15792846679688
0.4468770921230316 -0.06810123473405838 -0.8919994831085205 -73.49957275390625 0.020118581131100655 0.9976110458374023 -0.06608525663614273 -7.616212368011475 0.8943691253662109 0.011586223728954792 0.4471796154975891 95.72822570800781
0.4419293701648712 -0.06939512491226196 -0.894361674785614 -74.64250183105469 0.023295478895306587 0.9975547194480896 -0.06589112430810928 -7.716165065765381 0.896747350692749 0.00828463677316904 0.44246530532836914 96.29634094238281
0.4376683533191681 -0.06654001772403717 -0.8966709971427917 -75.79095458984375 0.024707209318876266 0.9977713227272034 -0.06198278069496155 -7.815712928771973 0.8987969756126404 0.00497366301715374 0.43833690881729126 96.8602294921875
0.4333665370941162 -0.06507433205842972 -0.8988652229309082 -76.93362426757812 0.02822311967611313 0.9978803396224976 -0.058635544031858444 -7.912187099456787 0.9007757306098938 4.1896579205058515e-05 0.4342845678329468 97.41889953613281
0.4307636022567749 -0.06447526812553406 -0.900158703327179 -78.0781021118164 0.028625093400478363 0.9979188442230225 -0.05777919292449951 -7.994737148284912 0.9020106792449951 -0.0008779490017332137 0.4317127764225006 97.95479583740234
0.4279193580150604 -0.06446537375450134 -0.9015149474143982 -79.20539093017578 0.030354883521795273 0.9979154467582703 -0.05695028975605965 -8.081831932067871 0.9033070206642151 -0.0029952481854707003 0.4289841651916504 98.48799896240234
0.425537645816803 -0.06309731304645538 -0.9027383327484131 -80.3355712890625 0.03176961839199066 0.9979929327964783 -0.05477943271398544 -8.180037498474121 0.9043828845024109 -0.005368941929191351 0.42668819427490234 99.01483154296875
0.4228850305080414 -0.06263477355241776 -0.9040160775184631 -81.47964477539062 0.03432784229516983 0.9979995489120483 -0.05308837816119194 -8.261401176452637 0.9055328965187073 -0.008582639507949352 0.42418918013572693 99.5513916015625
0.4201609790325165 -0.06416719406843185 -0.9051780700683594 -82.62018585205078 0.03744333237409592 0.9978732466697693 -0.05335800722241402 -8.33873176574707 0.9066767692565918 -0.011473927646875381 0.42166996002197266 100.08690643310547
0.4177643060684204 -0.06439951807260513 -0.9062702059745789 -83.70893859863281 0.039046768099069595 0.9978357553482056 -0.052906736731529236 -8.420235633850098 0.9077159762382507 -0.013284374959766865 0.4193747639656067 100.5997085571289
0.4154595136642456 -0.06363016366958618 -0.907383382320404 -84.81317138671875 0.04245656356215477 0.9978195428848267 -0.05053259804844856 -8.499711036682129 0.9086202383041382 -0.017530128359794617 0.4172551929950714 101.115966796875
0.41328340768814087 -0.0629291906952858 -0.908425509929657 -85.9211654663086 0.044180482625961304 0.9978200197219849 -0.049022141844034195 -8.579943656921387 0.909529983997345 -0.019874637946486473 0.4151628017425537 101.61663818359375
0.4116845428943634 -0.06456782668828964 -0.9090361595153809 -87.01559448242188 0.04660477489233017 0.9976734519004822 -0.04975724592804909 -8.655316352844238 0.910133957862854 -0.021881135180592537 0.41373592615127563 102.11097717285156
0.40973401069641113 -0.06480014324188232 -0.9099006056785583 -88.06099700927734 0.04776599630713463 0.9976293444633484 -0.04953857511281967 -8.750508308410645 0.9109535813331604 -0.023164672777056694 0.41185787320137024 102.60747528076172
0.4099316895008087 -0.06608115136623383 -0.9097194671630859 -89.17185974121094 0.04697685316205025 0.9975780248641968 -0.05129473656415939 -8.824064254760742 0.9109057188034058 -0.0217084139585495 0.41204318404197693 103.07864379882812
0.4101848602294922 -0.06653795391321182 -0.9095719456672668 -90.22775268554688 0.04601585119962692 0.9975746273994446 -0.05222408473491669 -8.904593467712402 0.9108408093452454 -0.020433194935321808 0.4122518301010132 103.5578842163086
0.4130607545375824 -0.06649401038885117 -0.9082727432250977 -91.27533721923828 0.04340332746505737 0.997635006904602 -0.05329735204577446 -8.981653213500977 0.9096686244010925 -0.017407013103365898 0.41496986150741577 104.02070617675781
0.417055606842041 -0.06663847714662552 -0.9064347147941589 -92.29972839355469 0.04217684641480446 0.9976530075073242 -0.05393879488110542 -9.066977500915527 0.9079018235206604 -0.01573508232831955 0.4188874065876007 104.49061584472656
0.4224303662776947 -0.06727442145347595 -0.9038952589035034 -93.32530975341797 0.040788643062114716 0.9976423978805542 -0.05518940091133118 -9.143957138061523 0.9054771065711975 -0.01355498656630516 0.42417851090431213 104.95880889892578
0.4278651773929596 -0.0670444592833519 -0.9013525247573853 -94.33612060546875 0.04041782766580582 0.9976667165756226 -0.0550224632024765 -9.226203918457031 0.9029384255409241 -0.012888520024716854 0.4295766353607178 105.44093322753906
0.43510761857032776 -0.06605181097984314 -0.8979523777961731 -95.37628936767578 0.03996749222278595 0.9977393746376038 -0.054025501012802124 -9.31028938293457 0.8994909524917603 -0.012381995096802711 0.4367639124393463 105.93122100830078
0.4433863162994385 -0.0649801641702652 -0.8939720392227173 -96.37938690185547 0.038666144013404846 0.9978269338607788 -0.05335167422890663 -9.382532119750977 0.8954962491989136 -0.010911050252616405 0.4449353516101837 106.419921875
0.452230840921402 -0.06446773558855057 -0.8895679712295532 -97.35581970214844 0.03881729394197464 0.9978618621826172 -0.05258229002356529 -9.461358070373535 0.8910558223724365 -0.01075128186494112 0.45376643538475037 106.91401672363281
0.46208155155181885 -0.06384793668985367 -0.8845360279083252 -98.37632751464844 0.03697865083813667 0.9979246854782104 -0.052714962512254715 -9.53102970123291 0.8860660791397095 -0.008350340649485588 0.463483601808548 107.42671203613281
0.47135037183761597 -0.06403809785842896 -0.8796181082725525 -99.34693908691406 0.03578472509980202 0.997927725315094 -0.053475767374038696 -9.611973762512207 0.881219744682312 -0.006271069869399071 0.4726651906967163 107.95207977294922
0.4822012782096863 -0.06584648787975311 -0.8735823631286621 -100.31770324707031 0.03425074368715286 0.9978258609771729 -0.05630560964345932 -9.681386947631836 0.8753906488418579 -0.0027702106162905693 0.4834081828594208 108.47196960449219
0.49393734335899353 -0.06679268181324005 -0.8669282793998718 -101.27793884277344 0.03227890655398369 0.9977664351463318 -0.05848205089569092 -9.753180503845215 0.8688981533050537 0.0009029730572365224 0.49499011039733887 109.00458526611328
0.5062143802642822 -0.06559156626462936 -0.8599096536636353 -102.2250747680664 0.03059203363955021 0.9978417754173279 -0.05810363590717316 -9.829682350158691 0.8618648648262024 0.0031065104994922876 0.5071284174919128 109.55830383300781
0.519107460975647 -0.06252986937761307 -0.8524186015129089 -103.14950561523438 0.02836577221751213 0.9980313777923584 -0.05593716353178024 -9.906771659851074 0.8542381525039673 0.0048578884452581406 0.5198591947555542 110.10935974121094
0.5313853621482849 -0.05999448150396347 -0.845003068447113 -104.06096649169922 0.02758932299911976 0.9981855750083923 -0.05352059379220009 -9.986488342285156 0.846680760383606 0.00512699643149972 0.5320764780044556 110.68125915527344
0.5435912013053894 -0.0596686489880085 -0.8372265696525574 -104.96610260009766 0.02817407250404358 0.9982050061225891 -0.05284874886274338 -10.057539939880371 0.8388771414756775 0.005140028893947601 0.5442966222763062 111.2586441040039
