1.0 0.0 0.0 0.0 0.0 1.0 0.0 0.0 0.0 0.0 1.0 0.0
0.9999335408210754 -0.0025268697645515203 0.011246683076024055 0.01566699892282486 0.002515565836802125 0.9999963045120239 0.0010191173059865832 -0.004099442157894373 -0.011249217204749584 -0.000990757835097611 0.9999362230300903 0.29528987407684326
0.9998288154602051 -0.004524869844317436 0.017939003184437752 0.026031451299786568 0.004504351411014795 0.9999891519546509 0.0011840350925922394 -0.008783534169197083 -0.01794416643679142 -0.0011030288878828287 0.9998384118080139 0.5823053121566772
0.9997769594192505 -0.007459795568138361 0.019758308306336403 0.038409337401390076 0.007461701985448599 0.9999721646308899 -2.2783027816331014e-05 -0.01269589178264141 -0.01975758746266365 0.00017020855739247054 0.9998047947883606 0.886553943157196
0.9998160004615784 -0.00862970482558012 0.017129957675933838 0.050121672451496124 0.008661841042339802 0.9999608397483826 -0.0018027268815785646 -0.009927482344210148 -0.017113730311393738 0.0019507722463458776 0.999851644039154 1.201378583908081
0.9998835921287537 -0.01146142277866602 0.010071240365505219 0.05618524178862572 0.011496376246213913 0.9999280571937561 -0.00341965863481164 -0.010337404906749725 -0.010031321085989475 0.0035350434482097626 0.9999434351921082 1.5200262069702148
0.9999120831489563 -0.013086451217532158 -0.002131434390321374 0.059641383588314056 0.013074122369289398 0.9998982548713684 -0.005698628723621368 -0.008505916222929955 0.002205792348831892 0.005670260637998581 0.9999814629554749 1.862295150756836
0.9997470378875732 -0.012385942973196507 -0.018774356693029404 0.040508802980184555 0.012273354455828667 0.999906063079834 -0.006100346799939871 -0.011156599968671799 0.018848156556487083 0.00586837949231267 0.9998050928115845 2.2006213665008545
0.9992226958274841 -0.007795525714755058 -0.03864162415266037 0.013459987938404083 0.007578818593174219 0.9999547600746155 -0.005751418881118298 -0.02082274854183197 0.03868471086025238 0.005454090423882008 0.9992366433143616 2.5409133434295654
0.998300313949585 -0.004327065777033567 -0.058118145912885666 -0.03250405192375183 0.003914189990609884 0.9999663233757019 -0.007216033525764942 -0.021892007440328598 0.05814741551876068 0.006976283621042967 0.9982835650444031 2.8953592777252197
0.9968953132629395 -0.0040147448889911175 -0.0786353126168251 -0.07230457663536072 0.0034208123106509447 0.9999646544456482 -0.007686244789510965 -0.025621427223086357 0.07866338640451431 0.0073933848179876804 0.9968738555908203 3.2621541023254395
0.9949901103973389 -0.005461852997541428 -0.09982383251190186 -0.11845564842224121 0.004734607879072428 0.9999604821205139 -0.007520744111388922 -0.02439091168344021 0.09986096620559692 0.007010438945144415 0.9949766993522644 3.6336801052093506
0.9928568005561829 -0.007370053790509701 -0.11908356100320816 -0.18276503682136536 0.006672963500022888 0.9999581575393677 -0.006251482758671045 -0.03668602928519249 0.11912467330694199 0.005412187892943621 0.9928645491600037 4.0166916847229
0.990593671798706 -0.0058835344389081 -0.13670967519283295 -0.259151428937912 0.0050793541595339775 0.9999676942825317 -0.006230494473129511 -0.03563391789793968 0.13674192130565643 0.005477491766214371 0.9905915260314941 4.412862300872803
0.9881684184074402 -0.004987358581274748 -0.15329141914844513 -0.3222196698188782 0.004263440612703562 0.999978244304657 -0.005050851032137871 -0.04891270399093628 0.15331323444843292 0.004337543621659279 0.9881680607795715 4.825265884399414
0.986066460609436 -0.003880294505506754 -0.16630655527114868 -0.4124835729598999 0.0030565401539206505 0.9999817609786987 -0.005208887625485659 -0.05456569790840149 0.1663237065076828 0.004627985879778862 0.9860603213310242 5.242758274078369
0.9838991761207581 -0.005757582373917103 -0.1786317080259323 -0.49924981594085693 0.004728345666080713 0.9999696612358093 -0.0061869872733950615 -0.06050558015704155 0.17866192758083344 0.005242738872766495 0.9838964939117432 5.6770195960998535
0.9820271134376526 -0.009451166726648808 -0.18850331008434296 -0.586408793926239 0.008020435459911823 0.9999328851699829 -0.008351301774382591 -0.06890616565942764 0.18856960535049438 0.006689324509352446 0.9820370674133301 6.127284526824951
0.9805061221122742 -0.0084545211866498 -0.19630660116672516 -0.6862838864326477 0.006579476408660412 0.9999263286590576 -0.010201802477240562 -0.07681246101856232 0.1963784098625183 0.008711334317922592 0.9804894924163818 6.583882808685303
0.9790204763412476 -0.007839675061404705 -0.20361098647117615 -0.7940320372581482 0.005513226147741079 0.9999129176139832 -0.011990666389465332 -0.08216113597154617 0.20368729531764984 0.010616554878652096 0.9789784550666809 7.051468849182129
0.9772987365722656 -0.00878455862402916 -0.21168403327465057 -0.9046902060508728 0.005747949704527855 0.9998716115951538 -0.014956098049879074 -0.09084858745336533 0.21178825199604034 0.013399829156696796 0.9772236943244934 7.533583164215088
0.9755074977874756 -0.012640437111258507 -0.21960259974002838 -1.0189769268035889 0.009211945347487926 0.999819278717041 -0.01662927307188511 -0.10227163136005402 0.21977312862873077 0.014199014753103256 0.9754477143287659 8.033267974853516
0.9735010862350464 -0.018993502482771873 -0.22789211571216583 -1.128102421760559 0.015206986106932163 0.9997157454490662 -0.018359940499067307 -0.11034896969795227 0.2281760722398758 0.0144078703597188 0.9735133051872253 8.556649208068848
0.971498429775238 -0.019726619124412537 -0.23622380197048187 -1.2530251741409302 0.015386312268674374 0.9996774792671204 -0.02020321600139141 -0.1318623423576355 0.236546128988266 0.015992775559425354 0.9714886546134949 9.0571928024292
0.9693756103515625 -0.01579132117331028 -0.24507462978363037 -1.4019312858581543 0.009968500584363937 0.9996381998062134 -0.024981727823615074 -0.13923797011375427 0.2453804612159729 0.021773649379611015 0.9691823124885559 9.582354545593262
0.9672083258628845 -0.012577925808727741 -0.25367268919944763 -1.5613421201705933 0.005687597207725048 0.999595046043396 -0.027877433225512505 -0.1580735146999359 0.25392064452171326 0.02552049607038498 0.9668883085250854 10.12702751159668
0.9647845029830933 -0.01527752447873354 -0.2625977098941803 -1.713521122932434 0.007657425478100777 0.9995200037956238 -0.03001711145043373 -0.17440132796764374 0.2629302740097046 0.026949221268296242 0.9644383192062378 10.7007417678833
0.962448000907898 -0.01842430606484413 -0.27084019780158997 -1.868191123008728 0.010284106247127056 0.999452531337738 -0.03144402429461479 -0.20083317160606384 0.2712712585926056 0.027477890253067017 0.9621106386184692 11.257832527160645
0.9602344036102295 -0.01802399754524231 -0.2786126434803009 -2.0453855991363525 0.008928871713578701 0.9993860721588135 -0.033879008144140244 -0.22336527705192566 0.27905213832855225 0.030044101178646088 0.9598057866096497 11.83102035522461
0.9579750895500183 -0.016888195648789406 -0.28635373711586 -2.2394189834594727 0.0064177061431109905 0.9992773532867432 -0.03746409714221954 -0.2507472038269043 0.286779522895813 0.03405194729566574 0.9573912024497986 12.423848152160645
0.9555840492248535 -0.017482247203588486 -0.29419979453086853 -2.4258980751037598 0.005183080211281776 0.9990816116333008 -0.04253342002630234 -0.28120726346969604 0.2946731448173523 0.03911939635872841 0.954797089099884 13.02566909790039
0.9536600112915039 -0.02009190432727337 -0.3002146780490875 -2.615403175354004 0.005327403079718351 0.9987391233444214 -0.04991774633526802 -0.3175521194934845 0.30083903670310974 0.04600520059466362 0.9525645971298218 13.636079788208008
0.9522560834884644 -0.02087716944515705 -0.304585725069046 -2.820423126220703 0.0032640655990689993 0.9982984066009521 -0.058221444487571716 -0.35213756561279297 0.3052828907966614 0.054447539150714874 0.9507037401199341 14.256575584411621
0.9509966969490051 -0.020618844777345657 -0.308512806892395 -3.0355310440063477 -6.603912333957851e-05 0.9977606534957886 -0.06688691675662994 -0.39421868324279785 0.3092010021209717 0.06362961232662201 0.9488656520843506 14.872468948364258
0.9497292041778564 -0.020458141341805458 -0.3124033808708191 -3.2600297927856445 -0.003396922955289483 0.9971305131912231 -0.07562527805566788 -0.4435141682624817 0.31305408477783203 0.07288474589586258 0.9469345211982727 15.511238098144531
0.9485535025596619 -0.01981794461607933 -0.3159959614276886 -3.4945261478424072 -0.006677656434476376 0.9965648651123047 -0.08254531770944595 -0.498052179813385 0.31654635071754456 0.08040877431631088 0.9451628923416138 16.156005859375
0.946770429611206 -0.017886986956000328 -0.32141223549842834 -3.7242462635040283 -0.01146241370588541 0.9959486126899719 -0.08919011801481247 -0.5577178597450256 0.3217054307460785 0.08812673389911652 0.9427297115325928 16.808895111083984
0.9452299475669861 -0.017068276181817055 -0.3259586691856384 -3.9696404933929443 -0.014750341884791851 0.9953779578208923 -0.09489504992961884 -0.6276967525482178 0.3260717988014221 0.09450562298297882 0.940609335899353 17.476490020751953
0.9436233043670654 -0.015735702589154243 -0.33064696192741394 -4.2271318435668945 -0.01862456649541855 0.9947634339332581 -0.10049349814653397 -0.6962344646453857 0.3304968774318695 0.10098616778850555 0.9383888244628906 18.153356552124023
0.941815972328186 -0.012737417593598366 -0.3358873426914215 -4.481115818023682 -0.02339211292564869 0.9943751692771912 -0.10329906642436981 -0.7728674411773682 0.33531373739242554 0.10514582693576813 0.9362205862998962 18.843364715576172
0.940115749835968 -0.011639541946351528 -0.3406561613082886 -4.751550197601318 -0.02565053291618824 0.9941669702529907 -0.10475701838731766 -0.84996497631073 0.33988842368125916 0.10722174495458603 0.9343336224555969 19.54158592224121
0.9377506375312805 -0.011083369143307209 -0.3471323549747467 -5.018678188323975 -0.026829633861780167 0.9941923022270203 -0.10422106832265854 -0.9286315441131592 0.3462713658809662 0.10704681277275085 0.9320070743560791 20.264171600341797
0.93550044298172 -0.011003595776855946 -0.35315412282943726 -5.290849208831787 -0.02684655785560608 0.994411826133728 -0.10210009664297104 -1.0147652626037598 0.3523041009902954 0.10499563813209534 0.929977297782898 20.952661514282227
0.9329713582992554 -0.011450343765318394 -0.35976842045783997 -5.5801544189453125 -0.02650466002523899 0.9945952296257019 -0.10038831830024719 -1.0940340757369995 0.3589734435081482 0.10319497436285019 0.9276254177093506 21.672483444213867
0.9298020601272583 -0.010381057858467102 -0.3679135739803314 -5.871129989624023 -0.027460940182209015 0.9948594570159912 -0.09747109562158585 -1.1754324436187744 0.36703407764434814 0.10073207318782806 0.924737274646759 22.387229919433594
0.92642742395401 -0.008615010417997837 -0.3763747215270996 -6.182176113128662 -0.028016818687319756 0.9953882098197937 -0.09174587577581406 -1.2538340091705322 0.37542933225631714 0.09554071724414825 0.9219136834144592 23.124717712402344
0.9229778051376343 -0.005323952995240688 -0.38481616973876953 -6.506261825561523 -0.030331147834658623 0.9957878589630127 -0.08652572333812714 -1.334334373474121 0.3836559057235718 0.09153325855731964 0.9189285635948181 23.867374420166016
0.9193605184555054 -0.0005368262063711882 -0.39341577887535095 -6.832043647766113 -0.034778349101543427 0.9959731698036194 -0.0826314315199852 -1.4122657775878906 0.3918759226799011 0.08965042978525162 0.9156396985054016 24.603839874267578
0.9153974056243896 9.964534547179937e-05 -0.4025515019893646 -7.172111511230469 -0.035790808498859406 0.9960598349571228 -0.08114133030176163 -1.4821258783340454 0.40095725655555725 0.08868420124053955 0.9117940068244934 25.36811637878418
0.9115511775016785 -5.382462404668331e-05 -0.41118696331977844 -7.530097961425781 -0.036216143518686295 0.9961031675338745 -0.08041712641716003 -1.55502450466156 0.40958893299102783 0.08819592744112015 0.9079968929290771 26.115812301635742
0.9076209664344788 0.0001320748997386545 -0.419790655374527 -7.885388374328613 -0.036678824573755264 0.9962003827095032 -0.07898913323879242 -1.62766432762146 0.4181852638721466 0.08708962798118591 0.9041772484779358 26.868921279907227
0.9035394787788391 0.0005761153297498822 -0.42850461602211 -8.260856628417969 -0.03730606287717819 0.9963077306747437 -0.07732359319925308 -1.6924880743026733 0.4268779456615448 0.08585072308778763 0.9002249836921692 27.651168823242188
0.8998711109161377 0.0001591622130945325 -0.4361560344696045 -8.653610229492188 -0.03648306056857109 0.9965227842330933 -0.07490772008895874 -1.7699344158172607 0.434627503156662 0.08331959694623947 0.896747887134552 28.43099021911621
0.8959555625915527 0.0007204058929346502 -0.4441429078578949 -9.0411376953125 -0.03579840436577797 0.9968622326850891 -0.07059810310602188 -1.8427867889404297 0.44269832968711853 0.07915236055850983 0.893170177936554 29.205299377441406
0.8920683860778809 0.0024924571625888348 -0.4518936276435852 -9.445831298828125 -0.03577594831585884 0.9972357749938965 -0.0651237890124321 -1.9049874544143677 0.4504821300506592 0.07426180690526962 0.8896914720535278 29.999479293823242
0.888361930847168 0.0026712340768426657 -0.459136039018631 -9.866884231567383 -0.03421175479888916 0.9975883364677429 -0.06039087101817131 -1.9748283624649048 0.45786741375923157 0.06935681402683258 0.8863109350204468 30.79355239868164
0.88462895154953 0.0020885183475911617 -0.4662909507751465 -10.300844192504883 -0.03342077508568764 0.9977020621299744 -0.05893588811159134 -2.03440523147583 0.46509644389152527 0.0677201896905899 0.8826659917831421 31.59690284729004
0.881129264831543 0.0013303400482982397 -0.4728735089302063 -10.737726211547852 -0.032540373504161835 0.9977961778640747 -0.05782702937722206 -2.091512441635132 0.47175443172454834 0.06634057313203812 0.8792306780815125 32.41737365722656
0.8782795667648315 0.0019090662244707346 -0.47814372181892395 -11.207132339477539 -0.032557595521211624 0.9979100227355957 -0.05581917241215706 -2.1504416465759277 0.47703787684440613 0.06459205597639084 0.8765060305595398 33.23453903198242
0.8751745820045471 -0.00010237066453555599 -0.4838072657585144 -11.667346954345703 -0.030187174677848816 0.998039960861206 -0.05481773614883423 -2.2041094303131104 0.4828645884990692 0.06257985532283783 0.8734561204910278 34.06327819824219
0.8727437853813171 -0.0006825558375567198 -0.4881781339645386 -12.165462493896484 -0.02975684218108654 0.998065173625946 -0.05459347367286682 -2.2699153423309326 0.4872708320617676 0.062172744423151016 0.8710348606109619 34.91056823730469
0.8701725006103516 -0.002915296470746398 -0.49273860454559326 -12.618595123291016 -0.027981527149677277 0.9980764985084534 -0.055320292711257935 -2.3208484649658203 0.4919520914554596 0.061925776302814484 0.8684171438217163 35.754642486572266
0.8686584830284119 -0.002480558818206191 -0.49540525674819946 -13.118008613586426 -0.02877296693623066 0.998046875 -0.055448733270168304 -2.382457971572876 0.4945751428604126 0.06242028996348381 0.8668904304504395 36.62338638305664
0.8683072924613953 -0.0024023421574383974 -0.4960208237171173 -13.620856285095215 -0.02856213040649891 0.9980869293212891 -0.054833292961120605 -2.440091133117676 0.4952036440372467 0.061779554933309555 0.8665775656700134 37.47738265991211
0.8679447174072266 -0.0024529979564249516 -0.49665477871894836 -14.127276420593262 -0.027633873745799065 0.9982002973556519 -0.05322258546948433 -2.501450538635254 0.4958915114402771 0.059918757528066635 0.8663148283958435 38.36542510986328
0.8678120374679565 -0.0034803254529833794 -0.4968804121017456 -14.649829864501953 -0.026156654581427574 0.9982690215110779 -0.052675358951091766 -2.5638816356658936 0.4962036609649658 0.0587090440094471 0.8662188649177551 39.2457275390625
0.8670929670333862 -0.00575240608304739 -0.4981132745742798 -15.173900604248047 -0.02399599924683571 0.9982901811599731 -0.05329978093504906 -2.627540349960327 0.4975682199001312 0.05816859006881714 0.8654723167419434 40.15514373779297
0.8659184575080872 -0.0084126191213727 -0.5001143217086792 -15.703399658203125 -0.021328551694750786 0.9983280897140503 -0.05372240021824837 -2.689378499984741 0.49973005056381226 0.05718593671917915 0.8642913699150085 41.06586456298828
0.8642160892486572 -0.008840622380375862 -0.5030430555343628 -16.246023178100586 -0.019962163642048836 0.9984556436538696 -0.05184166878461838 -2.7484865188598633 0.5027245283126831 0.05484423413872719 0.8627051115036011 42.00370407104492
0.8622380495071411 -0.008110838010907173 -0.5064384341239929 -16.78843116760254 -0.018798431381583214 0.9986703991889954 -0.047999490052461624 -2.8103065490722656 0.5061542987823486 0.05090722441673279 0.8609392642974854 42.90858459472656
0.8593733906745911 -0.008107666857540607 -0.5112844705581665 -17.338979721069336 -0.016828572377562523 0.9988842010498047 -0.04412543773651123 -2.870842456817627 0.5110716223716736 0.04652441293001175 0.8582780361175537 43.8300666809082
0.8553584218025208 -0.008706607855856419 -0.5179633498191833 -17.911014556884766 -0.01513754203915596 0.9990116357803345 -0.041790664196014404 -2.9375057220458984 0.5178152322769165 0.04358668997883797 0.8543813824653625 44.755550384521484
0.8500996232032776 -0.012150317430496216 -0.5264816880226135 -18.476505279541016 -0.013227292336523533 0.9989257454872131 -0.04441138729453087 -2.992112636566162 0.5264556407928467 0.044718027114868164 0.8490257859230042 45.660797119140625
0.8440104126930237 -0.01617393083870411 -0.5360828638076782 -19.045785903930664 -0.011263522319495678 0.9987902045249939 -0.04786740988492966 -3.049079656600952 0.5362085103988647 0.04643877223134041 0.8428071737289429 46.55669403076172
0.8378597497940063 -0.01554621011018753 -0.5456641316413879 -19.631275177001953 -0.012012692168354988 0.9988272190093994 -0.046902332454919815 -3.115044593811035 0.5457533597946167 0.045852478593587875 0.836690366268158 47.45669937133789
0.8321511745452881 -0.011983775533735752 -0.5544193983078003 -20.236108779907227 -0.013250423595309258 0.9990512132644653 -0.0414825975894928 -3.1764869689941406 0.5543904900550842 0.041866086423397064 0.8312029242515564 48.34235382080078
0.82700115442276 -0.007221092935651541 -0.5621539950370789 -20.866073608398438 -0.01664317212998867 0.9991648197174072 -0.03731893002986908 -3.232497215270996 0.5619538426399231 0.04021883010864258 0.826190173625946 49.24055862426758
0.8229429721832275 -0.007368168793618679 -0.5680761337280273 -21.47989273071289 -0.017745276913046837 0.9990946650505066 -0.038665320724248886 -3.2871146202087402 0.5678467154502869 0.04190002754330635 0.8220672011375427 50.11408615112305
0.819298505783081 -0.009707205928862095 -0.573284924030304 -22.098663330078125 -0.018042653799057007 0.9989250302314758 -0.04269967973232269 -3.3483543395996094 0.573083221912384 0.04532737284898758 0.8182426691055298 50.994964599609375
0.8163563013076782 -0.011343961581587791 -0.5774371027946472 -22.72507095336914 -0.021516352891921997 0.998515784740448 -0.05003512650728226 -3.4031929969787598 0.5771475434303284 0.0532708466053009 0.8149005174636841 51.870750427246094
0.812955915927887 -0.012784641236066818 -0.5821848511695862 -23.355472564697266 -0.021168287843465805 0.9984493851661682 -0.051484860479831696 -3.4669620990753174 0.581940233707428 0.054178785532712936 0.811424732208252 52.7524299621582
0.8098499178886414 -0.01075734943151474 -0.5865382552146912 -23.9885196685791 -0.021066654473543167 0.9986536502838135 -0.04740303382277489 -3.5306742191314697 0.5862585306167603 0.050745755434036255 0.8085330128669739 53.60287094116211
0.8068279027938843 -0.008459387347102165 -0.5907259583473206 -24.637332916259766 -0.020561378449201584 0.9988896250724792 -0.04238765686750412 -3.587310791015625 0.5904285311698914 0.04634568840265274 0.8057581782341003 54.469573974609375
0.8039206266403198 -0.005998548120260239 -0.5947062969207764 -25.283586502075195 -0.021560588851571083 0.9989978671073914 -0.039221957325935364 -3.647639036178589 0.5943455696105957 0.04435355216264725 0.8029857277870178 55.333526611328125
0.800582766532898 -0.006486065220087767 -0.5991870760917664 -25.931480407714844 -0.021650804206728935 0.998975396156311 -0.039741646498441696 -3.70065975189209 0.5988308787345886 0.04478934407234192 0.7996220588684082 56.1884651184082
0.7970902919769287 -0.007619563490152359 -0.6038122177124023 -26.59394073486328 -0.02202734537422657 0.9988880157470703 -0.04168328642845154 -3.7527778148651123 0.6034583449363708 0.046525709331035614 0.7960360646247864 57.05549621582031
0.7929691672325134 -0.010831083171069622 -0.6091654896736145 -27.26881980895996 -0.02058635652065277 0.9987947344779968 -0.04455666244029999 -3.8100075721740723 0.6089138388633728 0.04787255451083183 0.7917904257774353 57.915771484375
0.7887732982635498 -0.011965199373662472 -0.614567756652832 -27.90884017944336 -0.019650639966130257 0.998808741569519 -0.04466690495610237 -3.865661382675171 0.6143700480461121 0.04730872064828873 0.7875984907150269 58.728458404541016
0.7842579483985901 -0.01194528304040432 -0.6203199028968811 -28.588462829589844 -0.01934569515287876 0.9988576769828796 -0.04369303956627846 -3.9256343841552734 0.6201332211494446 0.046267129480838776 0.7831310629844666 59.573421478271484
0.7795307636260986 -0.011041903868317604 -0.6262667179107666 -29.267681121826172 -0.020236235111951828 0.9988787174224854 -0.04280010983347893 -3.9861297607421875 0.6260371208190918 0.046037282794713974 0.7784332036972046 60.388916015625
0.7740902304649353 -0.013065064325928688 -0.632940411567688 -29.962642669677734 -0.019152674823999405 0.9988459944725037 -0.04404187574982643 -4.043999671936035 0.632785439491272 0.04621489346027374 0.7729467749595642 61.246376037597656
0.7688594460487366 -0.014540214091539383 -0.6392523646354675 -30.665481567382812 -0.01857490837574005 0.9988115429878235 -0.045059554278850555 -4.103653907775879 0.6391478180885315 0.04651852324604988 0.7676756978034973 62.08049774169922
0.7631673812866211 -0.015482067130506039 -0.6460152864456177 -31.367717742919922 -0.01836230792105198 0.9987896084785461 -0.045628707855939865 -4.167723178863525 0.6459397673606873 0.04668467491865158 0.761959433555603 62.91066360473633
0.757080078125 -0.018263770267367363 -0.6530668139457703 -32.09272003173828 -0.01589355058968067 0.9987984895706177 -0.04635746404528618 -4.238420486450195 0.6531287431716919 0.045475855469703674 0.7558801174163818 63.75365447998047
0.7509352564811707 -0.019872670993208885 -0.6600767970085144 -32.82133865356445 -0.015254971571266651 0.9987583756446838 -0.047424014657735825 -4.300879001617432 0.6601997017860413 0.04568181559443474 0.749699592590332 64.58075714111328
0.7447758913040161 -0.0209557693451643 -0.6669854521751404 -33.573204040527344 -0.014358019456267357 0.9987723231315613 -0.04741263762116432 -4.370179176330566 0.6671602129936218 0.044888392090797424 0.7435606718063354 65.40367126464844
0.7384828925132751 -0.02078499272465706 -0.6739517450332642 -34.33209991455078 -0.013511485420167446 0.9988679885864258 -0.04561077803373337 -4.435634136199951 0.6741368174552917 0.042788874357938766 0.7373661994934082 66.22858428955078
0.7319461703300476 -0.021238548681139946 -0.681031346321106 -35.101654052734375 -0.012878783978521824 0.998904287815094 -0.04499330744147301 -4.493566513061523 0.6812407374382019 0.04170353338122368 0.7308706641197205 67.04621887207031
0.7254107594490051 -0.022971346974372864 -0.6879328489303589 -35.85932540893555 -0.011800235137343407 0.9988811016082764 -0.04579759016633034 -4.55808162689209 0.6882150173187256 0.04133983328938484 0.7243280410766602 67.84329986572266
0.7185570597648621 -0.025409648194909096 -0.6950038075447083 -36.644012451171875 -0.010522310622036457 0.9988207221031189 -0.04739624261856079 -4.619821548461914 0.6953883767127991 0.041369955986738205 0.7174422144889832 68.66925048828125
0.7128488421440125 -0.024665629491209984 -0.7008838653564453 -37.44877624511719 -0.011939659714698792 0.9988095760345459 -0.047293778508901596 -4.682116508483887 0.7012159824371338 0.04208163172006607 0.7117059230804443 69.46334075927734
0.7073395848274231 -0.02406364493072033 -0.7064642310142517 -38.26475524902344 -0.01216235663741827 0.9988581538200378 -0.04620061069726944 -4.747722625732422 0.7067692875862122 0.041271790862083435 0.7062392234802246 70.26905822753906
0.7023254632949829 -0.02377677895128727 -0.7114588618278503 -39.08125305175781 -0.013226707465946674 0.9988336563110352 -0.04643768444657326 -4.808516502380371 0.7117331027984619 0.04202462360262871 0.7011917233467102 71.06709289550781
0.6974822282791138 -0.02442282810807228 -0.7161857485771179 -39.905792236328125 -0.013525303453207016 0.9987924098968506 -0.04723215103149414 -4.873430252075195 0.7164743542671204 0.04263021796941757 0.6963096857070923 71.86653137207031
0.6923050880432129 -0.026444345712661743 -0.7211201786994934 -40.747108459472656 -0.01439130399376154 0.9986235499382019 -0.05043698102235794 -4.94049072265625 0.7214614152908325 0.045295633375644684 0.6909716129302979 72.65510559082031
0.687654972076416 -0.029355207458138466 -0.7254438400268555 -41.58999252319336 -0.012702167965471745 0.9985429644584656 -0.05244670808315277 -5.011102199554443 0.7259265184402466 0.04527995362877846 0.6862801313400269 73.43629455566406
0.682066798210144 -0.029345380142331123 -0.7307008504867554 -42.451934814453125 -0.014095988124608994 0.9984813332557678 -0.05325738713145256 -5.083894729614258 0.7311540246009827 0.0466250441968441 0.6806172728538513 74.24250030517578
0.677153468132019 -0.02915353514254093 -0.7352640628814697 -43.324745178222656 -0.013653216883540154 0.9985450506210327 -0.0521668940782547 -5.154576301574707 0.7357151508331299 0.04536372795701027 0.6757702231407166 75.0354995727539
0.6723764538764954 -0.02914498560130596 -0.7396354079246521 -44.20490646362305 -0.012945967726409435 0.9986086487770081 -0.05111844092607498 -5.225831031799316 0.7400960922241211 0.04394612833857536 0.6710637807846069 75.8184814453125
0.6668391823768616 -0.030314238741993904 -0.7445847988128662 -45.087257385253906 -0.012446173466742039 0.998579740524292 -0.051801737397909164 -5.300518989562988 0.7450976967811584 0.0438106507062912 0.6655148863792419 76.61309814453125
0.6620202660560608 -0.03150978311896324 -0.7488232851028442 -45.963539123535156 -0.011391975916922092 0.998577356338501 -0.05209062620997429 -5.368561744689941 0.7493994235992432 0.043015629053115845 0.6607195734977722 77.38504028320312
0.6578641533851624 -0.03203418478369713 -0.752454936504364 -46.878135681152344 -0.010690894909203053 0.9985971450805664 -0.051860108971595764 -5.444228172302246 0.7530606985092163 0.042161326855421066 0.6565987467765808 78.16226959228516
0.6537344455718994 -0.032841019332408905 -0.7560111284255981 -47.774383544921875 -0.009369546547532082 0.9986299276351929 -0.051482342183589935 -5.519651889801025 0.7566660642623901 0.040739260613918304 0.6525310277938843 78.93620300292969
0.6496983766555786 -0.03590811416506767 -0.7593434453010559 -48.69342803955078 -0.006269350647926331 0.9985966682434082 -0.05258610099554062 -5.59644079208374 0.7601662278175354 0.03892569616436958 0.6485616564750671 79.71762084960938
0.6453960537910461 -0.04029838368296623 -0.7627843022346497 -49.603607177734375 -0.003784769680351019 0.9984263181686401 -0.055949822068214417 -5.66855525970459 0.7638387680053711 0.038996756076812744 0.6442279815673828 80.48039245605469
0.6409022808074951 -0.04477867856621742 -0.7663152813911438 -50.53206253051758 0.0004882719658780843 0.9983206987380981 -0.05792725086212158 -5.7386956214904785 0.7676222920417786 0.03675154224038124 0.6398478746414185 81.25047302246094
0.6338841319084167 -0.048111021518707275 -0.7719301581382751 -51.46339416503906 0.005262500606477261 0.9983085989952087 -0.05789880082011223 -5.816678524017334 0.7734100222587585 0.032638851553201675 0.6330651044845581 82.0262680053711
0.6257818341255188 -0.051997460424900055 -0.7782630324363708 -52.39839172363281 0.010306594893336296 0.9982396364212036 -0.05840729922056198 -5.904235363006592 0.779930055141449 0.028528980910778046 0.6252161264419556 82.77127075195312
0.6167908310890198 -0.05261991545557976 -0.7853662371635437 -53.352874755859375 0.01278938539326191 0.9983012080192566 -0.056842461228370667 -5.988376617431641 0.7870232462882996 0.025015560910105705 0.6164160966873169 83.50965881347656
0.6083163619041443 -0.051142144948244095 -0.7920452356338501 -54.31785202026367 0.0133212860673666 0.9984391927719116 -0.05423775687813759 -6.069833278656006 0.7935828566551208 0.022442657500505447 0.6080482006072998 84.23729705810547
0.5990909934043884 -0.05132443085312843 -0.7990342378616333 -55.29938507080078 0.012964192777872086 0.9984344244003296 -0.054412368685007095 -6.144786357879639 0.8005759716033936 0.02223913185298443 0.5988185405731201 84.97701263427734
0.5899039506912231 -0.052674680948257446 -0.8057534694671631 -56.30076217651367 0.012192844413220882 0.9983372688293457 -0.05633793771266937 -6.223719596862793 0.8073813319206238 0.023409545421600342 0.5895654559135437 85.68511962890625
0.5796574354171753 -0.054605673998594284 -0.8130285739898682 -57.306724548339844 0.012621365487575531 0.9982340335845947 -0.058046139776706696 -6.311334133148193 0.8147623538970947 0.02338535338640213 0.5793230533599854 86.3991928100586
0.5699222087860107 -0.05657138302922249 -0.8197489380836487 -58.340240478515625 0.013039486482739449 0.9981241226196289 -0.05981559678912163 -6.386789798736572 0.8215951919555664 0.023401131853461266 0.5695908665657043 87.11241149902344
0.5595296025276184 -0.05684799328446388 -0.8268585801124573 -59.36717224121094 0.01594405248761177 0.9981985092163086 -0.057838715612888336 -6.481061935424805 0.8286569118499756 0.019178997725248337 0.5594280958175659 87.81831359863281
0.5494058132171631 -0.056992411613464355 -0.8336096405982971 -60.39568328857422 0.01705504208803177 0.9982282519340515 -0.05700663477182388 -6.5613017082214355 0.8353815674781799 0.017102530226111412 0.5494042634963989 88.48725128173828
0.5394018888473511 -0.0577821359038353 -0.8400635719299316 -61.45588684082031 0.01753869839012623 0.9981973767280579 -0.0573975145816803 -6.643304347991943 0.8418657779693604 0.01622670330107212 0.5394428968429565 89.15185546875
0.5287268757820129 -0.058448582887649536 -0.8467772603034973 -62.52680969238281 0.01678924448788166 0.9981513023376465 -0.058413948863744736 -6.734166145324707 0.8486260175704956 0.016668274998664856 0.5287306308746338 89.82371520996094
0.5185149312019348 -0.05934912711381912 -0.8530064225196838 -63.591766357421875 0.015664784237742424 0.9980801939964294 -0.05992073193192482 -6.814177989959717 0.8549250960350037 0.01770763471722603 0.5184491872787476 90.47222900390625
0.5087141990661621 -0.060255374759435654 -0.8588241934776306 -64.67568969726562 0.015205057337880135 0.9980210661888123 -0.06101493164896965 -6.905778408050537 0.860801100730896 0.01798068918287754 0.5086236000061035 91.10829162597656
0.49896860122680664 -0.060324084013700485 -0.8645179271697998 -65.76703643798828 0.013850430957973003 0.9980019927024841 -0.06164433807134628 -6.991554260253906 0.8665094375610352 0.01878463476896286 0.4988071620464325 91.73416137695312
0.4901403784751892 -0.05800964683294296 -0.8697109222412109 -66.89044952392578 0.01302395761013031 0.9981591105461121 -0.05923722684383392 -7.0832624435424805 0.8715460896492004 0.01770748384296894 0.4899936020374298 92.36001586914062
0.4823931157588959 -0.0567634180188179 -0.8741136789321899 -68.0090103149414 0.013568474911153316 0.9982627630233765 -0.057337455451488495 -7.1668548583984375 0.875849723815918 0.01579880528151989 0.4823252558708191 92.970458984375
0.47465968132019043 -0.056443288922309875 -0.8783578276634216 -69.11419677734375 0.0133890425786376 0.9982892274856567 -0.05691473186016083 -7.260367393493652 0.8800676465034485 0.015254758298397064 0.4746033847332001 93.56841278076172
0.4667244255542755 -0.05955943465232849 -0.8823950290679932 -70.21741485595703 0.015072249807417393 0.9981205463409424 -0.05939846485853195 -7.344703197479248 0.8842743635177612 0.014423033222556114 0.46674495935440063 94.1556625366211
0.45964857935905457 -0.06276237219572067 -0.8858804106712341 -71.35107421875 0.0180472731590271 0.9979538917541504 -0.06133847311139107 -7.437628746032715 0.8879175186157227 0.012206418439745903 0.4598408043384552 94.74362182617188
0.45367464423179626 -0.06566593796014786 -0.8887447714805603 -72.48658752441406 0.0188639797270298 0.997765839099884 -0.06409163028001785 -7.533265113830566 0.8909676671028137 0.012311484664678574 0.4538997411727905 95.31935119628906
0.4480157792568207 -0.06946059316396713 -0.8913232684135437 -73.62922668457031 0.021063968539237976 0.9975205659866333 -0.06714891642332077 -7.629970073699951 0.8937774300575256 0.01130896620452404 0.44836804270744324 95.89915466308594
0.44315260648727417 -0.07020582258701324 -0.8936928510665894 -74.77163696289062 0.024132415652275085 0.99750155210495 -0.06639426201581955 -7.736562252044678 0.8961212635040283 0.007855825126171112 0.443739652633667 96.46873474121094
0.4388689696788788 -0.0676097422838211 -0.8960038423538208 -75.92041015625 0.025774311274290085 0.9977021813392639 -0.06265915185213089 -7.835871696472168 0.8981813192367554 0.004405279643833637 0.43960312008857727 97.03378295898438
0.43486571311950684 -0.06614882498979568 -0.8980624079704285 -77.05847930908203 0.029457641765475273 0.9978095889091492 -0.05923174321651459 -7.933351993560791 0.9000133872032166 -0.0006969417445361614 0.435861736536026 97.58963012695312
0.4317738711833954 -0.0651194229722023 -0.8996281623840332 -78.20616149902344 0.029789455235004425 0.9978758692741394 -0.05793371424078941 -8.022713661193848 0.9014898538589478 -0.0017851657466962934 0.4327965974807739 98.14021301269531
0.4290792644023895 -0.06509581953287125 -0.900918185710907 -79.33356475830078 0.03157796338200569 0.9978711009025574 -0.057061567902565 -8.111150741577148 0.9027146697044373 -0.003965228330343962 0.4302213788032532 98.67208099365234
0.4267784655094147 -0.06386953592300415 -0.9020981192588806 -80.47212219238281 0.033061083406209946 0.9979380369186401 -0.055014077574014664 -8.207213401794434 0.903751790523529 -0.006345515605062246 0.42801007628440857 99.20074462890625
0.42396557331085205 -0.0635698214173317 -0.9034445285797119 -81.6123046875 0.035570885986089706 0.9979326725006104 -0.05352577939629555 -8.28498363494873 0.9049794673919678 -0.009443231858313084 0.4253503978252411 99.74139404296875
0.4216500222682953 -0.06486055999994278 -0.904435932636261 -82.74261474609375 0.038070179522037506 0.9978252649307251 -0.053809456527233124 -8.366044044494629 0.9059590697288513 -0.011743278242647648 0.4232023060321808 100.27203369140625
0.4188269376754761 -0.06489420682191849 -0.9057442545890808 -83.84058380126953 0.03970152512192726 0.9977980256080627 -0.053131166845560074 -8.450037002563477 0.9071977734565735 -0.013706673868000507 0.4204810857772827 100.79486846923828
0.41641032695770264 -0.06420625746250153 -0.90690678358078 -84.94795989990234 0.04311741515994072 0.9977754950523376 -0.050841931253671646 -8.52885913848877 0.9081538319587708 -0.017932379618287086 0.4182523787021637 101.31498718261719
0.41438549757003784 -0.06390853226184845 -0.9078547954559326 -86.05662536621094 0.04534105584025383 0.9977424144744873 -0.04954048991203308 -8.608587265014648 0.9089713096618652 -0.020634228363633156 0.4163477122783661 101.81648254394531
0.41305288672447205 -0.06574203073978424 -0.908331036567688 -87.15330505371094 0.04756646975874901 0.9975870847702026 -0.050571803003549576 -8.682254791259766 0.9094640016555786 -0.022317271679639816 0.41518330574035645 102.31083679199219
0.4113137722015381 -0.06593457609415054 -0.9091059565544128 -88.22815704345703 0.04878133535385132 0.9975431561470032 -0.05027814581990242 -8.777761459350586 0.9101875424385071 -0.02366730198264122 0.4135197103023529 102.80618286132812
0.4105790853500366 -0.06698109209537506 -0.9093615412712097 -89.29161834716797 0.04839416220784187 0.9974933862686157 -0.051622554659843445 -8.857322692871094 0.9105399250984192 -0.022812645882368088 0.4127914011478424 103.28681945800781
0.41091182827949524 -0.0675133764743805 -0.9091718196868896 -90.33792114257812 0.04801077023148537 0.997472882270813 -0.05237138271331787 -8.942331314086914 0.9104100465774536 -0.022130019962787628 0.41311484575271606 103.77322387695312
0.4134990870952606 -0.06746448576450348 -0.9080015420913696 -91.3909683227539 0.04596167057752609 0.9975263476371765 -0.05318547040224075 -9.023412704467773 0.9093437194824219 -0.019741132855415344 0.4155769348144531 104.23507690429688
0.41774284839630127 -0.06749553978443146 -0.9060547947883606 -92.4268798828125 0.043679267168045044 0.9975757002830505 -0.05417465791106224 -9.10377025604248 0.907514750957489 -0.016944732517004013 0.4196782410144806 104.7127685546875
0.42304497957229614 -0.0677783414721489 -0.9035701751708984 -93.46687316894531 0.04210687801241875 0.9975916743278503 -0.055116917937994 -9.188026428222656 0.9051297903060913 -0.01472958642989397 0.4248800575733185 105.18341064453125
0.42880329489707947 -0.06806033849716187 -0.9008304476737976 -94.48893737792969 0.04196123778820038 0.9975823163986206 -0.05539629980921745 -9.265795707702637 0.9024228453636169 -0.014045851305127144 0.4306224286556244 105.6697998046875
0.4354563057422638 -0.06710158288478851 -0.8977055549621582 -95.49429321289062 0.040779802948236465 0.9976646900177002 -0.054791975766420364 -9.341089248657227 0.8992857336997986 -0.012748745270073414 0.43717584013938904 106.16082000732422
0.44382888078689575 -0.06523947417736053 -0.8937336206436157 -96.50871276855469 0.03968411311507225 0.9977988004684448 -0.053128715604543686 -9.422624588012695 0.8952324390411377 -0.011886967346072197 0.4454408586025238 106.65116882324219
0.45263534784317017 -0.06496355682611465 -0.8893261551856995 -97.48748779296875 0.039102647453546524 0.9978293180465698 -0.05298764631152153 -9.49881362915039 0.8908379077911377 -0.010790918953716755 0.454193115234375 107.14646911621094
0.46214789152145386 -0.06455782055854797 -0.8844498991966248 -98.47370910644531 0.038032166659832 0.9978718161582947 -0.052963946014642715 -9.569914817810059 0.8859869837760925 -0.009160368703305721 0.46361976861953735 107.6539535522461
0.4718720316886902 -0.06476344168186188 -0.8792852163314819 -99.448974609375 0.03678244352340698 0.9978763461112976 -0.05375877022743225 -9.654008865356445 0.8808994293212891 -0.0069750030525028706 0.4732520282268524 108.174072265625
0.482085257768631 -0.06626568734645844 -0.8736147284507751 -100.41912078857422 0.03550818935036659 0.9977940320968628 -0.056090570986270905 -9.727746963500977 0.8754044771194458 -0.003980032168328762 0.48337480425834656 108.71031188964844
0.49373385310173035 -0.06741458177566528 -0.8669961094856262 -101.37531280517578 0.03368271887302399 0.9977250099182129 -0.05839809775352478 -9.799324989318848 0.8689605593681335 -0.0003696642816066742 0.4948813021183014 109.24697875976562
0.506129801273346 -0.06544644385576248 -0.8599705696105957 -102.32713317871094 0.03147493675351143 0.9978540539741516 -0.057415448129177094 -9.880870819091797 0.8618828058242798 0.0019921492785215378 0.5071036219596863 109.79794311523438
0.5193670988082886 -0.06270410865545273 -0.8522476553916931 -103.26484680175781 0.02960227057337761 0.9980258345603943 -0.0553898848593235 -9.956336975097656 0.8540383577346802 0.0035392208956182003 0.5201980471611023 110.34931945800781
0.5317710041999817 -0.05916791409254074 -0.8448187708854675 -104.19383239746094 0.02785118855535984 0.9982386231422424 -0.052381936460733414 -10.051187515258789 0.8464301228523254 0.004325994290411472 0.5324822664260864 110.92342376708984
0.5438499450683594 -0.05893639102578163 -0.8371104598045349 -105.10838317871094 0.028429416939616203 0.9982522130012512 -0.05181162431836128 -10.121078491210938 0.8387008309364319 0.004379189107567072 0.5445749163627625 111.50713348388672
