1.0 0.0 0.0 0.0 0.0 1.0 0.0 0.0 0.0 0.0 1.0 0.0
0.9998738765716553 0.0014815120957791805 0.01581086590886116 0.010658899322152138 -0.0014667249051854014 0.9999984502792358 -0.0009468067437410355 -0.0031204894185066223 -0.01581224426627159 0.000923497136682272 0.9998745322227478 0.12630844116210938
0.9992920160293579 0.004315442405641079 0.03737480938434601 0.027103569358587265 -0.00430279178544879 0.9999906420707703 -0.00041890237480401993 -0.004586748778820038 -0.03737626597285271 0.00025778976851142943 0.9993012547492981 0.27249518036842346
0.997894823551178 0.00597360311076045 0.0645773857831955 0.05626475438475609 -0.0060487291775643826 0.9999812245368958 0.0009679025388322771 -0.004885190632194281 -0.06457039713859558 -0.0013564761029556394 0.9979122281074524 0.4362756907939911
0.9951316118240356 0.0056425477378070354 0.09839340299367905 0.10303924977779388 -0.005991210695356131 0.9999767541885376 0.003248450579121709 -0.004261729307472706 -0.09837278723716736 -0.0038221317809075117 0.9951422810554504 0.608512818813324
0.9906309843063354 0.002544806571677327 0.13654236495494843 0.16354499757289886 -0.0032935128547251225 0.9999807476997375 0.0052576931193470955 -0.005482336040586233 -0.13652634620666504 -0.005658137612044811 0.9906202554702759 0.793430507183075
0.984343409538269 -0.0002016429789364338 0.17626190185546875 0.23646920919418335 -0.000773480162024498 0.9999846816062927 0.005463514477014542 -0.004282728768885136 -0.1762603223323822 -0.005514309275895357 0.9843280911445618 0.9888357520103455
0.9755606055259705 -0.0005167522467672825 0.21972985565662384 0.320292592048645 -0.0009889740031212568 0.9999767541885376 0.006742570549249649 -0.0018641594797372818 -0.2197282463312149 -0.006795094348490238 0.9755374789237976 1.190151572227478
0.963390052318573 -0.00036573142278939486 0.2681030333042145 0.4126204252243042 -0.0022991353180259466 0.9999510049819946 0.009625694714486599 0.001290637068450451 -0.26809343695640564 -0.009889703243970871 0.9633421897888184 1.4077068567276
0.9489458799362183 -0.003866089740768075 0.31541499495506287 0.5302630066871643 -0.0014872535830363631 0.9998588562011719 0.016729921102523804 -0.00241837278008461 -0.3154352009296417 -0.016344891861081123 0.9488063454627991 1.6199307441711426
0.9319251775741577 -0.013325463980436325 0.36240577697753906 0.6701593995094299 0.0046369764022529125 0.9996808767318726 0.024833757430315018 -0.007193390280008316 -0.3626209795475006 -0.021462734788656235 0.9316895008087158 1.8310266733169556
0.9105669856071472 -0.018272466957569122 0.41295748949050903 0.8255611658096313 0.00696071470156312 0.9995586276054382 0.028879981487989426 -0.003477327525615692 -0.4133029282093048 -0.023422682657837868 0.9102922677993774 2.0532357692718506
0.8850486278533936 -0.019727155566215515 0.4650803208351135 0.9948804378509521 0.005035965237766504 0.9994488954544067 0.03280983120203018 0.0017504766583442688 -0.4654712975025177 -0.02669617161154747 0.8846602439880371 2.2865588665008545
0.8568403124809265 -0.022068241611123085 0.5151093006134033 1.183624505996704 0.0032430237624794245 0.9992944002151489 0.03741713985800743 0.0037965700030326843 -0.515571653842926 -0.030390003696084023 0.8563073873519897 2.4995718002319336
0.8244060277938843 -0.02637840062379837 0.5653837323188782 1.368536353111267 0.0035516766365617514 0.9991348385810852 0.04143655672669411 0.00897148996591568 -0.5659875869750977 -0.03215248882770538 0.8237864971160889 2.6986136436462402
0.7882381081581116 -0.03198108822107315 0.6145387291908264 1.5990725755691528 0.005567895248532295 0.9989784359931946 0.04484597221016884 0.010636717081069946 -0.6153451204299927 -0.031927622854709625 0.7876108884811401 2.908869743347168
0.7497255206108093 -0.035565875470638275 0.6607924699783325 1.8382419347763062 0.0056928470730781555 0.9988643527030945 0.04730291664600372 0.018649309873580933 -0.6617244482040405 -0.03170241415500641 0.7490766048431396 3.125904083251953
0.7094677686691284 -0.038363683968782425 0.7036927938461304 2.1096434593200684 0.006394138094037771 0.9988265037536621 0.0480070561170578 0.03488127887248993 -0.7047088146209717 -0.029559951275587082 0.7088807225227356 3.3359551429748535
0.6670411825180054 -0.04012826457619667 0.7439393401145935 2.4059908390045166 0.00535209197551012 0.9987807273864746 0.04907559975981712 0.04960864782333374 -0.7450016140937805 -0.02875381149351597 0.6664426326751709 3.5585343837738037
0.6240399479866028 -0.04000908508896828 0.7803675532341003 2.7383856773376465 0.0001559776719659567 0.9986947178840637 0.05107787996530533 0.06652697920799255 -0.7813925743103027 -0.03175291046500206 0.6232315301895142 3.7837533950805664
0.5823791027069092 -0.04062480479478836 0.8119015693664551 3.0800013542175293 -0.002965250751003623 0.9986377358436584 0.052095431834459305 0.08096982538700104 -0.8129117488861084 -0.03274678811430931 0.5814653635025024 3.985452890396118
0.5415706038475037 -0.041970983147621155 0.8396069407463074 3.4547677040100098 -0.004738972522318363 0.9985846281051636 0.0529748760163784 0.09861995279788971 -0.8406418561935425 -0.03266850858926773 0.5406052470207214 4.1939592361450195
0.5026747584342957 -0.04395167902112007 0.863357663154602 3.8688175678253174 -0.00663087610155344 0.998481273651123 0.05469125136733055 0.11771073937416077 -0.8644501566886902 -0.033216726034879684 0.5016199350357056 4.4039506912231445
0.4657779633998871 -0.04357174038887024 0.8838282227516174 4.2911787033081055 -0.0095672607421875 0.9984806776046753 0.054265931248664856 0.13498936593532562 -0.8848499059677124 -0.03373168781399727 0.46465349197387695 4.5985107421875
0.4293100833892822 -0.0426115058362484 0.902151346206665 4.750337600708008 -0.010684782639145851 0.9985768795013428 0.05225059762597084 0.1594773232936859 -0.9030939936637878 -0.03207099437713623 0.42824381589889526 4.787403106689453
0.395427942276001 -0.04120708629488945 0.9175722599029541 5.244104385375977 -0.009645366109907627 0.998751699924469 0.04900944232940674 0.1809859424829483 -0.9184463620185852 -0.02823001891374588 0.3945368528366089 4.976089000701904
0.3660202920436859 -0.039600521326065063 0.929763913154602 5.758973121643066 -0.007299723103642464 0.9989412426948547 0.04542060196399689 0.1991720050573349 -0.9305782318115234 -0.023411883041262627 0.36534371972084045 5.1514081954956055
0.34093719720840454 -0.03770086541771889 0.9393296837806702 6.305125713348389 -0.006106523796916008 0.9990856051445007 0.04231562092900276 0.2233675718307495 -0.9400662183761597 -0.02016301266849041 0.3403952717781067 5.326122283935547
0.3204646408557892 -0.03725713863968849 0.9465274214744568 6.880424976348877 -0.004796507768332958 0.9991496205329895 0.04095239192247391 0.24670542776584625 -0.9472483396530151 -0.01766381971538067 0.3200133740901947 5.506559371948242
0.3053700625896454 -0.03777259215712547 0.9514842629432678 7.485795021057129 -0.004040599334985018 0.9991525411605835 0.04096174240112305 0.26810330152511597 -0.9522252082824707 -0.016353057697415352 0.30495861172676086 5.707988739013672
0.2940441370010376 -0.039057470858097076 0.9549934267997742 8.110530853271484 -0.003183686640113592 0.9991191029548645 0.04184238612651825 0.2944793403148651 -0.9557865262031555 -0.015343909151852131 0.2936607003211975 5.8864054679870605
0.28324559330940247 -0.040510039776563644 0.9581915140151978 8.777705192565918 -0.004641010891646147 0.9990379214286804 0.04360883682966232 0.32557469606399536 -0.9590362310409546 -0.016798987984657288 0.2827850878238678 6.0789103507995605
0.27248579263687134 -0.04255365580320358 0.9612183570861816 9.452352523803711 -0.0060895816422998905 0.9989253282546997 0.04594922810792923 0.3447880148887634 -0.9621405601501465 -0.01837393082678318 0.27193373441696167 6.277614593505859
0.2625356912612915 -0.04432135447859764 0.9639039635658264 10.156091690063477 -0.0069659058935940266 0.9988314509391785 0.04782464727759361 0.37303856015205383 -0.9648971557617188 -0.019270138815045357 0.26192009449005127 6.466219425201416
0.25287672877311707 -0.046183228492736816 0.9663954973220825 10.87303638458252 -0.007831709459424019 0.9987296462059021 0.049777764827013016 0.4035554826259613 -0.9674667716026306 -0.020156167447566986 0.25219374895095825 6.640580177307129
0.24196289479732513 -0.04734796658158302 0.9691296815872192 11.617650032043457 -0.008228054270148277 0.998672604560852 0.05084562674164772 0.4404168725013733 -0.9702506065368652 -0.020276805385947227 0.24125216901302338 6.834266662597656
0.23156696557998657 -0.048527419567108154 0.9716079235076904 12.378125190734863 -0.00816352665424347 0.9986229538917542 0.051822349429130554 0.47516199946403503 -0.972784698009491 -0.019932089373469353 0.230851948261261 7.013404846191406
0.22162187099456787 -0.05161143094301224 0.9737658500671387 13.167348861694336 -0.009351530112326145 0.9984399080276489 0.05504753440618515 0.509192943572998 -0.9750878214836121 -0.02130594290792942 0.2207934707403183 7.187225341796875
0.20995646715164185 -0.05513482168316841 0.9761548638343811 13.959563255310059 -0.011208225041627884 0.9982075095176697 0.05879109352827072 0.541536808013916 -0.9776464700698853 -0.023284535855054855 0.208962082862854 7.363304138183594
0.19777365028858185 -0.05898049473762512 0.9784716367721558 14.75527572631836 -0.012036157771945 0.9979668259620667 0.06258843094110489 0.577028751373291 -0.9801738858222961 -0.024155382066965103 0.19666163623332977 7.521638870239258
0.18448831140995026 -0.0610976368188858 0.9809338450431824 15.558724403381348 -0.01339002139866352 0.9978169798851013 0.06466752290725708 0.6142270565032959 -0.9827433824539185 -0.02506512589752674 0.1832674741744995 7.677206039428711
0.17040957510471344 -0.061375439167022705 0.983460009098053 16.375871658325195 -0.013023532927036285 0.9978308081626892 0.06452895700931549 0.6616976857185364 -0.9852872490882874 -0.023804474622011185 0.16924063861370087 7.819174766540527
0.1556597650051117 -0.0602274090051651 0.9859728813171387 17.18791961669922 -0.01456755492836237 0.9978910088539124 0.06325527280569077 0.701010525226593 -0.9877033233642578 -0.024209516122937202 0.15445411205291748 7.949196815490723
0.13995236158370972 -0.05911564081907272 0.9883919954299927 18.009355545043945 -0.015181345865130424 0.9979706406593323 0.06183817237615585 0.7375476360321045 -0.9900419116020203 -0.023659517988562584 0.1387709230184555 8.052145004272461
0.11925464123487473 -0.057934995740652084 0.9911719560623169 18.82489013671875 -0.017473379150032997 0.9980190396308899 0.060437556356191635 0.7655321955680847 -0.9927099347114563 -0.024526583030819893 0.11800609529018402 8.148704528808594
0.0931384265422821 -0.056487228721380234 0.9940494894981384 19.653051376342773 -0.021961482241749763 0.9980298280715942 0.05877111479640007 0.8020886182785034 -0.9954109191894531 -0.027304649353027344 0.09171438217163086 8.230986595153809
0.06288144737482071 -0.056251853704452515 0.9964344501495361 20.489835739135742 -0.02570718713104725 0.997987687587738 0.057961829006671906 0.8325539827346802 -0.997689962387085 -0.02926024980843067 0.06130882725119591 8.281476020812988
0.029874412342905998 -0.05572030693292618 0.9979994893074036 21.335739135742188 -0.028843799605965614 0.9979811310768127 0.0565827302634716 0.8707137107849121 -0.9991374015808105 -0.030476467683911324 0.02820691652595997 8.300042152404785
-0.004765026271343231 -0.05552448704838753 0.9984459280967712 22.185157775878906 -0.030125482007861137 0.9980120658874512 0.05535659193992615 0.8967719078063965 -0.9995347261428833 -0.029814889654517174 -0.006428256630897522 8.291563987731934
-0.03874683380126953 -0.05423293262720108 0.997776210308075 23.03451156616211 -0.031438130885362625 0.9980979561805725 0.05302957445383072 0.9285632371902466 -0.9987542629241943 -0.029313497245311737 -0.04037811607122421 8.252883911132812
-0.07149673253297806 -0.052276212722063065 0.9960699677467346 23.887035369873047 -0.03305352106690407 0.9982013702392578 0.05001553148031235 0.9557465314865112 -0.9968929886817932 -0.029347678646445274 -0.07309605181217194 8.182082176208496
-0.10444203019142151 -0.049665819853544235 0.9932900667190552 24.72087287902832 -0.03661562502384186 0.9982671737670898 0.04606463760137558 0.9737167358398438 -0.9938567280769348 -0.03155885264277458 -0.1060795783996582 8.105536460876465
-0.1366598904132843 -0.04472999647259712 0.9896076917648315 25.55963134765625 -0.033637166023254395 0.9986135363578796 0.04049192741513252 0.996925950050354 -0.9900467991828918 -0.02775396779179573 -0.13797500729560852 7.9730401039123535
-0.1682191789150238 -0.03909468278288841 0.9849740266799927 26.3956241607666 -0.02819681353867054 0.9989952445030212 0.034835588186979294 1.0118768215179443 -0.9853463172912598 -0.021913111209869385 -0.16915251314640045 7.816079616546631
-0.19828814268112183 -0.03255248814821243 0.9796030521392822 27.23836898803711 -0.020831048488616943 0.9993625283241272 0.0289925429970026 1.0249228477478027 -0.9799224138259888 -0.0146572794765234 -0.19883984327316284 7.62658166885376
-0.22732822597026825 -0.026830527931451797 0.9734485149383545 28.044193267822266 -0.015629850327968597 0.999592125415802 0.023901090025901794 1.0268681049346924 -0.9736927151679993 -0.00978146307170391 -0.22765488922595978 7.426873207092285
-0.2554554045200348 -0.020774945616722107 0.9665976166725159 28.862499237060547 -0.006926660425961018 0.9997827410697937 0.01965758576989174 1.0285630226135254 -0.9667960405349731 -0.0016736555844545364 -0.2555437982082367 7.193443775177002
-0.28089961409568787 -0.010208961553871632 0.9596828818321228 29.65597915649414 -0.00022123609960544854 0.9999440312385559 0.010572497732937336 1.0197216272354126 -0.9597371220588684 0.0027574943378567696 -0.28088611364364624 6.9344072341918945
-0.306679904460907 0.005610518157482147 0.9517962336540222 30.44840431213379 0.004427345469594002 0.9999802708625793 -0.004468003287911415 1.007799744606018 -0.9518024325370789 0.0028436831198632717 -0.3066987097263336 6.667697906494141
-0.33104178309440613 0.022523216903209686 0.9433472156524658 31.220375061035156 0.00488587561994791 0.9997426271438599 -0.022155143320560455 0.9838643670082092 -0.9436034560203552 -0.0027251997962594032 -0.3310665786266327 6.386300086975098
-0.35646069049835205 0.03750232607126236 0.9335573315620422 31.989540100097656 0.005377841182053089 0.999259889125824 -0.03808826580643654 0.9521366357803345 -0.9342948794364929 -0.008556445129215717 -0.3563985228538513 6.087871551513672
-0.38085097074508667 0.047707684338092804 0.92340487241745 32.747528076171875 0.009164243936538696 0.9988137483596802 -0.0478239580988884 0.9069938659667969 -0.9245910048484802 -0.009751494973897934 -0.3808363974094391 5.763860702514648
-0.40406346321105957 0.0519561842083931 0.9132542014122009 33.5019416809082 0.011754386126995087 0.998598039150238 -0.051610857248306274 0.8591666221618652 -0.9146554470062256 -0.010119320824742317 -0.4041077196598053 5.42523193359375
-0.4266570210456848 0.05146370828151703 0.9029481410980225 34.254451751708984 0.015521868132054806 0.9986493587493896 -0.04958389699459076 0.8017255067825317 -0.9042803049087524 -0.007139876950532198 -0.42687955498695374 5.0597991943359375
-0.446633905172348 0.04730793833732605 0.8934652209281921 34.99028015136719 0.019390568137168884 0.9988784193992615 -0.043196309357881546 0.7456755638122559 -0.894506573677063 -0.0019681353587657213 -0.4470503330230713 4.673357009887695
-0.46456384658813477 0.04634251818060875 0.884326159954071 35.718971252441406 0.027642695233225822 0.9989020228385925 -0.03782522678375244 0.6958308219909668 -0.8851080536842346 0.006872925907373428 -0.46533480286598206 4.27492618560791
-0.4780568480491638 0.04624513164162636 0.8771106004714966 36.424591064453125 0.028976447880268097 0.9988997578620911 -0.03687318414449692 0.6470812559127808 -0.8778507709503174 0.007788075599819422 -0.4788708984851837 3.8806934356689453
-0.488872766494751 0.050529252737760544 0.8708904981613159 37.12115478515625 0.03302023932337761 0.9986774325370789 -0.0394076332449913 0.6010071039199829 -0.8717299699783325 0.009491698816418648 -0.48989465832710266 3.4751033782958984
-0.4988991320133209 0.05291400104761124 0.8650431632995605 37.81548309326172 0.03347792103886604 0.9985660910606384 -0.04177364706993103 0.5568891763687134 -0.8660131096839905 0.008119012229144573 -0.49995526671409607 3.07027530670166
-0.5098275542259216 0.05206548050045967 0.8586995601654053 38.50410079956055 0.027372268959879875 0.9986432790756226 -0.04429919272661209 0.5049880743026733 -0.8598410487174988 0.0009196115424856544 -0.5105608701705933 2.6712074279785156
-0.5209001898765564 0.05071552097797394 0.8521096706390381 39.20329284667969 0.02659495174884796 0.9987131357192993 -0.0431833490729332 0.45839643478393555 -0.8532031774520874 0.00016760257130954415 -0.5215786099433899 2.248434066772461
-0.5294466614723206 0.051999423652887344 0.8467479944229126 39.877532958984375 0.02869465947151184 0.9986462593078613 -0.04338568076491356 0.4133286476135254 -0.8478577136993408 0.0013267379254102707 -0.5302220582962036 1.8174762725830078
-0.5368895530700684 0.055065833032131195 0.8418535590171814 40.56011962890625 0.031851813197135925 0.9984791874885559 -0.044997360557317734 0.3634910583496094 -0.8430511355400085 0.00265594688244164 -0.5378270149230957 1.3828506469726562
-0.5399693846702576 0.05793352797627449 0.8396884202957153 41.25433349609375 0.033113326877355576 0.9983181357383728 -0.04758421331644058 0.31876909732818604 -0.8410330414772034 0.002110858680680394 -0.5409797430038452 0.9253101348876953
-0.5400192141532898 0.06015787273645401 0.8395000100135803 41.959861755371094 0.03280070424079895 0.9981887936592102 -0.050429899245500565 0.27124130725860596 -0.8410133123397827 0.000303074368275702 -0.5410143733024597 0.4788627624511719
-0.5366086959838867 0.06046801060438156 0.8416618704795837 42.68434143066406 0.0347033329308033 0.9981666207313538 -0.049586474895477295 0.22433650493621826 -0.8431171774864197 0.0025999341160058975 -0.5377234220504761 0.014978408813476562
-0.5308799147605896 0.05924603343009949 0.8453735709190369 43.416603088378906 0.03349457308650017 0.99824059009552 -0.048925355076789856 0.1629347801208496 -0.8467848300933838 0.002341936808079481 -0.5319302678108215 -0.4362030029296875
-0.5238229632377625 0.05774788185954094 0.8498674631118774 44.161834716796875 0.030837014317512512 0.9983309507369995 -0.04882921651005745 0.11523127555847168 -0.8512688279151917 0.0006295103230513632 -0.5247294306755066 -0.8846969604492188
-0.5162185430526733 0.057292189449071884 0.8545385599136353 44.93095397949219 0.02926868572831154 0.9983574748039246 -0.04925352707505226 0.06285929679870605 -0.8559566736221313 -0.0004143646510783583 -0.5170474052429199 -1.3509712219238281
-0.5107374787330627 0.05574013292789459 0.8579279184341431 45.72153854370117 0.025993000715970993 0.9984409809112549 -0.049395330250263214 0.008823275566101074 -0.8593437075614929 -0.00292792497202754 -0.5113900899887085 -1.7998371124267578
-0.5059280395507812 0.05350532755255699 0.8609145879745483 46.53243637084961 0.022021999582648277 0.9985501170158386 -0.04911777749657631 -0.047112226486206055 -0.8622944951057434 -0.005891000851988792 -0.50637286901474 -2.2754993438720703
-0.5045714378356934 0.05069660022854805 0.8618801832199097 47.35786056518555 0.017836829647421837 0.9986735582351685 -0.04830067604780197 -0.10302698612213135 -0.8631856441497803 -0.008997936733067036 -0.5048064589500427 -2.7480926513671875
-0.5051302313804626 0.04820829629898071 0.8616956472396851 48.19148254394531 0.014951279386878014 0.9987776875495911 -0.04711296036839485 -0.16226482391357422 -0.8629136085510254 -0.010914724320173264 -0.5052335262298584 -3.223003387451172
-0.5061463117599487 0.04696524143218994 0.8611679077148438 49.037052154541016 0.013859656639397144 0.998830258846283 -0.046326953917741776 -0.22190988063812256 -0.8623362183570862 -0.011512726545333862 -0.5062050223350525 -3.711507797241211
-0.5064740777015686 0.046281784772872925 0.8610121607780457 49.901710510253906 0.01336478628218174 0.9988598227500916 -0.045829888433218 -0.27430295944213867 -0.862151563167572 -0.011704415082931519 -0.5065152049064636 -4.218254089355469
-0.5067833065986633 0.0458938293159008 0.8608509302139282 50.77031707763672 0.01356042642146349 0.9988827109336853 -0.045269567519426346 -0.33075404167175293 -0.8619666695594788 -0.011268360540270805 -0.5068395137786865 -4.725248336791992
-0.5069032311439514 0.044860340654850006 0.8608348369598389 51.64959716796875 0.013234127312898636 0.9989321231842041 -0.04426402971148491 -0.38742494583129883 -0.8619013428688049 -0.011045181192457676 -0.5069556832313538 -5.237188339233398
-0.5068103671073914 0.04472212493419647 0.8608967065811157 52.535972595214844 0.013512950390577316 0.9989429712295532 -0.043938301503658295 -0.447922945022583 -0.8619516491889954 -0.010635130107402802 -0.5068789720535278 -5.7578277587890625
-0.5071924328804016 0.04312748461961746 0.8607529401779175 53.4335823059082 0.011079812422394753 0.9989908337593079 -0.043525103479623795 -0.5039386749267578 -0.8617616295814514 -0.012538623064756393 -0.5071585178375244 -6.280059814453125
-0.5073139667510986 0.04219963401556015 0.8607273697853088 54.30877685546875 0.010266508907079697 0.9990255236625671 -0.042928993701934814 -0.564915657043457 -0.8616999983787537 -0.012941813096404076 -0.5072527527809143 -6.783657073974609
-0.5068569779396057 0.04146898165345192 0.8610321283340454 55.2024040222168 0.009277808479964733 0.9990468621253967 -0.04265454411506653 -0.6277897357940674 -0.8619802594184875 -0.013631260953843594 -0.5067585706710815 -7.301567077636719
-0.5051916241645813 0.04006639122962952 0.8620766401290894 56.08711624145508 0.009248028509318829 0.9991156458854675 -0.041016001254320145 -0.6872236728668213 -0.8629576563835144 -0.012748426757752895 -0.5051153898239136 -7.826591491699219
-0.5030764937400818 0.03797750547528267 0.8634071350097656 56.973228454589844 0.009631878696382046 0.9992184042930603 -0.038339100778102875 -0.7473660707473755 -0.8641881942749023 -0.010971266776323318 -0.5030490159988403 -8.338872909545898
-0.5007326006889343 0.03641973063349724 0.8648355007171631 57.86083221435547 0.009452956728637218 0.9992849230766296 -0.036608461290597916 -0.8050580024719238 -0.8655503988265991 -0.010155792348086834 -0.5007188320159912 -8.844688415527344
-0.49827277660369873 0.036322303116321564 0.8662591576576233 58.74785614013672 0.009837714023888111 0.9992945790290833 -0.03624182939529419 -0.859664797782898 -0.8669644594192505 -0.009536304511129856 -0.4982786178588867 -9.350503921508789
-0.4962926208972931 0.036232296377420425 0.8673988580703735 59.63227081298828 0.009780792519450188 0.9992986917495728 -0.036145709455013275 -0.9180400371551514 -0.8681002259254456 -0.009455001913011074 -0.4962989389896393 -9.850828170776367
-0.4951306879520416 0.037163760513067245 0.8680233359336853 60.516658782958984 0.00997314602136612 0.9992620348930359 -0.03709385544061661 -0.9702959060668945 -0.8687613010406494 -0.009709379635751247 -0.49513593316078186 -10.359298706054688
-0.49603286385536194 0.038704581558704376 0.8674406409263611 61.390655517578125 0.009758603759109974 0.9991915225982666 -0.03900289908051491 -1.027800440788269 -0.8682489395141602 -0.010881705209612846 -0.4960095286369324 -10.853361129760742
-0.4991346001625061 0.040321335196495056 0.8655858635902405 62.26605987548828 0.007980575785040855 0.9990882277488708 -0.04193829372525215 -1.0865743160247803 -0.8664876818656921 -0.014024980366230011 -0.4990013837814331 -11.348526000976562
-0.5033749938011169 0.040864311158657074 0.8631012439727783 63.139217376708984 0.006825248245149851 0.9990379214286804 -0.043319761753082275 -1.1455280780792236 -0.8640410900115967 -0.01591520570218563 -0.503169596195221 -11.857397079467773
-0.5089715719223022 0.039506055414676666 0.8598763942718506 64.00244903564453 0.008363029919564724 0.9991260766983032 -0.04095355048775673 -1.2051262855529785 -0.8607426881790161 -0.013653019443154335 -0.5088571906089783 -12.364192962646484
-0.514208197593689 0.037045884877443314 0.8568650484085083 64.85989379882812 0.009509247727692127 0.9992515444755554 -0.037495315074920654 -1.2651939392089844 -0.8576126098632812 -0.011132259853184223 -0.5141756534576416 -12.879796981811523
-0.5198298096656799 0.03458775579929352 0.8535693883895874 65.72991943359375 0.0068028937093913555 0.9993159174919128 -0.03635058552026749 -1.3236621618270874 -0.854242742061615 -0.013089374639093876 -0.5197095274925232 -13.3914794921875
-0.5248925089836121 0.0378604531288147 0.8503260612487793 66.57585144042969 0.009203121066093445 0.9992043375968933 -0.03880826011300087 -1.3809363842010498 -0.8511186242103577 -0.012544515542685986 -0.5248234272003174 -13.909479141235352
-0.5299748182296753 0.039559438824653625 0.8470901250839233 67.42089080810547 0.009227368980646133 0.9991211891174316 -0.040886327624320984 -1.4326367378234863 -0.8479631543159485 -0.013852310366928577 -0.5298741459846497 -14.432737350463867
-0.5349528193473816 0.04053354635834694 0.843908965587616 68.24597930908203 0.008069099858403206 0.9990480542182922 -0.04286998510360718 -1.4889979362487793 -0.844843327999115 -0.01612383872270584 -0.5347706079483032 -14.942779541015625
-0.5382269620895386 0.04070635512471199 0.841816246509552 69.05435943603516 0.0072374301962554455 0.9990192651748657 -0.043680623173713684 -1.549735426902771 -0.8427688479423523 -0.017417501658201218 -0.5379939079284668 -15.466320037841797
-0.5415768027305603 0.0406869500875473 0.8396660685539246 69.86886596679688 0.008819248527288437 0.9990479946136475 -0.04272164776921272 -1.6034659147262573 -0.8406050205230713 -0.015731828287243843 -0.5414201021194458 -15.988458633422852
-0.5436015129089355 0.03337377309799194 0.8386796712875366 70.68853759765625 0.009093781001865864 0.9993847012519836 -0.033874500542879105 -1.6552554368972778 -0.8392941355705261 -0.010787458159029484 -0.5435705780982971 -16.519338607788086
-0.5462473034858704 0.023827221244573593 0.8372848033905029 71.51409912109375 0.007174580357968807 0.9996917247772217 -0.023768225684762 -1.7112820148468018 -0.837593138217926 -0.006976165808737278 -0.5462498664855957 -17.051029205322266
-0.5482825636863708 0.022570304572582245 0.835988461971283 72.33050537109375 0.008247933350503445 0.9997329711914062 -0.021581735461950302 -1.7520439624786377 -0.8362524509429932 -0.0049377125687897205 -0.5483223795890808 -17.577457427978516
-0.5489155650138855 0.027386996895074844 0.8354290127754211 73.11939239501953 0.008925159461796284 0.9995981454849243 -0.02690454013645649 -1.7973414659500122 -0.8358302116394043 -0.0073119825683534145 -0.5489394068717957 -18.09630012512207
-0.5506742596626282 0.03348556160926819 0.8340482115745544 73.92230987548828 0.010187297128140926 0.999390184879303 -0.03339765965938568 -1.839327096939087 -0.8346580266952515 -0.009894538670778275 -0.5506796836853027 -18.610692977905273
-0.5502555966377258 0.03717438876628876 0.8341683745384216 74.69953918457031 0.01595478132367134 0.9992941617965698 -0.034008659422397614 -1.8888167142868042 -0.8348438143730164 -0.005404479335993528 -0.5504603385925293 -19.149320602416992
-0.5499354600906372 0.03863028064370155 0.8343133926391602 75.49027252197266 0.019640956073999405 0.999251663684845 -0.03332095593214035 -1.9390349388122559 -0.8349762558937073 -0.0019376656273379922 -0.5502825379371643 -19.683427810668945
-0.5497061610221863 0.035288214683532715 0.8346124887466431 76.2920913696289 0.01770930550992489 0.99937504529953 -0.030590545386075974 -1.9789862632751465 -0.8351705074310303 -0.0020354054868221283 -0.5499874949455261 -20.201026916503906
-0.5489555597305298 0.030291100963950157 0.8353024125099182 77.07925415039062 0.016013968735933304 0.9995407462120056 -0.02572270855307579 -2.0184593200683594 -0.8356980681419373 -0.000744121614843607 -0.5491886138916016 -20.71928596496582
-0.5487524271011353 0.02327236719429493 0.8356609344482422 77.86864471435547 0.013009419664740562 0.9997290372848511 -0.01929863914847374 -2.0624711513519287 -0.8358837366104126 0.00028129108250141144 -0.5489065051078796 -21.21091651916504
-0.5481768846511841 0.017804840579628944 0.836172878742218 78.68805694580078 0.004598366096615791 0.9998224377632141 -0.018274882808327675 -2.097217321395874 -0.8363497853279114 -0.006172840483486652 -0.5481613874435425 -21.73577880859375
-0.5467035174369812 0.012730510905385017 0.8372294902801514 79.48577117919922 -0.0032367694657295942 0.9998448491096497 -0.017316745594143867 -2.122000217437744 -0.8373199105262756 -0.01217704452574253 -0.5465774536132812 -22.235952377319336
-0.5445941090583801 0.01377689465880394 0.8385865688323975 80.26720428466797 0.000518986489623785 0.9998703598976135 -0.016089539974927902 -2.157273292541504 -0.8386995792388916 -0.008327052928507328 -0.5445305705070496 -22.745546340942383
-0.5417245626449585 0.016928113996982574 0.8403855562210083 81.04889678955078 0.005273234099149704 0.9998460412025452 -0.016740964725613594 -2.2011332511901855 -0.8405393958091736 -0.004637443460524082 -0.5417303442955017 -23.24395751953125
-0.5363345146179199 0.01995788887143135 0.8437695503234863 81.85772705078125 0.00651670154184103 0.9997885823249817 -0.019505959004163742 -2.2225723266601562 -0.8439803123474121 -0.004963123705238104 -0.5363510251045227 -23.75563621520996
-0.5276336669921875 0.022581584751605988 0.8491718173027039 82.64228820800781 0.012938683852553368 0.9997442960739136 -0.018546212464571 -2.262515068054199 -0.849373459815979 0.0012015615357086062 -0.527790904045105 -24.271533966064453
-0.5193551778793335 0.026100846007466316 0.8541598320007324 83.43390655517578 0.020620131865143776 0.9996252059936523 -0.018008209764957428 -2.300016403198242 -0.8543097376823425 0.008260231465101242 -0.5196986794471741 -24.763460159301758
-0.5104710459709167 0.02510623261332512 0.8595283627510071 84.23479461669922 0.017244374379515648 0.9996715188026428 -0.01895834319293499 -2.324284076690674 -0.8597220182418823 0.005144345108419657 -0.510736346244812 -25.21901512145996
-0.49910542368888855 0.022623211145401 0.8662459254264832 85.06109619140625 0.01445104368031025 0.9997373819351196 -0.017783261835575104 -2.352358341217041 -0.8664207458496094 0.0036424356512725353 -0.49930137395858765 -25.68984603881836
-0.4878677725791931 0.019308827817440033 0.8727039694786072 85.86748504638672 0.015561101958155632 0.9997888207435608 -0.013421492651104927 -2.3908064365386963 -0.8727787733078003 0.0070323217660188675 -0.488065242767334 -26.13248634338379
-0.47662246227264404 0.01836661994457245 0.8789162039756775 86.6795654296875 0.015049878507852554 0.9998056292533875 -0.012731524184346199 -2.4222335815429688 -0.8789793252944946 0.007159452885389328 -0.4768061637878418 -26.5699405670166
-0.46495530009269714 0.01767759583890438 0.8851576447486877 87.4959945678711 0.015347124077379704 0.9998112916946411 -0.011905824765563011 -2.4464354515075684 -0.885201096534729 0.00804894883185625 -0.46513882279396057 -26.98848533630371
-0.4530792832374573 0.018690267577767372 0.8912743926048279 88.334228515625 0.01676352508366108 0.9997819662094116 -0.012443965300917625 -2.476473093032837 -0.8913125991821289 0.009302797727286816 -0.4532938003540039 -27.411174774169922
-0.4410002529621124 0.022274689748883247 0.8972305059432983 89.17036437988281 0.01591261476278305 0.9997288584709167 -0.016998067498207092 -2.510176181793213 -0.897365927696228 0.006781129632145166 -0.44123512506484985 -27.8209228515625
-0.42983612418174744 0.03146679699420929 0.9023584127426147 89.99214172363281 0.018524140119552612 0.999489426612854 -0.026030005887150764 -2.542527914047241 -0.902716875076294 0.0055267768912017345 -0.4301995038986206 -28.20503807067871
-0.4165068566799164 0.03638022392988205 0.9084042906761169 90.83020782470703 0.01784348301589489 0.9993336200714111 -0.03184050694108009 -2.57235050201416 -0.9089574217796326 0.0029473071917891502 -0.41687846183776855 -28.59308624267578
-0.40557360649108887 0.032225601375103 0.9134942293167114 91.6824951171875 0.014885226264595985 0.9994786381721497 -0.028650149703025818 -2.614450216293335 -0.9139412045478821 0.001977822743356228 -0.4058418571949005 -28.966567993164062
-0.393948495388031 0.028094474226236343 0.9187029600143433 92.51567077636719 0.012405545450747013 0.9996041655540466 -0.02524886280298233 -2.6541907787323 -0.9190487265586853 0.0014502598205581307 -0.3941411077976227 -29.313003540039062
-0.3841727674007416 0.028921790421009064 0.9228081107139587 93.35269165039062 0.009898748248815536 0.9995808601379395 -0.027206992730498314 -2.6977338790893555 -0.9232081174850464 -0.0013175400672480464 -0.38429802656173706 -29.651153564453125
-0.3775237500667572 0.03294679895043373 0.9254136681556702 94.20195770263672 0.005252042785286903 0.9994269013404846 -0.03343925625085831 -2.7457151412963867 -0.9259850382804871 -0.007763802073895931 -0.3774804472923279 -29.983261108398438
-0.3724993169307709 0.03761085867881775 0.9272699952125549 95.02896118164062 -0.0020993000362068415 0.9991416931152344 -0.041369352489709854 -2.785944938659668 -0.9280301332473755 -0.01735667511820793 -0.3721005618572235 -30.301307678222656
-0.3692118227481842 0.039717089384794235 0.9284961819648743 95.86920166015625 -0.00424638157710433 0.9990037679672241 -0.04442165419459343 -2.835954189300537 -0.9293355345726013 -0.02034374698996544 -0.3686753511428833 -30.621849060058594
-0.36525672674179077 0.039375435560941696 0.930073618888855 96.70812225341797 -0.005048681981861591 0.9990065693855286 -0.04427646845579147 -2.8926379680633545 -0.9308931827545166 -0.020867925137281418 -0.36469507217407227 -30.944618225097656
-0.36064860224723816 0.03958725929260254 0.9318612217903137 97.54544067382812 -0.006090212147682905 0.9989776015281677 -0.04479551687836647 -2.9458870887756348 -0.9326818585395813 -0.02183067798614502 -0.36003875732421875 -31.260456085205078
-0.35436710715293884 0.035550542175769806 0.9344303607940674 98.39322662353516 -0.007906664162874222 0.9991275072097778 -0.04101041704416275 -2.9990153312683105 -0.9350728988647461 -0.021920975297689438 -0.35377687215805054 -31.57892608642578
-0.3494075536727905 0.031428705900907516 0.9364437460899353 99.23970794677734 -0.009047704748809338 0.9992775321006775 -0.036913417279720306 -3.050278902053833 -0.9369271397590637 -0.02137049287557602 -0.34887072443962097 -31.885881423950195
-0.3437197804450989 0.028365956619381905 0.938643753528595 100.08179473876953 -0.011344893835484982 0.9993452429771423 -0.03435472398996353 -3.09832763671875 -0.9390037059783936 -0.022457214072346687 -0.34317293763160706 -32.184356689453125
-0.33793848752975464 0.026405714452266693 0.9407976865768433 100.94477081298828 -0.019075270742177963 0.9992088079452515 -0.03489707410335541 -3.1516575813293457 -0.9409748911857605 -0.02973904088139534 -0.3371674418449402 -32.476341247558594
-0.3318154215812683 0.026815099641680717 0.9429631233215332 101.79003143310547 -0.026239529252052307 0.9989467859268188 -0.03764043003320694 -3.194504976272583 -0.9429793357849121 -0.03723258152604103 -0.3307623267173767 -32.756431579589844
-0.32507044076919556 0.03078272007405758 0.9451887011528015 102.63311004638672 -0.024055534973740578 0.9988775253295898 -0.04080446437001228 -3.246131420135498 -0.9453838467597961 -0.03600133955478668 -0.32396501302719116 -33.04033660888672
-0.31804776191711426 0.03406091406941414 0.9474626183509827 103.48527526855469 -0.022675851359963417 0.9987950921058655 -0.043518226593732834 -3.294057846069336 -0.9478034973144531 -0.03532538563013077 -0.3168923258781433 -33.32379913330078
-0.31184476613998413 0.03256766125559807 0.9495747089385986 104.34606170654297 -0.02428341470658779 0.998812735080719 -0.04223116859793663 -3.3404994010925293 -0.9498226642608643 -0.0362284854054451 -0.31068360805511475 -33.59324264526367
-0.30457302927970886 0.027557384222745895 0.9520902633666992 105.1877670288086 -0.02484738454222679 0.9990112781524658 -0.036864135414361954 -3.390205144882202 -0.9521649479866028 -0.034884773194789886 -0.30358707904815674 -33.861122131347656
-0.2976404130458832 0.024826757609844208 0.9543551802635193 106.0484848022461 -0.025779088959097862 0.9990882277488708 -0.034030329436063766 -3.4410338401794434 -0.9543299078941345 -0.03473120927810669 -0.29672905802726746 -34.121028900146484
-0.29109176993370056 0.02822302095592022 0.9562786817550659 106.90351104736328 -0.027879346162080765 0.9988899230957031 -0.03796710819005966 -3.482370138168335 -0.9562888145446777 -0.03771234303712845 -0.28998178243637085 -34.37096405029297
-0.2848665118217468 0.030860545113682747 0.9580702185630798 107.75892639160156 -0.02754455991089344 0.9988052845001221 -0.04036258906126022 -3.53292179107666 -0.9581713676452637 -0.0378875695168972 -0.28367623686790466 -34.618080139160156
-0.2781462073326111 0.03129945322871208 0.9600287079811096 108.61526489257812 -0.029475122690200806 0.998720109462738 -0.0411006398499012 -3.581308364868164 -0.9600864052772522 -0.039728954434394836 -0.2768676280975342 -34.85435485839844
-0.2711619734764099 0.03079083003103733 0.9620410799980164 109.479248046875 -0.029986480250954628 0.9987328052520752 -0.040417201817035675 -3.633847236633301 -0.9620664715766907 -0.03980783745646477 -0.269895076751709 -35.094871520996094
-0.2629041373729706 0.030525587499141693 0.9643389582633972 110.33785247802734 -0.026119617745280266 0.9989078640937805 -0.03874073922634125 -3.6847739219665527 -0.9644683599472046 -0.0353732630610466 -0.2618196904659271 -35.33068084716797
-0.2552187442779541 0.031828127801418304 0.9663593769073486 111.19386291503906 -0.023449212312698364 0.9989602565765381 -0.039094891399145126 -3.733618974685669 -0.9665989279747009 -0.032638102769851685 -0.2542070150375366 -35.557281494140625
-0.24865928292274475 0.03240915760397911 0.9680485725402832 112.05192565917969 -0.021866047754883766 0.9989975094795227 -0.039061952382326126 -3.780750274658203 -0.9683441519737244 -0.03088052198290825 -0.24770139157772064 -35.771209716796875
-0.24220289289951324 0.03126112371683121 0.969721794128418 112.9206771850586 -0.02785285748541355 0.9988448023796082 -0.03915664553642273 -3.82774019241333 -0.969825804233551 -0.03649337589740753 -0.24105237424373627 -35.9693489074707
-0.23620209097862244 0.029267799109220505 0.97126305103302 113.78396606445312 -0.03276798129081726 0.9987378716468811 -0.038064584136009216 -3.87589168548584 -0.9711512923240662 -0.0408172570168972 -0.2349449247121811 -36.17003631591797
-0.23183003067970276 0.029357928782701492 0.9723131656646729 114.66072845458984 -0.030350612476468086 0.9988395571708679 -0.03739539906382561 -3.9237868785858154 -0.9722827076911926 -0.0381796695291996 -0.2306699901819229 -36.372108459472656
-0.22741582989692688 0.029252538457512856 0.9733582735061646 115.52823638916016 -0.028821146115660667 0.9989086389541626 -0.036754198372364044 -3.9757816791534424 -0.973371148109436 -0.03641178831458092 -0.22632455825805664 -36.564476013183594
-0.22217215597629547 0.03125489503145218 0.9745063781738281 116.3998031616211 -0.02731943689286709 0.9988940358161926 -0.038265474140644073 -4.020565509796143 -0.9746246933937073 -0.03512449190020561 -0.22107259929180145 -36.766448974609375
-0.21630050241947174 0.029916098341345787 0.9758684039115906 117.26305389404297 -0.021264154464006424 0.999148964881897 -0.03534296900033951 -4.0690155029296875 -0.9760951995849609 -0.028395719826221466 -0.2154802680015564 -36.9598388671875
-0.2109949290752411 0.02902558445930481 0.9770562052726746 118.13927459716797 -0.014276889152824879 0.9993609189987183 -0.0327712818980217 -4.109179973602295 -0.9773828387260437 -0.02086389809846878 -0.21044571697711945 -37.15605926513672
-0.20570702850818634 0.028420934453606606 0.9782007932662964 119.01384735107422 -0.012350051663815975 0.9994232654571533 -0.03163463994860649 -4.155717372894287 -0.9785357117652893 -0.018588297069072723 -0.20523735880851746 -37.34204864501953
