1.0 0.0 0.0 0.0 0.0 1.0 0.0 0.0 0.0 0.0 1.0 0.0
0.9998737573623657 0.0015176921151578426 0.015817008912563324 0.010558942332863808 -0.0015027179615572095 0.9999983906745911 -0.0009585520019754767 -0.0031083037611097097 -0.015818437561392784 0.0009346624719910324 0.999874472618103 0.12627938389778137
0.9992919564247131 0.004308249335736036 0.03737605735659599 0.027095800265669823 -0.004296062048524618 0.999990701675415 -0.0004063876694999635 -0.004715269431471825 -0.03737746179103851 0.0002455301000736654 0.9993011951446533 0.2725931704044342
0.9978950023651123 0.005984955001622438 0.06457328796386719 0.05629868060350418 -0.0060605681501328945 0.999981164932251 0.0009751463076099753 -0.004970148205757141 -0.0645662322640419 -0.0013644443824887276 0.9979124665260315 0.4362417161464691
0.9951280951499939 0.005671509075909853 0.09842707961797714 0.10261045396327972 -0.006020363420248032 0.9999766945838928 0.0032476491760462523 -0.00446813041344285 -0.09840637445449829 -0.0038243939634412527 0.995138943195343 0.6087303161621094
0.9906254410743713 0.002576597034931183 0.1365816593170166 0.16355501115322113 -0.0033235542941838503 0.9999807476997375 0.005241187755018473 -0.005653463304042816 -0.13656552135944366 -0.005645989440381527 0.9906149506568909 0.792873203754425
0.9843390583992004 -0.00020396799664013088 0.17628544569015503 0.2366935759782791 -0.0007721218280494213 0.9999848008155823 0.005468372255563736 -0.0047770957462489605 -0.17628386616706848 -0.0055188462138175964 0.9843239188194275 0.9884628057479858
0.9755558371543884 -0.00039037680835463107 0.21975141763687134 0.3197319805622101 -0.0011006006971001625 0.999977171421051 0.006662369705736637 -0.001314744702540338 -0.21974897384643555 -0.0067413728684186935 0.9755330681800842 1.1928844451904297
0.9634166955947876 -0.00012659290223382413 0.26800817251205444 0.41208985447883606 -0.0024994497653096914 0.9999520778656006 0.009457167237997055 0.002363068051636219 -0.26799657940864563 -0.009781064465641975 0.963370144367218 1.4072519540786743
0.94891357421875 -0.0036469867918640375 0.31551483273506165 0.528343915939331 -0.0016937199980020523 0.9998599290847778 0.016651103273034096 -0.0025659038219600916 -0.31553131341934204 -0.01633485220372677 0.948774516582489 1.6210031509399414
0.9319719076156616 -0.01314624398946762 0.36229208111763 0.6707146167755127 0.004473229870200157 0.9996832609176636 0.024767737835645676 -0.0075368438847362995 -0.36250290274620056 -0.021462220698595047 0.9317353963851929 1.8284133672714233
0.910558819770813 -0.018267856910824776 0.4129756987094879 0.8250268697738647 0.006962162908166647 0.9995591044425964 0.028864514082670212 -0.00416672695428133 -0.41332098841667175 -0.02340763248503208 0.9102845191955566 2.0554325580596924
0.8850941061973572 -0.019610829651355743 0.4649988114833832 0.9929305911064148 0.0049796453677117825 0.9994537234306335 0.03267247602343559 0.00044500661897473037 -0.4653855562210083 -0.02660268358886242 0.8847082257270813 2.2837414741516113
0.8567301034927368 -0.02180727943778038 0.5153037309646606 1.1700865030288696 0.0029757781885564327 0.9992979764938354 0.037342119961977005 0.0016920128837227821 -0.5157564282417297 -0.030458686873316765 0.8561936616897583 2.4916298389434814
0.8241977095603943 -0.026239171624183655 0.5656940340995789 1.3702224493026733 0.0033453614450991154 0.9991341233253479 0.04146978259086609 0.007577306125313044 -0.566292405128479 -0.03228685259819031 0.8235718011856079 2.705944299697876
0.7880510091781616 -0.03220092132687569 0.6147671937942505 1.6039879322052002 0.005707161501049995 0.9989702105522156 0.04500928521156311 0.008898449130356312 -0.6155834794044495 -0.03196103498339653 0.787423312664032 2.9236907958984375
0.7497095465660095 -0.03602392226457596 0.6607856750488281 1.8413432836532593 0.006045582238584757 0.9988484382629395 0.04759485647082329 0.013820039108395576 -0.6617392301559448 -0.03168749064207077 0.7490640878677368 3.1286871433258057
0.7096021771430969 -0.03907623514533043 0.7035182118415833 2.116431713104248 0.007076583802700043 0.998805820941925 0.04833992198109627 0.0312186386436224 -0.7045671343803406 -0.029323602095246315 0.7090312838554382 3.3375918865203857
0.66716068983078 -0.04070693626999855 0.7438008189201355 2.41652250289917 0.005782967433333397 0.9987586736679077 0.04947323724627495 0.04620492458343506 -0.7448914647102356 -0.02870522253215313 0.666567862033844 3.5608153343200684
0.6242311000823975 -0.04064271226525307 0.7801817655563354 2.7303569316864014 0.0006846427568234503 0.9986739158630371 0.05147702246904373 0.06268421560525894 -0.7812394499778748 -0.031599413603544235 0.6234310865402222 3.7750186920166016
0.5823978781700134 -0.04110654443502426 0.8118638396263123 3.0812761783599854 -0.002563272835686803 0.9986228346824646 0.05240136384963989 0.0795954093337059 -0.8128998279571533 -0.032599467784166336 0.5814903974533081 3.9838690757751465
0.5419670939445496 -0.04232349619269371 0.8393332362174988 3.457429885864258 -0.0038742769975215197 0.9985946416854858 0.05285593867301941 0.10236865282058716 -0.8403908014297485 -0.03189798444509506 0.541041374206543 4.194082736968994
0.5027288198471069 -0.04436516761779785 0.8633049726486206 3.864361047744751 -0.005728874821215868 0.9984892010688782 0.054648373275995255 0.12028780579566956 -0.8644251823425293 -0.03241907060146332 0.5017151236534119 4.404296875
0.4653714895248413 -0.0441633015871048 0.8840129375457764 4.298623561859131 -0.008560801856219769 0.9984831809997559 0.05438863858580589 0.13902609050273895 -0.8850740790367126 -0.032878775149583817 0.4642874002456665 4.602720737457275
0.42921188473701477 -0.043405644595623016 0.9021602272987366 4.755893707275391 -0.009707107208669186 0.9985651969909668 0.05266222730278969 0.1578831821680069 -0.9031516909599304 -0.03136061504483223 0.4281747043132782 4.793568134307861
0.39529168605804443 -0.041979964822530746 0.9175958633422852 5.247672080993652 -0.008583077229559422 0.9987426400184631 0.04938993230462074 0.1801527440547943 -0.9185155630111694 -0.027399223297834396 0.3944343626499176 4.977951526641846
0.3662438690662384 -0.04014407470822334 0.9296525120735168 5.768592834472656 -0.006098711863160133 0.9989439845085144 0.045538827776908875 0.20657531917095184 -0.9304989576339722 -0.02234799414873123 0.3656122386455536 5.147212505340576
0.3411986827850342 -0.03853364661335945 0.9392010569572449 6.3361711502075195 -0.00485082296654582 0.99907386302948 0.042752351611852646 0.23064059019088745 -0.9399786591529846 -0.019142938777804375 0.3406957685947418 5.327486515045166
0.320590078830719 -0.037541333585977554 0.9464737176895142 6.893819332122803 -0.004166589584201574 0.9991487264633179 0.041041962802410126 0.25467991828918457 -0.9472088813781738 -0.017101215198636055 0.32016077637672424 5.515627384185791
0.30636903643608093 -0.03778025135397911 0.9511627554893494 7.494548320770264 -0.0031968848779797554 0.9991655349731445 0.04071664437651634 0.2836189866065979 -0.9519074559211731 -0.015515075996518135 0.30599260330200195 5.689574718475342
0.2943362295627594 -0.039209287613630295 0.9548972249031067 8.1197509765625 -0.0022339262068271637 0.9991270303726196 0.04171399772167206 0.3071790933609009 -0.9556993246078491 -0.014411111362278461 0.29399168491363525 5.880514144897461
0.28420490026474 -0.040970828384160995 0.9578877687454224 8.775640487670898 -0.003335245419293642 0.9990381598472595 0.043720491230487823 0.33330821990966797 -0.9587578177452087 -0.015620363876223564 0.28379490971565247 6.054801940917969
0.27305057644844055 -0.043090421706438065 0.9610341191291809 9.447983741760254 -0.005057213362306356 0.9989181756973267 0.04622592031955719 0.3481994569301605 -0.9619863629341125 -0.01748216338455677 0.2725372612476349 6.263754844665527
0.2633013129234314 -0.044799212366342545 0.9636728763580322 10.150225639343262 -0.005812357179820538 0.9988293647766113 0.04802166670560837 0.37853601574897766 -0.9646961688995361 -0.018245376646518707 0.26273268461227417 6.448761463165283
0.2529181241989136 -0.04628531634807587 0.9663798809051514 10.862927436828613 -0.0069596548564732075 0.9987420439720154 0.049656789749860764 0.4119986593723297 -0.9674627184867859 -0.019284766167402267 0.25227785110473633 6.6348185539245605
0.24314847588539124 -0.048039402812719345 0.9687987565994263 11.5995512008667 -0.006384758278727531 0.9986720085144043 0.051123157143592834 0.44122350215911865 -0.9699680209159851 -0.01861606352031231 0.2425188273191452 6.807133674621582
0.2326717972755432 -0.049308136105537415 0.9713045358657837 12.397953033447266 -0.007010926958173513 0.9986029863357544 0.05237337574362755 0.47151297330856323 -0.9725300669670105 -0.01899554952979088 0.23200102150440216 6.996002674102783
0.22215864062309265 -0.05211799591779709 0.9736166000366211 13.175824165344238 -0.008341402746737003 0.9984321594238281 0.055349718779325485 0.506908655166626 -0.9749748706817627 -0.020417744293808937 0.22137558460235596 7.172746658325195
0.21078987419605255 -0.055645741522312164 0.9759463667869568 13.96084213256836 -0.009973147884011269 0.9982041716575623 0.05906887724995613 0.5446833372116089 -0.9774805307388306 -0.022184379398822784 0.20985636115074158 7.344345569610596
0.19891859591007233 -0.05941471457481384 0.9782133102416992 14.76936149597168 -0.010498487390577793 0.9979740977287292 0.06274979561567307 0.5829076170921326 -0.9799598455429077 -0.022751862183213234 0.19789181649684906 7.503784656524658
0.18566091358661652 -0.062123559415340424 0.9806481003761292 15.55219841003418 -0.012018846347928047 0.9977812170982361 0.06548439711332321 0.6095260381698608 -0.9825403690338135 -0.023944156244397163 0.18450234830379486 7.656856536865234
0.17137940227985382 -0.06245529279112816 0.983223557472229 16.36211585998535 -0.012209856882691383 0.9977774620056152 0.06550798565149307 0.6513446569442749 -0.9851294159889221 -0.023231741040945053 0.17023594677448273 7.798992156982422
0.15722930431365967 -0.061166707426309586 0.985666036605835 17.171031951904297 -0.014069271273911 0.9978400468826294 0.06416644901037216 0.6939033269882202 -0.9874618649482727 -0.023956451565027237 0.1560291200876236 7.926337242126465
0.14063337445259094 -0.060294102877378464 0.9882240891456604 18.000804901123047 -0.014784255065023899 0.9979047179222107 0.06298866868019104 0.7302799820899963 -0.9899513721466064 -0.023468464612960815 0.13944733142852783 8.037688255310059
0.1201591044664383 -0.0587298721075058 0.9910159707069397 18.822019577026367 -0.01749836839735508 0.9979682564735413 0.06126352399587631 0.7680085897445679 -0.9926005005836487 -0.024702532216906548 0.1188872829079628 8.136322975158691
0.0939854308962822 -0.0573081411421299 0.993922770023346 19.649444580078125 -0.022720230743288994 0.9979584217071533 0.05968926101922989 0.8055672645568848 -0.9953143000602722 -0.028192074969410896 0.092491514980793 8.22311019897461
0.06414820998907089 -0.057251740247011185 0.9962967038154602 20.484386444091797 -0.026508737355470657 0.9979028105735779 0.05905084311962128 0.833392858505249 -0.9975882172584534 -0.03019857406616211 0.06249601021409035 8.268238067626953
0.03110097534954548 -0.057062577456235886 0.997886061668396 21.308130264282227 -0.02915085293352604 0.9978924989700317 0.057971492409706116 0.8652822375297546 -0.9990910887718201 -0.030892198905348778 0.02937200479209423 8.29129409790039
-0.0036242101341485977 -0.05649164319038391 0.9983965754508972 22.156801223754883 -0.03066888451576233 0.9979397058486938 0.05635446682572365 0.8968310952186584 -0.9995231032371521 -0.030415469780564308 -0.005349279846996069 8.284223556518555
-0.037487827241420746 -0.0550125427544117 0.9977817535400391 23.00678253173828 -0.03144995868206024 0.9980538487434387 0.05384593456983566 0.9320830702781677 -0.9988020658493042 -0.029361626133322716 -0.03914501518011093 8.241949081420898
-0.07013954222202301 -0.05290793627500534 0.9961331486701965 23.859750747680664 -0.03338300436735153 0.9981576800346375 0.050664909183979034 0.9617936015129089 -0.9969784617424011 -0.029700301587581635 -0.07177654653787613 8.174575805664062
-0.10281198471784592 -0.050889696925878525 0.9933981895446777 24.68718147277832 -0.03663748875260353 0.9982064962387085 0.04734421893954277 0.9729174971580505 -0.9940258264541626 -0.031528063118457794 -0.10449206084012985 8.094364166259766
-0.13550186157226562 -0.04605204612016678 0.9897062182426453 25.527666091918945 -0.033886268734931946 0.9985502362251282 0.041824162006378174 0.9967687129974365 -0.9901973605155945 -0.027870209887623787 -0.13686594367027283 7.967401027679443
-0.16676709055900574 -0.04033396765589714 0.9851710200309753 26.359344482421875 -0.028353476896882057 0.9989460110664368 0.03609832376241684 1.012271761894226 -0.985588550567627 -0.021913008764386177 -0.16773490607738495 7.807857036590576
-0.19652649760246277 -0.03411363437771797 0.9799049496650696 27.18825340270996 -0.021158438175916672 0.9993094205856323 0.03054570034146309 1.0206854343414307 -0.9802702069282532 -0.014730216935276985 -0.1971125453710556 7.617869853973389
-0.22571253776550293 -0.028024379163980484 0.9737907648086548 28.00762367248535 -0.015492984093725681 0.9995629191398621 0.02517499029636383 1.029874563217163 -0.9740707278251648 -0.009404612705111504 -0.226048082113266 7.4220123291015625
-0.2533518671989441 -0.022168884053826332 0.9671201109886169 28.827608108520508 -0.006750878412276506 0.9997535347938538 0.021148432046175003 1.030902624130249 -0.9673506617546082 -0.0011709175305441022 -0.2534390687942505 7.1838836669921875
-0.2792651653289795 -0.011388066224753857 0.960146427154541 29.624460220336914 -0.00021439477859530598 0.9999303817749023 0.01179757434874773 1.0260201692581177 -0.9602140188217163 0.003088800935074687 -0.27924811840057373 6.930222988128662
-0.3051346242427826 0.004504764452576637 0.9522985219955444 30.413158416748047 0.0043828547932207584 0.999984860420227 -0.0033259910997003317 1.016530156135559 -0.952299177646637 0.003158911829814315 -0.30514973402023315 6.667194366455078
-0.3294558823108673 0.021190360188484192 0.9439331293106079 31.192453384399414 0.00469808978959918 0.9997724890708923 -0.02080414816737175 0.9910253882408142 -0.9441592693328857 -0.002419366268441081 -0.32948043942451477 6.385119915008545
-0.3548896908760071 0.03619677573442459 0.9342072010040283 31.959430694580078 0.005217251367866993 0.9993113279342651 -0.0367373526096344 0.9605342745780945 -0.9348936080932617 -0.008163714781403542 -0.3548341691493988 6.088728427886963
-0.37939444184303284 0.046326056122779846 0.9240745306015015 32.72425079345703 0.008780458942055702 0.9988810420036316 -0.04647132009267807 0.9160094261169434 -0.9251933097839355 -0.009517163038253784 -0.37937670946121216 5.764988899230957
-0.4024379253387451 0.05077502131462097 0.9140380620956421 33.47157669067383 0.011533471755683422 0.9986625909805298 -0.05039791017770767 0.8702578544616699 -0.9153746366500854 -0.00973999872803688 -0.40248531103134155 5.427562713623047
-0.42522382736206055 0.050193022936582565 0.9036954045295715 34.22507095336914 0.015233910642564297 0.9987165927886963 -0.0483025424182415 0.8133901953697205 -0.904960036277771 -0.006772576831281185 -0.42544272541999817 5.064862251281738
-0.4450792670249939 0.046132445335388184 0.8943020701408386 34.96317672729492 0.019049104303121567 0.9989338517189026 -0.04204944148659706 0.759577214717865 -0.8952885270118713 -0.0016796838026493788 -0.44548362493515015 4.67795467376709
-0.46312597393989563 0.04508794844150543 0.8851447701454163 35.69247055053711 0.02716582454741001 0.9989579916000366 -0.036671701818704605 0.7105081677436829 -0.8858759999275208 0.007062070071697235 -0.46386831998825073 4.282393932342529
-0.47661271691322327 0.045165617018938065 0.877952516078949 36.399410247802734 0.028576888144016266 0.9989475607872009 -0.03587663546204567 0.6640623211860657 -0.8786486983299255 0.007989887148141861 -0.47740188241004944 3.8887274265289307
-0.4875025153160095 0.049461204558610916 0.8717195987701416 37.09720993041992 0.03269380331039429 0.9987280964851379 -0.03838389366865158 0.6189390420913696 -0.872509241104126 0.00978758092969656 -0.4884995222091675 3.4843435287475586
-0.4973740875720978 0.05192719027400017 0.8659806847572327 37.7956657409668 0.033224016427993774 0.9986148476600647 -0.04079824313521385 0.5749725103378296 -0.8668997287750244 0.008479369804263115 -0.4984103739261627 3.0753681659698486
-0.5083918571472168 0.0511690229177475 0.8596042394638062 38.48454284667969 0.02706502377986908 0.9986892938613892 -0.043441291898489 0.5249990820884705 -0.8607003688812256 0.0011800106149166822 -0.5091104507446289 2.6787939071655273
-0.5193857550621033 0.049655742943286896 0.8530958890914917 39.1888542175293 0.02622387185692787 0.9987662434577942 -0.04216897115111351 0.47725439071655273 -0.8541374206542969 0.0004695155657827854 -0.520047128200531 2.2531213760375977
-0.5278374552726746 0.05087905749678612 0.8478200435638428 39.865570068359375 0.02809055522084236 0.9987038373947144 -0.04244515672326088 0.43323686718940735 -0.8488808274269104 0.0014115910744294524 -0.5285825133323669 1.8214337825775146
-0.5351855158805847 0.05393039062619209 0.8430112600326538 40.54581832885742 0.03130050748586655 0.9985406994819641 -0.04400903359055519 0.38417667150497437 -0.8441544771194458 0.002833685604855418 -0.5360925793647766 1.38832426071167
-0.5386447906494141 0.05674586445093155 0.8406197428703308 41.24489974975586 0.03254547342658043 0.998386025428772 -0.046541642397642136 0.33880409598350525 -0.8419041633605957 0.0022889613173902035 -0.5396222472190857 0.9344457387924194
-0.5384140014648438 0.05904988944530487 0.8406089544296265 41.95004653930664 0.032430291175842285 0.9982548356056213 -0.04935220628976822 0.29109710454940796 -0.8420562148094177 0.0006892772507853806 -0.5393893718719482 0.48452436923980713
-0.5351032614707947 0.059377990663051605 0.842697262763977 42.67659378051758 0.034566350281238556 0.9982303380966187 -0.04838789626955986 0.24235357344150543 -0.8440791964530945 0.0032364530488848686 -0.5362087488174438 0.022822396829724312
-0.5292845368385315 0.058063119649887085 0.8464552760124207 43.418190002441406 0.03296075761318207 0.9983096122741699 -0.04786945506930351 0.18440446257591248 -0.8478040099143982 0.0025632448960095644 -0.5303035974502563 -0.43355467915534973
-0.5222927331924438 0.056676868349313736 0.8508807420730591 44.17403030395508 0.03052804060280323 0.9983921647071838 -0.047763630747795105 0.1385994851589203 -0.8522195816040039 0.0010291230864822865 -0.5231831073760986 -0.8873812556266785
-0.5147544145584106 0.056270476430654526 0.8554890751838684 44.94509506225586 0.02907773293554783 0.9984155297279358 -0.04817528277635574 0.08727119117975235 -0.856844425201416 7.724218448856845e-05 -0.5155750513076782 -1.3512330055236816
-0.5094855427742004 0.054672107100486755 0.8587406277656555 45.734561920166016 0.026136489585042 0.998502254486084 -0.04806347191333771 0.03183704987168312 -0.86008220911026 -0.0020431785378605127 -0.5101513862609863 -1.7957905530929565
-0.5045225024223328 0.052315350621938705 0.8618121147155762 46.55473709106445 0.02158549427986145 0.9986149072647095 -0.04798321798443794 -0.020942870527505875 -0.863128662109375 -0.005605973303318024 -0.5049529075622559 -2.2771527767181396
-0.5033084750175476 0.049627531319856644 0.8626805543899536 47.38204574584961 0.017480619251728058 0.9987298846244812 -0.047255441546440125 -0.07492230087518692 -0.8639299869537354 -0.008703875355422497 -0.5035367608070374 -2.7469544410705566
-0.503801167011261 0.0470881350338459 0.8625352382659912 48.2171745300293 0.014441759325563908 0.998832643032074 -0.046093638986349106 -0.13196519017219543 -0.8636988997459412 -0.010765504091978073 -0.5038931369781494 -3.221353530883789
-0.50484299659729 0.04608443006873131 0.861980140209198 49.063907623291016 0.01349774282425642 0.998873233795166 -0.04549786075949669 -0.18906687200069427 -0.8631056547164917 -0.011334492824971676 -0.5048961639404297 -3.7091526985168457
-0.5050927400588989 0.04531896486878395 0.8618744015693665 49.930816650390625 0.013237283565104008 0.9989097714424133 -0.04476695507764816 -0.24316899478435516 -0.8629635572433472 -0.011202593334019184 -0.5051419734954834 -4.216357707977295
-0.5053303837776184 0.04479243978857994 0.8617626428604126 50.80141067504883 0.013324640691280365 0.9989378452301025 -0.044109027832746506 -0.2992458641529083 -0.8628231287002563 -0.010806958191096783 -0.5053905248641968 -4.724335193634033
-0.505498468875885 0.043817393481731415 0.8617141842842102 51.68003463745117 0.01319109182804823 0.9989854097366333 -0.04305936023592949 -0.3550707995891571 -0.8627266883850098 -0.010399489663541317 -0.5055636167526245 -5.230107307434082
-0.5055581331253052 0.04368990659713745 0.861685574054718 52.56590270996094 0.013393745757639408 0.9989941716194153 -0.04279361665248871 -0.41357871890068054 -0.8626884818077087 -0.010093464516103268 -0.5056348443031311 -5.746070384979248
-0.5058380365371704 0.042202286422252655 0.8615955710411072 53.4612922668457 0.01103057712316513 0.9990373849868774 -0.042458415031433105 -0.4672216773033142 -0.8625579476356506 -0.011973186396062374 -0.5058166980743408 -6.266557216644287
-0.5058533549308777 0.0413108766078949 0.861629843711853 54.35112380981445 0.010250343009829521 0.99906986951828 -0.04188259690999985 -0.5277149081230164 -0.8625587821006775 -0.012354446575045586 -0.5058061480522156 -6.777541160583496
-0.505203902721405 0.04066797345876694 0.8620413541793823 55.245811462402344 0.009209295734763145 0.9990861415863037 -0.04173610359430313 -0.5893164277076721 -0.8629509210586548 -0.013146447949111462 -0.5051167607307434 -7.295681476593018
-0.5040035247802734 0.03905549272894859 0.8628180623054504 56.1184196472168 0.008845975622534752 0.9991580843925476 -0.04005967453122139 -0.6455987095832825 -0.8636561632156372 -0.01255775336176157 -0.5039247870445251 -7.801652431488037
-0.5016524195671082 0.03697730973362923 0.8642786145210266 57.005977630615234 0.009026630781590939 0.9992554187774658 -0.03751283884048462 -0.7039006948471069 -0.8650221228599548 -0.011016884818673134 -0.5016127228736877 -8.31546688079834
-0.49942871928215027 0.035487428307533264 0.8656278252601624 57.89406204223633 0.009518505074083805 0.999325156211853 -0.035476747900247574 -0.7636069059371948 -0.8663026690483093 -0.009478629566729069 -0.4994295537471771 -8.820999145507812
-0.49692511558532715 0.03556308150291443 0.8670644164085388 58.78233337402344 0.009813068434596062 0.9993263483047485 -0.03536388278007507 -0.8156769275665283 -0.8677379488945007 -0.00906463898718357 -0.49693936109542847 -9.326498985290527
-0.4948461651802063 0.03559791296720505 0.8682511448860168 59.669395446777344 0.00970909558236599 0.9993247389793396 -0.03543832525610924 -0.8724714517593384 -0.8689263463020325 -0.009106584824621677 -0.49485763907432556 -9.82740306854248
-0.4939531981945038 0.03610673546791077 0.8687384724617004 60.55364227294922 0.00965483020991087 0.9993035793304443 -0.036043718457221985 -0.9244014024734497 -0.8694347739219666 -0.009416384622454643 -0.49395784735679626 -10.331243515014648
-0.4937788248062134 0.03848705440759659 0.8687354326248169 61.42876052856445 0.010113470256328583 0.9992067217826843 -0.03851887211203575 -0.9769649505615234 -0.8695286512374878 -0.010233873501420021 -0.4937763512134552 -10.837234497070312
-0.496731698513031 0.040284041315317154 0.8669688105583191 62.30192184448242 0.008814086206257343 0.999104917049408 -0.04137374833226204 -1.0355724096298218 -0.8678593039512634 -0.012910112738609314 -0.496642142534256 -11.332069396972656
-0.5021392107009888 0.039999112486839294 0.8638612031936646 63.18067932128906 0.006592530757188797 0.9990777969360352 -0.04242794215679169 -1.0944666862487793 -0.8647616505622864 -0.015609703958034515 -0.5019399523735046 -11.830514907836914
-0.5070480108261108 0.038881707936525345 0.8610402941703796 64.04322052001953 0.008653376251459122 0.9991613030433655 -0.040022995322942734 -1.1547439098358154 -0.8618744015693665 -0.012842674739658833 -0.5069591999053955 -12.342813491821289
-0.5120672583580017 0.036486152559518814 0.8581700921058655 64.90057373046875 0.010365975089371204 0.9992871880531311 -0.03630056977272034 -1.216949701309204 -0.8588827848434448 -0.009692561812698841 -0.5120805501937866 -12.859993934631348
-0.5184970498085022 0.03362166881561279 0.854418158531189 65.77664184570312 0.006736308336257935 0.999356210231781 -0.03523716330528259 -1.2724586725234985 -0.8550528287887573 -0.012514743022620678 -0.5183898210525513 -13.365058898925781
-0.5238988995552063 0.03671005368232727 0.8509889841079712 66.62528991699219 0.009407592937350273 0.9992592930793762 -0.03731449693441391 -1.3318722248077393 -0.8517284989356995 -0.011543268337845802 -0.5238562226295471 -13.879135131835938
-0.5287389755249023 0.03862114995718002 0.8479054570198059 67.46725463867188 0.009075279347598553 0.9991644024848938 -0.03985165059566498 -1.3772755861282349 -0.8487358689308167 -0.0133761465549469 -0.528647780418396 -14.40052604675293
-0.5337452292442322 0.03922154754400253 0.844735324382782 68.29532623291016 0.007564791943877935 0.9991052746772766 -0.041609231382608414 -1.4360274076461792 -0.8456114530563354 -0.015818485990166664 -0.5335644483566284 -14.909398078918457
-0.536929726600647 0.03978089243173599 0.8426886200904846 69.10247802734375 0.006987483240664005 0.9990630745887756 -0.042710721492767334 -1.492564082145691 -0.8435980081558228 -0.01704438216984272 -0.5367046594619751 -15.433256149291992
-0.540183424949646 0.03927236795425415 0.8406304717063904 69.91889190673828 0.008271956816315651 0.9991100430488586 -0.04136067256331444 -1.5502848625183105 -0.8415066003799438 -0.015388689935207367 -0.5400274991989136 -15.953876495361328
-0.5419874787330627 0.0323212556540966 0.8397648334503174 70.74292755126953 0.008714030496776104 0.9994226098060608 -0.03284217044711113 -1.5971522331237793 -0.8403413891792297 -0.010482309386134148 -0.5419561862945557 -16.489442825317383
-0.5447491407394409 0.02279907837510109 0.8382890820503235 71.55968475341797 0.007210065610706806 0.9997207522392273 -0.022504210472106934 -1.6548939943313599 -0.8385680317878723 -0.006215030327439308 -0.5447614192962646 -17.01717185974121
-0.546636164188385 0.02175482176244259 0.8370875716209412 72.37621307373047 0.00829799473285675 0.9997541308403015 -0.02056354656815529 -1.6929614543914795 -0.837329089641571 -0.004294628277420998 -0.5466822981834412 -17.543195724487305
-0.5472912192344666 0.02627839893102646 0.836529552936554 73.16394805908203 0.00885250698775053 0.9996328949928284 -0.025610391050577164 -1.7382581233978271 -0.8368954062461853 -0.006610956974327564 -0.5473228096961975 -18.059316635131836
-0.5492652058601379 0.03228763863444328 0.8350239992141724 73.9642105102539 0.00985649973154068 0.9994341135025024 -0.03216138482093811 -1.7788165807724 -0.8355898261070251 -0.009434719569981098 -0.5492727160453796 -18.565675735473633
-0.548833429813385 0.0362909696996212 0.835143506526947 74.74681854248047 0.016034821048378944 0.9993304014205933 -0.032888032495975494 -1.8248447179794312 -0.8357778191566467 -0.004658675752580166 -0.5490479469299316 -19.10442352294922
-0.5484835505485535 0.03776608034968376 0.8353080153465271 75.53801727294922 0.01969158463180065 0.9992858171463013 -0.032249901443719864 -1.8736560344696045 -0.8359294533729553 -0.0012400049017742276 -0.5488355159759521 -19.636972427368164
-0.5482800602912903 0.034479763358831406 0.8355836868286133 76.34150695800781 0.017977898940443993 0.999404788017273 -0.029443277046084404 -1.9129623174667358 -0.8361014723777771 -0.001121125416830182 -0.5485736131668091 -20.153766632080078
-0.5477234721183777 0.02967442013323307 0.8361330032348633 77.13640594482422 0.016169201582670212 0.9995596408843994 -0.024882527068257332 -1.9486597776412964 -0.8365031480789185 -0.00010914410086115822 -0.5479620695114136 -20.672727584838867
-0.5474365949630737 0.022339625284075737 0.836548924446106 77.92981719970703 0.013314233161509037 0.9997496008872986 -0.01798500306904316 -1.9957568645477295 -0.8367412686347961 0.0012923616450279951 -0.5475969314575195 -21.16974449157715
-0.5474914908409119 0.016898872330784798 0.8366406559944153 78.73181915283203 0.0048509035259485245 0.9998433589935303 -0.017020925879478455 -2.0286877155303955 -0.8367972373962402 -0.005260346457362175 -0.5474876761436462 -21.663667678833008
-0.5452714562416077 0.0122053949162364 0.8381707668304443 79.5335464477539 -0.002289087511599064 0.999868631362915 -0.01604919321835041 -2.055426836013794 -0.8382565379142761 -0.010669811628758907 -0.5451717376708984 -22.181840896606445
-0.5438224077224731 0.012502986937761307 0.8391072154045105 80.31890106201172 0.0006673746393062174 0.9998951554298401 -0.014466260559856892 -2.092385768890381 -0.8392000794410706 -0.007307079154998064 -0.5437737107276917 -22.673227310180664
-0.5403294563293457 0.015988284721970558 0.8413016200065613 81.107421875 0.004898130428045988 0.9998622536659241 -0.015855764970183372 -2.1211886405944824 -0.8414393067359924 -0.004446530248969793 -0.5403333306312561 -23.191171646118164
-0.5348571538925171 0.019310031086206436 0.844721794128418 81.89778137207031 0.006786436773836613 0.9998047351837158 -0.018558168783783913 -2.146942138671875 -0.8449152708053589 -0.004193316213786602 -0.5348837375640869 -23.692462921142578
-0.5270209312438965 0.021238278597593307 0.8495868444442749 82.6868896484375 0.01167734432965517 0.9997742772102356 -0.017748957499861717 -2.1811819076538086 -0.8497720956802368 0.0005668477388098836 -0.5271499156951904 -24.1860294342041
-0.5184288024902344 0.025040414184331894 0.8547540903091431 83.49222564697266 0.01927231065928936 0.9996594190597534 -0.01759636402130127 -2.215549945831299 -0.8549035787582397 0.007350625470280647 -0.5187347531318665 -24.694622039794922
-0.5091938972473145 0.02406453527510166 0.8603152632713318 84.29385375976562 0.016625357791781425 0.9996975064277649 -0.018123269081115723 -2.243884325027466 -0.8604912161827087 0.005074792541563511 -0.5094399452209473 -25.15201759338379
-0.4985526502132416 0.021755583584308624 0.8665863275527954 85.10199737548828 0.014699023216962814 0.9997534155845642 -0.016642294824123383 -2.2737319469451904 -0.8667347431182861 0.004440912976861 -0.4987495243549347 -25.604833602905273
-0.48675987124443054 0.018436042591929436 0.8733412027359009 85.90940856933594 0.014761426486074924 0.9998080730438232 -0.012878397479653358 -2.3054022789001465 -0.8734109997749329 0.006623076740652323 -0.48693859577178955 -26.049060821533203
-0.4755776822566986 0.017819151282310486 0.8794931769371033 86.72160339355469 0.013970472849905491 0.9998217225074768 -0.012702691368758678 -2.3301820755004883 -0.8795627355575562 0.006245818454772234 -0.4757418632507324 -26.48505401611328
-0.4644238352775574 0.016954869031906128 0.8854506611824036 87.56612396240234 0.01419763918966055 0.9998307824134827 -0.01169830933213234 -2.3534183502197266 -0.8854992389678955 0.007138337008655071 -0.4645859897136688 -26.913436889648438
-0.4522184133529663 0.018095914274454117 0.8917235732078552 88.38661193847656 0.015102035365998745 0.9998061656951904 -0.012630581855773926 -2.3780853748321533 -0.8917793035507202 0.0077550592832267284 -0.45240405201911926 -27.328542709350586
-0.4400007426738739 0.02171868272125721 0.8977346420288086 89.20587158203125 0.01512108650058508 0.9997449517250061 -0.01677539013326168 -2.416656255722046 -0.8978700637817383 0.006193540059030056 -0.440216988325119 -27.728567123413086
-0.42876899242401123 0.03102968819439411 0.9028811454772949 90.03016662597656 0.017728570848703384 0.999506413936615 -0.025931335985660553 -2.448375701904297 -0.9032402038574219 0.0048882425762712955 -0.4291074872016907 -28.113689422607422
-0.4152660369873047 0.035408616065979004 0.909010648727417 90.87791442871094 0.017652474343776703 0.9993677139282227 -0.03086405247449875 -2.4875831604003906 -0.9095287322998047 0.0032294923439621925 -0.415628582239151 -28.513469696044922
-0.4037708342075348 0.03181787207722664 0.9143067002296448 91.7213363647461 0.01548232976347208 0.9994895458221436 -0.0279450211673975 -2.526632070541382 -0.9147291779518127 0.002872213488444686 -0.4040573835372925 -28.87862205505371
-0.39254623651504517 0.02841906063258648 0.9192931056022644 92.57646179199219 0.014250753447413445 0.9995903968811035 -0.024816177785396576 -2.5689594745635986 -0.9196218252182007 0.003359120339155197 -0.3927904963493347 -29.232316970825195
-0.3823823630809784 0.028474129736423492 0.9235653281211853 93.42366027832031 0.010139484889805317 0.9995941519737244 -0.026620108634233475 -2.609844923019409 -0.9239485859870911 -0.0008145829197019339 -0.38251593708992004 -29.576793670654297
-0.37559249997138977 0.032800693064928055 0.9262042045593262 94.28043365478516 0.004422485362738371 0.9994255900382996 -0.03360036015510559 -2.649827003479004 -0.9267743825912476 -0.008523918688297272 -0.37552177906036377 -29.913469314575195
-0.3704788088798523 0.03789929300546646 0.9280672669410706 95.1229476928711 -0.0007879257900640368 0.9991540312767029 -0.04111677035689354 -2.6934854984283447 -0.9288405776023865 -0.015964142978191376 -0.37013548612594604 -30.236894607543945
-0.36744144558906555 0.03994112089276314 0.9291885495185852 95.96624755859375 -0.0035667673218995333 0.9990096688270569 -0.04435282200574875 -2.743116855621338 -0.9300398230552673 -0.019611267372965813 -0.36693504452705383 -30.555875778198242
-0.3636905252933502 0.03964924439787865 0.9306755661964417 96.80646514892578 -0.004741427022963762 0.9990020394325256 -0.04441298544406891 -2.798206329345703 -0.9315077662467957 -0.02056531421840191 -0.3631395697593689 -30.878538131713867
-0.35889312624931335 0.039745379239320755 0.932532012462616 97.64787292480469 -0.006042547523975372 0.99897301197052 -0.04490268602967262 -2.8493220806121826 -0.9333590865135193 -0.021750131621956825 -0.3582843244075775 -31.189775466918945
-0.35316336154937744 0.03486252948641777 0.934911847114563 98.50657653808594 -0.010667222552001476 0.9990903735160828 -0.04128527268767357 -2.901238441467285 -0.9355008602142334 -0.024553362280130386 -0.352470338344574 -31.51068878173828
-0.34788575768470764 0.031082715839147568 0.9370214939117432 99.34805297851562 -0.01055038534104824 0.9992570877075195 -0.03706420585513115 -2.9530751705169678 -0.9374776482582092 -0.022780047729611397 -0.3472994267940521 -31.814434051513672
-0.34231579303741455 0.028336990624666214 0.9391574859619141 100.19694519042969 -0.012669389136135578 0.9993150234222412 -0.03477000817656517 -3.000638246536255 -0.93949955701828 -0.02380087412893772 -0.341722309589386 -32.11357879638672
-0.33677875995635986 0.026424147188663483 0.9412128925323486 101.04766845703125 -0.02081376127898693 0.9991529583930969 -0.0354982390999794 -3.0488779544830322 -0.9413537383079529 -0.031545236706733704 -0.3359435200691223 -32.39577102661133
-0.3308035433292389 0.02691327966749668 0.9433157444000244 101.89988708496094 -0.028070833534002304 0.9988702535629272 -0.03834220767021179 -3.092517852783203 -0.9432820081710815 -0.03916339576244354 -0.3296743631362915 -32.674930572509766
-0.3234884738922119 0.03076517954468727 0.9457318186759949 102.75408935546875 -0.025624576956033707 0.9988200068473816 -0.04125707596540451 -3.148482322692871 -0.9458851218223572 -0.03758016601204872 -0.322318434715271 -32.967708587646484
-0.3164224326610565 0.03420824185013771 0.9480013847351074 103.61178588867188 -0.02441415935754776 0.9987248778343201 -0.0441875085234642 -3.1946091651916504 -0.9483041167259216 -0.0371265783905983 -0.3151838183403015 -33.249046325683594
-0.31013283133506775 0.03221016004681587 0.9501474499702454 104.47196197509766 -0.025476908311247826 0.9987853169441223 -0.042174793779850006 -3.244719982147217 -0.9503518342971802 -0.037286609411239624 -0.3089355230331421 -33.522247314453125
-0.3036738932132721 0.027314551174640656 0.9523844122886658 105.3235855102539 -0.02578120492398739 0.9989873766899109 -0.03687163442373276 -3.294132709503174 -0.9524272084236145 -0.03575057163834572 -0.302662193775177 -33.77827453613281
-0.29597553610801697 0.02487732283771038 0.9548715353012085 106.18335723876953 -0.027229581028223038 0.9990347623825073 -0.03446809574961662 -3.3427135944366455 -0.9548072814941406 -0.03620247542858124 -0.2950124442577362 -34.04277801513672
-0.2896231710910797 0.027717551216483116 0.9567393660545349 107.0394287109375 -0.02960461936891079 0.9988428950309753 -0.0378992073237896 -3.3880958557128906 -0.9566828608512878 -0.039300400763750076 -0.28846749663352966 -34.2943229675293
-0.28354334831237793 0.030798742547631264 0.9584646821022034 107.88996124267578 -0.02881111204624176 0.9987593293190002 -0.04061675816774368 -3.436239004135132 -0.9585264325141907 -0.039131049066782 -0.28230422735214233 -34.53263473510742
-0.2769314646720886 0.031155260279774666 0.9603844285011292 108.74655151367188 -0.03117828629910946 0.9986565709114075 -0.04138723015785217 -3.483630657196045 -0.9603837132453918 -0.041404567658901215 -0.2755880057811737 -34.7674674987793
-0.2699098289012909 0.030796006321907043 0.9623929858207703 109.60753631591797 -0.03100341185927391 0.9986922144889832 -0.04065268114209175 -3.536283016204834 -0.9623863697052002 -0.04081002250313759 -0.26860207319259644 -35.00404357910156
-0.2615247666835785 0.030666029080748558 0.964709460735321 110.46858978271484 -0.027139639481902122 0.9988663196563721 -0.039109133183956146 -3.585493326187134 -0.964815080165863 -0.036409877240657806 -0.26039600372314453 -35.239681243896484
-0.25400200486183167 0.032086364924907684 0.966671347618103 111.32672119140625 -0.024316193535923958 0.9989218711853027 -0.03954615071415901 -3.633929491043091 -0.9668979644775391 -0.03355056419968605 -0.25294792652130127 -35.46263885498047
-0.2473520189523697 0.03264467790722847 0.968375563621521 112.18524169921875 -0.022638993337750435 0.9989647269248962 -0.03945852816104889 -3.6811232566833496 -0.9686611890792847 -0.031683195382356644 -0.24635693430900574 -35.67703628540039
-0.2408488243818283 0.031500667333602905 0.9700512886047363 113.05315399169922 -0.029113104566931725 0.9987889528274536 -0.039662204682826996 -3.7286081314086914 -0.9701259136199951 -0.037793803960084915 -0.23964007198810577 -35.87498474121094
-0.23491261899471283 0.029442228376865387 0.9715704917907715 113.9205093383789 -0.03355814144015312 0.9986995458602905 -0.03837825357913971 -3.7781741619110107 -0.9714370369911194 -0.041619639843702316 -0.23361915349960327 -36.07428741455078
-0.230276420712471 0.029416106641292572 0.9726805686950684 114.7967529296875 -0.031106706708669662 0.9988096356391907 -0.037570640444755554 -3.8277246952056885 -0.9726279973983765 -0.038908522576093674 -0.22908729314804077 -36.276798248291016
-0.22613473236560822 0.029716424643993378 0.9736427068710327 115.6698226928711 -0.029601069167256355 0.9988633394241333 -0.03736121952533722 -3.8754775524139404 -0.9736462235450745 -0.03726953640580177 -0.22499807178974152 -36.468570709228516
-0.22081883251667023 0.031125076115131378 0.9748181104660034 116.54039764404297 -0.02803811803460121 0.998874843120575 -0.03824447840452194 -3.9286515712738037 -0.9749116897583008 -0.035777170211076736 -0.2196977436542511 -36.66914749145508
-0.2147693932056427 0.03017466887831688 0.9761985540390015 117.4095230102539 -0.021956568583846092 0.9991207718849182 -0.03571377322077751 -3.972867012023926 -0.9764179587364197 -0.029104195535182953 -0.2139180451631546 -36.86445617675781
-0.20976823568344116 0.029222017154097557 0.9773144125938416 118.28523254394531 -0.015092775225639343 0.999337375164032 -0.03311998397111893 -4.013823509216309 -0.9776346683502197 -0.021697908639907837 -0.20918822288513184 -37.055328369140625
-0.20469042658805847 0.02831709384918213 0.978417158126831 119.15487670898438 -0.013183179311454296 0.9994111061096191 -0.03168268874287605 -4.061941146850586 -0.978738009929657 -0.019383791834115982 -0.20419657230377197 -37.23247528076172
