1.000000000 -0.000000000 0.000000000 -0.000000007 -0.000000000 0.999999940 0.000000000 -0.000000060 0.000000000 0.000000000 0.999999940 -0.000000000
0.999991417 -0.002447186 -0.003349610 -0.003022088 0.002439792 0.999994516 -0.002209665 -0.005065667 0.003354999 0.002201474 0.999991894 0.666727006
0.999969065 -0.001801820 -0.007663649 -0.006546916 0.001775592 0.999992549 -0.003427736 -0.012064688 0.007669768 0.003414022 0.999964654 1.367274761
0.999933541 -0.001582349 -0.011425057 -0.023749569 0.001526105 0.999986649 -0.004929893 -0.012742950 0.011432705 0.004912130 0.999922514 2.067492247
0.999867797 -0.000245613 -0.016260244 -0.044855323 0.000153531 0.999983847 -0.005664048 -0.015191257 0.016261369 0.005660803 0.999851763 2.794346809
0.999785304 -0.001092097 -0.020692186 -0.058193993 0.000976070 0.999983788 -0.005616559 -0.030407917 0.020697985 0.005595157 0.999769986 3.529397488
0.999682069 0.000683001 -0.025204830 -0.083440490 -0.000857898 0.999975622 -0.006928891 -0.034487154 0.025199482 0.006948311 0.999658167 4.283811092
0.999550343 0.003357556 -0.029799391 -0.117136702 -0.003583937 0.999965191 -0.007546639 -0.044776816 0.029773012 0.007650044 0.999527335 5.043775558
0.999406517 0.003695934 -0.034250259 -0.144871354 -0.003900945 0.999974787 -0.005920828 -0.051107030 0.034227505 0.006050922 0.999395728 5.835914612
0.999238551 0.003139096 -0.038891856 -0.178570971 -0.003269715 0.999989212 -0.003295356 -0.057569187 0.038881093 0.003420011 0.999237955 6.637540817
0.999121487 0.002769897 -0.041817997 -0.223260865 -0.002798057 0.999995887 -0.000614896 -0.064257331 0.041816119 0.000731364 0.999125004 7.440286160
0.998998404 0.004097952 -0.044558525 -0.262895882 -0.004167347 0.999990165 -0.001464631 -0.073254459 0.044552080 0.001648855 0.999005616 8.252971649
0.998907447 0.003633573 -0.046592981 -0.309318185 -0.003718032 0.999991596 -0.001726173 -0.078191586 0.046586316 0.001897522 0.998912394 9.073063850
0.998839796 0.001084743 -0.048146363 -0.353231907 -0.001201708 0.999996364 -0.002400486 -0.084522456 0.048143581 0.002455558 0.998837411 9.901559830
0.998718143 0.000486702 -0.050613761 -0.389816642 -0.000556184 0.999998868 -0.001358709 -0.093710095 0.050613038 0.001385118 0.998717248 10.747710228
0.998637676 -0.000991866 -0.052171800 -0.435959816 0.000904160 0.999998093 -0.001704682 -0.101040363 0.052173395 0.001655188 0.998636603 11.599670410
0.998545110 0.001180889 -0.053908210 -0.489123285 -0.001389696 0.999991536 -0.003836071 -0.112283558 0.053903233 0.003905407 0.998538494 12.457573891
0.998464406 0.001788457 -0.055368468 -0.539844215 -0.002170137 0.999974251 -0.006834091 -0.118371561 0.055354815 0.006943753 0.998442531 13.322567940
0.998369217 0.005502920 -0.056820326 -0.601228118 -0.005980058 0.999948204 -0.008230707 -0.133356944 0.056772083 0.008557074 0.998350501 14.194540977
0.998287499 0.006742788 -0.058107104 -0.653420329 -0.007215183 0.999942541 -0.007923766 -0.145103931 0.058050334 0.008329451 0.998278797 15.079205513
0.998209357 0.005660426 -0.059547514 -0.709329009 -0.006044155 0.999962032 -0.006265942 -0.159831002 0.059509784 0.006614636 0.998205721 15.972289085
0.998145282 0.006657494 -0.060509656 -0.774212956 -0.006958351 0.999964416 -0.004762701 -0.171776474 0.060475785 0.005174914 0.998156190 16.868923187
0.998078585 0.006105714 -0.061658565 -0.826921046 -0.006415934 0.999967694 -0.004834529 -0.186829433 0.061627060 0.005220838 0.998085558 17.762117386
0.997976780 0.005932412 -0.063301072 -0.888288796 -0.006303789 0.999963939 -0.005668753 -0.198535785 0.063265167 0.006056321 0.997978330 18.668375015
0.997915447 0.004511190 -0.064375542 -0.949224234 -0.004922760 0.999968410 -0.006236095 -0.214316368 0.064345367 0.006540003 0.997906208 19.586488724
0.997880280 0.004438179 -0.064924270 -1.009010077 -0.004740519 0.999978542 -0.004503505 -0.227321237 0.064902909 0.004801733 0.997879982 20.498588562
0.997865200 0.005518716 -0.065072700 -1.074890256 -0.005612426 0.999983430 -0.001257342 -0.235222012 0.065064684 0.001619873 0.997879684 21.424089432
0.997927666 0.006383485 -0.064027712 -1.141297102 -0.006211307 0.999976575 0.002887805 -0.251305521 0.064044654 -0.002484125 0.997943938 22.353931427
0.998033583 0.004727425 -0.062502660 -1.194450617 -0.004389302 0.999974966 0.005545917 -0.256898731 0.062527306 -0.005260667 0.998029351 23.284921646
0.998132885 0.004978989 -0.060875893 -1.256381392 -0.004612194 0.999970376 0.006164309 -0.259268045 0.060904779 -0.005872028 0.998126209 24.222589493
0.998212636 0.005473646 -0.059511077 -1.316494226 -0.005297369 0.999981046 0.003119458 -0.264781743 0.059527021 -0.002798631 0.998222709 25.159936905
0.998265862 0.006045689 -0.058556296 -1.375763893 -0.006120452 0.999980628 -0.001097488 -0.280771375 0.058548521 0.001453976 0.998283505 26.105920792
0.998360693 0.004969012 -0.057020146 -1.438317537 -0.005198007 0.999978960 -0.003868435 -0.289500952 0.056999724 0.004158485 0.998365521 27.051883698
0.998409092 0.002589939 -0.056326531 -1.494354129 -0.002755417 0.999992073 -0.002860365 -0.297573119 0.056318682 0.003011018 0.998408258 28.016595840
0.998389542 0.000859540 -0.056724362 -1.544685006 -0.000741320 0.999997437 0.002105122 -0.310575694 0.056726038 -0.002059681 0.998387635 28.991996765
0.998326063 -0.002794190 -0.057768937 -1.598692775 0.003110806 0.999980628 0.005391520 -0.318076313 0.057752762 -0.005562202 0.998315394 29.965700150
0.998213410 -0.010468454 -0.058825605 -1.644755602 0.010772214 0.999930084 0.004849032 -0.324952662 0.058770739 -0.005474050 0.998256445 30.935457230
0.998092413 -0.013275474 -0.060293034 -1.699733377 0.013365177 0.999909997 0.001084742 -0.329577118 0.060273211 -0.001888500 0.998180091 31.916444778
0.998014808 -0.012870190 -0.061649054 -1.762544632 0.012719335 0.999915063 -0.002838823 -0.340558350 0.061680354 0.002049053 0.998093784 32.885650635
0.997916937 -0.011472967 -0.063482411 -1.833801031 0.011269705 0.999930143 -0.003558979 -0.349494308 0.063518800 0.002836138 0.997976542 33.864627838
0.997861207 -0.011544175 -0.064341880 -1.898189068 0.011423908 0.999932170 -0.002236799 -0.361243129 0.064363338 0.001496979 0.997925341 34.852153778
0.997790575 -0.008421393 -0.065903403 -1.966096044 0.008468702 0.999964058 0.000438517 -0.372828305 0.065897338 -0.000995664 0.997825921 35.851867676
0.997720778 -0.008718410 -0.066912115 -2.035835981 0.008871356 0.999958634 0.001989003 -0.385543019 0.066892035 -0.002578071 0.997756839 36.836330414
0.997659266 -0.007697338 -0.067945391 -2.105717182 0.008032916 0.999956787 0.004667120 -0.394026309 0.067906529 -0.005201994 0.997678101 37.810760498
0.997695863 -0.007403203 -0.067439429 -2.178883076 0.007932522 0.999939799 0.007584408 -0.402471662 0.067379199 -0.008101897 0.997694552 38.809604645
0.997685850 -0.001301533 -0.067979805 -2.257737637 0.001955570 0.999952435 0.009555398 -0.401767403 0.067964122 -0.009666223 0.997640967 39.797790527
0.997674346 -0.001473978 -0.068144903 -2.334831715 0.002106043 0.999955416 0.009204390 -0.408524454 0.068128318 -0.009326501 0.997632921 40.799472809
0.997682333 -0.001577766 -0.068026029 -2.408338547 0.002104939 0.999968290 0.007678592 -0.411435813 0.068011761 -0.007803986 0.997653902 41.792873383
0.997671068 0.000587570 -0.068207420 -2.482095718 -0.000230307 0.999986231 0.005245632 -0.416705608 0.068209559 -0.005217704 0.997657299 42.789314270
0.997620642 0.000335643 -0.068941861 -2.545874596 0.000015320 0.999987006 0.005090113 -0.419923127 0.068942651 -0.005079057 0.997607827 43.764919281
0.997545600 -0.001266165 -0.070009358 -2.618916273 0.001717562 0.999978125 0.006387860 -0.430240273 0.069999717 -0.006492428 0.997525871 44.749019623
0.997490466 -0.000786596 -0.070797004 -2.690569878 0.001306716 0.999972463 0.007300626 -0.437860340 0.070789307 -0.007374816 0.997464001 45.722316742
0.997451663 0.000558080 -0.071343265 -2.757724762 -0.000255843 0.999990940 0.004245448 -0.448697180 0.071344964 -0.004216377 0.997442782 46.703159332
0.997369289 0.000991049 -0.072481595 -2.832574606 -0.000996177 0.999999523 -0.000034594 -0.454819888 0.072481513 0.000106707 0.997369766 47.668777466
0.997347236 0.002354424 -0.072751716 -2.914707184 -0.002463167 0.999996006 -0.001405025 -0.461099297 0.072748102 0.001580497 0.997349083 48.622920990
0.997358918 0.000563255 -0.072630107 -2.988242388 -0.000387719 0.999996901 0.002430929 -0.477686167 0.072631247 -0.002396348 0.997355938 49.607742310
0.997335196 -0.001296451 -0.072945654 -3.057953835 0.001693342 0.999984086 0.005379342 -0.485497802 0.072937518 -0.005488527 0.997321367 50.581264496
0.997328341 -0.002970459 -0.072987817 -3.133070469 0.003423981 0.999975562 0.006089338 -0.498561233 0.072967947 -0.006322978 0.997314215 51.538299561
0.997289836 -0.006187392 -0.073312208 -3.199616432 0.006568226 0.999966145 0.004954735 -0.506070137 0.073279068 -0.005422839 0.997296751 52.491065979
0.997273505 -0.008845377 -0.073261499 -3.274113655 0.009150499 0.999950767 0.003830232 -0.516642869 0.073224001 -0.004490170 0.997305393 53.444564819
0.997179687 -0.010521543 -0.074309699 -3.347712517 0.010920986 0.999927998 0.004971071 -0.524236083 0.074252054 -0.005768588 0.997222781 54.397838593
0.996988833 -0.014475345 -0.076181039 -3.402744293 0.015212500 0.999842763 0.009104962 -0.530698895 0.076037273 -0.010236450 0.997052372 55.346694946
0.996959209 -0.015207305 -0.076427422 -3.481090546 0.016306965 0.999772012 0.013784869 -0.531013548 0.076200366 -0.014989250 0.996979773 56.288364410
0.996931851 -0.012956728 -0.077196307 -3.560412169 0.014229913 0.999771357 0.015965641 -0.531578898 0.076971784 -0.017015148 0.996887982 57.224979401
0.996823490 -0.012077760 -0.078721091 -3.629355192 0.013079620 0.999839664 0.012223505 -0.537918031 0.078560829 -0.013214320 0.996821702 58.169441223
0.996774971 -0.010045987 -0.079616338 -3.713821411 0.010422748 0.999936283 0.004318029 -0.541028142 0.079567894 -0.005133924 0.996816218 59.080680847
0.996690333 -0.008310699 -0.080866382 -3.791572571 0.008287068 0.999965489 -0.000627845 -0.546566010 0.080868796 -0.000044377 0.996724784 59.997772217
0.996635795 -0.003857835 -0.081866279 -3.865616322 0.003923364 0.999992073 0.000639606 -0.561796129 0.081863165 -0.000958646 0.996643066 60.892223358
0.996539712 -0.001318209 -0.083106615 -3.951362133 0.001580359 0.999993920 0.003088682 -0.575244904 0.083102062 -0.003209333 0.996535838 61.783351898
0.996441305 0.001220685 -0.084280558 -4.024517059 -0.000855255 0.999990046 0.004371843 -0.587505579 0.084285066 -0.004284203 0.996432543 62.653507233
0.996355236 0.001962301 -0.085278824 -4.102259636 -0.001607783 0.999989688 0.004225654 -0.597526550 0.085286245 -0.004073143 0.996348143 63.523719788
0.996192098 0.003338677 -0.087122448 -4.181422710 -0.002919913 0.999983490 0.004933613 -0.605188072 0.087137513 -0.004660436 0.996185362 64.376113892
0.996087134 0.004490050 -0.088262834 -4.261720657 -0.004005332 0.999975920 0.005668093 -0.617314696 0.088286154 -0.005292394 0.996081054 65.215972900
0.995939553 0.004210886 -0.089926392 -4.334191322 -0.003690070 0.999975502 0.005957039 -0.623151660 0.089949265 -0.005601016 0.995930552 66.040832520
0.995857835 0.004048358 -0.090833224 -4.415372849 -0.003414935 0.999968648 0.007127807 -0.633575797 0.090859242 -0.006788093 0.995840549 66.845710754
0.995723188 0.006554487 -0.092153952 -4.496982574 -0.005678731 0.999936163 0.009762174 -0.638657272 0.092212036 -0.009197107 0.995696902 67.644203186
0.995561481 0.008303153 -0.093746804 -4.571435928 -0.007005592 0.999875128 0.014161764 -0.647917032 0.093852699 -0.013442149 0.995495319 68.427925110
0.995395899 0.011284194 -0.095182210 -4.652196884 -0.009811686 0.999825001 0.015924290 -0.650444984 0.095345251 -0.014917072 0.995332420 69.202781677
0.995249391 0.014249190 -0.096309289 -4.738257408 -0.013169526 0.999843121 0.011836789 -0.660716057 0.096462861 -0.010512210 0.995281041 69.945800781
0.995077074 0.014255890 -0.098072834 -4.808836460 -0.013865168 0.999892890 0.004664422 -0.668530583 0.098128833 -0.003281663 0.995168328 70.669158936
0.994961143 0.013286391 -0.099378556 -4.882328033 -0.013478974 0.999908388 -0.001266648 -0.674930811 0.099352628 0.002599787 0.995048881 71.383087158
0.994912088 0.013879238 -0.099787183 -4.957048893 -0.014208370 0.999895751 -0.002588390 -0.678957045 0.099740855 0.003993034 0.995005429 72.074630737
0.994819462 0.016638611 -0.100287050 -5.039685726 -0.016614007 0.999861240 0.001080583 -0.691394389 0.100291133 0.000591185 0.994957864 72.750122070
0.994704723 0.017157668 -0.101332471 -5.111865520 -0.016882038 0.999850988 0.003577088 -0.708657980 0.101378769 -0.001847448 0.994846046 73.409622192
0.994660258 0.013723068 -0.102287345 -5.173987865 -0.013772635 0.999905109 0.000221664 -0.719021380 0.102280676 0.001188285 0.994754791 74.036750793
0.994691670 0.005633693 -0.102746263 -5.224750996 -0.006181022 0.999968290 -0.005009388 -0.731302142 0.102714784 0.005617873 0.994694889 74.643470764
0.994807661 0.001658947 -0.101759791 -5.279820919 -0.002703954 0.999944985 -0.010132264 -0.735746264 0.101737380 0.010354808 0.994757235 75.239967346
0.995093107 0.003929804 -0.098865151 -5.336064339 -0.004976201 0.999934196 -0.010339719 -0.748068213 0.098817997 0.010780955 0.995047092 75.825088501
0.995483637 0.009137118 -0.094492361 -5.403552055 -0.009858469 0.999925554 -0.007169957 -0.761692703 0.094419815 0.008069125 0.995499671 76.383895874
0.995927334 0.007527024 -0.089844450 -5.454264164 -0.007894952 0.999961793 -0.003740499 -0.779200554 0.089812867 0.004434583 0.995948732 76.943138123
0.996441960 0.004024084 -0.084185734 -5.487056255 -0.004007978 0.999991834 0.000360297 -0.789477170 0.084186487 -0.000021599 0.996449947 77.484443665
0.997092783 -0.000743544 -0.076193325 -5.514537811 0.001018537 0.999993026 0.003570353 -0.795502305 0.076190144 -0.003637578 0.997086585 78.019142151
0.997846246 0.003055411 -0.065524861 -5.548995018 -0.002809784 0.999988616 0.003840433 -0.812513709 0.065535843 -0.003648050 0.997843504 78.531089783
0.998692930 0.008179098 -0.050452840 -5.574020386 -0.008031271 0.999962807 0.003132025 -0.813715160 0.050476588 -0.002722731 0.998721480 79.035652161
0.999395013 0.013309960 -0.032130498 -5.593327045 -0.013198247 0.999906063 0.003686425 -0.818560660 0.032176547 -0.003260129 0.999476910 79.528640747
0.999881029 0.011882026 -0.009831719 -5.585721970 -0.011837854 0.999919593 0.004538854 -0.825330496 0.009884860 -0.004421927 0.999941349 80.012580872
0.999830663 0.008421090 0.016362667 -5.555449963 -0.008508321 0.999949872 0.005268946 -0.828524768 -0.016317472 -0.005407272 0.999852240 80.474601746
0.998938382 0.007398763 0.045469541 -5.509192467 -0.007725661 0.999945462 0.007017868 -0.837683022 -0.045415137 -0.007361699 0.998941064 80.918708801
0.996902823 0.006685384 0.078358985 -5.451673031 -0.007376364 0.999936402 0.008532023 -0.843805134 -0.078296952 -0.009083603 0.996888697 81.352966309
0.993214726 0.006798169 0.116095833 -5.377139091 -0.007906457 0.999927461 0.009088488 -0.848371089 -0.116025612 -0.009944727 0.993196547 81.794487000
0.987447381 0.006748798 0.157803744 -5.285515785 -0.008331256 0.999921441 0.009368666 -0.854895592 -0.157728121 -0.010565769 0.987426102 82.223175049
0.979130268 0.006354181 0.203134239 -5.172023773 -0.008402683 0.999922156 0.009223639 -0.858567476 -0.203059778 -0.010738018 0.979107440 82.639823914
0.967786312 0.008453938 0.251630872 -5.041551590 -0.010687041 0.999914646 0.007509239 -0.869184256 -0.251545936 -0.009956530 0.967794180 83.027511597
0.952281535 0.009635583 0.305069029 -4.888374329 -0.011517747 0.999924183 0.004370438 -0.873207092 -0.305003732 -0.007675596 0.952320218 83.417518616
0.932860732 0.009425907 0.360113919 -4.712471008 -0.011266883 0.999931991 0.003013398 -0.884285808 -0.360061020 -0.006868442 0.932903469 83.752998352
0.908640087 0.009864889 0.417463630 -4.511981964 -0.011573083 0.999931872 0.001560738 -0.891651869 -0.417419851 -0.006249490 0.908692181 84.103675842
0.879868388 0.010227486 0.475107431 -4.292278290 -0.011275205 0.999936163 -0.000644355 -0.892777264 -0.475083739 -0.004789985 0.879927516 84.425399780
0.846683681 0.008867338 0.532022655 -4.047241211 -0.008738479 0.999958038 -0.002759730 -0.898055792 -0.532024801 -0.002312451 0.846725583 84.728851318
0.809056759 0.009408791 0.587655246 -3.797695160 -0.008228960 0.999955118 -0.004680759 -0.899019718 -0.587672889 -0.001048793 0.809097946 85.027984619
0.769707322 0.007198771 0.638356328 -3.506946564 -0.006455934 0.999973059 -0.003492401 -0.908168554 -0.638364315 -0.001433061 0.769732952 85.301055908
0.727103353 0.007464287 0.686487615 -3.214405060 -0.009592975 0.999953687 -0.000712116 -0.919223189 -0.686461091 -0.006067676 0.727141261 85.552680969
0.683585227 0.005763874 0.729847908 -2.918197632 -0.008433696 0.999964416 0.000002029 -0.931537509 -0.729821920 -0.006156704 0.683609486 85.732925415
0.636932433 0.004426373 0.770906985 -2.600608826 -0.005642464 0.999983490 -0.001079809 -0.939105392 -0.770899057 -0.003662050 0.636946857 85.939956665
0.589942336 0.001746475 0.807443559 -2.266391754 -0.000176422 0.999997914 -0.002034066 -0.944598317 -0.807445407 0.001057532 0.589941323 86.127235413
0.543946862 0.003858304 0.839110792 -1.929054260 -0.002497006 0.999992371 -0.002979388 -0.954328716 -0.839115918 -0.000474634 0.543952465 86.288558960
0.496197999 0.007177657 0.868179739 -1.597381592 -0.006176721 0.999969602 -0.004736996 -0.956793845 -0.868187487 -0.003012014 0.496227294 86.453414917
0.451139808 0.009247538 0.892405510 -1.253543854 -0.006792161 0.999952853 -0.006928341 -0.962507606 -0.892427564 -0.002935710 0.451181293 86.585220337
0.408239126 0.007735363 0.912842274 -0.892908096 -0.000235081 0.999964893 -0.008368504 -0.958955586 -0.912874997 0.003201759 0.408226669 86.711303711
0.367773712 -0.000924506 0.929914832 -0.527139664 0.014079050 0.999890327 -0.004574073 -0.978012502 -0.929808676 0.014774540 0.367746443 86.808036804
0.332125574 -0.004375850 0.943224967 -0.163381577 0.017883994 0.999838591 -0.001658763 -0.980315506 -0.943065464 0.017419547 0.332150251 86.899696350
0.299491018 -0.000388832 0.954099059 0.206096649 0.015306653 0.999873042 -0.004397261 -0.986281157 -0.953976333 0.015921002 0.299459040 86.991294861
0.268524438 0.007056375 0.963247001 0.576377869 0.004674977 0.999951839 -0.008628504 -1.000976920 -0.963261545 0.006820121 0.268478513 87.091865540
0.239546806 0.011458004 0.970817149 0.955427170 -0.000725833 0.999932110 -0.011622533 -1.018165231 -0.970884562 0.002079488 0.239538908 87.181938171
0.213734105 0.013057602 0.976804614 1.347278595 -0.000358918 0.999911606 -0.013287954 -1.035038710 -0.976891756 0.002489496 0.213719890 87.254905701
0.190385893 0.014646602 0.981600106 1.750995636 0.006919209 0.999843717 -0.016260833 -1.040831327 -0.981684864 0.009887730 0.190254807 87.304954529
0.170470834 0.020396756 0.985151589 2.162467003 0.013949705 0.999635577 -0.023110494 -1.042922020 -0.985263884 0.017682239 0.170124158 87.347442627
0.150559515 0.027876060 0.988207877 2.589402199 0.016257910 0.999397337 -0.030668696 -1.035611033 -0.988467157 0.020683657 0.150015563 87.403152466
0.132742405 0.028641485 0.990736723 3.024498940 0.013780235 0.999432385 -0.030739199 -1.047152996 -0.991054714 0.017732980 0.132272363 87.456932068
0.117602095 0.023913393 0.992772698 3.485657692 0.011718956 0.999606907 -0.025466220 -1.071825743 -0.992991507 0.014629141 0.117275618 87.507423401
0.103028119 0.020768316 0.994461596 3.955166817 0.011532993 0.999689698 -0.022072347 -1.091038227 -0.994611561 0.013743189 0.102756619 87.548187256
0.089941263 0.018314842 0.995778680 4.440699577 0.013932197 0.999709785 -0.019645542 -1.105457664 -0.995849550 0.015640330 0.089659996 87.580627441
0.078417033 0.017514436 0.996766806 4.931021690 0.017844845 0.999660730 -0.018969171 -1.117097139 -0.996760845 0.019274654 0.078077890 87.604194641
0.068040572 0.017952362 0.997521043 5.442499638 0.021127557 0.999587834 -0.019430663 -1.128642917 -0.997458696 0.022397256 0.067633241 87.630584717
0.060144596 0.018672299 0.998015046 5.969882488 0.023337170 0.999525368 -0.020106951 -1.139611125 -0.997916698 0.024500171 0.059680283 87.657211304
0.054553814 0.018866578 0.998332560 6.520690441 0.025098588 0.999479532 -0.020259766 -1.155300021 -0.998195350 0.026161985 0.054051891 87.683639526
0.049239330 0.020014495 0.998586416 7.085289001 0.026679525 0.999416053 -0.021346664 -1.164601684 -0.998430550 0.027692908 0.048676599 87.701965332
0.043521326 0.020780895 0.998836339 7.663713455 0.027301097 0.999385417 -0.021981882 -1.177329540 -0.998679340 0.028226007 0.042927232 87.721893311
0.039141197 0.020448998 0.999024451 8.264590263 0.029806998 0.999321699 -0.021622900 -1.195821762 -0.998788953 0.030624265 0.038505122 87.739265442
0.035889350 0.020671863 0.999141932 8.890068054 0.031139703 0.999277353 -0.021793205 -1.210847735 -0.998870373 0.031895131 0.035219692 87.761932373
0.032810122 0.020248918 0.999256492 9.528616905 0.032213587 0.999253809 -0.021306582 -1.226362348 -0.998942196 0.032888707 0.032133345 87.779533386
0.030489771 0.019632682 0.999342203 10.183039665 0.033902481 0.999211431 -0.020664474 -1.242674947 -0.998959959 0.034510236 0.029800130 87.796546936
0.029957904 0.019350754 0.999363840 10.859426498 0.038709562 0.999040127 -0.020504881 -1.258410096 -0.998801351 0.039299216 0.029180083 87.808425903
0.031028952 0.018904213 0.999339640 11.552246094 0.042189170 0.998905301 -0.020205945 -1.277297974 -0.998627722 0.042788278 0.030197429 87.825584412
0.033181224 0.018861106 0.999271572 12.249403000 0.043592114 0.998843074 -0.020300521 -1.295647144 -0.998498142 0.044233944 0.032320648 87.848556519
0.036944259 0.018968731 0.999137402 12.972554207 0.045990121 0.998728156 -0.020661501 -1.311693907 -0.998258412 0.046713762 0.036024898 87.877357483
0.041507568 0.018304503 0.998970568 13.707531929 0.046660148 0.998705745 -0.020238396 -1.332821131 -0.998048007 0.047452152 0.040599748 87.904525757
0.045611382 0.016670456 0.998820126 14.460126877 0.048230797 0.998658061 -0.018870216 -1.350279927 -0.997794211 0.049034588 0.044746134 87.936347961
0.049413729 0.015077151 0.998664558 15.222238541 0.047853127 0.998702049 -0.017445477 -1.368989348 -0.997631311 0.048651274 0.048628099 87.978919983
0.053461030 0.012929475 0.998486340 16.002939224 0.044849847 0.998875976 -0.015335878 -1.389428258 -0.997562110 0.045601830 0.052821055 88.033470154
0.057394538 0.011885113 0.998280823 16.798902512 0.043988902 0.998927891 -0.014421887 -1.404896855 -0.997381985 0.044741020 0.056810189 88.083404541
0.061450649 0.013087357 0.998024404 17.601018906 0.041166753 0.999029934 -0.015635278 -1.420368791 -0.997260809 0.042046223 0.060852274 88.144874573
0.064653128 0.017023969 0.997762561 18.391704559 0.038839862 0.999053836 -0.019562749 -1.446018219 -0.997151613 0.040017761 0.063930757 88.195442200
0.066013455 0.022108028 0.997573733 19.198806763 0.033046022 0.999157608 -0.024329916 -1.472871184 -0.997271478 0.034571934 0.065227248 88.261398315
0.065840788 0.025465235 0.997505188 20.010404587 0.030216457 0.999164939 -0.027502066 -1.494283080 -0.997372448 0.031951826 0.065016337 88.321083069
0.065702461 0.025175033 0.997521639 20.824792862 0.028145101 0.999237180 -0.027072122 -1.520449400 -0.997442305 0.029854048 0.064943776 88.387153625
0.066047706 0.023107857 0.997548878 21.645675659 0.025283715 0.999372065 -0.024824124 -1.556375980 -0.997496009 0.026861319 0.065421984 88.443313599
0.065596513 0.021993129 0.997603893 22.464263916 0.025974795 0.999380767 -0.023740251 -1.583872914 -0.997508109 0.027469832 0.064984620 88.505882263
0.065926678 0.020895567 0.997605681 23.283948898 0.023647187 0.999467194 -0.022497283 -1.621889353 -0.997544229 0.025073737 0.065397426 88.569671631
0.066193990 0.021206668 0.997581303 24.085397720 0.021797027 0.999504805 -0.022693885 -1.651571989 -0.997568548 0.023246510 0.065698981 88.622146606
0.066295475 0.021751732 0.997562885 24.902299881 0.018729422 0.999559104 -0.023039969 -1.683986425 -0.997624159 0.020211224 0.065858856 88.682533264
0.064847387 0.023231611 0.997624695 25.710790634 0.015695361 0.999581516 -0.024297411 -1.712803364 -0.997771740 0.017233703 0.064455621 88.750671387
0.062029768 0.023082357 0.997807324 26.522254944 0.012696279 0.999633312 -0.023913879 -1.740922689 -0.997993469 0.014151810 0.061713956 88.805931091
0.058417656 0.021869311 0.998052657 27.335712433 0.010700577 0.999688864 -0.022531481 -1.765591025 -0.998234808 0.011995977 0.058165465 88.853416443
0.053530607 0.019267540 0.998380363 28.147598267 0.008775807 0.999766111 -0.019764820 -1.795026660 -0.998527467 0.009819617 0.053348996 88.902740479
0.047125269 0.017437603 0.998736799 28.952980042 0.006327596 0.999822319 -0.017755123 -1.821224570 -0.998868823 0.007156317 0.047006551 88.946693420
0.040008340 0.017565204 0.999044955 29.761484146 0.006207433 0.999821842 -0.017827446 -1.848267674 -0.999180019 0.006914752 0.039892171 88.975402832
0.031470176 0.018324239 0.999336839 30.562704086 0.006067163 0.999809921 -0.018523978 -1.873935461 -0.999486268 0.006646092 0.031353019 89.000259399
0.021578731 0.018930938 0.999587953 31.367362976 0.006530134 0.999796629 -0.019075861 -1.897099853 -0.999745786 0.006939076 0.021450726 89.017669678
0.011120600 0.017796947 0.999779820 32.157333374 0.007710511 0.999810338 -0.017883249 -1.925286293 -0.999908447 0.007907687 0.010981267 89.025230408
0.000207148 0.016851053 0.999858022 32.951702118 0.006443358 0.999837279 -0.016852032 -1.951790571 -0.999979198 0.006445935 0.000098538 89.028633118
-0.011044987 0.015953878 0.999811709 33.735359192 0.007917486 0.999842763 -0.015866905 -1.977060556 -0.999907613 0.007740747 -0.011169565 89.018676758
-0.021858202 0.016547425 0.999624193 34.514564514 0.008271006 0.999831855 -0.016370002 -1.998160005 -0.999726832 0.007910079 -0.021991389 89.000465393
-0.033003170 0.017223977 0.999306917 35.292701721 0.008110187 0.999823153 -0.016965030 -2.021689177 -0.999422252 0.007544665 -0.033137023 88.974952698
-0.043387987 0.018016446 0.998896003 36.066860199 0.007760264 0.999813259 -0.017695917 -2.049276590 -0.999028087 0.006983906 -0.043519698 88.933059692
-0.053710125 0.019098114 0.998373985 36.830291748 0.008366109 0.999790549 -0.018675135 -2.070767879 -0.998521447 0.007349461 -0.053858645 88.891319275
-0.063217774 0.019715074 0.997805119 37.588821411 0.009408093 0.999772191 -0.019157872 -2.099542856 -0.997955322 0.008176326 -0.063388839 88.838523865
-0.073029086 0.020474015 0.997119665 38.360481262 0.009937802 0.999754488 -0.019800276 -2.119000435 -0.997280240 0.008463182 -0.073214620 88.788452148
-0.082417540 0.020697065 0.996382952 39.100624084 0.010638217 0.999745607 -0.019886959 -2.146945953 -0.996541023 0.008960706 -0.082616746 88.727752686
-0.090994224 0.020125389 0.995648146 39.834197998 0.011948320 0.999745905 -0.019116241 -2.169674635 -0.995779693 0.010156852 -0.091211550 88.656471252
-0.098583654 0.018838566 0.994950414 40.559928894 0.013240849 0.999757111 -0.017617621 -2.196903706 -0.995040655 0.011437179 -0.098809138 88.585380554
-0.103675269 0.017394219 0.994459152 41.298191071 0.016440867 0.999740422 -0.015772585 -2.223521233 -0.994475245 0.014714543 -0.103934325 88.498695374
-0.106921241 0.016056018 0.994137943 42.004806519 0.019952198 0.999702871 -0.014000002 -2.241589069 -0.994067192 0.018338338 -0.107209824 88.407951355
-0.109817870 0.014822237 0.993841231 42.716041565 0.021039089 0.999699414 -0.012584820 -2.263651609 -0.993728936 0.019527480 -0.110096693 88.332557678
-0.111638539 0.013922026 0.993651330 43.400588989 0.020944644 0.999712706 -0.011653783 -2.284317970 -0.993528008 0.019510668 -0.111898035 88.257987976
-0.112610474 0.014261988 0.993536830 44.067344666 0.022039520 0.999686837 -0.011852244 -2.305867434 -0.993394732 0.020562390 -0.112889528 88.186027527
-0.111475527 0.015152789 0.993651748 44.718200684 0.022536773 0.999665201 -0.012716142 -2.325707674 -0.993511677 0.020976163 -0.111779697 88.112533569
-0.108219206 0.016909545 0.993983269 45.340927124 0.023692442 0.999615133 -0.014425856 -2.345184565 -0.993844628 0.021988736 -0.108578190 88.040832520
-0.103268526 0.017413734 0.994501114 45.974422455 0.024080142 0.999597430 -0.015002504 -2.365678787 -0.994361937 0.022398442 -0.103646286 87.978782654
-0.095202453 0.018173195 0.995292008 46.573379517 0.023696745 0.999591351 -0.015985036 -2.383129597 -0.995175838 0.022063365 -0.095594190 87.925384521
-0.084327094 0.018041566 0.996274829 47.148212433 0.022159040 0.999622762 -0.016226601 -2.406361103 -0.996191621 0.020708153 -0.084695056 87.891868591
-0.070464298 0.018216532 0.997348070 47.697872162 0.021707395 0.999624491 -0.016724445 -2.428099632 -0.997278035 0.020471357 -0.070833266 87.859634399
-0.053576007 0.019389618 0.998375535 48.246807098 0.020002836 0.999631584 -0.018340597 -2.454540253 -0.998363316 0.018987725 -0.053944126 87.847045898
-0.032187302 0.021928731 0.999241292 48.780094147 0.018256472 0.999605298 -0.021348644 -2.473544121 -0.999314964 0.017555462 -0.032574944 87.847648621
-0.007611841 0.024861578 0.999661922 49.295238495 0.016172964 0.999563158 -0.024735972 -2.498386621 -0.999840200 0.015979210 -0.008010603 87.862358093
0.020519741 0.026477728 0.999438822 49.814838409 0.014485719 0.999536395 -0.026777722 -2.520291805 -0.999684453 0.015027060 0.020126674 87.894683838
0.053921461 0.025819946 0.998211265 50.333789825 0.012018832 0.999576449 -0.026504491 -2.542838573 -0.998472810 0.013426494 0.053588286 87.937400818
0.092222407 0.023299444 0.995465696 50.828445435 0.011350751 0.999636650 -0.024448626 -2.562642336 -0.995673656 0.013553996 0.091924414 88.000267029
0.134127483 0.019768301 0.990766823 51.328048706 0.009361200 0.999731183 -0.021214455 -2.576414824 -0.990919828 0.012120210 0.133906364 88.095321655
0.179186910 0.015528164 0.983692408 51.817726135 0.006541662 0.999834478 -0.016974589 -2.597995281 -0.983793199 0.009476609 0.179055691 88.212173462
0.227667421 0.012622160 0.973657072 52.295761108 0.002309400 0.999906242 -0.013502441 -2.609424114 -0.973736167 0.005322631 0.227616921 88.357933044
0.279933423 0.010633910 0.959960520 52.784362793 -0.000834304 0.999940932 -0.010833504 -2.629483223 -0.960019112 0.002231760 0.279925764 88.515556335
0.335503668 0.010708526 0.941977918 53.241493225 -0.001409233 0.999939919 -0.010865522 -2.637971163 -0.942037940 0.002317956 0.335498601 88.703826904
0.393405229 0.011358094 0.919295013 53.679504395 0.001078165 0.999917209 -0.012815593 -2.646507263 -0.919364572 0.006032874 0.393360436 88.920005798
0.450797260 0.014654710 0.892506063 54.076095581 0.002236567 0.999843538 -0.017546833 -2.661071777 -0.892623544 0.009906216 0.450693995 89.187057495
0.510567307 0.017727509 0.859654963 54.470924377 0.004175950 0.999724627 -0.023096155 -2.674929142 -0.859827638 0.015382022 0.510352671 89.457443237
0.569678903 0.022760164 0.821552098 54.844963074 0.000346909 0.999609649 -0.027933594 -2.675116301 -0.821867287 0.016198184 0.569448650 89.746429443
0.625040233 0.024511989 0.780207634 55.189323425 -0.003225613 0.999579370 -0.028819945 -2.703422785 -0.780585945 0.015496977 0.624856353 90.078079224
0.676565766 0.025871718 0.735927701 55.486587524 -0.004939101 0.999519587 -0.030597653 -2.715679884 -0.736365736 0.017066503 0.676368415 90.425689697
0.726592422 0.023347650 0.686672032 55.801116943 -0.004675376 0.999567389 -0.029039267 -2.736056805 -0.687052906 0.017889267 0.726387084 90.784027100
0.770835757 0.019768063 0.636727333 56.048603058 -0.006474154 0.999709904 -0.023199597 -2.754536867 -0.637001097 0.013760808 0.770739973 91.171150208
0.812208652 0.016951660 0.583120823 56.294982910 -0.007227713 0.999793470 -0.018997340 -2.735412359 -0.583322287 0.011215176 0.812163293 91.579566956
0.848776340 0.013725135 0.528573930 56.503559113 -0.009232764 0.999895275 -0.011137797 -2.759669065 -0.528671503 0.004573300 0.848814189 91.987365723
0.880032241 0.010565556 0.474796414 56.690776825 -0.009777970 0.999943674 -0.004128157 -2.764856577 -0.474813282 -0.001009633 0.880085945 92.419815063
0.905469775 0.011835579 0.424245685 56.852088928 -0.013673582 0.999905646 0.001288287 -2.775063992 -0.424190462 -0.006967464 0.905546188 92.862403870
0.925398648 0.013106119 0.378768504 56.973258972 -0.016387537 0.999850929 0.005440895 -2.792071819 -0.378640831 -0.011242079 0.925475359 93.276779175
0.940549791 0.019336112 0.339105099 57.089317322 -0.023551730 0.999687970 0.008320407 -2.802345991 -0.338838398 -0.015812268 0.940711677 93.713066101
0.952297866 0.024135023 0.304214418 57.193313599 -0.027578523 0.999594927 0.007027019 -2.801421642 -0.303921640 -0.015081597 0.952577651 94.170753479
0.961667180 0.024990056 0.273078352 57.317874908 -0.028022356 0.999581277 0.007208879 -2.796586275 -0.272783846 -0.014584842 0.961964726 94.639694214
0.967750371 0.020164078 0.251102448 57.431167603 -0.022637988 0.999719441 0.006967301 -2.797174931 -0.250891477 -0.012427063 0.967935324 95.110954285
0.971697211 0.017037097 0.235614881 57.535640717 -0.019498484 0.999776900 0.008120578 -2.807361603 -0.235423952 -0.012484876 0.971812546 95.600502014
0.974510133 0.021834254 0.223278210 57.626487732 -0.024084669 0.999682844 0.007360462 -2.802297831 -0.223046660 -0.012550426 0.974726915 96.095252991
0.976601839 0.026963208 0.213358462 57.722045898 -0.029395005 0.999533951 0.008232995 -2.803616047 -0.213036984 -0.014312031 0.976939201 96.593887329
0.977621615 0.035323799 0.207384229 57.813213348 -0.037559386 0.999270856 0.006851170 -2.804818630 -0.206990987 -0.014487077 0.978235543 97.107360840
0.978000998 0.040973827 0.204536736 57.907127380 -0.042570993 0.999087691 0.003412751 -2.806147575 -0.204210252 -0.012045006 0.978852928 97.616134644
0.978079319 0.042497609 0.203850061 58.007690430 -0.043652091 0.999046028 0.001168212 -2.815719843 -0.203605920 -0.010041086 0.979001343 98.144348145
0.977780819 0.040070545 0.205764711 58.146705627 -0.040383838 0.999180555 -0.002678645 -2.817340612 -0.205703482 -0.005690444 0.978597820 98.667915344
0.977032304 0.038935743 0.209503829 58.269554138 -0.037833635 0.999241114 -0.009267190 -2.820026398 -0.209705651 0.001128053 0.977763891 99.215461731
0.976160049 0.038924657 0.213533372 58.394184113 -0.036765389 0.999224722 -0.014075452 -2.821824074 -0.213915706 0.005889258 0.976834357 99.768280029
0.974904358 0.043967184 0.218239397 58.510135651 -0.042079601 0.999025881 -0.013291674 -2.835100651 -0.218611196 0.003774683 0.975804746 100.352859497
0.973445773 0.047041275 0.224032521 58.638526917 -0.046019886 0.998892605 -0.009781255 -2.838366985 -0.224244550 -0.000788430 0.974532545 100.948997498
0.972576916 0.043735113 0.228432372 58.786575317 -0.043756999 0.999029815 -0.004971446 -2.851107597 -0.228428200 -0.005160402 0.973547041 101.548149109
0.971886933 0.039586790 0.232096389 58.939666748 -0.040841918 0.999165416 0.000603094 -2.859040260 -0.231878832 -0.010065399 0.972692668 102.162178040
0.971064806 0.037040550 0.235926166 59.092990875 -0.039427172 0.999207795 0.005404802 -2.865511894 -0.235539049 -0.014550314 0.971755981 102.789947510
0.970572054 0.031674590 0.238718420 59.255180359 -0.034107190 0.999399781 0.006065386 -2.871105909 -0.238382995 -0.014028909 0.971069872 103.418548584
0.970508039 0.028634297 0.239362448 59.407649994 -0.030211255 0.999539196 0.002920928 -2.874781132 -0.239168525 -0.010066224 0.970925868 104.066261292
0.970661938 0.028332002 0.238773391 59.576629639 -0.028135907 0.999595106 -0.004230271 -2.878400803 -0.238796592 -0.002611942 0.971065998 104.708168030
0.970809042 0.030542476 0.237901151 59.733177185 -0.028762251 0.999526203 -0.010951385 -2.883699894 -0.238122955 0.003789131 0.971227527 105.367958069
0.971327305 0.033744074 0.235339493 59.887817383 -0.031090682 0.999404252 -0.014977283 -2.885841131 -0.235704690 0.007230978 0.971797824 106.049079895
0.971956193 0.031833429 0.232997507 60.051399231 -0.030227721 0.999488235 -0.010459837 -2.893334627 -0.233211249 0.003123519 0.972421050 106.740715027
0.972406983 0.027897850 0.231616765 60.221641541 -0.028009260 0.999603629 -0.002808049 -2.906451702 -0.231603339 -0.003756848 0.972803056 107.447555542
0.973010659 0.028479541 0.228995904 60.388038635 -0.030027792 0.999543667 0.003278762 -2.918193340 -0.228797957 -0.010066510 0.973421991 108.152687073
0.973294616 0.031911179 0.227330551 60.546829224 -0.033384923 0.999439061 0.002639684 -2.925256252 -0.227118790 -0.010158602 0.973814130 108.881874084
0.973599315 0.037317879 0.225192428 60.703857422 -0.037805852 0.999282777 -0.002146426 -2.929412365 -0.225110993 -0.006423832 0.974312007 109.616638184
0.974435091 0.038364720 0.221369505 60.865219116 -0.037668034 0.999263108 -0.007369563 -2.936104774 -0.221489102 -0.001157392 0.975162148 110.351242065
0.975380957 0.036984429 0.217403248 61.032566071 -0.035555016 0.999312699 -0.010484336 -2.941343784 -0.217641592 0.002496446 0.976025522 111.107261658
0.976282835 0.034785431 0.213686064 61.197128296 -0.033680972 0.999393761 -0.008808188 -2.952306747 -0.213862896 0.001402130 0.976862609 111.882759094
0.977166772 0.030890476 0.210216284 61.367702484 -0.030177925 0.999522686 -0.006597327 -2.965364933 -0.210319743 0.000102797 0.977632582 112.661514282
0.977619767 0.029526940 0.208297446 61.535106659 -0.029397698 0.999560893 -0.003716787 -2.976881027 -0.208315730 -0.002489862 0.978058398 113.455215454
0.977905154 0.026840502 0.207318604 61.699462891 -0.027110752 0.999631166 -0.001538005 -2.984070301 -0.207283437 -0.004116542 0.978272140 114.254203796
0.978048623 0.022111068 0.207200378 61.868072510 -0.022513114 0.999746561 -0.000417677 -2.990567446 -0.207157075 -0.004256216 0.978298426 115.045417786
0.978176832 0.022838403 0.206515014 62.033119202 -0.023575276 0.999721467 0.001107666 -2.997535229 -0.206432164 -0.005952141 0.978442788 115.848022461
0.977997482 0.028173741 0.206705585 62.199405670 -0.028632971 0.999589622 -0.000770208 -3.007085562 -0.206642464 -0.005165333 0.978402913 116.672966003
0.977744043 0.033726934 0.207072824 62.364700317 -0.033584870 0.999426961 -0.004202402 -3.011073589 -0.207095891 -0.002845638 0.978316545 117.465835571
0.977242351 0.041954551 0.207935333 62.529373169 -0.041677624 0.999114752 -0.005714595 -3.024382353 -0.207991004 -0.003081706 0.978125751 118.300048828
0.976320028 0.047968533 0.210945785 62.690277100 -0.047937710 0.998836398 -0.005262808 -3.033364296 -0.210952789 -0.004974074 0.977483571 119.128532410
0.975528181 0.050422411 0.214014843 62.859016418 -0.050889079 0.998698771 -0.003331840 -3.046651125 -0.213904336 -0.007640714 0.976824641 119.961837769
0.974990308 0.051222246 0.216264471 63.043846130 -0.051615801 0.998659670 -0.003831791 -3.066264629 -0.216170892 -0.007426705 0.976327181 120.797882080
0.974608481 0.049615737 0.218349427 63.218601227 -0.049324434 0.998759747 -0.006788145 -3.073319435 -0.218415380 -0.004154176 0.975846946 121.627838135
0.974640310 0.043143984 0.219578758 63.422889709 -0.042997062 0.999060214 -0.005450307 -3.087516308 -0.219607607 -0.004129154 0.975579500 122.471740723
0.974812150 0.036746111 0.219979301 63.612361908 -0.036071789 0.999323964 -0.007082695 -3.102080345 -0.220090866 -0.001030750 0.975478828 123.305053711
0.974593163 0.036283683 0.221023977 63.800487518 -0.035646968 0.999340713 -0.006870189 -3.122622252 -0.221127570 -0.001183194 0.975244164 124.130371094
0.974018335 0.038859054 0.223110467 63.984069824 -0.038938623 0.999233365 -0.004044326 -3.134489059 -0.223096624 -0.004748368 0.974784732 124.964736938
0.973604381 0.041123886 0.224507034 64.164497375 -0.042610988 0.999090075 0.001780679 -3.148565054 -0.224229530 -0.011300143 0.974470854 125.804916382
0.973376453 0.044002954 0.224948972 64.359405518 -0.046512969 0.998900414 0.005868227 -3.159741402 -0.224443361 -0.016175037 0.974352837 126.638481140
0.973107576 0.043465234 0.226213291 64.544830322 -0.044534482 0.999007761 -0.000376919 -3.174662828 -0.226005182 -0.009707509 0.974077702 127.467254639
0.973325908 0.039026305 0.226083219 64.737182617 -0.036610875 0.999218941 -0.014868464 -3.189915180 -0.226486877 0.006194757 0.973994553 128.276763916
