1.000000000 0.000000000 0.000000000 0.000000000 0.000000000 1.000000000 0.000000000 0.000000000 0.000000000 0.000000000 1.000000000 0.000000000
0.999040544 -0.000416955 0.043792229 0.045480531 0.000514905 0.999997377 -0.002225428 -0.021430220 -0.043791186 0.002245842 0.999038160 1.028310657
0.996022403 -0.004617990 0.088983551 0.137799993 0.005282510 0.999959826 -0.007233829 -0.039788913 -0.088946573 0.007675113 0.996006846 2.053365231
0.990851820 -0.004002515 0.134895310 0.269064248 0.005588266 0.999919653 -0.011378823 -0.061297555 -0.134838924 0.012028557 0.990794539 3.062427759
0.983476996 -0.001068983 0.181029946 0.448945761 0.003546003 0.999904394 -0.013359843 -0.094435722 -0.180998400 0.013781032 0.983386815 4.103737831
0.973945737 -0.003603651 0.226752430 0.686770618 0.006793277 0.999888659 -0.013287767 -0.125878796 -0.226679280 0.014481957 0.973861694 5.106639385
0.962226927 -0.004005233 0.272218972 0.958037376 0.008290319 0.999859095 -0.014593027 -0.155041277 -0.272122145 0.016298585 0.962124646 6.117386818
0.948678076 -0.006839544 0.316169351 1.285602093 0.012926279 0.999769211 -0.017158246 -0.189375326 -0.315979064 0.020364549 0.948547602 7.095749855
0.933472633 -0.008322846 0.358552366 1.658047318 0.016242875 0.999686062 -0.019082412 -0.220015436 -0.358280897 0.023636833 0.933314562 8.051329613
0.916227341 -0.008569648 0.400567442 2.071509123 0.018033527 0.999639988 -0.019862426 -0.253314614 -0.400253057 0.025422139 0.916051984 8.983864784
0.896635175 -0.008828358 0.442682117 2.515946627 0.018905120 0.999652684 -0.018355606 -0.289139122 -0.442366391 0.024827240 0.896490693 9.887663841
0.874949336 -0.008994045 0.484131128 3.009423971 0.019867977 0.999652326 -0.017335286 -0.330994695 -0.483806968 0.024786204 0.874823689 10.756896973
0.850967109 -0.009032421 0.525141239 3.540315390 0.020490285 0.999661922 -0.016009390 -0.367172629 -0.524819136 0.024383759 0.850864410 11.627814293
0.825551629 -0.009761509 0.564242125 4.121855259 0.022789303 0.999611378 -0.016049895 -0.404870689 -0.563866258 0.026108705 0.825453341 12.455271721
0.798297226 -0.011417304 0.602155447 4.732581615 0.025994074 0.999541759 -0.015509162 -0.438144296 -0.601702392 0.028033394 0.798228323 13.256512642
0.769517660 -0.010236640 0.638543427 5.386072636 0.026431773 0.999525249 -0.015829677 -0.473001182 -0.638078213 0.029059051 0.769423008 14.054780006
0.738928974 -0.013423719 0.673649609 6.068185806 0.031338580 0.999404132 -0.014460431 -0.508173168 -0.673054099 0.031796448 0.738909423 14.781817436
0.706930637 -0.012703653 0.707168818 6.780178070 0.031660605 0.999404788 -0.013696534 -0.540760100 -0.706573904 0.032071888 0.706912160 15.487139702
0.672673404 -0.011193546 0.739854872 7.526026249 0.032655921 0.999360442 -0.014570933 -0.572697103 -0.739218652 0.033962119 0.672608674 16.167663574
0.637252510 -0.012583223 0.770552278 8.304076195 0.037612889 0.999182940 -0.014789352 -0.596202314 -0.769736648 0.038407255 0.637205184 16.803951263
0.600475490 -0.010860012 0.799569488 9.087595940 0.037272122 0.999201059 -0.014419828 -0.635168493 -0.798774123 0.038460400 0.600400388 17.393905640
0.562627912 -0.009427504 0.826656580 9.912124634 0.039919656 0.999078333 -0.015775712 -0.663738608 -0.825745940 0.041875698 0.562485635 17.953933716
0.523782253 -0.007941005 0.851815164 10.763294220 0.044644862 0.998838186 -0.018140569 -0.692457259 -0.850681484 0.047530878 0.523528278 18.470109940
0.485126227 -0.006528589 0.874419749 11.629952431 0.046094168 0.998772740 -0.018115915 -0.710498095 -0.873228490 0.049094152 0.484831840 18.946624756
0.446712643 -0.008811887 0.894634068 12.518678665 0.051535998 0.998544574 -0.015897803 -0.745721221 -0.893191934 0.053207610 0.446516633 19.378585815
0.409855545 -0.009448615 0.912101507 13.442051888 0.055651303 0.998342574 -0.014665079 -0.769167185 -0.910451114 0.056770202 0.409702092 19.780279160
0.374825627 -0.007113132 0.927067995 14.378800392 0.057408195 0.998229623 -0.015551732 -0.795590580 -0.925316215 0.059050482 0.374570340 20.143962860
0.341574460 -0.007993966 0.939820707 15.341215134 0.057905052 0.998243153 -0.012554487 -0.818877816 -0.938069165 0.058708664 0.341437250 20.491418839
0.308304936 -0.009530658 0.951239824 16.333808899 0.060638536 0.998113096 -0.009653177 -0.839299560 -0.949352920 0.060657911 0.308301091 20.804080963
0.275699914 -0.009352734 0.961198270 17.324037552 0.061082944 0.998102129 -0.007808566 -0.858617902 -0.959300995 0.060865644 0.275747985 21.082611084
0.243518934 -0.006800421 0.969872296 18.322982788 0.058492310 0.998258293 -0.007686999 -0.885241270 -0.968130767 0.058602002 0.243492529 21.335195541
0.212548435 -0.005009534 0.977137685 19.352254868 0.058308713 0.998269856 -0.007565523 -0.895331740 -0.975409269 0.058583684 0.212472782 21.563856125
0.182076782 -0.004978649 0.983271718 20.385639191 0.060284391 0.998162568 -0.006109081 -0.916752577 -0.981434584 0.060388256 0.182042360 21.754686356
0.151632920 -0.005017824 0.988424122 21.452169418 0.062124897 0.998058379 -0.004463771 -0.926792681 -0.986482620 0.062082604 0.151650235 21.913135529
0.121418186 -0.005575039 0.992585778 22.537172318 0.060629304 0.998158693 -0.001810146 -0.936743855 -0.990748048 0.060399570 0.121532612 22.042051315
0.092106283 -0.006058222 0.995730758 23.625616074 0.061289359 0.998119950 0.000403419 -0.950833261 -0.993861198 0.060990542 0.092304423 22.139286041
0.065377071 -0.005574387 0.997845054 24.742416382 0.064321615 0.997928321 0.001360611 -0.952130735 -0.995785415 0.064094052 0.065600187 22.196737289
0.040540047 -0.005263711 0.999163985 25.861904144 0.068341590 0.997658908 0.002482893 -0.962390721 -0.996837974 0.068183802 0.040804867 22.223428726
0.017796401 -0.004603325 0.999830961 27.040508270 0.072595783 0.997355998 0.003299767 -0.959423482 -0.997202635 0.072524808 0.018083530 22.237319946
-0.002179452 -0.004727342 0.999986410 28.189779282 0.078265086 0.996920645 0.004883426 -0.957759380 -0.996930182 0.078274667 -0.001802755 22.225368500
-0.019459978 -0.005538554 0.999795258 29.385599136 0.082539350 0.996562243 0.007127187 -0.959703147 -0.996397793 0.082661137 -0.018935932 22.181226730
-0.034968663 -0.005034002 0.999375761 30.593257904 0.085894555 0.996271908 0.008023862 -0.951627731 -0.995690346 0.086121514 -0.034405902 22.127397537
-0.049385730 -0.005700698 0.998763502 31.792554855 0.088160194 0.996055663 0.010044489 -0.948478043 -0.994881332 0.088547237 -0.048688360 22.071527481
-0.062496118 -0.006798751 0.998022079 33.009067535 0.088189729 0.996027648 0.012307603 -0.945365012 -0.994141221 0.088784486 -0.061648279 21.987178802
-0.074441038 -0.006584515 0.997203708 34.211017609 0.087924942 0.996040523 0.013140413 -0.940837801 -0.993341625 0.088657260 -0.073567346 21.900178909
-0.085795909 -0.003880524 0.996305168 35.429786682 0.087698713 0.996081471 0.011431747 -0.936374724 -0.992445469 0.088355474 -0.085119396 21.803869247
-0.095844306 -0.000408645 0.995396197 36.662063599 0.088190690 0.996063828 0.008900587 -0.928710580 -0.991481841 0.088637754 -0.095430985 21.683210373
-0.104799353 0.002113344 0.994491100 37.922321320 0.089636579 0.995947599 0.007329452 -0.923856318 -0.990445495 0.089910902 -0.104564086 21.548715591
-0.112354085 0.003134220 0.993663311 39.212837219 0.089513950 0.995961249 0.006979927 -0.916634440 -0.989628136 0.089730971 -0.112180874 21.410894394
-0.117594458 0.003967219 0.993053794 40.516838074 0.089284837 0.995984316 0.006593917 -0.907972932 -0.989039838 0.089440055 -0.117476434 21.250293732
-0.122459285 0.005576776 0.992457867 41.838130951 0.090699449 0.995862603 0.005595491 -0.903830707 -0.988320470 0.090700611 -0.122458428 21.087867737
-0.127170190 0.006983912 0.991856337 43.177864075 0.089466043 0.995979905 0.004457881 -0.900751531 -0.987837851 0.089304365 -0.127283752 20.921003342
-0.131691217 0.007875343 0.991259515 44.551185608 0.090123124 0.995922446 0.004060688 -0.895059943 -0.987185597 0.089870162 -0.131863981 20.752706528
-0.135094196 0.007060623 0.990807533 45.952545166 0.089526571 0.995971322 0.005109311 -0.887498379 -0.986779869 0.089393862 -0.135182083 20.574684143
-0.139210731 0.004950548 0.990250349 47.392219543 0.089717820 0.995937943 0.007633668 -0.885388076 -0.986190259 0.089905776 -0.139089420 20.403354645
-0.139889807 0.003445539 0.990161061 48.826835632 0.089948148 0.995903552 0.009242340 -0.881559730 -0.986073077 0.090356082 -0.139626682 20.159248352
-0.142936453 0.004494127 0.989721656 50.263175964 0.092380092 0.995684803 0.008820411 -0.869222164 -0.985411108 0.092691354 -0.142734841 19.980855942
-0.143749699 0.004493984 0.989603877 51.753841400 0.091928393 0.995726466 0.008831718 -0.850836039 -0.985335052 0.092242271 -0.143548504 19.736431122
-0.144674331 0.005802261 0.989462316 53.226272583 0.094216719 0.995520055 0.007938122 -0.843506336 -0.984983444 0.094372332 -0.144572884 19.526071548
-0.144773245 0.005940679 0.989446938 54.716968536 0.093717985 0.995568752 0.007735129 -0.835222006 -0.985016584 0.093848802 -0.144688442 19.307851791
-0.144324630 0.007561435 0.989501476 56.233764648 0.093212806 0.995628119 0.005987383 -0.822361529 -0.985130250 0.093098342 -0.144398510 19.089063644
-0.142845035 0.007526749 0.989716411 57.770282745 0.093775332 0.995575547 0.005963215 -0.814890504 -0.985292614 0.093662806 -0.142918825 18.863260269
-0.141480878 0.005993329 0.989922822 59.339668274 0.092921317 0.995647013 0.007252433 -0.816999912 -0.985570312 0.093011044 -0.141421899 18.649787903
-0.140311211 0.006656767 0.990085006 60.919662476 0.093841873 0.995565116 0.006605314 -0.811102152 -0.985650301 0.093838245 -0.140313655 18.425115585
-0.139208332 0.007285820 0.990236461 62.509086609 0.093765475 0.995577097 0.005856518 -0.806206226 -0.985813916 0.093665235 -0.139275789 18.207509995
-0.138112456 0.007892372 0.990385175 64.115447998 0.094769403 0.995485246 0.005282891 -0.803155780 -0.985872030 0.094587833 -0.138236880 17.981744766
-0.137303531 0.007470705 0.990500867 65.738639832 0.094063200 0.995550871 0.005530275 -0.801989555 -0.986052692 0.093929008 -0.137395367 17.755537033
-0.136168003 0.005925507 0.990668058 67.391586304 0.095896609 0.995365143 0.007227455 -0.793534517 -0.986033618 0.095985882 -0.136105090 17.523517609
-0.135890499 0.004120647 0.990715206 69.089721680 0.098233469 0.995119750 0.009335133 -0.786669612 -0.985841751 0.098589972 -0.135632068 17.289609909
-0.134909347 0.004716657 0.990846634 70.772994995 0.099320203 0.995016813 0.008786498 -0.784605801 -0.985867620 0.099596471 -0.134705514 17.057096481
-0.134390935 0.006937315 0.990904033 72.461151123 0.101607032 0.994801283 0.006815810 -0.773664296 -0.985705376 0.101598792 -0.134397149 16.825628281
-0.133265927 0.006582642 0.991058409 74.163764954 0.100713201 0.994891346 0.006934631 -0.769785166 -0.985949814 0.100736812 -0.133248061 16.594583511
-0.133277714 0.006510551 0.991057336 75.925865173 0.101468287 0.994813383 0.007110264 -0.765777171 -0.985870719 0.101508521 -0.133247077 16.351152420
-0.132893801 0.005498348 0.991115034 77.661567688 0.101415478 0.994811356 0.008079454 -0.758259416 -0.985928059 0.101588115 -0.132761881 16.113784790
-0.133007780 0.005710147 0.991098464 79.381149292 0.102646500 0.994685352 0.008044597 -0.754044712 -0.985785306 0.102802806 -0.132887036 15.895437241
-0.133086786 0.005585501 0.991088569 81.153297424 0.103664495 0.994577587 0.008315261 -0.744670749 -0.985668004 0.103847347 -0.132944167 15.663522720
-0.132798702 0.006757946 0.991119921 82.899024963 0.104272425 0.994522810 0.007190161 -0.736067951 -0.985642731 0.104301326 -0.132776007 15.422614098
-0.133345261 0.007527553 0.991041064 84.699989319 0.103837572 0.994573712 0.006417035 -0.732268691 -0.985614955 0.103762992 -0.133403316 15.175169945
-0.134392112 0.008459512 0.990892053 86.490722656 0.103239089 0.994641304 0.005510531 -0.729143679 -0.985535622 0.103039391 -0.134545296 14.933439255
-0.136124760 0.008472376 0.990655482 88.294303894 0.101937547 0.994775593 0.005499499 -0.733293355 -0.985433221 0.101733603 -0.136277229 14.703878403
-0.136937618 0.007642390 0.990550160 90.107513428 0.101042330 0.994862318 0.006292837 -0.735075355 -0.985412896 0.100949228 -0.137006253 14.462895393
-0.137995228 0.007464217 0.990404785 91.941406250 0.101059318 0.994858563 0.006583029 -0.729452252 -0.985263526 0.100998059 -0.138040051 14.218206406
-0.138539270 0.006564828 0.990335166 93.792449951 0.098587245 0.995102406 0.007195065 -0.725875854 -0.985437691 0.098631203 -0.138507947 13.966755867
-0.140697554 0.007367705 0.990025222 95.619827271 0.098206967 0.995144367 0.006550894 -0.724349618 -0.985169828 0.098149061 -0.140737981 13.728390694
-0.142753705 0.008389268 0.989722669 97.486640930 0.097640447 0.995205760 0.005647531 -0.717255294 -0.984930336 0.097443171 -0.142888457 13.451358795
-0.147295997 0.009325419 0.989048481 99.366432190 0.097858958 0.995186687 0.005190543 -0.708619416 -0.984239519 0.097551808 -0.147499591 13.183338165
-0.151762232 0.008465258 0.988380730 101.245193481 0.095913894 0.995370269 0.006202105 -0.706786215 -0.983752370 0.095740698 -0.151871562 12.905094147
-0.156801954 0.007632664 0.987600565 103.135284424 0.094540864 0.995494068 0.007316642 -0.709630549 -0.983094692 0.094515860 -0.156817019 12.617055893
-0.161192164 0.008286578 0.986888230 105.047851562 0.093313344 0.995613039 0.006881379 -0.712401211 -0.982501745 0.093199052 -0.161258221 12.304306030
-0.165547222 0.010065864 0.986150503 106.956130981 0.093675524 0.995587230 0.005563327 -0.710466444 -0.981742859 0.093299173 -0.165759623 11.979606628
-0.170203820 0.011761206 0.985338628 108.886680603 0.093561716 0.995604217 0.004277766 -0.717374921 -0.980957091 0.092918046 -0.170556039 11.648540497
-0.174476817 0.011908310 0.984589279 110.833572388 0.092685565 0.995685756 0.004382076 -0.723684549 -0.980289340 0.092021771 -0.174827814 11.296936035
-0.179072887 0.011580520 0.983767629 112.780258179 0.090842746 0.995853603 0.004813100 -0.727377415 -0.979632854 0.090230055 -0.179382384 10.945763588
-0.183909729 0.011160320 0.982879758 114.748641968 0.089148045 0.996003926 0.005371432 -0.727139890 -0.978892148 0.088609666 -0.184169725 10.579368591
-0.189399004 0.010610062 0.981842816 116.695251465 0.088084012 0.996093571 0.006227485 -0.725382149 -0.977941275 0.087664127 -0.189593717 10.218206406
-0.194499061 0.010612614 0.980845213 118.673011780 0.088502534 0.996052980 0.006772662 -0.722931802 -0.976901948 0.088124566 -0.194670603 9.825929642
-0.199754789 0.011745913 0.979775608 120.628341675 0.088802069 0.996030211 0.006164024 -0.729407191 -0.975813627 0.088237405 -0.200004876 9.439347267
-0.205198333 0.012723201 0.978637695 122.587104797 0.088500410 0.996060371 0.005606833 -0.733582318 -0.974710941 0.087760352 -0.205515921 9.037639618
-0.211495414 0.012903718 0.977293789 124.578903198 0.088950999 0.996017337 0.006098880 -0.731887996 -0.973322809 0.088221148 -0.211800873 8.636446953
-0.216866642 0.012708952 0.976118505 126.566520691 0.087725349 0.996123314 0.006520742 -0.731810153 -0.972251594 0.087044470 -0.217140824 8.201718330
-0.222095639 0.013436739 0.974932253 128.555221558 0.087006159 0.996189177 0.006090841 -0.729840100 -0.971135080 0.086177848 -0.222418368 7.757721901
-0.227518141 0.014010637 0.973673046 130.557495117 0.086213470 0.996259689 0.005809847 -0.731446505 -0.969949841 0.085265554 -0.227875069 7.310388088
-0.231883928 0.013493899 0.972649872 132.539291382 0.087350838 0.996152997 0.007004852 -0.729813695 -0.968813539 0.086586095 -0.232170567 6.843993664
-0.235532805 0.013437620 0.971773505 134.536575317 0.089579016 0.995948195 0.007939734 -0.720978856 -0.967729270 0.088920571 -0.235782146 6.355002880
-0.239257991 0.014203954 0.970852137 136.570129395 0.090867221 0.995832205 0.007824011 -0.721525192 -0.966694772 0.090090595 -0.239551544 5.861735821
-0.242213205 0.014953176 0.970107794 138.579437256 0.091304712 0.995795131 0.007447529 -0.718342721 -0.965917289 0.090379290 -0.242560059 5.358070850
-0.245877460 0.015279898 0.969180465 140.625793457 0.090704337 0.995851040 0.007310972 -0.713364899 -0.965047717 0.089706481 -0.246243298 4.854596615
-0.249449790 0.015548851 0.968262911 142.645233154 0.089367181 0.995973945 0.007029467 -0.719465196 -0.964255333 0.088284425 -0.249835044 4.334554672
-0.253924340 0.016134255 0.967089534 144.668334961 0.088652857 0.996040285 0.006659932 -0.726130664 -0.963152707 0.087426364 -0.254349232 3.808617592
-0.258474022 0.015278629 0.965897381 146.718719482 0.086606003 0.996215045 0.007417562 -0.727294683 -0.962128162 0.085569754 -0.258818924 3.265690804
-0.263143599 0.015998268 0.964624047 148.766738892 0.087249346 0.996159911 0.007279797 -0.724501967 -0.960803330 0.086078428 -0.263528943 2.715462923
-0.267791003 0.016046252 0.963343322 150.816894531 0.086689234 0.996207058 0.007504282 -0.731241643 -0.959569156 0.085521072 -0.268166274 2.158070564
-0.272892416 0.016446246 0.961903989 152.873992920 0.086147733 0.996254861 0.007406576 -0.725702584 -0.958179593 0.084887035 -0.273287237 1.592104077
-0.277452022 0.015861662 0.960608542 154.916595459 0.086293682 0.996233702 0.008474245 -0.731963336 -0.956856191 0.085245624 -0.277775824 1.013851047
-0.282217622 0.015807264 0.959220171 156.976394653 0.086626083 0.996199608 0.009070091 -0.728644788 -0.955431402 0.085653208 -0.282514483 0.427732229
-0.286776185 0.016599933 0.957853675 159.064102173 0.087331176 0.996139646 0.008883044 -0.725718319 -0.954008639 0.086197942 -0.287118912 -0.173467398
-0.290613592 0.017974027 0.956671655 161.129516602 0.087822080 0.996104360 0.007963322 -0.720823228 -0.952801585 0.086331144 -0.291059941 -0.791822135
-0.294600785 0.019761510 0.955416083 163.192214966 0.088042319 0.996095240 0.006544783 -0.721517563 -0.951555967 0.086045131 -0.295190245 -1.415053010
-0.298289478 0.020980580 0.954244733 165.273910522 0.088902123 0.996022880 0.005890973 -0.724851966 -0.950326145 0.086591601 -0.298968434 -2.049710274
-0.301837564 0.021520793 0.953116417 167.351272583 0.088208117 0.996087193 0.005443135 -0.729516804 -0.949269950 0.085715547 -0.302554905 -2.698694468
-0.305523187 0.021486700 0.951942086 169.447799683 0.088530451 0.996055722 0.005931196 -0.735616028 -0.948060095 0.086087994 -0.306220412 -3.359718084
-0.309678078 0.021885430 0.950589597 171.534210205 0.088248983 0.996081471 0.005816495 -0.735270381 -0.946737349 0.085689791 -0.310395896 -4.024451256
-0.314072996 0.022946969 0.949121475 173.653762817 0.090403304 0.995888114 0.005837644 -0.735662520 -0.945084870 0.087637179 -0.314856112 -4.714730740
-0.316958457 0.023351647 0.948151886 175.750930786 0.092564330 0.995685995 0.006421053 -0.738628566 -0.943911791 0.089800246 -0.317752659 -5.419775963
-0.319276154 0.023139276 0.947379112 177.814331055 0.093859211 0.995558619 0.007315450 -0.740490556 -0.943002224 0.091255911 -0.320029914 -6.115717411
-0.321840227 0.022712348 0.946521521 179.901153564 0.093335964 0.995603740 0.007846389 -0.736587524 -0.942182183 0.090869784 -0.322545290 -6.827970505
-0.324782401 0.023384703 0.945499539 182.022064209 0.092560180 0.995681286 0.007168916 -0.734614432 -0.941248655 0.089843951 -0.325544327 -7.551542759
-0.327645659 0.025316564 0.944461346 184.133666992 0.092017531 0.995743632 0.005230852 -0.737477362 -0.940309048 0.088620871 -0.328580618 -8.278369904
-0.330808520 0.027335329 0.943301916 186.254241943 0.091664255 0.995784461 0.003289737 -0.741288364 -0.939235449 0.087555341 -0.331919640 -9.014193535
-0.333999038 0.028215373 0.942151010 188.378967285 0.090906024 0.995856583 0.002403076 -0.755101860 -0.938179493 0.086449832 -0.335180104 -9.762548447
-0.337633610 0.029513981 0.940814793 190.542633057 0.089547463 0.995982170 0.000891605 -0.762929082 -0.937008440 0.084548630 -0.338919967 -10.525165558
-0.340914518 0.029810136 0.939621449 192.669952393 0.090287507 0.995915055 0.001162127 -0.774941087 -0.935748518 0.085232280 -0.342213422 -11.306412697
-0.345227927 0.028922178 0.938073039 194.848510742 0.089684814 0.995967567 0.002298485 -0.783205152 -0.934223890 0.084924415 -0.346429735 -12.082525253
-0.348923087 0.028106535 0.936729789 197.008743286 0.089473724 0.995983362 0.003443696 -0.796440423 -0.932870388 0.085014306 -0.350036353 -12.881024361
-0.352371097 0.028615529 0.935422778 199.158126831 0.089829959 0.995951414 0.003371530 -0.800725341 -0.931539178 0.085217036 -0.353515029 -13.691623688
-0.356111288 0.028779462 0.934000254 201.305114746 0.089030974 0.996023536 0.003254725 -0.813007712 -0.930192590 0.084313996 -0.357257485 -14.500369072
-0.360060811 0.029151391 0.932473421 203.470260620 0.088285133 0.996090889 0.002949775 -0.830168307 -0.928742051 0.083385631 -0.361226916 -15.327636719
-0.363603592 0.029762713 0.931078196 205.647979736 0.087841928 0.996131361 0.002461743 -0.841581821 -0.927402854 0.082682811 -0.364811331 -16.161867142
-0.366577119 0.030525418 0.929886758 207.758621216 0.089445151 0.995988369 0.002565456 -0.861355484 -0.926078081 0.084114306 -0.367836952 -16.991138458
-0.369264513 0.030256189 0.928831697 209.901123047 0.090215586 0.995916367 0.003424493 -0.875439107 -0.924935102 0.085059635 -0.370486081 -17.832809448
-0.371965408 0.029726587 0.927770495 212.072814941 0.091551371 0.995788932 0.004799188 -0.887044072 -0.923720777 0.086723782 -0.373120487 -18.707059860
-0.374290317 0.031042911 0.926791847 214.241500854 0.093406074 0.995618463 0.004374330 -0.897327363 -0.922595203 0.088205263 -0.375549912 -19.587646484
-0.377616614 0.031665552 0.925420463 216.429275513 0.093072399 0.995651662 0.003909388 -0.911152184 -0.921272635 0.087607354 -0.378921807 -20.467939377
-0.380312741 0.031696428 0.924314678 218.595230103 0.092118599 0.995740891 0.003756764 -0.925181091 -0.920258880 0.086575307 -0.381612718 -21.345102310
-0.383364290 0.033289280 0.922997117 220.762313843 0.092203856 0.995737314 0.002383853 -0.940714240 -0.918983281 0.086017780 -0.384799451 -22.239267349
-0.385905683 0.034761433 0.921883106 222.939926147 0.092558652 0.995706439 0.001200485 -0.952659726 -0.917883277 0.085791506 -0.387466192 -23.146787643
-0.388647854 0.034626476 0.920735478 225.112457275 0.090141200 0.995928824 0.000594823 -0.971810579 -0.916966319 0.083227381 -0.390186906 -24.049541473
-0.392006904 0.035604399 0.919273078 227.283554077 0.090828031 0.995866597 0.000160965 -0.990847290 -0.915467560 0.083558843 -0.393620372 -24.960939407
-0.394208252 0.035212103 0.918346226 229.431396484 0.092238583 0.995735943 0.001414768 -1.014397144 -0.914380610 0.085264660 -0.395775229 -25.889869690
-0.396972835 0.034057464 0.917198181 231.596374512 0.092496917 0.995708287 0.003060916 -1.036110282 -0.913157642 0.086053111 -0.398419350 -26.818519592
-0.400607347 0.033706300 0.915629685 233.715835571 0.091353729 0.995813012 0.003311160 -1.050228715 -0.911684334 0.084972657 -0.402009130 -27.732229233
-0.403824717 0.033879943 0.914208710 235.840454102 0.089997277 0.995937943 0.002844883 -1.069656253 -0.910398841 0.083425149 -0.405233502 -28.659681320
-0.407547474 0.033369198 0.912574112 238.022262573 0.088165902 0.996101439 0.002950639 -1.082234979 -0.908917844 0.081660450 -0.408900678 -29.616182327
-0.411359578 0.032916326 0.910878599 240.178436279 0.087548465 0.996153891 0.003539628 -1.099758029 -0.907258809 0.081202075 -0.412659258 -30.570297241
-0.414879978 0.032897145 0.909281254 242.313842773 0.087008260 0.996200860 0.003657646 -1.122219324 -0.905706465 0.080632478 -0.416166127 -31.539840698
-0.418702751 0.032672375 0.907535434 244.459594727 0.086579949 0.996236563 0.004079010 -1.137535214 -0.903986692 0.080282263 -0.419955701 -32.517055511
-0.422717512 0.032074243 0.905693769 246.624038696 0.085121185 0.996360719 0.004443768 -1.151510477 -0.902255118 0.078972168 -0.423909247 -33.502956390
-0.426635832 0.032472197 0.903840363 248.740127563 0.084652603 0.996401846 0.004160561 -1.159584999 -0.900453091 0.078287482 -0.427849650 -34.488487244
-0.430171072 0.033346981 0.902131259 250.880416870 0.085483134 0.996331990 0.003932602 -1.183252573 -0.898690879 0.078808710 -0.431443781 -35.500770569
-0.433769971 0.033300806 0.900408030 252.992965698 0.085192092 0.996355712 0.004191795 -1.206576943 -0.896987140 0.078525916 -0.435026169 -36.509288788
-0.437460393 0.033460345 0.898614943 255.137725830 0.085380815 0.996338367 0.004465660 -1.217988372 -0.895175040 0.078678019 -0.438715488 -37.542625427
-0.441300958 0.033628117 0.896728873 257.260009766 0.084211953 0.996439517 0.004075290 -1.235213280 -0.893398941 0.077313729 -0.442561567 -38.571033478
-0.444681585 0.034189526 0.895035982 259.376892090 0.084627517 0.996404707 0.003983865 -1.244707704 -0.891681850 0.077516221 -0.445976168 -39.623111725
-0.448325902 0.035015620 0.893184066 261.507659912 0.085189611 0.996357799 0.003699819 -1.247823119 -0.889801443 0.077748731 -0.449676007 -40.684192657
-0.451904297 0.036045719 0.891337872 263.624176025 0.086315185 0.996261835 0.003472576 -1.259389400 -0.887880743 0.078505263 -0.453326285 -41.746360779
-0.455312639 0.038239356 0.889509976 265.748748779 0.088750854 0.996050358 0.002609360 -1.271430492 -0.885897100 0.080132842 -0.456908107 -42.834503174
-0.458209634 0.039143406 0.887981832 267.878051758 0.090270557 0.995913684 0.002679539 -1.286570668 -0.884248376 0.081386395 -0.459870726 -43.931804657
-0.460920393 0.041002195 0.886493742 269.997955322 0.091848873 0.995771646 0.001699065 -1.294147968 -0.882675469 0.082206599 -0.462737441 -45.037441254
-0.463550508 0.043592103 0.884997547 272.129364014 0.093806818 0.995590329 0.000095256 -1.311667323 -0.881090820 0.083062947 -0.465595722 -46.146392822
-0.466741920 0.044263862 0.883285165 274.282379150 0.094359078 0.995538235 -0.000028327 -1.323016763 -0.879345298 0.083332755 -0.468836159 -47.262702942
-0.470140874 0.045456924 0.881420016 276.444305420 0.094939686 0.995482802 -0.000699508 -1.339756489 -0.877470255 0.083352871 -0.472332805 -48.392265320
-0.473630488 0.045102663 0.879567981 278.602386475 0.093750961 0.995595455 -0.000569250 -1.352503061 -0.875719547 0.082190722 -0.475772917 -49.543727875
-0.476949245 0.046694435 0.877689660 280.757385254 0.094906978 0.995485187 -0.001387512 -1.367513299 -0.873791814 0.082637116 -0.479227453 -50.703346252
-0.480212271 0.046648037 0.875911057 282.912475586 0.093834080 0.995586574 -0.001577644 -1.381809115 -0.872118890 0.081432715 -0.482470065 -51.880401611
-0.482836723 0.046567589 0.874471545 285.060058594 0.092412800 0.995718777 -0.001998859 -1.396812677 -0.870820820 0.079847232 -0.485073030 -53.055187225
-0.485188723 0.047474694 0.873119652 287.217193604 0.094179392 0.995553613 -0.001796803 -1.409890771 -0.869322836 0.081358090 -0.487502486 -54.249542236
-0.487567425 0.047478110 0.871793449 289.409179688 0.095924817 0.995388567 -0.000561299 -1.432578444 -0.867799759 0.083352968 -0.489873290 -55.459438324
-0.489834845 0.047807869 0.870503426 291.581604004 0.097028501 0.995281577 -0.000062437 -1.446710706 -0.866399050 0.084433056 -0.492162347 -56.670722961
-0.491423309 0.047376025 0.869631231 293.730865479 0.096775018 0.995306194 0.000464393 -1.459543586 -0.865527332 0.084386803 -0.493701458 -57.883853912
-0.493727326 0.046782248 0.868357480 295.914489746 0.096205965 0.995360792 0.001075936 -1.462968946 -0.864278734 0.084072374 -0.495937675 -59.118785858
-0.496929109 0.047345012 0.866498649 298.142303467 0.097553946 0.995229006 0.001567536 -1.466359258 -0.862290263 0.085309304 -0.499177009 -60.374969482
-0.499020010 0.047322974 0.865297377 300.335937500 0.097992331 0.995184898 0.002086013 -1.471344471 -0.861032248 0.085833468 -0.501254559 -61.639106750
-0.501829982 0.047538511 0.863658965 302.545318604 0.096728981 0.995309770 0.001419483 -1.486688137 -0.859540701 0.084253192 -0.504074633 -62.897377014
-0.505218625 0.049756836 0.861555815 304.747497559 0.096123464 0.995368779 -0.001117805 -1.497304916 -0.857621372 0.082250983 -0.507661641 -64.152832031
-0.509325385 0.048722319 0.859193683 306.955993652 0.094162092 0.995556593 -0.000636291 -1.516595960 -0.855407000 0.080579393 -0.511650085 -65.443023682
-0.514008880 0.046865236 0.856503665 309.138336182 0.091666088 0.995789587 0.000524545 -1.530573606 -0.852872908 0.078781955 -0.516140699 -66.723060608
-0.519504368 0.044138327 0.853327036 311.349853516 0.089239970 0.996006191 0.002810758 -1.546802759 -0.849794924 0.077611074 -0.521368444 -68.029113770
-0.522859037 0.043921273 0.851286888 313.503387451 0.089234143 0.996004939 0.003419617 -1.550774574 -0.847735643 0.077751845 -0.524689376 -69.371269226
-0.527529240 0.043861471 0.848403990 315.747436523 0.089384183 0.995988846 0.004086774 -1.556826830 -0.844821513 0.077989794 -0.529333830 -70.737953186
-0.531504452 0.045569800 0.845828772 317.988983154 0.092225686 0.995728731 0.004307257 -1.564856410 -0.842019737 0.080296449 -0.533437073 -72.144256592
-0.535365701 0.046389204 0.843345463 320.235412598 0.093119621 0.995645463 0.004346780 -1.569241285 -0.839471459 0.080859125 -0.537354171 -73.567077637
-0.539351106 0.046891846 0.840774357 322.465789795 0.094027214 0.995558083 0.004793338 -1.572009683 -0.836814940 0.081640966 -0.541364491 -74.985855103
-0.543485880 0.045679372 0.838174462 324.676177979 0.094850577 0.995465040 0.007251134 -1.585082889 -0.834042132 0.083442204 -0.545354009 -76.422309875
-0.547282696 0.043767799 0.835802615 326.895935059 0.092649378 0.995662272 0.008527661 -1.580453396 -0.831803918 0.082103617 -0.548963785 -77.878150940
-0.551372886 0.043360535 0.833131254 329.107849121 0.091868035 0.995730758 0.008975918 -1.586371779 -0.829185247 0.081487216 -0.553002357 -79.318962097
-0.555473447 0.043230601 0.830409884 331.298187256 0.091936506 0.995717943 0.009661258 -1.589880824 -0.826436281 0.081711560 -0.557069421 -80.773506165
-0.558976054 0.043498125 0.828042090 333.485656738 0.093119867 0.995599031 0.010561175 -1.587285757 -0.823938370 0.083010629 -0.560566485 -82.243530273
-0.563692510 0.042989723 0.824865162 335.709228516 0.093239896 0.995573342 0.011831274 -1.578316092 -0.820705175 0.083579533 -0.565205753 -83.730781555
-0.566936135 0.042295501 0.822675228 337.920288086 0.091871269 0.995697141 0.012120985 -1.568233490 -0.818622708 0.082452036 -0.568382442 -85.243972778
-0.569999456 0.041152049 0.820613861 340.132720947 0.091482006 0.995713651 0.013610584 -1.559494257 -0.816536307 0.082829408 -0.571320951 -86.771324158
-0.572210193 0.040856108 0.819088697 342.319549561 0.092430986 0.995607376 0.014910829 -1.549584627 -0.814881563 0.084241286 -0.573473096 -88.300765991
-0.575111032 0.040325526 0.817080855 344.524261475 0.090221465 0.995818257 0.014356557 -1.535734773 -0.813085139 0.081974849 -0.576344252 -89.850547791
-0.578215778 0.039124202 0.814945281 346.669342041 0.086237341 0.996185005 0.013361459 -1.525758862 -0.811313510 0.078004517 -0.579383910 -91.347572327
-0.581456482 0.038736720 0.812654674 348.835144043 0.083004616 0.996478200 0.011891019 -1.508990288 -0.809332073 0.074368224 -0.582624078 -92.863792419
-0.584039330 0.035890467 0.810931504 350.967803955 0.080951318 0.996617138 0.014193196 -1.508930564 -0.807678640 0.073935360 -0.584968984 -94.397819519
-0.587499976 0.035409480 0.808449090 353.130401611 0.081764169 0.996526897 0.015770871 -1.496256232 -0.805082858 0.075367555 -0.588354766 -95.944664001
-0.590533614 0.035586938 0.806228042 355.284576416 0.080696486 0.996624112 0.015116293 -1.477586269 -0.802968323 0.073986448 -0.591411769 -97.510177612
-0.593903244 0.034113318 0.803812861 357.472381592 0.078414746 0.996798158 0.015633833 -1.467429280 -0.800705969 0.072315760 -0.594676614 -99.093490601
-0.596927881 0.029863440 0.801738858 359.642791748 0.075576752 0.996956348 0.019135065 -1.454243302 -0.798727274 0.072015069 -0.597368002 -100.681068420
-0.600439191 0.027925344 0.799182653 361.798370361 0.073661141 0.997072577 0.020502761 -1.431999087 -0.796270490 0.071179375 -0.600738525 -102.279327393
-0.603756130 0.027150648 0.796706557 363.997131348 0.072281048 0.997167468 0.020793587 -1.400193572 -0.793885291 0.070141040 -0.604008555 -103.902030945
-0.606608868 0.027250951 0.794533312 366.153228760 0.071719706 0.997213006 0.020553952 -1.373743773 -0.791758835 0.069451898 -0.606872618 -105.509597778
-0.609563351 0.026970517 0.792278409 368.368225098 0.071845911 0.997187614 0.021330850 -1.349488735 -0.789474964 0.069924466 -0.609786749 -107.183853149
-0.612374067 0.026098596 0.790137231 370.501617432 0.071484096 0.997188747 0.022464169 -1.327570796 -0.787329733 0.070238717 -0.612518132 -108.813522339
-0.615384042 0.024931131 0.787833035 372.658630371 0.068643235 0.997397482 0.022055063 -1.304495335 -0.785232782 0.067651741 -0.615493953 -110.466728210
-0.618931711 0.021051846 0.785162568 374.802429199 0.058403179 0.998107076 0.019277003 -1.282550335 -0.783270478 0.057787146 -0.618989468 -112.104393005
-0.622463107 0.023459792 0.782297432 376.939208984 0.050764967 0.998656034 0.010444944 -1.274422884 -0.781001031 0.046214890 -0.622817457 -113.752174377
-0.625163078 0.033844914 0.779760003 379.052185059 0.061031334 0.998120070 0.005608455 -1.279210329 -0.778104305 0.051095992 -0.626053452 -115.427963257
-0.626008749 0.035005443 0.779029965 381.159240723 0.068483047 0.997600019 0.010204425 -1.287767529 -0.776803076 0.059738409 -0.626903594 -117.116317749
-0.627745390 0.026071712 0.777981997 383.264495850 0.067707360 0.997479796 0.021204820 -1.268985271 -0.775468469 0.065986343 -0.627928555 -118.810523987
-0.631548584 0.014808013 0.775194943 385.398773193 0.060958713 0.997670889 0.030605022 -1.233930111 -0.772936225 0.066583440 -0.630980253 -120.501823425
-0.634837270 0.008961567 0.772593856 387.491088867 0.055261679 0.997898459 0.033833347 -1.175453424 -0.770667136 0.064173512 -0.633998334 -122.179809570
-0.637613237 0.008389578 0.770310879 389.582214355 0.053717427 0.997990906 0.033594508 -1.114045382 -0.768481493 0.062799431 -0.636782825 -123.870544434
-0.640301466 0.013539147 0.768004358 391.662078857 0.059221469 0.997738719 0.031785060 -1.069570065 -0.765837252 0.065834366 -0.639655411 -125.575660706
-0.642083943 0.020102577 0.766370714 393.689941406 0.063858524 0.997584522 0.027334690 -1.022706270 -0.763970017 0.066490464 -0.641816735 -127.266921997
-0.644511580 0.023085700 0.764245927 395.762237549 0.064717866 0.997604191 0.024443727 -0.983326793 -0.761850715 0.065214641 -0.644461453 -128.997131348
-0.647376776 0.023081625 0.761820436 397.806640625 0.064895019 0.997580826 0.024921548 -0.954104960 -0.759402394 0.065571986 -0.647308648 -130.724227905
-0.649535477 0.022576051 0.759996057 399.839080811 0.065592363 0.997496605 0.026427826 -0.908236206 -0.757496715 0.067015767 -0.649390161 -132.457595825
-0.651939869 0.022016415 0.757950962 401.867401123 0.066354387 0.997400343 0.028101947 -0.865384519 -0.755361795 0.068614163 -0.651705861 -134.194320679
-0.653632402 0.022235760 0.756485462 403.925140381 0.066702016 0.997371018 0.028316876 -0.819998860 -0.753867030 0.068967946 -0.653397202 -135.939331055
-0.654805601 0.022321206 0.755467653 405.971130371 0.066885754 0.997353375 0.028505579 -0.774982750 -0.752831936 0.069195651 -0.654565513 -137.700286865
-0.655698299 0.023094423 0.754669666 407.993652344 0.067898132 0.997285843 0.028474648 -0.731245935 -0.751963675 0.069911443 -0.655486763 -139.465225220
-0.656569242 0.022655349 0.753925443 410.013092041 0.069119617 0.997150362 0.030229824 -0.680160820 -0.751092017 0.071959019 -0.656264126 -141.225875854
-0.657647729 0.021793097 0.753010273 412.066864014 0.071013443 0.996923745 0.033167902 -0.630137861 -0.749971032 0.075286649 -0.657172263 -142.990432739
-0.658336282 0.021629544 0.752413094 414.095397949 0.072771922 0.996733606 0.035020005 -0.570331335 -0.749197960 0.077809490 -0.657759905 -144.761566162
-0.659909785 0.021676913 0.751032114 416.115142822 0.071133234 0.996896386 0.033729408 -0.508755147 -0.747970045 0.075681716 -0.659403622 -146.516067505
-0.661754906 0.021553235 0.749410391 418.127746582 0.066981941 0.997289002 0.030465038 -0.454157174 -0.746722102 0.070357352 -0.661404550 -148.262313843
-0.663461506 0.021249166 0.747908592 420.134857178 0.064423770 0.997506678 0.028809002 -0.404289514 -0.745431662 0.067296743 -0.663176298 -150.012283325
-0.665007412 0.020315902 0.746560335 422.140502930 0.063579232 0.997541010 0.029488182 -0.357673794 -0.744125545 0.067075595 -0.664663851 -151.759994507
-0.666025698 0.018898644 0.745689273 424.088653564 0.060981661 0.997712255 0.029180992 -0.309302270 -0.743431807 0.064908668 -0.665654421 -153.503005981
-0.666556180 0.017740810 0.745243609 426.089385986 0.058176853 0.997905672 0.028278656 -0.264865816 -0.743181169 0.062205244 -0.666192293 -155.277725220
-0.667475283 0.016701967 0.744444609 428.085388184 0.056794092 0.997978091 0.028531952 -0.222308114 -0.742462873 0.061324432 -0.667074323 -157.038940430
-0.668014050 0.015045926 0.743996501 430.065246582 0.056955311 0.997896552 0.030958036 -0.175770074 -0.741965711 0.063054956 -0.667465985 -158.802932739
-0.667784691 0.014374750 0.744215667 432.053802490 0.060084470 0.997591913 0.034644999 -0.118604332 -0.741925538 0.067851201 -0.667040288 -160.573516846
-0.666983247 0.013321920 0.744953632 434.050659180 0.064656727 0.997103214 0.040058371 -0.049530398 -0.742262006 0.074884519 -0.665912509 -162.354110718
-0.665651202 0.012338655 0.746160924 436.050445557 0.067929350 0.996714115 0.044118006 0.029145394 -0.743164897 0.080053426 -0.664302111 -164.117279053
-0.664329708 0.010176717 0.747370362 438.027801514 0.062552318 0.997156680 0.042024117 0.111675188 -0.744817615 0.074667625 -0.663077295 -165.848480225
-0.663785875 0.009367043 0.747864008 440.028747559 0.055184450 0.997809589 0.036482748 0.186257124 -0.745884061 0.065487206 -0.662848711 -167.588943481
-0.662690818 0.006858948 0.748861670 442.029693604 0.050290711 0.998108447 0.035361964 0.241789803 -0.747202575 0.061094839 -0.661782205 -169.325302124
-0.660820603 0.006935124 0.750511706 444.042724609 0.048573699 0.998256147 0.033544403 0.302441359 -0.748970449 0.058621980 -0.660005271 -171.041336060
-0.658465624 0.008041820 0.752567828 446.045898438 0.051127061 0.998110890 0.034068409 0.360741913 -0.750872195 0.060909454 -0.657632887 -172.778854370
-0.655939102 0.007740892 0.754774034 448.041778564 0.051439933 0.998081028 0.034467828 0.421389192 -0.753058851 0.061434336 -0.655078709 -174.492309570
-0.653150260 0.009000972 0.757174909 450.038330078 0.049533993 0.998295546 0.030861434 0.481321692 -0.755606532 0.057663035 -0.652482688 -176.212326050
-0.652193666 0.003945601 0.758042037 452.064819336 0.042727359 0.998588085 0.031563524 0.533525646 -0.756847262 0.052974664 -0.651441336 -177.919143677
-0.650838912 -0.002235180 0.759212494 454.078704834 0.034226205 0.998892605 0.032281414 0.582334042 -0.758443832 0.046994966 -0.650041759 -179.618240356
-0.650150895 -0.005770119 0.759783208 456.108367920 0.026886562 0.999170184 0.030595113 0.634278774 -0.759329259 0.040319398 -0.649456263 -181.319519043
-0.649606407 -0.006216489 0.760245264 458.133026123 0.025131216 0.999244511 0.029644629 0.683185995 -0.759855211 0.038363229 -0.648959458 -183.017456055
-0.648277283 -0.006271286 0.761378467 460.155822754 0.026974058 0.999149203 0.031196864 0.733398795 -0.760926247 0.040761691 -0.647556663 -184.725250244
-0.647102594 -0.007761950 0.762363493 462.188476562 0.027694646 0.999048889 0.033679269 0.784478545 -0.761899769 0.042907339 -0.646272004 -186.406875610
-0.645814419 -0.009483478 0.763435483 464.197052002 0.027046585 0.999011099 0.035289396 0.845708609 -0.763015091 0.043438725 -0.644919336 -188.093521118
-0.645014584 -0.009960478 0.764105260 466.242736816 0.024566207 0.999127865 0.033761512 0.907613039 -0.763775289 0.040547840 -0.644207358 -189.777206421
-0.644115925 -0.009153824 0.764873087 468.255126953 0.023372876 0.999225974 0.031641301 0.964194417 -0.764570594 0.038257957 -0.643403471 -191.437164307
-0.642644763 -0.007577167 0.766126812 470.295257568 0.024267290 0.999248087 0.030238751 1.013537288 -0.765779853 0.038024593 -0.641977668 -193.143936157
-0.641760767 -0.007231260 0.766870737 472.313140869 0.026081165 0.999171317 0.031247949 1.060594082 -0.766461253 0.040054593 -0.641040504 -194.807632446
