1.000000000 0.000000000 0.000000000 0.000000000 0.000000000 1.000000000 0.000000000 0.000000000 0.000000000 0.000000000 1.000000000 0.000000000
0.999041021 -0.000586233 0.043782964 0.045947503 0.000688925 0.999997020 -0.002330431 -0.020598961 -0.043781471 0.002358359 0.999038339 1.024019718
0.996020257 -0.004646427 0.089005582 0.137327582 0.005326369 0.999958515 -0.007403340 -0.037874367 -0.088967495 0.007847955 0.996003568 2.046597004
0.990865588 -0.004182790 0.134788349 0.270460248 0.005792994 0.999916494 -0.011556180 -0.058806967 -0.134728745 0.012231451 0.990807116 3.056920290
0.983528733 -0.001127858 0.180747852 0.449276358 0.003643448 0.999900997 -0.013586275 -0.092077181 -0.180714652 0.014021038 0.983435631 4.079502106
0.973991394 -0.003663171 0.226555020 0.684168577 0.006919919 0.999883831 -0.013582554 -0.122617163 -0.226478934 0.014797034 0.973903656 5.085373402
0.962315261 -0.004186754 0.271904111 0.957573533 0.008561137 0.999852300 -0.014903695 -0.151280284 -0.271801531 0.016669862 0.962208867 6.092432022
0.948768735 -0.006894791 0.315896124 1.283704758 0.013076030 0.999762177 -0.017451858 -0.185603708 -0.315700740 0.020688448 0.948633254 7.075058937
0.933557272 -0.008485361 0.358327925 1.656994224 0.016488243 0.999678016 -0.019284261 -0.217146546 -0.358048856 0.023911158 0.933396637 8.032260895
0.916207254 -0.008388377 0.400617272 2.066503525 0.017949454 0.999636412 -0.020119175 -0.249610215 -0.400302887 0.025624191 0.916024625 8.965016365
0.896696389 -0.009039135 0.442553729 2.523848295 0.019325612 0.999637544 -0.018739760 -0.286105335 -0.442223936 0.025356496 0.896546185 9.885560989
0.874871314 -0.008782074 0.484276026 3.015122414 0.019872556 0.999644518 -0.017772868 -0.322574258 -0.483947814 0.025172772 0.874734759 10.769697189
0.850890338 -0.008872502 0.525268495 3.543525457 0.020725807 0.999645829 -0.016688669 -0.356668711 -0.524934351 0.025086841 0.850772917 11.630983353
0.825399697 -0.009313507 0.564471960 4.133899689 0.022618415 0.999606669 -0.016580783 -0.394849569 -0.564095557 0.026453238 0.825285673 12.483392715
0.798189938 -0.011032674 0.602304757 4.744900703 0.026101351 0.999526620 -0.016281428 -0.426315248 -0.601840079 0.028716639 0.798100233 13.280567169
0.769359291 -0.010009023 0.638737857 5.410840034 0.026736759 0.999505639 -0.016542150 -0.463209093 -0.638256490 0.029804641 0.769246578 14.093441963
0.738757074 -0.013238689 0.673841715 6.088019371 0.031625260 0.999386668 -0.015037390 -0.495984852 -0.673229396 0.032419398 0.738722682 14.827462196
0.706776619 -0.012550948 0.707325459 6.834375858 0.032217462 0.999376297 -0.014459297 -0.529493034 -0.706702828 0.033007722 0.706740141 15.561141014
0.672702849 -0.011217315 0.739827812 7.583424091 0.033147171 0.999338150 -0.014987686 -0.563909769 -0.739170015 0.034605462 0.672629356 16.239902496
0.636952817 -0.012264755 0.770805299 8.391450882 0.037970953 0.999158919 -0.015478960 -0.587307036 -0.769967258 0.039127570 0.636882722 16.912803650
0.600370824 -0.010596346 0.799651563 9.182067871 0.038333915 0.999144077 -0.015540882 -0.615112424 -0.798802435 0.039984070 0.600263178 17.499433517
0.562679887 -0.009501344 0.826620221 10.040099144 0.041148443 0.999016285 -0.016526815 -0.648654103 -0.825650156 0.043313440 0.562517285 18.080856323
0.523685396 -0.007596385 0.851877809 10.879662514 0.045446679 0.998785496 -0.019031607 -0.674572110 -0.850698709 0.048681587 0.523394585 18.600280762
0.485011369 -0.006612931 0.874482870 11.783729553 0.047246195 0.998709083 -0.018651649 -0.700323761 -0.873230636 0.050362244 0.484697729 19.096359253
0.446472615 -0.008369988 0.894758165 12.692115784 0.052475568 0.998480082 -0.016844369 -0.726936936 -0.893257260 0.054473497 0.446233243 19.546634674
0.409794062 -0.008983782 0.912133873 13.625839233 0.056559805 0.998277605 -0.015578373 -0.750630319 -0.910422921 0.057974033 0.409596354 19.949630737
0.374543041 -0.006611162 0.927185953 14.577583313 0.057993807 0.998183668 -0.016309587 -0.781524539 -0.925394118 0.059879683 0.374246180 20.327667236
0.341239750 -0.007518643 0.939946234 15.533234596 0.058437716 0.998203397 -0.013230691 -0.806765974 -0.938158035 0.059443142 0.341066092 20.670551300
0.307838470 -0.008948225 0.951396525 16.526668549 0.061067104 0.998079777 -0.010371874 -0.825804651 -0.949476838 0.061291892 0.307793826 20.987766266
0.275241613 -0.008926754 0.961333632 17.516370773 0.061787132 0.998053789 -0.008422683 -0.848249316 -0.959387481 0.061716326 0.275257468 21.262828827
0.242905289 -0.006190388 0.970030248 18.520143509 0.059062555 0.998218775 -0.008419579 -0.873279214 -0.968250215 0.059337623 0.242838249 21.520713806
0.212084517 -0.004475423 0.977241099 19.548419952 0.058959067 0.998226523 -0.008223993 -0.886228800 -0.975471139 0.059361409 0.211972296 21.742683411
0.181528732 -0.004432615 0.983375609 20.582386017 0.060884614 0.998122036 -0.006740064 -0.908010423 -0.981499076 0.061095964 0.181457698 21.932718277
0.150860682 -0.004555862 0.988544524 21.650506973 0.062456727 0.998035491 -0.004931851 -0.920927227 -0.986580074 0.062485285 0.150848880 22.091907501
0.120240062 -0.005222684 0.992731094 22.737178802 0.060814619 0.998146832 -0.002114718 -0.933329225 -0.990880370 0.060626831 0.120334841 22.223564148
0.091142513 -0.005624644 0.995821893 23.819547653 0.061529495 0.998105288 0.000006061 -0.948138416 -0.993935168 0.061271861 0.091315895 22.316761017
0.064244874 -0.005313845 0.997919977 24.939987183 0.064306118 0.997929633 0.001173946 -0.952525914 -0.995860100 0.064096950 0.064453565 22.377977371
0.039529882 -0.004739866 0.999207139 26.062744141 0.068633631 0.997639894 0.002017199 -0.959758043 -0.996858478 0.068499491 0.039761912 22.402343750
0.016929690 -0.004221935 0.999847710 27.241184235 0.073074020 0.997322083 0.002973961 -0.961016357 -0.997182846 0.073012546 0.017192865 22.411909103
-0.003062701 -0.004464839 0.999985278 28.396278381 0.078683339 0.996888638 0.004691999 -0.964597046 -0.996894956 0.078696556 -0.002701864 22.398902893
-0.020603146 -0.005215317 0.999774098 29.594488144 0.083142169 0.996513724 0.006911686 -0.967354655 -0.996324718 0.083265796 -0.020097703 22.363859177
-0.036108382 -0.004956416 0.999335527 30.803604126 0.086240374 0.996241689 0.008057143 -0.965393960 -0.995619714 0.086474009 -0.035545226 22.307798386
-0.050701424 -0.005604227 0.998698115 32.008594513 0.088383600 0.996035457 0.010076303 -0.960968137 -0.994795322 0.088779412 -0.050005089 22.253458023
-0.063525878 -0.006596838 0.997958302 33.218608856 0.088770665 0.995976925 0.012234510 -0.957385361 -0.994024277 0.089366637 -0.062684692 22.161361694
-0.075612441 -0.006446737 0.997116446 34.427520752 0.088460803 0.995992899 0.013147551 -0.954493403 -0.993205667 0.089199826 -0.074739151 22.070426941
-0.086890563 -0.003895652 0.996210158 35.652046204 0.088353097 0.996021628 0.011601170 -0.953456163 -0.992292166 0.089026295 -0.086200684 21.970354080
-0.097091421 -0.000471818 0.995275378 36.883438110 0.088643655 0.996021628 0.009119566 -0.945018888 -0.991320133 0.089110278 -0.096663348 21.854276657
-0.106380716 0.001939127 0.994323492 38.144828796 0.090039156 0.995908558 0.007690893 -0.943376064 -0.990240395 0.090346217 -0.106120065 21.722322464
-0.113713726 0.003174205 0.993508518 39.437065125 0.089907937 0.995924830 0.007108641 -0.933155477 -0.989437103 0.090132654 -0.113535665 21.579227448
-0.119191974 0.003786235 0.992864013 40.743915558 0.089599907 0.995953560 0.006958330 -0.927905560 -0.988820076 0.089789905 -0.119048916 21.420764923
-0.124319769 0.005507811 0.992226899 42.066246033 0.090963446 0.995836914 0.005869293 -0.921865821 -0.988063872 0.090986036 -0.124303229 21.259670258
-0.128976673 0.006899340 0.991623759 43.404670715 0.089854486 0.995943546 0.004757635 -0.918857098 -0.987568259 0.089715458 -0.129073456 21.087987900
-0.133614808 0.007823056 0.991002500 44.787033081 0.090395391 0.995896578 0.004326131 -0.911065996 -0.986902058 0.090160094 -0.133773685 20.919319153
-0.136742353 0.007003296 0.990581870 46.178157806 0.089844115 0.995941341 0.005361114 -0.905989349 -0.986523986 0.089731038 -0.136816576 20.739358902
-0.138822481 0.005224174 0.990303576 47.605583191 0.090744667 0.995846093 0.007467332 -0.901995957 -0.986150980 0.090901397 -0.138719916 20.529928207
-0.141129822 0.003873552 0.989983499 49.038242340 0.090599902 0.995846450 0.009019228 -0.896607339 -0.985836744 0.090965316 -0.140894577 20.320497513
-0.143467590 0.004734041 0.989643633 50.470245361 0.093333893 0.995596170 0.008767998 -0.890206397 -0.985244095 0.093625218 -0.143277615 20.128242493
-0.145057455 0.004961598 0.989410818 51.969028473 0.092095710 0.995713830 0.008508945 -0.863475084 -0.985127747 0.092354774 -0.144892648 19.901653290
-0.145805180 0.006341518 0.989292979 53.439212799 0.094236225 0.995521545 0.007507395 -0.853019834 -0.984814882 0.094321854 -0.145749792 19.689022064
-0.145749688 0.006550839 0.989299834 54.930587769 0.093918793 0.995553434 0.007244441 -0.844740927 -0.984853387 0.093969718 -0.145716846 19.468025208
-0.145443320 0.008130163 0.989333272 56.451503754 0.093553796 0.995598614 0.005571832 -0.835974276 -0.984933436 0.093366280 -0.145563796 19.251682281
-0.144331127 0.007979876 0.989497244 57.991966248 0.093976095 0.995558143 0.005678887 -0.828369737 -0.985056818 0.093808740 -0.144439965 19.028320312
-0.142800987 0.006518015 0.989729941 59.543888092 0.093229674 0.995620787 0.006894625 -0.831912041 -0.985350728 0.093256742 -0.142783299 18.807617188
-0.141637236 0.007393078 0.989890993 61.129581451 0.094113767 0.995543182 0.006030849 -0.822631955 -0.985434651 0.094016567 -0.141701743 18.581661224
-0.140644938 0.007993079 0.990027845 62.718318939 0.093953952 0.995562494 0.005309489 -0.817551255 -0.985592008 0.093763798 -0.140771821 18.364177704
-0.139723316 0.008538431 0.990153790 64.333480835 0.094879895 0.995477140 0.004804423 -0.815042734 -0.985634446 0.094616979 -0.139901459 18.134307861
-0.138518989 0.008677742 0.990321815 65.971160889 0.094285682 0.995535195 0.004464570 -0.805663168 -0.985861480 0.093991593 -0.138718709 17.901342392
-0.137594864 0.007034463 0.990463614 67.620620728 0.096451662 0.995317519 0.006330094 -0.800579488 -0.985781252 0.096402854 -0.137629062 17.667793274
-0.137025416 0.005347492 0.990553141 69.278427124 0.098055542 0.995147169 0.008191951 -0.793624341 -0.985702276 0.098251723 -0.136884838 17.439586639
-0.136828572 0.006511792 0.990573347 71.034278870 0.099314258 0.995030165 0.007177255 -0.782366812 -0.985603690 0.099360101 -0.136795282 17.203472137
-0.136358887 0.008269752 0.990625024 72.720458984 0.101069510 0.994863510 0.005607017 -0.779113531 -0.985490322 0.100886554 -0.136494324 16.975040436
-0.135463089 0.007969590 0.990750313 74.441780090 0.100163408 0.994954705 0.005691710 -0.777412534 -0.985706389 0.100007929 -0.135577902 16.734727859
-0.135276407 0.007697318 0.990777969 76.157226562 0.100718342 0.994896770 0.006022314 -0.776593506 -0.985675454 0.100604177 -0.135361299 16.501247406
-0.134932205 0.006626463 0.990832686 77.883216858 0.100842491 0.994877219 0.007079282 -0.777407527 -0.985709965 0.100873254 -0.134909242 16.266244888
-0.134932563 0.006638464 0.990832567 79.618377686 0.102140844 0.994743526 0.007244971 -0.777576566 -0.985576212 0.102182046 -0.134901345 16.037414551
-0.134990379 0.006379834 0.990826368 81.388046265 0.103024580 0.994649529 0.007631636 -0.771964490 -0.985476315 0.103109673 -0.134925395 15.801885605
-0.134917304 0.007454772 0.990828812 83.155532837 0.103356622 0.994622469 0.006590352 -0.765414894 -0.985451519 0.103297867 -0.134962261 15.560205460
-0.135229766 0.008285861 0.990779638 84.958877563 0.103045739 0.994660139 0.005746224 -0.762459636 -0.985441267 0.102872692 -0.135361493 15.307809830
-0.136372253 0.009119791 0.990615606 86.755416870 0.102344655 0.994736791 0.004931458 -0.761928558 -0.985356867 0.102056749 -0.136587843 15.066955566
-0.137845859 0.009735918 0.990405858 88.557518005 0.101537570 0.994822204 0.004352786 -0.762489021 -0.985235333 0.101163402 -0.138120681 14.829454422
-0.138995096 0.008801681 0.990253925 90.375213623 0.100387514 0.994934559 0.005247417 -0.765356719 -0.985191703 0.100138493 -0.139174610 14.584115028
-0.140014619 0.008483600 0.990113080 92.213806152 0.100444213 0.994926512 0.005679254 -0.764522731 -0.985041559 0.100246303 -0.140156418 14.329136848
-0.140452892 0.007555738 0.990058541 94.068016052 0.097943619 0.995171964 0.006299838 -0.760952055 -0.985230982 0.097854756 -0.140514821 14.068264961
-0.142068714 0.008296158 0.989822030 95.896621704 0.097880244 0.995181859 0.005707628 -0.763617218 -0.985005558 0.097694911 -0.142196238 13.811933517
-0.144339710 0.009342970 0.989484072 97.778312683 0.097230360 0.995250404 0.004785937 -0.757499158 -0.984739721 0.096898682 -0.144562587 13.529795647
-0.148434788 0.010037672 0.988871217 99.663871765 0.097436331 0.995231450 0.004523477 -0.755240917 -0.984110355 0.097023450 -0.148705006 13.244241714
-0.153097421 0.009084955 0.988169432 101.543624878 0.095516793 0.995411754 0.005646913 -0.757700086 -0.983584046 0.095251299 -0.153262734 12.964883804
-0.157765210 0.008248112 0.987442136 103.444374084 0.094122112 0.995537877 0.006722310 -0.760036945 -0.982980669 0.094000712 -0.157837614 12.669672966
-0.162237406 0.008921164 0.986711383 105.349182129 0.092608966 0.995683014 0.006224700 -0.762041748 -0.982396305 0.092388183 -0.162363231 12.361312866
-0.166330233 0.010943051 0.986009300 107.266349792 0.093113132 0.995644569 0.004657299 -0.757618427 -0.981663942 0.092585072 -0.166624755 12.028070450
-0.171296269 0.012380512 0.985141873 109.200851440 0.092898130 0.995668948 0.003640300 -0.770364404 -0.980830014 0.092141397 -0.171704516 11.704181671
-0.176239535 0.012588297 0.984266758 111.139755249 0.091714405 0.995778620 0.003686553 -0.776481271 -0.980065346 0.090921156 -0.176650092 11.367513657
-0.180936366 0.011932505 0.983422458 113.075485229 0.089903973 0.995940506 0.004456718 -0.788658500 -0.979376972 0.089219972 -0.181274652 11.017829895
-0.185763299 0.011484151 0.982527554 115.036247253 0.087997861 0.996108055 0.004994585 -0.787278652 -0.978646219 0.087388113 -0.186050937 10.643712997
-0.191621810 0.010682957 0.981410682 116.996192932 0.087130323 0.996177793 0.006168619 -0.792949975 -0.977593660 0.086692676 -0.191820219 10.275568008
-0.196546406 0.010752656 0.980435491 118.969070435 0.087073319 0.996180475 0.006530124 -0.784394860 -0.976620555 0.086653255 -0.196731985 9.879348755
-0.201641038 0.013136529 0.979371369 120.947425842 0.087875351 0.996120155 0.004731312 -0.774799764 -0.975509524 0.087016642 -0.202013090 9.474948883
-0.207514629 0.013455403 0.978139400 122.919227600 0.086994454 0.996197462 0.004752267 -0.786106348 -0.974356115 0.086078860 -0.207896054 9.077295303
-0.213602394 0.013451217 0.976828098 124.891021729 0.087724380 0.996129811 0.005465629 -0.789891005 -0.972974002 0.086859107 -0.213955700 8.664390564
-0.219045505 0.013461833 0.975621760 126.870773315 0.086834133 0.996206164 0.005750039 -0.787867665 -0.971843183 0.085976794 -0.219383404 8.225942612
-0.224290803 0.014154215 0.974419415 128.854660034 0.086036421 0.996277750 0.005332045 -0.788739741 -0.970716953 0.085031494 -0.224673703 7.774127960
-0.229666159 0.014601873 0.973159909 130.846389771 0.085166074 0.996353447 0.005149347 -0.792752922 -0.969536066 0.084062852 -0.230072260 7.320495605
-0.234331563 0.013908724 0.972057164 132.834640503 0.086053029 0.996269345 0.006489437 -0.792635083 -0.968340635 0.085169144 -0.234654248 6.852561951
-0.237880573 0.014147403 0.971191287 134.833969116 0.088682964 0.996033788 0.007212438 -0.785462081 -0.967237413 0.087843828 -0.238191694 6.356868744
-0.241223544 0.015033389 0.970353246 136.831939697 0.090029918 0.995914757 0.006951446 -0.783405900 -0.966284573 0.089037649 -0.241591528 5.858995438
-0.244463295 0.015862262 0.969528794 138.835006714 0.090645358 0.995861530 0.006562820 -0.781712949 -0.965412319 0.089487650 -0.244889468 5.359775543
-0.248026878 0.015940551 0.968621910 140.866577148 0.089929566 0.995925903 0.006637610 -0.782507539 -0.964570045 0.088754058 -0.248449907 4.849494934
-0.251630098 0.016154369 0.967688680 142.881530762 0.088422872 0.996062636 0.006364749 -0.790797293 -0.963775754 0.087167375 -0.252067775 4.321735382
-0.255934805 0.016737491 0.966549158 144.903533936 0.087788485 0.996120989 0.005996136 -0.798943281 -0.962699592 0.086386502 -0.256411433 3.789707184
-0.260642290 0.016002540 0.965302825 146.943023682 0.086166531 0.996257901 0.006750197 -0.800345302 -0.961582541 0.084936187 -0.261045754 3.250465393
-0.265133351 0.016337853 0.964073300 148.967056274 0.086607091 0.996218503 0.006935539 -0.804920256 -0.960314214 0.085334443 -0.265545726 2.698715210
-0.269681752 0.016692266 0.962804794 151.015899658 0.085967243 0.996274710 0.006806903 -0.806972980 -0.959104419 0.084605381 -0.270112127 2.134902954
-0.274805665 0.016780816 0.961353362 153.069732666 0.085362546 0.996325314 0.007009864 -0.807077289 -0.957702994 0.083989903 -0.275228351 1.570350647
-0.279052347 0.016241461 0.960138500 155.110626221 0.085378841 0.996316731 0.007960858 -0.811115861 -0.956472754 0.084197015 -0.279411227 0.982429504
-0.283777356 0.016333904 0.958751082 157.168243408 0.085809365 0.996275961 0.008425218 -0.809763074 -0.955043018 0.084660709 -0.284122169 0.392799377
-0.288253456 0.016843205 0.957405984 159.255340576 0.086291380 0.996234059 0.008454102 -0.810019016 -0.953658104 0.085052796 -0.288621277 -0.214195251
-0.291955113 0.018134337 0.956260085 161.320953369 0.086733162 0.996202648 0.007588639 -0.806384206 -0.952491224 0.085155003 -0.292419314 -0.836639404
-0.295621634 0.019411279 0.955107868 163.377685547 0.086403184 0.996239066 0.006495998 -0.811499000 -0.951389611 0.084444709 -0.296187103 -1.463710785
-0.299447566 0.020950656 0.953882694 165.463272095 0.087466344 0.996151865 0.005578831 -0.812811315 -0.950095296 0.085103191 -0.300127774 -2.099472046
-0.302888393 0.021532487 0.952782691 167.538803101 0.086846568 0.996208668 0.005094512 -0.818465590 -0.949060738 0.084288985 -0.303610027 -2.753936768
-0.306686103 0.021482779 0.951568246 169.631072998 0.087261550 0.996169508 0.005634300 -0.825356722 -0.947802186 0.084763281 -0.307386011 -3.416255951
-0.310903311 0.021678058 0.950194299 171.712402344 0.086678229 0.996220350 0.005632977 -0.825601876 -0.946480870 0.084112480 -0.311607242 -4.073940277
-0.315039575 0.023129079 0.948796570 173.806610107 0.089399539 0.995981097 0.005405025 -0.827394187 -0.944858611 0.086524770 -0.315841317 -4.767547607
-0.317885518 0.023452051 0.947839022 175.897903442 0.091434717 0.995792747 0.006026747 -0.826973557 -0.943709970 0.088581204 -0.318692446 -5.472473145
-0.320478767 0.023167167 0.946972370 177.952239990 0.092367597 0.995701075 0.006900175 -0.830822229 -0.942741513 0.089680903 -0.321240932 -6.161026001
-0.323070347 0.022807756 0.946100056 180.047882080 0.092036806 0.995727956 0.007424205 -0.826755047 -0.941888928 0.089474574 -0.323789328 -6.881965637
-0.325820476 0.023297399 0.945144594 182.144165039 0.091200784 0.995808661 0.006893479 -0.829620719 -0.941022575 0.088443980 -0.326579601 -7.596950531
-0.328596085 0.025478950 0.944126844 184.247390747 0.090832509 0.995854914 0.004738633 -0.831543565 -0.940092683 0.087314516 -0.329548329 -8.326023102
-0.331719220 0.027411353 0.942979753 186.372955322 0.090224519 0.995917559 0.002788772 -0.833043873 -0.939053714 0.086004972 -0.332838207 -9.067291260
-0.334771335 0.028280566 0.941874921 188.495666504 0.089532465 0.995982051 0.001917422 -0.849265814 -0.938036203 0.084970266 -0.335958302 -9.818725586
-0.338495702 0.029708026 0.940498888 190.656066895 0.088131934 0.996108770 0.000255023 -0.855180442 -0.936831594 0.082974307 -0.339796692 -10.580139160
-0.341543168 0.030236375 0.939379632 192.783737183 0.089353539 0.995999813 0.000428645 -0.868565023 -0.935609162 0.084083274 -0.342878640 -11.365722656
-0.345803946 0.028778039 0.937865376 194.956512451 0.088338383 0.996088505 0.002006985 -0.883791566 -0.934139311 0.083543524 -0.346993506 -12.145236969
-0.349292755 0.028393036 0.936583400 197.114013672 0.088563338 0.996066511 0.002832828 -0.894875050 -0.932819009 0.083936445 -0.350433379 -12.947364807
-0.352965832 0.028430136 0.935204148 199.266082764 0.088572681 0.996064723 0.003148914 -0.901079118 -0.931434393 0.083944999 -0.354094952 -13.757572174
-0.356624395 0.028738270 0.933805764 201.423660278 0.087760895 0.996137381 0.002859699 -0.910419643 -0.930116713 0.082971461 -0.357769012 -14.568565369
-0.360393912 0.029025385 0.932348490 203.586959839 0.086778209 0.996224463 0.002529671 -0.928136945 -0.928754985 0.081819199 -0.361552000 -15.401718140
-0.364019156 0.029821873 0.930913925 205.765762329 0.086493634 0.996250570 0.001907042 -0.937198102 -0.927366555 0.081212334 -0.365233719 -16.234863281
-0.366508693 0.030687271 0.929908454 207.873718262 0.088318519 0.996090412 0.001938041 -0.958597422 -0.926213384 0.082838438 -0.367785931 -17.073055267
-0.369015753 0.030555066 0.928920746 210.013900757 0.089228690 0.996007562 0.002684536 -0.974091053 -0.925130010 0.083877027 -0.370268881 -17.921676636
-0.371498108 0.030255279 0.927940607 212.183837891 0.090980716 0.995844781 0.003954554 -0.987912893 -0.923965216 0.085893795 -0.372707039 -18.796646118
-0.374604464 0.031255480 0.926657736 214.370574951 0.092096388 0.995743573 0.003644597 -0.997549355 -0.922599435 0.086707130 -0.375888526 -19.674354553
-0.377641112 0.032351904 0.925386727 216.562423706 0.092476271 0.995710731 0.002928194 -1.012287617 -0.921322584 0.086682111 -0.379013032 -20.557956696
-0.380866647 0.032408834 0.924061835 218.743988037 0.091437489 0.995806992 0.002762323 -1.025791645 -0.920097649 0.085545972 -0.382233083 -21.441818237
-0.383390456 0.034004454 0.922960162 220.908096313 0.091832377 0.995773554 0.001459364 -1.045101762 -0.919009507 0.085317142 -0.384892762 -22.341300964
-0.386060476 0.035098180 0.921805561 223.089752197 0.091640070 0.995792091 0.000464438 -1.061103463 -0.917910337 0.084653623 -0.387652308 -23.251880646
-0.388738453 0.034638997 0.920696795 225.259765625 0.088995308 0.996032059 0.000102470 -1.083224535 -0.917039931 0.081977524 -0.390278667 -24.154808044
-0.391610056 0.035991058 0.919427097 227.426406860 0.090333827 0.995911360 -0.000509313 -1.103476405 -0.915686309 0.082855910 -0.393260121 -25.073249817
-0.394154072 0.035800837 0.918346822 229.572830200 0.092165425 0.995743454 0.000739291 -1.128660798 -0.914411306 0.084931202 -0.395775974 -25.995166779
-0.397083461 0.034898054 0.917118788 231.740005493 0.092470989 0.995713055 0.002148307 -1.149310470 -0.913112164 0.085659921 -0.398608327 -26.922111511
-0.400696248 0.034382470 0.915565550 233.873443604 0.091237836 0.995825827 0.002533637 -1.166987181 -0.911656797 0.084549434 -0.402160794 -27.839519501
-0.403813809 0.034487333 0.914190888 236.011306763 0.089693643 0.995967329 0.002046912 -1.188188076 -0.910433650 0.082823671 -0.405278653 -28.775657654
-0.407177478 0.034075417 0.912713170 238.187545776 0.088228449 0.996097922 0.002171749 -1.203486443 -0.909077704 0.081411555 -0.408594996 -29.737319946
-0.411118865 0.033391420 0.910970092 240.345672607 0.087232254 0.996183932 0.002852815 -1.221963882 -0.907398403 0.080638811 -0.412462860 -30.689544678
-0.414767355 0.033814397 0.909298956 242.488342285 0.087295339 0.996178627 0.002773642 -1.245127082 -0.905730426 0.080527984 -0.416134208 -31.661781311
-0.418752134 0.033369686 0.907487273 244.637878418 0.086736254 0.996225536 0.003390967 -1.263087273 -0.903948843 0.080132037 -0.420065850 -32.640945435
-0.422994226 0.032677010 0.905542970 246.807617188 0.085256211 0.996351480 0.003870718 -1.280347347 -0.902112663 0.078840449 -0.424236864 -33.626289368
-0.427082628 0.033141494 0.903605044 248.924087524 0.084745355 0.996396482 0.003509505 -1.290015459 -0.900232553 0.078075193 -0.428352267 -34.609344482
-0.430608243 0.033914715 0.901901484 251.063522339 0.085301034 0.996349871 0.003260227 -1.314376235 -0.898498893 0.078337014 -0.431929439 -35.622886658
-0.434015393 0.034491766 0.900244951 253.125503540 0.085790463 0.996308088 0.003187972 -1.334327936 -0.896811366 0.078616060 -0.435372114 -36.609832764
-0.438056678 0.034009501 0.898303807 255.237915039 0.085105553 0.996364772 0.003779543 -1.353788614 -0.894909739 0.078106292 -0.439358652 -37.624626160
-0.441776693 0.034673955 0.896454632 257.355194092 0.084354803 0.996431172 0.003029460 -1.368621826 -0.893150389 0.076958604 -0.443125010 -38.650177002
-0.445399761 0.035180274 0.894640326 259.482391357 0.084768340 0.996396124 0.003020575 -1.382701159 -0.891309917 0.077182554 -0.446776897 -39.705245972
-0.449299872 0.035960354 0.892656982 261.611999512 0.085201539 0.996359885 0.002746390 -1.384091139 -0.889308810 0.077289693 -0.450728297 -40.765518188
-0.452735305 0.036993921 0.890877187 263.736145020 0.086249173 0.996270418 0.002460593 -1.393505335 -0.887463689 0.077951409 -0.454237550 -41.833435059
-0.456502676 0.039082482 0.888863266 265.866851807 0.088621564 0.996063888 0.001718295 -1.410392761 -0.885297418 0.079556860 -0.458169371 -42.920753479
-0.459454119 0.039772362 0.887310505 267.995361328 0.089953780 0.995944083 0.001936853 -1.429030776 -0.883634686 0.080706827 -0.461168289 -44.019386292
-0.462449223 0.042119522 0.885644674 270.115631104 0.092006125 0.995758176 0.000685730 -1.439753532 -0.881859124 0.081801869 -0.464362890 -45.124656677
-0.465076149 0.044548679 0.884149075 272.216552734 0.093985811 0.995573282 -0.000724885 -1.465606332 -0.880267441 0.082760349 -0.467204392 -46.207321167
-0.468050748 0.045210656 0.882544458 274.358825684 0.094744399 0.995501339 -0.000750192 -1.478391171 -0.878607988 0.083265007 -0.470228612 -47.324707031
-0.471481711 0.046133243 0.880668342 276.506439209 0.095169693 0.995460331 -0.001195739 -1.503536582 -0.876725614 0.083249174 -0.473731756 -48.438903809
-0.474780560 0.046139505 0.878893912 278.663116455 0.094238460 0.995548725 -0.001355725 -1.514834881 -0.875044286 0.082181938 -0.477015346 -49.594810486
-0.478057057 0.047399115 0.877048910 280.814178467 0.095368259 0.995440423 -0.001814633 -1.536516070 -0.873135924 0.082775123 -0.480397731 -50.756919861
-0.481167406 0.047299523 0.875351667 282.958801270 0.094320171 0.995540023 -0.001947542 -1.556224823 -0.871539831 0.081626236 -0.483482689 -51.925514221
-0.483678222 0.047170021 0.873973906 285.097473145 0.092797332 0.995682180 -0.002382559 -1.570902109 -0.870312572 0.079950050 -0.485967100 -53.101547241
-0.485955030 0.048127592 0.872657657 287.237487793 0.094680414 0.995505333 -0.002178223 -1.586698771 -0.868840158 0.081565082 -0.488327593 -54.289299011
-0.488203019 0.047975555 0.871410429 289.412689209 0.096337631 0.995348394 -0.000826311 -1.611927032 -0.867396533 0.083546214 -0.490553945 -55.484725952
-0.490527242 0.048085470 0.870098174 291.600036621 0.097131573 0.995271444 -0.000244133 -1.624562025 -0.865995646 0.084394224 -0.492878407 -56.708786011
-0.492073029 0.047697261 0.869246244 293.758758545 0.096914142 0.995292664 0.000248607 -1.636943579 -0.865142584 0.084364578 -0.494379312 -57.928771973
-0.494495660 0.047357932 0.867888927 295.950744629 0.096705355 0.995312750 0.000788611 -1.643683076 -0.863783598 0.084319472 -0.496757567 -59.169540405
-0.497519404 0.047717173 0.866139412 298.174560547 0.097874559 0.995197713 0.001392935 -1.646596432 -0.861913562 0.085466027 -0.499800503 -60.426811218
-0.499599695 0.047357138 0.864960968 300.379699707 0.097851329 0.995198965 0.002030979 -1.653414249 -0.860712051 0.085652255 -0.501835048 -61.700347900
-0.502160311 0.047733411 0.863456190 302.577819824 0.096784405 0.995304585 0.001264685 -1.666508794 -0.859341502 0.084204145 -0.504422307 -62.957885742
-0.505086601 0.050330527 0.861599922 304.775695801 0.096509837 0.995330811 -0.001566513 -1.677721024 -0.857655764 0.082361646 -0.507585585 -64.219123840
-0.508485913 0.049502611 0.859646142 306.975585938 0.094858333 0.995490015 -0.001215900 -1.696527004 -0.855829418 0.080926321 -0.510888338 -65.514915466
-0.513073921 0.047295406 0.857040405 309.166961670 0.092353523 0.995726168 0.000339428 -1.716455936 -0.853361547 0.079324834 -0.515249074 -66.802383423
-0.518236399 0.044750676 0.854065835 311.365966797 0.089766271 0.995960236 0.002283485 -1.728600502 -0.850513577 0.077849686 -0.520159900 -68.103126526
-0.522731781 0.043825097 0.851369977 313.580078125 0.088696033 0.996053755 0.003185573 -1.727767944 -0.847870529 0.077178344 -0.524556041 -69.453422546
-0.527149439 0.044539828 0.848604560 315.837341309 0.089753076 0.995957911 0.003480414 -1.733702064 -0.845019460 0.077999577 -0.529016256 -70.837707520
-0.531462550 0.045901876 0.845837116 318.102416992 0.092301667 0.995723188 0.003959761 -1.744245887 -0.842038035 0.080176629 -0.533426523 -72.242591858
-0.535262942 0.046887182 0.843383253 320.344879150 0.093050770 0.995654464 0.003703147 -1.744528651 -0.839544535 0.080459602 -0.537299752 -73.661026001
-0.539035678 0.047109604 0.840964496 322.580291748 0.094108745 0.995551527 0.004551830 -1.754548430 -0.837009013 0.081595711 -0.541071177 -75.083999634
-0.543190062 0.045771737 0.838361204 324.805023193 0.094328903 0.995518029 0.006765487 -1.761099577 -0.834294081 0.082756631 -0.545073092 -76.515312195
-0.547181606 0.043978062 0.835857689 327.025665283 0.092295446 0.995699286 0.008031821 -1.757376671 -0.831909776 0.081540741 -0.548887432 -77.962265015
-0.551055610 0.043631438 0.833327055 329.223724365 0.091671288 0.995753109 0.008483864 -1.764755487 -0.829417944 0.081067257 -0.552715123 -79.399055481
-0.554936826 0.043782003 0.830739558 331.421203613 0.091971658 0.995721281 0.008960439 -1.764841795 -0.826792777 0.081376970 -0.556589127 -80.856880188
-0.558482707 0.043812022 0.828358293 333.624481201 0.092978731 0.995617568 0.010028264 -1.765388727 -0.824288845 0.082620315 -0.560108900 -82.337738037
-0.562686682 0.043177295 0.825541973 335.834075928 0.093288906 0.995572507 0.011515201 -1.759795427 -0.821389794 0.083493352 -0.564223289 -83.827186584
-0.566215515 0.042184263 0.823177040 338.045837402 0.091725811 0.995711148 0.012066945 -1.753843784 -0.819137573 0.082339063 -0.567656517 -85.330451965
-0.569475114 0.041376479 0.820966661 340.248443604 0.091549963 0.995711386 0.013321347 -1.743885517 -0.816894531 0.082745619 -0.570820749 -86.850280762
-0.571922421 0.040779669 0.819293380 342.428375244 0.092134923 0.995637119 0.014759406 -1.734805584 -0.815117121 0.083926767 -0.573184550 -88.362487793
-0.574748218 0.040173154 0.817343712 344.630249023 0.089721546 0.995866477 0.014143606 -1.719705105 -0.813396871 0.081462353 -0.575976729 -89.903182983
-0.577721417 0.039356254 0.815284550 346.784393311 0.085845090 0.996226907 0.012740082 -1.704854965 -0.811707199 0.077348411 -0.578920186 -91.404205322
-0.581000865 0.038660277 0.812984228 348.940246582 0.082652643 0.996509910 0.011680298 -1.696789026 -0.809695184 0.073981553 -0.582168579 -92.912673950
-0.583498061 0.035985660 0.811316788 351.104431152 0.080712914 0.996641278 0.013842971 -1.694962502 -0.808093667 0.073561095 -0.584442735 -94.463935852
-0.586883724 0.035686702 0.808884382 353.269653320 0.081827961 0.996527433 0.015404833 -1.682237148 -0.805525720 0.075230204 -0.587765872 -96.010391235
-0.589540243 0.035961397 0.806938052 355.405914307 0.081220895 0.996584475 0.014926087 -1.666482925 -0.803644955 0.074339777 -0.590447485 -97.559173584
-0.592715561 0.034689158 0.804664433 357.579742432 0.078892969 0.996768117 0.015141761 -1.652721882 -0.801538646 0.072457127 -0.593536615 -99.132499695
-0.595931649 0.030453345 0.802457571 359.753295898 0.076218441 0.996914506 0.018769342 -1.640794754 -0.799409926 0.072347298 -0.596413970 -100.715698242
-0.599176586 0.028389955 0.800113380 361.880371094 0.073992491 0.997057498 0.020032341 -1.619421005 -0.797190428 0.071205281 -0.599514186 -102.278602600
-0.602320313 0.027470076 0.797781646 364.058959961 0.072466850 0.997162640 0.020376656 -1.589364052 -0.794958293 0.070086010 -0.602602005 -103.888381958
-0.605297565 0.027310904 0.795530617 366.226043701 0.071501575 0.997236431 0.020168036 -1.565438747 -0.792781472 0.069089353 -0.605577588 -105.493156433
-0.607736945 0.027054660 0.793677390 368.343872070 0.071990259 0.997181416 0.021132939 -1.544779301 -0.790868640 0.069980308 -0.607971668 -107.110626221
-0.610724390 0.025993096 0.791416466 370.484954834 0.071190357 0.997215986 0.022184206 -1.522269249 -0.788636625 0.069889642 -0.610874534 -108.735107422
-0.613238990 0.024753245 0.789509594 372.602813721 0.068267256 0.997429848 0.021753414 -1.497997761 -0.786941886 0.067237690 -0.613352776 -110.341934204
-0.616355300 0.021264574 0.787181020 374.740478516 0.058371924 0.998118937 0.018741902 -1.475540161 -0.785301745 0.057500944 -0.616437137 -111.969879150
-0.619814396 0.023768853 0.784388423 376.870483398 0.050834060 0.998658121 0.009906734 -1.468236446 -0.783100247 0.046013981 -0.620190859 -113.601722717
-0.622470260 0.033952191 0.781906605 378.983825684 0.060952242 0.998127341 0.005182658 -1.475113511 -0.780266345 0.050885022 -0.623373926 -115.265876770
-0.623286366 0.035282258 0.781197190 381.098937988 0.068783201 0.997583389 0.009824218 -1.484018326 -0.778962672 0.059856549 -0.624206841 -116.944267273
-0.625511825 0.026091602 0.779778242 383.224304199 0.067719422 0.997484446 0.020946115 -1.465173244 -0.777270257 0.065908171 -0.625705183 -118.632614136
-0.628774107 0.015229880 0.777438939 385.349273682 0.061383393 0.997660279 0.030101445 -1.425704002 -0.775161564 0.066648841 -0.628237724 -120.310577393
-0.632148325 0.009162526 0.774793267 387.445770264 0.055499617 0.997897208 0.033480834 -1.372261047 -0.772857249 0.064165585 -0.631327510 -121.979606628
-0.634361565 0.009139849 0.772982597 389.519439697 0.054572828 0.997964740 0.032986078 -1.310491562 -0.771107793 0.063108943 -0.633569300 -123.665649414
-0.636844277 0.013636165 0.770871878 391.580078125 0.059410177 0.997738659 0.031431559 -1.270128250 -0.768700063 0.065814637 -0.636214256 -125.348258972
-0.638697088 0.020234289 0.769192278 393.615844727 0.064018883 0.997585595 0.026915547 -1.222098351 -0.766790628 0.066433705 -0.638450325 -127.024711609
-0.640865684 0.023374077 0.767297089 395.646392822 0.065303080 0.997573078 0.024153825 -1.187350273 -0.764870346 0.065586224 -0.640836775 -128.707656860
-0.644095898 0.023429539 0.764585972 397.731872559 0.065310791 0.997565389 0.024449717 -1.151164055 -0.762151539 0.065683670 -0.644057930 -130.430908203
-0.646272838 0.023033105 0.762758732 399.753540039 0.066561714 0.997436106 0.026276946 -1.117128372 -0.760197997 0.067752600 -0.646149039 -132.149139404
-0.648370862 0.022431891 0.760994077 401.811553955 0.067053936 0.997363925 0.027730927 -1.068863869 -0.758365870 0.069007583 -0.648165882 -133.897003174
-0.650074065 0.022795524 0.759528816 403.868347168 0.067770600 0.997306049 0.028072421 -1.027758598 -0.756842554 0.069722891 -0.649867654 -135.636428833
-0.651331902 0.022687700 0.758453667 405.920074463 0.067559980 0.997317016 0.028185166 -0.983239174 -0.755779266 0.069599018 -0.651117146 -137.384841919
-0.652778149 0.023720285 0.757177591 407.987609863 0.069024175 0.997214317 0.028267166 -0.940196037 -0.754397988 0.070715740 -0.652597189 -139.137908936
-0.654645562 0.022732481 0.755594075 410.026306152 0.069741301 0.997100949 0.030425400 -0.893197060 -0.752712071 0.072613969 -0.654333115 -140.871429443
-0.655958593 0.022228932 0.754469454 412.095245361 0.071576856 0.996893704 0.032859609 -0.844419479 -0.751395404 0.075557090 -0.655512035 -142.639205933
-0.657485008 0.021875856 0.753149986 414.132324219 0.073134281 0.996711433 0.034894466 -0.789738655 -0.749909937 0.078023665 -0.656922698 -144.394332886
-0.659066021 0.022171840 0.751758218 416.167297363 0.071857736 0.996848881 0.033597272 -0.721429825 -0.748644412 0.076162465 -0.658582449 -146.165573120
-0.660881698 0.022229299 0.750160813 418.180938721 0.067984827 0.997224808 0.030343255 -0.666946411 -0.747404456 0.071052857 -0.660558939 -147.907592773
-0.662351668 0.021536019 0.748883486 420.185455322 0.064994365 0.997469902 0.028799659 -0.617166519 -0.746368527 0.067748703 -0.662075579 -149.655303955
-0.663385212 0.020640351 0.747993290 422.190826416 0.064150855 0.997507930 0.029368998 -0.569255829 -0.745523095 0.067467377 -0.663056135 -151.413574219
-0.664188325 0.019205218 0.747318506 424.140869141 0.061747205 0.997663438 0.029239772 -0.526699066 -0.745010853 0.065565549 -0.663822234 -153.139602661
-0.665139079 0.018004913 0.746502340 426.148864746 0.058799688 0.997867942 0.028323343 -0.482030869 -0.744400859 0.062733069 -0.664779544 -154.904968262
-0.665699780 0.017311245 0.746018827 428.146667480 0.057473391 0.997950733 0.028128317 -0.434096336 -0.744003117 0.061601240 -0.665330529 -156.668395996
-0.666787267 0.016029879 0.745075703 430.111206055 0.058421560 0.997816265 0.030815499 -0.390916824 -0.742954671 0.064075865 -0.666267693 -158.405853271
-0.666287661 0.015308588 0.745537639 432.077880859 0.061272565 0.997532368 0.034276385 -0.333228111 -0.743173242 0.068518937 -0.665581465 -160.164398193
-0.665294945 0.014149633 0.746446550 434.066162109 0.065950602 0.997025609 0.039881025 -0.267526627 -0.743662000 0.075761244 -0.664249241 -161.936462402
-0.663994551 0.013177490 0.747621298 436.066528320 0.069166645 0.996640325 0.043863181 -0.189517975 -0.744531512 0.080835365 -0.662675202 -163.695190430
-0.662508309 0.010860627 0.748975813 438.061614990 0.063647129 0.997094989 0.041840695 -0.107585907 -0.746345639 0.075389974 -0.661274970 -165.432220459
-0.662111640 0.009876262 0.749340117 440.064270020 0.056214869 0.997750521 0.036520764 -0.035047531 -0.747293830 0.066304877 -0.661177397 -167.160308838
-0.660112143 0.007945307 0.751124978 442.062774658 0.051722389 0.998051584 0.034898005 0.024933815 -0.749384165 0.061886579 -0.659236968 -168.903915405
-0.658041060 0.007420710 0.752945483 444.092254639 0.049264871 0.998233259 0.033217158 0.086490631 -0.751368701 0.058952000 -0.657244027 -170.645233154
-0.654829621 0.008341772 0.755730510 446.098388672 0.051437277 0.998112440 0.033552472 0.146724701 -0.754024148 0.060843885 -0.654022694 -172.385467529
-0.652953506 0.008177908 0.757353842 448.110961914 0.051787436 0.998083711 0.033871282 0.206317902 -0.755625427 0.061337788 -0.652125657 -174.078063965
-0.650527298 0.008916593 0.759430528 450.112670898 0.049696375 0.998287857 0.030848784 0.255695343 -0.757855237 0.057808921 -0.649856627 -175.773910522
-0.649277627 0.004037966 0.760540783 452.141113281 0.042897101 0.998588383 0.031319629 0.309618950 -0.759340763 0.052960116 -0.648534358 -177.475769043
-0.647949219 -0.002292458 0.761680126 454.165863037 0.033979855 0.998912811 0.031912580 0.359106064 -0.760925233 0.046559501 -0.647166908 -179.170593262
-0.647212625 -0.005978873 0.762286067 456.201202393 0.026776014 0.999173820 0.030570816 0.406671524 -0.761839151 0.040196795 -0.646517873 -180.863800049
-0.646454632 -0.006236732 0.762927055 458.232543945 0.025164245 0.999248147 0.029491145 0.458352089 -0.762537301 0.038263164 -0.645811796 -182.561996460
-0.645337522 -0.006363753 0.763871014 460.263916016 0.027247522 0.999137163 0.031343140 0.504180908 -0.763411462 0.041040488 -0.644607365 -184.259292603
-0.644042611 -0.007495782 0.764952838 462.302215576 0.028179677 0.999040782 0.033515152 0.559540749 -0.764470279 0.043141309 -0.643213749 -185.933532715
-0.642593861 -0.009532593 0.766147673 464.306854248 0.027245317 0.999006093 0.035281446 0.619539261 -0.765722394 0.043545574 -0.641695380 -187.607055664
-0.641846597 -0.009939130 0.766768634 466.359130859 0.025136536 0.999105871 0.033992060 0.677085876 -0.766420960 0.041091591 -0.641022921 -189.281936646
-0.640973091 -0.009255248 0.767507613 468.392730713 0.023233470 0.999235094 0.031452715 0.738798141 -0.767211854 0.037992202 -0.640267730 -190.949584961
-0.639802516 -0.007954895 0.768498182 470.440673828 0.024017097 0.999251008 0.030338569 0.784051895 -0.768164039 0.037867785 -0.639132321 -192.629486084
-0.638897181 -0.007552018 0.769255221 472.469146729 0.025753923 0.999181271 0.031198943 0.832515717 -0.768860936 0.039744247 -0.638179719 -194.286773682
