1.000000000 0.000000000 0.000000000 -0.000000954 0.000000000 0.999999940 -0.000000000 0.000000238 0.000000000 -0.000000000 1.000000000 -0.000000000
0.999996066 -0.002416008 -0.001393963 -0.006361144 0.002420039 0.999992788 0.002897520 -0.015478719 0.001386952 -0.002900882 0.999994814 1.523316026
0.999991715 -0.002843530 -0.002897917 -0.010078581 0.002854534 0.999988735 0.003800527 -0.034486592 0.002887079 -0.003808767 0.999988556 3.045365810
0.999988914 -0.001806278 -0.004329513 -0.024612591 0.001821460 0.999992132 0.003505509 -0.049268845 0.004323146 -0.003513356 0.999984443 4.555549145
0.999981761 -0.000952831 -0.005961368 -0.036162470 0.000973144 0.999993682 0.003405496 -0.064861640 0.005958086 -0.003411236 0.999976397 6.061553478
0.999971747 -0.001336524 -0.007393722 -0.051715102 0.001362090 0.999993086 0.003453859 -0.076252237 0.007389056 -0.003463833 0.999966681 7.562596321
0.999957144 -0.001806702 -0.009082134 -0.072187595 0.001844190 0.999989748 0.004120992 -0.094548352 0.009074596 -0.004137565 0.999950290 9.074946404
0.999934733 -0.003591568 -0.010842016 -0.093646407 0.003626282 0.999988258 0.003183938 -0.107317984 0.010830455 -0.003223045 0.999936223 10.571372986
0.999915898 -0.004676156 -0.012100063 -0.115432024 0.004718468 0.999982834 0.003470740 -0.122970700 0.012083624 -0.003527541 0.999920726 12.059844971
0.999900758 -0.004224457 -0.013441985 -0.142196029 0.004269389 0.999985397 0.003315709 -0.138899744 0.013427781 -0.003372769 0.999904156 13.550193787
0.999885678 -0.004102922 -0.014548525 -0.166253194 0.004153615 0.999985337 0.003455958 -0.154264420 0.014534133 -0.003515992 0.999888122 15.031293869
0.999881148 -0.002351648 -0.015236239 -0.200803980 0.002416023 0.999988139 0.004208094 -0.171151564 0.015226161 -0.004244405 0.999875069 16.506608963
0.999876380 -0.000986432 -0.015687196 -0.226953223 0.001059820 0.999988556 0.004670613 -0.183294088 0.015682412 -0.004686662 0.999865949 17.999904633
0.999865711 0.000049482 -0.016386202 -0.260642171 0.000040312 0.999985039 0.005479501 -0.195793331 0.016386230 -0.005479426 0.999850690 19.468023300
0.999858797 -0.000645741 -0.016790198 -0.283895344 0.000739696 0.999984145 0.005590218 -0.211957574 0.016786320 -0.005601848 0.999843359 20.946300507
0.999848127 0.000416286 -0.017418951 -0.315297782 -0.000318224 0.999984026 0.005632021 -0.222908705 0.017421013 -0.005625622 0.999832392 22.412237167
0.999843061 0.000459758 -0.017711867 -0.331748605 -0.000351730 0.999981284 0.006101763 -0.234083995 0.017714342 -0.006094574 0.999824643 23.884405136
0.999845028 0.001568936 -0.017534949 -0.365159392 -0.001441403 0.999972403 0.007283363 -0.244223982 0.017545894 -0.007256959 0.999819696 25.328613281
0.999844432 0.001972008 -0.017526411 -0.395364940 -0.001866538 0.999980032 0.006032137 -0.256287873 0.017537953 -0.005998485 0.999828339 26.766084671
0.999843001 0.002027358 -0.017597836 -0.428567529 -0.001959838 0.999990642 0.003853216 -0.261867195 0.017605485 -0.003818121 0.999837875 28.197132111
0.999853849 0.000676427 -0.017085891 -0.461705685 -0.000614692 0.999993265 0.003618243 -0.278721035 0.017088223 -0.003607212 0.999847472 29.632719040
0.999858975 0.000174455 -0.016795134 -0.492817581 -0.000065411 0.999978900 0.006492959 -0.297081918 0.016795911 -0.006490945 0.999837875 31.039962769
0.999861717 -0.001775015 -0.016532559 -0.522037685 0.001902814 0.999968410 0.007717602 -0.308769137 0.016518338 -0.007747996 0.999833524 32.474006653
0.999861062 -0.002201878 -0.016524270 -0.550677478 0.002316944 0.999973178 0.006947606 -0.318378925 0.016508527 -0.006984926 0.999839306 33.875370026
0.999871790 -0.002487671 -0.015816679 -0.578926980 0.002571050 0.999982893 0.005253485 -0.334982276 0.015803339 -0.005293478 0.999861121 35.253585815
0.999879301 -0.001159738 -0.015493063 -0.608887017 0.001228644 0.999989390 0.004438766 -0.348696172 0.015487755 -0.004457265 0.999870181 36.612327576
0.999892950 -0.001089126 -0.014590095 -0.634632349 0.001142915 0.999992549 0.003678810 -0.367860347 0.014585980 -0.003695092 0.999886751 37.965778351
0.999912858 -0.000670415 -0.013179741 -0.662622213 0.000735687 0.999987483 0.004948218 -0.386079133 0.013176259 -0.004957485 0.999900937 39.303569794
0.999929667 -0.000163899 -0.011855251 -0.684241951 0.000244542 0.999976814 0.006801222 -0.400431037 0.011853860 -0.006803642 0.999906600 40.635894775
0.999947965 -0.000518356 -0.010184133 -0.704740524 0.000598219 0.999969065 0.007840414 -0.413804382 0.010179752 -0.007846098 0.999917388 41.926666260
0.999969363 -0.000024000 -0.007829052 -0.718027472 0.000091289 0.999962986 0.008594523 -0.429693729 0.007828556 -0.008594975 0.999932408 43.217018127
0.999991059 -0.000301630 -0.004217152 -0.736784458 0.000336093 0.999966562 0.008173805 -0.443033069 0.004214544 -0.008175150 0.999957681 44.487972260
0.999998569 -0.001313010 -0.001081525 -0.742272437 0.001319764 0.999979436 0.006267678 -0.457327336 0.001073273 -0.006269098 0.999979794 45.730159760
0.999995112 -0.001215659 0.002867691 -0.746596992 0.001202767 0.999989271 0.004493249 -0.468359739 -0.002873123 -0.004489779 0.999985695 46.953578949
0.999978125 -0.000731152 0.006566395 -0.739918113 0.000696902 0.999986172 0.005216687 -0.483317792 -0.006570118 -0.005211998 0.999964774 48.166378021
0.999924898 -0.000939636 0.012216633 -0.736626565 0.000877898 0.999986887 0.005057978 -0.497217417 -0.012221225 -0.005046875 0.999912560 49.401542664
0.999823868 0.000750192 0.018753000 -0.718034029 -0.000826864 0.999991298 0.004081071 -0.510452330 -0.018749772 -0.004095857 0.999815822 50.583175659
0.999664903 0.002067561 0.025803201 -0.693363428 -0.002167458 0.999990225 0.003844143 -0.520194888 -0.025795002 -0.003898782 0.999659657 51.782268524
0.999406815 0.003361973 0.034276340 -0.654820442 -0.003530351 0.999981940 0.004852996 -0.533002257 -0.034259409 -0.004971125 0.999400556 52.977348328
0.998971701 0.005888397 0.044955876 -0.616086483 -0.006147485 0.999965250 0.005627047 -0.545646667 -0.044921178 -0.005897625 0.998973131 54.147548676
0.998314679 0.007800245 0.057507072 -0.559807301 -0.008129968 0.999951780 0.005501905 -0.560194731 -0.057461377 -0.005960163 0.998330116 55.276260376
0.997353673 0.009367827 0.072097376 -0.485605717 -0.009811469 0.999935031 0.005801666 -0.570750296 -0.072038345 -0.006493693 0.997380793 56.411499023
0.995998621 0.012096103 0.088545710 -0.402444839 -0.012786048 0.999892116 0.007228902 -0.583603978 -0.088448718 -0.008332128 0.996045828 57.532043457
0.994253814 0.012174899 0.106353320 -0.293653965 -0.013110782 0.999881148 0.008104999 -0.594350278 -0.106242009 -0.009452802 0.994295359 58.637748718
0.992030859 0.012019887 0.125420451 -0.164698124 -0.013039546 0.999888122 0.007312101 -0.605637848 -0.125318542 -0.008889257 0.992076755 59.735580444
0.989284933 0.011304298 0.145559549 -0.009275436 -0.012331337 0.999904931 0.006155418 -0.608524978 -0.145476148 -0.007884406 0.989330411 60.825691223
0.985993683 0.008286231 0.166576445 0.162428856 -0.009451632 0.999936044 0.006204653 -0.625016212 -0.166514412 -0.007692168 0.986009002 61.867210388
0.982175827 0.003151319 0.187938347 0.364988327 -0.004796747 0.999954045 0.008300977 -0.632798731 -0.187903568 -0.009054512 0.982145727 62.900947571
0.977419257 -0.002091137 0.211298749 0.585164070 0.000024786 0.999952137 0.009781458 -0.643235147 -0.211309090 -0.009555349 0.977372587 63.937778473
0.971962571 -0.007214227 0.235025361 0.837177277 0.005242693 0.999945700 0.009012365 -0.648888588 -0.235077634 -0.007527513 0.971947551 64.948966980
0.965489030 -0.013370466 0.260100186 1.107359886 0.011826172 0.999901772 0.007501394 -0.661409914 -0.260174990 -0.004166522 0.965552509 65.936157227
0.958006382 -0.017214827 0.286229432 1.410211563 0.015503732 0.999845684 0.008243367 -0.666076958 -0.286327243 -0.003459572 0.958125651 66.916709900
0.949358344 -0.019455889 0.313592255 1.717790604 0.016967773 0.999799132 0.010661880 -0.675867856 -0.313736677 -0.004800984 0.949497879 67.871963501
0.939715803 -0.023906378 0.341119677 2.065025330 0.020552134 0.999698400 0.013443966 -0.678535521 -0.341338158 -0.005622771 0.939923763 68.815658569
0.928736985 -0.026775476 0.369771153 2.430233002 0.023578651 0.999635279 0.013163134 -0.686602652 -0.369988680 -0.003506385 0.929029584 69.729400635
0.916575313 -0.025757678 0.399031758 2.814552307 0.024000743 0.999667645 0.009399345 -0.689988673 -0.399141312 0.000961850 0.916888952 70.623580933
0.903622687 -0.027592795 0.427439481 3.234989166 0.028493781 0.999584734 0.004289984 -0.701091707 -0.427380264 0.008302837 0.904033720 71.486831665
0.889458597 -0.029549152 0.456059575 3.678453445 0.032172792 0.999480247 0.002011661 -0.709567428 -0.455881983 0.012883417 0.889946938 72.336090088
0.873779476 -0.030179681 0.485385060 4.141510010 0.031499770 0.999489009 0.005439810 -0.719960928 -0.485301167 0.010536323 0.874283552 73.170631409
0.856116891 -0.029098619 0.515962362 4.636974335 0.027322570 0.999565721 0.011036993 -0.726323903 -0.516059458 0.004648461 0.856540084 73.997695923
0.836440265 -0.029382948 0.547269940 5.152450562 0.025369991 0.999567211 0.014891650 -0.735065341 -0.547470570 0.001428254 0.836823702 74.793792725
0.815357268 -0.023268582 0.578490376 5.689435959 0.021325361 0.999721050 0.010154543 -0.739321470 -0.578565180 0.004056935 0.815626025 75.561431885
0.793450773 -0.016366644 0.608414292 6.255836487 0.018437132 0.999825895 0.002851411 -0.740353584 -0.608355165 0.008954960 0.793614447 76.306625366
0.770869255 -0.013866663 0.636842489 6.845039368 0.017427202 0.999847770 0.000675933 -0.742994487 -0.636755109 0.010577324 0.770993531 77.028045654
0.747470975 -0.016329166 0.664093792 7.475311279 0.018374324 0.999823511 0.003903086 -0.748200297 -0.664040446 0.009284829 0.747639120 77.730300903
0.722941697 -0.016991593 0.690699995 8.099380493 0.018798459 0.999811172 0.004919927 -0.770776153 -0.690653086 0.009427276 0.723124683 78.392318726
0.697531402 -0.014640199 0.716404617 8.751560211 0.019168125 0.999814689 0.001768712 -0.774295211 -0.716297686 0.012498406 0.697682798 79.026275635
0.671436548 -0.012733786 0.740952611 9.426139832 0.019228851 0.999815226 -0.000242289 -0.788851917 -0.740812540 0.014410353 0.671557307 79.634124756
0.644507766 -0.010186819 0.764529943 10.118064880 0.017386898 0.999847889 -0.001335097 -0.795377254 -0.764400125 0.014153287 0.644586861 80.218864441
0.616342366 -0.008748485 0.787429750 10.843814850 0.017122347 0.999850750 -0.002293601 -0.812632859 -0.787292123 0.014896288 0.616400242 80.791313171
0.587853968 -0.002562438 0.808963060 11.578575134 0.015802307 0.999840498 -0.008316104 -0.828921437 -0.808812678 0.017672138 0.587800860 81.321426392
0.557569027 0.007053976 0.830100656 12.343540192 0.014384835 0.999731541 -0.018157585 -0.843172729 -0.830005884 0.022064973 0.557317972 81.846298218
0.527071297 0.015496280 0.849679828 13.123947144 0.013322641 0.999560118 -0.026494034 -0.862586558 -0.849716663 0.025284225 0.526633024 82.325645447
0.495035678 0.020486249 0.868631124 13.937519073 0.010477911 0.999508560 -0.029544326 -0.893056810 -0.868809640 0.023726933 0.494577706 82.801918030
0.462148219 0.020050000 0.886575997 14.768545151 0.008760968 0.999592364 -0.027172733 -0.923552811 -0.886759520 0.020325096 0.461784184 83.241661072
0.429330945 0.018809130 0.902951360 15.627077103 0.003978164 0.999733925 -0.022716703 -0.952303886 -0.903138518 0.013345074 0.429141879 83.655609131
0.395197242 0.019753231 0.918383777 16.484840393 -0.000275837 0.999771178 -0.021385068 -0.986598015 -0.918596268 0.008198000 0.395112276 84.023742676
0.359867871 0.022733100 0.932726324 17.353769302 -0.007368851 0.999741137 -0.021523362 -1.012723565 -0.932974219 0.000872447 0.359942198 84.379814148
0.323624104 0.024701061 0.945863247 18.268209457 -0.012494460 0.999683678 -0.021831622 -1.045767307 -0.946103334 -0.004752809 0.323830307 84.724533081
0.287659675 0.024142809 0.957428336 19.179708481 -0.014982096 0.999673367 -0.020706696 -1.068864584 -0.957615495 -0.008387800 0.287927419 85.004814148
0.251280963 0.023859018 0.967620075 20.121145248 -0.016143112 0.999660313 -0.020456854 -1.098006248 -0.967779636 -0.010479979 0.251580775 85.255897522
0.215234086 0.023096886 0.976289272 21.080993652 -0.014903292 0.999681473 -0.020364689 -1.127975941 -0.976448715 -0.010166748 0.215509817 85.474578857
0.180021197 0.022098932 0.983414352 22.036880493 -0.012740103 0.999716043 -0.020133087 -1.148465157 -0.983580232 -0.008904419 0.180251658 85.643257141
0.145642534 0.021061927 0.989113033 23.012950897 -0.004519523 0.999777019 -0.020623522 -1.178804159 -0.989326894 -0.001466658 0.145705283 85.770469666
0.111613154 0.024298493 0.993454576 24.004459381 -0.002451894 0.999704540 -0.024175903 -1.215890765 -0.993748724 0.000262504 0.111639783 85.891593933
0.078669444 0.029302662 0.996469975 24.974332809 -0.001487032 0.999570191 -0.029276434 -1.244387031 -0.996899605 0.000821379 0.078679219 85.971794128
0.049967393 0.033281505 0.998196125 25.950286865 0.005320203 0.999421537 -0.033588681 -1.278327823 -0.998736739 0.006988945 0.049761429 86.001403809
0.024457349 0.031757418 0.999196291 26.988002777 0.006963263 0.999465585 -0.031936411 -1.310063720 -0.999676645 0.007738746 0.024223145 86.026992798
0.002179485 0.028630530 0.999587655 27.984577179 0.008456305 0.999553621 -0.028647998 -1.346249342 -0.999961853 0.008515257 0.001936408 86.025062561
-0.016618634 0.026176201 0.999519229 28.977968216 0.008691688 0.999623179 -0.026034404 -1.383480906 -0.999824166 0.008254855 -0.016839884 86.007781982
-0.033312876 0.029523795 0.999008834 30.017602921 0.010736704 0.999516487 -0.029180774 -1.418286085 -0.999387324 0.009753967 -0.033613764 85.975578308
-0.047706746 0.033608504 0.998295844 31.015151978 0.013394641 0.999365389 -0.033004407 -1.454417586 -0.998771548 0.011797282 -0.048126649 85.920028687
-0.059877969 0.038588706 0.997459590 32.006950378 0.018097304 0.999130189 -0.037566952 -1.497780442 -0.998041689 0.015801901 -0.060524240 85.856658936
-0.068516754 0.042608991 0.996739686 33.042221069 0.023303200 0.998883307 -0.041098751 -1.538877130 -0.997377813 0.020411268 -0.069433168 85.778953552
-0.074577168 0.048188850 0.996050298 34.039051056 0.026838100 0.998566866 -0.046301164 -1.585506082 -0.996854126 0.023279084 -0.075763583 85.701347351
-0.078037798 0.052752871 0.995553851 35.049068451 0.028841345 0.998300493 -0.050637659 -1.642190695 -0.996533155 0.024761464 -0.079426639 85.615974426
-0.080736741 0.056620646 0.995126009 36.059688568 0.031125519 0.998041451 -0.054261256 -1.703387260 -0.996249318 0.026592942 -0.082340963 85.530303955
-0.083564676 0.059472121 0.994726062 37.072624207 0.031801872 0.997868180 -0.056988377 -1.766944647 -0.995994806 0.026871936 -0.085277863 85.443077087
-0.086223550 0.062914632 0.994287312 38.083072662 0.032476019 0.997651100 -0.060311198 -1.833283901 -0.995746374 0.027090253 -0.088064261 85.358451843
-0.087815799 0.067021273 0.993879557 39.087730408 0.034192521 0.997348905 -0.064234093 -1.894574404 -0.995549679 0.028342482 -0.089874618 85.257675171
-0.090228982 0.068462752 0.993565023 40.102119446 0.036925148 0.997178316 -0.065358445 -1.965047598 -0.995236218 0.030790312 -0.092502393 85.163749695
-0.092487894 0.067000046 0.993457079 41.124183655 0.037128843 0.997271657 -0.063800715 -2.044448376 -0.995021164 0.030985123 -0.094723172 85.077529907
-0.094379775 0.066848002 0.993289411 42.151687622 0.036601041 0.997301459 -0.063640289 -2.110945702 -0.994863331 0.030349065 -0.096571773 84.971588135
-0.096331872 0.068266965 0.993005455 43.180992126 0.036531206 0.997215569 -0.065012507 -2.180489540 -0.994678617 0.030012907 -0.098557532 84.862777710
-0.098813377 0.070394777 0.992612958 44.207546234 0.036058094 0.997092783 -0.067122951 -2.257931232 -0.994452477 0.029159082 -0.101064421 84.760200500
-0.101440772 0.072172850 0.992220163 45.237762451 0.034512248 0.997019887 -0.068993583 -2.342640638 -0.994242787 0.027244989 -0.103629321 84.655570984
-0.103859618 0.075857341 0.991694927 46.266899109 0.031909663 0.996827960 -0.072908126 -2.419797421 -0.994079947 0.024072440 -0.105950758 84.549461365
-0.106171407 0.080223396 0.991106331 47.308017731 0.028310521 0.996579826 -0.077633709 -2.496602297 -0.993944764 0.019816257 -0.108079441 84.446403503
-0.108967930 0.082696244 0.990599453 48.346466064 0.025931846 0.996430874 -0.080330499 -2.579304218 -0.993707001 0.016934616 -0.110723466 84.335235596
-0.112072110 0.081084557 0.990386426 49.385292053 0.023875833 0.996597290 -0.078891233 -2.666719675 -0.993413270 0.014804787 -0.113626711 84.225891113
-0.114846900 0.076912895 0.990401328 50.450897217 0.020829463 0.996965349 -0.075007267 -2.752938509 -0.993164837 0.012015175 -0.116100438 84.104515076
-0.116944782 0.075435907 0.990269303 51.500267029 0.021335293 0.997071683 -0.073434532 -2.836624146 -0.992909253 0.012539901 -0.118211791 83.980270386
-0.119136840 0.075647287 0.989991784 52.552383423 0.020868663 0.997063756 -0.073676303 -2.924774170 -0.992658496 0.011882246 -0.120365687 83.861373901
-0.120166562 0.078637585 0.989634216 53.610469818 0.021743843 0.996827126 -0.076568872 -3.005639791 -0.992515624 0.012317437 -0.121495157 83.732337952
-0.120758958 0.081465207 0.989333451 54.677940369 0.022417508 0.996596456 -0.079326972 -3.090269089 -0.992428780 0.012598950 -0.122174211 83.599090576
-0.120830148 0.082221091 0.989262223 55.746288300 0.021195708 0.996550381 -0.080237947 -3.180350542 -0.992446899 0.011272953 -0.122156069 83.462249756
-0.121279247 0.080931202 0.989313662 56.805664062 0.017952045 0.996686459 -0.079333626 -3.270505905 -0.992456138 0.008138680 -0.122330256 83.348007202
-0.120957032 0.080220833 0.989410996 57.880050659 0.014361525 0.996766329 -0.079061478 -3.361740351 -0.992553771 0.004646407 -0.121717975 83.215072632
-0.121037960 0.081329204 0.989310622 58.944946289 0.010352553 0.996687114 -0.080669016 -3.451317787 -0.992593884 0.000477874 -0.121478952 83.093185425
-0.121090405 0.081644528 0.989278257 60.028137207 0.006509383 0.996655524 -0.081456617 -3.544534206 -0.992620051 -0.003424026 -0.121216893 82.965904236
-0.121723004 0.080776021 0.989271820 61.103107452 0.002558812 0.996705234 -0.081068113 -3.641350031 -0.992560744 -0.007336495 -0.121528655 82.846488953
-0.122438304 0.075939901 0.989566565 62.183620453 0.002652376 0.997089803 -0.076189056 -3.726897955 -0.992472529 -0.006703758 -0.122283421 82.728164673
-0.122617975 0.067228332 0.990174353 63.275363922 0.006221598 0.997735560 -0.066971242 -3.814751863 -0.992434382 -0.002051414 -0.122758597 82.593963623
-0.122045942 0.061577722 0.990612328 64.389640808 0.012194356 0.998091221 -0.060540248 -3.901343346 -0.992449582 0.004691191 -0.122563899 82.440666199
-0.121747948 0.064153150 0.990485549 65.481964111 0.020508101 0.997858644 -0.062109884 -3.972795486 -0.992349148 0.012751233 -0.122802898 82.303985596
-0.120562635 0.069815293 0.990247667 66.597648621 0.025532179 0.997411966 -0.067211859 -4.046049118 -0.992377341 0.017179945 -0.122033156 82.155052185
-0.118976228 0.075502649 0.990022242 67.691207886 0.029947329 0.996923685 -0.072430082 -4.127437115 -0.992445290 0.021031069 -0.120871343 82.011878967
-0.118625395 0.079933688 0.989716470 68.788299561 0.030632634 0.996574461 -0.076816030 -4.214422703 -0.992466450 0.021205295 -0.120667629 81.890647888
-0.118254147 0.077106483 0.989985049 69.939125061 0.027790746 0.996846974 -0.074321315 -4.300940990 -0.992594302 0.018723622 -0.120024145 81.745895386
-0.117545173 0.072679751 0.990404308 71.062751770 0.026986880 0.997183740 -0.069974340 -4.387542725 -0.992700636 0.018502779 -0.119175524 81.607635498
-0.117444158 0.070586175 0.990567744 72.200004578 0.025094634 0.997363091 -0.068095125 -4.476725101 -0.992762327 0.016860565 -0.118905820 81.478652954
-0.117412284 0.071339838 0.990517557 73.335304260 0.022639021 0.997349381 -0.069148347 -4.551769257 -0.992825210 0.014305485 -0.118716151 81.346893311
-0.117512874 0.076580465 0.990114272 74.470550537 0.023789268 0.996953189 -0.074285969 -4.639069557 -0.992786407 0.014824538 -0.118976638 81.218421936
-0.116270453 0.079343833 0.990043283 75.599517822 0.023759538 0.996740997 -0.077090301 -4.728194237 -0.992933393 0.014559647 -0.117776677 81.078414917
-0.115590170 0.078578025 0.990184069 76.746955872 0.023911092 0.996797323 -0.076311551 -4.814976692 -0.993009150 0.014855515 -0.117098868 80.944122314
-0.115345262 0.071530670 0.990746558 77.903549194 0.025132580 0.997294605 -0.069077432 -4.908105850 -0.993007481 0.016932258 -0.116830967 80.807899475
-0.115974329 0.070203811 0.990767956 79.058341980 0.024160014 0.997403085 -0.067845926 -4.991938114 -0.992958307 0.016068580 -0.117369302 80.679962158
-0.115651920 0.073070325 0.990598619 80.218696594 0.021763289 0.997237444 -0.071019188 -5.078803539 -0.993051350 0.013345175 -0.116922714 80.551071167
-0.115812711 0.076407485 0.990327954 81.366638184 0.020808700 0.997004628 -0.074489169 -5.162486553 -0.993053079 0.011980646 -0.117055766 80.431785583
-0.115715452 0.075734392 0.990390897 82.548011780 0.020047974 0.997063875 -0.073902294 -5.253780365 -0.993080080 0.011303695 -0.116894037 80.295242310
-0.115035005 0.072468802 0.990714490 83.732666016 0.019389559 0.997309148 -0.070699811 -5.341201782 -0.993172228 0.011076562 -0.116130613 80.152915955
-0.114663824 0.071291119 0.990842938 84.915275574 0.019915901 0.997386038 -0.069457158 -5.431131363 -0.993204713 0.011769306 -0.115783952 80.025276184
-0.113094240 0.071231462 0.991027534 86.105361938 0.021529997 0.997368336 -0.069230236 -5.534009933 -0.993350923 0.013507278 -0.114330217 79.879730225
-0.112287082 0.072044380 0.991060615 87.300491333 0.023394782 0.997283399 -0.069846101 -5.612671375 -0.993400335 0.015342835 -0.113667510 79.746917725
-0.111824855 0.070926130 0.991193533 88.497894287 0.023185853 0.997364283 -0.068751894 -5.710247993 -0.993457317 0.015293502 -0.113174587 79.626487732
-0.109818883 0.071375117 0.991385639 89.698516846 0.024476076 0.997310102 -0.069090366 -5.801430225 -0.993650258 0.016677799 -0.111270480 79.473579407
-0.108620070 0.069947422 0.991619349 90.899848938 0.024393728 0.997408569 -0.067683727 -5.884038925 -0.993784070 0.016837478 -0.110044859 79.344535828
-0.107628353 0.068745695 0.991811514 92.111892700 0.022908434 0.997512996 -0.066654935 -5.975126743 -0.993927240 0.015546895 -0.108935542 79.216812134
-0.106063783 0.067876719 0.992039800 93.324798584 0.024119839 0.997549415 -0.065674938 -6.063406944 -0.994066775 0.016962109 -0.107441060 79.088294983
-0.104305714 0.068896294 0.992156029 94.551635742 0.022169774 0.997510791 -0.066937439 -6.149885178 -0.994298100 0.015013923 -0.105573498 78.957077026
-0.103376992 0.071828343 0.992045283 95.772949219 0.022048809 0.997309446 -0.069911890 -6.233108997 -0.994397759 0.014646146 -0.104682587 78.839469910
-0.101858392 0.070478596 0.992299259 96.999847412 0.020272473 0.997427046 -0.068761855 -6.324997425 -0.994592309 0.013112388 -0.103025109 78.712280273
-0.101725303 0.069145963 0.992406487 98.224716187 0.016921859 0.997557342 -0.067770287 -6.416344166 -0.994668603 0.009899411 -0.102646910 78.598403931
-0.101299696 0.070098512 0.992383301 99.464271545 0.014254265 0.997514367 -0.069005907 -6.507900238 -0.994753838 0.007155415 -0.102047101 78.475952148
-0.101927876 0.069746763 0.992343783 100.705017090 0.011181500 0.997556388 -0.068964638 -6.594160557 -0.994728923 0.004066472 -0.102458663 78.359970093
-0.102409691 0.067044809 0.992480278 101.956024170 0.008815311 0.997747958 -0.066491045 -6.689828396 -0.994703233 0.001939694 -0.102770083 78.226943970
-0.103894934 0.065395005 0.992436051 103.205375671 0.006688431 0.997859418 -0.065052174 -6.784149647 -0.994565785 -0.000120751 -0.104109935 78.106681824
-0.104720719 0.064565197 0.992403567 104.455436707 0.004657663 0.997911215 -0.064432032 -6.873941422 -0.994490743 -0.002125087 -0.104802690 77.972236633
-0.106636375 0.064977139 0.992172658 105.705459595 0.004550129 0.997883856 -0.064862140 -6.959236145 -0.994287670 -0.002402150 -0.106706373 77.848228455
-0.109064728 0.063342050 0.992014587 106.963836670 0.003824578 0.997987032 -0.063302957 -7.049171448 -0.994027317 -0.003110080 -0.109087460 77.716003418
-0.112683535 0.058235038 0.991922975 108.223854065 0.001045660 0.998287559 -0.058489915 -7.138002396 -0.993630409 -0.005553637 -0.112551466 77.589050293
-0.117086574 0.058519758 0.991396070 109.461357117 0.000541748 0.998265982 -0.058861282 -7.219330788 -0.993121505 -0.006354779 -0.116915278 77.455444336
-0.122369543 0.064526558 0.990384758 110.687171936 -0.004343431 0.997839808 -0.065548934 -7.303467274 -0.992475092 -0.012322862 -0.121824950 77.310913086
-0.129537508 0.067418911 0.989279866 111.918815613 -0.003039546 0.997654319 -0.068387628 -7.392524242 -0.991569757 -0.011865726 -0.129028723 77.159339905
-0.138085857 0.063400812 0.988388836 113.159767151 -0.001246667 0.997937083 -0.064187452 -7.485005379 -0.990419447 -0.010095573 -0.137721971 76.983573914
-0.149271861 0.061221313 0.986899137 114.379165649 0.000972323 0.998089969 -0.061768461 -7.576801777 -0.988795698 -0.008260707 -0.149046302 76.808876038
-0.162302569 0.062182382 0.984779716 115.605194092 0.000908922 0.998021364 -0.062868699 -7.663455963 -0.986740589 -0.009308661 -0.162037969 76.613227844
-0.176366732 0.062406126 0.982344270 116.827697754 0.003500614 0.998021603 -0.062773578 -7.753375530 -0.984318316 -0.007632367 -0.176236272 76.395874023
-0.190787524 0.060519800 0.979763985 118.036888123 0.004411952 0.998140335 -0.060795777 -7.839190960 -0.981621444 -0.007276405 -0.190699756 76.163871765
-0.206299663 0.062611856 0.976483583 119.238021851 0.007757390 0.998023868 -0.062354140 -7.932687759 -0.978458166 -0.005288675 -0.206377715 75.919776917
-0.221386939 0.066109471 0.972942591 120.417404175 0.008233431 0.997790635 -0.065924391 -8.018766403 -0.975151360 -0.006584145 -0.221442148 75.658760071
-0.236553743 0.069947161 0.969097316 121.583229065 0.007673405 0.997508705 -0.070124768 -8.107811928 -0.971588135 -0.009152001 -0.236501113 75.378433228
-0.252437651 0.067949042 0.965224385 122.755088806 0.003830161 0.997593701 -0.069226041 -8.198206902 -0.967605591 -0.013778294 -0.252090424 75.084396362
-0.268469959 0.061988875 0.961291373 123.935256958 -0.001632733 0.997896612 -0.064805336 -8.296306610 -0.963286698 -0.018967820 -0.267803967 74.766326904
-0.284199119 0.057751235 0.957024336 125.100563049 -0.005569948 0.998067975 -0.061882045 -8.384776115 -0.958749115 -0.022917403 -0.283328384 74.437202454
-0.299444884 0.059245232 0.952272415 126.257614136 -0.007957365 0.997880459 -0.064584948 -8.469909668 -0.954080343 -0.026917212 -0.298338741 74.092956543
-0.313855380 0.061504561 0.947476566 127.397766113 -0.008005918 0.997692764 -0.067416295 -8.552832603 -0.949437022 -0.028744387 -0.312638879 73.723762512
-0.327735573 0.063569628 0.942628324 128.545288086 -0.006511488 0.997558057 -0.069537945 -8.646395683 -0.944746971 -0.028927973 -0.326521426 73.338882446
-0.342118144 0.063468173 0.937511027 129.677352905 -0.004247202 0.997601688 -0.069086120 -8.740183830 -0.939647317 -0.027617414 -0.341028064 72.939483643
-0.355903953 0.061105639 0.932522655 130.810668945 -0.004618307 0.997732759 -0.067141280 -8.841612816 -0.934511125 -0.028202523 -0.354814827 72.514633179
-0.370285958 0.060127355 0.926969945 131.932540894 -0.004944306 0.997761130 -0.066694237 -8.928183556 -0.928904593 -0.029279165 -0.369159639 72.068176270
-0.385543257 0.060651518 0.920694172 133.021499634 -0.006482313 0.997634649 -0.068434507 -9.029508591 -0.922666967 -0.032352693 -0.384238064 71.639923096
-0.400129259 0.063006155 0.914290369 134.110778809 -0.005660398 0.997445047 -0.071213767 -9.114601135 -0.916441202 -0.033669956 -0.398750275 71.169815063
-0.415101975 0.064868808 0.907459319 135.211990356 -0.004129404 0.997310102 -0.073180623 -9.210128784 -0.909765720 -0.034124680 -0.413717508 70.681129456
-0.429471493 0.067653880 0.900542736 136.289993286 -0.000900995 0.997157276 -0.075341821 -9.307580948 -0.903080046 -0.033168547 -0.428189725 70.169944763
-0.444495171 0.070627838 0.892992556 137.380096436 -0.001675701 0.996819556 -0.079673760 -9.407140732 -0.895779669 -0.036910981 -0.442963123 69.645469666
-0.459566146 0.072862744 0.885149717 138.441390991 -0.000560488 0.996605039 -0.082328409 -9.507146835 -0.888143539 -0.038331464 -0.457965136 69.103775024
-0.475060552 0.070153899 0.877152085 139.522949219 -0.002015369 0.996727526 -0.080808938 -9.609644890 -0.879950702 -0.040156934 -0.473364472 68.540573120
-0.491332710 0.065497592 0.868505657 140.594528198 -0.004958058 0.996941924 -0.077988371 -9.714035988 -0.870957792 -0.042624347 -0.489505440 67.955993652
-0.507162035 0.065931037 0.859325111 141.668395996 -0.005163644 0.996819139 -0.079527669 -9.815364838 -0.861835182 -0.044770677 -0.505208433 67.338684082
-0.523086727 0.065143690 0.849786162 142.721527100 -0.006345009 0.996749222 -0.080315381 -9.914805412 -0.852255940 -0.047403812 -0.520972967 66.709495544
-0.538949490 0.064231552 0.839885533 143.765655518 -0.006968517 0.996714234 -0.080696933 -10.012855530 -0.842309058 -0.049344327 -0.536731124 66.048423767
-0.554514647 0.063857831 0.829720259 144.795425415 -0.008226570 0.996582031 -0.082197964 -10.117087364 -0.832133353 -0.052405730 -0.552093983 65.374847412
-0.569937170 0.063037917 0.819266617 145.827117920 -0.008330247 0.996558309 -0.082474567 -10.229557991 -0.821646035 -0.053830013 -0.567450464 64.673294067
-0.585266113 0.060504567 0.808580756 146.842636108 -0.008712835 0.996685147 -0.080886573 -10.333177567 -0.810794473 -0.054385200 -0.582798898 63.955245972
-0.600185335 0.056755286 0.797844887 147.862213135 -0.009196148 0.996923745 -0.077834785 -10.436433792 -0.799808085 -0.054052405 -0.597817183 63.202823639
-0.615134060 0.055276640 0.786482394 148.857742310 -0.008171104 0.997038603 -0.076466128 -10.540207863 -0.788380086 -0.053463370 -0.612860918 62.438030243
-0.629800260 0.053569783 0.774907708 149.835006714 -0.008914158 0.997054815 -0.076171853 -10.644168854 -0.776705980 -0.054880705 -0.627467871 61.659084320
-0.644597709 0.054687768 0.762563467 150.799697876 -0.009967805 0.996752381 -0.079908557 -10.749832153 -0.764457047 -0.059109963 -0.641959131 60.860759735
-0.659913898 0.053965092 0.749400675 151.752731323 -0.012343552 0.996503890 -0.082628839 -10.853915215 -0.751239836 -0.063778199 -0.656940758 60.046203613
-0.675938368 0.050657958 0.735215008 152.705749512 -0.014111573 0.996562004 -0.081639186 -10.965185165 -0.736823082 -0.065558098 -0.672899663 59.204803467
-0.692160130 0.043067697 0.720457852 153.636032104 -0.017627530 0.996911466 -0.076528780 -11.074837685 -0.721528649 -0.065670066 -0.689263225 58.334644318
-0.709017992 0.040593620 0.704021037 154.558135986 -0.018623523 0.996915638 -0.076237544 -11.180241585 -0.704944491 -0.067165144 -0.706075191 57.442386627
-0.726276875 0.038065463 0.686347544 155.453475952 -0.020255344 0.996846855 -0.076719753 -11.279989243 -0.687103927 -0.069621995 -0.723215818 56.522769928
-0.743873596 0.034320276 0.667438626 156.331771851 -0.023268485 0.996745110 -0.077186704 -11.389936447 -0.667915165 -0.072947428 -0.740653694 55.583145142
-0.760574758 0.032635085 0.648429751 157.181823730 -0.022775361 0.996780038 -0.076881677 -11.490314484 -0.648850858 -0.073242471 -0.757382333 54.622486115
-0.776277184 0.034783799 0.629431069 157.998031616 -0.020295542 0.996579826 -0.080103770 -11.605974197 -0.630064726 -0.074957378 -0.772916496 53.629947662
-0.791447878 0.034229912 0.610277414 158.801757812 -0.017125649 0.996796906 -0.078119099 -11.710426331 -0.610996604 -0.072278604 -0.788326681 52.618843079
-0.806271017 0.035335019 0.590489984 159.586425781 -0.012952928 0.996920466 -0.077342175 -11.830795288 -0.591404378 -0.070007332 -0.803330421 51.586448669
-0.820334673 0.036860887 0.570694625 160.314056396 -0.010988393 0.996720493 -0.080172755 -11.934860229 -0.571778178 -0.072039507 -0.817239225 50.537479401
-0.834203720 0.038111668 0.550137877 161.034515381 -0.010187749 0.996373653 -0.084473588 -12.049970627 -0.551362216 -0.076072864 -0.830790341 49.482727051
-0.847000062 0.038798891 0.530174911 161.729354858 -0.007255904 0.996396184 -0.084509522 -12.161787033 -0.531543195 -0.075426452 -0.843666196 48.399211884
-0.858680129 0.036813345 0.511188030 162.398254395 -0.006339366 0.996577680 -0.082417510 -12.272220612 -0.512472749 -0.074010864 -0.855508029 47.299362183
-0.869083703 0.038878385 0.493134886 163.036895752 -0.002985144 0.996476173 -0.083822340 -12.392774582 -0.494656056 -0.074320726 -0.865905225 46.184394836
-0.878486753 0.041648395 0.475947917 163.648864746 -0.000200807 0.996160924 -0.087540917 -12.507453918 -0.477766573 -0.076999120 -0.875105798 45.064651489
-0.887459993 0.039233580 0.459211528 164.248931885 -0.002054008 0.996023595 -0.089066632 -12.627050400 -0.460879922 -0.079986304 -0.883850574 43.928627014
-0.895755589 0.036642946 0.443034112 164.835205078 -0.002982439 0.996079206 -0.088414900 -12.749343872 -0.444536895 -0.080519445 -0.892134249 42.785228729
-0.902891159 0.034602568 0.428474277 165.397537231 -0.003931681 0.996048450 -0.088723443 -12.871201515 -0.429851264 -0.081792228 -0.899187386 41.627090454
-0.909433544 0.032758769 0.414556801 165.938018799 -0.004289989 0.996100187 -0.088124141 -12.994500160 -0.415826976 -0.081921503 -0.905746520 40.458587646
-0.915685356 0.030170172 0.400761873 166.461807251 -0.005430125 0.996158421 -0.087399922 -13.114299774 -0.401859194 -0.082207024 -0.912003934 39.294242859
-0.921292841 0.025213845 0.388051093 166.986785889 -0.007917317 0.996472597 -0.083543316 -13.243385315 -0.388788790 -0.080040179 -0.917843580 38.078342438
-0.926551640 0.021731898 0.375539035 167.493743896 -0.009333380 0.996694267 -0.080705091 -13.353056908 -0.376051575 -0.078282498 -0.923285961 36.886676788
-0.930808067 0.022433259 0.364819229 167.974548340 -0.006218971 0.996998250 -0.077174082 -13.468741417 -0.365455300 -0.074103072 -0.927874565 35.678108215
-0.934016407 0.026497021 0.356246203 168.436843872 -0.001806992 0.996882081 -0.078884125 -13.577500343 -0.357225657 -0.074322797 -0.931056380 34.482559204
-0.936261714 0.031491190 0.349888951 168.894515991 0.003475004 0.996755540 -0.080412686 -13.688119888 -0.351286054 -0.074071459 -0.933333576 33.263740540
-0.938108861 0.034615178 0.344606131 169.334991455 0.006328050 0.996539831 -0.082874328 -13.799727440 -0.346282512 -0.075564474 -0.935082078 32.069847107
-0.940046012 0.031757027 0.339565992 169.788848877 0.004226192 0.996663451 -0.081510670 -13.918052673 -0.341021508 -0.075188726 -0.937043786 30.851074219
-0.941830397 0.024601577 0.335186839 170.234085083 -0.001649439 0.996966779 -0.077808708 -14.031621933 -0.336084336 -0.073835485 -0.938933253 29.638166428
-0.943783164 0.018251790 0.330060929 170.687774658 -0.007256898 0.997090042 -0.075887837 -14.138298035 -0.330485523 -0.074016891 -0.940904260 28.419303894
-0.945342898 0.011689787 0.325868458 171.119262695 -0.014399691 0.996885657 -0.077534430 -14.241507530 -0.325759917 -0.077989042 -0.942230523 27.207782745
-0.946721017 0.009278109 0.321920931 171.553924561 -0.017524764 0.996619701 -0.080261342 -14.349808693 -0.321577460 -0.081626698 -0.943358421 25.993940353
-0.947585762 0.009148710 0.319370389 171.975708008 -0.018153580 0.996433377 -0.082406357 -14.462343216 -0.318985224 -0.083884835 -0.944040120 24.788209915
-0.947731316 0.009905028 0.318915755 172.391738892 -0.017961554 0.996276736 -0.084319688 -14.580842972 -0.318563551 -0.085640639 -0.944024742 23.566635132
-0.947649419 0.012319370 0.319075137 172.803466797 -0.016002908 0.996167302 -0.085990086 -14.698184967 -0.318911582 -0.086594589 -0.943820179 22.362506866
-0.947105825 0.013949274 0.320618123 173.214370728 -0.015009165 0.996036291 -0.087672062 -14.818828583 -0.320570201 -0.087846950 -0.943142474 21.137531281
-0.946738005 0.015263911 0.321642995 173.633941650 -0.014199912 0.995925009 -0.089059331 -14.945809364 -0.321691662 -0.088883162 -0.942663431 19.923839569
-0.946021974 0.016406411 0.323686749 174.049301147 -0.013183483 0.995943308 -0.089011081 -15.064316750 -0.323834091 -0.088473774 -0.941968083 18.725051880
-0.945125222 0.015934089 0.326319575 174.472320557 -0.013841692 0.995960176 -0.088722371 -15.192830086 -0.326415062 -0.088370569 -0.941086531 17.506938934
-0.943937719 0.014697819 0.329795867 174.899749756 -0.015603363 0.995905578 -0.089043699 -15.315628052 -0.329754293 -0.089197651 -0.939843535 16.319435120
-0.942468405 0.013292954 0.334030658 175.336959839 -0.016685883 0.996092975 -0.086719401 -15.437685966 -0.333878368 -0.087303892 -0.938564420 15.130229950
-0.940530002 0.011393764 0.339519322 175.785491943 -0.018092498 0.996338904 -0.083555147 -15.560665131 -0.339228332 -0.084728882 -0.936880469 13.938255310
-0.937951744 0.008034043 0.346672803 176.220916748 -0.021408295 0.996482790 -0.081015110 -15.671612740 -0.346104354 -0.083409950 -0.934480906 12.756076813
-0.935563982 0.010218603 0.353009522 176.677246094 -0.019744353 0.996504307 -0.081173413 -15.781205177 -0.352605015 -0.082912877 -0.932091832 11.586971283
-0.932056904 0.010725260 0.362153113 177.126556396 -0.019924313 0.996531844 -0.080790840 -15.897970200 -0.361763686 -0.082517304 -0.928610682 10.405342102
-0.928310394 0.013377719 0.371565312 177.592712402 -0.018978167 0.996344805 -0.083286703 -16.008441925 -0.371321470 -0.084367536 -0.924663484 9.252616882
-0.924090683 0.014608720 0.381893784 178.079162598 -0.018242283 0.996443927 -0.082259230 -16.124601364 -0.381737530 -0.082981601 -0.920538187 8.075923920
-0.919116676 0.017165987 0.393611282 178.570480347 -0.016976925 0.996396780 -0.083096988 -16.241273880 -0.393619537 -0.083058126 -0.915513515 6.926322937
-0.913895130 0.018658668 0.405521274 179.093032837 -0.016970906 0.996313691 -0.084088117 -16.357501984 -0.405595452 -0.083729789 -0.910209656 5.804798126
-0.907658279 0.020750858 0.419196725 179.624603271 -0.015892213 0.996361554 -0.083731696 -16.474027634 -0.419409007 -0.082661740 -0.904026031 4.648849487
-0.901127100 0.020419158 0.433073819 180.174331665 -0.016648922 0.996523738 -0.081628032 -16.579374313 -0.433235139 -0.080767445 -0.897654653 3.478683472
-0.894710362 0.022802781 0.446064353 180.742477417 -0.015297181 0.996545494 -0.081626244 -16.697992325 -0.446384758 -0.079855368 -0.891270876 2.346145630
-0.887691557 0.025290251 0.459743589 181.306640625 -0.013543755 0.996624053 -0.080974586 -16.804485321 -0.460239381 -0.078107104 -0.884352267 1.234481812
-0.880330026 0.026455468 0.473623782 181.903366089 -0.012599898 0.996787190 -0.079097703 -16.906610489 -0.474194676 -0.075599670 -0.877168119 0.123756409
-0.873003602 0.028161859 0.486900032 182.515441895 -0.010622381 0.996996701 -0.076711141 -17.011409760 -0.487598091 -0.072141126 -0.870082557 -0.960685730
-0.864118159 0.031599279 0.502296031 183.127929688 -0.006763787 0.997207761 -0.074370019 -17.122117996 -0.503243625 -0.067661904 -0.861491561 -2.054702759
-0.855756879 0.034366369 0.516235590 183.766372681 -0.004094057 0.997310400 -0.073178746 -17.223991394 -0.517362058 -0.064736687 -0.853314519 -3.079254150
-0.844760478 0.037808720 0.533807218 184.405471802 -0.000638166 0.997429192 -0.071656257 -17.323642731 -0.535144031 -0.060873043 -0.842564702 -4.132514954
-0.834371090 0.040478978 0.549714744 185.067855835 0.001822268 0.997497022 -0.070686117 -17.422077179 -0.551200092 -0.057976734 -0.832356393 -5.129829407
-0.822607100 0.042228483 0.567039907 185.756317139 0.003588109 0.997604072 -0.069088086 -17.531360626 -0.568598926 -0.054797750 -0.820787847 -6.151374817
-0.811581969 0.043977413 0.582581222 186.472961426 0.004127392 0.997569680 -0.069553941 -17.623672485 -0.584224105 -0.054044176 -0.809790969 -7.121292114
-0.798198879 0.046820149 0.600571632 187.195388794 0.006682342 0.997601807 -0.068891078 -17.719764709 -0.602356732 -0.050975569 -0.796597600 -8.108505249
-0.784586430 0.047689263 0.618182540 187.948913574 0.007843136 0.997721255 -0.067014128 -17.807374954 -0.619969606 -0.047729895 -0.783172607 -9.065521240
-0.769660115 0.050093498 0.636485815 188.720260620 0.010772712 0.997794151 -0.065502927 -17.898000717 -0.638363004 -0.043558311 -0.768501937 -9.991645813
