1.000000000 0.000000000 0.000000000 0.000000000 0.000000000 1.000000000 0.000000000 0.000000000 0.000000000 0.000000000 1.000000000 0.000000000
0.999998629 0.000766758 0.001469239 -0.006350491 -0.000760031 0.999989271 -0.004574087 -0.002357308 -0.001472730 0.004572964 0.999988437 0.963961601
0.999996662 -0.001443744 0.002153342 -0.002711181 0.001455227 0.999984682 -0.005340583 -0.000905812 -0.002145598 0.005343698 0.999983430 1.918565869
0.999993443 -0.002354519 0.002730973 -0.010424517 0.002358113 0.999996364 -0.001313891 -0.003395427 -0.002727870 0.001320322 0.999995410 2.851318359
0.999985874 -0.004894016 0.002086642 -0.007229530 0.004883679 0.999975920 0.004930500 -0.007441610 -0.002110722 -0.004920240 0.999985695 3.800323963
0.999963760 -0.008500737 0.000528086 -0.004099688 0.008498000 0.999951363 0.004985265 -0.004622046 -0.000570439 -0.004980597 0.999987423 4.738308430
0.999938369 -0.011098117 -0.000212730 -0.004650692 0.011098531 0.999936283 0.002049728 -0.000953158 0.000189968 -0.002051962 0.999997854 5.669011116
0.999929249 -0.011819987 -0.001257163 -0.006655313 0.011817952 0.999928832 -0.001614391 0.005499464 0.001276156 0.001599420 0.999997854 6.598150253
0.999935269 -0.011265095 -0.001587722 -0.015294042 0.011262208 0.999934852 -0.001816284 -0.001671745 0.001608079 0.001798285 0.999997020 7.523022175
0.999933958 -0.011160153 -0.002732602 -0.024124630 0.011160198 0.999937654 0.000000751 -0.000552655 0.002732423 -0.000031248 0.999996245 8.437602997
0.999936521 -0.010860560 -0.002987287 -0.035595693 0.010868903 0.999936998 0.002791228 0.002703214 0.002956785 -0.002823520 0.999991655 9.375260353
0.999931037 -0.011083771 -0.003893243 -0.044599466 0.011100767 0.999928892 0.004370901 0.005724560 0.003844519 -0.004413817 0.999982953 10.297563553
0.999913394 -0.012316855 -0.004655513 -0.048746180 0.012339938 0.999911547 0.004962688 0.011645623 0.004593976 -0.005019707 0.999976873 11.213026047
0.999904633 -0.012629732 -0.005589241 -0.049988579 0.012659889 0.999905288 0.005393835 0.006007791 0.005520590 -0.005464078 0.999969840 12.133678436
0.999894679 -0.013176817 -0.006087699 -0.062792912 0.013201728 0.999904513 0.004069953 0.008625355 0.006033488 -0.004149892 0.999973178 13.037163734
0.999886513 -0.013180382 -0.007297636 -0.079924740 0.013194592 0.999911129 0.001902656 0.014384402 0.007271909 -0.001998729 0.999971628 13.941005707
0.999854207 -0.014680290 -0.008714128 -0.091926754 0.014685730 0.999891996 0.000560492 0.019188216 0.008704958 -0.000688384 0.999961853 14.828692436
0.999838948 -0.014183497 -0.010996121 -0.093271956 0.014181563 0.999899328 -0.000253971 0.020911815 0.010998618 0.000097988 0.999939442 15.747678757
0.999840260 -0.012878271 -0.012392382 -0.116518967 0.012862861 0.999916434 -0.001322124 0.023155818 0.012408371 0.001162511 0.999922335 16.650018692
0.999838591 -0.011151009 -0.014091369 -0.134236768 0.011136128 0.999937296 -0.001134226 0.020207029 0.014103132 0.000977120 0.999900043 17.543560028
0.999817073 -0.012118621 -0.014799811 -0.162373364 0.012114970 0.999926567 -0.000336304 0.020225152 0.014802800 0.000156944 0.999890447 18.440341949
0.999804914 -0.011533841 -0.016035946 -0.190933377 0.011557454 0.999932170 0.001380533 0.018265963 0.016018935 -0.001565599 0.999870479 19.328626633
0.999778271 -0.010832374 -0.018053709 -0.195814118 0.010865416 0.999939442 0.001733094 0.018391378 0.018033845 -0.001928871 0.999835491 20.210407257
0.999737084 -0.011911102 -0.019591644 -0.216817304 0.011949264 0.999926865 0.001831972 0.017388338 0.019568389 -0.002065596 0.999806404 21.088380814
0.999703705 -0.011697180 -0.021349592 -0.241295055 0.011731912 0.999929965 0.001502222 0.015640885 0.021330528 -0.001752248 0.999770939 21.959310532
0.999674022 -0.011909875 -0.022582941 -0.257864594 0.011952806 0.999926925 0.001766994 0.018513078 0.022560248 -0.002036347 0.999743402 22.821743011
0.999662399 -0.011640658 -0.023229275 -0.282747716 0.011724971 0.999925137 0.003496725 0.024210121 0.023186836 -0.003767907 0.999724030 23.676836014
0.999619544 -0.012909135 -0.024376180 -0.300957918 0.013066225 0.999894857 0.006296252 0.027008832 0.024292331 -0.006612361 0.999683022 24.523435593
0.999603987 -0.013108286 -0.024899630 -0.326541543 0.013306825 0.999880850 0.007824692 0.031382203 0.024794096 -0.008152928 0.999659300 25.359848022
0.999595165 -0.012281621 -0.025665380 -0.348109841 0.012454847 0.999900639 0.006600477 0.031776667 0.025581772 -0.006917463 0.999648750 26.193695068
0.999603510 -0.010679600 -0.026059128 -0.380941153 0.010779468 0.999935091 0.003694889 0.039306473 0.026017977 -0.003974327 0.999653578 26.999954224
0.999578655 -0.010146973 -0.027195390 -0.402262211 0.010209699 0.999945581 0.002168668 0.040886909 0.027171902 -0.002445410 0.999627769 27.804416656
0.999558389 -0.009318870 -0.028216556 -0.425806642 0.009372409 0.999954522 0.001765761 0.043627635 0.028198820 -0.002029438 0.999600232 28.597520828
0.999517620 -0.009294547 -0.029632770 -0.450003445 0.009337792 0.999955535 0.001321288 0.043196261 0.029619170 -0.001597356 0.999559999 29.384607315
0.999454379 -0.009299506 -0.031692721 -0.479070395 0.009321085 0.999956429 0.000533211 0.041201390 0.031686384 -0.000828330 0.999497533 30.160854340
0.999398649 -0.009323147 -0.033397797 -0.509173274 0.009343464 0.999956250 0.000452296 0.041585322 0.033392120 -0.000764075 0.999442041 30.931245804
0.999327362 -0.009407341 -0.035444818 -0.537425578 0.009465351 0.999954045 0.001469098 0.046434071 0.035429373 -0.001803607 0.999370575 31.688276291
0.999235690 -0.009690659 -0.037869878 -0.561960697 0.009840207 0.999944508 0.003764653 0.049376681 0.037831292 -0.004134424 0.999275625 32.445579529
0.999186516 -0.008402062 -0.039441451 -0.604380250 0.008617134 0.999948919 0.005286163 0.050661355 0.039395016 -0.005621735 0.999207914 33.180301666
0.999105632 -0.007607410 -0.041592129 -0.632884622 0.007841255 0.999954283 0.005462105 0.048612431 0.041548673 -0.005783354 0.999119759 33.923973083
0.999042928 -0.005284502 -0.043418806 -0.673437178 0.005487637 0.999974608 0.004560665 0.051295400 0.043393593 -0.004794567 0.999046624 34.630573273
0.998958051 -0.003407907 -0.045508530 -0.707969725 0.003591077 0.999985814 0.003943843 0.053498387 0.045494445 -0.004103160 0.998956144 35.344135284
0.998893619 -0.003178472 -0.046919875 -0.740375459 0.003417164 0.999981582 0.005007882 0.056335188 0.046903096 -0.005162674 0.998886108 36.053764343
0.998851180 -0.001722366 -0.047888499 -0.784278572 0.002058988 0.999973476 0.006980857 0.058321819 0.047875207 -0.007071439 0.998828292 36.730659485
0.998843551 0.001307651 -0.048062403 -0.821204126 -0.000963492 0.999973774 0.007183137 0.065569207 0.048070535 -0.007128522 0.998818576 37.425548553
0.998888731 0.003844675 -0.046971969 -0.852350831 -0.003599101 0.999979436 0.005311546 0.065858573 0.046991419 -0.005136587 0.998882115 38.091625214
0.998969793 0.005781535 -0.045011315 -0.891583145 -0.005693908 0.999981642 0.002074751 0.069940068 0.045022484 -0.001816323 0.998984337 38.732772827
0.999047816 0.005965054 -0.043219365 -0.917348027 -0.005962973 0.999982178 0.000177057 0.077112146 0.043219659 0.000080829 0.999065578 39.388050079
0.999174058 0.007120945 -0.040006340 -0.948119700 -0.007084495 0.999974430 0.001052783 0.077505916 0.040012810 -0.000768488 0.999198854 40.031150818
0.999242902 0.011704045 -0.037103496 -0.975592136 -0.011576204 0.999926269 0.003658535 0.078617424 0.037143592 -0.003226247 0.999304712 40.676132202
0.999324322 0.015757114 -0.033206187 -1.003503799 -0.015518137 0.999851882 0.007442263 0.076709434 0.033318538 -0.006921935 0.999420762 41.300903320
0.999367595 0.020968268 -0.028720889 -1.032067657 -0.020738509 0.999750674 0.008274404 0.081667691 0.028887238 -0.007673545 0.999553263 41.902721405
0.999411881 0.024653416 -0.023832597 -1.047445059 -0.024454918 0.999664068 0.008584784 0.087809801 0.024036240 -0.007996911 0.999679089 42.492866516
0.999431670 0.028590295 -0.017858129 -1.063119173 -0.028409438 0.999543309 0.010300395 0.091882288 0.018144464 -0.009787202 0.999787450 43.062320709
0.999365211 0.033722069 -0.011490447 -1.073386669 -0.033593711 0.999372959 0.011186482 0.099427491 0.011860475 -0.010793375 0.999871373 43.612335205
0.999320626 0.036595136 -0.004381339 -1.081298232 -0.036544818 0.999270856 0.011061700 0.098805040 0.004782951 -0.010894069 0.999929130 44.141754150
0.999202907 0.039829735 0.002682811 -1.079369783 -0.039857231 0.999143481 0.011120326 0.099981666 -0.002237594 -0.011218392 0.999934554 44.655567169
0.998965740 0.044321939 0.010149021 -1.078503609 -0.044428065 0.998957634 0.010480974 0.103872806 -0.009673906 -0.010921035 0.999893486 45.143711090
0.998635530 0.048879482 0.018382417 -1.086213827 -0.049037151 0.998763025 0.008225989 0.102145076 -0.017957598 -0.009116184 0.999797165 45.635616302
0.998340011 0.051137690 0.026501805 -1.078163266 -0.051290248 0.998670697 0.005108458 0.106047824 -0.026205342 -0.006459260 0.999635696 46.081142426
0.998079121 0.051532153 0.034387905 -1.063351274 -0.051731281 0.998648942 0.004925689 0.106990740 -0.034087613 -0.006695156 0.999396324 46.507312775
0.997831464 0.050771032 0.041889742 -1.034180999 -0.051075183 0.998675466 0.006222100 0.109648913 -0.041518353 -0.008348133 0.999102771 46.910762787
0.997392535 0.052271191 0.049758475 -1.009956598 -0.052678902 0.998587549 0.006917206 0.108265489 -0.049326636 -0.009520392 0.998737276 47.298011780
0.996752083 0.055083364 0.058747124 -0.992519140 -0.055593420 0.998428404 0.007082286 0.109409645 -0.058264676 -0.010325238 0.998247802 47.659095764
0.995918274 0.060027406 0.067405604 -0.971618176 -0.060605031 0.998140335 0.006555596 0.109578788 -0.066886738 -0.010613956 0.997704148 47.981876373
0.995041788 0.063851759 0.076254629 -0.951132059 -0.064537123 0.997893751 0.006555148 0.110188782 -0.075675458 -0.011443900 0.997066855 48.285549164
0.994329870 0.063020267 0.085653491 -0.920736790 -0.063879080 0.997930765 0.007320307 0.106303275 -0.085014924 -0.012750264 0.996298134 48.564758301
0.993432999 0.061807003 0.096284874 -0.882373333 -0.062611394 0.998023629 0.005352585 0.107927054 -0.095763743 -0.011345964 0.995339453 48.841751099
0.992305815 0.060488962 0.108028881 -0.847743034 -0.060951874 0.998140156 0.000985196 0.104021132 -0.107768379 -0.007562178 0.994147241 49.099849701
0.990702689 0.061558183 0.121321104 -0.806285381 -0.061632007 0.998093963 -0.003147560 0.104911804 -0.121283635 -0.004358967 0.992608309 49.367321014
0.988597095 0.063103661 0.136724800 -0.765781403 -0.062954791 0.998001635 -0.005416971 0.103393584 -0.136793405 -0.003252279 0.990594268 49.629981995
0.986101568 0.064940773 0.152925581 -0.715620995 -0.064685144 0.997883558 -0.006651682 0.099303931 -0.153033882 -0.003332775 0.988215327 49.883026123
0.983277380 0.065606773 0.169886440 -0.661960602 -0.065222494 0.997839868 -0.007847881 0.098296702 -0.170034319 -0.003363773 0.985432386 50.140037537
0.980023921 0.064466871 0.188141033 -0.603044510 -0.063875854 0.997915387 -0.009209150 0.099255681 -0.188342541 -0.002992484 0.982098758 50.398437500
0.976185083 0.063659817 0.207388654 -0.535340309 -0.063069649 0.997964203 -0.009463315 0.095649630 -0.207568899 -0.003841982 0.978212893 50.638900757
0.971682429 0.063781522 0.227519691 -0.462144852 -0.063016869 0.997955859 -0.010631026 0.091985345 -0.227732718 -0.004007596 0.973715365 50.878646851
0.966370344 0.066115931 0.248509511 -0.383951187 -0.064925410 0.997805536 -0.012992863 0.090302289 -0.248823225 -0.003578664 0.968542278 51.119510651
0.960185409 0.067256935 0.271146208 -0.298007965 -0.065625429 0.997730196 -0.015090374 0.087553442 -0.271545708 -0.003304524 0.962419868 51.358264923
0.952819347 0.068749122 0.295649886 -0.209689140 -0.066984087 0.997624040 -0.016107036 0.077609897 -0.296054810 -0.004456745 0.955160499 51.598449707
0.944319606 0.071508393 0.321165115 -0.109946251 -0.069750652 0.997419775 -0.016991181 0.070821047 -0.321551442 -0.006356374 0.946870744 51.835166931
0.934455693 0.073483407 0.348414600 -0.001125336 -0.071707517 0.997263134 -0.018009566 0.061728358 -0.348784417 -0.008154806 0.937167406 52.072803497
0.923286676 0.074196301 0.376877815 0.120458603 -0.072154202 0.997201741 -0.019554576 0.056672812 -0.377274096 -0.009138843 0.926056564 52.312602997
0.910710037 0.072148278 0.406696320 0.259609222 -0.069348082 0.997357786 -0.021641824 0.046040297 -0.407183141 -0.008494184 0.913307071 52.546951294
0.895816386 0.069644853 0.438933492 0.411375046 -0.065598808 0.997547746 -0.024399098 0.039483309 -0.439556390 -0.006936403 0.898188174 52.779682159
0.878571868 0.068667389 0.472648203 0.563690186 -0.062614478 0.997629344 -0.028548323 0.028983831 -0.473488122 -0.004512870 0.880788684 52.990638733
0.859062433 0.070501596 0.506992221 0.725034714 -0.061914664 0.997508883 -0.033802085 0.022698522 -0.508112431 -0.002352151 0.861287653 53.212467194
0.837342024 0.072496407 0.541851044 0.913133621 -0.061532978 0.997367859 -0.038352665 0.014218450 -0.543205321 -0.001227413 0.839599013 53.439781189
0.812715530 0.075157672 0.577793002 1.107126236 -0.062351864 0.997169733 -0.042005759 0.003942251 -0.579314709 -0.001887735 0.815101683 53.664611816
0.785187364 0.079202943 0.614172518 1.317188263 -0.065379858 0.996846735 -0.044967443 -0.008225441 -0.615797400 -0.004846645 0.787889600 53.898693085
0.755178809 0.083923213 0.650124550 1.543498993 -0.069371358 0.996433258 -0.048046328 -0.020078421 -0.651837826 -0.008816449 0.758307219 54.128852844
0.722232103 0.084915906 0.686418295 1.808776855 -0.068891667 0.996331513 -0.050768778 -0.037290812 -0.688211203 -0.010621664 0.725432694 54.365676880
0.685630918 0.082374357 0.723273575 2.082149506 -0.065269440 0.996531427 -0.051623438 -0.058356524 -0.725017309 -0.011813035 0.688629329 54.582794189
0.646554708 0.080739886 0.758582950 2.377277374 -0.062142439 0.996653020 -0.053113725 -0.080727339 -0.760332346 -0.012799267 0.649408102 54.791000366
0.604010284 0.080022886 0.792948902 2.710248947 -0.060056668 0.996687531 -0.054837044 -0.103607774 -0.794710398 -0.014499724 0.606815457 55.009849548
0.557544351 0.080234982 0.826260626 3.071155548 -0.056632333 0.996675670 -0.058568951 -0.118698597 -0.828213155 -0.014138277 0.560234845 55.224918365
0.508770525 0.078926548 0.857276618 3.437397003 -0.053611573 0.996760607 -0.059951335 -0.145950556 -0.859231234 -0.015458468 0.511353970 55.416954041
0.460579634 0.077226833 0.884252489 3.881402969 -0.051481511 0.996855080 -0.060245946 -0.163976669 -0.886124194 -0.017774602 0.463106871 55.609561920
0.411407679 0.074913360 0.908367634 4.318897247 -0.050532248 0.996958435 -0.059332971 -0.184812784 -0.910049558 -0.021491811 0.413941890 55.770515442
0.360798061 0.074644893 0.929652035 4.771909714 -0.053783841 0.996798396 -0.059162781 -0.208947778 -0.931091905 -0.028654432 0.363657653 55.932811737
0.310903907 0.075488411 0.947438776 5.233911514 -0.052260138 0.996690512 -0.062263370 -0.227474213 -0.949003518 -0.030155359 0.313820034 56.068664551
0.264244348 0.071940139 0.961769104 5.714746475 -0.040683065 0.997157931 -0.063409656 -0.258772850 -0.963597417 -0.022372060 0.266420126 56.150661469
0.220188439 0.066386662 0.973195672 6.230877876 -0.027188700 0.997711480 -0.061907500 -0.282933533 -0.975078344 -0.012828603 0.221489534 56.225776672
0.177700803 0.065251164 0.981918812 6.741363525 -0.018720683 0.997842908 -0.062921397 -0.316537619 -0.983906627 -0.007201004 0.178538993 56.287490845
0.139231995 0.066652827 0.988013983 7.269994736 -0.015227040 0.997758448 -0.065164387 -0.339799464 -0.990142763 -0.005971565 0.139934778 56.338832855
0.106459841 0.067546777 0.992020071 7.820682049 -0.006770356 0.997716010 -0.067208052 -0.374558926 -0.994293928 0.000438627 0.106673993 56.375724792
0.077695332 0.065744564 0.994806945 8.385950089 0.000490759 0.997820795 -0.065982051 -0.413839549 -0.996977031 0.005614706 0.077493720 56.395961761
0.052733913 0.064113759 0.996548295 8.932559013 0.007688181 0.997881234 -0.064606346 -0.442054957 -0.998579025 0.011068590 0.052129257 56.399791718
0.032593872 0.063174941 0.997470140 9.516029358 0.012304112 0.997899294 -0.063604198 -0.471099854 -0.999392927 0.014346092 0.031748101 56.406417847
0.016891409 0.064845972 0.997752249 10.107720375 0.015195654 0.997762680 -0.065103903 -0.501648486 -0.999741852 0.016261196 0.015868250 56.402782440
0.003144946 0.065002896 0.997880042 10.702838898 0.015499096 0.997762024 -0.065044053 -0.532736719 -0.999874949 0.015670801 0.002130423 56.400367737
-0.008016904 0.065708086 0.997806787 11.316224098 0.016776269 0.997707129 -0.065566748 -0.569038630 -0.999827147 0.016213831 -0.009100857 56.384967804
-0.017048176 0.068567485 0.997500777 11.937773705 0.021785425 0.997434437 -0.068190582 -0.604175091 -0.999617338 0.020568449 -0.018498212 56.367202759
-0.023347920 0.070171110 0.997261643 12.569171906 0.025861671 0.997242212 -0.069564238 -0.643417776 -0.999392867 0.024166673 -0.025098275 56.340118408
-0.028212152 0.069946229 0.997151673 13.226303101 0.026026903 0.997262001 -0.069217585 -0.672470570 -0.999263048 0.023999998 -0.029955389 56.322475433
-0.031926569 0.067243554 0.997225642 13.883275032 0.023596367 0.997506797 -0.066507079 -0.709798038 -0.999211609 0.021407560 -0.033433676 56.309143066
-0.034450009 0.060261503 0.997587919 14.564411163 0.021508370 0.997993946 -0.059543263 -0.745773435 -0.999174893 0.019405225 -0.035677027 56.290504456
-0.035744715 0.054414358 0.997878492 15.255086899 0.022678832 0.998303592 -0.053625166 -0.784129620 -0.999103487 0.020713905 -0.036918130 56.270114899
-0.036126606 0.052130550 0.997986615 15.951694489 0.025581814 0.998359501 -0.051223986 -0.815157950 -0.999019682 0.023679761 -0.037400939 56.227233887
-0.036030304 0.054416485 0.997868061 16.643539429 0.028899491 0.998155475 -0.053388678 -0.852124095 -0.998932779 0.026914263 -0.037536453 56.200233459
-0.034981634 0.061829858 0.997473598 17.346427917 0.029796775 0.997705162 -0.060799234 -0.884804845 -0.998943686 0.027594637 -0.036743693 56.176834106
-0.033041902 0.070045181 0.996996462 18.052831650 0.030425766 0.997149289 -0.069047555 -0.917445183 -0.998990715 0.028052917 -0.035078894 56.157989502
-0.030725032 0.070588931 0.997032225 18.780168533 0.031207886 0.997084498 -0.069630913 -0.956684947 -0.999040544 0.028975856 -0.032838389 56.139015198
-0.028523086 0.066426083 0.997383595 19.536436081 0.030704482 0.997376919 -0.065547571 -0.994922996 -0.999121428 0.028754527 -0.030487847 56.108291626
-0.025907056 0.060051594 0.997859061 20.275581360 0.030350992 0.997781098 -0.059258915 -1.037757277 -0.999203503 0.028750783 -0.027672201 56.088920593
-0.023016829 0.058249634 0.998036623 21.016851425 0.028773671 0.997926176 -0.057579596 -1.082689404 -0.999320924 0.027391881 -0.024645146 56.079082489
-0.019779272 0.063789949 0.997767448 21.759605408 0.035782084 0.997368395 -0.063055135 -1.126462698 -0.999163806 0.034455009 -0.022009764 56.062641144
-0.016987236 0.069359779 0.997447133 22.493154526 0.037686504 0.996926546 -0.068681747 -1.169166088 -0.999145150 0.036423583 -0.019548953 56.056423187
-0.014565425 0.069768704 0.997456849 23.233125687 0.031871133 0.997088194 -0.069277503 -1.210897207 -0.999385774 0.030781025 -0.016746622 56.054187775
-0.011539029 0.066388547 0.997727096 23.974794388 0.027361080 0.997440875 -0.066053063 -1.252123237 -0.999558926 0.026536707 -0.013325963 56.060821533
-0.006509844 0.062616013 0.998016477 24.718935013 0.031651627 0.997550428 -0.062380329 -1.304024935 -0.999477744 0.031182755 -0.008475797 56.047779083
-0.002908976 0.063686721 0.997965693 25.457231522 0.036152229 0.997324288 -0.063540407 -1.351249456 -0.999342084 0.035893843 -0.005203609 56.036670685
-0.000225653 0.068011984 0.997684598 26.193893433 0.035786908 0.997045934 -0.067960382 -1.401666164 -0.999359429 0.035688709 -0.002658925 56.033676147
0.003830068 0.068817273 0.997621953 26.937166214 0.032165729 0.997104585 -0.068905078 -1.443888187 -0.999475121 0.032353152 0.001605420 56.044025421
0.007727350 0.068088777 0.997649312 27.675636292 0.031375159 0.997171342 -0.068299197 -1.491623044 -0.999477744 0.031829171 0.005569196 56.049076080
0.011151887 0.065146297 0.997813404 28.439037323 0.035232771 0.997230232 -0.065501995 -1.540095925 -0.999316871 0.035886206 0.008825716 56.054393768
0.014743445 0.065710023 0.997729838 29.178947449 0.039845053 0.997007132 -0.066251203 -1.586878657 -0.999097109 0.040731378 0.012081100 56.058643341
0.018570224 0.066759504 0.997596204 29.928310394 0.042486440 0.996814370 -0.067498066 -1.631404400 -0.998924494 0.043637767 0.015674695 56.070724487
0.020910453 0.066448249 0.997570872 30.690431595 0.042660184 0.996820867 -0.067292511 -1.682885170 -0.998870730 0.043963674 0.018009285 56.089511871
0.024577236 0.064830631 0.997593582 31.439292908 0.044196304 0.996848881 -0.065871082 -1.730581045 -0.998720467 0.045708880 0.021634515 56.107780457
0.028193656 0.064125538 0.997543514 32.182994843 0.046002787 0.996799648 -0.065377899 -1.773985863 -0.998543322 0.047733031 0.025153473 56.130599976
0.030986410 0.064396255 0.997443199 32.940223694 0.044476498 0.996845067 -0.065739356 -1.819221973 -0.998529792 0.046399809 0.028024532 56.157535553
0.034227468 0.066291504 0.997213185 33.717842102 0.041750692 0.996831834 -0.067699164 -1.865249157 -0.998541594 0.043951504 0.031351317 56.184875488
0.037255310 0.066724703 0.997075617 34.475372314 0.043613795 0.996709049 -0.068329774 -1.905476332 -0.998353481 0.046031896 0.034222580 56.208866119
0.040073525 0.066677190 0.996969461 35.243942261 0.041302368 0.996807694 -0.068326525 -1.950503588 -0.998342693 0.043915279 0.037191667 56.244792938
0.042109340 0.066455647 0.996900439 35.989849091 0.039721154 0.996885300 -0.068132468 -2.002295017 -0.998323083 0.042467039 0.039338484 56.288253784
0.045237403 0.066730216 0.996745050 36.767860413 0.036615893 0.996985376 -0.068408109 -2.052606344 -0.998304904 0.039591316 0.042657636 56.327087402
0.047942650 0.068728477 0.996482790 37.515453339 0.035605054 0.996878445 -0.070468783 -2.097000599 -0.998215258 0.038858283 0.045345906 56.370315552
0.051700342 0.072818249 0.996004343 38.280048370 0.034485299 0.996613204 -0.074652806 -2.139164925 -0.998067021 0.038207088 0.049014088 56.408740997
0.054555558 0.074242249 0.995746851 39.046031952 0.034979742 0.996477842 -0.076213256 -2.201230049 -0.997897804 0.038988829 0.051766433 56.460861206
0.057354074 0.076108329 0.995448589 39.811935425 0.028818615 0.996548235 -0.077852838 -2.257911205 -0.997937858 0.033152632 0.054962769 56.516204834
0.059906766 0.075956479 0.995309889 40.601127625 0.024807388 0.996679485 -0.077554129 -2.300928116 -0.997895598 0.029337058 0.057823565 56.575946808
0.063985161 0.076204993 0.995037079 41.377296448 0.027310211 0.996573031 -0.078078791 -2.359312057 -0.997576952 0.032170553 0.061684728 56.625762939
0.067689903 0.077727169 0.994674087 42.150108337 0.026341652 0.996473968 -0.079660416 -2.413704872 -0.997358680 0.031593565 0.065403759 56.681053162
0.071049884 0.079002410 0.994339287 42.934223175 0.022343032 0.996482372 -0.080769211 -2.466289759 -0.997222483 0.027955193 0.069034807 56.757118225
0.075414106 0.076722726 0.994196296 43.722991943 0.021353556 0.996682823 -0.078534342 -2.523699760 -0.996923625 0.027152225 0.073525622 56.811893463
0.080322616 0.076747976 0.993809879 44.520145416 0.021579197 0.996663868 -0.078712456 -2.585542440 -0.996535301 0.027768008 0.078398488 56.878173828
0.085817069 0.080097251 0.993086040 45.307857513 0.018413084 0.996465445 -0.081960961 -2.645883083 -0.996140718 0.025319424 0.084038913 56.951637268
0.090969697 0.088823847 0.991884410 46.104259491 0.016132843 0.995752156 -0.090649799 -2.706414700 -0.995722950 0.024248298 0.089150280 57.038085938
0.098511212 0.093846403 0.990700960 46.899501801 0.014779533 0.995295584 -0.095751248 -2.766974688 -0.995026171 0.024074666 0.096660770 57.120433807
0.105991602 0.096978337 0.989626706 47.709838867 0.010283153 0.995072663 -0.098613374 -2.834098339 -0.994313776 0.020628674 0.104472101 57.215248108
0.112674735 0.094876863 0.989091814 48.510559082 0.006425672 0.995340586 -0.096208222 -2.910881042 -0.993611157 0.017195815 0.111540072 57.319366455
0.120046414 0.093404330 0.988364518 49.318084717 0.006267399 0.995473027 -0.094837338 -2.981071711 -0.992748499 0.017579358 0.118917562 57.427642822
0.127827972 0.089657515 0.987735569 50.149726868 0.005955186 0.995818257 -0.091161892 -3.054347992 -0.991778433 0.017535187 0.126759499 57.538139343
0.135005742 0.083926700 0.987283945 50.950279236 0.003989838 0.996352255 -0.085243151 -3.125660896 -0.990836680 0.015447421 0.134178415 57.657463074
0.142172769 0.076702476 0.986865520 51.750392914 0.000478204 0.996987700 -0.077558093 -3.192199230 -0.989841700 0.011498571 0.141707823 57.773822784
0.149662107 0.074056037 0.985959947 52.561420441 0.000439810 0.997186065 -0.074965999 -3.258220196 -0.988737106 0.011653205 0.149208382 57.905391693
0.157052606 0.075979836 0.984663188 53.355579376 0.000393926 0.997031152 -0.076997034 -3.315872192 -0.987590134 0.012480468 0.156556427 58.036994934
0.161991924 0.082681276 0.983322084 54.138710022 0.000083508 0.996482432 -0.083801605 -3.382223606 -0.986792088 0.013657298 0.161415190 58.184806824
0.167629167 0.086609863 0.982038260 54.911117554 -0.000968908 0.996147454 -0.087688819 -3.431162834 -0.985849738 0.013747695 0.167067260 58.313133240
0.172968373 0.088982999 0.980899572 55.675708771 -0.002003629 0.995940208 -0.089994118 -3.504733562 -0.984925330 0.013600779 0.172444463 58.443550110
0.178313091 0.088519208 0.979984105 56.453735352 -0.004462212 0.996007800 -0.089154668 -3.572925806 -0.983963609 0.011524547 0.177996233 58.592731476
0.183589116 0.085214384 0.979302585 57.217674255 -0.000526674 0.996243954 -0.086589798 -3.641243219 -0.983002961 0.015381171 0.182944402 58.733963013
0.188184589 0.079269961 0.978929460 57.983230591 0.000091859 0.996735990 -0.080729522 -3.693273306 -0.982133627 0.015281973 0.187563062 58.882095337
0.191979125 0.072979823 0.978681803 58.733783722 -0.001573715 0.997252882 -0.074055955 -3.753925323 -0.981397748 0.012677032 0.191566572 59.031257629
0.194604844 0.069385819 0.978424489 59.460327148 -0.005109974 0.997553110 -0.069725990 -3.816159248 -0.980868399 0.008569292 0.194483206 59.192085266
0.197835714 0.069501579 0.977768123 60.189064026 -0.006519550 0.997554481 -0.069588885 -3.868510246 -0.980213523 0.007392560 0.197805032 59.343688965
0.199884221 0.071515389 0.977206171 60.905853271 -0.008434115 0.997421503 -0.071269639 -3.917544365 -0.979783237 0.006003808 0.199971974 59.498386383
0.201278582 0.075954176 0.976584792 61.605934143 -0.013248422 0.997109115 -0.074819893 -3.975758553 -0.979444444 0.002121431 0.201702952 59.654697418
0.203765392 0.080441847 0.975709319 62.312416077 -0.013913637 0.996755898 -0.079271331 -4.022158146 -0.978920877 0.002577086 0.204223618 59.806564331
0.205363363 0.085459746 0.974947393 63.008159637 -0.014145277 0.996335447 -0.084354945 -4.081600189 -0.978583574 0.003532515 0.205819622 59.967681885
0.207235843 0.087492310 0.974370778 63.670269012 -0.013436855 0.996153355 -0.086590409 -4.134835243 -0.978198707 0.004852155 0.207614303 60.111579895
0.208519101 0.087089293 0.974133193 64.334114075 -0.015818415 0.996197462 -0.085675858 -4.195621490 -0.977890372 0.002455814 0.209103853 60.258789062
0.209059730 0.084163882 0.974274278 64.998291016 -0.015710328 0.996449888 -0.082708418 -4.251296043 -0.977776766 0.001984833 0.209639817 60.405097961
0.210045487 0.081814609 0.974262416 65.659629822 -0.015637029 0.996646166 -0.080323055 -4.305287361 -0.977566540 0.001636925 0.210620388 60.548042297
0.210324854 0.080197878 0.974336565 66.310089111 -0.013740802 0.996773660 -0.079078540 -4.355275154 -0.977534950 0.003244016 0.210748270 60.684120178
0.208486423 0.079725929 0.974770308 66.939422607 -0.014252438 0.996813774 -0.078480497 -4.404582977 -0.977921367 0.002469267 0.208958462 60.825897217
0.206811458 0.080392763 0.975072324 67.554229736 -0.016096774 0.996763051 -0.078767031 -4.466633320 -0.978248417 0.000594401 0.207436055 60.960716248
0.204482019 0.083202004 0.975327969 68.162399292 -0.016843224 0.996532619 -0.081479654 -4.517575741 -0.978725314 0.000233456 0.205174401 61.093032837
0.202215806 0.086963795 0.975472271 68.758132935 -0.014729108 0.996207118 -0.085758962 -4.568877220 -0.979230165 0.002973981 0.202729717 61.216415405
0.200616539 0.087552682 0.975749731 69.365837097 -0.012519147 0.996146262 -0.086808890 -4.617205620 -0.979589820 0.005199743 0.200939521 61.348304749
0.198491901 0.086594626 0.976269603 69.947891235 -0.012770965 0.996233225 -0.085768841 -4.658149242 -0.980019331 0.004556518 0.198850080 61.458679199
0.196043611 0.083759144 0.977011502 70.534545898 -0.013143024 0.996480286 -0.082790986 -4.706525326 -0.980507076 0.003389758 0.196454436 61.578414917
0.193949506 0.079482608 0.977786362 71.109481812 -0.012479282 0.996831596 -0.078555427 -4.759307861 -0.980932117 0.003033716 0.194326892 61.695220947
0.192062661 0.078427054 0.978243887 71.671432495 -0.009191122 0.996901751 -0.078118332 -4.811908722 -0.981339574 0.006012456 0.192188397 61.802619934
0.190333948 0.080323420 0.978427887 72.218414307 -0.005424599 0.996718049 -0.080769688 -4.850082874 -0.981704414 0.010065635 0.190145001 61.905612946
0.187912479 0.082248479 0.978736043 72.768081665 -0.001140768 0.996505320 -0.083522715 -4.892420769 -0.982185125 0.014578449 0.187349647 62.008529663
0.186069176 0.084155239 0.978926063 73.312858582 -0.001853248 0.996353507 -0.085301176 -4.934333801 -0.982534945 0.014057728 0.185546666 62.111778259
0.184520319 0.086968035 0.978973269 73.853645325 -0.002426111 0.996114552 -0.088033512 -4.976698875 -0.982825696 0.013868873 0.184014395 62.216873169
0.183649436 0.085103989 0.979300857 74.404685974 -0.000221849 0.996248782 -0.086535200 -5.027392387 -0.982991695 0.015674885 0.182979420 62.315078735
0.184991673 0.083916992 0.979150653 74.959541321 0.005346263 0.996246934 -0.086392276 -5.066340446 -0.982725441 0.021216648 0.183848754 62.401405334
0.186949000 0.081519499 0.978981376 75.497497559 0.010953061 0.996316075 -0.085054569 -5.111757278 -0.982308567 0.026623713 0.185367391 62.499572754
0.189207539 0.080554664 0.978627324 76.048736572 0.013646055 0.996317267 -0.084649123 -5.160518646 -0.981842339 0.029370662 0.187411532 62.599449158
0.192422256 0.080418564 0.978011549 76.605819702 0.011186407 0.996391952 -0.084130846 -5.202436447 -0.981248438 0.027129084 0.190828413 62.717792511
0.197682127 0.080918394 0.976920664 77.158096313 0.010047424 0.996367514 -0.084562302 -5.249844074 -0.980214655 0.026531991 0.196151033 62.840427399
0.204080850 0.080184236 0.975664675 77.725051880 0.010995716 0.996389270 -0.084187463 -5.289393902 -0.978892326 0.027909184 0.202462271 62.970058441
0.212200761 0.080501467 0.973904788 78.296791077 0.009309057 0.996389449 -0.084388353 -5.329891205 -0.977181792 0.026973413 0.210685253 63.091239929
0.220512003 0.078460649 0.972223461 78.862640381 0.009478572 0.996539950 -0.082572915 -5.374914646 -0.975338161 0.027423609 0.219005316 63.233940125
0.228713021 0.078134321 0.970353186 79.429702759 0.005672756 0.996649921 -0.081588835 -5.421883583 -0.973477364 0.024165004 0.227503568 63.372985840
0.238406867 0.077929527 0.968033612 80.011840820 0.004609180 0.996673286 -0.081370234 -5.465800285 -0.971154392 0.023861066 0.237254545 63.523925781
0.247788742 0.081584275 0.965372860 80.596916199 -0.000931167 0.996467590 -0.083973102 -5.513979912 -0.968813658 0.019908665 0.246989429 63.695068359
0.257160366 0.083698273 0.962737262 81.202018738 -0.004274869 0.996330976 -0.085476942 -5.559553623 -0.966359198 0.017865710 0.256574631 63.874671936
0.268143088 0.086248003 0.959510624 81.795219421 -0.008003803 0.996149540 -0.087304644 -5.604623795 -0.963345826 0.015730405 0.267800927 64.052650452
0.278122693 0.088545606 0.956455588 82.401763916 -0.009847835 0.995952606 -0.089338504 -5.651864052 -0.960495055 0.015428043 0.277868986 64.241928101
0.287807584 0.089394160 0.953506947 83.022438049 -0.012818993 0.995904326 -0.089499764 -5.700644493 -0.957602441 0.013535706 0.287774801 64.445770264
0.298052520 0.089611098 0.950333893 83.652725220 -0.013717835 0.995882928 -0.089603812 -5.754962921 -0.954450905 0.013670119 0.298054665 64.651123047
0.308294594 0.090640455 0.946962833 84.295967102 -0.017850192 0.995826244 -0.089506194 -5.801605225 -0.951123416 0.010690804 0.308625847 64.875213623
0.318853110 0.086362422 0.943861365 84.931266785 -0.018032692 0.996212542 -0.085060753 -5.845580101 -0.947632611 0.010101520 0.319202811 65.094612122
0.329453826 0.079121016 0.940850616 85.592559814 -0.014151602 0.996784568 -0.078869373 -5.897784233 -0.944065571 0.012669270 0.329514116 65.331924438
0.340695739 0.074709669 0.937200606 86.263412476 -0.012618119 0.997111380 -0.074898496 -5.948107719 -0.940088868 0.013691889 0.340654284 65.576538086
0.350872070 0.071700834 0.933674335 86.940055847 -0.013590981 0.997349203 -0.071483247 -5.995426178 -0.936324775 0.012391920 0.350916386 65.839874268
0.360197961 0.069015615 0.930319488 87.626945496 -0.006871304 0.997428834 -0.071333706 -6.038606644 -0.932850540 0.019301752 0.359746069 66.108337402
0.368924141 0.063819595 0.927265882 88.329612732 -0.000578898 0.997655511 -0.068433873 -6.078160763 -0.929459333 0.024710119 0.368096203 66.382347107
0.375956923 0.054334804 0.925042808 89.048141479 0.009029633 0.998017251 -0.062290974 -6.122428894 -0.926593244 0.031771518 0.374720871 66.664337158
0.383018494 0.049853131 0.922394454 89.756256104 0.014350157 0.998100936 -0.059903700 -6.164837360 -0.923629224 0.036180727 0.381575733 66.954566956
0.390154898 0.049583733 0.919413149 90.461059570 0.016335003 0.998019040 -0.060754716 -6.216742992 -0.920604348 0.038722370 0.388572037 67.259872437
0.397661775 0.056133673 0.915813386 91.180000305 0.018783495 0.997419536 -0.069291726 -6.253737450 -0.917339802 0.044756848 0.395581245 67.571746826
0.404997498 0.060500592 0.912313998 91.885398865 0.022768630 0.996831536 -0.076212935 -6.295360565 -0.914034307 0.051638190 0.402336746 67.878143311
0.409965634 0.062695846 0.909943640 92.591873169 0.020638114 0.996741712 -0.077974580 -6.347316742 -0.911867440 0.050746426 0.407335967 68.208786011
0.414631248 0.064015850 0.907734990 93.293876648 0.013516721 0.996979356 -0.076483674 -6.409574509 -0.909889281 0.043982126 0.412513405 68.541488647
0.418430239 0.067815512 0.905713558 93.980644226 0.006806128 0.996946514 -0.077790938 -6.466604233 -0.908223450 0.038714498 0.416690975 68.881103516
0.422301590 0.070823774 0.903684318 94.654685974 0.005933409 0.996705711 -0.080886811 -6.527412415 -0.906435966 0.039520558 0.420490146 69.206573486
0.426356465 0.075266048 0.901418507 95.323715210 0.002244762 0.996441185 -0.084261931 -6.587844372 -0.904552400 0.037949089 0.424670160 69.526496887
0.430224985 0.078120798 0.899335086 95.998184204 -0.000102417 0.996252596 -0.086490542 -6.637671947 -0.902721703 0.037118290 0.428620785 69.850097656
0.433984250 0.076914221 0.897631228 96.659538269 -0.001589591 0.996412814 -0.084609866 -6.697321892 -0.900919020 0.035292488 0.432549804 70.181152344
0.438317686 0.073268868 0.895828784 97.309570312 -0.000096513 0.996675849 -0.081469811 -6.760616779 -0.898820102 0.035623200 0.436867744 70.494895935
0.441799939 0.070719257 0.894321918 97.939819336 -0.000541582 0.996908963 -0.078563854 -6.813338280 -0.897113502 0.034225162 0.440472603 70.808120728
0.445124716 0.069929965 0.892733932 98.566680908 -0.002185428 0.997027934 -0.077009909 -6.878354073 -0.895465970 0.032328002 0.443954617 71.137527466
0.448452711 0.071624473 0.890932143 99.196441650 -0.003726793 0.996925235 -0.078269660 -6.925557613 -0.893798828 0.031779911 0.447340727 71.460006714
0.451378942 0.072338156 0.889395416 99.806137085 -0.003120552 0.996830523 -0.079492569 -6.977443218 -0.892326951 0.033105861 0.450174063 71.768341064
0.453280568 0.070471555 0.888577700 100.411262512 -0.000723502 0.996898651 -0.078693226 -7.029033661 -0.891367674 0.035027228 0.451925844 72.084487915
0.455114156 0.069178574 0.887741685 100.997512817 0.001062411 0.996934593 -0.078232259 -7.081414223 -0.890432477 0.036547754 0.453645647 72.381683350
0.456784815 0.068927623 0.886902750 101.577941895 -0.000000893 0.996993721 -0.077483118 -7.134420395 -0.889577270 0.035392314 0.455411613 72.692474365
0.458504170 0.068312734 0.886062801 102.151481628 0.001568602 0.996977448 -0.077675626 -7.183024406 -0.888690889 0.037004478 0.457011253 73.004310608
0.461755127 0.070226848 0.884223044 102.721923828 0.000441177 0.996842623 -0.079401717 -7.235109806 -0.887007236 0.037054244 0.460266232 73.282463074
0.464611620 0.069906116 0.882750928 103.275444031 0.003894688 0.996708155 -0.080980375 -7.283487320 -0.885506034 0.041062467 0.462809920 73.572982788
0.467480630 0.069250949 0.881286681 103.827117920 0.005490022 0.996680200 -0.081230693 -7.333708763 -0.883986235 0.042812061 0.465548456 73.871299744
0.470715672 0.067666590 0.879686356 104.371238708 0.008339339 0.996668935 -0.081127383 -7.382477283 -0.882245481 0.045523934 0.468583345 74.160140991
0.474263936 0.066700138 0.877852380 104.894203186 0.009747431 0.996666968 -0.080993898 -7.429016113 -0.880328715 0.046969291 0.472033083 74.436149597
0.477171808 0.066170998 0.876315236 105.401473999 0.010877457 0.996640205 -0.081179790 -7.475245953 -0.878742695 0.048268784 0.474848807 74.719383240
0.480758995 0.065322213 0.874416411 105.918502808 0.011219312 0.996681392 -0.080624335 -7.525715351 -0.876780987 0.048571218 0.478430748 75.003814697
0.484619051 0.064838178 0.872318983 106.433128357 0.012950656 0.996607840 -0.081271164 -7.569212437 -0.874629378 0.050682653 0.482135475 75.281921387
0.488185555 0.066033944 0.870238125 106.932235718 0.012498143 0.996502221 -0.082626112 -7.615449429 -0.872650325 0.051213231 0.485652715 75.571136475
0.492344618 0.066362612 0.867866814 107.435241699 0.014596799 0.996319473 -0.084465742 -7.660454750 -0.870277882 0.054254331 0.489563912 75.864044189
0.496992409 0.069549531 0.864963233 107.925849915 0.012785675 0.996087730 -0.087439343 -7.707772255 -0.867660701 0.054515827 0.494158834 76.154006958
0.502798855 0.075137928 0.861131608 108.400489807 0.009730173 0.995659828 -0.092557445 -7.750082493 -0.864348650 0.054916739 0.499885559 76.434982300
0.508434057 0.082572237 0.857132792 108.874160767 0.003646716 0.995176375 -0.098033875 -7.805771351 -0.861093223 0.052969474 0.505680501 76.728591919
0.514620066 0.088828146 0.852804601 109.354515076 -0.001237580 0.994695067 -0.102860622 -7.852958202 -0.857417345 0.051878735 0.511999905 77.031356812
0.520648181 0.093311056 0.848656893 109.832786560 -0.005059292 0.994329393 -0.106224090 -7.910011292 -0.853756368 0.051011778 0.518167913 77.349266052
0.526218593 0.093831964 0.845156491 110.316253662 -0.009345866 0.994471371 -0.104590379 -7.961150646 -0.850297987 0.047138683 0.524186373 77.660339355
0.531863630 0.093066365 0.841700375 110.816421509 -0.016342066 0.994885564 -0.099677525 -8.014236450 -0.846672297 0.039259732 0.530664325 77.986129761
0.537805974 0.090577237 0.838188708 111.315238953 -0.022184040 0.995387971 -0.093330748 -8.065288544 -0.842776656 0.031599429 0.537334979 78.323234558
0.543428183 0.088850997 0.834740281 111.815994263 -0.028704651 0.995768011 -0.087303884 -8.121749878 -0.838964760 0.023482461 0.543678939 78.675270081
0.549650550 0.086971052 0.830855191 112.330780029 -0.031315014 0.996011972 -0.083542727 -8.172779083 -0.834807575 0.019901060 0.550182104 79.027877808
0.555841327 0.090575144 0.826339245 112.845619202 -0.036973737 0.995756388 -0.084274411 -8.223433495 -0.830465734 0.016290355 0.556831419 79.386093140
0.562154055 0.094595090 0.821604967 113.365577698 -0.040646695 0.995396852 -0.086793490 -8.268183708 -0.826033115 0.015395779 0.563411236 79.758384705
0.568090439 0.097860992 0.817126989 113.890502930 -0.043140311 0.995080829 -0.089180738 -8.313611984 -0.821834683 0.015411608 0.569517612 80.149299622
0.574173272 0.100265183 0.812571168 114.418830872 -0.046076156 0.994857192 -0.090199918 -8.365848541 -0.817436218 0.014350224 0.575840294 80.529022217
