1.000000000 0.000000000 0.000000000 0.000000000 0.000000000 1.000000000 0.000000000 0.000000000 0.000000000 0.000000000 1.000000000 0.000000000
0.999998629 0.000813621 0.001457946 -0.006296539 -0.000806950 0.999989212 -0.004570255 -0.002178217 -0.001461649 0.004569072 0.999988496 0.964022517
0.999996662 -0.001444077 0.002148424 -0.002629151 0.001455529 0.999984682 -0.005338436 -0.000982703 -0.002140682 0.005341545 0.999983430 1.918628693
0.999993265 -0.002452167 0.002731211 -0.011294711 0.002455550 0.999996185 -0.001235870 -0.004858650 -0.002728170 0.001242568 0.999995470 2.850529432
0.999985576 -0.004949134 0.002098043 -0.008458336 0.004938675 0.999975502 0.004961495 -0.008533492 -0.002122546 -0.004951061 0.999985516 3.798721075
0.999963343 -0.008548549 0.000528868 -0.005304402 0.008545759 0.999950707 0.005069233 -0.005421313 -0.000572176 -0.005064527 0.999987006 4.736689568
0.999938726 -0.011071628 -0.000077513 -0.008868460 0.011071767 0.999936402 0.002126614 -0.003493541 0.000053963 -0.002127342 0.999997735 5.664328575
0.999930918 -0.011702809 -0.001050209 -0.012705255 0.011701216 0.999930382 -0.001510048 0.002922268 0.001067808 0.001497655 0.999998271 6.588845253
0.999933541 -0.011431272 -0.001469972 -0.019515494 0.011428801 0.999933243 -0.001679138 -0.004349109 0.001489069 0.001662226 0.999997437 7.516708374
0.999931991 -0.011387104 -0.002506556 -0.028815079 0.011387534 0.999935150 0.000158110 -0.002637703 0.002504593 -0.000186643 0.999996781 8.430359840
0.999937236 -0.010819026 -0.002908353 -0.039710347 0.010826917 0.999937713 0.002711260 0.002085882 0.002878838 -0.002742579 0.999992073 9.372207642
0.999931097 -0.011095743 -0.003837959 -0.048252422 0.011112258 0.999929011 0.004309066 0.003995744 0.003789874 -0.004351418 0.999983370 10.294198036
0.999914944 -0.012203590 -0.004607054 -0.050266419 0.012227571 0.999911606 0.005213284 0.006288269 0.004543026 -0.005269174 0.999975801 11.207302094
0.999906540 -0.012485676 -0.005579818 -0.056498762 0.012516206 0.999906659 0.005469896 0.006117310 0.005511002 -0.005539223 0.999969423 12.119982719
0.999895394 -0.013115413 -0.006101063 -0.067626350 0.013140134 0.999905527 0.004029531 0.009602413 0.006047638 -0.004109278 0.999973238 13.026167870
0.999885798 -0.013231644 -0.007301555 -0.080557235 0.013244873 0.999910593 0.001766297 0.017415157 0.007277533 -0.001862803 0.999971747 13.924598694
0.999853790 -0.014551082 -0.008979328 -0.089665361 0.014552879 0.999894083 0.000134952 0.025900172 0.008976413 -0.000265607 0.999959707 14.828488350
0.999841750 -0.014254535 -0.010639693 -0.107362233 0.014250509 0.999898255 -0.000454198 0.025385691 0.010645086 0.000302505 0.999943256 15.738038063
0.999839425 -0.013091049 -0.012240436 -0.119253315 0.013074868 0.999913454 -0.001401175 0.025313495 0.012257720 0.001240908 0.999924123 16.639297485
0.999834061 -0.011987554 -0.013710369 -0.138535172 0.011968460 0.999927223 -0.001473882 0.029438781 0.013727038 0.001309546 0.999904931 17.520156860
0.999806523 -0.012539065 -0.015153050 -0.157361418 0.012528058 0.999921143 -0.000821086 0.031106986 0.015162153 0.000631089 0.999884784 18.411277771
0.999784946 -0.012332473 -0.016664440 -0.176588178 0.012349969 0.999923229 0.000947425 0.025757054 0.016651476 -0.001153027 0.999860644 19.303104401
0.999764860 -0.011982541 -0.018070607 -0.198139608 0.012015415 0.999926388 0.001711755 0.025677476 0.018048763 -0.001928478 0.999835312 20.183460236
0.999729872 -0.012759894 -0.019426366 -0.216380566 0.012788873 0.999917269 0.001368225 0.027153904 0.019407302 -0.001616297 0.999810338 21.067543030
0.999692976 -0.012585870 -0.021343049 -0.236783683 0.012600217 0.999920487 0.000537756 0.032132540 0.021334587 -0.000806518 0.999772012 21.939008713
0.999666929 -0.012877535 -0.022365659 -0.261364698 0.012903378 0.999916196 0.001011533 0.032389488 0.022350760 -0.001299789 0.999749362 22.800334930
0.999651015 -0.012486184 -0.023276297 -0.285136759 0.012562210 0.999916196 0.003122920 0.033375453 0.023235356 -0.003414233 0.999724209 23.657775879
0.999618530 -0.013520619 -0.024079572 -0.306211054 0.013662793 0.999890149 0.005749668 0.037220653 0.023999190 -0.006076469 0.999693573 24.503303528
0.999593496 -0.013794535 -0.024949001 -0.329296678 0.013988394 0.999873161 0.007612522 0.037309855 0.024840826 -0.007958424 0.999659777 25.343410492
0.999592781 -0.012998427 -0.025403747 -0.354308158 0.013163825 0.999893129 0.006354421 0.038102351 0.025318434 -0.006686245 0.999657094 26.170068741
0.999598801 -0.011317580 -0.025962967 -0.385018021 0.011414731 0.999928355 0.003596762 0.043828148 0.025920397 -0.003891679 0.999656498 26.976591110
0.999583721 -0.010821298 -0.026743069 -0.409013003 0.010873977 0.999939144 0.001825217 0.047096971 0.026721690 -0.002115260 0.999640703 27.785844803
0.999567509 -0.009702446 -0.027764982 -0.432296753 0.009745101 0.999951541 0.001401377 0.052175973 0.027750039 -0.001671343 0.999613464 28.570547104
0.999525368 -0.009604619 -0.029272649 -0.455397367 0.009639185 0.999952972 0.001039930 0.051219098 0.029261285 -0.001321601 0.999570906 29.358566284
0.999471247 -0.009343333 -0.031145371 -0.487154096 0.009354242 0.999956250 0.000204603 0.050663147 0.031142095 -0.000495836 0.999514878 30.135349274
0.999411643 -0.009661120 -0.032908402 -0.514875114 0.009668172 0.999953270 0.000055143 0.048803125 0.032906331 -0.000373274 0.999458373 30.906009674
0.999340773 -0.009876729 -0.034934096 -0.543978274 0.009929336 0.999949872 0.001332691 0.049877238 0.034919184 -0.001678685 0.999388754 31.658990860
0.999261498 -0.009939423 -0.037117548 -0.572541833 0.010078580 0.999942899 0.003563884 0.054093737 0.037080009 -0.003935344 0.999304533 32.414836884
0.999201834 -0.008751468 -0.038974773 -0.608755291 0.008942214 0.999948800 0.004722448 0.059057929 0.038931459 -0.005067200 0.999229014 33.156044006
0.999132574 -0.007934093 -0.040878054 -0.640096307 0.008157716 0.999952614 0.005306579 0.052064490 0.040834010 -0.005635447 0.999150038 33.903938293
0.999058723 -0.005818298 -0.042984288 -0.678767979 0.006020053 0.999971509 0.004565720 0.051747374 0.042956498 -0.004820190 0.999065340 34.609073639
0.998992980 -0.003878664 -0.044697739 -0.719164491 0.004067231 0.999983251 0.004128561 0.052317269 0.044680983 -0.004306199 0.998991966 35.314682007
0.998913884 -0.003390759 -0.046470188 -0.743802011 0.003617901 0.999981880 0.004804668 0.060081154 0.046453051 -0.004967574 0.998908103 36.033267975
0.998868823 -0.001958694 -0.047508918 -0.785400569 0.002286782 0.999973953 0.006852461 0.061658278 0.047494255 -0.006953351 0.998847306 36.715145111
0.998857498 0.000914364 -0.047779322 -0.822490752 -0.000558398 0.999972045 0.007463005 0.063297063 0.047784805 -0.007427799 0.998830080 37.408050537
0.998911381 0.003677437 -0.046505637 -0.855969846 -0.003442375 0.999980927 0.005133566 0.068674326 0.046523631 -0.004967887 0.998904824 38.082477570
0.998991847 0.005295601 -0.044579033 -0.893878818 -0.005216798 0.999984682 0.001883870 0.072248019 0.044588324 -0.001649412 0.999004066 38.723148346
0.999058127 0.005770333 -0.043008149 -0.915348947 -0.005781006 0.999983311 -0.000123771 0.080963999 0.043006711 0.000372285 0.999074697 39.377487183
0.999194264 0.006790303 -0.039556913 -0.950536072 -0.006763807 0.999976873 0.000803642 0.080394432 0.039561450 -0.000535440 0.999216974 40.019065857
0.999261320 0.011458205 -0.036681514 -0.978332460 -0.011338970 0.999929726 0.003456964 0.080485970 0.036718547 -0.003038481 0.999321043 40.665866852
0.999346435 0.015495020 -0.032658294 -1.007156610 -0.015272982 0.999858558 0.007037371 0.080063194 0.032762717 -0.006533982 0.999441862 41.288890839
0.999375582 0.020774512 -0.028581779 -1.031321526 -0.020557590 0.999757648 0.007862573 0.084821403 0.028738195 -0.007270091 0.999560595 41.893341064
0.999424875 0.024608888 -0.023331365 -1.051880360 -0.024423053 0.999668002 0.008216768 0.089584686 0.023525821 -0.007642218 0.999694049 42.478298187
0.999443352 0.028408702 -0.017489601 -1.066688895 -0.028231110 0.999548197 0.010318521 0.090612940 0.017774828 -0.009819027 0.999793768 43.053375244
0.999390423 0.033228260 -0.010710321 -1.082096100 -0.033106774 0.999387622 0.011327079 0.094100893 0.011080142 -0.010965589 0.999878466 43.610080719
0.999320090 0.036662914 -0.003901902 -1.084944606 -0.036617652 0.999267638 0.011099848 0.096210338 0.004305997 -0.010949423 0.999930799 44.144950867
0.999191701 0.040022962 0.003753139 -1.091481328 -0.040062260 0.999135911 0.011057637 0.098598234 -0.003307337 -0.011199057 0.999931753 44.648593903
0.998960555 0.044281956 0.010810551 -1.083150625 -0.044396315 0.998958051 0.010578568 0.102478392 -0.010330844 -0.011047522 0.999885499 45.145099640
0.998670816 0.048172642 0.018331481 -1.077960610 -0.048320375 0.998802245 0.007703182 0.106680796 -0.017938439 -0.008578727 0.999802232 45.618198395
0.998371959 0.050469935 0.026575439 -1.072932243 -0.050618611 0.998705804 0.004951336 0.103492685 -0.026291152 -0.006288486 0.999634564 46.070365906
0.998108506 0.050974209 0.034364615 -1.056464911 -0.051163349 0.998679519 0.004646572 0.107296377 -0.034082383 -0.006395993 0.999398589 46.497867584
0.997853935 0.049951028 0.042336889 -1.032687545 -0.050245833 0.998719215 0.005927232 0.107817195 -0.041986592 -0.008041763 0.999085844 46.896034241
0.997385442 0.052054744 0.050126441 -1.010091066 -0.052447118 0.998602271 0.006543532 0.111930564 -0.049715754 -0.009155411 0.998721480 47.283985138
0.996722400 0.055108797 0.059225857 -0.997396290 -0.055623308 0.998426795 0.007072671 0.106945209 -0.058742914 -0.010343826 0.998219550 47.644725800
0.995906293 0.060030568 0.067580216 -0.966393888 -0.060590282 0.998143137 0.006261359 0.111250713 -0.067078844 -0.010330432 0.997694194 47.970455170
0.994992256 0.063967578 0.076801002 -0.949166536 -0.064659499 0.997886002 0.006554113 0.107024238 -0.076219387 -0.011487209 0.997024894 48.271610260
0.994262874 0.063094690 0.086373150 -0.923386395 -0.063961864 0.997925639 0.007306709 0.104021147 -0.085732959 -0.012789378 0.996236026 48.555828094
0.993379056 0.061921798 0.096766040 -0.881605685 -0.062729523 0.998016417 0.005324452 0.104806960 -0.096244380 -0.011359286 0.995292962 48.832923889
0.992252111 0.060454890 0.108540334 -0.845708728 -0.060918823 0.998142362 0.000960512 0.101146929 -0.108280614 -0.007565220 0.994091570 49.089778900
0.990650296 0.061561577 0.121746428 -0.803421378 -0.061622214 0.998094141 -0.003270608 0.103502430 -0.121715747 -0.004262255 0.992555797 49.356128693
0.988524318 0.063036740 0.137280688 -0.765339077 -0.062884055 0.998005986 -0.005453167 0.101652429 -0.137350678 -0.003242178 0.990517199 49.620063782
0.986053765 0.064800173 0.153293505 -0.713052034 -0.064535476 0.997892857 -0.006707256 0.097763799 -0.153405100 -0.003279156 0.988157928 49.869136810
0.983276188 0.065026373 0.170116574 -0.657603145 -0.064612739 0.997878551 -0.007972495 0.097738579 -0.170274124 -0.003152536 0.985391736 50.127574921
0.980028868 0.063924842 0.188300654 -0.599093616 -0.063307278 0.997950733 -0.009298400 0.098068453 -0.188509196 -0.002808102 0.982067406 50.378658295
0.976095676 0.063591093 0.207830206 -0.532449782 -0.062997900 0.997968674 -0.009478585 0.094130501 -0.208010793 -0.003840862 0.978119016 50.625999451
0.971594512 0.063618481 0.227940321 -0.459559858 -0.062872916 0.997965932 -0.010538245 0.088627644 -0.228147104 -0.004092375 0.973618090 50.863769531
0.966327429 0.065896451 0.248734549 -0.382411242 -0.064716041 0.997820020 -0.012929062 0.088411659 -0.249044284 -0.003603407 0.968485355 51.098548889
0.960066319 0.067137353 0.271597445 -0.298286080 -0.065480709 0.997738600 -0.015168389 0.087956615 -0.272001594 -0.003221733 0.962291360 51.349708557
0.952768147 0.068658471 0.295835733 -0.202208728 -0.066874668 0.997630477 -0.016156752 0.075140178 -0.296244055 -0.004390277 0.955102205 51.588264465
0.944221795 0.071473584 0.321460247 -0.103223085 -0.069672428 0.997422993 -0.017119281 0.069074586 -0.321855456 -0.006232521 0.946768343 51.826602936
0.934444726 0.073324233 0.348477513 0.006830301 -0.071494557 0.997276247 -0.018126871 0.059546452 -0.348857492 -0.007975684 0.937141836 52.061180115
0.923227847 0.074067220 0.377046913 0.124411978 -0.072044350 0.997211039 -0.019486418 0.051731229 -0.377438694 -0.009173700 0.925989151 52.294776917
0.910651147 0.071958140 0.406861752 0.268365204 -0.069096535 0.997373044 -0.021742718 0.044537917 -0.407357544 -0.008312702 0.913230956 52.536556244
0.895643115 0.069578014 0.439297438 0.410991907 -0.065487005 0.997553051 -0.024481745 0.037121713 -0.439925909 -0.006841366 0.898008049 52.762680054
0.878391623 0.068684831 0.472980559 0.568361163 -0.062617861 0.997628331 -0.028582439 0.026134448 -0.473821998 -0.004510456 0.880609155 52.982154846
0.858892202 0.070674241 0.507256866 0.729445159 -0.062108882 0.997496426 -0.033814177 0.019802723 -0.508376777 -0.002462427 0.861131251 53.203063965
0.837101161 0.072637841 0.542204201 0.916990638 -0.061643347 0.997357547 -0.038443413 0.011884529 -0.543563962 -0.001242258 0.839366794 53.431072235
0.812537611 0.075186759 0.578039348 1.111750603 -0.062314540 0.997167885 -0.042109404 0.001959149 -0.579568386 -0.001804783 0.814921558 53.655582428
0.785002112 0.079241894 0.614404202 1.320587516 -0.065369338 0.996843934 -0.045046430 -0.010511348 -0.616034627 -0.004801663 0.787704468 53.885776520
0.755020976 0.083944134 0.650305033 1.549815893 -0.069371715 0.996431530 -0.048081234 -0.022648603 -0.652020633 -0.008810440 0.758150041 54.117851257
0.721995056 0.084773935 0.686685145 1.811400533 -0.068734445 0.996344149 -0.050733678 -0.041280296 -0.688475668 -0.010569459 0.725182474 54.354900360
0.685332775 0.082479812 0.723544061 2.090843201 -0.065274075 0.996523499 -0.051771000 -0.060553640 -0.725298822 -0.011748308 0.688333988 54.578346252
0.646094084 0.080865011 0.758961976 2.375174522 -0.062354743 0.996640086 -0.053107105 -0.084600769 -0.760706425 -0.013012691 0.648965597 54.781631470
0.603546858 0.080168739 0.793286920 2.708352089 -0.060177170 0.996674597 -0.054939009 -0.106880113 -0.795053422 -0.014579494 0.606364191 55.000019073
0.557140350 0.080275320 0.826529264 3.066043854 -0.056803651 0.996669412 -0.058510143 -0.123644151 -0.828473270 -0.014351516 0.559844613 55.212966919
0.508471966 0.078873649 0.857458532 3.436742067 -0.053511843 0.996765554 -0.059955411 -0.150710076 -0.859414160 -0.015398537 0.511048079 55.403202057
0.459999412 0.077512510 0.884529471 3.875117064 -0.051947128 0.996825397 -0.060338058 -0.168448493 -0.886398375 -0.018193295 0.462565631 55.597019196
0.410894871 0.075126372 0.908582151 4.310644150 -0.050929036 0.996934295 -0.059399776 -0.189850330 -0.910259187 -0.021866146 0.413461298 55.756397247
0.360299855 0.075067997 0.929811180 4.767172337 -0.054130860 0.996759713 -0.059497476 -0.209372267 -0.931264639 -0.028894542 0.363195866 55.919830322
0.311195284 0.076028369 0.947299957 5.235401630 -0.052284691 0.996654809 -0.062813573 -0.225664869 -0.948906600 -0.029981995 0.314129353 56.046672821
0.263696462 0.072107144 0.961906850 5.699579239 -0.041330803 0.997130871 -0.063417241 -0.266947955 -0.963719845 -0.023033481 0.265920073 56.132171631
0.219401166 0.066389464 0.973373294 6.208673000 -0.027779466 0.997702718 -0.061787289 -0.291208237 -0.975239158 -0.013483582 0.220741391 56.208255768
0.177427709 0.065324664 0.981963396 6.715904713 -0.018623119 0.997838736 -0.063015819 -0.320522875 -0.983957589 -0.007106465 0.178260788 56.258029938
0.138685346 0.066931948 0.988072157 7.276795387 -0.015378579 0.997738779 -0.065428242 -0.345008552 -0.990217030 -0.006121208 0.139401048 56.329242706
0.106275842 0.067570135 0.992038190 7.780500889 -0.006930597 0.997714520 -0.067214295 -0.381474018 -0.994312525 0.000267839 0.106501251 56.340904236
0.077261627 0.065959536 0.994826615 8.341381073 0.000492613 0.997806609 -0.066195369 -0.415416509 -0.997010767 0.005604426 0.077059664 56.362216949
0.052144919 0.064197749 0.996573865 8.903331757 0.007058329 0.997883022 -0.064651377 -0.451083630 -0.998614550 0.010405389 0.051581398 56.374279022
0.032289006 0.063139990 0.997482300 9.489092827 0.012065495 0.997905314 -0.063557334 -0.478584290 -0.999405742 0.014087320 0.031459555 56.376590729
0.016552154 0.065253153 0.997731447 10.068102837 0.014904163 0.997741282 -0.065501034 -0.503423214 -0.999751866 0.015954539 0.015542221 56.371791840
0.003185790 0.065266028 0.997862816 10.661660194 0.015692210 0.997741699 -0.065308206 -0.532949567 -0.999871790 0.015866732 0.002154426 56.367038727
-0.008563789 0.066001989 0.997782707 11.276052475 0.016427126 0.997694016 -0.065855116 -0.572732866 -0.999828458 0.015826736 -0.009628261 56.363113403
-0.017442880 0.068619370 0.997490406 11.894866943 0.021293370 0.997441411 -0.068243630 -0.612915576 -0.999621093 0.020049566 -0.018859390 56.339916229
-0.023971096 0.070535764 0.997221231 12.514804840 0.025450891 0.997227609 -0.069924429 -0.647073388 -0.999388576 0.023704004 -0.025699835 56.311199188
-0.028744074 0.070047468 0.997129440 13.166532516 0.025696198 0.997263670 -0.069316156 -0.682446361 -0.999256492 0.023630006 -0.030465376 56.299209595
-0.032138571 0.067254215 0.997218072 13.818912506 0.023629714 0.997505784 -0.066512071 -0.714935541 -0.999204040 0.021426374 -0.033647608 56.277416229
-0.034715004 0.060473841 0.997565925 14.513019562 0.021622261 0.997979403 -0.059746459 -0.751767337 -0.999163330 0.019495532 -0.035952441 56.256851196
-0.035862643 0.054955460 0.997844517 15.202289581 0.023011995 0.998267531 -0.054151703 -0.785243690 -0.999091744 0.021020373 -0.037065145 56.230255127
-0.036383566 0.052242633 0.997971416 15.881468773 0.025340701 0.998359680 -0.051339105 -0.820797443 -0.999016523 0.023421394 -0.037647758 56.203998566
-0.036269613 0.054429702 0.997858644 16.585834503 0.028841151 0.998156726 -0.053397663 -0.860092878 -0.998925745 0.026842682 -0.037772574 56.176536560
-0.035115801 0.062005520 0.997457862 17.284914017 0.029977221 0.997689664 -0.060964577 -0.887756765 -0.998933613 0.027760195 -0.036893427 56.148006439
-0.033249542 0.070148781 0.996982276 18.011318207 0.030653717 0.997136116 -0.069137298 -0.925917089 -0.998976886 0.028262433 -0.035304639 56.127525330
-0.031323928 0.071136095 0.996974707 18.730579376 0.031231564 0.997046769 -0.070159972 -0.957701027 -0.999021173 0.028939391 -0.033453111 56.112796783
-0.028951274 0.066737652 0.997350395 19.469362259 0.030483916 0.997363567 -0.065853633 -1.000833511 -0.999115884 0.028496599 -0.030909367 56.089176178
-0.026664307 0.060414881 0.997817159 20.211486816 0.030108703 0.997767627 -0.059607316 -1.042772174 -0.999190927 0.028453587 -0.028423801 56.074249268
-0.023291484 0.058410268 0.998020887 20.957258224 0.028897662 0.997913837 -0.057729609 -1.090527177 -0.999310911 0.027495861 -0.024930820 56.053920746
-0.020375727 0.063922085 0.997746885 21.713926315 0.036040328 0.997352421 -0.063160807 -1.139725208 -0.999142587 0.034672178 -0.022625556 56.035751343
-0.017232558 0.069385484 0.997441053 22.449718475 0.037675388 0.996925831 -0.068698734 -1.180709243 -0.999141455 0.036395133 -0.019793706 56.021923065
-0.014863523 0.069954775 0.997439384 23.190958023 0.031610720 0.997083843 -0.069458798 -1.223153949 -0.999389708 0.030497381 -0.017031500 56.026607513
-0.011593993 0.066380806 0.997727036 23.948179245 0.027398495 0.997440517 -0.066043369 -1.267034054 -0.999557376 0.026570512 -0.013383052 56.030540466
-0.006632731 0.062959298 0.997994065 24.687614441 0.031104565 0.997546077 -0.062724315 -1.314879775 -0.999494135 0.030626129 -0.008574778 56.007568359
-0.002871105 0.063927844 0.997950435 25.432126999 0.035717763 0.997324347 -0.063784979 -1.362592101 -0.999357820 0.035461422 -0.005146782 55.997650146
-0.000430694 0.068276763 0.997666299 26.162899017 0.035505481 0.997038424 -0.068218470 -1.409286737 -0.999369442 0.035393246 -0.002853618 56.005992889
0.003688121 0.069107480 0.997602403 26.912137985 0.031643722 0.997101545 -0.069189765 -1.454147935 -0.999492466 0.031823032 0.001490612 56.014831543
0.006924808 0.068651117 0.997616649 27.675418854 0.030985681 0.997146845 -0.068833880 -1.502271891 -0.999495864 0.031388491 0.004777849 56.028263092
0.010611602 0.065725319 0.997781217 28.419193268 0.034697723 0.997212410 -0.066056870 -1.549201727 -0.999341547 0.035321712 0.008301501 56.033588409
0.014085159 0.066289864 0.997700989 29.161308289 0.039375212 0.996989250 -0.066798463 -1.597533584 -0.999125242 0.040225551 0.011432576 56.044044495
0.017774962 0.067131951 0.997585773 29.905279160 0.041764960 0.996822715 -0.067824781 -1.645715475 -0.998969436 0.042869706 0.014914721 56.057392120
0.020547453 0.066719696 0.997560084 30.676328659 0.042615317 0.996805549 -0.067547001 -1.698918343 -0.998880267 0.043899260 0.017638534 56.065834045
0.024308817 0.065235138 0.997573793 31.429857254 0.044174630 0.996823847 -0.066262543 -1.745375156 -0.998728096 0.045678221 0.021349875 56.083999634
0.027773432 0.064145677 0.997553945 32.181339264 0.046006240 0.996799469 -0.065378048 -1.792714596 -0.998555064 0.047709487 0.024733443 56.104080200
0.030563807 0.064243928 0.997466028 32.934661865 0.044734448 0.996844411 -0.065574609 -1.840897202 -0.998531342 0.046625312 0.027593443 56.131546021
0.033574481 0.066180356 0.997242630 33.701473236 0.041394033 0.996856928 -0.067548379 -1.886982679 -0.998578608 0.043547790 0.030729486 56.166564941
0.036215633 0.066378027 0.997137070 34.461261749 0.043169066 0.996756315 -0.067920573 -1.932050586 -0.998411119 0.045505259 0.033232689 56.195842743
0.039351400 0.066601858 0.997003317 35.223354340 0.040951226 0.996830404 -0.068206631 -1.971718431 -0.998385906 0.043512531 0.036499251 56.226963043
0.041570798 0.066520713 0.996918619 35.986961365 0.039269298 0.996901393 -0.068157069 -2.024257421 -0.998363495 0.041981634 0.038829766 56.265197754
0.044347875 0.066527538 0.996798515 36.749389648 0.036608476 0.997001827 -0.068169825 -2.074041128 -0.998345137 0.039514452 0.041779444 56.309955597
0.047217466 0.068728805 0.996517360 37.498676300 0.035289209 0.996892571 -0.070426770 -2.117364883 -0.998261094 0.038491685 0.044645362 56.347839355
0.050358981 0.072195232 0.996118307 38.284057617 0.033711758 0.996692598 -0.073941171 -2.172402143 -0.998162031 0.037304498 0.047758602 56.396228790
0.054130930 0.074381933 0.995759606 39.056468964 0.033992440 0.996506393 -0.076285608 -2.224094391 -0.997955084 0.037977695 0.051413395 56.437168121
0.057168204 0.076307461 0.995444059 39.823749542 0.028243922 0.996552050 -0.078014441 -2.278030396 -0.997964978 0.032575186 0.054815874 56.488803864
0.059398513 0.076114736 0.995328307 40.598628998 0.024127327 0.996688068 -0.077658571 -2.328106880 -0.997942746 0.028627411 0.057365339 56.551158905
0.063087039 0.075888395 0.995118618 41.359859467 0.027243217 0.996602237 -0.077728666 -2.384512186 -0.997636139 0.032013901 0.060805239 56.602882385
0.066592433 0.077334084 0.994778812 42.147510529 0.024882035 0.996553063 -0.079137683 -2.449781418 -0.997469962 0.030022090 0.064438678 56.659538269
0.070397951 0.078572236 0.994419694 42.931045532 0.021282040 0.996547818 -0.080247007 -2.500432730 -0.997292042 0.026812503 0.068482742 56.726177216
0.074676186 0.076404713 0.994276464 43.723117828 0.020450369 0.996733367 -0.078129463 -2.556576490 -0.996998072 0.026167730 0.072869740 56.789443970
0.078688808 0.076179363 0.993984342 44.526371002 0.019886186 0.996757686 -0.077966206 -2.624499321 -0.996700943 0.025901625 0.076918758 56.871917725
0.084070064 0.080022193 0.993241489 45.303546906 0.016304078 0.996526420 -0.081666850 -2.678622484 -0.996326447 0.023059625 0.082473338 56.934192657
0.089781150 0.088668913 0.992006660 46.089805603 0.014236075 0.995813072 -0.090297580 -2.739159107 -0.995859742 0.022229303 0.088142946 57.018264771
0.097173639 0.093009755 0.990911901 46.890026093 0.013132101 0.995417297 -0.094720446 -2.807192087 -0.995180786 0.022217087 0.095506907 57.103767395
0.104747236 0.096699148 0.989786506 47.690471649 0.008067355 0.995146215 -0.098076530 -2.868222475 -0.994466186 0.018258201 0.103458695 57.193950653
0.111728325 0.094301961 0.989254236 48.488815308 0.005254159 0.995417178 -0.095482871 -2.943996191 -0.993724883 0.015865844 0.110720821 57.295444489
0.118886985 0.092940152 0.988548398 49.297199249 0.005108461 0.995538950 -0.094211765 -3.011268854 -0.992894590 0.016250513 0.117881864 57.405174255
0.126644626 0.089482971 0.987903833 50.121871948 0.004692253 0.995857596 -0.090804949 -3.080038309 -0.991937041 0.016135454 0.125700146 57.515331268
0.133918151 0.083565503 0.987462759 50.927494049 0.002770751 0.996402740 -0.084697835 -3.154439211 -0.990988493 0.014078594 0.133204892 57.632801056
0.141580939 0.076846547 0.986939430 51.741725922 0.000440941 0.996977389 -0.077691399 -3.204941034 -0.989926577 0.011434802 0.141119123 57.748355865
0.148539394 0.073612280 0.986162841 52.550983429 -0.000606078 0.997232199 -0.074347265 -3.285581350 -0.988906324 0.010445804 0.148172870 57.881835938
0.155645952 0.075221948 0.984944642 53.351879120 -0.000726319 0.997104764 -0.076035865 -3.347957611 -0.987812638 0.011119289 0.155249953 58.017959595
0.161232591 0.081710406 0.983528078 54.131256104 0.000067011 0.996565819 -0.082804561 -3.406206131 -0.986916482 0.013416699 0.160673410 58.150363922
0.167018577 0.085824393 0.982211292 54.909225464 -0.001439791 0.996224403 -0.086804025 -3.458263159 -0.985952795 0.013083706 0.166511536 58.278415680
0.171756253 0.088528499 0.981153667 55.679229736 -0.002475835 0.995989621 -0.089433730 -3.527199984 -0.985136390 0.012931628 0.171286643 58.427982330
0.176798359 0.088126816 0.980293810 56.460994720 -0.005670872 0.996058166 -0.088521250 -3.598304987 -0.984230697 0.010091290 0.176601186 58.579406738
0.181999967 0.085180074 0.979602158 57.230224609 -0.001820380 0.996268272 -0.086291067 -3.664096594 -0.983296812 0.013921721 0.181475848 58.723163605
0.186448291 0.078821748 0.979297817 57.988918304 -0.001076843 0.996792197 -0.080024838 -3.718708038 -0.982464194 0.013865941 0.185935095 58.872215271
0.189913049 0.072824575 0.979096293 58.740425110 -0.002517807 0.997278154 -0.073688559 -3.774414062 -0.981797636 0.011529243 0.189579472 59.022060394
0.193076164 0.069147073 0.978744268 59.480175018 -0.006531666 0.997582197 -0.069189444 -3.838981152 -0.981162012 0.006966002 0.193060979 59.178627014
0.196422786 0.069260828 0.978070021 60.217514038 -0.007855170 0.997581184 -0.069064952 -3.891004801 -0.980487764 0.005883025 0.196491733 59.327171326
0.198374689 0.071097247 0.977544188 60.929824829 -0.009775311 0.997459471 -0.070561975 -3.943323612 -0.980077565 0.004441909 0.198565692 59.479389191
0.200119749 0.075729705 0.976840436 61.633403778 -0.014241918 0.997127891 -0.074384838 -3.995491028 -0.979667902 0.000973795 0.200623512 59.632049561
0.202068239 0.079623908 0.976129413 62.324779510 -0.014751258 0.996824086 -0.078258328 -4.046330452 -0.979260325 0.001414387 0.202601030 59.786571503
0.203576997 0.084664099 0.975391448 63.005199432 -0.015373754 0.996407628 -0.083279610 -4.104228020 -0.978938222 0.001958383 0.204147264 59.946384430
0.205169320 0.087012768 0.974850953 63.681842804 -0.014880722 0.996202409 -0.085786715 -4.155663967 -0.978613377 0.003094316 0.205685005 60.093070984
0.206989780 0.087005913 0.974466622 64.373451233 -0.017052099 0.996207356 -0.085324951 -4.213074207 -0.978194416 0.001044688 0.207688361 60.241123199
0.207331821 0.083982907 0.974659085 65.036354065 -0.016975677 0.996467054 -0.082250915 -4.269620419 -0.978123307 0.000507733 0.208025008 60.388122559
0.208018258 0.081591614 0.974715948 65.695091248 -0.017028749 0.996665895 -0.079794809 -4.324204445 -0.977976620 0.000000584 0.208714113 60.532238007
0.208083168 0.080055229 0.974829555 66.345092773 -0.015381088 0.996789575 -0.078575447 -4.374657631 -0.977990150 0.001356289 0.208646461 60.670631409
0.206007406 0.079503976 0.975315392 66.973388672 -0.015870990 0.996834338 -0.077905826 -4.424493313 -0.978421688 0.000569958 0.206617057 60.814849854
0.205164313 0.080016889 0.975451112 67.592163086 -0.017393781 0.996793091 -0.078109190 -4.486089230 -0.978572905 -0.000941563 0.205898151 60.938774109
0.202858120 0.082894340 0.975693107 68.201126099 -0.018212598 0.996557355 -0.080880329 -4.536602020 -0.979038715 -0.001362675 0.203669459 61.070228577
0.200631261 0.086443722 0.975845575 68.793365479 -0.015877618 0.996255517 -0.084987313 -4.588058949 -0.979538083 0.001557009 0.201252535 61.192996979
0.199021250 0.086897656 0.976134896 69.402481079 -0.013963167 0.996211350 -0.085837990 -4.639198780 -0.979895651 0.003453648 0.199480593 61.322914124
0.196868956 0.086285673 0.976625443 69.990097046 -0.013879764 0.996265233 -0.085222952 -4.674245358 -0.980331540 0.003222421 0.197331280 61.433425903
0.194496304 0.083567977 0.977337003 70.578025818 -0.014297791 0.996499956 -0.082361177 -4.721574306 -0.980799019 0.002045183 0.195010379 61.551395416
0.192342594 0.079267085 0.978121102 71.153053284 -0.013518157 0.996851742 -0.078126729 -4.773151875 -0.981234670 0.001804702 0.192808583 61.669467926
0.190445259 0.078320667 0.978568554 71.714698792 -0.010352122 0.996917248 -0.077774532 -4.825178146 -0.981643260 0.004681529 0.190668926 61.775005341
0.188772723 0.079861201 0.978768110 72.262207031 -0.006236796 0.996765196 -0.080126770 -4.864275932 -0.982001007 0.009021373 0.188660160 61.874851227
0.186413154 0.081717893 0.979067028 72.812942505 -0.001909123 0.996563196 -0.082814701 -4.906768322 -0.982469559 0.013568590 0.185928479 61.976108551
0.184660226 0.083629191 0.979237795 73.357101440 -0.002720458 0.996412873 -0.084582962 -4.948949337 -0.982798696 0.012955133 0.184225336 62.076793671
0.182914168 0.086300150 0.979333758 73.898155212 -0.003082610 0.996185243 -0.087209389 -4.990815163 -0.983124018 0.012932927 0.182482421 62.184909821
0.182035878 0.084516682 0.979652941 74.449195862 -0.001303957 0.996319115 -0.085712202 -5.043272018 -0.983291030 0.014325274 0.181476042 62.281620026
0.182927534 0.083251834 0.979595184 74.993804932 0.004491631 0.996326983 -0.085512564 -5.082953930 -0.983116150 0.020042583 0.181881696 62.373123169
0.185300827 0.081514522 0.979295135 75.537612915 0.009826784 0.996350110 -0.084793553 -5.118014336 -0.982632697 0.025335642 0.183823436 62.464504242
0.187329158 0.080671094 0.978979051 76.089355469 0.012512835 0.996345222 -0.084496476 -5.164601326 -0.982217431 0.028078457 0.185635075 62.567897797
0.190472022 0.080236048 0.978408217 76.645812988 0.010068597 0.996442258 -0.083675072 -5.210926056 -0.981640995 0.025788959 0.188986495 62.687297821
0.195878029 0.080915883 0.977284253 77.198318481 0.008858761 0.996403217 -0.084274448 -5.255411148 -0.980588257 0.025165040 0.194456682 62.804985046
0.202078328 0.080231376 0.976077497 77.761100769 0.009845866 0.996421993 -0.083942063 -5.295611858 -0.979319930 0.026573194 0.200565338 62.931667328
0.210351482 0.080525115 0.974303842 78.337448120 0.007918902 0.996429026 -0.084063426 -5.336765289 -0.977593720 0.025398282 0.208962634 63.054973602
0.218357086 0.078479551 0.972708225 78.904304504 0.008372872 0.996573687 -0.082284637 -5.380202770 -0.975833058 0.026111795 0.216951847 63.206130981
0.227297455 0.078142956 0.970685005 79.473213196 0.004776381 0.996673882 -0.081353568 -5.422991276 -0.973813653 0.023127820 0.226168185 63.330432892
0.236967608 0.077695332 0.968405783 80.052711487 0.003726289 0.996717036 -0.080878556 -5.469527245 -0.971510410 0.022774162 0.235900134 63.478801727
0.245943978 0.081606485 0.965842605 80.636367798 -0.001715656 0.996484637 -0.083758622 -5.513927460 -0.969282568 0.018942872 0.245219380 63.653903961
0.255485147 0.083775766 0.963176429 81.241081238 -0.005142087 0.996342361 -0.085296534 -5.559330463 -0.966799319 0.016839262 0.254981488 63.831672668
0.266437143 0.086373180 0.959974468 81.831420898 -0.009164959 0.996158719 -0.087085150 -5.605792522 -0.963808715 0.014404588 0.266205281 64.005058289
0.276654929 0.088690199 0.956867874 82.443634033 -0.011046286 0.995959640 -0.089119762 -5.652919292 -0.960905850 0.014085584 0.276516855 64.196105957
0.286481142 0.089304052 0.953914762 83.066047668 -0.014033398 0.995930612 -0.089022994 -5.704337120 -0.957983077 0.012116740 0.286568582 64.396995544
0.296493500 0.089615025 0.950821102 83.694236755 -0.014970625 0.995901585 -0.089195587 -5.757677555 -0.954917550 0.012211530 0.296619982 64.602455139
0.306705594 0.090672322 0.947475731 84.337715149 -0.019120038 0.995838106 -0.089111231 -5.804101944 -0.951612413 0.009215144 0.307162821 64.827392578
0.317326427 0.086244322 0.944386482 84.981742859 -0.019205661 0.996236145 -0.084526040 -5.849489212 -0.948121846 0.008684780 0.317788422 65.048347473
0.328058958 0.078766078 0.941367686 85.640922546 -0.015202709 0.996828914 -0.078108594 -5.902842045 -0.944534898 0.011312889 0.328216046 65.281028748
0.339008093 0.074701257 0.937812924 86.308830261 -0.014004670 0.997132838 -0.074363835 -5.952414989 -0.940679252 0.012076180 0.339082241 65.526031494
0.349454224 0.071576782 0.934215426 86.989593506 -0.014708559 0.997374117 -0.070913881 -5.997267246 -0.936837971 0.011040199 0.349589348 65.789299011
0.358628333 0.069059901 0.930922329 87.677291870 -0.008007953 0.997450590 -0.070910268 -6.038264751 -0.933446109 0.017975649 0.358267009 66.058685303
0.367516220 0.063762605 0.927828670 88.382911682 -0.001652280 0.997690141 -0.067909181 -6.079235077 -0.930015624 0.023424691 0.366772622 66.330368042
0.374948055 0.054537352 0.925440252 89.101127625 0.007865301 0.998045027 -0.062002715 -6.119130135 -0.927012384 0.030526660 0.373786062 66.606269836
0.381609142 0.049805637 0.922980964 89.810577393 0.013313328 0.998147428 -0.059366181 -6.165408134 -0.924227893 0.034942627 0.380239129 66.902191162
0.388710171 0.049647890 0.920021415 90.516967773 0.015210726 0.998065174 -0.060285978 -6.215620041 -0.921234429 0.037427969 0.387202948 67.206138611
0.396194607 0.055950217 0.916460276 91.226676941 0.017467069 0.997501731 -0.068448998 -6.255064964 -0.918000400 0.043127000 0.394227475 67.514472961
0.403551459 0.060271904 0.912969589 91.952789307 0.021584334 0.996923089 -0.075355023 -6.298087120 -0.914702296 0.050115466 0.401008874 67.828605652
0.408981562 0.062198021 0.910420537 92.661132812 0.019857617 0.996831596 -0.077021949 -6.350576401 -0.912326574 0.049579341 0.406450689 68.149581909
0.413188607 0.064045370 0.908390462 93.347213745 0.012424767 0.997034431 -0.075946659 -6.404572487 -0.910560727 0.042666830 0.411167562 68.479255676
0.417132467 0.067806318 0.906312764 94.042182922 0.005645175 0.997000575 -0.077189378 -6.462168217 -0.908828139 0.037314493 0.415498495 68.818176270
0.421486557 0.070852980 0.904062390 94.723396301 0.005018974 0.996745467 -0.080456629 -6.517786503 -0.906820774 0.038448855 0.419759184 69.130691528
0.425355792 0.075243898 0.901892841 95.400611877 0.001812327 0.996465087 -0.083988674 -6.573882103 -0.905024409 0.037359592 0.423715830 69.459709167
0.429046214 0.078006804 0.899907887 96.059425354 -0.000992600 0.996304154 -0.085889496 -6.632495403 -0.903281987 0.035957314 0.427537978 69.781349182
0.432708830 0.076563120 0.898276746 96.710884094 -0.002310540 0.996478260 -0.083820127 -6.691785336 -0.901530802 0.034194212 0.431361854 70.105041504
0.437101096 0.073140576 0.896433532 97.367301941 -0.001256068 0.996736646 -0.080711909 -6.757362366 -0.899411500 0.034153286 0.435766578 70.421920776
0.440254599 0.070421591 0.895107210 98.015403748 -0.001208842 0.996965110 -0.077840589 -6.808424950 -0.897872090 0.033187635 0.439003676 70.756698608
0.444012135 0.069453262 0.893325031 98.649017334 -0.002167328 0.997071683 -0.076442011 -6.865621090 -0.896018147 0.032005049 0.442862451 71.077682495
0.447354525 0.071336895 0.891507149 99.262390137 -0.004424365 0.996978045 -0.077556379 -6.916035175 -0.894345760 0.030750841 0.446318328 71.393905640
0.449774206 0.071997032 0.890235722 99.869514465 -0.003989451 0.996897697 -0.078607619 -6.972438812 -0.893133402 0.031804126 0.448666096 71.710487366
0.452008516 0.069754288 0.889282107 100.463317871 -0.001374756 0.996991098 -0.077504098 -7.023219109 -0.892012596 0.033809967 0.450744361 72.011764526
0.454213768 0.068419032 0.888261676 101.057350159 0.000408247 0.997030556 -0.077005818 -7.078896046 -0.890892625 0.035339724 0.452837080 72.302246094
0.455826193 0.068567671 0.887423813 101.657409668 -0.000263110 0.997038543 -0.076902010 -7.120893955 -0.890068948 0.034820456 0.454494298 72.624778748
0.457786441 0.067736663 0.886478066 102.232513428 0.001154153 0.997047186 -0.076781385 -7.173290253 -0.889061511 0.036172602 0.456356525 72.923927307
0.460462570 0.069820836 0.884929061 102.794723511 0.000305181 0.996889293 -0.078813285 -7.218049526 -0.887679100 0.036560625 0.459008902 73.215202332
0.463457525 0.069526590 0.883387327 103.353645325 0.003734371 0.996755123 -0.080408320 -7.267734528 -0.886111259 0.040564742 0.461693943 73.507736206
0.466331005 0.068950899 0.881919026 103.904586792 0.005131796 0.996730030 -0.080640674 -7.318397999 -0.884595454 0.042131074 0.464452237 73.801605225
0.468938589 0.067409351 0.880654633 104.444015503 0.008072825 0.996714532 -0.080591783 -7.369109631 -0.883193970 0.044901963 0.466853708 74.112693787
0.472900391 0.066439316 0.878607392 104.959129333 0.009349427 0.996718526 -0.080402978 -7.410956383 -0.881066263 0.046237070 0.470727414 74.355216980
0.476085782 0.065828502 0.876931548 105.477325439 0.010755144 0.996683836 -0.080656908 -7.456068993 -0.879333019 0.047831129 0.473799109 74.638885498
0.479698539 0.065183878 0.875008821 105.996002197 0.011043796 0.996709228 -0.080304414 -7.504498005 -0.877363861 0.048185326 0.477400064 74.924278259
0.482902884 0.064391546 0.873303294 106.503250122 0.012907359 0.996661067 -0.080624394 -7.549895763 -0.875578761 0.050205790 0.480459362 75.212768555
0.486984283 0.065596148 0.870943964 107.006599426 0.012353948 0.996558666 -0.081964612 -7.596676350 -0.873323381 0.050675079 0.484498024 75.489532471
0.490767539 0.065877438 0.868796408 107.508674622 0.014154915 0.996403098 -0.083549194 -7.647885323 -0.871175468 0.053300977 0.488069773 75.790641785
0.495923996 0.069440812 0.865585089 107.986785889 0.011987547 0.996154964 -0.086783789 -7.687669277 -0.868283093 0.053414401 0.493184865 76.061439514
0.501464188 0.075302452 0.861895144 108.470062256 0.008638834 0.995719612 -0.092020705 -7.732622623 -0.865135312 0.053590853 0.498667210 76.350662231
0.507274449 0.082443789 0.857832015 108.955329895 0.003455436 0.995210946 -0.097690247 -7.781872272 -0.861777604 0.052519951 0.504560173 76.653373718
0.512848675 0.088516966 0.853903413 109.436370850 -0.001965564 0.994788468 -0.101940840 -7.838804245 -0.858476758 0.050601821 0.510349989 76.967514038
0.518922329 0.093093358 0.849737167 109.901245117 -0.005445335 0.994392037 -0.105615705 -7.891612053 -0.854804099 0.050179239 0.516519189 77.277458191
0.524909914 0.093395457 0.846018255 110.386505127 -0.010051141 0.994572461 -0.103558764 -7.940474987 -0.851098597 0.045855574 0.522999644 77.570724487
0.530626059 0.092622474 0.842530072 110.884040833 -0.016673898 0.994959772 -0.098878406 -7.993280411 -0.847442031 0.038419198 0.529496014 77.897956848
0.536297858 0.089962184 0.839220762 111.378921509 -0.022531988 0.995474935 -0.092313334 -8.046540260 -0.843728125 0.030598123 0.535898149 78.236534119
0.542130589 0.088137127 0.835659146 111.879096985 -0.028822754 0.995849192 -0.086333759 -8.101418495 -0.839799702 0.022718167 0.542420685 78.580703735
0.547898412 0.086591348 0.832051277 112.385444641 -0.031553727 0.996059716 -0.082881793 -8.147321701 -0.835949600 0.019156490 0.548471808 78.935958862
0.554349482 0.090407670 0.827359080 112.898864746 -0.036511131 0.995767295 -0.084346764 -8.189816475 -0.831482768 0.016549768 0.555303991 79.295043945
0.560614288 0.094531365 0.822663605 113.414894104 -0.040523544 0.995404303 -0.086765513 -8.235038757 -0.827084839 0.015304747 0.561868608 79.660797119
0.566123784 0.097504936 0.818533242 113.947029114 -0.043613821 0.995131791 -0.088376924 -8.293086052 -0.823165655 0.014332921 0.567620397 80.057586670
0.572546661 0.099763840 0.813779712 114.482688904 -0.045743085 0.994910061 -0.089785956 -8.339306831 -0.818594992 0.014181864 0.574196041 80.443168640
