1.000000000 0.000000000 0.000000000 0.000000000 0.000000000 1.000000000 0.000000000 0.000000000 0.000000000 0.000000000 1.000000000 0.000000000
1.000000000 -0.000066186 0.000120438 -0.014798602 0.000066012 0.999998927 0.001445948 -0.012693072 -0.000120534 -0.001445940 0.999998927 1.315588355
0.999998450 -0.001620929 -0.000635314 -0.010545271 0.001622060 0.999997079 0.001784578 -0.039948761 0.000632419 -0.001785606 0.999998212 2.619770288
0.999995947 -0.002782737 -0.000608779 -0.016167646 0.002783219 0.999995828 0.000791833 -0.056054402 0.000606573 -0.000793524 0.999999464 3.932270527
0.999995470 -0.002965515 -0.000462478 -0.026449120 0.002965898 0.999995291 0.000829188 -0.073578097 0.000460017 -0.000830556 0.999999583 5.252709389
0.999992967 -0.003702845 -0.000614300 -0.024160458 0.003703987 0.999991417 0.001868982 -0.100696445 0.000607374 -0.001871244 0.999998093 6.579379082
0.999986589 -0.005160122 -0.000434540 -0.029970707 0.005161384 0.999982297 0.002954419 -0.115896806 0.000419287 -0.002956622 0.999995589 7.902741432
0.999989450 -0.004574652 -0.000471913 -0.038964484 0.004576304 0.999983191 0.003557308 -0.136264876 0.000455632 -0.003559431 0.999993563 9.243289948
0.999993563 -0.003523287 -0.000724150 -0.047359165 0.003524403 0.999992609 0.001544614 -0.150767237 0.000718702 -0.001547157 0.999998510 10.590125084
0.999998569 -0.001314926 -0.001074926 -0.052259393 0.001314613 0.999999106 -0.000292165 -0.177794591 0.001075309 0.000290752 0.999999404 11.929286003
0.999997020 0.002356313 -0.000652949 -0.071389437 -0.002357044 0.999996603 -0.001120979 -0.201478660 0.000650305 0.001122514 0.999999225 13.268190384
0.999989152 0.004633863 -0.000417563 -0.094534382 -0.004634363 0.999988675 -0.001203671 -0.223180905 0.000411981 0.001205593 0.999999166 14.600836754
0.999983072 0.005774973 -0.000655124 -0.095117152 -0.005775272 0.999983251 -0.000456410 -0.242023811 0.000652477 0.000460186 0.999999642 15.959475517
0.999994636 0.003259040 0.000313526 -0.113706328 -0.003259803 0.999991655 0.002467329 -0.267689556 -0.000305482 -0.002468338 0.999996901 17.310695648
0.999999523 -0.000913325 0.000358891 -0.116438635 0.000911748 0.999990046 0.004370518 -0.286762416 -0.000362879 -0.004370190 0.999990344 18.663532257
0.999994099 -0.003414392 -0.000019845 -0.115184560 0.003414425 0.999992132 0.002008689 -0.302585721 0.000012987 -0.002008745 0.999997973 20.014223099
0.999990284 -0.004397244 -0.000171202 -0.121644139 0.004397274 0.999990284 0.000174065 -0.321706444 0.000170435 -0.000174816 0.999999940 21.370386124
0.999998093 -0.001671096 0.000973193 -0.135354504 0.001672486 0.999997556 -0.001428993 -0.344336301 -0.000970803 0.001430617 0.999998450 22.724479675
0.999998271 0.001170240 0.001538824 -0.144807294 -0.001171007 0.999999166 0.000497864 -0.367355496 -0.001538241 -0.000499665 0.999998629 24.086645126
0.999996483 0.001591882 0.002140294 -0.148720056 -0.001600151 0.999991179 0.003867376 -0.382780343 -0.002134119 -0.003870787 0.999990225 25.461811066
0.999996424 -0.000805368 0.002596992 -0.149463743 0.000789687 0.999981463 0.006033180 -0.400179178 -0.002601803 -0.006031107 0.999978364 26.840087891
0.999984860 -0.005208319 0.001778449 -0.140576601 0.005200857 0.999977887 0.004174735 -0.417731613 -0.001800153 -0.004165423 0.999989688 28.231929779
0.999985039 -0.005071469 0.002061486 -0.147526383 0.005067946 0.999985754 0.001710380 -0.429525644 -0.002070131 -0.001699907 0.999996364 29.606061935
0.999980628 -0.005499837 0.002902799 -0.157905713 0.005502366 0.999984503 -0.000863832 -0.451153278 -0.002898003 0.000879788 0.999995410 30.967220306
0.999991298 -0.001885510 0.003714312 -0.171853676 0.001890039 0.999997497 -0.001216107 -0.477365732 -0.003712010 0.001223116 0.999992371 32.347023010
0.999991894 -0.001215355 0.003844710 -0.168908983 0.001229391 0.999992609 -0.003650626 -0.501665175 -0.003840245 0.003655323 0.999985933 33.708805084
0.999992430 -0.000691675 0.003848036 -0.164877534 0.000703310 0.999995172 -0.003022910 -0.525829375 -0.003845927 0.003025593 0.999988019 35.106304169
0.999990642 0.000155694 0.004317355 -0.188170508 -0.000147651 0.999998271 -0.001863144 -0.552813530 -0.004317637 0.001862490 0.999988973 36.486175537
0.999992192 0.001175039 0.003763909 -0.189394981 -0.001174713 0.999999285 -0.000088963 -0.576782823 -0.003764012 0.000084541 0.999992967 37.887355804
0.999984145 0.004110293 0.003843094 -0.197321147 -0.004111228 0.999991536 0.000235468 -0.602833986 -0.003842094 -0.000251265 0.999992609 39.283374786
0.999969184 0.006635455 0.004191798 -0.204678014 -0.006635106 0.999978006 -0.000097377 -0.624183059 -0.004192352 0.000069561 0.999991238 40.681690216
0.999954820 0.008584905 0.004083106 -0.210459754 -0.008585679 0.999963105 0.000172025 -0.644755721 -0.004081479 -0.000207074 0.999991655 42.091114044
0.999950647 0.009280313 0.003554434 -0.210122347 -0.009280845 0.999956906 0.000132915 -0.665526271 -0.003553048 -0.000165897 0.999993742 43.495841980
0.999958873 0.008449364 0.003281309 -0.218935430 -0.008450292 0.999964237 0.000268666 -0.691838741 -0.003278922 -0.000296383 0.999994576 44.902088165
0.999971330 0.007256963 0.002153560 -0.212490603 -0.007256775 0.999973655 -0.000095458 -0.712872207 -0.002154196 0.000079827 0.999997675 46.305049896
0.999976575 0.006683125 0.001450373 -0.224172518 -0.006683327 0.999977589 0.000134457 -0.735497057 -0.001449442 -0.000144147 0.999998927 47.705928802
0.999976218 0.006889964 0.000386689 -0.226750910 -0.006890344 0.999975801 0.000987567 -0.752154708 -0.000379875 -0.000990208 0.999999404 49.134986877
0.999974906 0.007034911 -0.000787237 -0.238125771 -0.007034088 0.999974728 0.001042292 -0.781274676 0.000794550 -0.001036728 0.999999106 50.541240692
0.999972641 0.007165088 -0.001876575 -0.254913360 -0.007162192 0.999973178 0.001545904 -0.799993277 0.001887601 -0.001532421 0.999997020 51.948516846
0.999968886 0.007371824 -0.002802100 -0.267634422 -0.007364879 0.999969780 0.002481041 -0.820779324 0.002820306 -0.002460327 0.999993026 53.370574951
0.999979854 0.005331986 -0.003451802 -0.298343837 -0.005320213 0.999980032 0.003410860 -0.842451811 0.003469920 -0.003392427 0.999988198 54.770729065
0.999985814 0.003517827 -0.004020840 -0.305220991 -0.003501565 0.999985695 0.004044337 -0.864140272 0.004035010 -0.004030200 0.999983788 56.211193085
0.999989212 0.001604151 -0.004355582 -0.327082753 -0.001591760 0.999994695 0.002846842 -0.879097044 0.004360126 -0.002839879 0.999986470 57.636554718
0.999987185 0.000187045 -0.005050256 -0.331849128 -0.000170903 0.999994874 0.003196535 -0.899061620 0.005050829 -0.003195632 0.999982238 59.059997559
0.999991119 -0.000781031 -0.004147077 -0.350712270 0.000796853 0.999992371 0.003815018 -0.920861065 0.004144066 -0.003818288 0.999984145 60.493724823
0.999990523 -0.002043268 -0.003862160 -0.356412709 0.002060990 0.999987304 0.004590024 -0.938440323 0.003852733 -0.004597940 0.999982059 61.928279877
0.999990582 -0.002981564 -0.003139356 -0.380729377 0.002995165 0.999986112 0.004336475 -0.967311561 0.003126384 -0.004345838 0.999985695 63.314765930
0.999985576 -0.004714744 -0.002567587 -0.390551239 0.004723327 0.999983251 0.003346941 -0.982826471 0.002551764 -0.003359020 0.999991179 64.727493286
0.999986947 -0.004522374 -0.002366743 -0.390712142 0.004529995 0.999984562 0.003224730 -1.007299066 0.002352122 -0.003235409 0.999992013 66.140197754
0.999992073 -0.003736701 -0.001419048 -0.401488513 0.003741383 0.999987602 0.003310637 -1.026857972 0.001406660 -0.003315920 0.999993563 67.566253662
0.999999344 -0.000372624 -0.001030970 -0.417303950 0.000377001 0.999990880 0.004248573 -1.043120980 0.001029377 -0.004248959 0.999990463 68.950828552
0.999995768 0.002890363 -0.000118820 -0.434488535 -0.002889634 0.999979436 0.005732783 -1.065367222 0.000135387 -0.005732415 0.999983609 70.341712952
0.999978840 0.006473426 0.000612825 -0.443530768 -0.006477132 0.999959469 0.006250012 -1.084660292 -0.000572341 -0.006253851 0.999980271 71.744323730
0.999944806 0.010437033 0.001208908 -0.459817320 -0.010443872 0.999928653 0.005795280 -1.100097060 -0.001148337 -0.005807586 0.999982536 73.138298035
0.999898136 0.014127855 0.002043022 -0.479368687 -0.014138069 0.999887168 0.005074498 -1.120382667 -0.001971100 -0.005102866 0.999984980 74.531440735
0.999870956 0.015795063 0.002930290 -0.489700288 -0.015810147 0.999861479 0.005199614 -1.142698646 -0.002847755 -0.005245271 0.999982178 75.920951843
0.999871314 0.015740870 0.003126170 -0.492972702 -0.015757846 0.999860823 0.005482945 -1.156925321 -0.003039428 -0.005531501 0.999980092 77.328475952
0.999880135 0.015129569 0.003294371 -0.499670327 -0.015146360 0.999872088 0.005132203 -1.178234458 -0.003216301 -0.005181486 0.999981403 78.702140808
0.999904871 0.013454569 0.003072820 -0.503471971 -0.013467724 0.999899983 0.004300717 -1.197146654 -0.003014650 -0.004341691 0.999986053 80.092491150
0.999913216 0.012893892 0.002698266 -0.507437050 -0.012905790 0.999906838 0.004438578 -1.218095899 -0.002640784 -0.004473016 0.999986529 81.463996887
0.999913335 0.012937758 0.002442117 -0.508726597 -0.012948156 0.999906957 0.004291076 -1.233455896 -0.002386373 -0.004322324 0.999987841 82.834243774
0.999923050 0.012335127 0.001253980 -0.500521421 -0.012339734 0.999917030 0.003736407 -1.251597762 -0.001207786 -0.003751593 0.999992251 84.213516235
0.999920309 0.012593271 0.000859477 -0.517453909 -0.012596779 0.999911904 0.004206852 -1.271052599 -0.000806423 -0.004217343 0.999990761 85.561431885
0.999925792 0.012178609 -0.000254461 -0.516860604 -0.012177172 0.999913156 0.005041899 -1.293995500 0.000315842 -0.005038426 0.999987245 86.921821594
0.999947429 0.010153078 -0.001347760 -0.530735016 -0.010144942 0.999931037 0.005911346 -1.308905005 0.001407685 -0.005897363 0.999981642 88.345336914
0.999963403 0.008170163 -0.002528894 -0.533791065 -0.008153727 0.999945939 0.006442722 -1.332005978 0.002581395 -0.006421867 0.999976039 89.675781250
0.999978542 0.005686041 -0.003265614 -0.543222964 -0.005664357 0.999962032 0.006611677 -1.350904226 0.003303085 -0.006593037 0.999972761 91.038192749
0.999981463 0.004388759 -0.004215460 -0.545162201 -0.004362654 0.999971390 0.006182011 -1.376157045 0.004242470 -0.006163506 0.999971926 92.393440247
0.999985397 0.003536345 -0.004084166 -0.555400133 -0.003512575 0.999976993 0.005812930 -1.386734486 0.004104629 -0.005798500 0.999974728 93.722053528
0.999982715 0.004420408 -0.003869476 -0.587726295 -0.004401159 0.999977946 0.004969127 -1.408543110 0.003891356 -0.004952012 0.999980152 95.099815369
0.999983430 0.004229240 -0.003905378 -0.604239881 -0.004211686 0.999980986 0.004492067 -1.427658439 0.003924302 -0.004475544 0.999982238 96.454284668
0.999980092 0.005261932 -0.003479897 -0.623181641 -0.005249793 0.999980092 0.003488561 -1.441787004 0.003498184 -0.003470223 0.999987841 97.796051025
0.999970436 0.006967360 -0.003247120 -0.644830644 -0.006955149 0.999968708 0.003756988 -1.460300684 0.003273195 -0.003734292 0.999987662 99.134651184
0.999972820 0.006650616 -0.003184371 -0.642633677 -0.006633854 0.999964237 0.005246034 -1.481960297 0.003219147 -0.005224767 0.999981105 100.474449158
0.999966383 0.007383924 -0.003593565 -0.658837020 -0.007359386 0.999949872 0.006794454 -1.500129819 0.003643555 -0.006767779 0.999970436 101.804145813
0.999967694 0.007434213 -0.003063499 -0.667467237 -0.007418875 0.999960065 0.004987930 -1.520413995 0.003100458 -0.004965040 0.999982834 103.158706665
0.999966919 0.007662935 -0.002742843 -0.687752187 -0.007656109 0.999967635 0.002490544 -1.533969283 0.002761839 -0.002469461 0.999993086 104.481246948
0.999970973 0.006884876 -0.003262122 -0.693434656 -0.006880937 0.999975562 0.001217268 -1.555838346 0.003270422 -0.001194786 0.999993920 105.803550720
0.999984205 0.004427182 -0.003469601 -0.703245699 -0.004417406 0.999986231 0.002820177 -1.579203486 0.003482039 -0.002804806 0.999989986 107.124725342
0.999992907 0.002737768 -0.002595724 -0.724553347 -0.002727115 0.999987900 0.004098708 -1.586378574 0.002606914 -0.004091599 0.999988258 108.469650269
0.999997199 0.000994473 -0.002152596 -0.731994629 -0.000984090 0.999987900 0.004819355 -1.611267328 0.002157362 -0.004817222 0.999986112 109.797599792
0.999999225 0.000513902 -0.001124030 -0.743780673 -0.000510267 0.999994576 0.003231738 -1.625711918 0.001125685 -0.003231161 0.999994099 111.131271362
0.999996006 0.002800648 -0.000357892 -0.755632341 -0.002800306 0.999995589 0.000952485 -1.644206882 0.000360558 -0.000951479 0.999999464 112.460601807
0.999986529 0.005112963 0.000863416 -0.771027923 -0.005111806 0.999986053 -0.001338828 -1.667161822 -0.000870249 0.001334396 0.999998748 113.771408081
0.999964058 0.008184660 0.002195239 -0.780977547 -0.008181832 0.999965727 -0.001294661 -1.688408375 -0.002205760 0.001276653 0.999996781 115.091636658
0.999947786 0.009448953 0.003882780 -0.788895071 -0.009451723 0.999955118 0.000695815 -1.714247942 -0.003876030 -0.000732478 0.999992192 116.417053223
0.999943256 0.009563658 0.004703165 -0.784226418 -0.009578229 0.999949336 0.003085326 -1.735048652 -0.004673420 -0.003130198 0.999984205 117.750007629
0.999942958 0.009075791 0.005630053 -0.791872501 -0.009095389 0.999952614 0.003465008 -1.753653765 -0.005598338 -0.003516018 0.999978125 119.086120605
0.999931455 0.009743340 0.006490827 -0.787652493 -0.009760667 0.999948859 0.002643159 -1.768272996 -0.006464742 -0.002706333 0.999975383 120.431457520
0.999909937 0.010928087 0.007786615 -0.791382015 -0.010948056 0.999936879 0.002526634 -1.791139007 -0.007758513 -0.002611655 0.999966502 121.759201050
0.999875426 0.012913232 0.009078686 -0.785723031 -0.012935895 0.999913335 0.002441982 -1.811714172 -0.009046366 -0.002559119 0.999955833 123.097518921
0.999852240 0.013752428 0.010309390 -0.790907502 -0.013764231 0.999904633 0.001074924 -1.828494072 -0.010293623 -0.001216666 0.999946237 124.430274963
0.999816835 0.015260206 0.011552471 -0.790647089 -0.015260784 0.999883533 -0.000037944 -1.844549417 -0.011551702 -0.000138363 0.999933243 125.777755737
0.999829412 0.013833244 0.012233634 -0.779950619 -0.013835126 0.999904215 0.000069020 -1.867839575 -0.012231507 -0.000238262 0.999925137 127.123115540
0.999817848 0.013554661 0.013433002 -0.775039494 -0.013569331 0.999907374 0.001001434 -1.885828733 -0.013418184 -0.001183529 0.999909282 128.469924927
0.999833345 0.011804585 0.013922812 -0.763949454 -0.011833603 0.999927998 0.002003742 -1.907289267 -0.013898155 -0.002168165 0.999901056 129.831527710
0.999834776 0.011219950 0.014301090 -0.749180079 -0.011252018 0.999934375 0.002163858 -1.923459530 -0.014275870 -0.002324416 0.999895334 131.179565430
0.999851465 0.008954511 0.014726981 -0.741977155 -0.008992755 0.999956369 0.002532720 -1.944767833 -0.014703658 -0.002664780 0.999888301 132.524169922
0.999870956 0.007342470 0.014287598 -0.732466042 -0.007386830 0.999968052 0.003054545 -1.965320587 -0.014264714 -0.003159691 0.999893248 133.860946655
0.999889314 0.005755702 0.013720465 -0.720600963 -0.005792241 0.999979734 0.002624755 -1.983034968 -0.013705079 -0.002703936 0.999902427 135.212402344
0.999915838 0.004577093 0.012149151 -0.706473112 -0.004604540 0.999986887 0.002232061 -1.997864485 -0.012138778 -0.002287814 0.999923706 136.541397095
0.999932289 0.003254094 0.011174983 -0.695699096 -0.003292270 0.999988735 0.003399538 -2.018504381 -0.011163796 -0.003436099 0.999931812 137.892242432
0.999948382 0.001730939 0.010014201 -0.687676847 -0.001766968 0.999991953 0.003590025 -2.043015718 -0.010007904 -0.003607534 0.999943435 139.219192505
0.999959409 0.001188179 0.008937002 -0.689839900 -0.001221398 0.999992371 0.003712496 -2.061838627 -0.008932522 -0.003723261 0.999953210 140.546691895
0.999971092 0.001005788 0.007533346 -0.677855432 -0.001027925 0.999995172 0.002935234 -2.081955433 -0.007530358 -0.002942894 0.999967337 141.897705078
0.999979198 0.000998209 0.006370254 -0.679427564 -0.001013572 0.999996603 0.002408981 -2.099712610 -0.006367828 -0.002415388 0.999976814 143.228881836
0.999982774 -0.001709792 0.005609093 -0.673999608 0.001708259 0.999998510 0.000278066 -2.128505468 -0.005609560 -0.000268480 0.999984145 144.555282593
0.999966025 -0.006704734 0.004816243 -0.672936738 0.006706094 0.999977529 -0.000266246 -2.147646666 -0.004814350 0.000298535 0.999988317 145.905273438
0.999892116 -0.014171788 0.003867450 -0.667167187 0.014163429 0.999897242 0.002180499 -2.174132347 -0.003897954 -0.002125486 0.999990165 147.234634399
0.999778152 -0.020930158 0.002395111 -0.659271419 0.020921687 0.999774873 0.003509015 -2.191084623 -0.002468017 -0.003458126 0.999991000 148.569900513
0.999692261 -0.024797680 0.000730278 -0.640985668 0.024797717 0.999692500 -0.000045287 -2.209938288 -0.000728931 0.000063383 0.999999762 149.913513184
0.999715328 -0.023806226 0.001580833 -0.661904216 0.023810636 0.999712467 -0.002832670 -2.239824057 -0.001512943 0.002869504 0.999994755 151.229980469
0.999785781 -0.020554733 0.002434914 -0.669050872 0.020565916 0.999777615 -0.004660159 -2.269609451 -0.002338585 0.004709237 0.999986172 152.551696777
0.999784410 -0.020500282 0.003302666 -0.674142420 0.020516047 0.999778032 -0.004813451 -2.297068596 -0.003203256 0.004880172 0.999982953 153.908050537
0.999706924 -0.023854362 0.004140603 -0.676735222 0.023860980 0.999714017 -0.001555813 -2.322067976 -0.004102306 0.001654156 0.999990225 155.255386353
0.999569952 -0.028979491 0.004486966 -0.668919444 0.028973561 0.999579251 0.001380564 -2.348794937 -0.004525086 -0.001249966 0.999988973 156.605514526
0.999441206 -0.033131283 0.004426461 -0.663756013 0.033117697 0.999446571 0.003109429 -2.372500896 -0.004527031 -0.002961098 0.999985337 157.935943604
0.999391675 -0.034605343 0.004332280 -0.654856026 0.034593601 0.999397635 0.002756646 -2.392642021 -0.004425066 -0.002605100 0.999986827 159.291519165
0.999448895 -0.032785214 0.005197565 -0.655373096 0.032767419 0.999456942 0.003473250 -2.411215067 -0.005308615 -0.003301026 0.999980450 160.633987427
0.999573052 -0.028653601 0.005720409 -0.639901638 0.028639205 0.999586523 0.002582821 -2.431934595 -0.005792051 -0.002417890 0.999980271 162.008087158
0.999645174 -0.025500404 0.007695782 -0.671644866 0.025495654 0.999674678 0.000714136 -2.457166672 -0.007711491 -0.000517674 0.999970138 163.314270020
0.999705017 -0.022761757 0.008469054 -0.666621149 0.022760075 0.999740839 0.000294499 -2.478975296 -0.008473563 -0.000101655 0.999964118 164.665008545
0.999752045 -0.020261602 0.009236914 -0.674938440 0.020250449 0.999794066 0.001299416 -2.500453711 -0.009261341 -0.001112042 0.999956489 166.010314941
0.999795139 -0.018370479 0.008504804 -0.657617927 0.018363966 0.999831021 0.000843543 -2.525229931 -0.008518864 -0.000687188 0.999963462 167.379730225
0.999836564 -0.016070871 0.008282307 -0.653610229 0.016085416 0.999869108 -0.001692883 -2.542544365 -0.008254016 0.001825831 0.999964297 168.742034912
0.999893069 -0.012361789 0.007815756 -0.654145062 0.012396891 0.999913216 -0.004458753 -2.565777540 -0.007759959 0.004555168 0.999959528 170.096130371
0.999941289 -0.007116492 0.008164582 -0.665540516 0.007160770 0.999959886 -0.005406850 -2.600390196 -0.008125776 0.005464998 0.999952078 171.457382202
0.999959886 -0.002646020 0.008555368 -0.669364631 0.002682435 0.999987364 -0.004247725 -2.628189087 -0.008544022 0.004270503 0.999954402 172.827301025
0.999958396 0.000490863 0.009107930 -0.671206594 -0.000469624 0.999997139 -0.002333967 -2.655426025 -0.009109049 0.002329593 0.999955773 174.184997559
0.999956071 0.001654180 0.009223493 -0.669349968 -0.001651301 0.999998569 -0.000319687 -2.675131559 -0.009224009 0.000304443 0.999957383 175.562454224
0.999963701 -0.001827297 0.008314760 -0.665006697 0.001820308 0.999997973 0.000847993 -2.699130058 -0.008316292 -0.000832827 0.999965072 176.930145264
0.999976099 -0.003613713 0.005878784 -0.647691727 0.003610985 0.999993324 0.000474422 -2.711961985 -0.005880459 -0.000453182 0.999982655 178.321029663
0.999980152 -0.004124732 0.004764936 -0.660936534 0.004141242 0.999985576 -0.003460361 -2.743047953 -0.004750594 0.003480026 0.999982595 179.695831299
0.999991179 -0.002656448 0.003259711 -0.658901989 0.002680932 0.999968112 -0.007529912 -2.771530867 -0.003239604 0.007538584 0.999966323 181.088897705
0.999993503 0.002511173 0.002556710 -0.669157505 -0.002489992 0.999962807 -0.008254229 -2.802951574 -0.002577343 0.008247811 0.999962687 182.497787476
0.999979019 0.005996781 0.002437680 -0.679497480 -0.005979056 0.999956071 -0.007214508 -2.837028265 -0.002480837 0.007199781 0.999971032 183.887298584
0.999961972 0.008199096 0.002948941 -0.695428848 -0.008187874 0.999959290 -0.003797771 -2.868635654 -0.002979959 0.003773482 0.999988437 185.266067505
0.999954641 0.008997110 0.003117375 -0.696594000 -0.008991659 0.999957979 -0.001757755 -2.894632816 -0.003133059 0.001729644 0.999993622 186.677413940
0.999963462 0.007977682 0.003073839 -0.694186926 -0.007975098 0.999967813 -0.000851949 -2.913188696 -0.003080537 0.000827403 0.999994934 188.103088379
0.999973118 0.006610312 0.003178230 -0.697820842 -0.006608887 0.999978065 -0.000458803 -2.935652733 -0.003181193 0.000437786 0.999994814 189.512832642
0.999985039 0.004208950 0.003507716 -0.701873481 -0.004209407 0.999991119 0.000122969 -2.960862160 -0.003507168 -0.000137733 0.999993801 190.937713623
0.999993265 0.000984431 0.003527666 -0.693059921 -0.000985060 0.999999523 0.000176424 -2.980378866 -0.003527490 -0.000179898 0.999993742 192.377166748
0.999989152 -0.002342666 0.004016308 -0.693789363 0.002337123 0.999996305 0.001384356 -3.003664255 -0.004019536 -0.001374954 0.999991000 193.801528931
0.999967515 -0.006825404 0.004269291 -0.689555526 0.006812635 0.999972284 0.002998153 -3.025454760 -0.004289636 -0.002968971 0.999986410 195.257720947
0.999943554 -0.009647264 0.004451113 -0.680361986 0.009633746 0.999949038 0.003048977 -3.044034243 -0.004480300 -0.003005924 0.999985397 196.683685303
0.999959171 -0.007347577 0.005255310 -0.694583714 0.007355783 0.999971747 -0.001543813 -3.068252563 -0.005243818 0.001582407 0.999984980 198.113265991
0.999986827 0.000049510 0.005141611 -0.696131289 -0.000016245 0.999979079 -0.006469714 -3.092422962 -0.005141824 0.006469545 0.999965847 199.534530640
0.999931335 0.009395224 0.007017707 -0.719547927 -0.009348245 0.999933898 -0.006697630 -3.123270273 -0.007080168 0.006631566 0.999952972 200.966613770
0.999824464 0.016895954 0.008090243 -0.733075082 -0.016869675 0.999852300 -0.003305475 -3.146755457 -0.008144895 0.003168416 0.999961853 202.398864746
0.999798417 0.017869251 0.009151315 -0.740402937 -0.017863469 0.999840200 -0.000713381 -3.181457996 -0.009162598 0.000549763 0.999957800 203.815902710
0.999835074 0.015934782 0.008711547 -0.735261381 -0.015932480 0.999872983 -0.000333840 -3.201217651 -0.008715758 0.000194988 0.999961972 205.252166748
0.999895513 0.012436628 0.007365458 -0.723948777 -0.012434775 0.999922633 -0.000297308 -3.227918625 -0.007368587 0.000205689 0.999972820 206.706161499
0.999917448 0.010903556 0.006796636 -0.727710545 -0.010898369 0.999940276 -0.000799672 -3.248579979 -0.006804951 0.000725533 0.999976575 208.157958984
0.999919593 0.011210627 0.005930678 -0.710276663 -0.011202103 0.999936104 -0.001468741 -3.274551392 -0.005946764 0.001402187 0.999981344 209.644790649
0.999899983 0.012735168 0.006155721 -0.716339052 -0.012727169 0.999918044 -0.001336903 -3.297593117 -0.006172242 0.001258424 0.999980211 211.113540649
0.999886215 0.013779367 0.006157883 -0.725016713 -0.013777196 0.999905050 -0.000395059 -3.324917316 -0.006162742 0.000310175 0.999980986 212.567947388
0.999895394 0.013372465 0.005501786 -0.709207654 -0.013367999 0.999910295 -0.000847203 -3.352919340 -0.005512621 0.000773566 0.999984503 214.069152832
0.999904275 0.012875231 0.005058734 -0.704958141 -0.012865452 0.999915302 -0.001960839 -3.382158518 -0.005083552 0.001895569 0.999985278 215.538894653
0.999912620 0.012379594 0.004642817 -0.702808082 -0.012368446 0.999920487 -0.002422060 -3.400826216 -0.004672432 0.002364424 0.999986291 217.011749268
0.999910653 0.012624085 0.004392448 -0.708638549 -0.012613614 0.999917567 -0.002403966 -3.428394556 -0.004422434 0.002348347 0.999987483 218.483764648
0.999907434 0.012942294 0.004182407 -0.714019775 -0.012931240 0.999912858 -0.002658992 -3.453162432 -0.004216455 0.002604662 0.999987721 219.962860107
0.999910533 0.012848679 0.003713127 -0.716955721 -0.012838437 0.999913692 -0.002768879 -3.482510328 -0.003748384 0.002720961 0.999989271 221.446838379
0.999897122 0.013850883 0.003733781 -0.726905823 -0.013839928 0.999899864 -0.002943365 -3.509533405 -0.003774175 0.002891387 0.999988675 222.884689331
0.999896824 0.013949359 0.003418786 -0.731177330 -0.013937811 0.999897122 -0.003378207 -3.532713175 -0.003465558 0.003330208 0.999988437 224.364822388
0.999896944 0.014019075 0.003098359 -0.740661919 -0.014009880 0.999897420 -0.002969294 -3.565680265 -0.003139668 0.002925581 0.999990821 225.840896606
0.999906719 0.013227754 0.003423909 -0.750508785 -0.013216487 0.999907255 -0.003292702 -3.589564800 -0.003467147 0.003247143 0.999988735 227.337860107
0.999924123 0.011927302 0.003079166 -0.753637671 -0.011917539 0.999923944 -0.003169756 -3.623317242 -0.003116739 0.003132819 0.999990165 228.820205688
0.999935031 0.010839388 0.003537037 -0.762838960 -0.010829952 0.999937832 -0.002675647 -3.655902624 -0.003565819 0.002637167 0.999990165 230.315307617
0.999948800 0.009387157 0.003772640 -0.763178468 -0.009379231 0.999953806 -0.002112885 -3.679343462 -0.003792300 0.002077392 0.999990582 231.834762573
0.999947429 0.009660161 0.003433346 -0.762731075 -0.009652884 0.999951124 -0.002130466 -3.703160286 -0.003453759 0.002097212 0.999991834 233.337722778
0.999942124 0.009983190 0.004009808 -0.773851991 -0.009974118 0.999947608 -0.002276347 -3.738175392 -0.004032324 0.002236221 0.999989390 234.852905273
0.999934196 0.010645283 0.004277129 -0.773335934 -0.010633552 0.999939620 -0.002755918 -3.767623186 -0.004306209 0.002710256 0.999987066 236.362869263
0.999919176 0.011827348 0.004675882 -0.776167393 -0.011818329 0.999928236 -0.001951677 -3.797158003 -0.004698631 0.001896258 0.999987185 237.865219116
0.999903321 0.012631772 0.005804662 -0.791191876 -0.012631235 0.999920130 -0.000129147 -3.820665359 -0.005805830 0.000055815 0.999983132 239.383117676
0.999903560 0.012421557 0.006211878 -0.786396325 -0.012422282 0.999922752 0.000078151 -3.842359304 -0.006210428 -0.000155310 0.999980688 240.899841309
0.999890625 0.012901567 0.007223085 -0.792032063 -0.012893204 0.999916077 -0.001203227 -3.870872498 -0.007238002 0.001109967 0.999973178 242.391738892
0.999881268 0.013357628 0.007681819 -0.784771979 -0.013336727 0.999907196 -0.002765578 -3.894326210 -0.007718049 0.002662799 0.999966681 243.907135010
0.999880552 0.013316176 0.007836331 -0.779591620 -0.013300999 0.999909580 -0.001985910 -3.924403667 -0.007862066 0.001881441 0.999967337 245.444091797
0.999887645 0.013122108 0.007245401 -0.762846470 -0.013114878 0.999913454 -0.001044531 -3.949339390 -0.007258481 0.000949391 0.999973118 246.994247437
0.999877691 0.013765506 0.007423761 -0.767568886 -0.013760207 0.999905050 -0.000764183 -3.975622654 -0.007433576 0.000661937 0.999972105 248.516891479
0.999881744 0.013804108 0.006778936 -0.756413579 -0.013802056 0.999904692 -0.000349289 -4.010021210 -0.006783111 0.000255685 0.999976933 250.069686890
0.999861896 0.015040944 0.007066407 -0.753896952 -0.015039980 0.999886870 -0.000189380 -4.033257484 -0.007068456 0.000083075 0.999974966 251.616760254
0.999826312 0.017095601 0.007422943 -0.758352757 -0.017092973 0.999853790 -0.000417364 -4.058810711 -0.007428993 0.000290411 0.999972343 253.158508301
0.999820769 0.017344182 0.007597908 -0.754751623 -0.017342735 0.999849498 -0.000256371 -4.080530167 -0.007601212 0.000124556 0.999971032 254.706756592
0.999842942 0.016136572 0.007330594 -0.753473222 -0.016137753 0.999869764 0.000102003 -4.112046719 -0.007327993 -0.000220286 0.999973118 256.252868652
0.999867201 0.014544968 0.007358441 -0.748146296 -0.014551261 0.999893844 0.000802410 -4.135298252 -0.007345988 -0.000909378 0.999972641 257.780242920
0.999896049 0.012274046 0.007570049 -0.743681788 -0.012283945 0.999923766 0.001262415 -4.153373241 -0.007553976 -0.001355274 0.999970555 259.298492432
0.999911129 0.010806161 0.007799249 -0.749235034 -0.010810741 0.999941409 0.000545308 -4.174403191 -0.007792898 -0.000629575 0.999969423 260.820770264
0.999924898 0.009589842 0.007631851 -0.748437405 -0.009587158 0.999953985 -0.000388084 -4.199129105 -0.007635220 0.000314887 0.999970794 262.371734619
0.999934435 0.008236079 0.007954223 -0.733991385 -0.008244043 0.999965549 0.000968716 -4.221073151 -0.007945971 -0.001034227 0.999967873 263.930267334
0.999948323 0.005902689 0.008266866 -0.726356626 -0.005927832 0.999977827 0.003020232 -4.248364925 -0.008248856 -0.003069080 0.999961257 265.476043701
0.999955535 0.005078484 0.007947005 -0.711701572 -0.005093896 0.999985099 0.001920340 -4.267091751 -0.007937135 -0.001960736 0.999966562 267.073425293
0.999954939 0.004638399 0.008284479 -0.700713098 -0.004645031 0.999988854 0.000781472 -4.286298275 -0.008280762 -0.000819918 0.999965429 268.622497559
0.999942660 0.005569247 0.009147086 -0.694517910 -0.005574224 0.999984324 0.000518687 -4.314209938 -0.009144055 -0.000569646 0.999957979 270.173309326
0.999926209 0.006945200 0.009968134 -0.689445317 -0.006954574 0.999975443 0.000906023 -4.344199657 -0.009961597 -0.000975281 0.999949872 271.706512451
0.999904871 0.008806989 0.010607438 -0.688011050 -0.008806420 0.999961197 -0.000100474 -4.359126568 -0.010607912 0.000007051 0.999943733 273.237335205
0.999881804 0.010046661 0.011633654 -0.677282035 -0.010043549 0.999949574 -0.000325818 -4.386324883 -0.011636339 0.000208937 0.999932289 274.791687012
0.999867797 0.010972306 0.011993918 -0.660896063 -0.010963406 0.999939561 -0.000807425 -4.410414219 -0.012002052 0.000675824 0.999927700 276.312561035
0.999851644 0.011619649 0.012716691 -0.655231953 -0.011599819 0.999931335 -0.001631934 -4.438572407 -0.012734783 0.001484181 0.999917805 277.856506348
0.999845862 0.010644922 0.013963211 -0.647217214 -0.010621957 0.999942064 -0.001717901 -4.469498158 -0.013980690 0.001569319 0.999901116 279.410186768
0.999851704 0.010063918 0.013976506 -0.605583787 -0.010046264 0.999948621 -0.001332747 -4.501682281 -0.013989201 0.001192138 0.999901354 280.956695557
0.999858379 0.008620474 0.014454377 -0.588427126 -0.008615943 0.999962807 -0.000375741 -4.526353359 -0.014457080 0.000251149 0.999895453 282.532989502
0.999864280 0.007449788 0.014690177 -0.574771464 -0.007449070 0.999972224 -0.000103548 -4.553809166 -0.014690539 -0.000005894 0.999892116 284.092987061
0.999870718 0.007144050 0.014406307 -0.553358376 -0.007107962 0.999971449 -0.002554686 -4.583968639 -0.014424145 0.002451956 0.999893010 285.659851074
0.999880672 0.005883055 0.014285547 -0.534930348 -0.005815776 0.999971807 -0.004746599 -4.614935875 -0.014313069 0.004662951 0.999886692 287.235992432
0.999893188 0.005569029 0.013523738 -0.519119918 -0.005505227 0.999973536 -0.004750382 -4.643906593 -0.013549835 0.004675423 0.999897242 288.806060791
0.999911189 0.004698442 0.012464775 -0.505178988 -0.004639207 0.999977946 -0.004776801 -4.674961567 -0.012486941 0.004718550 0.999910891 290.372863770
0.999925077 0.004737833 0.011284166 -0.498422205 -0.004675719 0.999973774 -0.005524609 -4.704382896 -0.011310045 0.005471434 0.999921083 291.915863037
0.999929070 0.004776091 0.010908146 -0.492325425 -0.004713369 0.999972224 -0.005768506 -4.736415863 -0.010935393 0.005716683 0.999923885 293.492187500
0.999940217 0.004548628 0.009943621 -0.473338634 -0.004496500 0.999976039 -0.005258491 -4.770974636 -0.009967304 0.005213465 0.999936759 295.066833496
0.999950945 0.003930020 0.009087701 -0.469254076 -0.003884898 0.999980092 -0.004977464 -4.808089256 -0.009107082 0.004941915 0.999946296 296.634643555
0.999962449 0.003531159 0.007912785 -0.462350965 -0.003504115 0.999987960 -0.003429038 -4.843693733 -0.007924797 0.003401182 0.999962807 298.203155518
0.999962747 0.004995812 0.007042919 -0.456702679 -0.004980841 0.999985278 -0.002141700 -4.872817039 -0.007053516 0.002106541 0.999972880 299.785644531
0.999954879 0.005214865 0.007932290 -0.452257454 -0.005197934 0.999984145 -0.002153472 -4.899071693 -0.007943396 0.002112143 0.999966204 301.379455566
0.999948025 0.005533919 0.008559161 -0.443585008 -0.005514347 0.999982119 -0.002308587 -4.927879333 -0.008571785 0.002261269 0.999960721 302.986328125
0.999949634 0.004153757 0.009136688 -0.442240715 -0.004129591 0.999987900 -0.002662199 -4.955368519 -0.009147634 0.002624333 0.999954700 304.561492920
0.999953151 0.002601783 0.009324382 -0.430770069 -0.002568969 0.999990463 -0.003529482 -4.988146305 -0.009333477 0.003505363 0.999950290 306.153442383
0.999952734 0.000904061 0.009682639 -0.415482819 -0.000850424 0.999984264 -0.005542219 -5.017980576 -0.009687497 0.005533723 0.999937713 307.750000000
0.999955535 0.000483239 0.009415354 -0.407103986 -0.000421069 0.999978065 -0.006603853 -5.050069809 -0.009418339 0.006599595 0.999933779 309.350982666
0.999973714 0.001312695 0.007122856 -0.404536486 -0.001257965 0.999969661 -0.007682829 -5.083429337 -0.007132725 0.007673665 0.999945104 310.960418701
0.999984264 0.002216896 0.005156113 -0.407832652 -0.002181323 0.999973834 -0.006894553 -5.120206356 -0.005171263 0.006883197 0.999962926 312.550994873
0.999985278 0.003119842 0.004438099 -0.404268652 -0.003103414 0.999988317 -0.003703707 -5.152627468 -0.004449602 0.003689879 0.999983311 314.180297852
0.999986827 0.001694478 0.004845862 -0.390607297 -0.001690835 0.999998271 -0.000755628 -5.183286667 -0.004847135 0.000747424 0.999987960 315.822143555
0.999989808 0.000664822 0.004475170 -0.384321004 -0.000665802 0.999999762 0.000217494 -5.211396217 -0.004475025 -0.000220471 0.999989927 317.445373535
0.999987066 -0.000463689 0.005063120 -0.386057854 0.000469455 0.999999166 -0.001137602 -5.235477448 -0.005062589 0.001139964 0.999986529 319.072082520
0.999985516 -0.002087591 0.004941185 -0.384292901 0.002092103 0.999997377 -0.000908105 -5.263171196 -0.004939276 0.000918430 0.999987364 320.681579590
0.999979317 -0.001640740 0.006214035 -0.413033992 0.001644997 0.999998331 -0.000680066 -5.289582729 -0.006212910 0.000690274 0.999980390 322.279998779
0.999975026 -0.001521943 0.006892674 -0.411407709 0.001527847 0.999998450 -0.000851314 -5.317565918 -0.006891368 0.000861824 0.999975860 323.901611328
0.999974132 -0.000568817 0.007158035 -0.410230070 0.000582110 0.999998093 -0.001855182 -5.345032215 -0.007156967 0.001859301 0.999972641 325.515197754
0.999970376 0.000748582 0.007659600 -0.404496372 -0.000729162 0.999996543 -0.002537875 -5.380042076 -0.007661473 0.002532215 0.999967396 327.138610840
0.999966323 -0.000722689 0.008168881 -0.394487679 0.000725323 0.999999702 -0.000319481 -5.412853241 -0.008168647 0.000325395 0.999966562 328.778015137
0.999964058 -0.001467558 0.008346788 -0.390440851 0.001464784 0.999998868 0.000338469 -5.441489697 -0.008347275 -0.000326231 0.999965131 330.374969482
0.999963284 -0.002915466 0.008055612 -0.376881480 0.002925249 0.999994993 -0.001202820 -5.468974590 -0.008052065 0.001226341 0.999966919 332.007781982
0.999964535 -0.000937233 0.008367695 -0.376042604 0.000946914 0.999998808 -0.001153092 -5.497206688 -0.008366604 0.001160974 0.999964297 333.625152588
0.999967396 0.000760178 0.008027911 -0.377001166 -0.000735074 0.999994874 -0.003129581 -5.529000282 -0.008030248 0.003123579 0.999962866 335.229431152
0.999967813 0.002716606 0.007551684 -0.378601313 -0.002672120 0.999979198 -0.005894742 -5.565666199 -0.007567539 0.005874374 0.999954104 336.821075439
0.999970615 0.003889450 0.006608536 -0.376483858 -0.003852989 0.999977350 -0.005521163 -5.598348141 -0.006629860 0.005495539 0.999962866 338.433776855
0.999973655 0.004856787 0.005407181 -0.375725657 -0.004844877 0.999985814 -0.002213519 -5.630520344 -0.005417855 0.002187263 0.999982953 340.011596680
0.999975622 0.005484574 0.004320102 -0.375230700 -0.005488602 0.999984503 0.000921145 -5.667012691 -0.004314982 -0.000944834 0.999990225 341.629760742
0.999976575 0.006121981 0.003063479 -0.379102260 -0.006120457 0.999981105 -0.000507101 -5.692852974 -0.003066526 0.000488339 0.999995172 343.233642578
0.999986112 0.005164837 0.001004428 -0.381516486 -0.005162709 0.999984384 -0.002110498 -5.721568108 -0.001015313 0.002105283 0.999997258 344.825347900
0.999991834 0.003847143 -0.001222882 -0.377817959 -0.003848462 0.999991953 -0.001077928 -5.745069504 0.001218725 0.001082626 0.999998689 346.428955078
0.999993324 0.002813912 -0.002320863 -0.385623068 -0.002815319 0.999995887 -0.000603318 -5.776268005 0.002319156 0.000609848 0.999997139 348.018951416
0.999994338 0.001980348 -0.002707274 -0.407060742 -0.001984101 0.999997079 -0.001384248 -5.800497532 0.002704525 0.001389611 0.999995291 349.600311279
0.999994099 0.000863109 -0.003321297 -0.412053645 -0.000871111 0.999996722 -0.002408489 -5.829925060 0.003319207 0.002411368 0.999991596 351.191894531
0.999994159 0.000755580 -0.003340785 -0.424295992 -0.000764508 0.999996126 -0.002672058 -5.858048916 0.003338753 0.002674597 0.999990821 352.788299561
0.999993920 0.000165397 -0.003491216 -0.437178165 -0.000175612 0.999995649 -0.002925826 -5.887642384 0.003490717 0.002926421 0.999989569 354.385345459
0.999992669 -0.000336767 -0.003823633 -0.446378410 0.000322203 0.999992669 -0.003809009 -5.917192936 0.003824887 0.003807749 0.999985397 355.981384277
0.999994695 0.000396027 -0.003238379 -0.472185344 -0.000410596 0.999989808 -0.004499352 -5.950645447 0.003236564 0.004500657 0.999984622 357.591705322
0.999994099 -0.000248569 -0.003426785 -0.482739329 0.000233550 0.999990344 -0.004382714 -5.981740952 0.003427841 0.004381889 0.999984503 359.178863525
0.999993503 -0.000322990 -0.003585046 -0.490607083 0.000305524 0.999988079 -0.004871288 -6.019842625 0.003586577 0.004870161 0.999981701 360.777893066
0.999991655 -0.002046645 -0.003514093 -0.502097070 0.002024285 0.999977767 -0.006354872 -6.054269314 0.003527022 0.006347706 0.999973655 362.371246338
0.999989092 -0.003272699 -0.003339654 -0.516702533 0.003257587 0.999984503 -0.004520147 -6.088521481 0.003354395 0.004509218 0.999984205 363.989959717
0.999975979 -0.005665282 -0.004002721 -0.510115802 0.005651678 0.999978244 -0.003401704 -6.126028538 0.004021905 0.003378999 0.999986231 365.587951660
0.999981046 -0.005379303 -0.002987708 -0.538602948 0.005365301 0.999974608 -0.004674678 -6.155489922 0.003012779 0.004658559 0.999984622 367.190093994
0.999989271 -0.004012674 -0.002328410 -0.561348438 0.003999671 0.999976516 -0.005562794 -6.180547714 0.002350676 0.005553421 0.999981821 368.804534912
0.999993682 -0.003109482 -0.001676081 -0.584658325 0.003102078 0.999985456 -0.004401927 -6.224729061 0.001689744 0.004396701 0.999988914 370.386657715
0.999998033 -0.001509510 -0.001236611 -0.595072865 0.001505099 0.999992490 -0.003560568 -6.254428387 0.001241976 0.003558700 0.999992847 371.995666504
0.999997973 -0.001778859 -0.000939093 -0.599405289 0.001775499 0.999992073 -0.003567388 -6.293756008 0.000945431 0.003565713 0.999993145 373.610137939
0.999998629 -0.001505734 -0.000621549 -0.619520009 0.001502648 0.999986708 -0.004935836 -6.316907406 0.000628972 0.004934896 0.999987602 375.201599121
0.999999583 -0.000786562 -0.000284880 -0.622259676 0.000785196 0.999988317 -0.004763648 -6.357156277 0.000288624 0.004763423 0.999988616 376.820251465
0.999999583 -0.000909823 -0.000147258 -0.617929578 0.000909155 0.999989569 -0.004474472 -6.396147728 0.000151328 0.004474337 0.999989986 378.449951172
0.999999523 0.000979171 0.000222238 -0.637897611 -0.000978111 0.999988377 -0.004719937 -6.423731327 -0.000226857 0.004719718 0.999988794 380.093322754
0.999996066 0.002623447 0.001023527 -0.649037063 -0.002619174 0.999987960 -0.004154705 -6.456632614 -0.001034414 0.004152007 0.999990821 381.696258545
0.999989867 0.004230693 0.001518262 -0.668241501 -0.004223244 0.999979198 -0.004876274 -6.491159439 -0.001538861 0.004869814 0.999986947 383.329559326
