1.000000000 0.000000000 0.000000000 0.000000000 0.000000000 1.000000000 0.000000000 0.000000000 0.000000000 0.000000000 1.000000000 0.000000000
1.000000000 -0.000045633 0.000105615 -0.014460724 0.000045481 0.999998987 0.001439703 -0.012554082 -0.000105680 -0.001439698 0.999998987 1.315620065
0.999998391 -0.001619206 -0.000675033 -0.009240014 0.001620391 0.999997079 0.001758937 -0.039427888 0.000672183 -0.001760028 0.999998212 2.618988037
0.999995828 -0.002811338 -0.000668973 -0.014523811 0.002811806 0.999995828 0.000698499 -0.054665778 0.000667007 -0.000700377 0.999999523 3.930680513
0.999995232 -0.003047618 -0.000507936 -0.024684064 0.003047999 0.999995053 0.000750540 -0.072074689 0.000505646 -0.000752084 0.999999583 5.256153584
0.999992609 -0.003777951 -0.000732975 -0.023156334 0.003779259 0.999991238 0.001789992 -0.098402746 0.000726206 -0.001792749 0.999998152 6.573639393
0.999986291 -0.005228758 -0.000451610 -0.030478029 0.005229979 0.999982476 0.002746407 -0.111536853 0.000437242 -0.002748731 0.999996185 7.899137020
0.999989271 -0.004606622 -0.000508354 -0.038194172 0.004608319 0.999983609 0.003389759 -0.133575290 0.000492730 -0.003392066 0.999994099 9.236221313
0.999993682 -0.003496765 -0.000635397 -0.049783166 0.003497670 0.999992847 0.001428080 -0.149339586 0.000630398 -0.001430293 0.999998748 10.581681252
0.999998569 -0.001308600 -0.001011558 -0.053347830 0.001308287 0.999999046 -0.000309990 -0.177653790 0.001011963 0.000308666 0.999999464 11.917877197
0.999996901 0.002427233 -0.000511364 -0.070349954 -0.002427801 0.999996483 -0.001111625 -0.200772434 0.000508664 0.001112863 0.999999285 13.261165619
0.999989390 0.004567739 -0.000480729 -0.090577364 -0.004568380 0.999988616 -0.001342974 -0.221085295 0.000474590 0.001345155 0.999998987 14.591943741
0.999983013 0.005788750 -0.000590030 -0.095879927 -0.005789091 0.999983013 -0.000576514 -0.240431309 0.000586682 0.000579920 0.999999642 15.946937561
0.999994576 0.003289322 0.000120997 -0.104664750 -0.003289592 0.999991894 0.002308130 -0.264182329 -0.000113404 -0.002308516 0.999997318 17.304588318
0.999999583 -0.000900653 0.000138172 -0.105637684 0.000900047 0.999990284 0.004323740 -0.284728676 -0.000142065 -0.004323613 0.999990642 18.656990051
0.999994695 -0.003264071 -0.000102286 -0.111918032 0.003264254 0.999992967 0.001847459 -0.299324930 0.000096255 -0.001847782 0.999998212 20.002979279
0.999988317 -0.004832897 -0.000154020 -0.111904778 0.004832944 0.999988198 0.000300939 -0.328127772 0.000152563 -0.000301680 0.999999940 21.359912872
0.999997497 -0.001978846 0.001026626 -0.134566054 0.001980145 0.999997139 -0.001266063 -0.346029788 -0.001024117 0.001268093 0.999998689 22.706752777
0.999998450 0.000877740 0.001545816 -0.139634699 -0.000877912 0.999999583 0.000110724 -0.354778022 -0.001545719 -0.000112081 0.999998748 24.084678650
0.999997735 0.000937817 0.001878858 -0.142911434 -0.000945841 0.999990523 0.004274330 -0.388792664 -0.001874832 -0.004276097 0.999989092 25.439256668
0.999995291 -0.000888530 0.002971426 -0.155925080 0.000870786 0.999981821 0.005967526 -0.394532353 -0.002976674 -0.005964910 0.999977767 26.807950974
0.999980986 -0.005806317 0.002033631 -0.140115887 0.005797432 0.999973714 0.004347574 -0.415042877 -0.002058821 -0.004335700 0.999988496 28.193407059
0.999980748 -0.005838319 0.002047965 -0.142639831 0.005834074 0.999980867 0.002072098 -0.429159671 -0.002060022 -0.002060109 0.999995708 29.569456100
0.999975681 -0.006379588 0.002820687 -0.144758657 0.006381162 0.999979436 -0.000549453 -0.451574147 -0.002817123 0.000567439 0.999995828 30.944465637
0.999988735 -0.003059343 0.003633588 -0.159863800 0.003063497 0.999994636 -0.001138273 -0.476352632 -0.003630086 0.001149392 0.999992728 32.319011688
0.999989390 -0.002463111 0.003890863 -0.159674898 0.002475310 0.999992013 -0.003133713 -0.504076481 -0.003883114 0.003143311 0.999987483 33.700241089
0.999991179 -0.001895415 0.003748859 -0.156188443 0.001904340 0.999995410 -0.002378773 -0.528667212 -0.003744333 0.002385891 0.999990165 35.092971802
0.999991298 -0.001259552 0.003969575 -0.168779165 0.001265047 0.999998271 -0.001381991 -0.553288460 -0.003967828 0.001387000 0.999991119 36.478408813
0.999993503 0.000000754 0.003590483 -0.174306452 -0.000001717 0.999999940 0.000268280 -0.576343238 -0.003590482 -0.000268284 0.999993503 37.878433228
0.999989808 0.002771931 0.003561412 -0.175871924 -0.002774232 0.999995947 0.000641278 -0.602919579 -0.003559620 -0.000651151 0.999993443 39.286289215
0.999978423 0.005274531 0.003917606 -0.184484571 -0.005274837 0.999986112 0.000067896 -0.621857882 -0.003917194 -0.000088559 0.999992311 40.683326721
0.999966741 0.007214122 0.003786263 -0.186414957 -0.007216487 0.999973774 0.000611376 -0.644168794 -0.003781753 -0.000638679 0.999992669 42.094291687
0.999961257 0.008096489 0.003438020 -0.189980879 -0.008097680 0.999967158 0.000332473 -0.662746727 -0.003435215 -0.000360300 0.999994040 43.496952057
0.999968767 0.007345572 0.002920455 -0.190203339 -0.007346356 0.999972999 0.000258555 -0.685725987 -0.002918476 -0.000280001 0.999995708 44.921470642
0.999976695 0.006466345 0.002209126 -0.190255135 -0.006466067 0.999979138 -0.000133199 -0.706383646 -0.002209941 0.000118912 0.999997556 46.312999725
0.999983251 0.005668459 0.001166519 -0.193341851 -0.005668668 0.999983907 0.000176786 -0.731866002 -0.001165498 -0.000183395 0.999999225 47.736606598
0.999982059 0.005986701 0.000097116 -0.196636453 -0.005986821 0.999981284 0.001290493 -0.751435816 -0.000089389 -0.001291052 0.999999166 49.164093018
0.999978662 0.006450944 -0.000956238 -0.205819070 -0.006449973 0.999978662 0.001015054 -0.774632037 0.000962766 -0.001008864 0.999999046 50.576938629
0.999974489 0.006859235 -0.001975724 -0.219843358 -0.006856521 0.999975502 0.001377125 -0.792210817 0.001985122 -0.001363543 0.999997139 52.000465393
0.999972403 0.006713142 -0.003178057 -0.230032012 -0.006705186 0.999974370 0.002507930 -0.818245053 0.003194812 -0.002486551 0.999991834 53.415252686
0.999979734 0.005211051 -0.003663536 -0.244405463 -0.005198487 0.999980569 0.003430919 -0.837143242 0.003681344 -0.003411805 0.999987423 54.851337433
0.999985576 0.003222351 -0.004299328 -0.252523005 -0.003206061 0.999987662 0.003790752 -0.860480189 0.004311490 -0.003776913 0.999983609 56.302597046
0.999988496 0.001132302 -0.004647660 -0.268591583 -0.001118458 0.999994934 0.002980336 -0.879556000 0.004651011 -0.002975103 0.999984741 57.683631897
0.999987602 -0.000035469 -0.004963968 -0.279558808 0.000054050 0.999993086 0.003742967 -0.902849913 0.004963801 -0.003743190 0.999980688 59.106243134
0.999990106 -0.001034532 -0.004323141 -0.291010529 0.001051537 0.999991715 0.003932967 -0.919780970 0.004319037 -0.003937475 0.999982834 60.518619537
0.999989748 -0.002465485 -0.003788536 -0.299763262 0.002483818 0.999985218 0.004842184 -0.938902259 0.003776542 -0.004851545 0.999981105 61.949066162
0.999988496 -0.003648186 -0.003102740 -0.316022158 0.003662313 0.999982893 0.004559677 -0.966906846 0.003086052 -0.004570987 0.999984801 63.341968536
0.999985874 -0.004705904 -0.002438405 -0.330180973 0.004714457 0.999982715 0.003513792 -0.981510639 0.002421827 -0.003525238 0.999990880 64.751228333
0.999983072 -0.005320033 -0.002357198 -0.325039327 0.005328024 0.999980032 0.003397270 -1.007174611 0.002339078 -0.003409772 0.999991477 66.160583496
0.999989688 -0.004315238 -0.001447498 -0.334158242 0.004320193 0.999984741 0.003437063 -1.025574803 0.001432645 -0.003443281 0.999993145 67.593437195
0.999999225 -0.000775094 -0.000955193 -0.352226794 0.000779320 0.999989867 0.004432450 -1.043156028 0.000951748 -0.004433191 0.999989748 68.966888428
0.999996841 0.002518147 -0.000030569 -0.369737625 -0.002517947 0.999982357 0.005366432 -1.059872746 0.000044082 -0.005366337 0.999985576 70.359733582
0.999981165 0.006109568 0.000529812 -0.374630153 -0.006112777 0.999961555 0.006283944 -1.080792427 -0.000491400 -0.006287064 0.999980092 71.763099670
0.999944210 0.010498510 0.001162603 -0.391521275 -0.010505242 0.999927104 0.005945859 -1.097446561 -0.001100096 -0.005957739 0.999981642 73.158409119
0.999902427 0.013859598 0.001677559 -0.398894638 -0.013868138 0.999890268 0.005193162 -1.117347240 -0.001605400 -0.005215921 0.999985099 74.572052002
0.999875247 0.015605187 0.002413567 -0.405973196 -0.015617307 0.999865055 0.005086318 -1.136346459 -0.002333868 -0.005123377 0.999984145 75.959884644
0.999878585 0.015380003 0.002513333 -0.410608083 -0.015393477 0.999866664 0.005432993 -1.151569009 -0.002429439 -0.005471021 0.999982059 77.359092712
0.999883473 0.014988748 0.002883720 -0.421597183 -0.015003352 0.999874353 0.005112004 -1.171656847 -0.002806735 -0.005154674 0.999982834 78.739921570
0.999908864 0.013218784 0.002740475 -0.423113108 -0.013230408 0.999903381 0.004267163 -1.191838026 -0.002683804 -0.004303031 0.999987066 80.111671448
0.999917746 0.012597930 0.002421247 -0.427610874 -0.012608695 0.999910533 0.004483766 -1.210725904 -0.002364544 -0.004513926 0.999986947 81.498916626
0.999923944 0.012178308 0.001935766 -0.420910001 -0.012186957 0.999915540 0.004521545 -1.233709574 -0.001880538 -0.004544791 0.999987900 82.859382629
0.999934137 0.011413199 0.001137042 -0.419933319 -0.011417571 0.999927104 0.003915489 -1.245839477 -0.001092271 -0.003928213 0.999991715 84.242095947
0.999931753 0.011669316 0.000599247 -0.435640961 -0.011671766 0.999922812 0.004260634 -1.258919477 -0.000549482 -0.004267336 0.999990761 85.611557007
0.999936223 0.011270394 -0.000673667 -0.433303267 -0.011266939 0.999924362 0.004929751 -1.280237913 0.000729176 -0.004921847 0.999987602 86.991577148
0.999957263 0.009121957 -0.001462410 -0.445161730 -0.009112510 0.999938309 0.006343140 -1.313170910 0.001520182 -0.006329542 0.999978781 88.370597839
0.999975383 0.006490312 -0.002641093 -0.462056279 -0.006472608 0.999956787 0.006658141 -1.322423458 0.002684193 -0.006640881 0.999974370 89.736923218
0.999983311 0.004547103 -0.003572206 -0.461622775 -0.004522160 0.999965549 0.006959849 -1.349938154 0.003603730 -0.006943577 0.999969363 91.092788696
0.999983788 0.003805440 -0.004234448 -0.470692515 -0.003779120 0.999973595 0.006206455 -1.364878654 0.004257954 -0.006190352 0.999971807 92.467010498
0.999987960 0.002629674 -0.004148909 -0.484596789 -0.002605203 0.999979198 0.005892785 -1.381739020 0.004164318 -0.005881906 0.999974012 93.803985596
0.999985933 0.002745578 -0.004547216 -0.493785769 -0.002722489 0.999983430 0.005076146 -1.393044710 0.004561077 -0.005063695 0.999976754 95.176818848
0.999986947 0.002691493 -0.004348841 -0.509864807 -0.002671517 0.999985874 0.004592736 -1.415881395 0.004361141 -0.004581058 0.999979973 96.541473389
0.999983966 0.003574027 -0.004401621 -0.523993134 -0.003556110 0.999985397 0.004071574 -1.437105417 0.004416109 -0.004055855 0.999981999 97.878166199
0.999980807 0.004827009 -0.003876642 -0.539491773 -0.004810673 0.999979496 0.004212067 -1.455216885 0.003896895 -0.004193337 0.999983609 99.226249695
0.999979615 0.005151844 -0.003774883 -0.549063206 -0.005129748 0.999969721 0.005839786 -1.472436309 0.003804856 -0.005820302 0.999975860 100.569633484
0.999972522 0.006563986 -0.003447028 -0.570294738 -0.006539581 0.999953806 0.007044029 -1.491592526 0.003493105 -0.007021294 0.999969244 101.899528503
0.999976933 0.006054501 -0.003106127 -0.584797502 -0.006037218 0.999966383 0.005543790 -1.504399896 0.003139588 -0.005524909 0.999979794 103.234413147
0.999975801 0.006258613 -0.003030286 -0.600200534 -0.006248697 0.999975145 0.003270782 -1.527619600 0.003050681 -0.003251768 0.999990046 104.534690857
0.999980092 0.005303991 -0.003415059 -0.601945162 -0.005297596 0.999984324 0.001878501 -1.541247129 0.003424969 -0.001860372 0.999992371 105.889907837
0.999990761 0.002978348 -0.003135085 -0.617956638 -0.002967495 0.999989629 0.003460658 -1.570131183 0.003145361 -0.003451322 0.999989092 107.203300476
0.999996662 0.000436845 -0.002541777 -0.627992749 -0.000422925 0.999984980 0.005474426 -1.587626457 0.002544129 -0.005473333 0.999981821 108.544860840
0.999998391 -0.000795567 -0.001614850 -0.633501887 0.000805179 0.999981940 0.005960294 -1.605537295 0.001610079 -0.005961585 0.999980867 109.868385315
0.999997735 -0.001744272 -0.001227282 -0.635679126 0.001749937 0.999987721 0.004629950 -1.622412920 0.001219191 -0.004632086 0.999988496 111.192115784
0.999999881 0.000197270 -0.000176065 -0.651180267 -0.000196843 0.999997020 0.002423988 -1.644086361 0.000176543 -0.002423953 0.999996960 112.525276184
0.999996185 0.002459101 0.001256695 -0.660661042 -0.002459368 0.999996960 0.000210524 -1.661850929 -0.001256173 -0.000213614 0.999999166 113.870567322
0.999980986 0.005655553 0.002468892 -0.672029853 -0.005656316 0.999983966 0.000302335 -1.684128165 -0.002467143 -0.000316294 0.999996901 115.179382324
0.999965608 0.007185604 0.004156793 -0.682393432 -0.007193168 0.999972463 0.001807603 -1.699581265 -0.004143691 -0.001837441 0.999989688 116.520805359
0.999963462 0.006755804 0.005240366 -0.683789313 -0.006779086 0.999967158 0.004437922 -1.726511717 -0.005210212 -0.004473284 0.999976397 117.846786499
0.999961495 0.006192435 0.006220384 -0.685799241 -0.006222650 0.999968886 0.004849935 -1.741938472 -0.006190157 -0.004888456 0.999968886 119.184501648
0.999953508 0.006583856 0.007046929 -0.681929708 -0.006613829 0.999969125 0.004238420 -1.754281759 -0.007018806 -0.004284830 0.999966204 120.522537231
0.999932289 0.008260754 0.008196248 -0.675393283 -0.008290518 0.999959052 0.003604215 -1.769349933 -0.008166140 -0.003671922 0.999959946 121.865936279
0.999896348 0.010745655 0.009583538 -0.682903767 -0.010776632 0.999936998 0.003186369 -1.786850691 -0.009548694 -0.003289317 0.999948978 123.204307556
0.999876142 0.011497620 0.010744662 -0.679580212 -0.011519011 0.999931872 0.001931172 -1.800846338 -0.010721725 -0.002054701 0.999940336 124.549255371
0.999850869 0.012727039 0.011667054 -0.674160838 -0.012743969 0.999917805 0.001377854 -1.828198910 -0.011648561 -0.001526333 0.999930978 125.886619568
0.999848545 0.011825545 0.012760777 -0.667815208 -0.011839692 0.999929428 0.001033574 -1.843886614 -0.012747656 -0.001184501 0.999917984 127.233436584
0.999848008 0.011103109 0.013440154 -0.651164889 -0.011138385 0.999934673 0.002552553 -1.872023821 -0.013410933 -0.002701866 0.999906421 128.583618164
0.999850929 0.009907112 0.014136223 -0.640839338 -0.009951704 0.999945700 0.003087573 -1.889737129 -0.014104865 -0.003227793 0.999895334 129.902359009
0.999843776 0.009392177 0.014974718 -0.637098432 -0.009445955 0.999949157 0.003524697 -1.907108426 -0.014940850 -0.003665597 0.999881685 131.282104492
0.999862373 0.006990057 0.015051205 -0.622020841 -0.007043805 0.999968946 0.003521027 -1.919859648 -0.015026125 -0.003626560 0.999880552 132.634353638
0.999875486 0.005534795 0.014776628 -0.609581828 -0.005600247 0.999974608 0.004391794 -1.945154905 -0.014751948 -0.004474001 0.999881148 133.992034912
0.999887884 0.004017691 0.014421442 -0.601214767 -0.004077006 0.999983311 0.004085967 -1.961787820 -0.014404784 -0.004144305 0.999887645 135.336669922
0.999908984 0.002933443 0.013161765 -0.589684248 -0.002987197 0.999987185 0.004066366 -1.979734659 -0.013149669 -0.004105313 0.999905050 136.669662476
0.999931157 0.001158577 0.011677719 -0.566381931 -0.001213910 0.999988019 0.004732400 -1.994557142 -0.011672096 -0.004746249 0.999920547 138.042175293
0.999941051 -0.000269498 0.010862040 -0.561086178 0.000215569 0.999987602 0.004965723 -2.011849880 -0.010863245 -0.004963088 0.999928594 139.392745972
0.999958932 -0.000536128 0.009043253 -0.543563962 0.000492485 0.999988198 0.004827575 -2.028624535 -0.009045734 -0.004822922 0.999947429 140.745880127
0.999968290 -0.001316880 0.007853378 -0.541290402 0.001282657 0.999989688 0.004361311 -2.048439980 -0.007859037 -0.004351099 0.999959588 142.080673218
0.999975920 -0.000975173 0.006871365 -0.535709620 0.000948636 0.999992192 0.003864160 -2.064008951 -0.006875078 -0.003857549 0.999968946 143.426116943
0.999974847 -0.003666114 0.006085284 -0.540011048 0.003657286 0.999992311 0.001461203 -2.082731009 -0.006090594 -0.001438910 0.999980390 144.759368896
0.999946177 -0.009146387 0.004899791 -0.524217069 0.009142339 0.999957860 0.000847821 -2.099363804 -0.004907339 -0.000802979 0.999987662 146.127517700
0.999863565 -0.015956467 0.004275035 -0.522638738 0.015942497 0.999867499 0.003282122 -2.117482901 -0.004326839 -0.003213519 0.999985576 147.471771240
0.999733031 -0.022946781 0.002696419 -0.515848994 0.022934524 0.999726892 0.004492290 -2.133702040 -0.002798765 -0.004429250 0.999986291 148.823074341
0.999660909 -0.025994746 0.001518852 -0.503784537 0.025993107 0.999661446 0.001088181 -2.150285006 -0.001546625 -0.001048333 0.999998271 150.178619385
0.999662697 -0.025908422 0.001790023 -0.497881204 0.025912302 0.999661803 -0.002180448 -2.170933485 -0.001732925 0.002226096 0.999996066 151.532379150
0.999747574 -0.022280265 0.002874649 -0.518140674 0.022291802 0.999743342 -0.004046491 -2.205016136 -0.002783754 0.004109550 0.999987662 152.851303101
0.999742210 -0.022385253 0.003818552 -0.527817786 0.022400729 0.999740899 -0.004059558 -2.235162735 -0.003726688 0.004144049 0.999984503 154.180953979
0.999669969 -0.025336811 0.004242663 -0.519279599 0.025339155 0.999678791 -0.000500020 -2.259050608 -0.004228632 0.000607360 0.999990880 155.532302856
0.999531090 -0.030229418 0.004868719 -0.510849237 0.030220330 0.999541402 0.001929787 -2.277420282 -0.004924824 -0.001781748 0.999986291 156.894546509
0.999404609 -0.034164615 0.004820803 -0.504762292 0.034147598 0.999410391 0.003569895 -2.301344872 -0.004939924 -0.003403151 0.999981999 158.232543945
0.999375880 -0.034979023 0.004929938 -0.501936197 0.034964319 0.999383926 0.003038832 -2.312496662 -0.005033197 -0.002864563 0.999983191 159.574768066
0.999415815 -0.033658814 0.005927562 -0.502860069 0.033635393 0.999426126 0.004006243 -2.337479830 -0.006059005 -0.003804527 0.999974430 160.927215576
0.999534965 -0.029617334 0.007253466 -0.514155388 0.029594263 0.999556601 0.003267535 -2.356498241 -0.007347027 -0.003051354 0.999968410 162.265518188
0.999637187 -0.025747573 0.007899176 -0.500923157 0.025741156 0.999668181 0.000912929 -2.375416279 -0.007920060 -0.000709263 0.999968410 163.628311157
0.999701858 -0.022865813 0.008563855 -0.495230556 0.022864508 0.999738514 0.000250601 -2.394509077 -0.008567346 -0.000054718 0.999963343 164.982650757
0.999747872 -0.020531615 0.009087685 -0.498008132 0.020519251 0.999788404 0.001452220 -2.416917801 -0.009115579 -0.001265382 0.999957681 166.330276489
0.999788940 -0.018841317 0.008194562 -0.480455160 0.018834366 0.999822140 0.000924736 -2.438890219 -0.008210527 -0.000770202 0.999966025 167.698989868
0.999827623 -0.016582699 0.008363380 -0.486719489 0.016595718 0.999861121 -0.001489521 -2.458089828 -0.008337520 0.001628060 0.999963939 169.055511475
0.999884963 -0.012962612 0.007870855 -0.487500906 0.012995988 0.999906719 -0.004204295 -2.480571032 -0.007815622 0.004306101 0.999960184 170.397232056
0.999942005 -0.007429380 0.007798885 -0.492557883 0.007472076 0.999957204 -0.005459890 -2.513233900 -0.007757986 0.005517847 0.999954700 171.770141602
0.999962389 -0.003090541 0.008096470 -0.497313499 0.003125522 0.999985754 -0.004311483 -2.539308548 -0.008083030 0.004336627 0.999957919 173.138519287
0.999962687 0.000057373 0.008635296 -0.502234340 -0.000035739 0.999996841 -0.002505486 -2.564239264 -0.008635412 0.002505084 0.999959588 174.498855591
0.999961913 0.001158946 0.008665474 -0.500352383 -0.001155574 0.999999225 -0.000394170 -2.587373257 -0.008665925 0.000384142 0.999962389 175.874160767
0.999968231 -0.001976728 0.007736510 -0.494564176 0.001972269 0.999997914 0.000583917 -2.609932423 -0.007737648 -0.000568640 0.999969959 177.248825073
0.999972284 -0.004205821 0.006145214 -0.485684991 0.004201934 0.999990880 0.000645215 -2.630383015 -0.006147873 -0.000619376 0.999980927 178.634918213
0.999982893 -0.004006614 0.004282251 -0.485722542 0.004023172 0.999984384 -0.003865072 -2.651138544 -0.004266700 0.003882235 0.999983370 180.035537720
0.999990463 -0.003367176 0.002759753 -0.486677587 0.003387756 0.999966264 -0.007486791 -2.686894894 -0.002734450 0.007496070 0.999968112 181.418884277
0.999996722 0.001517334 0.002069921 -0.499375969 -0.001500459 0.999965847 -0.008129725 -2.716781616 -0.002082186 0.008126590 0.999964833 182.818725586
0.999983490 0.005356693 0.002092657 -0.511107266 -0.005341160 0.999958634 -0.007359687 -2.748366833 -0.002131994 0.007348388 0.999970675 184.207778931
0.999971926 0.007093317 0.002405888 -0.522864580 -0.007084441 0.999968171 -0.003677838 -2.781660318 -0.002431900 0.003660690 0.999990344 185.600219727
0.999966562 0.007674025 0.002828086 -0.531986296 -0.007669550 0.999969304 -0.001589236 -2.807344675 -0.002840195 0.001567493 0.999994755 186.995346069
0.999966204 0.007582529 0.003169408 -0.537751853 -0.007579893 0.999970973 -0.000842521 -2.823992729 -0.003175704 0.000818468 0.999994636 188.405975342
0.999978781 0.005802589 0.002959429 -0.537616670 -0.005801589 0.999983132 -0.000346372 -2.849818707 -0.002961389 0.000329196 0.999995589 189.827499390
0.999990225 0.003131964 0.003097033 -0.536155224 -0.003133087 0.999994993 0.000357956 -2.877500057 -0.003095896 -0.000367656 0.999995112 191.267120361
0.999995053 0.000217121 0.003139684 -0.535227835 -0.000218219 0.999999940 0.000349142 -2.898156166 -0.003139608 -0.000349825 0.999994993 192.692489624
0.999988735 -0.002763505 0.003838246 -0.538705885 0.002758461 0.999995351 0.001318900 -2.919884205 -0.003841872 -0.001308298 0.999991775 194.112319946
0.999963880 -0.007352554 0.004266420 -0.538829505 0.007340228 0.999968946 0.002897370 -2.941651821 -0.004287590 -0.002865949 0.999986708 195.537811279
0.999938607 -0.010077548 0.004611834 -0.527722299 0.010064036 0.999945045 0.002944056 -2.964282751 -0.004641248 -0.002897461 0.999985039 196.970962524
0.999957025 -0.007852664 0.004925595 -0.525918365 0.007859698 0.999968112 -0.001410168 -2.986448526 -0.004914364 0.001448820 0.999986887 198.410247803
0.999984920 -0.000609561 0.005457676 -0.533194423 0.000644690 0.999979079 -0.006437196 -3.009453773 -0.005453638 0.006440618 0.999964416 199.831527710
0.999942362 0.008397110 0.006691350 -0.546858430 -0.008353063 0.999943435 -0.006583362 -3.039580345 -0.006746253 0.006527089 0.999955952 201.277770996
0.999843836 0.015841169 0.007840720 -0.565847635 -0.015819600 0.999870896 -0.002805615 -3.068028688 -0.007884152 0.002681140 0.999965310 202.711349487
0.999808788 0.017396612 0.008931034 -0.565018773 -0.017392172 0.999848604 -0.000574206 -3.097903490 -0.008939671 0.000418766 0.999959946 204.151550293
0.999849975 0.015178110 0.008345660 -0.555305004 -0.015175025 0.999884784 -0.000433120 -3.116177797 -0.008351274 0.000306409 0.999965072 205.597747803
0.999901950 0.011970690 0.007262788 -0.549322128 -0.011969169 0.999928415 -0.000252973 -3.146161556 -0.007265296 0.000166019 0.999973595 207.045486450
0.999924719 0.010496639 0.006353290 -0.544431567 -0.010490867 0.999944627 -0.000940540 -3.163998842 -0.006362810 0.000873817 0.999979377 208.499420166
0.999923050 0.010970445 0.005786140 -0.537550449 -0.010962824 0.999939024 -0.001347036 -3.186734200 -0.005800563 0.001283500 0.999982357 209.971893311
0.999910295 0.012212553 0.005487313 -0.536830902 -0.012207655 0.999925077 -0.000925034 -3.215736866 -0.005498198 0.000857964 0.999984562 211.428283691
0.999904275 0.012682427 0.005534630 -0.543491125 -0.012681223 0.999919534 -0.000252587 -3.243458271 -0.005537388 0.000182377 0.999984682 212.895126343
0.999905527 0.012605018 0.005472066 -0.547524452 -0.012600911 0.999920249 -0.000784088 -3.266998768 -0.005481513 0.000715061 0.999984741 214.362655640
0.999914169 0.012102433 0.005001220 -0.545018077 -0.012093707 0.999925315 -0.001771418 -3.293107986 -0.005022284 0.001710783 0.999985933 215.826705933
0.999918342 0.011804393 0.004885213 -0.545422912 -0.011793546 0.999927938 -0.002243381 -3.314188719 -0.004911342 0.002185584 0.999985576 217.290069580
0.999918818 0.011910794 0.004529156 -0.551894188 -0.011900539 0.999926507 -0.002284748 -3.342718363 -0.004556037 0.002230663 0.999987125 218.767959595
0.999917030 0.012070970 0.004494973 -0.559353232 -0.012060242 0.999924362 -0.002406118 -3.369475365 -0.004523677 0.002351708 0.999987006 220.249221802
0.999918759 0.012170423 0.003780225 -0.555029154 -0.012159671 0.999921918 -0.002854834 -3.393597841 -0.003814675 0.002808636 0.999988794 221.741424561
0.999911129 0.012847077 0.003547600 -0.556175947 -0.012837487 0.999913931 -0.002713203 -3.428732872 -0.003582151 0.002667420 0.999990046 223.219894409
0.999909163 0.013010868 0.003521109 -0.563166320 -0.013000316 0.999911010 -0.003003862 -3.451291561 -0.003559878 0.002957814 0.999989331 224.698410034
0.999902368 0.013632339 0.003072811 -0.567571998 -0.013622838 0.999902427 -0.003092003 -3.477081776 -0.003114662 0.003049840 0.999990523 226.204055786
0.999911249 0.012943513 0.003136161 -0.573282838 -0.012931995 0.999909639 -0.003665563 -3.496740580 -0.003183323 0.003624681 0.999988377 227.701797485
0.999933660 0.011120951 0.002981595 -0.573874235 -0.011111337 0.999933064 -0.003221553 -3.537498236 -0.003017223 0.003188210 0.999990344 229.197479248
0.999944985 0.010015358 0.003108011 -0.578956902 -0.010005256 0.999944687 -0.003248793 -3.564157724 -0.003140378 0.003217518 0.999989867 230.697143555
0.999958217 0.008543481 0.003260697 -0.575757563 -0.008535722 0.999960661 -0.002386285 -3.590786934 -0.003280956 0.002358353 0.999991834 232.202087402
0.999958813 0.008548089 0.003042212 -0.575980008 -0.008541994 0.999961495 -0.002010775 -3.619377136 -0.003059283 0.001984706 0.999993384 233.706649780
0.999956608 0.008778615 0.003124182 -0.582403660 -0.008771228 0.999958634 -0.002370753 -3.653284550 -0.003144864 0.002343247 0.999992311 235.214599609
0.999946892 0.009701712 0.003481243 -0.585943818 -0.009691555 0.999948680 -0.002923192 -3.682150602 -0.003509424 0.002889298 0.999989688 236.721603394
0.999929965 0.011118121 0.004062932 -0.592971146 -0.011108192 0.999935210 -0.002459125 -3.708293438 -0.004090010 0.002413821 0.999988735 238.224060059
0.999920428 0.011569710 0.005033679 -0.601435542 -0.011568466 0.999933004 -0.000275659 -3.736231089 -0.005036531 0.000217405 0.999987304 239.747772217
0.999920547 0.011272676 0.005652795 -0.602652311 -0.011272197 0.999936402 -0.000116401 -3.758450270 -0.005653747 0.000052673 0.999984026 241.255752563
0.999905944 0.012198816 0.006264424 -0.600818038 -0.012188853 0.999924362 -0.001626536 -3.784024239 -0.006283792 0.001550027 0.999979079 242.755432129
0.999898732 0.012490002 0.006824642 -0.593985677 -0.012468456 0.999917209 -0.003190703 -3.807336807 -0.006863929 0.003105287 0.999971688 244.272872925
0.999898851 0.012468427 0.006845588 -0.591129065 -0.012453127 0.999919891 -0.002273179 -3.841415167 -0.006873382 0.002187700 0.999973953 245.797805786
0.999909520 0.011937970 0.006222503 -0.577256799 -0.011931135 0.999928176 -0.001134571 -3.870801687 -0.006235602 0.001060226 0.999979973 247.338180542
0.999895215 0.012979503 0.006405724 -0.583824277 -0.012973299 0.999915242 -0.001008936 -3.894670248 -0.006418277 0.000925727 0.999978960 248.857879639
0.999900818 0.012718154 0.006049478 -0.583951473 -0.012713498 0.999918878 -0.000807451 -3.926619768 -0.006059255 0.000730461 0.999981403 250.393218994
0.999881327 0.014087074 0.006239821 -0.582240105 -0.014082184 0.999900520 -0.000827248 -3.949542999 -0.006250854 0.000739280 0.999980211 251.936462402
0.999854803 0.015762173 0.006472784 -0.588299274 -0.015759058 0.999875665 -0.000531709 -3.981628418 -0.006480359 0.000429627 0.999978900 253.454818726
0.999846160 0.016139047 0.006868924 -0.592013717 -0.016136592 0.999869645 -0.000412350 -4.006118774 -0.006874685 0.000301446 0.999976277 254.985885620
0.999866724 0.014886824 0.006701961 -0.589246511 -0.014886793 0.999889195 -0.000054243 -4.037082672 -0.006702026 -0.000045535 0.999977529 256.538330078
0.999891222 0.013238152 0.006508378 -0.582139850 -0.013241621 0.999912143 0.000490045 -4.059844971 -0.006501320 -0.000576173 0.999978721 258.067321777
0.999916196 0.010986205 0.006858992 -0.587488055 -0.010993024 0.999939144 0.000957478 -4.079133987 -0.006848056 -0.001032799 0.999975979 259.589721680
0.999930561 0.009424682 0.007087601 -0.591766834 -0.009426476 0.999955654 0.000219471 -4.103386402 -0.007085218 -0.000286267 0.999974787 261.140838623
0.999944091 0.008143644 0.006744448 -0.591072321 -0.008137976 0.999966502 -0.000867333 -4.128273964 -0.006751285 0.000812398 0.999976873 262.690795898
0.999946773 0.007302229 0.007285157 -0.586471915 -0.007301867 0.999973357 -0.000076190 -4.143758774 -0.007285519 0.000022991 0.999973416 264.244750977
0.999957740 0.004400007 0.008068853 -0.583186388 -0.004423954 0.999985814 0.002952385 -4.183670521 -0.008055747 -0.002987956 0.999963105 265.796813965
0.999962091 0.003663583 0.007897123 -0.572753191 -0.003678080 0.999991596 0.001822031 -4.201603889 -0.007890382 -0.001851008 0.999967158 267.340423584
0.999960244 0.002892967 0.008436090 -0.564808369 -0.002902614 0.999995172 0.001131440 -4.228349209 -0.008432775 -0.001155882 0.999963760 268.885589600
0.999950647 0.003781402 0.009188982 -0.563704491 -0.003788546 0.999992609 0.000760137 -4.253485680 -0.009186040 -0.000794912 0.999957442 270.415313721
0.999927223 0.005738095 0.010609906 -0.555956125 -0.005749284 0.999982893 0.001024462 -4.282785892 -0.010603847 -0.001085387 0.999943197 271.989837646
0.999906242 0.007037848 0.011744226 -0.551566362 -0.007047845 0.999974847 0.000810050 -4.307236671 -0.011738230 -0.000892746 0.999930680 273.529205322
0.999884367 0.008562276 0.012568581 -0.535360813 -0.008569859 0.999963045 0.000549521 -4.336260319 -0.012563412 -0.000657169 0.999920845 275.081878662
0.999863803 0.009562364 0.013455346 -0.515549421 -0.009565703 0.999954164 0.000183789 -4.363936424 -0.013452972 -0.000312474 0.999909401 276.631408691
0.999846041 0.010291876 0.014207759 -0.499817848 -0.010289577 0.999947011 -0.000234959 -4.399405479 -0.014209424 0.000088731 0.999899030 278.179077148
0.999849260 0.009126020 0.014766244 -0.478688240 -0.009119727 0.999958217 -0.000493416 -4.425383568 -0.014770131 0.000358678 0.999890864 279.745513916
0.999826252 0.009207746 0.016214488 -0.457901001 -0.009203252 0.999957561 -0.000351760 -4.456374645 -0.016217040 0.000202473 0.999868393 281.313201904
0.999825895 0.008181538 0.016770776 -0.438027859 -0.008190843 0.999966323 0.000486174 -4.478409290 -0.016766237 -0.000623456 0.999859154 282.893188477
0.999829829 0.007136990 0.017010834 -0.420435429 -0.007153371 0.999974012 0.000902322 -4.506031990 -0.017003950 -0.001023853 0.999854863 284.458435059
0.999842227 0.006515732 0.016525099 -0.388246059 -0.006494290 0.999978006 -0.001350847 -4.536984444 -0.016533537 0.001243315 0.999862552 286.034271240
0.999843121 0.005646217 0.016784502 -0.372894287 -0.005586295 0.999978006 -0.003614786 -4.566487312 -0.016804544 0.003520456 0.999852538 287.592102051
0.999858499 0.005399718 0.015931364 -0.351778507 -0.005340530 0.999978602 -0.003755418 -4.591683388 -0.015951300 0.003669804 0.999865949 289.156188965
0.999876559 0.004506319 0.015047945 -0.337822437 -0.004448876 0.999982834 -0.003848599 -4.619522095 -0.015065026 0.003781178 0.999879360 290.719116211
0.999893486 0.004242055 0.013961092 -0.327447891 -0.004181815 0.999981821 -0.004341080 -4.650225639 -0.013979251 0.004282235 0.999893129 292.268341064
0.999897182 0.004844075 0.013498637 -0.316123009 -0.004779596 0.999976993 -0.004804894 -4.677369118 -0.013521604 0.004739882 0.999897361 293.839904785
0.999909461 0.004854993 0.012549348 -0.294407606 -0.004801648 0.999979317 -0.004277586 -4.711503029 -0.012569858 0.004216942 0.999912024 295.414154053
0.999924958 0.004279250 0.011472871 -0.282818794 -0.004232217 0.999982536 -0.004120585 -4.744912624 -0.011490304 0.004071720 0.999925673 296.991149902
0.999938607 0.003924855 0.010361730 -0.271788359 -0.003897610 0.999988914 -0.002648267 -4.776955128 -0.010372009 0.002607718 0.999942780 298.563537598
0.999938607 0.005465430 0.009637378 -0.265056610 -0.005453092 0.999984264 -0.001305963 -4.804998398 -0.009644364 0.001253329 0.999952734 300.141143799
0.999929845 0.005723220 0.010365508 -0.256150961 -0.005710472 0.999982893 -0.001259064 -4.830142021 -0.010372536 0.001199784 0.999945462 301.726867676
0.999920368 0.006005422 0.011099410 -0.246468306 -0.005989775 0.999981046 -0.001442443 -4.857756138 -0.011107864 0.001375845 0.999937356 303.324127197
0.999922574 0.004659828 0.011535847 -0.239000559 -0.004640501 0.999987781 -0.001701508 -4.881417274 -0.011543634 0.001647844 0.999931991 304.907287598
0.999924958 0.003040794 0.011867165 -0.227268457 -0.003009676 0.999991953 -0.002639161 -4.911638737 -0.011875095 0.002603246 0.999926090 306.505035400
0.999924541 0.001520352 0.012190270 -0.208513737 -0.001463916 0.999988198 -0.004637167 -4.939758301 -0.012197178 0.004618971 0.999914944 308.105834961
0.999928892 0.001050574 0.011875097 -0.195820332 -0.000984109 0.999983788 -0.005601493 -4.972407818 -0.011880788 0.005589408 0.999913812 309.707183838
0.999951541 0.001764563 0.009686030 -0.190154552 -0.001697288 0.999974370 -0.006949393 -5.001070976 -0.009698046 0.006932616 0.999928892 311.317352295
0.999967098 0.002889952 0.007576908 -0.183242321 -0.002844218 0.999977708 -0.006039852 -5.035872459 -0.007594195 0.006018103 0.999953032 312.929260254
0.999967754 0.003865406 0.007041245 -0.178756714 -0.003845541 0.999988616 -0.002832560 -5.067230701 -0.007052113 0.002805390 0.999971211 314.557403564
0.999967933 0.002313327 0.007656381 -0.170269489 -0.002317340 0.999997199 0.000515350 -5.101566792 -0.007655167 -0.000533076 0.999970555 316.190216064
0.999970555 0.001473915 0.007523790 -0.164294481 -0.001482722 0.999998212 0.001165183 -5.123469353 -0.007522059 -0.001176305 0.999970973 317.813049316
0.999968886 0.000345622 0.007877698 -0.156301260 -0.000345812 0.999999881 0.000022767 -5.153527737 -0.007877690 -0.000025491 0.999968946 319.436065674
0.999965608 -0.001165295 0.008213822 -0.155929565 0.001161123 0.999999225 0.000512621 -5.180754662 -0.008214411 -0.000503066 0.999966085 321.047790527
0.999960124 -0.001662385 0.008776419 -0.154328108 0.001655086 0.999998271 0.000838857 -5.210160732 -0.008777798 -0.000824298 0.999961138 322.662841797
0.999955952 -0.001606163 0.009247004 -0.143900871 0.001598847 0.999998331 0.000798531 -5.237556934 -0.009248273 -0.000783711 0.999956846 324.286407471
0.999956906 -0.000275178 0.009279124 -0.132558346 0.000278600 0.999999881 -0.000367568 -5.259815693 -0.009279023 0.000370137 0.999956846 325.910095215
0.999946535 0.000645161 0.010319958 -0.135821581 -0.000636975 0.999999464 -0.000796497 -5.294834137 -0.010320469 0.000789881 0.999946415 327.513824463
0.999941826 -0.000844728 0.010759294 -0.121061563 0.000831044 0.999998868 0.001276252 -5.324053288 -0.010760360 -0.001267236 0.999941289 329.155181885
0.999937177 -0.001933017 0.011033322 -0.114215851 0.001909103 0.999995768 0.002177501 -5.352746964 -0.011037487 -0.002156301 0.999936700 330.732574463
0.999936998 -0.003392424 0.010694796 -0.095173597 0.003381835 0.999993742 0.001008053 -5.380931377 -0.010698150 -0.000971822 0.999942243 332.365539551
0.999942899 -0.001519061 0.010575288 -0.083304405 0.001512612 0.999998629 0.000617822 -5.401233673 -0.010576213 -0.000601790 0.999943852 333.987152100
0.999945581 0.000244720 0.010429695 -0.083534002 -0.000230709 0.999999046 -0.001344533 -5.429316044 -0.010430014 0.001342053 0.999944687 335.588989258
0.999950111 0.002104673 0.009764523 -0.078125715 -0.002063031 0.999988735 -0.004272641 -5.460532665 -0.009773405 0.004252284 0.999943197 337.205383301
0.999955416 0.003280137 0.008849435 -0.071841002 -0.003245140 0.999986887 -0.003966134 -5.488472462 -0.008862325 0.003937240 0.999952972 338.828491211
0.999961972 0.004155326 0.007664024 -0.067380428 -0.004151475 0.999991238 -0.000518285 -5.519450665 -0.007666111 0.000486449 0.999970496 340.416564941
0.999967337 0.004747783 0.006544510 -0.064081430 -0.004766004 0.999984801 0.002771270 -5.554012299 -0.006531253 -0.002802370 0.999974728 342.018524170
0.999972641 0.005261637 0.005200055 -0.063800693 -0.005268938 0.999985158 0.001391487 -5.577332020 -0.005192657 -0.001418847 0.999985516 343.621704102
0.999985576 0.004341273 0.003190719 -0.064384818 -0.004340443 0.999990523 -0.000266735 -5.603037834 -0.003191847 0.000252882 0.999994874 345.212799072
0.999994755 0.003050669 0.001061601 -0.058724701 -0.003051592 0.999994993 0.000868927 -5.624751568 -0.001058945 -0.000872162 0.999999046 346.799865723
0.999998271 0.001843855 -0.000009399 -0.062036913 -0.001843838 0.999996901 0.001668818 -5.655689240 0.000012476 -0.001668798 0.999998569 348.394470215
0.999998927 0.001417997 -0.000198001 -0.076225571 -0.001417872 0.999998808 0.000631545 -5.675054550 0.000198896 -0.000631264 0.999999702 349.981750488
0.999999642 0.000257267 -0.000736856 -0.078676805 -0.000257514 0.999999940 -0.000335393 -5.701406479 0.000736769 0.000335583 0.999999642 351.573028564
0.999999642 0.000234688 -0.000793341 -0.085699201 -0.000235183 0.999999702 -0.000623871 -5.724980354 0.000793196 0.000624057 0.999999464 353.166931152
0.999999702 -0.000293253 -0.000660642 -0.098715946 0.000292646 0.999999642 -0.000918300 -5.748251438 0.000660910 0.000918107 0.999999344 354.754089355
0.999999046 -0.000749354 -0.001197072 -0.100842744 0.000747281 0.999998212 -0.001731499 -5.775276184 0.001198367 0.001730603 0.999997795 356.350036621
0.999999583 -0.000498194 -0.000767517 -0.113998875 0.000496481 0.999997377 -0.002230780 -5.808269978 0.000768627 0.002230398 0.999997199 357.939239502
0.999998689 -0.001338291 -0.000823971 -0.118696019 0.001336607 0.999997020 -0.002040611 -5.837644577 0.000826699 0.002039507 0.999997556 359.529144287
0.999998450 -0.001362005 -0.001067929 -0.121303916 0.001359120 0.999995351 -0.002697725 -5.870126724 0.001071598 0.002696269 0.999995768 361.126556396
0.999995112 -0.002882792 -0.001230692 -0.124891788 0.002877674 0.999987304 -0.004140616 -5.900889874 0.001242613 0.004137055 0.999990642 362.718170166
0.999989629 -0.004440013 -0.001021741 -0.136783391 0.004437876 0.999987960 -0.002083338 -5.934110641 0.001030979 0.002078782 0.999997258 364.313079834
0.999976456 -0.006585493 -0.001941057 -0.120256841 0.006583294 0.999977589 -0.001137389 -5.967905521 0.001948504 0.001124584 0.999997437 365.919403076
0.999979019 -0.006368283 -0.001153535 -0.142662793 0.006365136 0.999976039 -0.002711726 -5.986105442 0.001170776 0.002704327 0.999995649 367.501373291
0.999988437 -0.004782880 -0.000308344 -0.162670493 0.004781666 0.999981225 -0.003822930 -6.004925251 0.000326623 0.003821412 0.999992669 369.113189697
0.999991119 -0.004191007 -0.000464931 -0.166099191 0.004190009 0.999988973 -0.002126968 -6.053623676 0.000473840 0.002125002 0.999997616 370.696166992
0.999996483 -0.002652039 -0.000006901 -0.174663052 0.002652025 0.999995351 -0.001509850 -6.076212883 0.000010906 0.001509826 0.999998927 372.305206299
0.999995530 -0.002974368 0.000242987 -0.180340394 0.002974705 0.999994516 -0.001399897 -6.114911079 -0.000238822 0.001400614 0.999998987 373.879455566
0.999994993 -0.003112304 0.000508259 -0.195666894 0.003113656 0.999991536 -0.002679451 -6.136479378 -0.000499915 0.002681020 0.999996364 375.470336914
0.999996006 -0.002683031 0.000856927 -0.201126099 0.002685028 0.999993682 -0.002338157 -6.176234245 -0.000850648 0.002340448 0.999996901 377.074890137
0.999995589 -0.002767807 0.001065841 -0.193640471 0.002769995 0.999994040 -0.002056676 -6.210690022 -0.001060142 0.002059619 0.999997318 378.695800781
0.999998569 -0.000449419 0.001687784 -0.219120562 0.000453873 0.999996543 -0.002639331 -6.230998993 -0.001686591 0.002640093 0.999995112 380.306945801
0.999996543 0.001344223 0.002286170 -0.225775599 -0.001339763 0.999997318 -0.001951133 -6.261341095 -0.002288786 0.001948063 0.999995530 381.908325195
0.999993384 0.002639223 0.002500511 -0.237467468 -0.002632093 0.999992490 -0.002850727 -6.289437294 -0.002508017 0.002844126 0.999992788 383.545349121
