1.000000000 0.000000000 0.000000000 0.000000000 0.000000000 1.000000000 0.000000000 0.000000000 0.000000000 0.000000000 1.000000000 0.000000000
0.999997675 -0.001597218 -0.001432728 -0.002643861 0.001595856 0.999998271 -0.000951394 -0.007425433 0.001434245 0.000949106 0.999998510 0.563878238
0.999995530 -0.001778648 -0.002402342 -0.007861559 0.001772395 0.999995053 -0.002602307 -0.017408784 0.002406959 0.002598038 0.999993742 1.119470596
0.999986589 -0.002520533 -0.004527012 -0.009206804 0.002504549 0.999990642 -0.003533064 -0.035207711 0.004535875 0.003521679 0.999983490 1.684850216
0.999970138 -0.004373197 -0.006372375 -0.020081757 0.004337830 0.999975145 -0.005553168 -0.041021638 0.006396502 0.005525359 0.999964297 2.251797199
0.999948800 -0.007005980 -0.007306759 -0.035951380 0.006952740 0.999949217 -0.007286556 -0.060878750 0.007357438 0.007235381 0.999946773 2.800363779
0.999927461 -0.008230420 -0.008786801 -0.042860873 0.008161236 0.999935627 -0.007880625 -0.074433863 0.008851097 0.007808344 0.999930382 3.371925116
0.999914885 -0.008200856 -0.010147527 -0.053942088 0.008127328 0.999940515 -0.007266118 -0.086383790 0.010206514 0.007183028 0.999922156 3.954964876
0.999901414 -0.008626170 -0.011073376 -0.066012412 0.008541439 0.999934137 -0.007676563 -0.101041086 0.011138864 0.007581226 0.999909222 4.546254158
0.999889314 -0.008182692 -0.012425372 -0.073943987 0.008053034 0.999912918 -0.010449643 -0.116124332 0.012509797 0.010348426 0.999868214 5.139653683
0.999887168 -0.006481906 -0.013548514 -0.090679951 0.006289429 0.999879420 -0.014201183 -0.132004052 0.013638928 0.014114370 0.999807417 5.742545128
0.999874413 -0.005264551 -0.014946370 -0.105778761 0.004995306 0.999825537 -0.017994661 -0.143006757 0.015038494 0.017917741 0.999726415 6.359612465
0.999865592 -0.003209934 -0.016074469 -0.121249892 0.002920586 0.999833941 -0.017991632 -0.157614514 0.016129550 0.017942270 0.999709010 6.986279011
0.999846995 -0.001104139 -0.017459128 -0.133283645 0.000908886 0.999936938 -0.011187415 -0.167302907 0.017470384 0.011169834 0.999784946 7.631051064
0.999841094 -0.000106786 -0.017821781 -0.153679147 0.000096741 0.999999821 -0.000564473 -0.180644602 0.017821837 0.000562659 0.999841094 8.289312363
0.999820530 0.000559847 -0.018940218 -0.169188425 -0.000444976 0.999981582 0.006068618 -0.191291317 0.018943269 -0.006059100 0.999802291 8.977791786
0.999789834 0.003107040 -0.020264270 -0.187922627 -0.003005169 0.999982715 0.005055683 -0.207168594 0.020279624 -0.004993720 0.999781907 9.668547630
0.999771535 0.005177137 -0.020737609 -0.217142731 -0.005220454 0.999984264 -0.002035291 -0.217004105 0.020726744 0.002143085 0.999783039 10.354102135
0.999749780 0.004639810 -0.021883022 -0.236827567 -0.004812419 0.999957800 -0.007841807 -0.219511464 0.021845708 0.007945156 0.999729812 11.064577103
0.999736011 0.002398171 -0.022851456 -0.256401658 -0.002547236 0.999975622 -0.006496365 -0.220678568 0.022835320 0.006552859 0.999717772 11.800651550
0.999727368 0.001872328 -0.023273282 -0.277339995 -0.001811235 0.999994874 0.002645801 -0.226985842 0.023278115 -0.002602927 0.999725640 12.568014145
0.999717176 0.001967580 -0.023699472 -0.302989215 -0.001726933 0.999946773 0.010170309 -0.237409517 0.023718227 -0.010126505 0.999667406 13.349057198
0.999709010 0.001038795 -0.024098899 -0.324560910 -0.000732404 0.999918878 0.012719247 -0.240588412 0.024110155 -0.012697896 0.999628663 14.133369446
0.999706030 -0.000530066 -0.024237314 -0.344946682 0.000810147 0.999932945 0.011547446 -0.240541548 0.024229569 -0.011563687 0.999639511 14.934196472
0.999718487 -0.001032900 -0.023704350 -0.372487366 0.001250815 0.999957085 0.009180059 -0.241850406 0.023693854 -0.009207123 0.999676824 15.772518158
0.999722660 0.001360170 -0.023510721 -0.394824922 -0.001225125 0.999982715 0.005757417 -0.241241649 0.023518147 -0.005727016 0.999707043 16.605508804
0.999747932 -0.001979241 -0.022364346 -0.413995475 0.001980512 0.999998033 0.000034639 -0.245923206 0.022364231 -0.000078923 0.999749899 17.454875946
0.999750316 -0.004969844 -0.021789031 -0.427495509 0.004837757 0.999969661 -0.006110558 -0.255597711 0.021818738 0.006003621 0.999743879 18.328384399
0.999779105 -0.003558037 -0.020713005 -0.449802220 0.003324323 0.999930501 -0.011306952 -0.272190362 0.020751800 0.011235598 0.999721527 19.216424942
0.999783695 -0.002245228 -0.020674517 -0.473927438 0.001990425 0.999921799 -0.012336816 -0.285317987 0.020700604 0.012292998 0.999710083 20.129795074
0.999778807 -0.002244111 -0.020908291 -0.501468718 0.001999132 0.999929190 -0.011730415 -0.307514548 0.020933133 0.011686024 0.999712527 21.070779800
0.999782383 -0.000914342 -0.020837948 -0.515518427 0.000636887 0.999911070 -0.013317657 -0.330443233 0.020848272 0.013301485 0.999694228 22.012859344
0.999783635 0.001712673 -0.020731132 -0.541017056 -0.002031332 0.999880016 -0.015359777 -0.350579619 0.020702338 0.015398564 0.999667168 22.966279984
0.999767303 0.005183071 -0.020939600 -0.570942640 -0.005522579 0.999853611 -0.016188480 -0.373619378 0.020852633 0.016300354 0.999649704 23.930862427
0.999753833 0.007424694 -0.020909443 -0.599696100 -0.007760719 0.999841273 -0.016035451 -0.403845727 0.020787068 0.016193770 0.999652803 24.901166916
0.999742746 0.007863031 -0.021274872 -0.622617006 -0.008206283 0.999836743 -0.016095195 -0.431784809 0.021144846 0.016265638 0.999644160 25.879686356
0.999740005 0.008079670 -0.021322133 -0.645217896 -0.008421168 0.999836981 -0.015975235 -0.460014969 0.021189583 0.016150640 0.999644995 26.872089386
0.999712110 0.009628583 -0.021976491 -0.678458869 -0.009948096 0.999845803 -0.014476161 -0.494141012 0.021833718 0.014690616 0.999653697 27.886213303
0.999708593 0.009958712 -0.021994650 -0.699527681 -0.010238576 0.999867558 -0.012648348 -0.523401737 0.021865780 0.012869855 0.999678016 28.882261276
0.999697924 0.010629312 -0.022161530 -0.731702864 -0.010884392 0.999875486 -0.011421321 -0.552013636 0.022037376 0.011659086 0.999689162 29.904237747
0.999690711 0.010457551 -0.022561811 -0.755923152 -0.010735502 0.999867618 -0.012233672 -0.583078206 0.022430895 0.012472101 0.999670625 30.926610947
0.999678254 0.011753820 -0.022477472 -0.789051175 -0.012061285 0.999834895 -0.013592372 -0.604334652 0.022314005 0.013859107 0.999654889 31.968572617
0.999673486 0.011720624 -0.022705091 -0.819207072 -0.012011380 0.999847054 -0.012711999 -0.629532993 0.022552630 0.012980569 0.999661386 33.017589569
0.999648869 0.011295457 -0.023967639 -0.838877738 -0.011548868 0.999878585 -0.010461019 -0.650205851 0.023846567 0.010734147 0.999657989 34.068920135
0.999639928 0.011977112 -0.024008615 -0.872504771 -0.012149748 0.999901354 -0.007057693 -0.669042647 0.023921713 0.007346851 0.999686778 35.128604889
0.999628842 0.011569417 -0.024663500 -0.902752936 -0.011675709 0.999923170 -0.004170004 -0.701332331 0.024613362 0.004456420 0.999687135 36.199455261
0.999610126 0.011728774 -0.025340442 -0.932277262 -0.011828010 0.999922931 -0.003769724 -0.719521046 0.025294276 0.004067981 0.999671817 37.272209167
0.999609292 0.011270918 -0.025580116 -0.966423750 -0.011403238 0.999922335 -0.005032664 -0.744512856 0.025521409 0.005322393 0.999660134 38.356632233
0.999593377 0.011664017 -0.026020456 -1.008967996 -0.011825603 0.999911666 -0.006064712 -0.757943094 0.025947424 0.006369953 0.999643087 39.437698364
0.999578655 0.011009933 -0.026853712 -1.042331100 -0.011136495 0.999927580 -0.004568039 -0.785075963 0.026801465 0.004865170 0.999628961 40.518764496
0.999542117 0.011671561 -0.027913697 -1.075890064 -0.011750824 0.999927461 -0.002677234 -0.802750945 0.027880419 0.003004017 0.999606788 41.605884552
0.999539196 0.011143896 -0.028235568 -1.117220283 -0.011145958 0.999937892 0.000084331 -0.828994572 0.028234750 0.000230420 0.999601364 42.698051453
0.999512732 0.012614491 -0.028553469 -1.160306454 -0.012617069 0.999920368 0.000089832 -0.853269637 0.028552329 0.000270472 0.999592364 43.777072906
0.999480784 0.013962750 -0.029037422 -1.188357234 -0.014086655 0.999892354 -0.004066851 -0.873452902 0.028977519 0.004473779 0.999570072 44.860935211
0.999467015 0.015141113 -0.028918156 -1.229859352 -0.015385997 0.999847412 -0.008264564 -0.893228173 0.028788606 0.008705094 0.999547541 45.939746857
0.999460220 0.015504861 -0.028965596 -1.268175244 -0.015756978 0.999839723 -0.008496206 -0.919544935 0.028829224 0.008948028 0.999544382 47.022975922
0.999454856 0.016236378 -0.028745465 -1.305980921 -0.016399853 0.999850512 -0.005460423 -0.948663712 0.028652510 0.005928868 0.999571860 48.124671936
0.999455571 0.016494811 -0.028575299 -1.344459534 -0.016602201 0.999855936 -0.003525132 -0.970729649 0.028513037 0.003997625 0.999585450 49.209003448
0.999481678 0.014961390 -0.028505757 -1.380126238 -0.015029454 0.999884665 -0.002175084 -0.993675709 0.028469929 0.002602383 0.999591291 50.296676636
0.999486268 0.015219383 -0.028208083 -1.415298223 -0.015311537 0.999877989 -0.003053911 -1.017490625 0.028158160 0.003484251 0.999597430 51.386592865
0.999496281 0.014453422 -0.028253775 -1.452094436 -0.014602519 0.999880433 -0.005078040 -1.037553310 0.028177002 0.005488058 0.999587834 52.479919434
0.999516487 0.014214426 -0.027653832 -1.485386014 -0.014412393 0.999871850 -0.006972660 -1.066657901 0.027551182 0.007367847 0.999593198 53.553382874
0.999531209 0.013376506 -0.027540261 -1.517145753 -0.013644507 0.999861181 -0.009566490 -1.092686892 0.027408471 0.009937778 0.999574959 54.646163940
0.999558687 0.012073158 -0.027142586 -1.554708242 -0.012425552 0.999840260 -0.012852097 -1.127349854 0.026983080 0.013183686 0.999548912 55.732494354
0.999576509 0.010321532 -0.027208989 -1.578004956 -0.010717904 0.999837995 -0.014462358 -1.159147501 0.027055308 0.014747856 0.999525130 56.814178467
0.999600112 0.008875656 -0.026843691 -1.611972809 -0.009197640 0.999886990 -0.011895167 -1.193842173 0.026735079 0.012137311 0.999568820 57.901027679
0.999614835 0.007600924 -0.026690355 -1.643381715 -0.007770360 0.999950290 -0.006250179 -1.218860626 0.026641523 0.006455165 0.999624252 58.997112274
0.999628425 0.005776576 -0.026637971 -1.669679523 -0.005791015 0.999983072 -0.000464933 -1.239004731 0.026634840 0.000619021 0.999644995 60.097129822
0.999632239 0.004071514 -0.026808169 -1.698067427 -0.004070610 0.999991596 0.000088291 -1.256942749 0.026808312 0.000020867 0.999640584 61.188468933
0.999652267 0.001068206 -0.026350453 -1.729297876 -0.001148778 0.999994755 -0.003042762 -1.274551868 0.026347069 0.003071974 0.999648094 62.276000977
0.999656260 -0.000659421 -0.026207896 -1.763411760 0.000496343 0.999980450 -0.006228496 -1.297154188 0.026211491 0.006213346 0.999637127 63.370983124
0.999653101 0.001348765 -0.026302338 -1.800737023 -0.001613783 0.999948144 -0.010057203 -1.325632095 0.026287407 0.010096161 0.999603450 64.457878113
0.999654055 0.001692237 -0.026248040 -1.831286788 -0.002072939 0.999892831 -0.014483608 -1.352695107 0.026220722 0.014533007 0.999550521 65.542839050
0.999662995 0.004483252 -0.025566358 -1.867593169 -0.004873006 0.999872446 -0.015202990 -1.383268595 0.025494942 0.015322449 0.999557495 66.646163940
0.999661028 0.008377615 -0.024648357 -1.911641717 -0.008658758 0.999898374 -0.011321596 -1.421642900 0.024551000 0.011531183 0.999632061 67.750778198
0.999657154 0.009789598 -0.024285853 -1.949267268 -0.010017141 0.999906838 -0.009265339 -1.447828054 0.024192888 0.009505437 0.999662161 68.842468262
0.999660492 0.009031045 -0.024439259 -1.977252007 -0.009241343 0.999921143 -0.008505628 -1.475320220 0.024360515 0.008728592 0.999665201 69.944145203
0.999665797 0.007907599 -0.024612349 -2.002418756 -0.008100384 0.999937236 -0.007742991 -1.505681515 0.024549572 0.007939774 0.999667048 71.050636292
0.999667466 0.006847649 -0.024861855 -2.032190561 -0.007001020 0.999957085 -0.006087055 -1.535827875 0.024819104 0.006259090 0.999672353 72.144874573
0.999669552 0.004943789 -0.025227267 -2.062369347 -0.005050539 0.999978662 -0.004169584 -1.560433149 0.025206111 0.004295619 0.999673009 73.239341736
0.999650300 0.004072568 -0.026126534 -2.091954947 -0.004140274 0.999988198 -0.002537891 -1.586988449 0.026115892 0.002645175 0.999655426 74.346405029
0.999644160 0.003489534 -0.026445007 -2.128214121 -0.003582095 0.999987662 -0.003453587 -1.615144491 0.026432632 0.003547086 0.999644279 75.439147949
0.999628603 0.003510997 -0.027025498 -2.158629417 -0.003714234 0.999965191 -0.007473650 -1.640304565 0.026998313 0.007571253 0.999606788 76.507896423
0.999604881 0.004211134 -0.027792430 -2.194382191 -0.004477940 0.999944448 -0.009544716 -1.668222070 0.027750693 0.009665397 0.999568164 77.612785339
0.999576867 0.006174615 -0.028426487 -2.230353832 -0.006396556 0.999949694 -0.007723254 -1.693889141 0.028377378 0.007901817 0.999566078 78.694610596
0.999554157 0.007331477 -0.028944157 -2.271117210 -0.007440901 0.999965549 -0.003674635 -1.717720866 0.028916217 0.003888367 0.999574423 79.786575317
0.999530256 0.008574274 -0.029423641 -2.310035944 -0.008565879 0.999963284 0.000411357 -1.741080165 0.029426085 -0.000159125 0.999567032 80.859436035
0.999503970 0.009715933 -0.029957566 -2.353432894 -0.009687984 0.999952435 0.001077915 -1.764424562 0.029966619 -0.000787152 0.999550641 81.940872192
0.999492228 0.009322581 -0.030467482 -2.394090652 -0.009352609 0.999955893 -0.000843194 -1.790893555 0.030458277 0.001127717 0.999535441 83.002944946
0.999484897 0.009450031 -0.030671896 -2.436018467 -0.009505909 0.999953389 -0.001676490 -1.809052348 0.030654624 0.001967192 0.999528170 84.070762634
0.999475598 0.009164936 -0.031057464 -2.476777554 -0.009226786 0.999955714 -0.001848847 -1.831083775 0.031039145 0.002134439 0.999515891 85.127304077
0.999445498 0.007652325 -0.032404959 -2.501561880 -0.007707194 0.999969065 -0.001568694 -1.854076743 0.032391958 0.001817576 0.999473572 86.155700684
0.999442339 0.006445179 -0.032762434 -2.541322231 -0.006466692 0.999978960 -0.000550749 -1.869715571 0.032758202 0.000762307 0.999463022 87.178436279
0.999422014 0.006551743 -0.033358060 -2.578928709 -0.006471528 0.999975860 0.002512105 -1.897083521 0.033373725 -0.002294776 0.999440432 88.189727783
0.999398410 0.005737741 -0.034202471 -2.620210648 -0.005617331 0.999977708 0.003615502 -1.919848442 0.034222454 -0.003421200 0.999408364 89.164405823
0.999321699 0.004587341 -0.036541048 -2.658460379 -0.004451087 0.999982834 0.003809274 -1.938415289 0.036557898 -0.003644042 0.999324918 90.142723083
0.999191642 0.003871925 -0.040015411 -2.696642160 -0.003765909 0.999989152 0.002724437 -1.956750393 0.040025529 -0.002571539 0.999195457 91.078247070
0.999064565 0.003303320 -0.043116931 -2.746093273 -0.003224097 0.999992967 0.001906799 -1.975821733 0.043122932 -0.001766002 0.999068201 91.994697571
0.998923182 0.003386711 -0.046273567 -2.795253992 -0.003275851 0.999991596 0.002471370 -1.994847298 0.046281558 -0.002317124 0.998925745 92.883514404
0.998771429 0.004596411 -0.049342275 -2.845385790 -0.004429372 0.999984145 0.003494115 -2.011697769 0.049357556 -0.003271266 0.998775780 93.748893738
0.998617351 0.005329967 -0.052295957 -2.898475170 -0.005095883 0.999976337 0.004608475 -2.028990984 0.052319292 -0.004335609 0.998620987 94.588096619
0.998433352 0.006872885 -0.055530164 -2.947403908 -0.006549061 0.999960423 0.006011384 -2.041464806 0.055569291 -0.005638296 0.998438954 95.404518127
0.998292506 0.008072621 -0.057850987 -3.006097794 -0.007689690 0.999947071 0.006838829 -2.056772470 0.057903130 -0.006382297 0.998301744 96.193496704
0.998107791 0.010175082 -0.060640313 -3.051242590 -0.009740949 0.999924839 0.007450500 -2.075562716 0.060711555 -0.006845706 0.998131990 96.953193665
0.997895360 0.011725318 -0.063774735 -3.099556923 -0.011344047 0.999915659 0.006337251 -2.089632511 0.063843638 -0.005600450 0.997944176 97.684631348
0.997730374 0.013043941 -0.066061646 -3.158147573 -0.012892193 0.999913275 0.002722929 -2.108455896 0.066091433 -0.001865068 0.997811854 98.376472473
0.997535646 0.015820360 -0.068355963 -3.221863031 -0.015942488 0.999872148 -0.001241435 -2.117726088 0.068327583 0.002328139 0.997660220 99.054183960
0.997356117 0.017569510 -0.070513472 -3.272431850 -0.017881239 0.999832988 -0.003791966 -2.137547016 0.070435070 0.005042809 0.997503638 99.687660217
0.997276485 0.019205397 -0.071208797 -3.322320223 -0.019583860 0.999797523 -0.004620418 -2.154038906 0.071105644 0.006002378 0.997450769 100.300270081
0.997295141 0.021702582 -0.070223622 -3.374419451 -0.022048671 0.999748349 -0.004156897 -2.169157505 0.070115723 0.005693990 0.997522652 100.883697510
0.997430563 0.025824213 -0.066822283 -3.426674843 -0.026047353 0.999657631 -0.002470034 -2.187927723 0.066735633 0.004204232 0.997761905 101.453712463
0.997690022 0.027940443 -0.061918251 -3.453245163 -0.028062329 0.999605536 -0.001099512 -2.203105211 0.061863132 0.002834542 0.998080611 102.001136780
0.998084664 0.029018868 -0.054632921 -3.480415583 -0.029011810 0.999578655 0.000922454 -2.215283155 0.054636672 0.000664314 0.998506069 102.520332336
0.998574555 0.028643258 -0.045036677 -3.496402740 -0.028522765 0.999587595 0.003315989 -2.230944633 0.045113094 -0.002026693 0.998979807 103.011489868
0.999037266 0.028303362 -0.033518463 -3.504371166 -0.028157324 0.999591827 0.004821187 -2.246775627 0.033641238 -0.003872756 0.999426484 103.505897522
0.999436855 0.027120790 -0.019753443 -3.503573418 -0.027031954 0.999623299 0.004750329 -2.254538536 0.019874835 -0.004213679 0.999793589 103.945236206
0.999625564 0.026991406 -0.004477861 -3.496796131 -0.026974345 0.999628842 0.003827684 -2.265025139 0.004579511 -0.003705463 0.999982595 104.382705688
0.999583185 0.025586229 0.013364321 -3.478823185 -0.025597811 0.999672174 0.000696714 -2.274053812 -0.013342116 -0.001038521 0.999910414 104.808517456
0.999085426 0.025186738 0.034551442 -3.446331739 -0.025071761 0.999678671 -0.003756948 -2.289128780 -0.034634966 0.002887247 0.999395728 105.222061157
0.998030126 0.022975367 0.058377169 -3.394604683 -0.022486461 0.999706566 -0.009018178 -2.294325113 -0.058567241 0.007687718 0.998253763 105.626731873
0.996089578 0.020974025 0.085822113 -3.342489243 -0.020046651 0.999731123 -0.011653461 -2.306562424 -0.086043470 0.009887446 0.996242285 106.024230957
0.993127525 0.018054156 0.115635596 -3.268827438 -0.016663412 0.999776900 -0.012982445 -2.317278862 -0.115844190 0.010966341 0.993206859 106.421859741
0.988892794 0.015582830 0.147810519 -3.182754517 -0.013529450 0.999797642 -0.014887272 -2.331277370 -0.148012593 0.012722122 0.988903582 106.793174744
0.982984543 0.012881111 0.183235496 -3.078838348 -0.010132036 0.999821782 -0.015931288 -2.356336594 -0.183408037 0.013803662 0.982939899 107.169555664
0.975052416 0.009711987 0.221761942 -2.965715408 -0.006139946 0.999840200 -0.016791252 -2.363764524 -0.221889615 0.015010744 0.974956274 107.511299133
0.964947879 0.007099321 0.262345582 -2.866802216 -0.002746399 0.999852300 -0.016955277 -2.386992931 -0.262427300 0.015640453 0.964825034 107.811248779
0.952589869 0.007873222 0.304155260 -2.731657028 -0.002551074 0.999836564 -0.017891550 -2.403154612 -0.304246485 0.016267387 0.952454507 108.148704529
0.937267959 0.010009357 0.348466098 -2.583312988 -0.003816508 0.999822319 -0.018453695 -2.415645838 -0.348589003 0.015966132 0.937139750 108.476356506
0.919431388 0.010368270 0.393113613 -2.411361694 -0.003763293 0.999838471 -0.017568728 -2.423910379 -0.393232346 0.014673838 0.919322133 108.806259155
0.898779750 0.009597897 0.438295335 -2.231960297 -0.002682348 0.999861956 -0.016394725 -2.435923576 -0.438392222 0.013559585 0.898681521 109.113433838
0.875652909 0.008851849 0.482859910 -2.037670135 -0.000698729 0.999854147 -0.017062332 -2.447333336 -0.482940614 0.014603289 0.875531435 109.394210815
0.850554168 0.009201352 0.525807023 -1.823242188 0.000940230 0.999818623 -0.019017249 -2.462734222 -0.525886655 0.016669577 0.850391269 109.668792725
0.822649062 0.011234961 0.568438470 -1.585803986 0.002029107 0.999740362 -0.022696016 -2.480417013 -0.568545938 0.019824279 0.822412610 109.974388123
0.791657329 0.015991667 0.610755980 -1.347156525 0.000053971 0.999655485 -0.026244335 -2.505154848 -0.610965371 0.020809487 0.791383862 110.245368958
0.759203196 0.021076823 0.650512338 -1.096675873 -0.001863477 0.999541759 -0.030210666 -2.512504578 -0.650851011 0.021723827 0.758894622 110.456008911
0.721565902 0.025928976 0.691860020 -0.827445984 -0.003678803 0.999428034 -0.033619005 -2.516093254 -0.692335904 0.021713108 0.721248507 110.703407288
0.682216823 0.026181780 0.730680943 -0.530406952 -0.001968433 0.999420822 -0.033973396 -2.535927773 -0.731147230 0.021738928 0.681873322 110.931541443
0.641094089 0.023441663 0.767104208 -0.219833374 0.002054110 0.999477446 -0.032259353 -2.551902056 -0.767459571 0.022257000 0.640710950 111.133621216
0.597020149 0.021567041 0.801936269 0.102275848 0.003524704 0.999558449 -0.029505879 -2.561664820 -0.802218437 0.020442197 0.596680582 111.328598022
0.551567674 0.020158829 0.833886623 0.440773010 0.004264370 0.999626815 -0.026986156 -2.571529388 -0.834119260 0.018440690 0.551275790 111.493896484
0.503248692 0.017686872 0.863960505 0.775474548 0.006080180 0.999693274 -0.024007220 -2.583951712 -0.864120126 0.017334642 0.502986908 111.642524719
0.452389598 0.013970593 0.891710997 1.147556305 0.009158239 0.999751747 -0.020309513 -2.593858957 -0.891773462 0.017354311 0.452149451 111.789825439
0.400483847 0.013976569 0.916197121 1.523796082 0.006834885 0.999810278 -0.018239716 -2.609740734 -0.916278422 0.013566813 0.400312394 111.923759460
0.349785388 0.018942688 0.936638236 1.911468506 0.002610032 0.999771893 -0.021194220 -2.624548912 -0.936826289 0.009858083 0.349656224 112.029182434
0.299096793 0.024083488 0.953918755 2.332141876 0.003320475 0.999649048 -0.026279155 -2.627658367 -0.954217076 0.011027473 0.298911870 112.146362305
0.251932800 0.026273267 0.967388034 2.701784134 0.003911912 0.999595523 -0.028166750 -2.646562338 -0.967736840 0.010880467 0.251728177 112.212463379
0.210743308 0.026067261 0.977193773 3.125993729 0.011035423 0.999517202 -0.029042669 -2.660423756 -0.977479160 0.016904296 0.210353881 112.262168884
0.175873995 0.025713971 0.984076798 3.560676575 0.019509800 0.999371409 -0.029600406 -2.673682928 -0.984219372 0.024405086 0.175261751 112.298530579
0.145334423 0.026950335 0.989015460 4.015409470 0.023768313 0.999245286 -0.030721817 -2.690439224 -0.989097118 0.027972165 0.144584134 112.337921143
0.117259368 0.025305187 0.992778897 4.490572929 0.021550978 0.999374986 -0.028018748 -2.706711054 -0.992867529 0.024680816 0.116640687 112.380729675
0.091878682 0.021769373 0.995532215 4.979793549 0.015533321 0.999607801 -0.023292083 -2.721142292 -0.995649099 0.017603965 0.091504499 112.415634155
0.068306297 0.017567158 0.997509658 5.489830494 0.011300206 0.999767065 -0.018380713 -2.737254381 -0.997600436 0.012527585 0.068091840 112.439346313
0.045162980 0.015554702 0.998858511 5.994421482 0.014048004 0.999770045 -0.016204067 -2.758202791 -0.998880863 0.014763793 0.044934072 112.462326050
0.024922665 0.016354062 0.999555588 6.529505730 0.021998802 0.999615073 -0.016903548 -2.773808241 -0.999447286 0.022410309 0.024553303 112.451286316
0.007210236 0.018775743 0.999797642 7.079650402 0.026656255 0.999464810 -0.018961724 -2.792038679 -0.999618709 0.026787587 0.006705888 112.438514709
-0.007036988 0.024074564 0.999685407 7.678427219 0.027336583 0.999341130 -0.023873847 -2.801337242 -0.999601483 0.027159987 -0.007690471 112.433692932
-0.017903887 0.029069828 0.999416947 8.283646584 0.024301670 0.999294698 -0.028630920 -2.813314915 -0.999544382 0.023774903 -0.018597707 112.426261902
-0.023931632 0.028821507 0.999298036 8.918409348 0.027212877 0.999232709 -0.028167918 -2.826195002 -0.999343276 0.026519664 -0.024697583 112.401542664
-0.026489833 0.025735470 0.999317706 9.561393738 0.033925377 0.999115765 -0.024830978 -2.843068600 -0.999073267 0.033244461 -0.027339501 112.375816345
-0.026284061 0.023872742 0.999369383 10.208756447 0.034703679 0.999134064 -0.022954388 -2.868390083 -0.999051988 0.034078460 -0.027089775 112.356361389
-0.024400158 0.023602100 0.999423623 10.886058807 0.033334449 0.999184549 -0.022782624 -2.889285326 -0.999146402 0.032759342 -0.025167026 112.348991394
-0.022539333 0.023807326 0.999462426 11.587043762 0.030425722 0.999269664 -0.023116583 -2.914525032 -0.999282897 0.029888334 -0.023247233 112.331588745
-0.021501439 0.024969762 0.999456942 12.302220345 0.029856401 0.999258220 -0.024322491 -2.930983782 -0.999322891 0.029317221 -0.022231001 112.326065063
-0.020874770 0.025830487 0.999448299 13.017536163 0.028709929 0.999269366 -0.025226217 -2.958564520 -0.999369860 0.028167501 -0.021601116 112.320236206
-0.019646829 0.025418140 0.999483824 13.774387360 0.028424654 0.999286890 -0.024854392 -2.984136820 -0.999402881 0.027921677 -0.020355320 112.307739258
-0.019078083 0.024086198 0.999527812 14.530802727 0.027174769 0.999352992 -0.023563297 -3.008079529 -0.999448657 0.026712397 -0.019720275 112.297035217
-0.018767890 0.022702556 0.999566078 15.295521736 0.027841287 0.999366343 -0.022175271 -3.036030293 -0.999436200 0.027413027 -0.019388065 112.288696289
-0.019125970 0.020555185 0.999605775 16.092144012 0.028433865 0.999395430 -0.020006819 -3.060369015 -0.999412596 0.028040010 -0.019698871 112.272071838
-0.020480884 0.018645903 0.999616325 16.883693695 0.025941215 0.999499321 -0.018112222 -3.089442968 -0.999453664 0.025560312 -0.020954326 112.267761230
-0.021681642 0.017736703 0.999607563 17.675823212 0.025210747 0.999534428 -0.017188579 -3.111539364 -0.999446988 0.024828181 -0.022118701 112.250801086
-0.022575034 0.015047288 0.999631941 18.478776932 0.027793836 0.999509692 -0.014417770 -3.137944460 -0.999358773 0.027458122 -0.022982189 112.225242615
-0.023945427 0.013876118 0.999617040 19.296169281 0.029100744 0.999489605 -0.013177254 -3.153344393 -0.999289691 0.028774066 -0.024337009 112.208358765
-0.025667924 0.012748115 0.999589264 20.124826431 0.026634457 0.999572515 -0.012063969 -3.182177782 -0.999315739 0.026313866 -0.025996486 112.194412231
-0.026249556 0.017341835 0.999505103 20.937551498 0.023399513 0.999586225 -0.016728712 -3.209548235 -0.999381542 0.022948807 -0.026644489 112.170310974
-0.026943794 0.022114191 0.999392271 21.771585464 0.024964798 0.999458313 -0.021442592 -3.230964661 -0.999325156 0.024371883 -0.027481277 112.148284912
-0.028331144 0.023822358 0.999314725 22.613597870 0.025056917 0.999418736 -0.023114456 -3.255883455 -0.999284506 0.024384882 -0.028911591 112.130691528
-0.030071421 0.021666300 0.999312878 23.454547882 0.021424824 0.999549270 -0.021026701 -3.287162781 -0.999318123 0.020777797 -0.030522060 112.116683960
-0.031176081 0.017168973 0.999366403 24.311220169 0.018378383 0.999693155 -0.016601257 -3.320157051 -0.999344945 0.017849173 -0.031482056 112.108497620
-0.031391375 0.011947384 0.999435663 25.165334702 0.016944190 0.999791205 -0.011419429 -3.345250607 -0.999363542 0.016576162 -0.031587258 112.085678101
-0.031900592 0.006278779 0.999471366 26.013753891 0.013191638 0.999895692 -0.005860401 -3.368958712 -0.999404013 0.012997710 -0.031980097 112.069702148
-0.031678442 0.004604041 0.999487460 26.869131088 0.010465509 0.999936044 -0.004274404 -3.397131205 -0.999443352 0.010324740 -0.031724598 112.054275513
-0.030527279 0.011577659 0.999466836 27.696611404 0.013111670 0.999851525 -0.011181638 -3.426735878 -0.999447942 0.012763334 -0.030674541 112.019561768
-0.028941376 0.022833245 0.999320269 28.525747299 0.015767122 0.999625146 -0.022383578 -3.448095083 -0.999456823 0.015108594 -0.029290546 111.987983704
-0.029020825 0.027988410 0.999186814 29.359790802 0.017722527 0.999465108 -0.027481467 -3.471184731 -0.999421716 0.016910581 -0.029501332 111.974876404
-0.027766496 0.022373345 0.999364018 30.200775146 0.019415552 0.999572992 -0.021838579 -3.506011963 -0.999425888 0.018796824 -0.028189024 111.953651428
-0.026683416 0.014947752 0.999532104 31.031162262 0.022260727 0.999649167 -0.014355235 -3.534192562 -0.999396086 0.021867268 -0.027006803 111.928756714
-0.026060764 0.012290279 0.999584734 31.862459183 0.023706343 0.999650896 -0.011673030 -3.558265209 -0.999379277 0.023392292 -0.026343025 111.908508301
-0.026333371 0.013151086 0.999566674 32.679584503 0.022853592 0.999660134 -0.012550241 -3.580910921 -0.999392092 0.022513200 -0.026624970 111.891639709
-0.027689038 0.013843739 0.999520719 33.505649567 0.018919349 0.999732196 -0.013322560 -3.610966206 -0.999437571 0.018541392 -0.027943539 111.884277344
-0.029460829 0.013671451 0.999472439 34.318984985 0.016901439 0.999770343 -0.013177331 -3.637524843 -0.999423027 0.016504308 -0.029685140 111.861625671
-0.031503685 0.013500803 0.999412477 35.127677917 0.016484844 0.999779820 -0.012986126 -3.663476229 -0.999367714 0.016066048 -0.031719301 111.835464478
-0.033321645 0.013570680 0.999352574 35.934539795 0.015333198 0.999797106 -0.013065460 -3.690970659 -0.999327004 0.014887908 -0.033522971 111.812301636
-0.035896979 0.013627131 0.999262571 36.765567780 0.012767671 0.999831676 -0.013176234 -3.718692303 -0.999273896 0.012285270 -0.036064919 111.804565430
-0.038071983 0.013154248 0.999188364 37.539352417 0.012134236 0.999845624 -0.012700550 -3.741801500 -0.999201357 0.011640852 -0.038225714 111.776260376
-0.040047672 0.012052370 0.999125063 38.330123901 0.012637751 0.999853313 -0.011554601 -3.766505957 -0.999117911 0.012163958 -0.040194113 111.744567871
-0.041790824 0.011550109 0.999059677 39.104385376 0.011603203 0.999871314 -0.011074131 -3.799452305 -0.999059081 0.011129493 -0.041919474 111.709396362
-0.043351524 0.012796974 0.998977959 39.896026611 0.012305321 0.999848843 -0.012274135 -3.819621086 -0.998984158 0.011760642 -0.043502450 111.678497314
-0.044628996 0.012978363 0.998919368 40.663639069 0.012517912 0.999844372 -0.012431117 -3.843480110 -0.998925149 0.011949598 -0.044784520 111.642395020
-0.045645315 0.011965399 0.998885989 41.443405151 0.015134647 0.999821723 -0.011285013 -3.866485596 -0.998843074 0.014602683 -0.045818266 111.612052917
-0.047269825 0.011195130 0.998819351 42.219623566 0.015050489 0.999831617 -0.010494200 -3.891192913 -0.998768806 0.014536663 -0.047430355 111.582710266
-0.048896663 0.010733359 0.998746157 42.980751038 0.013854387 0.999853313 -0.010066975 -3.914919615 -0.998707771 0.013344780 -0.049038194 111.553543091
-0.050235435 0.010047237 0.998686850 43.746517181 0.011943596 0.999883950 -0.009458500 -3.933628082 -0.998665988 0.011452765 -0.050349604 111.525833130
-0.051178329 0.008868023 0.998650193 44.480365753 0.010598397 0.999909103 -0.008336062 -3.957701206 -0.998633325 0.010157469 -0.051267661 111.494956970
-0.052336827 0.008378463 0.998594403 45.209747314 0.010811636 0.999910951 -0.007822867 -3.984849930 -0.998571038 0.010387019 -0.052422747 111.472320557
-0.051560890 0.011133071 0.998607814 45.899036407 0.011107776 0.999882340 -0.010573755 -4.000453472 -0.998608112 0.010547122 -0.051678482 111.417633057
-0.051922470 0.013957787 0.998553574 46.602207184 0.011408400 0.999845326 -0.013382633 -4.023089409 -0.998585939 0.010697040 -0.052073676 111.389816284
-0.051857300 0.015517980 0.998533964 47.302417755 0.009341364 0.999842942 -0.015053196 -4.044459343 -0.998610854 0.008547052 -0.051994123 111.357925415
-0.051949210 0.016229397 0.998517752 47.999870300 0.010021636 0.999826074 -0.015729267 -4.072735786 -0.998599470 0.009189660 -0.052102823 111.322647095
-0.051798169 0.015957467 0.998529971 48.696899414 0.011474625 0.999815822 -0.015382773 -4.095244408 -0.998591721 0.010660958 -0.051971741 111.286575317
-0.052395564 0.015408226 0.998507440 49.387123108 0.011950885 0.999819040 -0.014801353 -4.119932175 -0.998554885 0.011157524 -0.052570220 111.255577087
-0.052132711 0.015784068 0.998515368 50.068962097 0.008718200 0.999844193 -0.015349892 -4.137914181 -0.998602092 0.007905025 -0.052262187 111.220802307
-0.052070376 0.015607974 0.998521447 50.750892639 0.005826642 0.999865532 -0.015325137 -4.169975758 -0.998626471 0.005020041 -0.052154321 111.193298340
-0.051975518 0.014174472 0.998547792 51.438903809 0.007331520 0.999877751 -0.013811735 -4.194206715 -0.998621464 0.006603002 -0.052073091 111.162483215
-0.052740801 0.013655804 0.998514831 52.106784821 0.008302433 0.999877930 -0.013235916 -4.213076115 -0.998573780 0.007592031 -0.052847750 111.122795105
-0.056527212 0.012859121 0.998318195 52.770736694 0.004368417 0.999910593 -0.012632282 -4.239926815 -0.998391569 0.003647003 -0.056578342 111.093696594
-0.061798744 0.012613676 0.998008907 53.447196960 0.000717042 0.999920368 -0.012593434 -4.259430885 -0.998088419 -0.000062645 -0.061802875 111.061958313
-0.067650102 0.016728941 0.997568786 54.116722107 0.004197189 0.999855340 -0.016482649 -4.277840137 -0.997700334 0.003071932 -0.067710526 111.009552002
-0.073944956 0.019753546 0.997066677 54.781646729 0.006996709 0.999789357 -0.019288603 -4.295506477 -0.997237802 0.005549891 -0.074067615 110.953147888
-0.081055783 0.021011300 0.996488094 55.455410004 0.005717800 0.999771059 -0.020615436 -4.321034431 -0.996693254 0.004026720 -0.081157371 110.896812439
-0.088020779 0.020505797 0.995907485 56.149452209 0.001668849 0.999789715 -0.020438235 -4.339947224 -0.996117353 -0.000136971 -0.088036500 110.851585388
-0.093028665 0.019257050 0.995477200 56.832923889 0.001615215 0.999814510 -0.019190015 -4.367040157 -0.995662272 -0.000177312 -0.093042523 110.784347534
-0.098665744 0.020540103 0.994908631 57.540691376 -0.000420425 0.999785960 -0.020682495 -4.382094860 -0.995120645 -0.002458939 -0.098636001 110.735877991
-0.101603933 0.018417146 0.994654417 58.212661743 -0.002992658 0.999818444 -0.018818468 -4.422420025 -0.994820476 -0.004888691 -0.101530395 110.654365540
-0.104060709 0.014939148 0.994458735 58.918106079 -0.002334027 0.999880731 -0.015264837 -4.443840504 -0.994568229 -0.003909564 -0.104013450 110.583663940
-0.105459802 0.011953296 0.994351745 59.627296448 -0.000552120 0.999926865 -0.012078874 -4.465545654 -0.994423449 -0.001822837 -0.105445512 110.502342224
-0.106718853 0.009228718 0.994246364 60.348197937 -0.000986246 0.999955416 -0.009387571 -4.486593246 -0.994288802 -0.001982404 -0.106705002 110.427146912
-0.108328402 0.008873156 0.994075537 61.080177307 -0.001983925 0.999956250 -0.009141845 -4.505379677 -0.994113266 -0.002962493 -0.108306065 110.358642578
-0.109359600 0.012765452 0.993920267 61.819366455 -0.000079064 0.999917448 -0.012851180 -4.520753860 -0.994002342 -0.001483984 -0.109349564 110.287040710
-0.109601043 0.016883440 0.993832171 62.541141510 0.006301891 0.999847412 -0.016290648 -4.542512417 -0.993955672 0.004477549 -0.109690733 110.196861267
-0.110142432 0.021672182 0.993679464 63.282474518 0.013624310 0.999701202 -0.020293359 -4.567129135 -0.993822455 0.011303036 -0.110404804 110.107429504
-0.110505961 0.022372160 0.993623555 64.020713806 0.013644923 0.999686599 -0.020991150 -4.591307640 -0.993781865 0.011238271 -0.110776588 110.020332336
-0.111820683 0.020001896 0.993527055 64.790435791 0.011624517 0.999755383 -0.018818952 -4.619802952 -0.993660450 0.009444924 -0.112025857 109.955741882
-0.111304693 0.015887974 0.993659317 65.536514282 0.013023639 0.999809623 -0.014527471 -4.637471199 -0.993700981 0.011324086 -0.111490436 109.865577698
-0.111071736 0.013934583 0.993714690 66.293533325 0.015129274 0.999809444 -0.012328987 -4.662388802 -0.993697226 0.013664782 -0.111261413 109.771987915
-0.111914493 0.013227629 0.993629873 67.040786743 0.014946227 0.999820709 -0.011626622 -4.687103271 -0.993605375 0.013549834 -0.112092145 109.690757751
-0.113803491 0.014357994 0.993399501 67.791091919 0.013452659 0.999826133 -0.012909751 -4.709065914 -0.993412197 0.011894695 -0.113976866 109.615539551
-0.115818493 0.014990660 0.993157268 68.537345886 0.013198375 0.999821067 -0.013552096 -4.734469414 -0.993182719 0.011538479 -0.115995631 109.526641846
-0.118140168 0.015124560 0.992881656 69.276992798 0.014058962 0.999809206 -0.013557252 -4.758690357 -0.992897511 0.012357231 -0.118330278 109.441688538
-0.119962528 0.015295101 0.992660582 70.021812439 0.014213814 0.999805331 -0.013687455 -4.779804707 -0.992676616 0.012467512 -0.120156586 109.352386475
-0.121909350 0.015098380 0.992426515 70.769813538 0.013787772 0.999813616 -0.013517083 -4.800277710 -0.992445409 0.012035492 -0.122094803 109.262367249
-0.123555087 0.015273066 0.992220163 71.519775391 0.011528756 0.999836147 -0.013954692 -4.822218418 -0.992270708 0.009714891 -0.123710945 109.174987793
-0.124678291 0.016852111 0.992054105 72.271987915 0.011300573 0.999814987 -0.015563725 -4.845238209 -0.992132902 0.009270321 -0.124845676 109.085777283
-0.125403047 0.017143859 0.991957784 73.033096313 0.010560934 0.999817073 -0.015944580 -4.867043018 -0.992049634 0.008476499 -0.125561163 108.993995667
-0.126833603 0.017206384 0.991774678 73.799011230 0.009740783 0.999822855 -0.016100308 -4.891827106 -0.991876245 0.007618603 -0.126978725 108.899749756
-0.128291368 0.015807113 0.991610527 74.580505371 0.010283642 0.999840438 -0.014607837 -4.908457279 -0.991683185 0.008323308 -0.128433421 108.811889648
-0.129125342 0.013578790 0.991535306 75.360610962 0.008235456 0.999886394 -0.012620671 -4.929678917 -0.991594076 0.006536097 -0.129222482 108.714172363
-0.131011248 0.011651107 0.991312385 76.148017883 0.004826461 0.999926567 -0.011114486 -4.947618008 -0.991369128 0.003328407 -0.131057873 108.620086670
-0.132954016 0.010822814 0.991063178 76.922248840 0.006372439 0.999929011 -0.010064753 -4.972975731 -0.991101742 0.004977341 -0.133013561 108.510246277
-0.134656593 0.011645179 0.990823925 77.721382141 0.007755711 0.999912679 -0.010697968 -4.990605354 -0.990861952 0.006243992 -0.134735167 108.407623291
-0.136859715 0.012934910 0.990506053 78.510711670 0.007121404 0.999901712 -0.012073634 -5.009472847 -0.990564883 0.005401400 -0.136938408 108.297500610
-0.138574868 0.015882423 0.990224600 79.306549072 0.008256246 0.999855161 -0.014881488 -5.040278435 -0.990317583 0.006113337 -0.138685957 108.190689087
-0.138817355 0.019879870 0.990118563 80.108520508 0.010620694 0.999770880 -0.018584624 -5.063408375 -0.990261018 0.007935878 -0.138996691 108.076866150
-0.140047863 0.023782045 0.989859164 80.926750183 0.011152672 0.999686003 -0.022440232 -5.096352577 -0.990081966 0.007896869 -0.140269116 107.962661743
-0.139966428 0.025059737 0.989839137 81.752761841 0.013441082 0.999635637 -0.023407143 -5.122723103 -0.990065038 0.010028295 -0.140252292 107.848686218
-0.139104500 0.024349596 0.989978433 82.585151672 0.016788794 0.999611974 -0.022227507 -5.152884483 -0.990135491 0.013528597 -0.139459297 107.729560852
-0.138608009 0.022304036 0.990096271 83.404052734 0.017690867 0.999642611 -0.020042464 -5.186545372 -0.990189373 0.014737611 -0.138953075 107.602661133
-0.137751088 0.021031450 0.990243614 84.245422363 0.016563583 0.999683559 -0.018927814 -5.209184170 -0.990328372 0.013794655 -0.138055846 107.489494324
-0.136675954 0.018242840 0.990447819 85.101051331 0.015545296 0.999746859 -0.016268957 -5.238612175 -0.990493894 0.013173233 -0.136924967 107.396903992
-0.135294646 0.015043314 0.990691245 85.957740784 0.016029412 0.999787271 -0.012992360 -5.263208389 -0.990675867 0.014122404 -0.135506988 107.289764404
-0.133548751 0.011479834 0.990975797 86.808898926 0.016453531 0.999820769 -0.009364940 -5.289988995 -0.990905762 0.015054375 -0.133713692 107.176010132
-0.131904021 0.011642239 0.991194069 87.656539917 0.014644756 0.999844730 -0.009794985 -5.311648369 -0.991154313 0.013223795 -0.132054090 107.071754456
-0.130687073 0.015615964 0.991300583 88.509307861 0.015064793 0.999791801 -0.013763674 -5.339826584 -0.991309166 0.013135003 -0.130895138 106.963867188
-0.128798336 0.022085808 0.991424799 89.362594604 0.016167918 0.999665797 -0.020168982 -5.362707138 -0.991539061 0.013431546 -0.129112378 106.858032227
-0.127285033 0.025506092 0.991538167 90.211227417 0.013901354 0.999617040 -0.023929374 -5.389004707 -0.991768718 0.010737874 -0.127590880 106.753784180
-0.125729829 0.023069886 0.991796315 91.073501587 0.012621373 0.999685943 -0.021653397 -5.418320179 -0.991984189 0.009795354 -0.125981510 106.648696899
