1.000000000 -0.000000000 0.000000000 0.000000001 -0.000000000 1.000000000 0.000000000 -0.000000015 0.000000000 0.000000000 0.999999940 -0.000000119
0.999997675 -0.001622384 -0.001435347 -0.002483398 0.001621048 0.999998271 -0.000932040 -0.007702777 0.001436858 0.000929711 0.999998450 0.564240396
0.999995410 -0.001834170 -0.002404958 -0.007788907 0.001827948 0.999994993 -0.002587089 -0.017564988 0.002409691 0.002582681 0.999993682 1.119545460
0.999986529 -0.002521780 -0.004536355 -0.009099657 0.002505698 0.999990582 -0.003547331 -0.035237916 0.004545259 0.003535916 0.999983370 1.684750080
0.999970376 -0.004340570 -0.006355660 -0.020489790 0.004305183 0.999975204 -0.005570854 -0.040870499 0.006379684 0.005543326 0.999964237 2.251567364
0.999950469 -0.006998498 -0.007085689 -0.040821951 0.006948614 0.999951124 -0.007040429 -0.065632008 0.007134615 0.006990845 0.999950051 2.801240444
0.999929607 -0.008183098 -0.008587831 -0.047680940 0.008116781 0.999937177 -0.007729016 -0.077159412 0.008650538 0.007658765 0.999933183 3.373816490
0.999916196 -0.008229122 -0.009991589 -0.057970989 0.008158387 0.999941528 -0.007099879 -0.089100413 0.010049431 0.007017767 0.999924839 3.956538916
0.999904752 -0.008533673 -0.010845602 -0.071138069 0.008451628 0.999935508 -0.007588449 -0.102813587 0.010909659 0.007496062 0.999912441 4.548038960
0.999893188 -0.008018408 -0.012211561 -0.079190552 0.007892954 0.999915957 -0.010287125 -0.118921667 0.012293020 0.010189641 0.999872506 5.143007278
0.999889553 -0.006367548 -0.013427107 -0.093013316 0.006178421 0.999881804 -0.014080242 -0.133845553 0.013515174 0.013995727 0.999810696 5.748108387
0.999877632 -0.005129584 -0.014778231 -0.109475620 0.004866244 0.999829769 -0.017800599 -0.146525308 0.014867023 0.017726507 0.999732316 6.362466335
0.999867558 -0.003214605 -0.015947187 -0.126588956 0.002931252 0.999838054 -0.017759770 -0.160804853 0.016001692 0.017710675 0.999715149 6.992315769
0.999853134 -0.000914131 -0.017109629 -0.140754297 0.000726797 0.999939799 -0.010952043 -0.170995742 0.017118612 0.010937999 0.999793530 7.632690907
0.999844491 0.000062130 -0.017634725 -0.159158781 -0.000062951 1.000000119 -0.000045992 -0.188030273 0.017634725 0.000047095 0.999844432 8.291464806
0.999828398 0.000741631 -0.018506994 -0.176391065 -0.000622713 0.999979138 0.006430470 -0.196485460 0.018511377 -0.006417844 0.999808013 8.977952003
0.999793410 0.003239025 -0.020064600 -0.191973418 -0.003135541 0.999981642 0.005186869 -0.209035233 0.020081032 -0.005122885 0.999785185 9.661498070
0.999775946 0.005184166 -0.020521149 -0.218723997 -0.005225946 0.999984384 -0.001982813 -0.215575144 0.020510545 0.002089611 0.999787390 10.352373123
0.999751210 0.004852449 -0.021768320 -0.237153485 -0.005024568 0.999956489 -0.007859080 -0.215195388 0.021729238 0.007966501 0.999732137 11.063109398
0.999733686 0.002438545 -0.022944808 -0.251653165 -0.002584781 0.999976516 -0.006345863 -0.216396436 0.022928793 0.006403480 0.999716580 11.799316406
0.999733329 0.002066446 -0.022999438 -0.280475587 -0.001996090 0.999993265 0.003081556 -0.232887268 0.023005653 -0.003034825 0.999730647 12.566997528
0.999729455 0.001673277 -0.023203665 -0.303087324 -0.001428415 0.999943197 0.010565315 -0.238261953 0.023220027 -0.010529310 0.999674857 13.341382980
0.999715745 0.000659518 -0.023834098 -0.326036453 -0.000348700 0.999914885 0.013042708 -0.239631519 0.023840673 -0.013030688 0.999630749 14.130237579
0.999708474 -0.001099146 -0.024119684 -0.343348920 0.001389322 0.999926805 0.012017238 -0.238790199 0.024104711 -0.012047244 0.999636829 14.937541008
0.999719560 -0.001593616 -0.023629136 -0.364253014 0.001819986 0.999952674 0.009561731 -0.240404800 0.023612779 -0.009602053 0.999675035 15.770924568
0.999736249 0.001177307 -0.022934817 -0.390176386 -0.001035119 0.999980211 0.006210549 -0.241352543 0.022941673 -0.006185170 0.999717593 16.605911255
0.999750018 -0.002240693 -0.022245852 -0.407786429 0.002251477 0.999997497 0.000459746 -0.244239360 0.022244763 -0.000509717 0.999752402 17.461061478
0.999754727 -0.004938573 -0.021587487 -0.425919116 0.004813713 0.999971449 -0.005832033 -0.253336698 0.021615671 0.005726686 0.999749899 18.335781097
0.999781907 -0.003728198 -0.020547561 -0.443331927 0.003502110 0.999933124 -0.011028131 -0.271266371 0.020587299 0.010953766 0.999728024 19.248687744
0.999795914 -0.002515000 -0.020044351 -0.471180588 0.002277108 0.999926865 -0.011882221 -0.285528958 0.020072768 0.011834154 0.999728441 20.153900146
0.999778509 -0.002442095 -0.020903144 -0.486819506 0.002204141 0.999932706 -0.011399089 -0.302911192 0.020929571 0.011350491 0.999716520 21.089515686
0.999786079 -0.001005245 -0.020655205 -0.517185986 0.000743834 0.999919653 -0.012659704 -0.328888953 0.020666268 0.012641633 0.999706447 22.030550003
0.999783993 0.002237905 -0.020661982 -0.532474577 -0.002544411 0.999886870 -0.014819928 -0.350881308 0.020626478 0.014869299 0.999676585 23.000411987
0.999767542 0.005483662 -0.020854577 -0.560386240 -0.005810604 0.999860704 -0.015649075 -0.373439014 0.020765856 0.015766615 0.999659956 23.964960098
0.999759316 0.007280184 -0.020694967 -0.593411922 -0.007601191 0.999851286 -0.015475254 -0.401187301 0.020579226 0.015628837 0.999666035 24.941810608
0.999749482 0.008116034 -0.020863412 -0.622554541 -0.008443518 0.999841750 -0.015656656 -0.424625725 0.020733042 0.015828891 0.999659717 25.925443649
0.999739885 0.007721227 -0.021464337 -0.636928380 -0.008056015 0.999846578 -0.015554877 -0.451411247 0.021340940 0.015723746 0.999648571 26.899095535
0.999723494 0.009228322 -0.021627719 -0.659242392 -0.009541365 0.999850452 -0.014415978 -0.486433923 0.021491447 0.014618351 0.999662161 27.927541733
0.999712646 0.009805096 -0.021875279 -0.685841262 -0.010075929 0.999873400 -0.012305072 -0.514198899 0.021751856 0.012521950 0.999684989 28.946798325
0.999698937 0.010489530 -0.022184666 -0.712755322 -0.010734957 0.999882042 -0.010972875 -0.543260455 0.022066951 0.011207721 0.999693751 29.965562820
0.999688089 0.010628008 -0.022599630 -0.734403789 -0.010908349 0.999864578 -0.012317708 -0.564716935 0.022465657 0.012560387 0.999668717 31.002756119
0.999677598 0.011828960 -0.022468450 -0.771319389 -0.012128630 0.999838710 -0.013248310 -0.594162881 0.022308109 0.013516549 0.999659717 32.012264252
0.999676049 0.011344064 -0.022785295 -0.801225543 -0.011621740 0.999859333 -0.012091347 -0.623062551 0.022644924 0.012352234 0.999667227 33.047790527
0.999668598 0.011156567 -0.023202512 -0.832539558 -0.011384081 0.999888241 -0.009696661 -0.644901633 0.023091737 0.009957585 0.999683738 34.101909637
0.999654055 0.011281143 -0.023759898 -0.865386486 -0.011423518 0.999917567 -0.005865076 -0.672189832 0.023691775 0.006134468 0.999700367 35.158870697
0.999638438 0.011629290 -0.024242597 -0.893801868 -0.011723464 0.999924302 -0.003746069 -0.694312871 0.024197198 0.004028922 0.999699056 36.238365173
0.999628603 0.011953001 -0.024488449 -0.928761959 -0.012039344 0.999921858 -0.003381481 -0.710823417 0.024446115 0.003675050 0.999694347 37.309535980
0.999610484 0.011126894 -0.025593996 -0.950644851 -0.011243854 0.999927044 -0.004430478 -0.737656534 0.025542827 0.004716527 0.999662578 38.401462555
0.999593675 0.011643357 -0.026015786 -0.992313445 -0.011785530 0.999916494 -0.005318217 -0.751995265 0.025951691 0.005622665 0.999647379 39.478698730
0.999581814 0.011181579 -0.026668912 -1.027567506 -0.011291152 0.999928415 -0.003961552 -0.778238654 0.026622701 0.004261017 0.999636471 40.560134888
0.999550819 0.011863171 -0.027521413 -1.063322663 -0.011928349 0.999926448 -0.002205217 -0.793559194 0.027493225 0.002532511 0.999618828 41.646499634
0.999550343 0.011189974 -0.027822591 -1.104877830 -0.011175432 0.999937296 0.000678156 -0.821215808 0.027828434 -0.000366922 0.999612689 42.738422394
0.999521852 0.012856684 -0.028121991 -1.149056911 -0.012844810 0.999917328 0.000602822 -0.843382955 0.028127413 -0.000241312 0.999604344 43.813838959
0.999481142 0.014236704 -0.028892923 -1.172958493 -0.014340120 0.999891400 -0.003375145 -0.865842044 0.028841734 0.003787722 0.999576807 44.903831482
0.999468505 0.015448919 -0.028705208 -1.213481903 -0.015674166 0.999848008 -0.007638527 -0.884539664 0.028582836 0.008084398 0.999558687 45.985939026
0.999462843 0.015944850 -0.028632069 -1.252633452 -0.016178653 0.999837399 -0.007952733 -0.908336639 0.028500605 0.008411690 0.999558389 47.066921234
0.999450088 0.016445829 -0.028794689 -1.288347960 -0.016604306 0.999848247 -0.005273181 -0.934412062 0.028703595 0.005748396 0.999571443 48.159786224
0.999447465 0.016939782 -0.028599229 -1.328678846 -0.017031597 0.999850512 -0.002969759 -0.960007846 0.028544648 0.003455209 0.999586523 49.276321411
0.999476492 0.015478794 -0.028410774 -1.365696788 -0.015536016 0.999877691 -0.001794396 -0.980574131 0.028379522 0.002234847 0.999594748 50.364437103
0.999482393 0.015386424 -0.028252661 -1.395786166 -0.015459997 0.999877572 -0.002387381 -1.006203890 0.028212471 0.002822931 0.999597907 51.454261780
0.999502122 0.014607819 -0.027965607 -1.436783075 -0.014736301 0.999881864 -0.004393732 -1.027061343 0.027898112 0.004803654 0.999599218 52.541091919
0.999507844 0.014469252 -0.027833492 -1.463994384 -0.014658900 0.999870658 -0.006621675 -1.047388911 0.027734077 0.007026424 0.999590635 53.628623962
0.999520659 0.013930823 -0.027648430 -1.500744939 -0.014183115 0.999859393 -0.008949853 -1.080132961 0.027519863 0.009337703 0.999577701 54.734050751
0.999556839 0.012017746 -0.027232539 -1.538381577 -0.012354369 0.999848962 -0.012226696 -1.111196041 0.027081490 0.012557719 0.999554336 55.816032410
0.999578476 0.010533094 -0.027055351 -1.566999197 -0.010908960 0.999845445 -0.013782612 -1.145057440 0.026905997 0.014071945 0.999538958 56.901748657
0.999607205 0.008549785 -0.026690731 -1.598554373 -0.008852827 0.999897480 -0.011256416 -1.177114367 0.026591754 0.011488282 0.999580383 57.988983154
0.999626219 0.007483752 -0.026297353 -1.639004111 -0.007643089 0.999953032 -0.005963728 -1.198542356 0.026251487 0.006162491 0.999636352 59.094833374
0.999636471 0.006085233 -0.026268104 -1.664467573 -0.006086708 0.999981463 0.000023811 -1.220824242 0.026267761 0.000136083 0.999654889 60.187496185
0.999648869 0.004576840 -0.026100257 -1.696021438 -0.004560715 0.999989331 0.000677335 -1.241971016 0.026103079 -0.000558061 0.999659002 61.284854889
0.999650717 0.001317100 -0.026395140 -1.719261169 -0.001378659 0.999996424 -0.002314149 -1.258178830 0.026391998 0.002349731 0.999648869 62.379398346
0.999658763 -0.000068352 -0.026120290 -1.754596472 -0.000077609 0.999984384 -0.005586994 -1.278317213 0.026120266 0.005587115 0.999643087 63.469032288
0.999661386 0.002277456 -0.025919719 -1.794676661 -0.002520147 0.999953210 -0.009334399 -1.311378241 0.025897250 0.009396559 0.999620438 64.565422058
0.999660611 0.002321716 -0.025948105 -1.824853301 -0.002674459 0.999904335 -0.013567754 -1.337660909 0.025914121 0.013632546 0.999571145 65.657707214
0.999670267 0.005312975 -0.025122594 -1.868048906 -0.005679744 0.999877989 -0.014550447 -1.361158490 0.025042221 0.014688338 0.999578536 66.759346008
0.999665856 0.009234494 -0.024140907 -1.914167523 -0.009498421 0.999896109 -0.010841171 -1.396896243 0.024038287 0.011066847 0.999649704 67.860473633
0.999659359 0.010379029 -0.023942586 -1.947031021 -0.010586808 0.999907196 -0.008567907 -1.425154567 0.023851437 0.008818462 0.999676585 68.953781128
0.999665737 0.009587635 -0.024007255 -1.976094246 -0.009776689 0.999922037 -0.007769929 -1.452105880 0.023930889 0.008002041 0.999681532 70.040321350
0.999673903 0.008369656 -0.024126591 -2.004061222 -0.008543080 0.999938369 -0.007093873 -1.478795648 0.024065733 0.007297673 0.999683619 71.165199280
0.999676406 0.007363027 -0.024349365 -2.033461094 -0.007498311 0.999956965 -0.005469263 -1.509350061 0.024308048 0.005650072 0.999688447 72.256988525
0.999674380 0.005895328 -0.024828648 -2.063566208 -0.005991262 0.999974906 -0.003791173 -1.530797124 0.024805676 0.003938694 0.999684453 73.359443665
0.999660611 0.004791414 -0.025608411 -2.090796232 -0.004841059 0.999986589 -0.001876911 -1.557257295 0.025599074 0.002000245 0.999670267 74.453491211
0.999655783 0.004131609 -0.025910834 -2.126037121 -0.004208585 0.999986947 -0.002916975 -1.583618164 0.025898444 0.003025018 0.999660015 75.540542603
0.999636173 0.004287141 -0.026628325 -2.158934116 -0.004468523 0.999967217 -0.006755865 -1.609131336 0.026598485 0.006872394 0.999622583 76.624847412
0.999606848 0.004896004 -0.027606077 -2.188223600 -0.005140595 0.999948144 -0.008796039 -1.634029269 0.027561579 0.008934493 0.999580204 77.704048157
0.999584615 0.006603041 -0.028051825 -2.228373528 -0.006807689 0.999950826 -0.007206111 -1.661096454 0.028002866 0.007394085 0.999580503 78.786972046
0.999556959 0.007867721 -0.028702592 -2.265116930 -0.007963561 0.999963045 -0.003226293 -1.680493474 0.028676149 0.003453437 0.999582767 79.864921570
0.999538779 0.008284338 -0.029217523 -2.305276155 -0.008254477 0.999965310 0.001142489 -1.710882664 0.029225973 -0.000900788 0.999572456 80.925643921
0.999512494 0.010233164 -0.029496687 -2.349558115 -0.010186998 0.999946594 0.001714959 -1.728684545 0.029512661 -0.001413641 0.999563336 82.033256531
0.999496043 0.009908740 -0.030156748 -2.386572838 -0.009929605 0.999950469 -0.000542153 -1.744986176 0.030149883 0.000841324 0.999544978 83.099349976
0.999486625 0.010224494 -0.030362945 -2.430401087 -0.010275925 0.999945939 -0.001538212 -1.761420131 0.030345574 0.001849430 0.999537766 84.161697388
0.999464154 0.009204566 -0.031412560 -2.457764387 -0.009254066 0.999956131 -0.001430712 -1.791856527 0.031398013 0.001720639 0.999505401 85.227554321
0.999448299 0.008179246 -0.032190755 -2.491711378 -0.008229624 0.999965131 -0.001432806 -1.810832739 0.032177914 0.001696933 0.999480724 86.262237549
0.999429762 0.006965181 -0.033039965 -2.523333788 -0.006976208 0.999975681 -0.000218458 -1.830370665 0.033037633 0.000448827 0.999453962 87.301185608
0.999416471 0.007220023 -0.033386830 -2.574088812 -0.007125820 0.999970436 0.002939704 -1.857270718 0.033407059 -0.002700080 0.999438167 88.293457031
0.999388814 0.005908577 -0.034454666 -2.609289408 -0.005773258 0.999975145 0.004025622 -1.877746224 0.034477599 -0.003824245 0.999398172 89.284278870
0.999319732 0.004835623 -0.036561079 -2.647078276 -0.004688327 0.999980569 0.004113447 -1.893398404 0.036580261 -0.003939238 0.999323010 90.238975525
0.999195457 0.003777129 -0.039927855 -2.687266827 -0.003648174 0.999987841 0.003302088 -1.917421103 0.039939839 -0.003153768 0.999197066 91.185272217
0.999047816 0.003710252 -0.043471213 -2.730938196 -0.003606053 0.999990463 0.002475135 -1.935999393 0.043479975 -0.002316018 0.999051571 92.103668213
0.998917818 0.003612104 -0.046370208 -2.782192230 -0.003478772 0.999989510 0.002955760 -1.952763200 0.046380393 -0.002791250 0.998919904 92.985504150
0.998758674 0.004632765 -0.049594481 -2.829644203 -0.004441855 0.999982297 0.003958961 -1.970816493 0.049611945 -0.003733755 0.998761535 93.866065979
0.998598456 0.005032692 -0.052684374 -2.880838871 -0.004762236 0.999974906 0.005257792 -1.990414381 0.052709498 -0.004999528 0.998597383 94.708808899
0.998439252 0.006543468 -0.055462390 -2.934589148 -0.006184770 0.999959052 0.006636559 -2.004981041 0.055503529 -0.006283180 0.998438716 95.513580322
0.998281956 0.007620643 -0.058095943 -2.985734701 -0.007192088 0.999945521 0.007582208 -2.022396326 0.058150556 -0.007151350 0.998282194 96.306800842
0.998097122 0.010024513 -0.060839675 -3.036295891 -0.009555227 0.999922454 0.007999540 -2.037454128 0.060915139 -0.007402982 0.998115480 97.067222595
0.997906387 0.011778021 -0.063592613 -3.094260931 -0.011343473 0.999909997 0.007190061 -2.056394100 0.063671552 -0.006453648 0.997950017 97.795173645
0.997735798 0.013422978 -0.065902017 -3.149412394 -0.013247339 0.999907434 0.003101510 -2.065952539 0.065937564 -0.002221461 0.997821271 98.488090515
0.997519910 0.015961897 -0.068550587 -3.204706669 -0.016040551 0.999871194 -0.000597044 -2.079709291 0.068532228 0.001695153 0.997647464 99.152587891
0.997345567 0.017538946 -0.070668340 -3.259638309 -0.017822042 0.999835551 -0.003377410 -2.093603373 0.070597477 0.004627900 0.997494102 99.798416138
0.997267485 0.019609556 -0.071224652 -3.314639568 -0.019954801 0.999792278 -0.004138832 -2.110887051 0.071128689 0.005548797 0.997451723 100.423179626
0.997275651 0.021920532 -0.070433073 -3.366905451 -0.022235218 0.999746025 -0.003686806 -2.123952389 0.070334367 0.005242856 0.997509718 101.001823425
0.997403979 0.025850045 -0.067209095 -3.406568766 -0.026038816 0.999659061 -0.001934106 -2.146806717 0.067136198 0.003679130 0.997736990 101.562980652
0.997674882 0.028275043 -0.062010191 -3.438254118 -0.028371055 0.999597311 -0.000668237 -2.158569813 0.061966315 0.002425977 0.998075306 102.108589172
0.998085558 0.029405352 -0.054410148 -3.468127251 -0.029363088 0.999567628 0.001576135 -2.174498558 0.054432966 0.000024532 0.998517334 102.628013611
0.998565018 0.029201332 -0.044890549 -3.481669188 -0.029048985 0.999569893 0.004042445 -2.187118769 0.044989288 -0.002732618 0.998983681 103.128784180
0.999041498 0.028857296 -0.032915220 -3.497147560 -0.028704697 0.999574900 0.005099486 -2.196924925 0.033048391 -0.004149776 0.999445081 103.603042603
0.999427021 0.027588477 -0.019607777 -3.499061584 -0.027489815 0.999608040 0.005283897 -2.209847689 0.019745868 -0.004741856 0.999793828 104.063522339
0.999608099 0.027676689 -0.004187340 -3.496268749 -0.027658965 0.999608397 0.004232318 -2.219009638 0.004302842 -0.004114843 0.999982297 104.499694824
0.999570370 0.026135197 0.013269291 -3.463988781 -0.026156366 0.999656856 0.001424059 -2.233153582 -0.013227520 -0.001770523 0.999910951 104.918312073
0.999072015 0.025743090 0.034534018 -3.436427832 -0.025645379 0.999665737 -0.003269426 -2.242739916 -0.034606643 0.002380753 0.999398172 105.333641052
0.997983813 0.023899551 0.058798395 -3.390403986 -0.023460524 0.999691606 -0.008145777 -2.253180265 -0.058974940 0.006749912 0.998236597 105.738388062
0.996075809 0.021393957 0.085879117 -3.331756830 -0.020515356 0.999727905 -0.011100325 -2.264191151 -0.086093217 0.009294924 0.996243715 106.142570496
0.993066370 0.018779220 0.116045117 -3.258076429 -0.017490383 0.999773741 -0.012114717 -2.277648926 -0.116246358 0.010001044 0.993170083 106.547325134
0.988826513 0.016527412 0.148151770 -3.172374487 -0.014603318 0.999794483 -0.014065760 -2.290556669 -0.148353785 0.011745089 0.988864601 106.921936035
0.982756793 0.014119759 0.184363186 -3.089344740 -0.011498962 0.999817252 -0.015276865 -2.309324741 -0.184545174 0.012893457 0.982739449 107.278945923
0.974944413 0.009931749 0.222226948 -2.970726728 -0.006560792 0.999852061 -0.015902067 -2.323609114 -0.222352013 0.014045644 0.974865258 107.625541687
0.965034664 0.008000306 0.262000442 -2.843393087 -0.003780062 0.999855042 -0.016607814 -2.339899063 -0.262095273 0.015036735 0.964924872 107.975143433
0.952505469 0.009090286 0.304385513 -2.722587347 -0.003810961 0.999831915 -0.017933825 -2.352777719 -0.304497331 0.015922060 0.952380002 108.272109985
0.937142789 0.011345894 0.348761380 -2.578356504 -0.005175834 0.999813259 -0.018618120 -2.365166426 -0.348907471 0.015642704 0.937026620 108.594261169
0.919275582 0.011583329 0.393443882 -2.408193111 -0.005055696 0.999831915 -0.017623365 -2.374824286 -0.393581867 0.014211592 0.919179678 108.917709351
0.898983300 0.010885057 0.437847555 -2.224934816 -0.004007897 0.999853730 -0.016627779 -2.385598421 -0.437964499 0.013193246 0.898895442 109.219535828
0.875706851 0.009951684 0.482740492 -2.031108618 -0.001789504 0.999847651 -0.017365614 -2.396922588 -0.482839763 0.014343320 0.875591218 109.501640320
0.850548446 0.010463392 0.525792420 -1.814063907 -0.000380092 0.999814093 -0.019281676 -2.414385557 -0.525896370 0.016200149 0.850394309 109.785537720
0.822481811 0.012555465 0.568652630 -1.587820053 0.000577450 0.999737442 -0.022908729 -2.429455042 -0.568790972 0.019170381 0.822258711 110.071708679
0.791520059 0.017323731 0.610897481 -1.339703321 -0.001625136 0.999654353 -0.026242396 -2.460599184 -0.611140907 0.019778593 0.791274667 110.363540649
0.758906722 0.022868712 0.650797606 -1.095858455 -0.003610967 0.999515533 -0.030911677 -2.461224556 -0.651189148 0.021109074 0.758621752 110.560371399
0.721293867 0.027575186 0.692080021 -0.826283991 -0.005499833 0.999403775 -0.034088172 -2.468343973 -0.692607224 0.020781267 0.721015453 110.807243347
0.681965053 0.027984399 0.730849266 -0.529568970 -0.003799429 0.999389887 -0.034721587 -2.487195969 -0.731374919 0.020902097 0.681655288 111.034767151
0.641044140 0.025177235 0.767091036 -0.219218001 0.000384014 0.999451160 -0.033124611 -2.502521753 -0.767503858 0.021528909 0.640682697 111.232009888
0.596880257 0.023429660 0.801988184 0.103893541 0.001889245 0.999529719 -0.030606804 -2.511812925 -0.802327991 0.019783748 0.596555352 111.428283691
0.551285505 0.021795593 0.834031940 0.445623666 0.003072634 0.999598920 -0.028153300 -2.521865606 -0.834310889 0.018083181 0.550997496 111.597709656
0.502891958 0.019618096 0.864126623 0.776341319 0.004459100 0.999670208 -0.025290359 -2.535305738 -0.864337742 0.016571544 0.502638638 111.747024536
0.451880008 0.015932867 0.891936421 1.145778656 0.007561629 0.999736190 -0.021689454 -2.545863628 -0.892046690 0.016545523 0.451640338 111.893928528
0.400039822 0.015828950 0.916361034 1.522777557 0.005310464 0.999794126 -0.019588444 -2.563563108 -0.916482389 0.012702459 0.399873406 112.026863098
0.349394947 0.020759815 0.936745524 1.921307802 0.001760449 0.999738336 -0.022812465 -2.575155973 -0.936973870 0.009619653 0.349266976 112.139274597
0.298697948 0.026122801 0.953990102 2.326348305 0.001650249 0.999609649 -0.027888691 -2.581237078 -0.954346299 0.009904617 0.298538327 112.247039795
0.251420230 0.028340984 0.967463017 2.724483490 0.002411454 0.999549747 -0.029907621 -2.599221945 -0.967874944 0.009852373 0.251238674 112.321792603
0.210347682 0.028114704 0.977222383 3.150659561 0.009509705 0.999480188 -0.030802043 -2.614722729 -0.977580309 0.015772231 0.209970981 112.369758606
0.175471097 0.027753567 0.984093308 3.584535122 0.018098474 0.999342680 -0.031410728 -2.628329754 -0.984318078 0.023322262 0.174853459 112.406860352
0.144870520 0.028923571 0.989027798 4.040240288 0.022645723 0.999213874 -0.032538559 -2.645504951 -0.989191353 0.027111122 0.144101664 112.446548462
0.116791569 0.027252588 0.992782474 4.513937473 0.020342067 0.999348044 -0.029825881 -2.663750648 -0.992947996 0.023678655 0.116161048 112.489303589
0.091323465 0.023751395 0.995537996 4.999236584 0.014366585 0.999580085 -0.025165722 -2.678939581 -0.995717525 0.016600700 0.090943895 112.525672913
0.067789897 0.019643398 0.997506261 5.510879993 0.009972382 0.999742806 -0.020365166 -2.695610523 -0.997649670 0.011328064 0.067576595 112.548545837
0.044802934 0.017505640 0.998842418 6.012678623 0.013414849 0.999745727 -0.018123193 -2.717646360 -0.998905718 0.014211294 0.044556696 112.566612244
0.024452602 0.018294580 0.999533534 6.547425747 0.021396799 0.999593854 -0.018819135 -2.734472036 -0.999472022 0.021846995 0.024051221 112.556976318
0.006883807 0.020755736 0.999760866 7.098187923 0.026104741 0.999439955 -0.020928821 -2.753237247 -0.999635458 0.026242567 0.006338126 112.542152405
-0.007472849 0.025801668 0.999639094 7.695824146 0.026800780 0.999312997 -0.025592903 -2.766068697 -0.999612868 0.026599854 -0.008159226 112.538131714
-0.018505432 0.030860025 0.999352396 8.311719894 0.024065193 0.999247730 -0.030411171 -2.777934551 -0.999539077 0.023486834 -0.019234166 112.535743713
-0.024340881 0.030811537 0.999228716 8.937295914 0.026530882 0.999192774 -0.030164143 -2.787927389 -0.999351561 0.025776198 -0.025138691 112.508827209
-0.026837083 0.028091149 0.999244928 9.580912590 0.033096135 0.999082029 -0.027197691 -2.803404093 -0.999091744 0.032341238 -0.027742155 112.483459473
-0.026667677 0.025835356 0.999310374 10.227638245 0.034028865 0.999110043 -0.024922080 -2.833587646 -0.999064922 0.033340786 -0.027523095 112.463325500
-0.024853945 0.025725488 0.999359965 10.906158447 0.033026312 0.999144197 -0.024898576 -2.852753639 -0.999145329 0.032386340 -0.025682295 112.455825806
-0.022813424 0.025849892 0.999405563 11.603965759 0.030058626 0.999231517 -0.025159243 -2.881892443 -0.999287665 0.029466785 -0.023572905 112.436706543
-0.021617657 0.026981808 0.999402225 12.317943573 0.029414287 0.999220252 -0.026340649 -2.899334192 -0.999333441 0.028827278 -0.022394449 112.428703308
-0.021139950 0.027801288 0.999389946 13.043080330 0.028469762 0.999224722 -0.027194478 -2.928173542 -0.999371052 0.027877500 -0.021915056 112.423759460
-0.020131124 0.027443646 0.999420524 13.790321350 0.027953714 0.999247909 -0.026875842 -2.955881119 -0.999406457 0.027396476 -0.020883139 112.414680481
-0.019489750 0.026242610 0.999465525 14.549178123 0.026722176 0.999312043 -0.025717495 -2.980156898 -0.999452889 0.026206667 -0.020177603 112.403289795
-0.019242685 0.024733040 0.999508858 15.311561584 0.027583988 0.999326587 -0.024197478 -3.009204626 -0.999434233 0.027104817 -0.019911963 112.394569397
-0.019630753 0.022573270 0.999552429 16.102865219 0.028240129 0.999358714 -0.022014271 -3.036170483 -0.999408364 0.027795332 -0.020255636 112.378677368
-0.020929085 0.020716045 0.999566317 16.892274857 0.025502432 0.999471068 -0.020180099 -3.066965342 -0.999455631 0.025069021 -0.021446323 112.372200012
-0.022177452 0.019711059 0.999559700 17.681951523 0.024981296 0.999504387 -0.019155705 -3.091249704 -0.999441922 0.024545468 -0.022658870 112.358398438
-0.022958616 0.017156867 0.999589086 18.486545563 0.027575137 0.999483228 -0.016521700 -3.116166830 -0.999355972 0.027184486 -0.023419855 112.329475403
-0.024250383 0.015809104 0.999580860 19.302127838 0.028896296 0.999468386 -0.015106281 -3.136235714 -0.999288142 0.028517853 -0.024694309 112.310951233
-0.026241431 0.014665684 0.999547958 20.134876251 0.026478179 0.999551833 -0.013970597 -3.166073561 -0.999304831 0.026099602 -0.026617987 112.301025391
-0.026723586 0.019436553 0.999453902 20.942937851 0.023130048 0.999555349 -0.018820072 -3.193794966 -0.999375165 0.022614479 -0.027161274 112.274391174
-0.027550394 0.024209376 0.999327242 21.775472641 0.024565762 0.999421179 -0.023534400 -3.217143059 -0.999318421 0.023900855 -0.028129170 112.253501892
-0.028605919 0.025818380 0.999257326 22.615427017 0.024732156 0.999378741 -0.025113503 -3.245649338 -0.999284744 0.023995392 -0.029226691 112.229980469
-0.030795384 0.023795497 0.999242425 23.466194153 0.021150578 0.999508321 -0.023149993 -3.275717020 -0.999301851 0.020421641 -0.031283528 112.225509644
-0.031751547 0.019225871 0.999310851 24.311470032 0.018230367 0.999659777 -0.018653344 -3.312938213 -0.999329507 0.017625529 -0.032091245 112.211471558
-0.032139547 0.013983739 0.999385536 25.166006088 0.016777543 0.999768794 -0.013449546 -3.339798450 -0.999342620 0.016334973 -0.032366723 112.190277100
-0.032220531 0.008562716 0.999444067 26.016977310 0.012988606 0.999882519 -0.008147735 -3.362834454 -0.999396384 0.012718861 -0.032327961 112.168472290
-0.032240454 0.006828520 0.999456823 26.861808777 0.010126902 0.999927580 -0.006505063 -3.393978834 -0.999428868 0.009911673 -0.032307271 112.155662537
-0.031248402 0.013781161 0.999416590 27.700397491 0.012676353 0.999830008 -0.013390515 -3.424431801 -0.999431193 0.012250526 -0.031417783 112.124855042
-0.029682349 0.024852650 0.999250352 28.529640198 0.015308899 0.999584913 -0.024406226 -3.449671030 -0.999442160 0.014572990 -0.030050492 112.093063354
-0.029247204 0.030149091 0.999117374 29.363327026 0.017516602 0.999406993 -0.029645065 -3.473064184 -0.999418736 0.016634105 -0.029757965 112.074302673
-0.028750617 0.024573999 0.999284446 30.207731247 0.018688710 0.999536276 -0.024042493 -3.509740829 -0.999411881 0.017984102 -0.029196534 112.060935974
-0.027367929 0.016893202 0.999482632 31.037347794 0.021825066 0.999629021 -0.016298061 -3.542117834 -0.999387145 0.021367727 -0.027726466 112.031257629
-0.026502170 0.014294457 0.999546528 31.867668152 0.023268260 0.999635756 -0.013678794 -3.567529917 -0.999377906 0.022895189 -0.026825124 112.007888794
-0.026854109 0.015118612 0.999525011 32.685806274 0.022203470 0.999648094 -0.014523936 -3.593194246 -0.999392748 0.021802897 -0.027180336 111.992225647
-0.028099343 0.015548458 0.999484181 33.507530212 0.018385170 0.999718070 -0.015035218 -3.625541925 -0.999436080 0.017953206 -0.028377276 111.980087280
-0.030038908 0.015716285 0.999425113 34.320068359 0.016672721 0.999745190 -0.015220197 -3.650983334 -0.999409676 0.016205939 -0.030293291 111.961784363
-0.032029420 0.015603048 0.999365151 35.129444122 0.016259748 0.999754071 -0.015087997 -3.678019762 -0.999354720 0.015766162 -0.032275245 111.935249329
-0.034074400 0.015796145 0.999294460 35.935588837 0.015253614 0.999766827 -0.015283490 -3.706760406 -0.999302924 0.014722074 -0.034307409 111.912567139
-0.036613211 0.015789257 0.999204814 36.767990112 0.012630465 0.999802649 -0.015335894 -3.736294031 -0.999249697 0.012058923 -0.036805410 111.904945374
-0.038374718 0.015083459 0.999149621 37.538417816 0.012183318 0.999818742 -0.014625633 -3.764733553 -0.999189079 0.011611701 -0.038551524 111.870086670
-0.040452559 0.013921172 0.999084532 38.328681946 0.012463415 0.999832153 -0.013426951 -3.791458607 -0.999103606 0.011908850 -0.040619276 111.838592529
-0.042200074 0.013527170 0.999017715 39.108146667 0.011799655 0.999845386 -0.013039941 -3.823916674 -0.999039471 0.011237776 -0.042353164 111.805488586
-0.044126783 0.014755619 0.998916924 39.898704529 0.012097160 0.999825478 -0.014234650 -3.845414877 -0.998952568 0.011455929 -0.044297580 111.781211853
-0.045251008 0.014938646 0.998863935 40.676811218 0.012593553 0.999817193 -0.014382384 -3.872614861 -0.998896182 0.011928428 -0.045430865 111.744628906
-0.046240114 0.013858106 0.998834193 41.443222046 0.014747430 0.999804258 -0.013188846 -3.891876936 -0.998821437 0.014120380 -0.046435431 111.707809448
-0.047739897 0.013158197 0.998773158 42.218727112 0.014698592 0.999814212 -0.012469343 -3.917666674 -0.998751581 0.014085271 -0.047924437 111.676536560
-0.049533363 0.012969155 0.998688281 42.982563019 0.013533443 0.999832571 -0.012312781 -3.940407991 -0.998680711 0.012905798 -0.049700588 111.649177551
-0.050673954 0.011911396 0.998644292 43.744350433 0.011550458 0.999868989 -0.011339906 -3.963848829 -0.998648405 0.010960159 -0.050804898 111.618125916
-0.051629744 0.010570158 0.998610377 44.481338501 0.010236805 0.999897122 -0.010054521 -3.990377426 -0.998613834 0.009703468 -0.051732630 111.588256836
-0.052709851 0.010509311 0.998554647 45.206722260 0.010431199 0.999895871 -0.009972808 -4.015017986 -0.998555362 0.009890456 -0.052813984 111.563049316
-0.052146245 0.013254150 0.998551488 45.898300171 0.010963823 0.999859273 -0.012698957 -4.034816265 -0.998579204 0.010285738 -0.052284218 111.513755798
-0.052519016 0.016138729 0.998489499 46.600700378 0.011250809 0.999815583 -0.015568386 -4.058662415 -0.998556435 0.010416179 -0.052690901 111.485466003
-0.052416325 0.017758537 0.998467386 47.300106049 0.009264600 0.999807537 -0.017296009 -4.081219196 -0.998582304 0.008343806 -0.052570760 111.451896667
-0.052662931 0.018426428 0.998442352 48.000881195 0.009794384 0.999791265 -0.017934714 -4.112043381 -0.998564243 0.008834633 -0.052832410 111.419677734
-0.052598458 0.018017055 0.998453200 48.701679230 0.011198458 0.999784946 -0.017451156 -4.136890411 -0.998552918 0.010263231 -0.052788902 111.385604858
-0.053185098 0.017594077 0.998429716 49.386814117 0.011836787 0.999785542 -0.016987441 -4.162684441 -0.998514414 0.010914720 -0.053381953 111.351844788
-0.053076748 0.017946240 0.998429239 50.072410583 0.008330517 0.999811590 -0.017528240 -4.182837009 -0.998555601 0.007387088 -0.053216252 111.318984985
-0.053203303 0.017638905 0.998427927 50.762855530 0.005251354 0.999835014 -0.017383937 -4.215517521 -0.998569787 0.004318214 -0.053287156 111.297233582
-0.053463914 0.016556498 0.998432517 51.453643799 0.007021825 0.999844074 -0.016203901 -4.241824627 -0.998544991 0.006144494 -0.053571828 111.268653870
-0.054585751 0.016087096 0.998379529 52.137569427 0.007346051 0.999849617 -0.015709143 -4.262770176 -0.998481989 0.006476651 -0.054695718 111.236061096
-0.058387473 0.015356414 0.998175919 52.804447174 0.004184216 0.999876678 -0.015137825 -4.286679268 -0.998285174 0.003292724 -0.058444522 111.207801819
-0.063383095 0.015164380 0.997874022 53.481884003 0.000870212 0.999885023 -0.015139665 -4.309540272 -0.997988820 -0.000091237 -0.063388996 111.170532227
-0.069237247 0.018997835 0.997419357 54.130229950 0.004857934 0.999813259 -0.018706210 -4.329872608 -0.997588277 0.003550231 -0.069316603 111.116821289
-0.075527214 0.021658583 0.996908426 54.812965393 0.006723871 0.999752462 -0.021210959 -4.360231876 -0.997121036 0.005101079 -0.075654142 111.061477661
-0.082516275 0.023072677 0.996322513 55.480064392 0.005946612 0.999725640 -0.022658978 -4.386057377 -0.996571958 0.004055009 -0.082630828 111.002418518
-0.088631421 0.021922000 0.995823205 56.157611847 0.002171295 0.999759734 -0.021815402 -4.413749695 -0.996062100 0.000228696 -0.088657729 110.946319580
-0.095041484 0.021388896 0.995243490 56.856937408 0.001861576 0.999771237 -0.021308428 -4.433886528 -0.995471537 -0.000172463 -0.095059559 110.898704529
-0.098968826 0.021766072 0.994852483 57.534912109 -0.000426070 0.999759853 -0.021915823 -4.461245537 -0.995090425 -0.002592859 -0.098935775 110.826438904
-0.103456594 0.021248713 0.994407058 58.237121582 -0.002241074 0.999764323 -0.021596348 -4.477052689 -0.994631410 -0.004462823 -0.103384584 110.765693665
-0.105529532 0.017462406 0.994262874 58.909961700 -0.002649577 0.999837220 -0.017841535 -4.509374142 -0.994412541 -0.004517183 -0.105466075 110.685615540
-0.107272185 0.014593196 0.994122684 59.621929169 -0.000555999 0.999891162 -0.014737871 -4.530108452 -0.994229496 -0.002133694 -0.107252404 110.610069275
-0.108297788 0.011480652 0.994052291 60.336696625 -0.000923067 0.999931693 -0.011649120 -4.555002689 -0.994117975 -0.002179150 -0.108279794 110.531341553
-0.110272385 0.010907297 0.993841588 61.068996429 -0.002355199 0.999934018 -0.011235485 -4.579354286 -0.993898571 -0.003579658 -0.110239424 110.464088440
-0.110017158 0.014471145 0.993824422 61.779628754 -0.000165230 0.999893665 -0.014577813 -4.598426342 -0.993929565 -0.001768020 -0.110003076 110.377922058
-0.110731564 0.018831052 0.993671894 62.536689758 0.005709498 0.999816060 -0.018311240 -4.621084213 -0.993833899 0.003645736 -0.110818699 110.300628662
-0.111286104 0.024160201 0.993494689 63.278617859 0.013379995 0.999650359 -0.022811135 -4.643075943 -0.993698299 0.010754391 -0.111570440 110.210250854
-0.111943327 0.024917150 0.993402183 64.019515991 0.013333258 0.999633312 -0.023570962 -4.669453621 -0.993625104 0.010606674 -0.112234488 110.125762939
-0.112533361 0.022206308 0.993399799 64.780937195 0.011590539 0.999711573 -0.021034414 -4.701104641 -0.993580282 0.009146965 -0.112758294 110.051307678
-0.112354212 0.018100262 0.993503392 65.533752441 0.011888603 0.999786973 -0.016870275 -4.720175266 -0.993597090 0.009915920 -0.112545460 109.967994690
-0.112152509 0.016159015 0.993559599 66.278244019 0.014885391 0.999782979 -0.014579975 -4.745326042 -0.993579447 0.013154345 -0.112368688 109.876846313
-0.112840168 0.015260495 0.993495941 67.025062561 0.014614224 0.999799430 -0.013697453 -4.772761345 -0.993505657 0.012973549 -0.113040544 109.793640137
-0.115118042 0.016672198 0.993211925 67.773750305 0.013232079 0.999796212 -0.015249062 -4.794416428 -0.993263662 0.011386816 -0.115315184 109.719024658
-0.117070600 0.017315762 0.992972553 68.519653320 0.012760596 0.999791682 -0.015930211 -4.820455551 -0.993041635 0.010805963 -0.117267154 109.631240845
-0.119316839 0.017520880 0.992701590 69.258911133 0.013739508 0.999777615 -0.015994363 -4.845894337 -0.992761135 0.011730832 -0.119531035 109.544921875
-0.121284679 0.017569456 0.992462158 70.009910583 0.013846194 0.999776065 -0.016006844 -4.869898319 -0.992521107 0.011800441 -0.121500783 109.456657410
-0.123273000 0.017280200 0.992222309 70.760421753 0.013621674 0.999783635 -0.015719542 -4.894454002 -0.992279291 0.011577931 -0.123481706 109.365020752
-0.125017866 0.017547930 0.991999328 71.513328552 0.011339867 0.999803603 -0.016256865 -4.918110847 -0.992089689 0.009216742 -0.125192299 109.278625488
-0.126073509 0.019011613 0.991838634 72.264221191 0.011619099 0.999776125 -0.017686840 -4.942282200 -0.991952717 0.009294430 -0.126266196 109.187515259
-0.126865700 0.019389814 0.991730273 73.021430969 0.010459016 0.999779582 -0.018209236 -4.965419292 -0.991864741 0.008062396 -0.127040535 109.093559265
-0.128260642 0.019711824 0.991544545 73.782394409 0.009931390 0.999777973 -0.018590832 -4.988305569 -0.991690755 0.007462943 -0.128427953 108.999633789
-0.129412740 0.017895997 0.991429210 74.557640076 0.010454693 0.999806285 -0.016682539 -5.016110897 -0.991535604 0.008206157 -0.129574776 108.904388428
-0.130281121 0.015603557 0.991354287 75.344711304 0.007956029 0.999860346 -0.014691880 -5.038435459 -0.991445124 0.005973168 -0.130387038 108.810096741
-0.132377312 0.013745900 0.991104066 76.132278442 0.004948636 0.999900579 -0.013206933 -5.057100296 -0.991186976 0.003156314 -0.132432148 108.716171265
-0.134449705 0.012770144 0.990838170 76.920364380 0.005417280 0.999911487 -0.012151998 -5.084250927 -0.990905523 0.003733815 -0.134506986 108.612815857
-0.135915756 0.013235320 0.990631998 77.708679199 0.007189800 0.999897659 -0.012372666 -5.110879898 -0.990694225 0.005440807 -0.135997012 108.500732422
-0.138339534 0.014761796 0.990274847 78.510856628 0.006708512 0.999879897 -0.013967811 -5.132599354 -0.990362167 0.004710969 -0.138421923 108.393859863
-0.139818996 0.018202202 0.990009725 79.315841675 0.007817381 0.999820113 -0.017278528 -5.159097672 -0.990146220 0.005323417 -0.139936149 108.281997681
-0.140201613 0.022155803 0.989875078 80.119888306 0.010090798 0.999729633 -0.020947155 -5.183018684 -0.990071595 0.007051803 -0.140387267 108.166130066
-0.141341582 0.025973469 0.989620090 80.931472778 0.011119760 0.999634326 -0.024648134 -5.215370655 -0.989898503 0.007520531 -0.141578734 108.051727295
-0.141046375 0.026937228 0.989636421 81.745567322 0.012988180 0.999594092 -0.025357146 -5.247517586 -0.989917815 0.009277043 -0.141339004 107.936317444
-0.140437797 0.026368873 0.989738286 82.586509705 0.016726788 0.999565899 -0.024257278 -5.277219296 -0.989948153 0.013148502 -0.140817896 107.810974121
-0.140568748 0.024791002 0.989760458 83.425933838 0.017330289 0.999595046 -0.022576032 -5.305524349 -0.989919245 0.013979347 -0.140941471 107.698242188
-0.139716431 0.023165582 0.989920497 84.253463745 0.016180964 0.999646306 -0.021109417 -5.335786343 -0.990059316 0.013068534 -0.140041858 107.580436707
-0.138147682 0.020157015 0.990206540 85.101890564 0.015038230 0.999720395 -0.018252643 -5.371073246 -0.990297437 0.012369391 -0.138412192 107.471740723
-0.136286154 0.017040037 0.990522921 85.955596924 0.015934912 0.999760449 -0.015006463 -5.396094322 -0.990541339 0.013738723 -0.136525005 107.358467102
-0.134478152 0.013999858 0.990817666 86.811180115 0.016464673 0.999793768 -0.011892029 -5.419165611 -0.990779757 0.014714270 -0.134680897 107.243537903
-0.132849157 0.013995198 0.991037428 87.668907166 0.015035028 0.999813676 -0.012103681 -5.444207668 -0.991022170 0.013292312 -0.133034810 107.136711121
-0.131535590 0.017689358 0.991153657 88.524642944 0.015880916 0.999750078 -0.015735235 -5.478936672 -0.991184115 0.013670683 -0.131783664 107.024368286
-0.129528791 0.024140544 0.991281807 89.370346069 0.017086372 0.999609590 -0.022110704 -5.504140377 -0.991428375 0.014073437 -0.129890710 106.915489197
-0.128338084 0.027442293 0.991350710 90.225082397 0.014055400 0.999567032 -0.025850158 -5.530255318 -0.991630852 0.010616272 -0.128668219 106.816047668
-0.126902550 0.025123246 0.991596937 91.083976746 0.013139777 0.999634087 -0.023645276 -5.559135914 -0.991828144 0.010028716 -0.127186209 106.713134766
