1.000000000 -0.000000000 0.000000000 0.000000000 -0.000000000 1.000000000 0.000000000 0.000000000 0.000000000 0.000000000 1.000000000 0.000000000
0.999997318 0.001041065 0.002068865 -0.009312394 -0.001038841 0.999998868 -0.001075466 -0.016913425 -0.002069983 0.001073314 0.999997258 1.206120610
0.999986589 0.001465092 0.004965211 -0.036799029 -0.001460084 0.999998450 -0.001012091 -0.032631423 -0.004966686 0.001004828 0.999987185 2.405862808
0.999980748 0.001033137 0.006109930 -0.034097467 -0.001029407 0.999999285 -0.000613621 -0.052601188 -0.006110560 0.000607319 0.999981105 3.605718374
0.999974251 0.000923935 0.007126756 -0.031148650 -0.000918625 0.999999344 -0.000748269 -0.073082380 -0.007127443 0.000741702 0.999974251 4.805844307
0.999972641 0.000601018 0.007362741 -0.017511714 -0.000597916 0.999999702 -0.000423513 -0.095461875 -0.007362993 0.000419099 0.999972820 6.009537220
0.999968648 0.000817360 0.007867957 -0.010328909 -0.000805685 0.999998510 -0.001486906 -0.117310680 -0.007869162 0.001480521 0.999967992 7.211956978
0.999959230 0.000702426 0.009006392 -0.008193582 -0.000688767 0.999998569 -0.001519693 -0.144463569 -0.009007446 0.001513428 0.999958277 8.402354240
0.999958932 0.000518696 0.009043521 -0.000198441 -0.000518477 0.999999881 -0.000026562 -0.168043315 -0.009043532 0.000021872 0.999959052 9.601593018
0.999970138 0.000023128 0.007726850 0.001631380 -0.000031417 0.999999464 0.001072573 -0.192063138 -0.007726820 -0.001072784 0.999969542 10.791285515
0.999982357 -0.001642351 0.005734576 0.000488312 0.001640743 0.999998629 0.000285133 -0.209619895 -0.005735037 -0.000275719 0.999983549 11.986025810
0.999991179 -0.001278962 0.004022694 -0.008574177 0.001279665 0.999999166 -0.000172011 -0.227323994 -0.004022471 0.000177157 0.999991953 13.184789658
0.999996006 -0.001371043 0.002474925 -0.004507721 0.001371778 0.999999106 -0.000295007 -0.251306772 -0.002474519 0.000298401 0.999996841 14.377518654
0.999998510 0.000037117 0.001677369 -0.009752574 -0.000036434 0.999999881 -0.000407260 -0.270887524 -0.001677384 0.000407199 0.999998510 15.549253464
0.999999344 -0.000133823 0.001120567 -0.013870000 0.000134148 0.999999940 -0.000290045 -0.291185290 -0.001120528 0.000290195 0.999999285 16.748086929
0.999999285 -0.001134352 0.000207073 -0.015183575 0.001134348 0.999999404 0.000021198 -0.310830206 -0.000207097 -0.000020963 0.999999940 17.939733505
0.999999583 -0.000932698 0.000064113 -0.020121301 0.000932664 0.999999404 0.000537402 -0.336815506 -0.000064614 -0.000537342 0.999999881 19.115272522
0.999998927 -0.000677916 -0.001286974 -0.021733413 0.000677631 0.999999702 -0.000221615 -0.360020757 0.001287124 0.000220742 0.999999166 20.309886932
0.999999523 -0.000737859 -0.000608249 -0.046474282 0.000737070 0.999998808 -0.001297313 -0.382215023 0.000609205 0.001296864 0.999998987 21.500818253
0.999998987 0.000561909 -0.001326387 -0.054344844 -0.000563026 0.999999464 -0.000841908 -0.400533527 0.001325913 0.000842654 0.999998808 22.698122025
0.999997318 -0.000396882 -0.002281868 -0.063563041 0.000394639 0.999999464 -0.000983244 -0.425181955 0.002282257 0.000982341 0.999996901 23.903320312
0.999994636 -0.000143459 -0.003278391 -0.073626451 0.000138328 0.999998748 -0.001564999 -0.447823763 0.003278611 0.001564537 0.999993384 25.096607208
0.999990702 -0.000076439 -0.004314409 -0.082654312 0.000073907 0.999999821 -0.000587056 -0.476823390 0.004314453 0.000586732 0.999990523 26.292943954
0.999986708 -0.001642144 -0.004894243 -0.096036240 0.001648129 0.999997973 0.001219009 -0.498531967 0.004892230 -0.001227059 0.999987304 27.496288300
0.999981523 -0.001493506 -0.005877889 -0.104329571 0.001500740 0.999998093 0.001226556 -0.518631637 0.005876046 -0.001235355 0.999981940 28.693193436
0.999974132 -0.002275440 -0.006818939 -0.118908256 0.002279543 0.999997139 0.000594002 -0.541911244 0.006817569 -0.000609530 0.999976575 29.890596390
0.999968290 -0.002422990 -0.007579978 -0.128653809 0.002418681 0.999996841 -0.000577727 -0.558850944 0.007581354 0.000559376 0.999971092 31.092294693
0.999962866 -0.001885777 -0.008403174 -0.144426107 0.001881488 0.999998093 -0.000518307 -0.578338861 0.008404136 0.000502478 0.999964476 32.286613464
0.999956906 -0.001821776 -0.009103348 -0.159526929 0.001821111 0.999998331 -0.000081291 -0.598781168 0.009103482 0.000064710 0.999958515 33.491142273
0.999951422 -0.002630275 -0.009495166 -0.174480632 0.002631969 0.999996543 0.000165930 -0.621838450 0.009494697 -0.000190913 0.999954879 34.690608978
0.999939919 -0.003224545 -0.010468224 -0.184615403 0.003228249 0.999994755 0.000336941 -0.645784140 0.010467080 -0.000370715 0.999945104 35.889743805
0.999933541 -0.003437335 -0.011000298 -0.204574153 0.003437563 0.999994159 0.000001799 -0.663399339 0.011000227 -0.000039613 0.999939442 37.089035034
0.999935865 -0.004111086 -0.010546741 -0.230400324 0.004121079 0.999991059 0.000925896 -0.690788925 0.010542841 -0.000969301 0.999943912 38.287166595
0.999932885 -0.003917100 -0.010895099 -0.238878608 0.003938308 0.999990344 0.001925703 -0.704980195 0.010887453 -0.001968483 0.999938786 39.484767914
0.999934673 -0.003421433 -0.010901446 -0.257809699 0.003452239 0.999990046 0.002808303 -0.727128625 0.010891731 -0.002845754 0.999936581 40.688144684
0.999935031 -0.002750725 -0.011058010 -0.269511938 0.002774997 0.999993742 0.002180150 -0.739228070 0.011051944 -0.002210693 0.999936402 41.887363434
0.999938309 -0.002018615 -0.010914597 -0.285176814 0.002036612 0.999996543 0.001638061 -0.751338780 0.010911252 -0.001660189 0.999939024 43.082180023
0.999946654 0.000433035 -0.010306293 -0.306390375 -0.000394501 0.999992907 0.003740653 -0.771607697 0.010307840 -0.003736387 0.999939859 44.301078796
0.999962807 0.000648254 -0.008597182 -0.328766406 -0.000585403 0.999973118 0.007311061 -0.793542445 0.008601693 -0.007305755 0.999936283 45.497985840
0.999976039 0.000769709 -0.006875887 -0.346932232 -0.000703502 0.999953449 0.009626166 -0.799483180 0.006882976 -0.009621099 0.999929965 46.695384979
0.999984086 0.001650801 -0.005383435 -0.351395488 -0.001579692 0.999911904 0.013186448 -0.807746887 0.005404728 -0.013177734 0.999898553 47.895954132
0.999992788 0.000871985 -0.003701762 -0.374452144 -0.000817459 0.999891460 0.014705558 -0.819706082 0.003714184 -0.014702426 0.999884963 49.098690033
0.999996543 -0.001224434 -0.002350756 -0.378125012 0.001255100 0.999913514 0.013088262 -0.822031081 0.002334526 -0.013091166 0.999911547 50.309844971
0.999999583 0.000139610 -0.000859555 -0.390458941 -0.000129773 0.999934554 0.011433232 -0.826652586 0.000861095 -0.011433114 0.999934256 51.509269714
1.000000000 0.000065960 -0.000091500 -0.396826535 -0.000064941 0.999938548 0.011085317 -0.833905160 0.000092226 -0.011085310 0.999938548 52.717506409
1.000000000 -0.000206621 0.000071886 -0.407985866 0.000205849 0.999943912 0.010582644 -0.841412246 -0.000074068 -0.010582629 0.999943972 53.909217834
0.999998748 -0.001460619 -0.000646260 -0.409182787 0.001466561 0.999955893 0.009291099 -0.849457622 0.000632661 -0.009292034 0.999956608 55.142650604
0.999996960 -0.001104668 -0.002244774 -0.418024719 0.001126368 0.999952495 0.009688757 -0.854752481 0.002233964 -0.009691255 0.999950528 56.356632233
0.999991477 -0.001519373 -0.003832391 -0.425867379 0.001561449 0.999938250 0.011000138 -0.868027866 0.003815441 -0.011006027 0.999932170 57.554782867
0.999986291 -0.002046911 -0.004832366 -0.435453564 0.002101791 0.999933004 0.011379124 -0.876397491 0.004808750 -0.011389121 0.999923646 58.761268616
0.999983370 -0.000636956 -0.005750899 -0.445436150 0.000702463 0.999934793 0.011395869 -0.888059855 0.005743267 -0.011399717 0.999918461 59.960056305
0.999979317 -0.000366432 -0.006420827 -0.457014918 0.000438158 0.999937475 0.011173011 -0.894565582 0.006416332 -0.011175592 0.999916911 61.164627075
0.999977887 -0.001576750 -0.006459175 -0.472400576 0.001645822 0.999941289 0.010702244 -0.903804779 0.006441920 -0.010712638 0.999921799 62.367801666
0.999974132 -0.002645541 -0.006690037 -0.484222084 0.002711534 0.999947548 0.009874602 -0.913375318 0.006663562 -0.009892486 0.999928892 63.576606750
0.999969840 -0.003309089 -0.007025827 -0.497260243 0.003389348 0.999928772 0.011442329 -0.929994881 0.006987461 -0.011465794 0.999909818 64.771362305
0.999963284 -0.003701134 -0.007731163 -0.505113125 0.003800070 0.999910533 0.012821815 -0.936467707 0.007683016 -0.012850722 0.999887884 65.966400146
0.999968112 -0.002798701 -0.007476374 -0.528140366 0.002883470 0.999931395 0.011351587 -0.945439279 0.007444090 -0.011372782 0.999907613 67.179847717
0.999975145 -0.000889130 -0.006985022 -0.550972581 0.000959809 0.999948323 0.010121684 -0.953078389 0.006975661 -0.010128137 0.999924421 68.378517151
0.999973714 0.001111120 -0.007164130 -0.564956605 -0.001036567 0.999945343 0.010401699 -0.960434139 0.007175298 -0.010394000 0.999920249 69.580093384
0.999969721 0.003352905 -0.007021726 -0.581766903 -0.003279438 0.999940038 0.010448242 -0.966184795 0.007056337 -0.010424898 0.999920785 70.770957947
0.999966681 0.004561436 -0.006769528 -0.600575447 -0.004486722 0.999929309 0.011011293 -0.976491630 0.006819276 -0.010980556 0.999916434 71.977996826
0.999970317 0.005019548 -0.005852011 -0.612886667 -0.004949825 0.999917328 0.011868849 -0.983271539 0.005911103 -0.011839529 0.999912441 73.172874451
0.999968052 0.006867202 -0.004090758 -0.624425054 -0.006816247 0.999900579 0.012342499 -0.986855149 0.004175109 -0.012314222 0.999915361 74.366851807
0.999982476 0.005794035 -0.001200347 -0.629004657 -0.005781016 0.999927461 0.010579944 -1.001913309 0.001261560 -0.010572819 0.999943316 75.548202515
0.999994040 0.003180090 0.001365440 -0.632248521 -0.003187150 0.999981463 0.005199318 -1.009249687 -0.001348880 -0.005203641 0.999985576 76.722595215
0.999984145 0.004205482 0.003742505 -0.629318953 -0.004223858 0.999978960 0.004915823 -1.022445083 -0.003721753 -0.004931552 0.999980927 77.909225464
0.999976337 0.002988021 0.006195455 -0.623792410 -0.003040771 0.999959052 0.008522374 -1.037189364 -0.006169737 -0.008541011 0.999944508 79.092849731
0.999948859 0.003465059 0.009504871 -0.616854250 -0.003556575 0.999947309 0.009628307 -1.045700192 -0.009471009 -0.009661621 0.999908447 80.267745972
0.999901414 0.003531414 0.013589074 -0.607598722 -0.003640379 0.999961317 0.008002162 -1.056796074 -0.013560289 -0.008050843 0.999875605 81.435539246
0.999847114 0.002294932 0.017332891 -0.593882561 -0.002380903 0.999984980 0.004940965 -1.069328547 -0.017321290 -0.004981476 0.999837577 82.600524902
0.999784470 0.000801074 0.020743685 -0.573234200 -0.000835014 0.999998331 0.001627530 -1.086214542 -0.020742349 -0.001644501 0.999783456 83.762596130
0.999700367 0.000523907 0.024469227 -0.550963163 -0.000541787 0.999999642 0.000724085 -1.103864670 -0.024468837 -0.000737126 0.999700308 84.916656494
0.999612451 0.000207100 0.027836254 -0.522326291 -0.000275146 0.999996901 0.002440692 -1.123490214 -0.027835667 -0.002447405 0.999609470 86.092620850
0.999495208 0.001395718 0.031739157 -0.499519259 -0.001499991 0.999993503 0.003261731 -1.148449183 -0.031734399 -0.003307693 0.999490857 87.258964539
0.999372005 0.000857659 0.035423651 -0.457833618 -0.000881532 0.999999404 0.000658316 -1.162240386 -0.035423066 -0.000689129 0.999372184 88.408843994
0.999258757 0.000645673 0.038489107 -0.415141761 -0.000591786 0.999998868 -0.001411434 -1.184429407 -0.038489975 0.001387611 0.999258041 89.556922913
0.999122262 0.000968976 0.041878384 -0.374117911 -0.000885939 0.999997616 -0.002001323 -1.199662209 -0.041880224 0.001962465 0.999120712 90.724403381
0.998995125 0.000238845 0.044818494 -0.326507926 -0.000200895 0.999999642 -0.000851270 -1.217983603 -0.044818684 0.000841411 0.998994768 91.880683899
0.998853147 -0.000775272 0.047873463 -0.283988595 0.000742389 0.999999583 0.000704662 -1.239644408 -0.047873985 -0.000668313 0.998853147 93.036521912
0.998719692 -0.001600649 0.050559565 -0.226748541 0.001478787 0.999995887 0.002447573 -1.255861759 -0.050563276 -0.002369674 0.998718023 94.197708130
0.998600960 -0.003209574 0.052780975 -0.161419362 0.003034928 0.999989688 0.003388694 -1.272465825 -0.052791301 -0.003223767 0.998600364 95.358444214
0.998467028 -0.004156838 0.055193946 -0.110109560 0.004106021 0.999991000 0.001034060 -1.288719177 -0.055197749 -0.000805847 0.998475134 96.501419067
0.998337805 -0.005554649 0.057364069 -0.043017451 0.005708715 0.999980450 -0.002522232 -1.307290435 -0.057348944 0.002845516 0.998350084 97.656051636
0.998227715 -0.004722636 0.059321973 0.019243503 0.005039067 0.999973834 -0.005185663 -1.329483271 -0.059295934 0.005475400 0.998225451 98.816490173
0.998117030 -0.004809673 0.061148450 0.086394913 0.005200085 0.999967098 -0.006227115 -1.351675630 -0.061116491 0.006533366 0.998109221 99.987693787
0.998104334 -0.004432577 0.061385002 0.157083243 0.004781218 0.999973238 -0.005533852 -1.373450160 -0.061358832 0.005816856 0.998098791 101.167480469
0.998144031 -0.004437259 0.060734820 0.223741293 0.004670189 0.999982238 -0.003693780 -1.398942471 -0.060717352 0.003970568 0.998147070 102.349075317
0.998218238 -0.004558170 0.059494786 0.286320657 0.004699275 0.999986470 -0.002232037 -1.419202566 -0.059483808 0.002507643 0.998226166 103.549339294
0.998332679 -0.004675663 0.057532191 0.344127566 0.004766969 0.999987602 -0.001449887 -1.440412164 -0.057524696 0.001721724 0.998342574 104.722427368
0.998502672 -0.004651702 0.054504879 0.414216489 0.004705542 0.999988616 -0.000859476 -1.460749626 -0.054500252 0.001114664 0.998513103 105.928962708
0.998635948 -0.003839564 0.052071881 0.459017515 0.003905182 0.999991655 -0.001158470 -1.478399873 -0.052067000 0.001360240 0.998642683 107.122299194
0.998829603 -0.002469253 0.048304558 0.508043110 0.002559716 0.999995112 -0.001810986 -1.493518353 -0.048299842 0.001932512 0.998831093 108.326347351
0.999017954 -0.002526968 0.044235650 0.556056976 0.002589339 0.999995649 -0.001352737 -1.514781117 -0.044232048 0.001465949 0.999020219 109.533096313
0.999188364 -0.002196549 0.040222362 0.598438919 0.002201104 0.999997497 -0.000068963 -1.537191629 -0.040222116 0.000157440 0.999190748 110.752998352
0.999357998 -0.001472298 0.035794720 0.640475273 0.001450896 0.999998748 0.000623886 -1.556271791 -0.035795588 -0.000571551 0.999358952 111.960258484
0.999508917 -0.001529979 0.031298559 0.672402740 0.001494997 0.999998212 0.001141039 -1.573977590 -0.031300247 -0.001093687 0.999509394 113.176452637
0.999655664 -0.001045046 0.026220467 0.703374684 0.001015546 0.999998748 0.001138357 -1.590845108 -0.026221624 -0.001111337 0.999655545 114.395050049
0.999771893 -0.000247094 0.021359492 0.722739518 0.000220321 0.999999166 0.001255813 -1.612980604 -0.021359783 -0.001250820 0.999771059 115.633270264
0.999866486 -0.000076490 0.016341254 0.734342337 0.000061479 0.999999583 0.000919078 -1.629147410 -0.016341316 -0.000917950 0.999866068 116.857200623
0.999931395 0.001341833 0.011637934 0.744978905 -0.001344265 0.999999106 0.000201123 -1.648560405 -0.011637653 -0.000216754 0.999932230 118.084381104
0.999961257 0.003240839 0.008185285 0.748462260 -0.003242458 0.999994755 0.000184527 -1.667810440 -0.008184644 -0.000211061 0.999966502 119.325523376
0.999969006 0.004908597 0.006162844 0.745527625 -0.004911958 0.999987900 0.000530471 -1.690033674 -0.006160166 -0.000560726 0.999980927 120.546485901
0.999965787 0.006430454 0.005206914 0.741031587 -0.006429908 0.999979317 -0.000121289 -1.706743956 -0.005207586 0.000087805 0.999986470 121.801856995
0.999951482 0.008889801 0.004254888 0.734413445 -0.008890563 0.999960482 0.000160170 -1.723976254 -0.004253296 -0.000197991 0.999991000 123.041900635
0.999944985 0.010041999 0.003033683 0.735073507 -0.010045026 0.999949098 0.000985022 -1.744234920 -0.003023637 -0.001015441 0.999994874 124.290527344
0.999947846 0.009845755 0.002728347 0.718104064 -0.009850482 0.999950051 0.001724427 -1.763955951 -0.002711232 -0.001751213 0.999994814 125.504402161
0.999906301 0.013573025 0.001788840 0.713943720 -0.013578530 0.999903023 0.003102583 -1.772869229 -0.001746555 -0.003126582 0.999993563 126.778961182
0.999893188 0.014571469 0.001133116 0.705549240 -0.014578437 0.999873221 0.006405085 -1.787560225 -0.001039641 -0.006420919 0.999978840 128.031631470
0.999909580 0.013435761 0.000566471 0.701359332 -0.013438967 0.999891043 0.006096771 -1.805544853 -0.000484495 -0.006103832 0.999981284 129.289474487
0.999914169 0.013097845 0.000023726 0.693235040 -0.013097815 0.999903619 0.004600213 -1.813594580 0.000036530 -0.004600130 0.999989450 130.541244507
0.999945223 0.010410218 -0.001092761 0.696439564 -0.010403922 0.999930084 0.005616603 -1.828160644 0.001151154 -0.005604926 0.999983728 131.794586182
0.999965191 0.008122127 -0.001919948 0.692656517 -0.008107561 0.999939203 0.007475649 -1.843406200 0.001980549 -0.007459823 0.999970138 133.047729492
0.999988258 0.004539466 -0.001732113 0.679190814 -0.004523488 0.999948204 0.009119611 -1.851936340 0.001773420 -0.009111666 0.999956906 134.321945190
0.999993265 0.002834243 -0.002321898 0.678668857 -0.002809513 0.999940038 0.010585313 -1.868126154 0.002351760 -0.010578718 0.999941289 135.589416504
0.999996364 -0.001557075 -0.002216355 0.676035702 0.001576248 0.999961138 0.008675056 -1.875941396 0.002202761 -0.008678518 0.999959886 136.856597900
0.999989748 -0.004038756 -0.002091208 0.670857131 0.004054633 0.999962568 0.007643851 -1.884026051 0.002060259 -0.007652249 0.999968588 138.119689941
0.999983966 -0.005313876 -0.001940401 0.663656414 0.005328109 0.999958396 0.007405455 -1.895373225 0.001900969 -0.007415674 0.999970675 139.394912720
0.999985099 -0.005274988 -0.001379247 0.656742752 0.005285523 0.999956131 0.007749906 -1.905816913 0.001338306 -0.007757081 0.999969006 140.676437378
0.999986887 -0.004987856 -0.001140688 0.651078343 0.004998568 0.999941528 0.009589600 -1.915076733 0.001092791 -0.009595176 0.999953330 141.948348999
0.999997318 -0.002314333 -0.000216484 0.641979337 0.002316645 0.999932647 0.011367510 -1.927366495 0.000190162 -0.011367980 0.999935389 143.229675293
0.999996662 -0.002557969 0.000383549 0.636356831 0.002554160 0.999950469 0.009622305 -1.935397148 -0.000408143 -0.009621293 0.999953687 144.504074097
0.999997377 -0.002151580 0.000780048 0.628647625 0.002145256 0.999965549 0.008019015 -1.952064395 -0.000797275 -0.008017323 0.999967575 145.781066895
0.999996901 -0.002086098 0.001369921 0.629482925 0.002078671 0.999983251 0.005401428 -1.961913109 -0.001381166 -0.005398563 0.999984443 147.046478271
0.999992132 -0.003496592 0.001860207 0.623875499 0.003493773 0.999992788 0.001516455 -1.979694963 -0.001865496 -0.001509944 0.999997199 148.323089600
0.999991119 -0.003038676 0.002924010 0.614531875 0.003044899 0.999993086 -0.002126275 -2.001447201 -0.002917529 0.002135160 0.999993443 149.587493896
0.999991119 -0.003508827 0.002329123 0.625591516 0.003516395 0.999988437 -0.003252878 -2.023742437 -0.002317683 0.003261039 0.999991953 150.860397339
0.999991536 -0.003276878 0.002481519 0.617445946 0.003284529 0.999989808 -0.003085357 -2.048968554 -0.002471384 0.003093481 0.999992132 152.129989624
0.999992669 -0.003150940 0.002161501 0.620743454 0.003156037 0.999992251 -0.002358593 -2.076060057 -0.002154052 0.002365398 0.999994874 153.387176514
0.999994218 -0.002912471 0.001723264 0.621900916 0.002914693 0.999994874 -0.001288525 -2.100997210 -0.001719502 0.001293540 0.999997675 154.645629883
0.999996364 -0.001915334 0.001851529 0.611183882 0.001916722 0.999997854 -0.000748196 -2.126614571 -0.001850091 0.000751742 0.999998033 155.915588379
0.999997795 -0.001345901 0.001571098 0.601123869 0.001347501 0.999998629 -0.001017830 -2.149846315 -0.001569725 0.001019945 0.999998271 157.186370850
0.999998510 -0.001548427 0.000645737 0.599580467 0.001549072 0.999998271 -0.000998517 -2.172061205 -0.000644190 0.000999516 0.999999285 158.448760986
0.999997258 -0.002299602 0.000097784 0.592200220 0.002299588 0.999997258 0.000139415 -2.193224192 -0.000098105 -0.000139190 0.999999940 159.719360352
0.999999523 -0.000784487 -0.000586152 0.586173058 0.000784929 0.999999404 0.000754155 -2.218322039 0.000585560 -0.000754615 0.999999523 160.997573853
0.999998629 -0.000672252 -0.001470710 0.582220435 0.000671859 0.999999762 -0.000267322 -2.239127159 0.001470889 0.000266333 0.999998808 162.266616821
0.999998391 -0.000194704 -0.001783925 0.570416629 0.000191694 0.999998569 -0.001687471 -2.258830070 0.001784251 0.001687126 0.999996960 163.526458740
0.999995947 0.000657049 -0.002791247 0.565731883 -0.000661678 0.999998450 -0.001657835 -2.281427145 0.002790153 0.001659675 0.999994695 164.789871216
0.999994338 0.000652218 -0.003290080 0.550583124 -0.000660512 0.999996603 -0.002520446 -2.305207253 0.003288426 0.002522605 0.999991417 166.055297852
0.999989152 0.000827937 -0.004602190 0.545411646 -0.000845969 0.999992013 -0.003917575 -2.327429771 0.004598910 0.003921425 0.999981701 167.324111938
0.999988377 0.001291040 -0.004649096 0.525643587 -0.001307242 0.999993026 -0.003483474 -2.351490021 0.004644566 0.003489511 0.999983072 168.589767456
0.999982476 0.001495020 -0.005733482 0.517056942 -0.001505310 0.999997258 -0.001790755 -2.380563021 0.005730788 0.001799354 0.999981940 169.862792969
0.999981046 0.001085384 -0.006055573 0.504526615 -0.001095603 0.999997973 -0.001684436 -2.402778149 0.006053734 0.001691039 0.999980211 171.124588013
0.999976456 0.001759800 -0.006621107 0.487325549 -0.001768213 0.999997616 -0.001265045 -2.425621271 0.006618865 0.001276723 0.999977171 172.394332886
0.999971032 0.001994422 -0.007343519 0.469239473 -0.002001562 0.999997556 -0.000965072 -2.449236631 0.007341577 0.000979743 0.999972582 173.669540405
0.999966025 0.002115636 -0.007963781 0.458443999 -0.002130928 0.999995947 -0.001912245 -2.473312616 0.007959702 0.001929151 0.999966502 174.952056885
0.999961257 0.002883648 -0.008310533 0.425812930 -0.002904371 0.999992728 -0.002482532 -2.497013569 0.008303314 0.002506573 0.999962389 176.228149414
0.999955773 0.004012717 -0.008504075 0.411209583 -0.004032949 0.999989092 -0.002363313 -2.514809847 0.008494499 0.002397505 0.999961019 177.485671997
0.999955177 0.004071427 -0.008533883 0.396275938 -0.004099870 0.999986112 -0.003318174 -2.540203810 0.008520256 0.003353014 0.999958038 178.755249023
0.999965489 0.002003129 -0.008064367 0.370001525 -0.002042967 0.999985754 -0.004934858 -2.564567327 0.008054367 0.004951163 0.999955297 180.023941040
0.999957919 -0.000994790 -0.009120844 0.366046160 0.000949196 0.999987066 -0.005001807 -2.593330622 0.009125703 0.004992940 0.999945819 181.281555176
0.999950349 -0.001017947 -0.009909740 0.354062825 0.001002325 0.999998271 -0.001581268 -2.616410255 0.009911332 0.001571257 0.999949574 182.547515869
0.999954879 -0.001518645 -0.009366984 0.327577472 0.001547706 0.999993980 0.003096038 -2.641818285 0.009362228 -0.003110396 0.999951243 183.803314209
0.999953449 -0.000214929 -0.009641574 0.314361811 0.000237728 0.999997199 0.002363564 -2.659887075 0.009641040 -0.002365746 0.999950707 185.063018799
0.999956071 0.001161961 -0.009301606 0.289058208 -0.001169951 0.999999046 -0.000853552 -2.677266359 0.009300604 0.000864398 0.999956369 186.294616699
0.999952197 0.001243442 -0.009692368 0.274329811 -0.001270842 0.999995232 -0.002821305 -2.700026989 0.009688813 0.002833488 0.999949038 187.542892456
0.999949515 0.001130317 -0.009978338 0.251474500 -0.001153566 0.999996603 -0.002324577 -2.729225159 0.009975680 0.002335970 0.999947488 188.784957886
0.999950707 0.001079851 -0.009872424 0.234965265 -0.001093442 0.999998450 -0.001371341 -2.750638962 0.009870932 0.001382068 0.999950290 190.031234741
0.999954045 0.001332017 -0.009492026 0.212158248 -0.001322751 0.999998629 0.000982325 -2.777714014 0.009493320 -0.000969724 0.999954462 191.286300659
0.999959409 0.000456996 -0.009001034 0.197354496 -0.000437851 0.999997616 0.002128900 -2.804548025 0.009001987 -0.002124872 0.999957204 192.537338257
0.999972641 0.000638979 -0.007364015 0.181368798 -0.000629771 0.999999046 0.001252658 -2.822679520 0.007364805 -0.001247987 0.999972045 193.770019531
0.999983430 -0.000760586 -0.005714611 0.164235950 0.000761468 0.999999702 0.000152273 -2.848459244 0.005714491 -0.000156622 0.999983609 195.002990723
0.999989986 -0.000404929 -0.004454798 0.153496146 0.000397015 0.999998331 -0.001777132 -2.870502234 0.004455510 0.001775345 0.999988496 196.229125977
0.999993503 -0.001374693 -0.003335316 0.148156449 0.001366196 0.999995828 -0.002548322 -2.891802073 0.003338805 0.002543749 0.999991238 197.445373535
0.999997973 -0.000980792 -0.001734998 0.136642531 0.000977679 0.999997914 -0.001793822 -2.919519424 0.001736752 0.001792122 0.999996901 198.676498413
0.999998748 -0.001386594 -0.000766378 0.136959255 0.001386699 0.999999046 0.000136465 -2.945763588 0.000766188 -0.000137528 0.999999702 199.892700195
0.999999583 -0.000635609 0.000666206 0.123810731 0.000635227 0.999999642 0.000572491 -2.972479820 -0.000666569 -0.000572068 0.999999642 201.111724854
0.999997437 -0.000597779 0.002187219 0.114661604 0.000596541 0.999999642 0.000566809 -2.990759850 -0.002187557 -0.000565503 0.999997497 202.322250366
0.999996722 -0.000725554 0.002457230 0.123127468 0.000724380 0.999999642 0.000478749 -3.011285782 -0.002457576 -0.000476967 0.999996960 203.521682739
0.999991000 -0.000627991 0.004193796 0.107988156 0.000624014 0.999999285 0.000949565 -3.040804625 -0.004194390 -0.000946939 0.999990761 204.718734741
0.999988079 -0.000306336 0.004871487 0.109361887 0.000303028 0.999999702 0.000679795 -3.058911085 -0.004871693 -0.000678311 0.999987960 205.911575317
0.999980569 -0.001016220 0.006150964 0.099083915 0.001008053 0.999998569 0.001330568 -3.087213516 -0.006152307 -0.001324342 0.999980211 207.074432373
0.999976754 -0.001300164 0.006691433 0.101441167 0.001294900 0.999998868 0.000790964 -3.103840351 -0.006692454 -0.000782281 0.999977291 208.238204956
0.999973893 -0.001354028 0.007092151 0.100108236 0.001343059 0.999997914 0.001551155 -3.127302647 -0.007094236 -0.001541589 0.999973655 209.390518188
0.999976039 -0.002014937 0.006623392 0.104716934 0.001996937 0.999994278 0.002723096 -3.149381161 -0.006628841 -0.002709805 0.999974370 210.522155762
0.999978483 -0.001761341 0.006329859 0.102867641 0.001744981 0.999995053 0.002588989 -3.170232058 -0.006334388 -0.002577889 0.999976635 211.634353638
0.999982715 -0.001277361 0.005735357 0.103133991 0.001267890 0.999997854 0.001654632 -3.193435669 -0.005737459 -0.001647331 0.999982119 212.753585815
0.999986887 -0.000895331 0.005027100 0.106436402 0.000892573 0.999999523 0.000551054 -3.210448027 -0.005027591 -0.000546560 0.999987185 213.837646484
0.999988019 -0.001170351 0.004750023 0.100794896 0.001167624 0.999999106 0.000576761 -3.232619524 -0.004750694 -0.000571206 0.999988556 214.907852173
0.999991357 -0.001827907 0.003719275 0.098681428 0.001826088 0.999998212 0.000492261 -3.253126621 -0.003720168 -0.000485465 0.999992967 215.970062256
0.999996126 -0.002195463 0.001723172 0.101335429 0.002193248 0.999996781 0.001286202 -3.273946047 -0.001725990 -0.001282417 0.999997675 217.021682739
0.999995768 -0.002899199 -0.000268514 0.094470881 0.002899958 0.999991715 0.002867809 -3.293510199 0.000260196 -0.002868576 0.999995828 218.059936523
0.999991417 -0.003016645 -0.002845899 0.093798861 0.003029079 0.999985814 0.004374791 -3.311185360 0.002832660 -0.004383374 0.999986351 219.097732544
0.999985516 -0.002651679 -0.004678368 0.075431578 0.002673427 0.999985576 0.004648757 -3.330691338 0.004665974 -0.004661197 0.999978185 220.096847534
0.999976933 -0.002592858 -0.006273841 0.056150638 0.002618256 0.999988377 0.004043392 -3.344722033 0.006263284 -0.004059725 0.999972105 221.093627930
0.999954402 -0.002267952 -0.009267651 0.045229185 0.002306273 0.999988794 0.004126246 -3.363305569 0.009258188 -0.004147432 0.999948502 222.063598633
0.999912798 -0.001557933 -0.013106897 0.030212170 0.001620002 0.999987543 0.004726283 -3.382780552 0.013099371 -0.004747104 0.999902904 223.015380859
0.999874592 -0.001278065 -0.015782921 0.005650964 0.001353504 0.999987662 0.004770073 -3.404529095 0.015776627 -0.004790838 0.999864042 223.940917969
0.999826610 -0.001078805 -0.018585827 -0.021979980 0.001152236 0.999991536 0.003940663 -3.417806149 0.018581416 -0.003961396 0.999819458 224.846817017
0.999746740 -0.001172326 -0.022472065 -0.037660524 0.001240733 0.999994695 0.003030369 -3.430487871 0.022468390 -0.003057483 0.999742866 225.732254028
0.999686658 -0.000602463 -0.025025299 -0.068567455 0.000681396 0.999994814 0.003145737 -3.454598665 0.025023280 -0.003161804 0.999681830 226.594696045
0.999615967 -0.000148868 -0.027713263 -0.102805518 0.000220228 0.999996603 0.002571901 -3.471354961 0.027712792 -0.002577016 0.999612570 227.426162720
0.999530852 0.000948555 -0.030613355 -0.130363584 -0.000868890 0.999996185 0.002615483 -3.490244389 0.030615725 -0.002587656 0.999527872 228.245239258
0.999505520 0.001896299 -0.031391006 -0.159537792 -0.001821612 0.999995410 0.002407668 -3.498216152 0.031395428 -0.002349295 0.999504268 229.046600342
0.999515116 0.002638563 -0.031026520 -0.188746586 -0.002523068 0.999989748 0.003760999 -3.518164873 0.031036125 -0.003680893 0.999511480 229.827728271
0.999529243 0.002479030 -0.030582286 -0.216006517 -0.002346920 0.999987721 0.004354988 -3.532766104 0.030592712 -0.004281164 0.999522746 230.588882446
0.999549866 0.002042132 -0.029932586 -0.244148061 -0.001918900 0.999989569 0.004145157 -3.549351931 0.029940739 -0.004085854 0.999543309 231.334503174
0.999558449 0.003023472 -0.029559327 -0.269719541 -0.002958694 0.999993086 0.002234960 -3.560586929 0.029565888 -0.002146516 0.999560475 232.064010620
0.999581993 0.002717911 -0.028781882 -0.290745497 -0.002717229 0.999996364 0.000062782 -3.574115038 0.028781949 0.000015451 0.999585688 232.794418335
0.999622166 0.002908748 -0.027332922 -0.316546500 -0.002946289 0.999994755 -0.001333305 -3.591083527 0.027328905 0.001413332 0.999625444 233.516159058
0.999651968 0.003698296 -0.026120473 -0.337511897 -0.003745981 0.999991536 -0.001776925 -3.601257086 0.026113672 0.001874154 0.999657154 234.255630493
0.999701619 0.003252257 -0.024211584 -0.358226538 -0.003298321 0.999992907 -0.001862856 -3.616094112 0.024205353 0.001942158 0.999705076 234.975799561
0.999746442 0.003309149 -0.022275181 -0.378676236 -0.003350390 0.999992728 -0.001814401 -3.633623838 0.022269016 0.001888572 0.999750197 235.679962158
0.999785602 0.003132974 -0.020467835 -0.395779818 -0.003173452 0.999993086 -0.001945488 -3.648791790 0.020461598 0.002010025 0.999788582 236.411788940
0.999817729 0.002829647 -0.018884707 -0.403863281 -0.002874901 0.999993086 -0.002369621 -3.662720203 0.018877869 0.002423481 0.999818861 237.117355347
0.999872267 0.003032948 -0.015693605 -0.424063623 -0.003062920 0.999993503 -0.001886163 -3.678253889 0.015687780 0.001933991 0.999875128 237.832794189
0.999921739 0.001698835 -0.012396893 -0.431197345 -0.001710380 0.999998093 -0.000920745 -3.695140362 0.012395304 0.000941876 0.999922752 238.536529541
0.999954224 0.001076757 -0.009508710 -0.440373152 -0.001086578 0.999998808 -0.001027776 -3.704436064 0.009507594 0.001038060 0.999954224 239.230728149
0.999977112 0.000604357 -0.006750335 -0.443026870 -0.000609921 0.999999464 -0.000822201 -3.720773220 0.006749837 0.000826299 0.999976873 239.930892944
0.999993265 0.000261775 -0.003659929 -0.449193597 -0.000266416 0.999999166 -0.001267798 -3.732861519 0.003659594 0.001268765 0.999992490 240.618225098
0.999999881 0.000327301 -0.000300807 -0.455425173 -0.000327747 0.999998868 -0.001482372 -3.749203205 0.000300321 0.001482471 0.999998868 241.315521240
0.999996126 0.001185969 0.002493814 -0.453199983 -0.001179613 0.999996066 -0.002548705 -3.760335684 -0.002496827 0.002545753 0.999993682 242.005844116
0.999982655 0.001614340 0.005665397 -0.453473508 -0.001596854 0.999993980 -0.003089718 -3.772997618 -0.005670351 0.003080618 0.999979138 242.695648193
0.999963582 0.001570369 0.008401546 -0.447946191 -0.001555224 0.999997258 -0.001808918 -3.791022778 -0.008404363 0.001795785 0.999963105 243.397399902
0.999942660 0.001848429 0.010553102 -0.440775663 -0.001836029 0.999997675 -0.001184491 -3.804049015 -0.010555266 0.001165048 0.999943674 244.101608276
0.999916732 0.001638188 0.012799201 -0.432871103 -0.001616615 0.999997258 -0.001695686 -3.815721512 -0.012801943 0.001674853 0.999916732 244.806793213
0.999878049 0.001545949 0.015536829 -0.428273350 -0.001494736 0.999993443 -0.003307256 -3.828112602 -0.015541840 0.003283629 0.999873877 245.518707275
0.999845922 0.001759511 0.017466692 -0.420066386 -0.001659418 0.999982178 -0.005743349 -3.840396881 -0.017476486 0.005713480 0.999831021 246.226806641
0.999832094 0.000463720 0.018315125 -0.406720221 -0.000325709 0.999971509 -0.007537590 -3.853020430 -0.018318100 0.007530360 0.999803901 246.942092896
0.999835014 0.001019716 0.018136075 -0.391965628 -0.000876729 0.999968469 -0.007890295 -3.868837595 -0.018143551 0.007873093 0.999804437 247.663452148
0.999839664 -0.000469475 0.017902898 -0.377388358 0.000616703 0.999965966 -0.008219084 -3.887030602 -0.017898433 0.008228806 0.999805987 248.392822266
0.999834776 0.000753294 0.018165117 -0.367748350 -0.000599045 0.999963760 -0.008495427 -3.904171944 -0.018170858 0.008483141 0.999798954 249.127593994
0.999826849 0.001461575 0.018554084 -0.359793186 -0.001294194 0.999958336 -0.009030074 -3.920392752 -0.018566510 0.009004498 0.999787033 249.862792969
0.999821067 0.000350317 0.018910760 -0.348171860 -0.000143135 0.999939919 -0.010955989 -3.937193632 -0.018913463 0.010951324 0.999761164 250.608032227
0.999805570 -0.003294151 0.019438120 -0.334604561 0.003549479 0.999907613 -0.013115575 -3.956930876 -0.019393120 0.013182021 0.999724984 251.353012085
0.999780297 -0.006588669 0.019897494 -0.316507518 0.006866546 0.999879301 -0.013929496 -3.974655628 -0.019803317 0.014063062 0.999705017 252.122344971
0.999783456 -0.004017331 0.020418378 -0.303552210 0.004224602 0.999939799 -0.010118190 -3.989571810 -0.020376502 0.010202258 0.999740362 252.902557373
0.999777198 -0.000244811 0.021106066 -0.299685448 0.000329939 0.999991953 -0.004029968 -4.003425121 -0.021104908 0.004036034 0.999769092 253.685607910
0.999765098 -0.001171820 0.021640429 -0.280854553 0.001177956 0.999999225 -0.000270795 -4.025026798 -0.021640098 0.000296223 0.999765754 254.469390869
0.999708652 -0.002190459 0.024040520 -0.260322064 0.002254919 0.999993920 -0.002654506 -4.035594463 -0.024034563 0.002707942 0.999707401 255.275726318
0.999600887 -0.001382559 0.028215088 -0.248595431 0.001634022 0.999959171 -0.008891260 -4.049777508 -0.028201643 0.008933814 0.999562263 256.058135986
0.999484062 0.000706729 0.032109853 -0.223609462 -0.000305473 0.999921858 -0.012499557 -4.062619209 -0.032116175 0.012483300 0.999406159 256.875854492
0.999387383 0.002766402 0.034889385 -0.195497096 -0.002336972 0.999921083 -0.012343124 -4.079024792 -0.034920778 0.012254024 0.999315023 257.698059082
0.999266863 0.000949526 0.038273841 -0.166922107 -0.000561260 0.999948323 -0.010153894 -4.098220825 -0.038281504 0.010124968 0.999215662 258.528900146
0.999137580 -0.001829116 0.041481901 -0.127490625 0.002107268 0.999975502 -0.006662641 -4.119602203 -0.041468699 0.006744307 0.999117017 259.370574951
0.999007821 -0.004413907 0.044313896 -0.089529447 0.004657043 0.999974608 -0.005384941 -4.134975910 -0.044289000 0.005585969 0.999003112 260.212371826
0.998888135 -0.004410706 0.046937123 -0.048744202 0.004651144 0.999976575 -0.005014572 -4.152153015 -0.046913903 0.005227307 0.998885214 261.046752930
0.998757362 -0.001291799 0.049820337 -0.016517803 0.001632862 0.999975502 -0.006805778 -4.171604156 -0.049810324 0.006878671 0.998734951 261.882415771
0.998623312 -0.000376057 0.052452218 0.018686859 0.000862063 0.999956906 -0.009243380 -4.187328339 -0.052446481 0.009275873 0.998580635 262.716949463
0.998489916 0.000449525 0.054934401 0.062717676 0.000063023 0.999956429 -0.009328096 -4.207072258 -0.054936200 0.009317472 0.998446345 263.567596436
0.998331666 0.000422533 0.057738155 0.109411620 -0.000006346 0.999974012 -0.007208182 -4.229250431 -0.057739705 0.007195790 0.998305738 264.421478271
0.998156309 0.001803628 0.060669012 0.155712262 -0.001476518 0.999984145 -0.005436114 -4.252460480 -0.060677856 0.005336512 0.998143196 265.263397217
0.997970819 0.002819482 0.063609816 0.205927029 -0.002465640 0.999981105 -0.005640513 -4.268428802 -0.063624516 0.005472229 0.997958958 266.121795654
0.997804403 0.002818465 0.066168293 0.261165500 -0.002399364 0.999976516 -0.006412489 -4.283710957 -0.066184811 0.006239649 0.997787833 266.959411621
0.997657478 0.000757315 0.068401977 0.322297990 -0.000285937 0.999976099 -0.006900824 -4.302721500 -0.068405569 0.006865100 0.997633934 267.809509277
0.997506320 -0.001785945 0.070553869 0.372882158 0.002231011 0.999978065 -0.006229886 -4.318293571 -0.070541203 0.006371758 0.997488499 268.648742676
0.997476816 -0.002375891 0.070952684 0.448180318 0.002818885 0.999977112 -0.006144040 -4.340977192 -0.070936471 0.006328546 0.997460663 269.506988525
0.997406960 -0.003881126 0.071862765 0.497159660 0.004341271 0.999971032 -0.006248032 -4.362639904 -0.071836434 0.006543806 0.997394979 270.377105713
0.997433126 -0.003554316 0.071515203 0.563921928 0.004010731 0.999972463 -0.006239499 -4.377770424 -0.071491063 0.006510311 0.997420013 271.224426270
0.997441351 -0.003728839 0.071392216 0.615844965 0.004113714 0.999977708 -0.005244715 -4.405279636 -0.071371064 0.005524982 0.997434556 272.086090088
0.997471690 -0.003503544 0.070978560 0.672241688 0.003876876 0.999979258 -0.005122708 -4.420768261 -0.070959143 0.005384930 0.997464716 272.938598633
0.997555315 -0.002998722 0.069815770 0.736279428 0.003408003 0.999977648 -0.005743919 -4.441877842 -0.069796979 0.005967810 0.997543275 273.805786133
0.997664034 -0.002994148 0.068244785 0.790080309 0.003463789 0.999971092 -0.006764415 -4.461002350 -0.068222560 0.006984999 0.997645617 274.660156250
0.997775733 -0.002647933 0.066607423 0.847835898 0.003142337 0.999968290 -0.007318997 -4.482957363 -0.066585936 0.007512021 0.997752368 275.527282715
0.997873902 -0.001718639 0.065150775 0.896390319 0.002234859 0.999966621 -0.007851421 -4.500596523 -0.065135114 0.007980330 0.997844577 276.381347656
0.997988403 0.000075855 0.063396163 0.942736566 0.000436292 0.999967396 -0.008064630 -4.524026394 -0.063394710 0.008076066 0.997955859 277.222839355
0.998124540 0.000509051 0.061213002 0.990949690 -0.000054670 0.999972463 -0.007424405 -4.543266773 -0.061215099 0.007407134 0.998097181 278.072143555
0.998304725 0.000175923 0.058202285 1.035911798 0.000168086 0.999982536 -0.005905623 -4.566102028 -0.058202304 0.005905395 0.998287320 278.927490234
0.998542488 -0.001072622 0.053960498 1.077074528 0.001264924 0.999992967 -0.003529721 -4.585774899 -0.053956330 0.003592833 0.998536825 279.768829346
0.998800397 -0.002818871 0.048885588 1.117686510 0.002906036 0.999994278 -0.001712064 -4.607012749 -0.048880477 0.001852074 0.998802960 280.619506836
0.999009728 -0.003382658 0.044363856 1.151046157 0.003405687 0.999994099 -0.000443520 -4.624254704 -0.044362098 0.000594170 0.999015331 281.457580566
0.999214470 -0.003290715 0.039494067 1.176460743 0.003300434 0.999994576 -0.000180863 -4.636282444 -0.039493259 0.000311069 0.999219775 282.276794434
0.999377608 -0.004179687 0.035024986 1.203632474 0.004157874 0.999991059 0.000695598 -4.655068874 -0.035027586 -0.000549535 0.999386191 283.093536377
0.999527693 -0.004916324 0.030332504 1.222224116 0.004901578 0.999987841 0.000560444 -4.666547775 -0.030334895 -0.000411502 0.999539673 283.894409180
0.999642253 -0.005260344 0.026222449 1.240270972 0.005249000 0.999986112 0.000501419 -4.685245514 -0.026224725 -0.000363598 0.999655962 284.677703857
0.999739885 -0.004794789 0.022293346 1.255060792 0.004791048 0.999988496 0.000221239 -4.700087547 -0.022294153 -0.000114373 0.999751449 285.450073242
0.999818683 -0.004682861 0.018464673 1.262055635 0.004679659 0.999989152 0.000216569 -4.717050552 -0.018465487 -0.000130122 0.999829531 286.195739746
