1.000000000 0.000000000 0.000000000 0.000000000 0.000000000 1.000000000 0.000000000 0.000000000 0.000000000 0.000000000 1.000000000 0.000000000
0.999997318 0.001030542 0.002083807 -0.009761354 -0.001028316 0.999998927 -0.001068871 -0.016831642 -0.002084907 0.001066725 0.999997258 1.206237078
0.999986470 0.001648098 0.004939398 -0.035274196 -0.001643982 0.999998331 -0.000837282 -0.035334736 -0.004940769 0.000829150 0.999987423 2.406845331
0.999979317 0.001227897 0.006322003 -0.036225885 -0.001223930 0.999998987 -0.000631297 -0.053792626 -0.006322774 0.000623546 0.999979794 3.597296238
0.999972045 0.001165957 0.007386634 -0.033751246 -0.001160319 0.999998987 -0.000767471 -0.074045643 -0.007387522 0.000758878 0.999972522 4.796378136
0.999966979 0.000780825 0.008087547 -0.029098745 -0.000776094 0.999999523 -0.000588014 -0.095957436 -0.008088003 0.000581718 0.999967098 5.987876415
0.999962091 0.001020191 0.008648902 -0.020259842 -0.001006454 0.999998212 -0.001592393 -0.117681347 -0.008650512 0.001583628 0.999961317 7.187502384
0.999954402 0.000844735 0.009515385 -0.015182301 -0.000828506 0.999998212 -0.001709363 -0.142714143 -0.009516809 0.001701401 0.999953270 8.426666260
0.999947369 0.000868714 0.010237781 -0.016580395 -0.000865004 0.999999523 -0.000366855 -0.165163532 -0.010238099 0.000357980 0.999947548 9.612807274
0.999960124 0.000254778 0.008936259 -0.011722870 -0.000261870 0.999999702 0.000792531 -0.189457566 -0.008936052 -0.000794840 0.999959826 10.811062813
0.999976754 -0.001524506 0.006650960 -0.010359712 0.001524380 0.999998808 0.000024083 -0.207993880 -0.006650990 -0.000013944 0.999977887 11.998691559
0.999987841 -0.001270885 0.004769424 -0.013587996 0.001273341 0.999998987 -0.000511900 -0.225946769 -0.004768768 0.000517967 0.999988496 13.193638802
0.999994457 -0.001215355 0.003082011 -0.009090062 0.001216680 0.999999106 -0.000427858 -0.252534449 -0.003081488 0.000431606 0.999995053 14.385640144
0.999997258 0.000454654 0.002275269 -0.015633997 -0.000453415 0.999999702 -0.000545268 -0.274267375 -0.002275516 0.000544235 0.999997199 15.584995270
0.999998271 0.000107628 0.001816783 -0.020386633 -0.000106441 0.999999762 -0.000653488 -0.291698098 -0.001816853 0.000653293 0.999998152 16.790849686
0.999999106 -0.000067076 0.001329141 -0.019802853 0.000067140 1.000000000 -0.000048145 -0.312965482 -0.001329138 0.000048235 0.999999046 17.970392227
0.999999940 -0.000262977 0.000420520 -0.020147560 0.000262831 0.999999940 0.000346461 -0.334491998 -0.000420611 -0.000346350 0.999999821 19.164226532
0.999999940 0.000028656 0.000071650 -0.025649307 -0.000028608 0.999999702 -0.000661630 -0.355703294 -0.000071669 0.000661628 0.999999762 20.364849091
0.999999881 -0.000351375 -0.000323671 -0.032302059 0.000350912 0.999998868 -0.001429647 -0.377068281 0.000324173 0.001429533 0.999998927 21.563713074
0.999999285 0.000849956 -0.000863962 -0.053402990 -0.000850737 0.999999225 -0.000904319 -0.402015090 0.000863193 0.000905054 0.999999225 22.757972717
0.999998808 0.000196852 -0.001568188 -0.063675396 -0.000198524 0.999999464 -0.001065934 -0.422071487 0.001567977 0.001066244 0.999998212 23.958215714
0.999996901 0.000103932 -0.002510715 -0.069367357 -0.000107886 0.999998748 -0.001574753 -0.452179313 0.002510547 0.001575019 0.999995649 25.138534546
0.999994218 0.000832237 -0.003324094 -0.084912002 -0.000834881 0.999999344 -0.000794163 -0.473045945 0.003323431 0.000796933 0.999994159 26.336973190
0.999991179 -0.000993948 -0.004099352 -0.087943122 0.000996924 0.999999225 0.000724112 -0.496961445 0.004098630 -0.000728192 0.999991357 27.535938263
0.999987364 -0.000840022 -0.004957126 -0.100002795 0.000843958 0.999999285 0.000792085 -0.517632544 0.004956457 -0.000796259 0.999987364 28.736660004
0.999980271 -0.001580714 -0.006088946 -0.109386764 0.001580767 0.999998748 0.000003952 -0.538308859 0.006088931 -0.000013577 0.999981403 29.936941147
0.999975085 -0.001850473 -0.006793675 -0.122396722 0.001844873 0.999997914 -0.000830578 -0.561369061 0.006795197 0.000818024 0.999976635 31.128469467
0.999971032 -0.001326996 -0.007489054 -0.139205709 0.001320421 0.999998808 -0.000882880 -0.580879092 0.007490216 0.000872966 0.999971569 32.320343018
0.999965966 -0.001686192 -0.008064378 -0.151472807 0.001683143 0.999998510 -0.000384956 -0.602361858 0.008065015 0.000371369 0.999967337 33.518421173
0.999956548 -0.002370977 -0.009018474 -0.164023116 0.002370604 0.999997199 -0.000052110 -0.626894772 0.009018572 0.000030729 0.999959290 34.705947876
0.999952674 -0.002995316 -0.009255537 -0.183796227 0.002993429 0.999995530 -0.000217705 -0.645721436 0.009256150 0.000189989 0.999957085 35.914402008
0.999949455 -0.002919623 -0.009622304 -0.202027336 0.002916297 0.999995708 -0.000359665 -0.665710032 0.009623313 0.000331585 0.999953628 37.117324829
0.999944687 -0.004096330 -0.009688063 -0.219464406 0.004103293 0.999991298 0.000699014 -0.698225439 0.009685116 -0.000738728 0.999952793 38.288642883
0.999940991 -0.003867418 -0.010152518 -0.224894777 0.003887062 0.999990642 0.001915859 -0.714467525 0.010145015 -0.001955210 0.999946594 39.488067627
0.999949694 -0.003073315 -0.009551018 -0.250382721 0.003096554 0.999992251 0.002419288 -0.731199861 0.009543509 -0.002448741 0.999951422 40.697536469
0.999948800 -0.002637452 -0.009771161 -0.261706203 0.002657734 0.999994338 0.002063332 -0.749085605 0.009765663 -0.002089195 0.999950051 41.883441925
0.999953151 -0.001742371 -0.009524850 -0.280081451 0.001757860 0.999997079 0.001617960 -0.760767043 0.009522007 -0.001634627 0.999953270 43.079269409
0.999956250 0.000785392 -0.009326475 -0.293502808 -0.000748797 0.999991953 0.003926566 -0.783193350 0.009329486 -0.003919410 0.999948740 44.288059235
0.999972343 0.000909807 -0.007377008 -0.315348446 -0.000856388 0.999973416 0.007241293 -0.807747841 0.007383401 -0.007234776 0.999946535 45.495037079
0.999984086 0.001273835 -0.005490136 -0.334350705 -0.001219869 0.999951065 0.009821825 -0.816662550 0.005502380 -0.009814972 0.999936640 46.691589355
0.999989212 0.002252485 -0.004072763 -0.336762130 -0.002198219 0.999909401 0.013279984 -0.823386729 0.004102308 -0.013270888 0.999903440 47.894519806
0.999996543 0.001252061 -0.002296256 -0.357849777 -0.001218121 0.999890864 0.014722787 -0.834500551 0.002314438 -0.014719940 0.999888897 49.108860016
0.999999404 -0.000768439 -0.000818338 -0.362015098 0.000779145 0.999912977 0.013163922 -0.837681174 0.000808152 -0.013164552 0.999912918 50.323516846
0.999999821 0.000464456 0.000532593 -0.369442612 -0.000470456 0.999935806 0.011321718 -0.841539621 -0.000527301 -0.011321966 0.999935687 51.524623871
0.999999583 0.000091277 0.001020367 -0.373103768 -0.000102463 0.999939859 0.010967898 -0.848419607 -0.001019305 -0.010967998 0.999939322 52.709419250
0.999999046 -0.000218368 0.001312161 -0.379999280 0.000204940 0.999947786 0.010224584 -0.852179706 -0.001314326 -0.010224307 0.999946892 53.912590027
0.999999344 -0.000858380 0.000772546 -0.388953418 0.000851268 0.999957800 0.009160081 -0.858300567 -0.000780376 -0.009159417 0.999957740 55.119976044
0.999999464 -0.000530228 -0.000983719 -0.392725468 0.000539866 0.999951661 0.009823710 -0.865038276 0.000978462 -0.009824234 0.999951303 56.333477020
0.999997735 -0.000748826 -0.001980780 -0.409651458 0.000769710 0.999943912 0.010563609 -0.871061325 0.001972760 -0.010565110 0.999942243 57.530471802
0.999994278 -0.001578082 -0.002991568 -0.416964829 0.001610668 0.999939024 0.010921454 -0.881091118 0.002974152 -0.010926210 0.999935925 58.737850189
0.999991536 -0.000059715 -0.004117641 -0.425898552 0.000105774 0.999937475 0.011186609 -0.895433068 0.004116715 -0.011186950 0.999928951 59.936000824
0.999987781 0.000441172 -0.004930187 -0.435505331 -0.000387799 0.999941528 0.010821464 -0.900175631 0.004934671 -0.010819420 0.999929249 61.138809204
0.999988675 -0.000879728 -0.004674745 -0.451027632 0.000928317 0.999945462 0.010401970 -0.911236227 0.004665339 -0.010406191 0.999934971 62.341186523
0.999985635 -0.001895066 -0.004998602 -0.460749537 0.001943069 0.999951899 0.009616086 -0.922086716 0.004980140 -0.009625662 0.999941289 63.550945282
0.999981463 -0.002612544 -0.005502060 -0.468007445 0.002673313 0.999935210 0.011066624 -0.938182831 0.005472792 -0.011081128 0.999923646 64.738998413
0.999982536 -0.002377045 -0.005403203 -0.483692199 0.002443080 0.999921978 0.012247797 -0.938436687 0.005373667 -0.012260785 0.999910414 65.943748474
0.999980152 -0.001923200 -0.005981732 -0.496460646 0.001989433 0.999936581 0.011086216 -0.956646085 0.005960032 -0.011097899 0.999920607 67.142532349
0.999984682 -0.000135120 -0.005518260 -0.517257571 0.000189733 0.999951005 0.009897444 -0.964359283 0.005516653 -0.009898340 0.999935806 68.341346741
0.999980450 0.001766934 -0.005992680 -0.526444674 -0.001706193 0.999947250 0.010125840 -0.973752975 0.006010257 -0.010115419 0.999930799 69.537849426
0.999976754 0.004008615 -0.005511162 -0.544609547 -0.003951150 0.999938190 0.010398808 -0.982463181 0.005552506 -0.010376793 0.999930739 70.721488953
0.999970973 0.005136634 -0.005627650 -0.557765365 -0.005075799 0.999929070 0.010771656 -0.991053283 0.005682583 -0.010742781 0.999926150 71.927650452
0.999974251 0.005720937 -0.004324902 -0.573784113 -0.005670274 0.999916196 0.011637000 -0.998259544 0.004391116 -0.011612180 0.999922931 73.124496460
0.999967873 0.007459803 -0.002923063 -0.577917516 -0.007424054 0.999899805 0.012055749 -1.001961708 0.003012703 -0.012033662 0.999922991 74.316444397
0.999978602 0.006534109 -0.000062580 -0.581544459 -0.006533113 0.999925256 0.010332909 -1.018203497 0.000130092 -0.010332279 0.999946594 75.498832703
0.999989331 0.003931246 0.002435259 -0.583327889 -0.003943565 0.999979317 0.005074463 -1.026809692 -0.002415261 -0.005084011 0.999984145 76.673377991
0.999973476 0.005328597 0.004955962 -0.580253899 -0.005351200 0.999975324 0.004558917 -1.039032698 -0.004931547 -0.004585317 0.999977291 77.858375549
0.999965966 0.003974935 0.007229898 -0.571870685 -0.004034410 0.999958038 0.008230345 -1.054437399 -0.007196879 -0.008259233 0.999939978 79.041236877
0.999930978 0.004329726 0.010924306 -0.567006469 -0.004434655 0.999944091 0.009599293 -1.066896915 -0.010882132 -0.009647074 0.999894261 80.218719482
0.999877453 0.004362366 0.015038067 -0.556108356 -0.004480854 0.999959111 0.007854589 -1.077743053 -0.015003188 -0.007921010 0.999856055 81.386688232
0.999818981 0.003194252 0.018756354 -0.541608691 -0.003286222 0.999982715 0.004874605 -1.092658043 -0.018740458 -0.004935361 0.999812245 82.550064087
0.999754310 0.001918495 0.022080133 -0.518330097 -0.001948664 0.999997199 0.001344901 -1.108225942 -0.022077492 -0.001387597 0.999755204 83.712936401
0.999666750 0.001563204 0.025768232 -0.494233131 -0.001578046 0.999998629 0.000555655 -1.127090693 -0.025767326 -0.000596133 0.999667764 84.865852356
0.999577761 0.001162476 0.029034577 -0.460662603 -0.001227671 0.999996781 0.002227714 -1.147689939 -0.029031897 -0.002262417 0.999575913 86.040000916
0.999454677 0.002546149 0.032925319 -0.435073853 -0.002639643 0.999992609 0.002796427 -1.168580532 -0.032917961 -0.002881813 0.999453962 87.204513550
0.999328375 0.001965798 0.036590297 -0.390662432 -0.001986311 0.999997914 0.000524279 -1.188060403 -0.036589179 -0.000596607 0.999330223 88.347961426
0.999205709 0.001890439 0.039803132 -0.348398447 -0.001826619 0.999997020 -0.001639701 -1.208280802 -0.039806109 0.001565694 0.999206185 89.495521545
0.999074101 0.002057838 0.042973280 -0.302077055 -0.001968713 0.999995828 -0.002116168 -1.227949142 -0.042977467 0.002029606 0.999073982 90.665901184
0.998942554 0.001089438 0.045963481 -0.253546238 -0.001047851 0.999998987 -0.000928850 -1.247676849 -0.045964450 0.000879704 0.998942673 91.822990417
0.998811185 0.000181992 0.048745118 -0.203047752 -0.000211902 0.999999762 0.000608431 -1.268587470 -0.048745003 -0.000618037 0.998811007 92.985443115
0.998675406 -0.000444314 0.051451255 -0.146996021 0.000325020 0.999997258 0.002326918 -1.285443306 -0.051452145 -0.002307113 0.998672843 94.148872375
0.998555481 -0.001961766 0.053694420 -0.080721855 0.001790690 0.999993205 0.003234017 -1.301195621 -0.053700395 -0.003133195 0.998552263 95.310905457
0.998414755 -0.003226256 0.056191806 -0.028888226 0.003171744 0.999994397 0.001059262 -1.322732687 -0.056194905 -0.000879357 0.998419464 96.460769653
0.998290539 -0.004820523 0.058248259 0.041425705 0.004979040 0.999984264 -0.002576591 -1.341522813 -0.058234926 0.002862207 0.998298764 97.616432190
0.998166442 -0.003884811 0.060404137 0.104125977 0.004207566 0.999977469 -0.005216969 -1.362892509 -0.060382519 0.005461557 0.998160303 98.777847290
0.998058140 -0.003548434 0.062188499 0.171485424 0.003936947 0.999973476 -0.006125937 -1.382471442 -0.062165115 0.006358874 0.998045623 99.957077026
0.998035491 -0.003457554 0.062553652 0.240875244 0.003814175 0.999977052 -0.005582532 -1.405225515 -0.062532909 0.005810156 0.998026013 101.146141052
0.998102546 -0.003677074 0.061462548 0.316854477 0.003915151 0.999985278 -0.003753542 -1.429194093 -0.061447836 0.003987055 0.998102367 102.332626343
0.998160183 -0.003976616 0.060501873 0.377043724 0.004127934 0.999988675 -0.002376259 -1.449821115 -0.060491748 0.002621634 0.998165250 103.528251648
0.998290360 -0.003428569 0.058348704 0.444158077 0.003518174 0.999992847 -0.001433022 -1.470229745 -0.058343373 0.001635853 0.998295248 104.722412109
0.998435676 -0.003446860 0.055805020 0.505320549 0.003512175 0.999993265 -0.001072385 -1.489628434 -0.055800952 0.001266705 0.998441100 105.912757874
0.998581767 -0.002548693 0.053181227 0.553839207 0.002607001 0.999996006 -0.001027076 -1.514072180 -0.053178407 0.001164263 0.998584330 107.126106262
0.998773277 -0.001050952 0.049506690 0.602481365 0.001139159 0.999997854 -0.001753530 -1.527395487 -0.049504742 0.001807775 0.998772204 108.332595825
0.998956621 -0.000984990 0.045656409 0.647884846 0.001039983 0.999998748 -0.001180763 -1.548717260 -0.045655202 0.001227013 0.998956501 109.536399841
0.999139130 -0.000576782 0.041479733 0.695423365 0.000578339 0.999999821 -0.000025531 -1.570581555 -0.041479714 0.000049499 0.999139309 110.759727478
0.999306798 -0.000066682 0.037227914 0.737890244 0.000040523 0.999999762 0.000703433 -1.588941097 -0.037227951 -0.000701437 0.999306560 111.973831177
0.999461472 0.000085643 0.032814611 0.771030664 -0.000125210 0.999999285 0.001203715 -1.606139898 -0.032814484 -0.001207176 0.999460697 113.195983887
0.999614894 0.000657187 0.027741235 0.803592205 -0.000695069 0.999998868 0.001355897 -1.622973323 -0.027740307 -0.001374657 0.999614120 114.416748047
0.999733150 0.001275004 0.023066115 0.822807670 -0.001304471 0.999998391 0.001262510 -1.645023584 -0.023064472 -0.001292262 0.999733090 115.651130676
0.999825597 0.001665871 0.018601973 0.834017515 -0.001684165 0.999998093 0.000967820 -1.660061479 -0.018600326 -0.000998980 0.999826431 116.876495361
0.999902487 0.002886515 0.013662504 0.842448473 -0.002889149 0.999995768 0.000173047 -1.679800034 -0.013661947 -0.000212503 0.999906659 118.105529785
0.999936819 0.004862500 0.010133542 0.850308299 -0.004863997 0.999988198 0.000123100 -1.697054386 -0.010132822 -0.000172382 0.999948680 119.341995239
0.999948084 0.006551528 0.007813134 0.852918386 -0.006554073 0.999978542 0.000300165 -1.718139172 -0.007811000 -0.000351358 0.999969423 120.569313049
0.999942064 0.008083516 0.007104873 0.852501094 -0.008083967 0.999967337 0.000034595 -1.743605256 -0.007104361 -0.000092029 0.999974728 121.819931030
0.999929190 0.010283987 0.005975892 0.851407528 -0.010285952 0.999947071 0.000298109 -1.761708736 -0.005972510 -0.000359556 0.999982059 123.060714722
0.999922216 0.011499912 0.004825311 0.855495214 -0.011505609 0.999933124 0.001154603 -1.779559970 -0.004811711 -0.001210031 0.999987662 124.299743652
0.999927819 0.011183387 0.004373700 0.851126194 -0.011189527 0.999936402 0.001382537 -1.794380903 -0.004357960 -0.001431377 0.999989510 125.549530029
0.999887228 0.014664846 0.003207673 0.849388361 -0.014676366 0.999885857 0.003597322 -1.813034058 -0.003154552 -0.003643994 0.999988437 126.797821045
0.999867618 0.016018687 0.002850053 0.841132939 -0.016037609 0.999848664 0.006746131 -1.828189135 -0.002741558 -0.006790945 0.999973178 128.043701172
0.999889493 0.014731633 0.002015071 0.845118463 -0.014744096 0.999871373 0.006318421 -1.842617512 -0.001921731 -0.006347433 0.999978006 129.297073364
0.999897838 0.014234698 0.001296314 0.842718005 -0.014240832 0.999886870 0.004854285 -1.852929831 -0.001227068 -0.004872250 0.999987364 130.546066284
0.999926209 0.012079737 0.001287426 0.825926900 -0.012087052 0.999909937 0.005834971 -1.864258409 -0.001216825 -0.005850101 0.999982119 131.814941406
0.999952793 0.009714957 0.000256732 0.825918376 -0.009716656 0.999922752 0.007750287 -1.876255035 -0.000181418 -0.007752416 0.999969959 133.068710327
0.999978304 0.006597688 -0.000105018 0.826375425 -0.006596325 0.999929190 0.009905615 -1.892758012 0.000170365 -0.009904706 0.999950945 134.319763184
0.999986768 0.005119898 -0.000389553 0.826824665 -0.005115560 0.999932647 0.010420924 -1.889384627 0.000442881 -0.010418797 0.999945641 135.624847412
0.999999642 0.000625497 -0.000530206 0.829843283 -0.000620957 0.999963582 0.008518648 -1.898063302 0.000535515 -0.008518319 0.999963582 136.893371582
0.999998569 -0.001671846 -0.000210647 0.823068202 0.001673388 0.999970138 0.007547332 -1.906524539 0.000198022 -0.007547675 0.999971509 138.168090820
0.999995291 -0.003050375 -0.000083050 0.817339063 0.003050893 0.999969542 0.007184021 -1.916717410 0.000061133 -0.007184242 0.999974191 139.444824219
0.999996126 -0.002757104 0.000496448 0.816239893 0.002753263 0.999967456 0.007579560 -1.927239895 -0.000517329 -0.007578163 0.999971151 140.731887817
0.999996960 -0.002321588 0.000802831 0.811742663 0.002313875 0.999952435 0.009479258 -1.937063217 -0.000824798 -0.009477372 0.999954760 142.008605957
0.999998271 0.000242609 0.001873288 0.803965926 -0.000263724 0.999936342 0.011280290 -1.950508952 -0.001870433 -0.011280762 0.999934554 143.305664062
0.999997199 0.000099470 0.002366320 0.801734686 -0.000122121 0.999954164 0.009573819 -1.959064245 -0.002365259 -0.009574079 0.999951303 144.580108643
0.999995589 0.000411908 0.002927597 0.797314525 -0.000434940 0.999968886 0.007870777 -1.973379135 -0.002924264 -0.007872015 0.999964714 145.851226807
0.999995470 0.000275813 0.002995232 0.801548600 -0.000291507 0.999986172 0.005240522 -1.983493209 -0.002993745 -0.005241371 0.999981761 147.129455566
0.999991059 -0.000264258 0.004207928 0.789330959 0.000259889 0.999999404 0.001038745 -2.001141310 -0.004208201 -0.001037641 0.999990582 148.389465332
0.999989986 -0.000229992 0.004462896 0.793255448 0.000241249 0.999996781 -0.002522012 -2.023752451 -0.004462302 0.002523064 0.999986827 149.667907715
0.999990463 -0.000916324 0.004269040 0.798094332 0.000931622 0.999993145 -0.003582946 -2.045866251 -0.004265728 0.003586889 0.999984443 150.942810059
0.999989450 -0.000918267 0.004486897 0.796845138 0.000932137 0.999994695 -0.003090113 -2.077476740 -0.004484035 0.003094263 0.999985158 152.217163086
0.999991119 -0.000121677 0.004194646 0.796804667 0.000132046 0.999996901 -0.002471715 -2.104722261 -0.004194332 0.002472247 0.999988139 153.480148315
0.999990880 0.000722638 0.004200885 0.795077503 -0.000716514 0.999998689 -0.001459088 -2.128240347 -0.004201933 0.001456065 0.999990106 154.745971680
0.999992132 0.001192690 0.003771350 0.794961572 -0.001189804 0.999998987 -0.000767387 -2.153478384 -0.003772261 0.000762893 0.999992549 156.015548706
0.999994397 0.001046289 0.003173954 0.795729399 -0.001042486 0.999998748 -0.001199746 -2.176362514 -0.003175205 0.001196431 0.999994218 157.281951904
0.999994755 0.001455038 0.002868441 0.788183391 -0.001452258 0.999998510 -0.000970976 -2.196198702 -0.002869850 0.000966805 0.999995410 158.549957275
0.999998033 0.000845909 0.001811080 0.792328596 -0.000846195 0.999999583 0.000157158 -2.221138477 -0.001810947 -0.000158690 0.999998391 159.826370239
0.999996483 0.002010047 0.001751427 0.776452363 -0.002011234 0.999997735 0.000676453 -2.244729996 -0.001750063 -0.000679974 0.999998271 161.075881958
0.999997139 0.002309522 0.000544055 0.783076286 -0.002309162 0.999997079 -0.000662083 -2.265443325 -0.000545583 0.000660825 0.999999642 162.357208252
0.999996722 0.002550220 -0.000212779 0.776314735 -0.002550578 0.999995291 -0.001703092 -2.290914536 0.000208434 0.001703629 0.999998510 163.623443604
0.999993563 0.003491588 -0.000780839 0.766012609 -0.003492727 0.999992847 -0.001462550 -2.320876837 0.000775727 0.001465268 0.999998569 164.884460449
0.999993443 0.003344948 -0.001390411 0.752879560 -0.003348093 0.999991894 -0.002266517 -2.345269442 0.001382818 0.002271157 0.999996424 166.160278320
0.999990880 0.003698969 -0.002119707 0.740319610 -0.003705640 0.999988198 -0.003151900 -2.373272181 0.002108023 0.003159726 0.999992788 167.436737061
0.999987185 0.004259766 -0.002752984 0.735227227 -0.004268383 0.999985993 -0.003132102 -2.394543409 0.002739605 0.003143813 0.999991238 168.696701050
0.999984145 0.004514279 -0.003368311 0.723430216 -0.004520325 0.999988198 -0.001789813 -2.419898748 0.003360191 0.001805010 0.999992669 169.976638794
0.999982953 0.004141305 -0.004115314 0.717062533 -0.004146863 0.999990523 -0.001343001 -2.446261168 0.004109715 0.001360043 0.999990642 171.228851318
0.999975204 0.004922225 -0.005034613 0.704678357 -0.004927926 0.999987245 -0.001120710 -2.465613604 0.005029034 0.001145492 0.999986708 172.500061035
0.999970973 0.005059150 -0.005689377 0.688031256 -0.005065217 0.999986589 -0.001052469 -2.489792824 0.005683976 0.001081256 0.999983251 173.793487549
0.999968052 0.005310862 -0.005972206 0.674251556 -0.005320985 0.999984443 -0.001680480 -2.513978243 0.005963188 0.001712205 0.999980748 175.037414551
0.999961197 0.006158263 -0.006300647 0.653875470 -0.006174563 0.999977708 -0.002570893 -2.533066988 0.006284674 0.002609697 0.999976873 176.307479858
0.999958575 0.005959176 -0.006878376 0.631286383 -0.005973392 0.999980032 -0.002048192 -2.555224180 0.006866032 0.002089194 0.999974251 177.582473755
0.999958217 0.006124382 -0.006782592 0.615881085 -0.006146212 0.999975979 -0.003202280 -2.581350565 0.006762816 0.003243833 0.999971807 178.809066772
0.999963522 0.005065822 -0.006870839 0.600122094 -0.005099984 0.999974668 -0.004963870 -2.603227139 0.006845518 0.004998730 0.999963999 180.074127197
0.999973476 0.001780325 -0.007053924 0.585200667 -0.001813526 0.999987304 -0.004703051 -2.633044481 0.007045460 0.004715719 0.999963999 181.338745117
0.999968231 0.002417983 -0.007597938 0.579151273 -0.002425560 0.999996483 -0.000988179 -2.654815912 0.007595524 0.001006577 0.999970615 182.599563599
0.999970675 0.001666251 -0.007486753 0.561589479 -0.001640581 0.999992669 0.003433607 -2.678691387 0.007492419 -0.003421224 0.999966025 183.866485596
0.999967813 0.002577377 -0.007595908 0.545348048 -0.002556961 0.999993086 0.002696207 -2.694324493 0.007602806 -0.002676699 0.999967456 185.113891602
0.999965370 0.004294240 -0.007130485 0.523288131 -0.004297960 0.999990642 -0.000506510 -2.712630510 0.007128244 0.000537139 0.999974430 186.362884521
0.999960303 0.003871115 -0.008029615 0.511824727 -0.003890477 0.999989688 -0.002397125 -2.738154411 0.008020254 0.002428269 0.999964833 187.607391357
0.999958515 0.004325806 -0.008020809 0.491920471 -0.004344535 0.999987841 -0.002319188 -2.759815454 0.008010679 0.002353939 0.999965072 188.856323242
0.999962866 0.003817756 -0.007720037 0.474011898 -0.003825346 0.999992132 -0.000968558 -2.787611008 0.007716280 0.000998054 0.999969721 190.115341187
0.999963045 0.004121054 -0.007542812 0.457304835 -0.004111567 0.999990702 0.001272914 -2.812300920 0.007547989 -0.001241854 0.999970734 191.363296509
0.999971390 0.003279340 -0.006805740 0.443729758 -0.003265143 0.999992490 0.002096163 -2.835337877 0.006812564 -0.002073882 0.999974608 192.611083984
0.999980330 0.003320961 -0.005322115 0.427947640 -0.003313500 0.999993443 0.001410221 -2.855268002 0.005326764 -0.001392559 0.999984860 193.853302002
0.999989629 0.002392751 -0.003860313 0.419157982 -0.002392834 0.999997079 -0.000016742 -2.878647566 0.003860262 0.000025979 0.999992549 195.075485229
0.999994397 0.002037412 -0.002666598 0.406442046 -0.002041606 0.999996662 -0.001571266 -2.900829077 0.002663390 0.001576702 0.999995232 196.310272217
0.999998152 0.001627404 -0.001030463 0.397775590 -0.001629640 0.999996305 -0.002173070 -2.926024199 0.001026923 0.002174745 0.999997079 197.522521973
0.999998271 0.001856996 0.000352126 0.392507672 -0.001856498 0.999997318 -0.001410853 -2.952332973 -0.000354745 0.001410197 0.999998927 198.734954834
0.999997973 0.001372498 0.001461328 0.392616838 -0.001373093 0.999998987 0.000405960 -2.973367691 -0.001460769 -0.000407966 0.999998868 199.974899292
0.999994516 0.002475874 0.002202677 0.391319513 -0.002477668 0.999996662 0.000812034 -2.997917652 -0.002200659 -0.000817487 0.999997258 201.188720703
0.999990106 0.002132603 0.003899752 0.382535517 -0.002136508 0.999997318 0.000997470 -3.021898508 -0.003897614 -0.001005792 0.999991894 202.386245728
0.999988317 0.001917259 0.004430562 0.389401197 -0.001921323 0.999997675 0.000913145 -3.037969589 -0.004428801 -0.000921647 0.999989748 203.598327637
0.999981165 0.002011888 0.005802139 0.385403752 -0.002018570 0.999997199 0.001145824 -3.063997507 -0.005799818 -0.001157514 0.999982536 204.784439087
0.999972463 0.002952042 0.006797913 0.384831190 -0.002959084 0.999995053 0.001026098 -3.084767818 -0.006794851 -0.001046185 0.999976277 205.975601196
0.999967694 0.002741078 0.007551043 0.383462310 -0.002748369 0.999995708 0.000955310 -3.103494883 -0.007548392 -0.000976032 0.999970973 207.151107788
0.999966502 0.001545483 0.008037980 0.386796117 -0.001553235 0.999998271 0.000958254 -3.126538038 -0.008036484 -0.000970707 0.999967217 208.318878174
0.999961674 0.001786763 0.008574394 0.388018608 -0.001804398 0.999996245 0.002049301 -3.152595043 -0.008570700 -0.002064694 0.999961078 209.466079712
0.999968350 0.000998153 0.007895117 0.395858765 -0.001020459 0.999995470 0.002821718 -3.170248985 -0.007892263 -0.002829686 0.999964833 210.613006592
0.999969542 0.001289959 0.007698148 0.398443103 -0.001313493 0.999994516 0.003052805 -3.194034815 -0.007694168 -0.003062824 0.999965668 211.721862793
0.999971688 0.001775161 0.007310871 0.399561882 -0.001789549 0.999996424 0.001961931 -3.213883877 -0.007307363 -0.001974958 0.999971330 212.822006226
0.999972999 0.002309585 0.006971647 0.397463918 -0.002318399 0.999996483 0.001256487 -3.234943867 -0.006968721 -0.001272617 0.999974906 213.902038574
0.999977648 0.002123323 0.006329163 0.399346113 -0.002128618 0.999997318 0.000830062 -3.252489805 -0.006327383 -0.000843516 0.999979615 214.971084595
0.999985337 0.001720111 0.005136269 0.397289455 -0.001726001 0.999997914 0.001142650 -3.279923916 -0.005134292 -0.001151499 0.999986172 216.033950806
0.999992728 0.001243821 0.003615776 0.398721963 -0.001250207 0.999997675 0.001764400 -3.298604012 -0.003613573 -0.001768907 0.999991894 217.092483521
0.999998569 0.000375671 0.001621741 0.392466664 -0.000381338 0.999993861 0.003495441 -3.315752506 -0.001620417 -0.003496055 0.999992609 218.124923706
0.999999583 0.000686700 -0.000552999 0.386368692 -0.000683820 0.999986351 0.005190942 -3.334252834 0.000556556 -0.005190561 0.999986410 219.150024414
0.999994457 0.000618931 -0.003280274 0.384423018 -0.000601707 0.999986053 0.005249239 -3.352591038 0.003283477 -0.005247236 0.999980927 220.156234741
0.999984145 0.001327142 -0.005464017 0.368504524 -0.001300201 0.999987006 0.004931212 -3.371651888 0.005470492 -0.004924030 0.999972880 221.159866333
0.999963343 0.001371933 -0.008448578 0.358673930 -0.001327102 0.999985039 0.005309664 -3.389714718 0.008455736 -0.005298256 0.999950171 222.125198364
0.999935508 0.001924425 -0.011188786 0.336100340 -0.001864987 0.999984205 0.005320245 -3.401858330 0.011198848 -0.005299036 0.999923289 223.072875977
0.999898970 0.002184108 -0.014040471 0.321751595 -0.002108165 0.999983072 0.005421401 -3.423166752 0.014052073 -0.005391253 0.999886751 224.000442505
0.999848783 0.002043066 -0.017269010 0.303232193 -0.001964097 0.999987543 0.004588627 -3.434203148 0.017278172 -0.004554015 0.999840379 224.902694702
0.999796629 0.001778830 -0.020088810 0.274232388 -0.001698603 0.999990523 0.004010018 -3.452871323 0.020095753 -0.003975079 0.999790192 225.781875610
0.999722779 0.002514634 -0.023413755 0.244494438 -0.002422219 0.999989212 0.003974565 -3.472141743 0.023423495 -0.003916750 0.999717891 226.647018433
0.999648929 0.003373024 -0.026280800 0.218615055 -0.003284106 0.999988675 0.003425804 -3.491808653 0.026292048 -0.003338292 0.999648869 227.470199585
0.999573469 0.005149524 -0.028748309 0.187810421 -0.005064738 0.999982536 0.003021305 -3.503948927 0.028763369 -0.002874414 0.999582171 228.283843994
0.999551952 0.005941807 -0.029336965 0.155379295 -0.005853706 0.999978006 0.003088055 -3.514058828 0.029354671 -0.002914942 0.999564707 229.086776733
0.999556541 0.005709387 -0.029224360 0.132131100 -0.005566557 0.999972224 0.004966381 -3.538941145 0.029251896 -0.004801499 0.999560475 229.868072510
0.999567568 0.005553994 -0.028875345 0.106876373 -0.005397098 0.999970376 0.005508656 -3.552333355 0.028905079 -0.005350431 0.999567866 230.628128052
0.999581516 0.005163346 -0.028461333 0.082555294 -0.005008039 0.999972284 0.005525339 -3.569973707 0.028489064 -0.005380492 0.999579608 231.373641968
0.999588370 0.006072594 -0.028039414 0.055758476 -0.005980351 0.999976456 0.003372451 -3.579300165 0.028059224 -0.003203378 0.999601126 232.105575562
0.999614000 0.006052989 -0.027112691 0.034288406 -0.006018445 0.999980986 0.001355472 -3.593726158 0.027120376 -0.001191773 0.999631405 232.835891724
0.999647319 0.006248591 -0.025812900 0.010439396 -0.006256898 0.999980450 -0.000241078 -3.606634617 0.025810890 0.000402502 0.999666750 233.557769775
0.999669671 0.006754933 -0.024792120 -0.004599094 -0.006771986 0.999976873 -0.000603977 -3.619975567 0.024787469 0.000771670 0.999692380 234.285873413
0.999718666 0.006485737 -0.022810623 -0.024971008 -0.006504110 0.999978602 -0.000731395 -3.633544683 0.022805393 0.000879553 0.999739468 235.006057739
0.999758422 0.006229265 -0.021075707 -0.041646957 -0.006239852 0.999980390 -0.000436610 -3.652740002 0.021072578 0.000568014 0.999777734 235.711212158
0.999795616 0.006329549 -0.019198075 -0.060068130 -0.006345486 0.999979556 -0.000769355 -3.665544987 0.019192817 0.000891019 0.999815404 236.429672241
0.999828100 0.005834445 -0.017599108 -0.066546440 -0.005854459 0.999982297 -0.001085973 -3.679656744 0.017592460 0.001188820 0.999844611 237.135711670
0.999879003 0.005880107 -0.014394104 -0.087456703 -0.005889233 0.999982536 -0.000591738 -3.693374634 0.014390374 0.000676437 0.999896169 237.850341797
0.999922693 0.004838879 -0.011447577 -0.091042519 -0.004836512 0.999988258 0.000234432 -3.709134579 0.011448577 -0.000179047 0.999934435 238.551544189
0.999958158 0.004252813 -0.008092348 -0.102005839 -0.004252314 0.999990880 0.000079028 -3.717527151 0.008092612 -0.000044614 0.999967277 239.240341187
0.999977767 0.003784196 -0.005480432 -0.102537513 -0.003782476 0.999992788 0.000324364 -3.733436346 0.005481621 -0.000303628 0.999984980 239.937515259
0.999991894 0.003411137 -0.002138223 -0.109430045 -0.003411102 0.999994099 0.000020512 -3.746818781 0.002138282 -0.000013218 0.999997735 240.622360229
0.999993026 0.003544015 0.001106902 -0.112889051 -0.003543543 0.999993622 -0.000428251 -3.760058403 -0.001108413 0.000424326 0.999999285 241.318832397
0.999981821 0.004540595 0.003961886 -0.111043751 -0.004534221 0.999988437 -0.001616131 -3.769630432 -0.003969179 0.001598138 0.999990821 242.008026123
0.999965250 0.004741469 0.006851995 -0.107297063 -0.004727852 0.999986768 -0.002002219 -3.782958746 -0.006861398 0.001969754 0.999974489 242.701751709
0.999940336 0.004825041 0.009804258 -0.102439880 -0.004818360 0.999988139 -0.000704995 -3.800507307 -0.009807544 0.000657712 0.999951720 243.399246216
0.999917150 0.005022078 0.011853910 -0.093493700 -0.005021056 0.999987423 -0.000116008 -3.812202692 -0.011854343 0.000056479 0.999929726 244.103271484
0.999884307 0.004999888 0.014372205 -0.087744713 -0.004992879 0.999987364 -0.000523614 -3.824006557 -0.014374644 0.000451795 0.999896646 244.807434082
0.999844849 0.005001962 0.016889350 -0.080893040 -0.004967276 0.999985397 -0.002095086 -3.835355282 -0.016899584 0.002010867 0.999855161 245.513626099
0.999807060 0.005181599 0.018950066 -0.072873116 -0.005098009 0.999976993 -0.004456778 -3.847319841 -0.018972723 0.004359310 0.999810517 246.221435547
0.999801636 0.003896177 0.019532822 -0.055995941 -0.003773772 0.999972939 -0.006299599 -3.860013247 -0.019556843 0.006224636 0.999789298 246.938186646
0.999796987 0.003412794 0.019858727 -0.045935631 -0.003282874 0.999972939 -0.006571145 -3.875445604 -0.019880619 0.006504618 0.999781132 247.657638550
0.999800265 0.003205485 0.019723559 -0.029425621 -0.003065169 0.999969780 -0.007140233 -3.892225266 -0.019745849 0.007078351 0.999779999 248.387268066
0.999793649 0.004319988 0.019846316 -0.016898632 -0.004173096 0.999963641 -0.007436853 -3.907141209 -0.019877721 0.007352499 0.999775410 249.124282837
0.999783576 0.004924805 0.020212462 -0.006858826 -0.004766920 0.999957800 -0.007852031 -3.922724724 -0.020250279 0.007753980 0.999764800 249.861236572
0.999783456 0.003881845 0.020441933 0.007741451 -0.003683783 0.999945998 -0.009717770 -3.939180851 -0.020478552 0.009640366 0.999743760 250.608947754
0.999782503 0.000128621 0.020852664 0.023723125 0.000118623 0.999929607 -0.011855016 -3.958334923 -0.020852726 0.011854907 0.999712288 251.357315063
0.999766171 -0.003198330 0.021382643 0.043048859 0.003470532 0.999913275 -0.012705126 -3.974464893 -0.021340154 0.012776362 0.999690592 252.124923706
0.999761701 -0.000672754 0.021816023 0.059321880 0.000867500 0.999959826 -0.008918507 -3.987976789 -0.021809146 0.008935306 0.999722242 252.905151367
0.999735713 0.003198175 0.022763748 0.058547974 -0.003133393 0.999990940 -0.002880953 -4.001567364 -0.022772755 0.002808864 0.999736726 253.683914185
0.999717832 0.002345300 0.023636252 0.073441029 -0.002361768 0.999997079 0.000668800 -4.019846439 -0.023634616 -0.000724434 0.999720395 254.469146729
0.999662042 0.001119483 0.025972620 0.095882416 -0.001079566 0.999998212 -0.001550865 -4.032069206 -0.025974311 0.001522302 0.999661446 255.269515991
0.999558806 0.001707575 0.029654814 0.120460987 -0.001476660 0.999968469 -0.007806927 -4.041841984 -0.029667208 0.007759692 0.999529660 256.068389893
0.999416053 0.004125281 0.033921309 0.133396149 -0.003740733 0.999928236 -0.011392113 -4.055651665 -0.033965863 0.011258570 0.999359548 256.873931885
0.999297440 0.005860242 0.037016150 0.159167290 -0.005457182 0.999924779 -0.010980401 -4.074472427 -0.037077710 0.010770684 0.999254346 257.689422607
0.999199033 0.004419194 0.039771479 0.198957443 -0.004063866 0.999951124 -0.009010666 -4.089087486 -0.039809361 0.008841823 0.999168217 258.529785156
0.999092579 0.001265547 0.042573258 0.240599632 -0.001030194 0.999984086 -0.005549674 -4.110433102 -0.042579606 0.005500779 0.999077976 259.365356445
0.998963118 -0.001522086 0.045502685 0.275797844 0.001715189 0.999989688 -0.004205017 -4.126729012 -0.045495816 0.004278702 0.998955369 260.201477051
0.998805523 -0.000116676 0.048860878 0.312725067 0.000297783 0.999993086 -0.003699298 -4.141053200 -0.048860107 0.003709430 0.998798728 261.060485840
0.998682976 0.002150498 0.051261008 0.353158951 -0.001859611 0.999981880 -0.005721636 -4.158060551 -0.051272389 0.005618775 0.998668849 261.900604248
0.998543143 0.002663411 0.053892925 0.386903763 -0.002236653 0.999965668 -0.007977384 -4.178772926 -0.053912323 0.007845223 0.998514831 262.737762451
0.998401403 0.002881148 0.056447070 0.432252884 -0.002425927 0.999963880 -0.008131430 -4.195217133 -0.056468461 0.007981493 0.998372614 263.587890625
0.998235106 0.003709361 0.059270445 0.476265907 -0.003365945 0.999976933 -0.005892855 -4.216982365 -0.059290938 0.005682955 0.998224556 264.428924561
0.998034239 0.005407257 0.062437631 0.521694183 -0.005145631 0.999977171 -0.004350252 -4.234827042 -0.062459741 0.004020420 0.998039424 265.274963379
0.997869074 0.006025784 0.064969540 0.583177567 -0.005738856 0.999972880 -0.004602073 -4.254395962 -0.064995505 0.004219415 0.997876763 266.143585205
0.997692764 0.006359531 0.067592889 0.636390686 -0.006023614 0.999968469 -0.005172350 -4.271121025 -0.067623660 0.004753262 0.997699559 266.987731934
0.997529328 0.004439365 0.070112005 0.696554184 -0.004072933 0.999977350 -0.005368455 -4.288882256 -0.070134260 0.005069630 0.997524619 267.821258545
0.997413516 0.000928679 0.071870707 0.763153076 -0.000593292 0.999988794 -0.004687747 -4.307583809 -0.071874246 0.004632982 0.997402906 268.697265625
0.997366309 0.000668866 0.072525129 0.829807281 -0.000316203 0.999988139 -0.004874019 -4.323406219 -0.072527513 0.004838250 0.997354627 269.548583984
0.997351408 -0.000326051 0.072733104 0.888084412 0.000667815 0.999988854 -0.004674619 -4.345109940 -0.072730765 0.004710810 0.997340441 270.392364502
0.997300625 -0.000677274 0.073422298 0.952306747 0.001034613 0.999987781 -0.004828976 -4.359514236 -0.073418118 0.004891906 0.997289240 271.272430420
0.997309983 -0.000363114 0.073298074 1.009019852 0.000687690 0.999990046 -0.004402982 -4.375185966 -0.073295727 0.004441544 0.997300327 272.135650635
0.997346342 0.000164456 0.072801508 1.066318512 0.000135037 0.999991536 -0.004108897 -4.391877174 -0.072801568 0.004107825 0.997337997 272.985778809
0.997455299 -0.000188553 0.071294181 1.134262085 0.000525537 0.999988735 -0.004707951 -4.413423538 -0.071292512 0.004733439 0.997444212 273.859161377
0.997579694 -0.000232313 0.069531046 1.192106247 0.000625799 0.999983907 -0.005637423 -4.432510853 -0.069528617 0.005667291 0.997563958 274.710601807
0.997678995 0.000426865 0.068091281 1.247943878 -0.000006745 0.999980986 -0.006170067 -4.453683853 -0.068092622 0.006155287 0.997659981 275.587280273
0.997796237 0.001482784 0.066337042 1.302225113 -0.001045563 0.999977529 -0.006625133 -4.471307278 -0.066345364 0.006541173 0.997775257 276.439208984
0.997891366 0.002905106 0.064840578 1.349018097 -0.002476897 0.999974489 -0.006683432 -4.495017529 -0.064858347 0.006508735 0.997873247 277.298095703
0.998021066 0.003498517 0.062781759 1.396389008 -0.003117499 0.999976099 -0.006165856 -4.513231754 -0.062801830 0.005957932 0.998008251 278.137695312
0.998210609 0.003227011 0.059708502 1.446496010 -0.002944449 0.999984026 -0.004819733 -4.530423164 -0.059723109 0.004635300 0.998204231 279.010070801
0.998450279 0.002169656 0.055608347 1.488335609 -0.002040984 0.999995112 -0.002370575 -4.549327850 -0.055613231 0.002253406 0.998449802 279.850677490
0.998728395 0.000234879 0.050412096 1.530035973 -0.000215680 0.999999881 -0.000386285 -4.573061466 -0.050412185 0.000374921 0.998728514 280.692047119
0.998953521 -0.000306162 0.045736063 1.569485664 0.000267487 0.999999523 0.000851703 -4.586623669 -0.045736305 -0.000838578 0.998953223 281.545532227
0.999161899 -0.000005645 0.040933196 1.595552444 -0.000044837 0.999999166 0.001232342 -4.598213673 -0.040933162 -0.001233144 0.999161124 282.363677979
0.999332607 -0.000953924 0.036516163 1.622197151 0.000879835 0.999997497 0.002044932 -4.614714146 -0.036518022 -0.002011439 0.999330997 283.180847168
0.999491096 -0.001692346 0.031851791 1.644094467 0.001631505 0.999996722 0.001936034 -4.626726627 -0.031854965 -0.001883083 0.999490738 283.991577148
0.999610305 -0.002176168 0.027831906 1.659577370 0.002125217 0.999996066 0.001860128 -4.643426895 -0.027835842 -0.001800254 0.999610901 284.766479492
0.999713719 -0.001813557 0.023856170 1.676063538 0.001776484 0.999997079 0.001575103 -4.657067776 -0.023858959 -0.001532273 0.999714196 285.537231445
0.999799490 -0.001515118 0.019963827 1.685534954 0.001483885 0.999997616 0.001579176 -4.672266960 -0.019966172 -0.001549236 0.999799490 286.283630371
