1.000000000 0.000000000 -0.000000000 0.000000000 0.000000000 1.000000000 0.000000000 0.000000000 -0.000000000 0.000000000 1.000000000 0.000000000
0.999978960 0.000411033 -0.006474751 -0.008227189 -0.000408488 0.999999821 0.000394472 -0.001930735 0.006474912 -0.000391819 0.999978960 0.091791593
0.999907255 0.000951842 -0.013585809 -0.016321354 -0.000949620 0.999999523 0.000170009 -0.001862643 0.013585964 -0.000157092 0.999907672 0.188498154
0.999772549 0.001390215 -0.021282636 -0.026114073 -0.001402502 0.999998868 -0.000562412 -0.002155635 0.021281829 0.000592133 0.999773324 0.285385847
0.999541819 0.001711731 -0.030219167 -0.042982277 -0.001772321 0.999996483 -0.001978370 -0.001906949 0.030215673 0.002031021 0.999541342 0.390670806
0.999125302 0.001928918 -0.041771706 -0.058942333 -0.002074047 0.999991953 -0.003431261 -0.004861880 0.041764751 0.003514897 0.999121308 0.501262128
0.998479426 0.001735128 -0.055097878 -0.084340319 -0.001961319 0.999989867 -0.004051442 -0.007879253 0.055090290 0.004153347 0.998472750 0.626043916
0.997427404 0.001823439 -0.071660824 -0.108524345 -0.002145864 0.999987900 -0.004422585 -0.004336379 0.071651891 0.004564982 0.997419238 0.761398196
0.995905280 0.000199582 -0.090402514 -0.134710103 -0.000579950 0.999991119 -0.004181242 -0.009244948 0.090400867 0.004216550 0.995896518 0.917129576
0.993913889 -0.000757477 -0.110157356 -0.176362082 0.000277903 0.999990404 -0.004368824 -0.012706937 0.110159606 0.004311623 0.993904531 1.075158596
0.991229534 -0.001126711 -0.132146597 -0.224567696 0.000509435 0.999988794 -0.004704864 -0.015760137 0.132150412 0.004596280 0.991219044 1.236903429
0.987732649 0.002807007 -0.156129166 -0.274603337 -0.003832027 0.999973059 -0.006264606 -0.015584152 0.156107381 0.006786045 0.987716794 1.397467613
0.983373880 0.007000215 -0.181457624 -0.341292024 -0.008548616 0.999933422 -0.007752417 -0.020643661 0.181391254 0.009174737 0.983368218 1.570592999
0.978005350 0.010132127 -0.208334014 -0.413578928 -0.012243599 0.999885857 -0.008847967 -0.023702469 0.208220586 0.011204117 0.978017747 1.748635054
0.971299648 0.010544491 -0.237625256 -0.494066030 -0.013060799 0.999874055 -0.009017501 -0.026119765 0.237500250 0.011862271 0.971315026 1.938795090
0.963247955 0.012578148 -0.268319339 -0.581400156 -0.015407817 0.999845624 -0.008442698 -0.029836830 0.268171757 0.012266628 0.963293016 2.130954504
0.953764200 0.014346179 -0.300213516 -0.678150594 -0.017418051 0.999819696 -0.007558349 -0.031334240 0.300051004 0.012438016 0.953842044 2.321977139
0.942526937 0.016530877 -0.333720952 -0.766906857 -0.019690070 0.999787569 -0.006086101 -0.038499936 0.333549440 0.012307306 0.942652285 2.491464615
0.930018485 0.018774832 -0.367032886 -0.871076703 -0.022302074 0.999736786 -0.005371319 -0.043982688 0.366835386 0.013181021 0.930192471 2.669510126
0.916108668 0.021500954 -0.400352985 -0.995130181 -0.025613368 0.999659836 -0.004923123 -0.041629206 0.400110960 0.014764504 0.916347861 2.857654095
0.900049806 0.021901954 -0.435236245 -1.114445329 -0.026373336 0.999643207 -0.004234895 -0.041472703 0.434988171 0.015290249 0.900306404 3.035979509
0.881549299 0.017125642 -0.471781075 -1.245539188 -0.022075990 0.999743998 -0.004959540 -0.039721873 0.471575379 0.014787113 0.881701887 3.229825020
0.860366940 0.012346478 -0.509525418 -1.377246857 -0.017523190 0.999832094 -0.005361799 -0.043853361 0.509373605 0.013541628 0.860438943 3.395917177
0.835520744 0.014308164 -0.549272597 -1.530631065 -0.018370148 0.999829471 -0.001898721 -0.052323870 0.549151778 0.011676642 0.835641026 3.562388182
0.806331098 0.020124979 -0.591121972 -1.710903645 -0.023201296 0.999727964 0.002387965 -0.061065730 0.591009259 0.011789307 0.806578577 3.731631041
0.773873925 0.022985641 -0.632922471 -1.912063718 -0.026515277 0.999640882 0.003883423 -0.059695687 0.632784486 0.013776837 0.774205327 3.902512789
0.737710655 0.021783806 -0.674765468 -2.118490934 -0.025495255 0.999665320 0.004399149 -0.059532292 0.674635470 0.013958022 0.738018990 4.068030357
0.698369563 0.018112058 -0.715508103 -2.346603155 -0.020095263 0.999781907 0.005694113 -0.060338624 0.715455174 0.010401729 0.698581159 4.237664700
0.655401289 0.014305716 -0.755145311 -2.582374811 -0.014537439 0.999874413 0.006324691 -0.059421495 0.755140960 0.006832668 0.655526876 4.398194790
0.610670984 0.013997511 -0.791760623 -2.842915058 -0.012040097 0.999892354 0.008390748 -0.059666991 0.791792870 0.004408890 0.610773742 4.545682430
0.562769592 0.014422480 -0.826487899 -3.117075682 -0.009860101 0.999893785 0.010734560 -0.053541221 0.826555014 0.002108170 0.562852085 4.679704666
0.511769295 0.015021917 -0.858991563 -3.412840128 -0.008329737 0.999886870 0.012523192 -0.048654072 0.859082580 0.000746190 0.511836529 4.804176331
0.459462732 0.016383212 -0.888045907 -3.729676247 -0.007828019 0.999865830 0.014396026 -0.041354485 0.888162613 0.000337203 0.459529310 4.906697750
0.404500097 0.018493831 -0.914350927 -4.043361664 -0.006540766 0.999828458 0.017329145 -0.037771896 0.914514542 -0.001029085 0.404551655 5.000688076
0.348916441 0.020392466 -0.936932027 -4.393405437 -0.006285044 0.999791741 0.019420050 -0.032128461 0.937132716 -0.000887316 0.348971933 5.082796097
0.293805629 0.023586901 -0.955574095 -4.768868923 -0.003902582 0.999716759 0.023476591 -0.028189601 0.955857217 -0.003168348 0.293814451 5.153938293
0.239605799 0.025410129 -0.970537663 -5.100852966 0.001004735 0.999650359 0.026420396 -0.030065516 0.970869660 -0.007305613 0.239496514 5.214116573
0.188526422 0.025768604 -0.981729984 -5.481612206 0.003342073 0.999632955 0.026880328 -0.026214825 0.982062459 -0.008348665 0.188371107 5.252849102
0.141070917 0.026970960 -0.989632010 -5.895311356 0.000809574 0.999625385 0.027358716 -0.020300325 0.989999175 -0.004660699 0.140996233 5.269865036
0.098824382 0.027247982 -0.994731724 -6.324083805 -0.002021612 0.999628484 0.027181271 -0.008048448 0.995102823 -0.000675210 0.098842710 5.268819809
0.060785335 0.025656464 -0.997821093 -6.758101940 -0.001484777 0.999670923 0.025613571 -0.000672690 0.998149753 -0.000075388 0.060803428 5.269772530
0.026498828 0.022792328 -0.999388933 -7.219130516 -0.001124693 0.999740064 0.022770515 0.008453742 0.999648213 0.000520614 0.026517577 5.253823757
-0.004619668 0.020071311 -0.999787927 -7.693019390 -0.000407129 0.999798417 0.020073405 0.012554837 0.999989212 0.000499775 -0.004610549 5.223078251
-0.031696040 0.018420078 -0.999327779 -8.175473213 -0.000666421 0.999829471 0.018450461 0.017240720 0.999497354 0.001250779 -0.031678364 5.193465710
-0.052313115 0.015862091 -0.998504698 -8.681704521 -0.001471967 0.999871433 0.015960919 0.027930636 0.998629689 0.002304731 -0.052283045 5.147004128
-0.068575867 0.015117043 -0.997531354 -9.200602531 -0.001118530 0.999883354 0.015229579 0.038116477 0.997645319 0.002160151 -0.068550967 5.095786572
-0.081739552 0.015386095 -0.996534944 -9.738659859 -0.000335788 0.999880314 0.015465290 0.045821667 0.996653676 0.001598751 -0.081724621 5.042531490
-0.091377459 0.016615488 -0.995677710 -10.290387154 -0.000407445 0.999860108 0.016722677 0.051003855 0.995816290 0.001933760 -0.091357909 4.983353615
-0.098077491 0.018087577 -0.995014429 -10.863381386 -0.003157206 0.999824107 0.018486211 0.046637047 0.995173752 0.004954547 -0.098003142 4.916243553
-0.102548108 0.018890694 -0.994548619 -11.456792831 -0.003069489 0.999808908 0.019307097 0.055184945 0.994723320 0.005032663 -0.102470532 4.850995541
-0.103874043 0.019423569 -0.994400799 -12.063528061 -0.001185770 0.999806225 0.019653013 0.067888446 0.994589806 0.003220569 -0.103830881 4.783518791
-0.102642789 0.021497527 -0.994485915 -12.677175522 0.000758650 0.999767900 0.021533398 0.075021558 0.994718015 0.001455782 -0.102635264 4.719289303
-0.101186149 0.024240956 -0.994572043 -13.314613342 0.000314942 0.999703825 0.024333987 0.076442242 0.994867563 0.002149030 -0.101163812 4.651347637
-0.099489346 0.024186820 -0.994744658 -13.975239754 -0.001361074 0.999700248 0.024443444 0.083347052 0.995037615 0.003785783 -0.099426612 4.579264641
-0.098038927 0.021771999 -0.994944453 -14.641564369 -0.002941651 0.999750018 0.022167016 0.092307433 0.995178103 0.005100010 -0.097950362 4.513766766
-0.096689299 0.021549651 -0.995081306 -15.323540688 -0.002954195 0.999754906 0.021937920 0.106135659 0.995310187 0.005060826 -0.096601941 4.443896770
-0.094810747 0.024162030 -0.995202065 -16.032297134 -0.003010346 0.999693811 0.024557875 0.119460411 0.995490789 0.005324253 -0.094708972 4.372667313
-0.092965595 0.027848268 -0.995279789 -16.737228394 -0.004783885 0.999584734 0.028415566 0.121872611 0.995657861 0.007402974 -0.092793748 4.303604603
-0.091217548 0.029779937 -0.995385587 -17.464717865 -0.004762889 0.999528229 0.030340351 0.134596974 0.995819628 0.007508483 -0.091032654 4.233084202
-0.089439891 0.029006278 -0.995569766 -18.205537796 -0.006494921 0.999537587 0.029705372 0.148133129 0.995971143 0.009122992 -0.089210130 4.158614159
-0.087599523 0.025724420 -0.995823562 -18.961009979 -0.009424367 0.999600351 0.026651016 0.164525002 0.996111214 0.011719624 -0.087322079 4.083158016
-0.085914187 0.025308508 -0.995981097 -19.744922638 -0.010182654 0.999602795 0.026278904 0.177379057 0.996250570 0.012399461 -0.085622348 4.010787010
-0.084698781 0.027732497 -0.996020734 -20.520774841 -0.007916801 0.999562442 0.028504334 0.192091376 0.996375084 0.010299581 -0.084442176 3.948851347
-0.083624400 0.029689392 -0.996055067 -21.310777664 -0.005964542 0.999523222 0.030293532 0.207050204 0.996479511 0.008474291 -0.083407462 3.882526159
-0.082144961 0.031806938 -0.996112823 -22.110445023 -0.004640888 0.999467611 0.032296777 0.214871451 0.996609509 0.007275865 -0.081953615 3.812452793
-0.081561871 0.027205730 -0.996296942 -22.912937164 -0.004647113 0.999606133 0.027676532 0.225027993 0.996657431 0.006887254 -0.081403330 3.741081715
-0.081126593 0.019947881 -0.996504247 -23.716688156 -0.003439375 0.999788046 0.020293625 0.237093031 0.996697843 0.005073704 -0.081040807 3.676019192
-0.081450798 0.015676355 -0.996554017 -24.540891647 0.000196216 0.999876499 0.015712582 0.243323073 0.996677339 0.001084263 -0.081443802 3.608498573
-0.081541792 0.016287126 -0.996536851 -25.366878510 0.001466220 0.999867380 0.016221587 0.255085856 0.996668816 -0.000138405 -0.081554852 3.534278631
-0.081762977 0.024097960 -0.996360481 -26.212507248 0.000661998 0.999708712 0.024124617 0.256738663 0.996651530 0.001312912 -0.081755117 3.462618351
-0.082559064 0.031340573 -0.996093273 -27.065414429 -0.000600135 0.999503613 0.031497616 0.264709473 0.996586025 0.003198204 -0.082499266 3.395641804
-0.082750790 0.036343630 -0.995907307 -27.896718979 -0.002802308 0.999322355 0.036701098 0.277011901 0.996566296 0.005827884 -0.082592867 3.312022209
-0.083162501 0.036860541 -0.995854020 -28.739595413 -0.004621283 0.999290705 0.037373658 0.285961002 0.996525288 0.007710211 -0.082933165 3.235647678
-0.083301157 0.033065163 -0.995975614 -29.577610016 -0.004741876 0.999424934 0.033576265 0.303976238 0.996513128 0.007519735 -0.083096460 3.157564163
-0.083293296 0.030224135 -0.996066570 -30.407567978 -0.005381058 0.999511719 0.030778641 0.319427252 0.996510506 0.007923546 -0.083089978 3.079981089
-0.083647326 0.031765796 -0.995989025 -31.255229950 -0.006404210 0.999454021 0.032414161 0.330902725 0.996474802 0.009089883 -0.083398215 2.997914076
-0.083687559 0.034034792 -0.995910704 -32.096466064 -0.007245732 0.999369323 0.034761857 0.342113495 0.996465743 0.010125237 -0.083388165 2.925183773
-0.083428442 0.032664906 -0.995978296 -32.923892975 -0.008287152 0.999405384 0.033471476 0.350303680 0.996479273 0.011046296 -0.083108135 2.847538948
-0.083391570 0.027522823 -0.996136785 -33.748134613 -0.008732399 0.999559999 0.028348437 0.362727582 0.996478617 0.011062683 -0.083114527 2.779507637
-0.082993306 0.023270430 -0.996278465 -34.583763123 -0.010249138 0.999654531 0.024203077 0.375856251 0.996497393 0.012219688 -0.082726143 2.697783947
-0.082436889 0.023939643 -0.996308744 -35.402503967 -0.010437480 0.999635816 0.024883216 0.380939156 0.996541619 0.012450247 -0.082157016 2.630139589
-0.081724413 0.026352940 -0.996306539 -36.236122131 -0.008892417 0.999591231 0.027169250 0.389533043 0.996615291 0.011079962 -0.081456654 2.557101965
-0.080969959 0.031402156 -0.996221721 -37.088855743 -0.008361903 0.999446869 0.032183453 0.400671512 0.996681452 0.010936200 -0.080662601 2.473111868
-0.080904603 0.036835819 -0.996041059 -37.908508301 -0.008075313 0.999259830 0.037610788 0.416864693 0.996689141 0.011086229 -0.080547251 2.419458628
-0.080841228 0.040199861 -0.995915949 -38.759300232 -0.008681921 0.999119937 0.041033920 0.429952443 0.996689200 0.011963695 -0.080421083 2.337924242
-0.080481738 0.040139217 -0.995947480 -39.593181610 -0.008132583 0.999129057 0.040924627 0.449376434 0.996722877 0.011393311 -0.080085211 2.264753580
-0.080361441 0.035519265 -0.996132612 -40.408988953 -0.008563922 0.999303401 0.036323190 0.469035715 0.996728957 0.011449790 -0.080001287 2.199502468
-0.080286868 0.031460084 -0.996275187 -41.243289948 -0.009031311 0.999437809 0.032287758 0.482667983 0.996730924 0.011589955 -0.079957612 2.123356819
-0.079786457 0.028555216 -0.996402860 -42.064384460 -0.013772171 0.999462545 0.029745704 0.494226009 0.996716917 0.016095934 -0.079350308 2.041793108
-0.080347680 0.026973508 -0.996401846 -42.886577606 -0.016895626 0.999453306 0.028418537 0.503193855 0.996623695 0.019118199 -0.079848014 1.969713926
-0.081176043 0.025070390 -0.996384442 -43.703022003 -0.014708021 0.999544621 0.026348174 0.511043549 0.996591330 0.016793685 -0.080770329 1.903066635
-0.082376726 0.021644924 -0.996366143 -44.533897400 -0.011602401 0.999675512 0.022676064 0.512552857 0.996533751 0.013428221 -0.082098842 1.834166169
-0.083231963 0.020256441 -0.996324301 -45.351142883 -0.006804254 0.999758542 0.020894680 0.522484779 0.996506929 0.008518349 -0.083074026 1.768905163
-0.085054092 0.023474805 -0.996099770 -46.163360596 -0.006596486 0.999687254 0.024122603 0.531124294 0.996354520 0.008622482 -0.084872633 1.693891168
-0.086390026 0.029210679 -0.995833039 -46.993190765 -0.004964373 0.999545038 0.029750224 0.539038420 0.996249020 0.007513809 -0.086205706 1.610807419
-0.088204190 0.033556920 -0.995536983 -47.812496185 -0.002890741 0.999419630 0.033943910 0.539417803 0.996098220 0.005871834 -0.088055983 1.545920610
-0.089462891 0.032477282 -0.995460451 -48.622665405 -0.002916764 0.999455512 0.032869749 0.551324785 0.995985866 0.005844145 -0.089319438 1.466069221
-0.090636991 0.028413732 -0.995478570 -49.415775299 -0.006188075 0.999557674 0.029093573 0.561844826 0.995864809 0.008797050 -0.090421066 1.385117054
-0.091799609 0.025004506 -0.995463431 -50.195442200 -0.011030091 0.999597967 0.026125524 0.565469086 0.995716453 0.013378365 -0.091486886 1.297335863
-0.093088254 0.023433346 -0.995381951 -50.995193481 -0.015499040 0.999567866 0.024981352 0.572761834 0.995537221 0.017752938 -0.092684813 1.211462259
-0.094138257 0.024589553 -0.995255470 -51.780582428 -0.016841995 0.999512494 0.026287764 0.578448236 0.995416701 0.019236773 -0.093678243 1.132591724
-0.095192067 0.026229788 -0.995113313 -52.568019867 -0.016799835 0.999468088 0.027951635 0.584629476 0.995317221 0.019378515 -0.094700783 1.053080082
-0.096128248 0.025607200 -0.995039463 -53.350353241 -0.018604359 0.999448180 0.027517978 0.591405571 0.995195091 0.021157328 -0.095598802 0.970561385
-0.096825175 0.025602616 -0.994972050 -54.127059937 -0.019408673 0.999430418 0.027606087 0.597237289 0.995112240 0.021984052 -0.096273124 0.889298201
-0.097272001 0.027397750 -0.994880557 -54.901794434 -0.017647170 0.999416530 0.029248059 0.605280697 0.995101333 0.020401843 -0.096731730 0.810962975
-0.097468384 0.030131718 -0.994782269 -55.672378540 -0.017230397 0.999340653 0.031958014 0.616378188 0.995089412 0.020255392 -0.096884936 0.734880090
-0.097787254 0.034490671 -0.994609416 -56.453075409 -0.016865717 0.999198318 0.036307994 0.624652028 0.995064378 0.020325262 -0.097127140 0.653315842
-0.098547980 0.036503106 -0.994462550 -57.216022491 -0.017101659 0.999117315 0.038368687 0.638251841 0.994985342 0.020788116 -0.097836725 0.577385485
-0.099013850 0.036614615 -0.994412243 -57.963699341 -0.016833613 0.999118149 0.038464021 0.647357166 0.994943619 0.020548020 -0.098310187 0.498161346
-0.099297747 0.034719620 -0.994451940 -58.706348419 -0.016149472 0.999203146 0.036498066 0.655737162 0.994926691 0.019684048 -0.098657921 0.422476232
-0.099338897 0.031056400 -0.994569004 -59.434288025 -0.016004095 0.999333620 0.032803699 0.669427276 0.994924903 0.019175861 -0.098775677 0.344431460
-0.099100567 0.028114337 -0.994680166 -60.170963287 -0.016199932 0.999422669 0.029862398 0.680629194 0.994945467 0.019073127 -0.098587930 0.261258602
-0.098027870 0.025782343 -0.994849622 -60.877410889 -0.016485158 0.999485135 0.027526850 0.689780116 0.995047092 0.019098653 -0.097552374 0.190803394
-0.095607407 0.025011165 -0.995104849 -61.573043823 -0.019363483 0.999448359 0.026980737 0.693624139 0.995230675 0.021848258 -0.095070377 0.115011759
-0.091032110 0.025854032 -0.995512247 -62.266319275 -0.019168790 0.999432147 0.027708678 0.699411094 0.995663464 0.021605145 -0.090484828 0.042548627
-0.085409835 0.027795304 -0.995958090 -62.915222168 -0.019036887 0.999382794 0.029523415 0.698171377 0.996164024 0.021481531 -0.084827989 -0.009795604
-0.078373305 0.029164525 -0.996497393 -63.561981201 -0.018008118 0.999367416 0.030664844 0.707190752 0.996761441 0.020348346 -0.077798538 -0.055545092
-0.069414288 0.030346971 -0.997126222 -64.198616028 -0.019330202 0.999308586 0.031759053 0.712568283 0.997400701 0.021479184 -0.068779685 -0.101638377
-0.057436723 0.032044519 -0.997834742 -64.823608398 -0.021254247 0.999218881 0.033312403 0.720206320 0.998122990 0.023121579 -0.056710780 -0.143534273
-0.042755868 0.033460073 -0.998525083 -65.425712585 -0.024297629 0.999108493 0.034520030 0.728511810 0.998790145 0.025737723 -0.041904747 -0.169167802
-0.024208462 0.034825079 -0.999100208 -66.024963379 -0.025615972 0.999043286 0.035443779 0.734494984 0.999378681 0.026450962 -0.023293223 -0.181021392
-0.002129241 0.035838336 -0.999355316 -66.563880920 -0.026996797 0.998991251 0.035882805 0.741963983 0.999633253 0.027055794 -0.001159574 -0.171264946
0.023563588 0.036193684 -0.999067008 -67.109466553 -0.026383974 0.999018788 0.035569660 0.747650504 0.999374151 0.025521208 0.024495404 -0.145569608
0.052755971 0.035516504 -0.997975707 -67.634086609 -0.025162311 0.999097288 0.034226269 0.757554114 0.998290420 0.023305731 0.053602029 -0.096231267
0.087021410 0.035636719 -0.995568871 -68.137687683 -0.023865413 0.999147713 0.033678781 0.761467516 0.995920539 0.020828888 0.087797731 -0.031986974
0.124241620 0.035444725 -0.991618752 -68.608215332 -0.023136180 0.999193668 0.032816708 0.771227419 0.991982222 0.018865073 0.124961480 0.060049795
0.165751219 0.035565551 -0.985526085 -69.051567078 -0.023399753 0.999209881 0.032123875 0.772906840 0.985889912 0.017736493 0.166452497 0.142860815
0.211294726 0.037188336 -0.976714730 -69.452323914 -0.022280760 0.999199510 0.033224404 0.763474107 0.977168381 0.014741806 0.211954176 0.242946282
0.260140687 0.035568088 -0.964915454 -69.893714905 -0.018850006 0.999317944 0.031754263 0.768429220 0.965386689 0.009928085 0.260633707 0.387856513
0.309916735 0.030681362 -0.950268567 -70.294281006 -0.011054443 0.999527872 0.028666552 0.764892697 0.950699449 0.001620445 0.310109556 0.566920638
0.361078680 0.024880910 -0.932203412 -70.693038940 -0.005653044 0.999684036 0.024492351 0.773532391 0.932518244 -0.003573878 0.361105233 0.766569376
0.412746966 0.020698281 -0.910610557 -71.078941345 -0.000361151 0.999745369 0.022560637 0.769298911 0.910845637 -0.008982966 0.412649333 0.992810667
0.463587791 0.020139193 -0.885822117 -71.458824158 -0.000585340 0.999748468 0.022422984 0.776686430 0.886050761 -0.009876511 0.463482916 1.232275844
0.512510896 0.019175706 -0.858466566 -71.807037354 -0.000092322 0.999751866 0.022276506 0.784815967 0.858680725 -0.011337697 0.512385547 1.464920759
0.558096230 0.014649971 -0.829646885 -72.160148621 0.007718014 0.999709249 0.022844790 0.792445481 0.829740345 -0.019152816 0.557820857 1.745678186
0.601788521 0.007778291 -0.798617661 -72.478340149 0.018473210 0.999549568 0.023655565 0.794975996 0.798441827 -0.028988680 0.601373672 2.051736355
0.643966675 0.002382551 -0.765049815 -72.791198730 0.020246746 0.999591827 0.020155303 0.800828576 0.764785647 -0.028469112 0.643655598 2.368813753
0.684929073 -0.002450411 -0.728605628 -73.083518982 0.018123457 0.999742210 0.013674757 0.799273968 0.728384376 -0.022571094 0.684796929 2.690840244
0.725936949 -0.007796484 -0.687717259 -73.347412109 0.013296215 0.999907970 0.002699430 0.792956650 0.687632740 -0.011103650 0.725973666 3.003756523
0.765210629 -0.010404861 -0.643695951 -73.619560242 0.008669855 0.999945223 -0.005856845 0.796442866 0.643721581 -0.001099030 0.765258908 3.370496035
0.802141428 -0.011150914 -0.597030044 -73.872116089 0.007185763 0.999933481 -0.009021613 0.795730412 0.597090840 0.002946492 0.802168131 3.761192083
0.836152554 -0.013041239 -0.548341930 -74.127525330 0.008425884 0.999904752 -0.010932363 0.793209434 0.548432231 0.004520860 0.836182773 4.199917316
0.866834223 -0.010728877 -0.498480916 -74.362274170 0.005053970 0.999906123 -0.012732517 0.777996004 0.498570859 0.008517673 0.866807163 4.645046234
0.892714739 -0.009327957 -0.450525671 -74.570816040 0.004619778 0.999922633 -0.011548934 0.766750515 0.450598627 0.008228574 0.892688751 5.122221470
0.913650453 -0.003362569 -0.406486809 -74.760902405 -0.000937151 0.999945641 -0.010378230 0.753092945 0.406499743 0.009863014 0.913597703 5.619538307
0.931124628 0.001223916 -0.364699036 -74.946952820 -0.005945218 0.999912441 -0.011823257 0.742809176 0.364652693 0.013177142 0.931050360 6.134475708
0.944632471 0.006406263 -0.328067511 -75.134582520 -0.010495923 0.999887645 -0.010696717 0.735675514 0.327962160 0.013547839 0.944593668 6.672644138
0.954564512 0.006990451 -0.297921985 -75.292343140 -0.010162171 0.999906957 -0.009098513 0.724756837 0.297830671 0.011712652 0.954546869 7.235793114
0.961804926 0.006245280 -0.273664415 -75.443107605 -0.008644555 0.999934018 -0.007562209 0.714377105 0.273599148 0.009639077 0.961795568 7.821498871
0.967588425 0.006373819 -0.252451867 -75.595092773 -0.007992922 0.999953508 -0.005388502 0.701273859 0.252405822 0.007231680 0.967594445 8.435081482
0.972254753 0.009224105 -0.233742654 -75.749908447 -0.010176707 0.999944091 -0.002869659 0.694562078 0.233703092 0.005168770 0.972294271 9.051589966
0.975781500 0.013832116 -0.218309820 -75.893928528 -0.014513057 0.999893546 -0.001515855 0.690106869 0.218265608 0.004647486 0.975878298 9.686355591
0.978566587 0.017724508 -0.205166116 -76.027473450 -0.018043082 0.999837220 0.000318109 0.676890731 0.205138341 0.003390538 0.978727102 10.331671715
0.981271565 0.016283523 -0.191940114 -76.154411316 -0.016573023 0.999862731 0.000097166 0.666818142 0.191915333 0.003085683 0.981406629 10.995307922
0.983882606 0.016580690 -0.178045020 -76.275192261 -0.016922569 0.999856710 -0.000401622 0.657723725 0.178012833 0.003408128 0.984022260 11.675213814
0.986329377 0.016769748 -0.163930163 -76.385307312 -0.017039392 0.999854803 -0.000238757 0.657005489 0.163902357 0.003028764 0.986471891 12.379574776
0.988537788 0.018210804 -0.149871022 -76.490158081 -0.018446539 0.999829769 -0.000182780 0.655464232 0.149842203 0.002945286 0.988705516 13.089900017
0.990395844 0.018363900 -0.137035996 -76.588180542 -0.018897215 0.999818146 -0.002591755 0.639466166 0.136963472 0.005156463 0.990562618 13.805261612
0.991881549 0.018755516 -0.125774071 -76.687263489 -0.019858280 0.999774456 -0.007519607 0.622164309 0.125604674 0.009956216 0.992030323 14.543934822
0.993064523 0.018606389 -0.116088934 -76.774444580 -0.020355459 0.999696195 -0.013899217 0.603835285 0.115795046 0.016165862 0.993141472 15.280029297
0.993965924 0.017088378 -0.108349919 -76.865020752 -0.018712280 0.999727011 -0.013988535 0.592307329 0.108081296 0.015931603 0.994014382 16.059137344
0.994706988 0.018947380 -0.100990251 -76.953697205 -0.019835765 0.999772847 -0.007799751 0.576814651 0.100819521 0.009761689 0.994856834 16.824676514
0.995080888 0.023495717 -0.096239686 -77.032119751 -0.023572167 0.999722064 0.000342649 0.558836877 0.096220985 0.001927613 0.995358050 17.591947556
0.995446622 0.024089834 -0.092226721 -77.098968506 -0.023814725 0.999708056 0.004082479 0.544089079 0.092298143 -0.001867534 0.995729625 18.350309372
0.995820522 0.023150519 -0.088348798 -77.183242798 -0.022947654 0.999731123 0.003311305 0.530501902 0.088401698 -0.001270069 0.996084094 19.119661331
0.996113479 0.022236614 -0.085225798 -77.256599426 -0.022187900 0.999752641 0.001518883 0.528438449 0.085238479 0.000378002 0.996360481 19.894882202
0.996357977 0.022477485 -0.082252100 -77.329421997 -0.022171343 0.999743402 0.004633595 0.500214100 0.082335174 -0.002793079 0.996600747 20.685777664
0.996623337 0.020224148 -0.079577968 -77.390411377 -0.019731820 0.999780893 0.006968371 0.492108375 0.079701468 -0.005374623 0.996804237 21.456003189
0.996907651 0.018322192 -0.076414011 -77.450851440 -0.017689770 0.999803483 0.008944966 0.478372931 0.076562889 -0.007565560 0.997036099 22.221139908
0.997111440 0.017454639 -0.073917404 -77.501724243 -0.017116632 0.999839962 0.005203787 0.470800132 0.073996402 -0.003923540 0.997250795 22.976686478
0.997166216 0.020206204 -0.072465301 -77.566207886 -0.020399325 0.999790072 -0.001925841 0.456380069 0.072411187 0.003398627 0.997369111 23.734348297
0.997260571 0.020484757 -0.071074672 -77.619644165 -0.021217797 0.999729097 -0.009573936 0.445226103 0.070859291 0.011055757 0.997425079 24.472982407
0.997329116 0.021458967 -0.069813870 -77.678169250 -0.022472981 0.999652565 -0.013771589 0.429812431 0.069494106 0.015303735 0.997465014 25.233163834
0.997457266 0.023359168 -0.067330509 -77.739868164 -0.024245603 0.999629498 -0.012378301 0.410538614 0.067016408 0.013979299 0.997653961 25.995931625
0.997523069 0.026797164 -0.065034941 -77.797080994 -0.027394041 0.999590337 -0.008303292 0.389158517 0.064785793 0.010064297 0.997848451 26.745449066
0.997597277 0.029900387 -0.062494207 -77.859794617 -0.030150387 0.999540687 -0.003060971 0.371151805 0.062373973 0.004937841 0.998040617 27.519363403
0.997843623 0.027696243 -0.059504397 -77.912811279 -0.027845448 0.999610782 -0.001679566 0.359794199 0.059434716 0.003332870 0.998226583 28.280248642
0.997976363 0.024994299 -0.058466539 -77.959098816 -0.025123259 0.999683261 -0.001471573 0.341389030 0.058411241 0.002937465 0.998288333 29.042953491
0.998116136 0.022682091 -0.057005156 -78.005958557 -0.022791000 0.999739468 -0.001261060 0.323935807 0.056961697 0.002557889 0.998373091 29.796701431
0.998153269 0.022436380 -0.056449570 -78.046707153 -0.022647979 0.999738634 -0.003111446 0.308956534 0.056365002 0.004384168 0.998400509 30.544919968
0.998238862 0.020185031 -0.055781018 -78.089065552 -0.020467035 0.999780536 -0.004488864 0.296677023 0.055678163 0.005622632 0.998432875 31.302932739
0.998299122 0.018649606 -0.055235248 -78.130882263 -0.018932983 0.999810159 -0.004611558 0.284108818 0.055138748 0.005649482 0.998462677 32.060153961
0.998264074 0.023281960 -0.054098725 -78.187652588 -0.023497652 0.999718189 -0.003354294 0.267756134 0.054005384 0.004619665 0.998529971 32.838752747
0.998280227 0.022759518 -0.054022938 -78.232627869 -0.023015676 0.999726593 -0.004124171 0.253415495 0.053914297 0.005360453 0.998531163 33.611404419
0.998185515 0.022264961 -0.055944398 -78.274650574 -0.022531025 0.999737680 -0.004129567 0.237462461 0.055837765 0.005382559 0.998425305 34.385757446
0.998137891 0.019934759 -0.057647098 -78.326217651 -0.020187199 0.999789000 -0.003799945 0.224812180 0.057559185 0.004956603 0.998329759 35.172657013
0.997930348 0.021482786 -0.060607955 -78.389198303 -0.021750171 0.999756455 -0.003755368 0.210227609 0.060512509 0.005065829 0.998154581 35.977806091
0.997643292 0.025813855 -0.063571796 -78.443923950 -0.026107403 0.999651909 -0.003791029 0.190433413 0.063451804 0.005441788 0.997970104 36.752525330
0.997471392 0.026146352 -0.066083737 -78.508392334 -0.026776753 0.999603808 -0.008671599 0.174980402 0.065830827 0.010419180 0.997776449 37.548767090
0.997293591 0.026722753 -0.068492532 -78.573348999 -0.027607508 0.999546707 -0.012003542 0.159635812 0.068140723 0.013861964 0.997579455 38.335067749
0.997189879 0.026588770 -0.070038259 -78.646308899 -0.027601756 0.999527335 -0.013535313 0.142727837 0.069645263 0.015430458 0.997452557 39.134071350
0.997011006 0.027093392 -0.072353311 -78.711334229 -0.028050844 0.999531448 -0.012249652 0.123165295 0.071987540 0.014242609 0.997303784 39.962772369
0.996863186 0.025502771 -0.074922904 -78.770149231 -0.026456444 0.999580801 -0.011763729 0.104804814 0.074591495 0.013709022 0.997119904 40.787528992
0.996757865 0.025030345 -0.076467358 -78.835357666 -0.025889855 0.999612093 -0.010269457 0.088769414 0.076180644 0.012215892 0.997019172 41.611469269
0.996685088 0.024624310 -0.077540532 -78.909736633 -0.025180958 0.999663651 -0.006209114 0.070179723 0.077361554 0.008141075 0.996969938 42.438003540
0.996622801 0.024504827 -0.078375831 -78.982635498 -0.024680497 0.999694586 -0.001273324 0.051579308 0.078320712 0.003203378 0.996923029 43.315849304
0.996700406 0.024263645 -0.077457637 -79.053977966 -0.024264153 0.999705136 0.000934743 0.035944093 0.077457488 0.000947785 0.996995211 44.167987823
0.996764719 0.027420077 -0.075554118 -79.124099731 -0.027429167 0.999623299 0.000917588 0.022710016 0.075550824 0.001157767 0.997141302 45.021617889
0.996911883 0.026904598 -0.073774830 -79.193130493 -0.027003363 0.999635279 -0.000341421 0.013106612 0.073738731 0.002332535 0.997274756 45.886768341
0.997086346 0.024583990 -0.072210632 -79.255813599 -0.024839269 0.999688089 -0.002639219 -0.001020161 0.072123222 0.004425188 0.997385859 46.746036530
0.997277915 0.020533919 -0.070818260 -79.311363220 -0.020883957 0.999773026 -0.004205776 -0.017612511 0.070715830 0.005673293 0.997480333 47.617496490
0.997460186 0.019328972 -0.068552867 -79.381431580 -0.019681033 0.999796391 -0.004463901 -0.031047890 0.068452626 0.005801754 0.997637510 48.492206573
0.997555673 0.016970567 -0.067784622 -79.440307617 -0.017128864 0.999851763 -0.001754731 -0.049046602 0.067744799 0.002911515 0.997698486 49.368324280
0.997664928 0.014567265 -0.066726252 -79.499832153 -0.014565466 0.999893785 0.000513500 -0.061939273 0.066726640 0.000459597 0.997771263 50.237285614
0.997719765 0.013880361 -0.066050492 -79.558914185 -0.013854125 0.999903679 0.000855260 -0.080892473 0.066056013 0.000061762 0.997815847 51.130519867
0.997780204 0.015680678 -0.064721219 -79.621192932 -0.015877409 0.999870777 -0.002526442 -0.099003345 0.064673245 0.003548439 0.997900128 51.998035431
0.997789145 0.018166119 -0.063929297 -79.693695068 -0.018746579 0.999788284 -0.008491604 -0.112323575 0.063761503 0.009671286 0.997918248 52.865055084
0.997794747 0.019449577 -0.063460521 -79.743530273 -0.020372510 0.999695361 -0.013928831 -0.134273097 0.063170284 0.015190965 0.997887135 53.732692719
0.997746170 0.024048267 -0.062644586 -79.812065125 -0.025315911 0.999488890 -0.019520901 -0.164517999 0.062143113 0.021062808 0.997844994 54.588592529
0.997814775 0.024440231 -0.061386321 -79.873970032 -0.025711980 0.999469042 -0.020013316 -0.197512180 0.060864583 0.021547947 0.997913420 55.426548004
0.997910082 0.021298787 -0.061007079 -79.930046082 -0.022199839 0.999653757 -0.014130110 -0.220177412 0.060684983 0.015454928 0.998037279 56.278060913
0.997860670 0.020802716 -0.061978474 -79.981330872 -0.021165850 0.999762475 -0.005208221 -0.244018808 0.061855402 0.006508906 0.998063862 57.128479004
0.997801125 0.019724952 -0.063276760 -80.041343689 -0.019574137 0.999803901 0.003002488 -0.272574902 0.063323580 -0.001757294 0.997991502 57.979393005
0.997696519 0.017699631 -0.065486401 -80.098991394 -0.017717114 0.999843001 0.000313782 -0.284669429 0.065481663 0.000847172 0.997853339 58.817359924
0.997672081 0.013250259 -0.066896141 -80.163162231 -0.013486926 0.999904275 -0.003087414 -0.301687360 0.066848844 0.003982450 0.997755170 59.652881622
0.997512043 0.011676384 -0.069522455 -80.220779419 -0.012028005 0.999916911 -0.004641182 -0.319665819 0.069462486 0.005465852 0.997569621 60.481300354
0.997275710 0.013808558 -0.072460763 -80.289016724 -0.014322313 0.999875784 -0.006575328 -0.344400406 0.072360955 0.007595220 0.997349620 61.307140350
0.997018695 0.015686374 -0.075549103 -80.359619141 -0.016513206 0.999810159 -0.010332073 -0.360509157 0.075372696 0.011548827 0.997088552 62.125370026
0.996700048 0.016442860 -0.079490282 -80.435882568 -0.017560419 0.999756157 -0.013380513 -0.384325802 0.079250887 0.014732239 0.996745884 62.931911469
0.996419251 0.018376116 -0.082529284 -80.513183594 -0.019869238 0.999652743 -0.017307235 -0.411076635 0.082182586 0.018885059 0.996438384 63.736095428
0.996056139 0.022635903 -0.085790455 -80.592788696 -0.024192700 0.999560177 -0.017150315 -0.438830405 0.085364521 0.019158179 0.996165633 64.543525696
0.995655358 0.026556250 -0.089248933 -80.678550720 -0.028024849 0.999491036 -0.015242237 -0.461899370 0.088798732 0.017677203 0.995892763 65.342521667
0.995234251 0.029207530 -0.093036473 -80.766166687 -0.030250104 0.999494135 -0.009815295 -0.480199546 0.092702731 0.012582881 0.995614350 66.142974854
0.994856119 0.029323835 -0.096960552 -80.854202271 -0.029822761 0.999548376 -0.003700117 -0.509480953 0.096808277 0.006572717 0.995281339 66.958526611
0.994373918 0.029023767 -0.101872787 -80.941108704 -0.029188346 0.999573946 -0.000124957 -0.526332617 0.101825759 0.003097753 0.994797468 67.754112244
0.993710339 0.028656853 -0.108252168 -81.035652161 -0.028726637 0.999586821 0.000915076 -0.540889859 0.108233675 0.002200400 0.994123042 68.545249939
0.993126273 0.026042880 -0.114113621 -81.125610352 -0.025657298 0.999659002 0.004846630 -0.555292964 0.114200927 -0.001885468 0.993455827 69.324958801
0.992309630 0.026804201 -0.120843388 -81.224761963 -0.026485372 0.999640167 0.004244068 -0.566123247 0.120913655 -0.001010848 0.992662549 70.105514526
0.991473675 0.031414818 -0.126463518 -81.346160889 -0.031176163 0.999506474 0.003866460 -0.581585288 0.126522556 0.000109154 0.991963804 70.876594543
0.990614831 0.032590911 -0.132740080 -81.454505920 -0.032880284 0.999459326 0.000011999 -0.591069639 0.132668689 0.004352645 0.991150975 71.641754150
0.989834309 0.031933445 -0.138593957 -81.563667297 -0.032630343 0.999463737 -0.002758532 -0.605718374 0.138431519 0.007252858 0.990345478 72.385696411
0.988996387 0.033260208 -0.144152477 -81.681556702 -0.034152802 0.999409795 -0.003721274 -0.622523427 0.143943593 0.008603537 0.989548504 73.152824402
0.988250494 0.035174169 -0.148740381 -81.807151794 -0.035425607 0.999371886 0.000959350 -0.628295541 0.148680687 0.004321140 0.988875866 73.922729492
0.987349749 0.035477027 -0.154538199 -81.936820984 -0.035080686 0.999370456 0.005291868 -0.641541123 0.154628649 0.000196381 0.987972677 74.683898926
0.986346066 0.035028756 -0.160917327 -82.065170288 -0.034223806 0.999384046 0.007772056 -0.660356760 0.161090419 -0.002158734 0.986937404 75.443672180
0.985246181 0.032730486 -0.167984143 -82.199035645 -0.032535184 0.999462962 0.003915495 -0.668862700 0.168022051 0.001607668 0.985781968 76.191612244
0.983850658 0.029899469 -0.176476076 -82.342178345 -0.030994063 0.999513566 -0.003448658 -0.675150990 0.176287115 0.008862675 0.984298885 76.939292908
0.982236803 0.027393628 -0.185634822 -82.480010986 -0.028807897 0.999572873 -0.004925012 -0.690371573 0.185420588 0.010185278 0.982606411 77.664939880
0.980250418 0.026728336 -0.195945770 -82.640640259 -0.027649878 0.999615788 -0.001968600 -0.703329504 0.195817858 0.007347598 0.980612755 78.406181335
0.977969229 0.026953446 -0.207001373 -82.804420471 -0.026661512 0.999635696 0.004200386 -0.713234425 0.207039177 0.001411123 0.978331566 79.145668030
0.975346208 0.028341958 -0.218852669 -82.986503601 -0.026466308 0.999583602 0.011497877 -0.716019273 0.219087392 -0.005422186 0.975690067 79.881591797
0.972732127 0.029525591 -0.230044320 -83.157875061 -0.026650760 0.999523044 0.015594645 -0.729985297 0.230395034 -0.009038557 0.973055184 80.591934204
0.969776630 0.032667585 -0.241797715 -83.349327087 -0.030900618 0.999460757 0.011097200 -0.738530755 0.242029876 -0.003290106 0.970263183 81.302497864
0.966818690 0.032708772 -0.253361106 -83.556159973 -0.033295546 0.999443591 0.001972740 -0.745231330 0.253284693 0.006528514 0.967369735 82.005195618
0.963575602 0.030324602 -0.265711188 -83.762931824 -0.032206278 0.999477506 -0.002726367 -0.748421967 0.265489697 0.011184630 0.964048803 82.715888977
0.960247934 0.029341014 -0.277602643 -83.977821350 -0.029919013 0.999549985 0.002154676 -0.756401062 0.277540922 0.006236576 0.960693598 83.434066772
0.956832647 0.029734343 -0.289114475 -84.196426392 -0.028164849 0.999557316 0.009588376 -0.765853286 0.289271563 -0.001031605 0.957246482 84.149261475
0.953223526 0.029718883 -0.300801843 -84.435935974 -0.026475852 0.999539137 0.014852912 -0.770871997 0.301104546 -0.006194160 0.953570962 84.864295959
0.949142158 0.027402606 -0.313653231 -84.674575806 -0.024474245 0.999612391 0.013270855 -0.777451932 0.313895315 -0.004919500 0.949444830 85.570137024
0.945293367 0.025068164 -0.325256914 -84.919113159 -0.023391724 0.999685347 0.009064328 -0.783024251 0.325381786 -0.000960128 0.945582211 86.266120911
0.942562222 0.021213841 -0.333356351 -85.193847656 -0.021690093 0.999762058 0.002293433 -0.792334378 0.333325684 0.005068827 0.942798138 86.943893433
0.939548731 0.017007180 -0.341992468 -85.440483093 -0.019387381 0.999805748 -0.003542527 -0.804975688 0.341865778 0.009958714 0.939695954 87.673843384
0.936900854 0.016734324 -0.349194378 -85.710975647 -0.019871384 0.999787927 -0.005403128 -0.815764248 0.349029928 0.012001171 0.937034726 88.380096436
0.933902919 0.022230165 -0.356834590 -86.001907349 -0.025834920 0.999652028 -0.005338283 -0.833941758 0.356591731 0.014204234 0.934152246 89.083930969
0.930818737 0.022630898 -0.364779681 -86.282875061 -0.025530674 0.999669254 -0.003127975 -0.848902166 0.364588261 0.012224649 0.931088507 89.784431458
0.927750528 0.023331728 -0.372470915 -86.574485779 -0.023623630 0.999713778 0.003780739 -0.856817782 0.372452468 0.005291533 0.928036153 90.493553162
0.924979091 0.025016284 -0.379193693 -86.865989685 -0.022127710 0.999683440 0.011974607 -0.861995101 0.379373163 -0.002685574 0.925239801 91.202964783
0.922417283 0.035212789 -0.384586066 -87.187156677 -0.030228531 0.999362469 0.018999698 -0.873643279 0.385009855 -0.005900178 0.922893584 91.906112671
0.919669807 0.042027399 -0.390437305 -87.503807068 -0.038859989 0.999116302 0.016012585 -0.876711071 0.390765280 0.000446097 0.920490146 92.600372314
0.917319775 0.038867291 -0.396249622 -87.797981262 -0.038509425 0.999218881 0.008861790 -0.884039700 0.396284550 0.007130248 0.918100059 93.267471313
0.915390015 0.030261304 -0.401429087 -88.100769043 -0.032727554 0.999464035 0.000713967 -0.878513455 0.401235580 0.012484235 0.915889800 93.978668213
0.913790762 0.030480495 -0.405039966 -88.419563293 -0.033411868 0.999441624 -0.000167835 -0.880569041 0.404808730 0.013686509 0.914298952 94.672447205
0.911621451 0.036667567 -0.409392297 -88.755767822 -0.037799608 0.999271095 0.005329649 -0.892273426 0.409289330 0.010616245 0.912342906 95.371437073
0.909130871 0.039653715 -0.414618731 -89.082099915 -0.038967554 0.999189198 0.010117647 -0.903579950 0.414683789 0.006958411 0.909938991 96.065643311
0.906850517 0.035719782 -0.419936210 -89.395294189 -0.035648197 0.999332190 0.008021089 -0.916193604 0.419942260 0.007696040 0.907518208 96.747612000
0.904726028 0.035091337 -0.424546123 -89.748069763 -0.038008392 0.999276042 0.001598783 -0.920375168 0.424294919 0.014689856 0.905404866 97.456443787
0.902602494 0.032426573 -0.429251939 -90.087265015 -0.038207754 0.999257863 -0.004854724 -0.929372787 0.428776056 0.020782640 0.903171778 98.147811890
