1.000000000 0.000000000 0.000000000 0.000000000 0.000000000 1.000000000 0.000000000 0.000000000 0.000000000 0.000000000 1.000000000 0.000000000
0.999978960 0.000407606 -0.006474666 -0.008146356 -0.000405020 0.999999821 0.000400680 -0.001982749 0.006474828 -0.000398049 0.999978960 0.091506720
0.999907196 0.000948605 -0.013588415 -0.016339753 -0.000946392 0.999999523 0.000169280 -0.001791853 0.013588569 -0.000156405 0.999907672 0.188634872
0.999772549 0.001390209 -0.021281546 -0.026115812 -0.001402506 0.999998868 -0.000562899 -0.002152208 0.021280739 0.000592619 0.999773383 0.285389066
0.999541759 0.001689675 -0.030222779 -0.042922247 -0.001750163 0.999996543 -0.001975055 -0.002054489 0.030219337 0.002027045 0.999541223 0.390716165
0.999125183 0.001926514 -0.041774839 -0.058890961 -0.002071765 0.999991953 -0.003433984 -0.004825358 0.041767888 0.003517527 0.999121130 0.501278400
0.998479009 0.001734532 -0.055106115 -0.084236398 -0.001960039 0.999989927 -0.004038439 -0.007949458 0.055098552 0.004140306 0.998472333 0.626076996
0.997427821 0.001823269 -0.071655251 -0.108530618 -0.002145960 0.999987900 -0.004426650 -0.004251470 0.071646310 0.004569033 0.997419655 0.761388481
0.995905042 0.000203524 -0.090405039 -0.134639800 -0.000583729 0.999991119 -0.004179153 -0.009276293 0.090403385 0.004214811 0.995896339 0.917149305
0.993913233 -0.000746373 -0.110163167 -0.176199690 0.000266436 0.999990404 -0.004371258 -0.012594094 0.110165372 0.004315300 0.993903875 1.075305223
0.991228223 -0.001145904 -0.132156432 -0.224448666 0.000529075 0.999988794 -0.004702433 -0.015870616 0.132160336 0.004591264 0.991217732 1.236628413
0.987732291 0.002877156 -0.156129733 -0.275632083 -0.003861439 0.999974489 -0.006001330 -0.018574363 0.156108499 0.006530595 0.987718284 1.395622730
0.983368695 0.006954550 -0.181487262 -0.341909051 -0.008452207 0.999936283 -0.007480022 -0.023619918 0.181423694 0.008889587 0.983364820 1.570590496
0.977998614 0.010049351 -0.208369315 -0.415593535 -0.012076316 0.999891281 -0.008457875 -0.027637117 0.208261669 0.010788123 0.978013635 1.751834393
0.971284568 0.010478548 -0.237690181 -0.494371653 -0.012922280 0.999878347 -0.008725379 -0.029199550 0.237569869 0.011546324 0.971301794 1.939015627
0.963236928 0.012524108 -0.268361449 -0.581675291 -0.015270904 0.999850094 -0.008150443 -0.033690870 0.268219203 0.011948928 0.963283777 2.130552053
0.953765690 0.014303872 -0.300210625 -0.680346370 -0.017299680 0.999823391 -0.007323163 -0.033873022 0.300052881 0.012178128 0.953844786 2.322853088
0.942506850 0.016514240 -0.333778173 -0.767773986 -0.019605523 0.999790370 -0.005894823 -0.040818784 0.333610862 0.012099808 0.942633152 2.492314816
0.929987073 0.018722758 -0.367115110 -0.876045346 -0.022171069 0.999740720 -0.005177955 -0.045619644 0.366922975 0.012954767 0.930161119 2.676604748
0.916068196 0.021544386 -0.400443405 -0.995531797 -0.025576802 0.999661565 -0.004727236 -0.043931134 0.400206089 0.014572532 0.916309357 2.859138489
0.900009871 0.021999223 -0.435314000 -1.115801811 -0.026370222 0.999644101 -0.004001861 -0.044289645 0.435071081 0.015081040 0.900269806 3.038557053
0.881537557 0.017309282 -0.471796393 -1.239249110 -0.022131758 0.999744177 -0.004673891 -0.043662772 0.471594810 0.014561896 0.881695151 3.218032360
0.860552132 0.012784224 -0.509202003 -1.380533814 -0.017754627 0.999830306 -0.004903213 -0.049666572 0.509052932 0.013260159 0.860633075 3.391038179
0.835409105 0.014370380 -0.549440861 -1.538549423 -0.018344427 0.999830127 -0.001742066 -0.052947540 0.549322426 0.011534515 0.835530818 3.571295261
0.806253016 0.019826388 -0.591238618 -1.718691587 -0.022876818 0.999735475 0.002328404 -0.059800290 0.591128469 0.011648376 0.806493342 3.737863541
0.773827314 0.022995757 -0.632979155 -1.921136498 -0.026310707 0.999645174 0.004151249 -0.062017761 0.632849991 0.013441779 0.774157703 3.910440922
0.737895906 0.022109866 -0.674552262 -2.132499695 -0.025406249 0.999664962 0.004974093 -0.064850427 0.674436212 0.013467481 0.738210261 4.077667236
0.697848558 0.017770162 -0.716024816 -2.349062920 -0.019472690 0.999793291 0.005834299 -0.061907161 0.715980530 0.009871470 0.698050499 4.245679855
0.654962063 0.013869177 -0.755534410 -2.588520765 -0.014054712 0.999882221 0.006170783 -0.058564134 0.755530953 0.006577189 0.655079842 4.408887863
0.611039817 0.013498570 -0.791484773 -2.848020077 -0.011389306 0.999900997 0.008260318 -0.059419360 0.791517913 0.003967080 0.611133099 4.542959690
0.562626362 0.014112539 -0.826590836 -3.127280712 -0.008935611 0.999899626 0.010989372 -0.057510603 0.826662958 0.001203183 0.562696040 4.684527397
0.511956155 0.014694420 -0.858885825 -3.423425198 -0.007321281 0.999891996 0.012742854 -0.052474417 0.858980358 -0.000235638 0.512008429 4.803768158
0.459628314 0.015771894 -0.887971282 -3.728107929 -0.006881475 0.999875546 0.014197540 -0.042824440 0.888084769 -0.000415037 0.459679633 4.902116776
0.404956937 0.017995309 -0.914158583 -4.061422348 -0.005540465 0.999836266 0.017227547 -0.041002974 0.914319038 -0.001911551 0.404990256 4.999817848
0.349385232 0.019880701 -0.936768234 -4.415030479 -0.005380485 0.999800980 0.019211667 -0.033525966 0.936963797 -0.001672005 0.349422634 5.085332870
0.294062674 0.023130929 -0.955506206 -4.791608810 -0.002965171 0.999724388 0.023288812 -0.029747918 0.955781579 -0.004015130 0.294050187 5.158258438
0.240518689 0.024784530 -0.970328152 -5.139116764 0.001757750 0.999661207 0.025969470 -0.031614065 0.970642865 -0.007951737 0.240393654 5.215013981
0.189640746 0.025191545 -0.981530309 -5.527968407 0.004082815 0.999641955 0.026445227 -0.027101710 0.981845081 -0.009022497 0.189470008 5.249724388
0.141947329 0.026212104 -0.989527047 -5.943646431 0.001359144 0.999643266 0.026675040 -0.018694863 0.989873230 -0.005131361 0.141861051 5.270798683
0.099680558 0.026614659 -0.994663417 -6.366583824 -0.000696739 0.999643862 0.026678091 -0.009222567 0.995019317 -0.001966266 0.099663615 5.270300865
0.061851472 0.025194507 -0.997767389 -6.813464642 -0.001762193 0.999682546 0.025133627 -0.003307924 0.998083830 0.000203706 0.061876252 5.258483887
0.027211525 0.022346489 -0.999379814 -7.281366825 0.000503816 0.999749660 0.022368472 0.001885891 0.999629498 -0.001112184 0.027193459 5.259954929
-0.003987363 0.019689472 -0.999798238 -7.756030560 0.000764048 0.999805868 0.019686580 0.005981848 0.999991715 -0.000685396 -0.004001629 5.230821133
-0.030679274 0.017895751 -0.999369144 -8.248091698 0.000260218 0.999839842 0.017896192 0.011613786 0.999529183 0.000288988 -0.030679014 5.191841602
-0.051192306 0.015443314 -0.998569429 -8.756214142 -0.000704708 0.999879599 0.015499707 0.022225089 0.998688579 0.001497166 -0.051175259 5.143912792
-0.067852393 0.014533153 -0.997589529 -9.272669792 0.000299896 0.999894083 0.014546331 0.034327522 0.997695327 0.000687830 -0.067849569 5.104995728
-0.080891207 0.014858610 -0.996612132 -9.810953140 0.000617286 0.999889433 0.014857368 0.042648293 0.996722698 0.000586636 -0.080891430 5.050057411
-0.090355746 0.016291052 -0.995776296 -10.366972923 0.000720600 0.999867082 0.016292587 0.045120552 0.995909274 0.000754573 -0.090355456 4.990304470
-0.097336069 0.017548144 -0.995096862 -10.937337875 -0.001162791 0.999841869 0.017745562 0.043120861 0.995250881 0.002884373 -0.097300269 4.928873062
-0.101796106 0.018578980 -0.994631767 -11.529111862 -0.000931724 0.999823272 0.018771313 0.049429581 0.994804800 0.002837569 -0.101760805 4.860925198
-0.103223823 0.019166306 -0.994473457 -12.137166977 0.001019212 0.999815822 0.019163478 0.060492069 0.994657576 0.000964548 -0.103224352 4.795496941
-0.102475509 0.021495810 -0.994503260 -12.752367973 0.002965890 0.999768674 0.021304009 0.065459430 0.994731069 -0.000766448 -0.102515571 4.738301754
-0.100638017 0.023783106 -0.994638801 -13.415991783 0.002022894 0.999717057 0.023699854 0.074689418 0.994921029 0.000373058 -0.100657657 4.661115646
-0.099013455 0.023893870 -0.994799137 -14.069499016 -0.000155706 0.999711335 0.024027351 0.080103576 0.995086014 0.002533927 -0.098981157 4.591876030
-0.097335584 0.021498155 -0.995019436 -14.732456207 -0.001390639 0.999762714 0.021736678 0.090279117 0.995250642 0.003499465 -0.097282588 4.523202896
-0.095939733 0.021096477 -0.995163500 -15.414259911 -0.002327892 0.999767840 0.021418506 0.101425067 0.995384395 0.004371518 -0.095868371 4.451913357
-0.094324976 0.023716200 -0.995258927 -16.111953735 -0.001908485 0.999710083 0.024003146 0.113780677 0.995539606 0.004163533 -0.094252355 4.385354519
-0.092455089 0.027442764 -0.995338619 -16.832696915 -0.003081974 0.999607384 0.027846742 0.121562988 0.995712101 0.005642179 -0.092334211 4.314949989
-0.090625130 0.029200081 -0.995456934 -17.562406540 -0.003067719 0.999557137 0.029599637 0.135000616 0.995880425 0.005736253 -0.090495415 4.242434025
-0.088972688 0.028556963 -0.995624602 -18.301023483 -0.005064689 0.999563038 0.029122524 0.149474174 0.996021271 0.007633638 -0.088789172 4.169518471
-0.086906493 0.025636589 -0.995886564 -19.055789948 -0.007609529 0.999622583 0.026396811 0.158243030 0.996187389 0.009872282 -0.086678647 4.093674183
-0.085305072 0.025029801 -0.996040404 -19.830801010 -0.008517568 0.999629498 0.025849471 0.173331857 0.996318460 0.010688933 -0.085060291 4.019724369
-0.083986551 0.027226867 -0.996094882 -20.610204697 -0.006037024 0.999594390 0.027831540 0.188904643 0.996448517 0.008350923 -0.083788112 3.953355789
-0.082931988 0.029556092 -0.996116757 -21.408592224 -0.003776829 0.999543667 0.029972207 0.198165476 0.996547997 0.006247820 -0.082782514 3.888165951
-0.081187896 0.031206623 -0.996210158 -22.200222015 -0.003267654 0.999495983 0.031575855 0.212905884 0.996693432 0.005818849 -0.081045009 3.808963299
-0.080731586 0.026488556 -0.996383846 -22.993612289 -0.003259259 0.999634445 0.026839053 0.221759647 0.996730447 0.005414233 -0.080615737 3.753861666
-0.080318496 0.019765431 -0.996573210 -23.801942825 -0.002012175 0.999798119 0.019991556 0.228773490 0.996767104 0.003610972 -0.080262519 3.685058594
-0.080607481 0.015152813 -0.996630728 -24.623947144 0.001450927 0.999885201 0.015084943 0.239703089 0.996744871 -0.000230080 -0.080620222 3.622027397
-0.081281893 0.015739694 -0.996566832 -25.457677841 0.002651706 0.999875188 0.015575666 0.251049131 0.996687591 -0.001376583 -0.081313498 3.553012371
-0.081215777 0.023526363 -0.996418834 -26.306840897 0.001667222 0.999723196 0.023468489 0.251068324 0.996695101 0.000244760 -0.081232540 3.475168467
-0.081550002 0.030344073 -0.996207237 -27.142829895 0.000183627 0.999536872 0.030430458 0.260868847 0.996669233 0.002298674 -0.081517823 3.407458544
-0.082070857 0.035714529 -0.995986402 -27.987257004 -0.001793212 0.999350786 0.035982940 0.271992266 0.996624887 0.004739166 -0.081953533 3.333262920
-0.082320832 0.036572933 -0.995934546 -28.829282761 -0.003459296 0.999309897 0.036982816 0.276941657 0.996599913 0.006489689 -0.082137510 3.253176928
-0.082518995 0.032563291 -0.996057332 -29.664184570 -0.003505861 0.999450326 0.032964654 0.295732558 0.996583283 0.006212249 -0.082359485 3.179665327
-0.082754873 0.029579250 -0.996130884 -30.502021790 -0.003342270 0.999545574 0.029958306 0.315798759 0.996564329 0.005808535 -0.082618393 3.100072145
-0.082711652 0.031128425 -0.996087313 -31.331270218 -0.005028043 0.999486268 0.031652160 0.327447772 0.996560872 0.007626372 -0.082512647 3.024301767
-0.082838766 0.033613909 -0.995995939 -32.172348022 -0.005804055 0.999397695 0.034211457 0.336343527 0.996546149 0.008614849 -0.082593776 2.954514027
-0.082539462 0.032099884 -0.996070862 -33.002574921 -0.007063646 0.999437094 0.032793716 0.343480825 0.996562779 0.009742667 -0.082266279 2.874161959
-0.082343176 0.026888112 -0.996241331 -33.827247620 -0.007623224 0.999589682 0.027608581 0.355292618 0.996574938 0.009867949 -0.082104422 2.804787159
-0.081972323 0.022635246 -0.996377587 -34.663177490 -0.009206794 0.999682188 0.023467774 0.367430001 0.996592104 0.011097150 -0.081737883 2.723946810
-0.081431665 0.023491537 -0.996402025 -35.490047455 -0.009001622 0.999664068 0.024304109 0.371747881 0.996638238 0.010948361 -0.081192844 2.655614853
-0.080830634 0.026008783 -0.996388435 -36.319030762 -0.007681370 0.999613523 0.026716111 0.377502859 0.996698260 0.009813107 -0.080599613 2.585325718
-0.080313079 0.031023461 -0.996286809 -37.168216705 -0.007501851 0.999468386 0.031727277 0.386794686 0.996741474 0.010022110 -0.080037661 2.508272171
-0.079912350 0.036416851 -0.996136367 -38.006729126 -0.006950892 0.999287784 0.037089672 0.404997170 0.996777654 0.009887960 -0.079602316 2.441195965
-0.079901665 0.039613124 -0.996015310 -38.842964172 -0.007074585 0.999162316 0.040305823 0.418671131 0.996777534 0.010266899 -0.079554498 2.367183447
-0.079573810 0.039638709 -0.996040523 -39.673717499 -0.006579005 0.999166369 0.040288698 0.435938239 0.996807218 0.009758882 -0.079246692 2.296968937
-0.079574510 0.035218433 -0.996206582 -40.497566223 -0.006870927 0.999332547 0.035877779 0.454560041 0.996805131 0.009699821 -0.079279400 2.228609085
-0.079005741 0.031032760 -0.996390939 -41.329593658 -0.007867962 0.999464750 0.031752359 0.466621220 0.996843040 0.010348186 -0.078719303 2.148863792
-0.078743890 0.028486472 -0.996487796 -42.152511597 -0.012242868 0.999488592 0.029539704 0.476043940 0.996819615 0.014525940 -0.078354888 2.068863869
-0.079208896 0.026501518 -0.996505678 -42.972583771 -0.015493260 0.999493122 0.027812472 0.487414777 0.996737659 0.017642112 -0.078758128 1.998524666
-0.079944551 0.024432106 -0.996499836 -43.791301727 -0.013325082 0.999584138 0.025576735 0.496818006 0.996710360 0.015323160 -0.079585724 1.929911852
-0.080995694 0.020905089 -0.996495187 -44.618625641 -0.010416619 0.999707639 0.021819148 0.496884078 0.996660054 0.012147367 -0.080754258 1.861342192
-0.081814580 0.019496605 -0.996456861 -45.436313629 -0.005543203 0.999784291 0.020016836 0.508460760 0.996632218 0.007161231 -0.081688851 1.795655012
-0.083579816 0.022825506 -0.996239603 -46.250820160 -0.005321861 0.999713242 0.023351569 0.515129149 0.996486843 0.007253568 -0.083434358 1.719925642
-0.085131779 0.029066626 -0.995945573 -47.085777283 -0.003706506 0.999558330 0.029488884 0.516321480 0.996362925 0.006201918 -0.084986411 1.640496254
-0.087093152 0.033057280 -0.995651543 -47.899150848 -0.001470710 0.999443948 0.033311851 0.521572709 0.996199071 0.004365548 -0.086996123 1.581533909
-0.088619389 0.032282013 -0.995542288 -48.709682465 -0.001487325 0.999469280 0.032541752 0.529899836 0.996064425 0.004364525 -0.088524349 1.505782127
-0.089699410 0.028102018 -0.995572329 -49.504173279 -0.004812565 0.999577940 0.028648689 0.540815234 0.995957255 0.007361028 -0.089526325 1.424601078
-0.090685703 0.024464127 -0.995579004 -50.294425964 -0.009879170 0.999626935 0.025463473 0.545520246 0.995830595 0.012144667 -0.090410188 1.334661961
-0.092279218 0.023317475 -0.995460153 -51.080059052 -0.014046221 0.999595881 0.024716439 0.550318718 0.995634079 0.016263265 -0.091914400 1.251787663
-0.092936769 0.024211837 -0.995377541 -51.867664337 -0.015723204 0.999543965 0.025781227 0.556712151 0.995547831 0.018046552 -0.092513688 1.169543743
-0.093983568 0.025834668 -0.995238483 -52.655231476 -0.015713178 0.999500155 0.027429143 0.562495708 0.995449722 0.018216247 -0.093530655 1.090866566
-0.094872966 0.025295194 -0.995167971 -53.437919617 -0.017534759 0.999479592 0.027076440 0.568287849 0.995334864 0.020018855 -0.094380051 1.008068562
-0.095367193 0.025124421 -0.995124996 -54.215950012 -0.018248433 0.999469280 0.026982930 0.575381160 0.995274901 0.020732757 -0.094858088 0.925919533
-0.096004002 0.027056174 -0.995013177 -54.990997314 -0.016599637 0.999448001 0.028778382 0.581722021 0.995242476 0.019279698 -0.095501862 0.850286484
-0.096129030 0.029741792 -0.994924486 -55.760547638 -0.015984526 0.999378443 0.031419359 0.593158722 0.995240450 0.018923711 -0.095593877 0.774189949
-0.096565239 0.034135446 -0.994741142 -56.537750244 -0.015779339 0.999233782 0.035821404 0.599822044 0.995201468 0.019155459 -0.095952578 0.696116447
-0.097181462 0.036195707 -0.994608283 -57.298995972 -0.016049465 0.999151587 0.037929215 0.612458110 0.995137215 0.019648943 -0.096518077 0.619510174
-0.097835459 0.036215510 -0.994543433 -58.052589417 -0.015405528 0.999162972 0.037899200 0.622593522 0.995083332 0.019029357 -0.097195655 0.543265820
-0.098133832 0.034500595 -0.994574964 -58.792732239 -0.015009595 0.999233961 0.036143191 0.628539681 0.995060086 0.018475039 -0.097540811 0.468727112
-0.098170236 0.030671876 -0.994696856 -59.520030975 -0.014411053 0.999376297 0.032238450 0.644114375 0.995065331 0.017499488 -0.097667001 0.392988682
-0.097882420 0.027734848 -0.994811475 -60.257011414 -0.014677190 0.999462664 0.029308651 0.653114557 0.995089710 0.017469838 -0.097422756 0.309083939
-0.096756138 0.025372665 -0.994984627 -60.963954926 -0.015184265 0.999521017 0.026964925 0.661939383 0.995192289 0.017717129 -0.096324526 0.238479137
-0.094297081 0.024697026 -0.995237827 -61.656692505 -0.018135550 0.999483764 0.026520699 0.664167166 0.995378852 0.020550009 -0.093800522 0.164602280
-0.089758761 0.025481692 -0.995637476 -62.352783203 -0.018069837 0.999466479 0.027208718 0.670547128 0.995799661 0.020433227 -0.089250423 0.091478825
-0.084127828 0.027478421 -0.996075988 -62.997951508 -0.017728919 0.999420166 0.029068045 0.668086171 0.996297181 0.020104783 -0.083591893 0.042447567
-0.077116095 0.028855180 -0.996604502 -63.657142639 -0.016607357 0.999405265 0.030221323 0.677212954 0.996883750 0.018881518 -0.076591022 -0.006192684
-0.068189807 0.030002194 -0.997221231 -64.294502258 -0.017853098 0.999351025 0.031287055 0.682390690 0.997512579 0.019936945 -0.067609929 -0.051114559
-0.056297850 0.031855736 -0.997905731 -64.918144226 -0.019734908 0.999260128 0.033012342 0.688557386 0.998218894 0.021552103 -0.055627521 -0.090598822
-0.041452192 0.033310924 -0.998585045 -65.521797180 -0.022710126 0.999154389 0.034272637 0.695595026 0.998882294 0.024098670 -0.040660646 -0.115934849
-0.023119245 0.034593482 -0.999134064 -66.116073608 -0.023891849 0.999096632 0.035145026 0.703469396 0.999447167 0.024683692 -0.022271872 -0.124262571
-0.001061155 0.035484504 -0.999369681 -66.659057617 -0.025166100 0.999052763 0.035499983 0.708545685 0.999682724 0.025187908 -0.000167143 -0.114458352
0.024722045 0.035949342 -0.999047816 -67.205345154 -0.024571158 0.999073088 0.035342231 0.713467002 0.999392390 0.023674030 0.025582448 -0.089008689
0.054034166 0.035438836 -0.997910023 -67.723968506 -0.023206588 0.999144673 0.034226112 0.721506953 0.998269379 0.021308709 0.054810368 -0.041015863
0.088087551 0.035248879 -0.995488882 -68.229393005 -0.021672795 0.999204934 0.033462703 0.727828145 0.995876908 0.018627375 0.088781454 0.027852058
0.125518486 0.035291720 -0.991463423 -68.703948975 -0.021334391 0.999231994 0.032867339 0.735318542 0.991861880 0.017026808 0.126175031 0.116638184
0.167065307 0.035443410 -0.985308588 -69.149055481 -0.021567449 0.999245942 0.032287866 0.736480355 0.985709965 0.015856409 0.167703748 0.199202538
0.212270886 0.036943864 -0.976512313 -69.545463562 -0.020344716 0.999235690 0.033381075 0.727348924 0.976999104 0.012781033 0.212860227 0.303343773
0.261224031 0.035496522 -0.964625359 -69.987380981 -0.016954944 0.999338150 0.032182436 0.730574846 0.965129435 0.007948340 0.261652976 0.447851181
0.310862362 0.030460887 -0.949966669 -70.393615723 -0.009531923 0.999535978 0.028931156 0.730915427 0.950407267 0.000061398 0.311008483 0.633100510
0.362181067 0.025057431 -0.931770921 -70.792304993 -0.004048012 0.999671400 0.025309965 0.734338522 0.932098985 -0.005394974 0.362163544 0.829061508
0.413307905 0.020320576 -0.910364628 -71.162872314 0.001617717 0.999732912 0.023049854 0.734394372 0.910589933 -0.010999403 0.413164735 1.057455063
0.464595675 0.020242879 -0.885291576 -71.545059204 0.000969931 0.999726415 0.023368537 0.737942159 0.885522485 -0.011715598 0.464448929 1.289220810
0.513425589 0.018907897 -0.857925773 -71.902526855 0.001751832 0.999732077 0.023081558 0.749525249 0.858132362 -0.013353605 0.513254821 1.529514313
0.558820426 0.014261574 -0.829166114 -72.254806519 0.009645013 0.999672651 0.023694575 0.758102179 0.829232693 -0.021238327 0.558499932 1.812679291
0.602456212 0.007418262 -0.798117459 -72.573242188 0.020243032 0.999493182 0.024570370 0.761990786 0.797895253 -0.030958885 0.602000713 2.120063782
0.644757032 0.001994586 -0.764385045 -72.884902954 0.022031937 0.999532640 0.021192068 0.767863393 0.764070034 -0.030504614 0.644411802 2.434535980
0.685724258 -0.002595469 -0.727856755 -73.176399231 0.019647516 0.999695301 0.014945387 0.765478492 0.727596164 -0.024548996 0.685566306 2.756736755
0.726563156 -0.007819007 -0.687055111 -73.438789368 0.014675361 0.999883771 0.004140103 0.758255005 0.686942816 -0.013090830 0.726593494 3.070121765
0.765710831 -0.010468526 -0.643099725 -73.710525513 0.010046565 0.999940217 -0.004315251 0.762008846 0.643106401 -0.003156709 0.765770257 3.438674927
0.802828074 -0.011360358 -0.596102417 -73.971099854 0.008581102 0.999935031 -0.007499503 0.763891816 0.596148849 0.000905594 0.802873373 3.833778381
0.836679459 -0.012935128 -0.547540069 -74.219894409 0.009440491 0.999913096 -0.009196302 0.761034191 0.547611475 0.002525309 0.836728871 4.268199921
0.867367923 -0.011190869 -0.497541517 -74.459495544 0.006448844 0.999915898 -0.011248119 0.750101566 0.497625619 0.006547692 0.867367208 4.719783783
0.893231630 -0.009727608 -0.449491680 -74.668457031 0.005936856 0.999933839 -0.009842182 0.738214374 0.449557751 0.006122779 0.893230319 5.196952820
0.914153278 -0.003848288 -0.405350447 -74.858505249 0.000336002 0.999961674 -0.008735612 0.726738632 0.405368567 0.007849490 0.914119601 5.694234848
0.931555390 0.000686444 -0.363598943 -75.043640137 -0.004774942 0.999934912 -0.010345805 0.719268739 0.363568187 0.011373853 0.931498170 6.209983826
0.945014000 0.006094262 -0.326973170 -75.230445862 -0.009540960 0.999914467 -0.008938344 0.711056530 0.326890796 0.011566500 0.944991350 6.742359161
0.954899132 0.006675666 -0.296855450 -75.385971069 -0.009176633 0.999933124 -0.007032176 0.699378014 0.296788663 0.009439153 0.954896569 7.309122086
0.962101221 0.005827671 -0.272630364 -75.536994934 -0.007637350 0.999955356 -0.005577131 0.689477623 0.272585660 0.007447940 0.962102652 7.893545151
0.967907012 0.006235765 -0.251231194 -75.689636230 -0.007349034 0.999966919 -0.003493294 0.678976059 0.251201034 0.005227493 0.967920840 8.504629135
0.972419262 0.009112565 -0.233061627 -75.833641052 -0.009622104 0.999953270 -0.001049433 0.676143467 0.233041123 0.003263032 0.972461343 9.118103027
0.975967646 0.013740691 -0.217481568 -75.979141235 -0.014003507 0.999901831 0.000332778 0.671933472 0.217464805 0.002720724 0.976064384 9.752663612
0.978719473 0.017367514 -0.204466224 -76.110816956 -0.017336505 0.999847889 0.001943096 0.663199604 0.204468876 0.001642984 0.978871703 10.399497986
0.981419444 0.016007716 -0.191205680 -76.237777710 -0.015955403 0.999870956 0.001813279 0.653755367 0.191210091 0.001271177 0.981548369 11.063372612
0.984024525 0.016526008 -0.177263856 -76.360000610 -0.016570706 0.999862015 0.001228357 0.646272719 0.177259669 0.001728655 0.984162688 11.743750572
0.986512125 0.016728440 -0.162831143 -76.476654053 -0.016701875 0.999859273 0.001532185 0.647025466 0.162833899 0.001208066 0.986652792 12.447921753
0.988697290 0.017996073 -0.148841366 -76.580375671 -0.017953692 0.999837458 0.001628484 0.646940172 0.148846477 0.001062174 0.988859653 13.159486771
0.990558803 0.018583024 -0.135822907 -76.681716919 -0.018888820 0.999821186 -0.000962921 0.632232845 0.135780752 0.003519365 0.990732610 13.877013206
0.992012203 0.018343873 -0.124800891 -76.773841858 -0.019197658 0.999799788 -0.005641854 0.615990400 0.124672398 0.007992673 0.992165804 14.614019394
0.993209720 0.018422896 -0.114869818 -76.861625671 -0.019921236 0.999730647 -0.011909380 0.598290682 0.114619464 0.014116859 0.993309140 15.348228455
0.994084775 0.016820829 -0.107296690 -76.950271606 -0.018222788 0.999760687 -0.012099040 0.587786078 0.107067518 0.013982714 0.994153500 16.130565643
0.994801700 0.018626163 -0.100113325 -77.036201477 -0.019314958 0.999795973 -0.005915177 0.573983133 0.099982724 0.007818114 0.994958401 16.898134232
0.995219767 0.023116102 -0.094886258 -77.119606018 -0.023011481 0.999732733 0.002196825 0.557951152 0.094911680 -0.000002850 0.995485723 17.663511276
0.995537758 0.023786856 -0.091318160 -77.179977417 -0.023332002 0.999709547 0.006045522 0.543186605 0.091435425 -0.003887910 0.995803475 18.424430847
0.995933831 0.022905670 -0.087128013 -77.265213013 -0.022542411 0.999732673 0.005151032 0.531898856 0.087222710 -0.003166009 0.996183753 19.189609528
0.996217549 0.021976769 -0.084069543 -77.339248657 -0.021774800 0.999757528 0.003318671 0.532379329 0.084122092 -0.001475520 0.996454358 19.976314545
0.996456265 0.022033116 -0.081174657 -77.414413452 -0.021604719 0.999747694 0.006152152 0.508401990 0.081289716 -0.004376594 0.996680915 20.763450623
0.996704817 0.019942153 -0.078623988 -77.473434448 -0.019308766 0.999774814 0.008807984 0.497849047 0.078781910 -0.007260831 0.996865392 21.534231186
0.996998131 0.018019583 -0.075299799 -77.532852173 -0.017267205 0.999794424 0.010630948 0.486122221 0.075475886 -0.009298818 0.997104287 22.296318054
0.997197211 0.016985361 -0.072863907 -77.585212708 -0.016521478 0.999839246 0.006964442 0.480206609 0.072970487 -0.005741104 0.997317553 23.055076599
0.997255325 0.019776987 -0.071348935 -77.647575378 -0.019833758 0.999803305 -0.000087268 0.466604561 0.071333177 0.001502145 0.997451484 23.809555054
0.997345388 0.020702658 -0.069810003 -77.702140808 -0.021300623 0.999742448 -0.007832078 0.454249531 0.069629878 0.009298285 0.997529507 24.552904129
0.997415006 0.021639533 -0.068519823 -77.760047913 -0.022511540 0.999674797 -0.011979774 0.440009713 0.068238325 0.013491292 0.997577846 25.313142776
0.997531116 0.023490207 -0.066181354 -77.819633484 -0.024242032 0.999650240 -0.010579929 0.421912462 0.065909699 0.012158178 0.997751474 26.077251434
0.997617245 0.026780384 -0.063580707 -77.880096436 -0.027242523 0.999608278 -0.006412690 0.400383264 0.063384078 0.008129509 0.997956038 26.827241898
0.997668266 0.030190153 -0.061209586 -77.938011169 -0.030313578 0.999539852 -0.001088595 0.383245111 0.061148539 0.002941539 0.998124301 27.596405029
0.997904420 0.027956320 -0.058354478 -77.988708496 -0.027983120 0.999608278 0.000357958 0.372794360 0.058341619 0.001275732 0.998295844 28.356451035
0.998051882 0.025313783 -0.057022583 -78.036354065 -0.025319029 0.999679267 0.000630574 0.355641305 0.057020254 0.000814412 0.998372614 29.120157242
0.998173475 0.023197928 -0.055781815 -78.081092834 -0.023189547 0.999730825 0.000797527 0.339288473 0.055785302 0.000497485 0.998442650 29.872219086
0.998208165 0.023062667 -0.055213850 -78.119697571 -0.023168748 0.999730885 -0.001281873 0.329806119 0.055169407 0.002558812 0.998473883 30.614748001
0.998286605 0.021022076 -0.054607391 -78.160125732 -0.021191530 0.999772310 -0.002525916 0.317812443 0.054541856 0.003678802 0.998504758 31.372203827
0.998346686 0.019576117 -0.054043014 -78.200393677 -0.019738901 0.999802113 -0.002479955 0.305537283 0.053983767 0.003542605 0.998535573 32.128738403
0.998318136 0.023629736 -0.052938905 -78.255271912 -0.023748504 0.999716640 -0.001615439 0.293783784 0.052885737 0.002869942 0.998596489 32.904975891
0.998327374 0.023510287 -0.052816696 -78.300788879 -0.023665212 0.999717236 -0.002309682 0.279698104 0.052747469 0.003555737 0.998601496 33.681068420
0.998233974 0.023044029 -0.054752491 -78.341590881 -0.023206411 0.999727964 -0.002331633 0.265167892 0.054683868 0.003598124 0.998497188 34.455600739
0.998197138 0.020900611 -0.056264076 -78.395202637 -0.021031382 0.999777436 -0.001733081 0.252109647 0.056215324 0.002913267 0.998414457 35.244102478
0.997986555 0.022248531 -0.059398074 -78.454582214 -0.022407830 0.999746978 -0.002017046 0.241200700 0.059338167 0.003343966 0.998232305 36.047683716
0.997706175 0.026394064 -0.062335201 -78.508735657 -0.026559232 0.999645591 -0.001822501 0.220489681 0.062265001 0.003473895 0.998053551 36.821743011
0.997537076 0.026812479 -0.064814694 -78.572792053 -0.027306031 0.999604464 -0.006740863 0.206513941 0.064608306 0.008494092 0.997874439 37.618583679
0.997374177 0.027202088 -0.067117348 -78.639213562 -0.027946433 0.999557674 -0.010176182 0.194400609 0.066810831 0.012025151 0.997693181 38.410148621
0.997266531 0.027291372 -0.068662837 -78.709571838 -0.028162073 0.999534369 -0.011744803 0.180780351 0.068310335 0.013646386 0.997570693 39.202743530
0.997109175 0.027537169 -0.070816576 -78.775627136 -0.028344618 0.999543846 -0.010422289 0.161352992 0.070497297 0.012399429 0.997434914 40.036384583
0.996970356 0.025934111 -0.073331706 -78.833641052 -0.026728820 0.999593973 -0.009876505 0.144050151 0.073045790 0.011806653 0.997258663 40.860569000
0.996869266 0.025529467 -0.074831828 -78.900024414 -0.026200816 0.999624610 -0.008003350 0.125452727 0.074599437 0.009938950 0.997164011 41.685882568
0.996809304 0.024775365 -0.075876944 -78.970870972 -0.025161797 0.999674797 -0.004140998 0.110928014 0.075749680 0.006036986 0.997108579 42.510097504
0.996726990 0.024908818 -0.076907992 -79.041427612 -0.024951041 0.999688566 0.000412028 0.098009825 0.076894291 0.001508254 0.997038126 43.390144348
0.996789336 0.024658823 -0.076176576 -79.109687805 -0.024524413 0.999695539 0.002699525 0.083174542 0.076219961 -0.000822671 0.997090578 44.242912292
0.996851146 0.027861238 -0.074237958 -79.178863525 -0.027745020 0.999611557 0.002596527 0.071847305 0.074281454 -0.000528618 0.997237206 45.095512390
0.997006953 0.027197864 -0.072369613 -79.248710632 -0.027160348 0.999629974 0.001502576 0.063368112 0.072383687 0.000467506 0.997376740 45.964271545
0.997183979 0.024954326 -0.070718899 -79.310829163 -0.025074244 0.999685287 -0.000808388 0.050725639 0.070676446 0.002579335 0.997495949 46.822704315
0.997374117 0.020821456 -0.069363706 -79.364746094 -0.021048751 0.999775171 -0.002547551 0.037586659 0.069295079 0.004000881 0.997588098 47.692615509
0.997554898 0.019534726 -0.067101985 -79.434219360 -0.019749239 0.999801874 -0.002534869 0.023488998 0.067039169 0.003853885 0.997742832 48.571102142
0.997658312 0.017299080 -0.066171184 -79.493446350 -0.017333761 0.999849796 0.000050054 0.007812751 0.066162094 0.001097059 0.997808218 49.446762085
0.997781396 0.014899590 -0.064886577 -79.556602478 -0.014786565 0.999888182 0.002221847 -0.001790486 0.064912416 -0.001257467 0.997890174 50.322448730
0.997814238 0.014417795 -0.064490028 -79.609832764 -0.014258916 0.999894083 0.002923252 -0.021679208 0.064525336 -0.001997304 0.997914016 51.200080872
0.997862220 0.016593572 -0.063211307 -79.668350220 -0.016659703 0.999861062 -0.000519244 -0.037945345 0.063193932 0.001571216 0.998000026 52.088371277
0.997876346 0.019023336 -0.062297098 -79.733711243 -0.019424720 0.999794185 -0.005843728 -0.060649604 0.062173124 0.007041422 0.998040557 52.947494507
0.997888803 0.020895664 -0.061492767 -79.790657043 -0.021641508 0.999699831 -0.011488014 -0.077655315 0.061234247 0.012794558 0.998041391 53.803836823
0.997823179 0.025773380 -0.060700901 -79.854660034 -0.026860898 0.999491692 -0.017168619 -0.102412224 0.060227569 0.018761730 0.998008370 54.654510498
0.997870862 0.025714854 -0.059936956 -79.907928467 -0.026833335 0.999479055 -0.017931290 -0.132175684 0.059444629 0.019501423 0.998041153 55.506080627
0.997938037 0.023078581 -0.059892055 -79.959983826 -0.023875942 0.999635100 -0.012631912 -0.145552337 0.059578672 0.014035845 0.998125076 56.371471405
0.997943878 0.022314755 -0.060083691 -80.028869629 -0.022573490 0.999738514 -0.003630785 -0.170455113 0.059986953 0.004979618 0.998186648 57.234531403
0.997912288 0.020631012 -0.061199088 -80.083946228 -0.020377686 0.999781013 0.004760680 -0.195726067 0.061283898 -0.003503646 0.998114109 58.088142395
0.997790813 0.018972689 -0.063667282 -80.139656067 -0.018873127 0.999819577 0.002164929 -0.206779450 0.063696861 -0.000958545 0.997968793 58.927886963
0.997747779 0.014010090 -0.065598525 -80.197669983 -0.014125919 0.999899328 -0.001302219 -0.221307158 0.065573685 0.002225925 0.997845292 59.767555237
0.997615278 0.012648043 -0.067851819 -80.264541626 -0.012869786 0.999913096 -0.002831865 -0.242133126 0.067810118 0.003698349 0.997691333 60.602485657
0.997384310 0.014424474 -0.070826516 -80.325080872 -0.014813568 0.999877930 -0.004971408 -0.258675277 0.070746154 0.006007598 0.997476220 61.405460358
0.997127056 0.015899220 -0.074058376 -80.394271851 -0.016568152 0.999827266 -0.008426884 -0.277102828 0.073911622 0.009629685 0.997218251 62.225730896
0.996813536 0.016768921 -0.077983156 -80.466072083 -0.017728880 0.999775112 -0.011633758 -0.299810648 0.077770546 0.012979243 0.996886730 63.039756775
0.996526182 0.018828986 -0.081122532 -80.541404724 -0.020166531 0.999673307 -0.015700225 -0.323062837 0.080800429 0.017281648 0.996580422 63.852130890
0.996184587 0.023818556 -0.083958358 -80.631706238 -0.025211483 0.999560952 -0.015569564 -0.349336982 0.083550647 0.017626874 0.996347606 64.651473999
0.995785058 0.027443670 -0.087516420 -80.712936401 -0.028751396 0.999492586 -0.013717086 -0.371107519 0.087095566 0.016175490 0.996068597 65.457336426
0.995369852 0.030294631 -0.091220498 -80.798957825 -0.031124869 0.999485970 -0.007692414 -0.394350946 0.090940565 0.010496026 0.995801032 66.255668640
0.994965136 0.030540342 -0.095455132 -80.879501343 -0.030880017 0.999520898 -0.002082907 -0.416102231 0.095345788 0.005020075 0.995431542 67.071510315
0.994487703 0.030169487 -0.100418650 -80.965927124 -0.030161997 0.999543846 0.001593184 -0.432314903 0.100420900 0.001444425 0.994944036 67.867980957
0.993839145 0.029429065 -0.106853314 -81.058181763 -0.029284773 0.999566853 0.002919563 -0.448163748 0.106892943 0.000227599 0.994270504 68.659355164
0.993281603 0.026293306 -0.112694718 -81.145904541 -0.025697876 0.999647081 0.006733180 -0.460953176 0.112831965 -0.003791930 0.993606806 69.452041626
0.992503285 0.027071597 -0.119182728 -81.246559143 -0.026511667 0.999628842 0.006281424 -0.471552730 0.119308539 -0.003074600 0.992852449 70.229499817
0.991664767 0.031754315 -0.124870420 -81.366111755 -0.031294342 0.999494255 0.005643944 -0.483607799 0.124986485 -0.001689163 0.992156982 71.003578186
0.990805984 0.033448767 -0.131090552 -81.473312378 -0.033488255 0.999437273 0.001903929 -0.492137611 0.131080478 0.002503570 0.991368532 71.776847839
0.990025938 0.032427333 -0.137102246 -81.584663391 -0.032847270 0.999460042 -0.000801033 -0.503266692 0.137002230 0.005296479 0.990556598 72.544425964
0.989237845 0.033968199 -0.142318919 -81.704086304 -0.034606025 0.999398947 -0.002008182 -0.516868293 0.142165169 0.006911661 0.989818692 73.311546326
0.988485038 0.035983533 -0.146978006 -81.823959351 -0.035953458 0.999349356 0.002862095 -0.524157405 0.146985337 0.002455229 0.989135623 74.078323364
0.987537503 0.036852375 -0.153008759 -81.952445984 -0.036249790 0.999320149 0.006726985 -0.532336175 0.153152630 -0.001096614 0.988201976 74.839950562
0.986558974 0.035453707 -0.159513265 -82.077499390 -0.034419175 0.999364734 0.009244605 -0.548599660 0.159739673 -0.003630033 0.987152457 75.595527649
0.985382617 0.033086054 -0.167112142 -82.204742432 -0.032692727 0.999452353 0.005104914 -0.551941812 0.167189538 0.000433057 0.985924661 76.343002319
0.984066486 0.031108880 -0.175058335 -82.343399048 -0.031856000 0.999491394 -0.001458751 -0.564818025 0.174923897 0.007012167 0.984556973 77.069038391
0.982495189 0.028506450 -0.184093878 -82.491119385 -0.029542463 0.999559343 -0.002886773 -0.577528715 0.183930457 0.008274827 0.982904315 77.812347412
0.980421364 0.028106997 -0.194894791 -82.641403198 -0.028678024 0.999588728 -0.000108309 -0.590487301 0.194811597 0.005695385 0.980824113 78.549972534
0.978106141 0.028076492 -0.206203759 -82.805061340 -0.027420463 0.999605775 0.006039158 -0.597309232 0.206292033 -0.000252734 0.978490412 79.290916443
0.975620627 0.029642049 -0.217452854 -82.978469849 -0.027312415 0.999532938 0.013711718 -0.604070306 0.217757717 -0.007438273 0.975974500 79.999427795
0.973031640 0.030167680 -0.228690773 -83.159751892 -0.027000872 0.999491453 0.016964572 -0.610103011 0.229086205 -0.010332214 0.973351359 80.724472046
0.970158458 0.033593632 -0.240133718 -83.353561401 -0.031315442 0.999421179 0.013297775 -0.623476982 0.240441397 -0.005381055 0.970648646 81.441368103
0.967155099 0.033528376 -0.251966327 -83.554954529 -0.033553679 0.999428272 0.004197354 -0.629974008 0.251962930 0.004394903 0.967726827 82.140274048
0.963947833 0.031148016 -0.264262289 -83.760307312 -0.032555323 0.999469519 -0.000946546 -0.629421234 0.264092594 0.009515563 0.964450419 82.852333069
0.960572422 0.029748144 -0.276433885 -83.966339111 -0.029756924 0.999548495 0.004163859 -0.636434317 0.276432931 0.004226134 0.961023867 83.575355530
0.957226932 0.030963631 -0.287676394 -84.192871094 -0.028871741 0.999516785 0.011512456 -0.642792463 0.287893891 -0.002714313 0.957658410 84.298362732
0.953581631 0.030852135 -0.299550295 -84.427368164 -0.027072083 0.999493003 0.016761974 -0.645458102 0.299915582 -0.007874457 0.953933239 85.009162903
0.949541330 0.028428826 -0.312350839 -84.668357849 -0.024975237 0.999574721 0.015052682 -0.648764610 0.312645912 -0.006492106 0.949847460 85.722671509
0.945947349 0.026959019 -0.323197901 -84.925048828 -0.024741091 0.999633670 0.010969674 -0.655205727 0.323375285 -0.002380465 0.946267724 86.419570923
0.942788839 0.022464905 -0.332632661 -85.168640137 -0.022420539 0.999740720 0.003972094 -0.661866963 0.332635641 0.003712958 0.943048239 87.105766296
0.939970851 0.018384343 -0.340758950 -85.423828125 -0.020309681 0.999791503 -0.002083569 -0.666485131 0.340649635 0.008879199 0.940148413 87.809761047
0.937416136 0.017934479 -0.347749025 -85.694396973 -0.020672008 0.999777615 -0.004163294 -0.674760342 0.347597063 0.011091412 0.937578380 88.512573242
0.934340119 0.023747154 -0.355590612 -85.980926514 -0.026830480 0.999632955 -0.003741250 -0.693218350 0.355371237 0.013036265 0.934634328 89.218650818
0.931370616 0.023923347 -0.363285780 -86.255477905 -0.026180442 0.999656379 -0.001289796 -0.708869219 0.363130093 0.010712260 0.931676865 89.900901794
0.928244174 0.024055535 -0.371192962 -86.540710449 -0.023806890 0.999702752 0.005252742 -0.710801423 0.371208936 0.003961124 0.928540885 90.608283997
0.925463438 0.026331970 -0.377920628 -86.830734253 -0.022819787 0.999644756 0.013769400 -0.719809651 0.378148943 -0.004119009 0.925735652 91.318641663
0.922927022 0.036604259 -0.383230776 -87.152893066 -0.031102698 0.999305010 0.020544546 -0.729018211 0.383716464 -0.007041607 0.923424125 92.018539429
0.920270503 0.042868849 -0.388927132 -87.468200684 -0.039171711 0.999080420 0.017434757 -0.725591183 0.389316827 -0.000809752 0.921103537 92.711837769
0.917953908 0.039429612 -0.394722492 -87.771667480 -0.038639072 0.999203682 0.009954659 -0.725891232 0.394800633 0.006113793 0.918746471 93.399520874
0.916067243 0.031913344 -0.399752945 -88.074478149 -0.033673741 0.999429524 0.002620923 -0.730390787 0.399608493 0.011060236 0.916619241 94.090942383
0.914145589 0.032078497 -0.404114723 -88.379226685 -0.034300029 0.999410093 0.001742955 -0.730972052 0.403932214 0.012267833 0.914706647 94.787094116
0.912182510 0.038723085 -0.407950550 -88.727294922 -0.039247777 0.999204457 0.007087007 -0.740435719 0.407900453 0.009546511 0.912976503 95.485557556
0.909726024 0.040984422 -0.413181484 -89.057487488 -0.039878666 0.999140561 0.011303850 -0.746003151 0.413289666 0.006193725 0.910578549 96.203918457
0.907535493 0.037280533 -0.418317616 -89.381546021 -0.036704794 0.999281645 0.009425511 -0.755970716 0.418368518 0.006800278 0.908251882 96.902511597
0.905303240 0.035760522 -0.423257977 -89.716072083 -0.037915640 0.999275386 0.003330036 -0.766605258 0.423070341 0.013033404 0.906003177 97.589401245
0.903187454 0.032848351 -0.427987903 -90.056861877 -0.037906963 0.999275863 -0.003300389 -0.770532846 0.427569568 0.019204594 0.903778434 98.285247803
