1.000000000 0.000000000 0.000000000 0.000000000 0.000000000 1.000000000 0.000000000 0.000000000 0.000000000 0.000000000 1.000000000 0.000000000
0.999995589 0.002971116 0.000134914 -0.005657004 -0.002971295 0.999994695 0.001345085 -0.012437020 -0.000130917 -0.001345480 0.999999106 0.772694409
0.999984562 0.005511344 0.000649600 -0.012860213 -0.005512599 0.999982893 0.001945107 -0.030038115 -0.000638869 -0.001948658 0.999997914 1.538444400
0.999976277 0.006776200 0.001200248 -0.022341413 -0.006778321 0.999975443 0.001771687 -0.048321787 -0.001188213 -0.001779780 0.999997735 2.271059752
0.999961495 0.008719264 0.001093149 -0.025674781 -0.008720943 0.999960780 0.001541462 -0.062143914 -0.001079666 -0.001550936 0.999998212 2.998714447
0.999958813 0.008909475 0.001743189 -0.034969442 -0.008911505 0.999959648 0.001160419 -0.074589744 -0.001732780 -0.001175906 0.999997795 3.712044716
0.999956131 0.009150231 0.002009920 -0.035728030 -0.009154509 0.999955833 0.002129860 -0.088775367 -0.001990342 -0.002148166 0.999995708 4.401746750
0.999946237 0.009960652 0.002891644 -0.047011085 -0.009975166 0.999937534 0.005048932 -0.103061326 -0.002841172 -0.005077505 0.999983072 5.080497742
0.999944150 0.009689405 0.004227281 -0.040517025 -0.009726254 0.999914050 0.008785241 -0.107668668 -0.004141793 -0.008825866 0.999952435 5.755470276
0.999944925 0.009004382 0.005381593 -0.036682483 -0.009070074 0.999883115 0.012309587 -0.118090890 -0.005270123 -0.012357720 0.999909759 6.384145737
0.999940693 0.008509330 0.006813374 -0.039625566 -0.008607379 0.999857962 0.014493171 -0.124805272 -0.006689080 -0.014550954 0.999871731 6.996025085
0.999931693 0.008953582 0.007511230 -0.025312755 -0.009062231 0.999852896 0.014557569 -0.137479916 -0.007379783 -0.014624642 0.999865830 7.574750423
0.999916852 0.009649627 0.008550574 -0.025834516 -0.009753123 0.999878645 0.012146142 -0.148427248 -0.008432331 -0.012228527 0.999889672 8.120576859
0.999911308 0.009492015 0.009335334 -0.021610215 -0.009576340 0.999913335 0.009029904 -0.149908274 -0.009248815 -0.009118502 0.999915659 8.655920982
0.999909163 0.007921742 0.010902049 -0.009810828 -0.008005613 0.999938428 0.007671041 -0.159404695 -0.010840612 -0.007757621 0.999911189 9.160083771
0.999908507 0.003942229 0.012942221 -0.003666267 -0.004011052 0.999977887 0.005295890 -0.165285140 -0.012921058 -0.005347318 0.999902248 9.618919373
0.999886751 0.002235868 0.014891231 0.003223583 -0.002299617 0.999988258 0.004265144 -0.171833381 -0.014881522 -0.004298904 0.999879956 10.057273865
0.999837935 0.006565049 0.016762376 0.008229062 -0.006603032 0.999975741 0.002211573 -0.181686237 -0.016747450 -0.002321896 0.999857008 10.470898628
0.999743462 0.010887452 0.019859817 0.007523343 -0.010918715 0.999939322 0.001466454 -0.189654917 -0.019842643 -0.001682921 0.999801695 10.858446121
0.999679029 0.011192375 0.022728859 0.021302417 -0.011255705 0.999933064 0.002660239 -0.199489594 -0.022697566 -0.002915214 0.999738097 11.207653046
0.999635041 0.006915882 0.026113274 0.035951585 -0.007002063 0.999970317 0.003210245 -0.205457300 -0.026090298 -0.003391920 0.999653816 11.529235840
0.999584436 0.002813499 0.028688008 0.051849931 -0.002892921 0.999992073 0.002727358 -0.206396505 -0.028680108 -0.002809217 0.999584615 11.808808327
0.999518931 -0.000677388 0.031008311 0.068043262 0.000546555 0.999990880 0.004227581 -0.213764369 -0.031010890 -0.004208599 0.999510229 12.065310478
0.999437213 -0.001139783 0.033525553 0.076669276 0.000965261 0.999985874 0.005221345 -0.219240159 -0.033531036 -0.005186046 0.999424160 12.296915054
0.999366641 -0.000546501 0.035581935 0.084202915 0.000395161 0.999990821 0.004260150 -0.223887652 -0.035583932 -0.004243391 0.999357700 12.503916740
0.999302328 0.000242552 0.037346609 0.100636393 -0.000361523 0.999994814 0.003178854 -0.233110875 -0.037345644 -0.003190137 0.999297261 12.697111130
0.999178529 0.002733904 0.040432822 0.097769737 -0.002827339 0.999993443 0.002253870 -0.236740127 -0.040426396 -0.002366336 0.999179721 12.855994225
0.999097943 0.005631449 0.042091288 0.101460159 -0.005702345 0.999982476 0.001564462 -0.242371529 -0.042081736 -0.001803069 0.999112487 13.025875092
0.999034166 0.007094848 0.043364752 0.107243896 -0.007107717 0.999974728 0.000142587 -0.249248490 -0.043362644 -0.000450673 0.999059319 13.180988312
0.998942196 0.005972147 0.045593828 0.113751143 -0.005911969 0.999981463 -0.001454613 -0.257708699 -0.045601666 0.001183526 0.998959005 13.330909729
0.998868704 0.005183371 0.047269188 0.113038480 -0.005047764 0.999982834 -0.002987739 -0.260823131 -0.047283858 0.002745756 0.998877704 13.471358299
0.998821497 0.004220906 0.048350625 0.129875362 -0.004037381 0.999984205 -0.003892773 -0.262137651 -0.048366290 0.003692976 0.998822868 13.602720261
0.998762310 0.004943151 0.049490407 0.141523778 -0.004690700 0.999975324 -0.005215849 -0.265639603 -0.049514968 0.004977250 0.998761058 13.739866257
0.998680532 0.005756284 0.051030181 0.145272076 -0.005396595 0.999959648 -0.007183529 -0.270918429 -0.051069468 0.006898662 0.998671293 13.857228279
0.998622000 0.006105235 0.052123196 0.147647858 -0.005605837 0.999937057 -0.009721929 -0.269895375 -0.052179269 0.009416338 0.998593330 13.983088493
0.998600841 0.004949037 0.052648548 0.158834815 -0.004338079 0.999922037 -0.011712408 -0.277053475 -0.052702412 0.011467628 0.998544455 14.106112480
0.998628139 0.004296112 0.052184708 0.164788723 -0.003594036 0.999901891 -0.013540054 -0.280189127 -0.052237757 0.013333925 0.998545647 14.228416443
0.998733997 0.003861960 0.050153915 0.170771480 -0.003117330 0.999883831 -0.014916630 -0.281715482 -0.050205693 0.014741399 0.998630106 14.355163574
0.998881459 0.003931695 0.047120791 0.173389137 -0.003200298 0.999873400 -0.015587144 -0.287706763 -0.047176111 0.015418909 0.998767555 14.483066559
0.999069631 0.004611876 0.042877797 0.181103319 -0.003877361 0.999844611 -0.017197847 -0.284006625 -0.042950455 0.017015593 0.998932362 14.610680580
0.999303699 0.004313765 0.037059948 0.179897070 -0.003637563 0.999826014 -0.018294226 -0.288436681 -0.037132412 0.018146681 0.999145567 14.745525360
0.999527276 0.004223704 0.030453956 0.171386391 -0.003656403 0.999819338 -0.018659817 -0.296254635 -0.030527258 0.018539650 0.999361992 14.849720955
0.999727011 0.004078883 0.023006972 0.172905505 -0.003636628 0.999808490 -0.019231895 -0.302177668 -0.023081008 0.019142976 0.999550343 14.975337982
0.999876857 0.003811006 0.015221244 0.160009503 -0.003498646 0.999783814 -0.020495439 -0.300504893 -0.015296060 0.020439660 0.999674082 15.104005814
0.999981880 0.003015245 0.005234722 0.151598886 -0.002901134 0.999760985 -0.021671254 -0.303762466 -0.005298814 0.021655675 0.999751449 15.238369942
0.999966860 0.001577022 -0.007997053 0.143586278 -0.001762168 0.999729335 -0.023197893 -0.308274865 0.007958302 0.023211217 0.999698877 15.387267113
0.999711812 0.000576176 -0.023998804 0.121913284 -0.001180506 0.999682307 -0.025175106 -0.310062170 0.023976674 0.025196183 0.999394953 15.542574883
0.999064147 0.001133637 -0.043239087 0.093749642 -0.002275943 0.999649405 -0.026378317 -0.309682786 0.043194029 0.026452040 0.998716474 15.722846985
0.997893333 0.001979074 -0.064846978 0.056251407 -0.003668839 0.999656618 -0.025949031 -0.317913800 0.064773351 0.026132276 0.997557759 15.893614769
0.996055961 0.001991528 -0.088706069 0.023759961 -0.004170699 0.999693871 -0.024387632 -0.326279074 0.088630341 0.024661411 0.995759249 16.096445084
0.993336082 0.003377985 -0.115203567 -0.027253151 -0.006046794 0.999721229 -0.022824423 -0.331695229 0.115094341 0.023368938 0.993079662 16.305496216
0.989385903 0.004401251 -0.145244315 -0.093501568 -0.007452244 0.999762714 -0.020468540 -0.342208207 0.145119756 0.021333681 0.989184082 16.528448105
0.983943105 0.004616867 -0.178422898 -0.168335915 -0.007828157 0.999819815 -0.017298369 -0.342712492 0.178310886 0.018417334 0.983801901 16.785810471
0.976599753 0.005822352 -0.214986205 -0.259564638 -0.008869735 0.999873459 -0.013212780 -0.349985182 0.214882076 0.014810466 0.976527691 17.027708054
0.966881812 0.007177865 -0.255123615 -0.358808041 -0.009522358 0.999922991 -0.007955681 -0.354714334 0.255046904 0.010121582 0.966875732 17.287662506
0.955052257 0.010892395 -0.296237588 -0.485101700 -0.012293309 0.999920309 -0.002866692 -0.358985871 0.296182811 0.006379581 0.955109954 17.555921555
0.940854549 0.014393621 -0.338504732 -0.624893665 -0.014826787 0.999889135 0.001306272 -0.360389650 0.338486075 0.003789925 0.940963745 17.832252502
0.924162269 0.016766421 -0.381631911 -0.770287037 -0.015084539 0.999858856 0.007398472 -0.367651165 0.381702125 -0.001080645 0.924284697 18.097845078
0.904830217 0.020228155 -0.425291628 -0.924839497 -0.015203401 0.999768794 0.015205993 -0.375840425 0.425500959 -0.007292964 0.904928565 18.365505219
0.883202255 0.024417141 -0.468356162 -1.110034943 -0.016313994 0.999638915 0.021350779 -0.370850980 0.468708396 -0.011216296 0.883281708 18.630168915
0.858328760 0.029471178 -0.512252927 -1.327364445 -0.018890260 0.999487281 0.025850542 -0.369053721 0.512752175 -0.012511670 0.858445406 18.919477463
0.830348432 0.033125341 -0.556259096 -1.547172546 -0.020090815 0.999362230 0.029521912 -0.372286528 0.556882262 -0.013337774 0.830484390 19.185346603
0.799471855 0.036501933 -0.599593520 -1.808958054 -0.022365557 0.999268711 0.031012030 -0.362350047 0.600287139 -0.011383002 0.799703598 19.459554672
0.765392005 0.039901178 -0.642326355 -2.070528984 -0.023191174 0.999137878 0.034431793 -0.362059176 0.643146515 -0.011457511 0.765657485 19.725605011
0.728308141 0.043823093 -0.683847070 -2.376807213 -0.024168182 0.998974800 0.038277984 -0.347877145 0.684823513 -0.011350824 0.728620648 20.002906799
0.688826561 0.043756850 -0.723604441 -2.707047462 -0.021171929 0.998965204 0.040253744 -0.322241366 0.724616945 -0.012407743 0.689040124 20.275997162
0.649173141 0.043947935 -0.759370029 -3.086606979 -0.019019924 0.998955190 0.041553911 -0.308696687 0.760402858 -0.012532522 0.649330795 20.543849945
0.606840968 0.042780381 -0.793671131 -3.466209412 -0.013621596 0.998963594 0.043430950 -0.295626700 0.794706523 -0.015544622 0.606794775 20.785991669
0.561784804 0.042091127 -0.826211870 -3.883028030 -0.008769680 0.998951733 0.044928335 -0.269165218 0.827236950 -0.017994445 0.561564982 21.042160034
0.514953077 0.043711938 -0.856103182 -4.315860748 -0.006941145 0.998878956 0.046826795 -0.250302434 0.857190251 -0.018171268 0.514679193 21.264514923
0.464616030 0.043825071 -0.884427130 -4.767004967 -0.006496361 0.998916388 0.046085496 -0.229689956 0.885488391 -0.015666507 0.464397281 21.468231201
0.412155420 0.042583752 -0.910117924 -5.251754284 -0.000909533 0.998925924 0.046327125 -0.208364487 0.911113083 -0.018266195 0.411751509 21.654811859
0.358657062 0.041945737 -0.932526529 -5.751662254 0.003825521 0.998915493 0.046403281 -0.189860642 0.933461547 -0.020210264 0.358107686 21.810792923
0.304808736 0.040697299 -0.951543748 -6.283397198 0.006303387 0.998978615 0.044745248 -0.164687097 0.952392697 -0.019636692 0.304240882 21.949504852
0.251580298 0.046347313 -0.966726005 -6.858950615 0.007272169 0.998734117 0.049774364 -0.129702508 0.967809081 -0.019552443 0.250924706 22.070587158
0.200215042 0.051333506 -0.978406191 -7.438160419 0.009619258 0.998475373 0.054354891 -0.101634681 0.979704678 -0.020294208 0.199415982 22.151704788
0.152164847 0.052847978 -0.986941159 -8.044144630 0.014938194 0.998332381 0.055761091 -0.076890290 0.988242209 -0.023227997 0.151121631 22.219013214
0.107326783 0.054288458 -0.992740512 -8.613363266 0.018358115 0.998229623 0.056573361 -0.064670801 0.994054258 -0.024296679 0.106140144 22.265979767
0.067031763 0.052462120 -0.996370733 -9.250705719 0.018220022 0.998385787 0.053793997 -0.033911467 0.997584462 -0.021759802 0.065967694 22.279356003
0.031836577 0.048197083 -0.998330414 -9.898241043 0.015231805 0.998697281 0.048700541 0.001174748 0.999377012 -0.016756831 0.031060956 22.267051697
0.002814264 0.047964256 -0.998845100 -10.565427780 0.013321302 0.998758495 0.047997639 0.037096620 0.999907315 -0.013440995 0.002171825 22.258159637
-0.017893473 0.052035280 -0.998484910 -11.261677742 0.011974943 0.998584330 0.051825859 0.069109023 0.999768138 -0.011029456 -0.018491257 22.220951080
-0.031127634 0.058103289 -0.997825146 -11.996686935 0.013501224 0.998242319 0.057706393 0.102080464 0.999424219 -0.011675595 -0.031857386 22.196851730
-0.038996238 0.060648989 -0.997397065 -12.740299225 0.012860583 0.998104095 0.060189154 0.136415184 0.999156535 -0.010479959 -0.039702285 22.157630920
-0.042658664 0.057702888 -0.997421980 -13.502849579 0.013975722 0.998267591 0.057154074 0.175117075 0.998991907 -0.011501575 -0.043391209 22.114067078
-0.042168614 0.054159321 -0.997641623 -14.286021233 0.021992791 0.998338044 0.053267546 0.205520689 0.998868406 -0.019694703 -0.043289635 22.096323013
-0.037664171 0.052595254 -0.997905314 -15.090779305 0.034054700 0.998101473 0.051320255 0.248225391 0.998709977 -0.032050427 -0.039383780 22.079572678
-0.031844709 0.052955359 -0.998088956 -15.921462059 0.034124944 0.998070776 0.051865619 0.283852756 0.998909950 -0.032408081 -0.033590373 22.052808762
-0.027201768 0.051455505 -0.998304784 -16.770153046 0.032337587 0.998197019 0.050568815 0.312881291 0.999106765 -0.030907212 -0.028816672 22.030822754
-0.024100609 0.044989467 -0.998696804 -17.634824753 0.035882350 0.998382032 0.044109389 0.350838602 0.999065399 -0.034772523 -0.025675947 22.018524170
-0.022062737 0.034123771 -0.999174178 -18.520351410 0.033600032 0.998878002 0.033371754 0.386616707 0.999191821 -0.032836013 -0.023184542 21.996833801
-0.021453798 0.025916215 -0.999433935 -19.415044785 0.025968608 0.999341130 0.025356371 0.410712600 0.999432445 -0.025409916 -0.022112671 21.961891174
-0.022534300 0.022750663 -0.999487221 -20.330705643 0.020264968 0.999546051 0.022295114 0.438223183 0.999540687 -0.019752165 -0.022985108 21.923610687
-0.026126921 0.029179379 -0.999232650 -21.293720245 0.011203817 0.999519646 0.028894816 0.450408220 0.999595761 -0.010440290 -0.026441289 21.880903244
-0.031161971 0.037243139 -0.998820305 -22.261655807 0.006605604 0.999291420 0.037054624 0.478550017 0.999492526 -0.005443117 -0.031385902 21.832923889
-0.035602473 0.046868570 -0.998266339 -23.232477188 0.005167365 0.998894930 0.046713788 0.509611607 0.999352574 -0.003495279 -0.035805311 21.782348633
-0.037500866 0.056637734 -0.997690260 -24.273097992 0.003609792 0.998393834 0.056541979 0.554138184 0.999290168 -0.001481081 -0.037645075 21.751375198
-0.038348824 0.064554155 -0.997177064 -25.292078018 0.005553504 0.997909546 0.064387985 0.598372698 0.999248922 -0.003068623 -0.038627163 21.709169388
-0.039831884 0.065201283 -0.997076929 -26.316352844 0.006451559 0.997864723 0.064995080 0.652834892 0.999185503 -0.003843824 -0.040167488 21.665870667
-0.041433368 0.062469356 -0.997186482 -27.310516357 0.005322453 0.998043180 0.062301882 0.702422559 0.999127090 -0.002726102 -0.041684795 21.615844727
-0.044001170 0.057834998 -0.997355998 -28.330320358 0.004894610 0.998323441 0.057675164 0.747351766 0.999019504 -0.002343894 -0.044210479 21.562040329
-0.048641242 0.052753933 -0.997422159 -29.362670898 0.005149281 0.998604298 0.052565333 0.791148067 0.998802900 -0.002579165 -0.048844993 21.505325317
-0.054461204 0.048072346 -0.997358024 -30.382423401 0.005673369 0.998839200 0.047833942 0.830791533 0.998499691 -0.003053287 -0.054670718 21.448865891
-0.061093807 0.046432327 -0.997051358 -31.404811859 0.004828725 0.998919487 0.046223443 0.867815673 0.998120368 -0.001990521 -0.061251987 21.369594574
-0.067500927 0.048729144 -0.996528447 -32.426357269 0.005206075 0.998810172 0.048488073 0.908496201 0.997705638 -0.001915013 -0.067674294 21.291006088
-0.074096248 0.053256366 -0.995827973 -33.524444580 0.003336350 0.998580694 0.053155325 0.953635931 0.997245491 0.000616181 -0.074168772 21.204221725
-0.080264524 0.056178421 -0.995189250 -34.584571838 0.000361110 0.998412013 0.056331225 0.996024489 0.996773541 0.004162027 -0.080157362 21.108240128
-0.085154042 0.058154840 -0.994669259 -35.658321381 -0.002759542 0.998277724 0.058602050 1.048531890 0.996363997 0.007735032 -0.084846891 21.008697510
-0.087799497 0.059812974 -0.994340777 -36.730842590 -0.006759145 0.998136878 0.060638148 1.092651248 0.996115208 0.012044892 -0.087231614 20.908880234
-0.089441590 0.060644757 -0.994144142 -37.802829742 -0.011037734 0.998022914 0.061874423 1.149141073 0.995930970 0.016507246 -0.088595375 20.799411774
-0.090867214 0.060727831 -0.994009614 -38.872642517 -0.011938269 0.998000860 0.062062994 1.189310312 0.995791376 0.017506251 -0.089960553 20.693841934
-0.092246197 0.059976690 -0.993928254 -39.950500488 -0.012560600 0.998034894 0.061390229 1.239554167 0.995656967 0.018147353 -0.091311552 20.585258484
-0.093371876 0.059133168 -0.993873835 -41.042793274 -0.013422752 0.998069227 0.060643826 1.294892907 0.995540798 0.019002948 -0.092397891 20.483207703
-0.094220653 0.058124285 -0.993853211 -42.127578735 -0.015913209 0.998078763 0.059880044 1.348043680 0.995424211 0.021457326 -0.093114682 20.367061615
-0.095005795 0.055628296 -0.993921220 -43.210884094 -0.020428376 0.998118222 0.057815880 1.395164728 0.995267093 0.025797041 -0.093690641 20.255931854
-0.095414132 0.050882593 -0.994136393 -44.293239594 -0.025290692 0.998246491 0.053520281 1.439969540 0.995116353 0.030248988 -0.093959965 20.145896912
-0.094545797 0.050184149 -0.994254827 -45.403675079 -0.027168678 0.998226523 0.052968152 1.485643983 0.995149732 0.032020498 -0.093014702 20.029293060
-0.092970759 0.054345109 -0.994184554 -46.513107300 -0.028217686 0.997964382 0.057190489 1.531802654 0.995268941 0.033370633 -0.091248006 19.921541214
-0.091101363 0.057641722 -0.994171977 -47.617885590 -0.028164955 0.997774899 0.060431533 1.573961258 0.995443285 0.033506203 -0.089275181 19.815240860
-0.089673802 0.057130579 -0.994331300 -48.722152710 -0.026293796 0.997869790 0.059705194 1.629389763 0.995624065 0.031498738 -0.087980606 19.712331772
-0.086971216 0.056425408 -0.994611561 -49.836269379 -0.026080975 0.997923493 0.058893878 1.680250406 0.995869339 0.031062508 -0.085318975 19.607004166
-0.082694314 0.056748010 -0.994957924 -50.946857452 -0.030541332 0.997764170 0.059446450 1.733878851 0.996106863 0.035303224 -0.080776252 19.502927780
-0.076976627 0.057772893 -0.995357692 -52.078754425 -0.035358161 0.997533739 0.060633641 1.783478379 0.996405721 0.039861400 -0.074744038 19.397983551
-0.071240209 0.057290800 -0.995812476 -53.198417664 -0.039255902 0.997414649 0.060191333 1.836912155 0.996686459 0.043379556 -0.068807021 19.307847977
-0.065234765 0.056035452 -0.996295393 -54.333255768 -0.040977206 0.997429430 0.058782313 1.898144484 0.997028232 0.044660050 -0.062770903 19.221141815
-0.059610363 0.055434123 -0.996681452 -55.469573975 -0.040264603 0.997510672 0.057888445 1.949073792 0.997409344 0.043581732 -0.057229951 19.150457382
-0.054206837 0.055190500 -0.997003376 -56.606700897 -0.038600303 0.997609198 0.057322718 1.997916460 0.997783422 0.041591920 -0.051946867 19.084144592
-0.048668921 0.055462789 -0.997273862 -57.758018494 -0.037897933 0.997635603 0.057332397 2.057859659 0.998095751 0.040584918 -0.046451923 19.023529053
-0.042796761 0.056862939 -0.997464299 -58.897579193 -0.037037537 0.997602522 0.058459930 2.112380028 0.998397112 0.039445516 -0.040588092 18.966287613
-0.036829364 0.058166105 -0.997627318 -60.049667358 -0.037903886 0.997504950 0.059558269 2.163429737 0.998602450 0.040007442 -0.034532752 18.908676147
-0.032421187 0.057641573 -0.997810900 -61.206409454 -0.037236720 0.997572839 0.058837727 2.206688643 0.998780429 0.039062798 -0.030196114 18.886299133
-0.027602844 0.053091332 -0.998208165 -62.348274231 -0.037443429 0.997832835 0.054106776 2.255092144 0.998917460 0.038869843 -0.025555104 18.848545074
-0.022693072 0.047530137 -0.998612046 -63.512447357 -0.037640452 0.998120427 0.048362102 2.304343224 0.999033630 0.038685694 -0.020861361 18.814498901
-0.019440047 0.047216747 -0.998695433 -64.687957764 -0.037021905 0.998165190 0.047912329 2.343978882 0.999125361 0.037905030 -0.017656319 18.792839050
-0.015729740 0.049617171 -0.998644471 -65.856178284 -0.036515392 0.998073280 0.050163958 2.385427475 0.999209285 0.037254967 -0.013887642 18.764890671
-0.013816825 0.049568351 -0.998675168 -67.012870789 -0.036549207 0.998077989 0.050044376 2.423394203 0.999236286 0.037192240 -0.011978586 18.745262146
-0.012664118 0.049308181 -0.998703301 -68.184432983 -0.038602527 0.998014748 0.049763694 2.466355801 0.999174356 0.039182689 -0.010735555 18.722393036
-0.011860537 0.050246600 -0.998666346 -69.361755371 -0.039606772 0.997929275 0.050679900 2.507913589 0.999144852 0.040155053 -0.009845871 18.702636719
-0.010386409 0.049778841 -0.998706222 -70.521934509 -0.040285099 0.997928560 0.050159030 2.546725035 0.999134302 0.040753957 -0.008359548 18.676362991
-0.009922541 0.047623523 -0.998816073 -71.717872620 -0.040630292 0.998021066 0.047989249 2.591208696 0.999125123 0.041058362 -0.007967949 18.670858383
-0.009533876 0.046605222 -0.998867869 -72.896774292 -0.039028678 0.998134732 0.046943534 2.630174637 0.999192715 0.039432034 -0.007697154 18.660449982
-0.009124104 0.046358455 -0.998883188 -74.084579468 -0.035388611 0.998284161 0.046653904 2.666510344 0.999331951 0.035774760 -0.007467886 18.646587372
-0.009165398 0.046714220 -0.998866200 -75.268211365 -0.033249389 0.998341620 0.046994772 2.710564137 0.999405026 0.033642419 -0.007596977 18.637075424
-0.009144482 0.050137706 -0.998700380 -76.461013794 -0.032219864 0.998208761 0.050408054 2.741338730 0.999438941 0.032638948 -0.007512673 18.626207352
-0.008345661 0.054037921 -0.998503983 -77.644477844 -0.034393679 0.997932374 0.054294460 2.781402349 0.999373496 0.034795351 -0.006469843 18.602048874
-0.008169540 0.053807665 -0.998517871 -78.831001282 -0.036873467 0.997855902 0.054073669 2.826514244 0.999286532 0.037260573 -0.006167949 18.590618134
-0.007520229 0.051530380 -0.998643041 -80.004249573 -0.038161635 0.997929037 0.051780902 2.870926857 0.999243200 0.038499258 -0.005538171 18.572193146
-0.007216053 0.049334139 -0.998756289 -81.191734314 -0.037835926 0.998053610 0.049572799 2.911376476 0.999257863 0.038146589 -0.005335404 18.551437378
-0.008057002 0.048650205 -0.998783410 -82.386970520 -0.034981623 0.998190701 0.048903525 2.956122875 0.999355435 0.035333086 -0.006340564 18.552896500
-0.007913610 0.049711037 -0.998732328 -83.561645508 -0.033859689 0.998177469 0.049951717 3.000580549 0.999395251 0.034212068 -0.006215988 18.542383194
-0.007328385 0.052363571 -0.998601258 -84.741027832 -0.032370467 0.998092234 0.052574433 3.044823170 0.999449074 0.032710467 -0.005619371 18.522415161
-0.007018879 0.055421453 -0.998438358 -85.900367737 -0.033464827 0.997890711 0.055626307 3.070796490 0.999415278 0.033803012 -0.005149403 18.509180069
-0.006706581 0.055558462 -0.998432934 -87.067085266 -0.034929678 0.997833014 0.055759709 3.116475582 0.999367297 0.035248898 -0.004751410 18.492204666
-0.007136638 0.053367008 -0.998549461 -88.238487244 -0.034331519 0.997973144 0.053581581 3.160272598 0.999385059 0.034664106 -0.005290003 18.486791611
-0.006412193 0.051988043 -0.998627126 -89.405570984 -0.033808216 0.998065472 0.052175894 3.201174736 0.999407709 0.034096360 -0.004642166 18.471607208
-0.006406568 0.053190485 -0.998563826 -90.568588257 -0.032171547 0.998056471 0.053369865 3.241683245 0.999461889 0.032467254 -0.004682896 18.460548401
-0.005631091 0.055793941 -0.998426378 -91.737327576 -0.030179011 0.997978032 0.055939078 3.292084694 0.999528646 0.030446520 -0.003935899 18.440622330
-0.005669394 0.058317587 -0.998281956 -92.890586853 -0.028591989 0.997880399 0.058456514 3.335042715 0.999575198 0.028874276 -0.003989961 18.440771103
-0.005336151 0.060196090 -0.998172283 -94.060806274 -0.029265204 0.997749567 0.060327046 3.382348299 0.999557436 0.029533634 -0.003562492 18.428955078
-0.004635529 0.061772060 -0.998079360 -95.225822449 -0.032069255 0.997567654 0.061889321 3.437221527 0.999474883 0.032294560 -0.002643270 18.407857895
-0.004264144 0.061428905 -0.998102486 -96.377555847 -0.034182284 0.997519135 0.061539058 3.479524612 0.999406517 0.034379825 -0.002153785 18.398185730
-0.004260299 0.057053935 -0.998362064 -97.530845642 -0.036579546 0.997694016 0.057171851 3.533910275 0.999321580 0.036763199 -0.002163467 18.381147385
-0.003512478 0.055125579 -0.998473287 -98.687614441 -0.037937816 0.997753203 0.055219281 3.585590124 0.999273896 0.038073849 -0.001413242 18.362834930
-0.003781506 0.053887598 -0.998539865 -99.841896057 -0.037594434 0.997833431 0.053991854 3.619464874 0.999285936 0.037743710 -0.001747439 18.362964630
-0.003707495 0.054288216 -0.998518407 -101.007995605 -0.036384314 0.997856855 0.054387331 3.666281462 0.999330938 0.036532052 -0.001724310 18.363218307
-0.003597695 0.056566022 -0.998392344 -102.151382446 -0.036477793 0.997726977 0.056659758 3.707164526 0.999328017 0.036623001 -0.001526114 18.346534729
-0.003643157 0.058756605 -0.998265684 -103.330574036 -0.035055112 0.997651219 0.058848374 3.753994942 0.999378860 0.035208713 -0.001574880 18.338527679
-0.004288092 0.057222616 -0.998352230 -104.492828369 -0.039005809 0.997592032 0.057346579 3.812276840 0.999229729 0.039187439 -0.002045753 18.324165344
-0.004192713 0.058945876 -0.998252392 -105.653472900 -0.042583197 0.997345090 0.059071161 3.855532408 0.999084115 0.042756446 -0.001671478 18.307815552
-0.004484460 0.058055855 -0.998303294 -106.830490112 -0.045956381 0.997246504 0.058200844 3.909946680 0.998933315 0.046139400 -0.001804076 18.290956497
-0.004332988 0.054196857 -0.998520792 -107.985626221 -0.047787052 0.997378230 0.054342203 3.959836960 0.998848140 0.047951825 -0.001731720 18.268867493
-0.005185884 0.050388422 -0.998716235 -109.180023193 -0.047049500 0.997611284 0.050576989 4.002081871 0.998879015 0.047251381 -0.002802747 18.265171051
-0.005972781 0.049617417 -0.998750389 -110.372581482 -0.043955218 0.997789860 0.049832560 4.046536446 0.999015629 0.044197924 -0.003778636 18.252185822
-0.006704556 0.049044348 -0.998774111 -111.556144714 -0.039709225 0.997995675 0.049272686 4.086319447 0.999188721 0.039990902 -0.004743605 18.256189346
-0.007045316 0.050578412 -0.998695254 -112.778587341 -0.038957380 0.997947931 0.050815392 4.139423370 0.999216020 0.039264563 -0.005060456 18.238908768
-0.007669794 0.054888196 -0.998463094 -114.022674561 -0.038044803 0.997753561 0.055141442 4.175444603 0.999246597 0.038409255 -0.005564353 18.223285675
-0.008497098 0.054787971 -0.998461783 -115.234275818 -0.036245871 0.997824848 0.055061474 4.236013412 0.999306798 0.036657982 -0.006492777 18.220613480
-0.009665618 0.050130427 -0.998695850 -116.456054688 -0.036373731 0.998063862 0.050450739 4.290146828 0.999291599 0.036813930 -0.007823474 18.209697723
-0.010372624 0.046750244 -0.998852730 -117.696853638 -0.036624342 0.998218536 0.047100883 4.328681946 0.999275327 0.037070885 -0.008641947 18.189985275
-0.010330778 0.045174599 -0.998925686 -118.957153320 -0.035910469 0.998317838 0.045518495 4.378449440 0.999301612 0.036342137 -0.008691160 18.170055389
-0.011080364 0.046148859 -0.998873055 -120.199714661 -0.037917532 0.998196602 0.046538219 4.425700665 0.999219477 0.038390458 -0.009310530 18.147932053
-0.011378646 0.051673528 -0.998599172 -121.467239380 -0.042715590 0.997726977 0.052115135 4.461604118 0.999022484 0.043248750 -0.009145519 18.120111465
-0.011457657 0.054447673 -0.998450875 -122.737518311 -0.048486296 0.997311532 0.054941952 4.514734745 0.998758137 0.049040694 -0.008786888 18.082927704
-0.011457999 0.054098662 -0.998469830 -124.000556946 -0.055612285 0.996955395 0.054654796 4.569552422 0.998386741 0.056153424 -0.008414563 18.050603867
-0.011149022 0.052042559 -0.998582661 -125.259338379 -0.059120253 0.996863365 0.052613027 4.621335983 0.998188674 0.059623029 -0.008037280 18.018854141
-0.011710291 0.050842538 -0.998638034 -126.530471802 -0.061117563 0.996802866 0.051465787 4.668660164 0.998061895 0.061636996 -0.008565482 17.997459412
-0.012606573 0.049742084 -0.998682499 -127.791824341 -0.060972143 0.996865153 0.050421219 4.714043617 0.998059869 0.061527450 -0.009534173 17.978681564
-0.012593823 0.049734484 -0.998683095 -129.075271606 -0.059169360 0.996975064 0.050395586 4.751955032 0.998168528 0.059726112 -0.009612970 17.953987122
-0.013246313 0.050550703 -0.998633623 -130.329696655 -0.059339985 0.996921360 0.051251132 4.793452263 0.998149931 0.059937801 -0.010205853 17.935646057
-0.013992131 0.055406731 -0.998365819 -131.594696045 -0.059148036 0.996669292 0.056141537 4.841253281 0.998151183 0.059836928 -0.010668327 17.915811539
-0.014379291 0.059383333 -0.998131633 -132.874816895 -0.058507159 0.996474624 0.060127608 4.895992279 0.998183429 0.059262447 -0.010854246 17.889942169
-0.014206101 0.058516614 -0.998185277 -134.125091553 -0.058435876 0.996531308 0.059251294 4.941866398 0.998190165 0.059171565 -0.010737354 17.856639862
-0.013669848 0.056696568 -0.998297811 -135.394531250 -0.057996560 0.996665359 0.057398010 4.996906757 0.998223186 0.058682464 -0.010336056 17.844947815
-0.012269531 0.055962317 -0.998357475 -136.644119263 -0.056940164 0.996773422 0.056573302 5.050895691 0.998302102 0.057540774 -0.009043440 17.820362091
-0.011566479 0.055335879 -0.998400807 -137.896728516 -0.057556119 0.996775329 0.055912569 5.097072124 0.998275399 0.058110781 -0.008344264 17.807405472
-0.010897300 0.057668243 -0.998276353 -139.143020630 -0.057475202 0.996649027 0.058201637 5.145110607 0.998287439 0.058010384 -0.007546289 17.792856216
-0.009861487 0.061191503 -0.998077333 -140.415222168 -0.058204260 0.996398449 0.061663657 5.200567245 0.998255968 0.058700439 -0.006264365 17.773990631
-0.008463237 0.062014297 -0.998039365 -141.670471191 -0.059757691 0.996260047 0.062410470 5.259598255 0.998177052 0.060168721 -0.004725753 17.753240585
-0.007155302 0.059511542 -0.998201966 -142.934722900 -0.061893780 0.996287227 0.059841048 5.310957432 0.998057067 0.062210679 -0.003445341 17.734928131
-0.007494198 0.056539655 -0.998372197 -144.180252075 -0.060684793 0.996534348 0.056891099 5.361907005 0.998128831 0.061012357 -0.004037129 17.719739914
-0.007100888 0.055138875 -0.998453498 -145.432220459 -0.057869155 0.996782541 0.055458177 5.409774780 0.998298943 0.058173455 -0.003887201 17.707000732
-0.007377891 0.054575875 -0.998482347 -146.693466187 -0.055842631 0.996928871 0.054903589 5.451954842 0.998412311 0.056162953 -0.004307572 17.697168350
-0.007675096 0.054855082 -0.998464823 -147.929260254 -0.053960454 0.997016728 0.055190302 5.503906250 0.998513579 0.054301213 -0.004692192 17.687488556
-0.007977111 0.053261839 -0.998548746 -149.177169800 -0.051827893 0.997216284 0.053604815 5.552516937 0.998624146 0.052180283 -0.005194457 17.687364578
-0.007884040 0.053570762 -0.998532951 -150.417465210 -0.050879840 0.997249126 0.053903606 5.597943306 0.998673677 0.051230170 -0.005136680 17.672395706
-0.008317869 0.056078304 -0.998391747 -151.650100708 -0.048709020 0.997218311 0.056418207 5.648781776 0.998778343 0.049099963 -0.005563213 17.665550232
-0.008130834 0.057337712 -0.998321712 -152.899261475 -0.046777960 0.997239947 0.057656564 5.701435089 0.998872221 0.047168251 -0.005426252 17.647150040
-0.007802294 0.055667222 -0.998418808 -154.125396729 -0.044682607 0.997432649 0.055961411 5.754572392 0.998970747 0.045048591 -0.005294905 17.627454758
-0.009050083 0.056220267 -0.998377383 -155.366516113 -0.045468990 0.997362435 0.056575272 5.802068710 0.998924732 0.045907218 -0.006469934 17.622282028
-0.008923010 0.060901299 -0.998103917 -156.597183228 -0.046472449 0.997039914 0.061251834 5.856341362 0.998879671 0.046930883 -0.006066364 17.605970383
-0.008713686 0.067670085 -0.997669756 -157.827072144 -0.051430576 0.996356785 0.068030223 5.907374382 0.998638570 0.051903520 -0.005201627 17.590976715
-0.007323840 0.067799866 -0.997672081 -159.090698242 -0.055575833 0.996129274 0.068103001 5.968308926 0.998427629 0.055945240 -0.003527456 17.569711685
-0.005996373 0.063445851 -0.997967243 -160.320907593 -0.059356362 0.996202946 0.063690335 6.035352230 0.998218894 0.059617624 -0.002207689 17.546096802
-0.004094848 0.058648624 -0.998270273 -161.548538208 -0.061102308 0.996398687 0.058789302 6.080732346 0.998123109 0.061237354 -0.000496535 17.529573441
-0.003421883 0.057138566 -0.998360395 -162.769683838 -0.063559063 0.996335208 0.057240505 6.133886337 0.997972190 0.063650727 0.000222331 17.517049789
-0.001951247 0.053961333 -0.998541117 -163.982086182 -0.058810547 0.996808529 0.053982630 6.178725243 0.998267174 0.058830079 0.001228477 17.521184921
-0.001775676 0.049115073 -0.998791456 -165.193572998 -0.055882256 0.997227550 0.049137510 6.230831146 0.998435736 0.055901982 0.000973909 17.514698029
-0.002151512 0.045720559 -0.998952091 -166.422180176 -0.049311548 0.997734129 0.045771040 6.268999577 0.998781145 0.049358342 0.000107915 17.515947342
-0.003232478 0.048971239 -0.998795033 -167.652893066 -0.047481887 0.997666121 0.049069565 6.309933662 0.998866856 0.047583278 -0.000899687 17.510749817
-0.002347657 0.055186421 -0.998473346 -168.884292603 -0.048129678 0.997312725 0.055235438 6.357056141 0.998838305 0.048185878 0.000314757 17.500600815
-0.001088176 0.058608048 -0.998280466 -170.069030762 -0.049621675 0.997048080 0.058589786 6.399440289 0.998767495 0.049600106 0.001823265 17.501159668
0.000763898 0.055132847 -0.998478770 -171.280975342 -0.050671019 0.997198522 0.055023391 6.451195717 0.998715162 0.050551899 0.003555395 17.493217468
0.001384775 0.055435553 -0.998461246 -172.501602173 -0.052870672 0.997069776 0.055284977 6.501729965 0.998600483 0.052712761 0.004311633 17.489942551
0.002570322 0.056366615 -0.998406827 -173.721374512 -0.051612344 0.997086883 0.056159224 6.550755501 0.998664021 0.051385757 0.005472047 17.485660553
0.003149991 0.053823467 -0.998545587 -174.925003052 -0.051503174 0.997233808 0.053590305 6.604521275 0.998667896 0.051259454 0.005913357 17.487733841
0.005159786 0.052607544 -0.998601913 -176.127716064 -0.051961910 0.997280240 0.052269436 6.644312382 0.998635709 0.051619571 0.007879341 17.482122421
0.006257080 0.054344658 -0.998502553 -177.293624878 -0.053079978 0.997132540 0.053937465 6.686589241 0.998570561 0.052663002 0.009123751 17.494094849
0.008052635 0.056465827 -0.998372018 -178.411041260 -0.053051330 0.997022450 0.055961598 6.716396332 0.998559296 0.052514322 0.011024242 17.486068726
0.008415435 0.057723317 -0.998297215 -179.499694824 -0.053923853 0.996906042 0.057188310 6.752741337 0.998509467 0.053350762 0.011502060 17.491193771
0.008855317 0.059379779 -0.998196185 -180.589935303 -0.054277558 0.996792257 0.058814757 6.781298637 0.998486578 0.053658824 0.012049899 17.488245010
0.008372054 0.060318865 -0.998144031 -181.641693115 -0.053558584 0.996773362 0.059786804 6.819484711 0.998529613 0.052958641 0.011575632 17.500064850
0.009259288 0.059402879 -0.998191118 -182.667816162 -0.054123100 0.996800423 0.058818068 6.856874466 0.998491347 0.053480584 0.012444731 17.497179031
0.010627571 0.059541844 -0.998169243 -183.642776489 -0.054797158 0.996760309 0.058874372 6.887859344 0.998440981 0.054071147 0.013855864 17.505666733
0.012041638 0.060288977 -0.998108268 -184.609222412 -0.055647671 0.996674120 0.059530988 6.921020508 0.998377860 0.054825552 0.015356534 17.513616562
0.011745262 0.058669940 -0.998208344 -185.545974731 -0.054246359 0.996844411 0.057951503 6.952258110 0.998458505 0.053468511 0.014890831 17.517753601
0.008241598 0.055657197 -0.998415947 -186.481399536 -0.051667292 0.997139871 0.055159565 6.982300282 0.998630345 0.051130842 0.011093684 17.528057098
0.003186875 0.051997453 -0.998642206 -187.408401489 -0.051524647 0.997329235 0.051764667 7.013665676 0.998666584 0.051289719 0.005857515 17.527994156
-0.001619578 0.049066316 -0.998794317 -188.331100464 -0.053101763 0.997381985 0.049083050 7.044310093 0.998587787 0.053117223 0.000990169 17.516832352
-0.005185422 0.048201062 -0.998824179 -189.270309448 -0.055274341 0.997296691 0.048414312 7.078396320 0.998457730 0.055460393 -0.002507122 17.501422882
-0.007822652 0.049053181 -0.998765469 -190.183288574 -0.057086203 0.997145295 0.049420726 7.104409695 0.998338580 0.057402328 -0.005000062 17.479671478
-0.009680512 0.050515577 -0.998676300 -191.116516113 -0.055931516 0.997132242 0.050979637 7.139649391 0.998387635 0.056350991 -0.006827340 17.463762283
-0.011835498 0.052176490 -0.998567760 -192.036392212 -0.052705824 0.997216880 0.052730598 7.167442799 0.998539925 0.053254426 -0.009052552 17.466190338
-0.013216676 0.052276660 -0.998545229 -192.951171875 -0.051142119 0.997290075 0.052887861 7.202845097 0.998603940 0.051766712 -0.010507320 17.451145172
-0.013863722 0.051046923 -0.998600125 -193.853912354 -0.051757067 0.997320592 0.051700071 7.237369537 0.998563409 0.052401364 -0.011184537 17.429199219
-0.014745655 0.050182410 -0.998631239 -194.768218994 -0.053442881 0.997272670 0.050903268 7.262139797 0.998461902 0.054120336 -0.012023549 17.408943176
-0.014662016 0.049970850 -0.998643041 -195.673400879 -0.056870028 0.997091949 0.050728206 7.286787510 0.998273909 0.057536632 -0.011777535 17.391429901
-0.014134131 0.047962546 -0.998749077 -196.589828491 -0.059629660 0.997030735 0.048723899 7.320697308 0.998120427 0.060243744 -0.011232173 17.374263763
-0.013537429 0.045688070 -0.998863935 -197.500823975 -0.059481043 0.997149706 0.046415791 7.343740463 0.998137712 0.060041822 -0.010781269 17.364486694
-0.012662468 0.043128423 -0.998989284 -198.425247192 -0.059537482 0.997264385 0.043808598 7.372412205 0.998145759 0.060032036 -0.010060069 17.337696075
-0.011532124 0.042850025 -0.999014974 -199.336990356 -0.059201822 0.997299552 0.043459844 7.396514893 0.998179376 0.059644695 -0.008964184 17.321920395
-0.011579890 0.045469251 -0.998898625 -200.269241333 -0.056676902 0.997329652 0.046054870 7.425047874 0.998325408 0.057147793 -0.008971913 17.317897797
-0.011326141 0.046839498 -0.998838246 -201.210372925 -0.056239411 0.997291386 0.047404673 7.451560974 0.998353183 0.056710981 -0.008661238 17.300632477
-0.010310948 0.043202680 -0.999013126 -202.133895874 -0.051265951 0.997729480 0.043676294 7.480121613 0.998631835 0.051665705 -0.008072712 17.291423798
-0.009961161 0.040043857 -0.999148250 -203.074737549 -0.049764473 0.997939825 0.040491551 7.510075092 0.998711288 0.050125431 -0.007947876 17.279815674
-0.009645060 0.040431052 -0.999135733 -204.015884399 -0.054364849 0.997683227 0.040897079 7.542178154 0.998474479 0.054712322 -0.007424688 17.261379242
-0.008231220 0.044407897 -0.998979509 -204.962265015 -0.055166431 0.997471750 0.044795420 7.570102215 0.998443127 0.055478852 -0.005760586 17.250043869
-0.005869282 0.044086285 -0.999010503 -205.941894531 -0.052977066 0.997611046 0.044335764 7.600172043 0.998578489 0.053184863 -0.003519698 17.234479904
-0.003658064 0.044947818 -0.998982668 -206.903442383 -0.051775042 0.997640967 0.045077033 7.640947342 0.998652041 0.051887255 -0.001322259 17.229064941
-0.002209053 0.049431723 -0.998775005 -207.874893188 -0.052750587 0.997381210 0.049479403 7.677546978 0.998605311 0.052795276 0.000404285 17.224218369
-0.000480184 0.053677041 -0.998558164 -208.872619629 -0.050151363 0.997300506 0.053633545 7.710671902 0.998741508 0.050104812 0.002213088 17.224971771
0.000875366 0.053867806 -0.998547673 -209.862106323 -0.049663901 0.997318149 0.053757943 7.754387856 0.998765588 0.049544718 0.003548303 17.222318649
0.002685640 0.055049717 -0.998479962 -210.873535156 -0.052945819 0.997090936 0.054830723 7.793047428 0.998593748 0.052718088 0.005592479 17.221868515
0.006104877 0.056872740 -0.998362780 -211.909637451 -0.055563465 0.996858239 0.056447271 7.838854313 0.998436451 0.055127889 0.009245745 17.213088989
0.009448222 0.057141472 -0.998321414 -212.936279297 -0.056692012 0.996790826 0.056517318 7.884019852 0.998347044 0.056062859 0.012657365 17.223352432
0.012256620 0.054351017 -0.998446703 -213.959655762 -0.059646711 0.996783316 0.053528272 7.927068710 0.998144329 0.058897987 0.015459053 17.226118088
