1.000000000 0.000000000 0.000000000 0.000000000 0.000000000 1.000000000 0.000000000 0.000000000 0.000000000 0.000000000 1.000000000 0.000000000
0.999995649 0.002954700 0.000153119 -0.005943590 -0.002954910 0.999994695 0.001388349 -0.012907467 -0.000149016 -0.001388796 0.999999046 0.772521079
0.999984860 0.005489565 0.000643310 -0.013281737 -0.005490796 0.999983072 0.001925687 -0.029880727 -0.000632728 -0.001929190 0.999997914 1.538482308
0.999976993 0.006681872 0.001171486 -0.021697167 -0.006683984 0.999975979 0.001809641 -0.048308417 -0.001159366 -0.001817430 0.999997675 2.273513794
0.999962151 0.008631510 0.001049964 -0.024676379 -0.008633099 0.999961555 0.001517363 -0.061578505 -0.001036826 -0.001526370 0.999998271 3.000949621
0.999959350 0.008841670 0.001836216 -0.035456356 -0.008843901 0.999960184 0.001209573 -0.074884064 -0.001825448 -0.001225763 0.999997556 3.716275454
0.999957383 0.009041047 0.001857667 -0.029587777 -0.009044844 0.999957085 0.002046557 -0.086718321 -0.001839084 -0.002063273 0.999996185 4.413376331
0.999946356 0.009929226 0.002954160 -0.046822138 -0.009944158 0.999937654 0.005083494 -0.103615336 -0.002903501 -0.005112598 0.999982655 5.085677147
0.999943912 0.009645586 0.004376366 -0.041809794 -0.009683959 0.999914050 0.008833312 -0.107803151 -0.004290788 -0.008875197 0.999951422 5.757275581
0.999944866 0.008925430 0.005535508 -0.038771380 -0.008994266 0.999880910 0.012537596 -0.120255224 -0.005422945 -0.012586694 0.999906123 6.384045124
0.999942660 0.008263587 0.006801351 -0.041188210 -0.008362317 0.999858201 0.014618059 -0.127188832 -0.006679588 -0.014674096 0.999870062 6.991278172
0.999932766 0.008771569 0.007576495 -0.024954582 -0.008881493 0.999853969 0.014598907 -0.138150394 -0.007447334 -0.014665217 0.999864697 7.580410480
0.999919832 0.009347806 0.008533857 -0.021718087 -0.009450416 0.999882579 0.012063826 -0.147162601 -0.008420085 -0.012143509 0.999890745 8.134606361
0.999912679 0.009219540 0.009464636 -0.021147057 -0.009305088 0.999915898 0.009034738 -0.150460124 -0.009380544 -0.009122019 0.999914408 8.664774895
0.999910235 0.007808798 0.010887287 -0.008365900 -0.007891736 0.999939978 0.007595789 -0.157977372 -0.010827319 -0.007681028 0.999911904 9.162291527
0.999909103 0.003881285 0.012911093 -0.004702588 -0.003948429 0.999978781 0.005179059 -0.163535208 -0.012890719 -0.005229567 0.999903202 9.617394447
0.999889731 0.001913625 0.014722997 0.007895511 -0.001977754 0.999988616 0.004342318 -0.171610191 -0.014714519 -0.004370958 0.999882162 10.075570107
0.999844968 0.006358725 0.016414221 0.015673311 -0.006398452 0.999976695 0.002368875 -0.182556868 -0.016398776 -0.002473533 0.999862492 10.492022514
0.999746442 0.010756075 0.019781502 0.012618569 -0.010790073 0.999940455 0.001612741 -0.189413130 -0.019762978 -0.001825776 0.999803007 10.880410194
0.999677002 0.011063896 0.022879168 0.021291826 -0.011129824 0.999934256 0.002756195 -0.199410841 -0.022847170 -0.003009946 0.999734461 11.220869064
0.999639511 0.006638407 0.026016312 0.037514243 -0.006728489 0.999971688 0.003376502 -0.206395999 -0.025993161 -0.003550335 0.999655783 11.545681000
0.999584377 0.002438273 0.028724816 0.052475788 -0.002520800 0.999992788 0.002837161 -0.205868706 -0.028717693 -0.002908392 0.999583244 11.826172829
0.999517620 -0.001134276 0.031036094 0.067879803 0.001002998 0.999990463 0.004245118 -0.212263420 -0.031040613 -0.004211941 0.999509215 12.082566261
0.999438822 -0.001389254 0.033468384 0.077670187 0.001212588 0.999985158 0.005298315 -0.217512950 -0.033475254 -0.005254758 0.999425709 12.312911987
0.999357522 -0.000898550 0.035829231 0.080440871 0.000741739 0.999990046 0.004389678 -0.223653644 -0.035832819 -0.004360281 0.999348342 12.515727043
0.999301255 -0.000170542 0.037374154 0.101376787 0.000050296 0.999994814 0.003218268 -0.231774658 -0.037374511 -0.003214140 0.999296129 12.716003418
0.999180079 0.002350401 0.040418092 0.098945238 -0.002442993 0.999994516 0.002241611 -0.234501779 -0.040412601 -0.002338514 0.999180317 12.875289917
0.999096096 0.005114632 0.042199217 0.101879328 -0.005191722 0.999985039 0.001717426 -0.241425246 -0.042189799 -0.001934961 0.999107659 13.042812347
0.999032676 0.006692879 0.043462358 0.107007310 -0.006709902 0.999977469 0.000245789 -0.248282343 -0.043459736 -0.000537180 0.999054968 13.199043274
0.998948336 0.005521527 0.045518521 0.114488631 -0.005464938 0.999984205 -0.001367591 -0.255987585 -0.045525353 0.001117397 0.998962581 13.347741127
0.998885930 0.004764271 0.046948392 0.120595708 -0.004633628 0.999985099 -0.002891121 -0.259792328 -0.046961468 0.002670359 0.998893082 13.491036415
0.998830438 0.003894699 0.048192620 0.134563193 -0.003710844 0.999985516 -0.003903902 -0.260158271 -0.048207130 0.003720501 0.998830438 13.624959946
0.998770893 0.004608401 0.049350709 0.146122947 -0.004356095 0.999976933 -0.005218829 -0.263530344 -0.049373616 0.004997439 0.998767912 13.761805534
0.998690486 0.005603831 0.050849255 0.150246382 -0.005240150 0.999959826 -0.007282640 -0.267380923 -0.050888009 0.007006647 0.998679817 13.883192062
0.998631537 0.005820498 0.051971857 0.151788682 -0.005319406 0.999938130 -0.009774715 -0.267168850 -0.052025534 0.009484879 0.998600662 14.004466057
0.998608530 0.004836306 0.052511588 0.163634390 -0.004219220 0.999920785 -0.011855898 -0.273073673 -0.052564763 0.011617844 0.998549938 14.129103661
0.998636544 0.004041165 0.052045166 0.169756114 -0.003336942 0.999901831 -0.013610795 -0.276750416 -0.052095059 0.013418566 0.998551965 14.251269341
0.998742759 0.003400804 0.050011452 0.175858319 -0.002664286 0.999887109 -0.014786283 -0.281834811 -0.050056085 0.014634448 0.998639226 14.377766609
0.998886645 0.003374569 0.047053449 0.179141089 -0.002643621 0.999875069 -0.015588023 -0.286394507 -0.047100168 0.015446275 0.998770773 14.508180618
0.999071479 0.004343768 0.042863548 0.184038281 -0.003616886 0.999848664 -0.017021043 -0.285048246 -0.042930990 0.016850205 0.998935938 14.628408432
0.999313474 0.003829816 0.036848534 0.184624046 -0.003158786 0.999828398 -0.018251523 -0.287638694 -0.036912110 0.018122595 0.999154210 14.765408516
0.999530375 0.004045039 0.030376181 0.177113548 -0.003477531 0.999818861 -0.018712306 -0.293327957 -0.030446371 0.018597892 0.999363363 14.874415398
0.999717593 0.004282671 0.023376420 0.170111611 -0.003826678 0.999802172 -0.019516584 -0.294435740 -0.023455380 0.019421620 0.999536276 14.997459412
0.999881506 0.003366590 0.015020628 0.167375550 -0.003064199 0.999793112 -0.020109491 -0.300671488 -0.015085219 0.020061085 0.999684930 15.129992485
0.999983013 0.002784785 0.005122384 0.155550167 -0.002673204 0.999761820 -0.021662313 -0.301814288 -0.005181490 0.021648252 0.999752223 15.260626793
0.999965250 0.001197196 -0.008251121 0.150751248 -0.001388952 0.999728084 -0.023273598 -0.304517299 0.008221013 0.023284247 0.999695063 15.412532806
0.999708831 0.000304692 -0.024130324 0.126403734 -0.000913463 0.999681413 -0.025221489 -0.308394641 0.024114950 0.025236189 0.999390602 15.562884331
0.999057651 0.000611343 -0.043399971 0.099477485 -0.001759322 0.999649346 -0.026417876 -0.308046252 0.043368600 0.026469333 0.998708427 15.746530533
0.997865736 0.001691771 -0.065277807 0.066781886 -0.003391468 0.999657869 -0.025935888 -0.314482272 0.065211587 0.026101921 0.997530043 15.919823647
0.996037126 0.001909539 -0.088918053 0.030593988 -0.004093275 0.999694288 -0.024383105 -0.324782044 0.088844307 0.024650443 0.995740473 16.122476578
0.993336678 0.002987376 -0.115209900 -0.023656033 -0.005658043 0.999722660 -0.022860827 -0.329420418 0.115109652 0.023360360 0.993078053 16.325735092
0.989413321 0.004313772 -0.145060658 -0.095405117 -0.007350910 0.999764800 -0.020407556 -0.341120899 0.144938499 0.021257836 0.989212275 16.553588867
0.983958960 0.004478702 -0.178338736 -0.167007193 -0.007695881 0.999819815 -0.017352011 -0.339226753 0.178228870 0.018446140 0.983816087 16.811895370
0.976600826 0.005533433 -0.214988500 -0.254355222 -0.008582536 0.999875426 -0.013251729 -0.348180771 0.214888364 0.014786799 0.976526618 17.045331955
0.966936827 0.006652483 -0.254929513 -0.358208150 -0.009011229 0.999926627 -0.008085740 -0.350710690 0.254857033 0.010115627 0.966925859 17.311748505
0.955089867 0.010678472 -0.296123892 -0.482729822 -0.012133841 0.999921620 -0.003077340 -0.355880141 0.296067834 0.006532257 0.955144525 17.580362320
0.940911770 0.014141323 -0.338356376 -0.621729851 -0.014585976 0.999892890 0.001228556 -0.358214825 0.338337511 0.003779295 0.941017210 17.854808807
0.924142301 0.016432866 -0.381695092 -0.770005465 -0.014842589 0.999864578 0.007110327 -0.363646239 0.381760210 -0.000905610 0.924260914 18.128190994
0.904797077 0.020009568 -0.425372660 -0.933081985 -0.015170002 0.999775887 0.014761904 -0.368976921 0.425572723 -0.006903623 0.904897869 18.406139374
0.883081794 0.024295835 -0.468589604 -1.107450485 -0.016233137 0.999642551 0.021238122 -0.369107813 0.468938112 -0.011148322 0.883160651 18.662467957
0.858399928 0.029979166 -0.512104273 -1.322860837 -0.019420365 0.999474406 0.025957538 -0.370126784 0.512613416 -0.012336695 0.858530939 18.939674377
0.830384076 0.033297084 -0.556195617 -1.551516533 -0.020299073 0.999357998 0.029521408 -0.368629962 0.556821585 -0.013223851 0.830526888 19.214618683
0.799444675 0.037028044 -0.599597573 -1.794921041 -0.022666436 0.999247193 0.031487130 -0.366919309 0.600312054 -0.011581477 0.799682021 19.473295212
0.765469909 0.040236365 -0.642212451 -2.066357851 -0.023466066 0.999124706 0.034628071 -0.361362725 0.643043756 -0.011436546 0.765744030 19.746595383
0.729014874 0.043814421 -0.683094144 -2.378270626 -0.024582835 0.998981357 0.037840378 -0.341782272 0.684056282 -0.010793807 0.729349375 20.012702942
0.689676523 0.044567935 -0.722744763 -2.705513954 -0.021887504 0.998931050 0.040712856 -0.325631469 0.723786712 -0.012259622 0.689914882 20.283933640
0.648828983 0.044354342 -0.759640455 -3.055497169 -0.019435955 0.998940051 0.041725948 -0.309391677 0.760685980 -0.012308665 0.649003327 20.539142609
0.605765462 0.043299727 -0.794464171 -3.438496828 -0.013976774 0.998943150 0.043787144 -0.296926230 0.795520544 -0.015420694 0.605730414 20.800209045
0.561401069 0.043365598 -0.826406837 -3.838947535 -0.009159895 0.998890400 0.046194091 -0.282851219 0.827493131 -0.018363614 0.561175406 21.033397675
0.514283955 0.044548318 -0.856462181 -4.272470474 -0.006987975 0.998834431 0.047757622 -0.260335058 0.857591450 -0.018576043 0.513995886 21.259334564
0.464832336 0.043855954 -0.884311914 -4.737037659 -0.006101895 0.998907447 0.046331707 -0.232800305 0.885377765 -0.016140500 0.464592040 21.455507278
0.412627995 0.042741433 -0.909896433 -5.224591255 -0.000757588 0.998914301 0.046579402 -0.211918294 0.910899341 -0.018530639 0.412212372 21.644426346
0.358618110 0.042373545 -0.932522058 -5.702283859 0.004589894 0.998877108 0.047153827 -0.199065685 0.933473051 -0.021190394 0.358020902 21.801786423
0.303811669 0.041509978 -0.951827347 -6.228105068 0.007531204 0.998914599 0.045967359 -0.176690191 0.952702343 -0.021133823 0.303169250 21.943809509
0.251247913 0.047083218 -0.966776907 -6.798049450 0.008315044 0.998674393 0.050797589 -0.144323334 0.967887044 -0.020801581 0.250523359 22.046581268
0.200156882 0.052505866 -0.978355944 -7.386271954 0.010950932 0.998380840 0.055820938 -0.120743729 0.979702652 -0.021886854 0.199257821 22.134033203
0.151925638 0.053540632 -0.986940742 -7.993512154 0.017525382 0.998228788 0.056850791 -0.093337618 0.988236547 -0.025933605 0.150718227 22.213871002
0.107529916 0.054993130 -0.992679775 -8.611310959 0.020618362 0.998130858 0.057528563 -0.073102258 0.993988037 -0.026653469 0.106195062 22.257480621
0.067563981 0.053292118 -0.996290684 -9.246005058 0.019841388 0.998303175 0.054745331 -0.042032678 0.997517645 -0.023466598 0.066391952 22.263576508
0.031841412 0.048886959 -0.998296618 -9.887338638 0.017872086 0.998615503 0.049472626 -0.008142002 0.999333084 -0.019416923 0.030923624 22.262075424
0.003644984 0.048604496 -0.998811364 -10.561760902 0.015300888 0.998698413 0.048654832 0.029975025 0.999876261 -0.015460049 0.002896545 22.235626221
-0.017730335 0.052881084 -0.998443365 -11.259647369 0.014245735 0.998512387 0.052631758 0.059637729 0.999741316 -0.013290383 -0.018457288 22.211259842
-0.030512664 0.058709878 -0.997808695 -11.983921051 0.015343524 0.998183370 0.058262724 0.096085116 0.999416649 -0.013532151 -0.031358052 22.175359726
-0.038798865 0.061573338 -0.997348189 -12.729449272 0.015473804 0.998017013 0.061012678 0.126424596 0.999127150 -0.013065546 -0.039674707 22.146665573
-0.042249415 0.058747452 -0.997378409 -13.490761757 0.016399754 0.998176038 0.058099736 0.162547946 0.998972476 -0.013902081 -0.043135803 22.105680466
-0.041814201 0.054896645 -0.997616112 -14.271172523 0.024019018 0.998256087 0.053925138 0.199837416 0.998836637 -0.021706924 -0.043059852 22.081581116
-0.037404429 0.053226221 -0.997881591 -15.080303192 0.035928797 0.998006523 0.051886126 0.245144546 0.998654068 -0.033911921 -0.039242219 22.064596176
-0.031896468 0.053372301 -0.998065233 -15.906385422 0.036277402 0.997977018 0.052208237 0.283249199 0.998832583 -0.034541957 -0.033768155 22.043277740
-0.026946759 0.052118655 -0.998277247 -16.749713898 0.034279313 0.998100698 0.051184129 0.312752962 0.999048948 -0.032841012 -0.028682170 22.015699387
-0.023741819 0.045662187 -0.998674750 -17.626504898 0.038144302 0.998270333 0.044736877 0.353489757 0.998990178 -0.037031617 -0.025442505 22.004575729
-0.021702256 0.034867115 -0.999156296 -18.500867844 0.036012150 0.998770416 0.034071449 0.386821181 0.999115705 -0.035242341 -0.022931209 21.984067917
-0.020796260 0.026455320 -0.999433577 -19.396854401 0.027989000 0.999273419 0.025868686 0.414150983 0.999391913 -0.027435176 -0.021521607 21.941806793
-0.022168413 0.023841577 -0.999469936 -20.320779800 0.022783082 0.999468029 0.023336198 0.432754219 0.999494612 -0.022253675 -0.022699803 21.912206650
-0.026047708 0.030001320 -0.999210417 -21.264474869 0.013478075 0.999469280 0.029657740 0.453078121 0.999569833 -0.012694918 -0.026438244 21.868745804
-0.030454541 0.037955586 -0.998815298 -22.211183548 0.008495536 0.999252498 0.037713170 0.478802592 0.999500036 -0.007336933 -0.030754227 21.816343307
-0.035197470 0.047705978 -0.998241067 -23.232530594 0.007205916 0.998846173 0.047480814 0.509378791 0.999354422 -0.005522037 -0.035500623 21.774133682
-0.036793374 0.057555374 -0.997664094 -24.245870590 0.005752688 0.998335719 0.057381965 0.554934919 0.999306381 -0.003627975 -0.037063237 21.729331970
-0.037637852 0.065410323 -0.997148395 -25.277963638 0.007830010 0.997844100 0.065160416 0.602001071 0.999260783 -0.005355184 -0.038068872 21.686717987
-0.039324611 0.066184536 -0.997032166 -26.286645889 0.008977586 0.997787237 0.065880552 0.653483212 0.999186158 -0.006360215 -0.039831769 21.649211884
-0.040930953 0.063337050 -0.997152448 -27.307003021 0.007634937 0.997979522 0.063076183 0.706379294 0.999132752 -0.005031428 -0.041331828 21.599710464
-0.044151552 0.058584422 -0.997305572 -28.329114914 0.007622718 0.998269856 0.058303587 0.750595689 0.998995721 -0.005027986 -0.044521738 21.552545547
-0.048501179 0.053674623 -0.997379899 -29.355375290 0.007971517 0.998544216 0.053349622 0.795576811 0.998791277 -0.005363111 -0.048858438 21.494899750
-0.054081246 0.048868474 -0.997340024 -30.381975174 0.007666740 0.998792589 0.048523910 0.839176893 0.998507142 -0.005022112 -0.054390609 21.433309555
-0.060645532 0.046918467 -0.997056007 -31.409336090 0.006666131 0.998891473 0.046599358 0.880646050 0.998137116 -0.003820464 -0.060891062 21.353092194
-0.067543797 0.049637098 -0.996480823 -32.484672546 0.007605658 0.998758256 0.049235016 0.914570689 0.997687340 -0.004253373 -0.067837469 21.283945084
-0.073775776 0.054461241 -0.995786667 -33.553535461 0.006285135 0.998513281 0.054144714 0.957444668 0.997255087 -0.002264084 -0.074008405 21.195707321
-0.079949163 0.057480346 -0.995140254 -34.620380402 0.003557082 0.998346090 0.057379745 1.000818849 0.996792555 0.001047666 -0.080021389 21.101140976
-0.084514678 0.059417311 -0.994649112 -35.691745758 0.000121719 0.998221099 0.059620354 1.053470254 0.996422231 0.004917727 -0.084371559 20.998447418
-0.087108143 0.061047450 -0.994326651 -36.769428253 -0.004000273 0.998091161 0.061629016 1.097294927 0.996190786 0.009345967 -0.086697668 20.890073776
-0.088923708 0.061984435 -0.994107902 -37.838626862 -0.008467073 0.997978687 0.062983170 1.155004144 0.996002436 0.014017881 -0.088219136 20.787067413
-0.090117007 0.061425306 -0.994035184 -38.915824890 -0.009403438 0.997999251 0.062522762 1.210840583 0.995886743 0.014981713 -0.089359090 20.674463272
-0.091455854 0.060714468 -0.993956506 -39.999767303 -0.010467607 0.998025835 0.061926179 1.257900000 0.995754123 0.016067861 -0.090639770 20.565216064
-0.092725955 0.059942584 -0.993885636 -41.081554413 -0.011104090 0.998061955 0.061230417 1.312292218 0.995629787 0.016713846 -0.091880627 20.459133148
-0.093313403 0.059066180 -0.993883193 -42.170009613 -0.013603365 0.998069942 0.060592178 1.366411924 0.995543957 0.019174220 -0.092329800 20.338127136
-0.094180264 0.056681387 -0.993940294 -43.252483368 -0.018247824 0.998112023 0.058648344 1.410507321 0.995387912 0.023660768 -0.092968136 20.227828979
-0.094570339 0.051915277 -0.994163632 -44.340137482 -0.022803674 0.998264372 0.054298628 1.456264377 0.995257020 0.027805623 -0.093222342 20.115039825
-0.093574509 0.051214553 -0.994294167 -45.445095062 -0.024674367 0.998250008 0.053740460 1.502760053 0.995306492 0.029562319 -0.092147075 19.999832153
-0.091993958 0.055302683 -0.994222701 -46.555751801 -0.025463404 0.997999430 0.057868849 1.550274849 0.995433927 0.030639879 -0.090401731 19.894348145
-0.089938052 0.058556780 -0.994224489 -47.655132294 -0.025402389 0.997810483 0.061065894 1.595325112 0.995623350 0.030747825 -0.088253655 19.789089203
-0.088261202 0.058398299 -0.994384170 -48.775615692 -0.023866078 0.997869372 0.060721330 1.648761630 0.995811403 0.029091388 -0.086679421 19.680414200
-0.085635632 0.057607401 -0.994659722 -49.884407043 -0.023717606 0.997926295 0.059838563 1.700056672 0.996044219 0.028715262 -0.084091738 19.579074860
-0.081766151 0.057501074 -0.994991422 -51.014373779 -0.028156929 0.997802556 0.059977397 1.763855457 0.996253729 0.032920025 -0.079967417 19.480247498
-0.076085143 0.058350023 -0.995392561 -52.137287140 -0.033045940 0.997590303 0.061004803 1.816870213 0.996553540 0.037535243 -0.073973566 19.380626678
-0.069476523 0.057832137 -0.995905817 -53.257423401 -0.037141010 0.997476041 0.060514361 1.872676015 0.996891916 0.041193277 -0.067153223 19.277482986
-0.064369239 0.057035480 -0.996294856 -54.415584564 -0.038770977 0.997468650 0.059607610 1.929427862 0.997172654 0.042464226 -0.061994985 19.206071854
-0.058671109 0.056086581 -0.996700525 -55.553039551 -0.038382646 0.997555494 0.058394089 1.986273885 0.997539163 0.041682050 -0.056374934 19.137006760
-0.053051263 0.055869035 -0.997027636 -56.700191498 -0.036946557 0.997640193 0.057869259 2.036881685 0.997908056 0.039906774 -0.050861914 19.063592911
-0.047554784 0.056687638 -0.997258782 -57.840053558 -0.035826914 0.997649133 0.058418244 2.086658239 0.998225927 0.038506776 -0.045412045 19.007595062
-0.041455120 0.058270335 -0.997439682 -58.991188049 -0.035000455 0.997600555 0.059734389 2.137565613 0.998527169 0.037387140 -0.039316162 18.949277878
-0.035964694 0.059579041 -0.997575521 -60.152633667 -0.035546176 0.997513354 0.060856845 2.190279007 0.998720706 0.037648693 -0.033757456 18.903728485
-0.031353693 0.058801934 -0.997777164 -61.306571960 -0.035023350 0.997590363 0.059891474 2.242887497 0.998894513 0.036823314 -0.029218692 18.871953964
-0.025926203 0.054146808 -0.998196423 -62.459396362 -0.035196841 0.997863472 0.055042919 2.296740055 0.999044120 0.036560416 -0.023965012 18.829181671
-0.021397425 0.048918091 -0.998573542 -63.611660004 -0.035570718 0.998132646 0.049658690 2.336136818 0.999137998 0.036582544 -0.019617414 18.801525116
-0.017691866 0.048499286 -0.998666525 -64.773437500 -0.035231635 0.998172402 0.049099423 2.378740788 0.999222577 0.036053311 -0.015950819 18.778120041
-0.013706044 0.050620500 -0.998623848 -65.938148499 -0.034771759 0.998089612 0.051070645 2.422356367 0.999301255 0.035423890 -0.011919693 18.739629745
-0.012364079 0.050794430 -0.998632550 -67.124610901 -0.034532215 0.998091459 0.051194463 2.453654766 0.999327064 0.035117961 -0.010586438 18.735937119
-0.011339279 0.050306283 -0.998669446 -68.295738220 -0.036327470 0.998053670 0.050687738 2.504495382 0.999275565 0.036853898 -0.009489709 18.714847565
-0.010042146 0.051358733 -0.998629808 -69.455360413 -0.037793621 0.997947037 0.051703680 2.546486378 0.999235094 0.038261056 -0.008080497 18.694883347
-0.009622009 0.051338602 -0.998634875 -70.640228271 -0.038224973 0.997932374 0.051670786 2.583606482 0.999222815 0.038669974 -0.007639699 18.684593201
-0.008285481 0.049049728 -0.998761892 -71.813179016 -0.038685374 0.998032928 0.049334843 2.630533457 0.999217093 0.039046250 -0.006371674 18.665451050
-0.007740208 0.047217470 -0.998854578 -72.997947693 -0.036936339 0.998189390 0.047472242 2.679699898 0.999287665 0.037261482 -0.005982154 18.652978897
-0.007470926 0.047723938 -0.998832583 -74.187049866 -0.033440508 0.998289883 0.047948126 2.707611084 0.999412775 0.033759687 -0.005862237 18.648300171
-0.007073050 0.048095163 -0.998817682 -75.373146057 -0.031413857 0.998339057 0.048294567 2.753290892 0.999481440 0.031718306 -0.005550447 18.635768890
-0.006902360 0.051198546 -0.998664618 -76.564643860 -0.030954642 0.998198867 0.051388621 2.789411545 0.999496877 0.031268004 -0.005305096 18.626937866
-0.006097478 0.055056673 -0.998464525 -77.748237610 -0.033149488 0.997923255 0.055229262 2.831078768 0.999431729 0.033435352 -0.004259714 18.604963303
-0.006004300 0.055236518 -0.998455226 -78.937324524 -0.035453312 0.997833788 0.055415340 2.873312235 0.999353230 0.035731271 -0.004032976 18.592193604
-0.005744320 0.052830834 -0.998586953 -80.142814636 -0.036789775 0.997916222 0.053006981 2.917902470 0.999306440 0.037042279 -0.003788716 18.583583832
-0.005186646 0.050242167 -0.998723567 -81.323326111 -0.036585562 0.998058796 0.050398722 2.965075731 0.999317050 0.036800262 -0.003338440 18.570734024
-0.004816413 0.050152883 -0.998729944 -82.508277893 -0.034084804 0.998152971 0.050288282 3.000349522 0.999407351 0.034283724 -0.003098066 18.553754807
-0.004941894 0.051405896 -0.998665631 -83.682601929 -0.032701790 0.998135388 0.051540423 3.044227362 0.999452949 0.032912862 -0.003251614 18.550548553
-0.003603835 0.053468402 -0.998563051 -84.859443665 -0.032235608 0.998044372 0.053556968 3.092643976 0.999473810 0.032382298 -0.001873200 18.528308868
-0.004170698 0.056482527 -0.998394787 -86.033248901 -0.032680765 0.997862518 0.056588929 3.128126383 0.999457121 0.032864325 -0.002315891 18.532300949
-0.003824685 0.056852613 -0.998375237 -87.197784424 -0.034066327 0.997795641 0.056950115 3.172681093 0.999412179 0.034228802 -0.001879495 18.519334793
-0.004007618 0.054307036 -0.998516202 -88.372390747 -0.033686046 0.997950256 0.054411445 3.220425606 0.999424458 0.033854127 -0.002170014 18.511684418
-0.003388565 0.053082958 -0.998584330 -89.529541016 -0.032735124 0.998049021 0.053165585 3.262808561 0.999458313 0.032868940 -0.001644276 18.506748199
-0.003453240 0.054335780 -0.998516738 -90.691795349 -0.031069769 0.998034775 0.054417007 3.303575039 0.999511242 0.031211600 -0.001758253 18.500179291
-0.002812322 0.056827571 -0.998380005 -91.862045288 -0.029020309 0.997958839 0.056885350 3.355669260 0.999574900 0.029133275 -0.001157428 18.486455917
-0.002942372 0.059275068 -0.998237371 -93.014312744 -0.027413141 0.997861743 0.059333567 3.401069641 0.999619842 0.027539402 -0.001311165 18.489944458
-0.002577168 0.061403975 -0.998109698 -94.185791016 -0.028097861 0.997714520 0.061452210 3.446342468 0.999601841 0.028203120 -0.000845958 18.480924606
-0.002010414 0.062899828 -0.998017788 -95.346420288 -0.031072350 0.997534037 0.062931925 3.504087210 0.999515057 0.031137282 -0.000051010 18.463939667
-0.001559470 0.062614031 -0.998036623 -96.499481201 -0.033091150 0.997487903 0.062631324 3.546106577 0.999451041 0.033123855 0.000516418 18.456562042
-0.001694052 0.058057547 -0.998311877 -97.650688171 -0.035419028 0.997683346 0.058081105 3.603329182 0.999371052 0.035457622 0.000366215 18.445230484
-0.000945385 0.056282450 -0.998414457 -98.808715820 -0.036851883 0.997734666 0.056279026 3.654007673 0.999320269 0.036846656 0.001130871 18.429656982
-0.000964497 0.054949291 -0.998488784 -99.975105286 -0.036367673 0.997826695 0.054947998 3.691169262 0.999338031 0.036365710 0.001035977 18.432422638
-0.000820172 0.055404641 -0.998463690 -101.145553589 -0.035102468 0.997847080 0.055399265 3.738116741 0.999383450 0.035093982 0.001126433 18.433334351
-0.000953663 0.057446450 -0.998348117 -102.285682678 -0.035320394 0.997723579 0.057444260 3.784469604 0.999375582 0.035316821 0.001077539 18.425867081
-0.000974111 0.059481233 -0.998228967 -103.453704834 -0.034166273 0.997644544 0.059479754 3.833571434 0.999415636 0.034163695 0.001060435 18.424274445
-0.001532487 0.058325700 -0.998296440 -104.613952637 -0.038129248 0.997568250 0.058341682 3.886610746 0.999271572 0.038153704 0.000695154 18.413307190
-0.001541601 0.059690647 -0.998215735 -105.782882690 -0.041682109 0.997345507 0.059702985 3.939196110 0.999129772 0.041699778 0.000950523 18.400094986
-0.001752415 0.058918897 -0.998261154 -106.955184937 -0.045372810 0.997229993 0.058937673 3.992848158 0.998968601 0.045397196 0.000925755 18.381923676
-0.002210881 0.054780379 -0.998495936 -108.127929688 -0.046166506 0.997428179 0.054824017 4.046146870 0.998931289 0.046218280 0.000323824 18.379541397
-0.002590934 0.051327284 -0.998678446 -109.311050415 -0.045936655 0.997621536 0.051392131 4.086271286 0.998940945 0.046009108 -0.000226968 18.364950180
-0.003655158 0.050472442 -0.998718679 -110.507575989 -0.042581853 0.997811735 0.050582446 4.132205009 0.999086320 0.042712186 -0.001497950 18.359191895
-0.004034302 0.049650140 -0.998758495 -111.687767029 -0.038289625 0.998026550 0.049768418 4.175987720 0.999258518 0.038442876 -0.002125256 18.359405518
-0.004260139 0.051498462 -0.998663962 -112.895805359 -0.037244380 0.997971952 0.051621657 4.224295139 0.999297142 0.037414532 -0.002333471 18.347915649
-0.005049469 0.055610597 -0.998439729 -114.150024414 -0.036536511 0.997775614 0.055758383 4.262546062 0.999319494 0.036761053 -0.003006420 18.336774826
-0.005556650 0.055510573 -0.998442650 -115.356781006 -0.034889024 0.997839391 0.055671196 4.326088428 0.999375701 0.035144024 -0.003607935 18.329429626
-0.006857364 0.051102560 -0.998669863 -116.575103760 -0.034657191 0.998081207 0.051310413 4.376069546 0.999375761 0.034962948 -0.005073136 18.323272705
-0.007637042 0.047224749 -0.998855054 -117.809616089 -0.035106219 0.998255730 0.047464829 4.422410965 0.999354482 0.035428513 -0.005965839 18.307603836
-0.007566097 0.046022039 -0.998911798 -119.070098877 -0.034143951 0.998346090 0.046254586 4.467182636 0.999388278 0.034456767 -0.005982209 18.291719437
-0.008430305 0.046944339 -0.998861969 -120.310935974 -0.036118239 0.998231351 0.047219545 4.515535831 0.999311984 0.036475208 -0.006719849 18.274883270
-0.008722823 0.052010804 -0.998608470 -121.580787659 -0.040928777 0.997790992 0.052325737 4.558710575 0.999123931 0.041328255 -0.006574817 18.252458572
-0.008548386 0.055334598 -0.998431265 -122.844833374 -0.046387464 0.997370899 0.055672985 4.605131149 0.998886943 0.046790611 -0.005959080 18.212947845
-0.008533576 0.054990578 -0.998450398 -124.105033875 -0.053581547 0.997027159 0.055370133 4.661053181 0.998526990 0.053971030 -0.005561726 18.184436798
-0.007929379 0.052639417 -0.998582125 -125.363105774 -0.057312969 0.996948004 0.053008381 4.716056824 0.998324811 0.057652034 -0.004888256 18.150897980
-0.008948371 0.051592831 -0.998628080 -126.626571655 -0.059338890 0.996880770 0.052034277 4.763459206 0.998197794 0.059723102 -0.005858997 18.136909485
-0.009590494 0.050683685 -0.998668671 -127.887771606 -0.059105784 0.996939719 0.051163547 4.807740688 0.998205662 0.059517782 -0.006565444 18.119462967
-0.009770966 0.050598312 -0.998671293 -129.172729492 -0.057182178 0.997056305 0.051075973 4.844148159 0.998315930 0.057605267 -0.006848881 18.100187302
-0.010458670 0.051181123 -0.998634636 -130.423736572 -0.057330448 0.997015715 0.051698577 4.888448715 0.998300493 0.057792868 -0.007493220 18.087602615
-0.011131198 0.056330357 -0.998350084 -131.686477661 -0.057172112 0.996742964 0.056877114 4.934759140 0.998302281 0.057710905 -0.007874418 18.069732666
-0.011540570 0.060455557 -0.998104155 -132.968872070 -0.056410711 0.996541560 0.061013158 4.988688469 0.998340964 0.057007898 -0.008090319 18.049215317
-0.011475929 0.059386667 -0.998169065 -134.211669922 -0.056318041 0.996611893 0.059941508 5.038097382 0.998346984 0.056902807 -0.008092507 18.025144577
-0.010787698 0.057503033 -0.998287022 -135.485412598 -0.056147460 0.996735215 0.058020379 5.098399162 0.998364210 0.056677189 -0.007523831 18.007450104
-0.009443029 0.056805212 -0.998340666 -136.734786987 -0.055016596 0.996843398 0.057240408 5.152596951 0.998440802 0.055465825 -0.006287991 17.987722397
-0.008695078 0.056290299 -0.998376608 -137.986221313 -0.055370614 0.996855378 0.056686763 5.198233604 0.998427987 0.055773620 -0.005550907 17.974294662
-0.007683874 0.058568619 -0.998253882 -139.232757568 -0.055507906 0.996719062 0.058905844 5.248771667 0.998428702 0.055863611 -0.004407643 17.959476471
-0.006583681 0.062081244 -0.998049378 -140.500381470 -0.056547586 0.996450841 0.062354829 5.307550907 0.998378217 0.056847814 -0.003049770 17.944177628
-0.005534018 0.062977657 -0.997999609 -141.769668579 -0.058173157 0.996304393 0.063193254 5.365550995 0.998291194 0.058406498 -0.001849958 17.925037384
-0.004584911 0.060302805 -0.998169661 -143.032562256 -0.060232487 0.996351004 0.060469598 5.422534943 0.998173833 0.060399484 -0.000935994 17.911062241
-0.004712171 0.057378534 -0.998341382 -144.285293579 -0.058975529 0.996598780 0.057556733 5.472139359 0.998248339 0.059148937 -0.001312215 17.900737762
-0.004788486 0.056090184 -0.998414218 -145.522979736 -0.056219015 0.996831417 0.056270909 5.511922359 0.998407006 0.056399316 -0.001619979 17.906053543
-0.004983181 0.055356897 -0.998454213 -146.751831055 -0.054725736 0.996955216 0.055546921 5.561479092 0.998489022 0.054917943 -0.001938561 17.897825241
-0.005222173 0.056014281 -0.998416424 -148.014236450 -0.052605163 0.997031987 0.056211777 5.605211735 0.998601735 0.052815404 -0.002260033 17.893438339
-0.005115689 0.054619130 -0.998494148 -149.246215820 -0.050451864 0.997221351 0.054807998 5.652854443 0.998713374 0.050656274 -0.002345838 17.883523941
-0.005091033 0.054557484 -0.998497605 -150.497131348 -0.049641550 0.997265637 0.054743275 5.706749916 0.998754084 0.049845666 -0.002368795 17.874189377
-0.005529581 0.056955338 -0.998361409 -151.740020752 -0.047370929 0.997240901 0.057153787 5.760975361 0.998862088 0.047609344 -0.002816297 17.870056152
-0.005476733 0.058502041 -0.998272240 -152.973312378 -0.044893861 0.997266293 0.058689386 5.807608128 0.998976767 0.045137715 -0.002835378 17.860284805
-0.005434461 0.056959469 -0.998361766 -154.199249268 -0.042646784 0.997454882 0.057139877 5.859167099 0.999075413 0.042887442 -0.002991492 17.848373413
-0.006341716 0.057526823 -0.998323739 -155.439239502 -0.043409608 0.997386932 0.057748593 5.905153751 0.999037206 0.043703079 -0.003827927 17.835891724
-0.006013226 0.061982185 -0.998059094 -156.670272827 -0.043922689 0.997097552 0.062187098 5.962585449 0.999016821 0.044211384 -0.003273349 17.822444916
-0.005465151 0.068640672 -0.997626364 -157.906661987 -0.048923314 0.996428370 0.068826236 6.019067764 0.998787642 0.049183339 -0.002087502 17.804821014
-0.004571830 0.068709910 -0.997626185 -159.160400391 -0.053711653 0.996179640 0.068856440 6.078384876 0.998546004 0.053898960 -0.000863840 17.789997101
-0.003302780 0.064611442 -0.997905016 -160.388488770 -0.057683352 0.996236622 0.064694315 6.143341541 0.998329461 0.057776183 0.000436653 17.770072937
-0.001024313 0.059729099 -0.998214126 -161.605743408 -0.059440903 0.996445954 0.059684295 6.189006329 0.998231292 0.059395883 0.002529679 17.750732422
-0.000476519 0.058169361 -0.998306632 -162.828125000 -0.062154390 0.996374786 0.058086466 6.244565010 0.998066485 0.062076814 0.003140690 17.742605209
0.000927976 0.054893445 -0.998491764 -164.023101807 -0.057161607 0.996862531 0.054750748 6.285507202 0.998364508 0.057024594 0.004062862 17.752111435
0.001343156 0.050244808 -0.998736084 -165.240066528 -0.054134164 0.997276187 0.050098561 6.336677074 0.998532772 0.053998455 0.004059457 17.746580124
0.000826269 0.046792854 -0.998904288 -166.462432861 -0.047993571 0.997755289 0.046699349 6.378958702 0.998847306 0.047902394 0.003070171 17.752174377
-0.000680012 0.049692601 -0.998764336 -167.690231323 -0.045825016 0.997713745 0.049671538 6.424384594 0.998949289 0.045802172 0.001598707 17.755554199
0.000374183 0.055957206 -0.998433113 -168.936737061 -0.046914764 0.997334838 0.055878069 6.473850727 0.998898804 0.046820354 0.002998405 17.744234085
0.002088838 0.059560981 -0.998222470 -170.162368774 -0.047477946 0.997104824 0.059394944 6.517010212 0.998870015 0.047269490 0.004910624 17.743072510
0.003698349 0.056371193 -0.998403072 -171.373550415 -0.048522636 0.997243881 0.056126013 6.566753864 0.998815119 0.048237573 0.006423436 17.740753174
0.004292007 0.056471504 -0.998395085 -172.605804443 -0.050775860 0.997128606 0.056181602 6.618816376 0.998700857 0.050453223 0.007147072 17.742115021
0.005327568 0.057111029 -0.998353601 -173.828292847 -0.049696121 0.997149289 0.056776941 6.672548771 0.998750210 0.049311817 0.008150578 17.743646622
0.005705080 0.055342481 -0.998451114 -175.046630859 -0.049039792 0.997281492 0.054997440 6.718760490 0.998780549 0.048650071 0.008403554 17.752405167
0.007380443 0.053911041 -0.998518407 -176.229797363 -0.049274616 0.997352362 0.053483862 6.761423111 0.998758018 0.048806883 0.010017347 17.756462097
0.009061681 0.055775907 -0.998402178 -177.393508911 -0.050575834 0.997190833 0.055249203 6.804587841 0.998679042 0.049994368 0.011857137 17.757713318
0.010243713 0.057766538 -0.998277545 -178.527084351 -0.050393037 0.997091293 0.057180785 6.839212418 0.998676896 0.049720496 0.013124946 17.767152786
0.010827436 0.059459366 -0.998171985 -179.615783691 -0.051753733 0.996925950 0.058823746 6.868754387 0.998601198 0.051022224 0.013871397 17.771554947
0.010913888 0.060558509 -0.998104990 -180.691482544 -0.051891562 0.996853828 0.059915174 6.907329082 0.998593032 0.051139332 0.014022027 17.778444290
0.010736841 0.061660267 -0.998039424 -181.751037598 -0.051166061 0.996823370 0.061034687 6.941727161 0.998632431 0.050410431 0.013857648 17.788082123
0.011134969 0.060750317 -0.998090923 -182.780029297 -0.051646851 0.996855378 0.060098927 6.982285976 0.998603344 0.050879057 0.014237517 17.793022156
0.012621708 0.060901988 -0.998063922 -183.757492065 -0.052414156 0.996811509 0.060162734 7.010299683 0.998545647 0.051553320 0.015773593 17.806081772
0.013975546 0.061799917 -0.997990668 -184.715805054 -0.053137921 0.996723711 0.060977340 7.046629906 0.998489439 0.052178957 0.017213678 17.816820145
0.013426202 0.060059782 -0.998104513 -185.661071777 -0.051697604 0.996901095 0.059291951 7.080204487 0.998572528 0.050803550 0.016489547 17.824405670
0.010261543 0.056906767 -0.998326778 -186.597442627 -0.049160115 0.997200668 0.056337290 7.111979008 0.998738170 0.048499748 0.013030366 17.832853317
0.005292770 0.053547952 -0.998551250 -187.523605347 -0.049141292 0.997372687 0.053224284 7.140824318 0.998777807 0.048788387 0.007910280 17.835853577
0.000293001 0.050423898 -0.998727858 -188.453201294 -0.050972581 0.997430325 0.050343439 7.176808834 0.998700023 0.050892983 0.002862485 17.827096939
-0.003528585 0.049892925 -0.998748362 -189.394058228 -0.052671209 0.997358978 0.050009608 7.207294941 0.998605669 0.052781750 -0.000891343 17.821521759
-0.006315487 0.050605651 -0.998698771 -190.318435669 -0.054452907 0.997219443 0.050875038 7.234630585 0.998496354 0.054703351 -0.003542302 17.803834915
-0.008407347 0.052283470 -0.998596966 -191.244201660 -0.053122822 0.997198701 0.052657511 7.269830227 0.998552620 0.053490985 -0.005606349 17.793590546
-0.010279222 0.053657733 -0.998506486 -192.178833008 -0.050643910 0.997249782 0.054111559 7.303594589 0.998663843 0.051124495 -0.007533516 17.790479660
-0.011440933 0.054254375 -0.998461604 -193.084503174 -0.048456654 0.997323692 0.054747786 7.328122616 0.998759747 0.049008477 -0.008781328 17.774753571
-0.012037384 0.053246599 -0.998508751 -193.985244751 -0.049250826 0.997337520 0.053777874 7.358655930 0.998713911 0.049824718 -0.009382897 17.756883621
-0.013084454 0.052023623 -0.998560071 -194.898925781 -0.051007759 0.997310579 0.052626900 7.392707348 0.998612523 0.051622905 -0.010395656 17.743261337
-0.013162558 0.051134091 -0.998604953 -195.801116943 -0.054582119 0.997165740 0.051779840 7.429156303 0.998422503 0.055187531 -0.010334246 17.723825455
-0.011862729 0.049710955 -0.998693109 -196.697586060 -0.057392169 0.997083068 0.050312530 7.452974319 0.998281240 0.057914011 -0.008975107 17.696178436
-0.010662547 0.046893653 -0.998842895 -197.622039795 -0.057336446 0.997227609 0.047429875 7.488517284 0.998297989 0.057775833 -0.007944272 17.676927567
-0.010467610 0.044950921 -0.998934329 -198.547790527 -0.057385109 0.997315705 0.045479417 7.509591103 0.998297215 0.057800014 -0.007859998 17.671653748
-0.009744061 0.044453353 -0.998963892 -199.470352173 -0.057318535 0.997344017 0.044940352 7.541646481 0.998308361 0.057697050 -0.007170180 17.655714035
-0.009340003 0.047048535 -0.998848975 -200.402969360 -0.054952092 0.997358859 0.047492195 7.571329594 0.998445272 0.055332422 -0.006729919 17.644723892
-0.009140019 0.048600256 -0.998776495 -201.342391968 -0.054042879 0.997334421 0.049024649 7.598089695 0.998496771 0.054424852 -0.006489158 17.627803802
-0.008487829 0.044549629 -0.998971045 -202.273605347 -0.049423940 0.997767389 0.044915885 7.633728027 0.998741806 0.049754329 -0.006267061 17.631248474
-0.008319119 0.041384116 -0.999108613 -203.215484619 -0.047964029 0.997976720 0.041736603 7.664648056 0.998814404 0.048268490 -0.006317338 17.624526978
-0.007943614 0.041244302 -0.999117494 -204.175048828 -0.052257128 0.997766614 0.041604016 7.701346874 0.998602033 0.052541491 -0.005770566 17.607967377
-0.006797683 0.046085246 -0.998914361 -205.142211914 -0.053507160 0.997489631 0.046383627 7.723278999 0.998544335 0.053764369 -0.004314728 17.600280762
-0.004089095 0.045444388 -0.998958528 -206.075836182 -0.051589247 0.997626960 0.045594994 7.755640507 0.998660028 0.051721957 -0.001734951 17.584905624
-0.001799117 0.046368279 -0.998922825 -207.037658691 -0.050424609 0.997649312 0.046399988 7.796829224 0.998726308 0.050453767 0.000543214 17.580408096
-0.000312160 0.051297046 -0.998683333 -208.025131226 -0.051362272 0.997364461 0.051245343 7.831453323 0.998679996 0.051310647 0.002323396 17.576654434
0.001098771 0.055167720 -0.998476505 -209.025558472 -0.048135191 0.997322559 0.055050999 7.871096134 0.998840272 0.048001368 0.003751338 17.584426880
0.002064354 0.055490520 -0.998457074 -210.029388428 -0.048055813 0.997311175 0.055327479 7.917631149 0.998842537 0.047867451 0.004725446 17.584041595
0.004962134 0.056173377 -0.998408675 -211.040710449 -0.051259603 0.997122824 0.055846252 7.962290287 0.998672962 0.050900921 0.007827281 17.576444626
0.007568422 0.057950191 -0.998290837 -212.062591553 -0.053991150 0.996886849 0.057459373 8.008945465 0.998512685 0.053463992 0.010673658 17.579027176
0.010132552 0.058560088 -0.998232484 -213.069793701 -0.055194519 0.996794581 0.057915475 8.048667908 0.998424172 0.054510135 0.013332268 17.597492218
0.013959604 0.055767469 -0.998346210 -214.104156494 -0.058410663 0.996783853 0.054863464 8.098053932 0.998195052 0.057548188 0.017172128 17.594528198
