1.000000000 0.000000000 0.000000000 0.000000000 0.000000000 1.000000000 0.000000000 0.000000000 0.000000000 0.000000000 1.000000000 0.000000000
0.999933660 -0.002518329 0.011242159 0.015890023 0.002507541 0.999996364 0.000973580 -0.003621683 -0.011244570 -0.000945325 0.999936342 0.295408785
0.999827623 -0.004543541 0.018000931 0.025026893 0.004523024 0.999989092 0.001180333 -0.008656697 -0.018006098 -0.001098711 0.999837279 0.582639217
0.999777019 -0.007432508 0.019765597 0.038368262 0.007434560 0.999972343 -0.000030350 -0.012737563 -0.019764826 0.000177292 0.999804616 0.886596739
0.999815583 -0.008709315 0.017115293 0.050613064 0.008741211 0.999960184 -0.001789712 -0.010304853 -0.017099025 0.001938991 0.999851942 1.201517820
0.999883115 -0.011491736 0.010086348 0.056405634 0.011526784 0.999927700 -0.003423497 -0.010500165 -0.010046276 0.003539360 0.999943256 1.519812226
0.999912798 -0.013037777 -0.002095881 0.057109460 0.013026321 0.999900579 -0.005389161 -0.012512359 0.002165935 0.005361388 0.999983311 1.857179403
0.999747694 -0.012317901 -0.018779628 0.039252263 0.012211751 0.999908805 -0.005756649 -0.015492120 0.018848829 0.005525865 0.999807060 2.195504665
0.999222755 -0.007729871 -0.038652688 0.012092444 0.007527541 0.999957204 -0.005377356 -0.025015546 0.038692605 0.005082217 0.999238193 2.535728216
0.998297870 -0.004273830 -0.058166657 -0.033931393 0.003875665 0.999968231 -0.006956336 -0.024852099 0.058194552 0.006719060 0.998282671 2.889194489
0.996909082 -0.004039179 -0.078460626 -0.075834639 0.003469237 0.999966621 -0.007398998 -0.028557697 0.078487895 0.007103929 0.996889830 3.252243042
0.994973779 -0.005455026 -0.099987298 -0.118486263 0.004755085 0.999962449 -0.007237288 -0.027041817 0.100023039 0.006725463 0.994962454 3.629289627
0.992813528 -0.007466698 -0.119438402 -0.179595560 0.006797422 0.999958813 -0.006009946 -0.039348494 0.119478367 0.005154882 0.992823362 4.009940147
0.990552902 -0.006099113 -0.136995763 -0.256423920 0.005333274 0.999967992 -0.005956599 -0.038995028 0.137027726 0.005169690 0.990553737 4.405745983
0.988120079 -0.005038471 -0.153601304 -0.320943803 0.004347630 0.999978900 -0.004833192 -0.051012360 0.153622389 0.004107972 0.988121092 4.819438934
0.985962152 -0.004018067 -0.166920841 -0.409148097 0.003200599 0.999981523 -0.005166064 -0.056028038 0.166938514 0.004559297 0.985956788 5.238927364
0.983830214 -0.005757957 -0.179011166 -0.490169942 0.004751202 0.999970317 -0.006052202 -0.060661424 0.179040730 0.005103820 0.983828366 5.668505192
0.982095599 -0.009517550 -0.188142791 -0.587346494 0.008071866 0.999931633 -0.008448672 -0.066422425 0.188210353 0.006778740 0.982105315 6.115021706
0.980467737 -0.008724512 -0.196486235 -0.679810822 0.006844991 0.999924064 -0.010242742 -0.074086666 0.196560696 0.008697730 0.980453134 6.578019142
0.978911340 -0.008227606 -0.204119965 -0.786584377 0.005890773 0.999910057 -0.012053314 -0.079473570 0.204200760 0.010596700 0.978871644 7.057710648
0.977178574 -0.009352871 -0.212213293 -0.890792072 0.006427988 0.999874651 -0.014468491 -0.094035015 0.212321997 0.012774197 0.977116287 7.520368099
0.975429595 -0.013304062 -0.219909057 -1.005790353 0.010004171 0.999820054 -0.016112588 -0.103909075 0.220083877 0.013516689 0.975387394 8.017355919
0.973386049 -0.020071184 -0.228291228 -1.114889503 0.016465999 0.999707997 -0.017685968 -0.114567772 0.228579566 0.013456229 0.973432302 8.528125763
0.971282125 -0.019940173 -0.237093359 -1.240988851 0.015569248 0.999672711 -0.020293757 -0.129383817 0.237420455 0.016019601 0.971274912 9.050395966
0.969177186 -0.016569896 -0.245806605 -1.388573885 0.010849921 0.999638319 -0.024606356 -0.138133690 0.246125460 0.021180939 0.969006479 9.579121590
0.966966510 -0.013417063 -0.254550040 -1.546176910 0.006616796 0.999598444 -0.027552370 -0.156424999 0.254817516 0.024957912 0.966666996 10.120525360
0.964676440 -0.016089769 -0.262945503 -1.703221321 0.008752581 0.999539614 -0.029051466 -0.178920522 0.263291866 0.025723813 0.964373171 10.677459717
0.962226212 -0.019241100 -0.271570355 -1.859261513 0.011120154 0.999444664 -0.031411048 -0.199064761 0.272024006 0.027204627 0.961905837 11.251918793
0.960021079 -0.018754225 -0.279298842 -2.038205862 0.009720990 0.999384880 -0.033692721 -0.222414210 0.279758930 0.029630657 0.959612906 11.826855659
0.957697392 -0.017685445 -0.287233174 -2.231108189 0.007212660 0.999271452 -0.037478313 -0.247478738 0.287686735 0.033821169 0.957127213 12.425583839
0.955369353 -0.018190008 -0.294853330 -2.421167135 0.005926653 0.999081731 -0.042431828 -0.280935228 0.295354426 0.038790572 0.954599977 13.015482903
0.953465700 -0.020687915 -0.300790966 -2.607822657 0.005882488 0.998729646 -0.050044339 -0.315118194 0.301444232 0.045946155 0.952376127 13.622505188
0.952105403 -0.021500658 -0.305013239 -2.814496040 0.003899460 0.998297334 -0.058198642 -0.350985736 0.305745244 0.054221850 0.950568140 14.242219925
0.950904548 -0.021118991 -0.308762997 -3.031919718 0.000494615 0.997771382 -0.066722997 -0.394448012 0.309484035 0.063294493 0.948795795 14.862045288
0.949443042 -0.020714711 -0.313255161 -3.251000881 -0.003210442 0.997127891 -0.075667880 -0.442135572 0.313922912 0.072848015 0.946649671 15.505180359
0.948211551 -0.020351533 -0.316986948 -3.484032631 -0.006229596 0.996561885 -0.082617089 -0.494350940 0.317578495 0.080313168 0.944824696 16.149131775
0.946469665 -0.018472668 -0.322263837 -3.717429638 -0.010893218 0.995964706 -0.089082994 -0.559725344 0.322609007 0.087824829 0.942449093 16.814226151
0.944876075 -0.017567344 -0.326957017 -3.958716631 -0.014468754 0.995344102 -0.095293052 -0.619654238 0.327108741 0.094770767 0.940222502 17.472330093
0.943233252 -0.016284570 -0.331731915 -4.215994835 -0.018176273 0.994769633 -0.100514472 -0.692784727 0.331633598 0.100838229 0.938003600 18.150371552
0.941432297 -0.013423883 -0.336934835 -4.468201637 -0.022895707 0.994356573 -0.103589430 -0.768166482 0.336423904 0.105236791 0.935812056 18.832195282
0.939732909 -0.012352596 -0.341686219 -4.741319656 -0.025139654 0.994145751 -0.105081335 -0.844105005 0.340983897 0.107338257 0.933921039 19.530933380
0.937474728 -0.012025287 -0.347845495 -5.005719185 -0.025879147 0.994228244 -0.104117833 -0.928281307 0.347089887 0.106609784 0.931752563 20.226463318
0.935044169 -0.011940904 -0.354330122 -5.276803493 -0.026101725 0.994401753 -0.102391288 -1.010860443 0.353569120 0.104989000 0.929497778 20.943109512
0.932574809 -0.012436251 -0.360762566 -5.566582680 -0.025598617 0.994611740 -0.100459069 -1.095791221 0.360068023 0.102920622 0.927231550 21.654973984
0.929325104 -0.011629993 -0.369079471 -5.866993427 -0.026257636 0.994892299 -0.097465381 -1.175923705 0.368327886 0.100268185 0.924273133 22.393779755
0.925879538 -0.009718788 -0.377693981 -6.170809746 -0.026984993 0.995414972 -0.091764987 -1.255457520 0.376854032 0.095155381 0.921372116 23.125322342
0.922314763 -0.005690302 -0.386397600 -6.501769066 -0.030275512 0.995754182 -0.086930379 -1.330955148 0.385251701 0.091875568 0.918226540 23.882099152
0.918654442 -0.002053207 -0.395056814 -6.831293583 -0.033373319 0.996008754 -0.082781911 -1.409381032 0.393649995 0.089232333 0.914919317 24.630456924
0.914807022 -0.000627671 -0.403890699 -7.182370663 -0.035204753 0.996068776 -0.081286252 -1.480665088 0.402353972 0.088580117 0.911188662 25.385019302
0.910848796 -0.001254026 -0.412738204 -7.535378456 -0.035165109 0.996123552 -0.080630437 -1.548833847 0.411239356 0.087956116 0.907273829 26.131374359
0.907095075 -0.000903950 -0.420924723 -7.908113480 -0.035909463 0.996185899 -0.079524435 -1.619763255 0.419391215 0.087251402 0.903602898 26.901533127
0.902986050 -0.000399414 -0.429669768 -8.296433449 -0.036633447 0.996286690 -0.077914298 -1.685451865 0.428105414 0.086095802 0.899618387 27.693958282
0.899015009 -0.001310441 -0.437915891 -8.644813538 -0.035353210 0.996514320 -0.075560011 -1.759626031 0.436488479 0.083411321 0.895835042 28.422286987
0.895229816 -0.001047142 -0.445603520 -9.044865608 -0.034217712 0.996883094 -0.071086958 -1.832921624 0.444288999 0.078886703 0.892403662 29.213119507
0.891504884 0.001706943 -0.453007817 -9.461030006 -0.035304457 0.997213244 -0.065720528 -1.897414923 0.451633215 0.074583359 0.889080763 29.992475510
0.887649834 0.001817777 -0.460515469 -9.886661530 -0.034084339 0.997508764 -0.061760575 -1.960044146 0.459255993 0.070518121 0.885500491 30.799083710
0.884065568 0.000318579 -0.467362732 -10.326487541 -0.031957388 0.997700393 -0.059770666 -2.021560192 0.466268957 0.067776874 0.882042825 31.601665497
0.880604386 0.000564657 -0.473851889 -10.756014824 -0.032233067 0.997754335 -0.058712851 -2.085587740 0.472754657 0.066976488 0.878645062 32.410438538
0.877443254 0.001358999 -0.479678661 -11.216562271 -0.032618891 0.997850299 -0.056840438 -2.144184351 0.478570253 0.065520845 0.875601232 33.236663818
0.874325573 -0.001111681 -0.485338539 -11.675203323 -0.029550109 0.998020232 -0.055519804 -2.198038816 0.484439373 0.062884197 0.872561753 34.064777374
0.871817529 -0.001786396 -0.489827543 -12.183532715 -0.029151836 0.998031557 -0.055525590 -2.260933399 0.488962591 0.062687546 0.870049357 34.915718079
0.869391441 -0.003567070 -0.494111061 -12.641342163 -0.027761331 0.998041868 -0.056051269 -2.316300392 0.493343472 0.062447675 0.867590070 35.760089874
0.867875576 -0.003270158 -0.496770859 -13.140767097 -0.028540911 0.997998416 -0.056431592 -2.376043081 0.495961130 0.063153893 0.866045177 36.623889923
0.867662549 -0.002995286 -0.497144461 -13.648584366 -0.028488830 0.998039126 -0.055734526 -2.435770988 0.496336520 0.062521830 0.865875900 37.476802826
0.867312610 -0.003111682 -0.497754127 -14.155849457 -0.027551005 0.998147428 -0.054246165 -2.496389151 0.497000754 0.060762011 0.865620077 38.363216400
0.867122173 -0.003740310 -0.498081684 -14.675836563 -0.026512533 0.998207629 -0.053652260 -2.561210871 0.497389644 0.059728470 0.865468621 39.239772797
0.866491020 -0.005855131 -0.499158233 -15.201142311 -0.024491178 0.998228312 -0.054223578 -2.625265837 0.498591423 0.059209220 0.864812553 40.143444061
0.865325987 -0.008530523 -0.501136899 -15.733361244 -0.021752570 0.998273849 -0.054553673 -2.690871239 0.500737250 0.058107723 0.863646746 41.054660797
0.863787353 -0.008809104 -0.503779590 -16.281768799 -0.020601474 0.998393536 -0.052781500 -2.751012802 0.503435314 0.055970587 0.862218201 41.988201141
0.861702204 -0.007947732 -0.507351995 -16.822452545 -0.019548014 0.998615026 -0.048844386 -2.815688848 0.507037520 0.052007038 0.860353529 42.893112183
0.858910501 -0.007758096 -0.512066901 -17.371757507 -0.017703865 0.998837829 -0.044828363 -2.877985001 0.511819541 0.047569122 0.857775033 43.809528351
0.854813635 -0.008304847 -0.518868685 -17.942403793 -0.016190615 0.998958290 -0.042662341 -2.945187569 0.518682480 0.044869155 0.853788733 44.734706879
0.849611878 -0.011655914 -0.527279675 -18.510858536 -0.014400133 0.998870313 -0.045283888 -3.002240658 0.527211845 0.046066619 0.848484278 45.636779785
0.843449175 -0.015523104 -0.536984682 -19.082246780 -0.012470122 0.998747289 -0.048458677 -3.062026262 0.537064254 0.047568697 0.842199028 46.540332794
0.837500274 -0.015251850 -0.546223998 -19.669994354 -0.012893765 0.998780429 -0.047657710 -3.123510361 0.546284735 0.046956226 0.836282313 47.419738770
0.831447303 -0.011791632 -0.555478573 -20.272617340 -0.014309781 0.998988569 -0.042625464 -3.184825659 0.555419266 0.043389607 0.830437660 48.319389343
0.826478541 -0.006735636 -0.562927902 -20.885406494 -0.017830992 0.999113500 -0.038133830 -3.244472027 0.562685788 0.041554354 0.825625837 49.193344116
0.822439075 -0.006571827 -0.568815291 -21.501386642 -0.019272760 0.999037266 -0.039408527 -3.300041676 0.568526626 0.043373760 0.821520686 50.062480927
0.818660796 -0.010070744 -0.574189067 -22.120365143 -0.018381298 0.998874426 -0.043726806 -3.358551264 0.573983133 0.046351761 0.817554176 50.956924438
0.815706432 -0.012258226 -0.578336298 -22.748012543 -0.021151423 0.998474896 -0.050996087 -3.415683031 0.578079343 0.053830467 0.814203024 51.824020386
0.812271714 -0.013377835 -0.583125770 -23.384687424 -0.021052089 0.998413146 -0.052229926 -3.481231689 0.582899213 0.054700904 0.810701072 52.711811066
0.809027553 -0.011893202 -0.587650418 -24.025856018 -0.020450458 0.998620331 -0.048365109 -3.545347691 0.587414861 0.051146422 0.807668090 53.571910858
0.805828810 -0.009453682 -0.592073023 -24.661888123 -0.020169796 0.998854101 -0.043400470 -3.604892015 0.591804981 0.046915341 0.804714739 54.431911469
0.802928329 -0.007098270 -0.596033335 -25.302661896 -0.021153159 0.998959899 -0.040392637 -3.658196688 0.595700145 0.045040373 0.801943064 55.272701263
0.799623251 -0.006898126 -0.600462317 -25.953645706 -0.022329319 0.998900831 -0.041210894 -3.707973480 0.600086629 0.046361096 0.798590362 56.133743286
0.796253920 -0.008173082 -0.604907215 -26.622724533 -0.022158280 0.998843789 -0.042663157 -3.766697884 0.604556501 0.047374409 0.795152128 56.985858917
0.792005301 -0.011132150 -0.610412657 -27.284622192 -0.021214884 0.998728156 -0.045740023 -3.818471670 0.610145450 0.049176175 0.790761709 57.850200653
0.787957311 -0.012071255 -0.615611494 -27.945808411 -0.020839771 0.998712242 -0.046257351 -3.875630617 0.615377188 0.049278021 0.786690891 58.678527832
0.783363104 -0.012365158 -0.621441245 -28.615982056 -0.019581048 0.998814940 -0.044557039 -3.948455811 0.621255696 0.047072809 0.782192707 59.516784668
0.778614342 -0.012019045 -0.627387524 -29.301813126 -0.019833319 0.998845756 -0.043749165 -4.006963253 0.627189100 0.046506912 0.777477205 60.349220276
0.773009121 -0.013564763 -0.634249747 -29.996480942 -0.019465873 0.998793483 -0.045085866 -4.067168713 0.634095967 0.047198012 0.771812439 61.203990936
0.767525792 -0.015406298 -0.640832901 -30.700891495 -0.017911168 0.998805463 -0.045464549 -4.140299320 0.640767753 0.046373285 0.766332865 62.045047760
0.761789024 -0.016617231 -0.647612095 -31.410135269 -0.017477443 0.998779833 -0.046186727 -4.201114178 0.647589505 0.046503142 0.760569036 62.875564575
0.756178260 -0.018044703 -0.654116809 -32.133514404 -0.017251642 0.998722494 -0.047494520 -4.262764454 0.654138207 0.047198914 0.754900932 63.704193115
0.749865353 -0.019938357 -0.661289871 -32.863483429 -0.016999353 0.998634994 -0.049385857 -4.317554951 0.661372006 0.048274245 0.748502970 64.534423828
0.743619859 -0.021454060 -0.668258250 -33.622032166 -0.015013829 0.998697221 -0.048769616 -4.391396046 0.668433905 0.046299167 0.742329061 65.367050171
0.737523198 -0.021199401 -0.674988925 -34.383560181 -0.014575949 0.998774707 -0.047294877 -4.455416203 0.675164461 0.044719674 0.736310422 66.186500549
0.730854094 -0.021651136 -0.682190239 -35.148117065 -0.013692698 0.998830497 -0.046370026 -4.517580509 0.682396352 0.043230753 0.729702890 66.999237061
0.724457979 -0.023299344 -0.688925207 -35.910449982 -0.012406798 0.998826027 -0.046826851 -4.585983276 0.689207315 0.042471439 0.723318279 67.797897339
0.717448473 -0.025941990 -0.696128249 -36.691352844 -0.011169872 0.998749435 -0.048731469 -4.645767212 0.696521997 0.042737979 0.716261446 68.615364075
0.711607337 -0.025334669 -0.702120423 -37.495811462 -0.012419184 0.998739898 -0.048624601 -4.708806992 0.702467620 0.043321386 0.710395932 69.410400391
0.706075191 -0.024799753 -0.707702577 -38.313026428 -0.012754156 0.998779118 -0.047724675 -4.773884773 0.708022118 0.042723350 0.704896927 70.212974548
0.700988412 -0.024743233 -0.712743282 -39.127304077 -0.013196444 0.998776793 -0.047651824 -4.835884571 0.713050604 0.042809051 0.699804485 71.010528564
0.695891023 -0.025126461 -0.717707753 -39.955997467 -0.014316210 0.998703837 -0.048844971 -4.898768425 0.718004704 0.044265632 0.694629312 71.809684753
0.691059828 -0.026791409 -0.722300828 -40.795547485 -0.015090914 0.998560309 -0.051476557 -4.974281311 0.722639978 0.046473563 0.689660549 72.589660645
0.686232686 -0.029781550 -0.726772130 -41.639652252 -0.013520845 0.998466611 -0.053681664 -5.043326855 0.727256358 0.046664689 0.684777796 73.370758057
0.681113899 -0.029967157 -0.731563926 -42.504211426 -0.014165572 0.998435736 -0.054087747 -5.120395184 0.732040465 0.047202941 0.679623961 74.164779663
0.675828636 -0.029514823 -0.736467659 -43.374156952 -0.014483987 0.998473108 -0.053306423 -5.187736511 0.736916602 0.046692979 0.674369156 74.967292786
0.670802772 -0.029329736 -0.741055667 -44.250629425 -0.013651474 0.998560071 -0.051878624 -5.262888908 0.741510272 0.044916824 0.669436395 75.747489929
0.665534258 -0.031018617 -0.745722413 -45.140674591 -0.013079278 0.998497903 -0.053205762 -5.331714153 0.746252656 0.045163773 0.664128840 76.538688660
0.660755098 -0.032192033 -0.749910891 -46.017017365 -0.012022699 0.998497784 -0.053456664 -5.400010586 0.750505209 0.044337720 0.659375489 77.307342529
0.656514287 -0.032767393 -0.753601611 -46.926712036 -0.011224190 0.998521090 -0.053194933 -5.479338646 0.754230201 0.043381795 0.655175567 78.077171326
0.652086794 -0.033798184 -0.757390440 -47.822154999 -0.009538336 0.998561025 -0.052772481 -5.554995060 0.758084178 0.041636482 0.650826156 78.854660034
0.648610950 -0.036538597 -0.760242581 -48.742362976 -0.007161605 0.998509824 -0.054100156 -5.632940292 0.761086464 0.040534500 0.647382677 79.620132446
0.644232213 -0.041073002 -0.763726294 -49.652709961 -0.004474586 0.998337507 -0.057464816 -5.705726624 0.764816880 0.040438041 0.642977417 80.381088257
0.639741421 -0.045131836 -0.767263889 -50.586112976 -0.000903145 0.998229623 -0.059470680 -5.776335716 0.768589556 0.038738817 0.638568163 81.152641296
0.632462442 -0.048686046 -0.773059428 -51.518089294 0.004367940 0.998231053 -0.059293453 -5.858029842 0.774578691 0.034124207 0.631556332 81.931823730
0.624697030 -0.052193034 -0.779120862 -52.454166412 0.008545424 0.998160899 -0.060014743 -5.941129684 0.780820370 0.030833116 0.623994231 82.672088623
0.615447819 -0.053227182 -0.786378205 -53.405742645 0.011205703 0.998207152 -0.058795150 -6.023319244 0.788097858 0.027373431 0.614940882 83.414398193
0.607037127 -0.051421233 -0.793008089 -54.382774353 0.011595302 0.998371303 -0.055861596 -6.109775066 0.794588864 0.024714896 0.606644571 84.145912170
0.598236799 -0.051529512 -0.799660861 -55.365467072 0.011479120 0.998378932 -0.055747069 -6.190699100 0.801237166 0.024170544 0.597858489 84.874748230
0.588391066 -0.052891184 -0.806844831 -56.355529785 0.011062441 0.998291492 -0.057373825 -6.275201321 0.808500886 0.024832571 0.587970793 85.598876953
0.578680396 -0.055160865 -0.813686848 -57.375907898 0.011176020 0.998152733 -0.059717845 -6.358005524 0.815477729 0.025463771 0.578227878 86.294326782
0.569170296 -0.057064507 -0.820237041 -58.406990051 0.011731599 0.998050809 -0.061294466 -6.437721252 0.822135985 0.025264300 0.568730295 87.001358032
0.558360755 -0.057608765 -0.827595592 -59.441818237 0.014567822 0.998113036 -0.059649855 -6.528874397 0.829470217 0.021249875 0.558146477 87.720520020
0.548396647 -0.057621524 -0.834230661 -60.486919403 0.015732598 0.998157442 -0.058602072 -6.617709160 0.836070180 0.019012574 0.548292875 88.392883301
0.538400710 -0.058589410 -0.840649724 -61.547695160 0.016148463 0.998114347 -0.059221547 -6.700113773 0.842534125 0.018309725 0.538331568 89.059112549
0.527444482 -0.059100017 -0.847531497 -62.622020721 0.015510361 0.998081088 -0.059945572 -6.796409607 0.849447906 0.018472439 0.527348995 89.730934143
0.517338693 -0.060001116 -0.853674710 -63.699104309 0.014692994 0.998014808 -0.061241999 -6.881196022 0.855654538 0.019139817 0.517193198 90.386276245
0.507613420 -0.060876641 -0.859431624 -64.785797119 0.014162729 0.997955501 -0.062323742 -6.974516392 0.861468554 0.019464472 0.507437706 91.020278931
0.497670561 -0.060699828 -0.865239620 -65.877548218 0.012849771 0.997954726 -0.062619351 -7.066045761 0.867270947 0.020045677 0.497432679 91.647010803
0.488964379 -0.058880653 -0.870314240 -66.996574402 0.012107329 0.998081267 -0.060722463 -7.154104710 0.872219741 0.019153940 0.488739014 92.271270752
0.480920792 -0.057499249 -0.874876559 -68.115112305 0.012686050 0.998199165 -0.058630805 -7.240984917 0.876672208 0.017098045 0.480784148 92.884506226
0.473407060 -0.057536349 -0.878962636 -69.222892761 0.012259670 0.998198092 -0.058738407 -7.331008911 0.880758464 0.017031383 0.473259360 93.476791382
0.465439439 -0.060332049 -0.883020997 -70.323371887 0.014073349 0.998052359 -0.060773473 -7.422676086 0.884967804 0.015859313 0.465382069 94.064338684
0.458373278 -0.063481994 -0.886489630 -71.458053589 0.016932417 0.997888446 -0.062704153 -7.517798424 0.888598442 0.013731498 0.458480358 94.650222778
0.452360451 -0.066459276 -0.889355481 -72.595260620 0.017785167 0.997693419 -0.065508872 -7.614525318 0.891657829 0.013816285 0.452499062 95.226684570
0.446785569 -0.070249364 -0.891878784 -73.737655640 0.019913433 0.997446179 -0.068588860 -7.712880611 0.894419372 0.012884138 0.447043538 95.798309326
0.441619426 -0.071315199 -0.894363761 -74.885070801 0.022646453 0.997404337 -0.068349138 -7.813463211 0.896916628 0.009930132 0.442088157 96.372138977
0.437637925 -0.068189956 -0.896561980 -76.015754700 0.024649723 0.997655272 -0.063846588 -7.930448532 0.898813307 0.005841685 0.438292682 96.929061890
0.433611900 -0.066759095 -0.898623407 -77.157409668 0.028017029 0.997768581 -0.060605593 -8.024218559 0.900664091 0.001102553 0.434514701 97.484153748
0.430785984 -0.065978907 -0.900039017 -78.285476685 0.029130528 0.997820795 -0.059204206 -8.118498802 0.901983798 -0.000714265 0.431769192 98.012771606
0.427477121 -0.065506198 -0.901649654 -79.450637817 0.031114362 0.997846484 -0.057743553 -8.219945908 0.903490484 -0.003370208 0.428594708 98.569404602
0.425373584 -0.064760730 -0.902697802 -80.585990906 0.032502394 0.997886240 -0.056273732 -8.306111336 0.904434025 -0.005402482 0.426579297 99.099105835
0.423367411 -0.063553825 -0.903726101 -81.735984802 0.034856081 0.997940540 -0.053850394 -8.398490906 0.905287266 -0.008701856 0.424710691 99.625694275
0.420339912 -0.064579993 -0.905065596 -82.875099182 0.036247101 0.997862875 -0.054367188 -8.487612724 0.906642437 -0.009953308 0.421782434 100.153068542
0.418223739 -0.065329723 -0.905991673 -83.995384216 0.038238425 0.997792304 -0.054297712 -8.564627647 0.907538772 -0.011935105 0.419798583 100.663551331
0.415622771 -0.064176291 -0.907270133 -85.103691101 0.041679993 0.997803509 -0.051486503 -8.651449203 0.908581555 -0.016416049 0.417384803 101.187309265
0.413841248 -0.063647479 -0.908121347 -86.201416016 0.043440606 0.997797191 -0.050136197 -8.727545738 0.909312010 -0.018700914 0.415694535 101.682693481
0.411837250 -0.065561332 -0.908895850 -87.306152344 0.046599135 0.997618735 -0.050846249 -8.803314209 0.910065174 -0.021413382 0.413911670 102.185195923
0.410797209 -0.066901647 -0.909268796 -88.388572693 0.047733471 0.997514546 -0.051829107 -8.881357193 0.910476387 -0.022111308 0.412969619 102.669891357
0.409959793 -0.068249553 -0.909546554 -89.454032898 0.048105843 0.997426510 -0.053161047 -8.965800285 0.910834134 -0.021960609 0.412187964 103.159637451
0.410838276 -0.068824664 -0.909106672 -90.532066345 0.047182232 0.997415423 -0.054187834 -9.045108795 0.910486519 -0.020631252 0.413023710 103.628845215
0.412977964 -0.068956815 -0.908126712 -91.577705383 0.045491565 0.997446716 -0.055051498 -9.123517990 0.909604132 -0.018577049 0.415060461 104.103866577
0.417059034 -0.068787195 -0.906272650 -92.615051270 0.043134443 0.997506380 -0.055861838 -9.207278252 0.907855213 -0.015793879 0.418986082 104.575691223
0.422331542 -0.070468701 -0.903698027 -93.625190735 0.043297004 0.997403800 -0.057541400 -9.280467033 0.905406713 -0.014825874 0.424286157 105.041870117
0.427628934 -0.070305191 -0.901216269 -94.634819031 0.042622507 0.997430205 -0.057586525 -9.360298157 0.902948976 -0.013786430 0.429526567 105.528495789
0.434834898 -0.068956725 -0.897866070 -95.636795044 0.041874759 0.997533619 -0.056331381 -9.447453499 0.899536073 -0.013103075 0.436649919 106.002716064
0.443526894 -0.067592837 -0.893708646 -96.648033142 0.040480446 0.997645378 -0.055364240 -9.526955605 0.895346522 -0.011622196 0.445218682 106.487831116
0.452142954 -0.066771872 -0.889442623 -97.630317688 0.040093642 0.997707605 -0.054518115 -9.607190132 0.891043842 -0.011011017 0.453783512 106.991607666
0.461762220 -0.066697106 -0.884492695 -98.646110535 0.039004758 0.997731149 -0.054873109 -9.677715302 0.886145711 -0.009161083 0.463316143 107.505111694
0.471027970 -0.066721976 -0.879591286 -99.616073608 0.037602823 0.997747660 -0.055548199 -9.762131691 0.881316423 -0.006910359 0.472476006 108.031478882
0.481923908 -0.068752378 -0.873511553 -100.585449219 0.036514912 0.997626662 -0.058375631 -9.835063934 0.875451863 -0.003763586 0.483290702 108.547340393
0.493471980 -0.069729522 -0.866962075 -101.541099548 0.034871940 0.997565866 -0.060384948 -9.910866737 0.869062424 -0.000434367 0.494702429 109.084793091
0.506019294 -0.068144254 -0.859826028 -102.492538452 0.032601956 0.997672915 -0.059882402 -9.987772942 0.861905813 0.002269640 0.507063389 109.635116577
0.519014776 -0.065147221 -0.852279007 -103.420394897 0.030575313 0.997868121 -0.057656363 -10.070517540 0.854218185 0.003865813 0.519900262 110.185089111
0.531223416 -0.062566593 -0.844918430 -104.329963684 0.029846853 0.998032451 -0.055139221 -10.152241707 0.846705794 0.004073092 0.532045662 110.756782532
0.543554306 -0.062030703 -0.837078810 -105.236259460 0.030082941 0.998064578 -0.054426111 -10.225987434 0.838834763 0.004401755 0.544368386 111.332885742
0.555170596 -0.061847240 -0.829433858 -106.120513916 0.030206922 0.998072922 -0.054203305 -10.312851906 0.831187665 0.005037435 0.555968881 111.918052673
0.566715240 -0.063443609 -0.821467400 -107.001869202 0.030207792 0.997960567 -0.056234714 -10.376321793 0.823359787 0.007054348 0.567475796 112.509666443
0.576486766 -0.065456711 -0.814480484 -107.843307495 0.032738656 0.997836113 -0.057019986 -10.451592445 0.816450298 0.006206272 0.577382207 113.129661560
0.588845491 -0.064191520 -0.805692494 -108.708976746 0.033187259 0.997920752 -0.055251714 -10.544820786 0.807563961 0.005795999 0.589751482 113.731430054
0.599630475 -0.061883364 -0.797880709 -109.543518066 0.032359824 0.998065174 -0.053090267 -10.617535591 0.799622476 0.006015267 0.600472867 114.350158691
0.609664559 -0.058720134 -0.790481567 -110.350242615 0.032515939 0.998265564 -0.049077015 -10.693916321 0.791992366 0.004217261 0.610516489 114.966888428
0.619705856 -0.056865029 -0.782771349 -111.159713745 0.031060543 0.998367310 -0.047937095 -10.765008926 0.784219205 0.005393602 0.620460391 115.593254089
0.629646719 -0.056764178 -0.774805009 -111.940567017 0.029443538 0.998354137 -0.049214605 -10.827609062 0.776323378 0.008174818 0.630281746 116.226249695
0.639320493 -0.055809453 -0.766912401 -112.703849792 0.027174167 0.998379350 -0.050000504 -10.897185326 0.768460095 0.011126142 0.639801025 116.857421875
0.648680806 -0.055135939 -0.759060740 -113.483673096 0.027246257 0.998415411 -0.049237750 -10.967725754 0.760572731 0.011258015 0.649155140 117.507255554
0.657691836 -0.052682944 -0.751442552 -114.223014832 0.026646657 0.998554230 -0.046685517 -11.034903526 0.752815664 0.010681252 0.658144772 118.160461426
0.666681588 -0.050948098 -0.743599236 -114.953704834 0.026817121 0.998654723 -0.044380181 -11.098147392 0.744859993 0.009646260 0.667151093 118.802368164
0.674547851 -0.050520629 -0.736500323 -115.666755676 0.027169278 0.998678565 -0.043621011 -11.156738281 0.737731040 0.009414275 0.675029218 119.467887878
0.682316542 -0.049797691 -0.729358852 -116.365898132 0.025979433 0.998698831 -0.043883320 -11.209259987 0.730595171 0.010993984 0.682722449 120.121231079
0.689829290 -0.048579283 -0.722340465 -117.055137634 0.025540434 0.998758078 -0.042778183 -11.270171165 0.723521471 0.011060749 0.690213203 120.776748657
0.697145998 -0.046124518 -0.715443790 -117.736892700 0.024727682 0.998881519 -0.040302426 -11.323869705 0.716502547 0.010405405 0.697506785 121.430274963
0.704468906 -0.043398201 -0.708406746 -118.398040771 0.023686698 0.999010384 -0.037646051 -11.375558853 0.709339440 0.009740658 0.704799712 122.093437195
0.712277651 -0.041951559 -0.700643003 -119.054328918 0.022825794 0.999068737 -0.036615204 -11.427266121 0.701526642 0.010087457 0.712571859 122.744079590
0.719391108 -0.040879566 -0.693401158 -119.689483643 0.022164190 0.999109209 -0.035907686 -11.482013702 0.694251537 0.010462996 0.719656408 123.402542114
0.727347732 -0.038119979 -0.685209572 -120.312919617 0.019444942 0.999199867 -0.034947347 -11.522725105 0.685993731 0.012095011 0.727506995 124.058891296
0.736478806 -0.035210025 -0.675543666 -120.917015076 0.018788790 0.999323905 -0.031602215 -11.574474335 0.676199675 0.010581712 0.736642420 124.708190918
0.745923460 -0.031318523 -0.665294886 -121.503395081 0.016851978 0.999461472 -0.028154992 -11.616407394 0.665818393 0.009789936 0.746049583 125.364265442
0.755968869 -0.029025042 -0.653963685 -122.084281921 0.014918901 0.999520957 -0.027116045 -11.660022736 0.654437423 0.010742472 0.756039798 126.026008606
0.765824676 -0.028010508 -0.642439008 -122.634117126 0.013268250 0.999526501 -0.027763085 -11.697288513 0.642912507 0.012737617 0.765833735 126.682518005
0.775879979 -0.029360194 -0.630196869 -123.181442261 0.013558047 0.999461710 -0.029871576 -11.732245445 0.630734682 0.014632519 0.775860548 127.348983765
0.785890877 -0.028381418 -0.617713451 -123.711181641 0.013209443 0.999488711 -0.029116618 -11.772200584 0.618223906 0.014722839 0.785863996 128.024826050
0.796036661 -0.026873374 -0.604651511 -124.223045349 0.012915473 0.999540687 -0.027420478 -11.807553291 0.605110586 0.014018347 0.796018004 128.704483032
0.806175232 -0.024662234 -0.591162622 -124.725456238 0.012785019 0.999623775 -0.024267409 -11.845636368 0.591538727 0.012005758 0.806187153 129.391311646
0.815832973 -0.023239886 -0.577820480 -125.223663330 0.012972126 0.999676287 -0.021891354 -11.875618935 0.578142107 0.010364128 0.815870285 130.091888428
0.824978232 -0.021708321 -0.564747512 -125.699722290 0.013452420 0.999733210 -0.018777546 -11.912478447 0.565004349 0.007893849 0.825050116 130.784378052
0.833185971 -0.020982942 -0.552594662 -126.170516968 0.014097283 0.999761105 -0.016707124 -11.936130524 0.552813232 0.006130061 0.833282590 131.489242554
0.840631187 -0.021303646 -0.541188896 -126.622863770 0.015625970 0.999764085 -0.015083352 -11.963134766 0.541382611 0.004222935 0.840765715 132.193405151
0.847045183 -0.020915631 -0.531109154 -127.077018738 0.015535538 0.999772727 -0.014595072 -11.994941711 0.531293809 0.004111616 0.847177565 132.921737671
0.853666842 -0.020316847 -0.520422995 -127.514595032 0.014768817 0.999781370 -0.014804789 -12.013747215 0.520610094 0.004952325 0.853780150 133.642608643
0.860457420 -0.018177874 -0.509198010 -127.960662842 0.013011272 0.999821424 -0.013705832 -12.037042618 0.509356260 0.005167970 0.860540211 134.392013550
0.866662562 -0.016911043 -0.498608112 -128.376571655 0.012062500 0.999843478 -0.012944591 -12.067014694 0.498748899 0.005204132 0.866730869 135.123626709
0.872723997 -0.017594030 -0.487896860 -128.800750732 0.012915406 0.999832749 -0.012952533 -12.088016510 0.488043129 0.005002598 0.872805178 135.876052856
0.877731442 -0.018825851 -0.478782833 -129.208328247 0.013872087 0.999807417 -0.013881568 -12.109785080 0.478951931 0.005542570 0.877823591 136.628356934
0.882151306 -0.019028407 -0.470581472 -129.620101929 0.013947265 0.999800861 -0.014282366 -12.135027885 0.470759451 0.006035883 0.882240951 137.394271851
0.885770440 -0.018523227 -0.463753849 -130.029830933 0.013754752 0.999812126 -0.013662834 -12.151395798 0.463919759 0.005723315 0.885858715 138.168243408
0.888924718 -0.016535213 -0.457754821 -130.433319092 0.013234616 0.999858081 -0.010416696 -12.170142174 0.457862079 0.003201451 0.889017463 138.954269409
0.891950607 -0.012620910 -0.451956630 -130.840423584 0.010963341 0.999920070 -0.006286319 -12.183699608 0.451999873 0.000652132 0.892017722 139.757675171
0.895332634 -0.009774719 -0.445291042 -131.243270874 0.009413459 0.999951124 -0.003022890 -12.207591057 0.445298880 -0.001485237 0.895380795 140.561965942
0.898663521 -0.007054118 -0.438581854 -131.649810791 0.007425134 0.999971986 -0.000869221 -12.217018127 0.438575685 -0.002475391 0.898690820 141.385177612
0.901891708 -0.005435784 -0.431927979 -132.049057007 0.006697148 0.999976575 0.001399410 -12.224656105 0.431910247 -0.004154802 0.901907027 142.215744019
0.905280471 -0.004030863 -0.424795210 -132.462463379 0.006402999 0.999970853 0.004156739 -12.229290962 0.424766153 -0.006482976 0.905279934 143.079696655
0.908778429 -0.004260328 -0.417257190 -132.863845825 0.007428611 0.999954641 0.005969523 -12.233647346 0.417212903 -0.008524615 0.908768833 143.946777344
0.912297904 -0.004588069 -0.409501523 -133.257537842 0.008189468 0.999941647 0.007041323 -12.238590240 0.409445345 -0.009777382 0.912282288 144.833755493
0.916018188 -0.005069254 -0.401104629 -133.667999268 0.008648595 0.999937356 0.007113689 -12.240126610 0.401043415 -0.009985259 0.916004658 145.746032715
0.919687271 -0.007753425 -0.392574996 -134.031784058 0.011273347 0.999914289 0.006661644 -12.241713524 0.392489612 -0.010552264 0.919695854 146.658950806
0.923867464 -0.009036810 -0.382605791 -134.422592163 0.011997812 0.999913692 0.005353710 -12.240473747 0.382524401 -0.009536551 0.923896134 147.583419800
0.928356409 -0.010127001 -0.371553510 -134.798019409 0.012317841 0.999917924 0.003523518 -12.250596046 0.371487349 -0.007847816 0.928404868 148.517745972
0.933433890 -0.008134126 -0.358657002 -135.163772583 0.009779574 0.999948323 0.002773909 -12.254156113 0.358615935 -0.006096775 0.933465302 149.481491089
0.939616144 -0.004727245 -0.342197627 -135.530685425 0.006495443 0.999970794 0.004021401 -12.257202148 0.342168659 -0.006001298 0.939619422 150.461380005
0.946061194 -0.000752405 -0.323987007 -135.875396729 0.003251058 0.999969006 0.007171023 -12.264059067 0.323971540 -0.007837527 0.946034372 151.459869385
0.952732742 0.002001812 -0.303803116 -136.214385986 0.000619838 0.999963403 0.008532760 -12.258925438 0.303809077 -0.008317747 0.952696681 152.482666016
0.959201634 0.003877883 -0.282696277 -136.528991699 -0.001197316 0.999952614 0.009654291 -12.262443542 0.282720357 -0.008921933 0.959160864 153.528335571
0.965292871 0.005300334 -0.261115998 -136.824600220 -0.002478703 0.999934852 0.011134185 -12.260169029 0.261158049 -0.010100519 0.965243220 154.586563110
0.970897436 0.005856107 -0.239423871 -137.096008301 -0.002633585 0.999901533 0.013777194 -12.253939629 0.239481017 -0.012745700 0.970817447 155.665618896
0.976085603 0.008778483 -0.217209280 -137.345153809 -0.005102639 0.999834239 0.017478148 -12.254849434 0.217326701 -0.015951827 0.975968540 156.744232178
0.980756879 0.011099545 -0.194917291 -137.571136475 -0.007034664 0.999743402 0.021534270 -12.243387222 0.195106268 -0.019748706 0.980583251 157.847290039
0.984989166 0.013034862 -0.172123373 -137.781906128 -0.008843087 0.999645829 0.025097724 -12.233521461 0.172389567 -0.023198882 0.984755635 158.972518921
0.988580465 0.014893666 -0.149955913 -137.962997437 -0.011241875 0.999619901 0.025170777 -12.218448639 0.150273815 -0.023197552 0.988372207 160.123474121
0.991597474 0.013844555 -0.128618807 -138.105163574 -0.010992908 0.999678314 0.022854842 -12.200048447 0.128893867 -0.021248911 0.991430700 161.274139404
0.994189024 0.014721749 -0.106636949 -138.249343872 -0.012443722 0.999680579 0.021996453 -12.183755875 0.106926717 -0.020541675 0.994054675 162.432266235
0.996158719 0.013683670 -0.086490102 -138.349655151 -0.011641156 0.999642372 0.024076013 -12.169955254 0.086788625 -0.022976685 0.995961785 163.625335693
0.997705281 0.014200957 -0.066199660 -138.441360474 -0.012527818 0.999593318 0.025621107 -12.151877403 0.066536568 -0.024732983 0.997477412 164.818679810
0.998827040 0.015017179 -0.046033643 -138.501647949 -0.013789575 0.999543786 0.026870089 -12.137300491 0.046416156 -0.026203785 0.998578429 166.040023804
0.999531031 0.016289026 -0.025930772 -138.527069092 -0.015583077 0.999508619 0.027197488 -12.116329193 0.026361050 -0.026780656 0.999293685 167.245559692
0.999843597 0.016881336 -0.005277772 -138.543182373 -0.016728209 0.999472976 0.027823310 -12.095911026 0.005744685 -0.027730675 0.999598920 168.485412598
0.999710083 0.018850368 0.014978969 -138.532379150 -0.019255091 0.999440432 0.027350985 -12.075963020 -0.014455013 -0.027631482 0.999513686 169.742172241
0.999150634 0.020329699 0.035841815 -138.510055542 -0.021272540 0.999432325 0.026123457 -12.052919388 -0.035290383 -0.026863718 0.999015987 171.023788452
0.998264194 0.020539112 0.055197142 -138.443893433 -0.021870501 0.999481618 0.023625813 -12.032028198 -0.054683268 -0.024791991 0.998195946 172.311965942
0.997011244 0.022544393 0.073894255 -138.352462769 -0.024173535 0.999482393 0.021227097 -12.017886162 -0.073377468 -0.022949936 0.997040153 173.602676392
0.995372117 0.022980934 0.093308419 -138.244674683 -0.024893245 0.999502182 0.019382391 -12.004212379 -0.092816539 -0.021615438 0.995448589 174.902648926
0.993405640 0.023200545 0.112281054 -138.107604980 -0.025194768 0.999548495 0.016374592 -11.993371010 -0.111850448 -0.019095508 0.993541658 176.216613770
0.991089821 0.024172934 0.130983487 -137.941665649 -0.025837129 0.999605417 0.011020621 -11.988791466 -0.130665407 -0.014306662 0.991323292 177.546340942
0.988544822 0.025607005 0.148738861 -137.751602173 -0.026572427 0.999636650 0.004506805 -11.991720200 -0.148569405 -0.008407530 0.988866150 178.870117188
0.985671043 0.027851515 0.166363761 -137.543304443 -0.028112797 0.999604464 -0.000784601 -11.998091698 -0.166319817 -0.003903593 0.986064136 180.191177368
0.982508779 0.029905986 0.183798671 -137.303573608 -0.029504102 0.999552548 -0.004921476 -12.013664246 -0.183863625 -0.000587421 0.982951581 181.535232544
0.978949130 0.032069754 0.201569304 -137.043060303 -0.031142281 0.999484658 -0.007771656 -12.033876419 -0.201714680 0.001330729 0.979443431 182.872848511
0.975216627 0.031192640 0.219042271 -136.752227783 -0.030316472 0.999513268 -0.007360827 -12.061586380 -0.219165251 0.000537813 0.975687623 184.233596802
0.971278250 0.030484600 0.235985726 -136.431106567 -0.029399108 0.999534845 -0.008117893 -12.084125519 -0.236123413 0.000946963 0.971722603 185.593429565
0.967028141 0.030729288 0.252808571 -136.078918457 -0.028358500 0.999513030 -0.013017178 -12.119082451 -0.253085375 0.005418705 0.967428744 186.958038330
0.962586164 0.031862516 0.269095689 -135.713317871 -0.028166126 0.999448538 -0.017587103 -12.147369385 -0.269507617 0.009349723 0.962952852 188.307006836
0.957725883 0.034140605 0.285649300 -135.311553955 -0.030343287 0.999382555 -0.017710490 -12.182689667 -0.286077589 0.008294257 0.958170474 189.682754517
0.952272832 0.036280148 0.303084940 -134.887374878 -0.032226525 0.999311805 -0.018366944 -12.223385811 -0.303542703 0.007722965 0.952786446 191.055435181
0.946409404 0.040067069 0.320474505 -134.441833496 -0.035014682 0.999155164 -0.021514967 -12.264812469 -0.321065724 0.009140653 0.947012782 192.431320190
0.940442681 0.040430848 0.337539405 -133.963867188 -0.033850752 0.999105036 -0.025359936 -12.314571381 -0.338262737 0.012423598 0.940969706 193.799530029
0.934060872 0.041330099 0.354713947 -133.460952759 -0.033756498 0.999051154 -0.027515855 -12.368922234 -0.355514616 0.013727583 0.934569895 195.168945312
0.927251339 0.042610310 0.372007161 -132.929336548 -0.032820389 0.998929083 -0.032612097 -12.430796623 -0.372998327 0.018030193 0.927656710 196.538665771
0.919320583 0.045508660 0.390869111 -132.375350952 -0.033047609 0.998709977 -0.038551532 -12.500177383 -0.392119318 0.022523921 0.919638574 197.897109985
0.909764588 0.049110901 0.412209570 -131.781295776 -0.034862548 0.998508275 -0.042019729 -12.572670937 -0.413658470 0.023857381 0.910119534 199.268554688
0.898562670 0.052079290 0.435744077 -131.163986206 -0.036896922 0.998383224 -0.043238439 -12.653762817 -0.437291414 0.022774829 0.899031460 200.607498169
