1.000000000 0.000000000 0.000000000 0.000000000 0.000000000 1.000000000 0.000000000 0.000000000 0.000000000 0.000000000 1.000000000 0.000000000
0.999933720 -0.002504459 0.011235153 0.015709640 0.002493302 0.999996364 0.001007008 -0.003737609 -0.011237634 -0.000978929 0.999936402 0.295819819
0.999829292 -0.004531240 0.017911753 0.026366526 0.004510792 0.999989152 0.001181773 -0.008721073 -0.017916912 -0.001100775 0.999838889 0.582315803
0.999779105 -0.007453549 0.019653080 0.040450476 0.007456082 0.999972224 -0.000055591 -0.012299094 -0.019652119 0.000202114 0.999806881 0.886879325
0.999815941 -0.008608208 0.017146600 0.050121639 0.008641019 0.999960959 -0.001840395 -0.009651082 -0.017130090 0.001988221 0.999851286 1.201215148
0.999882460 -0.011569825 0.010059874 0.056537896 0.011604508 0.999926925 -0.003396195 -0.010755213 -0.010019845 0.003512536 0.999943614 1.519960880
0.999911189 -0.013166178 -0.002051244 0.057702567 0.013154346 0.999897361 -0.005678384 -0.009027776 0.002125796 0.005650897 0.999981761 1.858983517
0.999748409 -0.012343986 -0.018724652 0.039375909 0.012233517 0.999907076 -0.006002782 -0.012296977 0.018797006 0.005772203 0.999806762 2.197718620
0.999225020 -0.007772640 -0.038588692 0.011961475 0.007560124 0.999955475 -0.005650092 -0.021888521 0.038630888 0.005353977 0.999239266 2.537600040
0.998304188 -0.004346488 -0.058050852 -0.034162179 0.003936740 0.999966562 -0.007170931 -0.022507068 0.058080081 0.006930239 0.998287797 2.892847300
0.996899366 -0.004071254 -0.078581288 -0.072772309 0.003479106 0.999964595 -0.007670921 -0.026165193 0.078609720 0.007373744 0.996878207 3.258090496
0.994986892 -0.005599400 -0.099847920 -0.118019894 0.004876187 0.999960124 -0.007485720 -0.024495903 0.099885851 0.006961316 0.994974554 3.631401539
0.992865682 -0.007342414 -0.119012915 -0.184163272 0.006683853 0.999960184 -0.005931730 -0.040585030 0.119051702 0.005093944 0.992875099 4.014653206
0.990551472 -0.006091622 -0.137006730 -0.253667712 0.005376230 0.999969900 -0.005591019 -0.043344036 0.137036681 0.004801611 0.990554273 4.412368298
0.988194644 -0.004950212 -0.153124020 -0.325444162 0.004255430 0.999979138 -0.004864786 -0.050694220 0.153144911 0.004155747 0.988195002 4.820737839
0.986075997 -0.003799578 -0.166251719 -0.413418561 0.003005640 0.999982774 -0.005026857 -0.056467898 0.166267976 0.004457170 0.986070454 5.241337299
0.983894408 -0.005683522 -0.178660154 -0.498916328 0.004680653 0.999970853 -0.006034299 -0.061910614 0.178689241 0.005100867 0.983892381 5.675397396
0.982037723 -0.009391635 -0.188450530 -0.587566555 0.007985887 0.999934316 -0.008217412 -0.070135430 0.188515335 0.006564864 0.982048273 6.126696110
0.980509639 -0.008368038 -0.196292326 -0.686734796 0.006531666 0.999928653 -0.010000788 -0.079017952 0.196362004 0.008523753 0.980494380 6.583083153
0.979042232 -0.007897326 -0.203504071 -0.794987559 0.005623074 0.999915063 -0.011751258 -0.085168138 0.203579605 0.010360660 0.979003549 7.047348022
0.977308154 -0.008629016 -0.211646467 -0.905236483 0.005607132 0.999873638 -0.014873995 -0.092227690 0.211748064 0.013349747 0.977233112 7.528707504
0.975570679 -0.012569920 -0.219326228 -1.021404505 0.009182543 0.999822378 -0.016457079 -0.104373753 0.219494164 0.014041070 0.975512683 8.027286530
0.973565519 -0.019114252 -0.227606893 -1.129676223 0.015403046 0.999718010 -0.018070582 -0.112952337 0.227888122 0.014087057 0.973585367 8.542114258
0.971547484 -0.019683111 -0.236025512 -1.254499912 0.015433184 0.999684036 -0.019840315 -0.135779262 0.236341432 0.015633186 0.971544266 9.051487923
0.969427705 -0.015677113 -0.244875818 -1.403949499 0.009949261 0.999647677 -0.024610430 -0.142813712 0.245175302 0.021421703 0.969242096 9.578248978
0.967295945 -0.012450301 -0.253344715 -1.564156651 0.005653488 0.999604702 -0.027538702 -0.161048919 0.253587425 0.025205797 0.966984093 10.121369362
0.964896441 -0.015119395 -0.262195230 -1.718269229 0.007568182 0.999527633 -0.029785981 -0.177095696 0.262521714 0.026756044 0.964555144 10.695845604
0.962561488 -0.018233333 -0.270449430 -1.873825073 0.010155443 0.999460399 -0.031237839 -0.201745465 0.270873070 0.027321802 0.962227285 11.254111290
0.960351527 -0.017832734 -0.278220743 -2.050468922 0.008825609 0.999396563 -0.033593051 -0.224601179 0.278651893 0.029805677 0.959929585 11.827861786
0.958104074 -0.016678803 -0.285934001 -2.245824337 0.006245532 0.999282241 -0.037361629 -0.250851333 0.286351949 0.034010526 0.957520723 12.421298981
0.955750644 -0.017337494 -0.293666482 -2.433809280 0.005095941 0.999087751 -0.042399202 -0.281802922 0.294133723 0.039026555 0.954967201 13.022068977
0.953823924 -0.019657930 -0.299722403 -2.623425961 0.004931886 0.998746634 -0.049809873 -0.316731125 0.300325900 0.046031658 0.952725232 13.631702423
0.952421367 -0.020394569 -0.304101408 -2.828198433 0.002854969 0.998311877 -0.058010280 -0.351992548 0.304771155 0.054382019 0.950871825 14.251983643
0.951194227 -0.020091590 -0.307938278 -3.044050694 -0.000505399 0.997775555 -0.066661499 -0.394195795 0.308592618 0.063563675 0.949068189 14.867712975
0.949926317 -0.019625317 -0.311857164 -3.270094633 -0.004179741 0.997138381 -0.075482018 -0.441928864 0.312446028 0.073005848 0.947126091 15.511295319
0.948726118 -0.019052453 -0.315524429 -3.504238605 -0.007376947 0.996575534 -0.082357831 -0.496151626 0.316013068 0.080462649 0.945336699 16.156711578
0.946976364 -0.017041951 -0.320850730 -3.736454010 -0.012282156 0.995942533 -0.089149609 -0.556723595 0.321068168 0.088363320 0.942924857 16.822233200
0.945412219 -0.016157389 -0.325476050 -3.981479883 -0.015669955 0.995360672 -0.094928637 -0.622337341 0.325499833 0.094846882 0.940773010 17.484531403
0.943834603 -0.014660290 -0.330092967 -4.238526821 -0.019643610 0.994758666 -0.100346781 -0.692687392 0.329833955 0.101194985 0.938599527 18.160049438
0.941987872 -0.011816967 -0.335438877 -4.492652416 -0.024279153 0.994363129 -0.103211142 -0.770569801 0.334767669 0.105367802 0.936391056 18.856098175
0.940313816 -0.010653615 -0.340141892 -4.765326977 -0.026547883 0.994167387 -0.104529366 -0.849340796 0.339271605 0.107320450 0.934546530 19.554553986
0.937899411 -0.010225775 -0.346756637 -5.027905464 -0.027586553 0.994201541 -0.103934258 -0.927246690 0.345808715 0.107045703 0.932178974 20.272144318
0.935651839 -0.010112410 -0.352779448 -5.302803993 -0.027729202 0.994392872 -0.102048434 -1.012353778 0.351833314 0.105264105 0.930125058 20.978298187
0.933152735 -0.010597112 -0.359323680 -5.594989777 -0.027205141 0.994616985 -0.099984020 -1.095739603 0.358449012 0.103075825 0.927841365 21.696058273
0.929984748 -0.009471711 -0.367476135 -5.882287979 -0.028313939 0.994852483 -0.097297475 -1.172320366 0.366506070 0.100889862 0.924929440 22.407703400
0.926576018 -0.007738158 -0.376028091 -6.191475868 -0.028837018 0.995383620 -0.091541365 -1.250839472 0.375000596 0.095663548 0.922075331 23.148202896
0.923119009 -0.004210302 -0.384491444 -6.515966415 -0.031428557 0.995768070 -0.086360268 -1.331787229 0.383227915 0.091804810 0.919080019 23.893289566
0.919510186 0.000686327 -0.393065512 -6.839968204 -0.035940610 0.995956182 -0.082337938 -1.410717368 0.391419530 0.089837588 0.915816545 24.625616074
0.915550053 0.001258835 -0.402202070 -7.179551125 -0.036832303 0.996055603 -0.080725439 -1.481888413 0.400514007 0.088722214 0.911985040 25.389457703
0.911670208 0.000991069 -0.410921454 -7.536202431 -0.037158590 0.996098995 -0.080037624 -1.553300142 0.409239143 0.088237181 0.908150554 26.139276505
0.907775640 0.001172824 -0.419454336 -7.896028996 -0.037681013 0.996180952 -0.078763217 -1.624515295 0.417760015 0.087304763 0.904353023 26.904998779
0.903685451 0.001636273 -0.428193748 -8.270674706 -0.038352042 0.996282935 -0.077133268 -1.688737869 0.426475942 0.086126320 0.900389016 27.687364578
0.900029063 0.001231650 -0.435828149 -8.663533211 -0.037626650 0.996481836 -0.074886777 -1.764273524 0.434202641 0.083799019 0.896908998 28.466526031
0.896185279 0.001655081 -0.443676859 -9.047379494 -0.036666606 0.996848643 -0.070344433 -1.838659763 0.442162305 0.079309769 0.893421769 29.231861115
0.892239869 0.003431038 -0.451548427 -9.454246521 -0.036734957 0.997208297 -0.065009512 -1.899429560 0.450064808 0.074591696 0.889875114 30.031476974
0.888392687 0.003518852 -0.459070802 -9.871410370 -0.035046481 0.997572482 -0.060175311 -1.970170975 0.457744628 0.069548130 0.886359334 30.831150055
0.884654641 0.002395077 -0.466240734 -10.304765701 -0.033693157 0.997700751 -0.058804903 -2.026048660 0.465027899 0.067731164 0.882701218 31.646656036
0.881484091 0.002593587 -0.472206563 -10.741160393 -0.033884518 0.997754455 -0.057773229 -2.087721109 0.470996380 0.066926673 0.879592657 32.443401337
0.878337204 0.003393058 -0.478029549 -11.200849533 -0.033930555 0.997895181 -0.055261344 -2.152151108 0.476835877 0.064757906 0.876603723 33.273525238
0.875233293 0.001352543 -0.483699203 -11.658845901 -0.031658743 0.998012066 -0.054494463 -2.200815439 0.482663900 0.063008681 0.873536170 34.102645874
0.872706532 0.000407195 -0.488244891 -12.154531479 -0.031043364 0.998022556 -0.054655679 -2.259727001 0.487257212 0.062855139 0.870993495 34.951274872
0.870345354 -0.001621611 -0.492439210 -12.615766525 -0.029248562 0.998058915 -0.054981019 -2.314742804 0.491572499 0.062255602 0.868608475 35.794769287
0.868870020 -0.001035831 -0.495039314 -13.116989136 -0.030214434 0.998022497 -0.055119250 -2.376948595 0.494117439 0.062848791 0.867120504 36.665500641
0.868320763 -0.001382577 -0.496001065 -13.613737106 -0.029605018 0.998068810 -0.054609884 -2.433101177 0.495118648 0.062103018 0.866602957 37.527877808
0.868109405 -0.001300978 -0.496371269 -14.123236656 -0.028870242 0.998171389 -0.053107694 -2.493039846 0.495532632 0.060433641 0.866484404 38.408840179
0.867909074 -0.002380195 -0.496717453 -14.640865326 -0.027220540 0.998257935 -0.052345663 -2.556965113 0.495976686 0.058952190 0.866332352 39.289634705
0.867263258 -0.004558054 -0.497829050 -15.166559219 -0.025152896 0.998279750 -0.052958731 -2.619923830 0.497214049 0.058451001 0.865656674 40.196243286
0.866027772 -0.007084880 -0.499945730 -15.694637299 -0.022632815 0.998319209 -0.053353019 -2.681764126 0.499483407 0.057520382 0.864411771 41.111370087
0.864310682 -0.007586508 -0.502901137 -16.236837387 -0.021367515 0.998429596 -0.051785044 -2.737592936 0.502504349 0.055504117 0.862791240 42.050033569
0.862244427 -0.007002031 -0.506443918 -16.768688202 -0.019977009 0.998656213 -0.047819089 -2.800686598 0.506098211 0.051348981 0.860945940 42.946777344
0.859430730 -0.006852347 -0.511206090 -17.320791245 -0.018041611 0.998880804 -0.043720510 -2.863795280 0.510933638 0.046797737 0.858345330 43.866088867
0.855396807 -0.007214632 -0.517923176 -17.881326675 -0.016664669 0.999002039 -0.041439220 -2.931777954 0.517705202 0.044078000 0.854422808 44.778995514
0.850052357 -0.010676948 -0.526590049 -18.443435669 -0.014799383 0.998915493 -0.044143673 -2.986232281 0.526490331 0.045317642 0.848972499 45.686927795
0.843988597 -0.014639672 -0.536161363 -19.012111664 -0.012671076 0.998804271 -0.047217898 -3.044801235 0.536211431 0.046645109 0.842794001 46.576316833
0.837917924 -0.014513945 -0.545603275 -19.599693298 -0.012952025 0.998836160 -0.046461947 -3.105383396 0.545642555 0.045997959 0.836754680 47.465919495
0.831963956 -0.010947613 -0.554721653 -20.199821472 -0.014442189 0.999039233 -0.041376561 -3.164193392 0.554641724 0.042435210 0.831006527 48.354072571
0.826815963 -0.006150621 -0.562439084 -20.809963226 -0.017808720 0.999152601 -0.037106138 -3.219585419 0.562190831 0.040696260 0.826005757 49.233371735
0.822684944 -0.006254659 -0.568463147 -21.418670654 -0.018821167 0.999091625 -0.038230915 -3.274614573 0.568185985 0.042151142 0.821819961 50.096038818
0.819212437 -0.008750301 -0.573423386 -22.037586212 -0.019147467 0.998908818 -0.042597830 -3.332364559 0.573170424 0.045876279 0.818150938 50.979606628
0.816359162 -0.010815851 -0.577443182 -22.668884277 -0.021987615 0.998517811 -0.049787786 -3.389189720 0.577125669 0.053341307 0.814911425 51.844398499
0.813045740 -0.011750045 -0.582081258 -23.299713135 -0.022356987 0.998428762 -0.051382579 -3.448659897 0.581770420 0.054789968 0.811505556 52.726398468
0.809831381 -0.010042981 -0.586576819 -23.939048767 -0.021771224 0.998650253 -0.047155712 -3.515059948 0.586258650 0.050958663 0.808519721 53.585807800
0.806670904 -0.007449144 -0.590953887 -24.576305389 -0.021443089 0.998893321 -0.041861847 -3.575255871 0.590611756 0.046440609 0.805618465 54.447738647
0.803788841 -0.005290551 -0.594891131 -25.219608307 -0.022470608 0.998976827 -0.039245442 -3.627912283 0.594490170 0.044912606 0.802847624 55.296112061
0.800608933 -0.005092197 -0.599165678 -25.871526718 -0.023713849 0.998911142 -0.040176146 -3.676365852 0.598717988 0.046373907 0.799616337 56.155845642
0.796985865 -0.006518069 -0.603962719 -26.532573700 -0.023154624 0.998876989 -0.041334771 -3.735216141 0.603553951 0.046927758 0.795940042 57.025569916
0.792757690 -0.009373999 -0.609464705 -27.175167084 -0.022070393 0.998784602 -0.044069961 -3.795792341 0.609137058 0.048387926 0.791587412 57.864070892
0.788658321 -0.010566968 -0.614740849 -27.847995758 -0.021077668 0.998799860 -0.044209462 -3.857239723 0.614470303 0.047823470 0.787489235 58.714591980
0.783907115 -0.010643152 -0.620786786 -28.524662018 -0.020746527 0.998845696 -0.043322794 -3.916579723 0.620531261 0.046840224 0.782781601 59.565979004
0.779011250 -0.010299288 -0.626925349 -29.217430115 -0.020904440 0.998882592 -0.042385537 -3.980600119 0.626661420 0.046124347 0.777925491 60.408569336
0.773842216 -0.011648046 -0.633271277 -29.890663147 -0.020717569 0.998830497 -0.043688305 -4.031713486 0.633039474 0.046927702 0.772695780 61.215202332
0.768636703 -0.013063565 -0.639552116 -30.594913483 -0.020117763 0.998803198 -0.044579916 -4.091693878 0.639369190 0.047132112 0.767453969 62.049224854
0.762940764 -0.014110602 -0.646314383 -31.297943115 -0.019779399 0.998784244 -0.045154430 -4.155328751 0.646165729 0.047233868 0.761734068 62.879707336
0.756955147 -0.016785717 -0.653251350 -32.025093079 -0.017364560 0.998800278 -0.045786019 -4.224403858 0.653236091 0.046001378 0.755755484 63.727466583
0.750711679 -0.018488737 -0.660371244 -32.755821228 -0.016714299 0.998756766 -0.046963543 -4.284636021 0.660418510 0.046293728 0.749469340 64.560646057
0.744690061 -0.019769197 -0.667117596 -33.516082764 -0.015542263 0.998776376 -0.046947014 -4.353798866 0.667229474 0.045329489 0.743471622 65.385101318
0.738127410 -0.019726805 -0.674372911 -34.270645142 -0.014611490 0.998870492 -0.045211881 -4.417437077 0.674503088 0.043225721 0.737005532 66.214836121
0.731967986 -0.019888539 -0.681048691 -35.045886993 -0.014375736 0.998900533 -0.044621266 -4.474750996 0.681187332 0.042451918 0.730877340 67.024864197
0.725317180 -0.021578250 -0.688076615 -35.803188324 -0.012930433 0.998905301 -0.044956174 -4.542495251 0.688293397 0.041504618 0.724244177 67.824211121
0.718523979 -0.024046969 -0.695086122 -36.592372894 -0.011918424 0.998829603 -0.046875477 -4.603544235 0.695399880 0.041965496 0.717396677 68.651008606
0.712780118 -0.023405489 -0.700996816 -37.397514343 -0.013467016 0.998802125 -0.047042254 -4.661777973 0.701258242 0.042971123 0.711611152 69.445541382
0.707166851 -0.022874726 -0.706676543 -38.208831787 -0.013578088 0.998852849 -0.045919817 -4.726178646 0.706916332 0.042068299 0.706045032 70.250198364
0.701928854 -0.022729918 -0.711884201 -39.024932861 -0.014204172 0.998845160 -0.045897901 -4.787435055 0.712105334 0.042328790 0.700795472 71.053298950
0.697222829 -0.023004413 -0.716485143 -39.850463867 -0.015289720 0.998780370 -0.046946805 -4.850437641 0.716691375 0.043687250 0.696020722 71.845611572
0.692242742 -0.025109053 -0.721227825 -40.693656921 -0.015599957 0.998640299 -0.049740002 -4.923480034 0.721496105 0.045683276 0.690909803 72.635803223
0.687424660 -0.028205963 -0.725707889 -41.541175842 -0.014185989 0.998533368 -0.052247476 -4.988282681 0.726117194 0.046211082 0.686016440 73.423118591
0.681913853 -0.028172400 -0.730889738 -42.395393372 -0.015223853 0.998494864 -0.052691061 -5.062063217 0.731274068 0.047057722 0.680458605 74.221931458
0.677073598 -0.027843064 -0.735388339 -43.276374817 -0.015157066 0.998544455 -0.051761750 -5.128137112 0.735759199 0.046192847 0.675665975 75.021240234
0.672349215 -0.027939754 -0.739706635 -44.155288696 -0.014377782 0.998606026 -0.050787289 -5.198468208 0.740094423 0.044782128 0.671010196 75.802200317
0.666661322 -0.029117195 -0.744791806 -45.036109924 -0.013735971 0.998587072 -0.051334195 -5.271271706 0.745234191 0.044452965 0.665319443 76.598106384
0.661862075 -0.030226501 -0.749015927 -45.912322998 -0.012685578 0.998592019 -0.051507637 -5.340321064 0.749518394 0.043592650 0.660546660 77.369102478
0.657572448 -0.031201402 -0.752744853 -46.819751740 -0.011471409 0.998611569 -0.051413659 -5.413042545 0.753303945 0.042443253 0.656301498 78.147102356
0.653191090 -0.031980336 -0.756517351 -47.715545654 -0.010193249 0.998645782 -0.051016901 -5.488268852 0.757124424 0.041035164 0.651980639 78.926086426
0.649477124 -0.035302319 -0.759561181 -48.636169434 -0.006873119 0.998608232 -0.052289575 -5.561003685 0.760349929 0.039181437 0.648330688 79.702209473
0.645153999 -0.039654437 -0.763022900 -49.545570374 -0.004481500 0.998438656 -0.055678263 -5.631765842 0.764039457 0.039340533 0.643969059 80.463684082
0.640709698 -0.043991864 -0.766521752 -50.466033936 -0.000361264 0.998339772 -0.057598207 -5.703111649 0.767783165 0.037180651 0.639630020 81.225769043
0.633785307 -0.047312342 -0.772060692 -51.399642944 0.004665247 0.998343289 -0.057349369 -5.783176899 0.773494959 0.032745335 0.632955968 82.003707886
0.625672936 -0.051124007 -0.778408408 -52.331760406 0.009359191 0.998270333 -0.058041245 -5.865797043 0.780029297 0.029029548 0.625069201 82.744987488
0.616573751 -0.051963001 -0.785580337 -53.286949158 0.012076833 0.998326361 -0.056556623 -5.948577881 0.787204444 0.025384005 0.616169274 83.489608765
0.608009994 -0.050422899 -0.792326570 -54.252044678 0.012465260 0.998464406 -0.053975806 -6.028857708 0.793831527 0.022941276 0.607704878 84.217147827
0.598970056 -0.050474700 -0.799179077 -55.233505249 0.012010789 0.998465478 -0.054059397 -6.104629040 0.800681353 0.022781191 0.598657250 84.951522827
0.589583755 -0.051820472 -0.806043208 -56.235191345 0.011270269 0.998370409 -0.055941485 -6.183897972 0.807628572 0.023897866 0.589207053 85.662857056
0.579632282 -0.053898502 -0.813093722 -57.240509033 0.011966895 0.998265505 -0.057642341 -6.271471977 0.814790308 0.023681151 0.579271913 86.372215271
0.569950879 -0.056044888 -0.819765270 -58.272121429 0.012306176 0.998141468 -0.059683938 -6.343756676 0.821586668 0.023928732 0.569581270 87.083366394
0.559293330 -0.056173522 -0.827064395 -59.301170349 0.015358148 0.998232365 -0.057413325 -6.440180302 0.828827560 0.019408714 0.559167445 87.795478821
0.549358308 -0.056418765 -0.833680034 -60.335605621 0.016625006 0.998258412 -0.056601360 -6.521974564 0.835421503 0.017234491 0.549339533 88.463386536
0.539319038 -0.057174701 -0.840158343 -61.394126892 0.016958896 0.998227537 -0.057045333 -6.603874207 0.841930747 0.016517475 0.539332807 89.128433228
0.529018283 -0.057910837 -0.846632123 -62.476219177 0.016353065 0.998179138 -0.058058660 -6.693975449 0.848452806 0.016869064 0.529002190 89.793212891
0.518315315 -0.058987744 -0.853152812 -63.541625977 0.015545293 0.998103321 -0.059565544 -6.770719528 0.855048418 0.017611215 0.518249214 90.458847046
0.508388162 -0.060001031 -0.859035075 -64.624832153 0.015021444 0.998035729 -0.060819920 -6.860747337 0.860996902 0.018016186 0.508290887 91.095352173
0.498400480 -0.059895974 -0.864875436 -65.717346191 0.014065573 0.998037815 -0.061012443 -6.949635506 0.866832793 0.018243665 0.498265088 91.726287842
0.490137219 -0.057842355 -0.869723797 -66.844261169 0.013300193 0.998175859 -0.058889855 -7.040152550 0.871543765 0.017296620 0.490012527 92.346076965
0.482230812 -0.056506693 -0.874219835 -67.961532593 0.013715106 0.998282135 -0.056960255 -7.123134613 0.875936806 0.015477969 0.482177466 92.958267212
0.474617183 -0.056551967 -0.878373742 -69.072265625 0.013573258 0.998285413 -0.056938067 -7.212611675 0.880087674 0.015101387 0.474571049 93.554916382
0.466486603 -0.059546031 -0.882521689 -70.174179077 0.015682878 0.998131454 -0.059056796 -7.301381588 0.884389222 0.013708727 0.466548800 94.145294189
0.459484130 -0.062656485 -0.885973275 -71.314338684 0.018444369 0.997966707 -0.061011087 -7.393672943 0.887994468 0.011692410 0.459705561 94.734519958
0.453446746 -0.065702491 -0.888858378 -72.440765381 0.019425448 0.997770846 -0.063843265 -7.487475395 0.891071677 0.011683046 0.453712255 95.306312561
0.447761923 -0.069582790 -0.891441226 -73.581817627 0.021535320 0.997517407 -0.067045756 -7.581405640 0.893893421 0.010823063 0.448148847 95.886734009
0.442935586 -0.070376284 -0.893787026 -74.720489502 0.024956670 0.997495890 -0.066174440 -7.690733910 0.896206021 0.007005066 0.443582863 96.451042175
0.438795537 -0.067944072 -0.896014631 -75.869689941 0.026482629 0.997681916 -0.062684387 -7.786341667 0.898196578 0.003776804 0.439577758 97.013984680
0.434680760 -0.066394098 -0.898133934 -77.008468628 0.030150346 0.997792602 -0.059169080 -7.884637833 0.900079727 -0.001359386 0.435723096 97.572235107
0.431503654 -0.065579928 -0.899724305 -78.144882202 0.030993432 0.997843087 -0.057867393 -7.975369453 0.901578546 -0.002915549 0.432605475 98.115608215
0.428889275 -0.065599144 -0.900972188 -79.278923035 0.032611012 0.997834265 -0.057127804 -8.062294006 0.902768195 -0.004880114 0.430099636 98.646194458
0.426666528 -0.064615279 -0.902097881 -80.420234680 0.033995055 0.997885406 -0.055397656 -8.154726028 0.903769910 -0.007030547 0.427960902 99.172790527
0.423863113 -0.064274773 -0.903442800 -81.550750732 0.037076559 0.997873962 -0.053598013 -8.237325668 0.904967070 -0.010778329 0.425345004 99.709205627
0.421232283 -0.065606333 -0.904576778 -82.686752319 0.039887313 0.997755229 -0.053790048 -8.316546440 0.906075239 -0.013423036 0.422903478 100.245208740
0.418584108 -0.065616481 -0.905804515 -83.769493103 0.041645024 0.997724116 -0.053030428 -8.401857376 0.907222688 -0.015524549 0.420364141 100.760726929
0.416061014 -0.065078162 -0.907004952 -84.876091003 0.045048501 0.997686207 -0.050919957 -8.478792191 0.908220112 -0.019673401 0.418029994 101.281692505
0.414020687 -0.064335726 -0.907991052 -85.983093262 0.047233824 0.997673750 -0.049152784 -8.563035011 0.909041166 -0.022537621 0.416096389 101.780838013
0.412884414 -0.066234469 -0.908371866 -87.083129883 0.049552690 0.997508585 -0.050210629 -8.635999680 0.909434438 -0.024281083 0.415137798 102.273376465
0.410993844 -0.066443652 -0.909213603 -88.159095764 0.051012609 0.997453928 -0.049832761 -8.729431152 0.910209775 -0.025900396 0.413336843 102.768783569
0.410423160 -0.067514129 -0.909392536 -89.228164673 0.050423909 0.997410059 -0.051291514 -8.808470726 0.910499990 -0.024803890 0.412764549 103.247955322
0.411348969 -0.068009630 -0.908937216 -90.267707825 0.049420755 0.997409701 -0.052263558 -8.891985893 0.910137177 -0.023421792 0.413644612 103.719390869
0.413111269 -0.068121620 -0.908129096 -91.324386597 0.048005428 0.997440875 -0.052983325 -8.970523834 0.909414411 -0.021707112 0.415324330 104.198974609
0.417197853 -0.068197891 -0.906253219 -92.360183716 0.045988355 0.997487247 -0.053892531 -9.051025391 0.907651424 -0.019193247 0.419285834 104.678405762
0.422520548 -0.068486229 -0.903762102 -93.400474548 0.044372320 0.997508466 -0.054845594 -9.135201454 0.905266464 -0.016928634 0.424506724 105.149971008
0.428392529 -0.068486072 -0.900993586 -94.404289246 0.043927606 0.997523069 -0.054937322 -9.216327667 0.902524352 -0.016043749 0.430339873 105.625640869
0.435001284 -0.067403845 -0.897903323 -95.409088135 0.042627502 0.997617781 -0.054237735 -9.291035652 0.899420202 -0.014681898 0.436838299 106.116485596
0.443479359 -0.065608844 -0.893880069 -96.427116394 0.041470595 0.997751057 -0.052658014 -9.372912407 0.895324647 -0.013716996 0.445202857 106.604965210
0.452781469 -0.065299563 -0.889227152 -97.397308350 0.040858392 0.997786462 -0.052467015 -9.448111534 0.890684903 -0.012576303 0.454447180 107.087829590
0.462086320 -0.065058127 -0.884445429 -98.382797241 0.039959896 0.997819960 -0.052520338 -9.518051147 0.885934293 -0.011073422 0.463678688 107.599441528
0.471875131 -0.065226182 -0.879249394 -99.354667664 0.038567297 0.997832179 -0.053324848 -9.600042343 0.880821466 -0.008747602 0.473367751 108.118110657
0.482195556 -0.067154102 -0.873485982 -100.322662354 0.037923895 0.997723162 -0.055770174 -9.673532486 0.875242412 -0.006233859 0.483644396 108.647743225
0.493962735 -0.068014473 -0.866818845 -101.282287598 0.035864156 0.997681081 -0.057845082 -9.746320724 0.868743122 -0.002514414 0.495256573 109.183944702
0.506526053 -0.065955408 -0.859698355 -102.228843689 0.033712227 0.997822583 -0.056689274 -9.828843117 0.861565351 -0.000267754 0.507646620 109.733963013
0.518838465 -0.063947126 -0.852477252 -103.148368835 0.032761715 0.997953117 -0.054920156 -9.902400970 0.854244292 0.000566075 0.519871473 110.287185669
0.531237245 -0.061432499 -0.844992995 -104.061050415 0.032010242 0.998110831 -0.052439991 -9.980541229 0.846618176 0.000809645 0.532200158 110.856933594
0.543078899 -0.061087906 -0.837456763 -104.963005066 0.032220684 0.998131633 -0.051913608 -10.049548149 0.839063168 0.001209754 0.544032574 111.437705994
0.554835021 -0.060270760 -0.829774380 -105.838523865 0.031903859 0.998180211 -0.051170174 -10.138554573 0.831348419 0.001917997 0.555748224 112.015235901
0.566287696 -0.061685167 -0.821896076 -106.716903687 0.031900138 0.998088539 -0.052929576 -10.202303886 0.823590040 0.003754776 0.567173064 112.606422424
0.576259673 -0.063247710 -0.814815700 -107.565528870 0.034381405 0.997994423 -0.053150982 -10.278644562 0.816543162 0.002614255 0.577278495 113.226097107
0.587873995 -0.062493034 -0.806535065 -108.420036316 0.034838505 0.998042405 -0.051938280 -10.364555359 0.808201969 0.002434695 0.588900387 113.834083557
0.598406076 -0.060431827 -0.798910618 -109.253288269 0.034197465 0.998169124 -0.049889456 -10.431781769 0.800462782 0.002533444 0.599377096 114.453567505
0.608644068 -0.057094947 -0.791386425 -110.058074951 0.034138899 0.998368382 -0.045772023 -10.505372047 0.792708576 0.000841809 0.609600306 115.066543579
0.618462205 -0.055297915 -0.783866405 -110.862129211 0.032515328 0.998467565 -0.044782698 -10.571324348 0.785141528 0.002208733 0.619312346 115.691390991
0.628378749 -0.055004761 -0.775960445 -111.642845154 0.030854249 0.998474419 -0.045791876 -10.634061813 0.777295470 0.004832961 0.629117191 116.324516296
0.637822449 -0.054168053 -0.768276215 -112.408203125 0.028613027 0.998501539 -0.046645794 -10.699544907 0.769651771 0.007769026 0.638416529 116.960151672
0.647165060 -0.053740565 -0.760453284 -113.184677124 0.028540645 0.998520911 -0.046275776 -10.763864517 0.761815488 0.008244236 0.647741735 117.603767395
0.656264961 -0.051441137 -0.752774894 -113.925048828 0.027998261 0.998646438 -0.043834124 -10.826601982 0.754010916 0.007690409 0.656816900 118.252487183
0.664932728 -0.049899586 -0.745234489 -114.655174255 0.028309304 0.998732567 -0.041614503 -10.886289597 0.746366560 0.006573776 0.665502608 118.900001526
0.673206508 -0.049043622 -0.737826347 -115.372375488 0.028298484 0.998776019 -0.040568981 -10.946195602 0.738912821 0.006431942 0.673770308 119.553253174
0.681042790 -0.048200268 -0.730655432 -116.074043274 0.027120968 0.998806834 -0.040610414 -10.998678207 0.731741190 0.007841349 0.681537449 120.204269409
0.688307881 -0.047187343 -0.723882377 -116.763923645 0.026622823 0.998853028 -0.039797258 -11.053600311 0.724930048 0.008120973 0.688774705 120.864562988
0.695894957 -0.044567324 -0.716759264 -117.443519592 0.025666568 0.998978317 -0.037195962 -11.105642319 0.717684805 0.007487732 0.696327984 121.507400513
0.703390896 -0.041821823 -0.709571779 -118.108352661 0.024613172 0.999102056 -0.034487814 -11.154617310 0.710376978 0.006793603 0.703788579 122.167381287
0.710852563 -0.040455762 -0.702176571 -118.760803223 0.023761911 0.999155819 -0.033510648 -11.203239441 0.702939510 0.007136074 0.711213827 122.821640015
0.718218744 -0.039284423 -0.694707513 -119.398986816 0.022977013 0.999199510 -0.032748241 -11.255542755 0.695437908 0.007558099 0.718546331 123.475509644
0.726341665 -0.036433063 -0.686367631 -120.025276184 0.020295935 0.999295592 -0.031565610 -11.295625687 0.687034130 0.008996946 0.726569414 124.129302979
0.735208273 -0.033458401 -0.677015007 -120.630043030 0.019356539 0.999410033 -0.028370971 -11.343052864 0.677564740 0.007753906 0.735422194 124.784332275
0.744790435 -0.029602330 -0.666641593 -121.217407227 0.017361363 0.999536991 -0.024988007 -11.381159782 0.667072475 0.007037021 0.744959474 125.434791565
0.754783809 -0.027276780 -0.655406296 -121.796714783 0.015425295 0.999596834 -0.023837157 -11.424201012 0.655792236 0.007882060 0.754900396 126.097785950
0.764543295 -0.026282636 -0.644036353 -122.346931458 0.013777114 0.999606431 -0.024438202 -11.459474564 0.644425213 0.009811101 0.764604509 126.755134583
0.774608552 -0.027580619 -0.631839156 -122.899047852 0.013916291 0.999550045 -0.026570890 -11.491953850 0.632287621 0.011789184 0.774643958 127.425285339
0.784713089 -0.026764182 -0.619281054 -123.430358887 0.013669450 0.999571621 -0.025878586 -11.527566910 0.619708359 0.011842032 0.784742832 128.099914551
0.794892073 -0.025195356 -0.606227398 -123.948509216 0.013229723 0.999619603 -0.024198139 -11.560781479 0.606606424 0.011214686 0.794923127 128.782836914
0.805076897 -0.022891248 -0.592728555 -124.452758789 0.013007973 0.999696136 -0.020940227 -11.598369598 0.593027711 0.009148296 0.805130005 129.466873169
0.814748764 -0.021308701 -0.579422474 -124.948493958 0.012891964 0.999743164 -0.018638417 -11.625296593 0.579670846 0.007715735 0.814814210 130.154922485
0.823947072 -0.020146523 -0.566308677 -125.436164856 0.013551693 0.999782562 -0.015850486 -11.647074699 0.566504836 0.005385520 0.824040771 130.865676880
0.832210481 -0.018812399 -0.554140568 -125.903350830 0.013676961 0.999816775 -0.013402445 -11.680569649 0.554291129 0.003574699 0.832315028 131.561309814
0.839512587 -0.019493328 -0.542990446 -126.363517761 0.015487372 0.999808729 -0.011948193 -11.700837135 0.543119431 0.001621163 0.839653909 132.279327393
0.846163213 -0.018878635 -0.532589376 -126.814590454 0.015064654 0.999820411 -0.011506213 -11.724169731 0.532710850 0.001712862 0.846295714 132.996826172
0.852786422 -0.018370410 -0.521936655 -127.255111694 0.014478694 0.999828696 -0.011534019 -11.743001938 0.522059143 0.002279096 0.852906346 133.724288940
0.859742880 -0.015905123 -0.510479331 -127.705696106 0.012350325 0.999870121 -0.010352924 -11.767642021 0.510577738 0.002596265 0.859827697 134.457519531
0.865845323 -0.014880263 -0.500090480 -128.128189087 0.011515480 0.999885559 -0.009814098 -11.788101196 0.500179291 0.002738708 0.865917623 135.201232910
0.871902943 -0.015667586 -0.489428103 -128.555099487 0.012468409 0.999874353 -0.009795875 -11.808511734 0.489520073 0.002438661 0.871988654 135.954421997
0.877026021 -0.016861318 -0.480146915 -128.972885132 0.013254323 0.999852717 -0.010901757 -11.829305649 0.480259985 0.003197101 0.877120495 136.719772339
0.881315470 -0.017442115 -0.472206265 -129.375640869 0.013791263 0.999842227 -0.011191951 -11.847177505 0.472327024 0.003351319 0.881416976 137.486938477
0.884833753 -0.016539885 -0.465613246 -129.782440186 0.013157502 0.999858201 -0.010513741 -11.866058350 0.465721160 0.003176606 0.884925902 138.260528564
0.888211787 -0.014452740 -0.459206671 -130.206787109 0.012579592 0.999895334 -0.007138149 -11.887344360 0.459261805 0.000563557 0.888300717 139.053482056
0.891378939 -0.010411884 -0.453139037 -130.614379883 0.010103687 0.999944150 -0.003100784 -11.897104263 0.453146011 -0.001814401 0.891434491 139.853027344
0.894620597 -0.007621220 -0.446761578 -131.014129639 0.008618635 0.999962866 0.000200266 -11.920620918 0.446743429 -0.004029637 0.894653022 140.656829834
0.897915184 -0.004808557 -0.440142274 -131.421310425 0.006546320 0.999975622 0.002430124 -11.927358627 0.440119863 -0.005063357 0.897924781 141.482101440
0.901140690 -0.003378492 -0.433513671 -131.823486328 0.006055206 0.999970078 0.004793854 -11.933353424 0.433484554 -0.006944951 0.901134253 142.318908691
0.904554307 -0.001654590 -0.426355243 -132.240447998 0.005363645 0.999957502 0.007498884 -11.935202599 0.426324725 -0.009069966 0.904524744 143.180297852
0.907982886 -0.002104998 -0.419001907 -132.641815186 0.006587774 0.999935508 0.009252284 -11.935779572 0.418955415 -0.011161205 0.907938242 144.051040649
0.911456406 -0.002471587 -0.411389321 -133.035491943 0.007406995 0.999918520 0.010403204 -11.939537048 0.411330104 -0.012529225 0.911400318 144.937774658
0.915274858 -0.002458839 -0.402822405 -133.443725586 0.007331326 0.999917448 0.010554387 -11.940596581 0.402763188 -0.012613386 0.915217280 145.846328735
0.919147432 -0.005165296 -0.393879861 -133.834518433 0.009879115 0.999901831 0.009941037 -11.937122345 0.393789858 -0.013028461 0.919108152 146.766342163
0.923113465 -0.006574836 -0.384471536 -134.216033936 0.010770335 0.999903619 0.008760173 -11.936782837 0.384376854 -0.012227520 0.923095226 147.693862915
0.927771211 -0.007328287 -0.373077601 -134.602050781 0.010643312 0.999920070 0.006826617 -11.940363884 0.372997820 -0.010304320 0.927775025 148.630111694
0.933179200 -0.005437432 -0.359370440 -134.982879639 0.008231920 0.999946594 0.006246240 -11.938707352 0.359317303 -0.008787170 0.933174133 149.596435547
0.939208865 -0.001793013 -0.343341470 -135.342468262 0.004571004 0.999962986 0.007281911 -11.938743591 0.343315750 -0.008408650 0.939182520 150.572067261
0.945665777 0.001911531 -0.325134724 -135.687118530 0.001557170 0.999944627 0.010407954 -11.946637154 0.325136542 -0.010348738 0.945610464 151.544311523
0.952332318 0.004970445 -0.305022031 -136.025741577 -0.001382071 0.999927282 0.011979110 -11.942090988 0.305059344 -0.010986532 0.952269971 152.567077637
0.958812654 0.006462998 -0.283965647 -136.337310791 -0.002935974 0.999913216 0.012844471 -11.941038132 0.284024030 -0.011481726 0.958748400 153.594085693
0.964908063 0.007893497 -0.262469321 -136.636077881 -0.004277060 0.999887943 0.014346978 -11.934938431 0.262553215 -0.012720916 0.964833677 154.655105591
0.970529079 0.008394696 -0.240837961 -136.905441284 -0.004460664 0.999847651 0.016875299 -11.923321724 0.240942940 -0.015303668 0.970418632 155.732879639
0.975701809 0.011491761 -0.218800828 -137.163635254 -0.007129146 0.999759972 0.020717839 -11.924339294 0.218986347 -0.018654572 0.975549579 156.819992065
0.980439186 0.014011850 -0.196323037 -137.395324707 -0.009333412 0.999650419 0.024735309 -11.909597397 0.196601003 -0.022419102 0.980227232 157.922210693
0.984681308 0.015770700 -0.173649639 -137.608718872 -0.011035202 0.999541283 0.028202266 -11.896184921 0.174014777 -0.025853984 0.984403610 159.054870605
0.988282084 0.017653726 -0.151614308 -137.789932251 -0.013530437 0.999511182 0.028184753 -11.877622604 0.152037740 -0.025803082 0.988037825 160.205902100
0.991392434 0.016691396 -0.129854888 -137.939331055 -0.013430078 0.999572992 0.025950445 -11.857320786 0.130232573 -0.023983113 0.991193414 161.361312866
0.993977904 0.017223403 -0.108219616 -138.084014893 -0.014586172 0.999578178 0.025113817 -11.840206146 0.108606510 -0.023384070 0.993809700 162.531402588
0.995995402 0.016372249 -0.087892294 -138.188247681 -0.014052939 0.999538243 0.026942333 -11.819809914 0.088292815 -0.025599295 0.995765567 163.723449707
0.997557342 0.016514827 -0.067870028 -138.281417847 -0.014593713 0.999481380 0.028704749 -11.800674438 0.068308882 -0.027644163 0.997281075 164.931610107
0.998722851 0.016960697 -0.047591306 -138.348510742 -0.015563881 0.999441564 0.029568823 -11.777124405 0.048066236 -0.028790355 0.998429120 166.153305054
0.999455154 0.018661719 -0.027220765 -138.385467529 -0.017840728 0.999387681 0.030097697 -11.754488945 0.027765775 -0.029595664 0.999176264 167.387023926
0.999792516 0.019222833 -0.006737612 -138.402160645 -0.019007290 0.999347448 0.030714843 -11.729677200 0.007323641 -0.030580411 0.999505460 168.625625610
0.999675572 0.021413978 0.013790931 -138.393783569 -0.021823283 0.999304175 0.030246621 -11.708602905 -0.013133631 -0.030537771 0.999447286 169.888763428
0.999171913 0.022654988 0.033794947 -138.363113403 -0.023637390 0.999301076 0.028958928 -11.685056686 -0.033115271 -0.029733771 0.999009073 171.168090820
0.998322248 0.022740042 0.053249855 -138.300033569 -0.024174405 0.999357820 0.026449144 -11.659646034 -0.052614205 -0.027692053 0.998230875 172.453002930
0.997095525 0.024923308 0.071967565 -138.212127686 -0.026698630 0.999359846 0.023812603 -11.640786171 -0.071328007 -0.025664873 0.997122705 173.742614746
0.995507538 0.025113391 0.091290824 -138.101928711 -0.027233044 0.999385953 0.022047449 -11.627573013 -0.090681076 -0.024434524 0.995580196 175.035232544
0.993631303 0.024959572 0.109880626 -137.960388184 -0.027203243 0.999449909 0.018967381 -11.614711761 -0.109346755 -0.021835689 0.993763804 176.348251343
0.991298378 0.026554357 0.128927842 -137.803039551 -0.028534977 0.999501109 0.013539096 -11.605642319 -0.128504068 -0.017100234 0.991561532 177.675827026
0.988740444 0.028593820 0.146882877 -137.623886108 -0.029950416 0.999526739 0.007032182 -11.609423637 -0.146612272 -0.011352208 0.989129007 178.990097046
0.985975802 0.030679990 0.164044216 -137.412261963 -0.031409401 0.999504805 0.001853817 -11.613100052 -0.163906097 -0.006980349 0.986451268 180.313400269
0.982794940 0.032882415 0.181749165 -137.177688599 -0.032997601 0.999452591 -0.002390847 -11.624627113 -0.181728318 -0.003647574 0.983341932 181.662231445
0.979216516 0.034994815 0.199775413 -136.924911499 -0.034635581 0.999386013 -0.005293888 -11.643451691 -0.199838012 -0.001735474 0.979827344 183.000595093
0.975570917 0.034487661 0.216960788 -136.630187988 -0.034211848 0.999401927 -0.005028338 -11.666749954 -0.217004448 -0.002517130 0.976167381 184.363815308
0.971773684 0.033440653 0.233533323 -136.309906006 -0.032992110 0.999438524 -0.005827987 -11.688948631 -0.233597100 -0.002041272 0.972331345 185.719787598
0.967434406 0.033667564 0.250872910 -135.966918945 -0.031962387 0.999429882 -0.010869483 -11.715835571 -0.251095861 0.002497016 0.967958987 187.086181641
0.963062108 0.034898475 0.267008275 -135.600280762 -0.031927191 0.999370575 -0.015462587 -11.741550446 -0.267379850 0.006366604 0.963570178 188.436828613
0.958297074 0.037165817 0.283346772 -135.201522827 -0.034160707 0.999295533 -0.015541161 -11.776973724 -0.283724785 0.005213724 0.958891511 189.810562134
0.952853560 0.039250556 0.300881237 -134.784652710 -0.036054999 0.999219000 -0.016168397 -11.815611839 -0.301280886 0.004557845 0.953524470 191.180160522
0.947022796 0.042982273 0.318277031 -134.343917847 -0.038872998 0.999058604 -0.019254295 -11.855356216 -0.318805069 0.005861874 0.947802186 192.557037354
0.941025019 0.043644767 0.335510403 -133.871917725 -0.038005084 0.999004602 -0.023360193 -11.899892807 -0.336196035 0.009231427 0.941746831 193.930252075
0.934633970 0.044583846 0.352805346 -133.369628906 -0.037980061 0.998949945 -0.025622012 -11.951603889 -0.353577226 0.010547638 0.935345888 195.306091309
0.927850127 0.045355171 0.370185107 -132.843078613 -0.036501575 0.998856068 -0.030890744 -12.012299538 -0.371162713 0.015149641 0.928444266 196.679260254
0.919831038 0.048571542 0.389296323 -132.288970947 -0.037061747 0.998626769 -0.037026525 -12.076822281 -0.390560120 0.019630142 0.920368016 198.056671143
0.910397589 0.052014358 0.410451800 -131.696502686 -0.038805850 0.998427629 -0.040452555 -12.151821136 -0.411910504 0.020899968 0.910984516 199.424896240
0.899218142 0.054673500 0.434070855 -131.075775146 -0.040490199 0.998302519 -0.041862242 -12.231319427 -0.435622782 0.020067675 0.899905562 200.776931763
