1.000000000 0.000000000 0.000000000 0.000000000 0.000000000 1.000000000 0.000000000 0.000000000 0.000000000 0.000000000 1.000000000 0.000000000
0.999873936 0.001480353 0.015808389 0.010673753 -0.001465594 0.999998450 -0.000945157 -0.003145051 -0.015809765 0.000921869 0.999874592 0.126420498
0.999292135 0.004313883 0.037371639 0.027181987 -0.004302106 0.999990642 -0.000395549 -0.004843685 -0.037372995 0.000234492 0.999301374 0.272629708
0.997894883 0.005954443 0.064578220 0.056292467 -0.006030205 0.999981344 0.000978319 -0.005065144 -0.064571194 -0.001365679 0.997912169 0.436218470
0.995127738 0.005762396 0.098425142 0.102740936 -0.006110972 0.999976218 0.003240434 -0.004355213 -0.098404109 -0.003826120 0.995139182 0.608937562
0.990626931 0.002639060 0.136569470 0.163431972 -0.003380586 0.999980688 0.005198018 -0.005199497 -0.136553138 -0.005610981 0.990616858 0.791976750
0.984345436 -0.000175913 0.176249892 0.237199679 -0.000790581 0.999984980 0.005413427 -0.004050271 -0.176248193 -0.005468023 0.984330535 0.988604665
0.975552320 -0.000381180 0.219766885 0.319726646 -0.001102429 0.999977410 0.006628154 -0.001276250 -0.219764456 -0.006708389 0.975529909 1.190916657
0.963404775 -0.000184219 0.268050790 0.411543369 -0.002431058 0.999952614 0.009424719 0.002760202 -0.268039823 -0.009731467 0.963358700 1.405279160
0.948940277 -0.003792345 0.315432906 0.530033469 -0.001539718 0.999860168 0.016653035 -0.002575988 -0.315451950 -0.016288413 0.948801756 1.620670795
0.931965351 -0.013238500 0.362305403 0.671620548 0.004564480 0.999682426 0.024786705 -0.008237776 -0.362518489 -0.021446615 0.931729794 1.830881476
0.910558522 -0.018279834 0.412975818 0.825177670 0.006984439 0.999559522 0.028844403 -0.004122139 -0.413321167 -0.023380108 0.910285115 2.053717136
0.885099649 -0.019687561 0.464985043 0.992696464 0.005060908 0.999452949 0.032683596 0.000776909 -0.465374142 -0.026574990 0.884715080 2.282220602
0.856733978 -0.021814901 0.515296936 1.166039228 0.002968153 0.999297082 0.037370000 0.000796235 -0.515750051 -0.030486668 0.856196523 2.485970259
0.824229777 -0.026254842 0.565646529 1.366346359 0.003357647 0.999133587 0.041482840 0.007277612 -0.566245556 -0.032292150 0.823603809 2.699105501
0.788068771 -0.032143719 0.614747465 1.600612402 0.005639396 0.998970866 0.045004513 0.008199564 -0.615561426 -0.031999849 0.787438989 2.917691946
0.749718547 -0.035813816 0.660787046 1.842826247 0.005870952 0.998855174 0.047475591 0.016723121 -0.661730886 -0.031713884 0.749070466 3.126916170
0.709698319 -0.039141979 0.703417540 2.112287283 0.007166468 0.998804808 0.048348486 0.028918853 -0.704469264 -0.029271815 0.709130585 3.329382658
0.667284429 -0.040775366 0.743686020 2.412019491 0.005943399 0.998759925 0.049427949 0.045250997 -0.744779289 -0.028562477 0.666699350 3.551913023
0.624415815 -0.040587392 0.780036867 2.724076033 0.000599277 0.998673618 0.051483925 0.060242109 -0.781091869 -0.031679921 0.623611927 3.763168335
0.582500160 -0.040945485 0.811798632 3.075425148 -0.002572266 0.998632491 0.052214731 0.080638915 -0.812826455 -0.032503251 0.581598401 3.973749161
0.542032182 -0.042178769 0.839298606 3.448566437 -0.004119020 0.998594284 0.052844264 0.101148583 -0.840347648 -0.032100379 0.541096449 4.179891586
0.503568053 -0.044315662 0.862818241 3.856094122 -0.006091120 0.998476684 0.054838259 0.114789315 -0.863934100 -0.032870322 0.502530992 4.383993626
0.465805978 -0.044036485 0.883790433 4.292117596 -0.009184216 0.998466611 0.054591026 0.133751631 -0.884839237 -0.033545747 0.464687258 4.589518547
0.429384828 -0.042921744 0.902101040 4.754996777 -0.010169168 0.998576939 0.052352395 0.161202863 -0.903064370 -0.031652942 0.428337276 4.780330658
0.395604759 -0.041639358 0.917476356 5.243703365 -0.009009944 0.998747647 0.049212810 0.181402832 -0.918376684 -0.027735233 0.394734144 4.974306583
0.366066068 -0.039681613 0.929742336 5.756615162 -0.007019824 0.998944223 0.045399066 0.204531372 -0.930562317 -0.023145689 0.365401000 5.148761272
0.341205388 -0.037995208 0.939220488 6.304003239 -0.005987585 0.999074578 0.042591751 0.226051152 -0.939969718 -0.020156194 0.340662152 5.321008205
0.320419759 -0.037643630 0.946527362 6.882599831 -0.004551990 0.999137402 0.041276887 0.248681411 -0.947264731 -0.017534513 0.319972038 5.511685848
0.305965066 -0.037738707 0.951294482 7.483366966 -0.003540718 0.999162138 0.040776454 0.279934913 -0.952036202 -0.015844434 0.305575073 5.689907074
0.294496894 -0.039192103 0.954848409 8.119147301 -0.002595163 0.999122262 0.041809734 0.303152263 -0.955648959 -0.014790824 0.294136673 5.875292301
0.283902764 -0.040982079 0.957976878 8.778992653 -0.003918728 0.999028265 0.043899592 0.328316003 -0.958845139 -0.016217263 0.283466280 6.059830666
0.273408592 -0.042871378 0.960942149 9.458109856 -0.005287951 0.998924136 0.046070445 0.349959403 -0.961883366 -0.017677469 0.272887796 6.254742622
0.263522863 -0.044487085 0.963626862 10.161654472 -0.006192948 0.998837411 0.047806218 0.380508721 -0.964633226 -0.018565720 0.262940973 6.443596840
0.253572643 -0.046398934 0.966202915 10.876971245 -0.007019222 0.998734415 0.049803298 0.410259008 -0.967290878 -0.019410744 0.252926081 6.623098373
0.242930308 -0.047683503 0.968871057 11.627359390 -0.007262277 0.998673737 0.050971165 0.445745647 -0.970016539 -0.019418651 0.242261827 6.814556599
0.232669890 -0.048532058 0.971344113 12.388476372 -0.007163683 0.998641491 0.051611889 0.485560566 -0.972529352 -0.018966934 0.232006148 6.991063595
0.222761422 -0.051680613 0.973502100 13.171934128 -0.008566512 0.998451412 0.054965336 0.514902353 -0.974835336 -0.020583674 0.221973747 7.166217804
0.211126789 -0.054905832 0.975915313 13.962475777 -0.010358444 0.998239338 0.058402713 0.553033948 -0.977403760 -0.022439342 0.210186318 7.347415924
0.198742628 -0.059426703 0.978248358 14.766730309 -0.011488557 0.997950077 0.062957585 0.577716529 -0.979984403 -0.023751020 0.197652489 7.507408142
0.185822070 -0.061539020 0.980654478 15.564626694 -0.012486470 0.997808278 0.064981520 0.616500616 -0.982504070 -0.024319911 0.184646398 7.653595924
0.172152311 -0.062079307 0.983112276 16.366367340 -0.012395217 0.997796714 0.065177098 0.656251669 -0.984992445 -0.023406276 0.171003520 7.785402775
0.157386839 -0.060868084 0.985659420 17.187305450 -0.013484342 0.997873127 0.063775472 0.697699487 -0.987444937 -0.023328388 0.156231344 7.924673080
0.140455753 -0.059780002 0.988280535 18.016750336 -0.015121064 0.997929633 0.062512703 0.738072455 -0.989971459 -0.023724122 0.139261022 8.041224480
0.120197736 -0.058082510 0.991049349 18.837615967 -0.017601084 0.998005390 0.060624905 0.776435018 -0.992593944 -0.024730520 0.118935667 8.136382103
0.094296493 -0.056891266 0.993917286 19.660642624 -0.022594567 0.997986436 0.059267811 0.810840309 -0.995287657 -0.028045876 0.092821173 8.220814705
0.064011879 -0.056183409 0.996366322 20.499870300 -0.026139552 0.997977018 0.057953574 0.845413148 -0.997606754 -0.029754287 0.062413756 8.268877983
0.030820064 -0.056045000 0.997952521 21.321113586 -0.028598957 0.997968495 0.056929138 0.876527190 -0.999115705 -0.030294957 0.029154643 8.288736343
-0.003900080 -0.055820115 0.998433232 22.196868896 -0.030675130 0.997977555 0.055674817 0.904561400 -0.999521792 -0.030409934 -0.005604483 8.289339066
-0.038341891 -0.054065581 0.997801006 23.048315048 -0.031838778 0.998094320 0.052858029 0.941962719 -0.998757303 -0.029742088 -0.039990205 8.253391266
-0.070653327 -0.052337497 0.996126950 23.894554138 -0.033862114 0.998172879 0.050043210 0.967109025 -0.996926010 -0.030195249 -0.072296485 8.179143906
-0.103105903 -0.049697898 0.993428051 24.725402832 -0.035908867 0.998285949 0.046214018 0.987847626 -0.994021952 -0.030907940 -0.104713753 8.092726707
-0.135424569 -0.045039300 0.989763498 25.584594727 -0.033606231 0.998600185 0.040843245 1.011378527 -0.990217507 -0.027731042 -0.136748597 7.966629982
-0.167254910 -0.039152913 0.985135913 26.442924500 -0.028105460 0.998994350 0.034931999 1.026027203 -0.985513031 -0.021845149 -0.168187112 7.813077450
-0.197993636 -0.033051234 0.979645967 27.273189545 -0.021568982 0.999336183 0.029356297 1.036404967 -0.979966044 -0.015317603 -0.198575109 7.629642487
-0.226453394 -0.027506771 0.973633528 28.098438263 -0.015036516 0.999580681 0.024742546 1.038706422 -0.973906040 -0.009037021 -0.226772070 7.414112568
-0.253953993 -0.020847360 0.966991603 28.904161453 -0.007116430 0.999780893 0.019685326 1.047704816 -0.967190146 -0.001882360 -0.254046708 7.184275627
-0.280113369 -0.010428797 0.959910274 29.712875366 -0.000998430 0.999943554 0.010572378 1.041144490 -0.959966421 0.002003062 -0.280108005 6.929266930
-0.305592358 0.004905119 0.952149808 30.494750977 0.003274289 0.999986231 -0.004100672 1.026425600 -0.952156782 0.001864480 -0.305604219 6.668202400
-0.330339998 0.022238078 0.943600059 31.267496109 0.004449052 0.999747932 -0.022003789 1.003691077 -0.943851471 -0.003070606 -0.330355704 6.386927128
-0.355401576 0.037034869 0.933979750 32.049213409 0.004558394 0.999271512 -0.037889298 0.974198222 -0.934702575 -0.009208469 -0.355311513 6.084615707
-0.379891574 0.047201436 0.923825979 32.812854767 0.008335580 0.998831511 -0.047605999 0.927660346 -0.924993455 -0.010384493 -0.379841119 5.760788441
-0.403109342 0.051505078 0.913701236 33.563060760 0.011640063 0.998622775 -0.051156681 0.876815379 -0.915077806 -0.009986196 -0.403153747 5.412033081
-0.425646156 0.051486388 0.903423786 34.307472229 0.015368726 0.998647332 -0.049672261 0.826190233 -0.904759169 -0.007258336 -0.425861657 5.056956768
-0.445981055 0.046953272 0.893810034 35.040512085 0.018519720 0.998893380 -0.043232754 0.770556152 -0.894850731 -0.002727879 -0.446357071 4.677395821
-0.463729143 0.045827765 0.884791017 35.760936737 0.026106669 0.998934507 -0.038057026 0.723904252 -0.885592282 0.005450798 -0.464431405 4.283071041
-0.477231592 0.046111327 0.877566993 36.464389801 0.028389055 0.998910189 -0.037048932 0.675983071 -0.878318846 0.007232376 -0.478020549 3.889328718
-0.488167554 0.050535690 0.871285617 37.161972046 0.032657534 0.998680711 -0.039627261 0.628323734 -0.872138739 0.009109291 -0.489173830 3.487035036
-0.498129606 0.052847192 0.865490675 37.849998474 0.033290960 0.998570621 -0.041812629 0.582161605 -0.866463304 0.007984904 -0.499176949 3.085254431
-0.508709371 0.052293003 0.859348714 38.552436829 0.027257049 0.998631537 -0.044633258 0.532469273 -0.860506773 0.000717957 -0.509438515 2.674709558
-0.519858778 0.051176023 0.852717876 39.239727020 0.026994770 0.998689532 -0.043479197 0.485504538 -0.853825688 0.000415886 -0.520558953 2.261538267
-0.528661370 0.052184694 0.847227156 39.910511017 0.028686080 0.998636723 -0.043610889 0.438773990 -0.848348022 0.001248236 -0.529437482 1.840865731
-0.536072373 0.055000715 0.842378378 40.600845337 0.031042153 0.998484731 -0.045438644 0.393831700 -0.843601108 0.001790843 -0.536967397 1.400921822
-0.539198279 0.058011871 0.840178370 41.306282043 0.033033311 0.998313844 -0.047730986 0.343973041 -0.841530740 0.002017414 -0.540205359 0.939669311
-0.538971722 0.060394455 0.840155900 42.011562347 0.032851771 0.998174489 -0.050678734 0.298299193 -0.841683030 0.000286208 -0.539971948 0.489889622
-0.535488427 0.060505621 0.842372298 42.733901978 0.035111811 0.998162925 -0.049375430 0.243553221 -0.843812287 0.003137245 -0.536629081 0.023312652
-0.529877663 0.059265219 0.846000731 43.472080231 0.033004358 0.998240650 -0.049258444 0.190074086 -0.847431600 0.001820766 -0.530901372 -0.425173372
-0.523171365 0.057895135 0.850258708 44.221977234 0.030754689 0.998322546 -0.049053352 0.140101403 -0.851672292 0.000486130 -0.524074435 -0.867734015
-0.516082823 0.057648130 0.854596496 44.995185852 0.029227786 0.998336732 -0.049693964 0.089517631 -0.856039882 -0.000668239 -0.516909420 -1.327362895
-0.510251403 0.056073703 0.858195424 45.783473969 0.025994426 0.998421848 -0.049780648 0.035408702 -0.859632432 -0.003092347 -0.510903776 -1.780902743
-0.505282342 0.053546965 0.861291111 46.599899292 0.021857960 0.998546898 -0.049257118 -0.024254041 -0.862677217 -0.006062686 -0.505718589 -2.262132645
-0.504198670 0.050655313 0.862100720 47.427749634 0.017450415 0.998672009 -0.048474103 -0.078565069 -0.863411367 -0.009396566 -0.504413068 -2.729961395
-0.504589736 0.048257746 0.862009525 48.260002136 0.014762279 0.998772919 -0.047272846 -0.138912812 -0.863232911 -0.011128166 -0.504682899 -3.207215071
-0.505648971 0.047286510 0.861442447 49.105926514 0.013721045 0.998811305 -0.046773024 -0.196797699 -0.862630188 -0.011830838 -0.505696595 -3.694526434
-0.505927682 0.046367019 0.861328781 49.969268799 0.013430129 0.998856604 -0.045881808 -0.252867639 -0.862471342 -0.011645120 -0.505971909 -4.199813366
-0.506213486 0.045866411 0.861187696 50.840141296 0.013382221 0.998882234 -0.045333765 -0.308845729 -0.862304389 -0.011423960 -0.506261408 -4.708038807
-0.506520748 0.044831693 0.861061454 51.715671539 0.013255258 0.998934209 -0.044212695 -0.366326451 -0.862125874 -0.010981056 -0.506575167 -5.211233139
-0.506420255 0.044751581 0.861124694 52.602340698 0.013440102 0.998940706 -0.044009693 -0.425877035 -0.862181962 -0.010713799 -0.506485343 -5.731014729
-0.506836474 0.043212820 0.860958457 53.498214722 0.011018098 0.998985887 -0.043654401 -0.480637431 -0.861971796 -0.012639517 -0.506798625 -6.251743793
-0.506715417 0.042391308 0.861070633 54.391937256 0.010510379 0.999019861 -0.042997621 -0.543734550 -0.862049222 -0.012737386 -0.506664455 -6.769324303
-0.505947948 0.041616574 0.861559510 55.286273956 0.009319637 0.999040782 -0.042784512 -0.607348323 -0.862513661 -0.013617315 -0.505850554 -7.288944244
-0.504763186 0.040126093 0.862324774 56.164115906 0.009173841 0.999112189 -0.041121215 -0.665777564 -0.863209128 -0.012845648 -0.504683077 -7.803679466
-0.502466857 0.037974138 0.863762140 57.052097321 0.009619448 0.999218702 -0.038333490 -0.726855278 -0.864542961 -0.010952391 -0.502439559 -8.319973946
-0.500127852 0.036549941 0.865179896 57.936000824 0.009840402 0.999284148 -0.036526881 -0.786509097 -0.865895629 -0.009754393 -0.500129580 -8.824081421
-0.497588843 0.036462344 0.866646349 58.823238373 0.010307472 0.999294043 -0.036125150 -0.841622055 -0.867351711 -0.009042539 -0.497613460 -9.329754829
-0.495610565 0.036597800 0.867773473 59.708175659 0.010140297 0.999287426 -0.036352910 -0.898068309 -0.868485630 -0.009217406 -0.495628655 -9.829437256
-0.494648814 0.037158497 0.868298233 60.587387085 0.010047820 0.999263287 -0.037039094 -0.951848745 -0.869035006 -0.009596840 -0.494657725 -10.334413528
-0.494788975 0.039086860 0.868133664 61.463523865 0.010584312 0.999184906 -0.038954832 -1.009346843 -0.868948758 -0.010085823 -0.494799376 -10.838309288
-0.497865170 0.040698323 0.866298974 62.334106445 0.009292652 0.999091268 -0.041596320 -1.070266247 -0.867204607 -0.012659146 -0.497790933 -11.329491615
-0.502873719 0.040891986 0.863392234 63.214851379 0.007043897 0.999041140 -0.043213941 -1.127476335 -0.864331365 -0.015649511 -0.502679467 -11.833015442
-0.508361101 0.039616093 0.860232353 64.076492310 0.008899148 0.999129653 -0.040753685 -1.188213468 -0.861098111 -0.013062253 -0.508271158 -12.338572502
-0.513461471 0.037114784 0.857309639 64.933731079 0.010188947 0.999257505 -0.037157632 -1.249750137 -0.858052194 -0.010343929 -0.513458312 -12.857322693
-0.519306421 0.034694411 0.853883684 65.799430847 0.007087836 0.999316037 -0.036292914 -1.304438710 -0.854558706 -0.012794955 -0.519197047 -13.363332748
-0.524387181 0.037953705 0.850633740 66.647666931 0.009522957 0.999205053 -0.038712103 -1.361797571 -0.851426780 -0.012199580 -0.524331748 -13.882033348
-0.529541075 0.039739668 0.847352982 67.486274719 0.009479160 0.999116898 -0.040933322 -1.410701871 -0.848231375 -0.013643679 -0.529450059 -14.399223328
-0.534362495 0.040676944 0.844276130 68.312622070 0.008391809 0.999047458 -0.042822398 -1.467660904 -0.845213830 -0.015797677 -0.534194827 -14.911641121
-0.537737250 0.040683355 0.842130363 69.118644714 0.007224878 0.999020815 -0.043649327 -1.530041814 -0.843081534 -0.017387586 -0.537504613 -15.431758881
-0.540995717 0.040131807 0.840067267 69.939674377 0.008377106 0.999068439 -0.042332843 -1.588174462 -0.840983510 -0.015864560 -0.540828049 -15.954906464
-0.542732716 0.033478230 0.839237988 70.761505127 0.009066451 0.999380648 -0.034003254 -1.633826256 -0.839856565 -0.010845772 -0.542700052 -16.492761612
-0.545515239 0.023874633 0.837760806 71.572471619 0.007475889 0.999693036 -0.023621412 -1.693336010 -0.838067591 -0.006622834 -0.545526266 -17.016717911
-0.547410607 0.022665966 0.836557209 72.388755798 0.008539598 0.999732375 -0.021499110 -1.733717084 -0.836820722 -0.004624977 -0.547457695 -17.543554306
-0.547998905 0.027524227 0.836026132 73.176856995 0.009201625 0.999596417 -0.026877914 -1.777624488 -0.836428463 -0.007036268 -0.548030972 -18.061307907
-0.550094724 0.033317938 0.834437430 73.977333069 0.010025607 0.999395311 -0.033295203 -1.820300579 -0.835042119 -0.009949771 -0.550096095 -18.567401886
-0.549581647 0.037204430 0.834611177 74.758926392 0.016156867 0.999294400 -0.033906400 -1.867698431 -0.835283756 -0.005149635 -0.549794972 -19.109998703
-0.549265862 0.038729679 0.834749699 75.550155640 0.019842613 0.999248147 -0.033305429 -1.917247772 -0.835412025 -0.001729919 -0.549621463 -19.643432617
-0.548903406 0.035422847 0.835134864 76.354736328 0.018278539 0.999371529 -0.030375246 -1.958210230 -0.835685909 -0.001408032 -0.549205840 -20.164756775
-0.548430324 0.030646639 0.835634470 77.146087646 0.016100436 0.999529898 -0.026090667 -1.992171764 -0.836041212 -0.000854836 -0.548665941 -20.680137634
-0.548109591 0.023394903 0.836079240 77.944282532 0.013319404 0.999726117 -0.019242199 -2.040379286 -0.836300373 0.000589242 -0.548271120 -21.182239532
-0.548112512 0.017940151 0.836212158 78.746482849 0.004884219 0.999821603 -0.018248774 -2.074425697 -0.836390376 -0.005918138 -0.548102319 -21.677133560
-0.546142757 0.012991628 0.837591350 79.544250488 -0.002578278 0.999849021 -0.017189493 -2.103291512 -0.837688148 -0.011547461 -0.546026707 -22.187709808
-0.544734836 0.013496646 0.838499665 80.334266663 0.000206215 0.999872625 -0.015960166 -2.135266542 -0.838608265 -0.008521145 -0.544668198 -22.686094284
-0.540900886 0.016995743 0.840914607 81.127227783 0.004674559 0.999841094 -0.017200997 -2.168998003 -0.841073334 -0.005373129 -0.540894389 -23.214094162
-0.535381019 0.020332662 0.844365954 81.917190552 0.006495468 0.999779820 -0.019956551 -2.195578575 -0.844585657 -0.005199809 -0.535395205 -23.717157364
-0.527737319 0.022257227 0.849115968 82.706497192 0.011587474 0.999752343 -0.019003967 -2.232856274 -0.849328578 -0.000189996 -0.527864516 -24.207729340
-0.519438148 0.025893690 0.854115665 83.510887146 0.018344557 0.999648392 -0.019149305 -2.263983965 -0.854311049 0.005721492 -0.519730508 -24.711555481
-0.509286761 0.025242904 0.860226572 84.311828613 0.016350925 0.999673128 -0.019654522 -2.295264959 -0.860441566 0.004055715 -0.509533048 -25.185955048
-0.498510271 0.022946827 0.866580009 85.119323730 0.014248474 0.999731421 -0.018276041 -2.325670242 -0.866766751 0.003236650 -0.498703420 -25.639942169
-0.486909449 0.019713653 0.873229921 85.928199768 0.014649244 0.999789000 -0.014402431 -2.359400988 -0.873329580 0.005779479 -0.487095505 -26.083831787
-0.476079434 0.018442726 0.879208803 86.743309021 0.013191422 0.999817491 -0.013829694 -2.388394117 -0.879303277 0.005013981 -0.476235777 -26.520298004
-0.464418262 0.017798454 0.885437131 87.563522339 0.013698817 0.999822855 -0.012912625 -2.411585808 -0.885509968 0.006132583 -0.464579821 -26.942243576
-0.452665031 0.019052120 0.891477108 88.381950378 0.014832067 0.999794364 -0.013835736 -2.439769268 -0.891557336 0.006959495 -0.452854544 -27.348857880
-0.440303653 0.022256268 0.897573054 89.213180542 0.014071709 0.999740958 -0.017886769 -2.479804754 -0.897738695 0.004754776 -0.440502793 -27.757602692
-0.428568184 0.031770129 0.902950704 90.030990601 0.016419310 0.999490380 -0.027373742 -2.509220123 -0.903360248 0.003094310 -0.428871423 -28.147211075
-0.415971309 0.036443930 0.908647239 90.857551575 0.015820349 0.999335408 -0.032838818 -2.542617798 -0.909240127 0.000715110 -0.416271448 -28.518846512
-0.404449642 0.032886554 0.913968742 91.692291260 0.014630852 0.999458075 -0.029488189 -2.588124990 -0.914443254 0.001445655 -0.404711574 -28.879924774
-0.392804027 0.028911568 0.919167578 92.541923523 0.011842681 0.999581873 -0.026379980 -2.628297091 -0.919545949 0.000523248 -0.392982095 -29.237819672
-0.382863194 0.029233517 0.923342407 93.395614624 0.008226514 0.999567389 -0.028235719 -2.670145035 -0.923768401 -0.003214531 -0.382938087 -29.590356827
-0.375813484 0.033675313 0.926083326 94.233993530 0.003375724 0.999382615 -0.034970801 -2.716330290 -0.926689088 -0.010016298 -0.375695169 -29.918508530
-0.371115685 0.038814902 0.927775085 95.077835083 -0.002776672 0.999075115 -0.042908538 -2.757214308 -0.928582430 -0.018500160 -0.370664716 -30.237735748
-0.367856532 0.040416911 0.929003716 95.927696228 -0.006337222 0.998922825 -0.045968119 -2.809055567 -0.929860950 -0.022796977 -0.367204130 -30.569231033
-0.363995403 0.040197305 0.930532932 96.766586304 -0.007620403 0.998906255 -0.046131771 -2.864443064 -0.931369483 -0.023882788 -0.363291025 -30.891927719
-0.359599084 0.040088184 0.932245314 97.600509644 -0.009047019 0.998879969 -0.046443332 -2.918067932 -0.933063030 -0.025135018 -0.358833611 -31.198574066
-0.353716344 0.035897475 0.934663594 98.449272156 -0.011651019 0.999016643 -0.042778306 -2.970349312 -0.935280204 -0.026021168 -0.352950245 -31.514543533
-0.348173201 0.032159347 0.936878383 99.303794861 -0.011515780 0.999189258 -0.038577855 -3.023178816 -0.937359512 -0.024220660 -0.347520530 -31.826225281
-0.342642218 0.029092053 0.939015388 100.143112183 -0.013879285 0.999254584 -0.036022842 -3.072399139 -0.939363420 -0.025375808 -0.341983050 -32.120189667
-0.337130636 0.027216434 0.941064358 101.004257202 -0.022562301 0.999061406 -0.036976565 -3.123502254 -0.941187561 -0.033698514 -0.336200118 -32.407039642
-0.330816329 0.027549259 0.943292975 101.854476929 -0.028513549 0.998825610 -0.039170921 -3.171584845 -0.943264306 -0.039855011 -0.329642236 -32.689468384
-0.324188352 0.031613391 0.945464194 102.696174622 -0.026254771 0.998755813 -0.042397745 -3.223797560 -0.945628166 -0.038567800 -0.322954893 -32.971172333
-0.317405581 0.034886759 0.947647870 103.547012329 -0.025093803 0.998664081 -0.045169793 -3.272566557 -0.947957814 -0.038117234 -0.316106111 -33.249176025
-0.310647547 0.033070780 0.949949622 104.412597656 -0.026156493 0.998718679 -0.043322142 -3.324059248 -0.950165212 -0.038305264 -0.309384465 -33.525543213
-0.303396910 0.028265361 0.952444971 105.261711121 -0.027031017 0.998902261 -0.038254663 -3.372595072 -0.952480793 -0.037351903 -0.302299857 -33.793289185
-0.296286941 0.025502823 0.954758465 106.122131348 -0.027965415 0.998983145 -0.035362530 -3.424623013 -0.954689503 -0.037177678 -0.295272440 -34.052757263
-0.289905518 0.028943831 0.956617475 106.980049133 -0.030087832 0.998772800 -0.039337505 -3.466678858 -0.956582189 -0.040186699 -0.288678974 -34.301197052
-0.283687472 0.031640038 0.958394647 107.834426880 -0.029714508 0.998685479 -0.041765761 -3.517582655 -0.958456218 -0.040326644 -0.282374412 -34.546012878
-0.276690006 0.032201968 0.960419536 108.691505432 -0.031890202 0.998580217 -0.042668797 -3.566120386 -0.960429907 -0.042433996 -0.275270164 -34.783359528
-0.270015150 0.031711150 0.962333858 109.553039551 -0.031939510 0.998612404 -0.041868336 -3.619796991 -0.962326169 -0.042041559 -0.268627703 -35.018634796
-0.261621267 0.031468827 0.964657426 110.411926270 -0.027871659 0.998805165 -0.040141765 -3.671661615 -0.964768112 -0.037388537 -0.260431617 -35.254001617
-0.254166633 0.032778975 0.966604829 111.270225525 -0.024772195 0.998876929 -0.040387165 -3.721302748 -0.966843128 -0.034209993 -0.253069222 -35.475551605
-0.247369409 0.033464905 0.968343079 112.126060486 -0.023710376 0.998894989 -0.040577713 -3.767759800 -0.968631089 -0.032997459 -0.246302590 -35.691287994
-0.240977064 0.032136999 0.969998538 112.995597839 -0.029833335 0.998733997 -0.040500537 -3.816993475 -0.970072210 -0.038697992 -0.239713222 -35.887874603
-0.235278726 0.030289587 0.971455872 113.860237122 -0.034822278 0.998609841 -0.039569911 -3.863967896 -0.971303940 -0.043138269 -0.233896926 -36.082374573
-0.230718985 0.030326664 0.972547770 114.735649109 -0.032343850 0.998722792 -0.038815856 -3.913762569 -0.972482741 -0.040411491 -0.229443431 -36.285396576
-0.226663604 0.030393030 0.973498821 115.607582092 -0.030799672 0.998789489 -0.038353827 -3.964757919 -0.973486006 -0.038676858 -0.225453109 -36.473201752
-0.220997289 0.032049738 0.974747658 116.479072571 -0.029688299 0.998775601 -0.039570786 -4.015309811 -0.974822521 -0.037683632 -0.219775200 -36.680770874
-0.215230286 0.031231707 0.976063788 117.347000122 -0.023602409 0.999030292 -0.037171103 -4.057465553 -0.976278067 -0.031037809 -0.214284405 -36.872745514
-0.210044026 0.030264899 0.977223396 118.221694946 -0.016620191 0.999265790 -0.034519900 -4.100544930 -0.977550626 -0.023492340 -0.209386840 -37.065807343
-0.204682335 0.029361894 0.978388011 119.090660095 -0.014432782 0.999350846 -0.033010386 -4.151644707 -0.978722036 -0.020877507 -0.204125702 -37.245838165
-0.200850442 0.031238137 0.979123712 119.968795776 -0.016720906 0.999236524 -0.035309818 -4.190447330 -0.979479194 -0.023463828 -0.200174764 -37.420017242
-0.197520152 0.032420613 0.979762554 120.843681335 -0.018427666 0.999153554 -0.036777284 -4.240850449 -0.980125606 -0.025318988 -0.196755558 -37.588562012
-0.195353985 0.031910807 0.980213463 121.715179443 -0.021084378 0.999102890 -0.036727805 -4.286395550 -0.980506122 -0.027842110 -0.194505900 -37.757308960
-0.195093319 0.030713128 0.980303705 122.585556030 -0.021555308 0.999133945 -0.035592869 -4.330821991 -0.980547786 -0.028074676 -0.194262296 -37.912017822
-0.194004834 0.026174659 0.980651319 123.463455200 -0.020286288 0.999323249 -0.030686321 -4.374857903 -0.980790734 -0.025847066 -0.193342522 -38.085216522
-0.192768201 0.020964911 0.981020331 124.331726074 -0.021686418 0.999436498 -0.025619803 -4.418619156 -0.981004655 -0.026213499 -0.192204893 -38.253829956
-0.191868454 0.019175632 0.981233239 125.201477051 -0.021288550 0.999492586 -0.023695178 -4.457474709 -0.981189668 -0.025435394 -0.191362873 -38.420314789
-0.190723404 0.023888156 0.981353104 126.052917480 -0.021466363 0.999363363 -0.028498489 -4.498598099 -0.981409073 -0.026501413 -0.190089166 -38.580825806
-0.190774485 0.027733533 0.981242061 126.937927246 -0.020690743 0.999265075 -0.032265656 -4.538837433 -0.981415868 -0.026458088 -0.190060481 -38.749664307
-0.190792769 0.026624275 0.981269240 127.762481689 -0.024581788 0.999189019 -0.031890038 -4.576195240 -0.981322527 -0.030205740 -0.189983562 -38.899211884
-0.190548658 0.025345555 0.981350601 128.614212036 -0.026631188 0.999165297 -0.030976636 -4.622637272 -0.981316447 -0.032037087 -0.189714596 -39.053569794
-0.189743668 0.026631858 0.981472433 129.455551147 -0.021729922 0.999273300 -0.031315826 -4.665002823 -0.981593132 -0.027269298 -0.189027056 -39.218696594
-0.188325077 0.028809564 0.981684029 130.313339233 -0.023905197 0.999139011 -0.033907760 -4.707068920 -0.981815755 -0.029853037 -0.187474266 -39.389049530
-0.189231396 0.029906310 0.981476963 131.153152466 -0.032367744 0.998802960 -0.036674831 -4.749354362 -0.981398880 -0.038708221 -0.188036889 -39.527889252
-0.188368842 0.031110950 0.981605411 131.985870361 -0.038034730 0.998517156 -0.038945768 -4.799749851 -0.981361568 -0.044671264 -0.186906248 -39.674457550
-0.187825933 0.035167109 0.981572509 132.817123413 -0.034276567 0.998515427 -0.042333014 -4.846523285 -0.981604040 -0.041596182 -0.186341673 -39.832996368
-0.187277690 0.035920642 0.981650054 133.643814087 -0.032994334 0.998537242 -0.042833194 -4.898032665 -0.981752753 -0.040410586 -0.185818583 -39.986083984
-0.185314402 0.037167855 0.981976151 134.463668823 -0.034092762 0.998439670 -0.044224858 -4.945651054 -0.982087731 -0.041673787 -0.183758095 -40.138694763
-0.183295101 0.036282666 0.982388139 135.283615112 -0.024773415 0.998830736 -0.041512199 -4.996676922 -0.982745767 -0.031946093 -0.182181939 -40.297546387
-0.180056617 0.033469453 0.983086646 136.099426270 -0.020418137 0.999078393 -0.037753575 -5.039710522 -0.983444273 -0.026870584 -0.179207325 -40.451663971
-0.178076059 0.028388357 0.983607173 136.913467407 -0.016430216 0.999358594 -0.031817555 -5.088769436 -0.983879566 -0.021826826 -0.177495420 -40.600231171
-0.174503744 0.028233010 0.984251618 137.723144531 -0.014952440 0.999397635 -0.031318467 -5.126545429 -0.984542966 -0.020182155 -0.173976496 -40.741863251
-0.169522017 0.033390138 0.984960616 138.524673462 -0.013518286 0.999253035 -0.036201291 -5.172438145 -0.985433698 -0.019451894 -0.168944031 -40.879531860
-0.162723437 0.036182974 0.986008048 139.325393677 -0.012623291 0.999169171 -0.038749211 -5.216810226 -0.986590981 -0.018752076 -0.162131503 -41.009498596
-0.154575884 0.037168384 0.987281501 140.123168945 -0.012614069 0.999136329 -0.039589640 -5.253592968 -0.987900436 -0.018573243 -0.153973550 -41.128646851
-0.145058170 0.032858480 0.988877356 140.923660278 -0.011319524 0.999327898 -0.034866191 -5.295060158 -0.989358306 -0.016251247 -0.144588709 -41.241786957
-0.133206397 0.031270254 0.990594864 141.716964722 -0.007921020 0.999436557 -0.032614511 -5.339348793 -0.991056621 -0.012190983 -0.132883653 -41.346565247
-0.119088791 0.033956762 0.992302895 142.506393433 -0.003371902 0.999395430 -0.034604140 -5.378005028 -0.992877901 -0.007466913 -0.118902296 -41.445453644
-0.105060779 0.035202842 0.993842542 143.292785645 -0.003752571 0.999352157 -0.035794679 -5.416604996 -0.994458735 -0.007490081 -0.104860611 -41.522182465
-0.090896614 0.035123147 0.995240748 144.087036133 -0.002857558 0.999364555 -0.035529662 -5.457660675 -0.995856166 -0.006073484 -0.090738490 -41.594535828
-0.077357292 0.036891900 0.996320724 144.867919922 -0.001953185 0.999307632 -0.037154149 -5.500414848 -0.997001529 -0.004820143 -0.077231675 -41.651084900
-0.063704610 0.043000765 0.997041881 145.636947632 -0.005044373 0.999044597 -0.043409448 -5.551301956 -0.997956038 -0.007794832 -0.063426815 -41.689514160
-0.051008623 0.052357778 0.997324765 146.400802612 -0.012109648 0.998519003 -0.053039819 -5.596261501 -0.998624802 -0.014782740 -0.050299034 -41.712196350
-0.037440747 0.060175177 0.997485518 147.166625977 -0.016568877 0.998010695 -0.060828783 -5.644597530 -0.999161482 -0.018804688 -0.036369238 -41.724639893
-0.024382796 0.061002754 0.997839749 147.931488037 -0.017354907 0.997960269 -0.061434198 -5.695866585 -0.999552011 -0.018815355 -0.023274366 -41.734706879
-0.012187076 0.057182144 0.998289347 148.704940796 -0.020814773 0.998132825 -0.057427268 -5.750943184 -0.999709070 -0.021479039 -0.010974085 -41.734821320
-0.001630986 0.054560341 0.998509109 149.469039917 -0.024658432 0.998204708 -0.054583982 -5.810820103 -0.999694586 -0.024710694 -0.000282685 -41.720932007
0.006944278 0.061252184 0.998098195 150.226882935 -0.029236423 0.997707903 -0.061024822 -5.869614124 -0.999548376 -0.028757045 0.008719155 -41.700386047
0.013677987 0.069303751 0.997501850 150.972625732 -0.032450154 0.997100413 -0.068830900 -5.923417091 -0.999379754 -0.031427618 0.015887244 -41.678638458
0.016907731 0.072004825 0.997260928 151.727279663 -0.035263114 0.996825993 -0.071375541 -5.980407238 -0.999234974 -0.033959724 0.019393180 -41.661033630
0.016721688 0.067468055 0.997581363 152.481445312 -0.037567530 0.997058809 -0.066803001 -6.040532112 -0.999154150 -0.036359604 0.019207111 -41.639389038
0.015095897 0.063028470 0.997897506 153.240066528 -0.039292093 0.997277915 -0.062394917 -6.108082294 -0.999113739 -0.038267586 0.017531326 -41.624031067
0.012092011 0.060236048 0.998110950 153.988357544 -0.037829146 0.997496903 -0.059740689 -6.163339138 -0.999211133 -0.037035301 0.014340421 -41.612785339
0.009265110 0.060572572 0.998120844 154.731048584 -0.036445871 0.997520864 -0.060197860 -6.213914394 -0.999292731 -0.035819642 0.011449764 -41.602920532
0.005474540 0.060802214 0.998134732 155.472900391 -0.035362396 0.997537255 -0.060571861 -6.269733429 -0.999359548 -0.034964837 0.007611170 -41.596508026
0.000827822 0.059557982 0.998224437 156.213272095 -0.036138415 0.997574627 -0.059489235 -6.325133801 -0.999346375 -0.036025006 0.002978145 -41.590175629
-0.004777241 0.059950195 0.998189867 156.948089600 -0.036742806 0.997516751 -0.060085613 -6.374973774 -0.999313354 -0.036963347 -0.002562640 -41.586368561
-0.010258971 0.058080267 0.998259187 157.701324463 -0.038478918 0.997549355 -0.058434408 -6.428452969 -0.999206722 -0.039011408 -0.007998964 -41.598407745
-0.016044201 0.055328757 0.998339236 158.437438965 -0.036175523 0.997781992 -0.055879235 -6.486887932 -0.999216557 -0.037011985 -0.014007067 -41.609657288
-0.021600209 0.055474412 0.998226464 159.182571411 -0.037404187 0.997715533 -0.056255396 -6.537703991 -0.999066710 -0.038552977 -0.019475888 -41.620292664
-0.026925460 0.056844626 0.998019874 159.904449463 -0.039091360 0.997558236 -0.057872977 -6.587661743 -0.998872757 -0.040572207 -0.024637584 -41.632617950
-0.029960902 0.059175126 0.997797906 160.640533447 -0.038241126 0.997447371 -0.060302611 -6.644976616 -0.998819292 -0.039963629 -0.027621498 -41.663455963
-0.032710832 0.061466038 0.997573018 161.358261108 -0.038221478 0.997300148 -0.062702522 -6.699899673 -0.998733819 -0.040179763 -0.030273195 -41.684268951
-0.033898164 0.063037455 0.997435272 162.075332642 -0.035186477 0.997314870 -0.064225659 -6.754817963 -0.998805761 -0.037273370 -0.031589076 -41.712642670
-0.033796798 0.061671693 0.997524083 162.799743652 -0.032454070 0.997500241 -0.062769786 -6.807467461 -0.998901725 -0.034495138 -0.031710815 -41.731094360
-0.028503085 0.057357326 0.997946680 163.530212402 -0.028117068 0.997911274 -0.058158360 -6.870698452 -0.999198198 -0.029717028 -0.026830833 -41.767951965
-0.020796580 0.057007369 0.998157144 164.232177734 -0.027329341 0.997967541 -0.057565950 -6.927341461 -0.999410212 -0.028476153 -0.019196339 -41.780284882
-0.009674530 0.058148947 0.998261034 164.927856445 -0.024880098 0.997984707 -0.058373969 -6.977296352 -0.999643683 -0.025401574 -0.008208281 -41.778736115
0.004022613 0.058101393 0.998302639 165.618972778 -0.022855751 0.998055160 -0.057994898 -7.028649330 -0.999730766 -0.022583663 0.005342741 -41.766586304
0.019765694 0.055928141 0.998239160 166.295196533 -0.023684783 0.998180330 -0.055455852 -7.077462196 -0.999524057 -0.022546958 0.021054374 -41.750190735
0.035592664 0.051105481 0.998058796 166.977966309 -0.028848097 0.998327971 -0.050090488 -7.124502182 -0.998949945 -0.027009241 0.037007451 -41.706520081
0.052085530 0.044045612 0.997670829 167.662826538 -0.029790094 0.998650789 -0.042533629 -7.170379162 -0.998198152 -0.027505321 0.053327378 -41.657897949
0.069152005 0.037368432 0.996906042 168.341934204 -0.030159548 0.998919725 -0.035351850 -7.203932762 -0.997150123 -0.027621580 0.070204318 -41.603267670
0.086893752 0.029932855 0.995767832 169.013549805 -0.030374067 0.999163449 -0.027384395 -7.237713337 -0.995754421 -0.027865985 0.087730236 -41.534931183
0.103930704 0.024272142 0.994288325 169.674316406 -0.032286894 0.999257624 -0.021018578 -7.269149303 -0.994060278 -0.029918008 0.104637213 -41.451873779
0.121574156 0.021823883 0.992342412 170.314987183 -0.033880848 0.999267042 -0.017825345 -7.300088406 -0.992003918 -0.031454306 0.122224458 -41.358798981
0.139260694 0.020373017 0.990046203 170.958999634 -0.032503169 0.999343693 -0.015992418 -7.323436260 -0.989722192 -0.029952524 0.139831483 -41.256847382
0.156975999 0.019858107 0.987402737 171.602813721 -0.033283360 0.999336302 -0.014806762 -7.342239857 -0.987041414 -0.030539775 0.157532766 -41.142498016
0.172732443 0.019078584 0.984784007 172.215850830 -0.039173167 0.999154449 -0.012485960 -7.363269329 -0.984189510 -0.036420379 0.173333779 -41.017848969
0.187573642 0.015448141 0.982129097 172.843963623 -0.041306335 0.999115884 -0.007826369 -7.382215500 -0.981381655 -0.039100129 0.188045904 -40.884517670
0.199102044 0.011786273 0.979907870 173.464996338 -0.037773158 0.999276817 -0.004344324 -7.397268772 -0.979250431 -0.036149256 0.199403301 -40.750270844
0.210202783 0.010586632 0.977600574 174.080413818 -0.035664652 0.999358714 -0.003153676 -7.413463593 -0.977007031 -0.034202870 0.210445598 -40.616149902
0.219920933 0.014566584 0.975408971 174.681365967 -0.040691357 0.999155223 -0.005746713 -7.429690838 -0.974668682 -0.038426898 0.220327854 -40.466140747
0.229043946 0.021605281 0.973176360 175.272598267 -0.044579312 0.998937368 -0.011685144 -7.447378635 -0.972394764 -0.040707115 0.229763731 -40.311847687
0.237973794 0.031323250 0.970766366 175.854537964 -0.044272404 0.998790741 -0.021374559 -7.465519428 -0.970262051 -0.037891574 0.239072815 -40.163272858
0.246239692 0.036704503 0.968513727 176.444671631 -0.038611487 0.998860896 -0.028037818 -7.486135960 -0.968439519 -0.030491734 0.247376397 -40.016254425
0.252321303 0.034796599 0.967017710 177.047134399 -0.038610879 0.998919427 -0.025869900 -7.504666328 -0.966872871 -0.030809879 0.253392160 -39.848377228
0.258040607 0.027540337 0.965741515 177.650070190 -0.041869521 0.998973310 -0.017300718 -7.520951271 -0.965226412 -0.035970856 0.258928835 -39.672931671
0.262688786 0.016874172 0.964733064 178.264389038 -0.045739420 0.998940825 -0.005018031 -7.544911385 -0.963795900 -0.042808149 0.263182342 -39.497264862
0.264728874 0.008836604 0.964282393 178.862869263 -0.045630008 0.998952627 0.003372691 -7.562849045 -0.963242710 -0.044893049 0.264854848 -39.327678680
0.265727222 0.008036691 0.964014709 179.465347290 -0.042175248 0.999104738 0.003296231 -7.576832771 -0.963125288 -0.041533452 0.265828311 -39.165267944
0.266816109 0.009857699 0.963697016 180.070587158 -0.038439117 0.999260783 0.000421045 -7.585558414 -0.962980628 -0.037155997 0.266997814 -38.994216919
0.268708169 0.009406932 0.963175654 180.673233032 -0.035281729 0.999377429 0.000082452 -7.591342449 -0.962575257 -0.034004666 0.268872738 -38.829662323
0.270387381 0.007218455 0.962724507 181.282165527 -0.037710264 0.999283969 0.003098594 -7.594804287 -0.962012827 -0.037142415 0.270465940 -38.650035858
0.272706747 0.003677957 0.962090135 181.890838623 -0.038046330 0.999251723 0.006964304 -7.601004124 -0.961344600 -0.038503215 0.272642642 -38.466045380
0.275888920 -0.001301222 0.961188614 182.512252808 -0.037436496 0.999225914 0.012098071 -7.608813286 -0.960460186 -0.039321255 0.275626630 -38.283309937
0.281291485 -0.004480754 0.959611893 183.128616333 -0.035105623 0.999271631 0.014956464 -7.612159252 -0.958980083 -0.037894897 0.280929297 -38.120243073
0.286945403 -0.006414428 0.957925439 183.733398438 -0.033724047 0.999290109 0.016793404 -7.607052326 -0.957353055 -0.037123907 0.286525369 -37.927722931
0.294652402 -0.009523897 0.955556989 184.353729248 -0.032236107 0.999282181 0.019899914 -7.606077194 -0.955060601 -0.036666997 0.294133902 -37.730087280
0.304020345 -0.011212117 0.952599525 184.965621948 -0.029653417 0.999334812 0.021226022 -7.604038239 -0.952203870 -0.034700975 0.303485632 -37.527385712
0.315577537 -0.009470152 0.948852539 185.580780029 -0.031236004 0.999304593 0.020362435 -7.609673023 -0.948385537 -0.036064286 0.315062284 -37.317657471
0.327046096 -0.005395569 0.944992959 186.197372437 -0.032491188 0.999328196 0.016950458 -7.602715015 -0.944449663 -0.036247522 0.326651186 -37.092819214
0.338942379 -0.002596791 0.940803528 186.809783936 -0.032820847 0.999354839 0.014582738 -7.600815296 -0.940234423 -0.035820678 0.338638484 -36.867385864
0.350760400 -0.002788335 0.936461091 187.421630859 -0.031324148 0.999401093 0.014708496 -7.600934982 -0.935941219 -0.034493003 0.350462973 -36.632560730
0.362155735 -0.005516415 0.932101250 188.036743164 -0.030899325 0.999361873 0.017920008 -7.596948147 -0.931605279 -0.035291135 0.361754239 -36.391712189
