1.000000000 0.000000000 0.000000000 0.000000000 0.000000000 1.000000000 0.000000000 0.000000000 0.000000000 0.000000000 1.000000000 0.000000000
0.999873757 0.001487409 0.015819738 0.010572772 -0.001472892 0.999998510 -0.000929256 -0.003390916 -0.015821096 0.000905838 0.999874413 0.126267642
0.999292493 0.004320900 0.037360892 0.027313475 -0.004309147 0.999990642 -0.000395092 -0.004853851 -0.037362248 0.000233819 0.999301732 0.272643328
0.997894168 0.005981718 0.064586431 0.056148782 -0.006058011 0.999981165 0.000985482 -0.005037870 -0.064579323 -0.001374672 0.997911632 0.436290324
0.995127857 0.005617655 0.098432474 0.102435723 -0.005967082 0.999976873 0.003255879 -0.004189045 -0.098411895 -0.003827370 0.995138347 0.608694017
0.990626335 0.002494515 0.136577681 0.163249493 -0.003245254 0.999980748 0.005274399 -0.005289184 -0.136561915 -0.005668186 0.990615308 0.792578399
0.984335959 -0.000346632 0.176302746 0.235526711 -0.000634131 0.999984622 0.005506580 -0.004461268 -0.176301926 -0.005532124 0.984320521 0.986755252
0.975550175 -0.000461225 0.219776288 0.320840627 -0.001033832 0.999977112 0.006687571 -0.000539521 -0.219774306 -0.006751274 0.975527406 1.193221211
0.963366449 -0.000329804 0.268188149 0.412523180 -0.002316892 0.999951661 0.009552262 0.002529684 -0.268178344 -0.009823693 0.963319182 1.409662247
0.948945165 -0.004120109 0.315414011 0.530084014 -0.001242306 0.999858081 0.016798258 -0.003180331 -0.315438390 -0.016332468 0.948805511 1.620076656
0.931944251 -0.013569569 0.362347454 0.671395898 0.004928484 0.999681175 0.024761245 -0.005612694 -0.362567961 -0.021290276 0.931714177 1.833073735
0.910571158 -0.018487127 0.412938595 0.826214671 0.007144303 0.999553919 0.028995812 -0.004472673 -0.413290501 -0.023452591 0.910297155 2.053903341
0.885033369 -0.019853765 0.465103984 0.994068325 0.005152363 0.999446750 0.032858815 0.001826294 -0.465499043 -0.026684763 0.884645998 2.286730528
0.856844902 -0.022409467 0.515086949 1.184592962 0.003589161 0.999289930 0.037504740 0.004385106 -0.515561700 -0.030287014 0.856316984 2.499561310
0.824389637 -0.026467299 0.565403640 1.368362427 0.003643380 0.999133587 0.041458540 0.009995483 -0.566011012 -0.032118011 0.823771775 2.700816631
0.788302362 -0.032150280 0.614447474 1.599345565 0.005728593 0.998974144 0.044920746 0.011411741 -0.615261316 -0.031891212 0.787677884 2.910003185
0.749772549 -0.035628140 0.660735726 1.840541840 0.005746000 0.998862267 0.047340270 0.019328490 -0.661670685 -0.031697851 0.749124169 3.129379034
0.709505379 -0.038737182 0.703634441 2.113487244 0.006678579 0.998812675 0.048253320 0.032523170 -0.704668283 -0.029536717 0.708921790 3.339128017
0.667076170 -0.040306699 0.743898332 2.411783695 0.005547315 0.998776376 0.049142320 0.051235065 -0.744968832 -0.028655034 0.666483521 3.563099861
0.624013662 -0.040308371 0.780373156 2.739341736 0.000414390 0.998685539 0.051253434 0.066717476 -0.781413317 -0.031659462 0.623210132 3.786252499
0.582207859 -0.040672086 0.812022030 3.079598427 -0.002916451 0.998637021 0.052110206 0.083095104 -0.813034713 -0.032707199 0.581295788 3.991347075
0.541470766 -0.041940756 0.839672804 3.454573154 -0.004700803 0.998588264 0.052909773 0.101361066 -0.840706348 -0.032596238 0.540509224 4.198385239
0.503110766 -0.043831304 0.863109767 3.866988897 -0.006443574 0.998495042 0.054462567 0.121618629 -0.864197791 -0.032962218 0.502071083 4.405058384
0.465555012 -0.043581065 0.883945227 4.300919533 -0.009233586 0.998493314 0.054091740 0.141020611 -0.884970725 -0.033344667 0.464451075 4.605693817
0.429358006 -0.043019731 0.902109146 4.766952991 -0.010061378 0.998575151 0.052408688 0.161021531 -0.903078377 -0.031578552 0.428313315 4.793312073
0.395314395 -0.041144408 0.917623878 5.251551151 -0.009398333 0.998762846 0.048831329 0.188074693 -0.918497801 -0.027927862 0.394438654 4.990927696
0.366030931 -0.039263535 0.929774046 5.765383720 -0.007178392 0.998960674 0.045011189 0.210099667 -0.930574894 -0.023149766 0.365368634 5.161308289
0.340180278 -0.037552848 0.939610064 6.320803165 -0.006316013 0.999088526 0.042216659 0.232798487 -0.940339029 -0.020295862 0.339632988 5.349607944
0.319831222 -0.037196007 0.946744084 6.890804768 -0.005013926 0.999148607 0.040948711 0.250972033 -0.947461247 -0.017843582 0.319372416 5.532649994
0.305337310 -0.037390936 0.951509833 7.489632607 -0.003868384 0.999171853 0.040505234 0.279909581 -0.952236414 -0.016048566 0.304939806 5.710489750
0.293996334 -0.039082244 0.955007255 8.123100281 -0.002902581 0.999122620 0.041781154 0.300895154 -0.955802143 -0.015055494 0.293624908 5.893094540
0.284042209 -0.040201474 0.957968652 8.786627769 -0.004282704 0.999057472 0.043195620 0.335488945 -0.958802164 -0.016372073 0.283602327 6.062963009
0.272378355 -0.042644106 0.961244762 9.447331429 -0.005864074 0.998925388 0.045977384 0.344985813 -0.962172329 -0.018160056 0.271835595 6.279893875
0.262519836 -0.044191718 0.963914037 10.149288177 -0.006766568 0.998841882 0.047635876 0.376442134 -0.964902818 -0.019027757 0.261916786 6.465498447
0.252557784 -0.046149835 0.966480553 10.869074821 -0.007553222 0.998737454 0.049663894 0.404520690 -0.967552245 -0.019843049 0.251890302 6.645329475
0.241869003 -0.047399275 0.969150424 11.618873596 -0.007655825 0.998681843 0.050754234 0.440799177 -0.970278740 -0.019695519 0.241187260 6.839361668
0.232126459 -0.048732322 0.971464038 12.393687248 -0.008251275 0.998609602 0.052065637 0.468675822 -0.972650588 -0.020101627 0.231401563 7.008860588
0.221520111 -0.051491171 0.973795533 13.168509483 -0.009574503 0.998441994 0.054972418 0.504187107 -0.975108743 -0.021501105 0.220682010 7.185172558
0.210281983 -0.055048887 0.976089656 13.956594467 -0.010976274 0.998217583 0.058661498 0.542312503 -0.977579236 -0.023049282 0.209302947 7.354408264
0.197809741 -0.058648903 0.978484333 14.761155128 -0.011976106 0.997989357 0.062239096 0.581378222 -0.980167270 -0.024029929 0.196709633 7.524558067
0.184808016 -0.060540020 0.980908275 15.555602074 -0.012994908 0.997863054 0.064034760 0.621286213 -0.982688725 -0.024580942 0.183626369 7.672366142
0.171240240 -0.060883064 0.983346343 16.365316391 -0.013434680 0.997851729 0.064120665 0.660667598 -0.985137701 -0.024190985 0.170054451 7.805859566
0.156517655 -0.059834141 0.985861123 17.179557800 -0.014287903 0.997921586 0.062834516 0.701209426 -0.987571836 -0.023920601 0.155337483 7.941465378
0.139467180 -0.059094455 0.988461792 17.997592926 -0.015503598 0.997964978 0.061850078 0.734413862 -0.990105450 -0.023950770 0.138267174 8.054291725
0.119263031 -0.057511918 0.991195560 18.817720413 -0.018129181 0.998028338 0.060089719 0.771368265 -0.992697239 -0.025136050 0.117985234 8.148159027
0.092897594 -0.056167610 0.994090140 19.639909744 -0.022980507 0.998020649 0.058537211 0.807212949 -0.995410442 -0.028282663 0.091422945 8.236196518
0.063346326 -0.055412751 0.996452034 20.480447769 -0.026454389 0.998013258 0.057181321 0.840633631 -0.997640967 -0.029982757 0.061754540 8.276500702
0.029742070 -0.055698317 0.998004615 21.306114197 -0.028969493 0.997978806 0.056560226 0.867753386 -0.999137759 -0.030593900 0.028068408 8.302959442
-0.004756476 -0.055214975 0.998463094 22.175470352 -0.031306181 0.997993231 0.055039849 0.896157622 -0.999498546 -0.030996272 -0.006475501 8.295544624
-0.039034978 -0.053527538 0.997803092 23.024532318 -0.032541301 0.998102605 0.052270561 0.931904078 -0.998707771 -0.030429432 -0.040702768 8.258571625
-0.071867064 -0.051949102 0.996060431 23.865404129 -0.034450576 0.998176098 0.049573787 0.954684913 -0.996819139 -0.030752134 -0.073525660 8.189869881
-0.104354240 -0.048852868 0.993339598 24.702177048 -0.036556430 0.998306274 0.045256726 0.980029523 -0.993868113 -0.031590216 -0.105963379 8.100130081
-0.136746451 -0.044809442 0.989592075 25.554927826 -0.033979148 0.998600662 0.040521957 0.996035993 -0.990023196 -0.028084261 -0.138077736 7.973732471
-0.167942077 -0.038558312 0.985042512 26.412397385 -0.028574254 0.999005318 0.034233183 1.012420297 -0.985382617 -0.022397660 -0.168876812 7.813333035
-0.198759064 -0.032262072 0.979517162 27.241954803 -0.021918794 0.999354362 0.028467784 1.022906184 -0.979803264 -0.015811609 -0.199337900 7.630061626
-0.227036029 -0.026782174 0.973518074 28.066450119 -0.015640816 0.999593139 0.023851901 1.025496960 -0.973760843 -0.009811373 -0.227362514 7.412922859
-0.254813969 -0.020280959 0.966777384 28.871801376 -0.007450331 0.999791563 0.019009843 1.031708002 -0.966961384 -0.002358839 -0.254911959 7.186308861
-0.281042367 -0.009953005 0.959643722 29.679080963 -0.001284773 0.999949276 0.009994775 1.023319244 -0.959694445 0.001576031 -0.281040907 6.930806160
-0.306358397 0.005466984 0.951900542 30.461082458 0.002986863 0.999984086 -0.004781851 1.008565187 -0.951911509 0.001378236 -0.306369871 6.668165207
-0.331245840 0.022782961 0.943269432 31.237535477 0.004221135 0.999734223 -0.022664439 0.985152364 -0.943535089 -0.003525833 -0.331253976 6.386790276
-0.356110632 0.037498873 0.933691084 32.016262054 0.004182017 0.999248445 -0.038536768 0.953797102 -0.934434474 -0.009818638 -0.355999798 6.082880020
-0.380816400 0.047741801 0.923417389 32.778228760 0.007816812 0.998796821 -0.048415355 0.908004761 -0.924617708 -0.011219182 -0.380731344 5.761620522
-0.403806299 0.051979065 0.913366675 33.529960632 0.011319305 0.998591959 -0.051824834 0.855641246 -0.914774477 -0.010588517 -0.403826088 5.409319878
-0.426410019 0.051896464 0.903039992 34.276298523 0.014795001 0.998619318 -0.050403174 0.804714084 -0.904408991 -0.008131944 -0.426589131 5.053836823
-0.446670681 0.047465928 0.893438399 35.007274628 0.018053761 0.998866558 -0.044041134 0.749214530 -0.894516349 -0.003541962 -0.447021425 4.675274849
-0.464485228 0.046209127 0.884374440 35.727375031 0.025480863 0.998921633 -0.038811386 0.701104999 -0.885214210 0.004507307 -0.465161711 4.280147552
-0.478002936 0.046515439 0.877125740 36.430393219 0.027828826 0.998897374 -0.037807457 0.652518153 -0.877917230 0.006337304 -0.478770405 3.886017799
-0.488810509 0.050908983 0.870903313 37.125335693 0.032045074 0.998669922 -0.040391736 0.602745056 -0.871801257 0.008164262 -0.489791662 3.482387543
-0.498941898 0.053146146 0.865004241 37.812824249 0.032433502 0.998563826 -0.042644151 0.556617975 -0.866028249 0.006778167 -0.499948978 3.084092140
-0.509367585 0.052675255 0.858935356 38.513912201 0.026885629 0.998611689 -0.045297302 0.503190756 -0.860128939 0.000020037 -0.510076642 2.670593262
-0.520324945 0.051324166 0.852424622 39.198364258 0.026532512 0.998682022 -0.043934662 0.454030395 -0.853556097 -0.000243332 -0.521000803 2.255481720
-0.529220283 0.052461289 0.846861064 39.869571686 0.028455220 0.998622715 -0.044080377 0.406890750 -0.848007143 0.000769389 -0.529984117 1.834877014
-0.536465049 0.055383686 0.842103243 40.561630249 0.030828970 0.998464286 -0.046027571 0.364630461 -0.843359172 0.001268995 -0.537348688 1.390800476
-0.539880455 0.058427248 0.839711487 41.259113312 0.032467570 0.998291075 -0.048586689 0.315564752 -0.841115296 0.001032389 -0.540854871 0.940797806
-0.539701045 0.060571380 0.839674830 41.964046478 0.032165036 0.998163640 -0.051330164 0.267212272 -0.841241956 -0.000694774 -0.540658236 0.490911484
-0.536173642 0.060805853 0.841914773 42.684352875 0.034329273 0.998147607 -0.050226893 0.214798927 -0.843409419 0.001971991 -0.537267923 0.026224136
-0.530615091 0.059713878 0.845506907 43.426902771 0.032481901 0.998215139 -0.050114211 0.160156012 -0.846990287 0.000872313 -0.531607628 -0.428352356
-0.524003744 0.058334835 0.849715948 44.156955719 0.029912706 0.998296738 -0.050088629 0.113477588 -0.851190567 -0.000829323 -0.524856150 -0.855869293
-0.516864598 0.058055934 0.854096293 44.929138184 0.028444424 0.998311520 -0.050645337 0.061390638 -0.855594456 -0.001882508 -0.517643332 -1.317354202
-0.510736644 0.056424916 0.857883692 45.718112946 0.025243448 0.998398006 -0.050638299 0.005285025 -0.859366596 -0.004206891 -0.511342704 -1.775045395
-0.506001472 0.054082312 0.860835373 46.520027161 0.021140598 0.998510122 -0.050305273 -0.051769018 -0.862273395 -0.007255969 -0.506390989 -2.246631622
-0.504862785 0.051276773 0.861675262 47.347724915 0.016861338 0.998629451 -0.049547464 -0.107613564 -0.863034844 -0.010485671 -0.505035460 -2.716684341
-0.505102158 0.048763085 0.861680865 48.185729980 0.013903105 0.998732686 -0.048369192 -0.167783737 -0.862947464 -0.012451344 -0.505140066 -3.200912476
-0.506162405 0.047811396 0.861111879 49.030208588 0.012826265 0.998769104 -0.047915224 -0.225842595 -0.862342775 -0.013208033 -0.506152570 -3.688186646
-0.506482661 0.046807706 0.860978663 49.895263672 0.012270224 0.998815536 -0.047083177 -0.282220840 -0.862162709 -0.013282410 -0.506457210 -4.194725037
-0.506653070 0.046394698 0.860900700 50.764320374 0.012217265 0.998837113 -0.046638157 -0.338994980 -0.862063408 -0.013111513 -0.506630659 -4.704185486
-0.506915271 0.045391373 0.860799909 51.644149780 0.012146556 0.998889565 -0.045520090 -0.397456288 -0.861910284 -0.012619079 -0.506903708 -5.212785721
-0.506799936 0.045258909 0.860874712 52.530487061 0.012392623 0.998900175 -0.045219757 -0.459302306 -0.861974657 -0.012248882 -0.506803572 -5.733285904
-0.507283747 0.043604363 0.860675216 53.428146362 0.009944131 0.998948753 -0.044748623 -0.516855240 -0.861721754 -0.014141584 -0.507184088 -6.254484177
-0.507276893 0.042795751 0.860719800 54.308807373 0.009082139 0.998976350 -0.044317301 -0.577470779 -0.861735284 -0.014663966 -0.507146180 -6.763727188
-0.506495476 0.041948915 0.861221552 55.201103210 0.007760646 0.998997211 -0.044095635 -0.640872598 -0.862207651 -0.015650604 -0.506313145 -7.283622742
-0.505324721 0.040671244 0.861970305 56.085109711 0.007664107 0.999060810 -0.042646691 -0.700799942 -0.862895250 -0.014944194 -0.505161822 -7.802953720
-0.503174186 0.038626552 0.863321364 56.971405029 0.008027163 0.999166429 -0.040025990 -0.761817217 -0.864147663 -0.013210026 -0.503064811 -8.315870285
-0.500718594 0.037041690 0.864817202 57.852870941 0.008450630 0.999245465 -0.037906688 -0.825273156 -0.865568876 -0.011672333 -0.500653863 -8.820507050
-0.498148888 0.036890097 0.866306365 58.739028931 0.008631778 0.999255955 -0.037588019 -0.880965710 -0.867048442 -0.011246668 -0.498096824 -9.326681137
-0.496316493 0.036854431 0.867358923 59.624366760 0.008600925 0.999258161 -0.037537299 -0.941090584 -0.868099093 -0.011170290 -0.496265292 -9.826112747
-0.495164245 0.037655834 0.867982984 60.509963989 0.008540348 0.999223113 -0.038477361 -0.994064212 -0.868757427 -0.011639738 -0.495101094 -10.334465027
-0.496044636 0.039086051 0.867416918 61.384677887 0.008318968 0.999154508 -0.040264864 -1.053759098 -0.868257105 -0.012757156 -0.495950401 -10.828605652
-0.499006182 0.040732648 0.865640759 62.257698059 0.006621519 0.999044836 -0.043192938 -1.114178419 -0.866573155 -0.015821686 -0.498799264 -11.323171616
-0.503424704 0.041345600 0.863049328 63.126007080 0.005485695 0.998987257 -0.044658042 -1.172281623 -0.864021719 -0.017747534 -0.503141642 -11.830286026
-0.508995831 0.039999127 0.859839141 63.989265442 0.007163152 0.999081910 -0.042236269 -1.233759403 -0.860739231 -0.015338923 -0.508815050 -12.336769104
-0.514644623 0.037659802 0.856576085 64.847221375 0.008154613 0.999204695 -0.039031122 -1.293904066 -0.857364833 -0.013102109 -0.514542401 -12.847635269
-0.519752920 0.035101186 0.853595257 65.708976746 0.005261341 0.999268293 -0.037887856 -1.352112770 -0.854300439 -0.015201268 -0.519557238 -13.363613129
-0.524866998 0.038291458 0.850322545 66.551918030 0.007723988 0.999160767 -0.040226210 -1.412352204 -0.851149261 -0.014545528 -0.524722338 -13.880079269
-0.530020177 0.040120304 0.847035408 67.395675659 0.007899245 0.999070406 -0.042378686 -1.464074969 -0.847948253 -0.015770620 -0.529844403 -14.400230408
-0.535062551 0.041043524 0.843814850 68.221443176 0.006612249 0.998991966 -0.044398587 -1.521657467 -0.844786525 -0.018176511 -0.534794688 -14.910129547
-0.538183510 0.041096665 0.841825247 69.029861450 0.005715033 0.998965502 -0.045114372 -1.584835052 -0.842808306 -0.019468755 -0.537861526 -15.434886932
-0.541650176 0.040769149 0.839614749 69.839988708 0.006934993 0.999005914 -0.044034816 -1.643150449 -0.840575337 -0.018028747 -0.541394532 -15.954042435
-0.543490171 0.033703934 0.838738620 70.667091370 0.007402794 0.999347210 -0.035360940 -1.692144156 -0.839382946 -0.013009315 -0.543384850 -16.492305756
-0.546173573 0.024190184 0.837322593 71.485183716 0.005674326 0.999666870 -0.025179015 -1.751296639 -0.837652683 -0.009000873 -0.546128869 -17.017826080
-0.548113823 0.023027349 0.836086750 72.300979614 0.006836192 0.999710977 -0.023052247 -1.792837739 -0.836375833 -0.006919608 -0.548112750 -17.545377731
-0.548896492 0.027825911 0.835426927 73.092559814 0.007522849 0.999569654 -0.028350381 -1.839654803 -0.835856259 -0.009276636 -0.548869789 -18.062740326
-0.550563633 0.033733733 0.834111273 73.894432068 0.008580864 0.999359071 -0.034752920 -1.883746505 -0.834749103 -0.011976298 -0.550500333 -18.577836990
-0.550101459 0.037702557 0.834246159 74.667579651 0.014583873 0.999261677 -0.035543595 -1.932218790 -0.834970474 -0.007386044 -0.550245166 -19.113853455
-0.549795926 0.039234284 0.834376991 75.458320618 0.018192209 0.999221802 -0.034998264 -1.983031750 -0.835100830 -0.004062741 -0.550081849 -19.647817612
-0.549669564 0.035944320 0.834608555 76.260620117 0.016430685 0.999345899 -0.032217924 -2.024019241 -0.835220516 -0.003996025 -0.549900651 -20.163578033
-0.548842013 0.031024477 0.835350215 77.051574707 0.014696652 0.999514639 -0.027465457 -2.063359261 -0.835797012 -0.002797345 -0.549031556 -20.684541702
-0.548592806 0.023807518 0.835750699 77.836288452 0.011486558 0.999714732 -0.020938404 -2.110898495 -0.836010814 -0.001886757 -0.548709869 -21.173053741
-0.548282444 0.018528560 0.836087823 78.650741577 0.003112322 0.999792814 -0.020115457 -2.142555952 -0.836287439 -0.008426777 -0.548226476 -21.690504074
-0.546597600 0.013277397 0.837290049 79.447616577 -0.004757018 0.999808967 -0.018960014 -2.170569181 -0.837381840 -0.014346505 -0.546429992 -22.194433212
-0.544210672 0.014360255 0.838825643 80.229598999 -0.001034474 0.999841273 -0.017787902 -2.206626415 -0.838948011 -0.010548110 -0.544109523 -22.709997177
-0.541561306 0.017446741 0.840480149 81.011314392 0.003361620 0.999821663 -0.018588308 -2.250274658 -0.840654552 -0.007241335 -0.541523457 -23.202939987
-0.536456525 0.020214992 0.843685806 81.814735413 0.004794160 0.999769986 -0.020906456 -2.278941154 -0.843914449 -0.007170640 -0.536430061 -23.706405640
-0.527932942 0.023597965 0.848958135 82.609687805 0.011445242 0.999720812 -0.020671282 -2.310817242 -0.849208951 -0.001196519 -0.528055608 -24.223526001
-0.519627929 0.027129633 0.853961825 83.400794983 0.019047732 0.999615192 -0.020166546 -2.349481106 -0.854180455 0.005786937 -0.519944668 -24.716157913
-0.510494113 0.026113689 0.859484613 84.200820923 0.015777420 0.999655008 -0.021001423 -2.377757549 -0.859736502 0.002839346 -0.510729969 -25.174076080
-0.499473184 0.023414843 0.866012871 85.028274536 0.012858355 0.999724865 -0.019614028 -2.409266233 -0.866234004 0.001338821 -0.499636799 -25.642063141
-0.487861246 0.020301310 0.872685075 85.819030762 0.013979218 0.999783039 -0.015443126 -2.448142529 -0.872809231 0.004665353 -0.488039255 -26.083971024
-0.476308733 0.019332144 0.879065573 86.632675171 0.013544036 0.999800980 -0.014648690 -2.482626438 -0.879173815 0.004928797 -0.476475805 -26.527294159
-0.465125233 0.018714387 0.885046959 87.445991516 0.013516786 0.999810040 -0.014037487 -2.506174803 -0.885141730 0.005433803 -0.465289861 -26.936325073
-0.453102618 0.019785322 0.891238809 88.285423279 0.015238025 0.999779463 -0.014447946 -2.536951780 -0.891328216 0.007034318 -0.453304142 -27.361185074
-0.441174060 0.023650754 0.897109807 89.115409851 0.013994455 0.999712408 -0.019473605 -2.569013596 -0.897312403 0.003963313 -0.441378206 -27.766181946
-0.430015028 0.032974221 0.902219415 89.937492371 0.016650449 0.999452412 -0.028591961 -2.603059053 -0.902668178 0.002727383 -0.430328578 -28.150217056
-0.417119741 0.037806146 0.908064902 90.774627686 0.015806064 0.999285161 -0.034343466 -2.634833336 -0.908714056 0.000027595 -0.417419106 -28.533508301
-0.405452818 0.033953574 0.913485169 91.625495911 0.012860024 0.999422967 -0.031439859 -2.678058147 -0.914025486 -0.000999940 -0.405655563 -28.913543701
-0.393836886 0.029615745 0.918703139 92.456192017 0.011596331 0.999561310 -0.027251121 -2.726076126 -0.919107199 -0.000078911 -0.394007504 -29.257791519
-0.384083539 0.030361330 0.922798991 93.293647766 0.009100295 0.999535203 -0.029098360 -2.771998167 -0.923253417 -0.002778459 -0.384181291 -29.596244812
-0.377232999 0.034720808 0.925467312 94.143943787 0.003791676 0.999346554 -0.035947002 -2.817899466 -0.926110625 -0.010051324 -0.377118140 -29.931129456
-0.372382134 0.039336607 0.927245438 94.970718384 -0.002887555 0.999047399 -0.043542314 -2.862176418 -0.928074956 -0.018891850 -0.371913880 -30.247117996
-0.369105548 0.041535389 0.928458810 95.809753418 -0.005207993 0.998892784 -0.046756726 -2.913422108 -0.929372847 -0.022093575 -0.368480593 -30.566390991
-0.365219623 0.041299678 0.930004716 96.652626038 -0.005329576 0.998906255 -0.046452418 -2.974002361 -0.930906057 -0.021921869 -0.364600062 -30.892131805
-0.360769272 0.041116953 0.931748271 97.488723755 -0.008223702 0.998848677 -0.047262195 -3.024868965 -0.932618797 -0.024713168 -0.360015810 -31.204362869
-0.354677677 0.036991104 0.934256732 98.335304260 -0.009798514 0.999015152 -0.043275032 -3.081082344 -0.934937179 -0.024503015 -0.353965968 -31.520729065
-0.349620044 0.032806870 0.936317027 99.185485840 -0.011466722 0.999161959 -0.039290514 -3.133377790 -0.936821401 -0.024473237 -0.348950833 -31.830364227
-0.343917727 0.029791657 0.938527048 100.027343750 -0.013740529 0.999229789 -0.036753684 -3.183628321 -0.938899159 -0.025536103 -0.343243539 -32.129871368
-0.338015825 0.027697241 0.940732837 100.892028809 -0.021602303 0.999075234 -0.037176918 -3.238888264 -0.940892458 -0.032888383 -0.337104857 -32.424755096
-0.331943899 0.028077796 0.942881167 101.738548279 -0.028851505 0.998786986 -0.039899856 -3.283652782 -0.942857802 -0.040448051 -0.330731183 -32.703281403
-0.325287819 0.032136768 0.945068836 102.580978394 -0.026821239 0.998706579 -0.043192439 -3.336420298 -0.945234537 -0.039397888 -0.324005127 -32.986217499
-0.318220973 0.035288077 0.947359562 103.433830261 -0.025256502 0.998636723 -0.045681827 -3.387436390 -0.947679996 -0.038463905 -0.316895902 -33.269916534
-0.311907768 0.033613428 0.949517667 104.293632507 -0.026682757 0.998669922 -0.044118479 -3.437474251 -0.949737668 -0.039096642 -0.310595989 -33.540779114
-0.304851621 0.028701900 0.951967239 105.136611938 -0.027830504 0.998850465 -0.039027687 -3.486835480 -0.951993048 -0.038391378 -0.303702444 -33.805442810
-0.297951967 0.026023988 0.954226017 105.997100830 -0.028835488 0.998926759 -0.036246803 -3.538888931 -0.954145133 -0.038315374 -0.296881795 -34.064926147
-0.291506916 0.029371627 0.956117809 106.853759766 -0.031183122 0.998705447 -0.040187214 -3.582013607 -0.956060231 -0.041529588 -0.290213704 -34.314208984
-0.285131991 0.032007627 0.957953691 107.709053040 -0.030647842 0.998626709 -0.042488862 -3.634735823 -0.957998097 -0.041474145 -0.283759564 -34.562599182
-0.278421491 0.032437071 0.959911168 108.565254211 -0.032557625 0.998536468 -0.043185599 -3.685159206 -0.959907115 -0.043276228 -0.276957870 -34.798912048
-0.271468729 0.032085348 0.961912274 109.428260803 -0.033218224 0.998536348 -0.042681746 -3.738225937 -0.961873770 -0.043539781 -0.270005584 -35.038681030
-0.263132095 0.031774856 0.964236438 110.288650513 -0.029404268 0.998729050 -0.040935684 -3.790235043 -0.964311659 -0.039124157 -0.261863202 -35.275058746
-0.255488038 0.033118762 0.966244757 111.145187378 -0.026475640 0.998798668 -0.041235078 -3.840661764 -0.966449618 -0.036117021 -0.254304260 -35.501102448
-0.248840988 0.033641391 0.967959940 112.007049561 -0.025182800 0.998833954 -0.041188352 -3.890013695 -0.968217015 -0.034625292 -0.247703642 -35.717529297
-0.242352530 0.032421514 0.969646454 112.875885010 -0.031213380 0.998663485 -0.041193191 -3.939140320 -0.969685972 -0.040249217 -0.241016686 -35.916679382
-0.236418307 0.030481366 0.971173167 113.742134094 -0.036178738 0.998538554 -0.040147461 -3.988991022 -0.970977604 -0.044627421 -0.234970018 -36.116828918
-0.232081085 0.030459821 0.972219408 114.620948792 -0.033817440 0.998652577 -0.039360631 -4.039485455 -0.972108364 -0.042012826 -0.230738342 -36.319347382
-0.227766544 0.030615037 0.973234355 115.485382080 -0.032361504 0.998715401 -0.038990177 -4.090630531 -0.973177850 -0.040375981 -0.226483166 -36.509552002
-0.222462684 0.032526031 0.974398494 116.357734680 -0.030893357 0.998706222 -0.040390637 -4.138614178 -0.974451602 -0.039087847 -0.221170008 -36.714111328
-0.216491520 0.031182194 0.975786328 117.210975647 -0.024574865 0.998999059 -0.037376244 -4.189497948 -0.975975156 -0.032071460 -0.215508521 -36.903675079
-0.211258784 0.030326236 0.976959646 118.087707520 -0.017554393 0.999239624 -0.034813825 -4.231389999 -0.977272630 -0.024504656 -0.210565805 -37.099376678
-0.206122458 0.029688433 0.978075683 118.961456299 -0.015648616 0.999311745 -0.033630863 -4.280119419 -0.978401065 -0.022237606 -0.205516055 -37.282279968
-0.201904714 0.030991329 0.978914678 119.832328796 -0.017602161 0.999223053 -0.035264779 -4.325358868 -0.979247034 -0.024351140 -0.201202318 -37.455410004
-0.198596656 0.032595698 0.979539096 120.715911865 -0.019580144 0.999115348 -0.037216894 -4.371656418 -0.979885697 -0.026570668 -0.197782710 -37.628337860
-0.196691647 0.032124862 0.979938924 121.586013794 -0.022333108 0.999056935 -0.037234258 -4.416243553 -0.980210960 -0.029208753 -0.195788711 -37.795074463
-0.196344361 0.031107018 0.980041385 122.461151123 -0.022478282 0.999091208 -0.036215037 -4.460463524 -0.980277359 -0.029140264 -0.195466682 -37.952812195
-0.195053890 0.026236625 0.980441570 123.334304810 -0.021372901 0.999291003 -0.030993063 -4.507548809 -0.980559647 -0.027000193 -0.194354877 -38.128627777
-0.194239080 0.021548258 0.980717540 124.208106995 -0.022524703 0.999397159 -0.026419885 -4.548466682 -0.980695605 -0.027222149 -0.193636611 -38.295677185
-0.193399385 0.019733999 0.980921745 125.075202942 -0.022028765 0.999458313 -0.024450127 -4.588674545 -0.980872750 -0.026337130 -0.192859903 -38.463054657
-0.191957310 0.024131993 0.981106639 125.927810669 -0.022417409 0.999329031 -0.028966259 -4.632071495 -0.981147230 -0.027554153 -0.191287562 -38.627525330
-0.192370296 0.028058164 0.980921268 126.803916931 -0.022562580 0.999200463 -0.033005815 -4.667636395 -0.981063008 -0.028481452 -0.191583410 -38.791343689
-0.192077160 0.027040979 0.981007218 127.641975403 -0.025091194 0.999158204 -0.032454055 -4.711690426 -0.981059015 -0.030848324 -0.191236943 -38.948829651
-0.191909119 0.025839074 0.981072545 128.492858887 -0.027027374 0.999135017 -0.031601664 -4.758643627 -0.981040478 -0.032580458 -0.191044733 -39.103687286
-0.191043153 0.027129835 0.981206596 129.334243774 -0.022507355 0.999234140 -0.032010514 -4.799387455 -0.981323600 -0.028199762 -0.190286160 -39.270492554
-0.189334571 0.029221665 0.981477797 130.185974121 -0.024632508 0.999101102 -0.034498174 -4.842648506 -0.981603622 -0.030707957 -0.188444585 -39.441230774
-0.190094322 0.030291585 0.981298387 131.022323608 -0.031449232 0.998823047 -0.036924805 -4.889767647 -0.981261969 -0.037880272 -0.188917950 -39.581283569
-0.189176217 0.031732496 0.981430292 131.857788086 -0.037265189 0.998525620 -0.039468314 -4.936275482 -0.981235683 -0.044039655 -0.187714845 -39.731208801
-0.188816845 0.035399944 0.981374025 132.683944702 -0.033795606 0.998523772 -0.042520862 -4.985387325 -0.981430650 -0.041194785 -0.187341765 -39.886009216
-0.188625544 0.036419097 0.981373668 133.500991821 -0.032801807 0.998520792 -0.043360144 -5.034674168 -0.981501102 -0.040369660 -0.187151939 -40.038612366
-0.186821133 0.037364110 0.981683135 134.321899414 -0.034359612 0.998416543 -0.044539880 -5.081924915 -0.981792986 -0.042051248 -0.185241491 -40.189502716
-0.184725925 0.037124809 0.982088625 135.144744873 -0.024565540 0.998799562 -0.042377159 -5.132483959 -0.982483029 -0.031953696 -0.183592200 -40.351478577
-0.180921763 0.033862103 0.982914388 135.964477539 -0.018488398 0.999113381 -0.037823275 -5.183215618 -0.983323693 -0.025015565 -0.180135280 -40.513805389
-0.179000497 0.028746415 0.983428955 136.778961182 -0.015308248 0.999370694 -0.031998761 -5.230580330 -0.983729839 -0.020782366 -0.178447813 -40.662643433
-0.175306782 0.028471714 0.984102070 137.592102051 -0.013363387 0.999420822 -0.031295452 -5.272535801 -0.984423161 -0.018637244 -0.174824774 -40.807426453
-0.170161992 0.033434443 0.984848738 138.393371582 -0.012136294 0.999277234 -0.036021188 -5.319050312 -0.985341430 -0.018081848 -0.169633269 -40.947875977
-0.163780555 0.036521040 0.985820532 139.188156128 -0.011662951 0.999172986 -0.038953338 -5.360970974 -0.986427844 -0.017877376 -0.163219154 -41.073966980
-0.155849814 0.037475593 0.987069666 139.986694336 -0.011426273 0.999144852 -0.039738152 -5.397846222 -0.987714648 -0.017471710 -0.155288309 -41.192207336
-0.146330729 0.033114597 0.988681257 140.783615112 -0.010324714 0.999333978 -0.034999512 -5.439414024 -0.989181817 -0.015329358 -0.145891353 -41.304721832
-0.134350225 0.031666994 0.990427852 141.576736450 -0.006710370 0.999437332 -0.032865308 -5.483454704 -0.990911067 -0.011061600 -0.134062111 -41.411285400
-0.120539591 0.034405485 0.992112100 142.369094849 -0.002505106 0.999385476 -0.034962077 -5.522228718 -0.992705345 -0.006699660 -0.120379336 -41.508300781
-0.106417857 0.035532024 0.993686318 143.156158447 -0.003133716 0.999344289 -0.036069941 -5.561530590 -0.994316518 -0.006952416 -0.106236741 -41.587455750
-0.092385717 0.035534732 0.995088995 143.945373535 -0.002004690 0.999354362 -0.035873167 -5.602114677 -0.995721221 -0.005309014 -0.092254810 -41.658779144
-0.078978755 0.037223037 0.996181190 144.727203369 -0.001087620 0.999298930 -0.037425753 -5.645818710 -0.996875763 -0.004039307 -0.078882903 -41.714477539
-0.065270349 0.043232240 0.996930659 145.498214722 -0.003905406 0.999042273 -0.043579508 -5.697856903 -0.997859895 -0.006737869 -0.065038994 -41.755397797
-0.052472755 0.052461822 0.997243404 146.262725830 -0.010959670 0.998528779 -0.053106107 -5.743295670 -0.998562217 -0.013716083 -0.051820587 -41.780090332
-0.038965032 0.060429621 0.997411668 147.029113770 -0.015281178 0.998016834 -0.061063267 -5.792198658 -0.999123693 -0.017620958 -0.037964322 -41.792980194
-0.025790632 0.061171941 0.997794032 147.793807983 -0.016057482 0.997971892 -0.061597902 -5.843733788 -0.999538362 -0.017610706 -0.024756055 -41.804939270
-0.013776761 0.057434566 0.998254240 148.566345215 -0.020105129 0.998131156 -0.057704952 -5.899423122 -0.999702930 -0.020865018 -0.012596287 -41.806350708
-0.003177409 0.054852549 0.998489439 149.330581665 -0.024032511 0.998201847 -0.054913230 -5.959232807 -0.999706089 -0.024170691 -0.001853449 -41.794086456
0.005458188 0.061201397 0.998110533 150.086227417 -0.027906882 0.997745931 -0.061026428 -6.022377014 -0.999595642 -0.027521063 0.007153824 -41.775352478
0.012293087 0.069185644 0.997528136 150.831237793 -0.031133978 0.997146189 -0.068775482 -6.077130318 -0.999439538 -0.030211555 0.014412031 -41.757137299
0.015544857 0.071936332 0.997288108 151.583343506 -0.033684392 0.996880233 -0.071381859 -6.133255959 -0.999311626 -0.032483425 0.017919490 -41.740489960
0.015326029 0.067416392 0.997607291 152.337677002 -0.036071427 0.997112274 -0.066828795 -6.193334103 -0.999231696 -0.034960896 0.017713575 -41.719856262
0.013735411 0.062966533 0.997921169 153.093215942 -0.037847191 0.997332931 -0.062408481 -6.261934757 -0.999189138 -0.036911309 0.016081883 -41.704204559
0.010430068 0.060296211 0.998126030 153.842239380 -0.037392367 0.997505724 -0.059867993 -6.312304497 -0.999246240 -0.036697868 0.012658670 -41.690841675
0.007986090 0.060754582 0.998120844 154.586761475 -0.035385329 0.997544646 -0.060436390 -6.364367008 -0.999341846 -0.034836181 0.010116302 -41.688018799
0.003710525 0.060691521 0.998149693 155.328353882 -0.034016520 0.997586548 -0.060530830 -6.422255039 -0.999414384 -0.033728980 0.005766083 -41.677200317
-0.000158909 0.059418149 0.998233140 156.072463989 -0.033463906 0.997673810 -0.059390187 -6.478755951 -0.999439895 -0.033414219 0.001829824 -41.680355072
-0.005281954 0.059676200 0.998203814 156.810928345 -0.034265883 0.997620702 -0.059822656 -6.529097557 -0.999398768 -0.034520324 -0.003224529 -41.682079315
-0.011250393 0.057837270 0.998262584 157.550277710 -0.035600647 0.997669637 -0.058204141 -6.581658840 -0.999302804 -0.036193617 -0.009165131 -41.682552338
-0.016814070 0.055242456 0.998331368 158.301055908 -0.033196297 0.997891188 -0.055777203 -6.642139435 -0.999307394 -0.034078743 -0.014944769 -41.704498291
-0.022009846 0.055055875 0.998240590 159.035659790 -0.033795297 0.997870982 -0.055780619 -6.693753242 -0.999186337 -0.034963563 -0.020102356 -41.719890594
-0.027894944 0.056779835 0.997996926 159.754165649 -0.036081605 0.997677624 -0.057770185 -6.741464615 -0.998959482 -0.037620820 -0.025781456 -41.724918365
-0.031539403 0.058661576 0.997779608 160.483627319 -0.035294794 0.997588336 -0.059765972 -6.802827835 -0.998879135 -0.037101410 -0.029392887 -41.748317719
-0.034005478 0.060533259 0.997586846 161.202651978 -0.034942355 0.997481704 -0.061717998 -6.860110283 -0.998810589 -0.036956780 -0.031804670 -41.772193909
-0.034776658 0.061969005 0.997472048 161.922424316 -0.032028709 0.997493923 -0.063087039 -6.914829254 -0.998881698 -0.034141704 -0.032704718 -41.805744171
-0.034801800 0.060682543 0.997550189 162.646499634 -0.029266378 0.997664869 -0.061710540 -6.967900753 -0.998965561 -0.031342320 -0.032944571 -41.823467255
-0.030417243 0.056786768 0.997922897 163.368988037 -0.025722833 0.998009682 -0.057575762 -7.025973320 -0.999206245 -0.027420696 -0.028895983 -41.852283478
-0.022762151 0.056571156 0.998139083 164.070953369 -0.025115371 0.998050272 -0.057138875 -7.081234455 -0.999425411 -0.026369231 -0.021296967 -41.865959167
-0.011637835 0.057585854 0.998272777 164.766036987 -0.022351524 0.998075902 -0.057835076 -7.131807804 -0.999682426 -0.022985991 -0.010328315 -41.866371155
0.002465287 0.057736404 0.998328924 165.456878662 -0.020671098 0.998121500 -0.057673365 -7.182472229 -0.999783278 -0.020494372 0.003654122 -41.858085632
0.017938415 0.055969138 0.998271346 166.137268066 -0.021321109 0.998226285 -0.055583492 -7.227445126 -0.999611735 -0.020287165 0.019099917 -41.843475342
0.033698037 0.050998069 0.998130083 166.819793701 -0.026409671 0.998393953 -0.050119925 -7.275332928 -0.999083102 -0.024671338 0.034990758 -41.800636292
0.050310686 0.044204198 0.997754991 167.505096436 -0.027487304 0.998702824 -0.042860188 -7.320107460 -0.998355329 -0.025269261 0.051460482 -41.754257202
0.067571864 0.037553132 0.997007430 168.182220459 -0.028310254 0.998961210 -0.035708010 -7.353778839 -0.997312725 -0.025812672 0.068564810 -41.696311951
0.085153863 0.029939108 0.995917916 168.852630615 -0.028467793 0.999213457 -0.027604101 -7.390904427 -0.995961010 -0.026000990 0.085939199 -41.635250092
0.101841435 0.023794007 0.994516134 169.514312744 -0.030237319 0.999325991 -0.020812698 -7.424811363 -0.994341075 -0.027951906 0.102492273 -41.550338745
0.119794339 0.021429140 0.992567420 170.166931152 -0.031478200 0.999346435 -0.017776348 -7.454497337 -0.992299557 -0.029114733 0.120390579 -41.458427429
0.137767583 0.020507334 0.990252256 170.807250977 -0.030439992 0.999401033 -0.016461870 -7.474996090 -0.989996731 -0.027875358 0.138309330 -41.360511780
0.154904738 0.020086985 0.987725198 171.444763184 -0.031199981 0.999394059 -0.015431204 -7.492812634 -0.987436652 -0.028426638 0.155437559 -41.244819641
0.170681506 0.018881960 0.985145271 172.075317383 -0.036419537 0.999254107 -0.012842504 -7.512456894 -0.984652877 -0.033686560 0.171241850 -41.111999512
0.186011076 0.015081899 0.982431889 172.692428589 -0.037267454 0.999270916 -0.008284285 -7.531972885 -0.981840611 -0.035071768 0.186437562 -40.994125366
0.197861269 0.011212536 0.980165899 173.317459106 -0.034076314 0.999408782 -0.004553847 -7.547779560 -0.979637563 -0.032499410 0.198126405 -40.859912872
0.208543375 0.010441809 0.977957368 173.935424805 -0.032028675 0.999479592 -0.003841689 -7.562430859 -0.977488637 -0.030521518 0.208769247 -40.723213196
0.218423575 0.014193071 0.975750804 174.537567139 -0.036653455 0.999307930 -0.006330788 -7.581723213 -0.975165486 -0.034381844 0.218792647 -40.573772430
0.227223277 0.021291308 0.973609865 175.126922607 -0.041182220 0.999076724 -0.012237028 -7.602188110 -0.972971499 -0.037314877 0.227890342 -40.415943146
0.236243263 0.030866010 0.971203566 175.707748413 -0.041043028 0.998920321 -0.021763250 -7.619630814 -0.970826745 -0.034719717 0.237254992 -40.271015167
0.244665399 0.036913067 0.968904734 176.302795410 -0.035981458 0.998932421 -0.028971110 -7.634420395 -0.968939722 -0.027774371 0.245732352 -40.123600006
0.251043648 0.034763113 0.967351317 176.899063110 -0.034736436 0.999034703 -0.026887022 -7.652836800 -0.967352271 -0.026852522 0.252008855 -39.963680267
0.256870776 0.027342169 0.966058910 177.499191284 -0.037737478 0.999121130 -0.018243698 -7.672210693 -0.965708733 -0.031770352 0.257676840 -39.792568207
0.261057794 0.016764378 0.965177596 178.115264893 -0.040949646 0.999141455 -0.006278389 -7.691401482 -0.964454234 -0.037884656 0.261520207 -39.609195709
0.263323426 0.008738725 0.964668036 178.721847534 -0.041397188 0.999140322 0.002249106 -7.711167812 -0.963819027 -0.040526792 0.263458818 -39.440948486
0.264090806 0.007767544 0.964466572 179.323532104 -0.038530476 0.999254286 0.002502723 -7.728727341 -0.963727951 -0.037822310 0.264193147 -39.272182465
0.265259117 0.010066976 0.964124560 179.922576904 -0.034598958 0.999400854 -0.000916120 -7.734461308 -0.963556111 -0.033114702 0.265448481 -39.114360809
0.267604619 0.009365252 0.963483393 180.529266357 -0.031081086 0.999516308 -0.001082821 -7.741839886 -0.963027418 -0.029656336 0.267766297 -38.954036713
0.268924683 0.007396170 0.963132918 181.136428833 -0.033286747 0.999444544 0.001619260 -7.743608475 -0.962585926 -0.032495014 0.269021481 -38.774929047
0.271665752 0.004089617 0.962383032 181.745422363 -0.034198854 0.999400437 0.005406883 -7.750769615 -0.961783886 -0.034381259 0.271642685 -38.595474243
0.274307609 -0.001338694 0.961641073 182.349761963 -0.033593301 0.999375343 0.010973693 -7.765600204 -0.961055040 -0.035314865 0.274091363 -38.412746429
0.278756022 -0.004021802 0.960353553 182.970504761 -0.032090101 0.999393821 0.013499897 -7.766024113 -0.959825635 -0.034581020 0.278458059 -38.232402802
0.284966350 -0.006193033 0.958517492 183.580581665 -0.030326249 0.999420285 0.015473274 -7.762487411 -0.958057642 -0.033477604 0.284613371 -38.042919159
0.292596400 -0.009348175 0.956190288 184.197814941 -0.028912557 0.999408603 0.018618006 -7.764658928 -0.955798805 -0.033093475 0.292153090 -37.846920013
0.302731007 -0.011405418 0.953007817 184.825881958 -0.026124161 0.999453306 0.020259831 -7.767962456 -0.952717960 -0.031029806 0.302267551 -37.651927948
0.313885748 -0.009168270 0.949416518 185.441375732 -0.027736481 0.999437988 0.018821251 -7.767143250 -0.949055612 -0.032241192 0.313455075 -37.438312531
0.325253278 -0.005686191 0.945609868 186.052413940 -0.028769448 0.999459445 0.015905583 -7.768513680 -0.945189178 -0.032378018 0.324913889 -37.215065002
0.336960614 -0.002878268 0.941514254 186.660552979 -0.029525420 0.999471188 0.013622363 -7.769601345 -0.941055655 -0.032388810 0.336697429 -36.988647461
0.348527759 -0.002815599 0.937294304 187.276275635 -0.027875882 0.999522030 0.013368024 -7.766094685 -0.936883748 -0.030787034 0.348282725 -36.754085541
0.360103935 -0.005643378 0.932895124 187.909729004 -0.027027832 0.999498904 0.016479217 -7.762145996 -0.932520568 -0.031148367 0.359770983 -36.505989075
