0.999999940 -0.000000000 0.000000000 0.000000030 -0.000000000 0.999999940 0.000000000 -0.000000060 0.000000000 0.000000000 1.000000000 0.000000000
0.999991357 -0.002434427 -0.003359220 -0.002939487 0.002427011 0.999994576 -0.002210062 -0.005071661 0.003364582 0.002201890 0.999991894 0.666660786
0.999970019 -0.001564438 -0.007574888 -0.010653718 0.001538478 0.999993026 -0.003431611 -0.012315944 0.007580202 0.003419855 0.999965429 1.366680264
0.999933362 -0.001266013 -0.011471527 -0.027604327 0.001210680 0.999987543 -0.004829246 -0.013938245 0.011477499 0.004815035 0.999922574 2.066449165
0.999867141 0.000069822 -0.016298383 -0.048613612 -0.000160107 0.999984562 -0.005538289 -0.016503548 0.016297750 0.005540163 0.999851763 2.792691946
0.999787629 -0.000508254 -0.020598773 -0.069689371 0.000391331 0.999983788 -0.005679835 -0.028468907 0.020601328 0.005670568 0.999771595 3.533686161
0.999683797 0.001257220 -0.025110384 -0.095574126 -0.001433143 0.999974608 -0.006989225 -0.032291152 0.025100958 0.007023001 0.999660254 4.288517952
0.999549925 0.003920503 -0.029740144 -0.128531501 -0.004146487 0.999962926 -0.007540746 -0.043245651 0.029709481 0.007660669 0.999529183 5.049712181
0.999412537 0.004299719 -0.034001593 -0.168878600 -0.004502595 0.999972463 -0.005892328 -0.051543806 0.033975333 0.006041961 0.999404371 5.841433048
0.999251902 0.003685887 -0.038498096 -0.204310030 -0.003818521 0.999987006 -0.003372245 -0.056847196 0.038485169 0.003516728 0.999252975 6.644348145
0.999125659 0.003204603 -0.041683629 -0.245036900 -0.003231271 0.999994516 -0.000572403 -0.065763071 0.041681569 0.000706594 0.999130666 7.447214127
0.999013901 0.005201249 -0.044091210 -0.301967263 -0.005275032 0.999984860 -0.001557238 -0.073484235 0.044082440 0.001788285 0.999026299 8.271242142
0.998919725 0.004752585 -0.046225723 -0.347211629 -0.004846071 0.999986351 -0.001910521 -0.077596903 0.046216030 0.002132470 0.998929203 9.090990067
0.998860836 0.002196557 -0.047664966 -0.391033471 -0.002320437 0.999994040 -0.002543794 -0.084352478 0.047659092 0.002651501 0.998860180 9.921662331
0.998745143 0.001602555 -0.050054193 -0.432367504 -0.001676096 0.999997497 -0.001427277 -0.096960045 0.050051786 0.001509382 0.998745501 10.761564255
0.998666465 0.000133929 -0.051625669 -0.478118598 -0.000227356 0.999998331 -0.001803842 -0.103685558 0.051625352 0.001813174 0.998664856 11.614855766
0.998570204 0.002312402 -0.053403564 -0.530631304 -0.002533326 0.999988556 -0.004069553 -0.113848537 0.053393543 0.004199024 0.998564720 12.469655991
0.998520732 0.003305468 -0.054269832 -0.593970656 -0.003666819 0.999971628 -0.006560181 -0.128910854 0.054246616 0.006749475 0.998504758 13.327832222
0.998418510 0.007019123 -0.055778138 -0.654614031 -0.007482043 0.999939144 -0.008094824 -0.141677454 0.055717938 0.008499358 0.998410404 14.200820923
0.998349845 0.008193386 -0.056835711 -0.708354890 -0.008646877 0.999932647 -0.007737672 -0.153579384 0.056768492 0.008216356 0.998353481 15.096439362
0.998279870 0.006925194 -0.058216996 -0.764687717 -0.007281070 0.999956012 -0.005903042 -0.168938339 0.058173563 0.006316770 0.998286486 15.975181580
0.998207748 0.007600499 -0.059359059 -0.826863348 -0.007888386 0.999958158 -0.004617097 -0.178380534 0.059321485 0.005077069 0.998225987 16.872390747
0.998161554 0.007258641 -0.060172923 -0.887422204 -0.007535184 0.999962032 -0.004370186 -0.196229488 0.060138926 0.004815565 0.998178363 17.780569077
0.998041570 0.007129740 -0.062145315 -0.943590462 -0.007456346 0.999959469 -0.005025228 -0.210862517 0.062106967 0.005478763 0.998054445 18.680496216
0.997996032 0.005560752 -0.063030623 -1.007587790 -0.005924144 0.999966800 -0.005579927 -0.223754853 0.062997513 0.005942147 0.997995973 19.593669891
0.997951508 0.005311891 -0.063753106 -1.063383937 -0.005584150 0.999975979 -0.004093096 -0.232822105 0.063729852 0.004440718 0.997957289 20.510112762
0.997944236 0.007045477 -0.063699305 -1.124937534 -0.007111902 0.999974489 -0.000816103 -0.243273571 0.063691907 0.001267448 0.997968853 21.438417435
0.997997105 0.008190869 -0.062726028 -1.187414169 -0.008014797 0.999963224 0.003058107 -0.253264725 0.062748760 -0.002549246 0.998026133 22.370502472
0.998118341 0.007208733 -0.060891014 -1.254601955 -0.006880211 0.999960542 0.005603198 -0.255336821 0.060929008 -0.005173712 0.998128772 23.303600311
0.998203218 0.006982390 -0.059511401 -1.307303190 -0.006592939 0.999955595 0.006737998 -0.266080052 0.059555806 -0.006333534 0.998204887 24.247058868
0.998282433 0.007367291 -0.058120128 -1.362813950 -0.007149056 0.999966681 0.003961961 -0.272737890 0.058147378 -0.003539650 0.998301744 25.191297531
0.998331904 0.007940423 -0.057185426 -1.423205733 -0.008006783 0.999967515 -0.000931417 -0.275101304 0.057176173 0.001387736 0.998363078 26.130113602
0.998395860 0.007588578 -0.056108005 -1.474775553 -0.007807113 0.999962747 -0.003676751 -0.288903356 0.056078013 0.004108895 0.998417914 27.078531265
0.998454571 0.004863982 -0.055359822 -1.528814077 -0.005020203 0.999983847 -0.002683226 -0.298665881 0.055345871 0.002956997 0.998462856 28.036054611
0.998460948 0.003363523 -0.055356659 -1.590391994 -0.003241903 0.999992073 0.002286688 -0.308252394 0.055363908 -0.002103707 0.998463988 29.020011902
0.998411179 -0.000571323 -0.056345474 -1.635954499 0.000900978 0.999982536 0.005825373 -0.319307595 0.056341179 -0.005866884 0.998394251 29.974935532
0.998310566 -0.007936221 -0.057559576 -1.682767868 0.008245945 0.999952674 0.005145442 -0.324948847 0.057516035 -0.005611381 0.998328805 30.950538635
0.998213470 -0.010379096 -0.058839601 -1.738819718 0.010478688 0.999944091 0.001384278 -0.330540031 0.058821946 -0.001998367 0.998266518 31.922266006
0.998135865 -0.009890724 -0.060223907 -1.801084876 0.009730664 0.999948263 -0.002950457 -0.333800137 0.060249969 0.002358938 0.998180568 32.898178101
0.998025596 -0.008723535 -0.062198710 -1.874176264 0.008518874 0.999957383 -0.003554862 -0.342429221 0.062227074 0.003017980 0.998057425 33.889148712
0.997977078 -0.008932285 -0.062942885 -1.928264499 0.008840883 0.999959409 -0.001730457 -0.364340693 0.062955782 0.001170486 0.998015642 34.858795166
0.997914791 -0.005941642 -0.064270809 -1.996969819 0.006023748 0.999981284 0.001083828 -0.376493245 0.064263165 -0.001468720 0.997931898 35.857383728
0.997841299 -0.005542614 -0.065434337 -2.064399242 0.005720261 0.999980390 0.002527847 -0.392096400 0.065419048 -0.002896692 0.997853637 36.839099884
0.997781754 -0.004467390 -0.066419065 -2.132483721 0.004819684 0.999975145 0.005144831 -0.399789512 0.066394433 -0.005453537 0.997778475 37.813568115
0.997795284 -0.004561093 -0.066209555 -2.192646980 0.005151017 0.999948502 0.008741989 -0.416095763 0.066166267 -0.009063764 0.997767448 38.788516998
0.997766376 0.001148487 -0.066789858 -2.274612427 -0.000450049 0.999945104 0.010471356 -0.409415603 0.066798188 -0.010417907 0.997712076 39.809085846
0.997762978 0.001334050 -0.066837460 -2.348189354 -0.000673987 0.999950826 0.009897238 -0.413970917 0.066847377 -0.009830047 0.997714818 40.801952362
0.997763693 0.001451673 -0.066824012 -2.417785406 -0.000908590 0.999966383 0.008156757 -0.417507917 0.066833593 -0.008077800 0.997731388 41.786960602
0.997756004 0.003616613 -0.066856250 -2.485314369 -0.003223345 0.999976814 0.005989233 -0.423434049 0.066876367 -0.005760293 0.997744560 42.773830414
0.997712910 0.003186141 -0.067518108 -2.557686806 -0.002763691 0.999976099 0.006349310 -0.431578606 0.067536727 -0.006148190 0.997697771 43.768936157
0.997591138 0.000753967 -0.069362871 -2.623134375 -0.000249591 0.999973476 0.007279927 -0.434366077 0.069366537 -0.007245079 0.997564912 44.767349243
0.997543275 0.001604493 -0.070034027 -2.694082737 -0.001013377 0.999963522 0.008475127 -0.441947192 0.070045091 -0.008383336 0.997508585 45.740142822
0.997520328 0.004056753 -0.070261262 -2.766635656 -0.003715737 0.999980688 0.004983557 -0.453436613 0.070280120 -0.004710127 0.997516215 46.711906433
0.997479558 0.004816237 -0.070790060 -2.850754499 -0.004781041 0.999988317 0.000666624 -0.460590303 0.070792452 -0.000326493 0.997490942 47.678947449
0.997423947 0.005502517 -0.071519628 -2.919014931 -0.005564452 0.999984324 -0.000666782 -0.463689864 0.071514852 0.001063033 0.997438908 48.645927429
0.997439504 0.004245861 -0.071389526 -2.994345903 -0.004029861 0.999986947 0.003169405 -0.477528870 0.071402058 -0.002873599 0.997443438 49.627498627
0.997442663 0.002175986 -0.071437925 -3.065335751 -0.001729201 0.999978542 0.006315412 -0.487754762 0.071450152 -0.006175731 0.997425079 50.593685150
0.997393847 0.000202409 -0.072149068 -3.125926018 0.000283549 0.999977291 0.006725172 -0.494093686 0.072148792 -0.006728102 0.997371197 51.548652649
0.997366905 -0.003115042 -0.072454162 -3.195610285 0.003523716 0.999978662 0.005513321 -0.501745939 0.072435454 -0.005754113 0.997356474 52.506328583
0.997330248 -0.006087939 -0.072767772 -3.262897015 0.006432772 0.999969125 0.004505389 -0.513970435 0.072738104 -0.004961461 0.997338712 53.456790924
0.997260451 -0.007480971 -0.073589712 -3.336090088 0.007910691 0.999953330 0.005549655 -0.521833420 0.073544778 -0.006116597 0.997273147 54.409183502
0.997133672 -0.010579861 -0.074916013 -3.404080153 0.011336366 0.999888897 0.009679964 -0.525867701 0.074805282 -0.010501494 0.997142851 55.359756470
0.997089803 -0.011325414 -0.075389743 -3.473744631 0.012469817 0.999813676 0.014726412 -0.528481662 0.075208917 -0.015623652 0.997045398 56.299438477
0.997089386 -0.009607074 -0.075634874 -3.555059910 0.010925873 0.999795020 0.017041922 -0.528948545 0.075455658 -0.017818697 0.996989906 57.248523712
0.996993482 -0.008221371 -0.077047549 -3.632230282 0.009233271 0.999875605 0.012786410 -0.527541220 0.076932855 -0.013459370 0.996945322 58.177791595
0.996873796 -0.006366982 -0.078753188 -3.702888489 0.006775281 0.999964952 0.004918437 -0.531745315 0.078719109 -0.005436636 0.996882021 59.085456848
0.996814907 -0.005313052 -0.079571843 -3.784695148 0.005363820 0.999985456 0.000424281 -0.544281125 0.079568438 -0.000849739 0.996828973 60.014495850
0.996787071 -0.000035142 -0.080096282 -3.872347355 0.000124430 0.999999404 0.001109759 -0.552167833 0.080096193 -0.001116160 0.996786535 60.914230347
0.996643424 0.002410704 -0.081829771 -3.950862408 -0.002103521 0.999990404 0.003839936 -0.567914128 0.081838250 -0.003654916 0.996638894 61.815849304
0.996563256 0.005096099 -0.082678020 -4.026485443 -0.004682435 0.999975443 0.005196461 -0.580025315 0.082702488 -0.004791468 0.996562779 62.702896118
0.996456444 0.005613291 -0.083922878 -4.102584839 -0.005239366 0.999975324 0.004675160 -0.584859610 0.083947062 -0.004218891 0.996461332 63.570430756
0.996311367 0.007348242 -0.085495785 -4.180235863 -0.006878550 0.999959588 0.005787053 -0.595838785 0.085534848 -0.005177621 0.996321738 64.418754578
0.996190727 0.008521122 -0.086782768 -4.260163307 -0.007991401 0.999947309 0.006449579 -0.606967151 0.086833149 -0.005731495 0.996206343 65.258621216
0.996075273 0.007930963 -0.088152967 -4.333663464 -0.007339917 0.999948382 0.007026933 -0.618216455 0.088204153 -0.006352320 0.996082127 66.074874878
0.995968044 0.007761105 -0.089371495 -4.406975269 -0.007069693 0.999942660 0.008050351 -0.623927355 0.089428857 -0.007386063 0.995965779 66.879882812
0.995831668 0.010575870 -0.090594694 -4.489428520 -0.009642738 0.999895930 0.010731616 -0.628768802 0.090698771 -0.009813300 0.995830059 67.682800293
0.995692670 0.012049572 -0.091927975 -4.565002441 -0.010732702 0.999832749 0.014805986 -0.633266091 0.092091009 -0.013755577 0.995655656 68.465446472
0.995508790 0.015083762 -0.093459740 -4.650362015 -0.013605428 0.999772370 0.016434943 -0.634507418 0.093686365 -0.015089569 0.995487452 69.246986389
0.995348215 0.018030800 -0.094640121 -4.729303360 -0.016912000 0.999777436 0.012610459 -0.644941032 0.094846442 -0.010951247 0.995431662 69.988647461
0.995183945 0.017987370 -0.096360460 -4.798262596 -0.017553080 0.999831617 0.005352783 -0.651062250 0.096440524 -0.003635585 0.995332062 70.711853027
0.995068014 0.017183822 -0.097695008 -4.872021675 -0.017302159 0.999850154 -0.000364139 -0.660232186 0.097674124 0.002052678 0.995216250 71.424201965
0.995010793 0.017862741 -0.098154686 -4.945529938 -0.018102868 0.999834895 -0.001556272 -0.665077448 0.098110668 0.003325389 0.995169878 72.115058899
0.994903445 0.020674465 -0.098689437 -5.025307655 -0.020573178 0.999786258 0.002044006 -0.675766349 0.098710611 -0.000003233 0.995116055 72.796478271
0.994757593 0.020974265 -0.100086451 -5.094395161 -0.020637386 0.999777377 0.004400204 -0.691693425 0.100156456 -0.002311613 0.994968951 73.447334290
0.994740129 0.017698009 -0.100890137 -5.160972595 -0.017683608 0.999843180 0.001037206 -0.700747371 0.100892656 0.000752351 0.994896948 74.077201843
0.994838893 0.009535163 -0.101017766 -5.210972309 -0.010006129 0.999941289 -0.004156533 -0.713784099 0.100972220 0.005145877 0.994875968 74.695320129
0.994974315 0.005727017 -0.099967428 -5.265694618 -0.006671879 0.999936104 -0.009119934 -0.718535900 0.099908829 0.009741070 0.994948924 75.295463562
0.995258868 0.007925116 -0.096937306 -5.322834969 -0.008890371 0.999915063 -0.009529630 -0.728354514 0.096853554 0.010346258 0.995244980 75.878517151
0.995599449 0.013054002 -0.092796788 -5.386210918 -0.013696908 0.999886334 -0.006294549 -0.744868696 0.092704095 0.007537880 0.995665133 76.442405701
0.996036708 0.011360106 -0.088214502 -5.433806419 -0.011695089 0.999926209 -0.003281417 -0.753603816 0.088170715 0.004300089 0.996096015 77.001647949
0.996565700 0.007772442 -0.082438581 -5.470863342 -0.007740918 0.999969661 0.000702026 -0.759853482 0.082441539 -0.000061464 0.996595860 77.544403076
0.997239053 0.003252506 -0.074185692 -5.500696659 -0.002921496 0.999985218 0.004569992 -0.778519332 0.074199468 -0.004340642 0.997233987 78.073158264
0.997942746 0.006908795 -0.063736178 -5.526049614 -0.006648392 0.999968588 0.004296814 -0.785877943 0.063763879 -0.003864232 0.997957528 78.587127686
0.998744905 0.012081718 -0.048605353 -5.552952290 -0.011917245 0.999922216 0.003672248 -0.790961802 0.048645951 -0.003088397 0.998811305 79.091804504
0.999389648 0.017214336 -0.030395232 -5.568351269 -0.017091997 0.999844730 0.004280192 -0.796384573 0.030464198 -0.003758066 0.999528766 79.589286804
0.999840498 0.015752766 -0.008409642 -5.554817677 -0.015712613 0.999864876 0.004819626 -0.803244829 0.008484427 -0.004686721 0.999953091 80.065933228
0.999764919 0.012349274 0.017820006 -5.526844978 -0.012455025 0.999905348 0.005835563 -0.810603142 -0.017746257 -0.006056141 0.999824226 80.516685486
0.998830736 0.011190060 0.047032446 -5.478074551 -0.011543824 0.999907017 0.007256781 -0.816718280 -0.046946876 -0.007791232 0.998867035 80.972709656
0.996726155 0.010530415 0.080163106 -5.421745777 -0.011271103 0.999897778 0.008792861 -0.825372458 -0.080062307 -0.009667602 0.996743023 81.420562744
0.992960513 0.010802298 0.117952481 -5.348654747 -0.011942064 0.999888420 0.008960390 -0.825824916 -0.117842562 -0.010305911 0.992978871 81.866821289
0.987140715 0.010626054 0.159499675 -5.261343002 -0.012272869 0.999881029 0.009343333 -0.836831093 -0.159381419 -0.011180704 0.987153769 82.265609741
0.978790402 0.010264710 0.204606205 -5.145185471 -0.012394927 0.999881506 0.009132388 -0.841524720 -0.204488203 -0.011474775 0.978801727 82.682258606
0.967320502 0.012366162 0.253254741 -5.007469177 -0.014574060 0.999870360 0.006843811 -0.847592771 -0.253137290 -0.010311111 0.967375398 83.081573486
0.951675177 0.013648883 0.306802571 -4.859735489 -0.015603058 0.999870539 0.003917597 -0.853646219 -0.306709409 -0.008515337 0.951765060 83.467872620
0.931822598 0.013967375 0.362644911 -4.679866791 -0.015572421 0.999877572 0.001503036 -0.857058525 -0.362579584 -0.007047823 0.931926072 83.837615967
0.907573402 0.013628072 0.419672161 -4.487968445 -0.015128637 0.999885499 0.000247418 -0.871891260 -0.419620723 -0.006573617 0.907675683 84.170272827
0.878564835 0.013999988 0.477417797 -4.272438049 -0.014857355 0.999887586 -0.001979959 -0.876867771 -0.477391899 -0.005353643 0.878674209 84.482681274
0.845004201 0.012950068 0.534602821 -4.030586243 -0.012672714 0.999910891 -0.004190806 -0.882865369 -0.534609497 -0.003233621 0.845093131 84.785598755
0.807961464 0.012504617 0.589102447 -3.770038605 -0.011503207 0.999918997 -0.005448039 -0.892821312 -0.589122951 -0.002374762 0.808040023 85.074775696
0.767857850 0.011391272 0.640518904 -3.493587494 -0.010727584 0.999930322 -0.004922914 -0.899549305 -0.640530348 -0.003091123 0.767926633 85.345809937
0.725393832 0.011012813 0.688245952 -3.201187134 -0.012130531 0.999921262 -0.003214743 -0.903532147 -0.688227177 -0.006016836 0.725470304 85.586730957
0.680962205 0.009957485 0.732250750 -2.895076752 -0.010566840 0.999936998 -0.003770895 -0.904648900 -0.732242227 -0.005169738 0.681024671 85.798568726
0.635206044 0.008154751 0.772299647 -2.563087463 -0.007177589 0.999963343 -0.004655195 -0.917859137 -0.772309303 -0.002586241 0.635241449 85.997817993
0.589447737 0.004649897 0.807793081 -2.233261108 -0.000598090 0.999985695 -0.005319789 -0.927605212 -0.807806253 0.002652604 0.589442134 86.158279419
0.542998314 0.006391064 0.839709461 -1.898033142 -0.002786622 0.999979258 -0.005808915 -0.940849185 -0.839729249 0.000814278 0.543004811 86.323699951
0.496146441 0.009821435 0.868183374 -1.559089661 -0.006087140 0.999950767 -0.007833414 -0.941502154 -0.868217468 -0.001398233 0.496181846 86.478607178
0.450950205 0.011304338 0.892477512 -1.219608307 -0.006677900 0.999934494 -0.009291212 -0.955395222 -0.892524123 -0.001770001 0.450996161 86.607696533
0.408370256 0.009690987 0.912764847 -0.866479874 0.000108116 0.999943197 -0.010664944 -0.955414176 -0.912816346 0.004453932 0.408345997 86.720672607
0.367491126 0.001751501 0.930025339 -0.494750977 0.014331613 0.999868691 -0.007546043 -0.968337417 -0.929916561 0.016101867 0.367417842 86.836090088
0.332074523 -0.001524210 0.943251908 -0.127998352 0.018331267 0.999820113 -0.004837955 -0.970014691 -0.943075001 0.018897561 0.332042813 86.927558899
0.298787028 0.002067784 0.954317570 0.236543655 0.015795911 0.999849856 -0.007111981 -0.980303884 -0.954189122 0.017199285 0.298709542 87.022903442
0.267901838 0.009564438 0.963398635 0.607412338 0.005016803 0.999923229 -0.011322116 -0.995003760 -0.963433146 0.007866399 0.267833352 87.122032166
0.239532799 0.014298455 0.970783114 0.986757278 -0.000032723 0.999891698 -0.014719116 -1.010393143 -0.970888317 0.003493944 0.239507303 87.210029602
0.213794217 0.015953727 0.976748466 1.377944946 0.001447038 0.999860466 -0.016647959 -1.023980975 -0.976877630 0.004972629 0.213741317 87.275177002
0.190298557 0.017409254 0.981571913 1.787452698 0.008697631 0.999773562 -0.019418303 -1.032701015 -0.981687784 0.012232626 0.190104097 87.331954956
0.170376360 0.023315813 0.985103130 2.200987816 0.015635703 0.999530256 -0.026361516 -1.035959244 -0.985255003 0.019894160 0.169931754 87.373062134
0.150487617 0.030395968 0.988144457 2.619254112 0.017823875 0.999281287 -0.033453003 -1.031395912 -0.988451183 0.022646829 0.149837703 87.426986694
0.132854819 0.031014714 0.990650058 3.059037209 0.015570374 0.999321580 -0.033374317 -1.044780612 -0.991013169 0.019858733 0.132281810 87.481689453
0.117539510 0.026888568 0.992704034 3.518217087 0.013609374 0.999495804 -0.028683931 -1.066290498 -0.992974937 0.016881578 0.117114350 87.531311035
0.102810621 0.023536215 0.994422376 3.988183975 0.013914333 0.999588072 -0.025097050 -1.087500572 -0.994603515 0.016416965 0.102440804 87.575019836
0.089647450 0.020962270 0.995752931 4.471504688 0.016216381 0.999615192 -0.022503536 -1.103689313 -0.995841444 0.018164894 0.089273036 87.606468201
0.078001939 0.020050667 0.996751547 4.963564873 0.019855367 0.999568164 -0.021661136 -1.119739294 -0.996755421 0.021480478 0.077570155 87.630310059
0.067737430 0.020725837 0.997487903 5.483760357 0.022815073 0.999490499 -0.022316778 -1.135600567 -0.997442305 0.024269439 0.067230061 87.662490845
0.060139243 0.021556979 0.997957170 6.009104252 0.025199682 0.999415278 -0.023107067 -1.143888831 -0.997871876 0.026537852 0.059560854 87.681045532
0.054531928 0.021770982 0.998274624 6.559419632 0.026982561 0.999364972 -0.023268718 -1.159670591 -0.998147428 0.028204901 0.053909875 87.706924438
0.048850052 0.022739816 0.998547196 7.122900009 0.028361842 0.999306023 -0.024144595 -1.176710129 -0.998403311 0.029500106 0.048171218 87.732780457
0.043012492 0.023542805 0.998797119 7.707592010 0.028574910 0.999284446 -0.024784846 -1.190891623 -0.998665750 0.029606601 0.042308971 87.752059937
0.038629077 0.023398241 0.998979568 8.310162544 0.031116454 0.999212801 -0.024606934 -1.208303928 -0.998769045 0.032035243 0.037870601 87.769859314
0.035710670 0.023546655 0.999084711 8.931039810 0.032696396 0.999159634 -0.024717107 -1.226334572 -0.998827159 0.033549130 0.034910779 87.788879395
0.032691151 0.022932485 0.999202251 9.570572853 0.033883851 0.999136508 -0.024039565 -1.245647907 -0.998890877 0.034642711 0.031885881 87.805587769
0.030143745 0.022347875 0.999295831 10.224653244 0.035511293 0.999094963 -0.023414589 -1.264701009 -0.998914599 0.036192086 0.029322866 87.825317383
0.029619047 0.021945611 0.999320328 10.900856018 0.040364150 0.998917282 -0.023133121 -1.283246756 -0.998745859 0.041021891 0.028701162 87.836380005
0.030658700 0.021718031 0.999293923 11.595569611 0.043486599 0.998788238 -0.023041224 -1.299041986 -0.998583496 0.044162311 0.029677112 87.851089478
0.033106916 0.021769231 0.999214768 12.300228119 0.045258943 0.998704433 -0.023257678 -1.315698266 -0.998426557 0.045993391 0.032078780 87.873130798
0.036900938 0.021510480 0.999087453 13.028696060 0.047734533 0.998589098 -0.023262812 -1.338459611 -0.998178244 0.048549388 0.035822093 87.899482727
0.041423392 0.020920042 0.998922765 13.767633438 0.048283961 0.998570681 -0.022914916 -1.362578273 -0.997974277 0.049181160 0.040354088 87.925613403
0.045145642 0.019420376 0.998791635 14.521092415 0.049691055 0.998529613 -0.021661330 -1.381190896 -0.997743785 0.050608929 0.044114247 87.966186523
0.049161233 0.017575523 0.998636246 15.296834946 0.049772814 0.998559773 -0.020024415 -1.403467059 -0.997549891 0.050689358 0.048215654 88.009231567
0.053486850 0.015635015 0.998446167 16.078664780 0.046583738 0.998749733 -0.018135265 -1.422171831 -0.997481465 0.047481351 0.052691646 88.058151245
0.057331461 0.014668691 0.998247385 16.864879608 0.045589618 0.998810470 -0.017295273 -1.441003323 -0.997313738 0.046501290 0.056594528 88.102508545
0.061253801 0.015839212 0.997996509 17.666812897 0.042963728 0.998905480 -0.018490614 -1.459357142 -0.997197151 0.044010270 0.060506254 88.164421082
0.064701781 0.019303873 0.997717798 18.464118958 0.040858120 0.998923182 -0.021976832 -1.492017984 -0.997067869 0.042186815 0.063843384 88.212654114
0.065974295 0.024841633 0.997512043 19.256305695 0.034726869 0.999027252 -0.027176162 -1.515926123 -0.997216821 0.036433391 0.065047458 88.279006958
0.065712877 0.027805433 0.997451127 20.080125809 0.032051470 0.999037027 -0.029961221 -1.548455000 -0.997323692 0.033938620 0.064758375 88.339813232
0.065435804 0.027882025 0.997467220 20.891365051 0.029882995 0.999106407 -0.029888233 -1.571321487 -0.997409284 0.031763069 0.064544141 88.409934998
0.065402269 0.026101060 0.997517586 21.704010010 0.026786258 0.999251604 -0.027902678 -1.605740070 -0.997499406 0.028544664 0.064654164 88.470924377
0.065576941 0.024411134 0.997548878 22.538938522 0.027526777 0.999275923 -0.026262954 -1.644944191 -0.997467756 0.029181553 0.064857520 88.522689819
0.065939188 0.023378713 0.997549772 23.352413177 0.025384294 0.999362588 -0.025099130 -1.681735516 -0.997500658 0.026977113 0.065303721 88.583175659
0.066053420 0.023750776 0.997533381 24.166927338 0.023400439 0.999404848 -0.025344834 -1.713382006 -0.997541606 0.025016835 0.065458328 88.643104553
0.066216365 0.024383619 0.997507334 24.985155106 0.020045357 0.999467015 -0.025762171 -1.747236252 -0.997603893 0.021701267 0.065692298 88.702423096
0.065185212 0.025873087 0.997537851 25.795551300 0.017574390 0.999478936 -0.027071863 -1.776650906 -0.997718394 0.019295804 0.064696565 88.759216309
0.062041204 0.025830071 0.997739315 26.609081268 0.014249430 0.999540269 -0.026762752 -1.804401636 -0.997971833 0.015877608 0.061644625 88.822608948
0.057908565 0.024425061 0.998023093 27.421741486 0.011982745 0.999611616 -0.025159217 -1.837613106 -0.998250008 0.013415992 0.057593398 88.880897522
0.052841596 0.021708157 0.998366952 28.239643097 0.009937727 0.999702811 -0.022263188 -1.871304989 -0.998553395 0.011097924 0.052610155 88.933036804
0.047377966 0.019742204 0.998682022 29.053310394 0.007520149 0.999769270 -0.020120462 -1.900409937 -0.998848736 0.008463505 0.047218572 88.963768005
0.039557513 0.019971382 0.999017715 29.856040955 0.007361595 0.999767303 -0.020277863 -1.927329421 -0.999190211 0.008156505 0.039401289 88.999671936
0.031221207 0.020632291 0.999299467 30.662788391 0.006922503 0.999758422 -0.020858046 -1.958707571 -0.999488592 0.007568867 0.031070847 89.021423340
0.021048792 0.020968927 0.999558508 31.457418442 0.006708222 0.999754548 -0.021114301 -1.990840554 -0.999755979 0.007149693 0.020902963 89.034461975
0.010910052 0.020154998 0.999737322 32.257423401 0.008404152 0.999759614 -0.020247161 -2.017030954 -0.999905169 0.008622839 0.010738045 89.047805786
0.000042693 0.019431124 0.999811172 33.052268982 0.007415460 0.999783635 -0.019430907 -2.042433739 -0.999972522 0.007414890 -0.000101408 89.050033569
-0.011155587 0.018117331 0.999773562 33.836376190 0.008609589 0.999800444 -0.018021755 -2.073772430 -0.999900699 0.008406597 -0.011309347 89.040550232
-0.022226078 0.019080244 0.999570966 34.617607117 0.008865148 0.999782324 -0.018887164 -2.092846870 -0.999713778 0.008441556 -0.022390390 89.023056030
-0.033673905 0.019817164 0.999236345 35.396228790 0.008795133 0.999770582 -0.019531367 -2.116973162 -0.999394119 0.008130719 -0.033840466 88.998733521
-0.043738339 0.020569449 0.998831213 36.165523529 0.008483887 0.999759555 -0.020217065 -2.147466421 -0.999006987 0.007589710 -0.043902349 88.954071045
-0.054339692 0.021646595 0.998287857 36.932415009 0.009130148 0.999733865 -0.021180974 -2.170610189 -0.998480797 0.007963548 -0.054522883 88.914009094
-0.063594088 0.022125851 0.997730494 37.686645508 0.010189174 0.999716401 -0.021520447 -2.203014374 -0.997923851 0.008797478 -0.063801497 88.854957581
-0.073221326 0.022630032 0.997058868 38.446319580 0.010921739 0.999700785 -0.021887928 -2.231241465 -0.997255921 0.009286954 -0.073446572 88.803253174
-0.082421370 0.023042157 0.996331096 39.184886932 0.011491961 0.999688208 -0.022169122 -2.258481979 -0.996531427 0.009622588 -0.082660474 88.739952087
-0.091148376 0.022481931 0.995583534 39.915840149 0.012899337 0.999687910 -0.021393646 -2.283066034 -0.995753765 0.010892372 -0.091409937 88.668205261
-0.098201118 0.021398561 0.994936466 40.651718140 0.014675056 0.999691129 -0.020052388 -2.310933590 -0.995058358 0.012631578 -0.098484822 88.587440491
-0.103607252 0.019768110 0.994421780 41.375507355 0.017410779 0.999685287 -0.018058743 -2.336619616 -0.994465888 0.015442641 -0.103918828 88.514183044
-0.107326649 0.018315095 0.994055092 42.085090637 0.020664373 0.999655366 -0.016187180 -2.357528210 -0.994009018 0.018804209 -0.107668139 88.430084229
-0.109944530 0.017424367 0.993784964 42.796306610 0.022322018 0.999637485 -0.015057450 -2.376749992 -0.993687093 0.020527806 -0.110293642 88.346946716
-0.111740887 0.016433399 0.993601441 43.479595184 0.022332627 0.999652267 -0.014021937 -2.399439096 -0.993486464 0.020622905 -0.112069041 88.271873474
-0.112418726 0.016831484 0.993518233 44.150142670 0.023263112 0.999626994 -0.014302698 -2.420481682 -0.993388653 0.021504438 -0.112768330 88.193260193
-0.111511737 0.017819399 0.993603289 44.800437927 0.023855731 0.999599040 -0.015249608 -2.439834118 -0.993476808 0.022002624 -0.111892104 88.123062134
-0.108420700 0.019284692 0.993917882 45.421485901 0.024921320 0.999550283 -0.016675454 -2.463455915 -0.993792772 0.022961784 -0.108852528 88.055664062
-0.103250660 0.019933371 0.994455516 46.053211212 0.025310345 0.999527991 -0.017407171 -2.483227015 -0.994333267 0.023372712 -0.103706442 87.991653442
-0.095292524 0.020853652 0.995230794 46.650505066 0.024896983 0.999517620 -0.018559616 -2.500909090 -0.995137870 0.023009654 -0.095765755 87.939720154
-0.084049352 0.020712767 0.996246278 47.231468201 0.023507904 0.999546826 -0.018798124 -2.525205374 -0.996184289 0.021839693 -0.084498189 87.900642395
-0.070571721 0.020735348 0.997291088 47.778694153 0.023047345 0.999550879 -0.019151423 -2.548688412 -0.997240365 0.021633370 -0.071017921 87.874366760
-0.053675715 0.021573259 0.998325408 48.317916870 0.021434315 0.999561071 -0.020447532 -2.581009150 -0.998328269 0.020300884 -0.054114588 87.860633850
-0.032324884 0.024320861 0.999181569 48.857479095 0.019704912 0.999525249 -0.023691745 -2.599716902 -0.999283195 0.018922949 -0.032788772 87.859176636
-0.007695286 0.027547631 0.999590874 49.381893158 0.017584469 0.999469697 -0.027408917 -2.621117115 -0.999815822 0.017366355 -0.008175615 87.875717163
0.020453218 0.029215548 0.999363840 49.895313263 0.015822530 0.999438405 -0.029541556 -2.641616583 -0.999665678 0.016416686 0.019979473 87.911720276
0.053703330 0.028590534 0.998147547 50.404594421 0.013059542 0.999484539 -0.029331470 -2.665394783 -0.998471618 0.014610549 0.053302269 87.956802368
0.092979088 0.025704436 0.995336175 50.871391296 0.012156297 0.999562979 -0.026949167 -2.691523552 -0.995593965 0.014605314 0.092625976 87.993446350
0.134648204 0.022312395 0.990642190 51.408306122 0.010468870 0.999658585 -0.023938408 -2.707790852 -0.990838170 0.013594169 0.134368658 88.098968506
0.180764794 0.018096395 0.983359814 51.898166656 0.007943088 0.999771178 -0.019858543 -2.727005243 -0.983494282 0.011400638 0.180579722 88.205230713
0.228977650 0.014870447 0.973318100 52.382957458 0.003659253 0.999863088 -0.016136860 -2.742388725 -0.973424852 0.007256599 0.228891939 88.350578308
0.280629218 0.013617875 0.959719598 52.853900909 0.000039535 0.999899149 -0.014199563 -2.755126953 -0.959816277 0.004022754 0.280600429 88.521118164
0.335361660 0.012879115 0.942001343 53.295421600 -0.001515934 0.999912560 -0.013131197 -2.778276920 -0.942088306 0.002975686 0.335351884 88.715194702
0.390688300 0.014205174 0.920413375 53.719635010 0.000697457 0.999876022 -0.015727608 -2.783948183 -0.920522809 0.006786542 0.390630007 88.952461243
0.451379180 0.016651765 0.892176926 54.137237549 0.001926034 0.999805331 -0.019635001 -2.807200909 -0.892330229 0.010581194 0.451259315 89.188507080
0.511715412 0.020198060 0.858917594 54.535804749 0.002854126 0.999678135 -0.025208544 -2.821547031 -0.859150290 0.015351059 0.511493146 89.452270508
0.570670366 0.025251597 0.820790887 54.891586304 -0.000549834 0.999538720 -0.030368477 -2.819004536 -0.821179032 0.016879093 0.570420980 89.733551025
0.623622239 0.027919373 0.781226933 55.210491180 -0.004617660 0.999476135 -0.032033030 -2.838915348 -0.781712055 0.016369076 0.623424590 90.082466125
0.677042067 0.028221393 0.735402882 55.536128998 -0.005973800 0.999442220 -0.032854289 -2.860022783 -0.735920072 0.017850589 0.676833093 90.423843384
0.726012111 0.025962358 0.687191427 55.827465057 -0.005923740 0.999486148 -0.031502575 -2.878798485 -0.687656283 0.018800516 0.725792885 90.779251099
0.769849420 0.024180327 0.637767076 56.066535950 -0.009033874 0.999594748 -0.026993863 -2.883804083 -0.638161480 0.015019706 0.769756079 91.168258667
0.811942518 0.019872148 0.583398998 56.334068298 -0.009729914 0.999742210 -0.020512365 -2.887892723 -0.583656311 0.010978439 0.811926544 91.582122803
0.848750293 0.017800881 0.528494179 56.555057526 -0.012131619 0.999825537 -0.014193276 -2.895495892 -0.528654754 0.005635055 0.848818243 92.005180359
0.879654825 0.014599113 0.475388497 56.735382080 -0.012865540 0.999893367 -0.006900298 -2.902548790 -0.475438565 -0.000046250 0.879749000 92.436782837
0.905429065 0.015508421 0.424214184 56.898406982 -0.016616669 0.999861300 -0.001086842 -2.915152073 -0.424172312 -0.006064970 0.905561209 92.867279053
0.925158143 0.017029144 0.379199684 57.007667542 -0.019719832 0.999800324 0.003212592 -2.935949326 -0.379069299 -0.010449912 0.925309360 93.267822266
0.940198898 0.023097279 0.339841843 57.129951477 -0.026567429 0.999631524 0.005561126 -2.937116146 -0.339588195 -0.014257291 0.940466106 93.721244812
0.952094197 0.027386798 0.304576039 57.241790771 -0.030285969 0.999529719 0.004797427 -2.938116074 -0.304301471 -0.013791982 0.952475965 94.182579041
0.961254418 0.029683460 0.274060071 57.345497131 -0.032264136 0.999467254 0.004912778 -2.936159372 -0.273768246 -0.013564741 0.961700022 94.647064209
0.967312932 0.024405902 0.252408355 57.454086304 -0.026554687 0.999634266 0.005109649 -2.939385653 -0.252191335 -0.011645255 0.967607379 95.114051819
0.971356332 0.021721233 0.236632705 57.565765381 -0.023857316 0.999696314 0.006167019 -2.951644182 -0.236426964 -0.011635795 0.971579611 95.593246460
0.974140048 0.025915915 0.224453717 57.650535583 -0.027957477 0.999591470 0.005921782 -2.954378843 -0.224208623 -0.012043804 0.974466801 96.101043701
0.976173878 0.031522382 0.214688152 57.744094849 -0.033779871 0.999405742 0.006853517 -2.955549717 -0.214344591 -0.013942360 0.976658642 96.604263306
0.977353275 0.037634477 0.208240494 57.846393585 -0.039486025 0.999208808 0.004740139 -2.940568924 -0.207897350 -0.012855378 0.978066087 97.090209961
0.977728486 0.043464694 0.205323800 57.940979004 -0.044681545 0.999000430 0.001291460 -2.944346428 -0.205062404 -0.010436883 0.978693187 97.609725952
0.977815390 0.045159452 0.204542324 58.047828674 -0.045815345 0.998948693 -0.001530390 -2.948508739 -0.204396412 -0.007874738 0.978856504 98.148300171
0.977250159 0.044147983 0.207444400 58.158317566 -0.044109076 0.999015033 -0.004815286 -2.960972071 -0.207452655 -0.004444441 0.978234887 98.682579041
0.976525784 0.042469010 0.211172625 58.281108856 -0.040913593 0.999093711 -0.011731393 -2.958921671 -0.211479485 0.002816173 0.977378368 99.241027832
0.975721657 0.042317953 0.214887261 58.414348602 -0.039733618 0.999076724 -0.016333833 -2.963647842 -0.215380073 0.007399026 0.976502299 99.791084290
0.974540889 0.046727654 0.219286412 58.536701202 -0.044184636 0.998887300 -0.016489452 -2.965524673 -0.219812930 0.006380554 0.975521147 100.372375488
0.973033905 0.050210685 0.225131229 58.662788391 -0.048693374 0.998738170 -0.012290675 -2.979897976 -0.225464270 0.000996844 0.974250913 100.966491699
0.972118616 0.046825808 0.229766786 58.810066223 -0.046295453 0.998898149 -0.007701452 -2.990498781 -0.229874209 -0.003150432 0.973215163 101.560684204
0.971355736 0.042851128 0.233734891 58.959365845 -0.043614838 0.999046564 -0.001902760 -3.002702236 -0.233593613 -0.008346057 0.972298563 102.182228088
0.970610142 0.040319748 0.237255499 59.117671967 -0.042271331 0.999101222 0.003142104 -3.015651464 -0.236915588 -0.013078867 0.971442223 102.803268433
0.970008194 0.035577293 0.240454435 59.274642944 -0.037585601 0.999286294 0.003769683 -3.020637035 -0.240148708 -0.012694250 0.970653176 103.441352844
0.970059037 0.032055408 0.240744308 59.436691284 -0.033124965 0.999451101 0.000396059 -3.023591042 -0.240599498 -0.008358847 0.970588565 104.083755493
0.970191479 0.031573784 0.240273923 59.600006104 -0.030942636 0.999500751 -0.006399936 -3.032369375 -0.240356043 -0.001225546 0.970684052 104.729736328
0.970419466 0.033679578 0.239064083 59.763107300 -0.031497695 0.999419987 -0.012942403 -3.042616129 -0.239361316 0.005029592 0.970917523 105.369895935
0.971032262 0.036354147 0.236167133 59.921730042 -0.033331674 0.999303520 -0.016779242 -3.048955202 -0.236612648 0.008421336 0.971567631 106.046981812
0.971578002 0.035125684 0.234099165 60.079139709 -0.033085417 0.999372602 -0.012638193 -3.055970192 -0.234396189 0.004533722 0.972130597 106.740921021
0.971968353 0.031037530 0.233054191 60.245521545 -0.030715929 0.999515533 -0.005009934 -3.068649530 -0.233096778 -0.002288980 0.972450852 107.454139709
0.972574413 0.031497862 0.230449274 60.417881012 -0.032616995 0.999467313 0.001047384 -3.082356691 -0.230293527 -0.008535220 0.973083794 108.179809570
0.972852707 0.034852047 0.228786126 60.577522278 -0.035836622 0.999357641 0.000148986 -3.089077950 -0.228634000 -0.008343863 0.973476768 108.905868530
0.973172843 0.040497806 0.226483077 60.733787537 -0.040546328 0.999167800 -0.004439739 -3.096832037 -0.226474375 -0.004862424 0.974005044 109.636642456
0.974012196 0.041289397 0.222700924 60.899826050 -0.040167589 0.999147177 -0.009566507 -3.105659008 -0.222906068 0.000372533 0.974839747 110.380561829
0.974970818 0.039903350 0.218722865 61.067268372 -0.038073748 0.999195874 -0.012575158 -3.114053726 -0.219048783 0.003932813 0.975705981 111.136001587
0.975913703 0.037919555 0.214836299 61.236747742 -0.036360126 0.999275982 -0.011207401 -3.123460054 -0.215105742 0.003125981 0.976585746 111.905357361
0.976749718 0.034240529 0.211630866 61.404235840 -0.033132780 0.999412298 -0.008779254 -3.140458107 -0.211807102 0.001563212 0.977310240 112.687965393
0.977207243 0.032917861 0.209720165 61.573486328 -0.032379784 0.999457657 -0.005999652 -3.151953697 -0.209803909 -0.000927790 0.977743030 113.482818604
0.977528930 0.030075567 0.208644718 61.742507935 -0.029921390 0.999544680 -0.003895830 -3.160201788 -0.208666861 -0.002434653 0.977983713 114.282775879
0.977720797 0.024685072 0.208453193 61.911293030 -0.024704460 0.999691606 -0.002510866 -3.172370911 -0.208450928 -0.002694799 0.978029132 115.074562073
0.977815449 0.025580633 0.207900420 62.077117920 -0.025928240 0.999663234 -0.001053326 -3.180444002 -0.207857370 -0.004360534 0.978149474 115.877426147
0.977624178 0.031090934 0.208048686 62.244564056 -0.031171212 0.999509752 -0.002893380 -3.192553043 -0.208036721 -0.003656493 0.978114247 116.701072693
0.977332294 0.036608540 0.208522141 62.410438538 -0.036113858 0.999328554 -0.006180254 -3.201228142 -0.208608374 -0.001490379 0.977998018 117.511497498
0.976770759 0.045220759 0.209461257 62.573596954 -0.044582412 0.998975456 -0.007770583 -3.208676338 -0.209598079 -0.001748211 0.977786005 118.346557617
0.975891531 0.050823696 0.212256193 62.740062714 -0.050393604 0.998701811 -0.007439190 -3.216756582 -0.212358728 -0.003436515 0.977185667 119.173110962
0.975044429 0.053583700 0.215446442 62.906734467 -0.053759884 0.998541176 -0.005046491 -3.241785288 -0.215402558 -0.006661826 0.976502597 120.014266968
0.974487782 0.054252420 0.217784718 63.095100403 -0.054258659 0.998509169 -0.005956082 -3.257790804 -0.217783198 -0.006012576 0.975978613 120.838272095
0.974119902 0.052658159 0.219812214 63.277015686 -0.051928088 0.998609424 -0.009102089 -3.264964581 -0.219985887 -0.002547901 0.975499690 121.669097900
0.974085689 0.046653155 0.221315607 63.468948364 -0.046113465 0.998907328 -0.007607758 -3.281913280 -0.221428707 -0.002795022 0.975172460 122.517997742
0.974402726 0.040150788 0.221195161 63.674346924 -0.039111391 0.999193609 -0.009078741 -3.303980589 -0.221381366 0.000195101 0.975187182 123.336303711
0.974181175 0.038928360 0.222386241 63.858043671 -0.037888587 0.999242008 -0.008941724 -3.322267532 -0.222565815 0.000284961 0.974917650 124.162811279
0.973617017 0.041630764 0.224358559 64.045356750 -0.041264631 0.999128342 -0.006322613 -3.334436655 -0.224426210 -0.003102267 0.974486113 125.009384155
0.973161995 0.043689854 0.225936100 64.227432251 -0.044755138 0.998997986 -0.000407590 -3.349001169 -0.225727528 -0.009715147 0.974142075 125.853363037
0.972758710 0.048015352 0.226793408 64.411979675 -0.050150525 0.998735011 0.003658566 -3.364839077 -0.226330847 -0.014932709 0.973936021 126.695137024
0.972589314 0.046607215 0.227810830 64.598884583 -0.047239304 0.998879910 -0.002680155 -3.380023003 -0.227680609 -0.008154939 0.973701715 127.501510620
0.972862244 0.042518772 0.227445096 64.793273926 -0.039668906 0.999066710 -0.017088581 -3.397625923 -0.227959439 0.007602334 0.973640978 128.312866211
