1.000000000 0.000000000 0.000000000 0.000000000 0.000000000 1.000000000 0.000000000 0.000000000 0.000000000 0.000000000 1.000000000 0.000000000
0.999042869 -0.000600340 0.043737993 0.047115430 0.000696753 0.999997318 -0.002189119 -0.022299061 -0.043736555 0.002217498 0.999040663 1.025593519
0.996021926 -0.004669311 0.088986203 0.138634309 0.005335924 0.999959409 -0.007254784 -0.039824005 -0.088948704 0.007700748 0.996006429 2.047405005
0.990858495 -0.004138729 0.134841606 0.269648850 0.005725362 0.999918878 -0.011380988 -0.061413333 -0.134783581 0.012048964 0.990801811 3.055917263
0.983483672 -0.001117126 0.180992946 0.448790461 0.003595249 0.999904096 -0.013364339 -0.095618017 -0.180960640 0.013794324 0.983393550 4.084647179
0.973971665 -0.003787671 0.226638183 0.686494648 0.006993981 0.999886453 -0.013345934 -0.127064183 -0.226561904 0.014583664 0.973887563 5.086516857
0.962260842 -0.004135457 0.272097409 0.958440244 0.008396958 0.999859631 -0.014499164 -0.159398302 -0.271999240 0.016236771 0.962160468 6.090146542
0.948689938 -0.006760738 0.316135496 1.284294486 0.012828706 0.999771178 -0.017116951 -0.192553073 -0.315947443 0.020294288 0.948559642 7.067724228
0.933545470 -0.008640471 0.358354717 1.658901215 0.016531289 0.999683559 -0.018961586 -0.224099711 -0.358077466 0.023625568 0.933392942 8.018069267
0.916222751 -0.008268330 0.400583982 2.065953732 0.017624058 0.999651074 -0.019676566 -0.258840412 -0.400281489 0.025088033 0.916048765 8.946836472
0.896782696 -0.009291600 0.442373604 2.517619848 0.019341497 0.999646962 -0.018212654 -0.296922863 -0.442048311 0.024888961 0.896645904 9.837907791
0.875058472 -0.009257529 0.483928710 3.010348082 0.020140598 0.999647558 -0.017295796 -0.332412928 -0.483598024 0.024881450 0.874936521 10.719290733
0.851077318 -0.009307207 0.524957776 3.544151783 0.020852830 0.999653161 -0.016083948 -0.364480317 -0.524626017 0.024635542 0.850976348 11.590512276
0.825672746 -0.010003396 0.564060688 4.123091221 0.023032485 0.999606967 -0.015987344 -0.403767586 -0.563678980 0.026192037 0.825578570 12.423996925
0.798436344 -0.011793747 0.601963699 4.735344887 0.026312724 0.999536395 -0.015317794 -0.440708786 -0.601503909 0.028069586 0.798376560 13.218459129
0.769602954 -0.010592140 0.638434887 5.383450031 0.026880512 0.999513388 -0.015820462 -0.473884344 -0.637956738 0.029336933 0.769513190 14.013294220
0.738996565 -0.013663085 0.673570633 6.061935425 0.031575184 0.999397993 -0.014369827 -0.506514013 -0.672968924 0.031887371 0.738983154 14.749822617
0.707108855 -0.012966406 0.706985831 6.788406849 0.032029070 0.999392986 -0.013705383 -0.535478473 -0.706378818 0.032335296 0.707095087 15.470467567
0.672859669 -0.011478959 0.739681065 7.539613247 0.032737941 0.999362111 -0.014271563 -0.570632577 -0.739045322 0.033818394 0.672806263 16.156543732
0.637315691 -0.012979344 0.770493567 8.317304611 0.037682854 0.999186933 -0.014337669 -0.597088993 -0.769680917 0.038172022 0.637286603 16.793977737
0.600582659 -0.010892761 0.799488425 9.149977684 0.037528399 0.999189198 -0.014578045 -0.621387899 -0.798681438 0.038758840 0.600504637 17.423393250
0.562752366 -0.009821706 0.826567173 9.975655556 0.040572993 0.999052405 -0.015752075 -0.651742458 -0.825629234 0.042400826 0.562617660 17.982358932
0.523733497 -0.008093477 0.851843715 10.832608223 0.045061395 0.998818099 -0.018214898 -0.679056823 -0.850689530 0.047925014 0.523479223 18.511083603
0.484960347 -0.006865262 0.874509215 11.700965881 0.046633899 0.998749554 -0.018020293 -0.699148238 -0.873291910 0.049520899 0.484674126 18.992788315
0.446357220 -0.009012960 0.894809425 12.597427368 0.051758997 0.998535216 -0.015761169 -0.732772052 -0.893356740 0.053349562 0.446169823 19.422315598
0.409589827 -0.009550275 0.912219763 13.520690918 0.055537328 0.998351693 -0.014484447 -0.758018792 -0.910577714 0.056594938 0.409445107 19.823009491
0.374472499 -0.007194726 0.927210033 14.456232071 0.057340052 0.998235762 -0.015412078 -0.783729494 -0.925463378 0.058937669 0.374224335 20.192197800
0.341130942 -0.008053324 0.939981282 15.410562515 0.057870071 0.998246491 -0.012449263 -0.807100832 -0.938232780 0.058643620 0.340998828 20.539432526
0.307698697 -0.009498190 0.951436341 16.408149719 0.060068749 0.998149395 -0.009461972 -0.828016579 -0.949585736 0.060063023 0.307699889 20.858415604
0.275192469 -0.009315900 0.961344004 17.396837234 0.061021540 0.998106003 -0.007795767 -0.844643533 -0.959450603 0.060808029 0.275239736 21.133918762
0.242921263 -0.006547555 0.970023930 18.387886047 0.058216423 0.998273194 -0.007840794 -0.867225885 -0.968297541 0.058376011 0.242882952 21.387157440
0.212023064 -0.004979863 0.977251887 19.422760010 0.058180194 0.998277664 -0.007535678 -0.881494403 -0.975531280 0.058454439 0.211947635 21.613317490
0.181529939 -0.004567712 0.983374834 20.453548431 0.060175747 0.998166740 -0.006471955 -0.897904813 -0.981542528 0.060350154 0.181472003 21.804883957
0.150890350 -0.004972423 0.988538027 21.511602402 0.061810698 0.998078108 -0.004414368 -0.914638817 -0.986616194 0.061768319 0.150907680 21.966953278
0.120487683 -0.005555016 0.992699206 22.596702576 0.060367666 0.998174667 -0.001741398 -0.924878001 -0.990877628 0.060136765 0.120603099 22.098012924
0.091301337 -0.005818714 0.995806336 23.687303543 0.060784597 0.998150885 0.000259327 -0.935885906 -0.993966460 0.060506009 0.091486216 22.189735413
0.064651988 -0.005400321 0.997893274 24.807144165 0.063870199 0.997957349 0.001262616 -0.935796142 -0.995861709 0.063653991 0.064864859 22.246772766
0.039902523 -0.004837378 0.999191880 25.924863815 0.068142533 0.997673512 0.002108768 -0.940211117 -0.996877313 0.068003312 0.040139314 22.272006989
0.017122600 -0.004406430 0.999843836 27.109819412 0.072207652 0.997384608 0.003159017 -0.940305710 -0.997242630 0.072142273 0.017395997 22.290418625
-0.002919218 -0.004384821 0.999986112 28.262781143 0.077846535 0.996954739 0.004598783 -0.938221991 -0.996960998 0.077858873 -0.002568986 22.279792786
-0.019807372 -0.005207465 0.999790251 29.460233688 0.082602412 0.996559203 0.006827115 -0.939048171 -0.996385753 0.082720309 -0.019309070 22.229707718
-0.035516374 -0.004700064 0.999358058 30.670486450 0.085498422 0.996308506 0.007724266 -0.934207559 -0.995705068 0.085717864 -0.034983408 22.179258347
-0.049662713 -0.005756228 0.998749375 31.876228333 0.087526202 0.996111095 0.010093254 -0.934529126 -0.994923532 0.087918006 -0.048965752 22.119632721
-0.062138669 -0.006522845 0.998046219 33.086624146 0.088118017 0.996037722 0.011995974 -0.926402569 -0.994170010 0.088691257 -0.061317675 22.017246246
-0.074284062 -0.006476708 0.997216105 34.292114258 0.087567769 0.996073842 0.012992338 -0.923600018 -0.993385017 0.088289127 -0.073425263 21.936059952
-0.085526653 -0.003819473 0.996328533 35.515312195 0.087245189 0.996122599 0.011307969 -0.918997943 -0.992508590 0.087892003 -0.084861800 21.838790894
-0.095988095 -0.000370698 0.995382428 36.742748260 0.087711677 0.996106625 0.008829301 -0.911284208 -0.991510451 0.088154182 -0.095581874 21.726289749
-0.105058916 0.002292530 0.994463325 38.003097534 0.089109585 0.995996416 0.007117813 -0.902758777 -0.990465522 0.089364000 -0.104842588 21.593193054
-0.112755202 0.002964949 0.993618369 39.292549133 0.088768370 0.996026993 0.007101244 -0.900719285 -0.989649653 0.089002602 -0.112570420 21.457124710
-0.118045837 0.003915880 0.993000448 40.606056213 0.088608757 0.996044457 0.006605740 -0.891551852 -0.989046872 0.088768303 -0.117925905 21.293165207
-0.123016536 0.005163793 0.992391169 41.927516937 0.089663409 0.995954454 0.005932318 -0.890933752 -0.988345802 0.089710951 -0.122981869 21.131134033
-0.128004313 0.007095063 0.991748214 43.274539948 0.088639490 0.996054411 0.004314773 -0.881345212 -0.987804592 0.088460363 -0.128128156 20.974067688
-0.132510021 0.007795323 0.991151035 44.642951965 0.089330450 0.995993495 0.004109454 -0.877647400 -0.987147987 0.089084499 -0.132675499 20.805164337
-0.136338755 0.006943487 0.990637958 46.067039490 0.088603936 0.996053219 0.005212871 -0.867698789 -0.986692011 0.088485129 -0.136415914 20.633369446
-0.138560280 0.004877466 0.990342081 47.494705200 0.089394353 0.995967209 0.007602132 -0.865025640 -0.986311197 0.089584336 -0.138437539 20.425523758
-0.140295714 0.003840243 0.990102112 48.926185608 0.089547075 0.995943487 0.008825759 -0.861110270 -0.986051857 0.089898966 -0.140070483 20.199708939
-0.142757118 0.004200453 0.989748836 50.358409882 0.092005439 0.995717466 0.009044687 -0.858391941 -0.985472083 0.092353471 -0.142532229 20.009981155
-0.144590199 0.004188575 0.989482760 51.821254730 0.091341913 0.995777726 0.009132301 -0.840902269 -0.985266626 0.091701686 -0.144362286 19.799053192
-0.144982502 0.005618432 0.989418209 53.291099548 0.093335189 0.995602489 0.008023143 -0.830629945 -0.985022128 0.093510754 -0.144869328 19.584274292
-0.145292252 0.005445180 0.989373803 54.802856445 0.093543813 0.995580912 0.008257822 -0.826177716 -0.984956622 0.093749583 -0.145159572 19.355783463
-0.144770890 0.007717761 0.989435017 56.316822052 0.093166396 0.995633185 0.005865696 -0.808167160 -0.985069156 0.093031280 -0.144857794 19.132875443
-0.143687025 0.007794437 0.989592433 57.847934723 0.093622774 0.995590985 0.005752170 -0.798941433 -0.985184669 0.093474895 -0.143783271 18.915328979
-0.142267242 0.005739564 0.989811659 59.423755646 0.092856362 0.995650709 0.007572975 -0.806775451 -0.985463202 0.092987716 -0.142181426 18.695306778
-0.140913337 0.006742008 0.989999056 61.005405426 0.093929797 0.995557010 0.006589815 -0.797817290 -0.985556006 0.093919002 -0.140920565 18.468622208
-0.140073463 0.007120911 0.990115643 62.626762390 0.092864349 0.995660841 0.005976899 -0.789468169 -0.985776663 0.092783637 -0.140126958 18.248792648
-0.139141053 0.007722269 0.990242481 64.236877441 0.093737155 0.995582223 0.005407297 -0.783487558 -0.985826015 0.093574889 -0.139250249 18.020370483
-0.137748823 0.007867232 0.990435958 65.869537354 0.093351983 0.995620251 0.005074887 -0.773019433 -0.986058056 0.093158223 -0.137879923 17.786153793
-0.136902347 0.006267737 0.990564644 67.504768372 0.095152386 0.995439053 0.006852086 -0.767194629 -0.986003935 0.095192671 -0.136874303 17.553121567
-0.135563254 0.004188407 0.990759790 69.160331726 0.096635945 0.995278835 0.009014948 -0.762976885 -0.986044645 0.096965097 -0.135327995 17.319877625
-0.135900915 0.005233953 0.990708530 70.924217224 0.097594343 0.995193064 0.008129902 -0.751533449 -0.985903800 0.097792432 -0.135758415 17.084831238
-0.135461897 0.006843561 0.990758896 72.612113953 0.099387534 0.995026052 0.006715761 -0.748590350 -0.985785067 0.099378809 -0.135468274 16.858209610
-0.134722129 0.006584045 0.990861535 74.335334778 0.098392718 0.995124578 0.006765557 -0.744266152 -0.985986233 0.098405026 -0.134713098 16.622180939
-0.133110821 0.007148914 0.991075397 76.044288635 0.099525377 0.995015800 0.006189861 -0.733082175 -0.986091375 0.099461071 -0.133158863 16.370449066
-0.132725850 0.006150058 0.991133690 77.763610840 0.099316463 0.995030403 0.007125543 -0.727277458 -0.986164331 0.099381641 -0.132677048 16.138957977
-0.132741943 0.006208943 0.991131186 79.492820740 0.100646839 0.994895816 0.007247080 -0.725133061 -0.986027300 0.100716211 -0.132689312 15.916579247
-0.132497326 0.006024575 0.991164982 81.266777039 0.101609796 0.994795799 0.007536385 -0.714476109 -0.985961437 0.101710632 -0.132419914 15.677690506
-0.132238641 0.007408931 0.991190135 83.025321960 0.102238998 0.994740427 0.006204646 -0.703942120 -0.985931098 0.102158800 -0.132300630 15.437869072
-0.132647291 0.008296262 0.991128564 84.835472107 0.101943865 0.994775951 0.005316822 -0.700332284 -0.985906780 0.101744726 -0.132800087 15.188038826
-0.133485660 0.008963539 0.991010129 86.634399414 0.101288535 0.994846225 0.004644981 -0.702748537 -0.985861123 0.100998014 -0.133705601 14.947443008
-0.135373220 0.009368007 0.990750372 88.436210632 0.100057349 0.994972527 0.004263611 -0.705193102 -0.985729516 0.099709027 -0.135629967 14.723019600
-0.136226729 0.008622902 0.990640104 90.250160217 0.099118739 0.995063126 0.004968797 -0.706565499 -0.985706747 0.098867878 -0.136408895 14.481935501
-0.137117535 0.008350393 0.990519583 92.078216553 0.099307820 0.995042443 0.005358648 -0.705655873 -0.985564172 0.099101119 -0.137266979 14.237609863
-0.137756050 0.007290344 0.990439475 93.940376282 0.096671484 0.995297551 0.006119526 -0.704446852 -0.985737264 0.096590243 -0.137813032 13.986731529
-0.139518440 0.008042111 0.990186751 95.766403198 0.096677862 0.995300293 0.005538378 -0.707909107 -0.985488713 0.096501864 -0.139640212 13.742276192
-0.141660586 0.009157448 0.989872932 97.640502930 0.096111231 0.995360136 0.004546249 -0.700084329 -0.985238492 0.095781907 -0.141883433 13.466535568
-0.145874545 0.009957620 0.989252925 99.520912170 0.096547961 0.995319366 0.004218210 -0.697468758 -0.984580696 0.096125685 -0.146153137 13.193965912
-0.150437400 0.009001572 0.988578558 101.405227661 0.094417915 0.995518625 0.005303329 -0.698509932 -0.984100521 0.094137356 -0.150613159 12.917897224
-0.155275598 0.008292640 0.987836361 103.297813416 0.093143135 0.995632887 0.006282853 -0.700511873 -0.983470261 0.092985742 -0.155369908 12.632643700
-0.159457833 0.008954463 0.987164080 105.206558228 0.091888450 0.995752335 0.005810489 -0.705141306 -0.982918978 0.091635510 -0.159603342 12.321918488
-0.163551316 0.010791064 0.986475825 107.101600647 0.092465535 0.995706022 0.004438153 -0.706058443 -0.982191980 0.091940865 -0.163846821 12.006871223
-0.168225527 0.012313703 0.985671759 109.047836304 0.092108801 0.995743573 0.003280769 -0.715102136 -0.981435716 0.091340944 -0.168643683 11.672791481
-0.173113599 0.012647151 0.984820604 111.006187439 0.091130696 0.995833695 0.003230542 -0.718931258 -0.980676770 0.090306647 -0.173544899 11.337158203
-0.177795872 0.012261138 0.983990967 112.959098816 0.089153767 0.996010959 0.003698143 -0.725065231 -0.980020523 0.088384010 -0.178179771 10.992496490
-0.182674006 0.011750932 0.983103275 114.932945251 0.087591439 0.996146858 0.004368843 -0.731842637 -0.979263961 0.086909503 -0.182999417 10.624781609
-0.188689172 0.011225678 0.981972635 116.874794006 0.086548492 0.996233821 0.005241861 -0.732060492 -0.978215575 0.085977361 -0.188950121 10.278259277
-0.193616614 0.011149663 0.981013894 118.851905823 0.086642280 0.996222734 0.005777533 -0.729826570 -0.977243900 0.086115927 -0.193851322 9.886045456
-0.199343443 0.012404959 0.979851186 120.808387756 0.087436855 0.996156633 0.005176988 -0.741954148 -0.976020992 0.086707085 -0.199661940 9.503927231
-0.205106035 0.013644023 0.978644669 122.768287659 0.087221995 0.996179283 0.004391649 -0.744914174 -0.974845588 0.086260080 -0.205512434 9.106936455
-0.210801557 0.013648717 0.977433562 124.742126465 0.087657183 0.996138155 0.004994984 -0.746634960 -0.973590732 0.086732022 -0.211183861 8.701443672
-0.216373116 0.013372455 0.976219118 126.727836609 0.086409912 0.996244431 0.005505472 -0.749975383 -0.972479224 0.085546233 -0.216716051 8.269848824
-0.221580982 0.014218953 0.975038290 128.714218140 0.085766487 0.996302903 0.004961688 -0.748939276 -0.971362948 0.084725030 -0.221981257 7.825801373
-0.226973116 0.014756239 0.973789215 130.710678101 0.084892459 0.996379018 0.004688384 -0.753671825 -0.970194042 0.083731495 -0.227403983 7.379264355
-0.231404871 0.013976649 0.972757101 132.697418213 0.085751191 0.996298134 0.006084082 -0.753709257 -0.969070971 0.084822960 -0.231746703 6.913153172
-0.235041067 0.013959301 0.971885204 134.695755005 0.088045940 0.996091902 0.006986069 -0.749163926 -0.967989445 0.087212540 -0.235351533 6.424414635
-0.238801211 0.014681994 0.970957458 136.722305298 0.089467660 0.995965540 0.006943892 -0.752953887 -0.966938198 0.088527501 -0.239151329 5.929554939
-0.241750360 0.015553387 0.970213830 138.728393555 0.090129033 0.995908916 0.006492352 -0.752102137 -0.966143608 0.089013964 -0.242163122 5.426107883
-0.245279372 0.015744304 0.969324648 140.766815186 0.089449562 0.995970368 0.006457355 -0.750679493 -0.965316951 0.088289529 -0.245699316 4.921544552
-0.249053627 0.016120235 0.968355536 142.788970947 0.088364229 0.996069252 0.006145022 -0.755564332 -0.964450061 0.087098427 -0.249499127 4.400811195
-0.253608435 0.016973671 0.967158020 144.814331055 0.087621234 0.996138632 0.005493779 -0.761023223 -0.963330328 0.086136848 -0.254116416 3.877795219
-0.258429170 0.015921753 0.965898991 146.838180542 0.085811846 0.996289909 0.006536509 -0.768108904 -0.962211370 0.084574819 -0.258836657 3.355016470
-0.262822896 0.016093623 0.964709878 148.869796753 0.086270474 0.996247888 0.006883530 -0.771515906 -0.960979462 0.085035123 -0.263225108 2.803127527
-0.267524749 0.016686328 0.963406503 150.920791626 0.085481808 0.996318579 0.006480755 -0.771487117 -0.959751725 0.084087513 -0.267966211 2.244494915
-0.272664964 0.016948711 0.961959660 152.978195190 0.085072763 0.996353090 0.006558958 -0.770538926 -0.958340466 0.083624944 -0.273112476 1.681293368
-0.277148902 0.016364880 0.960687518 155.016860962 0.085155308 0.996338665 0.007594293 -0.778305471 -0.957045913 0.083912395 -0.277527750 1.103991985
-0.281829447 0.016490562 0.959322751 157.075637817 0.085610203 0.996296406 0.008024406 -0.775481701 -0.955637515 0.084389329 -0.282197565 0.518018723
-0.286590844 0.017051039 0.957901239 159.165832520 0.086214371 0.996244013 0.008060590 -0.776627600 -0.954165995 0.084894933 -0.286984503 -0.080430761
-0.290285349 0.018494828 0.956761360 161.230545044 0.086619139 0.996216655 0.007023076 -0.772190690 -0.953011811 0.084912539 -0.290789217 -0.699462414
-0.294236869 0.019867204 0.955525994 163.295272827 0.086420044 0.996241331 0.005897727 -0.777629197 -0.951817334 0.084311932 -0.294847846 -1.323189020
-0.297782898 0.021484779 0.954391837 165.379135132 0.087530516 0.996149778 0.004885864 -0.778963745 -0.950612307 0.084993310 -0.298516959 -1.960070252
-0.301293164 0.021794161 0.953282356 167.464935303 0.086731523 0.996220946 0.004636423 -0.787205040 -0.949578881 0.084076576 -0.302044839 -2.609128714
-0.304832965 0.021793230 0.952156425 169.562835693 0.087043345 0.996191561 0.005065817 -0.794420838 -0.948419809 0.084423102 -0.305569112 -3.273139000
-0.308827221 0.022154568 0.950860083 171.649261475 0.086873993 0.996206760 0.005004446 -0.796847820 -0.947142363 0.084150523 -0.309580475 -3.937743902
-0.313077420 0.023295920 0.949441791 173.753555298 0.089155123 0.996005416 0.004960375 -0.799426079 -0.945533574 0.086200580 -0.313903719 -4.624623775
-0.316130280 0.023402993 0.948427081 175.844650269 0.091192685 0.995816231 0.005824055 -0.805531144 -0.944322705 0.088330783 -0.316941887 -5.325871944
-0.318442196 0.023114154 0.947660446 177.912979126 0.092329547 0.995705724 0.006739464 -0.809445083 -0.943435133 0.089643188 -0.319208831 -6.020207882
-0.321276337 0.022665516 0.946714103 179.997329712 0.091682158 0.995761752 0.007273428 -0.805720747 -0.942536950 0.089133583 -0.321992755 -6.723875523
-0.323880970 0.023282509 0.945811331 182.089004517 0.091080204 0.995821178 0.006675672 -0.809390664 -0.941703439 0.088306822 -0.324648052 -7.443835258
-0.326462299 0.025206052 0.944873989 184.190505981 0.090414099 0.995893300 0.004671794 -0.811646819 -0.940876007 0.086955123 -0.327400565 -8.169670105
-0.329637498 0.027424105 0.943709195 186.309082031 0.090145871 0.995925307 0.002546440 -0.814149559 -0.939794064 0.085910894 -0.330766499 -8.904012680
-0.332824647 0.028156471 0.942568302 188.429092407 0.089236587 0.996008933 0.001756947 -0.830437899 -0.938756943 0.084696352 -0.334008902 -9.648848534
-0.336771071 0.029461538 0.941125512 190.595764160 0.087648213 0.996151328 0.000179815 -0.835417390 -0.937498271 0.082548536 -0.338057250 -10.403828621
-0.339723200 0.029761642 0.940054476 192.723464966 0.088589191 0.996068120 0.000479956 -0.850566447 -0.936344028 0.083441734 -0.341024011 -11.186488152
-0.343948215 0.028577933 0.938553572 194.897949219 0.087727271 0.996142864 0.001817625 -0.863724649 -0.934881568 0.082961939 -0.345128596 -11.961841583
-0.347301662 0.028083440 0.937332749 197.057052612 0.087778382 0.996136427 0.002678504 -0.874979317 -0.933636189 0.083207808 -0.348425001 -12.761239052
-0.351219565 0.028105743 0.935871124 199.216354370 0.087705381 0.996142089 0.002998850 -0.881312907 -0.932176292 0.083134204 -0.352329552 -13.565900803
-0.354961306 0.028481977 0.934446990 201.379776001 0.086961612 0.996208012 0.002669000 -0.893843114 -0.930827677 0.082208417 -0.356092244 -14.373525620
-0.358822167 0.028893821 0.932958782 203.542419434 0.086233459 0.996272266 0.002311310 -0.911228180 -0.929414034 0.081281602 -0.359976143 -15.199295998
-0.362324476 0.029456070 0.931586385 205.721023560 0.085651070 0.996323466 0.001809497 -0.922072351 -0.928108215 0.080446988 -0.363515347 -16.031311035
-0.364897519 0.030161507 0.930558980 207.827224731 0.087247372 0.996184826 0.001923479 -0.945003808 -0.926950753 0.081890680 -0.366136968 -16.862062454
-0.367707759 0.029612286 0.929469943 209.977127075 0.087809414 0.996132910 0.003002174 -0.961390972 -0.925786436 0.082720116 -0.368886054 -17.706733704
-0.370373279 0.029420951 0.928416967 212.149139404 0.089512460 0.995976985 0.004147304 -0.973690271 -0.924560010 0.084640950 -0.371516764 -18.577394485
-0.372814596 0.030898409 0.927391291 214.325820923 0.091449715 0.995803177 0.003585383 -0.983440816 -0.923388481 0.086146362 -0.374075562 -19.455055237
-0.375648350 0.031544346 0.926225305 216.516357422 0.091247469 0.995823443 0.003092526 -0.999170542 -0.922259331 0.085677430 -0.376957774 -20.338111877
-0.378449291 0.031581111 0.925083101 218.698104858 0.090262629 0.995913625 0.002927055 -1.012600422 -0.921210408 0.084608167 -0.379753470 -21.220869064
-0.381354451 0.033030383 0.923838615 220.867233276 0.090267040 0.995916247 0.001654226 -1.031587601 -0.920011222 0.084023006 -0.382778645 -22.111946106
-0.384130269 0.034083903 0.922649562 223.048141479 0.090144329 0.995928466 0.000739214 -1.048232794 -0.918867648 0.083455577 -0.385638773 -23.016603470
-0.386588812 0.034319315 0.921613395 225.221282959 0.088230155 0.996100128 -0.000083199 -1.068105221 -0.918021977 0.081281923 -0.388109177 -23.919399261
-0.389896601 0.035148844 0.920187593 227.394012451 0.089078188 0.996024609 -0.000301942 -1.089883327 -0.916540086 0.081850909 -0.391477585 -24.826927185
-0.391852915 0.035004217 0.919361651 229.540573120 0.090710185 0.995876968 0.000745245 -1.113761306 -0.915545166 0.083687492 -0.393412530 -25.751365662
-0.394680202 0.033903353 0.918192744 231.710617065 0.091130421 0.995836079 0.002401664 -1.136899948 -0.914288104 0.084623173 -0.396126449 -26.676748276
-0.398242354 0.033461537 0.916669607 233.854660034 0.089794554 0.995956779 0.002654994 -1.150662303 -0.912874460 0.083369277 -0.399636835 -27.593479156
-0.401327819 0.033790056 0.915311158 235.987152100 0.088342093 0.996088266 0.001962465 -1.169103861 -0.911664248 0.081648104 -0.402743012 -28.522991180
-0.404814005 0.033407424 0.913788557 238.168701172 0.087134853 0.996194065 0.002181177 -1.184787631 -0.910237968 0.080505811 -0.406184345 -29.475875854
-0.408237636 0.033065315 0.912276685 240.322204590 0.086489126 0.996249437 0.002594418 -1.203042746 -0.908769310 0.079961158 -0.409566313 -30.427461624
-0.411809236 0.033094168 0.910669088 242.469299316 0.086072989 0.996285260 0.002717149 -1.228697538 -0.907195926 0.079502940 -0.413127959 -31.396520615
-0.415534228 0.032487914 0.908997178 244.621200562 0.085196041 0.996358633 0.003335826 -1.248008013 -0.905578792 0.078829110 -0.416788936 -32.369056702
-0.419736564 0.032161575 0.907075942 246.790039062 0.083895594 0.996468425 0.003490411 -1.262460589 -0.903760314 0.077564746 -0.420952529 -33.346221924
-0.423635930 0.032281861 0.905257106 248.907806396 0.083393507 0.996510506 0.003489919 -1.276991129 -0.901985645 0.076971032 -0.424849868 -34.322277069
-0.426800787 0.033509661 0.903724611 251.036010742 0.084546059 0.996415257 0.002981883 -1.299342752 -0.900384843 0.077679031 -0.428103894 -35.322212219
-0.430285603 0.033793733 0.902060032 253.117935181 0.084929794 0.996381998 0.003184487 -1.324040413 -0.898688614 0.077982016 -0.431598872 -36.303707123
-0.433952987 0.033982735 0.900294304 255.254241943 0.084781274 0.996394277 0.003255469 -1.336629510 -0.896937549 0.077740826 -0.435269326 -37.321945190
-0.437395453 0.034425769 0.898610115 257.373901367 0.083886169 0.996471822 0.002656444 -1.355079889 -0.895348191 0.076542877 -0.438740015 -38.342998505
-0.441067427 0.034364741 0.896815836 259.487060547 0.083878718 0.996471226 0.003069405 -1.380286336 -0.893545687 0.076577596 -0.442393422 -39.372604370
-0.444470972 0.035380382 0.895094216 261.630249023 0.084972166 0.996379375 0.002810177 -1.382567167 -0.891753972 0.077307135 -0.445868015 -40.431766510
-0.448060840 0.036418594 0.893261015 263.755584717 0.085977331 0.996293962 0.002507037 -1.394008160 -0.889859378 0.077923484 -0.449531406 -41.486412048
-0.451457441 0.038334247 0.891468823 265.882598877 0.088210382 0.996100187 0.001837961 -1.411100745 -0.887921810 0.079466566 -0.453078300 -42.561187744
-0.454477876 0.039003454 0.889903724 268.018798828 0.089541003 0.995980978 0.002076310 -1.429092407 -0.886246085 0.080626510 -0.456143677 -43.648742676
-0.457256794 0.041196596 0.888380170 270.140563965 0.091562048 0.995799065 0.000949874 -1.439768672 -0.884608746 0.081776239 -0.459107935 -44.746540070
-0.459827453 0.043751847 0.886929810 272.265350342 0.093566589 0.995612860 -0.000603679 -1.462942243 -0.883065104 0.082709409 -0.461903840 -45.834930420
-0.463090062 0.044179123 0.885209382 274.413726807 0.094028629 0.995569289 -0.000496677 -1.477982163 -0.881309271 0.083005011 -0.465192378 -46.931755066
-0.466307789 0.045398213 0.883456886 276.580261230 0.094471321 0.995526731 -0.001293129 -1.494384050 -0.879563570 0.082858369 -0.468510658 -48.055870056
-0.469887167 0.045146056 0.881571174 278.744323730 0.093307160 0.995636582 -0.001253711 -1.507763147 -0.877781212 0.081667788 -0.472049266 -49.196830750
-0.473347247 0.046587493 0.879643083 280.916015625 0.094313219 0.995540619 -0.001974493 -1.526058316 -0.875812411 0.082027353 -0.475630224 -50.346328735
-0.476238132 0.046650734 0.878077924 283.064453125 0.093594007 0.995608151 -0.002132864 -1.544939518 -0.874320984 0.081167072 -0.478512913 -51.511497498
-0.478924513 0.046605114 0.876618087 285.222381592 0.092114627 0.995745122 -0.002613273 -1.560611725 -0.873009861 0.079497792 -0.481179684 -52.680793762
-0.481319338 0.047483180 0.875258267 287.381469727 0.093844138 0.995584011 -0.002404432 -1.574237347 -0.871507287 0.080980562 -0.483649850 -53.863739014
-0.483331382 0.047379956 0.874154449 289.570526123 0.095832206 0.995397031 -0.000964543 -1.602376699 -0.870176435 0.083305955 -0.485647082 -55.064914703
-0.485546291 0.047609616 0.872913599 291.754699707 0.096842408 0.995299637 -0.000417402 -1.618533492 -0.868830442 0.084332384 -0.487874687 -56.268775940
-0.487131923 0.047257986 0.872048855 293.917205811 0.096636482 0.995319724 0.000043476 -1.630643487 -0.867965281 0.084292918 -0.489418834 -57.473865509
-0.489524841 0.046685863 0.870738626 296.126800537 0.096093915 0.995372057 0.000655237 -1.636034966 -0.866678536 0.083993442 -0.491745532 -58.698501587
-0.492363900 0.047192130 0.869109154 298.354522705 0.097597972 0.995225132 0.001250610 -1.640982032 -0.864900231 0.085439034 -0.494618803 -59.951156616
-0.494584650 0.046799961 0.867868543 300.553283691 0.097556621 0.995228112 0.001928141 -1.649419308 -0.863636911 0.085619934 -0.496790200 -61.193695068
-0.496022165 0.047977809 0.866983294 302.763519287 0.097596325 0.995225787 0.000762639 -1.663236022 -0.862807631 0.084992692 -0.498336464 -62.459373474
-0.498770773 0.049926247 0.865294814 304.958618164 0.096818134 0.995300710 -0.001619771 -1.676622152 -0.861309469 0.082968324 -0.501260698 -63.701957703
-0.502195895 0.049330372 0.863345742 307.185699463 0.095336191 0.995444119 -0.001422607 -1.695855737 -0.859482765 0.081593663 -0.504610837 -64.990440369
-0.506547749 0.047086984 0.860925198 309.384338379 0.092665225 0.995697320 0.000063858 -1.713111877 -0.857217908 0.079810172 -0.508731544 -66.257904053
-0.511410773 0.044501577 0.858183324 311.605041504 0.090255760 0.995916247 0.002141641 -1.728794813 -0.854583502 0.078551233 -0.513338864 -67.552612305
-0.515380442 0.043296102 0.855867147 313.808044434 0.089187779 0.996009290 0.003320965 -1.736395121 -0.852307796 0.078044452 -0.517185032 -68.872123718
-0.520040810 0.043293200 0.853043437 316.072692871 0.089798927 0.995951056 0.004198137 -1.745485544 -0.849407852 0.078785576 -0.521822870 -70.220100403
-0.524375975 0.044765104 0.850309312 318.354309082 0.092351243 0.995716095 0.004531810 -1.753648996 -0.846463859 0.080903493 -0.526263773 -71.604797363
-0.528200388 0.046148900 0.847864628 320.612060547 0.093351834 0.995625436 0.003964625 -1.751000643 -0.843972504 0.081243843 -0.530197799 -73.001747131
-0.532350600 0.046571497 0.845241964 322.865661621 0.094355442 0.995528042 0.004574967 -1.756229758 -0.841248930 0.082188688 -0.534364164 -74.404563904
-0.536310673 0.045274284 0.842805505 325.084472656 0.095047891 0.995448053 0.007008741 -1.770823836 -0.838651776 0.083865747 -0.538172603 -75.824020386
-0.540125549 0.043389626 0.840465307 327.313079834 0.092867590 0.995644033 0.008280573 -1.763697743 -0.836444855 0.082524531 -0.541802287 -77.260147095
-0.543777049 0.043372128 0.838108242 329.525268555 0.092422701 0.995684087 0.008438541 -1.768279314 -0.834125042 0.082048908 -0.545438707 -78.685043335
-0.548112035 0.043070216 0.835295200 331.736999512 0.092342615 0.995684266 0.009253941 -1.771616578 -0.831291676 0.082205549 -0.549723864 -80.121856689
-0.551297605 0.043106724 0.833194256 333.927246094 0.093536064 0.995561898 0.010382707 -1.774716735 -0.829048812 0.083657682 -0.552882910 -81.573143005
-0.556105435 0.042498402 0.830024421 336.168334961 0.093423240 0.995558679 0.011618361 -1.766749024 -0.825844288 0.084004611 -0.557605982 -83.037872314
-0.559599638 0.041402314 0.827728271 338.397094727 0.091981508 0.995683730 0.012382333 -1.762282372 -0.823642910 0.083064847 -0.560992539 -84.534049988
-0.563449442 0.040255643 0.825169325 340.623016357 0.091267817 0.995731533 0.013743829 -1.749438763 -0.821093738 0.083055340 -0.564718485 -86.026473999
-0.565480173 0.040073227 0.823787749 342.813354492 0.092297144 0.995619655 0.014924357 -1.739529729 -0.819581270 0.084472686 -0.566701770 -87.531661987
-0.568480074 0.039383035 0.821753800 345.026885986 0.090001784 0.995835543 0.014536216 -1.727899671 -0.817759097 0.082222849 -0.569657266 -89.057312012
-0.571253777 0.038733993 0.819858968 347.177276611 0.086537369 0.996160686 0.013233394 -1.716504455 -0.816198766 0.078508064 -0.572412491 -90.538246155
-0.574665427 0.038071588 0.817502439 349.352722168 0.083174609 0.996461987 0.012061961 -1.704888463 -0.814150870 0.074927032 -0.575798810 -92.030487061
-0.577475548 0.035180002 0.815649688 351.492980957 0.081041321 0.996606827 0.014391901 -1.703862548 -0.812375724 0.074412294 -0.578366995 -93.535430908
-0.581268549 0.034669746 0.812972844 353.675384521 0.081707284 0.996529162 0.015922375 -1.690664411 -0.809599161 0.075680986 -0.582083881 -95.063583374
-0.584537983 0.034805100 0.810619473 355.839904785 0.080677852 0.996621430 0.015385472 -1.671359181 -0.807345212 0.074392430 -0.585371137 -96.606262207
-0.587910354 0.033709235 0.808223426 358.031280518 0.078723803 0.996772945 0.015691305 -1.658501148 -0.805086315 0.072851501 -0.588666856 -98.169265747
-0.591359973 0.029841911 0.805855334 360.217590332 0.076312169 0.996901333 0.019083474 -1.648804545 -0.802788794 0.072781771 -0.591804862 -99.737213135
-0.594781518 0.027495421 0.803416967 362.410308838 0.073908940 0.997052312 0.020593666 -1.623983502 -0.800482452 0.071628429 -0.595060647 -101.326614380
-0.598049581 0.026635820 0.801016390 364.610656738 0.072440296 0.997153103 0.020927025 -1.593653679 -0.798178613 0.070541263 -0.598276556 -102.930290222
-0.601277471 0.026426096 0.798603177 366.775329590 0.071690828 0.997206271 0.020978902 -1.568408012 -0.795817673 0.069866672 -0.601492167 -104.519256592
-0.604431987 0.026103776 0.796228945 369.008300781 0.071704462 0.997189105 0.021740077 -1.545578122 -0.793423235 0.070233576 -0.604604661 -106.170257568
-0.607219160 0.025505133 0.794124961 371.153106689 0.071542069 0.997179806 0.022677174 -1.522359371 -0.791306913 0.070583344 -0.607331336 -107.786735535
-0.610337257 0.023986984 0.791778266 373.298583984 0.068361484 0.997407317 0.022479501 -1.498020768 -0.789186239 0.067847222 -0.610394716 -109.405136108
-0.613773823 0.020139491 0.789224923 375.445678711 0.058116648 0.998114884 0.019726882 -1.475470185 -0.787339926 0.057974949 -0.613787174 -111.022727966
-0.617644548 0.022708664 0.786129475 377.594299316 0.050610337 0.998658836 0.010915494 -1.465877414 -0.784827232 0.046528172 -0.617965460 -112.655563354
-0.620400548 0.033037450 0.783589005 379.722412109 0.060744811 0.998135149 0.006011142 -1.467129111 -0.781929195 0.051328275 -0.621250451 -114.319610596
-0.621450007 0.034027085 0.782714546 381.863189697 0.067978680 0.997630298 0.010602722 -1.473047376 -0.780499101 0.059796970 -0.622290552 -115.994407654
-0.623541653 0.025098482 0.781387150 383.988800049 0.067332834 0.997494698 0.021691203 -1.453153372 -0.778885245 0.066138387 -0.623669386 -117.680870056
-0.627307713 0.014163273 0.778642654 386.136932373 0.060936432 0.997661769 0.030945826 -1.414287567 -0.776383698 0.066860251 -0.626704097 -119.346702576
-0.630950868 0.007966478 0.775781870 388.240173340 0.054803625 0.997906983 0.034324840 -1.357713580 -0.773884714 0.064172961 -0.630066872 -121.006179810
-0.634291947 0.007352428 0.773058593 390.333648682 0.053214353 0.997998238 0.034170393 -1.296143770 -0.771259964 0.062811814 -0.633413494 -122.678298950
-0.636985064 0.012547127 0.770774007 392.416625977 0.058779031 0.997747362 0.032334372 -1.251419067 -0.768631935 0.065901868 -0.636287510 -124.374580383
-0.638872921 0.019124636 0.769074500 394.456024170 0.063516267 0.997589171 0.027956039 -1.202491522 -0.766685963 0.066709094 -0.638547301 -126.055221558
-0.641860127 0.021799194 0.766511738 396.537078857 0.064220846 0.997612298 0.025405541 -1.165529013 -0.764127851 0.065532833 -0.641727388 -127.771286011
-0.645111144 0.022174764 0.763766885 398.603118896 0.064646356 0.997578800 0.025640028 -1.130671382 -0.761349142 0.065915421 -0.644982636 -129.490264893
-0.648098528 0.021574760 0.761250794 400.632690430 0.065429188 0.997480154 0.027434021 -1.088145018 -0.758740604 0.067587979 -0.647876978 -131.195922852
-0.650473058 0.021096773 0.759236217 402.666625977 0.065985546 0.997404337 0.028818179 -1.039379597 -0.756657600 0.068844073 -0.650176704 -132.926757812
-0.652258694 0.021368595 0.757695138 404.730834961 0.066396780 0.997370899 0.029029436 -0.990828931 -0.755082726 0.069243215 -0.651962698 -134.670974731
-0.653332710 0.021326702 0.756770432 406.774688721 0.067025661 0.997307301 0.029759057 -0.947604477 -0.754098117 0.070165597 -0.653002918 -136.426071167
-0.654911697 0.022062724 0.755383193 408.825775146 0.067795299 0.997258544 0.029650750 -0.902096570 -0.752658248 0.070630044 -0.654612064 -138.187393188
-0.656001389 0.021115245 0.754464149 410.856262207 0.068423830 0.997156143 0.031586561 -0.848278522 -0.751651704 0.072344162 -0.655580699 -139.941955566
-0.656673133 0.020795280 0.753888428 412.887573242 0.070678242 0.996917248 0.034065161 -0.792791307 -0.750855982 0.075653180 -0.656118810 -141.703201294
-0.658269942 0.020586392 0.752500355 414.926177979 0.072744690 0.996687293 0.036368698 -0.736105800 -0.749258757 0.078680836 -0.657586932 -143.461853027
-0.659325898 0.020678462 0.751572788 416.945373535 0.070872270 0.996880054 0.034745779 -0.668553889 -0.748509347 0.076174475 -0.658734441 -145.225479126
-0.660745680 0.020792417 0.750321805 418.954620361 0.067084663 0.997251809 0.031440679 -0.610844493 -0.747606039 0.071109377 -0.660324574 -146.972442627
-0.662198901 0.020037055 0.749060154 420.955627441 0.064084038 0.997494459 0.029970264 -0.560675561 -0.746582687 0.067849077 -0.661823690 -148.717163086
-0.663032293 0.019127799 0.748346448 422.936279297 0.062949784 0.997557402 0.030275622 -0.502471209 -0.745939493 0.067181960 -0.662616789 -150.464889526
-0.663464189 0.017639803 0.747999966 424.933471680 0.060715832 0.997694254 0.030325731 -0.454823613 -0.745740473 0.065535471 -0.663005471 -152.230804443
-0.664768994 0.016732158 0.746861517 426.947875977 0.057552584 0.997924984 0.028869793 -0.401393741 -0.744828761 0.062175553 -0.664352477 -153.993743896
-0.665136874 0.015876882 0.746552646 428.946105957 0.056656111 0.997965157 0.029253792 -0.357404143 -0.744568944 0.061754551 -0.664682806 -155.761596680
-0.666354597 0.014885562 0.745486557 430.923187256 0.057834588 0.997820497 0.031771488 -0.307482451 -0.743388653 0.064285964 -0.665763021 -157.501937866
-0.665950298 0.014138963 0.745862186 432.893646240 0.061044600 0.997500062 0.035595108 -0.250387877 -0.743494332 0.069235414 -0.665148497 -159.260848999
-0.665406108 0.012876357 0.746370494 434.892425537 0.065408863 0.997011244 0.041113056 -0.183048099 -0.743610382 0.076176107 -0.664259613 -161.015731812
-0.663850367 0.011887292 0.747770786 436.891418457 0.068481259 0.996639132 0.044952236 -0.098213300 -0.744723439 0.081049852 -0.662433505 -162.780059814
-0.662808418 0.009369497 0.748730242 438.883209229 0.062786363 0.997095764 0.043103695 -0.016245196 -0.746152043 0.075579546 -0.661471903 -164.503784180
-0.662427545 0.008699825 0.749075353 440.890258789 0.055388264 0.997764587 0.037393216 0.063850187 -0.747075498 0.066260293 -0.661428690 -166.235916138
-0.660480499 0.006671267 0.750813484 442.885314941 0.050860595 0.998061359 0.035873231 0.123676606 -0.749118567 0.061880399 -0.659539461 -167.982147217
-0.658578813 0.005414737 0.752492309 444.903076172 0.047910843 0.998247027 0.034748286 0.182440966 -0.750985026 0.058937021 -0.657683730 -169.695114136
-0.655918002 0.006579675 0.754803479 446.910888672 0.050241474 0.998125017 0.034958694 0.247117713 -0.753158271 0.060852479 -0.655018806 -171.429763794
-0.652905285 0.006451150 0.757411957 448.908355713 0.050982993 0.998070180 0.035447519 0.310435176 -0.755721807 0.061759010 -0.651974380 -173.147277832
-0.650546312 0.007170457 0.759432673 450.907714844 0.048604757 0.998298585 0.032210089 0.367896706 -0.757909536 0.057866201 -0.649788082 -174.838684082
-0.649464965 0.002196751 0.760388196 452.938079834 0.041370884 0.998616755 0.032450829 0.425929159 -0.759265244 0.052533615 -0.648657620 -176.536727905
-0.648324311 -0.003892016 0.761354327 454.959320068 0.032834418 0.998913586 0.033066265 0.479088098 -0.760655940 0.046436295 -0.647492230 -178.225830078
-0.648143709 -0.007359894 0.761482537 456.996429443 0.025630264 0.999175966 0.031472705 0.532495379 -0.761086822 0.039915830 -0.647420883 -179.908599854
-0.647885680 -0.008156727 0.761693835 459.029144287 0.023661623 0.999244630 0.030826814 0.579907179 -0.761369944 0.037995167 -0.647203445 -181.601638794
-0.646984339 -0.008009803 0.762461245 461.061614990 0.025913578 0.999136150 0.032485012 0.631340265 -0.762062848 0.040775388 -0.646217942 -183.301773071
-0.646438539 -0.009626433 0.762905419 463.104583740 0.026859505 0.999013484 0.035364751 0.681856155 -0.762493193 0.043352388 -0.645542085 -184.968826294
-0.645229995 -0.011302619 0.763904750 465.113403320 0.025916664 0.998991191 0.036671363 0.751900434 -0.763548672 0.043459322 -0.644286215 -186.653305054
-0.644277036 -0.011423701 0.764707029 467.158966064 0.024138669 0.999086559 0.035262212 0.817729414 -0.764411151 0.041177630 -0.643412590 -188.342147827
-0.643490434 -0.010747893 0.765378654 469.183776855 0.022480264 0.999204755 0.032931652 0.878882051 -0.765123844 0.038397118 -0.642737150 -190.015319824
-0.642263949 -0.009232854 0.766427934 471.221252441 0.023364831 0.999226928 0.031616937 0.929724813 -0.766127348 0.038213883 -0.641551733 -191.709350586
-0.641305447 -0.008842409 0.767234743 473.237640381 0.025001623 0.999161780 0.032413382 0.983476281 -0.766878247 0.039968994 -0.640546799 -193.371109009
