1.000000000 0.000000000 0.000000000 0.000000000 0.000000000 1.000000000 0.000000000 0.000000000 0.000000000 0.000000000 1.000000000 0.000000000
0.999037921 -0.000450598 0.043851782 0.045042604 0.000554544 0.999997079 -0.002358276 -0.020403313 -0.043850582 0.002380325 0.999035239 1.024578452
0.996019304 -0.004594356 0.089019179 0.137303352 0.005262972 0.999959648 -0.007277665 -0.040139303 -0.088982150 0.007717200 0.996003330 2.045542240
0.990904152 -0.003892165 0.134513259 0.271546334 0.005447580 0.999922454 -0.011197153 -0.065011039 -0.134459287 0.011828077 0.990848541 3.055948973
0.983538747 -0.001432078 0.180692226 0.451512635 0.003953458 0.999899745 -0.013594626 -0.091343075 -0.180654660 0.014085200 0.983445704 4.070319653
0.974011481 -0.003873782 0.226465955 0.688122392 0.007136934 0.999882162 -0.013592019 -0.121229529 -0.226386592 0.014855050 0.973924160 5.073443890
0.962343395 -0.004319245 0.271802396 0.959662616 0.008701430 0.999850750 -0.014919519 -0.151417524 -0.271697462 0.016722772 0.962237418 6.083411694
0.948805392 -0.006973992 0.315784276 1.284980297 0.013154181 0.999761343 -0.017443651 -0.184890389 -0.315587252 0.020704510 0.948670685 7.065966606
0.933640957 -0.008680187 0.358104885 1.658197880 0.016733656 0.999671817 -0.019396249 -0.215436906 -0.357819051 0.024101535 0.933479846 8.019796371
0.916331649 -0.008681137 0.400325954 2.069984913 0.018303573 0.999628007 -0.020219112 -0.247950882 -0.400001556 0.025854811 0.916149676 8.958428383
0.896729708 -0.009127208 0.442484528 2.516316414 0.019425821 0.999635458 -0.018748291 -0.282943547 -0.442152143 0.025407774 0.896580160 9.863794327
0.874946117 -0.009048653 0.484135687 3.014675140 0.020178523 0.999638140 -0.017783737 -0.322685361 -0.483799666 0.025328958 0.874812186 10.765404701
0.850947082 -0.009094189 0.525172710 3.552054882 0.020931542 0.999642909 -0.016605381 -0.357262433 -0.524834216 0.025122972 0.850833714 11.637717247
0.825470626 -0.009798705 0.564360023 4.134025097 0.023172561 0.999594688 -0.016538268 -0.398469448 -0.563969195 0.026729517 0.825363100 12.478404045
0.798175514 -0.011300256 0.602319121 4.746735573 0.026263814 0.999526203 -0.016051684 -0.431699276 -0.601852119 0.028631255 0.798094034 13.280510902
0.769345403 -0.010120397 0.638752878 5.406175613 0.026819125 0.999504685 -0.016466128 -0.465725422 -0.638269842 0.029798934 0.769235730 14.088436127
0.738888562 -0.013558464 0.673691154 6.085955143 0.032026298 0.999374211 -0.015012643 -0.497625411 -0.673066020 0.032668505 0.738860488 14.821203232
0.706799328 -0.012856757 0.707297266 6.828341961 0.032531142 0.999367774 -0.014342424 -0.529788136 -0.706665754 0.033146400 0.706770718 15.558187485
0.672674239 -0.011306770 0.739852369 7.580321789 0.033252370 0.999334991 -0.014960770 -0.562598825 -0.739191234 0.034665573 0.672602892 16.241977692
0.637188554 -0.012733812 0.770602763 8.378282547 0.038340986 0.999149323 -0.015192599 -0.589786708 -0.769753695 0.039226223 0.637134671 16.900381088
0.600475073 -0.010990525 0.799567938 9.166536331 0.038705446 0.999133050 -0.015334113 -0.615676761 -0.798706174 0.040155385 0.600379884 17.488986969
0.562856197 -0.009856173 0.826496065 10.028540611 0.041468050 0.999006450 -0.016326956 -0.646944642 -0.825513959 0.043462910 0.562705696 18.074050903
0.523805082 -0.008075764 0.851799905 10.870983124 0.045980763 0.998765349 -0.018806253 -0.672915816 -0.850596249 0.049017221 0.523529649 18.594785690
0.485168874 -0.007094601 0.874391735 11.772279739 0.047663212 0.998695016 -0.018343445 -0.698564410 -0.873120666 0.050575979 0.484873772 19.084815979
0.446689665 -0.008749343 0.894646287 12.673633575 0.052911103 0.998460293 -0.016653471 -0.721879184 -0.893123150 0.054775644 0.446464807 19.529258728
0.409912169 -0.009518109 0.912075341 13.599924088 0.056629438 0.998282075 -0.015033124 -0.752383053 -0.910365283 0.057812579 0.409747005 19.927703857
0.374768853 -0.007010084 0.927091777 14.538452148 0.058104575 0.998183250 -0.015940636 -0.779499054 -0.925295711 0.059842329 0.374495298 20.298145294
0.341319442 -0.007915461 0.939914048 15.498378754 0.058586270 0.998199344 -0.012868651 -0.803542197 -0.938119709 0.059458382 0.341168612 20.642414093
0.307856262 -0.009438886 0.951386034 16.498691559 0.061031297 0.998087287 -0.009846723 -0.826592445 -0.949473381 0.061095700 0.307843477 20.960096359
0.275241643 -0.009389477 0.961329222 17.496559143 0.061713587 0.998062491 -0.007921181 -0.848477125 -0.959392250 0.061507314 0.275287777 21.234760284
0.243034288 -0.006568886 0.969995379 18.495216370 0.058995117 0.998226166 -0.008021283 -0.872307420 -0.968222022 0.059174456 0.242990702 21.487035751
0.212229401 -0.005017447 0.977206945 19.527612686 0.058858804 0.998236895 -0.007657501 -0.887266159 -0.975445688 0.059142370 0.212150514 21.710269928
0.181636587 -0.004903231 0.983353376 20.557617188 0.060586732 0.998143554 -0.006214081 -0.907273233 -0.981497526 0.060706876 0.181596488 21.901046753
0.151097521 -0.004894889 0.988506734 21.644016266 0.062453706 0.998037159 -0.004604238 -0.916609108 -0.986544013 0.062431600 0.151106685 22.053710938
0.120593578 -0.005633483 0.992685974 22.721553802 0.060789470 0.998149157 -0.001720346 -0.930855095 -0.990838945 0.060552318 0.120712847 22.187700272
0.091517203 -0.006133165 0.995784581 23.810577393 0.061560690 0.998103201 0.000489734 -0.945163906 -0.993898809 0.061256360 0.091721177 22.280536652
0.064494386 -0.005931813 0.997900546 24.931755066 0.064163111 0.997937799 0.001785169 -0.950632453 -0.995853126 0.063913271 0.064741977 22.343242645
0.039375518 -0.005392839 0.999210060 26.058280945 0.068381079 0.997655749 0.002689780 -0.957638741 -0.996881962 0.068221152 0.039651986 22.377099991
0.016819369 -0.005027705 0.999845862 27.237773895 0.072537392 0.997358501 0.003794975 -0.961662412 -0.997223854 0.072462387 0.017139634 22.385738373
-0.003323804 -0.005223799 0.999980807 28.395017624 0.078193657 0.996923149 0.005467732 -0.962149262 -0.996932566 0.078210331 -0.002905109 22.374811172
-0.020489328 -0.005781997 0.999773324 29.580821991 0.082657129 0.996550143 0.007457329 -0.960271001 -0.996367395 0.082791202 -0.019940719 22.332025528
-0.035955004 -0.005702794 0.999337137 30.793523788 0.085720807 0.996280551 0.008769488 -0.960470080 -0.995670199 0.085979290 -0.035332426 22.276636124
-0.050379604 -0.006312826 0.998710215 32.002529144 0.088006012 0.996062100 0.010735523 -0.956222773 -0.994845152 0.088433370 -0.049625654 22.222976685
-0.063289523 -0.007473547 0.997967243 33.211429596 0.088147476 0.996022105 0.013049154 -0.953825772 -0.994094789 0.088794172 -0.062378984 22.132635117
-0.075341366 -0.007163840 0.997132003 34.413642883 0.087913424 0.996032476 0.013798509 -0.947087049 -0.993274868 0.088700883 -0.074412644 22.045989990
-0.086795695 -0.004445334 0.996216178 35.639862061 0.087703899 0.996073246 0.012085930 -0.942774594 -0.992358208 0.088421047 -0.086065002 21.948787689
-0.097288422 -0.000987176 0.995255709 36.869174957 0.088043109 0.996070564 0.009594391 -0.933523178 -0.991354287 0.088558838 -0.096819207 21.835651398
-0.106595919 0.001554305 0.994301140 38.134067535 0.089495368 0.995954812 0.008037627 -0.930621862 -0.990266562 0.089842126 -0.106303811 21.704986572
-0.113874167 0.002586785 0.993491769 39.415958405 0.089381732 0.995968044 0.007651712 -0.922972679 -0.989466310 0.089671336 -0.113646224 21.558544159
-0.119664624 0.003401706 0.992808521 40.734214783 0.089097470 0.995995939 0.007326419 -0.912884772 -0.988808393 0.089333445 -0.119488567 21.403591156
-0.124714106 0.005008119 0.992180109 42.057601929 0.090360500 0.995889008 0.006331204 -0.906228960 -0.988069475 0.090443470 -0.124653935 21.239526749
-0.129358172 0.006373738 0.991577446 43.393390656 0.089170530 0.996002614 0.005230735 -0.904334962 -0.987580419 0.089096129 -0.129409432 21.070678711
-0.133744031 0.007417977 0.990988076 44.765365601 0.089889273 0.995940804 0.004676433 -0.896009326 -0.986930788 0.089704655 -0.133867919 20.896833420
-0.136659771 0.006460947 0.990596950 46.155342102 0.089324594 0.995985508 0.005826858 -0.891916752 -0.986582577 0.089280955 -0.136688277 20.718118668
-0.139751151 0.004491408 0.990176499 47.583972931 0.090058215 0.995902717 0.008193223 -0.891153574 -0.986082613 0.090318538 -0.139583066 20.528282166
-0.141570359 0.003155186 0.989923120 49.005382538 0.089922719 0.995901644 0.009685734 -0.885281861 -0.985835552 0.090387791 -0.141273856 20.318386078
-0.143977091 0.003803574 0.989573658 50.437259674 0.092475392 0.995668352 0.009627615 -0.879727960 -0.985250711 0.092897356 -0.143705174 20.125295639
-0.145149738 0.004107014 0.989401162 51.943225861 0.092013530 0.995713711 0.009365592 -0.855809152 -0.985121846 0.092397705 -0.144905448 19.883125305
-0.145873994 0.005500427 0.989288032 53.414291382 0.094051294 0.995532453 0.008333045 -0.844887614 -0.984822392 0.094259381 -0.145739600 19.669965744
-0.145756796 0.005595536 0.989304602 54.903694153 0.093811534 0.995556295 0.008190596 -0.836129308 -0.984862626 0.094002008 -0.145633996 19.447149277
-0.145766750 0.007289626 0.989292145 56.425621033 0.093465738 0.995601714 0.006435544 -0.824812055 -0.984894037 0.093403004 -0.145806983 19.236938477
-0.144208908 0.006975374 0.989522696 57.963817596 0.093865365 0.995562613 0.006661593 -0.818315744 -0.985085309 0.093842566 -0.144223735 19.005899429
-0.142518342 0.005754620 0.989775360 59.530593872 0.093569599 0.995582998 0.007684757 -0.815885186 -0.985359371 0.093708098 -0.142427310 18.772123337
-0.141455546 0.006466242 0.989923477 61.115715027 0.094220780 0.995526910 0.006960875 -0.808500886 -0.985450566 0.094256006 -0.141432077 18.550058365
-0.140460283 0.007107085 0.990060806 62.704650879 0.093940482 0.995558619 0.006180818 -0.800846934 -0.985619783 0.093874946 -0.140504077 18.332452774
-0.139434472 0.007670872 0.990201533 64.318542480 0.095103398 0.995451212 0.005680372 -0.798298359 -0.985653758 0.094963595 -0.139529720 18.102760315
-0.138494387 0.007489910 0.990334868 65.935546875 0.094369218 0.995521247 0.005668022 -0.791413963 -0.985856891 0.094242133 -0.138580903 17.873832703
-0.137413844 0.005858839 0.990496397 67.589134216 0.096297920 0.995324492 0.007472235 -0.784389853 -0.985821605 0.096409522 -0.137335584 17.640869141
-0.136796132 0.004319186 0.990589797 69.280273438 0.098812804 0.995062470 0.009306925 -0.776518703 -0.985658586 0.099156104 -0.136547461 17.392068863
-0.135683358 0.005028826 0.990739465 70.966796875 0.100177206 0.994931877 0.008669322 -0.774195015 -0.985674620 0.100425795 -0.135499462 17.155534744
-0.135545328 0.007255986 0.990744591 72.655097961 0.102368683 0.994723856 0.006720089 -0.762030602 -0.985468507 0.102332078 -0.135572955 16.929470062
-0.134021670 0.007370356 0.990951002 74.351272583 0.101428725 0.994822800 0.006318628 -0.752949536 -0.985773921 0.101357728 -0.134075373 16.693696976
-0.134981796 0.006679207 0.990825474 76.106040955 0.101792507 0.994779885 0.007161502 -0.756822348 -0.985605419 0.101825297 -0.134957090 16.462844849
-0.134272516 0.005770067 0.990927637 77.837081909 0.101820908 0.994770527 0.008004478 -0.749210298 -0.985699356 0.101971939 -0.134157851 16.219102859
-0.134307042 0.005937608 0.990921974 79.559936523 0.103270002 0.994620740 0.008037177 -0.745746791 -0.985543966 0.103411935 -0.134197742 15.993488312
-0.133853838 0.006163760 0.990981936 81.325958252 0.104317352 0.994512677 0.007904622 -0.731272638 -0.985495329 0.104434662 -0.133762300 15.748696327
-0.133666083 0.007077625 0.991001070 83.077766418 0.104744337 0.994474292 0.007025468 -0.724353671 -0.985475540 0.104740813 -0.133668810 15.504344940
-0.133810058 0.008263404 0.990972459 84.881462097 0.104457468 0.994512379 0.005811866 -0.713041067 -0.985486448 0.104292184 -0.133938909 15.242163658
-0.135317355 0.008482723 0.990765989 86.666206360 0.103642464 0.994598627 0.005639794 -0.725273728 -0.985366583 0.103448585 -0.135465607 15.014286041
-0.136942774 0.008891462 0.990539074 88.464797974 0.102734186 0.994695008 0.005274308 -0.728041172 -0.985237360 0.102484502 -0.137129724 14.784335136
-0.137720630 0.008002350 0.990438759 90.282318115 0.101715960 0.994794726 0.006106072 -0.729983151 -0.985234439 0.101584367 -0.137817726 14.535303116
-0.138896227 0.007747391 0.990276635 92.117935181 0.101773590 0.994786322 0.006492094 -0.727288246 -0.985063374 0.101685733 -0.138960570 14.287257195
-0.139411315 0.006646088 0.990212202 93.973297119 0.099468775 0.995013714 0.007325824 -0.726553023 -0.985226095 0.099516504 -0.139377236 14.030651093
-0.141270295 0.007426821 0.989943147 95.803039551 0.099178277 0.995047152 0.006688165 -0.726805270 -0.984990537 0.099125698 -0.141307145 13.779201508
-0.143440560 0.008317552 0.989623904 97.682022095 0.098268107 0.995142579 0.005879488 -0.720426798 -0.984768093 0.098091826 -0.143561140 13.498399734
-0.147480696 0.009395068 0.989020288 99.554824829 0.098892473 0.995084047 0.005293972 -0.714553475 -0.984108567 0.098587424 -0.147684783 13.218708038
-0.151994616 0.008332911 0.988346219 101.434631348 0.096972235 0.995265663 0.006521796 -0.715968609 -0.983612835 0.096833408 -0.152083054 12.936845779
-0.156434968 0.007875372 0.987656891 103.326965332 0.095588192 0.995394886 0.007203137 -0.711510062 -0.983051896 0.095535159 -0.156467333 12.641520500
-0.160801902 0.008647577 0.986948729 105.233886719 0.094364427 0.995515525 0.006651998 -0.712863863 -0.982465327 0.094202518 -0.160896793 12.329675674
-0.164935783 0.010182784 0.986251771 107.162696838 0.094621524 0.995497882 0.005545778 -0.709472597 -0.981755018 0.094235338 -0.165156707 11.994325638
-0.169669792 0.011960865 0.985428393 109.084098816 0.094270401 0.995537996 0.004147784 -0.715013325 -0.980981767 0.093600467 -0.170040280 11.675336838
-0.174316049 0.012019110 0.984616339 111.023040771 0.093285300 0.995629847 0.004361640 -0.722285271 -0.980261028 0.092610545 -0.174675465 11.337244034
-0.179072216 0.011839964 0.983764708 112.974586487 0.091460399 0.995797813 0.004663526 -0.725185513 -0.979575515 0.090810642 -0.179402605 10.990945816
-0.183382303 0.011474380 0.982974708 114.937339783 0.090091288 0.995919943 0.005181807 -0.726686060 -0.978904784 0.089507714 -0.183667853 10.620367050
-0.189668760 0.010588759 0.981791019 116.889747620 0.088961363 0.996014178 0.006443973 -0.731651962 -0.977809727 0.088563688 -0.189854741 10.264932632
-0.194934383 0.010343723 0.980761707 118.868637085 0.089458957 0.995963991 0.007276639 -0.733413696 -0.976727962 0.089156389 -0.195072934 9.874347687
-0.200177446 0.011703289 0.979689896 120.813934326 0.089638099 0.995953739 0.006417944 -0.732248902 -0.975650549 0.089102253 -0.200416535 9.485799789
-0.205410421 0.012914964 0.978590667 122.770629883 0.089570031 0.995964468 0.005656880 -0.734421790 -0.974568486 0.088814378 -0.205738261 9.081491470
-0.211801469 0.013098976 0.977224946 124.753547668 0.089878052 0.995933890 0.006130206 -0.722492456 -0.973171115 0.089129463 -0.212117583 8.678497314
-0.217257351 0.013037867 0.976027310 126.732452393 0.088799313 0.996028602 0.006461106 -0.720260441 -0.972066820 0.088074274 -0.217552245 8.245557785
-0.222356737 0.013815150 0.974867404 128.709915161 0.088099822 0.996093631 0.005978670 -0.717962027 -0.970976770 0.087215059 -0.222705275 7.796541214
-0.227796048 0.014501212 0.973600984 130.708709717 0.087352350 0.996161759 0.005600827 -0.719447553 -0.969782650 0.086322181 -0.228188455 7.347984314
-0.232299790 0.013852309 0.972545564 132.696823120 0.088406742 0.996060312 0.006929380 -0.718671620 -0.968618035 0.087589294 -0.232609272 6.880130768
-0.235951185 0.014060739 0.971663117 134.702560425 0.090875179 0.995832860 0.007656938 -0.708298802 -0.967506468 0.090106741 -0.236245736 6.388391495
-0.239373013 0.014649197 0.970817149 136.699218750 0.092093110 0.995720863 0.007682285 -0.709433675 -0.966550291 0.091244511 -0.239697739 5.893846512
-0.242417246 0.015340566 0.970050931 138.701095581 0.092671424 0.995669127 0.007413032 -0.709569991 -0.965735912 0.091693021 -0.242789000 5.394771576
-0.246093333 0.015368667 0.969124317 140.738739014 0.091884859 0.995741069 0.007541893 -0.708057284 -0.964880943 0.090903848 -0.246457353 4.890724182
-0.249670118 0.015769050 0.968202472 142.751296997 0.090469107 0.995873868 0.007109516 -0.712437034 -0.964095533 0.089367472 -0.250066519 4.369014740
-0.254446238 0.016659923 0.966943383 144.780532837 0.089784339 0.995940268 0.006466767 -0.714784682 -0.962910175 0.088461824 -0.254909039 3.845973969
-0.258897990 0.015630914 0.965778112 146.809570312 0.087489732 0.996138453 0.007331259 -0.720181942 -0.961934090 0.086393729 -0.259265810 3.315223694
-0.263269782 0.016110826 0.964587629 148.834976196 0.087988578 0.996094167 0.007378105 -0.721003652 -0.960701346 0.086815134 -0.263659030 2.764820099
-0.268178195 0.016404375 0.963229656 150.885742188 0.087301217 0.996154904 0.007340913 -0.724238634 -0.959405482 0.086059794 -0.268579215 2.209800720
-0.273174196 0.016624629 0.961820900 152.939788818 0.086776286 0.996200144 0.007427140 -0.721744180 -0.958042681 0.085492149 -0.273578793 1.645572662
-0.277886719 0.015920730 0.960481822 154.984085083 0.086510897 0.996214509 0.008516314 -0.724655151 -0.956710398 0.085458741 -0.278212070 1.067043304
-0.282569706 0.015996048 0.959113538 157.041793823 0.086971290 0.996170044 0.009009014 -0.721906304 -0.955295980 0.085960999 -0.282878637 0.479400635
-0.287185282 0.016921176 0.957725585 159.124023438 0.087904796 0.996090472 0.008760282 -0.718331933 -0.953832984 0.086704507 -0.287549943 -0.123428345
-0.290934056 0.018064145 0.956572473 161.192459106 0.088230908 0.996067643 0.008024753 -0.714389324 -0.952666104 0.086733952 -0.291383803 -0.743785858
-0.294835538 0.019490795 0.955349207 163.254180908 0.088012911 0.996095836 0.006840041 -0.716536880 -0.951486051 0.086099751 -0.295399904 -1.368587494
-0.298726529 0.020902097 0.954109848 165.339706421 0.088792264 0.996032238 0.005979847 -0.716787338 -0.950199127 0.086503893 -0.299397111 -2.004138947
-0.302330375 0.021527030 0.952960074 167.426055908 0.088246219 0.996083558 0.005495294 -0.720387518 -0.949109554 0.085756518 -0.303046048 -2.655158997
-0.306113273 0.021620285 0.951749563 169.516830444 0.088701710 0.996040761 0.005902895 -0.725922346 -0.947853744 0.086228751 -0.306819052 -3.317054749
-0.310164362 0.022007829 0.950428188 171.604690552 0.088490099 0.996060014 0.005813538 -0.726033807 -0.946555614 0.085906610 -0.310889810 -3.984767914
-0.314409256 0.023004174 0.949008763 173.699493408 0.090546437 0.995874941 0.005858059 -0.728063703 -0.944959342 0.087771162 -0.315195262 -4.672840118
-0.317287773 0.023466028 0.948038936 175.786987305 0.092781655 0.995665789 0.006407086 -0.730184317 -0.943779647 0.089993499 -0.318089813 -5.378948212
-0.319741726 0.023102649 0.947223008 177.846389771 0.093874477 0.995556474 0.007406496 -0.733116508 -0.942842901 0.091288231 -0.320489764 -6.066234589
-0.322469711 0.022835491 0.946304440 179.938980103 0.093589723 0.995579898 0.007867766 -0.727096915 -0.941941738 0.091101468 -0.323181510 -6.780712128
-0.324987590 0.023123812 0.945435524 182.027038574 0.092768706 0.995659173 0.007536465 -0.733899593 -0.941157281 0.090156108 -0.325721979 -7.501647949
-0.327654660 0.025377732 0.944456697 184.126083374 0.092299715 0.995717347 0.005265875 -0.732616007 -0.940278172 0.088898495 -0.328593731 -8.228237152
-0.330722690 0.027436694 0.943329096 186.239822388 0.091935091 0.995759547 0.003269986 -0.733326077 -0.939239264 0.087806508 -0.331842691 -8.964874268
-0.333885938 0.028376482 0.942186236 188.360046387 0.091157563 0.995833814 0.002311612 -0.746350169 -0.938195229 0.086659223 -0.335081667 -9.710697174
-0.337546825 0.029730970 0.940839112 190.520568848 0.089678206 0.995970547 0.000700889 -0.752698004 -0.937027216 0.084609345 -0.338852942 -10.469299316
-0.340541124 0.030147877 0.939746141 192.647705078 0.090823926 0.995866477 0.000964119 -0.765188694 -0.935832560 0.085679777 -0.341871679 -11.255378723
-0.344870269 0.028952619 0.938203692 194.824172974 0.090015687 0.995937705 0.002354226 -0.777872562 -0.934324086 0.085264973 -0.346075475 -12.033042908
-0.348210990 0.028388232 0.936986268 196.979766846 0.090013675 0.995935142 0.003277424 -0.789067090 -0.933084488 0.085482799 -0.349350810 -12.834442139
-0.352008760 0.028507899 0.935562432 199.130920410 0.089958362 0.995939374 0.003499496 -0.792147398 -0.931663752 0.085393518 -0.353143960 -13.638568878
-0.355756164 0.028970202 0.934129655 201.292877197 0.089221865 0.996006966 0.003090270 -0.799813926 -0.930310130 0.084444173 -0.356920451 -14.448867798
-0.359335870 0.029121347 0.932753801 203.452331543 0.088397525 0.996080875 0.002955966 -0.819228649 -0.929012179 0.083515331 -0.360501856 -15.280704498
-0.362794012 0.029735366 0.931394815 205.622680664 0.087975189 0.996119618 0.002466071 -0.830269992 -0.927707314 0.082834311 -0.364002198 -16.107330322
-0.365563095 0.030408999 0.930289686 207.722747803 0.089415409 0.995990992 0.002579708 -0.853430927 -0.926481783 0.084125258 -0.366816610 -16.930187225
-0.368325412 0.030172767 0.929207206 209.872406006 0.090191104 0.995918632 0.003411561 -0.868070304 -0.925311923 0.085062779 -0.369543403 -17.776508331
-0.370846391 0.029807068 0.928215861 212.052398682 0.091656990 0.995779812 0.004642657 -0.877704024 -0.924160063 0.086799182 -0.372013301 -18.651386261
-0.373994350 0.030739531 0.926921427 214.239807129 0.093025908 0.995653450 0.004515205 -0.887745440 -0.922753692 0.087916382 -0.375228345 -19.526645660
-0.376861811 0.031908382 0.925719678 216.427536011 0.093332216 0.995628238 0.003677622 -0.899306476 -0.921555519 0.087785430 -0.378192246 -20.411785126
-0.379690468 0.032024384 0.924559116 218.605850220 0.092497356 0.995706797 0.003497306 -0.911851108 -0.920477808 0.086847149 -0.381022632 -21.298614502
-0.382582188 0.033389501 0.923317969 220.772369385 0.092501372 0.995709777 0.002321097 -0.930178761 -0.919279277 0.086296178 -0.384029359 -22.192146301
-0.385125399 0.034363627 0.922224224 222.931823730 0.092335559 0.995726883 0.001457329 -0.948395371 -0.918233395 0.085715346 -0.386652708 -23.099761963
-0.387767464 0.034763440 0.921101451 225.113220215 0.090616867 0.995885670 0.000562221 -0.965545237 -0.917292178 0.083685338 -0.389322221 -24.005889893
-0.391147166 0.035462368 0.919644654 227.284042358 0.091108032 0.995840967 0.000349899 -0.985888541 -0.915807426 0.083923891 -0.392751336 -24.915111542
-0.394018829 0.035210460 0.918427587 229.440399170 0.092560612 0.995705783 0.001536720 -1.008540392 -0.914429724 0.085615717 -0.395585924 -25.838996887
-0.396853626 0.034280930 0.917241514 231.605575562 0.092937849 0.995667398 0.002998468 -1.028328419 -0.913164616 0.086436421 -0.398320168 -26.765602112
-0.400144607 0.033699911 0.915832102 233.729415894 0.091614768 0.995788753 0.003386169 -1.043499589 -0.911861300 0.085258707 -0.401546896 -27.683494568
-0.403306544 0.034116432 0.914428711 235.860183716 0.090381801 0.995903492 0.002706501 -1.059764147 -0.910590351 0.083739273 -0.404737920 -28.616203308
-0.406830698 0.033514827 0.912888587 238.042221069 0.088825077 0.996042669 0.003017424 -1.075889111 -0.909174860 0.082314976 -0.408197701 -29.573257446
-0.411002010 0.032511469 0.911054552 240.209396362 0.087578118 0.996149778 0.003960776 -1.094920158 -0.907418013 0.081416324 -0.412266791 -30.525856018
-0.414731562 0.033236656 0.909336567 242.359298706 0.087797426 0.996131659 0.003633722 -1.108820677 -0.905698240 0.081344418 -0.416045427 -31.498321533
-0.418923259 0.033148266 0.907416403 244.514801025 0.087451711 0.996160805 0.003983354 -1.124224186 -0.903800607 0.081023835 -0.420213789 -32.477180481
-0.423302859 0.032039553 0.905421674 246.679809570 0.085480876 0.996328712 0.004707623 -1.141753674 -0.901946604 0.079388976 -0.424487621 -33.462829590
-0.427704394 0.032467723 0.903335392 248.803375244 0.084983557 0.996372521 0.004425708 -1.150009036 -0.899914861 0.078661568 -0.428912073 -34.446434021
-0.431226969 0.033382509 0.901625693 250.951080322 0.085491337 0.996330798 0.003999598 -1.168306112 -0.898184001 0.078805916 -0.432498664 -35.462310791
-0.434976280 0.033488218 0.899818897 253.036712646 0.085467681 0.996331930 0.004235327 -1.192507267 -0.896376550 0.078747712 -0.436242819 -36.453910828
-0.438615561 0.033529267 0.898049116 255.161788940 0.085660219 0.996313632 0.004639212 -1.207020879 -0.894582987 0.078961894 -0.439870775 -37.481636047
-0.442422569 0.033831164 0.896168292 257.277954102 0.084468432 0.996417701 0.004084892 -1.222636700 -0.892819881 0.077505164 -0.443695277 -38.510337830
-0.446312845 0.034485687 0.894212306 259.402648926 0.084851302 0.996385872 0.003924321 -1.233335257 -0.890845180 0.077626549 -0.447625905 -39.564025879
-0.449626893 0.035586730 0.892507255 261.509002686 0.085880555 0.996299148 0.003539670 -1.233642220 -0.889078259 0.078240551 -0.451019108 -40.621978760
-0.452893436 0.037319452 0.890783250 263.624969482 0.087478891 0.996162534 0.002741815 -1.237181187 -0.887262642 0.079166494 -0.454420090 -41.698104858
-0.456023842 0.039191581 0.889104187 265.737060547 0.089732431 0.995963573 0.002122065 -1.254712820 -0.885432303 0.080749184 -0.457699925 -42.787506104
-0.459212154 0.039617982 0.887442708 267.869323730 0.091074593 0.995840430 0.002669879 -1.274573088 -0.883645535 0.082049526 -0.460910290 -43.885864258
-0.461817205 0.042067666 0.885976970 269.984069824 0.093136132 0.995652497 0.001272146 -1.281969786 -0.882071733 0.083103955 -0.463727504 -44.992744446
-0.464318991 0.044586282 0.884545028 272.072784424 0.095597364 0.995420098 0.000006323 -1.312721252 -0.880493641 0.084563114 -0.466454774 -46.065048218
-0.467423618 0.044970144 0.882888913 274.210266113 0.095985249 0.995382726 0.000116956 -1.326228619 -0.878807127 0.084798962 -0.469581872 -47.170989990
-0.470508873 0.046068162 0.881191909 276.364135742 0.096462056 0.995336533 -0.000530042 -1.343738914 -0.877106905 0.084752195 -0.472758412 -48.301116943
-0.473756790 0.046078693 0.879449368 278.518218994 0.095426708 0.995436192 -0.000749726 -1.352162361 -0.875470281 0.083567776 -0.475991756 -49.455741882
-0.476877242 0.047696166 0.877674878 280.693634033 0.096809343 0.995301843 -0.001487910 -1.368352175 -0.873622358 0.084257573 -0.479254246 -50.621505737
-0.479621768 0.047852937 0.876169503 282.840179443 0.096231230 0.995357573 -0.001684833 -1.386352539 -0.872182608 0.083506770 -0.482000172 -51.800033569
-0.482052356 0.047395106 0.874859571 284.982482910 0.094581246 0.995515406 -0.001816807 -1.404100537 -0.871022344 0.081869520 -0.484373242 -52.976287842
-0.483781457 0.048710473 0.873832285 287.131378174 0.096709877 0.995310724 -0.001940437 -1.414515018 -0.869829237 0.083569467 -0.486223638 -54.174926758
-0.485975593 0.048407938 0.872630715 289.312988281 0.098157749 0.995170712 -0.000540754 -1.436917543 -0.868442714 0.085392706 -0.488380313 -55.364448547
-0.487983078 0.048822362 0.871486664 291.490386963 0.099499576 0.995037615 -0.000029816 -1.453368783 -0.867163420 0.086697996 -0.490419179 -56.577407837
-0.489134312 0.048610080 0.870852888 293.646240234 0.099556707 0.995031834 0.000376663 -1.465457320 -0.866508007 0.086883485 -0.491543591 -57.791854858
-0.491707981 0.048099812 0.869430661 295.862609863 0.099059388 0.995081186 0.000972010 -1.469053626 -0.865107179 0.086603224 -0.494054019 -59.022369385
-0.493554771 0.048851751 0.868341625 298.077514648 0.100986779 0.994886875 0.001428636 -1.471684098 -0.863831818 0.088396125 -0.495964468 -60.290824890
-0.496098101 0.048549693 0.866908073 300.284759521 0.101065062 0.994877577 0.002119245 -1.477972507 -0.862364471 0.088665456 -0.498463631 -61.542808533
-0.497848898 0.049250569 0.865864217 302.498962402 0.100455426 0.994940877 0.001166718 -1.486404538 -0.861426234 0.087561607 -0.500277698 -62.805801392
-0.500139117 0.052177869 0.864371777 304.711547852 0.100561053 0.994929075 -0.001872768 -1.495268583 -0.860086203 0.085985467 -0.502849877 -64.087829590
-0.503182292 0.051342923 0.862653613 306.945190430 0.098875739 0.995098591 -0.001551906 -1.511389971 -0.858505189 0.084514640 -0.505792499 -65.379570007
-0.507856488 0.049180865 0.860036671 309.149078369 0.096054055 0.995376110 -0.000199747 -1.524880648 -0.856069744 0.082508549 -0.510232210 -66.650634766
-0.513193071 0.046536792 0.857010543 311.374969482 0.093418747 0.995625138 0.001877064 -1.540301323 -0.853173971 0.081024170 -0.515295267 -67.944709778
-0.518125355 0.045148708 0.854112208 313.612731934 0.092102244 0.995744288 0.003236045 -1.549612522 -0.850331187 0.080342337 -0.520078719 -69.276069641
-0.522893190 0.045838226 0.851164758 315.883239746 0.092787899 0.995680153 0.003381188 -1.550892949 -0.847332954 0.080745794 -0.524887562 -70.640586853
-0.527655303 0.047413655 0.848134279 318.167694092 0.095160462 0.995455623 0.003553391 -1.560100079 -0.844111502 0.082583822 -0.529769421 -72.034484863
-0.531217039 0.048118390 0.845868170 320.427307129 0.096206926 0.995354116 0.003797215 -1.570289493 -0.841755629 0.083395548 -0.533378482 -73.458702087
-0.535459161 0.048133474 0.843188465 322.670440674 0.096952759 0.995277584 0.004753460 -1.581331491 -0.838977635 0.084294707 -0.537597299 -74.865928650
-0.539269686 0.046614666 0.840842009 324.886444092 0.097040236 0.995255411 0.007061223 -1.589452505 -0.836523414 0.085403427 -0.541234612 -76.296577454
-0.543131113 0.045125782 0.838434339 327.098754883 0.095399536 0.995405078 0.008224889 -1.584192276 -0.834210575 0.084453449 -0.544940531 -77.737785339
-0.547027946 0.044629779 0.835923791 329.294586182 0.094423912 0.995494545 0.008641708 -1.589295626 -0.831771970 0.083658457 -0.548777461 -79.156478882
-0.550909638 0.044322580 0.833387077 331.492767334 0.094314739 0.995497942 0.009402429 -1.589962721 -0.829218507 0.083780579 -0.552609742 -80.601371765
-0.554688036 0.044661652 0.830858886 333.702575684 0.095465325 0.995380223 0.010228131 -1.586972713 -0.826563716 0.084991649 -0.556389153 -82.061363220
-0.559165895 0.043886684 0.827893376 335.918823242 0.095591232 0.995350718 0.011799495 -1.579902172 -0.823526442 0.085737236 -0.560761392 -83.532112122
-0.562698603 0.042973761 0.825544357 338.138916016 0.093886413 0.995508492 0.012172582 -1.569585323 -0.821313262 0.084356889 -0.564205945 -85.025695801
-0.566087961 0.042159200 0.823266089 340.350280762 0.093805984 0.995498657 0.013522977 -1.560942650 -0.818990171 0.084882483 -0.567494571 -86.533531189
-0.568817616 0.041620456 0.821409941 342.537872314 0.094571859 0.995404243 0.015053317 -1.555624962 -0.817008376 0.086244829 -0.570139587 -88.033294678
-0.571867704 0.040799361 0.819330573 344.754089355 0.091970563 0.995654523 0.014613055 -1.540935040 -0.815174103 0.083711021 -0.573135138 -89.569763184
-0.575194240 0.039806683 0.817047715 346.910461426 0.087996326 0.996030390 0.013421861 -1.528292656 -0.813270092 0.079617366 -0.576413810 -91.054145813
-0.578632176 0.039079159 0.814651847 349.067657471 0.084639020 0.996335447 0.012322940 -1.517581463 -0.811184943 0.076081783 -0.579819441 -92.547927856
-0.581341505 0.036401592 0.812844992 351.247619629 0.082421981 0.996494591 0.014321693 -1.509768963 -0.809474349 0.075322092 -0.582303941 -94.094703674
-0.584859192 0.035901405 0.810339987 353.419250488 0.083407909 0.996386170 0.016055252 -1.497292995 -0.806835234 0.076978818 -0.585739970 -95.630332947
-0.587728083 0.036447793 0.808237076 355.574432373 0.082932860 0.996436536 0.015371792 -1.474995613 -0.804796636 0.076063856 -0.588656545 -97.178962708
-0.591150701 0.035141967 0.805795193 357.762390137 0.080846563 0.996600688 0.015847692 -1.465303898 -0.802499056 0.074514151 -0.591982186 -98.746849060
-0.594659388 0.031332426 0.803366959 359.938049316 0.078388713 0.996738911 0.019149818 -1.452537537 -0.800147116 0.074362509 -0.595176220 -100.322563171
-0.597991407 0.029067978 0.800975204 362.111450195 0.076122440 0.996884525 0.020653769 -1.425915718 -0.797879398 0.073322967 -0.598341167 -101.915534973
-0.601232409 0.028114662 0.798579514 364.305908203 0.074675761 0.996984124 0.021122031 -1.395630360 -0.795577168 0.072333790 -0.601518691 -103.532089233
-0.604282916 0.028050916 0.796275914 366.446990967 0.073920183 0.997043610 0.020973535 -1.369500637 -0.793333471 0.071534805 -0.604569972 -105.120056152
-0.607171416 0.027742663 0.794086456 368.594390869 0.073990710 0.997021914 0.021741975 -1.345805645 -0.791118383 0.071956128 -0.607415974 -106.734260559
-0.610357583 0.026610637 0.791678905 370.716369629 0.073289379 0.997045696 0.022990014 -1.325263977 -0.788728297 0.072053798 -0.610504687 -108.330833435
-0.613226235 0.025212184 0.789504766 372.858825684 0.070217825 0.997273445 0.022692684 -1.298713684 -0.786780179 0.069353066 -0.613324761 -109.963378906
-0.616573155 0.021548809 0.787002623 374.999145508 0.060172431 0.997991264 0.019815909 -1.275684357 -0.784994781 0.059573822 -0.616631329 -111.592010498
-0.620459557 0.024173634 0.783865750 377.132232666 0.052825216 0.998542905 0.011019099 -1.265447617 -0.782457292 0.048244789 -0.620832503 -113.218605042
-0.623090267 0.034377947 0.781394184 379.249633789 0.062890954 0.998000860 0.006242079 -1.267164707 -0.779617369 0.053032000 -0.624006748 -114.887268066
-0.624124587 0.035630219 0.780512035 381.356292725 0.070526406 0.997450769 0.010861936 -1.273384094 -0.778135300 0.061825909 -0.625046432 -116.560119629
-0.626080275 0.026523152 0.779307425 383.469360352 0.069784038 0.997316837 0.022120183 -1.254568100 -0.776629686 0.068232223 -0.626251280 -118.247070312
-0.629541159 0.015948480 0.776803434 385.595367432 0.063589938 0.997492790 0.031055465 -1.207743645 -0.774360538 0.068947576 -0.628976941 -119.924194336
-0.633160174 0.009684738 0.773960173 387.692596436 0.057480302 0.997749031 0.034538351 -1.151596069 -0.771883547 0.066355787 -0.632291615 -121.591133118
-0.635612845 0.009059890 0.771954775 389.771850586 0.055899233 0.997846603 0.034315348 -1.088885307 -0.769981503 0.064962961 -0.634750605 -123.276069641
-0.638607562 0.014449652 0.769397020 391.840393066 0.061580151 0.997576892 0.032377191 -1.040207863 -0.767064691 0.068055905 -0.637949824 -124.960983276
-0.641034067 0.020380829 0.767241895 393.883972168 0.065835163 0.997423172 0.028510271 -0.995702744 -0.764683604 0.068787545 -0.640724003 -126.646202087
-0.643021166 0.023697492 0.765481591 395.921630859 0.066898711 0.997438490 0.025318060 -0.955471039 -0.762920797 0.067489795 -0.642959476 -128.344650269
-0.646112323 0.023721913 0.762873471 398.003540039 0.066873334 0.997432411 0.025622457 -0.916092873 -0.760307014 0.067570902 -0.646039724 -130.080352783
-0.648907721 0.023249596 0.760511816 400.065948486 0.068209670 0.997285962 0.027711971 -0.878140450 -0.757803559 0.069856763 -0.648732483 -131.837509155
-0.650956810 0.022756578 0.758773565 402.106597900 0.068749703 0.997210205 0.029073240 -0.824141502 -0.755995154 0.071090892 -0.650705278 -133.588058472
-0.652783215 0.022749225 0.757203043 404.150329590 0.069053948 0.997174621 0.029572403 -0.779912949 -0.754390895 0.071592234 -0.652509689 -135.325225830
-0.653802335 0.022853101 0.756320238 406.212097168 0.069154225 0.997165263 0.029649984 -0.733872414 -0.753498673 0.071687967 -0.653529346 -137.083496094
-0.655389667 0.023840411 0.754914522 408.256988525 0.070471771 0.997071743 0.029693270 -0.688162804 -0.751996040 0.072660841 -0.655150533 -138.841552734
-0.656868160 0.023343114 0.753644049 410.291320801 0.071285315 0.996966302 0.031251837 -0.631548882 -0.750628114 0.074252099 -0.656539381 -140.595581055
-0.657551765 0.022392435 0.753076553 412.311218262 0.073032342 0.996745408 0.034130644 -0.582548141 -0.749861300 0.077441610 -0.657047033 -142.350921631
-0.658980548 0.021969102 0.751839101 414.350402832 0.074591890 0.996554732 0.036259342 -0.522798538 -0.748452187 0.079975300 -0.658348918 -144.114715576
-0.660341442 0.022231879 0.750636280 416.367401123 0.073239207 0.996703207 0.034909461 -0.458566666 -0.747385442 0.078028172 -0.659792781 -145.870605469
-0.662098765 0.022179300 0.749088347 418.368560791 0.069113404 0.997109473 0.031564638 -0.400789261 -0.746222913 0.072670951 -0.661717713 -147.608398438
-0.663615465 0.021535983 0.747763932 420.370849609 0.066266812 0.997348249 0.030085424 -0.348546028 -0.745133042 0.069517083 -0.663282692 -149.360015869
-0.664895415 0.020873502 0.746644795 422.379425049 0.065804981 0.997359574 0.030717473 -0.299010277 -0.744032145 0.069556847 -0.664513350 -151.119522095
-0.665825844 0.019573007 0.745850384 424.391357422 0.063644961 0.997502148 0.030639306 -0.249069214 -0.743387699 0.067870066 -0.665408373 -152.894897461
-0.666417360 0.018508943 0.745349050 426.402862549 0.060580686 0.997730553 0.029389022 -0.196953773 -0.743113637 0.064739123 -0.666026175 -154.674011230
-0.667290151 0.017818106 0.744584620 428.395446777 0.059541304 0.997790337 0.029483004 -0.151220322 -0.742414117 0.064007267 -0.666876495 -156.432891846
-0.667950630 0.016240327 0.744028330 430.368682861 0.060185999 0.997665882 0.032255292 -0.103724480 -0.741767883 0.066325031 -0.667369008 -158.190261841
-0.667585135 0.015407746 0.744374037 432.349853516 0.062798791 0.997388303 0.035675649 -0.041775703 -0.741880298 0.070562325 -0.666809261 -159.960388184
-0.666558206 0.014471892 0.745312512 434.345947266 0.067461826 0.996880054 0.040976759 0.031543732 -0.742394149 0.077593535 -0.665454865 -161.740585327
-0.665298164 0.013569675 0.746454418 436.347473145 0.070964158 0.996457219 0.045134339 0.111032486 -0.743197441 0.082999304 -0.663904130 -163.506500244
-0.663885295 0.011132348 0.747751594 438.343841553 0.065223858 0.996940911 0.043066252 0.197360992 -0.744984686 0.077362292 -0.662580490 -165.250335693
-0.663460732 0.010166754 0.748142064 440.347534180 0.057740159 0.997621477 0.037647605 0.274841309 -0.745979846 0.068175539 -0.662469745 -166.988494873
-0.661981821 0.007631519 0.749481082 442.353637695 0.052786164 0.997939885 0.036462136 0.336693764 -0.747658789 0.063699491 -0.661020994 -168.734039307
-0.659815490 0.007923673 0.751385868 444.374877930 0.051206343 0.998094082 0.034440584 0.401780128 -0.749680877 0.061200138 -0.658963680 -170.484008789
-0.656823158 0.008511459 0.753996611 446.380371094 0.053231772 0.997964859 0.035105888 0.462608337 -0.752163351 0.063194931 -0.655939519 -172.227447510
-0.654172063 0.008939727 0.756292939 448.386108398 0.054261602 0.997908294 0.035139035 0.531157494 -0.754396856 0.064024642 -0.653288782 -173.953170776
-0.651420236 0.009401949 0.758658886 450.381835938 0.051906757 0.998132706 0.032199878 0.585343361 -0.756939471 0.060355168 -0.650691807 -175.659622192
-0.649847329 0.004217721 0.760053098 452.409118652 0.044394881 0.998487830 0.032416884 0.645484924 -0.758767128 0.054808483 -0.649051964 -177.366943359
-0.649086416 -0.001968007 0.760712147 454.435699463 0.035867434 0.998805344 0.033188265 0.697284698 -0.759868622 0.048826836 -0.648240387 -179.059020996
-0.648626089 -0.005523981 0.761087179 456.469299316 0.028673304 0.999086440 0.031687815 0.748895645 -0.760566950 0.042376425 -0.647875130 -180.751937866
-0.648283899 -0.005915788 0.761375666 458.501403809 0.026968036 0.999163985 0.030725691 0.800182343 -0.760920823 0.040451784 -0.647582471 -182.449981689
-0.647136867 -0.005645428 0.762352943 460.530792236 0.029338095 0.999047458 0.032302372 0.851798058 -0.761809111 0.043270048 -0.646354795 -184.153533936
-0.646109760 -0.006878183 0.763213515 462.564239502 0.030624906 0.998920619 0.034928374 0.904918671 -0.762629867 0.045940910 -0.645201623 -185.826660156
-0.644352317 -0.008553234 0.764680862 464.568450928 0.029756306 0.998899698 0.036246974 0.973590851 -0.764149487 0.046109892 -0.643388927 -187.513702393
-0.643442094 -0.009266626 0.765438616 466.626831055 0.027442075 0.999004900 0.035162557 1.034242630 -0.765002728 0.043630295 -0.642547369 -189.207901001
-0.642611384 -0.008423183 0.766145945 468.632995605 0.026034156 0.999122143 0.032820947 1.094334602 -0.765749872 0.041037075 -0.641827941 -190.853347778
-0.641610384 -0.006872648 0.766999900 470.681701660 0.026744237 0.999151409 0.031324904 1.149373055 -0.766564190 0.040611215 -0.640882134 -192.545806885
-0.640253782 -0.006305708 0.768137574 472.692687988 0.028924290 0.999059260 0.032310180 1.200419426 -0.767618716 0.042904548 -0.639469087 -194.208465576
