0.999999940 0.000000000 0.000000000 0.000000000 0.000000000 1.000000000 0.000000000 0.000000000 0.000000000 0.000000000 1.000000000 0.000000000
0.999995530 -0.002596542 -0.001419539 -0.005102583 0.002600715 0.999992311 0.002946402 -0.015992645 0.001411877 -0.002950081 0.999994636 1.524549246
0.999991298 -0.002998680 -0.002899274 -0.009766011 0.003009399 0.999988675 0.003699793 -0.031947237 0.002888145 -0.003708486 0.999988914 3.044512510
0.999988973 -0.001984111 -0.004247313 -0.027833167 0.001998564 0.999992192 0.003401187 -0.046440057 0.004240530 -0.003409639 0.999985278 4.557315350
0.999983013 -0.001034018 -0.005764752 -0.042247422 0.001053178 0.999993920 0.003321632 -0.063337438 0.005761283 -0.003327645 0.999977946 6.058923721
0.999973536 -0.001191880 -0.007183493 -0.057325009 0.001216206 0.999993443 0.003383063 -0.074819796 0.007179413 -0.003391708 0.999968529 7.559566975
0.999957740 -0.001822772 -0.009010502 -0.076083757 0.001858824 0.999990284 0.003994264 -0.094110638 0.009003139 -0.004010844 0.999951482 9.073984146
0.999935567 -0.003578082 -0.010777443 -0.098631389 0.003611498 0.999988854 0.003082667 -0.107294157 0.010766296 -0.003121391 0.999937236 10.568778038
0.999918163 -0.004561791 -0.011946911 -0.120005503 0.004603068 0.999983490 0.003429829 -0.123285130 0.011931068 -0.003484541 0.999922752 12.060115814
0.999902308 -0.004390302 -0.013266413 -0.142816037 0.004434382 0.999984741 0.003295087 -0.138572037 0.013251743 -0.003353593 0.999906480 13.548105240
0.999888778 -0.004173160 -0.014313537 -0.175211340 0.004220630 0.999985695 0.003287857 -0.153623492 0.014299610 -0.003347903 0.999892056 15.032657623
0.999883115 -0.002628141 -0.015060264 -0.196894586 0.002687804 0.999988556 0.003942727 -0.171163321 0.015049732 -0.003982745 0.999878824 16.502614975
0.999876440 -0.001735054 -0.015624473 -0.230155200 0.001803622 0.999988794 0.004375449 -0.183071643 0.015616708 -0.004403088 0.999868393 17.976036072
0.999866545 -0.000312823 -0.016325392 -0.256015182 0.000406302 0.999983490 0.005722960 -0.203814551 0.016323337 -0.005728831 0.999850333 19.457492828
0.999861419 -0.000293895 -0.016641971 -0.287366748 0.000387434 0.999984086 0.005617734 -0.213076591 0.016640060 -0.005623403 0.999845684 20.921884537
0.999850154 0.000489935 -0.017302817 -0.318595946 -0.000393394 0.999984503 0.005582420 -0.220300242 0.017305277 -0.005574777 0.999834716 22.390684128
0.999850452 0.001491144 -0.017230274 -0.355258554 -0.001386883 0.999980748 0.006061390 -0.230801493 0.017238975 -0.006036586 0.999833167 23.840967178
0.999849617 0.001749587 -0.017253680 -0.381066471 -0.001622081 0.999971271 0.007401318 -0.246309489 0.017266132 -0.007372218 0.999823749 25.299350739
0.999847710 0.002150218 -0.017317530 -0.410586625 -0.002043127 0.999978721 0.006199327 -0.260947168 0.017330494 -0.006163002 0.999830782 26.738370895
0.999844670 0.002555714 -0.017437894 -0.442774922 -0.002487326 0.999989212 0.003942348 -0.268896282 0.017447786 -0.003898361 0.999840200 28.167316437
0.999858797 0.000886616 -0.016776323 -0.476729929 -0.000822174 0.999992251 0.003847752 -0.283061534 0.016779605 -0.003833416 0.999851823 29.599208832
0.999858618 -0.000237479 -0.016809421 -0.503503501 0.000348655 0.999978125 0.006611237 -0.299292088 0.016807484 -0.006616164 0.999836743 31.008949280
0.999866068 -0.001598531 -0.016290832 -0.536829829 0.001726552 0.999967694 0.007847398 -0.310717762 0.016277757 -0.007874473 0.999836504 32.432018280
0.999871731 -0.001876846 -0.015908174 -0.570833623 0.001989636 0.999972939 0.007077221 -0.319208980 0.015894460 -0.007107967 0.999848366 33.835903168
0.999877036 -0.002123143 -0.015532073 -0.592101336 0.002206242 0.999983370 0.005334968 -0.334578454 0.015520488 -0.005368581 0.999865115 35.227516174
0.999885142 -0.000850247 -0.015127540 -0.621905923 0.000918561 0.999989510 0.004509478 -0.348323345 0.015123542 -0.004522856 0.999875367 36.580101013
0.999895513 -0.000819688 -0.014429647 -0.641569316 0.000872752 0.999992907 0.003671459 -0.366136581 0.014426538 -0.003683669 0.999889135 37.945259094
0.999915063 -0.000381603 -0.013023850 -0.669159412 0.000446129 0.999987602 0.004951946 -0.384728521 0.013021802 -0.004957336 0.999902844 39.278236389
0.999933362 0.000196207 -0.011546959 -0.693797588 -0.000117168 0.999976575 0.006845231 -0.398263603 0.011548031 -0.006843421 0.999909878 40.609996796
0.999950469 -0.000249334 -0.009958721 -0.711652577 0.000328263 0.999968588 0.007924775 -0.413035125 0.009956431 -0.007927650 0.999919057 41.903839111
0.999970138 0.000265909 -0.007721996 -0.723454118 -0.000199234 0.999962628 0.008633943 -0.426984668 0.007724007 -0.008632147 0.999932885 43.190635681
0.999990880 -0.000050067 -0.004270677 -0.740137458 0.000084618 0.999967277 0.008090433 -0.439100295 0.004270135 -0.008090720 0.999958158 44.460506439
0.999999583 -0.000674539 -0.000698997 -0.751293898 0.000678889 0.999980271 0.006242208 -0.452532083 0.000694777 -0.006242678 0.999980271 45.711914062
0.999995649 -0.000896945 0.002784320 -0.748362184 0.000884400 0.999989450 0.004503506 -0.466767728 -0.002788327 -0.004501024 0.999985993 46.930660248
0.999980569 -0.000498646 0.006201155 -0.738395095 0.000465382 0.999985456 0.005364493 -0.483737081 -0.006203737 -0.005361503 0.999966383 48.140518188
0.999931037 -0.000748378 0.011720030 -0.733259022 0.000685538 0.999985397 0.005364852 -0.499778926 -0.011723871 -0.005356447 0.999916911 49.372726440
0.999826431 0.000945651 0.018605670 -0.718010426 -0.001019961 0.999991596 0.003984870 -0.506906211 -0.018601745 -0.004003156 0.999818981 50.561759949
0.999657691 0.002493768 0.026041701 -0.696721315 -0.002595070 0.999989271 0.003856923 -0.517573118 -0.026031801 -0.003923183 0.999653399 51.760307312
0.999409258 0.003333732 0.034204062 -0.655545831 -0.003501537 0.999982119 0.004847312 -0.530009151 -0.034187291 -0.004964216 0.999403119 52.950389862
0.998990357 0.005666451 0.044565864 -0.612130642 -0.005928270 0.999965906 0.005744912 -0.544308543 -0.044531789 -0.006003309 0.998989999 54.122676849
0.998318315 0.008051867 0.057410821 -0.561678410 -0.008384136 0.999949455 0.005549032 -0.556361794 -0.057363249 -0.006021039 0.998335242 55.251258850
0.997344911 0.009734802 0.072170109 -0.489482403 -0.010184371 0.999930918 0.005863936 -0.567326069 -0.072108053 -0.006583372 0.997375131 56.385482788
0.996015489 0.012296839 0.088328332 -0.404851913 -0.012998841 0.999888241 0.007376823 -0.583149374 -0.088227764 -0.008495593 0.996064067 57.499168396
0.994268715 0.012225592 0.106208540 -0.293350220 -0.013154726 0.999880970 0.008052044 -0.591785192 -0.106097475 -0.009403039 0.994311273 58.614063263
0.992055714 0.012217549 0.125204265 -0.165513515 -0.013240429 0.999885380 0.007340757 -0.603488386 -0.125100240 -0.008940198 0.992103815 59.712497711
0.989291906 0.011446654 0.145500764 -0.007969856 -0.012492981 0.999902248 0.006279481 -0.606048226 -0.145414650 -0.008029976 0.989338279 60.812210083
0.986035109 0.008171130 0.166337013 0.164669991 -0.009314917 0.999938071 0.006097325 -0.623216808 -0.166276872 -0.007561591 0.986050308 61.853565216
0.982224286 0.003309726 0.187682062 0.366198540 -0.004976086 0.999952316 0.008408170 -0.631828845 -0.187645271 -0.009192630 0.982193887 62.888603210
0.977429211 -0.002223837 0.211250916 0.582394600 0.000156746 0.999951899 0.009801248 -0.641298592 -0.211262554 -0.009546915 0.977382720 63.925624847
0.972012579 -0.007175131 0.234818757 0.836401939 0.005151658 0.999944150 0.009229472 -0.649987996 -0.234871864 -0.007761457 0.971995354 64.933860779
0.965507150 -0.012988625 0.260052234 1.106208801 0.011403400 0.999906063 0.007603627 -0.660499632 -0.260126591 -0.004375875 0.965564609 65.924972534
0.958079278 -0.017091813 0.285992891 1.411283493 0.015318645 0.999847054 0.008436296 -0.666270256 -0.286093354 -0.003701616 0.958194554 66.904396057
0.949442208 -0.019333564 0.313346207 1.718606949 0.016836081 0.999801278 0.010674570 -0.674656093 -0.313490421 -0.004859366 0.949578881 67.857276917
0.939770103 -0.023895124 0.340971231 2.064018250 0.020490041 0.999697745 0.013584640 -0.677393556 -0.341192782 -0.005779920 0.939975500 68.803169250
0.928876519 -0.026751503 0.369422257 2.432088852 0.023518112 0.999635696 0.013254035 -0.684919536 -0.369642109 -0.003623248 0.929167330 69.711265564
0.916759431 -0.025806207 0.398605287 2.818571091 0.024014963 0.999666631 0.009487238 -0.688002229 -0.398717225 0.000874976 0.917073548 70.609954834
0.903801441 -0.027515717 0.427066445 3.239774704 0.028444717 0.999586463 0.004205358 -0.695990860 -0.427005589 0.008346976 0.904210448 71.470245361
0.889667332 -0.029407876 0.455661118 3.683094025 0.032089721 0.999483168 0.001851162 -0.703979015 -0.455480129 0.012975121 0.890151322 72.320053101
0.873990238 -0.030088166 0.485011220 4.151187897 0.031487178 0.999490261 0.005264494 -0.713325858 -0.484922349 0.010670520 0.874492288 73.160934448
0.856318414 -0.028874582 0.515640438 4.645353317 0.027144041 0.999572158 0.010895731 -0.719907999 -0.515734553 0.004666354 0.856735885 73.987190247
0.836633325 -0.029237378 0.546982527 5.162286758 0.025372773 0.999571085 0.014620456 -0.726659596 -0.547175348 0.001646500 0.837016404 74.788269043
0.815600872 -0.023210673 0.578149199 5.700408936 0.021378700 0.999721706 0.009976188 -0.731464624 -0.578219712 0.004223487 0.815870166 75.556457520
0.793555617 -0.016150555 0.608283281 6.262126923 0.018181229 0.999830723 0.002827638 -0.736444294 -0.608226001 0.008815448 0.793715000 76.296188354
0.771035671 -0.013697987 0.636644602 6.856834412 0.017424155 0.999848008 0.000410370 -0.734002769 -0.636553526 0.010776584 0.771157265 77.032920837
0.747636676 -0.016158234 0.663911402 7.479827881 0.018375454 0.999824464 0.003640899 -0.742339611 -0.663853765 0.009477601 0.747802556 77.732070923
0.723462880 -0.016740577 0.690160275 8.119060516 0.018741779 0.999813616 0.004605412 -0.759394288 -0.690108776 0.009602986 0.723641992 78.392486572
0.697776914 -0.014786843 0.716162443 8.774795532 0.019720212 0.999804497 0.001429347 -0.764505267 -0.716043651 0.013125512 0.697932124 79.048202515
0.671674728 -0.012713933 0.740737140 9.451831818 0.019654278 0.999806583 -0.000661240 -0.774843156 -0.740585387 0.015002794 0.671794772 79.650009155
0.644577086 -0.009945034 0.764474630 10.149494171 0.017549967 0.999844313 -0.001790534 -0.782504737 -0.764337838 0.014570639 0.644651353 80.244613647
0.616588116 -0.008204061 0.787243187 10.863800049 0.017253254 0.999846280 -0.003093516 -0.794421315 -0.787096858 0.015489924 0.616635084 80.802879333
0.587426424 -0.002106935 0.809274793 11.597522736 0.016078314 0.999829531 -0.009067687 -0.813408732 -0.809117854 0.018338373 0.587360263 81.355659485
0.557511747 0.007326288 0.830136716 12.356315613 0.014771304 0.999715209 -0.018743150 -0.828048170 -0.830037653 0.022711726 0.557244718 81.865242004
0.526586354 0.015594678 0.849978566 13.129924774 0.013642775 0.999547899 -0.026790939 -0.852437198 -0.850012243 0.025703808 0.526135504 82.347442627
0.494763613 0.020615324 0.868783057 13.942333221 0.011014372 0.999489367 -0.029989431 -0.878509700 -0.868957758 0.024406787 0.494284004 82.819923401
0.462153792 0.019978955 0.886574805 14.771848679 0.009193882 0.999584436 -0.027318219 -0.911258757 -0.886752188 0.020776281 0.461778104 83.259773254
0.429191142 0.019017063 0.903013408 15.613752365 0.004499340 0.999720752 -0.023192162 -0.940202653 -0.903202415 0.014016836 0.428985864 83.655921936
0.394415796 0.020100670 0.918712199 16.496423721 0.000424426 0.999756634 -0.022056073 -0.973356783 -0.918932021 0.009089188 0.394311309 84.065887451
0.359204054 0.023273058 0.932968855 17.370342255 -0.006938290 0.999727964 -0.022267055 -0.999534011 -0.933233261 0.001525208 0.359267831 84.416419983
0.323576957 0.025354899 0.945862114 18.274372101 -0.011961907 0.999670565 -0.022705166 -1.023218632 -0.946126223 -0.003967448 0.323773742 84.728126526
0.287042499 0.024318937 0.957609117 19.191987991 -0.014212532 0.999675751 -0.021127049 -1.057114124 -0.957812428 -0.007545691 0.287295073 85.028999329
0.250551671 0.023984335 0.967806101 20.122652054 -0.015062142 0.999668598 -0.020874582 -1.085151196 -0.967986107 -0.009347072 0.250829875 85.275436401
0.215129703 0.023425383 0.976304531 21.071104050 -0.014238255 0.999681234 -0.020848867 -1.113251686 -0.976481676 -0.009415664 0.215394676 85.473251343
0.179118916 0.022348566 0.983573616 22.031780243 -0.012837488 0.999709785 -0.020377375 -1.140876293 -0.983743668 -0.008976639 0.179353848 85.665718079
0.145036072 0.021367598 0.989195645 22.996290207 -0.004694323 0.999770343 -0.020907739 -1.170245290 -0.989415288 -0.001611225 0.145103112 85.787704468
0.110971436 0.024492057 0.993521869 23.952697754 -0.002429353 0.999699950 -0.024373019 -1.204461575 -0.993820548 0.000291093 0.110997684 85.893821716
0.078307927 0.029535100 0.996491611 24.944881439 -0.001529328 0.999563396 -0.029505968 -1.237288117 -0.996928096 0.000786589 0.078318909 85.977668762
0.049284548 0.033239517 0.998231590 25.918636322 0.005316427 0.999423146 -0.033541676 -1.273319721 -0.998770654 0.006960112 0.049079411 86.015281677
0.023986634 0.031615507 0.999212265 26.906856537 0.007267850 0.999467909 -0.031798068 -1.309171915 -0.999685884 0.008024855 0.023744106 86.031250000
0.001416182 0.028552977 0.999591291 27.934581757 0.008646060 0.999554515 -0.028564177 -1.345185995 -0.999961615 0.008682978 0.001168680 86.038299561
-0.017440386 0.026136834 0.999506235 28.928279877 0.008787737 0.999623775 -0.025986569 -1.379143953 -0.999809325 0.008330184 -0.017663505 86.018341064
-0.034120925 0.029117653 0.998993397 29.915546417 0.011018452 0.999525607 -0.028756831 -1.419583559 -0.999356985 0.010026154 -0.034425579 85.987167358
-0.048787788 0.033647232 0.998242259 30.933597565 0.013194735 0.999366879 -0.033040266 -1.450746298 -0.998722076 0.011559583 -0.049200866 85.936073303
-0.060837042 0.038880877 0.997390151 31.926753998 0.017304411 0.999131858 -0.037893277 -1.490338564 -0.997997761 0.014953935 -0.061457045 85.872619629
-0.069460288 0.042186201 0.996692300 32.922344208 0.022526216 0.998917043 -0.040710498 -1.539153814 -0.997330427 0.019623946 -0.070335373 85.795227051
-0.075480819 0.047645871 0.996008277 33.937938690 0.027184660 0.998584867 -0.045708988 -1.589595675 -0.996776640 0.023626002 -0.076669239 85.711029053
-0.078939617 0.052687027 0.995486140 34.937675476 0.028966842 0.998301923 -0.050539054 -1.639564157 -0.996458530 0.024846561 -0.080331750 85.629516602
-0.081925526 0.056451216 0.995038390 35.945137024 0.030744633 0.998062551 -0.054091454 -1.701277494 -0.996164322 0.026160622 -0.083502360 85.543495178
-0.084510192 0.059448730 0.994647622 36.943870544 0.031148566 0.997888386 -0.056995891 -1.762316465 -0.995935738 0.026165115 -0.086183473 85.458007812
-0.086634628 0.062929064 0.994250596 37.971549988 0.032646738 0.997646332 -0.060299292 -1.826821327 -0.995705128 0.027235037 -0.088485137 85.358558655
-0.088578179 0.066908307 0.993819416 38.979778290 0.033787806 0.997369051 -0.064135812 -1.891712308 -0.995496035 0.027897948 -0.090605810 85.261955261
-0.090636887 0.068199754 0.993545949 39.987327576 0.036776260 0.997201145 -0.065095730 -1.963168621 -0.995204866 0.030638833 -0.092891328 85.166320801
-0.092998609 0.066792034 0.993423343 41.002445221 0.036842458 0.997295022 -0.063603371 -2.035974741 -0.994984329 0.030685136 -0.095207833 85.074928284
-0.095284775 0.066613600 0.993218720 42.023429871 0.035953544 0.997337759 -0.063440651 -2.106101513 -0.994800568 0.029664807 -0.097426102 84.979347229
-0.097581133 0.067896806 0.992908776 43.047294617 0.035712250 0.997266471 -0.064685069 -2.175326824 -0.994586647 0.029146975 -0.099739149 84.883033752
-0.099876769 0.070250914 0.992516696 44.072574615 0.035509229 0.997120678 -0.067003526 -2.249896765 -0.994366050 0.028551413 -0.102083735 84.775070190
-0.102460101 0.072410710 0.992098033 45.104637146 0.033882841 0.997022331 -0.069270849 -2.329228163 -0.994159937 0.026517598 -0.104608461 84.668830872
-0.104839809 0.075801410 0.991595984 46.129161835 0.031271540 0.996849120 -0.072896674 -2.408562660 -0.993997276 0.023366256 -0.106879920 84.562431335
-0.107245862 0.080122918 0.990998805 47.167716980 0.027674260 0.996601939 -0.077581018 -2.485704184 -0.993847251 0.019104905 -0.109098792 84.459297180
-0.109863825 0.082650557 0.990504265 48.212162018 0.024990445 0.996451437 -0.080374934 -2.566969872 -0.993632376 0.015922846 -0.111539453 84.341636658
-0.113100946 0.080987521 0.990277290 49.254066467 0.022868864 0.996620774 -0.078894407 -2.654903173 -0.993320346 0.013723484 -0.114570841 84.234909058
-0.115311697 0.076977551 0.990342200 50.322360992 0.020119416 0.996969283 -0.075150043 -2.741760015 -0.993125498 0.011259429 -0.116510957 84.100791931
-0.117717519 0.075287685 0.990189075 51.374382019 0.020471668 0.997093976 -0.073378943 -2.827490807 -0.992835999 0.011632834 -0.118916698 83.979660034
-0.119980417 0.075543165 0.989897966 52.408668518 0.019779157 0.997084677 -0.073694296 -2.915322781 -0.992579222 0.010737473 -0.121124834 83.863319397
-0.121128090 0.078510784 0.989527106 53.474254608 0.020781230 0.996849477 -0.076547913 -2.998318434 -0.992419362 0.011291492 -0.122378014 83.735061646
-0.121811360 0.081385680 0.989211023 54.541641235 0.021499358 0.996615112 -0.079347432 -3.082755566 -0.992320359 0.011601986 -0.123148799 83.602561951
-0.121906683 0.082037687 0.989145398 55.597476959 0.020331649 0.996575594 -0.080148160 -3.172952175 -0.992333353 0.010340358 -0.123157196 83.469268799
-0.122242026 0.080522701 0.989228427 56.663162231 0.017174009 0.996725857 -0.079010710 -3.265319109 -0.992351830 0.007330589 -0.123224691 83.348350525
-0.122152522 0.079953358 0.989285827 57.714443207 0.013537575 0.996791422 -0.078888409 -3.353895903 -0.992419004 0.003756110 -0.122842982 83.227539062
-0.122054435 0.081066266 0.989207268 58.794151306 0.009824849 0.996708751 -0.080468751 -3.448906660 -0.992474735 -0.000102756 -0.122449175 83.095954895
-0.122056440 0.081186511 0.989197135 59.866825104 0.005929796 0.996690750 -0.081069857 -3.541165590 -0.992505372 -0.004029358 -0.122133948 82.971122742
-0.122476630 0.080453508 0.989205062 60.947845459 0.002340373 0.996729612 -0.080775701 -3.638038635 -0.992468655 -0.007578025 -0.122264363 82.844902039
-0.122799501 0.075501114 0.989555359 62.057922363 0.002913237 0.997125149 -0.075717144 -3.724632978 -0.992427289 -0.006415219 -0.122666411 82.714309692
-0.123152889 0.066911757 0.990129292 63.152339935 0.006137638 0.997756600 -0.066663794 -3.809896231 -0.992368817 -0.002132784 -0.123287275 82.583000183
-0.122843161 0.061436266 0.990522563 64.248352051 0.012253172 0.998099923 -0.060386606 -3.894930363 -0.992350578 0.004718963 -0.123362526 82.441833496
-0.121937104 0.064141519 0.990463078 65.359489441 0.020722721 0.997856736 -0.062069133 -3.964031219 -0.992321491 0.012956563 -0.123004965 82.287979126
-0.120620906 0.069541946 0.990259826 66.446403503 0.026221871 0.997418344 -0.066850670 -4.039565086 -0.992352366 0.017902877 -0.122133031 82.149543762
-0.119881183 0.074976511 0.989953041 67.547080994 0.029971102 0.996963084 -0.071878016 -4.123521805 -0.992335796 0.021053158 -0.121764250 82.012634277
-0.119602054 0.079547189 0.989630222 68.635841370 0.030406460 0.996610940 -0.076433517 -4.207984924 -0.992356241 0.020949543 -0.121615477 81.890357971
-0.119174361 0.077236824 0.989864647 69.754814148 0.027052078 0.996852040 -0.074525103 -4.288402081 -0.992504895 0.017896414 -0.120888621 81.760681152
-0.118945710 0.072580881 0.990244508 70.850372314 0.026895620 0.997194171 -0.069859624 -4.379567146 -0.992536604 0.018323733 -0.120564073 81.638847351
-0.118571177 0.070229560 0.990458786 72.017791748 0.024648087 0.997396469 -0.067770794 -4.466232300 -0.992639542 0.016377255 -0.119993486 81.485961914
-0.118553929 0.071157530 0.990394652 73.145622253 0.022642164 0.997363389 -0.068947867 -4.545088291 -0.992689431 0.014250640 -0.119852483 81.357833862
-0.118442506 0.075973079 0.990050197 74.275474548 0.023977514 0.996996880 -0.073637635 -4.635586739 -0.992671371 0.015017118 -0.119908445 81.225250244
-0.117773637 0.078721300 0.989915252 75.420379639 0.023244090 0.996798277 -0.076503225 -4.720262527 -0.992768407 0.013999614 -0.119226366 81.085693359
-0.117080413 0.077628195 0.990083754 76.561218262 0.023438383 0.996878624 -0.075389288 -4.807705879 -0.992845893 0.014379355 -0.118534438 80.949569702
-0.116649017 0.070927925 0.990637302 77.714355469 0.025178852 0.997337162 -0.068442792 -4.899338722 -0.992853999 0.016959328 -0.118124291 80.815093994
-0.117304966 0.069537111 0.990658402 78.865913391 0.024331419 0.997447371 -0.067132540 -4.979534149 -0.992797852 0.016229142 -0.118697472 80.680679321
-0.116430841 0.072682552 0.990535796 80.007186890 0.022119123 0.997261167 -0.070576094 -5.064251900 -0.992952466 0.013692543 -0.117719628 80.547027588
-0.116630718 0.075697251 0.990286469 81.172744751 0.021032501 0.997056007 -0.073737614 -5.149424553 -0.992952645 0.012228133 -0.117879450 80.420242310
-0.116505884 0.074854381 0.990365207 82.339012146 0.019841673 0.997132301 -0.073031679 -5.241405010 -0.992991805 0.011141881 -0.117656998 80.288436890
-0.115958534 0.071651764 0.990666389 83.520103455 0.019792316 0.997363269 -0.069819421 -5.328997135 -0.993056953 0.011511421 -0.117070965 80.147880554
-0.115402021 0.070491247 0.990814388 84.693130493 0.019560760 0.997446656 -0.068684809 -5.420099258 -0.993126214 0.011454719 -0.116486222 80.012802124
-0.114232056 0.070961811 0.990916371 85.880439758 0.021068016 0.997394383 -0.068997003 -5.507974148 -0.993230641 0.012994975 -0.115429446 79.878547668
-0.113012508 0.071373068 0.991026700 87.073524475 0.023426026 0.997330785 -0.069155693 -5.595963478 -0.993317425 0.015400359 -0.114382848 79.735008240
-0.111602366 0.070649192 0.991238475 88.272888184 0.023738207 0.997374535 -0.068413876 -5.686093330 -0.993469357 0.015895072 -0.112986438 79.587356567
-0.110590093 0.071692772 0.991276979 89.471755981 0.024570080 0.997287273 -0.069386341 -5.770443916 -0.993562341 0.016682314 -0.112051584 79.458343506
-0.109345175 0.069828540 0.991548121 90.662750244 0.024002489 0.997424126 -0.067595407 -5.861803055 -0.993713975 0.016408389 -0.110739551 79.331779480
-0.108031824 0.068488896 0.991785586 91.884727478 0.023172693 0.997526526 -0.066361226 -5.955392838 -0.993877351 0.015813217 -0.109351709 79.189483643
-0.106452681 0.068097465 0.991983175 93.100028992 0.024370186 0.997530997 -0.065863073 -6.038891792 -0.994019032 0.017163513 -0.107849412 79.060218811
-0.104273051 0.068497814 0.992187142 94.324989319 0.022296626 0.997535586 -0.066523820 -6.132572651 -0.994298756 0.015185780 -0.105543382 78.928527832
-0.103778422 0.071257792 0.992044449 95.550712585 0.022209780 0.997347534 -0.069315322 -6.215741634 -0.994352400 0.014839659 -0.105085775 78.807907104
-0.103057496 0.069979385 0.992210567 96.769317627 0.019607292 0.997471154 -0.068313867 -6.302113533 -0.994482100 0.012414309 -0.104169004 78.693748474
-0.102152444 0.068752050 0.992390096 98.016746521 0.016602647 0.997587681 -0.067403130 -6.397902012 -0.994630277 0.009590909 -0.103047475 78.565711975
-0.102371283 0.069831267 0.992292166 99.254730225 0.013752570 0.997536957 -0.068781547 -6.484544754 -0.994651198 0.006605314 -0.103079505 78.446372986
-0.101940401 0.069204003 0.992380500 100.483169556 0.010884939 0.997595191 -0.068449505 -6.576062202 -0.994730949 0.003824228 -0.102448538 78.314422607
-0.103077590 0.066597380 0.992441416 101.728134155 0.007988214 0.997779250 -0.066125914 -6.667382717 -0.994641185 0.001111733 -0.103380680 78.191162109
-0.104284324 0.065149881 0.992411256 102.990028381 0.005950349 0.997875094 -0.064883292 -6.758151531 -0.994529665 -0.000861115 -0.104450397 78.065116882
-0.106129937 0.064717636 0.992243946 104.252410889 0.003732206 0.997898519 -0.064687267 -6.843498230 -0.994345248 -0.003161995 -0.106148466 77.945755005
-0.107338138 0.064310387 0.992140472 105.505455017 0.004106944 0.997925878 -0.064241104 -6.940287113 -0.994214118 -0.002820854 -0.107379623 77.809173584
-0.109442867 0.063154921 0.991984725 106.762344360 0.003760341 0.997998655 -0.063122936 -7.026257038 -0.993986011 -0.003178153 -0.109461330 77.673599243
-0.113096170 0.058122393 0.991882503 108.028717041 -0.000022885 0.998287439 -0.058500316 -7.114413738 -0.993584216 -0.006638859 -0.112901144 77.546768188
-0.117685139 0.058261074 0.991340280 109.286148071 -0.000836411 0.998271465 -0.058767695 -7.194166183 -0.993050575 -0.007745252 -0.117432967 77.406677246
-0.122855738 0.064259440 0.990341902 110.526092529 -0.004820642 0.997851193 -0.065344699 -7.279139042 -0.992412865 -0.012802056 -0.122281976 77.255615234
-0.130356371 0.067382656 0.989174724 111.745635986 -0.004079259 0.997642934 -0.068497084 -7.365847588 -0.991458833 -0.012964131 -0.129774272 77.108634949
-0.138797387 0.063420340 0.988287985 112.999435425 -0.002233682 0.997924626 -0.064352468 -7.458455563 -0.990318298 -0.011139476 -0.138367683 76.926742554
-0.149471760 0.061252460 0.986866891 114.227409363 0.000036127 0.998079598 -0.061942946 -7.549554348 -0.988766074 -0.009223072 -0.149186969 76.743186951
-0.162500933 0.062125940 0.984750569 115.454948425 0.000117782 0.998017073 -0.062943451 -7.638915062 -0.986708343 -0.010112384 -0.162186041 76.548820496
-0.176445872 0.062265165 0.982339084 116.671356201 0.002319850 0.998020768 -0.062842458 -7.726751328 -0.984307587 -0.008809411 -0.176241070 76.332603455
-0.191025987 0.060132451 0.979741395 117.886291504 0.002521726 0.998148561 -0.060770534 -7.814854622 -0.981581748 -0.009138114 -0.190824002 76.104278564
-0.206035674 0.062634625 0.976537883 119.086135864 0.006766836 0.998016775 -0.062584564 -7.903753757 -0.978521049 -0.006286580 -0.206050903 75.848060608
-0.221668392 0.066072084 0.972881079 120.266281128 0.006521292 0.997779965 -0.066277206 -7.990800381 -0.975100279 -0.008347121 -0.221607149 75.591522217
-0.236894712 0.069917664 0.969016135 121.433074951 0.006191204 0.997495472 -0.070458978 -8.080251694 -0.971515596 -0.010691982 -0.236734271 75.313682556
-0.252700478 0.067838080 0.965163410 122.607452393 0.002954411 0.997588456 -0.069343612 -8.176397324 -0.967540085 -0.014671673 -0.252291501 75.015014648
-0.268878847 0.062224913 0.961161911 123.767745972 -0.002619433 0.997859955 -0.065333493 -8.266085625 -0.963170409 -0.020084493 -0.268140554 74.710372925
-0.284678757 0.058013026 0.956865907 124.955810547 -0.006559952 0.998025835 -0.062460136 -8.355491638 -0.958600521 -0.024058066 -0.283736169 74.380157471
-0.300264984 0.059360109 0.952006936 126.103454590 -0.008533041 0.997854531 -0.064910159 -8.441768646 -0.953817666 -0.027613765 -0.299114227 74.038253784
-0.313944519 0.061563313 0.947443247 127.257354736 -0.008345550 0.997678041 -0.067592867 -8.528166771 -0.949404776 -0.029127339 -0.312701732 73.657424927
-0.327995926 0.063790791 0.942522883 128.390792847 -0.006970636 0.997526884 -0.069939278 -8.619520187 -0.944653451 -0.029509781 -0.326740086 73.275444031
-0.342187434 0.063213713 0.937502861 129.523590088 -0.004587955 0.997610092 -0.068941221 -8.723006248 -0.939620674 -0.027892044 -0.341079652 72.870605469
-0.356270105 0.061072525 0.932384908 130.646789551 -0.004985620 0.997723162 -0.067257322 -8.816383362 -0.934369683 -0.028610293 -0.355154485 72.453903198
-0.370604157 0.060115349 0.926843464 131.767883301 -0.004708088 0.997768700 -0.066598140 -8.908576965 -0.928779006 -0.029045207 -0.369494230 72.008499146
-0.385368466 0.061558720 0.920707226 132.865341187 -0.006149640 0.997578800 -0.069272354 -8.999386787 -0.922742248 -0.032357398 -0.384056896 71.561355591
-0.400751680 0.063840650 0.913959861 133.949157715 -0.005135824 0.997397125 -0.071920753 -9.089925766 -0.916172326 -0.033516299 -0.399380744 71.104187012
-0.415164679 0.065315939 0.907398522 135.065643311 -0.003988384 0.997278988 -0.073610500 -9.189261436 -0.909737587 -0.034179524 -0.413774550 70.607757568
-0.429271251 0.068139881 0.900601566 136.148162842 -0.000730334 0.997123420 -0.075790867 -9.286340714 -0.903175294 -0.033192582 -0.427986681 70.088829041
-0.444687814 0.070959717 0.892870307 137.228454590 -0.001705714 0.996787965 -0.080067933 -9.388257980 -0.895683944 -0.037128232 -0.443138510 69.573944092
-0.459457397 0.073439933 0.885158479 138.289108276 -0.000533010 0.996552825 -0.082958788 -9.486536980 -0.888199568 -0.038587835 -0.457834482 69.028091431
-0.475115687 0.070563123 0.877089441 139.374679565 -0.002036261 0.996688545 -0.081288092 -9.590717316 -0.879920900 -0.040407240 -0.473398775 68.463546753
-0.491328984 0.065990470 0.868470609 140.445678711 -0.004992647 0.996895790 -0.078573376 -9.695270538 -0.870959759 -0.042941347 -0.489474297 67.877075195
-0.507279932 0.066124268 0.859240711 141.518157959 -0.005331604 0.996791959 -0.079857461 -9.798845291 -0.861764848 -0.045091208 -0.505300045 67.264205933
-0.523200393 0.065299496 0.849704266 142.571426392 -0.006435728 0.996728837 -0.080561079 -9.899596214 -0.852185428 -0.047618046 -0.521068752 66.633918762
-0.538879335 0.064370699 0.839919984 143.610519409 -0.007105674 0.996693254 -0.080944560 -9.996987343 -0.842353046 -0.049587533 -0.536640048 65.971054077
-0.554534018 0.063621119 0.829725564 144.640686035 -0.008552485 0.996584773 -0.082131371 -10.105653763 -0.832117140 -0.052640844 -0.552096128 65.298950195
-0.569848061 0.063113086 0.819322765 145.674942017 -0.008604242 0.996533394 -0.082748115 -10.214337349 -0.821705043 -0.054203510 -0.567329586 64.594009399
-0.585237384 0.060514636 0.808600783 146.689132690 -0.008926618 0.996670067 -0.081050292 -10.319714546 -0.810812831 -0.054651726 -0.582748413 63.878051758
-0.600107133 0.056891628 0.797893882 147.703002930 -0.009378700 0.996898711 -0.078134954 -10.420625687 -0.799864590 -0.054372560 -0.597712517 63.128364563
-0.614944696 0.055309281 0.786628127 148.698120117 -0.008357593 0.997024119 -0.076636128 -10.526697159 -0.788525879 -0.053701304 -0.612652421 62.361667633
-0.629635513 0.053877804 0.775020182 149.674682617 -0.008990844 0.997020125 -0.076615058 -10.627882957 -0.776838601 -0.055207651 -0.627274930 61.581691742
-0.644438922 0.054834202 0.762687087 150.640167236 -0.010164974 0.996722937 -0.080249429 -10.734991074 -0.764588237 -0.059468549 -0.641769648 60.783515930
-0.659739196 0.054143235 0.749541759 151.595489502 -0.012383540 0.996482551 -0.082880892 -10.840657234 -0.751392663 -0.063961752 -0.656748056 59.966243744
-0.675704479 0.050908130 0.735412717 152.547515869 -0.014128047 0.996535122 -0.081965022 -10.951745987 -0.737037241 -0.065774083 -0.672644019 59.126312256
-0.691952050 0.043342941 0.720641017 153.478973389 -0.017723629 0.996875465 -0.076975100 -11.061156273 -0.721725881 -0.066035442 -0.689022005 58.261989594
-0.708785295 0.040642582 0.704252362 154.406250000 -0.018859336 0.996890366 -0.076511510 -11.167199135 -0.705172062 -0.067511968 -0.705814898 57.361629486
-0.726191223 0.038004965 0.686441422 155.303131104 -0.020486234 0.996831119 -0.076862283 -11.273452759 -0.687187493 -0.069879323 -0.723111510 56.440017700
-0.743371546 0.034264419 0.668000460 156.177825928 -0.023610301 0.996720493 -0.077400073 -11.378786087 -0.668461740 -0.073308706 -0.740124822 55.495353699
-0.760227025 0.032290608 0.648854554 157.028289795 -0.023228765 0.996774375 -0.076820880 -11.488634109 -0.649242163 -0.073473409 -0.757024646 54.534183502
-0.776048422 0.034362640 0.629736483 157.848968506 -0.021133315 0.996537089 -0.080421090 -11.593446732 -0.630319297 -0.075719096 -0.772634625 53.538093567
-0.791124642 0.034665063 0.610671878 158.648147583 -0.016637193 0.996803880 -0.078137465 -11.709156990 -0.611428678 -0.071976356 -0.788019240 52.519611359
-0.806100845 0.034871992 0.590749919 159.438461304 -0.013837178 0.996878564 -0.077727161 -11.822402954 -0.591616511 -0.070830226 -0.803102195 51.504821777
-0.820434391 0.036095798 0.570600212 160.182937622 -0.012141180 0.996680021 -0.080506474 -11.932125092 -0.571611941 -0.072978027 -0.817272365 50.457286835
-0.834265232 0.037180178 0.550108194 160.910003662 -0.011540910 0.996327639 -0.084841162 -12.049814224 -0.551242590 -0.077128783 -0.830772519 49.394607544
-0.847243786 0.037572630 0.529873729 161.609375000 -0.008700243 0.996380150 -0.084563263 -12.168017387 -0.531132996 -0.076255746 -0.843850017 48.303592682
-0.858800292 0.035637084 0.511069596 162.280426025 -0.007645790 0.996575058 -0.082339533 -12.285505295 -0.512253582 -0.074620754 -0.855586350 47.191707611
-0.869307578 0.037455320 0.492850155 162.925308228 -0.004663949 0.996458590 -0.083954699 -12.401878357 -0.494249433 -0.075281076 -0.866054416 46.076671600
-0.878710926 0.040331792 0.475647151 163.537246704 -0.001843458 0.996130168 -0.087870948 -12.514514923 -0.477350533 -0.078090020 -0.875236273 44.961463928
-0.887736738 0.037823416 0.458794862 164.140701294 -0.003795759 0.995983720 -0.089454249 -12.634351730 -0.460335672 -0.081153288 -0.884027898 43.827785492
-0.896014690 0.035095625 0.442635179 164.727371216 -0.004722381 0.996061802 -0.088535056 -12.761081696 -0.443999171 -0.081419013 -0.892320454 42.685489655
-0.903198838 0.033100169 0.427944481 165.291839600 -0.005583774 0.996031582 -0.088824756 -12.885358810 -0.429186434 -0.082615964 -0.899429679 41.525230408
-0.909775496 0.031086598 0.413935006 165.836563110 -0.006118052 0.996079326 -0.088252440 -13.011110306 -0.415055543 -0.082822375 -0.906018436 40.351989746
-0.916048467 0.028631605 0.400044143 166.362945557 -0.007134340 0.996127486 -0.087630637 -13.131032944 -0.401004076 -0.083127983 -0.912296891 39.180187225
-0.921609879 0.023793021 0.387387395 166.871398926 -0.009631401 0.996409655 -0.084112152 -13.247516632 -0.387997925 -0.081249684 -0.918072045 37.986183167
-0.926803052 0.020133523 0.375007600 167.387573242 -0.011074100 0.996662557 -0.080877908 -13.367908478 -0.375384361 -0.079110794 -0.923486948 36.787155151
-0.931235492 0.020374905 0.363847822 167.868576050 -0.008500104 0.996949732 -0.077582844 -13.479573250 -0.364318728 -0.075340666 -0.928221822 35.582248688
-0.934314787 0.024613287 0.355598003 168.321212769 -0.003804526 0.996867716 -0.078995980 -13.596944809 -0.356428534 -0.075160012 -0.931294620 34.398986816
-0.936633646 0.029722547 0.349047124 168.785339355 0.001489325 0.996722937 -0.080877870 -13.704973221 -0.350307167 -0.075233102 -0.933608413 33.177936554
-0.938408375 0.032955315 0.343952894 169.221847534 0.004530035 0.996529222 -0.083121561 -13.819054604 -0.345498383 -0.076443858 -0.935300469 31.979335785
-0.940408409 0.029849302 0.338734448 169.683273315 0.002146250 0.996641159 -0.081865571 -13.936330795 -0.340040326 -0.076260060 -0.937313616 30.766075134
-0.942142963 0.023197005 0.334407836 170.133514404 -0.003203069 0.996934175 -0.078178912 -14.053307533 -0.335196167 -0.074726835 -0.939180255 29.517505646
-0.943918288 0.017199907 0.329731077 170.574172974 -0.008728182 0.996993482 -0.076992720 -14.155165672 -0.330064029 -0.075552769 -0.940930188 28.299207687
-0.945587337 0.010341999 0.325203955 171.003814697 -0.015595560 0.996905208 -0.077049971 -14.277965546 -0.324994415 -0.077929214 -0.942499757 27.108293533
-0.946965694 0.007728177 0.321241558 171.451232910 -0.019305576 0.996536613 -0.080883473 -14.374869347 -0.320754081 -0.082795613 -0.943536818 25.862062454
-0.947742879 0.007690631 0.318942577 171.869415283 -0.019837014 0.996354520 -0.082970999 -14.488349915 -0.318418026 -0.084962048 -0.944135308 24.654037476
-0.948140442 0.008237703 0.317744792 172.295898438 -0.019810304 0.996189177 -0.084940054 -14.606529236 -0.317233622 -0.086829737 -0.944364011 23.445940018
-0.947642148 0.011958410 0.319110125 172.693344116 -0.016852155 0.996033370 -0.087370425 -14.718137741 -0.318889111 -0.088173598 -0.943681657 22.200088501
-0.947436631 0.012726383 0.319690257 173.114501953 -0.016547047 0.995922267 -0.088685110 -14.839719772 -0.319515318 -0.089313455 -0.943362713 20.995716095
-0.946878374 0.014047406 0.321284920 173.528518677 -0.016095035 0.995723546 -0.090970248 -14.959720612 -0.321188927 -0.091308847 -0.942603052 19.774215698
-0.946227670 0.015104579 0.323148757 173.948043823 -0.015039685 0.995775342 -0.090582818 -15.086777687 -0.323151886 -0.090572029 -0.942003012 18.570945740
-0.945398986 0.014805922 0.325579107 174.367401123 -0.015638959 0.995756030 -0.090694234 -15.210651398 -0.325540096 -0.090833947 -0.941155016 17.378425598
-0.944232225 0.013427065 0.329006255 174.792465210 -0.017250486 0.995779157 -0.090146795 -15.341150284 -0.328827947 -0.090795033 -0.940015137 16.196140289
-0.942494035 0.011633190 0.334020287 175.223403931 -0.019097254 0.995886981 -0.088570610 -15.454229355 -0.333676815 -0.089856170 -0.938395202 14.992778778
-0.940642715 0.009402537 0.339268118 175.666046143 -0.020829393 0.996132612 -0.085357845 -15.578848839 -0.338758588 -0.087357976 -0.936809063 13.814178467
-0.938134491 0.006620009 0.346207947 176.112701416 -0.023467926 0.996302843 -0.082642853 -15.695459366 -0.345475078 -0.085654870 -0.934510767 12.628295898
-0.935727358 0.008728473 0.352616400 176.567199707 -0.021889437 0.996329904 -0.082749948 -15.806333542 -0.352044523 -0.085149944 -0.932102084 11.462226868
-0.932232022 0.009746972 0.361729801 177.012908936 -0.021458941 0.996388853 -0.082151055 -15.926225662 -0.361224264 -0.084346183 -0.928656459 10.293125153
-0.928370416 0.012441386 0.371447980 177.475921631 -0.020567473 0.996188164 -0.084771484 -16.037145615 -0.371086717 -0.086339086 -0.924575686 9.137355804
-0.924026847 0.013719412 0.382081091 177.949676514 -0.019638728 0.996333539 -0.083269790 -16.156703949 -0.381822675 -0.084447116 -0.920369565 7.983592987
-0.919245780 0.016493494 0.393338561 178.448196411 -0.018274000 0.996257365 -0.084482096 -16.270164490 -0.393259794 -0.084847681 -0.915503979 6.824306488
-0.913975954 0.017891256 0.405373961 178.969757080 -0.018506374 0.996149838 -0.085690655 -16.386508942 -0.405346245 -0.085821196 -0.910125792 5.701091766
-0.907757461 0.019977504 0.419019639 179.498779297 -0.017300963 0.996232569 -0.084977679 -16.506942749 -0.419138640 -0.084388554 -0.903991938 4.553649902
-0.901380897 0.019274278 0.432597876 180.049438477 -0.018491270 0.996384442 -0.082922883 -16.616102219 -0.432632089 -0.082744390 -0.897765458 3.392181396
-0.894970059 0.021681743 0.445599169 180.616271973 -0.017137274 0.996410370 -0.082902431 -16.736625671 -0.445797026 -0.081831545 -0.891385794 2.260704041
-0.887931108 0.024211500 0.459338814 181.180419922 -0.015517637 0.996468723 -0.082519896 -16.839982986 -0.459714621 -0.080399826 -0.884419739 1.146087646
-0.880702198 0.026043676 0.472953826 181.774444580 -0.013606048 0.996684372 -0.080219671 -16.946100235 -0.473474830 -0.077084690 -0.877427757 0.041824341
-0.873027861 0.027964998 0.486867934 182.380950928 -0.011377628 0.996914744 -0.077663176 -17.052261353 -0.487537593 -0.073341519 -0.870016217 -1.048110962
-0.864817142 0.030632313 0.501151741 182.992553711 -0.008263292 0.997133613 -0.075208262 -17.166530609 -0.502019048 -0.069182560 -0.862085044 -2.115257263
-0.856075287 0.033666428 0.515753806 183.628692627 -0.005170066 0.997268498 -0.073679417 -17.273668289 -0.516825497 -0.065741606 -0.853562713 -3.156799316
-0.845588744 0.036499310 0.532585621 184.270141602 -0.002384300 0.997391641 -0.072139099 -17.378097534 -0.533829570 -0.062269840 -0.843296111 -4.189247131
-0.834663630 0.039308455 0.549355567 184.929870605 0.000283379 0.997480333 -0.070942916 -17.482486725 -0.550759971 -0.059057787 -0.832571805 -5.211471558
-0.823475003 0.041028071 0.565867186 185.615112305 0.001250887 0.997510672 -0.070503950 -17.576635361 -0.567351282 -0.057350397 -0.821476519 -6.211448669
-0.811606586 0.042638622 0.582646251 186.295715332 0.002791536 0.997604668 -0.069117159 -17.685768127 -0.584197700 -0.054469455 -0.809781551 -7.183547974
-0.798376203 0.045323011 0.600450873 187.018417358 0.005040079 0.997631371 -0.068601422 -17.780979156 -0.602137923 -0.051743422 -0.796713650 -8.167831421
-0.785385907 0.045859650 0.617305338 187.770645142 0.006045919 0.997772753 -0.066432454 -17.874366760 -0.618977010 -0.048442952 -0.783913851 -9.106468201
-0.770137608 0.047749948 0.636088014 188.538436890 0.008069964 0.997843683 -0.065135650 -17.964534760 -0.637826920 -0.045030192 -0.768862426 -10.045860291
