1.000000000 0.000000000 0.000000000 0.000000000 0.000000000 1.000000000 0.000000000 0.000000000 0.000000000 0.000000000 1.000000000 0.000000000
0.999998629 0.000807852 0.001449940 -0.006213351 -0.000801231 0.999989271 -0.004560926 -0.002261294 -0.001453609 0.004559758 0.999988556 0.964019716
0.999996662 -0.001437416 0.002149539 -0.002657970 0.001448876 0.999984682 -0.005339684 -0.000943526 -0.002141831 0.005342781 0.999983430 1.918601513
0.999993503 -0.002474973 0.002631220 -0.009538751 0.002478292 0.999996126 -0.001258870 -0.004613180 -0.002628095 0.001265382 0.999995768 2.851485491
0.999985695 -0.004926738 0.002047550 -0.007341121 0.004916556 0.999975622 0.004948705 -0.008255414 -0.002071881 -0.004938569 0.999985635 3.799536705
0.999963820 -0.008491329 0.000467911 -0.004152615 0.008488897 0.999951661 0.004975418 -0.005222641 -0.000510137 -0.004971266 0.999987483 4.737475395
0.999939024 -0.011052177 -0.000234889 -0.004655710 0.011052628 0.999936938 0.002001672 -0.001393914 0.000212751 -0.002004145 0.999997973 5.668557644
0.999929428 -0.011815386 -0.001278691 -0.007624134 0.011813413 0.999929070 -0.001538881 0.004247567 0.001296783 0.001523666 0.999998033 6.596189499
0.999933839 -0.011391145 -0.001610704 -0.016180234 0.011388276 0.999933660 -0.001780461 -0.003727473 0.001630878 0.001762000 0.999997139 7.520378590
0.999932468 -0.011311221 -0.002656360 -0.026092410 0.011311607 0.999935985 0.000130651 -0.002762816 0.002654713 -0.000160690 0.999996483 8.433080673
0.999935865 -0.010905555 -0.003044827 -0.036974624 0.010913504 0.999937057 0.002607071 0.003670657 0.003016204 -0.002640134 0.999991953 9.374171257
0.999929190 -0.011165880 -0.004117978 -0.044540036 0.011183431 0.999928355 0.004264313 0.004856629 0.004070068 -0.004310064 0.999982476 10.298436165
0.999913752 -0.012256571 -0.004709765 -0.048160706 0.012280316 0.999911845 0.005046467 0.007659268 0.004647497 -0.005103870 0.999976099 11.209499359
0.999906182 -0.012510147 -0.005589254 -0.056417532 0.012539344 0.999907732 0.005219599 0.008558525 0.005523439 -0.005289195 0.999970734 12.123440742
0.999900579 -0.012834853 -0.005842263 -0.071694419 0.012857324 0.999909997 0.003825272 0.011156094 0.005792640 -0.003900008 0.999975562 13.021186829
0.999885976 -0.013231172 -0.007276806 -0.080453560 0.013242099 0.999911249 0.001455825 0.022181474 0.007256897 -0.001552019 0.999972403 13.926326752
0.999855876 -0.014432956 -0.008946758 -0.089220084 0.014433200 0.999895871 -0.000037228 0.028744131 0.008946363 -0.000091908 0.999960005 14.831408501
0.999844670 -0.014135625 -0.010532446 -0.108169660 0.014131108 0.999900043 -0.000503064 0.025677323 0.010538504 0.000354150 0.999944329 15.740523338
0.999839544 -0.013108372 -0.012207478 -0.119038396 0.013089159 0.999912918 -0.001652444 0.029156178 0.012228077 0.001492393 0.999924123 16.638437271
0.999835551 -0.012020252 -0.013577526 -0.138248816 0.012000843 0.999926865 -0.001510033 0.028868120 0.013594685 0.001346843 0.999906600 17.528736115
0.999808311 -0.012550100 -0.015025566 -0.157084614 0.012540442 0.999921083 -0.000736831 0.029020937 0.015033629 0.000548263 0.999886811 18.419755936
0.999789715 -0.012138572 -0.016531017 -0.176606685 0.012153415 0.999925792 0.000797643 0.027019184 0.016520109 -0.000998383 0.999863029 19.310390472
0.999766111 -0.011970139 -0.018012039 -0.196810678 0.012000022 0.999926805 0.001551919 0.025780927 0.017992144 -0.001767700 0.999836504 20.189493179
0.999718726 -0.013126968 -0.019750826 -0.211637065 0.013163702 0.999911904 0.001730965 0.024084458 0.019726362 -0.001990472 0.999803424 21.080032349
0.999706328 -0.012259944 -0.020904137 -0.234652355 0.012272779 0.999924541 0.000485911 0.030978795 0.020896604 -0.000742320 0.999781370 21.923389435
0.999671102 -0.012388123 -0.022455849 -0.256418526 0.012410835 0.999922633 0.000872349 0.032000177 0.022443304 -0.001150758 0.999747515 22.785949707
0.999652803 -0.012147628 -0.023385249 -0.281612426 0.012216919 0.999921441 0.002822503 0.033758789 0.023349127 -0.003107219 0.999722600 23.646062851
0.999621630 -0.013330704 -0.024060838 -0.300536603 0.013472913 0.999892592 0.005757854 0.034815710 0.023981502 -0.006079844 0.999693871 24.490631104
0.999593139 -0.013622111 -0.025060756 -0.319653600 0.013809858 0.999877632 0.007333836 0.037913632 0.024957793 -0.007676936 0.999659061 25.332004547
0.999598444 -0.012674575 -0.025348783 -0.352322310 0.012832898 0.999899030 0.006092838 0.040346075 0.025269002 -0.006415688 0.999660134 26.157011032
0.999596357 -0.011043566 -0.026176583 -0.376889527 0.011140317 0.999931574 0.003553078 0.041538700 0.026135556 -0.003843259 0.999651015 26.967622757
0.999576747 -0.010658468 -0.027071716 -0.401457101 0.010705707 0.999941409 0.001600615 0.047746062 0.027053071 -0.001889759 0.999632239 27.770065308
0.999570847 -0.009510175 -0.027706483 -0.434159338 0.009547011 0.999953687 0.001197534 0.051237084 0.027693816 -0.001461534 0.999615371 28.562715530
0.999526381 -0.009884659 -0.029140854 -0.456377804 0.009920503 0.999950230 0.001085738 0.044598557 0.029128669 -0.001374316 0.999574721 29.350574493
0.999457777 -0.009647194 -0.031479515 -0.482327729 0.009657393 0.999953449 0.000171977 0.045118921 0.031476386 -0.000475894 0.999504387 30.126192093
0.999404371 -0.009457708 -0.033188570 -0.513935745 0.009468162 0.999955177 0.000157818 0.045234956 0.033185586 -0.000471959 0.999449074 30.892509460
0.999338150 -0.009793765 -0.035031218 -0.537735462 0.009844013 0.999950767 0.001262156 0.046527654 0.035017136 -0.001606169 0.999385417 31.657567978
0.999254942 -0.009971348 -0.037283421 -0.566888213 0.010110534 0.999942601 0.003546516 0.048848104 0.037245918 -0.003920829 0.999298453 32.411960602
0.999191642 -0.008973361 -0.039186358 -0.599274933 0.009181581 0.999944627 0.005136815 0.049076542 0.039138097 -0.005492455 0.999218762 33.148395538
0.999134660 -0.007851029 -0.040843979 -0.635909617 0.008076094 0.999953091 0.005348311 0.048925567 0.040800069 -0.005673544 0.999151230 33.875316620
0.999077678 -0.005649684 -0.042566162 -0.677626550 0.005852007 0.999972105 0.004629988 0.048873775 0.042538825 -0.004874815 0.999082923 34.581096649
0.999002337 -0.003514520 -0.044518810 -0.713814974 0.003696898 0.999985039 0.004014977 0.052442227 0.044504035 -0.004175552 0.999000490 35.290157318
0.998920381 -0.003395467 -0.046330806 -0.739808977 0.003621364 0.999981940 0.004792679 0.057551224 0.046313688 -0.004955285 0.998914659 36.005691528
0.998882055 -0.001640876 -0.047243197 -0.786094546 0.001968009 0.999974370 0.006878758 0.058809780 0.047230698 -0.006964044 0.998859763 36.679729462
0.998886108 0.001087716 -0.047174282 -0.824779510 -0.000749384 0.999973834 0.007189063 0.063840032 0.047180865 -0.007145703 0.998860836 37.374214172
0.998919427 0.003277680 -0.046358995 -0.852003038 -0.003042989 0.999982297 0.005132125 0.065743670 0.046374988 -0.004985509 0.998911679 38.045192719
0.998991966 0.004922270 -0.044618804 -0.886052310 -0.004832541 0.999986053 0.002118656 0.068123706 0.044628609 -0.001900898 0.999001920 38.691841125
0.999072313 0.005193923 -0.042750046 -0.912432075 -0.005189540 0.999986529 0.000213484 0.074944749 0.042750575 0.000008567 0.999085844 39.345481873
0.999218643 0.006480422 -0.038987894 -0.950749338 -0.006447473 0.999978721 0.000970796 0.075366952 0.038993359 -0.000718664 0.999239206 39.980449677
0.999267638 0.011244234 -0.036574788 -0.972380280 -0.011124413 0.999932051 0.003477965 0.077562548 0.036611412 -0.003068545 0.999324858 40.639072418
0.999341309 0.015416139 -0.032851160 -0.998982668 -0.015191898 0.999859631 0.007064755 0.077796802 0.032955457 -0.006561031 0.999435246 41.262935638
0.999384046 0.020438602 -0.028526032 -1.024547577 -0.020217050 0.999763370 0.008033694 0.080978632 0.028683478 -0.007452034 0.999560773 41.864646912
0.999441028 0.024201812 -0.023063429 -1.046645761 -0.024012225 0.999675810 0.008462128 0.085170165 0.023260754 -0.007903594 0.999698162 42.452968597
0.999452412 0.028165873 -0.017361293 -1.059141397 -0.027987599 0.999553859 0.010427346 0.087504961 0.017647244 -0.009935737 0.999794960 43.025524139
0.999392986 0.033181608 -0.010608250 -1.076509356 -0.033060677 0.999388695 0.011378787 0.091133110 0.010979330 -0.011021166 0.999879003 43.590869904
0.999322295 0.036634564 -0.003571946 -1.082975984 -0.036592301 0.999266803 0.011255884 0.090885989 0.003981683 -0.011117551 0.999930263 44.122550964
0.999191344 0.040020678 0.003884649 -1.087416410 -0.040061966 0.999134243 0.011205650 0.093756668 -0.003432829 -0.011352214 0.999929726 44.627304077
0.998963892 0.044130225 0.011120331 -1.082769513 -0.044251129 0.998961270 0.010871328 0.095948420 -0.010629026 -0.011352150 0.999879122 45.125427246
0.998667002 0.048098650 0.018729551 -1.076805472 -0.048256576 0.998802304 0.008072739 0.101478972 -0.018318830 -0.008965801 0.999791980 45.598243713
0.998356462 0.050556630 0.026987862 -1.070549369 -0.050711744 0.998700321 0.005093852 0.100983351 -0.026695259 -0.006454081 0.999622762 46.054149628
0.998095691 0.050938558 0.034786448 -1.053647757 -0.051130142 0.998681247 0.004639728 0.105913684 -0.034504231 -0.006409530 0.999383986 46.480911255
0.997832060 0.050084770 0.042691495 -1.029950380 -0.050388839 0.998711169 0.006075503 0.105630465 -0.042332187 -0.008213507 0.999069750 46.879764557
0.997345984 0.052166257 0.050789982 -1.008837104 -0.052578561 0.998593509 0.006814913 0.107713707 -0.050363038 -0.009467291 0.998686075 47.270214081
0.996694624 0.055167403 0.059635494 -0.995695829 -0.055688914 0.998422801 0.007117371 0.105415873 -0.059148788 -0.010414881 0.998194873 47.628723145
0.995880783 0.060156070 0.067844734 -0.964568436 -0.060714815 0.998135865 0.006202221 0.110870853 -0.067345150 -0.010295851 0.997676671 47.956020355
0.994968772 0.063901663 0.077159323 -0.947257698 -0.064601779 0.997889221 0.006609483 0.105320536 -0.076574102 -0.011560860 0.996996880 48.252838135
0.994239867 0.062917389 0.086766943 -0.921456516 -0.063785270 0.997937202 0.007263818 0.104205996 -0.086130932 -0.012756431 0.996202171 48.537124634
0.993359923 0.061642807 0.097139522 -0.880936444 -0.062451959 0.998033822 0.005308626 0.104616500 -0.096621297 -0.011339932 0.995256662 48.814243317
0.992214561 0.060370095 0.108929709 -0.844354749 -0.060833387 0.998147428 0.000931885 0.100401014 -0.108671658 -0.007551192 0.994049013 49.070232391
0.990608454 0.061477561 0.122128323 -0.801971674 -0.061545882 0.998099089 -0.003216496 0.102333084 -0.122093894 -0.004330206 0.992509127 49.337448120
0.988482952 0.062910430 0.137636483 -0.762098908 -0.062766895 0.998013675 -0.005387194 0.099933691 -0.137702003 -0.003313864 0.990468204 49.597896576
0.985979199 0.064895354 0.153732225 -0.710977197 -0.064641409 0.997886360 -0.006655215 0.095875092 -0.153839201 -0.003375561 0.988090158 49.848819733
0.983184993 0.065299347 0.170537755 -0.655106604 -0.064920202 0.997859895 -0.007804915 0.094308898 -0.170682445 -0.003397667 0.985320270 50.106903076
0.979929566 0.064126641 0.188747898 -0.596972108 -0.063525103 0.997937441 -0.009241103 0.096431732 -0.188951194 -0.002934601 0.981982112 50.360359192
0.976043224 0.063569039 0.208083183 -0.527868152 -0.062991053 0.997969687 -0.009409643 0.090982355 -0.208258867 -0.003923159 0.978065968 50.606636047
0.971514523 0.063601539 0.228285804 -0.455640703 -0.062852994 0.997966945 -0.010555401 0.088847257 -0.228493035 -0.004093720 0.973536968 50.846698761
0.966223657 0.065863825 0.249146223 -0.376893908 -0.064695403 0.997821867 -0.012884615 0.086444966 -0.249452174 -0.003669195 0.968380153 51.080635071
0.960008502 0.067101993 0.271810740 -0.292550236 -0.065507956 0.997740090 -0.014944807 0.082002819 -0.272199303 -0.003458625 0.962234676 51.309593201
0.952675223 0.068721421 0.296120286 -0.198557347 -0.066972345 0.997625709 -0.016058886 0.072669171 -0.296520829 -0.004532962 0.955015659 51.562835693
0.944109917 0.071538463 0.321774513 -0.100386433 -0.069790915 0.997417152 -0.016979007 0.066292159 -0.322158098 -0.006426885 0.946664155 51.802120209
0.934316158 0.073443130 0.348796993 0.009722126 -0.071664385 0.997266054 -0.018019484 0.057115465 -0.349166781 -0.008160423 0.937025070 52.035537720
0.923044562 0.074262373 0.377457023 0.127257288 -0.072264023 0.997195363 -0.019475549 0.050879065 -0.377844691 -0.009299763 0.925822318 52.272689819
0.910474956 0.072163872 0.407219499 0.272101551 -0.069369353 0.997356236 -0.021644434 0.042351961 -0.407704860 -0.008541834 0.913073838 52.512390137
0.895516276 0.069567405 0.439557701 0.415566027 -0.065526009 0.997552872 -0.024382614 0.034882620 -0.440178275 -0.006967436 0.897883356 52.736675262
0.878225327 0.068747193 0.473280042 0.572673261 -0.062689617 0.997623622 -0.028583959 0.025049709 -0.474120498 -0.004566589 0.880448163 52.957038879
0.858723640 0.070907034 0.507509470 0.739347875 -0.062386669 0.997479439 -0.033803105 0.019157045 -0.508627176 -0.002634304 0.860982835 53.181198120
0.836921871 0.072817810 0.542456686 0.926150680 -0.061857916 0.997344255 -0.038443953 0.011160577 -0.543815553 -0.001380658 0.839203656 53.409004211
0.812282741 0.075405456 0.578369021 1.120211601 -0.062590420 0.997150898 -0.042100295 0.000803588 -0.579895854 -0.002003025 0.814688146 53.635147095
0.784802914 0.079418048 0.614635825 1.330833077 -0.065649666 0.996828616 -0.044976436 -0.012221891 -0.616258562 -0.005053001 0.787527740 53.864219666
0.754793286 0.084126756 0.650545657 1.558416128 -0.069616564 0.996414483 -0.048081182 -0.024967147 -0.652258098 -0.008997401 0.757943571 54.095397949
0.721674502 0.085233562 0.686965168 1.817406535 -0.069336288 0.996300399 -0.050774027 -0.043193307 -0.688751400 -0.010989300 0.724914312 54.330966949
0.685015678 0.082719214 0.723816931 2.096254826 -0.065634765 0.996500075 -0.051765651 -0.063180648 -0.725565732 -0.012047276 0.688047349 54.554088593
0.645917177 0.080661573 0.759134114 2.388370514 -0.062293593 0.996655166 -0.052896146 -0.091088623 -0.760861576 -0.013122660 0.648781419 54.761726379
0.603368402 0.079932071 0.793446541 2.721422911 -0.060098477 0.996692240 -0.054705840 -0.112859108 -0.795194745 -0.014677154 0.606176436 54.979331970
0.557140648 0.079880677 0.826567233 3.081592321 -0.056593798 0.996700943 -0.058176082 -0.130810663 -0.828487396 -0.014366324 0.559823215 55.187873840
0.508172214 0.078542002 0.857666671 3.454445124 -0.053348593 0.996791303 -0.059673209 -0.157717302 -0.859601617 -0.015431048 0.510731697 55.387172699
0.459959924 0.077237986 0.884573996 3.886086702 -0.051811326 0.996846795 -0.060100459 -0.174365491 -0.886426747 -0.018187150 0.462511450 55.570869446
0.410901248 0.074766330 0.908608973 4.323369503 -0.050828386 0.996960223 -0.059050269 -0.197455898 -0.910261810 -0.021919293 0.413452476 55.730930328
0.360256255 0.074665189 0.929860532 4.781723976 -0.053961620 0.996790588 -0.059133109 -0.217238605 -0.931291342 -0.028873710 0.363129139 55.896633148
0.311262220 0.075597890 0.947312415 5.251385689 -0.052343626 0.996681511 -0.062338915 -0.236042589 -0.948881447 -0.030182017 0.314186364 56.021450043
0.263381928 0.071690656 0.962024093 5.724391937 -0.041619159 0.997150779 -0.062913865 -0.278132409 -0.963793457 -0.023468252 0.265615225 56.114570618
0.219272062 0.066066429 0.973424375 6.232714176 -0.027996404 0.997719944 -0.061408941 -0.300615013 -0.975262105 -0.013787112 0.220621765 56.187126160
0.177384272 0.064922817 0.981997848 6.741058826 -0.018897960 0.997862399 -0.062558025 -0.330130816 -0.983960211 -0.007460942 0.178232014 56.235919952
0.138527483 0.066554725 0.988119721 7.292642593 -0.015445252 0.997763157 -0.065038942 -0.350962400 -0.990238130 -0.006252073 0.139245614 56.304836273
0.106011637 0.067176536 0.992093146 7.801604271 -0.007002851 0.997741044 -0.066810675 -0.389373124 -0.994340181 0.000135229 0.106242605 56.320442200
0.076893248 0.065558821 0.994881630 8.364357948 0.000338858 0.997834206 -0.065779574 -0.424287915 -0.997039199 0.005395129 0.076704510 56.344272614
0.051985756 0.063523695 0.996625364 8.932045937 0.006729144 0.997929931 -0.063957848 -0.463030279 -0.998625159 0.010031333 0.051450688 56.354522705
0.032035865 0.062736295 0.997515857 9.510238647 0.011928350 0.997933090 -0.063145608 -0.485584974 -0.999415576 0.013921641 0.031221312 56.355102539
0.016319923 0.064929858 0.997756362 10.088685989 0.014909770 0.997762501 -0.065174118 -0.509372592 -0.999755621 0.015939957 0.015315318 56.350166321
0.002934341 0.064873144 0.997889221 10.682971954 0.015659789 0.997768104 -0.064911321 -0.539292812 -0.999873102 0.015817203 0.001911893 56.345344543
-0.008790698 0.065481432 0.997815013 11.297430038 0.016307903 0.997730315 -0.065332189 -0.580475569 -0.999828339 0.015697958 -0.009838610 56.341110229
-0.017725503 0.068256631 0.997510314 11.916503906 0.021357035 0.997465312 -0.067874029 -0.618321896 -0.999614775 0.020100757 -0.019138332 56.317459106
-0.024192331 0.070254013 0.997235715 12.536544800 0.025565736 0.997244954 -0.069634445 -0.650774062 -0.999380410 0.023810443 -0.025921777 56.289314270
-0.028990988 0.069715627 0.997145593 13.189653397 0.025670946 0.997287750 -0.068979219 -0.687846780 -0.999249995 0.023597891 -0.030702025 56.277061462
-0.032455117 0.067035712 0.997222602 13.838652611 0.023686361 0.997519612 -0.066284791 -0.718452215 -0.999192476 0.021469295 -0.033962447 56.254783630
-0.035105713 0.060097087 0.997574985 14.541561127 0.021465862 0.998005331 -0.059367608 -0.757486224 -0.999153018 0.019329660 -0.036325719 56.236820221
-0.036157973 0.054525360 0.997857511 15.232432365 0.022886833 0.998293817 -0.053719878 -0.791134238 -0.999083936 0.020895392 -0.037344191 56.207836151
-0.036654178 0.051937379 0.997977495 15.907733917 0.025351031 0.998375475 -0.051026992 -0.823850274 -0.999006391 0.023429397 -0.037911292 56.179328918
-0.036640335 0.053996418 0.997868717 16.615217209 0.028762897 0.998182476 -0.052957270 -0.866204679 -0.998914480 0.026761221 -0.038126837 56.157337189
-0.035427477 0.061565071 0.997474134 17.323669434 0.029805152 0.997721791 -0.060521770 -0.895214379 -0.998927653 0.027585737 -0.037181724 56.127494812
-0.033382859 0.069594599 0.997016549 18.046802521 0.030633766 0.997175217 -0.068579957 -0.934132993 -0.998973072 0.028252978 -0.035420507 56.100116730
-0.031562377 0.070536613 0.997009695 18.764083862 0.031297527 0.997087359 -0.069551304 -0.966400683 -0.999011695 0.029008729 -0.033678070 56.086990356
-0.029347828 0.066164114 0.997377038 19.504232407 0.030485792 0.997402012 -0.065268725 -1.009125948 -0.999104261 0.028490335 -0.031288650 56.065521240
-0.026824560 0.059842557 0.997847319 20.247949600 0.030088577 0.997802556 -0.059031025 -1.049612403 -0.999187231 0.028440325 -0.028566195 56.047233582
-0.023719514 0.057974283 0.998036265 20.987163544 0.028794218 0.997942626 -0.057284504 -1.095954180 -0.999303877 0.027378917 -0.025340039 56.031349182
-0.020676583 0.063310280 0.997779608 21.750070572 0.036008526 0.997392833 -0.062539540 -1.147412062 -0.999137521 0.034635469 -0.022902384 56.011657715
-0.017543886 0.068706825 0.997482598 22.485477448 0.037634585 0.996974647 -0.068009913 -1.189009905 -0.999137521 0.036346685 -0.020076560 55.997207642
-0.015292409 0.069378197 0.997473121 23.226144791 0.031525072 0.997127473 -0.068870820 -1.229512095 -0.999386013 0.030392215 -0.017435629 56.003509521
-0.011950403 0.065691516 0.997768462 23.989955902 0.027369557 0.997487247 -0.065345205 -1.275580049 -0.999553978 0.026527578 -0.013718324 56.006237030
-0.007103731 0.062479198 0.998021007 24.726648331 0.030985463 0.997580647 -0.062231082 -1.320196986 -0.999494612 0.030482071 -0.009022490 55.987068176
-0.003379570 0.063270904 0.997990608 25.470012665 0.035536315 0.997373641 -0.063111432 -1.369926095 -0.999362707 0.035251625 -0.005619106 55.977188110
-0.001061006 0.067546435 0.997715592 26.201894760 0.035161719 0.997101665 -0.067467481 -1.417489052 -0.999381065 0.035009809 -0.003432978 55.986236572
0.003149472 0.068215735 0.997665644 26.946678162 0.031456299 0.997169971 -0.068281151 -1.462645173 -0.999500215 0.031597916 0.000994746 55.992214203
0.006441141 0.068178840 0.997652352 27.720930099 0.030785955 0.997186601 -0.068345778 -1.504531264 -0.999505222 0.031153908 0.004324069 56.008392334
0.010138708 0.065234840 0.997818470 28.462821960 0.034449041 0.997254610 -0.065548018 -1.551356673 -0.999355078 0.035038464 0.007863594 56.012863159
0.013875806 0.065838203 0.997733831 29.203144073 0.039166313 0.997028351 -0.066336349 -1.598290324 -0.999136329 0.039998025 0.011255932 56.017925262
0.016873885 0.066866323 0.997619331 29.951709747 0.041597225 0.996850491 -0.067518383 -1.644640326 -0.998991966 0.042637486 0.014039286 56.040664673
0.020075776 0.066259392 0.997600436 30.719724655 0.042370141 0.996848702 -0.067062117 -1.699899554 -0.998900175 0.043614790 0.017205099 56.043071747
0.023839012 0.064856656 0.997609735 31.474353790 0.043937728 0.996861160 -0.065857925 -1.745275021 -0.998749733 0.045402691 0.020914532 56.061084747
0.026961964 0.063901663 0.997591913 32.224552155 0.045785014 0.996828496 -0.065090194 -1.791001201 -0.998587370 0.047429722 0.023950715 56.088527679
0.030114399 0.063747637 0.997511625 32.975246429 0.044484880 0.996889830 -0.065050878 -1.841673493 -0.998556018 0.046333149 0.027184937 56.105720520
0.033040050 0.065643005 0.997296095 33.751216888 0.041172575 0.996904492 -0.066981263 -1.888154864 -0.998605609 0.043274309 0.030235082 56.146560669
0.035592537 0.065948948 0.997187972 34.503326416 0.042810585 0.996803641 -0.067451566 -1.932037830 -0.998449028 0.045090973 0.032655459 56.174461365
0.038628757 0.065896384 0.997078419 35.264083862 0.040762316 0.996888757 -0.067463048 -1.974302173 -0.998421907 0.043249238 0.035822485 56.206405640
0.040746022 0.065638058 0.997011244 36.024261475 0.039063349 0.996972382 -0.067231953 -2.028972626 -0.998405695 0.041686036 0.038058612 56.245033264
0.043768406 0.065886758 0.996866703 36.788085938 0.036427833 0.997054100 -0.067498542 -2.074750900 -0.998377383 0.039267998 0.041239358 56.286815643
0.046752382 0.068221554 0.996574044 37.540775299 0.035089809 0.996937156 -0.069892578 -2.115917683 -0.998289943 0.038237244 0.044215303 56.322906494
0.049753979 0.071906261 0.996169627 38.326667786 0.033352036 0.996729016 -0.073612429 -2.169665098 -0.998204470 0.036886800 0.047193017 56.375648499
0.053513736 0.074036032 0.995818734 39.097824097 0.033627350 0.996548414 -0.075897373 -2.221631289 -0.998000681 0.037548300 0.050839391 56.414760590
0.056670766 0.075898878 0.995503783 39.865795135 0.027874887 0.996597171 -0.077569090 -2.275631189 -0.998003721 0.032145452 0.054362256 56.464580536
0.058645323 0.075580239 0.995413661 40.641723633 0.023736807 0.996742308 -0.077079594 -2.326673508 -0.997996628 0.028148297 0.056660246 56.531505585
0.062410310 0.075680621 0.995177090 41.404468536 0.026809430 0.996633947 -0.077472702 -2.380523205 -0.997690439 0.031515226 0.060171280 56.581962585
0.066029452 0.076970652 0.994844496 42.198509216 0.024487054 0.996595025 -0.078731336 -2.447251320 -0.997517169 0.029559402 0.063919827 56.637432098
0.069641642 0.078158662 0.994505525 42.981178284 0.020902064 0.996592760 -0.079786405 -2.498717785 -0.997353017 0.026343677 0.067770682 56.705856323
0.074064843 0.076032370 0.994350791 43.773448944 0.019931931 0.996777177 -0.077702567 -2.553716898 -0.997054219 0.025574364 0.072310679 56.765830994
0.077835396 0.075721927 0.994086444 44.576385498 0.019506939 0.996804833 -0.077456363 -2.622527122 -0.996775329 0.025420429 0.076109588 56.853630066
0.083463043 0.079494990 0.993335009 45.359794617 0.016286291 0.996571004 -0.081122398 -2.675436258 -0.996377766 0.022948464 0.081882156 56.910892487
0.089246489 0.087993562 0.992115080 46.147514343 0.014192270 0.995876312 -0.089603841 -2.737443686 -0.995908439 0.022077190 0.087629631 56.992614746
0.096563712 0.092403144 0.991028309 46.946323395 0.013062280 0.995477915 -0.094090797 -2.804373503 -0.995241106 0.022030847 0.094920047 57.079772949
0.104157507 0.096074961 0.989909470 47.750934601 0.007973609 0.995210588 -0.097428434 -2.866120338 -0.994528830 0.018041054 0.102892585 57.171157837
0.111107625 0.093914315 0.989360988 48.551532745 0.005033806 0.995458901 -0.095058471 -2.938871145 -0.993795574 0.015541975 0.110130347 57.272682190
0.118296087 0.092503287 0.988660216 49.360012054 0.004903810 0.995584846 -0.093737938 -3.006494284 -0.992966235 0.015937034 0.117320172 57.381713867
0.126079887 0.089309923 0.987991691 50.187141418 0.004593038 0.995876014 -0.090608753 -3.071327448 -0.992009401 0.015961826 0.125149727 57.490669250
0.133484557 0.083158247 0.987555861 50.991390228 0.002535916 0.996441603 -0.084249236 -3.148434162 -0.991047680 0.013750331 0.132798672 57.605648041
0.140954882 0.076473214 0.987057984 51.810577393 0.000342689 0.997008383 -0.077293061 -3.197787046 -0.990015924 0.011233088 0.140506998 57.723270416
0.148062423 0.073262013 0.986260712 52.615722656 -0.000285356 0.997255564 -0.074035913 -3.273663044 -0.988977969 0.010680499 0.147676975 57.854362488
0.155203864 0.075063907 0.985026479 53.417594910 -0.000537648 0.997115314 -0.075900413 -3.334078074 -0.987882257 0.011250440 0.154796496 57.990150452
0.160834208 0.081537068 0.983607709 54.197441101 0.000321241 0.996577442 -0.082664721 -3.392501116 -0.986981392 0.013611289 0.160257533 58.121742249
0.166384518 0.085294686 0.982364953 54.971744537 -0.001064111 0.996266842 -0.086321488 -3.447529316 -0.986060321 0.013317212 0.165854111 58.250808716
0.171401620 0.088078313 0.981256187 55.741931915 -0.002574550 0.996032357 -0.088954933 -3.518586159 -0.985197842 0.012720726 0.170948341 58.394687653
0.176363617 0.087692633 0.980410993 56.524608612 -0.005686915 0.996097803 -0.088072725 -3.588756800 -0.984308660 0.009957308 0.176174104 58.548576355
0.181544587 0.084775858 0.979721665 57.294883728 -0.001847244 0.996304750 -0.085868500 -3.654223680 -0.983380973 0.013779178 0.181030348 58.693199158
0.185892209 0.078427382 0.979435027 58.053474426 -0.000943067 0.996823192 -0.079640716 -3.707452774 -0.982569635 0.013880916 0.185375616 58.843555450
0.189490810 0.072442763 0.979206443 58.804370880 -0.002500580 0.997307003 -0.073297955 -3.763059378 -0.981879294 0.011440706 0.189161643 58.989669800
0.192766652 0.068685591 0.978837729 59.543807983 -0.006439961 0.997614086 -0.068734907 -3.827479362 -0.981223524 0.006946122 0.192749068 59.144371033
0.195922330 0.068775341 0.978204668 60.281242371 -0.007914429 0.997615933 -0.068554960 -3.880161285 -0.980587482 0.005689513 0.195999578 59.295642853
0.198070198 0.070671268 0.977636814 60.995693207 -0.009870407 0.997490704 -0.070106722 -3.931312084 -0.980138123 0.004236378 0.198270753 59.445453644
0.199627623 0.075234056 0.976979315 61.697448730 -0.014300408 0.997165680 -0.073866516 -3.984271288 -0.979767442 0.000774593 0.200137690 59.599979401
0.201660648 0.079083204 0.976257563 62.389072418 -0.014896627 0.996867418 -0.077675626 -4.035082340 -0.979342163 0.001121169 0.202206984 59.752834320
0.202956691 0.084173895 0.975563049 63.067771912 -0.015496557 0.996449649 -0.082752131 -4.092297077 -0.979065061 0.001677228 0.203540519 59.914436340
0.204541177 0.086402491 0.975037098 63.743556976 -0.014843858 0.996255875 -0.085168883 -4.143229485 -0.978745401 0.002947228 0.205057904 60.060188293
0.206282139 0.086606905 0.974652231 64.442039490 -0.017237170 0.996242225 -0.084877186 -4.199872494 -0.978340745 0.000708401 0.206999823 60.212654114
0.206550807 0.083598822 0.974857926 65.104698181 -0.017155172 0.996499419 -0.081819877 -4.256232738 -0.978285491 0.000176104 0.207261920 60.360115051
0.207187936 0.081230506 0.974923015 65.762130737 -0.017276540 0.996695220 -0.079373017 -4.310606003 -0.978148639 -0.000398167 0.207906604 60.503490448
0.207350597 0.079812765 0.975005507 66.411453247 -0.015654754 0.996809304 -0.078268379 -4.359048367 -0.978141487 0.000965521 0.207938462 60.639198303
0.205102488 0.079129800 0.975536466 67.039772034 -0.016223339 0.996864259 -0.077448905 -4.410572529 -0.978606045 0.000058502 0.205743089 60.785503387
0.204416230 0.079735510 0.975631177 67.659812927 -0.017399410 0.996815443 -0.077821277 -4.468742847 -0.978729427 -0.001067475 0.205152616 60.908096313
0.202148259 0.082815602 0.975847125 68.269027710 -0.018278822 0.996563792 -0.080787234 -4.517453671 -0.979184389 -0.001506338 0.202967390 61.038703918
0.199861184 0.086264133 0.976019442 68.861274719 -0.015985509 0.996271372 -0.084780693 -4.569780350 -0.979693890 0.001342203 0.200494960 61.161380768
0.198121384 0.086822003 0.976324737 69.469581604 -0.014151820 0.996218920 -0.085719369 -4.620897770 -0.980075359 0.003166071 0.198600948 61.290893555
0.195895314 0.086074926 0.976839781 70.054473877 -0.014147653 0.996284664 -0.084951155 -4.657385826 -0.980522752 0.002821542 0.196385264 61.403800964
0.193474382 0.083294682 0.977563083 70.641883850 -0.014542155 0.996523619 -0.082032129 -4.704689980 -0.980997622 0.001655241 0.194013074 61.521789551
0.191416502 0.079026654 0.978322268 71.218132019 -0.013783892 0.996871531 -0.077828087 -4.756261349 -0.981412113 0.001412491 0.191906959 61.637428284
0.189522654 0.078005768 0.978772819 71.780273438 -0.010722159 0.996944129 -0.077377819 -4.809324741 -0.981817782 0.004170291 0.189779878 61.743671417
0.188123509 0.079671748 0.978908479 72.324142456 -0.006433053 0.996782899 -0.079890244 -4.847127438 -0.982124329 0.008731859 0.188030809 61.836154938
0.185659468 0.081640318 0.979216695 72.876152039 -0.002135053 0.996573627 -0.082682624 -4.888822079 -0.982611835 0.013260131 0.185197636 61.940349579
0.183743000 0.083596885 0.979413152 73.420043945 -0.002936693 0.996419311 -0.084497496 -4.930233955 -0.982969880 0.012649589 0.183330581 62.043266296
0.182256266 0.086320259 0.979454637 73.960479736 -0.003724138 0.996192336 -0.087102398 -4.974692822 -0.983244061 0.012227335 0.181883797 62.145465851
0.181307048 0.084507756 0.979788840 74.511802673 -0.001499336 0.996323526 -0.085656442 -5.024522305 -0.983425438 0.014061086 0.180767193 62.243820190
0.182241976 0.083415225 0.979709029 75.056297302 0.004124177 0.996321321 -0.085596807 -5.062591553 -0.983245075 0.019639827 0.181227565 62.332130432
0.184622407 0.081200652 0.979449451 75.607376099 0.009635018 0.996383607 -0.084420756 -5.102437973 -0.982762277 0.025022974 0.183172390 62.423927307
0.186602309 0.080318466 0.979146779 76.158973694 0.012397015 0.996380687 -0.084094718 -5.148749352 -0.982357323 0.027830768 0.184931234 62.528415680
0.189743638 0.080058776 0.978564203 76.714210510 0.009745614 0.996467471 -0.083413146 -5.193749428 -0.981785297 0.025363823 0.188293159 62.645637512
0.195279405 0.080561571 0.977433205 77.268753052 0.008665238 0.996439874 -0.083859347 -5.240147114 -0.980709374 0.024845693 0.193886086 62.761577606
0.201554269 0.079728231 0.976227045 77.836540222 0.009752724 0.996468842 -0.083394945 -5.279930115 -0.979428768 0.026329482 0.200064987 62.891941071
0.209540337 0.080240928 0.974501967 78.404251099 0.007707440 0.996460617 -0.083706290 -5.319985390 -0.977769554 0.025050759 0.208180234 63.014286041
0.217553303 0.078184962 0.972911954 78.972229004 0.008178772 0.996605456 -0.081917897 -5.362916946 -0.976014137 0.025778731 0.216175348 63.161907196
0.226477712 0.077838287 0.970901132 79.551239014 0.004570105 0.996705770 -0.080973104 -5.409237862 -0.974005640 0.022775726 0.225375921 63.290260315
0.236217782 0.077400334 0.968612611 80.132270813 0.003480984 0.996748626 -0.080497563 -5.455276489 -0.971693933 0.022386678 0.235180318 63.438480377
0.245528266 0.081375405 0.965967894 80.717834473 -0.002022731 0.996511281 -0.083434299 -5.499137402 -0.969387293 0.018531587 0.244836256 63.608680725
0.254799336 0.083460614 0.963385582 81.321617126 -0.005359232 0.996375024 -0.084901139 -5.544697762 -0.966979086 0.016469747 0.254322946 63.787715912
0.266246229 0.086194009 0.960043550 81.917335510 -0.009112946 0.996174514 -0.086910613 -5.586852551 -0.963861942 0.014390801 0.266013145 63.955451965
0.276114434 0.088475451 0.957043827 82.529853821 -0.011109193 0.995981276 -0.088870019 -5.637293816 -0.961060584 0.013906303 0.275987685 64.151626587
0.285771370 0.089363031 0.954122126 83.151725769 -0.014146240 0.995927393 -0.089041568 -5.685640335 -0.958193421 0.011948282 0.285871685 64.354438782
0.296034068 0.089624681 0.950963318 83.778877258 -0.015036925 0.995902121 -0.089179024 -5.738990784 -0.955058992 0.012100460 0.296168596 64.556785583
0.305986941 0.090435162 0.947730660 84.420722961 -0.019045666 0.995860338 -0.088878699 -5.786770344 -0.951845229 0.009145559 0.306442648 64.783744812
0.316774994 0.085913695 0.944601715 85.068725586 -0.018888373 0.996263206 -0.084278159 -5.831899643 -0.948312581 0.008855226 0.317214072 65.004707336
0.327613145 0.078442022 0.941550076 85.731185913 -0.014820650 0.996851623 -0.077892430 -5.884762287 -0.944695771 0.011564201 0.327744246 65.237174988
0.338291943 0.074357666 0.938098848 86.397399902 -0.013730889 0.997157276 -0.074087322 -5.934161186 -0.940941036 0.012182214 0.338351250 65.483772278
0.348918110 0.071171723 0.934446752 87.082176208 -0.014256646 0.997399867 -0.070643149 -5.980661392 -0.937044740 0.011326598 0.349025577 65.743774414
0.358295113 0.068666734 0.931079745 87.772117615 -0.007573213 0.997472405 -0.070648871 -6.021012306 -0.933577597 0.018261882 0.357909560 66.011131287
0.366989315 0.063467495 0.928057611 88.483200073 -0.001129416 0.997699440 -0.067783520 -6.059637070 -0.930224478 0.023827672 0.366216779 66.286964417
0.374127418 0.054228432 0.925790489 89.194572449 0.008208354 0.998056233 -0.061778545 -6.102246761 -0.927340984 0.030712269 0.372955054 66.563323975
0.380906135 0.049937464 0.923264205 89.902809143 0.013065609 0.998149991 -0.059378292 -6.145664692 -0.924521446 0.034680564 0.379549026 66.860755920
0.388551950 0.049269196 0.920108557 90.631729126 0.015663652 0.998071969 -0.060058504 -6.200499058 -0.921293616 0.037748113 0.387031078 67.159667969
0.395770013 0.055642731 0.916662335 91.344947815 0.017939530 0.997503877 -0.068295345 -6.239996910 -0.918174386 0.043473743 0.393783897 67.471313477
0.402840614 0.060279280 0.913282990 92.065383911 0.021508077 0.996929884 -0.075287230 -6.283182144 -0.915017366 0.049971711 0.400307387 67.789024353
0.408495486 0.062156711 0.910641491 92.761604309 0.019938214 0.996832967 -0.076983660 -6.332573414 -0.912542582 0.049604043 0.405962437 68.096572876
0.413004547 0.063835852 0.908488929 93.464355469 0.012761371 0.997036815 -0.075859152 -6.389855862 -0.910639584 0.042923730 0.410966098 68.432350159
0.416647822 0.067460470 0.906561494 94.142135620 0.006021081 0.997016251 -0.076958753 -6.446630001 -0.909048021 0.037523180 0.414998412 68.765518188
0.420593858 0.070564821 0.904500663 94.826843262 0.005201539 0.996766686 -0.080181688 -6.505790710 -0.907234192 0.038428724 0.418866903 69.095901489
0.424678415 0.074871130 0.902243078 95.497390747 0.001648339 0.996508956 -0.083469488 -6.565917015 -0.905342698 0.036934890 0.423072487 69.413352966
0.428474486 0.077953570 0.900184929 96.168739319 -0.001406211 0.996327639 -0.085609928 -6.623834133 -0.903552771 0.035415825 0.427010685 69.736511230
0.432032436 0.076633297 0.898596346 96.824325562 -0.002709560 0.996489048 -0.083678976 -6.679008007 -0.901854038 0.033717230 0.430723280 70.063766479
0.436110049 0.073613673 0.896877408 97.482612610 -0.002006109 0.996725500 -0.080833495 -6.742524147 -0.899891138 0.033453062 0.434829742 70.392662048
0.439596385 0.070754156 0.895404339 98.116691589 -0.002045354 0.996968746 -0.077775538 -6.796985149 -0.898193061 0.032358427 0.438408643 70.702011108
0.443092763 0.069603436 0.893769622 98.742912292 -0.003298856 0.997101188 -0.076015078 -6.860121727 -0.896469712 0.030733317 0.442037940 71.024269104
0.446623504 0.071479693 0.891862154 99.368560791 -0.005313799 0.996998012 -0.077244945 -6.909874916 -0.894706190 0.029760240 0.445662558 71.343276978
0.449084997 0.071827583 0.890597224 99.963714600 -0.004575359 0.996935368 -0.078096718 -6.965454578 -0.893477321 0.030997269 0.448037297 71.646797180
0.451195627 0.070132174 0.889665127 100.570907593 -0.002560036 0.997004986 -0.077295423 -7.015423298 -0.892421484 0.032597784 0.450023860 71.958183289
0.452927351 0.069071688 0.888867736 101.174514771 -0.000400348 0.997010052 -0.077271141 -7.065218925 -0.891547322 0.034642361 0.451600760 72.269248962
0.455141872 0.068657570 0.887767911 101.761802673 -0.001667527 0.997086823 -0.076257080 -7.118658543 -0.890417397 0.033227421 0.453930408 72.567070007
0.457114905 0.067961581 0.886807203 102.339416504 -0.000027041 0.997077405 -0.076398328 -7.167414665 -0.889407635 0.034898840 0.455780834 72.868377686
0.460022449 0.069932260 0.885149002 102.902618408 -0.000807614 0.996926129 -0.078343607 -7.210871696 -0.887906909 0.035324961 0.458664864 73.154632568
0.462805271 0.069626220 0.883721292 103.458923340 0.002371901 0.996809900 -0.079778351 -7.263754368 -0.886456788 0.039017938 0.461163670 73.446228027
0.465717435 0.069274597 0.882217884 104.010635376 0.003677832 0.996771097 -0.080211200 -7.311628819 -0.884925842 0.040600404 0.463958919 73.741470337
0.468304634 0.067247815 0.881004333 104.551452637 0.006786301 0.996796310 -0.079693630 -7.367550850 -0.883541048 0.043299649 0.466347963 74.052192688
0.472141325 0.066537164 0.879008114 105.066299438 0.007638487 0.996801078 -0.079556443 -7.409720421 -0.881489754 0.044276178 0.470122695 74.295906067
0.475469738 0.065992072 0.877253413 105.586975098 0.009062872 0.996762097 -0.079894274 -7.453577518 -0.879685402 0.045937747 0.473332137 74.578552246
0.478978187 0.065620154 0.875370681 106.101829529 0.009400298 0.996761441 -0.079863511 -7.498716831 -0.877776504 0.046481621 0.476810157 74.863853455
0.482193202 0.064752460 0.873668671 106.610519409 0.011274393 0.996723473 -0.080095291 -7.543696404 -0.875992358 0.048471481 0.479883194 75.151260376
0.486105472 0.065674074 0.871428907 107.110916138 0.010646498 0.996653259 -0.081050314 -7.594676495 -0.873835266 0.048676670 0.483779341 75.429740906
0.489935011 0.065997347 0.869257152 107.613166809 0.012539688 0.996493518 -0.082725301 -7.643427849 -0.871668696 0.051430233 0.487389445 75.728096008
0.495036960 0.069403969 0.866095603 108.106864929 0.010165579 0.996273756 -0.085646078 -7.689960480 -0.868812501 0.051202334 0.492486715 76.010986328
0.500629663 0.075137369 0.862394571 108.591156006 0.006929713 0.995846212 -0.090787306 -7.734912395 -0.865633845 0.051426962 0.498029411 76.299354553
0.506264091 0.082267575 0.858445525 109.073455811 0.001608374 0.995347619 -0.096335858 -7.784587383 -0.862377048 0.050152089 0.503776371 76.602500916
0.511959314 0.088454671 0.854443431 109.552925110 -0.003508695 0.994891226 -0.100891963 -7.836161137 -0.859002531 0.048654597 0.509654224 76.910125732
0.518480361 0.092946276 0.850022972 110.027763367 -0.007363709 0.994523346 -0.104255177 -7.891132355 -0.855057836 0.047794949 0.516325176 77.208183289
0.524150312 0.093152113 0.846515894 110.515594482 -0.011634449 0.994690359 -0.102253608 -7.943147659 -0.851546347 0.043747507 0.522450924 77.521400452
0.529896677 0.092447415 0.843008339 111.013008118 -0.018130677 0.995048404 -0.097724147 -7.994094372 -0.847868443 0.036499381 0.528948903 77.845741272
0.535134077 0.090049475 0.839953899 111.507331848 -0.024326695 0.995532632 -0.091230176 -8.047772408 -0.844416797 0.028387072 0.534933984 78.193771362
0.541116774 0.088364281 0.836292088 112.016029358 -0.031194225 0.995888770 -0.085043579 -8.103965759 -0.840368748 0.019931022 0.541648448 78.530494690
0.547201574 0.086156495 0.832554758 112.525283813 -0.033560857 0.996146619 -0.081027642 -8.152776718 -0.836327791 0.016397208 0.547984421 78.880500793
0.553463876 0.089866504 0.828010678 113.037536621 -0.038223356 0.995854974 -0.082533658 -8.192661285 -0.831995547 0.014030059 0.554604709 79.242485046
0.559335053 0.093978100 0.823597252 113.557418823 -0.042713005 0.995500326 -0.084585465 -8.242906570 -0.827840507 0.012133293 0.560832202 79.620056152
0.565592289 0.097316250 0.818923056 114.081466675 -0.045261882 0.995179415 -0.087001301 -8.285271645 -0.823441982 0.012141264 0.567270577 79.995285034
0.571921170 0.099535823 0.814247370 114.612762451 -0.047626179 0.994965792 -0.088175081 -8.332769394 -0.818924844 0.011649694 0.573782504 80.383468628
