1.000000000 0.000000000 0.000000000 0.000000000 0.000000000 1.000000000 0.000000000 0.000000000 0.000000000 0.000000000 1.000000000 0.000000000
0.999998629 0.000766555 0.001469155 -0.006349013 -0.000759836 0.999989271 -0.004568574 -0.002398788 -0.001472641 0.004567452 0.999988496 0.963966608
0.999996603 -0.001460255 0.002145498 -0.002615080 0.001471734 0.999984562 -0.005358879 -0.000788376 -0.002137640 0.005362018 0.999983311 1.918573499
0.999993563 -0.002337059 0.002712195 -0.010826403 0.002340468 0.999996483 -0.001254679 -0.004297222 -0.002709253 0.001261019 0.999995530 2.851925850
0.999986053 -0.004816076 0.002133862 -0.008291951 0.004805548 0.999976397 0.004911948 -0.007766850 -0.002157468 -0.004901625 0.999985635 3.800724506
0.999964416 -0.008412761 0.000554862 -0.004928950 0.008409861 0.999951959 0.005035627 -0.004847698 -0.000597199 -0.005030781 0.999987125 4.738845825
0.999940455 -0.010912430 -0.000033759 -0.008501237 0.010912477 0.999938309 0.002080770 -0.002881990 0.000011051 -0.002081014 0.999997854 5.668528557
0.999931693 -0.011635337 -0.001093570 -0.011217425 0.011633547 0.999931037 -0.001629606 0.003896666 0.001112455 0.001616773 0.999998093 6.595528126
0.999935806 -0.011234504 -0.001453443 -0.018527009 0.011231916 0.999935269 -0.001777500 -0.003634492 0.001473318 0.001761061 0.999997377 7.522601604
0.999935091 -0.011094440 -0.002581473 -0.027458312 0.011094768 0.999938428 0.000112842 -0.003047515 0.002580062 -0.000141476 0.999996662 8.436970711
0.999939263 -0.010654781 -0.002815215 -0.039987601 0.010662097 0.999939740 0.002595938 0.004055062 0.002787387 -0.002625797 0.999992669 9.377110481
0.999932706 -0.010983393 -0.003736614 -0.047884218 0.010999253 0.999930441 0.004250811 0.005430128 0.003689666 -0.004291625 0.999983907 10.298024178
0.999918878 -0.011961352 -0.004381503 -0.052637767 0.011983215 0.999915719 0.004998531 0.008472677 0.004321344 -0.005050630 0.999977887 11.211716652
0.999909699 -0.012329007 -0.005352835 -0.059772201 0.012356850 0.999910116 0.005199851 0.009659212 0.005288244 -0.005265526 0.999972165 12.127165794
0.999903083 -0.012643503 -0.005833785 -0.072082490 0.012665003 0.999913096 0.003663309 0.013435509 0.005786960 -0.003736838 0.999976277 13.025137901
0.999891281 -0.012971343 -0.007013933 -0.083499409 0.012982118 0.999914527 0.001492503 0.022421552 0.006993974 -0.001583396 0.999974251 13.928732872
0.999859512 -0.014273023 -0.008787249 -0.090127818 0.014273492 0.999898136 -0.000009179 0.029009320 0.008786485 -0.000116247 0.999961436 14.833477020
0.999849677 -0.013874447 -0.010399760 -0.108914495 0.013868777 0.999903500 -0.000617196 0.028352991 0.010407321 0.000472871 0.999945760 15.740902901
0.999843597 -0.012938211 -0.012052383 -0.120104641 0.012919061 0.999915063 -0.001665368 0.029820675 0.012072910 0.001509403 0.999925971 16.641431808
0.999840558 -0.011836592 -0.013364873 -0.141730160 0.011819915 0.999929190 -0.001326141 0.027059952 0.013379624 0.001167958 0.999909759 17.531051636
0.999812245 -0.012437900 -0.014861898 -0.159782067 0.012430652 0.999922574 -0.000580129 0.027852232 0.014867962 0.000395277 0.999889374 18.422498703
0.999790192 -0.012055249 -0.016556796 -0.176597208 0.012073034 0.999926627 0.000974693 0.025417289 0.016543828 -0.001174379 0.999862432 19.316022873
0.999772966 -0.011754988 -0.017773766 -0.200615048 0.011789375 0.999928772 0.001831133 0.023371350 0.017750975 -0.002040258 0.999840379 20.193302155
0.999725759 -0.012894499 -0.019548424 -0.214748099 0.012935858 0.999914348 0.001990721 0.021331118 0.019521078 -0.002243050 0.999806941 21.081895828
0.999712110 -0.011942569 -0.020811537 -0.236552238 0.011959411 0.999928176 0.000684914 0.029233895 0.020801865 -0.000933611 0.999783158 21.929910660
0.999679387 -0.012013896 -0.022292932 -0.259093642 0.012040515 0.999926865 0.001060102 0.030389309 0.022278572 -0.001328180 0.999750853 22.792064667
0.999658287 -0.011891655 -0.023279784 -0.282851189 0.011967483 0.999923527 0.003120619 0.031507567 0.023240896 -0.003398153 0.999724090 23.652029037
0.999627352 -0.013041014 -0.023977846 -0.302487224 0.013185523 0.999895811 0.005878607 0.034950629 0.023898682 -0.006192576 0.999695182 24.497364044
0.999601185 -0.013358586 -0.024877228 -0.323037982 0.013550432 0.999879658 0.007559107 0.036825299 0.024773253 -0.007893190 0.999661922 25.336135864
0.999605119 -0.012530571 -0.025149534 -0.355911642 0.012697964 0.999898255 0.006507293 0.038585156 0.025065433 -0.006824071 0.999662519 26.162351608
0.999605238 -0.010727455 -0.025970921 -0.380342811 0.010831839 0.999933779 0.003881876 0.039501294 0.025927562 -0.004161656 0.999655187 26.973289490
0.999585688 -0.010292264 -0.026879957 -0.404656470 0.010348447 0.999944508 0.001951791 0.046107210 0.026858378 -0.002229147 0.999636710 27.776031494
0.999580741 -0.009166535 -0.027464332 -0.436266094 0.009211886 0.999956429 0.001525178 0.049616620 0.027449153 -0.001777537 0.999621689 28.569181442
0.999536812 -0.009389329 -0.028948775 -0.458675861 0.009437146 0.999954343 0.001515584 0.042779949 0.028933221 -0.001788075 0.999579728 29.358352661
0.999469161 -0.009117219 -0.031277265 -0.484327197 0.009139949 0.999957979 0.000583773 0.043928057 0.031270631 -0.000869335 0.999510467 30.133604050
0.999414027 -0.009035329 -0.033013169 -0.515579641 0.009059960 0.999958754 0.000596537 0.043609664 0.033006415 -0.000895285 0.999454677 30.900426865
0.999342144 -0.009552035 -0.034985561 -0.538809419 0.009613119 0.999952495 0.001578137 0.046977587 0.034968827 -0.001913419 0.999386549 31.665330887
0.999264657 -0.009681909 -0.037100855 -0.570103765 0.009830947 0.999944270 0.003836801 0.049928963 0.037061647 -0.004198716 0.999304175 32.417533875
0.999201357 -0.008733450 -0.038989976 -0.602158248 0.008947986 0.999945760 0.005331214 0.052663550 0.038941309 -0.005675840 0.999225378 33.158710480
0.999131978 -0.007507828 -0.040973954 -0.634860396 0.007746038 0.999953926 0.005658032 0.051310927 0.040929589 -0.005970506 0.999144197 33.888572693
0.999074936 -0.005175303 -0.042691253 -0.676826179 0.005392748 0.999972999 0.004979853 0.051421165 0.042664330 -0.005205469 0.999075949 34.594295502
0.998999059 -0.003127355 -0.044622634 -0.711345613 0.003324044 0.999985099 0.004334318 0.055900179 0.044608418 -0.004478307 0.998994529 35.306446075
0.998923063 -0.002926664 -0.046303399 -0.740571380 0.003169030 0.999981642 0.005161768 0.060272247 0.046287440 -0.005302947 0.998914063 36.019207001
0.998893082 -0.001392137 -0.047019120 -0.787081659 0.001730021 0.999972999 0.007146176 0.062231004 0.047007903 -0.007219608 0.998868406 36.700546265
0.998888016 0.001462022 -0.047123153 -0.825224400 -0.001106279 0.999970734 0.007574409 0.066917181 0.047132850 -0.007513855 0.998860359 37.388523102
0.998921335 0.004129664 -0.046250388 -0.852612197 -0.003884913 0.999978006 0.005380509 0.069919541 0.046271585 -0.005195026 0.998915315 38.052070618
0.998989463 0.005851096 -0.044562690 -0.887434661 -0.005748998 0.999980569 0.002418929 0.071220413 0.044575974 -0.002160294 0.999003649 38.694751740
0.999077559 0.006119257 -0.042502504 -0.916067600 -0.006108982 0.999981344 0.000371647 0.079622664 0.042503979 -0.000111658 0.999096215 39.347869873
0.999207258 0.007151740 -0.039163284 -0.948427916 -0.007106517 0.999974012 0.001293817 0.078983448 0.039171517 -0.001014477 0.999231994 39.984977722
0.999267578 0.012032217 -0.036329262 -0.974698782 -0.011898632 0.999921620 0.003891088 0.080176435 0.036373235 -0.003455969 0.999332309 40.636535645
0.999338210 0.016216133 -0.032560557 -1.001132250 -0.015978860 0.999843895 0.007534095 0.080343083 0.032677647 -0.007008828 0.999441385 41.260318756
0.999374568 0.021468993 -0.028097175 -1.029443741 -0.021241220 0.999739289 0.008380110 0.085569203 0.028269764 -0.007778051 0.999570012 41.862968445
0.999427259 0.024969371 -0.022838477 -1.048795462 -0.024776708 0.999655306 0.008680331 0.089704692 0.023047343 -0.008109497 0.999701440 42.449653625
0.999433815 0.028999913 -0.017059563 -1.059649348 -0.028822197 0.999528646 0.010572704 0.092730641 0.017358122 -0.010075023 0.999798715 43.024963379
0.999363422 0.034021605 -0.010739887 -1.068902969 -0.033898644 0.999359906 0.011430172 0.100627154 0.011121884 -0.011058827 0.999877036 43.576622009
0.999310136 0.036959868 -0.003635389 -1.076727986 -0.036916833 0.999254763 0.011267018 0.100376815 0.004049109 -0.011125037 0.999929845 44.102283478
0.999181211 0.040300272 0.003584249 -1.077484131 -0.040338431 0.999122143 0.011300258 0.101668268 -0.003125703 -0.011435587 0.999929726 44.613502502
0.998933017 0.044809513 0.011172704 -1.076070547 -0.044934642 0.998926997 0.011211756 0.100964904 -0.010658324 -0.011701835 0.999874711 45.115196228
0.998610973 0.049119666 0.019057862 -1.074577808 -0.049290013 0.998747766 0.008574073 0.104048908 -0.018612841 -0.009501526 0.999781609 45.584918976
0.998337269 0.051033676 0.026802726 -1.063263416 -0.051192869 0.998674810 0.005287038 0.108716056 -0.026497390 -0.006650356 0.999626756 46.026554108
0.998073220 0.051455867 0.034670617 -1.046064496 -0.051658969 0.998652399 0.004987468 0.111937553 -0.034367256 -0.006768906 0.999386370 46.447109222
0.997807562 0.050702661 0.042537704 -1.023966670 -0.051025387 0.998675942 0.006535236 0.110764861 -0.042150028 -0.008691410 0.999073505 46.856784821
0.997341931 0.052632667 0.050387289 -1.002499104 -0.053064384 0.998564661 0.007268016 0.108931750 -0.049932435 -0.009922468 0.998703241 47.245677948
0.996697068 0.055586949 0.059203409 -0.983929873 -0.056113668 0.998397946 0.007270567 0.111898586 -0.058704406 -0.010568675 0.998219490 47.603939056
0.995854437 0.060381107 0.068028405 -0.963255405 -0.060966242 0.998118281 0.006556426 0.113843530 -0.067504510 -0.010676683 0.997661889 47.928798676
0.994977534 0.064218067 0.076783456 -0.936320782 -0.064930312 0.997866511 0.006813298 0.112080485 -0.076182120 -0.011764652 0.997024536 48.235660553
0.994263709 0.063400529 0.086139038 -0.905733109 -0.064288586 0.997902572 0.007572272 0.108569294 -0.085478276 -0.013066594 0.996254385 48.515750885
0.993361712 0.062218431 0.096754715 -0.866513729 -0.063053213 0.997994483 0.005591380 0.110591233 -0.096212789 -0.011654958 0.995292604 48.792076111
0.992221057 0.060938966 0.108552605 -0.832780838 -0.061439253 0.998109996 0.001266988 0.104902580 -0.108270243 -0.007926524 0.994089901 49.051948547
0.990626276 0.061995242 0.121721730 -0.790232658 -0.062098771 0.998065770 -0.002946373 0.107619405 -0.121668942 -0.004640017 0.992559910 49.318687439
0.988512695 0.063528590 0.137137294 -0.749324322 -0.063405745 0.997973979 -0.005268333 0.106242001 -0.137194127 -0.003487479 0.990537941 49.578079224
0.986011326 0.065276794 0.153364435 -0.700582504 -0.065037698 0.997861087 -0.006580845 0.104985803 -0.153466016 -0.003485684 0.988147795 49.838417053
0.983197033 0.065842338 0.170259669 -0.645760536 -0.065465815 0.997824013 -0.007830913 0.104348391 -0.170404792 -0.003446856 0.985368133 50.097259521
0.979947805 0.064675294 0.188466638 -0.585845947 -0.064085096 0.997901738 -0.009230043 0.106490374 -0.188668147 -0.003032943 0.982036233 50.355537415
0.976070404 0.063992679 0.207825869 -0.519243240 -0.063421160 0.997942388 -0.009418891 0.101083457 -0.208000988 -0.003987059 0.978120506 50.596275330
0.971577585 0.064136565 0.227867514 -0.445575714 -0.063382208 0.997932613 -0.010634512 0.098841429 -0.228078485 -0.004110492 0.973634124 50.838661194
0.966282666 0.066366248 0.248783872 -0.365898132 -0.065213174 0.997788072 -0.012883046 0.096393287 -0.249088615 -0.003775321 0.968473375 51.078506470
0.960018635 0.067519896 0.271671474 -0.286029816 -0.065931648 0.997711658 -0.014980520 0.091493607 -0.272061288 -0.003530171 0.962273479 51.320564270
0.952679157 0.069125250 0.296013713 -0.192907333 -0.067393057 0.997597158 -0.016064044 0.081669688 -0.296412915 -0.004645396 0.955048501 51.553043365
0.944150567 0.071835078 0.321588814 -0.092867851 -0.070126578 0.997394741 -0.016909394 0.073982894 -0.321965724 -0.006586912 0.946728349 51.791999817
0.934289932 0.073870137 0.348777294 0.015674591 -0.072146066 0.997232497 -0.017949484 0.065894246 -0.349137962 -0.008392884 0.937033713 52.028697968
0.923127174 0.074545398 0.377199352 0.137893677 -0.072573185 0.997173190 -0.019460265 0.060062766 -0.377583802 -0.009410260 0.925927579 52.267242432
0.910567999 0.072506271 0.406950623 0.279596329 -0.069775425 0.997329533 -0.021568641 0.050030708 -0.407427728 -0.008755444 0.913195491 52.502902985
0.895594597 0.070179529 0.439300835 0.427169800 -0.066206485 0.997508049 -0.024380742 0.043456674 -0.439917147 -0.007249303 0.898009062 52.732498169
0.878325045 0.069184415 0.473031312 0.579559326 -0.063197382 0.997592211 -0.028560486 0.032888174 -0.473868370 -0.004808954 0.880582511 52.947196960
0.858829021 0.071060210 0.507309735 0.742261887 -0.062611125 0.997468114 -0.033723067 0.024775743 -0.508421659 -0.002800885 0.861103714 53.171333313
0.837082028 0.072969086 0.542189240 0.928318024 -0.062123299 0.997332990 -0.038311638 0.015843034 -0.543538749 -0.001612605 0.839382529 53.397865295
0.812426627 0.075757377 0.578120828 1.124002457 -0.063062750 0.997123599 -0.042042412 0.006472945 -0.579643011 -0.002301519 0.814867377 53.623916626
0.784882843 0.079797223 0.614484549 1.336059570 -0.066050999 0.996797621 -0.045077398 -0.004136920 -0.616113842 -0.005206845 0.787639976 53.858249664
0.754900277 0.084236614 0.650407314 1.559677124 -0.069829084 0.996403575 -0.048000142 -0.020373583 -0.652111590 -0.009182030 0.758067489 54.086448669
0.721844316 0.085444786 0.686760545 1.823667526 -0.069643311 0.996280074 -0.050753202 -0.037278891 -0.688542604 -0.011192372 0.725109577 54.322963715
0.685252666 0.082858115 0.723576665 2.103078842 -0.065937743 0.996485293 -0.051664025 -0.058877468 -0.725314379 -0.012308095 0.688307762 54.545639038
0.646116853 0.081191227 0.758907735 2.397459030 -0.062662050 0.996612012 -0.053272806 -0.079652905 -0.760661840 -0.013134243 0.649015427 54.754272461
0.603505611 0.080399029 0.793294907 2.728408813 -0.060528517 0.996652246 -0.054961339 -0.103390932 -0.795058012 -0.014847485 0.606351674 54.973678589
0.557252645 0.080561578 0.826425612 3.090507507 -0.057148047 0.996643305 -0.058620214 -0.119120955 -0.828374088 -0.014562340 0.559986055 55.184658051
0.508440137 0.079131521 0.857453704 3.457822800 -0.053891581 0.996740699 -0.060030017 -0.147575021 -0.859409332 -0.015687857 0.511047482 55.377037048
0.460010022 0.077703267 0.884507179 3.901107788 -0.052170914 0.996807754 -0.060436003 -0.165773511 -0.886379719 -0.018344386 0.462595403 55.574317932
0.410828143 0.075510412 0.908580422 4.337322235 -0.051372238 0.996898293 -0.059621628 -0.185683250 -0.910264432 -0.022181567 0.413433045 55.734535217
0.360437930 0.075130381 0.929752529 4.788000107 -0.054329794 0.996749759 -0.059482127 -0.209644437 -0.931199729 -0.029073654 0.363348246 55.891860962
0.310440093 0.075829782 0.947563589 5.249223709 -0.052773390 0.996650696 -0.062468451 -0.230414867 -0.949126899 -0.030613432 0.313402146 56.028308868
0.263581455 0.072355695 0.961919665 5.727877617 -0.041511923 0.997109950 -0.063627772 -0.262369156 -0.963743448 -0.023160031 0.265823305 56.111232758
0.219692990 0.066779532 0.973280787 6.247062683 -0.027979868 0.997675300 -0.062137578 -0.286565423 -0.975167692 -0.013581073 0.221050769 56.185306549
0.177269474 0.065660998 0.981969535 6.773329735 -0.019151371 0.997813046 -0.063263111 -0.318822205 -0.983975947 -0.007591441 0.178139284 56.252132416
0.138673082 0.067047738 0.988065958 7.280537605 -0.015876520 0.997727871 -0.065475151 -0.344787955 -0.990210950 -0.006607411 0.139422506 56.299438477
0.105947740 0.067809209 0.992056906 7.823291779 -0.007264380 0.997698307 -0.067419000 -0.378651321 -0.994345069 -0.000063786 0.106196471 56.329120636
0.077190399 0.065977022 0.994831026 8.387287140 0.000183037 0.997807145 -0.066188619 -0.414785564 -0.997016251 0.005291216 0.077009059 56.351169586
0.052263364 0.064279065 0.996562421 8.957342148 0.006896802 0.997879267 -0.064725690 -0.450782686 -0.998609602 0.010255879 0.051709205 56.362819672
0.032151740 0.063560650 0.997459948 9.518387794 0.012108737 0.997877896 -0.063977592 -0.472018003 -0.999409616 0.014134970 0.031313874 56.359848022
0.016298024 0.065450877 0.997722685 10.108201981 0.015023638 0.997726500 -0.065696560 -0.498034239 -0.999754250 0.016060147 0.015277652 56.358467102
0.002887500 0.065152749 0.997871041 10.692573547 0.015301766 0.997755706 -0.065189488 -0.534709811 -0.999878764 0.015457425 0.001884064 56.348575592
-0.008529928 0.066060714 0.997779191 11.302672386 0.016463935 0.997689486 -0.065914035 -0.570523858 -0.999828100 0.015865130 -0.009597849 56.334999084
-0.017861392 0.069018953 0.997455418 11.952301025 0.021433406 0.997411788 -0.068632133 -0.606896341 -0.999610722 0.020153001 -0.019294471 56.325046539
-0.024247065 0.070752911 0.997199118 12.576728821 0.025453353 0.997212708 -0.070134982 -0.644406140 -0.999381900 0.023681495 -0.025980379 56.295322418
-0.028892471 0.070136569 0.997118831 13.226123810 0.025593506 0.997260153 -0.069404908 -0.681648016 -0.999254823 0.023514489 -0.030608352 56.278697968
-0.032542150 0.067558259 0.997184455 13.894723892 0.023973452 0.997478604 -0.066795833 -0.713467717 -0.999182820 0.021732276 -0.034079712 56.255458832
-0.034975704 0.060535092 0.997553051 14.571023941 0.021558959 0.997977197 -0.059804935 -0.753380835 -0.999155581 0.019414483 -0.036210041 56.238842010
-0.036294397 0.055076718 0.997822225 15.253692627 0.023161435 0.998258173 -0.054258317 -0.785617113 -0.999072731 0.021141719 -0.037506837 56.212356567
-0.036715303 0.052177392 0.997962594 15.954129219 0.025416996 0.998361647 -0.051263150 -0.822624087 -0.999002457 0.023483068 -0.037981346 56.185108185
-0.036562178 0.054635257 0.997836769 16.661567688 0.028750494 0.998148561 -0.053598877 -0.864131272 -0.998917699 0.026728613 -0.038065273 56.146743774
-0.035573855 0.062216915 0.997428477 17.365993500 0.029600684 0.997687936 -0.061177373 -0.895152152 -0.998928547 0.027348256 -0.037333265 56.120635986
-0.033670258 0.070381530 0.996951818 18.067951202 0.030520158 0.997124493 -0.069362953 -0.925863504 -0.998966873 0.028091652 -0.035721492 56.104156494
-0.031186162 0.070924193 0.996994019 18.794565201 0.031254154 0.997060597 -0.069951296 -0.964397550 -0.999024808 0.028978694 -0.033311170 56.078865051
-0.029246369 0.066539928 0.997355044 19.550079346 0.030864051 0.997366130 -0.065635614 -1.007631779 -0.999095678 0.028862810 -0.031223025 56.066612244
-0.026656060 0.060167357 0.997832417 20.310337067 0.029959742 0.997786820 -0.059364256 -1.054473400 -0.999195635 0.028312389 -0.028399659 56.036674500
-0.023793599 0.058414645 0.998008788 21.046712875 0.028466925 0.997926176 -0.057731129 -1.098295689 -0.999311507 0.027036609 -0.025407137 56.024494171
-0.020173497 0.063672699 0.997766912 21.777803421 0.035976846 0.997369885 -0.062919959 -1.143051624 -0.999148965 0.034627192 -0.022411179 55.999061584
-0.017210767 0.069207922 0.997453809 22.508975983 0.037947170 0.996927977 -0.068516672 -1.184324741 -0.999131501 0.036671326 -0.019784141 55.990356445
-0.014892856 0.069683559 0.997457981 23.247734070 0.031545136 0.997104764 -0.069187894 -1.230756879 -0.999391317 0.030434543 -0.017047914 56.001453400
-0.011592526 0.066224277 0.997737348 24.015096664 0.026985362 0.997461736 -0.065892428 -1.275559425 -0.999568582 0.026160443 -0.013350187 55.986827850
-0.006986431 0.062775508 0.998003244 24.751893997 0.030901363 0.997564554 -0.062531590 -1.323403001 -0.999497950 0.030402785 -0.008909266 55.978992462
-0.002962154 0.063821778 0.997956932 25.492380142 0.035765633 0.997329652 -0.063675478 -1.366954446 -0.999355793 0.035503943 -0.005236870 55.967273712
-0.000885572 0.067805685 0.997698247 26.230684280 0.035232440 0.997081280 -0.067732491 -1.424695253 -0.999378681 0.035091355 -0.003271949 55.986007690
0.003186454 0.068859339 0.997621238 26.998521805 0.031611737 0.997120738 -0.068925761 -1.463430047 -0.999495089 0.031756170 0.001000516 55.986518860
0.006727983 0.068564214 0.997623980 27.748998642 0.030884884 0.997156441 -0.068740360 -1.506660223 -0.999500275 0.031273991 0.004591253 55.998294830
0.010669202 0.064773642 0.997842968 28.487840652 0.035087097 0.997260988 -0.065111026 -1.560508847 -0.999327242 0.035706088 0.008367258 55.998626709
0.014541895 0.065639742 0.997737408 29.240381241 0.039290793 0.997034729 -0.066166177 -1.606260538 -0.999122024 0.040164080 0.011919737 55.999938965
0.017653981 0.066257723 0.997646332 30.004816055 0.042761974 0.996838748 -0.066960782 -1.666079044 -0.998929322 0.043843463 0.014764862 56.018253326
0.020470466 0.066346273 0.997586608 30.755830765 0.043195046 0.996805370 -0.067180663 -1.710616350 -0.998856962 0.044466019 0.017539240 56.034614563
0.024083475 0.064907350 0.997600615 31.503282547 0.044613890 0.996825993 -0.065933995 -1.756781816 -0.998713911 0.046094771 0.021111267 56.054119110
0.027534891 0.063654058 0.997592032 32.242717743 0.046814274 0.996793449 -0.064895235 -1.806495905 -0.998524070 0.048488438 0.024466682 56.075351715
0.030408144 0.063847780 0.997496247 32.968101501 0.045550149 0.996832430 -0.065193854 -1.851935863 -0.998499155 0.047418535 0.027403552 56.099803925
0.033541381 0.065902174 0.997262120 33.759922028 0.042408280 0.996831059 -0.067300022 -1.894509077 -0.998537183 0.044549506 0.030640293 56.126834869
0.036436886 0.065903381 0.997160494 34.513374329 0.044493161 0.996726632 -0.067500524 -1.938906193 -0.998345077 0.046826333 0.033385366 56.152248383
0.039281961 0.065707259 0.997065425 35.272983551 0.042232607 0.996834874 -0.067355923 -1.985093117 -0.998335242 0.044754539 0.036382638 56.184230804
0.041329615 0.065923274 0.996968329 36.025096893 0.040107116 0.996907294 -0.067581885 -2.033386469 -0.998340249 0.042778660 0.038557801 56.226665497
0.044419967 0.065381616 0.996871114 36.793483734 0.037710689 0.997035205 -0.067072734 -2.087774515 -0.998300910 0.040572077 0.041822683 56.262702942
0.047227267 0.068051472 0.996563315 37.554405212 0.036296379 0.996900797 -0.069794610 -2.126034737 -0.998224497 0.039467849 0.044610884 56.309486389
0.051065877 0.072344035 0.996071517 38.320632935 0.035169788 0.996623993 -0.074187212 -2.165516853 -0.998075783 0.038820066 0.048349161 56.346740723
0.054032087 0.073640861 0.995820045 39.086479187 0.035684891 0.996497512 -0.075627185 -2.227963686 -0.997901380 0.039622024 0.051214971 56.396869659
0.056697786 0.075974427 0.995496571 39.849658966 0.029356334 0.996542513 -0.077726230 -2.278551579 -0.997959733 0.033631034 0.054271422 56.454555511
0.059378192 0.074955955 0.995417416 40.639137268 0.025703169 0.996731460 -0.076588131 -2.334439993 -0.997904599 0.030133048 0.057257514 56.513591766
0.063289799 0.075370051 0.995145082 41.415859222 0.028133579 0.996613145 -0.077270500 -2.390919209 -0.997598588 0.032887425 0.060955010 56.565284729
0.067398064 0.076790497 0.994766772 42.186893463 0.026973560 0.996529102 -0.078754082 -2.445734501 -0.997361541 0.032140270 0.065092832 56.614170074
0.070414059 0.077751130 0.994483054 42.969535828 0.023126168 0.996562421 -0.079551138 -2.500441074 -0.997249722 0.028600106 0.068373926 56.695274353
0.074820139 0.075796388 0.994312227 43.758430481 0.022241317 0.996732235 -0.077654473 -2.554502487 -0.996948957 0.027924929 0.072889850 56.751670837
0.079793319 0.075709507 0.993932068 44.555496216 0.022519987 0.996720195 -0.077729784 -2.616499901 -0.996556997 0.028585657 0.077826627 56.816104889
0.085069269 0.079135031 0.993227482 45.345481873 0.019270025 0.996523917 -0.081048109 -2.676030159 -0.996188700 0.026034217 0.083248638 56.893482208
0.090498075 0.087508067 0.992044508 46.131378174 0.017266829 0.995844483 -0.089418404 -2.743338823 -0.995746851 0.025221655 0.088611029 56.983196259
0.097550757 0.092560627 0.990916967 46.916305542 0.015385325 0.995406508 -0.094494596 -2.800698519 -0.995111644 0.024463600 0.095678560 57.059795380
0.105161361 0.095673032 0.989842296 47.720054626 0.011066598 0.995187342 -0.097365357 -2.865515709 -0.994393587 0.021193262 0.103596449 57.151576996
0.112418815 0.093640693 0.989238858 48.529479980 0.007604310 0.995439529 -0.095091805 -2.938804626 -0.993631899 0.018212587 0.111194052 57.255008698
0.118716344 0.092615716 0.988599479 49.341049194 0.007506258 0.995528221 -0.094166219 -3.000328541 -0.992899835 0.018599752 0.117490262 57.386421204
0.126846761 0.088696264 0.987948775 50.165061951 0.007667821 0.995876670 -0.090392523 -3.073479891 -0.991892755 0.019041410 0.125643626 57.489410400
0.134383649 0.082843371 0.987460375 50.947128296 0.004976242 0.996430278 -0.084273100 -3.151804924 -0.990916908 0.016238771 0.133491680 57.580177307
0.141210169 0.075360186 0.987107158 51.766407013 0.002457828 0.997068644 -0.076472290 -3.215128422 -0.989976585 0.013224806 0.140611008 57.716491699
0.148727953 0.072774976 0.986196637 52.572578430 0.002552497 0.997256696 -0.073976070 -3.275928736 -0.988874793 0.013519573 0.148134232 57.844779968
0.156370655 0.074725218 0.984867692 53.381134033 0.002510797 0.997100711 -0.076052003 -3.336067677 -0.987695277 0.014365104 0.155729666 57.976497650
0.162150294 0.081047446 0.983432055 54.156349182 0.002542420 0.996583700 -0.082550496 -3.402913332 -0.986762881 0.015885886 0.161390260 58.103050232
0.167005271 0.085196130 0.982268214 54.938343048 0.001027712 0.996244073 -0.086583056 -3.453070402 -0.985955477 0.015469316 0.166290477 58.241893768
0.171756804 0.088043556 0.981197178 55.716232300 -0.000283701 0.996002734 -0.089322403 -3.521962166 -0.985139370 0.015063367 0.171095207 58.395431519
0.177368030 0.087407507 0.980255425 56.482433319 -0.002638148 0.996086657 -0.088341817 -3.586962461 -0.984141052 0.013082953 0.176904529 58.533840179
0.182862997 0.084515475 0.979498923 57.241275787 0.001231551 0.996277690 -0.086193129 -3.653320312 -0.983137667 0.016967837 0.182078212 58.671230316
0.186965227 0.077738829 0.979285896 58.005012512 0.001176854 0.996845543 -0.079357475 -3.718036175 -0.982365847 0.015989561 0.186283946 58.827281952
0.190534204 0.071710438 0.979057908 58.752021790 0.000035189 0.997327864 -0.073055461 -3.775175095 -0.981680572 0.013954015 0.190022513 58.970767975
0.193707079 0.068616055 0.978657007 59.491500854 -0.003811860 0.997596264 -0.069189474 -3.827631712 -0.981051981 0.009671985 0.193503007 59.128368378
0.196693003 0.068652228 0.978058696 60.216354370 -0.005197442 0.997604549 -0.068978965 -3.880270958 -0.980451286 0.008484278 0.196578681 59.281585693
0.199093804 0.070726484 0.977424920 60.943252563 -0.007496219 0.997473001 -0.070650242 -3.932506800 -0.979951799 0.006739033 0.199120894 59.431407928
0.200362444 0.075112738 0.976838350 61.648311615 -0.011533597 0.997168422 -0.074310325 -3.986784220 -0.979654014 0.003622537 0.200661421 59.589271545
0.202575907 0.079087645 0.976067722 62.339515686 -0.012236472 0.996860027 -0.078232788 -4.041127205 -0.979190230 0.003904453 0.202907547 59.738929749
0.204458416 0.084393702 0.975230515 63.022708893 -0.012660577 0.996421218 -0.083573185 -4.095341682 -0.978793383 0.004740260 0.204795197 59.889194489
0.206198707 0.086692855 0.974662185 63.700569153 -0.011999429 0.996216774 -0.086071469 -4.145818710 -0.978436530 0.006052435 0.206458867 60.036609650
0.207748324 0.086200126 0.974376857 64.372192383 -0.014487539 0.996271491 -0.085048176 -4.204843044 -0.978075027 0.003552295 0.208222553 60.187648773
0.208380058 0.083039626 0.974516332 65.041656494 -0.014144875 0.996540844 -0.081891768 -4.264825344 -0.977945626 0.003280199 0.208833814 60.335128784
0.209139258 0.080897935 0.974533916 65.697479248 -0.014805341 0.996719897 -0.079562359 -4.319713116 -0.977773726 0.002211303 0.209650993 60.481101990
0.208808705 0.079604231 0.974711299 66.343101501 -0.013296491 0.996820569 -0.078561418 -4.369994640 -0.977866113 0.003444072 0.209203243 60.618423462
0.207240582 0.078869186 0.975105762 66.978263855 -0.013330714 0.996880114 -0.077797167 -4.419517517 -0.978199184 0.003123876 0.207645386 60.756729126
0.205537081 0.079897247 0.975382507 67.599670410 -0.014806340 0.996801674 -0.078531720 -4.470459938 -0.978537321 0.001699337 0.206062689 60.892173767
0.203175828 0.082627162 0.975649714 68.212303162 -0.015755989 0.996579826 -0.081118613 -4.524879456 -0.979015470 0.001109014 0.203782812 61.026660919
0.200845182 0.086007610 0.975840032 68.811767578 -0.013575185 0.996287107 -0.085015729 -4.579637527 -0.979528964 0.003827792 0.201266989 61.151870728
0.199639633 0.087378070 0.975965738 69.409683228 -0.011576394 0.996157050 -0.086817756 -4.620037556 -0.979800999 0.006034103 0.199883938 61.269199371
0.197236046 0.086139582 0.976564407 70.000869751 -0.012476231 0.996272206 -0.085358143 -4.668441772 -0.980276525 0.004651861 0.197575510 61.392261505
0.195100844 0.083326660 0.977237105 70.587867737 -0.012895234 0.996516287 -0.082396083 -4.716525078 -0.980698347 0.003473844 0.195495665 61.509025574
0.193044916 0.079237305 0.977985203 71.165161133 -0.012736033 0.996852338 -0.078251965 -4.770463467 -0.981107295 0.002650491 0.193446383 61.622890472
0.191387013 0.078176953 0.978396297 71.710151672 -0.008760897 0.996919274 -0.077943251 -4.816747665 -0.981475532 0.006345697 0.191482291 61.716453552
0.189883217 0.079789616 0.978559196 72.264465332 -0.004999664 0.996757865 -0.080303364 -4.857483387 -0.981793880 0.010355791 0.189666510 61.815536499
0.187266260 0.081760794 0.978900731 72.815162659 -0.001019868 0.996545732 -0.083039470 -4.899700642 -0.982308626 0.014552139 0.186702773 61.917739868
0.185555160 0.083700307 0.979062557 73.366500854 -0.001690756 0.996391237 -0.084861323 -4.940442085 -0.982632339 0.014091099 0.185027063 62.028160095
0.184327289 0.086219586 0.979076028 73.909881592 -0.001822055 0.996173203 -0.087382175 -4.984065056 -0.982863188 0.014322989 0.183778986 62.131324768
0.182748064 0.084936932 0.979483962 74.452285767 -0.000652955 0.996271491 -0.086270869 -5.026727676 -0.983159542 0.015126273 0.182122156 62.235366821
0.183657348 0.083469398 0.979440033 74.999282837 0.005480232 0.996285915 -0.085932627 -5.067130089 -0.982975006 0.021149719 0.182517782 62.324283600
0.185800523 0.081789441 0.979177475 75.557388306 0.010392857 0.996310234 -0.085192576 -5.105456352 -0.982532501 0.026005274 0.184264943 62.426193237
0.187642351 0.081131086 0.978881001 76.117301941 0.012827854 0.996295512 -0.085033402 -5.153168678 -0.982153594 0.028512806 0.185906500 62.539512634
0.191001207 0.081032321 0.978239357 76.668350220 0.010396444 0.996363759 -0.084563576 -5.194671631 -0.981534660 0.026321955 0.189464271 62.656402588
0.196393460 0.081306189 0.977148354 77.233078003 0.009060039 0.996363103 -0.084725946 -5.245685577 -0.980483353 0.025492623 0.194942549 62.778434753
0.203276724 0.080183454 0.975832582 77.778472900 0.010729460 0.996398866 -0.084108420 -5.284039497 -0.979062557 0.027567444 0.201684371 62.881156921
0.210872769 0.080681667 0.974178255 78.342437744 0.008808195 0.996390700 -0.084427945 -5.323098183 -0.977473795 0.026384311 0.209401026 63.010116577
0.219256774 0.078482479 0.972505450 78.912910461 0.008992525 0.996554673 -0.082450666 -5.370191574 -0.975625753 0.026823148 0.217795566 63.148315430
0.228460640 0.078351662 0.970395148 79.493728638 0.005682399 0.996631861 -0.081807874 -5.413495064 -0.973536611 0.024204055 0.227245927 63.291030884
0.238177687 0.078364424 0.968054950 80.078620911 0.004435791 0.996641457 -0.081769876 -5.455304623 -0.971211553 0.023769852 0.237030149 63.442367554
0.247528285 0.082261495 0.965382159 80.674041748 -0.001455135 0.996419549 -0.084533140 -5.507432938 -0.968879580 0.019519582 0.246761784 63.615112305
0.257289559 0.084264040 0.962653518 81.264350891 -0.004015990 0.996275485 -0.086133726 -5.543982506 -0.966325998 0.018295303 0.256669700 63.780033112
0.267284036 0.087148748 0.959668875 81.830482483 -0.008356941 0.996074200 -0.088127196 -5.581283569 -0.963581562 0.015535099 0.266962945 63.957679749
0.277414352 0.088785708 0.956639111 82.444892883 -0.009722873 0.995929301 -0.089612715 -5.635251999 -0.960701168 0.015558569 0.277148306 64.148910522
0.287435442 0.089751750 0.953585565 83.067886353 -0.012687099 0.995869339 -0.089907296 -5.682818890 -0.957715988 0.013744310 0.287386775 64.342857361
0.297716051 0.090392604 0.950365424 83.697265625 -0.014451850 0.995819867 -0.090188697 -5.739034176 -0.954545081 0.013116083 0.297777891 64.549880981
0.307847172 0.091500893 0.947025836 84.321548462 -0.018551612 0.995752811 -0.090178348 -5.779912949 -0.951254964 0.010192293 0.308237135 64.765907288
0.318370014 0.087004200 0.943965554 84.981231689 -0.017871253 0.996153235 -0.085786872 -5.824651718 -0.947798073 0.010442117 0.318700194 64.996932983
0.329055011 0.079447739 0.940962791 85.640602112 -0.014434442 0.996761262 -0.079111218 -5.883479118 -0.944200397 0.012449673 0.329136044 65.225250244
0.339990675 0.075432286 0.937398672 86.302246094 -0.013106677 0.997061133 -0.075479575 -5.931752205 -0.940337479 0.013376173 0.339980185 65.475234985
0.350301057 0.072449997 0.933830917 86.984123230 -0.014128990 0.997299135 -0.072073996 -5.979588509 -0.936530590 0.012053508 0.350378633 65.740562439
0.359921217 0.069843948 0.930364728 87.673248291 -0.007545945 0.997379303 -0.071955606 -6.020780563 -0.932952225 0.018877869 0.359504998 66.005310059
0.368374437 0.064397410 0.927444458 88.362243652 -0.001139819 0.997628570 -0.068817921 -6.061242104 -0.929676831 0.024293646 0.367574215 66.270629883
0.375494748 0.054968301 0.925193071 89.081512451 0.008554765 0.997991562 -0.062765449 -6.104230404 -0.926785111 0.031482913 0.374270380 66.550338745
0.382456034 0.050488472 0.922593236 89.787361145 0.013848874 0.998080552 -0.060360454 -6.148905277 -0.923869848 0.035862099 0.381022751 66.843528748
0.389688939 0.050274264 0.919573247 90.492012024 0.015753290 0.997998893 -0.061237682 -6.201296329 -0.920811832 0.038349949 0.388117105 67.146629333
0.397195727 0.056856636 0.915970922 91.210189819 0.017964272 0.997406244 -0.069701426 -6.239386559 -0.917558074 0.044139862 0.395144045 67.455665588
0.404498577 0.061615512 0.912460625 91.914733887 0.021757793 0.996797085 -0.076955825 -6.277289391 -0.914279699 0.050981648 0.401862353 67.762359619
0.409550667 0.063544601 0.910071552 92.622901917 0.019744813 0.996720135 -0.078480296 -6.332269669 -0.912073672 0.050110850 0.406952769 68.090484619
0.414082289 0.064724915 0.907935321 93.323616028 0.012710795 0.996960223 -0.076868355 -6.396933556 -0.910150826 0.043370388 0.412000805 68.423835754
0.417923152 0.068408161 0.905903101 94.010192871 0.006088357 0.996927738 -0.078090534 -6.455111504 -0.908461988 0.038151298 0.416222692 68.760559082
0.421884686 0.071377933 0.903835416 94.688125610 0.005289337 0.996685386 -0.081179433 -6.516559124 -0.906634033 0.039029039 0.420108765 69.089385986
0.425767064 0.076080903 0.901628554 95.349540710 0.001515910 0.996397376 -0.084793501 -6.573452950 -0.904831529 0.037469059 0.424117893 69.403999329
0.429823399 0.078448430 0.899498582 96.030708313 -0.000500910 0.996239007 -0.086646147 -6.627273560 -0.902912855 0.036791973 0.428246140 69.731498718
0.433739156 0.077257052 0.897720337 96.692337036 -0.002034403 0.996398747 -0.084766313 -6.687355042 -0.901036203 0.034940146 0.432334334 70.059753418
0.437890649 0.073819786 0.895992458 97.340347290 -0.000678539 0.996650100 -0.081781246 -6.748712540 -0.899027944 0.035203274 0.436473876 70.374259949
0.441360265 0.071051851 0.894512594 97.969238281 -0.000746855 0.996888876 -0.078815185 -6.801873207 -0.897329688 0.034117814 0.440040231 70.687156677
0.444869488 0.070254751 0.892835617 98.603073120 -0.002198200 0.997001171 -0.077355951 -6.863414764 -0.895592690 0.032450672 0.443689793 71.019439697
0.447980076 0.072402850 0.891107023 99.227096558 -0.004276117 0.996877670 -0.078847058 -6.908660412 -0.894033313 0.031511430 0.446890891 71.339714050
0.450650781 0.073153891 0.889697969 99.836746216 -0.003745063 0.996782899 -0.080061831 -6.961455345 -0.892692506 0.032747943 0.449474931 71.651763916
0.452640384 0.071215510 0.888844907 100.435600281 -0.001222289 0.996854305 -0.079246953 -7.012125015 -0.891692281 0.034783937 0.451303512 71.963012695
0.454513162 0.070018850 0.887983799 101.026382446 0.000470581 0.996886611 -0.078846872 -7.065562248 -0.890739858 0.036254812 0.453065157 72.261138916
0.456245363 0.069584638 0.887129188 101.609130859 -0.000309304 0.996950269 -0.078039713 -7.117970467 -0.889853895 0.035330866 0.454875469 72.571258545
0.458104908 0.068990640 0.886216938 102.181808472 0.001178134 0.996935546 -0.078218929 -7.166834831 -0.888897240 0.036876559 0.456619740 72.880355835
0.460808784 0.070842117 0.884667575 102.745910645 0.000013013 0.996808589 -0.079828888 -7.220717430 -0.887499452 0.036797367 0.459337175 73.166709900
0.463672668 0.070656963 0.883184671 103.301635742 0.003388863 0.996666253 -0.081514932 -7.268468380 -0.886000037 0.040789243 0.461887479 73.458862305
0.466611743 0.070189916 0.881672740 103.850631714 0.005013719 0.996620238 -0.081994303 -7.316244125 -0.884447992 0.042679969 0.464682758 73.751091003
0.469775736 0.068444423 0.880128443 104.395698547 0.007866696 0.996625662 -0.081702918 -7.367353439 -0.882750630 0.045305755 0.467652112 74.042747498
0.473022103 0.067357078 0.878472090 104.916450500 0.009532698 0.996623755 -0.081549369 -7.413379192 -0.880998969 0.046948869 0.470783025 74.321289062
0.476294816 0.066789612 0.876745403 105.430679321 0.010708360 0.996596336 -0.081737109 -7.460683823 -0.879220486 0.048319470 0.473958492 74.600799561
0.480086833 0.065891355 0.874742806 105.936920166 0.010447874 0.996674895 -0.080810189 -7.514911652 -0.877158761 0.047935124 0.477802008 74.871376038
0.483713955 0.065616652 0.872763097 106.450744629 0.012223789 0.996581972 -0.081700496 -7.555799484 -0.875140905 0.050188150 0.481258452 75.153587341
0.487544805 0.066514336 0.870560706 106.950103760 0.011790491 0.996501505 -0.082739800 -7.605178833 -0.873018384 0.050603703 0.485054791 75.435699463
0.491636366 0.066836193 0.868231893 107.452430725 0.013779615 0.996328175 -0.084499717 -7.651497364 -0.870691657 0.053507037 0.488910228 75.729019165
0.496196330 0.069888130 0.865392864 107.942428589 0.012023675 0.996106088 -0.087338477 -7.699921608 -0.868127108 0.053742234 0.493423909 76.018898010
0.502155900 0.075585917 0.861467421 108.415550232 0.008947245 0.995665371 -0.092575982 -7.741084099 -0.864730716 0.054195337 0.499302983 76.296852112
0.507989585 0.082829617 0.857371569 108.897819519 0.003174343 0.995178998 -0.098023824 -7.797238827 -0.861357331 0.052516662 0.505277514 76.588180542
0.514219165 0.089089625 0.853019178 109.377708435 -0.001842667 0.994702756 -0.102776319 -7.845425129 -0.857656837 0.051277712 0.511659324 76.889289856
0.520348489 0.093666591 0.848801434 109.857223511 -0.005538673 0.994315565 -0.106328882 -7.900019169 -0.853936017 0.050626837 0.517909408 77.204162598
0.526105225 0.093902178 0.845219314 110.341674805 -0.009599277 0.994477451 -0.104509413 -7.952722549 -0.850365281 0.046869457 0.524101198 77.511802673
0.531419635 0.093279444 0.841957331 110.838661194 -0.016663842 0.994877756 -0.099703550 -8.005319595 -0.846944809 0.038954180 0.530251920 77.843154907
0.537325740 0.090879396 0.838464022 111.337738037 -0.022513039 0.995368540 -0.093458600 -8.055280685 -0.843074381 0.031341329 0.536883116 78.180259705
0.543009341 0.089399099 0.834954262 111.839973450 -0.029162263 0.995724618 -0.087647319 -8.109540939 -0.839220107 0.023244154 0.543294847 78.531501770
0.548965991 0.087264799 0.831276834 112.350532532 -0.031611484 0.995991111 -0.083680108 -8.162593842 -0.835246682 0.019659637 0.549523830 78.885795593
0.555374026 0.090789460 0.826629877 112.867309570 -0.037284218 0.995741606 -0.084313579 -8.214221001 -0.830764472 0.016005332 0.556393981 79.242103577
0.561578453 0.094827160 0.821971714 113.386360168 -0.041060049 0.995381117 -0.086780004 -8.259742737 -0.826404095 0.014983591 0.562878132 79.615325928
0.567275405 0.098061360 0.817668974 113.910560608 -0.043455582 0.995066404 -0.089188017 -8.305250168 -0.822380841 0.015061883 0.568737924 80.007774353
0.573563337 0.100413091 0.812983572 114.442070007 -0.046457577 0.994848549 -0.090099543 -8.358491898 -0.817842782 0.013908552 0.575273633 80.386253357
