1.000000000 0.000000000 0.000000000 0.000000000 0.000000000 1.000000000 0.000000000 0.000000000 0.000000000 0.000000000 1.000000000 0.000000000
1.000000000 -0.000055407 0.000122263 -0.014833488 0.000055231 0.999998987 0.001438149 -0.012583233 -0.000122342 -0.001438142 0.999998987 1.315591931
0.999998450 -0.001578284 -0.000672635 -0.009885433 0.001579503 0.999997079 0.001815403 -0.040816210 0.000669768 -0.001816462 0.999998152 2.619007826
0.999996006 -0.002734403 -0.000663818 -0.015089979 0.002734898 0.999996006 0.000746012 -0.055808607 0.000661775 -0.000747824 0.999999464 3.932595730
0.999995828 -0.002868135 -0.000452045 -0.026822461 0.002868490 0.999995589 0.000785158 -0.073160775 0.000449791 -0.000786451 0.999999583 5.252255440
0.999992967 -0.003701886 -0.000636124 -0.025349800 0.003703080 0.999991357 0.001887228 -0.101216309 0.000629132 -0.001889570 0.999998033 6.577635288
0.999986410 -0.005192560 -0.000420559 -0.031555843 0.005193804 0.999981880 0.003012887 -0.116739430 0.000404907 -0.003015031 0.999995410 7.901390076
0.999989271 -0.004606734 -0.000446000 -0.040880684 0.004608282 0.999983072 0.003533049 -0.135845304 0.000429717 -0.003535067 0.999993622 9.244011879
0.999993443 -0.003544972 -0.000685870 -0.049272079 0.003546049 0.999992490 0.001576600 -0.151238292 0.000680276 -0.001579023 0.999998510 10.594121933
0.999998689 -0.001242339 -0.001031777 -0.055325031 0.001242060 0.999999166 -0.000270867 -0.178132787 0.001032113 0.000269586 0.999999344 11.925520897
0.999996841 0.002404564 -0.000688918 -0.073500879 -0.002405288 0.999996483 -0.001051479 -0.202787161 0.000686387 0.001053132 0.999999166 13.265041351
0.999989033 0.004669978 -0.000382392 -0.096388347 -0.004670462 0.999988377 -0.001273989 -0.221304849 0.000376438 0.001275760 0.999999106 14.599275589
0.999982715 0.005860736 -0.000591945 -0.097370706 -0.005861076 0.999982655 -0.000572506 -0.240599364 0.000588579 0.000575966 0.999999642 15.957674026
0.999994636 0.003269441 0.000228672 -0.113212809 -0.003269998 0.999991715 0.002477299 -0.265446931 -0.000220571 -0.002478034 0.999996841 17.305877686
0.999999464 -0.000922006 0.000375143 -0.115717605 0.000920342 0.999989927 0.004410200 -0.285642505 -0.000379206 -0.004409853 0.999990165 18.658321381
0.999994934 -0.003191904 0.000099061 -0.121779867 0.003191708 0.999993026 0.001924655 -0.299051940 -0.000105204 -0.001924329 0.999998033 20.002990723
0.999987721 -0.004957790 -0.000071423 -0.119478084 0.004957809 0.999987602 0.000269778 -0.327532679 0.000070085 -0.000270128 0.999999881 21.374639511
0.999997497 -0.001903929 0.001223644 -0.144467637 0.001905613 0.999997139 -0.001375578 -0.344090074 -0.001221022 0.001377907 0.999998271 22.719953537
0.999999166 0.000300175 0.001268501 -0.141141236 -0.000300928 0.999999702 0.000593398 -0.364420444 -0.001268322 -0.000593779 0.999998987 24.101182938
0.999997854 0.000948326 0.001843120 -0.147834584 -0.000956177 0.999990404 0.004263633 -0.384977341 -0.001839059 -0.004265386 0.999989212 25.471332550
0.999997437 -0.001226722 0.001939185 -0.144265160 0.001214914 0.999980748 0.006078614 -0.393807173 -0.001946604 -0.006076243 0.999979675 26.856016159
0.999978900 -0.006303527 0.001586280 -0.135940626 0.006296446 0.999970376 0.004430110 -0.417350322 -0.001614158 -0.004420029 0.999988854 28.271865845
0.999979436 -0.006183381 0.001718286 -0.138978764 0.006179642 0.999978542 0.002172913 -0.430383235 -0.001731685 -0.002162251 0.999996126 29.648931503
0.999973595 -0.006798976 0.002560279 -0.148914814 0.006799786 0.999976933 -0.000308218 -0.454569966 -0.002558124 0.000325619 0.999996662 31.023744583
0.999989033 -0.003230030 0.003366865 -0.162534192 0.003233541 0.999994218 -0.001037835 -0.475520700 -0.003363494 0.001048711 0.999993801 32.399608612
0.999990284 -0.002465369 0.003689825 -0.169487223 0.002477119 0.999991834 -0.003182904 -0.502658308 -0.003681948 0.003192012 0.999988079 33.777877808
0.999991655 -0.001834659 0.003678680 -0.166374221 0.001844223 0.999994934 -0.002598026 -0.525125802 -0.003673895 0.002604789 0.999989808 35.170921326
0.999991477 -0.001202549 0.003986962 -0.189644471 0.001208569 0.999998093 -0.001507811 -0.548663318 -0.003985141 0.001512616 0.999990880 36.560485840
0.999993861 0.000164210 0.003528296 -0.192485273 -0.000164698 1.000000000 0.000138019 -0.571753860 -0.003528273 -0.000138599 0.999993801 37.960346222
0.999989450 0.002666464 0.003730904 -0.204327151 -0.002668631 0.999996364 0.000576320 -0.598774850 -0.003729353 -0.000586270 0.999992847 39.362430573
0.999977052 0.005364107 0.004121029 -0.216827765 -0.005364379 0.999985576 0.000055187 -0.617257059 -0.004120674 -0.000077292 0.999991536 40.749671936
0.999966979 0.007233264 0.003703242 -0.220001355 -0.007234580 0.999973774 0.000341931 -0.635543585 -0.003700671 -0.000368711 0.999993086 42.184074402
0.999962687 0.007937264 0.003417757 -0.221668124 -0.007938852 0.999968410 0.000451565 -0.658025563 -0.003414064 -0.000478681 0.999994099 43.583328247
0.999971271 0.007004966 0.002870115 -0.233342484 -0.007006184 0.999975324 0.000414499 -0.683507919 -0.002867141 -0.000434595 0.999995768 44.995403290
0.999980032 0.005990071 0.001967296 -0.229553446 -0.005990417 0.999981999 0.000169934 -0.705594182 -0.001966243 -0.000181715 0.999998033 46.398288727
0.999986589 0.005054661 0.001133894 -0.243154794 -0.005055012 0.999987125 0.000307869 -0.726561069 -0.001132323 -0.000313596 0.999999285 47.799377441
0.999984503 0.005562435 0.000169829 -0.247560650 -0.005562617 0.999983966 0.001094945 -0.742558956 -0.000163736 -0.001095873 0.999999344 49.228981018
0.999984682 0.005401515 -0.001210516 -0.256835282 -0.005400031 0.999984682 0.001226717 -0.772198379 0.001217123 -0.001220161 0.999998510 50.634609222
0.999980986 0.005705160 -0.002361436 -0.271954030 -0.005701258 0.999982476 0.001655523 -0.789450705 0.002370839 -0.001642028 0.999995828 52.053592682
0.999977410 0.005655819 -0.003610632 -0.287558973 -0.005646300 0.999980569 0.002641094 -0.812920809 0.003625500 -0.002620648 0.999989986 53.457721710
0.999982417 0.004243162 -0.004139218 -0.301890969 -0.004229372 0.999985456 0.003334478 -0.828505754 0.004153307 -0.003316913 0.999985874 54.890285492
0.999985218 0.001926944 -0.005072387 -0.307215631 -0.001907580 0.999990880 0.003819439 -0.854835391 0.005079701 -0.003809706 0.999979854 56.351715088
0.999986291 -0.000591430 -0.005195653 -0.334861428 0.000608745 0.999994218 0.003331654 -0.873483062 0.005193653 -0.003334772 0.999980867 57.752456665
0.999982834 -0.001724258 -0.005607263 -0.345334351 0.001747128 0.999990165 0.004076265 -0.895657539 0.005600180 -0.004085992 0.999975860 59.177223206
0.999980390 -0.003385812 -0.005270952 -0.351437628 0.003409126 0.999984443 0.004420447 -0.915255845 0.005255903 -0.004438330 0.999976337 60.623363495
0.999977827 -0.004738375 -0.004692230 -0.363440424 0.004763086 0.999974787 0.005269571 -0.932370067 0.004667142 -0.005291803 0.999975085 62.051975250
0.999977469 -0.005459911 -0.003898290 -0.385235697 0.005478525 0.999973595 0.004780408 -0.956847787 0.003872086 -0.004801657 0.999980986 63.444412231
0.999972999 -0.006604575 -0.003216624 -0.400252908 0.006616464 0.999971271 0.003699707 -0.970775306 0.003192096 -0.003720889 0.999987960 64.854545593
0.999971688 -0.006859810 -0.003085538 -0.396017253 0.006871148 0.999969602 0.003678806 -0.997777343 0.003060209 -0.003699904 0.999988496 66.268928528
0.999979079 -0.006016762 -0.002366118 -0.404874861 0.006025755 0.999974549 0.003812369 -1.016712308 0.002343120 -0.003826547 0.999989927 67.698043823
0.999996126 -0.002135608 -0.001785894 -0.421967328 0.002143831 0.999987066 0.004615464 -1.030277967 0.001776014 -0.004619274 0.999987781 69.100601196
0.999999106 0.000869956 -0.001051702 -0.436309695 -0.000863926 0.999983251 0.005721495 -1.048102856 0.001056662 -0.005720581 0.999983072 70.491523743
0.999988437 0.004801207 -0.000300996 -0.447995782 -0.004799178 0.999967873 0.006416253 -1.068709612 0.000331792 -0.006414734 0.999979317 71.907211304
0.999961853 0.008729142 0.000177518 -0.464298636 -0.008730049 0.999943972 0.005988132 -1.084644914 -0.000125237 -0.005989453 0.999982059 73.302230835
0.999921083 0.012530738 0.000864684 -0.478515059 -0.012535069 0.999907911 0.005200117 -1.102616310 -0.000799444 -0.005210546 0.999986112 74.698066711
0.999896228 0.014323502 0.001535699 -0.486961216 -0.014331192 0.999884188 0.005118792 -1.121107697 -0.001462202 -0.005140270 0.999985695 76.087814331
0.999897718 0.014191545 0.001761378 -0.494945854 -0.014200812 0.999884784 0.005366927 -1.134561896 -0.001685010 -0.005391392 0.999984026 77.499481201
0.999899685 0.014016612 0.002042218 -0.505086541 -0.014026581 0.999889374 0.004952818 -1.153340459 -0.001972570 -0.004980967 0.999985635 78.877944946
0.999926209 0.011988448 0.001917170 -0.510377169 -0.011996618 0.999918699 0.004308701 -1.178963423 -0.001865359 -0.004331384 0.999988854 80.239715576
0.999935150 0.011298949 0.001439005 -0.515827298 -0.011305314 0.999925971 0.004494629 -1.198238850 -0.001388115 -0.004510606 0.999988854 81.621795654
0.999937177 0.011147009 0.001169912 -0.512899458 -0.011152139 0.999927759 0.004473315 -1.217449903 -0.001119964 -0.004486081 0.999989331 82.980636597
0.999946475 0.010337507 0.000373747 -0.515584707 -0.010338923 0.999938548 0.004001885 -1.233433485 -0.000332354 -0.004005535 0.999991894 84.356620789
0.999943137 0.010664783 0.000006104 -0.539235175 -0.010664715 0.999934077 0.004249197 -1.245566130 0.000039213 -0.004249020 0.999991000 85.725242615
0.999943972 0.010542734 -0.000985980 -0.542816162 -0.010537917 0.999933064 0.004770087 -1.264676690 0.001036204 -0.004759428 0.999988198 87.100616455
0.999962330 0.008403458 -0.002150512 -0.550231636 -0.008390049 0.999945760 0.006169952 -1.296149611 0.002202244 -0.006151677 0.999978662 88.495788574
0.999978125 0.005685708 -0.003377842 -0.566154540 -0.005663838 0.999963164 0.006449190 -1.304490805 0.003414385 -0.006429917 0.999973536 89.864761353
0.999983609 0.003435283 -0.004576585 -0.565532148 -0.003403555 0.999970198 0.006922604 -1.336484313 0.004600230 -0.006906914 0.999965549 91.202430725
0.999982655 0.002813388 -0.005184831 -0.578785241 -0.002782446 0.999978304 0.005965420 -1.348216772 0.005201501 -0.005950889 0.999968708 92.574249268
0.999984622 0.001505684 -0.005337375 -0.591353476 -0.001474517 0.999981880 0.005838552 -1.371582985 0.005346069 -0.005830592 0.999968648 93.894348145
0.999980867 0.001773659 -0.005933636 -0.600498974 -0.001745221 0.999986947 0.004794399 -1.381787896 0.005942062 -0.004783952 0.999970913 95.262123108
0.999983788 0.001472952 -0.005496778 -0.620783091 -0.001447952 0.999988616 0.004549367 -1.403667808 0.005503416 -0.004541335 0.999974549 96.629684448
0.999981999 0.002169825 -0.005591491 -0.635392666 -0.002146757 0.999989212 0.004128296 -1.426167011 0.005600387 -0.004116218 0.999975801 97.966560364
0.999980569 0.003701875 -0.005042103 -0.658154070 -0.003681113 0.999984682 0.004120887 -1.442739725 0.005057283 -0.004102246 0.999978781 99.307205200
0.999979615 0.004101707 -0.004921502 -0.673511803 -0.004072883 0.999974549 0.005852562 -1.462564945 0.004945382 -0.005832397 0.999970734 100.639640808
0.999973297 0.005557013 -0.004745562 -0.696268439 -0.005523943 0.999960482 0.006953503 -1.480287671 0.004784016 -0.006927104 0.999964535 101.980720520
0.999977291 0.004961609 -0.004569744 -0.707511246 -0.004936899 0.999973178 0.005402769 -1.492955089 0.004596428 -0.005380086 0.999974966 103.323760986
0.999977350 0.005063733 -0.004421883 -0.730099261 -0.005050004 0.999982417 0.003110076 -1.514340043 0.004437554 -0.003087675 0.999985397 104.620788574
0.999979794 0.004210853 -0.004754494 -0.738466322 -0.004201579 0.999989271 0.001958597 -1.531085849 0.004762690 -0.001938581 0.999986708 105.970710754
0.999988019 0.001859818 -0.004513314 -0.755026758 -0.001844717 0.999992788 0.003347545 -1.556672573 0.004519506 -0.003339180 0.999984205 107.278480530
0.999992728 -0.000361334 -0.003815589 -0.768992662 0.000381297 0.999986172 0.005232504 -1.572224140 0.003813647 -0.005233920 0.999979019 108.621749878
0.999994516 -0.001515847 -0.002920100 -0.778917193 0.001532586 0.999982357 0.005738772 -1.589443803 0.002911349 -0.005743217 0.999979258 109.946327209
0.999993742 -0.002494778 -0.002488449 -0.784203351 0.002505688 0.999987304 0.004390744 -1.606814384 0.002477463 -0.004396952 0.999987245 111.263427734
0.999998629 -0.000399349 -0.001613171 -0.800359190 0.000402701 0.999997735 0.002078163 -1.628198862 0.001612337 -0.002078810 0.999996543 112.597114563
0.999998569 0.001684113 -0.000007766 -0.814952850 -0.001684113 0.999998510 0.000050181 -1.648643732 0.000007851 -0.000050167 1.000000119 113.937995911
0.999986231 0.005119042 0.001118106 -0.828560293 -0.005118940 0.999986827 -0.000094203 -1.670116663 -0.001118574 0.000088478 0.999999344 115.230667114
0.999975502 0.006470688 0.002694745 -0.839529455 -0.006474890 0.999977827 0.001553652 -1.687280297 -0.002684632 -0.001571062 0.999995112 116.575813293
0.999972403 0.006289819 0.003949102 -0.846870303 -0.006305818 0.999971867 0.004051989 -1.713323593 -0.003923504 -0.004076779 0.999983966 117.901412964
0.999970913 0.005915248 0.004809035 -0.847688913 -0.005936112 0.999972939 0.004335906 -1.726832151 -0.004783256 -0.004364327 0.999979079 119.240226746
0.999962628 0.006535673 0.005681787 -0.848445117 -0.006556856 0.999971569 0.003717409 -1.740661860 -0.005657330 -0.003754524 0.999976933 120.582122803
0.999941409 0.008146685 0.007137178 -0.847006381 -0.008169677 0.999961555 0.003198132 -1.758096337 -0.007110849 -0.003256253 0.999969423 121.922897339
0.999914527 0.010213102 0.008159242 -0.848135173 -0.010236728 0.999943435 0.002858754 -1.777416706 -0.008129585 -0.002942033 0.999962628 123.286972046
0.999897838 0.010955917 0.009177114 -0.845490873 -0.010971764 0.999938309 0.001678299 -1.792288780 -0.009158161 -0.001778817 0.999956429 124.635009766
0.999869525 0.012480636 0.010256507 -0.843623102 -0.012492263 0.999921381 0.001070332 -1.820562124 -0.010242342 -0.001198320 0.999946833 125.967407227
0.999871314 0.011333976 0.011352561 -0.837398291 -0.011347052 0.999934971 0.001088099 -1.840043426 -0.011339491 -0.001216777 0.999934971 127.315803528
0.999869406 0.010861587 0.011964679 -0.826091647 -0.010887353 0.999938548 0.002090491 -1.861934185 -0.011941237 -0.002220481 0.999926209 128.683059692
0.999875009 0.009369055 0.012732314 -0.815637946 -0.009407110 0.999951482 0.002932187 -1.881704330 -0.012704224 -0.003051595 0.999914587 130.022445679
0.999868035 0.009109878 0.013451169 -0.814213634 -0.009151722 0.999953449 0.003052410 -1.896305799 -0.013422736 -0.003175109 0.999904871 131.389511108
0.999889731 0.006676542 0.013264429 -0.798833132 -0.006717483 0.999972820 0.003044399 -1.909206510 -0.013243743 -0.003133167 0.999907434 132.746536255
0.999901652 0.005327959 0.012972818 -0.786375463 -0.005379830 0.999977648 0.003966860 -1.936856747 -0.012951393 -0.004036260 0.999907970 134.129104614
0.999916911 0.003605616 0.012371243 -0.777008116 -0.003649808 0.999987006 0.003551464 -1.952665329 -0.012358277 -0.003596321 0.999917150 135.475479126
0.999934614 0.002306655 0.011196805 -0.768532574 -0.002346448 0.999991119 0.003542087 -1.971925974 -0.011188530 -0.003568128 0.999931037 136.819274902
0.999948919 0.001118655 0.010052149 -0.760650098 -0.001162951 0.999989569 0.004401801 -1.988138437 -0.010047122 -0.004413267 0.999939799 138.166580200
0.999954998 -0.001032019 0.009428295 -0.757202029 0.000986870 0.999988019 0.004792084 -2.011601686 -0.009433126 -0.004782564 0.999944091 139.516006470
0.999964654 -0.001272336 0.008301048 -0.757534802 0.001234386 0.999988735 0.004575168 -2.025835991 -0.008306775 -0.004564760 0.999955118 140.846343994
0.999973238 -0.001808928 0.007084944 -0.751926661 0.001778922 0.999989390 0.004239065 -2.046984196 -0.007092536 -0.004226347 0.999965847 142.191528320
0.999978960 -0.001801198 0.006229470 -0.756372869 0.001777562 0.999991179 0.003797641 -2.064011574 -0.006236256 -0.003786488 0.999973357 143.525665283
0.999976516 -0.004293600 0.005344806 -0.749769866 0.004284452 0.999989331 0.001721680 -2.088590384 -0.005352142 -0.001698740 0.999984205 144.866149902
0.999943078 -0.009633745 0.004593980 -0.747986257 0.009628830 0.999952972 0.001091175 -2.106147528 -0.004604277 -0.001046878 0.999988854 146.216064453
0.999847889 -0.016980939 0.003994444 -0.745776713 0.016966799 0.999849796 0.003546425 -2.129960537 -0.004054066 -0.003478113 0.999985635 147.560562134
0.999692440 -0.024737678 0.001713674 -0.735652506 0.024728511 0.999680758 0.005180629 -2.148474693 -0.001841284 -0.005136659 0.999985099 148.911590576
0.999593616 -0.028499261 0.000617087 -0.721556246 0.028498108 0.999592125 0.001808837 -2.164332867 -0.000668386 -0.001790516 0.999998212 150.266189575
0.999617696 -0.027635461 0.000867013 -0.727800608 0.027636549 0.999617219 -0.001269727 -2.190613031 -0.000831591 0.001293203 0.999998808 151.597854614
0.999712586 -0.023888269 0.002023252 -0.743352592 0.023894774 0.999709189 -0.003253343 -2.217665434 -0.001944947 0.003300753 0.999992669 152.927429199
0.999717593 -0.023605209 0.002748970 -0.746149898 0.023615008 0.999714613 -0.003585855 -2.236572027 -0.002663541 0.003649758 0.999989808 154.279388428
0.999635398 -0.026806580 0.003236759 -0.746149123 0.026807250 0.999640584 -0.000163387 -2.261470079 -0.003231216 0.000250095 0.999994814 155.626998901
0.999472082 -0.032264508 0.003817310 -0.739709914 0.032254372 0.999476075 0.002687369 -2.287139893 -0.003902017 -0.002562825 0.999989033 156.977890015
0.999338984 -0.036151551 0.003831935 -0.737204552 0.036134824 0.999337435 0.004347718 -2.308241844 -0.003986572 -0.004206378 0.999983132 158.307891846
0.999282897 -0.037667289 0.003834491 -0.726017356 0.037651323 0.999282300 0.004154014 -2.328934193 -0.003988208 -0.004006662 0.999984026 159.669586182
0.999346137 -0.035849266 0.004687832 -0.726742148 0.035825644 0.999345362 0.005028778 -2.347428560 -0.004865042 -0.004857547 0.999976337 161.011123657
0.999478698 -0.031771876 0.005730248 -0.722926974 0.031747259 0.999486446 0.004336894 -2.367091656 -0.005865097 -0.004152713 0.999974191 162.375473022
0.999575078 -0.028200226 0.007378800 -0.746195078 0.028185604 0.999600470 0.002078090 -2.386967659 -0.007434455 -0.001869231 0.999970615 163.698287964
0.999646127 -0.025432438 0.007794220 -0.737576962 0.025421608 0.999675632 0.001485059 -2.406160593 -0.007829460 -0.001286392 0.999968529 165.050140381
0.999694407 -0.023040526 0.008958328 -0.749187350 0.023017457 0.999731481 0.002669689 -2.427626133 -0.009017432 -0.002462675 0.999956310 166.402557373
0.999741733 -0.021142356 0.008344705 -0.734293342 0.021124624 0.999774396 0.002207554 -2.450568438 -0.008389496 -0.002030705 0.999962747 167.770156860
0.999785542 -0.019022707 0.008188055 -0.733336270 0.019025614 0.999819100 -0.000276975 -2.467388391 -0.008181304 0.000432698 0.999966443 169.139419556
0.999856353 -0.015036642 0.007829390 -0.731794119 0.015060700 0.999881983 -0.003022954 -2.489644766 -0.007783012 0.003140435 0.999964774 170.485763550
0.999920309 -0.009927539 0.007799698 -0.740071416 0.009960534 0.999941587 -0.004202837 -2.518142939 -0.007757519 0.004280191 0.999960721 171.855392456
0.999952018 -0.005408758 0.008165528 -0.744107366 0.005433518 0.999980628 -0.003013195 -2.542724848 -0.008149073 0.003057418 0.999962151 173.223205566
0.999958575 -0.002482829 0.008754482 -0.747636974 0.002492318 0.999996305 -0.001073116 -2.568571329 -0.008751785 0.001094890 0.999961019 174.587265015
0.999961078 -0.001401325 0.008701280 -0.743771553 0.001392012 0.999998391 0.001076295 -2.589774847 -0.008702774 -0.001064141 0.999961555 175.966918945
0.999956369 -0.005105455 0.007818505 -0.737863898 0.005087201 0.999984324 0.002352836 -2.614845991 -0.007830395 -0.002312959 0.999966681 177.346237183
0.999959409 -0.006603634 0.006131521 -0.727956355 0.006591100 0.999976099 0.002062069 -2.629546881 -0.006144993 -0.002021571 0.999979019 178.740417480
0.999966860 -0.006785361 0.004505574 -0.730945230 0.006795742 0.999974251 -0.002292789 -2.651408672 -0.004489901 0.002323331 0.999987245 180.139633179
0.999979496 -0.005833053 0.002640653 -0.721306026 0.005849227 0.999963939 -0.006159159 -2.681868076 -0.002604631 0.006174479 0.999977529 181.556320190
0.999997616 -0.000601110 0.002091561 -0.736181557 0.000615588 0.999975801 -0.006928272 -2.707653522 -0.002087345 0.006929543 0.999973834 182.956787109
0.999994159 0.002790669 0.001934812 -0.745353222 -0.002778890 0.999977767 -0.006064679 -2.735807896 -0.001951693 0.006059268 0.999979675 184.353317261
0.999984384 0.005016728 0.002459744 -0.762864232 -0.005010451 0.999984205 -0.002551679 -2.766483545 -0.002472506 0.002539315 0.999993742 185.735000610
0.999980330 0.005636956 0.002749836 -0.766875625 -0.005635537 0.999983966 -0.000523317 -2.788983822 -0.002752742 0.000507810 0.999996066 187.130004883
0.999983251 0.004986380 0.002939523 -0.769762039 -0.004987495 0.999987483 0.000372219 -2.809340954 -0.002937631 -0.000386873 0.999995589 188.550109863
0.999989748 0.003483114 0.002925336 -0.773660243 -0.003485195 0.999993682 0.000706653 -2.824571133 -0.002922856 -0.000716841 0.999995470 189.980361938
0.999994874 0.000539938 0.003138427 -0.768745005 -0.000544940 0.999998569 0.001593210 -2.858187199 -0.003137563 -0.001594912 0.999993801 191.447540283
0.999992847 -0.001853242 0.003295390 -0.771349907 0.001848631 0.999997318 0.001401769 -2.875647783 -0.003297979 -0.001395667 0.999993622 192.875091553
0.999978900 -0.005189222 0.003939654 -0.767470598 0.005178530 0.999982834 0.002719450 -2.901093960 -0.003953698 -0.002698990 0.999988496 194.319839478
0.999941409 -0.010004638 0.004140385 -0.759180486 0.009985788 0.999939740 0.004548436 -2.924831867 -0.004185640 -0.004506824 0.999981046 195.753860474
0.999910355 -0.012584751 0.004563867 -0.749721885 0.012564999 0.999911606 0.004330794 -2.940119743 -0.004617964 -0.004273061 0.999980211 197.196090698
0.999934316 -0.010358563 0.004893422 -0.749653101 0.010358815 0.999946356 -0.000026183 -2.958105803 -0.004892888 0.000076871 0.999988019 198.636154175
0.999981165 -0.003296324 0.005178553 -0.757756889 0.003322285 0.999981940 -0.005012646 -2.979564905 -0.005161937 0.005029757 0.999974012 200.051467896
0.999959052 0.006109937 0.006670792 -0.771253586 -0.006074576 0.999967456 -0.005308190 -3.006021976 -0.006703007 0.005267450 0.999963641 201.492233276
0.999873817 0.013889521 0.007713006 -0.786259115 -0.013877983 0.999902546 -0.001547234 -3.032240391 -0.007733745 0.001439998 0.999969006 202.924057007
0.999861300 0.014416549 0.008332073 -0.780208826 -0.014424704 0.999895513 0.000919475 -3.063160419 -0.008317946 -0.001039535 0.999964893 204.356018066
0.999885201 0.012949512 0.007869530 -0.774700105 -0.012958895 0.999915361 0.001142709 -3.079654455 -0.007854066 -0.001244558 0.999968350 205.786712646
0.999933720 0.009203336 0.006916412 -0.771740556 -0.009212459 0.999956667 0.001288115 -3.104254723 -0.006904258 -0.001351747 0.999975204 207.241104126
0.999950886 0.007589646 0.006365541 -0.776532471 -0.007594017 0.999970973 0.000662981 -3.121309042 -0.006360325 -0.000711289 0.999979496 208.692443848
0.999952853 0.007930657 0.005602596 -0.759633780 -0.007931713 0.999968469 0.000166412 -3.144910574 -0.005601100 -0.000210843 0.999984324 210.193145752
0.999941111 0.009387200 0.005443761 -0.773311079 -0.009389692 0.999955833 0.000432046 -3.174440145 -0.005439464 -0.000483136 0.999985099 211.626831055
0.999934852 0.009895053 0.005690104 -0.776363730 -0.009902827 0.999949992 0.001339437 -3.198998690 -0.005676566 -0.001395697 0.999982893 213.085464478
0.999936163 0.010025354 0.005210413 -0.773834527 -0.010030264 0.999949276 0.000917067 -3.222140789 -0.005200955 -0.000969270 0.999985933 214.570526123
0.999947131 0.009232667 0.004522719 -0.767317772 -0.009232953 0.999957442 0.000042300 -3.251950979 -0.004522136 -0.000084056 0.999989748 216.046264648
0.999950111 0.008928281 0.004462604 -0.772020578 -0.008926133 0.999960065 -0.000501708 -3.265766382 -0.004466904 0.000461849 0.999989927 217.527801514
0.999948084 0.009252447 0.004268145 -0.777980387 -0.009250709 0.999957144 -0.000426674 -3.291336060 -0.004271910 0.000387168 0.999990821 218.999893188
0.999943495 0.009801099 0.004117106 -0.783232152 -0.009798089 0.999951720 -0.000750655 -3.313020229 -0.004124264 0.000710272 0.999991179 220.482894897
0.999943674 0.009911355 0.003794656 -0.788326383 -0.009906690 0.999950171 -0.001246268 -3.334811926 -0.003806820 0.001208606 0.999991953 221.967529297
0.999940574 0.010403026 0.003248736 -0.782168090 -0.010399913 0.999945581 -0.000972990 -3.366847992 -0.003258681 0.000939145 0.999994278 223.437301636
0.999937475 0.010736779 0.003121424 -0.788393617 -0.010732001 0.999941230 -0.001544124 -3.384395123 -0.003137820 0.001510528 0.999993980 224.920730591
0.999937475 0.010800887 0.002893118 -0.796025991 -0.010797577 0.999940991 -0.001158186 -3.416206598 -0.002905457 0.001126875 0.999995172 226.415771484
0.999945998 0.009947015 0.003005008 -0.800585628 -0.009942722 0.999949515 -0.001440531 -3.437247038 -0.003019185 0.001410575 0.999994457 227.920394897
0.999958217 0.008700415 0.002796944 -0.798776209 -0.008696683 0.999961197 -0.001343410 -3.467646360 -0.002808525 0.001319030 0.999995172 229.419448853
0.999968112 0.007391090 0.003009959 -0.799891472 -0.007388296 0.999972224 -0.000938398 -3.495278835 -0.003016812 0.000916129 0.999995053 230.936813354
0.999975979 0.006159110 0.003212453 -0.802631736 -0.006158451 0.999980986 -0.000215207 -3.518871307 -0.003213718 0.000195418 0.999994755 232.421936035
0.999975145 0.006315059 0.003130711 -0.805210233 -0.006314410 0.999980032 -0.000217141 -3.540863514 -0.003132019 0.000197367 0.999994993 233.926635742
0.999972522 0.006631822 0.003342311 -0.814275622 -0.006630603 0.999977887 -0.000375737 -3.573500395 -0.003344729 0.000353565 0.999994338 235.442092896
0.999966919 0.007259552 0.003660872 -0.818482399 -0.007256626 0.999973357 -0.000811813 -3.600946903 -0.003666668 0.000785221 0.999992967 236.949554443
0.999952316 0.008720141 0.004403212 -0.825082719 -0.008719610 0.999961972 -0.000139363 -3.626657486 -0.004404259 0.000100962 0.999990284 238.454940796
0.999945581 0.008988474 0.005285269 -0.838164449 -0.008998640 0.999957681 0.001902159 -3.649508715 -0.005267948 -0.001949615 0.999984205 239.970962524
0.999941051 0.009173033 0.005813056 -0.834721148 -0.009186073 0.999955356 0.002220911 -3.668201923 -0.005792425 -0.002274180 0.999980569 241.489593506
0.999938905 0.008982960 0.006439837 -0.837546647 -0.008989016 0.999959111 0.000911824 -3.694903374 -0.006431383 -0.000969656 0.999978781 242.980209351
0.999929309 0.009541592 0.007092352 -0.833280206 -0.009537140 0.999954283 -0.000661280 -3.714705706 -0.007098339 0.000593593 0.999974668 244.496887207
0.999931395 0.009284437 0.007145584 -0.829869449 -0.009285664 0.999956906 0.000138592 -3.744698286 -0.007143988 -0.000204934 0.999974430 246.031906128
0.999935746 0.009122469 0.006723673 -0.817250609 -0.009130102 0.999957621 0.001105428 -3.767750263 -0.006713305 -0.001166745 0.999976814 247.579330444
0.999927878 0.009852683 0.006872718 -0.822070897 -0.009862878 0.999950230 0.001451014 -3.790839195 -0.006858081 -0.001518694 0.999975383 249.100128174
0.999933720 0.009569063 0.006397849 -0.819204688 -0.009581098 0.999952376 0.001852850 -3.822886944 -0.006379814 -0.001914025 0.999977827 250.656341553
0.999915481 0.010989536 0.006942220 -0.820871711 -0.011002114 0.999937892 0.001776082 -3.841253281 -0.006922270 -0.001852311 0.999974310 252.199234009
0.999892890 0.012903632 0.006905029 -0.821482301 -0.012916301 0.999914885 0.001793496 -3.865221500 -0.006881299 -0.001882492 0.999974549 253.750106812
0.999888539 0.013108348 0.007145649 -0.818635106 -0.013124590 0.999911368 0.002230946 -3.887238979 -0.007115772 -0.002324481 0.999971926 255.296386719
0.999904275 0.011903243 0.007045849 -0.816331029 -0.011918416 0.999926627 0.002115475 -3.907203436 -0.007020152 -0.002199247 0.999972939 256.842285156
0.999923348 0.010295896 0.006879403 -0.801169753 -0.010315772 0.999942720 0.002860038 -3.927955866 -0.006849564 -0.002930785 0.999972224 258.410278320
0.999941289 0.008079954 0.007220016 -0.794750273 -0.008102827 0.999962211 0.003144408 -3.940369129 -0.007194338 -0.003202726 0.999968946 259.966064453
0.999953747 0.006665213 0.006931075 -0.788773119 -0.006684124 0.999974012 0.002708818 -3.967732906 -0.006912841 -0.002755021 0.999972284 261.523986816
0.999957144 0.006060421 0.006997410 -0.791316628 -0.006072315 0.999980152 0.001679665 -3.988750458 -0.006987092 -0.001722083 0.999974132 263.046936035
0.999962032 0.004165216 0.007654700 -0.789639831 -0.004193038 0.999984682 0.003622144 -4.011144161 -0.007639496 -0.003654103 0.999964178 264.587158203
0.999961734 0.002702653 0.008310941 -0.799610615 -0.002746292 0.999982476 0.005243847 -4.029895782 -0.008296622 -0.005266470 0.999951720 266.095520020
0.999963105 0.001664810 0.008416404 -0.792130351 -0.001701009 0.999989331 0.004295710 -4.045602322 -0.008409162 -0.004309869 0.999955356 267.638854980
0.999966323 0.000733450 0.008174080 -0.775876284 -0.000762130 0.999993563 0.003506142 -4.066792965 -0.008171457 -0.003512254 0.999960423 269.185882568
0.999961972 0.001669536 0.008563298 -0.768952608 -0.001694902 0.999994218 0.002955795 -4.085046768 -0.008558313 -0.002970196 0.999958932 270.727050781
0.999942780 0.004545653 0.009684731 -0.760880649 -0.004572038 0.999985874 0.002703951 -4.104450226 -0.009672305 -0.002748075 0.999949455 272.289062500
0.999929547 0.004946674 0.010789460 -0.758879542 -0.004977561 0.999983609 0.002837698 -4.129443169 -0.010775243 -0.002891203 0.999937773 273.817169189
0.999901235 0.007409267 0.011940539 -0.746361792 -0.007436540 0.999969780 0.002241233 -4.158017159 -0.011923573 -0.002329807 0.999926209 275.345458984
0.999879956 0.008655311 0.012851443 -0.732627511 -0.008678807 0.999960721 0.001773583 -4.181748867 -0.012835588 -0.001884905 0.999915838 276.884063721
0.999861479 0.009643419 0.013560617 -0.714304984 -0.009661923 0.999952435 0.001299578 -4.219270229 -0.013547440 -0.001430420 0.999907196 278.403198242
0.999855876 0.008613389 0.014624440 -0.701075971 -0.008628422 0.999962330 0.000965181 -4.241703033 -0.014615576 -0.001091228 0.999892592 279.963165283
0.999850392 0.008395312 0.015117521 -0.669441760 -0.008413840 0.999963939 0.001162507 -4.268898964 -0.015107215 -0.001289530 0.999885023 281.538085938
0.999850452 0.007282438 0.015693681 -0.652777255 -0.007315767 0.999971092 0.002067392 -4.288427353 -0.015678173 -0.002181893 0.999874711 283.123809814
0.999857306 0.006051253 0.015773362 -0.631628454 -0.006090804 0.999978364 0.002460675 -4.315261841 -0.015758129 -0.002556396 0.999872625 284.684539795
0.999859035 0.006118073 0.015633930 -0.607490361 -0.006118538 0.999981225 -0.000018100 -4.340172768 -0.015633749 -0.000077560 0.999877810 286.290893555
0.999873519 0.004489351 0.015257319 -0.585096359 -0.004454673 0.999987364 -0.002306099 -4.365602016 -0.015267480 0.002237841 0.999880970 287.855163574
0.999879360 0.004914727 0.014730509 -0.562575817 -0.004882239 0.999985576 -0.002240628 -4.393144131 -0.014741308 0.002168440 0.999889016 289.445220947
0.999896646 0.003870907 0.013841462 -0.545736432 -0.003839441 0.999989986 -0.002299100 -4.418132305 -0.013850224 0.002245719 0.999901533 291.007995605
0.999912381 0.003989584 0.012621046 -0.531291068 -0.003950831 0.999987423 -0.003093984 -4.442462921 -0.012633231 0.003043849 0.999915481 292.559509277
0.999919057 0.004089384 0.012048325 -0.521749973 -0.004047970 0.999985754 -0.003459669 -4.468426704 -0.012062304 0.003410617 0.999921441 294.127044678
0.999927938 0.004060861 0.011297159 -0.505487323 -0.004027846 0.999987543 -0.002943608 -4.498559952 -0.011308972 0.002897893 0.999931872 295.696380615
0.999940157 0.003679154 0.010304656 -0.498130560 -0.003650439 0.999989331 -0.002804121 -4.527644634 -0.010314865 0.002766337 0.999942958 297.272369385
0.999952853 0.003348270 0.009114024 -0.487705261 -0.003337746 0.999993682 -0.001169745 -4.563438416 -0.009117884 0.001139269 0.999957800 298.830078125
0.999952734 0.004858099 0.008418566 -0.484481841 -0.004858087 0.999988198 -0.000021900 -4.586448193 -0.008418573 -0.000018999 0.999964476 300.401214600
0.999943972 0.005049429 0.009306593 -0.481765807 -0.005049756 0.999987245 0.000011625 -4.609496117 -0.009306416 -0.000058621 0.999956667 301.978271484
0.999932706 0.005613952 0.010153136 -0.472498298 -0.005613239 0.999984205 -0.000098783 -4.634721756 -0.010153531 0.000041785 0.999948442 303.588623047
0.999933898 0.004351453 0.010644963 -0.468540877 -0.004348300 0.999990523 -0.000319392 -4.658240795 -0.010646252 0.000273084 0.999943316 305.167510986
0.999937296 0.002621393 0.010886300 -0.454545557 -0.002609126 0.999995887 -0.001140919 -4.689191818 -0.010889248 0.001112444 0.999940038 306.751251221
0.999936640 0.001188032 0.011195960 -0.437341928 -0.001152032 0.999994159 -0.003221325 -4.713265896 -0.011199721 0.003208223 0.999932110 308.346221924
0.999939740 0.000916410 0.010938115 -0.426563263 -0.000871579 0.999991179 -0.004102678 -4.743236065 -0.010941780 0.004092898 0.999931693 309.942260742
0.999961734 0.001721824 0.008579320 -0.420787334 -0.001676721 0.999984682 -0.005261583 -4.771068096 -0.008588249 0.005246996 0.999949276 311.548553467
0.999974847 0.002689752 0.006582890 -0.412950426 -0.002659559 0.999985933 -0.004591071 -4.801509857 -0.006595147 0.004573447 0.999967813 313.170837402
0.999975801 0.003461153 0.006045921 -0.409652919 -0.003452551 0.999993026 -0.001432645 -4.830303192 -0.006050838 0.001411737 0.999980688 314.802124023
0.999976993 0.002149962 0.006425436 -0.391104817 -0.002160109 0.999996424 0.001572644 -4.853622913 -0.006422033 -0.001586487 0.999978125 316.455017090
0.999981284 0.000919109 0.006040973 -0.382776439 -0.000932954 0.999996901 0.002289338 -4.876625538 -0.006038851 -0.002294931 0.999979198 318.076477051
0.999978662 0.000320631 0.006542063 -0.383127600 -0.000326920 0.999999464 0.000960243 -4.894857883 -0.006541752 -0.000962361 0.999978125 319.703491211
0.999976456 -0.001088175 0.006781268 -0.382988036 0.001078079 0.999998271 0.001492370 -4.921589851 -0.006782881 -0.001485024 0.999975920 321.314270020
0.999970496 -0.000848072 0.007638270 -0.398966432 0.000838559 0.999998808 0.001248601 -4.939050198 -0.007639319 -0.001242159 0.999969959 322.924591064
0.999967456 -0.000880763 0.008021043 -0.388421535 0.000871586 0.999998987 0.001147497 -4.963226318 -0.008022045 -0.001140469 0.999967098 324.557861328
0.999966919 0.000409792 0.008131752 -0.384321630 -0.000410218 0.999999940 0.000050677 -4.987748623 -0.008131730 -0.000054011 0.999966919 326.170623779
0.999958754 0.001096419 0.009016067 -0.377694488 -0.001096019 0.999999404 -0.000049297 -5.024900913 -0.009016115 0.000039413 0.999959350 327.782440186
0.999956131 -0.000563338 0.009343025 -0.363882452 0.000544571 0.999997854 0.002011099 -5.052729607 -0.009344137 -0.002005923 0.999954343 329.424224854
0.999950290 -0.001655046 0.009846965 -0.366604358 0.001627587 0.999994755 0.002795952 -5.075428963 -0.009851540 -0.002779786 0.999947608 331.036041260
0.999949455 -0.002662757 0.009694721 -0.350796252 0.002649684 0.999995530 0.001361093 -5.097667217 -0.009698302 -0.001335336 0.999952078 332.677337646
0.999956131 -0.001838351 0.009180798 -0.329983741 0.001824425 0.999997139 0.001524975 -5.125226021 -0.009183576 -0.001508159 0.999956667 334.316192627
0.999954820 -0.000045902 0.009501308 -0.342722893 0.000048641 0.999999881 -0.000288051 -5.156639099 -0.009501293 0.000288501 0.999954820 335.918121338
0.999960601 0.001592592 0.008731410 -0.335908234 -0.001564984 0.999993742 -0.003167759 -5.184670925 -0.008736401 0.003153970 0.999956787 337.534118652
0.999964774 0.002861833 0.007887351 -0.332858056 -0.002841513 0.999992609 -0.002586233 -5.219539165 -0.007894695 0.002563730 0.999965489 339.142089844
0.999968410 0.004123719 0.006795297 -0.333877236 -0.004128976 0.999991238 0.000759734 -5.248152256 -0.006792105 -0.000787767 0.999976575 340.720458984
0.999973953 0.004565954 0.005581752 -0.327543050 -0.004586943 0.999982417 0.003753174 -5.277436256 -0.005564517 -0.003778680 0.999977350 342.330841064
0.999976993 0.005118838 0.004453444 -0.332727075 -0.005130139 0.999983668 0.002529729 -5.301084042 -0.004440423 -0.002552518 0.999986887 343.923858643
0.999986887 0.004527707 0.002388349 -0.331892371 -0.004529870 0.999989331 0.000901100 -5.323751926 -0.002384243 -0.000911908 0.999996722 345.517608643
0.999994040 0.003434847 0.000299330 -0.330295146 -0.003435468 0.999991894 0.002101086 -5.347365379 -0.000292111 -0.002102101 0.999997735 347.096771240
0.999997795 0.001970255 -0.000628356 -0.336474627 -0.001968674 0.999994874 0.002506216 -5.372860432 0.000633291 -0.002504973 0.999996603 348.688415527
0.999998152 0.001832073 -0.000605841 -0.360809177 -0.001831031 0.999996841 0.001716378 -5.392953873 0.000608984 -0.001715265 0.999998271 350.268951416
0.999999225 0.000707778 -0.001041790 -0.364212155 -0.000707145 0.999999583 0.000608071 -5.415184021 0.001042220 -0.000607334 0.999999225 351.863830566
0.999999285 0.000653067 -0.000918730 -0.371396601 -0.000652613 0.999999583 0.000494453 -5.440809250 0.000919052 -0.000493853 0.999999464 353.459442139
0.999999404 -0.000017701 -0.001034888 -0.379021615 0.000017917 0.999999940 0.000209021 -5.465775013 0.001034885 -0.000209039 0.999999464 355.049987793
0.999998987 -0.000233465 -0.001388244 -0.384101003 0.000232768 0.999999821 -0.000502327 -5.491800308 0.001388361 0.000502003 0.999998927 356.648742676
0.999999285 -0.000422934 -0.001132153 -0.397990614 0.000422136 0.999999642 -0.000704854 -5.527325153 0.001132451 0.000704376 0.999999106 358.264282227
0.999998629 -0.001051621 -0.001279617 -0.405274004 0.001051164 0.999999404 -0.000358088 -5.556672573 0.001279993 0.000356742 0.999999106 359.846466064
0.999998331 -0.000918091 -0.001591484 -0.409580648 0.000916123 0.999998808 -0.001237059 -5.583623886 0.001592618 0.001235598 0.999997973 361.442504883
0.999995649 -0.002529853 -0.001530067 -0.417815953 0.002525789 0.999993265 -0.002652951 -5.612861156 0.001536769 0.002649074 0.999995232 363.035400391
0.999991059 -0.004001173 -0.001305380 -0.428961605 0.004000361 0.999991715 -0.000624123 -5.644951820 0.001307866 0.000618895 0.999998927 364.655700684
0.999977767 -0.006354180 -0.002001521 -0.420536518 0.006355098 0.999979615 0.000452979 -5.676137924 0.001998602 -0.000465689 0.999997914 366.249847412
0.999981463 -0.006004480 -0.000995454 -0.443559736 0.006003503 0.999981523 -0.000981550 -5.696915150 0.001001330 0.000975556 0.999999046 367.855194092
0.999988437 -0.004800776 -0.000193856 -0.463598192 0.004800464 0.999987245 -0.001586313 -5.721363068 0.000201469 0.001585364 0.999998689 369.471710205
0.999992788 -0.003794035 -0.000115926 -0.468923926 0.003793947 0.999992430 -0.000754855 -5.755024910 0.000118789 0.000754410 0.999999702 371.076782227
0.999997675 -0.002143755 0.000269707 -0.479264587 0.002143674 0.999997556 0.000302846 -5.781157017 -0.000270355 -0.000302267 0.999999881 372.680755615
0.999997139 -0.002263790 0.000760812 -0.485919535 0.002263882 0.999997437 -0.000120066 -5.810257435 -0.000760539 0.000121788 0.999999702 374.293762207
0.999996483 -0.002127266 0.001552289 -0.507741332 0.002128840 0.999997199 -0.001013517 -5.833473206 -0.001550128 0.001016818 0.999998271 375.885345459
0.999997497 -0.001734703 0.001394353 -0.503436804 0.001736325 0.999997795 -0.001162932 -5.864367008 -0.001392332 0.001165350 0.999998271 377.515747070
0.999996662 -0.001763697 0.001859884 -0.501370609 0.001765304 0.999998033 -0.000862843 -5.897204399 -0.001858359 0.000866123 0.999997854 379.137176514
0.999998271 -0.000059843 0.001843487 -0.513314366 0.000061472 0.999999583 -0.000883858 -5.922540665 -0.001843434 0.000883970 0.999997914 380.778869629
0.999995410 0.001741070 0.002470184 -0.520802438 -0.001739798 0.999998271 -0.000516993 -5.947462082 -0.002471080 0.000512693 0.999996841 382.387023926
0.999991119 0.003279091 0.002641109 -0.533377051 -0.003275843 0.999993861 -0.001233111 -5.973553181 -0.002645135 0.001224448 0.999995768 384.015960693
