1.000000000 0.000000000 0.000000000 0.000000000 0.000000000 1.000000000 0.000000000 0.000000000 0.000000000 0.000000000 1.000000000 0.000000000
1.000000000 -0.000047447 0.000111129 -0.014525899 0.000047286 0.999998987 0.001441214 -0.012573343 -0.000111198 -0.001441209 0.999998927 1.315661788
0.999998391 -0.001631264 -0.000752571 -0.007547561 0.001632562 0.999997199 0.001727306 -0.038366906 0.000749751 -0.001728532 0.999998212 2.620119095
0.999995589 -0.002867986 -0.000743306 -0.013828745 0.002868488 0.999995649 0.000674937 -0.054074872 0.000741367 -0.000677066 0.999999464 3.928536654
0.999994993 -0.003119294 -0.000599442 -0.023820180 0.003119733 0.999994874 0.000732461 -0.071596421 0.000597154 -0.000734328 0.999999583 5.254040718
0.999992847 -0.003706857 -0.000770529 -0.021480238 0.003708133 0.999991715 0.001661485 -0.096357226 0.000764363 -0.001664330 0.999998331 6.574126720
0.999986351 -0.005199830 -0.000484799 -0.028971775 0.005201062 0.999983191 0.002574378 -0.109089620 0.000471405 -0.002576864 0.999996603 7.900245190
0.999988794 -0.004691155 -0.000532877 -0.036829211 0.004692916 0.999983370 0.003355279 -0.132703871 0.000517128 -0.003357743 0.999994218 9.234343529
0.999993384 -0.003582662 -0.000677407 -0.048063420 0.003583577 0.999992669 0.001352965 -0.148191720 0.000672555 -0.001355384 0.999998808 10.580451012
0.999998391 -0.001425249 -0.001090518 -0.047692861 0.001424726 0.999998868 -0.000480641 -0.171257868 0.001091201 0.000479087 0.999999285 11.938070297
0.999997020 0.002369166 -0.000575178 -0.073086604 -0.002369959 0.999996245 -0.001381056 -0.199704558 0.000571904 0.001382415 0.999998868 13.243137360
0.999988735 0.004680387 -0.000781765 -0.083564505 -0.004681541 0.999987900 -0.001481670 -0.222648680 0.000774821 0.001485313 0.999998629 14.583862305
0.999983609 0.005702854 -0.000412905 -0.095221676 -0.005703036 0.999983668 -0.000441453 -0.246056959 0.000410380 0.000443800 0.999999821 15.929034233
0.999994576 0.003290876 -0.000121827 -0.098723546 -0.003290572 0.999991655 0.002425257 -0.266189814 0.000129807 -0.002424843 0.999997020 17.283504486
0.999999404 -0.001151126 -0.000140824 -0.093468584 0.001151729 0.999989867 0.004362957 -0.291058332 0.000135800 -0.004363116 0.999990463 18.653213501
0.999993801 -0.003518739 -0.000032303 -0.103684492 0.003518793 0.999992192 0.001877898 -0.305082500 0.000025694 -0.001878000 0.999998212 19.979711533
0.999990821 -0.004273160 0.000077220 -0.116521433 0.004273161 0.999990821 -0.000008896 -0.322311789 -0.000077181 0.000009226 1.000000000 21.324359894
0.999997556 -0.001634309 0.001483541 -0.139859289 0.001636881 0.999997199 -0.001734596 -0.341418028 -0.001480702 0.001737020 0.999997437 22.668483734
0.999998629 0.001051917 0.001387059 -0.126501918 -0.001052347 0.999999404 0.000309510 -0.368513018 -0.001386733 -0.000310969 0.999998987 24.039871216
0.999996722 0.001571552 0.002020287 -0.131800473 -0.001579480 0.999991059 0.003928126 -0.387532622 -0.002014095 -0.003931304 0.999990284 25.420057297
0.999995887 -0.000870162 0.002754958 -0.138489485 0.000853620 0.999981582 0.005999949 -0.403208196 -0.002760128 -0.005997572 0.999978244 26.786615372
0.999981880 -0.005831762 0.001479920 -0.111897416 0.005825875 0.999975204 0.003951364 -0.420122802 -0.001502926 -0.003942671 0.999991119 28.189872742
0.999982417 -0.005624891 0.001843541 -0.119596615 0.005621150 0.999982178 0.002028113 -0.436579645 -0.001854916 -0.002017715 0.999996305 29.563726425
0.999976397 -0.006411752 0.002436197 -0.125837356 0.006413720 0.999979138 -0.000801064 -0.457736522 -0.002431010 0.000816670 0.999996722 30.930301666
0.999990821 -0.002935911 0.003133063 -0.139602557 0.002939958 0.999994874 -0.001287602 -0.482968062 -0.003129267 0.001296801 0.999994218 32.308574677
0.999991119 -0.002628268 0.003301177 -0.133856907 0.002639697 0.999990463 -0.003462247 -0.508843958 -0.003292047 0.003470931 0.999988556 33.681972504
0.999993145 -0.001733207 0.003291076 -0.131514594 0.001742660 0.999994278 -0.002871634 -0.531210661 -0.003286081 0.002877349 0.999990463 35.074600220
0.999993801 -0.001059960 0.003350625 -0.141083926 0.001066404 0.999997556 -0.001922060 -0.555702090 -0.003348580 0.001925621 0.999992549 36.463485718
0.999995410 0.000354347 0.002994339 -0.147415102 -0.000353964 0.999999940 -0.000128200 -0.580479026 -0.002994384 0.000127140 0.999995530 37.862987518
0.999991655 0.002873116 0.002901712 -0.147930056 -0.002873794 0.999995828 0.000229507 -0.608748317 -0.002901041 -0.000237844 0.999995768 39.269695282
0.999977946 0.005633222 0.003526796 -0.162541389 -0.005632258 0.999984086 -0.000283116 -0.627762318 -0.003528335 0.000263246 0.999993801 40.662078857
0.999966800 0.007499902 0.003188246 -0.160526648 -0.007499889 0.999971807 -0.000016285 -0.648630381 -0.003188279 -0.000007627 0.999994934 42.077453613
0.999960601 0.008412126 0.002808934 -0.163557827 -0.008411731 0.999964595 -0.000152434 -0.668120861 -0.002810117 0.000128800 0.999996066 43.477909088
0.999968290 0.007585279 0.002428000 -0.168015450 -0.007585202 0.999971211 -0.000040977 -0.696918488 -0.002428241 0.000022559 0.999997079 44.892303467
0.999976575 0.006636083 0.001639428 -0.167508304 -0.006635464 0.999977946 -0.000382537 -0.718214512 -0.001641930 0.000371649 0.999998569 46.286373138
0.999983191 0.005762571 0.000531816 -0.169477075 -0.005762500 0.999983370 -0.000133501 -0.743352473 -0.000532576 0.000130434 0.999999821 47.704936981
0.999981463 0.006069209 -0.000413198 -0.176747531 -0.006068775 0.999981046 0.001043556 -0.765090764 0.000419523 -0.001041029 0.999999344 49.130287170
0.999977171 0.006548582 -0.001671588 -0.181847259 -0.006547312 0.999978244 0.000763889 -0.788335919 0.001676554 -0.000752927 0.999998331 50.544399261
0.999971390 0.007036436 -0.002823235 -0.199527472 -0.007032481 0.999974310 0.001408452 -0.808917582 0.002833073 -0.001388557 0.999994993 51.953609467
0.999967396 0.007149550 -0.003788430 -0.212950006 -0.007142166 0.999972582 0.001959267 -0.828174233 0.003802335 -0.001932146 0.999990880 53.376827240
0.999974191 0.005731044 -0.004352561 -0.225385517 -0.005718829 0.999979675 0.002813939 -0.847808778 0.004368599 -0.002788975 0.999986529 54.816104889
0.999979317 0.003802838 -0.005200071 -0.237260357 -0.003786712 0.999987960 0.003107434 -0.871240318 0.005211825 -0.003087678 0.999981642 56.261650085
0.999985397 0.000963126 -0.005317268 -0.257372230 -0.000949545 0.999996245 0.002556129 -0.892736316 0.005319711 -0.002551043 0.999982595 57.637489319
0.999984741 0.000220236 -0.005520117 -0.272183269 -0.000203345 0.999995291 0.003060373 -0.913245082 0.005520765 -0.003059204 0.999980092 59.058723450
0.999986231 -0.001535523 -0.005016147 -0.280341774 0.001553243 0.999992549 0.003530627 -0.935044587 0.005010688 -0.003538369 0.999981165 60.482746124
0.999984622 -0.003042629 -0.004632158 -0.288084030 0.003063450 0.999985278 0.004494503 -0.954354703 0.004618415 -0.004508624 0.999979138 61.916019440
0.999983430 -0.004198580 -0.003934768 -0.308295906 0.004214869 0.999982536 0.004140836 -0.981750667 0.003917313 -0.004157353 0.999983668 63.314338684
0.999980032 -0.005345078 -0.003337819 -0.322284400 0.005356353 0.999979913 0.003378128 -1.000151396 0.003319696 -0.003395940 0.999988675 64.725410461
0.999976635 -0.006064169 -0.003188418 -0.320879221 0.006073977 0.999976754 0.003075085 -1.024939060 0.003169697 -0.003094379 0.999990165 66.138221741
0.999985397 -0.004891675 -0.002306968 -0.331659675 0.004898275 0.999983907 0.002863928 -1.040627003 0.002292922 -0.002875186 0.999993205 67.573616028
0.999996722 -0.001702093 -0.001896227 -0.350494355 0.001709813 0.999990165 0.004077172 -1.061760545 0.001889269 -0.004080400 0.999989867 68.953521729
0.999997795 0.001734521 -0.001158836 -0.366160125 -0.001728147 0.999983490 0.005478831 -1.084024191 0.001168320 -0.005476816 0.999984324 70.340629578
0.999985754 0.005340888 -0.000009550 -0.382061869 -0.005340735 0.999967873 0.005968995 -1.102667689 0.000041430 -0.005968858 0.999982178 71.741966248
0.999957442 0.009212733 0.000487204 -0.397148550 -0.009215317 0.999941826 0.005600797 -1.118692875 -0.000435577 -0.005605050 0.999984145 73.140411377
0.999920130 0.012579852 0.001203183 -0.411576271 -0.012585782 0.999908030 0.005055892 -1.143130302 -0.001139470 -0.005070632 0.999986470 74.540031433
0.999895811 0.014323248 0.001774017 -0.418699771 -0.014332035 0.999884546 0.005043902 -1.163665771 -0.001701567 -0.005068801 0.999985635 75.925552368
0.999898255 0.014127940 0.001952929 -0.425308585 -0.014138051 0.999886215 0.005265053 -1.177369118 -0.001878323 -0.005292128 0.999984205 77.324928284
0.999905705 0.013529954 0.002322538 -0.434561729 -0.013540964 0.999896824 0.004791691 -1.196937442 -0.002257467 -0.004822691 0.999985754 78.695045471
0.999925137 0.012041962 0.002154039 -0.437422752 -0.012050499 0.999919415 0.003995554 -1.216760159 -0.002105751 -0.004021212 0.999989688 80.080879211
0.999933362 0.011418150 0.001673427 -0.441647083 -0.011424739 0.999926805 0.003981683 -1.235569239 -0.001627841 -0.004000536 0.999990642 81.450790405
0.999935091 0.011320104 0.001369452 -0.443943173 -0.011325577 0.999927580 0.004056012 -1.254297376 -0.001323438 -0.004071258 0.999990821 82.835380554
0.999943912 0.010575222 0.000474733 -0.440551668 -0.010576841 0.999937773 0.003550437 -1.272576094 -0.000437157 -0.003555260 0.999993563 84.212028503
0.999942124 0.010757007 0.000106001 -0.459205031 -0.010757343 0.999934137 0.003993235 -1.290076613 -0.000063039 -0.003994144 0.999992013 85.563446045
0.999946415 0.010309460 -0.000954861 -0.461676359 -0.010304710 0.999935150 0.004852588 -1.312794209 0.001004827 -0.004842489 0.999987781 86.934204102
0.999966800 0.007887037 -0.002035436 -0.479373604 -0.007875266 0.999952555 0.005727376 -1.325651169 0.002080512 -0.005711156 0.999981463 88.353614807
0.999974310 0.006355536 -0.003322419 -0.475805759 -0.006334046 0.999959230 0.006439331 -1.356703281 0.003363208 -0.006418121 0.999973774 89.684616089
0.999984741 0.003556273 -0.004232613 -0.484844595 -0.003528619 0.999972522 0.006523480 -1.374501705 0.004255696 -0.006508445 0.999969780 91.043190002
0.999984741 0.002394756 -0.004980593 -0.486933172 -0.002364539 0.999978840 0.006063831 -1.397608399 0.004995009 -0.006051962 0.999969125 92.412361145
0.999985099 0.001622147 -0.005215688 -0.502723634 -0.001593137 0.999983311 0.005561545 -1.410854816 0.005224624 -0.005553154 0.999970853 93.754936218
0.999984443 0.001654766 -0.005328185 -0.516219199 -0.001627657 0.999985754 0.005088323 -1.430423260 0.005336531 -0.005079571 0.999972880 95.118171692
0.999986768 0.001464116 -0.004921288 -0.540859699 -0.001440642 0.999987602 0.004769949 -1.449715376 0.004928210 -0.004762796 0.999976575 96.475936890
0.999984920 0.002547466 -0.004858078 -0.551700890 -0.002529358 0.999989867 0.003730032 -1.466940045 0.004867530 -0.003717688 0.999981225 97.798339844
0.999982119 0.003911821 -0.004537913 -0.576442599 -0.003894806 0.999985397 0.003752653 -1.481341600 0.004552527 -0.003734912 0.999982655 99.141181946
0.999983191 0.004107653 -0.004086192 -0.583078444 -0.004084842 0.999976099 0.005575326 -1.505969286 0.004108994 -0.005558542 0.999976099 100.471191406
0.999979198 0.004828922 -0.004280610 -0.603040814 -0.004797887 0.999962330 0.007230959 -1.525243402 0.004315367 -0.007210271 0.999964714 101.796325684
0.999982059 0.004528724 -0.003924378 -0.608077884 -0.004507675 0.999975443 0.005356131 -1.544768572 0.003948538 -0.005338344 0.999977946 103.172164917
0.999984384 0.004290186 -0.003573366 -0.628710508 -0.004279377 0.999986231 0.003027158 -1.559567213 0.003586304 -0.003011819 0.999988973 104.492988586
0.999985039 0.003724903 -0.004000530 -0.632861495 -0.003717425 0.999991298 0.001875292 -1.586448193 0.004007480 -0.001860392 0.999990225 105.822616577
0.999990225 0.001150585 -0.004274602 -0.642627537 -0.001136815 0.999994159 0.003222476 -1.605703473 0.004278284 -0.003217585 0.999985635 107.142837524
0.999994457 -0.000299706 -0.003311504 -0.657848358 0.000315709 0.999988258 0.004833075 -1.618416190 0.003310016 -0.004834094 0.999982834 108.484321594
0.999994636 -0.001982481 -0.002609437 -0.667866588 0.001996900 0.999982655 0.005534776 -1.640465021 0.002598420 -0.005539957 0.999981284 109.815284729
0.999995887 -0.002423696 -0.001518950 -0.680801988 0.002429766 0.999989033 0.004006727 -1.656481266 0.001509222 -0.004010402 0.999990761 111.157554626
0.999999762 -0.000510731 -0.000620075 -0.693294585 0.000512028 0.999997735 0.002093261 -1.676614523 0.000619005 -0.002093579 0.999997616 112.485267639
0.999998033 0.001943708 0.000360491 -0.704543173 -0.001943527 0.999997973 -0.000502290 -1.695762753 -0.000361467 0.000501589 0.999999821 113.809501648
0.999987483 0.004724761 0.001618321 -0.711678088 -0.004723969 0.999988675 -0.000492792 -1.716283321 -0.001620631 0.000485141 0.999998569 115.128082275
0.999978006 0.005870383 0.003091354 -0.715605140 -0.005875684 0.999981225 0.001708742 -1.743211389 -0.003081265 -0.001726868 0.999993742 116.473869324
0.999972105 0.006167998 0.004220619 -0.716758609 -0.006183968 0.999973714 0.003781490 -1.758828998 -0.004197185 -0.003807485 0.999983907 117.800651550
0.999972463 0.005469236 0.005010938 -0.721313179 -0.005491288 0.999975264 0.004397885 -1.780811310 -0.004986761 -0.004425281 0.999977767 119.136230469
0.999963343 0.006093952 0.006020387 -0.716999531 -0.006115425 0.999974966 0.003554753 -1.794002295 -0.005998574 -0.003591439 0.999975562 120.481857300
0.999943495 0.007601973 0.007430687 -0.718281925 -0.007627408 0.999965072 0.003400649 -1.816932321 -0.007404577 -0.003457133 0.999966621 121.812767029
0.999917865 0.009363634 0.008750966 -0.713580370 -0.009394193 0.999949872 0.003457604 -1.836243629 -0.008718153 -0.003539529 0.999955773 123.150085449
0.999898314 0.010304456 0.009849704 -0.715433002 -0.010324174 0.999944806 0.001953232 -1.851934910 -0.009829032 -0.002054723 0.999949574 124.493278503
0.999872208 0.011463021 0.011133641 -0.714324713 -0.011475872 0.999933600 0.001091064 -1.868718266 -0.011120395 -0.001218693 0.999937415 125.842903137
0.999876857 0.010306422 0.011828442 -0.706422567 -0.010317779 0.999946356 0.000899531 -1.888254523 -0.011818535 -0.001021463 0.999929607 127.191490173
0.999870956 0.010005256 0.012565007 -0.695118666 -0.010031871 0.999947548 0.002056994 -1.906455040 -0.012543766 -0.002182779 0.999918938 128.543945312
0.999874532 0.008369970 0.013442036 -0.689517260 -0.008409956 0.999960363 0.002920915 -1.928834319 -0.013417055 -0.003033596 0.999905348 129.895553589
0.999874532 0.007392055 0.014006234 -0.675915122 -0.007440566 0.999966502 0.003414651 -1.945620775 -0.013980522 -0.003518438 0.999896109 131.246124268
0.999883235 0.005511034 0.014249407 -0.669015646 -0.005561469 0.999978304 0.003502087 -1.962733030 -0.014229798 -0.003580926 0.999892294 132.596420288
0.999897420 0.003903327 0.013778866 -0.657365680 -0.003958913 0.999984145 0.004009148 -1.985532045 -0.013763000 -0.004063286 0.999897003 133.935195923
0.999903142 0.002473521 0.013696881 -0.651451945 -0.002528514 0.999988914 0.003999170 -2.004917383 -0.013686836 -0.004033416 0.999898195 135.286651611
0.999924183 0.000995166 0.012272966 -0.638325453 -0.001040097 0.999992847 0.003655124 -2.016977549 -0.012269242 -0.003667612 0.999918044 136.629135132
0.999942422 -0.000232785 0.010728572 -0.622652531 0.000186655 0.999990761 0.004300570 -2.038179874 -0.010729474 -0.004298320 0.999933183 137.977066040
0.999950230 -0.001933436 0.009781166 -0.613394618 0.001887755 0.999987304 0.004677461 -2.056666851 -0.009790085 -0.004658764 0.999941230 139.317947388
0.999964178 -0.001577822 0.008312133 -0.608763456 0.001542694 0.999989867 0.004230806 -2.073872805 -0.008318724 -0.004217832 0.999956429 140.651779175
0.999972403 -0.002272655 0.007069282 -0.601494908 0.002244560 0.999989629 0.003979545 -2.095304489 -0.007078251 -0.003963568 0.999967039 141.998016357
0.999978900 -0.001881987 0.006209607 -0.605267406 0.001860471 0.999992192 0.003468854 -2.114591837 -0.006216087 -0.003457228 0.999974728 143.337768555
0.999975741 -0.004725137 0.005118163 -0.604031742 0.004720053 0.999988317 0.001005090 -2.130877972 -0.005122852 -0.000980908 0.999986410 144.670074463
0.999941111 -0.010058594 0.004062361 -0.592346132 0.010056056 0.999949157 0.000644575 -2.154069662 -0.004068638 -0.000603686 0.999991477 146.038299561
0.999849260 -0.017019946 0.003402035 -0.593715370 0.017009772 0.999850810 0.002997694 -2.170619965 -0.003452548 -0.002939375 0.999989688 147.380218506
0.999709666 -0.024027424 0.001816106 -0.583784103 0.024018994 0.999701202 0.004529345 -2.191640139 -0.001924391 -0.004484409 0.999988079 148.734252930
0.999624848 -0.027386276 0.000400426 -0.571413040 0.027385883 0.999624491 0.000948633 -2.209625244 -0.000426256 -0.000937311 0.999999404 150.086624146
0.999627054 -0.027276330 0.001339702 -0.572722554 0.027279498 0.999624968 -0.002408037 -2.228370905 -0.001273517 0.002443685 0.999996126 151.441772461
0.999719441 -0.023603594 0.001961071 -0.588031173 0.023611458 0.999712825 -0.004088815 -2.265591860 -0.001863996 0.004133971 0.999989688 152.774093628
0.999705195 -0.024101662 0.002946292 -0.598426580 0.024112536 0.999702334 -0.003712487 -2.300515413 -0.002855938 0.003782435 0.999988735 154.093139648
0.999633670 -0.026861556 0.003313406 -0.593108058 0.026863465 0.999638915 -0.000531310 -2.320966721 -0.003297938 0.000620125 0.999994338 155.475769043
0.999472737 -0.032215226 0.004061044 -0.588367999 0.032207396 0.999479294 0.001978565 -2.341874361 -0.004122669 -0.001846726 0.999989808 156.820709229
0.999340117 -0.036108043 0.003947801 -0.583845079 0.036093336 0.999341369 0.003735100 -2.367408276 -0.004080069 -0.003590147 0.999985218 158.180145264
0.999298394 -0.037241992 0.003971980 -0.579831660 0.037228905 0.999301195 0.003320284 -2.380303383 -0.004092860 -0.003170083 0.999986589 159.522552490
0.999342144 -0.035897486 0.005164559 -0.586464047 0.035875149 0.999346793 0.004356199 -2.406937599 -0.005317563 -0.004168054 0.999977171 160.876327515
0.999469340 -0.031935189 0.006419105 -0.598083377 0.031914137 0.999485016 0.003355510 -2.422643661 -0.006522957 -0.003148868 0.999973714 162.215148926
0.999586463 -0.027898105 0.006973579 -0.586337566 0.027890958 0.999610364 0.001120171 -2.443204403 -0.007002112 -0.000925208 0.999975026 163.576919556
0.999661803 -0.024755139 0.007967314 -0.586619139 0.024752693 0.999693632 0.000405577 -2.459476948 -0.007974911 -0.000208227 0.999968171 164.927383423
0.999708891 -0.022630850 0.008366022 -0.590541601 0.022618596 0.999742925 0.001557039 -2.482247829 -0.008399111 -0.001367359 0.999963820 166.268646240
0.999753416 -0.020904209 0.007495581 -0.571612358 0.020895131 0.999780834 0.001288025 -2.507852316 -0.007520864 -0.001131086 0.999971092 167.635437012
0.999795914 -0.018720485 0.007593997 -0.581883192 0.018731261 0.999823630 -0.001350349 -2.524079323 -0.007567380 0.001492319 0.999970257 168.987335205
0.999865651 -0.014769289 0.007104991 -0.584768176 0.014799100 0.999881744 -0.004161849 -2.547897339 -0.007042684 0.004266438 0.999966145 170.337158203
0.999929011 -0.009514380 0.007165313 -0.593382001 0.009552752 0.999940038 -0.005340195 -2.577883720 -0.007114075 0.005408265 0.999960065 171.697280884
0.999959946 -0.005022627 0.007409512 -0.597743154 0.005053571 0.999978542 -0.004163556 -2.604067087 -0.007388441 0.004200834 0.999963880 173.061111450
0.999965429 -0.001924843 0.008092786 -0.608400226 0.001944440 0.999995172 -0.002414370 -2.628288984 -0.008088102 0.002430023 0.999964297 174.412612915
0.999966621 -0.000934811 0.008117582 -0.605620742 0.000935898 0.999999583 -0.000130045 -2.653697729 -0.008117456 0.000137638 0.999967039 175.792251587
0.999964535 -0.004407802 0.007177826 -0.600622058 0.004400898 0.999989867 0.000977376 -2.677340269 -0.007182061 -0.000945753 0.999973714 177.168426514
0.999965668 -0.006324706 0.005352228 -0.587559462 0.006320457 0.999979675 0.000810411 -2.695019722 -0.005357245 -0.000776554 0.999985278 178.568588257
0.999970317 -0.006700750 0.003794460 -0.593410909 0.006713912 0.999971509 -0.003466769 -2.718176603 -0.003771122 0.003492142 0.999986768 179.961944580
0.999982476 -0.005618522 0.001868590 -0.588620424 0.005632085 0.999957263 -0.007334407 -2.750354290 -0.001827302 0.007344804 0.999971330 181.362701416
0.999998808 -0.000749234 0.001320440 -0.604087830 0.000759738 0.999967873 -0.007972796 -2.780200481 -0.001314425 0.007973790 0.999967337 182.763748169
0.999995708 0.002728966 0.001059058 -0.612817109 -0.002721339 0.999970794 -0.007137435 -2.811441422 -0.001078505 0.007134522 0.999973953 184.155456543
0.999988139 0.004584032 0.001648434 -0.630202174 -0.004578291 0.999983430 -0.003469682 -2.844411612 -0.001664312 0.003462094 0.999992609 185.534957886
0.999984503 0.005272633 0.001800342 -0.635210395 -0.005270190 0.999985158 -0.001359264 -2.869806528 -0.001807483 0.001349755 0.999997377 186.940856934
0.999986768 0.004753467 0.001951316 -0.638141513 -0.004752384 0.999988556 -0.000558697 -2.887254715 -0.001953949 0.000549415 0.999997973 188.370849609
0.999992609 0.003304376 0.001976912 -0.645348430 -0.003303910 0.999994516 -0.000239331 -2.908967733 -0.001977692 0.000232798 0.999997973 189.803695679
0.999997556 0.000044192 0.002222696 -0.652801514 -0.000045492 0.999999881 0.000584633 -2.936794996 -0.002222669 -0.000584733 0.999997377 191.237426758
0.999994755 -0.002385638 0.002232680 -0.639249206 0.002384542 0.999997020 0.000493615 -2.959414005 -0.002233852 -0.000488288 0.999997318 192.685058594
0.999979854 -0.005652350 0.002901087 -0.644580007 0.005647597 0.999982715 0.001644191 -2.981776237 -0.002910330 -0.001627774 0.999994397 194.106979370
0.999942899 -0.010260064 0.002980578 -0.634590209 0.010249878 0.999941587 0.003412775 -3.007797718 -0.003015419 -0.003382029 0.999989748 195.573211670
0.999913037 -0.012778352 0.003242767 -0.627761364 0.012767775 0.999913156 0.003262249 -3.024650097 -0.003284172 -0.003220563 0.999989450 197.020492554
0.999934494 -0.010785744 0.003826695 -0.639855742 0.010790271 0.999941111 -0.001163893 -3.050518513 -0.003813916 0.001205108 0.999992013 198.470367432
0.999984860 -0.003504280 0.004240090 -0.649874926 0.003530320 0.999974787 -0.006149770 -3.074347496 -0.004218432 0.006164645 0.999972105 199.893783569
0.999967098 0.005804764 0.005654373 -0.666440487 -0.005769155 0.999963522 -0.006293600 -3.104463577 -0.005690698 0.006260772 0.999964237 201.347335815
0.999886930 0.013555404 0.006500920 -0.672800541 -0.013537526 0.999904513 -0.002786295 -3.127905369 -0.006538069 0.002697974 0.999974966 202.787765503
0.999873996 0.013915244 0.007640832 -0.680505395 -0.013914105 0.999903202 -0.000202080 -3.162973642 -0.007642904 0.000095739 0.999970794 204.228805542
0.999909759 0.011625187 0.006730591 -0.674154401 -0.011627734 0.999932408 0.000339308 -3.184871197 -0.006726190 -0.000417539 0.999977350 205.662612915
0.999944866 0.008671773 0.005921548 -0.666669250 -0.008673094 0.999962389 0.000197496 -3.207890749 -0.005919614 -0.000248844 0.999982476 207.127593994
0.999962211 0.006773453 0.005454259 -0.673971176 -0.006772113 0.999977171 -0.000263975 -3.229731798 -0.005455922 0.000227029 0.999985099 208.578887939
0.999966383 0.006830183 0.004532365 -0.659340322 -0.006827359 0.999976516 -0.000638465 -3.257472515 -0.004536620 0.000607500 0.999989569 210.080215454
0.999951124 0.008751006 0.004588037 -0.671408713 -0.008748112 0.999961436 -0.000649970 -3.284239531 -0.004593547 0.000609801 0.999989271 211.519424438
0.999946594 0.009115262 0.004856016 -0.675484538 -0.009117120 0.999958336 0.000360944 -3.312110186 -0.004852524 -0.000405198 0.999988139 212.977630615
0.999946117 0.009346950 0.004503452 -0.679477334 -0.009346103 0.999956250 -0.000209334 -3.334271193 -0.004505212 0.000167234 0.999989867 214.447830200
0.999952972 0.008774618 0.004139356 -0.678059042 -0.008769035 0.999960601 -0.001365140 -3.362720966 -0.004151172 0.001328778 0.999990523 215.921966553
0.999959052 0.008234594 0.003748255 -0.677508950 -0.008228267 0.999964714 -0.001700029 -3.381456137 -0.003762121 0.001669118 0.999991477 217.388229370
0.999956012 0.008702296 0.003496844 -0.683977604 -0.008695910 0.999960482 -0.001837287 -3.406310320 -0.003512694 0.001806798 0.999992132 218.861633301
0.999953389 0.009047375 0.003362874 -0.690097153 -0.009040653 0.999957085 -0.002008525 -3.432266235 -0.003380901 0.001978029 0.999992311 220.344863892
0.999952674 0.009217416 0.003104188 -0.694508791 -0.009210655 0.999955177 -0.002185429 -3.459773779 -0.003124192 0.002156734 0.999992788 221.832031250
0.999949157 0.009695699 0.002740604 -0.699336410 -0.009689667 0.999950647 -0.002205297 -3.491934538 -0.002761851 0.002178630 0.999993742 223.290420532
0.999952435 0.009440315 0.002458683 -0.705506027 -0.009434665 0.999952853 -0.002299993 -3.516945124 -0.002480280 0.002276686 0.999994278 224.774780273
0.999945760 0.010151957 0.002296821 -0.713899255 -0.010146660 0.999945819 -0.002306102 -3.544872284 -0.002320108 0.002282671 0.999994695 226.263977051
0.999956310 0.009075697 0.002182539 -0.718344808 -0.009070127 0.999955595 -0.002547485 -3.568865776 -0.002205563 0.002527578 0.999994338 227.760299683
0.999966800 0.007825005 0.002255813 -0.725014567 -0.007819451 0.999966323 -0.002460561 -3.604569674 -0.002274991 0.002442839 0.999994457 229.249298096
0.999974370 0.006729667 0.002434431 -0.730212390 -0.006724656 0.999975264 -0.002061329 -3.634125710 -0.002448243 0.002044906 0.999994993 230.743667603
0.999981105 0.005438789 0.002843294 -0.739524186 -0.005434965 0.999984264 -0.001351373 -3.659736156 -0.002850599 0.001335894 0.999995053 232.245101929
0.999980927 0.005533024 0.002729744 -0.741105676 -0.005529797 0.999983966 -0.001188434 -3.684487820 -0.002736276 0.001173316 0.999995589 233.749862671
0.999979973 0.005667331 0.002816918 -0.750577867 -0.005663592 0.999983072 -0.001333043 -3.721129894 -0.002824425 0.001317062 0.999995172 235.270553589
0.999974906 0.006338674 0.003157483 -0.754114568 -0.006333048 0.999978304 -0.001788634 -3.750981569 -0.003168752 0.001768593 0.999993443 236.776107788
0.999964654 0.007575804 0.003640452 -0.759458721 -0.007572218 0.999970794 -0.000997645 -3.779661417 -0.003647904 0.000970044 0.999992907 238.279388428
0.999953747 0.008304887 0.004852820 -0.775293231 -0.008310121 0.999964893 0.001059483 -3.807236433 -0.004843849 -0.001099762 0.999987662 239.800094604
0.999952674 0.008027634 0.005500327 -0.778595805 -0.008035407 0.999966741 0.001392672 -3.829290867 -0.005488964 -0.001436803 0.999983907 241.308593750
0.999942482 0.008735806 0.006221256 -0.778660536 -0.008735737 0.999961853 -0.000037974 -3.856746674 -0.006221350 -0.000016376 0.999980569 242.820434570
0.999935806 0.009200601 0.006615645 -0.772002578 -0.009188663 0.999956191 -0.001832474 -3.876030922 -0.006632214 0.001771567 0.999976456 244.334747314
0.999937713 0.008841320 0.006810281 -0.772222877 -0.008838283 0.999960780 -0.000476130 -3.914062738 -0.006814225 0.000415909 0.999976695 245.859756470
0.999944448 0.008464903 0.006299139 -0.761439323 -0.008469088 0.999963939 0.000637977 -3.940548658 -0.006293512 -0.000691290 0.999979913 247.394546509
0.999933183 0.009534623 0.006535363 -0.770010948 -0.009539566 0.999954283 0.000725763 -3.961572409 -0.006528145 -0.000788059 0.999978364 248.915252686
0.999939680 0.009119580 0.006120703 -0.767767310 -0.009127758 0.999957442 0.001309572 -3.998591661 -0.006108499 -0.001365361 0.999980330 250.455627441
0.999927163 0.010212637 0.006429877 -0.766340375 -0.010223147 0.999946415 0.001603703 -4.021384716 -0.006413153 -0.001669320 0.999978006 251.997100830
0.999902189 0.012173475 0.006881383 -0.778222442 -0.012183060 0.999924839 0.001352963 -4.043217182 -0.006864396 -0.001436666 0.999975383 253.511596680
0.999894083 0.012566919 0.007341939 -0.782385826 -0.012577108 0.999920011 0.001343145 -4.061247349 -0.007324473 -0.001435343 0.999972105 255.043228149
0.999912202 0.011307148 0.006904676 -0.779226422 -0.011319154 0.999934494 0.001702045 -4.090869904 -0.006884980 -0.001780051 0.999974668 256.598205566
0.999928415 0.009709068 0.006988230 -0.774477839 -0.009727332 0.999949336 0.002584401 -4.114503384 -0.006962784 -0.002652192 0.999972224 258.123657227
0.999952734 0.007147533 0.006579776 -0.764481425 -0.007168108 0.999969482 0.003108748 -4.130172729 -0.006557355 -0.003155766 0.999973536 259.647277832
0.999954879 0.006143234 0.007245990 -0.784704924 -0.006159904 0.999978364 0.002280530 -4.155850887 -0.007231825 -0.002325061 0.999971151 261.202911377
0.999961674 0.004875970 0.007274667 -0.788336754 -0.004885494 0.999987245 0.001291983 -4.177530766 -0.007268276 -0.001327474 0.999972641 262.751312256
0.999967754 0.003203841 0.007367121 -0.773196340 -0.003226528 0.999990106 0.003069614 -4.202839851 -0.007357214 -0.003093285 0.999968112 264.285125732
0.999970257 0.001012801 0.007652134 -0.764124632 -0.001051299 0.999986768 0.005028680 -4.224712372 -0.007646940 -0.005036575 0.999958038 265.836059570
0.999971747 0.000522883 0.007501010 -0.756110668 -0.000550547 0.999993026 0.003686568 -4.237325191 -0.007499030 -0.003690593 0.999965012 267.398895264
0.999969482 0.000293356 0.007810632 -0.745219946 -0.000311818 0.999997079 0.002362601 -4.251803875 -0.007809917 -0.002364965 0.999966681 268.947540283
0.999965608 0.000656668 0.008264357 -0.737283230 -0.000677651 0.999996543 0.002536486 -4.282809258 -0.008262663 -0.002541999 0.999962628 270.476531982
0.999952376 0.002278387 0.009488727 -0.740806341 -0.002306659 0.999992907 0.002969595 -4.310177803 -0.009481893 -0.002991341 0.999950588 272.002014160
0.999940932 0.003885960 0.010150610 -0.734996796 -0.003906958 0.999990225 0.002049658 -4.324999332 -0.010142547 -0.002089195 0.999946356 273.540466309
0.999924421 0.004923356 0.011265587 -0.728474855 -0.004947188 0.999985516 0.002088619 -4.352679253 -0.011255143 -0.002144194 0.999934375 275.093322754
0.999909699 0.006406982 0.011811617 -0.709698677 -0.006421289 0.999978721 0.001173714 -4.370010853 -0.011803845 -0.001249454 0.999929547 276.624633789
0.999899209 0.006855180 0.012428133 -0.703469515 -0.006859361 0.999976456 0.000293681 -4.391929150 -0.012425829 -0.000378900 0.999922693 278.172668457
0.999887645 0.005855874 0.013794629 -0.696339130 -0.005857820 0.999982893 0.000100634 -4.418874264 -0.013793802 -0.000181429 0.999904871 279.725708008
0.999893367 0.005251565 0.013624657 -0.657465935 -0.005257006 0.999986053 0.000363577 -4.446575165 -0.013622558 -0.000435163 0.999907136 281.281341553
0.999888182 0.004407939 0.014289957 -0.642178059 -0.004425411 0.999989510 0.001191295 -4.467441082 -0.014284555 -0.001254400 0.999897182 282.850555420
0.999889314 0.003012629 0.014570599 -0.626806736 -0.003032179 0.999994457 0.001319816 -4.491325378 -0.014566543 -0.001363850 0.999892950 284.419616699
0.999892354 0.003538105 0.014240908 -0.601391792 -0.003519331 0.999992847 -0.001343198 -4.517772675 -0.014245560 0.001292935 0.999897718 285.999755859
0.999897242 0.002146962 0.014172208 -0.589105129 -0.002100281 0.999992311 -0.003307910 -4.545339584 -0.014179203 0.003277805 0.999894083 287.556121826
0.999915719 0.001921176 0.012840600 -0.557463169 -0.001877107 0.999992311 -0.003443146 -4.577651501 -0.012847115 0.003418752 0.999911606 289.139587402
0.999931276 0.000450853 0.011714815 -0.541660070 -0.000408912 0.999993443 -0.003582288 -4.600346088 -0.011716354 0.003577252 0.999924958 290.696533203
0.999945700 0.000388312 0.010414891 -0.536232948 -0.000344425 0.999991000 -0.004215331 -4.627820969 -0.010416435 0.004211515 0.999936819 292.240264893
0.999951780 0.000539030 0.009808090 -0.515841007 -0.000492726 0.999988675 -0.004722797 -4.657690048 -0.009810526 0.004717736 0.999940693 293.832489014
0.999962866 0.000011119 0.008612278 -0.496859074 0.000023255 0.999992013 -0.003991154 -4.693203449 -0.008612253 0.003991206 0.999954939 295.405700684
0.999972701 -0.000520525 0.007371104 -0.486209154 0.000550130 0.999991775 -0.004014926 -4.722883224 -0.007368954 0.004018871 0.999964774 296.981109619
0.999980211 -0.001201380 0.006172537 -0.479648352 0.001216587 0.999996185 -0.002460411 -4.756733894 -0.006169558 0.002467871 0.999977946 298.545959473
0.999985695 0.000192529 0.005346376 -0.476813078 -0.000185562 0.999999046 -0.001303691 -4.782278538 -0.005346622 0.001302680 0.999984860 300.125091553
0.999981642 0.000326129 0.006053042 -0.474933743 -0.000317630 0.999998927 -0.001405093 -4.805068016 -0.006053492 0.001403145 0.999980688 301.716705322
0.999976933 0.000635964 0.006763711 -0.468686342 -0.000626866 0.999998868 -0.001347151 -4.834989071 -0.006764560 0.001342880 0.999976158 303.314575195
0.999973476 -0.000827783 0.007232889 -0.467608452 0.000840053 0.999998212 -0.001693529 -4.859569073 -0.007231474 0.001699561 0.999972343 304.894439697
0.999969542 -0.002449173 0.007408363 -0.457892656 0.002468238 0.999993682 -0.002565386 -4.890322208 -0.007402033 0.002583594 0.999969244 306.483734131
0.999961615 -0.004092230 0.007740777 -0.447756290 0.004128036 0.999980748 -0.004615275 -4.917660236 -0.007721742 0.004647053 0.999959409 308.072753906
0.999961913 -0.004492666 0.007478038 -0.442114830 0.004533846 0.999974608 -0.005499006 -4.950526714 -0.007453144 0.005532702 0.999956906 309.673431396
0.999980211 -0.003696479 0.005090256 -0.442669630 0.003730172 0.999971151 -0.006625615 -4.982780933 -0.005065619 0.006644472 0.999965131 311.279937744
0.999991119 -0.002867242 0.003079374 -0.438585043 0.002885408 0.999978364 -0.005911226 -5.014698029 -0.003062358 0.005920059 0.999977708 312.901367188
0.999994516 -0.001874789 0.002732912 -0.445270061 0.001882388 0.999994457 -0.002780518 -5.044239521 -0.002727684 0.002785648 0.999992371 314.526641846
0.999989569 -0.003478599 0.002933885 -0.436123371 0.003477677 0.999993920 0.000319057 -5.076135159 -0.002934976 -0.000308851 0.999995649 316.166992188
0.999985695 -0.004629424 0.002667295 -0.433295071 0.004626445 0.999988735 0.001121925 -5.100374222 -0.002672459 -0.001109569 0.999995828 317.795837402
0.999980152 -0.005411137 0.003226273 -0.438078284 0.005411670 0.999985337 -0.000156315 -5.126041412 -0.003225380 0.000173771 0.999994755 319.425781250
0.999969721 -0.006963646 0.003466005 -0.444523811 0.006962717 0.999975681 0.000279900 -5.152731419 -0.003467869 -0.000255758 0.999993920 321.035003662
0.999966681 -0.007102023 0.004019260 -0.451660991 0.007100534 0.999974668 0.000384595 -5.177000523 -0.004021890 -0.000356043 0.999991834 322.658264160
0.999965310 -0.007095790 0.004360253 -0.446990371 0.007094682 0.999974787 0.000269470 -5.203187466 -0.004362056 -0.000238526 0.999990463 324.278289795
0.999975026 -0.005529957 0.004407083 -0.444560885 0.005534356 0.999984205 -0.000986455 -5.225402355 -0.004401559 0.001010821 0.999989808 325.904846191
0.999973953 -0.004608769 0.005558873 -0.455769777 0.004615331 0.999988675 -0.001168178 -5.264583588 -0.005553426 0.001193803 0.999983847 327.507110596
0.999965549 -0.006098644 0.005639168 -0.445285082 0.006094900 0.999981165 0.000681103 -5.291563511 -0.005643215 -0.000646709 0.999983847 329.145477295
0.999954879 -0.007331191 0.006040779 -0.448063254 0.007321686 0.999971926 0.001594202 -5.317137241 -0.006052296 -0.001549901 0.999980450 330.737579346
0.999947250 -0.008382777 0.005938498 -0.441820860 0.008381905 0.999964833 0.000171602 -5.340911865 -0.005939728 -0.000121817 0.999982357 332.374572754
0.999957681 -0.007307584 0.005587114 -0.430271387 0.007306484 0.999973238 0.000217255 -5.367618084 -0.005588552 -0.000176424 0.999984443 334.013366699
0.999970257 -0.005029778 0.005851960 -0.453002930 0.005040057 0.999985754 -0.001743168 -5.399950504 -0.005843109 0.001772610 0.999981344 335.596313477
0.999980271 -0.003254827 0.005357097 -0.454227090 0.003279913 0.999983788 -0.004680728 -5.429737091 -0.005341775 0.004698207 0.999974668 337.212188721
0.999986529 -0.002299842 0.004643326 -0.459365368 0.002318664 0.999989092 -0.004052279 -5.466005802 -0.004633956 0.004062990 0.999980986 338.819915771
0.999992967 -0.001154638 0.003565058 -0.466159582 0.001156796 0.999999166 -0.000603321 -5.497233391 -0.003564358 0.000607440 0.999993443 340.405822754
0.999997675 -0.000716027 0.002081327 -0.457345545 0.000710913 0.999996841 0.002456825 -5.531361580 -0.002083079 -0.002455339 0.999994814 342.034149170
0.999999762 -0.000248408 0.000790503 -0.463566899 0.000247528 0.999999285 0.001114117 -5.556029320 -0.000790780 -0.001113921 0.999999046 343.633331299
0.999998987 -0.000881126 -0.001096695 -0.470943332 0.000880514 0.999999464 -0.000558584 -5.581221581 0.001097186 0.000557617 0.999999225 345.225311279
0.999992788 -0.002263637 -0.003054215 -0.475586355 0.002265881 0.999997139 0.000731661 -5.607086658 0.003052551 -0.000738576 0.999995053 346.812591553
0.999984801 -0.003551426 -0.004218277 -0.483312249 0.003556720 0.999992847 0.001248284 -5.635415077 0.004213814 -0.001263269 0.999990344 348.410156250
0.999982655 -0.003971942 -0.004355262 -0.508171797 0.003973711 0.999991953 0.000397360 -5.656406879 0.004353649 -0.000414659 0.999990404 350.001342773
0.999976516 -0.004853380 -0.004835862 -0.518758774 0.004850156 0.999988019 -0.000678096 -5.681736946 0.004839095 0.000654625 0.999988079 351.598327637
0.999977589 -0.004729892 -0.004740137 -0.534907818 0.004725143 0.999988317 -0.001012522 -5.706773281 0.004744871 0.000990101 0.999988198 353.191497803
0.999974668 -0.005410317 -0.004626475 -0.552181721 0.005405754 0.999984860 -0.000997982 -5.736015320 0.004631804 0.000972948 0.999988794 354.779327393
0.999972284 -0.005681546 -0.004803445 -0.561681151 0.005672448 0.999982119 -0.001905489 -5.763515949 0.004814186 0.001878189 0.999986649 356.382110596
0.999969542 -0.006032878 -0.004936416 -0.576970816 0.006020187 0.999978542 -0.002581914 -5.791394234 0.004951888 0.002552117 0.999984443 357.984222412
0.999965727 -0.006593870 -0.004998411 -0.586610913 0.006581079 0.999974966 -0.002571191 -5.819140434 0.005015240 0.002538208 0.999984205 359.572509766
0.999966443 -0.006578955 -0.004876382 -0.600218534 0.006563939 0.999973714 -0.003088758 -5.854662895 0.004896573 0.003056646 0.999983311 361.165222168
0.999953747 -0.008229018 -0.004963164 -0.611391544 0.008207059 0.999956608 -0.004428466 -5.887504578 0.004999389 0.004387529 0.999977887 362.752593994
0.999938607 -0.009804517 -0.005162320 -0.620318413 0.009791723 0.999948919 -0.002497779 -5.920605659 0.005186546 0.002447078 0.999983490 364.358215332
0.999916971 -0.011704096 -0.005392322 -0.623451948 0.011696564 0.999930561 -0.001426206 -5.954014778 0.005408641 0.001363016 0.999984443 365.954742432
0.999919713 -0.011675870 -0.004927091 -0.644262910 0.011661990 0.999927998 -0.002836664 -5.977366447 0.004959856 0.002778977 0.999983847 367.547851562
0.999935031 -0.010465467 -0.004529502 -0.662990212 0.010446777 0.999936938 -0.004130651 -5.995826721 0.004572445 0.004083063 0.999981225 369.164459229
0.999945462 -0.009675685 -0.003936484 -0.686206043 0.009666355 0.999950469 -0.002382376 -6.046896458 0.003959340 0.002344195 0.999989331 370.742950439
0.999962807 -0.007861376 -0.003549549 -0.701323390 0.007855996 0.999967992 -0.001527182 -6.072482109 0.003561441 0.001499240 0.999992549 372.347595215
0.999956608 -0.008603698 -0.003577828 -0.705756009 0.008598103 0.999961793 -0.001575907 -6.109695435 0.003591250 0.001545076 0.999992371 373.926605225
0.999960959 -0.008306308 -0.003028312 -0.732409358 0.008296858 0.999960721 -0.003119462 -6.127340317 0.003054104 0.003094215 0.999990523 375.517944336
0.999963880 -0.008032173 -0.002768516 -0.740530550 0.008024858 0.999964297 -0.002643098 -6.171545506 0.002789647 0.002620786 0.999992669 377.121887207
0.999965787 -0.007879691 -0.002541980 -0.739826322 0.007873301 0.999965847 -0.002514115 -6.204135895 0.002561704 0.002494015 0.999993622 378.746276855
0.999980271 -0.005903119 -0.002158804 -0.766154110 0.005897133 0.999978781 -0.002768844 -6.228347301 0.002175103 0.002756058 0.999993801 380.357482910
0.999990523 -0.004173652 -0.001272020 -0.781513453 0.004170914 0.999988973 -0.002148311 -6.259449959 0.001280973 0.002142985 0.999996901 381.956146240
0.999995828 -0.002731121 -0.000966369 -0.805025280 0.002728207 0.999991775 -0.003004875 -6.285900593 0.000974568 0.003002226 0.999994934 383.598236084
