0.999999940 0.000000000 -0.000000000 0.000000000 0.000000000 0.999999940 -0.000000000 0.000000000 -0.000000000 -0.000000000 0.999999940 -0.000000119
0.999997616 -0.001622384 -0.001435348 -0.002483398 0.001621047 0.999998212 -0.000932040 -0.007702761 0.001436857 0.000929711 0.999998450 0.564240396
0.999995410 -0.001811100 -0.002399490 -0.007897151 0.001804909 0.999994993 -0.002579510 -0.017665995 0.002404150 0.002575167 0.999993742 1.119493008
0.999986470 -0.002513163 -0.004535705 -0.008936153 0.002497114 0.999990582 -0.003540453 -0.035180632 0.004544560 0.003529079 0.999983370 1.685302377
0.999970198 -0.004361345 -0.006364316 -0.020141622 0.004326043 0.999975204 -0.005550134 -0.041310880 0.006388364 0.005522437 0.999964297 2.251798630
0.999948621 -0.007066363 -0.007256598 -0.035758395 0.007014384 0.999949694 -0.007163582 -0.063085534 0.007306853 0.007112313 0.999947906 2.801407099
0.999926507 -0.008338389 -0.008795599 -0.041630559 0.008270363 0.999935746 -0.007742300 -0.076310433 0.008859592 0.007668988 0.999931335 3.374628544
0.999914229 -0.008289934 -0.010143262 -0.052853141 0.008217931 0.999940872 -0.007119812 -0.088128269 0.010201686 0.007035844 0.999923229 3.957729340
0.999900877 -0.008693980 -0.011077388 -0.065197401 0.008610322 0.999934196 -0.007577592 -0.102459878 0.011142539 0.007481460 0.999909937 4.548415661
0.999889851 -0.008173543 -0.012386994 -0.073638692 0.008045983 0.999914408 -0.010313176 -0.117656626 0.012470230 0.010212375 0.999870062 5.142971992
0.999885321 -0.006561717 -0.013645670 -0.086953864 0.006369338 0.999880314 -0.014094158 -0.132888302 0.013736521 0.014005627 0.999807537 5.749267101
0.999873996 -0.005305431 -0.014955922 -0.104604781 0.005038242 0.999828041 -0.017846543 -0.144603282 0.015048035 0.017768946 0.999728799 6.362710476
0.999866188 -0.003281510 -0.016024703 -0.123775646 0.002994665 0.999835432 -0.017891452 -0.158169612 0.016080778 0.017841071 0.999711454 6.994021416
0.999848127 -0.001028432 -0.017394569 -0.133476824 0.000836429 0.999938607 -0.011041776 -0.169039473 0.017404862 0.011025550 0.999787748 7.634083748
0.999841571 -0.000030497 -0.017799120 -0.154886097 0.000025812 0.999999940 -0.000263454 -0.184262097 0.017799126 0.000262951 0.999841571 8.295706749
0.999823570 0.000727649 -0.018769398 -0.170466840 -0.000610222 0.999980152 0.006261270 -0.194207773 0.018773584 -0.006248713 0.999804258 8.979713440
0.999790430 0.003049298 -0.020243673 -0.187248945 -0.002945863 0.999982476 0.005137417 -0.207716569 0.020258985 -0.005076704 0.999781847 9.662793159
0.999771118 0.004986635 -0.020804510 -0.211448461 -0.005029507 0.999985397 -0.002008845 -0.214043707 0.020794187 0.002113021 0.999781549 10.353227615
0.999748170 0.004630045 -0.021959096 -0.232486188 -0.004804000 0.999957383 -0.007875645 -0.214065120 0.021921698 0.007979152 0.999727845 11.066123009
0.999726951 0.002275319 -0.023256488 -0.245952696 -0.002425093 0.999976456 -0.006413908 -0.215150893 0.023241347 0.006468556 0.999708951 11.801721573
0.999724865 0.001926609 -0.023374338 -0.273318201 -0.001861935 0.999994397 0.002788340 -0.228087664 0.023379577 -0.002744051 0.999722898 12.568424225
0.999721527 0.001574937 -0.023543520 -0.296805173 -0.001333734 0.999946594 0.010257154 -0.233835742 0.023558414 -0.010222897 0.999670208 13.342470169
0.999706745 0.000677377 -0.024204737 -0.319317251 -0.000369652 0.999919116 0.012715661 -0.235718966 0.024211390 -0.012702985 0.999626100 14.131059647
0.999701858 -0.001118408 -0.024390973 -0.337940067 0.001405479 0.999929965 0.011755606 -0.235322595 0.024376115 -0.011786383 0.999633372 14.939248085
0.999712229 -0.001628114 -0.023931462 -0.355814636 0.001853322 0.999954104 0.009391422 -0.237545997 0.023915071 -0.009433072 0.999669492 15.764613152
0.999729335 0.001134068 -0.023236452 -0.381740928 -0.000993113 0.999980867 0.006076795 -0.238695130 0.023242902 -0.006052071 0.999711573 16.601053238
0.999744713 -0.002262433 -0.022477617 -0.402171612 0.002271762 0.999997318 0.000389555 -0.243038610 0.022476677 -0.000440518 0.999747276 17.458530426
0.999745786 -0.005108568 -0.021956557 -0.417209715 0.004978367 0.999969602 -0.005980487 -0.250017107 0.021986444 0.005869665 0.999741077 18.327823639
0.999778271 -0.004056692 -0.020661665 -0.441934109 0.003823547 0.999928653 -0.011310978 -0.265979767 0.020706076 0.011229471 0.999722481 19.241495132
0.999790311 -0.002807218 -0.020282675 -0.468499333 0.002561767 0.999923229 -0.012117356 -0.280693591 0.020315133 0.012062859 0.999720812 20.147151947
0.999772429 -0.002755621 -0.021155162 -0.483913541 0.002510104 0.999929249 -0.011623311 -0.298385978 0.021185692 0.011567567 0.999708593 21.084423065
0.999780059 -0.000993344 -0.020947775 -0.514748275 0.000722550 0.999916136 -0.012930679 -0.324876636 0.020958861 0.012912700 0.999696910 22.024829865
0.999782562 0.001647821 -0.020791270 -0.533662736 -0.001962283 0.999883831 -0.015113388 -0.345921159 0.020763949 0.015150902 0.999669552 22.987455368
0.999764740 0.004914692 -0.021125434 -0.560666203 -0.005252235 0.999858975 -0.015952334 -0.368818671 0.021044049 0.016059536 0.999649584 23.953264236
0.999754965 0.006727001 -0.021088293 -0.591329515 -0.007060427 0.999850571 -0.015776550 -0.397269130 0.020979011 0.015921580 0.999653101 24.928924561
0.999747932 0.007671590 -0.021099431 -0.624411285 -0.008009062 0.999840617 -0.015956614 -0.422649652 0.020973653 0.016121581 0.999650061 25.908473969
0.999736190 0.007852712 -0.021583598 -0.632847488 -0.008197013 0.999839723 -0.015910095 -0.452927321 0.021455202 0.016082816 0.999640405 26.894771576
0.999722600 0.008828620 -0.021835141 -0.659248054 -0.009149733 0.999850750 -0.014650236 -0.482943267 0.021702541 0.014845957 0.999654174 27.897378922
0.999708652 0.009374787 -0.022243541 -0.685448349 -0.009658382 0.999872923 -0.012676582 -0.509777248 0.022121871 0.012887722 0.999672174 28.912673950
0.999695778 0.009605902 -0.022719931 -0.711099327 -0.009872246 0.999883413 -0.011639968 -0.536194623 0.022605473 0.011860721 0.999674082 29.939065933
0.999696076 0.010246524 -0.022420594 -0.743218005 -0.010529517 0.999865949 -0.012540600 -0.567481875 0.022289092 0.012772865 0.999669909 30.946500778
0.999671400 0.011389143 -0.022962622 -0.769148827 -0.011697693 0.999842525 -0.013347839 -0.595681787 0.022806983 0.013612062 0.999647141 31.980587006
0.999680340 0.010853887 -0.022829728 -0.805411875 -0.011143618 0.999858499 -0.012602274 -0.620141745 0.022689713 0.012852654 0.999659896 33.013999939
0.999671400 0.010416971 -0.023421980 -0.836890399 -0.010655444 0.999892354 -0.010079967 -0.643988371 0.023314454 0.010326227 0.999674797 34.066986084
0.999657333 0.010796639 -0.023845596 -0.867945254 -0.010949237 0.999920249 -0.006278149 -0.668371677 0.023775913 0.006537088 0.999695897 35.121086121
0.999652565 0.011056204 -0.023926847 -0.909716368 -0.011149683 0.999930620 -0.003776939 -0.690504134 0.023883428 0.004042403 0.999706566 36.176124573
0.999629557 0.010610723 -0.025061266 -0.924277663 -0.010700533 0.999936700 -0.003452268 -0.713691056 0.025023049 0.003719158 0.999679983 37.272274017
0.999619603 0.010076259 -0.025672805 -0.952177107 -0.010211534 0.999934554 -0.005143482 -0.730281472 0.025619298 0.005403684 0.999657214 38.347564697
0.999591351 0.010734707 -0.026491232 -0.988811255 -0.010890007 0.999924183 -0.005724997 -0.748247921 0.026427768 0.006011148 0.999632716 39.440017700
0.999578714 0.010236396 -0.027158037 -1.021455646 -0.010363527 0.999935865 -0.004544525 -0.770460784 0.027109778 0.004824064 0.999620855 40.509094238
0.999557436 0.010183790 -0.027950739 -1.058107853 -0.010256344 0.999944329 -0.002453644 -0.794623613 0.027924193 0.002739229 0.999606192 41.608592987
0.999541998 0.010428892 -0.028412424 -1.097370863 -0.010433778 0.999945462 -0.000023682 -0.813792408 0.028410625 0.000320120 0.999596179 42.692920685
0.999508560 0.011589037 -0.029127073 -1.130463600 -0.011592720 0.999932706 0.000042367 -0.838073552 0.029125601 0.000295316 0.999575615 43.768119812
0.999474585 0.013216760 -0.029595291 -1.170261264 -0.013337488 0.999903381 -0.003885606 -0.860987186 0.029541079 0.004278291 0.999554396 44.869510651
0.999463081 0.014580835 -0.029341927 -1.208993077 -0.014826194 0.999856770 -0.008161949 -0.879273534 0.029218711 0.008592596 0.999536037 45.954158783
0.999466896 0.014775001 -0.029113838 -1.250438452 -0.015025764 0.999851704 -0.008413329 -0.904231489 0.028985213 0.008846300 0.999540687 47.037601471
0.999471903 0.015882073 -0.028351489 -1.298200488 -0.016054465 0.999853909 -0.005863217 -0.926213026 0.028254226 0.006315288 0.999580801 48.105907440
0.999458611 0.016053062 -0.028719008 -1.329513073 -0.016156355 0.999863863 -0.003368260 -0.959430575 0.028661022 0.003830431 0.999581754 49.224933624
0.999477327 0.014103552 -0.029085107 -1.355791450 -0.014170878 0.999897361 -0.002110001 -0.981729448 0.029052360 0.002521060 0.999574721 50.319522858
0.999498487 0.013991192 -0.028403345 -1.394366860 -0.014075380 0.999897063 -0.002766276 -1.006990075 0.028361715 0.003164676 0.999592781 51.408782959
0.999509692 0.012986894 -0.028485961 -1.428353548 -0.013126969 0.999902606 -0.004735959 -1.025840044 0.028421678 0.005107572 0.999583006 52.496520996
0.999515176 0.013477113 -0.028067119 -1.464539289 -0.013676028 0.999882579 -0.006907316 -1.052246690 0.027970737 0.007287815 0.999582171 53.585777283
0.999535263 0.012457355 -0.027823107 -1.497542381 -0.012723578 0.999874711 -0.009411987 -1.079002380 0.027702374 0.009761623 0.999568582 54.680046082
0.999556422 0.011157427 -0.027614743 -1.534338236 -0.011507479 0.999855042 -0.012550065 -1.115065575 0.027470713 0.012862274 0.999539852 55.760509491
0.999575019 0.009517736 -0.027553974 -1.561564207 -0.009911917 0.999849975 -0.014204709 -1.148137927 0.027414648 0.014471786 0.999519408 56.849655151
0.999593496 0.007778248 -0.027431369 -1.593145132 -0.008101324 0.999898851 -0.011686193 -1.181096673 0.027337698 0.011903671 0.999555409 57.936367035
0.999608874 0.006603897 -0.027173817 -1.626860499 -0.006762465 0.999960542 -0.005747550 -1.208545446 0.027134791 0.005929062 0.999614239 59.033821106
0.999629021 0.004890847 -0.026791470 -1.657620907 -0.004898190 0.999988019 -0.000208502 -1.228816509 0.026790131 0.000339654 0.999640942 60.143207550
0.999629855 0.003058267 -0.027029341 -1.683923364 -0.003053131 0.999995351 0.000231249 -1.245341063 0.027029922 -0.000148640 0.999634624 61.235645294
0.999644578 -0.000023959 -0.026656033 -1.714639544 -0.000048377 0.999996364 -0.002713077 -1.264065862 0.026656002 0.002713402 0.999640942 62.327205658
0.999651790 -0.001415277 -0.026349220 -1.752840877 0.001263976 0.999982655 -0.005757906 -1.289164424 0.026356908 0.005722596 0.999636173 63.422229767
0.999653220 0.000708493 -0.026326284 -1.791421771 -0.000968599 0.999950826 -0.009868651 -1.314682126 0.026317997 0.009890727 0.999604702 64.510292053
0.999657333 0.000892554 -0.026164781 -1.825687051 -0.001255606 0.999903142 -0.013862487 -1.345359564 0.026149876 0.013890589 0.999561489 65.588317871
0.999665022 0.003666924 -0.025619363 -1.861636162 -0.004046447 0.999882519 -0.014777776 -1.371693373 0.025562165 0.014876490 0.999562502 66.709602356
0.999670684 0.007379613 -0.024575362 -1.905882478 -0.007657987 0.999907315 -0.011252580 -1.400105238 0.024490045 0.011437071 0.999634624 67.809997559
0.999649942 0.008890660 -0.024917543 -1.935239077 -0.009114182 0.999919057 -0.008871259 -1.433709264 0.024836656 0.009095253 0.999650121 68.914588928
0.999652147 0.008942203 -0.024807848 -1.962832093 -0.009147976 0.999924481 -0.008193607 -1.463428020 0.024732707 0.008417699 0.999658644 70.006675720
0.999667823 0.007262829 -0.024728505 -1.990496039 -0.007447821 0.999944806 -0.007397041 -1.491773605 0.024673421 0.007578759 0.999666870 71.103164673
0.999667585 0.006298920 -0.025001232 -2.023809433 -0.006452304 0.999960840 -0.006059174 -1.516394973 0.024962084 0.006218475 0.999669015 72.203239441
0.999674082 0.004709689 -0.025091842 -2.060009480 -0.004816493 0.999979556 -0.004197801 -1.536290884 0.025071558 0.004317287 0.999676287 73.294090271
0.999653935 0.003696811 -0.026047004 -2.083632708 -0.003769255 0.999989212 -0.002732750 -1.560992360 0.026036618 0.002829982 0.999656916 74.378799438
0.999646127 0.002939731 -0.026435411 -2.119544506 -0.003031560 0.999989510 -0.003434278 -1.594593644 0.026425041 0.003513203 0.999644578 75.488609314
0.999625027 0.003324421 -0.027177859 -2.151772261 -0.003521954 0.999967754 -0.007223542 -1.620105863 0.027152970 0.007316553 0.999604464 76.567634583
0.999601543 0.003661390 -0.027985504 -2.181825638 -0.003930121 0.999946594 -0.009553510 -1.640598297 0.027949035 0.009659689 0.999562621 77.649421692
0.999578178 0.005738939 -0.028465642 -2.226210356 -0.005958405 0.999953091 -0.007631093 -1.672939658 0.028420513 0.007797485 0.999565601 78.731925964
0.999557972 0.006474695 -0.029013108 -2.265024185 -0.006579967 0.999972045 -0.003534443 -1.693512559 0.028989412 0.003723785 0.999572754 79.809555054
0.999537349 0.007845923 -0.029384689 -2.306047201 -0.007824747 0.999969006 0.000835604 -1.725629926 0.029390339 -0.000605290 0.999567807 80.880599976
0.999497294 0.009022484 -0.030395225 -2.342038870 -0.008989681 0.999958813 0.001215726 -1.741679668 0.030404942 -0.000941872 0.999537230 81.951469421
0.999485731 0.009020709 -0.030772397 -2.383776188 -0.009055837 0.999958456 -0.001002376 -1.758927345 0.030762080 0.001280530 0.999525905 83.019645691
0.999477625 0.008597254 -0.031153273 -2.429107189 -0.008657427 0.999960899 -0.001797132 -1.781039953 0.031136608 0.002065900 0.999513030 84.100227356
0.999460995 0.008206709 -0.031785715 -2.451644659 -0.008259113 0.999964714 -0.001517730 -1.811368704 0.031772137 0.001779433 0.999493539 85.156753540
0.999442756 0.007243104 -0.032581571 -2.490374804 -0.007293321 0.999972343 -0.001422697 -1.829271197 0.032570366 0.001659532 0.999468088 86.188514709
0.999423683 0.005891467 -0.033428125 -2.526153803 -0.005899118 0.999982595 -0.000130291 -1.849699378 0.033426769 0.000327413 0.999441087 87.219261169
0.999446750 0.006178533 -0.032677572 -2.580239058 -0.006072042 0.999975920 0.003357055 -1.885052323 0.032697529 -0.003156778 0.999460280 88.214553833
0.999389589 0.005187195 -0.034547601 -2.605267048 -0.005061811 0.999980271 0.003715773 -1.895348072 0.034566190 -0.003538631 0.999396145 89.195518494
0.999308228 0.004032627 -0.036971211 -2.639705181 -0.003892813 0.999984980 0.003852892 -1.911127925 0.036986202 -0.003706305 0.999308884 90.151313782
0.999196947 0.003178151 -0.039940715 -2.682433605 -0.003060422 0.999990761 0.003008389 -1.935661793 0.039949920 -0.002883738 0.999197483 91.098297119
0.999057770 0.002958969 -0.043299776 -2.728317738 -0.002873057 0.999993742 0.002046244 -1.952731252 0.043305565 -0.001919914 0.999060035 92.017707825
0.998940170 0.002955418 -0.045933209 -2.782488585 -0.002842426 0.999992728 0.002525038 -1.970548391 0.045940340 -0.002391801 0.998941302 92.903724670
0.998753965 0.004119529 -0.049737681 -2.822820663 -0.003941993 0.999985456 0.003667013 -1.991241693 0.049752075 -0.003466378 0.998755574 93.783309937
0.998586833 0.004685915 -0.052937984 -2.872367382 -0.004444086 0.999979138 0.004684942 -2.008377552 0.052958839 -0.004443060 0.998586774 94.624595642
0.998436749 0.006274594 -0.055539530 -2.929562569 -0.005932019 0.999962330 0.006330821 -2.023510933 0.055577163 -0.005991462 0.998436332 95.431709290
0.998269022 0.007653310 -0.058312222 -2.978960276 -0.007239113 0.999947011 0.007311041 -2.041003227 0.058365092 -0.006876257 0.998271585 96.228706360
0.998101473 0.010047462 -0.060766444 -3.033122301 -0.009602654 0.999924958 0.007607580 -2.055229664 0.060838327 -0.007009617 0.998122990 96.988082886
0.997935236 0.011749286 -0.063144207 -3.097738028 -0.011348138 0.999913096 0.006707781 -2.074806452 0.063217521 -0.005977362 0.997981846 97.708076477
0.997741878 0.013036823 -0.065887101 -3.148834467 -0.012862275 0.999912560 0.003072677 -2.090386391 0.065921389 -0.002218281 0.997822285 98.406333923
0.997529268 0.015166315 -0.068596154 -3.202419519 -0.015245890 0.999883592 -0.000636680 -2.105341196 0.068578519 0.001680916 0.997644246 99.073211670
0.997390926 0.016941557 -0.070174083 -3.265458822 -0.017223896 0.999845803 -0.003420291 -2.117586613 0.070105314 0.004620036 0.997528851 99.716156006
0.997283995 0.019140854 -0.071121126 -3.310601473 -0.019498425 0.999800384 -0.004336698 -2.133298635 0.071023919 0.005711670 0.997458220 100.336082458
0.997289300 0.021215247 -0.070455119 -3.357476711 -0.021537919 0.999760628 -0.003823236 -2.149251461 0.070357144 0.005330328 0.997507572 100.919845581
0.997418761 0.025152663 -0.067255169 -3.405120850 -0.025367511 0.999675333 -0.002342301 -2.163281918 0.067174435 0.004042350 0.997732997 101.485572815
0.997710764 0.027786875 -0.061654299 -3.445389032 -0.027896482 0.999610364 -0.000917501 -2.176857948 0.061604790 0.002635338 0.998097062 102.026283264
0.998110175 0.028655691 -0.054360479 -3.470455647 -0.028628115 0.999589324 0.001285988 -2.194389820 0.054375011 0.000272681 0.998520553 102.545272827
0.998594999 0.028573798 -0.044628445 -3.493335247 -0.028432541 0.999588490 0.003796877 -2.208157539 0.044718578 -0.002522642 0.998996437 103.044761658
0.999064803 0.028043732 -0.032911330 -3.499238729 -0.027894793 0.999598503 0.004975899 -2.219287872 0.033037670 -0.004053190 0.999445856 103.537811279
0.999446988 0.026734522 -0.019769503 -3.499104977 -0.026636036 0.999631524 0.005228509 -2.233983517 0.019902000 -0.004699036 0.999790788 103.974906921
0.999634445 0.026629524 -0.004677658 -3.490494490 -0.026609616 0.999636829 0.004268269 -2.243705511 0.004789623 -0.004142238 0.999979913 104.413261414
0.999593258 0.025183691 0.013379000 -3.473177433 -0.025205079 0.999681294 0.001432473 -2.255495071 -0.013338659 -0.001769110 0.999909401 104.839973450
0.999105394 0.024787445 0.034262016 -3.437904835 -0.024704508 0.999690771 -0.002841935 -2.273844481 -0.034321863 0.001992966 0.999408782 105.253189087
0.998023033 0.022533288 0.058671717 -3.394130945 -0.022106672 0.999724269 -0.007910300 -2.279511690 -0.058833778 0.006597623 0.998245895 105.654487610
0.996110737 0.020427603 0.085708529 -3.335149527 -0.019588297 0.999751747 -0.010622220 -2.292533636 -0.085904233 0.008902023 0.996263623 106.053962708
0.993143499 0.017619997 0.115566209 -3.260304928 -0.016338827 0.999794304 -0.012024003 -2.301002979 -0.115754269 0.010053344 0.993226945 106.448120117
0.988912344 0.015193870 0.147720963 -3.171412468 -0.013292816 0.999815702 -0.013847990 -2.317243814 -0.147904143 0.011730819 0.988932073 106.839828491
0.982799828 0.012532969 0.184247762 -3.095057249 -0.009893750 0.999834955 -0.015236673 -2.332623482 -0.184408307 0.013151702 0.982761741 107.170951843
0.974828005 0.009601290 0.222751126 -2.976691008 -0.006225211 0.999854863 -0.015853509 -2.344187498 -0.222871035 0.014067774 0.974746466 107.535057068
0.964830458 0.007317031 0.262770832 -2.852965355 -0.003065803 0.999857783 -0.016584828 -2.359833241 -0.262854844 0.015195947 0.964715779 107.881225586
0.952316225 0.008213579 0.305002004 -2.722879887 -0.003004859 0.999841571 -0.017543169 -2.376648426 -0.305097789 0.015790157 0.952190161 108.217178345
0.936961353 0.010433359 0.349277169 -2.584278822 -0.004404051 0.999827385 -0.018051943 -2.389211655 -0.349405259 0.015375740 0.936845601 108.528839111
0.919032991 0.010683856 0.394035786 -2.415605545 -0.004404465 0.999848545 -0.016837025 -2.400918007 -0.394155979 0.013738265 0.918940902 108.849624634
0.898755729 0.009569157 0.438345224 -2.227237940 -0.002950287 0.999871135 -0.015778283 -2.411119461 -0.438439757 0.012887580 0.898668230 109.158592224
0.875719666 0.008479879 0.482745379 -2.033111095 -0.000858427 0.999871492 -0.016006468 -2.425722361 -0.482819110 0.013602779 0.875614524 109.433776855
0.850542545 0.009653957 0.525817513 -1.812047482 0.000025964 0.999830842 -0.018398790 -2.440324545 -0.525906146 0.015662611 0.850398362 109.721900940
0.823102176 0.010530063 0.567795694 -1.590716004 0.001782847 0.999775231 -0.021125836 -2.466248751 -0.567890525 0.018401016 0.822898388 109.980758667
0.792022943 0.015232467 0.610301256 -1.356038451 0.000361003 0.999676883 -0.025419362 -2.481044769 -0.610491157 0.020353036 0.791761518 110.247840881
0.757952332 0.021244267 0.651963949 -1.104264021 -0.003338387 0.999582827 -0.028690336 -2.498721600 -0.652301371 0.019569401 0.757706940 110.501625061
0.720646739 0.026046095 0.692813039 -0.830448866 -0.004871747 0.999459565 -0.032506913 -2.498067379 -0.693285346 0.020050792 0.720384240 110.746421814
0.681607604 0.026034432 0.731254518 -0.532717228 -0.002826233 0.999453008 -0.032948598 -2.516475439 -0.731712341 0.020391321 0.681308448 110.968299866
0.640536189 0.023616180 0.767564654 -0.223350987 0.000936010 0.999502242 -0.031533461 -2.532251120 -0.767927289 0.020916779 0.640195310 111.170562744
0.595807195 0.021992702 0.802826285 0.102815568 0.001918101 0.999583185 -0.028806176 -2.543448448 -0.803125203 0.018702831 0.595516682 111.384002686
0.551494300 0.020692920 0.833921909 0.432017028 0.003125549 0.999633968 -0.026871903 -2.548112631 -0.834172785 0.017426165 0.551227689 111.507377625
0.503454089 0.018182512 0.863830626 0.789458811 0.004875646 0.999702811 -0.023884047 -2.558120728 -0.864008248 0.016236255 0.503215849 111.672447205
0.452312589 0.014450848 0.891742408 1.159568906 0.008160828 0.999759734 -0.020340653 -2.566652060 -0.891822100 0.016477693 0.452086002 111.823112488
0.399823636 0.014551225 0.916476548 1.520720720 0.004637001 0.999829113 -0.017897585 -2.590483904 -0.916580379 0.011405583 0.399687737 111.956398010
0.348244816 0.019456038 0.937201679 1.908173561 0.000805210 0.999778032 -0.021054303 -2.604979038 -0.937403202 0.008086699 0.348151833 112.079200745
0.298071295 0.025068812 0.954214454 2.324065685 -0.000472730 0.999658823 -0.026115049 -2.615158558 -0.954543471 0.007333059 0.297981501 112.176818848
0.251602709 0.027321381 0.967444897 2.730720997 0.001086078 0.999592900 -0.028511720 -2.626132727 -0.967829943 0.008224347 0.251470625 112.246078491
0.210350558 0.026891815 0.977256000 3.150502682 0.008190067 0.999538004 -0.029267844 -2.644079208 -0.977591634 0.014160302 0.210033134 112.295341492
0.175197199 0.026801957 0.984168410 3.583435059 0.016563257 0.999407709 -0.030165484 -2.654449940 -0.984393954 0.021585945 0.174649507 112.334098816
0.144483194 0.028119877 0.989107609 4.032117844 0.020689642 0.999291778 -0.031431630 -2.668562651 -0.989290893 0.025005624 0.143799067 112.375549316
0.116266742 0.026095847 0.992875099 4.505455017 0.019088825 0.999411464 -0.028502963 -2.691070318 -0.993034542 0.022266768 0.115700170 112.421211243
0.090745658 0.022952886 0.995609522 5.017342567 0.012708260 0.999626279 -0.024203794 -2.703073263 -0.995792985 0.014848854 0.090420052 112.468414307
0.067298949 0.018954458 0.997552752 5.501403809 0.007532148 0.999781370 -0.019504955 -2.720432281 -0.997704387 0.008826378 0.067141488 112.494491577
0.044847861 0.016436176 0.998858571 6.027167320 0.011732400 0.999787092 -0.016978227 -2.739465475 -0.998924971 0.012480446 0.044645481 112.498802185
0.024529571 0.017279841 0.999549687 6.563394547 0.019321876 0.999655664 -0.017755844 -2.755815268 -0.999512315 0.019748719 0.024187252 112.485206604
0.007231605 0.019733282 0.999779105 7.117069244 0.024629192 0.999498427 -0.019905893 -2.772011757 -0.999670446 0.024767702 0.006741972 112.467803955
-0.007810999 0.025148455 0.999653161 7.721817017 0.023454309 0.999413371 -0.024959153 -2.789812803 -0.999694407 0.023251219 -0.008396246 112.479225159
-0.018039256 0.029872481 0.999390841 8.327829361 0.022307901 0.999316752 -0.029467598 -2.797973394 -0.999588370 0.021762742 -0.018693322 112.460899353
-0.024612201 0.029366536 0.999265552 8.948112488 0.024245821 0.999291956 -0.028770125 -2.818063736 -0.999403000 0.023519918 -0.025306791 112.443267822
-0.027271168 0.026709780 0.999271095 9.596708298 0.030580215 0.999197364 -0.025873242 -2.832157612 -0.999160230 0.029852331 -0.028066071 112.422332764
-0.026752194 0.024744058 0.999335766 10.242206573 0.031328674 0.999223232 -0.023902608 -2.861197710 -0.999151111 0.030668415 -0.027506614 112.397308350
-0.024577487 0.024358034 0.999401152 10.941420555 0.030362928 0.999260128 -0.023607904 -2.885376215 -0.999236703 0.029764513 -0.025298884 112.385902405
-0.023046136 0.024953283 0.999422967 11.626579285 0.027162775 0.999335051 -0.024324728 -2.904361486 -0.999365270 0.026586508 -0.023708610 112.374412537
-0.021960989 0.026029665 0.999419928 12.336721420 0.026312472 0.999329746 -0.025449134 -2.924906254 -0.999412477 0.025738318 -0.022631176 112.370010376
-0.020923620 0.026792759 0.999421895 13.061325073 0.025739327 0.999323905 -0.026251256 -2.952880383 -0.999449670 0.025175178 -0.021599103 112.352737427
-0.020443033 0.026541723 0.999438584 13.810403824 0.024942134 0.999349952 -0.026029186 -2.973285437 -0.999479830 0.024396017 -0.021091752 112.349830627
-0.019806759 0.025142280 0.999487638 14.566441536 0.024168385 0.999403656 -0.024661224 -2.999649763 -0.999511600 0.023667544 -0.020402597 112.339279175
-0.018951474 0.023483545 0.999544621 15.318335533 0.025102533 0.999420106 -0.023004679 -3.035799265 -0.999505222 0.024655130 -0.019529985 112.316223145
-0.019619849 0.021292837 0.999580741 16.103361130 0.025415670 0.999460697 -0.020791421 -3.060458183 -0.999484420 0.024997089 -0.020150442 112.305793762
-0.021147696 0.019620905 0.999583960 16.888790131 0.022139262 0.999571383 -0.019152272 -3.089707375 -0.999531269 0.021725023 -0.021573028 112.299720764
-0.021768067 0.018589586 0.999590218 17.676191330 0.022770332 0.999576926 -0.018093472 -3.110556126 -0.999503672 0.022367142 -0.022182148 112.274192810
-0.022784155 0.016343987 0.999606788 18.473056793 0.025068175 0.999561310 -0.015771860 -3.127823591 -0.999426126 0.024698971 -0.023183873 112.253021240
-0.024559643 0.014612610 0.999591529 19.287176132 0.026352592 0.999555171 -0.013964604 -3.151524544 -0.999351025 0.025998868 -0.024933798 112.241744995
-0.026102707 0.013493078 0.999568284 20.110652924 0.024066087 0.999627471 -0.012865422 -3.183351517 -0.999369562 0.023719877 -0.026417712 112.220718384
-0.026606413 0.018403873 0.999476612 20.929632187 0.020691922 0.999626398 -0.017855808 -3.207812309 -0.999431729 0.020206016 -0.026977282 112.198005676
-0.027604805 0.023034163 0.999353528 21.764194489 0.021999158 0.999506295 -0.022430006 -3.231871128 -0.999376714 0.021365762 -0.028097909 112.180801392
-0.028775558 0.024904268 0.999275625 22.602327347 0.021935426 0.999464571 -0.024277315 -3.256509542 -0.999345243 0.021220945 -0.029306436 112.158874512
-0.030642485 0.022716388 0.999272227 23.450025558 0.018496392 0.999583304 -0.022156274 -3.287177563 -0.999359250 0.017804004 -0.031049889 112.148307800
-0.031042974 0.018158341 0.999353051 24.290683746 0.015766617 0.999719441 -0.017675238 -3.321053028 -0.999393582 0.015207725 -0.031320561 112.122192383
-0.031525467 0.012876811 0.999419928 25.147373199 0.014305524 0.999820411 -0.012430718 -3.347925186 -0.999400496 0.013905343 -0.031704009 112.103874207
-0.031368855 0.006919225 0.999483824 25.994878769 0.010787408 0.999920130 -0.006583681 -3.374550104 -0.999449611 0.010575317 -0.031440988 112.079048157
-0.031602934 0.005316920 0.999486327 26.844232559 0.007827756 0.999956548 -0.005071915 -3.403842211 -0.999469757 0.007663449 -0.031643178 112.069458008
-0.030404139 0.012739484 0.999456525 27.677734375 0.010211302 0.999870479 -0.012434126 -3.428775549 -0.999485433 0.009827704 -0.030530287 112.033470154
-0.028969008 0.023955580 0.999293268 28.506931305 0.012984338 0.999637365 -0.023587422 -3.451999187 -0.999495924 0.012291856 -0.029269554 112.004440308
-0.028916623 0.029541329 0.999145210 29.342655182 0.014819866 0.999465883 -0.029121902 -3.472135067 -0.999471843 0.013965091 -0.029338976 111.990142822
-0.028029060 0.023946039 0.999320209 30.187376022 0.016183551 0.999592721 -0.023498653 -3.508504391 -0.999476135 0.015513904 -0.028405176 111.973495483
-0.026609631 0.015996542 0.999517858 31.019401550 0.019503849 0.999689817 -0.015480056 -3.542138577 -0.999455631 0.019082529 -0.026913375 111.940773010
-0.025834238 0.013338647 0.999577165 31.848892212 0.021071149 0.999696076 -0.012795645 -3.566893339 -0.999444127 0.020731676 -0.026107445 111.918380737
-0.026291532 0.013980310 0.999556482 32.669521332 0.019900758 0.999711394 -0.013459021 -3.593194246 -0.999456227 0.019538075 -0.026562162 111.905097961
-0.027280791 0.014427215 0.999523699 33.488143921 0.015972516 0.999774396 -0.013994887 -3.625987530 -0.999500215 0.015583116 -0.027505077 111.890800476
-0.029207727 0.014505888 0.999468029 34.309112549 0.014075820 0.999801517 -0.014099385 -3.650246143 -0.999474227 0.013656527 -0.029406115 111.872932434
-0.031409614 0.014589352 0.999400079 35.119709015 0.013942139 0.999802589 -0.014157047 -3.674350262 -0.999409318 0.013489112 -0.031606823 111.849617004
-0.033322684 0.014878108 0.999333918 35.927589417 0.012672003 0.999815166 -0.014462726 -3.701809406 -0.999364257 0.012181628 -0.033505060 111.828155518
-0.035719290 0.014864361 0.999251366 36.758636475 0.010294109 0.999841750 -0.014505171 -3.731207371 -0.999308825 0.009768290 -0.035866655 111.818939209
-0.037886661 0.014175674 0.999181449 37.534721375 0.009532812 0.999858975 -0.013823824 -3.755220413 -0.999236524 0.009001271 -0.038016453 111.790550232
-0.040007677 0.013065698 0.999113977 38.325824738 0.009881780 0.999870718 -0.012679898 -3.780866385 -0.999150455 0.009365732 -0.040131625 111.760429382
-0.041794356 0.012806298 0.999044180 39.106132507 0.009353497 0.999879003 -0.012425703 -3.811659098 -0.999082386 0.008825233 -0.041909084 111.727890015
-0.043912716 0.014085784 0.998936117 39.901737213 0.009547614 0.999860883 -0.013679116 -3.832872629 -0.998989761 0.008936770 -0.044041093 111.703666687
-0.044609465 0.014319037 0.998901904 40.672657013 0.010311030 0.999850690 -0.013872162 -3.857404470 -0.998951256 0.009680879 -0.044750448 111.663490295
-0.045168608 0.012981554 0.998894989 41.426368713 0.012635205 0.999843001 -0.012422529 -3.883355618 -0.998899460 0.012060134 -0.045325540 111.619140625
-0.046810165 0.012352359 0.998827398 42.202552795 0.012619106 0.999851108 -0.011773623 -3.907742023 -0.998824060 0.012053184 -0.046959069 111.590347290
-0.048286259 0.012060552 0.998760641 42.965358734 0.011568408 0.999866784 -0.011514620 -3.930881739 -0.998766541 0.010998074 -0.048419345 111.560607910
-0.049653523 0.010910291 0.998706877 43.729499817 0.009628186 0.999899089 -0.010444623 -3.954145908 -0.998720050 0.009097124 -0.049753562 111.533592224
-0.050978202 0.009817437 0.998651505 44.464069366 0.008306386 0.999921262 -0.009405903 -3.978561640 -0.998665214 0.007815691 -0.051055726 111.506538391
-0.052328724 0.009348061 0.998586118 45.197505951 0.008367354 0.999925196 -0.008922121 -4.006810188 -0.998594880 0.007888641 -0.052403018 111.484901428
-0.051101528 0.012206349 0.998618841 45.869270325 0.008724931 0.999892533 -0.011775445 -4.018878460 -0.998655379 0.008111136 -0.051202539 111.428703308
-0.051476445 0.015236213 0.998557985 46.572257996 0.009168356 0.999848664 -0.014783273 -4.041103840 -0.998632193 0.008394144 -0.051608339 111.401382446
-0.051284492 0.016816525 0.998542488 47.270233154 0.007120995 0.999838889 -0.016472632 -4.063079834 -0.998658776 0.006265825 -0.051395979 111.367309570
-0.052068595 0.017449362 0.998491049 47.975940704 0.007509447 0.999825895 -0.017081091 -4.092572689 -0.998615205 0.006608726 -0.052190572 111.342796326
-0.051941790 0.017266044 0.998500824 48.673900604 0.008864295 0.999819100 -0.016827719 -4.115322113 -0.998610675 0.007976943 -0.052085444 111.307411194
-0.052667517 0.016664099 0.998473048 49.362743378 0.009549017 0.999823511 -0.016182944 -4.141152859 -0.998566389 0.008682121 -0.052817348 111.276847839
-0.052285910 0.017216597 0.998483717 50.044361115 0.006366506 0.999836862 -0.016906543 -4.158517838 -0.998611748 0.005472878 -0.052386988 111.241691589
-0.052100729 0.016832480 0.998499930 50.734027863 0.003396101 0.999855042 -0.016678117 -4.192301273 -0.998635948 0.002522065 -0.052150343 111.214225769
-0.052199401 0.015323420 0.998519063 51.423614502 0.004848443 0.999874234 -0.015090756 -4.217858315 -0.998624861 0.004053535 -0.052267134 111.185646057
-0.053504333 0.015128569 0.998452961 52.108295441 0.005681229 0.999873638 -0.014845649 -4.235909939 -0.998551369 0.004878134 -0.053583521 111.156120300
-0.056514442 0.014015377 0.998303354 52.754257202 0.001881518 0.999901116 -0.013931295 -4.265538216 -0.998399913 0.001091006 -0.056535229 111.114410400
-0.061747745 0.013640266 0.997998536 53.430938721 -0.001633634 0.999903798 -0.013767383 -4.286636829 -0.998090446 -0.002480469 -0.061719522 111.083274841
-0.067567192 0.017932640 0.997553468 54.106563568 0.001920285 0.999839067 -0.017843654 -4.303688049 -0.997712910 0.000709941 -0.067590743 111.028816223
-0.074049398 0.020828890 0.997036934 54.774101257 0.004517881 0.999778748 -0.020550618 -4.323246002 -0.997244358 0.002982734 -0.074127108 110.974983215
-0.081091926 0.022109609 0.996461332 55.446533203 0.003335069 0.999754429 -0.021911263 -4.349673271 -0.996701181 0.001546441 -0.081145741 110.918159485
-0.087932751 0.021083577 0.995903254 56.138923645 -0.000654834 0.999774516 -0.021223351 -4.375777245 -0.996126235 -0.002518379 -0.087899134 110.870796204
-0.093294568 0.020393169 0.995429635 56.827522278 -0.000787155 0.999788404 -0.020556236 -4.396744728 -0.995638311 -0.002701344 -0.093258776 110.807548523
-0.098468453 0.021118494 0.994916022 57.530681610 -0.002760124 0.999765098 -0.021494597 -4.419990063 -0.995136321 -0.004862632 -0.098387055 110.753974915
-0.101797104 0.019628670 0.994611561 58.215278625 -0.005270375 0.999780595 -0.020270104 -4.453840733 -0.994791210 -0.007305414 -0.101671323 110.678825378
-0.104320638 0.016742006 0.994402766 58.920886993 -0.004512606 0.999840021 -0.017306961 -4.471569061 -0.994533479 -0.006292821 -0.104228407 110.608551025
-0.105524108 0.013947665 0.994318962 59.627479553 -0.002523455 0.999894619 -0.014293686 -4.489902973 -0.994413435 -0.004017448 -0.105477795 110.525077820
-0.106945865 0.010517265 0.994209230 60.350528717 -0.003325468 0.999934673 -0.010935551 -4.520412445 -0.994259298 -0.004475723 -0.106903903 110.450958252
-0.108305924 0.009713247 0.994070172 61.080745697 -0.004614078 0.999936461 -0.010273284 -4.544140339 -0.994106948 -0.005699375 -0.108254239 110.380477905
-0.109270371 0.013913235 0.993914723 61.821445465 -0.002380076 0.999895513 -0.014258620 -4.557777882 -0.994009256 -0.003923638 -0.109225847 110.308242798
-0.109598592 0.017912196 0.993814409 62.546394348 0.003611063 0.999838173 -0.017622530 -4.582048416 -0.993969262 0.001657322 -0.109645523 110.220420837
-0.110318340 0.022977551 0.993630588 63.289325714 0.011091051 0.999698937 -0.021886488 -4.605751038 -0.993834317 0.008605927 -0.110539958 110.132995605
-0.110511862 0.023319365 0.993601143 64.025733948 0.010873531 0.999693215 -0.022252949 -4.633539677 -0.993815243 0.008344738 -0.110731520 110.044174194
-0.111799426 0.021172451 0.993505120 64.795349121 0.009033232 0.999753296 -0.020289090 -4.661348343 -0.993689656 0.006706254 -0.111963101 109.979331970
-0.111375995 0.017001955 0.993632793 65.543586731 0.010234905 0.999820173 -0.015960597 -4.679865837 -0.993725598 0.008392110 -0.111529984 109.889678955
-0.111168228 0.015104087 0.993686736 66.281211853 0.012878002 0.999822378 -0.013756629 -4.706387043 -0.993718147 0.011267400 -0.111342989 109.799530029
-0.112215228 0.014555033 0.993577242 67.029014587 0.012766379 0.999831200 -0.013204807 -4.731292725 -0.993601918 0.011202603 -0.112382099 109.719718933
-0.114094183 0.015353347 0.993351221 67.777854919 0.011163451 0.999837220 -0.014171386 -4.755822182 -0.993407130 0.009472357 -0.114247009 109.643890381
-0.116115429 0.016230052 0.993103147 68.519607544 0.011061961 0.999825537 -0.015046533 -4.781325817 -0.993174076 0.009238532 -0.116274692 109.556739807
-0.118284367 0.016359637 0.992844999 69.260284424 0.012051989 0.999814212 -0.015038636 -4.806654930 -0.992906570 0.010186922 -0.118459553 109.470771790
-0.120054558 0.016607946 0.992628396 70.001052856 0.012253042 0.999808788 -0.015246119 -4.827934742 -0.992691576 0.010332354 -0.120235085 109.379844666
-0.122162469 0.016481871 0.992373288 70.752609253 0.012073377 0.999812782 -0.015119185 -4.849570751 -0.992436707 0.010134300 -0.122338593 109.292137146
-0.123779878 0.016641401 0.992170155 71.503471375 0.009685995 0.999831915 -0.015561515 -4.872697353 -0.992262363 0.007683954 -0.123920225 109.204895020
-0.124977037 0.018077526 0.991994917 72.257225037 0.009303235 0.999811530 -0.017047897 -4.898701668 -0.992115974 0.007098167 -0.125121638 109.115638733
-0.125893265 0.018397953 0.991873145 73.013198853 0.008171993 0.999813318 -0.017508008 -4.922160149 -0.992010176 0.005901441 -0.126020104 109.023056030
-0.127054185 0.018440453 0.991724312 73.777862549 0.007717685 0.999815345 -0.017602153 -4.948318005 -0.991865754 0.005417390 -0.127173021 108.925773621
-0.128417864 0.017371716 0.991567969 74.568267822 0.008558338 0.999828756 -0.016408052 -4.959597588 -0.991683185 0.006379087 -0.128544539 108.838180542
-0.129370332 0.015045200 0.991482198 75.346061707 0.006502436 0.999876201 -0.014324128 -4.983074665 -0.991575003 0.004593932 -0.129452154 108.740615845
-0.131291568 0.013157425 0.991256475 76.131477356 0.002949553 0.999912739 -0.012881653 -5.001330853 -0.991339386 0.001232511 -0.131318897 108.647163391
-0.133205771 0.012470470 0.991009951 76.914482117 0.004538281 0.999917984 -0.011972553 -5.021828651 -0.991078019 0.002902668 -0.133251444 108.536903381
-0.134835303 0.013166119 0.990780532 77.711051941 0.005894269 0.999904573 -0.012485214 -5.042871952 -0.990850508 0.004156480 -0.134900033 108.432907104
-0.137216166 0.014554633 0.990434170 78.511543274 0.005078028 0.999889195 -0.013990058 -5.061994076 -0.990528107 0.003109790 -0.137274876 108.326118469
-0.138944298 0.017628038 0.990143359 79.307579041 0.006103334 0.999837697 -0.016944170 -5.093001366 -0.990281403 0.003688879 -0.139029354 108.219963074
-0.139229685 0.021487711 0.990027070 80.107093811 0.008614244 0.999752939 -0.020487368 -5.118009567 -0.990222692 0.005675885 -0.139380381 108.105155945
-0.140254423 0.025201309 0.989794672 80.916221619 0.009035701 0.999666929 -0.024172308 -5.156597614 -0.990074277 0.005553217 -0.140435383 107.985572815
-0.140181452 0.026401563 0.989773810 81.743278503 0.011301467 0.999621868 -0.025063634 -5.185441971 -0.990061343 0.007672439 -0.140426815 107.872070312
-0.139431566 0.025816396 0.989895165 82.575569153 0.014605304 0.999604940 -0.024012400 -5.215813160 -0.990123987 0.011109633 -0.139753520 107.753631592
-0.139193714 0.023896925 0.989976823 83.398353577 0.015333709 0.999640822 -0.021974241 -5.246785641 -0.990146458 0.012121339 -0.139510140 107.629806519
-0.138063550 0.022312295 0.990172029 84.239395142 0.014684882 0.999682426 -0.020479031 -5.276710033 -0.990314484 0.011713155 -0.138347328 107.515647888
-0.137065709 0.019601863 0.990367949 85.091285706 0.013573762 0.999747455 -0.017908912 -5.306782722 -0.990468919 0.010988320 -0.137297168 107.420738220
-0.135784239 0.016420718 0.990602255 85.948265076 0.014127557 0.999793112 -0.014636567 -5.332588196 -0.990637660 0.012007373 -0.135988116 107.314300537
-0.133849025 0.012915476 0.990917504 86.796600342 0.014384921 0.999835074 -0.011088647 -5.360221386 -0.990897298 0.012770064 -0.134012714 107.197570801
-0.132156849 0.012923056 0.991144478 87.650451660 0.012594345 0.999856234 -0.011357344 -5.384943962 -0.991148770 0.010981866 -0.132300586 107.093231201
-0.130947188 0.017008945 0.991243362 88.503532410 0.013133856 0.999794900 -0.015420645 -5.413143158 -0.991302311 0.010999559 -0.131143719 106.985382080
-0.128726542 0.023464084 0.991402447 89.352600098 0.014373861 0.999659181 -0.021793155 -5.437685490 -0.991575897 0.011444925 -0.129019931 106.875389099
-0.127510801 0.026902413 0.991472304 90.204452515 0.012083402 0.999600172 -0.025568925 -5.463784218 -0.991763592 0.008720042 -0.127784893 106.776222229
-0.126028836 0.024372635 0.991727233 91.066131592 0.010863603 0.999672115 -0.023187336 -5.495592594 -0.991967082 0.007851455 -0.126252323 106.671730042
