1.000000000 -0.000000000 0.000000000 0.000000030 -0.000000000 0.999999940 0.000000000 0.000000030 0.000000000 0.000000000 0.999999940 -0.000000119
0.999997675 -0.001608841 -0.001431656 -0.002627453 0.001607518 0.999998212 -0.000924857 -0.007729880 0.001433141 0.000922554 0.999998510 0.563924432
0.999995530 -0.001803159 -0.002396512 -0.007868322 0.001796955 0.999994993 -0.002588122 -0.017516483 0.002401167 0.002583804 0.999993742 1.119439363
0.999986589 -0.002528743 -0.004518867 -0.009188272 0.002512734 0.999990523 -0.003544774 -0.035198562 0.004527788 0.003533372 0.999983430 1.684986830
0.999970198 -0.004361452 -0.006371733 -0.019954693 0.004326148 0.999975204 -0.005543869 -0.041346133 0.006395754 0.005516139 0.999964297 2.252055645
0.999951541 -0.007003608 -0.006926675 -0.043945670 0.006953161 0.999949336 -0.007280583 -0.060959905 0.006977314 0.007232067 0.999949455 2.798519611
0.999931633 -0.008194985 -0.008336002 -0.051625550 0.008128973 0.999935508 -0.007922106 -0.073565155 0.008400389 0.007853803 0.999933839 3.368495941
0.999920428 -0.008195943 -0.009589219 -0.063873008 0.008126527 0.999940634 -0.007255593 -0.086361066 0.009648114 0.007177089 0.999927640 3.948866606
0.999905825 -0.008627106 -0.010677445 -0.073550403 0.008544732 0.999933541 -0.007736300 -0.099896528 0.010743478 0.007644336 0.999913037 4.544408798
0.999896646 -0.008040101 -0.011922201 -0.083719343 0.007915657 0.999914110 -0.010448722 -0.115805313 0.012005186 0.010353271 0.999874353 5.138219833
0.999894679 -0.006378663 -0.013044276 -0.099699467 0.006193646 0.999880254 -0.014175290 -0.131442025 0.013133136 0.014093004 0.999814391 5.740926266
0.999881446 -0.005233434 -0.014485207 -0.113313302 0.004974428 0.999827981 -0.017859485 -0.144245058 0.014576185 0.017785311 0.999735594 6.358273029
0.999872804 -0.003313536 -0.015601907 -0.131138831 0.003034279 0.999835312 -0.017888695 -0.158020854 0.015658613 0.017839080 0.999718189 6.986392975
0.999857128 -0.001174979 -0.016858747 -0.143484443 0.000988193 0.999938011 -0.011083486 -0.166712493 0.016870726 0.011065247 0.999796331 7.627124310
0.999851942 -0.000009203 -0.017204409 -0.163655192 0.000000608 0.999999821 -0.000499493 -0.180352211 0.017204411 0.000499411 0.999851823 8.284315109
0.999833584 0.000530789 -0.018236602 -0.179513097 -0.000416408 0.999980211 0.006275294 -0.192164123 0.018239571 -0.006266654 0.999813974 8.970084190
0.999802530 0.002957606 -0.019651780 -0.198247746 -0.002860151 0.999983430 0.004985362 -0.205093086 0.019666199 -0.004928172 0.999794424 9.658206940
0.999783635 0.004863035 -0.020224826 -0.221637607 -0.004907234 0.999985635 -0.002136343 -0.211175844 0.020214146 0.002235128 0.999793231 10.350924492
0.999760628 0.004591792 -0.021394718 -0.241275594 -0.004766167 0.999955714 -0.008106496 -0.211347952 0.021356545 0.008206524 0.999738216 11.060106277
0.999742150 0.002160094 -0.022603121 -0.256810635 -0.002306519 0.999976397 -0.006454002 -0.214332849 0.022588646 0.006504472 0.999723673 11.797671318
0.999735415 0.001823282 -0.022932291 -0.280565828 -0.001760133 0.999994576 0.002773612 -0.227910310 0.022937223 -0.002732514 0.999733090 12.565614700
0.999728739 0.001282456 -0.023259036 -0.301622599 -0.001043639 0.999946654 0.010276992 -0.233579278 0.023270970 -0.010249928 0.999676645 13.340074539
0.999718428 0.000551313 -0.023722004 -0.326307535 -0.000252239 0.999920487 0.012608593 -0.234573156 0.023727069 -0.012599058 0.999639034 14.129726410
0.999713421 -0.001290253 -0.023911415 -0.345492542 0.001569413 0.999930799 0.011659684 -0.234770283 0.023894709 -0.011693868 0.999646008 14.934890747
0.999727666 -0.001856814 -0.023257827 -0.368612349 0.002071587 0.999955356 0.009213766 -0.236248076 0.023239683 -0.009259441 0.999687016 15.767847061
0.999742031 0.000846038 -0.022691237 -0.392238021 -0.000710139 0.999981761 0.005996409 -0.238706708 0.022695895 -0.005978749 0.999724567 16.605863571
0.999755263 -0.002466478 -0.021982236 -0.411386639 0.002469845 0.999996841 0.000125981 -0.240691632 0.021981860 -0.000180244 0.999758363 17.463302612
0.999758840 -0.005210306 -0.021332677 -0.427520096 0.005084171 0.999969184 -0.005962696 -0.252753854 0.021363091 0.005852801 0.999754667 18.332073212
0.999783278 -0.004215464 -0.020385414 -0.444632888 0.003981593 0.999925971 -0.011499429 -0.263520658 0.020432381 0.011415771 0.999726057 19.245338440
0.999795973 -0.003034367 -0.019967563 -0.470758975 0.002788806 0.999920368 -0.012314331 -0.278813124 0.020003337 0.012256134 0.999724805 20.150798798
0.999778211 -0.002983396 -0.020848138 -0.486312747 0.002738141 0.999926925 -0.011782497 -0.297199249 0.020881766 0.011722798 0.999713182 21.088628769
0.999791443 -0.001431199 -0.020369789 -0.518639684 0.001165762 0.999914289 -0.013036754 -0.323217809 0.020386705 0.013010290 0.999707520 22.026115417
0.999791563 0.001745062 -0.020339878 -0.537020802 -0.002054616 0.999882162 -0.015208156 -0.344744682 0.020310942 0.015246778 0.999677360 22.996345520
0.999772727 0.004996739 -0.020722723 -0.562683642 -0.005330297 0.999856532 -0.016072301 -0.367679298 0.020639442 0.016179105 0.999656022 23.961650848
0.999766886 0.006803665 -0.020487089 -0.596306026 -0.007133291 0.999845505 -0.016059557 -0.393830717 0.020374663 0.016201954 0.999661088 24.940549850
0.999757886 0.007745626 -0.020595284 -0.624836922 -0.008078055 0.999837518 -0.016107067 -0.420535535 0.020467183 0.016269539 0.999658048 25.916385651
0.999751866 0.007249538 -0.021058660 -0.641666889 -0.007592631 0.999838889 -0.016258184 -0.444488257 0.020937402 0.016414041 0.999646068 26.890214920
0.999732792 0.008783545 -0.021382414 -0.663155258 -0.009100465 0.999849379 -0.014769626 -0.483831286 0.021249466 0.014960268 0.999662280 27.917360306
0.999720275 0.009457964 -0.021678511 -0.689404368 -0.009728488 0.999875605 -0.012407577 -0.514198124 0.021558465 0.012615003 0.999687970 28.936609268
0.999711990 0.010064200 -0.021788884 -0.718638480 -0.010311964 0.999883056 -0.011288889 -0.541666269 0.021672724 0.011510324 0.999698818 29.954591751
0.999701262 0.010572411 -0.022035478 -0.741734624 -0.010847437 0.999864280 -0.012399254 -0.565452278 0.021901397 0.012634578 0.999680281 30.992525101
0.999689817 0.011199161 -0.022242386 -0.772918940 -0.011501049 0.999842823 -0.013491427 -0.594712019 0.022087796 0.013743053 0.999661505 32.004661560
0.999686718 0.010772546 -0.022592906 -0.801672280 -0.011058789 0.999859631 -0.012583209 -0.621260405 0.022454182 0.012829117 0.999665439 33.039718628
0.999673784 0.010628052 -0.023221517 -0.830981076 -0.010865319 0.999889791 -0.010115419 -0.644641280 0.023111451 0.010364430 0.999679089 34.095798492
0.999667585 0.010542381 -0.023525747 -0.865588784 -0.010699251 0.999921262 -0.006552232 -0.669577301 0.023454823 0.006801762 0.999701679 35.148044586
0.999654591 0.010638295 -0.024028445 -0.895321012 -0.010742875 0.999933243 -0.004227506 -0.691210210 0.023981871 0.004484181 0.999702334 36.231105804
0.999643505 0.010940654 -0.024353933 -0.929024458 -0.011035046 0.999932051 -0.003744915 -0.709379077 0.024311300 0.004012327 0.999696434 37.302639008
0.999631345 0.010225280 -0.025154714 -0.956313074 -0.010354888 0.999933660 -0.005027617 -0.733312786 0.025101637 0.005286238 0.999670923 38.392570496
0.999608755 0.010754905 -0.025823249 -0.992682815 -0.010905336 0.999924302 -0.005691734 -0.751334965 0.025760079 0.005971118 0.999650359 39.472278595
0.999601722 0.010153650 -0.026330523 -1.028255343 -0.010273137 0.999937475 -0.004406604 -0.777664244 0.026284132 0.004675344 0.999643683 40.555576324
0.999570489 0.010837733 -0.027228706 -1.063306093 -0.010910881 0.999937177 -0.002539297 -0.794426322 0.027199479 0.002835296 0.999626040 41.642715454
0.999560297 0.010132944 -0.027864723 -1.101179957 -0.010128994 0.999948621 0.000282990 -0.821579397 0.027866155 -0.000000625 0.999611676 42.735671997
0.999537110 0.011858861 -0.028016707 -1.146744251 -0.011860303 0.999929547 0.000114776 -0.843873680 0.028016096 0.000217562 0.999607503 43.811183929
0.999501824 0.013258973 -0.028638478 -1.169628620 -0.013369649 0.999903858 -0.003676539 -0.866603255 0.028586980 0.004057594 0.999582946 44.904064178
0.999491453 0.014389244 -0.028455906 -1.210029006 -0.014616082 0.999862850 -0.007779701 -0.887495875 0.028340057 0.008191658 0.999564648 45.984741211
0.999478698 0.014987340 -0.028594187 -1.247890711 -0.015230841 0.999849319 -0.008316989 -0.909229398 0.028465228 0.008748166 0.999556422 47.065029144
0.999473453 0.015714817 -0.028386565 -1.286419511 -0.015880005 0.999858141 -0.005603234 -0.934394002 0.028294485 0.006051062 0.999581158 48.167270660
0.999479294 0.015729651 -0.028175978 -1.325166464 -0.015828367 0.999869287 -0.003283933 -0.962804854 0.028120644 0.003728202 0.999597609 49.264701843
0.999500036 0.014145977 -0.028276794 -1.358017206 -0.014205916 0.999897242 -0.001919947 -0.985356212 0.028246729 0.002320685 0.999598324 50.352920532
0.999505401 0.014243443 -0.028034816 -1.392490506 -0.014324901 0.999893725 -0.002706907 -1.009715676 0.027993280 0.003107165 0.999603331 51.444770813
0.999523103 0.013519990 -0.027761597 -1.430832148 -0.013661089 0.999894679 -0.004899222 -1.028184414 0.027692437 0.005276140 0.999602556 52.534244537
0.999529064 0.013574138 -0.027526258 -1.458639741 -0.013764172 0.999882579 -0.006725902 -1.058421612 0.027431730 0.007101609 0.999598324 53.613372803
0.999548376 0.012904921 -0.027139127 -1.493292809 -0.013162102 0.999869883 -0.009319206 -1.084818602 0.027015334 0.009672205 0.999588072 54.703861237
0.999572635 0.011399389 -0.026919592 -1.528352976 -0.011739577 0.999852836 -0.012513055 -1.119493246 0.026772985 0.012823731 0.999559224 55.793037415
0.999595702 0.009808874 -0.026682513 -1.560223460 -0.010185657 0.999849737 -0.014021927 -1.155538559 0.026540961 0.014288037 0.999545574 56.876106262
0.999616742 0.008113462 -0.026466064 -1.592123032 -0.008421854 0.999897659 -0.011561881 -1.187602520 0.026369549 0.011780345 0.999582827 57.964466095
0.999630809 0.006937741 -0.026271282 -1.622258544 -0.007082227 0.999960244 -0.005410764 -1.217248917 0.026232699 0.005594828 0.999640167 59.055450439
0.999645114 0.005224909 -0.026120512 -1.649097919 -0.005231007 0.999986291 -0.000165167 -1.230757833 0.026119288 0.000301745 0.999658763 60.153892517
0.999646127 0.003532233 -0.026365014 -1.675598383 -0.003524635 0.999993682 0.000334663 -1.247756958 0.026366029 -0.000241617 0.999652267 61.247161865
0.999666154 0.000438185 -0.025829131 -1.707651258 -0.000498904 0.999997079 -0.002344380 -1.269274354 0.025828034 0.002356484 0.999663591 62.336166382
0.999666929 -0.001255705 -0.025777658 -1.737075686 0.001109257 0.999983132 -0.005694697 -1.292686462 0.025784379 0.005664205 0.999651492 63.430290222
0.999670208 0.000950875 -0.025664568 -1.775806189 -0.001199367 0.999952495 -0.009668622 -1.319356561 0.025654154 0.009696214 0.999623895 64.516891479
0.999669015 0.001228313 -0.025696224 -1.805066824 -0.001587346 0.999901295 -0.013956460 -1.346320271 0.025676545 0.013992630 0.999572337 65.600288391
0.999674499 0.003886262 -0.025214508 -1.838380575 -0.004259154 0.999882102 -0.014751995 -1.374776363 0.025154203 0.014854587 0.999573231 66.702438354
0.999676883 0.008008510 -0.024122970 -1.881854177 -0.008271459 0.999907255 -0.010820461 -1.414453983 0.024034077 0.011016498 0.999650359 67.804450989
0.999667406 0.009417548 -0.024009824 -1.915328979 -0.009634327 0.999913812 -0.008929062 -1.437960148 0.023923665 0.009157409 0.999671757 68.898063660
0.999669611 0.008483331 -0.024262618 -1.940227151 -0.008679599 0.999930441 -0.007995446 -1.466965199 0.024193097 0.008203396 0.999673605 69.994033813
0.999683619 0.007425988 -0.024030030 -1.976505280 -0.007601569 0.999944925 -0.007223697 -1.496378422 0.023975067 0.007404078 0.999685109 71.107818604
0.999686658 0.006399265 -0.024196776 -2.006497145 -0.006534457 0.999963403 -0.005512325 -1.526805997 0.024160618 0.005668711 0.999691963 72.201271057
0.999689162 0.004608755 -0.024498826 -2.035143852 -0.004699260 0.999982238 -0.003638007 -1.550553560 0.024481630 0.003752002 0.999693215 73.298332214
0.999672532 0.003701169 -0.025323551 -2.068559647 -0.003749999 0.999991179 -0.001881021 -1.578775287 0.025316367 0.001975368 0.999677479 74.400108337
0.999670267 0.003053306 -0.025500104 -2.105017662 -0.003130304 0.999990642 -0.002980116 -1.604331970 0.025490766 0.003058956 0.999670327 75.491020203
0.999649227 0.003148286 -0.026295744 -2.135321379 -0.003328258 0.999971330 -0.006803173 -1.630118608 0.026273573 0.006888306 0.999631047 76.574432373
0.999620855 0.003649832 -0.027290273 -2.164122343 -0.003892988 0.999953210 -0.008862159 -1.655338764 0.027256649 0.008965041 0.999588251 77.656005859
0.999599636 0.005511438 -0.027753348 -2.203375101 -0.005716102 0.999956965 -0.007300531 -1.682206631 0.027711911 0.007456249 0.999588132 78.737236023
0.999577165 0.006744212 -0.028285595 -2.242039680 -0.006838300 0.999971330 -0.003231002 -1.702195883 0.028262990 0.003423061 0.999594688 79.809410095
0.999556780 0.007644220 -0.028770620 -2.279101610 -0.007610315 0.999970198 0.001287775 -1.736567020 0.028779609 -0.001068251 0.999585092 80.892646790
0.999525666 0.008857729 -0.029494753 -2.317778111 -0.008811316 0.999959707 0.001703212 -1.752650857 0.029508652 -0.001442517 0.999563396 81.964530945
0.999519050 0.008798894 -0.029734429 -2.359498501 -0.008815215 0.999961019 -0.000417841 -1.770447612 0.029729597 0.000679756 0.999557734 83.034416199
0.999504089 0.008440495 -0.030339185 -2.399338484 -0.008471091 0.999963760 -0.000880157 -1.798286676 0.030330662 0.001136726 0.999539196 84.102531433
0.999497354 0.007773159 -0.030734278 -2.435782909 -0.007803979 0.999969125 -0.000882966 -1.821492910 0.030726470 0.001122372 0.999527156 85.154235840
0.999477148 0.006404520 -0.031688802 -2.471861362 -0.006431737 0.999979079 -0.000757042 -1.837180138 0.031683289 0.000960460 0.999497533 86.199119568
0.999465704 0.005423000 -0.032230284 -2.506474257 -0.005406638 0.999985158 0.000594772 -1.863708854 0.032233030 -0.000420197 0.999480247 87.232986450
0.999454200 0.005791253 -0.032523762 -2.546756029 -0.005684910 0.999978185 0.003361247 -1.884764910 0.032542516 -0.003174517 0.999465287 88.236114502
0.999421179 0.004622418 -0.033704847 -2.586445570 -0.004478983 0.999980628 0.004329898 -1.906584144 0.033724215 -0.004176428 0.999422431 89.213989258
0.999351084 0.003497560 -0.035849173 -2.624689102 -0.003340272 0.999984562 0.004446432 -1.923666954 0.035864174 -0.004323801 0.999347270 90.186378479
0.999233305 0.002470635 -0.039073091 -2.665364504 -0.002326075 0.999990284 0.003744751 -1.944195271 0.039081965 -0.003650993 0.999229312 91.118545532
0.999098480 0.002443531 -0.042380571 -2.712090492 -0.002334006 0.999993801 0.002633584 -1.960543513 0.042386748 -0.002532293 0.999098122 92.040138245
0.998964489 0.002159745 -0.045445032 -2.762339592 -0.002020676 0.999993086 0.003105883 -1.978537917 0.045451425 -0.003010836 0.998961926 92.935157776
0.998814046 0.003348689 -0.048570555 -2.812103987 -0.003146143 0.999985993 0.004245983 -1.996128678 0.048584092 -0.004088138 0.998810649 93.801040649
0.998661697 0.004032823 -0.051561374 -2.865785599 -0.003760221 0.999978364 0.005382829 -2.012698174 0.051581971 -0.005181743 0.998655260 94.646614075
0.998487890 0.005419108 -0.054704279 -2.915018797 -0.005057185 0.999964356 0.006752231 -2.025038958 0.054738916 -0.006465370 0.998479724 95.462799072
0.998355567 0.006638166 -0.056938499 -2.974056005 -0.006215325 0.999951720 0.007600127 -2.039410591 0.056986209 -0.007233737 0.998348713 96.251907349
0.998175144 0.008783245 -0.059743274 -3.022005796 -0.008298207 0.999930501 0.008361937 -2.061746359 0.059812576 -0.007850916 0.998178720 97.015129089
0.997968018 0.010319468 -0.062875636 -3.069593430 -0.009887160 0.999925315 0.007182853 -2.074158192 0.062945053 -0.006546597 0.997995496 97.746559143
0.997814834 0.011785702 -0.065013856 -3.131444693 -0.011573615 0.999926329 0.003637830 -2.094301701 0.065051928 -0.002877435 0.997877717 98.437927246
0.997609973 0.014255701 -0.067610703 -3.187699318 -0.014300284 0.999897718 -0.000175474 -2.103191137 0.067601293 0.001141909 0.997711778 99.112663269
0.997449815 0.015958749 -0.069563352 -3.235580444 -0.016190480 0.999865055 -0.002768615 -2.124218225 0.069509752 0.003887819 0.997573614 99.755821228
0.997345984 0.018167296 -0.070505589 -3.284610510 -0.018474685 0.999822319 -0.003710027 -2.138131618 0.070425667 0.005002749 0.997504354 100.373481750
0.997368157 0.020540765 -0.069531716 -3.335678577 -0.020815682 0.999778032 -0.003231467 -2.153681278 0.069449902 0.004670313 0.997574389 100.956199646
0.997542739 0.024350708 -0.065692559 -3.401156902 -0.024521550 0.999697685 -0.001795407 -2.167517900 0.065628961 0.003401879 0.997838199 101.525825500
0.997773170 0.026780544 -0.061086092 -3.418925047 -0.026855046 0.999639213 -0.000398827 -2.182808399 0.061053365 0.002038408 0.998132348 102.074096680
0.998174787 0.027591622 -0.053719893 -3.447996855 -0.027525794 0.999619126 0.001965107 -2.199490547 0.053753663 -0.000482839 0.998554051 102.583396912
0.998664260 0.027649404 -0.043647882 -3.472288370 -0.027486796 0.999612749 0.004321386 -2.209474564 0.043750480 -0.003115873 0.999037504 103.088554382
0.999116600 0.027053274 -0.032159310 -3.470447302 -0.026879888 0.999621749 0.005811844 -2.227880716 0.032304380 -0.004942271 0.999465942 103.561035156
0.999481201 0.026199292 -0.018738918 -3.471135139 -0.026090905 0.999641538 0.006005425 -2.238632917 0.018889548 -0.005513394 0.999806345 104.018745422
0.999652803 0.026112383 -0.003544722 -3.463638544 -0.026095329 0.999647915 0.004776281 -2.245445251 0.003668208 -0.004682121 0.999982238 104.456474304
0.999593437 0.024707476 0.014235448 -3.439637661 -0.024737548 0.999692082 0.001940086 -2.258197069 -0.014183119 -0.002291447 0.999896765 104.880599976
0.999064744 0.024341565 0.035737436 -3.414203644 -0.024261020 0.999701977 -0.002685766 -2.268239021 -0.035792161 0.001816227 0.999357581 105.296821594
0.997964740 0.022176402 0.059788909 -3.367530823 -0.021750642 0.999733269 -0.007762570 -2.275292397 -0.059945088 0.006446324 0.998180747 105.702148438
0.996020019 0.019966567 0.086865708 -3.306938171 -0.019123640 0.999761760 -0.010525280 -2.286494970 -0.087055147 0.008822197 0.996164382 106.110000610
0.993029773 0.017127255 0.116612963 -3.239316940 -0.015910776 0.999808908 -0.011354743 -2.302204370 -0.116785124 0.009420194 0.993112445 106.485794067
0.988710105 0.014546025 0.149133310 -3.148915291 -0.012728327 0.999832690 -0.013135652 -2.318027735 -0.149299428 0.011089134 0.988729775 106.850120544
0.982555330 0.012283181 0.185564503 -3.058355331 -0.009773266 0.999848008 -0.014434556 -2.332720757 -0.185713604 0.012369179 0.982526064 107.222694397
0.974697113 0.008918849 0.223351926 -2.933843613 -0.005646518 0.999867260 -0.015285386 -2.343319654 -0.223458618 0.013637457 0.974618018 107.584503174
0.964597166 0.006841025 0.263638794 -2.811023712 -0.002719916 0.999868333 -0.015993472 -2.359026670 -0.263713509 0.014710179 0.964488924 107.932739258
0.952239633 0.007147699 0.305267990 -2.682130814 -0.002201824 0.999860704 -0.016542964 -2.380080462 -0.305343747 0.015080718 0.952122748 108.253097534
0.937001228 0.009622428 0.349193513 -2.532699585 -0.003766189 0.999840677 -0.017445832 -2.388591290 -0.349305749 0.015031636 0.936888218 108.577758789
0.919150472 0.010148522 0.393775702 -2.361282349 -0.003982582 0.999856412 -0.016472496 -2.396028996 -0.393886358 0.013572459 0.919058919 108.894256592
0.898590922 0.008741274 0.438700169 -2.184673309 -0.002458100 0.999886155 -0.014888190 -2.410935402 -0.438780367 0.012300021 0.898510218 109.202423096
0.875421941 0.007400136 0.483302951 -1.989017487 0.000066631 0.999880850 -0.015430456 -2.422894001 -0.483359575 0.013540360 0.875317216 109.479492188
0.850232959 0.008432632 0.526339054 -1.775150299 0.000743299 0.999851406 -0.017219611 -2.445164442 -0.526406169 0.015031909 0.850100219 109.760284424
0.822324216 0.010671182 0.568919122 -1.554489136 0.001508503 0.999779761 -0.020933216 -2.457573414 -0.569017231 0.018072108 0.822126865 110.026855469
0.791144967 0.015173204 0.611440539 -1.319606781 0.000023834 0.999691367 -0.024838682 -2.475921392 -0.611628830 0.019665571 0.790900469 110.295494080
0.757238984 0.021274392 0.652791381 -1.068012238 -0.003734499 0.999593973 -0.028244626 -2.491671562 -0.653127193 0.018950082 0.757011116 110.540534973
0.719698548 0.026529083 0.693779707 -0.790309906 -0.005003014 0.999441862 -0.033027221 -2.483802319 -0.694268823 0.020298656 0.719429553 110.793930054
0.680697203 0.026696207 0.732078373 -0.494308472 -0.003363115 0.999439120 -0.033318792 -2.506531954 -0.732557356 0.020217944 0.680405080 111.016563416
0.639983714 0.024307378 0.768004000 -0.182838440 0.000130640 0.999495983 -0.031742979 -2.522538662 -0.768388510 0.020415321 0.639658034 111.208877563
0.596454561 0.022176724 0.802340448 0.133483887 0.002294069 0.999567032 -0.029333470 -2.526941061 -0.802643597 0.019336708 0.596145391 111.383346558
0.550108135 0.020670703 0.834837615 0.476875305 0.003539955 0.999626815 -0.027083529 -2.534152985 -0.835085988 0.017854158 0.549829662 111.566894531
0.502081573 0.018256692 0.864627481 0.831085205 0.004972054 0.999699652 -0.023995981 -2.547180176 -0.864806056 0.016346918 0.501840055 111.727905273
0.451302648 0.014387066 0.892255008 1.199344635 0.007897771 0.999766469 -0.020115312 -2.560009480 -0.892336011 0.016124923 0.451083511 111.872917175
0.398644060 0.014787386 0.916986525 1.554595947 0.004042713 0.999831915 -0.017880855 -2.581665993 -0.917096853 0.010835209 0.398517340 112.002662659
0.347085655 0.019766290 0.937625170 1.933917999 0.000207131 0.999776244 -0.021153184 -2.595792055 -0.937833488 0.007536178 0.347003907 112.115158081
0.297089994 0.024561420 0.954533637 2.320259094 -0.000038434 0.999669373 -0.025710862 -2.610447407 -0.954849482 0.007601752 0.296992719 112.197120667
0.250390410 0.026657144 0.967777967 2.720834732 0.001503053 0.999608874 -0.027922798 -2.623056889 -0.968143821 0.008446221 0.250252366 112.269104004
0.209382132 0.026361579 0.977478564 3.143962860 0.008630165 0.999547780 -0.028805399 -2.640256166 -0.977795899 0.014467135 0.209059924 112.315650940
0.173750371 0.026493726 0.984433353 3.580339432 0.016004873 0.999430001 -0.029722154 -2.650502205 -0.984659672 0.020919967 0.173227265 112.366592407
0.143261477 0.027330937 0.989307404 4.001857758 0.021011734 0.999309301 -0.030649960 -2.668404818 -0.989461720 0.025178021 0.142588288 112.403030396
0.115259029 0.025586950 0.993005812 4.473443031 0.019165738 0.999424756 -0.027976932 -2.686672449 -0.993150592 0.022256283 0.114702344 112.441162109
0.089654759 0.022066807 0.995728374 4.966282845 0.013253024 0.999639690 -0.023346774 -2.697968006 -0.995884717 0.015289561 0.089330010 112.482711792
0.065958217 0.018172674 0.997656822 5.472364902 0.008253916 0.999790013 -0.018757220 -2.713516712 -0.997788250 0.009471769 0.065794386 112.510231018
0.043396689 0.015732305 0.998934031 5.998816967 0.011753112 0.999798834 -0.016256519 -2.735080242 -0.998988748 0.012446064 0.043203078 112.517166138
0.023298502 0.016098093 0.999598920 6.536783695 0.020807192 0.999645948 -0.016583823 -2.754704475 -0.999511957 0.021185225 0.022955298 112.497909546
0.005377863 0.019097712 0.999803185 7.096024036 0.024254240 0.999520957 -0.019222783 -2.769143820 -0.999691308 0.024352849 0.004912086 112.504234314
-0.009063937 0.024483196 0.999659121 7.666257858 0.024670800 0.999401331 -0.024253191 -2.778987646 -0.999654472 0.024442565 -0.009662529 112.493278503
-0.019863818 0.029219244 0.999375641 8.270428658 0.022423849 0.999334335 -0.028772337 -2.789224863 -0.999551177 0.021838319 -0.020505806 112.481803894
-0.026512768 0.028901033 0.999230623 8.886647224 0.023787662 0.999317110 -0.028272372 -2.811209440 -0.999365389 0.023019783 -0.027182147 112.463920593
-0.028746223 0.025968742 0.999249339 9.541627884 0.030933958 0.999206662 -0.025077736 -2.824392319 -0.999108076 0.030189846 -0.029526738 112.435585022
-0.028160276 0.024158638 0.999311447 10.197805405 0.032418657 0.999203980 -0.023242498 -2.846463203 -0.999077559 0.031741824 -0.028921055 112.411766052
-0.026435513 0.023767462 0.999367952 10.870497704 0.031115726 0.999252439 -0.022941638 -2.869612932 -0.999166191 0.030489584 -0.027155297 112.399917603
-0.024700373 0.024145670 0.999403238 11.577127457 0.028042417 0.999331594 -0.023450861 -2.892468691 -0.999301434 0.027446436 -0.025360974 112.390357971
-0.023584185 0.025399815 0.999399185 12.292431831 0.027468408 0.999316275 -0.024749497 -2.908355474 -0.999344349 0.026868213 -0.024265755 112.380363464
-0.022882456 0.026206832 0.999394715 13.007831573 0.026616493 0.999318004 -0.025595402 -2.936803579 -0.999383748 0.026014695 -0.023564385 112.373703003
-0.022247419 0.025682159 0.999422610 13.754614830 0.025832497 0.999350965 -0.025105279 -2.959529877 -0.999418616 0.025259051 -0.022896418 112.367530823
-0.021225531 0.024581639 0.999472439 14.528952599 0.024821563 0.999402463 -0.024052789 -2.985169888 -0.999466538 0.024297938 -0.021823009 112.342521667
-0.020732025 0.023434108 0.999510348 15.295694351 0.025641840 0.999408841 -0.022899859 -3.007947683 -0.999456108 0.025154535 -0.021320663 112.329879761
-0.021228928 0.020987906 0.999554217 16.080558777 0.026264053 0.999446273 -0.020427832 -3.038429737 -0.999429584 0.025818681 -0.021768402 112.313751221
-0.022437887 0.019148655 0.999564767 16.871576309 0.023405798 0.999552548 -0.018623013 -3.065451622 -0.999474168 0.022977751 -0.022876039 112.304634094
-0.023897929 0.018293440 0.999547005 17.669654846 0.022891615 0.999580324 -0.017746739 -3.087304115 -0.999452293 0.022457132 -0.024306668 112.291290283
-0.024950886 0.015602807 0.999566853 18.463092804 0.025487171 0.999563217 -0.014966541 -3.112935305 -0.999363661 0.025102707 -0.025337655 112.268417358
-0.026220327 0.014233432 0.999554813 19.279659271 0.026746744 0.999550760 -0.013531749 -3.130916595 -0.999298275 0.026380030 -0.026589239 112.247879028
-0.028106678 0.013293918 0.999516547 20.107597351 0.024109155 0.999629617 -0.012617466 -3.159072876 -0.999314010 0.023742864 -0.028416777 112.233421326
-0.028920505 0.017998975 0.999419689 20.929824829 0.020567400 0.999636889 -0.017407723 -3.181015730 -0.999370098 0.020052021 -0.029280191 112.216239929
-0.029498871 0.022672057 0.999307632 21.763427734 0.022664838 0.999500751 -0.022007393 -3.208169460 -0.999307752 0.021999953 -0.029998001 112.188789368
-0.030755229 0.024307702 0.999231339 22.606224060 0.022738274 0.999462426 -0.023613470 -3.235497475 -0.999268293 0.021994559 -0.031291410 112.167282104
-0.032479670 0.022115963 0.999227703 23.451503754 0.019537967 0.999578118 -0.021488646 -3.262062073 -0.999281347 0.018824937 -0.032898068 112.151893616
-0.033617523 0.017857498 0.999275208 24.305936813 0.016344639 0.999716461 -0.017315516 -3.294645071 -0.999301016 0.015750688 -0.033899862 112.134552002
-0.033642039 0.012441270 0.999356449 25.154369354 0.015319349 0.999811411 -0.011931224 -3.323407173 -0.999316454 0.014908100 -0.033826280 112.103866577
-0.033825211 0.006718452 0.999405205 26.004663467 0.011550507 0.999913216 -0.006330936 -3.345113516 -0.999360919 0.011329489 -0.033899881 112.081298828
-0.033784766 0.005212246 0.999415398 26.851175308 0.009141803 0.999946117 -0.004905978 -3.371047020 -0.999387383 0.008970711 -0.033830583 112.064117432
-0.033005290 0.012222691 0.999380291 27.684406281 0.011337102 0.999865472 -0.011854204 -3.400128603 -0.999390900 0.010938824 -0.033139411 112.040779114
-0.031477418 0.023020079 0.999239266 28.512233734 0.014136310 0.999644935 -0.022584112 -3.429348946 -0.999404430 0.013414666 -0.031791653 112.005844116
-0.031050142 0.029027481 0.999096394 29.348167419 0.016452709 0.999457598 -0.028526660 -3.445641041 -0.999382377 0.015552080 -0.031510882 111.989929199
-0.029837593 0.023657192 0.999274790 30.188732147 0.018093685 0.999568820 -0.023123890 -3.476658106 -0.999390960 0.017390596 -0.030252777 111.966865540
-0.028843742 0.015893755 0.999457598 31.031141281 0.020933118 0.999663889 -0.015292919 -3.510911703 -0.999364734 0.020480657 -0.029166752 111.942070007
-0.029133240 0.013012011 0.999490917 31.859416962 0.021274652 0.999696732 -0.012394581 -3.537375212 -0.999349058 0.020902723 -0.029401228 111.924667358
-0.028395729 0.013154980 0.999510169 32.670543671 0.021177391 0.999696851 -0.012555793 -3.569292784 -0.999372363 0.020810492 -0.028665705 111.899131775
-0.029506758 0.014457934 0.999460042 33.488418579 0.018101979 0.999739110 -0.013927551 -3.591812849 -0.999400675 0.017681248 -0.029760774 111.884490967
-0.031510118 0.014404941 0.999399662 34.306934357 0.016498452 0.999767303 -0.013890060 -3.618655205 -0.999367118 0.016050873 -0.031740449 111.867904663
-0.033714674 0.013978373 0.999333739 35.112297058 0.015419364 0.999790370 -0.013464554 -3.649400234 -0.999312460 0.014955140 -0.033923138 111.847640991
-0.036178879 0.014504587 0.999240100 35.922107697 0.014358984 0.999798954 -0.013992810 -3.673198223 -0.999242127 0.013841827 -0.036379881 111.826278687
-0.038462561 0.015045205 0.999146819 36.729167938 0.012532935 0.999815226 -0.014572809 -3.696712017 -0.999181330 0.011961732 -0.038644016 111.803787231
-0.040536080 0.014232029 0.999076724 37.528129578 0.010751310 0.999846876 -0.013806778 -3.720063448 -0.999120235 0.010181710 -0.040682890 111.775421143
-0.042194765 0.012908444 0.999026000 38.314956665 0.011196261 0.999859750 -0.012446332 -3.747528791 -0.999046683 0.010660185 -0.042333376 111.738693237
-0.044058286 0.012911571 0.998945475 39.118106842 0.010647996 0.999865770 -0.012453839 -3.775297165 -0.998972118 0.010088073 -0.044189852 111.709304810
-0.045639694 0.013825471 0.998862267 39.900466919 0.010610947 0.999854445 -0.013354374 -3.799464941 -0.998901546 0.009989384 -0.045779753 111.674552917
-0.046997145 0.014157198 0.998794675 40.691062927 0.011041563 0.999845803 -0.013652550 -3.823767185 -0.998833895 0.010386621 -0.047146220 111.646926880
-0.047663122 0.013144175 0.998776972 41.458244324 0.013014732 0.999836683 -0.012537042 -3.845084667 -0.998778641 0.012401259 -0.047826402 111.603233337
-0.049394388 0.012230180 0.998704433 42.237640381 0.013911834 0.999836445 -0.011555985 -3.873233080 -0.998682380 0.013323008 -0.049556445 111.572280884
-0.051015280 0.011888214 0.998627067 42.988132477 0.012035792 0.999863803 -0.011288085 -3.899146795 -0.998625338 0.011443405 -0.051151425 111.540512085
-0.052421201 0.010729731 0.998567402 43.742698669 0.010260799 0.999895155 -0.010205342 -3.922644138 -0.998572350 0.009711122 -0.052525807 111.510795593
-0.053450953 0.009314639 0.998527050 44.481090546 0.009024750 0.999920130 -0.008844542 -3.947306156 -0.998529673 0.008538710 -0.053530764 111.482833862
-0.054254420 0.009242094 0.998484373 45.193313599 0.009292557 0.999918520 -0.008750441 -3.968955517 -0.998483896 0.008803722 -0.054335877 111.446159363
-0.054329406 0.012052041 0.998450339 45.894607544 0.009655943 0.999886751 -0.011543964 -3.988505602 -0.998476326 0.009013805 -0.054439630 111.412872314
-0.054021534 0.014941369 0.998428047 46.612106323 0.009441781 0.999850929 -0.014451798 -4.009269714 -0.998495102 0.008646228 -0.054154556 111.371604919
-0.054203443 0.016524481 0.998393238 47.309570312 0.007690899 0.999840319 -0.016130883 -4.031989574 -0.998500228 0.006804191 -0.054321874 111.340850830
-0.054158967 0.017182074 0.998384595 48.004249573 0.007564857 0.999830306 -0.016796585 -4.058106899 -0.998503625 0.006642949 -0.054279760 111.303634644
-0.054350637 0.017059593 0.998376250 48.705104828 0.009425397 0.999818146 -0.016571127 -4.083198547 -0.998477399 0.008509440 -0.054501545 111.269035339
-0.054613367 0.016374175 0.998373389 49.392459869 0.009222396 0.999831140 -0.015893599 -4.109081268 -0.998465002 0.008339393 -0.054755159 111.233497620
-0.055345654 0.016811641 0.998325825 50.088321686 0.005805688 0.999846697 -0.016515397 -4.128432274 -0.998450279 0.004881914 -0.055434775 111.210952759
-0.055311225 0.016723588 0.998329163 50.775238037 0.003277248 0.999857306 -0.016567618 -4.156826496 -0.998463750 0.002355397 -0.055358145 111.185852051
-0.054963998 0.015336181 0.998370647 51.451385498 0.005862440 0.999869704 -0.015036462 -4.179761887 -0.998471141 0.005026423 -0.055046745 111.147071838
-0.055541083 0.015098337 0.998342276 52.120300293 0.005780301 0.999873698 -0.014799923 -4.198576927 -0.998439610 0.004948714 -0.055621333 111.100570679
-0.059196942 0.014217549 0.998145163 52.791065216 0.001949799 0.999898255 -0.014126886 -4.224455357 -0.998244286 0.001109915 -0.059218638 111.068778992
-0.064645320 0.013634083 0.997815192 53.467590332 -0.001752354 0.999903560 -0.013776148 -4.249777794 -0.997906744 -0.002639088 -0.064615197 111.038047791
-0.070023812 0.017656218 0.997389078 54.120269775 0.002482892 0.999843299 -0.017525349 -4.268585205 -0.997542143 0.001249219 -0.070056684 110.983512878
-0.075956956 0.020627601 0.996897638 54.796981812 0.005090008 0.999780893 -0.020299437 -4.289176941 -0.997097909 0.003532334 -0.076045305 110.915794373
-0.083958767 0.022004629 0.996226311 55.493293762 0.003199316 0.999756992 -0.021812988 -4.317310333 -0.996464014 0.001355851 -0.084008761 110.870994568
-0.090138309 0.020760143 0.995712876 56.138328552 -0.000401160 0.999781787 -0.020881293 -4.347952366 -0.995929182 -0.002281646 -0.090110317 110.812980652
-0.095456310 0.019741597 0.995237887 56.827026367 -0.000403575 0.999802470 -0.019870851 -4.369027138 -0.995433509 -0.002298451 -0.095429488 110.749748230
-0.099854253 0.020435931 0.994792104 57.516948700 -0.002722212 0.999779701 -0.020811634 -4.391597748 -0.994998276 -0.004786166 -0.099776618 110.682014465
-0.104342356 0.019800467 0.994344294 58.208648682 -0.005051062 0.999778330 -0.020438712 -4.412647724 -0.994528651 -0.007155118 -0.104219206 110.621170044
-0.106839791 0.015785055 0.994150937 58.915718079 -0.005270320 0.999850869 -0.016441949 -4.443538666 -0.994262278 -0.006996148 -0.106740654 110.544387817
-0.108259693 0.012708515 0.994041383 59.627166748 -0.002970401 0.999909639 -0.013107041 -4.468483448 -0.994118214 -0.004371666 -0.108212188 110.463966370
-0.109971620 0.010518022 0.993879080 60.328750610 -0.003278498 0.999934673 -0.010944870 -4.483869076 -0.993929267 -0.004462055 -0.109929956 110.390213013
-0.111185811 0.010338992 0.993745923 61.054443359 -0.004139660 0.999932349 -0.010866527 -4.500287056 -0.993790984 -0.005321973 -0.111135498 110.314170837
-0.111990049 0.014299804 0.993606389 61.788391113 -0.002389974 0.999889612 -0.014659608 -4.517183781 -0.993706405 -0.004016423 -0.111943513 110.240547180
-0.112218343 0.017789701 0.993524253 62.525764465 0.003234443 0.999840975 -0.017537475 -4.545798779 -0.993678272 0.001245473 -0.112258025 110.153526306
-0.113064505 0.022912469 0.993323386 63.267841339 0.010205062 0.999708056 -0.021898158 -4.571948528 -0.993535221 0.007661024 -0.113265343 110.061492920
-0.113300905 0.023926022 0.993272603 64.016601562 0.011412613 0.999675274 -0.022778437 -4.594675064 -0.993495107 0.008755018 -0.113537170 109.970214844
-0.113525577 0.021083487 0.993311226 64.767364502 0.009024634 0.999755383 -0.020188840 -4.623846054 -0.993493915 0.006672323 -0.113688089 109.892387390
-0.113725118 0.016235666 0.993379593 65.516448975 0.009728399 0.999836743 -0.015227468 -4.649108887 -0.993464530 0.007932249 -0.113864511 109.810928345
-0.113302469 0.014726343 0.993451416 66.263778687 0.011490005 0.999842703 -0.013510657 -4.670828819 -0.993494034 0.009883972 -0.113453843 109.720184326
-0.114473902 0.014279293 0.993323505 67.001686096 0.012219594 0.999841213 -0.012964756 -4.697137833 -0.993351102 0.010653883 -0.114630215 109.633743286
-0.115925327 0.014998056 0.993144631 67.747161865 0.010539270 0.999848247 -0.013869089 -4.721512794 -0.993201971 0.008859240 -0.116065785 109.552528381
-0.118515112 0.015483056 0.992831528 68.484550476 0.009430731 0.999850869 -0.014466766 -4.745325565 -0.992907465 0.007648596 -0.118643448 109.474632263
-0.120743714 0.015995704 0.992554843 69.220123291 0.011121665 0.999829173 -0.014759995 -4.767621994 -0.992621362 0.009256686 -0.120900989 109.384201050
-0.122617170 0.016193850 0.992321908 69.964088440 0.011275755 0.999825120 -0.014923000 -4.789209366 -0.992389858 0.009359365 -0.122778319 109.295249939
-0.124505848 0.015855849 0.992092133 70.710571289 0.011221281 0.999830782 -0.014571279 -4.814128876 -0.992155373 0.009318333 -0.124662727 109.199508667
-0.126112431 0.016024103 0.991886497 71.459922791 0.008979190 0.999846995 -0.015011054 -4.837304592 -0.991975248 0.007013258 -0.126237005 109.109619141
-0.127206087 0.017657984 0.991719067 72.209449768 0.008903679 0.999821544 -0.016660197 -4.860469818 -0.991836309 0.006710671 -0.127340585 109.016921997
-0.127860919 0.018050354 0.991627872 72.972480774 0.008288588 0.999818861 -0.017130725 -4.881484985 -0.991757393 0.006028845 -0.127987370 108.923179626
-0.129238129 0.018140653 0.991447628 73.737678528 0.007611145 0.999821305 -0.017301735 -4.905637741 -0.991584301 0.005310008 -0.129353106 108.826393127
-0.130563736 0.016736109 0.991298676 74.514770508 0.008181285 0.999841571 -0.015802786 -4.923913956 -0.991406143 0.006046826 -0.130680010 108.732521057
-0.131384209 0.014412665 0.991226792 75.295089722 0.006177550 0.999886692 -0.013719768 -4.945728779 -0.991312206 0.004320792 -0.131458372 108.633178711
-0.133640125 0.012646239 0.990949273 76.089416504 0.002700929 0.999919415 -0.012396468 -4.961149693 -0.991026223 0.001019818 -0.133663535 108.542770386
-0.135333076 0.011902734 0.990728796 76.865287781 0.004295049 0.999925435 -0.011426524 -4.984866619 -0.990790784 0.002708841 -0.135374129 108.428550720
-0.136882409 0.012744511 0.990505338 77.663734436 0.005633008 0.999911010 -0.012087082 -5.003467083 -0.990571260 0.003925015 -0.136941984 108.323234558
-0.139330626 0.014068205 0.990146041 78.460212708 0.004895594 0.999896526 -0.013517850 -5.022795677 -0.990233719 0.002963902 -0.139385074 108.213844299
-0.140890047 0.017074877 0.989877999 79.248786926 0.006188346 0.999846816 -0.016366046 -5.054873466 -0.990005910 0.003819895 -0.140974090 108.104064941
-0.141464666 0.020927044 0.989722133 80.063095093 0.008203125 0.999766886 -0.019966936 -5.079219341 -0.989909291 0.005294197 -0.141603366 107.990966797
-0.142358273 0.024838997 0.989503503 80.873168945 0.009137184 0.999675393 -0.023779782 -5.114686966 -0.989773035 0.005656027 -0.142539009 107.867401123
-0.142351359 0.026282569 0.989467204 81.699501038 0.011380304 0.999624789 -0.024915125 -5.140744686 -0.989750803 0.007713736 -0.142597035 107.752563477
-0.141704082 0.025490386 0.989580870 82.529541016 0.014780710 0.999611437 -0.023632215 -5.173178673 -0.989798725 0.011277925 -0.142025784 107.632247925
-0.141549602 0.023344807 0.989655972 83.361053467 0.015442335 0.999652267 -0.021371901 -5.206088543 -0.989810646 0.012257413 -0.141860932 107.512359619
-0.140379965 0.021765511 0.989858449 84.208847046 0.014598267 0.999695122 -0.019911502 -5.236118793 -0.989990056 0.011655041 -0.140654907 107.394584656
-0.139224857 0.019019572 0.990078151 85.060432434 0.014020563 0.999753177 -0.017233860 -5.267500401 -0.990161598 0.011482071 -0.139457121 107.294731140
-0.137831032 0.016112398 0.990324795 85.916580200 0.014454507 0.999793887 -0.014254719 -5.290417671 -0.990350246 0.012349912 -0.138035536 107.185058594
-0.136047736 0.012571771 0.990622520 86.764572144 0.014848284 0.999832988 -0.010649461 -5.318748951 -0.990590930 0.013260211 -0.136211693 107.068817139
-0.134290487 0.012392779 0.990864456 87.615859985 0.012791876 0.999860168 -0.010771618 -5.343353271 -0.990859330 0.011228491 -0.134430274 106.960952759
-0.133102730 0.016572971 0.990963578 88.468307495 0.013460767 0.999798238 -0.014912718 -5.370904446 -0.991010785 0.011354207 -0.133298963 106.851737976
-0.131161168 0.022878978 0.991096973 89.318725586 0.014473108 0.999671280 -0.021161549 -5.395500183 -0.991255462 0.011568679 -0.131449178 106.743034363
-0.129648507 0.026315371 0.991210818 90.165908813 0.012187404 0.999614477 -0.024944389 -5.422133446 -0.991485059 0.008846283 -0.129919231 106.636772156
-0.127961248 0.023779416 0.991494119 91.023925781 0.011048139 0.999684572 -0.022549994 -5.453163147 -0.991717577 0.008068639 -0.128183618 106.527587891
