1.000000000 -0.000000000 0.000000000 0.000000000 -0.000000000 1.000000000 0.000000000 0.000000000 0.000000000 0.000000000 1.000000000 0.000000000
0.999997318 0.001041065 0.002068865 -0.009312394 -0.001038841 0.999998868 -0.001075466 -0.016913425 -0.002069983 0.001073314 0.999997258 1.206120610
0.999988794 0.001249510 0.004566337 -0.036385272 -0.001243938 0.999998510 -0.001222824 -0.030427873 -0.004567859 0.001217130 0.999988854 2.468326330
0.999984622 0.000797648 0.005491872 -0.035586696 -0.000792577 0.999999404 -0.000925402 -0.049072150 -0.005492605 0.000921035 0.999984443 3.686812878
0.999978602 0.000596984 0.006520042 -0.032886777 -0.000590345 0.999999404 -0.001020005 -0.070166610 -0.006520646 0.001016134 0.999978244 4.882454872
0.999978960 0.000462356 0.006470032 -0.016217960 -0.000457683 0.999999642 -0.000723818 -0.091044374 -0.006470364 0.000720842 0.999978840 6.169660091
0.999975801 0.000576908 0.006940713 -0.009264364 -0.000564399 0.999998271 -0.001804131 -0.112840392 -0.006941742 0.001800170 0.999974310 7.372454166
0.999966085 -0.000077103 0.008231426 -0.009818370 0.000092286 0.999998212 -0.001844078 -0.140586093 -0.008231268 0.001844775 0.999964416 8.589693069
0.999961913 -0.000132553 0.008730962 -0.011350650 0.000137493 0.999999821 -0.000565277 -0.161435604 -0.008730886 0.000566456 0.999961734 9.786288261
0.999971688 -0.000398765 0.007524896 -0.011282598 0.000395555 0.999999762 0.000428064 -0.183754310 -0.007525066 -0.000425076 0.999971569 10.978923798
0.999983549 -0.002169877 0.005301594 -0.014893731 0.002169854 0.999997616 0.000009980 -0.205934316 -0.005301604 0.000001524 0.999985874 12.176006317
0.999991953 -0.001780545 0.003581726 -0.024222344 0.001781899 0.999998331 -0.000374954 -0.225633547 -0.003581052 0.000381333 0.999993443 13.374811172
0.999996006 -0.001920328 0.002048117 -0.020307412 0.001921490 0.999997973 -0.000565236 -0.248379141 -0.002047029 0.000569169 0.999997735 14.569271088
0.999999225 -0.000413704 0.001165711 -0.018984504 0.000414729 0.999999464 -0.000879238 -0.268455505 -0.001165347 0.000879721 0.999998868 15.770825386
0.999999523 -0.000599832 0.000854700 -0.026211215 0.000600552 0.999999464 -0.000842487 -0.288802177 -0.000854194 0.000843000 0.999999285 16.972297668
0.999998987 -0.001460831 -0.000208237 -0.026140541 0.001460736 0.999998868 -0.000454894 -0.309668839 0.000208901 0.000454590 0.999999881 18.159448624
0.999998689 -0.001497832 -0.000496360 -0.032477755 0.001497876 0.999998868 0.000088973 -0.334044129 0.000496226 -0.000089716 0.999999881 19.342969894
0.999998093 -0.001128256 -0.001562033 -0.037078258 0.001127175 0.999999046 -0.000692770 -0.357640713 0.001562813 0.000691008 0.999998510 20.539802551
0.999997377 -0.001735099 -0.001477187 -0.053033967 0.001732660 0.999997258 -0.001650843 -0.382259309 0.001480047 0.001648279 0.999997497 21.736948013
0.999997318 -0.000560727 -0.002190145 -0.061868582 0.000558148 0.999999106 -0.001177882 -0.401337504 0.002190803 0.001176657 0.999996841 22.937627792
0.999995708 -0.000927767 -0.002784196 -0.078974292 0.000924264 0.999998689 -0.001259126 -0.426253766 0.002785361 0.001256547 0.999995351 24.118669510
0.999992073 -0.000903354 -0.003865607 -0.088277653 0.000895865 0.999997675 -0.001938712 -0.447818279 0.003867350 0.001935234 0.999990702 25.312053680
0.999989212 -0.000319928 -0.004635817 -0.101423256 0.000315136 0.999999404 -0.001034344 -0.474817723 0.004636145 0.001032872 0.999988675 26.495124817
0.999983191 -0.002065180 -0.005417640 -0.113231085 0.002069549 0.999997497 0.000800887 -0.497023851 0.005415972 -0.000812086 0.999984980 27.698030472
0.999978304 -0.001919807 -0.006292339 -0.123248272 0.001925590 0.999997735 0.000913164 -0.519413710 0.006290572 -0.000925261 0.999979794 28.886590958
0.999970794 -0.002692948 -0.007138830 -0.138276428 0.002694444 0.999996364 0.000199973 -0.542138934 0.007138265 -0.000219202 0.999974549 30.084802628
0.999964774 -0.002861973 -0.007882819 -0.149777278 0.002854133 0.999995410 -0.001005639 -0.558606207 0.007885661 0.000983106 0.999968350 31.272792816
0.999959350 -0.002401563 -0.008681886 -0.167099476 0.002393787 0.999996722 -0.000905841 -0.579260528 0.008684033 0.000885022 0.999961793 32.465049744
0.999953330 -0.002398608 -0.009356610 -0.183010772 0.002393741 0.999997020 -0.000531439 -0.600109577 0.009357856 0.000509017 0.999956012 33.670726776
0.999946594 -0.003228996 -0.009806378 -0.198507071 0.003227707 0.999994695 -0.000147327 -0.622756839 0.009806800 0.000115667 0.999951899 34.862075806
0.999935448 -0.003837732 -0.010687198 -0.209061846 0.003840079 0.999992549 0.000199082 -0.648178339 0.010686356 -0.000240109 0.999942899 36.061943054
0.999930263 -0.003856116 -0.011159503 -0.226626381 0.003853761 0.999992490 -0.000232447 -0.665894449 0.011160316 0.000189425 0.999937654 37.254783630
0.999928474 -0.004668541 -0.011012701 -0.246269897 0.004674442 0.999988914 0.000510176 -0.688094497 0.011010197 -0.000561618 0.999939144 38.453086853
0.999932587 -0.004301113 -0.010778523 -0.269138664 0.004318365 0.999989390 0.001577815 -0.705517113 0.010771620 -0.001624255 0.999940634 39.658645630
0.999932945 -0.003682904 -0.010976223 -0.284691006 0.003704809 0.999991119 0.001976010 -0.718106568 0.010968849 -0.002016543 0.999937773 40.859306335
0.999934614 -0.003073080 -0.011010782 -0.301117480 0.003092585 0.999993622 0.001754865 -0.739741325 0.011005318 -0.001788802 0.999937832 42.058792114
0.999941826 -0.001917235 -0.010609751 -0.321971893 0.001935205 0.999996722 0.001683715 -0.756551683 0.010606489 -0.001704150 0.999942243 43.235652924
0.999945939 0.000421237 -0.010383865 -0.334790379 -0.000385838 0.999994099 0.003410727 -0.771776676 0.010385240 -0.003406537 0.999940217 44.443099976
0.999961793 0.000653516 -0.008714675 -0.355209768 -0.000596879 0.999978662 0.006500048 -0.788084388 0.008718738 -0.006494598 0.999940813 45.650032043
0.999979436 0.001307085 -0.006273683 -0.374312341 -0.001247491 0.999954164 0.009493534 -0.801663518 0.006285804 -0.009485513 0.999935269 46.824230194
0.999982536 0.001706003 -0.005662587 -0.374498844 -0.001633872 0.999917805 0.012718418 -0.807917655 0.005683820 -0.012708944 0.999903142 48.027748108
0.999991655 0.000440684 -0.004036912 -0.389927924 -0.000384948 0.999904752 0.013797081 -0.816162169 0.004042607 -0.013795414 0.999896705 49.239177704
0.999998450 -0.000601222 -0.001736562 -0.404036701 0.000622701 0.999922991 0.012394594 -0.817574799 0.001728977 -0.012395652 0.999921679 50.436653137
0.999999762 0.000474593 -0.000589281 -0.412492216 -0.000468163 0.999940872 0.010862819 -0.825662136 0.000594401 -0.010862540 0.999940813 51.648128510
0.999999702 0.000695280 0.000285155 -0.421339154 -0.000698140 0.999948144 0.010156052 -0.830472231 -0.000278080 -0.010156249 0.999948323 52.825847626
0.999999821 0.000504646 0.000302162 -0.425780684 -0.000507508 0.999954283 0.009547283 -0.836017251 -0.000297330 -0.009547435 0.999954402 54.028453827
0.999999940 0.000049851 -0.000393185 -0.431457967 -0.000046447 0.999962568 0.008651445 -0.846960902 0.000393601 -0.008651426 0.999962509 55.242099762
0.999998629 -0.000197521 -0.001611233 -0.444832355 0.000211896 0.999960124 0.008926552 -0.853955686 0.001609406 -0.008926879 0.999958873 56.408184052
0.999995649 -0.000383569 -0.002900279 -0.453773707 0.000411570 0.999953270 0.009660253 -0.857906997 0.002896438 -0.009661405 0.999949157 57.613521576
0.999992430 -0.000474494 -0.003855494 -0.463656485 0.000514705 0.999945402 0.010435226 -0.873556852 0.003850333 -0.010437132 0.999938130 58.801918030
0.999988437 0.000319193 -0.004800072 -0.474764526 -0.000270194 0.999947846 0.010205024 -0.880962610 0.004803080 -0.010203608 0.999936402 60.001129150
0.999985158 0.000723806 -0.005394259 -0.490402371 -0.000668558 0.999947309 0.010236666 -0.893381417 0.005401384 -0.010232909 0.999933004 61.201446533
0.999985099 -0.000259526 -0.005443802 -0.501887858 0.000311739 0.999953985 0.009592480 -0.900223851 0.005441062 -0.009594035 0.999939144 62.399452209
0.999983490 -0.001054268 -0.005650426 -0.511006534 0.001103790 0.999960959 0.008768382 -0.911982238 0.005640960 -0.008774474 0.999945581 63.609081268
0.999980807 -0.001339004 -0.006044016 -0.519625545 0.001398388 0.999950647 0.009831785 -0.920308292 0.006030554 -0.009840048 0.999933362 64.809654236
0.999978006 -0.002198914 -0.006251031 -0.533917248 0.002269750 0.999933064 0.011347384 -0.931540430 0.006225661 -0.011361324 0.999916077 66.015708923
0.999979556 -0.000891796 -0.006326229 -0.553858578 0.000953687 0.999951601 0.009786969 -0.940533400 0.006317194 -0.009792803 0.999932051 67.202613831
0.999982059 0.000820241 -0.005945383 -0.573112547 -0.000767873 0.999960899 0.008805138 -0.951512337 0.005952371 -0.008800416 0.999943554 68.399826050
0.999976158 0.002894239 -0.006268236 -0.583152652 -0.002837220 0.999954700 0.009086299 -0.964431584 0.006294250 -0.009068298 0.999939024 69.591125488
0.999968708 0.005016525 -0.006117323 -0.597257733 -0.004959011 0.999943733 0.009381033 -0.974590003 0.006164039 -0.009350405 0.999937236 70.775520325
0.999962449 0.006348397 -0.005916655 -0.614044964 -0.006290719 0.999933004 0.009716815 -0.982980788 0.005977946 -0.009679228 0.999935269 71.974929810
0.999961793 0.007069638 -0.005139757 -0.625833392 -0.007013769 0.999917030 0.010807916 -0.992428303 0.005215740 -0.010771455 0.999928296 73.170471191
0.999956429 0.008716809 -0.003332268 -0.635168076 -0.008677596 0.999894977 0.011606721 -1.000809431 0.003433093 -0.011577300 0.999926984 74.367591858
0.999971211 0.007575090 -0.000449882 -0.638393462 -0.007570695 0.999930084 0.009076866 -1.012054920 0.000518608 -0.009073199 0.999958694 75.538215637
0.999986053 0.004865981 0.002053247 -0.640324950 -0.004874153 0.999980092 0.003993850 -1.023471832 -0.002033772 -0.004003803 0.999989927 76.712593079
0.999970675 0.006025568 0.004732947 -0.639627635 -0.006042122 0.999975681 0.003491298 -1.037506819 -0.004711795 -0.003519792 0.999982715 77.895683289
0.999961734 0.004861614 0.007281246 -0.633655488 -0.004913505 0.999962509 0.007125664 -1.054300904 -0.007246331 -0.007161167 0.999948144 79.077995300
0.999931753 0.004987255 0.010571573 -0.624727368 -0.005076794 0.999951363 0.008459994 -1.067096114 -0.010528868 -0.008513085 0.999908328 80.255714417
0.999879599 0.005103541 0.014655161 -0.614023387 -0.005201906 0.999964178 0.006681792 -1.079036117 -0.014620536 -0.006757223 0.999870300 81.424156189
0.999824226 0.003971410 0.018324250 -0.598837972 -0.004039329 0.999985099 0.003670927 -1.094502091 -0.018309399 -0.003744299 0.999825358 82.589660645
0.999761224 0.002541316 0.021702664 -0.577057540 -0.002548347 0.999996722 0.000296331 -1.112625003 -0.021701843 -0.000351566 0.999764442 83.751289368
0.999680400 0.002217487 0.025183842 -0.551382840 -0.002203941 0.999997437 -0.000565619 -1.132438540 -0.025185032 0.000509934 0.999682665 84.906150818
0.999586940 0.001798854 0.028688479 -0.521977723 -0.001832127 0.999997675 0.001133550 -1.153454661 -0.028686373 -0.001185642 0.999587774 86.072875977
0.999471068 0.003371048 0.032348149 -0.493903250 -0.003431767 0.999992490 0.001821736 -1.179036260 -0.032341763 -0.001931783 0.999475062 87.242683411
0.999337494 0.002465337 0.036308795 -0.455785096 -0.002443434 0.999996841 -0.000647587 -1.194387794 -0.036310270 0.000558440 0.999340355 88.384307861
0.999221742 0.002253113 0.039379645 -0.412510037 -0.002141705 0.999993622 -0.002871026 -1.216994524 -0.039385863 0.002784452 0.999220133 89.533187866
0.999085963 0.002545845 0.042672999 -0.369438916 -0.002409261 0.999991775 -0.003251856 -1.235880375 -0.042680923 0.003146073 0.999083817 90.694007874
0.998959541 0.001817078 0.045569248 -0.320140123 -0.001723988 0.999996364 -0.002082035 -1.256500363 -0.045572862 0.002001308 0.998959005 91.852859497
0.998824894 0.000402927 0.048461910 -0.273471117 -0.000373171 0.999999762 -0.000623056 -1.279333830 -0.048462152 0.000604239 0.998824835 93.007415771
0.998696983 -0.000302604 0.051032405 -0.213434190 0.000243975 0.999999225 0.001155083 -1.297744155 -0.051032722 -0.001141127 0.998696268 94.168693542
0.998576343 -0.001832695 0.053310595 -0.148965344 0.001726547 0.999996424 0.002037116 -1.314606667 -0.053314142 -0.001942172 0.998575926 95.330856323
0.998438954 -0.002827323 0.055782914 -0.094713025 0.002842135 0.999995887 -0.000186192 -1.334391594 -0.055782154 0.000344444 0.998442948 96.479301453
0.998314440 -0.004198991 0.057884105 -0.026605304 0.004422475 0.999983251 -0.003733317 -1.354583979 -0.057867467 0.003983016 0.998316348 97.635307312
0.998199224 -0.003259469 0.059897799 0.034333918 0.003647068 0.999973059 -0.006362804 -1.376821041 -0.059875455 0.006569797 0.998184264 98.793594360
0.998091280 -0.003328365 0.061664894 0.105943233 0.003787203 0.999965906 -0.007325444 -1.402216434 -0.061638407 0.007544999 0.998070002 99.965751648
0.998084962 -0.003364420 0.061765824 0.179088622 0.003787341 0.999970078 -0.006731369 -1.427398205 -0.061741330 0.006952406 0.998067975 101.142463684
0.998113394 -0.003245711 0.061311074 0.239971116 0.003555070 0.999981463 -0.004937322 -1.454784989 -0.061293904 0.005145974 0.998106480 102.322425842
0.998188257 -0.003394767 0.060071610 0.302187234 0.003610020 0.999987304 -0.003475091 -1.476019979 -0.060059048 0.003685655 0.998188078 103.516761780
0.998303592 -0.003127855 0.058139127 0.362238854 0.003282012 0.999991357 -0.002556222 -1.499217153 -0.058130618 0.002742699 0.998305261 104.697196960
0.998463869 -0.003094660 0.055321489 0.429735392 0.003222178 0.999992371 -0.002215990 -1.517742872 -0.055314206 0.002390841 0.998466253 105.905357361
0.998602450 -0.002560744 0.052787676 0.478962988 0.002686511 0.999993682 -0.002311706 -1.537769079 -0.052781425 0.002450290 0.998603106 107.095451355
0.998791456 -0.000840648 0.049142931 0.527160048 0.000983975 0.999995291 -0.002892410 -1.552964330 -0.049140267 0.002937270 0.998787642 108.300376892
0.998978972 -0.000698848 0.045174837 0.575103104 0.000809580 0.999996722 -0.002432943 -1.576325893 -0.045172993 0.002467032 0.998976111 109.499046326
0.999158204 -0.000699672 0.041018426 0.627149880 0.000750272 0.999999046 -0.001218194 -1.600100875 -0.041017532 0.001247944 0.999157667 110.729095459
0.999323845 0.000058500 0.036770787 0.662618935 -0.000041758 0.999999821 -0.000456103 -1.621967912 -0.036770806 0.000454259 0.999323606 111.920425415
0.999477923 -0.000071351 0.032310016 0.696457267 0.000070029 1.000000119 0.000042072 -1.640643358 -0.032310020 -0.000039787 0.999477923 113.138069153
0.999635160 0.000333292 0.027007941 0.732369721 -0.000333330 0.999999940 -0.000003084 -1.657143354 -0.027007941 -0.000005920 0.999635279 114.356651306
0.999748945 0.001127916 0.022384392 0.747322917 -0.001131430 0.999999285 0.000144278 -1.682178855 -0.022384217 -0.000169569 0.999749362 115.593627930
0.999846995 0.001577110 0.017427828 0.760719597 -0.001574781 0.999998748 -0.000147329 -1.699288726 -0.017428039 0.000119862 0.999848127 116.820533752
0.999914885 0.002722588 0.012760416 0.770989001 -0.002712819 0.999996006 -0.000782775 -1.723135352 -0.012762497 0.000748092 0.999918163 118.037506104
0.999945223 0.004635954 0.009389270 0.774445117 -0.004627924 0.999988914 -0.000876772 -1.740867615 -0.009393229 0.000833271 0.999955535 119.273628235
0.999956787 0.006188116 0.006954995 0.780171752 -0.006184559 0.999980748 -0.000532756 -1.764172316 -0.006958156 0.000489719 0.999975681 120.490608215
0.999949753 0.007840976 0.006244631 0.773442686 -0.007834613 0.999968767 -0.001042647 -1.787490726 -0.006252611 0.000993670 0.999979973 121.745918274
0.999936163 0.010098211 0.005053564 0.771442592 -0.010094808 0.999948859 -0.000698183 -1.806891322 -0.005060355 0.000647124 0.999987006 122.986312866
0.999929130 0.011194264 0.004042223 0.773401082 -0.011194322 0.999937356 -0.000007497 -1.825035453 -0.004042053 -0.000037754 0.999991775 124.228141785
0.999935031 0.010876327 0.003421422 0.770129621 -0.010877159 0.999940932 0.000225277 -1.840289474 -0.003418769 -0.000262478 0.999994099 125.480392456
0.999885798 0.014828596 0.002918294 0.752067029 -0.014835250 0.999887347 0.002271861 -1.861000299 -0.002884277 -0.002314895 0.999993145 126.724983215
0.999874532 0.015685922 0.002209166 0.746378660 -0.015697720 0.999862015 0.005428686 -1.874756575 -0.002123707 -0.005462684 0.999982774 127.975440979
0.999894142 0.014465570 0.001588937 0.745869696 -0.014473778 0.999881268 0.005282017 -1.896583319 -0.001512341 -0.005304455 0.999984801 129.227279663
0.999899507 0.014141500 0.001027591 0.738902807 -0.014145192 0.999893188 0.003679172 -1.904119015 -0.000975452 -0.003693337 0.999992728 130.480468750
0.999935150 0.011393948 -0.000092541 0.744959474 -0.011393382 0.999923885 0.004737630 -1.920192719 0.000146515 -0.004736267 0.999988794 131.739074707
0.999955595 0.009388361 -0.000824090 0.739296138 -0.009382748 0.999934494 0.006568194 -1.934567571 0.000885700 -0.006560170 0.999978065 133.008926392
0.999982893 0.005842856 -0.000305989 0.723462462 -0.005840099 0.999948144 0.008343689 -1.946591377 0.000354724 -0.008341759 0.999965131 134.283294678
0.999992132 0.003925668 -0.000606547 0.717020452 -0.003919762 0.999947667 0.009448497 -1.959417701 0.000643606 -0.009446044 0.999955118 135.559066772
0.999998808 -0.000342214 -0.001493895 0.733274698 0.000354035 0.999968529 0.007920129 -1.966566086 0.001491138 -0.007920645 0.999967515 136.808746338
0.999994278 -0.002985613 -0.001552073 0.729855835 0.002996142 0.999972224 0.006826706 -1.975564122 0.001531648 -0.006831318 0.999975562 138.080612183
0.999991953 -0.003776519 -0.001353339 0.728131056 0.003785304 0.999971390 0.006548428 -1.983856678 0.001328570 -0.006553498 0.999977648 139.357604980
0.999991179 -0.004113559 -0.000814035 0.720727146 0.004118826 0.999969959 0.006578988 -1.992671847 0.000786947 -0.006582282 0.999978065 140.636520386
0.999992430 -0.003832476 -0.000564092 0.721589506 0.003837314 0.999953568 0.008839745 -2.004990816 0.000530188 -0.008841843 0.999960780 141.904891968
0.999998629 -0.001643331 0.000058955 0.711410463 0.001642652 0.999947608 0.010100320 -2.012621641 -0.000075550 -0.010100209 0.999949038 143.182678223
0.999997616 -0.001946783 0.000985247 0.706431210 0.001938203 0.999960780 0.008635989 -2.026672840 -0.001002020 -0.008634061 0.999962211 144.472869873
0.999998331 -0.001120055 0.001416847 0.698940277 0.001109993 0.999974310 0.007082773 -2.040446520 -0.001424743 -0.007081190 0.999973893 145.746124268
0.999997556 -0.001080166 0.001920094 0.693718195 0.001071293 0.999988794 0.004615964 -2.056920290 -0.001925057 -0.004613896 0.999987543 147.029464722
0.999994457 -0.002511622 0.002189397 0.696165323 0.002510801 0.999996781 0.000377629 -2.073119164 -0.002190338 -0.000372130 0.999997556 148.309051514
0.999991894 -0.002444518 0.003191204 0.683478177 0.002455106 0.999991477 -0.003318388 -2.093632221 -0.003183065 0.003326196 0.999989510 149.585052490
0.999991894 -0.002765991 0.002918532 0.691116273 0.002778531 0.999986887 -0.004301088 -2.117052794 -0.002906597 0.004309163 0.999986410 150.854598999
0.999990940 -0.002766975 0.003230741 0.683639705 0.002779744 0.999988377 -0.003954158 -2.145082951 -0.003219763 0.003963103 0.999986947 152.121047974
0.999993742 -0.002413355 0.002582080 0.692876816 0.002421597 0.999991953 -0.003193364 -2.174617290 -0.002574353 0.003199597 0.999991596 153.379791260
0.999994576 -0.002554049 0.002066717 0.696467400 0.002558428 0.999994457 -0.002119285 -2.201223850 -0.002061293 0.002124561 0.999995649 154.637969971
0.999996126 -0.001215946 0.002513315 0.677288353 0.001220367 0.999997616 -0.001758223 -2.222786427 -0.002511171 0.001761283 0.999995291 155.909774780
0.999997675 -0.000882227 0.001998232 0.672837019 0.000885945 0.999997854 -0.001860600 -2.249421597 -0.001996586 0.001862366 0.999996305 157.177017212
0.999999106 -0.000888157 0.001013676 0.673845291 0.000889841 0.999998212 -0.001661231 -2.276533842 -0.001012199 0.001662132 0.999998093 158.447448730
0.999998748 -0.001511656 0.000397250 0.667772830 0.001511734 0.999998868 -0.000196035 -2.302947998 -0.000396953 0.000196635 0.999999881 159.713592529
0.999999940 -0.000390787 -0.000083498 0.659718633 0.000390790 1.000000000 0.000043169 -2.325412035 0.000083482 -0.000043202 1.000000000 160.990249634
0.999999762 -0.000226123 -0.000652313 0.652518809 0.000225211 0.999999046 -0.001397797 -2.342732430 0.000652628 0.001397650 0.999998808 162.258499146
0.999999166 0.000248388 -0.001247978 0.644623399 -0.000251319 0.999997139 -0.002348416 -2.367985725 0.001247392 0.002348727 0.999996483 163.511764526
0.999997318 0.001108066 -0.002014369 0.636843562 -0.001112973 0.999996364 -0.002436274 -2.390605688 0.002011662 0.002438509 0.999994993 164.776519775
0.999995649 0.000982503 -0.002780267 0.628105342 -0.000991357 0.999994457 -0.003185080 -2.415892601 0.002777121 0.003187822 0.999991059 166.044738770
0.999991477 0.001228267 -0.003945718 0.622209668 -0.001246070 0.999989092 -0.004512550 -2.439055920 0.003940132 0.004517429 0.999982059 167.313354492
0.999989808 0.001233444 -0.004321477 0.610374272 -0.001251013 0.999990880 -0.004065186 -2.466363668 0.004316424 0.004070551 0.999982297 168.585266113
0.999985099 0.001396275 -0.005264648 0.600753129 -0.001410496 0.999995351 -0.002698534 -2.492987394 0.005260855 0.002705920 0.999982476 169.860015869
0.999983370 0.001228163 -0.005617615 0.588191569 -0.001240673 0.999996781 -0.002224115 -2.520124435 0.005614866 0.002231048 0.999981761 171.125488281
0.999979258 0.001636850 -0.006223405 0.570737839 -0.001648514 0.999996901 -0.001869611 -2.544002533 0.006220325 0.001879831 0.999978900 172.395355225
0.999975801 0.001608830 -0.006758142 0.554754078 -0.001620211 0.999997258 -0.001678921 -2.568585873 0.006755423 0.001689830 0.999975801 173.679107666
0.999967754 0.002374550 -0.007662788 0.538693249 -0.002391926 0.999994516 -0.002259099 -2.600100040 0.007657383 0.002277354 0.999968052 174.935287476
0.999964297 0.003170058 -0.007839468 0.519258499 -0.003192944 0.999990582 -0.002908517 -2.622180939 0.007830177 0.002933444 0.999965012 176.211212158
0.999956787 0.003343418 -0.008668685 0.502211988 -0.003367813 0.999990344 -0.002800989 -2.640109301 0.008659239 0.002830062 0.999958456 177.469268799
0.999956071 0.003214784 -0.008803452 0.477596879 -0.003248651 0.999987364 -0.003835480 -2.667432785 0.008791011 0.003863911 0.999953866 178.733306885
0.999959886 0.002161699 -0.008693861 0.457413346 -0.002208237 0.999983311 -0.005347046 -2.693021059 0.008682157 0.005366029 0.999947906 179.998733521
0.999959528 -0.000927464 -0.008948692 0.446295708 0.000880444 0.999985814 -0.005257023 -2.719582558 0.008953442 0.005248932 0.999946058 181.261596680
0.999945521 -0.000715937 -0.010408156 0.443171650 0.000702636 0.999998987 -0.001281594 -2.747860909 0.010409063 0.001274211 0.999944985 182.531936646
0.999955237 -0.001454251 -0.009346220 0.411130011 0.001480096 0.999995112 0.002758990 -2.769842386 0.009342164 -0.002772700 0.999952435 183.783081055
0.999956429 -0.000113637 -0.009334560 0.395449013 0.000132442 0.999997973 0.002014036 -2.787966728 0.009334313 -0.002015185 0.999954343 185.042877197
0.999957204 0.000999713 -0.009193533 0.375206828 -0.001009149 0.999998987 -0.001021789 -2.807884932 0.009192502 0.001031023 0.999957204 186.273651123
0.999955833 0.001253710 -0.009304065 0.357525140 -0.001281262 0.999994814 -0.002955960 -2.831281424 0.009300311 0.002967751 0.999952376 187.519195557
0.999951720 0.001148107 -0.009757644 0.338728607 -0.001172753 0.999996245 -0.002520433 -2.858315229 0.009754712 0.002531755 0.999949217 188.763076782
0.999954045 0.001214427 -0.009507213 0.319992810 -0.001232285 0.999997497 -0.001872686 -2.878363848 0.009504915 0.001884316 0.999953032 190.008193970
0.999954760 0.001228802 -0.009429115 0.303717673 -0.001221200 0.999998927 0.000811964 -2.910098076 0.009430103 -0.000800413 0.999955177 191.253509521
0.999962568 0.000374428 -0.008642600 0.286523104 -0.000359473 0.999998450 0.001731824 -2.934707165 0.008643234 -0.001728652 0.999961078 192.505676270
0.999971986 0.000408035 -0.007465668 0.276611656 -0.000400363 0.999999404 0.001029206 -2.955580711 0.007466082 -0.001026188 0.999971569 193.743942261
0.999981582 -0.000956701 -0.005983542 0.261709660 0.000954825 0.999999583 -0.000316497 -2.979864836 0.005983842 0.000310778 0.999982059 194.974655151
0.999988198 -0.000546925 -0.004822218 0.256049842 0.000537399 0.999997914 -0.001976392 -3.003177404 0.004823289 0.001973777 0.999986410 196.196243286
0.999991477 -0.001484541 -0.003857361 0.252748638 0.001474907 0.999995887 -0.002499532 -3.027151585 0.003861055 0.002493822 0.999989450 197.413436890
0.999997377 -0.000833289 -0.002185162 0.239033401 0.000829565 0.999998152 -0.001704768 -3.055268049 0.002186578 0.001702951 0.999996066 198.638336182
0.999998271 -0.001396790 -0.001193748 0.239846200 0.001396808 0.999999046 0.000014838 -3.080707788 0.001193726 -0.000016505 0.999999285 199.854400635
0.999999702 -0.000743386 0.000211761 0.227460146 0.000743265 0.999999583 0.000572680 -3.109606028 -0.000212186 -0.000572523 0.999999821 201.074554443
0.999998927 -0.000516900 0.001392584 0.221525803 0.000515905 0.999999642 0.000714589 -3.129595518 -0.001392953 -0.000713870 0.999998748 202.286193848
0.999996960 -0.000677650 0.002379490 0.222067058 0.000676256 0.999999583 0.000586875 -3.149775028 -0.002379887 -0.000585263 0.999997020 203.490936279
0.999993980 -0.000897037 0.003352621 0.224142879 0.000894028 0.999999225 0.000899208 -3.173451185 -0.003353425 -0.000896205 0.999993980 204.685775757
0.999992192 -0.000481584 0.003935803 0.222957075 0.000478429 0.999999523 0.000802565 -3.196939945 -0.003936188 -0.000800675 0.999991953 205.874465942
0.999984562 -0.000888057 0.005487347 0.208351105 0.000884259 0.999999344 0.000694553 -3.218436480 -0.005487960 -0.000689690 0.999984741 207.048721313
0.999982595 -0.001880539 0.005585982 0.216326565 0.001877535 0.999998093 0.000542930 -3.238945723 -0.005586992 -0.000532433 0.999984324 208.218719482
0.999982834 -0.001720619 0.005601830 0.220040470 0.001709178 0.999996424 0.002046613 -3.271105766 -0.005605331 -0.002037004 0.999982297 209.368698120
0.999978244 -0.002353579 0.006161079 0.205051750 0.002338225 0.999994099 0.002497955 -3.285441875 -0.006166922 -0.002483493 0.999977946 210.493667603
0.999977887 -0.002187050 0.006291395 0.200867027 0.002172637 0.999994993 0.002296699 -3.306129932 -0.006296386 -0.002282977 0.999977648 211.606262207
0.999984264 -0.001547613 0.005394873 0.199697033 0.001539457 0.999997675 0.001515637 -3.330775738 -0.005397206 -0.001507308 0.999984324 212.717910767
0.999986768 -0.000752174 0.005097600 0.201878726 0.000749962 0.999999583 0.000435783 -3.346460104 -0.005097926 -0.000431954 0.999986947 213.807647705
0.999989688 -0.001404304 0.004300990 0.198710948 0.001401699 0.999998808 0.000609002 -3.371812344 -0.004301839 -0.000602967 0.999990582 214.872528076
0.999992132 -0.001879326 0.003473858 0.196115300 0.001877712 0.999998093 0.000468171 -3.391319990 -0.003474731 -0.000461645 0.999993920 215.935607910
0.999995887 -0.002524422 0.001375536 0.197553098 0.002522432 0.999995708 0.001447055 -3.415929794 -0.001379183 -0.001443579 0.999998033 216.986389160
0.999994338 -0.003315452 -0.000624069 0.190584973 0.003317284 0.999990046 0.002957484 -3.435143232 0.000614257 -0.002959538 0.999995410 218.025222778
0.999991238 -0.003353314 -0.002526637 0.181130812 0.003364942 0.999983728 0.004611803 -3.453642607 0.002511130 -0.004620264 0.999986172 219.064178467
0.999983251 -0.002995400 -0.004951780 0.170191705 0.003018813 0.999984384 0.004727728 -3.471716166 0.004937541 -0.004742598 0.999976575 220.058044434
0.999970555 -0.003038088 -0.007039781 0.154991016 0.003067270 0.999986708 0.004138263 -3.485261679 0.007027116 -0.004159735 0.999966681 221.052062988
0.999947727 -0.002655485 -0.009872099 0.138858229 0.002695221 0.999988377 0.004013978 -3.501086950 0.009861324 -0.004040376 0.999943197 222.028472900
0.999910176 -0.002069139 -0.013241623 0.122860901 0.002133510 0.999985933 0.004849006 -3.524085760 0.013231401 -0.004876820 0.999900579 222.967575073
0.999867678 -0.001903824 -0.016157242 0.101059698 0.001986277 0.999985039 0.005088672 -3.547177315 0.016147310 -0.005120091 0.999856532 223.891967773
0.999816537 -0.001573003 -0.019088784 0.074862331 0.001656323 0.999989152 0.004349857 -3.561576605 0.019081732 -0.004380676 0.999808311 224.798278809
0.999744594 -0.001811136 -0.022524981 0.053473882 0.001885918 0.999992788 0.003299118 -3.573000193 0.022518843 -0.003340756 0.999740779 225.685882568
0.999675035 -0.000908691 -0.025471581 0.026719844 0.000987295 0.999994814 0.003073533 -3.592174530 0.025468653 -0.003097682 0.999670744 226.535369873
0.999597371 -0.000559901 -0.028367803 -0.005266999 0.000630803 0.999996722 0.002490513 -3.609073162 0.028366318 -0.002507404 0.999594390 227.366577148
0.999521792 0.000808694 -0.030909536 -0.036082298 -0.000731790 0.999996662 0.002499261 -3.627507925 0.030911455 -0.002475447 0.999518991 228.183563232
0.999502599 0.002132696 -0.031464849 -0.066341020 -0.002042868 0.999993742 0.002886759 -3.641797304 0.031470813 -0.002821045 0.999500632 228.988693237
0.999512613 0.002110678 -0.031147495 -0.091953553 -0.002000751 0.999991655 0.003559970 -3.653831005 0.031154752 -0.003495917 0.999508440 229.767745972
0.999536157 0.002253201 -0.030371046 -0.124093920 -0.002125694 0.999988794 0.004229958 -3.667818069 0.030380240 -0.004163437 0.999529719 230.536254883
0.999535084 0.001988871 -0.030424332 -0.148704544 -0.001860863 0.999989450 0.004235136 -3.686989069 0.030432438 -0.004176552 0.999528110 231.278900146
0.999563098 0.002957836 -0.029408731 -0.176684752 -0.002884373 0.999992609 0.002540110 -3.703024387 0.029416030 -0.002454174 0.999564290 232.010620117
0.999579668 0.002975932 -0.028836409 -0.194752604 -0.002962920 0.999995530 0.000493946 -3.714677095 0.028837753 -0.000408299 0.999584019 232.740097046
0.999608994 0.002460733 -0.027853848 -0.220288962 -0.002490788 0.999996364 -0.001044372 -3.731507778 0.027851176 0.001113342 0.999611437 233.477630615
0.999644876 0.003296230 -0.026445895 -0.244244173 -0.003336470 0.999993324 -0.001477607 -3.744677782 0.026440853 0.001565318 0.999649167 234.203323364
0.999675512 0.002739035 -0.025324712 -0.254908949 -0.002781728 0.999994695 -0.001650749 -3.759176016 0.025320055 0.001720659 0.999677956 234.914688110
0.999730706 0.002121032 -0.023110004 -0.278902233 -0.002163482 0.999995947 -0.001812001 -3.774060011 0.023106068 0.001861511 0.999731302 235.632583618
0.999780893 0.002887681 -0.020735683 -0.295915693 -0.002929795 0.999993622 -0.002000902 -3.788016081 0.020729773 0.002061215 0.999782979 236.344787598
0.999819577 0.002386145 -0.018846566 -0.308297426 -0.002433098 0.999993920 -0.002468775 -3.800818205 0.018840563 0.002514185 0.999819279 237.053924561
0.999866903 0.002158285 -0.016170988 -0.328048795 -0.002189389 0.999995768 -0.001906004 -3.820104361 0.016166804 0.001941155 0.999867439 237.768325806
0.999907792 0.000908192 -0.013549722 -0.329257220 -0.000918260 0.999999285 -0.000736840 -3.840245008 0.013549040 0.000749214 0.999907970 238.465988159
0.999948859 0.000365454 -0.010103953 -0.344307989 -0.000375656 0.999999404 -0.001007782 -3.848438025 0.010103581 0.001011526 0.999948442 239.169754028
0.999977410 0.000211621 -0.006709726 -0.355151594 -0.000216399 0.999999642 -0.000711462 -3.865727186 0.006709574 0.000712898 0.999977231 239.859390259
0.999992311 -0.000175824 -0.003915742 -0.356572568 0.000171632 0.999999404 -0.001070973 -3.878598452 0.003915928 0.001070293 0.999991775 240.548110962
0.999999166 -0.000287401 -0.001200344 -0.357784450 0.000285587 0.999998808 -0.001511021 -3.890419006 0.001200778 0.001510677 0.999998212 241.250152588
0.999998093 0.000368213 0.001926665 -0.360276461 -0.000363860 0.999997377 -0.002259479 -3.904177666 -0.001927492 0.002258774 0.999995589 241.936172485
0.999983847 0.000680364 0.005652046 -0.363085270 -0.000664375 0.999995768 -0.002830309 -3.918501616 -0.005653948 0.002826508 0.999980032 242.629089355
0.999965906 0.000642531 0.008234967 -0.357707292 -0.000628349 0.999998271 -0.001724592 -3.932086229 -0.008236061 0.001719359 0.999964595 243.332260132
0.999946654 0.001256751 0.010254977 -0.349421114 -0.001242352 0.999998212 -0.001410265 -3.943280935 -0.010256731 0.001397450 0.999946475 244.038742065
0.999917686 0.000747074 0.012812608 -0.343545854 -0.000725109 0.999998271 -0.001718929 -3.956285477 -0.012813869 0.001709496 0.999916553 244.743331909
0.999881506 0.000845681 0.015368279 -0.338629901 -0.000798622 0.999994993 -0.003067960 -3.971400738 -0.015370796 0.003055324 0.999877274 245.449630737
0.999862671 0.000890424 0.016546993 -0.321499646 -0.000797901 0.999984026 -0.005597262 -3.982884645 -0.016551711 0.005583290 0.999847412 246.165100098
0.999841034 0.000556112 0.017819844 -0.310713828 -0.000421524 0.999971390 -0.007555620 -3.994178534 -0.017823532 0.007546906 0.999812722 246.882186890
0.999846637 -0.000046323 0.017511090 -0.294985145 0.000175134 0.999972939 -0.007354543 -4.013842583 -0.017510276 0.007356481 0.999819577 247.606216431
0.999849439 -0.001418253 0.017294347 -0.281281024 0.001554234 0.999968052 -0.007851806 -4.031435490 -0.017282659 0.007877504 0.999819577 248.335769653
0.999845505 0.000169030 0.017575374 -0.272844374 -0.000024783 0.999966323 -0.008207268 -4.046047688 -0.017576169 0.008205566 0.999811769 249.066467285
0.999838293 0.000439077 0.017975038 -0.262801766 -0.000283596 0.999962628 -0.008651471 -4.061671734 -0.017978163 0.008644976 0.999800920 249.806838989
0.999831319 -0.000633967 0.018354613 -0.255025357 0.000830595 0.999942303 -0.010707114 -4.079255104 -0.018346766 0.010720556 0.999774218 250.551696777
0.999813080 -0.004423591 0.018819224 -0.240246505 0.004664653 0.999907315 -0.012784755 -4.099346161 -0.018760927 0.012870150 0.999741137 251.299804688
0.999784768 -0.007753265 0.019244434 -0.222412929 0.008017556 0.999874115 -0.013694447 -4.116446495 -0.019135833 0.013845791 0.999720991 252.066345215
0.999790013 -0.005131091 0.019840786 -0.210754037 0.005327151 0.999937475 -0.009841473 -4.131097794 -0.019789046 0.009945099 0.999754667 252.845764160
0.999789894 -0.001208562 0.020460825 -0.208124816 0.001282413 0.999992669 -0.003596618 -4.149123192 -0.020456329 0.003622101 0.999784112 253.626907349
0.999775708 -0.001936198 0.021088351 -0.191736087 0.001939898 0.999998093 -0.000155008 -4.166505814 -0.021088010 0.000195882 0.999777555 254.411331177
0.999711812 -0.003116956 0.023801358 -0.174952760 0.003174631 0.999992073 -0.002385745 -4.176580429 -0.023793735 0.002460618 0.999713778 255.209091187
0.999604642 -0.002305588 0.028021444 -0.162062302 0.002542973 0.999961138 -0.008438850 -4.189311028 -0.028000899 0.008506771 0.999571621 255.999542236
0.999495983 -0.000239701 0.031742230 -0.143259704 0.000621295 0.999927640 -0.012012358 -4.206295967 -0.031737056 0.012026025 0.999423802 256.811645508
0.999390781 0.001968905 0.034845911 -0.114553057 -0.001549347 0.999926031 -0.012063283 -4.219896317 -0.034867082 0.012001943 0.999319911 257.647033691
0.999287784 0.000453945 0.037731960 -0.079760201 -0.000085094 0.999952197 -0.009776589 -4.237099171 -0.037734590 0.009766416 0.999240100 258.473419189
0.999151707 -0.002788645 0.041088834 -0.048963539 0.003045356 0.999976218 -0.006186461 -4.261399746 -0.041070603 0.006306342 0.999136388 259.307373047
0.999030113 -0.005499371 0.043685608 -0.007077990 0.005721685 0.999971271 -0.004965559 -4.277609348 -0.043657031 0.005210699 0.999032974 260.164428711
0.998892486 -0.005342596 0.046746328 0.028719246 0.005547089 0.999975562 -0.004245894 -4.297261715 -0.046722498 0.004500498 0.998897731 261.005554199
0.998797953 -0.002828644 0.048935603 0.072664112 0.003141113 0.999975145 -0.006309585 -4.313339233 -0.048916534 0.006455713 0.998782039 261.852508545
0.998670816 -0.001596219 0.051517215 0.113989092 0.002051303 0.999959290 -0.008781968 -4.329440117 -0.051501095 0.008875971 0.998633504 262.713317871
0.998536229 -0.001248971 0.054073170 0.154489473 0.001731550 0.999959171 -0.008878602 -4.347678185 -0.054059874 0.008959235 0.998497486 263.554870605
0.998377144 -0.000390867 0.056946538 0.195943445 0.000792449 0.999975026 -0.007029484 -4.365438461 -0.056942362 0.007063204 0.998352468 264.399536133
0.998206317 0.000470915 0.059865389 0.247772217 -0.000176409 0.999987841 -0.004924658 -4.398299694 -0.059866980 0.004905265 0.998194337 265.270812988
0.998029113 0.001029985 0.062743589 0.296910942 -0.000713782 0.999986887 -0.005061819 -4.415448189 -0.062747978 0.005007057 0.998016894 266.116729736
0.997868478 0.001755714 0.065233953 0.354834199 -0.001380544 0.999982297 -0.005795771 -4.427808285 -0.065242968 0.005693360 0.997853220 266.965606689
0.997674763 -0.000294358 0.068154238 0.407109290 0.000714287 0.999980927 -0.006137155 -4.447951317 -0.068151131 0.006171566 0.997655928 267.828674316
0.997549713 -0.003164870 0.069889158 0.467301071 0.003557914 0.999978483 -0.005500054 -4.463640690 -0.069870256 0.005735237 0.997539639 268.670135498
0.997501552 -0.003690845 0.070548095 0.531843543 0.004118124 0.999974012 -0.005912099 -4.478663921 -0.070524454 0.006187854 0.997490823 269.524688721
0.997450292 -0.004651913 0.071212433 0.586032450 0.005052554 0.999972403 -0.005446897 -4.501576424 -0.071185112 0.005792813 0.997446299 270.379943848
0.997449934 -0.004351462 0.071236946 0.650937200 0.004766191 0.999972641 -0.005652876 -4.514844418 -0.071210399 0.005977989 0.997443438 271.233276367
0.997451603 -0.004559372 0.071200021 0.699877083 0.004935224 0.999974787 -0.005103772 -4.535160542 -0.071174942 0.005442153 0.997448981 272.096954346
0.997478545 -0.003582532 0.070877187 0.760718346 0.003938019 0.999980330 -0.004876419 -4.548146725 -0.070858322 0.005143240 0.997473061 272.957092285
0.997602582 -0.003814149 0.069097318 0.824190617 0.004210684 0.999975443 -0.005594038 -4.566972733 -0.069074295 0.005871575 0.997594178 273.814147949
0.997673988 -0.004065762 0.068044357 0.870486259 0.004492050 0.999971151 -0.006112995 -4.592366219 -0.068017550 0.006404434 0.997663558 274.682922363
0.997797608 -0.003348039 0.066246681 0.926882327 0.003823266 0.999967873 -0.007048103 -4.609232903 -0.066220969 0.007285859 0.997778356 275.542602539
0.997887552 -0.002078190 0.064931221 0.971827626 0.002554907 0.999970376 -0.007259715 -4.631101131 -0.064914204 0.007410273 0.997863293 276.393707275
0.997997284 -0.001207328 0.063245229 1.021756768 0.001688594 0.999969959 -0.007556631 -4.651344776 -0.063234210 0.007648292 0.997969389 277.247711182
0.998154044 -0.000016269 0.060732670 1.075134754 0.000441068 0.999975502 -0.006981169 -4.669869423 -0.060731068 0.006995070 0.998129606 278.107940674
0.998320520 -0.000327110 0.057931591 1.119247198 0.000642133 0.999985099 -0.005419319 -4.692923069 -0.057928950 0.005447417 0.998305798 278.957244873
0.998556435 -0.001205082 0.053699058 1.167889476 0.001387486 0.999993324 -0.003359627 -4.703123569 -0.053694654 0.003429284 0.998551548 279.818298340
0.998798192 -0.002300218 0.048957586 1.202509046 0.002391913 0.999995410 -0.001814442 -4.721067429 -0.048953190 0.001929363 0.998799264 280.653594971
0.999022841 -0.002741916 0.044112019 1.234903932 0.002775878 0.999995947 -0.000708652 -4.738699913 -0.044109888 0.000830409 0.999026418 281.486694336
0.999215126 -0.003005646 0.039497200 1.263918638 0.002994925 0.999995470 0.000330597 -4.756520271 -0.039498009 -0.000212047 0.999219537 282.314117432
0.999383867 -0.003213335 0.034951042 1.286880374 0.003199680 0.999994755 0.000446628 -4.767349720 -0.034952290 -0.000334521 0.999388874 283.126953125
0.999536037 -0.004896200 0.030062586 1.311156988 0.004869829 0.999987662 0.000950372 -4.788163662 -0.030066872 -0.000803532 0.999547601 283.925079346
0.999652565 -0.005162898 0.025850140 1.325332642 0.005141159 0.999986291 0.000907415 -4.806318283 -0.025854472 -0.000774200 0.999665439 284.707855225
0.999745250 -0.004744039 0.022065310 1.338767409 0.004733632 0.999988616 0.000523896 -4.819120407 -0.022067545 -0.000419314 0.999756396 285.472625732
0.999822199 -0.004566564 0.018293034 1.346128941 0.004559776 0.999989510 0.000412734 -4.833631516 -0.018294727 -0.000329248 0.999832571 286.221771240
