1.000000000 0.000000000 0.000000000 0.000000000 0.000000000 1.000000000 0.000000000 0.000000000 0.000000000 0.000000000 1.000000000 0.000000000
0.999997318 0.001030542 0.002083807 -0.009761354 -0.001028316 0.999998927 -0.001068871 -0.016831642 -0.002084907 0.001066725 0.999997258 1.206237078
0.999985337 0.001699565 0.005129514 -0.037857823 -0.001694822 0.999998093 -0.000928782 -0.035446037 -0.005131083 0.000920075 0.999986410 2.441150427
0.999980807 0.001264835 0.006060384 -0.033276722 -0.001260684 0.999998927 -0.000688839 -0.053263471 -0.006061248 0.000681185 0.999981403 3.658231497
0.999973834 0.001184562 0.007134411 -0.031195953 -0.001178644 0.999998987 -0.000833587 -0.073502846 -0.007135391 0.000825156 0.999974251 4.857234478
0.999969840 0.000943360 0.007710999 -0.025206778 -0.000939591 0.999999404 -0.000492434 -0.095971905 -0.007711461 0.000485174 0.999970138 6.104745388
0.999964833 0.001235514 0.008308195 -0.016605839 -0.001223141 0.999998212 -0.001494171 -0.118230201 -0.008310026 0.001483956 0.999964356 7.303534031
0.999957860 0.000833145 0.009142038 -0.014933452 -0.000817586 0.999998212 -0.001705494 -0.144381285 -0.009143443 0.001697948 0.999956727 8.522962570
0.999954224 0.000700683 0.009536532 -0.013542660 -0.000698356 0.999999702 -0.000247404 -0.168036744 -0.009536701 0.000240733 0.999954522 9.720879555
0.999965549 0.000099165 0.008306891 -0.010224670 -0.000106547 0.999999583 0.000888175 -0.192299679 -0.008306799 -0.000889029 0.999965131 10.918016434
0.999979854 -0.001458629 0.006168460 -0.014523990 0.001457085 0.999998927 0.000254766 -0.213611707 -0.006168824 -0.000245773 0.999980927 12.116473198
0.999990582 -0.001064092 0.004226686 -0.017361943 0.001065367 0.999999404 -0.000299230 -0.231145680 -0.004226365 0.000303730 0.999991000 13.312349319
0.999995291 -0.001138429 0.002857282 -0.016940575 0.001139531 0.999999285 -0.000384208 -0.254616678 -0.002856843 0.000387462 0.999995828 14.510539055
0.999997854 0.000545949 0.001953406 -0.018199688 -0.000545042 0.999999702 -0.000464858 -0.279481322 -0.001953659 0.000463793 0.999997973 15.705386162
0.999998748 0.000341563 0.001545888 -0.023735849 -0.000340783 0.999999881 -0.000504678 -0.299189687 -0.001546060 0.000504150 0.999998689 16.907081604
0.999999642 -0.000566148 0.000603699 -0.022937885 0.000566233 0.999999881 -0.000140103 -0.318046093 -0.000603619 0.000140444 0.999999821 18.089527130
0.999999523 -0.000920222 0.000324216 -0.025420271 0.000920054 0.999999404 0.000516657 -0.345914155 -0.000324691 -0.000516359 0.999999821 19.292663574
0.999999523 -0.000634209 -0.000751187 -0.029839447 0.000633932 0.999999762 -0.000369084 -0.367959082 0.000751421 0.000368608 0.999999702 20.491571426
0.999998987 -0.001316175 -0.000537636 -0.047742877 0.001315494 0.999998331 -0.001264582 -0.393357456 0.000539300 0.001263874 0.999999046 21.706346512
0.999999106 -0.000148131 -0.001362322 -0.054070286 0.000147075 0.999999702 -0.000775134 -0.412037820 0.001362436 0.000774934 0.999998689 22.903800964
0.999997735 -0.000766309 -0.001958593 -0.066775471 0.000764448 0.999999285 -0.000951024 -0.436058939 0.001959320 0.000949524 0.999997616 24.086101532
0.999995351 -0.000724539 -0.002984892 -0.075110227 0.000719688 0.999998450 -0.001625920 -0.456482321 0.002986064 0.001623764 0.999994218 25.280836105
0.999991894 -0.000487271 -0.003999266 -0.083250135 0.000485175 0.999999762 -0.000524870 -0.489170700 0.003999520 0.000522926 0.999991894 26.476665497
0.999987006 -0.002294239 -0.004553727 -0.096270643 0.002300033 0.999996603 0.001267496 -0.510539830 0.004550804 -0.001277953 0.999988914 27.677968979
0.999982476 -0.001968390 -0.005578879 -0.103998899 0.001974003 0.999997556 0.001000825 -0.527857661 0.005576895 -0.001011820 0.999983966 28.877212524
0.999975502 -0.002932961 -0.006359809 -0.116772659 0.002935871 0.999995589 0.000448331 -0.553064227 0.006358464 -0.000466991 0.999979615 30.054777145
0.999966860 -0.003350065 -0.007416107 -0.126631618 0.003346293 0.999994278 -0.000520932 -0.574451923 0.007417809 0.000496098 0.999972343 31.250810623
0.999965012 -0.002600044 -0.007948416 -0.145672202 0.002597833 0.999996603 -0.000288481 -0.598229766 0.007949139 0.000267822 0.999968350 32.451755524
0.999957323 -0.003174238 -0.008667965 -0.156916469 0.003175976 0.999994934 0.000186734 -0.619458377 0.008667327 -0.000214256 0.999962389 33.649971008
0.999949992 -0.003569475 -0.009341179 -0.171410233 0.003572433 0.999993563 0.000299876 -0.640155792 0.009340049 -0.000333232 0.999956310 34.838066101
0.999945104 -0.004208825 -0.009589818 -0.193912834 0.004213404 0.999990940 0.000457376 -0.663042843 0.009587808 -0.000497757 0.999953866 36.048217773
0.999940157 -0.004006118 -0.010173236 -0.210540682 0.004010276 0.999991834 0.000388382 -0.682237029 0.010171599 -0.000429157 0.999948204 37.251163483
0.999936044 -0.005069181 -0.010103427 -0.230966166 0.005081687 0.999986351 0.001212490 -0.711018264 0.010097142 -0.001263755 0.999948144 38.431682587
0.999938786 -0.004752355 -0.009993698 -0.243468016 0.004776182 0.999985814 0.002361740 -0.725140095 0.009982333 -0.002409327 0.999947190 39.634132385
0.999938250 -0.004258743 -0.010259079 -0.258192301 0.004292818 0.999985278 0.003301887 -0.749459505 0.010244866 -0.003345724 0.999941885 40.827190399
0.999940574 -0.003399537 -0.010360029 -0.273197532 0.003426363 0.999990821 0.002572680 -0.758652508 0.010351188 -0.002608025 0.999943018 42.015697479
0.999943733 -0.002592211 -0.010290594 -0.289592862 0.002613923 0.999994457 0.002096937 -0.770366788 0.010285103 -0.002123717 0.999944866 43.205760956
0.999952435 -0.000118879 -0.009748600 -0.308889329 0.000159610 0.999991298 0.004177448 -0.787586212 0.009748016 -0.004178805 0.999943733 44.428367615
0.999969304 -0.000063576 -0.007828733 -0.329128861 0.000122104 0.999972045 0.007475845 -0.807985067 0.007828036 -0.007476571 0.999941349 45.605529785
0.999980390 0.000344097 -0.006242439 -0.344295800 -0.000280642 0.999948323 0.010163202 -0.817713022 0.006245611 -0.010161251 0.999928772 46.801368713
0.999987602 0.000956735 -0.004893425 -0.346513033 -0.000890489 0.999908149 0.013522060 -0.824887514 0.004905913 -0.013517534 0.999896586 48.005207062
0.999996781 0.000403815 -0.002509629 -0.380734473 -0.000366781 0.999891281 0.014739974 -0.829156220 0.002515309 -0.014739007 0.999888182 49.210208893
0.999998093 -0.001580447 -0.001107137 -0.384076059 0.001594941 0.999911427 0.013215613 -0.832073092 0.001086153 -0.013217355 0.999912024 50.421878815
0.999999762 -0.000393032 0.000537232 -0.397651851 0.000386850 0.999934256 0.011460667 -0.834908247 -0.000541702 -0.011460460 0.999934196 51.612697601
0.999999106 -0.000135984 0.001323010 -0.403387755 0.000121415 0.999939442 0.011005846 -0.840567470 -0.001324426 -0.011005678 0.999938548 52.821563721
0.999999106 -0.000485418 0.001243852 -0.406359196 0.000472283 0.999944389 0.010537825 -0.847290277 -0.001248899 -0.010537227 0.999943674 54.017364502
0.999998331 -0.001640179 0.000811531 -0.412563801 0.001632468 0.999954343 0.009413579 -0.858157694 -0.000826934 -0.009412240 0.999955356 55.226406097
0.999998748 -0.001195718 -0.001051576 -0.416618466 0.001206267 0.999948382 0.010088806 -0.865265548 0.001039459 -0.010090062 0.999948561 56.440773010
0.999996305 -0.001536865 -0.002222408 -0.429873586 0.001561444 0.999937117 0.011100111 -0.875533879 0.002205209 -0.011103540 0.999935865 57.630573273
0.999992967 -0.002155459 -0.003047451 -0.439530015 0.002190212 0.999932051 0.011446840 -0.884213150 0.003022571 -0.011453433 0.999929845 58.837341309
0.999990344 -0.000606956 -0.004333356 -0.446757078 0.000657226 0.999932408 0.011608742 -0.895804167 0.004326019 -0.011611480 0.999923170 60.035865784
0.999987960 -0.000182880 -0.004886644 -0.459522009 0.000237009 0.999938607 0.011078694 -0.898757219 0.004884318 -0.011079720 0.999926686 61.239715576
0.999986887 -0.001285751 -0.004957187 -0.470272422 0.001339576 0.999940038 0.010870043 -0.909489989 0.004942914 -0.010876540 0.999928594 62.434341431
0.999983966 -0.002317121 -0.005173448 -0.481206536 0.002368758 0.999947190 0.009997392 -0.918620884 0.005150011 -0.010009485 0.999936640 63.644187927
0.999980986 -0.002763862 -0.005506089 -0.492269516 0.002826182 0.999931693 0.011342911 -0.932233989 0.005474363 -0.011358256 0.999920428 64.822189331
0.999979377 -0.003144901 -0.005602877 -0.505786896 0.003216140 0.999913573 0.012751484 -0.938452780 0.005562291 -0.012769239 0.999902964 66.022705078
0.999979556 -0.002198395 -0.005999566 -0.521129489 0.002265525 0.999934673 0.011205339 -0.950235069 0.005974541 -0.011218702 0.999919236 67.215133667
0.999984264 -0.000337005 -0.005592998 -0.541033924 0.000393470 0.999948978 0.010097606 -0.958738506 0.005589310 -0.010099648 0.999933362 68.414474487
0.999980330 0.001648621 -0.006038554 -0.550390065 -0.001585882 0.999944806 0.010379735 -0.967117429 0.006055333 -0.010369956 0.999927819 69.605285645
0.999976814 0.004027577 -0.005481659 -0.570123196 -0.003969812 0.999936879 0.010508223 -0.974436164 0.005523634 -0.010486218 0.999929726 70.788803101
0.999970436 0.005114791 -0.005730549 -0.581324577 -0.005051331 0.999926388 0.011034226 -0.983979166 0.005786565 -0.011004953 0.999922633 71.988464355
0.999974012 0.005700072 -0.004400610 -0.597476840 -0.005647402 0.999913335 0.011889873 -0.990424514 0.004468002 -0.011864712 0.999919593 73.185188293
0.999967992 0.007499221 -0.002783064 -0.603480458 -0.007463902 0.999894142 0.012491154 -0.995433927 0.002876444 -0.012469982 0.999918103 74.376235962
0.999978840 0.006500590 -0.000231351 -0.605049253 -0.006497797 0.999923408 0.010524118 -1.009419203 0.000299746 -0.010522394 0.999944508 75.551696777
0.999990761 0.003685424 0.002184708 -0.605983615 -0.003697306 0.999978304 0.005459897 -1.019336939 -0.002164539 -0.005467926 0.999982715 76.727035522
0.999972939 0.005269502 0.005138613 -0.609118462 -0.005294655 0.999974012 0.004893779 -1.031202078 -0.005112692 -0.004920854 0.999974847 77.903297424
0.999962628 0.004069289 0.007636771 -0.602043748 -0.004133007 0.999956608 0.008346579 -1.044740677 -0.007602474 -0.008377830 0.999936044 79.085700989
0.999929547 0.004363752 0.011038257 -0.593927622 -0.004471344 0.999942541 0.009741309 -1.057011962 -0.010995113 -0.009789980 0.999891579 80.260963440
0.999878466 0.004285396 0.014995625 -0.581870556 -0.004405443 0.999958396 0.007981576 -1.067403316 -0.014960798 -0.008046668 0.999855697 81.431350708
0.999816179 0.003262856 0.018893046 -0.567797422 -0.003359667 0.999981403 0.005094713 -1.082430482 -0.018876072 -0.005157252 0.999808550 82.590408325
0.999752104 0.001964667 0.022178285 -0.544121265 -0.001999185 0.999996841 0.001534306 -1.097027183 -0.022175200 -0.001578264 0.999752879 83.752273560
0.999662757 0.001650701 0.025916919 -0.520742893 -0.001667698 0.999998391 0.000634214 -1.115227103 -0.025915831 -0.000677221 0.999663949 84.905174255
0.999572039 0.001265186 0.029223226 -0.486922741 -0.001336899 0.999996126 0.002434555 -1.136835098 -0.029220035 -0.002472582 0.999569952 86.073196411
0.999446750 0.002362574 0.033173896 -0.462981224 -0.002469546 0.999991894 0.003183970 -1.159458518 -0.033166103 -0.003264134 0.999444485 87.235694885
0.999323606 0.002018108 0.036718179 -0.416528225 -0.002050397 0.999997556 0.000841755 -1.178252935 -0.036716390 -0.000916473 0.999325275 88.377998352
0.999198914 0.001933203 0.039973889 -0.374248743 -0.001885643 0.999997497 -0.001227437 -1.199375987 -0.039976154 0.001151077 0.999199927 89.525245667
0.999067724 0.002045569 0.043120295 -0.326896906 -0.001968158 0.999996305 -0.001837609 -1.217253208 -0.043123893 0.001751029 0.999068201 90.695861816
0.998942554 0.001336066 0.045956347 -0.277842522 -0.001303935 0.999998808 -0.000729137 -1.235279441 -0.045957264 0.000668442 0.998943210 91.853797913
0.998808801 0.000117015 0.048795015 -0.226614952 -0.000156619 0.999999583 0.000807820 -1.256518722 -0.048794903 -0.000814500 0.998808503 93.012695312
0.998673737 -0.000725797 0.051479556 -0.169305801 0.000596090 0.999996603 0.002534895 -1.273653269 -0.051481213 -0.002500847 0.998670757 94.174484253
0.998543978 -0.002179933 0.053900417 -0.106194496 0.002002145 0.999992371 0.003352253 -1.288279891 -0.053907309 -0.003239456 0.998540640 95.338058472
0.998408139 -0.003400233 0.056299292 -0.049873352 0.003330885 0.999993563 0.001325574 -1.311142683 -0.056303430 -0.001135937 0.998413086 96.491981506
0.998291016 -0.004913227 0.058230523 0.020691395 0.005052173 0.999984622 -0.002239173 -1.329549909 -0.058218636 0.002529537 0.998300672 97.643806458
0.998152971 -0.003946180 0.060621042 0.079971313 0.004262376 0.999977946 -0.005087498 -1.346697569 -0.060599644 0.005336491 0.998147905 98.804924011
0.998056233 -0.003920071 0.062196333 0.151378155 0.004303037 0.999972582 -0.006024626 -1.366843224 -0.062171020 0.006280547 0.998045802 99.984672546
0.998019755 -0.003666700 0.062793002 0.217199326 0.004013287 0.999977410 -0.005394276 -1.390726089 -0.062771797 0.005635602 0.998012006 101.167785645
0.998075545 -0.003781911 0.061893400 0.287230015 0.004000356 0.999986231 -0.003405844 -1.416721463 -0.061879665 0.003646887 0.998076975 102.349090576
0.998146951 -0.004365313 0.060692310 0.355467319 0.004497977 0.999987721 -0.002049409 -1.438321233 -0.060682628 0.002318604 0.998154402 103.552360535
0.998276532 -0.003921934 0.058553122 0.422205925 0.004009604 0.999990940 -0.001379850 -1.454688191 -0.058547180 0.001612247 0.998283327 104.742538452
0.998416007 -0.003792390 0.056135047 0.479728699 0.003844499 0.999992251 -0.000820328 -1.476406813 -0.056131501 0.001034840 0.998422861 105.939582825
0.998563528 -0.002747794 0.053508755 0.529054642 0.002794611 0.999995768 -0.000800149 -1.496983409 -0.053506330 0.000948536 0.998566985 107.144233704
0.998759985 -0.001248331 0.049769565 0.578116894 0.001318899 0.999998152 -0.001385076 -1.512528181 -0.049767748 0.001448999 0.998759627 108.350051880
0.998949766 -0.001405152 0.045797233 0.631062031 0.001450629 0.999998510 -0.000959766 -1.532118917 -0.045795806 0.001025192 0.998950303 109.559219360
0.999134779 -0.000705922 0.041583739 0.684997082 0.000708542 0.999999762 -0.000048266 -1.548726082 -0.041583687 0.000077688 0.999135017 110.788162231
0.999300718 -0.000287623 0.037387770 0.720007658 0.000251336 0.999999464 0.000975246 -1.574105024 -0.037388030 -0.000965167 0.999300301 111.996353149
0.999457836 -0.000031140 0.032921657 0.752495766 -0.000010653 0.999999166 0.001269299 -1.586873293 -0.032921672 -0.001268962 0.999457061 113.219741821
0.999604404 0.000418919 0.028120754 0.785664082 -0.000461962 0.999998748 0.001524145 -1.610107541 -0.028120078 -0.001536532 0.999603391 114.446128845
0.999730527 0.000851960 0.023197833 0.804377794 -0.000884019 0.999998748 0.001371759 -1.626387954 -0.023196634 -0.001391897 0.999729931 115.666931152
0.999829948 0.001556300 0.018370908 0.821112156 -0.001576646 0.999998152 0.001093052 -1.643722057 -0.018369172 -0.001121831 0.999830663 116.890251160
0.999903381 0.002563494 0.013661466 0.831778646 -0.002569724 0.999996603 0.000438518 -1.660479784 -0.013660294 -0.000473582 0.999906600 118.118270874
0.999938965 0.004425844 0.010125341 0.839501143 -0.004430070 0.999990225 0.000394994 -1.678597212 -0.010123491 -0.000439825 0.999948680 119.361114502
0.999948859 0.006324019 0.007899204 0.842326641 -0.006327617 0.999979913 0.000430694 -1.697761416 -0.007896321 -0.000480655 0.999968767 120.592330933
0.999946713 0.007580378 0.007002889 0.841309011 -0.007581905 0.999971211 0.000191591 -1.719147801 -0.007001235 -0.000244676 0.999975383 121.854675293
0.999936402 0.009647117 0.005830131 0.844514191 -0.009649601 0.999953389 0.000398222 -1.735143185 -0.005826017 -0.000454455 0.999982953 123.100677490
0.999927938 0.010938767 0.004933905 0.839725971 -0.010944231 0.999939442 0.001081930 -1.752740145 -0.004921771 -0.001135850 0.999987245 124.340217590
0.999933302 0.010707966 0.004327590 0.837222219 -0.010714314 0.999941528 0.001446256 -1.767757893 -0.004311850 -0.001492527 0.999989629 125.587966919
0.999887228 0.014620085 0.003424265 0.832760751 -0.014632721 0.999886096 0.003693796 -1.790146470 -0.003369872 -0.003743486 0.999987245 126.836235046
0.999873757 0.015637981 0.002805225 0.825443625 -0.015656898 0.999853909 0.006853991 -1.802968502 -0.002697633 -0.006897046 0.999972582 128.091995239
0.999890983 0.014667667 0.001636319 0.831048012 -0.014677817 0.999871969 0.006374926 -1.818375111 -0.001542603 -0.006398250 0.999978364 129.343399048
0.999903262 0.013817953 0.001584758 0.822671771 -0.013825746 0.999891758 0.005016170 -1.834401131 -0.001515274 -0.005037595 0.999986112 130.599761963
0.999933600 0.011465655 0.001168254 0.819264948 -0.011472763 0.999914527 0.006271185 -1.847009897 -0.001096251 -0.006284171 0.999979615 131.852523804
0.999958575 0.009099922 0.000241444 0.816268682 -0.009101587 0.999925375 0.008136627 -1.858937502 -0.000167384 -0.008138488 0.999966800 133.121704102
0.999983668 0.005707953 -0.000347404 0.815510690 -0.005704285 0.999935985 0.009774370 -1.868868589 0.000403173 -0.009772232 0.999952137 134.387863159
0.999993324 0.003545796 -0.000881002 0.813654602 -0.003536078 0.999935508 0.010796936 -1.876673698 0.000919229 -0.010793749 0.999941289 135.654479980
0.999999642 -0.000691013 -0.000502133 0.810877919 0.000695504 0.999959230 0.008999268 -1.884279728 0.000495893 -0.008999616 0.999959350 136.925292969
0.999994874 -0.003162700 -0.000543597 0.808862805 0.003166987 0.999962389 0.008076040 -1.894667864 0.000518034 -0.008077721 0.999967217 138.196395874
0.999989331 -0.004616034 -0.000188067 0.803224981 0.004617386 0.999957502 0.007970942 -1.907247066 0.000151265 -0.007971728 0.999968231 139.461303711
0.999990344 -0.004377015 0.000234247 0.800221384 0.004374983 0.999957860 0.008068516 -1.912009358 -0.000269553 -0.008067415 0.999967396 140.766571045
0.999992251 -0.003889068 0.000513319 0.795749068 0.003883644 0.999940634 0.010173333 -1.923598289 -0.000552852 -0.010171260 0.999948144 142.040222168
0.999997318 -0.001910367 0.001308930 0.791133821 0.001894922 0.999929786 0.011700137 -1.933867097 -0.001331189 -0.011697627 0.999930680 143.342926025
0.999996662 -0.001930164 0.001718418 0.789856255 0.001912819 0.999947727 0.010039312 -1.941906929 -0.001737706 -0.010035993 0.999948144 144.619232178
0.999995828 -0.001667428 0.002340926 0.783674955 0.001647830 0.999963760 0.008348578 -1.956845403 -0.002354762 -0.008344685 0.999962389 145.890594482
0.999995232 -0.001884580 0.002454911 0.786614895 0.001870688 0.999982297 0.005648490 -1.966053724 -0.002465512 -0.005643872 0.999981046 147.168121338
0.999990940 -0.002765014 0.003239563 0.780758500 0.002760051 0.999994993 0.001535462 -1.983645201 -0.003243793 -0.001526507 0.999993563 148.436691284
0.999989390 -0.002419334 0.003924713 0.777105391 0.002426235 0.999995649 -0.001754349 -2.007820606 -0.003920451 0.001763853 0.999990761 149.720123291
0.999988556 -0.003046922 0.003677789 0.782448709 0.003057300 0.999991417 -0.002819530 -2.029140949 -0.003669167 0.002830742 0.999989271 150.994583130
0.999987364 -0.002750907 0.004218336 0.773092687 0.002761084 0.999993265 -0.002408419 -2.061302185 -0.004211682 0.002420035 0.999988198 152.260421753
0.999989271 -0.002653854 0.003799169 0.780796289 0.002661026 0.999994636 -0.001883858 -2.082380295 -0.003794149 0.001893947 0.999990940 153.528274536
0.999991953 -0.002487344 0.003151647 0.785522580 0.002489858 0.999996543 -0.000794103 -2.106811285 -0.003149661 0.000801943 0.999994695 154.787338257
0.999993622 -0.000960619 0.003447730 0.772963047 0.000961843 0.999999464 -0.000353324 -2.129841089 -0.003447389 0.000356639 0.999993920 156.042221069
0.999995708 -0.000577279 0.002880674 0.769569874 0.000578707 0.999999702 -0.000494996 -2.153104782 -0.002880387 0.000496661 0.999995708 157.308883667
0.999997616 -0.000833156 0.002006318 0.774619937 0.000834004 0.999999523 -0.000421889 -2.178204060 -0.002005966 0.000423561 0.999997914 158.583709717
0.999998212 -0.001427997 0.001201790 0.770023704 0.001427193 0.999998808 0.000670096 -2.199101686 -0.001202745 -0.000668380 0.999999106 159.849075317
0.999999523 -0.000321259 0.000901301 0.763679206 0.000320185 0.999999344 0.001190860 -2.222054482 -0.000901683 -0.001190570 0.999998868 161.119476318
0.999999940 -0.000370046 -0.000072112 0.762564659 0.000370040 0.999999940 -0.000081463 -2.239811659 0.000072142 0.000081436 0.999999940 162.388488770
0.999999762 0.000334968 -0.000432722 0.753972113 -0.000335408 0.999999523 -0.001017617 -2.264171124 0.000432381 0.001017762 0.999999404 163.639480591
0.999998450 0.001222654 -0.001235491 0.749180675 -0.001224136 0.999998510 -0.001199478 -2.283694267 0.001234023 0.001200988 0.999998510 164.903701782
0.999997973 0.000963811 -0.001753122 0.734953761 -0.000967127 0.999997735 -0.001891709 -2.310557842 0.001751295 0.001893400 0.999996662 166.174789429
0.999995708 0.001329429 -0.002605437 0.729745090 -0.001336919 0.999994934 -0.002874908 -2.336269617 0.002601602 0.002878379 0.999992490 167.440979004
0.999993861 0.001456375 -0.003162657 0.716379464 -0.001464742 0.999995410 -0.002644885 -2.358849525 0.003158791 0.002649502 0.999991417 168.709197998
0.999989271 0.001689509 -0.004296734 0.710454226 -0.001694801 0.999997795 -0.001228288 -2.383790731 0.004294649 0.001235557 0.999989986 169.985473633
0.999988556 0.001567766 -0.004512833 0.695959508 -0.001570965 0.999998450 -0.000705488 -2.410347700 0.004511722 0.000712569 0.999989569 171.244476318
0.999983609 0.002115521 -0.005336232 0.682796657 -0.002117638 0.999997675 -0.000391037 -2.431278944 0.005335392 0.000402331 0.999985695 172.512466431
0.999977946 0.002410678 -0.006187147 0.669940472 -0.002412313 0.999997020 -0.000256719 -2.453580379 0.006186511 0.000271638 0.999980867 173.800552368
0.999974549 0.003100683 -0.006418955 0.651657701 -0.003108068 0.999994516 -0.001140936 -2.475141525 0.006415383 0.001160857 0.999978721 175.046157837
0.999969602 0.003847461 -0.006772766 0.630645990 -0.003860249 0.999990821 -0.001876146 -2.495454550 0.006765484 0.001902234 0.999975264 176.315979004
0.999967217 0.003632465 -0.007237164 0.606422067 -0.003643395 0.999992192 -0.001497692 -2.516317606 0.007231667 0.001524011 0.999972641 177.578170776
0.999965608 0.004044854 -0.007230300 0.591622591 -0.004064039 0.999988258 -0.002640794 -2.540606499 0.007219533 0.002670088 0.999970376 178.818527222
0.999967515 0.002975577 -0.007487957 0.577284336 -0.003008675 0.999985754 -0.004412858 -2.561948776 0.007474718 0.004435244 0.999962211 180.084716797
0.999971330 -0.000277702 -0.007562465 0.561444521 0.000245716 0.999991059 -0.004230323 -2.589912176 0.007563571 0.004228344 0.999962449 181.353424072
0.999968112 0.000033645 -0.007988507 0.551136017 -0.000037700 0.999999881 -0.000507460 -2.613496065 0.007988490 0.000507745 0.999967992 182.613525391
0.999965966 -0.000820231 -0.008214580 0.537420511 0.000852645 0.999991953 0.003943231 -2.637369156 0.008211276 -0.003950101 0.999958575 183.879287720
0.999967754 0.000183246 -0.008022754 0.519912839 -0.000157983 0.999995053 0.003149302 -2.651683092 0.008023294 -0.003147935 0.999962866 185.128387451
0.999970794 0.001824235 -0.007424636 0.496076226 -0.001824571 0.999998391 -0.000038560 -2.669825554 0.007424553 0.000052105 0.999972463 186.377243042
0.999964356 0.001853031 -0.008236222 0.482752562 -0.001869023 0.999996364 -0.001934361 -2.693778992 0.008232608 0.001949686 0.999964237 187.622756958
0.999963820 0.002303802 -0.008194199 0.462697387 -0.002319052 0.999995589 -0.001852035 -2.714889050 0.008189896 0.001870971 0.999964654 188.871673584
0.999966681 0.001295050 -0.008051935 0.447959900 -0.001298535 0.999999046 -0.000427611 -2.741859436 0.008051372 0.000438053 0.999967515 190.124847412
0.999966979 0.001378347 -0.008011336 0.432981968 -0.001363055 0.999997258 0.001913911 -2.766703844 0.008013953 -0.001902928 0.999966085 191.374328613
0.999974072 0.000872552 -0.007141491 0.416772604 -0.000855414 0.999996722 0.002402435 -2.783450842 0.007143565 -0.002396264 0.999971628 192.622314453
0.999982595 0.000787594 -0.005850410 0.406538486 -0.000777059 0.999998033 0.001802652 -2.804052114 0.005851819 -0.001798074 0.999981284 193.863067627
0.999991179 -0.000256879 -0.004195599 0.388625860 0.000257712 0.999999881 0.000198007 -2.824730873 0.004195547 -0.000199086 0.999991179 195.090698242
0.999994576 -0.000508389 -0.003249450 0.388388991 0.000504798 0.999999285 -0.001105662 -2.849074602 0.003250009 0.001104015 0.999994099 196.327926636
0.999997854 -0.001149055 -0.001744796 0.381531954 0.001146002 0.999997854 -0.001750004 -2.871587038 0.001746802 0.001748001 0.999996960 197.544967651
0.999999762 -0.000556974 -0.000356542 0.372704506 0.000556547 0.999999106 -0.001198750 -2.895013094 0.000357208 0.001198551 0.999999166 198.775878906
0.999999464 -0.000783269 0.000768377 0.374009222 0.000782493 0.999999166 0.001010890 -2.923372269 -0.000769168 -0.001010288 0.999999166 199.990997314
0.999997735 0.000156891 0.002097066 0.364394397 -0.000159550 0.999999166 0.001268284 -2.947894573 -0.002096866 -0.001268616 0.999997020 201.210250854
0.999993980 0.000239387 0.003454201 0.357307732 -0.000243050 0.999999404 0.001060104 -2.963968039 -0.003453945 -0.001060937 0.999993503 202.422836304
0.999991238 -0.000392624 0.004180231 0.361846477 0.000387259 0.999999046 0.001284240 -2.991610050 -0.004180732 -0.001282609 0.999990463 203.637496948
0.999985278 -0.000054681 0.005424589 0.362239957 0.000046978 0.999998927 0.001419915 -3.009069920 -0.005424661 -0.001419639 0.999984264 204.812820435
0.999981046 0.000346576 0.006139612 0.362897277 -0.000355886 0.999998748 0.001515247 -3.032165051 -0.006139079 -0.001517404 0.999980032 206.010696411
0.999972165 -0.000397160 0.007453375 0.353482366 0.000385239 0.999998629 0.001600624 -3.055186272 -0.007454001 -0.001597708 0.999970913 207.182540894
0.999970317 -0.001051544 0.007622069 0.367362499 0.001041929 0.999998569 0.001265548 -3.070264339 -0.007623389 -0.001257569 0.999970138 208.354064941
0.999967575 -0.001026265 0.007977538 0.366670012 0.001007802 0.999996781 0.002318014 -3.096103668 -0.007979891 -0.002309899 0.999965489 209.508041382
0.999969184 -0.001701714 0.007660203 0.372812867 0.001677296 0.999993503 0.003193005 -3.114944935 -0.007665587 -0.003180058 0.999965549 210.634216309
0.999972403 -0.001441523 0.007282561 0.371198654 0.001418136 0.999993861 0.003215616 -3.138030052 -0.007287151 -0.003205199 0.999968290 211.749816895
0.999977052 -0.000762863 0.006731278 0.374030590 0.000747638 0.999997079 0.002264199 -3.160253286 -0.006732986 -0.002259114 0.999974787 212.862640381
0.999981523 -0.000233316 0.006077240 0.377205729 0.000226428 0.999999344 0.001134032 -3.175873995 -0.006077500 -0.001132634 0.999980927 213.947448730
0.999983668 -0.000653659 0.005675741 0.375303328 0.000647346 0.999999166 0.001113939 -3.197227955 -0.005676464 -0.001110246 0.999983251 215.025405884
0.999987423 -0.001287512 0.004847188 0.370469272 0.001282422 0.999998629 0.001053072 -3.217402935 -0.004848536 -0.001046843 0.999987662 216.088073730
0.999993980 -0.001709541 0.003009760 0.373535484 0.001704165 0.999997079 0.001787918 -3.236433029 -0.003012808 -0.001782778 0.999993861 217.137847900
0.999996603 -0.002514472 0.000711864 0.369407743 0.002512140 0.999991596 0.003258518 -3.255661011 -0.000720051 -0.003256718 0.999994457 218.176895142
0.999996305 -0.002421638 -0.001163637 0.361332089 0.002427425 0.999984503 0.004997636 -3.275108099 0.001151517 -0.005000442 0.999986768 219.211242676
0.999992490 -0.001971859 -0.003329311 0.351053655 0.001988988 0.999984741 0.005149192 -3.292121887 0.003319109 -0.005155775 0.999981165 220.210693359
0.999980092 -0.001873777 -0.006016820 0.339993358 0.001901340 0.999987721 0.004578498 -3.305059195 0.006008167 -0.004589847 0.999971390 221.204956055
0.999958932 -0.001490123 -0.008934122 0.326428294 0.001530337 0.999988735 0.004496041 -3.321406126 0.008927320 -0.004509529 0.999949992 222.188888550
0.999926746 -0.001131032 -0.012051105 0.315439939 0.001193354 0.999985933 0.005165572 -3.341045856 0.012045094 -0.005179574 0.999914050 223.124633789
0.999888837 -0.000833691 -0.014888176 0.294499159 0.000912553 0.999985576 0.005290964 -3.362735748 0.014883548 -0.005303962 0.999875128 224.049896240
0.999840736 -0.000730210 -0.017832706 0.271325588 0.000809494 0.999989808 0.004439172 -3.376061916 0.017829286 -0.004452900 0.999831080 224.959808350
0.999773622 -0.000892050 -0.021256523 0.248837471 0.000966517 0.999993384 0.003493232 -3.388135195 0.021253265 -0.003512986 0.999767900 225.840744019
0.999710798 -0.000057711 -0.024044560 0.221983433 0.000146861 0.999993145 0.003705945 -3.413045883 0.024044182 -0.003708405 0.999703944 226.703948975
0.999638200 0.000393156 -0.026892334 0.190260887 -0.000312208 0.999995470 0.003014213 -3.428229809 0.026893396 -0.003004727 0.999633729 227.534500122
0.999566436 0.001583996 -0.029399769 0.158259392 -0.001498059 0.999994636 0.002944858 -3.445698738 0.029404271 -0.002899539 0.999563396 228.354476929
0.999544442 0.002353687 -0.030086722 0.130420208 -0.002256993 0.999992192 0.003247418 -3.457068920 0.030094132 -0.003178033 0.999541998 229.155853271
0.999538481 0.002970443 -0.030232167 0.106831074 -0.002836219 0.999985933 0.004481699 -3.477043629 0.030245047 -0.004393884 0.999532878 229.936904907
0.999555588 0.002871303 -0.029673688 0.079489708 -0.002724001 0.999983788 0.005003296 -3.490495205 0.029687574 -0.004920241 0.999547124 230.697341919
0.999567866 0.002423038 -0.029292887 0.053970814 -0.002280614 0.999985456 0.004894469 -3.507619858 0.029304320 -0.004825550 0.999558985 231.441375732
0.999581277 0.003512163 -0.028722117 0.028851986 -0.003427615 0.999989569 0.002992376 -3.519016743 0.028732322 -0.002892674 0.999582946 232.172698975
0.999601185 0.003245692 -0.028053744 0.009116650 -0.003221181 0.999994338 0.000918896 -3.533036232 0.028056573 -0.000828164 0.999605954 232.902786255
0.999642789 0.003591625 -0.026481770 -0.018483162 -0.003605163 0.999993384 -0.000463487 -3.548197269 0.026479933 0.000558793 0.999649107 233.622741699
0.999668002 0.004143934 -0.025430420 -0.034474373 -0.004172114 0.999990761 -0.001055172 -3.558517933 0.025425814 0.001160921 0.999675989 234.362091064
0.999717891 0.003715297 -0.023457592 -0.055607319 -0.003740702 0.999992490 -0.001039230 -3.573469877 0.023453552 0.001126685 0.999724269 235.081130981
0.999760449 0.003500150 -0.021602979 -0.073975086 -0.003524465 0.999993205 -0.001087602 -3.590178728 0.021599023 0.001163480 0.999766111 235.790054321
0.999797404 0.003648294 -0.019795774 -0.090646267 -0.003673692 0.999992430 -0.001246780 -3.603691101 0.019791076 0.001319251 0.999803245 236.510330200
0.999828815 0.003294311 -0.018207673 -0.097992897 -0.003323226 0.999993205 -0.001558020 -3.617816687 0.018202418 0.001618261 0.999832988 237.217773438
0.999883473 0.003407529 -0.014874991 -0.118573427 -0.003422756 0.999993682 -0.000998378 -3.633427382 0.014871495 0.001049175 0.999888837 237.930526733
0.999928713 0.002279273 -0.011718053 -0.124314308 -0.002281992 0.999997377 -0.000218710 -3.648315191 0.011717523 0.000245435 0.999931276 238.633300781
0.999959946 0.001449029 -0.008832485 -0.130646706 -0.001452897 0.999998868 -0.000431495 -3.657111883 0.008831852 0.000444310 0.999960840 239.329269409
0.999981284 0.001048330 -0.006034138 -0.133112073 -0.001049858 0.999999404 -0.000249855 -3.672865868 0.006033875 0.000256186 0.999981701 240.028793335
0.999995410 0.000838130 -0.002912633 -0.138043225 -0.000839884 0.999999523 -0.000601307 -3.686319113 0.002912130 0.000603751 0.999995530 240.712753296
0.999999642 0.000725452 0.000392230 -0.141411811 -0.000725135 0.999999404 -0.000807150 -3.701828003 -0.000392814 0.000806866 0.999999583 241.410659790
0.999993801 0.001562005 0.003140110 -0.138692677 -0.001556420 0.999997199 -0.001780149 -3.713016510 -0.003142880 0.001775251 0.999993503 242.099792480
0.999977708 0.002070932 0.006347925 -0.138809323 -0.002055714 0.999995053 -0.002402926 -3.724380970 -0.006352871 0.002389823 0.999976873 242.792175293
0.999957323 0.002169233 0.008982273 -0.131851435 -0.002157971 0.999996901 -0.001263265 -3.741140842 -0.008984985 0.001243828 0.999958813 243.493591309
0.999937356 0.002371221 0.010940427 -0.122105122 -0.002366614 0.999997199 -0.000434061 -3.754523993 -0.010941423 0.000408143 0.999939978 244.197006226
0.999908686 0.002272401 0.013324565 -0.115921974 -0.002258022 0.999996901 -0.001094121 -3.765401840 -0.013327008 0.001063935 0.999910593 244.901229858
0.999868453 0.002338967 0.016045257 -0.111063719 -0.002298144 0.999994099 -0.002562205 -3.777570724 -0.016051155 0.002524994 0.999867976 245.607208252
0.999834776 0.002571276 0.017994946 -0.102872372 -0.002480990 0.999984264 -0.005037803 -3.789086819 -0.018007616 0.004992325 0.999825478 246.314849854
0.999826312 0.001066703 0.018602936 -0.085617065 -0.000943375 0.999977529 -0.006637032 -3.803361893 -0.018609596 0.006618331 0.999804914 247.032806396
0.999818921 0.000746793 0.019018233 -0.076470375 -0.000616094 0.999976099 -0.006877220 -3.819168568 -0.019022917 0.006864256 0.999795496 247.752502441
0.999822199 0.000740535 0.018838380 -0.061242104 -0.000595227 0.999970019 -0.007717796 -3.834399223 -0.018843530 0.007705211 0.999792755 248.479217529
0.999818027 0.001882729 0.018982599 -0.049507141 -0.001728791 0.999965429 -0.008122595 -3.849462509 -0.018997235 0.008088300 0.999786735 249.216217041
0.999811232 0.002336341 0.019288229 -0.039301872 -0.002174676 0.999962389 -0.008398300 -3.866167307 -0.019307123 0.008354768 0.999778688 249.954010010
0.999809980 0.001233014 0.019453589 -0.024631023 -0.001032676 0.999946356 -0.010304910 -3.882810593 -0.019465251 0.010282862 0.999757648 250.703033447
0.999797106 -0.002406904 0.019998750 -0.010255814 0.002655488 0.999919415 -0.012412694 -3.902490616 -0.019967264 0.012463283 0.999722898 251.450424194
0.999772251 -0.005735723 0.020550957 0.007637024 0.006009586 0.999893606 -0.013289218 -3.917903185 -0.020472549 0.013409697 0.999700487 252.215209961
0.999772608 -0.003154041 0.021087406 0.021832943 0.003353451 0.999949932 -0.009427671 -3.932433605 -0.021056617 0.009496243 0.999733150 252.995941162
0.999761164 0.000596242 0.021847352 0.023911476 -0.000522321 0.999994099 -0.003389027 -3.946824074 -0.021849245 0.003376806 0.999755561 253.776107788
0.999745667 -0.000359571 0.022552425 0.040258408 0.000354063 0.999999881 0.000248227 -3.965284109 -0.022552514 -0.000240179 0.999745607 254.563507080
0.999689698 -0.001381467 0.024871659 0.062707424 0.001434402 0.999996722 -0.002110639 -3.976400852 -0.024868660 0.002145660 0.999688387 255.365386963
0.999584079 -0.000664306 0.028831853 0.082480431 0.000907647 0.999964058 -0.008427774 -3.986958027 -0.028825214 0.008450437 0.999548733 256.159790039
0.999454319 0.001825860 0.032981470 0.096167564 -0.001428959 0.999926269 -0.012053618 -4.000648975 -0.033001047 0.011999911 0.999383330 256.966888428
0.999350667 0.003363312 0.035874542 0.123061180 -0.002945977 0.999927461 -0.011679700 -4.019421101 -0.035911221 0.011566431 0.999288023 257.780761719
0.999241948 0.002111733 0.038873095 0.161293030 -0.001743138 0.999953151 -0.009513508 -4.037499905 -0.038891368 0.009438533 0.999198854 258.623046875
0.999119580 -0.001159964 0.041937735 0.198580742 0.001423438 0.999979436 -0.006253204 -4.056966305 -0.041929632 0.006307395 0.999100566 259.458007812
0.998997688 -0.004027689 0.044580612 0.237752914 0.004242289 0.999979794 -0.004720185 -4.074939728 -0.044560704 0.004904578 0.998994589 260.296234131
0.998841584 -0.003144535 0.048014861 0.273533821 0.003341467 0.999986351 -0.004021718 -4.096068382 -0.048001554 0.004177499 0.998838544 261.154144287
0.998730242 -0.000991390 0.050364684 0.314251900 0.001296179 0.999981046 -0.006019325 -4.112918854 -0.050357763 0.006076965 0.998712838 261.995330811
0.998602331 -0.000243374 0.052850977 0.350409508 0.000673003 0.999966979 -0.008111395 -4.135287285 -0.052847262 0.008135626 0.998569429 262.828460693
0.998461306 -0.000078832 0.055455226 0.395702362 0.000554678 0.999963164 -0.008565395 -4.150629044 -0.055452522 0.008582973 0.998424411 263.684326172
0.998297989 0.000969669 0.058311719 0.438736916 -0.000602537 0.999979913 -0.006313274 -4.172019958 -0.058316670 0.006267393 0.998278379 264.526641846
0.998106360 0.002383335 0.061466239 0.484694481 -0.002103676 0.999987185 -0.004614112 -4.192706108 -0.061476439 0.004476068 0.998098493 265.374237061
0.997936428 0.003183365 0.064130738 0.540206909 -0.002862871 0.999982953 -0.005088788 -4.207199097 -0.064145856 0.004894689 0.997928441 266.244506836
0.997768819 0.003505890 0.066669986 0.593305588 -0.003143121 0.999979734 -0.005545377 -4.225374699 -0.066688076 0.005323452 0.997759640 267.089416504
0.997605860 0.001478898 0.069140151 0.653635025 -0.001053979 0.999980330 -0.006181833 -4.239366531 -0.069147937 0.006094160 0.997587740 267.923858643
0.997480631 -0.001910893 0.070913598 0.718709946 0.002291051 0.999983370 -0.005279907 -4.260759354 -0.070902325 0.005429070 0.997468591 268.801177979
0.997432709 -0.002204163 0.071575344 0.784774780 0.002601409 0.999981701 -0.005457286 -4.276920319 -0.071561992 0.005629472 0.997420251 269.652648926
0.997398913 -0.002978848 0.072018243 0.839353561 0.003358417 0.999981046 -0.005149943 -4.299485207 -0.072001539 0.005378414 0.997390032 270.498565674
0.997357130 -0.003434164 0.072572775 0.904243469 0.003829891 0.999978483 -0.005314376 -4.315527916 -0.072552964 0.005578277 0.997348905 271.375762939
0.997372210 -0.003108361 0.072380088 0.960651398 0.003467320 0.999982297 -0.004834248 -4.332460880 -0.072363786 0.005072510 0.997365355 272.240264893
0.997425795 -0.002693768 0.071655326 1.020494461 0.003014941 0.999985874 -0.004374406 -4.350448608 -0.071642518 0.004579181 0.997419834 273.089141846
0.997510433 -0.003192205 0.070446953 1.083667755 0.003551115 0.999981284 -0.004970118 -4.372731209 -0.070429780 0.005207910 0.997503102 273.960235596
0.997630358 -0.003161604 0.068730116 1.140419006 0.003579471 0.999975801 -0.005957525 -4.391479969 -0.068709627 0.006189425 0.997617543 274.811614990
0.997742355 -0.002434107 0.067114182 1.198816299 0.002884124 0.999974012 -0.006609168 -4.412444592 -0.067096345 0.006787813 0.997723401 275.690185547
0.997857273 -0.001370060 0.065414123 1.250999451 0.001836501 0.999973297 -0.007070984 -4.430222034 -0.065402687 0.007175966 0.997833133 276.541229248
0.997970939 -0.000566645 0.063668415 1.297079086 0.000996854 0.999976814 -0.006725458 -4.459637642 -0.063663132 0.006775280 0.997948349 277.387512207
0.998086333 0.000576336 0.061832678 1.345523834 -0.000173649 0.999978721 -0.006517706 -4.474960804 -0.061835129 0.006494497 0.998065233 278.238922119
0.998270094 0.000064459 0.058794305 1.391715050 0.000242922 0.999986291 -0.005220929 -4.494482994 -0.058793847 0.005226180 0.998256445 279.091613770
0.998516560 -0.000766171 0.054443087 1.445265770 0.000924626 0.999995410 -0.002885350 -4.508478165 -0.054440621 0.002931409 0.998512685 279.948883057
0.998772442 -0.002513540 0.049471777 1.483298302 0.002563662 0.999996305 -0.000949709 -4.530035019 -0.049469210 0.001075372 0.998775065 280.783172607
0.999004543 -0.003093931 0.044499487 1.519933701 0.003071199 0.999995172 0.000579193 -4.551622391 -0.044501059 -0.000441950 0.999009132 281.617675781
0.999184847 -0.002933270 0.040261708 1.544672012 0.002893128 0.999995232 0.001055246 -4.562851429 -0.040264610 -0.000937903 0.999188602 282.444976807
0.999361992 -0.003482079 0.035545565 1.570144653 0.003433418 0.999993026 0.001429959 -4.576297760 -0.035550296 -0.001307005 0.999366999 283.255401611
0.999515116 -0.004622321 0.030791573 1.593255997 0.004570633 0.999987960 0.001748759 -4.593800545 -0.030799285 -0.001607175 0.999524295 284.060821533
0.999631822 -0.004478593 0.026757844 1.606666565 0.004443139 0.999989092 0.001384315 -4.609457016 -0.026763758 -0.001264917 0.999640942 284.843261719
0.999725461 -0.004639798 0.022966590 1.620032787 0.004613352 0.999988616 0.001204325 -4.622403145 -0.022971915 -0.001098042 0.999735534 285.607666016
0.999806106 -0.004265892 0.019225229 1.627246380 0.004245696 0.999990404 0.001091241 -4.636512280 -0.019229699 -0.001009404 0.999814570 286.354888916
