1.000000000 -0.000000000 0.000000000 0.000000000 -0.000000000 1.000000000 0.000000000 0.000000000 0.000000000 0.000000000 1.000000000 0.000000000
0.999979019 0.000401336 -0.006465470 -0.008270859 -0.000398680 0.999999821 0.000412081 -0.002059129 0.006465634 -0.000409495 0.999979019 0.091708772
0.999907255 0.000968545 -0.013586723 -0.016373930 -0.000966328 0.999999523 0.000169733 -0.002002586 0.013586882 -0.000156588 0.999907672 0.188554719
0.999772549 0.001390216 -0.021282636 -0.026114102 -0.001402503 0.999998868 -0.000562412 -0.002155635 0.021281829 0.000592133 0.999773324 0.285385817
0.999541700 0.001706803 -0.030223548 -0.042940401 -0.001767623 0.999996483 -0.001985733 -0.001850693 0.030220052 0.002038247 0.999541163 0.390640616
0.999125481 0.001923650 -0.041768566 -0.059031799 -0.002068475 0.999992013 -0.003424367 -0.004953779 0.041761644 0.003507770 0.999121428 0.501154304
0.998479009 0.001730065 -0.055106364 -0.084224433 -0.001955634 0.999989927 -0.004039678 -0.008010613 0.055098820 0.004141301 0.998472333 0.626069784
0.997427881 0.001822047 -0.071653724 -0.108628891 -0.002144326 0.999987900 -0.004421053 -0.004382396 0.071644805 0.004563331 0.997419775 0.761441708
0.995905757 0.000202323 -0.090397269 -0.134893656 -0.000582596 0.999991119 -0.004180322 -0.009230942 0.090395615 0.004215872 0.995896995 0.917332649
0.993913949 -0.000754806 -0.110156536 -0.176411763 0.000275064 0.999990404 -0.004370217 -0.012689766 0.110158779 0.004313319 0.993904650 1.075044155
0.991301000 -0.000655014 -0.131612122 -0.226267129 0.000021530 0.999988377 -0.004814631 -0.011820408 0.131613731 0.004769915 0.991289556 1.239557624
0.987797320 0.002917390 -0.155717060 -0.281226099 -0.003917021 0.999973536 -0.006113074 -0.016825596 0.155695140 0.006648425 0.987782776 1.409497380
0.983417213 0.007310471 -0.181209534 -0.347813278 -0.008810167 0.999933124 -0.007472498 -0.023999801 0.181142822 0.008945070 0.983416140 1.585492492
0.978044331 0.010192011 -0.208147392 -0.420698822 -0.012238568 0.999888539 -0.008546767 -0.027000058 0.208037108 0.010906545 0.978060126 1.766065955
0.971371174 0.010917252 -0.237315983 -0.499547213 -0.013402251 0.999870837 -0.008860406 -0.027990282 0.237188637 0.011787312 0.971392155 1.951753020
0.963312685 0.012674030 -0.268081903 -0.587662637 -0.015462267 0.999846041 -0.008291946 -0.032578021 0.267935574 0.012132892 0.963360429 2.148612976
0.953992069 0.014756893 -0.299468398 -0.686393738 -0.017784452 0.999814510 -0.007386640 -0.033413637 0.299303919 0.012372676 0.954077661 2.334168911
0.942727029 0.016436342 -0.333159864 -0.782968640 -0.019631393 0.999787986 -0.006225807 -0.034508023 0.332986861 0.012409629 0.942849874 2.518447161
0.930219531 0.018619077 -0.366530955 -0.888157368 -0.022218458 0.999737442 -0.005603489 -0.038822751 0.366330296 0.013356225 0.930388987 2.702184677
0.916406810 0.021666722 -0.399661243 -1.012889385 -0.025797723 0.999654949 -0.004959109 -0.039217405 0.399415791 0.014854911 0.916649580 2.886206627
0.900363863 0.022448823 -0.434558332 -1.125461936 -0.026983539 0.999626696 -0.004267685 -0.040714487 0.434300274 0.015568390 0.900633633 3.056128263
0.882005274 0.018264562 -0.470885396 -1.246697545 -0.023177950 0.999720573 -0.004637247 -0.044494625 0.470669121 0.015004233 0.882182240 3.229399681
0.860873818 0.013248570 -0.508646011 -1.390815735 -0.018242590 0.999821901 -0.004833134 -0.049473420 0.508491457 0.013439739 0.860962152 3.416540146
0.835847914 0.014819456 -0.548761010 -1.551849246 -0.018854402 0.999820650 -0.001717708 -0.052046098 0.548637271 0.011782303 0.835977435 3.597687960
0.806744099 0.020542407 -0.590543807 -1.728081107 -0.023551669 0.999719262 0.002601788 -0.061101966 0.590431511 0.011809316 0.807001352 3.759251595
0.774263680 0.023654062 -0.632421017 -1.927916765 -0.026957707 0.999626935 0.004384524 -0.062309034 0.632288873 0.013653845 0.774612367 3.929559708
0.738210320 0.022381801 -0.674199224 -2.141566277 -0.025783354 0.999655247 0.004954835 -0.062724419 0.674077809 0.013725407 0.738532782 4.104666710
0.698204279 0.018135721 -0.715668917 -2.358427763 -0.019794039 0.999785900 0.006024510 -0.061338879 0.715624988 0.009959641 0.698413670 4.272468090
0.655228734 0.014409527 -0.755293131 -2.595929384 -0.014366889 0.999874890 0.006612170 -0.060555585 0.755293846 0.006518729 0.655353785 4.434398651
0.611074388 0.013836809 -0.791452229 -2.863537550 -0.011832537 0.999895275 0.008345162 -0.057516731 0.791484714 0.004265375 0.611174047 4.579827785
0.562672615 0.014143412 -0.826558828 -3.141973972 -0.009392652 0.999898493 0.010715496 -0.051954202 0.826626420 0.001734264 0.562748373 4.720731258
0.512251318 0.014717783 -0.858709455 -3.432880878 -0.007683971 0.999891698 0.012553798 -0.048013687 0.858801186 0.000167601 0.512308896 4.833550453
0.458640546 0.016086079 -0.888476312 -3.761550903 -0.007088307 0.999870479 0.014443844 -0.039916042 0.888593554 -0.000326739 0.458695203 4.960521221
0.403911352 0.018300079 -0.914615154 -4.092918396 -0.005626590 0.999830604 0.017520307 -0.038595952 0.914780855 -0.001930487 0.403945953 5.056454182
0.348412573 0.020200603 -0.937123656 -4.448345661 -0.005605481 0.999794722 0.019467482 -0.030900473 0.937324464 -0.001529688 0.348454297 5.142309666
0.293012559 0.023313647 -0.955824375 -4.818465233 -0.002836028 0.999719501 0.023514898 -0.027445346 0.956104398 -0.004179416 0.292996466 5.215986252
0.239679813 0.025111912 -0.970527112 -5.162392616 0.001955449 0.999650896 0.026348386 -0.029164670 0.970850050 -0.008212993 0.239547014 5.264776230
0.188753009 0.025518849 -0.981692970 -5.548407555 0.004051237 0.999633551 0.026764154 -0.024404405 0.982016265 -0.009028886 0.188580453 5.299429893
0.141043976 0.026642473 -0.989644766 -5.971549034 0.001606774 0.999630332 0.027140291 -0.017594360 0.990002096 -0.005418111 0.140949026 5.322710037
0.098751880 0.026930226 -0.994747639 -6.399320126 0.000286276 0.999632895 0.027090902 -0.007359311 0.995112062 -0.002960049 0.098707899 5.323283672
0.060977127 0.025560718 -0.997811794 -6.834319115 -0.001666148 0.999673307 0.025506580 -0.000443871 0.998137772 0.000107185 0.060999777 5.308928967
0.026417252 0.022722958 -0.999392688 -7.300330639 0.000194381 0.999741495 0.022736028 0.005369125 0.999650955 -0.000794886 0.026406003 5.307841301
-0.004612195 0.020067146 -0.999787927 -7.775583267 0.000582872 0.999798596 0.020064667 0.009382740 0.999989212 -0.000490207 -0.004622967 5.276467323
-0.031462952 0.018179541 -0.999339521 -8.268068314 -0.000015324 0.999834597 0.018189032 0.016060593 0.999504864 0.000587594 -0.031457465 5.239351749
-0.051915549 0.015779387 -0.998526812 -8.776743889 -0.000900763 0.999873996 0.015847513 0.026833160 0.998650968 0.001722168 -0.051894795 5.190434933
-0.068555251 0.014734753 -0.997538626 -9.290999413 0.000416902 0.999891281 0.014740856 0.040110998 0.997647166 0.000594687 -0.068553932 5.151339054
-0.081614882 0.015083872 -0.996549785 -9.828421593 0.000572781 0.999886036 0.015087459 0.047468405 0.996663690 0.000660556 -0.081614219 5.096539974
-0.091246553 0.016447941 -0.995692432 -10.380061150 0.000869939 0.999864519 0.016437136 0.049710453 0.995827913 0.000633641 -0.091248490 5.039461613
-0.098084651 0.017782591 -0.995019197 -10.957652092 -0.001321729 0.999837101 0.017998982 0.046571270 0.995177209 0.003080570 -0.098045178 4.973114967
-0.102437258 0.018721296 -0.994563222 -11.550886154 -0.001141130 0.999820113 0.018937776 0.053696163 0.994738817 0.003074860 -0.102397464 4.902751446
-0.103897505 0.019405724 -0.994398713 -12.157886505 0.000782039 0.999810994 0.019429633 0.064164221 0.994587719 0.001241032 -0.103893049 4.837525368
-0.103047334 0.021696299 -0.994439781 -12.772688866 0.002660692 0.999764562 0.021536758 0.068375632 0.994672894 -0.000426592 -0.103080802 4.780503273
-0.101476468 0.024050508 -0.994547188 -13.422036171 0.001982353 0.999710739 0.023973109 0.077617645 0.994835973 0.000461163 -0.101494782 4.710567474
-0.099795222 0.024168510 -0.994714379 -14.075235367 -0.000212763 0.999704480 0.024311101 0.083365656 0.995008051 0.002637770 -0.099760585 4.639949799
-0.098153315 0.021738634 -0.994933844 -14.739995956 -0.001619635 0.999756515 0.022003792 0.093374342 0.995170057 0.003771174 -0.098094210 4.571440220
-0.096734524 0.021321768 -0.995081902 -15.418376923 -0.002330777 0.999762893 0.021648657 0.104432009 0.995307505 0.004413486 -0.096661888 4.498578072
-0.095081568 0.023985764 -0.995180428 -16.110218048 -0.002285131 0.999701858 0.024313062 0.114737026 0.995466828 0.004585842 -0.094998382 4.432858467
-0.093364909 0.027593672 -0.995249510 -16.832162857 -0.002965607 0.999603689 0.027992601 0.126139790 0.995627522 0.005565045 -0.093246080 4.363452911
-0.091669701 0.029469647 -0.995353281 -17.560112000 -0.003165215 0.999548256 0.029885359 0.137627631 0.995784402 0.005890089 -0.091535017 4.294128418
-0.089808211 0.028725406 -0.995544672 -18.300842285 -0.004992506 0.999558330 0.029291591 0.152725726 0.995946586 0.007600889 -0.089625135 4.216595650
-0.087880820 0.026055250 -0.995790124 -19.050378799 -0.007633091 0.999610722 0.026828861 0.160444006 0.996101737 0.009958698 -0.087647744 4.145133018
-0.086295046 0.025513988 -0.995942771 -19.826271057 -0.008529367 0.999616385 0.026347142 0.175626308 0.996233106 0.010768390 -0.086044326 4.069667339
-0.084703214 0.027767353 -0.996019185 -20.606668472 -0.006139261 0.999578059 0.028388662 0.191057459 0.996387303 0.008519433 -0.084497020 4.000604630
-0.083786249 0.029907655 -0.996034741 -21.404649734 -0.003961082 0.999531507 0.030345859 0.202417135 0.996475816 0.006487940 -0.083628535 3.936964750
-0.082459062 0.031476673 -0.996097267 -22.184787750 -0.003317701 0.999486864 0.031858444 0.216575235 0.996588886 0.005931770 -0.082312316 3.871398926
-0.081757918 0.026596827 -0.996297240 -22.990020752 -0.003190963 0.999631763 0.026947699 0.230563298 0.996647120 0.005382334 -0.081642926 3.801338911
-0.081290722 0.019800330 -0.996493757 -23.797628403 -0.002056201 0.999797285 0.020033710 0.235527560 0.996688247 0.003677546 -0.081233516 3.732072115
-0.081750914 0.015325185 -0.996535003 -24.611129761 0.001304881 0.999882519 0.015269624 0.244500548 0.996651947 -0.000052054 -0.081761308 3.664859533
-0.081864506 0.016243583 -0.996511102 -25.438943863 0.002215306 0.999867678 0.016116302 0.250906676 0.996640980 -0.000888223 -0.081889674 3.589749813
-0.081725165 0.023776030 -0.996371269 -26.279487610 0.001803343 0.999717295 0.023707958 0.254806459 0.996653259 0.000140738 -0.081744947 3.511388540
-0.082276560 0.030854359 -0.996131897 -27.121253967 0.000552974 0.999521852 0.030913692 0.266686589 0.996609390 0.001992638 -0.082254291 3.442561388
-0.082436457 0.036123589 -0.995941460 -27.961992264 -0.001724963 0.999336243 0.036389500 0.276972830 0.996594787 0.004717783 -0.082319424 3.362075090
-0.082970150 0.036689028 -0.995876551 -28.803514481 -0.003386532 0.999305844 0.037097529 0.284419835 0.996546328 0.006450554 -0.082788318 3.284473896
-0.083326481 0.032840140 -0.995981038 -29.642082214 -0.003411094 0.999441564 0.033239625 0.302525014 0.996516526 0.006167126 -0.083167925 3.209657192
-0.083611883 0.030032462 -0.996045768 -30.476867676 -0.003445950 0.999531090 0.030426821 0.319466949 0.996492505 0.005976367 -0.083469175 3.134516716
-0.083909057 0.031312756 -0.995981336 -31.313365936 -0.004781976 0.999481976 0.031825688 0.333477855 0.996461928 0.007433222 -0.083715849 3.057338476
-0.083457015 0.034059197 -0.995929062 -32.139423370 -0.006381046 0.999377012 0.034711827 0.334145159 0.996490955 0.009252016 -0.083187692 2.978619099
-0.083530441 0.032617908 -0.995971262 -32.972515106 -0.006712818 0.999423027 0.033293955 0.346511602 0.996482611 0.009466832 -0.083263308 2.905776501
-0.083374143 0.027206745 -0.996146798 -33.810104370 -0.007400570 0.999582767 0.027919995 0.360088021 0.996490836 0.009699860 -0.083138019 2.827489853
-0.082940169 0.023180341 -0.996284783 -34.621917725 -0.008925505 0.999672055 0.024002193 0.367495954 0.996514499 0.010883091 -0.082706064 2.757822990
-0.082790285 0.023820467 -0.996282160 -35.461090088 -0.008599146 0.999660015 0.024615809 0.377642602 0.996529818 0.010605128 -0.082557313 2.689529896
-0.081746705 0.026494024 -0.996300817 -36.299587250 -0.007155947 0.999605179 0.027169043 0.381796330 0.996627450 0.009350456 -0.081524834 2.605720997
-0.081290014 0.031529151 -0.996191621 -37.115417480 -0.007532840 0.999451518 0.032246999 0.386726975 0.996662021 0.010125514 -0.081007913 2.538888931
-0.080908909 0.036915395 -0.996037662 -37.959163666 -0.006423015 0.999273837 0.037557077 0.404670447 0.996700883 0.009436267 -0.080613047 2.472785950
-0.081001185 0.040048342 -0.995909095 -38.799381256 -0.007131891 0.999143481 0.040758468 0.417432398 0.996688485 0.010404200 -0.080646195 2.397297144
-0.080283873 0.039737865 -0.995979667 -39.621070862 -0.006066022 0.999166965 0.040354010 0.443247378 0.996753633 0.009281410 -0.079975933 2.322192669
-0.080252811 0.035532061 -0.996140957 -40.427654266 -0.006564369 0.999323845 0.036174446 0.454979211 0.996752858 0.009442139 -0.079965316 2.252336025
-0.079659753 0.031475887 -0.996325016 -41.256515503 -0.007476641 0.999454319 0.032172531 0.468208790 0.996794045 0.010012019 -0.079380959 2.175127745
-0.079392530 0.028765056 -0.996428311 -42.082767487 -0.011777170 0.999486685 0.029791716 0.478435010 0.996773839 0.014100344 -0.079013005 2.092030764
-0.079850078 0.026949152 -0.996442437 -42.897350311 -0.015376621 0.999482214 0.028263565 0.489042997 0.996688247 0.017578768 -0.079394348 2.020385265
-0.080620632 0.025224948 -0.996425569 -43.709304810 -0.013092802 0.999566674 0.026363803 0.496698529 0.996658802 0.015171470 -0.080255441 1.954316854
-0.082087032 0.021255612 -0.996398449 -44.524581909 -0.008800979 0.999718070 0.022051487 0.502905905 0.996586263 0.010579424 -0.081876822 1.893416405
-0.082571566 0.020146221 -0.996381462 -45.351200104 -0.004438041 0.999778271 0.020582691 0.508274555 0.996575236 0.006121527 -0.082463846 1.821132183
-0.084426321 0.023252947 -0.996158302 -46.173259735 -0.004335869 0.999709606 0.023703318 0.517596602 0.996420264 0.006320396 -0.084300995 1.745837569
-0.085826144 0.030140182 -0.995854139 -46.985191345 -0.002397782 0.999533117 0.030458180 0.512876511 0.996307254 0.005001950 -0.085713811 1.667775869
-0.088008590 0.033537589 -0.995554924 -47.793212891 0.000180342 0.999433637 0.033652306 0.525179863 0.996119797 0.002782152 -0.087964796 1.594295740
-0.089438289 0.032676708 -0.995456338 -48.577644348 -0.000582012 0.999459803 0.032860417 0.532134891 0.995992184 0.003518347 -0.089370944 1.525976539
-0.090028390 0.028577924 -0.995529175 -49.379264832 -0.003883938 0.999570549 0.029045170 0.542334497 0.995931625 0.006481462 -0.089878716 1.436614275
-0.091128632 0.024956668 -0.995526433 -50.170639038 -0.008724893 0.999627531 0.025858141 0.549399316 0.995800912 0.011042276 -0.090876944 1.349426270
-0.092597976 0.023913335 -0.995416462 -50.959049225 -0.013042271 0.999596655 0.025227014 0.554493010 0.995618165 0.015318458 -0.092248745 1.260993123
-0.093195558 0.024566285 -0.995344758 -51.744098663 -0.014681381 0.999552906 0.026044790 0.564008594 0.995539546 0.017040294 -0.092793226 1.173423052
-0.094840661 0.026381290 -0.995142758 -52.540649414 -0.014777583 0.999501348 0.027905192 0.566169798 0.995382726 0.017352354 -0.094403513 1.104592443
-0.095998220 0.025939221 -0.995043457 -53.323429108 -0.016517604 0.999481261 0.027648468 0.573194563 0.995244443 0.019089937 -0.095519967 1.022488594
-0.096367948 0.025757046 -0.995012403 -54.105171204 -0.017199440 0.999472797 0.027538290 0.579786122 0.995197177 0.019767465 -0.095874131 0.936892211
-0.097157188 0.027572511 -0.994886994 -54.880084991 -0.015262988 0.999457419 0.029189706 0.588393807 0.995151997 0.018020939 -0.096683629 0.863479078
-0.097096674 0.030422553 -0.994809866 -55.655975342 -0.014851767 0.999377191 0.032011807 0.598252237 0.995164156 0.017882925 -0.096584372 0.779724419
-0.097220197 0.034527652 -0.994663775 -56.427127838 -0.015175018 0.999230444 0.036169413 0.610108495 0.995147228 0.018610435 -0.096621431 0.700189948
-0.097851433 0.037024219 -0.994512200 -57.186397552 -0.014774656 0.999143541 0.038650345 0.614230156 0.995091379 0.018475566 -0.097220622 0.620352268
-0.098634839 0.036871526 -0.994440317 -57.935352325 -0.014699709 0.999150276 0.038504176 0.627950251 0.995015144 0.018415837 -0.098009020 0.546266854
-0.098982915 0.035005994 -0.994473159 -58.677421570 -0.013443835 0.999242842 0.036511984 0.638287842 0.994998336 0.016983593 -0.098437354 0.471097380
-0.099333070 0.031518362 -0.994554877 -59.410991669 -0.013356392 0.999366045 0.033004813 0.645751953 0.994964600 0.016562136 -0.098849110 0.397000492
-0.098859772 0.028492993 -0.994693339 -60.131362915 -0.013561943 0.999458611 0.029977372 0.657630444 0.995009005 0.016453529 -0.098419830 0.317123383
-0.097698592 0.026187392 -0.994871438 -60.843360901 -0.014095050 0.999517143 0.027693836 0.667487681 0.995116293 0.016728410 -0.097282298 0.242284924
-0.095088132 0.025381299 -0.995145202 -61.538227081 -0.016563227 0.999496341 0.027074909 0.671467960 0.995331049 0.019057319 -0.094619825 0.172858268
-0.090824619 0.026572859 -0.995512247 -62.207729340 -0.017132148 0.999454319 0.028241115 0.672330201 0.995719552 0.019620253 -0.090319820 0.099511907
-0.085062347 0.027942553 -0.995983660 -62.874427795 -0.016502300 0.999430120 0.029448623 0.680567622 0.996239007 0.018940996 -0.084552743 0.043533795
-0.078036912 0.029513268 -0.996513486 -63.522766113 -0.015913988 0.999397457 0.030844906 0.683995008 0.996823430 0.018265549 -0.077520229 -0.002241221
-0.069186278 0.030872464 -0.997125864 -64.161193848 -0.016802674 0.999343097 0.032106977 0.688468754 0.997462273 0.018975744 -0.068622082 -0.047829159
-0.057313312 0.032547008 -0.997825503 -64.791717529 -0.018684547 0.999258399 0.033666950 0.695877433 0.998181462 0.020573482 -0.056662682 -0.088914923
-0.042381465 0.034208104 -0.998515666 -65.366317749 -0.022051813 0.999138236 0.035165410 0.700723946 0.998858094 0.023509445 -0.041590586 -0.111237518
-0.023733761 0.035350870 -0.999093115 -65.955459595 -0.023572948 0.999077082 0.035910279 0.710367262 0.999440432 0.024403851 -0.022878520 -0.123355374
-0.001599242 0.036109008 -0.999346554 -66.531570435 -0.024444208 0.999047816 0.036137335 0.719491184 0.999699950 0.024486026 -0.000715054 -0.118388385
0.023661649 0.036764313 -0.999043763 -67.070968628 -0.023846013 0.999060035 0.036200136 0.721304178 0.999435604 0.022966657 0.024516096 -0.086966746
0.053192172 0.035979114 -0.997935951 -67.598281860 -0.022691486 0.999136269 0.034812879 0.734819949 0.998326480 0.020792874 0.053962652 -0.038259011
0.087073967 0.035625059 -0.995564640 -68.087051392 -0.021721927 0.999190748 0.033854965 0.744565904 0.995965064 0.018677695 0.087777354 0.031022854
0.124423198 0.035792325 -0.991583526 -68.570175171 -0.020868426 0.999222517 0.033449505 0.751316667 0.992009699 0.016530892 0.125073403 0.115493186
0.166191846 0.036370732 -0.985422492 -68.950035095 -0.020807477 0.999226391 0.033371028 0.737244725 0.985873818 0.014958161 0.166820094 0.182795063
0.211470947 0.037202004 -0.976676047 -69.406875610 -0.019994130 0.999230862 0.033731975 0.745062411 0.977179766 0.012394453 0.212052152 0.305848300
0.260018170 0.036251869 -0.964922965 -69.837265015 -0.016977252 0.999312043 0.032968987 0.744318366 0.965454459 0.007809202 0.260454804 0.454857528
0.309575081 0.030742394 -0.950377882 -70.234794617 -0.008972154 0.999527156 0.029409666 0.747463226 0.950832605 -0.000577562 0.309704542 0.635354042
0.361297488 0.025537360 -0.932100952 -70.637390137 -0.004102311 0.999658704 0.025798162 0.750477791 0.932441533 -0.005497043 0.361278951 0.824266493
0.412919581 0.020770563 -0.910530686 -71.011497498 0.001623442 0.999721527 0.023541359 0.752082705 0.910766006 -0.011198884 0.412770897 1.049300432
0.464043349 0.020364886 -0.885578454 -71.403198242 0.001157198 0.999720812 0.023596097 0.757687688 0.885811746 -0.011974404 0.463890254 1.289509058
0.512934685 0.019525360 -0.858205497 -71.741867065 0.001211632 0.999723852 0.023469271 0.768131077 0.858426750 -0.013078030 0.512769401 1.519782186
0.558118463 0.014626081 -0.829632342 -72.092788696 0.009481769 0.999667048 0.024002388 0.777636290 0.829707086 -0.021262556 0.557793975 1.805864215
0.601797402 0.008266451 -0.798605978 -72.409416199 0.019713433 0.999487996 0.025201049 0.777724087 0.798405409 -0.030909188 0.601326406 2.111151457
0.644249260 0.002601451 -0.764811099 -72.721038818 0.021627111 0.999532342 0.021617735 0.786572695 0.764509618 -0.030467864 0.643891811 2.424001932
0.685618520 -0.001772360 -0.727958858 -73.022666931 0.018853575 0.999704838 0.015323015 0.783767462 0.727716744 -0.024230368 0.685449600 2.743154049
0.726182580 -0.006912524 -0.687466979 -73.282760620 0.013687938 0.999896646 0.004404770 0.777363420 0.687365592 -0.012608674 0.726202250 3.060660124
0.765191317 -0.009552473 -0.643732071 -73.550079346 0.009072162 0.999950647 -0.004054577 0.780677557 0.643739045 -0.002737515 0.765240192 3.428997755
0.802313268 -0.010251075 -0.596815109 -73.809494019 0.007402372 0.999946535 -0.007224191 0.780498087 0.596857190 0.001378215 0.802346230 3.822505236
0.836154282 -0.011817246 -0.548366904 -74.054306030 0.008234438 0.999925792 -0.008992348 0.777850091 0.548432410 0.003003494 0.836189449 4.254810810
0.866974473 -0.009770139 -0.498256773 -74.294662476 0.004939778 0.999927104 -0.011011926 0.765784204 0.498328060 0.007085782 0.866959512 4.702902794
0.892853498 -0.008295464 -0.450270861 -74.503356934 0.004349929 0.999942541 -0.009796636 0.755254209 0.450326204 0.006788314 0.892838299 5.179251194
0.913787305 -0.002282575 -0.406186581 -74.694152832 -0.001336689 0.999961853 -0.008626430 0.742678761 0.406190753 0.008425666 0.913749456 5.678145885
0.931211531 0.002165380 -0.364472836 -74.879486084 -0.006315574 0.999927938 -0.010195307 0.734653831 0.364424497 0.011795841 0.931158245 6.192613602
0.944761932 0.007506572 -0.327671379 -75.067611694 -0.011050945 0.999898791 -0.008956223 0.726620078 0.327571034 0.012082578 0.944749177 6.724959850
0.954686821 0.008079890 -0.297502667 -75.224433899 -0.010763067 0.999914706 -0.007381964 0.717183590 0.297417700 0.010249503 0.954692304 7.289636135
0.961925507 0.007225886 -0.273216516 -75.376327515 -0.009151007 0.999941409 -0.005772428 0.705764711 0.273158818 0.008052852 0.961935163 7.875460625
0.967755556 0.007652600 -0.251775146 -75.531410217 -0.008877927 0.999953568 -0.003731175 0.695346236 0.251734942 0.005846107 0.967778444 8.486870766
0.972273588 0.010307590 -0.233619004 -75.678390503 -0.010904144 0.999939799 -0.001262072 0.691311836 0.233591914 0.003774494 0.972327292 9.105690956
0.975837171 0.015047736 -0.217980087 -75.826126099 -0.015403226 0.999881327 0.000068399 0.687346578 0.217955276 0.003290851 0.975953102 9.741827011
0.978564143 0.018717008 -0.205090180 -75.954994202 -0.018730627 0.999822855 0.001875128 0.675863743 0.205088928 0.002006535 0.978741288 10.386198044
0.981301367 0.017283281 -0.191699922 -76.084968567 -0.017284160 0.999849260 0.001667733 0.666521013 0.191699848 0.001676824 0.981452107 11.050634384
0.983845234 0.017583547 -0.178155378 -76.198867798 -0.017687721 0.999843001 0.001003652 0.660665035 0.178145066 0.002163724 0.984001815 11.728510857
0.986372650 0.018000560 -0.163538948 -76.320297241 -0.018033518 0.999836504 0.001283190 0.660227299 0.163535327 0.001683480 0.986536026 12.441578865
0.988585472 0.019263476 -0.149424538 -76.424568176 -0.019299917 0.999813020 0.001206355 0.661200643 0.149419874 0.001691296 0.988772452 13.150878906
0.990428448 0.019632552 -0.136623621 -76.526184082 -0.019997081 0.999799192 -0.001296035 0.646609366 0.136570781 0.004015705 0.990622222 13.872913361
0.991900623 0.019611303 -0.125493348 -76.619163513 -0.020539310 0.999770463 -0.006105160 0.630150318 0.125344828 0.008633260 0.992075682 14.609180450
0.993085682 0.019575747 -0.115747653 -76.708061218 -0.021150280 0.999699593 -0.012390538 0.612146080 0.115470342 0.014752964 0.993201375 15.344183922
0.993975103 0.018507281 -0.108032383 -76.792022705 -0.019956209 0.999724627 -0.012346197 0.595690310 0.107774146 0.014427729 0.994070649 16.106510162
0.994694352 0.020301297 -0.100851618 -76.878616333 -0.021026341 0.999760151 -0.006131342 0.581342697 0.100702964 0.008219351 0.994882524 16.873163223
0.995080650 0.024916982 -0.095884167 -76.959609985 -0.024842434 0.999689519 0.001971320 0.564491272 0.095903508 0.000420371 0.995390534 17.640665054
0.995440841 0.025421787 -0.091930442 -77.025535583 -0.024999553 0.999670863 0.005741766 0.551399291 0.092046157 -0.003417370 0.995748878 18.400873184
0.995815933 0.024567164 -0.088017084 -77.107826233 -0.024237566 0.999694705 0.004811622 0.539451122 0.088108413 -0.002658171 0.996107340 19.171413422
0.996104240 0.024105309 -0.084824994 -77.173118591 -0.023916032 0.999708712 0.003246992 0.535039425 0.084878549 -0.001205667 0.996390581 19.937299728
0.996359408 0.023369424 -0.081985369 -77.256607056 -0.022957684 0.999718666 0.005961315 0.518937111 0.082101606 -0.004057419 0.996615708 20.738151550
0.996633172 0.021216094 -0.079196356 -77.318634033 -0.020611126 0.999751925 0.008448610 0.510099709 0.079355955 -0.006787839 0.996823192 21.508768082
0.996913493 0.019271588 -0.076105632 -77.377296448 -0.018525708 0.999773264 0.010494524 0.496455818 0.076290615 -0.009052223 0.997044504 22.272367477
0.997108042 0.018272921 -0.073767200 -77.428665161 -0.017818592 0.999818027 0.006812432 0.489584893 0.073878266 -0.005478303 0.997252226 23.027671814
0.997176111 0.021014534 -0.072098330 -77.492820740 -0.021105373 0.999777138 -0.000498263 0.477211684 0.072071791 0.002018519 0.997397363 23.786869049
0.997266173 0.021601308 -0.070665158 -77.548210144 -0.022232354 0.999719560 -0.008155715 0.466704279 0.070469148 0.009704472 0.997466743 24.524534225
0.997328222 0.022602949 -0.069466032 -77.605598450 -0.023507066 0.999648869 -0.012225364 0.451062858 0.069165312 0.013825645 0.997509420 25.284566879
0.997464240 0.024446078 -0.066838786 -77.668914795 -0.025243141 0.999619663 -0.011106587 0.435992092 0.066541843 0.012765644 0.997702003 26.046596527
0.997524917 0.027890487 -0.064544410 -77.725013733 -0.028388014 0.999573946 -0.006803891 0.412919700 0.064327143 0.008619338 0.997891724 26.795635223
0.997580886 0.031046782 -0.062197946 -77.785903931 -0.031197811 0.999512196 -0.001458213 0.395253986 0.062122323 0.003395125 0.998062789 27.573097229
0.997824430 0.028850885 -0.059279732 -77.838096619 -0.028905997 0.999582171 -0.000072165 0.385132045 0.059252877 0.001785547 0.998241425 28.334117889
0.997976363 0.026144646 -0.057962917 -77.886207581 -0.026177915 0.999657333 0.000185371 0.367683142 0.057947893 0.001332353 0.998318791 29.097618103
0.998106539 0.023973888 -0.056646228 -77.932144165 -0.023985870 0.999712229 0.000468445 0.350465387 0.056641147 0.000891151 0.998394251 29.850904465
0.998139858 0.023789082 -0.056132961 -77.972175598 -0.023918571 0.999712467 -0.001635968 0.340047389 0.056077905 0.002975545 0.998421967 30.592967987
0.998216808 0.021716079 -0.055600792 -78.012794495 -0.021912953 0.999755502 -0.002933538 0.328103840 0.055523492 0.004146684 0.998448730 31.349958420
0.998275816 0.020156251 -0.055127423 -78.054176331 -0.020357084 0.999787986 -0.003083824 0.316614598 0.055053573 0.004200740 0.998474598 32.107906342
0.998247325 0.024237009 -0.053989667 -78.108451843 -0.024377344 0.999700844 -0.001942152 0.303092659 0.053926446 0.003254872 0.998539627 32.882114410
0.998256743 0.024108440 -0.053874284 -78.152931213 -0.024285700 0.999701560 -0.002637872 0.289198607 0.053794615 0.003941648 0.998544216 33.660579681
0.998166800 0.023483282 -0.055781752 -78.195022583 -0.023669893 0.999716222 -0.002686939 0.274896383 0.055702828 0.004002361 0.998439372 34.435615540
0.998117268 0.021328777 -0.057506844 -78.246513367 -0.021487413 0.999766886 -0.002141534 0.261986256 0.057447758 0.003373175 0.998342812 35.221630096
0.997910321 0.022845628 -0.060440928 -78.306396484 -0.023029955 0.999731958 -0.002354687 0.250052303 0.060370933 0.003741718 0.998169065 36.022983551
0.997623742 0.027119834 -0.063335039 -78.362953186 -0.027320135 0.999624074 -0.002298441 0.230539843 0.063248903 0.004023301 0.997989714 36.797332764
0.997443914 0.027532037 -0.065937251 -78.426216125 -0.028071487 0.999579489 -0.007268589 0.216821000 0.065709405 0.009100966 0.997797370 37.593669891
0.997283101 0.028122006 -0.068083331 -78.495346069 -0.028907860 0.999526024 -0.010584747 0.202849373 0.067753397 0.012524135 0.997623563 38.376579285
0.997165024 0.027991807 -0.069845535 -78.564392090 -0.028929513 0.999503851 -0.012449978 0.192043513 0.069462404 0.014435280 0.997480094 39.178756714
0.996992588 0.028317766 -0.072137661 -78.628860474 -0.029175848 0.999515176 -0.010869012 0.170271009 0.071794912 0.012941005 0.997335434 40.009212494
0.996830046 0.026701041 -0.074945979 -78.684944153 -0.027545130 0.999567986 -0.010251478 0.152010933 0.074639872 0.012283379 0.997134864 40.834484100
0.996754587 0.026387895 -0.076052561 -78.756309509 -0.027117815 0.999595463 -0.008580723 0.135352597 0.075795360 0.010615255 0.997066855 41.659755707
0.996675432 0.026007665 -0.077210978 -78.830162048 -0.026456170 0.999638438 -0.004791456 0.120384611 0.077058442 0.006818235 0.997003257 42.485336304
0.996610105 0.025676902 -0.078160085 -78.898567200 -0.025751440 0.999668360 0.000054277 0.104145817 0.078135543 0.001958642 0.996940970 43.359741211
0.996679246 0.025343807 -0.077383734 -78.968048096 -0.025246467 0.999678731 0.002236081 0.089967310 0.077415526 -0.000274990 0.996998966 44.211971283
0.996741176 0.028603042 -0.075425267 -79.038421631 -0.028503671 0.999590755 0.002393841 0.076342642 0.075462870 -0.000236143 0.997148693 45.066661835
0.996890545 0.028131304 -0.073606059 -79.108886719 -0.028131707 0.999603689 0.001031482 0.068563618 0.073605910 0.001042390 0.997286856 45.933311462
0.997065783 0.025850121 -0.072054073 -79.171203613 -0.025995484 0.999661446 -0.001080171 0.054055717 0.072001770 0.002950082 0.997400105 46.792415619
0.997266591 0.021788163 -0.070602007 -79.227844238 -0.022040028 0.999753177 -0.002790220 0.039618302 0.070523791 0.004338663 0.997500718 47.663616180
0.997451067 0.020586373 -0.068319447 -79.299316406 -0.020848604 0.999777734 -0.003127431 0.027815964 0.068239890 0.004543823 0.997658610 48.541587830
0.997555077 0.018231038 -0.067465261 -79.358734131 -0.018287282 0.999832809 -0.000216150 0.009502924 0.067450039 0.001449378 0.997721612 49.418121338
0.997675955 0.015930492 -0.066248603 -79.422470093 -0.015846184 0.999872744 0.001797930 0.000864054 0.066268817 -0.000743965 0.997801602 50.293048859
0.997720957 0.015430813 -0.065687247 -79.477890015 -0.015309918 0.999880016 0.002343466 -0.018189864 0.065715529 -0.001332459 0.997837484 51.170890808
0.997765660 0.017602868 -0.064450100 -79.538909912 -0.017712714 0.999842405 -0.001133305 -0.034236677 0.064420007 0.002272358 0.997920215 52.051357269
0.997774482 0.019978780 -0.063615866 -79.605278015 -0.020438392 0.999769449 -0.006582184 -0.056970328 0.063469693 0.007867742 0.997952700 52.908840179
0.997779608 0.021885030 -0.062903546 -79.661415100 -0.022708697 0.999665082 -0.012409146 -0.072299048 0.062610909 0.013810050 0.997942448 53.770366669
0.997722805 0.026722357 -0.061928615 -79.729423523 -0.027885733 0.999449074 -0.017998168 -0.098300561 0.061413527 0.019684106 0.997918367 54.618267059
0.997789323 0.026733935 -0.060841296 -79.786773682 -0.027917691 0.999435425 -0.018690178 -0.128923848 0.060307279 0.020347411 0.997972429 55.464168549
0.997851551 0.023744488 -0.061060179 -79.835990906 -0.024606647 0.999607265 -0.013406792 -0.142895535 0.060717858 0.014880476 0.998044074 56.329200745
0.997845709 0.023507399 -0.061247390 -79.906059265 -0.023803519 0.999708116 -0.004109586 -0.172538251 0.061132926 0.005558636 0.998114109 57.179748535
0.997804046 0.022038713 -0.062460888 -79.961410522 -0.021832885 0.999753654 0.003976026 -0.195870429 0.062533133 -0.002603594 0.998039484 58.033412933
0.997719407 0.020164175 -0.064414077 -80.023101807 -0.020078432 0.999796391 0.001978213 -0.212274417 0.064440846 -0.000680369 0.997921288 58.871059418
0.997670412 0.015226633 -0.066496983 -80.082313538 -0.015385719 0.999879837 -0.001880964 -0.223259151 0.066460349 0.002899686 0.997784913 59.713531494
0.997512698 0.014114150 -0.069058552 -80.143547058 -0.014379063 0.999891043 -0.003340519 -0.246108234 0.069003873 0.004325208 0.997607112 60.547382355
0.997280478 0.015598164 -0.072030723 -80.206771851 -0.016029067 0.999856830 -0.005408032 -0.262644619 0.071936063 0.006547910 0.997387707 61.354625702
0.997020721 0.017083559 -0.075219370 -80.277519226 -0.017800417 0.999802232 -0.008870116 -0.281460643 0.075052962 0.010182625 0.997127533 62.174274445
0.996702254 0.017805424 -0.079169348 -80.348449707 -0.018826101 0.999748766 -0.012164644 -0.303677112 0.078932866 0.013614978 0.996786952 62.988113403
0.996402860 0.019895075 -0.082375117 -80.424240112 -0.021301715 0.999641359 -0.016232446 -0.326821387 0.082022630 0.017928783 0.996469200 63.802616119
0.996050179 0.024955282 -0.085213341 -80.516052246 -0.026412768 0.999522746 -0.016019428 -0.353656322 0.084772892 0.018206872 0.996233940 64.598823547
0.995640457 0.028585359 -0.088785917 -80.597808838 -0.029955093 0.999451339 -0.014133207 -0.375943869 0.088333204 0.016731184 0.995950460 65.403518677
0.995204329 0.031446729 -0.092625059 -80.683731079 -0.032339334 0.999443710 -0.008151285 -0.399226308 0.092317194 0.011107630 0.995667696 66.202819824
0.994799733 0.031721789 -0.096784025 -80.765953064 -0.032117736 0.999480844 -0.002535511 -0.420414805 0.096653342 0.005630810 0.995302141 67.018569946
0.994316697 0.031368207 -0.101737104 -80.853515625 -0.031410221 0.999505937 0.001189326 -0.437196910 0.101724133 0.002013019 0.994810581 67.813941956
0.993656874 0.030568622 -0.108220853 -80.945617676 -0.030492473 0.999532223 0.002358774 -0.451740712 0.108242333 0.000956110 0.994124055 68.607963562
0.993081450 0.027993703 -0.114041649 -81.036621094 -0.027473550 0.999603689 0.006130535 -0.461872429 0.114168070 -0.002954991 0.993457079 69.391296387
0.992286026 0.028681617 -0.120606057 -81.137519836 -0.028206872 0.999586105 0.005642046 -0.472696126 0.120717965 -0.002196604 0.992684484 70.169822693
0.991438150 0.033465188 -0.126215890 -81.259475708 -0.033075906 0.999439359 0.005179338 -0.486605197 0.126318455 -0.000960289 0.991989315 70.942787170
0.990596592 0.034499481 -0.132394299 -81.369949341 -0.034622606 0.999399424 0.001372669 -0.496290505 0.132362172 0.003224075 0.991196215 71.710266113
0.989805996 0.033731185 -0.138369769 -81.481437683 -0.034257744 0.999411941 -0.001424937 -0.502516687 0.138240337 0.006150648 0.990379632 72.465660095
0.988977015 0.035240162 -0.143814191 -81.599967957 -0.036002558 0.999347985 -0.002701490 -0.516291440 0.143625230 0.007849389 0.989601076 73.231422424
0.988208294 0.037061092 -0.148562819 -81.722358704 -0.037117157 0.999308050 0.002396088 -0.524150848 0.148548812 0.003146395 0.988900125 74.001129150
0.987333596 0.037601471 -0.154137507 -81.855598450 -0.037021693 0.999292433 0.006631193 -0.535190701 0.154277802 -0.000840770 0.988027155 74.761993408
0.986362636 0.037207723 -0.160325676 -81.984855652 -0.036204226 0.999302268 0.009176825 -0.553856969 0.160555258 -0.003247213 0.987021506 75.520088196
0.985203981 0.034759879 -0.167823836 -82.113281250 -0.034354057 0.999395549 0.005321770 -0.559680998 0.167907372 0.000522400 0.985802650 76.266624451
0.983848512 0.032318324 -0.176061645 -82.258102417 -0.033168729 0.999447942 -0.001888628 -0.566477716 0.175903365 0.007697862 0.984377325 77.012565613
0.982272685 0.029750312 -0.185082287 -82.405723572 -0.030936038 0.999515116 -0.003521314 -0.577882171 0.184887752 0.009184600 0.982716739 77.754638672
0.980176032 0.029507820 -0.195919171 -82.554115295 -0.030236028 0.999542475 -0.000726368 -0.591840267 0.195808098 0.006635785 0.980619729 78.489288330
0.977836490 0.029565886 -0.207272217 -82.719154358 -0.029100846 0.999562442 0.005292954 -0.597898543 0.207337990 0.000856152 0.978268981 79.228782654
0.975332499 0.030626027 -0.218605876 -82.893348694 -0.028373701 0.999507010 0.013435777 -0.608252227 0.218909636 -0.006901692 0.975720763 79.943969727
0.972750604 0.031335112 -0.229726806 -83.076560974 -0.028210141 0.999459624 0.016875472 -0.615648866 0.230131477 -0.009934998 0.973108888 80.669349670
0.969903886 0.034520533 -0.241028592 -83.273597717 -0.032382030 0.999393225 0.012828895 -0.625838935 0.241325215 -0.004637798 0.970433295 81.384391785
0.966814280 0.034338292 -0.253161699 -83.473281860 -0.034541328 0.999396682 0.003643988 -0.633062661 0.253134102 0.005221482 0.967417181 82.085784912
0.963546515 0.031978063 -0.265622377 -83.675918579 -0.033581030 0.999434948 -0.001494197 -0.631566644 0.265424490 0.010359603 0.964076042 82.793838501
0.960204422 0.030591525 -0.277617872 -83.887008667 -0.030799570 0.999518991 0.003612640 -0.637286365 0.277594894 0.005081639 0.960684776 83.517028809
0.956822634 0.031775951 -0.288930446 -84.113250732 -0.029901864 0.999493361 0.010899070 -0.642849505 0.289130449 -0.001788916 0.957288027 84.239952087
0.953148007 0.031694200 -0.300839245 -84.348701477 -0.028081028 0.999472380 0.016327992 -0.648070514 0.301198006 -0.007115117 0.953535020 84.950546265
0.949023664 0.029225906 -0.313846976 -84.586952209 -0.026042104 0.999558032 0.014333153 -0.648209035 0.314127207 -0.005429266 0.949365377 85.661476135
0.945353031 0.027598131 -0.324878424 -84.839286804 -0.025637878 0.999618173 0.010313852 -0.655334175 0.325038999 -0.001421037 0.945699573 86.358184814
0.942369759 0.023194104 -0.333768249 -85.095558167 -0.023310395 0.999721587 0.003657128 -0.665959716 0.333760142 0.004333904 0.942648053 87.045120239
0.939569771 0.019164601 -0.341820627 -85.353088379 -0.021213043 0.999772489 -0.002255271 -0.671937287 0.341699570 0.009370040 0.939762473 87.749191284
0.936938107 0.018731162 -0.348992854 -85.621147156 -0.021643145 0.999755859 -0.004446230 -0.678920031 0.348824352 0.011719147 0.937114835 88.450355530
0.933858097 0.024333505 -0.356814951 -85.907402039 -0.027579781 0.999611497 -0.004012024 -0.697096765 0.356578767 0.013587541 0.934166431 89.155227661
0.930891216 0.024267724 -0.364489347 -86.187591553 -0.026693629 0.999642313 -0.001618217 -0.711455226 0.364319801 0.011235927 0.931206107 89.850738525
0.927824736 0.024630731 -0.372202098 -86.475830078 -0.024538675 0.999686420 0.004984964 -0.714845121 0.372208238 0.004508174 0.928138256 90.556846619
0.924988389 0.026565544 -0.379065484 -86.764854431 -0.023213368 0.999640584 0.013411664 -0.722647727 0.379285544 -0.003606250 0.925272584 91.266235352
0.922444165 0.036666695 -0.384385407 -87.088523865 -0.031342532 0.999306321 0.020108780 -0.730091274 0.384856135 -0.006501619 0.922953606 91.966751099
0.919697344 0.043430857 -0.390218496 -87.397644043 -0.039905816 0.999056339 0.017140662 -0.729860961 0.390594691 -0.000192237 0.920562625 92.652809143
0.917384923 0.039950904 -0.395990968 -87.702636719 -0.039340470 0.999179125 0.009666265 -0.729977429 0.396052063 0.006710785 0.918203413 93.340515137
0.915480971 0.032217246 -0.401069224 -88.004440308 -0.034211040 0.999412179 0.002191026 -0.733241022 0.400904030 0.011715152 0.916045070 94.030403137
0.913593471 0.032510996 -0.405326992 -88.314262390 -0.034955792 0.999387860 0.001371046 -0.734887779 0.405123472 0.012915947 0.914170742 94.728141785
0.911477089 0.039272588 -0.409471691 -88.654991150 -0.040024750 0.999175966 0.006736935 -0.745808601 0.409398794 0.010248439 0.912297964 95.423233032
0.909172177 0.041796289 -0.414317548 -88.988624573 -0.040904153 0.999102175 0.011029817 -0.753633380 0.414406598 0.006919304 0.910065591 96.131301880
0.906987190 0.037809927 -0.419457495 -89.311943054 -0.037509039 0.999256015 0.008967714 -0.762041926 0.419484526 0.007599845 0.907730699 96.827865601
0.904748082 0.036518723 -0.424378633 -89.649536133 -0.038933218 0.999237418 0.002983441 -0.773911953 0.424163908 0.013823166 0.905479908 97.515594482
0.902620018 0.033826813 -0.429106951 -89.990585327 -0.039137963 0.999227524 -0.003556302 -0.778870881 0.428655177 0.020004364 0.903246760 98.211235046
