1.000000000 -0.000000000 0.000000000 0.000000000 -0.000000000 1.000000000 0.000000000 0.000000000 0.000000000 0.000000000 1.000000000 0.000000000
0.999978960 0.000418421 -0.006472260 -0.008270345 -0.000415805 0.999999821 0.000405561 -0.002050395 0.006472429 -0.000402862 0.999978960 0.091705054
0.999907494 0.000954118 -0.013567409 -0.016581064 -0.000952010 0.999999523 0.000161864 -0.001932694 0.013567558 -0.000148932 0.999907970 0.188397899
0.999772549 0.001390814 -0.021280900 -0.026136177 -0.001403190 0.999998868 -0.000566628 -0.002129456 0.021280088 0.000596361 0.999773383 0.285357624
0.999541879 0.001700417 -0.030217389 -0.043034296 -0.001761039 0.999996483 -0.001979678 -0.001953574 0.030213917 0.002031985 0.999541402 0.390586466
0.999125183 0.001921565 -0.041775454 -0.058934178 -0.002066999 0.999991953 -0.003438405 -0.004811462 0.041768514 0.003521747 0.999121130 0.501183331
0.998479605 0.001740931 -0.055094838 -0.084372759 -0.001967117 0.999989867 -0.004051443 -0.007815373 0.055087227 0.004153661 0.998472929 0.626056314
0.997427881 0.001824172 -0.071654335 -0.108560704 -0.002147568 0.999987841 -0.004436492 -0.004189807 0.071645372 0.004578962 0.997419655 0.761341155
0.995904148 0.000219990 -0.090414904 -0.134581372 -0.000600831 0.999991059 -0.004184952 -0.009216595 0.090413176 0.004222136 0.995895386 0.917014718
0.993913829 -0.000748199 -0.110157661 -0.176333904 0.000268639 0.999990404 -0.004368178 -0.012626411 0.110159874 0.004312000 0.993904531 1.075015783
0.991248310 -0.000696418 -0.132008195 -0.220637262 0.000066037 0.999988556 -0.004779637 -0.013200840 0.132010013 0.004729091 0.991237044 1.236808538
0.987735093 0.002932586 -0.156111553 -0.275740653 -0.003939175 0.999973416 -0.006138901 -0.017722854 0.156089410 0.006678559 0.987720311 1.405965328
0.983348131 0.007296368 -0.181585401 -0.341941953 -0.008799623 0.999933362 -0.007474232 -0.024800694 0.181518748 0.008947656 0.983346879 1.580444455
0.977963865 0.010225910 -0.208523750 -0.415400952 -0.012287922 0.999887586 -0.008595590 -0.027646493 0.208412409 0.010968499 0.977979481 1.762762547
0.971274853 0.010935616 -0.237709284 -0.494241744 -0.013434364 0.999870121 -0.008894322 -0.028865211 0.237581179 0.011832302 0.971295655 1.948179483
0.963206470 0.012672692 -0.268463820 -0.581908047 -0.015474244 0.999845684 -0.008322002 -0.033463821 0.268316865 0.012170080 0.963253856 2.143856049
0.953791261 0.014836503 -0.300103426 -0.675390959 -0.017865250 0.999813497 -0.007350754 -0.036246248 0.299938321 0.012372509 0.953878284 2.325961590
0.942525446 0.016639926 -0.333719760 -0.776350379 -0.019877877 0.999782562 -0.006289992 -0.036250897 0.333542466 0.012562117 0.942651272 2.515720844
0.929980397 0.018810291 -0.367127448 -0.878262460 -0.022406086 0.999733686 -0.005534699 -0.042238511 0.366925567 0.013373049 0.930154145 2.694004059
0.916112423 0.021613861 -0.400338620 -0.998305917 -0.025747307 0.999656260 -0.004948298 -0.041624349 0.400094032 0.014840835 0.916353941 2.874517441
0.900076568 0.022401517 -0.435155511 -1.116824389 -0.026928240 0.999628365 -0.004238226 -0.043259420 0.434898794 0.015532701 0.900345325 3.050550699
0.881658971 0.018335126 -0.471530855 -1.238179207 -0.023262113 0.999718726 -0.004621721 -0.046612073 0.471313417 0.015043584 0.881837487 3.224104881
0.860533357 0.013964036 -0.509202659 -1.377149224 -0.018921012 0.999810517 -0.004557654 -0.054212421 0.509042561 0.013556641 0.860634565 3.400269985
0.835467994 0.015559608 -0.549318731 -1.538027048 -0.019505659 0.999808788 -0.001346604 -0.057675742 0.549192786 0.011839865 0.835611761 3.581099987
0.806307077 0.021128472 -0.591119647 -1.715681314 -0.024148079 0.999704421 0.002793786 -0.063669808 0.591004014 0.012021755 0.806578994 3.745800257
0.773880005 0.024385761 -0.632862687 -1.919049501 -0.027654797 0.999606431 0.004700345 -0.066407569 0.632728219 0.013864185 0.774249673 3.918685675
0.737977743 0.023494329 -0.674415946 -2.131165028 -0.026734034 0.999627054 0.005569925 -0.069150671 0.674295306 0.013919379 0.738330603 4.085514069
0.697901726 0.019080041 -0.715939403 -2.347907066 -0.020664612 0.999765337 0.006500130 -0.065807074 0.715895355 0.010258153 0.698132217 4.254376411
0.654971063 0.015338841 -0.755498290 -2.585871220 -0.015194596 0.999859154 0.007127292 -0.064940281 0.755501211 0.006811319 0.655111849 4.418401718
0.611431479 0.014909753 -0.791156828 -2.849109650 -0.012563977 0.999879241 0.009133386 -0.064151481 0.791197658 0.004355639 0.611544967 4.548153877
0.562954187 0.015461772 -0.826343596 -3.127449989 -0.010248885 0.999878645 0.011726654 -0.060163345 0.826424599 0.001867531 0.563044310 4.690738678
0.512439430 0.016150849 -0.858571589 -3.421782017 -0.008561899 0.999869406 0.013698670 -0.056334533 0.858680785 0.000331264 0.512510836 4.807877541
0.459761351 0.017373739 -0.887872458 -3.729506969 -0.007796421 0.999849021 0.015527703 -0.048092887 0.888008296 -0.000216811 0.459827453 4.912734032
0.405277938 0.019544587 -0.913984597 -4.063019276 -0.006371470 0.999807477 0.018554589 -0.045474552 0.914171278 -0.001696341 0.405324519 5.007893085
0.349598706 0.021423986 -0.936654568 -4.415763378 -0.006229009 0.999769628 0.020542681 -0.036983259 0.936878860 -0.001347266 0.349651635 5.096744537
0.294306099 0.024687201 -0.955392361 -4.789785862 -0.003316212 0.999686658 0.024810210 -0.033620954 0.955705523 -0.004133515 0.294295788 5.169303417
0.240670562 0.026287107 -0.970250785 -5.143686771 0.001086880 0.999625266 0.027352547 -0.033255652 0.970606208 -0.007637500 0.240551829 5.227142334
0.189771160 0.026820695 -0.981461942 -5.533419609 0.003344627 0.999603271 0.027963158 -0.029042408 0.981822670 -0.008589224 0.189606220 5.262374401
0.142090872 0.027861258 -0.989461362 -5.949132442 0.000727898 0.999600530 0.028251283 -0.020917237 0.989853382 -0.004734475 0.142013818 5.282982826
0.099677369 0.028157614 -0.994621217 -6.377095222 -0.000708624 0.999601245 0.028227583 -0.011156544 0.995019555 -0.002108839 0.099657550 5.286948204
0.061974078 0.026703285 -0.997720361 -6.816812992 -0.002263268 0.999643207 0.026614161 -0.002247632 0.998075128 0.000608720 0.062012419 5.272078037
0.027342543 0.023944519 -0.999339223 -7.289228439 0.000046751 0.999713063 0.023954747 0.003271520 0.999626219 -0.000701704 0.027333571 5.275544643
-0.003795078 0.021288652 -0.999766052 -7.763668060 0.000363679 0.999773324 0.021287423 0.008376181 0.999992728 -0.000282807 -0.003801962 5.245749474
-0.030525327 0.019495664 -0.999343812 -8.256704330 0.000063917 0.999809802 0.019502798 0.014169022 0.999534011 0.000531454 -0.030520765 5.207804203
-0.051052667 0.017004177 -0.998551190 -8.764647484 -0.000977853 0.999853790 0.017076349 0.026382677 0.998695433 0.001848230 -0.051028572 5.159683704
-0.067574553 0.016041156 -0.997585237 -9.276518822 -0.000280661 0.999870300 0.016096909 0.036856160 0.997714102 0.001367725 -0.067561299 5.118554115
-0.080617122 0.016371846 -0.996610641 -9.814322472 0.000199200 0.999865234 0.016409198 0.046341889 0.996745050 0.001124338 -0.080609538 5.064404011
-0.090248927 0.017855641 -0.995759130 -10.371497154 0.000268152 0.999839664 0.017904507 0.049081460 0.995919108 0.001348848 -0.090239242 5.005232811
-0.097155675 0.019099616 -0.995085835 -10.943913460 -0.001673076 0.999811292 0.019353664 0.049914271 0.995267749 0.003545173 -0.097105391 4.941578388
-0.101544313 0.020021109 -0.994629502 -11.538932800 -0.001804255 0.999792039 0.020309230 0.055059209 0.994829357 0.003856852 -0.101487078 4.872155666
-0.102874637 0.020681217 -0.994479239 -12.150046349 0.000121287 0.999784052 0.020778986 0.067828268 0.994694293 0.002017013 -0.102854937 4.803544998
-0.101980634 0.022905363 -0.994522572 -12.763371468 0.001999745 0.999737561 0.022820413 0.073156685 0.994784474 0.000338448 -0.101999678 4.743424892
-0.100368112 0.025087640 -0.994633913 -13.412622452 0.001180317 0.999684274 0.025095915 0.083200708 0.994949698 0.001344846 -0.100366041 4.673079491
-0.098577112 0.025288606 -0.994808018 -14.069450378 -0.000558396 0.999675512 0.025467673 0.086297721 0.995129168 0.003066027 -0.098531023 4.603266239
-0.096946329 0.022824654 -0.995027781 -14.735885620 -0.002161836 0.999729872 0.023143144 0.096506208 0.995287240 0.004394730 -0.096870787 4.535590172
-0.095636159 0.022513036 -0.995161831 -15.414982796 -0.002301635 0.999736488 0.022837721 0.111576363 0.995413601 0.004474610 -0.095559150 4.467037201
-0.093680836 0.025253000 -0.995281935 -16.121522903 -0.002892458 0.999667227 0.025636517 0.120555371 0.995598078 0.005280462 -0.093576610 4.394582748
-0.091977976 0.028793484 -0.995344579 -16.831836700 -0.004191292 0.999561906 0.029302781 0.128624916 0.995752156 0.006866992 -0.091816992 4.328429222
-0.090296373 0.030831924 -0.995437503 -17.561273575 -0.004185363 0.999500096 0.031337410 0.141195744 0.995906115 0.006995921 -0.090122201 4.259005547
-0.088560611 0.030211169 -0.995612502 -18.304040909 -0.005912791 0.999506295 0.030855276 0.152356923 0.996053219 0.008619412 -0.088338256 4.186700821
-0.086838283 0.026879139 -0.995859683 -19.058889389 -0.008759627 0.999576688 0.027743297 0.172135413 0.996183932 0.011132539 -0.086566083 4.110761166
-0.085283704 0.026339117 -0.996008456 -19.832786560 -0.009555798 0.999582887 0.027251862 0.185710192 0.996310949 0.011841796 -0.084996432 4.046128273
-0.083622582 0.028885601 -0.996078730 -20.611810684 -0.007130679 0.999536872 0.029584518 0.198960006 0.996471941 0.009576651 -0.083377868 3.976272345
-0.082440674 0.031110346 -0.996110320 -21.404253006 -0.005085193 0.999486566 0.031636655 0.211586535 0.996582925 0.007673560 -0.082240142 3.910038471
-0.081203796 0.032983944 -0.996151626 -22.197977066 -0.004081751 0.999432862 0.033425324 0.223392725 0.996689141 0.006780305 -0.081023097 3.842543602
-0.080493808 0.028377166 -0.996351123 -22.999790192 -0.003794182 0.999578714 0.028775619 0.234082341 0.996747971 0.006096595 -0.080352239 3.771115065
-0.080327250 0.021029398 -0.996546686 -23.799259186 -0.002702719 0.999769270 0.021315251 0.248305261 0.996764958 0.004405581 -0.080251865 3.711916447
-0.080413990 0.016853740 -0.996619046 -24.638896942 0.001119795 0.999857843 0.016818158 0.253601015 0.996760905 0.000236406 -0.080421455 3.637129307
-0.080827743 0.017312780 -0.996577740 -25.468318939 0.002324280 0.999849617 0.017181111 0.267562449 0.996725380 -0.000927615 -0.080855839 3.568702936
-0.080700763 0.025209593 -0.996419489 -26.306735992 0.001751671 0.999682128 0.025150269 0.269587576 0.996736765 0.000284247 -0.080719277 3.490392208
-0.081324287 0.032167964 -0.996168435 -27.164791107 -0.000312388 0.999478042 0.032300342 0.280938983 0.996687651 0.002937993 -0.081271805 3.421343088
-0.081532136 0.037554756 -0.995962918 -27.994215012 -0.001743573 0.999282956 0.037822675 0.291647911 0.996669114 0.004820298 -0.081408180 3.341633320
-0.081865467 0.038024958 -0.995917737 -28.838825226 -0.003476528 0.999254942 0.038438141 0.302769721 0.996637285 0.006609093 -0.081672259 3.264470339
-0.082155421 0.034277894 -0.996029913 -29.678209305 -0.003589537 0.999391675 0.034689669 0.321662009 0.996613085 0.006425230 -0.081982397 3.186161995
-0.082145959 0.031434871 -0.996124387 -30.523164749 -0.003977185 0.999484181 0.031868871 0.339561045 0.996612370 0.006579671 -0.081978545 3.100879192
-0.082544558 0.032829881 -0.996046543 -31.352710724 -0.004985427 0.999431133 0.033354592 0.353793919 0.996574938 0.007718957 -0.082333937 3.029575825
-0.082552150 0.035077106 -0.995969355 -32.190113068 -0.005886249 0.999345839 0.035683911 0.365445375 0.996569395 0.008808306 -0.082291655 2.959279060
-0.082267679 0.033827785 -0.996036053 -33.020462036 -0.007206939 0.999377429 0.034536533 0.371171951 0.996584237 0.010019612 -0.081972651 2.881089687
-0.082071789 0.028628126 -0.996215165 -33.845623016 -0.007727836 0.999539018 0.029360289 0.384819210 0.996596515 0.010108237 -0.081812702 2.812205076
-0.081762083 0.024319723 -0.996355176 -34.678096771 -0.009304978 0.999639988 0.025163490 0.398877621 0.996608496 0.011328478 -0.081506342 2.733091354
-0.081265934 0.025221761 -0.996373177 -35.508052826 -0.009199061 0.999618173 0.026054192 0.404315889 0.996649981 0.011283020 -0.081002876 2.664906502
-0.080656588 0.027613785 -0.996359289 -36.338211060 -0.007803737 0.999567986 0.028334435 0.412629902 0.996711373 0.010060685 -0.080406256 2.594048023
-0.079890281 0.032635104 -0.996269286 -37.186275482 -0.007521590 0.999415696 0.033341333 0.424375355 0.996775210 0.010157178 -0.079598121 2.514217615
-0.079555392 0.037946418 -0.996107936 -38.020908356 -0.007008515 0.999229252 0.038625069 0.445285678 0.996805787 0.010054071 -0.079228118 2.450826406
-0.079520613 0.041422445 -0.995972216 -38.863067627 -0.007296056 0.999085307 0.042134456 0.455823779 0.996806443 0.010617226 -0.079145670 2.370931625
-0.079179421 0.041472707 -0.995997250 -39.694278717 -0.006567899 0.999090850 0.042123653 0.475793362 0.996838689 0.009876937 -0.078835048 2.300703287
-0.079173677 0.036905844 -0.996177495 -40.518074036 -0.007000865 0.999269247 0.037576798 0.496721148 0.996836185 0.009949197 -0.078857459 2.231748104
-0.078779422 0.032763399 -0.996353507 -41.349403381 -0.007766060 0.999409378 0.033477925 0.510901392 0.996861756 0.010375113 -0.078478448 2.156559706
-0.078379519 0.030133827 -0.996468067 -42.170375824 -0.012241159 0.999438643 0.031186514 0.520699263 0.996848404 0.014642308 -0.077966653 2.077570438
-0.078752063 0.028388266 -0.996490002 -43.002635956 -0.015278693 0.999442697 0.029679853 0.532594323 0.996777117 0.017562415 -0.078274459 1.995706558
-0.079641916 0.026350098 -0.996475220 -43.816562653 -0.013316483 0.999533355 0.027495259 0.540523708 0.996734500 0.015459321 -0.079253860 1.937162638
-0.081176482 0.022398949 -0.996448100 -44.644855499 -0.009806787 0.999681115 0.023270540 0.551726818 0.996651471 0.011660974 -0.080930933 1.877485514
-0.081353009 0.021111501 -0.996461630 -45.467967987 -0.005425401 0.999751389 0.021624139 0.560291529 0.996670604 0.007165395 -0.081218250 1.799892426
-0.083392531 0.024830285 -0.996207356 -46.295104980 -0.005427907 0.999663353 0.025370792 0.562088013 0.996501923 0.007523058 -0.083229676 1.725533485
-0.084897496 0.031083070 -0.995904684 -47.116241455 -0.003250535 0.999499321 0.031472355 0.566972315 0.996384382 0.005909148 -0.084753953 1.648570776
-0.086758398 0.034997676 -0.995614469 -47.916343689 -0.000796744 0.999379933 0.035199475 0.576315403 0.996229172 0.003847100 -0.086676732 1.585840225
-0.088202260 0.033878710 -0.995526314 -48.725830078 -0.000766336 0.999418914 0.034079079 0.589377999 0.996102333 0.003768760 -0.088125050 1.508368969
-0.089542031 0.029792780 -0.995537341 -49.525169373 -0.004319563 0.999531448 0.030300828 0.600162327 0.995973706 0.007013483 -0.089371376 1.429860592
-0.090369880 0.026314858 -0.995560646 -50.311065674 -0.009292127 0.999585092 0.027264712 0.605888844 0.995864987 0.011714783 -0.090087861 1.339547157
-0.091923684 0.025303155 -0.995444536 -51.096492767 -0.013070941 0.999560297 0.026614802 0.612018228 0.995680273 0.015457929 -0.091552533 1.257722855
-0.092794612 0.026160832 -0.995341539 -51.896568298 -0.015175599 0.999501467 0.027684975 0.619755685 0.995569587 0.017673921 -0.092351355 1.179878712
-0.093816251 0.027970826 -0.995196521 -52.684268951 -0.015107853 0.999450147 0.029514579 0.626101971 0.995474935 0.017804228 -0.093342096 1.101047993
-0.094743237 0.027244480 -0.995128810 -53.468379974 -0.016918851 0.999436975 0.028973212 0.633984149 0.995357990 0.019581452 -0.094228953 1.018958569
-0.095233262 0.027113566 -0.995085657 -54.247295380 -0.017671095 0.999425292 0.028922997 0.641890407 0.995298147 0.020338681 -0.094699427 0.936351299
-0.095796555 0.028921116 -0.994980693 -55.021144867 -0.015999818 0.999403954 0.030590152 0.651278853 0.995272338 0.018849937 -0.095276721 0.861234665
-0.095940992 0.031722710 -0.994881392 -55.792125702 -0.015595878 0.999321461 0.033368263 0.662975788 0.995264769 0.018717434 -0.095381163 0.785207272
-0.096298367 0.035920072 -0.994704127 -56.568771362 -0.015226339 0.999178529 0.037555732 0.674320579 0.995236039 0.018762259 -0.095672332 0.706403255
-0.096704908 0.038033281 -0.994586170 -57.329174042 -0.015558926 0.999089777 0.039718319 0.687789440 0.995191455 0.019315649 -0.096025124 0.628427505
-0.097593285 0.037993327 -0.994500875 -58.084045410 -0.015055024 0.999100387 0.039646443 0.700170755 0.995112598 0.018841458 -0.096933484 0.553459644
-0.097825766 0.036301930 -0.994541228 -58.823852539 -0.014423743 0.999177873 0.037889935 0.708396792 0.995099008 0.018051617 -0.097221717 0.478313923
-0.097899564 0.032359026 -0.994670033 -59.554244995 -0.013797071 0.999331117 0.033868622 0.727360606 0.995100677 0.017039256 -0.097387627 0.400640965
-0.097663514 0.029539535 -0.994781017 -60.281288147 -0.014640444 0.999408603 0.031114286 0.734398127 0.995111704 0.017602764 -0.097173259 0.323815346
-0.096502110 0.027173489 -0.994961739 -60.988090515 -0.015091896 0.999472380 0.028760448 0.744869113 0.995218217 0.017791307 -0.096041091 0.252919674
-0.094088487 0.026370604 -0.995214462 -61.683135986 -0.017932335 0.999442041 0.028177958 0.749542356 0.995402277 0.020497741 -0.093563087 0.178655148
-0.089505874 0.027297482 -0.995612144 -62.375129700 -0.017782398 0.999421179 0.029000562 0.755602121 0.995827496 0.020300090 -0.088968650 0.108069420
-0.084020175 0.029315194 -0.996032715 -63.030170441 -0.017987404 0.999359727 0.030930433 0.754838109 0.996301591 0.020514825 -0.083439067 0.055411816
-0.077121712 0.030640831 -0.996550798 -63.671924591 -0.016467603 0.999352157 0.032001376 0.763733029 0.996885717 0.018878803 -0.076567188 0.014446735
-0.068187468 0.031807724 -0.997165382 -64.310295105 -0.017630694 0.999297082 0.033081338 0.770965576 0.997516751 0.019836450 -0.067578763 -0.031685829
-0.056169361 0.033529174 -0.997858107 -64.937408447 -0.019581802 0.999206722 0.034676749 0.779145956 0.998229265 0.021487631 -0.055468246 -0.073170900
-0.041371405 0.035001431 -0.998530626 -65.539474487 -0.022843171 0.999091864 0.035967547 0.786853194 0.998882711 0.024297634 -0.040534299 -0.098664999
-0.022993222 0.036284640 -0.999077022 -66.138710022 -0.024041461 0.999032080 0.036836315 0.796048522 0.999446511 0.024866253 -0.022098646 -0.108060598
-0.001158118 0.037144821 -0.999309301 -66.697624207 -0.025072116 0.998994648 0.037162192 0.806788325 0.999684989 0.025097836 -0.000225671 -0.088981673
0.024679266 0.037535135 -0.998990655 -67.220581055 -0.024715751 0.999012291 0.036925379 0.811146379 0.999389827 0.023779510 0.025582602 -0.066434383
0.054220520 0.036827650 -0.997849584 -67.747032166 -0.023384832 0.999092340 0.035602849 0.821665525 0.998255134 0.021404134 0.055032510 -0.021999359
0.088441752 0.036522783 -0.995411515 -68.252128601 -0.022155415 0.999152422 0.034691542 0.832032800 0.995834887 0.018985577 0.089175977 0.045710564
0.125826105 0.036614094 -0.991376519 -68.724983215 -0.021773912 0.999179840 0.034138743 0.840583563 0.991813302 0.017290598 0.126520142 0.134102821
0.167104483 0.037041854 -0.985243142 -69.174201965 -0.021812301 0.999188364 0.033866622 0.835395336 0.985697865 0.015831152 0.167776793 0.224057198
0.212120384 0.037820511 -0.976511478 -69.601593018 -0.021449294 0.999190271 0.034039602 0.846675634 0.977008045 0.013724989 0.212759838 0.340855598
0.260405391 0.036644600 -0.964803696 -70.020629883 -0.017681144 0.999292910 0.033182316 0.839743853 0.965337455 0.008417980 0.260869145 0.488372803
0.310335934 0.031626128 -0.950100720 -70.429527283 -0.010260262 0.999499738 0.029919123 0.842749953 0.950571597 0.000463307 0.310505092 0.667675018
0.362093478 0.027131477 -0.931746900 -70.774795532 -0.005245357 0.999619782 0.027069427 0.831576228 0.932127059 -0.004914317 0.362098038 0.834081650
0.414347976 0.022552032 -0.909839213 -71.160110474 -0.000496852 0.999698400 0.024553092 0.838126123 0.910118401 -0.009721467 0.414234221 1.052536011
0.465612978 0.021450233 -0.884728432 -71.541732788 -0.000762425 0.999715567 0.023836847 0.855127037 0.884988129 -0.010424208 0.465496957 1.289377213
0.513791978 0.020610265 -0.857667267 -71.908691406 0.000684325 0.999701202 0.024433378 0.856016278 0.857914507 -0.013140597 0.513624310 1.545801163
0.558422267 0.015965156 -0.829403222 -72.260093689 0.008708383 0.999646783 0.025105372 0.865308285 0.829511106 -0.021242158 0.558086097 1.840194702
0.601812363 0.009317111 -0.798583269 -72.574363708 0.019230761 0.999472857 0.026153211 0.864994287 0.798405945 -0.031096688 0.601315975 2.148910522
0.645535231 0.005168181 -0.763713062 -72.876152039 0.019619262 0.999535024 0.023347382 0.860313296 0.763478696 -0.030055050 0.645133495 2.432498932
0.686793089 0.000302426 -0.726852953 -73.180862427 0.016970478 0.999720633 0.016451120 0.864222169 0.726654947 -0.023633558 0.686595976 2.753707886
0.727313519 -0.006319776 -0.686276317 -73.459793091 0.013255253 0.999900520 0.004839996 0.868664265 0.686177433 -0.012616962 0.727324843 3.092720032
0.766206503 -0.009333065 -0.642526746 -73.727653503 0.008934896 0.999952555 -0.003870102 0.875378966 0.642532349 -0.002775611 0.766253591 3.460006714
0.803360283 -0.008766434 -0.595428646 -73.967010498 0.006236575 0.999960661 -0.006307845 0.862900674 0.595460534 0.001354037 0.803383410 3.826309204
0.837078810 -0.010260258 -0.546985865 -74.198425293 0.006907632 0.999942720 -0.008185649 0.858808994 0.547038615 0.003073657 0.837101698 4.252552032
0.867397368 -0.008886492 -0.497536540 -74.418678284 0.004180847 0.999935389 -0.010571002 0.854281068 0.497598410 0.007089136 0.867378592 4.697940826
0.893010020 -0.007433595 -0.449975073 -74.620391846 0.003642302 0.999950171 -0.009290762 0.840790510 0.450021744 0.006657800 0.892992735 5.175598145
0.913855195 -0.001699310 -0.406036675 -74.808113098 -0.001847214 0.999963462 -0.008342433 0.832420826 0.406036079 0.008373812 0.913818657 5.673246384
0.931753635 0.004049164 -0.363068372 -75.026229858 -0.008327154 0.999913216 -0.010218584 0.822356939 0.362995476 0.012544532 0.931706429 6.183702469
0.945054471 0.008860814 -0.326792955 -75.195358276 -0.012470555 0.999882102 -0.008952405 0.816311002 0.326675117 0.012535798 0.945053577 6.723533630
0.955047846 0.009818817 -0.296288788 -75.358314514 -0.012480618 0.999896884 -0.007093696 0.803128362 0.296188653 0.010472685 0.955072045 7.280801773
0.962142110 0.008908890 -0.272402704 -75.497337341 -0.010928039 0.999922872 -0.005896138 0.794935763 0.272329152 0.008649750 0.962165296 7.861263275
0.968031526 0.009302497 -0.250656068 -75.664100647 -0.010617753 0.999936044 -0.003895436 0.786985636 0.250603795 0.006432308 0.968068361 8.457944870
0.972557604 0.011568343 -0.232374594 -75.805549622 -0.012171417 0.999925315 -0.001161589 0.778276265 0.232343793 0.003958041 0.972625673 9.074520111
0.976042271 0.016720716 -0.216937810 -75.947616577 -0.017043246 0.999854624 0.000384248 0.770698071 0.216912732 0.003322283 0.976185322 9.705303192
0.978814423 0.020168055 -0.203753769 -76.080673218 -0.020273391 0.999793231 0.001570510 0.763858557 0.203743353 0.002593541 0.979020894 10.350757599
0.981466472 0.018259715 -0.190762311 -76.201622009 -0.018383194 0.999830365 0.001122520 0.759696066 0.190750524 0.002405105 0.981635571 11.010983467
0.984140992 0.019653393 -0.176295519 -76.344207764 -0.019816905 0.999803245 0.000833228 0.746343613 0.176277205 0.002673618 0.984336913 11.708528519
0.986591160 0.020178763 -0.161958903 -76.451423645 -0.020212596 0.999794602 0.001438960 0.741558492 0.161954716 0.001853946 0.986796439 12.407311440
0.988809168 0.021510255 -0.147626847 -76.561744690 -0.021515541 0.999767244 0.001561247 0.739511847 0.147626087 0.001632497 0.989041865 13.120930672
0.990679562 0.022348564 -0.134366915 -76.666023254 -0.022692891 0.999741971 -0.001031440 0.723246932 0.134309188 0.004071000 0.990931094 13.838150978
0.992032290 0.022769205 -0.123909615 -76.749481201 -0.023690687 0.999701500 -0.005968213 0.704928577 0.123736769 0.008856163 0.992275596 14.578708649
0.993176520 0.021440607 -0.114632823 -76.828231812 -0.023027964 0.999656141 -0.012540878 0.693577528 0.114324540 0.015095070 0.993328750 15.328241348
0.994094670 0.021122230 -0.106441751 -76.907569885 -0.022613078 0.999662042 -0.012818695 0.685022771 0.106135026 0.015149970 0.994236350 16.087387085
0.994766712 0.022977164 -0.099555381 -76.988639832 -0.023750085 0.999696255 -0.006585389 0.667734444 0.099373825 0.008915374 0.995010257 16.855361938
0.995191157 0.027849771 -0.093908519 -77.078994751 -0.027812853 0.999611735 0.001702212 0.647791803 0.093919456 0.000917838 0.995579302 17.630584717
0.995533645 0.027777418 -0.090228565 -77.151069641 -0.027405724 0.999610007 0.005355977 0.641311407 0.090342164 -0.002859278 0.995906711 18.419540405
0.995866537 0.027534939 -0.086554125 -77.226150513 -0.027237408 0.999618351 0.004616869 0.618282139 0.086648233 -0.002240275 0.996236444 19.193857193
0.996148169 0.027324028 -0.083319858 -77.294860840 -0.027112132 0.999625683 0.003673763 0.608664393 0.083389059 -0.001400633 0.996516049 19.959033966
0.996428370 0.025910582 -0.080367640 -77.356719971 -0.025500586 0.999656081 0.006123789 0.597994387 0.080498666 -0.004052496 0.996746540 20.728519440
0.996672213 0.023839893 -0.077948846 -77.424819946 -0.023239804 0.999692857 0.008596679 0.587948024 0.078129850 -0.006756554 0.996920288 21.512916565
0.996935964 0.021138782 -0.075311594 -77.478988647 -0.020415938 0.999737918 0.010355053 0.582824349 0.075510770 -0.008785767 0.997106254 22.277910233
0.997154295 0.020468276 -0.072554722 -77.536659241 -0.020049224 0.999777853 0.006499364 0.572115719 0.072671629 -0.005026204 0.997343242 23.039287567
0.997217834 0.023249526 -0.070823327 -77.599342346 -0.023359967 0.999726892 -0.000731431 0.561926544 0.070786983 0.002383827 0.997488618 23.792911530
0.997316420 0.024324270 -0.069052361 -77.656089783 -0.024951965 0.999654591 -0.008242054 0.544869184 0.068828031 0.009942928 0.997578919 24.539621353
0.997379124 0.025008362 -0.067891032 -77.710021973 -0.025889633 0.999591172 -0.012131814 0.528557897 0.067559876 0.013857691 0.997619033 25.294281006
0.997495770 0.026714711 -0.065487444 -77.774261475 -0.027467264 0.999566317 -0.010618133 0.508502007 0.065175354 0.012390302 0.997796893 26.057895660
0.997571886 0.030093806 -0.062806420 -77.835212708 -0.030570950 0.999510467 -0.006649818 0.488123000 0.062575541 0.008553721 0.998003602 26.820384979
0.997612476 0.033004072 -0.060664330 -77.886604309 -0.033158414 0.999448955 -0.001539093 0.472029626 0.060580097 0.003546949 0.998157084 27.573654175
0.997831821 0.031105166 -0.058001038 -77.936012268 -0.031120611 0.999515474 0.000637256 0.452625543 0.057992768 0.001169154 0.998316288 28.329011917
0.998004913 0.028327437 -0.056424387 -77.981544495 -0.028337112 0.999598205 0.000628791 0.438752621 0.056419525 0.000971368 0.998406649 29.082103729
0.998108029 0.027056733 -0.055210952 -78.026359558 -0.027058676 0.999633610 0.000712398 0.421725720 0.055210002 0.000782885 0.998474419 29.833333969
0.998163283 0.026425932 -0.054512985 -78.066169739 -0.026535546 0.999647081 -0.001287883 0.409920365 0.054459698 0.002732049 0.998512208 30.580165863
0.998278856 0.024077617 -0.053474743 -78.117004395 -0.024256112 0.999702156 -0.002691329 0.400089532 0.053394020 0.003983787 0.998565555 31.337373734
0.998323798 0.023084121 -0.053071450 -78.157508850 -0.023257125 0.999726057 -0.002644534 0.387228251 0.052995861 0.003874391 0.998587132 32.099632263
0.998300791 0.026395146 -0.051950119 -78.210731506 -0.026510501 0.999647379 -0.001532634 0.374618083 0.051891338 0.002907254 0.998648465 32.871566772
0.998303115 0.026789276 -0.051704675 -78.260124207 -0.026964715 0.999632716 -0.002698426 0.364951491 0.051613390 0.004088049 0.998658776 33.645862579
0.998239338 0.025773523 -0.053421967 -78.306358337 -0.025938809 0.999660671 -0.002402898 0.346228063 0.053341895 0.003784370 0.998569131 34.417465210
0.998165786 0.024702989 -0.055271108 -78.352043152 -0.024841789 0.999689698 -0.001825609 0.332418442 0.055208858 0.003195293 0.998469710 35.191757202
0.997935236 0.026417172 -0.058544599 -78.402664185 -0.026582265 0.999644578 -0.002042832 0.322313130 0.058469817 0.003594863 0.998282611 35.975635529
0.997664809 0.030221853 -0.061251067 -78.465911865 -0.030405080 0.999535561 -0.002061369 0.305531710 0.061160311 0.003918899 0.998120189 36.767181396
0.997495711 0.030572912 -0.063778326 -78.527854919 -0.031091198 0.999490976 -0.007149500 0.291767299 0.063527279 0.009114541 0.997938395 37.560577393
0.997294903 0.032089766 -0.066130549 -78.591094971 -0.032867953 0.999402285 -0.010713051 0.284039021 0.065747246 0.012857646 0.997753501 38.373435974
0.997232497 0.031281918 -0.067444548 -78.660804749 -0.032156732 0.999411762 -0.011924203 0.263813555 0.067031860 0.014059999 0.997651815 39.181583405
0.997090578 0.032290254 -0.069049612 -78.734184265 -0.033063915 0.999402225 -0.010090682 0.238457918 0.068682514 0.012344371 0.997562170 39.995311737
0.996954083 0.029949086 -0.072012678 -78.787040710 -0.030750312 0.999476612 -0.010043106 0.228592187 0.071674205 0.012226925 0.997353196 40.824932098
0.996815145 0.029484799 -0.074097522 -78.849472046 -0.030164888 0.999512374 -0.008075763 0.212020397 0.073823273 0.010285184 0.997218251 41.641349792
0.996753931 0.028749958 -0.075199544 -78.919158936 -0.029166846 0.999564588 -0.004451144 0.194521815 0.075038843 0.006630030 0.997158468 42.496124268
0.996697247 0.028122094 -0.076181889 -78.984992981 -0.028205685 0.999602199 -0.000021353 0.185191259 0.076150984 0.002170045 0.997093916 43.349822998
0.996738553 0.027744958 -0.075778872 -79.050918579 -0.027657256 0.999615014 0.002206741 0.169834912 0.075810932 -0.000103708 0.997122169 44.210475922
0.996796846 0.031305097 -0.073594004 -79.121482849 -0.031252820 0.999509752 0.001862130 0.161491752 0.073616222 0.000443854 0.997286499 45.061111450
0.996984780 0.030430742 -0.071381599 -79.197135925 -0.030405305 0.999536574 0.001443160 0.143657401 0.071392432 0.000731570 0.997448087 45.925209045
0.997133553 0.028109530 -0.070246384 -79.253128052 -0.028263122 0.999599874 -0.001193290 0.133062184 0.070184715 0.003175252 0.997529030 46.788322449
0.997351050 0.024163239 -0.068607844 -79.309463501 -0.024399288 0.999698877 -0.002604569 0.116737947 0.068524241 0.004271653 0.997640431 47.658359528
0.997530699 0.022877041 -0.066403463 -79.376136780 -0.023126125 0.999728084 -0.002984769 0.107277215 0.066317119 0.004513053 0.997788429 48.530761719
0.997643590 0.020479666 -0.065480947 -79.433815002 -0.020533463 0.999789178 -0.000148651 0.089398712 0.065464087 0.001492852 0.997853816 49.405445099
0.997763097 0.017856399 -0.064420998 -79.491912842 -0.017770339 0.999840319 0.001908655 0.080011085 0.064444795 -0.000759602 0.997921050 50.275421143
0.997812271 0.017250964 -0.063821152 -79.549736023 -0.017118420 0.999850035 0.002623043 0.060075715 0.063856825 -0.001524786 0.997957945 51.157089233
0.997852445 0.019690540 -0.062471762 -79.610298157 -0.019789174 0.999803722 -0.000960417 0.043142211 0.062440604 0.002194619 0.998046279 52.037322998
0.997869432 0.022067631 -0.061397463 -79.677734375 -0.022494772 0.999727309 -0.006274322 0.019707620 0.061242267 0.007642076 0.998093665 52.893333435
0.997874618 0.023991300 -0.060586642 -79.734199524 -0.024750348 0.999623895 -0.011809014 0.001861989 0.060280535 0.013283454 0.998093128 53.753170013
0.997794807 0.028973881 -0.059715182 -79.799690247 -0.030095886 0.999385357 -0.017976051 -0.018427730 0.059157632 0.019733591 0.998053551 54.605407715
0.997857153 0.028862402 -0.058719914 -79.853363037 -0.029991945 0.999379992 -0.018446375 -0.051178098 0.058151100 0.020167969 0.998104036 55.452514648
0.997939825 0.025696715 -0.058785066 -79.901596069 -0.026483919 0.999569118 -0.012651379 -0.071563303 0.058434647 0.014182174 0.998190463 56.314949036
0.997927606 0.025503399 -0.059073992 -79.972625732 -0.025763879 0.999661505 -0.003651971 -0.097768679 0.058960848 0.005166379 0.998246849 57.159969330
0.997885227 0.023931524 -0.060432844 -80.024559021 -0.023701504 0.999708891 0.004520317 -0.121271610 0.060523417 -0.003078409 0.998161972 58.015720367
0.997785509 0.022299478 -0.062664196 -80.082107544 -0.022203578 0.999750972 0.002226440 -0.134873256 0.062698238 -0.000830141 0.998032153 58.854228973
0.997785509 0.017476508 -0.064176053 -80.144805908 -0.017593917 0.999844432 -0.001264701 -0.149247140 0.064143971 0.002391009 0.997937739 59.694358826
0.997629642 0.016105859 -0.066899955 -80.201164246 -0.016339181 0.999862254 -0.002941897 -0.170279235 0.066843368 0.004028014 0.997755289 60.526329041
0.997404516 0.017983506 -0.069719180 -80.268264771 -0.018390039 0.999817371 -0.005193484 -0.186589271 0.069613062 0.006462144 0.997553051 61.337314606
0.997137666 0.019502386 -0.073048569 -80.335731506 -0.020183278 0.999759316 -0.008594507 -0.205482364 0.072863378 0.010044267 0.997291267 62.157440186
0.996840119 0.020302005 -0.076795638 -80.408264160 -0.021269782 0.999704063 -0.011805104 -0.228119135 0.076533251 0.013401229 0.996976972 62.971630096
0.996562004 0.022298004 -0.079792909 -80.483039856 -0.023643082 0.999593198 -0.015952144 -0.250423491 0.079404749 0.017783852 0.996683717 63.784603119
0.996166587 0.027315699 -0.083102733 -80.570526123 -0.028728180 0.999461591 -0.015848592 -0.276671290 0.082625084 0.018175231 0.996414900 64.587501526
0.995763958 0.031046825 -0.086546957 -80.651672363 -0.032365970 0.999379635 -0.013880298 -0.299472690 0.086062327 0.016622676 0.996151030 65.392250061
0.995333910 0.033635810 -0.090438433 -80.736061096 -0.034495283 0.999373078 -0.007956713 -0.321428537 0.090114109 0.011039284 0.995870233 66.192420959
0.994926393 0.034020234 -0.094679281 -80.818550110 -0.034406334 0.999404907 -0.002448019 -0.342012823 0.094539657 0.005693169 0.995504797 67.007354736
0.994487345 0.033592597 -0.099330485 -80.904144287 -0.033632033 0.999433577 0.001277877 -0.360577613 0.099317133 0.002069854 0.995053709 67.795928955
0.993823528 0.033152785 -0.105904564 -80.993202209 -0.033095263 0.999449611 0.002300957 -0.371908963 0.105922543 0.001218195 0.994373679 68.586372375
0.993286431 0.030530376 -0.111580245 -81.086402893 -0.030023724 0.999529779 0.006218559 -0.384389251 0.111717626 -0.002826756 0.993735969 69.370330811
0.992513180 0.032297410 -0.117790103 -81.185852051 -0.031837132 0.999476433 0.005787618 -0.395335972 0.117915347 -0.001994188 0.993021667 70.141838074
0.991644561 0.036949962 -0.123595349 -81.296882629 -0.036602702 0.999316990 0.005079973 -0.406332999 0.123698652 -0.000513605 0.992319703 70.912857056
0.990852714 0.039122012 -0.129152283 -81.415367126 -0.039246093 0.999228299 0.001585141 -0.417831600 0.129114643 0.003498081 0.991623580 71.674713135
0.990028858 0.037921179 -0.135664776 -81.522857666 -0.038468782 0.999258935 -0.001416247 -0.425242275 0.135510504 0.006620984 0.990753710 72.433288574
0.989219248 0.039215177 -0.141094327 -81.639549255 -0.039950408 0.999198914 -0.002381024 -0.440605223 0.140887931 0.007992132 0.989993274 73.198341370
0.988521278 0.041322093 -0.145321786 -81.765899658 -0.041400954 0.999139607 0.002482860 -0.447781056 0.145299390 0.003562102 0.989381313 73.968917847
0.987599194 0.041774500 -0.151335821 -81.892326355 -0.041197099 0.999126852 0.006950047 -0.460410058 0.151494011 -0.000629264 0.988457918 74.733299255
0.986658335 0.041380964 -0.157457530 -82.020072937 -0.040406145 0.999139190 0.009388491 -0.478089988 0.157710478 -0.002900981 0.987481117 75.490684509
0.985583186 0.038969863 -0.164642066 -82.152183533 -0.038565129 0.999240160 0.005655369 -0.484902203 0.164737314 0.000775605 0.986337185 76.240707397
0.984221816 0.036107074 -0.173215389 -82.294784546 -0.036979292 0.999314427 -0.001809933 -0.488046020 0.173031271 0.008186758 0.984882355 76.991783142
0.982602835 0.033743549 -0.182628870 -82.422721863 -0.034901343 0.999385893 -0.003128330 -0.503711700 0.182411179 0.009447897 0.983176947 77.712249756
0.980640173 0.033045620 -0.193010032 -82.580352783 -0.033700887 0.999431968 -0.000111850 -0.515277863 0.192896679 0.006614293 0.981196761 78.454025269
0.978398442 0.033496935 -0.203996554 -82.743896484 -0.032950792 0.999438465 0.006074289 -0.523465931 0.204085499 0.000778772 0.978952706 79.196136475
0.975884140 0.034926228 -0.215477213 -82.926078796 -0.032771312 0.999370813 0.013566440 -0.525336266 0.215815455 -0.006177804 0.976414621 79.931251526
0.973265111 0.035873737 -0.226865336 -83.091369629 -0.032722693 0.999308825 0.017636374 -0.536581993 0.227341220 -0.009741222 0.973766387 80.640525818
0.970366001 0.039056666 -0.238462195 -83.283485413 -0.036990914 0.999229372 0.013133424 -0.543226838 0.238791347 -0.003923294 0.971062958 81.353485107
0.967391551 0.039208371 -0.250232548 -83.486648560 -0.039407361 0.999214351 0.004216922 -0.550121784 0.250201344 0.005781594 0.968176603 82.055938721
0.964155674 0.036685999 -0.262789130 -83.691497803 -0.038173925 0.999270916 -0.000556905 -0.550377190 0.262577116 0.010568636 0.964853168 82.769050598
0.961001694 0.035444126 -0.274261564 -83.908294678 -0.035425406 0.999359667 0.005022754 -0.566798627 0.274264008 0.004888955 0.961642027 83.467834473
0.957598090 0.036011375 -0.285848230 -84.125122070 -0.033993196 0.999349713 0.012020885 -0.565133929 0.286095202 -0.001794280 0.958199501 84.201278687
0.953959882 0.035999283 -0.297766089 -84.359130859 -0.032273281 0.999327183 0.017421907 -0.568682909 0.298192918 -0.007009910 0.954479873 84.918251038
0.950009048 0.033659954 -0.310403019 -84.598175049 -0.030259874 0.999417782 0.015764035 -0.572118521 0.310752898 -0.005583217 0.950474322 85.624351501
0.946219921 0.031319957 -0.322004676 -84.840835571 -0.029157666 0.999508262 0.011537073 -0.575181007 0.322207659 -0.001527702 0.946667790 86.320228577
0.943479538 0.027558267 -0.330283195 -85.111686707 -0.027469214 0.999610543 0.004937871 -0.582825541 0.330290675 0.004413837 0.943868995 87.000694275
0.940528929 0.023825319 -0.338877112 -85.359405518 -0.025621336 0.999671459 -0.000826604 -0.593934715 0.338746041 0.009459929 0.940830290 87.736557007
0.937874377 0.023555657 -0.346174687 -85.625869751 -0.026095506 0.999655902 -0.002677124 -0.602363706 0.345992446 0.011544412 0.938166261 88.443298340
0.934894681 0.029087152 -0.353731334 -85.916503906 -0.031963095 0.999486446 -0.002289647 -0.620698690 0.353482991 0.013446930 0.935344279 89.148506165
0.931867123 0.029356763 -0.361610115 -86.195617676 -0.031506751 0.999503553 -0.000049554 -0.632912397 0.361429125 0.011439338 0.932329416 89.849037170
0.928877950 0.030155260 -0.369156301 -86.488212585 -0.029798340 0.999533653 0.006669754 -0.635957539 0.369185358 0.004804857 0.929343343 90.560729980
0.926120996 0.031814404 -0.375882685 -86.777053833 -0.028259723 0.999488592 0.014967999 -0.639510632 0.376166701 -0.003239837 0.926546276 91.271255493
0.923529804 0.042052709 -0.381214052 -87.095703125 -0.036476657 0.999095798 0.021844426 -0.647618532 0.381788075 -0.006268565 0.924228549 91.974533081
0.920765221 0.048701830 -0.387065262 -87.408905029 -0.044861179 0.998813331 0.018956579 -0.647565126 0.387529194 -0.000090352 0.921857357 92.669822693
0.918424487 0.045663420 -0.392951936 -87.698989868 -0.044534426 0.998935997 0.011994638 -0.654680848 0.393081516 0.006483720 0.919480741 93.335494995
0.916502655 0.037085369 -0.398305655 -88.004043579 -0.038784686 0.999240398 0.003793395 -0.644989312 0.398143768 0.011971504 0.917244792 94.053520203
0.914924145 0.037397038 -0.401889652 -88.319503784 -0.039435890 0.999217033 0.003202149 -0.647042215 0.401694685 0.012919152 0.915682495 94.746963501
0.912732959 0.043549810 -0.406228811 -88.655014038 -0.043878313 0.999000549 0.008510228 -0.653785825 0.406193435 0.010057071 0.913731635 95.448753357
0.910263658 0.046509981 -0.411408603 -88.978981018 -0.044981793 0.998897910 0.013401363 -0.663722515 0.411578447 0.006307120 0.911352456 96.143165588
0.908053219 0.042850420 -0.416657090 -89.290206909 -0.041885294 0.999056637 0.011462474 -0.675541639 0.416755199 0.007043268 0.908991396 96.821334839
0.905889630 0.041668862 -0.421459019 -89.640419006 -0.043644801 0.999034762 0.004961971 -0.678591609 0.421258926 0.013899500 0.906833827 97.545257568
0.903786898 0.039139140 -0.426189512 -89.976501465 -0.043946266 0.999032855 -0.001447166 -0.685653150 0.425720721 0.020037364 0.904632807 98.236351013
