1.000000000 0.000000000 0.000000000 0.000000000 0.000000000 1.000000000 0.000000000 0.000000000 0.000000000 0.000000000 1.000000000 0.000000000
0.999995708 0.002935528 0.000149346 -0.005904055 -0.002935731 0.999994755 0.001377162 -0.012903141 -0.000145302 -0.001377595 0.999999046 0.772504866
0.999984264 0.005560608 0.000644801 -0.013088697 -0.005561819 0.999982655 0.001892741 -0.029318888 -0.000634265 -0.001896297 0.999997973 1.539034843
0.999976218 0.006791106 0.001181452 -0.021413017 -0.006793161 0.999975383 0.001744157 -0.047163982 -0.001169578 -0.001752141 0.999997735 2.274683475
0.999961376 0.008715009 0.001064234 -0.024363125 -0.008716534 0.999960959 0.001437165 -0.060425635 -0.001051667 -0.001446386 0.999998391 3.002223492
0.999957621 0.009019861 0.001822150 -0.034534134 -0.009022006 0.999958634 0.001171684 -0.073914900 -0.001811506 -0.001188073 0.999997616 3.719992876
0.999956548 0.009177448 0.001633555 -0.024809351 -0.009180605 0.999956012 0.001936145 -0.084366374 -0.001615715 -0.001951058 0.999996841 4.422569752
0.999944806 0.010120121 0.002833182 -0.041370705 -0.010134314 0.999935925 0.005040240 -0.102812886 -0.002781993 -0.005068674 0.999983311 5.092453480
0.999941051 0.009913285 0.004449982 -0.043206003 -0.009952057 0.999911904 0.008776407 -0.107072718 -0.004362587 -0.008820173 0.999951541 5.754503727
0.999942183 0.009201565 0.005569012 -0.036896553 -0.009270209 0.999879777 0.012428246 -0.118222617 -0.005453983 -0.012479153 0.999907255 6.386795521
0.999940634 0.008449552 0.006889430 -0.042008080 -0.008548957 0.999857843 0.014529070 -0.125909746 -0.006765688 -0.014587104 0.999870718 6.987378120
0.999928892 0.009113925 0.007691413 -0.024869144 -0.009224810 0.999852240 0.014506779 -0.136374608 -0.007558062 -0.014576699 0.999865174 7.576408863
0.999914885 0.009762818 0.008661608 -0.021589762 -0.009866851 0.999878645 0.012050663 -0.146493524 -0.008542908 -0.012135099 0.999889851 8.129931450
0.999908149 0.009605462 0.009565184 -0.021519739 -0.009690912 0.999913335 0.008927539 -0.148695588 -0.009478600 -0.009019414 0.999914348 8.658488274
0.999906957 0.008017607 0.011036672 -0.008239143 -0.008101259 0.999938667 0.007555811 -0.157719448 -0.010975414 -0.007644521 0.999910533 9.159584045
0.999907136 0.004033948 0.013019494 -0.006421365 -0.004102092 0.999978065 0.005211490 -0.163431749 -0.012998184 -0.005264413 0.999901652 9.615182877
0.999887824 0.002192243 0.014813180 0.010687817 -0.002255709 0.999988258 0.004269087 -0.170614213 -0.014803647 -0.004302023 0.999881148 10.065305710
0.999841392 0.006525125 0.016571719 0.017233763 -0.006563354 0.999975860 0.002253529 -0.180869684 -0.016556615 -0.002361936 0.999860108 10.481648445
0.999743879 0.011040790 0.019754147 0.016695090 -0.011071817 0.999937594 0.001461938 -0.188125998 -0.019736771 -0.001680277 0.999803841 10.870001793
0.999678075 0.011232683 0.022749137 0.027324043 -0.011296628 0.999932587 0.002684346 -0.198561385 -0.022717450 -0.002940470 0.999737620 11.215209007
0.999633312 0.006932384 0.026174536 0.038597323 -0.007020130 0.999969959 0.003261925 -0.205290034 -0.026151139 -0.003444477 0.999652088 11.536562920
0.999579072 0.002787325 0.028876834 0.054091413 -0.002869888 0.999991834 0.002818113 -0.205406547 -0.028868748 -0.002899800 0.999579012 11.812446594
0.999515951 -0.000797244 0.031099172 0.071445949 0.000666071 0.999990761 0.004228013 -0.211859003 -0.031102257 -0.004205252 0.999507368 12.070136070
0.999431431 -0.001033808 0.033698980 0.079086594 0.000856521 0.999985695 0.005274903 -0.217532337 -0.033703949 -0.005243042 0.999418139 12.301576614
0.999355495 -0.000465270 0.035894345 0.083876729 0.000309549 0.999990523 0.004343778 -0.221854970 -0.035896022 -0.004329868 0.999346137 12.505399704
0.999298751 0.000234524 0.037441909 0.104754694 -0.000350026 0.999995172 0.003078308 -0.230191588 -0.037441004 -0.003089255 0.999294102 12.705405235
0.999172032 0.002906419 0.040581070 0.100321539 -0.002995315 0.999993205 0.002129954 -0.233511567 -0.040574607 -0.002249744 0.999173939 12.861978531
0.999084473 0.005612189 0.042411901 0.102091037 -0.005683995 0.999982595 0.001572659 -0.240156576 -0.042402331 -0.001812289 0.999099016 13.030154228
0.999022067 0.007086210 0.043643408 0.109779261 -0.007104115 0.999974668 0.000255193 -0.248577714 -0.043640494 -0.000564992 0.999047160 13.187519073
0.998946905 0.005954418 0.045493424 0.119249873 -0.005893188 0.999981523 -0.001479901 -0.255271822 -0.045501400 0.001210241 0.998963594 13.336003304
0.998875916 0.004877186 0.047149368 0.126427606 -0.004741249 0.999984264 -0.002994524 -0.254769921 -0.047163229 0.002767611 0.998883367 13.480278015
0.998811126 0.004084802 0.048575673 0.132242411 -0.003897536 0.999984622 -0.003949238 -0.257851541 -0.048591055 0.003755217 0.998811662 13.617183685
0.998739183 0.004936928 0.049957119 0.140838221 -0.004673445 0.999974549 -0.005389618 -0.260305524 -0.049982458 0.005149351 0.998736858 13.752311707
0.998672545 0.005503120 0.051213544 0.146722108 -0.005144107 0.999961317 -0.007139290 -0.267553061 -0.051250841 0.006866365 0.998662174 13.872539520
0.998624384 0.005707567 0.052121688 0.155101299 -0.005217186 0.999940813 -0.009539600 -0.268612713 -0.052173048 0.009254549 0.998595119 13.999563217
0.998591006 0.005139433 0.052815460 0.163247690 -0.004525607 0.999920845 -0.011735123 -0.273745328 -0.052871592 0.011479566 0.998535275 14.124723434
0.998605669 0.004230890 0.052619655 0.164599106 -0.003524516 0.999902606 -0.013509706 -0.278637022 -0.052671678 0.013305411 0.998523235 14.247753143
0.998731613 0.003526341 0.050225858 0.175675258 -0.002783654 0.999885857 -0.014849230 -0.280672371 -0.050272483 0.014690584 0.998627484 14.374637604
0.998874784 0.003945121 0.047260717 0.179955721 -0.003202379 0.999870360 -0.015781252 -0.283868730 -0.047316842 0.015612147 0.998757899 14.506081581
0.999049902 0.004345905 0.043363109 0.176343963 -0.003601199 0.999844909 -0.017237106 -0.282298058 -0.043431293 0.017064571 0.998910666 14.624784470
0.999276221 0.004255421 0.037802640 0.172158599 -0.003562146 0.999824524 -0.018387804 -0.286584169 -0.037874248 0.018239835 0.999116063 14.750350952
0.999518692 0.004029616 0.030759666 0.173345879 -0.003457771 0.999820769 -0.018621350 -0.295336366 -0.030829186 0.018506028 0.999353349 14.870270729
0.999722242 0.003895629 0.023244750 0.175191760 -0.003449575 0.999809802 -0.019198859 -0.301425308 -0.023315120 0.019113341 0.999545455 14.995468140
0.999876618 0.003861630 0.015225058 0.166120693 -0.003553041 0.999788821 -0.020243717 -0.299955726 -0.015300016 0.020187125 0.999679089 15.127024651
0.999980986 0.002879403 0.005448741 0.152203277 -0.002761572 0.999764800 -0.021510690 -0.302994430 -0.005509397 0.021495232 0.999753833 15.259984016
0.999968112 0.001502058 -0.007838258 0.148437947 -0.001682432 0.999732792 -0.023056373 -0.306871891 0.007801527 0.023068823 0.999703467 15.410671234
0.999716282 0.000716253 -0.023806345 0.125121623 -0.001316832 0.999681056 -0.025221594 -0.307526886 0.023780689 0.025245786 0.999398410 15.563296318
0.999070048 0.001027794 -0.043104310 0.098335683 -0.002157974 0.999654889 -0.026181331 -0.310479283 0.043062523 0.026249999 0.998727500 15.742688179
0.997899771 0.002373602 -0.064733833 0.060376965 -0.004055231 0.999657393 -0.025858596 -0.315143287 0.064650267 0.026066797 0.997567475 15.917786598
0.996068597 0.002345873 -0.088555321 0.025396548 -0.004523836 0.999692082 -0.024401687 -0.322904676 0.088470802 0.024706362 0.995772362 16.122707367
0.993364573 0.003308397 -0.114960551 -0.024717338 -0.005967005 0.999722481 -0.022789832 -0.331509262 0.114853248 0.023324585 0.993108630 16.335264206
0.989401639 0.004326998 -0.145140126 -0.088362910 -0.007348293 0.999767184 -0.020286752 -0.342233837 0.145018548 0.021138277 0.989203215 16.556272507
0.984004796 0.004498027 -0.178085163 -0.167883992 -0.007668345 0.999824107 -0.017117944 -0.344027936 0.177976847 0.018209761 0.983866155 16.806247711
0.976615369 0.005628843 -0.214920402 -0.252130210 -0.008643220 0.999877036 -0.013088333 -0.351511955 0.214820281 0.014639873 0.976543903 17.054136276
0.966979623 0.007007346 -0.254757315 -0.358916283 -0.009300367 0.999926329 -0.007797366 -0.355493098 0.254683882 0.009909229 0.966973603 17.321100235
0.955172479 0.010702934 -0.295856386 -0.489733696 -0.012133213 0.999921918 -0.002998795 -0.356610209 0.295801133 0.006454055 0.955227733 17.595354080
0.941091299 0.014254241 -0.337852031 -0.629863620 -0.014699785 0.999891162 0.001239749 -0.359782636 0.337832958 0.003799635 0.941198349 17.865461349
0.924364209 0.016815219 -0.381140441 -0.777875721 -0.015284311 0.999858379 0.007043513 -0.364258051 0.381204903 -0.000685303 0.924490333 18.138683319
0.904962897 0.020348335 -0.425003648 -0.943218350 -0.015463449 0.999768794 0.014940545 -0.371134281 0.425209403 -0.006948614 0.905068338 18.423524857
0.883268654 0.024439858 -0.468229860 -1.119517207 -0.016447080 0.999640942 0.021151783 -0.366122693 0.468578696 -0.010981692 0.883353472 18.678863525
0.858504891 0.029867049 -0.511934817 -1.330045462 -0.019281153 0.999476612 0.025976848 -0.370004117 0.512442648 -0.012430560 0.858631432 18.959690094
0.830404758 0.032987155 -0.556183398 -1.557359934 -0.020018801 0.999367714 0.029383464 -0.367266089 0.556800961 -0.013266042 0.830540001 19.236680984
0.799560964 0.036849391 -0.599453390 -1.803282142 -0.022485724 0.999252915 0.031433895 -0.366292894 0.600163817 -0.011654170 0.799792171 19.495176315
0.765367270 0.040059071 -0.642345786 -2.070462227 -0.023320891 0.999131799 0.034522284 -0.359876782 0.643171012 -0.011442149 0.765637040 19.769510269
0.728582442 0.043959349 -0.683546126 -2.386828899 -0.024579000 0.998973727 0.038046300 -0.342069089 0.684517026 -0.010918987 0.728915095 20.050546646
0.689837337 0.044033077 -0.722624063 -2.719030619 -0.021543507 0.998955131 0.040305275 -0.318787128 0.723643839 -0.012236223 0.690065145 20.313602448
0.648635626 0.043934755 -0.759829998 -3.068073750 -0.019135742 0.998958290 0.041426200 -0.304076642 0.760858536 -0.012330593 0.648800611 20.573610306
0.606346130 0.042856265 -0.794045150 -3.449825287 -0.013324181 0.998954058 0.043741059 -0.295351744 0.795089245 -0.015942216 0.606282949 20.818864822
0.560993493 0.042560052 -0.826725423 -3.859761477 -0.008603445 0.998923361 0.045586787 -0.274843246 0.827775598 -0.018461203 0.560755610 21.074045181
0.514654100 0.044029474 -0.856266558 -4.279320717 -0.006462038 0.998851418 0.047477257 -0.254673362 0.857373416 -0.018901143 0.514347672 21.281188965
0.464546174 0.043552648 -0.884477258 -4.733758926 -0.005192552 0.998906672 0.046460044 -0.232630238 0.885533631 -0.016990142 0.464264482 21.479791641
0.412792474 0.042742845 -0.909821570 -5.221687794 0.000716710 0.998882830 0.047252055 -0.217315093 0.910824776 -0.020157369 0.412300646 21.662780762
0.357998312 0.041733149 -0.932789147 -5.729674816 0.005538924 0.998888195 0.046816237 -0.192726478 0.933705807 -0.021926779 0.357369095 21.843769073
0.304968387 0.040691312 -0.951492786 -6.242738247 0.008256242 0.998936236 0.045366529 -0.170418024 0.952326655 -0.021691110 0.304308087 21.969091415
0.251563758 0.046397589 -0.966728032 -6.799979687 0.009263341 0.998689055 0.050342072 -0.140452400 0.967796385 -0.021619370 0.250804186 22.075384140
0.199919358 0.051722057 -0.978446305 -7.396357059 0.011626395 0.998410344 0.055152923 -0.114164233 0.979743361 -0.022401940 0.199000195 22.169178009
0.152184322 0.052766431 -0.986942589 -7.977976322 0.017196100 0.998281300 0.056024250 -0.087586530 0.988202512 -0.025497576 0.151015386 22.231283188
0.107614741 0.054147225 -0.992717087 -8.595557213 0.019708917 0.998203278 0.056583002 -0.066041626 0.993997335 -0.025654541 0.106354207 22.274841309
0.067794375 0.052348211 -0.996325076 -9.230732918 0.019475957 0.998362839 0.053780511 -0.035938840 0.997509301 -0.023050401 0.066663839 22.282279968
0.032081082 0.048031721 -0.998330414 -9.868980408 0.017081875 0.998672366 0.048597086 -0.003763756 0.999339283 -0.018612407 0.031218018 22.280986786
0.003864929 0.047935151 -0.998842955 -10.545422554 0.014724460 0.998739481 0.047987148 0.032360528 0.999884069 -0.014892892 0.003154234 22.255996704
-0.017568167 0.052281864 -0.998477817 -11.242179871 0.013775339 0.998549819 0.052043248 0.060724717 0.999750793 -0.012840067 -0.018262891 22.232490540
-0.030356344 0.058141030 -0.997846723 -11.967103004 0.015109802 0.998219371 0.057703082 0.096732602 0.999424934 -0.013325612 -0.031180792 22.196525574
-0.038595706 0.060900711 -0.997397363 -12.712344170 0.014936382 0.998064816 0.060363460 0.127509281 0.999143243 -0.012567737 -0.039430652 22.165788651
-0.042004678 0.058100574 -0.997426689 -13.469103813 0.015908075 0.998220086 0.057476848 0.161652133 0.998990715 -0.013452842 -0.042854182 22.124450684
-0.041556239 0.054165196 -0.997666895 -14.254846573 0.023462450 0.998306990 0.053222656 0.199961498 0.998860657 -0.021195980 -0.042756736 22.099855423
-0.037156954 0.052512478 -0.997928739 -15.061159134 0.035373282 0.998061538 0.051202379 0.244676262 0.998683155 -0.033397496 -0.038942479 22.083293915
-0.031741396 0.052647337 -0.998108506 -15.895899773 0.035728909 0.998033226 0.051507134 0.281935573 0.998857260 -0.034026425 -0.033559993 22.063016891
-0.026882965 0.051507346 -0.998310685 -16.736747742 0.033803850 0.998147368 0.050588634 0.309276581 0.999066830 -0.032386784 -0.028574301 22.036188126
-0.023617905 0.044944230 -0.998710275 -17.620018005 0.037629072 0.998320937 0.044036847 0.351166606 0.999012649 -0.036540478 -0.025269464 22.025478363
-0.021591688 0.034220804 -0.999181032 -18.495958328 0.035382859 0.998814046 0.033443633 0.383477032 0.999140561 -0.034631778 -0.022776911 22.004890442
-0.020717807 0.025904557 -0.999449670 -19.387239456 0.027422346 0.999302804 0.025332309 0.409129053 0.999409318 -0.026882427 -0.021413727 21.964353561
-0.022232074 0.023006363 -0.999488115 -20.320493698 0.022190513 0.999500275 0.022513049 0.429746836 0.999506533 -0.021678641 -0.022731487 21.939413071
-0.025938513 0.029164735 -0.999237955 -21.265476227 0.012938045 0.999500573 0.028836545 0.448473573 0.999579787 -0.012180210 -0.026302887 21.894012451
-0.030588808 0.037173357 -0.998840630 -22.213176727 0.008030823 0.999285102 0.036943961 0.474219620 0.999499738 -0.006891442 -0.030865470 21.844501495
-0.035198979 0.046967022 -0.998276055 -23.224891663 0.006574149 0.998884320 0.046763837 0.502362907 0.999358654 -0.004916777 -0.035468474 21.803213120
-0.036749568 0.056712944 -0.997713923 -24.238857269 0.005027791 0.998386145 0.056565963 0.548725307 0.999311864 -0.002937523 -0.036975399 21.757444382
-0.037902411 0.064413272 -0.997203231 -25.269481659 0.007077210 0.997912526 0.064190097 0.595923483 0.999256372 -0.004624457 -0.038279161 21.718120575
-0.039198335 0.065465145 -0.997084677 -26.283645630 0.008221456 0.997838855 0.065191463 0.643877029 0.999197602 -0.005642090 -0.039651841 21.674398422
-0.040670495 0.062475555 -0.997217476 -27.303741455 0.006927512 0.998036921 0.062244363 0.698784590 0.999148488 -0.004376727 -0.041023456 21.622741699
-0.043922268 0.057564836 -0.997375071 -28.327581406 0.006787292 0.998332679 0.057321202 0.743140340 0.999011874 -0.004251799 -0.044239745 21.576669693
-0.048301149 0.052677460 -0.997442782 -29.350522995 0.006953829 0.998601854 0.052401930 0.788026869 0.998808622 -0.004404972 -0.048599929 21.518262863
-0.053883102 0.047896281 -0.997397840 -30.378877640 0.006764452 0.998843491 0.047600266 0.830062926 0.998524368 -0.004182000 -0.054144774 21.458105087
-0.060600929 0.045890775 -0.997106612 -31.405776978 0.005789614 0.998941958 0.045623377 0.871785164 0.998145282 -0.003008043 -0.060802504 21.378826141
-0.067460842 0.048554532 -0.996539772 -32.480991364 0.006441375 0.998815536 0.048229355 0.906969845 0.997701049 -0.003165493 -0.067693688 21.308929443
-0.073658779 0.053371165 -0.995854378 -33.549217224 0.005060816 0.998574197 0.053142596 0.948513269 0.997270644 -0.001125416 -0.073823839 21.220241547
-0.079890959 0.056505740 -0.995200753 -34.615879059 0.002679913 0.998400509 0.056472283 0.990267634 0.996800005 0.001844573 -0.079914600 21.127157211
-0.084592044 0.058429375 -0.994701028 -35.687427521 -0.000766327 0.998275042 0.058704484 1.041953802 0.996415377 0.005728198 -0.084401362 21.026056290
-0.086989135 0.059994854 -0.994401038 -36.768993378 -0.004797620 0.998148143 0.060640611 1.086373210 0.996197641 0.010045833 -0.086540207 20.916242599
-0.088762283 0.060871881 -0.994191051 -37.837085724 -0.009538470 0.998033047 0.061958719 1.144373059 0.996007144 0.014982658 -0.088007078 20.811706543
-0.089898452 0.060269427 -0.994125664 -38.915805817 -0.010519713 0.998054087 0.061458886 1.198757410 0.995895326 0.015982976 -0.089089505 20.698171616
-0.091248490 0.059619155 -0.994041860 -39.999122620 -0.011553311 0.998075664 0.060921621 1.246027231 0.995761096 0.017043483 -0.090384103 20.588296890
-0.092474855 0.058881547 -0.993972540 -41.081924438 -0.012299626 0.998106241 0.060270730 1.298642397 0.995639145 0.017799018 -0.091575518 20.481348038
-0.093117140 0.057983331 -0.993965328 -42.171138763 -0.014779320 0.998112261 0.059609804 1.350683689 0.995545506 0.020240828 -0.092084408 20.361133575
-0.093919411 0.055371068 -0.994038761 -43.263862610 -0.019459803 0.998159349 0.057439201 1.401918650 0.995389521 0.024738457 -0.092669018 20.248849869
-0.094226539 0.050632723 -0.994262338 -44.351051331 -0.024143344 0.998295963 0.053126201 1.445610762 0.995257974 0.029010717 -0.092843518 20.135929108
-0.093321063 0.049902003 -0.994384706 -45.464168549 -0.026019556 0.998279810 0.052539356 1.491998315 0.995296001 0.030776473 -0.091862105 20.022506714
-0.091721393 0.054040484 -0.994317353 -46.575695038 -0.026918739 0.998026848 0.056725238 1.537387967 0.995420814 0.031968683 -0.090085723 19.917350769
-0.089708373 0.057261817 -0.994320631 -47.669841766 -0.026947388 0.997840822 0.059895754 1.580328107 0.995603383 0.032167498 -0.087971628 19.811265945
-0.088088185 0.056927662 -0.994484603 -48.800460815 -0.025400104 0.997912586 0.059373755 1.637552142 0.995788753 0.030490138 -0.086458340 19.702610016
-0.085655719 0.056045115 -0.994747221 -49.908466339 -0.025150845 0.997976840 0.058392763 1.687903047 0.996007323 0.030020406 -0.084072836 19.604991913
-0.081545860 0.056034509 -0.995093167 -51.031326294 -0.029572893 0.997842610 0.058612775 1.748708844 0.996230781 0.034207415 -0.079712838 19.503944397
-0.075815178 0.056965202 -0.995493412 -52.155891418 -0.034661874 0.997612834 0.059726272 1.799463630 0.996519327 0.039033819 -0.073659673 19.402681351
-0.069234945 0.056343462 -0.996007979 -53.274528503 -0.038880941 0.997492790 0.059130162 1.855459452 0.996842384 0.042819604 -0.066870674 19.301757812
-0.064022414 0.055582196 -0.996399343 -54.436649323 -0.040128056 0.997496963 0.058221791 1.909703970 0.997141361 0.043711074 -0.061631747 19.229963303
-0.058310620 0.054779273 -0.996794403 -55.573093414 -0.039806422 0.997571647 0.057150595 1.963367820 0.997504652 0.043011308 -0.055988457 19.161212921
-0.052738726 0.054291897 -0.997131407 -56.726768494 -0.038541488 0.997666359 0.056359500 2.015813828 0.997864306 0.041403256 -0.050523154 19.089748383
-0.047162380 0.055049010 -0.997369230 -57.863166809 -0.037430041 0.997681618 0.056836199 2.063509703 0.998185694 0.040012099 -0.044992547 19.031513214
-0.040999573 0.056743842 -0.997546613 -59.021671295 -0.036712203 0.997626305 0.058257267 2.112674475 0.998484492 0.039010659 -0.038819063 18.976150513
-0.035693921 0.057897735 -0.997684240 -60.183917999 -0.037147898 0.997553587 0.059219185 2.166088343 0.998672068 0.039175637 -0.033455823 18.933715820
-0.031418011 0.056768306 -0.997892916 -61.332778931 -0.036497675 0.997654796 0.057903863 2.218412876 0.998839796 0.038239989 -0.029272417 18.907747269
-0.026470693 0.052146904 -0.998288572 -62.478118896 -0.036590073 0.997918725 0.053097814 2.270138264 0.998979747 0.037932985 -0.024507545 18.869510651
-0.021208210 0.047074340 -0.998666227 -63.647365570 -0.037243865 0.998160362 0.047841433 2.310854435 0.999081135 0.038208812 -0.019415967 18.835956573
-0.017425060 0.046870690 -0.998749018 -64.804565430 -0.037017196 0.998185575 0.047490090 2.349018574 0.999162734 0.037798394 -0.015658421 18.808982849
-0.013348461 0.049098320 -0.998704672 -65.972343445 -0.036459893 0.998105586 0.049556185 2.389502764 0.999246001 0.037074167 -0.011533055 18.772737503
-0.012238803 0.048993871 -0.998724103 -67.158859253 -0.036178734 0.998123348 0.049407747 2.423105717 0.999270380 0.036737274 -0.010443298 18.770988464
-0.011029053 0.048483156 -0.998763144 -68.332489014 -0.038082413 0.998078883 0.048870478 2.472027779 0.999213755 0.038574308 -0.009161510 18.747573853
-0.009810855 0.049557522 -0.998723090 -69.490470886 -0.039447021 0.997974515 0.049907885 2.511415482 0.999173522 0.039886292 -0.007836087 18.729166031
-0.009294435 0.049546227 -0.998728573 -70.674865723 -0.039791618 0.997962296 0.049878526 2.546459913 0.999164760 0.040204618 -0.007303972 18.717786789
-0.008101415 0.047219079 -0.998851657 -71.847236633 -0.040289737 0.998057902 0.047508340 2.591447592 0.999155164 0.040628355 -0.006183238 18.701492310
-0.007163611 0.045550942 -0.998936355 -73.024856567 -0.038578700 0.998205602 0.045794290 2.637813807 0.999229789 0.038865719 -0.005393462 18.684906006
-0.007244886 0.045808662 -0.998923957 -74.224578857 -0.035147794 0.998321176 0.046035942 2.665330887 0.999355853 0.035443492 -0.005622650 18.680929184
-0.006793618 0.046299838 -0.998904467 -75.410392761 -0.033178397 0.998367012 0.046500579 2.707691431 0.999426365 0.033457953 -0.005246370 18.668581009
-0.006750963 0.049518317 -0.998750389 -76.596565247 -0.032468494 0.998235643 0.049712267 2.739466429 0.999449909 0.032763533 -0.005131267 18.658838272
-0.005619446 0.053191572 -0.998568535 -77.777343750 -0.034881637 0.997966111 0.053355783 2.780130625 0.999375641 0.035131533 -0.003752608 18.632761002
-0.005133092 0.053313281 -0.998564720 -78.963249207 -0.037284471 0.997873306 0.053468034 2.821034670 0.999291599 0.037505411 -0.003134418 18.616413116
-0.005260170 0.051036779 -0.998682857 -80.163139343 -0.038498838 0.997945964 0.051201899 2.862112761 0.999244809 0.038717471 -0.003284510 18.610727310
-0.004723267 0.048438955 -0.998815000 -81.343444824 -0.038321048 0.998083651 0.048584703 2.907140493 0.999254286 0.038505118 -0.002857985 18.598430634
-0.004499604 0.047959309 -0.998839140 -82.530975342 -0.035919443 0.998196959 0.048090290 2.944245100 0.999344587 0.036094133 -0.002768819 18.581663132
-0.004638331 0.049145289 -0.998780787 -83.705497742 -0.034628496 0.998184681 0.049276769 2.986119986 0.999389529 0.034814842 -0.002928084 18.578727722
-0.004110546 0.051966466 -0.998640478 -84.881797791 -0.033535250 0.998079896 0.052075349 3.024299383 0.999429107 0.033703715 -0.002359945 18.569847107
-0.003427874 0.054438360 -0.998511255 -86.057075500 -0.034085300 0.997930586 0.054523718 3.064878941 0.999413073 0.034221452 -0.001565232 18.562099457
-0.003517049 0.054471835 -0.998509109 -87.229972839 -0.035509069 0.997878850 0.054562520 3.105964661 0.999363184 0.035648033 -0.001575345 18.550729752
-0.003154896 0.052400399 -0.998621166 -88.404228210 -0.035284352 0.997998595 0.052479189 3.148888350 0.999372363 0.035401270 -0.001299668 18.539421082
-0.003055016 0.050868247 -0.998700678 -89.575157166 -0.033753563 0.998131096 0.050942488 3.193134546 0.999425530 0.033865344 -0.001332322 18.536062241
-0.003213848 0.052225456 -0.998630047 -90.741775513 -0.031617157 0.998130798 0.052301083 3.229129553 0.999494970 0.031741932 -0.001556620 18.532951355
-0.002324410 0.055141054 -0.998475850 -91.911720276 -0.030017952 0.998024762 0.055186030 3.273947477 0.999546647 0.030100470 -0.000664598 18.516065598
-0.003028166 0.057276770 -0.998353720 -93.081413269 -0.028485574 0.997948289 0.057339903 3.319251537 0.999589622 0.028612312 -0.001390392 18.520149231
-0.001944248 0.059055746 -0.998252809 -94.253623962 -0.029823286 0.997807145 0.059087481 3.372864485 0.999553263 0.029886058 -0.000178749 18.501731873
-0.001403874 0.061281215 -0.998119533 -95.396827698 -0.031955052 0.997608066 0.061294757 3.412165165 0.999488294 0.031981010 0.000557729 18.493240356
-0.001238707 0.060389400 -0.998174131 -96.558334351 -0.033853225 0.997600198 0.060396694 3.462844372 0.999426007 0.033866223 0.000808642 18.484277725
-0.001308268 0.056334853 -0.998411000 -97.711944580 -0.036335390 0.997749984 0.056345165 3.509778500 0.999338806 0.036351372 0.000741624 18.468963623
-0.000666166 0.054665521 -0.998504460 -98.878089905 -0.037618250 0.997796535 0.054651868 3.558191299 0.999291956 0.037598401 0.001391723 18.464714050
-0.000492850 0.052893825 -0.998600066 -100.043449402 -0.037390996 0.997900784 0.052875254 3.605513096 0.999300539 0.037364706 0.001485937 18.458724976
0.000194298 0.053237129 -0.998581946 -101.212799072 -0.036220722 0.997926950 0.053195171 3.651153803 0.999343812 0.036159020 0.002122183 18.454404831
-0.000416134 0.055612683 -0.998452306 -102.366844177 -0.036465019 0.997787535 0.055590853 3.689274073 0.999334812 0.036431722 0.001612705 18.455835342
-0.000526831 0.057632614 -0.998337686 -103.535675049 -0.035138708 0.997720361 0.057615515 3.736208439 0.999382317 0.035110656 0.001499506 18.455873489
-0.001097524 0.056464870 -0.998403966 -104.702468872 -0.038918789 0.997645736 0.056464769 3.787926435 0.999241769 0.038918652 0.001102604 18.445837021
-0.001246132 0.057711087 -0.998332560 -105.878776550 -0.042404059 0.997432351 0.057711966 3.840575218 0.999099791 0.042405266 0.001204252 18.433683395
-0.001127623 0.056925740 -0.998377800 -107.045860291 -0.045851760 0.997325420 0.056917526 3.889368296 0.998947561 0.045841560 0.001485539 18.411664963
-0.001918375 0.053177062 -0.998583257 -108.235000610 -0.047291484 0.997462988 0.053208251 3.935331345 0.998879313 0.047326565 0.000601314 18.415197372
-0.002310379 0.049107984 -0.998790860 -109.403717041 -0.047152393 0.997677147 0.049162295 3.982324839 0.998885095 0.047208965 0.000010547 18.402509689
-0.003488923 0.048383825 -0.998822749 -110.610847473 -0.043387905 0.997880876 0.048489757 4.024889946 0.999052227 0.043506000 -0.001382257 18.398622513
-0.003716564 0.047757059 -0.998852074 -111.820182800 -0.039181996 0.998084962 0.047866173 4.069409847 0.999225199 0.039314911 -0.001838230 18.395645142
-0.004047620 0.049503095 -0.998765707 -113.047294617 -0.038054347 0.998042822 0.049621485 4.116023540 0.999267459 0.038208216 -0.002155890 18.382820129
-0.004666805 0.053119864 -0.998577297 -114.256065369 -0.037010528 0.997894764 0.053256527 4.164224148 0.999303937 0.037206411 -0.002690986 18.367580414
-0.005462250 0.053680126 -0.998543322 -115.500190735 -0.035357021 0.997923434 0.053840220 4.208389282 0.999359727 0.035599604 -0.003552937 18.361000061
-0.005828874 0.049497638 -0.998757243 -116.731872559 -0.035520390 0.998133659 0.049674034 4.245553017 0.999351978 0.035765793 -0.004059820 18.355424881
-0.007434343 0.046000738 -0.998913765 -117.968643188 -0.035765819 0.998289943 0.046238195 4.288686752 0.999332607 0.036070727 -0.005776376 18.348012924
-0.007471547 0.044622958 -0.998975992 -119.218521118 -0.035006616 0.998379767 0.044858154 4.329816341 0.999359250 0.035305928 -0.005897344 18.322671890
-0.008090517 0.045433823 -0.998934567 -120.453025818 -0.036814224 0.998276532 0.045702051 4.379020691 0.999289393 0.037144754 -0.006403962 18.307966232
-0.008145269 0.050054792 -0.998713195 -121.726020813 -0.041308336 0.997877002 0.050349779 4.425868511 0.999113262 0.041665297 -0.006060297 18.281555176
-0.008289170 0.053750761 -0.998519957 -122.997917175 -0.047157027 0.997422397 0.054083142 4.466377258 0.998853087 0.047535542 -0.005733077 18.246820450
-0.008739977 0.053233907 -0.998543799 -124.250267029 -0.054393101 0.997078359 0.053631857 4.522115231 0.998481333 0.054782644 -0.005818883 18.226423264
-0.008773346 0.051160801 -0.998651922 -125.522560120 -0.057242621 0.997026861 0.051580448 4.571039200 0.998321772 0.057617988 -0.005818684 18.201694489
-0.009120309 0.049650755 -0.998724997 -126.784591675 -0.060197849 0.996927798 0.050111137 4.623039722 0.998144746 0.060578126 -0.006103420 18.185306549
-0.009203497 0.049637198 -0.998724878 -128.042541504 -0.059773926 0.996953905 0.050100010 4.651628971 0.998169541 0.060158797 -0.006208453 18.158464432
-0.010033669 0.048778001 -0.998759210 -129.303695679 -0.057554796 0.997125566 0.049276415 4.693146706 0.998291969 0.057977799 -0.007197419 18.147127151
-0.010066373 0.049293604 -0.998733580 -130.575790405 -0.057600010 0.997097194 0.049793396 4.741205215 0.998288929 0.058028303 -0.007197841 18.125606537
-0.010780486 0.054291826 -0.998466909 -131.856124878 -0.057567436 0.996835113 0.054824658 4.789834976 0.998283386 0.058070213 -0.007620926 18.102334976
-0.011416737 0.058569156 -0.998218179 -133.115905762 -0.056202747 0.996667385 0.059120975 4.833732605 0.998354077 0.056777563 -0.008086943 18.090639114
-0.011508644 0.057511177 -0.998278558 -134.370773315 -0.056806207 0.996694684 0.058074828 4.884233475 0.998318851 0.057376776 -0.008203612 18.071182251
-0.010465137 0.055811442 -0.998386502 -135.628005981 -0.056242757 0.996827722 0.056313843 4.937641621 0.998362243 0.056741346 -0.007292951 18.049682617
-0.009389051 0.055476211 -0.998415887 -136.878341675 -0.055531625 0.996890128 0.055913649 4.986518383 0.998412788 0.055968635 -0.006279169 18.030944824
-0.008900131 0.054547761 -0.998471558 -138.132705688 -0.055675115 0.996935129 0.054960098 5.033683300 0.998409212 0.056079175 -0.005835900 18.018604279
-0.007628564 0.056968495 -0.998346746 -139.379333496 -0.055709351 0.996801078 0.057305973 5.078017235 0.998417914 0.056054410 -0.004430484 18.004400253
-0.006851283 0.060099401 -0.998168826 -140.627029419 -0.056647770 0.996566057 0.060391713 5.137483120 0.998370767 0.056957800 -0.003423259 17.988288879
-0.005514328 0.061246529 -0.998107374 -141.877075195 -0.058380600 0.996400535 0.061464325 5.190142155 0.998279154 0.058609042 -0.001918870 17.969451904
-0.004490790 0.058888592 -0.998254478 -143.145172119 -0.060366794 0.996427953 0.059052411 5.237790585 0.998166144 0.060526606 -0.000919833 17.960235596
-0.004620718 0.055997152 -0.998420179 -144.390762329 -0.058848482 0.996685326 0.056172188 5.289477825 0.998256207 0.059015073 -0.001310054 17.953466415
-0.004359505 0.054360799 -0.998511851 -145.633102417 -0.056268625 0.996925950 0.054520123 5.335283279 0.998406172 0.056422576 -0.001287297 17.950407028
-0.004619534 0.053795781 -0.998541236 -146.871551514 -0.054474179 0.997055709 0.053967755 5.381243229 0.998504519 0.054644026 -0.001675452 17.940082550
-0.004844708 0.054304227 -0.998512626 -148.110488892 -0.052478015 0.997134686 0.054483909 5.421541691 0.998610318 0.052663922 -0.001981048 17.937084198
-0.005299039 0.052959882 -0.998582542 -149.335372925 -0.050673526 0.997299373 0.053160734 5.467905998 0.998701215 0.050883405 -0.002601065 17.930700302
-0.004827218 0.052974079 -0.998584151 -150.593322754 -0.049389616 0.997364461 0.053148124 5.516603470 0.998767853 0.049576249 -0.002198126 17.919193268
-0.004952954 0.055275153 -0.998458862 -151.831787109 -0.046989638 0.997355223 0.055447157 5.568591595 0.998883069 0.047191840 -0.002342495 17.912918091
-0.005097075 0.056855369 -0.998369396 -153.064147949 -0.044433080 0.997383416 0.057026062 5.613502502 0.998999298 0.044651296 -0.002557479 17.903991699
-0.004931950 0.055459488 -0.998448789 -154.292724609 -0.042473663 0.997548223 0.055619273 5.662305832 0.999085367 0.042682081 -0.002564290 17.892505646
-0.006068670 0.055704162 -0.998428881 -155.522277832 -0.043407768 0.997491479 0.055915706 5.713399410 0.999038935 0.043678902 -0.003635453 17.885810852
-0.005937178 0.060095083 -0.998175025 -156.751556396 -0.043838065 0.997217357 0.060298171 5.767273903 0.999020934 0.044116061 -0.003286204 17.875146866
-0.005459636 0.066653378 -0.997761309 -157.978561401 -0.048733793 0.996572793 0.066840656 5.821459770 0.998796821 0.048989605 -0.002192653 17.862997055
-0.004374644 0.067097396 -0.997736812 -159.232757568 -0.053563938 0.996298254 0.067235500 5.876706123 0.998554826 0.053736839 -0.000764450 17.841072083
-0.002816033 0.063067295 -0.998005331 -160.461761475 -0.057570867 0.996343791 0.063124739 5.939668655 0.998337388 0.057633795 0.000825102 17.818037033
-0.000934450 0.058062851 -0.998312414 -161.676818848 -0.059416723 0.996545911 0.058015723 5.984688759 0.998232841 0.059370656 0.002518682 17.804071426
-0.000428246 0.056368750 -0.998409867 -162.897094727 -0.061977994 0.996489108 0.056286883 6.037646294 0.998077452 0.061903544 0.003066879 17.797664642
0.000840427 0.053387165 -0.998573542 -164.086654663 -0.057039082 0.996950626 0.053252392 6.073447227 0.998371601 0.056912959 0.003883019 17.806306839
0.001234613 0.048762955 -0.998809636 -165.300506592 -0.054016721 0.997355402 0.048625186 6.121829510 0.998539209 0.053892378 0.003865362 17.802204132
0.000817201 0.045312420 -0.998972535 -166.520843506 -0.047552280 0.997844458 0.045222361 6.159202099 0.998868406 0.047466461 0.002970148 17.806371689
-0.000496190 0.048178639 -0.998838663 -167.750198364 -0.045547925 0.997800946 0.048151221 6.203627110 0.998961985 0.045518916 0.001699338 17.807973862
0.000197211 0.054843120 -0.998494983 -168.979217529 -0.046455741 0.997417450 0.054774757 6.242997646 0.998920321 0.046375021 0.002744479 17.800231934
0.001931190 0.058125902 -0.998307407 -170.174972534 -0.047517970 0.997186899 0.057968736 6.287764072 0.998868525 0.047325596 0.004687782 17.799772263
0.003475391 0.054412805 -0.998512506 -171.383010864 -0.048222594 0.997365892 0.054182481 6.339504242 0.998830616 0.047962550 0.006090162 17.799108505
0.004209258 0.054891285 -0.998483479 -172.613067627 -0.050694399 0.997220159 0.054608122 6.386767387 0.998705328 0.050387658 0.006980238 17.797824860
0.005103735 0.055683091 -0.998435497 -173.834732056 -0.049502991 0.997238398 0.055363286 6.436918259 0.998760939 0.049142975 0.007846120 17.799034119
0.005738225 0.053847875 -0.998532653 -175.048461914 -0.049140722 0.997357726 0.053502128 6.481599331 0.998775363 0.048761606 0.008369188 17.804355621
0.007215508 0.052463371 -0.998596728 -176.235137939 -0.049200363 0.997431815 0.052046668 6.522571564 0.998762786 0.048755784 0.009778195 17.810094833
0.009059836 0.054285329 -0.998484373 -177.389801025 -0.050465398 0.997277737 0.053761821 6.562837601 0.998684704 0.049901836 0.011774704 17.811960220
0.010243858 0.056373030 -0.998357236 -178.525527954 -0.050296187 0.997174859 0.055790190 6.595490456 0.998681784 0.049642049 0.013050267 17.818634033
0.011009329 0.057862628 -0.998263836 -179.615219116 -0.051574524 0.997028530 0.057222225 6.627738953 0.998608470 0.050855007 0.013960851 17.819976807
0.011221205 0.058782447 -0.998207748 -180.693695068 -0.051777270 0.996965587 0.058127254 6.666100502 0.998595595 0.051032223 0.014230751 17.826387405
0.010879355 0.060108241 -0.998132586 -181.750274658 -0.050956160 0.996928036 0.059480306 6.696338177 0.998641610 0.050213896 0.013908820 17.837656021
0.011398475 0.059039846 -0.998190522 -182.782440186 -0.051430542 0.996968746 0.058380287 6.736867428 0.998611450 0.050672036 0.014400375 17.839365005
0.012772581 0.059358358 -0.998154938 -183.753829956 -0.052032184 0.996923506 0.058619309 6.759820461 0.998563707 0.051187467 0.015821831 17.854602814
0.014246790 0.060271565 -0.998080313 -184.713516235 -0.053041916 0.996821880 0.059438430 6.795004368 0.998490632 0.052093286 0.017398428 17.866065979
0.013579893 0.058540955 -0.998192668 -185.656448364 -0.051289145 0.997011423 0.057773914 6.826532841 0.998591542 0.050411891 0.016541822 17.871736526
0.010353303 0.055312272 -0.998415470 -186.601135254 -0.049066998 0.997294247 0.054741345 6.858888149 0.998741865 0.048422493 0.013039296 17.883735657
0.005363425 0.051861670 -0.998639882 -187.529327393 -0.048798312 0.997478008 0.051539250 6.889279366 0.998794258 0.048455518 0.007880662 17.885490417
0.000322833 0.048719909 -0.998812497 -188.456771851 -0.050653603 0.997531116 0.048641037 6.924251080 0.998716235 0.050577745 0.002789876 17.876628876
-0.003372690 0.047967162 -0.998843253 -189.401809692 -0.052428462 0.997466624 0.048078090 6.955885410 0.998619020 0.052529968 -0.000849301 17.869949341
-0.006338886 0.048985053 -0.998779416 -190.316436768 -0.054081373 0.997320890 0.049256757 6.975681782 0.998516440 0.054327592 -0.003672725 17.854383469
-0.008368034 0.050775811 -0.998675048 -191.241455078 -0.052718114 0.997298717 0.051147569 7.007915497 0.998574436 0.053076264 -0.005668625 17.842344284
-0.009792090 0.052067820 -0.998595536 -192.176101685 -0.050520997 0.997342229 0.052497875 7.042736530 0.998675048 0.050964106 -0.007135547 17.832798004
-0.011522043 0.052677609 -0.998545170 -193.081222534 -0.048096288 0.997426331 0.053173568 7.064257622 0.998776257 0.048638977 -0.008958790 17.825845718
-0.012007023 0.051725920 -0.998589158 -193.981018066 -0.048764635 0.997442484 0.052252878 7.094560146 0.998738110 0.049323224 -0.009453921 17.807645798
-0.012857777 0.050337631 -0.998649538 -194.895141602 -0.050559845 0.997421682 0.050926723 7.129202366 0.998638332 0.051146358 -0.010279562 17.790145874
-0.012927186 0.049448576 -0.998692989 -195.795074463 -0.054147474 0.997276366 0.050079323 7.163372517 0.998449266 0.054724082 -0.010214458 17.772548676
-0.011671263 0.048154015 -0.998771787 -196.686965942 -0.056983478 0.997184515 0.048743371 7.183977604 0.998306870 0.057482380 -0.008894420 17.746145248
-0.010760838 0.045446053 -0.998908818 -197.604888916 -0.056882877 0.997321248 0.045986596 7.216674328 0.998322785 0.057315659 -0.008146909 17.729774475
-0.010268371 0.043366347 -0.999006450 -198.523056030 -0.056546234 0.997435272 0.043879356 7.241628647 0.998347163 0.056940623 -0.007789832 17.720178604
-0.009737439 0.042882256 -0.999032617 -199.444824219 -0.056467973 0.997462213 0.043365229 7.271610260 0.998356938 0.056835618 -0.007291253 17.706567764
-0.009590502 0.045522463 -0.998917341 -200.379547119 -0.054169189 0.997472703 0.045976702 7.299585819 0.998485684 0.054551486 -0.007100351 17.698152542
-0.008795418 0.047078848 -0.998852551 -201.316925049 -0.053193726 0.997454822 0.047481362 7.324604034 0.998545408 0.053550307 -0.006268733 17.673545837
-0.008392755 0.043026149 -0.999038637 -202.253158569 -0.048678756 0.997871757 0.043384839 7.357947350 0.998779237 0.048996076 -0.006280435 17.680215836
-0.008283763 0.039695997 -0.999177456 -203.194824219 -0.047208264 0.998081982 0.040043868 7.389095783 0.998850763 0.047501147 -0.006393896 17.673805237
-0.007317999 0.039514098 -0.999192238 -204.154144287 -0.051470023 0.997879505 0.039839156 7.424519539 0.998647749 0.051719990 -0.005268691 17.650623322
-0.005904740 0.044350028 -0.998998582 -205.118469238 -0.053007502 0.997597575 0.044601139 7.446212292 0.998576701 0.053217780 -0.003539670 17.637535095
-0.003734632 0.043950364 -0.999026716 -206.048873901 -0.051038377 0.997723222 0.044083826 7.473575592 0.998689711 0.051153343 -0.001482974 17.631507874
-0.001482264 0.045001984 -0.998985767 -207.011032104 -0.049874619 0.997740328 0.045019880 7.512293339 0.998754382 0.049890768 0.000765543 17.627490997
0.000213558 0.049834304 -0.998757482 -208.002395630 -0.050843563 0.997466266 0.049759004 7.545944214 0.998706520 0.050769757 0.002746770 17.621305466
0.001590384 0.053721230 -0.998554707 -209.002975464 -0.047624696 0.997426987 0.053584710 7.583903313 0.998863935 0.047470640 0.004144750 17.629634857
0.003294333 0.054114718 -0.998529255 -209.999816895 -0.047706213 0.997406304 0.053896464 7.627749443 0.998855889 0.047458496 0.005867397 17.623435974
0.005306557 0.055245206 -0.998458683 -211.018371582 -0.050765701 0.997200191 0.054905761 7.664636612 0.998696506 0.050396096 0.008096263 17.624652863
0.008079619 0.056881502 -0.998348236 -212.037963867 -0.053483959 0.996976376 0.056370497 7.711319447 0.998535991 0.052940164 0.011097437 17.626886368
0.010986275 0.057447881 -0.998288155 -213.048965454 -0.054849908 0.996879876 0.056763217 7.750672340 0.998434186 0.054132402 0.014103008 17.639211655
0.014650729 0.054707639 -0.998394907 -214.081268311 -0.058397923 0.996844471 0.053765733 7.796887398 0.998185873 0.057516489 0.017799312 17.636884689
