1.000000000 0.000000000 0.000000000 0.000000000 0.000000000 1.000000000 0.000000000 0.000000000 0.000000000 0.000000000 1.000000000 0.000000000
0.999995589 0.002976289 0.000139471 -0.005663665 -0.002976475 0.999994636 0.001351246 -0.012448700 -0.000135449 -0.001351655 0.999999106 0.772811651
0.999984682 0.005484133 0.000631515 -0.013938491 -0.005485376 0.999983013 0.001984953 -0.030544372 -0.000620619 -0.001988387 0.999997854 1.538968921
0.999976933 0.006677815 0.001237033 -0.025268095 -0.006680127 0.999975920 0.001874349 -0.049026255 -0.001224486 -0.001882569 0.999997437 2.270668507
0.999962151 0.008629530 0.001113646 -0.028246934 -0.008631269 0.999961495 0.001565437 -0.062384773 -0.001100094 -0.001574990 0.999998152 2.998502493
0.999958277 0.008977766 0.001641700 -0.032496884 -0.008979767 0.999958873 0.001216465 -0.074545369 -0.001630711 -0.001231157 0.999997914 3.720151901
0.999957383 0.009036873 0.001893867 -0.034512769 -0.009040812 0.999956906 0.002081730 -0.088001475 -0.001874973 -0.002098764 0.999996006 4.409204960
0.999945939 0.009982857 0.002930575 -0.049335212 -0.009998229 0.999936044 0.005278557 -0.105430774 -0.002877693 -0.005307571 0.999981821 5.084725857
0.999942660 0.009846283 0.004189441 -0.041057609 -0.009883077 0.999911904 0.008854781 -0.107709497 -0.004101885 -0.008895680 0.999952018 5.756047249
0.999944329 0.009077528 0.005353912 -0.036418054 -0.009143290 0.999881387 0.012389264 -0.118790470 -0.005240814 -0.012437530 0.999908924 6.386026382
0.999941468 0.008474596 0.006714800 -0.040845804 -0.008571951 0.999856591 0.014604846 -0.126685873 -0.006590067 -0.014661552 0.999870777 6.989144802
0.999931276 0.009084566 0.007403751 -0.026385430 -0.009191717 0.999851525 0.014569211 -0.136447996 -0.007270298 -0.014636261 0.999866366 7.573297977
0.999918163 0.009722251 0.008319639 -0.023454867 -0.009821987 0.999879360 0.012032304 -0.145558298 -0.008201654 -0.012113033 0.999892950 8.124368668
0.999909163 0.009735077 0.009321745 -0.023752853 -0.009819353 0.999910891 0.009038218 -0.148621887 -0.009232927 -0.009128930 0.999915719 8.653320312
0.999910116 0.008035585 0.010726106 -0.010013103 -0.008117362 0.999938130 0.007602302 -0.157305330 -0.010664355 -0.007688685 0.999913514 9.155783653
0.999910712 0.003933853 0.012768198 -0.004830062 -0.004000760 0.999978364 0.005218791 -0.162709028 -0.012747392 -0.005269406 0.999904811 9.621899605
0.999887645 0.002272579 0.014814838 0.001556203 -0.002333815 0.999988914 0.004117440 -0.168017745 -0.014805314 -0.004151552 0.999881804 10.069172859
0.999839544 0.006567896 0.016665127 0.007471502 -0.006602692 0.999976099 0.002033832 -0.177415028 -0.016651370 -0.002143541 0.999859095 10.484251022
0.999745905 0.011085230 0.019630503 0.009023890 -0.011116145 0.999936998 0.001466434 -0.186267942 -0.019613013 -0.001684276 0.999806225 10.871087074
0.999679089 0.011228318 0.022709167 0.019612178 -0.011291314 0.999932706 0.002647737 -0.197731197 -0.022677906 -0.002903303 0.999738693 11.215714455
0.999640465 0.006918801 0.025905658 0.037354499 -0.007004354 0.999970317 0.003213214 -0.203450292 -0.025882658 -0.003393511 0.999659300 11.541433334
0.999586880 0.002825142 0.028601559 0.048254162 -0.002898585 0.999992609 0.002526658 -0.201072097 -0.028594209 -0.002608519 0.999587655 11.821559906
0.999520957 -0.000542182 0.030941667 0.064337581 0.000417490 0.999991775 0.004036212 -0.207720503 -0.030943599 -0.004021361 0.999513149 12.079135895
0.999441087 -0.000935419 0.033414472 0.073766500 0.000767804 0.999987006 0.005028712 -0.213233814 -0.033418745 -0.005000246 0.999428928 12.310846329
0.999363422 -0.000382172 0.035672233 0.078620672 0.000237031 0.999991655 0.004072865 -0.218127176 -0.035673499 -0.004061816 0.999355316 12.514431953
0.999306023 0.000241550 0.037247635 0.098894030 -0.000350704 0.999995649 0.002923993 -0.226790383 -0.037246771 -0.002935027 0.999301851 12.715390205
0.999178231 0.002627438 0.040445380 0.095158190 -0.002718988 0.999993861 0.002208709 -0.234000370 -0.040439326 -0.002316865 0.999179304 12.868639946
0.999101520 0.005580488 0.042010933 0.097631782 -0.005647975 0.999982953 0.001487913 -0.238910630 -0.042001918 -0.001723853 0.999116123 13.038353920
0.999034941 0.007095703 0.043344859 0.103384048 -0.007100341 0.999974787 -0.000046987 -0.244652063 -0.043344099 -0.000260822 0.999060214 13.192962646
0.998949468 0.006216666 0.045402065 0.111002922 -0.006151296 0.999979794 -0.001579402 -0.253516614 -0.045410968 0.001298461 0.998967588 13.344811440
0.998878837 0.005290967 0.047040470 0.114555180 -0.005155508 0.999982178 -0.003000489 -0.257499099 -0.047055513 0.002754609 0.998888493 13.478662491
0.998824418 0.004102282 0.048301227 0.125142276 -0.003909530 0.999984026 -0.004084434 -0.257398099 -0.048317209 0.003890798 0.998824477 13.618415833
0.998759687 0.004823694 0.049555387 0.134626150 -0.004559701 0.999974847 -0.005438895 -0.260794997 -0.049580369 0.005206192 0.998756588 13.753126144
0.998686671 0.005403495 0.050948288 0.138536155 -0.005042190 0.999961197 -0.007217482 -0.268962055 -0.050985307 0.006951112 0.998675227 13.869109154
0.998630404 0.005772481 0.051999684 0.142966211 -0.005263240 0.999936938 -0.009924787 -0.265700907 -0.052053690 0.009637509 0.998597801 13.996992111
0.998605609 0.004865990 0.052565873 0.153728545 -0.004246848 0.999920428 -0.011883680 -0.272293836 -0.052619509 0.011643870 0.998546720 14.121067047
0.998628259 0.004238107 0.052188005 0.159389734 -0.003520910 0.999898195 -0.013826832 -0.274153411 -0.052241288 0.013624117 0.998541534 14.245366096
0.998734534 0.003707638 0.050155919 0.165039241 -0.002951113 0.999880910 -0.015149127 -0.278014481 -0.050206106 0.014981940 0.998626590 14.370189667
0.998884022 0.003708196 0.047085032 0.168273687 -0.002965652 0.999870360 -0.015830345 -0.282664895 -0.047137626 0.015673041 0.998765469 14.497791290
0.999061882 0.004398116 0.043081127 0.171400249 -0.003654227 0.999843121 -0.017330727 -0.281198144 -0.043150593 0.017157041 0.998921275 14.623793602
0.999304771 0.004077626 0.037057590 0.173553377 -0.003399809 0.999826133 -0.018335566 -0.285987377 -0.037125912 0.018196831 0.999144912 14.759541512
0.999531865 0.003979304 0.030338079 0.170289397 -0.003400930 0.999811947 -0.019092124 -0.291118264 -0.030408353 0.018980006 0.999357283 14.877298355
0.999721169 0.004008933 0.023271594 0.163366273 -0.003549823 0.999798954 -0.019736238 -0.293330938 -0.023346035 0.019648125 0.999534369 15.007211685
0.999879599 0.003832479 0.015037611 0.161510497 -0.003520640 0.999779344 -0.020709170 -0.293743402 -0.015113655 0.020653738 0.999672532 15.138500214
0.999981999 0.003281144 0.005016483 0.152502805 -0.003170097 0.999753237 -0.021986190 -0.296888888 -0.005087383 0.021969896 0.999745727 15.263098717
0.999965608 0.001418489 -0.008170888 0.146751359 -0.001611129 0.999719799 -0.023618344 -0.300125033 0.008135092 0.023630695 0.999687672 15.414299011
0.999715209 0.000402829 -0.023861244 0.121124089 -0.001011917 0.999673724 -0.025519645 -0.305170387 0.023843182 0.025536520 0.999389529 15.551783562
0.999065161 0.001026573 -0.043220237 0.095131218 -0.002183665 0.999640167 -0.026733307 -0.305244029 0.043177243 0.026802691 0.998707891 15.726655960
0.997871161 0.001518452 -0.065198995 0.062787890 -0.003230308 0.999652624 -0.026158486 -0.311482310 0.065136626 0.026313413 0.997529387 15.906756401
0.996070743 0.002215711 -0.088533469 0.015835166 -0.004440974 0.999678910 -0.024945654 -0.317104638 0.088449776 0.025240812 0.995760739 16.108873367
0.993318081 0.003280238 -0.115362376 -0.032742381 -0.006006507 0.999710679 -0.023292545 -0.324396670 0.115252592 0.023829835 0.993050337 16.325515747
0.989395618 0.004319558 -0.145181447 -0.108479261 -0.007430953 0.999754012 -0.020895621 -0.333420753 0.145055488 0.021752873 0.989184439 16.558181763
0.983969450 0.004243459 -0.178286508 -0.166945457 -0.007471786 0.999820113 -0.017439988 -0.339844018 0.178180411 0.018492537 0.983824074 16.781101227
0.976604104 0.005232158 -0.214981496 -0.257750988 -0.008348876 0.999872804 -0.013592124 -0.342572153 0.214883000 0.015068977 0.976523578 17.035181046
0.966994941 0.006914326 -0.254701734 -0.366113186 -0.009375894 0.999920309 -0.008451721 -0.343726754 0.254622996 0.010560831 0.966982722 17.298555374
0.955184579 0.011087116 -0.295803338 -0.499774456 -0.012615606 0.999915063 -0.003259116 -0.353080481 0.295742124 0.006844797 0.955243289 17.575601578
0.940993369 0.014245624 -0.338125110 -0.623277664 -0.014756867 0.999890566 0.001058636 -0.353025675 0.338103116 0.003993498 0.941100597 17.835594177
0.924242973 0.016824026 -0.381434083 -0.774129868 -0.015345233 0.999858320 0.006918414 -0.359261990 0.381496400 -0.000541101 0.924370229 18.111658096
0.904951215 0.020189468 -0.425036073 -0.949824333 -0.015525050 0.999775231 0.014435288 -0.360135496 0.425231993 -0.006464524 0.905061305 18.401596069
0.883329332 0.024646655 -0.468104541 -1.140056610 -0.016688569 0.999637187 0.021141030 -0.364285290 0.468455732 -0.010862498 0.883420169 18.670122147
0.858382106 0.029840585 -0.512142181 -1.329078674 -0.019457571 0.999482274 0.025623940 -0.363993794 0.512641609 -0.012030090 0.858518362 18.932359695
0.830338955 0.032700665 -0.556298375 -1.548768997 -0.019915259 0.999380469 0.029020373 -0.362120062 0.556902766 -0.013017919 0.830475628 19.200286865
0.799276769 0.037027244 -0.599821448 -1.788556099 -0.022969957 0.999253094 0.031076301 -0.361587405 0.600524068 -0.011060693 0.799530149 19.458059311
0.765435398 0.039740924 -0.642284572 -2.070732117 -0.023210350 0.999146760 0.034160864 -0.354591191 0.643094182 -0.011240281 0.765704632 19.739215851
0.729001462 0.043349836 -0.683138072 -2.384313583 -0.024272833 0.999002099 0.037491169 -0.336805701 0.684081614 -0.010749420 0.729326248 20.006637573
0.689963341 0.043974511 -0.722507179 -2.713981628 -0.021731704 0.998961389 0.040047709 -0.317445397 0.723517954 -0.011930140 0.690202475 20.274314880
0.648761034 0.043874484 -0.759726346 -3.063890457 -0.019344904 0.998964787 0.041171193 -0.301623821 0.760746300 -0.012013433 0.648938179 20.534339905
0.606063485 0.042906575 -0.794258237 -3.442337036 -0.014336850 0.998970985 0.043025542 -0.289131939 0.795287132 -0.014689046 0.606055021 20.785871506
0.561864197 0.042646199 -0.826129496 -3.847474098 -0.009192576 0.998930454 0.045314457 -0.273945451 0.827178419 -0.017866313 0.561655283 21.021390915
0.514789462 0.043893375 -0.856192350 -4.281742096 -0.007043850 0.998871267 0.046972789 -0.252705038 0.857287765 -0.018150205 0.514517605 21.247858047
0.465671301 0.043430608 -0.883891463 -4.750189304 -0.006223248 0.998930991 0.045804489 -0.227579951 0.884935856 -0.015829159 0.465443820 21.442085266
0.413403243 0.042328913 -0.909563661 -5.237778664 -0.000761579 0.998934567 0.046141881 -0.208438039 0.910547733 -0.018382499 0.412995100 21.631721497
0.358768046 0.041813813 -0.932489693 -5.723544598 0.004395822 0.998909354 0.046483401 -0.192131042 0.933416367 -0.020775821 0.358193040 21.801137924
0.304076225 0.040744420 -0.951775968 -6.250618935 0.007309774 0.998955846 0.045099474 -0.168410361 0.952619672 -0.020670949 0.303460896 21.942407608
0.251272321 0.046644881 -0.966791868 -6.819718361 0.008155028 0.998700678 0.050303899 -0.139625788 0.967882037 -0.020524196 0.250565439 22.048133850
0.200491413 0.051900186 -0.978319764 -7.405577660 0.010735273 0.998419523 0.055166505 -0.114958227 0.979636610 -0.021562945 0.199617401 22.132606506
0.151811138 0.052988537 -0.986988127 -8.011760712 0.016650490 0.998283148 0.056155991 -0.086276889 0.988269269 -0.024958946 0.150668249 22.215593338
0.107374668 0.054440487 -0.992727041 -8.631099701 0.018909222 0.998207211 0.056786269 -0.063704610 0.994038820 -0.024869101 0.106152773 22.257415771
0.067439958 0.052798785 -0.996325314 -9.263147354 0.018883759 0.998352408 0.054184433 -0.037081778 0.997544527 -0.022468561 0.066331819 22.264907837
0.031645700 0.048238207 -0.998334408 -9.899770737 0.016786316 0.998668194 0.048786424 -0.000939608 0.999358177 -0.018302234 0.030793803 22.263359070
0.003322106 0.047978528 -0.998842835 -10.575946808 0.014174366 0.998745799 0.048021000 0.036399782 0.999893963 -0.014317496 0.002637871 22.237510681
-0.017451443 0.052040417 -0.998492539 -11.278817177 0.013093341 0.998570919 0.051815644 0.066994160 0.999761939 -0.012169344 -0.018107884 22.204456329
-0.030844498 0.058493726 -0.997811139 -11.996072769 0.015062883 0.998199999 0.058050893 0.094257772 0.999410689 -0.013239362 -0.031670056 22.187797546
-0.038777605 0.060911059 -0.997389674 -12.739936829 0.014639341 0.998067915 0.060383320 0.129931271 0.999140620 -0.012259607 -0.039594382 22.149999619
-0.042594343 0.058141951 -0.997399151 -13.497454643 0.015621915 0.998221934 0.057522774 0.163364768 0.998970330 -0.013131139 -0.043426894 22.109817505
-0.041689675 0.054247014 -0.997656822 -14.274713516 0.023055226 0.998311400 0.053319175 0.200215638 0.998864532 -0.020778347 -0.042869948 22.082754135
-0.037731752 0.052740727 -0.997895122 -15.085103989 0.035045143 0.998061776 0.051424436 0.245726645 0.998673141 -0.033031046 -0.039506920 22.072868347
-0.031891897 0.053015243 -0.998084188 -15.906435966 0.035412021 0.998025179 0.051880576 0.282247245 0.998863757 -0.033689611 -0.033706293 22.045976639
-0.026851289 0.051657468 -0.998303831 -16.757936478 0.033498108 0.998149455 0.050748494 0.312185407 0.999077976 -0.032078627 -0.028532030 22.016878128
-0.023869516 0.045121368 -0.998696327 -17.622667313 0.037232600 0.998328030 0.044214845 0.351810455 0.999021530 -0.036128677 -0.025509590 22.007833481
-0.021691496 0.034218356 -0.999178946 -18.512315750 0.034791630 0.998834610 0.033451270 0.387828350 0.999159276 -0.034037445 -0.022856731 21.985057831
-0.020964291 0.026169550 -0.999437630 -19.405960083 0.027295865 0.999299705 0.025593378 0.408882558 0.999407530 -0.026743967 -0.021663930 21.946973801
-0.022192292 0.022958923 -0.999490082 -20.322538376 0.021509482 0.999515831 0.022481933 0.437315971 0.999522328 -0.020999586 -0.022675376 21.911966324
-0.025835618 0.029502856 -0.999230683 -21.276638031 0.012470750 0.999496162 0.029188255 0.451742321 0.999588370 -0.011707059 -0.026190531 21.872934341
-0.030799614 0.037786901 -0.998811066 -22.243274689 0.007884313 0.999263227 0.037560884 0.475732774 0.999494493 -0.006718078 -0.031074846 21.824493408
-0.035207789 0.047230180 -0.998263419 -23.218503952 0.006340668 0.998873174 0.047035400 0.510025442 0.999359906 -0.004673644 -0.035467584 21.774503708
-0.037133690 0.056976918 -0.997684658 -24.253852844 0.004615393 0.998372376 0.056844417 0.556198418 0.999299586 -0.002493864 -0.037336234 21.743831635
-0.038156442 0.064814411 -0.997167528 -25.273353577 0.006675739 0.997888565 0.064605825 0.601542413 0.999249399 -0.004191702 -0.038508572 21.703592300
-0.039656844 0.065676942 -0.997052610 -26.302490234 0.007711864 0.997827947 0.065421276 0.655566931 0.999183655 -0.005094733 -0.040077191 21.661062241
-0.041550960 0.062678345 -0.997168422 -27.312711716 0.006355873 0.998026729 0.062467452 0.709939003 0.999116123 -0.003742293 -0.041867349 21.611148834
-0.044055291 0.057952959 -0.997346878 -28.327741623 0.006216707 0.998312712 0.057734482 0.749948978 0.999009728 -0.003656704 -0.044341233 21.562276840
-0.048678633 0.052763849 -0.997419834 -29.349727631 0.006192640 0.998600364 0.052524079 0.795337319 0.998795331 -0.003619862 -0.048937250 21.504261017
-0.053657204 0.048347481 -0.997388303 -30.365201950 0.005726607 0.998825669 0.048109077 0.830972612 0.998543024 -0.003130252 -0.053871054 21.430086136
-0.061276000 0.046145801 -0.997053564 -31.425357819 0.005685663 0.998930633 0.045883249 0.874515951 0.998104692 -0.002857369 -0.061472844 21.374134064
-0.067705899 0.048684854 -0.996516764 -32.470039368 0.005803976 0.998811007 0.048402604 0.914283276 0.997688532 -0.002506618 -0.067907982 21.294448853
-0.074130423 0.053753451 -0.995798826 -33.538360596 0.004790023 0.998553932 0.053545598 0.949487090 0.997237146 -0.000800541 -0.074280694 21.209735870
-0.080043264 0.056714393 -0.995176673 -34.598087311 0.001678115 0.998386383 0.056762330 0.992271662 0.996789932 0.002873422 -0.080009267 21.109197617
-0.084955841 0.059087820 -0.994631231 -35.678024292 -0.000844161 0.998235524 0.059374042 1.040052533 0.996384263 0.005883800 -0.084756047 21.013038635
-0.087541029 0.060111739 -0.994345605 -36.762229919 -0.005665776 0.998131633 0.060839411 1.092574596 0.996144831 0.010959683 -0.087036878 20.907850266
-0.089345671 0.061188228 -0.994119406 -37.834171295 -0.009769599 0.998009384 0.062305685 1.146801114 0.995952785 0.015278890 -0.088570036 20.800840378
-0.090598255 0.060902409 -0.994023561 -38.906963348 -0.010894472 0.998008013 0.062139485 1.193842411 0.995827854 0.016459091 -0.089754283 20.691427231
-0.092067860 0.060075715 -0.993938863 -39.985755920 -0.011750993 0.998043299 0.061412282 1.244057655 0.995683372 0.017333863 -0.091181777 20.583122253
-0.093302757 0.059286796 -0.993871033 -41.073886871 -0.012540104 0.998076379 0.060714893 1.297388911 0.995558798 0.018128114 -0.092379816 20.482172012
-0.094335422 0.058472086 -0.993821800 -42.161209106 -0.014886769 0.998079181 0.060135648 1.348894477 0.995429099 0.020467717 -0.093283772 20.368322372
-0.094837256 0.055935461 -0.993920088 -43.242427826 -0.019383386 0.998127103 0.058021735 1.397916794 0.995303988 0.024768157 -0.093575411 20.252513885
-0.095196873 0.051055022 -0.994148374 -44.325153351 -0.024201371 0.998270035 0.053584151 1.444933534 0.995164216 0.029160798 -0.093796574 20.142795563
-0.094366506 0.050423596 -0.994259655 -45.432388306 -0.025915362 0.998253644 0.053085811 1.487543941 0.995200098 0.030776119 -0.092894964 20.028083801
-0.092955299 0.054649346 -0.994169414 -46.542617798 -0.026979558 0.997987628 0.057381842 1.533530831 0.995304644 0.032156195 -0.091293834 19.923393250
-0.090781242 0.057975419 -0.994181752 -47.641090393 -0.026890559 0.997797310 0.060641699 1.576024055 0.995507836 0.032239236 -0.089022294 19.815418243
-0.089443102 0.057455663 -0.994333267 -48.756072998 -0.025042824 0.997889280 0.059913814 1.632067204 0.995677054 0.030259792 -0.087815493 19.714262009
-0.086937658 0.056569625 -0.994606256 -49.863426208 -0.024865175 0.997952163 0.058933362 1.683966875 0.995903432 0.029854588 -0.085353017 19.613372803
-0.083061852 0.056837041 -0.994922221 -51.001335144 -0.029234223 0.997803569 0.059442285 1.742455721 0.996115446 0.034023166 -0.081217818 19.512351990
-0.077377632 0.057631548 -0.995334804 -52.123104095 -0.034451734 0.997577190 0.060439672 1.795181632 0.996406436 0.038967688 -0.075204656 19.410804749
-0.071531326 0.057103064 -0.995802343 -53.252803802 -0.038191721 0.997470975 0.059942164 1.849993348 0.996706963 0.042319153 -0.069169536 19.319616318
-0.065681465 0.056372229 -0.996246994 -54.401237488 -0.039697155 0.997465014 0.059058335 1.903830528 0.997050703 0.043427207 -0.063277140 19.235343933
-0.060185879 0.055459969 -0.996645212 -55.537826538 -0.039298426 0.997549534 0.057883460 1.959061384 0.997413337 0.042650364 -0.057858907 19.167453766
-0.054509088 0.055206176 -0.996985972 -56.676788330 -0.037917715 0.997635782 0.057315268 2.008298874 0.997793019 0.040927641 -0.052286927 19.093322754
-0.049196746 0.055897456 -0.997223735 -57.817722321 -0.036754306 0.997655094 0.057734866 2.058328390 0.998112679 0.039492626 -0.047026902 19.036880493
-0.042988069 0.057423111 -0.997423887 -58.969799042 -0.036126595 0.997604549 0.058990538 2.112485170 0.998422205 0.038569421 -0.040810596 18.976619720
-0.037652493 0.058934312 -0.997551501 -60.125728607 -0.036324799 0.997518837 0.060303472 2.158627033 0.998630404 0.038506437 -0.035418302 18.931564331
-0.032626666 0.058046654 -0.997780561 -61.272270203 -0.035915207 0.997599185 0.059210494 2.209773064 0.998822093 0.037767343 -0.030463574 18.896276474
-0.027817393 0.053415794 -0.998184860 -62.420772552 -0.036079638 0.997866929 0.054404251 2.261895180 0.998961687 0.037527543 -0.025830835 18.856748581
-0.023114961 0.048086386 -0.998575568 -63.574695587 -0.036614332 0.998131871 0.048912540 2.304430962 0.999062121 0.037692796 -0.021311123 18.824491501
-0.019772533 0.047545705 -0.998673320 -64.736351013 -0.036197603 0.998179734 0.048238881 2.346985817 0.999149024 0.037103385 -0.018015502 18.802820206
-0.015789568 0.049874760 -0.998630702 -65.899566650 -0.035606846 0.998093605 0.050410930 2.387831211 0.999241114 0.036354065 -0.013983586 18.765022278
-0.014152634 0.050218128 -0.998637974 -67.076477051 -0.035069663 0.998098552 0.050688002 2.418051720 0.999284685 0.035739262 -0.012364593 18.751922607
-0.013126609 0.049659908 -0.998679876 -68.248069763 -0.036834434 0.998064101 0.050113428 2.468336821 0.999235153 0.037443634 -0.011272003 18.728387833
-0.012105631 0.050985716 -0.998625994 -69.401725769 -0.037968792 0.997955561 0.051411748 2.504956961 0.999205649 0.038538992 -0.010145014 18.709724426
-0.011411541 0.050722532 -0.998647511 -70.588539124 -0.038577199 0.997946739 0.051127754 2.547024727 0.999190450 0.039108481 -0.009431374 18.694080353
-0.010130716 0.048436373 -0.998774827 -71.760917664 -0.039063938 0.998044431 0.048797183 2.592796803 0.999185324 0.039510436 -0.008218789 18.674776077
-0.009389320 0.046841584 -0.998858213 -72.935874939 -0.037368193 0.998188019 0.047161426 2.638437748 0.999257445 0.037768338 -0.007621922 18.658346176
-0.009444799 0.046999514 -0.998850405 -74.131317139 -0.033872243 0.998306632 0.047294222 2.670665979 0.999381483 0.034279991 -0.007836827 18.653301239
-0.009206896 0.047337972 -0.998836517 -75.315231323 -0.031857643 0.998357952 0.047608938 2.715590715 0.999449968 0.032258917 -0.007683699 18.640609741
-0.008857324 0.050769977 -0.998671114 -76.498130798 -0.031271104 0.998207748 0.051023774 2.746133327 0.999471605 0.031681493 -0.007253816 18.625352859
-0.007727889 0.054455515 -0.998486280 -77.678359985 -0.033582062 0.997938693 0.054685567 2.788434982 0.999406099 0.033953842 -0.005883231 18.597217560
-0.007278310 0.054475557 -0.998488605 -78.863204956 -0.036190726 0.997846484 0.054704338 2.831251621 0.999318302 0.036534179 -0.005291127 18.577306747
-0.007490078 0.052274272 -0.998604655 -80.065948486 -0.037163671 0.997928202 0.052517597 2.874886513 0.999281049 0.037505176 -0.005531857 18.571807861
-0.006756270 0.049686506 -0.998741984 -81.244918823 -0.036996786 0.998068571 0.049903281 2.921390533 0.999292493 0.037287399 -0.004904980 18.552669525
-0.006539825 0.049431011 -0.998756111 -82.431396484 -0.034696180 0.998164833 0.049628943 2.958056450 0.999376535 0.034977589 -0.004812756 18.536041260
-0.006524189 0.050527666 -0.998701334 -83.607681274 -0.033632237 0.998146534 0.050719302 3.001874924 0.999413013 0.033919461 -0.004812739 18.528287888
-0.005310745 0.052969478 -0.998582006 -84.790794373 -0.032908969 0.998045981 0.053116061 3.046254158 0.999444306 0.033144392 -0.003557197 18.505512238
-0.005713275 0.055852059 -0.998422682 -85.948242188 -0.033237871 0.997876823 0.056011699 3.082884789 0.999431133 0.033505462 -0.003844740 18.506902695
-0.005534471 0.056114048 -0.998408973 -87.116088867 -0.034596015 0.997815788 0.056272488 3.127568960 0.999386072 0.034852419 -0.003581060 18.493150711
-0.005039044 0.053772770 -0.998540461 -88.283409119 -0.034226213 0.997958839 0.053914171 3.173224688 0.999401391 0.034447934 -0.003188319 18.477336884
-0.004789988 0.052476116 -0.998610675 -89.440841675 -0.033398543 0.998056591 0.052607197 3.213440180 0.999430597 0.033604123 -0.003028054 18.471626282
-0.004771410 0.053793926 -0.998540699 -90.603813171 -0.031845491 0.998037398 0.053918984 3.253050804 0.999481499 0.032056287 -0.003048950 18.462276459
-0.004161390 0.056250960 -0.998407900 -91.777954102 -0.029702341 0.997969210 0.056350030 3.305380583 0.999550223 0.029889552 -0.002482153 18.447082520
-0.004455979 0.058752645 -0.998262644 -92.928665161 -0.027700938 0.997882187 0.058853906 3.348890066 0.999606311 0.027915068 -0.002819038 18.451217651
-0.004277421 0.060697895 -0.998147011 -94.097709656 -0.028342091 0.997747779 0.060795080 3.395569324 0.999589026 0.028549621 -0.002547482 18.443008423
-0.003776159 0.062300511 -0.998050213 -95.260734558 -0.031198760 0.997564197 0.062388211 3.451104164 0.999506056 0.031373519 -0.001823262 18.425596237
-0.003008850 0.062010441 -0.998070896 -96.416793823 -0.033459153 0.997510314 0.062076472 3.493130684 0.999435544 0.033581384 -0.000926543 18.410625458
-0.002999419 0.057491157 -0.998341441 -97.568840027 -0.035822432 0.997699022 0.057561789 3.549235344 0.999353647 0.035935674 -0.000933044 18.395298004
-0.002374223 0.055783186 -0.998440087 -98.726425171 -0.037152883 0.997748554 0.055832904 3.598533869 0.999306738 0.037227485 -0.000296372 18.380176544
-0.002325732 0.054220535 -0.998526275 -99.887924194 -0.036813840 0.997847497 0.054269422 3.638134956 0.999319434 0.036885802 -0.000324659 18.379161835
-0.002286030 0.054605681 -0.998505354 -101.051200867 -0.035572100 0.997871697 0.054652456 3.684720278 0.999364495 0.035643876 -0.000338725 18.380735397
-0.002252381 0.056853417 -0.998380005 -102.198791504 -0.035746392 0.997739792 0.056897622 3.728054523 0.999358296 0.035816632 -0.000214985 18.368043900
-0.002183947 0.058838733 -0.998265147 -103.364013672 -0.034512646 0.997668266 0.058879055 3.776050329 0.999401927 0.034581359 -0.000148175 18.364435196
-0.002858305 0.057822891 -0.998322785 -104.522949219 -0.038377013 0.997585058 0.057890039 3.827014208 0.999259174 0.038478110 -0.000632333 18.352954865
-0.002785151 0.058902796 -0.998259902 -105.690124512 -0.041871503 0.997381330 0.058967784 3.881725788 0.999119103 0.041962877 -0.000311509 18.338098526
-0.003168714 0.058304325 -0.998293817 -106.862304688 -0.045398101 0.997261167 0.058388103 3.931036711 0.998963952 0.045505669 -0.000513130 18.320810318
-0.003678020 0.054022517 -0.998532891 -108.039855957 -0.046205036 0.997464061 0.054134887 3.985449314 0.998925209 0.046336364 -0.001172580 18.317955017
-0.003943884 0.050604522 -0.998710930 -109.211860657 -0.046017844 0.997651458 0.050732564 4.024744034 0.998932958 0.046158601 -0.001605910 18.300537109
-0.005081706 0.049682688 -0.998752117 -110.406890869 -0.042596515 0.997847676 0.049854435 4.071012974 0.999079466 0.042796701 -0.002954460 18.294160843
-0.005311731 0.049201608 -0.998774707 -111.591323853 -0.038356878 0.998043776 0.049369588 4.109492302 0.999249995 0.038572118 -0.003414120 18.290727615
-0.005487249 0.050749335 -0.998696387 -112.800086975 -0.037379902 0.998003006 0.050919488 4.160624504 0.999286056 0.037610583 -0.003579285 18.277444839
-0.006355847 0.054889336 -0.998472214 -114.051910400 -0.036731355 0.997805774 0.055086512 4.198133945 0.999304950 0.037025355 -0.004325742 18.265207291
-0.006827029 0.055021301 -0.998461783 -115.271255493 -0.035140995 0.997855186 0.055228155 4.259480953 0.999359071 0.035463989 -0.004878883 18.256460190
-0.007990920 0.050610863 -0.998686433 -116.493560791 -0.034961637 0.998093665 0.050860561 4.310364723 0.999356687 0.035322145 -0.006206247 18.248592377
-0.008312312 0.046836838 -0.998867929 -117.729217529 -0.035199739 0.998269737 0.047101710 4.353066921 0.999345779 0.035551414 -0.006649285 18.227329254
-0.008789505 0.045484878 -0.998926282 -118.973915100 -0.034255527 0.998364925 0.045760714 4.394912243 0.999374449 0.034620956 -0.007217027 18.212413788
-0.009677722 0.046569511 -0.998868108 -120.214233398 -0.036228571 0.998242855 0.046891358 4.440696239 0.999296665 0.036641363 -0.007973568 18.194187164
-0.010010838 0.051441424 -0.998625875 -121.475379944 -0.040742226 0.997825563 0.051808637 4.482508659 0.999119580 0.041204888 -0.007893233 18.169485092
-0.010233673 0.054784622 -0.998445868 -122.730720520 -0.046382863 0.997397244 0.055202510 4.529940128 0.998871326 0.046875704 -0.007665971 18.138555527
-0.010136340 0.054416500 -0.998466909 -123.992797852 -0.053764801 0.997044206 0.054884769 4.585641384 0.998502195 0.054238714 -0.007180689 18.106342316
-0.009908453 0.052239362 -0.998585463 -125.251884460 -0.056955714 0.996983707 0.052720714 4.637181282 0.998327553 0.057397526 -0.006903236 18.076797485
-0.010565796 0.050922867 -0.998646677 -126.519866943 -0.059436992 0.996904552 0.051462889 4.690338612 0.998176098 0.059900299 -0.007506389 18.058315277
-0.011386507 0.050110128 -0.998678744 -127.782112122 -0.059250046 0.996954799 0.050699171 4.733613014 0.998178184 0.059749044 -0.008382807 18.040159225
-0.011361051 0.049723640 -0.998698413 -129.077423096 -0.057386808 0.997084260 0.050296102 4.778413773 0.998287380 0.057883527 -0.008474446 18.015495300
-0.012037859 0.050469514 -0.998653114 -130.332214355 -0.057381611 0.997044683 0.051079925 4.821215153 0.998279810 0.057919208 -0.009106264 17.998336792
-0.012653756 0.055480156 -0.998379529 -131.592147827 -0.057446044 0.996770024 0.056118805 4.866799831 0.998268366 0.058063071 -0.009425770 17.978479385
-0.013160926 0.059601866 -0.998135388 -132.872924805 -0.056627084 0.996575475 0.060255360 4.919486523 0.998308659 0.057314508 -0.009740777 17.956222534
-0.013041824 0.058638554 -0.998194098 -134.124664307 -0.056689419 0.996629953 0.059287343 4.966667652 0.998306692 0.057360265 -0.009673688 17.924705505
-0.012260441 0.056714818 -0.998315156 -135.383728027 -0.056514464 0.996755004 0.057320256 5.024544716 0.998326480 0.057122011 -0.009015447 17.911672592
-0.010930649 0.056063496 -0.998367369 -136.633316040 -0.055465583 0.996855915 0.056585878 5.077687263 0.998400688 0.055993550 -0.007786689 17.889526367
-0.010226140 0.055225670 -0.998421550 -137.880386353 -0.055824537 0.996885121 0.055712454 5.124725819 0.998388171 0.056306139 -0.007111338 17.876008987
-0.009363944 0.057455428 -0.998304129 -139.138717651 -0.056097608 0.996745408 0.057891905 5.176079273 0.998381376 0.056544576 -0.006110357 17.860519409
-0.008737164 0.061131522 -0.998091459 -140.387161255 -0.057103254 0.996470213 0.061532099 5.228153229 0.998330057 0.057531893 -0.005215514 17.842422485
-0.007514636 0.061944973 -0.998051286 -141.637939453 -0.058776550 0.996326506 0.062280465 5.287970066 0.998242855 0.059130032 -0.003846118 17.823911667
-0.005929070 0.059333540 -0.998220563 -142.901184082 -0.060830478 0.996368051 0.059584744 5.338524342 0.998130620 0.061075505 -0.002298248 17.805635452
-0.006239880 0.056432355 -0.998386919 -144.139526367 -0.059376661 0.996623874 0.056703806 5.388625145 0.998216212 0.059634712 -0.002868048 17.798784256
-0.005955775 0.054955635 -0.998471022 -145.378082275 -0.056275219 0.996887922 0.055204175 5.431366444 0.998397529 0.056517955 -0.002844600 17.790864944
-0.006687464 0.054212291 -0.998507023 -146.609191895 -0.054467823 0.997027218 0.054496747 5.478078365 0.998493075 0.054750945 -0.003714758 17.785846710
-0.006730369 0.055145215 -0.998455703 -147.838760376 -0.052216019 0.997096717 0.055422142 5.515147209 0.998613119 0.052508395 -0.003831366 17.777248383
-0.006613655 0.053512342 -0.998545289 -149.093582153 -0.050438020 0.997278214 0.053778507 5.571880341 0.998705268 0.050720319 -0.003896599 17.765048981
-0.006421540 0.053069547 -0.998570204 -150.337356567 -0.049446352 0.997352362 0.053322807 5.626791954 0.998756170 0.049718063 -0.003780443 17.751214981
-0.006798715 0.055914231 -0.998412490 -151.567993164 -0.047751158 0.997278214 0.056175888 5.674868584 0.998836100 0.048057273 -0.004110242 17.743257523
-0.006903569 0.057321593 -0.998331904 -152.797805786 -0.044965100 0.997328043 0.057574894 5.724421501 0.998964727 0.045287557 -0.004307652 17.735160828
-0.006757285 0.055897668 -0.998413622 -154.025680542 -0.043008223 0.997496307 0.056137387 5.773896694 0.999051929 0.043319326 -0.004336306 17.718393326
-0.007825722 0.056277372 -0.998384476 -155.261001587 -0.043712858 0.997441530 0.056566842 5.824325085 0.999013484 0.044084918 -0.005345655 17.711383820
-0.007798448 0.060920227 -0.998112142 -156.490661621 -0.044542275 0.997130632 0.061208330 5.878801823 0.998977065 0.044935513 -0.005062546 17.698356628
-0.007328616 0.067601681 -0.997685492 -157.721603394 -0.049571212 0.996461093 0.067882843 5.930545807 0.998743653 0.049953967 -0.003951585 17.682878494
-0.006102106 0.067906134 -0.997673035 -158.970184326 -0.053939477 0.996216774 0.068136923 5.985342979 0.998525560 0.054229740 -0.002416199 17.661413193
-0.004946503 0.063760407 -0.997952998 -160.199188232 -0.057829179 0.996276736 0.063939959 6.049755096 0.998314202 0.058027070 -0.001240874 17.641984940
-0.002922388 0.058806118 -0.998265147 -161.421600342 -0.059537057 0.996488452 0.058875736 6.096832275 0.998221815 0.059605833 0.000589017 17.625514984
-0.002576766 0.057446368 -0.998345256 -162.642044067 -0.062121373 0.996411204 0.057495415 6.147570610 0.998065352 0.062166724 0.001001129 17.616918564
-0.001041216 0.054291420 -0.998524606 -163.849777222 -0.057315953 0.996880352 0.054261785 6.189762115 0.998355508 0.057287887 0.002073797 17.621850967
-0.000724561 0.049561560 -0.998770773 -165.064636230 -0.054315191 0.997294784 0.049527720 6.240528107 0.998523593 0.054284308 0.001969345 17.613275528
-0.001044423 0.045966182 -0.998942554 -166.300628662 -0.048107397 0.997784078 0.045963183 6.284546852 0.998841643 0.048104536 0.001169205 17.615379333
-0.002196544 0.048934627 -0.998799562 -167.528488159 -0.045861177 0.997746050 0.048983883 6.328824043 0.998945475 0.045913719 0.000052606 17.613550186
-0.001303893 0.055177715 -0.998475671 -168.759918213 -0.046865899 0.997376084 0.055178151 6.375687599 0.998900294 0.046866409 0.001285481 17.602088928
0.000230079 0.058704596 -0.998275399 -169.971267700 -0.048136786 0.997118771 0.058625489 6.419167042 0.998840749 0.048040271 0.003055267 17.597114563
0.001677596 0.055152077 -0.998476565 -171.185379028 -0.048979048 0.997284055 0.055003922 6.471380234 0.998798430 0.048812158 0.004374336 17.594137192
0.002386828 0.055715740 -0.998443782 -172.407669067 -0.051176861 0.997145116 0.055520929 6.519361973 0.998686731 0.050964694 0.005231371 17.594137192
0.003705413 0.056646090 -0.998387456 -173.619979858 -0.049913198 0.997160316 0.056391224 6.567187786 0.998746693 0.049623750 0.006522279 17.587924957
0.003970762 0.054393854 -0.998511612 -174.825454712 -0.049508546 0.997305751 0.054131281 6.617391586 0.998765826 0.049219925 0.006653024 17.594030380
0.006241925 0.052793205 -0.998585939 -176.028427124 -0.050323550 0.997356594 0.052413657 6.662614346 0.998713434 0.049925223 0.008882167 17.587360382
0.007223415 0.054745398 -0.998474181 -177.190109253 -0.051178273 0.997211933 0.054305941 6.701992035 0.998663366 0.050707906 0.010005052 17.602853775
0.009106616 0.056725089 -0.998348296 -178.307586670 -0.051448919 0.997093856 0.056184527 6.733550072 0.998634100 0.050852288 0.011998598 17.594730377
0.009503284 0.058090828 -0.998266041 -179.395172119 -0.052403629 0.996968269 0.057516433 6.767997265 0.998580813 0.051766176 0.012518642 17.599462509
0.009940740 0.059568465 -0.998174727 -180.482574463 -0.052618306 0.996872187 0.058966707 6.799369812 0.998565197 0.051936086 0.013044039 17.599374771
0.009365489 0.060450561 -0.998127282 -181.534896851 -0.051871218 0.996856570 0.059886891 6.838243008 0.998609841 0.051213209 0.012471691 17.613250732
0.010389470 0.059580863 -0.998169363 -182.560226440 -0.052463900 0.996880889 0.058957875 6.875548840 0.998568773 0.051755328 0.013482909 17.610654831
0.011792637 0.059750266 -0.998143613 -183.536178589 -0.053271826 0.996833086 0.059042424 6.906827450 0.998510420 0.052476671 0.014938296 17.618707657
0.012969606 0.060382377 -0.998091042 -184.504913330 -0.053942263 0.996763706 0.059601136 6.941616535 0.998459816 0.053066280 0.016184794 17.632074356
0.012639703 0.058841161 -0.998187304 -185.439987183 -0.052658748 0.996921062 0.058099706 6.971277237 0.998532593 0.051828943 0.015699286 17.637287140
0.009130403 0.055722106 -0.998404562 -186.375564575 -0.050073270 0.997219086 0.055198021 7.004399776 0.998703837 0.049489401 0.011895199 17.648311615
0.004044144 0.052226510 -0.998627126 -187.301467896 -0.049862258 0.997403562 0.051960595 7.034244537 0.998747945 0.049583666 0.006637777 17.649042130
-0.000730475 0.049219128 -0.998787701 -188.225189209 -0.051602110 0.997455537 0.049191210 7.066497803 0.998667419 0.051575493 0.001811194 17.638916016
-0.004376581 0.048257098 -0.998825371 -189.157989502 -0.053815018 0.997376144 0.048422888 7.100964546 0.998541296 0.053963736 -0.001768141 17.625898361
-0.007012122 0.049265373 -0.998761117 -190.074645996 -0.055550583 0.997224152 0.049579568 7.125161171 0.998431206 0.055829421 -0.004255938 17.605375290
-0.008921496 0.050673828 -0.998675406 -191.005752563 -0.054456532 0.997208476 0.051085867 7.161256313 0.998476386 0.054840162 -0.006137071 17.590641022
-0.010918273 0.052279826 -0.998572767 -191.928848267 -0.051035646 0.997301638 0.052771300 7.189581394 0.998637140 0.051538978 -0.008220676 17.592559814
-0.012157569 0.052317198 -0.998556495 -192.843505859 -0.049497221 0.997374654 0.052857913 7.226674080 0.998700202 0.050068390 -0.009536094 17.575601578
-0.012976725 0.051201660 -0.998604000 -193.742782593 -0.050060619 0.997402430 0.051790584 7.258844852 0.998661816 0.050662808 -0.010379831 17.558692932
-0.013790688 0.050338723 -0.998636961 -194.659667969 -0.051809400 0.997354448 0.050989531 7.284013748 0.998561800 0.052441962 -0.011146186 17.537265778
-0.013847122 0.050136745 -0.998646319 -195.563507080 -0.055081971 0.997187316 0.050827257 7.309170723 0.998385787 0.055711221 -0.011046545 17.523389816
-0.013479291 0.047984134 -0.998757064 -196.480026245 -0.057808075 0.997139812 0.048686609 7.344843388 0.998236656 0.058392491 -0.010666869 17.508838654
-0.012466384 0.045960542 -0.998865426 -197.391250610 -0.057813723 0.997238874 0.046607245 7.364809036 0.998249471 0.058329158 -0.009774812 17.493347168
-0.011795773 0.043202858 -0.998996735 -198.315017700 -0.057823069 0.997364879 0.043815039 7.395543098 0.998257160 0.058281887 -0.009266568 17.471786499
-0.010653541 0.043070477 -0.999015212 -199.223571777 -0.057379168 0.997399390 0.043612700 7.419046402 0.998295605 0.057787277 -0.008154488 17.456237793
-0.010831741 0.045768611 -0.998893380 -200.157028198 -0.054998461 0.997412503 0.046297155 7.446892738 0.998427689 0.055439070 -0.008286512 17.454971313
-0.010384013 0.046929326 -0.998844147 -201.095626831 -0.054420851 0.997391164 0.047426809 7.475714207 0.998463988 0.054850437 -0.007802989 17.436599731
-0.009546214 0.043321848 -0.999015570 -202.021560669 -0.049440973 0.997818708 0.043742388 7.504069328 0.998731434 0.049809873 -0.007383518 17.430164337
-0.009117444 0.040193576 -0.999150336 -202.957748413 -0.047945336 0.998025000 0.040585831 7.533811569 0.998808324 0.048274625 -0.007172343 17.418849945
-0.008725382 0.040602550 -0.999137282 -203.899398804 -0.052580751 0.997774363 0.041006342 7.565667629 0.998578548 0.052893188 -0.006571051 17.400476456
-0.007494304 0.044427127 -0.998984575 -204.844253540 -0.053387545 0.997570097 0.044764724 7.594899178 0.998545766 0.053668819 -0.005104238 17.392080307
-0.005014971 0.044127174 -0.999013305 -205.825119019 -0.051259909 0.997701168 0.044326536 7.626914978 0.998672783 0.051431619 -0.002741487 17.375965118
-0.002895614 0.045102514 -0.998978138 -206.785766602 -0.050070923 0.997722805 0.045190968 7.666381359 0.998741388 0.050150622 -0.000630696 17.371982574
-0.001732025 0.049490172 -0.998773038 -207.754623413 -0.051118519 0.997464478 0.049513977 7.703593731 0.998691142 0.051141556 0.000802231 17.370944977
0.000110948 0.053919632 -0.998545289 -208.756561279 -0.048129719 0.997388363 0.053851813 7.733480453 0.998841107 0.048053723 0.002705795 17.373878479
0.001367999 0.054211177 -0.998528600 -209.747329712 -0.047643676 0.997399092 0.054084588 7.776427269 0.998863399 0.047499582 0.003947261 17.372501373
0.003006578 0.055206303 -0.998470485 -210.763824463 -0.050955314 0.997186303 0.054981876 7.816862106 0.998696387 0.050712071 0.005811173 17.372665405
0.006325101 0.057168119 -0.998344541 -211.793228149 -0.053688046 0.996943951 0.056747764 7.860206604 0.998537719 0.053240228 0.009375015 17.366209030
0.009622797 0.057365905 -0.998306870 -212.821609497 -0.054858342 0.996879816 0.056755118 7.906356812 0.998447835 0.054219309 0.012739771 17.376365662
0.012638230 0.054606523 -0.998428047 -213.844375610 -0.057577748 0.996890664 0.053793624 7.949290276 0.998261094 0.056807376 0.015743053 17.377738953
