1.000000000 -0.000000000 0.000000000 0.000000000 -0.000000000 1.000000000 0.000000000 0.000000000 0.000000000 0.000000000 1.000000000 0.000000000
0.999933839 -0.002512862 0.011226792 0.015830355 0.002501666 0.999996364 0.001011122 -0.003898981 -0.011229292 -0.000982969 0.999936461 0.295658559
0.999829113 -0.004530338 0.017922288 0.026226535 0.004509967 0.999989152 0.001176827 -0.008644414 -0.017927425 -0.001095797 0.999838710 0.582330108
0.999777079 -0.007477676 0.019745264 0.039472580 0.007478993 0.999972045 0.000007149 -0.012791328 -0.019744767 0.000140527 0.999805033 0.887951732
0.999818146 -0.008622920 0.017009847 0.053985845 0.008657126 0.999960661 -0.001938307 -0.007664874 -0.016992463 0.002085211 0.999853432 1.204389453
0.999883056 -0.011508817 0.010069178 0.056446344 0.011543257 0.999927700 -0.003369015 -0.010731960 -0.010029677 0.003484852 0.999943614 1.519502282
0.999912202 -0.013127341 -0.001830904 0.051865552 0.013117060 0.999898732 -0.005518212 -0.010501983 0.001903158 0.005493711 0.999983072 1.858438730
0.999752462 -0.012336478 -0.018516405 0.033958718 0.012229304 0.999907851 -0.005890158 -0.013922197 0.018587362 0.005662257 0.999811232 2.194260120
0.999233007 -0.007782714 -0.038375720 0.006713472 0.007575739 0.999955952 -0.005535852 -0.023431053 0.038417108 0.005240882 0.999248087 2.534206390
0.998308837 -0.004350904 -0.057969764 -0.039938331 0.003938305 0.999966145 -0.007229835 -0.022331860 0.057999253 0.006989307 0.998292148 2.886532307
0.996907055 -0.004245604 -0.078475520 -0.069617182 0.003666288 0.999964952 -0.007524741 -0.027503628 0.078504719 0.007213753 0.996887565 3.255596399
0.995000482 -0.005808210 -0.099701643 -0.118007943 0.005138253 0.999962389 -0.006975087 -0.029999314 0.099738397 0.006427921 0.994992912 3.633001089
0.992771924 -0.007235391 -0.119798824 -0.172365785 0.006523872 0.999958694 -0.006330405 -0.033845045 0.119839668 0.005503096 0.992778063 4.024375916
0.990501583 -0.006412340 -0.137351081 -0.245675683 0.005654895 0.999966562 -0.005904159 -0.036145635 0.137384340 0.005071372 0.990504861 4.417077541
0.988166571 -0.005118508 -0.153298870 -0.319710523 0.004361275 0.999976635 -0.005275459 -0.043320030 0.153322250 0.004544453 0.988165855 4.824621201
0.985950053 -0.004605464 -0.166976586 -0.402441710 0.003755002 0.999978364 -0.005408665 -0.051293463 0.166997880 0.004705676 0.985946059 5.245290279
0.983826935 -0.006070596 -0.179018408 -0.493708789 0.005006747 0.999967039 -0.006393883 -0.057625148 0.179051295 0.005394175 0.983825028 5.673504829
0.982089400 -0.009997950 -0.188150167 -0.582346261 0.008598611 0.999929011 -0.008252109 -0.070055857 0.188219294 0.006486480 0.982105553 6.110139847
0.980512202 -0.008869237 -0.196258098 -0.678832352 0.006983284 0.999922574 -0.010299486 -0.076646641 0.196334258 0.008728244 0.980498135 6.573420525
0.978957653 -0.008796363 -0.203874186 -0.783344507 0.006474909 0.999906480 -0.012050959 -0.082749344 0.203961119 0.010477311 0.978922904 7.044039249
0.977273881 -0.009578312 -0.211764082 -0.899864554 0.006586836 0.999868333 -0.014827393 -0.092926323 0.211878225 0.013095567 0.977208316 7.524242401
0.975601673 -0.012970918 -0.219164684 -1.012362599 0.009593763 0.999818385 -0.016466472 -0.102241747 0.219338477 0.013962105 0.975548923 8.002265930
0.973602355 -0.019564588 -0.227410585 -1.121052861 0.015939340 0.999715090 -0.017767122 -0.113521174 0.227693394 0.013673340 0.973636806 8.516937256
0.971567512 -0.020163255 -0.235902473 -1.251634121 0.015880188 0.999673009 -0.020042125 -0.130248398 0.236229479 0.015726101 0.971570015 9.030380249
0.969495416 -0.016094003 -0.244580522 -1.403411150 0.010335190 0.999638796 -0.024810927 -0.137614280 0.244891495 0.021526294 0.969311476 9.561987877
0.967317164 -0.013017006 -0.253235102 -1.561844587 0.006191432 0.999596298 -0.027731817 -0.156183288 0.253493875 0.025257582 0.967007279 10.103729248
0.965086102 -0.015297285 -0.261486113 -1.717489481 0.007807439 0.999529600 -0.029658327 -0.174995378 0.261816859 0.026581300 0.964751482 10.656579018
0.962514102 -0.018984137 -0.270566434 -1.866387129 0.010823176 0.999441326 -0.031622805 -0.197540864 0.271015644 0.027509008 0.962181807 11.223475456
0.960320652 -0.018424399 -0.278289229 -2.044126987 0.009315736 0.999377847 -0.034017995 -0.220411465 0.278742790 0.030075712 0.959894776 11.794336319
0.957982481 -0.017441496 -0.286296189 -2.232239246 0.006963206 0.999269485 -0.037576914 -0.247297838 0.286742389 0.034004483 0.957404077 12.390840530
0.955697238 -0.018087918 -0.293795437 -2.426093102 0.005740841 0.999065757 -0.042834267 -0.277224720 0.294295698 0.039249957 0.954908013 12.991187096
0.953920901 -0.019697355 -0.299410790 -2.620352983 0.004834297 0.998722374 -0.050300978 -0.313198388 0.300018996 0.046535719 0.952797472 13.600399017
0.952544093 -0.020428926 -0.303714305 -2.825681686 0.002825254 0.998295784 -0.058288112 -0.350794643 0.304387450 0.054663930 0.950978518 14.220043182
0.951260567 -0.020235132 -0.307723373 -3.042738676 -0.000519707 0.997738242 -0.067215376 -0.389907718 0.308387488 0.064099267 0.949098766 14.839463234
0.949992955 -0.019526448 -0.311660022 -3.263348579 -0.004458860 0.997093141 -0.076062307 -0.440212488 0.312239230 0.073648304 0.947144449 15.481824875
0.948724926 -0.019040748 -0.315528750 -3.495357990 -0.007627984 0.996514440 -0.083070867 -0.492932737 0.316010624 0.081218243 0.945272923 16.129079819
0.947024047 -0.016792411 -0.320723176 -3.728058815 -0.012766072 0.995874643 -0.089837343 -0.552636206 0.320908636 0.089172505 0.942902923 16.793016434
0.945456564 -0.016300701 -0.325340182 -3.973107815 -0.015622072 0.995329082 -0.095268190 -0.624784350 0.325373381 0.095154412 0.940785825 17.457130432
0.943717957 -0.015130961 -0.330404907 -4.224417686 -0.019304296 0.994730473 -0.100691698 -0.695346594 0.330187351 0.101402819 0.938452899 18.136440277
0.942022979 -0.012281960 -0.335323483 -4.480976582 -0.023827603 0.994358718 -0.103359371 -0.776935697 0.334701240 0.105356865 0.936416030 18.820533752
0.940285802 -0.011038604 -0.340206921 -4.745570183 -0.026307728 0.994127631 -0.104967155 -0.851190567 0.339367867 0.107649200 0.934473693 19.518833160
0.938049674 -0.011000541 -0.346326143 -5.018607140 -0.026751941 0.994213343 -0.104039289 -0.932663798 0.345466554 0.106858939 0.932327211 20.233694077
0.935760319 -0.010255192 -0.352487445 -5.289552689 -0.027607590 0.994378567 -0.102221027 -1.021001697 0.351554304 0.105385721 0.930216908 20.940771103
0.933230698 -0.010589900 -0.359121472 -5.580154419 -0.027391473 0.994559109 -0.100508742 -1.101250887 0.358231843 0.103634730 0.927863121 21.661760330
0.929953277 -0.009541181 -0.367553920 -5.867852211 -0.028317431 0.994835436 -0.097470857 -1.181422114 0.366585642 0.101051524 0.924880266 22.385093689
0.926563442 -0.007687388 -0.376059890 -6.177548409 -0.029065400 0.995338500 -0.091960073 -1.256570935 0.375013769 0.096137188 0.922020793 23.123525620
0.923150182 -0.003892046 -0.384419531 -6.504942894 -0.031886052 0.995728195 -0.086652845 -1.338541865 0.383114517 0.092251204 0.919082701 23.873443604
0.919495642 -0.000226536 -0.393100202 -6.836290359 -0.035082251 0.995962322 -0.082634434 -1.415589213 0.391531587 0.089772820 0.915775061 24.624874115
0.915639400 0.001072896 -0.401999146 -7.179348946 -0.036589075 0.996068239 -0.080681086 -1.493194818 0.400331944 0.088583559 0.912078500 25.371593475
0.911693990 0.000982012 -0.410868526 -7.530869484 -0.037234616 0.996079803 -0.080240823 -1.558357477 0.409179002 0.088453606 0.908156633 26.119745255
0.907857716 0.001244111 -0.419276476 -7.896937847 -0.037822120 0.996161640 -0.078940228 -1.629440188 0.417568862 0.087524436 0.904420078 26.891677856
0.903897762 0.001906235 -0.427744240 -8.284652710 -0.038622644 0.996269047 -0.077176489 -1.699916482 0.426001251 0.086280279 0.900599003 27.680856705
0.900104821 0.001133214 -0.435671896 -8.650563240 -0.037527695 0.996481538 -0.074940890 -1.769749165 0.434054106 0.083804421 0.896980405 28.431676865
0.896384001 0.001348504 -0.443276256 -9.049781799 -0.036467504 0.996829987 -0.070711337 -1.840190411 0.441775709 0.079549700 0.893591702 29.222404480
0.892516077 0.003731363 -0.451000094 -9.461313248 -0.037039619 0.997194350 -0.065049976 -1.905094266 0.449492067 0.074763030 0.890150130 30.015373230
0.888680696 0.003802244 -0.458510876 -9.885030746 -0.035622600 0.997515857 -0.060771331 -1.970323205 0.457140803 0.070339650 0.886608481 30.823827744
0.885080099 0.002828829 -0.465430140 -10.318901062 -0.034126911 0.997684300 -0.058833245 -2.031591892 0.464185983 0.067955837 0.883127034 31.626489639
0.881629050 0.002347785 -0.471937001 -10.754767418 -0.033695891 0.997748673 -0.057983972 -2.091846943 0.470738411 0.067022718 0.879723430 32.455402374
0.878386796 0.002799095 -0.477942109 -11.211709023 -0.033698577 0.997856855 -0.056088995 -2.149746895 0.476760864 0.065373816 0.876598775 33.284877777
0.875325084 0.000502389 -0.483534634 -11.669475555 -0.030766277 0.998031020 -0.054658126 -2.203280926 0.482555062 0.062720187 0.873617053 34.115684509
0.872782826 -0.000312595 -0.488108724 -12.170665741 -0.030149074 0.998055875 -0.054548461 -2.265979290 0.487176776 0.062324986 0.871076524 34.967769623
0.870380938 -0.002540163 -0.492372364 -12.628723145 -0.028323349 0.998072565 -0.055217084 -2.318227053 0.491563678 0.062005531 0.868631363 35.812004089
0.868957818 -0.002126115 -0.494881630 -13.132560730 -0.029184358 0.998030245 -0.055532265 -2.378885984 0.494024962 0.062698007 0.867184043 36.681018829
0.868481994 -0.002250422 -0.495715737 -13.632713318 -0.028675780 0.998087108 -0.054770339 -2.436971188 0.494890660 0.061782084 0.866756141 37.541164398
0.868303299 -0.002064521 -0.496029586 -14.142621994 -0.027997876 0.998193204 -0.053165048 -2.498526573 0.495243073 0.060051158 0.866676450 38.421337128
0.868083775 -0.002975991 -0.496408820 -14.666725159 -0.026571158 0.998269916 -0.052450407 -2.562357187 0.495705992 0.058721494 0.866503000 39.308460236
0.867333651 -0.005315266 -0.497698784 -15.187676430 -0.024433676 0.998282611 -0.053241611 -2.623102427 0.497127056 0.058338851 0.865714192 40.216388702
0.866236866 -0.007780125 -0.499573022 -15.718349457 -0.021913815 0.998324871 -0.053545009 -2.686551571 0.499152809 0.057330210 0.864615321 41.124439240
0.864578307 -0.008061304 -0.502433419 -16.260473251 -0.020844422 0.998435259 -0.051888127 -2.744198322 0.502065539 0.055334277 0.863057494 42.060199738
0.862526238 -0.007420653 -0.505957961 -16.803598404 -0.019459948 0.998666346 -0.047821116 -2.807518721 0.505638063 0.051092889 0.861231506 42.969219208
0.859728396 -0.007391047 -0.510698020 -17.353437424 -0.017508941 0.998881102 -0.043931473 -2.868116617 0.510451317 0.046710916 0.858637094 43.887729645
0.855657935 -0.007850936 -0.517482162 -17.921573639 -0.015948070 0.999010026 -0.041526552 -2.936076641 0.517295957 0.043785367 0.854685724 44.812404633
0.850437105 -0.011171225 -0.525958002 -18.486501694 -0.014171011 0.998925209 -0.044130459 -2.992131233 0.525885820 0.044983532 0.849364877 45.718997955
0.844242275 -0.015165684 -0.535747051 -19.049468994 -0.012075748 0.998807609 -0.047303028 -3.049715281 0.535825610 0.046404757 0.843052447 46.614498138
0.838189542 -0.015070016 -0.545170724 -19.635414124 -0.012457995 0.998828351 -0.046764266 -3.107307434 0.545236766 0.045989048 0.837019503 47.499431610
0.832342267 -0.011315965 -0.554146469 -20.235061646 -0.014009912 0.999042571 -0.041444227 -3.169971466 0.554084897 0.042259336 0.831386805 48.386573792
0.827033579 -0.006626406 -0.562113523 -20.839933395 -0.017219096 0.999162674 -0.037112836 -3.226430416 0.561888874 0.040372651 0.826226950 49.269912720
0.823126435 -0.006602604 -0.567819834 -21.463266373 -0.018404135 0.999096811 -0.038296606 -3.282922268 0.567559898 0.041973181 0.822261512 50.139350891
0.819584906 -0.009094412 -0.572885692 -22.074569702 -0.018688882 0.998917639 -0.042594347 -3.338819027 0.572652936 0.045616273 0.818527758 51.014331818
0.816713631 -0.011395727 -0.576930761 -22.703619003 -0.021335395 0.998525083 -0.049925983 -3.394077301 0.576648712 0.053084269 0.815265834 51.880775452
0.813284755 -0.012596636 -0.581729531 -23.332012177 -0.021331456 0.998448133 -0.051442511 -3.455517769 0.581474781 0.054246541 0.811753929 52.764839172
0.810042381 -0.010936789 -0.586269379 -23.971618652 -0.020731322 0.998666883 -0.047274269 -3.520287752 0.586004853 0.050448298 0.808735669 53.627113342
0.806836009 -0.008207062 -0.590718329 -24.606775284 -0.020667799 0.998899341 -0.042107299 -3.581521988 0.590413690 0.046182536 0.805778444 54.486785889
0.804086804 -0.005524661 -0.594486237 -25.258907318 -0.022395499 0.998965621 -0.039575141 -3.629804850 0.594089925 0.045135666 0.803131342 55.343505859
0.800911605 -0.005315631 -0.598759055 -25.912557602 -0.023700358 0.998895586 -0.040570009 -3.677287579 0.598313332 0.046683785 0.799901187 56.205932617
0.797220230 -0.006799799 -0.603650391 -26.568904877 -0.023129318 0.998858273 -0.041797705 -3.735891342 0.603245378 0.047283988 0.796152771 57.072959900
0.792999864 -0.009597662 -0.609146118 -27.215217590 -0.022044098 0.998769045 -0.044434030 -3.797311306 0.608822703 0.048664253 0.791812241 57.918285370
0.788974941 -0.010690808 -0.614332318 -27.888366699 -0.021278748 0.998773336 -0.044708848 -3.857416868 0.614056766 0.048346378 0.787779689 58.765510559
0.784166217 -0.010805693 -0.620456696 -28.566238403 -0.021022307 0.998811841 -0.043964140 -3.914925575 0.620194495 0.047518618 0.783007562 59.623073578
0.779373467 -0.010392459 -0.626473427 -29.252651215 -0.021062136 0.998862743 -0.042772628 -3.984472752 0.626205385 0.046530720 0.778268337 60.456756592
0.774112582 -0.012065897 -0.632932901 -29.933912277 -0.020295989 0.998831272 -0.043864325 -4.038819313 0.632722378 0.046801932 0.772963047 61.275012970
0.768922150 -0.013479726 -0.639200270 -30.639530182 -0.019718882 0.998802066 -0.044783875 -4.098352432 0.639038146 0.047039632 0.767735243 62.110572815
0.763069093 -0.014712928 -0.646149457 -31.334993362 -0.019356970 0.998772085 -0.045601785 -4.159713268 0.646026969 0.047304805 0.761847377 62.940292358
0.757303834 -0.016782477 -0.652847171 -32.056755066 -0.017790312 0.998768508 -0.046311744 -4.229255199 0.652820349 0.046686411 0.756072640 63.769199371
0.751097560 -0.018417811 -0.659934282 -32.787036896 -0.017296366 0.998718619 -0.047558483 -4.289390564 0.659964561 0.047135521 0.749816597 64.600494385
0.745191336 -0.019426156 -0.666567564 -33.545078278 -0.016478935 0.998733938 -0.047529351 -4.360993862 0.666646898 0.046402793 0.743927836 65.420661926
0.738690495 -0.019355375 -0.673766792 -34.302539825 -0.015394306 0.998842418 -0.045571554 -4.427027225 0.673868954 0.044035442 0.737537503 66.251228333
0.732362509 -0.019785697 -0.680627406 -35.072196960 -0.015007260 0.998865843 -0.045184795 -4.483474255 0.680749536 0.043306004 0.731235027 67.064979553
0.725740492 -0.021489434 -0.687632799 -35.829319000 -0.013740210 0.998859823 -0.045717351 -4.549968719 0.687831402 0.042627152 0.724617839 67.866722107
0.718981147 -0.023872776 -0.694619477 -36.616306305 -0.012648848 0.998794973 -0.047419198 -4.613203526 0.694914460 0.042879637 0.717812836 68.690505981
0.713207543 -0.023203989 -0.700568855 -37.420413971 -0.014153863 0.998771429 -0.047490161 -4.673151016 0.700810194 0.043786086 0.712002873 69.485992432
0.707626343 -0.022608943 -0.706225157 -38.231925964 -0.014446668 0.998816073 -0.046451222 -4.736682415 0.706439137 0.043072708 0.706461847 70.290901184
0.702434003 -0.022443399 -0.711394966 -39.047363281 -0.014978588 0.998815179 -0.046300977 -4.799282074 0.711591184 0.043179076 0.701265574 71.093704224
0.697777867 -0.022741219 -0.715953112 -39.872749329 -0.016326891 0.998731315 -0.047635682 -4.861146927 0.716128111 0.044928409 0.696521401 71.885223389
0.692527235 -0.024773484 -0.720966220 -40.716575623 -0.016490217 0.998605311 -0.050153341 -4.936785221 0.721203208 0.046621434 0.691152930 72.684341431
0.687619388 -0.027946703 -0.725533307 -41.562652588 -0.014897727 0.998505414 -0.052580506 -5.002255440 0.725918412 0.046964172 0.686175466 73.473838806
0.682225823 -0.027889401 -0.730609417 -42.415767670 -0.016129423 0.998454928 -0.053175088 -5.075997353 0.730963588 0.048061725 0.680721939 74.269416809
0.677263916 -0.027327348 -0.735232532 -43.299896240 -0.016129330 0.998518467 -0.051970862 -5.144827843 0.735563338 0.047056802 0.675819635 75.075820923
0.672594547 -0.027426712 -0.739502728 -44.179397583 -0.015262659 0.998586297 -0.050917346 -5.216133595 0.739853740 0.045533508 0.671225011 75.856025696
0.666891217 -0.028885014 -0.744594932 -45.060443878 -0.014656816 0.998546720 -0.051863816 -5.284286499 0.745010972 0.045500919 0.665498674 76.653137207
0.662275255 -0.030119991 -0.748654962 -45.937202454 -0.013576540 0.998545289 -0.052183695 -5.352601051 0.749137700 0.044724111 0.660902739 77.421730042
0.657884002 -0.030906009 -0.752484679 -46.843963623 -0.012548534 0.998569012 -0.051984120 -5.427056313 0.753014684 0.043642104 0.656554878 78.198753357
0.653541863 -0.031782489 -0.756222665 -47.740028381 -0.011221394 0.998601317 -0.051666904 -5.501704693 0.756807148 0.042252362 0.652271211 78.978149414
0.649810135 -0.034890030 -0.759295404 -48.667701721 -0.008376988 0.998556614 -0.053053293 -5.574584007 0.760050297 0.040835172 0.648580015 79.761283875
0.645470858 -0.039230533 -0.762776673 -49.576263428 -0.005923467 0.998392880 -0.056361068 -5.646599770 0.763761938 0.040897712 0.644201100 80.523178101
0.641002893 -0.043601826 -0.766299009 -50.503509521 -0.001644761 0.998304784 -0.058178619 -5.719490528 0.767536640 0.038553052 0.639844596 81.290321350
0.633836567 -0.047131475 -0.772029638 -51.436241150 0.003509754 0.998306751 -0.058063917 -5.799897671 0.773459017 0.034093402 0.632928789 82.070831299
0.625968158 -0.050724369 -0.778197229 -52.371582031 0.007952752 0.998245716 -0.058670498 -5.883430958 0.779808044 0.030537056 0.625273466 82.813575745
0.616884589 -0.051682767 -0.785354853 -53.323722839 0.010629430 0.998297691 -0.057346888 -5.964545727 0.786981821 0.027028538 0.616383851 83.554260254
0.608311713 -0.050067272 -0.792117417 -54.291160583 0.011133582 0.998448431 -0.054558698 -6.046571732 0.793620110 0.024369596 0.607925296 84.286750793
0.599776387 -0.049910918 -0.798609555 -55.271011353 0.010614441 0.998461127 -0.054429401 -6.125705719 0.800097108 0.024168676 0.599383235 85.004249573
0.590115964 -0.051299091 -0.805687070 -56.263599396 0.010083029 0.998369575 -0.056182243 -6.207155228 0.807255507 0.025030270 0.589671075 85.721771240
0.579813361 -0.053442407 -0.812994778 -57.278068542 0.010511815 0.998254001 -0.058123637 -6.293186188 0.814681530 0.025154807 0.579362750 86.446395874
0.570150495 -0.055346482 -0.819674015 -58.309822083 0.011057393 0.998154700 -0.059706643 -6.370720863 0.821465969 0.024978312 0.569710314 87.157958984
0.559475422 -0.055640891 -0.826977253 -59.339462280 0.013830552 0.998231947 -0.057806499 -6.463839531 0.828731537 0.020903761 0.559255779 87.872848511
0.549600899 -0.055829786 -0.833559692 -60.383407593 0.015044979 0.998264134 -0.056941502 -6.545779228 0.835291743 0.018754212 0.549486935 88.541557312
0.539571345 -0.056571815 -0.840037107 -61.442245483 0.015277175 0.998233616 -0.057412662 -6.627414227 0.841801286 0.018144837 0.539482534 89.206848145
0.529105425 -0.057389352 -0.846613169 -62.516754150 0.014695466 0.998180449 -0.058479466 -6.716667652 0.848428845 0.018500429 0.528986156 89.875183105
0.518675387 -0.058428712 -0.852972507 -63.594371796 0.014166597 0.998112381 -0.059756398 -6.796192169 0.854853928 0.018910453 0.518524170 90.535049438
0.508910120 -0.059379794 -0.858769178 -64.678771973 0.013624961 0.998048663 -0.060936097 -6.886707306 0.860711992 0.019310303 0.508726180 91.170181274
0.498917609 -0.059113912 -0.864630997 -65.769729614 0.012201829 0.998051167 -0.061194893 -6.976795197 0.866563499 0.019981129 0.498666584 91.800216675
0.490208894 -0.057384774 -0.869713902 -66.903297424 0.011991994 0.998179913 -0.059101898 -7.064264297 0.871522605 0.018542673 0.490004838 92.433090210
0.482395053 -0.056114718 -0.874154508 -68.021896362 0.012456656 0.998284578 -0.057208907 -7.147393227 0.875865161 0.016708255 0.482266515 93.044754028
0.474808007 -0.055837985 -0.878316224 -69.132026672 0.012199272 0.998306990 -0.056871466 -7.239986420 0.880004764 0.016288210 0.474685341 93.639984131
0.466712177 -0.058919497 -0.882444322 -70.241424561 0.014327439 0.998151302 -0.059067477 -7.328239441 0.884293139 0.014924340 0.466693461 94.233596802
0.459873497 -0.062215675 -0.885802090 -71.381149292 0.017154133 0.997978866 -0.061188813 -7.419033527 0.887818635 0.012943945 0.460011244 94.820037842
0.453707129 -0.065223746 -0.888760746 -72.514152527 0.018279843 0.997789264 -0.063893303 -7.514209747 0.890963316 0.012742439 0.453896493 95.396980286
0.447966516 -0.069016658 -0.891382456 -73.657333374 0.020219587 0.997543037 -0.067074895 -7.607847691 0.893821716 0.012023922 0.448261350 95.978157043
0.443191767 -0.069979794 -0.893691063 -74.796775818 0.023539415 0.997512996 -0.066436000 -7.712560177 0.896117747 0.008406928 0.443736821 96.543510437
0.439004123 -0.067390971 -0.895954072 -75.945693970 0.025145063 0.997714102 -0.062724337 -7.811945915 0.898133159 0.005007417 0.439695120 97.106689453
0.434841871 -0.065861307 -0.898095071 -77.082801819 0.028816927 0.997828782 -0.059222568 -7.909588337 0.900045693 -0.000127888 0.435795575 97.665283203
0.431681156 -0.065194391 -0.899667203 -78.235900879 0.029078208 0.997872055 -0.058358409 -7.992705345 0.901557386 -0.000968487 0.432658345 98.215545654
0.429024518 -0.065076090 -0.900945723 -79.369651794 0.030905541 0.997875094 -0.057360362 -8.083475113 0.902764022 -0.003235213 0.430124044 98.746299744
0.426625669 -0.063853011 -0.902171433 -80.506690979 0.032310065 0.997943997 -0.055352483 -8.179285049 0.903850973 -0.005534431 0.427811623 99.279373169
0.423841000 -0.063876770 -0.903481483 -81.637161255 0.035161030 0.997918487 -0.054058809 -8.253511429 0.905053914 -0.008854995 0.425204813 99.817489624
0.421542853 -0.065115854 -0.904467583 -82.768310547 0.037674118 0.997814953 -0.054277584 -8.335803986 0.906025708 -0.011194689 0.423074901 100.348068237
0.418886542 -0.065346763 -0.905684173 -83.864395142 0.039631214 0.997772455 -0.053661320 -8.417820930 0.907173336 -0.013415352 0.420543283 100.867904663
0.416411161 -0.064532802 -0.906883299 -84.972114563 0.042868495 0.997762024 -0.051315811 -8.498594284 0.908165336 -0.017508237 0.418245643 101.388046265
0.414479107 -0.063882507 -0.907813966 -86.084793091 0.044896949 0.997753978 -0.049713030 -8.580913544 0.908950686 -0.020153068 0.416416287 101.889579773
0.412812859 -0.065523781 -0.908455968 -87.181709290 0.047247522 0.997606695 -0.050484106 -8.658440590 0.909589529 -0.022081805 0.414920747 102.389739990
0.411235183 -0.066163093 -0.909124911 -88.261116028 0.048971105 0.997525513 -0.050444916 -8.747327805 0.910212874 -0.023776134 0.413457632 102.880706787
0.410734564 -0.067086250 -0.909283578 -89.330093384 0.048401423 0.997487485 -0.051730346 -8.828667641 0.910469353 -0.022763180 0.412949562 103.359573364
0.410600156 -0.067383759 -0.909322202 -90.370254517 0.047865480 0.997483492 -0.052303355 -8.914930344 0.910558164 -0.022049382 0.412792206 103.849578857
0.413305819 -0.067897812 -0.908057392 -91.429214478 0.046215940 0.997495294 -0.053549919 -8.989639282 0.909418702 -0.019834226 0.415408552 104.314666748
0.417525232 -0.067918815 -0.906123459 -92.462837219 0.044048108 0.997543216 -0.054474633 -9.070884705 0.907597125 -0.017168486 0.419491142 104.791160583
0.422892779 -0.068482727 -0.903588355 -93.504951477 0.042549618 0.997541130 -0.055689521 -9.153133392 0.905180275 -0.014896636 0.424766839 105.261322021
0.428522795 -0.068393439 -0.900938690 -94.533782959 0.042177826 0.997558117 -0.055666689 -9.235849380 0.902545929 -0.014145185 0.430361211 105.753898621
0.435112685 -0.067353293 -0.897853255 -95.538230896 0.040929005 0.997646868 -0.055004630 -9.311126709 0.899445295 -0.012815019 0.436845541 106.244613647
0.443540514 -0.065641209 -0.893847287 -96.552993774 0.039966129 0.997770846 -0.053441219 -9.393141747 0.895362735 -0.012020263 0.445175231 106.734191895
0.452890128 -0.065134071 -0.889183939 -97.534790039 0.039191209 0.997818172 -0.053130340 -9.471188545 0.890704513 -0.010785982 0.454454690 107.220352173
0.462445617 -0.064528115 -0.884296417 -98.520286560 0.038091227 0.997873187 -0.052896015 -9.544412613 0.885829091 -0.009222403 0.463920057 107.728065491
0.471922129 -0.064904518 -0.879247844 -99.492622375 0.036847059 0.997867048 -0.053883709 -9.626375198 0.880869925 -0.006968784 0.473307043 108.251632690
0.482595384 -0.066764027 -0.873295069 -100.463851929 0.035617411 0.997761488 -0.056596909 -9.696628571 0.875118911 -0.003791108 0.483893096 108.775253296
0.494054198 -0.067961931 -0.866770744 -101.418998718 0.033874694 0.997687817 -0.058918536 -9.768620491 0.868770957 -0.000252644 0.495214075 109.315277100
0.506673992 -0.065920055 -0.859613895 -102.368659973 0.031573400 0.997822464 -0.057908677 -9.851990700 0.861559391 0.002199887 0.507652044 109.863555908
0.519762158 -0.064000778 -0.851910293 -103.303726196 0.030609615 0.997944653 -0.056296460 -9.921659470 0.853762448 0.003184125 0.520653009 110.418411255
0.532200992 -0.060960263 -0.844420433 -104.241203308 0.030117426 0.998136163 -0.053075615 -10.015726089 0.846082091 0.002815123 0.533045173 110.996185303
0.544031799 -0.060792763 -0.836859345 -105.154487610 0.030675327 0.998146117 -0.052567631 -10.085254669 0.838503599 0.002927528 0.544888139 111.583358765
0.555609345 -0.060025014 -0.829273939 -106.043998718 0.030332815 0.998190105 -0.051928774 -10.171785355 0.830890059 0.003697898 0.556424558 112.179191589
0.566971898 -0.061839823 -0.821412683 -106.924842834 0.030852711 0.998072624 -0.053843848 -10.241210938 0.823159158 0.005185137 0.567786992 112.771781921
0.577719390 -0.063684247 -0.813747287 -107.776290894 0.033609971 0.997962177 -0.054239620 -10.315757751 0.815543115 0.003985255 0.578682482 113.380096436
0.589065254 -0.063237444 -0.805607438 -108.635108948 0.033641592 0.997988164 -0.053739749 -10.394679070 0.807384849 0.004554300 0.590007544 113.998703003
0.599369764 -0.060157783 -0.798208594 -109.471710205 0.032195762 0.998176813 -0.051052999 -10.469533920 0.799824536 0.004900692 0.600213885 114.618911743
0.609360754 -0.057602108 -0.790798068 -110.283454895 0.032277755 0.998333037 -0.047846965 -10.533483505 0.792235732 0.003630883 0.610204220 115.245201111
0.619192719 -0.056330588 -0.783216000 -111.077842712 0.031302512 0.998401403 -0.047060147 -10.596848488 0.784614921 0.004622669 0.619966269 115.870994568
0.629921675 -0.055633608 -0.774663448 -111.874382019 0.029751744 0.998427510 -0.047510773 -10.669262886 0.776088536 0.006880482 0.630586445 116.497634888
0.639571011 -0.055237088 -0.766744792 -112.642303467 0.028069608 0.998428047 -0.048513845 -10.732606888 0.768219411 0.009505822 0.640116036 117.128547668
0.648964226 -0.055684049 -0.758778334 -113.408088684 0.028187128 0.998393059 -0.049160764 -10.780506134 0.760296643 0.010515797 0.649491012 117.771308899
0.658194661 -0.052584980 -0.751009166 -114.152610779 0.027168509 0.998567104 -0.046107899 -10.856325150 0.752357423 0.009944175 0.658680141 118.417808533
0.666907668 -0.050771974 -0.743408620 -114.879211426 0.027518824 0.998673558 -0.043518618 -10.917549133 0.744632065 0.008565169 0.667420268 119.070182800
0.675325692 -0.050105419 -0.735815644 -115.592727661 0.027932750 0.998711348 -0.042370874 -10.984470367 0.736990571 0.008060784 0.675855041 119.716751099
0.683160901 -0.049760785 -0.728570580 -116.298294067 0.027034089 0.998715222 -0.042862318 -11.032638550 0.729767382 0.009585616 0.683628321 120.361968994
0.690507233 -0.048672497 -0.721686065 -116.985954285 0.026489493 0.998765826 -0.042014446 -11.089354515 0.722840369 0.009894179 0.690944135 121.021011353
0.697690129 -0.046437286 -0.714893103 -117.668731689 0.025967928 0.998880506 -0.039541189 -11.134964943 0.715928912 0.009023206 0.698114872 121.684997559
0.705358148 -0.043063309 -0.707541823 -118.340538025 0.024461085 0.999037147 -0.036419082 -11.197558403 0.708428979 0.008381256 0.705732346 122.332954407
0.712912738 -0.041589838 -0.700018406 -118.990982056 0.023662474 0.999098003 -0.035260569 -11.249531746 0.700853467 0.008573540 0.713253736 122.990371704
0.720119596 -0.041044116 -0.692634761 -119.618759155 0.023204818 0.999115050 -0.035079878 -11.294637680 0.693461716 0.009189244 0.720434725 123.654022217
0.728417277 -0.037680566 -0.684096813 -120.249313354 0.020057486 0.999231398 -0.033681456 -11.339270592 0.684840083 0.010812888 0.728613138 124.299476624
0.737440407 -0.035088766 -0.674500108 -120.856796265 0.019321324 0.999336958 -0.030863112 -11.378402710 0.675135732 0.009727472 0.737629354 124.958976746
0.746820569 -0.030971739 -0.664303958 -121.440750122 0.017548785 0.999484897 -0.026870225 -11.431106567 0.664794028 0.008409509 0.746979356 125.612304688
0.756918132 -0.028913353 -0.652869701 -122.010955811 0.015646921 0.999536216 -0.026125435 -11.467599869 0.653322160 0.009559414 0.757019579 126.268936157
0.766929626 -0.028150111 -0.641113520 -122.564392090 0.014277977 0.999538600 -0.026807927 -11.507204056 0.641572356 0.011405986 0.766977847 126.918998718
0.776774406 -0.029193999 -0.629101992 -123.100860596 0.014385756 0.999486804 -0.028619418 -11.542055130 0.629614592 0.013180723 0.776795745 127.582946777
0.786764443 -0.028142061 -0.616611540 -123.630928040 0.013835608 0.999513090 -0.027964119 -11.579662323 0.617098272 0.013469977 0.786770940 128.260696411
0.796975374 -0.026452601 -0.603432238 -124.151947021 0.013440031 0.999569833 -0.026067294 -11.616328239 0.603862345 0.012664845 0.796987951 128.944732666
0.807158291 -0.024119617 -0.589842200 -124.651863098 0.012944633 0.999647915 -0.023163410 -11.650686264 0.590193391 0.011061244 0.807186186 129.626525879
0.816850603 -0.022539819 -0.576408744 -125.138275146 0.013094092 0.999703407 -0.020536147 -11.684917450 0.576700628 0.009227415 0.816903472 130.309326172
0.826005757 -0.021172272 -0.563263893 -125.615303040 0.013683425 0.999753058 -0.017513020 -11.713619232 0.563495576 0.006758475 0.826091468 131.012924194
0.834259212 -0.020214682 -0.551001668 -126.087326050 0.014094577 0.999783158 -0.015338903 -11.739563942 0.551192224 0.005030486 0.834363043 131.721496582
0.841471732 -0.020539697 -0.539910614 -126.546737671 0.015669992 0.999784529 -0.013612288 -11.772672653 0.540073812 0.002993961 0.841612399 132.433593750
0.847877800 -0.020368351 -0.529800475 -126.981811523 0.015714070 0.999788165 -0.013288830 -11.793275833 0.529959083 0.002941979 0.848018169 133.146316528
0.854689479 -0.019554818 -0.518771350 -127.422988892 0.014880081 0.999802530 -0.013171721 -11.817255020 0.518926561 0.003538370 0.854811490 133.871292114
0.861444414 -0.017672954 -0.507544398 -127.865478516 0.013259379 0.999836266 -0.012309952 -11.836546898 0.507678807 0.003874617 0.861537695 134.599853516
0.867571115 -0.016740682 -0.497031391 -128.286926270 0.012579652 0.999852180 -0.011718512 -11.857192993 0.497153997 0.003914162 0.867653430 135.343948364
0.873667538 -0.017188242 -0.486219913 -128.714324951 0.013187734 0.999845088 -0.011648825 -11.884126663 0.486344844 0.003765059 0.873758852 136.093933105
0.878622115 -0.018462682 -0.477160543 -129.112976074 0.014106792 0.999819756 -0.012710215 -11.904170990 0.477309227 0.004436270 0.878724217 136.840667725
0.882950604 -0.018895719 -0.469085246 -129.514526367 0.014423774 0.999809980 -0.013124784 -11.921976089 0.469244093 0.004822557 0.883055389 137.606857300
0.886488438 -0.018006718 -0.462400228 -129.915679932 0.013789651 0.999826670 -0.012498337 -11.943717957 0.462545246 0.004703293 0.886583209 138.372360229
0.889687479 -0.016131582 -0.456285089 -130.326339722 0.013499903 0.999868095 -0.009026730 -11.960906029 0.456370503 0.001871163 0.889787972 139.167495728
0.892856896 -0.012212716 -0.450174809 -130.731552124 0.011236693 0.999925137 -0.004840435 -11.979059219 0.450200170 -0.000736660 0.892927349 139.959457397
0.896133006 -0.009345755 -0.443687052 -131.133972168 0.009566988 0.999952674 -0.001740010 -11.994947433 0.443682313 -0.002685468 0.896180153 140.772064209
0.899503529 -0.006648548 -0.436863035 -131.540008545 0.007568575 0.999971271 0.000365335 -12.005364418 0.436848044 -0.003635050 0.899527967 141.590072632
0.902725518 -0.005151534 -0.430186182 -131.944290161 0.006918019 0.999972820 0.002542337 -12.010533333 0.430161357 -0.005271069 0.902736545 142.431793213
0.906126499 -0.003542721 -0.422991812 -132.350250244 0.006363710 0.999965847 0.005257140 -12.012036324 0.422958732 -0.007455432 0.906118274 143.287673950
0.909648478 -0.003875207 -0.415360898 -132.744079590 0.007595867 0.999944389 0.007305881 -12.017112732 0.415309519 -0.009800809 0.909627378 144.149597168
0.913034320 -0.004212905 -0.407860935 -133.151733398 0.008330683 0.999930620 0.008320448 -12.019586563 0.407797664 -0.010994615 0.913006127 145.053680420
0.916659713 -0.004629844 -0.399641782 -133.544647217 0.008691982 0.999927282 0.008352687 -12.020556450 0.399574071 -0.011130250 0.916633248 145.956863403
0.920549333 -0.007163974 -0.390560657 -133.925750732 0.011144334 0.999906480 0.007926052 -12.022993088 0.390467286 -0.011648860 0.920543015 146.865173340
0.924496472 -0.008272392 -0.381100655 -134.294967651 0.011701266 0.999909163 0.006681012 -12.027832031 0.381010830 -0.010635935 0.924509346 147.780487061
0.929086089 -0.009384661 -0.369744569 -134.679107666 0.012060622 0.999915063 0.004926346 -12.032208443 0.369667023 -0.009036349 0.929120362 148.733810425
0.934185147 -0.007619877 -0.356707186 -135.044967651 0.009754389 0.999943614 0.004185384 -12.035077095 0.356655180 -0.007389383 0.934206843 149.701110840
0.940315187 -0.003707885 -0.340284795 -135.416137695 0.005905736 0.999967873 0.005423357 -12.041651726 0.340253830 -0.007109297 0.940306783 150.669998169
0.946898878 -0.000140155 -0.321531475 -135.765853882 0.002970014 0.999961138 0.008310706 -12.041394234 0.321517795 -0.008824351 0.946862519 151.679794312
0.953394651 0.003098376 -0.301710337 -136.091629028 -0.000008871 0.999947548 0.010240799 -12.046625137 0.301726222 -0.009760848 0.953344643 152.675720215
0.959826887 0.004544095 -0.280556440 -136.405853271 -0.001489613 0.999937296 0.011099511 -12.044375420 0.280589253 -0.010235687 0.959773421 153.722473145
0.965845287 0.006143004 -0.259046435 -136.689483643 -0.002941882 0.999914408 0.012743168 -12.048292160 0.259102643 -0.011545844 0.965780795 154.743087769
0.971355736 0.006580864 -0.237539053 -136.957763672 -0.003043286 0.999879003 0.015256239 -12.036756516 0.237610698 -0.014096336 0.971258163 155.826141357
0.976449609 0.009333916 -0.215543717 -137.198532104 -0.005319109 0.999801517 0.019198986 -12.041210175 0.215680167 -0.017600335 0.976305425 156.895599365
0.981174111 0.011598781 -0.192776605 -137.429199219 -0.007242474 0.999702573 0.023287062 -12.027971268 0.192989379 -0.021452479 0.980966270 157.996780396
0.985266089 0.013617454 -0.170485526 -137.638137817 -0.009188188 0.999600112 0.026742408 -12.012820244 0.170781538 -0.024781939 0.984997153 159.131225586
0.988832593 0.015621540 -0.148209661 -137.817367554 -0.011801215 0.999575973 0.026620980 -11.996192932 0.148562655 -0.024574639 0.988597572 160.279418945
0.991904497 0.015080393 -0.126087680 -137.966903687 -0.012066036 0.999623716 0.024636485 -11.981807709 0.126411781 -0.022915663 0.991713107 161.429290771
0.994355440 0.015413502 -0.104974940 -138.102081299 -0.013004020 0.999636829 0.023598896 -11.964794159 0.105300575 -0.022100590 0.994194806 162.577865601
0.996301293 0.014281581 -0.084733106 -138.200347900 -0.012157913 0.999600172 0.025526360 -11.946245193 0.085063778 -0.024401765 0.996076643 163.773178101
0.997808158 0.014658269 -0.064529166 -138.297210693 -0.012920217 0.999544561 0.027269799 -11.931107521 0.064899512 -0.026376296 0.997543097 164.973556519
0.998904705 0.015349459 -0.044201043 -138.357757568 -0.014110612 0.999502540 0.028204473 -11.911408424 0.044611976 -0.027549878 0.998624504 166.191116333
0.999573052 0.017232578 -0.023591425 -138.400680542 -0.016548213 0.999445200 0.028903412 -11.894416809 0.024076421 -0.028500682 0.999303699 167.432067871
0.999840319 0.017626457 -0.002910340 -138.417678833 -0.017532788 0.999409020 0.029566815 -11.871119499 0.003429780 -0.029511070 0.999558568 168.672149658
0.999650896 0.019687468 0.017615104 -138.407882690 -0.020193757 0.999374270 0.029041152 -11.848357201 -0.017032336 -0.029386733 0.999423027 169.928649902
0.999060929 0.021278018 0.037739798 -138.374588013 -0.022331448 0.999366403 0.027714666 -11.826360703 -0.037126161 -0.028531427 0.998903215 171.206558228
0.998129368 0.021386005 0.057275966 -138.310943604 -0.022855138 0.999423146 0.025118984 -11.802091599 -0.056705739 -0.026381047 0.998042285 172.496078491
0.996834934 0.023382703 0.075982548 -138.218505859 -0.025172377 0.999425828 0.022681924 -11.786464691 -0.075408526 -0.024522796 0.996851265 173.795959473
0.995169878 0.023513854 0.095309764 -138.108032227 -0.025615538 0.999453783 0.020887747 -11.772955894 -0.094766557 -0.023228275 0.995228469 175.098983765
0.993178129 0.023772843 0.114157364 -137.967025757 -0.025962152 0.999505699 0.017729502 -11.759306908 -0.113679469 -0.020572323 0.993304491 176.416931152
0.990872741 0.024493072 0.132558152 -137.798782349 -0.026368925 0.999575198 0.012413979 -11.751361847 -0.132197797 -0.015796088 0.991097450 177.736114502
0.988247812 0.026310686 0.150578782 -137.612030029 -0.027518405 0.999603629 0.005942073 -11.755120277 -0.150362760 -0.010015926 0.988580167 179.066223145
0.985411704 0.028378611 0.167804763 -137.394989014 -0.028904928 0.999581873 0.000694297 -11.760114670 -0.167714879 -0.005534553 0.985819995 180.401748657
0.982216835 0.030793356 0.185207129 -137.153091431 -0.030715315 0.999522746 -0.003291219 -11.778263092 -0.185220122 -0.002456004 0.982693970 181.751846313
0.978590012 0.032997530 0.203156695 -136.890563965 -0.032431867 0.999455273 -0.006113769 -11.798231125 -0.203247771 -0.000605878 0.979127169 183.100646973
0.974853873 0.032099564 0.220520481 -136.595214844 -0.031593878 0.999483824 -0.005820686 -11.823576927 -0.220593467 -0.001292776 0.975364983 184.463867188
0.970802546 0.031623553 0.237786487 -136.278091431 -0.030949801 0.999499321 -0.006567176 -11.845166206 -0.237875119 -0.000984012 0.971295297 185.829101562
0.966491222 0.031619109 0.254745036 -135.934692383 -0.029625855 0.999493003 -0.011658547 -11.874053955 -0.254984528 0.003720843 0.966938019 187.188812256
0.961932540 0.033063632 0.271279603 -135.568099976 -0.029811105 0.999425828 -0.016102845 -11.902471542 -0.271656215 0.007402701 0.962365866 188.572235107
0.956977010 0.035285700 0.288010389 -135.165939331 -0.031974886 0.999357522 -0.016193163 -11.937191963 -0.288396716 0.006287387 0.957490385 189.967468262
0.951373279 0.037859187 0.305704981 -134.743698120 -0.034351211 0.999267817 -0.016848419 -11.977305412 -0.306119084 0.005527801 0.951977134 191.348342896
0.945470393 0.041598968 0.323040932 -134.293853760 -0.037139308 0.999110699 -0.019959923 -12.017850876 -0.323583990 0.006873997 0.946174502 192.723526001
0.939301372 0.042327717 0.340472281 -133.816894531 -0.036278896 0.999050796 -0.024115652 -12.061870575 -0.341169834 0.010299899 0.939945221 194.101684570
0.932927549 0.043277569 0.357453823 -133.304412842 -0.036250621 0.998995543 -0.026338771 -12.114448547 -0.358234674 0.011614242 0.933559299 195.476348877
0.926092327 0.043797445 0.374746233 -132.767410278 -0.034428369 0.998905420 -0.031663202 -12.175350189 -0.375722826 0.016421149 0.926586568 196.851776123
0.917998016 0.047050592 0.393783927 -132.205871582 -0.034996990 0.998674631 -0.037739124 -12.240397453 -0.395037651 0.020863192 0.918427944 198.224853516
0.908447444 0.050767951 0.414904624 -131.605010986 -0.036949128 0.998464584 -0.041271314 -12.313913345 -0.416362762 0.022162458 0.908928394 199.587829590
0.897145092 0.053631835 0.438468248 -130.981506348 -0.038872369 0.998336732 -0.042576566 -12.394157410 -0.440022409 0.021153053 0.897737622 200.927856445
