1.000000000 0.000000000 0.000000000 0.000000000 0.000000000 1.000000000 0.000000000 0.000000000 0.000000000 0.000000000 1.000000000 0.000000000
0.999933660 -0.002518329 0.011242159 0.015890023 0.002507541 0.999996364 0.000973580 -0.003621683 -0.011244570 -0.000945325 0.999936342 0.295408785
0.999827623 -0.004547154 0.018000310 0.025065986 0.004526609 0.999989033 0.001181913 -0.008668755 -0.018005487 -0.001100229 0.999837279 0.582622588
0.999777317 -0.007448625 0.019744808 0.039041582 0.007450582 0.999972224 -0.000025546 -0.012733188 -0.019744068 0.000172651 0.999805033 0.886974156
0.999817252 -0.008640406 0.017054478 0.053597782 0.008673399 0.999960661 -0.001861570 -0.008690009 -0.017037723 0.002009150 0.999852836 1.204236031
0.999883771 -0.011468757 0.010045238 0.057054639 0.011503483 0.999928057 -0.003406005 -0.010411750 -0.010005452 0.003521164 0.999943733 1.520223498
0.999911845 -0.013118558 -0.002047012 0.057422213 0.013107057 0.999898791 -0.005534018 -0.010723209 0.002119403 0.005506700 0.999982536 1.861810923
0.999749482 -0.012338490 -0.018675638 0.038440187 0.012228127 0.999907136 -0.006012100 -0.012045785 0.018748086 0.005782226 0.999807537 2.199900389
0.999241948 -0.007678484 -0.038167287 0.005498062 0.007462489 0.999955297 -0.005798432 -0.019350955 0.038210109 0.005509213 0.999254584 2.542572021
0.998305202 -0.004251129 -0.058040209 -0.034956668 0.003843073 0.999967217 -0.007140385 -0.022762369 0.058068655 0.006905231 0.998288691 2.894095421
0.996920466 -0.003963893 -0.078318723 -0.076298214 0.003387083 0.999966204 -0.007496378 -0.027714442 0.078345783 0.007208020 0.996900201 3.261332035
0.994982600 -0.005432846 -0.099900037 -0.118132971 0.004721848 0.999961793 -0.007352164 -0.026339352 0.099936165 0.006843563 0.994970322 3.633129120
0.992834449 -0.007372122 -0.119270176 -0.181623101 0.006678074 0.999958396 -0.006217759 -0.037221089 0.119311050 0.005376710 0.992842376 4.016696930
0.990589082 -0.005953752 -0.136739895 -0.258409083 0.005160450 0.999967754 -0.006155295 -0.036633506 0.136772156 0.005391729 0.990587831 4.412346363
0.988152266 -0.005084722 -0.153392255 -0.321950853 0.004398272 0.999978721 -0.004814138 -0.051044244 0.153413475 0.004082440 0.988153636 4.824426651
0.986003876 -0.004082731 -0.166672125 -0.410507172 0.003275541 0.999981523 -0.005117586 -0.056840587 0.166689947 0.004500019 0.985999107 5.245615005
0.983903706 -0.005665242 -0.178609505 -0.497505844 0.004630825 0.999970019 -0.006207881 -0.058874454 0.178639308 0.005280848 0.983900428 5.674698353
0.982112646 -0.009482875 -0.188055351 -0.590229273 0.008003524 0.999930799 -0.008624350 -0.064769819 0.188124120 0.006964977 0.982120514 6.125812054
0.980483234 -0.008665562 -0.196411133 -0.682419479 0.006756201 0.999923170 -0.010389199 -0.072486535 0.196486071 0.008859443 0.980466545 6.587070465
0.978955328 -0.008147962 -0.203911588 -0.791371465 0.005774791 0.999908566 -0.012230573 -0.077204332 0.203992575 0.010795638 0.978912890 7.063151836
0.977247894 -0.009267385 -0.211897761 -0.897192001 0.006281831 0.999871373 -0.014758465 -0.092013203 0.212007254 0.013091573 0.977180421 7.525033951
0.975437939 -0.013270569 -0.219874099 -1.008300304 0.009898505 0.999816000 -0.016430993 -0.101308949 0.220051691 0.013850990 0.975389898 8.025733948
0.973426640 -0.019888112 -0.228133872 -1.119692206 0.016218666 0.999707401 -0.017948277 -0.112540640 0.228424072 0.013771304 0.973464310 8.539147377
0.971394122 -0.019853307 -0.236641333 -1.247742891 0.015414902 0.999669135 -0.020591458 -0.126891986 0.236971855 0.016354622 0.971378922 9.055617332
0.969262123 -0.016842106 -0.245453000 -1.393906355 0.011118137 0.999633372 -0.024687171 -0.138779372 0.245778814 0.021199364 0.969094098 9.584948540
0.967068732 -0.013597528 -0.254152149 -1.552336097 0.006772557 0.999593079 -0.027709652 -0.156557113 0.254425526 0.025075881 0.966767192 10.127387047
0.964811802 -0.016075369 -0.262449354 -1.710430622 0.008719494 0.999536514 -0.029168464 -0.179461300 0.262796611 0.025853656 0.964504838 10.682320595
0.962306976 -0.019597590 -0.271258533 -1.862426281 0.011462294 0.999436617 -0.031543005 -0.198704109 0.271723926 0.027244806 0.961989462 11.254056931
0.960126162 -0.018999830 -0.278920591 -2.042505264 0.009965429 0.999379873 -0.033772983 -0.223055989 0.279389232 0.029646769 0.959720075 11.827793121
0.957770109 -0.018162001 -0.286960572 -2.232847691 0.007654653 0.999259889 -0.037695646 -0.245717391 0.287432849 0.033907183 0.957200408 12.428513527
0.955462217 -0.018727703 -0.294518679 -2.421566248 0.006481753 0.999075472 -0.042500924 -0.280458152 0.295042336 0.038699031 0.954700232 13.014179230
0.953552604 -0.021439118 -0.300462335 -2.610636950 0.006658239 0.998720407 -0.050131738 -0.314866960 0.301152676 0.045802701 0.952475309 13.627569199
0.952188730 -0.022208631 -0.304701984 -2.816617250 0.004639967 0.998290598 -0.058261979 -0.350935370 0.305475026 0.054062594 0.950664163 14.247014046
0.950980008 -0.021906832 -0.308475494 -3.035466909 0.001328209 0.997767925 -0.066763274 -0.394525945 0.309249520 0.063080817 0.948886514 14.868577957
0.949456334 -0.021973662 -0.313129038 -3.249419212 -0.001953550 0.997113883 -0.075895414 -0.442042321 0.313893020 0.072671078 0.946673155 15.511948586
0.948201656 -0.021598600 -0.316933841 -3.481219292 -0.004994109 0.996549129 -0.082854792 -0.495027363 0.317629695 0.080145858 0.944821656 16.157585144
0.946559012 -0.019365069 -0.321948767 -3.713170528 -0.009969061 0.995962381 -0.089216635 -0.559754074 0.322376519 0.087658338 0.942544043 16.802198410
0.945007980 -0.018451469 -0.326526374 -3.957651377 -0.013511348 0.995352268 -0.095349237 -0.619737625 0.326768130 0.094517596 0.940366447 17.464830399
0.943489254 -0.016341733 -0.330999941 -4.212297916 -0.018026553 0.994774163 -0.100496069 -0.697764337 0.330912471 0.100783743 0.938264132 18.120323181
0.941613972 -0.013829897 -0.336410075 -4.458774090 -0.022444738 0.994355202 -0.103701159 -0.766106248 0.335945219 0.105197087 0.935988426 18.787696838
0.939891398 -0.012822152 -0.341232479 -4.727453709 -0.024630927 0.994146109 -0.105199501 -0.843781233 0.340583831 0.107280985 0.934073567 19.489568710
0.937567532 -0.012478035 -0.347579151 -5.001005173 -0.025551297 0.994184673 -0.104613699 -0.924535096 0.346863210 0.106963508 0.931796491 20.199167252
0.935281754 -0.012305477 -0.353689730 -5.267322063 -0.025664661 0.994405627 -0.102463596 -1.011512399 0.352971971 0.104909666 0.929733694 20.889125824
0.932862401 -0.012659971 -0.360010147 -5.561563969 -0.025312435 0.994608402 -0.100565866 -1.095657945 0.359342307 0.102926873 0.927512348 21.607254028
0.929485500 -0.011670051 -0.368674338 -5.843348026 -0.026292596 0.994860709 -0.097779147 -1.170729637 0.367920727 0.100577682 0.924401700 22.318161011
0.926191866 -0.009832249 -0.376924366 -6.157779217 -0.026980978 0.995369017 -0.092263289 -1.247216821 0.376085997 0.095623285 0.921637416 23.054584503
0.922650933 -0.006085201 -0.385588169 -6.481647015 -0.029813668 0.995757401 -0.087054022 -1.326619387 0.384481996 0.091816254 0.918555021 23.801311493
0.918977797 -0.002349194 -0.394302398 -6.812641621 -0.033128038 0.995986819 -0.083143547 -1.402537704 0.392915308 0.089469522 0.915211856 24.552598953
0.915208936 -0.000775790 -0.402978837 -7.161653996 -0.035061534 0.996052742 -0.081546128 -1.475226521 0.401451409 0.088760801 0.911569118 25.297229767
0.911160886 -0.001635350 -0.412047446 -7.510210037 -0.034689803 0.996137500 -0.080663107 -1.549881577 0.410587907 0.087790914 0.907584906 26.041728973
0.907392323 -0.001372964 -0.420282096 -7.875914097 -0.035281040 0.996216178 -0.079426453 -1.619194150 0.418800861 0.086898960 0.903910637 26.807983398
0.903407812 -0.000787932 -0.428781569 -8.266932487 -0.036112718 0.996305466 -0.077917390 -1.686658502 0.427258849 0.085875645 0.900041759 27.599224091
0.899390638 -0.001238464 -0.437143892 -8.623319626 -0.035264570 0.996531308 -0.075377472 -1.766978025 0.435720921 0.083209492 0.896227360 28.333938599
0.895830214 -0.000926228 -0.444395334 -9.026703835 -0.034139130 0.996899247 -0.070896834 -1.838698745 0.443083078 0.078682803 0.893020928 29.121171951
0.891874373 0.001892830 -0.452279210 -9.436763763 -0.035449814 0.997207403 -0.065732047 -1.903002262 0.450891763 0.074657947 0.889450848 29.899139404
0.888074696 0.001989116 -0.459694743 -9.859803200 -0.034038547 0.997530103 -0.061442014 -1.968186855 0.458437115 0.070212454 0.885948956 30.705106735
0.884529173 0.000887739 -0.466483951 -10.296544075 -0.032366928 0.997704923 -0.059474278 -2.031319618 0.465360522 0.067705393 0.882527947 31.506652832
0.881033301 0.000970097 -0.473053128 -10.735053062 -0.032612268 0.997743368 -0.058692336 -2.093484163 0.471928686 0.067137249 0.879076719 32.323879242
0.878033280 0.001680111 -0.478596717 -11.198987961 -0.032843903 0.997847974 -0.056752454 -2.152469635 0.477471441 0.065549523 0.876198769 33.149459839
0.874902070 -0.000242541 -0.484299868 -11.653877258 -0.030384917 0.998002291 -0.055391073 -2.207603931 0.483345777 0.063177161 0.873146892 33.974716187
0.872378647 -0.000949185 -0.488829732 -12.153627396 -0.029983608 0.998011291 -0.055447448 -2.270283699 0.487910241 0.063028052 0.870615304 34.821643829
0.870088160 -0.002318397 -0.492890686 -12.622659683 -0.029057575 0.998008490 -0.055988934 -2.326720715 0.492038935 0.063037530 0.868287981 35.667564392
0.868694663 -0.002074386 -0.495343387 -13.125440598 -0.029709836 0.997972786 -0.056282088 -2.387412071 0.494455993 0.063608527 0.866872132 36.535282135
0.868339956 -0.001590794 -0.495966852 -13.633573532 -0.029897882 0.998008311 -0.055546355 -2.448543310 0.495067388 0.063061476 0.866562963 37.389369965
0.868031740 -0.001514017 -0.496506393 -14.140433311 -0.029117860 0.998118997 -0.053949751 -2.509428740 0.495654166 0.061287291 0.866354942 38.275615692
0.868060172 -0.002130516 -0.496454418 -14.667419434 -0.028038627 0.998184264 -0.053309761 -2.576618195 0.495666564 0.060195971 0.866424322 39.144371033
0.867248654 -0.004483310 -0.497855037 -15.188158035 -0.025817838 0.998209178 -0.053963020 -2.639624119 0.497205347 0.059652910 0.865579724 40.052642822
0.866145551 -0.007163994 -0.499740481 -15.721529961 -0.023150837 0.998248994 -0.054435134 -2.703857899 0.499255359 0.058718167 0.864462972 40.969409943
0.864588499 -0.007369420 -0.502426505 -16.265926361 -0.022014037 0.998376787 -0.052526172 -2.766478777 0.501998127 0.056473963 0.863022983 41.903766632
0.862566471 -0.006750824 -0.505898595 -16.816093445 -0.020758046 0.998596847 -0.048718341 -2.828202486 0.505517662 0.052524276 0.861216068 42.818370819
0.859710276 -0.006644447 -0.510738790 -17.361604691 -0.018766526 0.998829424 -0.044583350 -2.891687632 0.510437071 0.047913559 0.858579218 43.734561920
0.855791748 -0.006931790 -0.517274082 -17.936016083 -0.017446293 0.998954833 -0.042250194 -2.962919235 0.517026246 0.045181882 0.854776263 44.653900146
0.850517333 -0.010251275 -0.525847256 -18.500030518 -0.015644353 0.998874485 -0.044776361 -3.020663977 0.525714457 0.046309613 0.849399626 45.563663483
0.844321191 -0.014404400 -0.535643816 -19.065959930 -0.013424877 0.998756170 -0.048019581 -3.078234673 0.535669267 0.047734901 0.843077600 46.463768005
0.838206410 -0.014282577 -0.545166135 -19.652492523 -0.013642604 0.998794973 -0.047142848 -3.138855219 0.545182586 0.046952922 0.837001443 47.352882385
0.832317472 -0.010915632 -0.554191649 -20.248983383 -0.014897618 0.999004364 -0.042050999 -3.200761318 0.554098845 0.043255918 0.831326246 48.238372803
0.827095211 -0.006145689 -0.562028289 -20.856632233 -0.018306883 0.999115109 -0.037866041 -3.257042885 0.561763644 0.041607801 0.826250792 49.121177673
0.823151588 -0.005929715 -0.567790687 -21.474582672 -0.019732442 0.999042690 -0.039040502 -3.313454628 0.567478657 0.043340143 0.822246730 49.986938477
0.819592476 -0.008633418 -0.572881877 -22.087038040 -0.019593339 0.998879254 -0.043084446 -3.375634193 0.572611809 0.046536360 0.818504810 50.869525909
0.816379368 -0.011020699 -0.577410877 -22.710351944 -0.022237720 0.998476505 -0.050498396 -3.430674791 0.577087760 0.054066144 0.814890623 51.742614746
0.813104451 -0.012186755 -0.581990123 -23.342636108 -0.022165732 0.998407602 -0.051874440 -3.494704723 0.581695497 0.055079579 0.811539590 52.627384186
0.809769630 -0.010634664 -0.586651504 -23.980255127 -0.021512259 0.998625398 -0.047796726 -3.560441732 0.586353421 0.051324539 0.808427751 53.487079620
0.806996167 -0.007951532 -0.590503037 -24.620563507 -0.021423327 0.998857021 -0.042727958 -3.619874954 0.590167940 0.047131840 0.805903494 54.331172943
0.803709030 -0.005868251 -0.594993353 -25.258504868 -0.022133455 0.998964369 -0.039750081 -3.675707817 0.594610512 0.045116764 0.802747071 55.195247650
0.800513566 -0.005242298 -0.599291623 -25.910623550 -0.023840392 0.998891771 -0.040582992 -3.723802567 0.598840177 0.046774585 0.799501479 56.058189392
0.797072828 -0.006391396 -0.603849232 -26.572307587 -0.023839844 0.998831451 -0.042040333 -3.782205582 0.603412271 0.047904883 0.795989096 56.910438538
0.792627096 -0.009495164 -0.609632730 -27.231481552 -0.022801440 0.998717666 -0.045201037 -3.833559513 0.609280169 0.049728073 0.791394114 57.780925751
0.788703382 -0.010399719 -0.614685893 -27.889337540 -0.022237649 0.998719990 -0.045430232 -3.893368959 0.614371419 0.049500149 0.787462592 58.601329803
0.784239411 -0.010748099 -0.620365322 -28.560981750 -0.021052651 0.998813272 -0.043918729 -3.961749792 0.620101273 0.047503125 0.783082306 59.440101624
0.779420018 -0.010449556 -0.626414657 -29.246099472 -0.021251986 0.998844564 -0.043105163 -4.019948483 0.626141250 0.046909578 0.778297305 60.277317047
0.773975968 -0.011568579 -0.633109272 -29.940776825 -0.021287065 0.998792589 -0.044274021 -4.081540585 0.632857084 0.047744062 0.772795260 61.127647400
0.768444419 -0.013692686 -0.639770031 -30.629123688 -0.019283647 0.998821497 -0.044539373 -4.154102802 0.639625967 0.046563134 0.767274737 61.952911377
0.762731671 -0.014913876 -0.646543086 -31.337270737 -0.018910088 0.998792231 -0.045347620 -4.212653637 0.646438599 0.046814252 0.761528492 62.785003662
0.757043600 -0.016405320 -0.653158426 -32.057456970 -0.018450407 0.998749256 -0.046470433 -4.277053356 0.653104007 0.047231179 0.755793869 63.614906311
0.750810385 -0.018143129 -0.660268486 -32.787017822 -0.018322447 0.998665929 -0.048276734 -4.331984520 0.660263658 0.048344411 0.749476373 64.444976807
0.744816899 -0.019302044 -0.666989625 -33.541488647 -0.016933845 0.998712778 -0.047811564 -4.402582169 0.667053878 0.046905559 0.743531346 65.266471863
0.738361835 -0.019173326 -0.674132168 -34.302585602 -0.016252564 0.998799622 -0.046208426 -4.466365814 0.674208879 0.045074914 0.737163842 66.097053528
0.731895983 -0.019580634 -0.681134939 -35.066364288 -0.015366362 0.998858511 -0.045225784 -4.527991772 0.681243122 0.043567132 0.730759621 66.908309937
0.725563645 -0.021243403 -0.687826991 -35.826168060 -0.014381371 0.998836935 -0.046019267 -4.592896461 0.688004732 0.043281808 0.724414289 67.701942444
0.718485236 -0.023733003 -0.695137143 -36.612220764 -0.013112864 0.998777866 -0.047653046 -4.653142929 0.695418477 0.043353248 0.717295945 68.532890320
0.712862551 -0.022959780 -0.700927734 -37.418087006 -0.014660168 0.998757601 -0.047625370 -4.714498520 0.701150417 0.044226065 0.711640418 69.324211121
0.706979334 -0.022829337 -0.706865549 -38.229503632 -0.014469535 0.998802722 -0.046729766 -4.776248932 0.707086205 0.043264996 0.705802619 70.137275696
0.701791286 -0.022573367 -0.712024927 -39.044040680 -0.015100236 0.998801947 -0.046548277 -4.839854717 0.712222636 0.043418918 0.700609565 70.939453125
0.696931005 -0.022969916 -0.716770232 -39.875095367 -0.016278919 0.998722613 -0.047833819 -4.900330067 0.716953456 0.045005113 0.695666790 71.734909058
0.691810489 -0.025111139 -0.721642494 -40.705894470 -0.016287372 0.998598158 -0.050362501 -4.975460052 0.721895456 0.046594959 0.690431714 72.521003723
0.686876476 -0.028203683 -0.726226807 -41.547435760 -0.014703136 0.998503029 -0.052684229 -5.041699409 0.726625502 0.046865370 0.685433447 73.306655884
0.681666017 -0.028275559 -0.731116891 -42.413333893 -0.016059741 0.998434007 -0.053587411 -5.113453865 0.731487095 0.048270270 0.680144489 74.108963013
0.676757932 -0.027866611 -0.735678077 -43.275497437 -0.015545991 0.998519659 -0.052123655 -5.185285568 0.736041427 0.046711944 0.675322890 74.894851685
0.671358287 -0.028148258 -0.740598202 -44.152786255 -0.014389833 0.998594999 -0.050998565 -5.258826733 0.740993261 0.044895392 0.670010030 75.690589905
0.666250587 -0.029506156 -0.745144010 -45.029975891 -0.013824209 0.998556554 -0.051901311 -5.325944901 0.745599866 0.044880308 0.664881051 76.470672607
0.661497772 -0.030219054 -0.749337971 -45.931941986 -0.013188560 0.998564541 -0.051912330 -5.398604393 0.749831021 0.044222586 0.660149753 77.255256653
0.656886995 -0.031423897 -0.753333926 -46.819946289 -0.011493851 0.998597682 -0.051676940 -5.468455791 0.753901362 0.042604621 0.655604720 78.036956787
0.653058052 -0.031830363 -0.756638646 -47.739967346 -0.010911234 0.998617232 -0.051427476 -5.545535564 0.757229269 0.041840982 0.651807547 78.809837341
0.649204791 -0.034679260 -0.759822607 -48.641735077 -0.008604374 0.998561323 -0.052927308 -5.614023209 0.760564983 0.040898461 0.647972345 79.576087952
0.644771576 -0.039043084 -0.763377547 -49.565155029 -0.005540483 0.998429716 -0.055744532 -5.696005821 0.764355242 0.040171973 0.643542767 80.353965759
0.640004516 -0.043587666 -0.767133892 -50.481803894 -0.001199031 0.998331785 -0.057724409 -5.764976025 0.768370211 0.037863702 0.638884723 81.123275757
0.633570313 -0.046745662 -0.772271752 -51.414382935 0.003208996 0.998323202 -0.057795931 -5.844517231 0.773678482 0.034139566 0.632658064 81.883766174
0.624918997 -0.050700162 -0.779041588 -52.350944519 0.008081598 0.998255610 -0.058483880 -5.924471855 0.780647814 0.030251784 0.624238670 82.640487671
0.616115153 -0.051362630 -0.785979629 -53.314910889 0.010809798 0.998328984 -0.056765758 -6.009229660 0.787581921 0.026477959 0.615640879 83.386734009
0.607015610 -0.049715754 -0.793133199 -54.290634155 0.011128519 0.998475134 -0.054070055 -6.090322018 0.794611990 0.023994975 0.606643319 84.136550903
0.598060966 -0.049334750 -0.799930692 -55.263275146 0.010704869 0.998506188 -0.053578250 -6.175226212 0.801379144 0.023479907 0.597695708 84.850433350
0.589223742 -0.051211663 -0.806345403 -56.265419006 0.009769555 0.998367906 -0.056268252 -6.243050098 0.807910800 0.025276950 0.588762462 85.554412842
0.579214156 -0.053449914 -0.813421190 -57.270763397 0.010060581 0.998240769 -0.058430552 -6.322616100 0.815113306 0.025660314 0.578732967 86.272880554
0.569193244 -0.055270497 -0.820343852 -58.299980164 0.010391933 0.998141944 -0.060039189 -6.401595592 0.822138011 0.025648944 0.568710029 86.977073669
0.558906853 -0.055672713 -0.827359438 -59.311714172 0.013361781 0.998218834 -0.058143482 -6.494001389 0.829122663 0.021441799 0.558655262 87.665596008
0.549301267 -0.055655867 -0.833768845 -60.359188080 0.014334225 0.998260319 -0.057192389 -6.577644348 0.835501373 0.019464422 0.549143493 88.341056824
0.538633227 -0.056461610 -0.840646386 -61.415386200 0.014730048 0.998230696 -0.057607599 -6.662540913 0.842411578 0.018646603 0.538511872 89.022392273
0.528062522 -0.057066910 -0.847285867 -62.446319580 0.014130298 0.998191833 -0.058424249 -6.752539158 0.849087954 0.018879253 0.527914047 89.664955139
0.518016040 -0.057443727 -0.853439808 -63.521736145 0.012516264 0.998144627 -0.059586536 -6.837403774 0.855279326 0.020184902 0.517773926 90.313346863
0.508055627 -0.058442991 -0.859339297 -64.596000671 0.011654207 0.998070359 -0.060987830 -6.927196980 0.861245453 0.020970287 0.507756352 90.943473816
0.498497248 -0.058213163 -0.864934504 -65.698608398 0.010811981 0.998082638 -0.060943123 -7.019686222 0.866823852 0.021028321 0.498170882 91.573501587
0.490041196 -0.056141216 -0.869889557 -66.814834595 0.010010804 0.998220503 -0.058784027 -7.108389378 0.871641815 0.020098299 0.489731222 92.191055298
0.481512845 -0.054901771 -0.874717712 -67.936279297 0.010895226 0.998333931 -0.056662969 -7.193064213 0.876371264 0.017753702 0.481308758 92.819625854
0.473949730 -0.054887027 -0.878839612 -69.003532410 0.010478916 0.998336434 -0.056698892 -7.276504040 0.880489528 0.017663136 0.473736376 93.379661560
0.465889722 -0.058499064 -0.882906914 -70.133560181 0.012746235 0.998152316 -0.059409026 -7.359318256 0.884750903 0.016424315 0.465774596 93.982772827
0.459285229 -0.061368812 -0.886166513 -71.265586853 0.014923656 0.998003006 -0.061379034 -7.451800346 0.888163447 0.014965641 0.459283829 94.553871155
0.452850431 -0.064426072 -0.889255643 -72.375251770 0.016397405 0.997818887 -0.063941099 -7.543279648 0.891435683 0.014374271 0.452919185 95.133216858
0.447250634 -0.067986935 -0.891820848 -73.517242432 0.018560391 0.997597575 -0.066742599 -7.642056465 0.894216061 0.013298128 0.447438061 95.705245972
0.442420363 -0.068822473 -0.894163072 -74.658187866 0.021608556 0.997579753 -0.066090636 -7.747932911 0.896547437 0.009918272 0.442836672 96.270660400
0.438105345 -0.066317610 -0.896474004 -75.804527283 0.023200281 0.997776985 -0.062473644 -7.844132900 0.898624182 0.006571596 0.438669980 96.834548950
0.434222251 -0.064774990 -0.898473859 -76.939575195 0.026844269 0.997898757 -0.058969438 -7.942829132 0.900405705 0.001486968 0.435048699 97.384490967
0.431314170 -0.063941054 -0.899933040 -78.083610535 0.027152656 0.997953475 -0.057891954 -8.028615952 0.901793122 0.000534045 0.432167619 97.924278259
0.428221315 -0.063800134 -0.901418924 -79.211212158 0.029014185 0.997960985 -0.056849893 -8.118636131 0.903208017 -0.001809604 0.429199278 98.463157654
0.426097512 -0.062424649 -0.902520955 -80.342491150 0.030309966 0.998041451 -0.054721609 -8.215792656 0.904169381 -0.004038641 0.427155077 98.985931396
0.423513025 -0.062331282 -0.903743088 -81.472930908 0.032944851 0.998029947 -0.053395592 -8.291186333 0.905290782 -0.007159954 0.424732119 99.516960144
0.420878261 -0.063719399 -0.904876351 -82.612327576 0.035978135 0.997917414 -0.053536914 -8.370407104 0.906403422 -0.010023243 0.422294259 100.051666260
0.418288976 -0.063744769 -0.906074405 -83.705871582 0.037521183 0.997895539 -0.052882981 -8.454673767 0.907538652 -0.011876615 0.419800490 100.568580627
0.416037232 -0.063267104 -0.907144010 -84.812057495 0.040870640 0.997869611 -0.050850376 -8.530633926 0.908428669 -0.015919909 0.417736679 101.084251404
0.413824767 -0.062519468 -0.908207178 -85.912567139 0.043003168 0.997867763 -0.049097158 -8.613595009 0.909340322 -0.018738164 0.415630937 101.585052490
0.412191868 -0.064123310 -0.908837736 -87.000961304 0.045494329 0.997724414 -0.049761359 -8.688879013 0.909960508 -0.020835737 0.414171159 102.079811096
0.410531074 -0.064728878 -0.909546256 -88.073738098 0.046745628 0.997659624 -0.049900535 -8.777050018 0.910647631 -0.022031588 0.412596077 102.573944092
0.409761757 -0.065966994 -0.909804165 -89.137084961 0.046371020 0.997598410 -0.051447891 -8.854581833 0.911013186 -0.021107167 0.411836684 103.053215027
0.410205603 -0.065814257 -0.909615159 -90.193443298 0.045726378 0.997622371 -0.051560886 -8.943350792 0.910846055 -0.020442842 0.412239790 103.539756775
0.412430733 -0.066558644 -0.908554256 -91.253807068 0.043891203 0.997621000 -0.053159419 -9.014613152 0.909931004 -0.017952967 0.414370894 104.007133484
0.416838825 -0.066576995 -0.906538963 -92.288879395 0.041820068 0.997662663 -0.054039758 -9.094697952 0.908017933 -0.015385653 0.418648779 104.480789185
0.422331005 -0.066912010 -0.903968692 -93.330635071 0.040270794 0.997672021 -0.055033583 -9.178200722 0.905546606 -0.013161151 0.424042463 104.947158813
0.427706748 -0.066991910 -0.901431620 -94.332633972 0.040219802 0.997672617 -0.055060990 -9.263504982 0.903022289 -0.012705449 0.429405689 105.428497314
0.434480816 -0.065678969 -0.898283184 -95.338714600 0.038954690 0.997774661 -0.054111835 -9.341099739 0.899838269 -0.011481793 0.436072499 105.916519165
0.442905128 -0.064087719 -0.894275010 -96.352806091 0.037842344 0.997889340 -0.052771110 -9.419227600 0.895769417 -0.010468870 0.444395542 106.402656555
0.451630950 -0.063886680 -0.889914572 -97.323295593 0.037158854 0.997914493 -0.052781861 -9.493240356 0.891430736 -0.009230281 0.453063011 106.894393921
0.461329430 -0.063682996 -0.884940386 -98.311386108 0.036054038 0.997942448 -0.053019568 -9.562645912 0.886496186 -0.007446192 0.462676227 107.399765015
0.470825016 -0.063615233 -0.879930019 -99.284614563 0.034830086 0.997959614 -0.053511690 -9.648576736 0.881538808 -0.005453397 0.472080082 107.922019958
0.481189430 -0.065586247 -0.874159694 -100.252807617 0.033523422 0.997844577 -0.056412768 -9.714869499 0.875975430 -0.002159590 0.482350945 108.451087952
0.492772341 -0.066664323 -0.867600858 -101.209564209 0.031903226 0.997774780 -0.058546457 -9.788760185 0.869573236 0.001170809 0.493802667 108.987854004
0.505346596 -0.064795040 -0.860480309 -102.160011292 0.029825162 0.997892618 -0.057626482 -9.870298386 0.862400889 0.003457381 0.506214142 109.536537170
0.518091679 -0.061745368 -0.853093445 -103.084701538 0.027567735 0.998078227 -0.055496953 -9.949226379 0.854880631 0.005234653 0.518798232 110.086387634
0.530474305 -0.059438385 -0.845614552 -103.998672485 0.026887029 0.998216569 -0.053297922 -10.027024269 0.847274423 0.005537115 0.531126440 110.655738831
0.542717755 -0.058608975 -0.837867796 -104.906486511 0.026742799 0.998262525 -0.052506316 -10.100848198 0.839489281 0.006089183 0.543342173 111.232162476
0.554516435 -0.058077149 -0.830143690 -105.780708313 0.026747629 0.998290181 -0.051973950 -10.186408997 0.831742704 0.006616035 0.555121779 111.806022644
0.565981150 -0.059449032 -0.822271943 -106.658386230 0.026672326 0.998194993 -0.053809077 -10.250762939 0.823986590 0.008523022 0.566545248 112.396667480
0.576126277 -0.060946740 -0.815085351 -107.510299683 0.029243432 0.998114645 -0.053962365 -10.329748154 0.816837430 0.007253242 0.576822340 113.014060974
0.587397575 -0.060417004 -0.807040095 -108.354713440 0.029887887 0.998148739 -0.052970197 -10.415394783 0.808746338 0.006993845 0.588115871 113.618408203
0.598157108 -0.058462977 -0.799243450 -109.188720703 0.029153652 0.998262703 -0.051202096 -10.482005119 0.800848305 0.007326029 0.598822355 114.234977722
0.608093143 -0.055115484 -0.791950166 -109.993103027 0.029217802 0.998465002 -0.047053121 -10.557630539 0.793327868 0.005473640 0.608769953 114.849830627
0.617980897 -0.052936435 -0.784408927 -110.794525146 0.027426846 0.998574853 -0.045781896 -10.628611565 0.785714567 0.006778475 0.618552089 115.472213745
0.627941072 -0.053150799 -0.776443899 -111.579711914 0.025789315 0.998538435 -0.047497239 -10.684761047 0.777833521 0.009801513 0.628394008 116.104232788
0.637320697 -0.051888555 -0.768849730 -112.342926025 0.023626173 0.998577058 -0.047808137 -10.757868767 0.770236373 0.012304141 0.637639761 116.740234375
0.646885574 -0.051290028 -0.760860264 -113.117332458 0.023428034 0.998601437 -0.047397699 -10.825011253 0.762227118 0.012835432 0.647182405 117.380485535
0.655983329 -0.048782341 -0.753197193 -113.856880188 0.022824341 0.998734951 -0.044806644 -10.891552925 0.754430115 0.012201185 0.656266868 118.028335571
0.664711893 -0.047395017 -0.745594859 -114.585487366 0.023223069 0.998814225 -0.042787533 -10.949332237 0.746738851 0.011126382 0.665024340 118.669692993
0.672755480 -0.046539292 -0.738399684 -115.311218262 0.023217265 0.998856127 -0.041801900 -11.011007309 0.739500523 0.010978837 0.673066378 119.339492798
0.680403054 -0.045746639 -0.731408834 -116.011169434 0.022007631 0.998875082 -0.042002656 -11.062823296 0.732507646 0.012482154 0.680644453 119.993034363
0.687966824 -0.044664029 -0.724366486 -116.704704285 0.021520723 0.998921156 -0.041153610 -11.119935989 0.725422919 0.012723427 0.688185751 120.648040771
0.695210338 -0.042070482 -0.717574179 -117.389732361 0.020594368 0.999041736 -0.038620040 -11.172587395 0.718511283 0.012071066 0.695410550 121.306114197
0.702451766 -0.039464556 -0.710636437 -118.051940918 0.019514112 0.999154150 -0.036197770 -11.221075058 0.711463749 0.011559748 0.702627778 121.968009949
0.710383058 -0.038036622 -0.702786624 -118.711471558 0.018667126 0.999205530 -0.035210680 -11.271439552 0.703567624 0.011894065 0.710528731 122.616119385
0.717551112 -0.036922593 -0.695526540 -119.350936890 0.018030588 0.999243975 -0.034444138 -11.325795174 0.696272552 0.012174676 0.717674315 123.274765015
0.725515723 -0.033966213 -0.687366843 -119.975700378 0.015194667 0.999328494 -0.033343814 -11.366578102 0.688037813 0.013747153 0.725544691 123.926994324
0.734606266 -0.031157769 -0.677777886 -120.580558777 0.014531650 0.999438405 -0.030194594 -11.416628838 0.678338051 0.012331901 0.734646440 124.577415466
0.744180262 -0.027249357 -0.667422831 -121.170074463 0.012528415 0.999561191 -0.026840555 -11.456876755 0.667861402 0.011612461 0.744195163 125.230491638
0.754216909 -0.024978727 -0.656150043 -121.751670837 0.010695070 0.999610960 -0.025760274 -11.501167297 0.656538248 0.012411267 0.754190624 125.890029907
0.764039218 -0.023977634 -0.644724131 -122.302764893 0.009031687 0.999608755 -0.026472857 -11.537499428 0.645106614 0.014403355 0.763956845 126.546012878
0.773997366 -0.025561007 -0.632672608 -122.849761963 0.009618921 0.999544203 -0.028615642 -11.572452545 0.633115768 0.016062804 0.773890376 127.212905884
0.784122527 -0.024477785 -0.620123148 -123.382362366 0.009100559 0.999567926 -0.027948093 -11.610374451 0.620539308 0.016271261 0.784006476 127.885902405
0.794304371 -0.023034509 -0.607083201 -123.900718689 0.008773076 0.999611616 -0.026449541 -11.642800331 0.607456684 0.015682997 0.794197977 128.567153931
0.804497957 -0.020812819 -0.593590736 -124.406349182 0.008649100 0.999690413 -0.023329530 -11.680742264 0.593892515 0.013634535 0.804428816 129.252792358
0.814252734 -0.019248763 -0.580191433 -124.911155701 0.008633416 0.999741137 -0.021051669 -11.710540771 0.580446422 0.012132347 0.814208090 129.953948975
0.823341191 -0.017771624 -0.567268372 -125.385467529 0.009250369 0.999796987 -0.017895950 -11.747073174 0.567471206 0.009487033 0.823338509 130.648101807
0.831538439 -0.017205907 -0.555200636 -125.857223511 0.010038446 0.999822378 -0.015950087 -11.769671440 0.555376410 0.007689760 0.831563473 131.352294922
0.839035451 -0.017417684 -0.543797791 -126.313056946 0.011563404 0.999832451 -0.014182959 -11.799449921 0.543953776 0.005611851 0.839096427 132.055435181
0.845449746 -0.016958281 -0.533785701 -126.760757446 0.011280325 0.999839783 -0.013898111 -11.828544617 0.533935845 0.005728877 0.845505595 132.779556274
0.851980150 -0.016468959 -0.523315072 -127.197937012 0.010598443 0.999842882 -0.014210762 -11.846002579 0.523466825 0.006560963 0.852020741 133.502838135
0.858792007 -0.014363877 -0.512123048 -127.642654419 0.008808920 0.999873042 -0.013272249 -11.867263794 0.512248635 0.006886851 0.858809650 134.242904663
0.865199387 -0.012948093 -0.501260698 -128.070785522 0.007708375 0.999891818 -0.012523246 -11.897417068 0.501368582 0.006971199 0.865205705 134.982055664
0.871179342 -0.013635231 -0.490775555 -128.491729736 0.008581102 0.999884427 -0.012547444 -11.918357849 0.490889937 0.006719677 0.871195734 135.732009888
0.876117885 -0.014941814 -0.481865287 -128.901962280 0.009571390 0.999861538 -0.013601482 -11.938854218 0.482001841 0.007304380 0.876139760 136.487792969
0.880622745 -0.015243817 -0.473572731 -129.323318481 0.009788222 0.999854326 -0.013982786 -11.965097427 0.473716855 0.007678126 0.880643725 137.262878418
0.884255230 -0.014575834 -0.466776431 -129.735733032 0.009462623 0.999866724 -0.013296562 -11.983898163 0.466908127 0.007340626 0.884275317 138.037216187
0.887380660 -0.012790086 -0.460860074 -130.141174316 0.009183332 0.999907136 -0.010067671 -12.001337051 0.460946023 0.004701624 0.887415826 138.824325562
0.890400171 -0.008793669 -0.455093622 -130.550216675 0.006833476 0.999958932 -0.005952139 -12.014909744 0.455127269 0.002189914 0.890423715 139.626968384
0.893878460 -0.005915337 -0.448270202 -130.959609985 0.005229046 0.999982476 -0.002768647 -12.038307190 0.448278695 0.000130809 0.893893838 140.429885864
0.897191107 -0.003104005 -0.441631556 -131.367874146 0.003211142 0.999994636 -0.000504901 -12.049193382 0.441630810 -0.000965149 0.897196352 141.253631592
0.900458455 -0.001653079 -0.434938908 -131.773193359 0.002563057 0.999995530 0.001505623 -12.053266525 0.434934497 -0.002470525 0.900458694 142.088775635
0.903871000 -0.000163715 -0.427804977 -132.187286377 0.002272062 0.999987662 0.004417758 -12.060498238 0.427798927 -0.004965083 0.903860271 142.945755005
0.907287836 -0.000342580 -0.420509905 -132.587356567 0.003262065 0.999975324 0.006223541 -12.064969063 0.420497328 -0.007018274 0.907266617 143.810455322
0.910961032 -0.000418268 -0.412492096 -132.990997314 0.003685612 0.999967873 0.007125458 -12.068970680 0.412475824 -0.008011301 0.910933316 144.698669434
0.914737523 -0.001373714 -0.404046148 -133.400039673 0.004649641 0.999963820 0.007126753 -12.068675041 0.404021740 -0.008397778 0.914710820 145.604049683
0.918389082 -0.003796085 -0.395660341 -133.772109985 0.007071730 0.999951661 0.006820745 -12.070646286 0.395615399 -0.009062100 0.918371558 146.529357910
0.922707617 -0.005018126 -0.385467947 -134.169326782 0.007731384 0.999954998 0.005489190 -12.070965767 0.385423064 -0.008045118 0.922704875 147.451156616
0.927209914 -0.006002746 -0.374494195 -134.546661377 0.007940123 0.999961853 0.003630611 -12.081283569 0.374458134 -0.006339869 0.927222133 148.385620117
0.932203948 -0.004687545 -0.361903101 -134.912780762 0.005971491 0.999979198 0.002429375 -12.073461533 0.361884177 -0.004425774 0.932212472 149.347915649
0.938512743 -0.001323399 -0.345242202 -135.283950806 0.002711094 0.999990046 0.003536676 -12.077012062 0.345234126 -0.004255199 0.938506961 150.324829102
0.944982708 0.002824941 -0.327107966 -135.633483887 -0.000618005 0.999976337 0.006850551 -12.086120605 0.327119619 -0.006271498 0.944962084 151.329147339
0.951723039 0.005725586 -0.306904465 -135.984848022 -0.003364340 0.999960542 0.008222234 -12.082901955 0.306939453 -0.006792759 0.951704800 152.358047485
0.958235979 0.007593790 -0.285877883 -136.292587280 -0.005187155 0.999944389 0.009174720 -12.086673737 0.285931736 -0.007308655 0.958222151 153.391021729
0.964363873 0.008977330 -0.264427364 -136.592880249 -0.006432006 0.999924302 0.010490050 -12.084860802 0.264501512 -0.008415427 0.964348614 154.452102661
0.969987273 0.009969206 -0.242950886 -136.851608276 -0.006971548 0.999888659 0.013195181 -12.086364746 0.243055344 -0.011105415 0.969948769 155.503875732
0.975209534 0.012668205 -0.220920339 -137.108032227 -0.009164179 0.999815524 0.016878815 -12.083498001 0.221093416 -0.014435830 0.975145757 156.596160889
0.980006814 0.014579405 -0.198429003 -137.348983765 -0.010631509 0.999724090 0.020946693 -12.075561523 0.198679641 -0.018418299 0.979891419 157.708007812
0.984282970 0.016750829 -0.175801948 -137.559860229 -0.012686254 0.999626279 0.024218751 -12.063641548 0.176141903 -0.021607837 0.984127641 158.835098267
0.987984240 0.018515768 -0.153441414 -137.743286133 -0.014999512 0.999598444 0.024042066 -12.051384926 0.153824955 -0.021451637 0.987865210 159.969558716
0.991125405 0.017439017 -0.131781235 -137.897125244 -0.014705885 0.999656677 0.021684827 -12.031908989 0.132114142 -0.019554423 0.991041601 161.125137329
0.993734837 0.018177265 -0.110275298 -138.050109863 -0.015963685 0.999653637 0.020923089 -12.016567230 0.110617429 -0.019031603 0.993680835 162.310272217
0.995775461 0.017171117 -0.090201467 -138.155166626 -0.015169223 0.999624193 0.022832502 -12.002741814 0.090559639 -0.021367760 0.995661795 163.501251221
0.997411609 0.017466290 -0.069749206 -138.252517700 -0.015797904 0.999577463 0.024400165 -11.987690926 0.070145927 -0.023235122 0.997266114 164.690872192
0.998612165 0.018116424 -0.049451735 -138.319686890 -0.016877983 0.999536216 0.025347149 -11.970354080 0.049887996 -0.024477331 0.998454869 165.909378052
0.999389529 0.019075811 -0.029273821 -138.348617554 -0.018328842 0.999504745 0.025576258 -11.950213432 0.029747218 -0.025024084 0.999244153 167.119461060
0.999749005 0.020985123 -0.007831415 -138.380889893 -0.020767979 0.999423742 0.026848713 -11.941404343 0.008390317 -0.026679335 0.999608815 168.362167358
0.999678016 0.022382451 0.011946755 -138.371124268 -0.022689790 0.999397993 0.026242197 -11.921903610 -0.011352197 -0.026504818 0.999584138 169.626403809
0.999209464 0.023625758 0.031970378 -138.342636108 -0.024424324 0.999393463 0.024822600 -11.900403023 -0.031364538 -0.025583839 0.999180555 170.898025513
0.998409033 0.023630105 0.051194422 -138.281738281 -0.024795312 0.999445021 0.022246126 -11.879543304 -0.050640337 -0.023480117 0.998440921 172.185028076
0.997233987 0.025784768 0.069709271 -138.193939209 -0.027209325 0.999438226 0.019563768 -11.865150452 -0.069165640 -0.021406395 0.997375488 173.479003906
0.995674670 0.026196590 0.089137837 -138.090988159 -0.027883826 0.999453962 0.017735971 -11.852606773 -0.088624530 -0.020144768 0.995861292 174.779846191
0.993770778 0.026285678 0.108298928 -137.960571289 -0.028015040 0.999502778 0.014477752 -11.842041016 -0.107864521 -0.017421572 0.994012892 176.095001221
0.991502404 0.027269287 0.127198026 -137.800918579 -0.028664686 0.999547184 0.009152361 -11.841392517 -0.126890853 -0.012720677 0.991835117 177.408111572
0.989016116 0.028824819 0.144969657 -137.616592407 -0.029509306 0.999561191 0.002573022 -11.847696304 -0.144831911 -0.006822714 0.989432752 178.730911255
0.986226380 0.030921094 0.162485018 -137.412002563 -0.030886138 0.999519169 -0.002741823 -11.856221199 -0.162491709 -0.002314477 0.986707211 180.054885864
0.983050585 0.033429768 0.180261001 -137.183670044 -0.032740761 0.999440789 -0.006797086 -11.875247002 -0.180387408 0.000779996 0.983595252 181.401535034
0.979535282 0.035872553 0.198049948 -136.928802490 -0.034615874 0.999352574 -0.009804838 -11.898898125 -0.198273450 0.002748513 0.980142891 182.738967896
0.975908339 0.034729462 0.215399191 -136.642242432 -0.033420250 0.999394119 -0.009718381 -11.924151421 -0.215606168 0.002285555 0.976477742 184.103012085
0.972107887 0.033838969 0.232080281 -136.324066162 -0.032316495 0.999423981 -0.010360054 -11.953445435 -0.232297167 0.002571069 0.972641468 185.457656860
0.967952549 0.034094404 0.248808086 -135.970626831 -0.031235307 0.999392867 -0.015431223 -11.991304398 -0.249183118 0.007165094 0.968429863 186.821029663
0.963546872 0.035168845 0.265217990 -135.606277466 -0.030998640 0.999321401 -0.019894352 -12.024735451 -0.265737683 0.010947747 0.963983238 188.178451538
0.958739161 0.037509337 0.281801701 -135.207290649 -0.033168133 0.999246418 -0.020161271 -12.062317848 -0.282345653 0.009982566 0.959260821 189.569931030
0.953372240 0.039593983 0.299188346 -134.790191650 -0.034973949 0.999172032 -0.020782918 -12.107028008 -0.299763530 0.009350054 0.953967631 190.944396973
0.947534025 0.043512404 0.316679955 -134.350784302 -0.037878837 0.998995841 -0.023927093 -12.152516365 -0.317403197 0.010676263 0.948230624 192.324554443
0.941640139 0.043611068 0.333784312 -133.878372192 -0.036302663 0.998945534 -0.028105071 -12.203654289 -0.334658056 0.014347601 0.942230403 193.695953369
0.935501337 0.044720709 0.350481510 -133.376541138 -0.036360636 0.998876214 -0.030401107 -12.258915901 -0.351447195 0.015696550 0.936076105 195.063949585
0.928817868 0.045516200 0.367730439 -132.850646973 -0.034817100 0.998756707 -0.035680637 -12.323679924 -0.368897229 0.020337498 0.929247677 196.431228638
0.920862734 0.048722781 0.386830389 -132.299819946 -0.035378873 0.998510063 -0.041545607 -12.396970749 -0.388278276 0.024572173 0.921214521 197.805831909
0.911465406 0.052189693 0.408052593 -131.704574585 -0.036939777 0.998296142 -0.045169257 -12.473587990 -0.409714639 0.026096841 0.911840260 199.182113647
0.900269270 0.055302352 0.431806564 -131.102584839 -0.039005574 0.998155832 -0.046513520 -12.558026314 -0.433582574 0.025031831 0.900766015 200.516845703
