1.000000000 0.000000000 0.000000000 0.000000000 0.000000000 1.000000000 0.000000000 0.000000000 0.000000000 0.000000000 1.000000000 0.000000000
0.999873757 0.001488535 0.015818696 0.010514604 -0.001474079 0.999998510 -0.000925516 -0.003374171 -0.015820051 0.000902081 0.999874473 0.126403749
0.999292493 0.004322222 0.037360150 0.027325198 -0.004310358 0.999990642 -0.000398096 -0.004828461 -0.037361521 0.000236779 0.999301791 0.272655368
0.997895777 0.005971676 0.064562932 0.056640927 -0.006047835 0.999981225 0.000984230 -0.005324272 -0.064555839 -0.001372625 0.997913182 0.436468571
0.995128930 0.005742344 0.098416023 0.102350608 -0.006089962 0.999976218 0.003232083 -0.004456693 -0.098395132 -0.003815690 0.995140076 0.607986033
0.990623772 0.002612784 0.136593074 0.163108721 -0.003359332 0.999980628 0.005235265 -0.005819669 -0.136576727 -0.005645039 0.990613401 0.791075289
0.984338045 -0.000142260 0.176291391 0.236176580 -0.000830908 0.999984801 0.005446389 -0.004915828 -0.176289514 -0.005507569 0.984322965 0.985952437
0.975550652 -0.000373500 0.219774276 0.319747061 -0.001115211 0.999977231 0.006649713 -0.001472007 -0.219771802 -0.006732226 0.975528061 1.190771699
0.963364720 -0.000171587 0.268194765 0.411747575 -0.002461567 0.999952018 0.009481786 0.001899264 -0.268183500 -0.009794597 0.963318050 1.407796979
0.948900819 -0.003812497 0.315551490 0.527374327 -0.001547693 0.999858797 0.016734403 -0.004097877 -0.315570712 -0.016367666 0.948760867 1.617611170
0.931887329 -0.013249622 0.362505794 0.668825209 0.004609962 0.999684632 0.024687815 -0.006522015 -0.362718523 -0.021335125 0.931654453 1.830715418
0.910548806 -0.018360160 0.412993491 0.824925840 0.007067481 0.999558628 0.028854616 -0.004493982 -0.413341016 -0.023354715 0.910276771 2.052068710
0.884992719 -0.019665329 0.465189338 0.991909444 0.005019336 0.999452531 0.032701712 0.000655569 -0.465577751 -0.026605839 0.884606957 2.284041643
0.856726110 -0.021987783 0.515302777 1.166155815 0.003132136 0.999294221 0.037432127 -0.000379704 -0.515762150 -0.030455085 0.856190324 2.484840631
0.824208319 -0.026498022 0.565666497 1.372625113 0.003640457 0.999131858 0.041498870 0.007277422 -0.566275060 -0.032144431 0.823589265 2.704197407
0.788045526 -0.032212324 0.614773631 1.602695704 0.005734136 0.998970807 0.044992846 0.008967206 -0.615590274 -0.031931210 0.787419260 2.919125795
0.749618948 -0.036120120 0.660883367 1.849660635 0.006155346 0.998847067 0.047609475 0.016351551 -0.661841154 -0.031620998 0.748976946 3.133135796
0.709600329 -0.039106984 0.703518331 2.112795591 0.007092964 0.998804450 0.048366986 0.030048162 -0.704568744 -0.029331198 0.709029317 3.332143784
0.667182803 -0.040839721 0.743773699 2.417481422 0.006035199 0.998759449 0.049426969 0.046030119 -0.744869709 -0.028487997 0.666601539 3.555272102
0.624264956 -0.040505916 0.780161858 2.726895571 0.000533806 0.998676777 0.051424060 0.062583223 -0.781212389 -0.031685781 0.623460591 3.770078182
0.582427919 -0.041018866 0.811846793 3.077372074 -0.002679938 0.998623729 0.052378453 0.078157276 -0.812877834 -0.032682378 0.581516445 3.977813244
0.542182624 -0.042273149 0.839196563 3.454565525 -0.003957260 0.998594105 0.052859213 0.101607829 -0.840251386 -0.031980265 0.541253209 4.185931683
0.502878189 -0.044226583 0.863225043 3.860713243 -0.005870986 0.998492181 0.054577060 0.120568573 -0.864337325 -0.032513596 0.501860321 4.397654533
0.465754837 -0.043876372 0.883825362 4.294272423 -0.008925776 0.998486221 0.054272246 0.139661133 -0.884868741 -0.033166379 0.464658231 4.596826077
0.429100513 -0.043030947 0.902231157 4.757224560 -0.010091338 0.998573840 0.052425340 0.161087006 -0.903200448 -0.031600457 0.428054243 4.791098595
0.395203352 -0.041711293 0.917646110 5.249871254 -0.008749487 0.998752356 0.049166091 0.184449464 -0.918551981 -0.027459532 0.394345254 4.977242470
0.366197377 -0.039652944 0.929691970 5.774382114 -0.006555299 0.998956859 0.045189291 0.211123049 -0.930514097 -0.022642609 0.365555495 5.151256561
0.341307282 -0.037997391 0.939183474 6.325316906 -0.005306826 0.999088645 0.042349577 0.232666343 -0.939936817 -0.019438302 0.340794563 5.325913429
0.320987403 -0.037460037 0.946342349 6.894322395 -0.003928849 0.999156237 0.040883228 0.258002043 -0.947075248 -0.016841041 0.320569336 5.502999783
0.306100041 -0.038019534 0.951239884 7.499231815 -0.003280664 0.999154150 0.040990278 0.278687060 -0.951993644 -0.015667826 0.305716395 5.697773933
0.294264019 -0.039139956 0.954922318 8.136249542 -0.002428521 0.999127209 0.041700162 0.303189158 -0.955721080 -0.014589910 0.293912172 5.894356728
0.283511370 -0.040530976 0.958112001 8.792420387 -0.003720515 0.999052465 0.043363802 0.334505886 -0.958961666 -0.015858803 0.283091933 6.083268166
0.272901237 -0.042585980 0.961099088 9.475204468 -0.004876464 0.998945594 0.045647614 0.359861612 -0.962029815 -0.017144056 0.272405863 6.278497696
0.262950629 -0.044370145 0.963788450 10.163664818 -0.005853138 0.998850167 0.047581203 0.384708047 -0.964791536 -0.018152695 0.262388647 6.456939697
0.252802640 -0.046110332 0.966418386 10.900816917 -0.006958444 0.998751223 0.049473245 0.414547503 -0.967492819 -0.019231737 0.252166063 6.650848389
0.242565677 -0.047289532 0.968981743 11.645641327 -0.006944815 0.998701036 0.050478425 0.451765716 -0.970110118 -0.018973731 0.241922170 6.832384109
0.231971458 -0.048454765 0.971514940 12.400068283 -0.007222749 0.998645365 0.051532488 0.483477771 -0.972695768 -0.018971080 0.231307209 7.017011642
0.221781209 -0.051450163 0.973738074 13.177108765 -0.008793291 0.998460948 0.054759238 0.515901089 -0.975056708 -0.020706935 0.220987424 7.188573360
0.209853813 -0.054908682 0.976189852 13.975016594 -0.010749897 0.998231888 0.058459446 0.551722050 -0.977673650 -0.022761874 0.208892539 7.370249748
0.198068440 -0.058652312 0.978431761 14.773511887 -0.011428796 0.998001993 0.062139034 0.589695156 -0.980121553 -0.023490077 0.197002381 7.522810936
0.184650719 -0.060796022 0.980922043 15.569510460 -0.012604903 0.997856259 0.064218350 0.626696408 -0.982723296 -0.024222393 0.183488563 7.677664757
0.170145616 -0.061387610 0.983505011 16.384670258 -0.013156638 0.997827291 0.064557649 0.663725317 -0.985331059 -0.023923818 0.168968290 7.827186584
0.155805767 -0.060332015 0.985943496 17.186836243 -0.014821153 0.997877836 0.063404448 0.699349344 -0.987676501 -0.024491599 0.154580906 7.953041553
0.139124602 -0.059607416 0.988479376 18.007301331 -0.015302014 0.997938216 0.062331509 0.733323038 -0.990156591 -0.023797570 0.137925655 8.066290855
0.119097114 -0.057978887 0.991188347 18.825399399 -0.017730396 0.998010159 0.060508329 0.770210505 -0.992724240 -0.024780529 0.117832154 8.156446457
0.093676165 -0.056254141 0.994012237 19.654682159 -0.022265540 0.998034298 0.058580082 0.807673275 -0.995353639 -0.027619777 0.092239514 8.232895851
0.062536970 -0.056011513 0.996469676 20.512001038 -0.025921084 0.997996032 0.057724085 0.840728700 -0.997705996 -0.029439462 0.060959753 8.293340683
0.029243473 -0.055727914 0.998017669 21.353551865 -0.029215677 0.997970462 0.056581348 0.875697911 -0.999145269 -0.030812398 0.027555980 8.314197540
-0.005379383 -0.055345587 0.998452723 22.185148239 -0.030366410 0.998015821 0.055157758 0.902770162 -0.999524295 -0.030022712 -0.007049356 8.305281639
-0.038791310 -0.054063842 0.997783661 23.028612137 -0.031614982 0.998101830 0.052851968 0.930837750 -0.998747051 -0.029494716 -0.040426902 8.261003494
-0.072295085 -0.052322526 0.996009946 23.891399384 -0.033011358 0.998201489 0.050041534 0.957762003 -0.996836841 -0.029261880 -0.073892295 8.196594238
-0.105033204 -0.049658183 0.993228137 24.748882294 -0.036846001 0.998261034 0.046013381 0.981248677 -0.993785918 -0.031763550 -0.106680274 8.118741989
-0.137336507 -0.045161702 0.989494324 25.591161728 -0.033910129 0.998588979 0.040870246 1.001875877 -0.989943862 -0.027940908 -0.138674140 7.986085892
-0.169155449 -0.039137162 0.984812021 26.421752930 -0.028476236 0.998988271 0.034809329 1.017955422 -0.985177994 -0.022155553 -0.170098782 7.829580307
-0.198896945 -0.032667112 0.979475796 27.260456085 -0.021323483 0.999351919 0.028999969 1.031457424 -0.979788423 -0.015117830 -0.199464619 7.636993408
-0.228040770 -0.027054079 0.973275602 28.078536987 -0.016335372 0.999579489 0.023957830 1.033987999 -0.973514557 -0.010435457 -0.228386804 7.437112331
-0.256150365 -0.020897688 0.966411114 28.897264481 -0.007674505 0.999778688 0.019585080 1.036859989 -0.966606498 -0.002400001 -0.256254077 7.202544689
-0.281580865 -0.010553562 0.959479392 29.692058563 -0.001401861 0.999942958 0.010587222 1.028349757 -0.959536493 0.001636103 -0.281579554 6.942486286
-0.307171553 0.005358369 0.951639116 30.483520508 0.003261066 0.999984205 -0.004577972 1.017424345 -0.951648593 0.001697135 -0.307184130 6.674002647
-0.331623912 0.022176646 0.943150997 31.257324219 0.003651552 0.999746382 -0.022223461 0.994198501 -0.943404615 -0.003925868 -0.331620842 6.391788483
-0.356966138 0.037032753 0.933383048 32.025485992 0.004174537 0.999267161 -0.038050242 0.960491896 -0.934107959 -0.009686206 -0.356859177 6.092252731
-0.381336629 0.047515608 0.923214316 32.786243439 0.008049043 0.998810887 -0.048081707 0.916488051 -0.924401224 -0.010904325 -0.381265670 5.766466141
-0.404457748 0.051575646 0.913101256 33.535503387 0.010670441 0.998606741 -0.051678874 0.866953492 -0.914494455 -0.011158729 -0.404444546 5.427159309
-0.427110493 0.051199201 0.902748764 34.288513184 0.014597084 0.998655975 -0.049732346 0.809049129 -0.904081762 -0.008063707 -0.427283734 5.061150551
-0.447001457 0.046997819 0.893297732 35.020515442 0.018040113 0.998889327 -0.043525990 0.754896283 -0.894351304 -0.003340988 -0.447352916 4.677882195
-0.464801639 0.045973912 0.884220421 35.745429993 0.026288247 0.998927355 -0.038119197 0.703170300 -0.885024428 0.005526739 -0.465511620 4.279623985
-0.478511542 0.046078008 0.876871407 36.455333710 0.027922029 0.998915672 -0.037254073 0.655241132 -0.877637208 0.006657525 -0.479279280 3.885731697
-0.489403933 0.050285026 0.870606303 37.150398254 0.031751454 0.998701692 -0.039834835 0.611113787 -0.871479034 0.008147689 -0.490365148 3.482621193
-0.499243021 0.052677356 0.864859223 37.842601776 0.032352105 0.998587489 -0.042147189 0.564567327 -0.865857780 0.006938326 -0.500242054 3.075616837
-0.510196805 0.052056961 0.858480811 38.530769348 0.026502946 0.998644173 -0.044805501 0.513162494 -0.859649122 -0.000107349 -0.510884762 2.676137924
-0.521372020 0.050365400 0.851841867 39.230384827 0.025301430 0.998730183 -0.043564402 0.466809988 -0.852954328 -0.001160442 -0.521984279 2.257566452
-0.529755831 0.051742665 0.846570432 39.902191162 0.027458357 0.998660445 -0.043855932 0.422103167 -0.847705603 0.000012504 -0.530466855 1.825996399
-0.537152886 0.054665908 0.841711581 40.584716797 0.030358965 0.998504043 -0.045474876 0.373026729 -0.842938364 0.001126533 -0.538008928 1.390626907
-0.540485680 0.057686880 0.839373231 41.280334473 0.031885333 0.998334348 -0.048080202 0.324568629 -0.840748787 0.000777035 -0.541424811 0.934040070
-0.540306628 0.060002521 0.839326143 41.983966827 0.031652495 0.998197675 -0.050984144 0.276633501 -0.840872765 -0.000980301 -0.541231990 0.484947205
-0.536545932 0.060329422 0.841711700 42.706066132 0.033578474 0.998177588 -0.050139580 0.230133891 -0.843202770 0.001361198 -0.537593842 0.015800476
-0.531089306 0.059063561 0.845254719 43.442405701 0.032038953 0.998253942 -0.049623955 0.169726253 -0.846709907 0.000726324 -0.532054305 -0.434488297
-0.524159789 0.057455845 0.849679530 44.190040588 0.029765459 0.998347938 -0.049146842 0.117990851 -0.851099610 -0.000469698 -0.525003970 -0.883068085
-0.516897619 0.056982335 0.854148686 44.960971832 0.028183131 0.998373985 -0.049548630 0.065346479 -0.855583251 -0.001538979 -0.517662942 -1.345474243
-0.511307120 0.055494729 0.857604444 45.747707367 0.025252059 0.998452187 -0.049553476 0.010138988 -0.859027028 -0.003680763 -0.511916995 -1.795545578
-0.506488681 0.053179100 0.860605121 46.549064636 0.020546576 0.998557150 -0.049611337 -0.042092562 -0.862001777 -0.007445095 -0.506850600 -2.264867783
-0.505111754 0.050440323 0.861578703 47.373458862 0.016415579 0.998671591 -0.048842452 -0.097971916 -0.862897813 -0.010527584 -0.505268812 -2.736633301
-0.505692840 0.047879174 0.861383975 48.209461212 0.013489683 0.998775482 -0.047596563 -0.158435583 -0.862608135 -0.012449441 -0.505719543 -3.213150024
-0.506838202 0.046859015 0.860766649 49.054748535 0.012620669 0.998817861 -0.046943009 -0.217579365 -0.861948907 -0.012929061 -0.506830394 -3.700307846
-0.507091582 0.046152648 0.860655606 49.921188354 0.012153794 0.998848915 -0.046402350 -0.272111416 -0.861806512 -0.013070004 -0.507068813 -4.210596085
-0.507343829 0.045527540 0.860540211 50.789649963 0.012000847 0.998879910 -0.045771241 -0.328781962 -0.861660182 -0.012894547 -0.507321954 -4.718347549
-0.507529557 0.044648189 0.860476792 51.666603088 0.011819175 0.998923302 -0.044860650 -0.385111928 -0.861553311 -0.012597977 -0.507510781 -5.227725983
-0.507489204 0.044496402 0.860508561 52.551063538 0.012100381 0.998935223 -0.044518132 -0.446300030 -0.861573160 -0.012179984 -0.507487357 -5.746376038
-0.507911563 0.042915829 0.860339582 53.448265076 0.009911927 0.998983145 -0.043980099 -0.503787518 -0.861352265 -0.013810371 -0.507820547 -6.269155502
-0.507905900 0.042040303 0.860386014 54.328758240 0.008961748 0.999012172 -0.043523554 -0.564253926 -0.861365914 -0.014395304 -0.507780910 -6.779392242
-0.507290721 0.041242842 0.860787511 55.219486237 0.007975066 0.999036133 -0.043166768 -0.628180504 -0.861738086 -0.015033260 -0.507130682 -7.297504425
-0.505981505 0.039731778 0.861628771 56.095104218 0.007436574 0.999102354 -0.041703954 -0.686057091 -0.862512231 -0.014693871 -0.505822599 -7.810796738
-0.503608942 0.037712224 0.863108277 56.980819702 0.007654959 0.999202311 -0.039192118 -0.745587826 -0.863897800 -0.013130442 -0.503495872 -8.327569962
-0.501391411 0.036114950 0.864466608 57.866683960 0.008014135 0.999279380 -0.037098847 -0.807748318 -0.865183413 -0.011673088 -0.501319468 -8.834188461
-0.498777568 0.035953090 0.865984082 58.752132416 0.008177035 0.999289930 -0.036777858 -0.862707257 -0.866691470 -0.011262788 -0.498717397 -9.341234207
-0.496952653 0.035933185 0.867033362 59.636688232 0.008319865 0.999293625 -0.036645912 -0.922109842 -0.867737710 -0.010997685 -0.496900648 -9.841180801
-0.495889246 0.036800522 0.867605686 60.522880554 0.008373105 0.999257803 -0.037598960 -0.975168705 -0.868345439 -0.011380369 -0.495829284 -10.348434448
-0.496712774 0.038320601 0.867068589 61.398330688 0.008017750 0.999184668 -0.039566476 -1.032381296 -0.867877960 -0.012701235 -0.496615082 -10.844692230
-0.499852121 0.039906610 0.865190983 62.270713806 0.006471108 0.999082148 -0.042343695 -1.093314290 -0.866086662 -0.015566842 -0.499651551 -11.337961197
-0.504053712 0.040597506 0.862717628 63.145542145 0.005179598 0.999018729 -0.043985289 -1.148438454 -0.863656759 -0.017702414 -0.503769398 -11.850286484
-0.509619057 0.039281745 0.859502971 64.008407593 0.006813015 0.999110222 -0.041622601 -1.208726406 -0.860373139 -0.015355863 -0.509433150 -12.357831955
-0.515228808 0.036714487 0.856265903 64.866279602 0.008008611 0.999244630 -0.038026135 -1.271191239 -0.857015193 -0.012734656 -0.515133679 -12.869817734
-0.520492971 0.034463383 0.853170216 65.736984253 0.005372315 0.999297559 -0.037088640 -1.325918078 -0.853849053 -0.014720873 -0.520312488 -13.388959885
-0.525855958 0.037672047 0.849739015 66.584136963 0.007896000 0.999191940 -0.039411448 -1.385272026 -0.850537002 -0.014015207 -0.525728464 -13.905050278
-0.530686557 0.039385859 0.846652508 67.424293518 0.007742037 0.999103308 -0.041625045 -1.436211824 -0.847532690 -0.015535037 -0.530515671 -14.429241180
-0.535656989 0.040389355 0.843469262 68.249252319 0.006493101 0.999022961 -0.043714486 -1.492705464 -0.844410717 -0.017939229 -0.535395861 -14.940076828
-0.538861215 0.040617380 0.841414750 69.059082031 0.005754478 0.998991072 -0.044538721 -1.553708792 -0.842374742 -0.019158289 -0.538551390 -15.465732574
-0.542254925 0.040388305 0.839242756 69.871910095 0.007288937 0.999032497 -0.043368589 -1.610395312 -0.840182304 -0.017399644 -0.542024791 -15.987176895
-0.544288278 0.033301935 0.838237047 70.697494507 0.007615361 0.999366701 -0.034758538 -1.660754085 -0.838863730 -0.012535186 -0.544197261 -16.524797440
-0.546590388 0.023743600 0.837063432 71.510307312 0.005909728 0.999682426 -0.024497377 -1.719136715 -0.837379277 -0.008443215 -0.546557128 -17.054025650
-0.548515141 0.022505693 0.835837662 72.326057434 0.007052109 0.999726593 -0.022290634 -1.761030078 -0.836110890 -0.006332334 -0.548523962 -17.581722260
-0.549108803 0.027236274 0.835306942 73.114608765 0.007565666 0.999589860 -0.027619462 -1.806514740 -0.835716665 -0.008846439 -0.549089670 -18.100660324
-0.551061571 0.033110235 0.833807409 73.920089722 0.008634822 0.999385178 -0.033978537 -1.849988937 -0.834419847 -0.011524492 -0.551008701 -18.614568710
-0.550517797 0.037285019 0.833990395 74.691925049 0.014775743 0.999280810 -0.034921143 -1.895399690 -0.834692657 -0.006901883 -0.550672829 -19.152463913
-0.550256908 0.038831986 0.834092021 75.482376099 0.018421289 0.999239504 -0.034367930 -1.945584059 -0.834792256 -0.003546140 -0.550553799 -19.686159134
-0.549925566 0.035498492 0.834458828 76.283363342 0.016721500 0.999364018 -0.031493869 -1.987205029 -0.835046232 -0.003365881 -0.550169468 -20.204887390
-0.549261749 0.030494353 0.835093796 77.077354431 0.014991527 0.999532700 -0.026638722 -2.027400732 -0.835515916 -0.002112296 -0.549462259 -20.726512909
-0.549237370 0.023323389 0.835340738 77.868431091 0.012126267 0.999727607 -0.019940171 -2.075410366 -0.835578382 -0.000822321 -0.549370527 -21.218721390
-0.549230456 0.017797956 0.835481405 78.669631958 0.003687551 0.999814987 -0.018874567 -2.110883951 -0.835662782 -0.007285608 -0.549194515 -21.714822769
-0.547480762 0.013098378 0.836715817 79.465415955 -0.003475194 0.999833286 -0.017925795 -2.138789654 -0.836811066 -0.012721778 -0.547343910 -22.220922470
-0.545272350 0.013711368 0.838146865 80.258926392 0.000196244 0.999868214 -0.016229324 -2.182191133 -0.838258982 -0.008684921 -0.545203149 -22.741470337
-0.541738153 0.016704312 0.840381265 81.048248291 0.004353769 0.999844849 -0.017067391 -2.218498230 -0.840535998 -0.005587230 -0.541726828 -23.261571884
-0.536211371 0.020001046 0.843846679 81.838424683 0.006149039 0.999785244 -0.019789809 -2.245366573 -0.844061315 -0.005422674 -0.536219180 -23.765882492
-0.528440893 0.022004994 0.848684788 82.628288269 0.011141397 0.999757707 -0.018984772 -2.281076431 -0.848896921 -0.000576797 -0.528558016 -24.260110855
-0.519937694 0.025856439 0.853812754 83.429077148 0.018404994 0.999648809 -0.019064959 -2.312263250 -0.854005873 0.005801826 -0.520231009 -24.765205383
-0.511170506 0.024716645 0.859123886 84.227905273 0.015904106 0.999687374 -0.019297805 -2.346332788 -0.859332204 0.003799135 -0.511403739 -25.214162827
-0.500354350 0.022519525 0.865527809 85.036430359 0.013893398 0.999741793 -0.017979886 -2.376171589 -0.865709364 0.003028808 -0.500537932 -25.671115875
-0.488853604 0.019202944 0.872154415 85.843475342 0.014291192 0.999799788 -0.014003027 -2.410302162 -0.872248828 0.005618696 -0.489030182 -26.115417480
-0.477438688 0.018488403 0.878470540 86.653747559 0.013251224 0.999816358 -0.013840380 -2.436260223 -0.878565192 0.005032877 -0.477596074 -26.556533813
-0.466459453 0.017309092 0.884373188 87.489799500 0.013310650 0.999832690 -0.012548228 -2.463275909 -0.884442449 0.005918344 -0.466611803 -26.978630066
-0.454558581 0.018522374 0.890524209 88.307891846 0.014306363 0.999806702 -0.013492852 -2.488972664 -0.890601933 0.006606872 -0.454735667 -27.391780853
-0.442042202 0.022159701 0.896720409 89.127769470 0.014107122 0.999742925 -0.017751418 -2.526946306 -0.896883249 0.004803270 -0.442241132 -27.797817230
-0.431062967 0.031492990 0.901772022 89.950340271 0.016771697 0.999497771 -0.026888739 -2.559265137 -0.902166009 0.003533506 -0.431374639 -28.181152344
-0.418146759 0.036354363 0.907651603 90.787055969 0.015777217 0.999338865 -0.032758307 -2.590440750 -0.908242464 0.000622444 -0.418443859 -28.564558029
-0.406925619 0.032062154 0.912898421 91.635330200 0.013201087 0.999485791 -0.029218819 -2.631892443 -0.913365901 0.000161365 -0.407139659 -28.938247681
-0.395288199 0.028465971 0.918115973 92.477394104 0.011435151 0.999594688 -0.026068883 -2.673031330 -0.918485999 0.000194072 -0.395453542 -29.294351578
-0.385511845 0.029094383 0.922244132 93.323127747 0.009071343 0.999573886 -0.027741982 -2.719572544 -0.922658265 -0.002328869 -0.385611475 -29.638534546
-0.377988070 0.033499870 0.925204158 94.179039001 0.004754161 0.999402165 -0.034244139 -2.766152382 -0.925798237 -0.008545308 -0.377921373 -29.986289978
-0.373110324 0.038525429 0.926986754 95.018615723 -0.000796664 0.999123752 -0.041844092 -2.810330629 -0.927786648 -0.016350962 -0.372752726 -30.308156967
-0.369838297 0.041023418 0.928190053 95.863937378 -0.002316216 0.998980939 -0.045075081 -2.862241268 -0.929093242 -0.018820377 -0.369366407 -30.631607056
-0.366286099 0.040270772 0.929630458 96.696235657 -0.004657930 0.998971164 -0.045109835 -2.916566849 -0.930490613 -0.020853259 -0.365721732 -30.953121185
-0.361839563 0.040461343 0.931361914 97.530975342 -0.005810266 0.998940408 -0.045654487 -2.967545271 -0.932222307 -0.021931060 -0.361220986 -31.264373779
-0.355403513 0.035931762 0.934022069 98.392196655 -0.008737403 0.999089479 -0.041759558 -3.022594929 -0.934672117 -0.023002423 -0.354766011 -31.591495514
-0.350156844 0.032182325 0.936138093 99.230300903 -0.008681778 0.999255121 -0.037599511 -3.073582888 -0.936650872 -0.021293065 -0.349616647 -31.895771027
-0.344602376 0.029164739 0.938295603 100.080444336 -0.010905347 0.999325395 -0.035066850 -3.125506639 -0.938685536 -0.022316558 -0.344051838 -32.198871613
-0.339016616 0.027284719 0.940384686 100.930633545 -0.019705432 0.999154031 -0.036093857 -3.170951128 -0.940573990 -0.030767106 -0.338192225 -32.484214783
-0.332948685 0.027662331 0.942539155 101.782417297 -0.026309818 0.998907804 -0.038610537 -3.218249559 -0.942577839 -0.037653361 -0.331857324 -32.766452789
-0.326400757 0.031400569 0.944709718 102.624633789 -0.024307625 0.998838663 -0.041598089 -3.273216009 -0.944918871 -0.036541305 -0.325258404 -33.044921875
-0.318823546 0.034896854 0.947171450 103.488723755 -0.023134135 0.998737693 -0.044583809 -3.322298050 -0.947531700 -0.036126357 -0.317613810 -33.341209412
-0.312610865 0.032894731 0.949311554 104.345977783 -0.024154164 0.998801827 -0.042563654 -3.372398376 -0.949574113 -0.036235686 -0.311441720 -33.614021301
-0.305971980 0.028153010 0.951624215 105.199935913 -0.024461363 0.999000192 -0.037419558 -3.421288252 -0.951726139 -0.034727354 -0.304977357 -33.876811981
-0.298304617 0.025400462 0.954132676 106.060409546 -0.026140831 0.999053359 -0.034769125 -3.473201275 -0.954112649 -0.035313606 -0.297358334 -34.145862579
-0.292180836 0.028177120 0.955947936 106.914619446 -0.028463770 0.998866856 -0.038141996 -3.519848585 -0.955939353 -0.038354244 -0.291047722 -34.396648407
-0.285859406 0.031359632 0.957758307 107.770515442 -0.027740119 0.998774707 -0.040982135 -3.567137241 -0.957870007 -0.038283452 -0.284639180 -34.641906738
-0.279201239 0.031758778 0.959707260 108.625762939 -0.029727383 0.998687923 -0.041697118 -3.616139650 -0.959772348 -0.040171474 -0.277890772 -34.879074097
-0.272300452 0.031363185 0.961700976 109.484115601 -0.030169634 0.998698831 -0.041112151 -3.667613029 -0.961739182 -0.040209025 -0.271000028 -35.116043091
-0.263958633 0.031231461 0.964028239 110.343109131 -0.026114164 0.998877823 -0.039510746 -3.718418360 -0.964180410 -0.035603996 -0.262846857 -35.353130341
-0.256220043 0.032471254 0.966072917 111.200141907 -0.023329612 0.998936772 -0.039763298 -3.768574715 -0.966336966 -0.032726258 -0.255190045 -35.580986023
-0.249763682 0.032971460 0.967745304 112.056167603 -0.022067290 0.998966694 -0.039730508 -3.816279411 -0.968055367 -0.031278752 -0.248778015 -35.793922424
-0.243373990 0.031746123 0.969412863 112.924392700 -0.028278336 0.998807132 -0.039808083 -3.863980293 -0.969520271 -0.037101630 -0.242185935 -35.992519379
-0.237511143 0.029748501 0.970929146 113.790840149 -0.033045333 0.998704970 -0.038683157 -3.913460255 -0.970822573 -0.041272361 -0.236220524 -36.192375183
-0.233011916 0.029876623 0.972014964 114.665672302 -0.030477382 0.998812675 -0.038006358 -3.961931229 -0.971996248 -0.038480401 -0.231824681 -36.396697998
-0.228578433 0.030053074 0.973061562 115.537406921 -0.028946161 0.998871624 -0.037649862 -4.012217045 -0.973095119 -0.036772344 -0.227450609 -36.592376709
-0.223588899 0.031563450 0.974172354 116.407524109 -0.027506692 0.998872995 -0.038677007 -4.063175201 -0.974295318 -0.035444010 -0.222468734 -36.791862488
-0.217276439 0.030390413 0.975636899 117.267601013 -0.021432254 0.999125719 -0.035895087 -4.110616684 -0.975874782 -0.028709255 -0.216435149 -36.991897583
-0.212293282 0.029573649 0.976758361 118.143508911 -0.014467135 0.999337196 -0.033401635 -4.150816441 -0.977098942 -0.021221835 -0.211724713 -37.185501099
-0.207050502 0.028858069 0.977904558 119.016227722 -0.012515719 0.999404967 -0.032142483 -4.198803902 -0.978250206 -0.018894296 -0.206566125 -37.370063782
-0.202989012 0.030287854 0.978712440 119.886161804 -0.014596451 0.999316752 -0.033952855 -4.241281986 -0.979072213 -0.021177785 -0.202408254 -37.542205811
-0.199548766 0.031798989 0.979371727 120.768959045 -0.016306994 0.999227047 -0.035766248 -4.286609650 -0.979752123 -0.023107722 -0.198876038 -37.715091705
-0.197486088 0.031197734 0.979809165 121.637535095 -0.019160895 0.999179602 -0.035676494 -4.331483364 -0.980118334 -0.025819629 -0.196726337 -37.882835388
-0.197205648 0.030002613 0.979902923 122.509651184 -0.019294264 0.999219298 -0.034477014 -4.376069546 -0.980172217 -0.025705572 -0.196472794 -38.042392731
-0.196202546 0.025423700 0.980233669 123.388900757 -0.018151892 0.999398410 -0.029554022 -4.420291424 -0.980395377 -0.023591675 -0.195623025 -38.216377258
-0.195167959 0.020951763 0.980545998 124.261177063 -0.019503010 0.999491215 -0.025238452 -4.455587387 -0.980575919 -0.024049332 -0.194660038 -38.387107849
-0.194500297 0.018979212 0.980718851 125.130187988 -0.018964000 0.999553263 -0.023104724 -4.495533466 -0.980719149 -0.023092227 -0.194053486 -38.553825378
-0.192906901 0.023044456 0.980946422 125.980934143 -0.019494765 0.999436796 -0.027312556 -4.541069031 -0.981023312 -0.024392102 -0.192349017 -38.721256256
-0.192882299 0.026955564 0.980851591 126.863098145 -0.019241333 0.999326468 -0.031247053 -4.579628468 -0.981033206 -0.024899896 -0.192233741 -38.892108917
-0.193040252 0.026619378 0.980829656 127.695640564 -0.022420058 0.999251246 -0.031531896 -4.611326218 -0.980934680 -0.028077187 -0.192298934 -39.043994904
-0.192883372 0.025118846 0.980900049 128.546997070 -0.024524612 0.999236584 -0.030410899 -4.659161568 -0.980915129 -0.029921951 -0.192120075 -39.199111938
-0.191706568 0.026967824 0.981081665 129.386093140 -0.019664042 0.999316275 -0.031311464 -4.696605206 -0.981255293 -0.025294643 -0.191045180 -39.369956970
-0.190384954 0.029028349 0.981280208 130.240310669 -0.022108296 0.999182522 -0.033847313 -4.737323761 -0.981460571 -0.028138451 -0.189587548 -39.537994385
-0.190931007 0.029978558 0.981145561 131.077209473 -0.028733570 0.998934507 -0.036113650 -4.785997391 -0.981182814 -0.035087030 -0.189866185 -39.682308197
-0.190071106 0.031056227 0.981278956 131.912429810 -0.034755271 0.998660147 -0.038338318 -4.833602905 -0.981154919 -0.041391619 -0.188737094 -39.832656860
-0.189901024 0.035096083 0.981175780 132.736419678 -0.030862767 0.998653591 -0.041694567 -4.880035400 -0.981318116 -0.038199633 -0.188562199 -39.987365723
-0.189486623 0.036042228 0.981221557 133.556091309 -0.029436961 0.998668313 -0.042367745 -4.930997372 -0.981441915 -0.036912303 -0.188173354 -40.141525269
-0.187784538 0.036963195 0.981514513 134.377258301 -0.030778084 0.998579443 -0.043494344 -4.977933884 -0.981727898 -0.038376704 -0.186380148 -40.292869568
-0.185781464 0.036688905 0.981905818 135.202468872 -0.021546977 0.998910248 -0.041401062 -5.025958061 -0.982354820 -0.028848654 -0.184788465 -40.454185486
-0.181968465 0.033425100 0.982736051 136.018569946 -0.015190373 0.999207258 -0.036798049 -5.076646328 -0.983187020 -0.021624213 -0.181316465 -40.616275787
-0.180030182 0.028338617 0.983252704 136.833709717 -0.012008334 0.999447167 -0.031004038 -5.123255730 -0.983587742 -0.017388891 -0.179590330 -40.766677856
-0.176354185 0.028090034 0.983925879 137.644088745 -0.009686764 0.999494731 -0.030270722 -5.164481163 -0.984279215 -0.014869425 -0.175992981 -40.912246704
-0.171255693 0.033112366 0.984669983 138.444366455 -0.008352508 0.999350250 -0.035058722 -5.209412575 -0.985191226 -0.014228467 -0.170867875 -41.053569794
-0.164703175 0.036228441 0.985677600 139.238494873 -0.007725979 0.999247193 -0.038018171 -5.251019955 -0.986312926 -0.013877040 -0.164299324 -41.182678223
-0.156673059 0.037306365 0.986945629 140.037292480 -0.007549878 0.999211967 -0.038968533 -5.286735535 -0.987621665 -0.013556637 -0.156267926 -41.302093506
-0.147223771 0.032828785 0.988558233 140.837814331 -0.006356639 0.999396920 -0.034135409 -5.327422142 -0.989082813 -0.011309450 -0.146926314 -41.416816711
-0.135346398 0.031379238 0.990301311 141.630538940 -0.002923694 0.999481261 -0.032069709 -5.370495319 -0.990794063 -0.007235858 -0.135184467 -41.523952484
-0.121457778 0.034000527 0.992014110 142.421127319 0.001255407 0.999417603 -0.034100574 -5.408972263 -0.992595792 -0.002896398 -0.121429741 -41.622283936
-0.107209571 0.035148729 0.993614972 143.208374023 0.000692142 0.999377251 -0.035277899 -5.447655678 -0.994236112 -0.003094404 -0.107167147 -41.702857971
-0.093310513 0.035079446 0.995018899 143.993896484 0.001909083 0.999383509 -0.035054300 -5.488353729 -0.995635211 -0.001371361 -0.093319982 -41.772571564
-0.079866454 0.036655698 0.996131361 144.774932861 0.002869387 0.999327898 -0.036543276 -5.531937599 -0.996801496 -0.000060296 -0.079917975 -41.829814911
-0.066282287 0.042793259 0.996882975 145.544967651 -0.000124486 0.999079645 -0.042895835 -5.582896233 -0.997800827 -0.002967333 -0.066215962 -41.870475769
-0.053586226 0.052081048 0.997204125 146.309463501 -0.007177907 0.998593092 -0.052539296 -5.627573013 -0.998537421 -0.009973221 -0.053136989 -41.895511627
-0.039939627 0.059938755 0.997402728 147.076400757 -0.011437046 0.998106360 -0.060439020 -5.676239014 -0.999136567 -0.013821254 -0.039178468 -41.909946442
-0.026801145 0.060617149 0.997801244 147.841323853 -0.012132996 0.998066545 -0.060959164 -5.727735519 -0.999567091 -0.013740093 -0.026013855 -41.922172546
-0.014770797 0.057024606 0.998263478 148.615188599 -0.016030530 0.998230577 -0.057259921 -5.781905651 -0.999762416 -0.016848467 -0.013830527 -41.924404144
-0.004308603 0.054395024 0.998510182 149.379379272 -0.020030461 0.998314321 -0.054470789 -5.841469765 -0.999790072 -0.020235313 -0.003211784 -41.912479401
0.004541265 0.060893487 0.998133957 150.137954712 -0.024389027 0.997854054 -0.060765442 -5.901794434 -0.999692202 -0.024067564 0.006016653 -41.896903992
0.011203740 0.068972521 0.997555733 150.883697510 -0.027581936 0.997260034 -0.068642303 -5.955820084 -0.999556661 -0.026745465 0.013075437 -41.877441406
0.014484950 0.071659848 0.997324049 151.634063721 -0.030076176 0.997008443 -0.071200363 -6.012615204 -0.999442577 -0.028964357 0.016596872 -41.862251282
0.014302904 0.067144081 0.997640669 152.387512207 -0.032461923 0.997248054 -0.066652238 -6.072522163 -0.999370635 -0.031432018 0.016443169 -41.842582703
0.012743125 0.062773645 0.997946441 153.144683838 -0.034293160 0.997467697 -0.062305637 -6.140955925 -0.999330640 -0.033428766 0.014863562 -41.828327179
0.009494639 0.059901640 0.998159051 153.894714355 -0.033735111 0.997655034 -0.059550498 -6.193008423 -0.999385715 -0.033107601 0.011493165 -41.817619324
0.007026585 0.060284760 0.998156488 154.639205933 -0.031793758 0.997689962 -0.060032774 -6.244840622 -0.999469757 -0.031313322 0.008927033 -41.815467834
0.002773196 0.060305893 0.998176098 155.380187988 -0.030441131 0.997722328 -0.060193915 -6.302226067 -0.999532700 -0.030218674 0.004602659 -41.805831909
-0.001005325 0.059143610 0.998248994 156.123703003 -0.029909788 0.997801006 -0.059147198 -6.357431412 -0.999552011 -0.029916877 0.000765858 -41.811153412
-0.006113955 0.059439104 0.998213291 156.861877441 -0.030596970 0.997753322 -0.059599124 -6.407588005 -0.999513090 -0.030906685 -0.004281562 -41.813705444
-0.012175814 0.057499737 0.998271346 157.600769043 -0.031926546 0.997813880 -0.057862796 -6.460332394 -0.999415934 -0.032575879 -0.010313428 -41.814186096
-0.017861499 0.054994226 0.998326898 158.352462769 -0.029420650 0.998024940 -0.055503976 -6.520473480 -0.999407470 -0.030362805 -0.016208259 -41.836635590
-0.023310041 0.054882184 0.998220682 159.086212158 -0.030055813 0.998002172 -0.055572014 -6.571275711 -0.999276400 -0.031297714 -0.021613944 -41.851074219
-0.028663741 0.056622207 0.997984171 159.810012817 -0.032361954 0.997818470 -0.057542294 -6.618745804 -0.999065161 -0.033946101 -0.026768800 -41.863155365
-0.032571420 0.058586065 0.997750878 160.535400391 -0.031974256 0.997708619 -0.059627362 -6.678946972 -0.998957932 -0.033844490 -0.030623535 -41.883041382
-0.035103235 0.060555667 0.997547388 161.254241943 -0.031654049 0.997594357 -0.061672412 -6.735642433 -0.998882234 -0.033741318 -0.033101957 -41.907257080
-0.035906434 0.061786044 0.997443378 161.971832275 -0.028571526 0.997615457 -0.062825240 -6.791228294 -0.998946607 -0.030754313 -0.034055497 -41.940517426
-0.035769816 0.060630571 0.997519135 162.697158813 -0.026213694 0.997757614 -0.061585061 -6.843677521 -0.999016106 -0.028351553 -0.034100249 -41.961254120
-0.031806845 0.056700278 0.997884452 163.420913696 -0.022721229 0.998090565 -0.057436205 -6.901303291 -0.999235749 -0.024500029 -0.030457811 -41.986492157
-0.024154816 0.056487735 0.998111069 164.123092651 -0.021999761 0.998130500 -0.057021238 -6.956744194 -0.999466181 -0.023335543 -0.022866942 -42.001373291
-0.013143081 0.057535827 0.998256922 164.818496704 -0.019513499 0.998138249 -0.057785902 -7.006913662 -0.999723196 -0.020238971 -0.011995886 -42.001991272
0.001076028 0.057481624 0.998345971 165.510421753 -0.017519465 0.998194456 -0.057454009 -7.058205128 -0.999845982 -0.017428666 0.002081137 -41.995441437
0.016694140 0.055655241 0.998310447 166.192642212 -0.018097451 0.998302817 -0.055352189 -7.104118347 -0.999696851 -0.017142816 0.017673025 -41.983764648
0.032570086 0.050529219 0.998191357 166.875823975 -0.023005355 0.998494446 -0.049793921 -7.152598858 -0.999204755 -0.021341950 0.033683494 -41.942878723
0.049133893 0.043925732 0.997825801 167.561248779 -0.024370741 0.998787701 -0.042768039 -7.196527004 -0.998494804 -0.022216396 0.050144844 -41.897090912
0.065868452 0.037293419 0.997131109 168.236785889 -0.025233330 0.999044001 -0.035698093 -7.229744911 -0.997509241 -0.022809559 0.066746518 -41.836383820
0.083758973 0.029387861 0.996052623 168.914642334 -0.024808645 0.999316633 -0.027397983 -7.267974854 -0.996177137 -0.022415888 0.084430821 -41.777919769
0.100545421 0.023369003 0.994657993 169.576965332 -0.026586175 0.999430239 -0.020793648 -7.301347733 -0.994577169 -0.024353446 0.101109415 -41.694671631
0.118518442 0.021169852 0.992726207 170.229766846 -0.027922535 0.999448299 -0.017979622 -7.330039978 -0.992559135 -0.025588512 0.119044185 -41.603717804
0.136907429 0.020271149 0.990376413 170.874633789 -0.026859367 0.999499083 -0.016744889 -7.347718239 -0.990219653 -0.024308389 0.137383282 -41.511631012
0.153951660 0.020035770 0.987875223 171.511795044 -0.027696270 0.999489069 -0.015955094 -7.365206242 -0.987690091 -0.024904149 0.154427931 -41.396026611
0.169713110 0.018821796 0.985313714 172.143066406 -0.032978766 0.999366105 -0.013409875 -7.385553837 -0.984941542 -0.030218603 0.170226231 -41.264293671
0.184883282 0.015271056 0.982641757 172.764404297 -0.034711007 0.999356866 -0.008999973 -7.404280186 -0.982147276 -0.032444533 0.185294464 -41.142982483
0.196730688 0.011274317 0.980392754 173.388717651 -0.031277031 0.999497116 -0.005217804 -7.420704365 -0.979958534 -0.029637264 0.196984380 -41.009437561
0.207519799 0.010058273 0.978179038 174.008026123 -0.029162914 0.999566317 -0.004091304 -7.439247131 -0.977796018 -0.027677521 0.207723111 -40.873912811
0.217523828 0.013976367 0.975954950 174.610763550 -0.033851508 0.999404013 -0.006767248 -7.457453728 -0.975467861 -0.031565506 0.217867270 -40.726329803
0.226358667 0.021116478 0.973815084 175.194335938 -0.038568057 0.999175251 -0.012701432 -7.480240345 -0.973280072 -0.034683082 0.226986408 -40.575817108
0.235465229 0.030538296 0.971402824 175.783081055 -0.038377482 0.999018788 -0.022103876 -7.499535561 -0.971124828 -0.032075308 0.236406147 -40.425842285
0.244026378 0.036653750 0.969075680 176.376022339 -0.033194821 0.999015570 -0.029427273 -7.515611649 -0.969200253 -0.024987269 0.245002866 -40.281204224
0.250064194 0.034905560 0.967599869 176.969696045 -0.032466415 0.999090254 -0.027651016 -7.531646729 -0.967684805 -0.024499973 0.250969976 -40.120605469
0.256042987 0.027476065 0.966274858 177.574371338 -0.035438385 0.999190807 -0.019021589 -7.550175667 -0.966015637 -0.029372875 0.256809562 -39.951122284
0.260388345 0.016647192 0.965360403 178.179885864 -0.039357126 0.999203324 -0.006614925 -7.571969986 -0.964701414 -0.036271367 0.260836124 -39.773132324
0.262154847 0.008561694 0.964987814 178.786712646 -0.039773706 0.999206841 0.001939888 -7.598397732 -0.964205980 -0.038889702 0.262287468 -39.602867126
0.263220727 0.007801255 0.964704037 179.391601562 -0.036179211 0.999343753 0.001790170 -7.612232685 -0.964057028 -0.035373446 0.263330251 -39.442218781
0.264515549 0.009866090 0.964330971 179.995040894 -0.032879516 0.999458551 -0.001206646 -7.619695663 -0.963820755 -0.031387549 0.264696747 -39.275054932
0.266351014 0.009149848 0.963832617 180.593872070 -0.029704256 0.999557912 -0.001280352 -7.629116535 -0.963418365 -0.028288903 0.266505092 -39.112575531
0.267489970 0.007484506 0.963531494 181.205825806 -0.032414779 0.999473751 0.001235105 -7.627686501 -0.963015258 -0.031563044 0.267591834 -38.930019379
0.270239294 0.003969212 0.962785006 181.818832397 -0.033028144 0.999441206 0.005150172 -7.634749413 -0.962226629 -0.033190791 0.270219326 -38.752567291
0.273551732 -0.001202702 0.961856544 182.439270020 -0.032686897 0.999409914 0.010545801 -7.643867970 -0.961301744 -0.034324929 0.273351014 -38.573791504
0.278134376 -0.003895874 0.960534215 183.056610107 -0.031021215 0.999433756 0.013036218 -7.645701408 -0.960041165 -0.033422764 0.277856022 -38.394504547
0.284313023 -0.006247140 0.958711147 183.662750244 -0.028470516 0.999482691 0.014955965 -7.642246246 -0.958308697 -0.031547174 0.283988178 -38.214443207
0.292099506 -0.009423002 0.956341505 184.283096313 -0.027140427 0.999467075 0.018137544 -7.642740726 -0.956002772 -0.031253483 0.291688085 -38.018562317
0.301574320 -0.010810039 0.953381360 184.898590088 -0.024841160 0.999507189 0.019190816 -7.640714645 -0.953118920 -0.029470555 0.301157117 -37.817405701
0.312976420 -0.009369069 0.949714720 185.512542725 -0.025929097 0.999494314 0.018405024 -7.649233818 -0.949406922 -0.030385582 0.312575161 -37.609680176
0.324279815 -0.005398189 0.945945740 186.120513916 -0.027369997 0.999511540 0.015086581 -7.646318913 -0.945565164 -0.030782804 0.323973686 -37.385330200
0.336527050 -0.002406603 0.941670716 186.744293213 -0.027887180 0.999532580 0.012520586 -7.643317699 -0.941260755 -0.030474052 0.336302698 -37.160011292
0.348016053 -0.002660221 0.937484741 187.349258423 -0.026372861 0.999572396 0.012626616 -7.646273613 -0.937117517 -0.029118419 0.347797096 -36.930053711
0.359621227 -0.005672104 0.933081150 187.968597412 -0.025748370 0.999540329 0.015999846 -7.648088455 -0.932743073 -0.029779205 0.359309822 -36.690933228
