1.000000000 0.000000000 0.000000000 0.000000000 0.000000000 1.000000000 0.000000000 0.000000000 0.000000000 0.000000000 1.000000000 0.000000000
0.999873936 0.001482501 0.015809746 0.010728550 -0.001467700 0.999998450 -0.000947743 -0.003149100 -0.015811129 0.000924419 0.999874592 0.126380011
0.999291778 0.004312172 0.037380356 0.027011400 -0.004299834 0.999990642 -0.000410427 -0.004674040 -0.037381779 0.000249407 0.999301016 0.272513896
0.997894883 0.005973506 0.064576015 0.056285024 -0.006048920 0.999981225 0.000972376 -0.004976299 -0.064568989 -0.001360944 0.997912288 0.436226130
0.995127439 0.005708249 0.098431811 0.102495775 -0.006053660 0.999976516 0.003210837 -0.004077765 -0.098411165 -0.003791064 0.995138586 0.608117223
0.990626097 0.002643472 0.136575475 0.163530901 -0.003389109 0.999980509 0.005227292 -0.005556212 -0.136558965 -0.005641161 0.990615904 0.792174339
0.984345496 -0.000172171 0.176249877 0.236784264 -0.000799197 0.999984920 0.005440308 -0.004734501 -0.176248148 -0.005496000 0.984330416 0.986694634
0.975554764 -0.000424091 0.219756112 0.319846392 -0.001061173 0.999977350 0.006640607 -0.000893948 -0.219753951 -0.006711475 0.975532234 1.192040443
0.963418603 -0.000184164 0.268000931 0.412754595 -0.002444674 0.999952137 0.009475339 0.002424528 -0.267989814 -0.009783893 0.963372052 1.406681776
0.948934734 -0.003847450 0.315449029 0.529572010 -0.001489762 0.999859810 0.016676540 -0.003085307 -0.315468967 -0.016294887 0.948795974 1.619366407
0.931937099 -0.013229062 0.362378597 0.670811057 0.004542386 0.999681771 0.024812818 -0.008091213 -0.362591505 -0.021477919 0.931700647 1.830103397
0.910559118 -0.018295923 0.412974089 0.825147092 0.006990917 0.999558747 0.028869152 -0.004168911 -0.413320035 -0.023399998 0.910285115 2.053683043
0.885132372 -0.019737801 0.464920640 0.993456066 0.005098997 0.999451518 0.032723192 0.000936032 -0.465311468 -0.026593728 0.884747386 2.281822920
0.856744587 -0.021876486 0.515276611 1.166135192 0.003025110 0.999295950 0.037396096 0.001008440 -0.515731931 -0.030480135 0.856207550 2.485421419
0.824183345 -0.026312422 0.565711498 1.366589069 0.003437061 0.999134064 0.041464370 0.008451085 -0.566312611 -0.032229856 0.823560059 2.700059652
0.788074076 -0.032254122 0.614734769 1.600534201 0.005768007 0.998969555 0.045019839 0.008804410 -0.615553379 -0.031933177 0.787447929 2.917543650
0.749776542 -0.035964474 0.660713017 1.840103269 0.006031503 0.998851776 0.047525775 0.015826421 -0.661663651 -0.031648625 0.749132574 3.123835802
0.709618330 -0.039171699 0.703496575 2.113323689 0.007189585 0.998803973 0.048362698 0.030328406 -0.704549611 -0.029261203 0.709051251 3.331806183
0.667203069 -0.040712547 0.743762434 2.412264347 0.005762294 0.998757422 0.049501479 0.045570362 -0.744853616 -0.028741756 0.666608691 3.554295301
0.624253035 -0.040746510 0.780158818 2.724491835 0.000758456 0.998670042 0.051552121 0.060871091 -0.781221807 -0.031589866 0.623453796 3.767027140
0.582279325 -0.041163169 0.811945975 3.074880600 -0.002549955 0.998619974 0.052455641 0.078881800 -0.812984824 -0.032614268 0.581370890 3.978107929
0.541925728 -0.042401329 0.839356065 3.449219704 -0.003809852 0.998592377 0.052905191 0.101925768 -0.840417802 -0.031868506 0.541001260 4.182480335
0.503345370 -0.044301290 0.862948895 3.853314877 -0.006117450 0.998477101 0.054827139 0.116299853 -0.864063621 -0.032876033 0.502307951 4.388109684
0.465558082 -0.044032890 0.883921206 4.289925098 -0.009125795 0.998469591 0.054545682 0.135935411 -0.884970307 -0.033460662 0.464443743 4.593292236
0.429151237 -0.043045130 0.902206302 4.753766060 -0.010171287 0.998570204 0.052480895 0.160487056 -0.903175354 -0.031698842 0.428099811 4.784229755
0.395387262 -0.041795712 0.917563200 5.242828846 -0.009022892 0.998739243 0.049381409 0.181223914 -0.918470204 -0.027803849 0.394511729 4.976174355
0.365760297 -0.039902952 0.929853320 5.756870747 -0.006957032 0.998935342 0.045604046 0.203916892 -0.930683136 -0.023149172 0.365093350 5.151970863
0.341229677 -0.038143281 0.939205766 6.305910587 -0.005928569 0.999069095 0.042728424 0.226574630 -0.939961255 -0.020148354 0.340685964 5.319016457
0.320708841 -0.037855498 0.946421027 6.878475189 -0.004462180 0.999129534 0.041475836 0.245546475 -0.947167337 -0.017524768 0.320260763 5.499902248
0.306093335 -0.037945133 0.951244950 7.495994091 -0.003597575 0.999152124 0.041013774 0.277750105 -0.951994717 -0.015976222 0.305697262 5.690644741
0.294675618 -0.039084852 0.954797685 8.127173424 -0.002938995 0.999121428 0.041806303 0.305310905 -0.955592871 -0.015125443 0.294301867 5.872482300
0.284155130 -0.040727071 0.957912922 8.787804604 -0.004127062 0.999036193 0.043699738 0.333279878 -0.958769500 -0.016370872 0.283713192 6.060419559
0.273480028 -0.042866189 0.960922062 9.450070381 -0.005483979 0.998920739 0.046122044 0.353918582 -0.961862028 -0.017883137 0.272949845 6.251262188
0.263199657 -0.044034321 0.963735938 10.162587166 -0.006514517 0.998853981 0.047418039 0.391570032 -0.964719415 -0.018758690 0.262611121 6.449678421
0.253108650 -0.046084613 0.966339588 10.878499985 -0.007340848 0.998744488 0.049552754 0.418776631 -0.967409968 -0.019635983 0.252452552 6.634237289
0.242309824 -0.047228754 0.969048679 11.623311043 -0.007326626 0.998696923 0.050505739 0.453938961 -0.970171273 -0.019337896 0.241648033 6.823999882
0.232821226 -0.048880845 0.971290410 12.378869057 -0.007442485 0.998617172 0.052040081 0.480072260 -0.972491026 -0.019344846 0.232135490 6.990937233
0.222013831 -0.051941641 0.973659098 13.170644760 -0.008971186 0.998429000 0.055308651 0.512945056 -0.975002229 -0.021014160 0.221199065 7.178572655
0.210715652 -0.054830216 0.976008475 13.966581345 -0.011277921 0.998222947 0.058513030 0.551502109 -0.977482319 -0.023336956 0.209722832 7.349921703
0.198451325 -0.058786891 0.978346109 14.763648033 -0.012015654 0.997978628 0.062403876 0.586709857 -0.980037153 -0.024139598 0.197343826 7.510124683
0.185926393 -0.060647957 0.980690122 15.557538986 -0.012832688 0.997858226 0.064142585 0.625678122 -0.982479870 -0.024510691 0.184749886 7.652667046
0.171201169 -0.061305162 0.983326972 16.374420166 -0.012838787 0.997838736 0.064445175 0.666386366 -0.985152423 -0.023657814 0.170044065 7.803632259
0.156214759 -0.060149077 0.985889912 17.163928986 -0.015748912 0.997865558 0.063375123 0.699259877 -0.987597525 -0.025426822 0.154934004 7.933822155
0.139902890 -0.059331428 0.988386035 17.989553452 -0.015622575 0.997946620 0.062116671 0.735185564 -0.990041912 -0.024131438 0.138688728 8.048005104
0.119437069 -0.057889175 0.991152644 18.808294296 -0.018271551 0.998001575 0.060490958 0.770806193 -0.992673576 -0.025334761 0.118140653 8.145644188
0.093344487 -0.056441795 0.994032800 19.634229660 -0.023206389 0.997997344 0.058846097 0.808923006 -0.995363414 -0.028560869 0.091847733 8.231186867
0.063007936 -0.055690970 0.996457934 20.472446442 -0.027044389 0.997979879 0.057486098 0.843642950 -0.997646511 -0.030570675 0.061374530 8.281597137
0.030202666 -0.054927029 0.998033404 21.310905457 -0.029464344 0.998006165 0.055817176 0.883022189 -0.999109387 -0.031092228 0.028524058 8.298216820
-0.004250088 -0.054933544 0.998480976 22.178222656 -0.030566022 0.998030543 0.054778665 0.906636775 -0.999523699 -0.030286778 -0.005920818 8.288230896
-0.038827240 -0.053249281 0.997826159 23.029102325 -0.031855591 0.998137474 0.052026335 0.942677796 -0.998737991 -0.029766306 -0.040451214 8.254194260
-0.071107648 -0.051605720 0.996132851 23.868698120 -0.033624452 0.998217165 0.049313463 0.965173483 -0.996901810 -0.029987857 -0.072716095 8.180542946
-0.103493333 -0.048848595 0.993429899 24.702949524 -0.035845429 0.998327613 0.045355123 0.987511337 -0.993984044 -0.030915968 -0.105071239 8.091365814
-0.135597587 -0.044659734 0.989756882 25.556074142 -0.033241231 0.998626232 0.040505849 1.004473805 -0.990206122 -0.027408239 -0.136895850 7.965444088
-0.167219698 -0.038634919 0.985162377 26.393796921 -0.028247125 0.999009490 0.034383338 1.024432778 -0.985514879 -0.022078434 -0.168145403 7.806591511
-0.197885334 -0.032155469 0.979697585 27.221672058 -0.021313518 0.999366701 0.028496010 1.035558701 -0.979993403 -0.015241858 -0.198445350 7.624812603
-0.226298347 -0.026381027 0.973700643 28.036483765 -0.014395209 0.999614596 0.023737524 1.038548350 -0.973951638 -0.008644860 -0.226590902 7.414881229
-0.254101902 -0.020106371 0.966968358 28.854600906 -0.005885321 0.999797523 0.019242436 1.041852593 -0.967159510 -0.000801381 -0.254168808 7.180356979
-0.279969484 -0.009696971 0.959959865 29.655069351 0.000840772 0.999946117 0.010346096 1.033324242 -0.960008502 0.003703698 -0.279946208 6.923577785
-0.305649191 0.006107158 0.952124655 30.445600510 0.005536017 0.999973893 -0.004636914 1.021312594 -0.952128112 0.003853711 -0.305674970 6.658298016
-0.330290079 0.022828082 0.943603396 31.223888397 0.005830129 0.999737680 -0.022145389 0.996486008 -0.943861425 -0.001813073 -0.330336541 6.377773762
-0.355504483 0.037728287 0.933912814 31.991765976 0.006310584 0.999259114 -0.037965957 0.963422954 -0.934653223 -0.007603536 -0.355479240 6.077895164
-0.379936755 0.047898583 0.923771560 32.753124237 0.009793947 0.998810828 -0.047761310 0.918676853 -0.924960673 -0.009098908 -0.379954040 5.753945351
-0.403067470 0.052564744 0.913659394 33.497230530 0.013075401 0.998578012 -0.051681980 0.871469915 -0.915076852 -0.008884860 -0.403181583 5.420646191
-0.425774187 0.052040365 0.903331637 34.249275208 0.016945606 0.998628259 -0.049543239 0.813961089 -0.904670715 -0.005786732 -0.426072001 5.057893753
-0.445652634 0.047989354 0.893918753 34.989112854 0.020675192 0.998847485 -0.043314997 0.758943319 -0.894967198 -0.000821508 -0.446131259 4.670736313
-0.463342935 0.047103208 0.884926319 35.710960388 0.028800974 0.998859227 -0.038087625 0.709298313 -0.885710895 0.007839106 -0.464171082 4.273916245
-0.477178097 0.046951391 0.877551496 36.425708771 0.030206636 0.998857975 -0.037016440 0.661449134 -0.878287315 0.008844445 -0.478051424 3.880893230
-0.487933069 0.051249072 0.871375263 37.122531891 0.034398839 0.998628438 -0.039471451 0.614973724 -0.872202992 0.010714867 -0.489026755 3.475768328
-0.497961670 0.053572185 0.865542829 37.818485260 0.034600932 0.998522580 -0.041896380 0.571059942 -0.866508484 0.009085788 -0.499079704 3.071117163
-0.508910418 0.052960798 0.859188795 38.507789612 0.028657487 0.998594761 -0.044579580 0.520430684 -0.860342383 0.001935177 -0.509712994 2.672743082
-0.519894719 0.051281366 0.852689683 39.212699890 0.027704490 0.998683572 -0.043169785 0.471406519 -0.853780866 0.001179583 -0.520631075 2.245165348
-0.528350532 0.052667420 0.847391248 39.888702393 0.029702552 0.998609781 -0.043546405 0.428654075 -0.848506570 0.002161917 -0.529180408 1.813222528
-0.535641491 0.055698365 0.842606723 40.569080353 0.032801867 0.998441637 -0.045147426 0.379466057 -0.843808234 0.003456240 -0.536633730 1.378229976
-0.539167047 0.058327727 0.840176642 41.267086029 0.033941366 0.998293281 -0.047523465 0.331702560 -0.841514647 0.002893658 -0.540226579 0.928471148
-0.539028823 0.060610857 0.840103686 41.971977234 0.033649340 0.998160779 -0.050424036 0.284896433 -0.841614902 0.001088923 -0.540077090 0.480159193
-0.535510302 0.060970519 0.842324972 42.696365356 0.035417162 0.998134375 -0.049732011 0.238502577 -0.843785822 0.003200760 -0.536670625 0.017118001
-0.529907525 0.059722714 0.845949829 43.434459686 0.034205113 0.998210609 -0.049045820 0.177773252 -0.847365320 0.002946052 -0.531002223 -0.438028634
-0.522797763 0.058345489 0.850457609 44.199913025 0.031702284 0.998295486 -0.048999693 0.131045595 -0.851866961 0.001344521 -0.523756325 -0.900290191
-0.515596151 0.057787582 0.854880750 44.972366333 0.030157574 0.998328805 -0.049295627 0.077291749 -0.856300831 0.000364499 -0.516477227 -1.360766172
-0.510008812 0.056398474 0.858318329 45.763927460 0.027129233 0.998406470 -0.049483340 0.024486117 -0.859741330 -0.001951418 -0.510726094 -1.811915994
-0.505052686 0.053994980 0.861397982 46.569900513 0.022355843 0.998524845 -0.049482875 -0.027466789 -0.862798929 -0.005734181 -0.505514801 -2.284322023
-0.503666520 0.051328383 0.862371922 47.395378113 0.018292237 0.998643160 -0.048755709 -0.083403483 -0.863704443 -0.008781908 -0.503922224 -2.756188393
-0.504375219 0.048813608 0.862103760 48.227493286 0.015427182 0.998750925 -0.047525074 -0.143017322 -0.863346756 -0.010670640 -0.504498243 -3.226693153
-0.505328119 0.047687288 0.861608684 49.074893951 0.014426714 0.998799324 -0.046819169 -0.202531442 -0.862806678 -0.011228857 -0.505409181 -3.715778589
-0.505649149 0.047002725 0.861458004 49.935825348 0.014213049 0.998833060 -0.046155561 -0.257210106 -0.862622142 -0.011094575 -0.505727232 -4.220176697
-0.505876899 0.046364777 0.861358762 50.806465149 0.014158910 0.998866141 -0.045450926 -0.314020604 -0.862489522 -0.010796665 -0.505959809 -4.727641582
-0.506091297 0.045420185 0.861283064 51.681945801 0.013894023 0.998912096 -0.044513963 -0.371138662 -0.862367988 -0.010561447 -0.506171823 -5.233140469
-0.506121814 0.045307495 0.861271083 52.566658020 0.014164252 0.998921156 -0.044225074 -0.432007939 -0.862345695 -0.010184021 -0.506217599 -5.749293804
-0.506447852 0.043856114 0.861154497 53.462566376 0.011912357 0.998966217 -0.043868765 -0.487397105 -0.862188280 -0.011958868 -0.506446779 -6.271172047
-0.506567657 0.042859193 0.861134291 54.348049164 0.011030823 0.999004185 -0.043232121 -0.549286962 -0.862129629 -0.012400972 -0.506535947 -6.778350353
-0.505925834 0.042185105 0.861544788 55.241401672 0.010134511 0.999025226 -0.042965468 -0.612019658 -0.862517416 -0.013006002 -0.505860150 -7.296456814
-0.504561663 0.040675096 0.862416863 56.110630035 0.009866678 0.999096036 -0.041348886 -0.672050774 -0.863319159 -0.012353876 -0.504506946 -7.806632042
-0.502336979 0.038621146 0.863808990 56.996864319 0.010057127 0.999195337 -0.038825717 -0.731696308 -0.864613414 -0.010816155 -0.502321243 -8.320272446
-0.499944925 0.036974035 0.865267575 57.884422302 0.010478856 0.999273300 -0.036645684 -0.794693470 -0.865993798 -0.009253812 -0.499969155 -8.827774048
-0.497660130 0.036968388 0.866583943 58.770210266 0.010758211 0.999277532 -0.036450882 -0.848324180 -0.867305398 -0.008817256 -0.497698307 -9.329258919
-0.495425045 0.037075970 0.867859066 59.654502869 0.010648450 0.999272764 -0.036611363 -0.904649556 -0.868585467 -0.008896835 -0.495459616 -9.831344604
-0.494338959 0.037660629 0.868453026 60.539344788 0.010471798 0.999246538 -0.037371777 -0.958927572 -0.869206131 -0.009380064 -0.494360894 -10.338776588
-0.494811714 0.039473511 0.868103206 61.414096832 0.010610992 0.999167740 -0.039384961 -1.015901923 -0.868935466 -0.010276707 -0.494818777 -10.837272644
-0.498080373 0.041185558 0.866152227 62.286689758 0.009051595 0.999063849 -0.042300399 -1.074862599 -0.867083609 -0.013228941 -0.497986943 -11.326069832
-0.502605736 0.041317761 0.863527775 63.163589478 0.007552890 0.999028921 -0.043405108 -1.137671471 -0.864482701 -0.015293525 -0.502429903 -11.833616257
-0.508241475 0.039945252 0.860287666 64.025291443 0.009432291 0.999122024 -0.040819246 -1.198929191 -0.861162961 -0.012631551 -0.508172035 -12.338626862
-0.513467193 0.037563805 0.857286692 64.883003235 0.010809899 0.999245226 -0.037309486 -1.259091377 -0.858041167 -0.009890014 -0.513485789 -12.855916023
-0.519025683 0.035139691 0.854035974 65.760543823 0.007410804 0.999302030 -0.036612947 -1.313933015 -0.854726493 -0.012673967 -0.518923998 -13.370260239
-0.524329662 0.038220350 0.850657105 66.605072021 0.010086671 0.999200881 -0.038677230 -1.374599218 -0.851455629 -0.011699322 -0.524296224 -13.885720253
-0.529231906 0.040240522 0.847522378 67.446441650 0.009999963 0.999101162 -0.041193072 -1.421872854 -0.848418176 -0.013325500 -0.529158592 -14.406125069
-0.534133255 0.040869340 0.844411790 68.273902893 0.008536644 0.999040604 -0.042953476 -1.481202841 -0.845357180 -0.015734440 -0.533969700 -14.916846275
-0.537525415 0.041337132 0.842233717 69.083259583 0.007844001 0.998999596 -0.044025101 -1.539068460 -0.843210936 -0.017058136 -0.537312031 -15.436829567
-0.540782273 0.040962934 0.840164661 69.901374817 0.009155135 0.999040961 -0.042816266 -1.596307516 -0.841112792 -0.015462455 -0.540638685 -15.958802223
-0.542713225 0.033820953 0.839236915 70.725486755 0.009527599 0.999372542 -0.034113109 -1.646686316 -0.839863956 -0.010517726 -0.542694986 -16.495216370
-0.545454144 0.024352433 0.837786794 71.538688660 0.007828281 0.999682248 -0.023961617 -1.702714920 -0.838104010 -0.006511534 -0.545471489 -17.019052505
-0.547311604 0.023130240 0.836609244 72.354103088 0.008948895 0.999722540 -0.021785548 -1.743766546 -0.836881101 -0.004436755 -0.547366738 -17.546234131
-0.547861576 0.028205050 0.836093426 73.144630432 0.009693648 0.999578357 -0.027368216 -1.787476182 -0.836512804 -0.006889198 -0.547904015 -18.066907883
-0.549692512 0.033999238 0.834674954 73.943084717 0.011015051 0.999379516 -0.033454049 -1.833701015 -0.835294485 -0.009195453 -0.549725950 -18.575828552
-0.549218714 0.037937798 0.834817052 74.723365784 0.016848771 0.999268651 -0.034326553 -1.879088759 -0.835508764 -0.004787145 -0.549456239 -19.115308762
-0.548949480 0.039467081 0.834923148 75.514739990 0.020548459 0.999219954 -0.033723138 -1.929088593 -0.835602820 -0.001355914 -0.549332380 -19.647325516
-0.548524022 0.036087349 0.835355699 76.319854736 0.018851453 0.999348044 -0.030793281 -1.970415235 -0.835922241 -0.001143183 -0.548846662 -20.170364380
-0.548024833 0.031152228 0.835881770 77.110839844 0.017173491 0.999514639 -0.025991248 -2.010633945 -0.836285710 0.000111161 -0.548293889 -20.685733795
-0.547810137 0.023938188 0.836260140 77.906929016 0.014389127 0.999712288 -0.019191151 -2.058662415 -0.836478949 0.001519949 -0.547996938 -21.183765411
-0.547774673 0.018405776 0.836423457 78.708213806 0.005766370 0.999817312 -0.018224915 -2.092390299 -0.836606026 -0.005160019 -0.547780693 -21.678153992
-0.545992792 0.013582889 0.837679863 79.505844116 -0.001659972 0.999849081 -0.017294407 -2.118786573 -0.837788284 -0.010833142 -0.545887709 -22.183263779
-0.543703318 0.014177677 0.839157701 80.300491333 0.002939675 0.999883354 -0.014988495 -2.167542934 -0.839272320 -0.005682445 -0.543681562 -22.706150055
-0.540861428 0.017388443 0.840931952 81.085945129 0.005857338 0.999839902 -0.016907016 -2.190129519 -0.841091335 -0.004218732 -0.540876687 -23.205801010
-0.535273671 0.020717319 0.844424665 81.875656128 0.007688107 0.999777257 -0.019655354 -2.216577530 -0.844643772 -0.004028965 -0.535313666 -23.709251404
-0.527709961 0.022666151 0.849122167 82.665122986 0.012720169 0.999742687 -0.018781470 -2.252909660 -0.849329352 0.000889809 -0.527862489 -24.199047089
-0.519142210 0.026385993 0.854280412 83.471481323 0.019805655 0.999626338 -0.018839458 -2.284608126 -0.854458392 0.007139225 -0.519470870 -24.709783554
-0.509984255 0.025714412 0.859799266 84.261871338 0.017864831 0.999654114 -0.019300709 -2.316572905 -0.859998167 0.005517109 -0.510267377 -25.155033112
-0.499318719 0.023389643 0.866102636 85.069053650 0.015844541 0.999715030 -0.017863354 -2.347292900 -0.866273522 0.004803491 -0.499547005 -25.608621597
-0.487570584 0.020130258 0.872851431 85.878158569 0.016169639 0.999770880 -0.014025073 -2.380749702 -0.872933805 0.007275478 -0.487784415 -26.055515289
-0.476219296 0.019700296 0.879105866 86.690544128 0.015373655 0.999782741 -0.014076561 -2.405888081 -0.879192173 0.006811539 -0.476418734 -26.495769501
-0.465324551 0.018268654 0.884951591 87.526580811 0.014892830 0.999807060 -0.012808756 -2.430938721 -0.885014772 0.007219203 -0.465506881 -26.915185928
-0.453051835 0.019393580 0.891273201 88.346397400 0.015880629 0.999780297 -0.013682191 -2.457057476 -0.891342700 0.007955236 -0.453260303 -27.331666946
-0.441213906 0.023221219 0.897101462 89.168006897 0.015656864 0.999712229 -0.018176883 -2.493953466 -0.897265434 0.006025901 -0.441450506 -27.729701996
-0.430022687 0.032353569 0.902238190 89.989501953 0.018411636 0.999464095 -0.027064705 -2.528645515 -0.902630389 0.004973245 -0.430387914 -28.113977432
-0.416728646 0.037370343 0.908262432 90.825157166 0.017620854 0.999298990 -0.033031236 -2.561204910 -0.908860147 0.002239298 -0.417095006 -28.499219894
-0.405549556 0.032601569 0.913491488 91.671699524 0.014112240 0.999467969 -0.029404772 -2.601048231 -0.913964093 0.000966319 -0.405793875 -28.872877121
-0.393814713 0.029070251 0.918730021 92.514244080 0.012187285 0.999577105 -0.026404297 -2.641154528 -0.919109046 0.000798425 -0.394002467 -29.228357315
-0.384189576 0.029700203 0.922776401 93.358963013 0.009847963 0.999557436 -0.028071346 -2.687998772 -0.923201680 -0.001697250 -0.384312063 -29.567844391
-0.376815617 0.034033023 0.925662816 94.212944031 0.005408476 0.999388576 -0.034541968 -2.734129906 -0.926272511 -0.008009527 -0.376769274 -29.912841797
-0.371895880 0.039157055 0.927448213 95.052352905 -0.000139283 0.999107599 -0.042238377 -2.778275251 -0.928274453 -0.015837457 -0.371558487 -30.234134674
-0.368901372 0.041583098 0.928537965 95.898597717 -0.002082208 0.998959243 -0.045564055 -2.829425812 -0.929466188 -0.018742051 -0.368430853 -30.554660797
-0.365143538 0.041032244 0.930046499 96.738883972 -0.004360206 0.998941839 -0.045783654 -2.882516861 -0.930940986 -0.020772800 -0.364578307 -30.880012512
-0.360231787 0.041226964 0.931951344 97.576515198 -0.005433839 0.998913229 -0.046289548 -2.934392929 -0.932846963 -0.021739041 -0.359616339 -31.196899414
-0.354163736 0.036680795 0.934463799 98.438690186 -0.008025784 0.999074459 -0.042258769 -2.991282463 -0.935149014 -0.022466328 -0.353541553 -31.518560410
-0.349080205 0.032945286 0.936513603 99.275505066 -0.007810287 0.999244809 -0.038063329 -3.043323040 -0.937060356 -0.020601593 -0.348559231 -31.820177078
-0.343390733 0.030038204 0.938712120 100.131469727 -0.009898620 0.999317169 -0.035598546 -3.094525337 -0.939140439 -0.021516163 -0.342858881 -32.123905182
-0.337782860 0.028109677 0.940804243 100.983863831 -0.018571079 0.999160349 -0.036520950 -3.141897678 -0.941040814 -0.029807899 -0.336977184 -32.409355164
-0.331704378 0.028546164 0.942951441 101.835601807 -0.025392948 0.998909771 -0.039172746 -3.188446045 -0.943041563 -0.036938090 -0.330617905 -32.689418793
-0.324586183 0.032422666 0.945300221 102.683074951 -0.023068754 0.998843670 -0.042180222 -3.244722843 -0.945574760 -0.035498019 -0.323462963 -32.982929230
-0.317584842 0.035945341 0.947548270 103.523956299 -0.021722153 0.998743176 -0.045167927 -3.292040586 -0.947981000 -0.034927435 -0.316404939 -33.260356903
-0.311391950 0.033822495 0.949679434 104.375350952 -0.023309171 0.998793840 -0.043214574 -3.344087124 -0.949995637 -0.035592910 -0.310227960 -33.527164459
-0.304374158 0.029019970 0.952110410 105.236297607 -0.023258859 0.999011338 -0.037884969 -3.394071102 -0.952268541 -0.033676203 -0.303398281 -33.795814514
-0.297552109 0.026529552 0.954336941 106.094314575 -0.024419911 0.999075234 -0.035387103 -3.444294691 -0.954393268 -0.033834331 -0.296629131 -34.052761078
-0.291012645 0.029670212 0.956259012 106.955223083 -0.026429836 0.998888135 -0.039036125 -3.489570141 -0.956354082 -0.036633775 -0.289904922 -34.305000305
-0.284651726 0.032395065 0.958083391 107.808876038 -0.026128244 0.998795390 -0.041534472 -3.540025949 -0.958274782 -0.036855903 -0.283462435 -34.551025391
-0.278059900 0.032682970 0.960007489 108.665199280 -0.028125020 0.998715520 -0.042146981 -3.590054035 -0.960151851 -0.038719621 -0.276783496 -34.786479950
-0.270958632 0.032150511 0.962053955 109.528465271 -0.028502818 0.998735845 -0.041404072 -3.645182133 -0.962168932 -0.038640037 -0.269699663 -35.027626038
-0.262589902 0.032042354 0.964375377 110.388328552 -0.024513258 0.998904347 -0.039864343 -3.695681572 -0.964596093 -0.034107957 -0.261516780 -35.264217377
-0.255074888 0.033325233 0.966346860 111.244224548 -0.021561515 0.998961389 -0.040141303 -3.745781422 -0.966680884 -0.031074941 -0.254091382 -35.488349915
-0.248445705 0.033837982 0.968054593 112.106132507 -0.020287778 0.998988569 -0.040126007 -3.793661356 -0.968433321 -0.029608812 -0.247507960 -35.703022003
-0.241915882 0.032707427 0.969745815 112.974441528 -0.026372014 0.998840809 -0.040267587 -3.841030836 -0.969938755 -0.035315517 -0.240772888 -35.901824951
-0.236184284 0.030917201 0.971216261 113.840934753 -0.031345230 0.998731136 -0.039415747 -3.887793303 -0.971202612 -0.039752379 -0.234915465 -36.099494934
-0.231582925 0.030910341 0.972324014 114.717155457 -0.028852770 0.998837113 -0.038625196 -3.937962770 -0.972387254 -0.036999173 -0.230421737 -36.303157806
-0.227499887 0.030873988 0.973288536 115.586341858 -0.027546726 0.998893201 -0.038125068 -3.989018917 -0.973388433 -0.035484362 -0.226397604 -36.492530823
-0.222347304 0.032822669 0.974414945 116.460456848 -0.026141249 0.998873115 -0.039611585 -4.037160397 -0.974617004 -0.034279950 -0.221238747 -36.694351196
-0.216180533 0.031622544 0.975841105 117.327178955 -0.019787500 0.999128103 -0.036760751 -4.086634636 -0.976152897 -0.027256414 -0.215366319 -36.891048431
-0.211094022 0.030608894 0.976986349 118.202713013 -0.012955287 0.999334097 -0.034108251 -4.129002094 -0.977379858 -0.019857189 -0.210556939 -37.084423065
-0.206198946 0.029912703 0.978052795 119.074409485 -0.010678837 0.999404371 -0.032817092 -4.178506851 -0.978451788 -0.017211318 -0.205756694 -37.262050629
-0.201809466 0.031226199 0.978926837 119.946952820 -0.012806461 0.999322057 -0.034516875 -4.222348690 -0.979341090 -0.019502422 -0.201272741 -37.440422058
-0.198267430 0.032811262 0.979598641 120.820587158 -0.014905610 0.999222934 -0.036485422 -4.267429829 -0.980034590 -0.021835385 -0.197624311 -37.612049103
-0.196308374 0.032473423 0.980004370 121.690727234 -0.017743824 0.999170184 -0.036662836 -4.310288429 -0.980381608 -0.024586245 -0.195569262 -37.779449463
-0.196088284 0.030977733 0.980096936 122.562454224 -0.018103631 0.999216080 -0.035204038 -4.357830524 -0.980419099 -0.024646411 -0.195373788 -37.936115265
-0.194744036 0.026377100 0.980499446 123.439094543 -0.016917512 0.999399245 -0.030245654 -4.402295113 -0.980708122 -0.022477768 -0.194180831 -38.112350464
-0.194046900 0.021662747 0.980753064 124.315307617 -0.017774403 0.999514401 -0.025593901 -4.442999363 -0.980831206 -0.022398716 -0.193567604 -38.277862549
-0.193181977 0.019836040 0.980962396 125.184448242 -0.017311422 0.999571025 -0.023621483 -4.482344151 -0.981010258 -0.021545099 -0.192755729 -38.445083618
-0.191792458 0.024112327 0.981139302 126.033447266 -0.017308187 0.999459624 -0.027945956 -4.526709080 -0.981282890 -0.022341566 -0.191271484 -38.609428406
-0.191530466 0.028235529 0.981080472 126.915420532 -0.016468424 0.999352932 -0.031976447 -4.563948154 -0.981348455 -0.022281311 -0.190941557 -38.782131195
-0.191926673 0.027124697 0.981034338 127.747238159 -0.020227324 0.999296427 -0.031586833 -4.604991913 -0.981200755 -0.025906058 -0.191242978 -38.929912567
-0.191807643 0.025850197 0.981092036 128.599670410 -0.022168245 0.999284029 -0.030663507 -4.651906490 -0.981182158 -0.027630586 -0.191097260 -39.084453583
-0.190676227 0.027161051 0.981277168 129.439483643 -0.017488535 0.999364495 -0.031059969 -4.693154812 -0.981497169 -0.023083501 -0.190080062 -39.253990173
-0.189206213 0.029111989 0.981505752 130.292404175 -0.020187421 0.999233842 -0.033529367 -4.733456612 -0.981729865 -0.026158040 -0.188473552 -39.423667908
-0.189905003 0.030379035 0.981332362 131.131118774 -0.026781658 0.998988867 -0.036108352 -4.780055046 -0.981437087 -0.033138864 -0.188899413 -39.563385010
-0.189005092 0.031533055 0.981469691 131.966781616 -0.032683838 0.998728335 -0.038381595 -4.827541828 -0.981432021 -0.039332516 -0.187734142 -39.713127136
-0.188519821 0.035029680 0.981444478 132.792312622 -0.029150499 0.998723626 -0.041245755 -4.876636028 -0.981636703 -0.036385238 -0.187258080 -39.868877411
-0.188431039 0.036342472 0.981413782 133.613388062 -0.028005946 0.998709738 -0.042360093 -4.924912453 -0.981686950 -0.035467375 -0.187170148 -40.021171570
-0.186654627 0.037335344 0.981715977 134.433944702 -0.029422939 0.998616815 -0.043572314 -4.971474648 -0.981984854 -0.037017941 -0.185297966 -40.172077179
-0.184714228 0.037178166 0.982088804 135.260116577 -0.020564578 0.998919249 -0.041683160 -5.018048286 -0.982577085 -0.027895719 -0.183750078 -40.332839966
-0.180952191 0.034048997 0.982902348 136.076690674 -0.014384627 0.999202013 -0.037261847 -5.067573547 -0.983386695 -0.020881301 -0.180317998 -40.493999481
-0.178891599 0.029012516 0.983440936 136.894912720 -0.010226653 0.999456346 -0.031345248 -5.116219044 -0.983815551 -0.015664713 -0.178497612 -40.645935059
-0.175350636 0.028633282 0.984089553 137.700286865 -0.009332202 0.999483705 -0.030744053 -5.155977249 -0.984461844 -0.014574710 -0.174992889 -40.788536072
-0.170171544 0.033716235 0.984837472 138.503753662 -0.007805269 0.999336958 -0.035561308 -5.201575756 -0.985383570 -0.013738444 -0.169795558 -40.929855347
-0.163672447 0.036640402 0.985834002 139.294860840 -0.007300796 0.999237657 -0.038350683 -5.244314671 -0.986487746 -0.013474325 -0.163280159 -41.055835724
-0.155843198 0.037585191 0.987066448 140.094818115 -0.007136614 0.999206960 -0.039174236 -5.280924320 -0.987756133 -0.013149352 -0.155451372 -41.173740387
-0.146191835 0.033154000 0.988700569 140.893035889 -0.006190066 0.999388039 -0.034427661 -5.321369648 -0.989236891 -0.011153166 -0.145897165 -41.288368225
-0.134312004 0.031627674 0.990434349 141.686096191 -0.002639928 0.999475598 -0.032274392 -5.365130424 -0.990935564 -0.006949513 -0.134158075 -41.394554138
-0.120350033 0.034426764 0.992134392 142.475143433 0.001435523 0.999403477 -0.034504857 -5.403014660 -0.992730439 -0.002728430 -0.120327652 -41.492481232
-0.106098339 0.035534449 0.993720531 143.261932373 0.000983267 0.999364495 -0.035631292 -5.441951275 -0.994355202 -0.002803328 -0.106065854 -41.571868896
-0.092229232 0.035502039 0.995104730 144.051406860 0.002144383 0.999368966 -0.035455421 -5.483189106 -0.995735466 -0.001136141 -0.092247158 -41.641422272
-0.078807153 0.037201013 0.996195555 144.831970215 0.003001767 0.999307752 -0.037079774 -5.526383400 -0.996885359 0.000068195 -0.078864269 -41.698566437
-0.065122500 0.043313030 0.996936798 145.599716187 0.000178208 0.999058068 -0.043393552 -5.578082561 -0.997877240 -0.002648235 -0.065068871 -41.737754822
-0.052503623 0.052658603 0.997231424 146.363479614 -0.006936805 0.998565435 -0.053094268 -5.623162746 -0.998596609 -0.009705242 -0.052063026 -41.761264801
-0.038717482 0.060506511 0.997416615 147.125823975 -0.010934244 0.998079658 -0.060971178 -5.673235893 -0.999190390 -0.013266647 -0.037981547 -41.777507782
-0.025658377 0.061248399 0.997792721 147.890457153 -0.011633027 0.998035431 -0.061562449 -5.725075722 -0.999603093 -0.013186942 -0.024895467 -41.788722992
-0.013540856 0.057348266 0.998262405 148.661254883 -0.015200743 0.998226881 -0.057552401 -5.782163143 -0.999792695 -0.015953640 -0.012645109 -41.790515900
-0.003015071 0.054850429 0.998490036 149.425369263 -0.019114573 0.998309016 -0.054898199 -5.841591835 -0.999812722 -0.019251233 -0.001961530 -41.777851105
0.005639451 0.061246503 0.998106837 150.178787231 -0.023519650 0.997854590 -0.061098151 -5.902136803 -0.999707460 -0.023130560 0.007067848 -41.759315491
0.012408086 0.069330245 0.997516572 150.925369263 -0.026644321 0.997262001 -0.068981141 -5.956139088 -0.999567926 -0.025722230 0.014221371 -41.739955902
0.015740830 0.071874090 0.997289419 151.677734375 -0.029453943 0.997013569 -0.071389325 -6.013753414 -0.999442220 -0.028250379 0.017810799 -41.723567963
0.015580720 0.067406416 0.997603953 152.432052612 -0.031843644 0.997252464 -0.066885345 -6.073687553 -0.999371409 -0.030725222 0.017684376 -41.703388214
0.014222380 0.063033856 0.997909963 153.187942505 -0.033493582 0.997480989 -0.062529400 -6.142143250 -0.999337792 -0.032534264 0.016297782 -41.689346313
0.010832308 0.060400691 0.998115420 153.946945190 -0.032782771 0.997658849 -0.060017273 -6.192832470 -0.999403775 -0.032070871 0.012787051 -41.677124023
0.008221600 0.060834322 0.998113990 154.691528320 -0.030941658 0.997685254 -0.060553316 -6.245206833 -0.999487400 -0.030385457 0.010084883 -41.673595428
0.004044665 0.060405936 0.998165667 155.432998657 -0.029827001 0.997737050 -0.060259126 -6.304385185 -0.999546885 -0.029528558 0.005837239 -41.663154602
0.000382814 0.059624907 0.998220801 156.178482056 -0.028661281 0.997811437 -0.059589457 -6.358353615 -0.999589086 -0.028587477 0.002090903 -41.669593811
-0.004829012 0.059702929 0.998204589 156.916229248 -0.029441401 0.997774899 -0.059819669 -6.410045147 -0.999554813 -0.029677408 -0.003060530 -41.670219421
-0.010771427 0.057989828 0.998259127 157.655303955 -0.030732734 0.997826159 -0.058296293 -6.462319374 -0.999469578 -0.031307165 -0.008965827 -41.671222687
-0.016355341 0.055461019 0.998326898 158.412246704 -0.028133670 0.998039544 -0.055905968 -6.522648811 -0.999470353 -0.029000958 -0.014762955 -41.693946838
-0.021402789 0.055175554 0.998247325 159.147109985 -0.028729837 0.998029709 -0.055779509 -6.574930668 -0.999358058 -0.029873317 -0.019775433 -41.710700989
-0.027170449 0.056941055 0.998007715 159.866729736 -0.031158939 0.997842908 -0.057779942 -6.622264862 -0.999145031 -0.032666765 -0.025337622 -41.716461182
-0.031062774 0.059046164 0.997771859 160.594802856 -0.030586487 0.997729838 -0.059995919 -6.682234764 -0.999049246 -0.032381974 -0.029186238 -41.737602234
-0.033521395 0.060933154 0.997578800 161.313476562 -0.030150035 0.997623742 -0.061949030 -6.739888191 -0.998983085 -0.032153655 -0.031604599 -41.761394501
-0.034442332 0.062285066 0.997463942 162.028610229 -0.027113982 0.997630477 -0.063231707 -6.794836998 -0.999038815 -0.029223068 -0.032671921 -41.792602539
-0.034152877 0.061081268 0.997548342 162.758499146 -0.024688505 0.997774482 -0.061940365 -6.847749710 -0.999111593 -0.026743419 -0.032568861 -41.813945770
-0.030004874 0.057008401 0.997922719 163.485122681 -0.021163220 0.998112142 -0.057655551 -6.906653404 -0.999325633 -0.022849204 -0.028741753 -41.840305328
-0.022312898 0.056871142 0.998132169 164.187316895 -0.020483552 0.998145163 -0.057329789 -6.961901665 -0.999541163 -0.021724487 -0.021106588 -41.854263306
-0.011097611 0.057714149 0.998271465 164.883590698 -0.017756272 0.998164117 -0.057905342 -7.013276100 -0.999780774 -0.018368192 -0.010052449 -41.854866028
0.002839744 0.057878252 0.998319626 165.574279785 -0.015880978 0.998200297 -0.057826173 -7.063583851 -0.999869883 -0.015690079 0.003753791 -41.845245361
0.018750111 0.055701669 0.998271346 166.259994507 -0.016363673 0.998330295 -0.055397600 -7.112534046 -0.999690294 -0.015296675 0.019630285 -41.835151672
0.034676667 0.050785381 0.998107433 166.943206787 -0.021390613 0.998517096 -0.050063059 -7.159997940 -0.999169648 -0.019614110 0.035711575 -41.792755127
0.051165149 0.044008933 0.997720063 167.628128052 -0.022458771 0.998826683 -0.042906009 -7.205164909 -0.998437762 -0.020212276 0.052093502 -41.746433258
0.068092309 0.037311900 0.996981084 168.304504395 -0.023513965 0.999082863 -0.035784595 -7.238446712 -0.997401953 -0.021006322 0.068907216 -41.685043335
0.085757695 0.029463587 0.995880246 168.981094360 -0.022878135 0.999357224 -0.027596366 -7.278223991 -0.996053338 -0.020417288 0.086376652 -41.624286652
0.103044756 0.023581291 0.994397163 169.644668579 -0.024743401 0.999470294 -0.021137550 -7.311363220 -0.994368970 -0.022426656 0.103573665 -41.543872833
0.120852649 0.021389689 0.992439926 170.297149658 -0.026210943 0.999487817 -0.018349798 -7.340043545 -0.992324352 -0.023795167 0.121351413 -41.449913025
0.138826504 0.020298146 0.990108669 170.935165405 -0.024217961 0.999560475 -0.017096240 -7.361090183 -0.990020573 -0.021605002 0.139257073 -41.355590820
0.156067908 0.019848607 0.987546861 171.572463989 -0.025070231 0.999555588 -0.016127970 -7.379846573 -0.987428129 -0.022240972 0.156496152 -41.239688873
0.172041938 0.018768797 0.984910727 172.198822021 -0.030264119 0.999447167 -0.013759341 -7.400108337 -0.984624565 -0.027440270 0.172514871 -41.112121582
0.186649010 0.015038317 0.982311547 172.825790405 -0.032219578 0.999438703 -0.009178476 -7.420302868 -0.981898129 -0.029936509 0.187028781 -40.978916168
0.198666856 0.011335388 0.980001509 173.448028564 -0.028820358 0.999568224 -0.005719220 -7.437811375 -0.979643166 -0.027107777 0.198907822 -40.848979950
0.210021108 0.010111783 0.977644503 174.065902710 -0.026518367 0.999637485 -0.004642486 -7.454409122 -0.977337182 -0.024950517 0.210213140 -40.717872620
0.219372705 0.014157838 0.975538373 174.664825439 -0.031529348 0.999475300 -0.007415120 -7.472022057 -0.975131512 -0.029131405 0.219703987 -40.564510345
0.228678480 0.021343503 0.973268032 175.257675171 -0.035249081 0.999285519 -0.013631959 -7.490352631 -0.972863555 -0.031189464 0.229267463 -40.412303925
0.237860754 0.030852724 0.970809102 175.839065552 -0.034914728 0.999121010 -0.023197928 -7.512722015 -0.970671535 -0.028377663 0.238728896 -40.268234253
0.245495856 0.036417782 0.968713343 176.438888550 -0.029990582 0.999101102 -0.029959826 -7.533503056 -0.968933642 -0.021697266 0.246367380 -40.107624054
0.251604795 0.034636781 0.967210114 177.039703369 -0.029808264 0.999162674 -0.028026877 -7.551696777 -0.967370987 -0.021779157 0.252426565 -39.942737579
0.257790595 0.027356118 0.965813398 177.646316528 -0.032984369 0.999265611 -0.019499592 -7.569132328 -0.965637684 -0.026829932 0.258503586 -39.773773193
0.261847466 0.016808419 0.964962900 178.257324219 -0.037308417 0.999277234 -0.007282301 -7.593052387 -0.964387894 -0.034094393 0.262285382 -39.592258453
0.263708860 0.008843710 0.964561820 178.861709595 -0.037415545 0.999299169 0.001067116 -7.611941338 -0.963876426 -0.036371015 0.263854980 -39.419170380
0.264448911 0.007928431 0.964367151 179.466598511 -0.034363944 0.999408603 0.001206768 -7.628927231 -0.963787317 -0.033458587 0.264565021 -39.249557495
0.265634477 0.010064921 0.964021266 180.062561035 -0.030702326 0.999526620 -0.001975640 -7.635680676 -0.963584840 -0.029072901 0.265817732 -39.089382172
0.267867565 0.009327414 0.963410676 180.669586182 -0.027184786 0.999628186 -0.002119579 -7.643917084 -0.963072240 -0.025622344 0.268021494 -38.927585602
0.269358903 0.007363639 0.963011682 181.277313232 -0.029415857 0.999567091 0.000584594 -7.645855427 -0.962590575 -0.028485281 0.269458860 -38.748943329
0.272066832 0.003820439 0.962270737 181.883758545 -0.029646451 0.999550700 0.004413615 -7.654244423 -0.961821616 -0.029728709 0.272057861 -38.571460724
0.274900675 -0.001107136 0.961471915 182.493255615 -0.029077288 0.999532461 0.009464637 -7.661861897 -0.961032808 -0.030558832 0.274739951 -38.387367249
0.279399335 -0.003864516 0.960167170 183.115158081 -0.027628195 0.999545515 0.012062543 -7.664033413 -0.959777355 -0.029897951 0.279165596 -38.206279755
0.285319030 -0.005938499 0.958414197 183.724166870 -0.025779083 0.999571443 0.013867926 -7.660919666 -0.958085775 -0.028663816 0.285043657 -38.015823364
0.293067187 -0.009055122 0.956048906 184.345626831 -0.024555728 0.999554038 0.016994486 -7.663781166 -0.955776393 -0.028457005 0.292714089 -37.817428589
0.303158373 -0.011091292 0.952875614 184.966552734 -0.021760557 0.999590933 0.018558195 -7.668593407 -0.952691734 -0.026361180 0.302792996 -37.625556946
0.314391971 -0.008847095 0.949252009 185.581817627 -0.023322029 0.999582767 0.017040430 -7.669001579 -0.949006796 -0.027495857 0.314054459 -37.412189484
0.325742662 -0.005319644 0.945443511 186.192916870 -0.024515791 0.999600410 0.014071020 -7.671355724 -0.945140660 -0.027761826 0.325482041 -37.188278198
0.337472886 -0.002371355 0.941332221 186.798599243 -0.025288802 0.999612987 0.011584353 -7.671512604 -0.940995395 -0.027714571 0.337282389 -36.960700989
0.349213243 -0.002088387 0.937040865 187.418884277 -0.024045201 0.999648213 0.011189004 -7.669766426 -0.936734617 -0.026438689 0.349040210 -36.725608826
0.360855401 -0.005158157 0.932607472 188.049636841 -0.023033954 0.999630332 0.014441421 -7.667093277 -0.932337224 -0.026692906 0.360603213 -36.480499268
