1.000000000 -0.000000000 -0.000000000 -0.000000000 -0.000000000 0.999999940 0.000000000 0.000000000 -0.000000000 0.000000000 1.000000000 0.000000002
0.999991417 -0.002435947 -0.003352082 -0.003069031 0.002428546 0.999994576 -0.002209982 -0.005017061 0.003357447 0.002201822 0.999991953 0.666695952
0.999971390 -0.001514393 -0.007422922 -0.011095243 0.001488701 0.999992967 -0.003465532 -0.011728831 0.007428117 0.003454382 0.999966443 1.368457079
0.999935746 -0.001250708 -0.011264331 -0.026715666 0.001195095 0.999986947 -0.004942452 -0.013132902 0.011270368 0.004928672 0.999924302 2.069698095
0.999868870 -0.000045003 -0.016193327 -0.045828357 -0.000046724 0.999983847 -0.005664071 -0.015130969 0.016193321 0.005664086 0.999852777 2.799919128
0.999790967 -0.000815814 -0.020429015 -0.063893586 0.000699849 0.999983668 -0.005683000 -0.030425673 0.020433318 0.005667516 0.999775171 3.539441347
0.999688625 0.001012950 -0.024930000 -0.090093777 -0.001188431 0.999974728 -0.007025149 -0.033771791 0.024922257 0.007052589 0.999664485 4.293681622
0.999559581 0.003767130 -0.029436827 -0.125307411 -0.003995916 0.999962270 -0.007717134 -0.043568924 0.029406644 0.007831361 0.999536872 5.051655769
0.999413133 0.003893785 -0.034033347 -0.150652394 -0.004095882 0.999974370 -0.005870483 -0.052216388 0.034009628 0.006006434 0.999403477 5.857015133
0.999247789 0.003269657 -0.038641050 -0.184204012 -0.003403274 0.999988496 -0.003392643 -0.057290941 0.038629517 0.003521598 0.999247432 6.657036304
0.999123693 0.002845444 -0.041759957 -0.226981774 -0.002873913 0.999995649 -0.000621708 -0.064778879 0.041758019 0.000741178 0.999127507 7.461979866
0.999013543 0.004214277 -0.044206530 -0.271151185 -0.004276119 0.999989986 -0.001304467 -0.073986694 0.044200588 0.001492213 0.999021590 8.287566185
0.998920441 0.003725583 -0.046304192 -0.316348702 -0.003803008 0.999991477 -0.001584114 -0.078511551 0.046297897 0.001758499 0.998926222 9.108937263
0.998859942 0.001142141 -0.047722355 -0.361627191 -0.001249536 0.999996722 -0.002220608 -0.085151449 0.047719657 0.002277707 0.998858213 9.935557365
0.998735964 0.000486375 -0.050263960 -0.396521807 -0.000551226 0.999998987 -0.001276356 -0.093276076 0.050263282 0.001302449 0.998735249 10.791169167
0.998653531 -0.000990124 -0.051866710 -0.442104876 0.000908049 0.999998331 -0.001605960 -0.100284524 0.051868211 0.001556700 0.998652756 11.642938614
0.998559773 0.001117550 -0.053639911 -0.494787902 -0.001322247 0.999991953 -0.003780792 -0.110952131 0.053635262 0.003846272 0.998553097 12.502737999
0.998496532 0.001420673 -0.054796394 -0.546951890 -0.001767938 0.999978662 -0.006289423 -0.122649059 0.054786284 0.006376845 0.998477757 13.371232033
0.998395324 0.005079505 -0.056401215 -0.606789827 -0.005523390 0.999954939 -0.007717034 -0.137153268 0.056359470 0.008016177 0.998378396 14.246075630
0.998331189 0.006320676 -0.057402577 -0.661976039 -0.006746648 0.999951124 -0.007229992 -0.149225160 0.057354070 0.007605201 0.998324990 15.138934135
0.998253405 0.005395663 -0.058830086 -0.717990875 -0.005750168 0.999966323 -0.005858280 -0.162142634 0.058796480 0.006186333 0.998250782 16.023998260
0.998189390 0.006013957 -0.059847165 -0.782120109 -0.006294629 0.999970078 -0.004502397 -0.172710508 0.059818294 0.004870962 0.998197317 16.919082642
0.998146236 0.005680880 -0.060595229 -0.843698263 -0.005956728 0.999972761 -0.004372657 -0.187844828 0.060568728 0.004725502 0.998152792 17.827280045
0.998016298 0.005621684 -0.062704273 -0.897970796 -0.005954775 0.999969065 -0.005126474 -0.201383606 0.062673539 0.005489693 0.998018980 18.726041794
0.997956872 0.004051599 -0.063764155 -0.960082769 -0.004414223 0.999974847 -0.005547091 -0.215964615 0.063740082 0.005817227 0.997949600 19.637931824
0.997911632 0.003706718 -0.064486556 -1.015164137 -0.003987486 0.999983132 -0.004225756 -0.222322017 0.064469807 0.004474070 0.997909606 20.561462402
0.997909427 0.005546977 -0.064388856 -1.079885483 -0.005611880 0.999983907 -0.000827158 -0.234901384 0.064383239 0.001186772 0.997924507 21.483463287
0.997979939 0.006733834 -0.063171990 -1.145926237 -0.006562109 0.999974191 0.002925469 -0.244061708 0.063190065 -0.002505018 0.997998357 22.412324905
0.998081207 0.005862139 -0.061641254 -1.208901644 -0.005526965 0.999968946 0.005606612 -0.247957617 0.061672211 -0.005255165 0.998082697 23.349100113
0.998171866 0.005497634 -0.060188483 -1.264324784 -0.005105317 0.999964654 0.006669994 -0.256544143 0.060223028 -0.006350518 0.998164773 24.289443970
0.998256266 0.005969367 -0.058727439 -1.321398139 -0.005757629 0.999976277 0.003773993 -0.262809634 0.058748573 -0.003429279 0.998266935 25.233510971
0.998305857 0.006506016 -0.057819664 -1.382815123 -0.006565476 0.999978006 -0.000838443 -0.268098265 0.057812952 0.001216638 0.998326659 26.170583725
0.998369217 0.006388074 -0.056728907 -1.433687687 -0.006614293 0.999970973 -0.003800874 -0.281444758 0.056702968 0.004169898 0.998382390 27.121839523
0.998409271 0.003571587 -0.056270450 -1.482986093 -0.003748381 0.999988317 -0.003036612 -0.288441181 0.056258950 0.003242705 0.998410940 28.079523087
0.998435974 0.001950568 -0.055873722 -1.547953367 -0.001844289 0.999996364 0.001953609 -0.299151778 0.055877328 -0.001847507 0.998435855 29.051540375
0.998389900 -0.001596915 -0.056702957 -1.600160837 0.001927241 0.999981523 0.005771343 -0.313636899 0.056692701 -0.005871329 0.998374403 30.009971619
0.998281181 -0.009039149 -0.057904091 -1.647090197 0.009354194 0.999942958 0.005172065 -0.320796520 0.057854038 -0.005704822 0.998308778 30.985517502
0.998184681 -0.011340259 -0.059150100 -1.703921914 0.011429791 0.999934137 0.001175547 -0.322958618 0.059132870 -0.001849487 0.998248339 31.956060410
0.998104274 -0.011013234 -0.060552411 -1.765815496 0.010847414 0.999936521 -0.003066471 -0.327112138 0.060582336 0.002403820 0.998160243 32.934036255
0.997984767 -0.010000192 -0.062658712 -1.835962534 0.009787618 0.999945283 -0.003698569 -0.335735500 0.062692262 0.003077836 0.998028100 33.925182343
0.997945011 -0.009939839 -0.063300736 -1.893423557 0.009846666 0.999949932 -0.001783715 -0.358008713 0.063315295 0.001156748 0.997992933 34.889003754
0.997889459 -0.006871261 -0.064572014 -1.962944865 0.006949299 0.999975383 0.000984010 -0.370088995 0.064563654 -0.001430664 0.997912586 35.886947632
0.997803807 -0.006509773 -0.065917686 -2.028998375 0.006673872 0.999975204 0.002269535 -0.381118089 0.065901265 -0.002704477 0.997822523 36.863365173
0.997761369 -0.005360831 -0.066659853 -2.101634502 0.005699475 0.999971926 0.004891046 -0.389670134 0.066631742 -0.005260024 0.997763813 37.839473724
0.997764587 -0.005264111 -0.066619478 -2.164736986 0.005810235 0.999951065 0.008006578 -0.398496926 0.066574067 -0.008375754 0.997746289 38.826332092
0.997742772 0.000400890 -0.067151539 -2.242478609 0.000279500 0.999948740 0.010122448 -0.397089154 0.067152150 -0.010118366 0.997691453 39.815979004
0.997736573 0.000699331 -0.067240790 -2.321867943 -0.000060485 0.999954820 0.009502427 -0.403373867 0.067244396 -0.009476852 0.997691572 40.812305450
0.997739077 0.000509057 -0.067206167 -2.384122849 0.000030696 0.999967873 0.008030018 -0.408535510 0.067208089 -0.008013927 0.997706771 41.791534424
0.997750580 0.002861984 -0.066973999 -2.467072487 -0.002490156 0.999981046 0.005634649 -0.410935074 0.066988848 -0.005455201 0.997738838 42.788703918
0.997708261 0.002497912 -0.067616776 -2.543621540 -0.002120707 0.999981761 0.005649783 -0.415212214 0.067629643 -0.005493440 0.997695327 43.762268066
0.997608125 0.000228561 -0.069122247 -2.603452444 0.000256052 0.999975443 0.007002007 -0.425422519 0.069122143 -0.007002957 0.997583628 44.753402710
0.997547209 0.000641030 -0.069993578 -2.673955917 -0.000072927 0.999967098 0.008118764 -0.432331055 0.069996484 -0.008093746 0.997514427 45.742603302
0.997568727 0.003473180 -0.069604427 -2.762368917 -0.003162472 0.999984562 0.004573612 -0.444246233 0.069619246 -0.004342372 0.997564137 46.712959290
0.997464180 0.004009976 -0.071056552 -2.826510906 -0.003990495 0.999991953 0.000416118 -0.453725696 0.071057625 -0.000131512 0.997472227 47.667343140
0.997410715 0.004370905 -0.071782745 -2.891090155 -0.004438379 0.999989808 -0.000780482 -0.458595127 0.071778595 0.001097060 0.997420132 48.629943848
0.997412026 0.003237307 -0.071824707 -2.965744734 -0.003020716 0.999990523 0.003123972 -0.473522782 0.071834140 -0.002898926 0.997412443 49.608093262
0.997406662 0.001254048 -0.071961515 -3.035689831 -0.000828989 0.999981999 0.005936318 -0.482232541 0.071967661 -0.005861268 0.997389734 50.573825836
0.997376025 -0.001480982 -0.072380602 -3.097728729 0.001976495 0.999975085 0.006774790 -0.489647210 0.072368756 -0.006900073 0.997354031 51.527301788
0.997337222 -0.004715608 -0.072775461 -3.165323973 0.005130995 0.999971569 0.005521897 -0.497211933 0.072747342 -0.005880605 0.997333109 52.485958099
0.997303426 -0.007593821 -0.072993882 -3.233350515 0.007933601 0.999958992 0.004366066 -0.507594943 0.072957732 -0.004933398 0.997322798 53.432983398
0.997208357 -0.008952260 -0.074131235 -3.303357840 0.009368554 0.999942243 0.005269784 -0.514033735 0.074079789 -0.005949575 0.997234523 54.389163971
0.997079194 -0.012283565 -0.075381532 -3.372457504 0.013030176 0.999870658 0.009420566 -0.517190039 0.075256079 -0.010375286 0.997110307 55.338016510
0.997043312 -0.012620810 -0.075800270 -3.443373203 0.013752441 0.999801278 0.014425687 -0.522032440 0.075603142 -0.015425472 0.997018635 56.271499634
0.997039616 -0.010977302 -0.076103166 -3.524559498 0.012264509 0.999789119 0.016467283 -0.520052314 0.075906351 -0.017351899 0.996963978 57.218269348
0.996934295 -0.009549526 -0.077658884 -3.601276875 0.010535287 0.999868870 0.012293667 -0.520480573 0.077531308 -0.013074137 0.996904135 58.151126862
0.996832848 -0.007565286 -0.079165109 -3.672438145 0.007963628 0.999957144 0.004717254 -0.528678477 0.079126015 -0.005332759 0.996850252 59.056362152
0.996791840 -0.005860837 -0.079822317 -3.757999182 0.005881236 0.999982655 0.000020470 -0.536274076 0.079820819 -0.000489858 0.996809065 59.980430603
0.996769428 -0.000635728 -0.080313981 -3.845710754 0.000703045 0.999999404 0.000809914 -0.545881748 0.080313422 -0.000863762 0.996769309 60.879356384
0.996622920 0.001897167 -0.082091697 -3.923787594 -0.001615627 0.999992609 0.003495884 -0.561805010 0.082097717 -0.003351449 0.996618569 61.781082153
0.996541381 0.004533264 -0.082974777 -3.998356819 -0.004154873 0.999980211 0.004732425 -0.573583901 0.082994580 -0.004371307 0.996540427 62.661384583
0.996430159 0.004931498 -0.084277302 -4.074067116 -0.004571202 0.999979675 0.004467562 -0.581186175 0.084297612 -0.004066365 0.996432304 63.529022217
0.996288836 0.006659974 -0.085814700 -4.151649475 -0.006215534 0.999965847 0.005445214 -0.590899467 0.085848026 -0.004891622 0.996296227 64.377998352
0.996162236 0.007757206 -0.087182365 -4.231451511 -0.007256932 0.999955356 0.006053737 -0.602016568 0.087225422 -0.005397828 0.996173918 65.218612671
0.996045709 0.007287954 -0.088544153 -4.303319454 -0.006735028 0.999955833 0.006541808 -0.612529635 0.088587932 -0.005919592 0.996050775 66.034194946
0.995945096 0.007033948 -0.089688398 -4.377905369 -0.006392821 0.999951899 0.007433649 -0.617382824 0.089736372 -0.006830145 0.995942175 66.838485718
0.995795965 0.009838954 -0.091069371 -4.456957817 -0.008940203 0.999907255 0.010271594 -0.624260366 0.091161996 -0.009414230 0.995791674 67.638381958
0.995646715 0.011435831 -0.092503555 -4.532110691 -0.010144516 0.999844551 0.014417833 -0.629474759 0.092654057 -0.013416664 0.995608032 68.428901672
0.995469332 0.014390309 -0.093988687 -4.617197037 -0.012932700 0.999786675 0.016099133 -0.632746458 0.094200306 -0.014810665 0.995443106 69.199516296
0.995315850 0.017388040 -0.095099330 -4.699275017 -0.016321881 0.999795079 0.011977419 -0.639088333 0.095288090 -0.010369116 0.995395660 69.945442200
0.995159209 0.017274374 -0.096745193 -4.768453598 -0.016893774 0.999845982 0.004751854 -0.646057963 0.096812390 -0.003094462 0.995297730 70.666938782
0.995044410 0.016537704 -0.098047808 -4.844468117 -0.016712336 0.999859929 -0.000960018 -0.655218065 0.098018214 0.002593869 0.995181203 71.381134033
0.994994223 0.016988963 -0.098478049 -4.918463707 -0.017296780 0.999847770 -0.002272776 -0.659427524 0.098424472 0.003964752 0.995136619 72.069137573
0.994880497 0.019920170 -0.099075653 -4.996747017 -0.019890012 0.999801338 0.001292201 -0.669471741 0.099081703 0.000685030 0.995079041 72.747520447
0.994742870 0.020442652 -0.100343131 -5.068876266 -0.020175198 0.999789715 0.003679578 -0.687667608 0.100397237 -0.001635792 0.994946063 73.397567749
0.994717598 0.017093016 -0.101217225 -5.132941723 -0.017155882 0.999852717 0.000249442 -0.696034551 0.101206593 0.001488346 0.994864285 74.027091980
0.994818389 0.008971031 -0.101271339 -5.184504509 -0.009496235 0.999943852 -0.004705195 -0.712013245 0.101223424 0.005642511 0.994847655 74.639953613
0.994953334 0.005113241 -0.100208133 -5.239108086 -0.006110098 0.999934912 -0.009643473 -0.719330370 0.100152276 0.010207088 0.994919717 75.239639282
0.995227635 0.007434298 -0.097295910 -5.295857430 -0.008444655 0.999914646 -0.009976683 -0.728773773 0.097213425 0.010750704 0.995205462 75.828125000
0.995576143 0.012271287 -0.093152992 -5.358834743 -0.012946062 0.999893963 -0.006642839 -0.748027742 0.093061596 0.007819417 0.995629609 76.386405945
0.996028185 0.010731910 -0.088389091 -5.410364151 -0.011087020 0.999932170 -0.003527590 -0.757425785 0.088345222 0.004493552 0.996079683 76.946159363
0.996542633 0.006981554 -0.082788609 -5.444580078 -0.006980129 0.999975562 0.000306645 -0.762907147 0.082788736 0.000272290 0.996567011 77.489868164
0.997231424 0.002433305 -0.074319661 -5.476492405 -0.002155931 0.999990284 0.003812185 -0.777602553 0.074328221 -0.003641402 0.997227132 78.013763428
0.997923613 0.006193035 -0.064110719 -5.498709202 -0.005962804 0.999975026 0.003781845 -0.786866665 0.064132549 -0.003391713 0.997935653 78.531829834
0.998733342 0.011452728 -0.048994515 -5.525821686 -0.011303643 0.999930561 0.003318877 -0.793910623 0.049029130 -0.002760857 0.998793542 79.036827087
0.999391377 0.016692664 -0.030631896 -5.543724537 -0.016580785 0.999854863 0.003902731 -0.799106777 0.030692611 -0.003392455 0.999523103 79.535301208
0.999849141 0.015056233 -0.008671761 -5.530222893 -0.015017675 0.999877036 0.004494429 -0.806511700 0.008738369 -0.004363521 0.999952316 80.011398315
0.999782324 0.011479322 0.017422475 -5.500490189 -0.011574940 0.999918342 0.005397240 -0.813240767 -0.017359095 -0.005597728 0.999833763 80.462783813
0.998849094 0.010355851 0.046835478 -5.454662800 -0.010685823 0.999919713 0.006800415 -0.819404900 -0.046761297 -0.007293062 0.998879492 80.918777466
0.996748209 0.009732691 0.079989374 -5.399206638 -0.010461252 0.999907434 0.008694183 -0.831241488 -0.079897359 -0.009502699 0.996757805 81.368583679
0.992997050 0.010107676 0.117706373 -5.324388504 -0.011217799 0.999898553 0.008772587 -0.830585063 -0.117605768 -0.010031560 0.993009686 81.813766479
0.987199843 0.009976028 0.159175768 -5.235763550 -0.011541935 0.999893606 0.008916102 -0.838902116 -0.159069911 -0.010639170 0.987209916 82.212631226
0.978856206 0.009591959 0.204324752 -5.120979309 -0.011630522 0.999893725 0.008778506 -0.844065964 -0.204218835 -0.010969296 0.978863776 82.628723145
0.967328072 0.011812082 0.253252625 -4.985448837 -0.013912842 0.999881983 0.006505732 -0.850180209 -0.253145933 -0.009816642 0.967378259 83.030982971
0.951736450 0.012860499 0.306646973 -4.835609436 -0.014717567 0.999884665 0.003744463 -0.858066678 -0.306563467 -0.008076838 0.951815963 83.415481567
0.931948960 0.013481839 0.362338901 -4.655128479 -0.014906693 0.999888301 0.001136910 -0.858116388 -0.362283051 -0.006460817 0.932045698 83.783264160
0.907736480 0.012954219 0.419340551 -4.461664200 -0.014180555 0.999899447 -0.000192463 -0.872174561 -0.419300914 -0.005771774 0.907828987 84.117057800
0.878684998 0.013733954 0.477204323 -4.250347137 -0.014156244 0.999895990 -0.002710885 -0.873390615 -0.477191955 -0.004373406 0.878788173 84.427032471
0.845142245 0.012660814 0.534391463 -4.008068085 -0.012012880 0.999916732 -0.004691628 -0.880924582 -0.534406483 -0.002454488 0.845223963 84.730392456
0.808124483 0.012094789 0.588887453 -3.747306824 -0.010620459 0.999925673 -0.005962493 -0.890575886 -0.588915765 -0.001435819 0.808193028 85.019065857
0.768105626 0.010987543 0.640228868 -3.471450806 -0.009836745 0.999937236 -0.005359326 -0.897593915 -0.640247643 -0.002181239 0.768165469 85.288070679
0.725898623 0.010846853 0.687716126 -3.175609589 -0.011028500 0.999930620 -0.004130377 -0.896939516 -0.687713206 -0.004586242 0.725967944 85.527511597
0.681279302 0.009440603 0.731962562 -2.870269775 -0.009450853 0.999946833 -0.004100523 -0.903403461 -0.731962502 -0.004124069 0.681332409 85.743011475
0.635223687 0.007888907 0.772287965 -2.542266846 -0.006223648 0.999967635 -0.005095563 -0.914378405 -0.772303224 -0.001569627 0.635252237 85.944473267
0.589232266 0.004755072 0.807949781 -2.209205627 0.000570124 0.999979973 -0.006301028 -0.919256747 -0.807963490 0.004173399 0.589217722 86.114181519
0.542680562 0.006603115 0.839913249 -1.875236511 -0.001602878 0.999975383 -0.006825828 -0.931828499 -0.839937627 0.002357966 0.542677820 86.280380249
0.495866597 0.009948693 0.868341863 -1.534915924 -0.004759653 0.999950469 -0.008738552 -0.933056056 -0.868385673 0.000200150 0.495889425 86.435089111
0.450542420 0.011520168 0.892680824 -1.196449280 -0.005173294 0.999933660 -0.010293283 -0.946255565 -0.892740071 0.000019461 0.450572163 86.565475464
0.408114076 0.009372303 0.912882984 -0.843750000 0.001704918 0.999937713 -0.011028272 -0.951666832 -0.912929296 0.006057184 0.408072710 86.676055908
0.367491901 0.001673354 0.930025220 -0.471509933 0.016078854 0.999837518 -0.008152392 -0.960504651 -0.929887772 0.017949678 0.367405236 86.785179138
0.332082987 -0.001672289 0.943248749 -0.104686737 0.020062944 0.999784768 -0.005290899 -0.963033795 -0.943036854 0.020681366 0.332045048 86.876831055
0.298699468 0.002024057 0.954345107 0.258678436 0.017411651 0.999819815 -0.007570159 -0.972410619 -0.954188466 0.018877925 0.298610419 86.972648621
0.267943144 0.009596404 0.963387072 0.628551483 0.006953415 0.999905109 -0.011894092 -0.986229062 -0.963409722 0.009885767 0.267850965 87.071144104
0.239482298 0.014329581 0.970795035 1.010572433 0.001512384 0.999884307 -0.015132044 -1.003634810 -0.970899582 0.005092071 0.239432886 87.160820007
0.213732034 0.015903594 0.976762831 1.400564194 0.003006261 0.999851942 -0.016937349 -1.017735600 -0.976887822 0.006556458 0.213652551 87.225822449
0.190278754 0.017377572 0.981576383 1.811725616 0.010051073 0.999756396 -0.019647833 -1.026551604 -0.981678665 0.013604459 0.190057755 87.282211304
0.170373231 0.023445897 0.985100746 2.222268105 0.017002147 0.999498129 -0.026729083 -1.030080676 -0.985233009 0.021302748 0.169889092 87.321731567
0.150485650 0.030490492 0.988141894 2.650443077 0.019022087 0.999249816 -0.033730146 -1.024813890 -0.988429189 0.023872422 0.149792776 87.377853394
0.132794693 0.031105243 0.990655363 3.088999748 0.016861906 0.999291837 -0.033636712 -1.038035512 -0.991000116 0.021171112 0.132176161 87.432411194
0.117530473 0.026859060 0.992706060 3.551845551 0.014645492 0.999478519 -0.028776243 -1.061945796 -0.992961228 0.017920755 0.117075801 87.481849670
0.102901876 0.023680890 0.994409561 4.022334099 0.015024894 0.999565482 -0.025358450 -1.080337405 -0.994578004 0.017550331 0.102501385 87.524536133
0.089720555 0.021089084 0.995743752 4.505721092 0.017439406 0.999589264 -0.022741891 -1.096401334 -0.995814204 0.019405596 0.089315943 87.556037903
0.078080744 0.020199794 0.996742368 4.996309280 0.020994959 0.999539614 -0.021901146 -1.113135457 -0.996725917 0.022636622 0.077620722 87.580276489
0.067739919 0.020858346 0.997484922 5.516614437 0.023993937 0.999458194 -0.022529053 -1.128740788 -0.997414410 0.025459707 0.067202762 87.612663269
0.060191087 0.021631485 0.997952461 6.040997982 0.026278324 0.999384224 -0.023247484 -1.139716864 -0.997840881 0.027623808 0.059585597 87.629837036
0.054642014 0.021829385 0.998267353 6.590514660 0.027992541 0.999334514 -0.023384947 -1.155656099 -0.998113573 0.029221838 0.053994585 87.655364990
0.048952639 0.022856178 0.998539507 7.154965878 0.029427497 0.999271095 -0.024315586 -1.172588110 -0.998367429 0.030574832 0.048244361 87.681098938
0.043117631 0.023661628 0.998789847 7.742362976 0.029990520 0.999238312 -0.024966944 -1.185185075 -0.998619735 0.031030741 0.042375170 87.701782227
0.038713507 0.023567772 0.998972476 8.344606400 0.032566130 0.999161005 -0.024834268 -1.202105284 -0.998719513 0.033494081 0.037913516 87.719841003
0.035815354 0.023647796 0.999078631 8.965207100 0.033992350 0.999112666 -0.024867173 -1.220115066 -0.998780131 0.034851655 0.034979727 87.739234924
0.032695107 0.023059186 0.999199331 9.604777336 0.035033397 0.999092937 -0.024203071 -1.238908291 -0.998851120 0.035796665 0.031857606 87.756568909
0.030412627 0.022490799 0.999284327 10.262758255 0.037170265 0.999029875 -0.023616323 -1.257714748 -0.998846054 0.037861902 0.029547138 87.773628235
0.029861026 0.022100676 0.999309599 10.938571930 0.042055115 0.998842537 -0.023347015 -1.276527166 -0.998668969 0.042723246 0.028897012 87.784851074
0.031059273 0.021595456 0.999284267 11.634450912 0.045531683 0.998698175 -0.022997987 -1.297030449 -0.998479962 0.046213400 0.030035561 87.799835205
0.033149831 0.021751946 0.999213636 12.343450546 0.046365887 0.998653233 -0.023277979 -1.314454556 -0.998374343 0.047101088 0.032096636 87.824302673
0.036890768 0.021816466 0.999081135 13.066966057 0.048738606 0.998532653 -0.023604145 -1.333189011 -0.998130083 0.049564593 0.035773337 87.852989197
0.041471377 0.021004813 0.998918891 13.800131798 0.049428482 0.998511672 -0.023048339 -1.357773781 -0.997916281 0.050330885 0.040371425 87.881973267
0.045457315 0.019517314 0.998775542 14.556231499 0.050859641 0.998467147 -0.021826066 -1.377423048 -0.997670650 0.051789533 0.044394996 87.913833618
0.049375966 0.017855762 0.998620689 15.321721077 0.050631467 0.998509824 -0.020357210 -1.398565650 -0.997496009 0.051566783 0.048398327 87.954666138
0.053421851 0.015596526 0.998450279 16.100891113 0.047499675 0.998706400 -0.018141989 -1.422968268 -0.997441590 0.048395246 0.052611917 88.008117676
0.057077814 0.014606492 0.998262882 16.902673721 0.046577726 0.998765230 -0.017277021 -1.441490412 -0.997282624 0.047482945 0.056326997 88.064422607
0.061203465 0.015608471 0.998003244 17.704200745 0.043905921 0.998867810 -0.018314559 -1.461493969 -0.997159183 0.044939160 0.060448866 88.124618530
0.064219832 0.019665936 0.997741997 18.491565704 0.041309062 0.998896480 -0.022347555 -1.489102602 -0.997080445 0.042650938 0.063336588 88.173652649
0.065828025 0.024766877 0.997523606 19.309974670 0.035823010 0.998988807 -0.027167266 -1.517277956 -0.997187674 0.037522659 0.064874232 88.239128113
0.065765455 0.027895959 0.997445047 20.120086670 0.033052575 0.998999715 -0.030118717 -1.543836474 -0.997287571 0.034948893 0.064777628 88.295166016
0.065697461 0.027840357 0.997451127 20.933912277 0.030747803 0.999079466 -0.029911019 -1.570176840 -0.997365773 0.032634504 0.064780951 88.359924316
0.065698273 0.025726514 0.997507811 21.758451462 0.028008787 0.999226093 -0.027615555 -1.608967543 -0.997446299 0.029753275 0.064926863 88.423385620
0.065168694 0.024696533 0.997568667 22.576635361 0.028825479 0.999229908 -0.026620759 -1.637793303 -0.997457862 0.030490231 0.064406618 88.486289978
0.065585732 0.023573866 0.997568548 23.391826630 0.026332041 0.999331832 -0.025346754 -1.676616907 -0.997499406 0.027930399 0.064921170 88.546928406
0.065837204 0.024007650 0.997541547 24.201728821 0.024579974 0.999368012 -0.025673874 -1.708175302 -0.997527480 0.026209842 0.065205492 88.603034973
0.065800063 0.024625096 0.997528970 25.018928528 0.021488676 0.999428511 -0.026089452 -1.742769837 -0.997601330 0.023152266 0.065233305 88.665939331
0.064553685 0.026031777 0.997574687 25.827384949 0.018469779 0.999457240 -0.027276093 -1.774052143 -0.997743189 0.020185761 0.064037867 88.729995728
0.061460521 0.025814330 0.997775674 26.636981964 0.015340076 0.999522865 -0.026804449 -1.805025101 -0.997991562 0.016953371 0.061035216 88.788185120
0.057968020 0.024896264 0.998007894 27.441829681 0.013436707 0.999579012 -0.025715908 -1.830009222 -0.998228014 0.014900642 0.057609096 88.832427979
0.053156797 0.022146855 0.998340547 28.254125595 0.011722310 0.999671280 -0.022800528 -1.863094330 -0.998517334 0.012914857 0.052879713 88.880279541
0.046725046 0.020327726 0.998700917 29.059268951 0.009110627 0.999742687 -0.020775180 -1.891402483 -0.998866200 0.010069512 0.046527825 88.924598694
0.039470475 0.020456852 0.999011338 29.869972229 0.008683110 0.999745548 -0.020814957 -1.921800613 -0.999182999 0.009496104 0.039282806 88.955078125
0.031147165 0.021355549 0.999286711 30.672222137 0.008516270 0.999729753 -0.021630466 -1.948963881 -0.999478400 0.009183923 0.030956876 88.977806091
0.021181656 0.021876665 0.999536276 31.477243423 0.009038723 0.999715447 -0.022072131 -1.974665642 -0.999734700 0.009502057 0.020977896 88.995635986
0.010600063 0.020771459 0.999728084 32.264045715 0.010113185 0.999730825 -0.020878745 -2.005488873 -0.999892652 0.010331753 0.010387143 89.004287720
-0.000262946 0.019839872 0.999803126 33.059474945 0.008932167 0.999763310 -0.019836733 -2.034143925 -0.999960005 0.008925192 -0.000440098 89.006637573
-0.011387605 0.018887265 0.999756753 33.842807770 0.010482568 0.999768972 -0.018768087 -2.061901569 -0.999880135 0.010266297 -0.011582962 88.995300293
-0.022492865 0.019460173 0.999557614 34.623268127 0.010807717 0.999756813 -0.019220855 -2.085635424 -0.999688566 0.010370602 -0.022697719 88.979187012
-0.033588920 0.020082893 0.999233902 35.401687622 0.010801222 0.999746919 -0.019730126 -2.111184835 -0.999377370 0.010130236 -0.033797339 88.952484131
-0.044011451 0.021053378 0.998809338 36.172950745 0.010243565 0.999734759 -0.020621520 -2.139053345 -0.998978436 0.009323783 -0.044215444 88.912384033
-0.054425731 0.022073589 0.998273909 36.936538696 0.010867826 0.999709368 -0.021512825 -2.163280487 -0.998458683 0.009678212 -0.054649811 88.870506287
-0.063893147 0.022719808 0.997698128 37.695652008 0.011861039 0.999687493 -0.022005526 -2.194227934 -0.997886240 0.010427734 -0.064142659 88.816970825
-0.073538080 0.023336275 0.997019291 38.453174591 0.012475305 0.999669492 -0.022478146 -2.219139576 -0.997214377 0.010785123 -0.073804900 88.761520386
-0.082910381 0.023646470 0.996276379 39.193847656 0.013137504 0.999657512 -0.022633411 -2.247560501 -0.996470392 0.011212043 -0.083192639 88.700584412
-0.091410078 0.023099700 0.995545387 39.926647186 0.014474166 0.999656141 -0.021866074 -2.272717953 -0.995708168 0.012410911 -0.091712996 88.627113342
-0.098789431 0.021808790 0.994869471 40.656795502 0.016044404 0.999664783 -0.020320717 -2.304057360 -0.994978964 0.013954614 -0.099106237 88.547798157
-0.104047760 0.020201916 0.994367063 41.378250122 0.018787982 0.999655247 -0.018343426 -2.330154181 -0.994394779 0.016773561 -0.104391441 88.471237183
-0.107686244 0.018797815 0.994007170 42.087387085 0.022231346 0.999616802 -0.016495455 -2.352228880 -0.993936300 0.020321785 -0.108062893 88.386413574
-0.110468641 0.017755549 0.993721068 42.789260864 0.023660071 0.999603927 -0.015230457 -2.371015072 -0.993597865 0.021829017 -0.110844992 88.308197021
-0.112182945 0.016939698 0.993543208 43.475673676 0.023701917 0.999615729 -0.014367007 -2.392102242 -0.993404806 0.021937143 -0.112541333 88.230964661
-0.112879105 0.017313462 0.993457913 44.141979218 0.024673279 0.999588788 -0.014616867 -2.412729502 -0.993302345 0.022861924 -0.113259859 88.149826050
-0.111760281 0.018317239 0.993566394 44.792812347 0.025199965 0.999560833 -0.015593157 -2.432497263 -0.993415654 0.023295142 -0.112172812 88.077194214
-0.108824268 0.019842772 0.993863046 45.415622711 0.026153220 0.999511778 -0.017091872 -2.457465887 -0.993716836 0.024132702 -0.109290101 88.011085510
-0.103644229 0.020381933 0.994405508 46.043964386 0.026461247 0.999492586 -0.017728215 -2.477209330 -0.994262516 0.024475778 -0.104130961 87.945602417
-0.095728509 0.021270769 0.995180130 46.639041901 0.026054952 0.999482572 -0.018856447 -2.495025635 -0.995066404 0.024124274 -0.096233189 87.894577026
-0.084605239 0.021182222 0.996189356 47.221588135 0.024490217 0.999516129 -0.019173035 -2.519893646 -0.996113539 0.022774758 -0.085083060 87.855979919
-0.070792943 0.021063520 0.997268617 47.775283813 0.024239287 0.999518096 -0.019390365 -2.546025991 -0.997196496 0.022800380 -0.071269386 87.824035645
-0.053735226 0.022159273 0.998309314 48.320186615 0.022776794 0.999520838 -0.020960178 -2.574373007 -0.998295426 0.021611987 -0.054214183 87.809700012
-0.032789584 0.024732629 0.999156237 48.833362579 0.020800671 0.999494135 -0.024058370 -2.596491337 -0.999245763 0.019994257 -0.033287458 87.813003540
-0.008139702 0.027846826 0.999579132 49.358646393 0.018697456 0.999441683 -0.027690740 -2.618635893 -0.999791980 0.018464187 -0.008655824 87.828300476
0.020067867 0.029455189 0.999364614 49.872207642 0.017085934 0.999409795 -0.029799612 -2.640218258 -0.999652624 0.017673088 0.019552760 87.863815308
0.053158496 0.029041339 0.998163700 50.381641388 0.014134819 0.999454975 -0.029831672 -2.662470341 -0.998485982 0.015694670 0.052719031 87.910873413
0.092837751 0.026293997 0.995334029 50.847682953 0.013147581 0.999531686 -0.027631201 -2.688357592 -0.995594323 0.015651453 0.092448577 87.941490173
0.134136200 0.022858379 0.990699232 51.384719849 0.011554826 0.999629855 -0.024628911 -2.703012943 -0.990895510 0.014750985 0.133822426 88.054222107
0.179475144 0.018718380 0.983584464 51.873535156 0.008990208 0.999746025 -0.020666400 -2.721383095 -0.983721435 0.012551734 0.179261282 88.169052124
0.228333950 0.015468740 0.973460078 52.359527588 0.004546470 0.999845922 -0.016954444 -2.738178253 -0.973572314 0.008297082 0.228228480 88.306968689
0.279766291 0.013570127 0.959972262 52.828376770 0.000350112 0.999898612 -0.014236558 -2.760650396 -0.960068166 0.004319008 0.279733181 88.480422974
0.334668010 0.013458224 0.942240059 53.270355225 -0.000941887 0.999902368 -0.013947286 -2.776943207 -0.942335665 0.003780227 0.334648013 88.670761108
0.389572442 0.015131203 0.920871556 53.684356689 0.001052642 0.999857068 -0.016874360 -2.779965401 -0.920995235 0.007543135 0.389500767 88.911636353
0.450561523 0.017594228 0.892572045 54.103897095 0.002273321 0.999779940 -0.020855039 -2.802588701 -0.892742515 0.011425581 0.450422436 89.144691467
0.510628283 0.021334613 0.859536827 54.500076294 0.003077607 0.999640405 -0.026640454 -2.816524982 -0.859796047 0.016248686 0.510378957 89.411346436
0.569768488 0.025900468 0.821396947 54.861045837 -0.000186509 0.999507248 -0.031387303 -2.818845987 -0.821805239 0.017730301 0.569492579 89.692428589
0.623393476 0.028808009 0.781377256 55.187942505 -0.004573949 0.999438286 -0.033198372 -2.837625504 -0.781894863 0.017121665 0.623175204 90.034927368
0.676871836 0.029203715 0.735521317 55.513725281 -0.006105831 0.999401093 -0.034062032 -2.859053850 -0.736075580 0.018564662 0.676644742 90.375625610
0.725973427 0.026795888 0.687200427 55.809116364 -0.006061137 0.999451160 -0.032568306 -2.879741669 -0.687695920 0.019478509 0.725737393 90.733070374
0.770059466 0.024302028 0.637509048 56.050659180 -0.008690256 0.999581039 -0.027607186 -2.889350891 -0.637912810 0.015719054 0.769948065 91.117912292
0.811763108 0.020936765 0.583611727 56.303096771 -0.010254132 0.999714196 -0.021601437 -2.889453888 -0.583897173 0.011550819 0.811745524 91.519714355
0.848555028 0.018821057 0.528772414 56.523624420 -0.012671257 0.999803364 -0.015252492 -2.896957397 -0.528955519 0.006242367 0.848626614 91.942955017
0.879458189 0.015616727 0.475720108 56.704147339 -0.013493820 0.999877930 -0.007877679 -2.904604912 -0.475785017 0.000508807 0.879561484 92.375663757
0.905166030 0.016887145 0.424722850 56.865074158 -0.017668566 0.999841750 -0.002098983 -2.917556763 -0.424690992 -0.005604314 0.905321062 92.806640625
0.924969256 0.018217865 0.379605532 56.976242065 -0.020630825 0.999784529 0.002289038 -2.938329220 -0.379481971 -0.009948866 0.925145686 93.205047607
0.940124214 0.023800172 0.340000093 57.100761414 -0.027033526 0.999623001 0.004775496 -2.942557573 -0.339758247 -0.013680961 0.940413296 93.657287598
0.952023506 0.028077792 0.304734200 57.212085724 -0.030783631 0.999517679 0.004077286 -2.944242239 -0.304472715 -0.013262497 0.952428758 94.118515015
0.961178601 0.030424846 0.274244368 57.316200256 -0.032799050 0.999453604 0.004074907 -2.941416979 -0.273970485 -0.012911666 0.961651444 94.583175659
0.967208743 0.025136095 0.252735913 57.423477173 -0.027134269 0.999621987 0.004423236 -2.946296215 -0.252529144 -0.011135997 0.967525244 95.049583435
0.971270382 0.022463992 0.236916333 57.536094666 -0.024453305 0.999686003 0.005461118 -2.958823204 -0.236719251 -0.011097607 0.971514761 95.528030396
0.974062383 0.026787752 0.224688560 57.621032715 -0.028689068 0.999574840 0.005200878 -2.961996555 -0.224453688 -0.011512084 0.974416733 96.037277222
0.976079226 0.032127272 0.215028092 57.714023590 -0.034261502 0.999393523 0.006204552 -2.963150978 -0.214698300 -0.013423318 0.976588190 96.539428711
0.977260053 0.038542543 0.208512515 57.817939758 -0.040246639 0.999182165 0.003934622 -2.948790073 -0.208190262 -0.012237079 0.978011787 97.030799866
0.977613926 0.044349145 0.205680251 57.911491394 -0.045429267 0.998967409 0.000529622 -2.953320265 -0.205444381 -0.009861670 0.978619099 97.549583435
0.977744043 0.045965999 0.204704300 58.020496368 -0.046492808 0.998916149 -0.002237879 -2.957930803 -0.204585269 -0.007329205 0.978821278 98.089111328
0.977174401 0.045006931 0.207616806 58.130809784 -0.044819701 0.998979390 -0.005608025 -2.970257282 -0.207657307 -0.003825306 0.978194237 98.625274658
0.976433754 0.043278828 0.211433932 58.253753662 -0.041542575 0.999056697 -0.012649005 -2.967069626 -0.211781919 0.003567404 0.977310419 99.180320740
0.975658715 0.043150809 0.215006948 58.389236450 -0.040406544 0.999036193 -0.017144695 -2.973158836 -0.215539500 0.008039685 0.976462007 99.731269836
0.974481523 0.047632847 0.219355434 58.511890411 -0.044952709 0.998841047 -0.017196111 -2.977031708 -0.219920367 0.006896670 0.975493491 100.310981750
0.972961009 0.051042777 0.225258976 58.637580872 -0.049411774 0.998695493 -0.012876159 -2.993421793 -0.225622386 0.001397556 0.974213779 100.903007507
0.972018123 0.047755212 0.230000228 58.783378601 -0.047103141 0.998855293 -0.008327994 -3.003956318 -0.230134696 -0.002738773 0.973154902 101.498458862
0.971280277 0.043628763 0.233904049 58.934108734 -0.044241443 0.999017417 -0.002629526 -3.016589642 -0.233788937 -0.007794247 0.972256184 102.122047424
0.970529318 0.041295845 0.237418607 59.091430664 -0.043076396 0.999068975 0.002314487 -3.027950525 -0.237102032 -0.012473417 0.971404672 102.740577698
0.969937205 0.036548473 0.240595028 59.248752594 -0.038365774 0.999259591 0.002871925 -3.032535553 -0.240311921 -0.012016202 0.970621407 103.378318787
0.969937146 0.033083491 0.241096511 59.409034729 -0.033976063 0.999422491 -0.000455199 -3.036440849 -0.240972370 -0.007749994 0.970501006 104.022186279
0.970108569 0.032471437 0.240489155 59.572929382 -0.031656016 0.999472380 -0.007254118 -3.045748711 -0.240597814 -0.000575645 0.970624685 104.667282104
0.970308900 0.034810707 0.239351213 59.733589172 -0.032448035 0.999378204 -0.013805833 -3.056536674 -0.239682943 0.005629444 0.970834911 105.307014465
0.970929861 0.037514694 0.236406550 59.892753601 -0.034307290 0.999255180 -0.017667800 -3.062942982 -0.236893252 0.009043724 0.971493661 105.982826233
0.971473515 0.036524341 0.234318942 60.053451538 -0.034261350 0.999318600 -0.013722628 -3.066891909 -0.234660521 0.005303086 0.972062945 106.680145264
0.971865952 0.032338269 0.233304694 60.216758728 -0.031843845 0.999475539 -0.005886596 -3.084092140 -0.233372718 -0.001708338 0.972385883 107.388320923
0.972500741 0.032424215 0.230631486 60.390079498 -0.033366423 0.999443173 0.000185219 -3.099023581 -0.230497077 -0.007875475 0.973041117 108.113792419
0.972734511 0.035845838 0.229135066 60.547912598 -0.036662653 0.999327421 -0.000692628 -3.106766224 -0.229005814 -0.007726956 0.973394394 108.844100952
0.973068774 0.041571468 0.226735577 60.706962585 -0.041443307 0.999126673 -0.005327653 -3.114108562 -0.226759031 -0.004212501 0.973941803 109.572990417
0.973944008 0.042394821 0.222791091 60.873455048 -0.041103896 0.999100447 -0.010430329 -3.123877048 -0.223032907 0.001000969 0.974810362 110.312820435
0.974884629 0.041055083 0.218893722 61.040008545 -0.039051414 0.999146402 -0.013474176 -3.132788658 -0.219260037 0.004587658 0.975655615 111.069389343
0.975854695 0.038956914 0.214918643 61.210502625 -0.037239138 0.999233902 -0.012037477 -3.142786026 -0.215222970 0.003743440 0.976557672 111.841918945
0.976699889 0.035323855 0.211682603 61.377647400 -0.034066521 0.999373496 -0.009584919 -3.161978722 -0.211888537 0.002150299 0.977291465 112.615432739
0.977148175 0.033996351 0.209822759 61.546604156 -0.033311266 0.999421775 -0.006799317 -3.174481630 -0.209932595 -0.000345522 0.977715790 113.410125732
0.977466226 0.031151911 0.208780780 61.713569641 -0.030863415 0.999512732 -0.004640198 -3.183798313 -0.208823636 -0.001908053 0.977951407 114.208427429
0.977692604 0.025679760 0.208465219 61.886024475 -0.025580620 0.999667704 -0.003171948 -3.199019432 -0.208477363 -0.002231480 0.978024542 114.998001099
0.977818072 0.026561966 0.207765236 62.052810669 -0.026788894 0.999639630 -0.001721821 -3.207332373 -0.207736075 -0.003882172 0.978177130 115.800544739
0.977610946 0.031805221 0.208002776 62.220035553 -0.031706594 0.999489963 -0.003809011 -3.213619709 -0.208017796 -0.002871327 0.978120744 116.625442505
0.977303922 0.037423182 0.208510578 62.384277344 -0.036784668 0.999299049 -0.006940364 -3.228454590 -0.208624169 -0.000887148 0.977995455 117.434516907
0.976712942 0.046183996 0.209520921 62.545825958 -0.045364782 0.998932362 -0.008716632 -3.235400200 -0.209699810 -0.000991224 0.977765322 118.269630432
0.975855708 0.051884245 0.212164730 62.715911865 -0.051303636 0.998649001 -0.008244537 -3.247058392 -0.212305844 -0.002839345 0.977199078 119.091957092
0.975029588 0.054285452 0.215338320 62.884151459 -0.054245260 0.998508990 -0.006100994 -3.266677380 -0.215348437 -0.005732435 0.976520360 119.934631348
0.974438250 0.055245396 0.217757165 63.068408966 -0.055132695 0.998457193 -0.006597988 -3.289959908 -0.217785686 -0.005576210 0.975980639 120.759902954
0.974088728 0.053548928 0.219735831 63.251701355 -0.052705981 0.998562932 -0.009701075 -3.298047066 -0.219939530 -0.002131686 0.975511193 121.592697144
0.974070847 0.047496822 0.221201956 63.444320679 -0.046831466 0.998868704 -0.008254612 -3.314472198 -0.221343771 -0.002318636 0.975193143 122.436294556
0.974399269 0.040940441 0.221066058 63.648605347 -0.039774422 0.999161303 -0.009725366 -3.335505962 -0.221278861 0.000683612 0.975210309 123.256874084
0.974161029 0.039757520 0.222327963 63.833885193 -0.038579576 0.999208987 -0.009640525 -3.356735706 -0.222535387 0.000814105 0.974924266 124.090217590
0.973570466 0.042221949 0.224450484 64.019889832 -0.041749384 0.999104619 -0.006853074 -3.370929480 -0.224538848 -0.002698720 0.974461436 124.937057495
0.973125041 0.044543855 0.225928426 64.202491760 -0.045445524 0.998966038 -0.001211147 -3.383464336 -0.225748777 -0.009088835 0.974143088 125.782615662
0.972763062 0.048321702 0.226708978 64.388900757 -0.050309449 0.998729110 0.002994538 -3.401042938 -0.226276189 -0.014318582 0.973957896 126.620254517
0.972562790 0.047418825 0.227756903 64.575759888 -0.047897391 0.998846412 -0.003428674 -3.416446686 -0.227656782 -0.007574362 0.973711848 127.431289673
0.972896934 0.043204371 0.227167457 64.771438599 -0.040160038 0.999031067 -0.018008439 -3.433156729 -0.227725416 0.008397298 0.973689079 128.239151001
