1.000000000 0.000000000 0.000000000 0.000000000 0.000000000 1.000000000 0.000000000 0.000000000 0.000000000 0.000000000 1.000000000 0.000000000
0.999054909 -0.000287131 0.043465663 0.048246656 0.000386359 0.999997318 -0.002274523 -0.021065669 -0.043464895 0.002289167 0.999052346 1.027062774
0.996031463 -0.004389375 0.088893801 0.138203084 0.005065328 0.999959946 -0.007379898 -0.035086095 -0.088857852 0.007800887 0.996013701 2.071466923
0.990871489 -0.003749507 0.134757236 0.270067841 0.005356408 0.999918759 -0.011563838 -0.056217384 -0.134702906 0.012180093 0.990811169 3.080376148
0.983517528 -0.000966001 0.180810302 0.445121527 0.003440633 0.999904633 -0.013373210 -0.095321104 -0.180780143 0.013774889 0.983427048 4.076236248
0.973986626 -0.003715821 0.226574987 0.682805300 0.006916120 0.999887228 -0.013332477 -0.126439452 -0.226499900 0.014552677 0.973902464 5.073578358
0.962298393 -0.004048559 0.271965832 0.954339027 0.008329050 0.999858916 -0.014586548 -0.156431496 -0.271868408 0.016301828 0.962196290 6.078053951
0.948760033 -0.006722307 0.315926015 1.279197097 0.012828977 0.999768853 -0.017253615 -0.190197304 -0.315737039 0.020422552 0.948626935 7.042830944
0.933630288 -0.008410217 0.358139306 1.652479529 0.016320372 0.999684930 -0.019069754 -0.221609712 -0.357866168 0.023649069 0.933473408 8.002246857
0.916342199 -0.008483539 0.400306106 2.064741611 0.017940970 0.999641299 -0.019883711 -0.254958034 -0.399993896 0.025402162 0.916165709 8.934029579
0.896804035 -0.008833045 0.442339748 2.510452986 0.018925965 0.999651313 -0.018408731 -0.290824860 -0.442022979 0.024880731 0.896658599 9.835538864
0.875087559 -0.008817204 0.483884275 3.003597736 0.019694036 0.999654651 -0.017400537 -0.330173612 -0.483563751 0.024756627 0.874958992 10.716477394
0.851004183 -0.008672411 0.525087297 3.534775257 0.020238996 0.999662399 -0.016290598 -0.366833806 -0.524768829 0.024490604 0.850892425 11.587197304
0.825650215 -0.009415206 0.564103603 4.125497341 0.022499813 0.999614835 -0.016247721 -0.402893841 -0.563733459 0.026107160 0.825544059 12.428199768
0.798281550 -0.010965381 0.602184534 4.734252930 0.025621159 0.999547422 -0.015763400 -0.437404960 -0.601739168 0.028012298 0.798201203 13.231470108
0.769420862 -0.009728169 0.638668120 5.385288715 0.025930978 0.999535382 -0.016014861 -0.472185701 -0.638215601 0.028883455 0.769315660 14.022186279
0.738978744 -0.013126568 0.673600912 6.064795494 0.031078283 0.999410093 -0.014618991 -0.505169690 -0.673011601 0.031737484 0.738950729 14.755674362
0.706851304 -0.012069083 0.707259119 6.795155525 0.031083697 0.999418676 -0.014011116 -0.536476135 -0.706678867 0.031888012 0.706815422 15.478344917
0.672810376 -0.010793974 0.739736259 7.545417309 0.032153703 0.999375403 -0.014662137 -0.572203994 -0.739115894 0.033650100 0.672737181 16.156211853
0.637370169 -0.012197421 0.770461202 8.320273399 0.037260249 0.999193072 -0.015005293 -0.594434619 -0.769656301 0.038271502 0.637310266 16.788621902
0.600654304 -0.010537703 0.799439430 9.111566544 0.037430927 0.999187350 -0.014952866 -0.623940051 -0.798632145 0.038905263 0.600560606 17.381134033
0.562768638 -0.009461220 0.826560318 9.939888954 0.040396325 0.999054551 -0.016068416 -0.655574262 -0.825626791 0.042432807 0.562618792 17.945905685
0.523807228 -0.007749628 0.851801634 10.780640602 0.044830374 0.998823643 -0.018480787 -0.683097601 -0.850656390 0.047866952 0.523538530 18.466047287
0.485057294 -0.006629220 0.874457240 11.664219856 0.046351746 0.998760462 -0.018139536 -0.703456938 -0.873253107 0.049331333 0.484763324 18.950057983
0.446496844 -0.008391278 0.894745767 12.562516212 0.051730819 0.998525500 -0.016450195 -0.728115320 -0.893288493 0.053630900 0.446272612 19.394807816
0.409722596 -0.008952772 0.912166238 13.492750168 0.055683982 0.998332679 -0.015213384 -0.752075791 -0.910509050 0.057026315 0.409537852 19.794754028
0.374577850 -0.006594941 0.927172005 14.431882858 0.056889653 0.998254120 -0.015882900 -0.781379461 -0.925448537 0.058695875 0.374299109 20.172544479
0.341307282 -0.007413231 0.939922452 15.389996529 0.057630643 0.998252630 -0.013053714 -0.802605510 -0.938183367 0.058623668 0.341138154 20.518711090
0.307800531 -0.008926806 0.951409042 16.393318176 0.060038306 0.998145401 -0.010058314 -0.824627876 -0.949554741 0.060216941 0.307765633 20.840993881
0.275456429 -0.008871548 0.961272538 17.381849289 0.060769700 0.998118043 -0.008202205 -0.845955312 -0.959390759 0.060675599 0.275477171 21.115528107
0.243152380 -0.005887769 0.969970226 18.379812241 0.058039065 0.998278201 -0.008489649 -0.866709054 -0.968250155 0.058360443 0.243075445 21.372840881
0.212455586 -0.004544312 0.977160156 19.409177780 0.058302358 0.998266578 -0.008033714 -0.883458734 -0.975429893 0.058677543 0.212352276 21.595064163
0.181995690 -0.004386125 0.983289540 20.443294525 0.059886493 0.998183191 -0.006631747 -0.904803634 -0.981473982 0.060092714 0.181927741 21.787714005
0.151526868 -0.004553199 0.988442659 21.514326096 0.061673224 0.998084724 -0.004856805 -0.917457759 -0.986527264 0.061696380 0.151517436 21.943510056
0.121169165 -0.004848742 0.992620051 22.604932785 0.060750887 0.998149753 -0.002540109 -0.923280299 -0.990771115 0.060610320 0.121239536 22.075233459
0.092138596 -0.005464540 0.995731115 23.694257736 0.061001942 0.998137653 -0.000166982 -0.938610196 -0.993875861 0.060756922 0.092300341 22.167144775
0.065294199 -0.005234153 0.997852325 24.817705154 0.063752279 0.997965336 0.001063130 -0.942599952 -0.995827377 0.063545942 0.065495051 22.228027344
0.040739514 -0.004476607 0.999159694 25.931335449 0.068298608 0.997663498 0.001685111 -0.946246564 -0.996832788 0.068172574 0.040950075 22.251647949
0.017916361 -0.004066486 0.999831200 27.128328323 0.072239488 0.997383595 0.002762043 -0.948754489 -0.997226298 0.072177827 0.018163245 22.273078918
-0.002246693 -0.004258505 0.999988437 28.280670166 0.077903077 0.996951103 0.004420596 -0.950108647 -0.996958435 0.077912100 -0.001908092 22.264486313
-0.019305198 -0.005066816 0.999800742 29.473024368 0.082177646 0.996595740 0.006637344 -0.953157902 -0.996430695 0.082289420 -0.018823097 22.217390060
-0.034749091 -0.004798193 0.999384522 30.691305161 0.085355438 0.996320426 0.007751331 -0.948105574 -0.995744407 0.085572243 -0.034211677 22.165115356
-0.049084872 -0.005465651 0.998779595 31.894718170 0.087650321 0.996103525 0.009758567 -0.945955396 -0.994941235 0.088022344 -0.048414551 22.109926224
-0.061854593 -0.006370977 0.998064756 33.102802277 0.088098243 0.996041656 0.011817908 -0.940860927 -0.994189501 0.088658765 -0.061048470 22.014003754
-0.073693514 -0.006357134 0.997260690 34.302131653 0.087701179 0.996064126 0.012830266 -0.940626323 -0.993417203 0.088406436 -0.072845943 21.922525406
-0.084688134 -0.003715453 0.996400535 35.517040253 0.087574281 0.996095479 0.011157610 -0.937399030 -0.992551506 0.088203989 -0.084032103 21.819402695
-0.094720900 0.000012259 0.995503843 36.750698090 0.088042535 0.996081591 0.008364865 -0.923778892 -0.991602898 0.088439003 -0.094350822 21.704095840
-0.103891663 0.002506073 0.994585454 38.015262604 0.089515559 0.995961845 0.006841009 -0.920921743 -0.990552127 0.089741603 -0.103696473 21.571517944
-0.111299843 0.003673923 0.993780017 39.309692383 0.089410305 0.995974720 0.006331604 -0.913056016 -0.989756584 0.089558892 -0.111180343 21.430067062
-0.116634347 0.004155729 0.993166149 40.628013611 0.089068167 0.996005654 0.006292279 -0.907725811 -0.989173055 0.089193396 -0.116538614 21.268112183
-0.121631168 0.005839897 0.992558300 41.946361542 0.090534821 0.995879531 0.005234980 -0.903470993 -0.988437831 0.090497814 -0.121658705 21.108205795
-0.126295835 0.007222577 0.991966307 43.285457611 0.089367457 0.995990276 0.004126274 -0.902497947 -0.987958908 0.089170635 -0.126434907 20.943460464
-0.130841821 0.008074042 0.991370320 44.666595459 0.090021066 0.995932698 0.003769852 -0.898690104 -0.987307847 0.089737475 -0.131036505 20.778165817
-0.134014994 0.007201205 0.990953147 46.068504333 0.089667708 0.995959759 0.004888935 -0.896479905 -0.986914217 0.089511685 -0.134119242 20.597772598
-0.137719616 0.004801848 0.990459621 47.497009277 0.089928545 0.995918632 0.007675907 -0.896612406 -0.986380339 0.090127729 -0.137589365 20.420084000
-0.139464542 0.003834582 0.990219653 48.937011719 0.089872174 0.995914400 0.008801147 -0.890327156 -0.986140251 0.090220653 -0.139239371 20.203819275
-0.141186848 0.004520937 0.989972711 50.359848022 0.092301413 0.995693803 0.008616683 -0.883142114 -0.985670686 0.092592448 -0.140996173 20.013156891
-0.143165782 0.004858817 0.989686787 51.803176880 0.091555767 0.995764911 0.008355591 -0.864343286 -0.985454738 0.091807798 -0.143004313 19.812826157
-0.143355593 0.006449375 0.989650249 53.270874023 0.093747400 0.995570779 0.007091802 -0.851816416 -0.985221088 0.093793787 -0.143325254 19.593587875
-0.143319920 0.006549786 0.989654660 54.759891510 0.093288779 0.995615065 0.006920668 -0.845530033 -0.985269785 0.093315549 -0.143302485 19.375951767
-0.142687976 0.008136911 0.989734292 56.266689301 0.092924073 0.995659590 0.005211048 -0.837299168 -0.985395968 0.092713691 -0.142824754 19.162361145
-0.141555682 0.008216519 0.989896238 57.803825378 0.093377292 0.995617747 0.005088990 -0.828283906 -0.985516429 0.093154214 -0.141702563 18.945825577
-0.139499664 0.006793654 0.990198791 59.367706299 0.092901260 0.995655656 0.006256879 -0.830324531 -0.985854566 0.092863560 -0.139524743 18.710626602
-0.138133153 0.007692636 0.990383804 60.946735382 0.094076030 0.995550394 0.005388427 -0.825166762 -0.985935509 0.093915686 -0.138242215 18.489942551
-0.136846334 0.008205805 0.990558326 62.534492493 0.093705729 0.995588958 0.004698034 -0.821250856 -0.986150205 0.093463875 -0.137011632 18.273042679
-0.135781914 0.008948372 0.990698397 64.143165588 0.094777301 0.995490491 0.003998213 -0.818543673 -0.986194968 0.094438590 -0.136017710 18.050634384
-0.134719491 0.008706204 0.990845442 65.754829407 0.094154425 0.995549262 0.004054091 -0.817198753 -0.986400306 0.093838654 -0.134939626 17.826728821
-0.133333802 0.007160704 0.991045237 67.402282715 0.096128374 0.995352268 0.005741147 -0.811815381 -0.986398220 0.096033067 -0.133402437 17.597364426
-0.133537516 0.005434300 0.991028845 69.105697632 0.098036103 0.995152593 0.007753092 -0.805210650 -0.986182868 0.098191924 -0.133422971 17.365961075
-0.131954983 0.006559677 0.991233945 70.791152954 0.099659249 0.994999170 0.006682238 -0.801855862 -0.986233175 0.099667385 -0.131948829 17.127120972
-0.132071346 0.008518011 0.991203547 72.482505798 0.101650998 0.994807601 0.004995340 -0.793334901 -0.986014307 0.101416565 -0.132251441 16.911661148
-0.130955994 0.008223299 0.991353989 74.186279297 0.100717448 0.994902253 0.005051856 -0.791782856 -0.986258805 0.100508228 -0.131116658 16.683994293
-0.130954251 0.008010734 0.991355956 75.946197510 0.101143807 0.994857728 0.005321677 -0.791319251 -0.986215472 0.100966439 -0.131091103 16.443429947
-0.130787283 0.006935819 0.991386116 77.677108765 0.100921683 0.994874001 0.006353736 -0.788883448 -0.986260355 0.100883342 -0.130816847 16.212150574
-0.130531788 0.007335019 0.991416991 79.395401001 0.102440067 0.994720280 0.006127985 -0.785213351 -0.986137688 0.102360718 -0.130594000 15.988784790
-0.130451441 0.007195550 0.991428733 81.167388916 0.103458814 0.994613171 0.006394373 -0.777380109 -0.986041963 0.103406198 -0.130493179 15.754821777
-0.130030096 0.008510657 0.991473496 82.920211792 0.104091868 0.994554460 0.005114374 -0.769819438 -0.986030877 0.103869371 -0.130207926 15.514941216
-0.130258337 0.009301970 0.991436422 84.725296021 0.103594668 0.994610310 0.004278878 -0.766338348 -0.986053109 0.103264891 -0.130519941 15.263864517
-0.131571054 0.009916561 0.991257131 86.508781433 0.102645047 0.994711280 0.003673116 -0.769876719 -0.985978186 0.102230899 -0.131893113 15.038759232
-0.133251145 0.010183751 0.991029918 88.308746338 0.101613745 0.994817972 0.003440024 -0.775679946 -0.985859334 0.101160645 -0.133595437 14.815247536
-0.134135559 0.009361584 0.990918875 90.124160767 0.100864917 0.994891167 0.004254452 -0.781649053 -0.985816360 0.100519627 -0.134394512 14.579680443
-0.135072678 0.009090992 0.990794003 91.960929871 0.101076744 0.994867742 0.004651194 -0.781597376 -0.985666633 0.100774497 -0.135298342 14.336754799
-0.135728627 0.008211784 0.990712047 93.827697754 0.098515064 0.995121717 0.005248333 -0.780221879 -0.985835910 0.098312400 -0.135875478 14.093301773
-0.137607828 0.008821423 0.990447462 95.653495789 0.097977668 0.995177388 0.004748979 -0.784270525 -0.985628963 0.097695231 -0.137808487 13.854300499
-0.140148744 0.009880774 0.990081131 97.541763306 0.097516514 0.995226383 0.003871610 -0.780118465 -0.985316634 0.097091869 -0.140443236 13.586228371
-0.144616023 0.010842001 0.989428461 99.429428101 0.097753689 0.995204866 0.003382496 -0.777412593 -0.984647334 0.097209446 -0.144982412 13.321852684
-0.149098739 0.009946091 0.988772273 101.312652588 0.095898941 0.995381117 0.004448200 -0.779623330 -0.984161019 0.095485419 -0.149363920 13.048053741
-0.153750539 0.009186968 0.988066971 103.203964233 0.094561934 0.995503962 0.005458419 -0.784745038 -0.983574510 0.094272763 -0.153928012 12.761257172
-0.157954261 0.009938577 0.987396419 105.115821838 0.093565963 0.995600820 0.004946636 -0.790153921 -0.983003497 0.093168050 -0.158189297 12.452767372
-0.161781937 0.011837072 0.986755490 107.022987366 0.094413012 0.995526731 0.003537043 -0.792314887 -0.982299745 0.093734778 -0.162175849 12.127264023
-0.166604266 0.013507684 0.985931337 108.960006714 0.094012789 0.995568454 0.002246721 -0.801339865 -0.981531739 0.093064480 -0.167135879 11.804857254
-0.170977369 0.013553460 0.985181689 110.917335510 0.092821904 0.995679796 0.002411266 -0.810071707 -0.980892897 0.091858700 -0.171496764 11.462607384
-0.175728485 0.013240329 0.984349608 112.867492676 0.091143318 0.995833635 0.002876329 -0.818308651 -0.980210364 0.090222329 -0.176203132 11.123342514
-0.180324882 0.012699239 0.983525097 114.836715698 0.089525305 0.995978177 0.003554027 -0.825418353 -0.979524434 0.088691249 -0.180736572 10.760300636
-0.185925692 0.012132469 0.982488871 116.787155151 0.088502191 0.996066034 0.004447979 -0.826548457 -0.978569865 0.087779403 -0.186268032 10.409958839
-0.191187918 0.011993495 0.981480181 118.762741089 0.088955469 0.996022224 0.005156931 -0.831941247 -0.977514267 0.088293977 -0.191494346 10.027029037
-0.196153730 0.013376194 0.980481923 120.720092773 0.089759856 0.995953977 0.004369955 -0.836966217 -0.976456225 0.088865101 -0.196560726 9.645177841
-0.201607347 0.014429463 0.979360163 122.682647705 0.089344330 0.995993912 0.003717544 -0.843798339 -0.975383043 0.088249750 -0.202088863 9.250193596
-0.207864717 0.014575363 0.978048980 124.676063538 0.089778967 0.995952666 0.004238545 -0.841174901 -0.974028766 0.088689275 -0.208331957 8.861284256
-0.213298187 0.014440868 0.976880431 126.663764954 0.088753834 0.996042728 0.004654929 -0.845448792 -0.972947359 0.087694764 -0.213735804 8.434733391
-0.218549103 0.015292278 0.975706100 128.655853271 0.088111699 0.996101975 0.004124254 -0.845770776 -0.971839786 0.086872466 -0.219044611 7.994861126
-0.223788247 0.015970241 0.974506915 130.656692505 0.087481610 0.996159017 0.003764421 -0.852014184 -0.970703721 0.086093858 -0.224325776 7.552765369
-0.228110954 0.015317749 0.973514616 132.641662598 0.088831879 0.996033370 0.005142745 -0.856970549 -0.969574213 0.087652244 -0.228566840 7.089651585
-0.231776148 0.015370269 0.972647727 134.642776489 0.091020316 0.995831251 0.005952971 -0.852481663 -0.968501508 0.089910455 -0.232208967 6.610223293
-0.235450059 0.016031103 0.971754253 136.656250000 0.092118323 0.995730579 0.005893057 -0.854408979 -0.967510939 0.090903886 -0.235921577 6.120821476
-0.238393664 0.016814958 0.971023023 138.654174805 0.092514642 0.995696306 0.005470842 -0.853694558 -0.966752052 0.091138065 -0.238923311 5.625536919
-0.242040887 0.017134557 0.970114768 140.693359375 0.092071295 0.995737910 0.005384409 -0.852651358 -0.965887725 0.090622969 -0.242586896 5.130173683
-0.245425239 0.017561166 0.969256401 142.701309204 0.090903290 0.995847285 0.004974653 -0.860608399 -0.965144038 0.089329474 -0.246002406 4.608490467
-0.250435561 0.018288879 0.967960536 144.738861084 0.089995570 0.995932162 0.004466716 -0.867523551 -0.963941276 0.088230774 -0.251062721 4.098229885
-0.255153567 0.017204616 0.966747463 146.767013550 0.088209301 0.996086478 0.005554330 -0.879977524 -0.962868512 0.086693324 -0.255672634 3.575636387
-0.259954512 0.018039137 0.965452373 148.801727295 0.088709563 0.996043563 0.005274925 -0.879545152 -0.961537361 0.087016113 -0.260526240 3.036628962
-0.264977574 0.017897543 0.964088440 150.860229492 0.087930597 0.996110439 0.005675527 -0.891139984 -0.960236907 0.086276770 -0.265520722 2.485284328
-0.270030707 0.018743852 0.962669253 152.915481567 0.087739930 0.996129692 0.005215877 -0.887520134 -0.958845735 0.085872971 -0.270630270 1.927480698
-0.274765700 0.017914180 0.961344302 154.964462280 0.087482311 0.996145248 0.006440996 -0.898242593 -0.957523108 0.085870385 -0.275273681 1.354378104
-0.279795021 0.017709909 0.959896386 157.026199341 0.087775059 0.996114254 0.007206955 -0.900879800 -0.956038833 0.086271413 -0.280262381 0.776479065
-0.284845740 0.018526617 0.958394229 159.119201660 0.088278435 0.996071339 0.006982411 -0.901160538 -0.954499781 0.086594455 -0.285362154 0.185957223
-0.288416088 0.019818924 0.957300186 161.183776855 0.088816307 0.996029258 0.006137923 -0.900885522 -0.953377068 0.086794138 -0.289031088 -0.430883676
-0.292132914 0.021301579 0.956140459 163.243041992 0.088748246 0.996041894 0.004925028 -0.907872975 -0.952251077 0.086294554 -0.292867094 -1.052865982
-0.295836806 0.022913761 0.954963624 165.325988770 0.089852683 0.995947421 0.003938196 -0.912769377 -0.951003194 0.086971119 -0.296696723 -1.682438970
-0.299188793 0.023484651 0.953904867 167.411621094 0.089361370 0.995993018 0.003507033 -0.920563936 -0.950000226 0.086291522 -0.300088614 -2.328895569
-0.303149223 0.023245009 0.952659547 169.521621704 0.089361817 0.995990634 0.004133855 -0.931922376 -0.948743939 0.086384580 -0.304011017 -2.983957767
-0.307305694 0.023842599 0.951312125 171.600814819 0.089438729 0.995984495 0.003929483 -0.935125768 -0.947398424 0.086291693 -0.308204144 -3.637765646
-0.311469853 0.024859656 0.949930727 173.696029663 0.091664918 0.995781898 0.003996145 -0.942085743 -0.945824564 0.088319987 -0.312434763 -4.320573807
-0.314772010 0.025238672 0.948831737 175.794494629 0.093771130 0.995583057 0.004626035 -0.947293162 -0.944523990 0.090429164 -0.315748274 -5.017468929
-0.317038238 0.024850061 0.948087156 177.860839844 0.094826676 0.995477974 0.005617627 -0.955489874 -0.943660259 0.091684975 -0.317961037 -5.709231853
-0.319973797 0.024497328 0.947109640 179.947937012 0.094116613 0.995542824 0.006046510 -0.953044057 -0.942740083 0.091073476 -0.320853233 -6.410667419
-0.322792143 0.025317289 0.946131229 182.040084839 0.093626313 0.995593429 0.005301717 -0.957823813 -0.941827655 0.090294138 -0.323740065 -7.122291088
-0.325604469 0.027166469 0.945115685 184.145095825 0.092940174 0.995665908 0.003399595 -0.964591861 -0.940927029 0.088946134 -0.326718152 -7.844392300
-0.329186141 0.029528515 0.943803251 186.270599365 0.092694253 0.995693922 0.001178522 -0.967975438 -0.939704359 0.087873086 -0.330505699 -8.575012207
-0.332534701 0.030192612 0.942607522 188.386062622 0.091825448 0.995774925 0.000498726 -0.988195896 -0.938610017 0.086721219 -0.333902150 -9.316302299
-0.337052733 0.031202352 0.940968573 190.553085327 0.089734569 0.995965242 -0.000883319 -0.996719420 -0.937199652 0.084139675 -0.338492841 -10.064534187
-0.340364009 0.031801939 0.939755797 192.692031860 0.091056459 0.995845616 -0.000720904 -1.012340188 -0.935874403 0.085325465 -0.341845751 -10.845416069
-0.344925910 0.030438229 0.938136280 194.867904663 0.089847438 0.995955288 0.000720150 -1.027805567 -0.934319854 0.084537558 -0.346265495 -11.618988037
-0.348875940 0.029867152 0.936693013 197.030288696 0.089757018 0.995962262 0.001673450 -1.039786220 -0.932860792 0.084658578 -0.350148112 -12.414248466
-0.352661639 0.030225556 0.935262620 199.176727295 0.089927956 0.995946705 0.001722606 -1.046100140 -0.931419730 0.084713727 -0.353950351 -13.218950272
-0.356733978 0.030374294 0.933712006 201.338104248 0.088746041 0.996053159 0.001504013 -1.056702614 -0.929981172 0.083399765 -0.358021557 -14.026247025
-0.360720813 0.030676404 0.932169199 203.502548218 0.087944224 0.996124625 0.001250622 -1.078977227 -0.928518355 0.082430020 -0.362020761 -14.857344627
-0.364628106 0.031169424 0.930631399 205.670837402 0.087722212 0.996144474 0.001006552 -1.098820806 -0.927011967 0.082004063 -0.365956515 -15.678495407
-0.367494702 0.031938300 0.929476976 207.775573730 0.089025371 0.996029019 0.000973544 -1.121648431 -0.925754905 0.083104819 -0.368878663 -16.509519577
-0.370218962 0.031738378 0.928402185 209.920761108 0.089986108 0.995941341 0.001836486 -1.139874339 -0.924575806 0.084223188 -0.371572375 -17.362138748
-0.373011410 0.031469334 0.927292824 212.100677490 0.091217086 0.995826840 0.002897702 -1.150903583 -0.923331976 0.085665829 -0.374325335 -18.239473343
-0.375879616 0.032407224 0.926101565 214.276809692 0.092630781 0.995696723 0.002753756 -1.166942716 -0.922027051 0.086820602 -0.377263993 -19.119775772
-0.379220933 0.033021584 0.924716651 216.465087891 0.092341967 0.995724678 0.002311632 -1.184914470 -0.920686841 0.086266786 -0.380648911 -20.004781723
-0.382406384 0.032986779 0.923405230 218.641052246 0.091533750 0.995799243 0.002333639 -1.202397227 -0.919449270 0.085415140 -0.383819461 -20.889190674
-0.385598272 0.034826767 0.922009230 220.806167603 0.091769435 0.995779991 0.000766086 -1.220240235 -0.918091595 0.084907658 -0.387167126 -21.787946701
-0.388635635 0.035805788 0.920695543 222.967453003 0.091328807 0.995820701 -0.000176512 -1.240658283 -0.916854084 0.084017418 -0.390281618 -22.695236206
-0.391409427 0.035898134 0.919516087 225.144363403 0.089497767 0.995986640 -0.000787140 -1.264501691 -0.915854156 0.081986554 -0.393051416 -23.609687805
-0.395140588 0.036787298 0.917883754 227.315521240 0.090013303 0.995940030 -0.001165757 -1.285592198 -0.914199829 0.082161091 -0.396847665 -24.524471283
-0.397757679 0.036355793 0.916769922 229.463211060 0.091243170 0.995828629 0.000096588 -1.313623905 -0.912942231 0.083687425 -0.399415702 -25.455686569
-0.400992304 0.035226341 0.915403783 231.629501343 0.091441885 0.995808899 0.001735617 -1.337893724 -0.911506176 0.084402218 -0.402532905 -26.387788773
-0.404665202 0.034863185 0.913800120 233.759780884 0.090077035 0.995932996 0.001892796 -1.353386998 -0.910017610 0.083078362 -0.406159759 -27.311910629
-0.407920599 0.035001654 0.912346244 235.883544922 0.088464133 0.996078491 0.001339350 -1.375430822 -0.908721566 0.081256270 -0.409417331 -28.251689911
-0.411794275 0.034331270 0.910629928 238.066879272 0.086875729 0.996217668 0.001727936 -1.393455029 -0.907126188 0.079823196 -0.413219243 -29.219280243
-0.415374726 0.034366265 0.909000993 240.216186523 0.086568519 0.996244073 0.001893492 -1.410632610 -0.905521810 0.079477377 -0.416789651 -30.188507080
-0.419374436 0.034157123 0.907170534 242.362533569 0.085702747 0.996318460 0.002105620 -1.433546901 -0.903758883 0.078630023 -0.420757890 -31.165615082
-0.423300534 0.033858448 0.905356407 244.509811401 0.084896848 0.996386707 0.002430837 -1.449056029 -0.902002871 0.077890888 -0.424645543 -32.152503967
-0.427617490 0.033198539 0.903349876 246.666732788 0.083724521 0.996484399 0.003011276 -1.470692992 -0.900074184 0.076920219 -0.428893656 -33.147750854
-0.431962430 0.033145800 0.901282251 248.783294678 0.082900293 0.996553004 0.003082573 -1.486252785 -0.898073494 0.076048136 -0.433221251 -34.139488220
-0.435678363 0.034075446 0.899457216 250.929321289 0.083370000 0.996515334 0.002630263 -1.507741213 -0.896233141 0.076133706 -0.437000960 -35.164592743
-0.439322501 0.034083385 0.897682548 253.019012451 0.083280705 0.996521831 0.002921128 -1.535223126 -0.894460797 0.076042958 -0.440632910 -36.169334412
-0.443250090 0.033994779 0.895753145 255.149368286 0.083168268 0.996529937 0.003335207 -1.552924752 -0.892531455 0.075976551 -0.444539338 -37.204246521
-0.447112918 0.034551241 0.893809915 257.265869141 0.082254291 0.996607840 0.002621265 -1.568663955 -0.890687525 0.074691691 -0.448438346 -38.242973328
-0.451133966 0.034721203 0.891780555 259.385955811 0.082177125 0.996613920 0.002768914 -1.587461352 -0.888664663 0.074533105 -0.452459693 -39.305263519
-0.454454541 0.035674818 0.890055180 261.507720947 0.082921013 0.996553183 0.002395334 -1.586682081 -0.886902034 0.074892864 -0.455846310 -40.385448456
-0.458168238 0.037278384 0.888083577 263.619262695 0.084407531 0.996429980 0.001720045 -1.597771883 -0.884848714 0.075748995 -0.459679097 -41.459827423
-0.461573362 0.039417580 0.886225879 265.734008789 0.086859412 0.996220291 0.000929117 -1.615364552 -0.882839441 0.077405922 -0.463252485 -42.558944702
-0.464451730 0.039935615 0.884697556 267.854553223 0.088048249 0.996115327 0.001258829 -1.635296822 -0.881210506 0.078480743 -0.466163754 -43.671207428
-0.467311352 0.042397201 0.883075655 269.967529297 0.090060472 0.995936215 -0.000156989 -1.643122554 -0.879493713 0.079456836 -0.469230652 -44.792804718
-0.470229983 0.044413686 0.881425679 272.062316895 0.091404237 0.995812893 -0.001414424 -1.670799136 -0.877797842 0.079900935 -0.472320676 -45.882926941
-0.473268986 0.045373928 0.879748583 274.189666748 0.092438914 0.995717168 -0.001626744 -1.687954187 -0.876054525 0.080553114 -0.475436270 -47.002536774
-0.476635814 0.046303000 0.877880514 276.332275391 0.092800617 0.995682418 -0.002131252 -1.713938475 -0.874188960 0.080452047 -0.478874832 -48.129901886
-0.480153173 0.046072878 0.875973880 278.484283447 0.091678813 0.995786369 -0.002122053 -1.728807330 -0.872380614 0.079289332 -0.482353896 -49.296775818
-0.483047545 0.047923017 0.874281585 280.625671387 0.093247615 0.995638251 -0.003055033 -1.749623656 -0.870614707 0.080048934 -0.485409349 -50.470115662
-0.485772043 0.048004538 0.872766316 282.758575439 0.092650838 0.995693445 -0.003197436 -1.771997333 -0.869161189 0.079309314 -0.488127768 -51.660564423
-0.488388181 0.047348157 0.871340990 284.893402100 0.091016531 0.995844543 -0.003098667 -1.797861934 -0.867866933 0.077793099 -0.490668178 -52.850227356
-0.490373820 0.048511811 0.870160878 287.035858154 0.092818134 0.995677948 -0.003202349 -1.810454726 -0.866555333 0.079196364 -0.492757171 -54.062725067
-0.492865056 0.048434932 0.868756533 289.215820312 0.094492078 0.995523751 -0.001894992 -1.838178396 -0.864959598 0.081156634 -0.495235622 -55.279022217
-0.494798660 0.048752625 0.867639005 291.377105713 0.095700532 0.995409250 -0.001355769 -1.853491664 -0.863721907 0.082362689 -0.497192860 -56.509605408
-0.496293783 0.048511371 0.866798222 293.527923584 0.095620394 0.995417416 -0.000961294 -1.868952632 -0.862872660 0.082406498 -0.498658150 -57.738815308
-0.498271644 0.047960322 0.865693450 295.703765869 0.094903119 0.995486379 -0.000527107 -1.872562408 -0.861811340 0.081894368 -0.500574231 -58.990386963
-0.500597775 0.048581418 0.864315867 297.915924072 0.096563347 0.995326757 -0.000017359 -1.881870627 -0.860277474 0.083452530 -0.502949417 -60.267330170
-0.502777219 0.048788503 0.863038242 300.099304199 0.097208619 0.995263875 0.000367115 -1.890776038 -0.858932793 0.084079310 -0.505138755 -61.540798187
-0.504559696 0.049114428 0.861978710 302.295379639 0.096524656 0.995330572 -0.000211892 -1.912755609 -0.857964158 0.083095267 -0.506944418 -62.815368652
-0.506981492 0.051912460 0.860392272 304.489990234 0.096851446 0.995294392 -0.002982694 -1.933497787 -0.856498420 0.081818067 -0.509623647 -64.098876953
-0.510437429 0.051036421 0.858399034 306.712036133 0.095374875 0.995438278 -0.002470531 -1.953998208 -0.854609430 0.080608658 -0.512976587 -65.405479431
-0.514812648 0.048824403 0.855911255 308.895446777 0.092518814 0.995710254 -0.001150941 -1.971900225 -0.852295876 0.078595392 -0.517121434 -66.693077087
-0.519934893 0.046192870 0.852955997 311.110412598 0.090062514 0.995935559 0.000963136 -1.989709496 -0.849444807 0.077320121 -0.521981895 -68.010238647
-0.524459422 0.044950783 0.850248039 313.319305420 0.088902459 0.996037960 0.002179406 -2.001579523 -0.846781552 0.076732151 -0.526377559 -69.359169006
-0.529353440 0.045130964 0.847200155 315.568695068 0.089478374 0.995984674 0.002851681 -2.015429258 -0.843669593 0.077315643 -0.531266212 -70.727279663
-0.533208311 0.046438627 0.844708443 317.782287598 0.092036143 0.995750010 0.003354023 -2.030164719 -0.840962708 0.079532102 -0.535216153 -72.129226685
-0.537367105 0.047560968 0.842006147 320.033996582 0.092867523 0.995673895 0.003026994 -2.031930208 -0.838219583 0.079821631 -0.539459288 -73.551704407
-0.541763306 0.047736943 0.839174449 322.270141602 0.094063208 0.995557725 0.004093435 -2.049237490 -0.835251272 0.081153102 -0.543846905 -74.972251892
-0.545848489 0.046456620 0.836594999 324.474182129 0.094308279 0.995523393 0.006250793 -2.059115410 -0.832559526 0.082309827 -0.547786236 -76.412361145
-0.549652278 0.045040958 0.834178388 326.689971924 0.092537135 0.995683253 0.007212763 -2.053963184 -0.830252528 0.081156999 -0.551447451 -77.872879028
-0.554160655 0.044543687 0.831217051 328.902618408 0.091652632 0.995760918 0.007742160 -2.063392162 -0.827348530 0.080473632 -0.555894136 -79.317527771
-0.558187485 0.044218279 0.828535616 331.093261719 0.091511667 0.995767653 0.008508438 -2.067983866 -0.824652851 0.080569990 -0.559871614 -80.784164429
-0.562002301 0.044588383 0.825932920 333.279693604 0.092738755 0.995646536 0.009353220 -2.069624901 -0.821920156 0.081852525 -0.563690782 -82.258293152
-0.566791773 0.044288911 0.822669804 335.514556885 0.093237087 0.995587051 0.010639187 -2.064880610 -0.818568230 0.082733534 -0.568419933 -83.766525269
-0.570129216 0.043026164 0.820427597 337.725036621 0.091534808 0.995736718 0.011389104 -2.061124325 -0.816439807 0.081590936 -0.571636915 -85.297782898
-0.573358953 0.042303782 0.818211436 339.936157227 0.091370218 0.995737910 0.012544970 -2.051156521 -0.814193487 0.081952922 -0.574780583 -86.836669922
-0.575366378 0.042022046 0.816815555 342.116180420 0.092344046 0.995631158 0.013825880 -2.043594599 -0.812666059 0.083382986 -0.576733172 -88.382255554
-0.578116000 0.041135855 0.814916968 344.313323975 0.089956187 0.995853603 0.013547183 -2.036130428 -0.810980618 0.081138663 -0.579419374 -89.941078186
-0.580876887 0.040625345 0.812976897 346.455505371 0.086845346 0.996146142 0.012272997 -2.027738810 -0.809345365 0.077732354 -0.582166493 -91.453056335
-0.584081411 0.039974660 0.810710132 348.615447998 0.083291300 0.996465862 0.010873823 -2.015557528 -0.807410240 0.073876299 -0.585346818 -92.976043701
-0.586719394 0.037271991 0.808932185 350.737579346 0.081499018 0.996586025 0.013193061 -2.020949602 -0.805678844 0.073667794 -0.587753892 -94.510330200
-0.590211868 0.036880381 0.806405485 352.898284912 0.082535647 0.996477664 0.014835024 -2.012897968 -0.803017974 0.075313017 -0.591176867 -96.067054749
-0.592846215 0.037061825 0.804462433 355.044097900 0.081551351 0.996568143 0.014186833 -1.996942759 -0.801175833 0.074015602 -0.593834102 -97.644371033
-0.596577525 0.035565313 0.801766992 357.240295410 0.079164028 0.996753335 0.014689592 -1.989998817 -0.798641562 0.072234586 -0.597456038 -99.230880737
-0.600190222 0.031499352 0.799236894 359.411804199 0.076582313 0.996896684 0.018220304 -1.982141376 -0.796182871 0.072143041 -0.600739896 -100.821006775
-0.603635669 0.029215569 0.796724737 361.589599609 0.074344054 0.997036755 0.019765584 -1.957749724 -0.793786347 0.071162961 -0.604018986 -102.434432983
-0.606894374 0.028265534 0.794279635 363.776763916 0.072890408 0.997135162 0.020209795 -1.929619908 -0.791432917 0.070160590 -0.607216060 -104.066917419
-0.610080957 0.028530926 0.791825175 365.910797119 0.072481863 0.997170806 0.019915503 -1.905044556 -0.789016902 0.069543049 -0.610422850 -105.676269531
-0.612917662 0.028290320 0.789640129 368.045837402 0.072502859 0.997156382 0.020551648 -1.882489324 -0.786813438 0.069847643 -0.613225877 -107.306098938
-0.616048574 0.027380284 0.787232101 370.153961182 0.072003677 0.997169077 0.021664528 -1.864531636 -0.784410238 0.070030026 -0.616276145 -108.902946472
-0.619177043 0.025735613 0.784829557 372.284454346 0.068663493 0.997408867 0.021464445 -1.842119813 -0.782243609 0.067179427 -0.619339824 -110.546562195
-0.622352958 0.022118498 0.782424152 374.402832031 0.058770344 0.998099506 0.018531419 -1.822280407 -0.780527294 0.057516422 -0.622470081 -112.195243835
-0.626124382 0.024807740 0.779328465 376.544158936 0.051601924 0.998620868 0.009669469 -1.814650416 -0.778013825 0.046269149 -0.626541018 -113.856376648
-0.628633440 0.035153579 0.776906848 378.646331787 0.061840679 0.998074114 0.004877334 -1.821644783 -0.775239170 0.051110495 -0.629596651 -115.545188904
-0.629386663 0.036268942 0.776245475 380.757995605 0.069365337 0.997544825 0.009633188 -1.831920385 -0.773990214 0.059907530 -0.630357206 -117.249626160
-0.631434143 0.027483214 0.774942279 382.865356445 0.068761699 0.997419417 0.020654706 -1.814083457 -0.772374749 0.066328444 -0.631694376 -118.953918457
-0.635075569 0.016681202 0.772269785 384.984527588 0.062298372 0.997616112 0.029682290 -1.772100806 -0.769933701 0.066961639 -0.634600818 -120.644134521
-0.638481677 0.010404485 0.769566655 387.070373535 0.056265328 0.997864008 0.033190262 -1.720154762 -0.767577589 0.064491302 -0.637703240 -122.330871582
-0.641570449 0.009595324 0.767004132 389.146057129 0.054505039 0.997964442 0.033106774 -1.662094951 -0.765125155 0.063045919 -0.640787601 -124.028076172
-0.644213378 0.015069771 0.764697313 391.219116211 0.060179491 0.997704983 0.031036139 -1.616877913 -0.762474597 0.066012993 -0.643641770 -125.748313904
-0.646436691 0.021810196 0.762655795 393.239196777 0.064893782 0.997540832 0.026477426 -1.569672585 -0.760202825 0.066607602 -0.646262348 -127.441970825
-0.648616314 0.024563881 0.760719061 395.276611328 0.065794580 0.997547209 0.023887666 -1.537837505 -0.758266389 0.065545119 -0.648641586 -129.160293579
-0.651853383 0.024407519 0.757952154 397.349243164 0.065586239 0.997551441 0.024282347 -1.503045440 -0.755503595 0.065539755 -0.651858091 -130.909637451
-0.655232131 0.024206577 0.755039692 399.418945312 0.066949338 0.997414351 0.026122293 -1.461940646 -0.752455115 0.067665569 -0.655158460 -132.673355103
-0.657494545 0.023567034 0.753090620 401.426879883 0.067408666 0.997342467 0.027641330 -1.419821739 -0.750437856 0.068938859 -0.657335877 -134.420928955
-0.659521103 0.024039948 0.751301646 403.453918457 0.067866646 0.997310817 0.027664227 -1.376794100 -0.748616099 0.069233462 -0.659378886 -136.172866821
-0.660562158 0.024018720 0.750387073 405.487274170 0.067978077 0.997296095 0.027918873 -1.333178163 -0.747687578 0.069452025 -0.660408795 -137.951248169
-0.662090898 0.025033241 0.749005318 407.480194092 0.069226056 0.997211874 0.027864294 -1.295180440 -0.746219397 0.070299387 -0.661977828 -139.687896729
-0.663138986 0.024253678 0.748103261 409.491455078 0.070374139 0.997067690 0.030056382 -1.247892976 -0.745180666 0.072578676 -0.662901342 -141.463180542
-0.664552093 0.023935929 0.746858478 411.514587402 0.072503008 0.996836424 0.032565493 -1.200849056 -0.743716240 0.075790934 -0.664185166 -143.232742310
-0.665782273 0.023717310 0.745769024 413.530273438 0.074305326 0.996633649 0.034640349 -1.146299839 -0.742437005 0.078477532 -0.665303409 -145.017944336
-0.667293370 0.023705920 0.744417548 415.530609131 0.072487049 0.996815443 0.033233639 -1.085840940 -0.741259038 0.076137200 -0.666886806 -146.793624878
-0.669085026 0.023416931 0.742816865 417.526123047 0.068516038 0.997190416 0.030279221 -1.035161614 -0.740020812 0.071154237 -0.668809593 -148.561492920
-0.670658171 0.022944363 0.741411567 419.511779785 0.065706991 0.997429848 0.028569201 -0.986235976 -0.738850534 0.067876078 -0.670442164 -150.327362061
-0.671528578 0.022212878 0.740645647 421.443695068 0.065366194 0.997429550 0.029352071 -0.939668298 -0.738089859 0.068123944 -0.671254337 -152.078628540
-0.672782242 0.020772006 0.739548802 423.429412842 0.062482994 0.997629821 0.028821185 -0.888376832 -0.737197340 0.065599598 -0.672485530 -153.854171753
-0.673130751 0.019387860 0.739269376 425.433410645 0.059155859 0.997864544 0.027693775 -0.842195213 -0.737153769 0.062373642 -0.672840059 -155.664611816
-0.673728049 0.018826419 0.738739550 427.409637451 0.058000136 0.997938752 0.027463945 -0.796947300 -0.736699760 0.061350226 -0.673431158 -157.448989868
-0.674509943 0.017758776 0.738052130 429.369598389 0.059430096 0.997772276 0.030305410 -0.750403523 -0.735869825 0.064303800 -0.674062788 -159.223083496
-0.674217463 0.016986344 0.738337517 431.331848145 0.062448636 0.997466385 0.034077443 -0.696506798 -0.735887885 0.069083780 -0.673569918 -161.005691528
-0.673575401 0.015810866 0.738949358 433.310180664 0.066688761 0.996993363 0.039456818 -0.629422784 -0.736103773 0.075856775 -0.672604620 -162.796615601
-0.672300816 0.014680759 0.740132511 435.289337158 0.069685854 0.996618748 0.043531027 -0.551312566 -0.736990869 0.080842711 -0.671050608 -164.577484131
-0.670748174 0.012162644 0.741585374 437.257476807 0.064022683 0.997083068 0.041554134 -0.471540511 -0.738916636 0.075350657 -0.669570327 -166.332580566
-0.669902742 0.011462249 0.742360353 439.239318848 0.056849595 0.997737169 0.035895493 -0.397561789 -0.740269184 0.066249371 -0.669038534 -168.093643188
-0.668010831 0.008760111 0.744099975 441.219024658 0.051755875 0.998056233 0.034713626 -0.341700435 -0.742349565 0.061700616 -0.667165816 -169.862487793
-0.666504264 0.008807831 0.745449185 443.224243164 0.050020449 0.998205185 0.032928899 -0.284114361 -0.743821204 0.059234954 -0.665748596 -171.603195190
-0.662843704 0.009985152 0.748691201 445.203308105 0.052446883 0.998074293 0.033122003 -0.222357288 -0.746918738 0.061221235 -0.662090957 -173.366058350
-0.660026312 0.009742839 0.751179159 447.191711426 0.053049222 0.998024106 0.033667460 -0.165980995 -0.749367118 0.062070891 -0.659239233 -175.096786499
-0.657811642 0.010521818 0.753108978 449.177978516 0.050588127 0.998261690 0.030239895 -0.114062168 -0.751481652 0.057990536 -0.657200456 -176.805007935
-0.656902492 0.004882325 0.753959894 451.193176270 0.042679295 0.998616457 0.030718571 -0.062860712 -0.752766848 0.052357577 -0.656202018 -178.516494751
-0.655779600 -0.001474840 0.754950941 453.197143555 0.034356218 0.998903632 0.031794555 -0.020332087 -0.754170239 0.046787478 -0.655010045 -180.225219727
-0.654570878 -0.004773817 0.755985558 455.205444336 0.027593726 0.999162793 0.030201459 0.029473420 -0.755496919 0.040629450 -0.653891206 -181.938232422
-0.654107749 -0.005556424 0.756380975 457.222503662 0.025754521 0.999229610 0.029612558 0.073682562 -0.755962789 0.038850032 -0.653460741 -183.654602051
-0.653054476 -0.005053060 0.757293999 459.237213135 0.027964413 0.999134779 0.030781927 0.125535414 -0.756794453 0.041279562 -0.652348101 -185.370254517
-0.651459157 -0.006147739 0.758658886 461.255584717 0.029247921 0.999020338 0.033210620 0.177680179 -0.758119941 0.043824557 -0.650641084 -187.068344116
-0.650699973 -0.008496247 0.759287417 463.256622314 0.027644360 0.999009490 0.034869559 0.238340139 -0.758831561 0.043679625 -0.649820566 -188.753295898
-0.649999559 -0.008595121 0.759885967 465.292022705 0.025723869 0.999114156 0.033305008 0.299468428 -0.759499073 0.041195441 -0.649202645 -190.451797485
-0.648788095 -0.008318548 0.760923505 467.311309814 0.023925494 0.999222934 0.031323325 0.353606790 -0.760592759 0.038527679 -0.648084998 -192.151397705
-0.647818923 -0.006165678 0.761769414 469.339477539 0.025535703 0.999229550 0.029803554 0.404191375 -0.761366248 0.038759630 -0.647162378 -193.856033325
-0.646767020 -0.005962267 0.762664318 471.362518311 0.027268805 0.999149263 0.030935967 0.449765474 -0.762199998 0.040805306 -0.646054149 -195.552139282
