1.000000000 0.000000000 0.000000000 0.000000000 0.000000000 1.000000000 0.000000000 0.000000000 0.000000000 0.000000000 1.000000000 0.000000000
0.999042690 -0.000522849 0.043743320 0.046167180 0.000626763 0.999997020 -0.002361861 -0.020265069 -0.043741956 0.002387017 0.999039948 1.027542591
0.996034980 -0.004657548 0.088840500 0.139749452 0.005328423 0.999959052 -0.007315786 -0.039116338 -0.088802777 0.007760159 0.996018946 2.048761368
0.990878820 -0.004158762 0.134692416 0.272030532 0.005755943 0.999917686 -0.011470740 -0.060836215 -0.134633616 0.012141393 0.990821123 3.057751179
0.983548224 -0.001306030 0.180640668 0.450872570 0.003805875 0.999901712 -0.013492869 -0.093191698 -0.180605277 0.013958384 0.983456612 4.089930534
0.974022925 -0.003894752 0.226415619 0.687367082 0.007126329 0.999884009 -0.013457148 -0.124033675 -0.226336926 0.014721082 0.973937929 5.090261459
0.962354779 -0.004294576 0.271762520 0.960757375 0.008631659 0.999853671 -0.014765726 -0.153538346 -0.271659374 0.016555622 0.962251067 6.099084377
0.948786139 -0.007001325 0.315841347 1.285566449 0.013155323 0.999762833 -0.017356576 -0.186892867 -0.315644920 0.020622676 0.948653400 7.082772732
0.933632135 -0.008694565 0.358127683 1.659357429 0.016720297 0.999673545 -0.019319598 -0.216994911 -0.357842803 0.024025396 0.933472693 8.037595749
0.916324377 -0.008686597 0.400342524 2.071563721 0.018253049 0.999631584 -0.020088585 -0.250177085 -0.400020570 0.025715137 0.916145325 8.972881317
0.896783292 -0.008974781 0.442378968 2.516262054 0.019219849 0.999640763 -0.018681910 -0.285588384 -0.442052394 0.025256081 0.896633625 9.871077538
0.875060916 -0.009306508 0.483923346 3.013441563 0.020407047 0.999635398 -0.017676955 -0.327480674 -0.483582437 0.025343861 0.874931812 10.762368202
0.851099312 -0.009367906 0.524921238 3.547374487 0.021153757 0.999640763 -0.016458474 -0.361765087 -0.524578512 0.025111858 0.850991607 11.631906509
0.825573385 -0.009993700 0.564206183 4.133333206 0.023300963 0.999594152 -0.016389420 -0.403691262 -0.563813329 0.026677229 0.825471222 12.480387688
0.798371851 -0.011725872 0.602050543 4.747649193 0.026665278 0.999518096 -0.015893331 -0.436642289 -0.601574063 0.028742637 0.798299730 13.284873962
0.769530237 -0.010674017 0.638521135 5.415630817 0.027437812 0.999489665 -0.016359145 -0.468854308 -0.638020635 0.030108482 0.769430399 14.102756500
0.738949418 -0.013732016 0.673620939 6.091331959 0.032096367 0.999374688 -0.014836473 -0.502127290 -0.672995985 0.032584183 0.738928199 14.835683823
0.706968844 -0.013193607 0.707121551 6.834873199 0.032770395 0.999363184 -0.014117018 -0.534737587 -0.706484973 0.033152949 0.706951082 15.572065353
0.672887862 -0.011780544 0.739650607 7.585835934 0.033546712 0.999330461 -0.014602189 -0.569569826 -0.738983512 0.034638487 0.672832608 16.253385544
0.637412250 -0.012883311 0.770415187 8.401363373 0.038456656 0.999146044 -0.015109308 -0.590737045 -0.769562483 0.039258454 0.637363434 16.926809311
0.600852370 -0.011245920 0.799280941 9.191246986 0.038776051 0.999134064 -0.015091697 -0.618674874 -0.798418939 0.040060844 0.600768089 17.514043808
0.562911451 -0.009916659 0.826457739 10.058366776 0.041404065 0.999010861 -0.016213736 -0.650212049 -0.825479507 0.043345604 0.562765300 18.109352112
0.524020433 -0.008093510 0.851667285 10.902801514 0.046017580 0.998763204 -0.018822674 -0.674427867 -0.850461543 0.049055133 0.523744881 18.629228592
0.485331029 -0.007370239 0.874299407 11.805333138 0.047883097 0.998687804 -0.018161500 -0.703131557 -0.873018324 0.050678510 0.485047102 19.122703552
0.446810395 -0.009031015 0.894583106 12.707864761 0.053031936 0.998457968 -0.016407790 -0.726905167 -0.893055499 0.054772642 0.446600378 19.571882248
0.410124093 -0.009543709 0.911979795 13.668428421 0.057038590 0.998256207 -0.015204105 -0.750269175 -0.910244405 0.058253609 0.409953266 19.986053467
0.375023425 -0.007049813 0.926988542 14.606103897 0.058378000 0.998165905 -0.016026340 -0.777732015 -0.925175369 0.060125995 0.374747157 20.357862473
0.341522396 -0.007901347 0.939840376 15.575256348 0.058907494 0.998178601 -0.013014197 -0.800342143 -0.938025773 0.059808284 0.341365784 20.707439423
0.307929367 -0.009417256 0.951362610 16.577152252 0.061266601 0.998071849 -0.009950664 -0.822000563 -0.949434459 0.061350852 0.307912558 21.028358459
0.275353312 -0.009311306 0.961297989 17.569068909 0.061760109 0.998058915 -0.008023135 -0.844400406 -0.959357202 0.061579071 0.275393933 21.301490784
0.243061990 -0.006485166 0.969989061 18.573373795 0.059065014 0.998220921 -0.008126714 -0.867437840 -0.968210816 0.059267707 0.243012622 21.558197021
0.212179929 -0.004967315 0.977217913 19.602954865 0.058889791 0.998234689 -0.007712389 -0.883272648 -0.975454569 0.059184577 0.212097868 21.783113480
0.181500897 -0.004886494 0.983378649 20.634309769 0.060604859 0.998142421 -0.006225902 -0.904122353 -0.981521428 0.060727533 0.181459904 21.974592209
0.150950968 -0.005021723 0.988528430 21.711791992 0.062181719 0.998054981 -0.004425200 -0.917868674 -0.986583591 0.062136393 0.150969654 22.130132675
0.120237790 -0.005630872 0.992729127 22.792768478 0.060643960 0.998158157 -0.001683435 -0.929461181 -0.990891099 0.060405444 0.120357797 22.265457153
0.091303632 -0.006188262 0.995803893 23.882013321 0.061359122 0.998115718 0.000576710 -0.944480658 -0.993930936 0.061049003 0.091511272 22.358163834
0.064215451 -0.005830494 0.997918963 25.005784988 0.064082198 0.997943163 0.001706988 -0.947884381 -0.995876431 0.063839220 0.064456999 22.421401978
0.039277840 -0.005257184 0.999214470 26.132619858 0.068220168 0.997667015 0.002567395 -0.953194022 -0.996896803 0.068065733 0.039544851 22.453516006
0.016611975 -0.004758082 0.999850571 27.310146332 0.072521858 0.997360528 0.003541320 -0.955237448 -0.997228563 0.072452195 0.016913192 22.461214066
-0.003697145 -0.005053080 0.999980390 28.473785400 0.077949427 0.996943116 0.005325928 -0.958277047 -0.996950388 0.077967599 -0.003291959 22.454370499
-0.020937806 -0.005678988 0.999764621 29.663608551 0.082458287 0.996567070 0.007387728 -0.957753420 -0.996374488 0.082593560 -0.020397652 22.412321091
-0.036353197 -0.005490724 0.999323905 30.879220963 0.085622430 0.996290624 0.008588813 -0.955334723 -0.995664239 0.085876785 -0.035748221 22.348678589
-0.050742954 -0.006063905 0.998693287 32.082363129 0.087940477 0.996070206 0.010516172 -0.950250983 -0.994832397 0.088359185 -0.050010275 22.295011520
-0.063867360 -0.007230554 0.997932196 33.290534973 0.087988950 0.996038616 0.012848100 -0.948038578 -0.994071901 0.088627562 -0.062978148 22.206174850
-0.075932272 -0.006986340 0.997088492 34.494403839 0.087890796 0.996036232 0.013672200 -0.943929195 -0.993231833 0.088673055 -0.075017251 22.116674423
-0.087395370 -0.004355480 0.996164322 35.724403381 0.087707341 0.996073425 0.012049816 -0.941021800 -0.992305160 0.088424005 -0.086670190 22.017091751
-0.097588286 -0.000829583 0.995226502 36.959369659 0.088176884 0.996059775 0.009476581 -0.931682944 -0.991312921 0.088680759 -0.097130612 21.894412994
-0.106921546 0.001624934 0.994266152 38.209697723 0.089507602 0.995953977 0.007997792 -0.928275526 -0.990230322 0.089849532 -0.106634378 21.765613556
-0.114390470 0.002625050 0.993432283 39.489036560 0.089345753 0.995971203 0.007656111 -0.921939611 -0.989409983 0.089634746 -0.114164159 21.624515533
-0.120076448 0.003246157 0.992759466 40.798545837 0.089002095 0.996003151 0.007508241 -0.916505575 -0.988767028 0.089259230 -0.119885452 21.468120575
-0.125315204 0.005048313 0.992104113 42.121109009 0.090331085 0.995891571 0.006342363 -0.908355355 -0.987996280 0.090412632 -0.125256360 21.307521820
-0.129785046 0.006478115 0.991520941 43.459907532 0.089204326 0.995999873 0.005169016 -0.903051674 -0.987521350 0.089118831 -0.129843757 21.132568359
-0.134231433 0.007199127 0.990923822 44.838100433 0.089844488 0.995943606 0.004934818 -0.898869276 -0.986868799 0.089691460 -0.134333700 20.959079742
-0.136835843 0.006474193 0.990572572 46.216251373 0.089388773 0.995979726 0.005838465 -0.892558932 -0.986552358 0.089344978 -0.136864468 20.769596100
-0.139621422 0.004501319 0.990194678 47.655838013 0.090135746 0.995895922 0.008182261 -0.888793588 -0.986093998 0.090394363 -0.139454111 20.567695618
-0.140653774 0.003188340 0.990053713 49.083629608 0.090451770 0.995854139 0.009643177 -0.884477079 -0.985918343 0.090908475 -0.140359014 20.332172394
-0.143056422 0.003554528 0.989708185 50.517341614 0.092814013 0.995634854 0.009839902 -0.881489158 -0.985352874 0.093266450 -0.142761886 20.140398026
-0.143951222 0.004254504 0.989575624 51.987274170 0.092600316 0.995661080 0.009189686 -0.853286803 -0.985242724 0.092957869 -0.143720612 19.910509109
-0.144612789 0.005863097 0.989470959 53.453468323 0.094780557 0.995466411 0.007953713 -0.837775111 -0.984938443 0.094932817 -0.144512907 19.701866150
-0.144332826 0.005894398 0.989511609 54.943054199 0.094468988 0.995496869 0.007849447 -0.831338882 -0.985009432 0.094611108 -0.144239679 19.478065491
-0.143593401 0.007150166 0.989610970 56.456344604 0.094264731 0.995525956 0.006484987 -0.828035474 -0.985137105 0.094216622 -0.143624946 19.257123947
-0.142191648 0.007548481 0.989810288 57.990371704 0.094887614 0.995469630 0.006039483 -0.813814759 -0.985280514 0.094779514 -0.142263725 19.037757874
-0.140554145 0.005946806 0.990055144 59.552143097 0.094230898 0.995522976 0.007397937 -0.815527320 -0.985578537 0.094333611 -0.140485272 18.810630798
-0.139065102 0.006887835 0.990259230 61.133201599 0.095457174 0.995412409 0.006481658 -0.807738185 -0.985671759 0.095428720 -0.139084622 18.584880829
-0.138447464 0.007211864 0.990343511 62.708908081 0.094855450 0.995472908 0.006011331 -0.801468134 -0.985816717 0.094771728 -0.138504803 18.386615753
-0.137081102 0.008265239 0.990525365 64.307579041 0.096262664 0.995343328 0.005016576 -0.792001128 -0.985871315 0.096038282 -0.137238428 18.157878876
-0.136051968 0.008111322 0.990668535 65.943794250 0.095757730 0.995392144 0.005000749 -0.787070513 -0.986063004 0.095544524 -0.136201814 17.932525635
-0.134592757 0.006570839 0.990879178 67.590354919 0.097703539 0.995193124 0.006671785 -0.777530253 -0.986072421 0.097710371 -0.134587765 17.696128845
-0.133559883 0.004510860 0.991030514 69.248870850 0.099377960 0.995010257 0.008864064 -0.774094164 -0.986045539 0.099670477 -0.133341730 17.468830109
-0.132879868 0.005629901 0.991116107 71.003250122 0.100408249 0.994915783 0.007810345 -0.762484550 -0.986033022 0.100554086 -0.132769570 17.220287323
-0.131970316 0.007069929 0.991228461 72.690208435 0.102308556 0.994731307 0.006526262 -0.762390018 -0.985959768 0.102272429 -0.131998345 16.992740631
-0.131153673 0.007321787 0.991334975 74.408569336 0.101893537 0.994776368 0.006133314 -0.754272521 -0.986111760 0.101815045 -0.131214604 16.764312744
-0.130393997 0.007292231 0.991435468 76.122573853 0.102707997 0.994692266 0.006192014 -0.750331879 -0.986128032 0.102635764 -0.130450860 16.532432556
-0.129954979 0.006167926 0.991500735 77.859504700 0.102535926 0.994702876 0.007251433 -0.746140778 -0.986203849 0.102606788 -0.129899055 16.305706024
-0.129675284 0.006421941 0.991535723 79.597076416 0.103935264 0.994558275 0.007151370 -0.739394128 -0.986094117 0.103982866 -0.129637092 16.083684921
-0.129636973 0.006100695 0.991542697 81.370246887 0.104705758 0.994474411 0.007570780 -0.731770158 -0.986017704 0.104801692 -0.129559427 15.851774216
-0.129480481 0.007351725 0.991554737 83.144035339 0.105089501 0.994442523 0.006349794 -0.719976962 -0.985997438 0.105024166 -0.129533455 15.615296364
-0.129959986 0.008252642 0.991484880 84.942420959 0.105158105 0.994440198 0.005506478 -0.720577717 -0.985927045 0.104978308 -0.130105302 15.378108978
-0.130927607 0.008888545 0.991352081 86.738349915 0.104367055 0.994526923 0.004866717 -0.724466562 -0.985883117 0.104101680 -0.131138712 15.145930290
-0.132420570 0.009454194 0.991148531 88.541793823 0.103507489 0.994619191 0.004341630 -0.725170791 -0.985774279 0.103166208 -0.132686630 14.921895981
-0.133323625 0.008765406 0.991033792 90.367080688 0.102521367 0.994718254 0.004994191 -0.724744797 -0.985755622 0.102267966 -0.133518115 14.684292793
-0.134249538 0.008501444 0.990911007 92.203979492 0.102799319 0.994687438 0.005393501 -0.723860979 -0.985601008 0.102589056 -0.134410262 14.441829681
-0.134580508 0.007581251 0.990873635 94.060516357 0.100324601 0.994936585 0.006013755 -0.721248448 -0.985810876 0.100218341 -0.134659648 14.192442894
-0.136442438 0.008315259 0.990613103 95.894721985 0.100310713 0.994941175 0.005464740 -0.723779142 -0.985556304 0.100114711 -0.136586279 13.952135086
-0.138579041 0.009249715 0.990308106 97.781478882 0.099644400 0.995012224 0.004650118 -0.719853878 -0.985325694 0.099323079 -0.138809532 13.678768158
-0.142794207 0.010295792 0.989698827 99.667411804 0.100154988 0.994963408 0.004099853 -0.715541482 -0.984671891 0.099708721 -0.143106207 13.407736778
-0.147364616 0.009460730 0.989036918 101.554145813 0.098104022 0.995163083 0.005097983 -0.715291023 -0.984204829 0.097779781 -0.147579938 13.135364532
-0.152275622 0.008598529 0.988300681 103.453582764 0.096418843 0.995321512 0.006196436 -0.717302680 -0.983623683 0.096234396 -0.152392298 12.854714394
-0.156798780 0.009267098 0.987587035 105.358398438 0.095166400 0.995444655 0.005768690 -0.722647190 -0.983034849 0.094889618 -0.156966358 12.556165695
-0.161063194 0.011173130 0.986880839 107.273620605 0.095831044 0.995387971 0.004370590 -0.720418274 -0.982280552 0.095277756 -0.161391139 12.235256195
-0.165821776 0.012582425 0.986075461 109.198509216 0.095527202 0.995421052 0.003362500 -0.733647466 -0.981518030 0.094754606 -0.166264459 11.920526505
-0.170573056 0.012726998 0.985262811 111.126770020 0.094253965 0.995542169 0.003457880 -0.740828276 -0.980826616 0.093454741 -0.171012223 11.594562531
-0.175344035 0.012516939 0.984427631 113.070899963 0.092542775 0.995701373 0.003823226 -0.746196866 -0.980148077 0.091772042 -0.175748646 11.254859924
-0.179896876 0.012034784 0.983611882 115.035095215 0.090800732 0.995859206 0.004422290 -0.747750401 -0.979485691 0.090108216 -0.180244759 10.892782211
-0.185819879 0.011343691 0.982518315 116.977104187 0.089947626 0.995931208 0.005512898 -0.753887653 -0.978458166 0.089399606 -0.186084166 10.541385651
-0.191051051 0.011120809 0.981517076 118.956184387 0.090396844 0.995885789 0.006312023 -0.756624341 -0.977408707 0.089931980 -0.191270337 10.157049179
-0.196441621 0.012463395 0.980436265 120.898483276 0.090929702 0.995841801 0.005559577 -0.761340618 -0.976290166 0.090242915 -0.196758091 9.777286530
-0.202023327 0.013961060 0.979281187 122.863609314 0.090944871 0.995845377 0.004564501 -0.761846006 -0.975149035 0.089982733 -0.202453732 9.382556915
-0.208196312 0.013768645 0.977990150 124.850708008 0.090822794 0.995852888 0.005314398 -0.756485105 -0.973861158 0.089930236 -0.208583400 8.982698441
-0.213640451 0.013489261 0.976819217 126.833831787 0.089657873 0.995955408 0.005855591 -0.758803606 -0.972789407 0.088830538 -0.213985786 8.555978775
-0.218804732 0.014332873 0.975663424 128.819778442 0.088975176 0.996019721 0.005321880 -0.756641328 -0.971703589 0.087974273 -0.219209060 8.115331650
-0.224167556 0.014722237 0.974439383 130.815368652 0.088047452 0.996102691 0.005205580 -0.763086021 -0.970565081 0.086963832 -0.224590153 7.675695419
-0.228780225 0.014252887 0.973373711 132.809997559 0.089318931 0.995982587 0.006409444 -0.763072312 -0.969371796 0.088407069 -0.229134113 7.217203140
-0.232321471 0.014282151 0.972534180 134.815017700 0.091503128 0.995778501 0.007234997 -0.753978491 -0.968325317 0.090670764 -0.232647583 6.730764389
-0.236068934 0.015009559 0.971620381 136.839492798 0.092761673 0.995662570 0.007156803 -0.754836738 -0.967298627 0.091818646 -0.236437306 6.246501923
-0.239076003 0.015718607 0.970873594 138.848449707 0.093090095 0.995634377 0.006803789 -0.752290606 -0.966528296 0.092005335 -0.239495546 5.753963470
-0.242620155 0.015911501 0.969990790 140.895233154 0.092449479 0.995694220 0.006790910 -0.749783933 -0.965706289 0.091322772 -0.243046507 5.256557465
-0.246627927 0.016244275 0.968974113 142.916351318 0.090970382 0.995832622 0.006459670 -0.755882025 -0.964831114 0.089741066 -0.247077897 4.749076843
-0.252407283 0.016974540 0.967472136 144.959854126 0.089889646 0.995933771 0.005977728 -0.757319748 -0.963436723 0.088474549 -0.252906829 4.240467072
-0.255451202 0.016215689 0.966685951 146.980636597 0.088491440 0.996054709 0.006675932 -0.762918890 -0.962763727 0.087248795 -0.255878299 3.701072693
-0.259925008 0.016759209 0.965483308 149.010131836 0.088918865 0.996016622 0.006649300 -0.764678299 -0.961526096 0.087577999 -0.260379881 3.155265808
-0.264727086 0.017044986 0.964172721 151.061843872 0.088137411 0.996086478 0.006590183 -0.768592894 -0.960287154 0.086724296 -0.265193403 2.605903625
-0.269653499 0.017027652 0.962806880 153.114624023 0.087508731 0.996140063 0.006891427 -0.770330191 -0.958972991 0.086112313 -0.270102680 2.047637939
-0.273993373 0.016406685 0.961591661 155.154769897 0.087499052 0.996132970 0.007935717 -0.775111675 -0.957742929 0.086312711 -0.274369329 1.471679688
-0.278638572 0.016607637 0.960252345 157.217636108 0.088102058 0.996076584 0.008337551 -0.773174286 -0.956346452 0.086923383 -0.279008478 0.891597748
-0.283116192 0.017292781 0.958929658 159.304016113 0.088762008 0.996018767 0.008244636 -0.772214055 -0.954969406 0.087450698 -0.283523947 0.296703339
-0.286882907 0.018638588 0.957784295 161.371124268 0.089312576 0.995976388 0.007369777 -0.769390464 -0.953793168 0.087656446 -0.287393242 -0.313770294
-0.290471971 0.019967606 0.956675291 163.428741455 0.089119136 0.996001244 0.006270520 -0.775891483 -0.952724397 0.087079473 -0.291089952 -0.930381775
-0.294420391 0.021311957 0.955438375 165.516891479 0.089940071 0.995931983 0.005500020 -0.778166592 -0.951434374 0.087551512 -0.295139492 -1.554107666
-0.297783554 0.021890294 0.954382539 167.603973389 0.089431882 0.995980024 0.005059868 -0.783580720 -0.950435102 0.086858951 -0.298544198 -2.197639465
-0.301640004 0.021819303 0.953172326 169.701904297 0.089565881 0.995965481 0.005545047 -0.791375339 -0.949205518 0.087044306 -0.302377343 -2.847591400
-0.305749148 0.021910246 0.951860011 171.778060913 0.089276910 0.995990157 0.005750780 -0.795669913 -0.947917223 0.086737409 -0.306479186 -3.492359161
-0.309887439 0.022899766 0.950497448 173.877807617 0.091383062 0.995798826 0.005802118 -0.797413468 -0.946371436 0.088657379 -0.310678154 -4.173675537
-0.312711000 0.023432810 0.949559271 175.966751099 0.093598798 0.995590270 0.006255415 -0.797685742 -0.945225418 0.090833738 -0.313525259 -4.867885590
-0.314927459 0.023212347 0.948831856 178.032348633 0.094768584 0.995473981 0.007101301 -0.800484776 -0.944372594 0.092155851 -0.315701902 -5.555465698
-0.317746073 0.022812156 0.947901368 180.123611450 0.094378941 0.995506704 0.007678946 -0.795556188 -0.943467021 0.091901883 -0.318471342 -6.256103516
-0.320534587 0.023397941 0.946947813 182.239074707 0.093553945 0.995589137 0.007067489 -0.797777414 -0.942605555 0.090856075 -0.321309716 -6.969581604
-0.323099017 0.025573904 0.946019471 184.344512939 0.093248583 0.995630562 0.004932621 -0.800037861 -0.941759825 0.089808695 -0.324072003 -7.688144684
-0.326131672 0.027710954 0.944918036 186.463623047 0.092982754 0.995663524 0.002893195 -0.802294910 -0.940740347 0.088804655 -0.327293962 -8.415733337
-0.329146802 0.028568139 0.943846643 188.578857422 0.092395492 0.995720208 0.002082770 -0.818968117 -0.939747453 0.087892711 -0.330377758 -9.148811340
-0.332768768 0.029714663 0.942540169 190.747985840 0.090709351 0.995877206 0.000629240 -0.826418340 -0.938635588 0.085706599 -0.334092230 -9.901874542
-0.335552990 0.030156139 0.941538513 192.873962402 0.091830410 0.995774329 0.000834024 -0.839166462 -0.937534750 0.086741745 -0.336904287 -10.677066803
-0.339856118 0.029050406 0.940028608 195.055618286 0.090988912 0.995849669 0.002120459 -0.849971414 -0.936065614 0.086252823 -0.341088831 -11.442958832
-0.343179137 0.028495198 0.938837647 197.216766357 0.091138557 0.995833457 0.003089327 -0.862002432 -0.934837878 0.086624496 -0.344346285 -12.233692169
-0.346986860 0.028576314 0.937434494 199.376281738 0.091075048 0.995838404 0.003354314 -0.868033469 -0.933437407 0.086540781 -0.348145455 -13.027141571
-0.350787342 0.028591283 0.936018586 201.547271729 0.090170644 0.995920539 0.003371802 -0.881381094 -0.932103813 0.085584171 -0.351934433 -13.824878693
-0.354402095 0.029273929 0.934634805 203.712860107 0.089659303 0.995968580 0.002802732 -0.894792140 -0.930784822 0.084791996 -0.355598032 -14.645774841
-0.357821912 0.029729052 0.933316469 205.898956299 0.089163244 0.996013999 0.002457916 -0.907746553 -0.929523230 0.084097020 -0.359046370 -15.471305847
-0.360662133 0.030432163 0.932199955 208.007858276 0.090609558 0.995883226 0.002545116 -0.928672969 -0.928284764 0.085384160 -0.361934811 -16.283515930
-0.363290966 0.030208794 0.931185842 210.158874512 0.091578737 0.995791972 0.003423648 -0.944079399 -0.927163959 0.086520605 -0.364528686 -17.119888306
-0.366292983 0.029859072 0.930020392 212.342269897 0.092945434 0.995660305 0.004640519 -0.953593314 -0.925845861 0.088140942 -0.367478669 -17.978843689
-0.369296730 0.030788096 0.928801417 214.528091431 0.094371676 0.995526671 0.004522793 -0.964470506 -0.924507380 0.089322791 -0.370550305 -18.841697693
-0.372646540 0.032003809 0.927421331 216.724411011 0.094558202 0.995512664 0.003640829 -0.973792017 -0.923143148 0.089052036 -0.374000520 -19.712985992
-0.375485957 0.032018341 0.926274776 218.906097412 0.093691953 0.995594978 0.003565593 -0.987458646 -0.922080338 0.088123336 -0.376831710 -20.588127136
-0.378264308 0.033297587 0.925098598 221.078994751 0.093371727 0.995628476 0.002342609 -1.005161285 -0.920976579 0.087264173 -0.379719734 -21.473754883
-0.380777866 0.034458280 0.924024284 223.243698120 0.093306087 0.995636523 0.001321363 -1.021648288 -0.919946849 0.086720243 -0.382331550 -22.369697571
-0.383303791 0.034599885 0.922973931 225.428680420 0.091342442 0.995819271 0.000603118 -1.040635705 -0.919094503 0.084537871 -0.384861827 -23.267005920
-0.386356443 0.035980307 0.921647549 227.603500366 0.092860818 0.995679021 0.000056997 -1.058322430 -0.917663276 0.085606970 -0.388028115 -24.172248840
-0.389128089 0.035316102 0.920506358 229.769378662 0.093828350 0.995587289 0.001467654 -1.081870556 -0.916392684 0.086940706 -0.390724599 -25.086891174
-0.391941547 0.034512110 0.919342458 231.938186646 0.094436899 0.995526671 0.002889039 -1.101571918 -0.915130317 0.087952174 -0.393447518 -26.002758026
-0.395390868 0.033944223 0.917885542 234.074813843 0.093162403 0.995645344 0.003311035 -1.117155075 -0.913776159 0.086821586 -0.396831453 -26.906036377
-0.398596942 0.034183655 0.916488826 236.212448120 0.091972299 0.995757461 0.002860096 -1.137314320 -0.912502825 0.085431606 -0.400049835 -27.829914093
-0.402289003 0.033666715 0.914893508 238.400146484 0.090076275 0.995930493 0.002958801 -1.147895098 -0.911070704 0.083600491 -0.403684437 -28.776256561
-0.406031728 0.033370711 0.913249433 240.563140869 0.089627579 0.995969355 0.003455176 -1.164351583 -0.909453213 0.083255254 -0.407386065 -29.720008850
-0.409926087 0.033544444 0.911501646 242.721679688 0.089246482 0.996003509 0.003482251 -1.183154941 -0.907742083 0.082775787 -0.411281496 -30.681655884
-0.413616836 0.033021778 0.909851909 244.871566772 0.088591911 0.996059597 0.004123152 -1.203052402 -0.906130552 0.082310937 -0.414912462 -31.649154663
-0.417705894 0.032330718 0.908007026 247.038757324 0.087238275 0.996176481 0.004661665 -1.217781544 -0.904384613 0.081160143 -0.418929279 -32.622879028
-0.421420634 0.032641947 0.906277537 249.158966064 0.086741306 0.996220827 0.004453373 -1.228514671 -0.902707338 0.080488451 -0.422659487 -33.598464966
-0.425052136 0.033426009 0.904551506 251.313888550 0.087120928 0.996189117 0.004126136 -1.248277664 -0.900966525 0.080559179 -0.426344454 -34.599754333
-0.428794742 0.033721399 0.902772367 253.417129517 0.087376781 0.996166229 0.004291882 -1.270400882 -0.899166465 0.080721684 -0.430097312 -35.583877563
-0.432276011 0.033840705 0.901106119 255.575347900 0.087386467 0.996164262 0.004510226 -1.283101678 -0.897497118 0.080694169 -0.433575183 -36.611633301
-0.436550885 0.034177132 0.899030089 257.703491211 0.086153261 0.996273935 0.003960379 -1.298397422 -0.895545065 0.079183295 -0.437868774 -37.621902466
-0.440207243 0.034437109 0.897235572 259.826599121 0.086533614 0.996240020 0.004218622 -1.315685153 -0.893716693 0.079498090 -0.441532105 -38.659660339
-0.443711668 0.035146911 0.895480156 261.947723389 0.086905614 0.996208668 0.003961424 -1.316530824 -0.891945839 0.079579979 -0.445083857 -39.705352783
-0.447368145 0.036289211 0.893613338 264.067352295 0.088089988 0.996105850 0.003648956 -1.326108932 -0.890001059 0.080350816 -0.448822796 -40.757598877
-0.450541407 0.038438529 0.891927540 266.191894531 0.090397291 0.995902002 0.002743176 -1.336713076 -0.888167083 0.081863746 -0.452169865 -41.833564758
-0.453834295 0.039298736 0.890219092 268.331878662 0.092170306 0.995738626 0.003031578 -1.353914738 -0.886306465 0.083427601 -0.455522448 -42.917938232
-0.456822485 0.041382495 0.888594687 270.460327148 0.093645975 0.995603979 0.001776971 -1.357132792 -0.884614944 0.084025070 -0.458689630 -44.011596680
-0.459533095 0.043776039 0.887081146 272.562469482 0.095914721 0.995389402 0.000565664 -1.389413118 -0.882966399 0.085344084 -0.461613119 -45.070770264
-0.462115854 0.044636097 0.885695517 274.701171875 0.096656919 0.995317698 0.000270529 -1.398704767 -0.881536365 0.085733615 -0.464266419 -46.170005798
-0.465480804 0.045262806 0.883899808 276.868072510 0.096795537 0.995304286 0.000007010 -1.416666627 -0.879748940 0.085560799 -0.467676342 -47.289199829
-0.468356758 0.045420956 0.882371187 279.028869629 0.096095473 0.995372117 -0.000230963 -1.426059365 -0.878298104 0.084683709 -0.470553994 -48.434249878
-0.471748143 0.046671655 0.880497277 281.208557129 0.097169235 0.995267630 -0.000694353 -1.443662524 -0.876362801 0.085229680 -0.474050790 -49.583724976
-0.474461794 0.046774127 0.879032552 283.353332520 0.096251801 0.995356500 -0.001011488 -1.457721710 -0.874997973 0.084128544 -0.476760685 -50.741645813
-0.477294207 0.046265032 0.877524793 285.511749268 0.094655588 0.995509565 -0.001001355 -1.475442767 -0.873630702 0.082584701 -0.479530185 -51.904396057
-0.480292559 0.047446139 0.875824153 287.718597412 0.096373238 0.995344698 -0.001070898 -1.483958006 -0.871797681 0.083891660 -0.482629240 -53.092987061
-0.483060807 0.046879437 0.874330938 289.910858154 0.097376980 0.995247483 0.000437319 -1.503614664 -0.870155156 0.085350953 -0.485330015 -54.268981934
-0.485306799 0.047423523 0.873056889 292.101318359 0.098584540 0.995128393 0.000745946 -1.513230443 -0.868768275 0.086431928 -0.487617880 -55.480758667
-0.487046331 0.046732653 0.872124970 294.263702393 0.098117158 0.995173812 0.001468233 -1.525357842 -0.867847264 0.086285502 -0.489280999 -56.681137085
-0.489676058 0.046297994 0.870674372 296.471801758 0.097681686 0.995215654 0.002016714 -1.527911186 -0.866415381 0.086036474 -0.491855741 -57.904502869
-0.492221475 0.047108203 0.869194269 298.686492920 0.099499665 0.995034635 0.002417844 -1.527525425 -0.864764571 0.087674662 -0.494464725 -59.150947571
-0.494608253 0.046612501 0.867865086 300.901977539 0.099329509 0.995049536 0.003165749 -1.532135963 -0.863421202 0.087770417 -0.496789724 -60.409111023
-0.496797323 0.046797030 0.866603971 303.110351562 0.098447315 0.995138586 0.002698840 -1.548808217 -0.862264812 0.086655617 -0.498989195 -61.664291382
-0.499470711 0.049531225 0.864913702 305.304351807 0.098157324 0.995170891 -0.000306791 -1.551771998 -0.860752046 0.084744357 -0.501920521 -62.909660339
-0.503083646 0.048414767 0.862880528 307.519287109 0.096073464 0.995374203 0.000164788 -1.567899227 -0.858880997 0.082982846 -0.505407929 -64.187095642
-0.507568061 0.046414569 0.860360622 309.720703125 0.093909383 0.995579302 0.001692331 -1.585157633 -0.856478691 0.081654891 -0.509683013 -65.460037231
-0.512659490 0.043903764 0.857468665 311.932586670 0.091364339 0.995810866 0.003637375 -1.594677448 -0.853717208 0.080206804 -0.514523029 -66.749275208
-0.517090261 0.042780768 0.854861081 314.143707275 0.090169989 0.995915294 0.004702525 -1.591269135 -0.851168036 0.079514459 -0.518835664 -68.078010559
-0.521658719 0.043542974 0.852042258 316.414001465 0.091072313 0.995832384 0.004867332 -1.589948654 -0.848279476 0.080136552 -0.523450375 -69.446846008
-0.526034772 0.044687092 0.849288225 318.683227539 0.092968501 0.995655477 0.005194608 -1.594087243 -0.845366359 0.081689596 -0.527903914 -70.834228516
-0.529667139 0.045467708 0.846985996 320.936035156 0.093809709 0.995576441 0.005220105 -1.597357512 -0.843001902 0.082220428 -0.531589448 -72.245864868
-0.534126341 0.045477305 0.844180584 323.197570801 0.094635673 0.995492339 0.006248785 -1.605041623 -0.840091169 0.083227240 -0.536022484 -73.647674561
-0.538275421 0.044037409 0.841617644 325.428497314 0.094686918 0.995470941 0.008471388 -1.607567072 -0.837432921 0.084250115 -0.540007412 -75.060272217
-0.542112768 0.042294603 0.839240670 327.647857666 0.092644297 0.995652318 0.009666994 -1.597724199 -0.835183084 0.082991458 -0.543674231 -76.492919922
-0.546465158 0.041926950 0.836431682 329.862091064 0.091781899 0.995728374 0.010051930 -1.598750591 -0.832437336 0.082262315 -0.547978997 -77.908775330
-0.550448656 0.041530039 0.833835423 332.067169189 0.091587871 0.995737791 0.010867115 -1.597213507 -0.829830110 0.082350999 -0.551906049 -79.353233337
-0.554413795 0.041681353 0.831196725 334.282287598 0.092598669 0.995633125 0.011836720 -1.591527700 -0.827073693 0.083530150 -0.555852354 -80.810897827
-0.558961630 0.040949158 0.828181744 336.495971680 0.092570789 0.995617926 0.013250485 -1.579344273 -0.824010015 0.084071964 -0.560302854 -82.276641846
-0.562506795 0.039740395 0.825837135 338.713684082 0.090733938 0.995778322 0.013883883 -1.568935394 -0.821798861 0.082741223 -0.563737810 -83.768730164
-0.565619826 0.038950257 0.823745728 340.918212891 0.090623423 0.995770097 0.015141686 -1.554664612 -0.819671631 0.083215088 -0.566757143 -85.277854919
-0.567938030 0.038636226 0.822163939 343.099548340 0.091684818 0.995650589 0.016545521 -1.543163776 -0.817948699 0.084776789 -0.569010258 -86.782020569
-0.570785761 0.037801333 0.820228219 345.306762695 0.089193128 0.995883048 0.016171677 -1.526919842 -0.816240311 0.082389295 -0.571807563 -88.311660767
-0.574074924 0.037066963 0.817963362 347.477050781 0.085420929 0.996234953 0.014805785 -1.507341862 -0.814334869 0.078370817 -0.575079799 -89.797050476
-0.577505827 0.036252182 0.815581262 349.642333984 0.081895486 0.996546805 0.013693444 -1.491714954 -0.812268496 0.074700460 -0.578480482 -91.289619446
-0.579752624 0.033614233 0.814098895 351.820556641 0.079977840 0.996671319 0.015802771 -1.482633591 -0.810857832 0.074271560 -0.580511212 -92.842880249
-0.583087802 0.033347242 0.811724424 353.994110107 0.081340030 0.996532917 0.017489634 -1.466358662 -0.808326900 0.076223679 -0.583778679 -94.379623413
-0.585826695 0.033748418 0.809733391 356.159271240 0.080939688 0.996573627 0.017022699 -1.445488930 -0.806384444 0.075511917 -0.586551011 -95.938201904
-0.588991344 0.032551657 0.807483613 358.348876953 0.078482866 0.996769428 0.017064396 -1.423790455 -0.804319382 0.073424406 -0.589643180 -97.505729675
-0.592898548 0.028265698 0.804781020 360.537414551 0.075666413 0.996917665 0.020731030 -1.405275822 -0.801714301 0.073186286 -0.593209803 -99.069404602
-0.595646024 0.026498148 0.802809894 362.669494629 0.073813483 0.997032523 0.021857245 -1.379314423 -0.799848199 0.072277367 -0.595834494 -100.634414673
-0.598766744 0.025601499 0.800514162 364.857360840 0.072369546 0.997129858 0.022241274 -1.345297813 -0.797647178 0.071250185 -0.598900974 -102.236907959
-0.602017283 0.025226923 0.798084378 367.032867432 0.071385972 0.997198939 0.022327632 -1.318329811 -0.795285642 0.070413657 -0.602131784 -103.828804016
-0.604313672 0.025020640 0.796353400 369.195678711 0.071575262 0.997170329 0.022984866 -1.291629791 -0.793525040 0.070889279 -0.604394674 -105.464134216
-0.607295573 0.024211891 0.794106901 371.342529297 0.070946418 0.997194946 0.023852553 -1.263177872 -0.791301847 0.070824601 -0.607309878 -107.077957153
-0.609849095 0.022864990 0.792187631 373.505981445 0.067972526 0.997409582 0.023538902 -1.233879089 -0.789597273 0.068202183 -0.609823465 -108.709465027
-0.612813950 0.019299680 0.789991498 375.657043457 0.057976067 0.998105645 0.020589361 -1.207172871 -0.788097620 0.058418058 -0.612771988 -110.339790344
-0.616408467 0.021783598 0.787125230 377.800628662 0.050433766 0.998656988 0.011857649 -1.196357727 -0.785809815 0.047006845 -0.616679251 -111.963661194
-0.619033337 0.032100201 0.784708381 379.917449951 0.060634557 0.998135448 0.007001901 -1.196451426 -0.783020556 0.051914856 -0.619825542 -113.616439819
-0.619700730 0.033295300 0.784131646 382.033081055 0.068302810 0.997596920 0.011620500 -1.200628757 -0.781860471 0.060759623 -0.620485723 -115.277351379
-0.621833682 0.024001241 0.782781422 384.161743164 0.067146674 0.997483492 0.022756319 -1.178315163 -0.780265450 0.066711821 -0.621880412 -116.954406738
-0.625228226 0.013326295 0.780328214 386.295989990 0.060964663 0.997632921 0.031809792 -1.132256508 -0.778057218 0.067460828 -0.624560654 -118.617103577
-0.628541708 0.007334273 0.777741313 388.401367188 0.055128071 0.997860670 0.035142425 -1.073773384 -0.775819719 0.064963855 -0.627601385 -120.278327942
-0.631213069 0.006698371 0.775580525 390.491424561 0.053735077 0.997937679 0.035113994 -1.012007713 -0.773745894 0.063840285 -0.630271137 -121.950553894
-0.633756042 0.011946469 0.773440719 392.596069336 0.059349734 0.997684300 0.033220965 -0.963578224 -0.771252811 0.066957489 -0.632997453 -123.641159058
-0.635633469 0.018507490 0.771769106 394.655578613 0.064004235 0.997534096 0.028792776 -0.911063194 -0.769333184 0.067698143 -0.635250688 -125.325309753
-0.637695014 0.021517908 0.769988477 396.729492188 0.064908125 0.997555554 0.025878675 -0.869264603 -0.767549455 0.066481210 -0.637532949 -127.036651611
-0.641093373 0.021502776 0.767161608 398.815338135 0.064981528 0.997538686 0.026343055 -0.827449799 -0.764706910 0.066739693 -0.640912712 -128.745880127
-0.643670440 0.021150539 0.765010476 400.855163574 0.066089161 0.997419894 0.028030565 -0.782274246 -0.762443841 0.068601355 -0.643407583 -130.448608398
-0.645729959 0.020679511 0.763285697 402.894897461 0.066672243 0.997342229 0.029383125 -0.733219147 -0.760649443 0.069863550 -0.645392478 -132.171020508
-0.647430897 0.021044876 0.761833489 404.974548340 0.067496680 0.997273982 0.029812194 -0.685760498 -0.759129345 0.070722565 -0.647086501 -133.927322388
-0.649314761 0.021116406 0.760226607 407.037414551 0.067761973 0.997245073 0.030176019 -0.639340401 -0.757494986 0.071108185 -0.648956835 -135.657379150
-0.650951028 0.022008849 0.758800626 409.084442139 0.068915263 0.997165382 0.030197658 -0.590172768 -0.755985081 0.071950138 -0.650622547 -137.398010254
-0.652260244 0.021309588 0.757695496 411.132385254 0.069655329 0.997060239 0.031921092 -0.532843590 -0.754787743 0.073598400 -0.651827097 -139.145553589
-0.653368831 0.020280505 0.756768048 413.161865234 0.071270697 0.996849060 0.034818389 -0.481464386 -0.753677428 0.076684631 -0.652755499 -140.882263184
-0.654681444 0.019957641 0.755641401 415.204376221 0.072894730 0.996659279 0.036832102 -0.418881416 -0.752381980 0.079195566 -0.653949142 -142.634246826
-0.655981660 0.020167984 0.754507363 417.230163574 0.071369819 0.996821344 0.035405088 -0.352849007 -0.751395166 0.077074140 -0.655335844 -144.379562378
-0.657479346 0.020314533 0.753198624 419.247497559 0.067619719 0.997193635 0.032131039 -0.293983459 -0.750432193 0.072056569 -0.657007933 -146.119461060
-0.658872426 0.019399067 0.752004623 421.263183594 0.064285047 0.997462571 0.030592633 -0.240489960 -0.749502897 0.068499289 -0.658447683 -147.861846924
-0.660349727 0.018782960 0.750723302 423.279846191 0.063907839 0.997466147 0.031258065 -0.190587997 -0.748234034 0.068618357 -0.659876883 -149.601867676
-0.661076665 0.017070413 0.750124097 425.290832520 0.061071809 0.997648180 0.031118698 -0.135090828 -0.747828662 0.066383287 -0.660564482 -151.345794678
-0.661558628 0.016143378 0.749719560 427.303955078 0.058155730 0.997861743 0.029830582 -0.079581261 -0.747635007 0.063335165 -0.661082983 -153.113128662
-0.662605464 0.014847063 0.748821437 429.312561035 0.056696687 0.997929037 0.030382708 -0.035222054 -0.746819496 0.062587440 -0.662075043 -154.858612061
-0.662991524 0.014152461 0.748493135 431.303009033 0.058037672 0.997783899 0.032541901 0.018976212 -0.746373832 0.065015800 -0.662343621 -156.614868164
-0.662759662 0.013317937 0.748713732 433.300537109 0.060841572 0.997493923 0.036113642 0.080380440 -0.746356428 0.069487579 -0.661909044 -158.369750977
-0.661598921 0.012103413 0.749760091 435.308685303 0.065279171 0.997003317 0.041508604 0.152275085 -0.747011065 0.076405786 -0.660406590 -160.140167236
-0.660267889 0.011049011 0.750948846 437.322448730 0.068445057 0.996616066 0.045516334 0.236183167 -0.747904778 0.081451721 -0.658789873 -161.891113281
-0.658578753 0.008714818 0.752461374 439.310607910 0.063127987 0.997047961 0.043704111 0.319423676 -0.749859273 0.076283962 -0.657184780 -163.611358643
-0.658107162 0.008202364 0.752879500 441.326049805 0.056032866 0.997701347 0.038109869 0.401556015 -0.750836253 0.067266382 -0.657054067 -165.335784912
-0.656969011 0.005880577 0.753894567 443.353759766 0.051334791 0.997997642 0.036950212 0.463626862 -0.752167821 0.062976167 -0.655955374 -167.064086914
-0.654204726 0.005989505 0.756293833 445.363311768 0.049867280 0.998134196 0.035231113 0.529066086 -0.754671752 0.060762677 -0.653282821 -168.783630371
-0.651883364 0.006446929 0.758291721 447.380584717 0.051336478 0.998045027 0.035647329 0.593589783 -0.756579578 0.062165927 -0.650940061 -170.491973877
-0.649396062 0.006414085 0.760423303 449.396240234 0.051969308 0.998000920 0.035963394 0.658613205 -0.758672476 0.062873162 -0.648431182 -172.184692383
-0.646680236 0.007126069 0.762727916 451.402709961 0.049683105 0.998226523 0.032797612 0.714612961 -0.761141419 0.059104268 -0.645887315 -173.870559692
-0.644985795 0.001822146 0.764192224 453.423614502 0.042139806 0.998560429 0.033185430 0.772124290 -0.763031781 0.053607050 -0.644134045 -175.551498413
-0.644231379 -0.004368248 0.764818192 455.463867188 0.033486784 0.998863578 0.033912007 0.826041222 -0.764097214 0.047458492 -0.643353045 -177.231903076
-0.643485487 -0.007955578 0.765416980 457.504241943 0.026484856 0.999115884 0.032650393 0.879154205 -0.764999986 0.041282013 -0.642705858 -178.909667969
-0.643339574 -0.008439301 0.765534461 459.549591064 0.024622917 0.999193847 0.031707764 0.932434082 -0.765184879 0.039248556 -0.642613113 -180.588012695
-0.642223358 -0.007933864 0.766476333 461.589416504 0.027093647 0.999086618 0.033043142 0.988462448 -0.766038537 0.041987732 -0.641421735 -182.278167725
-0.640631378 -0.009300162 0.767792225 463.633361816 0.027933525 0.998982489 0.035407752 1.048530579 -0.767340302 0.044130456 -0.639719784 -183.956970215
-0.639099836 -0.011121966 0.769043386 465.638061523 0.026736474 0.998969853 0.036666054 1.116682053 -0.768658936 0.043994784 -0.638144135 -185.601974487
-0.637772918 -0.011546096 0.770137906 467.710266113 0.024742957 0.999064445 0.035468571 1.181573868 -0.769826949 0.041676383 -0.636890531 -187.299057007
-0.636713624 -0.010947314 0.771022499 469.757415771 0.022734812 0.999198020 0.032961555 1.245204926 -0.770765126 0.038516127 -0.635954261 -188.964706421
-0.635702789 -0.009165168 0.771879494 471.813507080 0.024125472 0.999205172 0.031733599 1.297595024 -0.771556795 0.038795091 -0.634976387 -190.635574341
-0.635149956 -0.008598763 0.772340894 473.844573975 0.026176041 0.999123931 0.032650013 1.350661278 -0.771945179 0.040954489 -0.634368420 -192.277069092
