0.999999940 -0.000000000 0.000000000 -0.000000954 -0.000000000 1.000000000 0.000000000 -0.000000238 0.000000000 0.000000000 1.000000000 0.000000000
0.999996006 -0.002449628 -0.001370074 -0.006209617 0.002453586 0.999992847 0.002894857 -0.015234374 0.001362974 -0.002898209 0.999994814 1.522846937
0.999991536 -0.002861086 -0.002945160 -0.008855652 0.002872215 0.999988675 0.003781534 -0.033582561 0.002934311 -0.003789961 0.999988496 3.042690516
0.999988973 -0.001844342 -0.004295453 -0.026739100 0.001858983 0.999992430 0.003406817 -0.046986964 0.004289137 -0.003414765 0.999985039 4.555936337
0.999982774 -0.000963941 -0.005794018 -0.041290596 0.000983852 0.999993622 0.003434674 -0.065146096 0.005790670 -0.003440314 0.999977350 6.058473110
0.999972403 -0.001264728 -0.007324831 -0.055946399 0.001290230 0.999993086 0.003477873 -0.075692832 0.007320380 -0.003487227 0.999967158 7.559011459
0.999958336 -0.001847709 -0.008930838 -0.077984214 0.001884666 0.999989688 0.004131517 -0.094791219 0.008923115 -0.004148178 0.999951541 9.066718102
0.999938309 -0.003468358 -0.010552432 -0.102416947 0.003501756 0.999988854 0.003148053 -0.106314257 0.010541400 -0.003184811 0.999939382 10.563285828
0.999917388 -0.004636053 -0.011986245 -0.119106106 0.004678296 0.999982953 0.003498595 -0.121933430 0.011969824 -0.003554382 0.999922097 12.047760963
0.999902129 -0.004306592 -0.013307559 -0.145637840 0.004351532 0.999984920 0.003349904 -0.137448043 0.013292934 -0.003407484 0.999905884 13.537812233
0.999891102 -0.003869525 -0.014253287 -0.173285663 0.003918813 0.999986351 0.003431710 -0.153779671 0.014239816 -0.003487190 0.999892533 15.016837120
0.999885976 -0.002092453 -0.014958932 -0.204677597 0.002155422 0.999988854 0.004194617 -0.170544490 0.014949988 -0.004226380 0.999879301 16.499126434
0.999878824 -0.000702411 -0.015548021 -0.231714189 0.000773892 0.999989271 0.004591896 -0.182490513 0.015544625 -0.004603372 0.999868572 17.988008499
0.999865532 0.000216105 -0.016396306 -0.263292462 -0.000127979 0.999985576 0.005375621 -0.194386154 0.016397232 -0.005372799 0.999851108 19.456420898
0.999860227 -0.000470411 -0.016713642 -0.287128508 0.000564342 0.999984086 0.005615755 -0.213445172 0.016710738 -0.005624403 0.999844551 20.913558960
0.999848247 0.000821512 -0.017403536 -0.319280744 -0.000725584 0.999984503 0.005517568 -0.221226424 0.017407801 -0.005504102 0.999833345 22.378267288
0.999842882 0.000563872 -0.017718241 -0.334263742 -0.000455720 0.999981225 0.006107465 -0.233276948 0.017721349 -0.006098428 0.999824345 23.852867126
0.999845147 0.001638398 -0.017516730 -0.370256662 -0.001511382 0.999972463 0.007261947 -0.243147522 0.017528152 -0.007234349 0.999820173 25.297500610
0.999844193 0.002283589 -0.017498933 -0.399379790 -0.002178723 0.999979675 0.006009406 -0.255401134 0.017512301 -0.005970346 0.999828815 26.736097336
0.999844849 0.002409922 -0.017444741 -0.432391405 -0.002342703 0.999989808 0.003872685 -0.263490170 0.017453892 -0.003831217 0.999840319 28.166814804
0.999852240 0.000659212 -0.017172696 -0.464342535 -0.000594691 0.999992788 0.003762030 -0.279485732 0.017175052 -0.003751261 0.999845445 29.581707001
0.999858975 0.000059306 -0.016786847 -0.499916285 0.000047297 0.999979913 0.006349909 -0.294383228 0.016786886 -0.006349808 0.999838948 31.000415802
0.999860108 -0.001733593 -0.016633410 -0.524740040 0.001862881 0.999968052 0.007760467 -0.308574885 0.016619429 -0.007790365 0.999831557 32.415012360
0.999862075 -0.002423458 -0.016427472 -0.556259215 0.002539615 0.999971867 0.007053772 -0.317880988 0.016409917 -0.007094519 0.999840200 33.815048218
0.999870777 -0.002559713 -0.015866484 -0.584086835 0.002642012 0.999983132 0.005168114 -0.330148757 0.015852991 -0.005209366 0.999860704 35.203067780
0.999880314 -0.001064732 -0.015428036 -0.613959551 0.001131950 0.999989927 0.004348825 -0.343407929 0.015423252 -0.004365769 0.999871492 36.556270599
0.999893963 -0.000983916 -0.014525733 -0.640951574 0.001035757 0.999993145 0.003561856 -0.363398492 0.014522127 -0.003576522 0.999888122 37.910869598
0.999913990 -0.000503205 -0.013106254 -0.666654348 0.000567578 0.999987841 0.004908315 -0.382372439 0.013103623 -0.004915331 0.999902070 39.245166779
0.999930739 -0.000074853 -0.011769609 -0.689654887 0.000154422 0.999977231 0.006759753 -0.395871729 0.011768836 -0.006761103 0.999907911 40.578655243
0.999948382 -0.000789124 -0.010131584 -0.708518147 0.000867906 0.999969423 0.007773771 -0.410208136 0.010125141 -0.007782163 0.999918461 41.877143860
0.999969423 -0.000059595 -0.007823148 -0.721467733 0.000126181 0.999963760 0.008511126 -0.424355984 0.007822356 -0.008511852 0.999933183 43.162677765
0.999990106 -0.000411966 -0.004431235 -0.738553762 0.000447338 0.999967992 0.007984348 -0.436860561 0.004427805 -0.007986250 0.999958277 44.432983398
0.999999285 -0.000894615 -0.000829097 -0.751091540 0.000899735 0.999980390 0.006195403 -0.452287197 0.000823539 -0.006196142 0.999980450 45.662994385
0.999995530 -0.001446250 0.002592838 -0.744398594 0.001434591 0.999988794 0.004492875 -0.464974761 -0.002599304 -0.004489134 0.999986589 46.893424988
0.999979019 -0.000803499 0.006419839 -0.739011884 0.000768947 0.999985158 0.005382685 -0.482141078 -0.006424067 -0.005377634 0.999964952 48.105598450
0.999928355 -0.001292513 0.011896193 -0.732418120 0.001231746 0.999986112 0.005114027 -0.494533360 -0.011902635 -0.005099008 0.999916196 49.344081879
0.999831796 0.000767119 0.018324276 -0.714286029 -0.000839326 0.999991834 0.003933161 -0.503349900 -0.018321112 -0.003947881 0.999824345 50.517086029
0.999672890 0.001994930 0.025496790 -0.690652490 -0.002095136 0.999990165 0.003904033 -0.515492260 -0.025488753 -0.003956176 0.999667346 51.715694427
0.999418020 0.003171849 0.033963326 -0.653421402 -0.003337589 0.999982834 0.004824390 -0.525787592 -0.033947442 -0.004934941 0.999411345 52.911205292
0.998989105 0.005625885 0.044600334 -0.612946987 -0.005881796 0.999966919 0.005608690 -0.538926780 -0.044567306 -0.005865351 0.998989165 54.076320648
0.998330653 0.007642737 0.057249010 -0.560250044 -0.007972619 0.999952853 0.005536046 -0.554542840 -0.057204008 -0.005983229 0.998344600 55.204639435
0.997371912 0.009198331 0.071865626 -0.487319469 -0.009638558 0.999936819 0.005781315 -0.565643072 -0.071807921 -0.006458802 0.997397602 56.335697174
0.996030807 0.011951691 0.088205136 -0.401089668 -0.012648447 0.999893010 0.007344553 -0.579642534 -0.088107936 -0.008431057 0.996075213 57.452663422
0.994288206 0.012120860 0.106039263 -0.290781498 -0.013046054 0.999882638 0.008035701 -0.588425398 -0.105929419 -0.009373194 0.994329512 58.562995911
0.992093861 0.011808840 0.124941245 -0.162495613 -0.012824424 0.999890924 0.007327282 -0.600057662 -0.124841087 -0.008871651 0.992137134 59.652175903
0.989361942 0.010986445 0.145059213 -0.005871773 -0.012021541 0.999908149 0.006261022 -0.603453875 -0.144977093 -0.007938252 0.989403248 60.741683960
0.986067414 0.008017389 0.166153446 0.161065102 -0.009165780 0.999939024 0.006145972 -0.617571115 -0.166094065 -0.007583268 0.986080706 61.780536652
0.982284129 0.002826711 0.187376782 0.365461349 -0.004457403 0.999955714 0.008281963 -0.624725223 -0.187345147 -0.008970453 0.982253194 62.815837860
0.977513969 -0.002317882 0.210857600 0.584336281 0.000284698 0.999953151 0.009672299 -0.633494020 -0.210870132 -0.009394778 0.977468908 63.861515045
0.972078562 -0.007359295 0.234540105 0.836709976 0.005342991 0.999943078 0.009231129 -0.643363833 -0.234594688 -0.007720237 0.972062588 64.872673035
0.965577662 -0.013382033 0.259770185 1.105998993 0.011830097 0.999901593 0.007536803 -0.654996753 -0.259845495 -0.004204263 0.965641022 65.863685608
0.958114028 -0.017301939 0.285863757 1.407978058 0.015590067 0.999844313 0.008263315 -0.659015000 -0.285962254 -0.003460563 0.958234608 66.840606689
0.949458301 -0.019430088 0.313291192 1.715452194 0.016890416 0.999798834 0.010818802 -0.670994163 -0.313438356 -0.004980383 0.949595451 67.800949097
0.939726114 -0.023969518 0.341086864 2.058034897 0.020612810 0.999696910 0.013462430 -0.672334254 -0.341306120 -0.005620239 0.939935386 68.744827271
0.928841233 -0.026829364 0.369505167 2.428909302 0.023580281 0.999633253 0.013307500 -0.680191755 -0.369726717 -0.003647516 0.929133356 69.665023804
0.916697502 -0.025841044 0.398745537 2.813827515 0.024050921 0.999665678 0.009492226 -0.682426691 -0.398857504 0.000888700 0.917012513 70.560852051
0.903747916 -0.027468443 0.427182823 3.233587265 0.028298697 0.999589741 0.004406284 -0.693718076 -0.427128673 0.008106549 0.904154539 71.422035217
0.889582396 -0.029467978 0.455823183 3.677295685 0.031988643 0.999485791 0.002185701 -0.702242374 -0.455653250 0.012636805 0.890067697 72.272361755
0.873953700 -0.030193429 0.485070378 4.143402100 0.031494085 0.999488890 0.005470614 -0.711331546 -0.484987766 0.010495782 0.874457955 73.107383728
0.856321931 -0.028913198 0.515632391 4.638370514 0.027147137 0.999571204 0.010965394 -0.716343164 -0.515728474 0.004608038 0.856739700 73.933601379
0.836645186 -0.029260721 0.546963155 5.155158997 0.025273876 0.999570668 0.014814337 -0.724125564 -0.547161818 0.001429534 0.837025583 74.732170105
0.815582097 -0.023124211 0.578179061 5.693088531 0.021247949 0.999724090 0.010011397 -0.727140188 -0.578251123 0.004120003 0.815848470 75.501976013
0.793638229 -0.016240079 0.608173251 6.259162903 0.018294962 0.999828577 0.002824383 -0.730658591 -0.608114898 0.008884966 0.793799400 76.249450684
0.771055162 -0.013735003 0.636620283 6.848297119 0.017250355 0.999850929 0.000678555 -0.733472824 -0.636534750 0.010458721 0.771177232 76.970962524
0.747695982 -0.016192980 0.663843751 7.479618073 0.018227702 0.999826312 0.003858420 -0.738036633 -0.663791120 0.009215421 0.747861385 77.674125671
0.723209798 -0.016862651 0.690422595 8.106006622 0.018671814 0.999813795 0.004860612 -0.761299133 -0.690375924 0.009376202 0.723389924 78.339492798
0.697792947 -0.014540995 0.716151893 8.758052826 0.019040499 0.999817252 0.001748249 -0.765238941 -0.716046393 0.012415975 0.697942138 78.974128723
0.671687424 -0.012535038 0.740728557 9.433029175 0.018994560 0.999819517 -0.000304610 -0.779048443 -0.740591049 0.014274418 0.671804368 79.583938599
0.644750834 -0.009954087 0.764328063 10.126262665 0.017089671 0.999852955 -0.001394631 -0.785874367 -0.764201760 0.013961303 0.644826233 80.169525146
0.616611183 -0.008578204 0.787221253 10.847339630 0.016912833 0.999854147 -0.002352181 -0.803649783 -0.787086189 0.014764521 0.616666198 80.738754272
0.588031113 -0.002436000 0.808834672 11.583354950 0.015651187 0.999842465 -0.008367306 -0.819995582 -0.808686852 0.017579459 0.587976635 81.271224976
0.557989001 0.007081368 0.829818070 12.350677490 0.014277035 0.999733567 -0.018131576 -0.836782932 -0.829725564 0.021964571 0.557739317 81.792144775
0.527522922 0.015462636 0.849400043 13.130390167 0.013258226 0.999562681 -0.026430290 -0.856532395 -0.849437356 0.025204126 0.527087271 82.270538330
0.495267361 0.020401653 0.868501008 13.938186646 0.010338188 0.999514997 -0.029374668 -0.888215125 -0.868679106 0.023527039 0.494816244 82.749870300
0.462575316 0.020067673 0.886352897 14.774572372 0.008541204 0.999596536 -0.027089134 -0.916181982 -0.886538863 0.020101285 0.462217242 83.187950134
0.429578334 0.018837869 0.902833045 15.622661591 0.003849748 0.999735057 -0.022691512 -0.945193946 -0.903021395 0.013223462 0.429392070 83.602737427
0.395232528 0.019777350 0.918368161 16.476495743 -0.000507985 0.999772668 -0.021311805 -0.980241239 -0.918580949 0.007956603 0.395152867 83.976486206
0.359871835 0.023109995 0.932715476 17.360437393 -0.007597844 0.999732554 -0.021838991 -1.004180670 -0.932970762 0.000772612 0.359951288 84.342643738
0.324464738 0.025038673 0.945566356 18.259693146 -0.012660147 0.999674916 -0.022127232 -1.033485174 -0.945813000 -0.004791501 0.324676394 84.649299622
0.288123250 0.024006257 0.957292378 19.161659241 -0.015014362 0.999676049 -0.020550139 -1.064456940 -0.957475603 -0.008452159 0.288390398 84.938537598
0.251598895 0.024045413 0.967532873 20.129501343 -0.016106766 0.999656856 -0.020655336 -1.087501049 -0.967697561 -0.010386963 0.251899809 85.205902100
0.215737522 0.023640741 0.976165235 21.072546005 -0.015615132 0.999662578 -0.020758772 -1.111880541 -0.976326585 -0.010764501 0.216033846 85.413856506
0.180752248 0.022213519 0.983277798 22.035068512 -0.013401170 0.999707758 -0.020121202 -1.140335798 -0.983437359 -0.009540117 0.180997089 85.581161499
0.146121740 0.021138048 0.989040732 23.014379501 -0.004888592 0.999774873 -0.020645211 -1.174054146 -0.989254594 -0.001818301 0.146192178 85.717109680
0.112436980 0.024421128 0.993358672 23.981147766 -0.002958163 0.999701679 -0.024242237 -1.206463099 -0.993654430 -0.000212792 0.112475701 85.821998596
0.079103567 0.029196590 0.996438801 24.953460693 -0.002207920 0.999573648 -0.029113166 -1.242252231 -0.996863961 0.000102899 0.079134285 85.911735535
0.050096333 0.033408798 0.998185396 25.962589264 0.004728639 0.999421179 -0.033687480 -1.272091985 -0.998733222 0.006407679 0.049909368 85.959625244
0.024539912 0.031560771 0.999200523 26.948181152 0.007041821 0.999471247 -0.031742271 -1.306870341 -0.999674022 0.007815144 0.024304697 85.977409363
0.002208173 0.028347472 0.999595702 27.935436249 0.008226073 0.999563694 -0.028364740 -1.344853044 -0.999963820 0.008285382 0.001974020 85.978713989
-0.016600560 0.026116218 0.999521017 28.987754822 0.008376610 0.999627411 -0.025979875 -1.384544611 -0.999827027 0.007941318 -0.016813144 85.965515137
-0.033105507 0.029329985 0.999021411 29.981399536 0.010398744 0.999525368 -0.029000189 -1.420458078 -0.999397695 0.009428503 -0.033394791 85.928909302
-0.047811627 0.033361372 0.998298943 30.975830078 0.012738457 0.999381185 -0.032787450 -1.458862782 -0.998775065 0.011149166 -0.048207015 85.879524231
-0.059616465 0.039063919 0.997456789 31.995101929 0.016869526 0.999130666 -0.038121220 -1.492336154 -0.998078763 0.014553975 -0.060223632 85.811286926
-0.068365857 0.042449843 0.996756852 32.988716125 0.022165501 0.998912275 -0.041021347 -1.538772941 -0.997414112 0.019289158 -0.069232419 85.735557556
-0.074362129 0.047920153 0.996079266 33.988677979 0.025852101 0.998601735 -0.046111520 -1.586298823 -0.996896207 0.022321796 -0.075496987 85.655097961
-0.077849463 0.052304737 0.995592117 34.992156982 0.027934840 0.998345137 -0.050265037 -1.644314647 -0.996573746 0.023898600 -0.079181761 85.572685242
-0.080858447 0.056465391 0.995124936 35.994400024 0.029425994 0.998094082 -0.054242872 -1.701722980 -0.996291101 0.024896547 -0.082365908 85.488685608
-0.083158553 0.059433866 0.994762540 36.993541718 0.029990289 0.997917056 -0.057115268 -1.763362408 -0.996084929 0.025083600 -0.084767774 85.401657104
-0.085599564 0.063010678 0.994335115 38.017856598 0.031328186 0.997674882 -0.060525361 -1.826601148 -0.995836973 0.025969772 -0.087374575 85.306060791
-0.087667383 0.067224510 0.993878901 39.025985718 0.032501128 0.997382164 -0.064594626 -1.889338970 -0.995619416 0.026639346 -0.089622773 85.212379456
-0.089434341 0.068249881 0.993651569 40.036266327 0.035413895 0.997236431 -0.065308645 -1.964706182 -0.995362997 0.029348239 -0.091604196 85.112174988
-0.091755413 0.066711217 0.993544459 41.051452637 0.035603698 0.997335196 -0.063677691 -2.039520741 -0.995144963 0.029531080 -0.093886070 85.020980835
-0.093884774 0.066646285 0.993349791 42.078109741 0.034955285 0.997362375 -0.063611753 -2.110728741 -0.994969249 0.028750658 -0.095966794 84.922874451
-0.096364625 0.068079144 0.993015110 43.105209351 0.034770623 0.997279465 -0.064997278 -2.179188967 -0.994738519 0.028264323 -0.098469630 84.829986572
-0.098313272 0.070222802 0.992674828 44.124107361 0.034271363 0.997154355 -0.067145512 -2.255419970 -0.994565189 0.027419025 -0.100440137 84.715362549
-0.100902483 0.072461598 0.992254019 45.160514832 0.032631610 0.997048438 -0.069493428 -2.332776546 -0.994360983 0.025366783 -0.102969207 84.611953735
-0.103481650 0.075802907 0.991738439 46.180149078 0.030272471 0.996869743 -0.073036358 -2.416060925 -0.994170725 0.022464456 -0.105452448 84.511260986
-0.105817325 0.080056511 0.991157651 47.221153259 0.026578013 0.996625483 -0.077660650 -2.494077921 -0.994030476 0.018125158 -0.107588008 84.409080505
-0.108490996 0.082448684 0.990672469 48.266391754 0.024356807 0.996475995 -0.080264308 -2.577934027 -0.993799031 0.015421662 -0.110116862 84.292892456
-0.111520350 0.080793455 0.990472376 49.315101624 0.022454161 0.996639967 -0.078768365 -2.666961908 -0.993508518 0.013455953 -0.112959780 84.180206299
-0.113857463 0.076908566 0.990515709 50.371383667 0.019829325 0.996976495 -0.075130865 -2.750447512 -0.993299246 0.011087048 -0.115038268 84.052711487
-0.116440393 0.074986495 0.990362883 51.422241211 0.020118212 0.997119248 -0.073132701 -2.837873936 -0.992994010 0.011408735 -0.117613561 83.935935974
-0.118313886 0.075587794 0.990095139 52.462089539 0.019346613 0.997084677 -0.073809519 -2.921885014 -0.992787838 0.010422293 -0.119431347 83.815490723
-0.119660884 0.078633912 0.989695847 53.511657715 0.020256005 0.996844411 -0.076752782 -2.999903202 -0.992608309 0.010862979 -0.120876081 83.693275452
-0.120433010 0.081268355 0.989389360 54.566040039 0.020773675 0.996631563 -0.079334572 -3.088648319 -0.992504060 0.010998758 -0.121715605 83.563858032
-0.120815895 0.081994303 0.989282727 55.623039246 0.019570312 0.996585846 -0.080209590 -3.177412748 -0.992482007 0.009669980 -0.122008070 83.440231323
-0.120698206 0.080641329 0.989408314 56.679920197 0.016413195 0.996720850 -0.079235092 -3.268101215 -0.992553473 0.006675825 -0.121626012 83.310348511
-0.121063642 0.079754330 0.989435613 57.746940613 0.012684538 0.996810079 -0.078796722 -3.363398075 -0.992563725 0.003011116 -0.121689111 83.194183350
-0.121150598 0.080878854 0.989333689 58.806610107 0.008779634 0.996723413 -0.080407843 -3.453701496 -0.992595315 -0.001055471 -0.121463731 83.079223633
-0.121144265 0.081555404 0.989278853 59.902629852 0.004265715 0.996652782 -0.081640892 -3.537774086 -0.992625833 -0.005670346 -0.121086627 82.938674927
-0.121160492 0.080797687 0.989339054 60.975025177 0.001190560 0.996692777 -0.081252448 -3.635533333 -0.992632329 -0.008666718 -0.120855995 82.814079285
-0.121938020 0.075737245 0.989643931 62.073249817 0.001516739 0.997097433 -0.076120801 -3.724430561 -0.992536664 -0.007780989 -0.121698976 82.687500000
-0.122156225 0.067268766 0.990228653 63.159008026 0.004843934 0.997729063 -0.067180745 -3.805317640 -0.992499113 -0.003409945 -0.122204661 82.554542542
-0.121882945 0.061380513 0.990644813 64.256004333 0.010645415 0.998109400 -0.060533296 -3.891309738 -0.992487431 0.003167847 -0.122305952 82.417938232
-0.121274136 0.063941792 0.990557432 65.364280701 0.018876441 0.997891128 -0.062104158 -3.964084148 -0.992439508 0.011166573 -0.122225381 82.270927429
-0.119450927 0.069811627 0.990382671 66.471023560 0.025048207 0.997419178 -0.067286551 -4.040950298 -0.992524087 0.016769871 -0.120891303 82.117828369
-0.118613780 0.075256236 0.990084469 67.560386658 0.028703241 0.996966839 -0.072340682 -4.126530647 -0.992525518 0.019838033 -0.120414108 81.988792419
-0.118203975 0.079759061 0.989780843 68.668846130 0.029542025 0.996610165 -0.076781340 -4.211288452 -0.992549837 0.020164276 -0.120159529 81.857063293
-0.118421048 0.077242412 0.989954531 69.781143188 0.025816154 0.996872306 -0.074693970 -4.292982578 -0.992627859 0.016711487 -0.120044775 81.741836548
-0.117550425 0.072219208 0.990437388 70.908622742 0.026037281 0.997233391 -0.069624491 -4.389821053 -0.992725432 0.017603908 -0.119105592 81.594810486
-0.117662430 0.070311397 0.990561366 72.037513733 0.023752635 0.997404158 -0.067975678 -4.473152161 -0.992769539 0.015530257 -0.119027056 81.474761963
-0.117165498 0.071293250 0.990550041 73.173782349 0.021226786 0.997371852 -0.069273435 -4.550670624 -0.992885470 0.012909734 -0.118370868 81.336723328
-0.117472932 0.075917557 0.990169883 74.279899597 0.023113510 0.997012556 -0.073700018 -4.647864342 -0.992807090 0.014228548 -0.118876718 81.218299866
-0.116290100 0.078767598 0.990086973 75.421745300 0.022430373 0.996804416 -0.076667443 -4.733260155 -0.992962062 0.013292355 -0.117685273 81.076881409
-0.116140440 0.077712007 0.990187943 76.566902161 0.022525903 0.996884108 -0.075595438 -4.820303917 -0.992977321 0.013525194 -0.117529109 80.942573547
-0.114970572 0.070990473 0.990828872 77.719131470 0.024169022 0.997347772 -0.068653077 -4.911189556 -0.993074834 0.016054284 -0.116381414 80.803138733
-0.115881525 0.069608778 0.990820944 78.875907898 0.023422930 0.997455359 -0.067335442 -4.991878986 -0.992986798 0.015404995 -0.117217094 80.667762756
-0.115014173 0.072575167 0.990709186 80.016731262 0.021087015 0.997281015 -0.070608564 -5.078090191 -0.993139982 0.012770114 -0.116231859 80.536682129
-0.115356825 0.075406797 0.990457773 81.160278320 0.020118851 0.997087121 -0.073568314 -5.165565014 -0.993120313 0.011440263 -0.116537914 80.420898438
-0.115572907 0.075403757 0.990432739 82.330429077 0.018587567 0.997104168 -0.073742673 -5.245440006 -0.993125081 0.009887082 -0.116639800 80.290138245
-0.114804640 0.071891442 0.990783274 83.514938354 0.018414808 0.997360528 -0.070234932 -5.335353851 -0.993217409 0.010181790 -0.115825489 80.148315430
-0.114239380 0.070990540 0.990913570 84.695785522 0.018560247 0.997421861 -0.069317043 -5.423204899 -0.993279874 0.010472866 -0.115262471 80.018791199
-0.112907432 0.070862181 0.991075397 85.900253296 0.020046461 0.997413039 -0.069031544 -5.523038864 -0.993403256 0.012073380 -0.114035875 79.872589111
-0.111746751 0.071825318 0.991137624 87.096443176 0.021885162 0.997320473 -0.069805920 -5.600090027 -0.993495703 0.013890620 -0.113019243 79.734962463
-0.111227058 0.070966817 0.991257906 88.291816711 0.021441350 0.997386336 -0.068999656 -5.693919182 -0.993563652 0.013579280 -0.112457976 79.616546631
-0.109147854 0.071180150 0.991473675 89.491584778 0.023036558 0.997346044 -0.069065727 -5.785991669 -0.993758559 0.015301766 -0.110497929 79.459846497
-0.107916772 0.069891036 0.991700172 90.693664551 0.022947680 0.997435093 -0.067798048 -5.866953373 -0.993895054 0.015440678 -0.109243818 79.330398560
-0.106851049 0.068534262 0.991910219 91.911483765 0.021589682 0.997546256 -0.066597976 -5.959649086 -0.994040668 0.014298962 -0.108068518 79.199996948
-0.105223075 0.067901276 0.992127717 93.123168945 0.022795644 0.997568667 -0.065855987 -6.045785904 -0.994187415 0.015686616 -0.106515110 79.072479248
-0.103529610 0.068069823 0.992294371 94.351234436 0.020932028 0.997583628 -0.066248737 -6.141510010 -0.994406164 0.013912029 -0.104704261 78.944465637
-0.102748029 0.071191259 0.992156565 95.568267822 0.020781623 0.997371435 -0.069413289 -6.223702908 -0.994490325 0.013486545 -0.103957430 78.825668335
-0.102070212 0.069915019 0.992317259 96.787887573 0.017886538 0.997494817 -0.068439983 -6.309337616 -0.994616389 0.010763439 -0.103065059 78.713912964
-0.100991160 0.068559550 0.992522240 98.034637451 0.015104828 0.997613370 -0.067374296 -6.407978058 -0.994772792 0.008187668 -0.101785712 78.584640503
-0.101227365 0.069731042 0.992416561 99.273452759 0.012162689 0.997552812 -0.068851329 -6.493634701 -0.994789004 0.005100814 -0.101827741 78.468025208
-0.101025514 0.069145143 0.992478251 100.498435974 0.009368449 0.997603774 -0.068548612 -6.584054947 -0.994839728 0.002372824 -0.101431258 78.340461731
-0.102226213 0.066381849 0.992543817 101.743934631 0.006475993 0.997794211 -0.066066012 -6.676522732 -0.994740069 -0.000325970 -0.102430619 78.219375610
-0.103304461 0.065145150 0.992514133 103.004837036 0.004555762 0.997873366 -0.065022737 -6.765935898 -0.994639397 -0.002195481 -0.103381567 78.094085693
-0.105275422 0.064706556 0.992335737 104.266235352 0.002374463 0.997894228 -0.064817108 -6.851673126 -0.994440258 -0.004467385 -0.105207399 77.977119446
-0.106392786 0.064323999 0.992241442 105.518363953 0.002434604 0.997919202 -0.064431019 -6.949117661 -0.994321227 -0.004439282 -0.106328011 77.841049194
-0.108955540 0.062946409 0.992051780 106.775695801 0.002024696 0.998004973 -0.063101798 -7.036584854 -0.994044542 -0.004866688 -0.108865641 77.711105347
-0.112132572 0.058202252 0.991987228 108.039665222 -0.001096853 0.998275399 -0.058695164 -7.122370720 -0.993692636 -0.007669705 -0.111875348 77.580390930
-0.116684929 0.058083359 0.991469026 109.295486450 -0.001982215 0.998272896 -0.058715228 -7.205298901 -0.993166983 -0.008816487 -0.116368264 77.442787170
-0.121830009 0.064325638 0.990464389 110.535125732 -0.006050513 0.997831166 -0.065548301 -7.286972046 -0.992532492 -0.013978571 -0.121176571 77.293876648
-0.129408479 0.067394428 0.989298403 111.757209778 -0.005356410 0.997625530 -0.068662375 -7.374721527 -0.991576970 -0.014184581 -0.128740221 77.150024414
-0.137786582 0.063533328 0.988422096 113.008552551 -0.003227248 0.997906446 -0.064592831 -7.466473103 -0.990456760 -0.012089911 -0.137293085 76.966979980
-0.148571342 0.061532129 0.986985505 114.235702515 -0.000998711 0.998052359 -0.062372413 -7.556076050 -0.988901258 -0.010252465 -0.148220524 76.786567688
-0.161582306 0.062146626 0.984900475 115.456886292 -0.000979342 0.998004556 -0.063134156 -7.647727013 -0.986858785 -0.011165916 -0.161199078 76.594322205
-0.175461739 0.062324341 0.982511520 116.672576904 0.001291956 0.998007894 -0.063076608 -7.735990524 -0.984485447 -0.009798170 -0.175192729 76.378936768
-0.190005824 0.060177390 0.979936957 117.883895874 0.001593014 0.998137355 -0.060986184 -7.824534416 -0.981781662 -0.010026677 -0.189747736 76.151962280
-0.205122769 0.062776417 0.976720929 119.084983826 0.005780609 0.998001039 -0.062930167 -7.912408829 -0.978719175 -0.007262366 -0.205075681 75.898086548
-0.220612079 0.066049457 0.973122716 120.259643555 0.005751019 0.997775197 -0.066418946 -8.001904488 -0.975344658 -0.009056375 -0.220501140 75.642250061
-0.235975474 0.070048377 0.969231009 121.427612305 0.005361225 0.997477114 -0.070784502 -8.089374542 -0.971744239 -0.011507144 -0.235755712 75.366378784
-0.251673430 0.067945480 0.965424120 122.600479126 0.002219667 0.997570455 -0.069629267 -8.186713219 -0.967809618 -0.015380918 -0.251212806 75.070526123
-0.267865479 0.062339902 0.961437345 123.762191772 -0.003367428 0.997837842 -0.065638319 -8.276689529 -0.963450432 -0.020819815 -0.267076403 74.767639160
-0.283723116 0.058090962 0.957145035 124.948554993 -0.007460235 0.997999430 -0.062781900 -8.366640091 -0.958877265 -0.024953205 -0.282722205 74.438056946
-0.299259871 0.059515338 0.952313721 126.096237183 -0.009401863 0.997820497 -0.065313794 -8.452931404 -0.954125404 -0.028499324 -0.298048139 74.097129822
-0.312928677 0.061747137 0.947767258 127.252517700 -0.009057764 0.997645020 -0.067987330 -8.539054871 -0.949733496 -0.029859835 -0.311632395 73.716903687
-0.326974213 0.064021789 0.942862034 128.386566162 -0.007660736 0.997490227 -0.070387788 -8.630152702 -0.945002317 -0.030238010 -0.325663120 73.336349487
-0.341171354 0.063528657 0.937851846 129.518005371 -0.005434287 0.997563601 -0.069550313 -8.730898857 -0.939985335 -0.028825140 -0.339994997 72.931205750
-0.355302960 0.061454378 0.932728827 130.640655518 -0.005835944 0.997671187 -0.067956284 -8.824653625 -0.934733033 -0.029588426 -0.354116917 72.518066406
-0.369585544 0.060372520 0.927233338 131.765594482 -0.005714739 0.997720480 -0.067239806 -8.918359756 -0.929179192 -0.030149760 -0.368398070 72.071228027
-0.384354115 0.061756767 0.921117842 132.863510132 -0.007115435 0.997532189 -0.069849059 -9.010984421 -0.923158348 -0.033400930 -0.382966220 71.625289917
-0.399730504 0.064004906 0.914395273 133.945785522 -0.006160909 0.997349083 -0.072504684 -9.102264404 -0.916612029 -0.034615844 -0.398276597 71.169776917
-0.413858891 0.065656409 0.907970190 135.049224854 -0.004697592 0.997228384 -0.074251965 -9.201726913 -0.910328865 -0.034995116 -0.412403464 70.669532776
-0.428041756 0.068392664 0.901167333 136.130249023 -0.001545457 0.997075558 -0.076405555 -9.299324989 -0.903757632 -0.034097474 -0.426684320 70.154815674
-0.443489581 0.071240947 0.893443763 137.214477539 -0.002300163 0.996742308 -0.080619469 -9.403020859 -0.896276593 -0.037808966 -0.441880971 69.642967224
-0.458341628 0.073656261 0.885718822 138.280563354 -0.001222518 0.996506870 -0.083502002 -9.501432419 -0.888775289 -0.039355252 -0.456650525 69.095214844
-0.473931640 0.070778646 0.877712488 139.359924316 -0.002731321 0.996641278 -0.081843860 -9.608526230 -0.880557477 -0.041185714 -0.472146571 68.537536621
-0.490289807 0.066232644 0.869039178 140.432937622 -0.005716816 0.996842384 -0.079198271 -9.713190079 -0.871540785 -0.043798242 -0.488363057 67.955520630
-0.506268680 0.066284522 0.859824538 141.506408691 -0.006092535 0.996741831 -0.080426887 -9.819124222 -0.862354338 -0.045956124 -0.504215479 67.345230103
-0.522174358 0.065481968 0.850321054 142.556961060 -0.007107567 0.996679187 -0.081117474 -9.920749664 -0.852809131 -0.048401177 -0.519975007 66.715576172
-0.538058460 0.064676538 0.840422571 143.605087280 -0.007652010 0.996635973 -0.081597283 -10.019235611 -0.842872858 -0.050335031 -0.535753548 66.056396484
-0.553664386 0.064045809 0.830273271 144.635253906 -0.008881683 0.996527076 -0.082793050 -10.128412247 -0.832692623 -0.053213786 -0.551172793 65.384658813
-0.569076717 0.063526876 0.819826782 145.675506592 -0.009107095 0.996463180 -0.083535731 -10.236845970 -0.822233915 -0.055004485 -0.566485524 64.680557251
-0.584591925 0.060988843 0.809031904 146.692840576 -0.009310190 0.996600688 -0.081856079 -10.341868401 -0.811273992 -0.055384643 -0.582036912 63.970951080
-0.599339187 0.057215437 0.798447728 147.713836670 -0.009848993 0.996839821 -0.078824826 -10.448143005 -0.800434649 -0.055106737 -0.596881688 63.208042145
-0.614181876 0.055641659 0.787200570 148.709365845 -0.008739905 0.996970594 -0.077287786 -10.555091858 -0.789116144 -0.054348812 -0.611834943 62.443706512
-0.628866553 0.054162819 0.775624394 149.687225342 -0.009508723 0.996960342 -0.077328533 -10.656740189 -0.777455091 -0.056004543 -0.626439989 61.664039612
-0.643707097 0.055136900 0.763283014 150.652526855 -0.010657228 0.996658623 -0.080982782 -10.764780998 -0.765197694 -0.060263690 -0.640968561 60.867507935
-0.658983469 0.054408129 0.750186980 151.605941772 -0.012888947 0.996416986 -0.083588220 -10.871387482 -0.752047002 -0.064752378 -0.655921161 60.052906036
-0.674981654 0.051124323 0.736061215 152.558441162 -0.014686016 0.996468008 -0.082678653 -10.983464241 -0.737688363 -0.066616379 -0.671846807 59.214668274
-0.691217363 0.043558266 0.721333027 153.487792969 -0.018234178 0.996812582 -0.077666230 -11.093955994 -0.722416878 -0.066837154 -0.688220024 58.352367401
-0.708103955 0.041049622 0.704914153 154.413970947 -0.019244298 0.996815860 -0.077379480 -11.198528290 -0.705846012 -0.068358287 -0.705059290 57.455791473
-0.725585222 0.038367003 0.687061906 155.316864014 -0.020802073 0.996765137 -0.077629931 -11.308004379 -0.687817812 -0.070619442 -0.722440004 56.536148071
-0.742848158 0.034572661 0.668566763 156.195266724 -0.023943575 0.996654630 -0.078142442 -11.414435387 -0.669031680 -0.074055828 -0.739535153 55.591865540
-0.759566128 0.032895356 0.649597645 157.040222168 -0.023183055 0.996716499 -0.077580929 -11.524444580 -0.650016904 -0.073987506 -0.756309509 54.629821777
-0.775526643 0.034848768 0.630352199 157.864105225 -0.021172473 0.996477902 -0.081138521 -11.630142212 -0.630959868 -0.076271191 -0.772057414 53.635654449
-0.790544331 0.035227705 0.611390889 158.662658691 -0.016670246 0.996736288 -0.078985967 -11.743715286 -0.612178087 -0.072633937 -0.787376881 52.615009308
-0.805389524 0.035569936 0.591677666 159.455871582 -0.013731576 0.996810377 -0.078616686 -11.860679626 -0.592586756 -0.071441725 -0.802332222 51.592815399
-0.819766939 0.036762964 0.571516097 160.202331543 -0.011923618 0.996625602 -0.081211202 -11.972984314 -0.572573006 -0.073388800 -0.816562474 50.546524048
-0.833605349 0.037810434 0.551064849 160.931365967 -0.011490545 0.996251464 -0.085738145 -12.089330673 -0.552240849 -0.077803813 -0.830046117 49.481521606
-0.846508145 0.038288184 0.530997157 161.630050659 -0.008546093 0.996304691 -0.085463785 -12.208900452 -0.532307208 -0.076883741 -0.843052745 48.388168335
-0.858196437 0.036359780 0.512031853 162.304046631 -0.007405099 0.996507466 -0.083174169 -12.327506065 -0.513267875 -0.075171433 -0.854929984 47.277652740
-0.868726254 0.038046636 0.493829012 162.950531006 -0.004573700 0.996386409 -0.084811635 -12.443694115 -0.495271415 -0.075936727 -0.865413129 46.161964417
-0.878204107 0.040907081 0.476533502 163.565765381 -0.001734467 0.996056736 -0.088700980 -12.558045387 -0.478282958 -0.078724086 -0.874670327 45.046611786
-0.887205005 0.038423888 0.459772617 164.169509888 -0.003640314 0.995912194 -0.090254441 -12.679653168 -0.461361110 -0.081747904 -0.883438349 43.911216736
-0.895536900 0.035725959 0.443550617 164.759307861 -0.004530206 0.995988369 -0.089368843 -12.806892395 -0.444964021 -0.082042500 -0.891782522 42.767467499
-0.902705789 0.033686761 0.428937554 165.324020386 -0.005413549 0.995962083 -0.089611150 -12.932968140 -0.430224180 -0.083214559 -0.898878455 41.607353210
-0.909295619 0.031768002 0.414936602 165.869888306 -0.005861854 0.996005297 -0.089100957 -13.058749199 -0.416109562 -0.083451398 -0.905476987 40.434860229
-0.915589511 0.029258009 0.401048452 166.398269653 -0.006888580 0.996061921 -0.088393055 -13.181633949 -0.402055293 -0.083694398 -0.911782265 39.264884949
-0.921139121 0.024441661 0.388465405 166.905624390 -0.009313733 0.996356726 -0.084774263 -13.299522400 -0.389122069 -0.081706941 -0.917555511 38.074737549
-0.926332176 0.021022361 0.376120627 167.423309326 -0.010596259 0.996592462 -0.081799231 -13.418010712 -0.376558602 -0.079758741 -0.922952950 36.872200012
-0.930799425 0.021384761 0.364904165 167.906753540 -0.007884130 0.996880412 -0.078531817 -13.530629158 -0.365445197 -0.075974338 -0.927727222 35.668468475
-0.934005201 0.025250336 0.356366098 168.356750488 -0.003509595 0.996802568 -0.079826824 -13.648981094 -0.357242316 -0.075809374 -0.930930138 34.502300262
-0.936195135 0.030688668 0.350138277 168.827651978 0.002063149 0.996643603 -0.081836678 -13.755692482 -0.351474553 -0.075892717 -0.933116257 33.268836975
-0.938078403 0.033869058 0.344763219 169.267959595 0.005072763 0.996445477 -0.084086768 -13.871511459 -0.346385747 -0.077131085 -0.934915960 32.073684692
-0.940080166 0.030558743 0.339581609 169.725814819 0.002634636 0.996596694 -0.082389556 -13.995020866 -0.340943694 -0.076558106 -0.936961174 30.869091034
-0.941828966 0.023917427 0.335240334 170.178833008 -0.002699019 0.996894240 -0.078705207 -14.112525940 -0.336081684 -0.075031668 -0.938839376 29.615154266
-0.943618536 0.017757127 0.330558091 170.620178223 -0.008222073 0.996995091 -0.077028096 -14.220318794 -0.330932707 -0.075403035 -0.940636992 28.400606155
-0.945223212 0.011380593 0.326226234 171.050415039 -0.015007960 0.996819973 -0.078259423 -14.333297729 -0.326079518 -0.078868635 -0.942046642 27.198528290
-0.946712494 0.008618880 0.321964115 171.497726440 -0.018701503 0.996484280 -0.081665993 -14.434812546 -0.321536124 -0.083335444 -0.943223059 25.971735001
-0.947408080 0.008640634 0.319910765 171.914581299 -0.019133337 0.996317983 -0.083572991 -14.551610947 -0.319454998 -0.085298710 -0.943754613 24.759971619
-0.947442710 0.009476321 0.319785118 172.327041626 -0.018994376 0.996131778 -0.085794337 -14.668146133 -0.319361091 -0.087359346 -0.943597794 23.529144287
-0.947485149 0.011974763 0.319575489 172.743896484 -0.017030826 0.995991290 -0.087814048 -14.784615517 -0.319345981 -0.088645138 -0.943483055 22.326438904
-0.946894705 0.013412260 0.321263850 173.155044556 -0.016195875 0.995872021 -0.089311898 -14.907109261 -0.321135521 -0.089772113 -0.942768633 21.102825165
-0.946620524 0.014581632 0.322020084 173.574630737 -0.015718082 0.995700061 -0.091292433 -15.030979156 -0.321966618 -0.091480829 -0.942320943 19.899662018
-0.945769131 0.015748024 0.324457437 173.992675781 -0.014475503 0.995788813 -0.090527110 -15.158850670 -0.324516654 -0.090314448 -0.941558421 18.684143066
-0.945012748 0.015338991 0.326673567 174.418685913 -0.015154528 0.995772421 -0.090596147 -15.286056519 -0.326682180 -0.090565108 -0.940785229 17.474292755
-0.943698883 0.014140662 0.330503404 174.847396851 -0.016770056 0.995756507 -0.090487838 -15.415120125 -0.330380380 -0.090935841 -0.939457059 16.279624939
-0.942268670 0.012613656 0.334620267 175.286407471 -0.017872883 0.995971441 -0.087872438 -15.541271210 -0.334380656 -0.088780075 -0.938247204 15.094924927
-0.940229774 0.010887766 0.340366662 175.728729248 -0.019125817 0.996222913 -0.084700741 -15.666578293 -0.340003312 -0.086147942 -0.936470211 13.901210785
-0.937635958 0.007904061 0.347528934 176.169052124 -0.021981182 0.996392608 -0.081966981 -15.781194687 -0.346923113 -0.084494285 -0.934079826 12.718502045
-0.935077310 0.009969660 0.354303807 176.622940063 -0.020530352 0.996402562 -0.082221128 -15.890600204 -0.353849024 -0.084157079 -0.931508720 11.546714783
-0.931751072 0.010224997 0.362953514 177.078247070 -0.020905102 0.996434689 -0.081737436 -16.011489868 -0.362495244 -0.083746538 -0.928215325 10.371246338
-0.928081810 0.012969190 0.372150272 177.546752930 -0.019800318 0.996260703 -0.084097765 -16.124811172 -0.371849418 -0.085418321 -0.924354672 9.218990326
-0.923820913 0.014287062 0.382558018 178.033309937 -0.018989900 0.996362865 -0.083068073 -16.240314484 -0.382353425 -0.084004775 -0.920189679 8.046974182
-0.918869674 0.016679913 0.394208431 178.534515381 -0.017909249 0.996313155 -0.083901510 -16.359951019 -0.394154578 -0.084154524 -0.915183187 6.884849548
-0.913552642 0.018187508 0.406313628 179.056915283 -0.017995371 0.996213794 -0.085053429 -16.475650787 -0.406322181 -0.085012540 -0.909766614 5.760471344
-0.907442987 0.020261316 0.419686496 179.590774536 -0.016625183 0.996323109 -0.084046587 -16.598844528 -0.419846326 -0.083244838 -0.903769612 4.612068176
-0.900923669 0.019892093 0.433521748 180.145477295 -0.017612521 0.996449888 -0.082323447 -16.702562332 -0.433620423 -0.081802532 -0.897374928 3.437263489
-0.894540548 0.022468539 0.446421713 180.716674805 -0.016131857 0.996462345 -0.082477309 -16.820285797 -0.446695566 -0.080980919 -0.891013503 2.305053711
-0.887508750 0.024881903 0.460118651 181.280273438 -0.014415597 0.996553004 -0.081696555 -16.927726746 -0.460565388 -0.079139285 -0.884090781 1.192481995
-0.880196035 0.026105607 0.473891705 181.877288818 -0.013250733 0.996745169 -0.079520032 -17.034912109 -0.474425226 -0.076272607 -0.876985192 0.081687927
-0.872754276 0.027634297 0.487376988 182.488967896 -0.011403300 0.996969759 -0.076948307 -17.142337799 -0.488026619 -0.072714671 -0.869794548 -1.004501343
-0.864222705 0.031168826 0.502143145 183.094512939 -0.007276231 0.997200370 -0.074420698 -17.252954483 -0.503056943 -0.067969762 -0.861576378 -2.066513062
-0.855953753 0.034007158 0.515932918 183.731964111 -0.004743497 0.997276187 -0.073604040 -17.350673676 -0.517030716 -0.065448985 -0.853461027 -3.085662842
-0.844777346 0.037273757 0.533818364 184.367858887 -0.001230311 0.997433126 -0.071592569 -17.456485748 -0.535116673 -0.061136533 -0.842562914 -4.143142700
-0.834267557 0.039906863 0.549913645 185.028503418 0.001299978 0.997516811 -0.070416912 -17.556621552 -0.551358342 -0.058031678 -0.832247734 -5.140106201
-0.822753012 0.041183501 0.566905260 185.705337524 0.002391072 0.997613609 -0.069002658 -17.666675568 -0.568394065 -0.055416629 -0.820887983 -6.148490906
-0.811577559 0.042835046 0.582672298 186.419769287 0.003004665 0.997601569 -0.069153428 -17.760364532 -0.584236920 -0.054372650 -0.809759736 -7.119697571
-0.798542798 0.045663483 0.600203633 187.141372681 0.005633056 0.997641623 -0.068406083 -17.857635498 -0.601911664 -0.051244196 -0.796916723 -8.097244263
-0.784990430 0.046651408 0.617748797 187.893600464 0.006986220 0.997763753 -0.066471979 -17.944038391 -0.619468391 -0.047864135 -0.783561110 -9.052398682
-0.770018578 0.048907861 0.636143982 188.666320801 0.009930902 0.997855604 -0.064696051 -18.036540985 -0.637944162 -0.043499682 -0.768853188 -9.980606079
