1.000000000 0.000000000 0.000000000 0.000000000 0.000000000 1.000000000 0.000000000 0.000000000 0.000000000 0.000000000 1.000000000 0.000000000
0.999998629 0.000813621 0.001457946 -0.006296539 -0.000806950 0.999989212 -0.004570255 -0.002178217 -0.001461649 0.004569072 0.999988496 0.964022517
0.999996662 -0.001457126 0.002146049 -0.002629806 0.001468599 0.999984562 -0.005354282 -0.000893750 -0.002138214 0.005357416 0.999983370 1.918536901
0.999993324 -0.002596998 0.002552422 -0.008241821 0.002600148 0.999995887 -0.001231551 -0.004822526 -0.002549213 0.001238180 0.999996006 2.852591038
0.999985278 -0.005066742 0.001947943 -0.005932432 0.005056992 0.999974847 0.004978181 -0.008541607 -0.001973117 -0.004968258 0.999985635 3.800422907
0.999963045 -0.008593220 0.000250508 -0.000909245 0.008591863 0.999950767 0.004989614 -0.005549941 -0.000293373 -0.004987278 0.999987543 4.740617275
0.999937236 -0.011200103 -0.000304396 -0.004338116 0.011200707 0.999935150 0.002070147 -0.001879939 0.000281191 -0.002073427 0.999997795 5.667695045
0.999927223 -0.011987519 -0.001368072 -0.006998622 0.011985510 0.999927044 -0.001466089 0.003855157 0.001385547 0.001449585 0.999997973 6.595882416
0.999931991 -0.011531997 -0.001717324 -0.014988948 0.011529039 0.999932051 -0.001722205 -0.004073284 0.001737068 0.001702289 0.999997020 7.519879818
0.999930143 -0.011488657 -0.002772305 -0.024905462 0.011489161 0.999934077 0.000166969 -0.002716100 0.002770204 -0.000198809 0.999996185 8.432538986
0.999933958 -0.011030294 -0.003233832 -0.034925669 0.011039137 0.999935269 0.002729396 0.001632773 0.003203517 -0.002764914 0.999991059 9.373286247
0.999925733 -0.011388541 -0.004333003 -0.042124998 0.011407402 0.999925435 0.004353188 0.003675950 0.004283103 -0.004402292 0.999981105 10.296289444
0.999909878 -0.012461901 -0.004979418 -0.044815529 0.012487832 0.999908447 0.005211243 0.005937282 0.004914019 -0.005272957 0.999973953 11.207641602
0.999900639 -0.012749356 -0.006005765 -0.051032711 0.012781105 0.999904394 0.005277932 0.007841259 0.005937901 -0.005354167 0.999967992 12.121467590
0.999893129 -0.013096038 -0.006495236 -0.063740343 0.013121853 0.999906063 0.003947446 0.009772234 0.006442931 -0.004032254 0.999971151 13.019464493
0.999885678 -0.013180574 -0.007412462 -0.079464421 0.013193480 0.999911487 0.001695294 0.018080784 0.007389461 -0.001792896 0.999971092 13.924552917
0.999854147 -0.014484419 -0.009057063 -0.088795334 0.014485399 0.999894977 0.000042533 0.026605491 0.009055495 -0.000173722 0.999958992 14.829801559
0.999842882 -0.014208334 -0.010601970 -0.108097583 0.014203659 0.999899030 -0.000515959 0.025308071 0.010608230 0.000365291 0.999943674 15.738418579
0.999838233 -0.013127871 -0.012289188 -0.119820587 0.013110366 0.999912977 -0.001503728 0.026417011 0.012307858 0.001342369 0.999923348 16.639055252
0.999835193 -0.011816042 -0.013784628 -0.138078094 0.011798946 0.999929428 -0.001321043 0.025318839 0.013799266 0.001158181 0.999904096 17.522199631
0.999808192 -0.012326065 -0.015218593 -0.157409623 0.012319547 0.999923944 -0.000522030 0.025470182 0.015223870 0.000334444 0.999884009 18.413805008
0.999785244 -0.012038402 -0.016869446 -0.174837887 0.012058859 0.999926627 0.001111351 0.022210965 0.016854828 -0.001314538 0.999857068 19.305421829
0.999761522 -0.011812629 -0.018368134 -0.194425285 0.011854220 0.999927342 0.002157045 0.017997643 0.018341320 -0.002374270 0.999828994 20.181745529
0.999733627 -0.012558110 -0.019364832 -0.218432352 0.012585972 0.999919891 0.001317671 0.025745386 0.019346736 -0.001561045 0.999811530 21.066493988
0.999695420 -0.012351641 -0.021369675 -0.237985447 0.012361195 0.999923587 0.000315064 0.032337502 0.021364151 -0.000579123 0.999771595 21.938533783
0.999669015 -0.012720725 -0.022360725 -0.262592554 0.012741722 0.999918520 0.000796775 0.032603029 0.022348767 -0.001081425 0.999749601 22.798374176
0.999653995 -0.012351854 -0.023223571 -0.287234277 0.012424811 0.999918282 0.002999824 0.031909861 0.023184620 -0.003287335 0.999725759 23.659145355
0.999622464 -0.013339185 -0.024020826 -0.307832986 0.013475534 0.999893904 0.005523280 0.036538541 0.023944605 -0.005844888 0.999696136 24.503845215
0.999601185 -0.013594290 -0.024752224 -0.334099174 0.013781496 0.999877512 0.007408397 0.036525562 0.024648482 -0.007746566 0.999666154 25.347181320
0.999597430 -0.012737378 -0.025350526 -0.356716245 0.012898919 0.999897480 0.006219126 0.036080375 0.025268706 -0.006543617 0.999659300 26.184329987
0.999603450 -0.011145335 -0.025859846 -0.387532741 0.011235983 0.999931216 0.003362746 0.042371739 0.025820589 -0.003651974 0.999659896 26.989051819
0.999585450 -0.010678126 -0.026736965 -0.411099553 0.010727712 0.999940932 0.001711822 0.044043284 0.026717110 -0.001997939 0.999641061 27.799510956
0.999567270 -0.009489170 -0.027843306 -0.432978421 0.009527786 0.999953806 0.001254521 0.048810724 0.027830118 -0.001519263 0.999611497 28.585195541
0.999524534 -0.009447942 -0.029350733 -0.455849737 0.009476609 0.999954700 0.000837733 0.048073307 0.029341487 -0.001115479 0.999568820 29.373506546
0.999468863 -0.009240036 -0.031249413 -0.487278908 0.009248747 0.999957263 0.000134208 0.046297956 0.031246832 -0.000423154 0.999511659 30.149654388
0.999414206 -0.008985206 -0.033022925 -0.515395880 0.008990943 0.999959528 0.000025260 0.045837685 0.033021357 -0.000322153 0.999454618 30.920507431
0.999338031 -0.009272628 -0.035179559 -0.543151617 0.009320906 0.999955773 0.001208531 0.048029922 0.035166804 -0.001535637 0.999380291 31.673795700
0.999259114 -0.009525876 -0.037288349 -0.570831895 0.009662147 0.999947250 0.003475986 0.047042418 0.037253272 -0.003833696 0.999298453 32.425575256
0.999184191 -0.008718725 -0.039432149 -0.601832569 0.008917786 0.999948263 0.004875112 0.050325915 0.039387606 -0.005222782 0.999210358 33.166652679
0.999140382 -0.006933726 -0.040868647 -0.645281255 0.007154055 0.999960601 0.005247349 0.049549568 0.040830649 -0.005535215 0.999150753 33.887592316
0.999071598 -0.004587050 -0.042835943 -0.682758570 0.004780101 0.999978900 0.004405421 0.050652340 0.042814832 -0.004606090 0.999072433 34.623680115
0.998996317 -0.003179175 -0.044679128 -0.714280307 0.003344413 0.999987841 0.003624044 0.056046110 0.044667065 -0.003769831 0.998994887 35.335300446
0.998915434 -0.002749817 -0.046479642 -0.744657993 0.002972614 0.999984443 0.004724997 0.061321858 0.046465926 -0.004858038 0.998908103 36.046005249
0.998876095 -0.001347979 -0.047378819 -0.791689992 0.001660875 0.999977052 0.006565389 0.062370893 0.047368880 -0.006636701 0.998855412 36.732093811
0.998852074 0.001119394 -0.047887627 -0.824708223 -0.000783445 0.999974906 0.007033547 0.065875232 0.047894299 -0.006987957 0.998827934 37.411846161
0.998902738 0.004508798 -0.046617456 -0.863122761 -0.004280601 0.999978304 0.004993752 0.066094242 0.046638962 -0.004788721 0.998900294 38.082496643
0.998974442 0.006091169 -0.044865403 -0.897699058 -0.006003621 0.999979794 0.002085817 0.063493147 0.044877209 -0.001814323 0.998990774 38.736850739
0.999054909 0.006271136 -0.043008879 -0.923870206 -0.006277373 0.999980271 -0.000009963 0.071041524 0.043007970 0.000279936 0.999074638 39.383895874
0.999183953 0.007238651 -0.039734509 -0.957325101 -0.007196894 0.999973357 0.001193827 0.068293102 0.039742097 -0.000906888 0.999209523 40.019496918
0.999260426 0.012499904 -0.036366176 -0.990513980 -0.012371395 0.999916434 0.003756644 0.072484478 0.036410101 -0.003303965 0.999331415 40.661140442
0.999328852 0.016358335 -0.032778889 -1.011688948 -0.016137790 0.999845326 0.006981616 0.075344898 0.032888025 -0.006447952 0.999438226 41.302829742
0.999360383 0.021342689 -0.028691500 -1.033643007 -0.021121399 0.999744952 0.007993813 0.078669943 0.028854791 -0.007382696 0.999556303 41.910869598
0.999412239 0.025129560 -0.023316961 -1.054182172 -0.024940025 0.999653757 0.008384197 0.084688395 0.023519577 -0.007797744 0.999692976 42.496398926
0.999432564 0.028994719 -0.017136270 -1.079750299 -0.028821971 0.999531984 0.010243238 0.090958402 0.017425252 -0.009743525 0.999800682 43.066745758
0.999360561 0.034127682 -0.010669868 -1.090707898 -0.034003295 0.999354005 0.011629594 0.087633930 0.011059868 -0.011259348 0.999875426 43.622097015
0.999308288 0.036988065 -0.003845226 -1.089951992 -0.036943171 0.999255121 0.011154901 0.089598306 0.004254960 -0.011005131 0.999930382 44.162940979
0.999174535 0.040498145 0.003185911 -1.087175250 -0.040531181 0.999116659 0.011097772 0.093675636 -0.002733657 -0.011217739 0.999933302 44.676860809
0.998948574 0.044597130 0.010630791 -1.083783627 -0.044709262 0.998944223 0.010554441 0.099109717 -0.010148868 -0.011018637 0.999887764 45.177391052
0.998626173 0.049066745 0.018389247 -1.085659146 -0.049218006 0.998757124 0.007864891 0.101094671 -0.017980484 -0.008759166 0.999799967 45.642620087
0.998351157 0.051073533 0.026200879 -1.074098706 -0.051212821 0.998676836 0.004672465 0.102267526 -0.025927573 -0.006006581 0.999645770 46.088840485
0.998072088 0.051651493 0.034410838 -1.061603785 -0.051844005 0.998644114 0.004725358 0.099705592 -0.034120109 -0.006500243 0.999396622 46.516101837
0.997809589 0.050849721 0.042311311 -1.038084507 -0.051155075 0.998671651 0.006164980 0.099748082 -0.041941624 -0.008315914 0.999085546 46.915695190
0.997362077 0.052609965 0.050010927 -1.011517286 -0.053012855 0.998570919 0.006763221 0.103936024 -0.049583647 -0.009396601 0.998725772 47.295940399
0.996713877 0.055494815 0.059008867 -0.996238112 -0.056002613 0.998406172 0.006985530 0.102782309 -0.058527160 -0.010267224 0.998232961 47.655929565
0.995872736 0.060539737 0.067619696 -0.971403122 -0.061098449 0.998112321 0.006223502 0.106551096 -0.067115277 -0.010329274 0.997691810 47.981590271
0.994983494 0.064265445 0.076668359 -0.950211942 -0.064952016 0.997867227 0.006492815 0.102172904 -0.076087587 -0.011440006 0.997035503 48.286018372
0.994250000 0.063731261 0.086054318 -0.921404004 -0.064584233 0.997886539 0.007161909 0.099720716 -0.085416004 -0.012678481 0.996264696 48.568454742
0.993369043 0.062464245 0.096521057 -0.879861593 -0.063263260 0.997983098 0.005237228 0.099964984 -0.095999248 -0.011308735 0.995317161 48.848747253
0.992222250 0.060966946 0.108526446 -0.850458026 -0.061425447 0.998111308 0.000883663 0.095521048 -0.108267620 -0.007543077 0.994093120 49.105026245
0.990634203 0.061944760 0.121682674 -0.806861043 -0.061994053 0.998070776 -0.003384406 0.098547801 -0.121657565 -0.004190894 0.992563307 49.371719360
0.988522172 0.063465104 0.137098789 -0.766640902 -0.063295521 0.997979105 -0.005600510 0.097396694 -0.137177169 -0.003141511 0.990541577 49.638710022
0.986038744 0.065154426 0.153239891 -0.715547860 -0.064873427 0.997870088 -0.006838475 0.093210451 -0.153359056 -0.003198196 0.988165379 49.883842468
0.983235717 0.065691777 0.170094267 -0.660295665 -0.065276891 0.997834861 -0.008036484 0.091973402 -0.170253918 -0.003201467 0.985395014 50.140827179
0.979963303 0.064631335 0.188400522 -0.603372872 -0.063986816 0.997905433 -0.009507603 0.094701916 -0.188620403 -0.002738049 0.982046306 50.399303436
0.976098597 0.063813813 0.207748353 -0.535900950 -0.063182898 0.997955084 -0.009677934 0.089722455 -0.207941130 -0.003679526 0.978134453 50.642787933
0.971619010 0.063827641 0.227777898 -0.461631209 -0.063003853 0.997953951 -0.010893574 0.086778000 -0.228007153 -0.003766481 0.973652303 50.881752014
0.966336071 0.066186443 0.248623803 -0.382303327 -0.064936027 0.997801721 -0.013236516 0.084896691 -0.248953298 -0.003353717 0.968509734 51.123100281
0.960082829 0.067406982 0.271472514 -0.298645914 -0.065718845 0.997720599 -0.015315805 0.081104830 -0.271886110 -0.003136417 0.962324381 51.369060516
0.952735722 0.069123074 0.295832157 -0.207012713 -0.067313865 0.997598469 -0.016309064 0.069443986 -0.296249062 -0.004375379 0.955100715 51.602298737
0.944157720 0.071890377 0.321555436 -0.109087557 -0.070095100 0.997392416 -0.017173041 0.062514573 -0.321951538 -0.006325400 0.946735024 51.841159821
0.934324205 0.073789753 0.348702401 0.000031293 -0.071932979 0.997241795 -0.018289223 0.053933688 -0.349090159 -0.007995144 0.937055051 52.077667236
0.923175693 0.074465610 0.377096176 0.121805191 -0.072418220 0.997181177 -0.019626202 0.046338443 -0.377494723 -0.009190199 0.925966203 52.313629150
0.910592616 0.072504215 0.406895846 0.262498170 -0.069647573 0.997332335 -0.021848924 0.037792388 -0.407394558 -0.008443841 0.913213253 52.550334930
0.895611167 0.070191607 0.439264953 0.406308234 -0.066084526 0.997509301 -0.024656495 0.031282175 -0.439901561 -0.006945986 0.898019135 52.779445648
0.878330529 0.069185749 0.473020971 0.562839568 -0.063127294 0.997592866 -0.028693387 0.017995480 -0.473867506 -0.004658258 0.880583882 52.996646881
0.858806908 0.071125567 0.507337987 0.724287510 -0.062534958 0.997464120 -0.033980794 0.012286266 -0.508468390 -0.002543425 0.861076832 53.217746735
0.837078452 0.073062859 0.542182088 0.912621498 -0.062071428 0.997326374 -0.038564268 0.003521691 -0.543550253 -0.001372703 0.839375496 53.444889069
0.812511027 0.075669475 0.578013897 1.107092023 -0.062830947 0.997130930 -0.042216156 -0.006857271 -0.579549968 -0.002016072 0.814934194 53.667648315
0.784890413 0.079916500 0.614459395 1.316598177 -0.066002637 0.996789157 -0.045332637 -0.016942337 -0.616109312 -0.004974792 0.787644923 53.901939392
0.755009830 0.084225751 0.650281668 1.536494374 -0.069741420 0.996405721 -0.048083097 -0.036028933 -0.651994169 -0.009048362 0.758169949 54.123729706
0.721873224 0.085232064 0.686756551 1.790935040 -0.069264635 0.996301889 -0.050842732 -0.053230457 -0.688550413 -0.010865941 0.725107074 54.355571747
0.685331583 0.082488172 0.723544300 2.068136215 -0.065358058 0.996521533 -0.051702853 -0.076393433 -0.725292325 -0.011855849 0.688338935 54.574920654
0.646268666 0.080877796 0.758812010 2.379816294 -0.062341943 0.996639609 -0.053130932 -0.098435208 -0.760559261 -0.012968957 0.649138987 54.794803619
0.603400886 0.080598772 0.793354392 2.708967924 -0.060512353 0.996638477 -0.055227060 -0.116918296 -0.795138717 -0.014683679 0.606249690 55.018798828
0.557285726 0.080469020 0.826412380 3.070914268 -0.056822937 0.996655464 -0.058727700 -0.135074258 -0.828374147 -0.014231057 0.559994459 55.225429535
0.509111643 0.079552419 0.857016146 3.472670317 -0.053754002 0.996714473 -0.060587250 -0.155027896 -0.859020174 -0.015222372 0.511715233 55.429843903
0.460792154 0.077982739 0.884075403 3.883270979 -0.051801711 0.996797204 -0.060925972 -0.173439130 -0.885994911 -0.017722405 0.463355988 55.604469299
0.411200017 0.075331442 0.908427000 4.303455353 -0.050875138 0.996922612 -0.059641283 -0.200488344 -0.910124302 -0.021691859 0.413767099 55.765674591
0.360956699 0.076028854 0.929478228 4.777794361 -0.054571491 0.996685445 -0.060333740 -0.213275746 -0.930984497 -0.028945146 0.363909274 55.933441162
0.310927421 0.076058261 0.947385430 5.227735996 -0.052727997 0.996638119 -0.062707298 -0.241338775 -0.948969901 -0.030456319 0.313892514 56.065216064
0.264216214 0.072664998 0.961722136 5.715294838 -0.041363683 0.997093916 -0.063973650 -0.272938818 -0.963576019 -0.022877492 0.266454071 56.151992798
0.219861448 0.066892132 0.973234951 6.225477695 -0.027868059 0.997669816 -0.062275954 -0.300041795 -0.975133002 -0.013430081 0.221213266 56.230079651
0.177367538 0.065493546 0.981962979 6.747679710 -0.018935166 0.997825563 -0.063131355 -0.336171269 -0.983962476 -0.007396183 0.178221971 56.296497345
0.139291182 0.067095548 0.987975717 7.252130032 -0.016185893 0.997722864 -0.065475509 -0.360178709 -0.990119159 -0.006871109 0.140060008 56.330642700
0.106723413 0.067931324 0.991965473 7.793801785 -0.007402687 0.997689962 -0.067526929 -0.392786175 -0.994261205 -0.000136507 0.106979758 56.359046936
0.078130603 0.066049315 0.994752705 8.354706764 -0.000160940 0.997803867 -0.066239245 -0.430498213 -0.996943176 0.005015217 0.077969618 56.375823975
0.053077247 0.064225249 0.996522963 8.921563148 0.006728143 0.997883976 -0.064671323 -0.465634227 -0.998567700 0.010137322 0.052532807 56.387195587
0.032955758 0.063610233 0.997430444 9.485070229 0.011704021 0.997879565 -0.064025581 -0.486484706 -0.999388278 0.013783961 0.032141384 56.388458252
0.017131567 0.065501489 0.997705340 10.072461128 0.014728350 0.997727036 -0.065755807 -0.512946963 -0.999744773 0.015821053 0.016127896 56.387058258
0.003515008 0.065045945 0.997876048 10.656738281 0.014828644 0.997769117 -0.065091215 -0.551176608 -0.999883831 0.015025944 0.002542622 56.380676270
-0.007833182 0.066146828 0.997779131 11.268866539 0.016135719 0.997688234 -0.066014133 -0.583775938 -0.999839067 0.015582782 -0.008882399 56.366081238
-0.017098982 0.068919659 0.997475684 11.919966698 0.020856166 0.997429013 -0.068558916 -0.622034311 -0.999636233 0.019631235 -0.018492421 56.355041504
-0.023362689 0.070762083 0.997219682 12.539994240 0.024964809 0.997222066 -0.070177384 -0.658966780 -0.999415278 0.023255866 -0.025064351 56.323307037
-0.027871087 0.070085965 0.997151554 13.196057320 0.025367677 0.997267306 -0.069385067 -0.697469413 -0.999289572 0.023361580 -0.029572845 56.307964325
-0.031541217 0.067294851 0.997234523 13.858860970 0.023339134 0.997508287 -0.066575155 -0.730229676 -0.999229848 0.021174729 -0.033033229 56.289699554
-0.034307521 0.060684826 0.997567236 14.554972649 0.021112518 0.997976005 -0.059983619 -0.766629040 -0.999188304 0.019003270 -0.035519287 56.272533417
-0.035391431 0.055330534 0.997840643 15.243104935 0.022632195 0.998254418 -0.054550763 -0.798997104 -0.999117196 0.020652696 -0.036581907 56.244529724
-0.035945989 0.052597743 0.997968614 15.920164108 0.024904989 0.998350918 -0.051720839 -0.833183110 -0.999043286 0.022995245 -0.037196651 56.217784882
-0.035864335 0.054849666 0.997850299 16.629343033 0.028131474 0.998152494 -0.053855177 -0.872399330 -0.998960614 0.026139518 -0.037341073 56.194473267
-0.034776486 0.062482033 0.997439981 17.334770203 0.029153982 0.997682452 -0.061480749 -0.899698853 -0.998969793 0.026941268 -0.036517486 56.165973663
-0.033047121 0.070444897 0.996968091 18.052843094 0.030083589 0.997131109 -0.069459215 -0.939695060 -0.999000847 0.027696950 -0.035071544 56.144012451
-0.031099403 0.071026899 0.996989489 18.772853851 0.030991800 0.997060955 -0.070065245 -0.976367831 -0.999035656 0.028719511 -0.033209249 56.128601074
-0.028817995 0.066531919 0.997368097 19.507991791 0.030285904 0.997382522 -0.065657809 -1.021482229 -0.999125719 0.028314065 -0.030757543 56.109210968
-0.026308902 0.060262680 0.997835815 20.245153427 0.029840201 0.997783959 -0.059472773 -1.062029243 -0.999208272 0.028210958 -0.028048849 56.090347290
-0.023211034 0.058534261 0.998015583 20.982944489 0.028586846 0.997915149 -0.057863522 -1.106790662 -0.999321699 0.027187046 -0.024835957 56.078544617
-0.020167222 0.063937604 0.997750103 21.754013062 0.035348620 0.997374713 -0.063199081 -1.157743692 -0.999171555 0.033994548 -0.022374386 56.054626465
-0.016894829 0.069219798 0.997458339 22.489166260 0.037223071 0.996952772 -0.068554252 -1.200956464 -0.999164164 0.035970248 -0.019419922 56.039161682
-0.014495684 0.070159473 0.997430384 23.231546402 0.030953510 0.997088730 -0.069685593 -1.239093423 -0.999415755 0.029863836 -0.016625164 56.043476105
-0.011314617 0.066694200 0.997709334 23.993148804 0.026588025 0.997440398 -0.066374712 -1.281559944 -0.999582529 0.025776118 -0.013058927 56.049816132
-0.006459270 0.062982500 0.997993708 24.729650497 0.030964619 0.997548699 -0.062753983 -1.331500888 -0.999499619 0.030497154 -0.008393664 56.029968262
-0.002694013 0.063928723 0.997950852 25.471900940 0.035424951 0.997334182 -0.063793592 -1.380044103 -0.999368787 0.035180498 -0.004951503 56.021022797
-0.000196169 0.068371698 0.997659862 26.205091476 0.035111796 0.997045219 -0.068322666 -1.426050186 -0.999383390 0.035016224 -0.002596241 56.028430939
0.003999977 0.069226637 0.997592866 26.964179993 0.031361777 0.997101545 -0.069318272 -1.469156384 -0.999500096 0.031563561 0.001817314 56.032619476
0.007389277 0.068731353 0.997607827 27.729309082 0.030843660 0.997144759 -0.068927892 -1.520685077 -0.999496937 0.031279206 0.005248252 56.044933319
0.011173916 0.065694392 0.997777224 28.470512390 0.034654070 0.997214794 -0.066045426 -1.567920327 -0.999336898 0.035315033 0.008866215 56.048587799
0.014932056 0.066210128 0.997693956 29.211923599 0.039322123 0.996994495 -0.066752225 -1.616937757 -0.999115109 0.040228195 0.012283654 56.054992676
0.018192742 0.067077294 0.997581899 29.960748672 0.042157795 0.996808290 -0.067794107 -1.664167643 -0.998945296 0.043289211 0.015306843 56.071651459
0.021240251 0.066878274 0.997535169 30.733451843 0.042846199 0.996782541 -0.067740135 -1.712265491 -0.998855889 0.044179402 0.018306434 56.076171875
0.025048949 0.065391846 0.997545242 31.485172272 0.044383988 0.996801555 -0.066457607 -1.758054852 -0.998700440 0.045939729 0.022066481 56.094184875
0.028275182 0.064611271 0.997509837 32.232887268 0.046084169 0.996763468 -0.065869227 -1.803524375 -0.998537302 0.047831878 0.025206111 56.119113922
0.031349290 0.064363427 0.997434020 32.986965179 0.044805016 0.996830821 -0.065732732 -1.855722189 -0.998503804 0.046750724 0.028366135 56.140590668
0.034194749 0.066437759 0.997204423 33.768661499 0.041668542 0.996825695 -0.067841358 -1.900881290 -0.998546183 0.043871876 0.031317838 56.177383423
0.037105907 0.066579409 0.997090936 34.525581360 0.043651640 0.996717691 -0.068178944 -1.944658279 -0.998357475 0.046054501 0.034077819 56.202972412
0.040104829 0.066584304 0.996974528 35.300910950 0.041362159 0.996811330 -0.068237267 -1.989789367 -0.998339057 0.043973658 0.037222885 56.236705780
0.042262543 0.066831969 0.996868789 36.044647217 0.039696269 0.996860027 -0.068514317 -2.036744356 -0.998317719 0.042467553 0.039476868 56.277439117
0.045257945 0.066667713 0.996748269 36.810245514 0.036802024 0.996982038 -0.068354353 -2.089790821 -0.998297215 0.039775930 0.042667851 56.313652039
0.047907859 0.069050319 0.996462166 37.572013855 0.035080377 0.996875942 -0.070765577 -2.132814407 -0.998235524 0.038346503 0.045335889 56.361438751
0.051394362 0.072925702 0.996012270 38.335578918 0.034047220 0.996622682 -0.074727230 -2.177547932 -0.998097897 0.037752014 0.048737872 56.403694153
0.054357540 0.073864296 0.995785713 39.099334717 0.034428176 0.996528685 -0.075798742 -2.244050026 -0.997927845 0.038403314 0.051625829 56.455184937
0.057049096 0.076158613 0.995462358 39.859313965 0.028189883 0.996565759 -0.077858567 -2.295795918 -0.997973323 0.032503728 0.054706279 56.514225006
0.060094181 0.075668655 0.995320499 40.663799286 0.024491260 0.996710598 -0.077253051 -2.345940351 -0.997892141 0.029019112 0.058043294 56.568084717
0.063956887 0.076220341 0.995037675 41.440048218 0.026951272 0.996583462 -0.078071043 -2.401469469 -0.997588634 0.031810712 0.061684139 56.620429993
0.067879811 0.077423759 0.994684815 42.210224152 0.025860010 0.996512830 -0.079330802 -2.458602905 -0.997358322 0.031107519 0.065640919 56.670997620
0.070963770 0.078252792 0.994404614 42.990737915 0.022025641 0.996551991 -0.079993583 -2.514036655 -0.997235596 0.027579047 0.068995520 56.752685547
0.075806603 0.076160587 0.994209766 43.794059753 0.021277951 0.996728182 -0.077975914 -2.569448471 -0.996895492 0.027065830 0.073938034 56.809078217
0.080194212 0.076352462 0.993850648 44.594898224 0.021296093 0.996703267 -0.078289978 -2.633274078 -0.996551752 0.027443543 0.078303792 56.872432709
0.085454017 0.079901516 0.993133008 45.390640259 0.018169839 0.996488571 -0.081734881 -2.691465616 -0.996176422 0.025029644 0.083702132 56.949611664
0.090583421 0.088478692 0.991950631 46.184185028 0.015923444 0.995789528 -0.090275206 -2.755157232 -0.995761573 0.023972711 0.088793136 57.045425415
0.098489396 0.093054086 0.990777910 46.966384888 0.015141079 0.995363116 -0.094989844 -2.818442106 -0.995022953 0.024356937 0.096623771 57.122177124
0.105744503 0.095599085 0.989787281 47.746242523 0.009939492 0.995216668 -0.097185388 -2.893089294 -0.994343638 0.020114800 0.104288496 57.217922211
0.112811558 0.094061643 0.989154160 48.555885315 0.006929631 0.995410383 -0.095446892 -2.960198879 -0.993592262 0.017621987 0.111641988 57.310211182
0.120069884 0.092979886 0.988401711 49.363967896 0.006834336 0.995503426 -0.094478182 -3.023598909 -0.992741942 0.018099053 0.118894540 57.419944763
0.128068388 0.089329042 0.987734199 50.191188812 0.006462490 0.995839059 -0.090899952 -3.094797611 -0.991744339 0.018024633 0.126958221 57.525203705
0.136046916 0.083565064 0.987171769 50.999637604 0.004460114 0.996374428 -0.084958747 -3.166258812 -0.990692377 0.015961271 0.135180965 57.634304047
0.143334642 0.076362029 0.986723840 51.807140350 0.001975568 0.996994734 -0.077443853 -3.226326942 -0.989672363 0.013049730 0.142753035 57.758781433
0.150440633 0.073488511 0.985883772 52.598739624 0.001428370 0.997216165 -0.074551187 -3.294768572 -0.988618076 0.012623735 0.149916857 57.888221741
0.157061830 0.075319603 0.984712362 53.422340393 0.001338645 0.997070253 -0.076478370 -3.360224962 -0.987587869 0.013330014 0.156500861 58.037239075
0.163064927 0.082455792 0.983163655 54.211612701 0.001863439 0.996473968 -0.083881170 -3.413730860 -0.986613631 0.015510143 0.162336320 58.170028687
0.167435125 0.085762382 0.982145786 54.991500854 0.000074445 0.996208072 -0.087003000 -3.478212357 -0.985883117 0.014640475 0.166793853 58.319297791
0.172907934 0.088367812 0.980965793 55.772933960 -0.001011465 0.995982468 -0.089542262 -3.547408819 -0.984937489 0.014490357 0.172302634 58.460475922
0.177902818 0.087974876 0.980107605 56.535507202 -0.002573003 0.996033847 -0.088937387 -3.605989456 -0.984044731 0.013300393 0.177423596 58.612213135
0.183474690 0.085213944 0.979323983 57.294029236 0.000927401 0.996220231 -0.086857900 -3.675755262 -0.983024001 0.016844448 0.182702184 58.745693207
0.188109532 0.078779928 0.978983343 58.055477142 0.002079970 0.996743619 -0.080608785 -3.729801416 -0.982145846 0.017199537 0.187333137 58.893188477
0.191404790 0.072873943 0.978802145 58.805637360 -0.000114673 0.997241497 -0.074224383 -3.790172100 -0.981511176 0.014094659 0.190885186 59.043781281
0.194717750 0.069530517 0.978391826 59.538177490 -0.003208955 0.997524261 -0.070251547 -3.844957352 -0.980854094 0.010539607 0.194458768 59.200119019
0.198154271 0.069217250 0.977723837 60.269481659 -0.004809236 0.997560203 -0.069646858 -3.900286913 -0.980158985 0.009098719 0.198003694 59.349597931
0.199655980 0.071452439 0.977257431 60.992015839 -0.007132023 0.997417212 -0.071469344 -3.952082634 -0.979840100 0.007299461 0.199649945 59.515308380
0.201120198 0.075802408 0.976629198 61.692550659 -0.011489728 0.997115374 -0.075026348 -4.005902290 -0.979499221 0.003868110 0.201410994 59.671039581
0.203204811 0.079882190 0.975872278 62.382408142 -0.012529005 0.996796966 -0.078986131 -4.057811737 -0.979056120 0.003823652 0.203554794 59.822425842
0.204865277 0.084946685 0.975097120 63.062438965 -0.012533627 0.996372819 -0.084166862 -4.114078045 -0.978709936 0.005021364 0.205186859 59.979537964
0.206587836 0.086913452 0.974560261 63.741153717 -0.012060506 0.996197343 -0.086286515 -4.171355247 -0.978353739 0.006072055 0.206850469 60.125869751
0.207957223 0.086931743 0.974267304 64.405395508 -0.014113599 0.996205747 -0.085876741 -4.223391056 -0.978036106 0.004108267 0.208395079 60.271038055
0.208914250 0.083504766 0.974362373 65.079666138 -0.013749005 0.996500015 -0.082454070 -4.285182476 -0.977837324 0.003829318 0.209331155 60.419166565
0.209888220 0.081078686 0.974357903 65.736305237 -0.013784374 0.996702075 -0.079968676 -4.338238239 -0.977628231 0.003353571 0.210313633 60.558708191
0.209985539 0.080123112 0.974415898 66.390342712 -0.012636798 0.996775627 -0.079238452 -4.386267662 -0.977622807 0.004325433 0.210320920 60.701988220
0.208119854 0.079295859 0.974883735 67.019668579 -0.013027408 0.996844649 -0.078300998 -4.438532352 -0.978016555 0.003595784 0.208496153 60.842491150
0.206773475 0.080086730 0.975105584 67.636093140 -0.014386723 0.996785402 -0.078816578 -4.492626190 -0.978283048 0.002268604 0.207260936 60.969364166
0.204002708 0.082799584 0.975462496 68.249534607 -0.015025673 0.996564269 -0.081448384 -4.544911385 -0.978855014 0.001958709 0.204545930 61.112632751
0.201851025 0.086667977 0.975574076 68.849235535 -0.013198494 0.996227324 -0.085771933 -4.595358372 -0.979327321 0.004437044 0.202233389 61.235260010
0.200218752 0.087450817 0.975840509 69.453773499 -0.010742050 0.996144533 -0.087066382 -4.640764236 -0.979692340 0.006949794 0.200386211 61.360065460
0.197888672 0.086514197 0.976399183 70.038414001 -0.011344735 0.996232927 -0.085972309 -4.684395313 -0.980158865 0.005935957 0.198124692 61.480178833
0.195611194 0.083469830 0.977122843 70.625984192 -0.011982678 0.996500194 -0.082726315 -4.737236023 -0.980608225 0.004473644 0.195926845 61.601867676
0.193418503 0.079395674 0.977898598 71.202735901 -0.011304477 0.996834397 -0.078697167 -4.788333893 -0.981051147 0.004166857 0.193703771 61.719856262
0.191739514 0.078698300 0.978285491 71.756858826 -0.007689371 0.996869743 -0.078686230 -4.832973003 -0.981415689 0.007564861 0.191744491 61.817790985
0.190046579 0.080055237 0.978505671 72.317207336 -0.004202424 0.996727109 -0.080729805 -4.882565975 -0.981765985 0.011230328 0.189761013 61.928443909
0.187512919 0.082285367 0.978809476 72.856666565 -0.000518630 0.996493101 -0.083672613 -4.919005871 -0.982262015 0.015182056 0.186898008 62.022979736
0.186077937 0.084317081 0.978910506 73.403320312 -0.000994518 0.996326625 -0.085628159 -4.959289074 -0.982534468 0.014959968 0.185478270 62.121822357
0.184371218 0.086943239 0.979003668 73.950340271 -0.001199852 0.996098995 -0.088235468 -5.002279282 -0.982855976 0.015093419 0.183756262 62.236999512
0.183883294 0.085135005 0.979254305 74.498428345 0.000720773 0.996230125 -0.086746216 -5.051728249 -0.982947767 0.016656999 0.183128715 62.325569153
0.184631914 0.083676174 0.979239106 75.046073914 0.006615130 0.996240675 -0.086376220 -5.094335079 -0.982785523 0.022425598 0.183384269 62.422958374
0.186546266 0.081725873 0.979040980 75.592315674 0.011387090 0.996287167 -0.085335203 -5.134557724 -0.982380211 0.027067389 0.184923038 62.522048950
0.188686609 0.080887660 0.978700459 76.142898560 0.014642494 0.996259511 -0.085161857 -5.175822735 -0.981928110 0.030399522 0.186796412 62.621341705
0.192153171 0.080770321 0.978035510 76.697967529 0.011877425 0.996342778 -0.084615789 -5.221490860 -0.981293023 0.027875734 0.190491080 62.732280731
0.197610468 0.081136018 0.976917148 77.258041382 0.010980133 0.996323109 -0.084968798 -5.268500328 -0.980219066 0.027517408 0.195992976 62.856254578
0.204283997 0.080415353 0.975603163 77.823921204 0.012241410 0.996332347 -0.084687240 -5.304357052 -0.978835166 0.029243005 0.202550337 62.972896576
0.211858973 0.081050612 0.973933578 78.384117126 0.009866208 0.996326923 -0.085060365 -5.345765114 -0.977250397 0.027629834 0.210281134 63.103317261
0.219938472 0.078495033 0.972350597 78.972152710 0.010691739 0.996503472 -0.082863227 -5.395626068 -0.975455165 0.028620930 0.218330234 63.258628845
0.228735313 0.077892005 0.970367491 79.549156189 0.007255055 0.996629655 -0.081710264 -5.443547249 -0.973461568 0.025730090 0.227399319 63.406738281
0.238508627 0.077843800 0.968015492 80.104888916 0.006019594 0.996644616 -0.081629209 -5.480596542 -0.971121728 0.025296332 0.237239748 63.538852692
0.247801393 0.081721157 0.965358078 80.687721252 0.000625905 0.996422350 -0.084511533 -5.525268555 -0.968810678 0.021546297 0.246863708 63.709491730
0.257158160 0.083913177 0.962719202 81.284835815 -0.002829558 0.996283948 -0.086082943 -5.568996429 -0.966365159 0.019412864 0.256439984 63.885128021
0.268198073 0.086679630 0.959456384 81.885704041 -0.006865845 0.996090710 -0.088070042 -5.616527081 -0.963339329 0.017032739 0.267744750 64.061988831
0.278634131 0.088354319 0.956324518 82.497856140 -0.008404862 0.995945454 -0.089566037 -5.670296669 -0.960360646 0.016918380 0.278246999 64.249595642
0.288116187 0.089464672 0.953407109 83.108123779 -0.011577986 0.995878816 -0.089951254 -5.711338997 -0.957525492 0.014877884 0.287964642 64.446098328
0.298284650 0.089947641 0.950229287 83.736976624 -0.012246880 0.995828390 -0.090419620 -5.759782314 -0.954398453 0.015333439 0.298141897 64.656631470
0.308359504 0.090986222 0.946908653 84.380867004 -0.016550481 0.995777786 -0.090292297 -5.809365273 -0.951125920 0.012170697 0.308563441 64.882232666
0.318442136 0.085967213 0.944036186 85.028343201 -0.015863277 0.996223092 -0.085368544 -5.859696865 -0.947809577 0.012209434 0.318603128 65.115676880
0.329795122 0.078891486 0.940750360 85.688369751 -0.012489900 0.996779680 -0.079211563 -5.910625458 -0.943969846 0.014373714 0.329718441 65.344482422
0.340677381 0.074472204 0.937226057 86.355438232 -0.010746151 0.997101247 -0.075323723 -5.961953640 -0.940118909 0.015589518 0.340490162 65.594100952
0.351013720 0.071169950 0.933661640 87.033370972 -0.011773538 0.997364044 -0.071599439 -6.013001919 -0.936296225 0.014139889 0.350926399 65.856987000
0.360481769 0.068909854 0.930217326 87.702659607 -0.005355660 0.997403860 -0.071811542 -6.049883366 -0.932750821 0.020904824 0.359914899 66.113838196
0.369124174 0.063120797 0.927234173 88.405906677 0.001627018 0.997645557 -0.068561710 -6.092682362 -0.929378688 0.026816411 0.368152410 66.390739441
0.376304477 0.053758208 0.924935102 89.125099182 0.011234430 0.997977078 -0.062574156 -6.135913849 -0.926427901 0.033938047 0.374939293 66.673530579
0.383121073 0.049636379 0.922363460 89.827758789 0.015789967 0.998057306 -0.060268458 -6.182664871 -0.923563182 0.037654210 0.381593019 66.958656311
0.390505970 0.049446214 0.919271469 90.533744812 0.018072590 0.997952342 -0.061355565 -6.232339859 -0.920422971 0.040573336 0.388812751 67.262397766
0.397877246 0.056171708 0.915717423 91.244346619 0.019838938 0.997363687 -0.069800012 -6.271301270 -0.917224109 0.045938700 0.395713955 67.573593140
0.405064136 0.060220528 0.912302971 91.956161499 0.023898777 0.996790051 -0.076408587 -6.317451954 -0.913975894 0.052753296 0.402324796 67.882980347
0.410416961 0.062380455 0.909761846 92.662208557 0.021915473 0.996694565 -0.078227878 -6.370443344 -0.911634684 0.052043911 0.407693267 68.204887390
0.414531082 0.063728109 0.907800972 93.345031738 0.014916681 0.996935189 -0.076796807 -6.428878784 -0.909912944 0.045376044 0.412310034 68.534355164
0.418552965 0.067308605 0.905694723 94.040184021 0.008291324 0.996925116 -0.077920288 -6.488527775 -0.908154547 0.040123176 0.416707873 68.874259949
0.422989905 0.070755370 0.903367698 94.738334656 0.007088400 0.996657789 -0.081381269 -6.547816277 -0.906106651 0.040826894 0.421074688 69.195579529
0.426712602 0.074864544 0.901283324 95.406509399 0.003969543 0.996403217 -0.084645018 -6.606901169 -0.904378533 0.039696775 0.424880683 69.526031494
0.430551529 0.077770486 0.899209142 96.070243835 0.001045020 0.996237218 -0.086662583 -6.665406227 -0.902565300 0.038252402 0.428850204 69.845809937
0.434264332 0.076092400 0.897565842 96.718498230 -0.000111312 0.996430337 -0.084419906 -6.727837563 -0.900785506 0.036560647 0.432722628 70.169830322
0.438371480 0.073285058 0.895801187 97.381317139 0.000651842 0.996644139 -0.081853971 -6.788115501 -0.898793638 0.036466368 0.436852604 70.496063232
0.441778749 0.070358507 0.894360900 98.018997192 0.000969591 0.996881843 -0.078902692 -6.838209152 -0.897123516 0.035724692 0.440332979 70.815078735
0.445477843 0.069491699 0.892591953 98.651344299 -0.000104499 0.996987104 -0.077567108 -6.895694733 -0.895292997 0.034461156 0.444142878 71.137397766
0.448757350 0.071119830 0.890819192 99.260910034 -0.002337542 0.996918321 -0.078412853 -6.950402260 -0.893650532 0.033106018 0.447540611 71.452812195
0.451039135 0.071909577 0.889602542 99.868835449 -0.001812094 0.996820688 -0.079657614 -7.005398273 -0.892502308 0.034316659 0.449735403 71.774124146
0.453408867 0.069513410 0.888587773 100.466773987 0.000764473 0.996923387 -0.078378476 -7.058956146 -0.891302288 0.036216799 0.451960772 72.077209473
0.455242872 0.068799056 0.887705207 101.066551208 0.002260655 0.996917665 -0.078422584 -7.111726761 -0.890364408 0.037708119 0.453684092 72.381973267
0.457313985 0.068571769 0.886657774 101.659599304 0.001406088 0.996965766 -0.077827960 -7.158442020 -0.889304101 0.036838531 0.455830097 72.688789368
0.459078699 0.067863166 0.885799885 102.232757568 0.002872493 0.996959567 -0.077868097 -7.209786892 -0.888390958 0.038292039 0.457488000 72.991767883
0.461701065 0.070124276 0.884259462 102.795478821 0.001993634 0.996785760 -0.080088884 -7.252868176 -0.887033284 0.038740013 0.460077256 73.284942627
0.464760244 0.069446594 0.882708967 103.354484558 0.005412265 0.996677995 -0.081262685 -7.308176994 -0.885420024 0.042545117 0.462840497 73.577842712
0.467818469 0.068893127 0.881135345 103.904426575 0.006998669 0.996637285 -0.081639647 -7.357239723 -0.883796811 0.044359308 0.465763241 73.870147705
0.470771402 0.067253195 0.879688144 104.446044922 0.009780999 0.996631265 -0.081428006 -7.410578728 -0.882201016 0.046938207 0.468527704 74.176063538
0.474227726 0.066356905 0.877897918 104.958038330 0.010788629 0.996642649 -0.081160225 -7.455224037 -0.880336106 0.047959745 0.471919745 74.427627563
0.477461755 0.065810241 0.876184523 105.476333618 0.012153950 0.996601045 -0.081477813 -7.500550747 -0.878568530 0.049551640 0.475039035 74.712181091
0.481068403 0.065175548 0.874256968 105.993301392 0.012582219 0.996616662 -0.081220932 -7.548191547 -0.876592755 0.050072912 0.478620797 74.997680664
0.484202683 0.064350739 0.872586250 106.499931335 0.014423877 0.996569097 -0.081497997 -7.594072819 -0.874836981 0.052047618 0.481613219 75.286125183
0.488337815 0.065498829 0.870193124 107.002998352 0.013944801 0.996466219 -0.082828909 -7.640915394 -0.872543216 0.052583162 0.485698730 75.564224243
0.492114156 0.065868549 0.868035138 107.502326965 0.015695702 0.996299744 -0.084499940 -7.691281319 -0.870389163 0.055208031 0.489259392 75.862884521
0.497224510 0.069369100 0.864844263 107.974708557 0.013497226 0.996059537 -0.087653793 -7.733981133 -0.867516816 0.055256624 0.494328946 76.131652832
0.502748311 0.074971780 0.861175597 108.457130432 0.010113317 0.995653570 -0.092583172 -7.782759190 -0.864373624 0.055255383 0.499804974 76.420852661
0.508265436 0.082097463 0.857278407 108.939643860 0.004806053 0.995159864 -0.098151147 -7.834035873 -0.861186981 0.054006971 0.505410910 76.729209900
0.514026642 0.088245727 0.853222907 109.417106628 -0.000335453 0.994714618 -0.102677621 -7.889232159 -0.857774079 0.052492809 0.511339426 77.037231445
0.520577610 0.092962295 0.848738372 109.886871338 -0.004186278 0.994320989 -0.106340267 -7.939914703 -0.853803992 0.051805314 0.518010437 77.331680298
0.526302218 0.093389742 0.845153451 110.376998901 -0.008402295 0.994472921 -0.104657218 -7.990561962 -0.850256085 0.047980104 0.524177909 77.645751953
0.531608045 0.092473961 0.841927171 110.867485046 -0.014985122 0.994893372 -0.099813268 -8.047080040 -0.846857905 0.040445160 0.530278981 77.977874756
0.537183106 0.090288453 0.838619351 111.365043640 -0.021037724 0.995379150 -0.093689866 -8.096579552 -0.843203306 0.032685969 0.536600292 78.319755554
0.543052197 0.088506311 0.835021496 111.862648010 -0.028088098 0.995787799 -0.087279454 -8.156080246 -0.839229047 0.023943130 0.543250740 78.655769348
0.549049854 0.086299911 0.831322134 112.371414185 -0.030408315 0.996059060 -0.083318032 -8.206657410 -0.835236251 0.020466646 0.549510300 79.008308411
0.555524409 0.090150274 0.826598704 112.884407043 -0.035311893 0.995766282 -0.084868260 -8.247546196 -0.830750048 0.017957628 0.556355894 79.368888855
0.561257839 0.094193086 0.822263539 113.399642944 -0.039515149 0.995419383 -0.087056570 -8.296589851 -0.826697171 0.016369311 0.562408984 79.745788574
0.567619264 0.097742505 0.817468584 113.925460815 -0.042295624 0.995078385 -0.089610368 -8.339314461 -0.822204053 0.016289227 0.568959773 80.120323181
0.573810458 0.099749424 0.812890887 114.450309753 -0.044872474 0.994893432 -0.090407893 -8.393007278 -0.817757964 0.015400567 0.575356305 80.506729126
