1.000000000 0.000000000 0.000000000 0.000000000 0.000000000 1.000000000 0.000000000 0.000000000 0.000000000 0.000000000 1.000000000 0.000000000
0.999998629 0.000757300 0.001457945 -0.006129081 -0.000750643 0.999989331 -0.004560743 -0.002476902 -0.001461383 0.004559642 0.999988556 0.964168072
0.999996662 -0.001450542 0.002143918 -0.002569858 0.001461981 0.999984682 -0.005343642 -0.000881664 -0.002136133 0.005346759 0.999983430 1.918663621
0.999993205 -0.002512658 0.002700388 -0.010495854 0.002516156 0.999995947 -0.001292832 -0.004213104 -0.002697130 0.001299618 0.999995470 2.854501724
0.999985337 -0.004988862 0.002108486 -0.008258209 0.004978478 0.999975502 0.004902316 -0.007979183 -0.002132891 -0.004891748 0.999985754 3.802560329
0.999963164 -0.008566034 0.000549727 -0.005129999 0.008563180 0.999950767 0.004998421 -0.004877035 -0.000592516 -0.004993530 0.999987364 4.740535259
0.999938190 -0.011118852 -0.000116469 -0.007150081 0.011119067 0.999936104 0.002047309 -0.002403229 0.000093698 -0.002048478 0.999997914 5.670235634
0.999929428 -0.011835806 -0.001049200 -0.011283796 0.011834122 0.999928713 -0.001596953 0.003453646 0.001068026 0.001584425 0.999998152 6.595207691
0.999933243 -0.011448648 -0.001524970 -0.017190496 0.011445922 0.999932826 -0.001783004 -0.003394858 0.001545281 0.001765430 0.999997199 7.524972916
0.999933004 -0.011268727 -0.002638625 -0.026367683 0.011268976 0.999936521 0.000080168 -0.002552682 0.002637555 -0.000109897 0.999996543 8.439188957
0.999935865 -0.010921133 -0.003004916 -0.036573499 0.010928961 0.999936819 0.002601378 0.003408568 0.002976317 -0.002634052 0.999992073 9.381172180
0.999930382 -0.011128156 -0.003937298 -0.044566717 0.011144874 0.999928892 0.004250153 0.004954163 0.003889722 -0.004293737 0.999983191 10.302610397
0.999914885 -0.012204473 -0.004612950 -0.048879746 0.012227926 0.999912202 0.005090904 0.006718975 0.004550414 -0.005146878 0.999976397 11.217759132
0.999905765 -0.012552800 -0.005545723 -0.057004038 0.012582611 0.999906361 0.005373480 0.007059962 0.005477751 -0.005442753 0.999970198 12.132696152
0.999897540 -0.012936461 -0.006139431 -0.067196943 0.012959833 0.999908864 0.003782513 0.011367790 0.006089940 -0.003861692 0.999973953 13.029953003
0.999885201 -0.013315458 -0.007230519 -0.080161601 0.013327726 0.999909818 0.001651160 0.018709909 0.007207881 -0.001747337 0.999972463 13.934310913
0.999852896 -0.014594816 -0.009002100 -0.086915754 0.014596627 0.999893427 0.000135586 0.025628785 0.008999162 -0.000266966 0.999959528 14.839272499
0.999842167 -0.014221860 -0.010639691 -0.105163544 0.014217420 0.999898791 -0.000492716 0.025339875 0.010645621 0.000341369 0.999943256 15.747634888
0.999839067 -0.013141177 -0.012213635 -0.117557041 0.013123186 0.999912679 -0.001552002 0.027368480 0.012232963 0.001391470 0.999924242 16.646028519
0.999831796 -0.012306384 -0.013593938 -0.137906790 0.012288794 0.999923468 -0.001376597 0.028383341 0.013609841 0.001209312 0.999906659 17.519538879
0.999803126 -0.012824000 -0.015142977 -0.154990524 0.012814254 0.999917567 -0.000740467 0.029993622 0.015151229 0.000546275 0.999885023 18.412189484
0.999782264 -0.012511976 -0.016699754 -0.174528345 0.012529071 0.999921083 0.000919446 0.026406324 0.016686933 -0.001128478 0.999860108 19.304222107
0.999763846 -0.012169989 -0.018006679 -0.197253928 0.012200651 0.999924362 0.001593832 0.026502535 0.017985921 -0.001813148 0.999836564 20.181957245
0.999727309 -0.012907494 -0.019458270 -0.214167044 0.012935481 0.999915481 0.001313092 0.027983706 0.019439675 -0.001564436 0.999809742 21.062717438
0.999689221 -0.012781892 -0.021399561 -0.234721690 0.012794055 0.999918103 0.000431550 0.033198804 0.021392291 -0.000705203 0.999770880 21.933990479
0.999662519 -0.012937714 -0.022530463 -0.257377893 0.012963077 0.999915421 0.000979940 0.033518929 0.022515878 -0.001271673 0.999745667 22.798889160
0.999652267 -0.012620734 -0.023150245 -0.285901189 0.012693894 0.999914885 0.003015956 0.035846200 0.023110213 -0.003308774 0.999727428 23.650566101
0.999622703 -0.013620651 -0.023850435 -0.307757884 0.013756419 0.999890089 0.005537664 0.040070496 0.023772387 -0.005863671 0.999700189 24.495590210
0.999598920 -0.013819870 -0.024715226 -0.333031088 0.014012301 0.999872744 0.007629773 0.037754148 0.024606634 -0.007973029 0.999665380 25.337324142
0.999591529 -0.013258162 -0.025317006 -0.354070276 0.013420877 0.999890268 0.006268192 0.039938465 0.025231125 -0.006605408 0.999659777 26.170585632
0.999599516 -0.011604667 -0.025811533 -0.385522276 0.011696734 0.999925673 0.003418699 0.046207782 0.025769943 -0.003719239 0.999660969 26.975137711
0.999584794 -0.011128830 -0.026577227 -0.410990387 0.011178321 0.999935925 0.001714343 0.049160715 0.026556453 -0.002010718 0.999645293 27.782693863
0.999564409 -0.010352423 -0.027635610 -0.434939355 0.010387945 0.999945402 0.001142079 0.053447887 0.027622277 -0.001428657 0.999617457 28.581373215
0.999523282 -0.010298886 -0.029102772 -0.458808720 0.010330392 0.999946177 0.000932444 0.052983925 0.029091602 -0.001232642 0.999576092 29.357570648
0.999455154 -0.010032645 -0.031441670 -0.485621065 0.010039533 0.999949574 0.000061230 0.052500729 0.031439468 -0.000376856 0.999505520 30.132799149
0.999401569 -0.009892730 -0.033145953 -0.516610980 0.009896499 0.999951005 -0.000050380 0.052755143 0.033144824 -0.000277679 0.999450445 30.900623322
0.999336898 -0.010219852 -0.034947768 -0.543168724 0.010266444 0.999946654 0.001153941 0.051594798 0.034934103 -0.001511965 0.999388456 31.661035538
0.999244928 -0.010552678 -0.037392408 -0.568285823 0.010680615 0.999937773 0.003223319 0.056899283 0.037356067 -0.003620259 0.999295473 32.410930634
0.999183059 -0.009591577 -0.039259996 -0.603137016 0.009795433 0.999939561 0.005003401 0.055162311 0.039209630 -0.005383881 0.999216437 33.160106659
0.999138653 -0.008029333 -0.040710721 -0.640918612 0.008249361 0.999952197 0.005239547 0.052272007 0.040666696 -0.005570870 0.999157250 33.882148743
0.999086261 -0.005814846 -0.042340536 -0.683343887 0.006012545 0.999971628 0.004543414 0.051879257 0.042312920 -0.004793836 0.999092877 34.588924408
0.999004424 -0.003749592 -0.044452406 -0.718863308 0.003937400 0.999983728 0.004138133 0.053594939 0.044436168 -0.004309040 0.999002934 35.294570923
0.998923779 -0.003488298 -0.046250403 -0.744608641 0.003713534 0.999981642 0.004784914 0.060872667 0.046232857 -0.004951517 0.998918414 36.013160706
0.998887420 -0.002008809 -0.047116179 -0.789430559 0.002331225 0.999974251 0.006789047 0.062025413 0.047101330 -0.006891333 0.998866379 36.689384460
0.998882890 0.000896813 -0.047246233 -0.826731384 -0.000563271 0.999974847 0.007072511 0.067298874 0.047251385 -0.007037998 0.998858213 37.380989075
0.998920918 0.003328872 -0.046323992 -0.853729546 -0.003097522 0.999982357 0.005065069 0.067754477 0.046340041 -0.004916114 0.998913586 38.049953461
0.998999298 0.005154940 -0.044425890 -0.891553521 -0.005072986 0.999985218 0.001957276 0.070553862 0.044435319 -0.001729946 0.999010861 38.692501068
0.999073982 0.005367260 -0.042688921 -0.916438341 -0.005375344 0.999985516 -0.000074570 0.078731954 0.042687908 0.000303969 0.999088466 39.348850250
0.999213815 0.006408852 -0.039123520 -0.950726151 -0.006374233 0.999979138 0.001009549 0.075584561 0.039129175 -0.000759372 0.999233902 39.983612061
0.999272287 0.011289482 -0.036431983 -0.976266801 -0.011170914 0.999931633 0.003456373 0.079476029 0.036468502 -0.003046880 0.999330163 40.639766693
0.999349535 0.015373121 -0.032619137 -1.002774000 -0.015151834 0.999860585 0.007020366 0.079626843 0.032722510 -0.006521561 0.999443233 41.265224457
0.999389529 0.020624252 -0.028195247 -1.030861974 -0.020408379 0.999760330 0.007922888 0.083924010 0.028351890 -0.007342633 0.999571025 41.865512848
0.999444366 0.024099097 -0.023028133 -1.048933387 -0.023911089 0.999678791 0.008405002 0.087413490 0.023223298 -0.007849703 0.999699414 42.454437256
0.999461830 0.028136443 -0.016862459 -1.066760063 -0.027964929 0.999555707 0.010322225 0.090079635 0.017145395 -0.009845113 0.999804497 43.022972107
0.999389291 0.033365145 -0.010377198 -1.080610037 -0.033246733 0.999382317 0.011381402 0.092383832 0.010750531 -0.011029444 0.999881327 43.587039948
0.999312520 0.036927834 -0.003283806 -1.087960482 -0.036888484 0.999255180 0.011328801 0.091675639 0.003699708 -0.011199876 0.999930441 44.117954254
0.999179959 0.040278863 0.004106200 -1.092080712 -0.040322762 0.999123514 0.011234745 0.094684333 -0.003650079 -0.011391108 0.999928415 44.624439240
0.998968601 0.044077173 0.010907195 -1.079042554 -0.044193815 0.998965800 0.010695234 0.100241750 -0.010424498 -0.011166233 0.999883294 45.121902466
0.998659313 0.048306789 0.018599104 -1.075818777 -0.048456758 0.998795629 0.007698452 0.105628848 -0.018204816 -0.008589384 0.999797344 45.591957092
0.998351693 0.050674960 0.026940646 -1.069941759 -0.050827101 0.998695016 0.004992194 0.102259368 -0.026652511 -0.006353281 0.999624550 46.047309875
0.998091936 0.051107835 0.034647554 -1.052976012 -0.051297646 0.998672783 0.004610938 0.105715483 -0.034365915 -0.006379477 0.999388993 46.473297119
0.997832477 0.050130639 0.042628512 -1.028386950 -0.050431881 0.998709440 0.006020277 0.106303930 -0.042271692 -0.008157065 0.999072909 46.872955322
0.997353196 0.052272007 0.050540674 -1.005930901 -0.052678082 0.998588860 0.006735320 0.108914062 -0.050117292 -0.009379879 0.998699248 47.262638092
0.996684670 0.055354290 0.059628885 -0.995587826 -0.055876207 0.998412311 0.007120000 0.105499044 -0.059140097 -0.010428231 0.998195231 47.620746613
0.995858610 0.060349796 0.067997694 -0.965540648 -0.060914457 0.998123407 0.006259636 0.110842705 -0.067492329 -0.010375756 0.997665823 47.945693970
0.994948983 0.064124160 0.077231027 -0.948798418 -0.064822696 0.997875273 0.006569399 0.105510265 -0.076645680 -0.011542541 0.996991575 48.245708466
0.994221926 0.063382909 0.086632624 -0.919542313 -0.064250581 0.997907400 0.007261268 0.103878438 -0.085991099 -0.012785509 0.996213853 48.530689240
0.993322909 0.062171649 0.097181998 -0.879392147 -0.062982112 0.998000562 0.005291413 0.105192274 -0.096658722 -0.011376809 0.995252550 48.805969238
0.992201030 0.060617182 0.108915478 -0.842691422 -0.061085768 0.998132050 0.000967893 0.099585295 -0.108653367 -0.007613531 0.994050562 49.057643890
0.990593314 0.061716050 0.122131109 -0.800680161 -0.061780006 0.998084366 -0.003266750 0.102696642 -0.122098781 -0.004309239 0.992508531 49.325958252
0.988458335 0.063220933 0.137671113 -0.763041973 -0.063082233 0.997993827 -0.005374768 0.099384755 -0.137734726 -0.003371866 0.990463436 49.591396332
0.985964119 0.065001436 0.153784871 -0.712368488 -0.064739652 0.997879624 -0.006714876 0.096313179 -0.153895304 -0.003335351 0.988081634 49.839786530
0.983151495 0.065526888 0.170643702 -0.656940460 -0.065141015 0.997845054 -0.007865543 0.095209628 -0.170791358 -0.003382883 0.985301375 50.097194672
0.979873300 0.064435542 0.188934982 -0.598677635 -0.063830145 0.997917593 -0.009293724 0.097567767 -0.189140379 -0.002953076 0.981945515 50.353961945
0.975965977 0.063795514 0.208376333 -0.532395363 -0.063196190 0.997955561 -0.009539253 0.093980610 -0.208558887 -0.003858605 0.978002131 50.599063873
0.971494317 0.063782997 0.228321180 -0.456665993 -0.063056394 0.997954965 -0.010483596 0.086174190 -0.228522927 -0.004212358 0.973529339 50.826656342
0.966198742 0.066145606 0.249168247 -0.377782822 -0.064943619 0.997803569 -0.013050891 0.088817954 -0.249484241 -0.003572135 0.968372166 51.079025269
0.959923029 0.067303956 0.272062361 -0.296545029 -0.065655008 0.997727036 -0.015170126 0.084550202 -0.272464991 -0.003300103 0.962159991 51.320892334
0.952648997 0.068755604 0.296196908 -0.200523376 -0.066964522 0.997623742 -0.016200554 0.073702872 -0.296606988 -0.004401244 0.954989493 51.552673340
0.944080293 0.071518205 0.321865916 -0.101701736 -0.069720522 0.997419536 -0.017124821 0.067326844 -0.322260112 -0.006273458 0.946630359 51.790271759
0.934210420 0.073629066 0.349041194 0.006353378 -0.071788795 0.997253239 -0.018224211 0.059426546 -0.349424362 -0.008032002 0.936930180 52.027233124
0.923042357 0.074280679 0.377459168 0.127365112 -0.072201438 0.997195899 -0.019677335 0.053049207 -0.377862394 -0.009090085 0.925817132 52.265350342
0.910432458 0.072284713 0.407293171 0.269100189 -0.069435887 0.997348368 -0.021793526 0.043640494 -0.407788455 -0.008439230 0.913037419 52.501838684
0.895445585 0.069712698 0.439678669 0.412799835 -0.065609902 0.997543395 -0.024543691 0.035789013 -0.440309584 -0.006869738 0.897819757 52.727043152
0.878174126 0.068843953 0.473361194 0.568414688 -0.062766761 0.997617066 -0.028645679 0.024849176 -0.474205226 -0.004555454 0.880402505 52.944526672
0.858677268 0.070802934 0.507602513 0.732086182 -0.062208552 0.997487247 -0.033900421 0.018531561 -0.508727312 -0.002467696 0.860924184 53.165988922
0.836904824 0.072731815 0.542494535 0.919521332 -0.061740160 0.997350633 -0.038467616 0.009898186 -0.543855131 -0.001299962 0.839178085 53.392646790
0.812307715 0.075375833 0.578337908 1.115036011 -0.062541306 0.997153163 -0.042118061 -0.000074387 -0.579866230 -0.001957180 0.814709425 53.617919922
0.784749687 0.079547554 0.614687145 1.326496124 -0.065681100 0.996818781 -0.045146998 -0.011155009 -0.616323054 -0.004944230 0.787478030 53.851425171
0.754783034 0.084042966 0.650568664 1.553853989 -0.069422722 0.996423304 -0.048178285 -0.024921060 -0.652290702 -0.008800090 0.757917881 54.081512451
0.721650839 0.084880315 0.687033832 1.809923172 -0.068862528 0.996333897 -0.050760876 -0.044615984 -0.688823700 -0.010679258 0.724850297 54.315574646
0.685016394 0.082493737 0.723842084 2.090085983 -0.065364718 0.996520638 -0.051711291 -0.064891100 -0.725589514 -0.011890653 0.688025117 54.537734985
0.645900726 0.080721304 0.759141922 2.378221512 -0.062230691 0.996652067 -0.053028557 -0.089888334 -0.760880768 -0.012990735 0.648761511 54.741043091
0.603340924 0.079948775 0.793465853 2.711479187 -0.059995424 0.996693015 -0.054806005 -0.112414479 -0.795223415 -0.014537608 0.606142163 54.959281921
0.557045579 0.079917043 0.826627851 3.075304031 -0.056512862 0.996699631 -0.058276590 -0.130727768 -0.828556895 -0.014252391 0.559723377 55.171878815
0.508073509 0.078606740 0.857719362 3.441556931 -0.053276982 0.996788085 -0.059793033 -0.156751990 -0.859664500 -0.015317441 0.510629475 55.366271973
0.459827423 0.077312730 0.884636343 3.870403290 -0.051781423 0.996842146 -0.060203344 -0.173087716 -0.886497259 -0.018124577 0.462378740 55.549751282
0.410734534 0.074864589 0.908676267 4.307893753 -0.050797049 0.996954262 -0.059176710 -0.195772767 -0.910338819 -0.021852147 0.413286507 55.709571838
0.359904140 0.074612163 0.930001080 4.764749527 -0.054062795 0.996790111 -0.059048574 -0.219381452 -0.931421638 -0.029026635 0.362782657 55.875164032
0.310763717 0.075398147 0.947491944 5.233036041 -0.052298013 0.996695042 -0.062160563 -0.237806678 -0.949047387 -0.030234700 0.313679814 56.003551483
0.263620168 0.072008096 0.961935163 5.693825722 -0.041374732 0.997136235 -0.063304350 -0.270136118 -0.963738859 -0.023111509 0.265844554 56.081577301
0.219332859 0.066293135 0.973395288 6.207049370 -0.027881967 0.997707248 -0.061666340 -0.295155942 -0.975251555 -0.013614719 0.220678389 56.159168243
0.177081808 0.065293640 0.982027888 6.732612610 -0.018567454 0.997840941 -0.062996894 -0.323879361 -0.984020889 -0.007078151 0.177911863 56.223297119
0.138508588 0.066774450 0.988107562 7.273439884 -0.015519239 0.997748196 -0.065250523 -0.349172831 -0.990239620 -0.006296914 0.139233008 56.278987885
0.106038690 0.067455411 0.992071331 7.775392532 -0.007017845 0.997722268 -0.067089535 -0.384564340 -0.994337201 0.000151882 0.106270559 56.293975830
0.077032499 0.065644994 0.994865119 8.337592125 0.000220469 0.997829020 -0.065857626 -0.422494560 -0.997028589 0.005292513 0.076850787 56.315242767
0.052159596 0.063972235 0.996587574 8.907332420 0.006858429 0.997899652 -0.064415395 -0.456142426 -0.998615205 0.010194908 0.051611286 56.325283051
0.032076642 0.063070759 0.997493446 9.484502792 0.011819478 0.997913301 -0.063477390 -0.481400251 -0.999415517 0.013825998 0.031264260 56.328388214
0.016412469 0.064985029 0.997751176 10.058879852 0.014858011 0.997759640 -0.065229967 -0.509393096 -0.999754846 0.015895186 0.015410155 56.323451996
0.002719823 0.064702958 0.997900903 10.657147408 0.015230195 0.997786164 -0.064737029 -0.544927180 -0.999880314 0.015374298 0.001728363 56.323261261
-0.008823244 0.065522417 0.997812152 11.269388199 0.016150637 0.997730076 -0.065374210 -0.581156611 -0.999830663 0.015538487 -0.009861442 56.315929413
-0.017610000 0.068335265 0.997506976 11.883558273 0.021283433 0.997461259 -0.067956410 -0.618137181 -0.999618292 0.020033658 -0.019019701 56.290508270
-0.024137635 0.070315726 0.997232616 12.505905151 0.025477950 0.997242570 -0.069699742 -0.651401401 -0.999383867 0.023725053 -0.025862575 56.262615204
-0.028658036 0.069739535 0.997153580 13.155653954 0.025867026 0.997280896 -0.069005035 -0.688073218 -0.999254525 0.023815844 -0.030384073 56.246955872
-0.032515060 0.067116790 0.997215152 13.801822662 0.023382979 0.997520685 -0.066374935 -0.717094243 -0.999197662 0.021159675 -0.034003839 56.230003357
-0.035017330 0.060184129 0.997572899 14.503658295 0.021308329 0.998003066 -0.059462111 -0.758269012 -0.999159515 0.019174404 -0.036229830 56.211383820
-0.036260121 0.054586835 0.997850478 15.191270828 0.022534128 0.998297811 -0.053792462 -0.791712761 -0.999088347 0.020535167 -0.037428476 56.184825897
-0.036755599 0.051919460 0.997974694 15.870020866 0.024919467 0.998386562 -0.051023092 -0.825985610 -0.999013484 0.022993609 -0.037990104 56.156841278
-0.036692750 0.054121818 0.997860014 16.579460144 0.028307499 0.998188019 -0.053098697 -0.865760088 -0.998925567 0.026298583 -0.038158324 56.132213593
-0.035450000 0.061606038 0.997470796 17.289430618 0.029496642 0.997727811 -0.060573600 -0.895537972 -0.998936057 0.027274704 -0.037186626 56.102806091
-0.033412766 0.069547616 0.997018874 18.004354477 0.030728867 0.997175813 -0.068528749 -0.936379075 -0.998969078 0.028347528 -0.035455521 56.075939178
-0.031660572 0.070546448 0.997005939 18.721433640 0.031268034 0.997087777 -0.069559284 -0.967842221 -0.999009490 0.028972134 -0.033774212 56.063388824
-0.029107939 0.065954953 0.997397959 19.463628769 0.030802265 0.997406006 -0.065056570 -1.013302803 -0.999101579 0.028828446 -0.031064000 56.037803650
-0.026823923 0.059746735 0.997853160 20.203975677 0.030392719 0.997799516 -0.058926515 -1.052490115 -0.999177992 0.028746823 -0.028580768 56.022018433
-0.023637846 0.057783753 0.998049259 20.951711655 0.029007927 0.997947454 -0.057090841 -1.099704981 -0.999299645 0.027601833 -0.025265519 56.006240845
-0.020649621 0.063284926 0.997781813 21.712188721 0.035990462 0.997394860 -0.062515549 -1.149570227 -0.999138772 0.034619708 -0.022873478 55.990398407
-0.017445371 0.068642959 0.997488797 22.448177338 0.037692487 0.996976614 -0.067948490 -1.191518903 -0.999137104 0.036412448 -0.019979952 55.975296021
-0.015104182 0.069318272 0.997480214 23.189857483 0.031634405 0.997127771 -0.068814762 -1.232582688 -0.999385417 0.030515298 -0.017253643 55.979961395
-0.011930589 0.065544851 0.997778356 23.952846527 0.027328528 0.997498035 -0.065199673 -1.279591203 -0.999555349 0.026489947 -0.013691985 55.985454559
-0.007241834 0.062365323 0.998027086 24.689382553 0.031031912 0.997586548 -0.062112615 -1.323577881 -0.999492168 0.030520879 -0.009159674 55.968208313
-0.003430070 0.063194431 0.997995257 25.433183670 0.035500418 0.997379720 -0.063033439 -1.372921109 -0.999363899 0.035213038 -0.005664510 55.956676483
-0.001172270 0.067442283 0.997722387 26.165231705 0.035098545 0.997111201 -0.067359716 -1.420746088 -0.999383152 0.034939643 -0.003536010 55.966896057
0.002943215 0.068035118 0.997678578 26.918270111 0.031228974 0.997190058 -0.068093933 -1.466929197 -0.999507844 0.031356897 0.000810278 55.975055695
0.006466300 0.067952342 0.997667611 27.680305481 0.030836349 0.997200429 -0.068120383 -1.510565877 -0.999503553 0.031204918 0.004352794 55.986366272
0.010232820 0.064916849 0.997838140 28.421432495 0.034693748 0.997266591 -0.065235443 -1.557119727 -0.999345660 0.035286289 0.007952641 55.989288330
0.013883234 0.065305762 0.997768641 29.169204712 0.039273288 0.997059286 -0.065805785 -1.608110547 -0.999132037 0.040099256 0.011277636 55.996532440
0.017173335 0.066312104 0.997651160 29.919059753 0.041831601 0.996876955 -0.066980727 -1.653060675 -0.998977125 0.042883631 0.014345763 56.012844086
0.019918218 0.066237837 0.997605026 30.677183151 0.042207867 0.996857703 -0.067030951 -1.702003479 -0.998910308 0.043441918 0.017059872 56.022838593
0.023584895 0.065012574 0.997605681 31.431541443 0.043641545 0.996865034 -0.065996058 -1.745219707 -0.998768806 0.045093566 0.020673707 56.042034149
0.027072918 0.063891597 0.997589529 32.177509308 0.045612346 0.996836960 -0.065081231 -1.793032169 -0.998592377 0.047264345 0.024073038 56.060623169
0.029876424 0.063935660 0.997506738 32.933353424 0.044308197 0.996886551 -0.065222986 -1.841557264 -0.998571098 0.046146367 0.026950534 56.086647034
0.032766014 0.065753184 0.997297764 33.709415436 0.040937148 0.996908009 -0.067072466 -1.889087915 -0.998624384 0.043024234 0.029972948 56.131248474
0.035500001 0.066200919 0.997174621 34.469375610 0.042538665 0.996799052 -0.067690402 -1.928622723 -0.998463929 0.044821475 0.032570280 56.153144836
0.038442273 0.066246212 0.997062445 35.227546692 0.040433854 0.996879697 -0.067793019 -1.970191479 -0.998442471 0.042921193 0.035643734 56.185886383
0.040683448 0.066504389 0.996956408 35.991279602 0.038717601 0.996928036 -0.068082482 -2.019047499 -0.998421669 0.041369587 0.037983585 56.222946167
0.043581076 0.066450119 0.996837556 36.754753113 0.036065109 0.997030556 -0.068039730 -2.068917513 -0.998398781 0.038916297 0.041055128 56.266857147
0.046140037 0.068446331 0.996587276 37.497688293 0.034891859 0.996930480 -0.070085347 -2.113819122 -0.998325348 0.038006522 0.043610197 56.305244446
0.049690790 0.072044663 0.996162772 38.298179626 0.033352811 0.996719003 -0.073748589 -2.166791201 -0.998207629 0.036889452 0.047124859 56.354187012
0.053510588 0.074022539 0.995819867 39.069030762 0.033608004 0.996550202 -0.075882748 -2.220967293 -0.998001635 0.037528049 0.050838236 56.392627716
0.056594696 0.076308660 0.995476782 39.841156006 0.027858909 0.996565878 -0.077975981 -2.271840096 -0.998008549 0.032145921 0.054274466 56.444782257
0.058444969 0.075839020 0.995405734 40.616985321 0.023785437 0.996721327 -0.077335812 -2.323674679 -0.998007357 0.028196050 0.056449480 56.515541077
0.062401518 0.076040387 0.995150208 41.376522064 0.026896924 0.996603131 -0.077837989 -2.376084805 -0.997688651 0.031623691 0.060144298 56.559513092
0.065688856 0.077257581 0.994844854 42.170932770 0.024212398 0.996581256 -0.078991152 -2.446189404 -0.997546315 0.029276416 0.063593693 56.619949341
0.069456719 0.078578502 0.994485438 42.954704285 0.020615999 0.996567011 -0.080182828 -2.496070862 -0.997371972 0.026071547 0.067598291 56.685485840
0.073755257 0.076091774 0.994369209 43.746677399 0.019772356 0.996777356 -0.077742629 -2.554849625 -0.997080386 0.025394950 0.072013065 56.748493195
0.077908278 0.075759672 0.994077742 44.551830292 0.019388853 0.996804774 -0.077487029 -2.624279976 -0.996771991 0.025310911 0.076190457 56.830863953
0.083459817 0.079888098 0.993303776 45.335037231 0.016116962 0.996542931 -0.081502780 -2.673614502 -0.996380806 0.022811251 0.081883721 56.889152527
0.089231931 0.088642381 0.992058516 46.123615265 0.013915119 0.995823681 -0.090230428 -2.732756615 -0.995913565 0.021856045 0.087625809 56.970241547
0.096729331 0.092756242 0.990979135 46.925041199 0.012933800 0.995446861 -0.094436876 -2.803661346 -0.995226681 0.021951940 0.095089197 57.054931641
0.104156941 0.096562967 0.989862144 47.723758698 0.007799883 0.995165646 -0.097901061 -2.863538742 -0.994530261 0.017917885 0.102900207 57.147792816
0.110994585 0.094079740 0.989358068 48.521598816 0.004963949 0.995444238 -0.095215417 -2.939901829 -0.993808568 0.015479517 0.110021941 57.249729156
0.118120939 0.092758186 0.988657415 49.330856323 0.004848055 0.995561659 -0.093985215 -3.007020473 -0.992987394 0.015894683 0.117146984 57.359893799
0.125958070 0.089441791 0.987995267 50.155448914 0.004508290 0.995865345 -0.090729013 -3.073272228 -0.992025316 0.015882220 0.125034079 57.467941284
0.132987231 0.083572827 0.987587929 50.959651947 0.002222977 0.996410906 -0.084618799 -3.148354769 -0.991115272 0.013448603 0.132324129 57.588722229
0.140505001 0.076611176 0.987111390 51.777690887 0.000060685 0.997001052 -0.077387370 -3.200545311 -0.990080059 0.010933213 0.140078977 57.705802917
0.147891879 0.073418118 0.986274660 52.582965851 -0.000718872 0.997248530 -0.074127227 -3.279314756 -0.989003301 0.010253810 0.147537723 57.832477570
0.154925004 0.075303815 0.985052049 53.384468079 -0.000955665 0.997101665 -0.076074667 -3.338781357 -0.987925828 0.010844487 0.154547945 57.969230652
0.160746932 0.081838220 0.983596921 54.164760590 -0.000124959 0.996558130 -0.082896218 -3.396266460 -0.986995697 0.013202402 0.160203859 58.098701477
0.166425541 0.085727118 0.982320368 54.943595886 -0.001548676 0.996235073 -0.086679079 -3.450348139 -0.986052871 0.012904313 0.165931717 58.227073669
0.171163738 0.088359497 0.981272399 55.713665009 -0.002594316 0.996007323 -0.089233778 -3.519725800 -0.985239208 0.012727860 0.170709565 58.376998901
0.176378548 0.087900110 0.980389833 56.490074158 -0.005860861 0.996080875 -0.088252537 -3.593171120 -0.984304965 0.009819926 0.176202461 58.524730682
0.181533977 0.084883474 0.979714334 57.258697510 -0.001968161 0.996297061 -0.085955523 -3.659261942 -0.983382761 0.013675612 0.181028798 58.668777466
0.186019212 0.078624383 0.979395211 58.017559052 -0.001162928 0.996810019 -0.079801552 -3.712484837 -0.982545435 0.013705654 0.185517222 58.817237854
0.189500690 0.072773091 0.979180038 58.769569397 -0.002631628 0.997283757 -0.073609255 -3.766511202 -0.981877089 0.011372166 0.189177409 58.966167450
0.192662716 0.068840116 0.978847444 59.507949829 -0.006638483 0.997604787 -0.068852663 -3.833293676 -0.981242597 0.006767279 0.192658201 59.122436523
0.195961520 0.068963639 0.978183508 60.246891022 -0.007929219 0.997602761 -0.068744250 -3.884491920 -0.980579495 0.005714998 0.196038604 59.272579193
0.198008209 0.070973650 0.977627397 60.959609985 -0.009907233 0.997469068 -0.070407510 -3.935329914 -0.980150223 0.004255682 0.198210239 59.423343658
0.199714914 0.075444572 0.976945281 61.661949158 -0.014289072 0.997149587 -0.074083760 -3.988020182 -0.979749799 0.000835992 0.200223684 59.575569153
0.201588377 0.079417720 0.976245344 62.353065491 -0.014892957 0.996840715 -0.078017853 -4.038492680 -0.979357004 0.001188313 0.202134296 59.730381012
0.202919364 0.084882811 0.975509465 63.031276703 -0.015830176 0.996389806 -0.083406806 -4.093595505 -0.979067504 0.001482370 0.203530505 59.891319275
0.204592422 0.086988822 0.974974334 63.709648132 -0.015239579 0.996205807 -0.085685171 -4.146712303 -0.978728592 0.002672340 0.205141783 60.036922455
0.206559017 0.086755767 0.974580348 64.395332336 -0.017166227 0.996229351 -0.085044593 -4.202409744 -0.978283525 0.000836863 0.207269400 60.178478241
0.206984565 0.083791874 0.974749386 65.059684753 -0.017167825 0.996483207 -0.082014650 -4.258654594 -0.978193581 0.000241441 0.207695186 60.324737549
0.207563177 0.081297927 0.974837542 65.716621399 -0.017127113 0.996689856 -0.079473615 -4.313201427 -0.978071630 -0.000200359 0.208268508 60.469718933
0.207731411 0.079955563 0.974912703 66.368591309 -0.015623868 0.996797860 -0.078421347 -4.362881184 -0.978061140 0.001058671 0.208315447 60.605819702
0.205781698 0.079226755 0.975385547 66.996520996 -0.015911395 0.996856451 -0.077613845 -4.413200378 -0.978468537 0.000451762 0.206395403 60.749473572
0.204002514 0.080033816 0.975693345 67.610725403 -0.018543018 0.996789694 -0.077887245 -4.477448463 -0.978794754 -0.002203109 0.204831645 60.881412506
0.202147394 0.082803242 0.975848377 68.230308533 -0.018743372 0.996563971 -0.080678314 -4.524865150 -0.979175746 -0.001981778 0.203004807 61.010620117
0.199853390 0.086590901 0.975992143 68.828063965 -0.016715925 0.996243834 -0.084964730 -4.574730873 -0.979683280 0.000665876 0.200550124 61.133140564
0.198177740 0.087214567 0.976278305 69.433547974 -0.014782656 0.996186137 -0.085992239 -4.624528885 -0.980054617 0.002609761 0.198711157 61.258598328
0.196166605 0.086499773 0.976747930 70.020210266 -0.015517877 0.996250749 -0.085110359 -4.666594028 -0.980447769 0.001538756 0.196773365 61.373645782
0.193588763 0.083342604 0.977536261 70.607215881 -0.015818080 0.996520877 -0.081828602 -4.716694832 -0.980955243 0.000378353 0.194233567 61.495754242
0.191467822 0.079082139 0.978307664 71.184951782 -0.015232602 0.996868134 -0.077601247 -4.769598961 -0.981380701 -0.000044031 0.192072794 61.612598419
0.189874962 0.078352354 0.978676856 71.742019653 -0.011564387 0.996919811 -0.077569246 -4.814100266 -0.981740177 0.003410662 0.190196231 61.709892273
0.187850505 0.079867229 0.978945017 72.297607422 -0.008218109 0.996781409 -0.079745434 -4.858254433 -0.982163191 0.006935143 0.187902212 61.818687439
0.185511589 0.081915289 0.979221880 72.846961975 -0.003992811 0.996573865 -0.082610428 -4.899315357 -0.982634008 0.011415344 0.185203075 61.918567657
0.183790639 0.083870471 0.979380786 73.394599915 -0.004606874 0.996415854 -0.084464759 -4.939045906 -0.982954681 0.011011946 0.183518246 62.020698547
0.182385504 0.086459257 0.979418457 73.934967041 -0.005316650 0.996198475 -0.086950466 -4.984223366 -0.983212769 0.010651280 0.182151824 62.121391296
0.181212381 0.084814228 0.979780018 74.474975586 -0.003361579 0.996321738 -0.085624442 -5.028890610 -0.983438253 0.012222601 0.180830970 62.220939636
0.182247311 0.083346859 0.979713917 75.026069641 0.002890504 0.996351063 -0.085299946 -5.067424774 -0.983248472 0.018377548 0.181341425 62.309364319
0.184212849 0.081488520 0.979502618 75.581481934 0.007868401 0.996403039 -0.084374323 -5.108764172 -0.982854903 0.023249954 0.182909071 62.412231445
0.186033085 0.080876358 0.979209244 76.131752014 0.010427681 0.996387839 -0.084276281 -5.154630184 -0.982488215 0.025889060 0.184517741 62.518356323
0.189437166 0.080917656 0.978552938 76.691513062 0.007570566 0.996448457 -0.083863027 -5.197181702 -0.981863678 0.023294972 0.188151777 62.638641357
0.194970757 0.081603155 0.977408528 77.261375427 0.006356393 0.996406794 -0.084457278 -5.242533684 -0.980788469 0.022679489 0.193751514 62.762550354
0.201853976 0.079795673 0.976159573 77.805488586 0.007948469 0.996509194 -0.083102763 -5.290339947 -0.979383349 0.024533601 0.200515121 62.862998962
0.209357023 0.080536507 0.974517047 78.369743347 0.006085217 0.996475816 -0.083658539 -5.325595856 -0.977820396 0.023444651 0.208129138 62.992950439
0.217560917 0.078239448 0.972905874 78.940620422 0.006127449 0.996652901 -0.081519380 -5.374995232 -0.976027429 0.023696860 0.216353297 63.132827759
0.226529032 0.077872030 0.970886469 79.519248962 0.002783140 0.996742964 -0.080595292 -5.421453476 -0.974000454 0.020959286 0.225574508 63.278816223
0.236039519 0.077773377 0.968626201 80.103340149 0.001683527 0.996757865 -0.080442406 -5.461538315 -0.971741974 0.020618292 0.235143319 63.434150696
0.245746195 0.081427850 0.965907991 80.700721741 -0.004099626 0.996543705 -0.082967497 -5.516254902 -0.969325542 0.016429082 0.245230734 63.600566864
0.255123019 0.083216555 0.963320971 81.291564941 -0.006949355 0.996421635 -0.084235534 -5.557162285 -0.966883600 0.014795962 0.254788429 63.772624969
0.265830278 0.086706758 0.960112453 81.870338440 -0.011123282 0.996156514 -0.086882085 -5.585925102 -0.963955700 0.012416290 0.265772998 63.942539215
0.275899649 0.088471897 0.957106054 82.485435486 -0.012480592 0.996000767 -0.088469461 -5.637655258 -0.961105466 0.012463446 0.275900483 64.134071350
0.285814375 0.089218087 0.954122782 83.109527588 -0.015320533 0.995954752 -0.088540323 -5.685639381 -0.958162546 0.010688433 0.286025077 64.331275940
0.296039522 0.089952096 0.950930655 83.739776611 -0.017123656 0.995895624 -0.088874623 -5.740614414 -0.955022216 0.010026995 0.296364754 64.541168213
0.306181610 0.091071412 0.947606802 84.366546631 -0.021253619 0.995819271 -0.088837683 -5.781932831 -0.951735854 0.007060390 0.306837201 64.754302979
0.316682756 0.086387560 0.944589376 85.026824951 -0.020475896 0.996234655 -0.084246024 -5.827663422 -0.948310494 0.007337948 0.317259163 64.984756470
0.327368915 0.078783847 0.941606462 85.688316345 -0.016969901 0.996847451 -0.077505901 -5.885211945 -0.944744170 0.009394054 0.327673823 65.213638306
0.338391960 0.074723423 0.938033700 86.351211548 -0.015471608 0.997149229 -0.073851228 -5.933242798 -0.940878034 0.010477769 0.338583350 65.463417053
0.348623633 0.071402103 0.934539020 87.034988403 -0.016394842 0.997405946 -0.070089363 -5.982180595 -0.937119424 0.009113192 0.348889947 65.727966309
0.358236939 0.069158584 0.931065679 87.723236084 -0.009984410 0.997479379 -0.070250116 -6.020122528 -0.933577359 0.015870046 0.358024478 65.992942810
0.366784006 0.063756660 0.928118825 88.418975830 -0.003499765 0.997736335 -0.067155927 -6.058904648 -0.930299461 0.021383530 0.366176903 66.258575439
0.373756766 0.054540962 0.925921857 89.137870789 0.006055036 0.998104870 -0.061237037 -6.099563122 -0.927506924 0.028494252 0.372718215 66.538604736
0.380756319 0.049913954 0.923327267 89.846244812 0.011459835 0.998210609 -0.058687799 -6.144484997 -0.924604416 0.032926928 0.379502982 66.831306458
0.387912810 0.049722601 0.920354009 90.550865173 0.013385772 0.998134673 -0.059566610 -6.195016384 -0.921598911 0.035426300 0.386523604 67.134078979
0.395499736 0.056375265 0.916734278 91.274063110 0.015527809 0.997561336 -0.068044834 -6.232376099 -0.918334842 0.041146588 0.393659920 67.442619324
0.402833849 0.060655151 0.913261116 91.979095459 0.019650010 0.996998489 -0.074884169 -6.273432732 -0.915062189 0.048111465 0.400432974 67.747146606
0.407789618 0.062808685 0.910912991 92.686485291 0.017503968 0.996910274 -0.076574318 -6.324968338 -0.912908137 0.047170810 0.405430257 68.076293945
0.412557900 0.064074069 0.908675134 93.394119263 0.010512708 0.997121751 -0.075083777 -6.387384415 -0.910870612 0.040529042 0.410696924 68.406127930
0.416462064 0.067908727 0.906613290 94.080062866 0.003745633 0.997069836 -0.076404862 -6.443347454 -0.909145236 0.035215568 0.414987385 68.741043091
0.420330316 0.070907116 0.904596448 94.759811401 0.003020128 0.996827185 -0.079539970 -6.502513409 -0.907366157 0.036165062 0.418782532 69.071136475
0.424219429 0.075716913 0.902388453 95.429977417 -0.001018969 0.996537507 -0.083137676 -6.559064865 -0.905558884 0.034349114 0.422827721 69.392822266
0.428077132 0.077854201 0.900382519 96.101745605 -0.002974040 0.996398449 -0.084742516 -6.615647793 -0.903737307 0.033598557 0.426766902 69.713180542
0.432032645 0.076769389 0.898584545 96.765625000 -0.004467642 0.996540368 -0.082990095 -6.672586918 -0.901846945 0.031839870 0.430880904 70.040618896
0.436271369 0.073054239 0.896844685 97.416290283 -0.002959761 0.996809900 -0.079757310 -6.734731674 -0.899810314 0.032141376 0.435095757 70.354957581
0.439714074 0.070497043 0.895366848 98.046409607 -0.003254218 0.997033298 -0.076903641 -6.785694599 -0.898131967 0.030901894 0.438638955 70.666526794
0.443109751 0.069859594 0.893741250 98.676116943 -0.005002670 0.997136176 -0.075461194 -6.846583366 -0.896453440 0.028966498 0.442190200 70.993171692
0.446356058 0.071606413 0.891985834 99.307205200 -0.006883542 0.997038424 -0.076595202 -6.895565510 -0.894828975 0.028048716 0.445527017 71.316368103
0.449142009 0.072441399 0.890518785 99.916992188 -0.006405774 0.996943057 -0.077867925 -6.946325302 -0.893437386 0.029269299 0.448233068 71.625648499
0.451107830 0.070350230 0.889692426 100.520050049 -0.003730539 0.997028291 -0.076946013 -6.996670246 -0.892461658 0.031391930 0.450029731 71.937683105
0.452843159 0.069338106 0.888889909 101.109458923 -0.002134277 0.997052908 -0.076688074 -7.047137260 -0.891587615 0.032830536 0.451656550 72.237075806
0.454769313 0.068823494 0.887946010 101.692352295 -0.002948990 0.997120500 -0.075775094 -7.099051476 -0.890604377 0.031841651 0.453662813 72.543205261
0.456507772 0.068285301 0.887095094 102.265426636 -0.001466823 0.997106850 -0.075998738 -7.147684097 -0.889718175 0.033392809 0.455287158 72.851379395
0.459242553 0.070159711 0.885535955 102.837265015 -0.002764964 0.996984184 -0.077555664 -7.199719906 -0.888306618 0.033168383 0.458051503 73.141487122
0.462115794 0.069961272 0.884055674 103.393501282 0.000528191 0.996861458 -0.079164430 -7.247332573 -0.886819422 0.037050083 0.460628420 73.432975769
0.465140820 0.069392368 0.882512748 103.944869995 0.002230332 0.996827960 -0.079556532 -7.294126034 -0.885233939 0.038973298 0.463510573 73.723060608
0.468279928 0.067584030 0.880991697 104.489959717 0.005122312 0.996846080 -0.079194315 -7.344695091 -0.883565366 0.041597828 0.466456771 74.013572693
0.471540540 0.066725388 0.879316330 105.010314941 0.006455973 0.996845245 -0.079105936 -7.389400005 -0.881820738 0.042978503 0.469622165 74.288513184
0.474599391 0.066182002 0.877710283 105.524688721 0.007798507 0.996813953 -0.079379618 -7.432329178 -0.880167425 0.044518352 0.472571135 74.571266174
0.478254348 0.065507106 0.875774980 106.039535522 0.007529223 0.996871769 -0.078676693 -7.485634804 -0.878189087 0.044221371 0.476265103 74.855491638
0.481857508 0.065122560 0.873826325 106.554260254 0.009331639 0.996796608 -0.079432771 -7.526618481 -0.876199961 0.046429507 0.479706198 75.137084961
0.485830575 0.066083804 0.871551275 107.054466248 0.008857072 0.996714294 -0.080511272 -7.574070930 -0.874008060 0.046834230 0.483649015 75.416748047
0.489821821 0.066557996 0.869278252 107.556884766 0.010891134 0.996536553 -0.082438730 -7.617495537 -0.871754527 0.049847711 0.487400472 75.711242676
0.494608819 0.069613576 0.866323292 108.050132751 0.009081773 0.996318638 -0.085244432 -7.664973259 -0.869068265 0.050030388 0.492155850 75.999176025
0.500218570 0.075341322 0.862615287 108.528526306 0.006016553 0.995881021 -0.090469755 -7.706578732 -0.865878165 0.050444625 0.497704983 76.286453247
0.505935073 0.082609594 0.858606637 109.005386353 0.000181911 0.995393038 -0.095877506 -7.759111404 -0.862571537 0.048663996 0.503589272 76.577835083
0.512211800 0.088927716 0.854242921 109.486717224 -0.004745387 0.994902968 -0.100725226 -7.804267883 -0.858846009 0.047538947 0.510023057 76.878349304
0.518348753 0.093408838 0.850052595 109.965049744 -0.008521523 0.994531453 -0.104088746 -7.859793186 -0.855126917 0.046710536 0.516310215 77.190742493
0.524087191 0.093608849 0.846504569 110.449874878 -0.012761338 0.994692802 -0.102095127 -7.913129330 -0.851568997 0.042704225 0.522500277 77.499176025
0.529440224 0.092910066 0.843244195 110.944961548 -0.019561613 0.995057464 -0.097355150 -7.963316917 -0.848121703 0.035048507 0.528640866 77.826957703
0.535327971 0.090561904 0.839775324 111.444549561 -0.025453405 0.995513618 -0.091131143 -8.011478424 -0.844260693 0.027409898 0.535231292 78.163322449
0.540992022 0.088879064 0.836318314 111.947807312 -0.032021288 0.995855987 -0.085120082 -8.065868378 -0.840417981 0.019269291 0.541595995 78.514099121
0.547086895 0.086885497 0.832554400 112.458312988 -0.034454793 0.996093094 -0.081311516 -8.115178108 -0.836366415 0.015798967 0.547942936 78.861785889
0.553538442 0.090321794 0.827911317 112.977302551 -0.040093932 0.995839059 -0.081835374 -8.166332245 -0.831857979 0.012104801 0.554856598 79.220176697
0.559650302 0.094307363 0.823345363 113.495964050 -0.043893449 0.995482624 -0.084188670 -8.211265564 -0.827565610 0.010976759 0.561261654 79.592712402
0.565740705 0.097578451 0.818789244 114.025756836 -0.046386994 0.995167196 -0.086547136 -8.255122185 -0.823277473 0.010982070 0.567533135 79.982505798
0.571889818 0.100011788 0.814211011 114.555099487 -0.049180739 0.994935095 -0.087666780 -8.304268837 -0.818854868 0.010092235 0.573911846 80.359657288
