1.000000000 0.000000000 0.000000000 0.000000000 0.000000000 1.000000000 0.000000000 0.000000000 0.000000000 0.000000000 1.000000000 0.000000000
1.000000000 -0.000053673 0.000116862 -0.014770059 0.000053505 0.999998987 0.001436665 -0.012564945 -0.000116939 -0.001436659 0.999998987 1.315549493
0.999998450 -0.001576891 -0.000677054 -0.009809516 0.001578127 0.999997020 0.001827892 -0.040692002 0.000674169 -0.001828958 0.999998093 2.618564367
0.999996126 -0.002701172 -0.000658859 -0.015064480 0.002701687 0.999996066 0.000782522 -0.055839676 0.000656743 -0.000784299 0.999999404 3.931371212
0.999995530 -0.002951076 -0.000552405 -0.025108853 0.002951535 0.999995351 0.000833234 -0.073105581 0.000549943 -0.000834861 0.999999464 5.259894848
0.999992967 -0.003686856 -0.000648061 -0.024770053 0.003688101 0.999991357 0.001929860 -0.101360247 0.000640940 -0.001932237 0.999997914 6.574387550
0.999986589 -0.005149827 -0.000441563 -0.030906221 0.005151131 0.999982178 0.003003028 -0.116172120 0.000426090 -0.003005262 0.999995351 7.898016930
0.999989390 -0.004567689 -0.000462859 -0.040121868 0.004569304 0.999983191 0.003549785 -0.135664463 0.000446637 -0.003551863 0.999993563 9.238289833
0.999993324 -0.003569488 -0.000705545 -0.048450027 0.003570583 0.999992371 0.001557457 -0.150801957 0.000699980 -0.001559966 0.999998510 10.588567734
0.999998689 -0.001327857 -0.001020131 -0.055260364 0.001327640 0.999999046 -0.000213066 -0.178323895 0.001020413 0.000211712 0.999999464 11.916650772
0.999996901 0.002411481 -0.000609752 -0.074716173 -0.002412125 0.999996483 -0.001057207 -0.201954797 0.000607201 0.001058675 0.999999285 13.255376816
0.999989033 0.004659438 -0.000442546 -0.094562627 -0.004660006 0.999988317 -0.001290207 -0.219696417 0.000436529 0.001292255 0.999999046 14.594032288
0.999982715 0.005842749 -0.000641683 -0.095486663 -0.005843137 0.999982834 -0.000602781 -0.238913164 0.000638150 0.000606520 0.999999523 15.951954842
0.999994576 0.003283111 0.000216033 -0.112865403 -0.003283633 0.999991596 0.002460892 -0.264598489 -0.000207951 -0.002461588 0.999996960 17.305526733
0.999999583 -0.000872719 0.000351706 -0.116313092 0.000871180 0.999990165 0.004351784 -0.284052879 -0.000355500 -0.004351476 0.999990463 18.659585953
0.999995053 -0.003127103 0.000163289 -0.122739963 0.003126778 0.999993205 0.001948234 -0.298973829 -0.000169380 -0.001947715 0.999998152 20.004138947
0.999989152 -0.004664004 -0.000010817 -0.124141082 0.004664006 0.999989092 0.000208677 -0.327071875 0.000009844 -0.000208725 1.000000000 21.376691818
0.999998033 -0.001632466 0.001157929 -0.146815315 0.001634286 0.999997437 -0.001572849 -0.341614395 -0.001155358 0.001574738 0.999998152 22.722274780
0.999998689 0.000656430 0.001485701 -0.148164704 -0.000657153 0.999999642 0.000486711 -0.361488223 -0.001485381 -0.000487687 0.999998748 24.106313705
0.999997556 0.001327421 0.001815854 -0.151403829 -0.001335051 0.999990284 0.004206749 -0.382808506 -0.001810253 -0.004209163 0.999989450 25.480028152
0.999997258 -0.000746164 0.002214440 -0.153077573 0.000732641 0.999981046 0.006101332 -0.393515646 -0.002218951 -0.006099693 0.999978960 26.862855911
0.999980211 -0.006086193 0.001592728 -0.132230461 0.006079391 0.999972522 0.004241747 -0.412828714 -0.001618500 -0.004231981 0.999989748 28.308931351
0.999980628 -0.005981371 0.001699966 -0.135940462 0.005978296 0.999980450 0.001808593 -0.425046682 -0.001710750 -0.001798396 0.999996960 29.685613632
0.999976099 -0.006418762 0.002574380 -0.143526822 0.006420455 0.999979138 -0.000650301 -0.449799418 -0.002570152 0.000666814 0.999996483 31.057310104
0.999990046 -0.003119615 0.003208476 -0.154321313 0.003123444 0.999994397 -0.001189432 -0.474056959 -0.003204747 0.001199441 0.999994218 32.436683655
0.999990702 -0.002067734 0.003783863 -0.164475426 0.002081310 0.999991417 -0.003587498 -0.497917652 -0.003776412 0.003595340 0.999986351 33.809906006
0.999992013 -0.001395844 0.003753725 -0.161712542 0.001407070 0.999994636 -0.002989641 -0.521042824 -0.003749532 0.002994898 0.999988437 35.202617645
0.999991775 -0.000873700 0.003940659 -0.180802166 0.000880825 0.999997973 -0.001806548 -0.547351778 -0.003939072 0.001810005 0.999990582 36.593486786
0.999993265 0.000649487 0.003580675 -0.185705379 -0.000649107 0.999999762 -0.000107382 -0.571205020 -0.003580744 0.000105057 0.999993563 37.991950989
0.999989092 0.002815590 0.003716643 -0.195135400 -0.002818080 0.999995828 0.000664927 -0.605149269 -0.003714755 -0.000675393 0.999992788 39.388835907
0.999977529 0.005299577 0.004106286 -0.204170465 -0.005300115 0.999985933 0.000120084 -0.623740971 -0.004105592 -0.000141845 0.999991536 40.786174774
0.999964714 0.007467132 0.003825836 -0.211041614 -0.007468908 0.999972105 0.000450674 -0.643162131 -0.003822363 -0.000479233 0.999992609 42.202297211
0.999959767 0.008309044 0.003375471 -0.212102771 -0.008310645 0.999965310 0.000460469 -0.664014101 -0.003371528 -0.000488503 0.999994278 43.608512878
0.999966681 0.007491737 0.003219848 -0.227133006 -0.007492654 0.999971867 0.000272388 -0.686122954 -0.003217718 -0.000296504 0.999994695 45.005504608
0.999977350 0.006370571 0.002148898 -0.221224383 -0.006370454 0.999979734 -0.000061813 -0.707445920 -0.002149248 0.000048122 0.999997616 46.408782959
0.999983609 0.005570447 0.001258412 -0.231543064 -0.005570686 0.999984443 0.000186699 -0.730479896 -0.001257353 -0.000193706 0.999999106 47.808166504
0.999983847 0.005680594 0.000135738 -0.232475832 -0.005680717 0.999983490 0.000924275 -0.745623529 -0.000130485 -0.000925032 0.999999464 49.240898132
0.999980390 0.006182078 -0.000971717 -0.244644552 -0.006181025 0.999980330 0.001082026 -0.776798904 0.000978387 -0.001075998 0.999998927 50.641792297
0.999977291 0.006371495 -0.002181507 -0.259035140 -0.006368104 0.999978542 0.001557805 -0.795634210 0.002191386 -0.001543877 0.999996424 52.053115845
0.999975145 0.006282100 -0.003197555 -0.271359175 -0.006274109 0.999977112 0.002503199 -0.819119453 0.003213208 -0.002483075 0.999991775 53.475189209
0.999980867 0.004836704 -0.003863002 -0.282651722 -0.004823867 0.999982834 0.003325161 -0.837118030 0.003879018 -0.003306463 0.999987066 54.912681580
0.999984324 0.002940736 -0.004748893 -0.291851014 -0.002922668 0.999988496 0.003807170 -0.860259950 0.004760034 -0.003793231 0.999981463 56.348934174
0.999986410 0.000717979 -0.005179470 -0.306239873 -0.000701187 0.999994516 0.003242975 -0.876421571 0.005181771 -0.003239299 0.999981344 57.768222809
0.999985099 -0.000703677 -0.005408970 -0.318469375 0.000723390 0.999993086 0.003643503 -0.902186275 0.005406370 -0.003647362 0.999978721 59.177845001
0.999985158 -0.001970599 -0.005076410 -0.328904241 0.001992598 0.999988616 0.004332154 -0.919423401 0.005067815 -0.004342204 0.999977708 60.604858398
0.999988437 -0.002454793 -0.004138200 -0.346649259 0.002474494 0.999985516 0.004762246 -0.937795758 0.004126451 -0.004772430 0.999980092 62.025718689
0.999983251 -0.004473885 -0.003699132 -0.364659369 0.004492243 0.999977529 0.004969467 -0.966281235 0.003676817 -0.004986002 0.999980807 63.428497314
0.999977946 -0.005730902 -0.003361459 -0.364547253 0.005743557 0.999976397 0.003767059 -0.985526323 0.003339791 -0.003786283 0.999987185 64.815284729
0.999978006 -0.005932798 -0.002974379 -0.364096254 0.005942712 0.999976754 0.003335557 -1.003618836 0.002954520 -0.003353159 0.999989986 66.231361389
0.999989986 -0.003948561 -0.002108248 -0.381493092 0.003955142 0.999987304 0.003126669 -1.022275448 0.002095875 -0.003134977 0.999992907 67.628349304
0.999998510 -0.000887523 -0.001453303 -0.401110411 0.000894261 0.999988854 0.004642291 -1.043238997 0.001449167 -0.004643585 0.999988198 69.033638000
0.999997139 0.002166137 -0.000985135 -0.404610276 -0.002160543 0.999981701 0.005644320 -1.060397983 0.000997344 -0.005642175 0.999983549 70.475631714
0.999981225 0.006112804 0.000122245 -0.422319889 -0.006113440 0.999962449 0.006144282 -1.076258540 -0.000084682 -0.006144914 0.999981165 71.874732971
0.999939322 0.011007735 0.000380840 -0.438602418 -0.011009703 0.999923468 0.005630035 -1.095404506 -0.000318837 -0.005633887 0.999984086 73.265861511
0.999902129 0.013931469 0.001256331 -0.461961806 -0.013937494 0.999890685 0.004922386 -1.109620452 -0.001187618 -0.004939414 0.999987125 74.645240784
0.999888420 0.014865521 0.001426851 -0.454947948 -0.014872584 0.999876499 0.005074125 -1.132600904 -0.001351245 -0.005094780 0.999986112 76.026367188
0.999886453 0.014982749 0.001604460 -0.462656677 -0.014990995 0.999873817 0.005255371 -1.146051526 -0.001525518 -0.005278827 0.999984920 77.441680908
0.999886096 0.014950980 0.002041703 -0.477357358 -0.014960141 0.999877810 0.004547696 -1.161993980 -0.001973461 -0.004577723 0.999987662 78.825416565
0.999915004 0.012908185 0.001822419 -0.484040231 -0.012915346 0.999908626 0.003974549 -1.186168790 -0.001770949 -0.003997747 0.999990463 80.186592102
0.999925077 0.012193188 0.001087939 -0.487555176 -0.012197522 0.999917328 0.004068930 -1.204195619 -0.001038236 -0.004081895 0.999991119 81.563880920
0.999928832 0.011896499 0.000918685 -0.488803089 -0.011900139 0.999920964 0.004063417 -1.224118233 -0.000870272 -0.004074059 0.999991298 82.916450500
0.999938011 0.011132204 0.000065156 -0.493063450 -0.011132366 0.999931633 0.003580612 -1.239628434 -0.000025291 -0.003581116 0.999993503 84.290451050
0.999933898 0.011492766 -0.000371501 -0.514971018 -0.011491217 0.999926269 0.003932064 -1.253553152 0.000416664 -0.003927535 0.999992192 85.644950867
0.999937832 0.011044519 -0.001541851 -0.516924679 -0.011037129 0.999927878 0.004721310 -1.278075337 0.001593885 -0.004703999 0.999987662 87.005737305
0.999961197 0.008441718 -0.002554131 -0.533063650 -0.008426644 0.999947309 0.005856729 -1.294113278 0.002603437 -0.005834979 0.999979615 88.401275635
0.999970436 0.006590313 -0.003961464 -0.538052380 -0.006565443 0.999958873 0.006258897 -1.315854669 0.004002548 -0.006232704 0.999972582 89.740058899
0.999979854 0.004086628 -0.004860911 -0.550453842 -0.004054760 0.999970317 0.006547735 -1.336123705 0.004887525 -0.006527893 0.999966741 91.097137451
0.999980807 0.003324925 -0.005246605 -0.567698717 -0.003294322 0.999977589 0.005830721 -1.353634357 0.005265875 -0.005813325 0.999969244 92.446388245
0.999983549 0.002124373 -0.005327872 -0.583558679 -0.002094000 0.999981582 0.005699948 -1.377444386 0.005339884 -0.005688698 0.999969482 93.777107239
0.999981999 0.002278547 -0.005544748 -0.597314179 -0.002251886 0.999985933 0.004809815 -1.388731718 0.005555629 -0.004797244 0.999972999 95.149368286
0.999983728 0.002361257 -0.005178035 -0.621065974 -0.002338549 0.999987602 0.004387149 -1.411822796 0.005188329 -0.004374968 0.999976993 96.514877319
0.999983370 0.002944066 -0.004963764 -0.637331665 -0.002924019 0.999987543 0.004041201 -1.435000062 0.004975599 -0.004026621 0.999979556 97.852592468
0.999977112 0.004720466 -0.004836363 -0.654460847 -0.004702026 0.999981642 0.003816925 -1.445455432 0.004854291 -0.003794097 0.999981046 99.191200256
0.999974608 0.005348494 -0.004698372 -0.669316173 -0.005322977 0.999971092 0.005426940 -1.465568662 0.004727262 -0.005401792 0.999974251 100.524658203
0.999971986 0.006024766 -0.004447806 -0.691566467 -0.005994931 0.999959648 0.006690727 -1.483212471 0.004487937 -0.006663876 0.999967694 101.871154785
0.999975681 0.005439083 -0.004375490 -0.704530358 -0.005414775 0.999969840 0.005548235 -1.499709606 0.004405536 -0.005524407 0.999975085 103.209426880
0.999974847 0.005800233 -0.004070299 -0.722332418 -0.005788186 0.999978840 0.002965506 -1.520257831 0.004087413 -0.002941872 0.999987304 104.504524231
0.999979496 0.004776496 -0.004267680 -0.731450617 -0.004769573 0.999987185 0.001630970 -1.535881400 0.004275416 -0.001610581 0.999989569 105.854820251
0.999988198 0.002456083 -0.004216971 -0.746381462 -0.002442611 0.999991894 0.003197036 -1.562904119 0.004224789 -0.003186698 0.999985993 107.176887512
0.999992847 0.000041755 -0.003806298 -0.754834175 -0.000023131 0.999988019 0.004892896 -1.577322721 0.003806457 -0.004892773 0.999980748 108.518684387
0.999995530 -0.001245636 -0.002727673 -0.765741229 0.001260624 0.999984205 0.005500135 -1.595948219 0.002720778 -0.005503550 0.999981165 109.841285706
0.999995530 -0.002234438 -0.001974800 -0.773810446 0.002242899 0.999988317 0.004292615 -1.614600062 0.001965185 -0.004297025 0.999988854 111.160530090
0.999999642 -0.000128945 -0.000836288 -0.795659661 0.000130555 0.999998152 0.001925447 -1.635606408 0.000836038 -0.001925556 0.999997795 112.485275269
0.999997914 0.002020742 0.000312269 -0.805003464 -0.002020619 0.999997914 -0.000394109 -1.653348207 -0.000313064 0.000393477 0.999999881 113.823738098
0.999983549 0.005476128 0.001696800 -0.818380892 -0.005475702 0.999984980 -0.000256247 -1.677040458 -0.001698178 0.000246952 0.999998510 115.117370605
0.999970078 0.007036187 0.003214114 -0.828157783 -0.007041150 0.999974132 0.001535295 -1.696697593 -0.003203228 -0.001557880 0.999993682 116.457870483
0.999966860 0.006845258 0.004400864 -0.833384812 -0.006862334 0.999968946 0.003876697 -1.722199321 -0.004374191 -0.003906769 0.999982774 117.784950256
0.999964833 0.006417002 0.005386622 -0.834869206 -0.006438308 0.999971509 0.003947619 -1.733735323 -0.005361138 -0.003982161 0.999977708 119.121871948
0.999956727 0.006816011 0.006318039 -0.835778236 -0.006839803 0.999969542 0.003751765 -1.754350185 -0.006292274 -0.003794817 0.999972999 120.464721680
0.999936104 0.008278354 0.007694594 -0.833474636 -0.008306077 0.999959052 0.003578095 -1.774838924 -0.007664658 -0.003641778 0.999963999 121.802764893
0.999903381 0.010703600 0.008867998 -0.837972820 -0.010729137 0.999938428 0.002836843 -1.790493846 -0.008837088 -0.002931715 0.999956608 123.139587402
0.999885738 0.011316544 0.010016591 -0.835954666 -0.011334972 0.999934137 0.001784749 -1.806993365 -0.009995735 -0.001898083 0.999948204 124.490249634
0.999857903 0.012921870 0.010826327 -0.829860806 -0.012933533 0.999915838 0.001007955 -1.833409071 -0.010812392 -0.001147835 0.999940872 125.820358276
0.999856353 0.011957461 0.012014925 -0.826546490 -0.011969474 0.999927878 0.000928340 -1.852577567 -0.012002961 -0.001072019 0.999927342 127.164329529
0.999860048 0.011326435 0.012309785 -0.806593060 -0.011353336 0.999933302 0.002117707 -1.875245452 -0.012284979 -0.002257168 0.999921978 128.531448364
0.999868989 0.009732123 0.012938926 -0.792619288 -0.009770166 0.999948144 0.002880214 -1.894873977 -0.012910225 -0.003006253 0.999912143 129.869201660
0.999860406 0.009584817 0.013685612 -0.793406963 -0.009627635 0.999948978 0.003066269 -1.908531785 -0.013655524 -0.003197601 0.999901652 131.231338501
0.999882817 0.007315299 0.013446248 -0.776247740 -0.007356145 0.999968529 0.002990915 -1.921073794 -0.013423944 -0.003089478 0.999905169 132.585876465
0.999895215 0.005724379 0.013296813 -0.764934123 -0.005776894 0.999975681 0.003914436 -1.948236108 -0.013274082 -0.003990841 0.999903917 133.950119019
0.999913096 0.004070478 0.012540163 -0.753690898 -0.004118121 0.999984384 0.003775725 -1.967529774 -0.012524598 -0.003827039 0.999914229 135.295745850
0.999930143 0.002772437 0.011490571 -0.747184098 -0.002812830 0.999989867 0.003500590 -1.983311534 -0.011480752 -0.003532667 0.999927878 136.638580322
0.999945164 0.001316915 0.010381353 -0.738351762 -0.001359386 0.999990702 0.004085131 -1.996190071 -0.010375877 -0.004099019 0.999937773 137.994262695
0.999954581 -0.000204573 0.009522065 -0.734366953 0.000158871 0.999988437 0.004800098 -2.023970604 -0.009522935 -0.004798367 0.999943078 139.329360962
0.999964476 -0.000455609 0.008412062 -0.734450221 0.000416276 0.999988914 0.004677014 -2.039624453 -0.008414099 -0.004673347 0.999953628 140.659103394
0.999973178 -0.000990466 0.007256866 -0.728863120 0.000960465 0.999991119 0.004136499 -2.060079575 -0.007260898 -0.004129418 0.999965131 142.008163452
0.999979973 -0.000985606 0.006257329 -0.732005298 0.000961231 0.999992013 0.003897381 -2.078773975 -0.006261120 -0.003891289 0.999972820 143.342956543
0.999980032 -0.003282865 0.005399015 -0.724148154 0.003274878 0.999993503 0.001487632 -2.100558281 -0.005403863 -0.001469921 0.999984324 144.680572510
0.999950230 -0.008929325 0.004444514 -0.716654897 0.008926383 0.999959946 0.000681253 -2.116308928 -0.004450419 -0.000641546 0.999989927 146.043838501
0.999863625 -0.016084716 0.003742921 -0.717933834 0.016071813 0.999864876 0.003452294 -2.144232035 -0.003797944 -0.003391669 0.999987066 147.372344971
0.999736369 -0.022883071 0.001904267 -0.705758691 0.022873877 0.999727190 0.004716273 -2.158755302 -0.002011671 -0.004671473 0.999987066 148.708435059
0.999655366 -0.026242251 0.000747166 -0.695124090 0.026241343 0.999654889 0.001200481 -2.176980019 -0.000778412 -0.001180461 0.999999106 150.056976318
0.999669790 -0.025662757 0.001334101 -0.715604365 0.025664877 0.999669433 -0.001602468 -2.205748081 -0.001292536 0.001636179 0.999997854 151.362075806
0.999752045 -0.022134919 0.002446783 -0.726851344 0.022143519 0.999748468 -0.003544742 -2.233279943 -0.002367705 0.003598043 0.999990761 152.685958862
0.999751687 -0.022101752 0.002882900 -0.728027165 0.022112558 0.999748409 -0.003769917 -2.255531311 -0.002798853 0.003832729 0.999988675 154.046920776
0.999675512 -0.025265351 0.003263735 -0.729280472 0.025267757 0.999680459 -0.000696935 -2.276166916 -0.003245085 0.000779175 0.999994457 155.390045166
0.999531507 -0.030387705 0.003658349 -0.719435334 0.030379962 0.999536097 0.002153648 -2.301249266 -0.003722096 -0.002041498 0.999991000 156.742248535
0.999404669 -0.034303728 0.003690282 -0.717851162 0.034289602 0.999404669 0.003823216 -2.323166609 -0.003819236 -0.003694402 0.999985933 158.069381714
0.999345124 -0.036039077 0.003245530 -0.704233468 0.036027800 0.999344766 0.003468421 -2.343535185 -0.003368403 -0.003349220 0.999988675 159.427734375
0.999408901 -0.034149196 0.003969339 -0.704682052 0.034131836 0.999407947 0.004360995 -2.361876249 -0.004115913 -0.004222936 0.999982655 160.767898560
0.999530971 -0.030261138 0.004696991 -0.692001998 0.030245444 0.999536812 0.003376853 -2.381492138 -0.004797003 -0.003233207 0.999983251 162.143325806
0.999617040 -0.026893767 0.006519147 -0.725734234 0.026885936 0.999637604 0.001286371 -2.402706385 -0.006551382 -0.001110606 0.999977946 163.423507690
0.999685884 -0.023997087 0.007226220 -0.722680986 0.023995006 0.999711931 0.000374656 -2.417821646 -0.007233130 -0.000201145 0.999973834 164.771804810
0.999736428 -0.021638658 0.007674536 -0.729573250 0.021626463 0.999764740 0.001668445 -2.441481590 -0.007708834 -0.001502032 0.999969184 166.120300293
0.999778748 -0.019842084 0.006982882 -0.715979040 0.019833814 0.999802530 0.001251574 -2.466286182 -0.007006336 -0.001112800 0.999974906 167.485427856
0.999825180 -0.017436605 0.006745206 -0.718962789 0.017446686 0.999846637 -0.001438884 -2.481751680 -0.006719084 0.001556314 0.999976218 168.850234985
0.999891400 -0.013336503 0.006263297 -0.720424414 0.013363991 0.999901116 -0.004367886 -2.503277779 -0.006204426 0.004451115 0.999970913 170.204452515
0.999944508 -0.008275233 0.006505972 -0.731867373 0.008310175 0.999951184 -0.005362417 -2.533635616 -0.006461278 0.005416186 0.999964416 171.546875000
0.999969065 -0.003984295 0.006781771 -0.736690462 0.004012333 0.999983370 -0.004125695 -2.562973261 -0.006765222 0.004152779 0.999968469 172.919692993
0.999971509 -0.001100532 0.007470014 -0.743001878 0.001117360 0.999996781 -0.002248976 -2.588044405 -0.007467516 0.002257259 0.999969542 174.282058716
0.999973297 -0.000166094 0.007314232 -0.740376651 0.000166424 0.999999940 -0.000044546 -2.611241102 -0.007314226 0.000045763 0.999973178 175.664596558
0.999970615 -0.003622377 0.006756519 -0.746086478 0.003615708 0.999992967 0.000998915 -2.634333134 -0.006760091 -0.000974456 0.999976695 177.025604248
0.999974668 -0.005051917 0.005016230 -0.739906371 0.005047371 0.999986827 0.000918385 -2.649885893 -0.005020804 -0.000893043 0.999987006 178.406433105
0.999977171 -0.006049380 0.002996796 -0.740187883 0.006058765 0.999976754 -0.003132828 -2.680557966 -0.002977775 0.003150914 0.999990582 179.811645508
0.999989033 -0.004523501 0.001188994 -0.736756027 0.004532304 0.999961555 -0.007507471 -2.705748558 -0.001154989 0.007512778 0.999971092 181.204803467
0.999999583 0.000557076 0.000713691 -0.752468407 -0.000551364 0.999968112 -0.007978930 -2.739714622 -0.000718113 0.007978534 0.999967933 182.620300293
0.999990404 0.004358823 0.000646729 -0.766000986 -0.004354116 0.999965250 -0.007109750 -2.772042990 -0.000677697 0.007106863 0.999974489 184.012649536
0.999977887 0.006550371 0.001158298 -0.784298897 -0.006545977 0.999971509 -0.003756064 -2.801999092 -0.001182869 0.003748399 0.999992251 185.394119263
0.999973953 0.007097733 0.001309913 -0.788719714 -0.007095668 0.999973595 -0.001574260 -2.828538418 -0.001321053 0.001564924 0.999997854 186.791000366
0.999979854 0.006227017 0.001254997 -0.790830553 -0.006226082 0.999980271 -0.000747808 -2.847087145 -0.001259629 0.000739980 0.999998868 188.219177246
0.999989808 0.004390683 0.001059915 -0.795061111 -0.004390423 0.999990284 -0.000248340 -2.867671967 -0.001060995 0.000243684 0.999999344 189.638031006
0.999996901 0.002030919 0.001433725 -0.800398231 -0.002031495 0.999997854 0.000400219 -2.895775080 -0.001432909 -0.000403130 0.999998868 191.081604004
0.999997973 -0.000595409 0.001901239 -0.807417452 0.000594573 0.999999762 0.000440358 -2.916136265 -0.001901500 -0.000439227 0.999998033 192.514251709
0.999989927 -0.003966248 0.002102709 -0.807470322 0.003962886 0.999991000 0.001600501 -2.940700054 -0.002109038 -0.001592152 0.999996483 193.920806885
0.999962389 -0.008233638 0.002707440 -0.802078545 0.008224785 0.999960899 0.003265171 -2.962085247 -0.002734218 -0.003242780 0.999991000 195.355941772
0.999931216 -0.011391045 0.002797833 -0.794108689 0.011382273 0.999930322 0.003130988 -2.981184721 -0.002833303 -0.003098928 0.999991179 196.806518555
0.999954104 -0.009106764 0.002982948 -0.794160724 0.009111046 0.999957502 -0.001425146 -2.999112606 -0.002969843 0.001452259 0.999994516 198.244812012
0.999992847 -0.002194496 0.003090648 -0.800843358 0.002214128 0.999977291 -0.006363035 -3.023912191 -0.003076614 0.006369832 0.999975026 199.664886475
0.999961376 0.007407353 0.004735626 -0.820998430 -0.007376204 0.999951184 -0.006561298 -3.052453279 -0.004783997 0.006526113 0.999967277 201.115966797
0.999872148 0.014930041 0.005727788 -0.836598456 -0.014912617 0.999884069 -0.003072469 -3.077420712 -0.005772996 0.002986659 0.999978840 202.548065186
0.999854982 0.015658457 0.006693856 -0.846273363 -0.015655572 0.999877334 -0.000483373 -3.111708879 -0.006700603 0.000378507 0.999977469 203.962890625
0.999877989 0.014306242 0.006275048 -0.848939300 -0.014303612 0.999897599 -0.000463517 -3.126783133 -0.006281036 0.000373705 0.999980211 205.394546509
0.999931276 0.010523025 0.005192576 -0.840876281 -0.010522045 0.999944627 -0.000216157 -3.154210091 -0.005194564 0.000161506 0.999986470 206.855255127
0.999949455 0.008977851 0.004532654 -0.844903886 -0.008973359 0.999959290 -0.001010637 -3.172230005 -0.004541543 0.000969912 0.999989212 208.309219360
0.999949217 0.009479410 0.003443446 -0.829245567 -0.009474575 0.999954164 -0.001417788 -3.197897911 -0.003456729 0.001385091 0.999993026 209.798156738
0.999934196 0.010826085 0.003772865 -0.847397089 -0.010822317 0.999940932 -0.001018037 -3.229787827 -0.003783663 0.000977138 0.999992371 211.240463257
0.999927700 0.011344297 0.003965357 -0.853100002 -0.011342889 0.999935567 -0.000377564 -3.253398180 -0.003969384 0.000332558 0.999992073 212.699401855
0.999932349 0.011160470 0.003279420 -0.855370998 -0.011158792 0.999937534 -0.000529738 -3.281175613 -0.003285128 0.000493108 0.999994457 214.159027100
0.999935746 0.010865308 0.003252431 -0.863952100 -0.010861323 0.999940217 -0.001240703 -3.312992811 -0.003265717 0.001205298 0.999993920 215.623931885
0.999945581 0.010074792 0.002711054 -0.861073136 -0.010069623 0.999947488 -0.001914502 -3.329322338 -0.002730200 0.001887099 0.999994516 217.089523315
0.999939740 0.010683548 0.002520426 -0.870006263 -0.010678333 0.999940753 -0.002073109 -3.354937792 -0.002542426 0.002046070 0.999994695 218.562072754
0.999936104 0.011072420 0.002266897 -0.878639758 -0.011067444 0.999936342 -0.002194825 -3.381463289 -0.002291054 0.002169596 0.999994934 220.040435791
0.999935687 0.011167860 0.001942701 -0.884005427 -0.011163020 0.999934614 -0.002484036 -3.408614635 -0.001970316 0.002462190 0.999994993 221.525222778
0.999926031 0.012041871 0.001689718 -0.897853017 -0.012037189 0.999923766 -0.002755097 -3.435844183 -0.001722765 0.002734554 0.999994755 222.999526978
0.999933958 0.011445318 0.001043430 -0.893832386 -0.011442329 0.999930561 -0.002828004 -3.464629889 -0.001075725 0.002815879 0.999995470 224.518829346
0.999922872 0.012373302 0.001088492 -0.915159941 -0.012370043 0.999919116 -0.002952119 -3.487607241 -0.001124931 0.002938426 0.999995053 225.996536255
0.999938369 0.011046782 0.001084359 -0.923959553 -0.011043663 0.999934912 -0.002842013 -3.521427870 -0.001115684 0.002829862 0.999995351 227.520141602
0.999951005 0.009804720 0.001291120 -0.940164268 -0.009801316 0.999948561 -0.002616606 -3.551727772 -0.001316709 0.002603824 0.999995708 229.004516602
0.999959767 0.008810500 0.001695248 -0.948632419 -0.008805692 0.999957204 -0.002822116 -3.576180458 -0.001720040 0.002807075 0.999994576 230.522399902
0.999968231 0.007587072 0.002485328 -0.964979827 -0.007581134 0.999968469 -0.002389719 -3.599770784 -0.002503380 0.002370802 0.999994040 232.024291992
0.999967456 0.007813176 0.002010200 -0.956599951 -0.007809429 0.999967754 -0.001864951 -3.634944677 -0.002024706 0.001849191 0.999996245 233.544555664
0.999962926 0.008328535 0.002190329 -0.962156415 -0.008323629 0.999962866 -0.002239160 -3.662143946 -0.002208896 0.002220845 0.999995112 235.058685303
0.999958158 0.008793379 0.002522048 -0.963036120 -0.008787279 0.999958456 -0.002419568 -3.696306944 -0.002543219 0.002397304 0.999993920 236.549224854
0.999939442 0.010462965 0.003415797 -0.973322392 -0.010457169 0.999943793 -0.001710568 -3.725974560 -0.003433503 0.001674745 0.999992728 238.050247192
0.999931753 0.010866477 0.004304705 -0.977016330 -0.010866312 0.999940932 -0.000061575 -3.745248556 -0.004305121 0.000014794 0.999990761 239.566070557
0.999927759 0.010864479 0.005144159 -0.985734046 -0.010867216 0.999940813 0.000504435 -3.771654129 -0.005138374 -0.000560301 0.999986589 241.071716309
0.999922216 0.011067675 0.005759792 -0.986940980 -0.011061925 0.999938250 -0.001029594 -3.794819832 -0.005770832 0.000965800 0.999982893 242.593597412
0.999913514 0.011617200 0.006167050 -0.980091393 -0.011604292 0.999930382 -0.002124702 -3.829975843 -0.006191303 0.002052954 0.999978721 244.111099243
0.999904275 0.012084206 0.006748835 -0.979312599 -0.012073887 0.999925852 -0.001567576 -3.853954554 -0.006767277 0.001485942 0.999976039 245.630615234
0.999908030 0.012119248 0.006087261 -0.961693883 -0.012116270 0.999926388 -0.000526009 -3.888759851 -0.006093189 0.000452206 0.999981344 247.179168701
0.999902844 0.012516388 0.006125454 -0.963047981 -0.012515945 0.999921679 -0.000110662 -3.916006088 -0.006126360 0.000033985 0.999981165 248.701538086
0.999905169 0.012539187 0.005692213 -0.956123531 -0.012540351 0.999921381 0.000168481 -3.943867922 -0.005689654 -0.000239848 0.999983728 250.237289429
0.999880433 0.014228090 0.006058946 -0.955303073 -0.014229710 0.999898672 0.000224871 -3.965735197 -0.006055133 -0.000311061 0.999981582 251.764144897
0.999853730 0.015766554 0.006639772 -0.960135341 -0.015767749 0.999875605 0.000127651 -3.987263441 -0.006636934 -0.000232327 0.999977946 253.292785645
0.999855876 0.015819512 0.006184592 -0.956518233 -0.015822254 0.999874771 0.000394275 -4.017998695 -0.006177580 -0.000492073 0.999980748 254.821365356
0.999875426 0.014509782 0.006225273 -0.954149187 -0.014511870 0.999894738 0.000290385 -4.037683487 -0.006220404 -0.000380689 0.999980509 256.366760254
0.999901175 0.012535273 0.006369163 -0.957905173 -0.012544030 0.999920428 0.001336796 -4.058566570 -0.006351898 -0.001416559 0.999978840 257.903594971
0.999927700 0.010223696 0.006327280 -0.954720914 -0.010235077 0.999946058 0.001769013 -4.081256390 -0.006308853 -0.001833645 0.999978423 259.448181152
0.999940097 0.009179387 0.005953135 -0.946870029 -0.009184283 0.999957502 0.000795788 -4.100317001 -0.005945577 -0.000850415 0.999981999 260.988922119
0.999952137 0.007831144 0.005855125 -0.949105859 -0.007832942 0.999969304 0.000284169 -4.136821747 -0.005852719 -0.000330019 0.999982834 262.512603760
0.999966681 0.005739956 0.005807222 -0.937746167 -0.005752924 0.999981046 0.002218966 -4.161458492 -0.005794376 -0.002252300 0.999980628 264.054260254
0.999965787 0.004351180 0.007038840 -0.958518744 -0.004377530 0.999983430 0.003732351 -4.180537224 -0.007022483 -0.003763036 0.999968231 265.549224854
0.999967277 0.003381071 0.007359898 -0.957529008 -0.003401246 0.999990523 0.002730434 -4.198999882 -0.007350596 -0.002755378 0.999969184 267.093383789
0.999969959 0.002520483 0.007331751 -0.943981051 -0.002533233 0.999995291 0.001730292 -4.219237804 -0.007327355 -0.001748813 0.999971628 268.635101318
0.999964237 0.003432419 0.007725697 -0.939070940 -0.003445128 0.999992788 0.001632295 -4.245105267 -0.007720039 -0.001658852 0.999968767 270.174774170
0.999939084 0.005996649 0.009261367 -0.937857926 -0.006009571 0.999980986 0.001368036 -4.269384384 -0.009252986 -0.001423610 0.999956191 271.730224609
0.999919713 0.007268314 0.010378926 -0.935566545 -0.007279776 0.999972939 0.001066924 -4.291504383 -0.010370891 -0.001142394 0.999945581 273.264312744
0.999891579 0.009167376 0.011522634 -0.921017528 -0.009176936 0.999957561 0.000776895 -4.323342323 -0.011515023 -0.000882553 0.999933302 274.800201416
0.999870539 0.010087904 0.012536142 -0.908521831 -0.010095051 0.999948919 0.000506929 -4.352026463 -0.012530387 -0.000633417 0.999921322 276.338104248
0.999851227 0.011219896 0.013098748 -0.884725451 -0.011217886 0.999937057 -0.000226989 -4.385980129 -0.013100471 0.000080015 0.999914169 277.891387939
0.999846637 0.010022858 0.014361373 -0.874014556 -0.010016221 0.999949694 -0.000534067 -4.412130833 -0.014366005 0.000390139 0.999896705 279.449035645
0.999843359 0.010207085 0.014460241 -0.834217489 -0.010206333 0.999947906 -0.000125765 -4.448314667 -0.014460774 -0.000021840 0.999895453 281.034729004
0.999843478 0.009335322 0.015023548 -0.817274153 -0.009345988 0.999956131 0.000639933 -4.469854832 -0.015016915 -0.000780243 0.999886930 282.621398926
0.999848843 0.008327106 0.015262965 -0.803705275 -0.008340495 0.999964893 0.000813787 -4.493278027 -0.015255652 -0.000940965 0.999883115 284.199737549
0.999858320 0.008001788 0.014812221 -0.774479091 -0.007980317 0.999966979 -0.001508014 -4.522557259 -0.014823800 0.001389594 0.999889135 285.767730713
0.999863386 0.006978229 0.014984898 -0.762559474 -0.006921658 0.999968708 -0.003823787 -4.552227974 -0.015011111 0.003719544 0.999880433 287.342803955
0.999875963 0.006724968 0.014242093 -0.747471154 -0.006670978 0.999970317 -0.003835014 -4.580595493 -0.014267461 0.003739529 0.999891222 288.908874512
0.999897242 0.005752631 0.013126404 -0.730612695 -0.005703500 0.999976575 -0.003777257 -4.610406876 -0.013147824 0.003702003 0.999906719 290.475891113
0.999910533 0.005760780 0.012074771 -0.724557638 -0.005707754 0.999973953 -0.004421348 -4.638902187 -0.012099926 0.004352032 0.999917388 292.012481689
0.999908090 0.006448627 0.011927426 -0.714123487 -0.006392863 0.999968410 -0.004707652 -4.673511028 -0.011957406 0.004630968 0.999917805 293.594665527
0.999915898 0.006794097 0.011047693 -0.695862651 -0.006745661 0.999967515 -0.004415587 -4.702998638 -0.011077334 0.004340692 0.999929249 295.169464111
0.999930799 0.006233999 0.009971215 -0.685669184 -0.006191483 0.999971628 -0.004289083 -4.734378815 -0.009997671 0.004227051 0.999941111 296.740997314
0.999942183 0.005970346 0.008939664 -0.678503752 -0.005945541 0.999978423 -0.002798723 -4.767718315 -0.008956181 0.002745410 0.999956071 298.311248779
0.999938905 0.007263990 0.008334033 -0.674443543 -0.007250257 0.999972224 -0.001676862 -4.789855480 -0.008345985 0.001616335 0.999963880 299.895050049
0.999929905 0.007604231 0.009077064 -0.666092038 -0.007590223 0.999969959 -0.001576618 -4.818978310 -0.009088780 0.001507610 0.999957502 301.483154297
0.999920249 0.007980892 0.009789112 -0.655070484 -0.007963337 0.999966621 -0.001831022 -4.843861580 -0.009803399 0.001752922 0.999950409 303.098358154
0.999925494 0.006671243 0.010221161 -0.650709391 -0.006650843 0.999975801 -0.002028541 -4.871269703 -0.010234446 0.001960410 0.999945641 304.672973633
0.999933362 0.005031333 0.010391378 -0.637664795 -0.005001619 0.999983311 -0.002883403 -4.903542519 -0.010405712 0.002831237 0.999941826 306.263519287
0.999937773 0.003472372 0.010614734 -0.618609428 -0.003419708 0.999981761 -0.004975604 -4.930807590 -0.010631819 0.004938995 0.999931276 307.856506348
0.999941111 0.003056844 0.010409636 -0.610678613 -0.002995280 0.999977946 -0.005924593 -4.963364124 -0.010427515 0.005893064 0.999928296 309.449401855
0.999959767 0.003863904 0.008089134 -0.605847418 -0.003805917 0.999966979 -0.007171605 -4.992009640 -0.008116578 0.007140530 0.999941528 311.062103271
0.999970853 0.004688885 0.006048650 -0.600457311 -0.004650869 0.999969423 -0.006283878 -5.028913021 -0.006077931 0.006255561 0.999961972 312.683166504
0.999967873 0.005629094 0.005708847 -0.600426674 -0.005610678 0.999979019 -0.003236784 -5.057488441 -0.005726948 0.003204649 0.999978542 314.314025879
0.999973416 0.004275979 0.005906783 -0.585341275 -0.004275656 0.999990880 -0.000067142 -5.087103367 -0.005907015 0.000041885 0.999982536 315.966644287
0.999979556 0.003216173 0.005513241 -0.575564206 -0.003219705 0.999994636 0.000631938 -5.111512661 -0.005511179 -0.000649676 0.999984622 317.595550537
0.999977767 0.002515417 0.006196233 -0.580419779 -0.002510349 0.999996483 -0.000825700 -5.130301952 -0.006198289 0.000810126 0.999980450 319.221069336
0.999980152 0.001044954 0.006217534 -0.578946233 -0.001042000 0.999999404 -0.000478241 -5.158463001 -0.006218029 0.000471753 0.999980569 320.830749512
0.999974370 0.001161786 0.007081193 -0.596240342 -0.001158256 0.999999225 -0.000502584 -5.181025505 -0.007081771 0.000494369 0.999974787 322.433807373
0.999969900 0.001340425 0.007653940 -0.591085970 -0.001336506 0.999998987 -0.000517158 -5.207828045 -0.007654626 0.000506913 0.999970555 324.059631348
0.999966562 0.002281456 0.007850584 -0.586950779 -0.002269027 0.999996185 -0.001591716 -5.235146046 -0.007854185 0.001573850 0.999967873 325.672851562
0.999956191 0.003626805 0.008622674 -0.584097922 -0.003608458 0.999991179 -0.002142252 -5.270102501 -0.008630367 0.002111044 0.999960542 327.293426514
0.999957561 0.002057880 0.008982888 -0.571269751 -0.002057843 0.999997854 -0.000013447 -5.301285744 -0.008982897 -0.000005038 0.999959648 328.933898926
0.999957025 0.000877113 0.009222725 -0.566591144 -0.000883853 0.999999344 0.000726689 -5.326471329 -0.009222082 -0.000734809 0.999957144 330.534271240
0.999958098 -0.000420125 0.009138888 -0.557595551 0.000425103 0.999999702 -0.000542835 -5.355520248 -0.009138658 0.000546697 0.999958038 332.165985107
0.999955952 0.001432213 0.009277670 -0.547801852 -0.001425521 0.999998748 -0.000727889 -5.382974148 -0.009278700 0.000714631 0.999956667 333.791809082
0.999954462 0.003221598 0.008981904 -0.548285246 -0.003198968 0.999991775 -0.002532741 -5.415200710 -0.008989988 0.002503893 0.999956429 335.398040771
0.999948919 0.005229714 0.008660275 -0.547346473 -0.005181143 0.999970794 -0.005621462 -5.447888374 -0.008689423 0.005576305 0.999946713 336.995391846
0.999951839 0.006077006 0.007710119 -0.542236924 -0.006038014 0.999968886 -0.005070594 -5.482152939 -0.007740694 0.005023796 0.999957442 338.617156982
0.999952316 0.007168035 0.006642678 -0.542107165 -0.007156141 0.999972761 -0.001812519 -5.512851238 -0.006655489 0.001764897 0.999976277 340.194976807
0.999954641 0.007712206 0.005593583 -0.539659381 -0.007720295 0.999969184 0.001426117 -5.548123837 -0.005582412 -0.001469237 0.999983251 341.812438965
0.999956489 0.008242328 0.004357176 -0.541193128 -0.008242844 0.999966025 0.000100297 -5.575326443 -0.004356202 -0.000136208 0.999990463 343.411682129
0.999967694 0.007715918 0.002247245 -0.540895641 -0.007712360 0.999969125 -0.001587126 -5.600942135 -0.002259422 0.001569744 0.999996245 345.003234863
0.999978960 0.006484262 0.000255197 -0.541112959 -0.006484183 0.999978840 -0.000311262 -5.629701614 -0.000257210 0.000309600 0.999999881 346.597259521
0.999987364 0.004947586 -0.000826021 -0.544496238 -0.004947357 0.999987662 0.000278932 -5.660423756 0.000827391 -0.000274842 0.999999642 348.194732666
0.999987900 0.004837127 -0.000900569 -0.571116686 -0.004837675 0.999988139 -0.000606700 -5.684220314 0.000897623 0.000611049 0.999999404 349.769134521
0.999992847 0.003498872 -0.001378617 -0.577982128 -0.003501093 0.999992549 -0.001612759 -5.711471081 0.001372964 0.001617574 0.999997675 351.358276367
0.999992609 0.003523507 -0.001555736 -0.586290836 -0.003526346 0.999992073 -0.001825676 -5.739013195 0.001549291 0.001831149 0.999997139 352.951507568
0.999994636 0.002882567 -0.001542726 -0.598408103 -0.002885666 0.999993801 -0.002010106 -5.768052578 0.001536922 0.002014547 0.999996722 354.543762207
0.999995828 0.002365327 -0.001659998 -0.606328785 -0.002369689 0.999993742 -0.002630426 -5.797974110 0.001653766 0.002634348 0.999995112 356.140197754
0.999995053 0.002822524 -0.001402977 -0.620448589 -0.002827032 0.999990821 -0.003221168 -5.834853649 0.001393873 0.003225118 0.999993801 357.752471924
0.999996245 0.002258431 -0.001531174 -0.624915004 -0.002262991 0.999992967 -0.002983299 -5.866443157 0.001524426 0.002986753 0.999994397 359.344726562
0.999995768 0.002279513 -0.001800049 -0.629594684 -0.002286228 0.999990404 -0.003737204 -5.899785519 0.001791512 0.003741303 0.999991417 360.943725586
0.999998033 0.000793138 -0.001816695 -0.637180865 -0.000802615 0.999986053 -0.005221618 -5.931551933 0.001812529 0.005223066 0.999984741 362.534576416
0.999997973 -0.000700981 -0.001888724 -0.645224571 0.000694545 0.999993980 -0.003405970 -5.963911057 0.001891100 0.003404652 0.999992430 364.148986816
0.999993324 -0.002852696 -0.002325500 -0.642525673 0.002847218 0.999993205 -0.002355406 -6.000301361 0.002332204 0.002348769 0.999994516 365.748657227
0.999995291 -0.002573208 -0.001677178 -0.661548555 0.002566786 0.999989390 -0.003820119 -6.024457932 0.001686990 0.003815797 0.999991238 367.352691650
0.999998808 -0.001290756 -0.000809769 -0.683030307 0.001286692 0.999986589 -0.004999512 -6.045278072 0.000816211 0.004998464 0.999987185 368.970703125
0.999999583 -0.000305209 -0.000786916 -0.696805298 0.000302341 0.999993324 -0.003641600 -6.091264725 0.000788022 0.003641361 0.999993086 370.563049316
0.999998868 0.001441537 -0.000490890 -0.704856753 -0.001442863 0.999995232 -0.002711762 -6.119592667 0.000486978 0.002712467 0.999996245 372.171722412
0.999999166 0.001243029 -0.000334369 -0.711744905 -0.001244036 0.999994636 -0.003028826 -6.156425476 0.000330603 0.003029239 0.999995291 373.777252197
0.999998629 0.001632385 0.000328473 -0.736988246 -0.001631042 0.999990463 -0.004048926 -6.181829929 -0.000335079 0.004048385 0.999991715 375.371490479
0.999998033 0.001958205 0.000266058 -0.741610885 -0.001957061 0.999989092 -0.004231305 -6.217150688 -0.000274341 0.004230775 0.999991000 376.961029053
0.999997914 0.001959396 0.000560942 -0.739893258 -0.001957107 0.999989867 -0.004053165 -6.254235744 -0.000568878 0.004052058 0.999991596 378.587036133
0.999991357 0.004032990 0.000961354 -0.762044728 -0.004028949 0.999983191 -0.004167540 -6.282820702 -0.000978146 0.004163630 0.999990880 380.222991943
0.999982178 0.005779895 0.001512202 -0.769832015 -0.005774487 0.999977052 -0.003555524 -6.315417290 -0.001532718 0.003546729 0.999992609 381.828155518
0.999971271 0.007238938 0.002228322 -0.789554894 -0.007228942 0.999963939 -0.004462042 -6.346672058 -0.002260542 0.004445806 0.999987543 383.452301025
