1.000000000 0.000000000 0.000000000 0.000000000 0.000000000 1.000000000 0.000000000 0.000000000 0.000000000 0.000000000 1.000000000 0.000000000
1.000000000 -0.000051065 0.000117402 -0.014607869 0.000050896 0.999998987 0.001440267 -0.012579856 -0.000117476 -0.001440261 0.999998927 1.315713763
0.999998510 -0.001608862 -0.000639931 -0.011205374 0.001609981 0.999997139 0.001752685 -0.039422914 0.000637110 -0.001753713 0.999998271 2.618392944
0.999995828 -0.002816974 -0.000646319 -0.016183762 0.002817453 0.999995768 0.000741629 -0.055280112 0.000644227 -0.000743447 0.999999464 3.931155443
0.999995053 -0.003062658 -0.000639639 -0.025128961 0.003063185 0.999994993 0.000825417 -0.073145032 0.000637108 -0.000827373 0.999999464 5.257139683
0.999993026 -0.003666900 -0.000619835 -0.025727620 0.003668021 0.999991536 0.001816335 -0.100275204 0.000613170 -0.001818596 0.999998152 6.576103687
0.999986470 -0.005198903 -0.000329333 -0.032682121 0.005199805 0.999982536 0.002799858 -0.113400936 0.000314771 -0.002801532 0.999996006 7.900721073
0.999989152 -0.004629265 -0.000453103 -0.038495444 0.004630812 0.999983251 0.003475054 -0.136872709 0.000437008 -0.003477115 0.999993801 9.241871834
0.999993622 -0.003506779 -0.000619764 -0.049788330 0.003507765 0.999992490 0.001598410 -0.153602287 0.000614155 -0.001600574 0.999998510 10.587832451
0.999998569 -0.001317157 -0.001087293 -0.049321853 0.001316846 0.999999106 -0.000287462 -0.179535896 0.001087671 0.000286029 0.999999344 11.933203697
0.999997079 0.002349526 -0.000581624 -0.067992210 -0.002350165 0.999996662 -0.001100243 -0.202639908 0.000579037 0.001101606 0.999999166 13.273700714
0.999989450 0.004545236 -0.000565583 -0.087136127 -0.004545936 0.999988854 -0.001244309 -0.223918274 0.000559921 0.001246867 0.999999046 14.608461380
0.999982834 0.005812627 -0.000703645 -0.091684632 -0.005812968 0.999983013 -0.000483750 -0.243033752 0.000700821 0.000487832 0.999999642 15.963120461
0.999994218 0.003392988 -0.000038664 -0.100462593 -0.003392889 0.999991596 0.002299670 -0.265692741 0.000046466 -0.002299526 0.999997377 17.322393417
0.999999762 -0.000715092 0.000012924 -0.103068933 0.000715031 0.999990702 0.004244678 -0.285545051 -0.000015959 -0.004244668 0.999991000 18.676805496
0.999995172 -0.003085621 -0.000219356 -0.109490588 0.003086001 0.999993742 0.001749620 -0.299782991 0.000213955 -0.001750288 0.999998510 20.019922256
0.999987483 -0.004984743 -0.000284654 -0.106303260 0.004984853 0.999987483 0.000387277 -0.331841469 0.000282720 -0.000388692 0.999999821 21.394058228
0.999997377 -0.002098555 0.000901659 -0.129019126 0.002099612 0.999997079 -0.001172755 -0.348789871 -0.000899195 0.001174645 0.999998868 22.741008759
0.999998808 0.000740227 0.001377285 -0.134171396 -0.000740569 0.999999702 0.000247828 -0.358414203 -0.001377101 -0.000248847 0.999998987 24.121858597
0.999997556 0.001329996 0.001727183 -0.134542271 -0.001337630 0.999989271 0.004426493 -0.392085314 -0.001721278 -0.004428792 0.999988735 25.494546890
0.999995232 -0.000513610 0.003020596 -0.151073769 0.000495274 0.999981403 0.006067708 -0.396977276 -0.003023656 -0.006066184 0.999977052 26.861486435
0.999986649 -0.004312120 0.002821420 -0.163232312 0.004300228 0.999981999 0.004207089 -0.408108652 -0.002839511 -0.004194900 0.999987245 28.204261780
0.999984622 -0.005231509 0.001896236 -0.134313941 0.005227959 0.999984562 0.001872223 -0.429797679 -0.001906002 -0.001862280 0.999996364 29.612398148
0.999979436 -0.005842551 0.002613154 -0.137439236 0.005844725 0.999982595 -0.000825030 -0.447761029 -0.002608289 0.000840286 0.999996245 31.003002167
0.999992192 -0.002411294 0.003127909 -0.139735669 0.002415445 0.999996185 -0.001323810 -0.474057108 -0.003124706 0.001331355 0.999994159 32.383781433
0.999993443 -0.000921002 0.003497389 -0.145904362 0.000933733 0.999992967 -0.003640263 -0.496028543 -0.003494011 0.003643505 0.999987245 33.762516022
0.999993145 -0.000353895 0.003662175 -0.147662550 0.000364595 0.999995649 -0.002921420 -0.520828307 -0.003661125 0.002922736 0.999989033 35.146137238
0.999993205 -0.000178238 0.003668963 -0.158760563 0.000184834 0.999998331 -0.001797451 -0.545919418 -0.003668637 0.001798117 0.999991655 36.529773712
0.999994338 0.000819361 0.003260426 -0.154927194 -0.000819624 0.999999583 0.000079416 -0.576808870 -0.003260359 -0.000082088 0.999994695 37.935848236
0.999988139 0.003388290 0.003492099 -0.168562531 -0.003389554 0.999994159 0.000355994 -0.598078132 -0.003490872 -0.000367827 0.999993920 39.339801788
0.999974430 0.006033470 0.003826299 -0.173913494 -0.006033359 0.999981821 -0.000040761 -0.619955122 -0.003826475 0.000017674 0.999992669 40.743331909
0.999961913 0.007938168 0.003620720 -0.179537311 -0.007941642 0.999968052 0.000946739 -0.648349166 -0.003613090 -0.000975458 0.999992967 42.141284943
0.999955297 0.008843957 0.003351209 -0.185476288 -0.008845017 0.999960780 0.000301421 -0.660681367 -0.003348412 -0.000331049 0.999994338 43.565883636
0.999964297 0.007912699 0.002956310 -0.188398018 -0.007913031 0.999968648 0.000100023 -0.681117654 -0.002955426 -0.000123412 0.999995649 44.977233887
0.999969840 0.007325567 0.002570960 -0.200880006 -0.007325233 0.999973178 -0.000139493 -0.708009303 -0.002571914 0.000120656 0.999996603 46.386375427
0.999976516 0.006677602 0.001563212 -0.201648682 -0.006677698 0.999977708 0.000056318 -0.730955303 -0.001562801 -0.000066755 0.999998748 47.801109314
0.999973297 0.007279069 0.000604306 -0.207009345 -0.007279888 0.999972582 0.001364580 -0.756275892 -0.000594357 -0.001368942 0.999998868 49.216888428
0.999970078 0.007723059 -0.000420756 -0.219496235 -0.007722577 0.999969542 0.001134776 -0.775690138 0.000429507 -0.001131493 0.999999285 50.621978760
0.999967337 0.007956303 -0.001511050 -0.231160045 -0.007953907 0.999967217 0.001585770 -0.799691081 0.001523618 -0.001573699 0.999997556 52.048240662
0.999965489 0.007803236 -0.002867765 -0.245387107 -0.007795286 0.999965787 0.002773040 -0.822613239 0.002889305 -0.002750589 0.999992013 53.461502075
0.999973118 0.006594096 -0.003198893 -0.255184948 -0.006582694 0.999971986 0.003561596 -0.844672501 0.003222290 -0.003540444 0.999988496 54.913700104
0.999979198 0.005127101 -0.003909786 -0.261097014 -0.005112789 0.999980211 0.003661674 -0.860823512 0.003928483 -0.003641608 0.999985635 56.359676361
0.999988317 0.002535870 -0.004111900 -0.278264284 -0.002522878 0.999991834 0.003161829 -0.885374665 0.004119884 -0.003151418 0.999986529 57.776847839
0.999989629 0.000870009 -0.004478533 -0.286196411 -0.000853241 0.999992609 0.003744565 -0.908520639 0.004481757 -0.003740705 0.999982953 59.203929901
0.999992907 0.000411560 -0.003740831 -0.302748531 -0.000396503 0.999991834 0.004024898 -0.926374495 0.003742457 -0.004023386 0.999984920 60.619029999
0.999993384 -0.001048779 -0.003480677 -0.307818472 0.001066269 0.999986827 0.005026867 -0.945439100 0.003475359 -0.005030545 0.999981403 62.052516937
0.999996245 -0.001600787 -0.002288155 -0.335435867 0.001611049 0.999988616 0.004489902 -0.972332537 0.002280941 -0.004493571 0.999987304 63.450000763
0.999995172 -0.002786130 -0.001410198 -0.350786507 0.002791265 0.999989331 0.003653130 -0.989842176 0.001400006 -0.003657048 0.999992371 64.857727051
0.999995589 -0.002765602 -0.001085038 -0.353931874 0.002769420 0.999989927 0.003532703 -1.018113136 0.001075257 -0.003535693 0.999993086 66.264335632
0.999998569 -0.001639627 -0.000239710 -0.361260951 0.001640442 0.999992728 0.003439514 -1.034946680 0.000234068 -0.003439903 0.999993980 67.694015503
0.999999166 0.001234985 0.000253593 -0.380106032 -0.001236161 0.999988258 0.004689498 -1.055597425 -0.000247798 -0.004689807 0.999988973 69.076156616
0.999986470 0.005017558 0.001383687 -0.398176223 -0.005025447 0.999970853 0.005757825 -1.072065473 -0.001354757 -0.005764700 0.999982476 70.471778870
0.999959946 0.008670051 0.002224679 -0.409147710 -0.008684598 0.999940395 0.006613891 -1.097774386 -0.002167204 -0.006632946 0.999975622 71.862358093
0.999917030 0.012557582 0.002881855 -0.422808260 -0.012575591 0.999900997 0.006318129 -1.115249276 -0.002802229 -0.006353846 0.999975860 73.257621765
0.999858916 0.016422374 0.003490315 -0.436017364 -0.016441736 0.999849200 0.005592909 -1.135434508 -0.003397939 -0.005649507 0.999978244 74.665946960
0.999825418 0.018198341 0.004225152 -0.442603469 -0.018222170 0.999817789 0.005670525 -1.156977177 -0.004121188 -0.005746528 0.999975026 76.051925659
0.999823034 0.018261209 0.004524126 -0.448235065 -0.018287484 0.999815762 0.005835984 -1.169491172 -0.004416720 -0.005917685 0.999972701 77.451828003
0.999832749 0.017660901 0.004750969 -0.451977193 -0.017686564 0.999828875 0.005415397 -1.189046025 -0.004654516 -0.005498520 0.999974072 78.830657959
0.999857366 0.016246753 0.004614322 -0.453674585 -0.016268099 0.999856830 0.004626255 -1.208759904 -0.004538500 -0.004700662 0.999978662 80.220306396
0.999870181 0.015558506 0.004180605 -0.453101277 -0.015578046 0.999867678 0.004682429 -1.227627158 -0.004107201 -0.004746948 0.999980211 81.603317261
0.999871194 0.015502186 0.004160997 -0.458331853 -0.015522308 0.999867737 0.004847571 -1.247453213 -0.004085299 -0.004911535 0.999979615 82.970970154
0.999882579 0.014981391 0.003227699 -0.449868560 -0.014995045 0.999878526 0.004248484 -1.261909962 -0.003163659 -0.004296384 0.999985754 84.346748352
0.999881685 0.015132170 0.002744113 -0.464034796 -0.015144958 0.999874175 0.004700623 -1.278614759 -0.002672636 -0.004741626 0.999985158 85.719329834
0.999890387 0.014711930 0.001680390 -0.464312136 -0.014721055 0.999876142 0.005553591 -1.302272320 -0.001598478 -0.005577719 0.999983191 87.089462280
0.999919176 0.012687922 0.000832822 -0.479267985 -0.012692819 0.999900401 0.006164979 -1.312910318 -0.000754518 -0.006175051 0.999980628 88.505111694
0.999940872 0.010849401 -0.000724963 -0.470047951 -0.010843949 0.999915659 0.007142256 -1.345018387 0.000802390 -0.007133972 0.999974251 89.854370117
0.999966383 0.008094823 -0.001272168 -0.477371395 -0.008085120 0.999939501 0.007454508 -1.363637924 0.001332434 -0.007443972 0.999971449 91.219665527
0.999974132 0.006995119 -0.001668768 -0.493197799 -0.006983198 0.999950707 0.007046226 -1.387915134 0.001717976 -0.007034391 0.999973774 92.573600769
0.999979854 0.006004137 -0.002035064 -0.502782226 -0.005990677 0.999960542 0.006557452 -1.402014852 0.002074356 -0.006545128 0.999976516 93.908493042
0.999978065 0.006389295 -0.001745529 -0.517630994 -0.006378611 0.999961317 0.006058503 -1.421404719 0.001784170 -0.006047236 0.999980092 95.282775879
0.999980271 0.006163190 -0.001243676 -0.538442731 -0.006156261 0.999965906 0.005500219 -1.437536716 0.001277532 -0.005492454 0.999984086 96.637672424
0.999973297 0.007166884 -0.001380759 -0.541559279 -0.007160092 0.999962509 0.004863467 -1.460737944 0.001415563 -0.004853450 0.999987245 97.978302002
0.999964476 0.008370806 -0.000840547 -0.565522850 -0.008366200 0.999950767 0.005340752 -1.479312420 0.000885212 -0.005333530 0.999985456 99.314331055
0.999959469 0.008988200 -0.000528362 -0.565642893 -0.008984516 0.999937832 0.006606304 -1.497837543 0.000587708 -0.006601288 0.999978065 100.653465271
0.999949455 0.010035662 -0.000502766 -0.584150672 -0.010031247 0.999916613 0.008127892 -1.513854146 0.000584293 -0.008122439 0.999966860 101.983001709
0.999955773 0.009391442 -0.000319622 -0.581610441 -0.009389175 0.999934971 0.006476505 -1.535610676 0.000380424 -0.006473217 0.999978960 103.349174500
0.999955297 0.009449191 -0.000100387 -0.596253216 -0.009448708 0.999947250 0.004042884 -1.548270226 0.000138583 -0.004041755 0.999991775 104.675849915
0.999960899 0.008829678 -0.000326865 -0.599763036 -0.008828653 0.999956489 0.003017429 -1.572640061 0.000353493 -0.003014426 0.999995410 106.005699158
0.999979496 0.006384849 -0.000077018 -0.610518456 -0.006384440 0.999969661 0.004469450 -1.591988564 0.000105552 -0.004468867 0.999990046 107.328758240
0.999990225 0.004372467 0.000619267 -0.619867742 -0.004376249 0.999970913 0.006244828 -1.606252193 -0.000591944 -0.006247477 0.999980330 108.664459229
0.999994993 0.002840385 0.001384815 -0.625348926 -0.002849901 0.999971986 0.006918580 -1.625921130 -0.001365125 -0.006922493 0.999975145 109.995651245
0.999994695 0.002376938 0.002273162 -0.629702866 -0.002388805 0.999983430 0.005232299 -1.636020780 -0.002260689 -0.005237700 0.999983728 111.348716736
0.999985456 0.004515449 0.002954030 -0.640052617 -0.004525105 0.999984384 0.003270823 -1.655080557 -0.002939215 -0.003284143 0.999990284 112.667953491
0.999970376 0.006470780 0.004168810 -0.643209457 -0.006474358 0.999978662 0.000844941 -1.673072934 -0.004163253 -0.000871906 0.999990940 113.998741150
0.999941289 0.009358772 0.005449881 -0.647096097 -0.009363843 0.999955773 0.000905565 -1.692483425 -0.005441164 -0.000956544 0.999984741 115.319686890
0.999918878 0.010596747 0.007070807 -0.647119820 -0.010617384 0.999939442 0.002887807 -1.714462996 -0.007039777 -0.002962645 0.999970853 116.666290283
0.999907315 0.010805475 0.008286420 -0.644975305 -0.010847386 0.999928534 0.005030128 -1.729429722 -0.008231475 -0.005119548 0.999953091 117.993164062
0.999911547 0.009947506 0.008828671 -0.638453245 -0.009998165 0.999933720 0.005712766 -1.749815702 -0.008771259 -0.005800530 0.999944687 119.333518982
0.999893844 0.010639359 0.009951481 -0.632700443 -0.010688091 0.999931157 0.004856761 -1.762355566 -0.009899122 -0.004962607 0.999938726 120.676605225
0.999860823 0.012319975 0.011246593 -0.627300262 -0.012374558 0.999911845 0.004796671 -1.784917235 -0.011186507 -0.004935176 0.999925256 121.999450684
0.999820948 0.014080376 0.012648935 -0.621570587 -0.014138746 0.999889672 0.004537096 -1.797675610 -0.012583657 -0.004715123 0.999909699 123.348999023
0.999791801 0.015132152 0.013688731 -0.616447210 -0.015177717 0.999879599 0.003230789 -1.814795613 -0.013638195 -0.003437880 0.999900997 124.698669434
0.999749959 0.016662734 0.014906640 -0.611951470 -0.016697345 0.999858201 0.002200434 -1.829595447 -0.014867860 -0.002448785 0.999886394 126.043060303
0.999759912 0.015162113 0.015818123 -0.597225189 -0.015199319 0.999881983 0.002234452 -1.849372864 -0.015782379 -0.002474340 0.999872386 127.397323608
0.999742627 0.015091375 0.016939962 -0.586624622 -0.015147137 0.999880195 0.003168058 -1.864294887 -0.016890122 -0.003423834 0.999851465 128.746459961
0.999757409 0.013114619 0.017692648 -0.571489334 -0.013196207 0.999902785 0.004502457 -1.890616417 -0.017631877 -0.004734841 0.999833345 130.098602295
0.999761701 0.012266300 0.018054761 -0.551766157 -0.012352243 0.999912858 0.004656323 -1.902439356 -0.017996071 -0.004878231 0.999826193 131.452133179
0.999771535 0.010211056 0.018778779 -0.543464661 -0.010305314 0.999934733 0.004929556 -1.920572042 -0.018727217 -0.005121951 0.999811530 132.794631958
0.999795079 0.008890231 0.018185837 -0.529788971 -0.008989755 0.999945045 0.005398289 -1.936810374 -0.018136840 -0.005560669 0.999820054 134.150070190
0.999811649 0.007421321 0.017933412 -0.515554190 -0.007516969 0.999957919 0.005272025 -1.955118418 -0.017893529 -0.005405837 0.999825239 135.498168945
0.999844134 0.006129244 0.016554805 -0.500388861 -0.006216581 0.999966979 0.005229191 -1.971299648 -0.016522206 -0.005331290 0.999849319 136.827804565
0.999872983 0.004476744 0.015293956 -0.480002880 -0.004567939 0.999971986 0.005933212 -1.986355543 -0.015266965 -0.006002320 0.999865353 138.184478760
0.999891996 0.003011714 0.014383767 -0.468720913 -0.003101153 0.999975979 0.006199745 -2.002972603 -0.014364749 -0.006243682 0.999877274 139.531265259
0.999912441 0.002809096 0.012931046 -0.456825137 -0.002888196 0.999977231 0.006102391 -2.020434380 -0.012913609 -0.006139203 0.999897778 140.866485596
0.999929488 0.002003303 0.011697404 -0.445345163 -0.002070472 0.999981463 0.005732887 -2.039098263 -0.011685700 -0.005756703 0.999915183 142.207901001
0.999938011 0.002613719 0.010823965 -0.442728639 -0.002672273 0.999981880 0.005398766 -2.056822300 -0.010809657 -0.005427355 0.999926805 143.538360596
0.999954641 -0.000375831 0.009520847 -0.427433968 0.000345878 0.999994993 0.003147466 -2.075251818 -0.009521984 -0.003144029 0.999949694 144.885864258
0.999945402 -0.005530586 0.008868624 -0.418726325 0.005509800 0.999981999 0.002366694 -2.089109421 -0.008881552 -0.002317701 0.999957860 146.244567871
0.999888241 -0.012416767 0.008333487 -0.414583683 0.012376457 0.999911427 0.004871525 -2.105630875 -0.008393238 -0.004767841 0.999953389 147.585037231
0.999781132 -0.019847389 0.006615680 -0.398652911 0.019806180 0.999784529 0.006237145 -2.125236034 -0.006738045 -0.006104749 0.999958694 148.954895020
0.999707580 -0.023535557 0.005554427 -0.380579114 0.023519875 0.999719262 0.002871678 -2.140357256 -0.005620454 -0.002740199 0.999980450 150.311325073
0.999727190 -0.022483174 0.006321921 -0.383106589 0.022484116 0.999747217 -0.000078440 -2.169851542 -0.006318558 0.000220561 0.999979973 151.672531128
0.999800563 -0.018706588 0.006996224 -0.383013606 0.018721648 0.999822557 -0.002092870 -2.194976091 -0.006955832 0.002223433 0.999973357 152.993896484
0.999783576 -0.019006507 0.008461915 -0.388961673 0.019024281 0.999816954 -0.002024870 -2.223653078 -0.008421878 0.002185413 0.999962151 154.366744995
0.999709308 -0.022283910 0.009208484 -0.385058284 0.022270810 0.999750793 0.001522565 -2.248970985 -0.009240114 -0.001317042 0.999956429 155.707641602
0.999556422 -0.028108383 0.009844719 -0.371879578 0.028063640 0.999595225 0.004653791 -2.275751829 -0.009971547 -0.004375448 0.999940693 157.063507080
0.999451995 -0.031683318 0.009589615 -0.357093811 0.031626698 0.999481618 0.005999894 -2.290061235 -0.009774744 -0.005693316 0.999935985 158.397338867
0.999392807 -0.033448115 0.009761686 -0.338825464 0.033391364 0.999424756 0.005919958 -2.309416294 -0.009954084 -0.005590406 0.999934852 159.769729614
0.999435365 -0.031873304 0.010643297 -0.328786612 0.031801209 0.999470592 0.006875462 -2.324946404 -0.010856804 -0.006533109 0.999919713 161.120712280
0.999546707 -0.027816812 0.011515714 -0.310071111 0.027748918 0.999596894 0.006013762 -2.342223644 -0.011678356 -0.005691488 0.999915600 162.490844727
0.999623239 -0.024066299 0.013199735 -0.331707478 0.024016522 0.999703884 0.003916717 -2.361333370 -0.013290090 -0.003598230 0.999905229 163.819839478
0.999676585 -0.021112522 0.014182902 -0.321311951 0.021064309 0.999771893 0.003540176 -2.378888130 -0.014254408 -0.003240278 0.999893188 165.171463013
0.999714375 -0.018947871 0.014566859 -0.316755056 0.018884540 0.999811649 0.004473257 -2.397893429 -0.014648875 -0.004196891 0.999883890 166.527053833
0.999761283 -0.017040672 0.013680990 -0.290495634 0.016984507 0.999846816 0.004210846 -2.419028759 -0.013750651 -0.003977476 0.999897540 167.897521973
0.999795854 -0.014683095 0.013880651 -0.284577370 0.014666621 0.999891639 0.001287914 -2.428951025 -0.013898059 -0.001084069 0.999902844 169.266799927
0.999850750 -0.010795402 0.013486417 -0.278606415 0.010812652 0.999940872 -0.001206954 -2.451953173 -0.013472588 0.001352597 0.999908328 170.616851807
0.999894798 -0.005484703 0.013427606 -0.272821426 0.005520283 0.999981344 -0.002614138 -2.477012157 -0.013413020 0.002687988 0.999906361 171.998916626
0.999903262 -0.001017226 0.013873781 -0.270853281 0.001037088 0.999998391 -0.001424463 -2.500638723 -0.013872309 0.001438713 0.999902725 173.369674683
0.999894500 0.002017838 0.014385295 -0.263614416 -0.002024169 0.999997854 0.000425530 -2.522360086 -0.014384406 -0.000454604 0.999896407 174.731674194
0.999889731 0.003051856 0.014534253 -0.254540443 -0.003091102 0.999991596 0.002678573 -2.540896893 -0.014525956 -0.002723205 0.999890745 176.111587524
0.999906719 -0.000211081 0.013651215 -0.241868734 0.000163018 0.999993801 0.003521773 -2.559547901 -0.013651874 -0.003519220 0.999900579 177.478134155
0.999929368 -0.001564261 0.011780150 -0.225156784 0.001524320 0.999993086 0.003398813 -2.570425749 -0.011785385 -0.003380617 0.999924839 178.866561890
0.999944866 -0.002470910 0.010199359 -0.222064257 0.002476332 0.999996781 -0.000519022 -2.601082087 -0.010198044 0.000544251 0.999947786 180.235107422
0.999963820 -0.001001091 0.008444454 -0.209388494 0.001040333 0.999988616 -0.004643949 -2.624093056 -0.008439710 0.004652565 0.999953568 181.632415771
0.999958217 0.004492547 0.007958104 -0.216759205 -0.004449604 0.999975502 -0.005405775 -2.652734041 -0.007982196 0.005370140 0.999953747 183.029968262
0.999934793 0.008233304 0.007911440 -0.222990394 -0.008196703 0.999955595 -0.004647630 -2.679528236 -0.007949354 0.004582479 0.999957919 184.430618286
0.999915659 0.009985195 0.008297672 -0.228526831 -0.009975892 0.999949515 -0.001161642 -2.704954386 -0.008308852 0.001078767 0.999964893 185.834838867
0.999905527 0.010794196 0.008509971 -0.223715782 -0.010802130 0.999941289 0.000886903 -2.726181030 -0.008499899 -0.000978745 0.999963343 187.224914551
0.999911368 0.010167108 0.008588351 -0.217615843 -0.010181270 0.999946892 0.001606874 -2.741708517 -0.008571561 -0.001694172 0.999961793 188.642990112
0.999929667 0.008221124 0.008541334 -0.213688254 -0.008239786 0.999963701 0.002151892 -2.758344889 -0.008523334 -0.002222119 0.999961197 190.061782837
0.999944687 0.006084941 0.008578505 -0.199396968 -0.006109286 0.999977350 0.002814745 -2.783339500 -0.008561184 -0.002866998 0.999959230 191.513198853
0.999951363 0.003605375 0.009184351 -0.201941490 -0.003630422 0.999989748 0.002711991 -2.799745560 -0.009174478 -0.002745203 0.999954224 192.947311401
0.999955773 0.000231469 0.009402304 -0.183660626 -0.000267763 0.999992490 0.003859038 -2.821205139 -0.009401342 -0.003861385 0.999948323 194.353759766
0.999941766 -0.004110416 0.009982375 -0.177504063 0.004057754 0.999977767 0.005289971 -2.836314201 -0.010003896 -0.005249157 0.999936163 195.782836914
0.999924898 -0.006942102 0.010099036 -0.155806422 0.006887418 0.999961495 0.005439518 -2.857465744 -0.010136409 -0.005369552 0.999934196 197.219680786
0.999935925 -0.004270394 0.010480046 -0.151764393 0.004263619 0.999990761 0.000668789 -2.870131493 -0.010482804 -0.000624064 0.999944866 198.650268555
0.999939680 0.002493434 0.010694377 -0.140765190 -0.002449111 0.999988377 -0.004155593 -2.893445492 -0.010704618 0.004129152 0.999934196 200.096282959
0.999855161 0.011964699 0.012097157 -0.145795107 -0.011913409 0.999919713 -0.004303257 -2.919691086 -0.012147672 0.004158516 0.999917567 201.542709351
0.999713421 0.020038906 0.013095155 -0.153571129 -0.020025995 0.999798775 -0.001116298 -2.936665773 -0.013114890 0.000853734 0.999913692 202.977371216
0.999706268 0.019817524 0.013950243 -0.139335632 -0.019844586 0.999801457 0.001804141 -2.971469402 -0.013911719 -0.002080448 0.999901056 204.413391113
0.999744236 0.018106766 0.013544826 -0.125452995 -0.018139435 0.999832749 0.002292883 -2.987745762 -0.013501045 -0.002537993 0.999905586 205.864135742
0.999824524 0.014375930 0.012019300 -0.103685141 -0.014404045 0.999893665 0.002255891 -3.009401798 -0.011985595 -0.002428622 0.999925137 207.302047729
0.999853313 0.012733563 0.011455837 -0.100331068 -0.012755700 0.999916852 0.001861303 -3.028076410 -0.011431186 -0.002007157 0.999932587 208.753021240
0.999855578 0.012923220 0.011035067 -0.092063665 -0.012941841 0.999914944 0.001617799 -3.054522514 -0.011013223 -0.001760379 0.999937773 210.237991333
0.999843001 0.014185864 0.010607828 -0.081023455 -0.014203222 0.999897838 0.001562840 -3.079126596 -0.010584576 -0.001713260 0.999942541 211.660903931
0.999831200 0.014888322 0.010760827 -0.075193882 -0.014914406 0.999885976 0.002347752 -3.101032734 -0.010724645 -0.002507848 0.999939322 213.117263794
0.999834955 0.015013319 0.010231436 -0.069695473 -0.015032922 0.999885201 0.001841623 -3.119969845 -0.010202616 -0.001995127 0.999945939 214.585052490
0.999841809 0.014570191 0.010199551 -0.065944433 -0.014581317 0.999893129 0.001017444 -3.147629499 -0.010183639 -0.001166006 0.999947429 216.056777954
0.999857247 0.013950797 0.009531899 -0.051373243 -0.013954601 0.999902487 0.000332785 -3.159540415 -0.009526329 -0.000465752 0.999954462 217.523895264
0.999852896 0.014386118 0.009340699 -0.049843311 -0.014388769 0.999896467 0.000216614 -3.181920528 -0.009336616 -0.000350983 0.999956369 218.999786377
0.999852777 0.014591850 0.009029008 -0.044897676 -0.014592880 0.999893486 0.000048333 -3.203850985 -0.009027341 -0.000180085 0.999959171 220.485977173
0.999853134 0.014747987 0.008724766 -0.038344979 -0.014745985 0.999891281 -0.000293437 -3.226056576 -0.008728146 0.000164739 0.999961853 221.977844238
0.999849498 0.015286524 0.008195704 -0.029564023 -0.015285176 0.999883175 -0.000227153 -3.257663250 -0.008198217 0.000101846 0.999966383 223.456970215
0.999849856 0.015374745 0.007984312 -0.025488257 -0.015370339 0.999881744 -0.000612880 -3.277814150 -0.007992788 0.000490067 0.999967992 224.929367065
0.999851763 0.015443755 0.007605890 -0.022950292 -0.015441719 0.999880731 -0.000326634 -3.305011272 -0.007610027 0.000209138 0.999971032 226.442565918
0.999866366 0.014531732 0.007483186 -0.020452738 -0.014528249 0.999894321 -0.000519604 -3.325260639 -0.007489945 0.000410817 0.999971926 227.938232422
0.999885023 0.013138840 0.007571893 -0.015579462 -0.013136220 0.999913633 -0.000395860 -3.358470678 -0.007576441 0.000296349 0.999971211 229.426681519
0.999895275 0.012157681 0.007847860 -0.014909744 -0.012155987 0.999926150 -0.000263287 -3.383166552 -0.007850480 0.000167861 0.999969184 230.921218872
0.999910653 0.010576776 0.008171408 -0.010592103 -0.010582814 0.999943733 0.000696291 -3.407904148 -0.008163584 -0.000782705 0.999966383 232.432754517
0.999911845 0.010613400 0.007975250 -0.002989054 -0.010620599 0.999943197 0.000861079 -3.429172993 -0.007965656 -0.000945706 0.999967873 233.937942505
0.999904394 0.011072725 0.008277313 -0.009530067 -0.011077539 0.999938428 0.000535983 -3.459380150 -0.008270868 -0.000627624 0.999965549 235.444641113
0.999897063 0.011624685 0.008405481 -0.001331091 -0.011626533 0.999932349 0.000171173 -3.487115860 -0.008402922 -0.000268882 0.999964654 236.952163696
0.999876976 0.012957390 0.008833267 0.002035618 -0.012965993 0.999915540 0.000917283 -3.511575699 -0.008820633 -0.001031702 0.999960601 238.454254150
0.999856532 0.013641570 0.010039826 -0.003423214 -0.013671299 0.999902368 0.002898435 -3.533722878 -0.009999306 -0.003035277 0.999945402 239.976135254
0.999849617 0.013569012 0.010799900 0.000602722 -0.013603883 0.999902487 0.003161734 -3.552102089 -0.010755945 -0.003308178 0.999936700 241.486892700
0.999837935 0.013989337 0.011333983 0.010476589 -0.014010864 0.999900162 0.001821963 -3.576606512 -0.011307366 -0.001980466 0.999934137 242.987106323
0.999824166 0.014465553 0.011936367 0.023452282 -0.014467589 0.999895394 0.000084060 -3.593775511 -0.011933902 -0.000256735 0.999928832 244.503448486
0.999826849 0.014241438 0.011978318 0.032627106 -0.014255562 0.999897778 0.001094526 -3.622298956 -0.011961506 -0.001265094 0.999927640 246.028228760
0.999839604 0.013775039 0.011448557 0.053306103 -0.013801321 0.999902308 0.002219687 -3.647300243 -0.011416863 -0.002377337 0.999931931 247.564697266
0.999825418 0.014562255 0.011716370 0.052047729 -0.014591417 0.999890625 0.002407096 -3.666929245 -0.011680038 -0.002577633 0.999928415 249.086563110
0.999836147 0.014257354 0.011154523 0.063877106 -0.014290766 0.999893546 0.002921312 -3.697513342 -0.011111690 -0.003080240 0.999933481 250.628021240
0.999814391 0.015472310 0.011488549 0.072677612 -0.015510228 0.999874473 0.003218866 -3.718640327 -0.011437304 -0.003396459 0.999928832 252.168518066
0.999777555 0.017396288 0.011925242 0.068459034 -0.017433450 0.999843419 0.003019121 -3.739171028 -0.011870855 -0.003226348 0.999924302 253.699020386
0.999766290 0.017735897 0.012360889 0.072354794 -0.017777512 0.999836624 0.003264870 -3.758603573 -0.012300964 -0.003483853 0.999918282 255.231948853
0.999799788 0.016164921 0.011801342 0.087534904 -0.016209688 0.999861717 0.003707817 -3.783233881 -0.011739774 -0.003898370 0.999923468 256.792480469
0.999826014 0.014393734 0.011867230 0.100361347 -0.014448758 0.999885201 0.004563982 -3.803147078 -0.011800175 -0.004734654 0.999919176 258.315338135
0.999853015 0.012202445 0.012038728 0.108941555 -0.012263987 0.999911964 0.005051640 -3.816262245 -0.011976026 -0.005198540 0.999914765 259.837554932
0.999867320 0.010634545 0.012339854 0.106048346 -0.010686157 0.999934375 0.004124383 -3.831490517 -0.012295181 -0.004255701 0.999915361 261.403289795
0.999880612 0.009517182 0.012169975 0.116153955 -0.009555918 0.999949396 0.003128825 -3.850167513 -0.012139582 -0.003244746 0.999921083 262.957489014
0.999890983 0.007593707 0.012662223 0.132508516 -0.007657734 0.999958038 0.005015634 -3.874667645 -0.012623606 -0.005112052 0.999907196 264.499725342
0.999897182 0.005423319 0.013267900 0.145097733 -0.005516534 0.999960303 0.006999128 -3.894162416 -0.013229413 -0.007071601 0.999887466 266.046966553
0.999907613 0.004490165 0.012827670 0.167629004 -0.004568623 0.999970973 0.006093602 -3.909176350 -0.012799938 -0.006151644 0.999899149 267.628021240
0.999904335 0.004130560 0.013195085 0.186899185 -0.004195419 0.999979258 0.004891640 -3.920879841 -0.013174607 -0.004946531 0.999900937 269.182434082
0.999894500 0.004580130 0.013784075 0.201975822 -0.004645849 0.999977887 0.004739585 -3.943198204 -0.013762064 -0.004803123 0.999893725 270.726440430
0.999872983 0.006146968 0.014702269 0.213344574 -0.006221395 0.999968052 0.005021936 -3.965674400 -0.014670929 -0.005112766 0.999879241 272.260681152
0.999841452 0.007907943 0.015961289 0.217875004 -0.007978825 0.999958515 0.004382083 -3.980788708 -0.015925977 -0.004508738 0.999863029 273.805175781
0.999816179 0.009047096 0.016908264 0.238348961 -0.009121139 0.999949157 0.004307132 -4.003189564 -0.016868437 -0.004460563 0.999847770 275.362304688
0.999795675 0.009946473 0.017598771 0.261930943 -0.010014983 0.999942601 0.003809078 -4.021541119 -0.017559869 -0.003984551 0.999837875 276.909942627
0.999785542 0.010177573 0.018037843 0.280153751 -0.010234937 0.999942899 0.003090661 -4.044137478 -0.018005354 -0.003274615 0.999832511 278.459625244
0.999772608 0.009347031 0.019166632 0.300590515 -0.009398603 0.999952555 0.002602342 -4.061512947 -0.019141395 -0.002781890 0.999812841 280.026916504
0.999755800 0.008918973 0.020217460 0.323332310 -0.008982469 0.999954998 0.003051932 -4.085683346 -0.020189326 -0.003232789 0.999790967 281.585998535
0.999753237 0.007963097 0.020737119 0.348236084 -0.008044813 0.999960184 0.003860209 -4.103494644 -0.020705555 -0.004026083 0.999777496 283.161315918
0.999760091 0.006800869 0.020821601 0.376147747 -0.006886889 0.999968052 0.004062431 -4.124696255 -0.020793302 -0.004204852 0.999775052 284.717407227
0.999770761 0.006509808 0.020398619 0.412874699 -0.006546015 0.999977112 0.001708724 -4.148266792 -0.020387029 -0.001841862 0.999790490 286.288482666
0.999767363 0.005649820 0.020812888 0.437758446 -0.005640218 0.999983966 -0.000520013 -4.175199986 -0.020815492 0.000402502 0.999783397 287.851379395
0.999787211 0.005283747 0.019935863 0.463734150 -0.005274453 0.999985874 -0.000518804 -4.197782516 -0.019938322 0.000413543 0.999801099 289.413024902
0.999813080 0.004431835 0.018820688 0.488872528 -0.004422144 0.999990046 -0.000556604 -4.223372936 -0.018822968 0.000473272 0.999822736 290.977142334
0.999835372 0.004309922 0.017626632 0.509175777 -0.004289710 0.999990106 -0.001184340 -4.248542309 -0.017631559 0.001108532 0.999843895 292.527038574
0.999838471 0.004708793 0.017344609 0.523671627 -0.004684284 0.999987960 -0.001453364 -4.274219036 -0.017351244 0.001371882 0.999848485 294.087158203
0.999853969 0.004633616 0.016444949 0.551741123 -0.004619357 0.999988914 -0.000904923 -4.304259300 -0.016448958 0.000828826 0.999864340 295.652709961
0.999871969 0.004128668 0.015458256 0.568769932 -0.004118757 0.999991298 -0.000673001 -4.332083225 -0.015460900 0.000609246 0.999880314 297.221435547
0.999889493 0.003765566 0.014380113 0.587311268 -0.003777972 0.999992490 0.000835659 -4.359453201 -0.014376859 -0.000889894 0.999896228 298.790832520
0.999894202 0.005240723 0.013568329 0.601470232 -0.005269089 0.999984026 0.002055672 -4.379028797 -0.013557340 -0.002126947 0.999905825 300.373168945
0.999879718 0.005471505 0.014508712 0.611828327 -0.005501315 0.999982834 0.002015508 -4.396636009 -0.014497437 -0.002095082 0.999892712 301.962158203
0.999868155 0.005724058 0.015190459 0.632397652 -0.005753075 0.999981701 0.001867171 -4.420589924 -0.015179493 -0.001954317 0.999882877 303.564208984
0.999866962 0.004359297 0.015715523 0.644828796 -0.004386046 0.999988973 0.001667936 -4.442727089 -0.015708080 -0.001736643 0.999875069 305.142120361
0.999869525 0.002792080 0.015910057 0.668315411 -0.002806205 0.999995649 0.000865562 -4.469300747 -0.015907573 -0.000910096 0.999873042 306.738128662
0.999866486 0.001231786 0.016292052 0.688971043 -0.001212290 0.999998510 -0.001206472 -4.491253853 -0.016293516 0.001186561 0.999866545 308.329559326
0.999872029 0.000736775 0.015980855 0.708995342 -0.000703059 0.999997497 -0.002115325 -4.518784523 -0.015982373 0.002103819 0.999870062 309.931396484
0.999907255 0.001395678 0.013543797 0.722391605 -0.001349556 0.999993265 -0.003413948 -4.544112682 -0.013548468 0.003395354 0.999902427 311.538055420
0.999931455 0.002280558 0.011482191 0.738264799 -0.002251953 0.999994278 -0.002503596 -4.572301865 -0.011487836 0.002477567 0.999930918 313.156036377
0.999933600 0.003209273 0.011066616 0.745985985 -0.003217146 0.999994576 0.000693692 -4.597413063 -0.011064329 -0.000729249 0.999938488 314.776794434
0.999934554 0.001308851 0.011367924 0.770763636 -0.001353672 0.999991477 0.003935948 -4.627066612 -0.011362671 -0.003951079 0.999927640 316.414642334
0.999939263 0.000205187 0.011015702 0.786838293 -0.000256279 0.999989271 0.004636851 -4.643803596 -0.011014630 -0.004639392 0.999928594 318.040924072
0.999932826 -0.000590577 0.011573073 0.798196316 0.000551136 0.999993980 0.003410882 -4.664577961 -0.011575017 -0.003404275 0.999927223 319.649780273
0.999926448 -0.002129501 0.011938958 0.804747581 0.002083595 0.999990463 0.003856144 -4.687214851 -0.011947055 -0.003830984 0.999921262 321.259796143
0.999920905 -0.002295394 0.012365942 0.810457706 0.002246649 0.999989629 0.003954322 -4.704106331 -0.012374891 -0.003926227 0.999915659 322.862060547
0.999912620 -0.002100265 0.013051106 0.822674036 0.002049494 0.999990284 0.003902287 -4.726023674 -0.013059174 -0.003875199 0.999907136 324.477874756
0.999917805 -0.001099752 0.012774639 0.845114470 0.001061428 0.999994993 0.003006404 -4.746526718 -0.012777881 -0.002992598 0.999913812 326.101623535
0.999901772 0.000075658 0.014016590 0.847556353 -0.000111150 0.999996781 0.002531433 -4.777316093 -0.014016354 -0.002532742 0.999898553 327.720275879
0.999897361 -0.001357061 0.014262907 0.870547295 0.001294638 0.999989569 0.004384919 -4.797597408 -0.014268707 -0.004366004 0.999888659 329.361328125
0.999890029 -0.002565277 0.014607810 0.884642363 0.002487722 0.999982715 0.005324827 -4.820055962 -0.014621216 -0.005287901 0.999879122 330.962615967
0.999887884 -0.003653382 0.014515389 0.904893398 0.003596707 0.999985814 0.003928611 -4.837554932 -0.014529535 -0.003875964 0.999886930 332.587982178
0.999895096 -0.002928800 0.014178959 0.931941509 0.002872972 0.999988019 0.003956135 -4.859902382 -0.014190375 -0.003914985 0.999891639 334.227813721
0.999897361 -0.000533762 0.014316414 0.929042816 0.000506424 0.999997973 0.001913122 -4.883655071 -0.014317407 -0.001905676 0.999895692 335.798889160
0.999903619 0.001298971 0.013817130 0.941255331 -0.001285658 0.999998689 -0.000972283 -4.907668591 -0.013818377 0.000954425 0.999903977 337.408721924
0.999911368 0.002585923 0.013058813 0.953584909 -0.002579372 0.999996483 -0.000518474 -4.935507298 -0.013060110 0.000484745 0.999914527 339.015045166
0.999922574 0.003507756 0.011935615 0.964746475 -0.003543760 0.999989212 0.002996729 -4.961424351 -0.011924974 -0.003038794 0.999924302 340.606781006
0.999935329 0.004123225 0.010591312 0.985443115 -0.004185509 0.999974012 0.005865331 -4.985239506 -0.010566851 -0.005909282 0.999926627 342.226654053
0.999943852 0.004676444 0.009511630 0.991173744 -0.004720732 0.999978065 0.004639136 -5.005719662 -0.009489725 -0.004683777 0.999944031 343.822784424
0.999962389 0.004138290 0.007620055 0.997930884 -0.004161606 0.999986708 0.003046392 -5.025879860 -0.007607347 -0.003077989 0.999966264 345.416992188
0.999979734 0.002832781 0.005704462 1.008793592 -0.002857108 0.999986827 0.004261000 -5.047030926 -0.005692316 -0.004277213 0.999974608 347.017211914
0.999987364 0.001611763 0.004777436 1.010832787 -0.001634850 0.999986887 0.004832379 -5.070784569 -0.004769585 -0.004840128 0.999976933 348.610321045
0.999988377 0.001481652 0.004579701 1.004949331 -0.001499410 0.999991357 0.003876513 -5.087425709 -0.004573917 -0.003883335 0.999981999 350.200622559
0.999991953 0.000245002 0.003981863 1.010061622 -0.000256886 0.999995530 0.002984199 -5.108905792 -0.003981113 -0.002985197 0.999987602 351.794036865
0.999991834 0.000133138 0.004039089 1.010241032 -0.000144312 0.999996185 0.002766507 -5.129024029 -0.004038706 -0.002767068 0.999988019 353.384124756
0.999991775 -0.000594837 0.004017858 1.010973215 0.000584246 0.999996364 0.002636602 -5.151115894 -0.004019412 -0.002634233 0.999988437 354.977813721
0.999992788 -0.000865663 0.003702268 1.014309883 0.000858844 0.999997914 0.001843098 -5.172116280 -0.003703856 -0.001839905 0.999991417 356.576232910
0.999992251 -0.000864320 0.003836440 1.010014057 0.000859348 0.999998748 0.001297291 -5.199005127 -0.003837556 -0.001293984 0.999991775 358.161987305
0.999989867 -0.001422684 0.004252992 1.005068660 0.001416410 0.999997914 0.001477814 -5.223151684 -0.004255085 -0.001471775 0.999989867 359.743225098
0.999991417 -0.001311978 0.003932009 1.009546041 0.001308724 0.999998868 0.000830086 -5.249134064 -0.003933094 -0.000824933 0.999991894 361.350067139
0.999985933 -0.003016738 0.004344947 1.003765702 0.003017923 0.999995351 -0.000266357 -5.281157970 -0.004344123 0.000279466 0.999990463 362.926147461
0.999981344 -0.004536856 0.004088675 1.011801720 0.004530008 0.999988317 0.001682425 -5.309004784 -0.004096260 -0.001663872 0.999990225 364.528411865
0.999974430 -0.006430155 0.003134674 1.029856324 0.006421927 0.999975920 0.002627597 -5.335172176 -0.003151495 -0.002607399 0.999991655 366.129791260
0.999968350 -0.006897526 0.003962839 1.021288872 0.006892030 0.999975204 0.001398803 -5.351585865 -0.003972391 -0.001371446 0.999991119 367.710296631
0.999972939 -0.005507690 0.004869830 1.010316968 0.005506661 0.999984801 0.000224732 -5.365131855 -0.004870995 -0.000197909 0.999988079 369.315216064
0.999976456 -0.004857451 0.004844487 1.007974386 0.004848851 0.999986649 0.001785363 -5.403958797 -0.004853094 -0.001761831 0.999986649 370.896209717
0.999983311 -0.003041337 0.004895987 1.014546156 0.003031223 0.999993205 0.002071840 -5.416601181 -0.004902254 -0.002056965 0.999985814 372.501892090
0.999978781 -0.003809108 0.005287432 1.015339494 0.003795920 0.999989629 0.002502028 -5.451381207 -0.005296908 -0.002481904 0.999982893 374.083221436
0.999978840 -0.003591392 0.005419588 1.007573009 0.003584516 0.999992728 0.001277940 -5.467362881 -0.005424139 -0.001258487 0.999984503 375.678283691
0.999977171 -0.003379103 0.005846085 1.010372400 0.003370971 0.999993443 0.001400275 -5.497609615 -0.005850777 -0.001380536 0.999981880 377.273529053
0.999977231 -0.003499035 0.005765480 1.025414467 0.003490707 0.999992967 0.001453761 -5.523386002 -0.005770525 -0.001433603 0.999982297 378.902069092
0.999979973 -0.001041789 0.006239448 1.013031840 0.001035421 0.999998868 0.001023689 -5.539960861 -0.006240508 -0.001017208 0.999980032 380.512054443
0.999972880 0.000757539 0.007329790 1.007665992 -0.000769606 0.999998271 0.001643637 -5.565271854 -0.007328532 -0.001649233 0.999971807 382.108154297
0.999972343 0.001991255 0.007161285 1.006563783 -0.001996754 0.999997735 0.000760812 -5.585570812 -0.007159753 -0.000775090 0.999974072 383.739166260
0.999965966 0.003462408 0.007488656 1.006668210 -0.003462373 0.999994040 -0.000017642 -5.607665539 -0.007488672 -0.000008287 0.999971986 385.346740723
