1.000000000 0.000000000 0.000000000 -0.000000000 0.000000000 0.999999940 0.000000000 -0.000000000 0.000000000 0.000000000 1.000000000 0.000000119
0.999997675 -0.001619048 -0.001438721 -0.002406964 0.001617727 0.999998212 -0.000919161 -0.007854040 0.001440207 0.000916831 0.999998569 0.564164221
0.999995470 -0.001811161 -0.002400648 -0.007727504 0.001804974 0.999994993 -0.002576970 -0.017684201 0.002405303 0.002572626 0.999993801 1.119438291
0.999986589 -0.002538966 -0.004518007 -0.009147443 0.002522982 0.999990463 -0.003540059 -0.035245463 0.004526953 0.003528612 0.999983549 1.685086966
0.999970198 -0.004368451 -0.006364417 -0.020114115 0.004333190 0.999975204 -0.005543601 -0.041317448 0.006388477 0.005515858 0.999964356 2.251904488
0.999949336 -0.006904167 -0.007319812 -0.036018003 0.006851671 0.999950767 -0.007172702 -0.063042790 0.007368973 0.007122187 0.999947548 2.801195383
0.999928772 -0.008120360 -0.008743965 -0.043067154 0.008052773 0.999937534 -0.007737256 -0.076660931 0.008806248 0.007666290 0.999931812 3.371923447
0.999916494 -0.008069210 -0.010094780 -0.054391094 0.007997472 0.999942541 -0.007126641 -0.088434100 0.010151708 0.007045313 0.999923646 3.954899788
0.999903381 -0.008458566 -0.011026660 -0.066522717 0.008375205 0.999936044 -0.007584356 -0.102595687 0.011090110 0.007491274 0.999910414 4.546412945
0.999891400 -0.008066178 -0.012326130 -0.075046681 0.007939459 0.999915421 -0.010295178 -0.118304394 0.012408130 0.010196197 0.999871016 5.140251637
0.999889135 -0.006335635 -0.013471605 -0.090933383 0.006146442 0.999882638 -0.014039154 -0.134047672 0.013558970 0.013954798 0.999810696 5.742794991
0.999876440 -0.005175042 -0.014836408 -0.105729483 0.004910822 0.999829650 -0.017790325 -0.146195725 0.014925946 0.017715272 0.999731779 6.356958866
0.999866843 -0.003258261 -0.015986919 -0.122606233 0.002974553 0.999838293 -0.017738003 -0.160958603 0.016042126 0.017688092 0.999714971 6.987691879
0.999848902 -0.001084750 -0.017346749 -0.133725271 0.000895183 0.999939740 -0.010932148 -0.170708150 0.017357567 0.010914968 0.999789834 7.629971027
0.999843955 0.000000079 -0.017661143 -0.154851422 -0.000005247 0.999999940 -0.000292555 -0.184621915 0.017661141 0.000292602 0.999844015 8.287895203
0.999823451 0.000650136 -0.018778138 -0.169959903 -0.000529388 0.999979138 0.006434471 -0.196836233 0.018781930 -0.006423396 0.999803066 8.974577904
0.999791980 0.003167907 -0.020144753 -0.188215613 -0.003059789 0.999980688 0.005395669 -0.211346120 0.020161457 -0.005332910 0.999782562 9.667988777
0.999771953 0.005181781 -0.020714154 -0.214376152 -0.005223494 0.999984384 -0.001960191 -0.216582507 0.020703675 0.002067945 0.999783516 10.353900909
0.999751151 0.004675726 -0.021810237 -0.234503374 -0.004846097 0.999958098 -0.007765199 -0.218929365 0.021773018 0.007868962 0.999731958 11.063642502
0.999737084 0.002438064 -0.022796039 -0.255638808 -0.002586484 0.999975622 -0.006483586 -0.218965709 0.022779673 0.006540844 0.999719083 11.803619385
0.999730408 0.001835260 -0.023143593 -0.275911063 -0.001773478 0.999994814 0.002689742 -0.226370543 0.023148412 -0.002647972 0.999728501 12.567585945
0.999714434 0.001796773 -0.023825871 -0.298147976 -0.001548729 0.999944448 0.010425060 -0.237228051 0.023843277 -0.010385183 0.999661744 13.358930588
0.999703348 0.000900079 -0.024341334 -0.318244576 -0.000586383 0.999916732 0.012891442 -0.239514932 0.024350910 -0.012873342 0.999620557 14.143412590
0.999703646 -0.000719086 -0.024334256 -0.340529978 0.001006018 0.999930143 0.011781079 -0.239739716 0.024324086 -0.011802067 0.999634445 14.943893433
0.999712944 -0.001385048 -0.023920333 -0.363077134 0.001610523 0.999954402 0.009409398 -0.239961818 0.023906212 -0.009445220 0.999669552 15.775764465
0.999718785 0.001112604 -0.023682442 -0.389321834 -0.000970251 0.999981344 0.006021537 -0.239932388 0.023688702 -0.005996868 0.999701440 16.615377426
0.999742985 -0.002100511 -0.022572268 -0.407497734 0.002106166 0.999997795 0.000226769 -0.243331984 0.022571737 -0.000274252 0.999745250 17.483951569
0.999746442 -0.005111970 -0.021927863 -0.422550410 0.004982616 0.999969959 -0.005949652 -0.252346158 0.021957615 0.005838885 0.999741852 18.356519699
0.999773324 -0.003673645 -0.020969348 -0.443338960 0.003438428 0.999930978 -0.011242238 -0.267568648 0.021009199 0.011167589 0.999716938 19.244581223
0.999777913 -0.002381573 -0.020938979 -0.466819435 0.002128025 0.999924302 -0.012122854 -0.281420022 0.020966267 0.012075603 0.999707282 20.157798767
0.999774337 -0.002414389 -0.021100968 -0.497064352 0.002170903 0.999930918 -0.011554345 -0.303820729 0.021127403 0.011505934 0.999710619 21.101966858
0.999773681 -0.001098223 -0.021245800 -0.505884647 0.000819493 0.999913573 -0.013123581 -0.325125903 0.021258377 0.013103201 0.999688148 22.044414520
0.999775589 0.001616149 -0.021125993 -0.531814218 -0.001937445 0.999882638 -0.015196963 -0.345392823 0.021098951 0.015234483 0.999661326 22.998533249
0.999761343 0.005055221 -0.021253893 -0.563765585 -0.005398323 0.999855518 -0.016116748 -0.366328478 0.021169348 0.016227640 0.999644160 23.962495804
0.999753118 0.007241747 -0.021005223 -0.602356911 -0.007580304 0.999841988 -0.016083177 -0.394122720 0.020885434 0.016238436 0.999649942 24.939241409
0.999734879 0.007963439 -0.021603338 -0.609341025 -0.008306949 0.999839723 -0.015857924 -0.429700315 0.021473594 0.016033176 0.999640822 25.936410904
0.999735534 0.007941808 -0.021580277 -0.637710512 -0.008282992 0.999841332 -0.015766839 -0.456196457 0.021451637 0.015941417 0.999642849 26.929719925
0.999716818 0.008788688 -0.022113744 -0.663149774 -0.009113035 0.999851763 -0.014609512 -0.483410180 0.021982068 0.014806896 0.999648690 27.936519623
0.999706447 0.009584249 -0.022252135 -0.690347314 -0.009868314 0.999870777 -0.012691142 -0.511728883 0.022127628 0.012907008 0.999671876 28.947795868
0.999694347 0.010258846 -0.022493828 -0.720885456 -0.010517922 0.999879360 -0.011429820 -0.540497303 0.022373861 0.011662913 0.999681652 29.969305038
0.999690592 0.009994804 -0.022775218 -0.746731281 -0.010277912 0.999870896 -0.012347602 -0.570499539 0.022648871 0.012577866 0.999664366 30.995595932
0.999674082 0.011755127 -0.022658857 -0.777355433 -0.012065204 0.999834716 -0.013596759 -0.593092680 0.022495283 0.013865715 0.999650776 32.029270172
0.999674976 0.011309589 -0.022844482 -0.808258235 -0.011596438 0.999855042 -0.012463432 -0.622055948 0.022700217 0.012724295 0.999661326 33.067260742
0.999663949 0.010982848 -0.023478927 -0.836870968 -0.011220379 0.999886930 -0.010009121 -0.645007610 0.023366347 0.010269200 0.999674261 34.123546600
0.999650598 0.010921017 -0.024070166 -0.866511703 -0.011077816 0.999918222 -0.006390509 -0.670346200 0.023998408 0.006654921 0.999689877 35.177738190
0.999634564 0.011154879 -0.024622798 -0.898406327 -0.011262651 0.999927580 -0.004242504 -0.690417349 0.024573695 0.004518271 0.999687850 36.239330292
0.999622703 0.010706445 -0.025294477 -0.925912857 -0.010791789 0.999936521 -0.003239831 -0.716789484 0.025258183 0.003511582 0.999674797 37.304809570
0.999613523 0.010333749 -0.025804916 -0.960293353 -0.010464353 0.999933183 -0.004931222 -0.733728290 0.025752233 0.005199349 0.999654889 38.382637024
0.999592900 0.010985405 -0.026328577 -0.996320724 -0.011135099 0.999922633 -0.005545895 -0.754625857 0.026265617 0.005836810 0.999638021 39.474491119
0.999579370 0.010776632 -0.026922004 -1.033008575 -0.010895926 0.999931395 -0.004288436 -0.772975564 0.026873946 0.004579973 0.999628365 40.558189392
0.999567211 0.010884278 -0.027331056 -1.082900643 -0.010962876 0.999936283 -0.002727685 -0.790795445 0.027299622 0.003026133 0.999622762 41.658031464
0.999543726 0.010732235 -0.028236156 -1.113427639 -0.010729974 0.999942482 0.000231495 -0.818134665 0.028237013 0.000071584 0.999601364 42.744415283
0.999508679 0.012092666 -0.028916677 -1.136607647 -0.012096775 0.999926805 0.000032799 -0.839930415 0.028914956 0.000317016 0.999581814 43.830177307
0.999483943 0.013373146 -0.029204354 -1.177439928 -0.013492379 0.999901414 -0.003889604 -0.859544635 0.029149460 0.004281633 0.999565840 44.904407501
0.999464035 0.014634261 -0.029284786 -1.218635321 -0.014873373 0.999857605 -0.007963997 -0.882371426 0.029164076 0.008395291 0.999539316 45.986671448
0.999461293 0.015006620 -0.029188028 -1.265426874 -0.015255328 0.999849021 -0.008316994 -0.905605674 0.029058810 0.008757787 0.999539256 47.061405182
0.999455512 0.015148085 -0.029311996 -1.283863306 -0.015305306 0.999869525 -0.005146835 -0.938868344 0.029230207 0.005592661 0.999557078 48.185523987
0.999452353 0.015582613 -0.029193897 -1.319264412 -0.015674595 0.999872744 -0.002924390 -0.963823557 0.029144617 0.003380391 0.999569476 49.274448395
0.999468148 0.014100587 -0.029403826 -1.358459830 -0.014165089 0.999897659 -0.001986481 -0.980562508 0.029372808 0.002401933 0.999565721 50.356231689
0.999475360 0.014700725 -0.028860126 -1.397208691 -0.014789245 0.999886453 -0.002856026 -1.005934000 0.028814862 0.003281346 0.999579430 51.451881409
0.999497533 0.013680483 -0.028591739 -1.428809524 -0.013821383 0.999893248 -0.004736188 -1.025207400 0.028523900 0.005128987 0.999579906 52.559844971
0.999505639 0.013663680 -0.028316347 -1.460987449 -0.013872090 0.999877930 -0.007176682 -1.043689847 0.028214838 0.007565943 0.999573171 53.654285431
0.999525070 0.012953715 -0.027959039 -1.499825716 -0.013212963 0.999871194 -0.009107638 -1.081929445 0.027837463 0.009472735 0.999567628 54.746715546
0.999553442 0.011127299 -0.027732048 -1.537995577 -0.011475750 0.999856770 -0.012437601 -1.113243818 0.027589681 0.012750296 0.999537945 55.827632904
0.999567807 0.009344973 -0.027874636 -1.564470172 -0.009744283 0.999851346 -0.014223921 -1.143565297 0.027737578 0.014489392 0.999510169 56.914875031
0.999602377 0.007984869 -0.027039614 -1.602559328 -0.008304776 0.999896526 -0.011739485 -1.178069592 0.026943078 0.011959378 0.999565423 57.993515015
0.999613464 0.006547805 -0.027018037 -1.633962870 -0.006718806 0.999957919 -0.006243288 -1.197935343 0.026976019 0.006422404 0.999615431 59.100086212
0.999625266 0.004991061 -0.026912728 -1.663444757 -0.004996552 0.999987483 -0.000136841 -1.220922828 0.026911708 0.000271261 0.999637783 60.194328308
0.999636292 0.003629743 -0.026722621 -1.695267320 -0.003621100 0.999993384 0.000371810 -1.241148353 0.026723795 -0.000274909 0.999642849 61.289039612
0.999638259 0.000368268 -0.026890196 -1.721195698 -0.000441495 0.999996245 -0.002717347 -1.256936908 0.026889097 0.002728236 0.999634743 62.383350372
0.999646604 -0.001046341 -0.026559638 -1.757680178 0.000884283 0.999980986 -0.006112657 -1.274844408 0.026565528 0.006087010 0.999628603 63.471775055
0.999649704 0.001499875 -0.026422730 -1.795971513 -0.001756323 0.999951541 -0.009685046 -1.310919642 0.026406921 0.009728060 0.999604106 64.566085815
0.999648511 0.001677671 -0.026455635 -1.826623678 -0.002049213 0.999899507 -0.014023112 -1.336803555 0.026429452 0.014072399 0.999551654 65.659156799
0.999645114 0.004806386 -0.026199965 -1.858972192 -0.005196102 0.999876618 -0.014826924 -1.365409613 0.026125468 0.014957801 0.999546826 66.758636475
0.999660552 0.008231526 -0.024717696 -1.911577940 -0.008509099 0.999901712 -0.011145622 -1.397148132 0.024623519 0.011352164 0.999632359 67.854064941
0.999656081 0.009512461 -0.024435980 -1.947930336 -0.009733818 0.999912560 -0.008955745 -1.424298167 0.024348654 0.009190522 0.999661207 68.948341370
0.999653876 0.008860387 -0.024765180 -1.974974275 -0.009071362 0.999923468 -0.008419790 -1.449427605 0.024688682 0.008641532 0.999657869 70.050735474
0.999663889 0.007742624 -0.024741087 -2.003407478 -0.007926406 0.999941647 -0.007338781 -1.483048439 0.024682822 0.007532422 0.999666929 71.149543762
0.999669731 0.006645034 -0.024821945 -2.036836863 -0.006792496 0.999959767 -0.005861192 -1.510548830 0.024782000 0.006027860 0.999674678 72.240776062
0.999665499 0.005045813 -0.025364269 -2.064149618 -0.005150625 0.999978423 -0.004068561 -1.533822298 0.025343200 0.004197842 0.999670029 73.344902039
0.999656439 0.004305867 -0.025856666 -2.099096298 -0.004365589 0.999987900 -0.002253749 -1.561833143 0.025846647 0.002365854 0.999663115 74.440536499
0.999651611 0.003847781 -0.026110569 -2.135558605 -0.003931610 0.999987304 -0.003160024 -1.590423584 0.026098078 0.003261580 0.999654114 75.527664185
0.999628544 0.003795809 -0.026991747 -2.164314985 -0.003990782 0.999966204 -0.007173219 -1.614002824 0.026963618 0.007278272 0.999609947 76.607826233
0.999600291 0.004252130 -0.027947418 -2.194769859 -0.004515517 0.999945819 -0.009368051 -1.638878345 0.027906070 0.009490505 0.999565542 77.686096191
0.999577761 0.006115189 -0.028404459 -2.232795000 -0.006335364 0.999950528 -0.007667966 -1.665094137 0.028356165 0.007844681 0.999567091 78.767921448
0.999552071 0.007315475 -0.029019425 -2.270357370 -0.007417914 0.999966562 -0.003423897 -1.688074589 0.028993409 0.003637627 0.999572992 79.846038818
0.999529362 0.008105480 -0.029584689 -2.306217909 -0.008084471 0.999966979 0.000829705 -1.718952656 0.029590435 -0.000590138 0.999561965 80.926750183
0.999496341 0.009346264 -0.030325389 -2.345832109 -0.009308965 0.999955773 0.001370884 -1.736520886 0.030336864 -0.001087896 0.999539196 81.997482300
0.999489844 0.009364097 -0.030534068 -2.387806654 -0.009393116 0.999955654 -0.000807053 -1.754514813 0.030525154 0.001093451 0.999533415 83.066497803
0.999474108 0.009245000 -0.031081479 -2.427930117 -0.009294056 0.999955773 -0.001434273 -1.779555440 0.031066846 0.001722391 0.999515772 84.134544373
0.999461174 0.008532786 -0.031695671 -2.462169886 -0.008583329 0.999962091 -0.001458916 -1.802787662 0.031682018 0.001730184 0.999496520 85.188888550
0.999442995 0.007084995 -0.032610793 -2.498664379 -0.007132221 0.999973655 -0.001332148 -1.819182396 0.032600492 0.001563993 0.999467313 86.231468201
0.999428809 0.006298461 -0.033200596 -2.532091379 -0.006300580 0.999980152 0.000040828 -1.845152259 0.033200189 0.000168378 0.999448717 87.259246826
0.999419451 0.006702428 -0.033403020 -2.574046612 -0.006613434 0.999974251 0.002774051 -1.866778135 0.033420749 -0.002551533 0.999438107 88.262313843
0.999390244 0.005457132 -0.034488648 -2.615648985 -0.005325607 0.999978185 0.003904281 -1.890020609 0.034509201 -0.003718228 0.999397397 89.239372253
0.999318361 0.004492779 -0.036641337 -2.655708313 -0.004352794 0.999982893 0.003899290 -1.907925606 0.036658235 -0.003737141 0.999320865 90.212028503
0.999192297 0.003606908 -0.040022127 -2.695848942 -0.003485671 0.999989092 0.003098602 -1.927916050 0.040032879 -0.002956596 0.999194026 91.143096924
0.999055088 0.003474066 -0.043321442 -2.742170334 -0.003389344 0.999992132 0.002028959 -1.945331097 0.043328151 -0.001880211 0.999059200 92.067390442
0.998911202 0.003383497 -0.046527680 -2.789199114 -0.003270728 0.999991477 0.002499616 -1.962904096 0.046535749 -0.002344716 0.998913884 92.957160950
0.998769343 0.004534989 -0.049387563 -2.841358662 -0.004362486 0.999983966 0.003600075 -1.980274916 0.049403105 -0.003380192 0.998773277 93.822425842
0.998597980 0.005181901 -0.052679040 -2.891615629 -0.004945725 0.999977112 0.004612672 -1.996140361 0.052701734 -0.004345669 0.998600841 94.668273926
0.998410404 0.006495082 -0.055986714 -2.939412832 -0.006163967 0.999962449 0.006084847 -2.009517431 0.056024134 -0.005730075 0.998412967 95.487915039
0.998271823 0.007863224 -0.058236718 -2.999915361 -0.007483241 0.999949217 0.006740029 -2.023749828 0.058286764 -0.006292582 0.998280048 96.273376465
0.998100579 0.009851790 -0.060812991 -3.050342560 -0.009406528 0.999926746 0.007603786 -2.045008898 0.060883466 -0.007017304 0.998120189 97.033859253
0.997894108 0.011657903 -0.063807540 -3.100611687 -0.011267450 0.999915481 0.006475707 -2.059173822 0.063877650 -0.005743123 0.997941196 97.765037537
0.997725546 0.012824562 -0.066175155 -3.158958435 -0.012666475 0.999915719 0.002807925 -2.077168226 0.066205606 -0.001963332 0.997804046 98.458320618
0.997530520 0.015515718 -0.068499431 -3.222094774 -0.015611972 0.999877691 -0.000870051 -2.089944363 0.068477564 0.001937315 0.997650802 99.134803772
0.997355878 0.017159116 -0.070617780 -3.269678831 -0.017463887 0.999840617 -0.003700595 -2.105937243 0.070543051 0.004924072 0.997496605 99.776802063
0.997239292 0.019286986 -0.071707830 -3.316510439 -0.019661067 0.999796450 -0.004514466 -2.122057676 0.071606174 0.005911855 0.997415483 100.394401550
0.997271061 0.021703642 -0.070565052 -3.372491598 -0.022044733 0.999748647 -0.004058400 -2.137402058 0.070459254 0.005602913 0.997498870 100.978492737
0.997433305 0.025398951 -0.066945650 -3.434569836 -0.025631057 0.999668062 -0.002610316 -2.153370380 0.066857144 0.004319504 0.997753203 101.551246643
0.997657239 0.027876204 -0.062474817 -3.450560093 -0.027998889 0.999607265 -0.001088944 -2.169645309 0.062419947 0.002835619 0.998045981 102.096618652
0.998090327 0.028779034 -0.054657981 -3.487977028 -0.028764717 0.999585569 0.001048824 -2.184454679 0.054665536 0.000525400 0.998504579 102.605010986
0.998575568 0.028682310 -0.044990867 -3.507388115 -0.028551765 0.999586046 0.003541678 -2.197219610 0.045073848 -0.002252062 0.998981118 103.109878540
0.999040902 0.028385453 -0.033339288 -3.508970737 -0.028244441 0.999590039 0.004693129 -2.210953712 0.033458833 -0.003746978 0.999433100 103.582130432
0.999422431 0.027545398 -0.019900270 -3.510104418 -0.027454736 0.999611437 0.004814766 -2.221761465 0.020025166 -0.004265628 0.999790430 104.039939880
0.999611557 0.027500555 -0.004505234 -3.506003618 -0.027483830 0.999615252 0.003732388 -2.230370283 0.004606141 -0.003607117 0.999982893 104.479019165
0.999576330 0.026030965 0.013013389 -3.478709221 -0.026041761 0.999660611 0.000660876 -2.241985083 -0.012991775 -0.000999488 0.999915123 104.903419495
0.999072433 0.025644494 0.034587454 -3.455592871 -0.025525451 0.999666691 -0.003878914 -2.254231215 -0.034675408 0.002992456 0.999394119 105.319503784
0.998028457 0.023406291 0.058233894 -3.401142597 -0.022931546 0.999698341 -0.008807393 -2.264379978 -0.058422469 0.007454637 0.998264134 105.727455139
0.996075273 0.021386739 0.085887417 -3.348476410 -0.020460600 0.999722838 -0.011649113 -2.274885654 -0.086112745 0.009846086 0.996236742 106.137786865
0.993139029 0.018439088 0.115476161 -3.273079872 -0.017101664 0.999774754 -0.012561928 -2.290743351 -0.115681797 0.010500906 0.993230820 106.529060364
0.988897860 0.015791766 0.147754923 -3.185330391 -0.013797270 0.999799430 -0.014513958 -2.305120230 -0.147954479 0.012314210 0.988917530 106.878097534
0.982795358 0.013527077 0.184201792 -3.096151352 -0.010797610 0.999816656 -0.015812855 -2.321249723 -0.184381947 0.013551864 0.982761264 107.250160217
0.974953771 0.010131422 0.222176850 -2.972972870 -0.006561689 0.999837279 -0.016799375 -2.331490040 -0.222310901 0.014920758 0.974861741 107.614151001
0.964981735 0.008134617 0.262190998 -2.846883774 -0.003691458 0.999841154 -0.017434377 -2.348999500 -0.262291223 0.015855992 0.964858472 107.961303711
0.952684164 0.008462612 0.303844303 -2.719547272 -0.003132398 0.999832630 -0.018025709 -2.370067120 -0.303945959 0.016221046 0.952551186 108.278396606
0.937432051 0.010754913 0.348002195 -2.573219299 -0.004459670 0.999811709 -0.018885659 -2.380099535 -0.348139763 0.016152050 0.937303424 108.603645325
0.919729471 0.011082798 0.392396212 -2.398929596 -0.004413071 0.999830067 -0.017895389 -2.389244556 -0.392527938 0.014727247 0.919622183 108.925209045
0.899365842 0.010032848 0.437081575 -2.219089508 -0.003126211 0.999858558 -0.016518246 -2.402338743 -0.437185556 0.013489542 0.899270177 109.231269836
0.876209974 0.008869706 0.481847882 -2.027057648 -0.000772735 0.999855042 -0.016999861 -2.415380001 -0.481928885 0.014523107 0.876090050 109.506156921
0.850835443 0.010387758 0.525329411 -1.810779572 -0.000072067 0.999806821 -0.019653257 -2.427626371 -0.525432169 0.016683830 0.850671947 109.798423767
0.823349535 0.011456268 0.567418993 -1.593780518 0.001218457 0.999758184 -0.021953285 -2.457140207 -0.567533374 0.018766608 0.823136568 110.049095154
0.792163908 0.016090296 0.610096335 -1.361442566 -0.000465996 0.999668002 -0.025759559 -2.477912903 -0.610308349 0.020121489 0.791908443 110.315811157
0.758311927 0.022320341 0.651509702 -1.106781006 -0.003757912 0.999546707 -0.029869940 -2.487226009 -0.651881099 0.020202411 0.758052170 110.567794800
0.720713437 0.027148822 0.692701340 -0.835819244 -0.005401277 0.999422491 -0.033550341 -2.489518166 -0.693212152 0.020438714 0.720443785 110.816635132
0.681802630 0.027015917 0.731037259 -0.539371490 -0.003305153 0.999421358 -0.033851661 -2.509528637 -0.731528878 0.020663960 0.681497395 111.037292480
0.640962303 0.024596088 0.767178118 -0.226184845 0.000671275 0.999467969 -0.032604247 -2.523442745 -0.767572105 0.021413082 0.640604913 111.237594604
0.596337438 0.022789923 0.802410364 0.098815918 0.002364563 0.999542654 -0.030146144 -2.530767918 -0.802730441 0.019874623 0.596010804 111.449234009
0.551821947 0.021588806 0.833682597 0.422851562 0.003452573 0.999597132 -0.028170574 -2.539440155 -0.833954811 0.018423492 0.551525056 111.573760986
0.503784180 0.019189565 0.863616407 0.781951904 0.005451781 0.999662697 -0.025392771 -2.548245907 -0.863812387 0.017500727 0.503509581 111.739540100
0.452850461 0.015508573 0.891451657 1.149444580 0.008507440 0.999728024 -0.021713972 -2.557938099 -0.891545951 0.017417151 0.452595383 111.886444092
0.400422931 0.015597247 0.916197777 1.509769440 0.005176350 0.999800622 -0.019282814 -2.581095457 -0.916315854 0.012463842 0.400262415 112.019851685
0.348889649 0.020291824 0.936944187 1.897266388 0.001653516 0.999750614 -0.022267774 -2.597181082 -0.937162399 0.009318247 0.348769158 112.138534546
0.298592865 0.026048815 0.954025030 2.313621521 0.000361290 0.999624252 -0.027406944 -2.608277798 -0.954380572 0.008528200 0.298471302 112.240829468
0.252020597 0.028242448 0.967309713 2.720916748 0.002123864 0.999555528 -0.029737273 -2.619999647 -0.967719555 0.009548842 0.251848638 112.311134338
0.211081505 0.027927244 0.977069438 3.142347336 0.009187523 0.999490857 -0.030552939 -2.637994766 -0.977425396 0.015426009 0.210717514 112.358093262
0.175806642 0.027763911 0.984033108 3.573925018 0.017658178 0.999352455 -0.031350929 -2.648639441 -0.984266341 0.022887940 0.175202563 112.398216248
0.145273268 0.028937120 0.988968313 4.026935577 0.021932641 0.999232352 -0.032459211 -2.665677547 -0.989148498 0.026406145 0.144527137 112.436065674
0.117136523 0.027189346 0.992743552 4.499629974 0.020087576 0.999355853 -0.029740630 -2.686577082 -0.992912650 0.023425525 0.116514936 112.482368469
0.091466695 0.023937201 0.995520413 5.007415771 0.013832018 0.999584019 -0.025305768 -2.698902130 -0.995712101 0.016084693 0.091097564 112.529701233
0.067920685 0.019895427 0.997492313 5.491453171 0.008806994 0.999750197 -0.020540139 -2.716630459 -0.997651815 0.010180010 0.067728505 112.556289673
0.045245424 0.017312398 0.998825848 6.015762329 0.013037758 0.999754429 -0.017919090 -2.736847401 -0.998890758 0.013833207 0.045008603 112.562934875
0.025202814 0.018180443 0.999516964 6.553649902 0.020532668 0.999614298 -0.018699946 -2.753086567 -0.999471426 0.020994041 0.024819795 112.547531128
0.007890776 0.020662082 0.999755323 7.106728077 0.025942367 0.999445736 -0.020860439 -2.769789934 -0.999632299 0.026100628 0.007350389 112.529884338
-0.007221870 0.025918994 0.999637902 7.715360165 0.024641804 0.999365091 -0.025733894 -2.791664600 -0.999670208 0.024447037 -0.007855982 112.542831421
-0.017836131 0.030899100 0.999363422 8.331395149 0.023555297 0.999257803 -0.030475438 -2.793161869 -0.999563336 0.022996739 -0.018550731 112.535377502
-0.023981785 0.030522237 0.999246299 8.942562103 0.024488116 0.999251783 -0.029934697 -2.819097996 -0.999412417 0.023751780 -0.024711277 112.505477905
-0.026558036 0.027622763 0.999265432 9.589310646 0.031094538 0.999157190 -0.026793353 -2.835180998 -0.999163568 0.030360125 -0.027394570 112.480766296
-0.026051048 0.025687089 0.999330521 10.245473862 0.032764871 0.999154568 -0.024828441 -2.860133410 -0.999123573 0.032096136 -0.026870660 112.458267212
-0.024091069 0.025499973 0.999384522 10.932146072 0.031143388 0.999208570 -0.024744747 -2.881252527 -0.999224544 0.030528096 -0.024866160 112.449203491
-0.022484871 0.025562687 0.999420285 11.618002892 0.027971366 0.999297857 -0.024930252 -2.911161184 -0.999355793 0.027394604 -0.023184102 112.437705994
-0.021365872 0.026874974 0.999410450 12.332776070 0.027431825 0.999277949 -0.026284965 -2.927352190 -0.999395311 0.026854053 -0.022087675 112.429740906
-0.020638758 0.027562736 0.999406993 13.057044983 0.026433863 0.999285519 -0.027013499 -2.956512928 -0.999437451 0.025860664 -0.021352602 112.423759460
-0.019772302 0.027154800 0.999435663 13.803117752 0.025559615 0.999318063 -0.026645945 -2.982049227 -0.999477744 0.025018338 -0.020452887 112.417564392
-0.019002056 0.026161794 0.999477088 14.576050758 0.024796782 0.999362350 -0.025687359 -3.005600929 -0.999511898 0.024295706 -0.019638672 112.400451660
-0.018657416 0.024842493 0.999517262 15.343170166 0.025705688 0.999372661 -0.024359066 -3.032373667 -0.999495447 0.025238801 -0.019284310 112.391548157
-0.018941486 0.022405578 0.999569476 16.132501602 0.026422111 0.999411047 -0.021901330 -3.063935280 -0.999471426 0.025995901 -0.019522330 112.372940063
-0.020126645 0.020579860 0.999585509 16.921720505 0.023706535 0.999516726 -0.020101111 -3.093361378 -0.999516368 0.023292147 -0.020604793 112.363899231
-0.021402214 0.019733366 0.999576151 17.714942932 0.023226677 0.999545157 -0.019235445 -3.116047859 -0.999501109 0.022805156 -0.021850821 112.349006653
-0.022720631 0.017335575 0.999591470 18.514755249 0.025351077 0.999538183 -0.016758421 -3.135435581 -0.999420404 0.024959963 -0.023149613 112.332855225
-0.023956552 0.015464328 0.999593318 19.325265884 0.026974477 0.999526322 -0.014816815 -3.163420200 -0.999348998 0.026608553 -0.024362344 112.311943054
-0.025327953 0.014437441 0.999574900 20.155006409 0.024363171 0.999607623 -0.013820582 -3.195994377 -0.999382317 0.024002768 -0.025669757 112.290161133
-0.025997214 0.019567791 0.999470472 20.979881287 0.021047471 0.999597490 -0.019022815 -3.212851524 -0.999440372 0.020541785 -0.026398605 112.272605896
-0.026851101 0.024177043 0.999346972 21.823564529 0.023309778 0.999450743 -0.023553248 -3.240141153 -0.999367714 0.022662126 -0.027399916 112.257629395
-0.028024754 0.025826201 0.999273539 22.662799835 0.022888284 0.999420702 -0.025188100 -3.270713806 -0.999345183 0.022165768 -0.028599638 112.234703064
-0.029746240 0.023582656 0.999279201 23.507513046 0.019311421 0.999548554 -0.023014158 -3.302618742 -0.999370933 0.018612916 -0.030188229 112.223175049
-0.030923478 0.019316796 0.999334991 24.355451584 0.016300749 0.999689996 -0.018819245 -3.333811522 -0.999388933 0.015707953 -0.031228771 112.207298279
-0.031687666 0.013579771 0.999405563 25.211704254 0.014510544 0.999808490 -0.013125165 -3.368366718 -0.999392509 0.014086015 -0.031878658 112.191833496
-0.031692453 0.008231672 0.999463737 26.040901184 0.010837488 0.999910176 -0.007891697 -3.388496637 -0.999438882 0.010581573 -0.031778820 112.170555115
-0.031281490 0.006843886 0.999487102 26.906087875 0.008833858 0.999939263 -0.006570505 -3.417505264 -0.999471545 0.008623793 -0.031340048 112.147430420
-0.030651864 0.013997583 0.999432087 27.741209030 0.011473149 0.999840915 -0.013651434 -3.442091465 -0.999464273 0.011048195 -0.030807581 112.127555847
-0.029543109 0.024841502 0.999254763 28.573131561 0.014067120 0.999602377 -0.024434248 -3.473171234 -0.999464452 0.013334773 -0.029880816 112.100578308
-0.029079895 0.030514155 0.999111176 29.408735275 0.015701083 0.999424398 -0.030066725 -3.493352652 -0.999453664 0.014812793 -0.029542265 112.081886292
-0.027724124 0.024918444 0.999304950 30.245407104 0.017349016 0.999550521 -0.024443248 -3.527946472 -0.999464989 0.016659290 -0.028143983 112.061317444
-0.026536725 0.016868187 0.999505460 31.069189072 0.020443292 0.999657810 -0.016327985 -3.566953421 -0.999438763 0.019999895 -0.026872480 112.035552979
-0.026100101 0.013985511 0.999561489 31.899179459 0.021749156 0.999673486 -0.013419171 -3.594841957 -0.999422669 0.021389380 -0.026395746 112.016090393
-0.026333041 0.014385762 0.999549627 32.720287323 0.020682843 0.999690294 -0.013842897 -3.622209549 -0.999439180 0.020309007 -0.026622420 112.001846313
-0.027261490 0.015621690 0.999506295 33.529022217 0.017256737 0.999736190 -0.015154612 -3.648966312 -0.999479353 0.016835079 -0.027523875 111.983955383
-0.029388925 0.015525573 0.999447405 34.343479156 0.015154260 0.999771357 -0.015084990 -3.677004337 -0.999453068 0.014702555 -0.029617483 111.967185974
-0.031478632 0.015255733 0.999387860 35.153766632 0.014751654 0.999781728 -0.014797091 -3.704363346 -0.999395430 0.014276835 -0.031696808 111.943145752
-0.033534233 0.015493302 0.999317467 35.960838318 0.013639981 0.999793768 -0.015042972 -3.732955694 -0.999344468 0.013126217 -0.033738643 111.921493530
-0.036043696 0.015443869 0.999230921 36.780815125 0.011094775 0.999825180 -0.015052849 -3.763345242 -0.999288619 0.010543682 -0.036208738 111.907806396
-0.038003664 0.015248540 0.999161243 37.558349609 0.010166201 0.999837637 -0.014872187 -3.782594204 -0.999225855 0.009592475 -0.038152516 111.883369446
-0.039825737 0.014033731 0.999108076 38.346729279 0.010638366 0.999850631 -0.013620102 -3.809847832 -0.999149978 0.010086448 -0.039969083 111.849639893
-0.041460812 0.013836123 0.999044240 39.121063232 0.010064919 0.999859095 -0.013429708 -3.841698647 -0.999089479 0.009498495 -0.041594233 111.813766479
-0.043260545 0.015056597 0.998950362 39.913394928 0.010627659 0.999836743 -0.014609718 -3.863752365 -0.999007225 0.009984480 -0.043413509 111.784828186
-0.044286568 0.015473776 0.998898923 40.682918549 0.010778535 0.999829233 -0.015010313 -3.887288570 -0.998960614 0.010101913 -0.044445794 111.748352051
-0.045517910 0.013939654 0.998866200 41.449718475 0.012884863 0.999827623 -0.013365913 -3.916569710 -0.998880386 0.012261869 -0.045689683 111.716827393
-0.047288850 0.013221380 0.998793602 42.226299286 0.012854768 0.999837637 -0.012626578 -3.942407131 -0.998798490 0.012242168 -0.047451135 111.688880920
-0.048753209 0.012799204 0.998728752 42.987739563 0.011630160 0.999857306 -0.012245938 -3.967197180 -0.998743176 0.011018347 -0.048895102 111.658927917
-0.049843162 0.011824310 0.998686969 43.749252319 0.009753973 0.999887884 -0.011351721 -3.990490913 -0.998709440 0.009175360 -0.049952913 111.627677917
-0.050981093 0.010710963 0.998642147 44.489501953 0.008529715 0.999910712 -0.010289124 -4.014607430 -0.998663187 0.007993584 -0.051067904 111.600440979
-0.052148353 0.010123829 0.998588085 45.217464447 0.008636466 0.999915779 -0.009686275 -4.044818878 -0.998601973 0.008119148 -0.052231397 111.575973511
-0.051447038 0.013052755 0.998590410 45.888732910 0.008964252 0.999880254 -0.012607781 -4.060824394 -0.998635530 0.008302984 -0.051557891 111.522567749
-0.051538285 0.015882920 0.998544753 46.590408325 0.009222165 0.999838352 -0.015427513 -4.084953308 -0.998628438 0.008413637 -0.051676437 111.492446899
-0.051723000 0.017585069 0.998506606 47.292198181 0.007234222 0.999825180 -0.017233558 -4.106658936 -0.998635232 0.006332049 -0.051841170 111.462753296
-0.051986363 0.018172419 0.998482347 47.989490509 0.007589490 0.999812722 -0.017801480 -4.136722565 -0.998618960 0.006652537 -0.052114543 111.430175781
-0.051762063 0.017993128 0.998497307 48.686286926 0.009116849 0.999804556 -0.017544067 -4.160306931 -0.998617768 0.008195033 -0.051915981 111.393905640
-0.052443821 0.017537048 0.998469830 49.375411987 0.009615551 0.999808311 -0.017055506 -4.185594559 -0.998577595 0.008706382 -0.052602395 111.363670349
-0.052306980 0.017812720 0.998472095 50.055049896 0.006227466 0.999827266 -0.017510653 -4.205654144 -0.998611629 0.005302022 -0.052408867 111.328590393
-0.052288279 0.017558215 0.998477638 50.739704132 0.003313262 0.999842942 -0.017408712 -4.239278316 -0.998626530 0.002397946 -0.052338243 111.303413391
-0.052174501 0.016043372 0.998509109 51.426445007 0.004772957 0.999863446 -0.015815737 -4.265075684 -0.998626530 0.003940663 -0.052243955 111.271942139
-0.053039722 0.015555576 0.998471260 52.094192505 0.005626501 0.999867439 -0.015278444 -4.285821915 -0.998576522 0.004807535 -0.053120226 111.233108521
-0.056629661 0.014853138 0.998284817 52.757091522 0.001897561 0.999889135 -0.014769365 -4.312859535 -0.998393476 0.001057922 -0.056651566 111.201202393
-0.061786547 0.014445091 0.997984886 53.429943085 -0.001802969 0.999891996 -0.014584317 -4.336779118 -0.998087704 -0.002700450 -0.061753832 111.168869019
-0.067860089 0.018754218 0.997518539 54.112155914 0.001713546 0.999823987 -0.018680997 -4.352471352 -0.997693419 0.000441600 -0.067880303 111.119689941
-0.074514538 0.021806052 0.996981502 54.779808044 0.004377142 0.999758422 -0.021539643 -4.371391773 -0.997210324 0.002758913 -0.074591987 111.067161560
-0.081277944 0.023102986 0.996423662 55.450202942 0.003253099 0.999732137 -0.022914346 -4.397930145 -0.996686101 0.001379034 -0.081331328 111.006881714
-0.088247865 0.022426371 0.995846093 56.141883850 -0.000833268 0.999744475 -0.022588007 -4.419803619 -0.996098280 -0.002823150 -0.088206641 110.961532593
-0.093066722 0.021165170 0.995434880 56.824016571 -0.000805078 0.999772072 -0.021332663 -4.448992729 -0.995659530 -0.002786765 -0.093028486 110.890953064
-0.098537847 0.022091810 0.994888127 57.540382385 -0.003050875 0.999742150 -0.022501770 -4.470889568 -0.995128691 -0.005252556 -0.098445043 110.841163635
-0.102132991 0.020859431 0.994552016 58.214565277 -0.005336658 0.999754250 -0.021516578 -4.500150681 -0.994756460 -0.007505140 -0.101996593 110.768852234
-0.104547918 0.017749457 0.994361460 58.917381287 -0.004510138 0.999822021 -0.018321132 -4.520598412 -0.994509697 -0.006400145 -0.104449250 110.697090149
-0.106030948 0.014944872 0.994250536 59.627693176 -0.002630540 0.999879420 -0.015310016 -4.539965153 -0.994359314 -0.004238751 -0.105978854 110.616668701
-0.107390173 0.011605894 0.994149208 60.345046997 -0.003424806 0.999921560 -0.012043244 -4.570494175 -0.994210958 -0.004698094 -0.107342027 110.541427612
-0.108974360 0.011252906 0.993980944 61.077274323 -0.004436681 0.999920428 -0.011806566 -4.591254711 -0.994034708 -0.005696590 -0.108915776 110.471961975
-0.109865718 0.015497514 0.993825614 61.816551208 -0.001893188 0.999873400 -0.015801115 -4.605028629 -0.993944585 -0.003617501 -0.109822482 110.398681641
-0.109858796 0.019498998 0.993755877 62.540946960 0.004104008 0.999807894 -0.019164048 -4.630013466 -0.993938684 0.001973043 -0.109917730 110.308204651
-0.110409409 0.024387702 0.993586898 63.283916473 0.011437803 0.999663830 -0.023265867 -4.655882359 -0.993820429 0.008795681 -0.110651240 110.219062805
-0.110474363 0.025561590 0.993550181 64.017906189 0.011826755 0.999632239 -0.024403028 -4.678974152 -0.993808627 0.009054568 -0.110736050 110.128814697
-0.111889146 0.022300227 0.993470430 64.787475586 0.009216998 0.999728441 -0.021402640 -4.715916157 -0.993677974 0.006762093 -0.112064317 110.064529419
-0.111717999 0.018419700 0.993569195 65.540023804 0.010777702 0.999791861 -0.017323207 -4.733314514 -0.993681490 0.008773079 -0.111893252 109.978141785
-0.111230001 0.016464416 0.993658245 66.280250549 0.012851610 0.999802947 -0.015127625 -4.758932590 -0.993711531 0.011087464 -0.111419700 109.884407043
-0.112073176 0.015833823 0.993573785 67.027343750 0.012739311 0.999813855 -0.014496296 -4.785409451 -0.993618309 0.011032801 -0.112254016 109.802955627
-0.114053458 0.016939349 0.993330181 67.777099609 0.011210714 0.999812961 -0.015762690 -4.809520245 -0.993411303 0.009338154 -0.114222020 109.727722168
-0.116104029 0.017561680 0.993081748 68.525718689 0.010608579 0.999808431 -0.016440360 -4.836188793 -0.993180394 0.008626395 -0.116268121 109.640136719
-0.118363738 0.017730283 0.992811918 69.265182495 0.011597894 0.999796987 -0.016472321 -4.862507820 -0.992902517 0.009564803 -0.118545376 109.554397583
-0.120229483 0.017986001 0.992583215 70.012481689 0.011882347 0.999790251 -0.016677314 -4.884282589 -0.992675006 0.009789114 -0.120417982 109.465293884
-0.122192577 0.017794564 0.992346883 70.760337830 0.011472224 0.999797821 -0.016515542 -4.907334328 -0.992440164 0.009366350 -0.122372016 109.375076294
-0.123803101 0.017964644 0.992144167 71.511062622 0.009210268 0.999813855 -0.016954226 -4.931315422 -0.992264032 0.007038928 -0.123945549 109.287010193
-0.124950349 0.019521644 0.991970897 72.264053345 0.009049632 0.999787152 -0.018535554 -4.956622601 -0.992121756 0.006660947 -0.125100449 109.198097229
-0.125733778 0.019719467 0.991868019 73.025497437 0.008236205 0.999788702 -0.018832883 -4.981165886 -0.992029846 0.005801299 -0.125869632 109.106948853
-0.127122328 0.019961463 0.991686225 73.789985657 0.007435458 0.999788404 -0.019171417 -5.006680489 -0.991859138 0.004936526 -0.127243876 109.011886597
-0.128511190 0.018496888 0.991535604 74.576164246 0.008146559 0.999811888 -0.017595427 -5.025833130 -0.991674781 0.005816393 -0.128637686 108.923240662
-0.129413947 0.016193291 0.991458476 75.358001709 0.006137638 0.999860406 -0.015529383 -5.049470425 -0.991571724 0.004075494 -0.129495263 108.826400757
-0.131369308 0.014237268 0.991231322 76.143646240 0.002648926 0.999898255 -0.014010688 -5.069445610 -0.991330028 0.000785123 -0.131393671 108.733299255
-0.133326247 0.013310592 0.990982711 76.907699585 0.003373883 0.999909997 -0.012976578 -5.099233150 -0.991066456 0.001613341 -0.133359194 108.621032715
-0.135009140 0.014268552 0.990741551 77.706344604 0.004951453 0.999893427 -0.013725616 -5.118034363 -0.990831971 0.003052526 -0.135065421 108.517730713
-0.137254640 0.015515885 0.990414202 78.497810364 0.004299264 0.999877155 -0.015068324 -5.139530182 -0.990526497 0.002189854 -0.137304530 108.408386230
-0.138980597 0.018503152 0.990122080 79.294677734 0.005205824 0.999825180 -0.017953750 -5.171496391 -0.990281403 0.002659178 -0.139052659 108.301399231
-0.139436349 0.022376243 0.989978135 80.104644775 0.007433814 0.999740064 -0.021549851 -5.197442532 -0.990203023 0.004354481 -0.139566496 108.190078735
-0.140533030 0.026254976 0.989727795 80.928939819 0.008335680 0.999644279 -0.025334444 -5.236343384 -0.990040958 0.004689729 -0.140701920 108.073982239
-0.140407413 0.027535710 0.989710808 81.752136230 0.010601168 0.999597728 -0.026306832 -5.265123844 -0.990037084 0.006798418 -0.140642852 107.958053589
-0.139572293 0.026764078 0.989850104 82.586593628 0.014024565 0.999587834 -0.025049860 -5.297873497 -0.990112603 0.010385953 -0.139890119 107.839927673
-0.139222249 0.024651183 0.989954293 83.407592773 0.014765000 0.999630570 -0.022815662 -5.335391045 -0.990151227 0.011440231 -0.139534771 107.714317322
-0.138350964 0.023234256 0.990110695 84.245941162 0.013733343 0.999673724 -0.021539668 -5.361357689 -0.990288138 0.010617498 -0.138624907 107.599922180
-0.137078494 0.020736519 0.990343213 85.079772949 0.013201242 0.999730289 -0.019105827 -5.391802788 -0.990472138 0.010454765 -0.137315273 107.504745483
-0.135723844 0.017542034 0.990591407 85.936225891 0.013677239 0.999781191 -0.015830813 -5.418739319 -0.990652323 0.011399938 -0.135934040 107.397468567
-0.133965343 0.013921113 0.990888298 86.787796021 0.014018818 0.999827862 -0.012151401 -5.448310852 -0.990886867 0.012263217 -0.134137452 107.283630371
-0.132240459 0.014108540 0.991117179 87.630996704 0.011970888 0.999848545 -0.012635605 -5.472499847 -0.991145372 0.010193615 -0.132389367 107.178344727
-0.131007522 0.018070955 0.991216600 88.487266541 0.012400884 0.999785542 -0.016588168 -5.503092766 -0.991303802 0.010118788 -0.131203562 107.071205139
-0.129039317 0.024630532 0.991333485 89.334564209 0.013754266 0.999639869 -0.023046551 -5.528594971 -0.991544008 0.010661154 -0.129331648 106.962478638
-0.127478883 0.028063243 0.991444230 90.180938721 0.011403083 0.999574959 -0.026827198 -5.555597305 -0.991775751 0.007885620 -0.127744704 106.856582642
-0.125892684 0.025435710 0.991717815 91.047454834 0.010144894 0.999651849 -0.024351377 -5.588774204 -0.991991997 0.006995212 -0.126106933 106.753120422
