1.000000000 -0.000000000 -0.000000000 -0.000000060 -0.000000000 1.000000119 -0.000000000 0.000000030 -0.000000000 -0.000000000 1.000000000 0.000000119
0.999997675 -0.001622384 -0.001435348 -0.002483458 0.001621048 0.999998391 -0.000932041 -0.007702733 0.001436857 0.000929711 0.999998510 0.564240634
0.999995470 -0.001807260 -0.002401725 -0.007801984 0.001801066 0.999995172 -0.002578481 -0.017717771 0.002406372 0.002574143 0.999993801 1.119462490
0.999986589 -0.002526868 -0.004525251 -0.009157822 0.002510868 0.999990702 -0.003537932 -0.035189547 0.004534148 0.003526521 0.999983490 1.684881926
0.999970257 -0.004358702 -0.006358217 -0.020272367 0.004323280 0.999975264 -0.005574287 -0.040904976 0.006382354 0.005546633 0.999964237 2.251782417
0.999947727 -0.007170090 -0.007303903 -0.036132846 0.007116833 0.999948025 -0.007291824 -0.060581312 0.007355806 0.007239461 0.999946773 2.805796385
0.999925554 -0.008421609 -0.008826051 -0.042157903 0.008352370 0.999934316 -0.007852399 -0.074101210 0.008891602 0.007778096 0.999930203 3.377623081
0.999914110 -0.008408117 -0.010050788 -0.056425996 0.008336110 0.999939442 -0.007184737 -0.087535493 0.010110591 0.007100335 0.999923706 3.956115246
0.999899089 -0.008860082 -0.011102137 -0.065518476 0.008775306 0.999932170 -0.007661493 -0.100346096 0.011169266 0.007563295 0.999909043 4.552411556
0.999889553 -0.008231669 -0.012370861 -0.075051963 0.008103263 0.999913216 -0.010394245 -0.116727568 0.012455349 0.010292856 0.999869466 5.145687580
0.999885023 -0.006573825 -0.013661977 -0.088684596 0.006380439 0.999879539 -0.014150676 -0.132210895 0.013753355 0.014061880 0.999806583 5.752617836
0.999874294 -0.005330347 -0.014929918 -0.105533898 0.005062365 0.999826491 -0.017929927 -0.143856868 0.015022899 0.017852092 0.999727786 6.365844250
0.999866486 -0.003335454 -0.015997238 -0.124409869 0.003047973 0.999834001 -0.017961433 -0.157471612 0.016054494 0.017910277 0.999710679 6.994935036
0.999849379 -0.001222490 -0.017312387 -0.136609122 0.001030788 0.999938130 -0.011077716 -0.168290734 0.017324859 0.011058204 0.999788821 7.637620926
0.999843478 -0.000332289 -0.017688531 -0.159246325 0.000324980 0.999999940 -0.000416106 -0.181776688 0.017688671 0.000410294 0.999843478 8.299903870
0.999823451 0.000483829 -0.018779147 -0.172786608 -0.000365963 0.999980211 0.006279374 -0.194022059 0.018781817 -0.006271394 0.999803960 8.983386040
0.999794364 0.002886145 -0.020071585 -0.192269519 -0.002783906 0.999983013 0.005119748 -0.207743660 0.020086020 -0.005062819 0.999785423 9.670382500
0.999774635 0.004785222 -0.020681404 -0.215949088 -0.004827275 0.999986351 -0.001983949 -0.214149132 0.020671628 0.002083336 0.999784112 10.361023903
0.999749899 0.004472907 -0.021908296 -0.235232279 -0.004646642 0.999958098 -0.007885681 -0.214152262 0.021872103 0.007985511 0.999728858 11.074113846
0.999730766 0.002090867 -0.023108907 -0.250302613 -0.002238438 0.999977291 -0.006361871 -0.215580031 0.023095082 0.006411886 0.999712646 11.810894966
0.999727488 0.001819920 -0.023273150 -0.275056213 -0.001755818 0.999994576 0.002774481 -0.227754459 0.023278072 -0.002732861 0.999725282 12.570639610
0.999724329 0.001352382 -0.023439687 -0.298912615 -0.001112306 0.999946833 0.010252300 -0.233132958 0.023452306 -0.010223401 0.999672711 13.346020699
0.999707162 0.000320222 -0.024197003 -0.319546670 -0.000012131 0.999918997 0.012731693 -0.234950230 0.024199119 -0.012727669 0.999626040 14.137969971
0.999698043 -0.001338984 -0.024538130 -0.335545063 0.001628978 0.999929011 0.011801939 -0.236035049 0.024520585 -0.011838346 0.999629140 14.944915771
0.999715269 -0.001885594 -0.023786586 -0.363766313 0.002108935 0.999953985 0.009367764 -0.237061724 0.023767825 -0.009415261 0.999673188 15.776278496
0.999732852 0.000805303 -0.023099426 -0.389802337 -0.000665459 0.999981523 0.006061093 -0.238519117 0.023103874 -0.006044102 0.999714792 16.612091064
0.999744713 -0.002650539 -0.022439068 -0.406912684 0.002660306 0.999996483 0.000405428 -0.242497474 0.022437911 -0.000465021 0.999748170 17.466688156
0.999748707 -0.005389595 -0.021756925 -0.425959587 0.005260877 0.999968469 -0.005969136 -0.249964163 0.021788405 0.005853174 0.999745548 18.340408325
0.999774337 -0.004384365 -0.020780956 -0.443354100 0.004147764 0.999926209 -0.011414964 -0.263354063 0.020829469 0.011326194 0.999718904 19.251462936
0.999787748 -0.003238144 -0.020341404 -0.470316082 0.002989306 0.999920487 -0.012251585 -0.278025985 0.020379458 0.012188178 0.999718070 20.156837463
0.999774396 -0.003073964 -0.021013957 -0.488648891 0.002826347 0.999926388 -0.011803021 -0.295745134 0.021048693 0.011740966 0.999709487 21.091312408
0.999779999 -0.001625603 -0.020906683 -0.518341720 0.001354655 0.999915004 -0.012967500 -0.322685957 0.020925989 0.012936328 0.999697387 22.032430649
0.999781728 0.001359770 -0.020852314 -0.538824320 -0.001674944 0.999884546 -0.015104548 -0.344792724 0.020829374 0.015136176 0.999668539 23.002542496
0.999765813 0.004652528 -0.021131853 -0.565775096 -0.004991709 0.999859095 -0.016026413 -0.367479175 0.021054314 0.016128143 0.999648273 23.967821121
0.999755323 0.006440809 -0.021160878 -0.596529722 -0.006776385 0.999851882 -0.015825043 -0.394824594 0.021055819 0.015964564 0.999650896 24.944883347
0.999749959 0.007475768 -0.021072447 -0.627656281 -0.007809833 0.999844432 -0.015815679 -0.421577990 0.020950936 0.015976297 0.999652922 25.923095703
0.999742627 0.007109471 -0.021540295 -0.643909752 -0.007453057 0.999845624 -0.015912801 -0.447195113 0.021423839 0.016069246 0.999641359 26.901033401
0.999723315 0.008416003 -0.021964159 -0.667865753 -0.008739238 0.999854267 -0.014662214 -0.483441174 0.021837562 0.014850110 0.999651253 27.934841156
0.999712467 0.009104149 -0.022185504 -0.696588159 -0.009383217 0.999877751 -0.012507334 -0.511670470 0.022068925 0.012711910 0.999675691 28.950689316
0.999698341 0.009570826 -0.022617767 -0.720543027 -0.009826796 0.999888659 -0.011233316 -0.540541291 0.022507735 0.011452190 0.999681115 29.971330643
0.999690592 0.010130093 -0.022718417 -0.746455908 -0.010416269 0.999867499 -0.012513972 -0.561520696 0.022588637 0.012746742 0.999663651 31.007263184
0.999676824 0.011356786 -0.022749046 -0.782748640 -0.011667340 0.999839842 -0.013565323 -0.592171431 0.022591351 0.013826358 0.999649227 32.027416229
0.999669194 0.010854019 -0.023320286 -0.809321582 -0.011148692 0.999859154 -0.012543109 -0.619958401 0.023180863 0.012798950 0.999649465 33.062870026
0.999664783 0.010731875 -0.023560731 -0.844172776 -0.010973971 0.999888003 -0.010170225 -0.642088771 0.023448953 0.010425371 0.999670684 34.121112823
0.999648809 0.010823315 -0.024191439 -0.873888433 -0.010981243 0.999919116 -0.006404894 -0.667180359 0.024120165 0.006668297 0.999686897 35.166419983
0.999640048 0.011063581 -0.024442157 -0.906966031 -0.011164366 0.999929667 -0.003990740 -0.693927348 0.024396287 0.004262184 0.999693334 36.254516602
0.999625564 0.011341937 -0.024903914 -0.939420283 -0.011433821 0.999928355 -0.003550194 -0.711812198 0.024861865 0.003833612 0.999683619 37.326854706
0.999613881 0.010598899 -0.025686748 -0.967829943 -0.010726536 0.999930739 -0.004836187 -0.735120118 0.025633711 0.005109850 0.999658406 38.414550781
0.999592304 0.011216918 -0.026256971 -1.004405141 -0.011364903 0.999920309 -0.005493538 -0.753553987 0.026193256 0.005789707 0.999640167 39.490024567
0.999585330 0.010547663 -0.026794247 -1.040030837 -0.010665316 0.999934077 -0.004251864 -0.776659846 0.026747633 0.004535871 0.999631941 40.583106995
0.999552429 0.011190802 -0.027745236 -1.074859142 -0.011267793 0.999933124 -0.002620139 -0.790836930 0.027714055 0.002931593 0.999611616 41.670242310
0.999551475 0.010614806 -0.028001804 -1.117381334 -0.010600698 0.999943554 0.000652191 -0.823539376 0.028007144 -0.000355060 0.999607682 42.761829376
0.999527395 0.012114871 -0.028252782 -1.161918163 -0.012109624 0.999926507 0.000356855 -0.843808711 0.028255032 -0.000014555 0.999600828 43.836818695
0.999481380 0.013456637 -0.029252540 -1.179897428 -0.013573705 0.999900579 -0.003807009 -0.863567710 0.029198404 0.004202100 0.999564886 44.930202484
0.999472380 0.014589896 -0.029014466 -1.221629381 -0.014823772 0.999859214 -0.007861985 -0.884662390 0.028895674 0.008287942 0.999548197 46.010486603
0.999459505 0.014962079 -0.029268106 -1.256541610 -0.015207594 0.999850869 -0.008183899 -0.909261167 0.029141294 0.008624574 0.999538183 47.092235565
0.999449015 0.015489959 -0.029353814 -1.292662740 -0.015655980 0.999862671 -0.005434462 -0.936084867 0.029265605 0.005891031 0.999554396 48.196159363
0.999464750 0.015815472 -0.028634982 -1.337652922 -0.015915608 0.999867976 -0.003272406 -0.959774137 0.028579451 0.003726398 0.999584615 49.288978577
0.999491990 0.014429930 -0.028416950 -1.375207305 -0.014495638 0.999892771 -0.002107680 -0.980315089 0.028383488 0.002518531 0.999593973 50.375434875
0.999502718 0.014336686 -0.028083183 -1.409124970 -0.014413367 0.999892890 -0.002529960 -1.008522749 0.028043909 0.002933475 0.999602437 51.462135315
0.999515235 0.013761157 -0.027925055 -1.448090672 -0.013899886 0.999891996 -0.004779897 -1.027194619 0.027856266 0.005165735 0.999598622 52.557807922
0.999523222 0.013427593 -0.027801394 -1.475849509 -0.013621372 0.999884069 -0.006792384 -1.054025173 0.027706970 0.007167839 0.999590397 53.646598816
0.999542654 0.012771927 -0.027409242 -1.511230826 -0.013032911 0.999871254 -0.009364258 -1.080580711 0.027286114 0.009717196 0.999580443 54.737781525
0.999571323 0.011144355 -0.027075255 -1.546777844 -0.011487484 0.999855161 -0.012550790 -1.114910483 0.026931472 0.012856436 0.999554634 55.825607300
0.999582887 0.009465272 -0.027283030 -1.569488406 -0.009853655 0.999851465 -0.014136163 -1.149416566 0.027145179 0.014399104 0.999527812 56.913494110
0.999601543 0.007901952 -0.027097959 -1.601285219 -0.008219186 0.999898791 -0.011615594 -1.182366967 0.027003432 0.011833689 0.999565363 57.999462128
0.999618590 0.006723830 -0.026784852 -1.633922100 -0.006867796 0.999962389 -0.005286472 -1.214153767 0.026748301 0.005468407 0.999627292 59.095020294
0.999632239 0.005063378 -0.026645171 -1.661783934 -0.005067451 0.999987185 -0.000085355 -1.227661610 0.026644401 0.000220347 0.999644995 60.203681946
0.999632359 0.003207862 -0.026923170 -1.689111948 -0.003199694 0.999994814 0.000346497 -1.244504809 0.026924143 -0.000260224 0.999637485 61.296840668
0.999645412 0.000054639 -0.026629485 -1.719431758 -0.000128235 0.999996185 -0.002762001 -1.261457324 0.026629236 0.002764437 0.999641597 62.385566711
0.999653578 -0.001542965 -0.026272429 -1.753131390 0.001391757 0.999982357 -0.005772698 -1.285477281 0.026280873 0.005734134 0.999638200 63.485622406
0.999656498 0.000588888 -0.026200352 -1.792399168 -0.000847507 0.999951005 -0.009860837 -1.310852528 0.026193265 0.009879654 0.999608159 64.572250366
0.999662340 0.000851839 -0.025971362 -1.826747537 -0.001223120 0.999897242 -0.014283296 -1.338257790 0.025956528 0.014310240 0.999560714 65.652542114
0.999677479 0.003416428 -0.025164042 -1.865288615 -0.003788000 0.999884307 -0.014733188 -1.368763924 0.025110796 0.014823758 0.999574780 66.756965637
0.999664187 0.007833499 -0.024700291 -1.900789857 -0.008111977 0.999904454 -0.011194242 -1.401602626 0.024610242 0.011390851 0.999632239 67.879920959
0.999662638 0.008981032 -0.024371590 -1.938059330 -0.009200105 0.999918282 -0.008891667 -1.429999471 0.024289740 0.009112889 0.999663472 68.971778870
0.999662459 0.007962642 -0.024726748 -1.963389874 -0.008162108 0.999934912 -0.007976319 -1.458911777 0.024661627 0.008175449 0.999662459 70.054244995
0.999674141 0.007183067 -0.024492294 -1.998925328 -0.007368639 0.999944687 -0.007494915 -1.485851288 0.024437103 0.007672950 0.999671936 71.186347961
0.999674976 0.006053386 -0.024766097 -2.027025700 -0.006203642 0.999962687 -0.005994674 -1.514697313 0.024728887 0.006146366 0.999675333 72.278556824
0.999674797 0.004148240 -0.025159979 -2.056746483 -0.004254068 0.999982238 -0.004154105 -1.537239075 0.025142303 0.004259787 0.999674857 73.373817444
0.999657691 0.003492501 -0.025927553 -2.089240551 -0.003551974 0.999991179 -0.002248084 -1.566408753 0.025919473 0.002339409 0.999661326 74.473686218
0.999652684 0.002861735 -0.026194017 -2.124248505 -0.002950123 0.999990165 -0.003336336 -1.593009114 0.026184207 0.003412454 0.999651372 75.563064575
0.999634147 0.002656072 -0.026915241 -2.157354116 -0.002852395 0.999969602 -0.007258370 -1.618652940 0.026895145 0.007332487 0.999611378 76.648925781
0.999606311 0.003157012 -0.027878439 -2.186010599 -0.003415978 0.999951422 -0.009246386 -1.646022558 0.027847895 0.009337978 0.999568582 77.727378845
0.999586165 0.005334596 -0.028266221 -2.229294300 -0.005552588 0.999955416 -0.007639273 -1.671759963 0.028224213 0.007793063 0.999571264 78.816490173
0.999563217 0.006610793 -0.028801754 -2.268298626 -0.006716336 0.999971151 -0.003569292 -1.693252444 0.028777329 0.003761176 0.999578774 79.894515991
0.999541700 0.007076916 -0.029431684 -2.305506468 -0.007055594 0.999974787 0.000828267 -1.724165320 0.029436802 -0.000620228 0.999566495 80.950729370
0.999518573 0.008730270 -0.029772473 -2.347541332 -0.008694374 0.999961376 0.001334867 -1.742100239 0.029782975 -0.001075371 0.999555767 82.057922363
0.999498963 0.008308326 -0.030541461 -2.384539366 -0.008333173 0.999965072 -0.000686315 -1.762489557 0.030534690 0.000940479 0.999533296 83.122947693
0.999483466 0.008564367 -0.030973146 -2.424725771 -0.008621955 0.999961436 -0.001726232 -1.778647780 0.030957170 0.001992389 0.999518692 84.201522827
0.999471664 0.007644401 -0.031588547 -2.457783937 -0.007695708 0.999969244 -0.001502951 -1.810280442 0.031576086 0.001745253 0.999499857 85.250572205
0.999450684 0.006687738 -0.032458760 -2.495095968 -0.006735852 0.999976397 -0.001373187 -1.829206824 0.032448813 0.001591070 0.999472201 86.282798767
0.999439061 0.005340729 -0.033060446 -2.533013821 -0.005341421 0.999985754 0.000067419 -1.851377964 0.033060338 0.000109209 0.999453425 87.313056946
0.999428153 0.005577533 -0.033350483 -2.578194857 -0.005479189 0.999980271 0.003039470 -1.876875401 0.033366784 -0.002854998 0.999439120 88.320335388
0.999392092 0.004830225 -0.034527350 -2.611117840 -0.004705373 0.999982119 0.003696402 -1.896253586 0.034544591 -0.003531691 0.999396920 89.311325073
0.999308348 0.003602324 -0.037011869 -2.644542933 -0.003466476 0.999987006 0.003733898 -1.911412597 0.037024844 -0.003603016 0.999307871 90.266372681
0.999205410 0.002695233 -0.039764710 -2.692581415 -0.002576408 0.999992132 0.003039144 -1.936366081 0.039772585 -0.002934279 0.999204457 91.208488464
0.999057770 0.002574888 -0.043322809 -2.736472368 -0.002475973 0.999994218 0.002336717 -1.956761599 0.043328576 -0.002227250 0.999058425 92.127479553
0.998933077 0.002390117 -0.046119176 -2.787405491 -0.002255321 0.999993086 0.002974584 -1.975329757 0.046125967 -0.002867397 0.998931527 93.010124207
0.998763204 0.003701747 -0.049580678 -2.831933498 -0.003520922 0.999986827 0.003733941 -1.991393089 0.049593858 -0.003554754 0.998763204 93.893234253
0.998603821 0.004032988 -0.052669458 -2.882340193 -0.003780922 0.999980927 0.004884574 -2.009389877 0.052688163 -0.004678615 0.998600125 94.736183167
0.998450637 0.005864008 -0.055332880 -2.938653946 -0.005523619 0.999964833 0.006302604 -2.022569656 0.055367894 -0.005987202 0.998448074 95.545082092
0.998288631 0.007160746 -0.058038142 -2.987890720 -0.006754195 0.999951243 0.007198023 -2.039060116 0.058086857 -0.006793704 0.998288453 96.339729309
0.998109400 0.009524547 -0.060719002 -3.039538145 -0.009079423 0.999929905 0.007602598 -2.054462194 0.060787160 -0.007036931 0.998125970 97.099479675
0.997914493 0.011085179 -0.063589782 -3.092551470 -0.010672064 0.999919713 0.006832547 -2.075386047 0.063660420 -0.006139664 0.997952759 97.824531555
0.997750759 0.012431331 -0.065869391 -3.155611515 -0.012280449 0.999921024 0.002694996 -2.082390547 0.065897688 -0.001880029 0.997824609 98.532341003
0.997539103 0.014889875 -0.068512984 -3.210711479 -0.014995227 0.999887109 -0.001023648 -2.096660614 0.068489991 0.002048496 0.997649729 99.195579529
0.997387648 0.016571265 -0.070307270 -3.270428181 -0.016872365 0.999850929 -0.003690886 -2.112468958 0.070235617 0.004867494 0.997518539 99.840492249
0.997277856 0.018722972 -0.071318068 -3.318195820 -0.019098975 0.999807119 -0.004593888 -2.127474785 0.071218304 0.005943485 0.997443020 100.463127136
0.997310579 0.021057956 -0.070199065 -3.374596357 -0.021397505 0.999762714 -0.004088416 -2.142060757 0.070096314 0.005579505 0.997524559 101.044143677
0.997435093 0.024897344 -0.067106068 -3.423986197 -0.025093742 0.999682903 -0.002085222 -2.171055794 0.067032874 0.003763815 0.997743666 101.617324829
0.997713387 0.027042849 -0.061939850 -3.445883751 -0.027149111 0.999631047 -0.000874423 -2.182889700 0.061893340 0.002554036 0.998079538 102.151687622
0.998129845 0.028196786 -0.054237783 -3.476527929 -0.028166240 0.999602377 0.001327688 -2.196985722 0.054253653 0.000202469 0.998527288 102.675537109
0.998601139 0.027956842 -0.044877209 -3.491012335 -0.027818259 0.999606133 0.003709755 -2.208119869 0.044963229 -0.002456160 0.998985708 103.177261353
0.999077499 0.027556641 -0.032933395 -3.501228333 -0.027406901 0.999611914 0.004989684 -2.220751762 0.033058111 -0.004082480 0.999445140 103.655525208
0.999453366 0.026688635 -0.019506549 -3.505038023 -0.026593696 0.999633312 0.005110379 -2.231182337 0.019635784 -0.004588834 0.999796748 104.112823486
0.999635398 0.026648311 -0.004326711 -3.499967337 -0.026629865 0.999636292 0.004266585 -2.243394852 0.004438827 -0.004149810 0.999981642 104.554168701
0.999602556 0.024880102 0.013244493 -3.472118855 -0.024898296 0.999689341 0.001210524 -2.255557775 -0.013210272 -0.001539808 0.999911666 104.975418091
0.999080896 0.024988143 0.034826387 -3.447210312 -0.024886135 0.999684691 -0.003359457 -2.264038086 -0.034899365 0.002489675 0.999387741 105.398956299
0.998032689 0.022391528 0.058560200 -3.391712189 -0.021950770 0.999725819 -0.008159065 -2.280357122 -0.058726840 0.006857570 0.998250544 105.780738831
0.996092141 0.020070266 0.086010233 -3.337194920 -0.019181008 0.999753952 -0.011153050 -2.289093733 -0.086212911 0.009459700 0.996231854 106.182350159
0.993097067 0.017364353 0.116003118 -3.265522480 -0.016056208 0.999796748 -0.012201823 -2.302386999 -0.116191410 0.010255023 0.993173897 106.575500488
0.988811016 0.015223254 0.148394585 -3.178687096 -0.013272694 0.999812245 -0.014125891 -2.314810991 -0.148581743 0.011998239 0.988827348 106.956649780
0.982827485 0.012475790 0.184104621 -3.083390236 -0.009843762 0.999836028 -0.015203444 -2.335509777 -0.184264123 0.013130080 0.982789099 107.322143555
0.974890828 0.009399421 0.222484961 -2.971512318 -0.005928100 0.999850273 -0.016265191 -2.343012571 -0.222604513 0.014537870 0.974800527 107.681022644
0.965014398 0.007411818 0.262091905 -2.848448992 -0.003093982 0.999852836 -0.016883336 -2.356936216 -0.262178391 0.015481755 0.964895248 108.006927490
0.952675283 0.008016208 0.303884029 -2.713035822 -0.002775991 0.999840081 -0.017672224 -2.377769232 -0.303977072 0.015992314 0.952545166 108.345817566
0.937360048 0.009994742 0.348218560 -2.578393459 -0.003812965 0.999822974 -0.018433386 -2.386735916 -0.348341078 0.015950974 0.937232196 108.648628235
0.919566512 0.010641752 0.392790318 -2.401064157 -0.004022053 0.999835849 -0.017672170 -2.395192146 -0.392913848 0.014670911 0.919458330 108.981338501
0.899040520 0.009071128 0.437771380 -2.222622871 -0.002266528 0.999868512 -0.016063711 -2.411042690 -0.437859535 0.013449704 0.898942828 109.293449402
0.876460373 0.007391105 0.481417239 -2.015750170 0.000405915 0.999870420 -0.016089819 -2.430121899 -0.481473833 0.014297503 0.876343846 109.569725037
0.851053596 0.008172061 0.525015295 -1.807305574 0.001573268 0.999834716 -0.018113084 -2.445075989 -0.525076568 0.016241193 0.850900054 109.850326538
0.823040366 0.010282360 0.567889810 -1.587121367 0.002403060 0.999764085 -0.021584736 -2.458968163 -0.567977846 0.019129781 0.822821558 110.123954773
0.792078972 0.014773690 0.610239863 -1.351657629 0.000805636 0.999680936 -0.025247620 -2.480771303 -0.610418200 0.020489737 0.791814268 110.386573792
0.758684337 0.020731919 0.651128471 -1.091812253 -0.002072270 0.999565244 -0.029411566 -2.488363028 -0.651455104 0.020964781 0.758397460 110.639465332
0.720876515 0.025560293 0.692592084 -0.823921025 -0.004112063 0.999459863 -0.032605335 -2.494534254 -0.693051338 0.020656437 0.720592201 110.886802673
0.682715535 0.026056983 0.730219603 -0.520968974 -0.002437995 0.999439538 -0.033384375 -2.510174274 -0.730680287 0.021011759 0.682396412 111.099555969
0.642042577 0.022891646 0.766327202 -0.207048535 0.002325759 0.999491394 -0.031805262 -2.522027493 -0.766665518 0.022202626 0.641662717 111.292037964
0.599539757 0.021387363 0.800059080 0.113953263 0.005498301 0.999509215 -0.030839369 -2.513928175 -0.800325990 0.022888396 0.599128008 111.450714111
0.553438246 0.019920422 0.832651913 0.456405014 0.006823412 0.999571919 -0.028449142 -2.521944284 -0.832862258 0.021426372 0.553065419 111.634040833
0.505607188 0.017432446 0.862587631 0.809741914 0.008328507 0.999650657 -0.025084184 -2.535060406 -0.862723589 0.019866813 0.505285382 111.794036865
0.454728037 0.013383389 0.890529752 1.176455021 0.011151555 0.999723136 -0.020718690 -2.551419497 -0.890560508 0.019352160 0.454452902 111.944274902
0.402328521 0.014086409 0.915386915 1.544654608 0.007490140 0.999797523 -0.018677406 -2.567998171 -0.915464699 0.014370829 0.402141541 112.075546265
0.350893378 0.019070361 0.936221242 1.925460219 0.003792498 0.999755442 -0.021785941 -2.581738949 -0.936407804 0.011195159 0.350735188 112.189575195
0.301030874 0.023980541 0.953312874 2.309172869 0.003550654 0.999648631 -0.026267320 -2.595798969 -0.953607917 0.011292155 0.300839871 112.271720886
0.254386455 0.026121378 0.966749787 2.706244469 0.004896220 0.999587536 -0.028297016 -2.608052731 -0.967090309 0.011931797 0.254153609 112.345191956
0.213071197 0.025891831 0.976693571 3.122888803 0.011755487 0.999508500 -0.029061174 -2.624300480 -0.976966023 0.017673606 0.212662071 112.399879456
0.177784249 0.025914222 0.983728230 3.564343452 0.019669220 0.999359906 -0.029880725 -2.635459661 -0.983872950 0.024661487 0.177160695 112.447731018
0.147364765 0.026764987 0.988720000 3.995167732 0.024568742 0.999226332 -0.030711267 -2.652111769 -0.988777101 0.028817369 0.146593168 112.482093811
0.119399108 0.025024090 0.992530942 4.465837002 0.022660520 0.999353290 -0.027922105 -2.670159578 -0.992587745 0.025825147 0.118754834 112.522033691
0.093819141 0.021520341 0.995356619 4.958664417 0.016669126 0.999592304 -0.023183098 -2.682028770 -0.995449781 0.018766746 0.093422160 112.565780640
0.070108660 0.017632790 0.997383475 5.465746403 0.011799085 0.999759197 -0.018504174 -2.697494745 -0.997469664 0.013065517 0.069883712 112.595367432
0.047457926 0.015189387 0.998757720 5.989789963 0.015299753 0.999756098 -0.015931563 -2.718876600 -0.998756111 0.016036831 0.047213949 112.606231689
0.027243214 0.015673997 0.999505937 6.525969505 0.023649493 0.999587297 -0.016319873 -2.737587929 -0.999349117 0.024082420 0.026861284 112.592582703
0.009707342 0.018377591 0.999783933 7.089723587 0.028001126 0.999434054 -0.018643038 -2.752757311 -0.999560773 0.028176052 0.009187256 112.589698792
-0.004686702 0.023771018 0.999706447 7.662212372 0.028413910 0.999316871 -0.023628553 -2.762625217 -0.999585271 0.028294832 -0.005358928 112.579940796
-0.015567288 0.028489869 0.999472857 8.259699821 0.026095109 0.999265194 -0.028077504 -2.772165060 -0.999538243 0.025644263 -0.016299292 112.573059082
-0.022108184 0.028326277 0.999354184 8.888023376 0.028588587 0.999207735 -0.027689673 -2.786166906 -0.999346793 0.027957957 -0.022900475 112.559204102
-0.024399167 0.025319720 0.999381721 9.524346352 0.034351993 0.999110103 -0.024474166 -2.806506395 -0.999111950 0.033733603 -0.025247237 112.528938293
-0.023620337 0.023773281 0.999438286 10.179435730 0.036113288 0.999085069 -0.022911392 -2.824118376 -0.999068558 0.035551827 -0.024457254 112.504493713
-0.022065274 0.023069937 0.999490321 10.852972031 0.034659140 0.999150455 -0.022296937 -2.851439238 -0.999155581 0.034149490 -0.022846114 112.499557495
-0.020392917 0.023400722 0.999518156 11.548498154 0.031476337 0.999245584 -0.022752134 -2.874688148 -0.999296367 0.030997189 -0.021114102 112.491806030
-0.019177506 0.024767451 0.999509335 12.264789581 0.030654199 0.999237776 -0.024172565 -2.890656710 -0.999345958 0.030175589 -0.019922115 112.483245850
-0.018593786 0.025541632 0.999500811 12.984208107 0.029967267 0.999238789 -0.024977451 -2.916329861 -0.999378026 0.029487882 -0.019345043 112.481063843
-0.017883644 0.025016412 0.999527037 13.734548569 0.029386312 0.999268234 -0.024484154 -2.939592361 -0.999408066 0.028934551 -0.018605696 112.478485107
-0.016814707 0.023752788 0.999576390 14.497233391 0.028866420 0.999312758 -0.023260931 -2.967085600 -0.999441803 0.028463071 -0.017488807 112.456596375
-0.016250476 0.022704359 0.999610066 15.265306473 0.029664507 0.999313116 -0.022215363 -2.988236427 -0.999427795 0.029291933 -0.016912827 112.445823669
-0.016768329 0.020241659 0.999654591 16.051118851 0.030373679 0.999343872 -0.019725883 -3.017711878 -0.999397993 0.030032413 -0.017372144 112.431831360
-0.017961893 0.018265007 0.999671876 16.840032578 0.027635805 0.999460220 -0.017764587 -3.046055079 -0.999456704 0.027307656 -0.018456968 112.424568176
-0.019282337 0.017456004 0.999661624 17.638607025 0.027304325 0.999483764 -0.016926229 -3.067566633 -0.999441206 0.026968706 -0.019749008 112.413467407
-0.020186506 0.014828348 0.999686241 18.440950394 0.029807460 0.999454498 -0.014223012 -3.090545893 -0.999351859 0.029510995 -0.020617491 112.390922546
-0.021449327 0.013479486 0.999679029 19.258670807 0.031021805 0.999436677 -0.012810607 -3.107942581 -0.999288559 0.030737072 -0.021855405 112.375183105
-0.023426037 0.012494734 0.999647439 20.089622498 0.028425768 0.999525964 -0.011827077 -3.135352850 -0.999321342 0.028138690 -0.023770105 112.364547729
-0.023950817 0.017168073 0.999565721 20.898185730 0.025151949 0.999546349 -0.016565073 -3.161861181 -0.999396682 0.024744280 -0.024371766 112.345649719
-0.024744725 0.021926997 0.999453306 21.734285355 0.026816130 0.999414265 -0.021262219 -3.183947802 -0.999334097 0.026275340 -0.025318230 112.326118469
-0.026129127 0.023486232 0.999382615 22.569816589 0.027080216 0.999373674 -0.022778004 -3.210701466 -0.999291718 0.026468325 -0.026748773 112.309509277
-0.027700219 0.021435123 0.999386370 23.421623230 0.023259889 0.999513209 -0.020793144 -3.238408089 -0.999345601 0.022669641 -0.028185315 112.299232483
-0.028800981 0.016944999 0.999441504 24.271083832 0.020215802 0.999661684 -0.016366173 -3.272013664 -0.999380648 0.019733153 -0.029133797 112.285652161
-0.028884981 0.011743860 0.999513745 25.125759125 0.018876253 0.999759078 -0.011201239 -3.296333551 -0.999404490 0.018543528 -0.029099708 112.263877869
-0.029172780 0.005944592 0.999556661 25.976715088 0.014951327 0.999872983 -0.005510111 -3.321049213 -0.999462545 0.014783955 -0.029257957 112.246887207
-0.029176019 0.004634472 0.999563575 26.825632095 0.012344819 0.999914646 -0.004275771 -3.345904827 -0.999497950 0.012214682 -0.029230744 112.236480713
-0.028062185 0.011263760 0.999542713 27.661481857 0.014678795 0.999833405 -0.010854930 -3.379070997 -0.999498427 0.014367470 -0.028222848 112.203620911
-0.026374010 0.022488831 0.999399126 28.490056992 0.017363440 0.999606490 -0.022035277 -3.400704145 -0.999501348 0.016771847 -0.026754113 112.172805786
-0.026018174 0.027721616 0.999277055 29.322340012 0.019513736 0.999439180 -0.027218036 -3.422281981 -0.999471009 0.018791463 -0.026544536 112.156646729
-0.025492594 0.022369409 0.999424696 30.168207169 0.020780012 0.999545515 -0.021842074 -3.455462217 -0.999459028 0.020211246 -0.025945844 112.146141052
-0.024221914 0.014658684 0.999599099 31.002975464 0.023668472 0.999620557 -0.014085476 -3.485191345 -0.999426365 0.023317805 -0.024559677 112.119812012
-0.023526376 0.012169590 0.999649107 31.834045410 0.025074190 0.999618471 -0.011579107 -3.507862568 -0.999408662 0.024792977 -0.023822548 112.101165771
-0.024082307 0.012787733 0.999628186 32.652751923 0.023897661 0.999639750 -0.012212160 -3.533527136 -0.999424279 0.023594677 -0.024379233 112.088958740
-0.025271660 0.013602869 0.999588072 33.476921082 0.020323223 0.999707699 -0.013090689 -3.561111689 -0.999474049 0.019984027 -0.025540728 112.081100464
-0.027033858 0.013291277 0.999546170 34.296615601 0.018318929 0.999750316 -0.012798538 -3.589207888 -0.999466658 0.017964622 -0.027270591 112.062904358
-0.029100124 0.013300972 0.999487996 35.105026245 0.018036909 0.999755681 -0.012779390 -3.613077164 -0.999413788 0.017655794 -0.029332921 112.039207458
-0.031107128 0.013553001 0.999424219 35.914577484 0.016762828 0.999774516 -0.013036011 -3.639991999 -0.999375522 0.016347663 -0.031327303 112.020339966
-0.033821218 0.013616804 0.999335170 36.746707916 0.014275526 0.999811709 -0.013140163 -3.666421413 -0.999325991 0.013821619 -0.034009244 112.018150330
-0.035729356 0.013106033 0.999275565 37.526374817 0.013744565 0.999825835 -0.012621814 -3.688313246 -0.999266982 0.013283636 -0.035903271 111.989654541
-0.037658460 0.011935686 0.999219418 38.317295074 0.014001116 0.999836802 -0.011415391 -3.713625669 -0.999192536 0.013560300 -0.037819427 111.959495544
-0.039398130 0.011616562 0.999155998 39.096069336 0.013429254 0.999848247 -0.011095078 -3.744105577 -0.999133348 0.012980795 -0.039548147 111.927619934
-0.041342415 0.012948945 0.999061108 39.894241333 0.013902514 0.999826729 -0.012383564 -3.763452768 -0.999048352 0.013377494 -0.041515272 111.904609680
-0.042669304 0.013052316 0.999004006 40.678966522 0.014071066 0.999823391 -0.012462022 -3.788876772 -0.998990119 0.013525304 -0.042845428 111.876708984
-0.043745678 0.011984092 0.998970807 41.443389893 0.016508931 0.999800205 -0.011271102 -3.811459303 -0.998906314 0.015998879 -0.043934785 111.841567993
-0.045345608 0.011248893 0.998907983 42.219562531 0.016408522 0.999810100 -0.010514182 -3.836124659 -0.998836637 0.015913833 -0.045521580 111.813446045
-0.046762969 0.011298640 0.998842120 42.981891632 0.015448614 0.999824703 -0.010586492 -3.855563641 -0.998786628 0.014935670 -0.046929318 111.783988953
-0.048260689 0.009791203 0.998786747 43.747524261 0.013528868 0.999866664 -0.009148082 -3.880847216 -0.998743176 0.013070962 -0.048386719 111.759613037
-0.049072593 0.008472049 0.998759270 44.478233337 0.011897719 0.999898076 -0.007897130 -3.906703234 -0.998724341 0.011495426 -0.049168393 111.727439880
-0.050323080 0.008260811 0.998698831 45.206909180 0.011967619 0.999899030 -0.007667705 -3.931688786 -0.998661280 0.011566185 -0.050416868 111.706977844
-0.049666476 0.011266327 0.998702407 45.893886566 0.012542661 0.999864578 -0.010655680 -3.943458080 -0.998687148 0.011997155 -0.049801063 111.659561157
-0.049939089 0.014203060 0.998651206 46.596313477 0.012879873 0.999824882 -0.013575674 -3.965532064 -0.998669267 0.012184544 -0.050113279 111.632339478
-0.049792875 0.015783586 0.998634815 47.295078278 0.010896495 0.999824226 -0.015259075 -3.986776590 -0.998700202 0.010121826 -0.049956113 111.599723816
-0.050232213 0.016591094 0.998599708 47.997070312 0.011286421 0.999807596 -0.016043426 -4.012802124 -0.998673797 0.010464718 -0.050409801 111.572540283
-0.050133653 0.016124288 0.998612344 48.698638916 0.012864168 0.999797165 -0.015497593 -4.035771847 -0.998659730 0.012069363 -0.050330911 111.541030884
-0.050566673 0.015779044 0.998596013 49.383201599 0.013449068 0.999795318 -0.015116963 -4.059667110 -0.998630106 0.012665769 -0.050768536 111.507537842
-0.050609391 0.016165042 0.998587608 50.065731049 0.010063211 0.999826550 -0.015675081 -4.078653812 -0.998667896 0.009255692 -0.050763279 111.475715637
-0.050554179 0.015987409 0.998593211 50.753467560 0.007116154 0.999852180 -0.015647307 -4.109486103 -0.998695970 0.006315107 -0.050660484 111.452346802
-0.050511200 0.014634714 0.998616159 51.442115784 0.008615673 0.999861836 -0.014217176 -4.133208275 -0.998686373 0.007885625 -0.050630305 111.423385620
-0.051517714 0.014208743 0.998570919 52.119983673 0.009602794 0.999859571 -0.013731656 -4.151983738 -0.998625934 0.008881649 -0.051646929 111.389762878
-0.055363305 0.013295293 0.998377681 52.778308868 0.005772256 0.999898911 -0.012995461 -4.180046082 -0.998449624 0.005043421 -0.055434454 111.360374451
-0.060688715 0.012977601 0.998072267 53.454151154 0.002468899 0.999914289 -0.012851430 -4.199574947 -0.998153687 0.001684203 -0.060715560 111.331840515
-0.066237457 0.016950076 0.997660041 54.120269775 0.004996981 0.999848783 -0.016655505 -4.221792698 -0.997791409 0.003882069 -0.066312164 111.274833679
-0.072592132 0.020019140 0.997160792 54.786556244 0.007689247 0.999779999 -0.019511957 -4.239398479 -0.997332096 0.006251000 -0.072730094 111.220359802
-0.079497643 0.021053053 0.996612668 55.457458496 0.006600297 0.999766111 -0.020593178 -4.266802311 -0.996813178 0.004940830 -0.079618014 111.162322998
-0.086214446 0.020271543 0.996070385 56.142868042 0.002463964 0.999794185 -0.020134065 -4.289538860 -0.996273637 0.000718433 -0.086246654 111.113883972
-0.091746859 0.019655367 0.995588362 56.836132050 0.002626869 0.999806523 -0.019496569 -4.309372902 -0.995778918 0.000826531 -0.091780737 111.054489136
-0.097208053 0.020705022 0.995048761 57.546295166 0.000482886 0.999784350 -0.020756392 -4.329052925 -0.995264053 -0.001537194 -0.097197101 111.004432678
-0.100233115 0.018687403 0.994788408 58.220096588 -0.002130387 0.999817312 -0.018996520 -4.364758492 -0.994961679 -0.004023365 -0.100175001 110.927337646
-0.102552354 0.015511496 0.994606614 58.924247742 -0.001366305 0.999875307 -0.015734538 -4.383771896 -0.994726717 -0.002972550 -0.102518372 110.855812073
-0.103823997 0.012736634 0.994514108 59.633338928 0.000559402 0.999918520 -0.012747444 -4.401467323 -0.994595587 -0.000767158 -0.103822656 110.774818420
-0.105138503 0.009944018 0.994407833 60.353889465 0.000300797 0.999950290 -0.009967636 -4.424330235 -0.994457543 -0.000748867 -0.105136260 110.700592041
-0.106869005 0.009084363 0.994231522 61.083995819 -0.001215778 0.999956310 -0.009267353 -4.448820591 -0.994272411 -0.002199158 -0.106853284 110.633537292
-0.107908994 0.013163727 0.994073629 61.824195862 0.000958405 0.999913275 -0.013137016 -4.462564945 -0.994160354 -0.000464877 -0.107912250 110.564117432
-0.108070575 0.017148530 0.993995249 62.545761108 0.007215806 0.999838412 -0.016464807 -4.484854698 -0.994117081 0.005393117 -0.108176850 110.477424622
-0.108614251 0.022237966 0.993835211 63.287822723 0.014712022 0.999676168 -0.020760814 -4.507217407 -0.993975103 0.012366406 -0.108906262 110.389122009
-0.108979464 0.022911547 0.993779838 64.026435852 0.014697015 0.999662161 -0.021435462 -4.531950951 -0.993935406 0.012269574 -0.109279379 110.303825378
-0.110106915 0.020041840 0.993717670 64.792572021 0.012399434 0.999746501 -0.018789539 -4.564046383 -0.993842483 0.010252680 -0.110327527 110.237747192
-0.109573998 0.015849847 0.993852317 65.539764404 0.013568890 0.999803543 -0.014448763 -4.581840038 -0.993886113 0.011902265 -0.109767541 110.147819519
-0.109487176 0.014164612 0.993887246 66.298377991 0.016301731 0.999789596 -0.012452922 -4.605039120 -0.993854463 0.014838643 -0.109695047 110.059509277
-0.110281020 0.013570769 0.993807793 67.045288086 0.016136955 0.999799490 -0.011861900 -4.629257202 -0.993769467 0.014728885 -0.110477909 109.978805542
-0.112279199 0.014631621 0.993568897 67.793830872 0.014506572 0.999809146 -0.013084187 -4.651730537 -0.993570745 0.012944194 -0.112470038 109.904304504
-0.114457436 0.015219136 0.993311524 68.540016174 0.014156750 0.999806166 -0.013687387 -4.676974773 -0.993327260 0.012495439 -0.114650711 109.820053101
-0.116722077 0.015210764 0.993048131 69.278533936 0.015062752 0.999794841 -0.013543643 -4.702239513 -0.993050396 0.013377193 -0.116927259 109.735275269
-0.118491493 0.015614602 0.992832303 70.025756836 0.015273015 0.999786675 -0.013901190 -4.721243382 -0.992837548 0.013516369 -0.118704714 109.645996094
-0.120460860 0.015394568 0.992598712 70.772224426 0.014938448 0.999794602 -0.013693256 -4.742377758 -0.992605686 0.013178383 -0.120666109 109.557418823
-0.122042537 0.015582394 0.992402554 71.523284912 0.012571430 0.999820828 -0.014152881 -4.764382362 -0.992445290 0.010748665 -0.122216567 109.470649719
-0.123194091 0.017107060 0.992235124 72.275520325 0.012276932 0.999801099 -0.015713226 -4.787824154 -0.992306709 0.010245826 -0.123379648 109.382835388
-0.124074481 0.017532296 0.992118061 73.034660339 0.011358571 0.999803424 -0.016247606 -4.809288979 -0.992207885 0.009253130 -0.124249265 109.293540955
-0.125470325 0.017736223 0.991938770 73.805923462 0.010794424 0.999805331 -0.016511492 -4.832192898 -0.992038727 0.008635707 -0.125637397 109.201255798
-0.126732185 0.016270794 0.991803467 74.581649780 0.011497931 0.999822497 -0.014933146 -4.848244667 -0.991870344 0.009511179 -0.126896739 109.111679077
-0.127570271 0.013966961 0.991731167 75.361282349 0.009548356 0.999871790 -0.012853365 -4.870016575 -0.991783559 0.007829695 -0.127687275 109.014793396
-0.129594535 0.012112409 0.991493106 76.151046753 0.005969021 0.999916792 -0.011435127 -4.888235092 -0.991549134 0.004436314 -0.129656062 108.923202515
-0.131463259 0.011412338 0.991255283 76.930007935 0.007549785 0.999916315 -0.010510777 -4.908746243 -0.991292357 0.006101984 -0.131538406 108.815086365
-0.133133724 0.012245591 0.991022348 77.728103638 0.008976337 0.999897659 -0.011149378 -4.926741600 -0.991057515 0.007411393 -0.133230001 108.713500977
-0.135520592 0.013425718 0.990683496 78.527343750 0.008227174 0.999889016 -0.012425033 -4.946962833 -0.990740418 0.006466678 -0.135616004 108.607780457
-0.137255728 0.016617483 0.990396261 79.320014954 0.009331815 0.999836683 -0.015482615 -4.975430965 -0.990491748 0.007117117 -0.137388378 108.501693726
-0.137447208 0.020530108 0.990296304 80.118576050 0.011706201 0.999749005 -0.019101325 -4.999875546 -0.990440011 0.008967184 -0.137653038 108.387939453
-0.138686255 0.024188548 0.990040898 80.926261902 0.012385553 0.999665916 -0.022688720 -5.036025047 -0.990258932 0.009115587 -0.138939545 108.276184082
-0.138452619 0.025403580 0.990043104 81.752677917 0.014654435 0.999614060 -0.023599809 -5.062948227 -0.990260661 0.011241067 -0.138771474 108.161613464
-0.137717739 0.024787720 0.990161300 82.584541321 0.017951049 0.999585092 -0.022526896 -5.092443943 -0.990308881 0.014672079 -0.138105571 108.045303345
-0.137664199 0.022635093 0.990220249 83.404457092 0.019032560 0.999614835 -0.020203860 -5.126208305 -0.990296066 0.016065078 -0.138041988 107.925361633
-0.136865214 0.021183196 0.990363121 84.250076294 0.017934775 0.999660552 -0.018903529 -5.151525497 -0.990427315 0.015174704 -0.137198657 107.813919067
-0.135329261 0.018570818 0.990626514 85.086265564 0.016856693 0.999722779 -0.016438557 -5.180758953 -0.990657330 0.014474070 -0.135604799 107.716545105
-0.133958071 0.015395854 0.990867317 85.942970276 0.017368067 0.999762297 -0.013186026 -5.205331326 -0.990834832 0.015443076 -0.134193629 107.610687256
-0.132095695 0.011891921 0.991165578 86.795104980 0.017751023 0.999796033 -0.009629738 -5.231455803 -0.991078079 0.016322155 -0.132279873 107.497612000
-0.130456597 0.011904168 0.991382480 87.640075684 0.016057555 0.999822199 -0.009892485 -5.255683422 -0.991324008 0.014628639 -0.130624548 107.393875122
-0.129279286 0.016283151 0.991474450 88.489303589 0.016549097 0.999761403 -0.014261398 -5.280960560 -0.991470158 0.014564303 -0.129517898 107.286018372
-0.127219304 0.022645572 0.991616011 89.339401245 0.017515950 0.999634743 -0.020581489 -5.305215836 -0.991719961 0.014750734 -0.127569497 107.177421570
-0.125853971 0.025852893 0.991711795 90.197097778 0.015305568 0.999592125 -0.024115957 -5.332218647 -0.991930723 0.012143627 -0.126198336 107.077407837
-0.124326006 0.023483962 0.991963387 91.057472229 0.014090096 0.999660909 -0.021900238 -5.360437393 -0.992141426 0.011254094 -0.124614730 106.973632812
