1.000000000 -0.000000000 0.000000000 0.000000000 -0.000000000 1.000000000 0.000000000 0.000000000 0.000000000 0.000000000 1.000000000 0.000000000
0.999997318 0.001051463 0.002076429 -0.009590091 -0.001049235 0.999998868 -0.001073820 -0.016806243 -0.002077556 0.001071639 0.999997258 1.206104279
0.999994874 0.001044124 0.003029104 -0.009435439 -0.001045895 0.999999285 0.000583008 -0.055832069 -0.003028494 -0.000586174 0.999995232 2.416468382
0.999989629 0.000470200 0.004536622 -0.014240952 -0.000474052 0.999999523 0.000848077 -0.073258318 -0.004536222 -0.000850219 0.999989331 3.611676931
0.999985099 0.000320071 0.005459660 -0.012737479 -0.000324018 0.999999642 0.000722039 -0.091553092 -0.005459427 -0.000723797 0.999984860 4.805510998
0.999981403 -0.000239423 0.006097220 -0.007772133 0.000230603 0.999998868 0.001447099 -0.120598525 -0.006097559 -0.001445666 0.999980330 5.992480755
0.999977708 0.000057711 0.006683284 -0.001622777 -0.000061256 0.999999881 0.000530231 -0.140639409 -0.006683253 -0.000530629 0.999977529 7.192734718
0.999973714 -0.000446102 0.007221188 0.004310261 0.000442283 0.999999762 0.000530404 -0.168255135 -0.007221424 -0.000527196 0.999973774 8.378652573
0.999973059 -0.000659963 0.007299483 0.007937007 0.000644481 0.999997556 0.002123185 -0.188265890 -0.007300866 -0.002118423 0.999971092 9.572124481
0.999965906 -0.000846868 0.008207125 -0.016470507 0.000825897 0.999996364 0.002558389 -0.211471722 -0.008209260 -0.002551524 0.999963045 10.679577827
0.999980986 -0.001932382 0.005874419 -0.014929488 0.001920551 0.999996126 0.002019054 -0.230389938 -0.005878299 -0.002007734 0.999980628 11.880242348
0.999990523 -0.001718857 0.003978656 -0.014269561 0.001712133 0.999997079 0.001692572 -0.250743210 -0.003981553 -0.001685744 0.999990642 13.041921616
0.999995410 -0.001742941 0.002450699 -0.014288601 0.001738808 0.999997020 0.001687625 -0.269066393 -0.002453634 -0.001683356 0.999995530 14.237644196
0.999998510 -0.000538583 0.001627831 -0.024684459 0.000535891 0.999998450 0.001653929 -0.294509053 -0.001628719 -0.001653054 0.999997258 15.436887741
0.999999046 -0.000806903 0.001102288 -0.016850831 0.000804829 0.999997914 0.001880695 -0.316022485 -0.001103804 -0.001879806 0.999997556 16.616821289
0.999998748 -0.001486828 0.000454698 -0.021904666 0.001485688 0.999995708 0.002498286 -0.335319340 -0.000458410 -0.002497608 0.999996781 17.812774658
0.999997735 -0.002059654 -0.000328835 -0.016340619 0.002060414 0.999995172 0.002328054 -0.351493359 0.000324039 -0.002328727 0.999997199 19.012681961
0.999997258 -0.001860145 -0.001350999 -0.020691995 0.001862032 0.999997318 0.001396370 -0.372218490 0.001348398 -0.001398882 0.999998152 20.209501266
0.999995708 -0.002425975 -0.001632783 -0.032795474 0.002427590 0.999996543 0.000987271 -0.399269164 0.001630383 -0.000991231 0.999998152 21.430955887
0.999997020 -0.000916811 -0.002258260 -0.041898172 0.000919953 0.999998510 0.001390336 -0.414894342 0.002256982 -0.001392409 0.999996483 22.626993179
0.999995708 -0.001296368 -0.002608676 -0.061913244 0.001299866 0.999998271 0.001339862 -0.441472471 0.002606936 -0.001343247 0.999995708 23.845157623
0.999992490 -0.001242236 -0.003689122 -0.070293240 0.001245341 0.999998927 0.000839659 -0.462448537 0.003688074 -0.000844247 0.999992847 25.039890289
0.999990165 -0.000954233 -0.004323974 -0.086323246 0.000960004 0.999998629 0.001332743 -0.483363897 0.004322696 -0.001336881 0.999989748 26.239118576
0.999985635 -0.002597780 -0.004690658 -0.102801010 0.002610791 0.999992728 0.002769607 -0.498972923 0.004683429 -0.002781813 0.999985099 27.443185806
0.999981225 -0.002266571 -0.005683600 -0.112384155 0.002281802 0.999993742 0.002674741 -0.515289068 0.005677503 -0.002687659 0.999980271 28.645483017
0.999973655 -0.003072084 -0.006575777 -0.125907108 0.003085501 0.999993086 0.002031185 -0.536134601 0.006569491 -0.002051421 0.999976337 29.843267441
0.999967992 -0.003315671 -0.007283568 -0.136147544 0.003321631 0.999994159 0.000806364 -0.553896785 0.007280854 -0.000830532 0.999973178 31.049562454
0.999963701 -0.002758319 -0.008054003 -0.152835608 0.002765279 0.999995768 0.000853061 -0.571988225 0.008051617 -0.000875302 0.999967217 32.244304657
0.999957263 -0.002994413 -0.008746387 -0.167714894 0.003004928 0.999994755 0.001189337 -0.589108467 0.008742779 -0.001215569 0.999961078 33.450504303
0.999951184 -0.003595999 -0.009197365 -0.181710392 0.003609800 0.999992430 0.001484316 -0.610087931 0.009191958 -0.001517444 0.999956608 34.648033142
0.999942362 -0.004106923 -0.009916021 -0.193116799 0.004123893 0.999990165 0.001691412 -0.632242143 0.009908977 -0.001732207 0.999949396 35.847606659
0.999938428 -0.004349113 -0.010210130 -0.213677391 0.004364575 0.999989390 0.001492643 -0.653051257 0.010203529 -0.001537114 0.999946713 37.053852081
0.999933302 -0.005310060 -0.010256481 -0.228386387 0.005333263 0.999983251 0.002236179 -0.672830999 0.010244437 -0.002290730 0.999944866 38.256267548
0.999938071 -0.004896244 -0.009994116 -0.250794291 0.004930655 0.999981999 0.003421497 -0.692317307 0.009977185 -0.003470564 0.999944150 39.475734711
0.999939740 -0.004244718 -0.010127010 -0.265356600 0.004282848 0.999983847 0.003746462 -0.702589154 0.010110945 -0.003789608 0.999941707 40.676872253
0.999943495 -0.003704297 -0.009971174 -0.285818875 0.003742159 0.999985814 0.003781235 -0.725223958 0.009957027 -0.003818335 0.999943078 41.882270813
0.999949038 -0.002583524 -0.009758326 -0.300552130 0.002617114 0.999990702 0.003430985 -0.738696218 0.009749373 -0.003456349 0.999946415 43.082443237
0.999956131 -0.000142250 -0.009364341 -0.318210602 0.000190408 0.999986827 0.005142095 -0.751793861 0.009363488 -0.005143653 0.999942899 44.284500122
0.999971390 0.000395320 -0.007564975 -0.336791754 -0.000333111 0.999966204 0.008222704 -0.766360402 0.007567971 -0.008219948 0.999937534 45.495323181
0.999983430 0.000454211 -0.005736088 -0.339678705 -0.000388528 0.999934375 0.011446714 -0.784745693 0.005740909 -0.011444294 0.999918044 46.689113617
0.999987543 0.001032177 -0.004895086 -0.342963338 -0.000958850 0.999887586 0.014958402 -0.790770948 0.004909976 -0.014953522 0.999876082 47.893497467
0.999994934 0.000014836 -0.003178323 -0.359531999 0.000036287 0.999870658 0.016084384 -0.796431959 0.003178151 -0.016084418 0.999865592 49.103065491
0.999998868 -0.001150515 -0.000935694 -0.364227861 0.001163487 0.999901593 0.013983241 -0.790894687 0.000919515 -0.013984316 0.999901831 50.333896637
0.999999940 -0.000185461 0.000182790 -0.370784879 0.000183176 0.999922872 0.012423092 -0.797059536 -0.000185080 -0.012423059 0.999922872 51.549922943
0.999999404 -0.000301645 0.001032810 -0.376992166 0.000289409 0.999930024 0.011826293 -0.799545407 -0.001036304 -0.011825986 0.999929547 52.749202728
0.999999166 -0.000483341 0.001216854 -0.379844785 0.000469521 0.999935687 0.011332013 -0.811401427 -0.001222252 -0.011331432 0.999935031 53.947193146
0.999999344 -0.000969309 0.000641639 -0.390488148 0.000962810 0.999948978 0.010052814 -0.816892147 -0.000651351 -0.010052186 0.999949217 55.159957886
0.999998748 -0.001152292 -0.001052650 -0.389469743 0.001163860 0.999938130 0.011055811 -0.830855370 0.001039846 -0.011057024 0.999938309 56.363010406
0.999996006 -0.001120729 -0.002573121 -0.395588487 0.001151278 0.999928474 0.011901494 -0.834023237 0.002559599 -0.011904409 0.999925852 57.571193695
0.999993205 -0.001268218 -0.003449776 -0.405066788 0.001311708 0.999919355 0.012633549 -0.849185646 0.003433474 -0.012637990 0.999914229 58.772480011
0.999990642 -0.000523042 -0.004294423 -0.416960478 0.000575372 0.999925435 0.012193342 -0.851335943 0.004287725 -0.012195699 0.999916375 59.971633911
0.999986827 -0.000158165 -0.005123625 -0.425393403 0.000220765 0.999925315 0.012219622 -0.863931179 0.005121309 -0.012220593 0.999912202 61.183654785
0.999987006 -0.001105445 -0.004965996 -0.437641621 0.001161583 0.999935329 0.011315926 -0.865748227 0.004953167 -0.011321550 0.999923646 62.377449036
0.999983311 -0.001948864 -0.005429566 -0.444288373 0.002006170 0.999942124 0.010568997 -0.879009187 0.005408655 -0.010579714 0.999929428 63.597717285
0.999980748 -0.002264767 -0.005771743 -0.452275217 0.002333445 0.999926209 0.011920261 -0.887276828 0.005744319 -0.011933501 0.999912262 64.799903870
0.999975681 -0.003263314 -0.006163788 -0.464444190 0.003346739 0.999902308 0.013573339 -0.898195386 0.006118891 -0.013593636 0.999888837 66.001892090
0.999979138 -0.001963239 -0.006143084 -0.481150210 0.002035576 0.999928415 0.011791310 -0.904921710 0.006119495 -0.011803569 0.999911547 67.199470520
0.999983430 -0.000040134 -0.005755786 -0.500930607 0.000101529 0.999943078 0.010666944 -0.912442505 0.005755031 -0.010667353 0.999926448 68.397064209
0.999979317 0.001889348 -0.006135678 -0.508711934 -0.001821695 0.999937713 0.011013004 -0.922860682 0.006156103 -0.011001600 0.999920547 69.592514038
0.999973536 0.004067451 -0.006028464 -0.523642659 -0.003999683 0.999929130 0.011211165 -0.929986596 0.006073637 -0.011186756 0.999918938 70.782272339
0.999969244 0.005467739 -0.005616578 -0.539933741 -0.005402507 0.999918461 0.011564516 -0.937583268 0.005679353 -0.011533815 0.999917328 71.976928711
0.999971569 0.006064684 -0.004488001 -0.554291606 -0.006007589 0.999902129 0.012627529 -0.945575535 0.004564143 -0.012600206 0.999910235 73.173316956
0.999965429 0.007901229 -0.002586079 -0.563485324 -0.007866361 0.999881506 0.013226060 -0.950626254 0.002690275 -0.013205260 0.999909163 74.367866516
0.999977767 0.006660332 0.000042446 -0.562852502 -0.006660403 0.999919772 0.010777655 -0.960811555 0.000029340 -0.010777699 0.999941945 75.533241272
0.999987662 0.004079523 0.002858840 -0.566999555 -0.004095566 0.999975801 0.005628259 -0.969999194 -0.002835811 -0.005639897 0.999980092 76.708549500
0.999970078 0.005761697 0.005159968 -0.560091555 -0.005787845 0.999970436 0.005066656 -0.981947482 -0.005130623 -0.005096370 0.999973893 77.888031006
0.999959707 0.004391491 0.007827601 -0.554638445 -0.004459926 0.999951839 0.008746905 -0.997040331 -0.007788812 -0.008781463 0.999931157 79.070022583
0.999924183 0.004725146 0.011369688 -0.545544624 -0.004840709 0.999936640 0.010158177 -1.011482954 -0.011320970 -0.010212444 0.999883711 80.234817505
0.999865890 0.004875256 0.015632477 -0.535357714 -0.005006080 0.999952674 0.008340467 -1.021146297 -0.015591077 -0.008417607 0.999843001 81.402297974
0.999811411 0.003881541 0.019024104 -0.512538910 -0.003981715 0.999978364 0.005230585 -1.036527514 -0.019003388 -0.005305347 0.999805391 82.559158325
0.999746859 0.002614090 0.022347579 -0.488782048 -0.002654411 0.999994874 0.001774810 -1.052798986 -0.022342831 -0.001833680 0.999748707 83.719978333
0.999657631 0.002203809 0.026073830 -0.464772224 -0.002226887 0.999997139 0.000856106 -1.070662737 -0.026071871 -0.000913876 0.999659777 84.872367859
0.999561191 0.001945623 0.029558197 -0.430858850 -0.002024685 0.999994457 0.002645088 -1.092576265 -0.029552881 -0.002703773 0.999559522 86.037521362
0.999432921 0.003295907 0.033509627 -0.405294657 -0.003406635 0.999988973 0.003247815 -1.113291979 -0.033498544 -0.003360129 0.999433100 87.201919556
0.999309182 0.002610719 0.037072767 -0.357856512 -0.002650425 0.999996006 0.001021938 -1.133809566 -0.037069954 -0.001119491 0.999312043 88.346740723
0.999189556 0.002521028 0.040174924 -0.313365459 -0.002475603 0.999996364 -0.001180396 -1.152905226 -0.040177748 0.001079982 0.999191999 89.493164062
0.999051213 0.002631940 0.043474384 -0.265918493 -0.002563721 0.999995530 -0.001624849 -1.174078822 -0.043478467 0.001511851 0.999053180 90.667938232
0.998929620 0.001753690 0.046222813 -0.215125084 -0.001733402 0.999998450 -0.000478985 -1.192777038 -0.046223577 0.000398350 0.998931050 91.826255798
0.998788357 0.000765923 0.049205825 -0.163189411 -0.000821592 0.999999046 0.001111122 -1.215765238 -0.049204919 -0.001150203 0.998788178 92.989730835
0.998654544 0.000031756 0.051856354 -0.104645252 -0.000180672 0.999995887 0.002867025 -1.233211756 -0.051856052 -0.002872537 0.998650372 94.152519226
0.998536587 -0.001399498 0.054062460 -0.038474083 0.001196268 0.999992132 0.003791342 -1.248155832 -0.054067340 -0.003721120 0.998530269 95.313011169
0.998387575 -0.002753406 0.056699283 0.015091896 0.002672223 0.999995291 0.001507598 -1.266988873 -0.056703161 -0.001353654 0.998390257 96.467208862
0.998276293 -0.004297580 0.058530558 0.088477135 0.004431622 0.999987841 -0.002160500 -1.285022259 -0.058520555 0.002416162 0.998283267 97.621719360
0.998138070 -0.003261336 0.060907818 0.150316715 0.003559487 0.999982178 -0.004787262 -1.306726217 -0.060891129 0.004995149 0.998131871 98.787551880
0.998034656 -0.003184572 0.062582873 0.220794678 0.003554075 0.999976933 -0.005793795 -1.326368809 -0.062562980 0.006004833 0.998022914 99.965141296
0.998001873 -0.003086084 0.063108608 0.289923191 0.003415874 0.999981046 -0.005118536 -1.350501895 -0.063091606 0.005323879 0.997993529 101.156265259
0.998055458 -0.003025963 0.062260155 0.361663818 0.003225881 0.999989986 -0.003110733 -1.375220299 -0.062250119 0.003305528 0.998055100 102.342971802
0.998123705 -0.003621750 0.061122224 0.427937031 0.003744489 0.999991179 -0.001893681 -1.396590233 -0.061114825 0.002118999 0.998128593 103.542068481
0.998257458 -0.003010565 0.058931924 0.493895054 0.003077788 0.999994695 -0.001049961 -1.415400267 -0.058928456 0.001229512 0.998261452 104.729698181
0.998413384 -0.002995384 0.056229655 0.556539536 0.003041235 0.999995112 -0.000729860 -1.431949854 -0.056227192 0.000899710 0.998417556 105.927017212
0.998550057 -0.002198777 0.053785779 0.608486652 0.002229218 0.999997377 -0.000505978 -1.460021853 -0.053784531 0.000625144 0.998552322 107.139366150
0.998736858 -0.000494783 0.050242573 0.655831814 0.000562870 0.999998927 -0.001341042 -1.470474482 -0.050241850 0.001367628 0.998736143 108.343200684
0.998937011 -0.000697766 0.046091117 0.713811398 0.000730296 0.999999464 -0.000688932 -1.494807005 -0.046090607 0.000721860 0.998937011 109.558532715
0.999115229 -0.000153534 0.042057585 0.759371996 0.000141073 0.999999881 0.000299244 -1.513363838 -0.042057626 -0.000293046 0.999115109 110.781150818
0.999287009 0.000277859 0.037754234 0.807168722 -0.000321544 0.999999285 0.001150997 -1.532883406 -0.037753887 -0.001162316 0.999286354 111.995231628
0.999446809 0.000369908 0.033253130 0.843555927 -0.000425796 0.999998510 0.001673617 -1.550789356 -0.033252455 -0.001686851 0.999445558 113.216506958
0.999604940 0.000903302 0.028093247 0.877868176 -0.000952975 0.999998033 0.001754797 -1.565648675 -0.028091604 -0.001780876 0.999603808 114.435371399
0.999722302 0.001620967 0.023511834 0.895807862 -0.001665936 0.999996841 0.001893159 -1.591383696 -0.023508690 -0.001931802 0.999721766 115.672439575
0.999823928 0.002043148 0.018658135 0.909493327 -0.002073360 0.999996603 0.001600040 -1.606245995 -0.018654801 -0.001638443 0.999824643 116.892677307
0.999895990 0.003110145 0.014087131 0.918790042 -0.003122094 0.999994814 0.000826362 -1.626567245 -0.014084488 -0.000870258 0.999900401 118.129768372
0.999931753 0.004929736 0.010591371 0.925632715 -0.004939088 0.999987364 0.000856944 -1.645501494 -0.010587013 -0.000909197 0.999943554 119.360542297
0.999940693 0.006693064 0.008586864 0.922633529 -0.006701179 0.999977112 0.000916780 -1.663158178 -0.008580530 -0.000974268 0.999962747 120.580230713
0.999936759 0.008301132 0.007589339 0.928059042 -0.008306168 0.999965310 0.000632232 -1.687021136 -0.007583828 -0.000695230 0.999970973 121.837165833
0.999926150 0.010295535 0.006449842 0.928687632 -0.010301558 0.999946475 0.000901382 -1.704391599 -0.006440218 -0.000967759 0.999978840 123.082740784
0.999916136 0.011609958 0.005728346 0.919709325 -0.011619484 0.999931157 0.001632584 -1.721987128 -0.005708998 -0.001699008 0.999982238 124.320022583
0.999923110 0.011275336 0.005170947 0.918564916 -0.011285408 0.999934494 0.001923129 -1.735485196 -0.005148925 -0.001981338 0.999984860 125.566444397
0.999875784 0.015160129 0.004311362 0.913007617 -0.015177545 0.999876618 0.004035708 -1.756588936 -0.004249649 -0.004100644 0.999982536 126.818756104
0.999860823 0.016261749 0.003742129 0.906960130 -0.016288735 0.999840677 0.007297656 -1.770640373 -0.003622861 -0.007357595 0.999966383 128.069458008
0.999882996 0.015033145 0.002822360 0.910639405 -0.015052564 0.999862194 0.006990527 -1.786314368 -0.002716882 -0.007032193 0.999971628 129.326965332
0.999889374 0.014616265 0.002718060 0.902886510 -0.014630101 0.999879777 0.005142186 -1.791970015 -0.002642574 -0.005181382 0.999983013 130.583129883
0.999922872 0.012198212 0.002309505 0.902506471 -0.012212745 0.999905050 0.006386140 -1.805150032 -0.002231386 -0.006413853 0.999976873 131.838241577
0.999948382 0.010014601 0.001694727 0.893409729 -0.010028339 0.999915242 0.008302915 -1.817812562 -0.001611432 -0.008319482 0.999964058 133.099304199
0.999978364 0.006545691 0.000849440 0.897826016 -0.006553606 0.999931753 0.009674529 -1.822131276 -0.000786056 -0.009679885 0.999952793 134.361511230
0.999989569 0.004570063 0.000304956 0.899824202 -0.004573165 0.999928057 0.011093802 -1.833942056 -0.000254235 -0.011095081 0.999938369 135.630477905
0.999999523 0.000340072 0.000890970 0.893557429 -0.000347980 0.999960423 0.008891485 -1.838838458 -0.000887911 -0.008891788 0.999960065 136.892501831
0.999997735 -0.002024576 0.000637689 0.898061037 0.002019631 0.999968648 0.007662171 -1.845267296 -0.000653181 -0.007660864 0.999970436 138.165527344
0.999992490 -0.003858539 0.000519647 0.906504512 0.003854517 0.999964237 0.007528493 -1.856997252 -0.000548677 -0.007526433 0.999971569 139.448669434
0.999992788 -0.003422281 0.001672698 0.890774012 0.003408803 0.999962270 0.007995562 -1.868896246 -0.001699998 -0.007989803 0.999966621 140.725524902
0.999994099 -0.002859858 0.001935697 0.888438761 0.002840568 0.999946952 0.009895911 -1.877628922 -0.001963895 -0.009890352 0.999949157 141.995498657
0.999995589 -0.000632154 0.002887384 0.884494483 0.000598967 0.999934077 0.011480044 -1.889984846 -0.002894451 -0.011478266 0.999929965 143.301437378
0.999994099 -0.000947276 0.003294190 0.886124313 0.000914725 0.999950945 0.009868721 -1.899505973 -0.003303377 -0.009865650 0.999945939 144.579086304
0.999992251 -0.000704537 0.003847791 0.882594407 0.000672819 0.999965966 0.008238274 -1.916125536 -0.003853463 -0.008235623 0.999958694 145.847305298
0.999990284 -0.000769300 0.004311267 0.882459939 0.000744754 0.999983549 0.005692193 -1.927266836 -0.004315574 -0.005688928 0.999974608 147.123001099
0.999988735 -0.001903323 0.004345576 0.887624145 0.001895289 0.999996483 0.001852329 -1.948049784 -0.004349086 -0.001844073 0.999988914 148.386901855
0.999984443 -0.001515914 0.005372261 0.885447204 0.001525324 0.999997318 -0.001748067 -1.972488523 -0.005369598 0.001756234 0.999983966 149.674133301
0.999984324 -0.002115025 0.005202404 0.891252637 0.002129419 0.999993920 -0.002762757 -1.994030714 -0.005196529 0.002773792 0.999982655 150.948638916
0.999982178 -0.001927363 0.005652911 0.885909498 0.001940132 0.999995530 -0.002254247 -2.027220011 -0.005648542 0.002265174 0.999981463 152.218429565
0.999984086 -0.001731633 0.005355011 0.893467784 0.001741778 0.999996603 -0.001890286 -2.048444748 -0.005351719 0.001899583 0.999983907 153.493270874
0.999986827 -0.001737488 0.004830176 0.898369253 0.001741267 0.999998152 -0.000778302 -2.072606802 -0.004828814 0.000786703 0.999988019 154.753524780
0.999987841 -0.000088769 0.004921674 0.892122984 0.000089676 1.000000000 -0.000184115 -2.098390341 -0.004921657 0.000184554 0.999987900 156.011932373
0.999990046 0.000299586 0.004460806 0.887651980 -0.000298145 1.000000000 -0.000323506 -2.121600389 -0.004460902 0.000322173 0.999990046 157.283355713
0.999993443 -0.000060043 0.003623709 0.895838976 0.000061295 0.999999940 -0.000345319 -2.145511389 -0.003623688 0.000345539 0.999993384 158.555816650
0.999995530 -0.000645154 0.002901916 0.894863009 0.000642809 0.999999464 0.000808943 -2.164320946 -0.002902437 -0.000807074 0.999995470 159.821563721
0.999996781 0.000483213 0.002449100 0.890215278 -0.000486051 0.999999225 0.001158371 -2.188984871 -0.002448539 -0.001159557 0.999996245 161.102691650
0.999998629 0.000326900 0.001589354 0.890445948 -0.000326841 0.999999940 -0.000037581 -2.207918644 -0.001589367 0.000037062 0.999998748 162.370712280
0.999998271 0.001239269 0.001415285 0.881888866 -0.001237632 0.999998510 -0.001157025 -2.230457067 -0.001416716 0.001155272 0.999998331 163.624038696
0.999997437 0.002188615 0.000594827 0.880225539 -0.002187800 0.999996603 -0.001367182 -2.248969793 -0.000597818 0.001365877 0.999998868 164.888549805
0.999998271 0.001873033 0.000156793 0.866013408 -0.001872669 0.999995649 -0.002289148 -2.274858713 -0.000161080 0.002288850 0.999997377 166.154769897
0.999997318 0.002019175 -0.001115499 0.865751266 -0.002023126 0.999991655 -0.003553002 -2.297049522 0.001108314 0.003555250 0.999993026 167.422042847
0.999996662 0.002076567 -0.001527404 0.858003855 -0.002081202 0.999993205 -0.003039592 -2.326077938 0.001521080 0.003042761 0.999994099 168.694137573
0.999993861 0.002351114 -0.002633655 0.853171587 -0.002355601 0.999995708 -0.001702081 -2.350933552 0.002629642 0.001708275 0.999994993 169.968780518
0.999993742 0.002241168 -0.002744301 0.840068996 -0.002244627 0.999996722 -0.001257899 -2.376903534 0.002741473 0.001264051 0.999995470 171.230789185
0.999989033 0.002885198 -0.003690561 0.830629051 -0.002888619 0.999995470 -0.000921894 -2.397901297 0.003687885 0.000932544 0.999992847 172.498870850
0.999985814 0.003064855 -0.004358099 0.817128301 -0.003068923 0.999994874 -0.000927085 -2.420511484 0.004355235 0.000940447 0.999990106 173.787506104
0.999982834 0.003814312 -0.004434597 0.798689306 -0.003821701 0.999991298 -0.001658843 -2.445351601 0.004428233 0.001675762 0.999988735 175.039459229
0.999978304 0.004573322 -0.004728626 0.779785633 -0.004584354 0.999986708 -0.002324656 -2.466548681 0.004717933 0.002346283 0.999986112 176.308303833
0.999976218 0.004415869 -0.005277799 0.759788871 -0.004426525 0.999988139 -0.002008941 -2.487922668 0.005268864 0.002032256 0.999984086 177.567749023
0.999975145 0.004940419 -0.005022975 0.741568685 -0.004956856 0.999982297 -0.003265037 -2.511780977 0.005006756 0.003289854 0.999982059 178.807266235
0.999979138 0.003805415 -0.005202664 0.729393005 -0.003830669 0.999980867 -0.004852882 -2.536374092 0.005184097 0.004872711 0.999974728 180.071502686
0.999985516 0.000462714 -0.005360020 0.717386842 -0.000488903 0.999987960 -0.004885803 -2.563308239 0.005357695 0.004888353 0.999973714 181.339874268
0.999982715 0.001420033 -0.005701308 0.712969065 -0.001427470 0.999998093 -0.001300557 -2.585607052 0.005699449 0.001308672 0.999982893 182.606918335
0.999982715 0.000523198 -0.005858191 0.701097608 -0.000505292 0.999995172 0.003057603 -2.609824657 0.005859764 -0.003054590 0.999978185 183.873565674
0.999981880 0.001400424 -0.005858360 0.687516212 -0.001386697 0.999996305 0.002346627 -2.627638817 0.005861624 -0.002338460 0.999980092 185.126235962
0.999982297 0.003139494 -0.005060379 0.664629281 -0.003143473 0.999994755 -0.000778479 -2.646741390 0.005057908 0.000794372 0.999986887 186.373748779
0.999978483 0.003110690 -0.005778907 0.651056528 -0.003125822 0.999991655 -0.002611358 -2.673009396 0.005770739 0.002629365 0.999979794 187.617095947
0.999976158 0.003195353 -0.006125402 0.639031053 -0.003210417 0.999991834 -0.002451023 -2.696853638 0.006117522 0.002470629 0.999978125 188.867935181
0.999980986 0.002868591 -0.005452676 0.620234728 -0.002876088 0.999994934 -0.001367492 -2.721919298 0.005448726 0.001383149 0.999984145 190.122863770
0.999981642 0.002958695 -0.005283858 0.606304407 -0.002954110 0.999995232 0.000875263 -2.747161865 0.005286421 -0.000859638 0.999985635 191.370010376
0.999986947 0.002399196 -0.004515949 0.594409645 -0.002391309 0.999995649 0.001750932 -2.771759748 0.004520127 -0.001740110 0.999988258 192.624206543
0.999992430 0.002297040 -0.003139243 0.583005905 -0.002293814 0.999996901 0.001030945 -2.792611599 0.003141603 -0.001023736 0.999994457 193.865509033
0.999997735 0.001658932 -0.001339071 0.571628153 -0.001659701 0.999998450 -0.000573309 -2.814650297 0.001338116 0.000575531 0.999998868 195.094741821
0.999999344 0.001175048 -0.000026581 0.563101411 -0.001175102 0.999997020 -0.002141125 -2.837115049 0.000024065 0.002141155 0.999997675 196.323074341
0.999998569 0.000958280 0.001377351 0.559756875 -0.000954491 0.999995768 -0.002748996 -2.864662409 -0.001379978 0.002747677 0.999995291 197.544723511
0.999995172 0.001145057 0.002896368 0.557539642 -0.001139106 0.999997258 -0.002055350 -2.890411615 -0.002898713 0.002052040 0.999993682 198.755844116
0.999991000 0.000662662 0.004190386 0.559028924 -0.000661469 0.999999762 -0.000286114 -2.913154602 -0.004190574 0.000283340 0.999991179 199.993835449
0.999986768 0.001607812 0.004884753 0.561145782 -0.001608315 0.999998748 0.000098926 -2.938421011 -0.004884588 -0.000106781 0.999988079 201.205718994
0.999977767 0.001367666 0.006529553 0.559138417 -0.001367785 0.999999046 0.000013789 -2.960161448 -0.006529529 -0.000022719 0.999978662 202.415954590
0.999972522 0.001301549 0.007308793 0.564410925 -0.001300621 0.999999225 -0.000131695 -2.976373196 -0.007308958 0.000122186 0.999973357 203.626724243
0.999958932 0.001483318 0.008945003 0.563112736 -0.001483772 0.999998927 0.000044176 -3.003857851 -0.008944929 -0.000057447 0.999960005 204.820312500
0.999952674 0.001746648 0.009571861 0.571746349 -0.001745797 0.999998450 -0.000097276 -3.026065588 -0.009572018 0.000080562 0.999954164 206.016235352
0.999937773 0.001582127 0.011042759 0.563608289 -0.001585514 0.999998689 0.000298002 -3.056780815 -0.011042275 -0.000315492 0.999938965 207.188430786
0.999938667 0.000469968 0.011063846 0.587714434 -0.000470339 0.999999881 0.000030956 -3.073483944 -0.011063830 -0.000036157 0.999938786 208.358428955
0.999932587 0.000553030 0.011594298 0.589056492 -0.000565635 0.999999285 0.001084006 -3.101315975 -0.011593689 -0.001090491 0.999932230 209.514358521
0.999937177 0.000015773 0.011204811 0.601642013 -0.000034940 0.999998510 0.001710451 -3.119502783 -0.011204768 -0.001710734 0.999935746 210.643569946
0.999939740 0.000069284 0.010971706 0.603223443 -0.000087834 0.999998629 0.001690281 -3.143230438 -0.010971573 -0.001691143 0.999938369 211.755828857
0.999945223 0.000963389 0.010423661 0.612512589 -0.000971248 0.999999285 0.000748928 -3.169915676 -0.010422932 -0.000759011 0.999945402 212.862701416
0.999953568 0.001264754 0.009552350 0.621257782 -0.001261831 0.999999166 -0.000312009 -3.187945843 -0.009552738 0.000299940 0.999954343 213.950027466
0.999955714 0.000967873 0.009361248 0.625167847 -0.000965499 0.999999523 -0.000258032 -3.215370655 -0.009361492 0.000248983 0.999956071 215.026031494
0.999966443 0.000474478 0.008178717 0.628324747 -0.000473016 0.999999940 -0.000180599 -3.237858534 -0.008178801 0.000176724 0.999966502 216.088882446
0.999979019 -0.000138732 0.006470475 0.640291393 0.000135906 0.999999881 0.000437149 -3.262579918 -0.006470535 -0.000436261 0.999979019 217.146453857
0.999989927 -0.001014251 0.004369585 0.637839317 0.001005891 0.999997616 0.001915015 -3.283180714 -0.004371517 -0.001910601 0.999988675 218.186630249
0.999996781 -0.000802842 0.002406161 0.633347392 0.000794456 0.999993682 0.003483944 -3.301275969 -0.002408942 -0.003482021 0.999991119 219.222930908
0.999999523 -0.000864086 0.000223726 0.636042714 0.000863187 0.999991596 0.003991224 -3.332198381 -0.000227173 -0.003991029 0.999991953 220.231475830
0.999996662 -0.000942832 -0.002386873 0.628092647 0.000950891 0.999993861 0.003377197 -3.346818924 0.002383674 -0.003379456 0.999991417 221.224716187
0.999985397 -0.000360520 -0.005375745 0.618755817 0.000378166 0.999994457 0.003281778 -3.363145590 0.005374532 -0.003283764 0.999980152 222.205535889
0.999962211 0.000103409 -0.008679201 0.621085048 -0.000067818 0.999991536 0.004100905 -3.391787529 0.008679554 -0.004100161 0.999953926 223.158279419
0.999934494 0.000435364 -0.011438367 0.602324724 -0.000390059 0.999992073 0.003962705 -3.411838770 0.011440003 -0.003957984 0.999926686 224.083740234
0.999897480 0.000801649 -0.014295347 0.581907511 -0.000755582 0.999994516 0.003227582 -3.425631046 0.014297853 -0.003216450 0.999892592 224.994476318
0.999842048 0.000257251 -0.017771289 0.563760281 -0.000214095 0.999997020 0.002430279 -3.442042828 0.017771859 -0.002426090 0.999839127 225.877548218
0.999778926 0.000936611 -0.021004889 0.556296349 -0.000880763 0.999996006 0.002667896 -3.478801966 0.021007305 -0.002648806 0.999775827 226.748733521
0.999722183 0.001460128 -0.023528757 0.523758888 -0.001414032 0.999997020 0.001975648 -3.494960308 0.023531573 -0.001941829 0.999721169 227.579589844
0.999658644 0.002665716 -0.025994362 0.494093895 -0.002614821 0.999994636 0.001991730 -3.514582634 0.025999531 -0.001923080 0.999660134 228.401657104
0.999624431 0.003748210 -0.027147127 0.473434448 -0.003683981 0.999990225 0.002415600 -3.527346849 0.027155925 -0.002314683 0.999628544 229.203491211
0.999633610 0.003564474 -0.026829716 0.461008549 -0.003468693 0.999987423 0.003615655 -3.558677912 0.026842268 -0.003521267 0.999633431 229.983001709
0.999633849 0.003302690 -0.026856039 0.441470623 -0.003189436 0.999985754 0.004258822 -3.573842764 0.026869724 -0.004171608 0.999630213 230.742095947
0.999655545 0.003043541 -0.026069993 0.415248394 -0.002939522 0.999987602 0.004027357 -3.590352058 0.026081929 -0.003949336 0.999651968 231.487762451
0.999687791 0.005188174 -0.024441870 0.382645130 -0.005135116 0.999984324 0.002233069 -3.611206055 0.024453074 -0.002106859 0.999698699 232.202545166
0.999706984 0.005054217 -0.023676088 0.365171909 -0.005052962 0.999987185 0.000112846 -3.624819994 0.023676358 0.000006821 0.999719679 232.933258057
0.999736369 0.005242824 -0.022352122 0.343156815 -0.005268144 0.999985516 -0.001074096 -3.642366886 0.022346169 0.001191567 0.999749541 233.656631470
0.999685407 0.003398515 -0.024849422 0.421696663 -0.003420579 0.999993742 -0.000845435 -3.680508375 0.024846395 0.000930169 0.999690890 234.448059082
0.999732614 0.002895370 -0.022941131 0.402301788 -0.002919509 0.999995232 -0.001018815 -3.694308043 0.022938076 0.001085519 0.999736369 235.168762207
0.999777675 0.002721008 -0.020909589 0.381548405 -0.002739128 0.999995828 -0.000837996 -3.713009596 0.020907225 0.000895084 0.999781013 235.874969482
0.999778509 0.001835294 -0.020973718 0.415429592 -0.001800365 0.999996901 0.001684154 -3.783859253 0.020976746 -0.001646020 0.999778628 236.599426270
0.999810994 0.001386615 -0.019396303 0.407273769 -0.001361285 0.999998152 0.001319062 -3.795356989 0.019398097 -0.001292408 0.999810994 237.306793213
0.999873519 0.001688466 -0.015822625 0.383807182 -0.001657318 0.999996662 0.001981487 -3.810003281 0.015825918 -0.001955013 0.999872863 238.014892578
0.999917507 0.000386189 -0.012842387 0.378555298 -0.000349505 0.999995887 0.002858572 -3.823836088 0.012843433 -0.002853848 0.999913514 238.723663330
0.999965250 0.000809768 -0.008296176 0.343351007 -0.000802448 0.999999285 0.000885625 -3.804854870 0.008296886 -0.000878937 0.999965131 239.403656006
0.999983490 0.000336370 -0.005728373 0.343243837 -0.000330891 0.999999464 0.000957440 -3.818619490 0.005728693 -0.000955529 0.999983072 240.102172852
0.999997079 0.000141322 -0.002397763 0.336948454 -0.000139681 0.999999762 0.000684467 -3.831161976 0.002397859 -0.000684131 0.999996901 240.786819458
0.999999106 0.000046735 0.001365667 0.321878612 -0.000046943 0.999999940 0.000152358 -3.839693069 -0.001365661 -0.000152422 0.999999046 241.475494385
0.999991179 0.000898329 0.004101089 0.325393319 -0.000895051 0.999999285 -0.000800914 -3.850276709 -0.004101805 0.000797236 0.999991238 242.165374756
0.999973118 0.001296489 0.007221045 0.327327132 -0.001287208 0.999998391 -0.001289686 -3.862799644 -0.007222705 0.001280356 0.999973059 242.855041504
0.999940932 0.002135637 0.010659343 0.320979834 -0.002123748 0.999997139 -0.001126549 -3.863415718 -0.010661718 0.001103845 0.999942601 243.537384033
0.999915123 0.002340113 0.012816951 0.329999208 -0.002336461 0.999997258 -0.000299949 -3.877366543 -0.012817616 0.000269977 0.999917924 244.241699219
0.999879956 0.002165416 0.015342636 0.336629391 -0.002152029 0.999997318 -0.000889038 -3.888041496 -0.015344521 0.000855914 0.999881983 244.946472168
0.999833465 0.002553914 0.018067500 0.338081837 -0.002504280 0.999993026 -0.002769194 -3.895296097 -0.018074445 0.002723487 0.999832869 245.641799927
0.999795675 0.002814975 0.020015392 0.347700119 -0.002710809 0.999982655 -0.005229514 -3.907564878 -0.020029765 0.005174188 0.999786019 246.349868774
0.999780655 0.001175458 0.020908343 0.360062599 -0.001034786 0.999976873 -0.006737552 -3.921375275 -0.020915775 0.006714439 0.999758661 247.058029175
0.999775290 0.000851547 0.021181792 0.371284962 -0.000702489 0.999974966 -0.007043498 -3.936777353 -0.021187261 0.007027036 0.999750733 247.777709961
0.999772727 0.000648933 0.021307983 0.383537292 -0.000481660 0.999969006 -0.007854433 -3.950905800 -0.021312421 0.007842385 0.999742091 248.500289917
0.999765456 0.002143863 0.021549102 0.394056320 -0.001963512 0.999962926 -0.008386946 -3.964176178 -0.021566281 0.008342667 0.999732614 249.232650757
0.999757707 0.002689784 0.021846093 0.405937672 -0.002500308 0.999958992 -0.008695899 -3.980594158 -0.021868592 0.008639170 0.999723494 249.970108032
0.999754846 0.001605060 0.022083616 0.421318054 -0.001371136 0.999942839 -0.010603699 -3.997216940 -0.022099372 0.010570820 0.999699831 250.717559814
0.999742270 -0.002225086 0.022590330 0.436763763 0.002512116 0.999916255 -0.012685452 -4.017073631 -0.022560215 0.012738932 0.999664247 251.464019775
0.999717712 -0.005557472 0.023100428 0.456622601 0.005871183 0.999891162 -0.013534766 -4.033582687 -0.023022696 0.013666571 0.999641478 252.229034424
0.999716341 -0.003087260 0.023614196 0.472954273 0.003318143 0.999947011 -0.009744404 -4.046943665 -0.023582861 0.009819996 0.999673605 253.008941650
0.999698937 0.000750991 0.024519786 0.473925114 -0.000658276 0.999992549 -0.003789093 -4.058816910 -0.024522442 0.003771811 0.999692202 253.786499023
0.999683261 -0.000185893 0.025165491 0.493132591 0.000191763 0.999999940 -0.000230850 -4.077153206 -0.025165448 0.000235603 0.999683261 254.574035645
0.999621034 -0.001244992 0.027499059 0.517704010 0.001314495 0.999996006 -0.002509556 -4.088848591 -0.027495826 0.002544752 0.999618709 255.376281738
0.999502718 -0.000510229 0.031527039 0.535993576 0.000791888 0.999960005 -0.008922074 -4.097382545 -0.031521216 0.008942604 0.999463081 256.162445068
0.999360144 0.001967081 0.035712790 0.551455498 -0.001519017 0.999919832 -0.012569109 -4.111280441 -0.035734650 0.012506818 0.999283016 256.969482422
0.999238253 0.003693830 0.038848270 0.578433037 -0.003230605 0.999923050 -0.011979972 -4.132700920 -0.038889527 0.011845344 0.999173284 257.782958984
0.999125600 0.002225194 0.041751623 0.615834236 -0.001803808 0.999947071 -0.010127636 -4.144687176 -0.041771960 0.010043467 0.999076724 258.614593506
0.999006629 -0.001003976 0.044550650 0.658935547 0.001303212 0.999976754 -0.006688215 -4.166713715 -0.044542901 0.006739629 0.998984754 259.450317383
0.998865902 -0.003877314 0.047455043 0.696528435 0.004141345 0.999976516 -0.005466739 -4.183871746 -0.047432736 0.005657067 0.998858452 260.286224365
0.998697639 -0.002558059 0.050955221 0.729976654 0.002810484 0.999984086 -0.004882822 -4.198791504 -0.050941925 0.005019672 0.998689055 261.132537842
0.998578668 -0.000347602 0.053295858 0.772862434 0.000714853 0.999976099 -0.006871894 -4.216814995 -0.053292185 0.006900226 0.998555183 261.972290039
0.998440325 0.000293585 0.055827737 0.810741425 0.000209939 0.999959350 -0.009013155 -4.240302086 -0.055828109 0.009010820 0.998399794 262.807739258
0.998272777 0.000541866 0.058747318 0.842938423 0.000019303 0.999954343 -0.009551253 -4.251754761 -0.058749814 0.009535889 0.998227179 263.637451172
0.998102665 0.001490027 0.061552931 0.889152527 -0.001035807 0.999971986 -0.007410584 -4.274095535 -0.061562255 0.007332766 0.998076320 264.475646973
0.997893393 0.003102183 0.064801328 0.935375214 -0.002733533 0.999979556 -0.005776818 -4.293438911 -0.064817928 0.005587511 0.997881532 265.322357178
0.997709394 0.003759208 0.067542687 0.992586136 -0.003363440 0.999976456 -0.005972301 -4.313727379 -0.067563556 0.005731444 0.997698545 266.178527832
0.997520924 0.004020493 0.070255712 1.047138214 -0.003570784 0.999972284 -0.006525446 -4.331593513 -0.070280008 0.006258401 0.997507751 267.023040771
0.997353554 0.002090858 0.072673202 1.110759735 -0.001581355 0.999973714 -0.007067708 -4.346516609 -0.072686069 0.006934082 0.997330844 267.857879639
0.997224331 -0.001265239 0.074444748 1.173540115 0.001724570 0.999979854 -0.006106132 -4.369588852 -0.074435510 0.006217569 0.997206450 268.716674805
0.997171402 -0.001575878 0.075145245 1.242227554 0.002062242 0.999977350 -0.006395170 -4.385433197 -0.075133473 0.006532048 0.997152090 269.567779541
0.997146308 -0.002463723 0.075452663 1.300748825 0.002933550 0.999976993 -0.006116591 -4.409656525 -0.075435847 0.006320480 0.997130632 270.411743164
0.997111738 -0.002607081 0.075903438 1.363424301 0.003097960 0.999975026 -0.006350138 -4.423323631 -0.075884975 0.006566943 0.997094929 271.277099609
0.997122109 -0.002283927 0.075777546 1.422426224 0.002734439 0.999979198 -0.005841980 -4.441592216 -0.075762622 0.006032377 0.997107625 272.139038086
0.997170568 -0.001832151 0.075149581 1.483673096 0.002246869 0.999982715 -0.005434392 -4.459715366 -0.075138323 0.005587867 0.997157514 272.990997314
0.997253060 -0.002216207 0.074036181 1.545719147 0.002669514 0.999978244 -0.006024378 -4.481798172 -0.074021213 0.006205471 0.997237325 273.845794678
0.997382224 -0.002192714 0.072275639 1.606109619 0.002694344 0.999972939 -0.006843743 -4.502714157 -0.072258659 0.007020564 0.997361183 274.697967529
0.997500420 -0.001434945 0.070645802 1.664245605 0.001977046 0.999969065 -0.007604172 -4.522253036 -0.070632704 0.007724835 0.997472465 275.570404053
0.997618854 -0.000301600 0.068967000 1.718921661 0.000860996 0.999966919 -0.008081481 -4.541281700 -0.068962276 0.008121618 0.997586191 276.423187256
0.997728288 0.000552816 0.067362547 1.767223358 -0.000013027 0.999967873 -0.008013359 -4.568205833 -0.067364804 0.007994278 0.997696400 277.269073486
0.997856617 0.001509759 0.065420642 1.817459106 -0.001005520 0.999969482 -0.007739891 -4.584415436 -0.065430328 0.007657520 0.997827709 278.110900879
0.998056352 0.001044001 0.062309440 1.865908623 -0.000649935 0.999979675 -0.006344280 -4.606278419 -0.062314793 0.006291452 0.998036623 278.960723877
0.998300970 0.000328609 0.058266059 1.915036201 -0.000084498 0.999991179 -0.004192012 -4.619227409 -0.058266927 0.004179966 0.998292267 279.810424805
0.998576522 -0.001297715 0.053321306 1.955900192 0.001420131 0.999996424 -0.002258003 -4.641999722 -0.053318180 0.002330511 0.998574853 280.643707275
0.998827696 -0.002066770 0.048362128 1.994637489 0.002110919 0.999997377 -0.000861823 -4.661047459 -0.048360229 0.000962901 0.998829544 281.478118896
0.999032795 -0.001898702 0.043928210 2.022286415 0.001912244 0.999998093 -0.000266281 -4.675414085 -0.043927625 0.000350025 0.999034762 282.296386719
0.999228895 -0.002367526 0.039190285 2.050957680 0.002367943 0.999997139 0.000035777 -4.689010620 -0.039190259 0.000057051 0.999231756 283.106903076
0.999393106 -0.003760499 0.034631576 2.074502468 0.003747517 0.999992907 0.000439791 -4.709707737 -0.034632992 -0.000309741 0.999400020 283.913391113
0.999525845 -0.003748335 0.030562082 2.091447830 0.003745056 0.999992967 0.000164562 -4.725811005 -0.030562486 -0.000050027 0.999532878 284.695922852
0.999637127 -0.003405394 0.026721317 2.106139183 0.003412630 0.999994159 -0.000225206 -4.739916801 -0.026720392 0.000316315 0.999642849 285.459716797
0.999731362 -0.003119691 0.022964939 2.116231918 0.003126430 0.999995053 -0.000257535 -4.755862236 -0.022964025 0.000329265 0.999736249 286.207244873
