1.000000000 0.000000000 0.000000000 0.000000000 0.000000000 1.000000000 0.000000000 0.000000000 0.000000000 0.000000000 1.000000000 0.000000000
0.999997318 0.001041065 0.002068865 -0.009312394 -0.001038841 0.999998868 -0.001075466 -0.016913425 -0.002069983 0.001073314 0.999997258 1.206120610
0.999969661 0.002532744 0.007363847 -0.074150287 -0.002525365 0.999996305 -0.001011231 -0.031502340 -0.007366381 0.000992604 0.999972343 2.418844223
0.999958098 0.002091855 0.008909555 -0.074785911 -0.002084755 0.999997497 -0.000806057 -0.050601449 -0.008911219 0.000787449 0.999959946 3.608722687
0.999948502 0.001917766 0.009964124 -0.069145307 -0.001908996 0.999997795 -0.000889569 -0.071636200 -0.009965809 0.000870502 0.999949932 4.803552151
0.999938369 0.001722331 0.010966598 -0.066823617 -0.001714751 0.999998271 -0.000700574 -0.095060572 -0.010967786 0.000681726 0.999939620 5.998689175
0.999931991 0.002000406 0.011494258 -0.054584056 -0.001981093 0.999996543 -0.001691345 -0.117252216 -0.011497604 0.001668458 0.999932528 7.202235699
0.999920964 0.001476055 0.012486699 -0.050733920 -0.001452934 0.999997199 -0.001860504 -0.141442806 -0.012489410 0.001842215 0.999920309 8.434322357
0.999910295 0.001318252 0.013330965 -0.053021934 -0.001311703 0.999998987 -0.000500055 -0.163507268 -0.013331613 0.000482523 0.999911010 9.621417046
0.999927998 0.001024794 0.011957823 -0.045316510 -0.001032132 0.999999285 0.000607437 -0.187830642 -0.011957192 -0.000619735 0.999928296 10.812400818
0.999951243 -0.000924160 0.009830943 -0.043678429 0.000923958 0.999999583 0.000025112 -0.209062576 -0.009830962 -0.000016027 0.999951661 12.002863884
0.999966383 -0.000651706 0.008177251 -0.047429912 0.000655738 0.999999642 -0.000490392 -0.226592362 -0.008176928 0.000495737 0.999966443 13.199936867
0.999979854 -0.000447119 0.006329227 -0.035837781 0.000449719 0.999999762 -0.000409296 -0.254361808 -0.006329042 0.000412134 0.999979913 14.394687653
0.999984682 0.001325249 0.005380571 -0.036722332 -0.001322442 0.999998987 -0.000525294 -0.275522351 -0.005381262 0.000518171 0.999985397 15.597362518
0.999987125 0.001043861 0.004965642 -0.035624813 -0.001040812 0.999999285 -0.000616598 -0.293240845 -0.004966282 0.000611422 0.999987483 16.791780472
0.999988496 0.000597492 0.004758256 -0.042733926 -0.000597054 0.999999821 -0.000093436 -0.314618170 -0.004758311 0.000090593 0.999988675 17.972665787
0.999993086 0.000343523 0.003701452 -0.036617659 -0.000344429 1.000000000 0.000244349 -0.334952235 -0.003701368 -0.000245622 0.999993086 19.163633347
0.999993443 0.000549118 0.003579041 -0.042544417 -0.000546537 0.999999583 -0.000721994 -0.357324719 -0.003579436 0.000720033 0.999993324 20.366348267
0.999994695 0.000120252 0.003257151 -0.046146851 -0.000115063 0.999998689 -0.001593179 -0.377830207 -0.003257338 0.001592796 0.999993443 21.565877914
0.999995410 0.001448194 0.002714999 -0.061950278 -0.001445399 0.999998450 -0.001031187 -0.402951539 -0.002716488 0.001027258 0.999995768 22.750240326
0.999997437 0.000656141 0.002186611 -0.068639345 -0.000653346 0.999998987 -0.001278757 -0.422788054 -0.002187448 0.001277325 0.999996781 23.953754425
0.999999046 0.000710172 0.001124869 -0.073728524 -0.000708254 0.999998271 -0.001704630 -0.454027593 -0.001126078 0.001703831 0.999997914 25.126134872
0.999999225 0.001237827 0.000299269 -0.082471706 -0.001237577 0.999998927 -0.000834544 -0.477683961 -0.000300302 0.000834173 0.999999583 26.327573776
0.999999702 -0.000352588 -0.000541954 -0.083805025 0.000352999 0.999999642 0.000759162 -0.498906612 0.000541686 -0.000759353 0.999999464 27.527950287
0.999998927 -0.000244452 -0.001385690 -0.090372257 0.000245473 0.999999702 0.000736669 -0.517488897 0.001385509 -0.000737008 0.999998748 28.720155716
0.999996901 -0.001265662 -0.002129592 -0.102225423 0.001265336 0.999999166 -0.000154906 -0.539704025 0.002129786 0.000152211 0.999997616 29.919855118
0.999992311 -0.001855876 -0.003464468 -0.103626601 0.001852404 0.999997795 -0.001005001 -0.562994421 0.003466326 0.000998576 0.999993384 31.116863251
0.999992728 -0.001062180 -0.003652236 -0.124716215 0.001058900 0.999999046 -0.000899733 -0.583918273 0.003653189 0.000895859 0.999992907 32.315868378
0.999988496 -0.001546119 -0.004516734 -0.132629916 0.001544748 0.999998748 -0.000307187 -0.605232716 0.004517202 0.000300207 0.999989748 33.523220062
0.999986291 -0.001844399 -0.004878571 -0.143524393 0.001843444 0.999998271 -0.000200175 -0.624054432 0.004878931 0.000191179 0.999988079 34.718589783
0.999982059 -0.002609381 -0.005382281 -0.153698191 0.002609351 0.999996603 -0.000012536 -0.649350107 0.005382296 -0.000001509 0.999985516 35.915557861
0.999980330 -0.002395132 -0.005786408 -0.173914179 0.002393132 0.999997020 -0.000352576 -0.667712271 0.005787235 0.000338721 0.999983191 37.107074738
0.999977291 -0.003216721 -0.005924189 -0.183737755 0.003219676 0.999994636 0.000489453 -0.692559421 0.005922582 -0.000508515 0.999982297 38.302513123
0.999975801 -0.003020556 -0.006268871 -0.188713625 0.003030919 0.999994040 0.001644210 -0.708906293 0.006263867 -0.001663170 0.999979019 39.500953674
0.999977469 -0.002473071 -0.006246185 -0.204481184 0.002487663 0.999994159 0.002329518 -0.728101909 0.006240386 -0.002345004 0.999977827 40.704391479
0.999982357 -0.001726679 -0.005673910 -0.228905052 0.001737240 0.999996901 0.001857052 -0.743008316 0.005670685 -0.001866876 0.999982119 41.893569946
0.999986172 -0.000794203 -0.005191725 -0.243215978 0.000802395 0.999998510 0.001576025 -0.756515026 0.005190467 -0.001580169 0.999985278 43.087600708
0.999986410 0.001925369 -0.004837405 -0.254259139 -0.001906048 0.999990225 0.003995530 -0.780815661 0.004845051 -0.003986255 0.999980271 44.299808502
0.999994695 0.001256872 -0.003007006 -0.280621678 -0.001235955 0.999975145 0.006947844 -0.800912738 0.003015663 -0.006944090 0.999971330 45.502437592
0.999998033 0.001659202 -0.001079987 -0.293288350 -0.001648832 0.999953270 0.009532960 -0.810586333 0.001095753 -0.009531160 0.999953985 46.699005127
0.999997258 0.002200214 0.000755032 -0.294730693 -0.002209824 0.999913514 0.012972052 -0.817542195 -0.000726425 -0.012973687 0.999915600 47.900894165
0.999996006 0.001698564 0.002264995 -0.313979626 -0.001731042 0.999894559 0.014414961 -0.830085874 -0.002240271 -0.014418825 0.999893546 49.106899261
0.999992371 -0.000365365 0.003885099 -0.312877357 0.000315132 0.999916434 0.012922498 -0.834272385 -0.003889496 -0.012921176 0.999908924 50.318778992
0.999986470 0.000899603 0.005131306 -0.318264902 -0.000957147 0.999936581 0.011222803 -0.838728726 -0.005120885 -0.011227564 0.999923825 51.512855530
0.999983609 0.000833612 0.005681088 -0.313601464 -0.000894286 0.999942541 0.010685958 -0.843726456 -0.005671853 -0.010690863 0.999926746 52.721595764
0.999984264 0.000673013 0.005586293 -0.312466294 -0.000729408 0.999948740 0.010099465 -0.850221157 -0.005579209 -0.010103379 0.999933362 53.915130615
0.999985039 -0.000480621 0.005453972 -0.318506122 0.000430981 0.999958515 0.009099146 -0.862694323 -0.005458119 -0.009096660 0.999943733 55.128776550
0.999994695 -0.000452594 0.003239861 -0.311989278 0.000420846 0.999951959 0.009793423 -0.871679068 -0.003244137 -0.009792008 0.999946892 56.341609955
0.999997199 -0.000439790 0.002338722 -0.321802139 0.000414880 0.999943316 0.010640786 -0.879307806 -0.002343269 -0.010639786 0.999940634 57.536319733
0.999998391 -0.001101778 0.001449303 -0.325779915 0.001085596 0.999937534 0.011119386 -0.889577985 -0.001461463 -0.011117794 0.999937117 58.744319916
0.999999821 0.000313196 0.000500981 -0.328938812 -0.000318777 0.999937475 0.011178725 -0.902254701 -0.000497449 -0.011178884 0.999937356 59.940185547
0.999999762 0.000639777 -0.000072544 -0.334312350 -0.000638952 0.999940932 0.010851054 -0.907754898 0.000079481 -0.010851005 0.999941051 61.146129608
0.999999940 -0.000343720 -0.000002729 -0.343608707 0.000343730 0.999947786 0.010213441 -0.916010499 -0.000000782 -0.010213442 0.999947846 62.346649170
0.999998868 -0.001440178 -0.000309977 -0.346301824 0.001443054 0.999953926 0.009486592 -0.927405059 0.000296301 -0.009487030 0.999954998 63.555377960
0.999998033 -0.001877496 -0.000757102 -0.350113899 0.001885682 0.999938130 0.010960017 -0.943830669 0.000736477 -0.010961421 0.999939620 64.741508484
0.999995470 -0.002637777 -0.001425605 -0.347690135 0.002655335 0.999918818 0.012457196 -0.952423632 0.001392629 -0.012460923 0.999921381 65.940284729
0.999998689 -0.001373980 -0.000845965 -0.373694211 0.001383118 0.999939680 0.010897511 -0.960367978 0.000830942 -0.010898666 0.999940217 67.146461487
0.999999821 0.000511353 -0.000366751 -0.388443053 -0.000507813 0.999953926 0.009588815 -0.967672646 0.000371637 -0.009588626 0.999953926 68.344322205
0.999996901 0.002469129 -0.000571939 -0.393968254 -0.002463253 0.999946415 0.010057972 -0.979507744 0.000596741 -0.010056529 0.999949217 69.543792725
0.999988854 0.004708680 -0.000396265 -0.402231038 -0.004704416 0.999937356 0.010151139 -0.987773180 0.000444039 -0.010149159 0.999948382 70.732200623
0.999982238 0.005938327 -0.000243306 -0.412647814 -0.005935349 0.999923885 0.010817192 -0.997471929 0.000307523 -0.010815554 0.999941409 71.935104370
0.999978304 0.006520090 0.000851134 -0.418635756 -0.006529470 0.999912262 0.011527316 -1.003180742 -0.000775900 -0.011532622 0.999933183 73.131027222
0.999963522 0.008247038 0.002183996 -0.417207271 -0.008273173 0.999890864 0.012241323 -1.010877252 -0.002082803 -0.012258945 0.999922633 74.322044373
0.999961734 0.007083581 0.005141014 -0.416380554 -0.007135453 0.999923110 0.010142569 -1.021634579 -0.005068772 -0.010178864 0.999935389 75.506927490
0.999960899 0.004410305 0.007670431 -0.412066251 -0.004448900 0.999977529 0.005021860 -1.031556487 -0.007648110 -0.005055788 0.999958038 76.682617188
0.999929607 0.005465601 0.010527720 -0.406307638 -0.005517009 0.999972999 0.004860237 -1.046866298 -0.010500871 -0.004917976 0.999932766 77.866981506
0.999910116 0.004054289 0.012772377 -0.391189188 -0.004164371 0.999954402 0.008604002 -1.062832952 -0.012736909 -0.008656419 0.999881387 79.049972534
0.999857187 0.004613969 0.016259072 -0.376515001 -0.004768109 0.999944031 0.009454336 -1.070372581 -0.016214540 -0.009530514 0.999823093 80.233032227
0.999781489 0.004637429 0.020385258 -0.359632432 -0.004798469 0.999957561 0.007857990 -1.081783295 -0.020347953 -0.007954093 0.999761283 81.400543213
0.999703050 0.003415002 0.024126729 -0.339098126 -0.003531325 0.999982238 0.004780361 -1.095875502 -0.024109978 -0.004864140 0.999697506 82.569145203
0.999619365 0.002070461 0.027509645 -0.310640126 -0.002109161 0.999996841 0.001377845 -1.112330794 -0.027506704 -0.001435343 0.999620616 83.731513977
0.999513686 0.001693430 0.031136110 -0.279660702 -0.001708148 0.999998391 0.000446112 -1.129962325 -0.031135306 -0.000499080 0.999515057 84.886108398
0.999398351 0.001276592 0.034660198 -0.244531497 -0.001356520 0.999996483 0.002282638 -1.152033925 -0.034657162 -0.002328282 0.999396563 86.059799194
0.999247670 0.002549935 0.038699627 -0.214997813 -0.002673656 0.999991477 0.003145528 -1.176842928 -0.038691275 -0.003246631 0.999245942 87.224433899
0.999101400 0.001987189 0.042338163 -0.165710792 -0.002014792 0.999997795 0.000609300 -1.193613768 -0.042336848 -0.000694055 0.999103129 88.379188538
0.998962462 0.001839174 0.045504421 -0.115875944 -0.001781444 0.999997616 -0.001309191 -1.217274427 -0.045506719 0.001226768 0.998963177 89.527336121
0.998810410 0.002061040 0.048718520 -0.065109201 -0.001962473 0.999995887 -0.002070952 -1.231032848 -0.048722591 0.001972879 0.998810410 90.695068359
0.998664498 0.001292748 0.051648252 -0.009380797 -0.001254015 0.999998868 -0.000782339 -1.250909567 -0.051649205 0.000716527 0.998665094 91.851081848
0.998507977 0.000151700 0.054605249 0.041087992 -0.000188001 0.999999762 0.000659642 -1.272368550 -0.054605134 -0.000668923 0.998507798 93.011787415
0.998355091 -0.000694541 0.057328951 0.104850538 0.000559762 0.999997020 0.002366990 -1.289528131 -0.057330430 -0.002331007 0.998352528 94.175308228
0.998218834 -0.002240889 0.059617203 0.176740572 0.002044706 0.999992251 0.003351509 -1.306564569 -0.059624255 -0.003223640 0.998215675 95.336647034
0.998067558 -0.003185007 0.062056378 0.236568362 0.003127789 0.999994755 0.001019144 -1.324631095 -0.062059294 -0.000823076 0.998072088 96.483520508
0.997922659 -0.004578506 0.064259849 0.313145518 0.004748710 0.999985635 -0.002496189 -1.343929529 -0.064247489 0.002796155 0.997929990 97.641845703
0.997799039 -0.003833154 0.066199534 0.384536982 0.004190917 0.999977410 -0.005266277 -1.364498615 -0.066177845 0.005532123 0.997792423 98.801429749
0.997677088 -0.003804249 0.068014808 0.460041761 0.004232664 0.999972045 -0.006155853 -1.387585282 -0.067989491 0.006429436 0.997665286 99.976852417
0.997657299 -0.003473287 0.068322249 0.538104177 0.003862410 0.999976993 -0.005564143 -1.409026623 -0.068301357 0.005814997 0.997647762 101.155662537
0.997694135 -0.003779835 0.067766912 0.608445168 0.004036991 0.999985158 -0.003658178 -1.439336300 -0.067752078 0.003923317 0.997694492 102.334510803
0.997772574 -0.004003814 0.066587925 0.678228676 0.004156834 0.999989033 -0.002159618 -1.460135818 -0.066578552 0.002431602 0.997778296 103.527519226
0.997901082 -0.003666864 0.064653441 0.747780442 0.003766041 0.999991953 -0.001412184 -1.478077531 -0.064647742 0.001652707 0.997906744 104.722221375
0.998076320 -0.003645611 0.061890706 0.823799729 0.003720056 0.999992549 -0.001087654 -1.495037317 -0.061886277 0.001315799 0.998082399 105.928985596
0.998239398 -0.002753057 0.059248447 0.879808903 0.002821382 0.999995410 -0.001069579 -1.515019417 -0.059245232 0.001234859 0.998242676 107.127326965
0.998463571 -0.001630056 0.055386905 0.939633131 0.001722762 0.999997139 -0.001626073 -1.531727076 -0.055384096 0.001718993 0.998463631 108.326301575
0.998670578 -0.001352503 0.051528350 0.992516339 0.001419770 0.999998152 -0.001268862 -1.551201344 -0.051526543 0.001340333 0.998670697 109.539291382
0.998881757 -0.001339137 0.047258947 1.053614736 0.001337393 0.999999106 0.000068517 -1.575191975 -0.047258992 -0.000005237 0.998882651 110.766914368
0.999067724 -0.000499852 0.043167427 1.094681501 0.000467402 0.999999523 0.000761816 -1.592825294 -0.043167789 -0.000740929 0.999067605 111.968002319
0.999246657 -0.000491846 0.038805403 1.134044051 0.000445777 0.999999166 0.001195815 -1.609246969 -0.038805958 -0.001177615 0.999246061 113.185203552
0.999427676 0.000037913 0.033829305 1.172684431 -0.000078192 0.999999285 0.001189349 -1.625543475 -0.033829235 -0.001191314 0.999426961 114.402519226
0.999574840 0.000822505 0.029147157 1.195605993 -0.000860710 0.999998808 0.001298257 -1.647973061 -0.029146055 -0.001322792 0.999574244 115.647750854
0.999710441 0.001050676 0.024044016 1.218541980 -0.001074388 0.999998927 0.000973295 -1.665093780 -0.024042971 -0.000998846 0.999710441 116.867996216
0.999805808 0.002288932 0.019574327 1.233261704 -0.002293504 0.999997377 0.000211154 -1.681294680 -0.019573793 -0.000256006 0.999808431 118.106246948
0.999860644 0.004200913 0.016156137 1.246508837 -0.004204406 0.999991119 0.000182280 -1.700510740 -0.016155230 -0.000250181 0.999869466 119.342514038
0.999884784 0.006021683 0.013935150 1.256210804 -0.006028714 0.999981701 0.000462618 -1.721554399 -0.013932111 -0.000546575 0.999902785 120.560844421
0.999882460 0.007536922 0.013354024 1.255890846 -0.007536475 0.999971628 -0.000083692 -1.741104245 -0.013354275 -0.000016960 0.999910831 121.824249268
0.999878526 0.009645811 0.012238389 1.265929699 -0.009648765 0.999953330 0.000182200 -1.759314775 -0.012236061 -0.000300263 0.999925077 123.069900513
0.999873698 0.011104482 0.011371119 1.268260717 -0.011116417 0.999937713 0.000987020 -1.777264118 -0.011359451 -0.001113302 0.999934793 124.308410645
0.999884963 0.010690874 0.010755390 1.273942590 -0.010705394 0.999941945 0.001293445 -1.792835355 -0.010740936 -0.001408437 0.999941289 125.558700562
0.999843419 0.014653638 0.009915628 1.274473667 -0.014687923 0.999886334 0.003393630 -1.814853072 -0.009864774 -0.003538739 0.999945045 126.807411194
0.999833524 0.015606620 0.009450272 1.273265362 -0.015669821 0.999855101 0.006650967 -1.828668475 -0.009345104 -0.006797944 0.999933243 128.061508179
0.999860227 0.014277490 0.008706180 1.280897260 -0.014331087 0.999878526 0.006125042 -1.842686653 -0.008617673 -0.006248954 0.999943376 129.313369751
0.999866664 0.013942594 0.008506742 1.278532982 -0.013982501 0.999891460 0.004649927 -1.854074478 -0.008440986 -0.004768254 0.999952972 130.580230713
0.999910235 0.011282285 0.007223427 1.292609572 -0.011324530 0.999918878 0.005834280 -1.867908597 -0.007157015 -0.005915558 0.999956906 131.833587646
0.999934375 0.009151885 0.006892828 1.286852360 -0.009204898 0.999927998 0.007699025 -1.880038142 -0.006821870 -0.007761967 0.999946594 133.095413208
0.999962986 0.005755343 0.006391621 1.296828628 -0.005815512 0.999938607 0.009435161 -1.889355421 -0.006336926 -0.009471983 0.999935031 134.365005493
0.999979079 0.003563433 0.005395941 1.308912516 -0.003620822 0.999936581 0.010663255 -1.900344491 -0.005357603 -0.010682571 0.999928534 135.628768921
0.999981403 -0.000636264 0.006051968 1.311032176 0.000582654 0.999960542 0.008856014 -1.909129381 -0.006057362 -0.008852324 0.999942482 136.908004761
0.999975681 -0.003019840 0.006284872 1.313887954 0.002972507 0.999967277 0.007527145 -1.914946795 -0.006307397 -0.007508280 0.999951959 138.178939819
0.999973059 -0.003822161 0.006261711 1.321458936 0.003774844 0.999964416 0.007551176 -1.928383827 -0.006290350 -0.007527335 0.999951839 139.450469971
0.999968767 -0.004170293 0.006717942 1.323384404 0.004117835 0.999961138 0.007803702 -1.936900973 -0.006750225 -0.007775794 0.999946952 140.727584839
0.999967992 -0.003588617 0.007152281 1.332849503 0.003517826 0.999944985 0.009885837 -1.948077202 -0.007187364 -0.009860361 0.999925494 142.000320435
0.999965489 -0.001563440 0.008162120 1.327442765 0.001470609 0.999934375 0.011367005 -1.956808805 -0.008179354 -0.011354608 0.999902070 143.277786255
0.999961495 -0.001971253 0.008553809 1.340465069 0.001887872 0.999950647 0.009744910 -1.968611717 -0.008572598 -0.009728385 0.999915898 144.580886841
0.999959886 -0.001122679 0.008893130 1.343856215 0.001050234 0.999966145 0.008146704 -1.980567575 -0.008901977 -0.008137036 0.999927282 145.854110718
0.999952853 -0.000905296 0.009671745 1.344225407 0.000847436 0.999981701 0.005984767 -1.999300599 -0.009676986 -0.005976287 0.999935269 147.135940552
0.999944866 -0.002354095 0.010233806 1.350519538 0.002338485 0.999996066 0.001536965 -2.013120890 -0.010237386 -0.001512948 0.999946356 148.423553467
0.999940455 -0.002346832 0.010654730 1.357008338 0.002366765 0.999995470 -0.001858703 -2.034812450 -0.010650320 0.001883810 0.999941409 149.701309204
0.999935985 -0.002700666 0.010978418 1.364628553 0.002734558 0.999991477 -0.003073191 -2.055800676 -0.010970024 0.003103016 0.999935031 150.969100952
0.999932408 -0.002372200 0.011371519 1.367309451 0.002402785 0.999993503 -0.002676679 -2.082026243 -0.011365095 0.002703823 0.999931753 152.239974976
0.999939203 -0.002314092 0.010774040 1.386236787 0.002336116 0.999995172 -0.002032040 -2.109734535 -0.010769284 0.002057086 0.999939859 153.494415283
0.999944031 -0.002380515 0.010307183 1.399553418 0.002390378 0.999996662 -0.000944647 -2.133624554 -0.010304900 0.000969232 0.999946356 154.757110596
0.999942243 -0.000913166 0.010701422 1.392609358 0.000920406 0.999999344 -0.000671564 -2.152733326 -0.010700800 0.000681375 0.999942482 156.024047852
0.999944925 -0.000379042 0.010486122 1.393400788 0.000388395 0.999999583 -0.000889834 -2.176328421 -0.010485779 0.000893857 0.999944568 157.293792725
0.999955893 -0.000532647 0.009371225 1.408172727 0.000539550 0.999999583 -0.000734081 -2.201656103 -0.009370829 0.000739105 0.999955833 158.569625854
0.999961197 -0.001153876 0.008732828 1.413230300 0.001148564 0.999999166 0.000613361 -2.226283789 -0.008733528 -0.000603307 0.999961734 159.835601807
0.999963999 0.000261674 0.008487298 1.411991715 -0.000268830 0.999999642 0.000842094 -2.245808363 -0.008487075 -0.000844346 0.999963641 161.113357544
0.999970913 0.000258822 0.007633095 1.418127418 -0.000257054 0.999999940 -0.000232726 -2.266329527 -0.007633155 0.000230757 0.999970913 162.383605957
0.999974310 0.000914297 0.007114697 1.421799064 -0.000904512 0.999998629 -0.001378539 -2.290174484 -0.007115948 0.001372068 0.999973774 163.634429932
0.999981344 0.001743338 0.005859836 1.431248903 -0.001735840 0.999997616 -0.001284376 -2.312479734 -0.005862062 0.001274181 0.999982059 164.898147583
0.999982536 0.001648123 0.005672480 1.423935056 -0.001636175 0.999996424 -0.002110258 -2.338053942 -0.005675938 0.002100940 0.999981642 166.167266846
0.999987304 0.001925217 0.004658017 1.425770760 -0.001908446 0.999991715 -0.003602275 -2.357223511 -0.004664914 0.003593340 0.999982655 167.434890747
0.999988139 0.002124029 0.004380651 1.423651695 -0.002110444 0.999992967 -0.003103417 -2.384814978 -0.004387214 0.003094136 0.999985516 168.705307007
0.999991119 0.002403212 0.003458007 1.423786044 -0.002397328 0.999995649 -0.001704782 -2.410588026 -0.003462089 0.001696477 0.999992549 169.982299805
0.999993682 0.002010158 0.002944663 1.425268650 -0.002007014 0.999997437 -0.001070376 -2.438741922 -0.002946806 0.001064459 0.999995053 171.244567871
0.999994397 0.002474056 0.002276074 1.417960048 -0.002472738 0.999996781 -0.000581639 -2.463258505 -0.002277506 0.000576008 0.999997199 172.512847900
0.999994755 0.002666421 0.001883842 1.413341403 -0.002665709 0.999996424 -0.000380191 -2.486528635 -0.001884850 0.000375167 0.999998152 173.795578003
0.999993086 0.003469641 0.001280676 1.402989268 -0.003468099 0.999993265 -0.001203935 -2.512889147 -0.001284844 0.001199486 0.999998391 175.049530029
0.999991655 0.003993001 0.000915398 1.397133827 -0.003991447 0.999990642 -0.001693193 -2.535322189 -0.000922150 0.001689526 0.999998152 176.326049805
0.999989927 0.004461898 0.000486744 1.384238720 -0.004460999 0.999988377 -0.001831749 -2.549503803 -0.000494912 0.001829559 0.999998152 177.588150024
0.999989748 0.004519819 0.000311391 1.372839928 -0.004518926 0.999985814 -0.002811384 -2.578061819 -0.000324092 0.002809949 0.999996006 178.826263428
0.999994040 0.003435459 0.000354626 1.365762830 -0.003433802 0.999983609 -0.004573583 -2.599595785 -0.000370332 0.004572338 0.999989569 180.093383789
1.000000000 0.000391926 -0.000030162 1.362988710 -0.000392053 0.999990642 -0.004294415 -2.629404068 0.000028480 0.004294427 0.999990821 181.356704712
0.999999881 0.000628660 -0.000305828 1.359294295 -0.000628839 0.999999583 -0.000581991 -2.652109861 0.000305463 0.000582183 0.999999762 182.625991821
0.999999821 -0.000157135 -0.000598848 1.357191324 0.000159205 0.999993980 0.003458164 -2.672632456 0.000598300 -0.003458259 0.999993801 183.892486572
0.999999583 0.000815762 -0.000256913 1.346298337 -0.000815001 0.999995351 0.002946711 -2.689121485 0.000259317 -0.002946501 0.999995649 185.141921997
0.999996781 0.002486286 0.000301722 1.334014535 -0.002486216 0.999996901 -0.000231255 -2.707346678 -0.000302295 0.000230504 1.000000000 186.393325806
0.999995947 0.002781872 -0.000511522 1.326697588 -0.002782992 0.999993861 -0.002201706 -2.731775522 0.000505395 0.002203121 0.999997437 187.634811401
0.999995708 0.002837864 -0.000571748 1.320000529 -0.002838990 0.999994040 -0.001977423 -2.755598783 0.000566133 0.001979038 0.999997854 188.884735107
0.999997377 0.002294640 -0.000218905 1.308183908 -0.002294782 0.999997199 -0.000650726 -2.782243490 0.000217412 0.000651227 0.999999702 190.143981934
0.999997020 0.002457769 -0.000123603 1.303095698 -0.002457566 0.999995708 0.001624589 -2.806654453 0.000127594 -0.001624280 0.999998629 191.392684937
0.999997854 0.001856562 0.000841009 1.293457747 -0.001858558 0.999995470 0.002378982 -2.828409195 -0.000836589 -0.002380541 0.999996781 192.648056030
0.999995649 0.001931415 0.002232459 1.290891051 -0.001935287 0.999996722 0.001733331 -2.848614454 -0.002229103 -0.001737644 0.999995947 193.894027710
0.999993682 0.000870789 0.003443153 1.291840672 -0.000871829 0.999999642 0.000300678 -2.873112917 -0.003442890 -0.000303677 0.999993980 195.125457764
0.999987721 0.000522923 0.004928282 1.286942244 -0.000517033 0.999999166 -0.001196370 -2.896138668 -0.004928904 0.001193808 0.999987125 196.371398926
0.999976695 0.000150694 0.006823997 1.287181973 -0.000139602 0.999998689 -0.001625801 -2.921956062 -0.006824233 0.001624811 0.999975383 197.587600708
0.999968708 0.000542775 0.007896472 1.288830161 -0.000533383 0.999999106 -0.001191545 -2.944406033 -0.007897113 0.001187295 0.999968112 198.819747925
0.999960363 0.000303619 0.008898820 1.301918268 -0.000312240 0.999999523 0.000967277 -2.971804380 -0.008898522 -0.000970018 0.999959946 200.039703369
0.999945223 0.001010059 0.010416581 1.298877120 -0.001023863 0.999998748 0.001319903 -2.999703407 -0.010415235 -0.001330495 0.999944866 201.267639160
0.999931335 0.001135948 0.011662412 1.304192543 -0.001149989 0.999998689 0.001197330 -3.016039848 -0.011661037 -0.001210659 0.999931216 202.479125977
0.999919653 0.001136867 0.012627419 1.315511584 -0.001154611 0.999998391 0.001397984 -3.043149233 -0.012625810 -0.001412451 0.999919295 203.683181763
0.999907136 0.000937772 0.013598456 1.329638839 -0.000959779 0.999998271 0.001611976 -3.064464808 -0.013596921 -0.001624878 0.999906242 204.877197266
0.999892890 0.001520157 0.014558930 1.335196018 -0.001546150 0.999997199 0.001774252 -3.090695143 -0.014556193 -0.001796572 0.999892473 206.078445435
0.999869585 0.000921221 0.016121920 1.324453473 -0.000947416 0.999998391 0.001617323 -3.111616135 -0.016120400 -0.001632386 0.999868751 207.237304688
0.999864578 -0.000078821 0.016457094 1.345156193 0.000060884 0.999999464 0.001090466 -3.129588842 -0.016457168 -0.001089317 0.999864042 208.412124634
0.999854743 -0.000046185 0.017050391 1.349592686 0.000003844 0.999996901 0.002483338 -3.155641079 -0.017050458 -0.002482911 0.999851465 209.547271729
0.999862194 -0.000816905 0.016579052 1.371461153 0.000757840 0.999993324 0.003568605 -3.176374435 -0.016581859 -0.003555549 0.999856174 210.689559937
0.999866366 -0.000714927 0.016334586 1.371208429 0.000657218 0.999993503 0.003538025 -3.199107170 -0.016337009 -0.003526817 0.999860346 211.797622681
0.999876022 -0.000161512 0.015747759 1.383621335 0.000122927 0.999997020 0.002451143 -3.218583822 -0.015748108 -0.002448904 0.999872983 212.898193359
0.999879062 0.000388686 0.015544014 1.389362812 -0.000414799 0.999998510 0.001676698 -3.239374876 -0.015543339 -0.001682943 0.999877691 213.986373901
0.999890149 0.000101965 0.014818701 1.403928399 -0.000124933 0.999998868 0.001549041 -3.259833574 -0.014818524 -0.001550723 0.999888957 215.053375244
0.999905407 -0.000106815 0.013752616 1.407630086 0.000086145 0.999998868 0.001503654 -3.281744719 -0.013752760 -0.001502327 0.999904275 216.122817993
0.999924541 -0.000496312 0.012269860 1.417969108 0.000465611 0.999996781 0.002504860 -3.302565813 -0.012271062 -0.002498958 0.999921620 217.181228638
0.999947906 -0.001570821 0.010087295 1.423056126 0.001530520 0.999990761 0.004001573 -3.318678856 -0.010093489 -0.003985927 0.999941170 218.218460083
0.999967158 -0.001442269 0.007981459 1.425796509 0.001395692 0.999981999 0.005838004 -3.337198734 -0.007989735 -0.005826673 0.999951184 219.246734619
0.999985695 -0.001047715 0.005253220 1.432353973 0.001017772 0.999983251 0.005699204 -3.354312181 -0.005259105 -0.005693776 0.999970019 220.252777100
0.999994397 -0.000541433 0.003306247 1.420055151 0.000524480 0.999986708 0.005126370 -3.369616747 -0.003308980 -0.005124608 0.999981403 221.253280640
0.999999762 -0.000494475 0.000488889 1.419418216 0.000491645 0.999983191 0.005770949 -3.389016867 -0.000491733 -0.005770707 0.999983251 222.223968506
0.999997556 -0.000248757 -0.002216044 1.405984163 0.000262843 0.999979794 0.006358119 -3.408561945 0.002214416 -0.006358686 0.999977291 223.164779663
0.999987304 0.000385659 -0.005011420 1.395029664 -0.000357416 0.999984086 0.005635337 -3.420487165 0.005013511 -0.005633475 0.999971569 224.096832275
0.999967575 0.000376862 -0.008047943 1.381970048 -0.000336899 0.999987602 0.004966422 -3.433459520 0.008049713 -0.004963549 0.999955237 224.998077393
0.999938369 -0.000118310 -0.011098280 1.364844203 0.000165164 0.999991119 0.004220912 -3.449770212 0.011097683 -0.004222486 0.999929488 225.879180908
0.999903023 0.000879542 -0.013894292 1.338045478 -0.000818680 0.999990106 0.004385443 -3.469844341 0.013898009 -0.004373642 0.999893844 226.734115601
0.999847531 0.001414603 -0.017402746 1.327799320 -0.001345525 0.999991119 0.003980459 -3.493869543 0.017408222 -0.003956435 0.999840558 227.567443848
0.999802768 0.003315459 -0.019587189 1.301738501 -0.003248068 0.999988675 0.003471394 -3.504358530 0.019598478 -0.003407088 0.999802053 228.382888794
0.999786675 0.003875375 -0.020283919 1.277509689 -0.003803482 0.999986291 0.003581753 -3.515457630 0.020297520 -0.003503840 0.999787807 229.185760498
0.999795914 0.003519067 -0.019894103 1.254516959 -0.003408467 0.999978602 0.005590581 -3.541030645 0.019913349 -0.005521631 0.999786437 229.964523315
0.999805629 0.004085781 -0.019286778 1.232111454 -0.003971815 0.999974370 0.005943615 -3.550101519 0.019310571 -0.005865857 0.999796331 230.716323853
0.999817312 0.003861513 -0.018714175 1.212674499 -0.003753351 0.999976039 0.005811353 -3.564918280 0.018736171 -0.005740052 0.999808013 231.464706421
0.999819815 0.004067676 -0.018544456 1.201413870 -0.003997163 0.999984682 0.003837816 -3.578149319 0.018559782 -0.003762999 0.999820650 232.193939209
0.999832571 0.004264228 -0.017791707 1.185467720 -0.004238075 0.999989867 0.001507377 -3.590497971 0.017797954 -0.001431723 0.999840558 232.923538208
0.999851465 0.004747178 -0.016564596 1.171487451 -0.004746540 0.999988735 0.000077818 -3.602783203 0.016564775 0.000000818 0.999862731 233.655807495
0.999869108 0.004654722 -0.015493510 1.161665440 -0.004661942 0.999989033 -0.000429944 -3.618348360 0.015491338 0.000502118 0.999879837 234.371597290
0.999891520 0.004251101 -0.014099324 1.153673053 -0.004255805 0.999990880 -0.000303713 -3.631824017 0.014097905 0.000363684 0.999900520 235.097045898
0.999919534 0.004088832 -0.012003724 1.144408941 -0.004094773 0.999991477 -0.000470440 -3.648390055 0.012001700 0.000519554 0.999927878 235.812622070
0.999936581 0.004547004 -0.010303945 1.138626218 -0.004552316 0.999989510 -0.000492068 -3.663783312 0.010301602 0.000538944 0.999946833 236.521896362
0.999956906 0.004174921 -0.008289743 1.131453037 -0.004181190 0.999991000 -0.000739133 -3.679348469 0.008286585 0.000773762 0.999965429 237.225006104
0.999978960 0.004003970 -0.005101560 1.121799588 -0.004005870 0.999991894 -0.000362214 -3.693496466 0.005100069 0.000382643 0.999986887 237.936584473
0.999992430 0.003078954 -0.002351962 1.125338674 -0.003077629 0.999995053 0.000566844 -3.710394621 0.002353695 -0.000559601 0.999997079 238.634963989
0.999996662 0.002306018 0.001160096 1.117630005 -0.002306551 0.999997139 0.000458227 -3.719053984 -0.001159038 -0.000460901 0.999999225 239.335479736
0.999989510 0.002215250 0.003991847 1.121235847 -0.002217687 0.999997377 0.000606210 -3.733659983 -0.003990495 -0.000615056 0.999991834 240.029159546
0.999976039 0.000959211 0.006859014 1.129253983 -0.000962146 0.999999464 0.000424690 -3.749531746 -0.006858601 -0.000431279 0.999976397 240.723709106
0.999949872 0.001157394 0.009955755 1.132630825 -0.001153178 0.999999285 -0.000429243 -3.757120371 -0.009956243 0.000417740 0.999950349 241.411300659
0.999919772 0.001846263 0.012530890 1.142701030 -0.001832398 0.999997735 -0.001117882 -3.770039082 -0.012532925 0.001094831 0.999920845 242.109207153
0.999874055 0.002113653 0.015729155 1.150108337 -0.002091128 0.999996781 -0.001448347 -3.785000086 -0.015732167 0.001415273 0.999875247 242.800903320
0.999831319 0.002318350 0.018218996 1.164639592 -0.002309196 0.999997199 -0.000523480 -3.797415733 -0.018220160 0.000481321 0.999833882 243.501113892
0.999770045 0.002249663 0.021327827 1.171085358 -0.002254075 0.999997437 0.000182818 -3.809940577 -0.021327363 -0.000230851 0.999772549 244.195480347
0.999725521 0.002199888 0.023324881 1.191694617 -0.002203001 0.999997556 0.000107734 -3.823753834 -0.023324585 -0.000159089 0.999727905 244.913269043
0.999669194 0.002206705 0.025624175 1.205220580 -0.002171687 0.999996781 -0.001394357 -3.835883141 -0.025627164 0.001338248 0.999670684 245.616241455
0.999615610 0.002504132 0.027609110 1.220481992 -0.002398172 0.999989629 -0.003870331 -3.847872972 -0.027618511 0.003802632 0.999611259 246.323837280
0.999598682 0.000902171 0.028313145 1.244757056 -0.000746326 0.999984443 -0.005514467 -3.862512589 -0.028317682 0.005491123 0.999583900 247.049758911
0.999588549 0.001133165 0.028660720 1.261370540 -0.000960527 0.999981284 -0.006036591 -3.875055790 -0.028667023 0.006006578 0.999571025 247.768722534
0.999592721 0.000300539 0.028536510 1.282844424 -0.000116195 0.999979258 -0.006461421 -3.892663479 -0.028537855 0.006455473 0.999571860 248.494323730
0.999587476 0.001613202 0.028675314 1.301710606 -0.001418218 0.999975741 -0.006818729 -3.906320810 -0.028685618 0.006775248 0.999565542 249.231857300
0.999577641 0.001990310 0.028992519 1.319523335 -0.001781331 0.999972224 -0.007232078 -3.920995951 -0.029006109 0.007177378 0.999553442 249.971191406
0.999570847 0.001032721 0.029274629 1.336951494 -0.000764056 0.999957502 -0.009187090 -3.938619614 -0.029282875 0.009160779 0.999529183 250.714828491
0.999553144 -0.002756473 0.029765591 1.358421803 0.003091152 0.999932408 -0.011203690 -3.957895279 -0.029732697 0.011290696 0.999494076 251.463317871
0.999525249 -0.005992851 0.030221207 1.385012984 0.006360159 0.999906898 -0.012072542 -3.973346949 -0.030146047 0.012259020 0.999470234 252.231231689
0.999517798 -0.003480016 0.030853150 1.405347109 0.003737866 0.999958515 -0.008303575 -3.986683369 -0.030822977 0.008414896 0.999489367 253.010955811
0.999501824 0.000148205 0.031560503 1.414262772 -0.000079071 0.999997616 -0.002191737 -3.999702692 -0.031560753 0.002188150 0.999499440 253.788604736
0.999477565 -0.000696348 0.032314215 1.438592792 0.000654118 0.999998987 0.001317440 -4.015949249 -0.032315101 -0.001295615 0.999476910 254.574234009
0.999396384 -0.001798344 0.034693964 1.467949510 0.001834431 0.999997795 -0.001008336 -4.027484894 -0.034692075 0.001071371 0.999397457 255.377975464
0.999249518 -0.000962449 0.038721815 1.493573189 0.001238012 0.999974191 -0.007093118 -4.040142059 -0.038713980 0.007135733 0.999224842 256.166809082
0.999085963 0.001429133 0.042720672 1.515392900 -0.000974032 0.999942601 -0.010671853 -4.051980019 -0.042733464 0.010620487 0.999030113 256.968231201
0.998955786 0.003193277 0.045574661 1.551984429 -0.002725138 0.999942958 -0.010330347 -4.070726395 -0.045605041 0.010195362 0.998907566 257.778564453
0.998806953 0.001705871 0.048803117 1.594938159 -0.001309012 0.999965847 -0.008162644 -4.085819244 -0.048815377 0.008089022 0.998775065 258.624664307
0.998660028 -0.001436973 0.051730894 1.641448259 0.001690746 0.999986768 -0.004862227 -4.103612423 -0.051723231 0.004943176 0.998649180 259.459655762
0.998484552 -0.004459099 0.054849964 1.684239149 0.004666055 0.999982476 -0.003645628 -4.118264675 -0.054832749 0.003896038 0.998487949 260.295623779
0.998315752 -0.003372507 0.057915468 1.730175018 0.003548626 0.999989510 -0.002938390 -4.136146545 -0.057904948 0.003138962 0.998317063 261.150665283
0.998186171 -0.001218630 0.060190435 1.779225230 0.001512888 0.999987185 -0.004843456 -4.152012348 -0.060183760 0.004925732 0.998175144 261.991912842
0.998025417 -0.000660430 0.062806778 1.822971940 0.001113679 0.999973655 -0.007181834 -4.171947956 -0.062800378 0.007237600 0.997999787 262.827423096
0.997859120 -0.000119768 0.065400213 1.872982979 0.000596526 0.999973357 -0.007270375 -4.188998699 -0.065397598 0.007293823 0.997832656 263.671813965
0.997669458 0.000816947 0.068227611 1.924098849 -0.000478144 0.999987423 -0.004981968 -4.210071564 -0.068230823 0.004937735 0.997657359 264.511901855
0.997434318 0.002327954 0.071549386 1.975664616 -0.002083236 0.999991655 -0.003494709 -4.225008488 -0.071556926 0.003336687 0.997430980 265.363952637
0.997236490 0.002586011 0.074247561 2.042325497 -0.002310365 0.999990165 -0.003798182 -4.242407322 -0.074256644 0.003616147 0.997232556 266.226196289
0.997061133 0.002858864 0.076557346 2.106774330 -0.002529979 0.999987185 -0.004392575 -4.258009911 -0.076568916 0.004185977 0.997055531 267.068450928
0.996860504 0.000864189 0.079173155 2.172811985 -0.000487197 0.999988556 -0.004780820 -4.272623062 -0.079176359 0.004727237 0.996849418 267.904357910
0.996708035 -0.002464513 0.081037007 2.246213675 0.002780209 0.999988973 -0.003783106 -4.295452118 -0.081026778 0.003995952 0.996703923 268.768615723
0.996647060 -0.002826451 0.081772178 2.318430424 0.003174658 0.999986410 -0.004128571 -4.308184624 -0.081759401 0.004374327 0.996642530 269.617218018
0.996605754 -0.003344354 0.082254559 2.383446932 0.003685459 0.999985158 -0.003995474 -4.328055382 -0.082239985 0.004285058 0.996603429 270.462768555
0.996582925 -0.003928078 0.082504936 2.457189798 0.004246799 0.999984205 -0.003687939 -4.348752499 -0.082489140 0.004025719 0.996583819 271.332977295
0.996576667 -0.003588631 0.082596630 2.518367052 0.003856093 0.999987900 -0.003078897 -4.364680290 -0.082584575 0.003386858 0.996578217 272.195098877
0.996648371 -0.003118928 0.081746712 2.588871241 0.003370611 0.999989986 -0.002940995 -4.378440857 -0.081736721 0.003206674 0.996648729 273.043579102
0.996746838 -0.003383792 0.080525637 2.659628868 0.003677787 0.999987066 -0.003502926 -4.400921822 -0.080512747 0.003787686 0.996746361 273.910797119
0.996862471 -0.003161825 0.079090536 2.720574617 0.003530772 0.999983549 -0.004525458 -4.417992115 -0.079074927 0.004790509 0.996857166 274.764587402
0.996999383 -0.002759984 0.077360637 2.789571285 0.003154213 0.999982595 -0.004974264 -4.440909863 -0.077345572 0.005203350 0.996990740 275.632232666
0.997121632 -0.001711850 0.075800210 2.849636078 0.002139769 0.999982178 -0.005564511 -4.456213474 -0.075789347 0.005710689 0.997107506 276.483673096
0.997250736 -0.000314036 0.074099965 2.905959845 0.000724662 0.999984503 -0.005514699 -4.479355335 -0.074097082 0.005553236 0.997235477 277.334350586
0.997412503 0.000178438 0.071890458 2.962257624 0.000180724 0.999987483 -0.004989428 -4.496073246 -0.071890451 0.004989510 0.997399986 278.178588867
0.997624755 0.000116391 0.068882197 3.017988682 0.000126796 0.999993742 -0.003526094 -4.514388561 -0.068882182 0.003526453 0.997618496 279.044036865
0.997904360 -0.001269362 0.064693406 3.067587376 0.001339920 0.999998510 -0.001047280 -4.532404900 -0.064691998 0.001131769 0.997904599 279.883972168
0.998223782 -0.002984415 0.059500325 3.118981838 0.002937910 0.999995291 0.000869055 -4.553026199 -0.059502643 -0.000692706 0.998227894 280.728881836
0.998472452 -0.003984363 0.055108346 3.158612967 0.003869993 0.999990165 0.002181935 -4.569813251 -0.055116493 -0.001965334 0.998477995 281.573150635
0.998717904 -0.003708496 0.050484952 3.189683676 0.003580549 0.999990225 0.002624562 -4.580916405 -0.050494187 -0.002440433 0.998721421 282.391479492
0.998946309 -0.004816437 0.045639824 3.231667042 0.004668742 0.999983549 0.003342143 -4.595939159 -0.045655165 -0.003125541 0.998952389 283.212310791
0.999140680 -0.005906270 0.041025024 3.258244514 0.005771569 0.999977589 0.003401036 -4.607981205 -0.041044187 -0.003161335 0.999152362 284.013397217
0.999299169 -0.005615671 0.037009098 3.281078815 0.005509581 0.999980450 0.002967939 -4.621029854 -0.037025038 -0.002761954 0.999310434 284.798461914
0.999437332 -0.005259405 0.033127274 3.303575277 0.005170308 0.999982774 0.002774626 -4.634130478 -0.033141293 -0.002601787 0.999447286 285.570678711
0.999555767 -0.005042579 0.029371547 3.318879366 0.004964012 0.999983907 0.002747274 -4.648108482 -0.029384926 -0.002600253 0.999564767 286.319274902
