1.000000000 0.000000000 0.000000000 0.000000000 0.000000000 1.000000000 -0.000000000 0.000000000 0.000000000 -0.000000000 1.000000000 0.000000000
0.999978960 0.000411033 -0.006474751 -0.008227189 -0.000408488 0.999999821 0.000394472 -0.001930735 0.006474912 -0.000391819 0.999978960 0.091791593
0.999907255 0.000969970 -0.013584713 -0.016387293 -0.000967630 0.999999523 0.000178805 -0.002083746 0.013584880 -0.000165643 0.999907732 0.188579008
0.999772549 0.001395574 -0.021282651 -0.026140340 -0.001407854 0.999998868 -0.000562043 -0.002145411 0.021281842 0.000591878 0.999773324 0.285393864
0.999541998 0.001715061 -0.030213790 -0.043015797 -0.001775246 0.999996483 -0.001965250 -0.002060228 0.030210314 0.002017987 0.999541521 0.390550643
0.999125600 0.001927130 -0.041765202 -0.059021980 -0.002072085 0.999991953 -0.003427698 -0.004891797 0.041758262 0.003511242 0.999121547 0.501236975
0.998479009 0.001729470 -0.055106509 -0.084213868 -0.001955034 0.999989927 -0.004039574 -0.008012879 0.055098969 0.004141165 0.998472333 0.626055121
0.997428298 0.001854542 -0.071647704 -0.108839937 -0.002177860 0.999987781 -0.004434761 -0.004094544 0.071638606 0.004579394 0.997420132 0.761261225
0.995905817 0.000189643 -0.090396896 -0.135036156 -0.000569086 0.999991119 -0.004171761 -0.009418764 0.090395309 0.004206124 0.995897055 0.916452467
0.993912876 -0.000766181 -0.110166043 -0.176103145 0.000286901 0.999990404 -0.004366310 -0.012751674 0.110168338 0.004308125 0.993903577 1.075460076
0.992024481 0.002766212 -0.126015052 -0.366696924 -0.003524606 0.999977112 -0.005795715 -0.003606023 0.125996158 0.006193646 0.992011428 1.307854652
0.988574505 0.006168325 -0.150607020 -0.410806566 -0.007276381 0.999950349 -0.006807296 -0.012572479 0.150557563 0.007825393 0.988570213 1.474329352
0.984317958 0.010557002 -0.176087335 -0.476226091 -0.012164968 0.999893546 -0.008054630 -0.019602172 0.175983563 0.010070413 0.984341562 1.649178147
0.979066491 0.013485306 -0.203093901 -0.547750711 -0.015656361 0.999836087 -0.009087036 -0.022458648 0.202938065 0.012076524 0.979117155 1.830744147
0.972540736 0.014209998 -0.232298613 -0.626319349 -0.016827488 0.999815166 -0.009289970 -0.023501027 0.232123688 0.012943875 0.972600222 2.017671585
0.964636445 0.015963828 -0.263099849 -0.713502228 -0.018891202 0.999784529 -0.008600369 -0.028136812 0.262905836 0.013266503 0.964730322 2.215016127
0.953201652 0.014651808 -0.301980048 -0.579918802 -0.017220113 0.999834657 -0.005844290 -0.063580580 0.301844448 0.010770920 0.953296304 2.211750746
0.941847563 0.016328882 -0.335643649 -0.676903963 -0.019006815 0.999808311 -0.004694765 -0.064491078 0.335502654 0.010801269 0.941977322 2.395837545
0.929254055 0.018508989 -0.368977576 -0.782768905 -0.021546798 0.999759376 -0.004113844 -0.068197317 0.368812591 0.011773091 0.929429233 2.579622746
0.915345967 0.021457512 -0.402096272 -0.907593012 -0.024991592 0.999681413 -0.003544620 -0.067790940 0.401892066 0.013293576 0.915590584 2.763466120
0.899209380 0.022234840 -0.436953247 -1.020827770 -0.026104007 0.999655128 -0.002851098 -0.069337837 0.436739147 0.013969964 0.899479747 2.933510542
0.880757630 0.018192729 -0.473217905 -1.144191265 -0.022389319 0.999744117 -0.003236332 -0.073004901 0.473037899 0.013445448 0.880939484 3.108156443
0.860405326 0.014075124 -0.509415805 -1.346004725 -0.018758919 0.999815822 -0.004059051 -0.064688236 0.509264886 0.013048519 0.860510945 3.347416639
0.835366547 0.015706996 -0.549468756 -1.508408666 -0.019380154 0.999811828 -0.000883571 -0.067272462 0.549351454 0.011386896 0.835513771 3.529798031
0.806190073 0.021286337 -0.591273487 -1.685412288 -0.023929408 0.999708116 0.003363026 -0.074880108 0.591172457 0.011437588 0.806464136 3.693558693
0.773594320 0.024435109 -0.633209705 -1.887341261 -0.027378520 0.999611974 0.005125880 -0.075832397 0.633089364 0.013370998 0.773963213 3.868636847
0.737983942 0.023491021 -0.674409211 -2.103794813 -0.026247859 0.999637008 0.006097167 -0.079243340 0.674307466 0.013202187 0.738332629 4.033305168
0.698049664 0.019209107 -0.715791583 -2.320841551 -0.020156337 0.999771118 0.007173293 -0.077420898 0.715765536 0.009420423 0.698277116 4.199750423
0.654923737 0.015438626 -0.755537212 -2.558144093 -0.014703006 0.999862373 0.007686117 -0.075566791 0.755551875 0.006074850 0.655060589 4.366496563
0.611076295 0.015074481 -0.791428268 -2.823377371 -0.012117855 0.999879777 0.009688476 -0.074576192 0.791478992 0.003670016 0.611185491 4.503290653
0.562543988 0.015456440 -0.826622903 -3.101028442 -0.009532608 0.999880075 0.012208803 -0.069816180 0.826712489 0.001011885 0.562623858 4.646071911
0.511682630 0.016270788 -0.859020472 -3.396960258 -0.007877962 0.999867499 0.014246014 -0.066389300 0.859138489 -0.000522106 0.511743009 4.767838478
0.459534913 0.017329499 -0.887990773 -3.700977325 -0.007216124 0.999849498 0.015778128 -0.056263857 0.888130426 -0.000842750 0.459590793 4.863984108
0.404978305 0.019510981 -0.914118111 -4.032148838 -0.005834187 0.999807060 0.018755231 -0.053463317 0.914307714 -0.002262327 0.405014008 4.958533287
0.349341840 0.021322662 -0.936752677 -4.386240959 -0.005445646 0.999770403 0.020726249 -0.045262877 0.936979473 -0.002139325 0.349377751 5.044027328
0.293920666 0.024483973 -0.955516160 -4.767162323 -0.002822078 0.999689758 0.024747781 -0.039992943 0.955825627 -0.004577345 0.293898553 5.122173786
0.240210116 0.026215417 -0.970366836 -5.117473125 0.002044188 0.999619305 0.027511731 -0.040143467 0.970718741 -0.008592209 0.240065113 5.179521561
0.189277649 0.026679859 -0.981561005 -5.504675388 0.004275849 0.999598861 0.027994672 -0.035325967 0.981914282 -0.009495773 0.189087674 5.214330673
0.141619429 0.027769726 -0.989531577 -5.920691013 0.001774567 0.999597728 0.028306188 -0.028295796 0.989919543 -0.005764694 0.141513154 5.236307144
0.099388465 0.028107233 -0.994651675 -6.347697735 -0.000212707 0.999601543 0.028225856 -0.018579872 0.995048642 -0.002593754 0.099354848 5.234844685
0.061556853 0.026655981 -0.997747540 -6.788921356 -0.001357976 0.999644637 0.026622886 -0.009189488 0.998102605 -0.000283903 0.061571196 5.223832607
0.027032001 0.023811588 -0.999350905 -7.259256363 0.000618496 0.999715686 0.023837008 -0.002132906 0.999634385 -0.001262457 0.027009591 5.222749233
-0.003969590 0.021103423 -0.999769390 -7.734810829 0.000980441 0.999776840 0.021099687 0.002798575 0.999991655 -0.000896458 -0.003989391 5.191231251
-0.030763309 0.019274563 -0.999340832 -8.226658821 0.000761559 0.999814272 0.019260246 0.009756026 0.999526381 -0.000168548 -0.030772272 5.155140877
-0.051274762 0.016881574 -0.998541892 -8.733589172 -0.000583642 0.999856412 0.016933765 0.019257803 0.998684466 0.001451066 -0.051257543 5.106121540
-0.068006188 0.015914096 -0.997557938 -9.252314568 0.000590464 0.999873221 0.015910776 0.032721695 0.997684717 0.000493009 -0.068006963 5.066580296
-0.080916807 0.016206538 -0.996589065 -9.789848328 0.000812589 0.999868512 0.016193891 0.041546829 0.996720493 0.000500540 -0.080919333 5.011327267
-0.090544537 0.017646950 -0.995736063 -10.343338966 0.001363304 0.999844253 0.017595787 0.045872875 0.995891452 0.000235712 -0.090554483 4.953345776
-0.097389251 0.018932577 -0.995066285 -10.922441483 -0.001062416 0.999816597 0.019126937 0.042085543 0.995245814 0.002919932 -0.097351246 4.885811806
-0.101815745 0.019935470 -0.994603574 -11.515545845 -0.000902226 0.999796867 0.020131923 0.049173996 0.994802892 0.002947104 -0.101777062 4.816696644
-0.103234142 0.020606074 -0.994443595 -12.121357918 0.001023203 0.999787092 0.020610576 0.060358420 0.994656563 0.001110197 -0.103233226 4.751310349
-0.102371804 0.022758791 -0.994485795 -12.738070488 0.002879029 0.999740779 0.022582689 0.067457087 0.994742036 -0.000551324 -0.102410801 4.693960190
-0.100692898 0.025255827 -0.994596899 -13.394872665 0.002088403 0.999680877 0.025173495 0.074489184 0.994915366 0.000457672 -0.100713521 4.621917725
-0.099015623 0.025289517 -0.994764447 -14.048056602 -0.000251898 0.999676347 0.025439458 0.080959156 0.995085895 0.002769483 -0.098977201 4.551817417
-0.097340681 0.022942623 -0.994986653 -14.711435318 -0.001415857 0.999729991 0.023190513 0.091558374 0.995250225 0.003666139 -0.097281918 4.484061718
-0.095951818 0.022697894 -0.995127141 -15.390106201 -0.002132938 0.999733031 0.023008607 0.102807082 0.995383680 0.004330262 -0.095877789 4.412804127
-0.094387837 0.025257489 -0.995215058 -16.093435287 -0.001851489 0.999671936 0.025546199 0.116437294 0.995533824 0.004253881 -0.094310112 4.345182896
-0.092596486 0.028875956 -0.995284915 -16.814504623 -0.002686751 0.999568582 0.029250199 0.127874225 0.995700181 0.005382549 -0.092478961 4.274774551
-0.091028266 0.030727159 -0.995374203 -17.542959213 -0.002574856 0.999513268 0.031090410 0.140899867 0.995845079 0.005393052 -0.090904839 4.207606316
-0.089161120 0.030081796 -0.995562911 -18.280944824 -0.005066876 0.999517143 0.030655062 0.153946638 0.996004462 0.007777634 -0.088965654 4.131828785
-0.087208398 0.027187947 -0.995819032 -19.035963058 -0.007198408 0.999584198 0.027921140 0.167484835 0.996164024 0.009603270 -0.086976416 4.057562828
-0.085589312 0.026549673 -0.995976746 -19.810523987 -0.008105565 0.999593258 0.027342634 0.184025764 0.996297479 0.010413190 -0.085339300 3.982859373
-0.084043622 0.028711032 -0.996048391 -20.592870712 -0.005633104 0.999555171 0.029287420 0.201516032 0.996446133 0.008072265 -0.083844498 3.914952755
-0.083034620 0.030932317 -0.996066570 -21.391866684 -0.003685965 0.999501765 0.031346273 0.213003874 0.996539891 0.006274293 -0.082879223 3.849692583
-0.081344284 0.032603551 -0.996152639 -22.176885605 -0.002708225 0.999453902 0.032932751 0.228811502 0.996682346 0.005376697 -0.081211545 3.770403385
-0.080907747 0.028098289 -0.996325433 -22.984701157 -0.003047682 0.999590933 0.028437877 0.236270100 0.996716917 0.005337328 -0.080789022 3.713169336
-0.080507942 0.021375475 -0.996524751 -23.792997360 -0.001627404 0.999765873 0.021576475 0.244070888 0.996752620 0.003358826 -0.080454320 3.644782305
-0.080791101 0.016762178 -0.996590078 -24.616281509 0.001758975 0.999859512 0.016674573 0.256015122 0.996729493 -0.000405820 -0.080809236 3.581159830
-0.081421927 0.017353162 -0.996528625 -25.446437836 0.002742899 0.999848604 0.017186867 0.268438309 0.996675968 -0.001333990 -0.081457205 3.512283325
-0.081365898 0.025015382 -0.996370316 -26.298192978 0.001834065 0.999687076 0.024948886 0.271289885 0.996682525 0.000202580 -0.081386320 3.433604717
-0.081685551 0.031893931 -0.996147692 -27.128932953 0.000342466 0.999488711 0.031972807 0.281677127 0.996658087 0.002270570 -0.081654705 3.365072727
-0.082178481 0.037554227 -0.995909810 -27.973760605 -0.001490889 0.999284029 0.037804481 0.292083889 0.996616542 0.004591506 -0.082063660 3.290786982
-0.082481273 0.038142495 -0.995862424 -28.816333771 -0.003271774 0.999251604 0.038543280 0.300527483 0.996587276 0.006437336 -0.082294740 3.211788416
-0.082765073 0.034236807 -0.995980799 -29.648347855 -0.003379569 0.999394357 0.034634985 0.319221139 0.996563256 0.006232554 -0.082599238 3.139481544
-0.082650468 0.031193092 -0.996090233 -30.488826752 -0.003337294 0.999495745 0.031576645 0.340872765 0.996572971 0.005934071 -0.082504690 3.054549932
-0.082934201 0.032732863 -0.996017277 -31.325660706 -0.004867186 0.999435186 0.033250466 0.353930473 0.996543109 0.007605403 -0.082728043 2.980428219
-0.083193742 0.035198919 -0.995911539 -32.167861938 -0.005782954 0.999342144 0.035803247 0.364060730 0.996516585 0.008737918 -0.082935460 2.910984755
-0.082772598 0.033733904 -0.995997310 -32.993228912 -0.007140444 0.999381185 0.034441929 0.370743126 0.996542871 0.009962712 -0.082480513 2.831002474
-0.082592495 0.028488034 -0.996176124 -33.815494537 -0.007704597 0.999543130 0.029223112 0.383842617 0.996553600 0.010088747 -0.082335271 2.763174534
-0.082173176 0.024254469 -0.996322870 -34.652084351 -0.009167192 0.999643028 0.025091380 0.398000479 0.996575952 0.011195322 -0.081921503 2.681314230
-0.081569947 0.025147153 -0.996350288 -35.475238800 -0.009245407 0.999619544 0.025986576 0.400010169 0.996624649 0.011331387 -0.081306413 2.610642910
-0.081210189 0.027806617 -0.996309042 -36.304107666 -0.007928993 0.999561071 0.028543683 0.407106400 0.996665418 0.010217763 -0.080954075 2.544890165
-0.080719471 0.032624405 -0.996202826 -37.156414032 -0.007312578 0.999417841 0.033322215 0.422179610 0.996710002 0.009974563 -0.080433913 2.465078592
-0.080079384 0.038047627 -0.996062040 -37.980537415 -0.006862060 0.999226451 0.038720191 0.440984935 0.996764839 0.009935726 -0.079756357 2.403691292
-0.079934530 0.041234650 -0.995946884 -38.824451447 -0.007735884 0.999088287 0.041985586 0.452247590 0.996770084 0.011060629 -0.079542682 2.321001053
-0.079625741 0.041319158 -0.995968163 -39.654598236 -0.007026624 0.999092460 0.042010538 0.471618056 0.996800125 0.010343415 -0.079263151 2.251764536
-0.079506606 0.036910180 -0.996150792 -40.478572845 -0.007159549 0.999267340 0.037597090 0.492116809 0.996808648 0.010121208 -0.079184100 2.182368517
-0.079246119 0.032724865 -0.996317804 -41.304546356 -0.008173136 0.999406040 0.033476386 0.505164504 0.996821523 0.010795914 -0.078931585 2.109341860
-0.079023235 0.030200409 -0.996415317 -42.128978729 -0.012340666 0.999434769 0.031270646 0.515025139 0.996796370 0.014767534 -0.078605868 2.031199455
-0.079339191 0.028063519 -0.996452570 -42.958202362 -0.016050171 0.999438107 0.029425548 0.528674781 0.996718466 0.018327832 -0.078844205 1.954204559
-0.079995036 0.026200058 -0.996450901 -43.774784088 -0.013934921 0.999527514 0.027399652 0.536538959 0.996697843 0.016077297 -0.079592139 1.885443330
-0.081407070 0.022770835 -0.996420860 -44.604099274 -0.010834558 0.999659777 0.023730036 0.538960576 0.996622026 0.012727572 -0.081132665 1.821890473
-0.081944130 0.021388285 -0.996407390 -45.421127319 -0.006122646 0.999740064 0.021963349 0.548589706 0.996618152 0.007900416 -0.081791885 1.753498435
-0.083544180 0.024428345 -0.996204615 -46.234710693 -0.006014467 0.999668956 0.025017684 0.560506761 0.996485949 0.008081720 -0.083369598 1.671637654
-0.085314400 0.030883249 -0.995875359 -47.069561005 -0.004248754 0.999499142 0.031359613 0.561604857 0.996345043 0.006906654 -0.085140467 1.596318364
-0.087147102 0.034552954 -0.995596051 -47.886371613 -0.002087511 0.999389708 0.034867346 0.571777165 0.996193290 0.005116906 -0.087021776 1.533707261
-0.088571846 0.033769071 -0.995497227 -48.695732117 -0.002056481 0.999416769 0.034085002 0.581423700 0.996067703 0.005066192 -0.088450737 1.456824303
-0.089652173 0.029761361 -0.995528400 -49.488685608 -0.005446645 0.999523759 0.030371308 0.591786087 0.995958269 0.008145143 -0.089447372 1.375151396
-0.090711221 0.026179861 -0.995533049 -50.273193359 -0.010558477 0.999572992 0.027248165 0.598130703 0.995821238 0.012983027 -0.090396062 1.284876227
-0.092336237 0.024801215 -0.995418966 -51.070697784 -0.014757881 0.999545872 0.026272994 0.606925189 0.995618522 0.017116226 -0.091928281 1.203440905
-0.092985243 0.025727496 -0.995335042 -51.862468719 -0.016503043 0.999488950 0.027376594 0.611934066 0.995530725 0.018971676 -0.092513129 1.119655728
-0.094092190 0.027327495 -0.995188355 -52.649860382 -0.016502814 0.999442995 0.029004617 0.619051695 0.995426714 0.019152515 -0.093588807 1.041674614
-0.094941601 0.026815694 -0.995121717 -53.433372498 -0.018220065 0.999422789 0.028669925 0.626145840 0.995316088 0.020853151 -0.094398238 0.958803952
-0.095370725 0.026590785 -0.995086610 -54.211242676 -0.018891310 0.999414682 0.028517019 0.634367108 0.995262563 0.021518178 -0.094812594 0.875909090
-0.096096866 0.028571576 -0.994961858 -54.985855103 -0.017288232 0.999389172 0.030368475 0.641328096 0.995221853 0.020119445 -0.095544219 0.801202953
-0.096276149 0.031196887 -0.994865656 -55.755756378 -0.016859245 0.999314129 0.032967910 0.654085219 0.995211899 0.019946707 -0.095684163 0.726793468
-0.096644066 0.035622358 -0.994681358 -56.535980225 -0.016448833 0.999165654 0.037381142 0.663068175 0.995183051 0.019974016 -0.095977493 0.646378636
-0.097273402 0.037651658 -0.994545221 -57.299156189 -0.016924547 0.999077082 0.039478563 0.676966429 0.995113730 0.020672444 -0.096546397 0.570935547
-0.097918101 0.037651252 -0.994481981 -58.051643372 -0.016069876 0.999094069 0.039408118 0.689557672 0.995064735 0.019839974 -0.097224317 0.493234932
-0.098250560 0.035914540 -0.994513452 -58.792209625 -0.015601258 0.999170125 0.037623998 0.696796119 0.995039463 0.019212244 -0.097608723 0.419918180
-0.098259337 0.032048848 -0.994644642 -59.526832581 -0.015101690 0.999318063 0.033691302 0.715053201 0.995046318 0.018331302 -0.097708344 0.339585990
-0.097888432 0.029122470 -0.994771183 -60.259910583 -0.015624277 0.999403536 0.030795563 0.724449158 0.995074749 0.018557113 -0.097375028 0.256429851
-0.096955016 0.026771443 -0.994928598 -60.963703156 -0.016110860 0.999464929 0.028463500 0.733146369 0.995158434 0.018788835 -0.096471824 0.189512566
-0.094554618 0.026018023 -0.995179594 -61.656280518 -0.019038886 0.999428272 0.027938038 0.737414360 0.995337605 0.021588784 -0.094005205 0.114635669
-0.090014897 0.026936518 -0.995576143 -62.350250244 -0.018637143 0.999413550 0.028725423 0.743673861 0.995766044 0.021140411 -0.089460090 0.045032013
-0.084281631 0.028889513 -0.996023118 -63.008747101 -0.018552497 0.999360859 0.030556202 0.743709624 0.996269286 0.021054048 -0.083691783 -0.011307690
-0.077140220 0.030179393 -0.996563435 -63.660068512 -0.017381186 0.999349117 0.031609170 0.754526138 0.996868730 0.019759791 -0.076565474 -0.058383901
-0.068189628 0.031326439 -0.997180402 -64.297592163 -0.018595969 0.999293387 0.032664459 0.760768414 0.997499049 0.020770915 -0.067558892 -0.103770688
-0.056341927 0.033140011 -0.997861385 -64.921882629 -0.020611634 0.999197304 0.034348167 0.767707348 0.998198807 0.022502793 -0.055613637 -0.143070832
-0.041680422 0.034616079 -0.998531163 -65.523544312 -0.023566805 0.999087512 0.035619088 0.775634766 0.998853087 0.025016807 -0.040826607 -0.167034686
-0.023218844 0.035931595 -0.999084592 -66.118591309 -0.024757296 0.999026716 0.036504887 0.783973932 0.999423742 0.025582232 -0.022306681 -0.175877407
-0.001079943 0.036931735 -0.999317229 -66.667518616 -0.026104784 0.998976111 0.036947347 0.789232016 0.999658644 0.026126858 -0.000114742 -0.167227626
0.024700362 0.037319653 -0.998998106 -67.212509155 -0.025466440 0.999002159 0.036690142 0.795427859 0.999370456 0.024534669 0.025626116 -0.141495198
0.053947266 0.036710255 -0.997868836 -67.734260559 -0.024290083 0.999076486 0.035441507 0.805622399 0.998248339 0.022326343 0.054789145 -0.093077607
0.088033549 0.036284406 -0.995456398 -68.242088318 -0.022712365 0.999149621 0.034410447 0.816332638 0.995858550 0.019579895 0.088782795 -0.025106817
0.125248745 0.036426585 -0.991456509 -68.717201233 -0.022515582 0.999172747 0.033865735 0.822975636 0.991869807 0.018081576 0.125965297 0.067418329
0.166398495 0.036404878 -0.985386372 -69.169754028 -0.022725007 0.999194324 0.033077531 0.827395439 0.985796690 0.016888857 0.167091772 0.160113320
0.212206453 0.037965581 -0.976487041 -69.561103821 -0.021755282 0.999181032 0.034120131 0.819868863 0.976982713 0.014003241 0.212858602 0.252986491
0.261109620 0.036637433 -0.964613616 -70.002799988 -0.018434998 0.999286532 0.032964218 0.822036326 0.965133190 0.009175373 0.261598796 0.398763686
0.310862809 0.031681146 -0.949926615 -70.403068542 -0.010836505 0.999497533 0.029788153 0.820158124 0.950393081 0.001033853 0.311049968 0.576717436
0.361786902 0.026113294 -0.931894958 -70.802246094 -0.005560978 0.999650359 0.025852989 0.825937092 0.932244301 -0.004171026 0.361805618 0.779124200
0.413802922 0.021829076 -0.910104692 -71.187171936 -0.000360786 0.999716341 0.023814395 0.824620664 0.910366476 -0.009526114 0.413693458 1.000884295
0.464709014 0.021248681 -0.885208428 -71.569152832 -0.000621174 0.999719560 0.023671327 0.832050562 0.885463238 -0.010450410 0.464591891 1.240133166
0.513395607 0.019997871 -0.857918918 -71.915534973 0.000190684 0.999725699 0.023417462 0.842242479 0.858152032 -0.012186013 0.513251007 1.477590442
0.558841825 0.015423730 -0.829130769 -72.267646790 0.008018269 0.999679744 0.024000721 0.850446761 0.829235554 -0.020060806 0.558539212 1.760005713
0.602604449 0.008593696 -0.797993660 -72.585151672 0.018567551 0.999520361 0.024785237 0.854239166 0.797824025 -0.029752485 0.602155864 2.064716101
0.644813657 0.003170918 -0.764333189 -72.896812439 0.020429187 0.999562681 0.021381451 0.859623849 0.764066696 -0.029401759 0.644466937 2.381370068
0.685624123 -0.001542611 -0.727954030 -73.187957764 0.018091487 0.999724925 0.014920961 0.857754827 0.727730870 -0.023399945 0.685463548 2.705192804
0.726731181 -0.006725402 -0.686889052 -73.458984375 0.012985976 0.999907911 0.003949009 0.852280855 0.686799228 -0.011789794 0.726751566 3.021109104
0.765952170 -0.009340650 -0.642829776 -73.731048584 0.008296949 0.999954820 -0.004643784 0.856386781 0.642844081 -0.001776610 0.765995026 3.388967991
0.802873015 -0.010201803 -0.596062779 -73.986488342 0.006815453 0.999945283 -0.007934236 0.857399642 0.596111119 0.002307745 0.802898645 3.781602144
0.836808443 -0.011875511 -0.547366977 -74.238456726 0.007849270 0.999922276 -0.009694141 0.853294313 0.547439516 0.003815706 0.836836576 4.217925549
0.867487609 -0.009753082 -0.497363240 -74.481010437 0.004538545 0.999921322 -0.011692025 0.841020882 0.497438103 0.007885382 0.867463648 4.670406342
0.893302739 -0.008305814 -0.449378788 -74.688995361 0.004000490 0.999936521 -0.010529289 0.830193102 0.449437708 0.007608109 0.893279314 5.147925377
0.914186954 -0.002398535 -0.405285656 -74.878486633 -0.001555207 0.999954343 -0.009425881 0.817294180 0.405289799 0.009247322 0.914141536 5.645187855
0.931605935 0.002198728 -0.363463253 -75.064201355 -0.006613071 0.999918699 -0.010901312 0.807963312 0.363409758 0.012559338 0.931544781 6.160335064
0.945064366 0.007415748 -0.326800197 -75.249122620 -0.011219339 0.999889433 -0.009755406 0.801735520 0.326691806 0.012885968 0.945043027 6.692325115
0.954942346 0.008014928 -0.296683162 -75.404945374 -0.010953113 0.999906063 -0.008242520 0.792078257 0.296589226 0.011120736 0.954940379 7.256082058
0.962173700 0.007172537 -0.272342533 -75.555976868 -0.009318672 0.999934852 -0.006587700 0.780185521 0.272277594 0.008876382 0.962177813 7.841689110
0.967951596 0.007664339 -0.251019746 -75.709068298 -0.009053670 0.999949455 -0.004380390 0.766550481 0.250973493 0.006512656 0.967972040 8.455282211
0.972499311 0.010051073 -0.232688725 -75.857025146 -0.010805397 0.999939799 -0.001967328 0.762571752 0.232654914 0.004427520 0.972549260 9.074613571
0.976023614 0.014826226 -0.217159212 -76.001876831 -0.015329744 0.999882281 -0.000634144 0.758348942 0.217124239 0.003947934 0.976135969 9.709588051
0.978756309 0.018567391 -0.204184458 -76.131584167 -0.018716022 0.999824166 0.001203323 0.745745718 0.204170853 0.002643761 0.978931665 10.354740143
0.981462359 0.017232118 -0.190878615 -76.259956360 -0.017367108 0.999848723 0.000965802 0.736161590 0.190866381 0.002367111 0.981613100 11.019661903
0.984013617 0.017418481 -0.177239090 -76.374145508 -0.017650815 0.999844253 0.000265888 0.730235755 0.177216098 0.002866777 0.984167755 11.696390152
0.986534953 0.018032454 -0.162553385 -76.495254517 -0.018184669 0.999834478 0.000551578 0.729004502 0.162536427 0.002411829 0.986699581 12.410192490
0.988731921 0.019382903 -0.148437083 -76.600433350 -0.019526059 0.999809206 0.000492933 0.729228258 0.148418352 0.002411013 0.988921702 13.121605873
0.990543604 0.019544771 -0.135799214 -76.694961548 -0.019985359 0.999798477 -0.001881739 0.712986112 0.135735065 0.004577940 0.990734577 13.836665154
0.991991937 0.019752381 -0.124746688 -76.790733337 -0.020760171 0.999761403 -0.006783771 0.697352350 0.124582916 0.009319209 0.992165446 14.578297615
0.993197381 0.019815983 -0.114744626 -76.880264282 -0.021468842 0.999682486 -0.013186724 0.679247081 0.114446893 0.015560454 0.993307412 15.313824654
0.994097233 0.018561587 -0.106893063 -76.977058411 -0.020105302 0.999708295 -0.013382137 0.668359578 0.106613472 0.015452263 0.994180441 16.111030579
0.994818985 0.020340521 -0.099606477 -77.063400269 -0.021160584 0.999750316 -0.007183352 0.653104186 0.099435478 0.009253866 0.995000958 16.877098083
0.995192647 0.024840949 -0.094733760 -77.142570496 -0.024859183 0.999690473 0.000987862 0.635445237 0.094728984 0.001371890 0.995502114 17.645059586
0.995536923 0.025382023 -0.090894163 -77.205772400 -0.025062108 0.999674976 0.004659434 0.621901751 0.090982877 -0.002360643 0.995849609 18.405607224
0.995909691 0.024529051 -0.086960189 -77.288116455 -0.024294477 0.999697685 0.003754936 0.609161913 0.087026015 -0.001626927 0.996204674 19.174882889
0.996182501 0.024016486 -0.083926693 -77.353515625 -0.023914453 0.999711514 0.002220971 0.604363680 0.083955817 -0.000205432 0.996469438 19.941640854
0.996459246 0.023664428 -0.080678426 -77.445648193 -0.023333101 0.999714911 0.005047317 0.584218740 0.080774896 -0.003146968 0.996727407 20.766771317
0.996725202 0.021511402 -0.077950045 -77.506469727 -0.020984875 0.999751091 0.007567680 0.574572742 0.078093447 -0.005907125 0.996928573 21.538202286
0.996996343 0.019341066 -0.074994780 -77.562019348 -0.018686347 0.999781013 0.009422134 0.562813342 0.075160608 -0.007992452 0.997139394 22.300971985
0.997212529 0.018386181 -0.072312966 -77.616371155 -0.018013651 0.999820948 0.005800527 0.554439783 0.072406687 -0.004481738 0.997365117 23.060977936
0.997257352 0.021201566 -0.070909478 -77.678070068 -0.021359194 0.999770820 -0.001465313 0.540414035 0.070862167 0.002975862 0.997481644 23.818302155
0.997342646 0.021823170 -0.069508240 -77.730010986 -0.022508180 0.999705374 -0.009087038 0.528965890 0.069289438 0.010627394 0.997539997 24.562471390
0.997409046 0.022771303 -0.068239592 -77.788093567 -0.023742890 0.999627531 -0.013460680 0.515563369 0.067907639 0.015046010 0.997578144 25.323591232
0.997516692 0.024627483 -0.065984450 -77.845291138 -0.025471605 0.999603629 -0.011981968 0.496389925 0.065663226 0.013632943 0.997748733 26.087005615
0.997602046 0.027940119 -0.063320398 -77.905097961 -0.028484326 0.999564588 -0.007707981 0.472829729 0.063077465 0.009493139 0.997963548 26.835153580
0.997658670 0.031098844 -0.060912121 -77.965965271 -0.031302817 0.999507010 -0.002396978 0.455160141 0.060807560 0.004298086 0.998140275 27.605815887
0.997900367 0.028907144 -0.057959579 -78.017509460 -0.029012311 0.999578595 -0.000973628 0.443870097 0.057906996 0.002653125 0.998318493 28.366641998
0.998041034 0.026398785 -0.056720335 -78.064590454 -0.026480775 0.999648988 -0.000694269 0.425434023 0.056682091 0.002194907 0.998389959 29.131551743
0.998169720 0.024118086 -0.055458497 -78.108734131 -0.024184547 0.999707341 -0.000527535 0.408127815 0.055429544 0.001867808 0.998460889 29.881973267
0.998211741 0.023673316 -0.054890491 -78.147300720 -0.023851687 0.999712229 -0.002596805 0.397931755 0.054813217 0.003901392 0.998489022 30.623943329
0.998294115 0.021554464 -0.054261867 -78.187759399 -0.021795409 0.999755025 -0.003852501 0.385069340 0.054165546 0.005028588 0.998519361 31.381258011
0.998354256 0.020032676 -0.053735897 -78.228416443 -0.020273820 0.999786675 -0.003946193 0.372690350 0.053645384 0.005029130 0.998547435 32.139549255
0.998330772 0.024328128 -0.052382641 -78.285690308 -0.024517979 0.999694824 -0.002984686 0.358728498 0.052294053 0.004264020 0.998622596 32.918087006
0.998327136 0.024112053 -0.052550465 -78.326698303 -0.024332678 0.999697566 -0.003562445 0.344061524 0.052448686 0.004835179 0.998611927 33.688301086
0.998235524 0.023600884 -0.054488171 -78.367752075 -0.023830075 0.999709666 -0.003560277 0.328566402 0.054388333 0.004852452 0.998508036 34.463298798
0.998196781 0.021048006 -0.056215174 -78.417152405 -0.021244930 0.999770105 -0.002907714 0.314355940 0.056141052 0.004096758 0.998414516 35.247264862
0.997994423 0.022676326 -0.059100077 -78.476539612 -0.022900520 0.999732852 -0.003118837 0.301817030 0.059013572 0.004466004 0.998247206 36.048439026
0.997699261 0.027427606 -0.061999347 -78.534507751 -0.027676994 0.999611855 -0.003167044 0.283025920 0.061888419 0.004875713 0.998071134 36.835655212
0.997527778 0.027805418 -0.064538643 -78.597908020 -0.028383784 0.999564588 -0.008061826 0.268150955 0.064286381 0.009873746 0.997882605 37.633197784
0.997359931 0.028298916 -0.066876113 -78.663108826 -0.029130960 0.999509513 -0.011499096 0.255248964 0.066517897 0.013416902 0.997695029 38.414928436
0.997253895 0.028283367 -0.068445057 -78.733787537 -0.029231608 0.999489486 -0.012892205 0.237573817 0.068045482 0.014857562 0.997571588 39.215301514
0.997084796 0.028422384 -0.070810288 -78.799819946 -0.029302290 0.999505341 -0.011418403 0.219204858 0.070450716 0.013460020 0.997424543 40.035934448
0.996976852 0.026850522 -0.072912216 -78.862472534 -0.027723312 0.999555230 -0.010984655 0.196146280 0.072584845 0.012972815 0.997277856 40.872299194
0.996859193 0.026322097 -0.074692503 -78.927581787 -0.027088666 0.999590039 -0.009268398 0.180330992 0.074417926 0.011262608 0.997163475 41.709808350
0.996814609 0.025602987 -0.075531393 -78.996498108 -0.026096048 0.999644041 -0.005548068 0.163059726 0.075362459 0.007501468 0.997127950 42.544525146
0.996771395 0.025446359 -0.076152146 -79.070632935 -0.025574541 0.999672651 -0.000708370 0.149006486 0.076109193 0.002653639 0.997095942 43.383934021
0.996781170 0.024962524 -0.076183714 -79.132888794 -0.024920188 0.999688327 0.001506409 0.132896781 0.076197572 0.000396952 0.997092605 44.246170044
0.996860921 0.028108383 -0.074014746 -79.204956055 -0.028058523 0.999604821 0.001713550 0.120584957 0.074033663 0.000368573 0.997255623 45.106338501
0.997006357 0.027915930 -0.072104394 -79.273109436 -0.027968958 0.999608755 0.000274256 0.111225896 0.072083838 0.001743250 0.997397065 45.958484650
0.997166574 0.025703784 -0.070698768 -79.331672668 -0.025919566 0.999661803 -0.002136317 0.097822420 0.070619948 0.003962745 0.997495472 46.819656372
0.997367799 0.021803601 -0.069151990 -79.386764526 -0.022122614 0.999747872 -0.003850663 0.083215252 0.069050603 0.005370351 0.997598648 47.686508179
0.997543275 0.020196036 -0.067080006 -79.452827454 -0.020508032 0.999781966 -0.003965687 0.069807813 0.066985287 0.005331622 0.997739613 48.572666168
0.997648299 0.017847991 -0.066177398 -79.511398315 -0.017960867 0.999838054 -0.001111015 0.050590370 0.066146858 0.002297006 0.997807145 49.449218750
0.997759342 0.015275828 -0.065137908 -79.573020935 -0.015246929 0.999883294 0.000940793 0.041455273 0.065144680 0.000054468 0.997875750 50.325229645
0.997819006 0.014684449 -0.064355671 -79.629249573 -0.014626166 0.999892056 0.001376696 0.020136641 0.064368941 -0.000432417 0.997926056 51.205318451
0.997872531 0.016486827 -0.063077636 -79.689765930 -0.016640669 0.999859691 -0.001914295 0.002277711 0.063037224 0.002959876 0.998006821 52.072906494
0.997894883 0.018986108 -0.062009998 -79.765541077 -0.019520350 0.999777198 -0.008020965 -0.009564403 0.061843898 0.009214537 0.998043299 52.935756683
0.997881949 0.020342082 -0.061790258 -79.809959412 -0.021217924 0.999682963 -0.013551474 -0.031346783 0.061495002 0.014833831 0.997997105 53.807407379
0.997837543 0.025079528 -0.060756434 -79.880744934 -0.026264474 0.999478519 -0.018783690 -0.064791344 0.060253661 0.020338809 0.997975886 54.659679413
0.997898698 0.024900448 -0.059816834 -79.935272217 -0.026110614 0.999468148 -0.019535400 -0.092307411 0.059298582 0.021056203 0.998018146 55.497295380
0.997995555 0.021726154 -0.059437148 -79.989173889 -0.022570413 0.999653220 -0.013569910 -0.115335830 0.059121709 0.014884233 0.998139739 56.348365784
0.997955382 0.021234538 -0.060283415 -80.040214539 -0.021542232 0.999757946 -0.004458702 -0.140437707 0.060174149 0.005748227 0.998171270 57.196716309
0.997904122 0.020185191 -0.061481524 -80.101112366 -0.020017190 0.999794006 0.003347296 -0.165718824 0.061536420 -0.002109592 0.998102605 58.048458099
0.997819424 0.018195977 -0.063445255 -80.161300659 -0.018191146 0.999834239 0.000653897 -0.174602807 0.063446641 0.000501670 0.997985125 58.890792847
0.997757077 0.013047505 -0.065654725 -80.208885193 -0.013257265 0.999908328 -0.002760192 -0.190113157 0.065612696 0.003624403 0.997838616 59.730216980
0.997636259 0.012139114 -0.067636639 -80.279983521 -0.012454390 0.999913335 -0.004241586 -0.210482776 0.067579284 0.005073932 0.997701049 60.571380615
0.997382939 0.014176995 -0.070896253 -80.337348938 -0.014651111 0.999873638 -0.006171857 -0.232862636 0.070799798 0.007194413 0.997464657 61.396366119
0.997118056 0.015528332 -0.074259549 -80.413406372 -0.016321341 0.999815941 -0.010083949 -0.249556974 0.074089304 0.011266903 0.997188032 62.228302002
0.996812403 0.016814722 -0.077988692 -80.485054016 -0.017882342 0.999755442 -0.013011284 -0.275082529 0.077750839 0.014364432 0.996869326 63.030193329
0.996539831 0.018827932 -0.080956019 -80.560173035 -0.020235563 0.999657393 -0.016602406 -0.303151429 0.080615692 0.018183151 0.996579409 63.837566376
0.996198177 0.023750672 -0.083815433 -80.645744324 -0.025225136 0.999544382 -0.016576732 -0.331573606 0.083383538 0.018627968 0.996343374 64.633193970
0.995785117 0.027000489 -0.087653220 -80.726470947 -0.028416645 0.999484420 -0.014948703 -0.351840556 0.087204382 0.017376507 0.996038854 65.443954468
0.995355368 0.030357206 -0.091356806 -80.811630249 -0.031319723 0.999467790 -0.009120338 -0.374014497 0.091031320 0.011939250 0.995776415 66.234008789
0.994938314 0.030712511 -0.095679082 -80.894462585 -0.031195708 0.999506950 -0.003558124 -0.394423366 0.095522635 0.006524892 0.995405853 67.034378052
0.994501114 0.030287918 -0.100251086 -80.983360291 -0.030433822 0.999536693 0.000074067 -0.413114101 0.100206897 0.002977364 0.994962156 67.824310303
0.993845701 0.029808821 -0.106686212 -81.072372437 -0.029857438 0.999553502 0.001141856 -0.423312068 0.106672615 0.002050549 0.994292080 68.618759155
0.993267179 0.027495775 -0.112535208 -81.164199829 -0.027102353 0.999620020 0.005024643 -0.435988635 0.112630613 -0.001940844 0.993635058 69.405990601
0.992496431 0.028598420 -0.118881315 -81.266746521 -0.028243076 0.999590158 0.004673064 -0.450086594 0.118966237 -0.001280425 0.992897511 70.190086365
0.991638422 0.032818217 -0.124804705 -81.382095337 -0.032592777 0.999461293 0.003848358 -0.460524678 0.124863788 0.000251553 0.992173851 70.951988220
0.990809381 0.035066411 -0.130641177 -81.492858887 -0.035318688 0.999375939 0.000386145 -0.475327551 0.130573153 0.004231478 0.991429627 71.704666138
0.990045428 0.033818692 -0.136624500 -81.604766846 -0.034476183 0.999402463 -0.002448273 -0.485895246 0.136460066 0.007134192 0.990619898 72.472724915
0.989214242 0.035339303 -0.142148286 -81.721343994 -0.036232766 0.999336541 -0.003701127 -0.499576569 0.141923159 0.008811633 0.989838362 73.242012024
0.988515675 0.037286472 -0.146446079 -81.842102051 -0.037489254 0.999296069 0.001375989 -0.510919631 0.146394297 0.004129968 0.989217699 73.995414734
0.987560391 0.038286656 -0.152507871 -81.970283508 -0.037922200 0.999266684 0.005298823 -0.520558894 0.152598903 0.000550528 0.988288105 74.758041382
0.986610591 0.037111957 -0.158814937 -82.096969604 -0.036295295 0.999308825 0.008040643 -0.540527403 0.159003556 -0.002168749 0.987275660 75.511161804
0.985514939 0.034667388 -0.166007608 -82.227622986 -0.034491960 0.999397218 0.003940457 -0.544492185 0.166044146 0.001842550 0.986116648 76.257621765
0.984160244 0.032530192 -0.174271092 -82.363067627 -0.033509061 0.999434948 -0.002676750 -0.559339166 0.174085528 0.008474013 0.984694004 76.991645813
0.982558131 0.029938435 -0.183529764 -82.508201599 -0.031227196 0.999503732 -0.004135301 -0.573030770 0.183314905 0.009794294 0.983005464 77.737068176
0.980541825 0.029693196 -0.194051519 -82.659790039 -0.030543258 0.999532402 -0.001389439 -0.586532891 0.193919539 0.007289370 0.980990291 78.473876953
0.978303194 0.029702215 -0.205038086 -82.827186584 -0.029356139 0.999557793 0.004730251 -0.594608009 0.205087945 0.001391506 0.978742540 79.213455200
0.975752175 0.030728657 -0.216710255 -82.992912292 -0.028647240 0.999508500 0.012740227 -0.602991819 0.216995195 -0.006223156 0.976152837 79.928131104
0.973160207 0.031317540 -0.227987885 -83.173530579 -0.028405387 0.999467731 0.016044175 -0.609960794 0.228368998 -0.009137468 0.973531783 80.653259277
0.970348656 0.034735672 -0.239200711 -83.370826721 -0.032780025 0.999388754 0.012150417 -0.622908890 0.239476547 -0.003949135 0.970894098 81.369628906
0.967337608 0.034647681 -0.251112282 -83.569358826 -0.034952462 0.999383748 0.003247518 -0.631276488 0.251070023 0.005635547 0.967952490 82.070304871
0.964155018 0.032307450 -0.263365537 -83.775505066 -0.033971753 0.999421179 -0.001766665 -0.631134748 0.263156027 0.010650327 0.964694500 82.780776978
0.960773289 0.030913085 -0.275606751 -83.979660034 -0.031258363 0.999506414 0.003140837 -0.636734009 0.275567770 0.005597381 0.961265326 83.508178711
0.957406700 0.032098934 -0.286953151 -84.204345703 -0.030375525 0.999483824 0.010456913 -0.643102407 0.287140727 -0.001295166 0.957887530 84.231987000
0.953748643 0.032066200 -0.298890382 -84.436866760 -0.028671797 0.999465108 0.015736077 -0.646797240 0.299235076 -0.006438536 0.954157710 84.942337036
0.949825168 0.029717622 -0.311366260 -84.682807922 -0.026643090 0.999545217 0.014124307 -0.651498556 0.311644375 -0.005119863 0.950185001 85.653327942
0.946183026 0.028170047 -0.322403729 -84.937446594 -0.026412770 0.999602854 0.009824797 -0.656987429 0.322552502 -0.000780480 0.946551204 86.352706909
0.943103492 0.023649229 -0.331657231 -85.187080383 -0.024007887 0.999707222 0.003016317 -0.664284647 0.331631392 0.005117689 0.943395138 87.044364929
0.940329313 0.019602777 -0.339700758 -85.442596436 -0.021897864 0.999755859 -0.002923774 -0.670257986 0.339560509 0.010188031 0.940529048 87.748313904
0.937770247 0.019051069 -0.346733451 -85.713058472 -0.022208948 0.999740124 -0.005135846 -0.677519500 0.346545488 0.012516828 0.937949657 88.451324463
0.934769750 0.024936615 -0.354377747 -86.004753113 -0.028457168 0.999583721 -0.004725644 -0.697013676 0.354112476 0.014501977 0.935090363 89.161117554
0.931793809 0.025372723 -0.362099916 -86.284629822 -0.028115163 0.999601960 -0.002305745 -0.713726521 0.361897320 0.012328979 0.932136357 89.850563049
0.928636193 0.025524532 -0.370112538 -86.565780640 -0.025708452 0.999659657 0.004436605 -0.720299482 0.370099753 0.005395028 0.928976357 90.562034607
0.925822556 0.027200071 -0.376978427 -86.854644775 -0.024175158 0.999626458 0.012754036 -0.726084709 0.377184451 -0.002694461 0.926134288 91.273567200
0.923278749 0.037275944 -0.382317662 -87.173110962 -0.032269493 0.999288976 0.019501314 -0.735419393 0.382772744 -0.005667951 0.923825145 91.976409912
0.920696795 0.044012085 -0.387789011 -87.489677429 -0.040749498 0.999030888 0.016636619 -0.738409042 0.388145417 0.000484927 0.921597958 92.662361145
0.918241084 0.040693201 -0.393925518 -87.778152466 -0.040234160 0.999145806 0.009427610 -0.744051337 0.393972725 0.007192444 0.919094026 93.331672668
0.916222572 0.032497365 -0.399349660 -88.080467224 -0.034771290 0.999394119 0.001551095 -0.740678191 0.399158180 0.012464758 0.916797400 94.060310364
0.914592981 0.032821700 -0.403041422 -88.396270752 -0.035496671 0.999369442 0.000833650 -0.743506491 0.402814686 0.013544179 0.915181398 94.754501343
0.912407339 0.038831223 -0.407437295 -88.730895996 -0.039860126 0.999187529 0.005966548 -0.750937879 0.407337934 0.010796582 0.913213730 95.454185486
0.909946024 0.041911285 -0.412603676 -89.055496216 -0.041052844 0.999096990 0.010948912 -0.764321566 0.412689984 0.006975637 0.910844862 96.147766113
0.907651961 0.038018093 -0.417998433 -89.367416382 -0.037787084 0.999246836 0.008832411 -0.775247693 0.418019414 0.007778189 0.908404827 96.828453064
0.905617476 0.036711507 -0.422503650 -89.712089539 -0.039279900 0.999224722 0.002628368 -0.781458855 0.422272623 0.014215603 0.906357408 97.529411316
0.903434455 0.034190357 -0.427360743 -90.047187805 -0.039556921 0.999210417 -0.003682416 -0.791057825 0.426897466 0.020231897 0.904073656 98.221435547
