1.000000000 0.000000000 0.000000000 0.000000000 0.000000000 1.000000000 0.000000000 0.000000000 0.000000000 0.000000000 1.000000000 0.000000000
0.999978960 0.000412897 -0.006470750 -0.008288681 -0.000410328 0.999999821 0.000398370 -0.001962614 0.006470914 -0.000395707 0.999978960 0.091679588
0.999907196 0.000949911 -0.013590249 -0.016251255 -0.000947670 0.999999523 0.000171340 -0.001847612 0.013590406 -0.000158445 0.999907613 0.188519016
0.999772429 0.001389465 -0.021286460 -0.026075723 -0.001401747 0.999998868 -0.000562073 -0.002162666 0.021285653 0.000591783 0.999773264 0.285348892
0.999541819 0.001708605 -0.030218776 -0.043018021 -0.001769325 0.999996483 -0.001982715 -0.001872562 0.030215282 0.002035273 0.999541342 0.390611529
0.999125063 0.001925178 -0.041778062 -0.058899835 -0.002070441 0.999991953 -0.003434020 -0.004833195 0.041771114 0.003517514 0.999121010 0.501202404
0.998479426 0.001740678 -0.055097926 -0.084342368 -0.001966824 0.999989867 -0.004050476 -0.007824769 0.055090319 0.004152684 0.998472750 0.626042306
0.997427344 0.001815305 -0.071661815 -0.108458608 -0.002137055 0.999987960 -0.004413431 -0.004411627 0.071652941 0.004555222 0.997419238 0.761416972
0.995904028 0.000219575 -0.090416566 -0.134570614 -0.000600661 0.999991059 -0.004187593 -0.009203131 0.090414837 0.004224750 0.995895207 0.917012691
0.993913233 -0.000746373 -0.110163167 -0.176199690 0.000266436 0.999990404 -0.004371258 -0.012594094 0.110165372 0.004315300 0.993903875 1.075305223
0.991237819 -0.000874888 -0.132086039 -0.219145417 0.000253175 0.999988794 -0.004723595 -0.012530684 0.132088676 0.004648766 0.991226971 1.229216814
0.987730861 0.002739806 -0.156141773 -0.274904281 -0.003753826 0.999973655 -0.006199719 -0.015832825 0.156120688 0.006709783 0.987715125 1.397496223
0.983345866 0.007111496 -0.181604743 -0.341143817 -0.008623578 0.999934435 -0.007537969 -0.022888713 0.181539208 0.008978512 0.983342707 1.572165847
0.977954984 0.010040901 -0.208574310 -0.413872868 -0.012114304 0.999889076 -0.008665768 -0.025767915 0.208464175 0.011001464 0.977968156 1.753519654
0.971270144 0.010751763 -0.237737060 -0.493392706 -0.013268219 0.999871552 -0.008987414 -0.026744690 0.237609893 0.011883553 0.971288025 1.939744353
0.963196576 0.012466668 -0.268509090 -0.580841720 -0.015283381 0.999847829 -0.008402430 -0.031694934 0.268363476 0.012196915 0.963240504 2.135390282
0.953815699 0.014636296 -0.300035238 -0.678502798 -0.017648952 0.999817431 -0.007333235 -0.034915216 0.299873143 0.012289868 0.953899920 2.319841146
0.942552984 0.016442388 -0.333651692 -0.779400885 -0.019665984 0.999786794 -0.006286032 -0.034832820 0.333477229 0.012486506 0.942675471 2.509629250
0.930005431 0.018579632 -0.367075562 -0.881121695 -0.022157500 0.999739170 -0.005535126 -0.040888973 0.366877019 0.013281174 0.930174708 2.687744141
0.916148484 0.021365317 -0.400269091 -1.001495004 -0.025475347 0.999663234 -0.004949373 -0.040208116 0.400028557 0.014731355 0.916384339 2.868000507
0.900103390 0.022214413 -0.435109466 -1.118141890 -0.026711430 0.999634206 -0.004221374 -0.042409670 0.434856474 0.015422066 0.900367737 3.042592525
0.881680191 0.017986597 -0.471504390 -1.241285205 -0.022892455 0.999727011 -0.004670445 -0.044882484 0.471291721 0.014911732 0.881851435 3.219756365
0.860503733 0.013588208 -0.509262919 -1.375504732 -0.018605107 0.999815524 -0.004759942 -0.051158965 0.509104311 0.013570840 0.860597849 3.390992403
0.835449278 0.015186538 -0.549357772 -1.536213636 -0.019214459 0.999814034 -0.001581826 -0.054688957 0.549231648 0.011877148 0.835585773 3.570445061
0.806290567 0.020815764 -0.591153264 -1.713458061 -0.023915797 0.999710560 0.002582506 -0.061360415 0.591036022 0.012055652 0.806555152 3.734904289
0.773787856 0.024049746 -0.632988155 -1.913631558 -0.027423307 0.999613941 0.004456067 -0.063507006 0.632851005 0.013910578 0.774148762 3.906679630
0.738037944 0.023064349 -0.674365044 -2.128169775 -0.026424844 0.999636889 0.005269316 -0.065785289 0.674241662 0.013931033 0.738379419 4.074257374
0.697952390 0.018623644 -0.715902090 -2.345280647 -0.020364523 0.999773681 0.006154424 -0.062145483 0.715854645 0.010283508 0.698173583 4.243381500
0.655060172 0.014910712 -0.755429566 -2.583608627 -0.014938757 0.999865413 0.006781466 -0.061274465 0.755429029 0.006842911 0.655194640 4.407127380
0.611213744 0.014647310 -0.791330099 -2.845118523 -0.012279711 0.999883890 0.009022890 -0.063460231 0.791370332 0.004202391 0.611322582 4.540440083
0.562736154 0.015168724 -0.826497495 -3.123530388 -0.009876076 0.999883652 0.011626576 -0.059724782 0.826577604 0.001619857 0.562820435 4.681927681
0.511762023 0.015782759 -0.858982444 -3.418408632 -0.008047790 0.999875426 0.013576811 -0.055959322 0.859089613 -0.000035185 0.511825144 4.805977821
0.459622800 0.016874086 -0.887953877 -3.725026608 -0.007597741 0.999857605 0.015067887 -0.044646300 0.888081729 -0.000179100 0.459685594 4.902613640
0.405038148 0.019072337 -0.914100885 -4.058427811 -0.006215751 0.999816775 0.018106565 -0.042516232 0.914278686 -0.001652027 0.405082434 4.998711586
0.349476248 0.020951536 -0.936710894 -4.410237312 -0.006197268 0.999779761 0.020050077 -0.034122400 0.936924696 -0.001201976 0.349529058 5.084487915
0.294012189 0.024188561 -0.955495596 -4.790764809 -0.003452311 0.999700129 0.024245311 -0.029605493 0.955795467 -0.003829747 0.294007421 5.160507679
0.240444124 0.025924649 -0.970316827 -5.137497425 0.001691339 0.999630570 0.027126964 -0.033905268 0.970661521 -0.008163651 0.240311474 5.217061996
0.189516053 0.026351202 -0.981524050 -5.528598309 0.003921248 0.999611616 0.027593935 -0.028647766 0.981869757 -0.009078291 0.189339086 5.252202034
0.141810834 0.027374653 -0.989515185 -5.946873665 0.001479296 0.999610722 0.027865944 -0.020766243 0.989892662 -0.005415478 0.141715080 5.275181770
0.099399120 0.027666761 -0.994662941 -6.378506660 0.000009471 0.999613404 0.027805405 -0.010015100 0.995047629 -0.002773253 0.099360436 5.277363300
0.061721638 0.026490321 -0.997741878 -6.812798023 -0.001559468 0.999649167 0.026444491 -0.005456492 0.998092115 -0.000076250 0.061741263 5.261794090
0.027207037 0.023564951 -0.999351919 -7.276110172 0.000346169 0.999721706 0.023583094 0.002054706 0.999629855 -0.000987571 0.027191306 5.260078907
-0.003995826 0.020888185 -0.999773800 -7.751101494 0.000668059 0.999781609 0.020885680 0.007125482 0.999991775 -0.000584452 -0.004008910 5.231228828
-0.030670628 0.019063700 -0.999347687 -8.242537498 0.000174715 0.999818146 0.019067314 0.013458639 0.999529421 0.000410205 -0.030668382 5.192094803
-0.051173374 0.016657341 -0.998550773 -8.750556946 -0.000834647 0.999859691 0.016721949 0.024298526 0.998689413 0.001689156 -0.051152311 5.144425869
-0.067844257 0.015704334 -0.997572303 -9.270065308 0.000303123 0.999876380 0.015719989 0.036217228 0.997695863 0.000764124 -0.067840643 5.104918480
-0.080859512 0.016024487 -0.996596575 -9.808001518 0.000698100 0.999871373 0.016020499 0.045381241 0.996725202 0.000599685 -0.080860294 5.050166607
-0.090387531 0.017504152 -0.995752752 -10.364084244 0.000718723 0.999846458 0.017510870 0.048010193 0.995906413 0.000867094 -0.090386227 4.990777969
-0.097321361 0.018688982 -0.995077491 -10.937813759 -0.001061025 0.999821126 0.018881846 0.047380492 0.995252371 0.002893409 -0.097284123 4.927601337
-0.101808064 0.019723881 -0.994608521 -11.528839111 -0.000848622 0.999801278 0.019913726 0.054033861 0.994803667 0.002871423 -0.101771086 4.860379219
-0.103248224 0.020307524 -0.994448245 -12.136891365 0.001148638 0.999793291 0.020297417 0.065884247 0.994654953 0.000953411 -0.103250198 4.795023918
-0.102413878 0.022670215 -0.994483471 -12.751644135 0.003178838 0.999742568 0.022462737 0.070274398 0.994736791 -0.000860806 -0.102459587 4.736002922
-0.100570492 0.024964929 -0.994616747 -13.416925430 0.002161763 0.999688208 0.024873635 0.081040695 0.994927585 0.000351428 -0.100593120 4.659073830
-0.098965809 0.025003769 -0.994776785 -14.070394516 -0.000052185 0.999684155 0.025132308 0.087718844 0.995090842 0.002539151 -0.098933250 4.589921951
-0.097220443 0.022725072 -0.995003581 -14.734038353 -0.001387306 0.999735236 0.022968695 0.097442925 0.995262027 0.003613401 -0.097163185 4.521050453
-0.095863894 0.022261225 -0.995145559 -15.416166306 -0.002264330 0.999742389 0.022582183 0.109513491 0.995392025 0.004418154 -0.095788799 4.449713230
-0.094304696 0.024903418 -0.995231867 -16.112308502 -0.001842566 0.999680996 0.025189340 0.122188509 0.995541692 0.004209254 -0.094228730 4.383275986
-0.092578545 0.028537191 -0.995296419 -16.835517883 -0.002669281 0.999578476 0.028908255 0.133499771 0.995701849 0.005333010 -0.092463352 4.313091278
-0.090608679 0.030526759 -0.995418668 -17.562192917 -0.002836511 0.999518096 0.030910674 0.144693524 0.995882571 0.005624291 -0.090478413 4.240408421
-0.088949554 0.029865939 -0.995588362 -18.302801132 -0.004788592 0.999525905 0.030411892 0.160028726 0.996024609 0.007472591 -0.088764369 4.167154789
-0.087001160 0.026926007 -0.995844305 -19.056518555 -0.007344281 0.999590158 0.027668918 0.170943707 0.996181130 0.009720989 -0.086767741 4.094140053
-0.085403889 0.026394613 -0.995996833 -19.830911636 -0.008319614 0.999595225 0.027203362 0.186179161 0.996311605 0.010609580 -0.085149720 4.019553185
-0.084080420 0.028451713 -0.996052682 -20.612842560 -0.005769459 0.999561608 0.029038964 0.204701364 0.996442258 0.008188293 -0.083879389 3.953739166
-0.082891300 0.030849881 -0.996081054 -21.409633636 -0.003697905 0.999504328 0.031263635 0.214255303 0.996551752 0.006274897 -0.082736120 3.888767958
-0.081225917 0.032494511 -0.996165991 -22.201086044 -0.002963904 0.999456048 0.032843515 0.230002105 0.996691227 0.005620284 -0.081085421 3.809112072
-0.080740385 0.027774470 -0.996348143 -22.994432449 -0.003039281 0.999600112 0.028111417 0.237079561 0.996730566 0.005297908 -0.080623694 3.751149893
-0.080241121 0.020986928 -0.996554554 -23.802152634 -0.001761436 0.999773741 0.021196555 0.245389819 0.996773958 0.003456202 -0.080185995 3.681519747
-0.080717050 0.016311582 -0.996603608 -24.625062943 0.001565820 0.999867022 0.016238172 0.258464247 0.996735930 -0.000249804 -0.080731839 3.620546341
-0.081344679 0.017087743 -0.996539533 -25.456066132 0.002821713 0.999853015 0.016914222 0.268580824 0.996682048 -0.001436066 -0.081380948 3.551599026
-0.081316680 0.024628079 -0.996383965 -26.306287766 0.001884040 0.999696732 0.024556194 0.271752566 0.996686578 0.000119600 -0.081338413 3.472818851
-0.081564762 0.031622652 -0.996166408 -27.123399734 0.000470068 0.999497652 0.031689916 0.280830085 0.996667922 0.002116515 -0.081538670 3.401748657
-0.081914753 0.037288904 -0.995941579 -27.968677521 -0.001450974 0.999294341 0.037533768 0.290470600 0.996638238 0.004519655 -0.081802838 3.325861216
-0.082371943 0.037754945 -0.995886207 -28.809534073 -0.003239286 0.999266684 0.038151022 0.300287008 0.996596396 0.006368535 -0.082189247 3.248153687
-0.082684197 0.033927299 -0.995998144 -29.644414902 -0.003065573 0.999406934 0.034297906 0.318130434 0.996571004 0.005889201 -0.082531177 3.176866531
-0.082566790 0.030851293 -0.996107876 -30.485897064 -0.003290011 0.999506891 0.031229267 0.338835001 0.996580064 0.005855707 -0.082424574 3.089547873
-0.082798310 0.032534409 -0.996035039 -31.299093246 -0.004810485 0.999442279 0.033045582 0.348693311 0.996554732 0.007527531 -0.082595631 3.022692442
-0.082937740 0.034878984 -0.995944202 -32.142265320 -0.005724808 0.999354243 0.035475142 0.358987808 0.996538341 0.008643817 -0.082684509 2.951565742
-0.082597807 0.033422541 -0.996022403 -32.970287323 -0.006817224 0.999395013 0.034101065 0.367798924 0.996559560 0.009606782 -0.082320005 2.872879744
-0.082356289 0.028337874 -0.996200025 -33.794452667 -0.007521797 0.999549448 0.029054986 0.379210293 0.996574521 0.009886074 -0.082106046 2.803133965
-0.082095824 0.023964722 -0.996336281 -34.628589630 -0.008860610 0.999653757 0.024774615 0.394265652 0.996585071 0.010862040 -0.081855051 2.724976301
-0.081508026 0.024962645 -0.996360004 -35.453350067 -0.008534471 0.999632299 0.025742793 0.397249699 0.996636152 0.010601651 -0.081264988 2.655577183
-0.080913946 0.027495932 -0.996341765 -36.282264709 -0.007270831 0.999576509 0.028175671 0.403801501 0.996694624 0.009524038 -0.080679744 2.586248159
-0.080434307 0.032406520 -0.996232986 -37.128822327 -0.006833624 0.999429941 0.033062246 0.416565061 0.996736407 0.009467222 -0.080166996 2.509898186
-0.079989761 0.037786137 -0.996079326 -37.968509674 -0.006618236 0.999239087 0.038437486 0.435433984 0.996773720 0.009666894 -0.079678819 2.442503214
-0.079992972 0.040946428 -0.995954096 -38.797893524 -0.006859615 0.999109685 0.041627113 0.450278401 0.996771812 0.010161738 -0.079640873 2.368630171
-0.079812966 0.040809691 -0.995974183 -39.630744934 -0.006361050 0.999120414 0.041448351 0.470812678 0.996789515 0.009643558 -0.079483159 2.299051523
-0.079648711 0.036478654 -0.996155322 -40.455406189 -0.006679645 0.999288082 0.037127458 0.489524961 0.996800601 0.009611117 -0.079348333 2.228149891
-0.079073600 0.032204382 -0.996348560 -41.286437988 -0.007393150 0.999431670 0.032890782 0.504232347 0.996841431 0.009966945 -0.078790568 2.147130966
-0.078891985 0.029649276 -0.996442199 -42.107673645 -0.011729133 0.999460876 0.030667733 0.512998700 0.996814072 0.014106842 -0.078501679 2.070937634
-0.079425417 0.027858488 -0.996451437 -42.922237396 -0.015007555 0.999462724 0.029138902 0.524804354 0.996727765 0.017268671 -0.078964666 2.001922846
-0.080195531 0.025797877 -0.996445179 -43.739219666 -0.012931428 0.999553919 0.026919102 0.535068214 0.996695280 0.015044252 -0.079826176 1.934646368
-0.081142142 0.022473035 -0.996449113 -44.567184448 -0.010036523 0.999676645 0.023363113 0.533812165 0.996652007 0.011896618 -0.080890357 1.863469362
-0.081966147 0.020717395 -0.996419728 -45.385822296 -0.004995117 0.999762833 0.021197801 0.550994873 0.996622562 0.006714736 -0.081843227 1.797801495
-0.083774000 0.024231505 -0.996190071 -46.197231293 -0.004947545 0.999681830 0.024732500 0.556176960 0.996472478 0.007000634 -0.083627462 1.724046946
-0.085413173 0.030544538 -0.995877266 -47.034202576 -0.003410304 0.999515176 0.030948609 0.556739390 0.996339738 0.006039661 -0.085267596 1.644336939
-0.087324575 0.034477260 -0.995583177 -47.844326019 -0.000713660 0.999398530 0.034671973 0.566667080 0.996179700 0.003738224 -0.087247424 1.585952759
-0.088809550 0.033664379 -0.995479643 -48.654949188 -0.000659432 0.999426544 0.033856686 0.575889707 0.996048391 0.003663248 -0.088736407 1.509828568
-0.089899115 0.029458269 -0.995515108 -49.447616577 -0.004116846 0.999542952 0.029949218 0.588231623 0.995942473 0.006790792 -0.089736752 1.428246021
-0.090877436 0.025989952 -0.995522976 -50.237056732 -0.009096567 0.999596119 0.026926674 0.593366683 0.995820642 0.011502869 -0.090604313 1.335643291
-0.092653647 0.024626123 -0.995393872 -51.041049957 -0.013183467 0.999576151 0.025956739 0.603316069 0.995611131 0.015527727 -0.092289709 1.254132748
-0.093208887 0.025594773 -0.995317519 -51.815902710 -0.015233978 0.999515831 0.027129356 0.607154489 0.995530009 0.017691342 -0.092773862 1.170225620
-0.094200999 0.027205843 -0.995181382 -52.603511810 -0.015185940 0.999470949 0.028760567 0.614218712 0.995437384 0.017822038 -0.093738034 1.090979576
-0.095088609 0.026761983 -0.995109081 -53.385372162 -0.016974848 0.999449611 0.028500769 0.620347500 0.995324075 0.019601922 -0.094582006 1.008639812
-0.095633596 0.026520927 -0.995063305 -54.163742065 -0.017708533 0.999441564 0.028339550 0.628617883 0.995259106 0.020331323 -0.095110543 0.926387310
-0.096217498 0.028408052 -0.994954884 -54.934890747 -0.016056450 0.999418259 0.030088238 0.636764407 0.995230794 0.018870460 -0.095705397 0.850817680
-0.096404828 0.031081181 -0.994856834 -55.706523895 -0.015590908 0.999342561 0.032732137 0.648674607 0.995220125 0.018666258 -0.095856868 0.774193764
-0.096757337 0.035617568 -0.994670510 -56.482089996 -0.015136166 0.999191284 0.037251834 0.656102061 0.995192826 0.018659880 -0.096139967 0.695535660
-0.097415499 0.037612855 -0.994532824 -57.244537354 -0.015433596 0.999108434 0.039297644 0.670113564 0.995124042 0.019177416 -0.096748129 0.619947433
-0.098054662 0.037633259 -0.994469225 -57.995914459 -0.015013502 0.999115050 0.039289400 0.681604862 0.995067894 0.018782971 -0.097402871 0.543335915
-0.098414883 0.036009628 -0.994493723 -58.736873627 -0.014515615 0.999186873 0.037616022 0.688413858 0.995039582 0.018137665 -0.097812146 0.468906879
-0.098504074 0.032235317 -0.994614363 -59.468242645 -0.013886319 0.999333322 0.033763528 0.703405857 0.995039761 0.017137377 -0.097990774 0.391855240
-0.098101251 0.029248701 -0.994746566 -60.198516846 -0.014632334 0.999417484 0.030829078 0.713592291 0.995068848 0.017579835 -0.097616121 0.309212685
-0.097098768 0.026956316 -0.994909644 -60.903785706 -0.015184663 0.999476731 0.028562009 0.722607732 0.995158851 0.017880706 -0.096638620 0.240003109
-0.094566554 0.026188806 -0.995174110 -61.599990845 -0.017917883 0.999447167 0.028003909 0.727258086 0.995357335 0.020479646 -0.094045028 0.165034294
-0.089963004 0.026927322 -0.995581031 -62.299327850 -0.018006032 0.999427080 0.028658414 0.735353947 0.995782435 0.020504663 -0.089426592 0.089249134
-0.084377028 0.028871510 -0.996015549 -62.946701050 -0.017862296 0.999375641 0.030482110 0.734637976 0.996273875 0.020363113 -0.083808638 0.039313316
-0.077526838 0.030412685 -0.996526301 -63.590534210 -0.016599685 0.999356687 0.031790473 0.741676211 0.996852100 0.019006636 -0.076972120 -0.001225471
-0.068607680 0.031471506 -0.997147202 -64.229209900 -0.017744914 0.999305725 0.032760549 0.749487996 0.997485876 0.019941915 -0.068001576 -0.046869755
-0.056751236 0.033325180 -0.997832000 -64.852157593 -0.019779641 0.999209046 0.034496132 0.755841017 0.998192430 0.021694452 -0.056047186 -0.086171627
-0.041882247 0.034747943 -0.998518169 -65.453201294 -0.022950804 0.999097884 0.035730779 0.763592124 0.998858988 0.024413276 -0.041046970 -0.111493587
-0.023459192 0.036215022 -0.999068618 -66.047760010 -0.024053283 0.999033928 0.036778562 0.770536065 0.999435425 0.024893673 -0.022565432 -0.120677471
-0.001207046 0.036636431 -0.999327898 -66.612731934 -0.024885213 0.999018073 0.036655124 0.788235784 0.999689639 0.024912734 -0.000294156 -0.111695670
0.024161274 0.037096728 -0.999019504 -67.128242493 -0.024771605 0.999026716 0.036497887 0.790862083 0.999401033 0.023865484 0.025056701 -0.082261086
0.053619269 0.036480293 -0.997894883 -67.653694153 -0.023391722 0.999104142 0.035267603 0.800543785 0.998287320 0.021451458 0.054424569 -0.037025928
0.087998211 0.036100481 -0.995466173 -68.159744263 -0.022121282 0.999167442 0.034279201 0.811863422 0.995875001 0.019004479 0.088723533 0.027678013
0.125379294 0.036257159 -0.991446137 -68.634742737 -0.021795033 0.999191582 0.033784192 0.819492936 0.991869390 0.017372763 0.126068145 0.115618706
0.166535512 0.036434304 -0.985362113 -69.081016541 -0.021589965 0.999212325 0.033297513 0.816502690 0.985799074 0.015728714 0.167190924 0.207547188
0.211786702 0.037534419 -0.976594925 -69.506698608 -0.021501210 0.999199271 0.033740390 0.824111700 0.977079332 0.013852204 0.212424144 0.318304062
0.259617418 0.036088947 -0.965036929 -69.938758850 -0.017528191 0.999312997 0.032655254 0.820532560 0.965552390 0.008437484 0.260071635 0.481050491
0.309554040 0.031150192 -0.950371385 -70.343475342 -0.010056152 0.999514699 0.029485464 0.821947336 0.950828612 0.000429734 0.309717089 0.656007767
0.361354828 0.026667854 -0.932047009 -70.693908691 -0.005340491 0.999633729 0.026531139 0.812742233 0.932413042 -0.004609569 0.361364931 0.824132919
0.413740933 0.022061059 -0.910127342 -71.078536987 -0.000562957 0.999712408 0.023976635 0.819682717 0.910394490 -0.009407754 0.413634390 1.039937973
0.464946896 0.021230977 -0.885084033 -71.458724976 -0.000815828 0.999722302 0.023552297 0.832730293 0.885338306 -0.010228490 0.464835107 1.276853561
0.512982547 0.020090269 -0.858164072 -71.824790955 0.000906213 0.999712825 0.023945738 0.835752547 0.858398676 -0.013061422 0.512817025 1.535772324
0.557613671 0.015157416 -0.829962373 -72.175735474 0.009134958 0.999660730 0.024393933 0.847253799 0.830050409 -0.021184055 0.557285905 1.829429626
0.601470709 0.008904785 -0.798845291 -72.497680664 0.019201517 0.999487877 0.025598660 0.845279694 0.798664153 -0.030735882 0.600991666 2.133537292
0.643876612 0.004051786 -0.765118659 -72.817123413 0.020412326 0.999539256 0.022470940 0.846002579 0.764857054 -0.030086365 0.643497109 2.450687408
0.686437130 0.000333938 -0.727189064 -73.096740723 0.016520023 0.999734640 0.016053330 0.837430775 0.727001369 -0.023032786 0.686249495 2.727779388
0.727129817 -0.006742903 -0.686466813 -73.379158020 0.013488989 0.999899030 0.004466387 0.841773272 0.686367273 -0.012507389 0.727147400 3.067691803
0.766220927 -0.009316847 -0.642509699 -73.652160645 0.008835105 0.999953032 -0.003963780 0.846460879 0.642516613 -0.002639508 0.766267300 3.437431335
0.803144336 -0.009989244 -0.595700860 -73.904731750 0.006980231 0.999948561 -0.007357048 0.847169161 0.595743597 0.001750644 0.803172708 3.830196381
0.836788177 -0.010534259 -0.547425449 -74.132896423 0.007360722 0.999940991 -0.007990624 0.826623321 0.547477484 0.002657016 0.836816251 4.250423431
0.867743492 -0.008454777 -0.496940285 -74.391136169 0.003556574 0.999935329 -0.010802173 0.824655890 0.496999562 0.007606110 0.867717445 4.706995010
0.893520057 -0.007100814 -0.448967248 -74.598838806 0.003137709 0.999949276 -0.009570512 0.812847853 0.449012458 0.007142714 0.893496871 5.185852051
0.914429963 -0.001174051 -0.404742390 -74.789299011 -0.002586871 0.999958515 -0.008745104 0.803123474 0.404735863 0.009043802 0.914388895 5.681041718
0.931797087 0.003236880 -0.362965286 -74.974548340 -0.007501247 0.999918401 -0.010339895 0.795525789 0.362902194 0.012357377 0.931745291 6.196050644
0.945096970 0.008322561 -0.326683968 -75.148155212 -0.011955020 0.999886990 -0.009112888 0.786855280 0.326571286 0.012518077 0.945089638 6.733150482
0.955074251 0.009247921 -0.296222389 -75.314582825 -0.011945520 0.999902129 -0.007298040 0.775457859 0.296125829 0.010508701 0.955091119 7.275392532
0.962286472 0.008494382 -0.271905541 -75.462219238 -0.010513389 0.999926805 -0.005969461 0.765801311 0.271834880 0.008602980 0.962305486 7.857833862
0.968007267 0.008871553 -0.250765204 -75.604789734 -0.010120413 0.999941945 -0.003691083 0.752645016 0.250717878 0.006110844 0.968040884 8.455495834
0.972616017 0.011520012 -0.232132584 -75.754119873 -0.012152242 0.999925315 -0.001293709 0.747083366 0.232100368 0.004079215 0.972683311 9.076171875
0.976081073 0.016440336 -0.216784686 -75.894882202 -0.016868472 0.999857664 -0.000124539 0.744589806 0.216751799 0.003778388 0.976219475 9.705560684
0.978778660 0.019737244 -0.203967422 -76.023681641 -0.019885300 0.999801338 0.001323808 0.734301925 0.203953043 0.002760239 0.978976727 10.350584984
0.981517553 0.018888369 -0.190437570 -76.160270691 -0.019010829 0.999818504 0.001184019 0.725013554 0.190425396 0.002458240 0.981698632 11.018766403
0.984045208 0.018826295 -0.176919639 -76.273269653 -0.018959668 0.999819756 0.000936788 0.716525376 0.176905409 0.002432496 0.984224796 11.698594093
0.986618221 0.018929297 -0.161944911 -76.387367249 -0.018980097 0.999819040 0.001233517 0.715639889 0.161938980 0.001856720 0.986799061 12.395666122
0.988786459 0.020433441 -0.147931263 -76.488800049 -0.020406209 0.999790251 0.001701973 0.709040225 0.147935033 0.001335828 0.988996208 13.101224899
0.990627170 0.020708110 -0.135014087 -76.594589233 -0.021011433 0.999778926 -0.000821893 0.695539832 0.134967238 0.003651029 0.990843296 13.830682755
0.992026150 0.021783656 -0.124135315 -76.693061829 -0.022699494 0.999724507 -0.005967963 0.674267471 0.123971149 0.008738183 0.992247343 14.570050240
0.993258059 0.019944819 -0.114196315 -76.780464172 -0.021478115 0.999694765 -0.012212069 0.665766358 0.113917910 0.014582456 0.993383169 15.310225487
0.994158268 0.019816846 -0.106097117 -76.860885620 -0.021271281 0.999694347 -0.012594351 0.656968057 0.105815127 0.014777599 0.994275987 16.067260742
0.994810998 0.021598605 -0.099420995 -76.935440063 -0.022339795 0.999730289 -0.006347689 0.639061391 0.099257089 0.008535795 0.995025218 16.831560135
0.995197594 0.026418215 -0.094254613 -77.016853333 -0.026375497 0.999650598 0.001699210 0.620198190 0.094266601 0.000794964 0.995546699 17.605379105
0.995584965 0.027145123 -0.089854382 -77.109275818 -0.026777521 0.999627411 0.005294273 0.611396790 0.089964613 -0.002864821 0.995940864 18.404476166
0.995920420 0.026082400 -0.086384490 -77.175758362 -0.025802448 0.999657631 0.004355910 0.599123299 0.086468510 -0.002109208 0.996252358 19.173309326
0.996179283 0.026210811 -0.083305925 -77.241043091 -0.026019113 0.999655724 0.003386178 0.587847888 0.083365984 -0.001205694 0.996518254 19.937889099
0.996483624 0.025171803 -0.079918519 -77.312759399 -0.024816679 0.999677300 0.005433863 0.581439555 0.080029495 -0.003431442 0.996786535 20.710388184
0.996729255 0.022819422 -0.077524632 -77.380935669 -0.022251898 0.999719024 0.008176617 0.567636251 0.077689432 -0.006424803 0.996956885 21.496868134
0.996986449 0.020077992 -0.074932285 -77.426788330 -0.019414332 0.999765575 0.009574806 0.562901616 0.075106986 -0.008091191 0.997142673 22.249042511
0.997211933 0.019433437 -0.072046846 -77.484031677 -0.019064939 0.999801457 0.005798921 0.553686440 0.072145231 -0.004409186 0.997384489 23.007677078
0.997241557 0.022430055 -0.070754111 -77.538040161 -0.022553980 0.999745190 -0.000953035 0.536878467 0.070714712 0.002546194 0.997493386 23.757011414
0.997376382 0.023288734 -0.068540707 -77.599884033 -0.023936206 0.999676108 -0.008640385 0.522425652 0.068317287 0.010258323 0.997610927 24.505390167
0.997407556 0.024067713 -0.067816004 -77.652946472 -0.024978848 0.999608338 -0.012619556 0.505038142 0.067485720 0.014280806 0.997618020 25.265136719
0.997523963 0.025675353 -0.065473780 -77.710914612 -0.026469974 0.999585688 -0.011297827 0.486788452 0.065156579 0.013002940 0.997790277 26.025566101
0.997575223 0.029143959 -0.063201815 -77.771606445 -0.029629990 0.999538064 -0.006766333 0.460429192 0.062975407 0.008622596 0.997977793 26.796737671
0.997643650 0.032046892 -0.060665175 -77.827072144 -0.032216176 0.999479294 -0.001814183 0.445227355 0.060575448 0.003764307 0.998156548 27.540931702
0.997861981 0.029745072 -0.058195811 -77.872802734 -0.029808370 0.999555588 -0.000219662 0.433210462 0.058163416 0.001953915 0.998305142 28.301109314
0.998034060 0.027060384 -0.056531202 -77.924987793 -0.027110165 0.999632418 -0.000113787 0.416134715 0.056507364 0.001646134 0.998400867 29.064449310
0.998150289 0.024902379 -0.055461183 -77.964202881 -0.024941962 0.999688864 -0.000021581 0.399555713 0.055443395 0.001404852 0.998460829 29.813262939
0.998193502 0.024672104 -0.054782595 -78.007804871 -0.024811136 0.999690473 -0.001859146 0.385647714 0.054719768 0.003215006 0.998496592 30.565570831
0.998286963 0.022503525 -0.054005735 -78.049293518 -0.022705516 0.999737382 -0.003129430 0.373821646 0.053921118 0.004350297 0.998535752 31.322414398
0.998344123 0.021162771 -0.053489614 -78.090026855 -0.021361336 0.999766946 -0.003143145 0.361058205 0.053410627 0.004280549 0.998563468 32.081672668
0.998308301 0.025248680 -0.052372932 -78.146995544 -0.025397131 0.999675214 -0.002170816 0.348081410 0.052301105 0.003497266 0.998625219 32.861442566
0.998315215 0.025085406 -0.052321814 -78.188995361 -0.025275502 0.999676228 -0.002974662 0.337125182 0.052230250 0.004292111 0.998625875 33.637424469
0.998238146 0.024629153 -0.053982157 -78.232192993 -0.024824217 0.999687552 -0.002945795 0.322222620 0.053892739 0.004280670 0.998537600 34.413871765
0.998199284 0.022256281 -0.055703849 -78.283981323 -0.022424225 0.999745667 -0.002391602 0.308677703 0.055636454 0.003636411 0.998444557 35.201225281
0.997983754 0.023974251 -0.058769122 -78.343276978 -0.024172649 0.999704182 -0.002667246 0.298047900 0.058687806 0.004082473 0.998268008 36.006702423
0.997700512 0.027991500 -0.061725993 -78.396270752 -0.028201766 0.999598980 -0.002537697 0.276102424 0.061630204 0.004272644 0.998089910 36.784702301
0.997518718 0.028325744 -0.064451799 -78.456764221 -0.028862484 0.999555886 -0.007411806 0.261463404 0.064213231 0.009253654 0.997893333 37.580078125
0.997355938 0.028818749 -0.066711850 -78.521888733 -0.029611195 0.999501884 -0.010920254 0.249154031 0.066363901 0.012866797 0.997712612 38.368412018
0.997245908 0.028712174 -0.068382859 -78.592048645 -0.029647518 0.999479651 -0.012702486 0.236017644 0.067982569 0.014694883 0.997578263 39.167686462
0.997095942 0.029247109 -0.070315443 -78.660324097 -0.030094376 0.999486268 -0.011020313 0.214203179 0.069957025 0.013104409 0.997464001 39.995437622
0.996971726 0.027688717 -0.072668262 -78.720558167 -0.028522674 0.999538302 -0.010463458 0.196622372 0.072345026 0.012504465 0.997301161 40.820384979
0.996838212 0.027223958 -0.074647725 -78.781265259 -0.027932361 0.999573946 -0.008462254 0.176145852 0.074385561 0.010520585 0.997174025 41.647254944
0.996816993 0.026548089 -0.075172879 -78.855392456 -0.026986144 0.999624252 -0.004817436 0.162701637 0.075016737 0.006830730 0.997158825 42.468986511
0.996726871 0.026659826 -0.076320350 -78.925460815 -0.026750717 0.999642134 -0.000168638 0.148033351 0.076288536 0.002209710 0.997083306 43.349460602
0.996789992 0.026306575 -0.075617000 -78.992622375 -0.026232861 0.999653935 0.001968134 0.134011969 0.075642608 0.000021834 0.997134864 44.202152252
0.996847153 0.029621916 -0.073607981 -79.062599182 -0.029551713 0.999561191 0.002042922 0.120574825 0.073636197 0.000138761 0.997285128 45.055007935
0.996996999 0.029180432 -0.071731217 -79.131858826 -0.029188199 0.999573529 0.000940138 0.110895716 0.071728073 0.001156391 0.997423470 45.925323486
0.997173786 0.026908729 -0.070145242 -79.192840576 -0.027081383 0.999632120 -0.001511441 0.098749578 0.070078775 0.003406800 0.997535586 46.785034180
0.997357547 0.022825507 -0.068969086 -79.242828369 -0.023078859 0.999729574 -0.002878687 0.081658632 0.068884730 0.004462809 0.997614622 47.653202057
0.997544825 0.021732833 -0.066573054 -79.314483643 -0.021984337 0.999753654 -0.003047536 0.068311423 0.066490427 0.004503619 0.997776926 48.531265259
0.997651696 0.019476300 -0.065662906 -79.372718811 -0.019550795 0.999808788 -0.000492105 0.052258708 0.065640755 0.001774711 0.997841775 49.406478882
0.997778177 0.016921971 -0.064438380 -79.435638428 -0.016845377 0.999856591 0.001731757 0.042657487 0.064458430 -0.000642421 0.997920215 50.283599854
0.997814178 0.016578231 -0.063969500 -79.488899231 -0.016461752 0.999861717 0.002347539 0.022204384 0.063999578 -0.001289358 0.997949183 51.159004211
0.997876346 0.018693047 -0.062395725 -79.554077148 -0.018797819 0.999822617 -0.001092495 0.006857596 0.062364239 0.002263078 0.998050809 52.032848358
0.997886062 0.021015124 -0.061495852 -79.619377136 -0.021446902 0.999749660 -0.006369552 -0.016791552 0.061346605 0.007674984 0.998086929 52.890533447
0.997893572 0.022924196 -0.060686909 -79.674636841 -0.023689728 0.999648213 -0.011925024 -0.035369158 0.060392186 0.013337562 0.998085558 53.749576569
0.997823894 0.027861340 -0.059760086 -79.740509033 -0.028987803 0.999416471 -0.018066160 -0.055674434 0.059221871 0.019759160 0.998049259 54.597183228
0.997896254 0.027714292 -0.058607064 -79.797149658 -0.028833097 0.999416173 -0.018331055 -0.091530681 0.058064818 0.019982317 0.998112738 55.445991516
0.997962713 0.024480764 -0.058915894 -79.847221375 -0.025277939 0.999598145 -0.012823611 -0.105821490 0.058578279 0.014286759 0.998180509 56.302196503
0.997928798 0.024195198 -0.059604548 -79.902412415 -0.024454596 0.999694407 -0.003626242 -0.131112367 0.059498593 0.005076338 0.998215437 57.159667969
0.997907579 0.023091013 -0.060391620 -79.961616516 -0.022877032 0.999729276 0.004232315 -0.154107839 0.060472988 -0.002841880 0.998165786 58.012805939
0.997811079 0.020434894 -0.062893324 -80.016693115 -0.020371947 0.999791086 0.001642046 -0.164989814 0.062913746 -0.000357192 0.998018801 58.845962524
0.997769535 0.016047738 -0.064795390 -80.071197510 -0.016204776 0.999866962 -0.001898748 -0.181158274 0.064756289 0.002944509 0.997896731 59.684387207
0.997620881 0.015058290 -0.067274459 -80.132720947 -0.015296656 0.999878407 -0.003029431 -0.206376255 0.067220673 0.004051298 0.997729838 60.503074646
0.997399271 0.017031819 -0.070032701 -80.197013855 -0.017453043 0.999833047 -0.005407101 -0.224023968 0.069928929 0.006615322 0.997529984 61.325981140
0.997152507 0.018602019 -0.073081084 -80.270416260 -0.019279132 0.999777377 -0.008570697 -0.247759223 0.072905384 0.009955231 0.997289181 62.140853882
0.996842384 0.019518271 -0.076969109 -80.344375610 -0.020515364 0.999715328 -0.012185033 -0.265287697 0.076709367 0.013725609 0.996958971 62.954666138
0.996555030 0.021618832 -0.080065839 -80.413414001 -0.022916250 0.999620020 -0.015321038 -0.297440886 0.079704188 0.017103069 0.996671796 63.757068634
0.996190786 0.026117006 -0.083197854 -80.505722046 -0.027515389 0.999498010 -0.015705647 -0.321305871 0.082745925 0.017935043 0.996409237 64.562469482
0.995785415 0.029657723 -0.086786717 -80.585945129 -0.030975852 0.999423683 -0.013880746 -0.342686415 0.086325049 0.016510537 0.996130109 65.367134094
0.995367348 0.032589387 -0.090454228 -80.672279358 -0.033422548 0.999411523 -0.007711082 -0.366628647 0.090149708 0.010698572 0.995870769 66.167678833
0.994953632 0.033025708 -0.094745204 -80.754455566 -0.033369999 0.999441028 -0.002051383 -0.387982309 0.094624504 0.005202681 0.995499372 66.981430054
0.994524837 0.032123026 -0.099440493 -80.839355469 -0.032124471 0.999482632 0.001587110 -0.405938566 0.099440038 0.001616053 0.995042205 67.772125244
0.993867576 0.031649806 -0.105951019 -80.929023743 -0.031542473 0.999498785 0.002688985 -0.417859137 0.105983041 0.000669463 0.994367659 68.562072754
0.993354380 0.029163660 -0.111339495 -81.025047302 -0.028620869 0.999569356 0.006470634 -0.430023134 0.111480288 -0.003241000 0.993761301 69.342399597
0.992532253 0.030836856 -0.118020758 -81.117713928 -0.030342964 0.999521613 0.005979789 -0.438943416 0.118148699 -0.002354033 0.992993236 70.123046875
0.991664052 0.035528645 -0.123855829 -81.228698730 -0.035158735 0.999368370 0.005171748 -0.449183404 0.123961337 -0.000774021 0.992286742 70.894203186
0.990861654 0.037659951 -0.129518285 -81.346084595 -0.037764166 0.999285340 0.001652092 -0.460303068 0.129487932 0.003254155 0.991575658 71.656349182
0.990065813 0.036357187 -0.135822982 -81.455078125 -0.036861811 0.999319673 -0.001201364 -0.468906313 0.135686845 0.006196111 0.990732431 72.415557861
0.989263594 0.037694033 -0.141197771 -81.572219849 -0.038380377 0.999260962 -0.002139802 -0.484283209 0.141012773 0.007536051 0.989979088 73.180374146
0.988546073 0.039670218 -0.145612612 -81.696166992 -0.039677572 0.999208510 0.002854976 -0.492447793 0.145610660 0.002955279 0.989337504 73.950004578
0.987641215 0.040086988 -0.151518688 -81.823692322 -0.039473902 0.999195695 0.007053226 -0.502267182 0.151679561 -0.000985025 0.988429248 74.714035034
0.986680865 0.039722148 -0.157742992 -81.950698853 -0.038693391 0.999205053 0.009588649 -0.520880520 0.157998487 -0.003357328 0.987433672 75.472633362
0.985588670 0.037583373 -0.164931446 -82.082748413 -0.037144069 0.999293327 0.005748127 -0.527186096 0.165030941 0.000460936 0.986288309 76.220413208
0.984205127 0.034703780 -0.173597068 -82.218193054 -0.035502847 0.999368429 -0.001498987 -0.531396508 0.173435465 0.007638501 0.984815538 76.959983826
0.982617438 0.032058787 -0.182852909 -82.361679077 -0.033205640 0.999443352 -0.003212992 -0.541903675 0.182648122 0.009228892 0.983134985 77.703735352
0.980551541 0.031856887 -0.193659231 -82.510330200 -0.032477729 0.999472380 -0.000030976 -0.558128357 0.193556070 0.006319983 0.981068790 78.438392639
0.978289545 0.031830151 -0.204784259 -82.675277710 -0.031263959 0.999493122 0.006000530 -0.563312709 0.204871491 0.000532111 0.978788733 79.177536011
0.975816131 0.032976564 -0.216091335 -82.845756531 -0.030674452 0.999431372 0.013999589 -0.574269056 0.216430098 -0.007032539 0.976272762 79.899696350
0.973254204 0.033585459 -0.227262467 -83.026664734 -0.030420961 0.999385536 0.017413771 -0.580465555 0.227707684 -0.010034481 0.973677814 80.625617981
0.970369756 0.036943793 -0.238783598 -83.220214844 -0.034718979 0.999305785 0.013518063 -0.592147470 0.239117205 -0.004827196 0.970978677 81.344207764
0.967420399 0.036546946 -0.250523746 -83.421554565 -0.036690734 0.999318421 0.004098066 -0.594956040 0.250502765 0.005227348 0.968101680 82.040679932
0.964251935 0.034096733 -0.262784272 -83.627243042 -0.035579838 0.999366462 -0.000885870 -0.593793869 0.262587607 0.010204022 0.964854181 82.750183105
0.960875392 0.032831486 -0.275028497 -83.830322266 -0.032861937 0.999449730 0.004498412 -0.599436760 0.275024831 0.004715559 0.961425543 83.476348877
0.957510948 0.034050602 -0.286379963 -84.054748535 -0.032013021 0.999417841 0.011795392 -0.604736567 0.286614835 -0.002126329 0.958043575 84.199996948
0.953909397 0.033932570 -0.298170239 -84.289505005 -0.030182086 0.999396861 0.017175177 -0.608050108 0.298573136 -0.007384162 0.954358101 84.911392212
0.949793696 0.031542055 -0.311283052 -84.525436401 -0.028218014 0.999486625 0.015177740 -0.608393550 0.311601937 -0.005631933 0.950196028 85.625549316
0.946200728 0.030207226 -0.322167724 -84.783309937 -0.028068176 0.999542356 0.011283802 -0.615056276 0.322361052 -0.001634081 0.946615398 86.320907593
0.943156898 0.025489209 -0.331369430 -85.031616211 -0.025419289 0.999666691 0.004545796 -0.622769952 0.331374764 0.004135775 0.943490148 87.016769409
0.940372646 0.021547984 -0.339462966 -85.287017822 -0.023400171 0.999725342 -0.001363375 -0.628217876 0.339340240 0.009225572 0.940618455 87.721527100
0.937842906 0.021055190 -0.346420556 -85.557807922 -0.023690371 0.999713659 -0.003373627 -0.635461867 0.346250355 0.011370766 0.938073277 88.423629761
0.934820116 0.026738243 -0.354113549 -85.845809937 -0.029723886 0.999553680 -0.002993913 -0.652667761 0.353875399 0.013324402 0.935197651 89.130905151
0.931788445 0.026645821 -0.362022430 -86.118621826 -0.028853320 0.999583423 -0.000691863 -0.665453553 0.361853302 0.011090220 0.932169020 89.827774048
0.928746283 0.026988462 -0.369732141 -86.405624390 -0.026684431 0.999626279 0.005937552 -0.668465853 0.369754285 0.004351614 0.929119349 90.534606934
0.925913215 0.028844889 -0.376633286 -86.692153931 -0.025306577 0.999576926 0.014340186 -0.674824357 0.376887560 -0.003746470 0.926251411 91.245391846
0.923393190 0.039091110 -0.381859839 -87.014778137 -0.033585045 0.999213576 0.021076245 -0.682096481 0.382383406 -0.006636880 0.923979878 91.946548462
0.920580208 0.045550946 -0.387888074 -87.318298340 -0.041831382 0.998961926 0.018032344 -0.678384781 0.388306797 -0.000374331 0.921530068 92.639205933
0.918262124 0.042082742 -0.393730432 -87.621047974 -0.041240707 0.999093056 0.010603186 -0.678240776 0.393819511 0.006501215 0.919164777 93.327751160
0.916397750 0.034585118 -0.398772061 -87.923538208 -0.036305692 0.999335468 0.003239178 -0.682266712 0.398619056 0.011509315 0.917044401 94.019332886
0.914498985 0.034811892 -0.403087646 -88.228500366 -0.036947932 0.999314070 0.002478804 -0.683762968 0.402897477 0.012626385 0.915158033 94.716567993
0.912654519 0.041641377 -0.406605035 -88.580688477 -0.042095251 0.999082923 0.007832590 -0.693620205 0.406558275 0.009967688 0.913570464 95.414497375
0.910159469 0.043778904 -0.411938280 -88.904769897 -0.042599253 0.999019444 0.012050039 -0.697412610 0.412062019 0.006580806 0.911132038 96.124023438
0.908005238 0.039961118 -0.417048454 -89.228004456 -0.039358012 0.999174714 0.010048833 -0.705567002 0.417105854 0.007289805 0.908828676 96.822486877
0.905719638 0.038498111 -0.422125340 -89.560867310 -0.040626146 0.999166667 0.003956469 -0.715202212 0.421925873 0.013565874 0.906528890 97.510795593
0.903612196 0.035860285 -0.426847786 -89.899658203 -0.040862631 0.999161541 -0.002562391 -0.720446467 0.426397979 0.019757526 0.904319823 98.205917358
