1.000000000 0.000000000 0.000000000 0.000000000 0.000000000 1.000000000 0.000000000 0.000000000 0.000000000 0.000000000 1.000000000 0.000000000
0.999995589 0.002963961 0.000138721 -0.005649492 -0.002964146 0.999994695 0.001347524 -0.012469127 -0.000134727 -0.001347929 0.999999106 0.772755802
0.999984026 0.005605895 0.000695088 -0.014379622 -0.005607264 0.999982297 0.001984463 -0.030171312 -0.000683951 -0.001988329 0.999997795 1.538400292
0.999976158 0.006802381 0.001183391 -0.022041352 -0.006804557 0.999975145 0.001845094 -0.048225284 -0.001170811 -0.001853103 0.999997616 2.273849249
0.999961376 0.008726082 0.001041142 -0.025049532 -0.008727658 0.999960721 0.001519069 -0.061474845 -0.001027845 -0.001528098 0.999998331 3.001390457
0.999957681 0.009022827 0.001785355 -0.035192996 -0.009025026 0.999958515 0.001228754 -0.074167229 -0.001774194 -0.001244815 0.999997675 3.717408180
0.999957085 0.009050945 0.001964092 -0.034482636 -0.009055039 0.999956846 0.002085872 -0.087218687 -0.001945128 -0.002103567 0.999995887 4.407108784
0.999945223 0.010039530 0.002963281 -0.047055583 -0.010054479 0.999936581 0.005074120 -0.101876214 -0.002912151 -0.005103636 0.999982715 5.088014126
0.999942064 0.009875606 0.004278971 -0.040693536 -0.009913241 0.999911487 0.008865100 -0.106690913 -0.004191045 -0.008907005 0.999951541 5.753648758
0.999942780 0.009177901 0.005475654 -0.037129283 -0.009245104 0.999880672 0.012376837 -0.117243163 -0.005361407 -0.012426753 0.999908388 6.382563114
0.999939024 0.008580767 0.006948736 -0.040985111 -0.008680608 0.999857605 0.014467972 -0.123528004 -0.006823601 -0.014527410 0.999871194 6.993402481
0.999930143 0.009159180 0.007465861 -0.025282662 -0.009266682 0.999851942 0.014493976 -0.133794188 -0.007332005 -0.014562147 0.999867082 7.571660519
0.999918401 0.009688372 0.008331093 -0.022295192 -0.009788163 0.999879837 0.012021784 -0.144581556 -0.008213621 -0.012102350 0.999893010 8.122053146
0.999909043 0.009740143 0.009339573 -0.022424936 -0.009823699 0.999911726 0.008942607 -0.146390051 -0.009251646 -0.009033540 0.999916375 8.654138565
0.999908388 0.008228353 0.010751271 -0.009769022 -0.008309668 0.999936938 0.007540585 -0.154629320 -0.010688547 -0.007629233 0.999913752 9.152024269
0.999908328 0.004115512 0.012897788 -0.005033843 -0.004182780 0.999977767 0.005192868 -0.160642639 -0.012876130 -0.005246342 0.999903321 9.620250702
0.999888837 0.002216195 0.014744874 0.003716841 -0.002277853 0.999988854 0.004166210 -0.167900592 -0.014735477 -0.004199334 0.999882638 10.060498238
0.999840379 0.006533851 0.016632825 0.009123340 -0.006569893 0.999976218 0.002113214 -0.177727267 -0.016618621 -0.002222153 0.999859393 10.475558281
0.999748588 0.010859894 0.019619847 0.010343209 -0.010892627 0.999939382 0.001562302 -0.187106207 -0.019601695 -0.001775621 0.999806285 10.863348007
0.999674499 0.011353660 0.022846814 0.018348470 -0.011416691 0.999931395 0.002630344 -0.196405172 -0.022815384 -0.002890323 0.999735594 11.205265999
0.999641061 0.006942199 0.025876813 0.034193814 -0.007028845 0.999970019 0.003258970 -0.204034269 -0.025853412 -0.003439684 0.999659836 11.522128105
0.999584675 0.002794528 0.028681958 0.048400342 -0.002870548 0.999992490 0.002609622 -0.201655149 -0.028674450 -0.002690870 0.999585211 11.810458183
0.999518394 -0.000653708 0.031027136 0.064346641 0.000528440 0.999991655 0.004045410 -0.207444146 -0.031029521 -0.004027065 0.999510407 12.068220139
0.999439359 -0.000991049 0.033467285 0.074108541 0.000819802 0.999986529 0.005130214 -0.214111835 -0.033471920 -0.005099900 0.999426663 12.300066948
0.999359369 -0.000321504 0.035787623 0.077162862 0.000175965 0.999991775 0.004069818 -0.217562124 -0.035788633 -0.004060914 0.999351144 12.504386902
0.999303937 0.000267994 0.037304431 0.098078668 -0.000381049 0.999995410 0.003023540 -0.227684513 -0.037303448 -0.003035651 0.999299347 12.701740265
0.999176979 0.002716151 0.040471748 0.093952596 -0.002803377 0.999993861 0.002098642 -0.232066542 -0.040465791 -0.002210372 0.999178529 12.859428406
0.999097347 0.005604411 0.042108826 0.097041786 -0.005671362 0.999982893 0.001470632 -0.238103211 -0.042099863 -0.001708118 0.999112010 13.026462555
0.999032319 0.007142050 0.043397401 0.104187369 -0.007147301 0.999974489 -0.000034171 -0.244332358 -0.043396533 -0.000276036 0.999057949 13.183888435
0.998955786 0.005935778 0.045300439 0.114618421 -0.005876538 0.999981701 -0.001440778 -0.254217982 -0.045308162 0.001173064 0.998972416 13.333518028
0.998876154 0.005263501 0.047103882 0.115743816 -0.005120820 0.999981940 -0.003149233 -0.256316125 -0.047119610 0.002904483 0.998885036 13.470535278
0.998821139 0.004100177 0.048367985 0.126614928 -0.003909916 0.999984205 -0.004027600 -0.257462114 -0.048383735 0.003833736 0.998821378 13.611202240
0.998757958 0.004766756 0.049596339 0.136792600 -0.004503728 0.999975264 -0.005413763 -0.260622710 -0.049620911 0.005183670 0.998754680 13.746174812
0.998679876 0.005569514 0.051062401 0.140821815 -0.005205296 0.999960184 -0.007262999 -0.267175823 -0.051100809 0.006987617 0.998669028 13.863468170
0.998620510 0.005947582 0.052168705 0.144184232 -0.005438999 0.999936342 -0.009885380 -0.264700711 -0.052224182 0.009587999 0.998589277 13.991497040
0.998609126 0.004814732 0.052501928 0.158184648 -0.004191179 0.999919534 -0.011980401 -0.270915121 -0.052555382 0.011743695 0.998548985 14.115866661
0.998626292 0.004204615 0.052227952 0.161996245 -0.003487137 0.999898434 -0.013820970 -0.274136841 -0.052280754 0.013619860 0.998539448 14.237798691
0.998744905 0.003583200 0.049954806 0.170305610 -0.002836369 0.999883294 -0.015012998 -0.277296066 -0.050002765 0.014852467 0.998638630 14.364191055
0.998884559 0.003546289 0.047085579 0.172177374 -0.002804628 0.999871135 -0.015808076 -0.281674325 -0.047135577 0.015658386 0.998765707 14.495130539
0.999066114 0.004555408 0.042966034 0.175899029 -0.003813594 0.999842584 -0.017331328 -0.279268146 -0.043038227 0.017151287 0.998926222 14.617212296
0.999307513 0.003995661 0.036993269 0.177138150 -0.003321151 0.999827445 -0.018276859 -0.284951985 -0.037059911 0.018141344 0.999148309 14.753226280
0.999531031 0.004088898 0.030344438 0.172237426 -0.003512021 0.999812603 -0.019039979 -0.289794058 -0.030416604 0.018924482 0.999358177 14.870644569
0.999717236 0.004012639 0.023435323 0.163049519 -0.003552308 0.999800622 -0.019651368 -0.294466496 -0.023509504 0.019562565 0.999532223 14.998422623
0.999877751 0.004109947 0.015090525 0.163408056 -0.003797054 0.999778450 -0.020704847 -0.292381227 -0.015172277 0.020645017 0.999671757 15.135878563
0.999982119 0.003257657 0.005008675 0.153476447 -0.003147721 0.999757409 -0.021802474 -0.298023939 -0.005078476 0.021786319 0.999749839 15.261942863
0.999967277 0.001366005 -0.007967465 0.144806817 -0.001552560 0.999723673 -0.023455625 -0.300189376 0.007933229 0.023467228 0.999693096 15.408587456
0.999716759 0.000480665 -0.023794886 0.123318493 -0.001084838 0.999677122 -0.025384488 -0.305166036 0.023775002 0.025403112 0.999394536 15.546254158
0.999069929 0.001073608 -0.043107048 0.097063005 -0.002221767 0.999643862 -0.026596015 -0.305796742 0.043063134 0.026667053 0.998716474 15.721961021
0.997882009 0.001739867 -0.065026909 0.062614202 -0.003429280 0.999659240 -0.025877627 -0.314486861 0.064959720 0.026045812 0.997547925 15.903558731
0.996076763 0.002430428 -0.088460252 0.018729806 -0.004643952 0.999681056 -0.024825616 -0.315993786 0.088371687 0.025139024 0.995770276 16.106674194
0.993342400 0.003577405 -0.115143910 -0.033698559 -0.006286817 0.999711633 -0.023176111 -0.322955757 0.115027793 0.023745701 0.993078411 16.326263428
0.989388585 0.004493891 -0.145223558 -0.106920242 -0.007588875 0.999755621 -0.020764913 -0.332301140 0.145094737 0.021646656 0.989180863 16.555492401
0.983992517 0.004235819 -0.178159490 -0.172122240 -0.007463360 0.999819994 -0.017449735 -0.337203264 0.178053454 0.018500078 0.983846903 16.784990311
0.976625741 0.005268828 -0.214882374 -0.262136698 -0.008386797 0.999872327 -0.013600959 -0.339397579 0.214783281 0.015085221 0.976545274 17.037708282
0.967003763 0.006676551 -0.254674911 -0.369156599 -0.009159891 0.999921322 -0.008566301 -0.341303706 0.254597664 0.010616438 0.966988802 17.299640656
0.955237925 0.010724354 -0.295644403 -0.504847050 -0.012287647 0.999918520 -0.003430282 -0.350323379 0.295583546 0.006909506 0.955291867 17.578268051
0.940972805 0.013963840 -0.338193923 -0.627611160 -0.014486401 0.999894559 0.000978898 -0.349584550 0.338171989 0.003978097 0.941075861 17.839313507
0.924255311 0.016599406 -0.381413788 -0.780251503 -0.015160664 0.999862075 0.006776867 -0.355798006 0.381473690 -0.000481069 0.924379528 18.115848541
0.904920578 0.019769069 -0.425121248 -0.953808784 -0.015145588 0.999783576 0.014252973 -0.357910216 0.425311118 -0.006459098 0.905024230 18.406099319
0.883424878 0.024413077 -0.467936456 -1.146983147 -0.016521759 0.999643743 0.020961497 -0.361020982 0.468281537 -0.010786778 0.883513570 18.671195984
0.858516216 0.029748645 -0.511922717 -1.339066029 -0.019389166 0.999485016 0.025565216 -0.362487167 0.512419581 -0.012022398 0.858650982 18.935029984
0.830637038 0.033109680 -0.555829048 -1.565264225 -0.020266524 0.999366939 0.029243860 -0.363784164 0.556445360 -0.013026313 0.830781937 19.203130722
0.799635768 0.036747575 -0.599360049 -1.824468613 -0.022741951 0.999262929 0.030925017 -0.356724739 0.600054681 -0.011098132 0.799881995 19.482023239
0.765891790 0.039898001 -0.641730309 -2.085284233 -0.023300992 0.999139488 0.034309790 -0.355090797 0.642547011 -0.011324633 0.766162515 19.737207413
0.728678226 0.043442897 -0.683476925 -2.381834030 -0.024278300 0.998997390 0.037613958 -0.334728003 0.684425831 -0.010814808 0.729002357 20.013231277
0.690021574 0.043694384 -0.722468793 -2.733885765 -0.021506267 0.998973072 0.039876789 -0.311578512 0.723469198 -0.011978239 0.690252602 20.292007446
0.648596764 0.043365736 -0.759895802 -3.082770348 -0.019003194 0.998987079 0.040790319 -0.295316517 0.760894954 -0.012016023 0.648763776 20.556673050
0.607200146 0.042349141 -0.793419480 -3.470390320 -0.013672903 0.998987615 0.042857621 -0.283997834 0.794431210 -0.015174807 0.607164443 20.792055130
0.561534762 0.042660657 -0.826352656 -3.864390373 -0.008903095 0.998923719 0.045519728 -0.273050427 0.827405155 -0.018203814 0.561310291 21.045074463
0.514347494 0.043987773 -0.856453061 -4.298214912 -0.007000758 0.998865724 0.047097813 -0.250580966 0.857553363 -0.018228820 0.514071882 21.271083832
0.465150476 0.043469548 -0.884163678 -4.766538143 -0.005771380 0.998921275 0.046075288 -0.228862345 0.885212898 -0.016329100 0.464899480 21.465908051
0.412329882 0.042523511 -0.910041690 -5.241174221 0.000109611 0.998907745 0.046725627 -0.212752521 0.911034644 -0.019366123 0.411874771 21.657060623
0.358202428 0.041567545 -0.932718158 -5.739635944 0.005569655 0.998895526 0.046655793 -0.192991853 0.933627367 -0.021907134 0.357575268 21.821735382
0.304447472 0.040501337 -0.951667726 -6.273786068 0.008303794 0.998944879 0.045169838 -0.168262601 0.952492952 -0.021654297 0.303789884 21.957818985
0.251838863 0.046197854 -0.966665924 -6.841331005 0.009089594 0.998703003 0.050096989 -0.134196937 0.967726469 -0.021402968 0.251092285 22.065738678
0.200398877 0.051134363 -0.978379130 -7.421197891 0.011664700 0.998441696 0.054572184 -0.106266081 0.979644895 -0.022348704 0.199490115 22.147439957
0.152099311 0.052284051 -0.986981332 -8.028727531 0.016942361 0.998315215 0.055495363 -0.077696204 0.988219917 -0.025162598 0.150957197 22.219371796
0.107419133 0.054183453 -0.992736280 -8.612545013 0.020970963 0.998168230 0.056749094 -0.070385039 0.993992627 -0.026914570 0.106086083 22.268106461
0.067201361 0.052301541 -0.996367693 -9.247632027 0.020676671 0.998337686 0.053799525 -0.038986742 0.997525156 -0.024216969 0.066008210 22.279624939
0.032071441 0.048045550 -0.998330057 -9.895691872 0.017788470 0.998658299 0.048632793 -0.005067348 0.999327362 -0.019318489 0.031173736 22.267185211
0.002969206 0.047992889 -0.998843253 -10.558656693 0.015918991 0.998718858 0.048034232 0.028975070 0.999868870 -0.016043201 0.002201403 22.256338120
-0.017618479 0.052008297 -0.998491168 -11.254279137 0.014416465 0.998555660 0.051757276 0.061293006 0.999740839 -0.013482830 -0.018342804 22.217678070
-0.030883912 0.058076538 -0.997834325 -11.986947060 0.016112674 0.998209715 0.057599686 0.093775213 0.999393046 -0.014298878 -0.031764392 22.193597794
-0.038816802 0.060588364 -0.997407794 -12.730699539 0.015432821 0.998077393 0.060028426 0.128510773 0.999127150 -0.013062703 -0.039677218 22.154655457
-0.042667415 0.057766289 -0.997418046 -13.497859955 0.016723184 0.998228431 0.057097863 0.163887560 0.998949289 -0.014243787 -0.043557867 22.115690231
-0.041980851 0.053949863 -0.997660756 -14.279334068 0.024330435 0.998300076 0.052960634 0.200190067 0.998822093 -0.022050191 -0.043222114 22.090686798
-0.037687883 0.052384879 -0.997915566 -15.080531120 0.036303882 0.998037577 0.051020209 0.244243383 0.998629808 -0.034305368 -0.039515700 22.075134277
-0.032007363 0.052404698 -0.998112857 -15.905748367 0.036495175 0.998019874 0.051229492 0.283769965 0.998821080 -0.034786582 -0.033856507 22.049243927
-0.026903957 0.051350247 -0.998318255 -16.754693985 0.034777038 0.998123229 0.050402999 0.309331715 0.999032915 -0.033362508 -0.028639272 22.020990372
-0.023835357 0.044733375 -0.998714626 -17.618839264 0.038464971 0.998299778 0.043796785 0.348346829 0.998975635 -0.037371613 -0.025515499 22.009044647
-0.021783287 0.033888102 -0.999188304 -18.506568909 0.036314394 0.998792648 0.033082999 0.384742558 0.999102950 -0.035564266 -0.022987615 21.989677429
-0.021218825 0.025867559 -0.999440074 -19.405221939 0.028611258 0.999271452 0.025255758 0.405351073 0.999365389 -0.028059345 -0.021943467 21.954473495
-0.022264119 0.022667104 -0.999495089 -20.315933228 0.022762436 0.999495327 0.022160064 0.433505714 0.999492943 -0.022257568 -0.022768840 21.914758682
-0.026003357 0.028937379 -0.999242961 -21.279884338 0.013729923 0.999496996 0.028587444 0.450303286 0.999567568 -0.012976161 -0.026387585 21.878461838
-0.030867632 0.037350655 -0.998825431 -22.244258881 0.009093315 0.999270737 0.037086286 0.471778035 0.999482095 -0.007937868 -0.031184759 21.829219818
-0.035114501 0.046942752 -0.998280287 -23.222608566 0.007484759 0.998880565 0.046707705 0.505577922 0.999355197 -0.005831769 -0.035426550 21.775455475
-0.037328880 0.056633800 -0.997696936 -24.258895874 0.006350266 0.998386085 0.056435332 0.547707796 0.999282837 -0.004228972 -0.037628282 21.748727798
-0.038232189 0.064596772 -0.997178853 -25.278421402 0.008380234 0.997894108 0.064321816 0.592251778 0.999233723 -0.005897428 -0.038693011 21.707311630
-0.039868832 0.065142348 -0.997079253 -26.307483673 0.009312314 0.997853518 0.064820588 0.648407876 0.999161422 -0.006700795 -0.040389884 21.664951324
-0.041454207 0.062405154 -0.997189641 -27.308994293 0.007930354 0.998036802 0.062128473 0.697576284 0.999108911 -0.005332581 -0.041867714 21.615291595
-0.044095255 0.057727553 -0.997358084 -28.328964233 0.007487932 0.998320282 0.057452172 0.742811561 0.998999178 -0.004934781 -0.044453442 21.562778473
-0.048562121 0.052369386 -0.997446358 -29.362335205 0.007329389 0.998616338 0.052073978 0.788930714 0.998793185 -0.004781849 -0.048878763 21.502866745
-0.054481346 0.047944050 -0.997363091 -30.386154175 0.008060583 0.998835146 0.047574501 0.825919688 0.998482227 -0.005447405 -0.054804333 21.448972702
-0.061219860 0.046254121 -0.997052014 -31.408885956 0.007247007 0.998919845 0.045895807 0.863713145 0.998098016 -0.004415907 -0.061488941 21.370986938
-0.067909382 0.048386805 -0.996517479 -32.463771820 0.007175238 0.998821080 0.048009690 0.906190991 0.997665703 -0.003889940 -0.068176530 21.296627045
-0.074138388 0.052936327 -0.995842040 -33.532413483 0.005429120 0.998596728 0.052678578 0.949637651 0.997233152 -0.001501039 -0.074321769 21.206771851
-0.080438964 0.056164097 -0.995176077 -34.604663849 0.003121725 0.998420537 0.056094885 0.990737796 0.996754646 0.001405549 -0.080487266 21.115360260
-0.085105725 0.058225732 -0.994669199 -35.675628662 -0.000133390 0.998290360 0.058449123 1.040883303 0.996371984 0.005107034 -0.084952459 21.013641357
-0.087959416 0.059566099 -0.994341433 -36.751724243 -0.004369659 0.998177767 0.060182456 1.089950681 0.996114492 0.009638549 -0.087538876 20.911943436
-0.089725621 0.060657311 -0.994117677 -37.825237274 -0.008769216 0.998056829 0.061689142 1.144492388 0.995927989 0.014252733 -0.089019358 20.803209305
-0.090672158 0.060330428 -0.994051695 -38.903366089 -0.009889076 0.998059571 0.061475702 1.192434788 0.995831609 0.015404387 -0.089899600 20.685678482
-0.092280924 0.059634622 -0.993945658 -39.983974457 -0.010378412 0.998093188 0.060847022 1.241224051 0.995678902 0.015930597 -0.091486037 20.579654694
-0.093182027 0.058758166 -0.993913770 -41.060409546 -0.011310481 0.998130143 0.060067825 1.293327808 0.995584846 0.016838882 -0.092343211 20.474308014
-0.094166525 0.057804156 -0.993876874 -42.151519775 -0.013602652 0.998144984 0.059341196 1.346248865 0.995463490 0.019107316 -0.093205556 20.360544205
-0.094546303 0.055452827 -0.993974805 -43.223274231 -0.018293679 0.998181999 0.057427630 1.389494300 0.995352387 0.023613026 -0.093359992 20.245195389
-0.095185496 0.050606553 -0.994172394 -44.323436737 -0.023196135 0.998323023 0.053038709 1.433337092 0.995189250 0.028109472 -0.093851991 20.134902954
-0.094202064 0.049774081 -0.994308114 -45.427906036 -0.025052069 0.998314559 0.052348115 1.485974669 0.995237887 0.029840771 -0.092796348 20.018383026
-0.092566632 0.054128155 -0.994234145 -46.540485382 -0.025895262 0.998052716 0.056746986 1.526503682 0.995369732 0.030998830 -0.090984717 19.910034180
-0.090749085 0.057304326 -0.994223714 -47.671123505 -0.025786221 0.997873187 0.059868336 1.572941303 0.995539844 0.031070272 -0.089078404 19.807132721
-0.089237809 0.056956161 -0.994380534 -48.778240204 -0.023669148 0.997960508 0.059285335 1.626492023 0.995728970 0.028826628 -0.087707698 19.704572678
-0.086341977 0.056110479 -0.994684160 -49.891597748 -0.023749771 0.998013079 0.058359820 1.677149653 0.995982468 0.028662419 -0.084837794 19.597127914
-0.082773469 0.056284301 -0.994977713 -51.034927368 -0.028104208 0.997874916 0.058786217 1.733573198 0.996172011 0.032828998 -0.081015743 19.502901077
-0.076651007 0.057070617 -0.995423317 -52.163734436 -0.033363298 0.997654557 0.059767630 1.789183378 0.996499598 0.037791848 -0.074567162 19.396860123
-0.070525222 0.056679774 -0.995898485 -53.286487579 -0.037302867 0.997536123 0.059414614 1.839531183 0.996812344 0.041340098 -0.068237133 19.298992157
-0.065224260 0.055614099 -0.996319652 -54.441772461 -0.038603928 0.997557580 0.058210421 1.899942517 0.997123599 0.042258587 -0.062918037 19.223344803
-0.059769593 0.054445945 -0.996726274 -55.578392029 -0.038007464 0.997663200 0.056776285 1.956555963 0.997488379 0.041276526 -0.057560578 19.155717850
-0.054072212 0.054068964 -0.997072101 -56.729278564 -0.037017029 0.997737944 0.056112539 2.010258198 0.997850657 0.039942779 -0.051948436 19.083196640
-0.048493043 0.054954723 -0.997310579 -57.865982056 -0.035881672 0.997744977 0.056723360 2.056616783 0.998178840 0.038535859 -0.046411820 19.023378372
-0.042706385 0.056416076 -0.997493505 -59.038166046 -0.034948871 0.997709036 0.057924554 2.109667540 0.998476207 0.037335023 -0.040636864 18.970994949
-0.037231445 0.057678767 -0.997640669 -60.193077087 -0.035450798 0.997628272 0.059001051 2.161003113 0.998677671 0.037563857 -0.035098393 18.926948547
-0.032084577 0.056857504 -0.997866690 -61.353477478 -0.035229139 0.997695982 0.057980508 2.210370302 0.998863995 0.037014268 -0.030007612 18.887855530
-0.027729148 0.052575558 -0.998231828 -62.519359589 -0.035077676 0.997949660 0.053535089 2.253367901 0.998999834 0.036500137 -0.025828063 18.857130051
-0.023567125 0.047253899 -0.998604834 -63.672832489 -0.035076592 0.998228252 0.048063878 2.297715425 0.999106646 0.036160391 -0.021867862 18.831655502
-0.019414786 0.047052842 -0.998703718 -64.860527039 -0.034498505 0.998265624 0.047702853 2.335655212 0.999216080 0.035379920 -0.017757863 18.791578293
-0.016782256 0.049895298 -0.998613358 -66.030822754 -0.033793490 0.998155117 0.050440319 2.363234997 0.999288023 0.034593128 -0.015065157 18.785566330
-0.014301196 0.049501710 -0.998671651 -67.201370239 -0.034496423 0.998154700 0.049970090 2.408836365 0.999302447 0.035165228 -0.012567178 18.756591797
-0.013477809 0.049224742 -0.998696744 -68.364379883 -0.036431033 0.998100221 0.049686983 2.454658270 0.999245286 0.037053235 -0.011658896 18.737041473
-0.012834158 0.050210338 -0.998656213 -69.545280457 -0.036774125 0.998039126 0.050651904 2.492149591 0.999241173 0.037374780 -0.010962551 18.714555740
-0.011470385 0.049684178 -0.998699069 -70.724113464 -0.037374634 0.998045623 0.050080925 2.534031391 0.999235451 0.037900466 -0.009591039 18.692667007
-0.010803875 0.048079900 -0.998785079 -71.891464233 -0.037593465 0.998117745 0.048454426 2.566643715 0.999234736 0.038071286 -0.008976048 18.678709030
-0.010037901 0.046758842 -0.998855710 -73.089904785 -0.035959337 0.998243093 0.047091525 2.610379219 0.999302864 0.036390889 -0.008338848 18.661668777
-0.008923252 0.046131924 -0.998895466 -74.277976990 -0.033042014 0.998376071 0.046403103 2.655191660 0.999414206 0.033419587 -0.007384472 18.642084122
-0.009397973 0.047490124 -0.998827517 -75.460479736 -0.030475702 0.998394012 0.047756251 2.685889482 0.999491334 0.030888775 -0.007935587 18.636857986
-0.009251717 0.050231606 -0.998694718 -76.646598816 -0.030129805 0.998269975 0.050489351 2.725816250 0.999503195 0.030557588 -0.007722242 18.620731354
-0.008867453 0.053622540 -0.998521924 -77.825874329 -0.032420117 0.998020768 0.053883549 2.768267155 0.999435008 0.032850008 -0.007111455 18.604206085
-0.008079516 0.053817425 -0.998518169 -79.004867554 -0.034669992 0.997935295 0.054066550 2.810895920 0.999366224 0.035055444 -0.006196986 18.585161209
-0.007959557 0.051434454 -0.998644650 -80.182090759 -0.035735715 0.998023570 0.051687311 2.856074333 0.999329507 0.036098693 -0.006105780 18.575593948
-0.008360002 0.048861977 -0.998770535 -81.378341675 -0.035049487 0.998177528 0.049126316 2.902641058 0.999350607 0.035417095 -0.006632178 18.566165924
-0.008052167 0.048324250 -0.998799205 -82.559692383 -0.032855541 0.998279512 0.048563980 2.941705704 0.999427676 0.033207133 -0.006450595 18.550512314
-0.008352031 0.049824372 -0.998723090 -83.747093201 -0.031534791 0.998247981 0.050064385 2.975570202 0.999467731 0.031912658 -0.006766198 18.542280197
-0.007931619 0.052568555 -0.998585820 -84.920837402 -0.030885974 0.998127937 0.052789770 3.014807940 0.999491394 0.031261005 -0.006293139 18.527008057
-0.007782503 0.054904059 -0.998461246 -86.094612122 -0.031295404 0.997988999 0.055122022 3.057100534 0.999479830 0.031676237 -0.006048607 18.519769669
-0.007097566 0.055096645 -0.998455822 -87.283393860 -0.033684507 0.997901082 0.055305488 3.098660946 0.999407291 0.034025021 -0.005226765 18.490604401
-0.007093220 0.053120550 -0.998562932 -88.455116272 -0.033014305 0.998031199 0.053326782 3.141229868 0.999429643 0.033345114 -0.005325518 18.483436584
-0.006773868 0.051829278 -0.998633027 -89.629386902 -0.031706668 0.998142600 0.052018899 3.182177544 0.999474227 0.032015692 -0.005117953 18.469648361
-0.006328151 0.052799940 -0.998585045 -90.780746460 -0.029905410 0.998148382 0.052966367 3.224450350 0.999532819 0.030198267 -0.004737430 18.457727432
-0.006401894 0.055337403 -0.998447120 -91.959022522 -0.027580803 0.998077989 0.055493783 3.274641514 0.999599040 0.027893238 -0.004863339 18.453237534
-0.006253592 0.058189724 -0.998285949 -93.131912231 -0.026375629 0.997948527 0.058335282 3.313780785 0.999632537 0.026695229 -0.004705973 18.447624207
-0.005927953 0.059862338 -0.998189092 -94.299972534 -0.026921088 0.997835219 0.060000997 3.363771200 0.999619961 0.027228018 -0.004303562 18.436986923
-0.005131105 0.061815582 -0.998074412 -95.469055176 -0.029696733 0.997637868 0.061941214 3.414658070 0.999545813 0.029957380 -0.003283264 18.415580750
-0.004842734 0.061142668 -0.998117268 -96.622161865 -0.031800181 0.997614741 0.061266173 3.459096670 0.999482453 0.032037009 -0.002886835 18.406250000
-0.004833414 0.056759890 -0.998376131 -97.774642944 -0.034129415 0.997796714 0.056892183 3.513164520 0.999405682 0.034348980 -0.002885583 18.388982773
-0.004592459 0.054984704 -0.998476624 -98.933815002 -0.035726812 0.997840643 0.055114005 3.562672853 0.999350965 0.035925493 -0.002618114 18.375398636
-0.004410255 0.053741980 -0.998545051 -100.090744019 -0.035196379 0.997927785 0.053864200 3.595426321 0.999370694 0.035382736 -0.002509592 18.367145538
-0.004367268 0.054161578 -0.998522639 -101.257728577 -0.033837397 0.997952402 0.054278642 3.641444445 0.999417841 0.034024458 -0.002525639 18.365831375
-0.004036002 0.056377139 -0.998401344 -102.399208069 -0.034060337 0.997822523 0.056482129 3.682760000 0.999411643 0.034233857 -0.002106991 18.347375870
-0.004131529 0.058643866 -0.998270392 -103.574897766 -0.032706559 0.997736931 0.058747880 3.727240562 0.999456465 0.032892711 -0.002204141 18.339321136
-0.004770662 0.057192244 -0.998351693 -104.738197327 -0.036636293 0.997682929 0.057328988 3.784915924 0.999317288 0.036849409 -0.002664295 18.323966980
-0.004604845 0.058666084 -0.998267055 -105.894447327 -0.040042184 0.997466147 0.058803733 3.829042673 0.999187291 0.040243570 -0.002244060 18.307634354
-0.004848760 0.057820216 -0.998315215 -107.070419312 -0.043488849 0.997370243 0.057976704 3.882262945 0.999042034 0.043696694 -0.002321475 18.289354324
-0.005262272 0.054004267 -0.998526812 -108.225624084 -0.045011558 0.997515798 0.054186791 3.931949377 0.998972476 0.045230389 -0.002818383 18.275274277
-0.005626414 0.050204631 -0.998723090 -109.433815002 -0.044657450 0.997729897 0.050406277 3.976216316 0.998986542 0.044884034 -0.003371631 18.264034271
-0.006506614 0.049400140 -0.998757780 -110.626869202 -0.041448791 0.997907400 0.049628094 4.020494461 0.999119461 0.041720212 -0.004445422 18.251342773
-0.007150928 0.048857033 -0.998780191 -111.803459167 -0.037113000 0.998104632 0.049089704 4.057550907 0.999285519 0.037418764 -0.005324143 18.253866196
-0.007268615 0.050315678 -0.998706937 -113.025932312 -0.036371473 0.998059094 0.050547760 4.111474991 0.999311924 0.036691856 -0.005424452 18.233379364
-0.008357201 0.054521106 -0.998477697 -114.250801086 -0.035179667 0.997878492 0.054782838 4.147096157 0.999346137 0.035583947 -0.006421435 18.228891373
-0.008700850 0.054255474 -0.998489320 -115.495132446 -0.033478785 0.997951388 0.054518003 4.213659286 0.999401569 0.033902567 -0.006866620 18.210020065
-0.009632625 0.049563114 -0.998724580 -116.718811035 -0.033701368 0.998187363 0.049861506 4.267455578 0.999385595 0.034138680 -0.007944820 18.195703506
-0.010310371 0.046528015 -0.998863876 -117.954124451 -0.033791173 0.998330057 0.046851955 4.300587654 0.999375820 0.034235846 -0.008720919 18.174867630
-0.010931522 0.044915523 -0.998930991 -119.204032898 -0.032700080 0.998440325 0.045251302 4.347220421 0.999405444 0.033159789 -0.009445731 18.164392471
-0.011773231 0.046114068 -0.998866856 -120.446159363 -0.034688503 0.998315871 0.046497494 4.391473770 0.999328852 0.035196625 -0.010153778 18.142210007
-0.012426576 0.051193975 -0.998611450 -121.716087341 -0.039602760 0.997879803 0.051649276 4.433151245 0.999138236 0.040189594 -0.010372805 18.119688034
-0.012077026 0.054263122 -0.998453617 -122.974281311 -0.045214608 0.997475505 0.054756869 4.479434013 0.998904288 0.045805991 -0.009593052 18.074279785
-0.012066400 0.054191150 -0.998457611 -124.238044739 -0.052382864 0.997124970 0.054751869 4.531889915 0.998554111 0.052962732 -0.009193022 18.040924072
-0.011528704 0.051931739 -0.998584092 -125.495803833 -0.055752475 0.997063637 0.052496333 4.583336353 0.998377979 0.056278747 -0.008599529 18.005537033
-0.012325515 0.050660040 -0.998639882 -126.763381958 -0.058216617 0.996985316 0.051294636 4.631943703 0.998227894 0.058769669 -0.009339101 17.985237122
-0.013310184 0.049795877 -0.998670697 -128.025772095 -0.057908405 0.997044504 0.050486587 4.675298214 0.998233140 0.058503412 -0.010387245 17.966547012
-0.013240145 0.049670029 -0.998677850 -129.307144165 -0.056024577 0.997159600 0.050337274 4.713090897 0.998341620 0.056616984 -0.010419794 17.940044403
-0.013692565 0.050408103 -0.998634815 -130.558609009 -0.056202505 0.997110784 0.051101785 4.755150318 0.998325527 0.056825493 -0.010819943 17.919601440
-0.014451224 0.055319417 -0.998364151 -131.831878662 -0.056091584 0.996851206 0.056047495 4.803284645 0.998321056 0.056809787 -0.011302766 17.896181107
-0.014981384 0.059250839 -0.998130739 -133.114318848 -0.055316355 0.996664822 0.059994090 4.858235836 0.998356521 0.056111749 -0.011653879 17.872848511
-0.014588112 0.058207445 -0.998197913 -134.365249634 -0.055273261 0.996730745 0.058929671 4.906877041 0.998364687 0.056033328 -0.011323103 17.836561203
-0.014124807 0.056500763 -0.998302639 -135.639556885 -0.054875612 0.996853769 0.057195190 4.962053299 0.998393297 0.055590332 -0.010979851 17.821350098
-0.012536738 0.055843543 -0.998360872 -136.891326904 -0.053810947 0.996954858 0.056440618 5.015966892 0.998472512 0.054430325 -0.009493568 17.794000626
-0.011974234 0.055225801 -0.998402059 -138.143081665 -0.054609910 0.996947408 0.055800300 5.061960220 0.998435974 0.055190820 -0.008921808 17.779903412
-0.011383585 0.057469066 -0.998282373 -139.387863159 -0.054523803 0.996826172 0.058006980 5.110921860 0.998447597 0.055090487 -0.008214023 17.764862061
-0.010319971 0.060938559 -0.998088181 -140.657821655 -0.055303402 0.996578932 0.061418220 5.166686535 0.998416245 0.055831514 -0.006914554 17.744314194
-0.008868519 0.061794728 -0.998049498 -141.916519165 -0.056808829 0.996445656 0.062200222 5.225527287 0.998345673 0.057249643 -0.005326512 17.722993851
-0.007564085 0.059276838 -0.998212934 -143.172302246 -0.058905166 0.996481538 0.059620384 5.277437687 0.998234928 0.059250873 -0.004045761 17.702220917
-0.007932509 0.056288037 -0.998383045 -144.419219971 -0.057750724 0.996722281 0.056653254 5.327628136 0.998299658 0.058106747 -0.004655832 17.685482025
-0.007588722 0.054816291 -0.998467624 -145.667022705 -0.054960854 0.996964216 0.055151474 5.376432419 0.998459756 0.055295162 -0.004552934 17.671237946
-0.007847589 0.054524112 -0.998481631 -146.925140381 -0.053112544 0.997080326 0.054865018 5.414152145 0.998557687 0.053462464 -0.004928761 17.660099030
-0.008072537 0.054747622 -0.998467624 -148.162048340 -0.051257573 0.997164905 0.055090599 5.466700554 0.998652875 0.051623747 -0.005243420 17.648931503
-0.008435880 0.053106792 -0.998553157 -149.415237427 -0.048874434 0.997373402 0.053456943 5.515704155 0.998769224 0.049254674 -0.005818158 17.648527145
-0.008377819 0.053263590 -0.998545289 -150.655487061 -0.048015639 0.997407138 0.053605732 5.562613487 0.998811364 0.048394885 -0.005798611 17.632846832
-0.008909788 0.055850431 -0.998399436 -151.891738892 -0.045724947 0.997371912 0.056201003 5.614301682 0.998914301 0.046152491 -0.006332615 17.625577927
-0.008563097 0.057158563 -0.998328388 -153.137573242 -0.043731403 0.997388542 0.057479840 5.662869453 0.999006569 0.044150513 -0.006041111 17.604820251
-0.008231672 0.055599812 -0.998419225 -154.365798950 -0.041662082 0.997567058 0.055895850 5.714751244 0.999097884 0.042056337 -0.005895241 17.584793091
-0.009644079 0.056019545 -0.998383045 -155.605606079 -0.042236250 0.997515798 0.056378841 5.763424397 0.999061108 0.042711686 -0.007254064 17.580291748
-0.009405199 0.060669839 -0.998113513 -156.832931519 -0.043083668 0.997206151 0.061020657 5.817419529 0.999027252 0.043576304 -0.006765044 17.562423706
-0.009173729 0.067439251 -0.997681260 -158.068969727 -0.048186265 0.996534288 0.067804806 5.869240284 0.998796284 0.048696548 -0.005892289 17.544380188
-0.007883734 0.067674696 -0.997676313 -159.330474854 -0.052302506 0.996313691 0.067995578 5.925811291 0.998600185 0.052717023 -0.004315116 17.521833420
-0.006390354 0.063422099 -0.997966349 -160.559127808 -0.056206692 0.996386230 0.063681580 5.990808487 0.998398662 0.056499343 -0.002802515 17.495103836
-0.004692922 0.058536436 -0.998274267 -161.785858154 -0.058046710 0.996585965 0.058710329 6.037438393 0.998302758 0.058222067 -0.001279052 17.480110168
-0.004080552 0.057105042 -0.998359919 -163.007308960 -0.060583945 0.996520162 0.057247438 6.089457989 0.998154700 0.060718186 -0.000606703 17.467388153
-0.002667115 0.053866941 -0.998544574 -164.213455200 -0.055599783 0.996995509 0.053931877 6.132329941 0.998449564 0.055662710 0.000335888 17.471750259
-0.002470760 0.049008254 -0.998795331 -165.426055908 -0.052456517 0.997416914 0.049070373 6.183435440 0.998620093 0.052514575 0.000106424 17.463903427
-0.002839923 0.045665421 -0.998952746 -166.668563843 -0.046241011 0.997882187 0.045747932 6.226407051 0.998926282 0.046322513 -0.000722294 17.464849472
-0.003935260 0.048775822 -0.998802066 -167.896133423 -0.044163052 0.997826636 0.048902199 6.268602371 0.999016643 0.044302594 -0.001772618 17.460517883
-0.003481391 0.055054080 -0.998477280 -169.126434326 -0.045009546 0.997462869 0.055155076 6.314178467 0.998980522 0.045133032 -0.000994598 17.451402664
-0.001828127 0.058494568 -0.998286068 -170.350677490 -0.046225663 0.997215629 0.058516487 6.358201981 0.998929262 0.046253406 0.000880913 17.446752548
0.000007135 0.054890692 -0.998492360 -171.565979004 -0.047029521 0.997387469 0.054829620 6.411220074 0.998893499 0.046958223 0.002588599 17.437444687
0.000411043 0.055306759 -0.998469353 -172.788192749 -0.049251143 0.997258782 0.055219430 6.459862709 0.998786271 0.049153060 0.003133837 17.438823700
0.001729184 0.056355808 -0.998409152 -174.000076294 -0.047908366 0.997268975 0.056208462 6.506323814 0.998850226 0.047734961 0.004424376 17.430070877
0.001960133 0.053978071 -0.998540282 -175.202575684 -0.047439680 0.997422993 0.053824544 6.556879044 0.998872161 0.047264922 0.004515782 17.434019089
0.004303338 0.052528702 -0.998610139 -176.411819458 -0.048471376 0.997456491 0.052259147 6.601321220 0.998815298 0.048179120 0.006838531 17.423898697
0.005364654 0.054282635 -0.998511195 -177.574356079 -0.049613547 0.997310281 0.053950794 6.642477512 0.998754144 0.049250264 0.008043378 17.435743332
0.007194036 0.056428377 -0.998380721 -178.692474365 -0.049774285 0.997189164 0.056002378 6.671957016 0.998734593 0.049290795 0.009982498 17.425733566
0.007469277 0.057700049 -0.998305976 -179.782653809 -0.050598811 0.997076809 0.057250433 6.708298683 0.998691142 0.050085470 0.010366998 17.430944443
0.008018127 0.059315257 -0.998207211 -180.873062134 -0.051064316 0.996961057 0.058831047 6.737284660 0.998663187 0.050501041 0.011022653 17.426122665
0.007557274 0.060172904 -0.998159289 -181.925094604 -0.050316125 0.996946275 0.059718829 6.776470184 0.998704791 0.049772192 0.010561864 17.435979843
0.008477297 0.059357304 -0.998200774 -182.950408936 -0.050922461 0.996967077 0.058851469 6.812844276 0.998666644 0.050331946 0.011474207 17.432344437
0.009889158 0.059434488 -0.998183250 -183.926254272 -0.051589102 0.996932924 0.058848947 6.844455719 0.998619497 0.050913405 0.012925002 17.439373016
0.011135529 0.060234144 -0.998122156 -184.890228271 -0.052391011 0.996848166 0.059572764 6.877176285 0.998564482 0.051629256 0.014256160 17.448963165
0.010872110 0.058692865 -0.998216867 -185.827514648 -0.051069174 0.997005701 0.058065433 6.908251762 0.998635888 0.050346810 0.013836951 17.451513290
0.007261506 0.055525873 -0.998430789 -186.764556885 -0.048440106 0.997304559 0.055110931 6.939499855 0.998799682 0.047963906 0.009931611 17.461874008
0.002279094 0.051830150 -0.998653412 -187.689285278 -0.048297815 0.997496188 0.051659867 6.972050190 0.998830378 0.048115030 0.004776671 17.460851669
-0.002553271 0.048934437 -0.998798728 -188.614440918 -0.049999718 0.997546554 0.049000904 7.004075527 0.998745918 0.050064772 -0.000100300 17.446554184
-0.006249266 0.048226576 -0.998816848 -189.553894043 -0.052053396 0.997466505 0.048487067 7.033182144 0.998624742 0.052294813 -0.003723077 17.432859421
-0.008836686 0.049150780 -0.998752236 -190.467788696 -0.053907618 0.997315347 0.049557038 7.058096886 0.998506725 0.054278277 -0.006163361 17.409391403
-0.010792738 0.050625842 -0.998659313 -191.402893066 -0.052723657 0.997299433 0.051126704 7.093489647 0.998550832 0.053204767 -0.008094413 17.394157410
-0.012899499 0.052141327 -0.998556376 -192.324050903 -0.049330290 0.997390389 0.052717686 7.122854233 0.998699188 0.049939118 -0.010293690 17.395753860
-0.014217838 0.052241087 -0.998533189 -193.239822388 -0.047881130 0.997453034 0.052866332 7.158611298 0.998751819 0.048562553 -0.011680262 17.378335953
-0.014917579 0.050889362 -0.998592854 -194.141891479 -0.048490215 0.997492135 0.051557641 7.194349289 0.998712242 0.049191095 -0.012412529 17.356172562
-0.015644670 0.050013166 -0.998625934 -195.056900024 -0.050207935 0.997448921 0.050740778 7.219796181 0.998616219 0.050932769 -0.013093701 17.332542419
-0.015818616 0.050007664 -0.998623490 -195.966583252 -0.053490978 0.997275949 0.050787494 7.241916656 0.998443007 0.054220743 -0.013100564 17.317218781
-0.015316557 0.047972746 -0.998731196 -196.883590698 -0.056253415 0.997224987 0.048763104 7.276347160 0.998299062 0.056928921 -0.012575421 17.299171448
-0.014483557 0.045659542 -0.998852015 -197.791946411 -0.056109998 0.997345686 0.046404276 7.299667358 0.998319507 0.056717690 -0.011883156 17.283880234
-0.013412338 0.043015093 -0.998984396 -198.718795776 -0.056191482 0.997462928 0.043704003 7.329419613 0.998329878 0.056720581 -0.010961227 17.254547119
-0.012322730 0.042635687 -0.999014795 -199.631530762 -0.055901118 0.997498631 0.043260526 7.355595589 0.998360276 0.056379121 -0.009908523 17.240085602
-0.012512521 0.045342132 -0.998893142 -200.563308716 -0.053452723 0.997512639 0.045949038 7.383132935 0.998492002 0.053968500 -0.010057737 17.236036301
-0.011946453 0.046569739 -0.998843610 -201.506286621 -0.052880932 0.997487664 0.047138985 7.411150932 0.998529375 0.053382929 -0.009453787 17.215347290
-0.011100378 0.043073449 -0.999010265 -202.432403564 -0.047964800 0.997898817 0.043558482 7.438376904 0.998787463 0.048400838 -0.009011045 17.206876755
-0.010623945 0.039978392 -0.999144077 -203.367813110 -0.046402711 0.998104215 0.040430196 7.466969490 0.998866320 0.046792518 -0.008748699 17.193326950
-0.010427400 0.040429328 -0.999128044 -204.309600830 -0.051051721 0.997857630 0.040910728 7.498191357 0.998641551 0.051433794 -0.008341077 17.175395966
-0.008811619 0.044246957 -0.998981774 -205.255081177 -0.051823474 0.997657835 0.044645429 7.527732849 0.998617351 0.052164108 -0.006497950 17.161392212
-0.006580385 0.043883651 -0.999015093 -206.235031128 -0.049622666 0.997791469 0.044156775 7.560590267 0.998746336 0.049864355 -0.004388228 17.147508621
-0.004482115 0.044876512 -0.998982489 -207.196411133 -0.048385229 0.997812629 0.045041054 7.599868774 0.998818696 0.048537865 -0.002300950 17.142049789
-0.002951247 0.049453571 -0.998772025 -208.166854858 -0.049516790 0.997543991 0.049539078 7.635548592 0.998768985 0.049602192 -0.000495216 17.135421753
-0.001360037 0.053330842 -0.998575926 -209.167236328 -0.046764497 0.997480989 0.053336054 7.673755646 0.998905003 0.046770442 0.001137378 17.138803482
-0.000088981 0.053582408 -0.998563409 -210.156448364 -0.046268299 0.997493744 0.053529136 7.716461182 0.998928964 0.046206597 0.002390409 17.136089325
0.001610495 0.054587498 -0.998507619 -211.169982910 -0.049595434 0.997284532 0.054440632 7.756008148 0.998768151 0.049433753 0.004313414 17.134651184
0.005077575 0.056407832 -0.998394907 -212.200210571 -0.052054826 0.997069061 0.056068182 7.802222729 0.998631299 0.051686581 0.007998991 17.126523972
0.008439414 0.056601446 -0.998361230 -213.228027344 -0.053202756 0.997008145 0.056074988 7.847708702 0.998548031 0.052642316 0.011425517 17.134820938
0.011439155 0.053781457 -0.998487234 -214.250961304 -0.055952892 0.997022450 0.053061530 7.890332222 0.998367906 0.055261258 0.014414323 17.134834290
