1.000000000 0.000000000 0.000000000 0.000000000 0.000000000 1.000000000 0.000000000 0.000000000 0.000000000 0.000000000 1.000000000 0.000000000
0.999995649 0.002946995 0.000151024 -0.005929156 -0.002947202 0.999994695 0.001383992 -0.012906854 -0.000146945 -0.001384431 0.999999046 0.772523761
0.999984086 0.005606411 0.000646750 -0.013143876 -0.005607617 0.999982536 0.001880164 -0.029129788 -0.000636197 -0.001883761 0.999998033 1.539701104
0.999976039 0.006815419 0.001212480 -0.021598972 -0.006817535 0.999975204 0.001750659 -0.047201440 -0.001200518 -0.001758884 0.999997675 2.275498867
0.999961078 0.008748098 0.001090445 -0.024509180 -0.008749672 0.999960661 0.001447692 -0.060453948 -0.001077737 -0.001457177 0.999998271 3.003046274
0.999957860 0.008997743 0.001808624 -0.035343818 -0.008999832 0.999958813 0.001151248 -0.073826455 -0.001798191 -0.001167476 0.999997616 3.720161438
0.999956131 0.009207706 0.001697472 -0.026537942 -0.009211007 0.999955654 0.001947091 -0.085140593 -0.001679469 -0.001962641 0.999996603 4.419885635
0.999943912 0.010163974 0.002978139 -0.046783138 -0.010178749 0.999935746 0.004988746 -0.101910427 -0.002927242 -0.005018780 0.999983072 5.089318752
0.999941051 0.009944450 0.004364148 -0.042725775 -0.009982477 0.999911606 0.008779873 -0.107432678 -0.004276450 -0.008822919 0.999951899 5.759086132
0.999941766 0.009249308 0.005569169 -0.039957289 -0.009318489 0.999878109 0.012526955 -0.119949773 -0.005452625 -0.012578121 0.999906063 6.384652138
0.999939740 0.008603959 0.006818620 -0.041981816 -0.008702529 0.999856055 0.014560507 -0.126391605 -0.006692360 -0.014618968 0.999870777 6.993082523
0.999929190 0.009162994 0.007593730 -0.025338577 -0.009271434 0.999853730 0.014369707 -0.134821102 -0.007460950 -0.014439095 0.999867916 7.583748341
0.999915242 0.009744523 0.008631011 -0.025225669 -0.009846578 0.999881148 0.011861598 -0.144931257 -0.008514399 -0.011945580 0.999892414 8.130740166
0.999908209 0.009673419 0.009491865 -0.022833012 -0.009757336 0.999913394 0.008834531 -0.148089603 -0.009405582 -0.008926335 0.999915898 8.664452553
0.999906778 0.008156837 0.010954442 -0.011071770 -0.008238868 0.999938250 0.007464213 -0.157520950 -0.010892880 -0.007553769 0.999912143 9.170239449
0.999906182 0.004110225 0.013070831 -0.008520799 -0.004175885 0.999978781 0.005000010 -0.161389038 -0.013050003 -0.005054123 0.999902070 9.623682022
0.999890387 0.002172024 0.014641189 0.011715756 -0.002232529 0.999989033 0.004117459 -0.170829773 -0.014632085 -0.004149694 0.999884248 10.077649117
0.999841988 0.006545911 0.016523456 0.016701376 -0.006582747 0.999975920 0.002175936 -0.182101920 -0.016508814 -0.002284362 0.999861062 10.493524551
0.999745846 0.010895637 0.019734167 0.016006915 -0.010924894 0.999939382 0.001375400 -0.188453227 -0.019717984 -0.001590643 0.999804318 10.880784035
0.999679267 0.011156336 0.022734338 0.026751224 -0.011217660 0.999933839 0.002571671 -0.199510962 -0.022704143 -0.002825873 0.999738276 11.224385262
0.999641120 0.006772037 0.025915872 0.041203320 -0.006856901 0.999971449 0.003187098 -0.206725538 -0.025893549 -0.003363657 0.999659002 11.545219421
0.999587357 0.002927618 0.028573763 0.057269219 -0.003002166 0.999992251 0.002566383 -0.204047650 -0.028566027 -0.002651107 0.999588370 11.832580566
0.999514401 -0.001025801 0.031142592 0.068191603 0.000898458 0.999991179 0.004102744 -0.214085534 -0.031146524 -0.004072773 0.999506474 12.080627441
0.999434352 -0.001421034 0.033599820 0.078739114 0.001250167 0.999986172 0.005105826 -0.218373120 -0.033606611 -0.005060933 0.999422312 12.312299728
0.999358356 -0.000691885 0.035810832 0.084563442 0.000541841 0.999991000 0.004199425 -0.225170329 -0.035813417 -0.004177328 0.999349773 12.512140274
0.999287486 0.000242151 0.037740406 0.097373031 -0.000350556 0.999995828 0.002865789 -0.230801612 -0.037739549 -0.002876978 0.999283493 12.701311111
0.999172807 0.002510313 0.040586587 0.096839949 -0.002592699 0.999994695 0.001977371 -0.235183343 -0.040581401 -0.002080965 0.999174058 12.874969482
0.999088049 0.005538032 0.042336434 0.098906994 -0.005605333 0.999983251 0.001471138 -0.244784266 -0.042327579 -0.001707106 0.999102294 13.041597366
0.999027073 0.006792670 0.043573454 0.106363393 -0.006799461 0.999976814 0.000007646 -0.248511598 -0.043572392 -0.000303914 0.999050260 13.195311546
0.998936892 0.005844762 0.045726478 0.113018386 -0.005779351 0.999982059 -0.001562564 -0.257230192 -0.045734793 0.001296633 0.998952746 13.339715004
0.998888493 0.004675822 0.046902511 0.127741724 -0.004531543 0.999984682 -0.003182000 -0.256776243 -0.046916675 0.002965923 0.998894393 13.500082970
0.998834312 0.003837588 0.048117552 0.139294729 -0.003653282 0.999985635 -0.003917689 -0.263870031 -0.048131902 0.003737334 0.998834014 13.636354446
0.998766363 0.004404901 0.049459491 0.147142082 -0.004148260 0.999977350 -0.005290344 -0.267172009 -0.049481679 0.005078647 0.998762131 13.765823364
0.998685598 0.005232133 0.050986923 0.150888443 -0.004868608 0.999961793 -0.007251361 -0.268970817 -0.051022917 0.006993593 0.998673022 13.887043953
0.998636067 0.005392570 0.051930863 0.158656523 -0.004893959 0.999940753 -0.009723831 -0.269102246 -0.051980224 0.009456420 0.998603344 14.010661125
0.998597682 0.004359450 0.052760754 0.163950443 -0.003738650 0.999922693 -0.011859301 -0.274939209 -0.052808370 0.011645418 0.998536766 14.132705688
0.998620629 0.003773508 0.052369785 0.171407387 -0.003062364 0.999902129 -0.013652897 -0.280093461 -0.052416176 0.013473691 0.998534381 14.258728981
0.998732746 0.003028250 0.050235525 0.175675049 -0.002285190 0.999887228 -0.014842392 -0.283027649 -0.050274804 0.014708786 0.998627067 14.382446289
0.998887718 0.003355321 0.047031883 0.181142047 -0.002608693 0.999869764 -0.015927361 -0.283098161 -0.047079194 0.015786953 0.998766422 14.509265900
0.999066353 0.004057496 0.043008145 0.183067113 -0.003313691 0.999843895 -0.017351706 -0.282334417 -0.043071836 0.017192990 0.998924017 14.636417389
0.999298573 0.003788114 0.037257139 0.180561468 -0.003102621 0.999825180 -0.018439628 -0.288749248 -0.037320476 0.018311100 0.999135554 14.762493134
0.999523044 0.003978629 0.030624211 0.179529265 -0.003395054 0.999812067 -0.019084489 -0.291434169 -0.030694384 0.018971415 0.999348760 14.891225815
0.999716640 0.004325990 0.023407536 0.172101900 -0.003865457 0.999798715 -0.019684186 -0.295491278 -0.023487978 0.019588130 0.999532223 15.012165070
0.999878883 0.003570769 0.015146616 0.172121465 -0.003258424 0.999782562 -0.020596216 -0.300156862 -0.015216865 0.020544367 0.999673128 15.155452728
0.999981165 0.002864354 0.005419858 0.157639742 -0.002746082 0.999760628 -0.021705091 -0.304426283 -0.005480729 0.021689799 0.999749720 15.284639359
0.999968529 0.001148588 -0.007849728 0.149380162 -0.001330704 0.999729156 -0.023234546 -0.309609652 0.007820919 0.023244258 0.999699175 15.437205315
0.999714434 0.000147289 -0.023896316 0.134970158 -0.000754358 0.999677300 -0.025397275 -0.307816744 0.023884861 0.025408054 0.999391735 15.567763329
0.999066353 0.000661048 -0.043198165 0.108762525 -0.001805670 0.999648213 -0.026463369 -0.310264587 0.043165468 0.026516661 0.998715937 15.740264893
0.997873306 0.001440047 -0.065168336 0.076494053 -0.003143663 0.999655843 -0.026046786 -0.316260695 0.065108396 0.026196264 0.997534275 15.925728798
0.996065676 0.002122042 -0.088592283 0.031181056 -0.004320100 0.999687374 -0.024626575 -0.322243959 0.088512339 0.024912417 0.995763540 16.127164841
0.993283927 0.003182838 -0.115659036 -0.013058028 -0.005903239 0.999713719 -0.023185952 -0.327506483 0.115552135 0.023712996 0.993018329 16.349103928
0.989397049 0.004028917 -0.145180330 -0.094378136 -0.007127313 0.999757588 -0.020827906 -0.337634385 0.145061225 0.021641811 0.989185989 16.577098846
0.983970881 0.004152737 -0.178280830 -0.158825889 -0.007403230 0.999818206 -0.017571049 -0.339665294 0.178175420 0.018609250 0.983822763 16.803586960
0.976572812 0.004970822 -0.215129808 -0.247185975 -0.008050822 0.999877214 -0.013443058 -0.345761299 0.215036541 0.014860095 0.976493001 17.057096481
0.966955543 0.006588419 -0.254860073 -0.354248345 -0.009040263 0.999923408 -0.008450198 -0.346504122 0.254784882 0.010474968 0.966941059 17.318901062
0.955083251 0.010519938 -0.296150655 -0.484892488 -0.012038301 0.999921978 -0.003303935 -0.354920268 0.296092778 0.006720682 0.955135524 17.599699020
0.940952480 0.013893861 -0.338253379 -0.613194227 -0.014406700 0.999895751 0.000994498 -0.354906291 0.338231921 0.003937340 0.941054523 17.856657028
0.924183130 0.016527170 -0.381591856 -0.769191980 -0.015050666 0.999863267 0.006853756 -0.360773534 0.381652981 -0.000590914 0.924305499 18.141273499
0.904970109 0.019682039 -0.425019741 -0.938081443 -0.015000524 0.999784410 0.014358793 -0.362544984 0.425210744 -0.006618760 0.905070186 18.418424606
0.883212507 0.024595603 -0.468327641 -1.130966187 -0.016570330 0.999636889 0.021249121 -0.369285285 0.468680203 -0.011007146 0.883299351 18.694095612
0.858369470 0.030186517 -0.512143075 -1.323537350 -0.019742480 0.999471605 0.025821341 -0.370212555 0.512651920 -0.012053275 0.858511865 18.956151962
0.830302596 0.032954335 -0.556337476 -1.547071695 -0.020227207 0.999374449 0.029009394 -0.365083665 0.556945503 -0.012833421 0.830449820 19.226245880
0.799439788 0.036586236 -0.599631011 -1.807271838 -0.022708213 0.999270797 0.030695051 -0.358521372 0.600316882 -0.010922296 0.799687743 19.498834610
0.765284896 0.039633680 -0.642470360 -2.062759399 -0.023036471 0.999149561 0.034196928 -0.358338565 0.643279314 -0.011370142 0.765547097 19.763473511
0.728204966 0.043148246 -0.683999717 -2.366811514 -0.024065288 0.999010563 0.037399266 -0.336300194 0.684936702 -0.010773681 0.728522956 20.037546158
0.689139724 0.043374162 -0.723329186 -2.699655056 -0.021369355 0.998989344 0.039544720 -0.313471466 0.724313259 -0.011794759 0.689370096 20.305517197
0.648867667 0.043602519 -0.759650946 -3.079555511 -0.018779427 0.998970389 0.041298259 -0.306302160 0.760669470 -0.012531299 0.649018407 20.585302353
0.606420815 0.042189103 -0.794023931 -3.459735155 -0.013661531 0.998996854 0.042646255 -0.288192868 0.795026541 -0.015013995 0.606388807 20.828195572
0.561253250 0.041611493 -0.826597452 -3.876719713 -0.008921560 0.998981416 0.044231765 -0.262638301 0.827596068 -0.017450681 0.561052740 21.085605621
0.515078843 0.043223288 -0.856052279 -4.312582493 -0.007194582 0.998910606 0.046107493 -0.244765118 0.857112586 -0.017590055 0.514828682 21.300809860
0.464018553 0.043496281 -0.884756982 -4.761750698 -0.006353945 0.998931468 0.045776930 -0.228447571 0.885802686 -0.015619647 0.463799089 21.513559341
0.411834598 0.042520035 -0.910266101 -5.246573925 -0.000818077 0.998927593 0.046291444 -0.210459203 0.911258280 -0.018319750 0.411427706 21.695991516
0.358030140 0.041672364 -0.932779610 -5.745100498 0.003841007 0.998929322 0.046101939 -0.189865023 0.933702111 -0.020088695 0.357486695 21.854557037
0.304052919 0.040423386 -0.951797187 -6.276844025 0.006692555 0.998984039 0.044565387 -0.164402097 0.952631652 -0.019920191 0.303473502 21.995096207
0.250801295 0.046201896 -0.966935396 -6.858200073 0.008000953 0.998727322 0.049796231 -0.133429006 0.968005538 -0.020225368 0.250112474 22.117374420
0.199751586 0.051197886 -0.978508115 -7.436547279 0.010369990 0.998467565 0.054359131 -0.105970830 0.979791701 -0.021005442 0.198914558 22.194900513
0.151328370 0.052627336 -0.987081587 -8.044312477 0.015751395 0.998326600 0.055641700 -0.079859011 0.988358140 -0.023968082 0.150246188 22.265892029
0.106664695 0.054006763 -0.992827177 -8.610511780 0.018702883 0.998238087 0.056310453 -0.067083582 0.994119108 -0.024575070 0.105466694 22.309675217
0.066246882 0.052180078 -0.996437967 -9.248683929 0.018618371 0.998393178 0.053520285 -0.037588570 0.997629583 -0.022097604 0.065168940 22.322862625
0.031214422 0.047958042 -0.998361528 -9.895565033 0.015407608 0.998706400 0.048456345 -0.002117776 0.999393940 -0.016894901 0.030435136 22.308950424
0.002138664 0.047879755 -0.998850763 -10.558615685 0.013819800 0.998756230 0.047904816 0.031660642 0.999902189 -0.013906368 0.001474315 22.299407959
-0.018517520 0.051915690 -0.998479724 -11.256045341 0.012495690 0.998584986 0.051689412 0.063780248 0.999750376 -0.011519535 -0.019140042 22.261936188
-0.031736620 0.058035668 -0.997809947 -11.986686707 0.014104449 0.998239398 0.057612032 0.095288299 0.999396741 -0.012245146 -0.032499306 22.235849380
-0.039679263 0.060580086 -0.997374356 -12.729814529 0.013626629 0.998100460 0.060082063 0.129257262 0.999119580 -0.011206837 -0.040429391 22.197278976
-0.043428946 0.057860978 -0.997379661 -13.495581627 0.014784695 0.998249292 0.057267673 0.165137693 0.998947084 -0.012258876 -0.044208374 22.154518127
-0.042642958 0.054064177 -0.997626424 -14.281677246 0.022228951 0.998338938 0.053152621 0.199806452 0.998843074 -0.019909605 -0.043773919 22.129730225
-0.038418513 0.052317150 -0.997891188 -15.086545944 0.034406144 0.998105526 0.051003765 0.245025173 0.998669207 -0.032374103 -0.040145766 22.115390778
-0.032702558 0.052543305 -0.998082995 -15.923429489 0.034400187 0.998084664 0.051416252 0.282089561 0.998872876 -0.032652788 -0.034447420 22.090343475
-0.027772203 0.051473018 -0.998288155 -16.765483856 0.032484993 0.998192310 0.050564349 0.309208483 0.999086261 -0.031025099 -0.029394105 22.063133240
-0.024604071 0.044797819 -0.998693049 -17.637847900 0.036302716 0.998376608 0.043889254 0.351103187 0.999037921 -0.035175405 -0.026190411 22.049812317
-0.022753693 0.034065872 -0.999160588 -18.509984970 0.034513164 0.998850346 0.033269335 0.381234139 0.999145269 -0.033727188 -0.023903254 22.031351089
-0.021814594 0.025725845 -0.999431014 -19.400997162 0.026472727 0.999333203 0.025145506 0.406790316 0.999411523 -0.025909118 -0.022481084 21.989845276
-0.023229240 0.022832576 -0.999469399 -20.338880539 0.020848701 0.999532938 0.022349471 0.432092935 0.999512732 -0.020318480 -0.023694420 21.962358475
-0.027086649 0.029154720 -0.999207854 -21.283525467 0.011688535 0.999515593 0.028846843 0.448116183 0.999564707 -0.010897913 -0.027414300 21.917512894
-0.031739485 0.036956642 -0.998812675 -22.228532791 0.006817711 0.999300957 0.036758061 0.475777984 0.999472976 -0.005642936 -0.031969257 21.868188858
-0.036376376 0.046646688 -0.998248875 -23.248752594 0.005451531 0.998904347 0.046478670 0.506616771 0.999323308 -0.003751259 -0.036590822 21.827919006
-0.038074866 0.056588609 -0.997671306 -24.263204575 0.003984523 0.998395920 0.056477644 0.550606787 0.999266982 -0.001824865 -0.038239267 21.782983780
-0.038937051 0.064363658 -0.997166574 -25.298158646 0.006021864 0.997920334 0.064177163 0.598018706 0.999223530 -0.003505932 -0.039243661 21.738399506
-0.040486813 0.065081902 -0.997058272 -26.303537369 0.007052766 0.997870326 0.064848498 0.649270296 0.999155164 -0.004406510 -0.040859591 21.700119019
-0.042400304 0.062123407 -0.997167468 -27.322816849 0.006050556 0.998062611 0.061921902 0.703598440 0.999082386 -0.003407909 -0.042694040 21.653940201
-0.045251269 0.057680283 -0.997309029 -28.346923828 0.005623460 0.998330593 0.057484202 0.742911458 0.998959780 -0.003007095 -0.045500085 21.599876404
-0.049480733 0.052449297 -0.997397006 -29.364423752 0.005961897 0.998617947 0.052217733 0.790511727 0.998757303 -0.003362606 -0.049725045 21.540616989
-0.054932512 0.047571894 -0.997356176 -30.392427444 0.005714871 0.998863041 0.047329001 0.833070993 0.998473763 -0.003099861 -0.055141918 21.477100372
-0.061715327 0.045822699 -0.997041404 -31.419017792 0.004877700 0.998947561 0.045608375 0.871740341 0.998081923 -0.002048533 -0.061873879 21.397493362
-0.068581998 0.048262738 -0.996477365 -32.492923737 0.005485182 0.998832285 0.047999281 0.910913825 0.997630417 -0.002173975 -0.068766646 21.326587677
-0.074726366 0.053236034 -0.995782077 -33.561611176 0.004192139 0.998581946 0.053071126 0.950676024 0.997195303 -0.000208644 -0.074843563 21.235038757
-0.080910228 0.056054700 -0.995143831 -34.628799438 0.001420632 0.998422801 0.056123886 0.995346129 0.996720314 0.003127263 -0.080862254 21.141519547
-0.085471362 0.057994496 -0.994651318 -35.699035645 -0.001949856 0.998292863 0.058374371 1.046991467 0.996338665 0.006928764 -0.085212380 21.038770676
-0.088022083 0.059615940 -0.994332969 -36.777759552 -0.006192633 0.998155355 0.060393322 1.090480804 0.996099234 0.011473485 -0.087490544 20.928077698
-0.090117626 0.060454410 -0.994094610 -37.842906952 -0.010810127 0.998037815 0.061674181 1.150251508 0.995872438 0.016304219 -0.089287274 20.828937531
-0.091331050 0.059679672 -0.994030714 -38.923351288 -0.011627258 0.998070598 0.060990538 1.205992937 0.995752692 0.017128179 -0.090460926 20.714078903
-0.092553876 0.059245955 -0.993943512 -40.004680634 -0.012595500 0.998078704 0.060665306 1.250048995 0.995627940 0.018134026 -0.091629833 20.603748322
-0.093860656 0.058597147 -0.993859470 -41.085556030 -0.013253216 0.998104453 0.060099076 1.301183939 0.995497048 0.018812772 -0.092906155 20.496925354
-0.094436273 0.057765059 -0.993853569 -42.170402527 -0.015758779 0.998103321 0.059509467 1.354112148 0.995406091 0.021281771 -0.093346871 20.376358032
-0.095410109 0.055174433 -0.993907750 -43.260475159 -0.020224623 0.998149097 0.057351343 1.398440242 0.995232582 0.025573311 -0.094117649 20.269016266
-0.095805340 0.050305728 -0.994128048 -44.349193573 -0.024819942 0.998290837 0.052908305 1.443596601 0.995090663 0.029743100 -0.094393000 20.155979156
-0.094845578 0.049733989 -0.994248867 -45.451923370 -0.026681881 0.998265445 0.052480202 1.487939954 0.995134354 0.031505946 -0.093354061 20.041860580
-0.093394011 0.053951181 -0.994166315 -46.562423706 -0.027420452 0.998012602 0.056735843 1.532628179 0.995251596 0.032559283 -0.091729015 19.936868668
-0.091407269 0.057244413 -0.994166851 -47.655918121 -0.027227268 0.997829378 0.059958685 1.574483991 0.995441318 0.032549106 -0.089650244 19.829858780
-0.089827389 0.056876186 -0.994332016 -48.782032013 -0.025783360 0.997900784 0.059409562 1.630065799 0.995623529 0.030973826 -0.088172346 19.722944260
-0.087491117 0.055849858 -0.994598448 -49.889617920 -0.025593858 0.997971594 0.058290660 1.682448983 0.995836496 0.030555531 -0.085884228 19.623777390
-0.083451413 0.055958726 -0.994939387 -51.019683838 -0.030125674 0.997824073 0.058647778 1.743006349 0.996056378 0.034867458 -0.081584029 19.521596909
-0.077592365 0.056937207 -0.995357990 -52.144889832 -0.035172243 0.997590065 0.059806708 1.793135643 0.996364534 0.039649524 -0.075402774 19.416805267
-0.071322381 0.056390468 -0.995858014 -53.261859894 -0.039226092 0.997469723 0.059291061 1.847480893 0.996681690 0.043292396 -0.068929955 19.318500519
-0.065966524 0.055491924 -0.996277630 -54.424041748 -0.040611271 0.997475803 0.058247656 1.905325890 0.996994972 0.044302501 -0.063546419 19.241006851
-0.060565189 0.054693289 -0.996664703 -55.561134338 -0.040095944 0.997558534 0.057178877 1.959267616 0.997358620 0.043425266 -0.058224339 19.173755646
-0.054812606 0.054053549 -0.997032404 -56.703453064 -0.038880929 0.997660697 0.056225125 2.014382362 0.997739375 0.041847400 -0.052582730 19.097267151
-0.049313441 0.054759793 -0.997281075 -57.842216492 -0.037734304 0.997680783 0.056647636 2.062964678 0.998070240 0.040425204 -0.047132760 19.038549423
-0.043717645 0.056562841 -0.997441411 -59.011463165 -0.036678489 0.997632027 0.058181267 2.108045101 0.998370409 0.039128192 -0.041539483 18.993118286
-0.038281631 0.057751764 -0.997596741 -60.166259766 -0.037121393 0.997557282 0.059173964 2.160881281 0.998577356 0.039297458 -0.036044296 18.949159622
-0.033540022 0.056812640 -0.997821331 -61.328144073 -0.036630321 0.997642398 0.058033720 2.213144779 0.998765945 0.038496964 -0.031379879 18.915159225
-0.028670719 0.052577361 -0.998205185 -62.483394623 -0.036796425 0.997883499 0.053617280 2.255738497 0.998911440 0.038267624 -0.026675375 18.877052307
-0.024528008 0.047180917 -0.998585105 -63.635631561 -0.036655992 0.998171628 0.048061740 2.300150394 0.999026895 0.037782986 -0.022753693 18.850725174
-0.020423802 0.047352642 -0.998669386 -64.812332153 -0.036464751 0.998177886 0.048075080 2.331835985 0.999126196 0.037398107 -0.018659888 18.815092087
-0.016970187 0.049491674 -0.998630285 -65.980278015 -0.036021303 0.998095512 0.050077304 2.375698805 0.999206901 0.036821794 -0.015155114 18.789386749
-0.014974986 0.049364097 -0.998668551 -67.146553040 -0.036294196 0.998095512 0.049880005 2.416762352 0.999228954 0.036992818 -0.013154836 18.766130447
-0.014046986 0.049317956 -0.998684347 -68.324562073 -0.037550624 0.998052299 0.049814921 2.456990004 0.999195993 0.038200971 -0.012167705 18.749511719
-0.013105744 0.049994625 -0.998663425 -69.500770569 -0.038622059 0.997978687 0.050467186 2.501440525 0.999167979 0.039231852 -0.011148358 18.726200104
-0.011753926 0.049810771 -0.998689532 -70.663833618 -0.039436769 0.997958362 0.050238453 2.537926912 0.999152958 0.039975587 -0.009765552 18.698818207
-0.011158717 0.048074231 -0.998781443 -71.852333069 -0.039355770 0.998048544 0.048478648 2.575769186 0.999162972 0.039848771 -0.009244943 18.691246033
-0.010637832 0.046715040 -0.998851657 -73.031478882 -0.037885543 0.998172104 0.047086742 2.618646860 0.999225497 0.038342934 -0.008848562 18.677659988
-0.009766048 0.047055777 -0.998844504 -74.214164734 -0.034338363 0.998287201 0.047365263 2.650806427 0.999362528 0.034761257 -0.008133502 18.654733658
-0.010304267 0.047573566 -0.998814583 -75.404518127 -0.031729192 0.998349071 0.047878731 2.691631317 0.999443412 0.032184936 -0.008777786 18.655813217
-0.010252397 0.050363999 -0.998678327 -76.589927673 -0.031308815 0.998224914 0.050662555 2.731484890 0.999457240 0.031786844 -0.008657362 18.639772415
-0.010070786 0.053308420 -0.998527288 -77.765777588 -0.033810552 0.997988820 0.053620674 2.776972294 0.999377549 0.034300763 -0.008248146 18.625041962
-0.009408636 0.053748578 -0.998510182 -78.965148926 -0.035753909 0.997897804 0.054052502 2.820197344 0.999316275 0.036209211 -0.007467134 18.598545074
-0.008764124 0.051401861 -0.998639643 -80.139602661 -0.037123799 0.997972786 0.051693339 2.866683006 0.999272227 0.037526350 -0.006838123 18.578260422
-0.007923560 0.049242787 -0.998755395 -81.318367004 -0.036699083 0.998099625 0.049501594 2.905777693 0.999294937 0.037045639 -0.006101336 18.550531387
-0.008921656 0.048717186 -0.998772740 -82.503532410 -0.034484196 0.998203397 0.048997454 2.942560911 0.999365449 0.034879018 -0.007225655 18.552452087
-0.008732188 0.049662925 -0.998727798 -83.678405762 -0.033406943 0.998193920 0.049928464 2.987962246 0.999403715 0.033800431 -0.007057330 18.539766312
-0.007704035 0.052804045 -0.998575151 -84.845184326 -0.032246899 0.998072386 0.053026240 3.025661469 0.999450266 0.032609463 -0.005986417 18.514337540
-0.007922175 0.055542689 -0.998424828 -86.017517090 -0.032762364 0.997905910 0.055773757 3.060279369 0.999431789 0.033152606 -0.006085875 18.508579254
-0.007392793 0.055589244 -0.998426378 -87.180335999 -0.034317285 0.997851431 0.055811334 3.105753899 0.999383628 0.034675881 -0.005469238 18.488769531
-0.007867191 0.053587370 -0.998532116 -88.356147766 -0.033701878 0.997981548 0.053823348 3.148826122 0.999400973 0.034075845 -0.006045318 18.480361938
-0.007200875 0.052151218 -0.998613238 -89.524673462 -0.032640647 0.998094738 0.052359514 3.192178965 0.999441206 0.032972418 -0.005484906 18.467887878
-0.007142269 0.053255927 -0.998555362 -90.687034607 -0.031057563 0.998087287 0.053453106 3.233106375 0.999492109 0.031394478 -0.005474609 18.455278397
-0.006503925 0.055996437 -0.998409748 -91.857833862 -0.028931536 0.998002410 0.056162052 3.282651424 0.999560177 0.029250799 -0.004870869 18.436601639
-0.006823186 0.058516879 -0.998263061 -93.009429932 -0.026912557 0.997913957 0.058680363 3.324847698 0.999614477 0.027266201 -0.005234113 18.438692093
-0.006674150 0.060702082 -0.998133600 -94.178520203 -0.027575867 0.997765064 0.060864069 3.368268013 0.999597371 0.027930619 -0.004985321 18.427967072
-0.005923989 0.062181268 -0.998047352 -95.342414856 -0.030541655 0.997587860 0.062333934 3.426045418 0.999515891 0.030851277 -0.004010582 18.404016495
-0.005393970 0.061647069 -0.998083413 -96.494407654 -0.032420691 0.997562408 0.061790098 3.469464064 0.999459743 0.032691848 -0.003382182 18.390020370
-0.005509990 0.057129763 -0.998351514 -97.645988464 -0.034740005 0.997753203 0.057287242 3.525157213 0.999381244 0.034998395 -0.003512921 18.374208450
-0.004963312 0.055518202 -0.998445272 -98.803665161 -0.036208738 0.997792840 0.055661917 3.573407173 0.999331892 0.036428712 -0.002942114 18.356189728
-0.004760718 0.053969689 -0.998531222 -99.964363098 -0.035685178 0.997897327 0.054105569 3.611607313 0.999351680 0.035890345 -0.002824791 18.349355698
-0.004659869 0.054600541 -0.998497367 -101.135025024 -0.034461506 0.997906387 0.054729048 3.656385660 0.999395132 0.034664758 -0.002768496 18.345836639
-0.004729690 0.056559220 -0.998387992 -102.275566101 -0.034752347 0.997786820 0.056689791 3.701984882 0.999384761 0.034964453 -0.002753656 18.332965851
-0.004791352 0.058603775 -0.998269796 -103.444778442 -0.033628702 0.997707129 0.058732152 3.750093460 0.999422848 0.033851925 -0.002809597 18.327304840
-0.005364190 0.057406843 -0.998336434 -104.597564697 -0.037295796 0.997644722 0.057567455 3.802347422 0.999289870 0.037542555 -0.003210522 18.312911987
-0.005501599 0.058832455 -0.998252749 -105.764968872 -0.040848255 0.997421384 0.059008583 3.853144407 0.999150276 0.041101526 -0.003084209 18.296621323
-0.005657540 0.057904333 -0.998306036 -106.937240601 -0.044444855 0.997320950 0.058099076 3.906927824 0.998995841 0.044698264 -0.003068833 18.274490356
-0.006015602 0.053836059 -0.998531640 -108.107208252 -0.045207068 0.997514129 0.054053545 3.958539248 0.998959541 0.045465853 -0.003566878 18.266782761
-0.006523976 0.050238986 -0.998715937 -109.287796021 -0.045067068 0.997707546 0.050482661 3.999197483 0.998962641 0.045338534 -0.004244898 18.249290466
-0.007590223 0.049326412 -0.998753905 -110.484626770 -0.041742455 0.997896433 0.049601294 4.045291424 0.999099493 0.042066924 -0.005515251 18.238595963
-0.007974312 0.048827536 -0.998775363 -111.671539307 -0.037227124 0.998100281 0.049091764 4.084083557 0.999275029 0.037573013 -0.006141454 18.234247208
-0.008107042 0.050597124 -0.998686254 -112.880348206 -0.036466017 0.998039842 0.050860401 4.132567406 0.999302030 0.036830433 -0.006246076 18.217010498
-0.008937044 0.054621171 -0.998467147 -114.135574341 -0.035659503 0.997854590 0.054906838 4.171085835 0.999324083 0.036095548 -0.006970106 18.199800491
-0.009513199 0.054757580 -0.998454332 -115.344520569 -0.033921629 0.997907102 0.055050779 4.231237411 0.999379158 0.034392908 -0.007635823 18.188043594
-0.010681432 0.050281622 -0.998677969 -116.564300537 -0.033670370 0.998150468 0.050615191 4.281459332 0.999375880 0.034166504 -0.008968677 18.176042557
-0.011015375 0.046465427 -0.998859107 -117.795661926 -0.034061991 0.998322546 0.046816103 4.324872017 0.999359012 0.034538824 -0.009414192 18.151506424
-0.011535276 0.045024246 -0.998919308 -119.050964355 -0.033333760 0.998413205 0.045386363 4.372567654 0.999377668 0.033821288 -0.010016145 18.136791229
-0.012303269 0.045959659 -0.998867512 -120.291809082 -0.035275031 0.998301327 0.046368103 4.419806004 0.999301910 0.035805561 -0.010661141 18.113506317
-0.012292958 0.051173676 -0.998614073 -121.558326721 -0.040197771 0.997856975 0.051629707 4.458142757 0.999116123 0.040776748 -0.010209546 18.079933167
-0.012897593 0.054562625 -0.998427033 -122.824165344 -0.045517892 0.997442961 0.055096842 4.502114296 0.998880208 0.046156913 -0.010381037 18.048200607
-0.012872725 0.054163031 -0.998449206 -124.085128784 -0.052703388 0.997107148 0.054769721 4.557537556 0.998527288 0.053326689 -0.009980911 18.014238358
-0.011926456 0.051625181 -0.998595297 -125.341613770 -0.056300391 0.997047424 0.052217565 4.612809658 0.998342574 0.056844078 -0.008984726 17.971021652
-0.013193590 0.050662309 -0.998628616 -126.604011536 -0.058559578 0.996962249 0.051351432 4.659186840 0.998196721 0.059156779 -0.010186750 17.955533981
-0.014086196 0.049772039 -0.998661280 -127.866416931 -0.058219768 0.997025132 0.050511692 4.702902794 0.998204470 0.058853351 -0.011146575 17.935102463
-0.014012873 0.049537893 -0.998673916 -129.157592773 -0.056363333 0.997144938 0.050252907 4.744242191 0.998311996 0.056992788 -0.011180744 17.906873703
-0.014498002 0.050046306 -0.998641670 -130.408187866 -0.056353908 0.997118294 0.050788097 4.788879871 0.998305619 0.057013687 -0.011635917 17.886304855
-0.015182813 0.055136062 -0.998363376 -131.669723511 -0.056401134 0.996841490 0.055909734 4.834058762 0.998292744 0.057157703 -0.012025123 17.863039017
-0.015610931 0.059347011 -0.998115301 -132.950378418 -0.055646103 0.996638298 0.060129516 4.886131287 0.998328507 0.056479909 -0.012256021 17.836494446
-0.015517092 0.058215767 -0.998183429 -134.196395874 -0.055546489 0.996711731 0.058993429 4.935265064 0.998335540 0.056360990 -0.012232387 17.806253433
-0.014980133 0.056421500 -0.998294592 -135.469741821 -0.055272974 0.996833324 0.057168316 4.992482662 0.998358905 0.056035094 -0.011814113 17.786600113
-0.013620814 0.055951022 -0.998340547 -136.720001221 -0.054348815 0.996915817 0.056612678 5.043574810 0.998429120 0.055029739 -0.010537934 17.759525299
-0.013142068 0.055178471 -0.998389959 -137.970550537 -0.054612521 0.996946335 0.055817548 5.090958118 0.998421133 0.055258155 -0.010088500 17.743555069
-0.012086241 0.057370331 -0.998279750 -139.226028442 -0.054786563 0.996815205 0.057949454 5.140339851 0.998424947 0.055392720 -0.008904623 17.724563599
-0.011650763 0.060929064 -0.998074055 -140.472000122 -0.055763658 0.996548951 0.061486907 5.193085194 0.998376012 0.056372635 -0.008212928 17.705787659
-0.010090929 0.061816301 -0.998036563 -141.724990845 -0.057446003 0.996403158 0.062295958 5.253360748 0.998297572 0.057961836 -0.006503534 17.680294037
-0.008669485 0.059301473 -0.998202443 -142.986450195 -0.059485279 0.996441543 0.059713505 5.302656174 0.998191535 0.059896044 -0.005111071 17.658538818
-0.008767989 0.056307673 -0.998374879 -144.230422974 -0.058014277 0.996702969 0.056722872 5.355738640 0.998277247 0.058417350 -0.005472431 17.645139694
-0.008504869 0.054823093 -0.998459876 -145.466522217 -0.055205218 0.996947348 0.055210289 5.399706364 0.998438835 0.055589743 -0.005452387 17.634441376
-0.008885027 0.054200649 -0.998490572 -146.698211670 -0.053205330 0.997089863 0.054598067 5.446169376 0.998544097 0.053610116 -0.005975408 17.626562119
-0.009028316 0.054860316 -0.998453319 -147.930114746 -0.051168758 0.997160375 0.055251975 5.487608910 0.998649240 0.051588438 -0.006195545 17.613109589
-0.009287650 0.053321820 -0.998534143 -149.190322876 -0.049234323 0.997341633 0.053716090 5.541597366 0.998744071 0.049661044 -0.006637696 17.600133896
-0.009054027 0.052969716 -0.998555064 -150.432220459 -0.048262823 0.997409046 0.053346522 5.595459461 0.998793602 0.048676092 -0.006474100 17.582796097
-0.009380903 0.055878352 -0.998393536 -151.667938232 -0.046337180 0.997340620 0.056254808 5.644904613 0.998881757 0.046790469 -0.006766709 17.570343018
-0.009450211 0.056963034 -0.998331606 -152.900665283 -0.043666024 0.997400284 0.057323243 5.696283340 0.999001503 0.044134889 -0.006938294 17.558046341
-0.009156665 0.055799615 -0.998399973 -154.132812500 -0.041805934 0.997547507 0.056135390 5.743405342 0.999083817 0.042253062 -0.006801453 17.533891678
-0.010422308 0.056172296 -0.998366714 -155.377822876 -0.042855993 0.997478366 0.056569714 5.792433262 0.999026895 0.043375578 -0.007988709 17.528203964
-0.010134865 0.060660876 -0.998107016 -156.605590820 -0.043539006 0.997184813 0.061046932 5.848739624 0.999000371 0.044075292 -0.007465218 17.509275436
-0.009295668 0.067164272 -0.997698665 -157.844787598 -0.048516456 0.996536314 0.067538068 5.905400753 0.998779118 0.049032614 -0.006004897 17.483531952
-0.008402014 0.067485996 -0.997684836 -159.096038818 -0.053147286 0.996279716 0.067838512 5.961995602 0.998551309 0.053594220 -0.004784060 17.459835052
-0.007146962 0.063408978 -0.997961998 -160.324127197 -0.056763556 0.996352613 0.063713223 6.025259972 0.998362064 0.057103224 -0.003521575 17.436092377
-0.005168921 0.058280777 -0.998286843 -161.547225952 -0.058754817 0.996557832 0.058484055 6.075765133 0.998259068 0.058956459 -0.001726851 17.415933609
-0.004880596 0.057134159 -0.998354554 -162.766616821 -0.061303176 0.996471643 0.057326086 6.123282909 0.998107314 0.061482105 -0.001360870 17.406345367
-0.003157522 0.053576048 -0.998558700 -163.963104248 -0.056450147 0.996961892 0.053668868 6.169813156 0.998400450 0.056538258 -0.000123553 17.406250000
-0.002770095 0.048991535 -0.998795331 -165.175247192 -0.053371791 0.997368276 0.049069565 6.218813896 0.998570919 0.053443421 -0.000148039 17.396570206
-0.003312453 0.045510750 -0.998958349 -166.404495239 -0.047237471 0.997841537 0.045616515 6.258361816 0.998878121 0.047339369 -0.001155490 17.396495819
-0.004155257 0.048639581 -0.998807728 -167.635467529 -0.045215964 0.997785628 0.048777919 6.301105976 0.998968601 0.045364734 -0.001946770 17.387027740
-0.003458361 0.054870714 -0.998487473 -168.862136841 -0.045980420 0.997428596 0.054971792 6.345627785 0.998936355 0.046100989 -0.000926489 17.376321793
-0.002141630 0.058407888 -0.998290420 -170.060958862 -0.046830315 0.997191668 0.058444057 6.386331558 0.998900592 0.046875425 0.000599644 17.372583389
-0.000473121 0.054762430 -0.998499274 -171.272628784 -0.047749326 0.997359216 0.054722529 6.439165592 0.998859286 0.047703553 0.002142997 17.365346909
0.000307781 0.055157263 -0.998477578 -172.496276855 -0.050111309 0.997224092 0.055072561 6.486596584 0.998743594 0.050018061 0.003070929 17.358043671
0.001285022 0.055722844 -0.998445451 -173.720932007 -0.048966471 0.997252047 0.055593219 6.539506912 0.998799622 0.048818916 0.004010041 17.354448318
0.001816241 0.054123040 -0.998532593 -174.925659180 -0.048332695 0.997371972 0.053972214 6.581320763 0.998829663 0.048163746 0.004427380 17.353065491
0.003526779 0.052926831 -0.998592138 -176.112472534 -0.048563592 0.997429192 0.052693669 6.621273994 0.998813868 0.048309386 0.006088030 17.352090836
0.005383412 0.054317228 -0.998509228 -177.266067505 -0.049833257 0.997297585 0.053982645 6.668708324 0.998743057 0.049468357 0.008075668 17.346910477
0.006742791 0.056293700 -0.998391449 -178.407958984 -0.049980443 0.997185290 0.055888142 6.703090191 0.998727441 0.049523212 0.009537397 17.345621109
0.007141244 0.058105398 -0.998284936 -179.489242554 -0.050999261 0.997032344 0.057667676 6.728743553 0.998673141 0.050499965 0.010083383 17.351522446
0.007372673 0.059165321 -0.998220980 -180.563705444 -0.051241305 0.996958971 0.058712065 6.766427040 0.998659074 0.050717268 0.010381960 17.352924347
0.007153113 0.060272664 -0.998156309 -181.622833252 -0.050357036 0.996937096 0.059838168 6.799870014 0.998705626 0.049836170 0.010166359 17.356723785
0.007838758 0.059257630 -0.998211920 -182.661804199 -0.050868671 0.996973753 0.058784671 6.839970112 0.998674631 0.050316922 0.010829394 17.353359222
0.009045876 0.059571691 -0.998183072 -183.624877930 -0.051430605 0.996930420 0.059030861 6.863851547 0.998635590 0.050803181 0.012081917 17.367582321
0.010348467 0.060683664 -0.998103380 -184.586120605 -0.052232608 0.996826947 0.060064502 6.896815777 0.998581290 0.051511973 0.013485298 17.375486374
0.009844991 0.058778591 -0.998222470 -185.529235840 -0.050648961 0.997018754 0.058208197 6.931113720 0.998667955 0.049985867 0.012792717 17.379386902
0.006508475 0.055519909 -0.998436272 -186.470611572 -0.048240799 0.997312307 0.055142943 6.963484764 0.998814464 0.047806464 0.009169308 17.387435913
0.001718810 0.052279431 -0.998631001 -187.387771606 -0.048222899 0.997474968 0.052135911 6.990055561 0.998835146 0.048067275 0.004235535 17.382671356
-0.003319483 0.049129173 -0.998786926 -188.315490723 -0.050001565 0.997534931 0.049233768 7.025298119 0.998743653 0.050104339 -0.000854765 17.370075226
-0.007203174 0.048412632 -0.998801410 -189.255447388 -0.051511042 0.997483313 0.048720229 7.056243420 0.998646498 0.051800240 -0.004691261 17.362848282
-0.009921128 0.049267419 -0.998736322 -190.175552368 -0.053529173 0.997327328 0.049729642 7.080472469 0.998516977 0.053954914 -0.007257367 17.340591431
-0.012077893 0.051157497 -0.998617530 -191.100158691 -0.052159011 0.997298419 0.051720772 7.112205029 0.998565733 0.052711580 -0.009376940 17.327276230
-0.013770409 0.052304972 -0.998536229 -192.035888672 -0.049954537 0.997347891 0.052931625 7.148283958 0.998656571 0.050610304 -0.011121018 17.318197250
-0.014897877 0.052923452 -0.998487473 -192.938171387 -0.047469545 0.997434855 0.053575926 7.171550751 0.998761535 0.048195913 -0.012347409 17.300079346
-0.015779762 0.051745959 -0.998535633 -193.845367432 -0.048270404 0.997456074 0.052452821 7.205403328 0.998709619 0.049027413 -0.013241818 17.283386230
-0.016740758 0.050514251 -0.998583078 -194.755371094 -0.050015200 0.997430325 0.051294424 7.238247871 0.998608172 0.050803035 -0.014171259 17.264934540
-0.016528478 0.049579781 -0.998633444 -195.657577515 -0.053755119 0.997281253 0.050402358 7.273480415 0.998417377 0.054514725 -0.013818375 17.238580704
-0.015388028 0.048179056 -0.998720109 -196.553741455 -0.056551468 0.997197688 0.048976939 7.295751572 0.998281121 0.057232749 -0.012620308 17.210136414
-0.014585490 0.045504492 -0.998857737 -197.480514526 -0.056490015 0.997330844 0.046259824 7.327928543 0.998296618 0.057100203 -0.011976011 17.192461014
-0.013922582 0.043299370 -0.998965144 -198.400802612 -0.056165911 0.997450709 0.044016507 7.354693890 0.998324394 0.056720603 -0.011455142 17.177682877
-0.013210433 0.042872868 -0.998993218 -199.323074341 -0.056125570 0.997473419 0.043549839 7.384687901 0.998336315 0.056644365 -0.010770792 17.158796310
-0.012802790 0.045412581 -0.998886347 -200.256423950 -0.053711277 0.997494638 0.046037741 7.413739681 0.998474479 0.054240867 -0.010331548 17.144294739
-0.012654216 0.047117908 -0.998809218 -201.195648193 -0.052781951 0.997465014 0.047723211 7.437091827 0.998525858 0.053322993 -0.010135164 17.123613358
-0.011756442 0.042910364 -0.999009669 -202.117843628 -0.048183255 0.997893929 0.043429460 7.472755909 0.998769343 0.048646118 -0.009664119 17.123010635
-0.011610691 0.039585017 -0.999148726 -203.060104370 -0.046758018 0.998101592 0.040086880 7.503977299 0.998838842 0.047183659 -0.009737733 17.113153458
-0.011099197 0.039560869 -0.999155462 -204.020111084 -0.051118527 0.997888029 0.040078539 7.537909985 0.998630941 0.051520195 -0.009053463 17.093782425
-0.009861190 0.044588011 -0.998956800 -204.988067627 -0.052483194 0.997605383 0.045045774 7.557082176 0.998573124 0.052872647 -0.007497454 17.080135345
-0.007379022 0.043963924 -0.999005854 -205.920349121 -0.050537147 0.997740030 0.044281498 7.588429451 0.998694897 0.050813667 -0.005140534 17.065746307
-0.005119606 0.044968456 -0.998975337 -206.882553101 -0.049389936 0.997757792 0.045166764 7.627490520 0.998766482 0.049570553 -0.002887138 17.057996750
-0.003953422 0.049488556 -0.998766899 -207.855209351 -0.050441213 0.997493446 0.049625121 7.663221836 0.998719156 0.050575200 -0.001447251 17.053720474
-0.002276137 0.053335115 -0.998574078 -208.865127563 -0.047931597 0.997423112 0.053382892 7.703749180 0.998848021 0.047984757 0.000286165 17.053606033
-0.000825494 0.053696878 -0.998556972 -209.857757568 -0.047535002 0.997426510 0.053675376 7.745825291 0.998869240 0.047510721 0.001729112 17.046598434
0.000827966 0.054057233 -0.998537540 -210.870315552 -0.050764978 0.997252643 0.053945582 7.792391777 0.998710275 0.050646063 0.003569905 17.046880722
0.004242421 0.056482874 -0.998394549 -211.907928467 -0.053340539 0.996994972 0.056177035 7.831352711 0.998567343 0.053016584 0.007242499 17.036321640
0.007579685 0.056979910 -0.998346567 -212.935333252 -0.054493859 0.996915221 0.056484483 7.873467922 0.998485327 0.053975623 0.010661358 17.044015884
0.010503330 0.053663962 -0.998503864 -213.960906982 -0.057492036 0.996939600 0.052975122 7.922996521 0.998290718 0.056849606 0.013556435 17.044334412
