1.000000000 -0.000000000 0.000000000 0.000000000 -0.000000000 1.000000000 0.000000000 0.000000000 0.000000000 0.000000000 1.000000000 0.000000000
0.999933600 -0.002527930 0.011241050 0.015696483 0.002516973 0.999996364 0.000988761 -0.003852801 -0.011243508 -0.000960402 0.999936342 0.295357645
0.999828339 -0.004554528 0.017960528 0.025868800 0.004533832 0.999989033 0.001192857 -0.008773203 -0.017965764 -0.001111223 0.999837995 0.582629383
0.999776900 -0.007438173 0.019769417 0.038347501 0.007440305 0.999972343 -0.000034278 -0.012525515 -0.019768614 0.000181361 0.999804556 0.887036026
0.999814630 -0.008660105 0.017196713 0.049542174 0.008692688 0.999960542 -0.001820885 -0.009730553 -0.017180266 0.001970034 0.999850452 1.202029943
0.999883592 -0.011478325 0.010053743 0.056736555 0.011513365 0.999927819 -0.003434396 -0.010355324 -0.010013596 0.003549749 0.999943554 1.520375013
0.999911904 -0.012977421 -0.002801241 0.068806678 0.012960940 0.999899089 -0.005823186 -0.006133698 0.002876528 0.005786366 0.999979138 1.857744932
0.999735892 -0.012286133 -0.019422367 0.049447108 0.012169299 0.999907374 -0.006122267 -0.009771525 0.019495783 0.005884293 0.999792576 2.196790457
0.999202549 -0.007746915 -0.039169457 0.022013133 0.007524569 0.999954820 -0.005820775 -0.019315928 0.039212774 0.005521401 0.999215543 2.536971569
0.998249710 -0.004324384 -0.058982018 -0.020574514 0.003899700 0.999965668 -0.007313434 -0.018866697 0.059011623 0.007070621 0.998232186 2.890980721
0.996846318 -0.004045621 -0.079253413 -0.063257411 0.003441878 0.999964058 -0.007753008 -0.022762449 0.079281934 0.007455775 0.996824324 3.255007029
0.994888961 -0.005545374 -0.100822806 -0.105753914 0.004805887 0.999959707 -0.007575935 -0.021934474 0.100860752 0.007052670 0.994875610 3.630993366
0.992735386 -0.007404401 -0.120089695 -0.167104527 0.006714691 0.999958575 -0.006146931 -0.035081722 0.120130226 0.005295909 0.992743969 4.009247780
0.990468800 -0.005941701 -0.137609139 -0.243921161 0.005148081 0.999967992 -0.006122402 -0.034229338 0.137641117 0.005355625 0.990467668 4.407088280
0.988037169 -0.004960516 -0.154135793 -0.309995174 0.004250180 0.999978781 -0.004937686 -0.047315009 0.154157013 0.004223512 0.988037407 4.817894459
0.985899568 -0.003838200 -0.167294204 -0.396315187 0.003014160 0.999982059 -0.005179331 -0.051753514 0.167311087 0.004602049 0.985893428 5.230806828
0.983695805 -0.005627623 -0.179752067 -0.479067266 0.004595557 0.999970496 -0.006157513 -0.056087714 0.179781437 0.005231059 0.983692646 5.660948753
0.981834710 -0.009473023 -0.189501360 -0.569753110 0.008030580 0.999932647 -0.008378215 -0.064470947 0.189567968 0.006704216 0.981844664 6.116572380
0.980289340 -0.008405532 -0.197388068 -0.670464277 0.006523609 0.999926925 -0.010182446 -0.073723570 0.197459221 0.008694060 0.980272591 6.570757389
0.978837490 -0.008008949 -0.204481959 -0.782196164 0.005696917 0.999913037 -0.011892970 -0.079911672 0.204559460 0.010476368 0.978798032 7.034666538
0.977068603 -0.008892353 -0.212738723 -0.891720176 0.005849400 0.999871373 -0.014928858 -0.087754771 0.212844133 0.013342126 0.976995051 7.518063068
0.975288928 -0.012874616 -0.220557615 -1.006643414 0.009469420 0.999819219 -0.016489429 -0.100844495 0.220730036 0.013993407 0.975234568 8.016565323
0.973330617 -0.019176943 -0.228603885 -1.120329738 0.015453596 0.999717355 -0.018066473 -0.109872289 0.228885725 0.014051900 0.973351836 8.532043457
0.971248806 -0.020159878 -0.237211436 -1.238240719 0.015858991 0.999673665 -0.020025482 -0.129806027 0.237537727 0.015687792 0.971251667 9.028204918
0.969062388 -0.016272655 -0.246278733 -1.385265589 0.010481177 0.999637246 -0.024808621 -0.136848003 0.246593118 0.021459814 0.968881488 9.555788040
0.966864169 -0.013178487 -0.254950911 -1.543652654 0.006337638 0.999597967 -0.027634948 -0.156169876 0.255212605 0.025103459 0.966559052 10.098965645
0.964529514 -0.015606899 -0.263513356 -1.701424837 0.008023315 0.999522686 -0.029830469 -0.172798529 0.263853163 0.026658121 0.964194477 10.671098709
0.962104976 -0.019067038 -0.272011966 -1.852759838 0.010902243 0.999444366 -0.031496186 -0.196656764 0.272461355 0.027337095 0.961778283 11.221520424
0.959895372 -0.018736601 -0.279731691 -2.030660868 0.009607746 0.999376655 -0.033970010 -0.218532547 0.280193776 0.029920062 0.959477007 11.795713425
0.957620323 -0.017658366 -0.287491828 -2.222710848 0.007138078 0.999267220 -0.037600581 -0.246157616 0.287945122 0.033954941 0.957044721 12.384014130
0.955287039 -0.018291283 -0.295113593 -2.415613890 0.005976217 0.999075234 -0.042578045 -0.277268589 0.295619518 0.038910598 0.954513013 12.986019135
0.953328371 -0.020910379 -0.301210135 -2.598938704 0.006119700 0.998732269 -0.049964413 -0.312940598 0.301872998 0.045789182 0.952247858 13.582005501
0.951925516 -0.021654559 -0.305562943 -2.804812670 0.004011596 0.998293996 -0.058249451 -0.347715586 0.306303024 0.054223351 0.950388491 14.202065468
0.950738668 -0.021312801 -0.309259504 -3.020787477 0.000652078 0.997769117 -0.066757202 -0.390801221 0.309992313 0.063267000 0.948631644 14.816639900
0.949338794 -0.021427039 -0.313523114 -3.237645864 -0.002484393 0.997129858 -0.075669289 -0.437745303 0.314244658 0.072614692 0.946560800 15.455703735
0.948191941 -0.020837776 -0.317014009 -3.473258495 -0.005761432 0.996554673 -0.082737431 -0.490743518 0.317645848 0.080277421 0.944805026 16.098192215
0.946359932 -0.019169845 -0.322544962 -3.699972868 -0.010180689 0.995974004 -0.089064360 -0.554859579 0.322953701 0.087570690 0.942354620 16.753787994
0.944793344 -0.018051604 -0.327169210 -3.944781303 -0.013984713 0.995350122 -0.095303364 -0.614201248 0.327368289 0.094617352 0.940147638 17.418811798
0.943183303 -0.015893742 -0.331892610 -4.199243069 -0.018534500 0.994783521 -0.100310341 -0.694265664 0.331755579 0.100762509 0.937968612 18.091243744
0.941390157 -0.013557035 -0.337047458 -4.459995270 -0.022705372 0.994379222 -0.103414044 -0.766226351 0.336555034 0.105005734 0.935790837 18.787351608
0.939525068 -0.012464334 -0.342253208 -4.722040653 -0.025078580 0.994150817 -0.105049089 -0.843735516 0.341560632 0.107279472 0.933716893 19.490980148
0.937307775 -0.012236215 -0.348287880 -4.993195534 -0.025773011 0.994213104 -0.104289144 -0.925466061 0.347548515 0.106727444 0.931568146 20.194725037
0.934875369 -0.012206353 -0.354766071 -5.262065887 -0.025787035 0.994432688 -0.102168903 -1.014446735 0.354038090 0.104663566 0.929355979 20.901195526
0.932315230 -0.012593087 -0.361427188 -5.553369045 -0.025415314 0.994641006 -0.100215733 -1.097859502 0.360752314 0.102618441 0.926999092 21.623897552
0.929072797 -0.011438305 -0.369720161 -5.838518620 -0.026551686 0.994881153 -0.097501293 -1.175188422 0.368942857 0.100402497 0.924013317 22.331424713
0.925750852 -0.009549072 -0.378013730 -6.151384354 -0.027178260 0.995415390 -0.091704540 -1.254413486 0.377156377 0.095169313 0.921246946 23.065738678
0.922151387 -0.006560629 -0.386773318 -6.477973461 -0.029225817 0.995816886 -0.086572200 -1.336645842 0.385723352 0.091136456 0.918102205 23.823526382
0.918374896 -0.002953443 -0.395700276 -6.805804729 -0.032335710 0.996067822 -0.082481973 -1.415050983 0.394387901 0.088544630 0.914668262 24.575578690
0.914649665 -0.001412163 -0.404244900 -7.160499573 -0.034321908 0.996111810 -0.081136964 -1.484481096 0.402787715 0.088086367 0.911044896 25.325988770
0.910662293 -0.001775706 -0.413147569 -7.505659580 -0.034479357 0.996175706 -0.080281146 -1.558109283 0.411710173 0.087354079 0.907118440 26.058868408
0.906799674 -0.001500077 -0.421558827 -7.871519566 -0.035095621 0.996253610 -0.079037987 -1.627969146 0.420098066 0.086466491 0.903349936 26.829423904
0.902587354 -0.000949799 -0.430505574 -8.255882263 -0.035759520 0.996376395 -0.077170774 -1.699528337 0.429018915 0.085048042 0.899282813 27.624109268
0.898748636 -0.002125527 -0.438459039 -8.615045547 -0.034155063 0.996610284 -0.074841969 -1.776093006 0.437131852 0.082239702 0.895629525 28.357717514
0.894831598 -0.002356977 -0.446397632 -9.005369186 -0.032748986 0.996944904 -0.070911221 -1.839704871 0.445200980 0.078072682 0.892020583 29.147087097
0.891012549 0.000313157 -0.453978419 -9.421002388 -0.033489160 0.997320473 -0.065040424 -1.912607670 0.452741593 0.073155195 0.888635635 29.932106018
0.887312531 0.000382347 -0.461168498 -9.851243019 -0.031952057 0.997647464 -0.060650311 -1.978961945 0.460060477 0.068551049 0.885237336 30.736946106
0.883624434 -0.001030759 -0.468195170 -10.288797379 -0.029984042 0.997820199 -0.058785617 -2.039177895 0.467235208 0.065982789 0.881667435 31.540409088
0.880095243 -0.001059471 -0.474796057 -10.721768379 -0.030119937 0.997858703 -0.058057804 -2.101974726 0.473840863 0.065397225 0.878178775 32.356105804
0.876977265 -0.000474180 -0.480531782 -11.185753822 -0.030336594 0.997950077 -0.056349482 -2.157699585 0.479573458 0.063994922 0.875165164 33.182617188
0.873843074 -0.002264380 -0.486202806 -11.637073517 -0.027956588 0.998100758 -0.054894265 -2.214211941 0.485403746 0.061561547 0.872120082 34.002983093
0.871342063 -0.003049399 -0.490666509 -12.146850586 -0.027388915 0.998119414 -0.054841287 -2.277219296 0.489911020 0.061224353 0.869619966 34.853534698
0.868863404 -0.004874961 -0.495027930 -12.598395348 -0.025965344 0.998126388 -0.055403266 -2.330690145 0.494370490 0.060991444 0.867108822 35.690654755
0.867375970 -0.004626660 -0.497631997 -13.098792076 -0.026663207 0.998088479 -0.055753723 -2.390221119 0.496938765 0.061627898 0.865594447 36.553329468
0.866947353 -0.004409981 -0.498380333 -13.601715088 -0.026518498 0.998136163 -0.054961845 -2.452360392 0.497693777 0.060865331 0.865214586 37.411975861
0.866723776 -0.004159778 -0.498771161 -14.115854263 -0.025942573 0.998235762 -0.053406220 -2.511508703 0.498113364 0.059227854 0.865086734 38.291984558
0.866560757 -0.005044267 -0.499046117 -14.637207031 -0.024583798 0.998303533 -0.052778818 -2.576763630 0.498465687 0.058004506 0.864966691 39.174041748
0.865853667 -0.007362462 -0.500243187 -15.160599709 -0.022369955 0.998321950 -0.053412445 -2.640589237 0.499797016 0.057437774 0.864235997 40.079612732
0.864629030 -0.009811287 -0.502314806 -15.692925453 -0.019926075 0.998353004 -0.053798512 -2.704529047 0.502015293 0.056524921 0.863009512 40.991333008
0.862954259 -0.010193418 -0.505179226 -16.240571976 -0.018652419 0.998472393 -0.052009325 -2.763987064 0.504937589 0.054304481 0.861445844 41.929977417
0.860891342 -0.009565511 -0.508698940 -16.785671234 -0.017295199 0.998695195 -0.048048686 -2.826804638 0.508494854 0.050162740 0.859602630 42.842384338
0.858155668 -0.009463008 -0.513302445 -17.341167450 -0.015447934 0.998901367 -0.044241644 -2.887597322 0.513157248 0.045895670 0.857066691 43.757461548
0.854013920 -0.009861296 -0.520156682 -17.909605026 -0.013940895 0.999027550 -0.041828595 -2.956635952 0.520063341 0.042973645 0.853045940 44.681838989
0.848542869 -0.013438693 -0.528955936 -18.473211288 -0.011954706 0.998935282 -0.044556584 -3.010853767 0.528991520 0.044131681 0.847478867 45.590965271
0.842563629 -0.017090997 -0.538325548 -19.044212341 -0.010308733 0.998801529 -0.047845181 -3.067811966 0.538498163 0.045862060 0.841377735 46.478595734
0.836594820 -0.016859109 -0.547562599 -19.634912491 -0.010692183 0.998833358 -0.047089525 -3.127975702 0.547717869 0.045249492 0.835438669 47.357967377
0.830453515 -0.013255241 -0.556930006 -20.232757568 -0.012203765 0.999044240 -0.041975163 -3.188191891 0.556954026 0.041655079 0.829497993 48.255950928
0.825199485 -0.008414077 -0.564778686 -20.842172623 -0.015642367 0.999165118 -0.037740666 -3.245961666 0.564624727 0.039978050 0.824378967 49.134349823
0.821297646 -0.008172298 -0.570441425 -21.465608597 -0.017107908 0.999094963 -0.038944550 -3.302394152 0.570243418 0.041744124 0.820414484 49.998874664
0.817679167 -0.011274399 -0.575563908 -22.072700500 -0.016553551 0.998934269 -0.043084498 -3.363317728 0.575436234 0.044756912 0.816621065 50.873409271
0.814360619 -0.013838483 -0.580194294 -22.697605133 -0.019223304 0.998523951 -0.050798092 -3.414994717 0.580040812 0.052521210 0.812892497 51.745121002
0.811195016 -0.014763567 -0.584589362 -23.337905884 -0.019192047 0.998470604 -0.051847469 -3.482744932 0.584460735 0.053277876 0.809671044 52.631805420
0.807835340 -0.013263092 -0.589258969 -23.978288651 -0.018433385 0.998689234 -0.047749534 -3.548430204 0.589119971 0.049435806 0.806531966 53.489646912
0.804844499 -0.010450296 -0.593393743 -24.615823746 -0.018644616 0.998906255 -0.042880259 -3.605228662 0.593192816 0.045575548 0.803769410 54.331726074
0.801746845 -0.008570228 -0.597602367 -25.258895874 -0.019004377 0.999026120 -0.039823439 -3.661737204 0.597361624 0.043285377 0.800803065 55.195129395
0.798510909 -0.008413726 -0.601921618 -25.913646698 -0.020312624 0.998956323 -0.040910300 -3.709397078 0.601637661 0.044893928 0.797506571 56.055252075
0.795070350 -0.009387019 -0.606444597 -26.579225540 -0.020293772 0.998908639 -0.042067744 -3.769721985 0.606177688 0.045753870 0.794012129 56.905990601
0.790870428 -0.012357468 -0.611858904 -27.244239807 -0.019266548 0.998797774 -0.045075674 -3.823126793 0.611680329 0.047437433 0.789681494 57.768463135
0.786785245 -0.013235972 -0.617084980 -27.903968811 -0.018898496 0.998784721 -0.045518756 -3.879255056 0.616937578 0.047475472 0.785578847 58.591602325
0.782192647 -0.013782077 -0.622884154 -28.576410294 -0.017331762 0.998887181 -0.043866117 -3.951254368 0.622795522 0.045107439 0.781083226 59.428318024
0.777462900 -0.013426693 -0.628785431 -29.265487671 -0.017611519 0.998915255 -0.043106005 -4.008481026 0.628682196 0.044587187 0.776383102 60.261653900
0.771893561 -0.014677869 -0.635582387 -29.964893341 -0.017612003 0.998856068 -0.044456344 -4.069423676 0.635507822 0.045509443 0.770752072 61.118152618
0.766254425 -0.016920296 -0.642314494 -30.671161652 -0.015536197 0.998873055 -0.044847053 -4.138318539 0.642349482 0.044343378 0.765127897 61.954093933
0.760487318 -0.018286584 -0.649095178 -31.380229950 -0.014862824 0.998851359 -0.045553517 -4.198937416 0.649182677 0.044290263 0.759341896 62.782318115
0.754901350 -0.019761419 -0.655540526 -32.108009338 -0.014631362 0.998789728 -0.046957806 -4.258021355 0.655675113 0.045039956 0.753698587 63.612552643
0.748731673 -0.021495409 -0.662524521 -32.838924408 -0.014407576 0.998710334 -0.048685137 -4.314046860 0.662716627 0.045997474 0.747456372 64.435432434
0.742512643 -0.022572644 -0.669451594 -33.594108582 -0.013116322 0.998750389 -0.048223767 -4.387743950 0.669703603 0.044587497 0.741288781 65.260292053
0.736135483 -0.022296632 -0.676466882 -34.355384827 -0.012524512 0.998837352 -0.046551358 -4.453287125 0.676718295 0.042740520 0.735000372 66.085845947
0.729715943 -0.022701669 -0.683373392 -35.125743866 -0.011805819 0.998881221 -0.045789260 -4.514124870 0.683648407 0.041480944 0.728631675 66.894668579
0.723085165 -0.024357375 -0.690329254 -35.885337830 -0.010667696 0.998865187 -0.046417534 -4.581095219 0.690676510 0.040928055 0.722004712 67.691116333
0.716294169 -0.026642786 -0.697289646 -36.675022125 -0.009823873 0.998786688 -0.048254333 -4.642027378 0.697729290 0.041414384 0.715163350 68.511009216
0.710574210 -0.025916768 -0.703144789 -37.482162476 -0.011331647 0.998770356 -0.048264410 -4.703814507 0.703531027 0.042263240 0.709406674 69.301574707
0.704804540 -0.025391111 -0.708946943 -38.298522949 -0.011550916 0.998816013 -0.047256280 -4.768563747 0.709307373 0.041495431 0.703676879 70.109619141
0.699545026 -0.025272813 -0.714141369 -39.114215851 -0.012080590 0.998813331 -0.047180764 -4.831390381 0.714486420 0.041632313 0.698409617 70.910881042
0.694641471 -0.025811339 -0.718892813 -39.947120667 -0.012932891 0.998746514 -0.048355889 -4.893051624 0.719239831 0.042887371 0.693436861 71.704528809
0.689796150 -0.027325565 -0.723487854 -40.786594391 -0.014017075 0.998596132 -0.051080517 -4.969139576 0.723867953 0.045376319 0.688444912 72.484458923
0.684928238 -0.030586338 -0.727968276 -41.629711151 -0.012329788 0.998488843 -0.053553354 -5.034579277 0.728506148 0.045655899 0.683516145 73.264472961
0.679952860 -0.030589795 -0.732617497 -42.498271942 -0.013254859 0.998453379 -0.053991575 -5.112094402 0.733135998 0.046422467 0.678495944 74.056526184
0.674771488 -0.029727489 -0.737427771 -43.371719360 -0.013809478 0.998504877 -0.052888293 -5.183892250 0.737897515 0.045871001 0.673352122 74.854377747
0.669878185 -0.029596116 -0.741881013 -44.250503540 -0.013083281 0.998579502 -0.051650181 -5.257402420 0.742355764 0.044305563 0.668539405 75.630630493
0.664244831 -0.031451873 -0.746853173 -45.133819580 -0.012157242 0.998527706 -0.052863080 -5.325350761 0.747416258 0.044193696 0.662884533 76.425918579
0.659286797 -0.032550313 -0.751186669 -46.009685516 -0.011253734 0.998523355 -0.053144831 -5.394393921 0.751807332 0.043491345 0.657947004 77.195060730
0.655143321 -0.033005241 -0.754783273 -46.923595428 -0.010550869 0.998548210 -0.052822642 -5.473934174 0.755430996 0.042570021 0.653843880 77.964660645
0.650616825 -0.034053694 -0.758642316 -47.819168091 -0.009030625 0.998576581 -0.052568510 -5.548432827 0.759352565 0.041052971 0.649383128 78.740615845
0.647083879 -0.036813747 -0.761529505 -48.739383698 -0.006422597 0.998534858 -0.053728417 -5.624981880 0.762391686 0.039657786 0.645899415 79.506134033
0.642883301 -0.041200995 -0.764855266 -49.652912140 -0.003818869 0.998367369 -0.056989633 -5.699787617 0.765954614 0.039558563 0.641676307 80.263832092
0.638136685 -0.045684967 -0.768566489 -50.584632874 0.000086469 0.998242319 -0.059265517 -5.767235279 0.769923031 0.037753046 0.637018979 81.039268494
0.631049573 -0.048959866 -0.774195969 -51.519329071 0.004925464 0.998239160 -0.059113506 -5.847875118 0.775726855 0.033490282 0.630179584 81.812980652
0.623098791 -0.052868720 -0.780354321 -52.450443268 0.009810641 0.998162687 -0.059791539 -5.933486462 0.782081604 0.029600265 0.622472763 82.548423767
0.613979518 -0.053816710 -0.787485123 -53.404666901 0.012551739 0.998212457 -0.058431573 -6.017884731 0.789222181 0.025991485 0.613557518 83.286148071
0.605314553 -0.052245811 -0.794269919 -54.380390167 0.012855097 0.998355150 -0.055873320 -6.097424507 0.795882583 0.023610512 0.604990482 84.021881104
0.596175730 -0.052112199 -0.801160872 -55.365390778 0.012610440 0.998375952 -0.055556282 -6.179745197 0.802754998 0.023018319 0.595864594 84.756446838
0.586668670 -0.053622089 -0.808049858 -56.358291626 0.012108574 0.998274803 -0.057454187 -6.261680126 0.809736550 0.023922242 0.586305737 85.467643738
0.576805651 -0.055782661 -0.814974606 -57.376895905 0.012241783 0.998143911 -0.059655849 -6.344970703 0.816789865 0.024433086 0.576417923 86.169670105
0.567082584 -0.057758525 -0.821633279 -58.410343170 0.012675782 0.998032212 -0.061410181 -6.423243999 0.823563457 0.024409797 0.566698730 86.876144409
0.556256175 -0.058245856 -0.828967154 -59.446533203 0.015325215 0.998090029 -0.059845392 -6.514539242 0.830869555 0.020585271 0.556086421 87.593826294
0.546393752 -0.058298990 -0.835496962 -60.489677429 0.016670125 0.998133719 -0.058745563 -6.600405693 0.837362528 0.018170366 0.546345770 88.259719849
0.536155820 -0.059173565 -0.842042446 -61.550281525 0.017145017 0.998097479 -0.059223361 -6.684321880 0.843944907 0.017316116 0.536150277 88.924263000
0.525911093 -0.059733711 -0.848439455 -62.631198883 0.016795039 0.998065591 -0.059857499 -6.782921314 0.850373685 0.017230146 0.525896907 89.583320618
0.515163839 -0.060974441 -0.854920030 -63.700725555 0.016101856 0.997978747 -0.061474878 -6.863638401 0.856940448 0.017903836 0.515104353 90.244812012
0.505130470 -0.061703332 -0.860834479 -64.786483765 0.015770854 0.997934341 -0.062276244 -6.960724831 0.862899005 0.017881531 0.505060136 90.879386902
0.495402396 -0.061472572 -0.866485715 -65.878097534 0.014271441 0.997934222 -0.062638633 -7.053156853 0.868546367 0.018665330 0.495256335 91.500701904
0.486713409 -0.059859049 -0.871508420 -67.020301819 0.013817792 0.998052239 -0.060833778 -7.139352798 0.873452425 0.017566299 0.486592561 92.133842468
0.478526384 -0.058492608 -0.876122773 -68.139137268 0.014352772 0.998166561 -0.058801327 -7.225902081 0.877955854 0.015563199 0.478488564 92.745254517
0.470928341 -0.058337267 -0.880240440 -69.248138428 0.013903351 0.998177946 -0.058715198 -7.318261623 0.882061899 0.015412362 0.470881343 93.335266113
0.462982953 -0.061447553 -0.884234667 -70.347572327 0.016175259 0.998013735 -0.060885001 -7.409552574 0.886219621 0.013885996 0.463057250 93.922271729
0.455692738 -0.064592697 -0.887790442 -71.490097046 0.018928729 0.997841358 -0.062883735 -7.503831863 0.889935911 0.011850916 0.455931693 94.510681152
0.449944764 -0.067624763 -0.890492380 -72.622566223 0.019845411 0.997639894 -0.065734215 -7.601002216 0.892835855 0.011904581 0.450224847 95.078071594
0.444090545 -0.071484633 -0.893125772 -73.764808655 0.022075079 0.997382581 -0.068852790 -7.698974133 0.895709932 0.010861050 0.444506198 95.650764465
0.439310223 -0.072358534 -0.895416558 -74.917098999 0.024466872 0.997344792 -0.068591386 -7.799960613 0.898002267 0.008224855 0.439914167 96.215133667
0.434959412 -0.069096312 -0.897795081 -76.058097839 0.026392916 0.997601390 -0.063990906 -7.918867588 0.900063157 0.004138021 0.435739696 96.783615112
0.430920571 -0.067397766 -0.899869442 -77.201179504 0.029798256 0.997725964 -0.060457438 -8.015647888 0.901897669 -0.000762183 0.431948960 97.335800171
0.427832246 -0.066584758 -0.901402295 -78.326332092 0.030836793 0.997777581 -0.059067737 -8.109302521 0.903331995 -0.002525270 0.428934664 97.866172791
0.424661398 -0.066494122 -0.902907133 -79.496490479 0.032927178 0.997773707 -0.057993978 -8.208332062 0.904753327 -0.005102382 0.425905406 98.417022705
0.422465950 -0.065673247 -0.903996468 -80.631713867 0.034374010 0.997814894 -0.056424867 -8.295889854 0.905726790 -0.007236399 0.423800290 98.942924500
0.420203716 -0.064763486 -0.905115843 -81.784347534 0.036910139 0.997844160 -0.054262768 -8.385066032 0.906678796 -0.010606539 0.421688259 99.470611572
0.417597026 -0.065617196 -0.906259954 -82.908401489 0.037977859 0.997777939 -0.054743618 -8.472403526 0.907838345 -0.011557047 0.419161052 99.985847473
0.415391356 -0.066286981 -0.907224357 -84.029495239 0.039972942 0.997708142 -0.054595802 -8.551054001 0.908764184 -0.013585811 0.417088956 100.493675232
0.412876070 -0.065253347 -0.908446670 -85.145149231 0.043674566 0.997701168 -0.051814999 -8.636336327 0.909739375 -0.018282842 0.414776832 101.016128540
0.410807699 -0.064748548 -0.909420013 -86.242530823 0.045347892 0.997691393 -0.050548498 -8.712116241 0.910593450 -0.020474557 0.412795544 101.511642456
0.409047067 -0.066478707 -0.910088420 -87.347091675 0.048282709 0.997522354 -0.051164363 -8.789343834 0.911234975 -0.023012908 0.411243409 102.007255554
0.407869786 -0.067576498 -0.910535812 -88.430725098 0.049397852 0.997429848 -0.051897932 -8.870006561 0.911702871 -0.023810918 0.410159677 102.490821838
0.407252938 -0.068969660 -0.910707533 -89.497085571 0.049781822 0.997338414 -0.053268820 -8.954333305 0.911957681 -0.023642795 0.409602493 102.973480225
0.407793939 -0.069740504 -0.910406709 -90.580795288 0.048697989 0.997320831 -0.054585405 -9.029979706 0.911774397 -0.022075377 0.410097688 103.447059631
0.410143554 -0.069735661 -0.909350991 -91.628044128 0.046906173 0.997365713 -0.055329233 -9.109561920 0.910813928 -0.019961243 0.412334204 103.915779114
0.414671630 -0.069340713 -0.907325387 -92.670608521 0.044256587 0.997449338 -0.056001838 -9.195720673 0.908894360 -0.016932750 0.416682720 104.381813049
0.418978661 -0.071524352 -0.905174613 -93.682991028 0.045108758 0.997301340 -0.057924423 -9.265622139 0.906874776 -0.016562197 0.421074390 104.858619690
0.424225301 -0.071374230 -0.902739465 -94.694252014 0.044299666 0.997331142 -0.058035236 -9.344791412 0.904472411 -0.015371039 0.426254988 105.341888428
0.431489527 -0.069863372 -0.899408579 -95.699729919 0.043338489 0.997450829 -0.056687448 -9.433971405 0.901076317 -0.014518977 0.433417380 105.813858032
0.440239340 -0.068519108 -0.895262182 -96.715484619 0.041985918 0.997564197 -0.055702511 -9.514611244 0.896898210 -0.013065976 0.442043871 106.296035767
0.448718399 -0.067481481 -0.891121805 -97.696342468 0.041671067 0.997640312 -0.054564562 -9.595993996 0.892701149 -0.012649870 0.450471580 106.796867371
0.458646685 -0.067501605 -0.886051118 -98.711784363 0.040172372 0.997666180 -0.055210292 -9.662995338 0.887710214 -0.010272766 0.460288048 107.301849365
0.468093842 -0.067450397 -0.881100714 -99.684448242 0.038613472 0.997691572 -0.055861890 -9.748701096 0.882834733 -0.007873752 0.469617784 107.821876526
0.478855789 -0.069456376 -0.875141561 -100.654449463 0.037350092 0.997574568 -0.058736335 -9.819474220 0.877098620 -0.004560385 0.480288535 108.335700989
0.490566105 -0.070548609 -0.868543386 -101.613327026 0.035899159 0.997507393 -0.060747504 -9.895944595 0.870664179 -0.001379308 0.491875976 108.868499756
0.502696574 -0.068896651 -0.861712992 -102.563301086 0.033490200 0.997622788 -0.060225926 -9.973616600 0.863813937 0.001416428 0.503808975 109.424217224
0.516383886 -0.065392718 -0.853856802 -103.500068665 0.031139556 0.997854590 -0.057588659 -10.060265541 0.855790794 0.003149131 0.517312407 109.958999634
0.528405309 -0.062911704 -0.846658111 -104.411186218 0.030410020 0.998013258 -0.055179179 -10.140707016 0.848447442 0.003410079 0.529268622 110.530700684
0.540796518 -0.062332299 -0.838840723 -105.323211670 0.030486781 0.998047829 -0.054507922 -10.215329170 0.840600729 0.003904139 0.541641176 111.103614807
0.552734911 -0.061723873 -0.831068218 -106.200401306 0.030197296 0.998081863 -0.054044157 -10.303375244 0.832809925 0.004776078 0.553538442 111.677024841
0.564285159 -0.063181907 -0.823158860 -107.083335876 0.030114722 0.997978985 -0.055956308 -10.368223190 0.825030565 0.006786110 0.565047324 112.265449524
0.574160159 -0.065021627 -0.816157043 -107.924896240 0.032786679 0.997868001 -0.056433011 -10.446548462 0.818086267 0.005642511 0.575067818 112.880691528
0.586498737 -0.064124823 -0.807407796 -108.776824951 0.033132851 0.997926116 -0.055188295 -10.532166481 0.809272230 0.005616138 0.587406993 113.466773987
0.597512007 -0.061904985 -0.799466908 -109.611785889 0.032232124 0.998063922 -0.053193014 -10.602593422 0.801211894 0.006014945 0.598350525 114.078125000
0.607486963 -0.058591973 -0.792165816 -110.412681580 0.032327488 0.998273313 -0.049045626 -10.680079460 0.793671608 0.004185837 0.608332038 114.691352844
0.617369354 -0.056797311 -0.784620404 -111.223526001 0.030843515 0.998370945 -0.048001479 -10.749153137 0.786068559 0.005434196 0.618115544 115.313972473
0.627391160 -0.056717243 -0.776635945 -112.006881714 0.029155126 0.998355627 -0.049356841 -10.811729431 0.778158307 0.008323129 0.628013015 115.944450378
0.637025118 -0.055588242 -0.768836081 -112.771492004 0.026907999 0.998392105 -0.049890727 -10.883969307 0.770373285 0.011093808 0.637496650 116.573928833
0.646309614 -0.055389233 -0.761062503 -113.541549683 0.027199971 0.998400569 -0.049563669 -10.949548721 0.762590349 0.011332597 0.646782458 117.209716797
0.655293047 -0.052963018 -0.753515780 -114.282394409 0.026610866 0.998538435 -0.047043063 -11.016509056 0.754905879 0.010775289 0.655744612 117.861221313
0.664331853 -0.051251240 -0.745678604 -115.019241333 0.026720859 0.998637140 -0.044831488 -11.080654144 0.746960044 0.009857809 0.664795876 118.501800537
0.672649026 -0.050727181 -0.738220751 -115.728057861 0.027149074 0.998667538 -0.043886311 -11.141133308 0.739463449 0.009478076 0.673130095 119.146240234
0.680304229 -0.049894374 -0.731229484 -116.427696228 0.026049467 0.998695850 -0.043909248 -11.196448326 0.732466757 0.010823508 0.680716813 119.799339294
0.687974215 -0.048664607 -0.724101722 -117.120872498 0.025401944 0.998752594 -0.042988464 -11.256031036 0.725290477 0.011181364 0.688352227 120.451782227
0.695201397 -0.046264689 -0.717324674 -117.795494080 0.024673013 0.998874307 -0.040511504 -11.310346603 0.718391478 0.010465096 0.695560336 121.095252991
0.702555299 -0.043546472 -0.710295558 -118.458801270 0.023572786 0.999002278 -0.037930466 -11.361466408 0.711238682 0.009904605 0.702880919 121.756797791
0.710441649 -0.042083196 -0.702496827 -119.117042542 0.022815198 0.999063015 -0.036775831 -11.415104866 0.703386307 0.010099471 0.710736096 122.404113770
0.717717111 -0.041029498 -0.695124805 -119.749961853 0.022129938 0.999102473 -0.036122467 -11.469003677 0.695983052 0.010542645 0.717980981 123.050903320
0.725760162 -0.038039487 -0.686895311 -120.375038147 0.019288616 0.999202847 -0.034954742 -11.511474609 0.687677383 0.012119499 0.725915372 123.702178955
0.734750211 -0.035233773 -0.677422106 -120.979614258 0.018619118 0.999321461 -0.031781454 -11.562175751 0.678082168 0.010738432 0.734907627 124.354171753
0.744247377 -0.031507026 -0.667160511 -121.567314148 0.016747823 0.999453068 -0.028516777 -11.602594376 0.667693973 0.010050053 0.744368017 125.007583618
0.754335046 -0.029050298 -0.655846596 -122.145751953 0.014729119 0.999517918 -0.027331999 -11.648152351 0.656324387 0.010957440 0.754399359 125.662918091
0.764226794 -0.028038822 -0.644337773 -122.697975159 0.013048947 0.999522269 -0.028018018 -11.685892105 0.644815505 0.013004189 0.764227629 126.317741394
0.774232030 -0.029305805 -0.632223010 -123.247375488 0.013341119 0.999461114 -0.029990830 -11.723114967 0.632761240 0.014785299 0.774205804 126.984451294
0.784373939 -0.028404295 -0.619637489 -123.778663635 0.013028603 0.999485016 -0.029324193 -11.761028290 0.620151281 0.014928123 0.784340143 127.656921387
0.794568598 -0.026904706 -0.606577992 -124.296775818 0.012678498 0.999535084 -0.027726457 -11.795130730 0.607042015 0.014340071 0.794540346 128.337799072
0.804745138 -0.024692580 -0.593106747 -124.800277710 0.012578201 0.999619484 -0.024550272 -11.833815575 0.593487203 0.012296495 0.804749489 129.020980835
0.814481556 -0.023215404 -0.579724729 -125.304687500 0.012750131 0.999673963 -0.022119267 -11.864830971 0.580049217 0.010624167 0.814512134 129.723480225
0.823742628 -0.021627683 -0.566551208 -125.778251648 0.013197102 0.999732852 -0.018976025 -11.903474808 0.566810191 0.008154527 0.823808014 130.402084351
0.831945002 -0.021002138 -0.554460585 -126.250106812 0.013971607 0.999759555 -0.016905583 -11.927329063 0.554682195 0.006317808 0.832038283 131.107131958
0.839391887 -0.021484625 -0.543101966 -126.711997986 0.015666986 0.999759614 -0.015335468 -11.953828812 0.543300867 0.004363695 0.839526713 131.818176270
0.845902920 -0.020861827 -0.532928646 -127.154792786 0.015380776 0.999773324 -0.014723270 -11.989325523 0.533115089 0.004257599 0.846032083 132.527633667
0.852562189 -0.020378483 -0.522228241 -127.593254089 0.014721244 0.999779403 -0.014980446 -12.007443428 0.522418380 0.005083911 0.852674186 133.246826172
0.859234571 -0.018198820 -0.511258006 -128.037124634 0.012868181 0.999819756 -0.013963114 -12.030346870 0.511419952 0.005418629 0.859313905 133.996200562
0.865741491 -0.016742265 -0.500211418 -128.465179443 0.011728965 0.999844551 -0.013165255 -12.061812401 0.500354052 0.005530745 0.865803182 134.724731445
0.871766865 -0.017386863 -0.489612371 -128.888061523 0.012589899 0.999835074 -0.013089008 -12.083461761 0.489759117 0.005246392 0.871842027 135.476196289
0.876702249 -0.018682973 -0.480670601 -129.296569824 0.013531283 0.999807835 -0.014181186 -12.103400230 0.480843216 0.005928587 0.876786590 136.231597900
0.881202459 -0.018821513 -0.472364366 -129.723648071 0.013590142 0.999802709 -0.014484866 -12.132310867 0.472543806 0.006344601 0.881284356 137.011291504
0.884825230 -0.018128434 -0.465570420 -130.135253906 0.013253907 0.999817669 -0.013741728 -12.151976585 0.465734661 0.005988399 0.884904146 137.783752441
0.887959421 -0.016541693 -0.459624231 -130.547927856 0.013189389 0.999857843 -0.010503578 -12.169613838 0.459732652 0.003264588 0.888051391 138.581695557
0.891023517 -0.012378836 -0.453788429 -130.957153320 0.010716422 0.999923170 -0.006234847 -12.185530663 0.453830689 0.000692407 0.891087711 139.385055542
0.894457638 -0.009713558 -0.447047204 -131.374374390 0.009203835 0.999952137 -0.003312072 -12.206208229 0.447057992 -0.001152041 0.894504249 140.201217651
0.897810876 -0.006960725 -0.440326244 -131.783416748 0.007238874 0.999973238 -0.001047858 -12.216527939 0.440321773 -0.002246688 0.897837222 141.023544312
0.901055753 -0.005434669 -0.433669269 -132.185226440 0.006591055 0.999977648 0.001163010 -12.224009514 0.433653355 -0.003906276 0.901071310 141.856826782
0.904476702 -0.003964116 -0.426504463 -132.607849121 0.006259540 0.999972522 0.003980267 -12.229944229 0.426477015 -0.006269781 0.904476643 142.725433350
0.907942176 -0.004131328 -0.419075102 -133.007415771 0.007257363 0.999956548 0.005865579 -12.234987259 0.419032633 -0.008366986 0.907932580 143.588607788
0.911485076 -0.004572605 -0.411307514 -133.404174805 0.008137969 0.999943018 0.006917680 -12.238918304 0.411252469 -0.009652572 0.911470294 144.480300903
0.915283859 -0.004912499 -0.402779281 -133.818725586 0.008480380 0.999939084 0.007075234 -12.243497849 0.402720004 -0.009891569 0.915269732 145.388015747
0.919019878 -0.007604213 -0.394137621 -134.211563110 0.011040670 0.999918222 0.006452072 -12.244385719 0.394056320 -0.010281127 0.919028759 146.331100464
0.923335433 -0.008841731 -0.383892477 -134.606216431 0.011702723 0.999918461 0.005117399 -12.244603157 0.383815914 -0.009217663 0.923363626 147.250885010
0.927830517 -0.009911242 -0.372870147 -134.984710693 0.012091524 0.999920785 0.003509073 -12.256612778 0.372805864 -0.007764395 0.927876890 148.186416626
0.932915807 -0.007954344 -0.360006750 -135.359741211 0.009498135 0.999951720 0.002519396 -12.258005142 0.359969378 -0.005769778 0.932946205 149.156967163
0.939180434 -0.004582696 -0.343393773 -135.729400635 0.006226060 0.999973893 0.003683285 -12.260490417 0.343367934 -0.005597260 0.939184308 150.135574341
0.945550621 -0.000589074 -0.325474590 -136.082870483 0.003003222 0.999971569 0.006914951 -12.269891739 0.325461358 -0.007515909 0.945525467 151.143981934
0.952300847 0.002461668 -0.305151045 -136.433517456 0.000106967 0.999964714 0.008400581 -12.269000053 0.305160969 -0.008032520 0.952266932 152.172927856
0.958762944 0.003972215 -0.284178853 -136.738021851 -0.001347710 0.999954641 0.009430327 -12.270627022 0.284203440 -0.008658458 0.958724916 153.199874878
0.964889526 0.005434440 -0.262599796 -137.038162231 -0.002633432 0.999935865 0.011017222 -12.269158363 0.262642801 -0.009938863 0.964841962 154.258453369
0.970496595 0.006010978 -0.241039768 -137.308120728 -0.002807336 0.999903202 0.013632128 -12.262816429 0.241098315 -0.012553255 0.970419526 155.336090088
0.975729823 0.008972832 -0.218794033 -137.565017700 -0.005289068 0.999834299 0.017416582 -12.264898300 0.218914077 -0.015836660 0.975615621 156.412460327
0.980443656 0.011337287 -0.196473688 -137.793518066 -0.007259488 0.999743402 0.021462711 -12.252668381 0.196666598 -0.019616678 0.980274141 157.516448975
0.984718680 0.013351115 -0.173640132 -138.012573242 -0.009148899 0.999646068 0.024978682 -12.243793488 0.173912168 -0.023008360 0.984492302 158.643875122
0.988358617 0.015361565 -0.151365027 -138.196716309 -0.011683296 0.999615073 0.025160158 -12.230338097 0.151693270 -0.023098817 0.988157630 159.795867920
0.991424561 0.014306867 -0.129895091 -138.343109131 -0.011462019 0.999678314 0.022622418 -12.210707664 0.130176961 -0.020939561 0.991269588 160.944564819
0.993985653 0.014942774 -0.108485952 -138.484344482 -0.012625619 0.999677896 0.022014625 -12.201716423 0.108779982 -0.020512521 0.993854165 162.105484009
0.995975614 0.013532003 -0.088597000 -138.582763672 -0.011470012 0.999652326 0.023741733 -12.183261871 0.088887475 -0.022629982 0.995784521 163.298583984
0.997584701 0.014323109 -0.067967393 -138.687805176 -0.012594626 0.999587953 0.025791831 -12.172636032 0.068308808 -0.024873521 0.997354090 164.496353149
0.998744369 0.014734637 -0.047879100 -138.748901367 -0.013472978 0.999556184 0.026567686 -12.151735306 0.048249312 -0.025889257 0.998499751 165.716598511
0.999488950 0.016592430 -0.027321391 -138.792007446 -0.015849330 0.999504566 0.027193969 -12.136542320 0.027759064 -0.026747044 0.999256730 166.937286377
0.999831915 0.017022949 -0.006814298 -138.807342529 -0.016826676 0.999469280 0.027892385 -12.115613937 0.007285494 -0.027773030 0.999587715 168.174407959
0.999724984 0.019198190 0.013471489 -138.798614502 -0.019563032 0.999430537 0.027494805 -12.096068382 -0.012935964 -0.027750783 0.999531150 169.431289673
0.999198914 0.020665241 0.034269616 -138.778793335 -0.021567801 0.999424577 0.026180029 -12.077348709 -0.033708878 -0.026898183 0.999069691 170.702011108
0.998329759 0.020848805 0.053879481 -138.718826294 -0.022159202 0.999470174 0.023839058 -12.057858467 -0.053353924 -0.024993164 0.998262882 171.987655640
0.997076273 0.023181641 0.072810158 -138.635025024 -0.024796555 0.999464393 0.021354653 -12.043628693 -0.072276123 -0.023097660 0.997117102 173.281814575
0.995502770 0.023175843 0.091853522 -138.523117065 -0.025093321 0.999489427 0.019775581 -12.034855843 -0.091348320 -0.021991555 0.995576143 174.584274292
0.993565977 0.023527417 0.110784434 -138.387939453 -0.025507679 0.999538541 0.016491486 -12.020945549 -0.110345326 -0.019211236 0.993707597 175.894638062
0.991326511 0.024203993 0.129173785 -138.222579956 -0.025878083 0.999601185 0.011297043 -12.016507149 -0.128848866 -0.014541830 0.991557598 177.207733154
0.988772810 0.026096348 0.147130415 -138.041976929 -0.027099781 0.999621153 0.004819320 -12.020979881 -0.146948859 -0.008752415 0.989105344 178.531600952
0.985983253 0.028014803 0.164475471 -137.829833984 -0.028327601 0.999598503 -0.000443953 -12.027253151 -0.164421901 -0.004221466 0.986381054 179.865127563
0.982859790 0.030168558 0.181869447 -137.590957642 -0.029846843 0.999544322 -0.004506269 -12.045137405 -0.181922510 -0.000999199 0.983312309 181.199737549
0.979334891 0.032262538 0.199654922 -137.333908081 -0.031443290 0.999479055 -0.007273636 -12.067137718 -0.199785590 0.000845519 0.979839325 182.534744263
0.975588620 0.031732727 0.217301384 -137.049850464 -0.030933689 0.999496341 -0.007078627 -12.094182014 -0.217416570 0.000183896 0.976078928 183.891281128
0.971651256 0.030822590 0.234401032 -136.733886719 -0.029833309 0.999524713 -0.007766049 -12.118862152 -0.234528974 0.000552934 0.972109020 185.249114990
0.967438221 0.030980019 0.251204103 -136.389663696 -0.028731668 0.999507606 -0.012613866 -12.154552460 -0.251471192 0.004985625 0.967851937 186.609802246
0.963017583 0.032002695 0.267531693 -136.025360107 -0.028500887 0.999449790 -0.016963340 -12.185440063 -0.267927408 0.008711104 0.963399768 187.962493896
0.958084524 0.034507386 0.284399837 -135.629730225 -0.030958539 0.999376655 -0.016965486 -12.223882675 -0.284808010 0.007449769 0.958555639 189.352661133
0.952638745 0.036687184 0.301882952 -135.211883545 -0.032841645 0.999301970 -0.017806059 -12.261699677 -0.302325428 0.007048408 0.953178704 190.726882935
0.946723402 0.040489577 0.319492340 -134.770080566 -0.035705127 0.999145448 -0.020820847 -12.303619385 -0.320062369 0.008304069 0.947359979 192.114227295
0.940618455 0.041082565 0.336970598 -134.294769287 -0.034710471 0.999086797 -0.024915349 -12.349776268 -0.337686449 0.011739428 0.941185415 193.500747681
0.934250593 0.042234972 0.354107648 -133.792846680 -0.034819067 0.999020934 -0.027290845 -12.401631355 -0.354913622 0.013166790 0.934806347 194.872604370
0.927498400 0.042769548 0.371372402 -133.261856079 -0.033056326 0.998925447 -0.032484643 -12.464001656 -0.372362703 0.017853247 0.927915514 196.244247437
0.919428527 0.046309147 0.390520960 -132.707672119 -0.033927396 0.998680592 -0.038549092 -12.530819893 -0.391790867 0.022193778 0.919786572 197.619903564
0.910010338 0.049844980 0.411578268 -132.109588623 -0.035674945 0.998478591 -0.042044416 -12.605194092 -0.413047850 0.023577819 0.910404027 198.991973877
0.898783803 0.052609984 0.435223997 -131.494781494 -0.037420943 0.998356581 -0.043403368 -12.685914040 -0.436792105 0.022723755 0.899275422 200.333831787
