1.000000000 -0.000000000 -0.000000000 0.000000000 -0.000000000 1.000000000 -0.000000000 0.000000000 -0.000000000 -0.000000000 1.000000000 0.000000000
0.999934018 -0.002507364 0.011210659 0.016084101 0.002496265 0.999996364 0.001003905 -0.003727768 -0.011213135 -0.000975854 0.999936640 0.295702815
0.999828815 -0.004522594 0.017940352 0.025655484 0.004502281 0.999989152 0.001172475 -0.008602593 -0.017945461 -0.001091501 0.999838352 0.582434714
0.999779344 -0.007448430 0.019642795 0.040704161 0.007450663 0.999972224 -0.000040496 -0.012571604 -0.019641947 0.000186839 0.999807060 0.886855006
0.999815702 -0.008649075 0.017140627 0.050397448 0.008681072 0.999960721 -0.001793226 -0.010222215 -0.017124444 0.001941694 0.999851465 1.201264620
0.999880731 -0.011678151 0.010106509 0.054670829 0.011711425 0.999926150 -0.003239431 -0.013822167 -0.010067931 0.003357406 0.999943674 1.518108964
0.999911368 -0.013156499 -0.002041522 0.056123026 0.013144713 0.999897420 -0.005682428 -0.009210050 0.002116074 0.005655089 0.999981821 1.851985574
0.999749482 -0.012413092 -0.018625990 0.036601536 0.012301078 0.999905586 -0.006116450 -0.011094029 0.018700156 0.005885798 0.999807835 2.190721750
0.999227643 -0.007844836 -0.038505502 0.009605862 0.007629009 0.999954343 -0.005748899 -0.020770855 0.038548846 0.005450699 0.999241889 2.531052113
0.998304725 -0.004429060 -0.058035638 -0.034879610 0.004017177 0.999966085 -0.007211820 -0.021681175 0.058065608 0.006966454 0.998288512 2.884477854
0.996908188 -0.004185168 -0.078463614 -0.075268403 0.003590539 0.999963760 -0.007717955 -0.024491286 0.078493081 0.007412366 0.996887147 3.249392271
0.994987249 -0.005644781 -0.099842750 -0.119642764 0.004918849 0.999959648 -0.007515433 -0.023760667 0.099881142 0.006986649 0.994974852 3.625262976
0.992855847 -0.007554513 -0.119080372 -0.183215976 0.006870228 0.999957442 -0.006155898 -0.037175387 0.119121805 0.005293809 0.992865503 4.005922318
0.990550160 -0.006278687 -0.137007579 -0.255074114 0.005553870 0.999968529 -0.005671975 -0.041673549 0.137038857 0.004857454 0.990553796 4.403931618
0.988175750 -0.005116966 -0.153239831 -0.323947221 0.004402096 0.999977887 -0.005003975 -0.048698694 0.153262019 0.004270231 0.988176286 4.815232277
0.986066639 -0.004069676 -0.166300967 -0.412140518 0.003254839 0.999981344 -0.005172018 -0.053357124 0.166318953 0.004558671 0.986061394 5.226271152
0.983887613 -0.005915674 -0.178690121 -0.497914493 0.004898070 0.999969244 -0.006135432 -0.059559137 0.178720906 0.005161338 0.983886302 5.659748077
0.982029974 -0.009710159 -0.188475281 -0.586329758 0.008287097 0.999930918 -0.008336962 -0.067427337 0.188543230 0.006625233 0.982042611 6.110556602
0.980494380 -0.008600845 -0.196359098 -0.684960306 0.006733104 0.999925554 -0.010177446 -0.075621575 0.196432024 0.008656822 0.980479240 6.567395210
0.979047835 -0.008150072 -0.203467265 -0.794826448 0.005830926 0.999910951 -0.011995015 -0.080917403 0.203546926 0.010557287 0.979008257 7.024495602
0.977323174 -0.008949982 -0.211563900 -0.905180693 0.005901902 0.999869466 -0.015034466 -0.089076877 0.211670890 0.013444904 0.977248549 7.506435871
0.975562572 -0.012809468 -0.219347864 -1.020551920 0.009371213 0.999816477 -0.016708221 -0.100384369 0.219521642 0.014244363 0.975503683 8.005052567
0.973563075 -0.019297739 -0.227601677 -1.129035711 0.015567922 0.999713659 -0.018171474 -0.110118568 0.227887169 0.014147792 0.973584771 8.521056175
0.971581280 -0.019937797 -0.235864952 -1.259520769 0.015655296 0.999677181 -0.020015538 -0.133366346 0.236187905 0.015754187 0.971579671 9.021616936
0.969468236 -0.015932193 -0.244698703 -1.409349322 0.010183259 0.999641895 -0.024741231 -0.140911937 0.245005310 0.021494001 0.969283462 9.548046112
0.967290521 -0.012802230 -0.253347695 -1.566634297 0.005996810 0.999600530 -0.027616037 -0.160054982 0.253600091 0.025193453 0.966980994 10.094112396
0.964893043 -0.015468347 -0.262187183 -1.721611023 0.007892115 0.999521017 -0.029924767 -0.175319299 0.262524545 0.026804991 0.964552820 10.668143272
0.962580681 -0.018638145 -0.270353466 -1.876669288 0.010511851 0.999449253 -0.031474985 -0.199193895 0.270791203 0.027455313 0.962246537 11.213760376
0.960387468 -0.018240677 -0.278070450 -2.054374218 0.009192069 0.999385953 -0.033809904 -0.222518429 0.278516382 0.029914562 0.959965527 11.786766052
0.958133161 -0.017064461 -0.285814136 -2.249053955 0.006617541 0.999275506 -0.037477564 -0.249526948 0.286246538 0.034017112 0.957552016 12.380999565
0.955833912 -0.017503459 -0.293385744 -2.439220190 0.005178473 0.999073029 -0.042733766 -0.278281897 0.293861806 0.039327092 0.955038667 12.982404709
0.953913391 -0.019719129 -0.299433231 -2.626269817 0.004955138 0.998737633 -0.049985979 -0.315482110 0.300040960 0.046198566 0.952807069 13.585033417
0.952504933 -0.020498089 -0.303832173 -2.831218719 0.002891924 0.998295844 -0.058284085 -0.349890977 0.304509163 0.054637231 0.950940967 14.206288338
0.951237261 -0.020371070 -0.307786375 -3.043659449 -0.000265210 0.997762501 -0.066857278 -0.392416000 0.308459759 0.063678779 0.949103534 14.821557045
0.950023472 -0.019691655 -0.311556727 -3.272450924 -0.004106708 0.997133911 -0.075545430 -0.441545248 0.312151372 0.073049404 0.947219789 15.464668274
0.948852479 -0.019160435 -0.315137684 -3.506149769 -0.007304506 0.996557295 -0.082584128 -0.494157016 0.315635085 0.080662094 0.945446014 16.106605530
0.947016001 -0.017441336 -0.320712447 -3.734703541 -0.011836652 0.995951116 -0.089114770 -0.554887116 0.320968151 0.088189267 0.942975223 16.776903152
0.945567548 -0.016172908 -0.325023860 -3.984587193 -0.015620044 0.995357573 -0.094970368 -0.623649597 0.325050890 0.094877779 0.940925241 17.434770584
0.943945527 -0.014818285 -0.329768538 -4.240036964 -0.019458238 0.994757116 -0.100398049 -0.694085240 0.329527259 0.101186991 0.938708186 18.112178802
0.942184091 -0.011913233 -0.334884018 -4.495306015 -0.024106115 0.994368911 -0.103195570 -0.772174358 0.334227651 0.105301976 0.936591387 18.801019669
0.940481126 -0.010684358 -0.339677930 -4.766148567 -0.026530033 0.994147241 -0.104725167 -0.849453926 0.338808775 0.107503697 0.934693336 19.502040863
0.938125789 -0.010253838 -0.346142858 -5.031382561 -0.027512508 0.994194865 -0.104016319 -0.929567575 0.345200032 0.107103668 0.932397842 20.216503143
0.935855150 -0.010256499 -0.352235645 -5.302427292 -0.027482728 0.994407356 -0.101974316 -1.014006376 0.351311624 0.105113581 0.930339277 20.917102814
0.933333933 -0.010659955 -0.358850986 -5.593925476 -0.027115304 0.994610906 -0.100069769 -1.095971584 0.357983887 0.103128865 0.928015053 21.639043808
0.930128813 -0.009862051 -0.367101133 -5.881379128 -0.027837561 0.994869709 -0.097259268 -1.172441959 0.366176903 0.100682825 0.925082386 22.355110168
0.926765680 -0.008016973 -0.375554293 -6.191548347 -0.028472584 0.995396852 -0.091511346 -1.250590563 0.374559253 0.095502578 0.922271430 23.092519760
0.923304498 -0.004385625 -0.384043723 -6.512756348 -0.031213565 0.995770216 -0.086413883 -1.330876350 0.382798254 0.091773696 0.919262290 23.836282730
0.919640124 -0.000689021 -0.392761528 -6.842113495 -0.034491267 0.995993376 -0.082507618 -1.406283140 0.391244680 0.089424163 0.915931702 24.587821960
0.915869534 0.000988983 -0.401474804 -7.186000347 -0.036464948 0.996068537 -0.080732420 -1.479537249 0.399816662 0.088580132 0.912304938 25.323970795
0.911735773 0.000038917 -0.410777122 -7.531332016 -0.036082480 0.996142209 -0.079992093 -1.550080538 0.409189343 0.087753512 0.908219934 26.082756042
0.908088267 0.000885573 -0.418777943 -7.909086227 -0.037410725 0.996171117 -0.079015747 -1.619670153 0.417104602 0.087420054 0.904644370 26.853094101
0.904069006 0.002255089 -0.427380592 -8.283674240 -0.039065834 0.996235907 -0.077382110 -1.693510532 0.425597370 0.086654723 0.900754213 27.633152008
0.900150001 0.001395331 -0.435577869 -8.666826248 -0.037958864 0.996441782 -0.075252451 -1.762912154 0.433923006 0.084272541 0.897000015 28.426996231
0.896487713 0.001720245 -0.443065137 -9.076081276 -0.036895663 0.996809185 -0.070783608 -1.835722566 0.441529572 0.079803832 0.893690646 29.212785721
0.892661154 0.004045065 -0.450710237 -9.478460312 -0.037375316 0.997180164 -0.065074697 -1.901896238 0.449176043 0.074935108 0.890295148 29.998416901
0.888908327 0.004104267 -0.458066791 -9.907190323 -0.036101528 0.997477293 -0.061119970 -1.963930249 0.456660330 0.070866980 0.886813998 30.805263519
0.885104239 0.003025647 -0.465383083 -10.335357666 -0.034493644 0.997654855 -0.059116714 -2.028103828 0.464112848 0.068377219 0.883132935 31.609855652
0.881828249 0.002870655 -0.471561909 -10.774248123 -0.034270342 0.997727454 -0.058012355 -2.090824366 0.470323771 0.067317531 0.879922688 32.439407349
0.878681779 0.003504708 -0.477395058 -11.232440948 -0.034367438 0.997843027 -0.055930395 -2.150192261 0.476169348 0.065551870 0.876906931 33.268920898
0.875635564 0.001341138 -0.482970536 -11.697491646 -0.031746171 0.997993350 -0.054785199 -2.201817274 0.481927931 0.063304335 0.873921096 34.105987549
0.873134196 0.000612642 -0.487479568 -12.194911957 -0.031159436 0.998024404 -0.054556020 -2.265529871 0.486483097 0.062824324 0.871428251 34.954132080
0.870747864 -0.001506600 -0.491727442 -12.657165527 -0.029380567 0.998049378 -0.055084847 -2.319342375 0.490851134 0.062412247 0.869005084 35.808952332
0.869340718 -0.000946500 -0.494212329 -13.159564972 -0.030433878 0.997997820 -0.055445828 -2.379500866 0.493275225 0.063242123 0.867571235 36.675350189
0.868826807 -0.001192344 -0.495114744 -13.658418655 -0.029740278 0.998065770 -0.054591764 -2.439957619 0.494222164 0.062155630 0.867110789 37.540374756
0.868590295 -0.001244230 -0.495529413 -14.168066978 -0.028760592 0.998184562 -0.052919444 -2.502971172 0.494695663 0.060217023 0.866977572 38.427112579
0.868427515 -0.002019823 -0.495812029 -14.691894531 -0.027632136 0.998240352 -0.052464996 -2.562212467 0.495045573 0.059262387 0.866843581 39.308197021
0.867633104 -0.004187470 -0.497187376 -15.215814590 -0.025568686 0.998265624 -0.053027179 -2.625337362 0.496547163 0.058720559 0.866021216 40.221206665
0.866577029 -0.006948687 -0.498994917 -15.748348236 -0.022759775 0.998312294 -0.053427521 -2.687569618 0.498524040 0.057656065 0.864956379 41.136615753
0.864927649 -0.007355550 -0.501842618 -16.291101456 -0.021635575 0.998416722 -0.051922858 -2.743448019 0.501430094 0.055767164 0.863399029 42.073211670
0.862893522 -0.006660209 -0.505341828 -16.835157394 -0.020234531 0.998656094 -0.047713261 -2.808554649 0.504980445 0.051396824 0.861599207 42.987251282
0.860157967 -0.006511277 -0.509986162 -17.386974335 -0.018366262 0.998874485 -0.043730281 -2.869170666 0.509696960 0.046981484 0.859070420 43.908042908
0.856007576 -0.007370753 -0.516910732 -17.955215454 -0.016462522 0.999002635 -0.041507062 -2.934324026 0.516701043 0.044040017 0.855032444 44.836242676
0.850795329 -0.010729454 -0.525387704 -18.518594742 -0.014639390 0.998919666 -0.044106439 -2.987859726 0.525293291 0.045216907 0.849718928 45.738201141
0.844660699 -0.015037071 -0.535090685 -19.087434769 -0.012359886 0.998791099 -0.047578473 -3.045307159 0.535159171 0.046801340 0.843453705 46.640453339
0.838496447 -0.014261949 -0.544720352 -19.672183990 -0.013267946 0.998826623 -0.046574976 -3.109006882 0.544745505 0.046280272 0.837323248 47.540740967
0.832557619 -0.010875527 -0.553831697 -20.272542953 -0.014418226 0.999042988 -0.041292552 -3.167898655 0.553750694 0.042363703 0.831604123 48.431636810
0.827673495 -0.005764234 -0.561180055 -20.905336380 -0.018187435 0.999146521 -0.037087154 -3.223485947 0.560914993 0.040902488 0.826862454 49.325378418
0.823557675 -0.005937216 -0.567201436 -21.518238068 -0.019398909 0.999065518 -0.038624354 -3.275934458 0.566900671 0.042812478 0.822672963 50.202602386
0.819970667 -0.008222861 -0.572346449 -22.134262085 -0.019734893 0.998896241 -0.042624213 -3.335947037 0.572065294 0.046245806 0.818903446 51.078361511
0.817097843 -0.009953447 -0.576413035 -22.762149811 -0.022952706 0.998496592 -0.049778685 -3.391901731 0.576041877 0.053904288 0.815640926 51.953514099
0.813776672 -0.011535917 -0.581063032 -23.392589569 -0.022537047 0.998424530 -0.051384907 -3.453365326 0.580740392 0.054911286 0.812234759 52.831638336
0.810574710 -0.009709323 -0.585554898 -24.024372101 -0.022126485 0.998640895 -0.047188215 -3.518323421 0.585217297 0.051205840 0.809258103 53.687084198
0.807517707 -0.007306003 -0.589798093 -24.669984818 -0.021751778 0.998874307 -0.042154640 -3.574903488 0.589442134 0.046869770 0.806449771 54.554058075
0.804521859 -0.005034778 -0.593901694 -25.316875458 -0.022484394 0.998989105 -0.038927115 -3.635843515 0.593497276 0.044671230 0.803595304 55.420772552
0.801268339 -0.005203378 -0.598282516 -25.967422485 -0.022854850 0.998966157 -0.039297268 -3.688899040 0.597868443 0.045161311 0.800321043 56.273769379
0.797708213 -0.006454639 -0.603008986 -26.626905441 -0.022981092 0.998890936 -0.041093398 -3.742791414 0.602605581 0.046638340 0.796675265 57.138931274
0.793789506 -0.009734144 -0.608114660 -27.305580139 -0.021714611 0.998780847 -0.044332284 -3.793549061 0.607804894 0.048395474 0.792610407 58.002769470
0.789608777 -0.010461507 -0.613521457 -27.949329376 -0.020982437 0.998809636 -0.044035897 -3.856857777 0.613251805 0.047644310 0.788449287 58.828895569
0.785078585 -0.010412343 -0.619308650 -28.626018524 -0.020662405 0.998862028 -0.042986814 -3.917459965 0.619051397 0.046544440 0.783970058 59.674728394
0.780338168 -0.009462470 -0.625286281 -29.306682587 -0.021671318 0.998875737 -0.042161144 -3.976706743 0.624982238 0.046450730 0.779255807 60.496864319
0.774662852 -0.012303558 -0.632254899 -30.001665115 -0.019520311 0.998869002 -0.043354817 -4.036753654 0.632073104 0.045927171 0.773546457 61.364128113
0.769396484 -0.013673237 -0.638625205 -30.702919006 -0.018990645 0.998839259 -0.044264928 -4.096931458 0.638489187 0.046185184 0.768243730 62.200439453
0.763656199 -0.014706658 -0.645455599 -31.409709930 -0.018654274 0.998820484 -0.044828422 -4.159250736 0.645353615 0.046274003 0.762481093 63.032810211
0.757987857 -0.016687755 -0.652055204 -32.133544922 -0.017450633 0.998796046 -0.045847386 -4.225164413 0.652035296 0.046130545 0.756783962 63.870998383
0.751673579 -0.018252876 -0.659282565 -32.862876892 -0.016896084 0.998755991 -0.046915390 -4.286458969 0.659318864 0.046404365 0.750429988 64.707229614
0.745662868 -0.019587558 -0.666035414 -33.624744415 -0.015743649 0.998770893 -0.046998903 -4.354584694 0.666137338 0.045531161 0.744437993 65.531402588
0.739109576 -0.019529883 -0.673301935 -34.379104614 -0.014647502 0.998877287 -0.045052681 -4.419439316 0.673425853 0.043161057 0.737993717 66.361618042
0.732854426 -0.019772774 -0.680098057 -35.149570465 -0.014444154 0.998900235 -0.044606052 -4.474911213 0.680232167 0.042513181 0.731762886 67.175178528
0.726603627 -0.021481169 -0.686721027 -35.908321381 -0.013185500 0.998890996 -0.045197360 -4.540690422 0.686930418 0.041895319 0.725514531 67.968261719
0.719511211 -0.024086913 -0.694063008 -36.688522339 -0.011913961 0.998823166 -0.047014169 -4.600458145 0.694378674 0.042096257 0.718377411 68.796638489
0.713788629 -0.023178132 -0.699977517 -37.492546082 -0.013395165 0.998817623 -0.046732999 -4.663784027 0.700233042 0.042733792 0.712634146 69.591896057
0.708224356 -0.022739433 -0.705621064 -38.314910889 -0.013613897 0.998855412 -0.045853354 -4.727219105 0.705856144 0.042080712 0.707104206 70.407005310
0.703054607 -0.022771725 -0.710771084 -39.129653931 -0.014287361 0.998833120 -0.046132911 -4.784217834 0.710992455 0.042589001 0.701908886 71.210533142
0.698330760 -0.022900742 -0.715408683 -39.955429077 -0.015564911 0.998765826 -0.047164556 -4.847962856 0.715605974 0.044071727 0.697112560 72.005790710
0.693261981 -0.025047334 -0.720250130 -40.807502747 -0.015788706 0.998628259 -0.049925268 -4.921658039 0.720512569 0.045983121 0.691915631 72.804153442
0.688494384 -0.027853936 -0.724706590 -41.652774811 -0.014414379 0.998539269 -0.052072760 -4.991250992 0.725098312 0.046297997 0.687087238 73.591430664
0.682921410 -0.028173411 -0.729948461 -42.508117676 -0.015330822 0.998483062 -0.052881025 -5.061113358 0.730330944 0.047304288 0.681453526 74.396423340
0.678193152 -0.027526328 -0.734368026 -43.387241364 -0.015417856 0.998545349 -0.051666964 -5.132329464 0.734721959 0.046362568 0.676782191 75.190254211
0.673438430 -0.027701449 -0.738724232 -44.264640808 -0.014684290 0.998599291 -0.050833046 -5.201447964 0.739097536 0.045080569 0.672088206 75.973144531
0.668094456 -0.028648507 -0.743524790 -45.157112122 -0.014408919 0.998573005 -0.051422838 -5.275648117 0.743936956 0.045068696 0.666728318 76.771125793
0.663473427 -0.029982079 -0.747598767 -46.032234192 -0.013323082 0.998564959 -0.051870812 -5.342352390 0.748081207 0.044375222 0.662121952 77.541099548
0.659003496 -0.030496772 -0.751521289 -46.941207886 -0.012571753 0.998591423 -0.051546961 -5.416821957 0.752034843 0.043417562 0.657691896 78.323837280
0.654974461 -0.031214841 -0.755005956 -47.838424683 -0.011104788 0.998640895 -0.050921138 -5.493290901 0.755569398 0.041736223 0.653737783 79.098060608
0.650874078 -0.034346499 -0.758408427 -48.768211365 -0.008526297 0.998582363 -0.052540764 -5.563827038 0.759137869 0.040663835 0.649658501 79.899009705
0.646686494 -0.038863827 -0.761765242 -49.677261353 -0.006131726 0.998403966 -0.056142107 -5.633014679 0.762731254 0.040977284 0.645416081 80.660079956
0.642184854 -0.043139763 -0.765334904 -50.610591888 -0.002009614 0.998316944 -0.057958540 -5.704526424 0.766547143 0.038758118 0.641017318 81.438270569
0.635255575 -0.046210248 -0.770918250 -51.540523529 0.002508519 0.998326421 -0.057774428 -5.784240246 0.772297919 0.034767654 0.634308279 82.215911865
0.627181113 -0.050261658 -0.777249932 -52.468315125 0.007689425 0.998266757 -0.058349129 -5.870113850 0.778835595 0.030618871 0.626480579 82.957191467
0.618110001 -0.050994869 -0.784435689 -53.420764923 0.010252956 0.998331785 -0.056820888 -5.953520775 0.786024749 0.027078772 0.617601812 83.697799683
0.609516859 -0.049347300 -0.791235805 -54.386558533 0.010562812 0.998477697 -0.054135527 -6.035159111 0.792702734 0.024638841 0.609110236 84.433837891
0.600568593 -0.049512148 -0.798038900 -55.366893768 0.010209734 0.998474360 -0.054264233 -6.110242844 0.799508154 0.024441628 0.600157857 85.168403625
0.591411352 -0.050893180 -0.804762423 -56.367294312 0.009559733 0.998378754 -0.056112111 -6.188709259 0.806313396 0.025492022 0.590938985 85.877014160
0.581000388 -0.052977398 -0.812177241 -57.377716064 0.010056990 0.998270452 -0.057921663 -6.276014328 0.813841045 0.025484446 0.580528378 86.601158142
0.571313798 -0.054915395 -0.818892360 -58.407463074 0.010507029 0.998166621 -0.059607219 -6.351968765 0.820664406 0.025450306 0.570843399 87.313049316
0.560672760 -0.055101052 -0.826202154 -59.436656952 0.013457247 0.998258054 -0.057443526 -6.447726250 0.827928126 0.021088606 0.560437620 88.028625488
0.550755978 -0.055372573 -0.832827568 -60.469879150 0.014491928 0.998280942 -0.056789510 -6.526587486 0.834540486 0.019207882 0.550611675 88.697128296
0.540806711 -0.056256112 -0.839263618 -61.530357361 0.014817600 0.998243332 -0.057364378 -6.606224537 0.841016293 0.018587168 0.540690243 89.364379883
0.530187190 -0.057013042 -0.845961630 -62.601005554 0.014259338 0.998195171 -0.058335997 -6.696988583 0.847760677 0.018866150 0.530043304 90.035827637
0.519831657 -0.057810288 -0.852310419 -63.671379089 0.013221977 0.998132527 -0.059636880 -6.778363228 0.854166389 0.019731909 0.519625247 90.692321777
0.510094345 -0.058915228 -0.858098328 -64.752967834 0.012572860 0.998055458 -0.061050486 -6.866479874 0.860026479 0.020352760 0.509843230 91.327171326
0.500327408 -0.058735538 -0.863841891 -65.845169067 0.011368540 0.998056054 -0.061276697 -6.955243111 0.865761638 0.020837793 0.500022531 91.956901550
0.491692781 -0.056597140 -0.868927479 -66.975082397 0.010670731 0.998202205 -0.058979217 -7.046413898 0.870703340 0.019727565 0.491412789 92.586349487
0.483568251 -0.055258472 -0.873560727 -68.090980530 0.011222837 0.998314679 -0.056937467 -7.130419731 0.875234723 0.017729323 0.483373404 93.203765869
0.476017654 -0.055063281 -0.877710223 -69.197196960 0.010922273 0.998331189 -0.056706864 -7.221769333 0.879367828 0.017406879 0.475824654 93.800415039
0.468160540 -0.057950407 -0.881741166 -70.300346375 0.012720638 0.998185754 -0.058849435 -7.309019089 0.883551836 0.016334677 0.468048364 94.390914917
0.461110890 -0.061246090 -0.885226369 -71.436950684 0.015608313 0.998020649 -0.060919672 -7.400074005 0.887205184 0.014273838 0.461154133 94.981170654
0.455203623 -0.064267732 -0.888064981 -72.574462891 0.016653966 0.997831702 -0.063674897 -7.493844509 0.890231550 0.014195242 0.455286980 95.560653687
0.449205220 -0.067997985 -0.890837312 -73.709327698 0.018948013 0.997600317 -0.066592716 -7.591112614 0.893227577 0.013034198 0.449415773 96.144302368
0.444677263 -0.068972990 -0.893031299 -74.852691650 0.022122495 0.997572303 -0.066031463 -7.696751118 0.895417690 0.009606616 0.445123494 96.708618164
0.440454066 -0.066353530 -0.895319700 -76.000038147 0.023728253 0.997776985 -0.062273622 -7.795265198 0.897461593 0.006184301 0.441049337 97.274459839
0.436414957 -0.064981349 -0.897395909 -77.137367249 0.027291719 0.997885644 -0.058985591 -7.891010284 0.899331510 0.001250721 0.437265694 97.833114624
0.433298856 -0.064052850 -0.898971200 -78.286071777 0.028075235 0.997946441 -0.057572871 -7.982703209 0.900812924 -0.000292575 0.434207320 98.381973267
0.430241048 -0.064101882 -0.900435209 -79.422080994 0.029840849 0.997940302 -0.056784872 -8.068984032 0.902220786 -0.002438572 0.431267768 98.923423767
0.428212196 -0.062614277 -0.901506424 -80.550323486 0.031270035 0.998025775 -0.054464910 -8.168101311 0.903137088 -0.004867604 0.429324776 99.447509766
0.425301701 -0.062348798 -0.902901471 -81.698143005 0.033801306 0.998022556 -0.052995548 -8.248172760 0.904420257 -0.007980156 0.426568121 99.998184204
0.423111320 -0.063681036 -0.903837025 -82.826148987 0.036041707 0.997920632 -0.053437680 -8.328024864 0.905360579 -0.009965746 0.424526721 100.527633667
0.420357794 -0.063888900 -0.905106366 -83.925979614 0.038060278 0.997881651 -0.052761335 -8.409193039 0.906559825 -0.012269958 0.421898961 101.051315308
0.418144763 -0.063071840 -0.906188130 -85.027832031 0.041308966 0.997874916 -0.050392047 -8.489191055 0.907440662 -0.016362526 0.419861555 101.568740845
0.415886104 -0.062717386 -0.907251477 -86.144874573 0.043579575 0.997847497 -0.049003217 -8.568495750 0.908371925 -0.019157881 0.417724073 102.078605652
0.414199442 -0.064637318 -0.907888174 -87.247032166 0.046101633 0.997684836 -0.049997773 -8.641786575 0.909017861 -0.021146076 0.416220337 102.583946228
0.413008928 -0.064809479 -0.908418000 -88.313812256 0.046910331 0.997654557 -0.049848292 -8.735248566 0.909518063 -0.022026407 0.415080488 103.067443848
0.412520468 -0.065710664 -0.908575237 -89.417388916 0.046632651 0.997610509 -0.050977301 -8.816128731 0.909753919 -0.021340091 0.414599180 103.561614990
0.412865520 -0.066687912 -0.908347249 -90.474670410 0.045367654 0.997583628 -0.052618660 -8.889073372 0.909661353 -0.019485148 0.414893448 104.042633057
0.415535241 -0.066239662 -0.907162011 -91.514213562 0.043060705 0.997659028 -0.053123202 -8.972666740 0.908557236 -0.016988467 0.417414933 104.509284973
0.419445038 -0.066389419 -0.905349851 -92.546813965 0.042179570 0.997670352 -0.053617664 -9.058012962 0.906800210 -0.015697608 0.421268076 104.988372803
0.424457908 -0.067035161 -0.902962744 -93.570304871 0.040763102 0.997659206 -0.054903742 -9.134024620 0.904529512 -0.013503241 0.426196873 105.464172363
0.430571854 -0.067154966 -0.900054574 -94.580383301 0.040266313 0.997664511 -0.055175088 -9.211418152 0.901657522 -0.012485039 0.432270288 105.937179565
0.437455297 -0.066029891 -0.896812677 -95.623886108 0.039778788 0.997745216 -0.054057624 -9.296726227 0.898359895 -0.012026331 0.439095467 106.437438965
0.445874810 -0.064804278 -0.892746449 -96.623275757 0.038545631 0.997840703 -0.053181745 -9.370754242 0.894265056 -0.010699072 0.447409838 106.926498413
0.454382747 -0.064773463 -0.888448417 -97.604072571 0.038502626 0.997848928 -0.053057879 -9.444052696 0.889974117 -0.010099011 0.455899239 107.430099487
0.464374363 -0.063969560 -0.883325636 -98.628227234 0.036924124 0.997919142 -0.052856885 -9.514989853 0.884868920 -0.008070653 0.465770096 107.944107056
0.473798156 -0.064106017 -0.878297031 -99.598472595 0.035733283 0.997924984 -0.053561196 -9.596628189 0.879908204 -0.006007242 0.475105703 108.470092773
0.484462172 -0.065929450 -0.872324288 -100.565261841 0.034167077 0.997821212 -0.056439042 -9.665160179 0.874144733 -0.002462199 0.485659331 108.991882324
0.496236742 -0.067012019 -0.865597188 -101.521797180 0.032464676 0.997751713 -0.058631413 -9.737811089 0.867580116 0.000993734 0.497296602 109.528182983
0.508569837 -0.065402567 -0.858533144 -102.467979431 0.030334054 0.997852981 -0.058046855 -9.815227509 0.860486209 0.003478088 0.509461880 110.079788208
0.521204650 -0.063086405 -0.851096809 -103.389427185 0.028625486 0.997995257 -0.056445044 -9.886449814 0.852951348 0.005056357 0.521965683 110.636093140
0.533360481 -0.060470093 -0.843723893 -104.296203613 0.027806982 0.998155892 -0.053960115 -9.967095375 0.845430791 0.005318776 0.534058332 111.207862854
0.545716584 -0.060222015 -0.835803032 -105.199630737 0.028502489 0.998171031 -0.053311124 -10.038966179 0.837484837 0.005270293 0.546435118 111.786819458
0.557432771 -0.059445642 -0.828091145 -106.088577271 0.028080450 0.998212695 -0.052755564 -10.128828049 0.829747081 0.006154506 0.558105588 112.370658875
0.568926573 -0.061067399 -0.820117891 -106.967628479 0.028140839 0.998100758 -0.054798640 -10.191556931 0.821906686 0.008097596 0.569564462 112.964370728
0.578771472 -0.062813744 -0.813067079 -107.812904358 0.030586291 0.997999668 -0.055328306 -10.267630577 0.814916015 0.007153739 0.579534829 113.589813232
0.591038108 -0.061630961 -0.804285765 -108.664337158 0.031162415 0.998077154 -0.053580817 -10.361202240 0.806041479 0.006604811 0.591822207 114.181289673
0.601750791 -0.059703287 -0.796449244 -109.493057251 0.030264124 0.998190463 -0.051960357 -10.426602364 0.798110306 0.007163339 0.602468789 114.800575256
0.611680150 -0.056109257 -0.789112926 -110.291687012 0.030022908 0.998409510 -0.047718894 -10.503352165 0.790535331 0.005497239 0.612391889 115.419845581
0.621655881 -0.054475803 -0.781393826 -111.103172302 0.028752849 0.998493373 -0.046736155 -10.569935799 0.782762587 0.006586504 0.622285545 116.045173645
0.631554365 -0.054208942 -0.773434222 -111.880874634 0.027256530 0.998488486 -0.047726121 -10.634355545 0.774852395 0.009060506 0.632077396 116.680816650
0.641093850 -0.053404391 -0.765602231 -112.645652771 0.025185835 0.998502612 -0.048560388 -10.703027725 0.767049253 0.011849433 0.641478896 117.318199158
0.650389671 -0.052906215 -0.757755995 -113.419677734 0.024861906 0.998519719 -0.048377004 -10.767231941 0.759193718 0.012624649 0.650742173 117.964881897
0.659430802 -0.050866254 -0.750042439 -114.157035828 0.024379039 0.998630524 -0.046291113 -10.827858925 0.751369774 0.012240475 0.659767807 118.615814209
0.668132186 -0.049130663 -0.742418706 -114.884162903 0.024666619 0.998731673 -0.043894064 -10.892852783 0.743633449 0.011014080 0.668496728 119.263938904
0.676072896 -0.048734516 -0.735221148 -115.598129272 0.025333395 0.998757780 -0.042907834 -10.952575684 0.736399055 0.010383173 0.676467836 119.929992676
0.683939576 -0.047869127 -0.727966487 -116.297576904 0.024090096 0.998782694 -0.043044128 -11.006672859 0.729140878 0.011902799 0.684260249 120.582794189
0.691207945 -0.046945725 -0.721129477 -116.984375000 0.023599211 0.998821795 -0.042403549 -11.062000275 0.722270489 0.012291581 0.691501379 121.244911194
0.698652804 -0.044284292 -0.714089036 -117.660797119 0.022912389 0.998955488 -0.039533213 -11.119842529 0.715093851 0.011258501 0.698937714 121.888984680
0.706026733 -0.041681517 -0.706957459 -118.321952820 0.021880249 0.999073744 -0.037052959 -11.169161797 0.707847118 0.010691978 0.706284761 122.552864075
0.713331044 -0.040273059 -0.699669063 -118.966789246 0.021253308 0.999131441 -0.035841852 -11.221596718 0.700504899 0.010696824 0.713567495 123.210243225
0.720785141 -0.039156541 -0.692051709 -119.604454041 0.020433599 0.999169528 -0.035251398 -11.275300980 0.692857325 0.011267583 0.720986605 123.864852905
0.728866935 -0.036281537 -0.683693588 -120.227584839 0.017634148 0.999258399 -0.034228347 -11.316465378 0.684428275 0.012891556 0.728966117 124.520835876
0.737767398 -0.033318613 -0.674232244 -120.826812744 0.016878068 0.999379396 -0.030917905 -11.367690086 0.674844027 0.011430485 0.737871826 125.173065186
0.747333348 -0.029432312 -0.663797200 -121.412246704 0.014851478 0.999508858 -0.027597066 -11.407936096 0.664283395 0.010765838 0.747403264 125.824928284
0.757244170 -0.027131027 -0.652568161 -121.990539551 0.012992676 0.999564826 -0.026480900 -11.453004837 0.653002679 0.011573901 0.757267177 126.491119385
0.766961277 -0.026226899 -0.641157150 -122.537574768 0.011407786 0.999563754 -0.027241567 -11.489582062 0.641591966 0.013579044 0.766925871 127.149360657
0.776951671 -0.027576575 -0.628955960 -123.082008362 0.011766157 0.999501646 -0.029288374 -11.523571014 0.629450262 0.015355254 0.776889086 127.817893982
0.786972642 -0.026650518 -0.616412044 -123.611038208 0.011403551 0.999524236 -0.028655441 -11.561931610 0.616882503 0.015521762 0.786902189 128.494506836
0.797116399 -0.025006281 -0.603307605 -124.127143860 0.010953701 0.999576449 -0.026958574 -11.597551346 0.603726268 0.014880672 0.797052801 129.178802490
0.807206869 -0.022661172 -0.589833438 -124.627319336 0.010722810 0.999660730 -0.023732059 -11.637194633 0.590171158 0.012832009 0.807176113 129.865036011
0.816795945 -0.021297276 -0.576533437 -125.116844177 0.010937608 0.999710441 -0.021433825 -11.667888641 0.576822996 0.011201163 0.816792369 130.553710938
0.825969517 -0.020165695 -0.563353837 -125.602020264 0.011678437 0.999757528 -0.018664602 -11.692124367 0.563593686 0.008837298 0.826004863 131.265975952
0.834233820 -0.019161681 -0.551077783 -126.067924500 0.012256435 0.999793470 -0.016210036 -11.724593163 0.551274538 0.006768709 0.834296525 131.964706421
0.841489255 -0.019322935 -0.539928317 -126.519554138 0.013533096 0.999800444 -0.014689229 -11.754552841 0.540104330 0.005053926 0.841582835 132.667266846
0.847875178 -0.019208157 -0.529847801 -126.958168030 0.013688448 0.999803424 -0.014340512 -11.776343346 0.530019045 0.004906169 0.847971499 133.387207031
0.854749203 -0.018594133 -0.518707931 -127.397468567 0.013074071 0.999812245 -0.014296270 -11.800577164 0.518876314 0.005438102 0.854832053 134.106094360
0.861463964 -0.016197534 -0.507560372 -127.849761963 0.010960592 0.999851406 -0.013304762 -11.824531555 0.507700443 0.005898410 0.861513495 134.851470947
0.867553890 -0.015331682 -0.497106999 -128.270812988 0.010333532 0.999864697 -0.012803501 -11.843784332 0.497236013 0.005970856 0.867594898 135.597229004
0.873755634 -0.015678940 -0.486112446 -128.698883057 0.010859737 0.999860048 -0.012729536 -11.871735573 0.486243904 0.005843451 0.873803556 136.341400146
0.878681540 -0.017121037 -0.477101147 -129.098022461 0.011957344 0.999832451 -0.013857595 -11.892142296 0.477258444 0.006471551 0.878739119 137.094467163
0.882979929 -0.017793315 -0.469073325 -129.498184204 0.012585198 0.999819458 -0.014235785 -11.911151886 0.469241887 0.006666532 0.883044600 137.861419678
0.886493385 -0.016896449 -0.462432563 -129.900756836 0.011913234 0.999835253 -0.013694241 -11.932651520 0.462587804 0.006630788 0.886548579 138.630950928
0.889692545 -0.014982118 -0.456314176 -130.311264038 0.011470815 0.999879420 -0.010463875 -11.949738503 0.456415892 0.004075337 0.889757037 139.425827026
0.892859221 -0.011063692 -0.450199932 -130.719512939 0.009359089 0.999938071 -0.006012125 -11.971439362 0.450238585 0.001154520 0.892907500 140.224624634
0.896094978 -0.008284889 -0.443785220 -131.120269775 0.007756272 0.999965370 -0.003006512 -11.987491608 0.443794757 -0.000747999 0.896128118 141.037475586
0.899460614 -0.005475169 -0.436967492 -131.530364990 0.005630245 0.999983728 -0.000940337 -11.997814178 0.436965436 -0.001614438 0.899476826 141.861526489
0.902735054 -0.004018796 -0.430178106 -131.938644409 0.005076417 0.999986291 0.001310898 -12.004603386 0.430166960 -0.003367157 0.902743101 142.706008911
0.906083226 -0.002520299 -0.423092037 -132.342514038 0.004707292 0.999980509 0.004124278 -12.009383202 0.423073411 -0.005728556 0.906077385 143.561325073
0.909592628 -0.002710233 -0.415492296 -132.736175537 0.005718810 0.999965727 0.005996859 -12.014616013 0.415461749 -0.007830821 0.909576952 144.426589966
0.913083673 -0.003128359 -0.407760233 -133.145324707 0.006538223 0.999954343 0.006969116 -12.016406059 0.407719910 -0.009029413 0.913062394 145.329940796
0.916682959 -0.003639825 -0.399598747 -133.536880493 0.007066482 0.999949813 0.007102327 -12.021085739 0.399552882 -0.009334339 0.916662633 146.233276367
0.920552075 -0.006218473 -0.390570551 -133.913314819 0.009573735 0.999932110 0.006644305 -12.023036957 0.390502691 -0.009855648 0.920548916 147.137756348
0.924642503 -0.007653301 -0.380759209 -134.307952881 0.010429294 0.999931872 0.005227950 -12.023508072 0.380693257 -0.008805035 0.924659431 148.074523926
0.929240465 -0.008508174 -0.369377553 -134.692199707 0.010433202 0.999940395 0.003214293 -12.028732300 0.369328171 -0.006840642 0.929273844 149.025970459
0.934333563 -0.006760216 -0.356335551 -135.057678223 0.008151321 0.999963880 0.002402458 -12.033292770 0.356306434 -0.005149303 0.934354901 149.995513916
0.940344751 -0.003268935 -0.340207130 -135.423400879 0.004836471 0.999981225 0.003759704 -12.038853645 0.340188444 -0.005180820 0.940343022 150.970397949
0.946877360 0.000406526 -0.321594507 -135.770889282 0.001808203 0.999976695 0.006587998 -12.040158272 0.321589679 -0.006819535 0.946854591 151.980316162
0.953426063 0.003704512 -0.301603884 -136.101745605 -0.001195356 0.999963045 0.008503507 -12.046635628 0.301624298 -0.007746941 0.953395486 152.983444214
0.959829390 0.005126305 -0.280537367 -136.413986206 -0.002632972 0.999953628 0.009263874 -12.044691086 0.280571878 -0.008153091 0.959798396 154.027252197
0.965906024 0.006586100 -0.258809119 -136.704040527 -0.003868360 0.999931872 0.011008806 -12.051066399 0.258864015 -0.009632303 0.965865791 155.060302734
0.971410513 0.007441288 -0.237289578 -136.972381592 -0.004311612 0.999896765 0.013705516 -12.045148849 0.237367079 -0.012290582 0.971342325 156.143096924
0.976497233 0.009931073 -0.215301022 -137.213195801 -0.006293302 0.999825716 0.017575163 -12.050907135 0.215438038 -0.015807146 0.976389468 157.210128784
0.981146812 0.012308001 -0.192871749 -137.438735962 -0.008277598 0.999730527 0.021688748 -12.040672302 0.193086684 -0.019683331 0.980984211 158.313079834
0.985327005 0.014362847 -0.170071363 -137.652786255 -0.010223601 0.999630451 0.025189120 -12.032471657 0.170370281 -0.023080776 0.985109806 159.440551758
0.988858342 0.016302412 -0.147963881 -137.830017090 -0.012731693 0.999605238 0.025047572 -12.016010284 0.148313776 -0.022884669 0.988675654 160.591934204
0.991894722 0.015667893 -0.126092315 -137.975128174 -0.012867965 0.999652922 0.022989385 -12.002154350 0.126408756 -0.021180496 0.991752207 161.741699219
0.994371057 0.015935050 -0.104748517 -138.115570068 -0.013702444 0.999664068 0.021999208 -11.986474991 0.105063893 -0.020440061 0.994255364 162.900955200
0.996329188 0.014807072 -0.084314756 -138.215484619 -0.012843363 0.999634504 0.023785209 -11.968826294 0.084636122 -0.022615014 0.996155202 164.093948364
0.997815371 0.015047286 -0.064327046 -138.307403564 -0.013414344 0.999578655 0.025741953 -11.957542419 0.064687297 -0.024822811 0.997596800 165.305480957
0.998901725 0.015943795 -0.044058874 -138.367538452 -0.014776674 0.999534607 0.026689908 -11.938835144 0.044463918 -0.026009556 0.998672307 166.523727417
0.999572396 0.017632622 -0.023321865 -138.409667969 -0.016994195 0.999482989 0.027294887 -11.922656059 0.023791092 -0.026886880 0.999355316 167.761459351
0.999832571 0.018115357 -0.002580812 -138.426712036 -0.018036177 0.999446213 0.027963085 -11.901372910 0.003085946 -0.027911853 0.999605656 169.002563477
0.999631763 0.020369671 0.017926387 -138.415023804 -0.020857092 0.999405921 0.027436772 -11.879983902 -0.017356861 -0.027800562 0.999462903 170.261703491
0.999036729 0.021779628 0.038095113 -138.382751465 -0.022784255 0.999398589 0.026139200 -11.859571457 -0.037502907 -0.026981989 0.998932183 171.549591064
0.998097777 0.021949187 0.057610076 -138.318115234 -0.023339869 0.999449611 0.023578651 -11.837232590 -0.057060827 -0.024878412 0.998060644 172.833114624
0.996787727 0.023954151 0.076421812 -138.225952148 -0.025626112 0.999451518 0.020972870 -11.822241783 -0.075877532 -0.022863895 0.996854901 174.128967285
0.995130002 0.024112202 0.095576480 -138.113418579 -0.026071606 0.999473631 0.019305218 -11.812986374 -0.095060676 -0.021703038 0.995234847 175.431213379
0.993134975 0.024401732 0.114400640 -137.970611572 -0.026408469 0.999522269 0.016058458 -11.799766541 -0.113954119 -0.018969363 0.993304849 176.751632690
0.990811944 0.025251444 0.132868737 -137.803314209 -0.026922921 0.999579191 0.010798108 -11.795633316 -0.132540196 -0.014276109 0.991074800 178.067352295
0.988185167 0.027103042 0.150849357 -137.616149902 -0.028061185 0.999597311 0.004226198 -11.800393105 -0.150674090 -0.008409280 0.988547742 179.391311646
0.985324979 0.029313432 0.168152690 -137.401046753 -0.029561052 0.999562442 -0.001030991 -11.806998253 -0.168109328 -0.003954909 0.985760391 180.723861694
0.982113123 0.031625941 0.185617611 -137.159820557 -0.031225018 0.999499440 -0.005083701 -11.826746941 -0.185685456 -0.000803142 0.982608914 182.067565918
0.978447080 0.033895195 0.203697011 -136.902801514 -0.032982249 0.999424815 -0.007876039 -11.850086212 -0.203846782 0.000987905 0.979002476 183.413787842
0.974679470 0.033013254 0.221156165 -136.610366821 -0.032104168 0.999454856 -0.007704909 -11.877458572 -0.221289977 0.000409785 0.975207984 184.775024414
0.970719159 0.032427501 0.238018483 -136.289123535 -0.031323083 0.999473929 -0.008421699 -11.903238297 -0.238166332 0.000719631 0.971224129 186.127380371
0.966281831 0.032596789 0.255415231 -135.942352295 -0.030198248 0.999455273 -0.013307827 -11.939466476 -0.255709887 0.005146019 0.966739833 187.521301270
0.961806178 0.033992831 0.271612197 -135.571746826 -0.030304341 0.999383032 -0.017764091 -11.969577789 -0.272048444 0.008854586 0.962242782 188.879333496
0.956923842 0.035853568 0.288116693 -135.168762207 -0.032068238 0.999326289 -0.017848868 -12.007947922 -0.288562536 0.007840614 0.957428873 190.257965088
0.951400280 0.037924748 0.305612892 -134.742263794 -0.033886775 0.999254227 -0.018508989 -12.049235344 -0.306086957 0.007253227 0.951975882 191.636718750
0.945420325 0.041721676 0.323171228 -134.294357300 -0.036691323 0.999092162 -0.021645106 -12.093174934 -0.323780984 0.008606141 0.946092904 193.020874023
0.939345121 0.042354401 0.340348095 -133.812698364 -0.035759971 0.999031723 -0.025628002 -12.142080307 -0.341104001 0.011902700 0.939950347 194.396087646
0.932908654 0.043211743 0.357511073 -133.300933838 -0.035563271 0.998976707 -0.027943887 -12.196063995 -0.358352780 0.013354830 0.933490753 195.769836426
0.926056385 0.043961976 0.374815911 -132.762237549 -0.033982471 0.998870909 -0.033196740 -12.260339737 -0.375852138 0.018004879 0.926504731 197.147750854
0.917998016 0.047288749 0.393755525 -132.197830200 -0.034582764 0.998628557 -0.039306086 -12.327754974 -0.395074338 0.022465751 0.918374479 198.526458740
0.908431292 0.050965380 0.414915890 -131.596405029 -0.036459088 0.998417616 -0.042813905 -12.402736664 -0.416441381 0.023766028 0.908851922 199.894958496
0.897151113 0.053651743 0.438453466 -130.972656250 -0.038097024 0.998295784 -0.044204291 -12.484846115 -0.440077990 0.022954147 0.897666156 201.240509033
