1.000000000 0.000000000 0.000000000 0.000000000 0.000000000 1.000000000 0.000000000 0.000000000 0.000000000 0.000000000 1.000000000 0.000000000
0.999873936 0.001482501 0.015809746 0.010728550 -0.001467700 0.999998450 -0.000947743 -0.003149100 -0.015811129 0.000924419 0.999874592 0.126380011
0.999291897 0.004312748 0.037378285 0.027040072 -0.004300523 0.999990642 -0.000407473 -0.004710051 -0.037379697 0.000246438 0.999301076 0.272515923
0.997895181 0.005972428 0.064571857 0.056346659 -0.006047860 0.999981225 0.000972786 -0.004976793 -0.064564839 -0.001361260 0.997912586 0.436244190
0.995129347 0.005650037 0.098415576 0.102609374 -0.005996265 0.999976754 0.003222590 -0.003538170 -0.098395079 -0.003797019 0.995140314 0.608911157
0.990629554 0.002585375 0.136551261 0.163561091 -0.003331226 0.999980748 0.005233832 -0.004752256 -0.136535123 -0.005639672 0.990619183 0.792905748
0.984346509 -0.000261123 0.176243663 0.236498624 -0.000707025 0.999985039 0.005430416 -0.003548127 -0.176242441 -0.005470019 0.984331608 0.987344682
0.975560904 -0.000463915 0.219728351 0.320502102 -0.001021717 0.999977350 0.006647531 -0.000494698 -0.219726458 -0.006709573 0.975538433 1.190248847
0.963413775 -0.000223900 0.268018126 0.412507743 -0.002411995 0.999951959 0.009505469 0.002752295 -0.268007398 -0.009804160 0.963366926 1.405040741
0.948948741 -0.003917269 0.315406054 0.530019641 -0.001424866 0.999859452 0.016704954 -0.003005646 -0.315427154 -0.016301557 0.948809743 1.618144035
0.931995034 -0.013367770 0.362224579 0.669662774 0.004703974 0.999681652 0.024789689 -0.007908773 -0.362440646 -0.021399971 0.931761146 1.825830579
0.910566688 -0.018294755 0.412956983 0.825754583 0.007017632 0.999560297 0.028808536 -0.002530413 -0.413302451 -0.023334118 0.910294771 2.051678658
0.885132909 -0.019626426 0.464924246 0.993509173 0.004998114 0.999453485 0.032675650 0.002606146 -0.465311468 -0.026598547 0.884747326 2.280639648
0.856837988 -0.022143701 0.515109897 1.182585239 0.003382177 0.999297082 0.037332151 0.004940313 -0.515574574 -0.030245416 0.856310725 2.496442318
0.824317932 -0.026572673 0.565503180 1.368459225 0.003732830 0.999131203 0.041507367 0.008187830 -0.566114843 -0.032104343 0.823700964 2.698342800
0.788210690 -0.032003421 0.614572704 1.595589757 0.005505031 0.998973548 0.044960428 0.009910149 -0.615380824 -0.032055039 0.787577808 2.906237602
0.749776125 -0.035704989 0.660727620 1.836032510 0.005796958 0.998859167 0.047399025 0.018077696 -0.661666214 -0.031708438 0.749127805 3.116978407
0.709617734 -0.038820505 0.703516543 2.105436087 0.006785408 0.998811185 0.048270814 0.029317170 -0.704554081 -0.029480178 0.709037662 3.323447943
0.667178035 -0.040173270 0.743814051 2.403584480 0.005422749 0.998780131 0.049079895 0.049845655 -0.744878471 -0.028711516 0.666582108 3.549387932
0.624456227 -0.040201705 0.780024469 2.733275175 0.000499767 0.998694837 0.051071659 0.065718152 -0.781059623 -0.031502191 0.623661280 3.766736746
0.582469463 -0.040611077 0.811837375 3.082917929 -0.002677028 0.998649895 0.051876806 0.086680718 -0.812848151 -0.032389965 0.581574321 3.978018284
0.542173743 -0.041808713 0.839225650 3.446386337 -0.004815664 0.998590350 0.052859090 0.099593207 -0.840252638 -0.032700237 0.541208148 4.181627274
0.502850711 -0.043628961 0.863271534 3.853470325 -0.006711077 0.998498142 0.054372348 0.120739289 -0.864347219 -0.033134658 0.501802802 4.394193172
0.465614378 -0.043413471 0.883922279 4.292682171 -0.009273670 0.998501897 0.053925995 0.142001793 -0.884939134 -0.033305921 0.464514256 4.590074062
0.429247528 -0.042966753 0.902164221 4.750991344 -0.010524449 0.998562157 0.052565321 0.155291900 -0.903125584 -0.032058321 0.428178042 4.787157059
0.395686239 -0.041659184 0.917440355 5.245348930 -0.009291769 0.998737931 0.049358223 0.176536396 -0.918338835 -0.028055014 0.394799709 4.966030121
0.366594911 -0.039724957 0.929532170 5.761912346 -0.006614508 0.998951495 0.045300372 0.203145504 -0.930357158 -0.022755280 0.365947723 5.135371685
0.340803325 -0.037645880 0.939380586 6.312561035 -0.006106637 0.999088228 0.042254139 0.227793813 -0.940114796 -0.020136811 0.340262771 5.328542233
0.320658147 -0.037245832 0.946462452 6.886935711 -0.004822506 0.999149382 0.040953051 0.249915510 -0.947182775 -0.017696250 0.320205837 5.504696846
0.306201220 -0.037260354 0.951237381 7.483700752 -0.003864505 0.999176800 0.040382143 0.279686719 -0.951959014 -0.016041121 0.305805206 5.685730934
0.294503719 -0.039241180 0.954844356 8.106494904 -0.002481622 0.999121785 0.041826259 0.297303200 -0.955647111 -0.014687553 0.294147760 5.872995853
0.283415169 -0.040405504 0.958145738 8.762339592 -0.004190225 0.999050260 0.043369927 0.331053168 -0.958988130 -0.016306540 0.282976747 6.072976112
0.272911817 -0.042175125 0.961114168 9.438909531 -0.005471225 0.998954475 0.045389194 0.357319653 -0.962023497 -0.017645720 0.272395700 6.260877132
0.262768894 -0.044048477 0.963852823 10.137098312 -0.006357645 0.998856604 0.047381416 0.384092093 -0.964837849 -0.018578196 0.262188435 6.451880455
0.252405107 -0.045909341 0.966531992 10.864327431 -0.007485582 0.998751402 0.049394552 0.413110018 -0.967592716 -0.019702492 0.251746267 6.645713806
0.242193148 -0.047305863 0.969074070 11.608475685 -0.008106338 0.998677075 0.050776910 0.440719575 -0.970194161 -0.020153459 0.241489291 6.824482918
0.232158929 -0.048599679 0.971462905 12.366487503 -0.007896043 0.998623848 0.051845450 0.475156754 -0.972645819 -0.019707099 0.231455743 6.995704174
0.221611172 -0.051853675 0.973755419 13.143898964 -0.009476577 0.998423398 0.055323996 0.501478851 -0.975089073 -0.021488283 0.220770419 7.176417828
0.210412011 -0.055117138 0.976057887 13.948079109 -0.011009984 0.998212576 0.058741648 0.542728484 -0.977550745 -0.023106333 0.209429055 7.355412960
0.197880462 -0.058616254 0.978471994 14.737694740 -0.011997359 0.997990847 0.062211834 0.580315351 -0.980152726 -0.024049589 0.196779653 7.517723083
0.185001463 -0.060723245 0.980860353 15.536417007 -0.013023907 0.997850060 0.064231500 0.618366003 -0.982651949 -0.024657559 0.183812857 7.662970066
0.171436399 -0.061441272 0.983277380 16.342134476 -0.013458638 0.997814298 0.064696163 0.654772878 -0.985103309 -0.024324851 0.170234740 7.796033382
0.156582236 -0.060705859 0.985797524 17.155448914 -0.014511691 0.997860074 0.063753694 0.690894127 -0.987558365 -0.024288286 0.155366227 7.932202339
0.139661223 -0.058876667 0.988447428 17.978610992 -0.015775694 0.997971654 0.061672982 0.737545848 -0.990073681 -0.024206767 0.138449103 8.049926758
0.119432777 -0.057239410 0.991190910 18.799860001 -0.018433854 0.998036802 0.059855919 0.774824739 -0.992671192 -0.025420228 0.118143149 8.145102501
0.093563177 -0.055911679 0.994042218 19.620182037 -0.023395747 0.998022616 0.058337677 0.809530079 -0.995338500 -0.028714616 0.092070080 8.226982117
0.063288733 -0.055287488 0.996462643 20.463207245 -0.026777802 0.998010755 0.057074126 0.842977703 -0.997636020 -0.030295230 0.061682373 8.274334908
0.030496782 -0.055499505 0.997992814 21.274078369 -0.028986281 0.997988224 0.056385010 0.867603838 -0.999114573 -0.030647665 0.028826710 8.288260460
-0.003867546 -0.055300567 0.998462200 22.133167267 -0.031358067 0.997985363 0.055152692 0.896375358 -0.999500751 -0.031096542 -0.005593870 8.280792236
-0.038758650 -0.053605631 0.997809708 23.000413895 -0.032129660 0.998110533 0.052373756 0.927522719 -0.998731911 -0.030029349 -0.040407754 8.255808830
-0.071771353 -0.051785145 0.996075928 23.850605011 -0.033817206 0.998203516 0.049459081 0.955787718 -0.996847689 -0.030134758 -0.073393643 8.187134743
-0.104917660 -0.048988171 0.993273675 24.696716309 -0.036392633 0.998306155 0.045392290 0.979725540 -0.993814766 -0.031385388 -0.106522754 8.102393150
-0.136726514 -0.044299666 0.989617765 25.544506073 -0.033493366 0.998635113 0.040075853 1.000588417 -0.990042508 -0.027666196 -0.138023645 7.967280388
-0.167648003 -0.038191173 0.985106885 26.368368149 -0.027509285 0.999041378 0.034049802 1.012710810 -0.985463023 -0.021391204 -0.168537915 7.810016155
-0.198083699 -0.031940617 0.979664505 27.197515488 -0.021103928 0.999376237 0.028316174 1.023420572 -0.979957938 -0.015065797 -0.198634177 7.623910904
-0.227197424 -0.026149262 0.973497510 28.022161484 -0.014689836 0.999617577 0.023422530 1.029016852 -0.973737955 -0.008978981 -0.227494687 7.415035248
-0.254722506 -0.019985843 0.966807663 28.838609695 -0.006895934 0.999798656 0.018850973 1.035342693 -0.966989577 -0.001865274 -0.254809022 7.185564041
-0.280939907 -0.009471944 0.959678650 29.645685196 -0.000715516 0.999953091 0.009659988 1.028924465 -0.959725022 0.002027210 -0.280933559 6.931241512
-0.306227535 0.005904140 0.951940000 30.428211212 0.003797022 0.999980330 -0.004980641 1.012978554 -0.951950788 0.002089328 -0.306243956 6.667098522
-0.331262112 0.023322735 0.943250477 31.210855484 0.004662390 0.999722719 -0.023081668 0.991024017 -0.943527281 -0.003248281 -0.331279010 6.390886307
-0.355984420 0.038003538 0.933718741 31.981729507 0.005050866 0.999236405 -0.038744520 0.958842516 -0.934478164 -0.009076358 -0.355904549 6.081512928
-0.380423039 0.048250925 0.923552930 32.744483948 0.008933498 0.998783171 -0.048501503 0.912293255 -0.924769342 -0.010200532 -0.380391210 5.757328033
-0.403627902 0.052465431 0.913417637 33.494606018 0.012091102 0.998573184 -0.052013736 0.860879898 -0.914843261 -0.009949972 -0.403686404 5.406478405
-0.426310927 0.052180294 0.903070450 34.242179871 0.015682196 0.998611271 -0.050297651 0.808150947 -0.904440761 -0.007280311 -0.426537126 5.054269791
-0.446491212 0.047938302 0.893502951 34.975482941 0.018950019 0.998846531 -0.044120710 0.753309488 -0.894587338 -0.002767611 -0.446884573 4.674216270
-0.464398831 0.046614878 0.884398520 35.695667267 0.026444051 0.998898447 -0.038764123 0.705835998 -0.885231316 0.005385065 -0.465119928 4.280375957
-0.477783859 0.046984412 0.877220094 36.400295258 0.028730690 0.998870254 -0.037851702 0.658004463 -0.878007531 0.007118207 -0.478594005 3.884016991
-0.488845527 0.051268928 0.870862484 37.094169617 0.033289965 0.998640776 -0.040104598 0.605440736 -0.871734917 0.009386029 -0.489887893 3.484780073
-0.498967975 0.053549699 0.864964306 37.781787872 0.033647977 0.998533487 -0.042408582 0.560210049 -0.865966976 0.007943776 -0.500038147 3.085816860
-0.509511650 0.052901886 0.858835995 38.483341217 0.027844483 0.998599231 -0.044991925 0.506832540 -0.860013127 0.000989937 -0.510270953 2.676182508
-0.520728827 0.051874124 0.852144718 39.170509338 0.027638678 0.998653352 -0.043903362 0.459548026 -0.853274703 0.000690407 -0.521461308 2.261486769
-0.529497266 0.053165521 0.846643984 39.842380524 0.029834494 0.998583853 -0.044047963 0.411968499 -0.847786844 0.001935918 -0.530333579 1.837940574
-0.536694050 0.055816565 0.841928720 40.532573700 0.031924494 0.998438418 -0.045842022 0.370881557 -0.843172848 0.002275008 -0.537637889 1.395448089
-0.539886534 0.058705866 0.839688122 41.233993530 0.033503618 0.998273134 -0.048251648 0.320037544 -0.841070771 0.002082176 -0.540921092 0.936195552
-0.539625943 0.061098460 0.839684963 41.938407898 0.033148523 0.998131692 -0.051324610 0.275729060 -0.841252029 0.000138231 -0.540643096 0.485945404
-0.536306977 0.061016332 0.841814637 42.661396027 0.035256226 0.998132467 -0.049885362 0.219816297 -0.843286335 0.002925338 -0.537456632 0.021662774
-0.530433118 0.059881549 0.845609188 43.396488190 0.033445626 0.998203754 -0.049707733 0.164481580 -0.847066760 0.001915304 -0.531483054 -0.429589391
-0.523963034 0.058283139 0.849744499 44.134418488 0.030754184 0.998300076 -0.049509000 0.113854252 -0.851185620 0.000192312 -0.524864733 -0.863151371
-0.516677856 0.058031656 0.854210913 44.905578613 0.029298414 0.998314440 -0.050100036 0.062661611 -0.855678439 -0.000858555 -0.517507136 -1.326499104
-0.510807693 0.056361359 0.857845426 45.696781158 0.026204715 0.998405695 -0.049992613 0.005769041 -0.859295547 -0.003057019 -0.511470258 -1.781700015
-0.506037414 0.054181829 0.860808074 46.505340576 0.021862283 0.998510063 -0.049997177 -0.047826488 -0.862234414 -0.006481213 -0.506468058 -2.258107185
-0.504858851 0.051300075 0.861676216 47.332771301 0.017577458 0.998636484 -0.049155336 -0.104525283 -0.863022983 -0.009670432 -0.505072176 -2.728476524
-0.505241871 0.048816599 0.861595929 48.168998718 0.014730480 0.998741150 -0.047949031 -0.164272994 -0.862851918 -0.011534139 -0.505325019 -3.207903624
-0.506082594 0.047812100 0.861158729 49.014244080 0.013561298 0.998779953 -0.047483265 -0.222487077 -0.862378299 -0.012352027 -0.506113589 -3.698961973
-0.506608486 0.047055230 0.860891163 49.876075745 0.013465252 0.998819530 -0.046670333 -0.278462172 -0.862071097 -0.012051470 -0.506644070 -4.200872898
-0.506830096 0.046502952 0.860790730 50.747165680 0.013384609 0.998848081 -0.046080492 -0.335349172 -0.861942112 -0.011833631 -0.506868720 -4.711973190
-0.507066190 0.045496821 0.860705554 51.622974396 0.013222859 0.998898923 -0.045011751 -0.393458217 -0.861805618 -0.011442950 -0.507109404 -5.216946602
-0.507014334 0.045501228 0.860735774 52.509002686 0.013537242 0.998902857 -0.044831097 -0.453518003 -0.861831307 -0.011078017 -0.507073998 -5.736745834
-0.507465363 0.043935455 0.860551298 53.404434204 0.011105859 0.998949766 -0.044452287 -0.509733379 -0.861600518 -0.013000834 -0.507420301 -6.256869316
-0.507502019 0.043017179 0.860576034 54.292083740 0.010176439 0.998982608 -0.043934353 -0.571403086 -0.861590624 -0.013539170 -0.507423341 -6.770680428
-0.506541669 0.042277467 0.861178339 55.185447693 0.009154079 0.999004602 -0.043659322 -0.635955632 -0.862166882 -0.014231972 -0.506424487 -7.293344975
-0.505619049 0.040859435 0.861788809 56.061973572 0.008945700 0.999072492 -0.042119861 -0.693661511 -0.862710476 -0.013587301 -0.505515516 -7.804201126
-0.503385365 0.038641769 0.863197505 56.947967529 0.009187726 0.999182343 -0.039371300 -0.755621910 -0.864013135 -0.011888117 -0.503328800 -8.318755150
-0.501004636 0.037184007 0.864645362 57.828090668 0.009465466 0.999252260 -0.037488155 -0.815671504 -0.865392745 -0.010597470 -0.500982046 -8.823518753
-0.498449504 0.037133746 0.866123080 58.714992523 0.009807309 0.999259830 -0.037197728 -0.870872557 -0.866863132 -0.010046854 -0.498444825 -9.330671310
-0.496528864 0.037227921 0.867221534 59.600517273 0.009470909 0.999252796 -0.037473153 -0.928525805 -0.867968559 -0.010393123 -0.496510416 -9.830366135
-0.495415002 0.037895482 0.867829442 60.481052399 0.009776811 0.999227941 -0.038052004 -0.982212484 -0.868601322 -0.010366931 -0.495402962 -10.336855888
-0.496053815 0.039814170 0.867378473 61.356712341 0.009752296 0.999140680 -0.040284939 -1.039267302 -0.868237019 -0.011524566 -0.496015787 -10.835424423
-0.499247134 0.041375913 0.865471184 62.228137970 0.008177496 0.999039710 -0.043044284 -1.100582480 -0.866420984 -0.014412351 -0.499106050 -11.327135086
-0.503776848 0.041579697 0.862832487 63.103866577 0.006609395 0.998997211 -0.044282451 -1.160187483 -0.863808513 -0.016605675 -0.503546596 -11.832294464
-0.509342074 0.040313695 0.859619319 63.966278076 0.008397270 0.999087393 -0.041878793 -1.222346306 -0.860523224 -0.014112175 -0.509215772 -12.340033531
-0.514875710 0.037824951 0.856429875 64.825538635 0.009521022 0.999216855 -0.038407322 -1.283591866 -0.857212007 -0.011620912 -0.514832556 -12.853113174
-0.520062268 0.035380226 0.853395283 65.689102173 0.006729650 0.999280393 -0.037327293 -1.340567827 -0.854101837 -0.013669464 -0.519926131 -13.369870186
-0.525473833 0.038664579 0.849930763 66.537765503 0.009614266 0.999172926 -0.039509758 -1.400589347 -0.850755394 -0.012589880 -0.525410950 -13.886598587
-0.530293405 0.040409137 0.846850634 67.378044128 0.009061398 0.999076545 -0.041998696 -1.449261308 -0.847765744 -0.014597982 -0.530169904 -14.408204079
-0.535069406 0.041169547 0.843804359 68.205192566 0.007566425 0.999005318 -0.043943871 -1.508998036 -0.844774246 -0.017128440 -0.534848690 -14.921722412
-0.538481951 0.041516840 0.841613591 69.008934021 0.006911370 0.998969495 -0.044857174 -1.568545461 -0.842608571 -0.018338080 -0.538214028 -15.442075729
-0.541834891 0.040868986 0.839490712 69.829391479 0.007880700 0.999020219 -0.043548904 -1.628631234 -0.840447962 -0.016980544 -0.541626036 -15.965106964
-0.543647587 0.033943340 0.838626921 70.644920349 0.008488664 0.999353111 -0.034945864 -1.677690387 -0.839270592 -0.011879412 -0.543584049 -16.497869492
-0.546278656 0.024550887 0.837243557 71.463447571 0.007207563 0.999671102 -0.024611086 -1.737343788 -0.837572396 -0.007410026 -0.546276033 -17.031171799
-0.548137546 0.023514055 0.836057663 72.278800964 0.008271019 0.999708235 -0.022694057 -1.777066588 -0.836347342 -0.005524413 -0.548172116 -17.558294296
-0.548570991 0.028536076 0.835616887 73.066787720 0.009052943 0.999561548 -0.028191606 -1.821633697 -0.836054981 -0.007900303 -0.548588753 -18.080795288
-0.550772309 0.034303345 0.833950281 73.864761353 0.010144490 0.999356449 -0.034407280 -1.866743207 -0.834593892 -0.010490573 -0.550765753 -18.584188461
-0.550223172 0.038042404 0.834150672 74.646888733 0.016012782 0.999258697 -0.035009973 -1.915067673 -0.834864140 -0.005906226 -0.550424278 -19.127519608
-0.549963236 0.039606150 0.834249258 75.437248230 0.019721068 0.999212265 -0.034437057 -1.965383410 -0.834955990 -0.002486829 -0.550311089 -19.660425186
-0.549491882 0.036275867 0.834711254 76.241859436 0.018022621 0.999339223 -0.031566132 -2.006741047 -0.835304677 -0.002301648 -0.549782395 -20.184482574
-0.549194932 0.031429008 0.835103095 77.033607483 0.016060464 0.999504924 -0.027054291 -2.044169903 -0.835539877 -0.001445937 -0.549427748 -20.697925568
-0.548814893 0.024047477 0.835597932 77.832839966 0.013163627 0.999710798 -0.020124666 -2.093732119 -0.835840225 -0.000045218 -0.548972726 -21.203575134
-0.548928440 0.018650353 0.835661173 78.635070801 0.004778059 0.999804795 -0.019175110 -2.128817081 -0.835855603 -0.006532927 -0.548910320 -21.699422836
-0.546996236 0.013715222 0.837022722 79.431053162 -0.002623542 0.999832809 -0.018097475 -2.158347607 -0.837130904 -0.012095216 -0.546868861 -22.208152771
-0.545342207 0.014104649 0.838094771 80.221099854 0.000063381 0.999859095 -0.016785810 -2.193011522 -0.838213384 -0.009100891 -0.545266271 -22.710191727
-0.541355431 0.017834125 0.840604722 81.016784668 0.004697824 0.999823511 -0.018186655 -2.224994421 -0.840780735 -0.005896429 -0.541343570 -23.244403839
-0.535767734 0.021183614 0.844099641 81.806190491 0.006475112 0.999758899 -0.020980166 -2.252197504 -0.844340563 -0.005774855 -0.535775721 -23.748298645
-0.528450549 0.023148242 0.848648369 82.596824646 0.011525428 0.999731719 -0.020092431 -2.290445328 -0.848885775 -0.000836821 -0.528575540 -24.236425400
-0.519988120 0.027039660 0.853745341 83.396896362 0.018724510 0.999619365 -0.020255275 -2.321772337 -0.853968203 0.005453462 -0.520296574 -24.737487793
-0.510219514 0.026007345 0.859650850 84.204093933 0.016744405 0.999653637 -0.020304766 -2.358086824 -0.859881222 0.004034454 -0.510478139 -25.211320877
-0.499376118 0.023655655 0.866062284 85.012321472 0.014682501 0.999714792 -0.018840233 -2.389686108 -0.866260827 0.003307599 -0.499580920 -25.667575836
-0.487872392 0.020452119 0.872675300 85.820060730 0.015107512 0.999773562 -0.014984901 -2.424283028 -0.872784257 0.005873234 -0.488070905 -26.111339569
-0.476812333 0.019839445 0.878781199 86.632308960 0.013959335 0.999790013 -0.014997249 -2.449742794 -0.878894329 0.005116327 -0.476989210 -26.547718048
-0.465559155 0.018368535 0.884826064 87.476692200 0.013444306 0.999816000 -0.013681823 -2.477536917 -0.884914637 0.005526175 -0.465720415 -26.979351044
-0.453249991 0.019658374 0.891166687 88.295867920 0.014275531 0.999788642 -0.014793904 -2.502572775 -0.891269088 0.006016541 -0.453434825 -27.395854950
-0.441006601 0.023061983 0.897207558 89.115608215 0.014257735 0.999723732 -0.018688938 -2.544801712 -0.897390604 0.004550203 -0.441213518 -27.798357010
-0.429622740 0.032419436 0.902426362 89.938575745 0.016977232 0.999468625 -0.027823221 -2.578192234 -0.902848840 0.003367212 -0.429944873 -28.185762405
-0.416747183 0.036651794 0.908283234 90.785820007 0.015593637 0.999328017 -0.033170890 -2.613988876 -0.908888698 0.000339565 -0.417038679 -28.580900192
-0.405168355 0.032987241 0.913646817 91.628555298 0.013401648 0.999455750 -0.030142244 -2.655621290 -0.914143920 0.000031690 -0.405389935 -28.948360443
-0.394136548 0.029485237 0.918578804 92.482406616 0.012640548 0.999564588 -0.026661083 -2.702857256 -0.918964982 0.001103234 -0.394337714 -29.301420212
-0.384074450 0.029526604 0.922829866 93.324638367 0.007401646 0.999554873 -0.028900968 -2.739784002 -0.923272431 -0.004269665 -0.384122044 -29.645463943
-0.377142847 0.033919815 0.925533652 94.163169861 0.002194115 0.999359012 -0.035731357 -2.785714149 -0.926152468 -0.011445099 -0.376975536 -29.973737717
-0.372473150 0.038919002 0.927226543 95.008613586 -0.003242659 0.999059618 -0.043236688 -2.831399679 -0.928037286 -0.019111184 -0.371996641 -30.294496536
-0.369065732 0.040906768 0.928502619 95.852844238 -0.006107928 0.998902559 -0.046436176 -2.885824919 -0.929383218 -0.022809226 -0.368410796 -30.624668121
-0.364921868 0.040759005 0.930145562 96.691246033 -0.006772570 0.998898625 -0.046428837 -2.943186283 -0.931013465 -0.023242373 -0.364243925 -30.949983597
-0.360675603 0.040637355 0.931805611 97.525588989 -0.008280426 0.998871624 -0.046767313 -2.998018980 -0.932654560 -0.024583578 -0.359932065 -31.257049561
-0.354718745 0.036371239 0.934265316 98.375244141 -0.010689534 0.999020100 -0.042950720 -3.051459789 -0.934911907 -0.025222288 -0.353982300 -31.576295853
-0.349431813 0.032653417 0.936392546 99.225860596 -0.011253108 0.999174118 -0.039042003 -3.103273630 -0.936894178 -0.024179846 -0.348775834 -31.884809494
-0.343779266 0.029576827 0.938584566 100.067855835 -0.013649671 0.999240816 -0.036487758 -3.152956724 -0.938951254 -0.025355106 -0.343114585 -32.183490753
-0.338061035 0.027548851 0.940720856 100.930732727 -0.021220714 0.999094188 -0.036884259 -3.209507942 -0.940884948 -0.032431897 -0.337170213 -32.474464417
-0.331849515 0.027997337 0.942916691 101.779861450 -0.028270707 0.998815358 -0.039606668 -3.253618240 -0.942908645 -0.039800379 -0.330664843 -32.755947113
-0.325364351 0.032080166 0.945044339 102.621414185 -0.026239241 0.998733222 -0.042936433 -3.305470467 -0.945224643 -0.038767233 -0.324110389 -33.037166595
-0.318490297 0.035276271 0.947269440 103.471977234 -0.024820702 0.998654366 -0.045535039 -3.356061220 -0.947601080 -0.038014367 -0.317186147 -33.318061829
-0.311901838 0.033571370 0.949521065 104.332557678 -0.026335131 0.998686135 -0.043960299 -3.406242371 -0.949749291 -0.038717065 -0.310607940 -33.590778351
-0.304510146 0.028552188 0.952081144 105.191398621 -0.027177565 0.998883247 -0.038648125 -3.456636906 -0.952121258 -0.037643991 -0.303394198 -33.866588593
-0.297640324 0.025843648 0.954328239 106.050643921 -0.028139841 0.998961687 -0.035828725 -3.508731127 -0.954263270 -0.037518721 -0.296604067 -34.124877930
-0.291190505 0.029192757 0.956219494 106.906761169 -0.030399591 0.998747170 -0.039748464 -3.551421881 -0.956181884 -0.040643059 -0.289938271 -34.373451233
-0.284915715 0.031849626 0.958023250 107.759864807 -0.029973377 0.998663008 -0.042114772 -3.602964401 -0.958083749 -0.040714350 -0.283580214 -34.619491577
-0.277996957 0.032403819 0.960035264 108.616203308 -0.032043330 0.998561800 -0.042982973 -3.651612043 -0.960047305 -0.042711865 -0.276558876 -34.856857300
-0.271216720 0.031853970 0.961991012 109.478805542 -0.032451179 0.998581409 -0.042214625 -3.706193209 -0.961971104 -0.042667054 -0.269798309 -35.095188141
-0.262867838 0.031546406 0.964316010 110.339004517 -0.028586339 0.998771906 -0.040466085 -3.758375645 -0.964408278 -0.038203489 -0.261643201 -35.331169128
-0.255479574 0.032901194 0.966254473 111.194572449 -0.025949875 0.998827338 -0.040871505 -3.807943106 -0.966466129 -0.035516012 -0.254326165 -35.554607391
-0.248670399 0.033460282 0.968010068 112.055068970 -0.024215041 0.998876095 -0.040747754 -3.856890678 -0.968285441 -0.033573169 -0.247580662 -35.771369934
-0.242461666 0.032292031 0.969623506 112.923271179 -0.030297831 0.998706341 -0.040836800 -3.904862165 -0.969687819 -0.039278843 -0.241169646 -35.968372345
-0.236362696 0.030243985 0.971194088 113.788734436 -0.035356056 0.998585880 -0.039701708 -3.955740452 -0.971021414 -0.043721605 -0.234959140 -36.168766022
-0.231947750 0.030285904 0.972256720 114.664916992 -0.032880686 0.998699844 -0.038953844 -4.005539417 -0.972172379 -0.041003723 -0.230650395 -36.370651245
-0.227603376 0.030343367 0.973281085 115.534454346 -0.031538118 0.998760343 -0.038512956 -4.055752277 -0.973243058 -0.039461132 -0.226364240 -36.563575745
-0.222257048 0.032124959 0.974458694 116.405830383 -0.030007927 0.998758078 -0.039770331 -4.106446743 -0.974526107 -0.038080726 -0.221017048 -36.765361786
-0.216172278 0.030958103 0.975864291 117.268936157 -0.023457814 0.999044001 -0.036889803 -4.156167507 -0.976073325 -0.030866193 -0.215239406 -36.960693359
-0.211005226 0.030005557 0.977024257 118.144866943 -0.016572382 0.999275327 -0.034268003 -4.198411465 -0.977344453 -0.023422349 -0.210355029 -37.155197144
-0.205760717 0.029430892 0.978159666 119.020462036 -0.014469794 0.999346972 -0.033112165 -4.245969772 -0.978495300 -0.020966951 -0.205200464 -37.340156555
-0.201861590 0.030776311 0.978930354 119.886100769 -0.016688714 0.999252975 -0.034856547 -4.290338993 -0.979271889 -0.023373283 -0.201197177 -37.508163452
-0.198153928 0.032368708 0.979636312 120.772460938 -0.018051585 0.999164522 -0.036665298 -4.338009357 -0.980004668 -0.024949357 -0.197404072 -37.684906006
-0.196177229 0.031844515 0.980051219 121.641624451 -0.020846544 0.999111176 -0.036636688 -4.382979870 -0.980346799 -0.027617963 -0.195338994 -37.850440979
-0.195807070 0.030819641 0.980158091 122.515975952 -0.021214608 0.999139011 -0.035654530 -4.425631523 -0.980412900 -0.027775073 -0.194984645 -38.010406494
-0.194796816 0.026124446 0.980495691 123.393753052 -0.020029832 0.999330878 -0.030605651 -4.472234726 -0.980639100 -0.025601042 -0.194143191 -38.182945251
-0.194174454 0.021272276 0.980736315 124.264808655 -0.021349659 0.999436319 -0.025904870 -4.511235714 -0.980734646 -0.025968453 -0.193610862 -38.346374512
-0.193325296 0.019494113 0.980941057 125.133857727 -0.020881834 0.999494314 -0.023978245 -4.550467968 -0.980912507 -0.025119452 -0.192820475 -38.513587952
-0.191933587 0.024115482 0.981111526 125.983299255 -0.020795917 0.999373615 -0.028632637 -4.591933250 -0.981187582 -0.025898680 -0.191311881 -38.678009033
-0.192062363 0.027623419 0.980993867 126.868743896 -0.020640733 0.999268889 -0.032179132 -4.634976864 -0.981165648 -0.026428835 -0.191351786 -38.845493317
-0.192024767 0.026854591 0.981022537 127.698837280 -0.023938671 0.999199867 -0.032037925 -4.671520233 -0.981098056 -0.029636454 -0.191228271 -38.998844147
-0.191829205 0.025339564 0.981101155 128.551574707 -0.025877936 0.999188542 -0.030866485 -4.720247269 -0.981087089 -0.031309966 -0.191017777 -39.154632568
-0.190825403 0.027049400 0.981251240 129.391769409 -0.021041505 0.999277771 -0.031638306 -4.759510994 -0.981398404 -0.026684392 -0.190118447 -39.322799683
-0.189219221 0.028732073 0.981514394 130.244140625 -0.023821754 0.999143243 -0.033840556 -4.802186489 -0.981645823 -0.029784679 -0.188372687 -39.493228912
-0.189975992 0.030287683 0.981321454 131.082382202 -0.029903853 0.998881757 -0.036618818 -4.848491192 -0.981333137 -0.036301993 -0.188857853 -39.632740021
-0.189101011 0.031400628 0.981455505 131.917495728 -0.035884548 0.998600006 -0.038863167 -4.896426201 -0.981301725 -0.042568151 -0.187709466 -39.782341003
-0.188564762 0.035084736 0.981433868 132.743560791 -0.032207336 0.998603165 -0.041886568 -4.944867611 -0.981532454 -0.039507698 -0.187171355 -39.938182831
-0.188422650 0.036468644 0.981410682 133.562835693 -0.030652616 0.998605072 -0.042992629 -4.994727135 -0.981609583 -0.038183589 -0.187041983 -40.090324402
-0.186657056 0.037408315 0.981712580 134.383361816 -0.032091647 0.998509347 -0.044150073 -5.041949749 -0.981900930 -0.039745700 -0.185178325 -40.240936279
-0.184522271 0.037160788 0.982125580 135.205413818 -0.022080984 0.998876095 -0.041943152 -5.092899799 -0.982580185 -0.029425751 -0.183494329 -40.402542114
-0.180653885 0.033966888 0.982960045 136.024078369 -0.016169507 0.999165833 -0.037498616 -5.142695427 -0.983413815 -0.022668252 -0.179954007 -40.565341949
-0.178522304 0.028855607 0.983512700 136.841827393 -0.012054162 0.999430716 -0.031510647 -5.191639423 -0.983862102 -0.017480776 -0.178072855 -40.716663361
-0.174940661 0.028589057 0.984163821 137.649536133 -0.010458040 0.999467969 -0.030892605 -5.233130932 -0.984523356 -0.015696798 -0.174548611 -40.858337402
-0.170091271 0.033303190 0.984865427 138.450561523 -0.009994821 0.999319196 -0.035518091 -5.281247616 -0.985377550 -0.015884873 -0.169642583 -40.996017456
-0.163443401 0.036355283 0.985882699 139.246047974 -0.009153537 0.999221861 -0.038364686 -5.322379589 -0.986510217 -0.015294768 -0.162983462 -41.123004913
-0.155360833 0.037229758 0.987155914 140.046737671 -0.008192107 0.999206662 -0.038973525 -5.362832069 -0.987823844 -0.014141847 -0.154932573 -41.242839813
-0.145690858 0.032501459 0.988796115 140.847213745 -0.006891707 0.999402583 -0.033865526 -5.407524109 -0.989306211 -0.011748391 -0.145379841 -41.356876373
-0.133909285 0.031608839 0.990489304 141.633880615 -0.003101138 0.999472916 -0.032314792 -5.447284222 -0.990988672 -0.007398895 -0.133740693 -41.460700989
-0.119928323 0.034367390 0.992187500 142.419616699 0.001052902 0.999404430 -0.034490108 -5.484723568 -0.992781937 -0.003091664 -0.119893089 -41.556968689
-0.105809316 0.035280023 0.993760407 143.209701538 0.000739335 0.999372900 -0.035400562 -5.525805473 -0.994386137 -0.003010987 -0.105769053 -41.638313293
-0.091689162 0.035176996 0.995166123 143.994094849 0.002623748 0.999380887 -0.035084240 -5.567330360 -0.995784163 -0.000605779 -0.091724694 -41.708168030
-0.078666754 0.036773190 0.996222436 144.770385742 0.002475662 0.999323547 -0.036692161 -5.609520912 -0.996897876 -0.000420143 -0.078704581 -41.759960175
-0.064672835 0.043086145 0.996975899 145.543945312 0.000094327 0.999067724 -0.043170426 -5.658187866 -0.997906506 -0.002697912 -0.064616606 -41.801906586
-0.052212041 0.052191436 0.997271240 146.307495117 -0.007798951 0.998581588 -0.052668326 -5.705771923 -0.998605549 -0.010527589 -0.051730946 -41.824169159
-0.038766488 0.060375195 0.997422695 147.070541382 -0.011882517 0.998074532 -0.060876492 -5.752354622 -0.999177635 -0.014211860 -0.037974440 -41.839027405
-0.025532108 0.061177142 0.997800291 147.837112427 -0.012810910 0.998023629 -0.061518651 -5.801782131 -0.999591887 -0.014353431 -0.024697915 -41.851051331
-0.013556013 0.057154328 0.998273313 148.600936890 -0.016474258 0.998216748 -0.057374798 -5.859322548 -0.999772370 -0.017223589 -0.012590265 -41.848445892
-0.003202138 0.054982275 0.998482168 149.365921021 -0.020755798 0.998268485 -0.055037081 -5.916698456 -0.999779463 -0.020900533 -0.002055393 -41.836124420
0.005742134 0.061459299 0.998093069 150.116714478 -0.024470160 0.997819364 -0.061301656 -5.974720001 -0.999684095 -0.024071498 0.007233531 -41.818710327
0.012130463 0.069377176 0.997516751 150.870651245 -0.028191337 0.997217298 -0.069013529 -6.031711578 -0.999528944 -0.027284166 0.014052544 -41.799186707
0.015148791 0.072294988 0.997268260 151.619903564 -0.030927874 0.996939301 -0.071801350 -6.085847855 -0.999406815 -0.029755685 0.017338358 -41.778743744
0.015233058 0.067578688 0.997597635 152.374176025 -0.032827504 0.997209311 -0.067051090 -6.147835255 -0.999344945 -0.031727243 0.017408988 -41.760372162
0.013688333 0.063428856 0.997892499 153.128158569 -0.034386728 0.997425497 -0.062927470 -6.213784218 -0.999314845 -0.033452887 0.015834203 -41.746170044
0.010557587 0.060555268 0.998108923 153.881225586 -0.032876160 0.997645974 -0.060179431 -6.268475533 -0.999403656 -0.032178644 0.012523562 -41.735095978
0.007787604 0.060730271 0.998123705 154.624221802 -0.031030167 0.997687995 -0.060461655 -6.321964264 -0.999488056 -0.030501097 0.009654071 -41.731136322
0.003813312 0.060609777 0.998154163 155.367553711 -0.029973559 0.997719944 -0.060468893 -6.380773544 -0.999543428 -0.029687647 0.005621308 -41.723155975
-0.000122511 0.059485562 0.998229146 156.111679077 -0.029100992 0.997806191 -0.059463922 -6.439516544 -0.999576449 -0.029056741 0.001608847 -41.723312378
-0.005412534 0.059569672 0.998209476 156.850524902 -0.029941181 0.997766852 -0.059705604 -6.490939140 -0.999536991 -0.030210728 -0.003616861 -41.724029541
-0.011440475 0.057756130 0.998265147 157.589035034 -0.031122787 0.997826219 -0.058087416 -6.543879509 -0.999450088 -0.031733338 -0.009618076 -41.724910736
-0.016907522 0.055186525 0.998332918 158.349609375 -0.028613681 0.998039961 -0.055654928 -6.603763103 -0.999447465 -0.029506968 -0.015295296 -41.750186920
-0.021975683 0.054983359 0.998245418 159.083923340 -0.029339347 0.998021066 -0.055616882 -6.655155182 -0.999327898 -0.030510088 -0.020319019 -41.766662598
-0.028024673 0.056784462 0.997993052 159.802261353 -0.031515881 0.997838616 -0.057660673 -6.702374935 -0.999110281 -0.033068560 -0.026174486 -41.770893097
-0.031759858 0.058742341 0.997767806 160.528823853 -0.031335074 0.997722208 -0.059737071 -6.762186050 -0.999004245 -0.033162370 -0.029846819 -41.792724609
-0.034622297 0.060949154 0.997540236 161.244964600 -0.031254772 0.997584343 -0.062036630 -6.817086697 -0.998911619 -0.033325743 -0.032633718 -41.813274384
-0.034956194 0.062038228 0.997461438 161.963806152 -0.027983999 0.997619271 -0.063028753 -6.873857021 -0.998997033 -0.030116202 -0.033136893 -41.850357056
-0.034915548 0.060943659 0.997530341 162.690780640 -0.025696428 0.997754216 -0.061856762 -6.925683498 -0.999059856 -0.027792731 -0.033271100 -41.869194031
-0.030576345 0.056846913 0.997914612 163.413299561 -0.021912580 0.998103261 -0.057529073 -6.984002590 -0.999292135 -0.023625912 -0.029272690 -41.897922516
-0.023174167 0.056755133 0.998119175 164.113815308 -0.021170869 0.998135448 -0.057247605 -7.038876534 -0.999507248 -0.022457713 -0.021929404 -41.909927368
-0.011789926 0.057486895 0.998276651 164.812820435 -0.018464418 0.998163223 -0.057698436 -7.090844631 -0.999759912 -0.019112855 -0.010706812 -41.913181305
0.002501738 0.057663608 0.998332977 165.503631592 -0.016850054 0.998196721 -0.057613522 -7.141217232 -0.999854863 -0.016677830 0.003468862 -41.906005859
0.017751494 0.055532154 0.998299062 166.181762695 -0.016695214 0.998333693 -0.055237208 -7.189141273 -0.999703050 -0.015686277 0.018649040 -41.890266418
0.034000881 0.050730936 0.998133361 166.866241455 -0.021846982 0.998509943 -0.050005868 -7.236058712 -0.999182999 -0.020105960 0.035058532 -41.850666046
0.050169528 0.043858971 0.997777224 167.547958374 -0.022979919 0.998821557 -0.042749416 -7.280843735 -0.998476386 -0.020784119 0.051118281 -41.802940369
0.067286186 0.037178196 0.997040749 168.226058960 -0.023652598 0.999084234 -0.035658170 -7.315103054 -0.997453392 -0.021183299 0.068103917 -41.743427277
0.084866628 0.029428238 0.995957673 168.902496338 -0.023042710 0.999354362 -0.027565110 -7.352729321 -0.996125817 -0.020610206 0.085489914 -41.681079865
0.102122732 0.023564240 0.994492710 169.566162109 -0.024960600 0.999465346 -0.021118905 -7.385302067 -0.994458616 -0.022666413 0.102656305 -41.601062775
0.119901009 0.021387164 0.992555499 170.218444824 -0.026253136 0.999486506 -0.018365126 -7.414365768 -0.992438674 -0.023855694 0.120400921 -41.507625580
0.137685806 0.020157998 0.990270793 170.859436035 -0.024622329 0.999553502 -0.016923504 -7.435087681 -0.990169823 -0.022052644 0.138120696 -41.411422729
0.154967099 0.019621355 0.987724721 171.497268677 -0.025465095 0.999549866 -0.015860969 -7.453927040 -0.987591386 -0.022694578 0.155396998 -41.296260834
0.170271516 0.018545358 0.985222638 172.126785278 -0.030871144 0.999432564 -0.013477523 -7.474457741 -0.984913468 -0.028120110 0.170747414 -41.161415100
0.185740471 0.014990480 0.982484460 172.744049072 -0.032150965 0.999440908 -0.009170999 -7.494659424 -0.982072651 -0.029884402 0.186118603 -41.043910980
0.197684959 0.011167368 0.980202019 173.368682861 -0.028841440 0.999568462 -0.005571331 -7.510444641 -0.979841232 -0.027169069 0.197921738 -40.910930634
0.208578497 0.009756685 0.977956951 173.987655640 -0.026527582 0.999638796 -0.004315197 -7.529052258 -0.977645814 -0.025042778 0.208761975 -40.776592255
0.218547806 0.013859716 0.975727797 174.590805054 -0.031091059 0.999490499 -0.007233338 -7.546294212 -0.975330830 -0.028755585 0.218867347 -40.628299713
0.227555588 0.020684555 0.973545372 175.173721313 -0.035604563 0.999282539 -0.012909212 -7.570292950 -0.973113954 -0.031725090 0.228128791 -40.478874207
0.236853927 0.030390393 0.971069932 175.763473511 -0.035519432 0.999113321 -0.022604484 -7.588658810 -0.970895827 -0.029137887 0.237723365 -40.329574585
0.245053858 0.036330499 0.968828559 176.354232788 -0.030172570 0.999099314 -0.029833838 -7.605016232 -0.969039857 -0.021921149 0.245929301 -40.181545258
0.251111716 0.034183219 0.967354298 176.947753906 -0.028760003 0.999198496 -0.027842792 -7.622936726 -0.967530727 -0.020829465 0.251893580 -40.024097443
0.257236719 0.026803376 0.965976596 177.551635742 -0.031834401 0.999307871 -0.019250823 -7.641099453 -0.965823948 -0.025799267 0.257911921 -39.855739594
0.261337101 0.016111745 0.965113163 178.155731201 -0.035607055 0.999341011 -0.007041335 -7.661914825 -0.964590549 -0.032524675 0.261738598 -39.675197601
0.263698608 0.008067657 0.964571416 178.752426147 -0.035968024 0.999351799 0.001474525 -7.685471058 -0.963934302 -0.035082553 0.263817877 -39.511108398
0.264550328 0.007778352 0.964340448 179.376876831 -0.033265460 0.999446094 0.001064301 -7.694711685 -0.963797987 -0.032360803 0.264662504 -39.337924957
0.265833288 0.009807482 0.963969052 179.977783203 -0.029757662 0.999555171 -0.001963282 -7.702287197 -0.963559687 -0.028163562 0.266006887 -39.173622131
0.267793208 0.009022923 0.963434100 180.576828003 -0.026283598 0.999652445 -0.002056411 -7.712414265 -0.963117838 -0.024771826 0.267937303 -39.011028290
0.269114524 0.007188469 0.963081360 181.191268921 -0.028593492 0.999590933 0.000528920 -7.714814186 -0.962683678 -0.027680196 0.269209921 -38.825515747
0.271551609 0.003404276 0.962417841 181.785339355 -0.028588787 0.999580979 0.004530756 -7.721415043 -0.961999118 -0.028744694 0.271535099 -38.650321960
0.274553627 -0.001886621 0.961569905 182.402252197 -0.028002635 0.999558210 0.009956648 -7.732131004 -0.961163938 -0.029660122 0.274379551 -38.469978333
0.279105723 -0.005012956 0.960247278 183.021987915 -0.026056705 0.999578595 0.012791933 -7.737264156 -0.959906757 -0.028591182 0.278857470 -38.287334442
0.285529047 -0.007028724 0.958344281 183.635406494 -0.024445374 0.999594271 0.014614516 -7.733942986 -0.958058178 -0.027599951 0.285241395 -38.100677490
0.293312043 -0.010307970 0.955961168 184.257431030 -0.022958705 0.999577522 0.017822564 -7.737296104 -0.955741048 -0.027175203 0.292951465 -37.908523560
0.302969128 -0.012413141 0.952919543 184.872772217 -0.019846933 0.999616086 0.019331520 -7.739284515 -0.952793717 -0.024769381 0.302606463 -37.706920624
0.314168841 -0.009863400 0.949315786 185.491607666 -0.021909693 0.999604285 0.017636741 -7.740018845 -0.949114323 -0.026340133 0.313828409 -37.494945526
0.325521618 -0.006749429 0.945510507 186.100387573 -0.022816222 0.999627292 0.014990935 -7.744575024 -0.945259273 -0.026452851 0.325246245 -37.271427155
0.337148309 -0.003768530 0.941443980 186.712387085 -0.023806578 0.999638140 0.012527048 -7.743113041 -0.941150486 -0.026636032 0.336936593 -37.040058136
0.348850518 -0.003805707 0.937170684 187.327926636 -0.022268184 0.999675751 0.012348594 -7.742039680 -0.936913788 -0.025176900 0.348652691 -36.802715302
0.360454381 -0.006495877 0.932754219 187.955780029 -0.021842228 0.999642789 0.015402429 -7.742694378 -0.932521224 -0.025925303 0.360183686 -36.565219879
