1.000000000 0.000000000 0.000000000 0.000000000 0.000000000 1.000000000 0.000000000 0.000000000 0.000000000 0.000000000 1.000000000 0.000000000
0.999873757 0.001499741 0.015818061 0.010597972 -0.001485130 0.999998450 -0.000935380 -0.003371349 -0.015819440 0.000911770 0.999874473 0.126107737
0.999292314 0.004323016 0.037366062 0.027238332 -0.004311310 0.999990642 -0.000393862 -0.004892205 -0.037367415 0.000232487 0.999301553 0.272596389
0.997895658 0.005993396 0.064562939 0.056597158 -0.006068779 0.999981105 0.000971542 -0.005166176 -0.064555898 -0.001361315 0.997913182 0.436451763
0.995127141 0.005608177 0.098440461 0.102538228 -0.005957846 0.999976873 0.003258484 -0.004561285 -0.098419920 -0.003829099 0.995137572 0.607492507
0.990623116 0.002546892 0.136598751 0.163108319 -0.003295269 0.999980748 0.005252810 -0.005469677 -0.136582717 -0.005653684 0.990612447 0.792768240
0.984339178 -0.000252837 0.176285237 0.236209989 -0.000727433 0.999984622 0.005496059 -0.004956104 -0.176283896 -0.005538221 0.984323800 0.987427771
0.975550771 -0.000427199 0.219773754 0.319812149 -0.001067874 0.999977112 0.006683941 -0.001393945 -0.219771579 -0.006755214 0.975527942 1.190152526
0.963376164 -0.000223418 0.268153518 0.412360728 -0.002429031 0.999951422 0.009559739 0.001711341 -0.268142641 -0.009860978 0.963328779 1.407912254
0.948926449 -0.003922134 0.315472931 0.529741645 -0.001430327 0.999858916 0.016733153 -0.002898369 -0.315494031 -0.016329758 0.948787034 1.619517326
0.931922495 -0.013395168 0.362410009 0.669531941 0.004720522 0.999681056 0.024810949 -0.007585358 -0.362626761 -0.021411117 0.931688428 1.828957915
0.910557985 -0.018260362 0.412977874 0.824712217 0.006926053 0.999557555 0.028925788 -0.004510902 -0.413323343 -0.023478305 0.910281599 2.051493883
0.885014057 -0.019721754 0.465146303 0.993446171 0.005022882 0.999448657 0.032818839 0.000907242 -0.465537101 -0.026708758 0.884625316 2.285074234
0.856805921 -0.022081872 0.515166104 1.182541847 0.003241800 0.999293506 0.037441678 0.002970837 -0.515628934 -0.030410182 0.856272221 2.498191118
0.824351072 -0.026351573 0.565465212 1.365984082 0.003463392 0.999131918 0.041512102 0.007443592 -0.566068292 -0.032262113 0.823726773 2.696741581
0.788243353 -0.032033194 0.614529192 1.596242428 0.005556487 0.998973906 0.044945732 0.008683503 -0.615338445 -0.032013554 0.787612617 2.906815052
0.749740720 -0.035577152 0.660774529 1.836061001 0.005649372 0.998861372 0.047370303 0.016268134 -0.661707461 -0.031782489 0.749088168 3.122307301
0.709401429 -0.038335390 0.703761399 2.104793787 0.006323111 0.998825729 0.048034396 0.033849493 -0.704776347 -0.029625703 0.708810747 3.332340479
0.667071581 -0.040151622 0.743910849 2.406506777 0.005376872 0.998780072 0.049086366 0.048976019 -0.744974196 -0.028744213 0.666473687 3.555485487
0.624005437 -0.040137146 0.780388594 2.739067554 0.000282335 0.998691499 0.051139206 0.065114409 -0.781419933 -0.031690810 0.623200119 3.780966997
0.582234681 -0.040455382 0.812013626 3.080826759 -0.003135022 0.998642087 0.052001305 0.082125217 -0.813014686 -0.032822642 0.581317246 3.989133358
0.541496754 -0.041624285 0.839671731 3.457479954 -0.004947976 0.998598456 0.052693527 0.102993712 -0.840688229 -0.032688051 0.540531993 4.196706772
0.503084540 -0.043665539 0.863133252 3.864640236 -0.006628372 0.998498499 0.054377005 0.119659618 -0.864211798 -0.033077393 0.502039731 4.400551319
0.465536594 -0.043425888 0.883962512 4.299242020 -0.009514326 0.998492181 0.054063011 0.138473362 -0.884977520 -0.033578619 0.464421451 4.600356102
0.429407209 -0.043007214 0.902086437 4.762386322 -0.010148657 0.998572648 0.052438136 0.156367674 -0.903053999 -0.031672273 0.428357720 4.784717083
0.395254165 -0.041064076 0.917653441 5.248740673 -0.009621505 0.998760402 0.048837729 0.184088096 -0.918521404 -0.028132524 0.394369006 4.984745502
0.365812570 -0.039203770 0.929862440 5.765628815 -0.007366326 0.998959184 0.045014892 0.206936240 -0.930659413 -0.023316681 0.365143001 5.157937527
0.339991450 -0.037329555 0.939687312 6.319523335 -0.006506682 0.999094605 0.042043746 0.231465310 -0.940406024 -0.020408764 0.339440793 5.344546318
0.319822818 -0.037074246 0.946751773 6.886410236 -0.005323859 0.999148071 0.040924512 0.247786403 -0.947462440 -0.018128965 0.319352895 5.525514126
0.305357009 -0.037219483 0.951510251 7.486717224 -0.004175392 0.999173939 0.040423866 0.277259648 -0.952228785 -0.016316637 0.304949284 5.703489304
0.293873429 -0.038847458 0.955054641 8.114175797 -0.003182173 0.999128520 0.041619357 0.298468024 -0.955839097 -0.015269973 0.293493658 5.886312962
0.283929020 -0.040131956 0.958005130 8.777999878 -0.004558158 0.999055922 0.043202557 0.330224931 -0.958834410 -0.016633196 0.283478051 6.058970928
0.272474527 -0.042410526 0.961227715 9.440028191 -0.006299408 0.998928010 0.045859572 0.342338473 -0.962142348 -0.018550733 0.271915317 6.269236088
0.262747347 -0.043979522 0.963861644 10.141157150 -0.007174056 0.998843908 0.047531348 0.373404980 -0.964837968 -0.019403536 0.262128174 6.452560425
0.252674341 -0.046058495 0.966454446 10.867067337 -0.008145900 0.998729587 0.049726333 0.399170101 -0.967517078 -0.020437213 0.251978129 6.633672714
0.242428929 -0.047135208 0.969023407 11.608876228 -0.008011903 0.998687685 0.050582543 0.438210905 -0.970136046 -0.020026391 0.241733134 6.816511154
0.232281923 -0.048713442 0.971427858 12.384418488 -0.008898268 0.998596847 0.052203566 0.460602164 -0.972607791 -0.020769969 0.231522501 6.994447708
0.221634507 -0.051429071 0.973772645 13.159825325 -0.010161716 0.998432279 0.055044293 0.496371031 -0.975076854 -0.022094918 0.220764413 7.171270370
0.210574403 -0.055096276 0.976023853 13.951048851 -0.011583912 0.998199880 0.058847286 0.534294128 -0.977509141 -0.023697909 0.209557101 7.339365005
0.197701275 -0.058606278 0.978508770 14.751373291 -0.012743963 0.997973084 0.062346898 0.573766768 -0.980179489 -0.024796141 0.196553692 7.514897346
0.184593946 -0.060502831 0.980950713 15.546221733 -0.013709147 0.997847676 0.064124756 0.613976240 -0.982719243 -0.025285045 0.183367223 7.663656235
0.171232715 -0.061063092 0.983336508 16.355930328 -0.014155710 0.997821927 0.064427607 0.651564240 -0.985128939 -0.024951944 0.169995412 7.794275761
0.156291023 -0.059813980 0.985898256 17.168508530 -0.015039165 0.997904837 0.062926516 0.693814754 -0.987596512 -0.024661932 0.155064076 7.933312416
0.139256835 -0.059048239 0.988494217 17.990482330 -0.016863368 0.997934401 0.061987832 0.726130128 -0.990112722 -0.025301570 0.137973458 8.046239853
0.119112089 -0.057386536 0.991221011 18.810529709 -0.019410152 0.998002946 0.060111634 0.763905525 -0.992691100 -0.026399771 0.117760338 8.139031410
0.092741705 -0.056132350 0.994106650 19.633417130 -0.024322743 0.997983992 0.058620382 0.798722565 -0.995393097 -0.029615954 0.091189459 8.226926804
0.063552991 -0.054938007 0.996465087 20.484546661 -0.027906466 0.997995436 0.056802202 0.838761330 -0.997588158 -0.031417772 0.061892457 8.265403748
0.029751725 -0.055621471 0.998008549 21.298524857 -0.030181151 0.997945309 0.056517683 0.860530734 -0.999101520 -0.031802543 0.028011866 8.290555954
-0.004808025 -0.055328671 0.998456538 22.153209686 -0.033013910 0.997932673 0.055140641 0.883322954 -0.999443352 -0.032697842 -0.006624700 8.284380913
-0.039215751 -0.053645536 0.997789621 23.001970291 -0.034163471 0.998045981 0.052316602 0.919196248 -0.998646677 -0.032036327 -0.040971845 8.249004364
-0.071751259 -0.052030426 0.996064484 23.844945908 -0.035919737 0.998125494 0.049550615 0.941769719 -0.996775627 -0.032223061 -0.073485687 8.177516937
-0.104330093 -0.049147259 0.993327618 24.680881500 -0.038304400 0.998235762 0.045366954 0.965351701 -0.993804812 -0.033315677 -0.106028594 8.089035988
-0.136756182 -0.044691138 0.989596069 25.534862518 -0.035494432 0.998561382 0.040190905 0.984576702 -0.989968717 -0.029628798 -0.138145730 7.962157249
-0.167926461 -0.038575612 0.985044479 26.395765305 -0.029984118 0.998971581 0.034009453 1.000126123 -0.985343397 -0.023824604 -0.168910459 7.801076889
-0.198727265 -0.032292947 0.979522765 27.225980759 -0.023290707 0.999330342 0.028220700 1.010536313 -0.979778051 -0.017205551 -0.199346349 7.617404938
-0.227006257 -0.026723728 0.973526597 28.048788071 -0.017051622 0.999579310 0.023462795 1.013171434 -0.973743916 -0.011274006 -0.227366418 7.401180744
-0.254837602 -0.020162975 0.966773570 28.858009338 -0.008739593 0.999789894 0.018547837 1.019935012 -0.966944277 -0.003722521 -0.254960239 7.172781467
-0.281048238 -0.009879065 0.959642828 29.664905548 -0.002574443 0.999951124 0.009540051 1.010833383 -0.959690154 0.000210669 -0.281059980 6.917463303
-0.306481063 0.005463856 0.951861203 30.446538925 0.001739450 0.999985099 -0.005180027 0.994973838 -0.951875150 0.000068135 -0.306486040 6.656251907
-0.331396043 0.022759993 0.943217278 31.222791672 0.002967351 0.999729276 -0.023081070 0.971295118 -0.943487108 -0.004850118 -0.331373870 6.375239372
-0.356224865 0.037496630 0.933647573 32.001312256 0.002957540 0.999234736 -0.039002273 0.939646482 -0.934395552 -0.011132281 -0.356063217 6.070609093
-0.380779564 0.047785603 0.923430264 32.762828827 0.006673132 0.998779774 -0.048933100 0.893623233 -0.924641788 -0.012470546 -0.380633682 5.747636795
-0.403940916 0.052013166 0.913305044 33.515235901 0.010163491 0.998575866 -0.052374214 0.840690017 -0.914728582 -0.011873715 -0.403894246 5.397322655
-0.426478595 0.051973250 0.903003156 34.260231018 0.013786317 0.998605251 -0.050964601 0.789766192 -0.904392540 -0.009286224 -0.426600337 5.041078568
-0.446756601 0.047552630 0.893390834 34.991714478 0.017115677 0.998857915 -0.044607326 0.733567119 -0.894491792 -0.004637628 -0.447060257 4.662441254
-0.464501798 0.046356346 0.884358048 35.714004517 0.024682689 0.998918653 -0.039397020 0.685348630 -0.885228157 0.003528349 -0.465143740 4.264773369
-0.478085726 0.046685740 0.877071559 36.419231415 0.026995679 0.998895586 -0.038455158 0.636974573 -0.877898335 0.005292278 -0.478817940 3.871799469
-0.488789290 0.051097151 0.870904207 37.112777710 0.031402685 0.998666823 -0.040968612 0.586183906 -0.871836483 0.007323710 -0.489742249 3.466152191
-0.498805374 0.053303801 0.865073383 37.800624847 0.031907868 0.998559773 -0.043130696 0.538773894 -0.866126478 0.006088818 -0.499787748 3.065427780
-0.509466052 0.052842233 0.858866692 38.503940582 0.026058676 0.998602271 -0.045981944 0.487444758 -0.860096097 -0.001045312 -0.510131001 2.655746460
-0.520472944 0.051418133 0.852328658 39.189216614 0.025658479 0.998676300 -0.044578496 0.437106013 -0.853492558 -0.001332445 -0.521103382 2.240741730
-0.529344738 0.052487079 0.846781731 39.859397888 0.027470579 0.998621404 -0.044726193 0.389229894 -0.847962081 -0.000413988 -0.530056834 1.820297241
-0.536592901 0.055481773 0.842015207 40.551788330 0.029954113 0.998459637 -0.046701226 0.346645594 -0.843309402 0.000162276 -0.537428319 1.375564575
-0.539948821 0.058528084 0.839660466 41.253688812 0.031494543 0.998285770 -0.049332201 0.298401117 -0.841108441 -0.000192139 -0.540866554 0.921024323
-0.539684713 0.060737643 0.839673340 41.956649780 0.030932488 0.998151183 -0.052319817 0.252771497 -0.841298759 -0.002263016 -0.540565729 0.471494675
-0.536206663 0.060825184 0.841892302 42.678421021 0.033233527 0.998148203 -0.050947737 0.196330905 -0.843432248 0.000660531 -0.537235200 0.008607864
-0.530592501 0.059880145 0.845509291 43.423564911 0.031553943 0.998205543 -0.050892882 0.140063763 -0.847039580 -0.000324233 -0.531529784 -0.448293686
-0.524087846 0.058161650 0.849675894 44.173862457 0.028734406 0.998304904 -0.050611895 0.091424465 -0.851179421 -0.002110150 -0.524870634 -0.890762329
-0.516190052 0.058220979 0.854492843 44.933879852 0.028257184 0.998301506 -0.050949518 0.034495115 -0.856007814 -0.002154069 -0.516958296 -1.362001419
-0.509953022 0.056737989 0.858329058 45.727390289 0.025121352 0.998379052 -0.051070515 -0.018779039 -0.859835327 -0.004481177 -0.510551631 -1.822357178
-0.506284654 0.054076388 0.860669315 46.534885406 0.020192007 0.998501658 -0.050858639 -0.076234341 -0.862129927 -0.008370313 -0.506618023 -2.275091171
-0.504274309 0.051461097 0.862008810 47.364120483 0.016386978 0.998613298 -0.050029885 -0.136793852 -0.863388002 -0.011103066 -0.504418314 -2.761102676
-0.504761338 0.049035646 0.861865163 48.203208923 0.013175366 0.998706639 -0.049104918 -0.191494584 -0.863158405 -0.013430872 -0.504754543 -3.240320206
-0.505754292 0.047901291 0.861346662 49.046363831 0.012554105 0.998760223 -0.048171781 -0.254016638 -0.862586260 -0.013549648 -0.505728543 -3.724706650
-0.506381691 0.046841510 0.861036301 49.911811829 0.011913611 0.998808265 -0.047330014 -0.315199852 -0.862227321 -0.013708994 -0.506336212 -4.230901718
-0.506496310 0.046355128 0.860995233 50.780727386 0.012009451 0.998836219 -0.046711572 -0.372910976 -0.862158537 -0.013319154 -0.506463468 -4.738061905
-0.506585836 0.045457952 0.860990345 51.655456543 0.011751571 0.998880327 -0.045823831 -0.430522203 -0.862109423 -0.013095715 -0.506552875 -5.249023438
-0.506625414 0.045367036 0.860971808 52.541778564 0.011786096 0.998885691 -0.045698762 -0.490518332 -0.862085640 -0.013004662 -0.506595671 -5.767416000
-0.506734192 0.043987349 0.860979378 53.438030243 0.009728551 0.998925567 -0.045309227 -0.548212767 -0.862047434 -0.014583650 -0.506617665 -6.293016434
-0.506854892 0.042898674 0.860963225 54.315361023 0.008863109 0.998967528 -0.044557147 -0.612501860 -0.861985862 -0.014953198 -0.506711721 -6.796323776
-0.506505370 0.042197745 0.861203671 55.207698822 0.008251585 0.998993278 -0.044096179 -0.678085685 -0.862197399 -0.015228656 -0.506343544 -7.309484482
-0.505017877 0.040648539 0.862151206 56.091072083 0.007579971 0.999060750 -0.042663451 -0.736619234 -0.863075614 -0.015010721 -0.504851639 -7.832796097
-0.502782762 0.038544782 0.863552928 56.975952148 0.007646314 0.999164522 -0.040145934 -0.797207594 -0.864378989 -0.013581691 -0.502657473 -8.344907761
-0.500361562 0.037147071 0.865019262 57.859569550 0.008292339 0.999238908 -0.038114332 -0.859347582 -0.865776777 -0.011897918 -0.500288844 -8.853626251
-0.497834057 0.036971573 0.866483808 58.746608734 0.008605140 0.999252319 -0.037692558 -0.915664792 -0.867229581 -0.011308429 -0.497779995 -9.359172821
-0.496034235 0.036964465 0.867515743 59.631778717 0.008738889 0.999255359 -0.037581045 -0.975986600 -0.868259013 -0.011060360 -0.495987862 -9.857870102
-0.494767159 0.037787218 0.868203640 60.510417938 0.008506717 0.999216855 -0.038641598 -1.028979897 -0.868983924 -0.011733036 -0.494701207 -10.361747742
-0.495722950 0.039188839 0.867596090 61.386573792 0.008125513 0.999146938 -0.040488195 -1.088188410 -0.868442714 -0.013021267 -0.495618522 -10.855411530
-0.498646140 0.040840961 0.865842998 62.258068085 0.006587774 0.999039054 -0.043329746 -1.149625540 -0.866780639 -0.015902232 -0.498436064 -11.349290848
-0.503164887 0.041312486 0.863202333 63.130775452 0.005246119 0.998984277 -0.044752955 -1.209377766 -0.864174485 -0.017989658 -0.502870500 -11.852834702
-0.508773267 0.039884992 0.859976113 63.993270874 0.006884126 0.999082744 -0.042263906 -1.271607995 -0.860872984 -0.015582560 -0.508581161 -12.358602524
-0.514261425 0.037412290 0.856817007 64.852264404 0.008094092 0.999215305 -0.038771931 -1.332105875 -0.857595265 -0.013003755 -0.514160633 -12.871761322
-0.519392550 0.035121962 0.853813708 65.708694458 0.005248914 0.999267280 -0.037912231 -1.391124129 -0.854519665 -0.015209734 -0.519196332 -13.386653900
-0.524766386 0.038392190 0.850380063 66.556472778 0.007789410 0.999157131 -0.040302239 -1.449527264 -0.851210654 -0.014525298 -0.524623156 -13.901155472
-0.529623151 0.040373769 0.847271562 67.395988464 0.007919278 0.999058366 -0.042656358 -1.498288155 -0.848196089 -0.015882013 -0.529444337 -14.422967911
-0.534387052 0.041265849 0.844231963 68.222366333 0.006575287 0.998980284 -0.044667840 -1.557992339 -0.845214307 -0.018318841 -0.534113407 -14.936067581
-0.537773192 0.041376781 0.842073560 69.027503967 0.005621548 0.998948753 -0.045495037 -1.618928194 -0.843070745 -0.019732261 -0.537440479 -15.456167221
-0.541243851 0.041021425 0.839864433 69.844650269 0.007079210 0.998996198 -0.044231758 -1.678047538 -0.840835869 -0.017994590 -0.540990949 -15.975473404
-0.543094337 0.034070868 0.838980138 70.664566040 0.007669367 0.999336064 -0.035618301 -1.729050159 -0.839636624 -0.012909655 -0.542995036 -16.513044357
-0.545888245 0.024462394 0.837500811 71.481842041 0.005707677 0.999659061 -0.025478538 -1.787290692 -0.837838531 -0.009128252 -0.545841753 -17.034933090
-0.547823310 0.023281639 0.836269975 72.298286438 0.006851018 0.999704063 -0.023343656 -1.829628706 -0.836565971 -0.007058900 -0.547820747 -17.561538696
-0.548457205 0.027956180 0.835711181 73.085815430 0.007417795 0.999564230 -0.028569266 -1.876567364 -0.836145759 -0.009469885 -0.548425615 -18.078310013
-0.550507247 0.033635370 0.834152579 73.889526367 0.008030004 0.999355137 -0.034997322 -1.920797586 -0.834791720 -0.012568032 -0.550422370 -18.586656570
-0.549890697 0.037884600 0.834377050 74.661582947 0.014394240 0.999252200 -0.035884283 -1.968834400 -0.835112751 -0.007722207 -0.550024807 -19.124187469
-0.549593449 0.039398614 0.834502697 75.452766418 0.018037358 0.999214053 -0.035295792 -2.020095110 -0.835237443 -0.004346116 -0.549872220 -19.657922745
-0.549353719 0.035973102 0.834815204 76.255310059 0.016348245 0.999344230 -0.032304812 -2.064008236 -0.835429966 -0.004099005 -0.549581707 -20.175838470
-0.548832834 0.031218290 0.835349083 77.049316406 0.014459300 0.999507427 -0.027853239 -2.101066113 -0.835807085 -0.003208208 -0.549013853 -20.693704605
-0.548491538 0.023829343 0.835816562 77.837471008 0.011937286 0.999715030 -0.020668488 -2.156124830 -0.836070955 -0.001359110 -0.548619807 -21.188720703
-0.548588336 0.018503482 0.835887790 78.680152893 0.002748787 0.999789715 -0.020327650 -2.183501482 -0.836088061 -0.008853835 -0.548523784 -21.712255478
-0.546892941 0.013518224 0.837093413 79.476882935 -0.005105960 0.999797225 -0.019481573 -2.209219456 -0.837186933 -0.014928501 -0.546712995 -22.215724945
-0.544571221 0.014512463 0.838588893 80.258911133 -0.001306781 0.999834359 -0.018151559 -2.246879339 -0.838713467 -0.010980669 -0.544462144 -22.731578827
-0.541955233 0.017452916 0.840225995 81.040695190 0.003095598 0.999818981 -0.018771240 -2.292200804 -0.840401471 -0.007572173 -0.541911304 -23.224065781
-0.537041843 0.020367846 0.843309581 81.846084595 0.004779550 0.999765933 -0.021102877 -2.320088863 -0.843541980 -0.007302489 -0.537013531 -23.726968765
-0.528785825 0.023073981 0.848441601 82.635475159 0.010192161 0.999730945 -0.020836206 -2.355215311 -0.848694026 -0.002370436 -0.528878748 -24.232423782
-0.520599604 0.026324052 0.853395104 83.426948547 0.017618380 0.999643028 -0.020087453 -2.395934820 -0.853619158 0.004577920 -0.520877481 -24.724479675
-0.511796713 0.025472745 0.858728945 84.227935791 0.014494075 0.999674022 -0.021015279 -2.422767639 -0.858984351 0.001690932 -0.511999071 -25.181035995
-0.500987589 0.022828246 0.865153313 85.054702759 0.011670088 0.999739289 -0.019621642 -2.453844070 -0.865375876 0.000266216 -0.501123309 -25.644828796
-0.488959223 0.019773237 0.872082472 85.858406067 0.012177740 0.999800384 -0.015841244 -2.488015175 -0.872221649 0.002874271 -0.489102423 -26.100641251
-0.477293909 0.018835714 0.878541827 86.671691895 0.011811146 0.999817491 -0.015019080 -2.522833586 -0.878664315 0.003208070 -0.477429301 -26.547019958
-0.466042221 0.018043831 0.884578407 87.484115601 0.011933258 0.999829352 -0.014107675 -2.548898220 -0.884681940 0.003981129 -0.466178030 -26.958280563
-0.454184562 0.019355161 0.890697300 88.322380066 0.013482559 0.999798894 -0.014850946 -2.578194618 -0.890805602 0.005263810 -0.454354167 -27.381172180
-0.442253232 0.023205940 0.896589994 89.159194946 0.012708729 0.999726951 -0.019606655 -2.612004280 -0.896800220 0.002723412 -0.442427367 -27.789947510
-0.431116104 0.032459885 0.901712418 89.980789185 0.015352981 0.999471903 -0.028638653 -2.646521568 -0.902165830 0.001497388 -0.431386828 -28.174930573
-0.418037564 0.037258580 0.907665372 90.818450928 0.014620177 0.999305129 -0.034286760 -2.679708719 -0.908312142 -0.001062927 -0.418291748 -28.561582565
-0.406867921 0.033028264 0.912889779 91.670593262 0.011802393 0.999452770 -0.030899875 -2.725803852 -0.913410783 -0.001797884 -0.407035112 -28.938821793
-0.394897759 0.029247224 0.918259382 92.507362366 0.010534599 0.999571621 -0.027306668 -2.771019936 -0.918664634 -0.001109846 -0.395036757 -29.289710999
-0.385143846 0.030000655 0.922368705 93.346618652 0.008090613 0.999542832 -0.029132480 -2.816870213 -0.922821105 -0.003757665 -0.385210514 -29.630086899
-0.378448129 0.034130041 0.924993038 94.194366455 0.002980273 0.999359727 -0.035654653 -2.864714861 -0.925617695 -0.010736701 -0.378307492 -29.963470459
-0.373397887 0.038970206 0.926852286 95.019859314 -0.003782373 0.999045014 -0.043529384 -2.908018112 -0.927663565 -0.019759487 -0.372893929 -30.281368256
-0.370195657 0.041238900 0.928037941 95.858306885 -0.005942281 0.998888612 -0.046757646 -2.958912849 -0.928934753 -0.022824138 -0.369539142 -30.600456238
-0.366267502 0.040920459 0.929609358 96.700889587 -0.006272717 0.998901308 -0.046442077 -3.019569397 -0.930488467 -0.022841403 -0.365608454 -30.927658081
-0.361803770 0.040934131 0.931355178 97.536758423 -0.008298927 0.998854458 -0.047124695 -3.072734594 -0.932217360 -0.024779139 -0.361049622 -31.240367889
-0.355695069 0.036803931 0.933877289 98.383422852 -0.010097872 0.999014676 -0.043217067 -3.128230095 -0.934547544 -0.024802269 -0.354972899 -31.558296204
-0.350619704 0.032667946 0.935947955 99.231872559 -0.011325964 0.999170542 -0.039117504 -3.181871653 -0.936449349 -0.024315886 -0.349958867 -31.867900848
-0.344956875 0.029673912 0.938149333 100.073394775 -0.013678807 0.999235094 -0.036635753 -3.231336355 -0.938518763 -0.025470519 -0.344287097 -32.167957306
-0.339066803 0.027569791 0.940358222 100.938293457 -0.021430546 0.999084890 -0.037018806 -3.286991119 -0.940518141 -0.032704242 -0.338165671 -32.463733673
-0.332819283 0.027897732 0.942578018 101.786354065 -0.028389346 0.998812795 -0.039586265 -3.332830906 -0.942563176 -0.039934240 -0.331632167 -32.746486664
-0.326132655 0.031960241 0.944783628 102.628448486 -0.026388532 0.998731077 -0.042894319 -3.385202646 -0.944955587 -0.038920693 -0.324875414 -33.030376434
-0.319146454 0.035135724 0.947053909 103.480354309 -0.024841160 0.998659015 -0.045421463 -3.435909033 -0.947379768 -0.038022015 -0.317845702 -33.314300537
-0.312890857 0.033391751 0.949202001 104.340408325 -0.026313061 0.998693466 -0.043806523 -3.486112833 -0.949424505 -0.038683072 -0.311603397 -33.585002899
-0.305681139 0.028662365 0.951702416 105.184623718 -0.027068859 0.998881161 -0.038777601 -3.533513784 -0.951749027 -0.037615083 -0.304563314 -33.853660583
-0.298738033 0.025971601 0.953981757 106.045295715 -0.028110590 0.998956382 -0.035998799 -3.585347891 -0.953921080 -0.037571188 -0.297696203 -34.114494324
-0.292290181 0.029311497 0.955880344 106.901855469 -0.030393938 0.998740435 -0.039919671 -3.628449440 -0.955846488 -0.040721096 -0.291031182 -34.365100861
-0.286004484 0.031991400 0.957694113 107.756774902 -0.029870534 0.998659194 -0.042280324 -3.680504799 -0.957762599 -0.040699195 -0.284665465 -34.613689423
-0.279285371 0.032454878 0.959659517 108.612953186 -0.031834420 0.998566270 -0.043035295 -3.730350971 -0.959680378 -0.042569332 -0.277851731 -34.851097107
-0.272299945 0.032044776 0.961678684 109.473632812 -0.032315344 0.998577058 -0.042424396 -3.783673763 -0.961669564 -0.042629138 -0.270876884 -35.090820312
-0.264039248 0.031686362 0.963991284 110.332946777 -0.028645076 0.998761714 -0.040675208 -3.836184025 -0.964086473 -0.038353454 -0.262804657 -35.327236176
-0.256482482 0.033079654 0.965982556 111.189140320 -0.025657015 0.998828948 -0.041016776 -3.886327744 -0.966208220 -0.035304315 -0.255333424 -35.553344727
-0.249863982 0.033553705 0.967699409 112.051963806 -0.024582064 0.998857439 -0.040981263 -3.934858799 -0.967968881 -0.034027793 -0.248753697 -35.769783020
-0.243327662 0.032312457 0.969405711 112.919311523 -0.030746544 0.998685777 -0.041006014 -3.983332872 -0.969456732 -0.039783772 -0.242014363 -35.969779968
-0.237395972 0.030470608 0.970934987 113.783393860 -0.035463899 0.998569787 -0.040008869 -4.032223225 -0.970765352 -0.043931078 -0.235975817 -36.171798706
-0.233020991 0.030429857 0.971995533 114.659980774 -0.032997709 0.998687387 -0.039176174 -4.082744598 -0.971911669 -0.041202486 -0.231710985 -36.374271393
-0.228720680 0.030490797 0.973014474 115.528266907 -0.031415157 0.998757601 -0.038682066 -4.135003567 -0.972985148 -0.039414790 -0.227478653 -36.566772461
-0.223615512 0.032354027 0.974140346 116.398254395 -0.030131586 0.998741686 -0.040087868 -4.182237625 -0.974211574 -0.038316656 -0.222359240 -36.768833160
-0.217509612 0.031270891 0.975557148 117.265617371 -0.023720151 0.999022126 -0.037311681 -4.230993748 -0.975769937 -0.031256009 -0.216555163 -36.964981079
-0.212161541 0.030208223 0.976767719 118.140899658 -0.016703364 0.999263942 -0.034532078 -4.274716854 -0.977091849 -0.023641681 -0.211500838 -37.162258148
-0.207167566 0.029605785 0.977857471 119.008506775 -0.014981167 0.999328792 -0.033429753 -4.321339130 -0.978190660 -0.021575008 -0.206584990 -37.340122223
-0.203073129 0.031039000 0.978671491 119.884696960 -0.016850609 0.999238670 -0.035187781 -4.366786480 -0.979018569 -0.023636902 -0.202395499 -37.518489838
-0.199448109 0.032730233 0.979361653 120.771995544 -0.018550975 0.999136806 -0.037169043 -4.414180756 -0.979732752 -0.025581405 -0.198668733 -37.694679260
-0.197494343 0.032194037 0.979775250 121.639869690 -0.021363590 0.999081969 -0.037134703 -4.459694386 -0.980071187 -0.028265411 -0.196625218 -37.861206055
-0.196917385 0.031111028 0.979926407 122.513420105 -0.021575646 0.999116838 -0.036055952 -4.503969193 -0.980182648 -0.028242588 -0.196072221 -38.024394989
-0.195879743 0.026240448 0.980276883 123.391906738 -0.020539742 0.999312818 -0.030854287 -4.552414417 -0.980412722 -0.026178356 -0.195206165 -38.197624207
-0.195300192 0.021586448 0.980505943 124.261962891 -0.022071060 0.999407828 -0.026398769 -4.588343143 -0.980495155 -0.026796494 -0.194708124 -38.362380981
-0.194605649 0.019851223 0.980680823 125.130851746 -0.021562655 0.999467015 -0.024510387 -4.627738476 -0.980644584 -0.025915939 -0.194073901 -38.529434204
-0.193163410 0.023958392 0.980874002 125.983329773 -0.021960471 0.999345899 -0.028734246 -4.673206329 -0.980920851 -0.027090862 -0.192510903 -38.695388794
-0.192915246 0.027854383 0.980819941 126.864372253 -0.021431090 0.999239028 -0.032592699 -4.713572502 -0.980981410 -0.027307671 -0.192171484 -38.867969513
-0.193126723 0.027197108 0.980796814 127.701614380 -0.024925213 0.999157131 -0.032614205 -4.748664379 -0.980857134 -0.030745249 -0.192286059 -39.020862579
-0.193148464 0.025736766 0.980831921 128.552764893 -0.027135270 0.999133527 -0.031560559 -4.796810150 -0.980794251 -0.032711010 -0.192282692 -39.174060822
-0.191831708 0.027533436 0.981041551 129.392288208 -0.022337461 0.999224961 -0.032411609 -4.835987568 -0.981173635 -0.028131550 -0.191067964 -39.347312927
-0.190553457 0.029371846 0.981237352 130.246109009 -0.025198417 0.999076664 -0.034799300 -4.877967834 -0.981353343 -0.031356759 -0.189637363 -39.514556885
-0.191047713 0.030682515 0.981101036 131.076919556 -0.030983273 0.998824716 -0.037270103 -4.926530361 -0.981091559 -0.037518091 -0.189872548 -39.656654358
-0.190132394 0.031745784 0.981245100 131.911499023 -0.036981829 0.998536110 -0.039471038 -4.975212574 -0.981061637 -0.043792967 -0.188680068 -39.807754517
-0.189860597 0.035765130 0.981159449 132.737854004 -0.033341642 0.998525023 -0.042849962 -5.022652626 -0.981244802 -0.040848989 -0.188388094 -39.962493896
-0.189708322 0.036701821 0.981154263 133.555816650 -0.031800911 0.998547077 -0.043501213 -5.074951649 -0.981325328 -0.039454136 -0.188265547 -40.115604401
-0.187832803 0.037650187 0.981479049 134.376983643 -0.033078760 0.998455644 -0.044631947 -5.122649193 -0.981643796 -0.040849447 -0.186297297 -40.268100739
-0.185769990 0.037391044 0.981881499 135.204727173 -0.023742616 0.998813272 -0.042527862 -5.172414303 -0.982306302 -0.031212853 -0.184661776 -40.430881500
-0.181955770 0.034136463 0.982713938 136.023315430 -0.017418096 0.999128520 -0.037931725 -5.223581314 -0.983152449 -0.024018904 -0.181202620 -40.593620300
-0.180001438 0.029013194 0.983238339 136.838653564 -0.013827649 0.999391556 -0.032021265 -5.271764278 -0.983569086 -0.019359749 -0.179490700 -40.744007111
-0.176280215 0.028925490 0.983915031 137.650848389 -0.011463854 0.999440014 -0.031435788 -5.312941551 -0.984273195 -0.016820965 -0.175849900 -40.888954163
-0.171162188 0.033906221 0.984659195 138.450759888 -0.010471847 0.999288499 -0.036230281 -5.359575272 -0.985187292 -0.016512455 -0.170685351 -41.030052185
-0.164735571 0.036958721 0.985645056 139.251770020 -0.009845129 0.999186337 -0.039111946 -5.402307510 -0.986288548 -0.016146932 -0.164237693 -41.159049988
-0.156700581 0.037922665 0.986917913 140.050094604 -0.009812045 0.999153495 -0.039950762 -5.439161777 -0.987597466 -0.015943987 -0.156195849 -41.278720856
-0.147278532 0.033461511 0.988528907 140.848373413 -0.008836202 0.999343216 -0.035144050 -5.480409622 -0.989055574 -0.013910806 -0.146886125 -41.392353058
-0.135292664 0.031940594 0.990290701 141.641204834 -0.005239710 0.999443233 -0.032951638 -5.524778366 -0.990791857 -0.009646951 -0.135049969 -41.499713898
-0.121381924 0.034778696 0.991996408 142.432540894 -0.000967429 0.999381363 -0.035155989 -5.563749790 -0.992605388 -0.005226987 -0.121273182 -41.597984314
-0.107335284 0.035906110 0.993574321 143.219421387 -0.001630950 0.999339938 -0.036290664 -5.603133202 -0.994221509 -0.005515739 -0.107205860 -41.677467346
-0.093262166 0.035767425 0.994998932 144.007980347 -0.000342316 0.999353290 -0.035956040 -5.645481586 -0.995641530 -0.003693942 -0.093189597 -41.749706268
-0.079839028 0.037482552 0.996102810 144.789016724 0.000490162 0.999294162 -0.037563358 -5.689057350 -0.996807694 -0.002510770 -0.079801038 -41.806571960
-0.066130877 0.043480542 0.996863067 145.557937622 -0.002319063 0.999040663 -0.043729357 -5.741159916 -0.997808218 -0.005203651 -0.065966606 -41.847454071
-0.053402405 0.052716278 0.997180581 146.322341919 -0.009345494 0.998535335 -0.053288382 -5.786675453 -0.998529434 -0.012164873 -0.052831523 -41.872520447
-0.039835695 0.060586501 0.997367740 147.087966919 -0.013555218 0.998035431 -0.061168466 -5.836043358 -0.999114275 -0.015956230 -0.038936168 -41.886100769
-0.026712246 0.061275162 0.997763395 147.852783203 -0.014278399 0.997994363 -0.061671603 -5.888003826 -0.999541104 -0.015893852 -0.025783760 -41.898056030
-0.014705318 0.057706907 0.998225272 148.627456665 -0.018372955 0.998149037 -0.057973169 -5.942233086 -0.999723077 -0.019192861 -0.013617853 -41.900085449
-0.004085547 0.054982737 0.998479009 149.390640259 -0.022048198 0.998239577 -0.055059783 -6.003305435 -0.999748528 -0.022239611 -0.002866086 -41.888805389
0.004612474 0.061528642 0.998094678 150.145385742 -0.026070042 0.997773349 -0.061388366 -6.063871384 -0.999649465 -0.025737211 0.006206257 -41.870689392
0.011444862 0.069488913 0.997516990 150.891616821 -0.029322075 0.997176647 -0.069128796 -6.119115829 -0.999504447 -0.028458102 0.013450109 -41.852748871
0.014573834 0.072201721 0.997283578 151.641921997 -0.031936269 0.996914208 -0.071708277 -6.175850391 -0.999383628 -0.030804461 0.016834717 -41.835212708
0.014353527 0.067634195 0.997606874 152.396347046 -0.034296650 0.997156024 -0.067110166 -6.236348629 -0.999308586 -0.033251315 0.016632332 -41.815193176
0.012813466 0.063236564 0.997916341 153.151824951 -0.036202285 0.997373104 -0.062737301 -6.304956436 -0.999262273 -0.035322964 0.015069118 -41.800773621
0.009547977 0.060511205 0.998121858 153.906509399 -0.035803273 0.997547984 -0.060133923 -6.355653286 -0.999313235 -0.035161875 0.011691065 -41.790275574
0.006959186 0.060877562 0.998121023 154.651123047 -0.033915475 0.997585237 -0.060608413 -6.408291817 -0.999400377 -0.033429969 0.009007074 -41.787494659
0.002770174 0.060926564 0.998138428 155.392684937 -0.032661475 0.997615159 -0.060803987 -6.465401649 -0.999462605 -0.032432236 0.004753520 -41.778556824
-0.001111753 0.059790511 0.998210311 156.135284424 -0.031645596 0.997708857 -0.059795726 -6.521593571 -0.999498546 -0.031655435 0.000782901 -41.781597137
-0.006279192 0.060003143 0.998178482 156.873992920 -0.032441109 0.997660518 -0.060176089 -6.572696686 -0.999453902 -0.032759879 -0.004317933 -41.784030914
-0.012354472 0.058077037 0.998235643 157.612274170 -0.033647187 0.997722328 -0.058463600 -6.625951767 -0.999357462 -0.034310106 -0.010372204 -41.784667969
-0.017869465 0.055595461 0.998293459 158.362854004 -0.031443242 0.997927785 -0.056137938 -6.685681343 -0.999345779 -0.032392737 -0.016084334 -41.807689667
-0.022848081 0.055301860 0.998208165 159.098129272 -0.031942826 0.997918785 -0.056016967 -6.738279819 -0.999228477 -0.033165466 -0.021034034 -41.825836182
-0.028830500 0.057093222 0.997952461 159.817062378 -0.034328345 0.997722030 -0.058071762 -6.785474777 -0.998994648 -0.035932299 -0.026804909 -41.831497192
-0.032681797 0.059075251 0.997718334 160.543975830 -0.033986673 0.997608662 -0.060182042 -6.846080780 -0.998887777 -0.035875984 -0.030595876 -41.852344513
-0.035301507 0.061053615 0.997510076 161.261993408 -0.033617117 0.997494817 -0.062242374 -6.903207302 -0.998811126 -0.035730656 -0.033160623 -41.875709534
-0.036139525 0.062333267 0.997400820 161.978698730 -0.030620845 0.997515202 -0.063449904 -6.958866119 -0.998877466 -0.032834310 -0.034141026 -41.908126831
-0.036017414 0.061108734 0.997481048 162.706985474 -0.027928391 0.997677267 -0.062129207 -7.012507915 -0.998960853 -0.030095769 -0.034227088 -41.929836273
-0.031541049 0.057211991 0.997863710 163.428894043 -0.024617290 0.998013079 -0.057998672 -7.069941521 -0.999199271 -0.026394039 -0.030069975 -41.958988190
-0.023879183 0.056900684 0.998094261 164.130874634 -0.023762917 0.998064518 -0.057467513 -7.126497746 -0.999432445 -0.025089908 -0.022480836 -41.973632812
-0.012840409 0.058079056 0.998229384 164.826232910 -0.021267150 0.998070002 -0.058343347 -7.176009178 -0.999691427 -0.021978645 -0.011580447 -41.974349976
0.001358889 0.058207780 0.998303592 165.517272949 -0.019563848 0.998114944 -0.058170151 -7.227092743 -0.999807656 -0.019451613 0.002495101 -41.967540741
0.016883066 0.056197401 0.998277068 166.196868896 -0.019996626 0.998238504 -0.055857051 -7.274499416 -0.999657512 -0.019019129 0.017977087 -41.954124451
0.032655224 0.051181525 0.998155355 166.879348755 -0.025077596 0.998415530 -0.050374437 -7.322584629 -0.999152064 -0.023386348 0.033886991 -41.911949158
0.049337417 0.044514921 0.997789681 167.564773560 -0.026222998 0.998719692 -0.043259766 -7.367394447 -0.998437881 -0.024030712 0.050441563 -41.867027283
0.066397302 0.037607566 0.997084320 168.240921021 -0.027035007 0.998990417 -0.035879157 -7.402417183 -0.997426927 -0.024573898 0.067346998 -41.808254242
0.084147125 0.029906983 0.996004403 168.912002563 -0.026478807 0.999263644 -0.027767794 -7.440933228 -0.996101379 -0.024036430 0.084877066 -41.749340057
0.101101644 0.023850581 0.994590163 169.574722290 -0.028209187 0.999379337 -0.021097917 -7.474772453 -0.994476020 -0.025923552 0.101711713 -41.667304993
0.118926331 0.021746356 0.992664933 170.226531982 -0.029826511 0.999387145 -0.018320253 -7.503168106 -0.992454886 -0.027428970 0.119502075 -41.574859619
0.136931628 0.020595215 0.990366399 170.866485596 -0.028043587 0.999463677 -0.016906988 -7.524526596 -0.990183473 -0.025458330 0.137435764 -41.478981018
0.154094994 0.020074151 0.987852097 171.504074097 -0.028746905 0.999461412 -0.015825834 -7.543116570 -0.987637758 -0.025959009 0.154589117 -41.364013672
0.169755951 0.018907297 0.985304654 172.134521484 -0.034151591 0.999328256 -0.013292498 -7.563294411 -0.984894276 -0.031393245 0.170287624 -41.231307983
0.184725910 0.015167061 0.982673049 172.752288818 -0.035088181 0.999345243 -0.008828402 -7.584311962 -0.982163429 -0.032849383 0.185137123 -41.108398438
0.196678206 0.011322884 0.980402648 173.377273560 -0.031806454 0.999480665 -0.005162539 -7.600161552 -0.979952037 -0.030167775 0.196936175 -40.975692749
0.207555234 0.010217539 0.978169918 173.996505737 -0.029872227 0.999545336 -0.004102306 -7.617015362 -0.977767110 -0.028368667 0.207766116 -40.840969086
0.217461839 0.013980191 0.975968659 174.598953247 -0.034467552 0.999383807 -0.006635661 -7.636277199 -0.975460172 -0.032196246 0.217809722 -40.692260742
0.226520911 0.021155082 0.973776519 175.184921265 -0.038975131 0.999160171 -0.012640102 -7.657334805 -0.973226190 -0.035089817 0.227155209 -40.542648315
0.235575318 0.030763112 0.971369147 175.774475098 -0.039078668 0.998990357 -0.022160565 -7.675971985 -0.971070051 -0.032739319 0.236539647 -40.391056061
0.243912458 0.036763996 0.969100177 176.367538452 -0.033650681 0.999000192 -0.029428767 -7.692090034 -0.969213307 -0.025432840 0.244905770 -40.244571686
0.250130564 0.034619696 0.967592895 176.957275391 -0.032258477 0.999103665 -0.027408047 -7.709843636 -0.967674553 -0.024357485 0.251023173 -40.089046478
0.256000131 0.027215254 0.966293573 177.562789917 -0.035281148 0.999200702 -0.018795030 -7.728238583 -0.966032803 -0.029280420 0.256755710 -39.917194366
0.260590106 0.016658295 0.965305746 178.165100098 -0.038980007 0.999217391 -0.006720621 -7.747721195 -0.964662254 -0.035876304 0.261035472 -39.744762421
0.262928963 0.008304343 0.964779437 178.761871338 -0.039348293 0.999223292 0.002122676 -7.773797989 -0.964012504 -0.038520534 0.263051450 -39.579383850
0.263032764 0.008273112 0.964751422 179.385620117 -0.037353709 0.999300778 0.001614842 -7.781867981 -0.964063466 -0.036461797 0.263157904 -39.396217346
0.264251024 0.010144340 0.964400589 179.985992432 -0.033810720 0.999427497 -0.001248460 -7.790390015 -0.963861048 -0.032277171 0.264442712 -39.232780457
0.266149849 0.009470019 0.963885069 180.588485718 -0.030312601 0.999539435 -0.001450346 -7.798060894 -0.963454902 -0.028831851 0.266314328 -39.069763184
0.267427504 0.007663269 0.963547528 181.202621460 -0.032189358 0.999481261 0.000984929 -7.798127651 -0.963040113 -0.031279370 0.267535478 -38.884227753
0.269894123 0.004004861 0.962881684 181.794357300 -0.032814603 0.999448717 0.005040930 -7.806550026 -0.962330699 -0.032957096 0.269876838 -38.710018158
0.273059309 -0.001292137 0.961996317 182.411666870 -0.032095525 0.999430001 0.010452619 -7.816653252 -0.961461723 -0.033729956 0.272862226 -38.531635284
0.277251393 -0.004118218 0.960788608 183.029342651 -0.030554742 0.999447167 0.013100995 -7.818617821 -0.960311472 -0.032988910 0.276972294 -38.346488953
0.283652276 -0.006310000 0.958906472 183.642974854 -0.028716549 0.999473929 0.015071538 -7.816761017 -0.958497226 -0.031811558 0.283321828 -38.161537170
0.291599512 -0.009745531 0.956490874 184.267440796 -0.027188221 0.999459565 0.018472036 -7.821664810 -0.956153989 -0.031391717 0.291176945 -37.971576691
0.301206201 -0.011764406 0.953486562 184.883621216 -0.024359860 0.999502540 0.020027447 -7.822936058 -0.953247786 -0.029259181 0.300769806 -37.770027161
0.312696785 -0.009500231 0.949805498 185.503356934 -0.026138721 0.999485254 0.018602580 -7.824355125 -0.949493229 -0.030643668 0.312287450 -37.562160492
0.323996335 -0.006044263 0.946039140 186.113967896 -0.026953818 0.999514699 0.015616976 -7.825551033 -0.945674300 -0.030559206 0.323676229 -37.339771271
0.335510314 -0.002960730 0.942031920 186.724746704 -0.027951740 0.999523461 0.013096600 -7.822894096 -0.941621721 -0.030725470 0.335267663 -37.109237671
0.347001821 -0.002639655 0.937860727 187.339553833 -0.026502892 0.999569058 0.012619220 -7.818099022 -0.937489927 -0.029234912 0.346782386 -36.869728088
0.358945310 -0.005786974 0.933340669 187.971145630 -0.025828892 0.999536216 0.016130712 -7.821010590 -0.933001161 -0.029897198 0.358629346 -36.635559082
