1.0 0.0 0.0 0.0 0.0 1.0 0.0 0.0 0.0 0.0 1.0 0.0
0.9990400671958923 -0.00039073621155694127 0.043803341686725616 0.045964743942022324 0.0004898349870927632 0.9999972581863403 -0.002251648111268878 -0.02143794484436512 -0.04380233958363533 0.002270943019539118 0.9990376234054565 1.0259780883789062
0.9960227608680725 -0.004540679976344109 0.08898363262414932 0.1381135880947113 0.005205126944929361 0.99996018409729 -0.0072364406660199165 -0.03935764729976654 -0.08894723653793335 0.007670830003917217 0.9960067868232727 2.048499584197998
0.9908541440963745 -0.003784408327192068 0.13488394021987915 0.2681005895137787 0.005379676818847656 0.9999197125434875 -0.011464451439678669 -0.060115087777376175 -0.13482971489429474 0.012085231021046638 0.9907950758934021 3.05440092086792
0.9834891557693481 -0.0010227537713944912 0.18096406757831573 0.44837239384651184 0.0035092923790216446 0.9999037384986877 -0.013420874252915382 -0.09576676785945892 -0.1809329390525818 0.013834339566528797 0.9833980798721313 4.086527347564697
0.9739698171615601 -0.0036373035982251167 0.2266484797000885 0.6865827441215515 0.006832592189311981 0.999888002872467 -0.013315082527697086 -0.12792177498340607 -0.22657465934753418 0.014517085626721382 0.9738855957984924 5.088263034820557
0.962276816368103 -0.004091927781701088 0.2720414698123932 0.9586684107780457 0.008378024213016033 0.9998583197593689 -0.014595670625567436 -0.15761955082416534 -0.27194318175315857 0.016324244439601898 0.9621747732162476 6.101065158843994
0.9487300515174866 -0.006765754893422127 0.3160151243209839 1.2860474586486816 0.012871677055954933 0.9997685551643372 -0.017238283529877663 -0.19010189175605774 -0.31582528352737427 0.02042211778461933 0.9485975503921509 7.0788893699646
0.9335527420043945 -0.00849695224314928 0.3583392798900604 1.6596323251724243 0.016437601298093796 0.9996820688247681 -0.019119083881378174 -0.22064454853534698 -0.3580629527568817 0.023738911375403404 0.9333956241607666 8.03861141204834
0.9163051843643188 -0.00860681850463152 0.40038827061653137 2.0722336769104004 0.018092496320605278 0.9996379017829895 -0.019917026162147522 -0.2547345459461212 -0.400071918964386 0.025494100525975227 0.9161291122436523 8.961240768432617
0.8967247605323792 -0.008870486170053482 0.4424998462200165 2.518296003341675 0.01899656094610691 0.999649167060852 -0.018457209691405296 -0.2903136909008026 -0.4421808421611786 0.02495700679719448 0.8965786695480347 9.87014389038086
0.8749977946281433 -0.009115475229918957 0.4840410351753235 3.0143868923187256 0.02006523124873638 0.9996464252471924 -0.01744641363620758 -0.32939526438713074 -0.48371097445487976 0.024977969005703926 0.8748712539672852 10.747708320617676
0.8510291576385498 -0.009081830270588398 0.5250399112701416 3.551417350769043 0.020622197538614273 0.999657154083252 -0.016134725883603096 -0.3666967749595642 -0.524713397026062 0.024558600038290024 0.8509246110916138 11.61890983581543
0.8256175518035889 -0.009871209040284157 0.5641438364982605 4.134618282318115 0.02301359362900257 0.9996040463447571 -0.01618935912847519 -0.40256425738334656 -0.5637606382369995 0.02634919434785843 0.8255178332328796 12.459524154663086
0.7982945442199707 -0.011655828915536404 0.6021544933319092 4.741794586181641 0.02637317217886448 0.9995301365852356 -0.015615939162671566 -0.4371008574962616 -0.6016894578933716 0.028346838429570198 0.7982269525527954 13.258758544921875
0.7695369124412537 -0.010312862694263458 0.6385191679000854 5.390445232391357 0.026713339611887932 0.9995142817497253 -0.016051270067691803 -0.47199547290802 -0.6380435824394226 0.029409019276499748 0.7694385051727295 14.04634952545166
0.7389225363731384 -0.013510655611753464 0.6736548542976379 6.066945552825928 0.03155907243490219 0.9993956685066223 -0.014573068358004093 -0.5057811141014099 -0.6730509400367737 0.03202829137444496 0.7389023303985596 14.779594421386719
0.7070631980895996 -0.01275128684937954 0.7070353627204895 6.802196979522705 0.031909696757793427 0.9993942975997925 -0.013887020759284496 -0.534380316734314 -0.7064300179481506 0.03238029405474663 0.70704185962677 15.503890037536621
0.6729063987731934 -0.011500806547701359 0.7396382093429565 7.5586066246032715 0.03297150135040283 0.9993516802787781 -0.014457585290074348 -0.5694926977157593 -0.7389925122261047 0.034115590155124664 0.6728494167327881 16.190345764160156
0.637516975402832 -0.013093089684844017 0.7703250050544739 8.333733558654785 0.03790922462940216 0.9991775155067444 -0.014390611089766026 -0.5987832546234131 -0.7695031762123108 0.038376688957214355 0.6374889612197876 16.824359893798828
0.6006173491477966 -0.010813741944730282 0.7994633913040161 9.128175735473633 0.0375053845345974 0.9991888403892517 -0.014661597087979317 -0.6227403283119202 -0.7986564040184021 0.03879018872976303 0.6005357503890991 17.430049896240234
0.5627784132957458 -0.009839517064392567 0.826549232006073 9.947709083557129 0.040471676737070084 0.9990578889846802 -0.015663115307688713 -0.6560297608375549 -0.8256164193153381 0.04226669296622276 0.5626464486122131 17.982173919677734
0.5236995816230774 -0.007976114749908447 0.8518656492233276 10.804920196533203 0.04489713907241821 0.9988248944282532 -0.018249206244945526 -0.6803978085517883 -0.8507190942764282 0.04780343174934387 0.5234423279762268 18.512744903564453
0.48487716913223267 -0.006643590051680803 0.8745569586753845 11.672073364257812 0.046238575130701065 0.9987673759460449 -0.018048712983727455 -0.7008539438247681 -0.8733591437339783 0.04918968304991722 0.4845866858959198 18.99652862548828
0.4464763104915619 -0.008959086611866951 0.8947505354881287 12.554673194885254 0.05175398290157318 0.9985344409942627 -0.015826717019081116 -0.7358605861663818 -0.8932976722717285 0.05337315425276756 0.446285605430603 19.4157772064209
0.40948548913002014 -0.009370498359203339 0.9122686386108398 13.48453140258789 0.055036384612321854 0.9983798265457153 -0.014448907226324081 -0.7624503970146179 -0.9106549620628357 0.05612456426024437 0.4093378484249115 19.824203491210938
0.3744550943374634 -0.006989571265876293 0.9272186160087585 14.421045303344727 0.05698656663298607 0.9982547760009766 -0.015488832257688046 -0.7865570783615112 -0.9254921674728394 0.05863887816667557 0.37419992685317993 20.19220542907715
0.3411442041397095 -0.007894041016697884 0.9399778246879578 15.374402046203613 0.05735902115702629 0.9982761144638062 -0.012433554977178574 -0.8093512654304504 -0.9382592439651489 0.058157842606306076 0.3410089612007141 20.537059783935547
0.3077612817287445 -0.00952577218413353 0.9514158368110657 16.36919593811035 0.05957766994833946 0.9981805682182312 -0.009278025478124619 -0.8344846963882446 -0.9495964050292969 0.05953855440020561 0.30776888132095337 20.853572845458984
0.27523574233055115 -0.009250713512301445 0.9613322615623474 17.364240646362305 0.06037256866693497 0.9981463551521301 -0.007680095266550779 -0.8495599627494812 -0.9594792723655701 0.06015193462371826 0.2752840220928192 21.13118553161621
0.24303437769412994 -0.006504320073872805 0.9699958562850952 18.36593246459961 0.05751495435833931 0.9983147978782654 -0.007716272491961718 -0.8724772930145264 -0.968311071395874 0.057664595544338226 0.24299892783164978 21.386396408081055
0.21211527287960052 -0.004862384870648384 0.9772325754165649 19.399457931518555 0.05761465057730675 0.9983104467391968 -0.0075384085066616535 -0.8843479156494141 -0.975544810295105 0.057901933789253235 0.21203702688217163 21.615510940551758
0.18170048296451569 -0.004685590509325266 0.9833427667617798 20.431859970092773 0.059477634727954865 0.9982101917266846 -0.006233747582882643 -0.9047561883926392 -0.9815535545349121 0.05961957573890686 0.1816539466381073 21.799335479736328
0.15119922161102295 -0.004975590389221907 0.9884907007217407 21.49513053894043 0.0612880140542984 0.9981106519699097 -0.004350582137703896 -0.9180371761322021 -0.9866015315055847 0.061240434646606445 0.15121851861476898 21.96035385131836
0.12098191678524017 -0.005344337318092585 0.9926402568817139 22.59061622619629 0.06008115038275719 0.9981915950775146 -0.001948402263224125 -0.9248368740081787 -0.9908348321914673 0.059874702244997025 0.12108423560857773 22.087295532226562
0.09180199354887009 -0.005973852705210447 0.9957593679428101 23.676105499267578 0.060234203934669495 0.9981842041015625 0.00043523014755919576 -0.9406476020812988 -0.9939537644386292 0.05993882194161415 0.09199513494968414 22.18012809753418
0.06486313045024872 -0.005550529342144728 0.9978786706924438 24.79520606994629 0.06318610906600952 0.9980007410049438 0.0014440456870943308 -0.9411391615867615 -0.9958916306495667 0.06295841932296753 0.06508417427539825 22.240188598632812
0.04011055454611778 -0.00501898443326354 0.9991826415061951 25.916921615600586 0.06727054715156555 0.9977321028709412 0.002311231102794409 -0.9455460906028748 -0.9969282150268555 0.06712287664413452 0.04035721719264984 22.26970100402832
0.01786470040678978 -0.0045469943434000015 0.9998300075531006 27.094680786132812 0.07157827168703079 0.9974296689033508 0.003257136093452573 -0.9470996260643005 -0.9972749948501587 0.07150790095329285 0.01814424805343151 22.278783798217773
-0.002817481057718396 -0.004508073907345533 0.9999858736991882 28.241928100585938 0.07703765481710434 0.997016966342926 0.004711745772510767 -0.9447787404060364 -0.9970241189002991 0.07704983651638031 -0.002461785450577736 22.27826499938965
-0.01984536275267601 -0.005231545306742191 0.999789297580719 29.439985275268555 0.08181735128164291 0.9966238737106323 0.006839019246399403 -0.9454447627067566 -0.9964497685432434 0.08193584531545639 -0.019350333139300346 22.231151580810547
-0.03571582958102226 -0.004993927199393511 0.9993496537208557 30.65469741821289 0.08462626487016678 0.996380627155304 0.008003556169569492 -0.9423925876617432 -0.9957723617553711 0.08485706895589828 -0.03516395390033722 22.182966232299805
-0.050020378082990646 -0.005610516760498285 0.9987324476242065 31.858631134033203 0.08670029044151306 0.9961848855018616 0.009938488714396954 -0.9360783100128174 -0.9949778914451599 0.08708750456571579 -0.04934310168027878 22.12451171875
-0.06274121254682541 -0.006308312062174082 0.9980099201202393 33.067787170410156 0.08724567294120789 0.9961171746253967 0.011781164444983006 -0.9266306757926941 -0.9942091107368469 0.08781122416257858 -0.06194722279906273 22.02318000793457
-0.07489810138940811 -0.006148243322968483 0.9971721768379211 34.25730514526367 0.086820587515831 0.9961434602737427 0.012663038447499275 -0.9227579832077026 -0.9934045076370239 0.08752353489398956 -0.07407545298337936 21.93570327758789
-0.08646538108587265 -0.0034631353337317705 0.9962488412857056 35.4856071472168 0.08647238463163376 0.9961938858032227 0.010967965237796307 -0.9190609455108643 -0.9924948811531067 0.08709636330604553 -0.08583684265613556 21.841690063476562
-0.09621669352054596 -0.00019348034402355552 0.9953603744506836 36.72140121459961 0.08688335120677948 0.9961814284324646 0.008592234924435616 -0.9122855067253113 -0.991561233997345 0.08730696886777878 -0.09583248943090439 21.711498260498047
-0.10525951534509659 0.002416265895590186 0.9944418668746948 37.97307586669922 0.08833885937929153 0.9960665106773376 0.006930263247340918 -0.9046811461448669 -0.990513265132904 0.08857733756303787 -0.10505892336368561 21.576711654663086
-0.11303183436393738 0.003599873511120677 0.9935848712921143 39.26832962036133 0.08817453682422638 0.9960842728614807 0.006421947851777077 -0.8966809511184692 -0.9896711111068726 0.08833473175764084 -0.11290664970874786 21.44390296936035
-0.11856207251548767 0.004203534219413996 0.9929377436637878 40.58195495605469 0.08805586397647858 0.9960956573486328 0.0062974379397928715 -0.8930897116661072 -0.9890344738960266 0.08818063139915466 -0.11846932768821716 21.28209686279297
-0.1236909031867981 0.005450353026390076 0.9923058152198792 41.909122467041016 0.08879749476909637 0.9960339665412903 0.005597778595983982 -0.8927797675132751 -0.9883397221565247 0.08880667388439178 -0.12368433177471161 21.124229431152344
-0.1286657303571701 0.007075473666191101 0.9916628003120422 43.25299835205078 0.08779870718717575 0.996129035949707 0.0042843203991651535 -0.887666642665863 -0.9877936840057373 0.08761796355247498 -0.12878890335559845 20.9626407623291
-0.13281908631324768 0.007992120459675789 0.9911081194877625 44.63184356689453 0.08870761096477509 0.9960502982139587 0.003855795366689563 -0.8842828273773193 -0.9871625900268555 0.0884309709072113 -0.13300344347953796 20.7822265625
-0.13652357459068298 0.007117771077901125 0.9906112551689148 46.03035354614258 0.08783315122127533 0.9961228370666504 0.004947569686919451 -0.8762916326522827 -0.9867353439331055 0.08768396079540253 -0.1366194486618042 20.612337112426758
-0.13904480636119843 0.0053323302417993546 0.9902717471122742 47.45746612548828 0.088719941675663 0.9960313439369202 0.007093891967087984 -0.8715181350708008 -0.9863038063049316 0.08884322643280029 -0.13896608352661133 20.408645629882812
-0.14086952805519104 0.004168529063463211 0.9900193214416504 48.90522766113281 0.08876095712184906 0.9960172176361084 0.008435986004769802 -0.8658232092857361 -0.9860411286354065 0.08906345069408417 -0.14067848026752472 20.184551239013672
-0.14364877343177795 0.004687399137765169 0.9896175861358643 50.341529846191406 0.09113215655088425 0.9958023428916931 0.008511670865118504 -0.8617932200431824 -0.985423743724823 0.09140867739915848 -0.14347298443317413 20.000354766845703
-0.14499200880527496 0.005156498868018389 0.9894194006919861 51.82958984375 0.09105692058801651 0.9958122372627258 0.008153891190886497 -0.8394786715507507 -0.9852339625358582 0.09127572178840637 -0.1448543220758438 19.761869430541992
-0.14457572996616364 0.006705110426992178 0.9894710183143616 53.29640579223633 0.09331337362527847 0.9956129789352417 0.006887670606374741 -0.828745424747467 -0.9850839972496033 0.09332667291164398 -0.14456714689731598 19.533275604248047
-0.14475512504577637 0.006547195836901665 0.9894458651542664 54.78069305419922 0.09278927743434906 0.9956612586975098 0.006986677646636963 -0.8256350755691528 -0.9851070642471313 0.09282133728265762 -0.14473463594913483 19.317350387573242
-0.14442868530750275 0.008405046537518501 0.989479660987854 56.297122955322266 0.09245515614748001 0.9957041144371033 0.005037229973822832 -0.8125538229942322 -0.9851863980293274 0.09221001714468002 -0.14458535611629486 19.103862762451172
-0.1432206779718399 0.008430540561676025 0.9896548390388489 57.833641052246094 0.0929751843214035 0.9956560134887695 0.004973502364009619 -0.8057172894477844 -0.985313892364502 0.09272567182779312 -0.14338238537311554 18.88301658630371
-0.1414554864168167 0.006726183462888002 0.9899217486381531 59.376949310302734 0.09214696288108826 0.9957248568534851 0.00640178332105279 -0.8118113875389099 -0.9856465458869934 0.092123843729496 -0.1414705514907837 18.658475875854492
-0.1395896077156067 0.00756558682769537 0.9901805520057678 60.957462310791016 0.09341003000736237 0.9956122636795044 0.005561289843171835 -0.8058552145957947 -0.9857937097549438 0.09326910227537155 -0.1396838277578354 18.425518035888672
-0.13948088884353638 0.008066557347774506 0.9901918768882751 62.58194351196289 0.09231661260128021 0.9957178235054016 0.004892375320196152 -0.7953483462333679 -0.9859121441841125 0.09209354221820831 -0.13962829113006592 18.223024368286133
-0.13901740312576294 0.009028616361320019 0.9902487993240356 64.19349670410156 0.09336473047733307 0.9956238269805908 0.0040295119397342205 -0.7883934378623962 -0.9858788847923279 0.09301448613405228 -0.13925199210643768 18.001821517944336
-0.13740022480487823 0.008830776438117027 0.9904763102531433 65.82801055908203 0.09287944436073303 0.9956693053245544 0.004007292445749044 -0.7839282751083374 -0.9861513376235962 0.0925455093383789 -0.13762539625167847 17.762792587280273
-0.13674551248550415 0.0070168995298445225 0.9905812740325928 67.46204376220703 0.09464126825332642 0.9954932928085327 0.006013129372149706 -0.7821987867355347 -0.9860748052597046 0.09457214176654816 -0.1367933601140976 17.53354263305664
-0.13566772639751434 0.005106325726956129 0.9907411932945251 69.11805725097656 0.09635909646749496 0.9953139424324036 0.008065096102654934 -0.7784192562103271 -0.9860574007034302 0.09656108915805817 -0.13552404940128326 17.303020477294922
-0.13518063724040985 0.005905467551201582 0.9908033609390259 70.8754653930664 0.09742572158575058 0.9952155947685242 0.007360550109297037 -0.7725192308425903 -0.986019492149353 0.0975247398018837 -0.13510918617248535 17.055557250976562
-0.13427190482616425 0.00787326879799366 0.9909132719039917 72.56026458740234 0.09945888817310333 0.9950260519981384 0.0055710491724312305 -0.7674534916877747 -0.9859406352043152 0.09930317103862762 -0.1343870908021927 16.825111389160156
-0.13402056694030762 0.007912819273769855 0.9909469485282898 74.27508544921875 0.09870303422212601 0.9951022863388062 0.005403084214776754 -0.7611533403396606 -0.9860507249832153 0.09853357076644897 -0.13414520025253296 16.59482192993164
-0.133472740650177 0.007970268838107586 0.9910204410552979 75.99095153808594 0.09943816065788269 0.9950291514396667 0.005390035919845104 -0.7571962475776672 -0.9860512614250183 0.09926468878984451 -0.1336018294095993 16.359468460083008
-0.13330093026161194 0.006683239247649908 0.9910532236099243 77.72830963134766 0.09906439483165741 0.9950589537620544 0.006614335812628269 -0.7558064460754395 -0.986112117767334 0.09905976057052612 -0.1333043873310089 16.12805938720703
-0.13307730853557587 0.007012305315583944 0.9910808801651001 79.45492553710938 0.10041642934083939 0.9949245452880859 0.006443903315812349 -0.7514806389808655 -0.9860054850578308 0.10037831962108612 -0.1331060230731964 15.901741981506348
-0.13301077485084534 0.006902057211846113 0.9910904765129089 81.22492218017578 0.10138987004756927 0.9948242902755737 0.006679115351289511 -0.7430119514465332 -0.985914945602417 0.10137493163347244 -0.13302215933799744 15.667841911315918
-0.13268554210662842 0.007855846546590328 0.991127073764801 82.97531127929688 0.10183501243591309 0.9947847127914429 0.0057481625117361546 -0.7386581301689148 -0.9859128594398499 0.10169411450624466 -0.13279354572296143 15.429425239562988
-0.13269343972206116 0.008838563226163387 0.9911177158355713 84.78102111816406 0.1016898900270462 0.9948049783706665 0.0047430661506950855 -0.7338597178459167 -0.9859267473220825 0.10141603648662567 -0.1329028606414795 15.168877601623535
-0.13375745713710785 0.009426014497876167 0.9909693002700806 86.57589721679688 0.10075858235359192 0.9949023127555847 0.004136602394282818 -0.7375828623771667 -0.9858786463737488 0.10040197521448135 -0.13402535021305084 14.931497573852539
-0.135426327586174 0.009962395764887333 0.9907373189926147 88.37627410888672 0.10005242377519608 0.9949753284454346 0.0036714000161737204 -0.7424753308296204 -0.9857227206230164 0.09962285310029984 -0.13574261963367462 14.705373764038086
-0.1365058571100235 0.008944055065512657 0.9905989170074463 90.19165802001953 0.09888921678066254 0.9950876235961914 0.0046424842439591885 -0.7468613982200623 -0.9856911897659302 0.09859326481819153 -0.13671976327896118 14.468179702758789
-0.13784736394882202 0.008679578080773354 0.9904154539108276 92.02056121826172 0.09885787963867188 0.9950888156890869 0.0050386409275233746 -0.7467367649078369 -0.985507607460022 0.09860493987798691 -0.13802841305732727 14.225759506225586
-0.1384122669696808 0.0078015984036028385 0.9903439283370972 93.87885284423828 0.09606964886188507 0.995358943939209 0.005585766863077879 -0.7420579791069031 -0.9857040643692017 0.09591513872146606 -0.13851942121982574 13.974306106567383
-0.14047829806804657 0.008424942381680012 0.9900478720664978 95.70734405517578 0.09555421024560928 0.995411217212677 0.005087642464786768 -0.7467978000640869 -0.985461950302124 0.09531795233488083 -0.14063873887062073 13.733153343200684
-0.1429399847984314 0.00961169321089983 0.9896846413612366 97.58673095703125 0.09508173167705536 0.995461106300354 0.004064846783876419 -0.7399111986160278 -0.9851535558700562 0.09468196332454681 -0.14320510625839233 13.4566068649292
-0.14696474373340607 0.010554779320955276 0.9890854358673096 99.46294403076172 0.09549691528081894 0.9954232573509216 0.0035671410150825977 -0.7353694438934326 -0.9845210313796997 0.09497885406017303 -0.14730007946491241 13.17899227142334
-0.1516130268573761 0.009621236473321915 0.9883931279182434 101.34587860107422 0.0935060977935791 0.995607852935791 0.004651759751141071 -0.7372074127197266 -0.9840071201324463 0.09312605112791061 -0.151846781373024 12.902914047241211
-0.15601108968257904 0.008850114420056343 0.9877156615257263 103.2383804321289 0.09220119565725327 0.9957243800163269 0.005641435272991657 -0.7409732937812805 -0.9834426641464233 0.09194868057966232 -0.15616004168987274 12.60772705078125
-0.16051717102527618 0.009535429999232292 0.9869869351387024 105.1427001953125 0.09086393564939499 0.9958499670028687 0.005156468600034714 -0.7462928891181946 -0.9828417301177979 0.09050922095775604 -0.1607174575328827 12.305627822875977
-0.16463276743888855 0.011569100432097912 0.9862870573997498 107.04827880859375 0.09143812954425812 0.9958043098449707 0.0035822726786136627 -0.7434521317481995 -0.9821075201034546 0.09077400714159012 -0.1649998426437378 11.980569839477539
-0.16940279304981232 0.013067305088043213 0.9854602217674255 108.9813461303711 0.09135329723358154 0.9958153367042542 0.0024992190301418304 -0.7592435479164124 -0.981303870677948 0.09044842422008514 -0.16988764703273773 11.65297794342041
-0.17382726073265076 0.013221841305494308 0.9846873879432678 110.93167877197266 0.09036228060722351 0.9959055781364441 0.0025792126543819904 -0.767022967338562 -0.9806215763092041 0.0894269198179245 -0.17431028187274933 11.308213233947754
-0.1783895492553711 0.012854657135903835 0.9838759899139404 112.87664031982422 0.08842647075653076 0.9960780739784241 0.0030187906231731176 -0.7755294442176819 -0.9799785614013672 0.0875391885638237 -0.17882661521434784 10.96098804473877
-0.18314698338508606 0.012476490810513496 0.9830063581466675 114.8461685180664 0.0868128314614296 0.9962183237075806 0.003530191956087947 -0.7786650061607361 -0.9792450070381165 0.08598410338163376 -0.18353751301765442 10.59436321258545
-0.18927933275699615 0.01195524726063013 0.9818505048751831 116.80654907226562 0.08557914942502975 0.9963217973709106 0.004366337787359953 -0.7770013213157654 -0.978186845779419 0.08485240489244461 -0.18960623443126678 10.244183540344238
-0.19426651298999786 0.01188694965094328 0.9808767437934875 118.78590393066406 0.08589602261781693 0.9962918758392334 0.0049382844008505344 -0.7786262631416321 -0.9771808385848999 0.08521275967359543 -0.19456715881824493 9.850994110107422
-0.2000299096107483 0.013129967264831066 0.979701817035675 120.74838256835938 0.08692315965890884 0.9962053298950195 0.004396324045956135 -0.7921279668807983 -0.975926399230957 0.08603815734386444 -0.20041213929653168 9.46745777130127
-0.20533454418182373 0.014093142002820969 0.9785903692245483 122.70724487304688 0.08655154705047607 0.9962401390075684 0.003813517279922962 -0.7991496324539185 -0.9748572111129761 0.08548155426979065 -0.20578226447105408 9.063328742980957
-0.21188722550868988 0.01431557722389698 0.9771892428398132 124.71900939941406 0.08660958707332611 0.9962335228919983 0.004185277037322521 -0.7949321269989014 -0.9734488129615784 0.08552076667547226 -0.21232901513576508 8.660280227661133
-0.21767160296440125 0.014225928112864494 0.9759184122085571 126.70672607421875 0.08548256009817123 0.9963293075561523 0.004542816895991564 -0.7979364395141602 -0.9722713828086853 0.08441285789012909 -0.21808865666389465 8.22951602935791
-0.22290891408920288 0.015085513703525066 0.9747225046157837 128.69564819335938 0.08481668680906296 0.9963886141777039 0.00397585891187191 -0.7979992032051086 -0.9711424112319946 0.08355899900197983 -0.22338341176509857 7.782952785491943
-0.22843332588672638 0.015747491270303726 0.973432183265686 130.70132446289062 0.08402205258607864 0.9964575171470642 0.003597306553274393 -0.8026138544082642 -0.9699270725250244 0.08261150121688843 -0.2289472222328186 7.333047389984131
-0.23282094299793243 0.014983875676989555 0.9724041223526001 132.6873321533203 0.08531492203474045 0.9963411092758179 0.005074074026197195 -0.8089271783828735 -0.9687702059745789 0.08414193242788315 -0.23324744403362274 6.859630584716797
-0.2361806482076645 0.015184025280177593 0.971590518951416 134.69447326660156 0.08782251179218292 0.9961193799972534 0.005781114101409912 -0.8036588430404663 -0.9677323698997498 0.08669289201498032 -0.23659761250019073 6.360233783721924
-0.23994597792625427 0.015985049307346344 0.9706546068191528 136.7115020751953 0.08903241157531738 0.9960128664970398 0.005606163293123245 -0.8055355548858643 -0.9666949510574341 0.08776487410068512 -0.24041248857975006 5.864118576049805
-0.24309059977531433 0.016783637925982475 0.9698583483695984 138.7103729248047 0.08969895541667938 0.9959551095962524 0.005247385241091251 -0.8091405630111694 -0.9658473134040833 0.08827085793018341 -0.24361282587051392 5.363463401794434
-0.2467086762189865 0.016692915931344032 0.9689459204673767 140.74505615234375 0.08877497166395187 0.9960368871688843 0.005443850997835398 -0.8128497004508972 -0.9650149345397949 0.08736120164394379 -0.24721282720565796 4.856777667999268
-0.25037282705307007 0.017345773056149483 0.9679940342903137 142.75657653808594 0.08790464699268341 0.9961168169975281 0.004886929877102375 -0.8214765191078186 -0.9641504287719727 0.08631474524736404 -0.25092536211013794 4.328667163848877
-0.2551861107349396 0.01815265417098999 0.9667215347290039 144.7871856689453 0.08702213317155838 0.9961972236633301 0.004265160299837589 -0.8278952240943909 -0.9629678726196289 0.08521459251642227 -0.255795419216156 3.8053879737854004
-0.25926923751831055 0.01716926135122776 0.9656524658203125 146.81434631347656 0.08536452054977417 0.9963361024856567 0.005204810295253992 -0.8370855450630188 -0.9620251655578613 0.08378192037343979 -0.2597849667072296 3.2694764137268066
-0.26358163356781006 0.01773887127637863 0.9644739627838135 148.84130859375 0.08571279048919678 0.996306836605072 0.005100148264318705 -0.8389593362808228 -0.9608215689659119 0.08401207625865936 -0.2641286253929138 2.717651844024658
-0.2687479853630066 0.017861802130937576 0.9630448818206787 150.8983612060547 0.0850161761045456 0.9963659048080444 0.0052448720671236515 -0.8493756055831909 -0.9594511985778809 0.08328395336866379 -0.26928985118865967 2.1601333618164062
-0.2735934853553772 0.018174294382333755 0.9616736769676208 152.94937133789062 0.08451265841722488 0.9964087605476379 0.005212884396314621 -0.8497097492218018 -0.9581253528594971 0.08269982784986496 -0.2741469740867615 1.5920674800872803
-0.27823302149772644 0.017506621778011322 0.9603539705276489 154.99391174316406 0.084546759724617 0.9963994026184082 0.006331109907478094 -0.8627646565437317 -0.9567853808403015 0.08295632898807526 -0.2787112891674042 1.0125117301940918
-0.2827856242656708 0.017658991739153862 0.9590205550193787 157.0497283935547 0.08509364724159241 0.996350109577179 0.006745137739926577 -0.8622549772262573 -0.9554010629653931 0.08351398259401321 -0.2832562029361725 0.4231085181236267
-0.2870604395866394 0.018301628530025482 0.9577376246452332 159.12399291992188 0.0858531966805458 0.9962854385375977 0.006694326177239418 -0.8672001957893372 -0.9540573954582214 0.08414650708436966 -0.28756535053253174 -0.18677161633968353
-0.29062673449516296 0.019861608743667603 0.9566303491592407 161.18875122070312 0.08659352362155914 0.9962278604507446 0.005623606499284506 -0.8651604652404785 -0.9529101252555847 0.08447238057851791 -0.2912503182888031 -0.8085911273956299
-0.29440903663635254 0.021101389080286026 0.9554464817047119 163.25440979003906 0.08615566790103912 0.9962712526321411 0.0045447866432368755 -0.8739731311798096 -0.951788067817688 0.08365517109632492 -0.29512935876846313 -1.4336974620819092
-0.29832059144973755 0.022635873407125473 0.9541972875595093 165.34625244140625 0.08714210242033005 0.9961893558502197 0.0036121143493801355 -0.8778340220451355 -0.9504793882369995 0.08422832936048508 -0.2991563379764557 -2.0712199211120605
-0.30187028646469116 0.023098034784197807 0.9530691504478455 167.42967224121094 0.08638909459114075 0.9962562918663025 0.00321775465272367 -0.8872507214546204 -0.9494267106056213 0.08330612629652023 -0.3027356266975403 -2.7219913005828857
-0.30544018745422363 0.023247219622135162 0.9519274234771729 169.51744079589844 0.08700443804264069 0.9962014555931091 0.003588232211768627 -0.8972931504249573 -0.948228120803833 0.08391790091991425 -0.30630257725715637 -3.3850107192993164
-0.309745192527771 0.023711252957582474 0.9505239129066467 171.61334228515625 0.08691389113664627 0.9962099194526672 0.0034715402871370316 -0.900614321231842 -0.946838915348053 0.08368903398513794 -0.31063202023506165 -4.051522731781006
-0.3139244019985199 0.02466399036347866 0.9491275548934937 173.72662353515625 0.08887965232133865 0.996036171913147 0.0035140339750796556 -0.9072839021682739 -0.9452787041664124 0.08546125143766403 -0.31487226486206055 -4.74286413192749
-0.31681784987449646 0.024884231388568878 0.9481598138809204 175.82179260253906 0.09088266640901566 0.9958525896072388 0.004231593571603298 -0.9158447980880737 -0.9441221356391907 0.08751194179058075 -0.317765474319458 -5.448205471038818
-0.31933748722076416 0.02484249509871006 0.9473153948783875 177.88328552246094 0.0921272560954094 0.9957349896430969 0.0049435910768806934 -0.9215527772903442 -0.9431522488594055 0.08885221928358078 -0.32026419043540955 -6.141722202301025
-0.32197105884552 0.024370908737182617 0.9464357495307922 179.96319580078125 0.09167641401290894 0.9957733750343323 0.005546348635107279 -0.9225838780403137 -0.9423003196716309 0.08855161815881729 -0.32284456491470337 -6.849791049957275
-0.3251674175262451 0.024832049384713173 0.9453303813934326 182.08358764648438 0.09076065570116043 0.9958598017692566 0.005059781018644571 -0.9288206696510315 -0.9412908554077148 0.08744408190250397 -0.3260749876499176 -7.569680213928223
-0.32792744040489197 0.027053020894527435 0.944315493106842 184.1848602294922 0.09034007042646408 0.9959070682525635 0.0028408996295183897 -0.9338876008987427 -0.9403734803199768 0.08624114096164703 -0.3290291726589203 -8.294034957885742
-0.33114343881607056 0.029267486184835434 0.9431264400482178 186.31036376953125 0.09016267210245132 0.9959267973899841 0.0007512284792028368 -0.9403865337371826 -0.939262866973877 0.085283562541008 -0.33243343234062195 -9.032923698425293
-0.3345155119895935 0.03008657693862915 0.9419097900390625 188.44894409179688 0.0893946960568428 0.9959962964057922 -6.604458030778915e-05 -0.9598356485366821 -0.9381406903266907 0.08417965471744537 -0.33586567640304565 -9.786249160766602
-0.3382396399974823 0.03107212670147419 0.9405469298362732 190.60775756835938 0.08748697489500046 0.9961646199226379 -0.0014474462950602174 -0.9692249894142151 -0.9369845390319824 0.08179602026939392 -0.33966076374053955 -10.543741226196289
-0.34130266308784485 0.03143118694424629 0.9394277930259705 192.73695373535156 0.0884021520614624 0.9960841536521912 -0.0012094734702259302 -0.9882383346557617 -0.9357871413230896 0.08263464272022247 -0.3427446782588959 -11.327616691589355
-0.34544894099235535 0.030450770631432533 0.9379433393478394 194.90994262695312 0.0877794697880745 0.9961399435997009 -1.0562323950580321e-05 -1.0035432577133179 -0.9343230724334717 0.08232851326465607 -0.3467884659767151 -12.108865737915039
-0.3484480381011963 0.029919400811195374 0.936850368976593 197.05844116210938 0.08805665373802185 0.99611496925354 0.0009393327054567635 -1.021100401878357 -0.9331827163696289 0.08282323181629181 -0.3497289717197418 -12.914844512939453
-0.35235166549682617 0.03005082532763481 0.9353850483894348 199.2170867919922 0.08813757449388504 0.9961075782775879 0.0011990462662652135 -1.0312262773513794 -0.9317081570625305 0.08286507427692413 -0.35362884402275085 -13.721631050109863
-0.3556385040283203 0.03034108690917492 0.9341309666633606 201.36883544921875 0.08747386187314987 0.9961663484573364 0.0009466547635383904 -1.0461325645446777 -0.9305211305618286 0.08204870671033859 -0.35692915320396423 -14.535284996032715
-0.35960274934768677 0.030734382569789886 0.9325991868972778 203.54180908203125 0.08646846562623978 0.9962543845176697 0.0005093584186397493 -1.0675110816955566 -0.9290904402732849 0.08082358539104462 -0.36091339588165283 -15.359809875488281
-0.3631681203842163 0.03139284625649452 0.931194543838501 205.72291564941406 0.0862068384885788 0.9962772727012634 3.393625229364261e-05 -1.0836384296417236 -0.9277268648147583 0.08028768002986908 -0.36452236771583557 -16.19335174560547
-0.36599403619766235 0.03183131664991379 0.9300726652145386 207.84588623046875 0.08750505745410919 0.9961640238761902 0.00034095480805262923 -1.1116758584976196 -0.9264940619468689 0.08151084929704666 -0.3673754930496216 -17.028072357177734
-0.36847832798957825 0.03172111511230469 0.9290949702262878 209.98573303222656 0.08854666352272034 0.9960713982582092 0.0011097162496298552 -1.1321542263031006 -0.925409734249115 0.08267716318368912 -0.36983951926231384 -17.876108169555664
-0.3707484006881714 0.03141380846500397 0.9282019138336182 212.15603637695312 0.09027886390686035 0.9959137439727783 0.0023543336428701878 -1.1496728658676147 -0.9243350028991699 0.08466988056898117 -0.372069388628006 -18.752342224121094
-0.37333324551582336 0.032407019287347794 0.9271311163902283 214.33763122558594 0.09168984740972519 0.9957853555679321 0.002114524831995368 -1.1644649505615234 -0.9231550693511963 0.08579792827367783 -0.374731183052063 -19.631519317626953
-0.37620383501052856 0.03347689285874367 0.925931990146637 216.533203125 0.0917595699429512 0.9957802891731262 0.0012794326758012176 -1.1805994510650635 -0.9219820499420166 0.08544443547725677 -0.37768813967704773 -20.516775131225586
-0.37868428230285645 0.03362615406513214 0.9249147772789001 218.70993041992188 0.09134451299905777 0.995818555355072 0.0011949080508202314 -1.200019359588623 -0.9210072755813599 0.08493837714195251 -0.380172461271286 -21.40572166442871
-0.38176998496055603 0.03500878065824509 0.9235941171646118 220.88421630859375 0.09127140790224075 0.9958260655403137 -1.9462155250948854e-05 -1.224034070968628 -0.9197397828102112 0.08429032564163208 -0.3833717107772827 -22.29591178894043
-0.38443616032600403 0.03614235669374466 0.9224438071250916 223.05795288085938 0.09130586683750153 0.9958224296569824 -0.000964921317063272 -1.2461566925048828 -0.9186251163482666 0.083853580057621 -0.386130154132843 -23.20209312438965
-0.3867493271827698 0.03628772124648094 0.9214706420898438 225.2295379638672 0.08925018459558487 0.9960076212882996 -0.0017639228608459234 -1.2690597772598267 -0.9178558588027954 0.08155921846628189 -0.3884439766407013 -24.10616111755371
-0.3897911310195923 0.03700875863432884 0.9201592803001404 227.4038848876953 0.09014783054590225 0.995926558971405 -0.001868358813226223 -1.297865867614746 -0.9164803624153137 0.0822220891714096 -0.391539603471756 -25.021345138549805
-0.39225196838378906 0.03674420714378357 0.919123649597168 229.55580139160156 0.091668501496315 0.9957893490791321 -0.0006879917928017676 -1.3254343271255493 -0.9152787923812866 0.08398482203483582 -0.3939686119556427 -25.941701889038086
-0.3946589529514313 0.035603176802396774 0.9181375503540039 231.71836853027344 0.09193195402622223 0.9957650303840637 0.0009033221867866814 -1.3515636920928955 -0.9142170548439026 0.08476268500089645 -0.3962605595588684 -26.869970321655273
-0.3978549838066101 0.03526153787970543 0.9167704582214355 233.84642028808594 0.09097715467214584 0.9958522915840149 0.0011785287642851472 -1.368687391281128 -0.9129263758659363 0.08387406915426254 -0.39941272139549255 -27.78802490234375
-0.4006057381629944 0.035731252282857895 0.9155535697937012 235.97332763671875 0.09003356099128723 0.9959385991096497 0.0005262619815766811 -1.3927767276763916 -0.9118162393569946 0.0826413631439209 -0.40219569206237793 -28.718782424926758
-0.4040554165840149 0.03518374264240265 0.9140576124191284 238.15818786621094 0.08849871903657913 0.9960759282112122 0.0007797079160809517 -1.412756323814392 -0.9104434251785278 0.08120797574520111 -0.40558362007141113 -29.67298126220703
-0.4071921706199646 0.03490448743104935 0.9126752614974976 240.30821228027344 0.08807401359081268 0.9961132407188416 0.0011989171616733074 -1.4342201948165894 -0.9090861082077026 0.08087117224931717 -0.4086835980415344 -30.625545501708984
-0.41037777066230774 0.03493433818221092 0.9112462401390076 242.4443817138672 0.0877189189195633 0.9961444139480591 0.0013149501755833626 -1.4623914957046509 -0.9076868891716003 0.08047313988208771 -0.411859929561615 -31.58785629272461
-0.41389182209968567 0.03521469980478287 0.9096447229385376 244.59017944335938 0.08788157254457474 0.9961299300193787 0.0014236830174922943 -1.4825037717819214 -0.9060741662979126 0.08053025603294373 -0.4153847396373749 -32.55863952636719
-0.4176579713821411 0.03462766483426094 0.9079442620277405 246.7523651123047 0.08635719120502472 0.9962626695632935 0.0017286366783082485 -1.5009697675704956 -0.9044911861419678 0.07912948727607727 -0.41908735036849976 -33.534847259521484
-0.42125052213668823 0.034643903374671936 0.9062824249267578 248.86825561523438 0.08575651794672012 0.996314525604248 0.0017751218983903527 -1.519934892654419 -0.902880847454071 0.07846739143133163 -0.4226689636707306 -34.509796142578125
-0.42484310269355774 0.03569313511252403 0.9045630097389221 251.02476501464844 0.08644765615463257 0.9962555766105652 0.00129034579731524 -1.5424245595932007 -0.901129961013794 0.07874555140733719 -0.4263378083705902 -35.50437545776367
-0.4280451536178589 0.03548799455165863 0.9030603170394897 253.1156768798828 0.08629780262708664 0.9962678551673889 0.0017538246465846896 -1.5790611505508423 -0.8996276259422302 0.07868282496929169 -0.4295102059841156 -36.48503875732422
-0.43120133876800537 0.035637225955724716 0.9015516638755798 255.2605743408203 0.08646775037050247 0.996252715587616 0.001975850434973836 -1.597283959388733 -0.898102879524231 0.07880713045597076 -0.43266695737838745 -37.5043830871582
-0.43501392006874084 0.03614751994609833 0.8996978402137756 257.385009765625 0.08555690944194794 0.9963325262069702 0.0013376756105571985 -1.61687433719635 -0.8963497877120972 0.0775572806596756 -0.4365111291408539 -38.51498794555664
-0.43829795718193054 0.03644273802638054 0.898090660572052 259.5101623535156 0.08595927059650421 0.9962974190711975 0.0015231836587190628 -1.638727068901062 -0.8947099447250366 0.0778668001294136 -0.4398077428340912 -39.55714416503906
-0.4416320323944092 0.037257641553878784 0.8964223265647888 261.6429138183594 0.08660917729139328 0.996241569519043 0.00126255105715245 -1.6454994678497314 -0.8930061459541321 0.0781959816813469 -0.44319912791252136 -40.60297393798828
-0.4450796842575073 0.03861379250884056 0.8946582078933716 263.7659912109375 0.08814248442649841 0.9961075186729431 0.0008572391816414893 -1.6623765230178833 -0.8911424279212952 0.07923891395330429 -0.4467507600784302 -41.64942169189453
-0.44807565212249756 0.041417304426431656 0.8930356502532959 265.8915710449219 0.09117330610752106 0.9958349466323853 -0.00043924490455538034 -1.6765497922897339 -0.8893343806266785 0.08122420310974121 -0.4499855041503906 -42.72127914428711
-0.4510331153869629 0.04176589474081993 0.8915295600891113 268.0316162109375 0.0924605205655098 0.9957163333892822 0.00012985969078727067 -1.7032078504562378 -0.8877049088478088 0.08248984068632126 -0.45296284556388855 -43.803199768066406
-0.4537927210330963 0.043873198330402374 0.8900265693664551 270.1634521484375 0.09446243941783905 0.995527982711792 -0.000910785049200058 -1.718584656715393 -0.8860863447189331 0.083660788834095 -0.4559077322483063 -44.89665985107422
