1.0 0.0 0.0 0.0 0.0 1.0 0.0 0.0 0.0 0.0 1.0 0.0
0.9999986886978149 0.0007534404285252094 0.001448142807930708 -0.006140456069260836 -0.0007468303665518761 0.9999893307685852 -0.004559666849672794 -0.002514634747058153 -0.0014515627408400178 0.0045585790649056435 0.9999885559082031 0.9640297889709473
0.9999966621398926 -0.001451800693757832 0.0021424575243145227 -0.0026152189821004868 0.0014632312813773751 0.9999846816062927 -0.00534338504076004 -0.000954032875597477 -0.002134667243808508 0.005346502177417278 0.9999834299087524 1.9185153245925903
0.9999933242797852 -0.0025468349922448397 0.002597047481685877 -0.008933240547776222 0.0025501204654574394 0.9999959468841553 -0.0012626138050109148 -0.004192867316305637 -0.002593821845948696 0.0012692285235971212 0.999995768070221 2.8519365787506104
0.9999851584434509 -0.005106348544359207 0.0019134944304823875 -0.005988126154989004 0.005096946377307177 0.9999750256538391 0.0048859938979148865 -0.007531058043241501 -0.0019383963663130999 -0.004876167979091406 0.9999862313270569 3.8007798194885254
0.9999620318412781 -0.008696259930729866 0.0004190488252788782 -0.0030314556788653135 0.008694077841937542 0.9999499917030334 0.004951618146151304 -0.00434662401676178 -0.00046208850108087063 -0.0049477871507406235 0.9999877214431763 4.738586902618408
0.9999364018440247 -0.011274546384811401 -0.00020754740398842841 -0.006180415395647287 0.011274953372776508 0.9999343156814575 0.0020734292920678854 -0.0024939794093370438 0.0001841567864175886 -0.0020756374578922987 0.9999978542327881 5.666024208068848
0.9999274015426636 -0.011980975046753883 -0.0012454052921384573 -0.008996107615530491 0.011978976428508759 0.9999269843101501 -0.0016013921704143286 0.004139279946684837 0.0012645006645470858 0.0015863573644310236 0.9999979138374329 6.593680381774902
0.999932050704956 -0.011547062546014786 -0.0016038530739024282 -0.017378026619553566 0.011544032022356987 0.9999315738677979 -0.0018860400887206197 -0.0019574323669075966 0.001625521807000041 0.0018673972226679325 0.9999969601631165 7.516811370849609
0.9999319911003113 -0.01135916355997324 -0.0026420592330396175 -0.02747243642807007 0.011359252966940403 0.999935507774353 1.9116559997200966e-05 -0.0021426340099424124 0.002641671570017934 -4.912703298032284e-05 0.999996542930603 8.42793083190918
0.9999340772628784 -0.011079523712396622 -0.003011629916727543 -0.03844408690929413 0.011087315157055855 0.9999352097511292 0.0025828457437455654 0.004721920937299728 0.0029828182887285948 -0.0026160667184740305 0.9999920725822449 9.369256973266602
0.99992835521698 -0.01131875067949295 -0.003882329910993576 -0.047140274196863174 0.011335499584674835 0.9999264478683472 0.004319560714066029 0.005109008401632309 0.003833151888102293 -0.0043632593005895615 0.9999831914901733 10.291539192199707
0.999911904335022 -0.012458601966500282 -0.00457853963598609 -0.0507158525288105 0.012482223100960255 0.9999086856842041 0.005166989751160145 0.005063522607088089 0.004513747524470091 -0.005223684944212437 0.9999760985374451 11.205458641052246
0.9999027252197266 -0.012809277512133121 -0.005517922807484865 -0.058160677552223206 0.012839598581194878 0.9999024868011475 0.005495033226907253 0.004863716661930084 0.0054469965398311615 -0.005565347615629435 0.9999696016311646 12.12086009979248
0.9998962879180908 -0.01299230195581913 -0.006210485007613897 -0.06341216713190079 0.013015748001635075 0.9999082684516907 0.003750184550881386 0.013199381530284882 0.006161191500723362 -0.0038306305650621653 0.9999736547470093 13.014744758605957
0.999885082244873 -0.013393397442996502 -0.007091854698956013 -0.08481210470199585 0.013405213132500648 0.9999088048934937 0.0016210235189646482 0.0197432991117239 0.0070694973692297935 -0.0017159052658826113 0.999973475933075 13.924471855163574
0.999849259853363 -0.01479525025933981 -0.0090796472504735 -0.08493860065937042 0.014796649105846882 0.9998905062675476 8.681463077664375e-05 0.026009462773799896 0.00907736923545599 -0.0002211504615843296 0.9999588131904602 14.827589988708496
0.9998329281806946 -0.014734923839569092 -0.010816013440489769 -0.09877964854240417 0.014732329174876213 0.9998914003372192 -0.0003195936733391136 0.021170329302549362 0.01081954687833786 0.00016019509348552674 0.9999414682388306 15.732420921325684
0.999841570854187 -0.013319115154445171 -0.011804752983152866 -0.12613508105278015 0.013306456618010998 0.999910831451416 -0.0011502117849886417 0.021590426564216614 0.011819020844995975 0.000992950052022934 0.999929666519165 16.6318359375
0.9998395442962646 -0.011551182717084885 -0.013685980811715126 -0.14037007093429565 0.011535814963281155 0.9999327063560486 -0.0012013521045446396 0.021195044741034508 0.013698939234018326 0.00104328035376966 0.9999055862426758 17.528715133666992
0.9998081922531128 -0.01254813838750124 -0.015043465420603752 -0.15998521447181702 0.012548619881272316 0.9999213218688965 -6.253345054574311e-05 0.016446031630039215 0.015043068677186966 -0.00012625324598047882 0.9998868107795715 18.42597007751465
0.9997926354408264 -0.011857406236231327 -0.016551943495869637 -0.17554734647274017 0.011881045065820217 0.9999284744262695 0.0013304159510880709 0.01650363765656948 0.01653498411178589 -0.0015267947455868125 0.9998620748519897 19.306856155395508
0.9997654557228088 -0.011549418792128563 -0.018321530893445015 -0.19222392141819 0.011582753621041775 0.9999313950538635 0.0017143056029453874 0.020698226988315582 0.01830047182738781 -0.0019261172274127603 0.9998306632041931 20.191112518310547
0.9997212290763855 -0.012869267724454403 -0.019795510917901993 -0.21369318664073944 0.01290921401232481 0.9999149441719055 0.0018914869287982583 0.018903367221355438 0.01976948231458664 -0.0021465038880705833 0.9998022317886353 21.06818962097168
0.9996852874755859 -0.012589652091264725 -0.02169615402817726 -0.23633694648742676 0.012610054574906826 0.9999201893806458 0.0008037827792577446 0.024303387850522995 0.021684303879737854 -0.0010771193774417043 0.9997643232345581 21.94426918029785
0.9996762275695801 -0.012356415390968323 -0.02224358730018139 -0.25853365659713745 0.01239227969199419 0.9999220967292786 0.0014752186834812164 0.01992761716246605 0.02222362719476223 -0.0017503894632682204 0.9997515082359314 22.800121307373047
0.9996529221534729 -0.012212966568768024 -0.023346861824393272 -0.28121694922447205 0.01229341421276331 0.9999189376831055 0.0033053061924874783 0.024434052407741547 0.02330460399389267 -0.0035911710001528263 0.9997220039367676 23.65701675415039
0.9996178150177002 -0.013334259390830994 -0.02421760745346546 -0.30112266540527344 0.013488401658833027 0.9998897314071655 0.006212771404534578 0.026192843914031982 0.024132095277309418 -0.006537053734064102 0.9996873736381531 24.501811981201172
0.9996094107627869 -0.012852499261498451 -0.024820098653435707 -0.32679617404937744 0.013048806227743626 0.9998847246170044 0.007763414643704891 0.02701951563358307 0.024717461317777634 -0.0080842524766922 0.9996617436408997 25.342369079589844
0.9996041059494019 -0.012299155816435814 -0.025302983820438385 -0.3561107814311981 0.012467342428863049 0.9999011754989624 0.006499949377030134 0.03204791247844696 0.025220543146133423 -0.006812837906181812 0.9996586441993713 26.172277450561523
0.9996041059494019 -0.01035027951002121 -0.026162248104810715 -0.3833138346672058 0.01046086847782135 0.9999369382858276 0.004093733616173267 0.0326833575963974 0.02611822821199894 -0.004365791566669941 0.9996493458747864 26.987045288085938
0.9995823502540588 -0.010446745902299881 -0.02694348245859146 -0.40805214643478394 0.010514874942600727 0.999941885471344 0.0023880566004663706 0.03345831483602524 0.02691696770489216 -0.0026703665498644114 0.9996340870857239 27.782333374023438
0.999563992023468 -0.009627386927604675 -0.027911042794585228 -0.4354827105998993 0.00968447607010603 0.9999513030052185 0.0019109051208943129 0.037190236151218414 0.027891285717487335 -0.0021803760901093483 0.9996086359024048 28.57663345336914
0.9995400309562683 -0.009189398027956486 -0.028900444507598877 -0.4667516350746155 0.009233160875737667 0.9999564290046692 0.0013811786193400621 0.03780706226825714 0.028886495158076286 -0.0016473856521770358 0.9995813369750977 29.361867904663086
0.9994609951972961 -0.009751479141414165 -0.03134753555059433 -0.48713478446006775 0.009780289605259895 0.9999518990516663 0.0007658657850697637 0.032597970217466354 0.03133856877684593 -0.001072040991857648 0.999508261680603 30.156126022338867
0.999395489692688 -0.010121512226760387 -0.033259667456150055 -0.516810417175293 0.01015483494848013 0.9999481439590454 0.0008331514545716345 0.031778398901224136 0.03324951231479645 -0.0011703942436724901 0.999446451663971 30.92119598388672
0.9993506669998169 -0.009481377899646759 -0.03476264327764511 -0.5542252659797668 0.00954039953649044 0.9999533295631409 0.0015323422849178314 0.03932538256049156 0.034746501594781876 -0.0018629967235028744 0.999394416809082 31.68558692932129
0.999250054359436 -0.010018312372267246 -0.03740276023745537 -0.5731514096260071 0.010174483060836792 0.9999402761459351 0.00398736447095871 0.038363970816135406 0.03736058995127678 -0.004364927299320698 0.9992923140525818 32.44126892089844
0.9991856813430786 -0.00889253057539463 -0.03935423120856285 -0.6077062487602234 0.009110510349273682 0.9999441504478455 0.005363008007407188 0.041865378618240356 0.03930434212088585 -0.005717177875339985 0.9992108941078186 33.1781120300293
0.9991333484649658 -0.007616593036800623 -0.040920790284872055 -0.6488819718360901 0.007851540111005306 0.99995356798172 0.0055838413536548615 0.04235902428627014 0.0408763587474823 -0.005900293122977018 0.9991466999053955 33.90229034423828
0.9990708827972412 -0.005028477404266596 -0.042801033705472946 -0.6900854706764221 0.005249147303402424 0.999973475933075 0.005044874735176563 0.039962202310562134 0.04277452826499939 -0.005264856852591038 0.9990708827972412 34.628746032714844
0.9989854097366333 -0.003485947148874402 -0.04489866644144058 -0.7210601568222046 0.003677580738440156 0.9999844431877136 0.004186250269412994 0.04673348367214203 0.044883377850055695 -0.004347121808677912 0.9989827871322632 35.33974075317383
0.9989107251167297 -0.0029032134916633368 -0.04657182842493057 -0.7551438212394714 0.003149425843730569 0.9999815225601196 0.005214198026806116 0.05241839587688446 0.046555835753679276 -0.00535519327968359 0.9989013075828552 36.041709899902344
0.9988810420036316 -0.00163467472884804 -0.04726553335785866 -0.7977027893066406 0.001975772902369499 0.9999722838401794 0.0071708145551383495 0.05257599055767059 0.047252509742975235 -0.007256176322698593 0.9988565444946289 36.73336410522461
0.99886554479599 0.0010332773672416806 -0.047607555985450745 -0.8339489698410034 -0.0006650859140790999 0.9999697208404541 0.0077490778639912605 0.055468007922172546 0.04761412739753723 -0.007708623073995113 0.998836100101471 37.40928268432617
0.9989222884178162 0.0043845949694514275 -0.046208396553993225 -0.8745552897453308 -0.004131444729864597 0.9999759793281555 0.005572523921728134 0.05786724388599396 0.046231720596551895 -0.005375611130148172 0.9989163279533386 38.083587646484375
0.9989884495735168 0.00582962017506361 -0.04458620399236679 -0.9069857001304626 -0.005711725447326899 0.9999799728393555 0.0027711361180990934 0.054165735840797424 0.044601451605558395 -0.0025136691983789206 0.9990018010139465 38.73417663574219
0.9990640878677368 0.006141076795756817 -0.04281461611390114 -0.9321925044059753 -0.0061203110963106155 0.9999811053276062 0.0006160866469144821 0.0629783421754837 0.042817581444978714 -0.0003534716088324785 0.9990828633308411 39.382225036621094
0.9992057085037231 0.007173218298703432 -0.03919753432273865 -0.9699540138244629 -0.007115235552191734 0.9999733567237854 0.0016185437561944127 0.06389880925416946 0.03920810669660568 -0.001338358735665679 0.9992300868034363 40.01621627807617
0.9992688298225403 0.011955454014241695 -0.03631507232785225 -0.9959143400192261 -0.011798937804996967 0.9999200701713562 0.004521219991147518 0.06328068673610687 0.03636621683835983 -0.00408943509683013 0.9993302226066589 40.65709686279297
0.9993295073509216 0.016383904963731766 -0.03274237737059593 -1.0170509815216064 -0.016143135726451874 0.9998407959938049 0.007604418788105249 0.06823892891407013 0.032861754298210144 -0.007070755586028099 0.9994348883628845 41.288108825683594
0.9993684887886047 0.021140148863196373 -0.02855774573981762 -1.0395724773406982 -0.02090274542570114 0.9997446537017822 0.008586117066442966 0.07175177335739136 0.02873196080327034 -0.007983759976923466 0.9995552897453308 41.894344329833984
0.9994199275970459 0.024997003376483917 -0.023129351437091827 -1.0610394477844238 -0.024799786508083344 0.9996539354324341 0.008774599060416222 0.07937094569206238 0.023340685293078423 -0.008195905946195126 0.9996939301490784 42.478397369384766
0.9994363784790039 0.02899773232638836 -0.016908718273043633 -1.0864460468292236 -0.028819866478443146 0.9995276927947998 0.010669585317373276 0.08703926205635071 0.01721012592315674 -0.010176264680922031 0.9998000860214233 43.049964904785156
0.9993757009506226 0.03364827111363411 -0.010766868479549885 -1.0886945724487305 -0.03351815789937973 0.9993654489517212 0.01204567588865757 0.08251789212226868 0.011165352538228035 -0.011677268892526627 0.9998694658279419 43.60277557373047
0.9993100762367249 0.03694237768650055 -0.00382046727463603 -1.0932080745697021 -0.036895688623189926 0.9992513060569763 0.011642249301075935 0.0872054398059845 0.004247699398547411 -0.011493259109556675 0.999924898147583 44.13518524169922
0.9991769194602966 0.040406063199043274 0.003575867973268032 -1.0962657928466797 -0.040445875376462936 0.9991111159324646 0.011867575347423553 0.08673304319381714 -0.0030931690707802773 -0.012002436444163322 0.9999231696128845 44.64435577392578
0.9989624619483948 0.04426685348153114 0.010702512226998806 -1.0901529788970947 -0.04438494145870209 0.9989532828330994 0.011060322634875774 0.0948784351348877 -0.010201706551015377 -0.011523876339197159 0.9998815655708313 45.14278030395508
0.9986504316329956 0.04848112910985947 0.018625270575284958 -1.0909430980682373 -0.04864094778895378 0.9987823963165283 0.008225752040743828 0.09893032908439636 -0.018203798681497574 -0.00912060122936964 0.9997926354408264 45.609371185302734
0.9983541965484619 0.050764765590429306 0.026678510010242462 -1.082247257232666 -0.05093121528625488 0.9986864924430847 0.005596869625151157 0.09399329125881195 -0.026359345763921738 -0.006946428678929806 0.9996284246444702 46.06212615966797
0.9980893135070801 0.0511690117418766 0.034634437412023544 -1.0670347213745117 -0.051381874829530716 0.9986651539802551 0.005283521022647619 0.09741955995559692 -0.03431785851716995 -0.007053007371723652 0.9993861317634583 46.491458892822266
0.997824490070343 0.05037378892302513 0.042529232800006866 -1.042292833328247 -0.05070015415549278 0.998691976070404 0.006629799492657185 0.098936527967453 -0.04213963449001312 -0.008771615102887154 0.9990732669830322 46.88813781738281
0.997355043888092 0.05235467478632927 0.05041736364364624 -1.0205574035644531 -0.052793994545936584 0.9985778331756592 0.007420730777084827 0.10068497061729431 -0.04995714873075485 -0.010062836110591888 0.998700737953186 47.276756286621094
0.9967039823532104 0.05531325191259384 0.05934147909283638 -1.0083072185516357 -0.055859386920928955 0.9984098672866821 0.007582956925034523 0.09986519813537598 -0.05882767215371132 -0.010872743092477322 0.9982089400291443 47.636497497558594
0.9958846569061279 0.06029042229056358 0.06766731292009354 -0.9778211116790771 -0.06089399382472038 0.9981203675270081 0.006890727207064629 0.10301819443702698 -0.06712467968463898 -0.01098290178924799 0.997684121131897 47.96103286743164
0.9949700236320496 0.06412409245967865 0.07695866376161575 -0.9613344669342041 -0.06485938280820847 0.9978693127632141 0.007090585771948099 0.09916147589683533 -0.07634000480175018 -0.012046413496136665 0.9970090389251709 48.26316833496094
0.9942404627799988 0.063418909907341 0.08639375120401382 -0.9321498870849609 -0.06432750076055527 0.9978985786437988 0.007770791184157133 0.09773051738739014 -0.08571938425302505 -0.013283530250191689 0.9962307214736938 48.54817199707031
0.9933524131774902 0.06220412626862526 0.09685885906219482 -0.8903307914733887 -0.06306103616952896 0.9979926943778992 0.005808118265122175 0.0991208553314209 -0.09630315750837326 -0.011877529323101044 0.9952812790870667 48.82374954223633
0.9922255873680115 0.060643672943115234 0.10867715626955032 -0.8568558692932129 -0.06117025390267372 0.998126208782196 0.0015150811523199081 0.09402650594711304 -0.10838163644075394 -0.008151112124323845 0.9940759539604187 49.081390380859375
0.9906243085861206 0.06164367496967316 0.12191583961248398 -0.8151588439941406 -0.061771146953105927 0.9980865120887756 -0.0027373831253498793 0.09717105329036713 -0.12185131013393402 -0.004819162655621767 0.9925366640090942 49.34788131713867
0.988490879535675 0.06314264237880707 0.13747304677963257 -0.7772369384765625 -0.06307501345872879 0.997996985912323 -0.004852532874792814 0.09358997642993927 -0.13750408589839935 -0.003874428803101182 0.990493655204773 49.61189270019531
0.9860118627548218 0.06483739614486694 0.15354669094085693 -0.7260088920593262 -0.06464429944753647 0.9978887438774109 -0.006255134008824825 0.09236377477645874 -0.15362809598445892 -0.003758284030482173 0.9881215691566467 49.86189270019531
0.9831852912902832 0.06546513736248016 0.17047280073165894 -0.6712446212768555 -0.06515014171600342 0.9978476762771606 -0.007447419688105583 0.09203848242759705 -0.17059344053268433 -0.003784133354201913 0.9853341579437256 50.119728088378906
0.979921281337738 0.06443027406930923 0.18868708610534668 -0.612645149230957 -0.06390155106782913 0.997916579246521 -0.008890682831406593 0.0942697823047638 -0.18886679410934448 -0.0033452275674790144 0.9819968938827515 50.376834869384766
0.9760237336158752 0.06369160115718842 0.20813722908496857 -0.5464935302734375 -0.06318015605211258 0.9979604482650757 -0.009111197665333748 0.09069183468818665 -0.20829305052757263 -0.004257397260516882 0.9780571460723877 50.62388229370117
0.9715682864189148 0.0636548101902008 0.2280418574810028 -0.4694375991821289 -0.06300825625658035 0.9979616403579712 -0.010122043080627918 0.08435428142547607 -0.2282213568687439 -0.00453426456078887 0.9735987186431885 50.85346221923828
0.9662536978721619 0.06611990183591843 0.24896186590194702 -0.3919210433959961 -0.06504379957914352 0.9978033304214478 -0.012555545195937157 0.0842178463935852 -0.24924512207508087 -0.004061582498252392 0.9684319496154785 51.09497833251953
0.9599958062171936 0.0672103688120842 0.2718285024166107 -0.3112030029296875 -0.06569355726242065 0.9977317452430725 -0.014687111601233482 0.08033955097198486 -0.27219903469085693 -0.003757814411073923 0.9622336030006409 51.34254837036133
0.952695906162262 0.06886649876832962 0.2960200309753418 -0.21494579315185547 -0.06723836809396744 0.9976135492324829 -0.015689589083194733 0.06860053539276123 -0.29639413952827454 -0.004956495948135853 0.9550528526306152 51.577392578125
0.9441908001899719 0.07158978283405304 0.32152533531188965 -0.11539649963378906 -0.07000172138214111 0.997410237789154 -0.016513129696249962 0.06143999099731445 -0.32187482714653015 -0.006915784440934658 0.9467569589614868 51.81257629394531
0.9342673420906067 0.07372559607028961 0.34886837005615234 -0.008996963500976562 -0.07209897041320801 0.9972410202026367 -0.017664173617959023 0.053706228733062744 -0.34920817613601685 -0.008649995550513268 0.9370052218437195 52.05042266845703
0.9230715036392212 0.07441755384206772 0.37736034393310547 0.11151504516601562 -0.07258978486061096 0.9971791505813599 -0.019085349515080452 0.04707390069961548 -0.3777162432670593 -0.009775371290743351 0.9258697628974915 52.28883743286133
0.9105290174484253 0.07231272757053375 0.4070720672607422 0.2531909942626953 -0.06972172111272812 0.9973408579826355 -0.021216802299022675 0.03815305233001709 -0.4075238108634949 -0.009063251316547394 0.9131495356559753 52.522010803222656
0.8956050872802734 0.06968489289283752 0.439358115196228 0.3973255157470703 -0.06588393449783325 0.9975405335426331 -0.023915614932775497 0.029375314712524414 -0.4399440288543701 -0.007527695037424564 0.8979935646057129 52.74728012084961
0.878152072429657 0.06920603662729263 0.4733491539955139 0.55133056640625 -0.06345678120851517 0.997588038444519 -0.028128106147050858 0.02049720287322998 -0.4741540849208832 -0.005336462520062923 0.880425751209259 52.96809387207031
0.8587511777877808 0.07096243649721146 0.5074552893638611 0.7180862426757812 -0.06267494708299637 0.9974743127822876 -0.03342365846037865 0.013601183891296387 -0.5085452795028687 -0.003102116519585252 0.8610295653343201 53.191749572753906
0.8369936347007751 0.07276110351085663 0.5423536896705627 0.9037532806396484 -0.06209460645914078 0.9973475933074951 -0.03797397017478943 0.004056811332702637 -0.5436781644821167 -0.0018932671518996358 0.8392916321754456 53.41710662841797
0.812393844127655 0.07554446905851364 0.5781948566436768 1.1002311706542969 -0.06305026262998581 0.9971390962600708 -0.04169304296374321 -0.00521242618560791 -0.5796904563903809 -0.0025841614697128534 0.8148326873779297 53.64331817626953
0.7848316431045532 0.07965432107448578 0.6145684719085693 1.3115806579589844 -0.0661587342619896 0.9968070983886719 -0.04470863565802574 -0.016475558280944824 -0.6161675453186035 -0.0055703166872262955 0.7875954508781433 53.87732696533203
0.7548983693122864 0.08416670560836792 0.6504185795783997 1.5348033905029297 -0.06998146325349808 0.9964065551757812 -0.04771597310900688 -0.030998945236206055 -0.6520974636077881 -0.009496534243226051 0.7580756545066833 54.103797912597656
0.7218557596206665 0.08494219183921814 0.6868106722831726 1.7970428466796875 -0.0693322941660881 0.9963222146034241 -0.05035139247775078 -0.04949843883514404 -0.688561737537384 -0.011271716095507145 0.7250901460647583 54.340858459472656
0.6851367354393005 0.0824311301112175 0.7237350940704346 2.073047637939453 -0.06575344502925873 0.9965187907218933 -0.051253631711006165 -0.0712587833404541 -0.7254405617713928 -0.012472325935959816 0.6881717443466187 54.56297302246094
0.6459693312644958 0.08107907325029373 0.7590451836585999 2.368610382080078 -0.0629437118768692 0.9966146349906921 -0.0528886504471302 -0.09212756156921387 -0.7607638239860535 -0.013612672686576843 0.6488861441612244 54.77183151245117
0.6033113598823547 0.08031778037548065 0.7934509515762329 2.7006702423095703 -0.060831546783447266 0.9966517686843872 -0.054632846266031265 -0.11525392532348633 -0.7951823472976685 -0.015306228771805763 0.6061770915985107 54.991676330566406
0.5571967959403992 0.08026237785816193 0.8264924883842468 3.0645618438720703 -0.057297397404909134 0.9966616630554199 -0.05815965309739113 -0.1335533857345581 -0.8284014463424683 -0.014949494041502476 0.559935450553894 55.20122528076172
0.5083295702934265 0.07892008870840073 0.8575387001037598 3.4319305419921875 -0.05394412577152252 0.9967544078826904 -0.05975537747144699 -0.15926027297973633 -0.8594714999198914 -0.01588374748826027 0.5109370350837708 55.39461898803711
0.4599097967147827 0.07784552872180939 0.8845468163490295 3.8646678924560547 -0.052865754812955856 0.9967832565307617 -0.06023610755801201 -0.17538726329803467 -0.8863905072212219 -0.019059065729379654 0.4625457525253296 55.58162307739258
0.4107339084148407 0.07541809976100922 0.9086306691169739 4.302555084228516 -0.05173499137163162 0.9968953132629395 -0.0593581385910511 -0.19713318347930908 -0.9102861881256104 -0.022627606987953186 0.41336047649383545 55.74372100830078
0.36019062995910645 0.07509710639715195 0.9298511147499084 4.754920959472656 -0.05493748560547829 0.9967321753501892 -0.059217795729637146 -0.22065365314483643 -0.9312596321105957 -0.029753979295492172 0.363139271736145 55.90340042114258
0.31097447872161865 0.07604527473449707 0.9473711252212524 5.226814270019531 -0.05341866612434387 0.9966166615486145 -0.06246352940797806 -0.23881590366363525 -0.9489158391952515 -0.031182734295725822 0.31398460268974304 56.03449630737305
0.2634933292865753 0.07233937829732895 0.9619449973106384 5.7020063400268555 -0.04242829605937004 0.9970884323120117 -0.06336034834384918 -0.2779879570007324 -0.9637277126312256 -0.024118660017848015 0.26579535007476807 56.124210357666016
0.21935619413852692 0.06664837151765823 0.9733659029006958 6.2119340896606445 -0.02882808819413185 0.9976711273193359 -0.061815954744815826 -0.3015971779823303 -0.9752188324928284 -0.01450056117027998 0.22076669335365295 56.19811248779297
0.1771496832370758 0.06562916189432144 0.9819933176040649 6.733240127563477 -0.019521594047546387 0.9978121519088745 -0.06316472589969635 -0.33027714490890503 -0.9839901924133301 -0.007980471476912498 0.17804326117038727 56.25988006591797
0.13854464888572693 0.06720567494630814 0.9880732893943787 7.273662567138672 -0.016311878338456154 0.9977143406867981 -0.06557422131299973 -0.3530550003051758 -0.9902217984199524 -0.007032374851405621 0.13932426273822784 56.31745147705078
0.10615958273410797 0.06794258952140808 0.9920251965522766 7.782637596130371 -0.007903195917606354 0.9976890087127686 -0.06748475134372711 -0.3893236517906189 -0.9943177103996277 -0.0006760167307220399 0.10645120590925217 56.33146286010742
0.07703576982021332 0.06624987721443176 0.9948248863220215 8.345226287841797 -0.0006049221847206354 0.9977928400039673 -0.06640070676803589 -0.42596256732940674 -0.997028112411499 0.004513436928391457 0.07690582424402237 56.35608673095703
0.052111655473709106 0.06435233354568481 0.9965657591819763 8.912199020385742 0.005911102518439293 0.997884213924408 -0.06474658101797104 -0.4631151258945465 -0.998623788356781 0.009264853782951832 0.05162100866436958 56.36611557006836
0.03215675801038742 0.06352145969867706 0.997462272644043 9.491413116455078 0.011089242994785309 0.997894287109375 -0.0639064833521843 -0.48766571283340454 -0.9994212985038757 0.013116126880049706 0.03138464689254761 56.36688995361328
0.016426552087068558 0.06567353755235672 0.9977059364318848 10.0703125 0.01393124833703041 0.9977286458015442 -0.0659044086933136 -0.5114478468894958 -0.9997680187225342 0.014981873333454132 0.015474331565201283 56.36280822753906
0.002849888987839222 0.06530153751373291 0.9978615641593933 10.66657829284668 0.014325379393994808 0.997760534286499 -0.06533583998680115 -0.5481209754943848 -0.9998932480812073 0.01448094379156828 0.0019080378115177155 56.36149597167969
-0.008720599114894867 0.06632298976182938 0.9977600574493408 11.279458045959473 0.015377976931631565 0.9976889491081238 -0.06618384271860123 -0.5826172232627869 -0.9998437762260437 0.014766369014978409 -0.00972035713493824 56.354915618896484
-0.017604190856218338 0.06902521848678589 0.9974595308303833 11.897138595581055 0.02034616842865944 0.9974323511123657 -0.06866423040628433 -0.6211894750595093 -0.999638020992279 0.019085705280303955 -0.018963390961289406 56.330833435058594
-0.024076882749795914 0.07096770405769348 0.9971880316734314 12.519689559936523 0.02458995021879673 0.9972174763679504 -0.07037607580423355 -0.6551995277404785 -0.9994077086448669 0.022826367989182472 -0.025754982605576515 56.302978515625
-0.028688523918390274 0.07043199241161346 0.9971039295196533 13.169873237609863 0.02501717209815979 0.9972527027130127 -0.06972271203994751 -0.6918278932571411 -0.999275267124176 0.022944480180740356 -0.030371716246008873 56.286624908447266
-0.03239811956882477 0.06775950640439987 0.9971755146980286 13.819109916687012 0.0225103460252285 0.997495710849762 -0.06704989820718765 -0.722048282623291 -0.9992215633392334 0.02027447335422039 -0.03384228050708771 56.26926803588867
-0.03488325700163841 0.060929372906684875 0.9975323677062988 14.50554370880127 0.020579827949404716 0.9979720711708069 -0.06023655831813812 -0.7603591680526733 -0.999179482460022 0.01842779852449894 -0.03606642782688141 56.2476806640625
-0.036105502396821976 0.05535488575696945 0.9978138208389282 15.191975593566895 0.021874884143471718 0.9982693195343018 -0.05458863079547882 -0.7944796085357666 -0.9991085529327393 0.019856106489896774 -0.03725389391183853 56.22186279296875
-0.036527469754219055 0.0527273491024971 0.9979407787322998 15.868163108825684 0.024275444447994232 0.9983591437339783 -0.05186091735959053 -0.8292666673660278 -0.9990378022193909 0.022331101819872856 -0.037747517228126526 56.19260025024414
-0.03648803383111954 0.05474599078297615 0.9978334307670593 16.572959899902344 0.02795906364917755 0.9981634020805359 -0.05374171584844589 -0.8725154995918274 -0.9989428520202637 0.025937557220458984 -0.03795166686177254 56.168636322021484
-0.03525514528155327 0.06227879598736763 0.9974358677864075 17.272886276245117 0.02916777692735195 0.99769526720047 -0.0612640306353569 -0.9006041884422302 -0.9989526867866516 0.02693311497569084 -0.03699043020606041 56.14049530029297
-0.033414002507925034 0.07051298022270203 0.9969510436058044 18.00318717956543 0.029481718316674232 0.9971435070037842 -0.06953848153352737 -0.9355142116546631 -0.9990066289901733 0.027068274095654488 -0.03539739549160004 56.1169548034668
-0.03139839693903923 0.07131794840097427 0.9969593286514282 18.722745895385742 0.03030119463801384 0.9970605373382568 -0.0703708752989769 -0.9697306156158447 -0.9990475177764893 0.027999527752399445 -0.0334671214222908 56.1002197265625
-0.029040494933724403 0.06685147434473038 0.9973402619361877 19.460220336914062 0.02964540757238865 0.997379720211029 -0.06599090993404388 -1.0149508714675903 -0.9991384744644165 0.027650151401758194 -0.030946243554353714 56.07884216308594
-0.026801377534866333 0.060739558190107346 0.9977937340736389 20.19964027404785 0.02896752394735813 0.9977803826332092 -0.059960659593343735 -1.0538705587387085 -0.9992210268974304 0.02729658968746662 -0.02850136160850525 56.06466293334961
-0.023468714207410812 0.05872027575969696 0.9979985952377319 20.945913314819336 0.02785276435315609 0.9979244470596313 -0.05806092172861099 -1.1026027202606201 -0.9993364810943604 0.026434404775500298 -0.025055520236492157 56.04665756225586
-0.020571745932102203 0.0642668753862381 0.9977205991744995 21.70108413696289 0.03479747474193573 0.9973732233047485 -0.06352701783180237 -1.1500180959701538 -0.9991826415061951 0.03341129422187805 -0.022754032164812088 56.025856018066406
-0.017409732565283775 0.06974991410970688 0.9974125623703003 22.437156677246094 0.03643092140555382 0.9969456791877747 -0.0690813735127449 -1.191214680671692 -0.9991845488548279 0.035133980214595795 -0.01989760994911194 56.01190948486328
-0.015153298154473305 0.07029595971107483 0.9974109530448914 23.176267623901367 0.03037141263484955 0.9970977306365967 -0.06981245428323746 -1.2341758012771606 -0.9994237422943115 0.029234886169433594 -0.017244305461645126 56.01789855957031
-0.011595486663281918 0.06688284873962402 0.9976934194564819 23.936927795410156 0.02617046795785427 0.9974390864372253 -0.06656163185834885 -1.2763500213623047 -0.999590277671814 0.02533828467130661 -0.01331614051014185 56.01646423339844
-0.00679779751226306 0.0632096379995346 0.997977077960968 24.674238204956055 0.03015034832060337 0.9975593686103821 -0.06297780573368073 -1.3274370431900024 -0.9995222687721252 0.02966124750673771 -0.00868699885904789 55.99785232543945
-0.0029369147960096598 0.06423846632242203 0.9979302287101746 25.419103622436523 0.03467726707458496 0.9973408579826355 -0.06409848481416702 -1.3747553825378418 -0.9993942379951477 0.03441724553704262 -0.005156719125807285 55.98610305786133
-0.0005187713541090488 0.06860122829675674 0.9976441264152527 26.15168571472168 0.03430337458848953 0.9970582127571106 -0.06854311376810074 -1.4214057922363281 -0.9994112849235535 0.034186992794275284 -0.00287049962207675 55.99374008178711
0.0037150229327380657 0.06938420981168747 0.9975831508636475 26.90801429748535 0.030410155653953552 0.99712073802948 -0.06946530193090439 -1.4660807847976685 -0.9995306134223938 0.0305947195738554 0.001594342291355133 56.000370025634766
0.0068076495081186295 0.06911910325288773 0.9975851774215698 27.674100875854492 0.029845403507351875 0.9971498250961304 -0.06929260492324829 -1.5146325826644897 -0.9995313286781311 0.030245056375861168 0.004725357983261347 56.01730728149414
0.010568872094154358 0.06623569875955582 0.9977480173110962 28.415372848510742 0.03375805541872978 0.9972113966941833 -0.06655766069889069 -1.559982419013977 -0.9993741512298584 0.034385476261377335 0.00830341037362814 56.020381927490234
0.014251988381147385 0.06652505695819855 0.9976829886436462 29.165729522705078 0.0383576937019825 0.997013509273529 -0.06702835112810135 -1.6128871440887451 -0.999162495136261 0.039224106818437576 0.011657677590847015 56.0303840637207
0.017660606652498245 0.06743524968624115 0.997567355632782 29.91683578491211 0.04076501727104187 0.9968446493148804 -0.06810809671878815 -1.6603903770446777 -0.9990125894546509 0.041868679225444794 0.01485588401556015 56.0455322265625
0.020408177748322487 0.06723067909479141 0.9975286722183228 30.678194046020508 0.04140576347708702 0.996823787689209 -0.06803026050329208 -1.711519479751587 -0.9989339709281921 0.04269181564450264 0.01755961962044239 56.05549621582031
0.024055086076259613 0.06571339070796967 0.9975485801696777 31.429941177368164 0.04291676729917526 0.9968494772911072 -0.06670225411653519 -1.759028434753418 -0.9987890124320984 0.04441608861088753 0.02115909941494465 56.0751953125
0.027516836300492287 0.06482253223657608 0.9975174069404602 32.17793273925781 0.04480963200330734 0.9968122243881226 -0.06601279973983765 -1.8025431632995605 -0.9986165761947632 0.046514857560396194 0.024524440988898277 56.09617233276367
0.030401339754462242 0.0647987574338913 0.9974351525306702 32.9332275390625 0.04360954463481903 0.996860146522522 -0.06609061360359192 -1.8538260459899902 -0.9985859990119934 0.04550693929195404 0.02748004160821438 56.12027359008789
0.03327721357345581 0.06681215018033981 0.9972105026245117 33.71097946166992 0.040308427065610886 0.9968615770339966 -0.0681338757276535 -1.8990156650543213 -0.9986330270767212 0.042463287711143494 0.03047967702150345 56.164764404296875
0.03593906760215759 0.06703484803438187 0.9971030950546265 34.461124420166016 0.04198592156171799 0.9967654347419739 -0.06852546334266663 -1.9442474842071533 -0.9984716176986694 0.0443270318210125 0.03300829976797104 56.185203552246094
0.03901991993188858 0.06715825945138931 0.9969790577888489 35.2224235534668 0.039789166301488876 0.996843159198761 -0.06870637834072113 -1.9853408336639404 -0.9984459280967712 0.04234988987445831 0.036224570125341415 56.21653366088867
0.0413937121629715 0.06721390038728714 0.996879518032074 35.98979187011719 0.038170166313648224 0.9969000220298767 -0.06880021840333939 -2.037443161010742 -0.998413622379303 0.04089896008372307 0.03869982063770294 56.252464294433594
0.044118598103523254 0.06750994920730591 0.9967426657676697 36.74880599975586 0.0353790819644928 0.996982753276825 -0.06909216940402985 -2.084017276763916 -0.998399555683136 0.038312092423439026 0.041597042232751846 56.298404693603516
0.04731108620762825 0.0694631040096283 0.9964619874954224 37.499332427978516 0.0341959185898304 0.9968817234039307 -0.07111593335866928 -2.1288089752197266 -0.9982947111129761 0.037439506500959396 0.04478820040822029 56.33113479614258
0.0502026341855526 0.07303612679243088 0.9960649013519287 38.281288146972656 0.03248912841081619 0.9966753125190735 -0.07471835613250732 -2.1820578575134277 -0.9982104897499084 0.03611234948039055 0.047662846744060516 56.38401412963867
0.054060161113739014 0.07526895403862 0.9956968426704407 39.05466079711914 0.03275001794099808 0.9964848160743713 -0.07710666209459305 -2.2338528633117676 -0.99800044298172 0.03677748143672943 0.05140506848692894 56.422210693359375
0.05710665509104729 0.07704255729913712 0.9953910112380981 39.82322692871094 0.02699151448905468 0.996534526348114 -0.07867959886789322 -2.2911810874938965 -0.9980031847953796 0.031360235065221786 0.05482924357056618 56.47529220581055
0.0590716190636158 0.07662150263786316 0.9953088164329529 40.59938049316406 0.023055849596858025 0.9966792464256287 -0.07809537649154663 -2.342944860458374 -0.9979875087738037 0.02756091021001339 0.05710887908935547 56.54396057128906
0.0628027692437172 0.0765141174197197 0.9950886964797974 41.35884475708008 0.026073763146996498 0.996590793132782 -0.07827521115541458 -2.399599552154541 -0.9976853728294373 0.030861610546708107 0.06059364601969719 56.592525482177734
0.06637081503868103 0.0780358612537384 0.9947388172149658 42.15793991088867 0.02383599244058132 0.9965285658836365 -0.07976667582988739 -2.4635424613952637 -0.9975102543830872 0.029004765674471855 0.06428036093711853 56.65005111694336
0.07018517702817917 0.07926017791032791 0.9943801760673523 42.94060516357422 0.02024563029408455 0.9965198636054993 -0.0808597132563591 -2.515244960784912 -0.9973285794258118 0.025807002559304237 0.06833626329898834 56.7158088684082
0.07434823364019394 0.07705598324537277 0.9942507743835449 43.73298645019531 0.01934114471077919 0.9967113137245178 -0.0786929577589035 -2.5724549293518066 -0.9970446825027466 0.025080636143684387 0.07261337339878082 56.78089904785156
0.07827256619930267 0.07703348994255066 0.9939512610435486 44.53371810913086 0.01886081136763096 0.9967172741889954 -0.07873313874006271 -2.6403231620788574 -0.996753454208374 0.02490937151014805 0.07656270265579224 56.86581802368164
0.0838957354426384 0.08074038475751877 0.993198037147522 45.31572723388672 0.01548407506197691 0.9964860081672668 -0.0823156088590622 -2.694489002227783 -0.9963542222976685 0.02228468284010887 0.08235074579715729 56.92266845703125
0.08962506055831909 0.08939732611179352 0.9919552803039551 46.103755950927734 0.013280524872243404 0.9957677125930786 -0.09094082564115524 -2.7554643154144287 -0.9958869814872742 0.021324267610907555 0.08805850893259048 57.005252838134766
0.09691663831472397 0.09383990615606308 0.990858793258667 46.90187454223633 0.01222249586135149 0.9953581094741821 -0.09546150267124176 -2.8236875534057617 -0.9952174425125122 0.02136257290840149 0.09531980752944946 57.091121673583984
0.10466666519641876 0.09742902219295502 0.989723265171051 47.69579315185547 0.00686323968693614 0.9950951933860779 -0.09868362545967102 -2.8875198364257812 -0.9944836497306824 0.01712159253656864 0.10348460078239441 57.17549133300781
0.11150903254747391 0.09484982490539551 0.9892265796661377 48.503173828125 0.004424063488841057 0.9953776001930237 -0.09593826532363892 -2.9643259048461914 -0.9937535524368286 0.01507438812404871 0.11057396978139877 57.28337860107422
0.11855527758598328 0.0935591608285904 0.9885299205780029 49.31158447265625 0.004263006616383791 0.9954939484596252 -0.09472953528165817 -3.0312998294830322 -0.9929382801055908 0.015444794669747353 0.11762221902608871 57.39464569091797
0.12648825347423553 0.09018995612859726 0.9878594875335693 50.13815689086914 0.0038601038977503777 0.9958058595657349 -0.09140969812870026 -3.0999560356140137 -0.9919605851173401 0.01537549588829279 0.1256095916032791 57.5021858215332
0.133805513381958 0.08404406905174255 0.98743736743927 50.94167709350586 0.001859377371147275 0.9963744282722473 -0.08505669981241226 -3.1771769523620605 -0.9910058379173279 0.013217072933912277 0.13316412270069122 57.61857223510742
0.14128902554512024 0.07744598388671875 0.9869343638420105 51.75851821899414 -0.0005452686455100775 0.996941328048706 -0.07815317064523697 -3.227350950241089 -0.9899682998657227 0.010504040867090225 0.14089907705783844 57.735843658447266
0.1484551578760147 0.07437283545732498 0.986118495464325 52.56990432739258 -0.0012306834105402231 0.9971811175346375 -0.0750219002366066 -3.3042564392089844 -0.9889183640480042 0.009923786856234074 0.14812824130058289 57.868377685546875
0.15562784671783447 0.07622898370027542 0.9848700761795044 53.37245178222656 -0.0014433449832722545 0.9970344305038452 -0.07694244384765625 -3.364361524581909 -0.987814724445343 0.010552876628935337 0.1552763283252716 58.00364303588867
