1.0 0.0 0.0 0.0 0.0 1.0 0.0 0.0 0.0 0.0 1.0 0.0
0.9999986290931702 0.0008096083765849471 0.0014484135899692774 -0.006200685165822506 -0.0008030003518797457 0.9999892711639404 -0.0045570386573672295 -0.002287221373990178 -0.0014520875411108136 0.0045558693818748 0.9999885559082031 0.9640194177627563
0.9999966621398926 -0.0014505506260320544 0.002147207735106349 -0.002660071477293968 0.0014620325528085232 0.9999845623970032 -0.005355518776923418 -0.0008551434730179608 -0.0021394062787294388 0.0053586396388709545 0.9999833703041077 1.9185088872909546
0.9999932646751404 -0.0025707827880978584 0.0026109800674021244 -0.009582297876477242 0.0025740056298673153 0.9999959468841553 -0.0012317709624767303 -0.004844730719923973 -0.0026078028604388237 0.0012384832371026278 0.999995768070221 2.851809501647949
0.9999852776527405 -0.005057763773947954 0.001977400155737996 -0.006882264744490385 0.005047905724495649 0.9999750852584839 0.004958288744091988 -0.008543149568140507 -0.002002428285777569 -0.0049482351168990135 0.9999856948852539 3.8003933429718018
0.9999622702598572 -0.00869302824139595 0.0003530109243001789 -0.0033110533840954304 0.008691109716892242 0.9999491572380066 0.005114568863064051 -0.005735834129154682 -0.00039745407411828637 -0.005111307837069035 0.9999868273735046 4.738626956939697
0.9999368786811829 -0.011232741177082062 -0.00017648980428930372 -0.0072225239127874374 0.011233087629079819 0.9999348521232605 0.002097718184813857 -0.003060918068513274 0.00015291522140614688 -0.0020995684899389744 0.9999977946281433 5.667165279388428
0.9999293088912964 -0.01183093897998333 -0.0011194534599781036 -0.012957606464624405 0.011829246766865253 0.999928891658783 -0.0015065994812175632 0.002653316827490926 0.0011371982982382178 0.0014932507183402777 0.9999982714653015 6.587244510650635
0.9999319314956665 -0.011567284353077412 -0.0015212446451187134 -0.019020233303308487 0.011564429849386215 0.9999313354492188 -0.001871495507657528 -0.0025179677177220583 0.0015427883481606841 0.0018537759315222502 0.999997079372406 7.518006801605225
0.9999298453330994 -0.011551521718502045 -0.002633551834151149 -0.027905119583010674 0.011551699601113796 0.9999332427978516 5.214198972680606e-05 -0.0017801400972530246 0.002632773481309414 -8.256028377218172e-05 0.999996542930603 8.430481910705566
0.9999357461929321 -0.010932058095932007 -0.002990748966112733 -0.03830313682556152 0.010940085165202618 0.999936580657959 0.002681597601622343 0.003028063802048564 0.0029612439684569836 -0.00271414453163743 0.9999919533729553 9.372605323791504
0.9999285936355591 -0.011254907585680485 -0.004010392352938652 -0.045139774680137634 0.01127223577350378 0.9999271631240845 0.004324950743466616 0.003801506944000721 0.003961422946304083 -0.004369848407804966 0.9999826550483704 10.292746543884277
0.9999125599861145 -0.012410759925842285 -0.004571795463562012 -0.050199124962091446 0.01243390142917633 0.9999098777770996 0.0050682490691542625 0.006384830456227064 0.0045084827579557896 -0.005124651361256838 0.9999766945838928 11.208002090454102
0.99990314245224 -0.012740501202642918 -0.005616342183202505 -0.055720552802085876 0.012770086526870728 0.9999046325683594 0.005263813305646181 0.007060748524963856 0.0055487435311079025 -0.0053350236266851425 0.9999703168869019 12.12132453918457
0.9998963475227356 -0.012996247969567776 -0.006196675356477499 -0.06303930282592773 0.013019402511417866 0.9999083280563354 0.0037110622506588697 0.013316158205270767 0.006147877778857946 -0.003791353665292263 0.9999738931655884 13.022344589233398
0.9998856782913208 -0.013282576575875282 -0.007229384034872055 -0.0822727382183075 0.013295015320181847 0.9999102354049683 0.0016754686366766691 0.018135379999876022 0.007206480950117111 -0.001771391718648374 0.999972403049469 13.931084632873535
0.9998490214347839 -0.014790295623242855 -0.009121944196522236 -0.08412576466798782 0.01479208655655384 0.9998905658721924 0.00012898934073746204 0.02532932534813881 0.009119038470089436 -0.0002639023005031049 0.999958336353302 14.834115982055664
0.9998337030410767 -0.01460835337638855 -0.010916290804743767 -0.09652310609817505 0.014607127755880356 0.9998932480812073 -0.00019194971537217498 0.0187259241938591 0.010917929001152515 3.246211417717859e-05 0.9999403357505798 15.729138374328613
0.9998409152030945 -0.013166840188205242 -0.01203439012169838 -0.12321296334266663 0.013155562803149223 0.9999129176139832 -0.0010156533680856228 0.019218478351831436 0.012046714313328266 0.0008571726502850652 0.9999271035194397 16.632715225219727
0.9998378753662109 -0.011436661705374718 -0.01390365231782198 -0.1374744474887848 0.011424299329519272 0.999934196472168 -0.0009681986994110048 0.018348174169659615 0.01391381025314331 0.0008092023199424148 0.9999028444290161 17.52735710144043
0.9998111724853516 -0.012477707117795944 -0.014897797256708145 -0.15963248908519745 0.012477814219892025 0.9999222159385681 -8.58329440234229e-05 0.016250094398856163 0.014897706918418407 -0.0001000751944957301 0.9998890161514282 18.41960906982422
0.9997913241386414 -0.011825005523860455 -0.016657451167702675 -0.1736506223678589 0.011848554015159607 0.9999289512634277 0.0013156902277842164 0.015659356489777565 0.016640709713101387 -0.0015127825317904353 0.999860405921936 19.30183982849121
0.9997650384902954 -0.011478113010525703 -0.018386758863925934 -0.19047167897224426 0.011507627554237843 0.9999326467514038 0.0015001866267994046 0.022111572325229645 0.018368303775787354 -0.0017114219954237342 0.999829888343811 20.18613624572754
0.9997178912162781 -0.012830673716962337 -0.01998363435268402 -0.2106926441192627 0.01287057250738144 0.9999154806137085 0.0018692449666559696 0.01868106983602047 0.01995796151459217 -0.0021259186323732138 0.999798595905304 21.063243865966797
0.9996813535690308 -0.012573008425533772 -0.02188681811094284 -0.23304687440395355 0.012592061422765255 0.9999204277992249 0.0007329031941480935 0.023691365495324135 0.021875860169529915 -0.0010082698427140713 0.9997602105140686 21.94013786315918
0.9996715784072876 -0.012441989965736866 -0.022403176873922348 -0.25636816024780273 0.012478276155889034 0.9999210238456726 0.0014805642422288656 0.019796423614025116 0.022382983937859535 -0.0017596310935914516 0.9997478723526001 22.796907424926758
0.999647855758667 -0.012282400391995907 -0.023520223796367645 -0.2792341411113739 0.012362580746412277 0.9999182224273682 0.003266662824898958 0.02468428760766983 0.023478178307414055 -0.003556283423677087 0.9997180700302124 23.653724670410156
0.9996201395988464 -0.013476843014359474 -0.024038832634687424 -0.3017333745956421 0.013629096560180187 0.999888002872467 0.006181093864142895 0.026639461517333984 0.02395283617079258 -0.006506374105811119 0.999691903591156 24.49664878845215
0.9996011257171631 -0.01321675069630146 -0.024957861751317978 -0.32455676794052124 0.013411196880042553 0.999880850315094 0.007639722898602486 0.028848551213741302 0.024853918701410294 -0.007971391081809998 0.9996592402458191 25.341636657714844
0.999593198299408 -0.012569442391395569 -0.025602271780371666 -0.35250744223594666 0.012732204049825668 0.9998996257781982 0.006204201839864254 0.03510797396302223 0.025521717965602875 -0.006527650635689497 0.9996529221534729 26.173925399780273
0.9995887279510498 -0.010681621730327606 -0.026614028960466385 -0.3784061074256897 0.010790358297526836 0.9999338984489441 0.0039453934878110886 0.0348532572388649 0.02657012641429901 -0.004230945371091366 0.9996379613876343 26.98832130432129
0.999575138092041 -0.010729089379310608 -0.027098573744297028 -0.405523419380188 0.010791990906000137 0.9999393224716187 0.00217593926936388 0.037034567445516586 0.027073588222265244 -0.002467462094500661 0.9996303915977478 27.775779724121094
0.9995570182800293 -0.009840033017098904 -0.02809087000787258 -0.43344151973724365 0.00989129301160574 0.99994957447052 0.0016863778000697494 0.04128555953502655 0.028072861954569817 -0.00196348549798131 0.9996039867401123 28.571659088134766
0.9995271563529968 -0.00942729040980339 -0.02926774136722088 -0.461108922958374 0.00946451909840107 0.9999545216560364 0.0011336879106238484 0.041826240718364716 0.02925572358071804 -0.0014101567212492228 0.9995709657669067 29.35976219177246
0.9994588494300842 -0.009707072749733925 -0.03142884373664856 -0.4864940047264099 0.009731690399348736 0.9999524354934692 0.0006304305279627442 0.03612923249602318 0.0314212292432785 -0.0009359452524222434 0.9995057582855225 30.14701271057129
0.9993921518325806 -0.010026596486568451 -0.03338947147130966 -0.5159351229667664 0.010054041631519794 0.9999492764472961 0.0006541676120832562 0.03558170795440674 0.03338122367858887 -0.0009894691174849868 0.9994421601295471 30.91216468811035
0.9993383288383484 -0.009524483233690262 -0.03510405868291855 -0.5496802926063538 0.009583829902112484 0.9999529123306274 0.0015227774856612086 0.04155924916267395 0.03508789837360382 -0.0018582012271508574 0.9993825554847717 31.674423217773438
0.9992460608482361 -0.01001434214413166 -0.037510864436626434 -0.571168839931488 0.010165967047214508 0.9999409914016724 0.0038536610081791878 0.04168952256441116 0.037470053881406784 -0.004232089966535568 0.99928879737854 32.4316291809082
0.9991666078567505 -0.009154886938631535 -0.03977803885936737 -0.60235196352005 0.009372527711093426 0.9999421238899231 0.005288377869874239 0.04463161528110504 0.03972732275724411 -0.005656791385263205 0.9991945028305054 33.16709518432617
0.9991167187690735 -0.00779503770172596 -0.041292428970336914 -0.6446119546890259 0.008025732822716236 0.9999531507492065 0.005424043163657188 0.046226948499679565 0.041248202323913574 -0.005750654265284538 0.9991323947906494 33.89421463012695
0.9990648031234741 -0.004959532991051674 -0.04295220971107483 -0.6862062811851501 0.005173422396183014 0.99997478723526 0.004869980271905661 0.043302133679389954 0.04292697831988335 -0.00508763687685132 0.9990652203559875 34.61906814575195
0.9989795684814453 -0.0033722110092639923 -0.04503796622157097 -0.7178205251693726 0.003557677147909999 0.9999855160713196 0.0040384805761277676 0.04984674230217934 0.04502369835972786 -0.004194590728729963 0.9989771246910095 35.32716369628906
0.9989051222801208 -0.0028636851347982883 -0.04669440910220146 -0.7509264349937439 0.0031071172561496496 0.9999819397926331 0.00514155114069581 0.05568568408489227 0.04667884483933449 -0.005281007383018732 0.9988959431648254 36.0299072265625
0.9988736510276794 -0.0017377809854224324 -0.04741990566253662 -0.7955272793769836 0.0020721135661005974 0.9999733567237854 0.007002218626439571 0.055780090391635895 0.04740647226572037 -0.007092589978128672 0.9988505244255066 36.72297668457031
0.9988507032394409 0.0008625835180282593 -0.04792208969593048 -0.8285664319992065 -0.0005017148796468973 0.9999714493751526 0.007541838102042675 0.059241488575935364 0.04792721942067146 -0.007509125862270594 0.9988226294517517 37.40351867675781
0.9989141225814819 0.004338499624282122 -0.046388160437345505 -0.870680034160614 -0.004095796495676041 0.9999774098396301 0.005325776524841785 0.061794064939022064 0.046410221606492996 -0.005129997618496418 0.9989092946052551 38.07514572143555
0.998987078666687 0.005764770321547985 -0.04462715983390808 -0.9072529673576355 -0.005651088431477547 0.9999803900718689 0.002673104405403137 0.05545349046587944 0.04464169964194298 -0.0024182044435292482 0.9990001320838928 38.71969223022461
0.9990707039833069 0.005861295387148857 -0.042701415717601776 -0.93387371301651 -0.00584161002188921 0.9999827146530151 0.0005857757059857249 0.06302454322576523 0.04270411282777786 -0.0003357861132826656 0.9990876913070679 39.366912841796875
0.9991957545280457 0.006950488779693842 -0.03949383646249771 -0.9655348062515259 -0.006887852679938078 0.99997478723526 0.0017218427965417504 0.06225234642624855 0.03950481489300728 -0.0014484298881143332 0.9992183446884155 40.00376510620117
0.9992671608924866 0.011853030882775784 -0.03639574348926544 -0.9956843256950378 -0.01170095894485712 0.9999219179153442 0.0043884566985070705 0.06473426520824432 0.03644492104649544 -0.003959375433623791 0.9993278384208679 40.642879486083984
0.999331533908844 0.016516245901584625 -0.03261378034949303 -1.0221977233886719 -0.01628066971898079 0.9998393654823303 0.007475652266293764 0.07170435786247253 0.032732006162405014 -0.006939680781215429 0.9994400143623352 41.27614974975586
0.999364972114563 0.021432870998978615 -0.028465019538998604 -1.0439581871032715 -0.02120370790362358 0.9997404217720032 0.00832831859588623 0.07656897604465485 0.02863612398505211 -0.007719466462731361 0.9995600581169128 41.88328552246094
0.9994163513183594 0.025209737941622734 -0.023054098710417747 -1.0666016340255737 -0.02501894347369671 0.9996505379676819 0.008527149446308613 0.08418867737054825 0.02326100505888462 -0.007945382967591286 0.9996978044509888 42.46720886230469
0.9994336366653442 0.029173443093895912 -0.01676907204091549 -1.0920981168746948 -0.028996774926781654 0.9995222687721252 0.010683744214475155 0.08924436569213867 0.01707274280488491 -0.010191444307565689 0.9998023509979248 43.04008483886719
0.9993653297424316 0.03400183841586113 -0.010620353743433952 -1.0974528789520264 -0.03387369588017464 0.9993537068367004 0.012020714581012726 0.08393041044473648 0.011022217571735382 -0.011653333902359009 0.9998713731765747 43.59592819213867
0.9992953538894653 0.03735584765672684 -0.0036475644446909428 -1.1025201082229614 -0.037311043590307236 0.9992356300354004 0.011663481593132019 0.08811070024967194 0.004080474842339754 -0.011519169434905052 0.9999253749847412 44.12791061401367
0.9991661906242371 0.04067705199122429 0.003516605356708169 -1.1029343605041504 -0.0407157763838768 0.9991015791893005 0.011748471297323704 0.08941580355167389 -0.0030355544295161963 -0.011881856247782707 0.999924898147583 44.639644622802734
0.9989411234855652 0.04471850022673607 0.010814878158271313 -1.097538709640503 -0.04483810067176819 0.9989328384399414 0.011081657372415066 0.09581774473190308 -0.010307781398296356 -0.011554840952157974 0.9998801350593567 45.13254928588867
0.99861741065979 0.04902608320116997 0.018966376781463623 -1.102708101272583 -0.04919452965259552 0.9987528324127197 0.008518642745912075 0.0959245041012764 -0.01852508820593357 -0.009439906105399132 0.9997838139533997 45.6028938293457
0.9983201026916504 0.051321592181921005 0.026889661327004433 -1.0947532653808594 -0.05148400738835335 0.9986592531204224 0.005382593255490065 0.10013000667095184 -0.02657736837863922 -0.006757939700037241 0.9996238946914673 46.049068450927734
0.9980596899986267 0.05164479836821556 0.03478045016527176 -1.0795714855194092 -0.05185079574584961 0.9986420273780823 0.005046566016972065 0.10225625336170197 -0.034472592175006866 -0.006840168964117765 0.9993822574615479 46.475826263427734
0.9977831840515137 0.0511145293712616 0.042613882571458817 -1.053934931755066 -0.051433317363262177 0.9986557960510254 0.006417620461434126 0.10454574227333069 -0.042228568345308304 -0.008595166727900505 0.9990710020065308 46.87788009643555
0.9973254203796387 0.05274491757154465 0.050595637410879135 -1.0317102670669556 -0.05318529158830643 0.9985572695732117 0.007396319415420294 0.09979577362537384 -0.050132524222135544 -0.010067480616271496 0.9986917972564697 47.267635345458984
0.9966840147972107 0.055569399148225784 0.05943978205323219 -1.0122960805892944 -0.056100133806467056 0.99839848279953 0.007296479772776365 0.10382699221372604 -0.0589391328394413 -0.010606864467263222 0.9982051849365234 47.6315803527832
0.995845377445221 0.06046866253018379 0.06808459758758545 -0.9903778433799744 -0.061071109026670456 0.998110294342041 0.0068002305924892426 0.10302373021841049 -0.06754473596811295 -0.01092998031526804 0.9976564049720764 47.95246887207031
0.9949536323547363 0.06425049901008606 0.07706613838672638 -0.9721242785453796 -0.0649832934141159 0.9978615641593933 0.007036309223622084 0.10073073208332062 -0.07644925266504288 -0.012008811347186565 0.9970011711120605 48.24797439575195
0.9942508339881897 0.06329888850450516 0.08636247366666794 -0.9405576586723328 -0.06421308219432831 0.997905433177948 0.007846299558877945 0.096488356590271 -0.08568491786718369 -0.01334679126739502 0.9962329268455505 48.52770233154297
0.9933326840400696 0.06225286051630974 0.09702915698289871 -0.9041005373001099 -0.06310910731554031 0.9979898929595947 0.005777781829237938 0.09820651262998581 -0.09647444635629654 -0.011862684041261673 0.9952647686004639 48.8007926940918
0.992191731929779 0.06089579313993454 0.10884510725736618 -0.8668278455734253 -0.06141861155629158 0.9981110095977783 0.0014542198041453958 0.09567996859550476 -0.10855095088481903 -0.00812798272818327 0.9940576553344727 49.066490173339844
0.9906043410301208 0.061739351600408554 0.12203005701303482 -0.8225493431091309 -0.06186022236943245 0.9980809092521667 -0.0028015123680233955 0.09854601323604584 -0.1219688355922699 -0.004773616325110197 0.9925224781036377 49.33053207397461
0.9884445071220398 0.06337886303663254 0.13769683241844177 -0.784591555595398 -0.06328196078538895 0.9979828000068665 -0.005085688084363937 0.0966605395078659 -0.13774138689041138 -0.0036868054885417223 0.9904614090919495 49.5938720703125
0.9859862327575684 0.06522943079471588 0.1535457819700241 -0.7306686639785767 -0.06503698229789734 0.9978631138801575 -0.006281373556703329 0.0917285904288292 -0.153627410531044 -0.0037928062956780195 0.9881215691566467 49.84331130981445
0.9831545352935791 0.06582830101251602 0.17051061987876892 -0.678412914276123 -0.06552932411432266 0.9978234171867371 -0.007387035060673952 0.08835113793611526 -0.17062576115131378 -0.003910848870873451 0.9853281378746033 50.098472595214844
0.9798893332481384 0.06482868641614914 0.1887170970439911 -0.6197893619537354 -0.06435983628034592 0.997889518737793 -0.008617944084107876 0.08655282855033875 -0.18887753784656525 -0.003701169276610017 0.9819936752319336 50.34912109375
0.9760152697563171 0.06405265629291534 0.20806646347045898 -0.5531913638114929 -0.06357396394014359 0.9979366660118103 -0.008993902243673801 0.08551061153411865 -0.20821323990821838 -0.004449423868209124 0.9780733585357666 50.592105865478516
0.9715429544448853 0.06403958052396774 0.22804228961467743 -0.4749290943145752 -0.0633808970451355 0.9979370832443237 -0.010218336246907711 0.08266028016805649 -0.22822624444961548 -0.004525972064584494 0.9735975861549377 50.838035583496094
0.9662299752235413 0.0663837417960167 0.2489835023880005 -0.40027374029159546 -0.06532218307256699 0.9977855086326599 -0.012532894499599934 0.07988646626472473 -0.24926412105560303 -0.004154487047344446 0.9684266448020935 51.07209396362305
0.9599701166152954 0.06764098256826401 0.2718125581741333 -0.3173096477985382 -0.06615212559700012 0.9977019429206848 -0.014647877775132656 0.07547912746667862 -0.2721787393093109 -0.003919452894479036 0.9622386693954468 51.31446838378906
0.9525572061538696 0.06913641840219498 0.2964034378528595 -0.2268437296152115 -0.06748225539922714 0.997594952583313 -0.015821129083633423 0.06999259442090988 -0.2967844009399414 -0.004931442439556122 0.9549317359924316 51.556827545166016
0.9440640807151794 0.07181979715824127 0.32184627652168274 -0.12451428174972534 -0.07021806389093399 0.9973935484886169 -0.01659875176846981 0.061117395758628845 -0.3221995532512665 -0.006929138675332069 0.9466464519500732 51.793949127197266
0.9341729283332825 0.07378817349672318 0.34910744428634644 -0.02169756405055523 -0.07215245068073273 0.9972363710403442 -0.017706217244267464 0.05534558370709419 -0.34944915771484375 -0.008648288436233997 0.936915397644043 52.02949905395508
0.9229037761688232 0.07466189563274384 0.3777223527431488 0.09846623986959457 -0.0728359967470169 0.9971602559089661 -0.019139084964990616 0.04581724852323532 -0.3780786991119385 -0.00984825100749731 0.9257210493087769 52.27423095703125
0.9103541374206543 0.07273637503385544 0.4073878228664398 0.2389305979013443 -0.07012055814266205 0.9973095059394836 -0.02137063257396221 0.03801487013697624 -0.40784621238708496 -0.009111423045396805 0.9130051732063293 52.502803802490234
0.8954768180847168 0.06989437341690063 0.4395862817764282 0.3903041481971741 -0.06604094803333282 0.9975264072418213 -0.02407568320631981 0.030311089009046555 -0.4401817321777344 -0.007471481803804636 0.8978776335716248 52.7323112487793
0.8781857490539551 0.06921373307704926 0.4732855558395386 0.5429544448852539 -0.06334422528743744 0.9975888729095459 -0.028352567926049232 0.02077818661928177 -0.4741068184375763 -0.005081081297248602 0.8804526329040527 52.95619201660156
0.8586146831512451 0.07116450369358063 0.5076577067375183 0.7124526500701904 -0.06282344460487366 0.997459888458252 -0.033571042120456696 0.014466071501374245 -0.5087572336196899 -0.00306821521371603 0.8609045743942261 53.18260955810547
0.8368421196937561 0.07297316938638687 0.5425589084625244 0.8941210508346558 -0.062258172780275345 0.9973320364952087 -0.038112375885248184 0.0034603828098624945 -0.5438925623893738 -0.0018846860621124506 0.8391526937484741 53.40734100341797
0.812235951423645 0.0757574662566185 0.5783888101577759 1.0947123765945435 -0.06324068456888199 0.9971228241920471 -0.04179392382502556 -0.005146557465195656 -0.5798909068107605 -0.002631177194416523 0.8146899938583374 53.634796142578125
0.7849933505058289 0.07965332269668579 0.6143621206283569 1.3146625757217407 -0.06611628085374832 0.9968075156211853 -0.04475891590118408 -0.018670177087187767 -0.6159660816192627 -0.005483894143253565 0.787753701210022 53.866512298583984
0.7547604441642761 0.08384936302900314 0.6506196856498718 1.531009316444397 -0.06967856734991074 0.9964338541030884 -0.047584980726242065 -0.03532545268535614 -0.6522895693778992 -0.00941898487508297 0.7579114437103271 54.099708557128906
0.7217161059379578 0.08506696671247482 0.6869421005249023 1.780752420425415 -0.06939229369163513 0.9963117837905884 -0.050472501665353775 -0.05159224569797516 -0.6887021064758301 -0.011241661384701729 0.724957287311554 54.31926345825195
0.6851673126220703 0.08250517398118973 0.72369784116745 2.065413475036621 -0.06572732329368591 0.9965139627456665 -0.05137963593006134 -0.07263150811195374 -0.7254141569137573 -0.012363075278699398 0.6882016062736511 54.54297637939453
0.6460703611373901 0.08083396404981613 0.7589855194091797 2.3707540035247803 -0.06260248273611069 0.9966380000114441 -0.05285555496811867 -0.09328430145978928 -0.76070636510849 -0.013365957885980606 0.6489585638046265 54.75580978393555
0.6031270623207092 0.08097732812166214 0.7935240268707275 2.700570583343506 -0.0612308569252491 0.9965982437133789 -0.05516136437654495 -0.10879985243082047 -0.795291543006897 -0.015318851917982101 0.6060336232185364 54.983116149902344
0.5570103526115417 0.08052405714988708 0.8265926241874695 3.0724070072174072 -0.05720924213528633 0.9966444969177246 -0.058538783341646194 -0.12919870018959045 -0.8285327553749084 -0.014682027511298656 0.5597480535507202 55.202110290527344
0.5090121030807495 0.07889421284198761 0.8571361303329468 3.4488227367401123 -0.05360279977321625 0.9967633485794067 -0.05991390720009804 -0.1571235954761505 -0.8590887784957886 -0.015447993762791157 0.5115935206413269 55.387298583984375
0.4599795341491699 0.07736145704984665 0.8845530152320862 3.8521852493286133 -0.05195220932364464 0.9968355298042297 -0.06016562879085541 -0.1749449521303177 -0.886408269405365 -0.01827952452003956 0.4625431001186371 55.566837310791016
0.4101616442203522 0.0753183364868164 0.9088974595069885 4.288966178894043 -0.05163382366299629 0.9969033002853394 -0.059310197830200195 -0.19861170649528503 -0.9105499982833862 -0.02260308340191841 0.41278043389320374 55.739444732666016
0.359985888004303 0.0751570537686348 0.9299256205558777 4.748231410980225 -0.05450088530778885 0.9967418909072876 -0.059459198266267776 -0.2177266776561737 -0.9313644766807556 -0.029277293011546135 0.36290910840034485 55.899139404296875
0.3105728030204773 0.0755748376250267 0.9475405216217041 5.220484256744385 -0.05237864702939987 0.996680498123169 -0.062326181679964066 -0.23874272406101227 -0.9491053819656372 -0.030274072661995888 0.3135003447532654 56.03337860107422
0.26372379064559937 0.07240910828113556 0.9618766903877258 5.709949016571045 -0.041528694331645966 0.9971061944961548 -0.06367497891187668 -0.2699597477912903 -0.9637038707733154 -0.023152872920036316 0.2659676969051361 56.1229133605957
0.21962283551692963 0.06627383083105087 0.9733311533927917 6.1959309577941895 -0.028127942234277725 0.997705340385437 -0.061586663126945496 -0.3023284077644348 -0.9751792550086975 -0.01385196577757597 0.22098301351070404 56.18076705932617
0.17753377556800842 0.06504930555820465 0.9819624423980713 6.711048603057861 -0.019048457965254784 0.9978533387184143 -0.06265810877084732 -0.33354002237319946 -0.9839303493499756 -0.007580943405628204 0.1783917397260666 56.23338317871094
0.13853317499160767 0.06635348498821259 0.9881324768066406 7.251244068145752 -0.01578071340918541 0.9977743625640869 -0.06478853523731232 -0.35941872000694275 -0.990231990814209 -0.006618075538426638 0.13927194476127625 56.29938507080078
0.10609390586614609 0.06725214421749115 0.9920791387557983 7.809017658233643 -0.0072289323434233665 0.9977360367774963 -0.06686253100633621 -0.39352232217788696 -0.9943298697471619 -7.796787394909188e-05 0.10633983463048935 56.3336296081543
0.07739685475826263 0.0659760981798172 0.9948149919509888 8.330771446228027 0.00037225167034193873 0.9978060722351074 -0.06620344519615173 -0.4217233657836914 -0.9970002770423889 0.005494260229170322 0.07720249146223068 56.33705139160156
0.0525733046233654 0.06440714746713638 0.9965379238128662 8.90386962890625 0.0071452222764492035 0.9978681802749634 -0.06487007439136505 -0.45470643043518066 -0.9985916018486023 0.010530918836593628 0.05200101435184479 56.34598159790039
0.03267720341682434 0.06341717392206192 0.997451901435852 9.48691177368164 0.012139586731791496 0.9978861808776855 -0.06384248286485672 -0.48042362928390503 -0.9993922114372253 0.014194848015904427 0.03183826804161072 56.35136795043945
0.01680818758904934 0.06505906581878662 0.9977397918701172 10.072854995727539 0.015057451091706753 0.9977511763572693 -0.06531346589326859 -0.5116745233535767 -0.9997453093528748 0.016121217980980873 0.015790753066539764 56.352970123291016
0.003102801274508238 0.06510970741510391 0.9978734254837036 10.648149490356445 0.015852903947234154 0.9977495074272156 -0.06515093147754669 -0.5417155027389526 -0.9998695254325867 0.01602133922278881 0.0020636413246393204 56.34477996826172
-0.00825368519872427 0.06586749851703644 0.9977942109107971 11.252873420715332 0.016774563118815422 0.9976969361305237 -0.06572233140468597 -0.5787919163703918 -0.9998252391815186 0.016195109114050865 -0.009339574724435806 56.33122253417969
-0.017414232715964317 0.06867234408855438 0.9974873065948486 11.877273559570312 0.021572519093751907 0.9974321126937866 -0.06829193979501724 -0.6130595803260803 -0.9996156692504883 0.020329061895608902 -0.01885095052421093 56.31364059448242
-0.023980583995580673 0.07057982683181763 0.9972178339958191 12.504937171936035 0.025495808571577072 0.997223436832428 -0.0699671134352684 -0.6512463092803955 -0.9993872046470642 0.023747023195028305 -0.025713488459587097 56.29148483276367
-0.028491094708442688 0.07032307237386703 0.9971174001693726 13.17307186126709 0.02582886628806591 0.9972409605979919 -0.06959378719329834 -0.6821776032447815 -0.9992603063583374 0.023771604523062706 -0.030228853225708008 56.268760681152344
-0.03234085068106651 0.06761125475168228 0.9971874356269836 13.832716941833496 0.02354123443365097 0.9974839687347412 -0.0668678879737854 -0.7181284427642822 -0.999199628829956 0.02131245844066143 -0.03385113924741745 56.258941650390625
-0.03464449197053909 0.06070111691951752 0.9975546002388 14.504288673400879 0.021673711016774178 0.9979646801948547 -0.05997336283326149 -0.7544397115707397 -0.9991647005081177 0.019542960450053215 -0.03588959574699402 56.23360824584961
-0.03599957749247551 0.055047862231731415 0.9978346824645996 15.209489822387695 0.022782934829592705 0.9982675909996033 -0.05424978584051132 -0.7938430309295654 -0.9990920424461365 0.02078063040971756 -0.03719136491417885 56.208106994628906
-0.03633168712258339 0.052382636815309525 0.9979660511016846 15.901050567626953 0.02516515739262104 0.9983565211296082 -0.05148698762059212 -0.8295604586601257 -0.999022901058197 0.023243356496095657 -0.03759019821882248 56.17731475830078
-0.03615988790988922 0.05472029373049736 0.9978468418121338 16.587081909179688 0.02891266718506813 0.9981392025947571 -0.05368858575820923 -0.8675925135612488 -0.998927652835846 0.026909038424491882 -0.03767470642924309 56.148136138916016
-0.03548264130949974 0.06214132532477379 0.9974364638328552 17.30075454711914 0.029337475076317787 0.9976995587348938 -0.06111407279968262 -0.8973510265350342 -0.9989395141601562 0.027093777433037758 -0.03722408786416054 56.12653350830078
-0.03347303345799446 0.07012143731117249 0.9969766736030579 18.016002655029297 0.030326813459396362 0.9971476197242737 -0.06911525130271912 -0.9332302808761597 -0.998979389667511 0.027921628206968307 -0.035504113882780075 56.10841369628906
-0.031519629061222076 0.07080353051424026 0.9969921112060547 18.73473358154297 0.03114159218966961 0.9970731139183044 -0.06982474029064178 -0.9697778224945068 -0.9990178942680359 0.028847074136137962 -0.0336323045194149 56.092037200927734
-0.029149267822504044 0.06621553003787994 0.9973794221878052 19.473278045654297 0.030689746141433716 0.9973923563957214 -0.06531945616006851 -1.0151985883712769 -0.9991037845611572 0.028705310076475143 -0.031105389818549156 56.070472717285156
-0.0267795342952013 0.060093943029642105 0.9978334307670593 20.218101501464844 0.029766999185085297 0.9977966547012329 -0.059292856603860855 -1.052475094795227 -0.9991981387138367 0.028114667162299156 -0.028509344905614853 56.053138732910156
-0.023919932544231415 0.05839395895600319 0.9980069994926453 20.98692512512207 0.02811322920024395 0.9979371428489685 -0.05771605297923088 -1.1018749475479126 -0.9993184208869934 0.026676634326577187 -0.02551223337650299 56.040096282958984
-0.020597675815224648 0.06399069726467133 0.9977379441261292 21.7157039642334 0.0358363576233387 0.9973556995391846 -0.0632263571023941 -1.1427838802337646 -0.9991452693939209 0.034452978521585464 -0.02283640205860138 56.018558502197266
-0.017246119678020477 0.06942610442638397 0.9974380135536194 22.44523811340332 0.03763096407055855 0.9969246983528137 -0.06873971223831177 -1.1858221292495728 -0.9991428256034851 0.036349061876535416 -0.019805654883384705 56.00338363647461
-0.014660176821053028 0.0699734091758728 0.9974411129951477 23.181907653808594 0.03142619878053665 0.9970877766609192 -0.06948671489953995 -1.2276880741119385 -0.9993985295295715 0.030327092856168747 -0.016816480085253716 56.00213623046875
-0.011649275198578835 0.06664542853832245 0.9977086782455444 23.933956146240234 0.026737947016954422 0.9974403977394104 -0.06631531566381454 -1.2732830047607422 -0.9995744824409485 0.025904159992933273 -0.01340141985565424 56.01237869262695
-0.00689896522089839 0.06268969923257828 0.998009204864502 24.70751953125 0.03095981292426586 0.997567892074585 -0.06244795024394989 -1.3248348236083984 -0.9994968175888062 0.030467351898550987 -0.008823045529425144 55.99497604370117
-0.003183739958330989 0.06358160823583603 0.9979715943336487 25.446516036987305 0.03551410138607025 0.99735426902771 -0.06342896819114685 -1.371071457862854 -0.9993641376495361 0.03524012118577957 -0.005433359649032354 55.98301315307617
-0.0007051790598779917 0.06802621483802795 0.9976832270622253 26.18068504333496 0.03537537902593613 0.9970607757568359 -0.0679587572813034 -1.4189684391021729 -0.9993738532066345 0.03524550050497055 -0.003109558718279004 55.99173355102539
0.0032417220063507557 0.06925715506076813 0.9975935816764832 26.93804931640625 0.03140228986740112 0.997099757194519 -0.06932491064071655 -1.4596450328826904 -0.9995015859603882 0.03155145421624184 0.0010574873303994536 56.00117874145508
0.006805522833019495 0.06874538958072662 0.9976110458374023 27.691022872924805 0.030832955613732338 0.9971453547477722 -0.06892364472150803 -1.5069584846496582 -0.9995014071464539 0.031228357926011086 0.004666472319513559 56.00981521606445
0.010601610876619816 0.06530673056840897 0.9978089332580566 28.435882568359375 0.03461376205086708 0.9972431063652039 -0.06563744693994522 -1.5585476160049438 -0.9993445873260498 0.03523378074169159 0.008311871439218521 56.01106262207031
0.014082000590860844 0.06606392562389374 0.9977160096168518 29.163650512695312 0.03884895518422127 0.9970253705978394 -0.06656651198863983 -1.6025811433792114 -0.9991458654403687 0.03969760984182358 0.011473597027361393 56.01594161987305
0.017825311049818993 0.0667603611946106 0.9976097345352173 29.934494018554688 0.042540132999420166 0.9968141913414001 -0.06746721267700195 -1.6563953161239624 -0.9989357590675354 0.04364107549190521 0.014928526245057583 56.027408599853516
0.020802825689315796 0.06674570590257645 0.9975530505180359 30.686981201171875 0.04314412176609039 0.9967796802520752 -0.06759367138147354 -1.701127529144287 -0.9988522529602051 0.044444698840379715 0.017856145277619362 56.041385650634766
0.02384902350604534 0.06513461470603943 0.9975914359092712 31.43231964111328 0.044467199593782425 0.996818482875824 -0.06614720821380615 -1.7507282495498657 -0.9987261891365051 0.045937638729810715 0.020876795053482056 56.07073211669922
0.027484165504574776 0.0638868436217308 0.9975786209106445 32.16961669921875 0.04657096788287163 0.9967901110649109 -0.0651194155216217 -1.800923228263855 -0.9985368251800537 0.04824795573949814 0.02442067116498947 56.08872985839844
0.030459798872470856 0.06454412639141083 0.9974498748779297 32.933467864990234 0.0446733683347702 0.9968277812004089 -0.06586809456348419 -1.8434104919433594 -0.9985371828079224 0.04656577482819557 0.02747977152466774 56.10834503173828
0.033607468008995056 0.06656712293624878 0.997215747833252 33.68513107299805 0.04159504547715187 0.9968217015266418 -0.06794263422489166 -1.8844109773635864 -0.9985691905021667 0.04376261681318283 0.030731793493032455 56.140464782714844
0.03683610260486603 0.06690140068531036 0.9970793724060059 34.439449310302734 0.04352721571922302 0.9967021346092224 -0.06848414987325668 -1.9260166883468628 -0.9983729720115662 0.04592277854681015 0.03380259498953819 56.15980911254883
0.03905158489942551 0.0665581151843071 0.9970180988311768 35.19538116455078 0.04117853194475174 0.996824324131012 -0.06815808266401291 -1.9744246006011963 -0.998388409614563 0.04371741786599159 0.03618680685758591 56.20737838745117
0.04143720120191574 0.06718546897172928 0.9968796372413635 35.950035095214844 0.03926093876361847 0.9968565702438354 -0.06881587207317352 -2.016606569290161 -0.9983693957328796 0.04198996722698212 0.03866918012499809 56.24179458618164
0.04395189508795738 0.06691425293684006 0.9967902302742004 36.728179931640625 0.03655462712049484 0.9969784617424011 -0.06853870302438736 -2.071366786956787 -0.9983646273612976 0.039449695497751236 0.04137306660413742 56.286563873291016
0.047778982669115067 0.06878061592578888 0.996487021446228 37.49443435668945 0.035229261964559555 0.996889591217041 -0.0704975575208664 -2.119594097137451 -0.9982364773750305 0.03847379982471466 0.04520728439092636 56.32085418701172
0.0506674163043499 0.07247878611087799 0.9960821866989136 38.25495910644531 0.0338359996676445 0.9966660737991333 -0.07424239069223404 -2.168752670288086 -0.9981422424316406 0.03746510669589043 0.04804610088467598 56.36954116821289
0.053987935185432434 0.07460092753171921 0.9957510232925415 39.026466369628906 0.03444729372859001 0.9964725971221924 -0.07652265578508377 -2.222321033477783 -0.9979472756385803 0.038432229310274124 0.05122769996523857 56.4180793762207
0.05631000176072121 0.0765344500541687 0.9954755902290344 39.79996871948242 0.028244657441973686 0.9965364933013916 -0.07821369171142578 -2.2786920070648193 -0.9980137944221497 0.0325210839509964 0.053953275084495544 56.48238754272461
0.05899525061249733 0.07593576610088348 0.9953659176826477 40.580753326416016 0.024089520797133446 0.9967041015625 -0.07746563851833344 -2.327995538711548 -0.997967541217804 0.028547996655106544 0.056971535086631775 56.53559875488281
0.06301312148571014 0.07638201117515564 0.995085597038269 41.35467529296875 0.026684189215302467 0.9965816140174866 -0.07818661630153656 -2.383885383605957 -0.9976558685302734 0.03147983178496361 0.0607595257461071 56.58476638793945
0.06674712151288986 0.07756201922893524 0.9947507381439209 42.12260437011719 0.0257120281457901 0.996509313583374 -0.0794244110584259 -2.4402964115142822 -0.9974384903907776 0.03087841160595417 0.06451985239982605 56.63658142089844
0.06994815915822983 0.07838767766952515 0.9944660663604736 42.908164978027344 0.021559981629252434 0.9965562224388123 -0.0800689086318016 -2.4968011379241943 -0.9973175525665283 0.027041342109441757 0.06801722943782806 56.71480178833008
0.07393365353345871 0.07629276812076569 0.9943406581878662 43.70916748046875 0.02068248763680458 0.9967377185821533 -0.07801453769207001 -2.554715633392334 -0.9970486760139465 0.026333337649703026 0.07211452722549438 56.784034729003906
0.07919786870479584 0.0765860304236412 0.9939127564430237 44.50532531738281 0.021009597927331924 0.9966945648193359 -0.0784745141863823 -2.6154298782348633 -0.9966375231742859 0.027096714824438095 0.07732707262039185 56.835906982421875
0.08464830368757248 0.0801435112953186 0.9931826591491699 45.30118179321289 0.017848456278443336 0.9964781403541565 -0.08193065971136093 -2.6732776165008545 -0.9962510466575623 0.024662071838974953 0.08291975408792496 56.90916442871094
0.08994866907596588 0.08883664011955261 0.9919764995574951 46.09109878540039 0.015629885718226433 0.9957653284072876 -0.09059321880340576 -2.7353084087371826 -0.9958237409591675 0.023653216660022736 0.08817926794290543 57.00311279296875
0.09758061170578003 0.09304255247116089 0.9908689260482788 46.87477111816406 0.014781017787754536 0.9953750967979431 -0.09492131322622299 -2.803954839706421 -0.9951178431510925 0.023908531293272972 0.09575404226779938 57.081886291503906
0.10465344786643982 0.09611234068870544 0.9898536205291748 47.65652847290039 0.009468138217926025 0.995177686214447 -0.0976303294301033 -2.8734419345855713 -0.9944637417793274 0.019589418545365334 0.10323876887559891 57.17967987060547
0.11140815168619156 0.0946861281991005 0.9892536401748657 48.452789306640625 0.006367575377225876 0.9953621029853821 -0.09598790109157562 -2.9370877742767334 -0.9937543272972107 0.016992978751659393 0.11028853058815002 57.277198791503906
0.1187840923666954 0.09317422658205032 0.9885387420654297 49.260948181152344 0.006378272082656622 0.9954953193664551 -0.09459633380174637 -3.005742073059082 -0.9928995966911316 0.017541708424687386 0.1176547110080719 57.38402557373047
0.1266395002603531 0.08983142673969269 0.9878727793693542 50.08845138549805 0.005958098452538252 0.9958041310310364 -0.09131643176078796 -3.073970079421997 -0.9919309020042419 0.017450112849473953 0.12557290494441986 57.49026107788086
0.13422176241874695 0.08407015353441238 0.987378716468811 50.89388656616211 0.0040831370279192924 0.9963394403457642 -0.08538814634084702 -3.1455860137939453 -0.9909428954124451 0.015492551028728485 0.13338716328144073 57.60532760620117
0.14183449745178223 0.07660392671823502 0.9869218468666077 51.7049674987793 0.0014757695607841015 0.9969838261604309 -0.0775969997048378 -3.2091100215911865 -0.9898893237113953 0.012462400831282139 0.14129361510276794 57.722694396972656
0.14841851592063904 0.07394716888666153 0.9861560463905334 52.50877380371094 0.000648964662104845 0.9971929788589478 -0.07487243413925171 -3.2784783840179443 -0.9889243841171265 0.011752436868846416 0.14795391261577606 57.86076736450195
0.1558811366558075 0.07563057541847229 0.9848761558532715 53.32277297973633 0.0007022003992460668 0.99705570936203 -0.07667702436447144 -3.3444018363952637 -0.9877755045890808 0.012644081376492977 0.1553690880537033 57.994747161865234
