1.0 0.0 0.0 0.0 0.0 1.0 0.0 0.0 0.0 0.0 1.0 0.0
1.0 -6.648802809650078e-05 0.0001218690667883493 -0.014873076230287552 6.631216820096597e-05 0.9999989867210388 0.0014424410182982683 -0.01267093513160944 -0.00012196484749438241 -0.0014424328692257404 0.999998927116394 1.3156399726867676
0.9999985098838806 -0.001577463815920055 -0.0007033413858152926 -0.008682754822075367 0.0015787349548190832 0.9999972581863403 0.0018107210053130984 -0.03996797278523445 0.000700482982210815 -0.0018118289299309254 0.9999980926513672 2.618385076522827
0.9999959468841553 -0.0027646292001008987 -0.0006930427043698728 -0.013692659325897694 0.0027651621494442225 0.9999958276748657 0.0007689216290600598 -0.05524011701345444 0.0006909141666255891 -0.0007708347984589636 0.9999994039535522 3.9310381412506104
0.999995231628418 -0.003021363401785493 -0.0006105138454586267 -0.02343931794166565 0.003021849785000086 0.9999951720237732 0.0007977638742886484 -0.07229400426149368 0.0006081005558371544 -0.0007996049826033413 0.9999995231628418 5.259485721588135
0.9999929666519165 -0.0036876194644719362 -0.0007081825169734657 -0.022418711334466934 0.00368896359577775 0.9999913573265076 0.0019061077618971467 -0.10073108971118927 0.0007011473644524813 -0.001908706733956933 0.9999979138374329 6.575308322906494
0.9999864101409912 -0.005188696086406708 -0.0005352070438675582 -0.028224218636751175 0.0051902593113482 0.9999821186065674 0.0029624358285218477 -0.11530663073062897 0.0005198262515477836 -0.00296517345122993 0.9999954700469971 7.900145530700684
0.9999892115592957 -0.00460837222635746 -0.0005535063683055341 -0.03688349947333336 0.004610321018844843 0.999983012676239 0.0035729457158595324 -0.1354898363351822 0.00053703150479123 -0.003575459122657776 0.9999934434890747 9.238818168640137
0.9999930262565613 -0.0036704353988170624 -0.0008017177460715175 -0.04497141391038895 0.0036717301700264215 0.9999920129776001 0.0016198965022340417 -0.151225283741951 0.000795765605289489 -0.0016228287713602185 0.9999983906745911 10.588516235351562
0.9999984502792358 -0.0013132105814293027 -0.001137808314524591 -0.05161421000957489 0.0013128496939316392 0.9999991059303284 -0.0003177264879923314 -0.17657196521759033 0.001138224615715444 0.0003162323555443436 0.9999992847442627 11.923775672912598
0.9999969601631165 0.002390198176726699 -0.0007336756680160761 -0.07348684966564178 -0.0023910393938422203 0.999996542930603 -0.0011472980258986354 -0.20028403401374817 0.0007309308857657015 0.0011490486795082688 0.9999990463256836 13.255187034606934
0.9999892711639404 0.0045984480530023575 -0.0006054160185158253 -0.08966360986232758 -0.004599232226610184 0.9999885559082031 -0.0013005314394831657 -0.2207101285457611 0.0005994287203066051 0.001303302007727325 0.999998927116394 14.602333068847656
0.9999831318855286 0.005769571289420128 -0.0007282564765773714 -0.09350927174091339 -0.005769949406385422 0.9999832510948181 -0.0005182058084756136 -0.24080775678157806 0.0007252544164657593 0.000522398913744837 0.9999995827674866 15.957975387573242
0.9999949932098389 0.003149735974147916 3.613324588513933e-05 -0.1065187081694603 -0.003149814438074827 0.9999920725822449 0.002430395223200321 -0.266720175743103 -2.847784708137624e-05 -0.0024304974358528852 0.9999970197677612 17.320362091064453
0.9999994039535522 -0.0010868762619793415 0.0001780199381755665 -0.10989689081907272 0.0010860913898795843 0.999989926815033 0.004351716488599777 -0.2860114276409149 -0.00018274792819283903 -0.004351520910859108 0.9999905228614807 18.675107955932617
0.9999948143959045 -0.00321786105632782 -0.0001268953492399305 -0.11515547335147858 0.0032181066926568747 0.9999927878379822 0.0019804209005087614 -0.3010437488555908 0.00012052174133714288 -0.001980818575248122 0.9999979734420776 20.02173614501953
0.9999879002571106 -0.004913344047963619 1.8584618146633147e-06 -0.12512832880020142 0.004913343582302332 0.9999879002571106 0.00022635978530161083 -0.3280208706855774 -2.970617060782388e-06 -0.00022634789638686925 1.0 21.38360595703125
0.9999972581863403 -0.0020454423502087593 0.0010872315615415573 -0.14651797711849213 0.0020469471346586943 0.9999969601631165 -0.001384566305205226 -0.3450416326522827 -0.0010843962663784623 0.0013867882080376148 0.9999985098838806 22.72966194152832
0.9999987483024597 0.00047741160960868 0.0015272210584953427 -0.15070897340774536 -0.00047821193584240973 0.9999997019767761 0.0005237270961515605 -0.363665372133255 -0.0015269707655534148 -0.0005244566709734499 0.9999986290931702 24.111867904663086
0.9999974966049194 0.0011058351956307888 0.0019924864172935486 -0.15539725124835968 -0.0011141984723508358 0.9999905824661255 0.00420126598328352 -0.38368120789527893 -0.0019878216553479433 -0.004203475080430508 0.9999891519546509 25.485441207885742
0.9999969005584717 -0.0010274674277752638 0.002316600177437067 -0.15459448099136353 0.0010134821059182286 0.9999813437461853 0.006030002608895302 -0.3944973945617676 -0.002322752494364977 -0.006027635186910629 0.9999790787696838 26.87233543395996
0.9999783039093018 -0.006361123640090227 0.001723534776829183 -0.13980934023857117 0.006353525444865227 0.9999702572822571 0.00437846127897501 -0.418949156999588 -0.001751335454173386 -0.004367416724562645 0.9999889135360718 28.301111221313477
0.9999789595603943 -0.006228829734027386 0.0017947612795978785 -0.14256948232650757 0.006225305143743753 0.9999787211418152 0.0019624039996415377 -0.4311119318008423 -0.0018069464713335037 -0.00195119041018188 0.9999964237213135 29.678119659423828
0.9999737739562988 -0.006724925711750984 0.0026646351907402277 -0.15141631662845612 0.006726395338773727 0.9999772310256958 -0.0005432233447209001 -0.45306888222694397 -0.002660921076312661 0.000561132503207773 0.9999963045120239 31.048595428466797
0.9999887347221375 -0.003368702484294772 0.003319360315799713 -0.16217294335365295 0.0033720966894179583 0.9999938607215881 -0.001017667120322585 -0.47788679599761963 -0.0033159118611365557 0.001028848928399384 0.9999939203262329 32.42787170410156
0.9999898076057434 -0.002567826770246029 0.00375028676353395 -0.16993077099323273 0.002580267144367099 0.9999911189079285 -0.0033160920720547438 -0.503533661365509 -0.0037417386192828417 0.0033257349859923124 0.9999874830245972 33.807064056396484
0.9999911189079285 -0.0018640798516571522 0.0037791598588228226 -0.16845430433750153 0.0018743544351309538 0.9999945163726807 -0.002717026975005865 -0.5260743498802185 -0.003774074837565422 0.0027240864001214504 0.9999892115592957 35.19900131225586
0.9999909996986389 -0.001420849235728383 0.003983109723776579 -0.18675269186496735 0.0014270148240029812 0.9999977946281433 -0.0015454544918611646 -0.5520802736282349 -0.003980904817581177 0.0015511245001107454 0.9999908208847046 36.59324264526367
0.9999935626983643 -0.00010760306031443179 0.0035625561140477657 -0.19084501266479492 0.00010653248318703845 1.0 0.00030069283093325794 -0.5782467722892761 -0.0035625880118459463 -0.0003003111924044788 0.999993622303009 37.98897171020508
0.9999903440475464 0.002426235470920801 0.00367187918163836 -0.1981491595506668 -0.0024288815911859274 0.9999967813491821 0.0007163138943724334 -0.605800449848175 -0.003670129459351301 -0.0007252255454659462 0.9999930262565613 39.3921012878418
0.9999774098396301 0.005177584011107683 0.004291448276489973 -0.21319130063056946 -0.0051786042749881744 0.9999865889549255 0.00022673998319078237 -0.6248782873153687 -0.004290216136723757 -0.00024895861861296 0.9999908208847046 40.782745361328125
0.9999663829803467 0.0072385286912322044 0.003852963214740157 -0.21421276032924652 -0.0072397892363369465 0.9999736547470093 0.00031345427851192653 -0.6397238373756409 -0.0038505932316184044 -0.00034133833833038807 0.9999925494194031 42.20528793334961
0.9999633431434631 0.007822038605809212 0.003479332197457552 -0.2160806804895401 -0.007823120802640915 0.9999693036079407 0.00029762479243800044 -0.660822868347168 -0.0034768974874168634 -0.00032483311952091753 0.9999939203262329 43.60663604736328
0.9999697804450989 0.007106879726052284 0.0031363386660814285 -0.22634021937847137 -0.007108065765351057 0.9999746084213257 0.0003672073071356863 -0.6884998679161072 -0.0031336499378085136 -0.0003894895489793271 0.9999949932098389 45.006553649902344
0.9999786019325256 0.006133151240646839 0.002250667894259095 -0.22599460184574127 -0.006133085582405329 0.999981164932251 -3.620819188654423e-05 -0.7089359164237976 -0.002250847639515996 2.240391586383339e-05 0.9999974370002747 46.41148376464844
0.9999849796295166 0.005327165126800537 0.0012938983272761106 -0.2318785935640335 -0.005327512044459581 0.9999857544898987 0.0002648161316756159 -0.7313575744628906 -0.001292469329200685 -0.00027170541579835117 0.9999990463256836 47.81952667236328
0.9999852180480957 0.005442002788186073 1.28345129724039e-06 -0.23307393491268158 -0.005441999528557062 0.9999844431877136 0.0012289783917367458 -0.7491077184677124 5.404468538472429e-06 -0.0012289669830352068 0.9999991655349731 49.24824905395508
0.9999836683273315 0.005582861136645079 -0.0012082499451935291 -0.24492895603179932 -0.005581502337008715 0.9999837279319763 0.0011246957583352923 -0.7761438488960266 0.001214509247802198 -0.001117933657951653 0.9999985694885254 50.66558074951172
0.9999827742576599 0.0054963212460279465 -0.002056723227724433 -0.2598445415496826 -0.005492562893778086 0.9999832510948181 0.0018285172991454601 -0.7997471690177917 0.0020667393691837788 -0.001817188924178481 0.9999961853027344 52.08080291748047
0.9999805688858032 0.005243758205324411 -0.003372542094439268 -0.27122077345848083 -0.005233470816165209 0.999981701374054 0.003051899140700698 -0.8232191205024719 0.003388483775779605 -0.003034189809113741 0.9999896883964539 53.501182556152344
0.9999819397926331 0.004545274190604687 -0.003913227003067732 -0.2782273292541504 -0.004531607963144779 0.9999836087226868 0.0034942179918289185 -0.8396793007850647 0.003929044585675001 -0.003476422280073166 0.9999862313270569 54.9620361328125
0.9999836087226868 0.0027811385225504637 -0.004992363043129444 -0.2811846435070038 -0.0027610447723418474 0.9999880790710449 0.004027378745377064 -0.8610393404960632 0.005003503989428282 -0.004013529047369957 0.9999794363975525 56.40787887573242
0.9999867081642151 0.0005016279756091535 -0.005134541541337967 -0.3017587959766388 -0.00048697961028665304 0.9999958276748657 0.0028537774924188852 -0.8763368725776672 0.005135952495038509 -0.0028512391727417707 0.9999827742576599 57.831085205078125
0.9999825954437256 -0.0011705877259373665 -0.005780776962637901 -0.3093934953212738 0.0011923050042241812 0.9999922513961792 0.003754829056560993 -0.9032804369926453 0.005776336416602135 -0.0037616563495248556 0.9999762773513794 59.25497055053711
0.9999852776527405 -0.0019737870898097754 -0.005058936774730682 -0.3248869478702545 0.0019931860733777285 0.9999906420707703 0.0038324466440826654 -0.9168542623519897 0.00505132507532835 -0.003842473728582263 0.9999797940254211 60.686458587646484
0.9999832510948181 -0.003286469727754593 -0.004769457969814539 -0.33379751443862915 0.0033079138956964016 0.9999843239784241 0.004495276138186455 -0.9329507350921631 0.004754610825330019 -0.004510977771133184 0.9999785423278809 62.118446350097656
0.9999828934669495 -0.004431822802871466 -0.003819025121629238 -0.35842806100845337 0.004448368214070797 0.9999806880950928 0.004334881901741028 -0.9623258113861084 0.0037997402250766754 -0.004351796116679907 0.9999833106994629 63.507408142089844
0.9999783039093018 -0.005747506860643625 -0.0032240431755781174 -0.3710527718067169 0.005757815204560757 0.9999783039093018 0.00319746439345181 -0.9766881465911865 0.0032055957708507776 -0.0032159583643078804 0.9999896883964539 64.92166137695312
0.9999760985374451 -0.006122752092778683 -0.003203226951882243 -0.36843374371528625 0.006132527720183134 0.9999765157699585 0.003050857223570347 -1.0008093118667603 0.003184471745043993 -0.0030704287346452475 0.9999901652336121 66.3294906616211
0.9999837875366211 -0.005297520663589239 -0.0020918857771903276 -0.3809855878353119 0.00530374376103282 0.9999814629554749 0.0029804338701069355 -1.0182936191558838 0.0020760581828653812 -0.0029914805199950933 0.9999933242797852 67.76446533203125
0.9999970197677612 -0.0015536927385255694 -0.0018843241268768907 -0.39797189831733704 0.0015612227143719792 0.9999907612800598 0.004001285880804062 -1.0337334871292114 0.0018780899699777365 -0.004004216752946377 0.9999902248382568 69.1617660522461
0.9999977946281433 0.0016355669358745217 -0.0013041512575000525 -0.412856787443161 -0.0016285085584968328 0.999984085559845 0.005395459942519665 -1.0549348592758179 0.0013129550497978926 -0.0053933244198560715 0.999984622001648 70.5573959350586
0.9999861121177673 0.005236501805484295 -0.0004802999028470367 -0.4225862920284271 -0.005233596544712782 0.9999691247940063 0.005863888654857874 -1.0743486881256104 0.0005109914345666766 -0.0058612944558262825 0.9999827146530151 71.95321655273438
0.9999557733535767 0.009387432597577572 0.00040500619797967374 -0.4445708692073822 -0.009389586746692657 0.9999397397041321 0.005691054277122021 -1.0934935808181763 -0.0003515574207995087 -0.005694605875760317 0.9999837279319763 73.34187316894531
0.9999126195907593 0.013189568184316158 0.0008887366857379675 -0.4586946964263916 -0.013193560764193535 0.999902069568634 0.00464816577732563 -1.1091349124908447 -0.0008273423300124705 -0.004659484606236219 0.9999887943267822 74.7420425415039
0.99988853931427 0.0148530388250947 0.0014598489506170154 -0.46702563762664795 -0.014859571121633053 0.9998790621757507 0.004572025965899229 -1.129272699356079 -0.0013917639153078198 -0.00459321029484272 0.9999884963035583 76.13214111328125
0.9998931288719177 0.0145375095307827 0.001542072044685483 -0.47010716795921326 -0.014544956386089325 0.9998819828033447 0.004934059921652079 -1.1437599658966064 -0.001470161136239767 -0.0049559613689780235 0.9999866485595703 77.54267883300781
0.9999004602432251 0.014007773250341415 0.0017008573049679399 -0.47900107502937317 -0.01401521172374487 0.9998918175697327 0.004443134646862745 -1.1632229089736938 -0.001638435060158372 -0.004466529935598373 0.9999886751174927 78.90966033935547
0.9999203681945801 0.012523007579147816 0.0015374923823401332 -0.48590439558029175 -0.012528469786047935 0.9999150633811951 0.0035955533385276794 -1.1826119422912598 -0.0014923347625881433 -0.00361452903598547 0.9999923706054688 80.300048828125
0.9999281167984009 0.011950124986469746 0.0009955459972843528 -0.48957517743110657 -0.011953640729188919 0.999921977519989 0.003603060496971011 -1.2020925283432007 -0.0009524116176180542 -0.0036147020291537046 0.9999930262565613 81.67402648925781
0.9999293088912964 0.011858133599162102 0.0007644713623449206 -0.4926484227180481 -0.01186078879982233 0.9999232888221741 0.003570274915546179 -1.2197356224060059 -0.0007220759289339185 -0.003579090116545558 0.9999933242797852 83.04634857177734
0.9999342560768127 0.01145955454558134 -0.00016518450865987688 -0.48561784625053406 -0.011458993889391422 0.9999295473098755 0.003075509797781706 -1.239835500717163 0.00020041686366312206 -0.0030734147876501083 0.999995231628418 84.40982818603516
0.9999337792396545 0.011473521590232849 -0.0009048992651514709 -0.4998975396156311 -0.01147027499973774 0.9999279975891113 0.00351590639911592 -1.2586321830749512 0.0009451741934753954 -0.0035052942112088203 0.9999933838844299 85.78746032714844
0.9999357461929321 0.01113750971853733 -0.0020841811783611774 -0.5009317994117737 -0.011128314770758152 0.9999285340309143 0.004372139926999807 -1.2828024625778198 0.0021327268332242966 -0.004348665941506624 0.9999882578849792 87.15330505371094
0.9999516606330872 0.009365322068333626 -0.002975979819893837 -0.5182039737701416 -0.009349764324724674 0.9999427199363708 0.005199642851948738 -1.3016825914382935 0.0030245056841522455 -0.005171568598598242 0.9999820590019226 88.56097412109375
0.9999659657478333 0.007130456622689962 -0.004157137591391802 -0.5301670432090759 -0.007106448523700237 0.9999581575393677 0.005761400330811739 -1.3225826025009155 0.004198045469820499 -0.005731662269681692 0.9999747276306152 89.92228698730469
0.9999757409095764 0.0047492762096226215 -0.00507974810898304 -0.538073718547821 -0.004719475284218788 0.9999716877937317 0.005862600635737181 -1.3426450490951538 0.005107446573674679 -0.0058384849689900875 0.9999698996543884 91.2916259765625
0.9999769926071167 0.003662598319351673 -0.005701760295778513 -0.5495689511299133 -0.003633564105257392 0.9999804496765137 0.005094283260405064 -1.3586500883102417 0.005720307119190693 -0.005073448643088341 0.9999707937240601 92.66542053222656
0.9999801516532898 0.0024824892170727253 -0.0057831620797514915 -0.5637528300285339 -0.002454375848174095 0.9999851584434509 0.004863296169787645 -1.3839141130447388 0.005795149598270655 -0.00484900688752532 0.9999714493751526 93.98186492919922
0.9999760389328003 0.0027031360659748316 -0.006374424323439598 -0.5757416486740112 -0.002678551245480776 0.9999889731407166 0.0038621562998741865 -1.3971127271652222 0.006384794134646654 -0.0038449896965175867 0.9999721646308899 95.34052276611328
0.9999803900718689 0.002660356694832444 -0.005670181475579739 -0.597398042678833 -0.002639778656885028 0.999989926815033 0.0036334830801934004 -1.4207763671875 0.005679790861904621 -0.0036184436175972223 0.9999773502349854 96.73320007324219
0.9999785423278809 0.003181733889505267 -0.005749041214585304 -0.6117517352104187 -0.003163492539897561 0.9999899864196777 0.0031791639048606157 -1.4440712928771973 0.005759099032729864 -0.0031609078869223595 0.9999784231185913 98.07225799560547
0.9999737739562988 0.004703904967755079 -0.005509047769010067 -0.62823885679245 -0.004686221946030855 0.9999838471412659 0.0032183111179620028 -1.462310552597046 0.005524097476154566 -0.003192410571500659 0.9999796748161316 99.39530944824219
0.9999728798866272 0.005149594973772764 -0.005259914323687553 -0.64555823802948 -0.00512479804456234 0.9999757409095764 0.004716949537396431 -1.481995701789856 0.005284077022224665 -0.0046898662112653255 0.9999750256538391 100.72920227050781
0.9999642968177795 0.006613218225538731 -0.0052614533342421055 -0.6656054854393005 -0.0065822117030620575 0.9999610185623169 0.00588890491053462 -1.5013238191604614 0.005300192628055811 -0.005854062270373106 0.9999687671661377 102.07313537597656
0.9999685883522034 0.006007919553667307 -0.005169886164367199 -0.6787436008453369 -0.005983591079711914 0.9999710321426392 0.00470838462933898 -1.5185493230819702 0.005198023747652769 -0.004677301272749901 0.9999755620956421 103.40776062011719
0.9999681711196899 0.006112986709922552 -0.005132501944899559 -0.6974049806594849 -0.006101544015109539 0.9999788999557495 0.002241929527372122 -1.541383147239685 0.005146099254488945 -0.0022105423267930746 0.9999843239784241 104.70816802978516
0.9999715685844421 0.005221351515501738 -0.005441860295832157 -0.7067326903343201 -0.00521704088896513 0.9999861121177673 0.0008059648098424077 -1.556333303451538 0.005445993039757013 -0.0007775516132824123 0.9999848008155823 106.05906677246094
0.9999812841415405 0.0026091195177286863 -0.005519243888556957 -0.7172382473945618 -0.002596180187538266 0.9999938607215881 0.0023502556141465902 -1.584509015083313 0.005525341723114252 -0.002335882978513837 0.9999819993972778 107.372314453125
0.9999873638153076 0.00013264213339425623 -0.005006981547921896 -0.7304090261459351 -0.0001111873280024156 0.9999908208847046 0.0042849453166127205 -1.6033411026000977 0.005007504019886255 -0.00428433483466506 0.9999783039093018 108.70943450927734
0.9999902844429016 -0.0010912702418863773 -0.00430167093873024 -0.7324234843254089 0.0011111515341326594 0.9999886751174927 0.004622067324817181 -1.6179556846618652 0.00429657893255353 -0.004626801703125238 0.999980092048645 110.05350494384766
0.9999909996986389 -0.0021716367918998003 -0.0036435595247894526 -0.7422356009483337 0.0021841127891093493 0.999991774559021 0.0034236900974065065 -1.639264702796936 0.0036360949743539095 -0.0034316182136535645 0.9999875426292419 111.36927795410156
0.9999963641166687 -0.0001689823839114979 -0.0026728527154773474 -0.7615443468093872 0.0001720412983559072 0.9999993443489075 0.0011442523682489991 -1.6600512266159058 0.002672657137736678 -0.001144707901403308 0.999995768070221 112.68856811523438
0.9999968409538269 0.002039437647908926 -0.0014702153857797384 -0.7714993953704834 -0.0020410879515111446 0.9999973177909851 -0.0011217592982575297 -1.679237961769104 0.001467923866584897 0.0011247561778873205 0.9999982118606567 114.02735900878906
0.9999838471412659 0.005681014619767666 -9.827823669183999e-05 -0.7894200682640076 -0.005681131966412067 0.9999830722808838 -0.0012375065125524998 -1.7014316320419312 9.124632924795151e-05 0.0012380447005853057 0.9999991655349731 115.33335876464844
0.9999749064445496 0.006951715797185898 0.0013438372407108545 -0.8014847636222839 -0.006952711381018162 0.9999755620956421 0.0007380917086265981 -1.7231545448303223 -0.0013386731734499335 -0.0007474164012819529 0.9999987483024597 116.67704772949219
0.9999719262123108 0.006999129895120859 0.0026545270811766386 -0.8091849684715271 -0.007006797939538956 0.9999712705612183 0.002890510717406869 -1.7468560934066772 -0.0026342193596065044 -0.0029090296011418104 0.9999922513961792 117.99788665771484
0.9999728202819824 0.00657441234216094 0.0033174706622958183 -0.8076900839805603 -0.006584890652447939 0.9999733567237854 0.0031575097236782312 -1.764353632926941 -0.0032966232392936945 -0.00317926867865026 0.9999895095825195 119.34159851074219
0.9999646544456482 0.00706876814365387 0.004543512128293514 -0.816011905670166 -0.007080782204866409 0.9999714493751526 0.0026335250586271286 -1.7784076929092407 -0.004524766001850367 -0.0026656039990484715 0.9999862313270569 120.6692123413086
0.9999470710754395 0.008460457436740398 0.005848660599440336 -0.8152300715446472 -0.00847537163645029 0.9999608397483826 0.0025300011038780212 -1.8012843132019043 -0.005827026441693306 -0.002579436870291829 0.9999796748161316 122.01524353027344
0.9999181628227234 0.010781822726130486 0.00688358535990119 -0.8197393417358398 -0.010795257985591888 0.9999399185180664 0.0019175533670932055 -1.8191821575164795 -0.006862496491521597 -0.0019917066674679518 0.9999744296073914 123.34269714355469
0.9999023675918579 0.011464063078165054 0.007986792363226414 -0.8202680945396423 -0.011469753459095955 0.9999340176582336 0.0006668849964626133 -1.834601879119873 -0.007978620938956738 -0.000758426554966718 0.9999679327011108 124.69489288330078
0.9998760223388672 0.013011354021728039 0.008871377445757389 -0.8175516128540039 -0.013012775219976902 0.9999153017997742 0.00010267746984027326 -1.8653204441070557 -0.008869290351867676 -0.00021810602629557252 0.9999606609344482 126.01870727539062
0.9998793005943298 0.012102323584258556 0.009743758477270603 -0.8111662268638611 -0.012100382708013058 0.999926745891571 -0.0002579769352450967 -1.8820996284484863 -0.009746166877448559 0.00014004255353938788 0.999952495098114 127.37227630615234
0.999881386756897 0.011266910471022129 0.010500267148017883 -0.8062743544578552 -0.011281127110123634 0.999935507774353 0.0012956931022927165 -1.9110280275344849 -0.010484992526471615 -0.0014139945851638913 0.9999440312385559 128.70169067382812
0.9998868107795715 0.009923896752297878 0.011304040439426899 -0.7975067496299744 -0.009947237558662891 0.9999485015869141 0.0020104486029595137 -1.9333739280700684 -0.011283506639301777 -0.0021226652897894382 0.9999341368675232 130.0125732421875
0.9998838305473328 0.009610825218260288 0.011831278912723064 -0.7944279313087463 -0.009639425203204155 0.9999507069587708 0.0023625853937119246 -1.950284481048584 -0.01180799026042223 -0.002476357389241457 0.9999272227287292 131.3836669921875
0.9998980760574341 0.007195488549768925 0.012330642901360989 -0.7902975082397461 -0.007223700638860464 0.9999714493751526 0.0022450003307312727 -1.9635311365127563 -0.012314138002693653 -0.0023338443133980036 0.999921441078186 132.73500061035156
0.9999186396598816 0.005875906441360712 0.011318106204271317 -0.7725402116775513 -0.005911874584853649 0.9999775886535645 0.0031472148839384317 -1.9925181865692139 -0.011299360543489456 -0.003213870571926236 0.9999309778213501 134.0936279296875
0.999932050704956 0.004325869493186474 0.010820128954946995 -0.7658599615097046 -0.004357817117124796 0.9999862313270569 0.002930757589638233 -2.011875629425049 -0.010807301849126816 -0.002977710450068116 0.9999371767044067 135.4369354248047
0.9999493956565857 0.0028463248163461685 0.009645356796681881 -0.7614168524742126 -0.0028733026701956987 0.9999920129776001 0.002784260082989931 -2.0298547744750977 -0.00963735394179821 -0.0028118332847952843 0.9999496340751648 136.77493286132812
0.9999629855155945 0.0014747194945812225 0.008475324138998985 -0.7533642053604126 -0.0015033117961138487 0.9999932050704956 0.003368167905136943 -2.0444233417510986 -0.008470299653708935 -0.003380784299224615 0.9999584555625916 138.1260986328125
0.9999703168869019 -0.0003104332135990262 0.007698834873735905 -0.7570328712463379 0.0002782776427920908 0.999991238117218 0.004177400376647711 -2.0748870372772217 -0.00770006375387311 -0.004175133071839809 0.9999615550041199 139.45986938476562
0.9999785423278809 -0.0006189369596540928 0.006524328608065844 -0.7599955201148987 0.0005928818718530238 0.9999918937683105 0.003994709346443415 -2.090327739715576 -0.006526748184114695 -0.003990755416452885 0.9999707341194153 140.7916717529297
0.9999844431877136 -0.001106357667595148 0.005471661686897278 -0.7586159706115723 0.0010876747546717525 0.9999935626983643 0.003416289808228612 -2.1106410026550293 -0.005475407000631094 -0.003410285571590066 0.9999791979789734 142.13514709472656
0.9999896287918091 -0.0011583395535126328 0.004414843395352364 -0.7643328905105591 0.0011441634269431233 0.999994158744812 0.0032122419215738773 -2.1304819583892822 -0.004418539348989725 -0.003207156900316477 0.9999850988388062 143.47071838378906
0.9999873042106628 -0.0034397903364151716 0.0036811274476349354 -0.7601465582847595 0.003436987055465579 0.9999938011169434 0.0007673373911529779 -2.1532232761383057 -0.0036837435327470303 -0.0007546757697127759 0.9999929070472717 144.8054962158203
0.9999586939811707 -0.008661126717925072 0.00275802961550653 -0.7603597044944763 0.008660501800477505 0.9999625086784363 0.00023801246425136924 -2.172893524169922 -0.0027599872555583715 -0.00021411673515103757 0.9999961853027344 146.15399169921875
0.9998674392700195 -0.016156312078237534 0.0020267092622816563 -0.7581138610839844 0.016150688752532005 0.9998657703399658 0.002759253140538931 -2.1996543407440186 -0.002071016700938344 -0.002726155100390315 0.999994158744812 147.49009704589844
0.9997380971908569 -0.02287975512444973 0.0006818196270614862 -0.7553699016571045 0.022876711562275887 0.9997296333312988 0.004181930795311928 -2.2169363498687744 -0.0007773170946165919 -0.004165237303823233 0.9999910593032837 148.82374572753906
0.9996582269668579 -0.026137692853808403 -0.0006161538767628372 -0.7430287003517151 0.026138100773096085 0.9996581673622131 0.0006662880768999457 -2.236078977584839 0.0005985277821309865 -0.000682165555190295 0.9999997019767761 150.16921997070312
0.9996647834777832 -0.025886986404657364 -0.0004415453295223415 -0.7608785033226013 0.02588588371872902 0.9996621608734131 -0.0023432914167642593 -2.262834310531616 0.0005020569078624249 0.0023310754913836718 0.9999971389770508 151.4970703125
0.9997518062591553 -0.022274546325206757 0.0004681074642576277 -0.7729495167732239 0.022276371717453003 0.9997424483299255 -0.004347734618932009 -2.289951801300049 -0.0003711430763360113 0.004357082769274712 0.9999904632568359 152.82156372070312
0.9997511506080627 -0.022266648709774017 0.0013379486044868827 -0.7777503728866577 0.022272223606705666 0.9997426271438599 -0.004305968061089516 -2.3172836303710938 -0.0012417248217388988 0.004334696102887392 0.9999898076057434 154.1842041015625
0.9996779561042786 -0.02529560774564743 0.002010294469073415 -0.7836654782295227 0.025298183783888817 0.9996790885925293 -0.001266141072846949 -2.3378801345825195 -0.001977621577680111 0.0013165908167138696 0.9999971389770508 155.52691650390625
0.999516487121582 -0.03099714033305645 0.0024797222577035427 -0.7772854566574097 0.03099295124411583 0.999518096446991 0.0017120926640927792 -2.3661623001098633 -0.002531597623601556 -0.0016344108153134584 0.9999954700469971 156.88230895996094
0.9993942975997925 -0.034711241722106934 0.002510371617972851 -0.7757782340049744 0.03470304235816002 0.9993924498558044 0.003240294987335801 -2.3866469860076904 -0.0026213207747787237 -0.003151214448735118 0.9999916553497314 158.2129669189453
0.9993468523025513 -0.03605159372091293 0.0024547509383410215 -0.7703251242637634 0.036044102162122726 0.9993455410003662 0.003031692001968622 -2.4089138507843018 -0.002562442095950246 -0.0029412335716187954 0.9999923706054688 159.56268310546875
0.9994113445281982 -0.03411681205034256 0.0035931109450757504 -0.7784767150878906 0.03410367667675018 0.9994116425514221 0.003656520275399089 -2.4261510372161865 -0.0037157456390559673 -0.003531829919666052 0.9999868273735046 160.898193359375
0.9995391368865967 -0.03005567193031311 0.004262762609869242 -0.7707459926605225 0.030043981969356537 0.9995446801185608 0.002780779032036662 -2.446847438812256 -0.004344400018453598 -0.0026514274068176746 0.999987006187439 162.26702880859375
0.9996331930160522 -0.026480933651328087 0.005678168032318354 -0.7902506589889526 0.02647729404270649 0.9996491074562073 0.0007148607401177287 -2.468258857727051 -0.005695105995982885 -0.0005642559262923896 0.9999836087226868 163.58302307128906
0.9997072219848633 -0.023396005854010582 0.006186929997056723 -0.782834529876709 0.023397507146000862 0.9997262358665466 -0.0001699805579846725 -2.485450029373169 -0.006181259173899889 0.0003146895032841712 0.9999808669090271 164.93853759765625
0.9997538328170776 -0.021073706448078156 0.006930961273610592 -0.7958744168281555 0.02106609381735325 0.9997773766517639 0.0011694428976625204 -2.507357597351074 -0.0069540622644126415 -0.0010231470223516226 0.9999752640724182 166.2805633544922
0.9997906684875488 -0.01951199397444725 0.006151583977043629 -0.7824795246124268 0.019509099423885345 0.9998095035552979 0.000530149438418448 -2.5302700996398926 -0.0061607565730810165 -0.00041002672514878213 0.9999809265136719 167.6519317626953
0.9998449087142944 -0.016573462635278702 0.0059603056870400906 -0.7815579771995544 0.016586823388934135 0.9998599886894226 -0.002199244685471058 -2.5450918674468994 -0.005923022981733084 0.002297766041010618 0.9999797940254211 169.01576232910156
0.9999064207077026 -0.012507238425314426 0.005539084784686565 -0.7856654524803162 0.012535464018583298 0.9999085068702698 -0.005090379621833563 -2.5679080486297607 -0.0054749115370213985 0.005159338004887104 0.9999716877937317 170.36907958984375
0.9999552965164185 -0.007721020374447107 0.0054623945616185665 -0.7942967414855957 0.00775365112349391 0.9999520778656006 -0.005978194065392017 -2.6036183834075928 -0.0054159751161932945 0.006020279601216316 0.9999672174453735 171.7182159423828
0.9999775886535645 -0.003313001710921526 0.005819669459015131 -0.801331639289856 0.003340893192216754 0.9999830722808838 -0.004789468366652727 -2.6324822902679443 -0.005803702399134636 0.004808804020285606 0.9999715089797974 173.08299255371094
0.9999796152114868 -0.00018989128875546157 0.006381963845342398 -0.8072024583816528 0.00020850618602707982 0.9999957084655762 -0.002916259691119194 -2.6586244106292725 -0.006381382700055838 0.002917530480772257 0.9999753832817078 174.4451141357422
0.9999796152114868 0.0007639120449312031 0.006344831548631191 -0.808013379573822 -0.0007586460560560226 0.9999993443489075 -0.0008323455695062876 -2.680840015411377 -0.006345463450998068 0.0008275153231807053 0.999979555606842 175.82333374023438
0.9999802112579346 -0.0028275735676288605 0.005609494633972645 -0.8158809542655945 0.0028256592340767384 0.9999959468841553 0.0003491546376608312 -2.706186056137085 -0.0056104594841599464 -0.00033329721190966666 0.9999842047691345 177.17417907714844
0.9999826550483704 -0.004504880402237177 0.0038249315693974495 -0.810915470123291 0.004503757692873478 0.9999898076057434 0.00030189979588612914 -2.7238922119140625 -0.00382625381462276 -0.0002846678835339844 0.9999926090240479 178.5730438232422
0.9999841451644897 -0.005252843257039785 0.001988512696698308 -0.8166561126708984 0.005260408390313387 0.9999788999557495 -0.003818645142018795 -2.754153251647949 -0.0019684117287397385 0.003829045919701457 0.9999907612800598 179.94549560546875
0.9999936819076538 -0.0035203529987484217 0.000390031113056466 -0.8175333142280579 0.003523406805470586 0.9999607801437378 -0.008127301931381226 -2.7808916568756104 -0.000361404730938375 0.008128626272082329 0.9999668598175049 181.33741760253906
0.9999985098838806 0.001622329349629581 -0.0005519320839084685 -0.8272342681884766 -0.0016271623317152262 0.9999592304229736 -0.008872096426784992 -2.8141062259674072 0.0005375161417759955 0.008872980251908302 0.9999604821205139 182.74734497070312
0.9999864101409912 0.005190511699765921 -0.0005433802725747228 -0.8434106707572937 -0.0051946197636425495 0.9999556541442871 -0.007853039540350437 -2.847749948501587 0.0005025950376875699 0.007855755276978016 0.9999690055847168 184.13796997070312
0.999972939491272 0.007355150766670704 -0.0001739796862239018 -0.8621952533721924 -0.007355852052569389 0.9999630451202393 -0.004448437597602606 -2.8800950050354004 0.0001412543497281149 0.004449598025530577 0.9999901056289673 185.5218048095703
0.9999688863754272 0.00789085403084755 -4.383188934298232e-05 -0.8643305897712708 -0.007890932261943817 0.9999664425849915 -0.002258628373965621 -2.908578395843506 2.6007874112110585e-05 0.0022589038126170635 0.9999974370002747 186.9160614013672
0.9999735951423645 0.007263991050422192 6.83192556607537e-05 -0.8727385997772217 -0.007263876497745514 0.999972403049469 -0.0015458668349310756 -2.9256255626678467 -7.954658212838694e-05 0.0015453299274668097 0.9999987483024597 188.336669921875
0.9999865293502808 0.005195505451411009 5.6506414694013074e-05 -0.8796010613441467 -0.00519544817507267 0.9999859929084778 -0.0009565732907503843 -2.948740005493164 -6.147554086055607e-05 0.0009562668856233358 0.9999995231628418 189.7501220703125
0.9999953508377075 0.0030270663555711508 5.6566408602520823e-05 -0.8777769207954407 -0.0030270416755229235 0.9999952912330627 -0.00043613783782348037 -2.9746947288513184 -5.788635098724626e-05 0.00043596458272077143 0.9999998807907104 191.2051544189453
0.9999998807907104 0.0002915819932240993 0.0003577345050871372 -0.8850775957107544 -0.00029144209111109376 0.9999998211860657 -0.00039196485886350274 -2.997363567352295 -0.00035784876672551036 0.00039186052163131535 0.9999998211860657 192.635986328125
0.9999948740005493 -0.0031233513727784157 0.0007255121017806232 -0.890009343624115 0.003122665686532855 0.999994695186615 0.0009442674927413464 -3.0274860858917236 -0.0007284575258381665 -0.0009419971029274166 0.9999992847442627 194.0379180908203
0.9999718070030212 -0.00739201158285141 0.0013505661627277732 -0.8892045617103577 0.007388346828520298 0.9999691247940063 0.002700058976188302 -3.0508460998535156 -0.001370483310893178 -0.0026900044176727533 0.9999954700469971 195.47357177734375
0.9999446272850037 -0.010416573844850063 0.0014784068334847689 -0.8793411254882812 0.010412869974970818 0.9999426603317261 0.002488774713128805 -3.07230281829834 -0.0015042463783174753 -0.002473242115229368 0.9999958276748657 196.92181396484375
0.9999679923057556 -0.0078006223775446415 0.0018136249855160713 -0.887536883354187 0.007804571650922298 0.9999671578407288 -0.0021812082268297672 -3.0893213748931885 -0.0017965506995096803 0.0021952928509563208 0.9999960064888 198.34678649902344
0.9999974966049194 -0.0011292550479993224 0.0019254533108323812 -0.8874976634979248 0.0011427579447627068 0.9999746084213257 -0.00702630914747715 -3.116703510284424 -0.001917470246553421 0.007028491701930761 0.999973475933075 199.8114776611328
0.9999588131904602 0.008367338217794895 0.003501184517517686 -0.9085791110992432 -0.008341682143509388 0.9999386668205261 -0.007279423996806145 -3.1455912590026855 -0.0035618795081973076 0.007249918300658464 0.9999673962593079 201.26409912109375
0.9998555183410645 0.016379399225115776 0.0045473454520106316 -0.9300737977027893 -0.016362348571419716 0.9998590350151062 -0.003761588130146265 -3.1709039211273193 -0.004608317278325558 0.0036866390146315098 0.9999825954437256 202.6988983154297
0.9998467564582825 0.016648676246404648 0.0054018739610910416 -0.9313547611236572 -0.016641754657030106 0.9998606443405151 -0.0013234550133347511 -3.2045960426330566 -0.005423154681921005 0.0012333556078374386 0.9999845623970032 204.14625549316406
0.9998745918273926 0.015057279728353024 0.004883753601461649 -0.9307652115821838 -0.01505187340080738 0.9998860359191895 -0.0011416580528020859 -3.2218754291534424 -0.004900387022644281 0.0010680051054805517 0.9999874830245972 205.58631896972656
0.9999247789382935 0.011698456481099129 0.0036807693541049957 -0.9297100305557251 -0.011695017106831074 0.9999311566352844 -0.0009542609332129359 -3.2533154487609863 -0.0036916788667440414 0.0009111425024457276 0.9999927878379822 207.02890014648438
0.9999437928199768 0.010081712156534195 0.0032877230551093817 -0.9466900825500488 -0.01007627323269844 0.9999477863311768 -0.0016670998884364963 -3.2729358673095703 -0.0033043588045984507 0.0016338782152161002 0.9999932050704956 208.470458984375
0.9999403953552246 0.0105317123234272 0.002889153780415654 -0.9492554664611816 -0.010525788180530071 0.999942421913147 -0.002058214507997036 -3.297485113143921 -0.0029106640722602606 0.0020276810973882675 0.9999937415122986 209.94032287597656
0.9999276399612427 0.011725835502147675 0.002657537814229727 -0.9551751017570496 -0.01172086875885725 0.9999294877052307 -0.0018770716851577163 -3.324643135070801 -0.002679361030459404 0.0018457866972312331 0.999994695186615 211.38845825195312
0.9999223351478577 0.012265103869140148 0.002201997209340334 -0.9538488984107971 -0.012263034470379353 0.9999243021011353 -0.000951939495280385 -3.3532919883728027 -0.002213506493717432 0.0009248620481230319 0.999997079372406 212.85032653808594
0.9999276399612427 0.011816279031336308 0.0022688559256494045 -0.9666042327880859 -0.011813848279416561 0.9999296069145203 -0.0010824950877577066 -3.383936643600464 -0.0022814874537289143 0.0010556125780567527 0.9999968409538269 214.32701110839844
0.9999321103096008 0.011449524201452732 0.0021676048636436462 -0.9719478487968445 -0.01144473161548376 0.999932050704956 -0.0022105961106717587 -3.4126815795898438 -0.002192768035456538 0.0021856382954865694 0.999995231628418 215.80068969726562
0.9999415874481201 0.01071899849921465 0.0014011651510372758 -0.970897912979126 -0.010715270414948463 0.9999390840530396 -0.002642002422362566 -3.4324841499328613 -0.0014293993590399623 0.0026268342044204473 0.9999955296516418 217.26841735839844
0.9999365210533142 0.011196757666766644 0.001197320525534451 -0.9815924763679504 -0.011193479411303997 0.9999336004257202 -0.0027106294874101877 -3.4597485065460205 -0.001227591186761856 0.0026970552280545235 0.9999955892562866 218.742919921875
0.9999323487281799 0.011580056510865688 0.0010742914164438844 -0.9921724200248718 -0.011576824821531773 0.9999285936355591 -0.0029673271346837282 -3.4844961166381836 -0.0011085765436291695 0.002954689087346196 0.9999949932098389 220.22256469726562
0.9999303817749023 0.011774624697864056 0.0006593473954126239 -1.0007447004318237 -0.011772368103265762 0.9999251961708069 -0.0033268870320171118 -3.5107266902923584 -0.0006984708015806973 0.0033188932575285435 0.9999942779541016 221.7066192626953
0.999925434589386 0.012199818156659603 0.0005030369502492249 -1.0172760486602783 -0.012198165990412235 0.9999206066131592 -0.0031671100296080112 -3.544445037841797 -0.0005416352651081979 0.0031607376877218485 0.9999948740005493 223.15908813476562
