0.9999950528144836 0.001934932777658105 0.002490601735189557 -0.10406406968832016 -0.0019345366163179278 0.9999980926513672 -0.0001614691864233464 -0.30039140582084656 -0.0024909095373004675 0.00015665021783206612 0.9999969005584717 -1.8062725067138672
0.999999463558197 0.0003148686664644629 0.0010534538887441158 -0.10515706241130829 -0.00031371976365335286 0.9999993443489075 -0.0010907306568697095 -0.30818048119544983 -0.0010537967318668962 0.0010903995716944337 0.9999988675117493 -1.2420287132263184
1.0 0.00010754331742646173 8.034125494305044e-05 -0.10909947752952576 -0.00010732252121670172 0.9999962449073792 -0.002743244171142578 -0.3181398808956146 -8.06357929832302e-05 0.002743235556408763 0.9999962449073792 -0.6867358088493347
0.9999977350234985 -0.000580206629820168 -0.002054012380540371 -0.1090429276227951 0.0005726070376113057 0.9999929666519165 -0.0036984796170145273 -0.3359084129333496 0.002056143945083022 0.00369729520753026 0.9999910593032837 -0.12157351523637772
0.9999895095825195 -0.002413179026916623 -0.003894736059010029 -0.11851600557565689 0.002391000045463443 0.9999809861183167 -0.005689202342182398 -0.3420930504798889 0.003908390644937754 0.005679830443114042 0.9999762773513794 0.44575461745262146
0.9999757409095764 -0.004928166046738625 -0.004910475108772516 -0.1309284120798111 0.00489146588370204 0.9999602437019348 -0.007458057254552841 -0.36135879158973694 0.004947032779455185 0.007433857303112745 0.9999601244926453 0.994608998298645
0.9999608397483826 -0.006120617501437664 -0.0063841561786830425 -0.1359807401895523 0.006069736555218697 0.9999499320983887 -0.007958915084600449 -0.3761126697063446 0.006432550493627787 0.007919851690530777 0.9999479651451111 1.5641453266143799
0.9999521970748901 -0.006110986694693565 -0.0076257940381765366 -0.1473238319158554 0.0060552628710865974 0.9999550580978394 -0.007309058215469122 -0.3887978196144104 0.007670115679502487 0.007262532599270344 0.9999442100524902 2.14437198638916
0.9999406933784485 -0.006551612168550491 -0.008699220605194569 -0.15576675534248352 0.00648410664871335 0.9999488592147827 -0.007765458896756172 -0.4027087390422821 0.008749650791287422 0.007708592806011438 0.9999319911003113 2.7388522624969482
0.9999325275421143 -0.005994274280965328 -0.009948923252522945 -0.16367551684379578 0.005890598986297846 0.9999282956123352 -0.010417591780424118 -0.41979336738586426 0.010010655038058758 0.01035828236490488 0.999896228313446 3.3303773403167725
0.9999281764030457 -0.004324831068515778 -0.011175449937582016 -0.17687328159809113 0.0041658771224319935 0.9998903274536133 -0.014207858592271805 -0.43496236205101013 0.011235670186579227 0.014160281978547573 0.9998366236686707 3.937326669692993
0.9999163746833801 -0.0030453549697995186 -0.012565795332193375 -0.1906784325838089 0.002818523906171322 0.9998335242271423 -0.01802976429462433 -0.44578543305397034 0.012618611566722393 0.017992837354540825 0.9997585415840149 4.551148891448975
0.9999071955680847 -0.001104256371036172 -0.013577676378190517 -0.2079295516014099 0.0008596248808316886 0.9998374581336975 -0.0180097296833992 -0.4603618383407593 0.013595356605947018 0.01799638569355011 0.9997456669807434 5.179355144500732
0.9998894929885864 0.0013023496139794588 -0.014809731394052505 -0.21942806243896484 -0.0014684114139527082 0.9999361038208008 -0.011207693256437778 -0.47060996294021606 0.014794190414249897 0.011228200048208237 0.99982750415802 5.817564010620117
0.9998831152915955 0.0021525241900235415 -0.015135708265006542 -0.24071542918682098 -0.002160158706828952 0.9999975562095642 -0.0004880675405729562 -0.4848329722881317 0.015134621411561966 0.0005207064677961171 0.9998853802680969 6.480186939239502
0.9998643398284912 0.002975086448714137 -0.016200566664338112 -0.2521381378173828 -0.0028761799912899733 0.9999771118164062 0.0061249928548932076 -0.4961278736591339 0.01621841825544834 -0.006077565718442202 0.9998500347137451 7.1628265380859375
0.9998332858085632 0.005400057416409254 -0.017444923520088196 -0.2705579400062561 -0.005314127076417208 0.9999735951423645 0.004968456923961639 -0.5089014172554016 0.01747129298746586 -0.00487492373213172 0.9998354911804199 7.85744047164917
0.9998070597648621 0.007465707138180733 -0.018170349299907684 -0.29378587007522583 -0.007503730244934559 0.9999697208404541 -0.002025346038863063 -0.5197587609291077 0.018154682591557503 0.0021613005083054304 0.999832808971405 8.53571891784668
0.9997875094413757 0.007034801412373781 -0.01937730237841606 -0.3111664652824402 -0.007188960909843445 0.9999428987503052 -0.00789758563041687 -0.5212170481681824 0.019320636987686157 0.008035210892558098 0.9997810125350952 9.247819900512695
0.9997824430465698 0.004872997757047415 -0.020277665928006172 -0.32803675532341003 -0.005006112158298492 0.9999661445617676 -0.006519000045955181 -0.5226644277572632 0.02024521492421627 0.00661909393966198 0.9997731447219849 9.980338096618652
0.999778687953949 0.004147141240537167 -0.020625228062272072 -0.3470979630947113 -0.004092513117939234 0.9999880194664001 0.0026900761295109987 -0.5299165844917297 0.020636137574911118 -0.002605071756988764 0.9997836351394653 10.74904727935791
0.9997681379318237 0.003831615438684821 -0.021188221871852875 -0.36764994263648987 -0.003613546257838607 0.9999403357505798 0.010320701636373997 -0.5388097167015076 0.02122649922966957 -0.010241743177175522 0.9997222423553467 11.529945373535156
0.9997598528862 0.0027531629893928766 -0.021740224212408066 -0.3857676088809967 -0.002473138738423586 0.9999138116836548 0.012896872125566006 -0.5416634678840637 0.02177385427057743 -0.012840008363127708 0.9996805191040039 12.316142082214355
0.9997583627700806 0.0010549214202910662 -0.02195318602025509 -0.40302786231040955 -0.0007966315024532378 0.9999303817749023 0.011770892888307571 -0.5412013530731201 0.021964073181152344 -0.011750560253858566 0.9996897578239441 13.117609024047852
0.9997695684432983 0.000707808940205723 -0.021453531458973885 -0.42847055196762085 -0.0005084792501293123 0.9999566674232483 0.009295250289142132 -0.5410636067390442 0.021459180861711502 -0.009282199665904045 0.9997265934944153 13.955873489379883
0.9997706413269043 0.003096751868724823 -0.02118910662829876 -0.4489244818687439 -0.00297257537022233 0.9999781847000122 0.005889379885047674 -0.5412118434906006 0.02120688185095787 -0.005825041327625513 0.9997581243515015 14.78810977935791
0.9998008608818054 -8.170465298462659e-05 -0.019957205280661583 -0.4690853953361511 8.742168574826792e-05 0.9999999403953552 0.00028560569626279175 -0.5458590984344482 0.019957177340984344 -0.0002872935147024691 0.9998008012771606 15.639019966125488
0.9998067021369934 -0.0030525713227689266 -0.019428089261054993 -0.48033788800239563 0.0029383411165326834 0.9999783039093018 -0.005905431695282459 -0.5546639561653137 0.019445693120360374 0.00584720354527235 0.9997938275337219 16.5130558013916
0.9998242855072021 -0.0019815335981547832 -0.018644550815224648 -0.4967088997364044 0.0017726087244227529 0.9999356269836426 -0.011215517297387123 -0.5682377219200134 0.01866557076573372 0.011180495843291283 0.9997632503509521 17.40774917602539
0.9998340010643005 -0.00018858503608498722 -0.01821545511484146 -0.5244637727737427 -3.0385710488189943e-05 0.9999277591705322 -0.0120201101526618 -0.5854892134666443 0.01821640320122242 0.01201866939663887 0.9997618794441223 18.314199447631836
0.9998312592506409 -0.0003143188951071352 -0.018367640674114227 -0.5517261624336243 0.00010686689347494394 0.9999362230300903 -0.011294318363070488 -0.6086294651031494 0.018370019271969795 0.011290449649095535 0.999767541885376 19.256948471069336
0.9998255372047424 0.0010028287069872022 -0.018648549914360046 -0.5589686632156372 -0.0012483097380027175 0.999912679195404 -0.013156574219465256 -0.6267758011817932 0.018633725121617317 0.013177558779716492 0.9997395277023315 20.197181701660156
0.9998226165771484 0.0036723765078932047 -0.018472598865628242 -0.5825263261795044 -0.003955380991101265 0.9998749494552612 -0.015307058580219746 -0.6464956402778625 0.018414076417684555 0.015377409756183624 0.9997121691703796 21.151233673095703
0.9997984766960144 0.007179564330726862 -0.018744634464383125 -0.6103755831718445 -0.007480091415345669 0.9998437762260437 -0.016012124717235565 -0.6693493723869324 0.018626747652888298 0.016149111092090607 0.9996960759162903 22.114892959594727
0.9997842311859131 0.009264221414923668 -0.01859164610505104 -0.640977144241333 -0.009562605060636997 0.9998258352279663 -0.0160251185297966 -0.6982071995735168 0.018439944833517075 0.016199445351958275 0.9996986985206604 23.088424682617188
0.9997718334197998 0.00974859669804573 -0.019006123766303062 -0.6613701581954956 -0.010055863298475742 0.9998191595077515 -0.016138702630996704 -0.7258360981941223 0.01884535700082779 0.016326144337654114 0.9996891021728516 24.06746482849121
0.999765157699585 0.009816853329539299 -0.01931973546743393 -0.6793635487556458 -0.010127782821655273 0.9998196959495544 -0.01606236770749092 -0.7538419365882874 0.01915856823325157 0.016254259273409843 0.9996843338012695 25.055837631225586
0.9997397661209106 0.011265712790191174 -0.019840935245156288 -0.7048328518867493 -0.01155860535800457 0.9998249411582947 -0.01470972876995802 -0.7863821387290955 0.019671747460961342 0.014935232698917389 0.9996948838233948 26.057443618774414
0.9997389316558838 0.011481950990855694 -0.019755026325583458 -0.7294755578041077 -0.011733254417777061 0.9998511075973511 -0.012652493081986904 -0.814458429813385 0.019606806337833405 0.012880980037152767 0.999724805355072 27.08222198486328
0.9997286200523376 0.01223704032599926 -0.019821804016828537 -0.760219156742096 -0.012463867664337158 0.9998577833175659 -0.011360502801835537 -0.8441001176834106 0.0196799635887146 0.011604475788772106 0.9997389912605286 28.10407257080078
0.9997254610061646 0.011856812052428722 -0.020210182294249535 -0.7817372679710388 -0.01210722979158163 0.999850869178772 -0.012313718907535076 -0.872690737247467 0.02006116509437561 0.012555026449263096 0.9997199177742004 29.125537872314453
0.9997103214263916 0.013102924451231956 -0.020190633833408356 -0.814021646976471 -0.013379687443375587 0.999817430973053 -0.013633856549859047 -0.8936914801597595 0.020008305087685585 0.013900049962103367 0.9997031688690186 30.167436599731445
0.9997091293334961 0.01332056988030672 -0.02010149136185646 -0.848683774471283 -0.013579786755144596 0.999825656414032 -0.012814470566809177 -0.9178879857063293 0.019927289336919785 0.013083718717098236 0.9997158050537109 31.22771453857422
0.9996888637542725 0.012953665107488632 -0.021311424672603607 -0.8657950162887573 -0.013182779774069786 0.9998564124107361 -0.010645671747624874 -0.9379616379737854 0.021170463413000107 0.01092330552637577 0.9997162222862244 32.27817153930664
0.9996742606163025 0.013644367456436157 -0.021565115079283714 -0.8949535489082336 -0.013800963759422302 0.9998793601989746 -0.007129566743969917 -0.9592782855033875 0.021465234458446503 0.00742486584931612 0.9997420310974121 33.33445739746094
0.9996717572212219 0.013277919963002205 -0.021907499060034752 -0.9255304932594299 -0.01337489951401949 0.999901294708252 -0.004286119248718023 -0.9904767870903015 0.02184843085706234 0.004577721934765577 0.9997507333755493 34.40517044067383
0.9996600151062012 0.013494898565113544 -0.02230645716190338 -0.955120325088501 -0.01358367595821619 0.9999002814292908 -0.003833141177892685 -1.0093401670455933 0.022252505645155907 0.00413484126329422 0.9997438192367554 35.477020263671875
0.9996486902236938 0.01278312411159277 -0.02321825735270977 -0.9754773378372192 -0.012903064489364624 0.9999040961265564 -0.005023299716413021 -1.0354208946228027 0.02315181866288185 0.005321120843291283 0.9997177720069885 36.57025146484375
0.9996234774589539 0.01332849357277155 -0.0239829421043396 -1.0104262828826904 -0.013466993346810341 0.9998934864997864 -0.005622684024274349 -1.053688645362854 0.023905446752905846 0.005943543743342161 0.9996964931488037 37.64464569091797
0.9996299147605896 0.012774419970810413 -0.024018848314881325 -1.0538177490234375 -0.012883482500910759 0.9999073147773743 -0.004391428083181381 -1.0773845911026 0.023960525169968605 0.0046992492862045765 0.9997018575668335 38.737247467041016
0.9996020197868347 0.013486620970070362 -0.02477923221886158 -1.088584303855896 -0.013555604964494705 0.9999047517776489 -0.0026181298308074474 -1.0936580896377563 0.024741563946008682 0.002952985465526581 0.9996894598007202 39.82453155517578
0.9996123313903809 0.012828216888010502 -0.024715924635529518 -1.129958987236023 -0.01282289158552885 0.99991774559021 0.00037392490776255727 -1.123186469078064 0.024718688800930977 -5.685069118044339e-05 0.9996944069862366 40.92062759399414
0.9995692372322083 0.01448842603713274 -0.025526830926537514 -1.163167953491211 -0.014488061890006065 0.9998950958251953 0.0001992151082959026 -1.1445661783218384 0.02552703581750393 0.00017070438480004668 0.9996740818023682 41.995845794677734
0.9995288848876953 0.0153046278283 -0.026604529470205307 -1.1824822425842285 -0.015411664731800556 0.9998738765716553 -0.0038229175843298435 -1.1675915718078613 0.02654266729950905 0.004231136292219162 0.9996387362480164 43.090579986572266
0.9995149374008179 0.016600243747234344 -0.02635151334106922 -1.2216465473175049 -0.016821185126900673 0.9998250007629395 -0.008184997364878654 -1.1853529214859009 0.026211030781269073 0.008624290116131306 0.9996192455291748 44.172019958496094
0.9995136260986328 0.016855787485837936 -0.02623908221721649 -1.2580293416976929 -0.017084885388612747 0.9998175501823425 -0.008531637489795685 -1.2106006145477295 0.02609049156308174 0.008975778706371784 0.9996192455291748 45.254730224609375
0.999495804309845 0.017405150458216667 -0.026556137949228287 -1.288433313369751 -0.017556264996528625 0.9998309016227722 -0.005467830691486597 -1.2405887842178345 0.026456478983163834 0.0059312996454536915 0.9996324181556702 46.345924377441406
0.9994992613792419 0.017713332548737526 -0.026219865307211876 -1.3279452323913574 -0.017806781455874443 0.9998359084129333 -0.0033347802236676216 -1.2649071216583252 0.02615649625658989 0.0038000019267201424 0.9996506571769714 47.46038818359375
0.9995272755622864 0.0161884855479002 -0.02613726072013378 -1.3614261150360107 -0.016247302293777466 0.9998659491539001 -0.0020393484737724066 -1.2871475219726562 0.02610074356198311 0.0024630441330373287 0.9996563196182251 48.54848861694336
0.9995336532592773 0.016321783885359764 -0.025807345286011696 -1.391343355178833 -0.0163910910487175 0.9998626112937927 -0.002476185094565153 -1.3158502578735352 0.025763386860489845 0.0028980409260839224 0.9996638894081116 49.63566207885742
0.9995577931404114 0.015250165946781635 -0.0255268681794405 -1.4314419031143188 -0.01537568960338831 0.9998705387115479 -0.004728222265839577 -1.3328857421875 0.025451460853219032 0.005118624772876501 0.9996628761291504 50.72626495361328
0.9995655417442322 0.015138276852667332 -0.02528872899711132 -1.4576642513275146 -0.015322200953960419 0.9998573660850525 -0.007095065899193287 -1.3528485298156738 0.025177717208862305 0.007479461841285229 0.9996549487113953 51.81396484375
0.9995867013931274 0.014080999419093132 -0.025060899555683136 -1.491360068321228 -0.014330964535474777 0.9998490214347839 -0.009822770021855831 -1.3773950338363647 0.024918803945183754 0.010177859105169773 0.9996376037597656 52.91822052001953
0.9996121525764465 0.01255953311920166 -0.02485555410385132 -1.5241137742996216 -0.012876003049314022 0.9998375177383423 -0.012613513506948948 -1.4182649850845337 0.024693096056580544 0.01292866375297308 0.999611496925354 53.99824142456055
0.9996303915977478 0.010764693841338158 -0.02496565505862236 -1.5486260652542114 -0.011123797856271267 0.9998360276222229 -0.014289899729192257 -1.450049877166748 0.024807734414935112 0.014562331140041351 0.9995862245559692 55.086299896240234
0.9996615052223206 0.009240305051207542 -0.02431785687804222 -1.5788168907165527 -0.009527050890028477 0.999886155128479 -0.011702317744493484 -1.484529972076416 0.02420695312321186 0.011930035427212715 0.9996357560157776 56.16883087158203
0.9996770620346069 0.008058561012148857 -0.024100003764033318 -1.6156131029129028 -0.008212494663894176 0.9999464750289917 -0.006295136176049709 -1.5063154697418213 0.024047989398241043 0.006491024047136307 0.9996896982192993 57.28710174560547
0.999693751335144 0.006404543295502663 -0.023901905864477158 -1.6416141986846924 -0.006414687726646662 0.9999793767929077 -0.00034774834057316184 -1.527762770652771 0.02389918640255928 0.0005009649903513491 0.999714195728302 58.379310607910156
0.9997047185897827 0.004905067849904299 -0.023796427994966507 -1.6687897443771362 -0.004898982122540474 0.9999879598617554 0.00031405259505845606 -1.5492442846298218 0.02379767969250679 -0.00019738166884053499 0.9997167587280273 59.479068756103516
0.9997113943099976 0.0016266746679320931 -0.023967590183019638 -1.691041111946106 -0.00169279589317739 0.9999948740005493 -0.0027387391310185194 -1.5656126737594604 0.02396300807595253 0.002778521040454507 0.9997090101242065 60.57420349121094
0.9997220039367676 0.00020983957801945508 -0.02357286401093006 -1.7267884016036987 -0.0003512107068672776 0.9999819993972778 -0.005993231199681759 -1.5855865478515625 0.023571180179715157 0.005999844986945391 0.9997041821479797 61.660369873046875
0.9997168779373169 0.0023574226070195436 -0.023674437776207924 -1.7598142623901367 -0.002585847396403551 0.9999502897262573 -0.009622600860893726 -1.6204183101654053 0.023650579154491425 0.009681092575192451 0.9996734261512756 62.76268005371094
0.9997159838676453 0.002492389874532819 -0.023701660335063934 -1.7878271341323853 -0.002822571201249957 0.9998992085456848 -0.01390747632831335 -1.6460883617401123 0.02366461046040058 0.013970425352454185 0.9996223449707031 63.85531234741211
0.9997225403785706 0.0055428422056138515 -0.022892508655786514 -1.8279188871383667 -0.005883155390620232 0.9998727440834045 -0.014825190417468548 -1.6720833778381348 0.022807421162724495 0.01495575625449419 0.9996280074119568 64.955810546875
0.9997175931930542 0.009368803352117538 -0.02184021845459938 -1.8715953826904297 -0.009611357003450394 0.9998930096626282 -0.01102751586586237 -1.7071268558502197 0.021734563633799553 0.011234317906200886 0.999700665473938 66.0565185546875
0.9997121095657349 0.010480644181370735 -0.02158294804394245 -1.903179407119751 -0.010669874958693981 0.9999054074287415 -0.008671180345118046 -1.7364994287490845 0.021490028128027916 0.008898970670998096 0.9997294545173645 67.14828491210938
0.9997180700302124 0.009615179151296616 -0.021712789312005043 -1.9284234046936035 -0.009790549986064434 0.999920129776001 -0.007985047064721584 -1.760656476020813 0.021634278818964958 0.008195375092327595 0.9997323751449585 68.24169921875
0.9997225999832153 0.008828028105199337 -0.021836411207914352 -1.9524062871932983 -0.008995359763503075 0.9999308586120605 -0.007576648611575365 -1.7867262363433838 0.02176801487803459 0.00777097325772047 0.9997328519821167 69.35186767578125
0.9997278451919556 0.007790850941091776 -0.021993199363350868 -1.9800432920455933 -0.007926175370812416 0.9999502301216125 -0.006072529125958681 -1.8163073062896729 0.021944794803857803 0.006245198659598827 0.9997397065162659 70.44393157958984
0.9997362494468689 0.006191906053572893 -0.022118031978607178 -2.0114142894744873 -0.0062820869497954845 0.9999722838401794 -0.004010103177279234 -1.842016577720642 0.022092588245868683 0.00414799340069294 0.9997473359107971 71.54432678222656
0.9997210502624512 0.005213210359215736 -0.02303224429488182 -2.0396742820739746 -0.005268258973956108 0.9999833703041077 -0.0023300712928175926 -1.8684219121932983 0.023019714280962944 0.002450761152431369 0.9997320175170898 72.6380386352539
0.9997224807739258 0.004827721975743771 -0.02305661141872406 -2.0756566524505615 -0.004902246408164501 0.9999828934669495 -0.003176836995407939 -1.8980101346969604 0.023040881380438805 0.003288984764367342 0.9997290968894958 73.7236328125
0.9996997714042664 0.004523890558630228 -0.02407958172261715 -2.1023168563842773 -0.0046981810592114925 0.9999631643295288 -0.007186447735875845 -1.921194314956665 0.02404618263244629 0.007297421805560589 0.99968421459198 74.80694580078125
0.9996706247329712 0.00512288510799408 -0.025148611515760422 -2.1271770000457764 -0.005355255678296089 0.9999435544013977 -0.00918127316981554 -1.9476139545440674 0.025100156664848328 0.009312924928963184 0.9996415376663208 75.88636779785156
0.9996514320373535 0.007039671763777733 -0.025444509461522102 -2.1666555404663086 -0.00723431957885623 0.9999452233314514 -0.007565975654870272 -1.9743752479553223 0.02538985013961792 0.007747412193566561 0.9996476173400879 76.968505859375
0.99962317943573 0.00843591894954443 -0.026122024282813072 -2.2025797367095947 -0.008529354818165302 0.9999576210975647 -0.0034675251226872206 -1.9953035116195679 0.026091663166880608 0.0036890232004225254 0.9996527433395386 78.04307556152344
0.9996023774147034 0.00884268805384636 -0.026775404810905457 -2.2347166538238525 -0.008825433440506458 0.9999607801437378 0.0007625339203514159 -2.023408889770508 0.026781100779771805 -0.0005259242025204003 0.9996411800384521 79.10358428955078
0.9995843172073364 0.01058765035122633 -0.026815712451934814 -2.279006004333496 -0.010552041232585907 0.9999432563781738 0.0014690913958474994 -2.043949604034424 0.02682974562048912 -0.0011855202028527856 0.9996393322944641 80.20843505859375
0.9995691180229187 0.01026945374906063 -0.02749413251876831 -2.3136796951293945 -0.010290821082890034 0.9999468326568604 -0.000635812059044838 -2.062699317932129 0.02748613990843296 0.0009184753871522844 0.9996218085289001 81.27521514892578
0.999560534954071 0.01060521975159645 -0.02768251858651638 -2.3542752265930176 -0.01065264642238617 0.9999420642852783 -0.001566310995258391 -2.0811197757720947 0.027664300054311752 0.001860514865256846 0.9996156096458435 82.34194946289062
0.9995431900024414 0.009436490014195442 -0.028710996732115746 -2.377192974090576 -0.009485989809036255 0.9999537467956543 -0.0015883566811680794 -2.1086015701293945 0.02869468368589878 0.0018599837785586715 0.9995864629745483 83.39631652832031
0.9995284080505371 0.008396727964282036 -0.029536953195929527 -2.4117023944854736 -0.008438291028141975 0.9999635815620422 -0.001282771467231214 -2.129127264022827 0.02952510677278042 0.0015314080519601703 0.9995628595352173 84.42996978759766
0.9995230436325073 0.007171178236603737 -0.030037960037589073 -2.447100877761841 -0.007173914462327957 0.9999743103981018 1.6698180843377486e-05 -2.14998459815979 0.030037306249141693 0.00019879949104506522 0.9995487332344055 85.45879364013672
0.9994990825653076 0.006966171786189079 -0.03087223879992962 -2.478038787841797 -0.006880268920212984 0.9999721646308899 0.002887917682528496 -2.1755905151367188 0.03089149296283722 -0.002674061106517911 0.9995191693305969 86.47756958007812
0.999487578868866 0.006260013673454523 -0.03138994798064232 -2.513882875442505 -0.006147549953311682 0.9999743103981018 0.0036780291702598333 -2.1937711238861084 0.03141216188669205 -0.00348317320458591 0.9995004534721375 87.45145416259766
0.9994179010391235 0.0052775731310248375 -0.0337044931948185 -2.5581722259521484 -0.005149093456566334 0.9999791383743286 0.0038976026698946953 -2.212266445159912 0.0337243527173996 -0.0037217861972749233 0.9994242191314697 88.41539764404297
0.9993009567260742 0.0044224015437066555 -0.037122759968042374 -2.589841365814209 -0.0043150740675628185 0.9999862909317017 0.002970772562548518 -2.232285499572754 0.03713538870215416 -0.002808508463203907 0.999306321144104 89.35065460205078
0.9991723299026489 0.00401667132973671 -0.04047799110412598 -2.635629415512085 -0.003930156119167805 0.9999898076057434 0.002216687658801675 -2.251711845397949 0.040486473590135574 -0.0020557683892548084 0.9991779327392578 90.26063537597656
0.9990515112876892 0.004129071719944477 -0.04334734380245209 -2.687201738357544 -0.004023048095405102 0.9999886155128479 0.002532866084948182 -2.267989158630371 0.04335731267929077 -0.0023560752160847187 0.999056875705719 91.1626968383789
0.9989079236984253 0.005270779132843018 -0.046424347907304764 -2.7326507568359375 -0.0051184725016355515 0.9999810457229614 0.0033990179654210806 -2.284071683883667 0.04644137993454933 -0.0031576838809996843 0.9989160299301147 92.02620697021484
0.9987557530403137 0.005999882239848375 -0.049506478011608124 -2.785867691040039 -0.005765013862401247 0.9999713897705078 0.004885631613433361 -2.3046772480010986 0.0495343841612339 -0.004594146739691496 0.9987618327140808 92.87686157226562
0.9985740184783936 0.007469539530575275 -0.05286000669002533 -2.828631639480591 -0.007144884672015905 0.9999544620513916 0.006328102666884661 -2.318136215209961 0.052904870361089706 -0.005941399838775396 0.9985818862915039 93.69342803955078
0.9984431862831116 0.008712886832654476 -0.05509299412369728 -2.884143829345703 -0.008333672769367695 0.999940037727356 0.007109169382601976 -2.333010196685791 0.05515163019299507 -0.006638974417001009 0.9984559416770935 94.48143768310547
0.9982765913009644 0.010743665508925915 -0.057691678404808044 -2.934072494506836 -0.010311529971659184 0.9999165534973145 0.007782932836562395 -2.351177215576172 0.05777047574520111 -0.007174629718065262 0.9983041286468506 95.23753356933594
0.9980608820915222 0.012273496948182583 -0.06102335453033447 -2.9760451316833496 -0.01189130824059248 0.9999074339866638 0.006622237619012594 -2.3653011322021484 0.061098985373973846 -0.005883748643100262 0.9981144070625305 95.96719360351562
0.9978966116905212 0.01358121633529663 -0.06338699162006378 -3.0346786975860596 -0.01340628694742918 0.9999050498008728 0.0031842568423599005 -2.386195659637451 0.06342422217130661 -0.0023277755826711655 0.997983992099762 96.65851593017578
0.9976986050605774 0.016240384429693222 -0.06583140045404434 -3.0928473472595215 -0.016325173899531364 0.9998664259910583 -0.0007501922664232552 -2.3952207565307617 0.0658104196190834 0.0018231753492727876 0.9978305101394653 97.33497619628906
0.9975544810295105 0.01794358901679516 -0.06755019724369049 -3.1478054523468018 -0.01821999065577984 0.9998279809951782 -0.0034778814297169447 -2.4146385192871094 0.06747615337371826 0.004700141027569771 0.9977098107337952 97.9974365234375
0.9974444508552551 0.01999828591942787 -0.06859064847230911 -3.1932790279388428 -0.02034035511314869 0.9997839331626892 -0.004292248282581568 -2.4305694103240967 0.06848999112844467 0.005676438100636005 0.9976356029510498 98.61443328857422
0.9974628686904907 0.022385884076356888 -0.06757630407810211 -3.2442922592163086 -0.022703584283590317 0.9997345805168152 -0.003936943132430315 -2.445195436477661 0.06747023016214371 0.005461180116981268 0.9977062940597534 99.19860076904297
0.9976250529289246 0.0261545293033123 -0.0637192502617836 -3.309602737426758 -0.026370469480752945 0.9996490478515625 -0.002550151664763689 -2.4596292972564697 0.06363017857074738 0.00422440143302083 0.99796462059021 99.77146911621094
0.9978339672088623 0.028709959238767624 -0.059187088161706924 -3.3266401290893555 -0.02882138453423977 0.9995840787887573 -0.0010295691899955273 -2.476045846939087 0.059132903814315796 0.0027331924065947533 0.9982463717460632 100.31130981445312
0.9982520341873169 0.029412031173706055 -0.05126237869262695 -3.363602638244629 -0.02940358780324459 0.9995672106742859 0.0009191095014102757 -2.488239049911499 0.051267217844724655 0.0005897947703488171 0.998684823513031 100.8207778930664
0.9986935257911682 0.029378661885857582 -0.0418090857565403 -3.3797035217285156 -0.029257196933031082 0.9995657801628113 0.0035142330452799797 -2.5019643306732178 0.04189416766166687 -0.002286425558850169 0.9991194605827332 101.32335662841797
0.9991073608398438 0.02913557179272175 -0.030587250366806984 -3.3694117069244385 -0.028996819630265236 0.9995672702789307 0.004970105364918709 -2.5181925296783447 0.03071882203221321 -0.004078736994415522 0.9995197057723999 101.80810546875
0.9994519352912903 0.028256556019186974 -0.017246989533305168 -3.36806058883667 -0.02817363478243351 0.9995904564857483 0.005032239947468042 -2.52830171585083 0.017382120713591576 -0.004543572198599577 0.9998385906219482 102.26553344726562
0.9996005892753601 0.028196193277835846 -0.0018911431543529034 -3.3629491329193115 -0.028188781812787056 0.9995952844619751 0.003838468110188842 -2.535249710083008 0.00199861079454422 -0.0037836264818906784 0.9999908208847046 102.70452117919922
0.9995248913764954 0.02665705978870392 0.015468177385628223 -3.330198287963867 -0.02667361870408058 0.999643862247467 0.0008650965173728764 -2.5475869178771973 -0.015439608134329319 -0.0012772782938554883 0.9998799562454224 103.13026428222656
0.9989739060401917 0.026376156136393547 0.03681446984410286 -3.303980827331543 -0.026257896795868874 0.99964839220047 -0.00369227840565145 -2.5607080459594727 -0.036898914724588394 0.00272181979380548 0.9993153214454651 103.54637908935547
0.9978401064872742 0.02419622428715229 0.06107070669531822 -3.255938768386841 -0.023715464398264885 0.9996818900108337 -0.008584944531321526 -2.5712544918060303 -0.06125900521874428 0.007118081673979759 0.9980965852737427 103.95398712158203
0.9958442449569702 0.02220698446035385 0.08832354843616486 -3.196434497833252 -0.021239588037133217 0.9997038841247559 -0.01187776867300272 -2.577016592025757 -0.08856117725372314 0.009952452965080738 0.996021032333374 104.36537170410156
0.9928749799728394 0.019161168485879898 0.11761035025119781 -3.120964527130127 -0.0177984070032835 0.9997618794441223 -0.012626567855477333 -2.594118595123291 -0.11782429367303848 0.010443327948451042 0.9929795861244202 104.74185180664062
0.9884266257286072 0.016657831147313118 0.15078240633010864 -3.04754900932312 -0.01470267865806818 0.9997928738594055 -0.014072349295020103 -2.6171345710754395 -0.15098556876182556 0.011692577973008156 0.9884667992591858 105.0923843383789
0.9822942018508911 0.014459178782999516 0.18678633868694305 -2.9497907161712646 -0.011765771545469761 0.9998103976249695 -0.015520340763032436 -2.6318647861480713 -0.18697533011436462 0.013047855347394943 0.9822779297828674 105.46475219726562
0.9742848873138428 0.011169183067977428 0.22504262626171112 -2.8307013511657715 -0.007681363727897406 0.9998364448547363 -0.016368111595511436 -2.6437830924987793 -0.22518864274024963 0.014218567870557308 0.9742113947868347 105.82853698730469
0.9641249775886536 0.009088311344385147 0.2652932107448578 -2.7095389366149902 -0.004707157611846924 0.9998418688774109 -0.017145510762929916 -2.660050630569458 -0.26540708541870117 0.015281635336577892 0.9640153050422668 106.17308807373047
0.9516434669494629 0.00939672440290451 0.3070608675479889 -2.581960439682007 -0.004123625345528126 0.9998326897621155 -0.017817098647356033 -2.6809115409851074 -0.30717697739601135 0.015689320862293243 0.9515230655670166 106.4930191040039
0.9362953901290894 0.011816391721367836 0.35101476311683655 -2.4309475421905518 -0.005572207272052765 0.9998079538345337 -0.01879376545548439 -2.690096616744995 -0.3511694371700287 0.015640588477253914 0.936181366443634 106.8215560913086
0.9184514880180359 0.012184243649244308 0.3953459858894348 -2.2568986415863037 -0.005547374952584505 0.9998239874839783 -0.017926329746842384 -2.698507308959961 -0.39549484848976135 0.014271331019699574 0.9183573126792908 107.13662719726562
0.8979166746139526 0.010715791955590248 0.4400351643562317 -2.077582359313965 -0.0038911679293960333 0.9998577833175659 -0.016408521682024002 -2.713449716567993 -0.44014841318130493 0.01302123349159956 0.8978306651115417 107.44243621826172
0.8745987415313721 0.009663625620305538 0.4847511947154999 -1.883860468864441 -0.0015709117287769914 0.9998525381088257 -0.017098018899559975 -2.725663900375366 -0.48484498262405396 0.014192404225468636 0.8744849562644958 107.71894073486328
0.8488176465034485 0.01135315839201212 0.528563916683197 -1.6691848039627075 -0.001146518043242395 0.9998065829277039 -0.019633915275335312 -2.7394113540649414 -0.5286844968795776 0.01605960913002491 0.8486664295196533 108.015380859375
0.8214462399482727 0.012801646254956722 0.5701422691345215 -1.4474090337753296 6.697129720123485e-05 0.9997458457946777 -0.02254420705139637 -2.7629730701446533 -0.570285975933075 0.01855703815817833 0.8212365508079529 108.26564025878906
0.7902019023895264 0.01747598685324192 0.6125974059104919 -1.2132365703582764 -0.0014826662372797728 0.999644935131073 -0.0266050323843956 -2.781853199005127 -0.6128448247909546 0.020115068182349205 0.7899472117424011 108.530517578125
0.7562564611434937 0.02364880032837391 0.6538477540016174 -0.9581320881843567 -0.004835903644561768 0.9995213150978088 -0.0305580273270607 -2.7936246395111084 -0.6542573571205139 0.019947757944464684 0.7560088634490967 108.77964782714844
0.7183768153190613 0.028545454144477844 0.695068359375 -0.6876434087753296 -0.006506255362182856 0.9993898868560791 -0.034319061785936356 -2.7959251403808594 -0.6956238150596619 0.020131725817918777 0.7181242108345032 109.03021240234375
0.6792933940887451 0.028469637036323547 0.7333143949508667 -0.39034605026245117 -0.004544179420918226 0.9993912577629089 -0.03459017723798752 -2.81750750541687 -0.7338526844978333 0.020164567977190018 0.6790093183517456 109.24993896484375
0.6384222507476807 0.026037544012069702 0.7692458033561707 -0.07716932147741318 -0.00045564715401269495 0.9994403123855591 -0.03345104306936264 -2.8312742710113525 -0.769686222076416 0.021005382761359215 0.6380767226219177 109.4481430053711
0.5936189293861389 0.02410781756043434 0.8043851256370544 0.2492857426404953 0.0014519047690555453 0.9995175004005432 -0.031027503311634064 -2.838914632797241 -0.8047450184822083 0.01958640106022358 0.5932974815368652 109.66020965576172
0.5490936040878296 0.02289877086877823 0.8354470729827881 0.5730177164077759 0.0030192104168236256 0.9995636343955994 -0.029381409287452698 -2.844583034515381 -0.8357552886009216 0.018655534833669662 0.5487849712371826 109.78132629394531
0.5011191964149475 0.02042398601770401 0.8651372194290161 0.9321259260177612 0.004986967425793409 0.9996366500854492 -0.026487860828638077 -2.855076789855957 -0.8653638362884521 0.017587989568710327 0.5008353590965271 109.94416809082031
0.4498724341392517 0.016644321382045746 0.8929377198219299 1.3008944988250732 0.008550293743610382 0.9997002482414246 -0.022942105308175087 -2.8639655113220215 -0.8930519223213196 0.017955902963876724 0.44959527254104614 110.09346008300781
0.3974364995956421 0.01675247959792614 0.9174767732620239 1.6590995788574219 0.00495170010253787 0.9997796416282654 -0.02040027268230915 -2.890122652053833 -0.9176161885261536 0.012650885619223118 0.3972660303115845 110.22183227539062
0.34569302201271057 0.021425535902380943 0.9381030797958374 2.0472278594970703 0.001285806531086564 0.9997274875640869 -0.023306814953684807 -2.9079525470733643 -0.938346803188324 0.00926322303712368 0.3455713093280792 110.34528350830078
0.29538199305534363 0.027246559038758278 0.954990565776825 2.437673568725586 -0.00021153072884771973 0.9995952248573303 -0.028453722596168518 -2.918168067932129 -0.9553791880607605 0.008202708326280117 0.29526811838150024 110.43451690673828
0.2488878220319748 0.02953454852104187 0.9680819511413574 2.8469438552856445 0.0015611116541549563 0.9995214939117432 -0.030895067378878593 -2.9296505451202393 -0.9685310125350952 0.009200689382851124 0.24872258305549622 110.50276184082031
0.20765425264835358 0.02905905432999134 0.9777705669403076 3.2649986743927 0.008741912432014942 0.9994635581970215 -0.03156033158302307 -2.9495699405670166 -0.9781631827354431 0.015101221390068531 0.20728884637355804 110.550048828125
0.17262469232082367 0.028844812884926796 0.984565258026123 3.7003629207611084 0.017380274832248688 0.999326229095459 -0.032324567437171936 -2.962146043777466 -0.9848343133926392 0.022692032158374786 0.17200705409049988 110.58595275878906
0.14197590947151184 0.030203254893422127 0.9894091486930847 4.149897575378418 0.021452687680721283 0.9992057085037231 -0.03358067572116852 -2.9767003059387207 -0.989637553691864 0.025993136689066887 0.14121520519256592 110.62482452392578
0.11370963603258133 0.02822728268802166 0.9931129217147827 4.62246561050415 0.019851183518767357 0.9993321895599365 -0.030676979571580887 -3.0000109672546387 -0.9933156967163086 0.02320273220539093 0.11307334154844284 110.669921875
0.08822465687990189 0.025065818801522255 0.9957852363586426 5.1400885581970215 0.01379464939236641 0.9995567798614502 -0.026382936164736748 -3.012479066848755 -0.9960050582885742 0.016064133495092392 0.08783981204032898 110.7154312133789
0.0645802915096283 0.02107248827815056 0.9976900219917297 5.606287002563477 0.008545932359993458 0.9997286796569824 -0.021668724715709686 -3.0299108028411865 -0.9978759288787842 0.00992556195706129 0.06438270211219788 110.74095916748047
0.04210364818572998 0.018546130508184433 0.9989411234855652 6.1316022872924805 0.012755116447806358 0.9997362494468689 -0.01909850351512432 -3.0502820014953613 -0.9990317821502686 0.013545727357268333 0.04185599088668823 110.74418640136719
0.021866103634238243 0.01933973655104637 0.999573826789856 6.668728828430176 0.02059679478406906 0.9995920062065125 -0.0197906494140625 -3.0683958530426025 -0.9995487928390503 0.021020762622356415 0.021458851173520088 110.72806549072266
0.004459311719983816 0.021898334845900536 0.9997502565383911 7.222071647644043 0.025700660422444344 0.9994274973869324 -0.022005898877978325 -3.084705352783203 -0.9996597766876221 0.025792371481657028 0.0038939614314585924 110.71054077148438
-0.010531255044043064 0.027211328968405724 0.9995741844177246 7.828113079071045 0.024753104895353317 0.9993305206298828 -0.02694389782845974 -3.104140281677246 -0.9996381998062134 0.024458812549710274 -0.011197762563824654 110.71967315673828
-0.020708832889795303 0.031917501240968704 0.9992759227752686 8.424442291259766 0.023492364212870598 0.9992297887802124 -0.03142918273806572 -3.114598274230957 -0.9995095133781433 0.022824492305517197 -0.021442702040076256 110.69702911376953
-0.02730081044137478 0.0314953476190567 0.9991310238838196 9.045866012573242 0.025385048240423203 0.9992029666900635 -0.030803987756371498 -3.1353695392608643 -0.9993048906326294 0.02452201582491398 -0.028078565374016762 110.67860412597656
-0.02996409498155117 0.028762787580490112 0.9991370439529419 9.692693710327148 0.03170467168092728 0.9991101622581482 -0.027811197564005852 -3.1511294841766357 -0.9990479946136475 0.030843978747725487 -0.030849352478981018 110.65467071533203
-0.029425444081425667 0.026805048808455467 0.9992074370384216 10.337874412536621 0.03238004073500633 0.9991413354873657 -0.02584972232580185 -3.183161497116089 -0.9990423321723938 0.031593747437000275 -0.030268125236034393 110.62760925292969
-0.027130432426929474 0.026395438238978386 0.9992833733558655 11.032252311706543 0.031807754188776016 0.9991678595542908 -0.025528814643621445 -3.207003355026245 -0.9991257190704346 0.031092345714569092 -0.02794743701815605 110.6120834350586
-0.02564120665192604 0.0268988199532032 0.9993093013763428 11.718513488769531 0.028749441727995872 0.9992442727088928 -0.026159394532442093 -3.2274396419525146 -0.9992577433586121 0.02805882692337036 -0.026395155116915703 110.59990692138672
-0.024551693350076675 0.028031568974256516 0.9993054270744324 12.425485610961914 0.027730684727430344 0.9992411732673645 -0.027348460629582405 -3.2483298778533936 -0.9993138909339905 0.02703997679054737 -0.025310397148132324 110.59111785888672
-0.023452913388609886 0.02882477454841137 0.9993093013763428 13.1588134765625 0.0271457489579916 0.9992340207099915 -0.028185516595840454 -3.2785465717315674 -0.9993563294410706 0.026465971022844315 -0.024217423051595688 110.57262420654297
-0.023020027205348015 0.02856200747191906 0.9993269443511963 13.908467292785645 0.02644570916891098 0.9992594122886658 -0.027950888499617577 -3.3004791736602783 -0.9993851780891418 0.025784479454159737 -0.02375832386314869 110.56834411621094
