1.0 -1.958854454642278e-06 -7.127820026653353e-06 1.8706105038290843e-05 1.9588474060583394e-06 1.0 -9.912762379826745e-07 2.9281532079039607e-06 7.127821845642757e-06 9.912622545016347e-07 1.0 -5.251219590718392e-06
0.9999973177909851 0.0010369124356657267 0.0020557555835694075 -0.009194767102599144 -0.0010346779599785805 0.9999988675117493 -0.0010876228334382176 -0.01680689863860607 -0.002056881319731474 0.0010854927822947502 0.9999972581863403 1.2061231136322021
0.9999692440032959 0.002341807819902897 0.007482889108359814 -0.0793180987238884 -0.0023356969468295574 0.9999969601631165 -0.0008252711850218475 -0.03506649285554886 -0.007484798785299063 0.0008077680831775069 0.9999716877937317 2.431513547897339
0.9999575018882751 0.00206433585844934 0.008982992731034756 -0.08197221159934998 -0.0020596394315361977 0.9999978542327881 -0.0005320060881786048 -0.054545462131500244 -0.00898407120257616 0.0005134818493388593 0.9999594688415527 3.631472587585449
0.9999478459358215 0.0018916252302005887 0.010031246580183506 -0.07603589445352554 -0.0018856283277273178 0.9999980330467224 -0.0006072474061511457 -0.07537035644054413 -0.010032376274466515 0.0005883006379008293 0.9999494552612305 4.826361179351807
0.9999447464942932 0.0019103465601801872 0.010346179828047752 -0.0693085640668869 -0.0019073777366429567 0.999998152256012 -0.00029682970489375293 -0.09945651888847351 -0.010346728377044201 0.0002770792052615434 0.9999464154243469 6.043621063232422
0.9999392032623291 0.002077738754451275 0.010830236598849297 -0.057958949357271194 -0.002063546795397997 0.9999970197677612 -0.0013213998172432184 -0.12053517997264862 -0.010832950472831726 0.001298970659263432 0.9999404549598694 7.246829032897949
0.9999220371246338 0.002351722214370966 0.012261593714356422 -0.06667587161064148 -0.002334961434826255 0.9999964237213135 -0.0013810426462441683 -0.1465459167957306 -0.012264796532690525 0.0013523049419745803 0.9999238848686218 8.441437721252441
0.9999187588691711 0.0019412320107221603 0.012595846317708492 -0.06427507102489471 -0.0019411924295127392 0.9999980330467224 -1.537828575237654e-05 -0.16787570714950562 -0.012595852836966515 -9.07386220205808e-06 0.999920666217804 9.64563274383545
0.9999358654022217 0.0016751334769651294 0.011202401481568813 -0.05747054144740105 -0.0016874828143045306 0.9999979138374329 0.0010930016869679093 -0.19121913611888885 -0.011200550012290478 -0.0011118353577330709 0.9999366402626038 10.83726978302002
0.9999598860740662 4.093141615157947e-05 0.008956125937402248 -0.058755163103342056 -4.622878986992873e-05 0.9999998211860657 0.0005912086926400661 -0.21364633738994598 -0.008956100791692734 -0.00059159891679883 0.9999597072601318 12.056000709533691
0.9999727606773376 0.00048481940757483244 0.007364441175013781 -0.06566442549228668 -0.000485727796331048 0.9999998807907104 0.00012154015712440014 -0.23155957460403442 -0.00736438250169158 -0.0001251140347449109 0.9999728202819824 13.255614280700684
0.9999833106994629 0.00031249196035787463 0.005782059859484434 -0.055308882147073746 -0.0003126608789898455 0.9999999403953552 2.8287509849178605e-05 -0.25540629029273987 -0.005782051477581263 -3.009489410032984e-05 0.9999832510948181 14.450008392333984
0.9999827742576599 0.0016809080261737108 0.005628602579236031 -0.07596859335899353 -0.0016800120938569307 0.9999985098838806 -0.00016391734243370593 -0.27976325154304504 -0.005628869868814945 0.00015445837925653905 0.9999841451644897 15.654539108276367
0.9999855756759644 0.0014827066333964467 0.005171087570488453 -0.07645940035581589 -0.0014821408549323678 0.9999988675117493 -0.0001132572942879051 -0.29910844564437866 -0.005171249620616436 0.00010559136717347428 0.9999865889549255 16.856508255004883
0.9999902844429016 0.0008521063136868179 0.004322728607803583 -0.07147323340177536 -0.000852762081194669 0.9999996423721313 0.00014987404574640095 -0.31781870126724243 -0.004322598688304424 -0.00015355883806478232 0.9999906420707703 18.04686164855957
0.9999914765357971 0.0008486667647957802 0.004036660771816969 -0.07851903140544891 -0.0008513664943166077 0.9999994039535522 0.000667164393234998 -0.34513500332832336 -0.004036092199385166 -0.0006705956184305251 0.9999916553497314 19.23811912536621
0.9999954700469971 0.0010794963454827666 0.0028148165438324213 -0.0768318846821785 -0.0010792678222060204 0.9999994039535522 -8.26489194878377e-05 -0.3684628903865814 -0.0028149038553237915 7.961046503623948e-05 0.9999960660934448 20.431982040405273
0.9999942183494568 0.0008798763738013804 0.0032879868522286415 -0.09734770655632019 -0.0008764252997934818 0.9999989867210388 -0.001051011262461543 -0.3932606875896454 -0.003288908861577511 0.0010481233475729823 0.9999939799308777 21.627859115600586
0.9999945759773254 0.002131117507815361 0.0025532380677759647 -0.10021962970495224 -0.002129806438460946 0.999997615814209 -0.0005162546876817942 -0.412502646446228 -0.0025543328374624252 0.0005108139594085515 0.9999966025352478 22.8277645111084
0.9999957084655762 0.001747069414705038 0.002346967114135623 -0.1203913539648056 -0.0017451957101002336 0.999998152256012 -0.0008002681424841285 -0.4368506968021393 -0.0023483610711991787 0.0007961688679642975 0.9999968409538269 23.989229202270508
0.9999974966049194 0.0018654224695637822 0.0012486249906942248 -0.12390054017305374 -0.0018636963795870543 0.9999973773956299 -0.0013820946915075183 -0.45918434858322144 -0.0012511999811977148 0.001379764056764543 0.9999982118606567 25.182241439819336
0.9999973177909851 0.0022394515108317137 0.0005368770216591656 -0.1346021294593811 -0.002239262219518423 0.9999974370002747 -0.00035230693174526095 -0.4895783066749573 -0.0005376640474423766 0.00035110380849801004 0.9999997615814209 26.349720001220703
0.9999997615814209 0.0006710322923026979 -9.127502562478185e-05 -0.13997648656368256 -0.0006709014996886253 0.9999987483024597 0.0014224860351532698 -0.5093896985054016 9.222975495504215e-05 -0.0014224244514480233 0.999998927116394 27.554338455200195
0.9999992847442627 0.0007283929735422134 -0.0009478903957642615 -0.14729517698287964 -0.000727156933862716 0.9999988675117493 0.0013040677877143025 -0.5308073163032532 0.0009488388313911855 -0.0013033776776865125 0.9999986886978149 28.724550247192383
0.9999980926513672 -1.595771755091846e-05 -0.001974027371034026 -0.15367209911346436 1.735742080199998e-05 0.9999997019767761 0.0007092174491845071 -0.5541369915008545 0.0019740161951631308 -0.0007092502783052623 0.9999977946281433 29.92524528503418
0.9999966621398926 -6.192416185513139e-05 -0.0025646688882261515 -0.1598459929227829 6.070623567211442e-05 0.9999998807907104 -0.0004749591462314129 -0.5707522630691528 0.0025646972935646772 0.00047480189823545516 0.9999966025352478 31.09526824951172
0.9999945759773254 0.00043470566743053496 -0.0032558308448642492 -0.1713942587375641 -0.0004362041363492608 0.9999998211860657 -0.00045949267223477364 -0.5897060036659241 0.003255630610510707 0.00046091043623164296 0.9999945163726807 32.28086853027344
0.9999920725822449 0.00044252577936276793 -0.003972700331360102 -0.1804857701063156 -0.0004422389029059559 0.9999999403953552 7.314786489587277e-05 -0.6108023524284363 0.003972732461988926 -7.139029185054824e-05 0.9999920725822449 33.48557662963867
0.9999908804893494 -0.0003045285411644727 -0.004258869681507349 -0.1904304474592209 0.0003058356523979455 0.9999998807907104 0.0003063212498091161 -0.633588433265686 0.0042587760835886 -0.0003076211432926357 0.9999908804893494 34.66372299194336
0.9999872446060181 -0.0009240004583261907 -0.0049746218137443066 -0.19628822803497314 0.0009268257999792695 0.9999994039535522 0.0005658007576130331 -0.6580871939659119 0.004974095616489649 -0.0005704042850993574 0.9999875426292419 35.86212158203125
0.9999846816062927 -0.0010654000798240304 -0.005427680443972349 -0.21068477630615234 0.0010672281496226788 0.9999994039535522 0.0003340807161293924 -0.6787641048431396 0.00542732048779726 -0.00033986810012720525 0.9999851584434509 37.03836441040039
0.9999839067459106 -0.00177367206197232 -0.005393548868596554 -0.22268590331077576 0.0017790545243769884 0.9999979138374329 0.0009934109402820468 -0.7018203139305115 0.0053917765617370605 -0.0010029904078692198 0.9999849796295166 38.22871780395508
0.9999826550483704 -0.0014258688315749168 -0.005720536224544048 -0.22793512046337128 0.0014378351625055075 0.9999967813491821 0.0020882203243672848 -0.7163751721382141 0.005717540625482798 -0.0020964094437658787 0.9999814629554749 39.42832565307617
0.999984085559845 -0.0006979756872169673 -0.0056089735589921474 -0.2429693639278412 0.000712921901140362 0.9999961853027344 0.002663222374394536 -0.7337033152580261 0.005607094150036573 -0.0026671786326915026 0.9999808073043823 40.63161087036133
0.9999868273735046 -0.0003009303181897849 -0.005125793162733316 -0.26062026619911194 0.00031324729206971824 0.9999970197677612 0.002402323065325618 -0.7512710690498352 0.005125056020915508 -0.0024038972333073616 0.9999839663505554 41.82276153564453
0.9999861121177673 0.0005766894901171327 -0.005245901644229889 -0.26787033677101135 -0.0005670477985404432 0.999998152256012 0.0018392427591606975 -0.7609840035438538 0.00524695310741663 -0.0018362426199018955 0.9999845027923584 43.012718200683594
0.9999840259552002 0.002903650514781475 -0.004850191995501518 -0.2796110510826111 -0.0028848303481936455 0.999988317489624 0.0038828831166028976 -0.7787777781486511 0.004861410707235336 -0.0038688289932906628 0.9999806880950928 44.23539352416992
0.9999919533729553 0.0030039374250918627 -0.0026488720905035734 -0.3012191653251648 -0.0029843568336218596 0.999968409538269 0.0073652928695082664 -0.8030957579612732 0.0026709134690463543 -0.007357327733188868 0.9999693632125854 45.425071716308594
0.9999940395355225 0.0033570309169590473 -0.0007660058909095824 -0.314263254404068 -0.0033491947688162327 0.999944269657135 0.01001204177737236 -0.8125936388969421 0.0007995741907507181 -0.01000941637903452 0.99994957447052 46.62404251098633
0.999991774559021 0.004017329774796963 0.0004624481953214854 -0.30815601348876953 -0.004023196641355753 0.9999011158943176 0.013474327512085438 -0.8195633888244629 -0.00040827106568031013 -0.013476078398525715 0.9999090433120728 47.822486877441406
0.9999912977218628 0.0033239261247217655 0.002516451757401228 -0.32937896251678467 -0.0033608258236199617 0.9998847246170044 0.014803887344896793 -0.8301475644111633 -0.0024669552221894264 -0.014812217094004154 0.999887228012085 49.03062057495117
0.9999904632568359 0.0013321350561454892 0.004156292881816626 -0.32955801486968994 -0.001387143856845796 0.9999111294746399 0.013260338455438614 -0.833419680595398 -0.004138260148465633 -0.01326597947627306 0.9999033808708191 50.24561309814453
0.9999836087226868 0.0026203326415270567 0.005077165085822344 -0.3275274932384491 -0.00267958827316761 0.9999278783798218 0.011699567548930645 -0.8398536443710327 -0.005046140868216753 -0.011712979525327682 0.9999186396598816 51.433677673339844
0.9999802708625793 0.0026512856129556894 0.005689834710210562 -0.3239063024520874 -0.0027142507024109364 0.9999347925186157 0.0110872071236372 -0.8436844944953918 -0.005660067778080702 -0.011102432385087013 0.9999223351478577 52.64330291748047
0.9999814033508301 0.0022532856091856956 0.0056496006436645985 -0.32329457998275757 -0.0023138567339628935 0.9999396204948425 0.010737761855125427 -0.8531378507614136 -0.005625063553452492 -0.010750635527074337 0.9999263882637024 53.836917877197266
0.9999819993972778 0.0019757275003939867 0.005668959114700556 -0.3308168351650238 -0.002029216615483165 0.9999532699584961 0.009445242583751678 -0.8608024716377258 -0.005650033243000507 -0.0094565749168396 0.9999393224716187 55.04935836791992
0.9999901056289673 0.0023827245458960533 0.003755507990717888 -0.3278941512107849 -0.0024201469495892525 0.9999471306800842 0.009991876780986786 -0.8668152093887329 -0.0037315008230507374 -0.010000866837799549 0.9999430179595947 56.26406478881836
0.9999939203262329 0.0018498984863981605 0.002951243193820119 -0.33940547704696655 -0.0018830448389053345 0.999934732913971 0.011268247850239277 -0.8822979927062988 -0.0029302057810127735 -0.01127373706549406 0.9999321699142456 57.46343231201172
0.9999970197677612 0.0011819683713838458 0.0021173006389290094 -0.34311240911483765 -0.001205975073389709 0.9999345541000366 0.01137313898652792 -0.887814462184906 -0.002103718463331461 -0.01137565728276968 0.9999330639839172 58.67070007324219
0.9999959468841553 0.002708511659875512 0.0007975581684149802 -0.340766578912735 -0.002717672847211361 0.9999276399612427 0.011718722060322762 -0.903008222579956 -0.0007657581008970737 -0.011720842681825161 0.9999310374259949 59.86784744262695
0.9999946355819702 0.0032653911039233208 0.000298102357191965 -0.34699177742004395 -0.0032685366459190845 0.9999314546585083 0.011244385503232479 -0.9062216877937317 -0.00026136357337236404 -0.011245300062000751 0.9999367594718933 61.07170867919922
0.9999980330467224 0.001959239598363638 0.00035975698847323656 -0.3547254502773285 -0.0019630470778793097 0.9999385476112366 0.010906402952969074 -0.9172119498252869 -0.0003383656730875373 -0.010907089337706566 0.9999404549598694 62.27350997924805
0.9999995827674866 0.0009030219516716897 0.00022146894480101764 -0.3596899211406708 -0.0009052394889295101 0.9999473690986633 0.010225817561149597 -0.9279962778091431 -0.00021222306531853974 -0.010226014070212841 0.9999476671218872 63.48200988769531
0.9999999403953552 0.00020377742475830019 -0.0002574007085058838 -0.36163195967674255 -0.0002007675648201257 0.9999322295188904 0.011640812270343304 -0.9441746473312378 0.0002597552665974945 -0.011640760116279125 0.9999322295188904 64.67442321777344
0.9999998807907104 -3.696120256790891e-05 -0.00048825351404957473 -0.3664906620979309 4.3263462430331856e-05 0.9999166131019592 0.012913765385746956 -0.9466297626495361 0.0004877365136053413 -0.012913785874843597 0.9999164938926697 65.87095642089844
0.9999995231628418 0.0007527284906245768 -0.000595965888351202 -0.3788245618343353 -0.0007457490428350866 0.9999321103096008 0.011626440100371838 -0.9613217115402222 0.0006046773632988334 -0.011625992134213448 0.9999322295188904 67.07669067382812
0.9999961853027344 0.0027598578017205 -6.405352905858308e-05 -0.3945813775062561 -0.0027590468525886536 0.9999426603317261 0.010349361225962639 -0.9675374031066895 9.261260129278526e-05 -0.010349146090447903 0.9999464154243469 68.27444458007812
0.9999889135360718 0.004727880470454693 -0.000252730242209509 -0.39991602301597595 -0.0047249216586351395 0.9999321103096008 0.010650013573467731 -0.9761808514595032 0.0003030631341971457 -0.010648698545992374 0.9999432563781738 69.47482299804688
0.9999750852584839 0.007061362266540527 -0.00013876573939342052 -0.4067307114601135 -0.0070594302378594875 0.9999156594276428 0.010903112590312958 -0.9849014282226562 0.00021574368292931467 -0.010901862755417824 0.9999405145645142 70.66157531738281
0.9999674558639526 0.008062813431024551 0.00030707893893122673 -0.41919633746147156 -0.008065755479037762 0.9999043941497803 0.011241315864026546 -0.9908663630485535 -0.00021641302737407386 -0.0112434271723032 0.9999367594718933 71.86420440673828
0.9999602437019348 0.008797258138656616 0.0014675491256639361 -0.427108496427536 -0.008814161643385887 0.9998899102210999 0.011939741671085358 -0.9959859848022461 -0.0013623498380184174 -0.011952201835811138 0.9999276399612427 73.0589599609375
0.9999397397041321 0.010524611920118332 0.0031258498784154654 -0.4272907078266144 -0.010562493465840816 0.999867856502533 0.01236020028591156 -0.9998364448547363 -0.0029953503981232643 -0.012392471544444561 0.9999186992645264 74.253662109375
0.999938428401947 0.009412005543708801 0.0058735571801662445 -0.4211597740650177 -0.009474307298660278 0.9998981356620789 0.01067113783210516 -1.0147424936294556 -0.005772522650659084 -0.01072612777352333 0.9999257922172546 75.43521881103516
0.999945342540741 0.006679732818156481 0.008042585104703903 -0.413298100233078 -0.0067259506322443485 0.9999608993530273 0.005733375903218985 -1.0251851081848145 -0.008003974333405495 -0.005787156522274017 0.999951183795929 76.61196899414062
0.9999061822891235 0.007828554138541222 0.011234466917812824 -0.40920156240463257 -0.007887374609708786 0.9999553561210632 0.005201064981520176 -1.0374091863632202 -0.011193247511982918 -0.005289187654852867 0.9999233484268188 77.79378509521484
0.999882698059082 0.00674494868144393 0.013752054423093796 -0.3947327136993408 -0.006866832263767719 0.9999374151229858 0.008835059590637684 -1.0521907806396484 -0.01369160134345293 -0.008928456343710423 0.9998663663864136 78.97721099853516
0.9998321533203125 0.0072272042743861675 0.016843870282173157 -0.37574318051338196 -0.007394435815513134 0.9999237060546875 0.009887214750051498 -1.0608183145523071 -0.01677113212645054 -0.010010105557739735 0.999809205532074 80.1653823852539
0.9997435808181763 0.0074898418970406055 0.021369434893131256 -0.36158260703086853 -0.00766386603936553 0.9999380111694336 0.008073382079601288 -1.070927381515503 -0.02130764164030552 -0.008235083892941475 0.9997391104698181 81.33079528808594
0.9996751546859741 0.005972266662865877 0.0247747004032135 -0.33675307035446167 -0.006104722619056702 0.9999673962593079 0.005274234805256128 -1.086521863937378 -0.02474239282310009 -0.005423765163868666 0.9996791481971741 82.50196838378906
0.9995909929275513 0.004651458468288183 0.028218090534210205 -0.307853102684021 -0.0047043985687196255 0.9999873042106628 0.001810014946386218 -1.1020915508270264 -0.02820931375026703 -0.0019420241005718708 0.9996001720428467 83.6639633178711
0.9994913935661316 0.0042849029414355755 0.03160058706998825 -0.2733937203884125 -0.00431577255949378 0.9999903440475464 0.000908758956938982 -1.119629144668579 -0.031596384942531586 -0.0010446778032928705 0.9995001554489136 84.82139587402344
0.9993714094161987 0.003916325978934765 0.03523384407162666 -0.23768816888332367 -0.0040141139179468155 0.9999881982803345 0.002705080434679985 -1.1400243043899536 -0.03522283583879471 -0.002844813046976924 0.9993754625320435 85.99177551269531
0.9992225170135498 0.00508887181058526 0.03909553587436676 -0.20472155511379242 -0.005234385374933481 0.9999797940254211 0.0036205321084707975 -1.1650406122207642 -0.039076320827007294 -0.0038223580922931433 0.9992289543151855 87.15803527832031
0.9990704655647278 0.004597588907927275 0.042860809713602066 -0.15658748149871826 -0.004645224194973707 0.9999886751174927 0.00101186684332788 -1.1809072494506836 -0.042855679988861084 -0.001210024580359459 0.99908047914505 88.30801391601562
0.9989386796951294 0.004317826591432095 0.04585747420787811 -0.10445968061685562 -0.004273120779544115 0.9999902844429016 -0.0010728574125096202 -1.2027809619903564 -0.045861661434173584 0.0008757642935961485 0.9989473819732666 89.45506286621094
0.9987706542015076 0.004746788647025824 0.04934258759021759 -0.0568498931825161 -0.004668479785323143 0.9999876618385315 -0.001702168839983642 -1.2171465158462524 -0.04935005307197571 0.001469721202738583 0.9987804293632507 90.62378692626953
0.9986222386360168 0.0039746761322021484 0.052326660603284836 -0.001411109697073698 -0.00395444268360734 0.9999920725822449 -0.0004902000073343515 -1.2356570959091187 -0.052328187972307205 0.0002826016570907086 0.9986299276351929 91.77727508544922
0.9984727501869202 0.002620054641738534 0.055184438824653625 0.054068177938461304 -0.0026734552811831236 0.9999960064888 0.0008938736864365637 -1.2554625272750854 -0.05518187955021858 -0.0010400416795164347 0.9984757900238037 92.94108581542969
0.9983230233192444 0.0018238493939861655 0.057859987020492554 0.1193421334028244 -0.0019775996915996075 0.9999946355819702 0.002600131556391716 -1.2716962099075317 -0.05785493925213814 -0.0027101950254291296 0.9983212351799011 94.1032943725586
0.9981930255889893 0.00031734388903714716 0.060087937861680984 0.19272732734680176 -0.0005306258099153638 0.999993622303009 0.003533577546477318 -1.2876174449920654 -0.060086436569690704 -0.003559076227247715 0.9981867671012878 95.26567077636719
0.9980341196060181 -0.0006635308382101357 0.06266961991786957 0.2516562342643738 0.0005868419539183378 0.9999990463256836 0.0012421070132404566 -1.3053656816482544 -0.06267038732767105 -0.0012028879718855023 0.9980335235595703 96.41543579101562
0.9978930354118347 -0.0020511599723249674 0.06484822183847427 0.3268037736415863 0.0022117034532129765 0.9999946355819702 -0.002403974300250411 -1.3226112127304077 -0.06484294682741165 0.0025423343759030104 0.9978922605514526 97.57037353515625
0.9977545738220215 -0.0010007154196500778 0.06696871668100357 0.39450785517692566 0.0013418374583125114 0.9999863505363464 -0.005048958584666252 -1.342834711074829 -0.06696275621652603 0.005127482581883669 0.9977422952651978 98.72891235351562
0.9976430535316467 -0.0010515748290345073 0.06860962510108948 0.47430548071861267 0.001472347299568355 0.9999803900718689 -0.006082568317651749 -1.3651762008666992 -0.06860188394784927 0.006169249303638935 0.9976250529289246 99.90174865722656
0.9976239800453186 -0.0008956774254329503 0.06888919323682785 0.5533548593521118 0.0012822069693356752 0.9999836683273315 -0.00556687219068408 -1.3861782550811768 -0.06888309121131897 0.005641976371407509 0.9976087808609009 101.0790023803711
0.9976608753204346 -0.001081949914805591 0.06834787875413895 0.6229612231254578 0.0013314614770933986 0.9999926090240479 -0.0036051522474735975 -1.4162485599517822 -0.06834346055984497 0.0036877221427857876 0.9976550340652466 102.26268768310547
0.9977508783340454 -0.0012421157443895936 0.0670190081000328 0.6931741833686829 0.0013813774567097425 0.9999970197677612 -0.0020316331647336483 -1.4374336004257202 -0.06701627373695374 0.0021196422167122364 0.9977496266365051 103.4522705078125
0.9978659152984619 -0.0009304737905040383 0.06529006361961365 0.7624089121818542 0.0010125738335773349 0.9999988675117493 -0.001224382664076984 -1.4577877521514893 -0.06528884172439575 0.0012878808192908764 0.9978654980659485 104.64500427246094
0.9980522990226746 -0.0009523067274130881 0.06237626075744629 0.8396579623222351 0.0009997783927246928 0.9999992251396179 -0.0007298431009985507 -1.4776766300201416 -0.062375523149967194 0.0007907841354608536 0.9980524182319641 105.8504638671875
0.9982045888900757 -0.0003459405561443418 0.05989442765712738 0.8976348638534546 0.00040099991019815207 0.9999995231628418 -0.000907255569472909 -1.4938547611236572 -0.05989408120512962 0.0009296443895436823 0.9982042908668518 107.04745483398438
0.998410701751709 0.0013329904759302735 0.05633943900465965 0.9481508135795593 -0.0012477536220103502 0.9999979734420776 -0.0015480703441426158 -1.5088804960250854 -0.056341398507356644 0.0014753122813999653 0.9984104633331299 108.24140167236328
0.9986335635185242 0.0014965904410928488 0.0522366538643837 1.0109730958938599 -0.001443471759557724 0.9999983310699463 -0.0010545940604060888 -1.526576280593872 -0.05223814770579338 0.0009777508676052094 0.9986340999603271 109.45489501953125
0.9988455176353455 0.001702598063275218 0.04800605773925781 1.0698543787002563 -0.0017179118003696203 0.9999983906745911 0.00027774262707680464 -1.5498379468917847 -0.04800551012158394 -0.0003598921175580472 0.9988470077514648 110.67849731445312
0.9990385174751282 0.0022649485617876053 0.04378180578351021 1.1142687797546387 -0.002302797045558691 0.9999970197677612 0.0008140704012475908 -1.5670021772384644 -0.04377983510494232 -0.0009141084738075733 0.9990407824516296 111.88202667236328
0.9992219805717468 0.00225809752009809 0.03937225788831711 1.1560615301132202 -0.0023126122541725636 0.9999963641166687 0.001339108683168888 -1.5836914777755737 -0.039369095116853714 -0.0014291194966062903 0.9992236495018005 113.0987777709961
0.9994076490402222 0.0028597174677997828 0.03429199010133743 1.1954587697982788 -0.00290984520688653 0.9999948143959045 0.0014119780389592052 -1.5982134342193604 -0.034287773072719574 -0.0015109260566532612 0.9994108080863953 114.31356048583984
0.9995546936988831 0.0034881241153925657 0.029632894322276115 1.220319151878357 -0.003535752184689045 0.9999924898147583 0.0015550270909443498 -1.6245685815811157 -0.029627248644828796 -0.0016591090243309736 0.9995595812797546 115.55663299560547
0.9996872544288635 0.003816623706370592 0.024710828438401222 1.2394248247146606 -0.003848506836220622 0.9999918341636658 0.0012428154004737735 -1.6410993337631226 -0.024705879390239716 -0.00133752659894526 0.9996938705444336 116.77629852294922
0.9997864365577698 0.005001340061426163 0.020051008090376854 1.26021409034729 -0.005015072878450155 0.9999872446060181 0.0006346484879031777 -1.6611075401306152 -0.02004757709801197 -0.0007350699743255973 0.9997987747192383 117.99955749511719
0.9998358488082886 0.006968165282160044 0.016724389046430588 1.2715049982070923 -0.006978588178753853 0.9999755024909973 0.0005649547674693167 -1.6779762506484985 -0.016720043495297432 -0.0006815743981860578 0.9998599886894226 119.23780822753906
0.99985671043396 0.008602390997111797 0.01458017062395811 1.279435157775879 -0.00861478503793478 0.9999626278877258 0.000787391560152173 -1.6984868049621582 -0.014572853222489357 -0.0009128836099989712 0.9998933672904968 120.45709991455078
0.9998509883880615 0.010246753692626953 0.013891579583287239 1.279132604598999 -0.010251380503177643 0.9999474287033081 0.00026193170924670994 -1.719503402709961 -0.013888164423406124 -0.0004043005465064198 0.9999035000801086 121.71490478515625
0.9998372197151184 0.012712002731859684 0.012806196697056293 1.2846826314926147 -0.012718796730041504 0.999919056892395 0.00044927827548235655 -1.7354118824005127 -0.012799447402358055 -0.0006120845791883767 0.9999179244041443 122.95453643798828
0.9998346567153931 0.01378874946385622 0.011853624135255814 1.29415762424469 -0.013806408271193504 0.999903678894043 0.0014092251658439636 -1.7558879852294922 -0.011833051219582558 -0.00157264806330204 0.9999287724494934 124.20175170898438
0.9998401403427124 0.013590049929916859 0.011615612544119358 1.2938510179519653 -0.013611165806651115 0.9999058246612549 0.0017408027779310942 -1.7708579301834106 -0.011590860784053802 -0.0018986263312399387 0.9999310374259949 125.448974609375
0.9997914433479309 0.017334088683128357 0.010797391645610332 1.295305609703064 -0.017375223338603973 0.9998420476913452 0.0037273999769240618 -1.7870596647262573 -0.010731074959039688 -0.003914229106158018 0.999934732913971 126.69216918945312
0.9997807145118713 0.018256669864058495 0.0102568119764328 1.2970231771469116 -0.018328554928302765 0.9998077750205994 0.006958890240639448 -1.8011903762817383 -0.010127793997526169 -0.007145355921238661 0.9999231696128845 127.94245910644531
0.999801516532898 0.017286015674471855 0.0098979901522398 1.3006733655929565 -0.017351167276501656 0.999828040599823 0.0065346164628863335 -1.8142026662826538 -0.009783330373466015 -0.006705061532557011 0.9999296069145203 129.20172119140625
0.9998075366020203 0.01726784184575081 0.009305661544203758 1.3046939373016357 -0.017316222190856934 0.9998367428779602 0.005143637303262949 -1.8232290744781494 -0.009215323254466057 -0.005303786601871252 0.9999434947967529 130.45379638671875
0.9998559951782227 0.014528010971844196 0.008763469755649567 1.311872959136963 -0.01458112895488739 0.9998754858970642 0.006028377451002598 -1.83621084690094 -0.008674799464643002 -0.006155290640890598 0.9999434351921082 131.71334838867188
0.9998953342437744 0.012080864980816841 0.007962469011545181 1.3151463270187378 -0.012142461724579334 0.9998963475227356 0.007733460050076246 -1.8440943956375122 -0.007868219166994095 -0.00782933458685875 0.9999383091926575 132.9841766357422
0.9999330639839172 0.008451667614281178 0.0079067787155509 1.3170987367630005 -0.008525170385837555 0.9999203085899353 0.00930905994027853 -1.8526805639266968 -0.007827472873032093 -0.009375843219459057 0.9999253749847412 134.25448608398438
0.9999532699584961 0.006427564192563295 0.0072322688065469265 1.3273305892944336 -0.006503138225525618 0.9999239444732666 0.010474971495568752 -1.86329185962677 -0.0071643926203250885 -0.01052151434123516 0.9999189376831055 135.5283966064453
0.9999712109565735 0.0024210666306316853 0.0071952748112380505 1.340428113937378 -0.0024843860883265734 0.9999580979347229 0.008804167620837688 -1.8697311878204346 -0.007173657882958651 -0.008821790106594563 0.9999353289604187 136.78355407714844
0.9999728798866272 0.00011218064901186153 0.00737088592723012 1.3451251983642578 -0.00017155989189632237 0.9999675154685974 0.008055637590587139 -1.8799189329147339 -0.007369742728769779 -0.008056683465838432 0.9999403357505798 138.05503845214844
0.9999716877937317 -0.0007348399958573282 0.007492015603929758 1.354982852935791 0.0006790074403397739 0.9999719858169556 0.007452125195413828 -1.8844075202941895 -0.007497283164411783 -0.007446826435625553 0.9999440908432007 139.34005737304688
0.9999667406082153 -0.0008094579679891467 0.008109671995043755 1.3567510843276978 0.0007466515526175499 0.9999696612358093 0.007744692265987396 -1.8939273357391357 -0.008115695789456367 -0.007738378830254078 0.999937117099762 140.61801147460938
0.9999645352363586 -0.000934828829485923 0.0083667216822505 1.3719468116760254 0.0008531544008292258 0.9999520182609558 0.009759959764778614 -1.9045391082763672 -0.008375445380806923 -0.00975247472524643 0.9999173283576965 141.89236450195312
0.9999592900276184 0.001466025598347187 0.008906351402401924 1.3734323978424072 -0.0015668238047510386 0.999934732913971 0.011321092955768108 -1.9139968156814575 -0.008889173157513142 -0.011334587819874287 0.9998962879180908 143.16773986816406
0.9999507069587708 0.0010743298335000873 0.009867249056696892 1.3789020776748657 -0.0011685076169669628 0.9999537467956543 0.009543748572468758 -1.922903299331665 -0.009856538847088814 -0.009554808028042316 0.9999057650566101 144.46197509765625
0.9999443292617798 0.0018605313962325454 0.010392253287136555 1.3820265531539917 -0.001942910603247583 0.9999667406082153 0.007922562770545483 -1.9350172281265259 -0.010377167724072933 -0.007942312397062778 0.9999145865440369 145.73121643066406
0.9999399781227112 0.0019171376479789615 0.010787971317768097 1.3866727352142334 -0.0019766080658882856 0.9999828934669495 0.0055047450587153435 -1.9517428874969482 -0.010777234099805355 -0.0055257398635149 0.9999266266822815 147.0138702392578
0.999934732913971 0.0003991357225459069 0.01141146570444107 1.3911237716674805 -0.0004135022172704339 0.9999991059303284 0.0012565883807837963 -1.9677364826202393 -0.011410953477025032 -0.0012612247373908758 0.9999340772628784 148.2956085205078
0.9999253153800964 0.0006808897596783936 0.012199249118566513 1.3942604064941406 -0.0006524349446408451 0.999997079372406 -0.00233636237680912 -1.9867675304412842 -0.012200803495943546 0.0023282289039343596 0.9999228715896606 149.57452392578125
0.9999264478683472 0.00027829466853290796 0.012121730484068394 1.4090670347213745 -0.00023731743567623198 0.9999942779541016 -0.0033817284274846315 -2.0104408264160156 -0.01212260127067566 0.0033786031417548656 0.9999207854270935 150.8394775390625
0.9999245405197144 0.0003670021833386272 0.0122793298214674 1.4154345989227295 -0.00033028286998160183 0.9999955296516418 -0.00299221184104681 -2.0369997024536133 -0.012280371971428394 0.002987930318340659 0.9999200701713562 152.10623168945312
0.9999282360076904 0.0007947316044010222 0.011952489614486694 1.43374502658844 -0.0007657515816390514 0.9999967813491821 -0.002428961219266057 -2.0633106231689453 -0.011954382061958313 0.0024196342565119267 0.9999256134033203 153.36477661132812
0.9999326467514038 0.0007190163596533239 0.011583459563553333 1.4467887878417969 -0.000702616642229259 0.9999988079071045 -0.0014197761192917824 -2.088012456893921 -0.011584466323256493 0.0014115419471636415 0.9999319314956665 154.6256866455078
0.999927818775177 0.0019999598152935505 0.011842940002679825 1.4435577392578125 -0.001989752287045121 0.999997615814209 -0.000873624172527343 -2.109846591949463 -0.011844659224152565 0.0008499968098476529 0.9999294281005859 155.89659118652344
0.9999330639839172 0.00237606605514884 0.011321674101054668 1.449946641921997 -0.002366742817685008 0.9999969005584717 -0.0008367972914129496 -2.1371028423309326 -0.011323627084493637 0.0008099459810182452 0.999935507774353 157.164306640625
0.9999426603317261 0.002401766600087285 0.010431788861751556 1.4635345935821533 -0.0023924531415104866 0.9999966621398926 -0.0009051498491317034 -2.158548355102539 -0.010433927178382874 0.000880140345543623 0.9999451637268066 158.43553161621094
0.9999485611915588 0.0019161599921062589 0.009957562200725079 1.4660933017730713 -0.0019184524426236749 0.9999980926513672 0.00022072723368182778 -2.1801233291625977 -0.009957118891179562 -0.00023981912818271667 0.9999504089355469 159.70291137695312
0.9999471306800842 0.0031805646140128374 0.00978031475096941 1.4668723344802856 -0.0031875986605882645 0.9999946355819702 0.0007036324241198599 -2.2044665813446045 -0.00977802462875843 -0.0007347707869485021 0.9999518394470215 160.9807586669922
0.9999547600746155 0.0033293087035417557 0.008912098594009876 1.4747785329818726 -0.003323473734781146 0.9999942779541016 -0.0006694578914903104 -2.221714973449707 -0.008914276026189327 0.0006398083060048521 0.9999600648880005 162.25079345703125
0.999955952167511 0.004020634572952986 0.008478987030684948 1.4789601564407349 -0.004007548093795776 0.9999907612800598 -0.0015598204918205738 -2.2479171752929688 -0.008485179394483566 0.001525771920569241 0.9999628067016602 163.50747680664062
0.9999618530273438 0.004617080558091402 0.007409989833831787 1.4874473810195923 -0.004606445785611868 0.9999883770942688 -0.001451674266718328 -2.2716450691223145 -0.007416604086756706 0.001417485298588872 0.9999714493751526 164.76951599121094
0.9999646544456482 0.004570682533085346 0.007060857489705086 1.4837793111801147 -0.004552878905087709 0.9999864101409912 -0.00253545050509274 -2.292668581008911 -0.007072350475937128 0.002503213705495 0.999971866607666 166.04336547851562
0.9999719858169556 0.004749078769236803 0.005789183080196381 1.4924083948135376 -0.004726726096123457 0.9999813437461853 -0.0038686906918883324 -2.3144822120666504 -0.005807449109852314 0.003841218538582325 0.9999757409095764 167.31227111816406
0.9999712109565735 0.005071036051958799 0.005646900739520788 1.4889382123947144 -0.005051886197179556 0.9999814629554749 -0.0034003055188804865 -2.3413217067718506 -0.005664038937538862 0.003371680388227105 0.999978244304657 168.58682250976562
0.9999753832817078 0.005271003115922213 0.004622956737875938 1.4933606386184692 -0.005262135993689299 0.9999842643737793 -0.0019281536806374788 -2.3679120540618896 -0.004633048549294472 0.001903780153952539 0.9999874234199524 169.86123657226562
0.9999786019325256 0.004962003789842129 0.0042680068872869015 1.493792176246643 -0.0049559688195586205 0.9999867081642151 -0.0014233941910788417 -2.394963264465332 -0.0042750160209834576 0.001402211608365178 0.9999898076057434 171.1282958984375
0.9999779462814331 0.005570228677242994 0.0036163378972560167 1.4902530908584595 -0.005566885694861412 0.999984085559845 -0.0009336636285297573 -2.4183554649353027 -0.0036214818246662617 0.0009135112632066011 0.9999929666519165 172.39698791503906
0.9999799132347107 0.00564314890652895 0.002908674767240882 1.4865113496780396 -0.005641033872961998 0.9999837875366211 -0.0007347419741563499 -2.4429619312286377 -0.0029127751477062702 0.0007183192064985633 0.9999954700469971 173.68328857421875
0.9999744296073914 0.006564767099916935 0.002844928065314889 1.4717384576797485 -0.006560483947396278 0.9999773502349854 -0.0015123130287975073 -2.4692435264587402 -0.0028547930996865034 0.001493610325269401 0.9999947547912598 174.93727111816406
0.9999697208404541 0.007367056328803301 0.0025175930932164192 1.4667125940322876 -0.007362241391092539 0.9999710321426392 -0.0019165970152243972 -2.4919521808624268 -0.0025316413957625628 0.0018980037420988083 0.9999949932098389 176.21182250976562
0.9999711513519287 0.0073058889247477055 0.002086292952299118 1.455914855003357 -0.00730136688798666 0.9999709725379944 -0.0021671410650014877 -2.5049033164978027 -0.002102064900100231 0.002151845721527934 0.9999954700469971 177.47128295898438
0.9999701380729675 0.007536907680332661 0.0016846171347424388 1.4515949487686157 -0.007531601935625076 0.9999666810035706 -0.0031341221183538437 -2.5343470573425293 -0.0017081823898479342 0.003121340647339821 0.999993622303009 178.7247314453125
0.9999769926071167 0.0065812780521810055 0.0016538415802642703 1.446305751800537 -0.006573675200343132 0.9999679923057556 -0.004561276640743017 -2.558527946472168 -0.0016838086303323507 0.004550299607217312 0.9999882578849792 179.9910125732422
0.9999929666519165 0.0033705453388392925 0.0016606730641797185 1.4413923025131226 -0.003362934337928891 0.9999839663505554 -0.004564574453979731 -2.5861704349517822 -0.0016760323196649551 0.004558957647532225 0.9999881386756897 181.25465393066406
0.999993085861206 0.003630933118984103 0.0008384920656681061 1.4478646516799927 -0.003630225546658039 0.9999930262565613 -0.0008432928007096052 -2.610509157180786 -0.0008415471529588103 0.0008402431849390268 0.9999992847442627 182.51036071777344
0.9999960660934448 0.0027948440983891487 0.00032585771987214684 1.4491863250732422 -0.0027958920691162348 0.9999907612800598 0.0032607214525341988 -2.6319448947906494 -0.0003167412069160491 -0.0032616194803267717 0.9999946355819702 183.777587890625
0.9999921321868896 0.003876031842082739 0.0008175460388883948 1.4385522603988647 -0.003878240240737796 0.9999887943267822 0.0027171578258275986 -2.648780107498169 -0.0008070053881965578 -0.002720307558774948 0.9999959468841553 185.02755737304688
0.9999833703041077 0.0055953701958060265 0.0013617896474897861 1.4272418022155762 -0.005594519432634115 0.9999841451644897 -0.0006280703819356859 -2.6660521030426025 -0.001365282223559916 0.0006204409874044359 0.9999988675117493 186.27867126464844
0.9999833106994629 0.005700710229575634 0.0009206972899846733 1.4180841445922852 -0.005698546767234802 0.9999809861183167 -0.002336016856133938 -2.692584276199341 -0.0009339972166344523 0.0023307311348617077 0.9999968409538269 187.5191192626953
0.9999823570251465 0.005898653995245695 0.0006756672519259155 1.4139404296875 -0.005897208582609892 0.9999803304672241 -0.0021220066118985415 -2.715912342071533 -0.0006881712470203638 0.002117984462529421 0.9999974966049194 188.76841735839844
0.9999864101409912 0.005095686297863722 0.0011169218923896551 1.4061527252197266 -0.00509481318295002 0.9999867081642151 -0.0007830014801584184 -2.7437543869018555 -0.0011208952637389302 0.0007773004472255707 0.9999989867210388 190.02565002441406
0.9999858140945435 0.005194380879402161 0.0012065620394423604 1.402475357055664 -0.0051962933503091335 0.9999852180480957 0.0015873777447268367 -2.768643379211426 -0.0011982982978224754 -0.0015936247073113918 0.9999979734420776 191.27513122558594
0.9999873042106628 0.004589151591062546 0.0020886349957436323 1.396989345550537 -0.004593761172145605 0.9999871253967285 0.002207862213253975 -2.7896711826324463 -0.0020784770604223013 -0.0022174292244017124 0.9999954104423523 192.5264892578125
0.9999826550483704 0.004685694817453623 0.003576804418116808 1.393288254737854 -0.004690925125032663 0.9999879598617554 0.0014554057270288467 -2.808931589126587 -0.003569942433387041 -0.001472159055992961 0.9999925494194031 193.77088928222656
0.9999799132347107 0.003729518735781312 0.005119027569890022 1.3929532766342163 -0.0037284092977643013 0.9999930262565613 -0.00022619795345235616 -2.829603433609009 -0.005119836423546076 0.00020710733952000737 0.9999868869781494 194.99903869628906
0.999975323677063 0.003396797925233841 0.006145122926682234 1.3992700576782227 -0.0033880239352583885 0.9999931454658508 -0.0014377852203324437 -2.8567116260528564 -0.00614996487274766 0.0014169298810884356 0.999980092048645 196.24221801757812
