1.0 8.140299541992135e-06 -5.522096671484178e-06 1.1713865205820184e-05 -8.14030681794975e-06 1.0 -1.312017957388889e-06 -2.8037406991643365e-06 5.5220862122951075e-06 1.312062863689789e-06 1.0 3.3983178582275286e-06
0.9999788999557495 0.00041917560156434774 -0.006480269134044647 -0.008215997368097305 -0.00041663620504550636 0.9999998211860657 0.0003932130348403007 -0.001933592138811946 0.0064804330468177795 -0.00039050483610481024 0.9999788999557495 0.0917949378490448
0.9999073147773743 0.00096334726549685 -0.013582737185060978 -0.01641973666846752 -0.0009609931148588657 0.9999995231628418 0.00017984359874390066 -0.0019625877030193806 0.013582903891801834 -0.00016677399980835617 0.9999077320098877 0.18847094476222992
0.9997723698616028 0.0013977413764223456 -0.021290546283125877 -0.026081565767526627 -0.0014100674306973815 0.9999988675117493 -0.00056394626153633 -0.0021577475126832724 0.021289734169840813 0.0005938390386290848 0.9997731447219849 0.2853744328022003
0.9995415210723877 0.0017172470688819885 -0.030228400602936745 -0.04288894683122635 -0.001777538564056158 0.9999964833259583 -0.00196776888333261 -0.00209193117916584 0.030224913731217384 0.0020205993205308914 0.9995410442352295 0.39054614305496216
0.9991254210472107 0.0019316853722557425 -0.04176989942789078 -0.05907826870679855 -0.002076689852401614 0.9999920129776001 -0.0034283918794244528 -0.0049260323867201805 0.04176294058561325 0.0035121366381645203 0.999121367931366 0.5011434555053711
0.9984786510467529 0.001737124752253294 -0.05511273443698883 -0.08419328927993774 -0.0019627634901553392 0.999989926815033 -0.004040270112454891 -0.008018044754862785 0.05510515719652176 0.004142296500504017 0.9984719753265381 0.626052737236023
0.997427761554718 0.0018662647344172 -0.07165412604808807 -0.10880991071462631 -0.002189703518524766 0.999987781047821 -0.004435603506863117 -0.0041025178506970406 0.07164497673511505 0.004581096116453409 0.9974196553230286 0.7611904144287109
0.9959050416946411 0.00020800306810997427 -0.09040527790784836 -0.13480757176876068 -0.0005880871904082596 0.9999911189079285 -0.004177607595920563 -0.009364040568470955 0.09040360152721405 0.004213666543364525 0.9958963394165039 0.9168455600738525
0.9939123392105103 -0.0007534714532084763 -0.11017153412103653 -0.17602191865444183 0.0002738804032560438 0.9999904036521912 -0.004368199035525322 -0.012748226523399353 0.1101737692952156 0.004311433527618647 0.9939029812812805 1.0755075216293335
0.9919978380203247 0.002445397898554802 -0.12623102962970734 -0.35766175389289856 -0.00321401609107852 0.9999775290489197 -0.005885672755539417 -0.00176035996992141 0.12621377408504486 0.006244282238185406 0.9919834136962891 1.2999249696731567
0.9885125160217285 0.005854601971805096 -0.15102547407150269 -0.39976537227630615 -0.0069754901342093945 0.9999518990516663 -0.00689313467592001 -0.010763915255665779 0.15097784996032715 0.007867426611483097 0.9885058403015137 1.4665884971618652
0.9842485785484314 0.01025359146296978 -0.17649272084236145 -0.46562570333480835 -0.01189153827726841 0.999895453453064 -0.00822532270103693 -0.017368631437420845 0.1763899177312851 0.010194530710577965 0.98426753282547 1.6418991088867188
0.9789921641349792 0.01318419724702835 -0.2034710943698883 -0.5375641584396362 -0.015373194590210915 0.9998396635055542 -0.009181421250104904 -0.020482445135712624 0.20331741869449615 0.012116540223360062 0.979037880897522 1.8228799104690552
0.9724460244178772 0.013829657807946205 -0.23271772265434265 -0.6143532395362854 -0.016473185271024704 0.9998198747634888 -0.009419625625014305 -0.021474145352840424 0.23254550993442535 0.012993677519261837 0.9724986553192139 2.009305238723755
0.9645488858222961 0.01572810299694538 -0.2634352147579193 -0.704526424407959 -0.01869685761630535 0.9997867941856384 -0.00876603927463293 -0.02520037069916725 0.26324114203453064 0.013380683958530426 0.964637279510498 2.208340883255005
0.953092098236084 0.014513255096971989 -0.3023322820663452 -0.5800620317459106 -0.017146043479442596 0.9998346567153931 -0.006055925972759724 -0.05953625217080116 0.30219438672065735 0.010955656878650188 0.9531833529472351 2.2202818393707275
0.9417487382888794 0.01623784564435482 -0.33592489361763 -0.6793487071990967 -0.019017178565263748 0.999806821346283 -0.0049853394739329815 -0.059474263340234756 0.33577901124954224 0.011083281598985195 0.9418755173683167 2.4076483249664307
0.9291237592697144 0.018353361636400223 -0.36931324005126953 -0.7828254103660583 -0.021477624773979187 0.9997597932815552 -0.004349737893790007 -0.06375015527009964 0.3691447377204895 0.011973416432738304 0.9292948246002197 2.586193799972534
0.9151914715766907 0.021351628005504608 -0.40245333313941956 -0.904558002948761 -0.024975955486297607 0.9996809959411621 -0.00375935947522521 -0.064063161611557 0.4022447466850281 0.013492190279066563 0.9154328107833862 2.7677600383758545
0.8990498781204224 0.021935606375336647 -0.43729645013809204 -1.0196802616119385 -0.02591344527900219 0.9996592402458191 -0.003131390316411853 -0.06491134315729141 0.4370787739753723 0.014147133566439152 0.8993119597434998 2.9391510486602783
0.8805866837501526 0.01784840039908886 -0.4735487401485443 -1.1431421041488647 -0.022152027115225792 0.9997484683990479 -0.00351151917129755 -0.0684603601694107 0.47336694598197937 0.01358226127922535 0.8807606101036072 3.113847494125366
0.8602901697158813 0.013552919961512089 -0.5096246600151062 -1.346600890159607 -0.0183306485414505 0.9998224973678589 -0.004354497883468866 -0.06013123691082001 0.5094752311706543 0.013087880797684193 0.8603857755661011 3.3551716804504395
0.8351926803588867 0.01513126865029335 -0.5497493743896484 -1.5068072080612183 -0.018940607085824013 0.999819815158844 -0.001256050425581634 -0.0625506341457367 0.5496312379837036 0.011461630463600159 0.8353287577629089 3.5352513790130615
0.8060386776924133 0.02070320025086403 -0.5915005803108215 -1.6847474575042725 -0.023471862077713013 0.99972003698349 0.003006206825375557 -0.06995956599712372 0.591397225856781 0.0114605026319623 0.8062989115715027 3.699075222015381
0.77351313829422 0.023889463394880295 -0.6333298087120056 -1.8849411010742188 -0.026926005259156227 0.9996257424354553 0.004820403642952442 -0.0721205398440361 0.6332079768180847 0.013324394822120667 0.7738670110702515 3.8688390254974365
0.7376336455345154 0.022820165380835533 -0.6748154163360596 -2.1034114360809326 -0.02582062967121601 0.9996510148048401 0.005580841563642025 -0.07363782078027725 0.674707293510437 0.01330754067748785 0.73796546459198 4.043341159820557
0.6974078416824341 0.01836410164833069 -0.7164391279220581 -2.317819356918335 -0.019725723192095757 0.9997847676277161 0.006425217259675264 -0.07040213793516159 0.7164030075073242 0.009651281870901585 0.6976200342178345 4.2127580642700195
0.6545314192771912 0.01468049455434084 -0.7558922171592712 -2.5583345890045166 -0.014315237291157246 0.9998728632926941 0.007023293524980545 -0.06895453482866287 0.7558992505073547 0.00622381130233407 0.6546583771705627 4.376446723937988
0.6107243895530701 0.014305362477898598 -0.7917140126228333 -2.8218483924865723 -0.011717846617102623 0.9998905658721924 0.009027783758938313 -0.06829722225666046 0.7917565703392029 0.0037636959459632635 0.6108251810073853 4.510983467102051
0.5624066591262817 0.014743824489414692 -0.8267292976379395 -3.1000585556030273 -0.009250257164239883 0.9998905658721924 0.011539214290678501 -0.06422045826911926 0.8268091082572937 0.0011577281402423978 0.5624815225601196 4.650694847106934
0.5111335515975952 0.015465298667550087 -0.8593621253967285 -3.3960556983947754 -0.00751963397487998 0.9998801946640015 0.013521552085876465 -0.060369111597537994 0.859468400478363 -0.00044922990491613746 0.5111886858940125 4.777014255523682
0.45881974697113037 0.016560472548007965 -0.8883750438690186 -3.7007787227630615 -0.007083512842655182 0.9998626112937927 0.014980323612689972 -0.049550727009773254 0.8885011076927185 -0.0005804519751109183 0.4588741064071655 4.87556791305542
0.4041154384613037 0.018830491229891777 -0.9145141839981079 -4.032405376434326 -0.0055453055538237095 0.9998201131820679 0.018136583268642426 -0.0488114058971405 0.9146912097930908 -0.0022580125369131565 0.40414711833000183 4.971449375152588
0.34865981340408325 0.02066945657134056 -0.9370214343070984 -4.386470317840576 -0.005416171625256538 0.9997844696044922 0.020038604736328125 -0.04045811668038368 0.9372337460517883 -0.001911587081849575 0.34869661927223206 5.05310583114624
0.2931124269962311 0.02371097169816494 -0.9557839632034302 -4.766526222229004 -0.002842966001480818 0.9997095465660095 0.023928815498948097 -0.03402386233210564 0.9560737013816833 -0.004296572413295507 0.2930947244167328 5.132717132568359
0.239749938249588 0.02555648237466812 -0.970498263835907 -5.117590427398682 0.0015620001358911395 0.999642014503479 0.02670980803668499 -0.03581667318940163 0.9708333611488342 -0.007919592782855034 0.23962421715259552 5.185970306396484
0.18888579308986664 0.025934133678674698 -0.9816564917564392 -5.5044989585876465 0.003839947981759906 0.9996240735054016 0.027147674933075905 -0.030736634507775307 0.9819915890693665 -0.008897319436073303 0.18871520459651947 5.21986198425293
0.1411905586719513 0.02698461525142193 -0.9896146655082703 -5.916470527648926 0.0015596055891364813 0.9996211528778076 0.027479982003569603 -0.023941056802868843 0.9899812340736389 -0.005423322319984436 0.14109496772289276 5.242325782775879
0.09883194416761398 0.02737506665289402 -0.9947275519371033 -6.350732326507568 -0.00024529348593205214 0.9996221661567688 0.027485394850373268 -0.014912397600710392 0.9951041340827942 -0.002472435124218464 0.09880131483078003 5.243672847747803
0.0610322579741478 0.025955796241760254 -0.9977982640266418 -6.78892707824707 -0.0018232361180707812 0.9996630549430847 0.02589278109371662 -0.005877397488802671 0.998134195804596 0.00023892825993243605 0.061059024184942245 5.2302069664001465
0.026497162878513336 0.023125946521759033 -0.9993813633918762 -7.25822639465332 -0.0002486527955625206 0.9997324347496033 0.02312747947871685 0.0016222656704485416 0.9996488690376282 -0.00036431345506571233 0.02649582549929619 5.228899955749512
-0.004542727023363113 0.02046808786690235 -0.9997802376747131 -7.73406982421875 0.00017745046352501959 0.9997904896736145 0.020467489957809448 0.005939926952123642 0.9999897480010986 -8.443310798611492e-05 -0.004545409698039293 5.197760581970215
-0.03132972493767738 0.018593711778521538 -0.9993362426757812 -8.225635528564453 -0.00018638663459569216 0.9998268485069275 0.018608683720231056 0.012695596553385258 0.9995091557502747 0.0007692677318118513 -0.031320832669734955 5.160888195037842
-0.05188021436333656 0.01618465781211853 -0.998522162437439 -8.73363208770752 -0.0014388049021363258 0.9998664855957031 0.01628119871020317 0.02377692051231861 0.9986522793769836 0.002281350549310446 -0.05184999853372574 5.112014293670654
-0.06853415071964264 0.015200016088783741 -0.9975330829620361 -9.251575469970703 -0.00040281808469444513 0.9998834133148193 0.015263506211340427 0.036768484860658646 0.9976487159729004 0.0014478956582024693 -0.06852004677057266 5.070876598358154
-0.08143908530473709 0.015490829013288021 -0.9965579509735107 -9.789743423461914 -0.00031483519705943763 0.9998787045478821 0.01556817814707756 0.044992636889219284 0.9966782927513123 0.0015816094819456339 -0.08142433315515518 5.0150299072265625
-0.09111249446868896 0.017046941444277763 -0.9956946969032288 -10.344758033752441 7.065218960633501e-05 0.9998535513877869 0.017111679539084435 0.04741077870130539 0.9958406090736389 0.0014887397410348058 -0.09110035747289658 4.956243515014648
-0.09806164354085922 0.018057692795991898 -0.9950165152549744 -10.919973373413086 -0.0020936725195497274 0.9998292922973633 0.018351377919316292 0.047246433794498444 0.9951781034469604 0.00388280488550663 -0.09800711274147034 4.891287803649902
-0.10247816890478134 0.01906445436179638 -0.9945525527000427 -11.51254940032959 -0.00190428935457021 0.9998107552528381 0.01936146803200245 0.05375749617815018 0.994733452796936 0.0038780432660132647 -0.10242248326539993 4.821547508239746
-0.1039402186870575 0.019752521067857742 -0.9943874478340149 -12.119154930114746 0.00011526043817866594 0.9998030066490173 0.01984805054962635 0.06459757685661316 0.9945835471153259 0.00194839749019593 -0.10392202436923981 4.75723123550415
-0.10294102877378464 0.022030498832464218 -0.9944434762001038 -12.736340522766113 0.002218619454652071 0.9997572898864746 0.021918555721640587 0.06854196637868881 0.9946849942207336 5.002712714485824e-05 -0.10296492278575897 4.697424411773682
-0.1014852523803711 0.0244461577385664 -0.9945366382598877 -13.373210906982422 0.0017054571071639657 0.9997007846832275 0.02439906634390354 0.07533623278141022 0.994835615158081 0.0007800059393048286 -0.10149658471345901 4.63170862197876
-0.09963564574718475 0.024523932486772537 -0.9947217106819153 -14.026264190673828 -0.0007010447443462908 0.999694287776947 0.02471674233675003 0.07994836568832397 0.9950237274169922 0.0031600138172507286 -0.09958800673484802 4.557766914367676
-0.0980108380317688 0.0219971165060997 -0.9949422478675842 -14.683698654174805 -0.0020482318941503763 0.9997491240501404 0.022305160760879517 0.08954508602619171 0.9951832294464111 0.004224019590765238 -0.09794118255376816 4.488732814788818
-0.09679267555475235 0.021759025752544403 -0.9950667023658752 -15.37530517578125 -0.0034548561088740826 0.999747633934021 0.022197449579834938 0.098737433552742 0.9952985644340515 0.00558636337518692 -0.09669308364391327 4.417283535003662
-0.09499581158161163 0.024489182978868484 -0.9951764345169067 -16.078163146972656 -0.0029130384791642427 0.9996862411499023 0.024878231808543205 0.1140044778585434 0.9954735040664673 0.0052623143419623375 -0.0948946624994278 4.348343372344971
-0.09298212826251984 0.027965765446424484 -0.9952749013900757 -16.794408798217773 -0.004242203198373318 0.9995852708816528 0.028483198955655098 0.12314695119857788 0.9956587553024292 0.006870586425065994 -0.09282491356134415 4.276566028594971
-0.09130982309579849 0.030036425217986107 -0.9953694939613342 -17.527076721191406 -0.004513106774538755 0.9995222687721252 0.030575748533010483 0.13168609142303467 0.9958122968673706 0.007284075021743774 -0.09113063663244247 4.204530239105225
-0.08942975103855133 0.02947361022233963 -0.9955569505691528 -18.255800247192383 -0.006615667138248682 0.9995224475860596 0.030185285955667496 0.1462467461824417 0.995971143245697 0.00928573589771986 -0.08919205516576767 4.134598255157471
-0.08780018240213394 0.026267148554325104 -0.9957917332649231 -19.01592254638672 -0.008996021933853626 0.9995906352996826 0.02716054394841194 0.16329516470432281 0.9960975050926208 0.01134286355227232 -0.08752794563770294 4.0599565505981445
-0.08605119585990906 0.025871101766824722 -0.995954692363739 -19.789505004882812 -0.009931154549121857 0.9995908737182617 0.026823608204722404 0.17863142490386963 0.9962411522865295 0.01219918392598629 -0.08575904369354248 3.984675168991089
-0.08476599305868149 0.027942631393671036 -0.9960090517997742 -20.55417823791504 -0.007354790810495615 0.9995619058609009 0.028668241575360298 0.19321228563785553 0.99637371301651 0.009755531325936317 -0.08452335000038147 3.9229366779327393
-0.08355706185102463 0.030471360310912132 -0.9960370659828186 -21.344341278076172 -0.004809876903891563 0.9995084404945374 0.03098105639219284 0.1985381841659546 0.9964913725852966 0.007379502058029175 -0.0833694264292717 3.855806589126587
-0.08227670937776566 0.03200002387166023 -0.9960956573486328 -22.13886070251465 -0.004323133267462254 0.9994636178016663 0.03246530145406723 0.21584776043891907 0.9966001510620117 0.006977393291890621 -0.0820942297577858 3.790367841720581
-0.08152249455451965 0.027177220210433006 -0.9963008761405945 -22.943300247192383 -0.004371061455458403 0.9996087551116943 0.02762511558830738 0.22905448079109192 0.996661901473999 0.006606960203498602 -0.08137179911136627 3.7185606956481934
-0.0812297910451889 0.020275505259633064 -0.9964891672134399 -23.747922897338867 -0.003097589360550046 0.9997830986976624 0.02059502713382244 0.2363903969526291 0.996690571308136 0.004759643692523241 -0.08114936202764511 3.6520495414733887
-0.08132731914520264 0.01580442488193512 -0.9965621829032898 -24.56608009338379 0.00011641344462987036 0.9998744130134583 0.015847457572817802 0.24625597894191742 0.9966875314712524 0.001172817894257605 -0.0813189446926117 3.5824267864227295
-0.08186262845993042 0.016784217208623886 -0.9965022206306458 -25.39090919494629 0.001247322536073625 0.9998591542243958 0.01673828810453415 0.2523512542247772 0.9966427683830261 0.000127280451124534 -0.08187203109264374 3.513455867767334
-0.08162229508161545 0.024321848526597023 -0.9963665008544922 -26.23158073425293 0.0007064117817208171 0.9997034072875977 0.024345433339476585 0.2572196424007416 0.9966630339622498 0.0012832849752157927 -0.08161526173353195 3.432025909423828
-0.08248542994260788 0.03169959411025047 -0.9960880279541016 -27.074382781982422 -0.0002936950186267495 0.9994932413101196 0.03183228150010109 0.26665475964546204 0.9965921640396118 0.0029182452708482742 -0.08243431895971298 3.368705987930298
-0.08270268142223358 0.03661775961518288 -0.9959012866020203 -27.90321922302246 -0.0028257856611162424 0.9993122220039368 0.03697783127427101 0.28088706731796265 0.9965702295303345 0.005872368346899748 -0.0825423151254654 3.2927491664886475
-0.08294567465782166 0.037168100476264954 -0.9958606958389282 -28.753860473632812 -0.00446085212752223 0.9992803335189819 0.03766728937625885 0.2882373332977295 0.9965440630912781 0.00756672490388155 -0.08272018283605576 3.2076597213745117
-0.08317092806100845 0.033385857939720154 -0.995975911617279 -29.589027404785156 -0.004397016949951649 0.9994166493415833 0.03386837616562843 0.3067273795604706 0.9965255856513977 0.007196187041699886 -0.0829756110906601 3.133112668991089
-0.08346293866634369 0.030659548938274384 -0.996039092540741 -30.426992416381836 -0.004467240534722805 0.9995051026344299 0.031140562146902084 0.3226519227027893 0.9965008497238159 0.007048630155622959 -0.0832846611738205 3.055697441101074
-0.08370932191610336 0.03176654130220413 -0.9959837198257446 -31.260955810546875 -0.005903023760765791 0.999458372592926 0.032373495399951935 0.337499737739563 0.9964727163314819 0.008589277975261211 -0.0834764689207077 2.979494571685791
-0.083335280418396 0.03431139513850212 -0.9959306120872498 -32.09331512451172 -0.0075570447370409966 0.9993565082550049 0.03506176918745041 0.3440532088279724 0.9964929223060608 0.010448174551129341 -0.08302236348390579 2.900212526321411
-0.08339401334524155 0.03275078907608986 -0.9959782958030701 -32.92515563964844 -0.007937711663544178 0.9994062781333923 0.03352814540266991 0.35728880763053894 0.9964850544929504 0.01070183515548706 -0.08308452367782593 2.8281261920928955
-0.08296014368534088 0.02755318395793438 -0.9961718916893005 -33.76136016845703 -0.008971983566880226 0.9995564818382263 0.028393980115652084 0.3692532777786255 0.9965124726295471 0.011293205432593822 -0.08267615735530853 2.7467455863952637
-0.08267208933830261 0.023394562304019928 -0.9963021874427795 -34.58296203613281 -0.010782932862639427 0.999644935131073 0.024367813020944595 0.37739166617393494 0.9965185523033142 0.012757597491145134 -0.08239046484231949 2.674675464630127
-0.08203897625207901 0.024007003754377365 -0.9963399171829224 -35.42424774169922 -0.010048085823655128 0.999639093875885 0.024913862347602844 0.3896191716194153 0.9965785145759583 0.012055217288434505 -0.08176814019680023 2.5969021320343018
-0.08142530173063278 0.026723410934209824 -0.9963210821151733 -36.252010345458984 -0.009441118687391281 0.9995749592781067 0.02758227288722992 0.3892597556114197 0.9966347217559814 0.011652280576527119 -0.08113839477300644 2.523169994354248
-0.08092912286520004 0.03157621622085571 -0.9962195754051208 -37.09401321411133 -0.008633779361844063 0.9994383454322815 0.032379619777202606 0.40446048974990845 0.9966824650764465 0.011221594177186489 -0.08061105012893677 2.4505531787872314
-0.08031661808490753 0.03702746331691742 -0.9960814118385315 -37.93247985839844 -0.008235466666519642 0.999251127243042 0.0378093384206295 0.4221133887767792 0.9967354536056519 0.011239913292229176 -0.07995152473449707 2.3833415508270264
-0.08009327948093414 0.040338315069675446 -0.9959707856178284 -38.781314849853516 -0.008875557221472263 0.9991123676300049 0.041179295629262924 0.43316105008125305 0.9967478513717651 0.012137982062995434 -0.07966416329145432 2.3008880615234375
-0.08003603667020798 0.04051937535405159 -0.9959681034088135 -39.573097229003906 -0.008296364918351173 0.9991118907928467 0.04131396487355232 0.4476146101951599 0.9967573881149292 0.011569520458579063 -0.07962878048419952 2.239121675491333
-0.08026250451803207 0.036128219217061996 -0.9961187839508057 -40.39656448364258 -0.0077895792201161385 0.9992896318435669 0.03687087073922157 0.4687437415122986 0.9967432618141174 0.0107186958193779 -0.07992406189441681 2.172597646713257
-0.0796910971403122 0.03162829577922821 -0.9963177442550659 -41.210060119628906 -0.008860421366989613 0.9994345903396606 0.03243593871593475 0.4828173518180847 0.9967802166938782 0.011412650346755981 -0.07936578243970871 2.101409673690796
-0.07977500557899475 0.02912238985300064 -0.9963874816894531 -42.01756286621094 -0.013188554905354977 0.9994547963142395 0.030267979949712753 0.4907255470752716 0.9967256188392639 0.015555537305772305 -0.07934743911027908 2.02807879447937
-0.08002366125583649 0.02737177349627018 -0.9964171051979065 -42.86223602294922 -0.016613949090242386 0.9994475245475769 0.028789307922124863 0.5063504576683044 0.9966545104980469 0.018858248367905617 -0.0795246958732605 1.942288875579834
-0.08026355504989624 0.025308283045887947 -0.9964523911476135 -43.664737701416016 -0.014709608629345894 0.999538779258728 0.026571523398160934 0.5155062079429626 0.9966650605201721 0.016790149733424187 -0.07985425740480423 1.8660073280334473
-0.08171913027763367 0.021564478054642677 -0.9964220523834229 -44.48484802246094 -0.01050634030252695 0.9996917247772217 0.022496890276670456 0.523835301399231 0.9966000318527222 0.012307175435125828 -0.08146737515926361 1.8108402490615845
-0.08224214613437653 0.020085031166672707 -0.9964099526405334 -45.31300735473633 -0.005940054543316364 0.9997692704200745 0.020643027499318123 0.5326743721961975 0.9965946674346924 0.007616455666720867 -0.08210387080907822 1.7380867004394531
-0.08413437008857727 0.023601491004228592 -0.9961748719215393 -46.135093688964844 -0.006114260293543339 0.9996883869171143 0.024201132357120514 0.5377004742622375 0.9964356422424316 0.008127016946673393 -0.08396385610103607 1.6634665727615356
-0.08578667044639587 0.0302216075360775 -0.9958549737930298 -46.94184875488281 -0.003931210841983557 0.999521791934967 0.030671531334519386 0.5365386605262756 0.9963057041168213 0.006546126212924719 -0.08562683314085007 1.5924675464630127
-0.08800052106380463 0.033911801874637604 -0.9955430030822754 -47.7614631652832 -0.0013324366882443428 0.9994155168533325 0.034161489456892014 0.5460224747657776 0.9961195588111877 0.004332726821303368 -0.08790388703346252 1.5216666460037231
-0.0890638679265976 0.03308553993701935 -0.995476245880127 -48.55202865600586 -0.002300188411027193 0.9994386434555054 0.033423032611608505 0.5526407957077026 0.9960232377052307 0.005266567226499319 -0.08893776684999466 1.4454678297042847
-0.08973629772663116 0.029009435325860977 -0.9955430030822754 -49.35059356689453 -0.005527041852474213 0.9995458126068115 0.029624270275235176 0.5637220144271851 0.9959501624107361 0.008160779252648354 -0.08953520655632019 1.3590521812438965
-0.0907793715596199 0.025498246774077415 -0.9955445528030396 -50.143131256103516 -0.01028639730066061 0.9995948672294617 0.02653995342552662 0.5702311992645264 0.9958178997039795 0.012649846263229847 -0.09048030525445938 1.2717258930206299
-0.09226389229297638 0.024217141792178154 -0.9954400658607483 -50.93001174926758 -0.014605286531150341 0.9995636940002441 0.02567116916179657 0.5771968364715576 0.9956274628639221 0.016907207667827606 -0.09186992794275284 1.1845046281814575
-0.09354223310947418 0.02529400773346424 -0.9952939748764038 -51.72602844238281 -0.01636701636016369 0.9995031952857971 0.02693922258913517 0.5831080675125122 0.9954807758331299 0.01880994811654091 -0.0930817574262619 1.105562686920166
-0.09464409947395325 0.026829617097973824 -0.9951496124267578 -52.512962341308594 -0.01631227135658264 0.999460756778717 0.028497235849499702 0.5908069014549255 0.9953774809837341 0.01893024519085884 -0.09415540844202042 1.0275636911392212
-0.09534066915512085 0.02629447542130947 -0.9950973391532898 -53.29801940917969 -0.01809459738433361 0.9994401335716248 0.028142882511019707 0.5967679619789124 0.9952802062034607 0.020689046010375023 -0.09481148421764374 0.9417824149131775
-0.09596306830644608 0.026112744584679604 -0.9950423240661621 -54.075477600097656 -0.01880395971238613 0.9994298815727234 0.028041362762451172 0.6045762300491333 0.9952073097229004 0.021401671692728996 -0.095417320728302 0.860521137714386
-0.09657793492078781 0.02803165651857853 -0.994930624961853 -54.85346221923828 -0.01705256849527359 0.9994099736213684 0.029813159257173538 0.6124591827392578 0.9951793551445007 0.01984541490674019 -0.0960429459810257 0.7838537096977234
-0.09689263999462128 0.030837874859571457 -0.9948169589042664 -55.61955261230469 -0.016400611028075218 0.9993346929550171 0.03257529437541962 0.6240285038948059 0.9951597452163696 0.019471915438771248 -0.09632241725921631 0.7109195590019226
-0.09702138602733612 0.035053763538599014 -0.9946647882461548 -56.40476608276367 -0.016171641647815704 0.9991921186447144 0.03679072484374046 0.6344441175460815 0.9951509237289429 0.01965484954416752 -0.09637614339590073 0.6251283884048462
-0.09768977016210556 0.0370948426425457 -0.9945253729820251 -57.167457580566406 -0.016264693811535835 0.9991121292114258 0.038863565772771835 0.6482391953468323 0.9950839877128601 0.019972223788499832 -0.09699971228837967 0.5494908094406128
-0.09828121215105057 0.03713041543960571 -0.9944657683372498 -57.91862869262695 -0.01595233753323555 0.9991165399551392 0.0388806089758873 0.6586858034133911 0.9950308203697205 0.019685285165905952 -0.09760206937789917 0.4700998067855835
-0.09860783070325851 0.03537728637456894 -0.9944973587989807 -58.657440185546875 -0.015363899059593678 0.9991946816444397 0.03706777095794678 0.6662170886993408 0.9950078129768372 0.018934529274702072 -0.09798488765954971 0.3962963819503784
-0.09866684675216675 0.03157186135649681 -0.9946195483207703 -59.38371658325195 -0.014931410551071167 0.9993371367454529 0.03320281580090523 0.6827884316444397 0.9950084686279297 0.018127091228961945 -0.09813003242015839 0.32016614079475403
-0.09837627410888672 0.028525518253445625 -0.9947403073310852 -60.11830520629883 -0.015382015146315098 0.999426007270813 0.030181117355823517 0.6943532228469849 0.995030403137207 0.018270215019583702 -0.09788103401660919 0.23786529898643494
-0.09727679193019867 0.026336470618844032 -0.99490886926651 -60.82719421386719 -0.01569666713476181 0.9994848966598511 0.027992339804768562 0.7029445767402649 0.995133638381958 0.01833976060152054 -0.09681328386068344 0.16684064269065857
-0.09497065842151642 0.025548242032527924 -0.9951521158218384 -61.52149200439453 -0.018519539386034012 0.9994522929191589 0.027426013723015785 0.7070015072822571 0.9953078031539917 0.021034425124526024 -0.09444548934698105 0.09323982149362564
-0.09025527536869049 0.02636594884097576 -0.99556964635849 -62.213863372802734 -0.018415257334709167 0.9994343519210815 0.028137775138020515 0.7141008377075195 0.9957484602928162 0.02087325043976307 -0.08971869200468063 0.021571874618530273
-0.08464042097330093 0.028372230008244514 -0.99600750207901 -62.858646392822266 -0.01811974309384823 0.999385416507721 0.030008260160684586 0.7109454870223999 0.9962468147277832 0.020587310194969177 -0.08407429605722427 -0.028356071561574936
-0.07757724076509476 0.029619699344038963 -0.99654620885849 -63.51240158081055 -0.017175035551190376 0.9993705749511719 0.031040647998452187 0.720632016658783 0.996838390827179 0.01952376216650009 -0.07701968401670456 -0.07820792496204376
-0.06872877478599548 0.030926130712032318 -0.9971559643745422 -64.14969635009766 -0.018476616591215134 0.9993085265159607 0.032266389578580856 0.7248476147651672 0.9974642992019653 0.020641697570681572 -0.06810984760522842 -0.12302132695913315
-0.05684156343340874 0.03279297053813934 -0.9978445172309875 -64.77307891845703 -0.020450308918952942 0.9992125034332275 0.03400286287069321 0.7316269874572754 0.998173713684082 0.022339003160595894 -0.05612616240978241 -0.16235244274139404
-0.042042165994644165 0.03436974808573723 -0.9985244870185852 -65.37853240966797 -0.02343715727329254 0.9990991950035095 0.03537633270025253 0.7383404970169067 0.9988408088684082 0.02488987147808075 -0.041198767721652985 -0.18958544731140137
-0.023632150143384933 0.03525026515126228 -0.9990989565849304 -65.98182678222656 -0.02464507333934307 0.9990538954734802 0.03583161532878876 0.7507273554801941 0.9994168877601624 0.025469643995165825 -0.022741036489605904 -0.19904519617557526
-0.0014979552943259478 0.036288946866989136 -0.9993402361869812 -66.52153778076172 -0.025970986112952232 0.9990028738975525 0.03631562367081642 0.7554104328155518 0.9996615648269653 0.026008253917098045 -0.0005540021229535341 -0.18712830543518066
0.024238569661974907 0.03678964450955391 -0.9990290999412537 -67.06644439697266 -0.025431761518120766 0.9990219473838806 0.036172349005937576 0.7601677179336548 0.9993826746940613 0.024530304595828056 0.025150485336780548 -0.1615915298461914
0.05339398607611656 0.036183591932058334 -0.9979178309440613 -67.59074401855469 -0.024202439934015274 0.9990966320037842 0.03493136912584305 0.769894540309906 0.9982801675796509 0.022286921739578247 0.05422147735953331 -0.11168491095304489
0.08755521476268768 0.03594965487718582 -0.9955108165740967 -68.09456634521484 -0.022800039499998093 0.9991591572761536 0.034076135605573654 0.777237057685852 0.9958987236022949 0.01971414126455784 0.08830122649669647 -0.04574540629982948
0.12490572780370712 0.036127060651779175 -0.9915106892585754 -68.56710052490234 -0.02232585847377777 0.9991862177848816 0.033594220876693726 0.7833011150360107 0.9919173717498779 0.01794021762907505 0.12561063468456268 0.0442199632525444
0.16654282808303833 0.03613142669200897 -0.9853720664978027 -69.00749969482422 -0.022498629987239838 0.999207615852356 0.032836128026247025 0.7859815955162048 0.9857774972915649 0.016700899228453636 0.1672237515449524 0.12683668732643127
0.21160449087619781 0.03759653493762016 -0.9766320586204529 -69.4346923828125 -0.021725192666053772 0.9991939067840576 0.03375793248414993 0.7805665731430054 0.9771139025688171 0.014074191451072693 0.21225067973136902 0.2447412610054016
0.260178804397583 0.03607482463121414 -0.9648863077163696 -69.82553100585938 -0.017959248274564743 0.9993096590042114 0.03251916915178299 0.7831293940544128 0.9653934240341187 0.008867834694683552 0.26064711809158325 0.37226733565330505
0.31051117181777954 0.030995571985840797 -0.9500643014907837 -70.2406005859375 -0.010292412713170052 0.9995193481445312 0.02924513630568981 0.7844265103340149 0.9505139589309692 0.0006975115975365043 0.31068095564842224 0.5476976037025452
0.3613307476043701 0.025736648589372635 -0.93208247423172 -70.62699127197266 -0.004472760483622551 0.9996553063392639 0.02586856111884117 0.7833123207092285 0.9324269890785217 -0.005178126972168684 0.3613213300704956 0.7465627789497375
0.41356801986694336 0.02108256332576275 -0.9102290868759155 -71.00863647460938 0.0003936213906854391 0.9997275471687317 0.023334354162216187 0.788291335105896 0.910473108291626 -0.01000862568616867 0.4134471118450165 0.964382529258728
0.46405500173568726 0.020153528079390526 -0.8855770230293274 -71.37432098388672 0.0004116905911359936 0.9997360110282898 0.022967234253883362 0.7993052005767822 0.8858062624931335 -0.011022644117474556 0.4639242887496948 1.2048333883285522
0.5120192766189575 0.019097980111837387 -0.8587616086006165 -71.759765625 0.001832740381360054 0.9997261762619019 0.023325620219111443 0.8052071928977966 0.8589720129966736 -0.01351705752313137 0.5118441581726074 1.4707262516021729
0.5583814978599548 0.014907535165548325 -0.829450249671936 -72.09767150878906 0.008766653947532177 0.9996766448020935 0.023868639022111893 0.8074539303779602 0.8295378684997559 -0.020599311217665672 0.5580702424049377 1.727893352508545
0.6025834083557129 0.008188789710402489 -0.7980139255523682 -72.42344665527344 0.019225720316171646 0.9995082020759583 0.024773824959993362 0.8113822340965271 0.7978242635726929 -0.030270688235759735 0.6021295785903931 2.029343843460083
0.6445041298866272 0.00330040929839015 -0.7645937204360962 -72.72931671142578 0.020988471806049347 0.999537467956543 0.022006507962942123 0.8110452890396118 0.7643126845359802 -0.030230939388275146 0.6441367268562317 2.3504350185394287
0.6855323910713196 -0.0020116064697504044 -0.7280393838882446 -73.0291519165039 0.018776873126626015 0.999712347984314 0.014918321743607521 0.8162110447883606 0.7278000116348267 -0.02389729581773281 0.6853729486465454 2.673511266708374
0.7260873317718506 -0.008669953793287277 -0.6875478029251099 -73.3084487915039 0.015260763466358185 0.999877393245697 0.0035077626816928387 0.8198882341384888 0.6874330639839172 -0.013039449229836464 0.7261306047439575 3.011249303817749
0.765435516834259 -0.009304902516305447 -0.6434453129768372 -73.5538558959961 0.008548559620976448 0.9999542236328125 -0.004291126970201731 0.8141005039215088 0.6434558033943176 -0.002215949585661292 0.7654800415039062 3.345158576965332
0.802406907081604 -0.010183528065681458 -0.5966903567314148 -73.8086166381836 0.007308176718652248 0.9999470710754395 -0.007238021120429039 0.8112149238586426 0.596732497215271 0.0014471191680058837 0.8024389147758484 3.7435410022735596
0.8362529873847961 -0.011527946218848228 -0.5482226014137268 -74.0551986694336 0.007880297489464283 0.9999284148216248 -0.009005827829241753 0.8062682151794434 0.5482872128486633 0.0032109934836626053 0.8362839818000793 4.177445411682129
0.8666260242462158 -0.010952592827379704 -0.498837947845459 -74.28499603271484 0.005975156091153622 0.9999151229858398 -0.011573774740099907 0.8042737245559692 0.49892231822013855 0.007049500476568937 0.8666180372238159 4.632678508758545
0.8928026556968689 -0.008865769021213055 -0.4503606855869293 -74.51644897460938 0.004614675417542458 0.9999338388442993 -0.010536416433751583 0.7911736369132996 0.45042428374290466 0.007328670937567949 0.8927845358848572 5.116091728210449
0.9139108657836914 -0.0028917258605360985 -0.40590471029281616 -74.7113037109375 -0.0011060313554480672 0.9999531507492065 -0.009614091366529465 0.7825802564620972 0.40591347217559814 0.009235364384949207 0.9138648509979248 5.613035678863525
0.9312871694564819 0.001487548230215907 -0.36428287625312805 -74.8952865600586 -0.0059913876466453075 0.9999188780784607 -0.011233781464397907 0.7734644412994385 0.36423665285110474 0.012644438073039055 0.9312205910682678 6.131311893463135
0.9446436166763306 0.006402455735951662 -0.32803598046302795 -75.06856536865234 -0.010206780396401882 0.9998990893363953 -0.009876844473183155 0.7653939127922058 0.3279396891593933 0.012678289785981178 0.944613516330719 6.674195289611816
0.9546809196472168 0.00775088369846344 -0.2975306212902069 -75.23524475097656 -0.010681594721972942 0.9999090433120728 -0.008225482888519764 0.7562180757522583 0.297439843416214 0.011030810885131359 0.9546768665313721 7.2195892333984375
0.9618101119995117 0.006986978929489851 -0.27362847328186035 -75.3787612915039 -0.009229259565472603 0.9999335408210754 -0.0069082011468708515 0.7462852001190186 0.2735619843006134 0.009169764816761017 0.9618107676506042 7.802744388580322
0.9676703214645386 0.007551089860498905 -0.2521052062511444 -75.52647399902344 -0.008957459591329098 0.9999500513076782 -0.004431305453181267 0.7302144169807434 0.25205910205841064 0.0065462649799883366 0.9676897525787354 8.401390075683594
0.9722606539726257 0.009980779141187668 -0.23368707299232483 -75.67498779296875 -0.010761678218841553 0.9999399185180664 -0.0020667598582804203 0.7249413132667542 0.23365241289138794 0.004524294752627611 0.9723097085952759 9.024275779724121
0.9757806062698364 0.014816091395914555 -0.21824923157691956 -75.81781768798828 -0.015335127711296082 0.9998821020126343 -0.0006844215095043182 0.7220779061317444 0.21821331977844238 0.004014723468571901 0.9758929014205933 9.654706001281738
0.9786574840545654 0.019167128950357437 -0.20460310578346252 -75.96987915039062 -0.019381225109100342 0.9998116493225098 0.0009576879674568772 0.7055203914642334 0.20458300411701202 0.0030282107181847095 0.9788445234298706 10.306541442871094
0.9812995195388794 0.017381751909852028 -0.1917007714509964 -76.09111022949219 -0.017602914944291115 0.9998449087142944 0.000549443531781435 0.6998972296714783 0.19168061017990112 0.0028353240340948105 0.9814532399177551 10.969682693481445
0.9839099049568176 0.017590660601854324 -0.17779774963855743 -76.21345520019531 -0.017809992656111717 0.9998413324356079 0.00036246335366740823 0.6898855566978455 0.17777593433856964 0.002809945959597826 0.984066903591156 11.6505765914917
0.9864673018455505 0.018039027228951454 -0.16296300292015076 -76.32453918457031 -0.018139129504561424 0.9998350739479065 0.0008737868047319353 0.6847807168960571 0.16295191645622253 0.0020940452814102173 0.9866316914558411 12.346426963806152
0.9886202216148376 0.019132232293486595 -0.14921130239963531 -76.4262924194336 -0.019131500273942947 0.9998158812522888 0.0014403744135051966 0.6774709224700928 0.14921140670776367 0.0014306538505479693 0.9888042211532593 13.060848236083984
0.9904701113700867 0.019961927086114883 -0.1362736076116562 -76.5371322631836 -0.02034940756857395 0.9997918605804443 -0.001450815238058567 0.6632346510887146 0.13621631264686584 0.004210076294839382 0.9906701445579529 13.791844367980957
0.9919300675392151 0.020349010825157166 -0.12514233589172363 -76.62479400634766 -0.02131272666156292 0.9997525811195374 -0.006366840563714504 0.6474376320838928 0.12498181313276291 0.008982584811747074 0.9921183586120605 14.516191482543945
0.9931036829948425 0.019074510782957077 -0.11567813158035278 -76.71048736572266 -0.02068902924656868 0.9997043609619141 -0.012772293761372566 0.6378641128540039 0.11540031433105469 0.015077479183673859 0.993204653263092 15.260307312011719
0.9939823150634766 0.018432728946208954 -0.10797924548387527 -76.78926086425781 -0.0199362151324749 0.9997184872627258 -0.012860829941928387 0.626772403717041 0.1077117919921875 0.014936135150492191 0.9940700531005859 16.02019500732422
0.9947004914283752 0.020500747486948967 -0.100751131772995 -76.87257385253906 -0.02130821719765663 0.9997488260269165 -0.006944779306650162 0.6121084690093994 0.10058346390724182 0.009054802358150482 0.9948874711990356 16.78501319885254
0.9950854182243347 0.024636607617139816 -0.09590616077184677 -76.9724349975586 -0.024616358801722527 0.9996960163116455 0.0013944846577942371 0.5894815921783447 0.09591134637594223 0.0009732290636748075 0.9953894019126892 17.596023559570312
0.995495080947876 0.025528162717819214 -0.09131202846765518 -77.04918670654297 -0.025161849334836006 0.9996700882911682 0.005160811357200146 0.5758569836616516 0.09141363948583603 -0.002839983208104968 0.9958089590072632 18.362445831298828
0.9958614110946655 0.024020757526159286 -0.0876520425081253 -77.12235260009766 -0.023737749084830284 0.9997090101242065 0.00426977826282382 0.563378095626831 0.08772910386323929 -0.0021714456379413605 0.9961420297622681 19.134056091308594
0.9960891604423523 0.023767687380313873 -0.08509573340415955 -77.1844711303711 -0.02359587699174881 0.9997169375419617 0.0030243396759033203 0.5568158626556396 0.08514353632926941 -0.0010046035749837756 0.9963681697845459 19.906635284423828
