1.0 0.0 0.0 0.0 0.0 1.0 0.0 0.0 0.0 0.0 1.0 0.0
0.9999956488609314 0.0029547002632170916 0.0001531191956019029 -0.005943590309470892 -0.0029549100436270237 0.999994695186615 0.0013883492210879922 -0.012907466851174831 -0.00014901622489560395 -0.0013887956738471985 0.9999990463256836 0.7725210785865784
0.9999842643737793 0.005580289755016565 0.0005764298839494586 -0.011518340557813644 -0.005581348203122616 0.9999827146530151 0.0018499059369787574 -0.028639603406190872 -0.0005660969181917608 -0.0018530943198129535 0.999998152256012 1.5411570072174072
0.9999767541885376 0.006731981877237558 0.0011091615306213498 -0.019606268033385277 -0.006733942311257124 0.9999757409095764 0.0017722886987030506 -0.0473187230527401 -0.0010972036980092525 -0.0017797165783122182 0.9999977350234985 2.277193784713745
0.9999618530273438 0.008684196509420872 0.0009916868293657899 -0.022675396874547005 -0.008685635402798653 0.9999610781669617 0.0014556688256561756 -0.06046632304787636 -0.0009790068725124002 -0.001464226865209639 0.9999983906745911 3.004586696624756
0.9999586343765259 0.008935278281569481 0.0016920609632506967 -0.031155448406934738 -0.008937254548072815 0.9999593496322632 0.0011635797563940287 -0.07377087324857712 -0.0016815948765724897 -0.0011786541435867548 0.9999979138374329 3.7251639366149902
0.9999573826789856 0.00910024531185627 0.001531756017357111 -0.02197001501917839 -0.009103136137127876 0.9999567866325378 0.0018915487453341484 -0.08377228677272797 -0.0015144761418923736 -0.0019054119475185871 0.9999970197677612 4.427662372589111
0.9999457597732544 0.010054197162389755 0.0027174956630915403 -0.0386623814702034 -0.010067743249237537 0.9999367594718933 0.005018028896301985 -0.10247282683849335 -0.002666871529072523 -0.005045115482062101 0.9999837279319763 5.09817361831665
0.9999414682388306 0.009964462369680405 0.004217889159917831 -0.03898054361343384 -0.010001219809055328 0.9999114274978638 0.008784587495028973 -0.10690231621265411 -0.004129981622099876 -0.008826257660984993 0.9999524354934692 5.7615509033203125
0.9999437928199768 0.009152807295322418 0.005340578034520149 -0.03446006402373314 -0.009219002909958363 0.9998793601989746 0.0125043336302042 -0.11920864135026932 -0.005225484259426594 -0.012552867643535137 0.9999074935913086 6.389859676361084
0.9999395608901978 0.008703634142875671 0.006714744959026575 -0.03970896080136299 -0.008800305426120758 0.9998559951782227 0.014504017308354378 -0.12592704594135284 -0.006587539799511433 -0.014562234282493591 0.9998722076416016 6.993101596832275
0.9999328851699829 0.008952178992331028 0.007353178225457668 -0.01691378280520439 -0.009057595394551754 0.9998548030853271 0.014430446550250053 -0.1348230093717575 -0.007222926709800959 -0.01449607964605093 0.9998688101768494 7.593538284301758
0.9999203085899353 0.009506448172032833 0.008310290984809399 -0.011830498464405537 -0.009604819118976593 0.9998833537101746 0.011878600344061852 -0.1439030021429062 -0.008196397684514523 -0.011957472190260887 0.999894917011261 8.150053024291992
0.9999121427536011 0.009493174962699413 0.009248203597962856 -0.014962698332965374 -0.0095759816467762 0.9999140501022339 0.008951151743531227 -0.14825858175754547 -0.009162433445453644 -0.009038926102221012 0.9999171495437622 8.67636489868164
0.9999099969863892 0.008045205846428871 0.01073460467159748 -0.0038416623137891293 -0.008125347085297108 0.9999392628669739 0.007443220820277929 -0.1559121012687683 -0.010674070566892624 -0.007529773283749819 0.9999147057533264 9.179027557373047
0.9999098777770996 0.004070458933711052 0.012792560271918774 0.0023285318166017532 -0.004137583542615175 0.999977707862854 0.005224977619946003 -0.16060049831867218 -0.012771008536219597 -0.005277436692267656 0.9999045133590698 9.637974739074707
0.9998895525932312 0.0024776144418865442 0.014648961834609509 0.015309915877878666 -0.0025393664836883545 0.9999879598617554 0.004198397975414991 -0.16981618106365204 -0.014638382941484451 -0.004235133528709412 0.9998839497566223 10.083351135253906
0.9998416304588318 0.006238883826881647 0.016663333401083946 0.014789369888603687 -0.006277986336499453 0.9999776482582092 0.0022953690495342016 -0.18483075499534607 -0.016648640856146812 -0.002399616874754429 0.9998584985733032 10.490458488464355
0.9997445344924927 0.010885746218264103 0.01980983093380928 0.012155283242464066 -0.010920791886746883 0.99993896484375 0.0016618201043456793 -0.19495919346809387 -0.01979053020477295 -0.001877734437584877 0.9998024106025696 10.871610641479492
0.9996803998947144 0.011070921085774899 0.022725913673639297 0.03031938336789608 -0.011140989139676094 0.9999334812164307 0.0029588895849883556 -0.2048550248146057 -0.022691646590828896 -0.0032111324835568666 0.9997373223304749 11.218611717224121
0.9996365308761597 0.007235981058329344 0.025970885530114174 0.044977642595767975 -0.007327231578528881 0.9999672770500183 0.0034201282542198896 -0.20903578400611877 -0.025945285335183144 -0.003609179984778166 0.9996568560600281 11.536792755126953
0.9995921850204468 0.0026283294428139925 0.028438759967684746 0.062250569462776184 -0.002707023173570633 0.9999926090240479 0.0027289760764688253 -0.206698939204216 -0.028431378304958344 -0.0028048476669937372 0.9995917677879333 11.823016166687012
0.9995253682136536 -0.0009015856776386499 0.030793895944952965 0.07717413455247879 0.0007697350229136646 0.9999904632568359 0.0042932783253490925 -0.21591778099536896 -0.030797475948929787 -0.004267537966370583 0.9995165467262268 12.081160545349121
0.9994460940361023 -0.0014085180591791868 0.03325231000781059 0.08931004256010056 0.0012321989051997662 0.9999849796295166 0.005322305951267481 -0.21983559429645538 -0.0332593135535717 -0.005278384778648615 0.9994328022003174 12.314658164978027
0.9993689656257629 -0.0008899962995201349 0.035510867834091187 0.09152580052614212 0.0007326540653593838 0.9999898076057434 0.004443572834134102 -0.2278556376695633 -0.0355144627392292 -0.004414750728756189 0.9993594884872437 12.516068458557129
0.9992982149124146 7.915865717222914e-05 0.037458255887031555 0.10466266423463821 -0.00019848336523864418 0.9999948740005493 0.0031818284187465906 -0.23547780513763428 -0.037457820028066635 -0.0031870300881564617 0.9992930889129639 12.705824851989746
0.9991829991340637 0.002422271529212594 0.040343452244997025 0.10480916500091553 -0.0025148431304842234 0.9999942779541016 0.0022439665626734495 -0.24017338454723358 -0.04033778980374336 -0.002343590836971998 0.9991832971572876 12.868223190307617
0.9991161823272705 0.005406668409705162 0.041685719043016434 0.11036603152751923 -0.0054711815901100636 0.9999839663505554 0.001433677738532424 -0.2395065277814865 -0.04167730361223221 -0.0016604815609753132 0.9991297721862793 13.048176765441895
0.9990425109863281 0.007000280078500509 0.04318665340542793 0.112111896276474 -0.007015200797468424 0.9999753832817078 0.00019398088625166565 -0.2512718737125397 -0.043184228241443634 -0.0004967582644894719 0.9990670084953308 13.189689636230469
0.998953640460968 0.005773819051682949 0.04536732658743858 0.12293624877929688 -0.005717114545404911 0.9999827146530151 -0.0013795471750199795 -0.25709667801856995 -0.04537450894713402 0.001118733431212604 0.9989694356918335 13.349617958068848
0.998895525932312 0.004574379418045282 0.04676266759634018 0.1351596564054489 -0.004452827852219343 0.9999865293502808 -0.002703165402635932 -0.2613508701324463 -0.04677439481019974 0.0024919535499066114 0.9989023804664612 13.497218132019043
0.9988380670547485 0.0038068422582000494 0.048041436821222305 0.14210380613803864 -0.0036227393429726362 0.9999857544898987 -0.003918674308806658 -0.262401282787323 -0.04805567115545273 0.0037400792352855206 0.9988377094268799 13.633066177368164
0.9987654089927673 0.0045710341073572636 0.04946450889110565 0.1507645845413208 -0.0043074158020317554 0.9999760389328003 -0.005434728693217039 -0.2631629407405853 -0.04948815703392029 0.0052149551920592785 0.9987610578536987 13.768697738647461
0.9986938834190369 0.005427748896181583 0.050805047154426575 0.15436509251594543 -0.005066860932856798 0.9999610185623169 -0.007229503244161606 -0.2694908678531647 -0.05084230378270149 0.0069626374170184135 0.99868243932724 13.890294075012207
0.9986483454704285 0.0055794562213122845 0.05167408660054207 0.1630147248506546 -0.005088307894766331 0.9999406337738037 -0.009631412103772163 -0.27120915055274963 -0.05172475427389145 0.009355460293591022 0.9986175894737244 14.013668060302734
0.9986088871955872 0.004924999549984932 0.05249736085534096 0.1683659553527832 -0.0042985789477825165 0.9999183416366577 -0.01203866209834814 -0.27265486121177673 -0.05255235731601715 0.011796250939369202 0.9985485076904297 14.140547752380371
0.9986613988876343 0.003727235598489642 0.051589302718639374 0.1833174079656601 -0.003026869846507907 0.9999023079872131 -0.013647282496094704 -0.2795036733150482 -0.051635123789310455 0.013472860679030418 0.9985751509666443 14.270866394042969
0.9987471103668213 0.003476326121017337 0.04992254823446274 0.1841692477464676 -0.0027342408429831266 0.9998849034309387 -0.01492533553391695 -0.283905029296875 -0.04996868222951889 0.014770135283470154 0.9986416101455688 14.386056900024414
0.9989039301872253 0.0031801441218703985 0.046699099242687225 0.18879961967468262 -0.002452502492815256 0.9998747706413269 -0.015630530193448067 -0.28723427653312683 -0.04674295708537102 0.015498866327106953 0.9987866878509521 14.516264915466309
0.9990724325180054 0.004146751947700977 0.04285949096083641 0.18681977689266205 -0.0034183599054813385 0.9998487234115601 -0.017054209485650063 -0.2858169674873352 -0.04292372241616249 0.016891885548830032 0.9989355206489563 14.643587112426758
0.9993000030517578 0.0038580559194087982 0.037208911031484604 0.18221525847911835 -0.0031906457152217627 0.9998332262039185 -0.017979564145207405 -0.2929510772228241 -0.037272077053785324 0.01784825697541237 0.9991457462310791 14.761356353759766
0.9995282292366028 0.004160312470048666 0.030427975580096245 0.18307413160800934 -0.003590415697544813 0.9998174905776978 -0.018760086968541145 -0.2935080826282501 -0.030500471591949463 0.018641989678144455 0.9993609189987183 14.887364387512207
0.9997193813323975 0.004285952541977167 0.023294586688280106 0.17732469737529755 -0.0038280498702079058 0.999799370765686 -0.019666200503706932 -0.2952980697154999 -0.023374201729893684 0.019571512937545776 0.9995352029800415 15.015280723571777
0.9998766779899597 0.003814535913988948 0.015236727893352509 0.17069664597511292 -0.003504945430904627 0.9997879266738892 -0.02029394917190075 -0.30237096548080444 -0.015310904942452908 0.02023804374039173 0.9996779561042786 15.146846771240234
0.9999806880950928 0.0031988888513296843 0.005325863137841225 0.1598762720823288 -0.0030820313841104507 0.9997574687004089 -0.02180691622197628 -0.3014402687549591 -0.005394328851252794 0.02179008536040783 0.9997480511665344 15.282241821289062
0.9999672174453735 0.001488603069446981 -0.007964350283145905 0.15593919157981873 -0.001673895283602178 0.9997269511222839 -0.02330941893160343 -0.30591097474098206 0.00792747549712658 0.023321988061070442 0.9996966123580933 15.429615020751953
0.9997116327285767 0.00028523136279545724 -0.024014506489038467 0.13426809012889862 -0.0008935973746702075 0.9996788501739502 -0.025326350703835487 -0.30858778953552246 0.023999573662877083 0.025340504944324493 0.9993907809257507 15.581332206726074
0.9990473985671997 0.0010985201224684715 -0.043624844402074814 0.11169476062059402 -0.0022549638524651527 0.9996471405029297 -0.026468481868505478 -0.3107626438140869 0.043580375611782074 0.026541640982031822 0.9986972808837891 15.752945899963379
0.9978815317153931 0.0019389009103178978 -0.06502875685691833 0.06823255121707916 -0.0036290534771978855 0.9996583461761475 -0.025882810354232788 -0.3201442062854767 0.06495635956525803 0.02606397122144699 0.9975476861000061 15.936866760253906
0.9960470199584961 0.0020840868819504976 -0.0888029932975769 0.041919052600860596 -0.0042413752526044846 0.9997003078460693 -0.02411121129989624 -0.33156561851501465 0.08872612565755844 0.024392547085881233 0.9957573413848877 16.11400032043457
0.993293821811676 0.0029723455663770437 -0.11557982116937637 -0.01105441153049469 -0.00564590934664011 0.9997238516807556 -0.02281126193702221 -0.3353850841522217 0.11548009514808655 0.023310836404561996 0.9930362105369568 16.340288162231445
0.9893458485603333 0.004072119016200304 -0.14552804827690125 -0.08172763884067535 -0.007143817376345396 0.9997624754905701 -0.020590897649526596 -0.3431919515132904 0.14540965855121613 0.021411141380667686 0.9891397953033447 16.569643020629883
0.9839571118354797 0.004233356565237045 -0.1783549040555954 -0.1528322696685791 -0.0074376207776367664 0.9998226165771484 -0.017300866544246674 -0.3471575677394867 0.1782500147819519 0.018349848687648773 0.9838141202926636 16.802289962768555
0.976538896560669 0.005138806998729706 -0.21527966856956482 -0.23340962827205658 -0.008123688399791718 0.999882698059082 -0.012982615269720554 -0.3576788902282715 0.21518771350383759 0.014426895417273045 0.9764660596847534 17.04460906982422
0.9668317437171936 0.0068221548572182655 -0.25532275438308716 -0.3381645679473877 -0.0091124651953578 0.9999281167984009 -0.007788403425365686 -0.35947757959365845 0.2552512586116791 0.009856694377958775 0.966824471950531 17.311878204345703
0.9550074338912964 0.010972511023283005 -0.29637864232063293 -0.4628134071826935 -0.012356541119515896 0.9999197125434875 -0.0027969537768512964 -0.3673492670059204 0.2963241934776306 0.0063333287835121155 0.9550663232803345 17.56792449951172
0.9408857822418213 0.014387834817171097 -0.3384183347225189 -0.5994832515716553 -0.014729446731507778 0.9998902678489685 0.0015588123351335526 -0.3664049208164215 0.3384036421775818 0.003518050303682685 0.9409944415092468 17.844667434692383
0.9241308569908142 0.017037052661180496 -0.38169625401496887 -0.7495766282081604 -0.015299593098461628 0.9998541474342346 0.0075865136459469795 -0.37593069672584534 0.3817698359489441 -0.0011711337137967348 0.9242566823959351 18.11955451965332
0.9049010872840881 0.020251549780368805 -0.4251401126384735 -0.9268230199813843 -0.015345918014645576 0.9997702836990356 0.014960632659494877 -0.3748059570789337 0.42534545063972473 -0.007013725582510233 0.9050039052963257 18.40547752380371
0.8831263780593872 0.02480153553187847 -0.4684792160987854 -1.1164488792419434 -0.016651678830385208 0.9996294975280762 0.021530969068408012 -0.3740691542625427 0.4688395857810974 -0.011213600635528564 0.883212149143219 18.684770584106445
0.858401894569397 0.030031584203243256 -0.5120981335639954 -1.3358070850372314 -0.019463155418634415 0.9994727969169617 0.0259882640093565 -0.37217891216278076 0.512608528137207 -0.012341327033936977 0.8585337996482849 18.969589233398438
0.8303050994873047 0.033104367554187775 -0.5563250780105591 -1.548147201538086 -0.020149700343608856 0.9993646740913391 0.02939458191394806 -0.372809499502182 0.5569447875022888 -0.01319668535143137 0.8304446935653687 19.22900390625
0.799543023109436 0.03705155849456787 -0.5994649529457092 -1.8032920360565186 -0.022941937670111656 0.9992509484291077 0.03116234950721264 -0.36646226048469543 0.6001706123352051 -0.011162751354277134 0.7997941970825195 19.4969482421875
0.7661450505256653 0.039934493601322174 -0.6414257287979126 -2.1018500328063965 -0.023450372740626335 0.9991401433944702 0.03419533371925354 -0.35855478048324585 0.6422395706176758 -0.01115691103041172 0.766422688961029 19.782651901245117
0.7289420962333679 0.04345003515481949 -0.6831950545310974 -2.4020538330078125 -0.024200713261961937 0.9989955425262451 0.037713199853897095 -0.33920717239379883 0.6841474771499634 -0.010956934653222561 0.7292613983154297 20.055042266845703
0.6899283528327942 0.04427523538470268 -0.7225223183631897 -2.732137680053711 -0.0218342337757349 0.998946487903595 0.040364887565374374 -0.3213067352771759 0.723548173904419 -0.012073162011802197 0.6901683211326599 20.321630477905273
0.6492179036140442 0.044593118131160736 -0.7592941522598267 -3.0889177322387695 -0.019865652546286583 0.9989334344863892 0.04168137535452843 -0.3101816177368164 0.7603430151939392 -0.011976419948041439 0.6494113206863403 20.57884407043457
0.6072193384170532 0.04341382905840874 -0.7933473587036133 -3.4646506309509277 -0.01428564079105854 0.9989413619041443 0.04373033717274666 -0.29922226071357727 0.7944057583808899 -0.015220435336232185 0.6071965098381042 20.81553077697754
0.5624586343765259 0.04340827092528343 -0.8256851434707642 -3.8715310096740723 -0.009230227209627628 0.998888373374939 0.04622633382678032 -0.28602713346481323 0.8267738223075867 -0.01837913878262043 0.5622340440750122 21.057233810424805
0.5160453915596008 0.044831957668066025 -0.8553872108459473 -4.306336402893066 -0.007102907635271549 0.9988189935684204 0.04806431010365486 -0.2641564905643463 0.8565317988395691 -0.018727626651525497 0.5157544016838074 21.273273468017578
0.46576738357543945 0.04442981630563736 -0.8837911486625671 -4.770968914031982 -0.006710289511829615 0.9988874793052673 0.04667951911687851 -0.23551304638385773 0.8848817348480225 -0.01581130363047123 0.4655472934246063 21.488088607788086
0.41332483291625977 0.04329318180680275 -0.9095538854598999 -5.256344795227051 -0.0008429319714196026 0.9988868832588196 0.04716222360730171 -0.2162126898765564 0.9105831980705261 -0.01872662454843521 0.41290125250816345 21.676761627197266
0.35941532254219055 0.042479611933231354 -0.9322104454040527 -5.751534461975098 0.0040153758600354195 0.9988837242126465 0.047065965831279755 -0.19591327011585236 0.9331691265106201 -0.020659402012825012 0.35884353518486023 21.835025787353516
0.30558955669403076 0.04114677757024765 -0.9512739181518555 -6.284896373748779 0.006896005477756262 0.9989439845085144 0.04542401060461998 -0.17052997648715973 0.952138364315033 -0.020441092550754547 0.30498310923576355 21.978612899780273
0.2526135742664337 0.04697854816913605 -0.9664260745048523 -6.866450786590576 0.008485427126288414 0.9986746311187744 0.05076416954398155 -0.13907204568386078 0.9675300717353821 -0.021024255082011223 0.25188010931015015 22.099254608154297
0.2015533149242401 0.051897067576646805 -0.9781016707420349 -7.445336818695068 0.010642660781741142 0.9984202980995178 0.05516824498772621 -0.10940531641244888 0.9794197678565979 -0.0215289443731308 0.20068258047103882 22.17736053466797
0.15283320844173431 0.05309317260980606 -0.9868247509002686 -8.052606582641602 0.016388509422540665 0.9982824325561523 0.05624775588512421 -0.08284711092710495 0.9881161451339722 -0.02476910874247551 0.15170054137706757 22.25480842590332
0.10851217806339264 0.05482136830687523 -0.9925823211669922 -8.624215126037598 0.019741240888834 0.9981625080108643 0.05728773772716522 -0.07054098695516586 0.9938991069793701 -0.025811221450567245 0.10723055899143219 22.293651580810547
0.06793064624071121 0.053105082362890244 -0.9962756633758545 -9.262809753417969 0.019809402525424957 0.9983137845993042 0.054564401507377625 -0.041358280926942825 0.9974933862686157 -0.0234422255307436 0.06676412373781204 22.31014060974121
0.03308200091123581 0.048699792474508286 -0.9982654452323914 -9.908645629882812 0.016253840178251266 0.9986538290977478 0.04925738275051117 -0.0046655889600515366 0.9993205070495605 -0.01785518229007721 0.032245900481939316 22.29446792602539
0.004022902809083462 0.04863253980875015 -0.9988085627555847 -10.57673168182373 0.014794048853218555 0.9987044930458069 0.04868705943226814 0.03047358989715576 0.9998824596405029 -0.014972285367548466 0.003298219759017229 22.2863712310791
-0.01653965935111046 0.05243401229381561 -0.9984873533248901 -11.27364730834961 0.013188140466809273 0.9985485076904297 0.05221877619624138 0.06473465263843536 0.9997762441635132 -0.012304510921239853 -0.017207160592079163 22.249162673950195
-0.029863115400075912 0.05879628285765648 -0.9978232383728027 -12.006223678588867 0.015071329660713673 0.9981814622879028 0.058366332203149796 0.09561403840780258 0.9994403719902039 -0.013295521028339863 -0.03069494664669037 22.225696563720703
-0.037672512233257294 0.0612715519964695 -0.9974099397659302 -12.749842643737793 0.014444408006966114 0.9980475306510925 0.06076514720916748 0.13063602149486542 0.9991857409477234 -0.012117821723222733 -0.038483988493680954 22.185684204101562
-0.04139883443713188 0.05843697115778923 -0.9974323511123657 -13.511418342590332 0.015519038774073124 0.9982053637504578 0.057838134467601776 0.1688416451215744 0.9990221858024597 -0.013084759935736656 -0.042231421917676926 22.144147872924805
-0.040695760399103165 0.05470120906829834 -0.9976730942726135 -14.29959487915039 0.02313464693725109 0.9982842803001404 0.053791020065546036 0.20217910408973694 0.9989036917686462 -0.020891746506094933 -0.0418914332985878 22.11969757080078
-0.03622230887413025 0.052977804094552994 -0.9979385137557983 -15.104912757873535 0.03509102389216423 0.9980454444885254 0.051709771156311035 0.24745959043502808 0.9987275004386902 -0.03314564377069473 -0.03801055625081062 22.104162216186523
-0.03068084828555584 0.05328819900751114 -0.9981077313423157 -15.93389892578125 0.035252876579761505 0.9980142712593079 0.05219956859946251 0.2830590307712555 0.9989073872566223 -0.03358464688062668 -0.03249849006533623 22.080860137939453
-0.025816867128014565 0.05221119150519371 -0.9983022212982178 -16.77552032470703 0.03339693695306778 0.9981227517127991 0.051338132470846176 0.3106503188610077 0.9991086721420288 -0.03201484680175781 -0.027512097731232643 22.055673599243164
-0.022545523941516876 0.04552400857210159 -0.9987087845802307 -17.655925750732422 0.037114355713129044 0.99831223487854 0.04466807842254639 0.3542275130748749 0.9990566372871399 -0.03605936840176582 -0.024197066202759743 22.044883728027344
-0.020827485248446465 0.034758128225803375 -0.9991787075996399 -18.52915382385254 0.035240378230810165 0.9988000988960266 0.034010376781225204 0.38704490661621094 0.9991617798805237 -0.034503091126680374 -0.022027380764484406 22.03042221069336
-0.019917715340852737 0.026397574692964554 -0.999453067779541 -19.422372817993164 0.027304524555802345 0.9992929100990295 0.025849202647805214 0.41379275918006897 0.9994286894798279 -0.02677473984658718 -0.020624404773116112 21.990480422973633
-0.021158726885914803 0.02339331805706024 -0.999502420425415 -20.348621368408203 0.021612362936139107 0.9995032548904419 0.02293582260608673 0.43942907452583313 0.9995424151420593 -0.021116316318511963 -0.021653806790709496 21.962528228759766
-0.02493930794298649 0.029586469754576683 -0.9992510676383972 -21.29364585876465 0.012483478523790836 0.9994932413101196 0.02928207814693451 0.456976056098938 0.999610960483551 -0.011743856593966484 -0.025296011939644814 21.918991088867188
-0.02989828772842884 0.03743819519877434 -0.9988515973091125 -22.238677978515625 0.007656465750187635 0.9992775917053223 0.03722498565912247 0.48460662364959717 0.9995235800743103 -0.006534711457788944 -0.03016333281993866 21.875757217407227
-0.03427553549408913 0.047295402735471725 -0.9982926845550537 -23.260147094726562 0.006184301804751158 0.9988705515861511 0.04711044579744339 0.5143915414810181 0.9993932843208313 -0.004559008404612541 -0.03452930971980095 21.832223892211914
-0.035892050713300705 0.05714257434010506 -0.9977205991744995 -24.27326011657715 0.004723041318356991 0.9983624815940857 0.05700942128896713 0.5604974031448364 0.9993444681167603 -0.002666089916601777 -0.03610315918922424 21.78915023803711
-0.03670736402273178 0.06510300189256668 -0.9972031116485596 -25.307022094726562 0.006675078999251127 0.9978694319725037 0.06490079313516617 0.6053131222724915 0.9993037581443787 -0.004274072591215372 -0.03706371411681175 21.746883392333984
-0.03844137117266655 0.06568621098995209 -0.9970995783805847 -26.32249641418457 0.007836101576685905 0.9978263974189758 0.06543197482824326 0.6605328321456909 0.999230146408081 -0.005298078525811434 -0.03887253999710083 21.711645126342773
-0.04024907201528549 0.06272950768470764 -0.997218668460846 -27.342016220092773 0.006623904686421156 0.998022198677063 0.06251270323991776 0.7141607999801636 0.9991677403450012 -0.004089402966201305 -0.0405849888920784 21.664949417114258
-0.04293441027402878 0.058102332055568695 -0.9973868727684021 -28.365581512451172 0.006448009051382542 0.9983028769493103 0.05787811800837517 0.7570340633392334 0.9990571141242981 -0.003946197219192982 -0.04323618859052658 21.61360740661621
-0.047418855130672455 0.05307004973292351 -0.9974642992019653 -29.384496688842773 0.0064240419305861 0.9985830783843994 0.05282418429851532 0.8023187518119812 0.9988544583320618 -0.0039028895553201437 -0.04769259691238403 21.558382034301758
-0.05300169065594673 0.04824484512209892 -0.997428297996521 -30.41419792175293 0.006244033575057983 0.9988287091255188 0.04798078164458275 0.8451958298683167 0.9985748529434204 -0.003684913506731391 -0.05324086174368858 21.49803924560547
-0.059646591544151306 0.046428848057985306 -0.9971393346786499 -31.43878173828125 0.005261937156319618 0.9989184737205505 0.04619693383574486 0.8857458233833313 0.9982057213783264 -0.0024913938250392675 -0.05982639640569687 21.4195556640625
-0.06674675643444061 0.04895906522870064 -0.9965680241584778 -32.513057708740234 0.006262732204049826 0.998796284198761 0.04864908754825592 0.923518180847168 0.9977502226829529 -0.002994070528075099 -0.06697302311658859 21.354278564453125
-0.07294902205467224 0.05375917628407478 -0.9958857297897339 -33.58313751220703 0.004771383944898844 0.9985535740852356 0.053553689271211624 0.9657309055328369 0.9973241686820984 -0.0008450643508695066 -0.0731000229716301 21.26487922668457
-0.07899250090122223 0.056676480919122696 -0.9952627420425415 -34.64887237548828 0.00204096594825387 0.9983896017074585 0.05669254809617996 1.0097031593322754 0.996873140335083 0.0024469890631735325 -0.0789809599518776 21.171154022216797
-0.08360698819160461 0.05863931402564049 -0.9947720170021057 -35.71969223022461 -0.0015014179516583681 0.9982585310935974 0.05897102504968643 1.0620226860046387 0.9964977502822876 0.006423959508538246 -0.08337334543466568 21.06970977783203
-0.0862097516655922 0.060114189982414246 -0.994461715221405 -36.79785919189453 -0.005811805371195078 0.9981305003166199 0.06083979830145836 1.1072828769683838 0.9962600469589233 0.011024601757526398 -0.08569922298192978 20.9616756439209
-0.08820871263742447 0.061395641416311264 -0.9942080974578857 -37.86003112792969 -0.009771532379090786 0.9979973435401917 0.06249659135937691 1.158021330833435 0.9960541129112244 0.015227677300572395 -0.0874321311712265 20.864625930786133
-0.08933856338262558 0.06058507785201073 -0.9941569566726685 -38.93754577636719 -0.010607043281197548 0.9980337619781494 0.06177452951669693 1.2152674198150635 0.9959448575973511 0.016063913702964783 -0.08852028101682663 20.75287628173828
-0.09084758162498474 0.0600273534655571 -0.9940540790557861 -40.024078369140625 -0.011558497324585915 0.9980509281158447 0.06132505461573601 1.2597894668579102 0.9957976937294006 0.017061002552509308 -0.08997669816017151 20.645296096801758
-0.09183526784181595 0.05934618413448334 -0.9940041899681091 -41.09188461303711 -0.012274561449885368 0.9980791211128235 0.06072351336479187 1.3126925230026245 0.9956985712051392 0.017777524888515472 -0.09093040227890015 20.539701461791992
-0.09268663823604584 0.05835389345884323 -0.9939839243888855 -42.182247161865234 -0.014868294820189476 0.9980886578559875 0.05998131260275841 1.368232011795044 0.99558424949646 0.02033831551671028 -0.0916418582201004 20.4252872467041
-0.09360474348068237 0.05589338392019272 -0.9940392971038818 -43.25838088989258 -0.01913229376077652 0.9981375932693481 0.057925429195165634 1.4146579504013062 0.9954255819320679 0.024440351873636246 -0.09236106276512146 20.316925048828125
-0.09388517588376999 0.05111188814043999 -0.9942702054977417 -44.34613800048828 -0.023757463321089745 0.9982819557189941 0.05356144160032272 1.4607948064804077 0.9952995181083679 0.028649963438510895 -0.09250959753990173 20.205049514770508
-0.09297344088554382 0.050407763570547104 -0.9943917989730835 -45.45283889770508 -0.025672543793916702 0.9982643127441406 0.05300438404083252 1.5056922435760498 0.9953374862670898 0.03045656718313694 -0.09151795506477356 20.09073257446289
-0.09163815528154373 0.0545327290892601 -0.9942981004714966 -46.562313079833984 -0.026439283043146133 0.9980140328407288 0.05717327818274498 1.550968885421753 0.9954413175582886 0.03152778372168541 -0.09001435339450836 19.989168167114258
-0.08946612477302551 0.05792669206857681 -0.9943040013313293 -47.66020584106445 -0.026324789971113205 0.9978209733963013 0.06050025671720505 1.5932220220565796 0.9956418871879578 0.031587567180395126 -0.0877462700009346 19.882001876831055
-0.08811046183109283 0.057523973286151886 -0.9944483637809753 -48.78715896606445 -0.024582017213106155 0.9979014992713928 0.05990174412727356 1.6500269174575806 0.9958073496818542 0.0297235157340765 -0.0865115076303482 19.780540466308594
-0.08566164970397949 0.05651029199361801 -0.9947203993797302 -49.896366119384766 -0.024542691186070442 0.9979676008224487 0.058808282017707825 1.7032681703567505 0.9960219264030457 0.029450731351971626 -0.0841006338596344 19.681537628173828
-0.08166119456291199 0.056783951818943024 -0.9950411915779114 -51.03138732910156 -0.02897263690829277 0.9978184700012207 0.05932016298174858 1.762005090713501 0.9962388873100281 0.03367312625050545 -0.0798378735780716 19.5804386138916
-0.07577867805957794 0.057548049837350845 -0.9954626560211182 -52.153594970703125 -0.03399234265089035 0.997603714466095 0.06025946885347366 1.8160693645477295 0.9965450763702393 0.03840448707342148 -0.07364090532064438 19.477603912353516
-0.06975042819976807 0.057111956179142 -0.9959282875061035 -53.27682876586914 -0.03791109472513199 0.9974868297576904 0.05985645949840546 1.8685497045516968 0.9968438744544983 0.041931744664907455 -0.0674099549651146 19.3812198638916
-0.06425159424543381 0.05621275305747986 -0.9963492155075073 -54.42722702026367 -0.03935001790523529 0.9974930286407471 0.05881485342979431 1.926008939743042 0.997157633304596 0.04298531264066696 -0.06187853962182999 19.30860710144043
-0.05897025391459465 0.05548392981290817 -0.9967166185379028 -55.566184997558594 -0.03894033655524254 0.9975664019584656 0.05783512070775032 1.980188250541687 0.997499942779541 0.04222303628921509 -0.05666617676615715 19.24407958984375
-0.05319010093808174 0.0549074225127697 -0.9970737099647522 -56.709842681884766 -0.03772588446736336 0.9976638555526733 0.05695245414972305 2.0327188968658447 0.997871458530426 0.040644798427820206 -0.05099441111087799 19.172521591186523
-0.047656916081905365 0.05568646267056465 -0.9973102807998657 -57.84989929199219 -0.03657768294215202 0.9976778030395508 0.05745486542582512 2.082040309906006 0.9981938004493713 0.039217423647642136 -0.04550936073064804 19.115644454956055
-0.04159903898835182 0.057443272322416306 -0.9974817037582397 -59.00948715209961 -0.03570563346147537 0.9976226687431335 0.05894046649336815 2.1323792934417725 0.9984961152076721 0.03806757926940918 -0.039449092000722885 19.058576583862305
-0.036243535578250885 0.05876282975077629 -0.9976138472557068 -60.160030364990234 -0.03609231114387512 0.9975414872169495 0.06006981059908867 2.181011199951172 0.9986910223960876 0.03818333148956299 -0.03403353691101074 19.014060974121094
-0.031329695135354996 0.05771670117974281 -0.9978412985801697 -61.308658599853516 -0.0354783870279789 0.9976380467414856 0.05881888419389725 2.23460054397583 0.9988792538642883 0.03724457323551178 -0.029207998886704445 18.982467651367188
-0.026273852214217186 0.05336228013038635 -0.9982295036315918 -62.46135330200195 -0.03562219440937042 0.9978901147842407 0.054281726479530334 2.282407522201538 0.9990199208259583 0.03698531910777092 -0.024317532777786255 18.943422317504883
-0.02177908830344677 0.04808879271149635 -0.9986056089401245 -63.60978317260742 -0.035982586443424225 0.9981576800346375 0.04885198175907135 2.3221778869628906 0.9991150498390198 0.036996349692344666 -0.02000860497355461 18.913082122802734
-0.01804071106016636 0.04775523021817207 -0.9986961483955383 -64.7681884765625 -0.03581108897924423 0.9981869459152222 0.04837777838110924 2.3632891178131104 0.9991956949234009 0.036637160927057266 -0.016297833994030952 18.887222290039062
-0.013815696351230145 0.05002719536423683 -0.9986522793769836 -65.93733978271484 -0.03512636199593544 0.9981068968772888 0.05048581585288048 2.404020309448242 0.9992873668670654 0.035776522010564804 -0.012032268568873405 18.847686767578125
-0.012861186638474464 0.050092779099941254 -0.9986617565155029 -67.10892486572266 -0.03489035367965698 0.9981136918067932 0.05051462724804878 2.4364120960235596 0.9993084073066711 0.03549334034323692 -0.011089171282947063 18.849409103393555
-0.011826268397271633 0.04977070167660713 -0.998690664768219 -68.28266143798828 -0.036749549210071564 0.9980642199516296 0.05017465353012085 2.484694004058838 0.999254584312439 0.03729481250047684 -0.009974323213100433 18.826871871948242
-0.010557127185165882 0.05068373307585716 -0.9986589550971985 -69.43840789794922 -0.03790190443396568 0.9979766011238098 0.05104978010058403 2.5261170864105225 0.9992256760597229 0.03839001804590225 -0.008614756166934967 18.807453155517578
-0.010067311115562916 0.050698570907115936 -0.9986631870269775 -70.61990356445312 -0.038325004279613495 0.9979605078697205 0.051049236208200455 2.564065456390381 0.9992145895957947 0.03878770023584366 -0.008103756234049797 18.79700469970703
-0.009072231128811836 0.04831838607788086 -0.9987908005714417 -71.79132080078125 -0.038693904876708984 0.9980668425559998 0.04863482713699341 2.6107425689697266 0.9992099404335022 0.03908833861351013 -0.007185066118836403 18.78250503540039
-0.008017447777092457 0.0465397909283638 -0.9988842606544495 -72.96804809570312 -0.037157751619815826 0.9982126355171204 0.046806737780570984 2.6582024097442627 0.9992772340774536 0.037491559982299805 -0.0062738037668168545 18.765050888061523
-0.008096486330032349 0.04706164449453354 -0.998859167098999 -74.16421508789062 -0.033571794629096985 0.9983161091804504 0.047308169305324554 2.68546986579895 0.9994035363197327 0.033916521817445755 -0.006502908654510975 18.760244369506836
-0.0078071169555187225 0.04758092015981674 -0.998836874961853 -75.3502426147461 -0.03160885348916054 0.9983564019203186 0.047805093228816986 2.7290232181549072 0.9994698166847229 0.03194531053304672 -0.006290306802839041 18.74795913696289
-0.007640448864549398 0.05072680115699768 -0.9986833333969116 -76.54090118408203 -0.031077779829502106 0.9982179403305054 0.050940923392772675 2.762650966644287 0.9994876980781555 0.0314260795712471 -0.006050356663763523 18.737651824951172
-0.0065868915989995 0.05439024046063423 -0.9984980225563049 -77.71981048583984 -0.03342264145612717 0.9979497790336609 0.05458086356520653 2.804384469985962 0.9994195699691772 0.033731963485479355 -0.004755521193146706 18.71147918701172
-0.006211818661540747 0.054502151906490326 -0.9984943866729736 -78.90777587890625 -0.035954128950834274 0.9978558421134949 0.05469097942113876 2.8466787338256836 0.9993340373039246 0.03623972833156586 -0.00423892168328166 18.694782257080078
-0.0062585920095443726 0.05227874964475632 -0.9986129403114319 -80.10551452636719 -0.0370805598795414 0.9979335069656372 0.05247557908296585 2.889571189880371 0.9992926716804504 0.03735753893852234 -0.004307133611291647 18.689828872680664
-0.005748849827796221 0.04969172924757004 -0.9987481236457825 -81.2882080078125 -0.03687391057610512 0.9980747103691101 0.049870483577251434 2.936255931854248 0.99930340051651 0.03711443766951561 -0.00390545348636806 18.676513671875
-0.00529802031815052 0.049575913697481155 -0.9987562894821167 -82.46813201904297 -0.03431578353047371 0.9981730580329895 0.049728985875844955 2.97003173828125 0.9993969798088074 0.03453657776117325 -0.003587104845792055 18.65886688232422
-0.005485184956341982 0.050858113914728165 -0.9986908435821533 -83.64285278320312 -0.03293657302856445 0.9981547594070435 0.051011715084314346 3.0131497383117676 0.9994423985481262 0.03317325934767723 -0.0037999707274138927 18.655620574951172
-0.004222886636853218 0.0530889555811882 -0.9985808730125427 -84.82086944580078 -0.03234599530696869 0.9980599880218506 0.05319805070757866 3.0594048500061035 0.9994678497314453 0.03252473846077919 -0.0024974793195724487 18.633970260620117
-0.004596573766320944 0.05587414279580116 -0.9984273314476013 -85.98745727539062 -0.03291356563568115 0.9978883862495422 0.05599551647901535 3.0958287715911865 0.9994476437568665 0.033119186758995056 -0.002747850026935339 18.633975982666016
-0.004479941911995411 0.056086014956235886 -0.9984158277511597 -87.15342712402344 -0.03426036983728409 0.9978312253952026 0.05620688945055008 3.140890121459961 0.9994028806686401 0.03445790708065033 -0.0025486976373940706 18.622941970825195
-0.003970474470406771 0.05378006771206856 -0.9985448718070984 -88.32313537597656 -0.033894944936037064 0.997971773147583 0.05388397350907326 3.186368703842163 0.9994174838066101 0.034059565514326096 -0.002139549469575286 18.607519149780273
-0.00377634447067976 0.05247429385781288 -0.9986151456832886 -89.48638916015625 -0.032954853028059006 0.9980732798576355 0.05257043614983559 3.227201461791992 0.9994497299194336 0.03310773894190788 -0.002039785962551832 18.603225708007812
-0.003913404420018196 0.05389360710978508 -0.9985389709472656 -90.64961242675781 -0.031343214213848114 0.9980494379997253 0.053990013897418976 3.2658751010894775 0.9995009303092957 0.03150871396064758 -0.0022165721748024225 18.59687614440918
-0.0031528673134744167 0.05631113424897194 -0.9984082579612732 -91.82176971435547 -0.029275063425302505 0.9979800581932068 0.05637943744659424 3.318002223968506 0.9995664358139038 0.029406223446130753 -0.0014979864936321974 18.580665588378906
-0.0034217399079352617 0.05865367874503136 -0.9982725381851196 -92.9697036743164 -0.027189243584871292 0.9979038238525391 0.05872521549463272 3.362645149230957 0.9996244311332703 0.02734321728348732 -0.0018198179313912988 18.586288452148438
-0.003162798937410116 0.060777295380830765 -0.9981463551521301 -94.14019775390625 -0.0278752651065588 0.9977580904960632 0.06084198132157326 3.407181978225708 0.9996064305305481 0.028016023337841034 -0.001461524865590036 18.57815933227539
-0.0024476039689034224 0.062243666499853134 -0.998058021068573 -95.30316925048828 -0.030827756971120834 0.9975817799568176 0.06228957697749138 3.464768409729004 0.9995216727256775 0.030920347198843956 -0.0005228530499152839 18.558908462524414
-0.0020343679934740067 0.0619184747338295 -0.9980790615081787 -96.45289611816406 -0.032727908343076706 0.9975423812866211 0.061951883137226105 3.5051755905151367 0.9994622468948364 0.032791074365377426 -2.9062921385047957e-06 18.550739288330078
-0.002120779827237129 0.05745252966880798 -0.9983459711074829 -97.60465240478516 -0.03512081503868103 0.9977281093597412 0.05749157816171646 3.5608081817626953 0.9993808269500732 0.03518465533852577 -9.818199760047719e-05 18.537912368774414
-0.00134186667855829 0.05570043995976448 -0.998446524143219 -98.76222229003906 -0.036426715552806854 0.9977821111679077 0.05571233108639717 3.6105597019195557 0.9993353486061096 0.03644489124417305 0.0006900937878526747 18.521814346313477
-0.0016104156384244561 0.05421333387494087 -0.9985281825065613 -99.92681121826172 -0.03597944229841232 0.997879683971405 0.054236166179180145 3.6472291946411133 0.9993511438369751 0.03601381555199623 0.00034356434480287135 18.52545928955078
-0.0014283203054219484 0.0546555332839489 -0.9985042810440063 -101.09716796875 -0.034694965928792953 0.997901439666748 0.05467216670513153 3.6935465335845947 0.999396800994873 0.03472115844488144 0.0004709486092906445 18.5252628326416
-0.001277729868888855 0.05655394494533539 -0.9983987212181091 -102.23686981201172 -0.034886401146650314 0.9977893829345703 0.05656407028436661 3.738696575164795 0.9993904232978821 0.03490281477570534 0.0006980587495490909 18.513805389404297
