1.0 0.0 0.0 0.0 0.0 1.0 0.0 0.0 0.0 0.0 1.0 0.0
0.999933660030365 -0.00251301028765738 0.011240551248192787 0.015767017379403114 0.0025020712055265903 0.9999963641166687 0.0009871326619759202 -0.003764933906495571 -0.01124299131333828 -0.0009589424589648843 0.9999363422393799 0.2951456904411316
0.9998278021812439 -0.00454583577811718 0.017993075773119926 0.0251872967928648 0.004525308962911367 0.9999890923500061 0.0011813895544037223 -0.008662497624754906 -0.01799825020134449 -0.0010997618082910776 0.9998373985290527 0.5825877785682678
0.9997769594192505 -0.007450975477695465 0.019761348143219948 0.03879162296652794 0.007453451864421368 0.9999722242355347 -5.16534382768441e-05 -0.012464906089007854 -0.019760414958000183 0.00019893217540811747 0.9998047351837158 0.886454164981842
0.9998157024383545 -0.008667083457112312 0.01713029481470585 0.05106190964579582 0.008699738420546055 0.9999604821205139 -0.001832644804380834 -0.009448636323213577 -0.017113734036684036 0.0019813361577689648 0.9998515844345093 1.202986478805542
0.9998827576637268 -0.011525943875312805 0.010083041153848171 0.05644938722252846 0.011560574173927307 0.9999274611473083 -0.003382992697879672 -0.010900994762778282 -0.010043317452073097 0.0034991619177162647 0.9999434351921082 1.5201503038406372
0.9999112486839294 -0.013137531466782093 -0.0022035229485481977 0.06029459461569786 0.013124685734510422 0.9998973608016968 -0.005746824201196432 -0.00811566598713398 0.0022787952329963446 0.005717394407838583 0.9999809861183167 1.860689640045166
0.9997460246086121 -0.012384195812046528 -0.01883010007441044 0.040894150733947754 0.012271122075617313 0.999906063079834 -0.00610868027433753 -0.01113196648657322 0.018903978168964386 0.005876063369214535 0.9998040199279785 2.1981863975524902
0.9992222189903259 -0.007774311117827892 -0.03865940123796463 0.013465682044625282 0.00755717558786273 0.9999548196792603 -0.005759587977081537 -0.020684348419308662 0.03870243579149246 0.0054629528895020485 0.9992358684539795 2.5379719734191895
0.9982947707176208 -0.004339640494436026 -0.05821290984749794 -0.031428296118974686 0.003931292798370123 0.9999668598175049 -0.007127414923161268 -0.023315872997045517 0.058241914957761765 0.006886409595608711 0.9982786774635315 2.8917288780212402
0.9969040155410767 -0.004098760895431042 -0.0785217359662056 -0.07348039746284485 0.0035138933453708887 0.9999650120735168 -0.007585210260003805 -0.026599451899528503 0.07855008542537689 0.0072858091443777084 0.9968835115432739 3.257021427154541
0.9949796795845032 -0.005477140191942453 -0.09992759674787521 -0.11739378422498703 0.004758437164127827 0.9999611377716064 -0.00742916576564312 -0.02593192644417286 0.09996439516544342 0.006916369777172804 0.994966983795166 3.6303915977478027
0.9928274750709534 -0.007359894923865795 -0.11932990700006485 -0.18064427375793457 0.00666427006945014 0.9999583959579468 -0.006227440200746059 -0.037776265293359756 0.11937079578638077 0.005387526471167803 0.9928351044654846 4.013360977172852
0.9905147552490234 -0.006049937568604946 -0.13727329671382904 -0.25095975399017334 0.005304398015141487 0.9999691247940063 -0.005796227138489485 -0.041049666702747345 0.1373041272163391 0.005013095680624247 0.990516185760498 4.410405158996582
0.9881321787834167 -0.004966340027749538 -0.1535259336233139 -0.32076549530029297 0.004245532676577568 0.9999783635139465 -0.005022511817514896 -0.04965538531541824 0.15354755520820618 0.004311104770749807 0.9881318807601929 4.821453094482422
0.9860501289367676 -0.003748346818611026 -0.16640649735927582 -0.41177862882614136 0.0029272071551531553 0.9999822378158569 -0.0051795318722724915 -0.05508478730916977 0.16642296314239502 0.0046201711520552635 0.9860436320304871 5.236927509307861
0.9838693737983704 -0.005549044348299503 -0.17880243062973022 -0.4951245188713074 0.0045279269106686115 0.9999709725379944 -0.006118460558354855 -0.05996086075901985 0.17883121967315674 0.005210161209106445 0.9838659763336182 5.667133331298828
0.9819974303245544 -0.009347308427095413 -0.18866293132305145 -0.5841462016105652 0.00790619570761919 0.9999334812164307 -0.008389689028263092 -0.0681004747748375 0.18872879445552826 0.006747046019881964 0.9820060729980469 6.123224258422852
0.9804851412773132 -0.00829125102609396 -0.19641804695129395 -0.6854897737503052 0.006415784824639559 0.9999276399612427 -0.010182714089751244 -0.07726573199033737 0.19648821651935577 0.00872382614761591 0.9804673790931702 6.577742576599121
0.9789777994155884 -0.007821890525519848 -0.2038164883852005 -0.7907941341400146 0.005482435692101717 0.9999125003814697 -0.012040354311466217 -0.08241180330514908 0.20389282703399658 0.01066982839256525 0.9789350032806396 7.043402671813965
0.9772087335586548 -0.00864351261407137 -0.21210449934005737 -0.8996555209159851 0.005559406243264675 0.9998700618743896 -0.015132585540413857 -0.08981772512197495 0.21220770478248596 0.013608519919216633 0.9771297574043274 7.527734279632568
0.9755008816719055 -0.012537029571831226 -0.2196381390094757 -1.0175131559371948 0.009094425477087498 0.9998195171356201 -0.016678109765052795 -0.10206884145736694 0.21980760991573334 0.014272025786340237 0.9754388332366943 8.023221969604492
0.97349613904953 -0.019049284979701042 -0.227908656001091 -1.1256104707717896 0.01527505461126566 0.9997156262397766 -0.018312864005565643 -0.11092062294483185 0.22819270193576813 0.014346187002956867 0.9735102653503418 8.539741516113281
0.9713347554206848 -0.0197068452835083 -0.2368975281715393 -1.240442156791687 0.01531875878572464 0.9996755719184875 -0.020349763333797455 -0.13084034621715546 0.23722168803215027 0.01613745652139187 0.9713215231895447 9.049367904663086
0.9691701531410217 -0.0158002357929945 -0.24588528275489807 -1.3889212608337402 0.009900124743580818 0.9996330738067627 -0.025213107466697693 -0.13722510635852814 0.24619340896606445 0.02200149931013584 0.9689710140228271 9.576210021972656
0.9669875502586365 -0.012688259594142437 -0.2545076906681061 -1.5480061769485474 0.005712517537176609 0.999587893486023 -0.0281292162835598 -0.15562668442726135 0.2547597289085388 0.025746719911694527 0.9666616320610046 10.119660377502441
0.9646419882774353 -0.015235698781907558 -0.2631230056285858 -1.7060258388519287 0.00751381553709507 0.9995117783546448 -0.03032846376299858 -0.1723606288433075 0.26345664262771606 0.027279049158096313 0.9642854928970337 10.694168090820312
0.9621824622154236 -0.018495583906769753 -0.2717771530151367 -1.8527716398239136 0.010127117857336998 0.999431312084198 -0.0321621410548687 -0.19337524473667145 0.2722174823284149 0.028193529695272446 0.9618226289749146 11.24875259399414
0.9600110650062561 -0.018121756613254547 -0.2793748080730438 -2.031951427459717 0.008824478834867477 0.9993656873703003 -0.03450082987546921 -0.21685120463371277 0.27982282638549805 0.030655845999717712 0.9595620632171631 11.820293426513672
0.9578083157539368 -0.016853103414177895 -0.2869131863117218 -2.22658634185791 0.006192205939441919 0.9992576241493225 -0.038024213165044785 -0.24604064226150513 0.28734102845191956 0.034643277525901794 0.9572016596794128 12.407814025878906
0.9554595351219177 -0.017543969675898552 -0.2946004271507263 -2.4189696311950684 0.005025606602430344 0.999053955078125 -0.04319616034626961 -0.27562978863716125 0.2950795888900757 0.03979163616895676 0.954643726348877 13.015348434448242
0.9533441662788391 -0.02007885091006756 -0.3012174665927887 -2.596672773361206 0.004971119109541178 0.9986944794654846 -0.05083853006362915 -0.30679839849472046 0.3018450438976288 0.046969223767519 0.9521992206573486 13.615421295166016
0.9519396424293518 -0.020806822925806046 -0.3055780529975891 -2.8023462295532227 0.002838288899511099 0.9982463717460632 -0.0591287761926651 -0.34186306595802307 0.3062724471092224 0.055419716984033585 0.9503293037414551 14.235025405883789
0.950690746307373 -0.02051660791039467 -0.3094612658023834 -3.0209453105926514 -0.0005150515353307128 0.9977037310600281 -0.06772786378860474 -0.38519904017448425 0.3101402521133423 0.06454763561487198 0.9484970569610596 14.854109764099121
0.949241042137146 -0.020679054781794548 -0.31386902928352356 -3.2344117164611816 -0.0035480575170367956 0.9970692992210388 -0.07642171531915665 -0.43454790115356445 0.3145294785499573 0.07365626096725464 0.9463857412338257 15.495473861694336
0.948162853717804 -0.0200844444334507 -0.31714949011802673 -3.47123384475708 -0.0067421067506074905 0.9965047836303711 -0.08326311409473419 -0.48948144912719727 0.31771329045295715 0.08108525723218918 0.9447134733200073 16.13542366027832
0.9462598562240601 -0.01834648661315441 -0.32288646697998047 -3.6993191242218018 -0.011462020687758923 0.9958599209785461 -0.09017589688301086 -0.5474022626876831 0.3232041001319885 0.08903077244758606 0.9421319365501404 16.79506492614746
0.9447216391563416 -0.01719459891319275 -0.32742229104042053 -3.945347547531128 -0.015219655819237232 0.9952476620674133 -0.09617923200130463 -0.609468936920166 0.3275200426578522 0.09584584087133408 0.9399703145027161 17.458633422851562
0.9430363774299622 -0.015293585136532784 -0.33233827352523804 -4.198276996612549 -0.019652234390378 0.9946377277374268 -0.10153614729642868 -0.685387909412384 0.3321090042591095 0.10228347778320312 0.937678873538971 18.134990692138672
0.9413298964500427 -0.012969612143933773 -0.3372385799884796 -4.460381984710693 -0.023788785561919212 0.9942258596420288 -0.10463754832744598 -0.7583732604980469 0.3366483747959137 0.10652094334363937 0.9355859756469727 18.821386337280273
0.9394022226333618 -0.011831851676106453 -0.34261271357536316 -4.723212718963623 -0.026214798912405968 0.9939985871315002 -0.10620474070310593 -0.836645781993866 0.3418131470680237 0.10875048488378525 0.9334543943405151 19.53217124938965
0.9370816946029663 -0.011739545501768589 -0.34891289472579956 -4.991745948791504 -0.026800017803907394 0.9940661191940308 -0.1054236963391304 -0.9189525842666626 0.34808018803596497 0.10814148187637329 0.9312065243721008 20.239988327026367
0.9347485899925232 -0.011551697738468647 -0.3551219403743744 -5.263687610626221 -0.02695908397436142 0.9942845106124878 -0.10330433398485184 -1.0094090700149536 0.3542855381965637 0.10613735765218735 0.9290944933891296 20.942956924438477
0.9321548938751221 -0.012090127915143967 -0.3618577718734741 -5.5534892082214355 -0.02648068219423294 0.9944889545440674 -0.10144205391407013 -1.093587875366211 0.3610899746417999 0.1041419506072998 0.9266976118087769 21.667905807495117
0.9289059638977051 -0.010858988389372826 -0.370156466960907 -5.841554641723633 -0.02768721990287304 0.9947356581687927 -0.09866273403167725 -1.1700819730758667 0.36927923560142517 0.10189700126647949 0.9237152338027954 22.37355613708496
0.9253963828086853 -0.00897868163883686 -0.37889453768730164 -6.1488423347473145 -0.02832782454788685 0.9952842593193054 -0.09277202934026718 -1.2504316568374634 0.37794074416160583 0.09658414125442505 0.9207780957221985 23.113698959350586
0.9219043254852295 -0.005845026113092899 -0.3873733580112457 -6.482353687286377 -0.030561858788132668 0.9956729412078857 -0.08775733411312103 -1.3327733278274536 0.3862100839614868 0.09274272620677948 0.9177366495132446 23.87106704711914
0.9182816743850708 -0.0019172315951436758 -0.39592304825782776 -6.817607879638672 -0.034047048538923264 0.9959016442298889 -0.0837894082069397 -1.4104968309402466 0.39446109533309937 0.09042229503393173 0.9144530296325684 24.622222900390625
0.9145008325576782 -0.0003983907517977059 -0.40458381175994873 -7.1698760986328125 -0.036046020686626434 0.9959425330162048 -0.08245731145143509 -1.4818058013916016 0.40297508239746094 0.08999092131853104 0.9107759594917297 25.37166404724121
0.9104946255683899 -0.001030831364914775 -0.41351965069770813 -7.518580436706543 -0.035862427204847336 0.9960323572158813 -0.08144544064998627 -1.5568915605545044 0.4119628965854645 0.08898545056581497 0.9068450927734375 26.106294631958008
0.9066361784934998 -0.0007564987754449248 -0.42191269993782043 -7.886882305145264 -0.03647062927484512 0.9961148500442505 -0.08015675842761993 -1.627984642982483 0.420334130525589 0.08806043118238449 0.9030861258506775 26.879079818725586
0.9024515748023987 -0.0001558144431328401 -0.43079128861427307 -8.270578384399414 -0.03725866973400116 0.9962245225906372 -0.07841238379478455 -1.6987696886062622 0.42917707562446594 0.08681408315896988 0.899038553237915 27.669342041015625
0.8986077308654785 -0.001246002851985395 -0.4387510418891907 -8.643387794494629 -0.03566960617899895 0.9964783787727356 -0.07588493824005127 -1.7769333124160767 0.437300443649292 0.08384089171886444 0.8953987956047058 28.417863845825195
0.8948807120323181 -0.001128115109167993 -0.44630396366119385 -9.044219017028809 -0.03444288671016693 0.9968400001525879 -0.07158088684082031 -1.847590684890747 0.4449743330478668 0.07942835986614227 0.8920140862464905 29.20476531982422
0.8909207582473755 0.0016950687859207392 -0.4541556239128113 -9.457415580749512 -0.035748861730098724 0.9971520304679871 -0.06640709936618805 -1.9112659692764282 0.45274966955184937 0.0753990113735199 0.8884440064430237 29.98975944519043
0.8871544003486633 0.0017001699889078736 -0.4614696204662323 -9.882941246032715 -0.03414805978536606 0.9974935054779053 -0.06197306886315346 -1.9784235954284668 0.4602075219154358 0.07073797285556793 0.8849888443946838 30.791419982910156
0.88355952501297 0.0005826424458064139 -0.4683184325695038 -10.323995590209961 -0.032524965703487396 0.9976609349250793 -0.060122475028038025 -2.0399951934814453 0.4671879708766937 0.06835383176803589 0.8815118670463562 31.595455169677734
0.8800333142280579 0.0006178845651447773 -0.47491157054901123 -10.765530586242676 -0.03275236487388611 0.997697114944458 -0.05939361825585365 -2.1028952598571777 0.47378116846084595 0.06782282888889313 0.8780270218849182 32.42091369628906
0.8769556879997253 0.0011800974607467651 -0.4805699288845062 -11.229171752929688 -0.03295622766017914 0.9977903962135315 -0.057689130306243896 -2.161041259765625 0.47944000363349915 0.06642857193946838 0.8750568628311157 33.247615814208984
0.8737306594848633 -0.001064798911102116 -0.48640885949134827 -11.684697151184082 -0.030108820647001266 0.9979615807533264 -0.05626877024769783 -2.215920925140381 0.4854772686958313 0.06380894780158997 0.8719175457954407 34.07234191894531
0.8712567090988159 -0.0017804529052227736 -0.4908244013786316 -12.19534683227539 -0.02955448441207409 0.9979886412620544 -0.05608200281858444 -2.2808480262756348 0.4899370074272156 0.06336788088083267 0.8694517016410828 34.922462463378906
0.8689393997192383 -0.003305856604129076 -0.4949074387550354 -12.654716491699219 -0.028536684811115265 0.9979794025421143 -0.05676985904574394 -2.336430549621582 0.4940950870513916 0.0634525865316391 0.8670892715454102 35.75468444824219
0.8674948811531067 -0.002946934662759304 -0.49743735790252686 -13.157757759094238 -0.02940959855914116 0.9979294538497925 -0.057200197130441666 -2.3968348503112793 0.49657589197158813 0.06425031274557114 0.8656120300292969 36.61701202392578
0.8671428561210632 -0.0026073402259498835 -0.4980525076389313 -13.663661003112793 -0.02929985150694847 0.9979875087738037 -0.05623752996325493 -2.4618680477142334 0.4971967935562134 0.0633588433265686 0.8653213381767273 37.4721794128418
0.8668957352638245 -0.0025887798983603716 -0.4984827935695648 -14.176432609558105 -0.028568429872393608 0.9980849623680115 -0.05486583337187767 -2.5212082862854004 0.49767017364501953 0.061803825199604034 0.865161657333374 38.356082916259766
0.8667557239532471 -0.0031444712076336145 -0.49872300028800964 -14.698352813720703 -0.027589602395892143 0.9981465339660645 -0.05424271896481514 -2.5896153450012207 0.49796921014785767 0.06077474728226662 0.8650624752044678 39.22755432128906
0.8660039305686951 -0.005258169490844011 -0.5000096559524536 -15.220675468444824 -0.025554070249199867 0.9981727600097656 -0.05475590378046036 -2.6552491188049316 0.49938392639160156 0.060196105390787125 0.8642870783805847 40.13432693481445
0.8649691343307495 -0.007852707989513874 -0.5017635226249695 -15.757649421691895 -0.02294357307255268 0.9982131123542786 -0.05517372116446495 -2.721919298171997 0.5013000965118408 0.0592358224093914 0.8632434010505676 41.042301177978516
0.8633599877357483 -0.008167169988155365 -0.5045222640037537 -16.304916381835938 -0.021840494126081467 0.9983269572257996 -0.05353523790836334 -2.7813479900360107 0.5041153430938721 0.05723919719457626 0.8617373704910278 41.97675323486328
0.8613529801368713 -0.007267810869961977 -0.5079548358917236 -16.85258674621582 -0.02073289453983307 0.9985616207122803 -0.04944472759962082 -2.8472445011138916 0.507583737373352 0.05312073975801468 0.8599633574485779 42.884891510009766
0.8586772084236145 -0.007188834249973297 -0.5124661922454834 -17.409177780151367 -0.018778713420033455 0.9987888336181641 -0.045476119965314865 -2.911193609237671 0.5121726393699646 0.04867277294397354 0.857502281665802 43.80059051513672
0.8545234203338623 -0.007497841026633978 -0.5193586945533752 -17.976232528686523 -0.017583468928933144 0.9989050626754761 -0.043351758271455765 -2.9787933826446533 0.5191152691841125 0.0461772158741951 0.8534559607505798 44.718631744384766
0.8492705821990967 -0.01076100766658783 -0.5278481245040894 -18.54135513305664 -0.015878865495324135 0.9988193511962891 -0.04591047391295433 -3.0356311798095703 0.5277190208435059 0.04737204313278198 0.8480970859527588 45.62015151977539
0.8430650234222412 -0.014805389568209648 -0.537607729434967 -19.108409881591797 -0.013728809542953968 0.9987028241157532 -0.04903290420770645 -3.096285343170166 0.5376362204551697 0.048718634992837906 0.841768205165863 46.51866912841797
0.8369696140289307 -0.014744062907993793 -0.5470506548881531 -19.69689178466797 -0.01394963450729847 0.9987373352050781 -0.04826037958264351 -3.1569721698760986 0.5470714569091797 0.04802362248301506 0.8357071876525879 47.40568161010742
0.8310099840164185 -0.011440936475992203 -0.5561398863792419 -20.291841506958008 -0.015066185966134071 0.9989588856697083 -0.04306323081254959 -3.2214672565460205 0.5560534596443176 0.04416487738490105 0.8299724459648132 48.28484344482422
0.82581627368927 -0.006521954666823149 -0.5639017224311829 -20.901519775390625 -0.01854836195707321 0.9990780353546143 -0.03871859610080719 -3.2813446521759033 0.5636343359947205 0.042433883994817734 0.8249338269233704 49.16402816772461
0.8216072916984558 -0.006712977308779955 -0.570014476776123 -21.523771286010742 -0.01963874138891697 0.9990037679672241 -0.040072001516819 -3.336421251296997 0.5697156190872192 0.04411781206727028 0.820656955242157 50.047698974609375
0.8182472586631775 -0.009402494877576828 -0.5747895836830139 -22.133586883544922 -0.019505975767970085 0.99883633852005 -0.04410703107714653 -3.3995394706726074 0.5745354294776917 0.04730228707194328 0.8171116709709167 50.907100677490234
0.8151828050613403 -0.011676532216370106 -0.5790861248970032 -22.76137351989746 -0.022319400683045387 0.9984209537506104 -0.05155102163553238 -3.4557101726531982 0.5787736177444458 0.0549483560025692 0.8136348724365234 51.776824951171875
0.8118576407432556 -0.01269474159926176 -0.5837176442146301 -23.393863677978516 -0.02242165245115757 0.9983482360839844 -0.05289706960320473 -3.52089786529541 0.5834250450134277 0.056032802909612656 0.8102318644523621 52.65414047241211
0.8084994554519653 -0.011193107813596725 -0.588390588760376 -24.03394317626953 -0.021659476682543755 0.998575747013092 -0.04875815659761429 -3.588700771331787 0.5880983471870422 0.05216516926884651 0.807105541229248 53.51445007324219
0.805557370185852 -0.008594322018325329 -0.5924555659294128 -24.675718307495117 -0.02152056246995926 0.9988107681274414 -0.043750353157520294 -3.648761510848999 0.5921269655227661 0.047993406653404236 0.8044142723083496 54.36867141723633
0.8026285171508789 -0.006304335780441761 -0.5964459776878357 -25.30986213684082 -0.0222963597625494 0.9989281892776489 -0.04056239128112793 -3.7086055278778076 0.5960623621940613 0.04585510492324829 0.8016276955604553 55.20120620727539
0.7994806170463562 -0.006085331551730633 -0.6006610989570618 -25.963472366333008 -0.023698192089796066 0.9988506436347961 -0.041661735624074936 -3.7564826011657715 0.6002243161201477 0.047542329877614975 0.7984175086021423 56.060062408447266
0.7959743142127991 -0.0069220713339746 -0.6052908301353455 -26.623605728149414 -0.02378528192639351 0.9988047480583191 -0.042700573801994324 -3.819348096847534 0.6048629283905029 0.04838557168841362 0.7948582768440247 56.908294677734375
0.7917520999908447 -0.00982079841196537 -0.610763669013977 -27.287439346313477 -0.02296181581914425 0.9986855983734131 -0.045824527740478516 -3.872687816619873 0.6104108691215515 0.05030591040849686 0.7904859185218811 57.77290725708008
0.7876620292663574 -0.010728065855801105 -0.6160141229629517 -27.94662094116211 -0.022368745878338814 0.9986912608146667 -0.045994143933057785 -3.933680772781372 0.6157013177871704 0.050007306039333344 0.7863911986351013 58.603065490722656
0.7830867767333984 -0.011324865743517876 -0.6218093037605286 -28.61732292175293 -0.02100316993892193 0.998782217502594 -0.04464131221175194 -4.000073432922363 0.6215577125549316 0.04801798611879349 0.7818953394889832 59.43534469604492
0.7784038186073303 -0.010885154828429222 -0.6276695728302002 -29.300867080688477 -0.021446695551276207 0.9988048672676086 -0.04391854628920555 -4.059199810028076 0.6273975372314453 0.04764780402183533 0.7772400379180908 60.26100158691406
0.7729772329330444 -0.012379128485918045 -0.6343129277229309 -29.99908447265625 -0.020955968648195267 0.9987658858299255 -0.04502878338098526 -4.120944499969482 0.6340875625610352 0.04809887334704399 0.7717638611793518 61.113739013671875
0.7674236297607422 -0.014005017466843128 -0.6409873962402344 -30.693851470947266 -0.019522279500961304 0.9987874031066895 -0.04519573226571083 -4.195662498474121 0.6408430933952332 0.04719780758023262 0.7662196159362793 61.93926239013672
0.7617090344429016 -0.015231512486934662 -0.6477403044700623 -31.403079986572266 -0.019134072586894035 0.998758852481842 -0.04598633199930191 -4.255135536193848 0.6476367712020874 0.04742211475968361 0.7604720592498779 62.77048110961914
0.7560248970985413 -0.01638846844434738 -0.6543375253677368 -32.127685546875 -0.019226256757974625 0.9986991286277771 -0.047227419912815094 -4.318117618560791 0.6542603969573975 0.04828556999564171 0.7547264099121094 63.59855651855469
0.7497814893722534 -0.018194187432527542 -0.6614353060722351 -32.85802459716797 -0.0190025232732296 0.9986175894737244 -0.04900973662734032 -4.373462200164795 0.6614126563072205 0.04931553453207016 0.7483991980552673 64.42681121826172
0.7435818314552307 -0.01952631026506424 -0.6683596968650818 -33.61351013183594 -0.017350196838378906 0.9986734390258789 -0.04847943037748337 -4.447230815887451 0.6684196591377258 0.04764460027217865 0.7422567009925842 65.2528076171875
0.7372428774833679 -0.01925990916788578 -0.6753532290458679 -34.37481689453125 -0.016671452671289444 0.9987705945968628 -0.0466824471950531 -4.514245510101318 0.6754221320152283 0.04567541927099228 0.7360154986381531 66.0777587890625
0.7305756211280823 -0.019847892224788666 -0.6825432181358337 -35.13768768310547 -0.01585790142416954 0.9988147020339966 -0.04601871222257614 -4.573395729064941 0.6826476454734802 0.04444385692477226 0.7293948531150818 66.88838195800781
0.724433422088623 -0.02144921012222767 -0.6890110373497009 -35.90137481689453 -0.014847316779196262 0.9987984895706177 -0.04670364782214165 -4.639612674713135 0.6891849040985107 0.044063642621040344 0.7232444286346436 67.6791000366211
0.7172662019729614 -0.024050163105130196 -0.6963840126991272 -36.686275482177734 -0.01338596548885107 0.9987441301345825 -0.048279769718647 -4.702150344848633 0.696670651435852 0.04395122081041336 0.7160435318946838 68.50746154785156
0.7115251421928406 -0.023281347006559372 -0.7022748589515686 -37.49339294433594 -0.01481960341334343 0.9987313747406006 -0.04812408983707428 -4.7654852867126465 0.7025043368339539 0.04464893415570259 0.7102775573730469 69.30082702636719
0.7057135105133057 -0.023033026605844498 -0.708122730255127 -38.30964660644531 -0.01475059799849987 0.9987772703170776 -0.04718751460313797 -4.830045700073242 0.7083437442779541 0.04374610260128975 0.7045106887817383 70.11209869384766
0.700559139251709 -0.022892694920301437 -0.7132269740104675 -39.12518310546875 -0.015605811029672623 0.9987547993659973 -0.04738600552082062 -4.890703201293945 0.7134236693382263 0.04432718828320503 0.6993294358253479 70.9113540649414
0.6956796050071716 -0.02337082475423813 -0.717971920967102 -39.95695114135742 -0.016485849395394325 0.9986879825592041 -0.04848243668675423 -4.95294189453125 0.7181630730628967 0.04556461423635483 0.6943814754486084 71.70679473876953
0.6906102299690247 -0.02538519725203514 -0.7227814793586731 -40.79579544067383 -0.01668664626777172 0.9985584616661072 -0.05101482942700386 -5.027579307556152 0.7230346202850342 0.047292161732912064 0.6891911029815674 72.49144744873047
0.6858892440795898 -0.02841603197157383 -0.7271509170532227 -41.63884735107422 -0.015159393660724163 0.9984624981880188 -0.05331769585609436 -5.094353199005127 0.7275480628013611 0.047593194991350174 0.6844039559364319 73.27045440673828
0.6803381443023682 -0.02846679463982582 -0.7323452234268188 -42.504608154296875 -0.016359414905309677 0.9984065294265747 -0.05400644987821579 -5.171800136566162 0.7327156066894531 0.04872339218854904 0.678788423538208 74.07952880859375
0.6755180954933167 -0.02818012796342373 -0.7368045449256897 -43.36891174316406 -0.015846174210309982 0.9984838366508484 -0.05271651968359947 -5.242117404937744 0.7371730208396912 0.0472864992916584 0.6740473508834839 74.86177825927734
0.6701443195343018 -0.028332732617855072 -0.7416898608207703 -44.252647399902344 -0.014912418089807034 0.9985554814338684 -0.05161898583173752 -5.3169331550598145 0.7420809864997864 0.045652564615011215 0.6687538027763367 75.65613555908203
0.6649802327156067 -0.029627691954374313 -0.7462731003761292 -45.13013458251953 -0.014429960399866104 0.9985166192054749 -0.05250006541609764 -5.384526252746582 0.7467215657234192 0.045680198818445206 0.6635663509368896 76.43741607666016
0.6601489186286926 -0.030395789071917534 -0.7505194544792175 -46.03684997558594 -0.013609744608402252 0.9985328316688538 -0.05241123214364052 -5.459184646606445 0.7510114312171936 0.0448136106133461 0.6587667465209961 77.22120666503906
0.6552350521087646 -0.03174876421689987 -0.7547575831413269 -46.92401123046875 -0.011917770840227604 0.9985576272010803 -0.0523504763841629 -5.527583122253418 0.7553310394287109 0.043296895921230316 0.6539117097854614 78.00606536865234
0.6517105102539062 -0.032180994749069214 -0.7577847838401794 -47.8497200012207 -0.01140323095023632 0.9985707998275757 -0.052213508635759354 -5.603305339813232 0.7583820819854736 0.04266929253935814 0.6504121422767639 78.77281188964844
0.6480851173400879 -0.03497513756155968 -0.760764479637146 -48.754486083984375 -0.00907874945551157 0.9985190629959106 -0.05363966524600983 -5.673757076263428 0.7615138292312622 0.04166985675692558 0.646807849407196 79.53358459472656
0.6433262228965759 -0.03936571627855301 -0.7645793557167053 -49.682621002197266 -0.006114372052252293 0.9983811378479004 -0.056548118591308594 -5.754958152770996 0.7655676603317261 0.04105381667613983 0.6420441269874573 80.32182312011719
0.6388161182403564 -0.043862368911504745 -0.7681080102920532 -50.59907150268555 -0.0020405862014740705 0.9982733726501465 -0.05870293080806732 -5.823005199432373 0.7693567276000977 0.03906777501106262 0.63762366771698 81.0802230834961
0.6317822337150574 -0.04727371409535408 -0.7737030386924744 -51.53565216064453 0.002740637632086873 0.9982685446739197 -0.05875688046216965 -5.902432918548584 0.7751410603523254 0.03500111401081085 0.6308178901672363 81.85760498046875
0.6231515407562256 -0.05112273246049881 -0.7804285287857056 -52.4744987487793 0.007704326417297125 0.9982141852378845 -0.05923730134963989 -5.98629903793335 0.7820631861686707 0.030901135876774788 0.6224325299263 82.61180877685547
0.6143691539764404 -0.051825135946273804 -0.7873148918151855 -53.43059539794922 0.010244680568575859 0.99828040599823 -0.0577176958322525 -6.06736421585083 0.7889522314071655 0.02739417925477028 0.613843560218811 83.34673309326172
0.6052915453910828 -0.050140589475631714 -0.7944231629371643 -54.40659713745117 0.010331653989851475 0.9984249472618103 -0.05514436215162277 -6.1478776931762695 0.7959368824958801 0.02517070434987545 0.6048561334609985 84.09080505371094
0.5962071418762207 -0.04978598654270172 -0.8012855052947998 -55.38344192504883 0.009924374520778656 0.9984560608863831 -0.05465235933661461 -6.2355451583862305 0.8027693629264832 0.024631867185235023 0.5957807302474976 84.807373046875
0.5873751044273376 -0.05166538059711456 -0.8076640367507935 -56.37884521484375 0.009332289919257164 0.998326301574707 -0.05707491189241409 -6.304890155792236 0.8092610239982605 0.02598702535033226 0.5868741273880005 85.50682830810547
0.577172577381134 -0.05400862917304039 -0.8148342967033386 -57.38414764404297 0.009852449409663677 0.9981985688209534 -0.05918353050947189 -6.38575553894043 0.816562831401825 0.02613099478185177 0.5766648650169373 86.22466278076172
0.5675566792488098 -0.05576413497328758 -0.8214437365531921 -58.418453216552734 0.010151988826692104 0.9981018304824829 -0.060742393136024475 -6.4664106369018555 0.8232718110084534 0.026135459542274475 0.5670454502105713 86.9179916381836
0.557208240032196 -0.05612251162528992 -0.8284740447998047 -59.42742919921875 0.01317715086042881 0.998185396194458 -0.058756522834300995 -6.561222076416016 0.8302682638168335 0.02182268537580967 0.5569365620613098 87.60408020019531
0.5472350716590881 -0.05612565949559212 -0.8350949883460999 -60.47639846801758 0.01393259409815073 0.998221755027771 -0.05795920267701149 -6.643880367279053 0.8368629813194275 0.0200822651386261 0.5470438599586487 88.28489685058594
0.536454439163208 -0.05674690380692482 -0.842019259929657 -61.521888732910156 0.01427809800952673 0.998204231262207 -0.05817615985870361 -6.731996059417725 0.8438085317611694 0.01918642409145832 0.5363012552261353 88.96055603027344
0.5258790254592896 -0.05743565037846565 -0.8486179113388062 -62.56174087524414 0.013646187260746956 0.9981587529182434 -0.059100400656461716 -6.820754051208496 0.8504498600959778 0.019499260932207108 0.5256945490837097 89.607421875
0.5158711671829224 -0.05795713886618614 -0.8547034859657288 -63.638301849365234 0.012018020264804363 0.998100221157074 -0.060427140444517136 -6.904330730438232 0.8565819263458252 0.020900774747133255 0.5155876874923706 90.2515640258789
0.5061322450637817 -0.05897273123264313 -0.860437273979187 -64.72015380859375 0.010900668799877167 0.9980171918869019 -0.06199013441801071 -6.993439197540283 0.8623868823051453 0.021995866671204567 0.5057716369628906 90.87823486328125
0.49646860361099243 -0.05856356769800186 -0.8660768866539001 -65.82696533203125 0.010172516107559204 0.9980456233024597 -0.061655931174755096 -7.091643333435059 0.8679949641227722 0.021800056099891663 0.49609410762786865 91.50713348388672
0.4878197908401489 -0.0564616434276104 -0.8711165189743042 -66.9449234008789 0.009363969787955284 0.9981871843338013 -0.059453997761011124 -7.18092155456543 0.8728941082954407 0.020845726132392883 0.48746418952941895 92.12545013427734
0.4790796935558319 -0.05515156686306 -0.876037061214447 -68.06388854980469 0.010199730284512043 0.9983065724372864 -0.05727119371294975 -7.2658915519714355 0.877712070941925 0.01850212551653385 0.4788309931755066 92.75230407714844
0.4721282124519348 -0.05513877049088478 -0.8798037767410278 -69.14310455322266 0.010082007385790348 0.998314380645752 -0.057155728340148926 -7.355082035064697 0.8814721703529358 0.018114643171429634 0.47188830375671387 93.30632781982422
0.46407410502433777 -0.05895394831895828 -0.8838323354721069 -70.27523803710938 0.01227998174726963 0.998115062713623 -0.06012905016541481 -7.436013221740723 0.8857111930847168 0.017050886526703835 0.4639233350753784 93.9076156616211
0.45740076899528503 -0.062014222145080566 -0.8870957493782043 -71.40328979492188 0.014663870446383953 0.997955858707428 -0.062203191220760345 -7.526524543762207 0.8891397714614868 0.015443529933691025 0.4573751389980316 94.47554016113281
0.45110222697257996 -0.06485442817211151 -0.8901126980781555 -72.52105712890625 0.016330981627106667 0.9977891445159912 -0.06442340463399887 -7.623359203338623 0.892322838306427 0.014525126665830612 0.4511640667915344 95.05425262451172
0.4456174373626709 -0.06805720925331116 -0.892632782459259 -73.67035675048828 0.01837211474776268 0.9975913166999817 -0.06688791513442993 -7.727734565734863 0.895034909248352 0.013406869024038315 0.4457944929599762 95.62588500976562
0.4405943751335144 -0.0692872479557991 -0.8950284123420715 -74.80329895019531 0.02195614203810692 0.9975504279136658 -0.06641549617052078 -7.832170009613037 0.8974377512931824 0.009610926732420921 0.4410364627838135 96.18614196777344
0.43631020188331604 -0.06662967801094055 -0.8973259329795837 -75.95246124267578 0.02340596169233322 0.9977574348449707 -0.06270631402730942 -7.929931640625 0.8994918465614319 0.006356630474328995 0.4368913173675537 96.74836730957031
0.43218696117401123 -0.06502839177846909 -0.8994362950325012 -77.09492492675781 0.026804229244589806 0.9978822469711304 -0.05926627293229103 -8.028517723083496 0.9013855457305908 0.0015054132090881467 0.43301478028297424 97.30158233642578
0.4296887516975403 -0.06429050862789154 -0.9006854295730591 -78.23185729980469 0.02726151794195175 0.9979311227798462 -0.058226242661476135 -8.116050720214844 0.9025654196739197 0.0004651035415008664 0.4305523931980133 97.82393646240234
0.4265891909599304 -0.06422042101621628 -0.9021626710891724 -79.36481475830078 0.029145129024982452 0.9979339241981506 -0.05725657194852829 -8.20519733428955 0.9039758443832397 -0.0018686129478737712 0.4275795519351959 98.36017608642578
0.4246859848499298 -0.06295501440763474 -0.9031491875648499 -80.501708984375 0.030052706599235535 0.9980099201202393 -0.05543576180934906 -8.302062034606934 0.9048417806625366 -0.0035992900375276804 0.42573273181915283 98.87895202636719
0.4217989444732666 -0.06246580928564072 -0.9045350551605225 -81.6321029663086 0.03257041424512863 0.9980239868164062 -0.053733907639980316 -8.382591247558594 0.9061042070388794 -0.0067961798049509525 0.42299994826316833 99.4122085571289
0.41922885179519653 -0.06374470889568329 -0.9056399464607239 -82.7686538696289 0.035015255212783813 0.9979251623153687 -0.05403144657611847 -8.463547706604004 0.9072050452232361 -0.009059674106538296 0.4205910265445709 99.94405364990234
0.41663670539855957 -0.06384455412626266 -0.9068284034729004 -83.85340881347656 0.03686390817165375 0.9978968501091003 -0.053319256752729416 -8.546538352966309 0.9083252549171448 -0.011214480735361576 0.41811403632164 100.45694732666016
0.4143316149711609 -0.06314802914857864 -0.9079325795173645 -84.95849609375 0.040239714086055756 0.997885525226593 -0.051041144877672195 -8.626102447509766 0.909235954284668 -0.015386986546218395 0.41599661111831665 100.9728775024414
0.41223710775375366 -0.06260734796524048 -0.9089229106903076 -86.06256103515625 0.042149342596530914 0.9978784322738647 -0.04961807653307915 -8.705947875976562 0.910101056098938 -0.017856085672974586 0.41400146484375 101.46688842773438
0.4106510579586029 -0.06407199054956436 -0.9095385670661926 -87.16250610351562 0.044577423483133316 0.997745931148529 -0.0501592680811882 -8.785350799560547 0.9107022285461426 -0.019946927204728127 0.41258159279823303 101.96422576904297
0.4089045524597168 -0.06489798426628113 -0.910266637802124 -88.22738647460938 0.045901790261268616 0.9976682066917419 -0.05050959438085556 -8.871665000915527 0.9114220142364502 -0.021129265427589417 0.41093000769615173 102.45008850097656
0.4082556664943695 -0.06603500992059708 -0.9104760885238647 -89.29322814941406 0.045525770634412766 0.9976119995117188 -0.05194113031029701 -8.950490951538086 0.9117317795753479 -0.020244864746928215 0.4102870225906372 102.92572784423828
0.4087331295013428 -0.06653047353029251 -0.9102258682250977 -90.34651947021484 0.04469957575201988 0.9976018667221069 -0.0528448261320591 -9.034759521484375 0.9115586876869202 -0.019087275490164757 0.4107268154621124 103.40815734863281
0.41099822521209717 -0.06621406227350235 -0.9092283248901367 -91.39937591552734 0.04305196553468704 0.9976558685302734 -0.05319296568632126 -9.120230674743652 0.9106190204620361 -0.017281854525208473 0.4128853976726532 103.86862182617188
0.4151952266693115 -0.06637246161699295 -0.9073079228401184 -92.4367904663086 0.04087318107485771 0.997688889503479 -0.05428005009889603 -9.198939323425293 0.9088137149810791 -0.014547745697200298 0.41694849729537964 104.34255981445312
0.4208008944988251 -0.06678937375545502 -0.9046910405158997 -93.47647094726562 0.03918105736374855 0.9976934790611267 -0.05543096736073494 -9.281688690185547 0.9063065052032471 -0.012121345847845078 0.42244720458984375 104.80648040771484
0.42629873752593994 -0.06680461764335632 -0.9021121859550476 -94.49303436279297 0.039381563663482666 0.9976943731307983 -0.055272795259952545 -9.365074157714844 0.903724730014801 -0.011963866651058197 0.42794671654701233 105.29192352294922
0.4330052137374878 -0.06554988026618958 -0.8990048170089722 -95.49969482421875 0.03814137727022171 0.9977915287017822 -0.054382018744945526 -9.44240665435791 0.9005841016769409 -0.010741584934294224 0.43454912304878235 105.77959442138672
0.4418720304965973 -0.06399141997098923 -0.8947927951812744 -96.51435089111328 0.03684509918093681 0.997905433177948 -0.053170476108789444 -9.520350456237793 0.8963210582733154 -0.009474184364080429 0.44330427050590515 106.2567367553711
0.45089462399482727 -0.06356193125247955 -0.8903111219406128 -97.4896011352539 0.035967014729976654 0.9979448914527893 -0.05303088575601578 -9.597352981567383 0.8918522596359253 -0.00811049249023199 0.45225414633750916 106.74274444580078
0.4603692293167114 -0.06324612349271774 -0.8854717016220093 -98.47653198242188 0.03490092232823372 0.9979771971702576 -0.053136516362428665 -9.667888641357422 0.8870412111282349 -0.006441363133490086 0.46164536476135254 107.24861907958984
0.4699678122997284 -0.06311126053333282 -0.880424439907074 -99.45220184326172 0.03344293683767319 0.9979975819587708 -0.053687501698732376 -9.752869606018066 0.8820497989654541 -0.004212576895952225 0.47113746404647827 107.76844787597656
0.4802332818508148 -0.06544135510921478 -0.8746961951255798 -100.41363525390625 0.032758262008428574 0.9978553652763367 -0.0566704124212265 -9.821440696716309 0.8765288591384888 -0.001438503502868116 0.48134714365005493 108.29473114013672
0.49175703525543213 -0.06649613380432129 -0.8681896328926086 -101.37068176269531 0.031052321195602417 0.9977847337722778 -0.05883348360657692 -9.89522933959961 0.8701785206794739 0.0019724792800843716 0.4927324950695038 108.83087921142578
0.5043137669563293 -0.06460896134376526 -0.8611000776290894 -102.32048034667969 0.02901262231171131 0.9979018568992615 -0.057881686836481094 -9.978485107421875 0.8630329370498657 0.004207764286547899 0.5051301121711731 109.3783187866211
0.5171087980270386 -0.06175827980041504 -0.8536887168884277 -103.2481689453125 0.027109168469905853 0.9980748295783997 -0.05578262358903885 -10.05750846862793 0.8554902672767639 0.00570289883762598 0.517787516117096 109.92913055419922
0.5294902920722961 -0.05927122011780739 -0.8462428450584412 -104.16220092773438 0.026478106155991554 0.9982247948646545 -0.05334887281060219 -10.137236595153809 0.8479026556015015 0.005840806756168604 0.530119776725769 110.49757385253906
0.5413796901702881 -0.059079065918922424 -0.8387000560760498 -105.06804656982422 0.02654099464416504 0.9982318878173828 -0.05318451672792435 -10.205327033996582 0.8403592109680176 0.006533083505928516 0.5419904589653015 111.0752182006836
