1.0 0.0 0.0 0.0 0.0 1.0 0.0 0.0 0.0 0.0 1.0 0.0
0.9998737573623657 0.0015176921151578426 0.015817008912563324 0.010558942332863808 -0.0015027179615572095 0.9999983906745911 -0.0009585520019754767 -0.0031083037611097097 -0.015818437561392784 0.0009346624719910324 0.999874472618103 0.12627938389778137
0.9992918372154236 0.0043084449134767056 0.03738008439540863 0.02703731879591942 -0.004296226892620325 0.999990701675415 -0.0004071789444424212 -0.0047088428400456905 -0.03738148882985115 0.0002462972770445049 0.999301016330719 0.2725646495819092
0.9978954792022705 0.005980603396892548 0.06456620991230011 0.056381724774837494 -0.006056066602468491 0.999981164932251 0.0009731173631735146 -0.004974412266165018 -0.06455917656421661 -0.0013620867393910885 0.9979129433631897 0.4361591041088104
0.9951285719871521 0.005724669899791479 0.0984189435839653 0.10215944051742554 -0.0060689509846270084 0.9999764561653137 0.0031990869902074337 -0.0038189534097909927 -0.09839830547571182 -0.0037808027118444443 0.9951399564743042 0.6077548861503601
0.9906278252601624 0.0026539848186075687 0.13656312227249146 0.16309383511543274 -0.0033998372964560986 0.9999805688858032 0.005228647030889988 -0.005507362075150013 -0.13654662668704987 -0.005643936805427074 0.990617573261261 0.7914528846740723
0.9843435883522034 -0.00014213111717253923 0.17626027762889862 0.23635634779930115 -0.0008290367550216615 0.9999848008155823 0.005436198320239782 -0.0044825756922364235 -0.176258385181427 -0.005497213453054428 0.9843286275863647 0.9867923855781555
0.975554347038269 -0.0003931449609808624 0.2197578251361847 0.31926020979881287 -0.0011055845534428954 0.9999769926071167 0.006696887779980898 -0.001762509811669588 -0.21975542604923248 -0.006776140071451664 0.9755314588546753 1.190600872039795
0.9634062647819519 -0.00018762396939564496 0.26804500818252563 0.41127708554267883 -0.002451343461871147 0.9999517798423767 0.009510548785328865 0.0010955731850117445 -0.26803383231163025 -0.009819593280553818 0.9633594751358032 1.4037210941314697
0.9489383697509766 -0.0038563748821616173 0.3154376447200775 0.5293678045272827 -0.0014896849170327187 0.9998592734336853 0.016705205664038658 -0.003480608807876706 -0.3154577314853668 -0.016322117298841476 0.948799192905426 1.6178444623947144
0.9319564700126648 -0.013267762959003448 0.36232712864875793 0.671011209487915 0.00457367766648531 0.9996808767318726 0.024842359125614166 -0.00874666590243578 -0.3625411093235016 -0.021494830027222633 0.9317197799682617 1.8294198513031006
0.9105653166770935 -0.01836566999554634 0.4129570722579956 0.8247133493423462 0.007055292837321758 0.9995574951171875 0.028897041454911232 -0.0037655725609511137 -0.41330501437187195 -0.0233991090208292 0.9102919101715088 2.05058217048645
0.885118305683136 -0.019779706373810768 0.46494561433792114 0.9932786226272583 0.005113901570439339 0.9994494318962097 0.03278319910168648 0.0009319178061559796 -0.4653380811214447 -0.026639321818947792 0.8847320675849915 2.2800099849700928
0.8568369150161743 -0.022258134558796883 0.5151069164276123 1.1796194314956665 0.0034427987411618233 0.9992924332618713 0.03745333105325699 0.0028388136997818947 -0.5155760645866394 -0.030317988246679306 0.856307327747345 2.4926917552948
0.824308454990387 -0.026589084416627884 0.5655161738395691 1.3644673824310303 0.0036901780404150486 0.9991275668144226 0.04159748554229736 0.005934296641498804 -0.5661289095878601 -0.03220229223370552 0.8236874938011169 2.694143295288086
0.788116991519928 -0.03229312226176262 0.6146778464317322 1.5912444591522217 0.005767752416431904 0.99896639585495 0.045087169855833054 0.006623370107263327 -0.6154983639717102 -0.03198865428566933 0.7874886393547058 2.906317710876465
0.7496915459632874 -0.0361904539167881 0.6607971787452698 1.8299564123153687 0.006162998266518116 0.9988420605659485 0.047712381929159164 0.01213136687874794 -0.6617586612701416 -0.03169707953929901 0.7490465044975281 3.115255117416382
0.7096112966537476 -0.039200685918331146 0.7035021185874939 2.1043918132781982 0.007228455971926451 0.9988035559654236 0.048364318907260895 0.028966965153813362 -0.7045562863349915 -0.029234629124403 0.7090457081794739 3.3245785236358643
0.6671892404556274 -0.040982797741889954 0.7437601089477539 2.409501314163208 0.006162255071103573 0.9987547993659973 0.04950571805238724 0.04743550717830658 -0.7448628544807434 -0.028446443378925323 0.6666109561920166 3.5477449893951416
0.6243356466293335 -0.04054952785372734 0.7801030278205872 2.715651273727417 0.0005738383042626083 0.9986753463745117 0.051451582461595535 0.06061439961194992 -0.7811560034751892 -0.03167540580034256 0.6235318183898926 3.758596658706665
0.5824759006500244 -0.04121122881770134 0.8118026852607727 3.0692763328552246 -0.0023430651053786278 0.9986246824264526 0.052376434206962585 0.07692901045084 -0.8128446936607361 -0.03241011127829552 0.5815781950950623 3.969233989715576
0.5420231819152832 -0.04214620217680931 0.8393059968948364 3.445204496383667 -0.004094419535249472 0.9985973834991455 0.05278927460312843 0.10210778564214706 -0.8403535485267639 -0.03204948455095291 0.5410903096199036 4.182041645050049
0.5028509497642517 -0.04410729557275772 0.8632470369338989 3.8535566329956055 -0.006056417245417833 0.9984928369522095 0.0545455701649189 0.12149235606193542 -0.8643519282341003 -0.0326564759016037 0.5018260478973389 4.392644882202148
0.4654150605201721 -0.04402350261807442 0.8839970231056213 4.293567657470703 -0.0088978111743927 0.9984790682792664 0.054409366101026535 0.13752762973308563 -0.8850477933883667 -0.033188581466674805 0.4643155038356781 4.593904495239258
0.42910900712013245 -0.04299815744161606 0.902228593826294 4.754626750946045 -0.010082237422466278 0.9985760450363159 0.05238507315516472 0.16042588651180267 -0.9031964540481567 -0.031575389206409454 0.4280644953250885 4.790176868438721
0.3953414857387543 -0.041613947600126266 0.9175909757614136 5.245689868927002 -0.009014216251671314 0.998749315738678 0.049178335815668106 0.18215744197368622 -0.9184900522232056 -0.027713600546121597 0.3944719731807709 4.973422050476074
0.36637449264526367 -0.0398380309343338 0.9296141266822815 5.760338306427002 -0.006673076190054417 0.9989448189735413 0.04543910548090935 0.20469847321510315 -0.9304435849189758 -0.022851115092635155 0.36572206020355225 5.139716625213623
0.3407566547393799 -0.037887051701545715 0.9393877983093262 6.3200788497924805 -0.005744911264628172 0.9990850687026978 0.04237867146730423 0.22906336188316345 -0.9401339888572693 -0.019837511703372 0.3402271866798401 5.332419395446777
0.32070404291152954 -0.03714826703071594 0.9464506506919861 6.891251087188721 -0.004509046673774719 0.9991593956947327 0.040744978934526443 0.25470903515815735 -0.9471687078475952 -0.017334667965769768 0.3202669322490692 5.507160663604736
0.3063220679759979 -0.03737006336450577 0.9511941075325012 7.492154121398926 -0.003522210754454136 0.9991778135299683 0.040389515459537506 0.28392985463142395 -0.9519214034080505 -0.015722503885626793 0.30593857169151306 5.687073707580566
0.294055312871933 -0.0392654649913311 0.9549814462661743 8.117471694946289 -0.00234812730923295 0.9991230964660645 0.04180344194173813 0.3015105724334717 -0.9557855129241943 -0.014534940011799335 0.2937052845954895 5.881283283233643
0.2831454873085022 -0.040754348039627075 0.9582106471061707 8.772159576416016 -0.004315163940191269 0.9990324974060059 0.04376567155122757 0.3274911642074585 -0.9590672850608826 -0.01652689091861248 0.2826956808567047 6.0820393562316895
0.2727184295654297 -0.042563844472169876 0.9611518979072571 9.446654319763184 -0.005578968208283186 0.9989341497421265 0.04581998288631439 0.35317322611808777 -0.962077796459198 -0.017858190461993217 0.27219027280807495 6.26820707321167
0.26262784004211426 -0.044326890259981155 0.9638784527778625 10.138625144958496 -0.006449804175645113 0.9988411664962769 0.047692134976387024 0.3805513381958008 -0.9648756384849548 -0.018742108717560768 0.26203760504722595 6.455469131469727
0.2523014545440674 -0.04597027599811554 0.9665561318397522 10.876324653625488 -0.007577766198664904 0.9987463355064392 0.04947930946946144 0.41501927375793457 -0.967619001865387 -0.01980803906917572 0.2516368329524994 6.649984359741211
0.2418440878391266 -0.04745284467935562 0.9691541194915771 11.628642082214355 -0.00848339218646288 0.9986618757247925 0.051014602184295654 0.4413648843765259 -0.9702780246734619 -0.020559292286634445 0.2411179393529892 6.83662223815918
0.23197714984416962 -0.04863344877958298 0.9715046882629395 12.388400077819824 -0.008228467777371407 0.9986154437065125 0.051955413073301315 0.4774099886417389 -0.9726864099502563 -0.020046459510922432 0.23125579953193665 7.005399703979492
0.22143492102622986 -0.05191526561975479 0.973792314529419 13.166722297668457 -0.009946499019861221 0.9984096884727478 0.05548946186900139 0.503089189529419 -0.9751244187355042 -0.021973127499222755 0.22056642174720764 7.188299179077148
0.2102862447500229 -0.05529328063130379 0.9760749936103821 13.96450138092041 -0.011200549080967903 0.9981975555419922 0.05895954743027687 0.5434132814407349 -0.9775757789611816 -0.02333095483481884 0.2092878818511963 7.361719608306885
0.1975344866514206 -0.058858778327703476 0.9785273671150208 14.747620582580566 -0.012939054518938065 0.9979522824287415 0.06263919919729233 0.5792971849441528 -0.980210542678833 -0.025034619495272636 0.19636842608451843 7.5267791748046875
0.1845017969608307 -0.060744788497686386 0.9809532165527344 15.548126220703125 -0.013930260203778744 0.9978262782096863 0.06440971046686172 0.6205100417137146 -0.982733428478241 -0.02554864063858986 0.18325458467006683 7.6732096672058105
0.17092888057231903 -0.061850666999816895 0.9833401441574097 16.35262107849121 -0.014380106702446938 0.9977647662162781 0.06525757908821106 0.6519904136657715 -0.9851784706115723 -0.025294939056038857 0.1696574091911316 7.806654930114746
0.1557561755180359 -0.06088975444436073 0.9859170913696289 17.162864685058594 -0.015491828322410583 0.9978249669075012 0.06407259404659271 0.6894765496253967 -0.9876740574836731 -0.025253359228372574 0.15447407960891724 7.946830749511719
0.139256089925766 -0.05936233326792717 0.988475501537323 17.982906341552734 -0.01673104614019394 0.9979180693626404 0.06228647008538246 0.7327772378921509 -0.9901150465011597 -0.0252119991928339 0.13797298073768616 8.056264877319336
0.11899778246879578 -0.05770821496844292 0.9912160634994507 18.80438804626465 -0.01930849254131317 0.9979862570762634 0.06042039766907692 0.7703602313995361 -0.9927067160606384 -0.026328785344958305 0.11764390766620636 8.150969505310059
0.09301997721195221 -0.05632653832435608 0.9940696954727173 19.629411697387695 -0.024327583611011505 0.9979719519615173 0.058824099600315094 0.8069537281990051 -0.9953669905662537 -0.029655130580067635 0.09146104007959366 8.234548568725586
0.06260684132575989 -0.05571274086833 0.9964820742607117 20.4671688079834 -0.028105761855840683 0.9979463219642639 0.057560428977012634 0.8397113084793091 -0.997642457485199 -0.03161056339740753 0.06091241538524628 8.283533096313477
0.028087042272090912 -0.05555284023284912 0.9980607032775879 21.29768943786621 -0.03095259889960289 0.9979274272918701 0.05641648545861244 0.874758780002594 -0.999126136302948 -0.03247714415192604 0.026309331879019737 8.31967830657959
-0.005325079429894686 -0.0554339736700058 0.9984481334686279 22.15346908569336 -0.03347053751349449 0.9979127645492554 0.05522572994232178 0.8959652185440063 -0.9994255304336548 -0.03312451019883156 -0.007169368676841259 8.303650856018066
-0.039769385010004044 -0.05371918901801109 0.9977638125419617 23.004596710205078 -0.03455766662955284 0.998030424118042 0.05235612019896507 0.9323548674583435 -0.9986110925674438 -0.03239822015166283 -0.04154746234416962 8.266349792480469
-0.07202842086553574 -0.052082907408475876 0.9960417747497559 23.844608306884766 -0.03638197109103203 0.9981083273887634 0.04956001043319702 0.9549811482429504 -0.996738851070404 -0.03266824409365654 -0.07378704845905304 8.192090034484863
-0.10464262962341309 -0.049303486943244934 0.9932869672775269 24.679107666015625 -0.0384611152112484 0.9982237815856934 0.045496661216020584 0.9765995144844055 -0.9937658905982971 -0.03344203159213066 -0.1063530296087265 8.103901863098145
-0.13660037517547607 -0.04477125033736229 0.9896140098571777 25.538265228271484 -0.03598003461956978 0.9985432624816895 0.04020874947309494 0.9979156851768494 -0.9899726510047913 -0.030113819986581802 -0.13801224529743195 7.973515510559082
-0.16830143332481384 -0.03898782655596733 0.9849642515182495 26.381162643432617 -0.030239667743444443 0.9989513754844666 0.0343744121491909 1.0071574449539185 -0.9852716326713562 -0.023999735713005066 -0.16930389404296875 7.817737102508545
-0.19904009997844696 -0.03284158185124397 0.9794408679008484 27.21177101135254 -0.02371666207909584 0.9993069767951965 0.028688056394457817 1.01740562915802 -0.9797043204307556 -0.017518995329737663 -0.19968104362487793 7.633062362670898
-0.2275419682264328 -0.027305589988827705 0.9733853340148926 28.037036895751953 -0.01732388325035572 0.9995620846748352 0.0239902101457119 1.0194586515426636 -0.9736140966415405 -0.011404037475585938 -0.22791534662246704 7.416844844818115
-0.25525781512260437 -0.02078791707754135 0.9666494727134705 28.843692779541016 -0.009373728185892105 0.9997749924659729 0.019025014713406563 1.026602864265442 -0.9668275117874146 -0.004204823635518551 -0.2553952932357788 7.188355445861816
-0.2813103497028351 -0.010397126898169518 0.9595605134963989 29.650005340576172 -0.0032928092405200005 0.9999458193778992 0.009869376197457314 1.0194004774093628 -0.959611177444458 -0.00038329215021803975 -0.2813293933868408 6.931854724884033
-0.3068414628505707 0.0051256148144602776 0.9517468214035034 30.43425941467285 0.0011757523752748966 0.9999867677688599 -0.005006350576877594 1.0048017501831055 -0.951759934425354 -0.00041713734390214086 -0.30684348940849304 6.669057846069336
-0.33159446716308594 0.02236144058406353 0.9431569576263428 31.206295013427734 0.002379261888563633 0.9997357130050659 -0.022866373881697655 0.980449378490448 -0.9434190988540649 -0.005338345654308796 -0.33156001567840576 6.386807441711426
-0.35660746693611145 0.03728994354605675 0.9335098266601562 31.988136291503906 0.002518212888389826 0.9992377758026123 -0.038953542709350586 0.951494574546814 -0.9342508912086487 -0.011540346778929234 -0.3564295768737793 6.082997798919678
-0.3809293508529663 0.04751279950141907 0.923382580280304 32.749977111816406 0.006422588136047125 0.9987906217575073 -0.04874338582158089 0.9041420817375183 -0.9245818257331848 -0.012637278065085411 -0.3807738423347473 5.757829666137695
-0.4043440520763397 0.051732730120420456 0.9131426811218262 33.50039291381836 0.009732420556247234 0.9985858201980591 -0.05226381868124008 0.8513878583908081 -0.9145551323890686 -0.012245476245880127 -0.4042757451534271 5.410002708435059
-0.42680200934410095 0.05165398120880127 0.9028688073158264 34.24699401855469 0.013360515236854553 0.9986186623573303 -0.05081617459654808 0.7994891405105591 -0.9042463898658752 -0.009625652804970741 -0.4269026219844818 5.051692962646484
-0.447176456451416 0.04719725623726845 0.8931996822357178 34.98057174682617 0.016545448452234268 0.9988723993301392 -0.04449767246842384 0.7431948184967041 -0.8942926526069641 -0.00511992396786809 -0.4474531412124634 4.672393321990967
-0.4649178981781006 0.04597501456737518 0.8841592669487 35.699737548828125 0.024168433621525764 0.9989376068115234 -0.03923483192920685 0.6946296691894531 -0.8850237727165222 0.0031277684029191732 -0.4655351936817169 4.276676177978516
-0.47834306955337524 0.046428900212049484 0.876944899559021 36.40175247192383 0.026535512879490852 0.9989095330238342 -0.03841198980808258 0.6463085412979126 -0.8777720332145691 0.004896070342510939 -0.47905346751213074 3.881807804107666
-0.48917192220687866 0.050768882036209106 0.8707084655761719 37.10031509399414 0.030977968126535416 0.998685896396637 -0.04082722216844559 0.5952305793762207 -0.8716370463371277 0.007001250982284546 -0.4901018440723419 3.4771652221679688
-0.49909842014312744 0.053050313144922256 0.8649198412895203 37.78770446777344 0.03152015805244446 0.9985750913619995 -0.043059542775154114 0.5482685565948486 -0.8659718632698059 0.005771460011601448 -0.5000594854354858 3.074436902999878
-0.5098349452018738 0.05246962234377861 0.8586705923080444 38.48785400390625 0.025832071900367737 0.9986220002174377 -0.04568365961313248 0.49385499954223633 -0.8598843216896057 -0.0011098867980763316 -0.5104876756668091 2.6693172454833984
-0.5208045244216919 0.05096111074090004 0.8521534204483032 39.17392349243164 0.02537284791469574 0.9986996054649353 -0.0442180335521698 0.44337934255599976 -0.8532987236976624 -0.001407393952831626 -0.5214203596115112 2.253504753112793
-0.5296221971511841 0.05229194089770317 0.8466202616691589 39.84281539916992 0.02754330076277256 0.9986317157745361 -0.04445069283246994 0.3965480923652649 -0.8477863669395447 -0.00022335915127769113 -0.5303378701210022 1.8312668800354004
-0.5368925929069519 0.05522577464580536 0.8418411612510681 40.53326416015625 0.02980913035571575 0.9984738826751709 -0.04649000242352486 0.3548385798931122 -0.843123733997345 0.0001344135671388358 -0.5377196073532104 1.3881102800369263
-0.5402371883392334 0.05827413499355316 0.8394927382469177 41.2237434387207 0.03161675110459328 0.9983006119728088 -0.04895167052745819 0.3059813678264618 -0.8409186601638794 9.651776781538501e-05 -0.5411615967750549 0.9410267472267151
-0.5403525829315186 0.06006140261888504 0.8392923474311829 41.9339485168457 0.03046245686709881 0.9981917142868042 -0.05182022973895073 0.2598187029361725 -0.8408870100975037 -0.002434292109683156 -0.5412051677703857 0.49660441279411316
-0.536906898021698 0.060614340007305145 0.8414612412452698 42.638851165771484 0.0331961028277874 0.9981610178947449 -0.05072088539600372 0.2069014459848404 -0.842988133430481 0.0007008358370512724 -0.5379317998886108 0.041063230484724045
-0.5308655500411987 0.05935364216566086 0.8453750014305115 43.38145446777344 0.030471498146653175 0.9982361793518066 -0.05095097795128822 0.1552145630121231 -0.8469080328941345 -0.0012882755836471915 -0.5317378044128418 -0.42652082443237305
-0.5239797234535217 0.05825240910053253 0.8497363924980164 44.143653869628906 0.028538057580590248 0.9982990026473999 -0.050839249044656754 0.10442351549863815 -0.8512524962425232 -0.0023889068979769945 -0.524750828742981 -0.8862358331680298
-0.5168660283088684 0.05768933519721031 0.8541202545166016 44.92079162597656 0.02671104669570923 0.9983277916908264 -0.0512654110789299 0.048161331564188004 -0.8556494116783142 -0.0036829025484621525 -0.5175427198410034 -1.3496277332305908
-0.5103991627693176 0.05622189864516258 0.8580977320671082 45.70746994018555 0.024248093366622925 0.9984046816825867 -0.050991855561733246 -0.010026533156633377 -0.8595956563949585 -0.005218968261033297 -0.510948121547699 -1.8140608072280884
-0.506550669670105 0.05385483056306839 0.8605266213417053 46.508026123046875 0.019504988566040993 0.9985077977180481 -0.05100852623581886 -0.06342366337776184 -0.861989438533783 -0.009053841233253479 -0.5068451762199402 -2.2657384872436523
-0.5047601461410522 0.05101124197244644 0.8617511987686157 47.333377838134766 0.015062595717608929 0.9986211061477661 -0.050290513783693314 -0.11953684687614441 -0.8631281852722168 -0.012404435314238071 -0.5048324465751648 -2.744257926940918
-0.5053257942199707 0.04836001619696617 0.8615725040435791 48.16947555541992 0.012732706032693386 0.9987375736236572 -0.04859115555882454 -0.18716756999492645 -0.8628346920013428 -0.013584215193986893 -0.5053036212921143 -3.219017505645752
-0.5063512921333313 0.04723966494202614 0.8610324859619141 49.01192855834961 0.011755111627280712 0.9987836480140686 -0.04788437858223915 -0.24620163440704346 -0.8622471690177917 -0.014124779962003231 -0.5062907934188843 -3.70632004737854
-0.5067341327667236 0.04646141827106476 0.8608494997024536 49.876747131347656 0.011350010521709919 0.9988197088241577 -0.04722677171230316 -0.30342382192611694 -0.8620277047157288 -0.014160766266286373 -0.5066633820533752 -4.212713718414307
-0.506928563117981 0.04606422781944275 0.8607563376426697 50.74337387084961 0.01133439876139164 0.9988409876823425 -0.04677874967455864 -0.36014214158058167 -0.8619136214256287 -0.013957327231764793 -0.5068631768226624 -4.718570709228516
-0.5071064233779907 0.04501054435968399 0.8607073426246643 51.61841583251953 0.011490426026284695 0.9988997578620911 -0.04546742141246796 -0.4205160439014435 -0.8618068695068359 -0.013166931457817554 -0.5070656538009644 -5.227901458740234
-0.5071213245391846 0.04490138962864876 0.8607041835784912 52.504798889160156 0.011599269695580006 0.9989070892333984 -0.04527697339653969 -0.4810319244861603 -0.8617966175079346 -0.012977381236851215 -0.5070879459381104 -5.746142864227295
-0.507223904132843 0.04333099350333214 0.8607242703437805 53.400413513183594 0.009496337734162807 0.9989555478096008 -0.0446937195956707 -0.5388641357421875 -0.8617620468139648 -0.014495993964374065 -0.5071056485176086 -6.271539211273193
-0.5075309872627258 0.04234863817691803 0.8605920672416687 54.28009796142578 0.008294564671814442 0.9989852905273438 -0.04426709562540054 -0.6007417440414429 -0.8615935444831848 -0.015328692272305489 -0.5073673129081726 -6.775412082672119
-0.5067890286445618 0.04156932979822159 0.8610672354698181 55.16608428955078 0.007290729787200689 0.9990076422691345 -0.04393758624792099 -0.6653223633766174 -0.8620392680168152 -0.0159892775118351 -0.5065891742706299 -7.289853096008301
-0.5056056380271912 0.040105223655700684 0.8618320822715759 56.051761627197266 0.0070915743708610535 0.9990784525871277 -0.04233160242438316 -0.7246817946434021 -0.8627355694770813 -0.015291349031031132 -0.5054240822792053 -7.810702800750732
-0.5032418966293335 0.038017094135284424 0.8633089661598206 56.9376106262207 0.007102952804416418 0.9991800785064697 -0.03985991328954697 -0.7846459150314331 -0.8641164898872375 -0.013927130959928036 -0.5030992031097412 -8.326854705810547
-0.5008804798126221 0.03659158572554588 0.8647425770759583 57.819515228271484 0.007930012419819832 0.9992579221725464 -0.03769035264849663 -0.8461050987243652 -0.8654801249504089 -0.012020938098430634 -0.5007990002632141 -8.833847999572754
-0.498386025428772 0.03651151806116104 0.8661860823631287 58.7052001953125 0.00836161244660616 0.9992687106132507 -0.037310127168893814 -0.9019889831542969 -0.8669148683547974 -0.011352128349244595 -0.4983269274234772 -9.338189125061035
-0.49660420417785645 0.03670018911361694 0.8672009110450745 59.590736389160156 0.008171712048351765 0.9992590546607971 -0.037609390914440155 -0.9600526094436646 -0.8679386377334595 -0.011590460315346718 -0.49653616547584534 -9.83753490447998
-0.49537885189056396 0.037269964814186096 0.8678771257400513 60.46941375732422 0.008161474019289017 0.9992347955703735 -0.038252443075180054 -1.014201283454895 -0.8686386346817017 -0.011866294778883457 -0.4953039884567261 -10.341865539550781
-0.4963127076625824 0.03881889209151268 0.8672755360603333 61.344966888427734 0.007892894558608532 0.9991603493690491 -0.04020516201853752 -1.0724343061447144 -0.8681079745292664 -0.01310901902616024 -0.49620234966278076 -10.836396217346191
-0.4993952214717865 0.04049461707472801 0.8654273748397827 62.215972900390625 0.006243398878723383 0.9990493655204773 -0.04314422607421875 -1.13261079788208 -0.866351842880249 -0.01614280976355076 -0.49917328357696533 -11.328130722045898
-0.5036689043045044 0.04089915752410889 0.8629280924797058 63.092533111572266 0.004989583045244217 0.9989997148513794 -0.04443608969449997 -1.193752408027649 -0.8638823628425598 -0.018075428903102875 -0.5033692121505737 -11.84169864654541
-0.5095388293266296 0.0394650474190712 0.8595421314239502 63.95620346069336 0.006777782924473286 0.9991006851196289 -0.0418548621237278 -1.2566097974777222 -0.8604209423065186 -0.015500888228416443 -0.5093480944633484 -12.344698905944824
-0.5148102045059204 0.036934200674295425 0.8565082550048828 64.8115005493164 0.007883785292506218 0.9992333054542542 -0.03835016489028931 -1.3191958665847778 -0.8572679758071899 -0.012990528717637062 -0.5147067308425903 -12.860605239868164
-0.5200129151344299 0.0345512218773365 0.8534592986106873 65.6785888671875 0.0050057885237038136 0.9992876648902893 -0.037404865026474 -1.3753646612167358 -0.8541436791419983 -0.015178781002759933 -0.5198156237602234 -13.377827644348145
-0.5249853730201721 0.03786132112145424 0.8502687215805054 66.5242919921875 0.007519163191318512 0.9991774559020996 -0.039849430322647095 -1.4339768886566162 -0.8510780334472656 -0.014527062885463238 -0.5248383283615112 -13.896644592285156
-0.5302030444145203 0.03971755877137184 0.8469399213790894 67.36429595947266 0.007748058531433344 0.9990874528884888 -0.0420021191239357 -1.4845930337905884 -0.8478353023529053 -0.015707511454820633 -0.5300269722938538 -14.415407180786133
-0.5351294279098511 0.04066694155335426 0.8437906503677368 68.18913269042969 0.00649431673809886 0.9990091323852539 -0.044029105454683304 -1.5416595935821533 -0.8447451591491699 -0.018081428483128548 -0.534863293170929 -14.926090240478516
-0.5384071469306946 0.04073365405201912 0.8416998982429504 68.9974365234375 0.005423835478723049 0.9989778399467468 -0.0448756068944931 -1.6043823957443237 -0.8426674008369446 -0.01959610916674137 -0.5380778312683105 -15.449007987976074
-0.5416306257247925 0.0402880534529686 0.8396506309509277 69.81429290771484 0.006753501482307911 0.9990271329879761 -0.043578796088695526 -1.6634714603424072 -0.8405895233154297 -0.017933029681444168 -0.5413758754730225 -15.972898483276367
-0.5435444116592407 0.03340144455432892 0.8387156128883362 70.6357192993164 0.007023470941931009 0.9993539452552795 -0.035247113555669785 -1.7106059789657593 -0.8393510580062866 -0.01326767634600401 -0.5434278845787048 -16.507171630859375
-0.5462998747825623 0.023924753069877625 0.8372477889060974 71.44955444335938 0.00548404548317194 0.9996727108955383 -0.02498781308531761 -1.768509030342102 -0.8375717401504517 -0.00905933603644371 -0.546252429485321 -17.0324764251709
-0.5482380390167236 0.022680453956127167 0.8360146880149841 72.26527404785156 0.006568769458681345 0.9997181296348572 -0.022813966497778893 -1.8104510307312012 -0.836296558380127 -0.007015896029770374 -0.5482324957847595 -17.55962562561035
-0.5488423109054565 0.0276409350335598 0.8354687690734863 73.05558776855469 0.007278128992766142 0.999573290348053 -0.028289029374718666 -1.8556170463562012 -0.8358942270278931 -0.00944556575268507 -0.5488094091415405 -18.080974578857422
-0.550822377204895 0.033374592661857605 0.833954930305481 73.85423278808594 0.008528348989784718 0.9993730187416077 -0.03436164930462837 -1.9035700559616089 -0.8345788717269897 -0.011814909055829048 -0.5507617592811584 -18.589391708374023
-0.5505555272102356 0.037308309227228165 0.833964467048645 74.63131713867188 0.014079187996685505 0.9992737174034119 -0.03540898859500885 -1.9475151300430298 -0.8346798419952393 -0.007753073237836361 -0.550680935382843 -19.12308120727539
-0.5503286123275757 0.03885729983448982 0.834043562412262 75.42192077636719 0.01772167719900608 0.9992350339889526 -0.034860096871852875 -1.998113989830017 -0.8347600102424622 -0.004403856582939625 -0.550596296787262 -19.65632438659668
-0.5498743057250977 0.03550748527050018 0.8344923853874207 76.2264175415039 0.01602671854197979 0.9993606209754944 -0.031962063163518906 -2.0399208068847656 -0.8350936770439148 -0.004200940951704979 -0.5500917434692383 -20.17955207824707
-0.5494204759597778 0.03057248331606388 0.8349865078926086 77.01536560058594 0.014019684866070747 0.9995269775390625 -0.027372082695364952 -2.0776565074920654 -0.8354283571243286 -0.003332538763061166 -0.5495892763137817 -20.692623138427734
-0.5490288734436035 0.023350760340690613 0.8354770541191101 77.79693603515625 0.01108879130333662 0.9997251629829407 -0.02065439522266388 -2.126534938812256 -0.8357298374176025 -0.0020754318684339523 -0.5491369366645813 -21.17814826965332
-0.5483712553977966 0.018314220011234283 0.8360344171524048 78.61813354492188 0.003548207227140665 0.9998021125793457 -0.01957438699901104 -2.1639018058776855 -0.8362274765968323 -0.007767606060951948 -0.5483276844024658 -21.71397590637207
-0.5467100143432617 0.012991839088499546 0.8372212052345276 79.41484832763672 -0.004231332801282406 0.999824047088623 -0.018278159201145172 -2.1924986839294434 -0.837311327457428 -0.013535412959754467 -0.5465587973594666 -22.217748641967773
-0.5444496273994446 0.014282220974564552 0.8386720418930054 80.19595336914062 -0.0005185642512515187 0.9998490810394287 -0.017363639548420906 -2.225823163986206 -0.8387935161590576 -0.009888531640172005 -0.5443600416183472 -22.730436325073242
-0.5416999459266663 0.017099877819418907 0.8403979539871216 80.97806549072266 0.003922818228602409 0.9998335838317871 -0.017815422266721725 -2.2716476917266846 -0.8405627608299255 -0.006353883538395166 -0.541676938533783 -23.225521087646484
-0.5362734198570251 0.020375553518533707 0.8437983393669128 81.78492736816406 0.005479756742715836 0.9997715353965759 -0.02065926603972912 -2.2935216426849365 -0.8440265655517578 -0.006455202586948872 -0.536262571811676 -23.744632720947266
-0.5283414721488953 0.02297573909163475 0.8487209677696228 82.57051086425781 0.010638188570737839 0.9997344017028809 -0.020441394299268723 -2.3255674839019775 -0.8489653468132019 -0.0017711811233311892 -0.5284456610679626 -24.240034103393555
-0.5203067660331726 0.026475366204977036 0.853568971157074 83.36491394042969 0.01848764717578888 0.9996342062950134 -0.01973647065460682 -2.3640201091766357 -0.8537793159484863 0.0055114650167524815 -0.5206059217453003 -24.726716995239258
-0.5100032687187195 0.02543853223323822 0.8597962260246277 84.17423248291016 0.01527669932693243 0.9996727108955383 -0.020515380427241325 -2.393855571746826 -0.8600368499755859 0.0026719397865235806 -0.5102249979972839 -25.212337493896484
-0.49986696243286133 0.022304970771074295 0.8658149838447571 84.97647857666016 0.012278242968022823 0.9997504949569702 -0.0186667051166296 -2.429121971130371 -0.8660153150558472 0.0012998190941289067 -0.5000159740447998 -25.655580520629883
-0.4883754253387451 0.01910056732594967 0.8724245429039001 85.7861099243164 0.012488013133406639 0.999811053276062 -0.014898843131959438 -2.4611563682556152 -0.8725442886352539 0.0036186210345476866 -0.48852160573005676 -26.101970672607422
-0.47711455821990967 0.018023954704403877 0.878656268119812 86.6015625 0.011928449384868145 0.9998304843902588 -0.014032400213181973 -2.4962525367736816 -0.8787601590156555 0.0037859436124563217 -0.47724857926368713 -26.543825149536133
-0.4660257399082184 0.017182014882564545 0.8846043348312378 87.41120910644531 0.012281281873583794 0.9998407363891602 -0.012950289994478226 -2.5206892490386963 -0.8846859335899353 0.004828905686736107 -0.4661625027656555 -26.94613265991211
-0.4539746046066284 0.01816606894135475 0.8908293843269348 88.24665069580078 0.013437454588711262 0.9998180270195007 -0.013540750369429588 -2.5496954917907715 -0.8909133076667786 0.00582332257181406 -0.45413610339164734 -27.37238311767578
-0.44194161891937256 0.02228885516524315 0.8967668414115906 89.07367706298828 0.013623549602925777 0.9997426867485046 -0.01813437230885029 -2.5853781700134277 -0.8969403505325317 0.004202813841402531 -0.44213157892227173 -27.775970458984375
-0.4307127892971039 0.031065063551068306 0.9019542336463928 89.89961242675781 0.015245587565004826 0.999515175819397 -0.027144985273480415 -2.6183741092681885 -0.9023603200912476 0.002059130696579814 -0.43097761273384094 -28.163583755493164
-0.41778236627578735 0.036107879132032394 0.9078293442726135 90.73394775390625 0.014920941554009914 0.9993478059768677 -0.032881319522857666 -2.6504709720611572 -0.9084246158599854 -0.00019156665075570345 -0.4180487394332886 -28.547245025634766
-0.4063170254230499 0.032103948295116425 0.9131680130958557 91.57392883300781 0.011494551785290241 0.9994831085205078 -0.030023962259292603 -2.686776638031006 -0.9136598706245422 -0.0017027894500643015 -0.4064760208129883 -28.915515899658203
-0.3949010670185089 0.028390729799866676 0.9182848930358887 92.41654205322266 0.009415838867425919 0.9995949864387512 -0.02685539796948433 -2.7278876304626465 -0.9186753630638123 -0.0019588025752454996 -0.395008385181427 -29.269561767578125
-0.3848550617694855 0.02921147644519806 0.9225146174430847 93.2624282836914 0.007046638056635857 0.9995629191398621 -0.02871149592101574 -2.7740981578826904 -0.9229501485824585 -0.004549138247966766 -0.38489270210266113 -29.614072799682617
-0.3778325021266937 0.0333225391805172 0.925274133682251 94.10694122314453 0.0018128420924767852 0.9993768334388733 -0.035250984132289886 -2.818737745285034 -0.9258722066879272 -0.011641593649983406 -0.3776575028896332 -29.94873046875
-0.37291496992111206 0.038403697311878204 0.9270704984664917 94.94625854492188 -0.003524013562127948 0.9990772604942322 -0.04280410334467888 -2.863521099090576 -0.9278589487075806 -0.01922929845750332 -0.3724355101585388 -30.27035140991211
-0.36980462074279785 0.040678951889276505 0.9282186031341553 95.79303741455078 -0.005677226465195417 0.9989234805107117 -0.046039387583732605 -2.916511297225952 -0.9290922284126282 -0.022295285016298294 -0.369175523519516 -30.5957088470459
-0.3658352792263031 0.04018674045801163 0.9298116564750671 96.63277435302734 -0.007016738411039114 0.9989197850227356 -0.04593435302376747 -2.9736692905426025 -0.9306532144546509 -0.02332865074276924 -0.3651581108570099 -30.9224853515625
-0.36119505763053894 0.04034733027219772 0.9316169619560242 97.47285461425781 -0.007963938638567924 0.9988935589790344 -0.046348687261343 -3.0276365280151367 -0.932456374168396 -0.02416026033461094 -0.3604740798473358 -31.234268188476562
-0.3555871546268463 0.03540784865617752 0.933972179889679 98.31863403320312 -0.013415471650660038 0.998985767364502 -0.04298020154237747 -3.0781664848327637 -0.9345468282699585 -0.027812883257865906 -0.35475146770477295 -31.551244735717773
-0.3504289984703064 0.03164060413837433 0.9360546469688416 99.16087341308594 -0.01345814298838377 0.9991558194160461 -0.038811858743429184 -3.1311254501342773 -0.9364925622940063 -0.026198361068964005 -0.34970739483833313 -31.8564453125
-0.34456318616867065 0.029011117294430733 0.9383147358894348 100.01603698730469 -0.01462050061672926 0.9992353320121765 -0.03626354783773422 -3.1825950145721436 -0.9386492967605591 -0.026213714852929115 -0.34387555718421936 -32.16324996948242
-0.33899930119514465 0.02713399939239025 0.940395176410675 100.86418151855469 -0.023214904591441154 0.9990384578704834 -0.03719472512602806 -3.230327844619751 -0.9405001997947693 -0.03444017469882965 -0.33804336190223694 -32.44625473022461
-0.3328520357608795 0.02752750925719738 0.9425771832466125 101.71824645996094 -0.030152518302202225 0.9987521171569824 -0.03981581702828407 -3.277833938598633 -0.9424968957901001 -0.041673850268125534 -0.3316066265106201 -32.73026657104492
-0.32590925693511963 0.03137911856174469 0.9448801279067993 102.56419372558594 -0.027302898466587067 0.9987198710441589 -0.04258446767926216 -3.3333067893981934 -0.9450067281723022 -0.039676640182733536 -0.32463526725769043 -33.021934509277344
-0.31895479559898376 0.03494417294859886 0.9471254944801331 103.40646362304688 -0.02613522857427597 0.9986158609390259 -0.045645229518413544 -3.380185604095459 -0.9474095106124878 -0.03931210935115814 -0.3176000118255615 -33.2993049621582
-0.3122051954269409 0.03276669606566429 0.949449360370636 104.25917053222656 -0.02758200652897358 0.9986711144447327 -0.043535128235816956 -3.433661937713623 -0.9496142268180847 -0.03977961093187332 -0.31088653206825256 -33.57552719116211
-0.3058328926563263 0.028258584439754486 0.9516657590866089 105.1124267578125 -0.027731940150260925 0.998870849609375 -0.03857238590717316 -3.4796228408813477 -0.9516812562942505 -0.03818824142217636 -0.3047039210796356 -33.83517074584961
-0.298909991979599 0.02565484680235386 0.9539363980293274 105.96939849853516 -0.028662744909524918 0.9989460706710815 -0.035846613347530365 -3.5315048694610596 -0.9538507461547852 -0.038057345896959305 -0.2978596091270447 -34.09385681152344
-0.29219719767570496 0.028825020417571068 0.9559236168861389 106.83216094970703 -0.031011559069156647 0.9987344741821289 -0.03959525004029274 -3.5760984420776367 -0.9558550715446472 -0.04121430963277817 -0.2909334897994995 -34.35065841674805
-0.28591132164001465 0.03163469210267067 0.9577337503433228 107.68584442138672 -0.030585158616304398 0.9986444711685181 -0.04211656004190445 -3.6265392303466797 -0.9577678442001343 -0.04133403301239014 -0.28455618023872375 -34.597652435302734
-0.279035359621048 0.03183498606085777 0.9597529768943787 108.54198455810547 -0.03277101367712021 0.9985525012016296 -0.04264969751238823 -3.6769309043884277 -0.9597214460372925 -0.043352849781513214 -0.2775881886482239 -34.8358268737793
-0.27222079038619995 0.03132222965359688 0.9617248773574829 109.40643310546875 -0.03306290879845619 0.9985753893852234 -0.041881013661623 -3.7325873374938965 -0.9616667628288269 -0.04319830983877182 -0.27079737186431885 -35.076351165771484
-0.26391837000846863 0.031202586367726326 0.964040219783783 110.2663345336914 -0.029169606044888496 0.9987612962722778 -0.040311940014362335 -3.7833251953125 -0.9641038179397583 -0.0387597382068634 -0.2626812756061554 -35.31303024291992
-0.25663718581199646 0.03244175761938095 0.9659631848335266 111.12407684326172 -0.0264509879052639 0.9988264441490173 -0.040572963654994965 -3.833219051361084 -0.9661458134651184 -0.03596321493387222 -0.2554778754711151 -35.53621292114258
-0.24970059096813202 0.033087149262428284 0.9677576422691345 111.98433685302734 -0.02481338195502758 0.9988691806793213 -0.04055318608880043 -3.881809949874878 -0.9680051207542419 -0.034139491617679596 -0.24859723448753357 -35.757118225097656
-0.2432028204202652 0.03188096359372139 0.9694514274597168 112.853271484375 -0.030919289216399193 0.99869704246521 -0.04059933125972748 -3.9301674365997314 -0.9694824814796448 -0.03984862565994263 -0.24190019071102142 -35.957054138183594
-0.23725315928459167 0.029857324436306953 0.970988929271698 113.71964263916016 -0.03593406453728676 0.9985737800598145 -0.039485737681388855 -3.979799747467041 -0.9707829356193542 -0.044259700924158096 -0.23584188520908356 -36.15933609008789
-0.23273563385009766 0.029850328341126442 0.9720818400382996 114.59660339355469 -0.033494867384433746 0.9986898899078369 -0.03868672996759415 -4.029654502868652 -0.9719629883766174 -0.04156354069709778 -0.23143087327480316 -36.363136291503906
-0.22859513759613037 0.030071977525949478 0.9730570912361145 115.46658325195312 -0.03216932713985443 0.9987435340881348 -0.03842318430542946 -4.077920913696289 -0.9729898571968079 -0.04008594900369644 -0.22734051942825317 -36.55418014526367
-0.22332926094532013 0.03186637908220291 0.9742220640182495 116.3359375 -0.030609553679823875 0.9987432956695557 -0.03968534991145134 -4.1298699378967285 -0.9742622971534729 -0.03868341073393822 -0.22207319736480713 -36.75785827636719
-0.21719829738140106 0.030557261779904366 0.9756491184234619 117.19596862792969 -0.024382738396525383 0.999028205871582 -0.03671756014227867 -4.178661346435547 -0.975822925567627 -0.03176398575305939 -0.21624214947223663 -36.952327728271484
-0.21197842061519623 0.02965391054749489 0.9768244028091431 118.07295989990234 -0.01737331598997116 0.9992672204971313 -0.03410536050796509 -4.220561981201172 -0.9771199226379395 -0.02420027181506157 -0.21130791306495667 -37.14893341064453
-0.20687304437160492 0.02917034551501274 0.977932870388031 118.94853973388672 -0.01540471613407135 0.999334454536438 -0.033067453652620316 -4.267101287841797 -0.9782465100288391 -0.02190553955733776 -0.2062859833240509 -37.33298110961914
